,All females aged 16 to 74,1. Higher managerial administrative and professional occupations: Total,1. Higher managerial administrative and professional occupations: 1.1 Large employers and higher managerial occupations,1. Higher managerial administrative and professional occupations: 1.2 Higher professional occupations,2. Lower managerial and professional occupations,3. Intermediate occupations,4. Small employers and own account workers,5.  Lower supervisory and technical occupations,6. Semi-routine occupations,7. Routine occupations,8. Never worked and long-term unemployed: Total,8. Never worked and long-term unemployed: L14.1 Never worked,8. Never worked and long-term unemployed: L14.2 Long-term unemployed,L15 Full-time students
S92000003,2030569,124362,21313,103049,457188,373464,89479,89379,392140,210450,102667,72449,30218,191440
S01006506,348,37,3,34,110,65,23,12,42,20,11,10,1,28
S01006507,346,11,2,9,78,71,15,13,74,40,16,15,1,28
S01006508,258,25,2,23,78,66,15,10,32,12,1,1,0,19
S01006509,220,16,5,11,47,53,14,14,48,15,6,6,0,7
S01006510,229,17,3,14,63,42,8,12,45,14,10,5,5,18
S01006511,282,26,3,23,85,65,11,14,36,16,7,4,3,22
S01006512,162,26,4,22,46,33,13,6,15,8,3,2,1,12
S01006513,222,32,3,29,77,42,12,1,35,5,7,6,1,11
S01006514,360,47,7,40,133,65,20,6,28,10,16,14,2,35
S01006515,266,41,5,36,86,48,19,9,27,5,7,7,0,24
S01006516,216,34,6,28,74,28,19,4,22,3,2,2,0,30
S01006517,371,62,5,57,111,67,20,11,48,11,12,10,2,29
S01006518,239,38,3,35,82,34,20,5,28,4,5,4,1,23
S01006519,330,46,5,41,89,68,20,5,53,7,13,11,2,29
S01006520,245,42,4,38,87,45,8,3,22,3,10,6,4,25
S01006521,251,55,11,44,80,37,25,3,20,2,3,2,1,26
S01006522,210,47,5,42,78,35,8,2,17,4,3,2,1,16
S01006523,332,61,9,52,127,61,10,10,26,6,3,2,1,28
S01006524,316,35,5,30,98,55,17,4,35,8,38,34,4,26
S01006525,284,44,3,41,93,48,15,7,45,3,7,6,1,22
S01006526,366,14,3,11,63,54,8,18,72,43,16,7,9,78
S01006527,256,8,2,6,35,45,12,14,58,31,12,9,3,41
S01006528,437,14,2,12,66,62,7,27,83,42,19,16,3,117
S01006529,321,19,3,16,59,45,7,8,73,23,12,9,3,75
S01006530,319,10,1,9,50,50,12,18,79,35,18,12,6,47
S01006531,367,6,1,5,49,54,7,27,79,63,18,12,6,64
S01006532,239,29,5,24,71,60,12,6,24,9,10,7,3,18
S01006533,280,48,10,38,103,48,12,5,20,9,6,4,2,29
S01006534,330,68,12,56,109,68,13,5,35,3,8,6,2,21
S01006535,417,58,4,54,148,79,13,11,39,14,13,10,3,42
S01006536,424,65,7,58,144,73,2,12,51,9,12,7,5,56
S01006537,287,41,7,34,92,59,15,13,41,5,6,5,1,15
S01006538,215,21,7,14,84,46,7,8,23,7,5,4,1,14
S01006539,283,37,9,28,120,47,8,6,28,7,5,4,1,25
S01006540,358,63,9,54,119,73,9,7,41,12,3,2,1,31
S01006541,269,38,6,32,84,78,8,9,30,5,3,1,2,14
S01006542,366,58,10,48,114,87,15,7,36,11,9,9,0,29
S01006543,281,32,3,29,98,72,15,3,31,9,6,5,1,15
S01006544,365,80,5,75,116,70,16,7,33,6,11,10,1,26
S01006545,366,49,9,40,133,76,21,10,37,11,9,7,2,20
S01006546,238,35,5,30,81,49,8,2,27,9,7,6,1,20
S01006547,341,35,5,30,93,73,16,11,53,23,16,9,7,21
S01006548,269,42,8,34,91,65,7,5,34,3,3,2,1,19
S01006549,300,47,8,39,100,55,16,5,39,12,6,4,2,20
S01006550,338,50,5,45,100,90,12,8,31,8,10,9,1,29
S01006551,242,15,3,12,47,58,12,12,50,28,5,5,0,15
S01006552,359,46,10,36,116,84,16,9,43,14,4,2,2,27
S01006553,287,27,2,25,78,61,14,12,47,26,6,4,2,16
S01006554,261,19,0,19,65,59,8,12,51,22,13,6,7,12
S01006555,321,18,2,16,69,59,8,8,68,56,14,11,3,21
S01006556,290,11,2,9,61,53,13,16,63,41,12,8,4,20
S01006557,272,9,3,6,46,58,7,12,68,44,9,8,1,19
S01006558,244,54,3,51,90,38,3,9,19,8,1,1,0,22
S01006559,227,57,6,51,75,29,9,4,10,4,10,8,2,29
S01006560,355,93,13,80,118,52,18,5,20,10,7,7,0,32
S01006561,286,49,9,40,101,51,14,5,27,6,3,2,1,30
S01006562,264,34,4,30,83,56,10,7,31,13,10,9,1,20
S01006563,299,59,4,55,86,57,5,9,35,15,11,8,3,22
S01006564,410,47,3,44,104,46,11,22,64,32,18,15,3,66
S01006565,444,36,2,34,82,53,5,19,56,26,6,6,0,161
S01006566,336,48,4,44,111,52,5,11,35,9,7,6,1,58
S01006567,354,33,0,33,77,49,3,17,39,26,14,9,5,96
S01006568,422,89,8,81,132,47,8,13,32,16,12,4,8,73
S01006569,241,40,4,36,67,32,8,7,23,15,8,7,1,41
S01006570,305,57,9,48,102,49,10,5,24,11,9,6,3,38
S01006571,344,74,10,64,109,54,12,9,22,12,11,8,3,41
S01006572,324,81,12,69,96,66,9,5,28,5,4,4,0,30
S01006573,268,76,10,66,81,42,10,6,14,4,4,2,2,31
S01006574,356,70,12,58,129,50,22,6,29,7,10,8,2,33
S01006575,331,56,7,49,112,58,23,8,30,7,10,7,3,27
S01006576,265,62,6,56,86,33,11,9,23,9,6,4,2,26
S01006577,323,46,4,42,110,60,13,12,28,7,9,5,4,38
S01006578,448,62,1,61,118,66,6,17,53,18,15,9,6,93
S01006579,398,61,11,50,106,80,7,17,38,8,6,5,1,75
S01006580,288,54,5,49,98,55,7,4,20,10,5,5,0,35
S01006581,328,60,12,48,112,61,14,6,42,7,6,3,3,20
S01006582,333,48,5,43,78,49,11,8,39,16,7,3,4,77
S01006583,319,48,3,45,58,38,3,8,25,13,6,3,3,120
S01006584,283,34,3,31,76,33,3,9,25,8,2,2,0,93
S01006585,321,20,2,18,54,58,10,16,37,33,12,7,5,81
S01006586,424,38,4,34,90,53,10,25,58,32,10,7,3,108
S01006587,233,13,1,12,46,34,4,10,40,13,8,3,5,65
S01006588,252,20,0,20,51,34,2,7,28,17,5,4,1,88
S01006589,255,18,0,18,36,31,6,10,27,27,7,5,2,93
S01006590,270,30,2,28,57,43,16,14,33,11,19,16,3,47
S01006591,317,36,7,29,90,59,15,5,44,10,10,7,3,48
S01006592,244,35,6,29,78,46,10,9,23,5,5,5,0,33
S01006593,282,51,3,48,94,38,10,8,16,14,10,10,0,41
S01006594,226,21,2,19,59,56,10,4,27,12,1,1,0,36
S01006595,403,64,8,56,128,75,4,12,43,10,15,11,4,52
S01006596,274,65,6,59,72,41,15,14,26,7,8,5,3,26
S01006597,218,32,3,29,69,24,6,6,24,9,4,4,0,44
S01006598,368,73,8,65,112,71,17,11,36,9,5,3,2,34
S01006599,318,27,3,24,65,62,12,17,51,22,8,5,3,54
S01006600,389,51,9,42,109,76,20,13,58,13,11,7,4,38
S01006601,402,54,9,45,117,80,8,11,57,17,11,7,4,47
S01006602,295,60,14,46,86,42,11,6,32,13,12,10,2,33
S01006603,330,7,3,4,53,64,7,29,76,46,29,25,4,19
S01006604,282,10,2,8,48,56,11,9,72,42,10,5,5,24
S01006605,289,9,1,8,44,51,7,17,77,47,21,9,12,16
S01006606,299,17,4,13,80,55,14,13,64,22,11,10,1,23
S01006607,362,15,4,11,56,93,11,15,79,59,14,10,4,20
S01006608,277,16,3,13,69,73,18,10,40,16,10,4,6,25
S01006609,408,7,1,6,58,97,8,27,101,67,12,7,5,31
S01006610,180,7,4,3,26,40,7,14,41,24,10,9,1,11
S01006611,355,6,2,4,57,66,12,21,104,49,18,10,8,22
S01006612,335,12,0,12,81,68,10,13,73,45,3,3,0,30
S01006613,246,19,3,16,68,82,8,5,39,10,1,0,1,14
S01006614,240,26,2,24,75,62,5,7,37,14,3,2,1,11
S01006615,277,30,6,24,63,77,9,11,53,15,1,0,1,18
S01006616,329,18,2,16,79,88,16,9,66,16,6,3,3,31
S01006617,261,14,4,10,48,69,12,19,55,28,5,3,2,11
S01006618,227,19,7,12,61,55,7,11,49,13,2,2,0,10
S01006619,369,19,0,19,78,86,21,17,81,33,5,4,1,29
S01006620,367,11,3,8,88,94,13,27,80,33,3,2,1,18
S01006621,218,8,2,6,47,55,8,10,54,20,5,4,1,11
S01006622,276,20,4,16,77,78,11,15,49,14,1,1,0,11
S01006623,265,11,2,9,45,60,10,18,63,30,9,8,1,19
S01006624,329,22,2,20,53,57,10,22,62,44,18,15,3,41
S01006625,253,10,1,9,41,45,5,12,66,51,8,5,3,15
S01006626,291,7,3,4,30,47,10,15,82,66,13,9,4,21
S01006627,362,17,3,14,74,61,6,25,66,76,14,8,6,23
S01006628,399,27,3,24,59,59,11,34,80,71,13,9,4,45
S01006629,291,1,0,1,30,36,3,18,72,72,26,15,11,33
S01006630,245,1,1,0,24,39,7,14,64,66,17,15,2,13
S01006631,359,15,3,12,48,54,12,25,88,74,25,20,5,18
S01006632,331,12,1,11,41,38,6,20,82,74,27,20,7,31
S01006633,261,3,0,3,15,32,5,20,67,64,29,25,4,26
S01006634,228,7,3,4,21,26,2,13,51,68,26,18,8,14
S01006635,244,7,0,7,30,42,7,14,62,53,11,7,4,18
S01006636,325,2,0,2,25,35,10,22,100,76,25,17,8,30
S01006637,264,22,2,20,42,41,7,18,48,27,12,9,3,47
S01006638,356,23,0,23,69,51,6,13,57,26,12,8,4,99
S01006639,376,22,7,15,63,45,8,15,55,39,12,8,4,117
S01006640,298,25,3,22,61,33,3,16,21,9,7,6,1,123
S01006641,416,30,1,29,80,62,3,18,53,22,16,15,1,132
S01006642,630,23,2,21,58,42,8,11,38,14,5,4,1,431
S01006643,365,25,1,24,67,37,4,8,24,12,8,6,2,180
S01006644,444,32,3,29,60,52,7,14,52,34,10,9,1,183
S01006645,283,12,1,11,41,33,5,17,65,45,13,9,4,52
S01006646,431,15,0,15,40,27,2,12,27,19,1,1,0,288
S01006647,270,13,1,12,41,40,7,15,51,33,15,12,3,55
S01006648,916,22,1,21,91,62,11,18,73,36,12,5,7,591
S01006649,416,27,0,27,66,72,4,18,49,32,21,14,7,127
S01006650,345,18,1,17,64,34,8,11,43,23,12,11,1,132
S01006651,226,14,0,14,32,32,2,4,39,18,11,6,5,74
S01006652,219,17,1,16,45,32,3,9,14,11,8,5,3,80
S01006653,237,42,2,40,64,33,5,7,18,6,4,4,0,58
S01006654,372,27,2,25,63,67,4,18,70,56,18,10,8,49
S01006655,290,51,8,43,65,44,9,13,29,18,16,13,3,45
S01006656,414,40,2,38,92,60,8,15,49,26,25,14,11,99
S01006657,222,19,1,18,37,38,2,9,35,19,3,1,2,60
S01006658,389,20,0,20,48,35,7,13,52,48,25,16,9,141
S01006659,278,19,0,19,47,29,4,6,27,8,5,3,2,133
S01006660,190,5,0,5,26,15,5,9,23,22,11,10,1,74
S01006661,278,16,0,16,44,40,5,10,29,14,1,1,0,119
S01006662,358,8,2,6,32,31,10,7,38,28,17,14,3,187
S01006663,252,19,1,18,29,18,6,5,8,8,7,7,0,152
S01006664,225,17,3,14,36,9,2,4,25,11,5,3,2,116
S01006665,335,19,1,18,36,21,7,6,19,15,9,9,0,203
S01006666,307,5,0,5,29,38,5,21,82,66,28,19,9,33
S01006667,277,7,1,6,36,33,5,15,50,56,27,18,9,48
S01006668,438,24,2,22,54,41,3,10,34,12,8,6,2,252
S01006669,519,19,0,19,37,37,9,12,54,45,9,8,1,297
S01006670,477,15,3,12,61,47,4,8,30,22,7,6,1,283
S01006671,1289,21,3,18,30,28,5,6,31,10,14,12,2,1144
S01006672,337,17,0,17,39,35,7,13,63,45,18,12,6,100
S01006673,365,20,1,19,43,32,12,21,47,41,10,3,7,139
S01006674,337,11,0,11,40,55,15,25,64,66,27,18,9,34
S01006675,264,5,1,4,26,20,5,24,63,66,22,14,8,33
S01006676,276,10,0,10,24,30,8,17,71,66,19,13,6,31
S01006677,283,7,2,5,41,41,5,14,69,45,15,9,6,46
S01006678,434,6,0,6,53,50,10,28,108,107,28,19,9,44
S01006679,284,12,1,11,69,63,4,18,58,32,0,0,0,28
S01006680,306,3,1,2,25,28,9,24,81,90,25,17,8,21
S01006681,283,13,2,11,60,47,4,24,56,42,12,5,7,25
S01006682,310,1,0,1,44,28,11,19,63,64,30,17,13,50
S01006683,326,9,0,9,46,37,3,17,73,57,18,10,8,66
S01006684,254,11,3,8,33,38,13,10,65,45,7,5,2,32
S01006685,301,8,2,6,55,52,5,17,54,55,18,7,11,37
S01006686,237,12,3,9,37,40,8,12,68,32,7,4,3,21
S01006687,347,13,0,13,60,64,4,26,81,52,10,8,2,37
S01006688,350,18,4,14,71,81,19,14,80,31,6,4,2,30
S01006689,256,37,5,32,68,46,8,6,26,11,4,2,2,50
S01006690,234,21,0,21,65,34,2,14,31,16,9,5,4,42
S01006691,226,25,2,23,52,36,7,10,25,7,5,4,1,59
S01006692,292,32,7,25,85,42,7,10,48,21,5,4,1,42
S01006693,388,35,7,28,79,76,12,13,53,45,27,17,10,48
S01006694,298,9,3,6,41,63,5,17,80,60,11,7,4,12
S01006695,278,15,3,12,46,50,11,19,68,43,11,9,2,15
S01006696,322,13,2,11,47,60,8,15,65,48,13,10,3,53
S01006697,370,13,0,13,62,79,9,18,83,61,8,7,1,37
S01006698,262,7,0,7,49,44,2,7,53,50,10,8,2,40
S01006699,192,18,1,17,39,36,2,6,34,31,4,3,1,22
S01006700,346,29,3,26,77,63,11,8,52,46,10,6,4,50
S01006701,270,6,1,5,40,39,7,22,78,43,26,15,11,9
S01006702,294,3,2,1,44,59,11,11,80,55,16,6,10,15
S01006703,256,5,1,4,40,44,7,16,76,42,11,8,3,15
S01006704,227,0,0,0,34,49,6,11,48,44,20,14,6,15
S01006705,284,4,1,3,37,49,8,15,81,60,8,7,1,22
S01006706,231,5,2,3,47,49,6,20,47,27,13,9,4,17
S01006707,271,6,0,6,42,46,4,18,70,49,17,11,6,19
S01006708,294,8,2,6,62,61,7,18,75,36,6,6,0,21
S01006709,317,6,2,4,39,65,13,13,85,56,18,13,5,22
S01006710,343,8,1,7,58,85,8,26,78,54,15,8,7,11
S01006711,369,5,0,5,67,85,16,23,80,62,13,7,6,18
S01006712,195,9,3,6,41,49,2,8,38,36,3,3,0,9
S01006713,350,8,2,6,48,79,10,21,76,75,15,14,1,18
S01006714,253,10,2,8,40,55,3,14,64,40,17,16,1,10
S01006715,218,4,0,4,24,17,4,14,49,57,18,14,4,31
S01006716,252,8,0,8,33,34,4,18,71,52,12,10,2,20
S01006717,384,12,6,6,53,69,8,25,120,59,21,15,6,17
S01006718,240,3,1,2,30,42,9,16,58,51,9,6,3,22
S01006719,366,10,2,8,63,58,14,18,85,70,17,14,3,31
S01006720,222,3,1,2,34,43,6,11,57,45,9,4,5,14
S01006721,352,14,3,11,40,61,7,23,85,65,27,16,11,30
S01006722,299,10,3,7,43,47,4,15,86,51,22,13,9,21
S01006723,259,8,1,7,48,45,9,17,55,49,15,13,2,13
S01006724,375,7,0,7,26,45,10,16,87,105,42,29,13,37
S01006725,267,7,1,6,24,39,8,20,83,57,10,8,2,19
S01006726,505,8,0,8,48,47,13,36,116,122,55,36,19,60
S01006727,357,4,1,3,35,44,6,24,87,79,36,29,7,42
S01006728,311,13,4,9,47,57,4,12,81,58,17,9,8,22
S01006729,310,4,0,4,39,37,5,17,69,86,36,27,9,17
S01006730,272,8,2,6,51,53,1,18,73,43,8,6,2,17
S01006731,234,3,1,2,36,46,4,18,48,51,14,9,5,14
S01006732,402,47,7,40,98,77,15,12,41,17,11,8,3,84
S01006733,319,49,6,43,96,83,10,5,33,11,8,7,1,24
S01006734,355,53,6,47,99,93,15,9,33,16,14,10,4,23
S01006735,229,32,4,28,72,53,14,6,20,8,2,1,1,22
S01006736,398,57,8,49,128,86,19,15,47,18,10,5,5,18
S01006737,251,23,5,18,72,56,15,10,42,12,10,9,1,11
S01006738,306,11,2,9,79,84,10,11,59,26,12,6,6,14
S01006739,245,18,1,17,67,62,12,12,31,18,7,1,6,18
S01006740,273,11,2,9,61,47,6,13,67,47,6,2,4,15
S01006741,260,7,1,6,48,56,4,11,76,41,5,3,2,12
S01006742,169,6,1,5,33,35,6,14,48,20,3,2,1,4
S01006743,217,6,1,5,51,56,13,8,41,22,1,1,0,19
S01006744,251,18,4,14,57,50,7,17,58,27,6,4,2,11
S01006745,312,9,0,9,56,60,7,18,86,47,10,9,1,19
S01006746,312,6,2,4,61,68,13,19,79,27,15,10,5,24
S01006747,326,27,5,22,82,77,11,13,67,26,4,4,0,19
S01006748,334,17,6,11,80,85,15,24,70,25,10,10,0,8
S01006749,356,14,4,10,68,82,8,24,99,42,12,7,5,7
S01006750,263,5,0,5,44,49,14,16,68,36,6,6,0,25
S01006751,196,9,0,9,38,33,11,20,45,25,6,5,1,9
S01006752,279,5,0,5,59,58,7,19,64,49,6,4,2,12
S01006753,348,24,4,20,88,84,16,13,58,36,3,3,0,26
S01006754,380,32,2,30,97,107,10,20,61,28,9,3,6,16
S01006755,271,27,2,25,76,59,23,8,31,14,3,2,1,30
S01006756,250,59,11,48,66,51,8,4,27,5,7,7,0,23
S01006757,322,15,1,14,101,88,11,10,45,11,14,12,2,27
S01006758,285,26,3,23,82,69,6,13,60,11,1,0,1,17
S01006759,250,11,2,9,56,69,5,13,49,24,4,4,0,19
S01006760,212,11,2,9,59,63,6,6,29,11,2,1,1,25
S01006761,299,14,1,13,76,77,10,6,80,20,3,1,2,13
S01006762,305,19,2,17,78,86,13,12,66,13,3,2,1,15
S01006763,350,27,3,24,100,87,5,15,50,16,14,14,0,36
S01006764,326,20,3,17,86,91,6,18,58,15,4,2,2,28
S01006765,240,14,5,9,65,75,4,13,45,8,4,3,1,12
S01006766,243,27,6,21,71,58,9,12,42,3,7,6,1,14
S01006767,287,15,2,13,58,73,11,14,74,17,2,1,1,23
S01006768,246,21,6,15,54,66,19,10,33,12,3,3,0,28
S01006769,374,20,4,16,81,89,10,23,84,34,5,3,2,28
S01006770,280,18,4,14,61,87,8,11,62,16,7,4,3,10
S01006771,188,17,4,13,31,50,8,4,46,5,2,2,0,25
S01006772,326,19,3,16,88,87,20,8,74,12,4,1,3,14
S01006773,255,8,2,6,71,89,8,6,43,10,2,1,1,18
S01006774,269,13,2,11,62,70,13,12,55,15,4,3,1,25
S01006775,254,18,1,17,52,70,10,9,45,29,3,2,1,18
S01006776,179,7,1,6,29,37,7,9,54,25,3,3,0,8
S01006777,272,10,1,9,73,79,11,15,59,9,0,0,0,16
S01006778,264,17,3,14,42,67,6,13,66,28,5,2,3,20
S01006779,244,8,2,6,30,54,7,11,61,37,3,1,2,33
S01006780,222,10,3,7,54,49,14,9,45,19,6,5,1,16
S01006781,278,10,2,8,60,90,10,7,53,21,3,2,1,24
S01006782,295,28,6,22,79,59,12,11,57,19,7,6,1,23
S01006783,267,10,1,9,67,64,7,6,70,25,5,4,1,13
S01006784,242,27,5,22,74,46,13,9,36,15,3,2,1,19
S01006785,259,19,4,15,62,69,8,11,49,14,3,2,1,24
S01006786,315,27,3,24,74,73,11,11,68,17,5,2,3,29
S01006787,258,18,4,14,56,64,16,12,60,15,5,5,0,12
S01006788,286,22,4,18,76,59,11,4,66,11,14,13,1,23
S01006789,232,9,1,8,54,27,31,21,60,18,7,3,4,5
S01006790,319,15,5,10,72,43,26,25,79,34,5,2,3,20
S01006791,179,11,2,9,46,22,27,11,36,10,5,3,2,11
S01006792,186,9,2,7,44,33,26,11,36,18,3,2,1,6
S01006793,202,10,1,9,44,18,29,26,45,23,2,2,0,5
S01006794,224,5,3,2,71,29,14,14,52,29,4,4,0,6
S01006795,277,29,5,24,77,49,21,9,47,18,10,8,2,17
S01006796,207,21,4,17,60,43,19,6,39,7,4,3,1,8
S01006797,225,18,2,16,70,35,25,12,29,15,7,5,2,14
S01006798,232,15,0,15,57,45,26,10,43,11,3,1,2,22
S01006799,319,19,2,17,69,67,19,16,68,34,10,7,3,17
S01006800,309,31,6,25,105,51,17,6,47,20,1,1,0,31
S01006801,336,27,6,21,87,74,34,13,48,22,12,6,6,19
S01006802,244,15,5,10,57,35,27,12,48,27,4,3,1,19
S01006803,260,7,1,6,58,51,20,22,48,35,3,1,2,16
S01006804,272,20,5,15,83,47,16,11,54,32,3,2,1,6
S01006805,432,11,1,10,110,84,39,14,84,43,9,5,4,38
S01006806,396,26,4,22,99,85,40,17,54,39,5,5,0,31
S01006807,227,14,3,11,60,45,19,10,43,20,7,2,5,9
S01006808,240,15,3,12,74,55,16,9,32,17,2,2,0,20
S01006809,288,8,3,5,76,44,27,15,68,30,9,4,5,11
S01006810,321,22,3,19,94,39,33,20,62,24,11,6,5,16
S01006811,395,34,7,27,115,72,37,14,62,33,8,5,3,20
S01006812,266,23,3,20,72,44,18,11,61,23,5,5,0,9
S01006813,274,14,1,13,67,48,22,12,51,37,7,3,4,16
S01006814,311,33,7,26,97,58,15,11,45,10,4,4,0,38
S01006815,206,9,3,6,34,36,7,9,63,29,10,6,4,9
S01006816,271,10,2,8,74,53,22,14,52,24,5,5,0,17
S01006817,235,15,1,14,57,39,22,13,46,31,0,0,0,12
S01006818,269,26,5,21,82,49,21,10,54,8,7,4,3,12
S01006819,310,44,10,34,83,47,33,6,42,17,6,3,3,32
S01006820,180,24,4,20,59,32,11,6,25,9,2,1,1,12
S01006821,231,25,4,21,59,52,31,5,26,9,3,1,2,21
S01006822,290,36,12,24,76,54,24,13,44,14,4,3,1,25
S01006823,265,26,3,23,77,65,11,6,40,12,8,7,1,20
S01006824,315,9,4,5,47,49,10,19,89,49,24,19,5,19
S01006825,341,8,1,7,84,72,17,15,78,36,5,2,3,26
S01006826,345,20,5,15,96,70,17,13,56,34,14,13,1,25
S01006827,354,25,4,21,74,76,13,9,73,52,9,6,3,23
S01006828,345,18,6,12,93,73,25,22,66,24,5,3,2,19
S01006829,148,20,4,16,57,31,6,8,11,2,2,1,1,11
S01006830,310,16,4,12,66,80,17,13,63,15,6,4,2,34
S01006831,207,12,3,9,64,54,8,10,39,7,0,0,0,13
S01006832,398,39,6,33,133,75,22,11,57,27,7,7,0,27
S01006833,165,17,1,16,57,39,16,5,17,4,0,0,0,10
S01006834,187,23,6,17,62,40,6,1,16,13,6,5,1,20
S01006835,284,21,3,18,86,40,20,17,54,23,7,6,1,16
S01006836,183,22,4,18,53,36,15,4,32,8,1,0,1,12
S01006837,227,20,2,18,68,54,15,6,31,12,4,3,1,17
S01006838,245,16,2,14,64,50,8,12,45,26,2,2,0,22
S01006839,405,20,3,17,98,110,18,24,78,24,7,3,4,26
S01006840,381,36,6,30,130,91,15,9,52,11,4,2,2,33
S01006841,366,23,4,19,107,90,16,13,56,25,9,4,5,27
S01006842,318,12,4,8,88,98,13,11,61,10,5,4,1,20
S01006843,322,16,5,11,63,98,14,12,71,15,6,4,2,27
S01006844,275,15,2,13,62,71,10,12,60,28,0,0,0,17
S01006845,381,22,2,20,98,93,11,13,90,19,6,4,2,29
S01006846,210,12,0,12,44,51,9,14,56,9,1,0,1,14
S01006847,260,20,4,16,53,71,13,15,36,17,6,5,1,29
S01006848,350,43,7,36,91,67,30,9,47,20,20,15,5,23
S01006849,356,35,10,25,97,95,11,19,54,19,8,4,4,18
S01006850,403,20,6,14,86,96,5,18,101,35,10,6,4,32
S01006851,301,13,4,9,57,71,12,12,78,29,7,5,2,22
S01006852,231,27,4,23,53,50,15,15,37,17,5,2,3,12
S01006853,316,42,4,38,106,51,33,11,32,13,6,3,3,22
S01006854,336,31,6,25,94,69,15,14,59,24,7,1,6,23
S01006855,292,38,6,32,73,64,21,9,50,11,8,5,3,18
S01006856,241,31,8,23,68,43,25,10,36,14,4,2,2,10
S01006857,373,43,4,39,106,59,56,12,48,25,7,4,3,17
S01006858,237,30,3,27,77,41,23,10,28,14,3,3,0,11
S01006859,391,33,11,22,138,75,21,8,65,11,16,10,6,24
S01006860,209,11,2,9,48,25,12,12,56,27,2,2,0,16
S01006861,198,20,5,15,70,47,13,6,16,7,5,3,2,14
S01006862,263,22,3,19,58,49,22,11,66,14,3,0,3,18
S01006863,244,14,2,12,63,52,11,12,47,30,5,4,1,10
S01006864,151,16,4,12,38,27,6,7,33,10,3,3,0,11
S01006865,344,50,7,43,92,54,37,13,52,20,3,2,1,23
S01006866,206,15,1,14,79,46,8,9,22,8,3,3,0,16
S01006867,269,28,2,26,102,41,17,8,37,6,7,5,2,23
S01006868,313,21,3,18,75,51,20,19,70,28,6,5,1,23
S01006869,182,12,1,11,34,29,20,13,35,21,8,6,2,10
S01006870,176,15,3,12,53,22,20,10,28,10,2,1,1,16
S01006871,245,19,4,15,81,54,10,10,32,14,7,4,3,18
S01006872,252,35,5,30,77,49,27,12,27,10,2,1,1,13
S01006873,317,37,9,28,98,47,27,14,56,20,1,1,0,17
S01006874,220,20,1,19,57,40,24,6,36,15,6,3,3,16
S01006875,254,17,2,15,57,43,20,12,50,29,10,4,6,16
S01006876,343,31,8,23,77,68,27,22,62,24,8,5,3,24
S01006877,342,41,2,39,82,75,37,12,48,21,6,5,1,20
S01006878,253,16,4,12,69,29,41,11,50,21,6,3,3,10
S01006879,274,28,4,24,66,42,36,7,44,19,10,5,5,22
S01006880,224,22,7,15,73,45,21,7,28,10,0,0,0,18
S01006881,207,19,3,16,62,49,22,8,28,11,2,1,1,6
S01006882,136,4,0,4,33,27,8,8,32,15,3,2,1,6
S01006883,161,14,4,10,47,29,8,3,34,14,4,0,4,8
S01006884,310,16,3,13,63,71,17,16,82,19,2,1,1,24
S01006885,191,17,5,12,53,40,18,9,33,8,2,2,0,11
S01006886,293,27,1,26,104,52,28,8,34,21,7,6,1,12
S01006887,208,21,3,18,66,36,14,11,29,16,5,3,2,10
S01006888,300,34,5,29,85,60,24,10,47,12,8,6,2,20
S01006889,333,7,2,5,56,48,16,22,90,58,14,11,3,22
S01006890,241,20,5,15,67,55,16,14,39,15,4,0,4,11
S01006891,342,29,4,25,101,64,13,13,59,32,5,4,1,26
S01006892,240,7,1,6,54,48,5,16,54,36,7,6,1,13
S01006893,205,7,1,6,43,41,9,10,46,28,6,5,1,15
S01006894,366,9,2,7,97,88,15,23,78,27,12,9,3,17
S01006895,195,5,1,4,40,38,9,15,46,27,7,5,2,8
S01006896,310,16,5,11,73,74,7,17,64,33,5,4,1,21
S01006897,273,17,6,11,67,59,11,18,70,11,5,1,4,15
S01006898,289,19,4,15,77,63,13,12,57,25,9,9,0,14
S01006899,236,17,4,13,70,64,10,4,42,10,3,2,1,16
S01006900,233,15,5,10,46,66,5,6,54,22,1,1,0,18
S01006901,235,6,2,4,59,38,8,22,61,21,3,3,0,17
S01006902,249,6,0,6,64,51,10,11,59,26,8,5,3,14
S01006903,308,14,1,13,68,50,9,14,80,49,9,9,0,15
S01006904,260,12,2,10,58,54,9,17,55,29,1,1,0,25
S01006905,331,18,4,14,93,52,36,14,67,31,9,9,0,11
S01006906,303,10,1,9,46,62,11,17,79,59,7,6,1,12
S01006907,245,14,4,10,64,45,14,10,38,41,11,10,1,8
S01006908,321,15,3,12,70,61,11,20,75,42,11,6,5,16
S01006909,269,32,7,25,83,75,19,9,30,9,4,3,1,8
S01006910,317,37,5,32,116,54,31,4,36,15,6,5,1,18
S01006911,230,35,6,29,81,38,12,7,24,16,5,3,2,12
S01006912,174,15,1,14,51,23,17,6,36,10,3,1,2,13
S01006913,180,18,5,13,54,47,11,3,26,9,2,0,2,10
S01006914,270,28,6,22,79,50,22,15,30,22,1,0,1,23
S01006915,296,36,7,29,82,62,19,13,39,22,8,8,0,15
S01006916,204,15,2,13,55,53,5,7,43,11,4,4,0,11
S01006917,323,41,8,33,102,93,20,13,27,10,3,0,3,14
S01006918,179,13,5,8,47,46,14,5,27,14,5,3,2,8
S01006919,191,10,1,9,63,37,12,7,32,12,3,3,0,15
S01006920,179,6,3,3,48,48,11,8,40,12,1,0,1,5
S01006921,279,31,5,26,96,60,8,9,45,8,3,1,2,19
S01006922,188,23,5,18,39,30,22,3,48,14,2,1,1,7
S01006923,288,23,5,18,84,63,19,12,52,16,7,6,1,12
S01006924,211,22,6,16,71,28,27,6,31,7,2,1,1,17
S01006925,183,18,2,16,45,51,8,6,34,9,3,2,1,9
S01006926,264,29,3,26,71,85,7,9,45,5,4,1,3,9
S01006927,352,56,9,47,112,93,14,12,31,15,9,1,8,10
S01006928,389,39,4,35,96,94,23,18,58,33,7,5,2,21
S01006929,307,45,8,37,90,78,17,7,27,5,9,5,4,29
S01006930,369,41,12,29,116,85,15,12,44,10,10,4,6,36
S01006931,147,20,3,17,41,30,13,2,19,8,2,1,1,12
S01006932,230,15,3,12,72,59,14,2,26,12,2,1,1,28
S01006933,238,22,3,19,68,56,8,8,42,8,3,2,1,23
S01006934,229,21,3,18,60,43,19,4,40,13,12,12,0,17
S01006935,278,18,3,15,86,74,11,7,43,14,6,5,1,19
S01006936,254,17,4,13,83,62,8,5,44,14,5,4,1,16
S01006937,300,17,4,13,93,75,13,8,51,17,5,2,3,21
S01006938,196,15,1,14,55,48,7,9,44,8,1,1,0,9
S01006939,240,16,5,11,72,64,11,5,39,10,1,0,1,22
S01006940,374,33,9,24,112,91,15,13,45,20,8,8,0,37
S01006941,240,21,1,20,65,58,11,6,36,15,7,5,2,21
S01006942,418,32,2,30,103,110,18,8,73,16,5,3,2,53
S01006943,225,37,5,32,79,43,10,4,27,8,6,2,4,11
S01006944,314,33,4,29,108,90,7,5,33,9,6,4,2,23
S01006945,204,25,5,20,57,47,10,5,31,9,3,1,2,17
S01006946,315,33,6,27,100,68,19,7,41,20,5,2,3,22
S01006947,303,26,5,21,92,74,14,11,41,20,3,2,1,22
S01006948,342,26,3,23,97,75,27,10,58,19,5,2,3,25
S01006949,245,33,5,28,75,53,16,9,28,8,7,6,1,16
S01006950,197,28,3,25,65,36,9,16,24,12,1,1,0,6
S01006951,183,3,0,3,53,47,9,11,34,12,5,3,2,9
S01006952,324,18,6,12,76,80,24,12,61,27,1,0,1,25
S01006953,299,28,7,21,83,68,19,10,52,13,3,3,0,23
S01006954,303,21,5,16,103,69,21,11,44,12,3,2,1,19
S01006955,232,13,2,11,66,51,14,11,39,20,3,3,0,15
S01006956,400,33,5,28,140,77,16,16,60,23,5,3,2,30
S01006957,393,38,4,34,119,98,28,12,51,9,7,5,2,31
S01006958,341,21,2,19,101,63,23,8,76,20,8,5,3,21
S01006959,253,9,1,8,71,37,15,8,51,33,9,8,1,20
S01006960,347,36,12,24,95,79,21,18,51,7,11,8,3,29
S01006961,340,32,5,27,111,80,16,12,47,15,4,3,1,23
S01006962,345,18,5,13,86,75,19,11,81,27,7,5,2,21
S01006963,272,10,3,7,77,54,11,9,58,17,9,7,2,27
S01006964,290,9,2,7,89,59,9,19,57,26,3,1,2,19
S01006965,196,16,5,11,55,35,14,6,34,15,4,2,2,17
S01006966,239,13,1,12,50,41,7,16,54,30,8,3,5,20
S01006967,244,12,0,12,57,57,19,15,50,15,3,2,1,16
S01006968,210,6,1,5,50,44,5,17,54,24,1,1,0,9
S01006969,346,16,3,13,80,82,20,11,66,39,9,6,3,23
S01006970,274,16,2,14,69,78,9,10,51,12,4,3,1,25
S01006971,208,7,1,6,42,36,7,6,55,30,7,6,1,18
S01006972,191,22,2,20,43,57,13,6,29,8,2,2,0,11
S01006973,213,25,5,20,67,49,13,9,26,9,3,2,1,12
S01006974,396,35,3,32,125,84,25,18,56,16,11,5,6,26
S01006975,357,34,9,25,103,72,27,13,60,26,6,1,5,16
S01006976,169,14,3,11,47,29,20,6,34,7,3,1,2,9
S01006977,309,14,0,14,86,55,35,13,54,26,6,2,4,20
S01006978,311,35,10,25,77,58,19,13,60,23,8,7,1,18
S01006979,307,31,8,23,92,52,25,8,47,27,7,4,3,18
S01006980,322,27,4,23,84,67,20,16,53,16,8,6,2,31
S01006981,309,25,6,19,98,51,18,12,51,29,3,3,0,22
S01006982,330,25,5,20,83,71,19,20,64,22,6,1,5,20
S01006983,270,18,5,13,83,56,21,9,42,20,6,3,3,15
S01006984,264,37,6,31,82,45,27,13,33,7,2,2,0,18
S01006985,365,20,2,18,85,77,26,18,69,45,9,7,2,16
S01006986,236,20,3,17,53,58,6,10,45,21,10,8,2,13
S01006987,249,21,6,15,75,55,7,12,43,23,7,6,1,6
S01006988,224,21,5,16,72,41,16,8,32,13,9,5,4,12
S01006989,384,40,6,34,107,89,38,12,52,17,3,1,2,26
S01006990,322,35,7,28,108,81,18,10,32,13,4,3,1,21
S01006991,161,9,2,7,35,21,10,6,45,23,6,6,0,6
S01006992,229,19,1,18,59,46,26,5,36,15,6,5,1,17
S01006993,209,17,3,14,47,28,28,10,40,14,5,4,1,20
S01006994,212,15,2,13,63,45,13,7,33,21,1,0,1,14
S01006995,319,26,5,21,72,62,38,13,54,27,6,3,3,21
S01006996,284,17,3,14,53,55,25,19,63,29,4,1,3,19
S01006997,287,21,3,18,83,57,29,14,34,18,4,2,2,27
S01006998,409,44,8,36,110,83,29,26,69,25,4,3,1,19
S01006999,305,17,3,14,79,59,33,14,54,33,6,5,1,10
S01007000,349,21,7,14,94,73,12,17,67,40,7,3,4,18
S01007001,352,22,3,19,97,70,29,19,61,26,6,4,2,22
S01007002,210,11,0,11,51,42,18,7,40,20,9,8,1,12
S01007003,183,9,0,9,45,29,18,10,45,14,5,1,4,8
S01007004,262,15,2,13,72,56,22,9,46,22,4,4,0,16
S01007005,327,36,7,29,105,51,26,16,52,18,2,2,0,21
S01007006,326,22,2,20,67,51,31,18,80,29,10,6,4,18
S01007007,302,21,6,15,67,54,43,11,53,26,14,10,4,13
S01007008,370,12,2,10,72,56,17,25,108,47,16,15,1,17
S01007009,388,15,2,13,80,65,22,29,99,47,11,9,2,20
S01007010,286,22,4,18,73,56,18,7,72,18,7,6,1,13
S01007011,297,6,2,4,43,48,19,18,101,34,12,6,6,16
S01007012,270,1,0,1,35,38,5,17,90,52,18,9,9,14
S01007013,210,17,4,13,46,43,26,11,32,13,6,5,1,16
S01007014,358,14,2,12,91,66,38,22,77,22,9,6,3,19
S01007015,237,10,4,6,52,43,33,12,51,20,4,2,2,12
S01007016,222,18,5,13,46,42,21,7,49,16,6,3,3,17
S01007017,361,10,1,9,47,56,19,16,113,64,14,10,4,22
S01007018,350,13,2,11,65,61,22,16,98,48,11,5,6,16
S01007019,250,9,3,6,45,35,14,13,72,39,10,5,5,13
S01007020,281,11,2,9,53,55,20,15,65,30,16,9,7,16
S01007021,334,6,2,4,60,63,17,21,91,55,13,10,3,8
S01007022,185,6,1,5,38,26,16,13,42,28,4,0,4,12
S01007023,182,8,2,6,38,25,30,13,40,14,8,7,1,6
S01007024,386,16,2,14,85,60,57,15,81,34,10,8,2,28
S01007025,323,7,1,6,52,42,25,21,96,59,9,5,4,12
S01007026,312,14,2,12,69,51,33,15,64,46,8,6,2,12
S01007027,390,11,2,9,81,51,31,20,105,55,13,13,0,23
S01007028,269,13,1,12,58,45,44,10,60,17,6,4,2,16
S01007029,209,8,2,6,44,33,33,13,39,15,11,7,4,13
S01007030,307,5,2,3,53,43,26,16,96,47,4,4,0,17
S01007031,218,8,1,7,52,17,15,16,63,26,8,4,4,13
S01007032,341,13,0,13,86,46,23,17,77,33,22,19,3,24
S01007033,287,2,1,1,46,45,7,12,92,47,19,15,4,17
S01007034,228,12,6,6,41,34,11,7,64,27,9,7,2,23
S01007035,316,6,2,4,36,27,16,17,118,72,7,4,3,17
S01007036,331,14,3,11,77,56,24,14,80,32,15,14,1,19
S01007037,400,12,4,8,60,62,16,18,121,63,18,10,8,30
S01007038,287,11,1,10,51,43,23,10,80,30,15,9,6,24
S01007039,319,8,3,5,53,50,19,15,91,44,21,16,5,18
S01007040,246,3,2,1,38,39,10,11,80,39,7,6,1,19
S01007041,269,7,0,7,47,43,17,7,75,33,20,14,6,20
S01007042,254,9,2,7,40,38,24,12,67,32,12,6,6,20
S01007043,360,21,4,17,89,69,43,16,66,34,12,9,3,10
S01007044,258,17,5,12,47,42,17,9,69,28,8,8,0,21
S01007045,317,17,2,15,67,47,48,12,66,31,13,9,4,16
S01007046,230,8,1,7,50,37,18,6,58,29,9,9,0,15
S01007047,265,11,3,8,57,44,25,10,58,33,9,5,4,18
S01007048,333,10,1,9,50,67,38,17,81,37,11,10,1,22
S01007049,352,6,0,6,67,42,17,21,112,52,13,8,5,22
S01007050,231,12,3,9,46,34,23,14,60,20,8,7,1,14
S01007051,288,16,4,12,66,52,8,17,64,40,15,14,1,10
S01007052,224,8,3,5,42,40,15,12,58,29,7,4,3,13
S01007053,187,15,5,10,45,33,22,5,31,10,8,5,3,18
S01007054,343,13,2,11,68,55,16,26,82,47,19,12,7,17
S01007055,193,10,1,9,48,29,24,9,39,12,6,4,2,16
S01007056,224,13,0,13,47,36,33,11,48,17,6,2,4,13
S01007057,202,7,3,4,46,47,11,9,45,22,6,6,0,9
S01007058,207,2,0,2,36,35,9,13,59,39,2,2,0,12
S01007059,371,13,2,11,73,68,25,14,95,43,17,13,4,23
S01007060,251,8,4,4,27,34,8,17,78,43,14,6,8,22
S01007061,348,34,9,25,96,72,35,15,53,17,7,4,3,19
S01007062,252,24,3,21,73,46,38,8,31,18,1,1,0,13
S01007063,262,10,1,9,51,51,16,15,49,33,9,7,2,28
S01007064,245,16,2,14,53,45,29,6,43,35,2,2,0,16
S01007065,221,23,2,21,62,34,19,5,39,21,3,2,1,15
S01007066,238,13,7,6,61,42,21,17,41,23,4,3,1,16
S01007067,212,10,3,7,54,46,13,2,53,15,6,4,2,13
S01007068,293,27,6,21,63,47,26,18,55,29,15,10,5,13
S01007069,295,8,1,7,50,61,16,11,80,38,9,6,3,22
S01007070,194,1,0,1,40,33,7,14,45,38,8,3,5,8
S01007071,321,19,3,16,75,48,13,18,79,42,7,4,3,20
S01007072,249,12,4,8,42,53,14,17,71,20,3,1,2,17
S01007073,344,9,4,5,79,70,18,17,86,32,9,6,3,24
S01007074,274,6,1,5,50,38,9,17,85,49,10,7,3,10
S01007075,293,2,0,2,41,35,4,19,91,70,12,9,3,19
S01007076,292,5,1,4,51,36,12,22,93,53,10,8,2,10
S01007077,276,5,0,5,54,50,6,19,71,47,14,11,3,10
S01007078,338,4,0,4,49,64,16,17,87,65,17,13,4,19
S01007079,363,6,1,5,70,52,16,25,110,47,21,15,6,16
S01007080,289,2,1,1,53,36,6,14,94,53,7,4,3,24
S01007081,351,7,0,7,52,32,13,16,92,96,18,13,5,25
S01007082,217,5,0,5,35,20,10,8,60,60,9,7,2,10
S01007083,344,6,2,4,32,34,14,19,94,94,29,22,7,22
S01007084,229,6,1,5,42,48,13,8,52,37,6,6,0,17
S01007085,306,8,2,6,51,43,17,19,73,53,15,8,7,27
S01007086,421,3,1,2,45,31,12,26,113,111,47,30,17,33
S01007087,320,6,1,5,32,22,7,24,100,87,24,20,4,18
S01007088,211,2,0,2,17,15,6,22,57,62,21,15,6,9
S01007089,201,7,3,4,48,51,9,9,41,21,5,4,1,10
S01007090,188,4,0,4,34,48,8,6,56,19,4,4,0,9
S01007091,311,15,5,10,47,49,11,11,81,44,14,9,5,39
S01007092,247,6,1,5,35,36,6,12,77,50,11,8,3,14
S01007093,371,10,0,10,78,105,16,16,82,38,4,4,0,22
S01007094,338,8,4,4,75,64,19,14,68,57,8,8,0,25
S01007095,206,14,7,7,56,38,23,4,32,18,9,8,1,12
S01007096,293,18,4,14,87,54,25,11,61,22,2,1,1,13
S01007097,188,12,0,12,36,47,13,8,42,12,5,3,2,13
S01007098,315,18,4,14,89,67,36,4,47,28,12,10,2,14
S01007099,313,8,1,7,73,59,42,21,53,27,11,7,4,19
S01007100,272,9,4,5,73,51,15,13,52,33,10,8,2,16
S01007101,322,4,3,1,42,39,14,18,101,66,15,9,6,23
S01007102,269,7,2,5,61,41,25,22,52,29,7,6,1,25
S01007103,298,10,1,9,42,65,15,18,74,39,4,3,1,31
S01007104,187,7,2,5,37,36,21,8,39,24,6,5,1,9
S01007105,201,8,3,5,38,40,5,8,43,35,6,4,2,18
S01007106,274,7,0,7,49,40,11,21,65,50,12,10,2,19
S01007107,251,6,1,5,56,51,33,11,48,23,7,4,3,16
S01007108,209,8,1,7,43,38,32,9,42,18,9,7,2,10
S01007109,313,1,1,0,34,35,23,20,88,83,12,8,4,17
S01007110,293,11,5,6,49,49,13,11,77,47,13,6,7,23
S01007111,197,1,0,1,33,34,7,16,57,24,9,6,3,16
S01007112,213,7,0,7,40,38,21,10,47,28,9,6,3,13
S01007113,190,12,2,10,53,25,20,9,32,21,10,9,1,8
S01007114,328,8,2,6,48,60,9,23,91,61,3,3,0,25
S01007115,244,2,1,1,40,53,6,8,71,33,9,9,0,22
S01007116,353,12,1,11,59,77,26,13,97,35,5,5,0,29
S01007117,184,10,4,6,35,32,11,4,53,18,5,4,1,16
S01007118,276,4,0,4,28,35,7,17,87,63,14,8,6,21
S01007119,321,5,2,3,38,27,8,24,87,87,18,10,8,27
S01007120,444,10,4,6,49,37,13,32,131,109,27,15,12,36
S01007121,163,3,1,2,15,18,5,11,47,45,6,4,2,13
S01007122,233,10,2,8,47,35,11,10,56,37,8,7,1,19
S01007123,227,5,3,2,28,30,5,12,59,64,7,4,3,17
S01007124,341,10,5,5,54,57,8,21,105,53,13,3,10,20
S01007125,316,10,1,9,39,30,12,13,91,79,16,12,4,26
S01007126,354,2,0,2,24,19,7,19,98,115,42,36,6,28
S01007127,369,6,3,3,26,21,11,22,109,127,16,8,8,31
S01007128,327,3,0,3,36,21,6,23,100,90,19,7,12,29
S01007129,361,59,11,48,133,70,21,7,21,14,8,5,3,28
S01007130,236,20,2,18,70,51,8,11,44,19,2,1,1,11
S01007131,305,27,7,20,119,59,8,10,36,21,2,1,1,23
S01007132,274,29,3,26,77,68,13,9,41,7,2,1,1,28
S01007133,263,28,5,23,73,52,26,11,30,17,4,2,2,22
S01007134,271,31,2,29,68,50,18,5,49,34,5,3,2,11
S01007135,198,31,6,25,69,31,20,4,18,10,2,1,1,13
S01007136,194,37,7,30,54,37,22,6,13,10,5,3,2,10
S01007137,246,23,2,21,98,52,19,6,23,6,3,1,2,16
S01007138,224,27,4,23,74,47,14,8,24,10,4,2,2,16
S01007139,289,15,6,9,83,64,19,19,51,17,6,3,3,15
S01007140,396,39,7,32,121,79,27,12,60,19,9,7,2,30
S01007141,247,25,5,20,80,55,14,7,31,16,1,1,0,18
S01007142,194,17,2,15,72,35,10,1,20,9,10,9,1,20
S01007143,222,20,5,15,85,46,12,6,29,8,4,2,2,12
S01007144,287,19,2,17,65,50,34,16,44,26,11,9,2,22
S01007145,333,20,1,19,112,81,11,11,48,20,11,8,3,19
S01007146,264,18,3,15,92,52,9,12,40,20,5,4,1,16
S01007147,280,14,2,12,90,66,13,12,40,18,7,5,2,20
S01007148,206,14,3,11,65,51,8,7,34,6,2,1,1,19
S01007149,223,10,2,8,61,63,6,14,30,21,3,3,0,15
S01007150,250,15,3,12,78,65,11,6,47,10,3,2,1,15
S01007151,327,27,5,22,91,78,16,12,50,14,10,8,2,29
S01007152,212,17,1,16,76,46,9,2,35,9,3,2,1,15
S01007153,231,6,2,4,81,57,8,13,32,18,2,2,0,14
S01007154,270,15,2,13,95,59,9,8,48,17,5,3,2,14
S01007155,235,14,4,10,72,51,14,11,39,20,6,4,2,8
S01007156,283,17,2,15,68,58,15,12,54,28,8,6,2,23
S01007157,244,6,2,4,69,48,15,14,44,27,7,5,2,14
S01007158,345,13,2,11,96,78,13,15,66,27,17,10,7,20
S01007159,331,9,0,9,79,50,16,11,78,52,11,4,7,25
S01007160,335,6,0,6,89,52,12,14,82,48,11,7,4,21
S01007161,279,10,4,6,81,59,13,14,43,28,15,10,5,16
S01007162,196,8,3,5,62,32,14,4,33,19,7,4,3,17
S01007163,347,11,1,10,102,71,16,10,75,34,9,8,1,19
S01007164,224,10,2,8,64,41,15,10,39,18,5,3,2,22
S01007165,296,25,8,17,103,63,14,9,40,17,6,3,3,19
S01007166,250,17,1,16,71,54,11,16,45,22,3,3,0,11
S01007167,324,20,6,14,99,81,17,12,43,19,3,3,0,30
S01007168,387,28,4,24,112,94,15,15,64,22,3,2,1,34
S01007169,288,18,5,13,83,65,13,9,46,22,9,7,2,23
S01007170,247,24,6,18,82,37,23,8,36,13,9,7,2,15
S01007171,292,20,7,13,64,49,34,14,59,28,6,5,1,18
S01007172,312,21,6,15,89,62,28,14,45,25,14,12,2,14
S01007173,332,6,0,6,96,76,12,25,62,22,5,4,1,28
S01007174,308,13,3,10,76,52,15,19,57,28,17,14,3,31
S01007175,231,10,0,10,47,42,14,9,52,33,7,6,1,17
S01007176,251,4,2,2,56,36,11,11,71,29,12,5,7,21
S01007177,240,3,0,3,43,41,5,14,64,37,14,8,6,19
S01007178,401,4,0,4,63,67,21,29,103,66,28,21,7,20
S01007179,397,14,3,11,118,79,18,16,77,42,7,5,2,26
S01007180,275,9,3,6,88,74,15,7,46,21,5,4,1,10
S01007181,307,13,3,10,88,62,32,8,33,19,20,16,4,32
S01007182,424,21,4,17,108,77,22,22,78,48,14,9,5,34
S01007183,414,7,1,6,93,86,24,19,94,53,13,11,2,25
S01007184,419,7,0,7,100,54,21,31,101,55,20,13,7,30
S01007185,316,5,3,2,49,38,12,24,68,59,38,28,10,23
S01007186,239,3,0,3,34,35,12,12,58,44,23,15,8,18
S01007187,299,9,1,8,55,47,17,23,63,54,15,13,2,16
S01007188,227,11,2,9,52,30,18,16,47,24,13,8,5,16
S01007189,270,9,4,5,50,41,11,12,73,34,21,16,5,19
S01007190,299,7,3,4,60,53,18,15,75,43,11,10,1,17
S01007191,229,2,0,2,42,28,13,22,65,35,12,9,3,10
S01007192,237,9,1,8,33,32,8,12,70,45,17,13,4,11
S01007193,285,6,3,3,44,42,12,13,80,53,9,7,2,26
S01007194,231,3,1,2,28,20,6,14,77,35,29,16,13,19
S01007195,210,2,0,2,33,16,9,11,59,48,16,10,6,16
S01007196,281,5,1,4,50,36,9,10,90,35,16,7,9,30
S01007197,238,4,2,2,39,20,4,16,56,47,32,17,15,20
S01007198,204,6,2,4,29,21,14,13,37,43,30,22,8,11
S01007199,301,5,2,3,35,32,6,18,88,58,30,21,9,29
S01007200,337,5,1,4,70,55,12,15,107,47,13,8,5,13
S01007201,280,5,1,4,59,53,8,17,62,46,14,8,6,16
S01007202,293,6,1,5,48,41,15,20,91,38,18,10,8,16
S01007203,254,1,1,0,53,44,11,19,47,49,9,7,2,21
S01007204,401,28,4,24,119,51,39,12,66,35,24,22,2,27
S01007205,273,14,2,12,76,34,27,12,46,32,7,7,0,25
S01007206,145,5,0,5,31,19,9,10,34,23,6,4,2,8
S01007207,346,10,4,6,79,71,22,15,75,33,17,12,5,24
S01007208,366,11,4,7,60,68,13,27,73,60,30,14,16,24
S01007209,283,7,1,6,56,51,18,13,61,32,25,19,6,20
S01007210,296,6,1,5,54,40,10,28,59,53,25,17,8,21
S01007211,349,4,0,4,66,49,19,24,95,51,18,13,5,23
S01007212,213,7,2,5,49,36,14,19,42,26,9,7,2,11
S01007213,325,15,2,13,88,46,20,25,73,29,12,8,4,17
S01007214,279,10,2,8,58,47,8,14,64,51,14,11,3,13
S01007215,276,10,2,8,56,57,15,10,53,41,16,11,5,18
S01007216,268,17,3,14,59,52,18,11,53,27,14,8,6,17
S01007217,372,10,1,9,65,58,11,19,102,58,20,13,7,29
S01007218,323,16,2,14,101,71,14,11,54,27,10,7,3,19
S01007219,311,5,1,4,62,54,15,13,74,53,16,12,4,19
S01007220,253,5,1,4,48,37,10,12,73,39,15,12,3,14
S01007221,242,12,0,12,69,45,17,9,52,13,8,7,1,17
S01007222,308,9,1,8,58,46,16,22,74,39,21,13,8,23
S01007223,178,15,4,11,56,35,13,8,27,13,4,2,2,7
S01007224,222,13,5,8,60,51,20,8,39,20,4,2,2,7
S01007225,339,26,8,18,96,52,28,11,59,29,11,9,2,27
S01007226,304,20,2,18,90,46,30,13,48,26,12,11,1,19
S01007227,349,18,5,13,95,66,23,16,67,30,13,8,5,21
S01007228,234,16,2,14,55,43,21,16,35,22,9,6,3,17
S01007229,410,26,9,17,110,67,42,15,79,32,15,14,1,24
S01007230,267,4,2,2,38,39,10,18,75,35,27,18,9,21
S01007231,255,7,2,5,26,37,5,16,66,46,30,20,10,22
S01007232,265,9,4,5,23,36,9,18,71,51,28,20,8,20
S01007233,307,9,1,8,78,45,18,9,61,46,25,16,9,16
S01007234,226,3,2,1,51,26,7,13,54,40,8,6,2,24
S01007235,289,6,0,6,69,41,18,14,73,43,9,5,4,16
S01007236,227,4,1,3,53,56,10,20,40,24,8,4,4,12
S01007237,280,8,0,8,63,64,12,19,57,28,10,5,5,19
S01007238,362,13,3,10,98,64,15,20,70,47,9,5,4,26
S01007239,309,19,3,16,95,74,18,11,41,21,12,10,2,18
S01007240,216,10,3,7,56,42,26,10,37,21,7,6,1,7
S01007241,229,16,3,13,62,37,34,11,37,15,2,1,1,15
S01007242,387,14,2,12,110,76,25,14,65,41,15,8,7,27
S01007243,230,16,6,10,75,48,15,13,25,15,6,4,2,17
S01007244,285,17,5,12,77,50,33,8,47,26,9,6,3,18
S01007245,254,6,0,6,66,45,27,11,57,19,6,3,3,17
S01007246,213,12,4,8,53,47,12,13,27,31,5,3,2,13
S01007247,245,21,6,15,72,40,21,13,40,20,7,6,1,11
S01007248,289,24,9,15,88,62,16,13,50,9,8,6,2,19
S01007249,152,6,1,5,39,35,12,5,28,12,6,5,1,9
S01007250,313,17,3,14,86,59,16,14,57,30,10,7,3,24
S01007251,182,7,2,5,41,40,13,9,36,17,4,3,1,15
S01007252,297,8,2,6,62,53,22,15,66,33,13,10,3,25
S01007253,301,14,3,11,93,65,15,13,47,30,8,2,6,16
S01007254,307,8,1,7,51,59,9,17,63,57,28,25,3,15
S01007255,290,6,1,5,42,41,3,19,76,57,38,16,22,8
S01007256,287,9,2,7,61,39,7,9,73,55,19,9,10,15
S01007257,225,6,1,5,41,31,11,12,50,33,19,10,9,22
S01007258,313,13,1,12,76,54,16,15,55,39,20,14,6,25
S01007259,313,10,3,7,51,46,14,15,73,63,17,11,6,24
S01007260,346,7,1,6,48,50,14,18,77,61,33,21,12,38
S01007261,303,15,5,10,68,66,13,12,68,33,9,5,4,19
S01007262,276,7,2,5,50,36,8,11,83,49,14,8,6,18
S01007263,309,6,1,5,61,43,9,20,72,69,6,2,4,23
S01007264,274,8,4,4,74,35,12,15,65,39,10,8,2,16
S01007265,392,17,3,14,67,68,18,28,86,67,9,7,2,32
S01007266,258,15,5,10,67,49,6,13,61,24,8,6,2,15
S01007267,189,15,0,15,50,35,19,10,24,13,9,4,5,14
S01007268,221,13,2,11,71,38,24,5,28,15,8,4,4,19
S01007269,195,16,6,10,55,36,17,5,23,22,7,5,2,14
S01007270,173,15,3,12,52,20,19,9,30,11,5,4,1,12
S01007271,363,13,3,10,102,66,19,16,74,44,9,4,5,20
S01007272,312,4,1,3,54,35,6,14,88,71,19,13,6,21
S01007273,249,11,1,10,60,35,17,20,53,28,12,9,3,13
S01007274,285,12,1,11,70,44,20,17,63,25,13,7,6,21
S01007275,202,14,1,13,62,40,10,7,31,21,3,2,1,14
S01007276,315,15,4,11,81,60,12,13,56,42,17,11,6,19
S01007277,293,15,2,13,99,50,18,13,51,23,4,4,0,20
S01007278,208,16,9,7,67,44,14,8,24,15,3,2,1,17
S01007279,207,14,1,13,61,22,35,5,29,21,9,5,4,11
S01007280,207,13,2,11,49,33,25,10,36,21,8,5,3,12
S01007281,328,21,6,15,66,66,38,18,57,31,9,8,1,22
S01007282,198,12,2,10,50,18,22,6,46,25,5,3,2,14
S01007283,371,30,6,24,104,65,25,19,48,50,11,10,1,19
S01007284,326,17,3,14,87,46,44,16,62,31,7,7,0,16
S01007285,326,22,7,15,80,45,54,19,72,20,3,2,1,11
S01007286,369,18,5,13,89,50,56,22,75,40,7,4,3,12
S01007287,269,17,3,14,73,24,54,18,47,19,8,2,6,9
S01007288,224,11,1,10,54,24,46,13,42,15,8,3,5,11
S01007289,323,17,4,13,106,62,36,10,60,12,1,1,0,19
S01007290,265,9,5,4,64,33,22,9,70,29,13,7,6,16
S01007291,262,8,0,8,58,30,15,13,65,46,13,11,2,14
S01007292,298,6,0,6,90,60,15,10,73,23,1,1,0,20
S01007293,297,9,2,7,38,24,11,20,106,54,16,7,9,19
S01007294,346,7,3,4,74,57,13,24,100,38,6,4,2,27
S01007295,183,4,0,4,24,14,8,12,66,36,11,9,2,8
S01007296,214,10,0,10,60,22,12,12,58,23,6,4,2,11
S01007297,351,29,2,27,92,48,33,20,79,25,7,5,2,18
S01007298,207,4,1,3,41,46,10,13,45,26,5,3,2,17
S01007299,326,12,3,9,56,41,31,27,85,40,9,3,6,25
S01007300,174,1,1,0,24,25,12,11,57,23,12,5,7,9
S01007301,279,21,3,18,86,52,43,11,41,14,5,4,1,6
S01007302,236,7,2,5,39,38,7,23,79,23,9,6,3,11
S01007303,332,26,2,24,81,56,47,14,62,17,11,10,1,18
S01007304,253,19,4,15,66,31,46,17,42,18,6,5,1,8
S01007305,283,28,7,21,81,53,22,9,59,16,3,3,0,12
S01007306,295,18,4,14,78,57,26,12,56,23,8,6,2,17
S01007307,296,24,5,19,80,58,47,14,40,15,7,5,2,11
S01007308,315,20,5,15,79,42,33,19,65,38,7,3,4,12
S01007309,244,17,4,13,72,24,34,15,52,19,4,4,0,7
S01007310,315,27,5,22,86,41,44,12,58,23,9,4,5,15
S01007311,287,13,4,9,51,37,35,29,79,27,4,2,2,12
S01007312,291,23,4,19,91,46,25,11,52,21,11,5,6,11
S01007313,375,29,6,23,137,63,51,9,41,21,6,4,2,18
S01007314,248,21,4,17,77,47,24,10,36,13,6,6,0,14
S01007315,356,24,2,22,117,75,10,19,63,20,10,5,5,18
S01007316,337,17,6,11,93,68,13,19,51,43,18,11,7,15
S01007317,252,14,3,11,78,52,13,8,41,18,12,11,1,16
S01007318,234,9,2,7,54,44,17,20,53,19,9,3,6,9
S01007319,262,17,2,15,68,56,22,14,37,30,6,3,3,12
S01007320,284,31,10,21,93,46,38,11,34,10,6,5,1,15
S01007321,237,11,3,8,71,32,44,11,38,14,5,4,1,11
S01007322,279,8,0,8,68,69,22,6,46,32,12,4,8,16
S01007323,173,7,2,5,44,29,13,10,32,24,2,2,0,12
S01007324,143,12,4,8,34,12,17,9,30,18,6,2,4,5
S01007325,314,20,7,13,78,43,46,20,61,30,8,6,2,8
S01007326,289,14,2,12,70,42,28,23,67,27,7,6,1,11
S01007327,289,8,2,6,58,43,26,21,71,35,11,5,6,16
S01007328,324,11,2,9,64,45,28,18,85,40,21,15,6,12
S01007329,265,13,1,12,66,29,42,14,42,28,12,8,4,19
S01007330,285,10,4,6,84,45,46,11,60,18,4,2,2,7
S01007331,350,8,2,6,83,67,46,12,73,33,13,8,5,15
S01007332,188,10,1,9,41,25,34,7,29,15,9,8,1,18
S01007333,301,17,2,15,87,59,27,12,53,24,10,5,5,12
S01007334,260,4,1,3,28,43,10,17,66,53,25,15,10,14
S01007335,317,5,0,5,44,62,9,20,83,63,22,18,4,9
S01007336,159,1,0,1,22,29,12,11,38,22,18,12,6,6
S01007337,243,6,2,4,44,54,14,12,67,27,10,6,4,9
S01007338,289,8,2,6,43,64,10,22,73,48,6,5,1,15
S01007339,224,11,2,9,73,51,18,8,33,19,6,5,1,5
S01007340,175,9,5,4,60,25,10,10,30,18,7,7,0,6
S01007341,268,12,5,7,70,51,23,15,50,19,9,7,2,19
S01007342,329,27,6,21,90,68,50,11,42,17,5,4,1,19
S01007343,239,13,1,12,52,34,44,14,46,18,4,4,0,14
S01007344,165,1,1,0,47,29,22,8,34,8,4,3,1,12
S01007345,216,2,2,0,35,32,11,11,51,38,23,14,9,13
S01007346,206,3,2,1,40,40,11,18,47,28,16,13,3,3
S01007347,241,4,3,1,36,37,15,11,58,43,16,10,6,21
S01007348,225,2,1,1,42,32,7,12,69,31,10,8,2,20
S01007349,176,7,3,4,30,32,5,12,50,19,12,9,3,9
S01007350,197,7,5,2,41,38,24,11,31,29,10,5,5,6
S01007351,226,15,5,10,58,28,45,13,46,12,5,4,1,4
S01007352,193,22,6,16,52,32,31,10,28,8,8,7,1,2
S01007353,255,12,2,10,76,38,29,15,49,19,7,4,3,10
S01007354,294,20,8,12,89,66,29,11,41,20,5,5,0,13
S01007355,349,29,8,21,106,47,37,15,64,29,13,9,4,9
S01007356,300,25,4,21,89,48,20,13,62,18,14,7,7,11
S01007357,290,13,3,10,83,34,43,14,68,17,7,5,2,11
S01007358,344,21,6,15,87,40,49,30,66,35,8,6,2,8
S01007359,308,9,4,5,61,47,16,21,81,32,21,11,10,20
S01007360,215,7,2,5,67,39,20,10,41,15,1,0,1,15
S01007361,378,20,6,14,100,71,39,19,74,19,9,4,5,27
S01007362,273,9,1,8,72,60,18,10,54,26,9,5,4,15
S01007363,260,8,2,6,72,47,14,12,62,24,11,5,6,10
S01007364,352,4,1,3,40,45,16,21,114,55,20,13,7,37
S01007365,173,7,1,6,28,21,14,12,42,25,11,6,5,13
S01007366,170,2,0,2,26,20,8,18,35,29,20,14,6,12
S01007367,223,4,0,4,38,38,20,11,58,24,16,9,7,14
S01007368,208,2,1,1,34,35,11,11,39,34,19,7,12,23
S01007369,289,7,1,6,68,59,16,15,71,35,6,3,3,12
S01007370,304,11,1,10,67,54,17,20,64,30,12,8,4,29
S01007371,266,9,1,8,64,51,14,11,72,26,7,3,4,12
S01007372,298,12,3,9,80,57,22,15,61,27,8,3,5,16
S01007373,235,13,1,12,70,48,26,11,29,15,8,6,2,15
S01007374,204,10,4,6,62,36,16,11,33,17,6,3,3,13
S01007375,179,15,2,13,50,28,20,9,26,14,7,5,2,10
S01007376,334,8,2,6,50,59,15,23,81,42,30,21,9,26
S01007377,259,21,5,16,70,53,25,10,44,14,6,5,1,16
S01007378,254,34,10,24,57,72,14,9,39,11,7,4,3,11
S01007379,179,2,1,1,24,23,5,18,44,40,14,5,9,9
S01007380,213,6,0,6,45,38,11,15,49,32,7,5,2,10
S01007381,173,18,2,16,61,39,14,3,17,8,6,5,1,7
S01007382,250,25,6,19,74,51,15,5,34,19,6,4,2,21
S01007383,291,27,8,19,94,51,15,20,47,17,8,5,3,12
S01007384,291,21,5,16,82,60,10,13,52,29,8,3,5,16
S01007385,330,19,7,12,91,70,14,11,56,32,5,3,2,32
S01007386,313,35,5,30,117,52,21,6,42,7,9,6,3,24
S01007387,304,43,6,37,111,47,25,8,30,10,5,4,1,25
S01007388,266,17,6,11,89,69,15,4,33,8,9,5,4,22
S01007389,193,5,0,5,30,28,9,18,54,23,9,4,5,17
S01007390,207,3,1,2,35,45,14,13,44,31,9,6,3,13
S01007391,229,9,5,4,77,53,16,12,31,11,4,3,1,16
S01007392,182,20,3,17,60,34,11,7,22,10,7,3,4,11
S01007393,256,26,4,22,75,48,19,8,32,16,2,2,0,30
S01007394,222,19,6,13,80,48,12,7,33,6,9,5,4,8
S01007395,276,13,5,8,59,54,17,18,60,27,13,8,5,15
S01007396,327,15,3,12,69,58,21,23,73,41,15,12,3,12
S01007397,354,31,7,24,109,70,20,15,51,17,12,7,5,29
S01007398,270,5,2,3,25,34,8,20,83,61,15,12,3,19
S01007399,239,5,0,5,42,23,9,12,57,45,35,21,14,11
S01007400,268,13,4,9,68,56,12,7,64,21,7,3,4,20
S01007401,268,11,2,9,75,55,12,9,54,16,12,10,2,24
S01007402,239,15,6,9,68,58,13,9,39,14,5,5,0,18
S01007403,269,9,3,6,67,47,15,10,64,24,10,0,10,23
S01007404,149,15,4,11,37,16,28,14,17,11,4,3,1,7
S01007405,255,31,5,26,101,48,20,2,21,9,3,2,1,20
S01007406,232,29,6,23,73,50,21,6,19,10,7,5,2,17
S01007407,253,23,10,13,74,68,12,6,28,16,4,3,1,22
S01007408,232,13,5,8,58,50,7,10,45,22,12,8,4,15
S01007409,276,9,0,9,66,68,11,14,54,28,9,6,3,17
S01007410,273,5,2,3,21,35,1,14,79,72,24,15,9,22
S01007411,334,2,1,1,48,56,7,19,77,75,30,19,11,20
S01007412,175,4,1,3,36,33,5,11,40,29,7,5,2,10
S01007413,361,18,3,15,105,82,15,13,66,26,6,3,3,30
S01007414,262,24,4,20,78,53,18,11,35,13,7,5,2,23
S01007415,334,4,1,3,58,41,8,20,89,77,21,10,11,16
S01007416,227,1,0,1,24,19,3,13,62,61,23,17,6,21
S01007417,403,42,10,32,120,101,13,15,60,19,10,6,4,23
S01007418,265,6,0,6,32,40,10,16,61,58,19,11,8,23
S01007419,329,5,1,4,30,52,10,19,83,64,37,23,14,29
S01007420,296,17,6,11,87,65,16,15,47,17,7,4,3,25
S01007421,252,27,1,26,56,45,20,9,41,29,14,12,2,11
S01007422,225,21,6,15,64,43,11,15,34,20,8,7,1,9
S01007423,279,20,3,17,99,53,10,9,48,22,12,6,6,6
S01007424,321,20,7,13,101,76,11,16,54,20,6,6,0,17
S01007425,343,25,4,21,83,68,11,11,69,41,12,5,7,23
S01007426,244,8,1,7,59,35,11,15,50,33,11,6,5,22
S01007427,263,5,4,1,56,49,4,13,69,39,15,6,9,13
S01007428,341,9,3,6,79,66,11,17,69,50,19,9,10,21
S01007429,286,17,1,16,81,45,13,15,48,33,12,7,5,22
S01007430,186,7,2,5,57,30,9,13,23,22,4,3,1,21
S01007431,229,15,6,9,63,57,10,9,34,16,8,4,4,17
S01007432,360,10,2,8,78,66,12,22,74,48,26,25,1,24
S01007433,309,22,3,19,71,49,16,11,87,24,16,11,5,13
S01007434,188,8,3,5,20,26,7,18,52,34,11,8,3,12
S01007435,268,12,0,12,67,55,13,11,57,25,12,5,7,16
S01007436,273,13,1,12,47,33,5,21,51,58,23,17,6,22
S01007437,165,6,0,6,40,29,7,11,37,17,12,9,3,6
S01007438,258,11,3,8,45,45,7,14,65,43,17,12,5,11
S01007439,274,10,2,8,58,53,12,17,62,40,6,4,2,16
S01007440,242,7,3,4,55,44,10,6,58,37,11,8,3,14
S01007441,233,17,6,11,70,59,13,7,40,7,4,2,2,16
S01007442,194,17,1,16,55,51,12,6,27,7,4,2,2,15
S01007443,331,34,3,31,90,56,18,13,43,20,10,5,5,47
S01007444,345,35,4,31,129,61,19,13,35,20,12,11,1,21
S01007445,240,33,7,26,79,48,16,14,25,7,4,4,0,14
S01007446,209,25,9,16,85,21,15,5,23,13,4,1,3,18
S01007447,190,23,1,22,59,37,21,6,22,6,6,4,2,10
S01007448,335,13,3,10,93,72,22,16,65,28,9,7,2,17
S01007449,393,20,6,14,65,75,14,14,90,56,33,17,16,26
S01007450,290,4,1,3,41,48,8,13,69,49,35,23,12,23
S01007451,252,5,1,4,51,52,9,8,67,31,7,6,1,22
S01007452,192,7,1,6,29,28,11,14,40,33,13,9,4,17
S01007453,229,24,6,18,81,38,13,9,27,9,9,6,3,19
S01007454,199,6,2,4,27,34,13,11,45,36,16,12,4,11
S01007455,351,5,3,2,55,58,6,31,85,50,36,26,10,25
S01007456,348,3,0,3,47,35,10,21,110,67,31,22,9,24
S01007457,399,13,3,10,79,72,12,21,85,63,37,30,7,17
S01007458,203,9,3,6,52,54,8,10,38,12,7,5,2,13
S01007459,254,6,1,5,57,55,14,21,52,30,8,7,1,11
S01007460,290,10,4,6,51,50,11,18,75,42,21,17,4,12
S01007461,279,7,3,4,33,22,9,21,74,54,35,24,11,24
S01007462,321,9,3,6,69,59,13,10,79,41,22,12,10,19
S01007463,371,2,1,1,30,36,14,11,92,90,58,38,20,38
S01007464,267,5,0,5,22,27,6,13,81,73,24,17,7,16
S01007465,286,4,3,1,26,29,5,14,76,66,52,34,18,14
S01007466,377,13,1,12,47,47,11,18,102,70,43,30,13,26
S01007467,374,13,1,12,88,71,12,21,77,49,16,12,4,27
S01007468,294,15,1,14,69,64,6,14,71,24,5,2,3,26
S01007469,223,9,3,6,30,36,11,8,55,40,20,13,7,14
S01007470,250,5,2,3,39,43,7,4,72,25,32,22,10,23
S01007471,184,7,1,6,35,45,3,8,38,22,11,6,5,15
S01007472,228,1,0,1,27,42,7,13,57,53,16,7,9,12
S01007473,179,5,1,4,29,34,6,11,51,22,10,6,4,11
S01007474,216,7,0,7,52,55,16,10,47,15,1,1,0,13
S01007475,239,18,5,13,62,60,11,8,35,23,8,4,4,14
S01007476,255,20,7,13,58,59,8,13,49,25,7,4,3,16
S01007477,207,12,3,9,61,42,13,15,30,16,2,1,1,16
S01007478,330,27,2,25,107,50,18,13,56,29,14,9,5,16
S01007479,222,13,2,11,55,54,11,13,36,18,5,5,0,17
S01007480,293,16,4,12,75,65,10,16,55,25,10,5,5,21
S01007481,328,14,5,9,96,62,38,13,65,16,7,7,0,17
S01007482,175,6,1,5,31,27,11,7,48,28,11,10,1,6
S01007483,293,7,1,6,47,41,16,16,84,49,14,8,6,19
S01007484,199,7,1,6,33,22,14,11,50,30,19,10,9,13
S01007485,189,2,0,2,14,15,6,9,75,35,27,15,12,6
S01007486,208,1,1,0,17,20,3,12,66,42,35,22,13,12
S01007487,331,5,1,4,40,44,21,26,87,59,37,28,9,12
S01007488,391,4,0,4,90,65,24,16,95,44,27,17,10,26
S01007489,331,3,1,2,59,68,15,20,81,49,13,7,6,23
S01007490,330,3,0,3,45,49,14,26,87,57,24,20,4,25
S01007491,430,8,2,6,70,70,13,28,132,59,28,13,15,22
S01007492,281,10,3,7,45,45,15,12,84,37,16,16,0,17
S01007493,324,8,2,6,55,48,15,26,95,46,16,14,2,15
S01007494,200,10,2,8,36,29,26,6,52,15,13,10,3,13
S01007495,307,13,3,10,65,59,44,15,63,25,8,7,1,15
S01007496,402,17,3,14,101,60,56,16,82,39,14,7,7,17
S01007497,212,8,2,6,25,31,19,7,64,32,13,12,1,13
S01007498,328,6,3,3,51,56,33,22,96,32,13,9,4,19
S01007499,312,12,3,9,52,37,36,18,75,39,27,18,9,16
S01007500,223,10,2,8,40,30,27,13,63,24,7,6,1,9
S01007501,273,11,2,9,68,43,44,9,49,28,12,7,5,9
S01007502,200,9,4,5,44,33,26,11,44,17,8,5,3,8
S01007503,389,11,4,7,83,48,48,23,97,35,23,16,7,21
S01007504,262,12,0,12,48,40,41,14,54,31,7,5,2,15
S01007505,169,11,1,10,35,25,25,5,33,17,11,5,6,7
S01007506,183,13,2,11,54,31,32,5,27,11,5,3,2,5
S01007507,338,9,3,6,70,51,31,12,104,34,13,9,4,14
S01007508,265,10,1,9,51,44,33,14,62,34,12,10,2,5
S01007509,234,12,0,12,60,35,35,12,46,14,12,10,2,8
S01007510,365,13,1,12,72,50,52,13,95,30,17,12,5,23
S01007511,317,3,0,3,40,35,36,18,87,51,31,24,7,16
S01007512,194,7,3,4,55,22,32,10,37,13,8,5,3,10
S01007513,403,6,1,5,62,49,21,24,126,60,37,30,7,18
S01007514,197,3,1,2,42,24,15,19,49,21,14,9,5,10
S01007515,225,8,2,6,69,44,25,9,36,15,7,5,2,12
S01007516,221,5,1,4,30,30,15,17,71,33,14,14,0,6
S01007517,167,8,2,6,40,33,8,9,40,16,7,6,1,6
S01007518,300,3,1,2,55,34,22,23,81,53,12,8,4,17
S01007519,169,9,1,8,47,27,29,6,30,7,6,5,1,8
S01007520,339,14,3,11,57,48,37,15,102,38,18,11,7,10
S01007521,173,12,3,9,39,22,24,12,42,9,4,3,1,9
S01007522,355,16,3,13,80,42,39,18,101,31,14,8,6,14
S01007523,210,11,0,11,59,27,24,7,41,19,8,6,2,14
S01007524,373,13,2,11,81,53,58,27,73,33,18,13,5,17
S01007525,190,6,2,4,34,28,11,13,58,30,7,3,4,3
S01007526,266,8,1,7,53,40,22,18,55,41,16,11,5,13
S01007527,283,9,3,6,64,44,35,17,66,35,6,5,1,7
S01007528,260,11,2,9,51,21,17,23,67,44,13,10,3,13
S01007529,252,14,4,10,73,40,25,6,57,23,5,4,1,9
S01007530,205,8,3,5,49,36,29,11,41,13,4,3,1,14
S01007531,277,7,1,6,80,41,43,9,51,21,9,6,3,16
S01007532,219,14,1,13,48,30,32,10,51,17,9,7,2,8
S01007533,213,5,1,4,48,31,35,9,56,11,9,5,4,9
S01007534,361,10,3,7,66,44,29,21,101,48,21,15,6,21
S01007535,395,15,3,12,72,73,27,12,105,38,31,20,11,22
S01007536,345,16,2,14,57,69,21,17,100,33,14,10,4,18
S01007537,379,15,1,14,81,63,24,26,91,44,19,15,4,16
S01007538,344,18,1,17,82,61,32,15,85,25,12,8,4,14
S01007539,227,11,2,9,74,53,20,7,41,12,4,2,2,5
S01007540,318,8,2,6,48,59,17,22,94,41,12,8,4,17
S01007541,269,9,3,6,69,49,16,13,65,33,7,4,3,8
S01007542,322,10,4,6,69,50,19,17,76,46,18,7,11,17
S01007543,423,7,0,7,73,56,17,29,141,57,19,7,12,24
S01007544,377,29,6,23,103,60,71,11,52,23,10,9,1,18
S01007545,312,22,6,16,82,57,47,9,57,16,4,4,0,18
S01007546,206,12,2,10,54,43,25,8,28,17,5,3,2,14
S01007547,207,20,4,16,55,27,29,6,40,13,7,3,4,10
S01007548,273,11,3,8,63,48,27,13,63,24,14,6,8,10
S01007549,240,14,4,10,54,42,27,16,40,24,10,5,5,13
S01007550,328,26,3,23,77,45,42,16,61,35,11,7,4,15
S01007551,346,30,4,26,94,50,60,12,48,20,14,13,1,18
S01007552,343,5,3,2,38,38,16,23,115,53,26,18,8,29
S01007553,341,2,1,1,42,38,9,24,108,66,34,26,8,18
S01007554,178,2,1,1,15,15,3,7,68,36,18,13,5,14
S01007555,177,4,1,3,45,27,10,7,48,26,4,2,2,6
S01007556,173,2,1,1,17,24,7,10,63,28,12,9,3,10
S01007557,437,3,3,0,44,53,15,27,146,85,28,21,7,36
S01007558,167,7,2,5,42,20,25,8,35,14,7,5,2,9
S01007559,261,21,3,18,71,51,29,11,43,13,5,2,3,17
S01007560,332,15,4,11,59,66,24,19,78,41,13,11,2,17
S01007561,268,10,1,9,47,50,14,15,77,30,12,11,1,13
S01007562,325,20,1,19,82,57,32,9,72,27,7,5,2,19
S01007563,326,19,4,15,101,54,36,7,62,19,9,6,3,19
S01007564,298,17,1,16,80,47,36,11,55,23,9,7,2,20
S01007565,374,27,3,24,82,58,28,14,91,33,15,11,4,26
S01007566,280,5,2,3,60,44,26,16,66,28,8,7,1,27
S01007567,214,10,3,7,67,39,24,7,38,12,3,2,1,14
S01007568,256,19,5,14,73,52,22,15,40,19,5,5,0,11
S01007569,284,9,2,7,75,50,23,13,66,29,4,4,0,15
S01007570,278,30,10,20,70,51,14,13,56,22,11,4,7,11
S01007571,205,16,3,13,67,29,23,4,34,15,4,3,1,13
S01007572,340,10,1,9,72,78,23,15,69,32,24,16,8,17
S01007573,330,21,3,18,113,67,14,16,53,20,5,4,1,21
S01007574,401,5,2,3,55,68,10,22,123,71,22,11,11,25
S01007575,302,3,1,2,44,47,11,19,78,63,20,13,7,17
S01007576,264,5,1,4,21,29,2,17,68,56,55,34,21,11
S01007577,270,4,0,4,28,33,2,10,77,64,27,15,12,25
S01007578,246,0,0,0,17,32,5,17,87,57,19,15,4,12
S01007579,261,3,0,3,40,36,4,12,84,42,20,8,12,20
S01007580,305,3,1,2,27,28,10,26,88,59,29,20,9,35
S01007581,187,3,2,1,21,28,5,18,53,32,20,15,5,7
S01007582,247,4,1,3,32,38,7,17,73,43,18,14,4,15
S01007583,411,7,2,5,42,45,10,29,129,86,41,27,14,22
S01007584,211,7,3,4,28,25,5,15,58,39,21,12,9,13
S01007585,334,16,3,13,78,77,14,15,73,39,7,5,2,15
S01007586,330,6,1,5,57,51,11,13,105,47,20,11,9,20
S01007587,246,19,4,15,78,45,11,11,42,22,11,7,4,7
S01007588,322,26,4,22,96,60,21,15,46,19,10,9,1,29
S01007589,313,15,2,13,83,60,13,12,51,22,20,16,4,37
S01007590,241,29,4,25,73,51,17,7,33,10,4,3,1,17
S01007591,225,11,1,10,61,46,7,9,45,22,9,8,1,15
S01007592,270,9,0,9,53,34,3,21,76,45,16,8,8,13
S01007593,414,27,3,24,104,71,20,22,93,43,11,8,3,23
S01007594,317,17,5,12,85,67,31,9,60,22,7,5,2,19
S01007595,417,30,7,23,117,55,48,24,68,29,20,16,4,26
S01007596,216,16,4,12,43,32,32,10,40,23,8,7,1,12
S01007597,237,12,2,10,74,40,20,12,48,10,2,1,1,19
S01007598,257,20,6,14,77,45,20,14,41,18,2,2,0,20
S01007599,330,22,5,17,91,48,7,11,65,33,15,10,5,38
S01007600,414,50,3,47,118,83,20,17,58,27,15,13,2,26
S01007601,257,13,1,12,86,48,13,5,47,24,6,1,5,15
S01007602,255,11,4,7,77,68,11,12,36,18,5,4,1,17
S01007603,308,15,4,11,121,73,9,10,43,8,8,6,2,21
S01007604,349,18,5,13,113,85,12,15,60,22,8,4,4,16
S01007605,338,14,1,13,108,86,11,13,62,25,1,0,1,18
S01007606,237,6,0,6,76,54,11,10,39,16,8,6,2,17
S01007607,277,13,4,9,82,73,17,12,52,18,3,3,0,7
S01007608,283,10,2,8,106,56,9,7,58,16,5,4,1,16
S01007609,365,8,3,5,76,76,12,16,86,44,24,15,9,23
S01007610,195,6,0,6,49,33,4,9,47,23,15,9,6,9
S01007611,343,21,1,20,71,58,9,21,84,36,25,22,3,18
S01007612,404,8,0,8,72,58,14,26,81,55,43,28,15,47
S01007613,284,23,4,19,87,40,21,9,53,13,16,8,8,22
S01007614,326,30,6,24,120,65,20,4,56,9,3,3,0,19
S01007615,411,23,4,19,125,84,19,17,76,43,9,7,2,15
S01007616,292,6,0,6,69,54,13,19,68,25,13,10,3,25
S01007617,206,1,0,1,34,44,3,7,64,33,9,7,2,11
S01007618,216,0,0,0,39,30,1,16,68,33,9,6,3,20
S01007619,245,1,1,0,28,37,5,10,89,52,15,13,2,8
S01007620,243,7,2,5,67,58,15,14,50,21,1,0,1,10
S01007621,246,1,0,1,63,64,7,17,58,24,2,0,2,10
S01007622,200,2,1,1,45,46,12,13,53,19,3,2,1,7
S01007623,245,15,1,14,62,50,13,9,45,25,9,7,2,17
S01007624,252,8,2,6,58,63,14,6,66,22,3,3,0,12
S01007625,207,9,3,6,45,46,6,6,50,20,6,4,2,19
S01007626,243,11,3,8,61,57,11,11,53,17,4,1,3,18
S01007627,200,17,4,13,54,50,17,8,36,4,5,5,0,9
S01007628,259,11,1,10,74,63,13,13,47,18,6,4,2,14
S01007629,276,13,3,10,76,52,22,16,54,23,6,5,1,14
S01007630,332,24,3,21,85,65,35,12,57,21,7,6,1,26
S01007631,226,20,4,16,63,43,28,8,41,9,6,4,2,8
S01007632,376,12,4,8,78,68,22,21,103,37,17,14,3,18
S01007633,360,9,1,8,75,71,18,20,102,39,15,7,8,11
S01007634,213,12,4,8,51,35,19,12,48,21,5,2,3,10
S01007635,262,11,1,10,79,45,29,15,52,11,3,2,1,17
S01007636,309,12,5,7,67,55,14,11,74,38,20,15,5,18
S01007637,310,7,1,6,41,50,15,17,103,52,17,11,6,8
S01007638,282,12,4,8,65,37,12,24,70,33,14,9,5,15
S01007639,413,9,2,7,60,68,13,16,136,70,18,9,9,23
S01007640,265,6,4,2,63,52,29,18,59,16,6,4,2,16
S01007641,304,22,8,14,59,52,31,23,75,23,11,8,3,8
S01007642,284,15,3,12,75,45,45,13,45,24,9,6,3,13
S01007643,349,18,4,14,91,41,37,25,73,29,15,8,7,20
S01007644,318,16,4,12,75,46,23,26,78,31,10,6,4,13
S01007645,200,8,2,6,59,28,30,12,37,9,6,2,4,11
S01007646,231,24,9,15,47,39,34,13,39,16,7,3,4,12
S01007647,272,17,5,12,66,59,21,9,56,28,7,2,5,9
S01007648,324,11,2,9,66,83,18,22,56,44,7,6,1,17
S01007649,275,4,0,4,43,44,14,16,66,57,17,14,3,14
S01007650,347,9,1,8,89,60,38,9,70,43,9,3,6,20
S01007651,217,13,4,9,47,42,29,8,44,18,8,5,3,8
S01007652,237,7,2,5,46,37,21,20,55,29,8,8,0,14
S01007653,364,19,4,15,69,57,41,23,92,33,5,3,2,25
S01007654,401,9,4,5,71,47,32,27,123,51,16,11,5,25
S01007655,306,15,2,13,73,46,59,16,62,17,7,4,3,11
S01007656,339,13,4,9,82,53,36,15,81,23,15,12,3,21
S01007657,168,4,0,4,46,27,15,8,37,17,4,2,2,10
S01007658,203,9,1,8,53,35,23,8,40,21,3,1,2,11
S01007659,280,18,4,14,55,45,21,21,71,33,8,4,4,8
S01007660,333,5,2,3,40,32,13,27,129,55,15,9,6,17
S01007661,245,6,2,4,49,41,17,12,65,32,9,7,2,14
S01007662,325,7,4,3,60,51,13,22,92,45,17,14,3,18
S01007663,314,14,2,12,77,56,16,15,78,30,3,1,2,25
S01007664,230,2,1,1,38,28,6,15,77,47,8,8,0,9
S01007665,232,6,2,4,40,40,6,15,74,38,6,5,1,7
S01007666,193,9,3,6,41,43,7,13,48,18,5,5,0,9
S01007667,260,8,3,5,64,69,21,17,52,14,4,4,0,11
S01007668,402,7,2,5,57,62,11,24,130,73,23,14,9,15
S01007669,254,5,1,4,28,20,7,11,94,45,26,14,12,18
S01007670,251,3,1,2,37,35,5,13,73,40,24,12,12,21
S01007671,271,27,9,18,77,39,26,11,54,14,4,3,1,19
S01007672,339,21,3,18,96,71,27,8,70,21,8,8,0,17
S01007673,272,7,1,6,65,45,18,21,67,23,7,6,1,19
S01007674,298,3,1,2,38,48,12,24,102,44,16,10,6,11
S01007675,241,6,0,6,58,54,19,14,58,17,5,4,1,10
S01007676,255,16,5,11,56,47,27,17,62,11,5,3,2,14
S01007677,182,6,2,4,39,36,18,7,43,17,4,3,1,12
S01007678,295,5,2,3,41,45,8,22,86,54,15,13,2,19
S01007679,316,1,1,0,47,49,15,25,109,44,19,12,7,7
S01007680,368,14,2,12,83,60,29,16,105,31,4,2,2,26
S01007681,155,3,1,2,25,21,13,12,50,23,1,1,0,7
S01007682,340,60,5,55,102,54,19,10,35,13,15,10,5,32
S01007683,260,61,8,53,75,40,10,4,18,4,11,9,2,37
S01007684,302,40,7,33,109,48,15,6,31,10,5,5,0,38
S01007685,402,58,7,51,78,40,17,4,21,4,5,5,0,175
S01007686,261,39,3,36,88,34,10,5,22,7,12,11,1,44
S01007687,383,62,5,57,88,43,11,5,28,10,12,9,3,124
S01007688,437,41,3,38,75,50,8,11,37,11,13,7,6,191
S01007689,283,37,0,37,53,11,4,3,18,11,15,15,0,131
S01007690,457,25,2,23,63,24,3,12,26,21,24,20,4,259
S01007691,1453,30,2,28,63,37,7,3,38,23,20,14,6,1232
S01007692,459,31,2,29,54,22,9,12,24,10,8,7,1,289
S01007693,482,12,1,11,17,18,6,6,27,11,16,12,4,369
S01007694,512,26,0,26,35,41,8,17,57,17,31,27,4,280
S01007695,377,39,0,39,66,49,7,19,57,27,14,9,5,99
S01007696,342,14,0,14,34,14,3,5,33,24,34,20,14,181
S01007697,360,35,0,35,80,51,11,13,46,38,13,10,3,73
S01007698,422,19,1,18,76,47,8,14,70,30,18,16,2,140
S01007699,337,19,2,17,59,36,8,8,45,28,17,14,3,117
S01007700,380,58,5,53,132,49,12,7,39,20,18,16,2,45
S01007701,201,9,1,8,24,18,1,4,27,28,21,16,5,69
S01007702,456,30,1,29,35,16,6,5,29,8,6,1,5,321
S01007703,313,25,3,22,60,58,14,15,51,27,11,6,5,52
S01007704,359,8,1,7,36,26,8,11,62,54,54,41,13,100
S01007705,297,6,0,6,10,10,1,4,22,13,6,3,3,225
S01007706,375,5,0,5,30,16,2,10,12,3,8,6,2,289
S01007707,346,58,3,55,75,21,11,17,22,7,14,13,1,121
S01007708,242,9,0,9,40,50,5,12,43,29,20,14,6,34
S01007709,227,10,1,9,29,28,4,16,40,32,24,15,9,44
S01007710,322,9,1,8,51,40,6,16,46,32,14,11,3,108
S01007711,444,11,0,11,52,37,6,19,65,47,13,10,3,194
S01007712,266,12,1,11,56,38,7,10,29,17,11,7,4,86
S01007713,205,9,1,8,31,27,5,9,35,25,20,13,7,44
S01007714,251,7,0,7,50,55,3,15,49,28,12,9,3,32
S01007715,208,8,0,8,36,19,3,4,42,30,23,15,8,43
S01007716,348,13,2,11,48,40,11,16,61,49,39,29,10,71
S01007717,353,10,3,7,48,53,7,7,79,54,36,22,14,59
S01007718,254,5,0,5,51,32,2,12,58,54,15,9,6,25
S01007719,387,15,3,12,70,60,10,23,89,57,29,21,8,34
S01007720,283,11,3,8,44,64,7,17,63,42,15,13,2,20
S01007721,310,10,2,8,68,54,9,24,46,54,15,9,6,30
S01007722,323,9,2,7,53,65,6,12,61,60,39,29,10,18
S01007723,347,6,1,5,51,47,3,25,74,81,41,34,7,19
S01007724,227,1,0,1,22,38,3,14,40,35,27,21,6,47
S01007725,314,10,0,10,45,56,3,9,56,61,34,24,10,40
S01007726,318,7,1,6,51,39,5,17,64,46,32,30,2,57
S01007727,429,9,2,7,59,53,7,23,84,73,45,33,12,76
S01007728,292,9,2,7,46,44,5,19,50,28,27,18,9,64
S01007729,313,9,1,8,53,42,5,19,52,42,28,14,14,63
S01007730,313,16,2,14,59,49,10,14,68,22,22,11,11,53
S01007731,299,13,2,11,78,45,8,12,58,30,15,11,4,40
S01007732,276,17,2,15,44,32,10,9,54,29,18,10,8,63
S01007733,323,22,4,18,118,62,14,9,37,13,21,18,3,27
S01007734,307,26,5,21,95,73,21,8,37,20,9,5,4,18
S01007735,330,23,2,21,100,69,15,12,49,20,10,8,2,32
S01007736,288,22,5,17,71,56,14,9,54,15,14,14,0,33
S01007737,408,21,2,19,93,82,16,20,77,41,21,19,2,37
S01007738,256,21,7,14,60,62,6,16,43,29,6,4,2,13
S01007739,211,8,2,6,50,39,7,9,56,25,6,2,4,11
S01007740,216,9,2,7,48,61,7,10,42,17,4,1,3,18
S01007741,279,10,3,7,46,66,8,10,57,42,15,11,4,25
S01007742,253,6,1,5,64,56,4,16,47,35,8,6,2,17
S01007743,331,8,2,6,56,63,4,15,77,56,18,16,2,34
S01007744,299,4,0,4,41,50,4,13,78,54,38,26,12,17
S01007745,250,4,0,4,42,53,3,14,68,39,12,6,6,15
S01007746,348,3,1,2,50,50,6,21,91,73,37,29,8,17
S01007747,215,2,1,1,27,32,4,12,60,37,26,18,8,15
S01007748,269,3,1,2,34,37,6,11,73,50,41,32,9,14
S01007749,273,13,1,12,70,76,9,5,57,12,9,7,2,22
S01007750,327,37,6,31,103,79,18,11,47,10,9,9,0,13
S01007751,254,32,5,27,88,50,14,10,22,10,15,15,0,13
S01007752,227,35,2,33,83,45,4,9,28,7,2,1,1,14
S01007753,206,1,0,1,31,31,2,13,49,50,14,11,3,15
S01007754,324,4,0,4,36,49,9,13,94,67,37,22,15,15
S01007755,318,3,1,2,44,43,6,13,85,63,43,31,12,18
S01007756,229,2,0,2,28,39,5,9,68,50,20,15,5,8
S01007757,307,28,5,23,102,88,12,6,41,9,2,1,1,19
S01007758,337,40,5,35,126,54,26,14,39,8,9,8,1,21
S01007759,400,26,3,23,108,72,18,20,86,25,12,7,5,33
S01007760,221,27,4,23,90,48,14,3,14,6,4,2,2,15
S01007761,328,46,7,39,120,50,18,8,33,13,12,5,7,28
S01007762,311,33,5,28,92,52,21,18,44,23,3,1,2,25
S01007763,172,10,2,8,35,35,13,11,29,21,8,5,3,10
S01007764,309,25,6,19,88,83,20,5,44,8,5,4,1,31
S01007765,258,18,3,15,86,67,11,7,43,13,3,1,2,10
S01007766,336,30,4,26,119,80,12,8,46,12,2,0,2,27
S01007767,343,20,3,17,114,89,13,13,49,14,7,5,2,24
S01007768,250,27,6,21,100,39,9,5,30,6,10,6,4,24
S01007769,283,16,3,13,111,60,17,6,33,12,6,5,1,22
S01007770,280,45,12,33,102,54,16,7,26,4,5,2,3,21
S01007771,207,26,5,21,67,54,10,7,16,7,6,4,2,14
S01007772,356,11,1,10,76,84,8,18,79,31,20,9,11,29
S01007773,312,13,0,13,110,77,9,8,50,14,8,5,3,23
S01007774,345,47,9,38,121,75,15,8,41,11,0,0,0,27
S01007775,335,22,4,18,110,82,12,11,47,9,9,6,3,33
S01007776,254,31,6,25,88,54,9,7,23,9,7,5,2,26
S01007777,332,36,6,30,125,76,12,8,33,6,4,4,0,32
S01007778,183,30,4,26,73,19,6,2,19,11,11,11,0,12
S01007779,285,15,4,11,68,70,12,12,60,27,7,5,2,14
S01007780,310,13,2,11,84,73,16,4,58,26,9,7,2,27
S01007781,372,15,4,11,97,81,13,22,70,47,11,5,6,16
S01007782,173,2,1,1,29,22,1,9,38,35,17,14,3,20
S01007783,310,5,0,5,20,48,2,18,74,84,45,33,12,14
S01007784,266,14,5,9,46,63,7,6,68,28,16,8,8,18
S01007785,239,3,0,3,29,29,4,8,63,43,38,20,18,22
S01007786,303,6,3,3,50,45,5,16,92,64,15,10,5,10
S01007787,272,2,1,1,38,41,5,11,88,50,22,18,4,15
S01007788,244,1,0,1,20,34,8,14,75,39,38,25,13,15
S01007789,245,1,0,1,25,37,4,12,58,49,26,21,5,33
S01007790,318,2,0,2,36,35,2,11,108,51,50,33,17,23
S01007791,176,14,5,9,54,40,10,5,27,12,1,1,0,13
S01007792,350,5,2,3,53,50,8,18,102,68,24,15,9,22
S01007793,359,5,1,4,32,46,11,30,95,67,49,34,15,24
S01007794,233,2,1,1,36,46,4,12,58,41,13,8,5,21
S01007795,244,3,0,3,35,36,7,14,65,56,10,6,4,18
S01007796,267,4,1,3,50,48,3,12,81,38,17,11,6,14
S01007797,201,5,3,2,19,34,7,9,42,47,24,18,6,14
S01007798,240,9,2,7,53,74,11,8,49,13,9,9,0,14
S01007799,228,12,4,8,65,44,12,7,38,14,11,7,4,25
S01007800,359,2,1,1,47,40,9,20,85,90,43,28,15,23
S01007801,363,3,2,1,31,30,9,19,90,73,43,32,11,65
S01007802,209,7,0,7,54,58,7,5,41,10,10,6,4,17
S01007803,413,5,0,5,31,65,5,33,107,90,49,33,16,28
S01007804,253,4,2,2,35,32,6,11,54,49,33,25,8,29
S01007805,213,3,0,3,24,32,4,9,55,39,30,24,6,17
S01007806,233,4,0,4,30,57,5,8,51,55,13,10,3,10
S01007807,274,14,5,9,81,56,10,11,43,23,9,7,2,27
S01007808,327,11,0,11,47,57,12,13,81,50,23,17,6,33
S01007809,356,22,5,17,127,82,10,13,45,25,6,6,0,26
S01007810,324,6,3,3,40,31,6,26,70,82,47,36,11,16
S01007811,335,4,0,4,47,55,9,23,85,50,36,28,8,26
S01007812,316,3,1,2,39,40,5,12,86,59,42,31,11,30
S01007813,292,3,0,3,41,47,4,12,74,53,35,23,12,23
S01007814,230,6,0,6,49,33,4,10,47,44,15,12,3,22
S01007815,357,19,4,15,95,94,12,19,50,28,13,12,1,27
S01007816,264,10,2,8,68,78,10,14,46,20,4,4,0,14
S01007817,193,4,2,2,37,39,5,8,36,48,3,2,1,13
S01007818,296,12,4,8,90,60,9,13,55,35,6,6,0,16
S01007819,308,8,3,5,80,56,6,13,67,47,15,13,2,16
S01007820,389,15,3,12,77,77,10,19,81,58,20,16,4,32
S01007821,226,5,0,5,59,48,3,10,53,25,5,5,0,18
S01007822,289,11,1,10,85,69,10,6,54,36,4,2,2,14
S01007823,278,11,1,10,87,63,9,10,42,23,8,6,2,25
S01007824,273,15,1,14,81,62,9,12,46,18,5,5,0,25
S01007825,374,23,3,20,93,81,17,20,79,21,12,10,2,28
S01007826,213,2,0,2,35,25,3,14,61,43,20,16,4,10
S01007827,260,16,1,15,63,51,9,9,54,20,12,11,1,26
S01007828,372,20,1,19,78,76,6,22,68,49,22,14,8,31
S01007829,223,10,5,5,44,49,6,10,39,40,10,10,0,15
S01007830,334,10,3,7,55,58,4,14,84,58,23,19,4,28
S01007831,333,11,0,11,61,62,7,13,69,41,28,20,8,41
S01007832,254,5,0,5,52,46,4,5,55,43,19,13,6,25
S01007833,284,4,0,4,53,50,9,17,69,51,13,6,7,18
S01007834,295,14,0,14,54,66,3,18,49,39,21,11,10,31
S01007835,266,24,4,20,75,47,8,11,43,27,15,11,4,16
S01007836,197,20,3,17,65,54,2,6,19,10,12,10,2,9
S01007837,318,13,2,11,102,79,18,14,47,15,6,6,0,24
S01007838,328,19,3,16,104,86,12,12,37,21,7,5,2,30
S01007839,267,20,2,18,37,45,6,4,30,32,16,14,2,77
S01007840,282,8,0,8,51,67,6,19,53,47,15,13,2,16
S01007841,270,3,1,2,47,59,8,8,50,37,24,13,11,34
S01007842,291,8,0,8,39,49,8,14,59,44,43,26,17,27
S01007843,274,8,1,7,43,54,7,13,51,43,22,17,5,33
S01007844,367,15,3,12,71,69,7,20,61,53,28,14,14,43
S01007845,348,6,1,5,54,62,6,16,62,76,47,35,12,19
S01007846,278,5,1,4,45,52,5,14,77,44,22,12,10,14
S01007847,355,9,3,6,50,64,5,26,79,70,31,20,11,21
S01007848,293,6,0,6,51,45,3,15,62,55,26,19,7,30
S01007849,352,2,0,2,55,71,7,19,77,57,37,26,11,27
S01007850,283,3,0,3,31,58,7,20,63,57,24,19,5,20
S01007851,328,8,1,7,66,67,11,20,67,62,7,6,1,20
S01007852,251,4,0,4,43,42,4,14,58,31,38,28,10,17
S01007853,233,4,0,4,32,33,6,11,56,39,26,19,7,26
S01007854,414,15,3,12,62,57,10,22,85,65,61,37,24,37
S01007855,180,6,0,6,30,24,5,7,47,31,11,9,2,19
S01007856,338,11,1,10,74,63,4,13,66,51,21,16,5,35
S01007857,210,4,1,3,32,37,5,6,51,35,21,15,6,19
S01007858,413,7,1,6,72,75,11,22,100,63,29,17,12,34
S01007859,189,1,1,0,24,30,6,9,46,43,16,10,6,14
S01007860,224,13,2,11,44,39,10,12,51,24,15,8,7,16
S01007861,246,2,0,2,39,46,2,10,71,44,21,16,5,11
S01007862,291,2,1,1,56,39,3,13,75,69,16,9,7,18
S01007863,351,2,0,2,43,59,4,26,77,79,36,28,8,25
S01007864,370,7,1,6,63,79,2,13,98,62,26,18,8,20
S01007865,251,21,6,15,92,51,6,3,34,9,6,4,2,29
S01007866,214,13,2,11,76,51,5,5,26,10,2,1,1,26
S01007867,180,23,0,23,58,38,9,9,15,9,4,3,1,15
S01007868,361,28,2,26,133,83,6,9,46,12,11,7,4,33
S01007869,373,66,8,58,115,65,14,16,33,8,16,10,6,40
S01007870,199,11,3,8,32,30,12,17,55,18,7,5,2,17
S01007871,256,0,0,0,20,23,8,19,75,61,36,25,11,14
S01007872,288,2,0,2,29,26,6,11,90,65,41,30,11,18
S01007873,251,3,0,3,35,44,13,13,61,50,20,16,4,12
S01007874,274,5,1,4,38,44,6,20,80,52,13,8,5,16
S01007875,206,3,0,3,50,27,7,14,53,31,9,7,2,12
S01007876,381,8,2,6,83,74,22,26,96,34,18,11,7,20
S01007877,285,4,1,3,37,53,15,15,83,43,23,17,6,12
S01007878,246,3,0,3,39,26,7,19,76,40,20,15,5,16
S01007879,297,4,1,3,32,41,3,18,99,56,21,16,5,23
S01007880,156,9,3,6,45,22,20,3,26,13,7,3,4,11
S01007881,206,3,1,2,35,26,11,14,56,33,16,7,9,12
S01007882,300,23,5,18,89,53,36,10,41,14,4,2,2,30
S01007883,412,22,7,15,101,83,22,17,84,40,11,10,1,32
S01007884,247,3,0,3,36,47,8,15,64,40,17,13,4,17
S01007885,297,9,0,9,30,34,13,21,67,56,48,28,20,19
S01007886,327,6,2,4,74,60,11,26,70,36,21,17,4,23
S01007887,203,11,5,6,59,34,22,7,35,13,4,3,1,18
S01007888,425,1,1,0,39,58,9,28,122,90,44,28,16,34
S01007889,213,0,0,0,24,32,4,18,69,43,12,8,4,11
S01007890,295,11,0,11,59,37,15,20,79,45,17,13,4,12
S01007891,325,9,2,7,72,63,9,14,89,37,6,5,1,26
S01007892,283,11,2,9,78,52,22,14,57,26,7,6,1,16
S01007893,391,19,2,17,119,62,25,20,70,29,18,15,3,29
S01007894,349,14,3,11,52,54,14,19,90,58,17,13,4,31
S01007895,215,8,4,4,58,40,14,7,46,19,8,3,5,15
S01007896,337,4,0,4,46,39,17,17,94,59,32,21,11,29
S01007897,154,12,1,11,46,21,19,8,31,3,3,1,2,11
S01007898,168,9,1,8,44,31,20,3,26,15,5,3,2,15
S01007899,131,9,1,8,28,27,22,3,20,13,3,1,2,6
S01007900,217,4,3,1,29,26,5,6,62,44,26,20,6,15
S01007901,268,3,0,3,35,49,8,14,63,48,20,15,5,28
S01007902,347,0,0,0,28,57,12,24,94,72,44,37,7,16
S01007903,246,2,1,1,42,44,18,14,63,35,14,10,4,14
S01007904,317,19,3,16,94,45,34,15,41,30,9,7,2,30
S01007905,266,2,1,1,21,27,1,14,85,58,44,26,18,14
S01007906,293,4,2,2,30,34,8,23,63,83,28,17,11,20
S01007907,218,3,1,2,27,25,6,18,61,42,17,11,6,19
S01007908,349,8,4,4,70,55,14,15,91,57,20,16,4,19
S01007909,201,2,1,1,30,33,3,13,53,42,11,8,3,14
S01007910,349,3,1,2,54,42,13,16,76,71,32,23,9,42
S01007911,295,3,1,2,62,56,11,12,77,38,13,10,3,23
S01007912,312,4,1,3,62,51,7,20,81,50,19,15,4,18
S01007913,217,0,0,0,40,21,6,11,57,46,24,21,3,12
S01007914,255,4,2,2,37,31,5,14,68,45,23,16,7,28
S01007915,319,6,1,5,43,67,6,26,82,46,18,8,10,25
S01007916,304,7,1,6,49,59,13,12,66,59,20,16,4,19
S01007917,328,3,2,1,55,60,7,26,72,59,24,19,5,22
S01007918,328,11,2,9,73,64,9,17,65,44,21,19,2,24
S01007919,294,17,2,15,102,65,13,7,42,15,6,6,0,27
S01007920,234,13,2,11,62,59,14,12,35,21,5,4,1,13
S01007921,349,6,1,5,40,46,9,22,86,85,38,26,12,17
S01007922,353,1,0,1,44,44,14,19,95,78,39,25,14,19
S01007923,377,14,8,6,89,69,14,20,85,46,7,4,3,33
S01007924,378,2,0,2,65,42,10,22,102,74,33,21,12,28
S01007925,177,18,2,16,52,27,34,6,16,8,4,2,2,12
S01007926,176,17,4,13,47,38,21,5,23,9,5,3,2,11
S01007927,241,19,1,18,71,46,40,7,25,12,6,6,0,15
S01007928,392,38,9,29,111,81,34,11,53,22,18,14,4,24
S01007929,275,31,4,27,78,38,34,17,34,11,5,5,0,27
S01007930,229,31,4,27,69,32,32,6,21,13,6,4,2,19
S01007931,438,49,16,33,126,87,24,10,56,42,16,13,3,28
S01007932,339,24,3,21,116,68,18,11,42,16,9,7,2,35
S01007933,337,22,6,16,84,51,18,14,66,31,15,8,7,36
S01007934,268,8,3,5,58,56,14,8,41,37,16,12,4,30
S01007935,308,23,3,20,72,66,15,13,56,27,19,13,6,17
S01007936,380,46,8,38,119,88,19,15,40,11,10,6,4,32
S01007937,425,42,11,31,133,88,17,13,66,31,10,7,3,25
S01007938,321,10,3,7,57,69,17,13,75,43,17,9,8,20
S01007939,334,7,1,6,51,61,7,15,97,45,30,21,9,21
S01007940,367,19,3,16,74,65,26,15,71,61,17,12,5,19
S01007941,266,7,2,5,67,77,15,7,43,26,6,4,2,18
S01007942,171,6,0,6,30,42,11,10,26,27,13,7,6,6
S01007943,250,11,3,8,59,48,17,13,55,32,7,7,0,8
S01007944,355,15,5,10,64,60,20,25,73,57,21,14,7,20
S01007945,311,14,1,13,65,53,22,20,54,31,21,14,7,31
S01007946,296,10,1,9,55,50,15,15,61,38,19,14,5,33
S01007947,290,15,3,12,72,52,13,12,57,34,13,12,1,22
S01007948,253,6,2,4,35,28,10,10,59,61,32,22,10,12
S01007949,327,8,2,6,88,86,11,13,61,35,11,8,3,14
S01007950,369,18,4,14,105,92,22,13,52,22,9,6,3,36
S01007951,296,8,1,7,71,63,14,6,53,40,15,8,7,26
S01007952,246,5,1,4,31,41,21,18,61,37,21,15,6,11
S01007953,385,7,0,7,58,62,16,22,100,62,18,7,11,40
S01007954,281,4,0,4,32,26,11,19,81,53,27,17,10,28
S01007955,326,2,0,2,42,47,11,17,97,50,40,21,19,20
S01007956,295,4,0,4,40,50,9,20,68,56,21,12,9,27
S01007957,367,3,1,2,54,62,12,17,100,72,21,20,1,26
S01007958,334,7,3,4,49,52,16,21,78,52,39,27,12,20
S01007959,299,10,1,9,73,71,13,12,70,32,6,5,1,12
S01007960,293,2,0,2,41,50,9,16,86,51,15,8,7,23
S01007961,289,22,5,17,74,55,33,9,44,16,19,19,0,17
S01007962,229,7,3,4,23,38,8,10,50,48,21,16,5,24
S01007963,365,4,1,3,19,43,12,26,88,81,73,50,23,19
S01007964,297,4,1,3,32,38,4,20,78,69,26,16,10,26
S01007965,217,1,1,0,24,36,5,16,58,34,22,15,7,21
S01007966,386,11,3,8,47,51,5,15,97,78,47,25,22,35
S01007967,244,2,0,2,27,31,3,9,81,40,38,27,11,13
S01007968,323,2,1,1,48,77,7,17,73,56,13,6,7,30
S01007969,305,1,0,1,55,69,9,8,90,43,15,8,7,15
S01007970,335,8,2,6,68,64,10,15,78,50,23,12,11,19
S01007971,345,5,3,2,59,59,8,19,82,57,26,16,10,30
S01007972,308,4,2,2,52,53,5,16,88,58,13,10,3,19
S01007973,343,11,2,9,100,97,11,10,60,33,6,4,2,15
S01007974,329,5,1,4,50,58,9,13,76,61,33,22,11,24
S01007975,228,3,1,2,36,50,5,11,58,37,14,8,6,14
S01007976,277,7,3,4,48,54,6,14,70,43,20,8,12,15
S01007977,272,18,5,13,76,50,4,18,55,23,5,3,2,23
S01007978,211,4,1,3,54,40,7,8,46,25,13,7,6,14
S01007979,311,21,4,17,121,60,7,10,39,16,11,7,4,26
S01007980,266,11,4,7,70,55,11,13,49,32,9,7,2,16
S01007981,227,7,0,7,61,75,8,7,38,16,8,7,1,7
S01007982,215,10,2,8,54,52,9,8,44,15,2,1,1,21
S01007983,298,4,0,4,34,49,7,11,86,68,20,14,6,19
S01007984,325,9,0,9,70,60,13,9,73,48,18,12,6,25
S01007985,371,3,2,1,43,57,13,19,105,68,34,19,15,29
S01007986,227,6,1,5,41,53,7,11,57,30,5,5,0,17
S01007987,297,13,1,12,62,62,9,14,59,39,12,5,7,27
S01007988,333,3,0,3,49,68,4,14,97,59,23,16,7,16
S01007989,281,6,3,3,42,41,15,10,78,42,22,13,9,25
S01007990,357,7,2,5,57,73,9,23,81,50,22,10,12,35
S01007991,353,28,8,20,126,88,15,9,41,9,8,6,2,29
S01007992,249,21,2,19,67,61,14,12,23,10,4,2,2,37
S01007993,350,14,3,11,103,80,22,17,66,18,5,3,2,25
S01007994,309,28,4,24,105,69,15,10,39,9,7,4,3,27
S01007995,341,33,6,27,106,69,9,11,56,19,7,3,4,31
S01007996,180,18,3,15,56,30,13,9,24,11,8,6,2,11
S01007997,266,20,1,19,103,46,15,14,37,10,8,6,2,13
S01007998,202,15,4,11,60,38,19,11,26,10,6,5,1,17
S01007999,266,3,0,3,33,32,9,11,91,46,19,9,10,22
S01008000,352,4,0,4,41,53,10,17,98,63,35,27,8,31
S01008001,325,4,0,4,22,35,5,15,87,77,51,35,16,29
S01008002,299,5,3,2,25,35,14,20,74,43,58,41,17,25
S01008003,235,4,1,3,45,33,8,8,58,38,16,8,8,25
S01008004,245,14,2,12,71,47,6,7,42,26,10,5,5,22
S01008005,228,13,3,10,56,43,10,11,44,16,14,8,6,21
S01008006,230,3,1,2,21,17,7,16,55,55,37,31,6,19
S01008007,162,3,0,3,21,22,0,10,34,27,27,16,11,18
S01008008,236,7,0,7,38,28,9,9,47,48,34,24,10,16
S01008009,303,9,3,6,53,49,14,20,64,40,36,29,7,18
S01008010,348,9,4,5,68,61,11,20,67,42,40,27,13,30
S01008011,225,1,0,1,47,28,6,11,50,46,25,21,4,11
S01008012,310,17,4,13,74,57,15,19,55,31,13,9,4,29
S01008013,232,15,2,13,46,53,11,9,40,34,9,6,3,15
S01008014,246,13,4,9,73,45,17,8,37,25,5,5,0,23
S01008015,304,10,1,9,64,60,5,21,55,58,18,12,6,13
S01008016,305,10,1,9,64,54,13,21,71,33,24,16,8,15
S01008017,333,18,7,11,117,80,11,9,47,11,7,5,2,33
S01008018,254,22,3,19,75,52,10,6,41,19,1,1,0,28
S01008019,260,21,2,19,95,45,12,5,45,11,5,4,1,21
S01008020,240,14,1,13,62,59,11,9,36,18,7,5,2,24
S01008021,227,17,4,13,79,48,11,5,35,6,4,2,2,22
S01008022,278,18,5,13,95,62,14,8,35,18,3,2,1,25
S01008023,267,29,6,23,77,58,12,8,45,4,4,2,2,30
S01008024,252,34,4,30,97,49,14,5,23,11,2,2,0,17
S01008025,290,15,3,12,67,82,11,11,49,25,12,10,2,18
S01008026,383,5,1,4,81,79,11,19,83,64,20,16,4,21
S01008027,234,8,2,6,44,61,3,12,33,38,13,8,5,22
S01008028,218,9,2,7,49,50,8,11,49,24,6,5,1,12
S01008029,324,27,3,24,86,58,31,11,56,23,18,14,4,14
S01008030,435,32,4,28,139,80,30,11,64,42,5,5,0,32
S01008031,353,21,4,17,61,67,14,19,81,42,22,17,5,26
S01008032,361,11,1,10,74,74,19,15,74,63,6,3,3,25
S01008033,295,40,8,32,105,54,14,7,23,7,2,2,0,43
S01008034,305,43,6,37,110,53,16,5,29,4,6,5,1,39
S01008035,252,23,4,19,75,85,9,9,27,5,4,3,1,15
S01008036,253,23,1,22,85,56,6,4,36,12,5,1,4,26
S01008037,401,15,1,14,90,68,10,24,119,35,8,6,2,32
S01008038,290,11,1,10,60,58,6,12,77,36,6,3,3,24
S01008039,342,17,5,12,78,62,9,19,86,28,7,2,5,36
S01008040,301,36,3,33,79,68,14,13,44,15,4,2,2,28
S01008041,248,32,4,28,79,49,13,7,39,12,3,1,2,14
S01008042,210,42,4,38,75,37,10,2,23,4,4,3,1,13
S01008043,333,54,4,50,129,58,27,4,30,6,5,3,2,20
S01008044,362,51,6,45,134,61,21,6,42,6,6,6,0,35
S01008045,359,49,4,45,115,64,32,10,37,18,13,9,4,21
S01008046,310,32,12,20,76,67,3,14,52,25,25,17,8,16
S01008047,248,29,2,27,92,56,12,3,23,6,2,2,0,25
S01008048,215,25,6,19,69,50,10,4,26,3,7,4,3,21
S01008049,311,29,5,24,128,81,12,3,25,3,4,1,3,26
S01008050,237,35,6,29,87,49,11,3,11,7,9,6,3,25
S01008051,319,62,9,53,109,62,11,8,28,7,6,5,1,26
S01008052,301,67,11,56,110,57,15,4,21,5,8,7,1,14
S01008053,220,39,3,36,89,42,9,4,12,9,1,0,1,15
S01008054,258,47,5,42,93,50,14,4,15,9,5,3,2,21
S01008055,379,67,6,61,149,63,17,5,27,4,8,7,1,39
S01008056,252,52,6,46,83,45,9,6,27,5,3,2,1,22
S01008057,319,47,5,42,131,61,18,1,26,4,4,4,0,27
S01008058,368,62,7,55,111,57,19,8,45,6,11,8,3,49
S01008059,275,25,0,25,82,75,17,6,23,11,6,6,0,30
S01008060,373,44,9,35,107,93,24,7,35,10,9,5,4,44
S01008061,260,25,3,22,87,63,15,9,28,11,5,4,1,17
S01008062,340,26,2,24,114,93,16,12,42,14,4,1,3,19
S01008063,345,46,5,41,118,73,15,6,38,2,10,8,2,37
S01008064,285,15,0,15,64,59,8,13,54,27,16,9,7,29
S01008065,365,66,7,59,136,64,14,8,30,6,3,3,0,38
S01008066,334,91,7,84,117,30,16,7,25,2,8,5,3,38
S01008067,241,51,5,46,84,35,9,5,24,4,4,4,0,25
S01008068,368,42,7,35,126,80,19,9,39,15,8,8,0,30
S01008069,372,23,6,17,106,100,13,8,62,19,9,4,5,32
S01008070,362,21,3,18,105,99,10,8,70,14,6,2,4,29
S01008071,274,30,5,25,97,63,10,9,25,9,4,3,1,27
S01008072,311,57,7,50,114,55,12,9,25,7,6,4,2,26
S01008073,172,46,9,37,59,23,14,0,11,2,2,2,0,15
S01008074,376,58,13,45,135,70,18,11,35,5,4,4,0,40
S01008075,204,37,3,34,65,46,12,5,14,4,3,3,0,18
S01008076,223,44,4,40,70,50,11,5,21,1,7,6,1,14
S01008077,286,59,7,52,111,51,12,6,15,3,9,6,3,20
S01008078,296,43,4,39,99,56,14,9,27,8,11,9,2,29
S01008079,329,54,5,49,132,59,18,9,26,7,14,10,4,10
S01008080,258,32,5,27,94,58,14,4,29,8,3,2,1,16
S01008081,223,35,7,28,75,38,13,3,27,6,5,4,1,21
S01008082,317,46,6,40,116,62,7,10,26,11,11,10,1,28
S01008083,275,32,2,30,101,57,13,6,31,4,5,4,1,26
S01008084,348,29,3,26,106,74,21,13,43,15,9,4,5,38
S01008085,382,38,4,34,127,71,25,8,43,10,5,3,2,55
S01008086,415,43,7,36,125,88,28,9,61,28,6,3,3,27
S01008087,313,32,5,27,92,85,9,3,41,14,5,4,1,32
S01008088,356,23,5,18,101,102,10,11,54,13,11,7,4,31
S01008089,252,21,4,17,80,63,9,3,34,5,6,4,2,31
S01008090,279,29,6,23,64,74,11,7,40,20,7,4,3,27
S01008091,153,13,3,10,44,32,3,7,28,8,3,2,1,15
S01008092,310,26,0,26,99,80,13,6,33,7,6,4,2,40
S01008093,298,28,8,20,89,85,12,7,32,8,6,5,1,31
S01008094,250,26,1,25,85,55,19,5,23,6,4,3,1,27
S01008095,301,21,4,17,80,91,8,12,40,19,6,4,2,24
S01008096,281,27,8,19,96,65,12,4,43,9,3,2,1,22
S01008097,227,12,5,7,71,54,10,9,32,11,2,1,1,26
S01008098,284,27,9,18,93,72,8,7,26,14,5,5,0,32
S01008099,194,14,3,11,54,57,3,7,31,9,3,0,3,16
S01008100,351,53,8,45,114,65,15,11,36,17,11,6,5,29
S01008101,322,30,7,23,106,57,5,11,49,21,10,7,3,33
S01008102,304,12,1,11,82,79,12,7,53,20,10,6,4,29
S01008103,247,13,3,10,66,44,11,7,50,27,15,9,6,14
S01008104,351,12,0,12,56,92,7,18,73,44,23,17,6,26
S01008105,423,15,6,9,92,100,13,16,80,49,29,18,11,29
S01008106,316,9,1,8,62,60,11,12,73,41,28,20,8,20
S01008107,306,34,5,29,85,61,25,13,38,12,10,9,1,28
S01008108,285,23,7,16,81,70,12,4,45,17,6,3,3,27
S01008109,380,19,5,14,90,117,13,5,64,25,10,6,4,37
S01008110,335,14,2,12,112,88,10,10,47,11,7,3,4,36
S01008111,322,25,4,21,108,85,4,9,48,12,2,2,0,29
S01008112,327,9,0,9,97,93,7,9,68,10,6,5,1,28
S01008113,357,30,3,27,107,95,9,13,52,15,2,1,1,34
S01008114,256,25,5,20,67,65,10,7,40,16,6,3,3,20
S01008115,367,15,1,14,89,109,15,15,53,20,10,6,4,41
S01008116,379,38,6,32,114,96,12,7,46,15,11,7,4,40
S01008117,299,31,7,24,102,66,10,9,26,7,13,7,6,35
S01008118,322,18,0,18,99,68,15,11,58,16,7,5,2,30
S01008119,263,11,2,9,54,47,6,17,58,27,21,15,6,22
S01008120,231,24,7,17,83,55,6,1,34,10,5,4,1,13
S01008121,237,30,6,24,96,52,8,6,23,6,3,1,2,13
S01008122,253,51,3,48,88,49,11,2,12,7,4,4,0,29
S01008123,344,58,9,49,141,64,10,4,24,5,6,6,0,32
S01008124,328,22,4,18,118,84,10,5,29,14,4,3,1,42
S01008125,339,22,3,19,113,89,11,8,46,13,5,4,1,32
S01008126,327,36,4,32,107,86,11,9,34,2,6,2,4,36
S01008127,182,24,2,22,73,41,4,1,22,3,4,2,2,10
S01008128,353,30,5,25,119,84,10,10,40,17,10,4,6,33
S01008129,354,13,4,9,103,78,8,13,68,34,18,12,6,19
S01008130,358,14,2,12,97,76,9,14,60,39,18,13,5,31
S01008131,306,12,1,11,73,73,9,16,60,23,12,6,6,28
S01008132,370,34,7,27,144,90,10,13,39,10,8,5,3,22
S01008133,235,19,5,14,64,43,9,7,47,17,12,12,0,17
S01008134,235,21,2,19,70,50,8,12,41,7,8,6,2,18
S01008135,436,22,4,18,134,85,17,20,77,28,21,18,3,32
S01008136,345,17,3,14,83,81,7,20,77,27,21,17,4,12
S01008137,353,7,1,6,38,40,6,25,106,65,39,31,8,27
S01008138,320,5,1,4,45,46,8,20,97,47,32,22,10,20
S01008139,336,9,2,7,69,75,10,20,72,35,19,9,10,27
S01008140,177,12,5,7,23,39,3,2,42,37,13,11,2,6
S01008141,330,14,0,14,100,78,16,8,62,11,9,8,1,32
S01008142,329,15,3,12,98,88,8,8,53,16,10,2,8,33
S01008143,380,10,0,10,98,79,12,14,84,40,19,13,6,24
S01008144,235,16,3,13,71,57,14,7,33,7,5,4,1,25
S01008145,291,7,0,7,60,44,10,16,66,42,22,13,9,24
S01008146,194,6,0,6,33,40,6,15,44,28,10,6,4,12
S01008147,320,9,2,7,76,67,6,16,91,21,12,7,5,22
S01008148,302,15,2,13,86,76,6,15,58,17,8,8,0,21
S01008149,290,9,0,9,73,69,6,11,57,30,7,3,4,28
S01008150,364,11,2,9,77,78,10,12,88,51,14,11,3,23
S01008151,253,13,2,11,48,43,8,17,68,21,10,7,3,25
S01008152,429,21,4,17,92,95,10,18,98,42,19,14,5,34
S01008153,332,22,3,19,105,83,11,6,42,16,4,2,2,43
S01008154,332,32,4,28,106,73,16,9,54,17,7,3,4,18
S01008155,286,23,5,18,86,60,5,16,45,6,12,9,3,33
S01008156,368,23,5,18,101,73,17,16,70,25,12,8,4,31
S01008157,300,34,5,29,88,63,11,11,41,11,8,4,4,33
S01008158,315,18,1,17,103,85,12,9,43,11,4,3,1,30
S01008159,367,16,3,13,78,58,9,21,91,39,31,20,11,24
S01008160,347,18,2,16,66,50,12,15,91,37,27,16,11,31
S01008161,396,30,6,24,159,71,25,12,49,16,5,3,2,29
S01008162,379,37,4,33,120,64,14,11,73,33,4,3,1,23
S01008163,287,7,1,6,37,54,16,17,77,43,17,13,4,19
S01008164,842,12,1,11,45,52,3,15,68,34,8,6,2,605
S01008165,264,21,3,18,81,68,20,7,37,8,7,5,2,15
S01008166,199,3,0,3,32,28,7,12,67,26,10,8,2,14
S01008167,278,2,2,0,35,51,9,22,77,40,19,12,7,23
S01008168,324,14,1,13,47,65,10,9,94,37,26,18,8,22
S01008169,282,3,0,3,53,53,7,16,79,41,8,7,1,22
S01008170,225,26,3,23,62,45,10,4,42,14,5,2,3,17
S01008171,287,16,3,13,68,64,6,18,58,21,8,6,2,28
S01008172,229,7,5,2,51,69,4,8,47,23,3,2,1,17
S01008173,267,18,3,15,65,71,5,6,55,21,5,3,2,21
S01008174,210,13,2,11,44,69,8,5,35,17,0,0,0,19
S01008175,311,26,4,22,57,70,10,8,63,47,10,5,5,20
S01008176,292,49,6,43,87,49,21,9,29,12,9,3,6,27
S01008177,284,9,2,7,64,75,10,13,65,30,7,4,3,11
S01008178,269,10,2,8,63,95,7,4,48,19,7,5,2,16
S01008179,203,12,1,11,52,56,10,10,34,5,0,0,0,24
S01008180,191,9,5,4,58,56,11,3,32,4,1,1,0,17
S01008181,261,19,7,12,64,80,14,9,32,9,9,8,1,25
S01008182,406,28,2,26,99,94,12,18,63,39,12,8,4,41
S01008183,247,19,5,14,56,62,8,16,41,14,10,6,4,21
S01008184,303,24,6,18,68,67,15,8,46,27,14,7,7,34
S01008185,411,18,4,14,98,95,16,18,79,39,13,6,7,35
S01008186,315,9,1,8,90,55,9,9,44,17,10,5,5,72
S01008187,238,18,3,15,44,39,7,10,65,19,18,15,3,18
S01008188,355,8,0,8,52,64,17,20,80,43,23,16,7,48
S01008189,234,19,3,16,45,59,10,10,37,24,7,2,5,23
S01008190,349,4,0,4,60,62,6,12,97,55,23,14,9,30
S01008191,204,5,1,4,36,45,7,11,43,25,16,12,4,16
S01008192,351,19,2,17,72,71,15,15,65,39,26,18,8,29
S01008193,294,13,1,12,68,65,15,12,75,20,9,5,4,17
S01008194,228,18,2,16,59,39,9,12,43,24,14,7,7,10
S01008195,309,7,2,5,45,67,11,20,80,39,12,10,2,28
S01008196,296,7,3,4,45,61,12,11,70,39,26,13,13,25
S01008197,364,28,6,22,121,84,11,17,48,25,16,7,9,14
S01008198,267,8,2,6,44,54,8,23,75,36,6,5,1,13
S01008199,297,5,0,5,30,37,5,27,95,58,28,18,10,12
S01008200,258,9,1,8,43,48,5,10,75,45,14,12,2,9
S01008201,284,6,1,5,48,49,6,12,88,43,17,12,5,15
S01008202,222,7,2,5,40,56,4,8,56,27,6,5,1,18
S01008203,220,6,1,5,36,34,12,15,54,36,16,9,7,11
S01008204,318,16,4,12,67,66,14,8,73,44,18,13,5,12
S01008205,260,6,1,5,43,52,10,14,73,34,10,6,4,18
S01008206,232,5,0,5,40,52,4,11,65,36,14,12,2,5
S01008207,220,4,1,3,21,37,10,8,77,38,14,8,6,11
S01008208,318,20,6,14,87,77,10,21,52,24,9,2,7,18
S01008209,215,15,2,13,53,59,13,9,38,9,2,2,0,17
S01008210,352,20,4,16,79,82,26,7,76,31,12,5,7,19
S01008211,342,27,6,21,81,79,20,14,60,30,14,9,5,17
S01008212,223,10,2,8,64,69,5,9,39,8,7,5,2,12
S01008213,375,36,7,29,95,90,20,10,65,20,10,4,6,29
S01008214,256,15,7,8,57,54,8,14,62,33,10,7,3,3
S01008215,291,11,1,10,66,73,12,11,59,21,10,7,3,28
S01008216,199,16,2,14,54,53,10,2,34,10,4,2,2,16
S01008217,218,23,5,18,69,57,18,2,26,6,3,1,2,14
S01008218,388,33,6,27,110,104,28,11,49,22,4,3,1,27
S01008219,389,18,0,18,87,86,23,15,88,28,21,14,7,23
S01008220,235,6,1,5,34,33,7,19,71,31,14,12,2,20
S01008221,259,8,1,7,38,29,19,10,83,27,29,23,6,16
S01008222,223,4,1,3,39,42,8,9,68,26,12,6,6,15
S01008223,225,4,1,3,42,52,6,7,67,23,13,8,5,11
S01008224,373,15,4,11,73,121,9,16,89,22,10,7,3,18
S01008225,286,6,1,5,63,71,5,10,72,31,5,4,1,23
S01008226,265,7,1,6,38,52,8,8,78,47,14,12,2,13
S01008227,315,9,0,9,51,52,8,22,93,56,12,11,1,12
S01008228,247,13,2,11,70,53,17,13,46,13,9,7,2,13
S01008229,278,7,2,5,53,55,9,18,75,40,11,8,3,10
S01008230,305,20,3,17,89,76,14,6,61,10,7,4,3,22
S01008231,270,17,3,14,67,87,11,10,40,13,5,4,1,20
S01008232,241,27,4,23,70,61,2,12,34,14,12,7,5,9
S01008233,166,12,3,9,44,42,10,7,20,18,6,4,2,7
S01008234,155,2,0,2,20,28,7,10,50,23,6,6,0,9
S01008235,301,11,2,9,79,74,10,7,68,29,6,2,4,17
S01008236,319,19,4,15,90,68,12,16,67,19,12,3,9,16
S01008237,322,25,10,15,73,63,22,14,64,31,11,8,3,19
S01008238,282,8,1,7,52,59,9,19,62,34,22,15,7,17
S01008239,293,12,4,8,63,70,19,12,70,31,6,5,1,10
S01008240,343,22,2,20,129,87,28,8,43,11,2,0,2,13
S01008241,249,27,6,21,85,59,24,6,29,8,4,2,2,7
S01008242,315,20,2,18,98,62,22,17,50,23,8,3,5,15
S01008243,326,30,3,27,111,60,32,6,49,17,4,4,0,17
S01008244,226,20,3,17,79,34,24,6,32,14,6,4,2,11
S01008245,358,19,2,17,140,65,30,10,54,22,3,2,1,15
S01008246,362,39,9,30,125,76,25,8,40,16,6,4,2,27
S01008247,306,35,11,24,91,48,32,6,50,16,6,3,3,22
S01008248,331,33,6,27,89,50,32,16,55,26,11,8,3,19
S01008249,335,38,14,24,102,56,42,9,45,17,6,5,1,20
S01008250,402,46,7,39,155,64,32,11,45,14,13,10,3,22
S01008251,270,38,3,35,87,61,13,6,26,10,2,1,1,27
S01008252,305,17,3,14,110,72,14,4,53,13,4,2,2,18
S01008253,277,9,2,7,65,52,8,19,66,37,14,10,4,7
S01008254,367,14,0,14,71,60,19,30,88,45,14,10,4,26
S01008255,286,12,2,10,74,57,11,11,73,21,9,8,1,18
S01008256,307,14,1,13,53,47,14,17,79,44,16,10,6,23
S01008257,216,14,1,13,56,30,17,16,40,20,12,9,3,11
S01008258,316,22,2,20,84,71,22,17,58,15,5,2,3,22
S01008259,268,21,5,16,80,44,28,17,38,20,7,4,3,13
S01008260,325,12,4,8,75,49,12,21,92,35,15,9,6,14
S01008261,339,9,1,8,64,46,19,13,91,50,24,15,9,23
S01008262,242,32,5,27,64,31,24,5,45,21,4,2,2,16
S01008263,207,25,2,23,73,42,17,6,29,6,5,4,1,4
S01008264,265,17,2,15,59,47,15,14,63,26,14,8,6,10
S01008265,239,28,4,24,71,58,20,9,25,12,4,2,2,12
S01008266,248,36,6,30,85,46,22,5,26,13,6,5,1,9
S01008267,306,35,9,26,98,47,25,16,41,23,6,4,2,15
S01008268,291,45,5,40,101,42,36,12,27,10,3,0,3,15
S01008269,266,22,7,15,94,50,24,9,36,8,6,5,1,17
S01008270,276,34,5,29,106,45,21,7,25,18,5,2,3,15
S01008271,253,24,5,19,71,35,21,11,40,16,16,9,7,19
S01008272,380,41,9,32,112,53,35,12,72,22,6,4,2,27
S01008273,314,30,8,22,99,55,16,9,66,10,8,8,0,21
S01008274,266,12,2,10,51,40,16,15,78,28,11,5,6,15
S01008275,201,27,7,20,69,29,15,5,26,14,4,1,3,12
S01008276,199,24,0,24,60,38,21,6,26,9,3,3,0,12
S01008277,195,20,5,15,64,25,31,6,20,7,12,6,6,10
S01008278,299,37,6,31,105,43,36,6,39,14,7,4,3,12
S01008279,274,19,4,15,72,50,17,9,61,23,7,2,5,16
S01008280,334,36,3,33,100,48,40,17,55,16,5,3,2,17
S01008281,278,26,2,24,89,47,30,8,37,16,9,6,3,16
S01008282,275,22,5,17,67,54,29,15,42,30,7,5,2,9
S01008283,181,20,3,17,55,39,13,9,21,6,4,1,3,14
S01008284,321,19,3,16,88,66,23,11,53,42,8,6,2,11
S01008285,301,8,2,6,42,44,14,16,91,58,13,10,3,15
S01008286,282,9,2,7,65,45,8,12,61,46,6,5,1,30
S01008287,295,17,5,12,70,46,15,13,59,36,14,11,3,25
S01008288,308,22,3,19,84,48,21,16,58,32,10,7,3,17
S01008289,258,9,2,7,54,46,16,20,56,43,7,6,1,7
S01008290,330,36,11,25,89,50,27,15,53,25,16,13,3,19
S01008291,265,13,2,11,60,71,12,11,63,21,6,3,3,8
S01008292,304,13,2,11,59,49,21,11,77,38,17,13,4,19
S01008293,210,22,5,17,70,49,13,6,27,8,1,0,1,14
S01008294,320,24,1,23,88,72,19,10,54,26,7,5,2,20
S01008295,390,19,2,17,102,97,10,23,77,17,5,4,1,40
S01008296,239,8,1,7,43,38,12,13,60,25,11,8,3,29
S01008297,283,18,1,17,91,69,10,8,39,19,10,6,4,19
S01008298,277,10,3,7,86,63,14,13,49,9,11,10,1,22
S01008299,275,13,4,9,56,42,9,9,66,37,26,15,11,17
S01008300,351,8,4,4,81,62,10,12,86,34,20,15,5,38
S01008301,336,17,3,14,86,88,15,13,60,19,3,3,0,35
S01008302,284,30,4,26,95,55,30,5,32,15,5,4,1,17
S01008303,213,13,2,11,43,64,8,4,41,18,5,3,2,17
S01008304,171,16,4,12,61,43,8,4,18,8,6,5,1,7
S01008305,327,15,5,10,95,87,14,10,49,23,4,2,2,30
S01008306,261,18,1,17,69,70,6,6,49,13,1,0,1,29
S01008307,214,15,3,12,57,62,9,0,37,14,4,1,3,16
S01008308,230,18,3,15,80,60,3,4,35,7,4,3,1,19
S01008309,280,7,1,6,49,53,7,13,64,36,25,20,5,26
S01008310,369,13,3,10,88,90,8,20,67,38,19,13,6,26
S01008311,132,8,2,6,25,28,3,5,28,16,5,3,2,14
S01008312,163,7,0,7,38,40,4,5,29,12,13,9,4,15
S01008313,365,10,2,8,61,57,8,17,100,61,28,23,5,23
S01008314,228,3,1,2,45,36,2,15,68,24,16,8,8,19
S01008315,310,11,0,11,48,55,6,12,79,43,31,22,9,25
S01008316,225,7,0,7,36,20,4,7,52,40,41,36,5,18
S01008317,278,15,3,12,66,51,9,10,57,31,16,10,6,23
S01008318,363,25,4,21,115,84,15,9,51,12,18,15,3,34
S01008319,288,8,1,7,57,75,10,13,64,28,12,10,2,21
S01008320,258,15,2,13,73,49,7,14,62,20,10,8,2,8
S01008321,217,14,6,8,61,56,9,6,32,9,4,4,0,26
S01008322,408,21,3,18,95,105,9,14,82,40,12,8,4,30
S01008323,319,6,2,4,49,50,5,19,82,50,29,20,9,29
S01008324,235,13,2,11,45,46,10,11,53,25,10,6,4,22
S01008325,290,5,0,5,49,54,9,20,61,41,29,24,5,22
S01008326,387,6,2,4,66,75,5,18,108,45,28,21,7,36
S01008327,331,13,5,8,49,67,8,21,76,44,24,16,8,29
S01008328,250,26,2,24,76,48,24,9,27,8,7,7,0,25
S01008329,337,36,2,34,101,75,18,9,41,10,14,10,4,33
S01008330,357,25,4,21,91,75,15,12,62,11,18,15,3,48
S01008331,238,24,2,22,68,46,13,10,37,8,12,7,5,20
S01008332,351,37,3,34,99,67,21,1,55,10,19,17,2,42
S01008333,334,45,9,36,117,63,21,7,39,6,12,9,3,24
S01008334,260,31,4,27,88,37,12,9,35,3,20,17,3,25
S01008335,278,20,1,19,66,52,12,5,61,22,7,5,2,33
S01008336,248,26,7,19,49,50,21,9,42,18,16,13,3,17
S01008337,330,53,9,44,104,62,5,9,46,13,8,7,1,30
S01008338,300,48,6,42,96,59,13,4,34,4,12,11,1,30
S01008339,246,28,3,25,73,55,8,10,31,7,10,6,4,24
S01008340,339,36,5,31,105,57,18,17,50,12,13,11,2,31
S01008341,245,32,3,29,81,43,15,8,19,7,6,1,5,34
S01008342,332,43,7,36,95,56,14,7,39,24,15,12,3,39
S01008343,302,51,7,44,100,51,19,2,28,5,7,4,3,39
S01008344,323,63,6,57,96,54,28,7,26,8,14,11,3,27
S01008345,344,53,10,43,121,65,31,10,17,7,9,8,1,31
S01008346,361,69,19,50,117,62,25,3,27,12,7,6,1,39
S01008347,337,39,7,32,102,72,21,7,45,13,11,10,1,27
S01008348,279,33,5,28,90,64,10,4,38,5,12,6,6,23
S01008349,315,55,7,48,106,61,26,3,13,0,17,14,3,34
S01008350,217,30,6,24,70,48,14,5,25,1,4,2,2,20
S01008351,330,38,8,30,122,64,19,10,35,6,6,4,2,30
S01008352,240,43,5,38,88,46,10,3,18,4,9,8,1,19
S01008353,183,33,2,31,44,38,10,4,23,1,8,5,3,22
S01008354,243,37,7,30,57,48,29,5,30,12,11,9,2,14
S01008355,241,14,2,12,66,57,14,6,39,14,16,12,4,15
S01008356,235,28,7,21,71,53,14,5,36,5,2,1,1,21
S01008357,266,19,2,17,85,58,14,8,36,15,1,1,0,30
S01008358,265,24,3,21,75,59,12,10,44,19,6,3,3,16
S01008359,234,25,4,21,70,51,29,11,22,5,6,4,2,15
S01008360,336,41,8,33,114,77,16,8,35,9,3,3,0,33
S01008361,200,11,0,11,70,46,12,4,24,6,5,4,1,22
S01008362,370,43,6,37,133,79,12,6,45,7,17,12,5,28
S01008363,285,38,7,31,84,66,10,13,34,3,5,4,1,32
S01008364,303,47,5,42,87,61,18,10,33,5,9,7,2,33
S01008365,265,32,7,25,87,48,23,8,26,5,8,5,3,28
S01008366,311,17,1,16,81,65,8,11,60,19,13,9,4,37
S01008367,295,13,3,10,71,57,9,10,58,25,9,6,3,43
S01008368,268,23,7,16,78,67,10,6,39,13,6,5,1,26
S01008369,208,21,6,15,60,38,7,6,31,20,6,4,2,19
S01008370,268,43,11,32,72,46,12,12,33,11,7,6,1,32
S01008371,298,31,2,29,113,60,15,6,26,5,5,5,0,37
S01008372,289,23,2,21,90,71,9,13,39,9,9,6,3,26
S01008373,301,32,5,27,126,62,9,8,22,2,8,5,3,32
S01008374,258,17,5,12,90,62,13,6,36,8,3,2,1,23
S01008375,280,31,14,17,99,62,7,6,36,2,5,2,3,32
S01008376,188,20,3,17,66,39,14,6,21,5,3,2,1,14
S01008377,263,33,3,30,87,57,11,10,29,6,6,4,2,24
S01008378,348,37,6,31,126,69,22,4,43,7,7,6,1,33
S01008379,196,19,5,14,69,46,4,5,23,1,11,10,1,18
S01008380,234,27,3,24,79,57,8,7,25,5,1,0,1,25
S01008381,239,21,5,16,96,50,11,6,27,3,1,0,1,24
S01008382,220,30,2,28,71,57,13,5,16,4,3,3,0,21
S01008383,173,23,6,17,63,31,7,3,23,5,4,3,1,14
S01008384,364,39,8,31,95,94,14,17,61,14,1,1,0,29
S01008385,236,27,6,21,88,54,13,7,15,6,3,1,2,23
S01008386,308,29,7,22,78,86,10,14,43,15,5,3,2,28
S01008387,232,21,6,15,71,61,4,8,37,9,4,2,2,17
S01008388,256,31,5,26,66,61,12,7,43,9,2,1,1,25
S01008389,212,28,3,25,66,52,10,8,21,4,3,3,0,20
S01008390,232,40,7,33,85,55,6,1,19,6,2,1,1,18
S01008391,246,43,7,36,78,49,9,5,27,8,11,8,3,16
S01008392,341,59,11,48,136,42,17,7,22,4,13,9,4,41
S01008393,278,38,5,33,112,49,9,4,20,11,6,3,3,29
S01008394,279,69,9,60,98,45,16,4,12,5,10,7,3,20
S01008395,200,16,2,14,61,50,5,4,28,7,5,5,0,24
S01008396,220,21,2,19,72,56,9,3,33,6,6,4,2,14
S01008397,374,62,12,50,127,73,13,10,31,10,7,6,1,41
S01008398,211,34,5,29,68,49,7,2,22,5,5,3,2,19
S01008399,203,21,4,17,73,40,10,4,21,10,14,14,0,10
S01008400,249,26,2,24,75,51,10,6,27,4,19,15,4,31
S01008401,355,34,6,28,125,87,7,6,43,6,13,12,1,34
S01008402,396,53,9,44,146,72,37,1,28,5,10,8,2,44
S01008403,231,37,2,35,73,48,7,5,19,4,7,5,2,31
S01008404,315,33,9,24,115,69,17,4,32,7,6,5,1,32
S01008405,273,59,2,57,90,41,17,2,18,4,9,9,0,33
S01008406,317,56,8,48,96,55,16,4,33,8,17,16,1,32
S01008407,186,20,3,17,60,37,11,3,21,3,15,14,1,16
S01008408,250,18,1,17,78,55,10,4,35,14,14,11,3,22
S01008409,318,20,2,18,82,70,10,5,64,27,18,11,7,22
S01008410,214,33,10,23,59,42,7,5,21,10,19,18,1,18
S01008411,243,28,1,27,60,57,8,6,47,9,6,5,1,22
S01008412,264,28,5,23,72,49,7,5,49,5,16,14,2,33
S01008413,200,20,1,19,53,45,11,8,34,5,11,9,2,13
S01008414,163,11,2,9,53,31,14,2,19,2,6,5,1,25
S01008415,320,26,3,23,81,66,13,10,69,19,12,7,5,24
S01008416,371,16,2,14,74,86,11,16,67,35,30,23,7,36
S01008417,278,34,3,31,86,69,14,7,35,6,3,2,1,24
S01008418,278,35,3,32,88,68,13,10,37,8,2,2,0,17
S01008419,171,31,9,22,63,31,10,3,15,5,3,2,1,10
S01008420,190,26,7,19,60,48,8,3,26,6,2,1,1,11
S01008421,330,27,4,23,85,68,9,10,70,22,13,9,4,26
S01008422,206,24,3,21,81,55,10,1,12,8,4,4,0,11
S01008423,381,72,16,56,132,73,20,4,33,15,12,6,6,20
S01008424,299,35,6,29,100,72,16,5,34,2,5,5,0,30
S01008425,890,37,6,31,110,99,12,10,50,15,5,3,2,552
S01008426,221,11,0,11,44,52,12,6,48,26,7,7,0,15
S01008427,419,50,7,43,112,99,24,10,72,13,4,4,0,35
S01008428,237,12,2,10,54,56,8,5,49,25,10,8,2,18
S01008429,306,27,5,22,90,85,10,8,41,16,7,6,1,22
S01008430,249,28,3,25,67,49,16,5,38,14,9,7,2,23
S01008431,299,36,4,32,76,89,9,6,47,5,6,5,1,25
S01008432,254,25,3,22,72,79,11,5,32,6,6,4,2,18
S01008433,335,19,3,16,87,109,11,12,51,17,5,3,2,24
S01008434,317,32,4,28,90,101,11,5,37,14,7,3,4,20
S01008435,318,20,4,16,77,108,8,15,35,13,5,4,1,37
S01008436,326,60,12,48,95,66,16,6,38,11,10,9,1,24
S01008437,272,40,6,34,88,49,15,9,35,11,6,4,2,19
S01008438,169,30,5,25,57,30,5,5,14,8,2,2,0,18
S01008439,401,84,14,70,160,69,13,6,28,8,3,1,2,30
S01008440,365,59,8,51,152,61,23,5,21,4,7,4,3,33
S01008441,168,40,7,33,50,39,7,1,16,3,2,0,2,10
S01008442,268,53,10,43,106,40,22,1,25,3,11,7,4,7
S01008443,211,36,7,29,69,40,13,3,20,8,7,4,3,15
S01008444,236,33,7,26,74,42,10,5,33,12,7,3,4,20
S01008445,274,27,2,25,68,60,8,5,51,24,14,10,4,17
S01008446,297,58,5,53,124,53,21,4,21,2,2,2,0,12
S01008447,268,55,10,45,105,44,16,4,18,10,1,1,0,15
S01008448,282,33,3,30,79,77,14,8,30,16,6,4,2,19
S01008449,299,11,3,8,38,32,9,15,77,56,32,24,8,29
S01008450,225,5,0,5,23,31,8,12,70,43,13,10,3,20
S01008451,242,5,3,2,11,32,2,11,62,49,41,29,12,29
S01008452,218,2,1,1,22,22,9,8,54,49,18,15,3,34
S01008453,190,8,0,8,36,33,8,5,41,24,13,11,2,22
S01008454,371,6,2,4,44,57,7,19,93,61,49,40,9,35
S01008455,336,4,1,3,36,42,8,26,83,59,44,38,6,34
S01008456,330,2,0,2,36,44,2,19,88,60,58,42,16,21
S01008457,256,6,1,5,30,37,5,8,77,60,21,17,4,12
S01008458,379,12,3,9,66,87,8,23,77,48,25,17,8,33
S01008459,290,3,1,2,24,38,3,18,82,57,41,32,9,24
S01008460,276,5,1,4,19,36,7,13,70,66,46,40,6,14
S01008461,347,3,0,3,35,53,7,14,71,81,50,38,12,33
S01008462,198,2,1,1,16,37,1,11,55,43,26,19,7,7
S01008463,252,6,0,6,22,54,9,10,57,53,26,23,3,15
S01008464,354,13,2,11,56,110,8,26,59,42,12,9,3,28
S01008465,295,15,2,13,51,72,8,11,67,33,19,14,5,19
S01008466,278,5,1,4,36,59,9,15,71,39,13,7,6,31
S01008467,329,5,1,4,47,88,11,20,81,36,19,10,9,22
S01008468,238,4,1,3,26,51,3,11,55,36,23,21,2,29
S01008469,216,9,1,8,42,33,5,14,36,37,15,13,2,25
S01008470,269,7,1,6,25,39,6,18,57,64,32,25,7,21
S01008471,313,10,1,9,29,42,6,12,94,56,35,27,8,29
S01008472,268,11,2,9,35,46,9,13,50,41,29,23,6,34
S01008473,262,7,1,6,39,49,6,12,58,49,21,15,6,21
S01008474,298,9,0,9,33,58,3,27,60,63,19,13,6,26
S01008475,241,10,3,7,40,44,1,3,69,38,12,9,3,24
S01008476,274,15,3,12,43,57,10,18,54,43,18,16,2,16
S01008477,306,16,0,16,54,70,7,22,69,45,14,12,2,9
S01008478,307,9,1,8,59,67,6,15,71,27,24,18,6,29
S01008479,299,12,0,12,52,52,3,11,79,46,19,9,10,25
S01008480,247,9,2,7,47,38,4,12,42,33,25,22,3,37
S01008481,382,11,2,9,60,86,12,21,90,55,19,15,4,28
S01008482,238,12,3,9,32,55,6,15,60,27,9,7,2,22
S01008483,228,6,0,6,32,55,5,10,55,33,12,9,3,20
S01008484,282,18,9,9,47,86,11,12,44,22,16,10,6,26
S01008485,382,14,7,7,85,107,12,21,67,25,14,9,5,37
S01008486,345,17,4,13,78,87,16,14,59,30,12,8,4,32
S01008487,305,45,7,38,95,58,7,10,30,15,7,5,2,38
S01008488,315,31,4,27,60,76,6,10,39,27,15,13,2,51
S01008489,264,18,3,15,37,68,7,7,48,28,16,10,6,35
S01008490,364,35,2,33,88,86,7,16,51,28,12,8,4,41
S01008491,392,38,0,38,73,65,9,12,51,28,14,12,2,102
S01008492,420,40,3,37,107,78,11,15,46,31,32,27,5,60
S01008493,323,18,4,14,73,70,6,7,53,23,15,12,3,58
S01008494,269,19,2,17,65,49,9,11,37,28,19,15,4,32
S01008495,389,42,3,39,88,73,6,18,43,22,19,14,5,78
S01008496,382,48,4,44,116,69,5,19,35,20,12,5,7,58
S01008497,339,49,5,44,83,63,6,10,41,22,12,8,4,53
S01008498,324,38,4,34,77,49,7,16,50,17,12,9,3,58
S01008499,396,58,5,53,92,62,12,15,37,23,18,11,7,79
S01008500,146,16,0,16,22,20,7,3,24,13,10,7,3,31
S01008501,267,50,3,47,75,24,4,7,14,13,19,14,5,61
S01008502,281,47,6,41,89,41,5,8,27,4,6,3,3,54
S01008503,355,59,5,54,130,42,7,10,28,7,5,3,2,67
S01008504,474,100,11,89,160,76,14,10,41,9,12,7,5,52
S01008505,302,60,4,56,102,37,10,13,27,5,5,1,4,43
S01008506,314,66,8,58,112,36,15,10,27,6,4,3,1,38
S01008507,431,76,7,69,124,44,5,10,24,8,7,7,0,133
S01008508,326,71,11,60,111,55,11,7,29,9,5,4,1,28
S01008509,398,86,14,72,135,58,25,11,35,10,1,1,0,37
S01008510,338,53,6,47,115,71,15,1,40,9,7,5,2,27
S01008511,322,67,10,57,104,57,18,7,25,8,7,7,0,29
S01008512,184,32,1,31,55,42,13,3,14,5,5,5,0,15
S01008513,241,47,8,39,87,35,10,3,30,4,4,2,2,21
S01008514,316,79,4,75,105,35,14,6,23,8,14,11,3,32
S01008515,267,64,7,57,99,40,7,6,27,2,5,2,3,17
S01008516,380,73,9,64,108,56,11,12,29,15,9,4,5,67
S01008517,350,67,3,64,102,49,11,6,21,2,4,3,1,88
S01008518,359,82,7,75,132,41,10,7,23,4,2,2,0,58
S01008519,305,71,13,58,116,41,17,1,20,5,6,4,2,28
S01008520,388,86,16,70,141,58,26,6,27,6,7,4,3,31
S01008521,318,71,8,63,125,54,12,5,20,6,3,2,1,22
S01008522,209,54,9,45,78,33,11,2,8,0,2,1,1,21
S01008523,361,91,12,79,128,63,23,4,21,7,3,3,0,21
S01008524,333,20,9,11,51,64,5,16,82,39,24,19,5,32
S01008525,274,7,2,5,48,46,4,17,75,34,16,14,2,27
S01008526,310,23,4,19,65,79,10,12,54,27,13,9,4,27
S01008527,305,24,8,16,73,72,7,10,51,28,9,6,3,31
S01008528,274,10,2,8,77,64,11,10,59,15,12,4,8,16
S01008529,276,10,4,6,64,64,8,9,70,22,9,5,4,20
S01008530,276,9,1,8,44,50,6,12,76,51,19,15,4,9
S01008531,300,7,0,7,50,65,9,12,74,51,19,16,3,13
S01008532,169,9,2,7,28,44,6,4,32,22,14,9,5,10
S01008533,175,9,0,9,35,30,4,12,44,19,13,10,3,9
S01008534,269,15,6,9,70,71,8,6,48,15,13,8,5,23
S01008535,280,28,5,23,103,75,14,3,16,6,6,3,3,29
S01008536,209,32,4,28,79,47,6,7,19,6,1,1,0,12
S01008537,268,42,6,36,105,56,8,6,32,3,2,2,0,14
S01008538,194,23,5,18,88,37,11,5,9,1,2,2,0,18
S01008539,319,57,6,51,115,65,18,5,22,9,5,4,1,23
S01008540,314,56,8,48,120,60,21,6,25,4,1,0,1,21
S01008541,333,46,7,39,107,81,14,6,29,11,6,4,2,33
S01008542,338,43,5,38,109,94,11,7,29,10,6,4,2,29
S01008543,272,25,6,19,103,60,9,8,28,11,10,7,3,18
S01008544,235,43,3,40,89,38,11,4,9,6,4,2,2,31
S01008545,323,66,12,54,109,56,21,7,18,4,9,6,3,33
S01008546,305,46,6,40,115,62,17,10,23,4,7,5,2,21
S01008547,412,46,5,41,118,99,17,14,51,25,23,16,7,19
S01008548,346,34,6,28,96,68,17,13,46,30,18,12,6,24
S01008549,384,25,9,16,99,81,19,15,68,27,19,15,4,31
S01008550,330,45,8,37,103,78,10,8,44,9,13,11,2,20
S01008551,399,41,5,36,111,103,14,16,58,17,14,9,5,25
S01008552,352,36,7,29,92,82,20,11,53,12,12,8,4,34
S01008553,206,13,2,11,45,52,6,8,37,22,7,6,1,16
S01008554,386,10,1,9,46,49,17,13,91,75,61,51,10,24
S01008555,421,16,2,14,55,62,9,19,99,65,62,47,15,34
S01008556,278,9,1,8,48,45,4,15,56,48,38,28,10,15
S01008557,318,7,1,6,40,48,9,16,88,52,40,31,9,18
S01008558,326,7,2,5,55,55,9,26,68,56,31,22,9,19
S01008559,269,6,1,5,33,55,9,18,61,49,17,15,2,21
S01008560,246,7,2,5,50,47,4,11,62,35,15,13,2,15
S01008561,234,9,2,7,39,51,7,8,61,28,11,8,3,20
S01008562,246,10,1,9,26,47,6,11,63,42,26,16,10,15
S01008563,330,13,4,9,53,56,7,16,88,38,29,21,8,30
S01008564,253,10,2,8,49,53,7,15,56,38,13,12,1,12
S01008565,364,8,2,6,61,78,9,18,78,61,24,17,7,27
S01008566,403,8,2,6,61,77,11,24,104,61,36,29,7,21
S01008567,268,13,2,11,55,48,9,16,53,32,20,19,1,22
S01008568,311,23,5,18,84,71,7,11,61,20,17,14,3,17
S01008569,200,9,0,9,23,15,6,10,47,32,41,30,11,17
S01008570,360,7,1,6,49,51,17,18,84,64,46,40,6,24
S01008571,255,9,2,7,43,54,6,10,57,41,17,13,4,18
S01008572,329,17,3,14,72,53,10,18,75,42,16,14,2,26
S01008573,304,33,5,28,67,75,23,16,37,11,15,14,1,27
S01008574,295,37,5,32,78,62,8,14,39,15,11,8,3,31
S01008575,315,46,10,36,98,64,18,11,36,6,14,13,1,22
S01008576,348,39,3,36,92,73,15,8,57,23,8,5,3,33
S01008577,299,30,2,28,111,65,14,8,37,9,7,6,1,18
S01008578,272,54,2,52,108,38,21,3,14,4,7,5,2,23
S01008579,262,43,6,37,98,48,20,8,14,3,13,12,1,15
S01008580,206,23,6,17,52,48,8,7,27,16,5,3,2,20
S01008581,356,11,1,10,64,70,11,15,86,52,14,7,7,33
S01008582,371,24,4,20,68,82,10,13,69,51,24,17,7,30
S01008583,262,16,0,16,59,45,7,14,44,25,18,16,2,34
S01008584,312,19,2,17,61,59,12,16,54,37,16,13,3,38
S01008585,217,6,0,6,39,32,8,8,50,37,18,17,1,19
S01008586,292,15,4,11,44,55,11,20,57,43,23,15,8,24
S01008587,346,54,8,46,95,55,13,7,19,3,14,14,0,86
S01008588,270,53,2,51,96,30,9,7,21,9,6,3,3,39
S01008589,132,22,3,19,40,31,1,4,16,4,4,4,0,10
S01008590,277,54,9,45,83,54,7,3,24,2,5,4,1,45
S01008591,295,43,4,39,93,37,17,9,23,8,16,15,1,49
S01008592,264,25,2,23,64,47,9,4,41,25,10,7,3,39
S01008593,280,77,11,66,105,31,19,6,10,2,9,7,2,21
S01008594,426,107,10,97,113,50,23,3,22,7,12,8,4,89
S01008595,323,24,6,18,62,56,7,13,62,39,28,21,7,32
S01008596,343,23,0,23,54,55,10,15,40,47,32,24,8,67
S01008597,327,49,9,40,108,69,17,7,37,12,4,2,2,24
S01008598,348,41,1,40,61,42,12,6,33,8,15,15,0,130
S01008599,345,68,7,61,80,39,21,9,25,3,7,3,4,93
S01008600,301,72,6,66,67,30,28,6,12,5,18,16,2,63
S01008601,1365,30,1,29,49,24,5,6,25,9,10,9,1,1207
S01008602,304,29,4,25,52,21,9,2,20,11,12,11,1,148
S01008603,529,59,5,54,83,35,7,7,36,21,16,15,1,265
S01008604,421,58,6,52,81,29,23,6,20,11,13,9,4,180
S01008605,282,50,4,46,78,30,5,5,12,8,1,1,0,93
S01008606,287,64,8,56,91,31,14,4,21,10,3,2,1,49
S01008607,220,65,4,61,83,22,14,3,12,4,5,4,1,12
S01008608,273,72,5,67,100,34,12,4,13,2,3,3,0,33
S01008609,321,79,9,70,98,47,25,2,24,7,7,4,3,32
S01008610,301,62,4,58,77,37,7,4,16,2,5,5,0,91
S01008611,694,66,4,62,90,52,15,10,17,13,13,12,1,418
S01008612,355,46,3,43,50,28,10,6,27,7,12,9,3,169
S01008613,321,49,2,47,81,27,7,3,19,10,7,4,3,118
S01008614,311,34,1,33,49,11,6,6,11,10,7,5,2,177
S01008615,404,51,2,49,61,16,10,3,17,5,9,8,1,232
S01008616,403,34,1,33,48,11,13,1,11,4,6,5,1,275
S01008617,375,38,2,36,49,15,13,5,7,1,3,2,1,244
S01008618,345,36,2,34,41,16,5,1,20,4,3,2,1,219
S01008619,265,33,5,28,40,13,7,7,12,3,4,4,0,146
S01008620,432,53,5,48,53,19,10,3,14,5,7,6,1,268
S01008621,383,36,3,33,50,21,14,5,11,6,7,3,4,233
S01008622,233,30,4,26,51,16,8,3,19,6,2,0,2,98
S01008623,435,60,7,53,78,21,23,4,17,8,10,7,3,214
S01008624,247,51,4,47,82,37,30,5,15,6,6,5,1,15
S01008625,222,62,12,50,85,23,16,1,9,5,5,2,3,16
S01008626,348,91,4,87,106,46,17,9,20,8,6,4,2,45
S01008627,251,68,7,61,89,25,19,3,15,3,5,3,2,24
S01008628,249,48,4,44,85,21,12,4,10,6,10,7,3,53
S01008629,227,43,2,41,75,30,4,5,20,6,1,1,0,43
S01008630,215,28,3,25,75,26,8,1,13,4,3,2,1,57
S01008631,327,73,6,67,100,40,10,8,22,12,7,3,4,55
S01008632,365,63,3,60,122,35,15,4,37,12,26,23,3,51
S01008633,327,76,12,64,112,44,16,0,17,5,14,11,3,43
S01008634,262,58,8,50,78,24,16,1,16,1,10,8,2,58
S01008635,359,76,8,68,99,26,22,5,18,3,15,10,5,95
S01008636,369,69,6,63,97,35,15,4,18,10,4,4,0,117
S01008637,288,50,5,45,91,37,17,3,14,5,6,4,2,65
S01008638,311,44,7,37,62,35,12,11,21,21,5,4,1,100
S01008639,373,77,9,68,102,45,16,8,21,6,11,9,2,87
S01008640,351,69,5,64,82,32,7,5,29,7,1,1,0,119
S01008641,422,64,5,59,81,31,9,7,33,8,5,4,1,184
S01008642,406,100,7,93,118,40,7,1,20,10,2,1,1,108
S01008643,314,77,6,71,90,36,15,3,19,6,6,2,4,62
S01008644,311,44,8,36,94,31,11,11,17,9,9,8,1,85
S01008645,352,43,6,37,79,39,7,7,21,15,14,10,4,127
S01008646,331,59,6,53,100,45,8,9,34,15,6,6,0,55
S01008647,240,40,4,36,72,28,8,7,21,13,2,1,1,49
S01008648,273,55,5,50,65,38,6,4,31,23,6,5,1,45
S01008649,378,39,7,32,108,56,4,16,37,31,14,10,4,73
S01008650,347,59,3,56,78,52,8,12,36,19,5,5,0,78
S01008651,406,49,4,45,54,35,8,4,28,13,15,13,2,200
S01008652,247,24,2,22,50,30,3,9,46,22,11,7,4,52
S01008653,241,28,2,26,50,24,3,16,30,20,17,13,4,53
S01008654,367,42,0,42,103,54,6,17,35,18,13,9,4,79
S01008655,329,57,1,56,63,46,7,13,34,17,8,8,0,84
S01008656,243,29,0,29,46,32,6,7,39,20,18,12,6,46
S01008657,335,33,6,27,69,37,12,11,28,22,18,17,1,105
S01008658,484,37,5,32,80,43,14,17,42,31,26,14,12,194
S01008659,357,21,2,19,65,33,10,11,37,13,17,11,6,150
S01008660,373,50,5,45,62,23,6,10,27,17,19,13,6,159
S01008661,497,21,2,19,55,37,9,21,39,25,13,9,4,277
S01008662,348,19,0,19,36,9,6,12,24,7,10,7,3,225
S01008663,376,32,2,30,47,42,13,5,20,19,16,13,3,182
S01008664,312,46,3,43,67,23,9,9,23,16,10,7,3,109
S01008665,533,47,2,45,107,37,16,13,38,29,12,9,3,234
S01008666,477,34,1,33,69,27,8,5,21,8,6,4,2,299
S01008667,502,44,5,39,70,27,6,6,29,17,11,4,7,292
S01008668,303,32,1,31,55,24,4,6,11,3,2,1,1,166
S01008669,298,9,0,9,24,10,2,5,10,6,5,4,1,227
S01008670,440,13,0,13,31,22,5,8,13,5,11,9,2,332
S01008671,347,23,0,23,33,14,2,3,17,12,9,6,3,234
S01008672,335,28,2,26,37,27,5,3,22,13,7,5,2,193
S01008673,492,49,4,45,75,37,13,8,28,15,19,13,6,248
S01008674,439,21,1,20,46,20,12,10,28,21,9,4,5,272
S01008675,300,35,4,31,61,29,10,6,30,14,16,13,3,99
S01008676,368,43,3,40,91,27,13,11,23,11,9,7,2,140
S01008677,348,27,1,26,74,29,5,9,40,23,9,7,2,132
S01008678,637,28,2,26,35,14,8,4,20,14,17,15,2,497
S01008679,526,17,3,14,44,30,9,8,36,27,18,17,1,337
S01008680,283,20,0,20,24,23,8,6,19,12,18,16,2,153
S01008681,430,22,2,20,44,25,11,14,25,20,22,20,2,247
S01008682,328,29,1,28,60,30,6,8,35,20,18,15,3,122
S01008683,753,15,1,14,52,45,11,14,61,63,50,39,11,442
S01008684,410,29,7,22,54,44,9,14,61,43,40,33,7,116
S01008685,449,28,4,24,70,49,9,18,43,19,18,9,9,195
S01008686,404,22,2,20,84,58,11,16,57,53,36,35,1,67
S01008687,279,28,2,26,85,33,2,3,31,22,13,10,3,62
S01008688,354,43,4,39,101,55,12,15,38,22,18,12,6,50
S01008689,374,47,6,41,105,42,10,21,53,34,11,6,5,51
S01008690,468,63,4,59,145,82,13,22,48,21,14,8,6,60
S01008691,454,42,3,39,153,94,11,19,33,31,8,2,6,63
S01008692,284,22,1,21,83,55,5,14,41,23,6,6,0,35
S01008693,190,12,0,12,41,53,6,6,40,15,6,5,1,11
S01008694,423,51,8,43,132,63,13,18,47,27,16,6,10,56
S01008695,291,40,4,36,112,38,8,6,31,10,10,7,3,36
S01008696,263,37,8,29,103,50,13,8,23,6,7,5,2,16
S01008697,394,41,7,34,135,96,21,9,38,18,4,4,0,32
S01008698,201,25,4,21,54,41,11,5,36,8,5,4,1,16
S01008699,343,18,3,15,73,68,9,16,77,31,28,20,8,23
S01008700,208,23,5,18,68,53,11,4,14,8,9,9,0,18
S01008701,153,2,0,2,16,19,6,8,35,29,28,20,8,10
S01008702,246,17,3,14,44,39,9,6,37,25,23,16,7,46
S01008703,376,15,0,15,41,32,13,15,73,65,67,59,8,55
S01008704,262,13,0,13,45,37,11,13,64,36,22,20,2,21
S01008705,190,4,1,3,24,18,8,13,49,34,21,18,3,19
S01008706,212,4,0,4,23,24,5,9,68,36,23,16,7,20
S01008707,314,2,0,2,28,38,7,16,84,69,40,36,4,30
S01008708,308,4,0,4,25,34,4,17,82,71,44,35,9,27
S01008709,292,3,0,3,34,40,6,17,80,54,43,32,11,15
S01008710,192,3,1,2,23,22,7,15,40,28,23,20,3,31
S01008711,276,5,0,5,30,30,3,14,78,69,29,28,1,18
S01008712,379,7,1,6,37,49,13,24,101,76,47,36,11,25
S01008713,235,3,0,3,20,34,9,12,75,34,32,24,8,16
S01008714,225,7,0,7,38,45,7,9,52,38,17,16,1,12
S01008715,285,7,0,7,42,58,10,10,68,53,22,17,5,15
S01008716,192,1,0,1,32,44,5,7,53,29,12,8,4,9
S01008717,170,9,1,8,28,43,8,7,41,14,11,8,3,9
S01008718,195,11,3,8,34,56,15,8,42,14,9,5,4,6
S01008719,408,10,1,9,63,84,25,27,95,42,36,29,7,26
S01008720,212,12,1,11,34,41,12,10,43,24,15,11,4,21
S01008721,311,22,5,17,84,94,12,13,40,16,6,5,1,24
S01008722,383,41,7,34,99,97,31,10,49,24,8,6,2,24
S01008723,261,33,7,26,62,72,17,4,26,11,3,3,0,33
S01008724,344,46,9,37,113,68,29,7,36,12,10,7,3,23
S01008725,291,40,6,34,102,52,15,5,34,14,8,5,3,21
S01008726,220,46,5,41,85,30,14,0,20,6,1,0,1,18
S01008727,422,62,7,55,161,59,20,17,40,10,12,10,2,41
S01008728,198,19,2,17,54,35,7,3,41,19,11,8,3,9
S01008729,270,38,5,33,100,37,12,7,33,9,10,8,2,24
S01008730,327,44,10,34,122,35,16,8,38,16,20,15,5,28
S01008731,168,11,4,7,44,35,9,7,29,15,12,9,3,6
S01008732,237,19,2,17,60,45,11,5,42,19,17,12,5,19
S01008733,343,34,5,29,100,74,5,9,54,41,6,2,4,20
S01008734,211,16,1,15,77,39,7,4,35,6,10,7,3,17
S01008735,370,48,7,41,109,80,29,9,41,12,11,7,4,31
S01008736,254,22,3,19,70,47,17,6,36,14,12,8,4,30
S01008737,290,13,2,11,85,78,22,7,42,11,9,6,3,23
S01008738,281,31,6,25,78,70,15,13,34,9,11,10,1,20
S01008739,218,15,5,10,37,64,10,9,50,10,2,1,1,21
S01008740,223,9,1,8,58,69,11,6,36,12,9,8,1,13
S01008741,345,11,3,8,78,124,12,7,63,20,7,6,1,23
S01008742,170,8,1,7,47,45,10,4,24,16,8,8,0,8
S01008743,365,18,3,15,86,53,9,16,85,54,19,13,6,25
S01008744,388,20,5,15,95,92,13,12,71,39,21,14,7,25
S01008745,185,30,2,28,45,43,5,2,23,13,7,4,3,17
S01008746,413,19,3,16,62,84,11,19,84,51,38,32,6,45
S01008747,193,22,4,18,46,55,12,5,23,11,5,5,0,14
S01008748,254,15,1,14,77,79,13,6,31,16,4,4,0,13
S01008749,369,27,4,23,103,90,25,18,50,20,13,13,0,23
S01008750,275,19,1,18,60,88,12,5,42,21,5,3,2,23
S01008751,220,6,0,6,60,53,7,7,36,23,8,6,2,20
S01008752,311,6,2,4,48,63,3,18,70,42,34,28,6,27
S01008753,218,6,0,6,45,39,6,9,45,45,12,6,6,11
S01008754,259,14,0,14,59,53,3,6,53,39,5,3,2,27
S01008755,380,11,0,11,59,74,12,27,64,78,30,18,12,25
S01008756,279,9,1,8,43,53,8,11,64,61,19,14,5,11
S01008757,242,4,1,3,24,34,5,19,61,62,27,24,3,6
S01008758,325,9,1,8,44,71,13,13,75,50,27,21,6,23
S01008759,241,5,0,5,37,47,6,14,59,36,20,15,5,17
S01008760,373,10,2,8,48,63,9,16,99,66,42,37,5,20
S01008761,280,16,0,16,60,46,9,17,41,34,21,16,5,36
S01008762,252,19,4,15,58,62,7,10,43,28,9,6,3,16
S01008763,383,55,5,50,110,92,14,13,50,28,6,3,3,15
S01008764,282,36,4,32,101,40,11,9,38,17,8,5,3,22
S01008765,347,53,7,46,116,52,16,19,41,16,9,4,5,25
S01008766,400,37,2,35,107,86,24,16,50,30,13,9,4,37
S01008767,210,13,4,9,56,64,7,10,28,14,1,1,0,17
S01008768,192,16,3,13,60,30,6,10,27,20,9,8,1,14
S01008769,285,63,3,60,102,50,16,9,16,7,11,4,7,11
S01008770,343,61,10,51,86,54,19,13,32,16,20,15,5,42
S01008771,291,50,7,43,77,50,17,7,44,14,12,10,2,20
S01008772,286,38,5,33,93,50,13,10,28,24,10,6,4,20
S01008773,421,37,9,28,130,79,12,14,66,32,21,14,7,30
S01008774,367,27,1,26,80,62,12,24,64,41,28,18,10,29
S01008775,196,23,0,23,62,34,9,11,19,13,9,6,3,16
S01008776,359,28,4,24,89,51,13,23,58,40,25,22,3,32
S01008777,359,19,2,17,74,49,10,27,72,62,25,20,5,21
S01008778,480,71,4,67,134,60,19,14,75,30,20,17,3,57
S01008779,313,57,9,48,112,44,14,12,26,16,7,3,4,25
S01008780,251,25,2,23,83,31,17,6,29,25,6,6,0,29
S01008781,375,41,7,34,104,48,9,19,60,42,23,14,9,29
S01008782,300,50,3,47,93,43,12,14,41,14,11,5,6,22
S01008783,196,29,5,24,76,25,6,5,23,13,10,6,4,9
S01008784,198,31,1,30,65,26,3,10,38,8,6,5,1,11
S01008785,342,22,1,21,68,38,11,22,56,55,39,33,6,31
S01008786,374,50,7,43,126,42,11,19,47,28,22,17,5,29
S01008787,126,7,0,7,6,13,5,4,36,26,16,14,2,13
S01008788,299,34,6,28,100,48,14,14,44,23,5,4,1,17
S01008789,253,23,3,20,48,50,8,17,36,34,13,12,1,24
S01008790,263,18,1,17,51,43,6,14,45,21,16,13,3,49
S01008791,378,40,1,39,78,55,19,28,38,44,26,21,5,50
S01008792,325,31,6,25,88,51,19,15,43,27,17,13,4,34
S01008793,161,11,2,9,31,26,4,11,22,21,15,12,3,20
S01008794,329,21,2,19,71,63,6,16,65,46,20,13,7,21
S01008795,458,48,2,46,124,71,14,19,73,40,16,13,3,53
S01008796,454,20,1,19,102,84,16,21,66,59,33,29,4,53
S01008797,395,37,2,35,116,52,12,14,64,35,14,14,0,51
S01008798,327,30,4,26,75,54,10,22,69,29,10,8,2,28
S01008799,257,17,1,16,47,34,8,15,42,29,26,18,8,39
S01008800,436,29,4,25,140,68,16,23,65,34,12,3,9,49
S01008801,400,33,4,29,107,68,8,23,51,37,16,11,5,57
S01008802,408,29,4,25,109,50,12,25,61,33,25,20,5,64
S01008803,410,28,5,23,99,56,13,17,62,52,25,21,4,58
S01008804,230,14,1,13,48,38,6,11,30,23,18,16,2,42
S01008805,261,28,2,26,42,45,8,11,34,20,11,10,1,62
S01008806,444,50,5,45,133,67,15,20,44,21,18,14,4,76
S01008807,359,37,5,32,111,54,11,21,42,26,15,13,2,42
S01008808,291,56,2,54,76,29,19,9,29,23,12,9,3,38
S01008809,252,46,6,40,63,30,25,2,17,7,7,6,1,55
S01008810,340,56,5,51,105,44,13,10,23,15,8,6,2,66
S01008811,374,57,10,47,87,43,20,9,30,15,12,9,3,101
S01008812,216,35,4,31,62,25,8,4,20,8,3,2,1,51
S01008813,387,29,4,25,82,62,18,14,74,27,37,29,8,44
S01008814,347,45,4,41,102,57,13,19,39,21,11,11,0,40
S01008815,357,41,4,37,110,47,8,10,30,39,20,16,4,52
S01008816,195,32,6,26,52,39,3,10,22,10,12,12,0,15
S01008817,332,38,3,35,75,56,8,22,57,33,20,14,6,23
S01008818,344,35,4,31,111,71,21,12,35,19,11,10,1,29
S01008819,288,45,6,39,111,43,11,7,36,11,8,6,2,16
S01008820,424,34,3,31,110,50,17,21,80,44,34,22,12,34
S01008821,276,55,8,47,96,34,13,8,24,12,13,10,3,21
S01008822,272,53,6,47,95,38,17,6,22,6,10,5,5,25
S01008823,227,42,10,32,82,34,14,7,25,3,6,2,4,14
S01008824,401,72,12,60,161,67,18,9,37,6,9,4,5,22
S01008825,231,53,9,44,86,34,11,7,23,6,1,1,0,10
S01008826,272,35,6,29,93,51,12,17,23,12,10,9,1,19
S01008827,249,67,8,59,81,38,22,7,12,1,4,3,1,17
S01008828,353,52,7,45,130,69,17,10,35,6,7,6,1,27
S01008829,271,30,4,26,88,36,11,5,31,24,11,9,2,35
S01008830,240,51,8,43,87,44,14,5,15,4,1,0,1,19
S01008831,279,61,8,53,98,52,13,5,15,10,5,3,2,20
S01008832,251,51,6,45,78,45,20,3,26,8,10,6,4,10
S01008833,348,77,11,66,112,54,23,6,26,14,2,2,0,34
S01008834,452,77,13,64,156,92,32,8,35,8,16,14,2,28
S01008835,325,50,8,42,86,79,12,5,44,20,7,6,1,22
S01008836,272,29,4,25,69,50,7,10,41,28,14,13,1,24
S01008837,417,85,5,80,132,70,13,9,41,15,18,16,2,34
S01008838,439,67,8,59,140,84,13,19,38,21,12,12,0,45
S01008839,432,75,9,66,116,78,20,12,45,24,6,5,1,56
S01008840,469,69,14,55,142,78,19,12,38,16,8,3,5,87
S01008841,239,37,2,35,66,39,12,8,32,16,5,4,1,24
S01008842,370,60,4,56,105,40,17,8,47,19,19,16,3,55
S01008843,473,70,5,65,110,59,13,18,42,14,25,23,2,122
S01008844,330,63,4,59,89,40,11,5,31,13,18,14,4,60
S01008845,404,82,10,72,82,36,15,15,22,11,8,7,1,133
S01008846,373,74,2,72,87,37,24,9,23,19,8,6,2,92
S01008847,248,50,6,44,59,19,15,10,12,2,2,0,2,79
S01008848,316,72,7,65,70,38,9,3,16,11,10,7,3,87
S01008849,314,73,3,70,88,25,17,7,15,12,2,1,1,75
S01008850,355,83,9,74,90,41,25,11,7,4,5,4,1,89
S01008851,440,97,10,87,151,42,21,11,38,19,12,3,9,49
S01008852,412,96,9,87,131,42,35,5,16,7,11,7,4,69
S01008853,326,65,8,57,84,30,19,6,20,6,8,6,2,88
S01008854,379,91,15,76,100,40,24,4,11,2,10,8,2,97
S01008855,474,124,9,115,164,42,23,6,34,8,8,4,4,65
S01008856,254,60,10,50,73,33,8,6,20,4,6,5,1,44
S01008857,343,74,11,63,123,44,16,13,31,9,3,2,1,30
S01008858,253,64,8,56,99,27,18,3,12,7,2,2,0,21
S01008859,430,102,9,93,144,62,15,12,27,11,10,6,4,47
S01008860,412,88,11,77,137,51,16,10,33,12,6,3,3,59
S01008861,298,85,8,77,99,33,24,2,15,5,6,4,2,29
S01008862,411,129,14,115,131,55,16,10,18,12,3,2,1,37
S01008863,314,90,17,73,116,38,14,7,16,9,4,1,3,20
S01008864,374,69,4,65,97,44,10,8,9,6,3,1,2,128
S01008865,346,79,5,74,119,48,14,8,39,7,6,5,1,26
S01008866,352,118,12,106,107,55,15,4,23,8,6,1,5,16
S01008867,327,88,12,76,127,36,27,6,17,5,8,4,4,13
S01008868,334,57,5,52,100,33,18,14,22,14,6,2,4,70
S01008869,401,99,8,91,140,41,21,8,26,11,8,4,4,47
S01008870,322,85,7,78,117,33,18,5,20,8,12,7,5,24
S01008871,429,111,21,90,99,57,27,3,25,12,6,4,2,89
S01008872,334,72,6,66,118,37,12,8,13,7,7,7,0,60
S01008873,264,58,10,48,108,36,18,4,9,4,5,4,1,22
S01008874,353,64,11,53,117,52,21,12,30,16,10,7,3,31
S01008875,320,47,4,43,99,55,9,14,46,10,6,3,3,34
S01008876,206,28,2,26,61,43,17,1,18,10,6,3,3,22
S01008877,207,42,2,40,71,48,5,6,17,1,3,2,1,14
S01008878,339,34,6,28,74,85,11,10,63,31,11,8,3,20
S01008879,326,43,5,38,93,80,15,10,50,17,5,4,1,13
S01008880,237,33,9,24,77,60,6,4,15,10,7,7,0,25
S01008881,200,35,8,27,65,34,15,4,10,11,14,9,5,12
S01008882,397,107,17,90,116,65,16,4,16,5,3,2,1,65
S01008883,318,76,18,58,112,47,24,2,18,5,8,6,2,26
S01008884,246,51,9,42,87,40,19,2,10,1,7,6,1,29
S01008885,306,63,12,51,102,53,22,1,22,4,11,5,6,28
S01008886,328,62,6,56,104,65,13,8,24,5,11,7,4,36
S01008887,283,41,5,36,105,53,7,11,25,15,7,4,3,19
S01008888,273,64,9,55,101,43,12,5,18,3,7,2,5,20
S01008889,214,42,7,35,57,43,6,9,17,12,12,6,6,16
S01008890,252,31,3,28,85,61,12,10,21,7,3,2,1,22
S01008891,279,47,8,39,98,63,15,6,31,3,4,3,1,12
S01008892,375,58,11,47,123,74,15,9,42,17,11,5,6,26
S01008893,311,66,10,56,110,56,28,3,19,4,5,5,0,20
S01008894,313,55,8,47,116,53,24,1,24,8,4,3,1,28
S01008895,262,57,8,49,92,59,13,6,12,4,2,0,2,17
S01008896,190,42,11,31,74,33,3,5,15,0,5,5,0,13
S01008897,254,43,7,36,85,48,13,4,23,6,16,12,4,16
S01008898,316,65,13,52,89,63,27,11,22,8,6,3,3,25
S01008899,314,7,2,5,29,51,14,17,86,68,21,14,7,21
S01008900,383,22,4,18,60,73,14,30,73,61,18,16,2,32
S01008901,315,16,5,11,49,67,10,17,66,51,20,18,2,19
S01008902,389,21,5,16,65,65,11,17,87,52,40,36,4,31
S01008903,373,10,4,6,69,84,7,23,88,63,14,14,0,15
S01008904,402,10,2,8,47,44,19,24,79,77,42,34,8,60
S01008905,405,5,2,3,50,54,11,14,98,88,45,34,11,40
S01008906,299,7,1,6,37,46,8,14,72,48,26,16,10,41
S01008907,240,6,1,5,13,17,11,10,55,63,32,28,4,33
S01008908,362,18,4,14,54,70,14,20,57,52,43,34,9,34
S01008909,324,10,0,10,43,71,7,28,76,53,16,7,9,20
S01008910,191,13,2,11,39,41,13,9,30,23,8,7,1,15
S01008911,358,69,12,57,112,50,13,7,46,21,9,6,3,31
S01008912,309,37,4,33,98,70,15,8,39,12,7,5,2,23
S01008913,246,41,4,37,53,51,13,9,36,14,11,5,6,18
S01008914,337,13,2,11,70,83,14,13,69,42,8,7,1,25
S01008915,207,16,2,14,58,42,5,6,40,14,3,2,1,23
S01008916,402,12,2,10,49,76,15,18,100,79,39,31,8,14
S01008917,266,7,1,6,26,48,8,14,65,55,30,23,7,13
S01008918,217,4,1,3,11,19,5,11,58,49,36,28,8,24
S01008919,192,5,0,5,18,27,3,12,38,37,36,26,10,16
S01008920,458,55,9,46,124,85,22,16,55,19,26,17,9,56
S01008921,284,5,1,4,28,39,8,12,62,64,45,29,16,21
S01008922,305,12,3,9,37,59,16,15,73,41,30,19,11,22
S01008923,296,8,1,7,44,63,7,13,63,60,22,17,5,16
S01008924,390,8,4,4,31,58,9,23,100,76,50,36,14,35
S01008925,266,4,1,3,45,56,14,20,48,36,21,14,7,22
S01008926,236,11,2,9,33,65,9,13,50,29,13,11,2,13
S01008927,345,20,4,16,71,75,4,18,60,47,15,11,4,35
S01008928,269,19,2,17,51,35,4,17,52,39,8,5,3,44
S01008929,242,5,1,4,14,18,10,12,59,59,50,37,13,15
S01008930,344,9,1,8,24,38,7,18,82,96,51,32,19,19
S01008931,299,0,0,0,40,39,6,15,80,68,33,28,5,18
S01008932,354,28,3,25,65,63,10,24,71,41,23,21,2,29
S01008933,266,4,0,4,30,36,2,16,52,57,45,30,15,24
S01008934,294,13,2,11,47,41,11,12,63,57,27,23,4,23
S01008935,317,22,6,16,88,90,7,8,48,22,9,5,4,23
S01008936,138,22,5,17,51,33,9,5,9,1,1,0,1,7
S01008937,314,27,4,23,105,78,14,9,39,15,7,6,1,20
S01008938,238,29,4,25,73,57,12,10,30,7,1,1,0,19
S01008939,285,18,3,15,74,91,13,12,33,12,3,1,2,29
S01008940,216,46,5,41,77,46,8,1,9,6,6,5,1,17
S01008941,304,62,4,58,111,46,27,7,27,8,2,1,1,14
S01008942,271,40,7,33,91,61,17,2,23,6,10,5,5,21
S01008943,314,51,6,45,101,65,24,2,30,6,11,5,6,24
S01008944,360,62,10,52,123,77,26,11,18,7,8,6,2,28
S01008945,285,58,11,47,106,50,20,4,20,5,2,1,1,20
S01008946,320,58,8,50,103,58,31,5,23,8,10,6,4,24
S01008947,357,55,6,49,128,70,17,15,31,5,8,8,0,28
S01008948,268,49,9,40,79,55,23,6,20,8,10,7,3,18
S01008949,344,16,4,12,77,89,13,10,65,39,13,10,3,22
S01008950,331,19,3,16,71,70,9,5,84,38,11,7,4,24
S01008951,342,18,6,12,63,73,5,20,74,42,24,19,5,23
S01008952,318,9,2,7,48,55,11,12,95,50,27,20,7,11
S01008953,336,19,4,15,57,63,21,13,73,48,23,17,6,19
S01008954,289,18,3,15,62,53,7,11,60,35,25,19,6,18
S01008955,249,30,7,23,69,56,14,7,34,13,6,6,0,20
S01008956,368,36,6,30,102,93,17,10,62,17,8,3,5,23
S01008957,380,30,5,25,106,92,14,13,65,21,18,14,4,21
S01008958,254,18,0,18,60,69,9,7,40,21,16,15,1,14
S01008959,353,24,4,20,79,111,15,12,54,23,14,12,2,21
S01008960,325,70,10,60,111,59,9,7,28,6,6,5,1,29
S01008961,298,30,2,28,86,72,16,7,36,22,9,8,1,20
S01008962,261,27,10,17,77,80,5,6,37,14,5,3,2,10
S01008963,291,32,9,23,103,84,10,7,30,8,3,3,0,14
S01008964,168,28,4,24,47,45,10,5,17,0,3,2,1,13
S01008965,265,36,4,32,83,71,15,7,20,13,6,5,1,14
S01008966,217,22,2,20,60,76,6,3,21,5,4,3,1,20
S01008967,385,56,7,49,133,80,15,9,48,13,11,11,0,20
S01008968,364,53,10,43,111,98,22,6,32,6,4,4,0,32
S01008969,397,48,5,43,115,100,14,11,55,22,8,6,2,24
S01008970,375,59,7,52,139,81,21,4,35,9,3,3,0,24
S01008971,256,57,7,50,92,50,19,4,14,4,2,0,2,14
S01008972,275,57,6,51,107,55,10,4,14,6,2,2,0,20
S01008973,299,38,7,31,102,69,21,5,24,14,15,12,3,11
S01008974,294,38,5,33,87,68,10,10,36,17,12,8,4,16
S01008975,247,23,3,20,60,58,10,9,37,24,6,5,1,20
S01008976,193,31,6,25,72,43,6,2,17,8,5,3,2,9
S01008977,231,41,9,32,59,76,5,3,18,9,2,2,0,18
S01008978,229,14,5,9,53,64,8,5,48,14,3,1,2,20
S01008979,309,25,2,23,79,80,14,9,37,16,12,8,4,37
S01008980,320,19,2,17,70,86,12,11,50,29,16,11,5,27
S01008981,259,24,3,21,65,75,13,6,45,17,4,3,1,10
S01008982,326,18,3,15,55,98,6,11,59,29,17,13,4,33
S01008983,257,10,3,7,54,68,6,20,51,23,10,8,2,15
S01008984,210,11,5,6,44,53,4,11,36,25,12,7,5,14
S01008985,251,15,2,13,45,78,12,11,55,13,10,6,4,12
S01008986,266,18,2,16,68,82,12,4,46,14,6,2,4,16
S01008987,302,17,2,15,73,102,7,7,53,22,4,3,1,17
S01008988,372,35,6,29,89,100,7,15,65,26,14,13,1,21
S01008989,262,19,2,17,69,76,10,14,28,15,14,10,4,17
S01008990,306,28,2,26,77,93,5,15,42,21,16,10,6,9
S01008991,380,37,5,32,117,92,15,13,47,11,9,6,3,39
S01008992,207,12,0,12,49,58,11,6,33,12,12,8,4,14
S01008993,419,42,12,30,113,94,30,24,65,15,10,5,5,26
S01008994,301,22,1,21,51,63,11,15,61,40,17,14,3,21
S01008995,332,54,8,46,111,64,10,10,44,11,6,5,1,22
S01008996,224,10,3,7,42,44,5,16,52,32,9,6,3,14
S01008997,371,36,7,29,96,88,17,18,55,30,13,10,3,18
S01008998,239,11,0,11,36,43,9,13,56,32,18,11,7,21
S01008999,318,21,2,19,65,74,13,11,68,40,10,6,4,16
S01009000,356,35,7,28,109,85,23,14,53,13,6,4,2,18
S01009001,319,27,3,24,92,81,15,11,52,10,8,4,4,23
S01009002,289,40,9,31,97,56,22,3,42,8,9,4,5,12
S01009003,369,65,8,57,106,70,24,11,38,17,4,2,2,34
S01009004,272,12,3,9,60,91,17,7,42,28,3,2,1,12
S01009005,289,18,2,16,67,70,10,20,58,23,6,4,2,17
S01009006,292,18,3,15,69,63,14,6,46,31,15,13,2,30
S01009007,247,10,0,10,44,71,11,13,51,27,4,2,2,16
S01009008,341,38,8,30,102,88,18,9,52,20,6,3,3,8
S01009009,174,4,1,3,35,39,7,10,38,24,10,9,1,7
S01009010,420,35,11,24,111,102,13,20,70,29,5,4,1,35
S01009011,340,33,5,28,90,104,17,4,47,17,6,1,5,22
S01009012,287,25,5,20,98,74,8,9,36,15,1,0,1,21
S01009013,375,37,10,27,104,82,18,13,52,23,10,6,4,36
S01009014,222,7,3,4,45,29,19,14,64,33,6,3,3,5
S01009015,237,8,1,7,67,36,11,9,50,34,9,4,5,13
S01009016,178,7,3,4,55,25,11,11,37,24,3,0,3,5
S01009017,219,5,0,5,46,29,13,18,63,28,13,8,5,4
S01009018,261,11,4,7,63,41,14,11,63,30,7,5,2,21
S01009019,187,4,2,2,47,28,11,18,36,27,8,2,6,8
S01009020,292,11,1,10,65,51,8,18,76,42,15,6,9,6
S01009021,285,16,2,14,85,30,20,12,72,29,5,4,1,16
S01009022,329,10,1,9,91,51,22,15,82,29,10,5,5,19
S01009023,330,9,2,7,71,49,36,17,82,32,8,3,5,26
S01009024,327,11,2,9,78,43,22,22,94,42,5,3,2,10
S01009025,321,17,4,13,102,43,17,14,77,24,13,9,4,14
S01009026,334,13,4,9,87,67,14,5,80,32,10,8,2,26
S01009027,284,15,4,11,74,44,27,18,63,21,8,5,3,14
S01009028,183,10,2,8,59,29,12,13,29,18,3,3,0,10
S01009029,223,11,1,10,78,24,7,13,44,24,10,3,7,12
S01009030,263,6,1,5,75,50,13,11,61,25,7,6,1,15
S01009031,274,7,0,7,64,46,16,16,84,18,7,6,1,16
S01009032,233,10,3,7,57,47,13,9,54,24,8,3,5,11
S01009033,263,13,5,8,66,42,11,12,71,25,5,4,1,18
S01009034,236,13,1,12,59,50,10,13,50,27,2,0,2,12
S01009035,338,18,4,14,95,77,14,13,66,28,10,4,6,17
S01009036,368,17,3,14,100,77,18,20,80,22,15,12,3,19
S01009037,335,10,2,8,86,76,22,14,65,32,6,4,2,24
S01009038,402,12,3,9,94,76,17,17,96,44,17,12,5,29
S01009039,246,9,4,5,52,33,13,13,64,35,11,6,5,16
S01009040,248,10,2,8,53,41,19,7,60,27,11,6,5,20
S01009041,303,28,6,22,83,57,18,15,45,28,6,6,0,23
S01009042,322,5,2,3,61,63,13,21,71,54,14,6,8,20
S01009043,247,10,1,9,62,42,10,10,59,31,12,10,2,11
S01009044,303,10,2,8,70,52,16,16,81,36,7,5,2,15
S01009045,247,14,3,11,55,53,10,12,50,34,6,6,0,13
S01009046,328,11,2,9,91,49,22,12,76,32,3,3,0,32
S01009047,286,14,0,14,81,64,11,13,66,19,1,1,0,17
S01009048,300,17,4,13,101,52,17,9,72,14,2,1,1,16
S01009049,234,14,2,12,62,42,12,11,53,26,3,2,1,11
S01009050,287,20,2,18,72,78,10,15,37,28,14,12,2,13
S01009051,272,7,1,6,57,58,20,14,56,28,13,8,5,19
S01009052,246,13,4,9,53,62,12,4,55,26,5,3,2,16
S01009053,201,1,0,1,17,40,3,8,55,41,18,12,6,18
S01009054,233,6,2,4,40,50,7,14,57,39,10,4,6,10
S01009055,323,21,6,15,81,70,25,19,57,26,12,6,6,12
S01009056,212,2,2,0,22,38,6,6,66,36,15,12,3,21
S01009057,208,5,1,4,34,29,5,10,51,42,21,10,11,11
S01009058,301,13,2,11,64,66,11,12,72,39,7,5,2,17
S01009059,330,15,3,12,105,55,16,12,44,28,18,13,5,37
S01009060,205,17,2,15,74,47,12,1,23,7,4,3,1,20
S01009061,343,14,4,10,66,65,12,5,101,44,14,8,6,22
S01009062,249,1,0,1,26,55,12,10,68,49,16,12,4,12
S01009063,293,14,3,11,75,66,7,13,57,35,3,3,0,23
S01009064,229,4,0,4,42,55,0,7,63,35,7,4,3,16
S01009065,257,6,0,6,29,49,5,14,61,50,22,15,7,21
S01009066,274,1,1,0,49,58,13,16,68,36,21,14,7,12
S01009067,322,21,7,14,92,86,12,19,53,13,6,4,2,20
S01009068,344,12,2,10,80,103,7,18,58,34,10,7,3,22
S01009069,266,17,4,13,101,56,10,5,44,12,4,0,4,17
S01009070,253,6,0,6,59,66,16,9,51,17,9,5,4,20
S01009071,194,11,1,10,49,36,10,8,39,20,12,8,4,9
S01009072,201,18,4,14,46,41,15,6,36,15,11,7,4,13
S01009073,244,3,1,2,30,33,8,18,72,50,17,8,9,13
S01009074,292,9,2,7,35,40,3,19,78,59,26,13,13,23
S01009075,216,3,1,2,35,46,10,23,46,36,10,7,3,7
S01009076,375,16,3,13,92,90,15,24,65,27,11,7,4,35
S01009077,238,9,1,8,66,55,7,10,43,20,12,9,3,16
S01009078,285,30,7,23,92,80,18,7,26,11,8,5,3,13
S01009079,329,6,3,3,45,58,13,15,97,57,24,15,9,14
S01009080,377,9,5,4,61,71,16,20,96,62,25,19,6,17
S01009081,248,7,3,4,70,60,12,11,46,28,7,7,0,7
S01009082,372,7,1,6,58,80,14,15,87,60,24,15,9,27
S01009083,304,8,2,6,64,65,11,13,74,37,17,15,2,15
S01009084,175,9,1,8,51,34,14,5,31,12,8,7,1,11
S01009085,287,21,1,20,104,69,7,9,36,8,6,3,3,27
S01009086,269,8,2,6,54,55,14,17,60,36,11,8,3,14
S01009087,246,10,2,8,43,41,3,18,70,39,8,4,4,14
S01009088,389,26,4,22,114,86,24,13,60,36,10,9,1,20
S01009089,347,41,15,26,105,75,19,7,43,10,9,7,2,38
S01009090,295,44,8,36,118,62,15,5,22,13,10,9,1,6
S01009091,241,38,7,31,92,41,12,4,18,4,8,4,4,24
S01009092,409,20,1,19,106,94,16,24,72,35,9,5,4,33
S01009093,311,9,3,6,58,57,12,11,74,47,23,11,12,20
S01009094,260,22,7,15,108,48,9,4,43,13,3,3,0,10
S01009095,289,23,6,17,78,50,15,10,55,24,18,15,3,16
S01009096,344,47,8,39,106,78,10,9,49,19,12,10,2,14
S01009097,337,26,4,22,126,72,9,6,48,17,7,5,2,26
S01009098,198,13,4,9,68,37,14,8,31,7,6,5,1,14
S01009099,284,16,6,10,76,59,9,7,60,26,15,14,1,16
S01009100,272,7,3,4,51,46,11,16,66,36,25,22,3,14
S01009101,362,5,1,4,57,54,12,20,115,56,19,12,7,24
S01009102,305,8,2,6,33,48,3,13,80,66,29,21,8,25
S01009103,226,7,1,6,60,61,6,5,44,16,5,4,1,22
S01009104,321,8,2,6,76,74,9,11,78,31,7,6,1,27
S01009105,310,16,2,14,80,68,9,13,57,34,6,4,2,27
S01009106,213,7,0,7,55,53,4,13,45,23,7,2,5,6
S01009107,323,17,3,14,91,77,7,16,61,23,6,4,2,25
S01009108,292,19,5,14,84,74,7,5,54,22,7,5,2,20
S01009109,284,28,4,24,69,66,12,14,50,13,4,4,0,28
S01009110,242,8,1,7,56,62,9,10,54,26,4,2,2,13
S01009111,353,21,3,18,108,86,13,10,57,18,13,8,5,27
S01009112,208,18,4,14,65,41,12,7,43,11,1,1,0,10
S01009113,325,16,6,10,86,88,20,13,61,16,9,8,1,16
S01009114,292,17,2,15,71,62,13,11,59,25,10,6,4,24
S01009115,235,11,1,10,65,46,6,16,50,21,3,2,1,17
S01009116,201,9,1,8,51,65,4,6,37,7,3,2,1,19
S01009117,338,12,4,8,70,90,15,8,74,34,18,8,10,17
S01009118,227,14,3,11,62,65,6,7,30,15,4,4,0,24
S01009119,279,4,1,3,31,46,11,21,76,57,19,14,5,14
S01009120,202,4,0,4,38,29,7,9,51,38,11,7,4,15
S01009121,313,5,3,2,46,72,12,21,66,67,9,4,5,15
S01009122,378,18,3,15,95,68,24,22,80,34,13,7,6,24
S01009123,225,26,6,20,60,33,13,14,34,19,10,8,2,16
S01009124,212,8,1,7,61,48,18,11,43,15,4,3,1,4
S01009125,251,6,0,6,56,39,7,18,59,39,17,11,6,10
S01009126,217,4,1,3,17,31,7,12,58,40,29,22,7,19
S01009127,241,3,0,3,31,34,7,22,65,36,16,7,9,27
S01009128,294,7,2,5,29,42,6,18,77,67,42,29,13,6
S01009129,196,4,2,2,23,29,5,6,62,42,14,8,6,11
S01009130,232,6,0,6,51,35,6,11,61,33,14,12,2,15
S01009131,188,6,0,6,28,35,6,7,51,35,12,6,6,8
S01009132,312,13,2,11,94,74,10,8,57,22,10,5,5,24
S01009133,205,2,2,0,23,47,4,12,51,42,13,8,5,11
S01009134,356,22,5,17,78,68,10,13,85,47,8,0,8,25
S01009135,220,16,2,14,66,51,9,10,28,11,12,8,4,17
S01009136,271,21,5,16,73,56,15,4,40,21,13,11,2,28
S01009137,228,22,5,17,79,51,10,4,30,9,4,3,1,19
S01009138,335,30,5,25,97,74,20,8,49,21,14,9,5,22
S01009139,166,5,0,5,30,25,4,6,38,27,17,10,7,14
S01009140,284,14,3,11,58,53,11,15,64,40,17,15,2,12
S01009141,311,10,2,8,50,60,12,18,77,43,26,15,11,15
S01009142,210,6,2,4,43,37,6,11,43,39,10,8,2,15
S01009143,224,1,0,1,34,40,4,11,53,46,18,15,3,17
S01009144,254,23,3,20,65,71,7,10,42,15,9,7,2,12
S01009145,390,9,3,6,63,82,9,20,116,62,20,14,6,9
S01009146,356,9,0,9,53,65,8,24,83,59,35,28,7,20
S01009147,310,4,0,4,39,45,7,21,80,64,35,25,10,15
S01009148,282,6,4,2,27,30,6,20,76,70,19,14,5,28
S01009149,306,22,6,16,86,65,21,6,49,19,11,8,3,27
S01009150,248,2,0,2,30,55,7,14,70,59,11,11,0,0
S01009151,295,15,0,15,78,62,17,10,50,39,9,8,1,15
S01009152,223,10,2,8,44,60,2,11,48,29,9,8,1,10
S01009153,162,14,0,14,46,28,10,5,27,17,4,3,1,11
S01009154,347,32,6,26,117,67,17,7,41,17,22,19,3,27
S01009155,201,24,4,20,68,35,10,2,30,12,9,8,1,11
S01009156,186,21,2,19,60,35,14,8,18,10,4,1,3,16
S01009157,313,6,0,6,66,67,13,17,78,35,13,9,4,18
S01009158,211,5,1,4,49,45,8,11,51,26,11,6,5,5
S01009159,197,1,0,1,18,32,4,14,63,37,19,11,8,9
S01009160,250,0,0,0,36,44,10,10,70,49,18,11,7,13
S01009161,243,3,1,2,30,35,5,15,80,38,22,12,10,15
S01009162,281,4,0,4,48,59,5,13,56,58,29,24,5,9
S01009163,195,7,0,7,54,38,6,9,45,12,14,10,4,10
S01009164,274,4,1,3,37,44,8,24,80,50,11,5,6,16
S01009165,278,5,3,2,40,54,7,14,63,43,26,15,11,26
S01009166,327,5,0,5,44,40,3,10,98,78,29,20,9,20
S01009167,196,1,0,1,23,28,8,11,52,46,18,16,2,9
S01009168,247,16,0,16,78,51,15,14,48,14,2,1,1,9
S01009169,274,6,1,5,56,47,4,17,67,51,12,8,4,14
S01009170,269,7,1,6,33,49,13,16,63,56,17,11,6,15
S01009171,260,9,1,8,45,54,9,7,55,43,23,10,13,15
S01009172,243,41,6,35,89,42,16,8,11,13,4,2,2,19
S01009173,306,36,9,27,83,78,13,11,49,12,4,4,0,20
S01009174,166,28,6,22,54,31,14,6,15,3,6,3,3,9
S01009175,319,39,10,29,110,80,16,10,31,7,5,4,1,21
S01009176,351,52,9,43,115,78,15,12,46,8,5,4,1,20
S01009177,345,7,2,5,57,67,14,27,79,46,23,16,7,25
S01009178,294,7,3,4,40,50,6,23,77,38,25,16,9,28
S01009179,268,2,0,2,55,59,3,10,69,41,14,6,8,15
S01009180,382,5,1,4,58,68,15,10,112,79,17,12,5,18
S01009181,329,8,1,7,42,54,21,18,82,62,17,11,6,25
S01009182,377,15,3,12,105,78,25,12,75,41,10,2,8,16
S01009183,287,21,5,16,87,70,12,7,43,18,3,1,2,26
S01009184,324,12,2,10,55,51,21,18,71,42,33,21,12,21
S01009185,338,12,3,9,49,54,21,15,101,44,18,13,5,24
S01009186,302,11,0,11,61,58,9,9,83,32,18,11,7,21
S01009187,197,17,2,15,55,41,28,7,25,7,2,2,0,15
S01009188,352,16,3,13,70,55,21,16,86,36,26,19,7,26
S01009189,275,8,1,7,32,46,11,17,86,44,23,16,7,8
S01009190,296,24,4,20,82,78,20,9,39,16,10,6,4,18
S01009191,258,25,7,18,94,56,13,4,24,7,4,2,2,31
S01009192,246,13,4,9,61,50,9,12,48,26,9,4,5,18
S01009193,121,9,1,8,47,27,6,4,17,7,1,1,0,3
S01009194,310,31,8,23,88,83,10,8,45,16,5,4,1,24
S01009195,313,41,12,29,109,62,11,15,40,13,3,1,2,19
S01009196,266,18,3,15,55,60,16,16,55,19,5,5,0,22
S01009197,383,40,5,35,126,91,23,12,41,17,11,9,2,22
S01009198,280,19,4,15,88,70,15,7,34,16,9,3,6,22
S01009199,236,14,2,12,75,58,13,8,34,9,7,5,2,18
S01009200,419,46,7,39,120,93,18,12,62,24,14,10,4,30
S01009201,263,7,0,7,58,41,14,13,57,30,17,10,7,26
S01009202,188,13,3,10,60,45,9,3,31,10,4,3,1,13
S01009203,234,7,0,7,27,30,11,8,76,45,17,14,3,13
S01009204,354,12,1,11,66,72,15,7,74,57,16,11,5,35
S01009205,285,19,4,15,86,69,17,6,51,12,5,3,2,20
S01009206,340,33,12,21,111,87,8,12,42,13,9,6,3,25
S01009207,315,24,6,18,107,93,12,12,41,16,0,0,0,10
S01009208,260,20,2,18,68,54,8,14,51,18,6,4,2,21
S01009209,230,19,5,14,70,57,13,12,31,14,2,1,1,12
S01009210,212,25,6,19,62,54,14,4,35,10,2,2,0,6
S01009211,239,13,3,10,43,64,10,8,44,25,12,6,6,20
S01009212,325,7,3,4,48,65,14,13,79,64,18,14,4,17
S01009213,323,6,0,6,55,53,12,24,76,59,17,12,5,21
S01009214,384,26,4,22,104,97,16,9,68,32,8,4,4,24
S01009215,340,12,2,10,58,72,11,19,92,39,20,16,4,17
S01009216,368,6,2,4,57,75,13,29,93,56,16,11,5,23
S01009217,255,4,0,4,31,35,8,16,76,50,20,11,9,15
S01009218,304,10,3,7,66,80,7,14,75,25,9,6,3,18
S01009219,238,2,0,2,34,49,4,15,75,34,12,4,8,13
S01009220,221,5,0,5,29,49,7,9,55,37,18,9,9,12
S01009221,198,3,1,2,23,42,9,11,48,39,15,9,6,8
S01009222,202,2,1,1,18,34,5,6,57,53,9,6,3,18
S01009223,213,5,1,4,28,43,4,13,57,44,10,8,2,9
S01009224,249,5,1,4,28,55,4,18,51,58,18,11,7,12
S01009225,197,4,2,2,32,38,8,8,55,35,6,2,4,11
S01009226,369,7,2,5,66,66,6,22,84,77,29,19,10,12
S01009227,232,4,0,4,42,58,11,14,53,35,7,3,4,8
S01009228,219,4,1,3,27,38,12,6,58,44,21,7,14,9
S01009229,215,5,1,4,51,60,10,9,39,19,9,8,1,13
S01009230,225,5,0,5,58,66,6,15,46,14,7,5,2,8
S01009231,381,14,2,12,82,109,21,15,66,40,13,6,7,21
S01009232,221,5,3,2,23,37,2,15,53,33,38,22,16,15
S01009233,202,6,0,6,33,31,4,10,67,35,4,3,1,12
S01009234,373,1,0,1,27,57,10,28,100,73,39,25,14,38
S01009235,334,6,2,4,52,73,12,13,70,58,29,8,21,21
S01009236,188,5,2,3,44,51,7,7,41,19,6,4,2,8
S01009237,315,13,5,8,93,82,19,13,54,13,6,4,2,22
S01009238,312,5,0,5,43,77,4,21,76,54,16,9,7,16
S01009239,344,7,2,5,50,74,11,14,99,50,14,9,5,25
S01009240,244,1,1,0,22,46,9,15,60,47,21,16,5,23
S01009241,347,4,1,3,43,65,12,25,86,65,26,15,11,21
S01009242,296,4,1,3,66,65,12,12,73,31,12,6,6,21
S01009243,385,7,2,5,72,75,15,19,106,56,15,8,7,20
S01009244,329,19,5,14,70,102,12,13,57,31,6,5,1,19
S01009245,330,13,5,8,90,80,11,9,69,32,7,3,4,19
S01009246,309,7,4,3,44,60,9,22,90,53,11,9,2,13
S01009247,387,12,5,7,56,69,7,26,116,66,14,5,9,21
S01009248,276,9,5,4,70,61,13,13,64,22,7,5,2,17
S01009249,299,7,3,4,38,48,8,19,74,71,23,17,6,11
S01009250,269,8,2,6,39,40,7,20,85,49,10,6,4,11
S01009251,221,7,0,7,29,46,11,12,63,30,10,5,5,13
S01009252,184,17,3,14,48,49,7,5,25,12,4,0,4,17
S01009253,197,3,0,3,17,35,6,16,66,41,4,2,2,9
S01009254,312,5,1,4,30,46,11,21,82,63,35,23,12,19
S01009255,224,15,3,12,49,24,10,14,64,26,15,9,6,7
S01009256,180,9,2,7,51,35,7,3,46,20,4,3,1,5
S01009257,258,13,4,9,57,48,20,20,53,25,11,6,5,11
S01009258,233,23,4,19,73,42,18,7,42,14,7,5,2,7
S01009259,350,34,13,21,84,79,16,16,68,25,8,6,2,20
S01009260,452,26,5,21,88,92,19,15,122,53,10,6,4,27
S01009261,285,9,3,6,47,44,6,25,66,51,22,12,10,15
S01009262,212,1,0,1,26,31,4,14,60,49,11,5,6,16
S01009263,327,40,6,34,120,61,14,9,51,12,10,7,3,10
S01009264,211,7,2,5,54,49,15,6,37,17,8,4,4,18
S01009265,317,12,4,8,68,51,14,19,76,31,14,6,8,32
S01009266,319,10,4,6,53,62,12,14,75,62,14,12,2,17
S01009267,303,18,5,13,76,52,13,22,70,28,12,9,3,12
S01009268,372,18,5,13,81,53,17,19,85,60,13,5,8,26
S01009269,316,4,4,0,33,56,14,12,84,63,26,18,8,24
S01009270,219,3,1,2,24,34,6,12,63,39,24,13,11,14
S01009271,361,15,3,12,104,76,22,16,70,22,9,6,3,27
S01009272,276,1,0,1,36,42,7,15,81,43,32,19,13,19
S01009273,184,18,12,6,57,37,18,7,32,4,3,1,2,8
S01009274,244,13,1,12,58,44,13,8,60,21,11,6,5,16
S01009275,243,17,3,14,60,47,21,11,36,24,15,12,3,12
S01009276,350,27,7,20,94,81,23,14,66,23,9,6,3,13
S01009277,198,13,4,9,65,47,23,5,27,6,1,1,0,11
S01009278,213,30,9,21,72,38,11,6,30,18,3,3,0,5
S01009279,236,14,3,11,59,50,16,10,40,25,7,4,3,15
S01009280,318,2,0,2,26,46,6,21,89,82,38,26,12,8
S01009281,328,4,1,3,46,50,4,21,86,70,24,17,7,23
S01009282,299,28,5,23,82,58,21,20,43,19,11,8,3,17
S01009283,164,18,4,14,50,32,9,9,25,11,3,1,2,7
S01009284,312,18,5,13,108,78,13,14,44,12,3,2,1,22
S01009285,353,16,1,15,72,94,22,12,72,24,5,5,0,36
S01009286,297,16,3,13,94,60,20,15,57,13,4,3,1,18
S01009287,278,28,7,21,105,67,25,5,18,14,4,2,2,12
S01009288,314,32,8,24,98,66,27,7,37,13,13,8,5,21
S01009289,341,23,6,17,104,96,20,8,54,13,8,1,7,15
S01009290,244,18,6,12,87,77,9,5,30,2,6,3,3,10
S01009291,385,17,6,11,95,116,22,15,66,27,2,1,1,25
S01009292,192,2,0,2,29,34,3,9,55,37,8,5,3,15
S01009293,263,16,4,12,52,65,19,14,51,19,11,7,4,16
S01009294,199,17,3,14,65,42,12,6,35,8,3,0,3,11
S01009295,265,21,3,18,71,78,10,9,51,11,1,0,1,13
S01009296,206,11,2,9,55,43,16,9,36,12,5,2,3,19
S01009297,328,38,4,34,106,76,9,8,43,18,3,2,1,27
S01009298,385,11,1,10,62,63,9,20,104,68,28,12,16,20
S01009299,352,28,5,23,102,70,24,17,54,23,15,10,5,19
S01009300,203,18,3,15,53,37,9,8,37,21,10,9,1,10
S01009301,363,12,3,9,85,74,13,15,56,32,49,30,19,27
S01009302,359,13,4,9,54,42,9,12,104,61,35,23,12,29
S01009303,284,13,3,10,110,53,15,10,44,14,8,6,2,17
S01009304,365,13,1,12,81,93,19,21,88,25,13,8,5,12
S01009305,293,16,3,13,79,73,7,8,52,30,9,3,6,19
S01009306,425,21,4,17,108,90,16,23,78,37,28,18,10,24
S01009307,386,27,6,21,120,72,18,20,57,22,21,13,8,29
S01009308,177,20,5,15,49,36,11,12,18,14,4,4,0,13
S01009309,286,23,3,20,95,52,15,12,47,13,9,5,4,20
S01009310,371,32,4,28,111,76,26,15,54,19,11,7,4,27
S01009311,279,4,2,2,45,40,7,20,77,43,22,19,3,21
S01009312,277,17,0,17,89,53,7,10,43,21,17,10,7,20
S01009313,216,5,0,5,37,41,10,13,48,31,17,14,3,14
S01009314,254,11,3,8,59,73,8,13,51,13,10,5,5,16
S01009315,245,2,0,2,43,44,9,16,56,36,18,12,6,21
S01009316,281,33,10,23,96,63,11,6,37,8,7,5,2,20
S01009317,332,32,4,28,103,105,9,7,39,10,4,0,4,23
S01009318,251,28,6,22,85,53,13,8,36,2,0,0,0,26
S01009319,326,19,4,15,114,96,13,9,41,16,4,4,0,14
S01009320,265,15,2,13,57,66,13,15,60,22,4,4,0,13
S01009321,277,12,4,8,82,83,11,12,47,11,3,3,0,16
S01009322,315,10,4,6,78,94,7,13,56,29,6,5,1,22
S01009323,253,6,2,4,67,48,10,8,62,35,10,7,3,7
S01009324,209,9,2,7,43,49,8,10,41,29,10,5,5,10
S01009325,280,23,4,19,86,72,20,8,45,8,3,2,1,15
S01009326,215,13,1,12,54,44,5,5,41,19,14,8,6,20
S01009327,221,11,3,8,63,62,6,4,40,16,5,5,0,14
S01009328,228,25,3,22,96,56,6,3,26,4,3,2,1,9
S01009329,173,20,4,16,53,46,3,14,20,8,4,2,2,5
S01009330,188,14,3,11,46,37,11,4,41,13,8,4,4,14
S01009331,206,27,10,17,67,44,5,6,24,8,2,2,0,23
S01009332,335,35,4,31,104,77,15,13,42,13,10,9,1,26
S01009333,253,8,2,6,47,54,9,9,59,44,7,6,1,16
S01009334,240,5,1,4,32,49,13,18,49,36,21,12,9,17
S01009335,301,5,1,4,46,52,5,12,79,62,21,16,5,19
S01009336,252,5,0,5,37,32,6,14,64,38,38,22,16,18
S01009337,278,4,1,3,43,48,9,13,67,36,32,25,7,26
S01009338,283,6,2,4,39,41,4,13,68,61,32,17,15,19
S01009339,291,3,0,3,39,39,9,25,74,50,38,25,13,14
S01009340,232,0,0,0,25,33,8,11,75,57,8,5,3,15
S01009341,225,4,1,3,22,45,6,14,62,38,21,11,10,13
S01009342,278,8,1,7,41,68,11,13,67,37,21,12,9,12
S01009343,234,6,0,6,51,58,6,15,55,20,8,5,3,15
S01009344,252,1,1,0,36,49,5,17,74,45,18,14,4,7
S01009345,357,10,1,9,63,86,8,23,87,37,12,10,2,31
S01009346,233,30,7,23,92,46,14,6,23,5,8,5,3,9
S01009347,225,32,8,24,79,45,14,7,22,6,2,1,1,18
S01009348,177,17,4,13,59,40,9,4,25,0,3,0,3,20
S01009349,270,41,5,36,100,62,15,4,19,6,5,2,3,18
S01009350,224,12,3,9,69,50,7,9,39,11,9,3,6,18
S01009351,188,13,0,13,63,45,11,12,24,9,5,5,0,6
S01009352,280,42,5,37,106,56,13,6,28,5,9,5,4,15
S01009353,142,16,1,15,46,36,8,8,13,2,8,4,4,5
S01009354,315,37,7,30,113,67,14,7,34,8,8,6,2,27
S01009355,346,20,5,15,82,100,17,14,74,15,7,7,0,17
S01009356,386,17,3,14,106,113,18,17,65,23,6,4,2,21
S01009357,178,30,9,21,42,52,11,6,19,6,4,2,2,8
S01009358,263,37,10,27,92,49,16,7,29,9,3,2,1,21
S01009359,283,33,5,28,97,55,9,5,41,12,5,2,3,26
S01009360,333,24,5,19,97,77,13,13,56,25,4,3,1,24
S01009361,300,20,1,19,69,74,12,13,64,24,6,5,1,18
S01009362,402,27,6,21,97,118,10,16,78,26,9,8,1,21
S01009363,321,10,3,7,48,93,11,19,74,37,15,7,8,14
S01009364,332,16,6,10,60,85,18,26,68,19,13,8,5,27
S01009365,234,7,1,6,42,60,10,12,49,29,13,12,1,12
S01009366,276,8,2,6,45,67,21,14,62,32,16,10,6,11
S01009367,240,4,1,3,52,52,6,14,62,26,8,5,3,16
S01009368,216,2,1,1,23,56,7,10,60,27,14,4,10,17
S01009369,221,2,0,2,46,49,9,13,46,29,12,9,3,15
S01009370,339,11,2,9,59,90,7,10,91,34,19,16,3,18
S01009371,211,3,1,2,44,44,1,11,55,31,10,8,2,12
S01009372,211,6,3,3,38,36,9,18,53,25,10,5,5,16
S01009373,301,7,0,7,54,60,10,12,70,46,29,22,7,13
S01009374,328,14,4,10,62,66,12,23,82,40,12,9,3,17
S01009375,309,7,4,3,50,51,8,17,101,37,18,10,8,20
S01009376,224,6,2,4,21,57,8,13,54,37,13,10,3,15
S01009377,391,12,2,10,89,116,12,20,77,21,19,9,10,25
S01009378,375,11,3,8,65,93,10,15,87,41,12,5,7,41
S01009379,361,28,3,25,73,102,7,18,57,21,20,11,9,35
S01009380,231,12,7,5,42,55,6,16,44,23,13,10,3,20
S01009381,257,22,4,18,62,63,13,7,40,19,10,5,5,21
S01009382,305,7,0,7,56,61,12,14,63,58,11,5,6,23
S01009383,304,3,1,2,73,63,14,14,74,32,14,9,5,17
S01009384,218,24,5,19,86,43,17,1,24,6,8,7,1,9
S01009385,201,23,3,20,53,38,12,14,31,14,7,4,3,9
S01009386,271,4,1,3,50,56,8,16,73,30,13,7,6,21
S01009387,237,13,4,9,41,47,9,7,57,35,13,6,7,15
S01009388,321,8,0,8,39,53,4,19,80,50,35,16,19,33
S01009389,352,24,4,20,90,75,13,18,69,28,12,8,4,23
S01009390,271,40,11,29,82,74,9,1,36,4,1,1,0,24
S01009391,260,26,6,20,91,55,16,9,32,11,1,1,0,19
S01009392,184,19,4,15,63,47,10,2,30,2,1,0,1,10
S01009393,270,12,2,10,70,67,18,16,45,12,6,5,1,24
S01009394,346,37,5,32,98,97,14,11,37,14,14,8,6,24
S01009395,271,23,8,15,101,65,15,8,37,8,3,2,1,11
S01009396,277,33,4,29,92,62,19,5,34,4,9,6,3,19
S01009397,271,26,7,19,76,61,13,15,43,14,7,5,2,16
S01009398,273,10,4,6,68,81,16,12,55,11,3,2,1,17
S01009399,273,15,2,13,76,70,13,11,51,16,7,4,3,14
S01009400,201,8,4,4,41,53,10,9,50,16,3,1,2,11
S01009401,258,19,2,17,76,65,11,14,37,9,9,5,4,18
S01009402,354,25,6,19,109,76,26,10,55,22,10,7,3,21
S01009403,204,5,0,5,52,49,6,6,49,16,3,3,0,18
S01009404,214,10,3,7,31,33,7,16,41,39,23,18,5,14
S01009405,151,5,0,5,39,41,13,5,26,10,5,5,0,7
S01009406,360,14,2,12,80,82,13,17,66,57,16,13,3,15
S01009407,203,10,3,7,48,38,9,10,42,27,11,7,4,8
S01009408,293,25,6,19,77,60,15,18,47,22,7,3,4,22
S01009409,256,4,1,3,37,40,5,19,67,46,16,9,7,22
S01009410,341,5,2,3,39,55,17,18,104,63,21,17,4,19
S01009411,340,5,1,4,45,56,10,19,96,63,24,14,10,22
S01009412,322,6,1,5,42,59,6,19,93,67,19,12,7,11
S01009413,375,10,3,7,75,78,15,17,89,63,11,5,6,17
S01009414,264,3,1,2,47,63,9,12,65,37,11,8,3,17
S01009415,305,11,5,6,46,59,10,12,65,48,34,25,9,20
S01009416,206,3,2,1,43,53,12,19,48,11,5,3,2,12
S01009417,112,4,1,3,35,27,12,4,20,4,2,2,0,4
S01009418,404,7,1,6,64,83,12,21,92,82,19,11,8,24
S01009419,225,4,1,3,33,48,2,19,53,35,16,11,5,15
S01009420,245,3,1,2,23,20,5,11,69,69,22,17,5,23
S01009421,274,4,2,2,28,35,8,16,76,48,36,25,11,23
S01009422,305,12,5,7,55,54,4,19,79,43,15,10,5,24
S01009423,353,18,4,14,107,94,22,15,43,13,9,3,6,32
S01009424,213,13,5,8,57,49,10,7,43,17,6,4,2,11
S01009425,270,12,7,5,57,54,11,18,67,30,10,8,2,11
S01009426,310,2,1,1,46,52,9,16,92,51,27,18,9,15
S01009427,231,10,2,8,31,38,5,9,60,36,32,22,10,10
S01009428,224,5,0,5,39,39,9,16,51,37,14,9,5,14
S01009429,256,4,1,3,24,38,2,19,75,53,22,17,5,19
S01009430,293,6,2,4,41,59,5,11,85,52,14,9,5,20
S01009431,253,11,3,8,50,39,11,18,48,40,22,17,5,14
S01009432,320,3,0,3,22,47,5,20,104,60,28,21,7,31
S01009433,312,1,0,1,32,50,8,17,89,52,37,26,11,26
S01009434,194,1,1,0,30,32,6,14,46,36,14,10,4,15
S01009435,275,2,1,1,29,22,11,20,84,55,37,26,11,15
S01009436,256,5,0,5,40,49,6,11,88,29,11,8,3,17
S01009437,255,3,1,2,46,47,13,13,75,38,5,3,2,15
S01009438,335,5,0,5,44,52,16,19,89,52,27,20,7,31
S01009439,357,1,0,1,44,46,9,30,112,55,30,17,13,30
S01009440,240,5,0,5,32,44,8,13,78,34,21,12,9,5
S01009441,322,3,1,2,34,46,7,21,98,57,30,21,9,26
S01009442,208,12,3,9,55,43,16,5,38,15,9,9,0,15
S01009443,252,8,2,6,59,55,10,18,50,25,11,7,4,16
S01009444,312,12,7,5,73,66,13,19,79,14,16,15,1,20
S01009445,305,1,0,1,41,47,13,14,100,55,19,16,3,15
S01009446,318,5,0,5,45,46,12,13,91,51,33,23,10,22
S01009447,205,8,1,7,28,37,11,9,46,34,19,12,7,13
S01009448,324,10,4,6,83,62,10,18,75,35,15,6,9,16
S01009449,200,4,1,3,33,33,9,12,55,29,10,8,2,15
S01009450,231,3,1,2,26,38,6,6,70,49,26,16,10,7
S01009451,355,5,2,3,34,54,9,18,95,80,38,25,13,22
S01009452,187,0,0,0,19,35,5,1,59,34,21,14,7,13
S01009453,370,7,3,4,54,79,8,23,95,50,24,17,7,30
S01009454,335,41,8,33,131,54,18,6,46,13,7,4,3,19
S01009455,309,46,11,35,123,47,28,8,21,14,8,3,5,14
S01009456,262,12,5,7,47,40,18,17,62,42,15,13,2,9
S01009457,227,12,4,8,63,37,24,10,48,19,3,3,0,11
S01009458,251,22,6,16,66,50,18,11,49,19,10,4,6,6
S01009459,328,16,3,13,72,57,22,19,63,40,14,7,7,25
S01009460,314,5,2,3,52,32,11,26,82,50,39,24,15,17
S01009461,201,32,7,25,77,32,11,6,21,6,5,4,1,11
S01009462,242,15,4,11,47,54,11,10,54,34,8,4,4,9
S01009463,252,16,4,12,52,53,14,12,63,25,7,3,4,10
S01009464,312,20,5,15,83,67,27,16,53,19,7,6,1,20
S01009465,240,5,0,5,58,44,12,8,59,28,7,4,3,19
S01009466,225,21,4,17,72,57,18,7,24,9,5,3,2,12
S01009467,292,27,6,21,116,52,17,6,44,7,7,4,3,16
S01009468,281,6,2,4,64,56,8,19,72,32,11,5,6,13
S01009469,336,17,0,17,97,70,22,7,57,23,12,8,4,31
S01009470,182,7,1,6,45,41,12,9,40,11,7,5,2,10
S01009471,230,9,4,5,35,22,14,11,60,35,30,18,12,14
S01009472,353,23,4,19,81,34,13,13,84,40,42,28,14,23
S01009473,325,6,1,5,41,38,12,30,80,53,35,24,11,30
S01009474,307,7,1,6,59,40,18,10,75,34,37,18,19,27
S01009475,227,29,10,19,71,48,18,7,30,6,7,6,1,11
S01009476,175,17,3,14,65,27,11,7,23,4,8,6,2,13
S01009477,258,17,3,14,96,46,16,9,39,16,7,2,5,12
S01009478,325,13,4,9,96,52,12,15,62,21,22,12,10,32
S01009479,291,18,3,15,81,36,14,10,51,24,29,19,10,28
S01009480,312,28,4,24,97,59,21,5,47,19,12,8,4,24
S01009481,342,18,0,18,83,75,12,23,66,35,9,5,4,21
S01009482,236,12,1,11,54,36,11,15,49,20,8,7,1,31
S01009483,274,18,3,15,84,51,17,11,53,11,12,6,6,17
S01009484,317,18,3,15,63,66,15,8,67,21,16,8,8,43
S01009485,307,5,0,5,51,53,16,14,74,40,24,15,9,30
S01009486,234,10,2,8,68,49,10,7,42,25,10,5,5,13
S01009487,286,5,0,5,44,57,2,19,77,45,15,12,3,22
S01009488,251,7,4,3,43,44,7,16,66,32,14,5,9,22
S01009489,297,10,3,7,46,49,8,15,78,35,37,28,9,19
S01009490,330,4,1,3,31,52,5,19,90,62,38,25,13,29
S01009491,266,7,1,6,36,54,13,11,60,48,19,16,3,18
S01009492,295,3,1,2,39,55,9,13,83,58,11,9,2,24
S01009493,297,36,5,31,104,70,12,7,31,15,6,3,3,16
S01009494,360,26,2,24,122,84,19,14,53,12,9,7,2,21
S01009495,361,19,4,15,111,96,17,16,47,19,6,2,4,30
S01009496,319,4,1,3,46,65,6,21,90,48,14,12,2,25
S01009497,390,15,4,11,85,74,9,28,104,43,17,12,5,15
S01009498,251,14,3,11,84,66,7,11,37,17,4,2,2,11
S01009499,321,12,3,9,78,55,19,14,69,37,16,9,7,21
S01009500,292,1,0,1,51,45,10,12,66,54,36,28,8,17
S01009501,245,4,1,3,33,29,5,18,71,42,20,12,8,23
S01009502,332,5,1,4,42,50,9,25,95,60,25,13,12,21
S01009503,294,2,0,2,66,42,13,12,86,42,9,6,3,22
S01009504,255,2,0,2,28,37,8,18,73,52,22,16,6,15
S01009505,313,1,0,1,27,38,2,21,98,56,50,33,17,20
S01009506,279,3,2,1,41,38,3,11,88,51,25,12,13,19
S01009507,319,13,6,7,51,81,13,18,62,38,18,12,6,25
S01009508,337,3,1,2,30,50,5,17,102,66,40,25,15,24
S01009509,359,10,3,7,46,53,16,14,94,55,35,25,10,36
S01009510,289,17,3,14,86,62,10,14,50,14,14,9,5,22
S01009511,228,14,4,10,64,57,7,9,43,16,4,3,1,14
S01009512,298,12,2,10,81,80,16,10,60,19,5,2,3,15
S01009513,232,6,1,5,86,47,5,9,50,7,5,4,1,17
S01009514,285,17,3,14,78,74,10,11,59,11,5,4,1,20
S01009515,280,4,1,3,35,54,5,23,76,43,19,13,6,21
S01009516,333,9,3,6,55,68,15,23,91,44,14,12,2,14
S01009517,353,28,7,21,127,83,13,11,49,8,9,4,5,25
S01009518,341,31,4,27,116,81,16,10,51,5,7,4,3,24
S01009519,195,12,6,6,40,41,5,13,45,15,11,9,2,13
S01009520,332,16,6,10,80,70,12,18,62,36,12,10,2,26
S01009521,330,5,0,5,40,44,6,20,96,68,30,21,9,21
S01009522,380,11,3,8,54,47,19,29,86,69,37,22,15,28
S01009523,241,6,0,6,33,34,3,11,66,46,16,10,6,26
S01009524,250,10,1,9,46,37,6,8,70,34,20,13,7,19
S01009525,201,3,0,3,39,32,4,14,45,31,20,16,4,13
S01009526,267,23,1,22,74,47,13,15,48,17,9,4,5,21
S01009527,248,14,3,11,57,46,7,10,61,26,12,6,6,15
S01009528,178,10,3,7,36,35,3,13,47,20,4,3,1,10
S01009529,204,12,3,9,62,41,10,13,34,12,5,1,4,15
S01009530,215,17,4,13,78,53,10,10,28,7,3,3,0,9
S01009531,309,3,0,3,31,55,14,20,84,59,26,15,11,17
S01009532,307,4,1,3,41,43,5,19,90,67,23,16,7,15
S01009533,308,8,2,6,51,51,8,15,83,62,12,7,5,18
S01009534,303,5,2,3,34,30,8,17,82,52,45,31,14,30
S01009535,229,2,0,2,30,23,4,16,65,53,26,18,8,10
S01009536,193,4,1,3,38,31,4,14,43,33,9,5,4,17
S01009537,197,10,0,10,46,36,5,8,48,23,7,2,5,14
S01009538,292,20,2,18,59,42,16,14,62,41,20,14,6,18
S01009539,331,7,3,4,63,73,14,14,82,45,10,4,6,23
S01009540,303,5,3,2,52,47,7,20,91,38,26,16,10,17
S01009541,299,14,5,9,75,54,11,15,61,31,17,15,2,21
S01009542,284,7,0,7,37,39,13,9,81,47,30,13,17,21
S01009543,214,11,4,7,42,35,8,14,55,27,10,7,3,12
S01009544,332,8,1,7,78,69,26,15,81,31,10,5,5,14
S01009545,307,5,2,3,52,40,21,21,76,53,12,8,4,27
S01009546,376,8,1,7,73,62,18,20,99,50,24,17,7,22
S01009547,293,11,1,10,44,38,14,26,82,35,19,15,4,24
S01009548,262,4,1,3,51,53,12,16,68,36,10,5,5,12
S01009549,282,10,3,7,50,57,12,15,79,32,6,3,3,21
S01009550,199,9,1,8,51,44,3,10,37,22,5,3,2,18
S01009551,202,8,1,7,46,47,3,13,37,22,14,11,3,12
S01009552,346,12,5,7,81,60,14,16,83,48,9,4,5,23
S01009553,318,6,3,3,40,33,6,21,105,51,39,20,19,17
S01009554,247,10,6,4,49,26,17,13,73,30,15,10,5,14
S01009555,295,13,3,10,58,59,19,13,63,25,25,13,12,20
S01009556,293,3,1,2,48,46,11,19,86,41,19,10,9,20
S01009557,267,8,2,6,32,30,5,19,94,41,27,16,11,11
S01009558,265,3,1,2,32,29,6,8,85,49,33,17,16,20
S01009559,342,5,3,2,39,41,8,22,102,68,33,24,9,24
S01009560,311,4,0,4,52,35,9,12,95,50,35,26,9,19
S01009561,189,2,0,2,25,30,5,6,61,37,13,8,5,10
S01009562,273,9,3,6,55,46,10,15,59,43,14,6,8,22
S01009563,291,5,1,4,59,53,5,16,74,43,18,15,3,18
S01009564,256,8,2,6,54,47,8,18,72,26,6,4,2,17
S01009565,228,2,0,2,39,43,5,15,47,34,21,13,8,22
S01009566,408,14,4,10,81,70,12,26,108,43,21,13,8,33
S01009567,336,13,4,9,71,70,10,20,72,47,16,10,6,17
S01009568,279,5,0,5,51,44,8,26,67,38,15,9,6,25
S01009569,326,5,1,4,54,60,5,17,90,58,17,12,5,20
S01009570,215,1,1,0,39,37,6,11,55,36,13,9,4,17
S01009571,258,0,0,0,29,37,11,13,80,33,32,22,10,23
S01009572,381,5,2,3,37,55,12,28,112,60,36,24,12,36
S01009573,284,4,1,3,26,31,6,16,82,50,39,27,12,30
S01009574,384,5,1,4,62,55,12,24,94,77,22,15,7,33
S01009575,199,2,0,2,46,37,6,19,47,18,9,4,5,15
S01009576,215,7,1,6,58,58,11,3,47,17,3,3,0,11
S01009577,287,14,3,11,92,49,19,7,49,22,15,13,2,20
S01009578,297,9,4,5,68,53,8,8,68,36,21,15,6,26
S01009579,405,13,5,8,101,84,15,21,88,38,24,15,9,21
S01009580,356,14,5,9,96,79,18,14,64,27,10,8,2,34
S01009581,224,2,0,2,48,47,6,16,54,33,9,5,4,9
S01009582,213,1,0,1,46,47,10,9,43,36,9,1,8,12
S01009583,321,7,3,4,43,65,9,21,96,33,26,18,8,21
S01009584,182,8,3,5,43,41,13,10,38,12,5,3,2,12
S01009585,372,3,0,3,58,71,16,27,106,50,17,6,11,24
S01009586,251,3,2,1,52,55,6,19,60,24,24,21,3,8
S01009587,240,8,2,6,48,42,9,15,67,33,11,5,6,7
S01009588,367,8,1,7,70,53,12,34,102,43,22,17,5,23
S01009589,348,3,0,3,60,52,12,23,102,43,24,18,6,29
S01009590,273,19,7,12,99,44,12,12,40,16,6,3,3,25
S01009591,264,16,6,10,67,63,12,12,55,19,3,3,0,17
S01009592,232,22,4,18,69,42,13,13,45,12,2,1,1,14
S01009593,228,20,7,13,65,56,16,6,30,8,8,6,2,19
S01009594,265,17,5,12,78,73,11,19,38,11,5,2,3,13
S01009595,193,21,9,12,47,43,13,4,31,8,5,4,1,21
S01009596,317,7,1,6,47,59,9,15,101,40,20,16,4,19
S01009597,336,4,2,2,38,58,13,26,88,40,41,22,19,28
S01009598,254,8,1,7,33,34,11,13,71,40,22,14,8,22
S01009599,353,9,5,4,57,80,14,18,88,41,27,13,14,19
S01009600,244,3,1,2,39,45,8,17,61,38,14,11,3,19
S01009601,255,6,2,4,46,48,6,17,53,37,23,16,7,19
S01009602,302,19,3,16,95,66,14,13,51,15,9,6,3,20
S01009603,227,16,7,9,61,51,10,12,35,15,10,9,1,17
S01009604,336,10,3,7,79,60,10,25,76,36,15,14,1,25
S01009605,305,4,1,3,49,55,15,21,79,33,23,18,5,26
S01009606,219,20,4,16,78,35,12,10,33,12,5,4,1,14
S01009607,209,16,6,10,71,50,7,9,30,11,3,3,0,12
S01009608,215,6,0,6,50,41,10,15,48,30,6,3,3,9
S01009609,299,13,2,11,92,62,15,13,48,21,15,10,5,20
S01009610,376,14,2,12,91,73,12,28,86,37,11,5,6,24
S01009611,214,15,3,12,48,52,21,10,41,11,1,1,0,15
S01009612,225,8,4,4,42,53,10,13,49,30,10,7,3,10
S01009613,174,8,4,4,73,29,8,6,29,5,4,3,1,12
S01009614,197,12,1,11,41,37,18,11,37,19,6,3,3,16
S01009615,148,4,0,4,32,35,6,10,28,21,4,2,2,8
S01009616,291,14,5,9,52,55,10,14,79,25,16,7,9,26
S01009617,289,12,3,9,76,46,18,23,59,24,5,3,2,26
S01009618,273,2,0,2,37,55,7,12,82,41,23,11,12,14
S01009619,238,4,1,3,45,40,7,11,67,34,16,9,7,14
S01009620,308,1,0,1,48,31,11,21,95,56,28,22,6,17
S01009621,295,7,2,5,47,59,9,13,81,38,28,21,7,13
S01009622,270,2,1,1,32,44,6,13,71,49,40,30,10,13
S01009623,201,3,0,3,20,29,9,10,63,31,17,12,5,19
S01009624,341,5,0,5,40,42,10,16,120,66,19,11,8,23
S01009625,322,3,2,1,31,44,6,18,98,67,31,20,11,24
S01009626,235,5,1,4,17,23,6,7,72,47,41,31,10,17
S01009627,304,4,3,1,43,39,5,12,89,70,25,21,4,17
S01009628,184,2,0,2,18,27,5,12,49,50,12,8,4,9
S01009629,404,3,1,2,52,61,12,19,103,78,49,32,17,27
S01009630,322,3,2,1,33,38,5,16,87,60,47,35,12,33
S01009631,246,3,0,3,26,27,2,19,84,48,24,19,5,13
S01009632,203,1,0,1,21,17,6,10,77,37,29,19,10,5
S01009633,268,0,0,0,21,29,4,20,82,45,46,33,13,21
S01009634,185,1,0,1,17,30,0,12,57,42,17,14,3,9
S01009635,334,3,1,2,54,36,14,18,103,57,23,15,8,26
S01009636,356,4,3,1,29,39,9,25,113,51,65,50,15,21
S01009637,288,5,1,4,45,51,10,24,89,27,18,15,3,19
S01009638,266,3,3,0,28,19,4,15,70,52,47,34,13,28
S01009639,283,16,1,15,91,53,14,10,43,19,16,10,6,21
S01009640,208,4,1,3,40,41,1,13,53,26,16,13,3,14
S01009641,298,6,1,5,58,58,17,17,71,37,23,14,9,11
S01009642,361,12,1,11,77,79,21,21,75,31,17,12,5,28
S01009643,205,7,3,4,53,48,4,11,52,11,3,1,2,16
S01009644,321,10,0,10,44,48,8,15,92,65,21,16,5,18
S01009645,260,3,0,3,37,47,16,10,65,51,15,11,4,16
S01009646,226,3,0,3,38,31,12,14,60,33,18,13,5,17
S01009647,217,2,1,1,38,28,6,7,67,36,18,10,8,15
S01009648,331,5,2,3,61,53,10,22,97,38,17,8,9,28
S01009649,417,8,1,7,94,70,11,23,110,45,26,18,8,30
S01009650,287,14,3,11,94,61,18,12,50,18,5,3,2,15
S01009651,359,21,1,20,109,55,35,16,66,27,7,2,5,23
S01009652,275,19,1,18,99,49,28,9,43,10,2,1,1,16
S01009653,204,18,3,15,71,36,15,7,32,7,5,5,0,13
S01009654,215,12,1,11,64,39,17,10,36,17,4,3,1,16
S01009655,339,5,0,5,50,34,10,18,112,66,23,17,6,21
S01009656,267,7,2,5,29,22,9,10,82,62,34,27,7,12
S01009657,293,8,3,5,61,59,14,16,68,25,18,12,6,24
S01009658,279,3,1,2,47,45,6,13,87,48,20,17,3,10
S01009659,182,2,0,2,30,30,8,6,52,27,12,8,4,15
S01009660,423,7,1,6,76,69,10,23,130,56,23,19,4,29
S01009661,308,36,11,25,109,50,23,5,43,21,7,6,1,14
S01009662,268,16,3,13,73,54,23,8,50,18,9,3,6,17
S01009663,247,24,6,18,78,37,13,11,43,13,8,4,4,20
S01009664,343,35,7,28,85,72,32,12,58,18,15,8,7,16
S01009665,241,16,4,12,54,43,15,9,50,32,10,7,3,12
S01009666,274,13,1,12,78,49,23,8,54,24,7,4,3,18
S01009667,203,20,4,16,69,45,16,5,27,8,0,0,0,13
S01009668,224,15,5,10,74,41,12,14,33,9,8,4,4,18
S01009669,185,15,3,12,58,34,11,11,34,12,2,0,2,8
S01009670,301,24,7,17,99,40,20,12,43,27,12,10,2,24
S01009671,250,22,5,17,71,42,21,12,40,14,4,2,2,24
S01009672,291,11,4,7,53,59,19,13,74,41,8,5,3,13
S01009673,294,17,3,14,71,53,22,12,57,27,13,10,3,22
S01009674,324,37,6,31,97,60,19,18,46,25,7,5,2,15
S01009675,349,28,6,22,103,75,20,16,47,25,10,6,4,25
S01009676,298,22,6,16,84,46,19,18,60,31,6,4,2,12
S01009677,229,28,3,25,63,39,24,6,40,6,7,3,4,16
S01009678,227,18,4,14,41,38,12,12,54,36,2,2,0,14
S01009679,335,10,2,8,84,60,17,12,81,35,19,15,4,17
S01009680,300,10,1,9,64,48,17,18,86,32,13,6,7,12
S01009681,250,16,3,13,62,38,9,11,46,34,15,13,2,19
S01009682,238,15,1,14,79,44,12,6,46,18,7,3,4,11
S01009683,308,26,4,22,104,46,14,14,34,19,6,5,1,45
S01009684,395,36,11,25,128,73,40,4,51,17,13,9,4,33
S01009685,232,8,1,7,63,47,9,6,44,28,7,5,2,20
S01009686,431,26,3,23,90,56,13,23,97,52,18,14,4,56
S01009687,260,16,2,14,56,50,9,18,46,32,13,6,7,20
S01009688,345,7,3,4,57,41,5,25,82,67,30,22,8,31
S01009689,237,13,3,10,52,33,13,13,49,26,11,6,5,27
S01009690,274,19,2,17,79,44,8,10,60,22,14,9,5,18
S01009691,222,9,1,8,73,44,12,3,45,14,6,4,2,16
S01009692,389,27,6,21,119,81,19,13,74,30,7,5,2,19
S01009693,230,21,5,16,66,53,10,11,38,11,2,2,0,18
S01009694,373,35,7,28,112,77,16,14,65,24,6,6,0,24
S01009695,247,27,4,23,63,43,34,10,34,23,4,1,3,9
S01009696,373,41,4,37,121,63,30,12,53,16,13,10,3,24
S01009697,257,34,4,30,81,36,19,12,33,25,5,4,1,12
S01009698,229,22,4,18,72,27,32,13,27,11,5,4,1,20
S01009699,157,13,3,10,37,34,19,5,26,10,7,6,1,6
S01009700,258,15,2,13,60,32,25,16,51,33,8,5,3,18
S01009701,148,12,3,9,52,22,17,4,19,8,3,2,1,11
S01009702,219,25,2,23,54,31,18,16,37,15,4,3,1,19
S01009703,222,15,3,12,41,44,11,15,58,24,5,3,2,9
S01009704,367,19,3,16,94,55,34,18,81,34,13,9,4,19
S01009705,263,5,1,4,54,33,22,10,79,38,7,4,3,15
S01009706,210,16,2,14,49,34,21,9,40,20,7,4,3,14
S01009707,182,19,2,17,49,28,12,13,29,12,6,4,2,14
S01009708,234,17,1,16,50,46,24,7,50,22,5,4,1,13
S01009709,313,21,5,16,74,61,20,16,69,37,7,4,3,8
S01009710,201,12,3,9,43,33,21,13,35,18,5,3,2,21
S01009711,273,10,3,7,41,37,27,15,72,35,11,8,3,25
S01009712,226,9,1,8,58,29,24,14,48,22,11,8,3,11
S01009713,347,23,5,18,95,49,27,21,68,28,9,7,2,27
S01009714,341,27,5,22,92,56,38,23,55,21,6,2,4,23
S01009715,240,38,5,33,55,41,25,10,38,15,3,0,3,15
S01009716,285,38,2,36,61,36,17,9,35,20,1,1,0,68
S01009717,476,12,1,11,35,27,4,12,52,36,12,6,6,286
S01009718,286,17,1,16,32,25,10,17,54,52,5,3,2,74
S01009719,304,22,6,16,44,35,13,21,77,43,8,6,2,41
S01009720,328,17,1,16,45,38,6,18,62,60,5,3,2,77
S01009721,303,6,0,6,9,4,1,4,9,3,1,1,0,266
S01009722,564,18,1,17,41,15,12,2,19,8,1,1,0,448
S01009723,386,17,0,17,18,14,5,7,10,7,4,4,0,304
S01009724,414,26,1,25,31,24,10,22,55,40,29,25,4,177
S01009725,348,11,4,7,18,6,6,3,16,13,8,7,1,267
S01009726,585,11,2,9,17,7,19,1,4,2,2,0,2,522
S01009727,313,37,3,34,89,47,18,10,43,19,5,3,2,45
S01009728,282,25,3,22,106,54,14,9,28,14,3,1,2,29
S01009729,230,34,2,32,89,39,10,7,20,6,7,4,3,18
S01009730,208,13,1,12,33,39,6,10,28,21,4,2,2,54
S01009731,234,18,1,17,69,34,19,4,21,9,1,0,1,59
S01009732,355,28,2,26,55,13,14,6,24,10,4,3,1,201
S01009733,202,20,0,20,55,32,13,11,39,21,3,2,1,8
S01009734,325,48,7,41,95,51,23,16,39,11,6,4,2,36
S01009735,526,47,1,46,85,47,27,5,13,1,4,3,1,297
S01009736,1387,16,1,15,32,16,9,5,9,1,8,8,0,1291
S01009737,306,7,1,6,73,64,12,21,70,41,4,2,2,14
S01009738,175,8,0,8,44,32,8,12,31,20,6,3,3,14
S01009739,276,22,5,17,80,53,15,14,36,21,7,2,5,28
S01009740,198,7,1,6,37,35,10,19,40,28,9,5,4,13
S01009741,222,8,6,2,54,61,8,11,39,22,6,3,3,13
S01009742,192,25,4,21,70,35,15,7,21,9,3,2,1,7
S01009743,353,45,5,40,114,68,24,13,43,20,7,4,3,19
S01009744,285,30,6,24,72,74,14,11,44,15,4,4,0,21
S01009745,422,35,6,29,124,91,22,12,81,19,7,4,3,31
S01009746,216,26,4,22,66,29,20,9,28,14,7,6,1,17
S01009747,262,22,4,18,70,51,14,14,39,26,11,7,4,15
S01009748,289,27,5,22,86,64,14,9,44,22,3,1,2,20
S01009749,376,43,5,38,112,67,20,19,50,18,13,10,3,34
S01009750,255,17,1,16,64,38,11,17,51,28,10,3,7,19
S01009751,331,13,2,11,83,51,7,25,67,39,11,5,6,35
S01009752,228,44,5,39,88,33,13,2,23,8,3,2,1,14
S01009753,233,37,3,34,80,32,16,5,32,14,4,2,2,13
S01009754,311,52,5,47,90,42,13,15,42,14,15,7,8,28
S01009755,250,32,2,30,95,43,10,11,26,7,11,10,1,15
S01009756,303,51,4,47,115,41,10,7,35,16,10,7,3,18
S01009757,258,50,5,45,95,38,13,4,24,6,5,2,3,23
S01009758,233,17,5,12,60,54,2,10,44,21,8,4,4,17
S01009759,391,1,1,0,26,36,5,16,111,81,70,52,18,45
S01009760,345,5,0,5,29,58,4,16,89,74,39,32,7,31
S01009761,377,16,2,14,73,94,8,19,87,27,21,15,6,32
S01009762,380,1,0,1,33,34,1,17,121,85,45,33,12,43
S01009763,290,35,8,27,81,48,20,7,38,8,24,20,4,29
S01009764,260,6,0,6,38,38,6,10,80,34,29,19,10,19
S01009765,350,17,3,14,50,78,8,22,83,28,31,22,9,33
S01009766,227,5,2,3,65,53,3,8,51,18,6,5,1,18
S01009767,213,4,2,2,27,39,8,8,56,27,33,27,6,11
S01009768,244,13,2,11,43,41,9,6,67,20,30,17,13,15
S01009769,271,20,3,17,62,53,14,10,51,23,10,4,6,28
S01009770,271,10,5,5,59,55,9,14,58,16,27,26,1,23
S01009771,345,16,3,13,70,85,11,11,59,13,40,35,5,40
S01009772,260,12,3,9,67,64,7,9,58,16,11,6,5,16
S01009773,202,19,1,18,47,33,14,3,22,6,22,21,1,36
S01009774,184,15,1,14,47,30,9,5,25,6,19,18,1,28
S01009775,346,7,2,5,22,35,2,15,106,72,47,43,4,40
S01009776,278,2,0,2,22,27,1,20,80,61,49,33,16,16
S01009777,172,4,0,4,27,27,0,11,48,25,15,11,4,15
S01009778,322,9,0,9,30,43,4,17,98,69,28,23,5,24
S01009779,207,1,0,1,15,30,2,19,61,38,22,12,10,19
S01009780,252,2,1,1,19,26,1,6,70,54,51,36,15,23
S01009781,217,1,1,0,27,25,1,10,58,53,27,20,7,15
S01009782,205,8,1,7,33,32,5,10,43,25,32,22,10,17
S01009783,313,2,1,1,44,40,4,20,88,58,42,35,7,15
S01009784,304,6,2,4,38,34,3,16,91,58,38,24,14,20
S01009785,331,5,1,4,40,47,5,14,95,52,51,43,8,22
S01009786,366,8,2,6,29,62,2,11,123,61,45,33,12,25
S01009787,346,5,3,2,32,51,8,15,98,60,48,33,15,29
S01009788,319,10,2,8,44,66,8,9,95,45,20,15,5,22
S01009789,358,13,2,11,51,61,5,22,97,52,28,22,6,29
S01009790,248,8,4,4,39,50,3,12,59,40,22,14,8,15
S01009791,263,5,1,4,33,37,5,12,72,32,40,28,12,27
S01009792,353,46,10,36,84,56,9,14,52,19,28,26,2,45
S01009793,355,20,4,16,93,92,12,8,60,30,15,11,4,25
S01009794,207,14,3,11,65,57,9,1,32,8,3,2,1,18
S01009795,337,30,4,26,96,92,11,11,35,14,11,6,5,37
S01009796,291,16,2,14,88,64,9,9,58,15,12,12,0,20
S01009797,297,19,3,16,92,77,9,13,30,15,13,11,2,29
S01009798,284,17,2,15,83,65,15,10,47,9,6,3,3,32
S01009799,329,2,1,1,23,58,4,13,93,76,38,29,9,22
S01009800,437,6,2,4,54,77,8,22,111,67,42,36,6,50
S01009801,348,3,1,2,31,65,4,16,85,74,37,26,11,33
S01009802,411,10,5,5,61,78,4,21,96,45,42,32,10,54
S01009803,314,4,2,2,55,48,12,10,88,41,26,20,6,30
S01009804,182,26,5,21,58,23,2,8,33,12,11,11,0,9
S01009805,377,11,0,11,40,61,8,19,107,56,38,29,9,37
S01009806,321,13,2,11,62,79,3,14,77,40,14,9,5,19
S01009807,386,8,2,6,66,79,5,24,100,38,41,36,5,25
S01009808,328,5,3,2,34,42,6,15,91,44,59,51,8,32
S01009809,267,8,1,7,51,60,4,12,71,32,14,8,6,15
S01009810,320,5,1,4,48,63,6,13,88,44,38,28,10,15
S01009811,419,11,2,9,69,75,4,13,114,58,49,39,10,26
S01009812,282,8,3,5,48,70,6,18,59,37,20,16,4,16
S01009813,282,3,0,3,16,30,4,11,77,46,64,56,8,31
S01009814,310,15,3,12,84,71,5,13,41,31,24,23,1,26
S01009815,288,10,4,6,70,62,8,10,62,26,12,11,1,28
S01009816,297,14,2,12,74,62,4,15,71,18,9,5,4,30
S01009817,255,13,2,11,43,63,5,13,64,21,16,12,4,17
S01009818,376,21,3,18,114,109,16,12,52,16,10,9,1,26
S01009819,234,25,3,22,58,63,5,8,34,15,8,7,1,18
S01009820,366,14,2,12,95,91,4,17,72,32,16,15,1,25
S01009821,259,16,4,12,78,46,8,5,37,18,11,8,3,40
S01009822,179,4,0,4,43,28,2,9,42,24,16,8,8,11
S01009823,282,6,2,4,43,46,1,15,69,41,30,23,7,31
S01009824,312,8,1,7,58,60,7,19,74,48,20,15,5,18
S01009825,392,9,3,6,63,72,9,15,91,75,33,27,6,25
S01009826,222,3,0,3,30,35,9,12,64,25,26,19,7,18
S01009827,349,4,2,2,42,67,4,13,92,62,23,19,4,42
S01009828,303,7,2,5,44,51,2,19,75,46,38,32,6,21
S01009829,367,8,0,8,77,99,5,24,70,30,31,27,4,23
S01009830,303,3,1,2,49,77,1,16,73,40,24,12,12,20
S01009831,297,11,2,9,59,81,2,5,65,28,17,11,6,29
S01009832,410,15,5,10,95,95,8,21,84,42,21,16,5,29
S01009833,233,7,4,3,71,44,9,8,35,28,18,14,4,13
S01009834,352,10,4,6,49,77,6,14,77,53,32,21,11,34
S01009835,217,3,1,2,12,34,2,12,69,47,18,12,6,20
S01009836,374,11,3,8,72,83,9,15,70,60,28,22,6,26
S01009837,254,4,0,4,36,54,1,14,55,55,19,18,1,16
S01009838,310,11,3,8,54,47,5,20,60,54,36,22,14,23
S01009839,423,4,1,3,63,82,3,24,103,59,43,31,12,42
S01009840,385,10,2,8,50,84,9,15,91,72,35,25,10,19
S01009841,306,2,1,1,53,42,5,22,69,51,33,24,9,29
S01009842,263,7,3,4,26,29,3,14,57,45,48,37,11,34
S01009843,227,1,0,1,26,35,2,8,39,56,42,33,9,18
S01009844,195,4,0,4,17,24,7,10,33,37,48,36,12,15
S01009845,280,5,2,3,33,23,4,11,60,52,62,56,6,30
S01009846,351,11,3,8,59,54,12,10,76,60,50,39,11,19
S01009847,251,2,2,0,37,49,2,14,62,36,24,16,8,25
S01009848,356,5,1,4,38,63,2,21,94,59,45,39,6,29
S01009849,275,12,1,11,56,41,4,14,75,39,17,15,2,17
S01009850,315,14,1,13,62,58,9,17,72,42,20,16,4,21
S01009851,310,10,2,8,48,54,8,12,85,56,23,12,11,14
S01009852,227,12,4,8,41,56,4,7,43,21,20,18,2,23
S01009853,325,12,1,11,50,88,10,13,69,37,21,17,4,25
S01009854,358,8,1,7,66,65,7,24,85,53,26,19,7,24
S01009855,218,10,2,8,53,46,6,7,38,24,8,5,3,26
S01009856,275,21,3,18,65,49,4,9,50,17,22,15,7,38
S01009857,333,18,2,16,83,70,3,18,68,24,19,14,5,30
S01009858,304,10,2,8,53,64,6,13,80,28,20,15,5,30
S01009859,414,13,3,10,48,65,9,15,97,69,66,56,10,32
S01009860,368,4,0,4,38,62,2,20,71,87,57,53,4,27
S01009861,386,6,0,6,53,42,9,18,79,74,73,64,9,32
S01009862,412,16,3,13,51,83,7,28,66,72,53,40,13,36
S01009863,288,11,3,8,40,51,5,13,66,27,40,36,4,35
S01009864,228,16,0,16,40,37,1,13,27,24,38,31,7,32
S01009865,182,10,2,8,22,34,9,9,37,18,26,24,2,17
S01009866,373,16,2,14,66,85,6,16,69,55,30,26,4,30
S01009867,377,50,6,44,99,74,13,4,47,39,18,16,2,33
S01009868,249,28,4,24,45,39,6,14,30,22,31,25,6,34
S01009869,176,9,1,8,38,33,3,6,21,12,25,20,5,29
S01009870,209,7,0,7,33,26,7,9,18,28,46,40,6,35
S01009871,348,23,4,19,79,62,14,11,58,34,39,35,4,28
S01009872,252,14,4,10,52,43,5,17,25,24,41,37,4,31
S01009873,314,43,4,39,76,45,22,10,28,17,39,34,5,34
S01009874,389,36,6,30,92,77,13,10,72,35,24,15,9,30
S01009875,253,15,1,14,26,31,10,7,31,21,74,65,9,38
S01009876,251,1,0,1,27,32,3,9,58,32,58,49,9,31
S01009877,360,56,6,50,107,40,27,2,24,12,50,45,5,42
S01009878,230,16,1,15,23,28,8,4,26,18,76,73,3,31
S01009879,335,82,10,72,104,34,23,2,28,7,26,26,0,29
S01009880,285,43,7,36,45,35,9,3,35,4,77,76,1,34
S01009881,177,9,1,8,22,23,3,3,10,20,59,58,1,28
S01009882,413,61,5,56,115,56,12,11,44,17,44,39,5,53
S01009883,275,14,2,12,53,26,10,4,32,10,94,90,4,32
S01009884,303,30,5,25,78,29,7,5,32,16,66,64,2,40
S01009885,315,29,4,25,61,33,18,8,34,5,81,76,5,46
S01009886,268,23,1,22,52,25,6,7,19,11,71,69,2,54
S01009887,308,11,1,10,63,39,17,17,38,26,63,61,2,34
S01009888,237,8,1,7,40,21,8,10,36,21,65,58,7,28
S01009889,268,16,1,15,49,28,18,10,41,24,55,52,3,27
S01009890,188,5,0,5,23,19,4,9,34,36,43,31,12,15
S01009891,266,12,0,12,59,45,6,12,36,31,43,37,6,22
S01009892,314,9,1,8,50,46,4,16,65,47,53,45,8,24
S01009893,277,17,2,15,55,36,10,13,37,24,57,56,1,28
S01009894,310,12,1,11,48,40,5,11,68,46,45,36,9,35
S01009895,265,6,1,5,42,39,7,9,59,41,42,30,12,20
S01009896,339,13,2,11,43,47,11,9,67,51,69,60,9,29
S01009897,347,15,4,11,84,60,14,18,62,45,24,20,4,25
S01009898,229,5,1,4,19,33,9,9,65,30,48,43,5,11
S01009899,311,33,2,31,107,58,11,8,33,15,17,15,2,29
S01009900,397,66,8,58,153,61,10,6,58,11,14,8,6,18
S01009901,362,60,4,56,147,60,10,9,31,10,20,15,5,15
S01009902,331,15,1,14,72,59,13,9,48,44,43,38,5,28
S01009903,312,43,9,34,88,33,11,4,38,16,48,48,0,31
S01009904,308,48,10,38,112,49,5,11,24,16,14,13,1,29
S01009905,238,18,0,18,66,28,6,4,26,18,44,36,8,28
S01009906,253,21,4,17,71,43,8,11,28,18,27,25,2,26
S01009907,316,17,1,16,88,49,11,6,41,20,36,32,4,48
S01009908,398,57,6,51,141,38,21,17,49,17,25,23,2,33
S01009909,331,49,5,44,97,54,17,11,28,18,30,23,7,27
S01009910,210,32,4,28,71,24,10,6,24,7,14,12,2,22
S01009911,388,70,8,62,131,56,14,6,36,22,24,21,3,29
S01009912,332,64,9,55,102,42,15,9,18,8,41,38,3,33
S01009913,294,36,3,33,68,36,25,8,27,3,52,49,3,39
S01009914,373,84,10,74,108,57,24,4,27,7,28,25,3,34
S01009915,335,72,6,66,111,38,14,8,31,6,24,22,2,31
S01009916,363,35,4,31,78,53,16,8,39,11,85,82,3,38
S01009917,266,49,10,39,99,45,9,2,22,8,15,15,0,17
S01009918,285,54,3,51,101,38,11,4,25,12,20,18,2,20
S01009919,452,39,5,34,113,78,10,13,70,42,33,27,6,54
S01009920,389,83,6,77,128,68,10,11,33,21,13,11,2,22
S01009921,274,44,3,41,90,46,6,11,32,7,14,11,3,24
S01009922,435,85,6,79,147,82,13,15,32,10,14,12,2,37
S01009923,342,26,2,24,113,71,6,15,52,20,13,12,1,26
S01009924,425,75,8,67,119,74,10,13,42,25,32,26,6,35
S01009925,304,54,9,45,105,57,3,6,32,14,12,8,4,21
S01009926,306,31,2,29,106,35,10,11,38,20,28,23,5,27
S01009927,193,36,3,33,45,30,6,2,37,15,9,6,3,13
S01009928,343,84,16,68,143,38,12,4,27,8,11,7,4,16
S01009929,199,36,5,31,71,32,13,5,17,9,5,4,1,11
S01009930,355,49,6,43,138,65,10,8,37,8,13,6,7,27
S01009931,329,65,10,55,130,60,7,11,25,5,6,3,3,20
S01009932,273,35,6,29,106,48,11,6,23,11,8,7,1,25
S01009933,339,22,2,20,74,54,6,17,50,50,40,30,10,26
S01009934,366,55,11,44,114,65,14,9,44,21,20,19,1,24
S01009935,189,4,1,3,25,30,3,14,47,34,24,21,3,8
S01009936,222,23,2,21,49,34,5,8,38,17,27,24,3,21
S01009937,174,1,1,0,19,24,1,3,29,27,44,35,9,26
S01009938,333,7,3,4,66,51,9,13,79,53,33,28,5,22
S01009939,307,1,0,1,23,34,2,8,66,56,101,78,23,16
S01009940,321,5,1,4,28,44,5,17,103,68,36,31,5,15
S01009941,402,18,1,17,71,77,11,13,78,16,51,45,6,67
S01009942,384,3,0,3,37,56,3,20,98,81,46,39,7,40
S01009943,332,4,1,3,30,45,7,14,93,75,46,35,11,18
S01009944,301,11,0,11,43,67,8,13,69,37,18,13,5,35
S01009945,377,12,3,9,56,78,7,16,98,51,33,23,10,26
S01009946,320,8,2,6,71,58,9,18,57,46,30,22,8,23
S01009947,224,13,3,10,50,34,6,7,56,21,22,18,4,15
S01009948,286,13,4,9,47,44,7,10,69,42,26,16,10,28
S01009949,290,18,0,18,45,70,7,13,63,25,22,14,8,27
S01009950,277,50,8,42,102,27,12,3,23,11,16,11,5,33
S01009951,289,73,9,64,91,28,20,1,19,4,21,21,0,32
S01009952,270,42,10,32,88,56,8,6,26,9,13,8,5,22
S01009953,355,62,6,56,104,66,12,11,39,21,18,17,1,22
S01009954,239,22,4,18,58,39,11,5,36,8,29,23,6,31
S01009955,362,49,2,47,86,62,9,6,57,25,28,23,5,40
S01009956,287,18,2,16,65,59,8,13,42,18,34,21,13,30
S01009957,282,64,3,61,106,47,11,3,18,9,3,3,0,21
S01009958,355,49,6,43,136,79,12,6,41,11,7,5,2,14
S01009959,252,41,6,35,88,42,10,5,27,5,13,13,0,21
S01009960,315,53,9,44,103,62,14,4,29,6,16,14,2,28
S01009961,261,14,2,12,69,63,8,7,43,20,12,9,3,25
S01009962,408,37,6,31,116,100,12,21,55,23,18,14,4,26
S01009963,301,19,3,16,96,69,16,8,41,16,9,8,1,27
S01009964,347,44,10,34,118,66,13,11,41,8,18,16,2,28
S01009965,273,15,2,13,86,71,2,4,47,15,11,8,3,22
S01009966,304,19,4,15,73,81,4,12,67,16,8,6,2,24
S01009967,324,40,8,32,135,60,15,4,31,4,8,5,3,27
S01009968,238,7,4,3,63,71,1,6,50,11,8,7,1,21
S01009969,320,46,12,34,92,67,13,11,39,10,13,9,4,29
S01009970,374,6,0,6,36,60,4,17,97,74,50,33,17,30
S01009971,449,12,3,9,71,63,12,22,96,96,44,31,13,33
S01009972,307,20,2,18,74,66,12,17,40,35,25,19,6,18
S01009973,304,10,2,8,54,57,4,11,76,49,21,16,5,22
S01009974,252,4,0,4,17,37,2,7,71,66,36,26,10,12
S01009975,320,4,0,4,21,31,4,10,91,72,71,60,11,16
S01009976,209,1,0,1,24,32,4,10,49,49,29,26,3,11
S01009977,348,4,0,4,37,43,2,23,75,86,59,42,17,19
S01009978,416,5,1,4,48,53,7,16,108,86,50,41,9,43
S01009979,228,1,0,1,24,26,3,10,63,59,30,21,9,12
S01009980,267,0,0,0,20,34,3,13,59,65,48,34,14,25
S01009981,273,6,2,4,26,35,4,19,73,59,35,24,11,16
S01009982,413,15,3,12,59,58,15,11,88,75,55,44,11,37
S01009983,238,2,0,2,14,24,1,10,60,47,62,50,12,18
S01009984,303,7,1,6,41,52,13,21,53,54,33,26,7,29
S01009985,234,3,0,3,17,28,2,12,77,35,46,28,18,14
S01009986,227,2,0,2,21,42,0,8,56,47,44,30,14,7
S01009987,313,2,0,2,37,74,7,20,88,52,22,17,5,11
S01009988,210,4,0,4,15,37,1,10,57,43,26,21,5,17
S01009989,319,9,2,7,51,80,2,10,86,38,22,12,10,21
S01009990,292,11,1,10,51,77,5,16,66,31,13,6,7,22
S01009991,330,15,1,14,73,83,7,13,73,21,10,7,3,35
S01009992,290,3,1,2,31,44,5,17,89,47,40,27,13,14
S01009993,330,16,0,16,85,80,9,11,58,38,5,3,2,28
S01009994,278,8,2,6,62,76,5,11,54,28,14,8,6,20
S01009995,285,12,1,11,55,85,9,14,53,22,9,7,2,26
S01009996,307,10,0,10,58,62,8,16,73,36,14,9,5,30
S01009997,226,9,0,9,45,61,2,6,53,17,11,9,2,22
S01009998,236,24,5,19,49,45,13,7,30,16,21,19,2,31
S01009999,275,17,2,15,70,73,7,6,48,17,11,8,3,26
S01010000,251,3,1,2,57,61,6,4,65,26,15,8,7,14
S01010001,312,19,3,16,62,74,7,12,62,27,21,17,4,28
S01010002,333,15,0,15,80,68,7,15,66,26,25,19,6,31
S01010003,283,14,4,10,76,70,11,13,55,15,8,4,4,21
S01010004,283,29,5,24,89,56,12,2,36,14,12,11,1,33
S01010005,309,30,4,26,80,74,8,12,50,18,18,13,5,19
S01010006,376,38,6,32,114,84,6,9,53,29,18,13,5,25
S01010007,352,45,8,37,106,75,9,10,41,19,15,9,6,32
S01010008,283,39,3,36,93,62,7,9,33,15,6,6,0,19
S01010009,216,21,5,16,65,43,2,6,35,20,7,4,3,17
S01010010,393,41,5,36,137,70,12,8,63,9,16,14,2,37
S01010011,300,35,8,27,94,69,4,8,40,23,15,6,9,12
S01010012,358,17,2,15,85,95,9,12,60,20,27,24,3,33
S01010013,335,37,7,30,104,70,4,8,52,18,12,7,5,30
S01010014,380,46,13,33,127,83,6,15,44,15,22,21,1,22
S01010015,342,52,7,45,109,60,12,8,32,11,19,13,6,39
S01010016,258,4,1,3,43,54,6,9,69,34,18,13,5,21
S01010017,325,2,2,0,35,59,3,8,79,71,34,22,12,34
S01010018,370,11,1,10,64,66,5,17,85,68,31,26,5,23
S01010019,294,0,0,0,33,38,3,14,83,57,48,33,15,18
S01010020,291,6,2,4,41,63,6,10,78,45,25,19,6,17
S01010021,301,9,0,9,29,23,3,17,57,55,64,55,9,44
S01010022,366,7,1,6,41,63,7,20,78,75,50,37,13,25
S01010023,236,3,1,2,26,29,5,15,56,48,40,35,5,14
S01010024,280,8,0,8,51,37,1,6,71,55,17,11,6,34
S01010025,203,3,0,3,29,28,5,6,34,44,38,27,11,16
S01010026,355,24,5,19,64,33,10,14,62,59,42,34,8,47
S01010027,343,23,1,22,85,49,7,15,50,45,37,29,8,32
S01010028,235,14,1,13,43,26,2,16,38,44,30,21,9,22
S01010029,234,3,1,2,34,31,3,12,50,59,23,22,1,19
S01010030,331,49,9,40,71,44,2,20,50,44,16,13,3,35
S01010031,263,44,4,40,67,33,8,8,13,9,12,10,2,69
S01010032,204,27,0,27,41,33,5,5,16,9,17,15,2,51
S01010033,338,17,3,14,62,52,3,17,65,34,51,43,8,37
S01010034,339,14,0,14,51,32,3,21,51,94,41,33,8,32
S01010035,217,7,1,6,19,20,0,17,39,29,61,52,9,25
S01010036,298,14,2,12,56,18,5,12,20,12,17,16,1,144
S01010037,255,7,0,7,27,36,1,12,58,61,33,28,5,20
S01010038,383,19,1,18,50,43,8,13,85,72,43,38,5,50
S01010039,394,60,2,58,71,28,9,14,17,12,18,16,2,165
S01010040,291,27,2,25,80,45,10,9,38,29,18,14,4,35
S01010041,234,25,2,23,56,24,8,11,20,17,19,19,0,54
S01010042,447,28,3,25,93,79,6,22,55,43,37,29,8,84
S01010043,301,13,3,10,43,38,5,9,63,60,49,36,13,21
S01010044,462,22,2,20,89,80,5,26,76,69,52,40,12,43
S01010045,215,2,0,2,7,22,5,9,56,66,37,29,8,11
S01010046,321,6,2,4,50,53,8,16,65,64,38,28,10,21
S01010047,310,5,1,4,27,46,8,10,78,74,43,31,12,19
S01010048,383,4,0,4,33,51,8,23,98,99,40,29,11,27
S01010049,327,3,2,1,25,24,7,15,97,78,54,41,13,24
S01010050,335,6,1,5,26,39,7,18,83,78,54,40,14,24
S01010051,267,4,2,2,19,36,6,12,65,64,49,38,11,12
S01010052,230,4,2,2,31,31,5,7,55,41,35,26,9,21
S01010053,363,5,1,4,29,34,3,22,96,75,57,52,5,42
S01010054,233,4,0,4,15,22,0,3,58,62,54,45,9,15
S01010055,383,5,0,5,46,69,7,14,78,69,50,40,10,45
S01010056,189,3,0,3,9,27,0,10,57,42,25,18,7,16
S01010057,164,6,0,6,19,16,1,13,36,34,19,16,3,20
S01010058,309,9,6,3,36,48,3,18,77,67,36,25,11,15
S01010059,268,15,2,13,58,46,3,19,57,31,11,5,6,28
S01010060,352,13,5,8,42,55,7,18,85,62,44,37,7,26
S01010061,200,6,1,5,51,53,3,5,36,22,10,4,6,14
S01010062,280,7,0,7,44,42,2,13,75,48,29,23,6,20
S01010063,374,11,3,8,39,57,2,20,100,66,50,34,16,29
S01010064,219,4,2,2,38,33,3,11,52,38,19,14,5,21
S01010065,348,3,1,2,37,43,5,15,110,74,37,29,8,24
S01010066,326,2,0,2,32,33,9,13,90,76,43,38,5,28
S01010067,241,2,0,2,19,26,5,11,73,46,40,27,13,19
S01010068,218,12,1,11,26,28,7,12,65,30,22,15,7,16
S01010069,334,9,2,7,65,79,14,14,76,38,8,7,1,31
S01010070,288,16,5,11,60,68,10,10,63,15,13,8,5,33
S01010071,298,11,5,6,59,64,11,14,63,31,28,20,8,17
S01010072,314,11,1,10,56,59,8,16,87,35,13,11,2,29
S01010073,278,10,2,8,61,68,6,13,58,38,4,4,0,20
S01010074,286,22,2,20,77,69,7,6,48,18,19,15,4,20
S01010075,232,4,2,2,28,44,5,14,75,34,15,11,4,13
S01010076,263,8,2,6,38,50,12,13,61,49,16,13,3,16
S01010077,259,3,1,2,40,40,4,11,69,49,21,20,1,22
S01010078,240,10,3,7,60,53,3,8,50,18,9,7,2,29
S01010079,362,37,10,27,96,84,16,11,52,23,8,7,1,35
S01010080,248,22,11,11,59,79,4,11,34,14,6,2,4,19
S01010081,279,22,4,18,67,76,19,6,41,12,10,10,0,26
S01010082,348,29,1,28,103,80,12,14,56,19,12,10,2,23
S01010083,275,7,0,7,30,61,3,16,62,47,23,20,3,26
S01010084,340,2,0,2,41,77,2,16,100,59,25,21,4,18
S01010085,303,10,1,9,66,88,5,19,66,25,3,2,1,21
S01010086,376,3,1,2,62,55,5,20,111,71,24,20,4,25
S01010087,231,14,5,9,55,57,13,10,49,15,4,3,1,14
S01010088,302,41,6,35,100,57,11,10,42,8,12,6,6,21
S01010089,280,12,4,8,35,64,2,13,59,35,18,11,7,42
S01010090,421,24,10,14,106,102,11,12,74,31,20,17,3,41
S01010091,332,24,4,20,73,68,9,16,80,24,14,9,5,24
S01010092,386,7,1,6,57,66,8,16,98,60,42,34,8,32
S01010093,369,18,6,12,73,88,9,15,75,37,16,12,4,38
S01010094,262,10,1,9,74,78,4,8,42,19,10,7,3,17
S01010095,273,12,2,10,71,69,7,12,55,21,11,3,8,15
S01010096,308,14,1,13,88,65,7,7,61,19,10,6,4,37
S01010097,285,5,3,2,63,62,14,12,65,25,14,13,1,25
S01010098,265,11,2,9,74,65,8,6,47,24,7,4,3,23
S01010099,270,13,0,13,70,75,13,7,43,17,8,5,3,24
S01010100,359,15,0,15,90,76,11,17,73,32,15,14,1,30
S01010101,293,12,2,10,70,78,4,12,67,22,8,5,3,20
S01010102,393,21,4,17,111,95,5,16,54,22,12,9,3,57
S01010103,404,17,4,13,109,92,16,20,62,28,8,5,3,52
S01010104,281,12,4,8,86,57,8,16,48,17,7,5,2,30
S01010105,172,2,0,2,20,20,0,7,45,34,30,20,10,14
S01010106,177,2,0,2,21,16,3,10,44,47,20,13,7,14
S01010107,315,6,1,5,34,41,5,25,71,67,34,22,12,32
S01010108,293,7,1,6,33,45,7,26,80,59,22,21,1,14
S01010109,301,14,3,11,37,48,10,12,69,45,31,26,5,35
S01010110,327,2,1,1,29,47,2,23,72,88,40,31,9,24
S01010111,396,3,0,3,36,36,6,18,88,107,66,49,17,36
S01010112,395,4,1,3,38,38,3,20,111,76,64,45,19,41
S01010113,207,3,1,2,16,30,2,5,52,46,35,25,10,18
S01010114,306,3,1,2,19,32,3,13,87,91,41,32,9,17
S01010115,252,4,0,4,49,40,8,13,61,28,20,15,5,29
S01010116,411,15,2,13,89,80,6,24,86,46,20,12,8,45
S01010117,258,29,6,23,80,47,12,12,31,26,11,6,5,10
S01010118,263,0,0,0,22,30,3,13,69,50,59,49,10,17
S01010119,223,8,0,8,21,24,0,11,60,52,29,18,11,18
S01010120,420,2,0,2,35,51,6,19,93,100,82,58,24,32
S01010121,277,1,0,1,25,31,3,17,94,47,41,34,7,18
S01010122,158,1,0,1,14,16,1,6,39,40,31,22,9,10
S01010123,290,6,2,4,23,39,5,7,82,71,42,37,5,15
S01010124,271,4,1,3,49,47,7,25,67,32,17,8,9,23
S01010125,225,2,0,2,31,43,2,17,54,38,24,16,8,14
S01010126,298,10,2,8,51,45,10,18,74,54,19,15,4,17
S01010127,236,4,3,1,38,40,4,15,59,36,23,20,3,17
S01010128,192,2,2,0,18,18,4,5,53,43,36,24,12,13
S01010129,293,2,0,2,33,27,5,15,70,62,48,34,14,31
S01010130,177,2,0,2,15,24,2,11,59,44,11,10,1,9
S01010131,386,18,4,14,85,84,17,24,66,43,14,9,5,35
S01010132,396,4,1,3,38,68,11,11,101,82,46,35,11,35
S01010133,287,3,0,3,30,51,5,17,74,68,22,14,8,17
S01010134,380,9,0,9,53,63,9,20,98,85,26,16,10,17
S01010135,291,4,1,3,33,44,4,18,84,64,22,16,6,18
S01010136,326,8,2,6,52,67,7,18,80,46,16,11,5,32
S01010137,374,10,1,9,74,69,7,25,93,45,23,18,5,28
S01010138,310,5,4,1,35,43,5,20,83,63,43,32,11,13
S01010139,398,10,1,9,58,85,5,22,96,67,29,23,6,26
S01010140,298,14,6,8,54,76,5,21,62,27,20,16,4,19
S01010141,322,5,3,2,40,33,3,19,77,73,52,46,6,20
S01010142,250,6,4,2,36,38,4,15,68,34,25,18,7,24
S01010143,266,4,0,4,39,43,5,18,77,51,17,14,3,12
S01010144,289,6,2,4,47,46,10,8,69,47,34,27,7,22
S01010145,303,5,1,4,61,53,4,11,68,48,27,17,10,26
S01010146,302,5,1,4,32,42,3,21,74,57,43,35,8,25
S01010147,411,6,3,3,38,53,10,27,112,69,67,48,19,29
S01010148,302,2,1,1,32,31,6,23,65,75,45,31,14,23
S01010149,216,6,0,6,54,39,12,12,34,29,15,14,1,15
S01010150,244,4,1,3,25,40,5,13,74,43,30,26,4,10
S01010151,231,5,0,5,23,49,2,16,53,51,20,18,2,12
S01010152,324,7,1,6,44,71,2,14,69,68,23,15,8,26
S01010153,364,8,3,5,44,59,9,22,76,73,42,37,5,31
S01010154,345,5,2,3,57,60,4,10,88,74,24,23,1,23
S01010155,289,12,3,9,36,52,4,10,77,58,23,19,4,17
S01010156,200,6,0,6,18,36,9,6,42,46,24,15,9,13
S01010157,248,1,0,1,20,39,4,10,55,64,40,30,10,15
S01010158,370,5,0,5,62,70,4,24,89,60,29,22,7,27
S01010159,280,3,0,3,40,43,7,18,81,55,25,23,2,8
S01010160,199,1,0,1,9,22,6,15,40,43,50,40,10,13
S01010161,248,9,3,6,28,43,4,16,70,38,26,22,4,14
S01010162,334,4,1,3,22,42,3,17,79,70,70,52,18,27
S01010163,240,3,0,3,23,39,3,8,61,40,42,30,12,21
S01010164,298,8,4,4,30,42,4,20,67,62,36,29,7,29
S01010165,245,0,0,0,23,31,0,12,61,54,47,38,9,17
S01010166,302,4,1,3,35,39,3,12,88,63,40,32,8,18
S01010167,323,4,1,3,25,52,5,16,79,97,31,21,10,14
S01010168,216,4,0,4,32,39,2,10,56,36,22,16,6,15
S01010169,334,2,0,2,54,42,5,16,91,60,42,32,10,22
S01010170,227,2,0,2,31,26,0,10,65,51,30,21,9,12
S01010171,406,7,1,6,22,41,2,23,114,76,97,74,23,24
S01010172,258,3,1,2,54,54,4,10,45,52,30,20,10,6
S01010173,286,6,1,5,41,54,6,18,80,32,27,20,7,22
S01010174,213,7,2,5,41,43,3,11,48,31,14,11,3,15
S01010175,176,3,2,1,22,41,3,8,40,34,14,11,3,11
S01010176,256,14,3,11,40,39,7,11,75,30,26,20,6,14
S01010177,304,2,1,1,28,38,4,20,77,59,49,38,11,27
S01010178,393,1,0,1,30,52,3,21,99,91,70,56,14,26
S01010179,348,4,1,3,25,41,1,18,92,86,58,49,9,23
S01010180,210,6,1,5,36,34,6,7,49,32,29,21,8,11
S01010181,256,4,1,3,29,38,4,11,51,60,46,34,12,13
S01010182,291,12,2,10,69,62,8,12,58,27,15,13,2,28
S01010183,186,1,0,1,28,26,5,14,49,31,23,20,3,9
S01010184,253,7,3,4,20,33,8,7,73,61,24,11,13,20
S01010185,250,3,1,2,23,28,4,12,72,65,23,16,7,20
S01010186,270,13,4,9,53,67,12,14,49,24,9,6,3,29
S01010187,276,9,3,6,71,73,6,15,53,14,13,6,7,22
S01010188,292,18,4,14,93,58,12,9,49,20,12,10,2,21
S01010189,363,23,4,19,112,86,16,14,46,19,12,10,2,35
S01010190,285,42,2,40,74,47,17,10,31,14,17,13,4,33
S01010191,264,18,1,17,77,62,12,9,37,20,9,6,3,20
S01010192,312,35,5,30,67,73,12,18,44,21,22,19,3,20
S01010193,294,22,2,20,74,68,7,8,62,24,10,9,1,19
S01010194,259,4,1,3,38,57,1,8,60,47,18,16,2,26
S01010195,205,7,2,5,18,46,4,4,51,36,13,10,3,26
S01010196,293,4,1,3,35,59,4,17,55,76,29,23,6,14
S01010197,286,1,1,0,30,40,1,12,80,61,30,21,9,31
S01010198,379,6,1,5,48,55,7,24,96,84,32,25,7,27
S01010199,223,2,0,2,26,32,4,4,51,51,36,27,9,17
S01010200,259,3,1,2,33,54,5,11,63,68,14,10,4,8
S01010201,234,5,1,4,29,60,6,9,55,39,17,13,4,14
S01010202,296,4,0,4,29,38,6,16,72,51,63,49,14,17
S01010203,269,8,2,6,53,58,7,13,51,30,14,12,2,35
S01010204,336,2,0,2,29,41,4,15,84,77,53,45,8,31
S01010205,306,6,1,5,60,38,6,10,70,60,42,32,10,14
S01010206,185,3,2,1,5,9,4,3,24,15,105,99,6,17
S01010207,237,4,1,3,20,20,6,7,38,40,71,66,5,31
S01010208,374,14,4,10,82,85,6,18,66,40,37,27,10,26
S01010209,359,17,4,13,66,58,4,10,70,66,43,28,15,25
S01010210,353,14,3,11,80,62,3,11,77,56,26,22,4,24
S01010211,350,3,0,3,39,57,6,14,86,70,46,42,4,29
S01010212,403,2,0,2,41,58,5,20,100,86,52,46,6,39
S01010213,368,5,1,4,52,76,4,20,100,66,26,21,5,19
S01010214,387,17,6,11,74,85,14,30,66,53,20,13,7,28
S01010215,350,4,0,4,31,61,6,22,90,70,38,30,8,28
S01010216,231,7,2,5,28,33,4,7,60,46,37,26,11,9
S01010217,323,10,5,5,39,35,2,12,67,42,68,52,16,48
S01010218,402,13,2,11,73,64,12,13,86,55,57,41,16,29
S01010219,179,5,0,5,16,15,3,5,48,21,34,32,2,32
S01010220,186,36,1,35,38,22,4,8,21,7,6,5,1,44
S01010221,196,5,1,4,23,27,1,13,52,38,28,26,2,9
S01010222,210,6,0,6,16,38,2,23,48,32,21,13,8,24
S01010223,218,7,3,4,32,38,2,14,38,33,31,26,5,23
S01010224,400,11,3,8,36,36,3,21,92,90,72,59,13,39
S01010225,316,8,0,8,49,56,0,13,68,49,49,44,5,24
S01010226,282,8,1,7,30,14,4,6,53,39,75,67,8,53
S01010227,227,3,0,3,14,12,3,2,41,30,82,76,6,40
S01010228,265,3,1,2,20,42,6,5,68,73,33,29,4,15
S01010229,414,11,2,9,50,64,8,21,107,82,38,29,9,33
S01010230,332,6,1,5,22,33,9,12,55,65,81,65,16,49
S01010231,397,6,0,6,37,53,3,17,122,65,55,43,12,39
S01010232,414,7,3,4,38,51,7,15,94,85,70,61,9,47
S01010233,359,6,0,6,36,36,7,12,72,57,102,85,17,31
S01010234,381,44,3,41,95,56,9,14,51,37,17,16,1,58
S01010235,370,66,3,63,97,41,2,10,28,10,18,13,5,98
S01010236,308,29,4,25,81,44,7,13,43,23,16,14,2,52
S01010237,257,44,6,38,55,48,5,9,30,21,7,5,2,38
S01010238,345,27,3,24,73,47,9,14,58,35,17,13,4,65
S01010239,309,8,1,7,36,49,5,14,70,62,35,25,10,30
S01010240,315,24,4,20,74,56,5,15,48,34,18,14,4,41
S01010241,418,39,10,29,87,76,10,15,72,51,24,15,9,44
S01010242,326,17,1,16,50,60,5,13,53,45,44,31,13,39
S01010243,415,12,0,12,61,66,7,21,67,69,69,52,17,43
S01010244,282,15,3,12,29,32,2,16,51,43,53,38,15,41
S01010245,403,2,1,1,27,26,6,21,89,121,72,55,17,39
S01010246,343,3,1,2,34,31,5,23,89,76,46,33,13,36
S01010247,299,8,2,6,57,61,5,18,69,39,15,11,4,27
S01010248,354,49,4,45,99,40,8,16,46,21,7,5,2,68
S01010249,298,24,2,22,69,44,6,11,32,24,17,11,6,71
S01010250,334,31,4,27,101,40,2,14,39,20,13,8,5,74
S01010251,268,23,1,22,69,34,10,7,25,16,7,6,1,77
S01010252,244,18,0,18,59,57,9,6,28,19,16,14,2,32
S01010253,238,7,1,6,26,31,7,10,49,46,36,28,8,26
S01010254,436,14,4,10,73,59,4,17,98,76,39,36,3,56
S01010255,257,2,1,1,23,34,12,8,49,58,40,27,13,31
S01010256,354,9,0,9,39,52,7,17,93,62,35,24,11,40
S01010257,331,31,4,27,48,19,3,7,28,24,22,16,6,149
S01010258,740,40,3,37,48,17,1,5,14,6,12,11,1,597
S01010259,488,4,0,4,24,26,1,12,57,55,38,34,4,271
S01010260,859,54,5,49,57,56,7,7,50,22,22,19,3,584
S01010261,1249,7,1,6,28,43,0,15,41,56,28,25,3,1031
S01010262,314,6,0,6,30,29,4,12,42,68,23,22,1,100
S01010263,285,34,1,33,64,28,6,5,13,12,8,4,4,115
S01010264,323,64,6,58,56,36,9,7,30,11,13,10,3,97
S01010265,509,72,10,62,84,35,11,9,13,3,10,7,3,272
S01010266,249,20,4,16,34,12,8,4,15,6,22,19,3,128
S01010267,276,19,1,18,35,10,6,6,13,12,7,6,1,168
S01010268,387,19,1,18,72,31,7,6,31,22,28,27,1,171
S01010269,213,19,1,18,22,15,3,9,16,6,19,15,4,104
S01010270,391,32,3,29,57,53,5,23,36,67,24,19,5,94
S01010271,360,25,5,20,44,19,5,12,21,16,20,18,2,198
S01010272,338,27,4,23,48,39,4,7,39,28,52,46,6,94
S01010273,258,32,1,31,50,22,4,7,13,7,16,14,2,107
S01010274,201,36,2,34,36,20,2,4,13,9,2,2,0,79
S01010275,260,31,4,27,47,20,7,7,13,5,4,4,0,126
S01010276,363,77,7,70,105,53,12,7,20,7,10,4,6,72
S01010277,242,7,0,7,25,40,5,10,51,49,28,21,7,27
S01010278,256,13,1,12,38,23,4,11,60,34,38,29,9,35
S01010279,243,11,1,10,29,29,10,10,37,22,16,10,6,79
S01010280,309,34,6,28,62,37,8,5,31,19,15,13,2,98
S01010281,314,33,2,31,62,35,12,7,22,16,21,17,4,106
S01010282,396,47,0,47,92,36,7,12,43,35,23,18,5,101
S01010283,200,25,1,24,39,15,2,10,27,8,19,15,4,55
S01010284,725,82,2,80,126,61,11,7,17,15,11,6,5,395
S01010285,351,36,7,29,67,40,11,4,29,27,25,18,7,112
S01010286,782,46,4,42,54,25,5,9,20,17,35,29,6,571
S01010287,409,36,2,34,82,21,11,7,21,17,11,9,2,203
S01010288,363,55,4,51,64,31,14,6,23,5,9,5,4,156
S01010289,296,92,13,79,81,21,21,2,11,7,8,7,1,53
S01010290,232,29,8,21,41,21,4,9,11,7,23,22,1,87
S01010291,472,24,2,22,73,38,6,3,41,21,32,29,3,234
S01010292,419,49,3,46,94,28,6,6,24,11,14,14,0,187
S01010293,358,23,1,22,57,28,6,5,26,7,34,31,3,172
S01010294,350,27,1,26,27,15,6,6,20,6,31,29,2,212
S01010295,425,44,1,43,56,22,8,9,32,14,32,29,3,208
S01010296,291,24,1,23,38,26,5,3,29,20,30,28,2,116
S01010297,369,21,6,15,72,50,4,12,53,44,42,37,5,71
S01010298,354,24,1,23,71,42,8,16,51,32,25,22,3,85
S01010299,214,4,0,4,23,26,7,11,39,25,43,37,6,36
S01010300,349,22,3,19,59,47,9,11,56,28,31,29,2,86
S01010301,219,14,1,13,38,18,4,5,27,14,19,12,7,80
S01010302,215,7,0,7,19,19,4,15,38,33,52,41,11,28
S01010303,207,4,1,3,18,14,11,4,33,29,64,62,2,30
S01010304,219,11,0,11,29,19,2,12,38,19,31,23,8,58
S01010305,364,40,5,35,62,43,9,15,46,46,31,27,4,72
S01010306,332,36,3,33,86,35,2,10,26,13,19,9,10,105
S01010307,377,71,2,69,95,38,14,9,26,9,11,7,4,104
S01010308,447,73,6,67,130,38,9,4,28,7,16,13,3,142
S01010309,162,2,0,2,14,30,2,8,31,40,21,18,3,14
S01010310,261,7,2,5,22,28,3,15,62,43,44,33,11,37
S01010311,304,2,0,2,23,33,6,15,60,74,72,56,16,19
S01010312,350,3,1,2,26,32,2,21,96,67,75,62,13,28
S01010313,258,5,1,4,20,19,5,11,74,61,42,34,8,21
S01010314,482,11,1,10,65,70,8,18,94,46,56,46,10,114
S01010315,382,21,2,19,68,63,8,17,63,54,43,37,6,45
S01010316,226,10,2,8,28,28,3,9,62,32,26,25,1,28
S01010317,336,54,2,52,88,34,8,7,17,17,7,6,1,104
S01010318,800,6,2,4,28,29,5,19,45,22,28,14,14,618
S01010319,312,39,1,38,70,46,5,13,45,23,12,10,2,59
S01010320,283,31,0,31,54,37,6,6,40,24,25,23,2,60
S01010321,321,31,0,31,68,38,5,11,49,33,24,15,9,62
S01010322,461,105,8,97,140,48,14,12,26,10,9,6,3,97
S01010323,255,8,1,7,23,19,0,9,64,55,58,44,14,19
S01010324,296,1,0,1,40,38,7,20,73,68,32,25,7,17
S01010325,352,5,4,1,35,61,4,17,95,81,36,29,7,18
S01010326,397,5,0,5,30,39,8,14,99,83,81,64,17,38
S01010327,376,13,3,10,64,54,10,21,79,61,37,23,14,37
S01010328,366,14,3,11,64,72,6,20,67,62,29,22,7,32
S01010329,223,9,2,7,33,39,5,7,45,61,14,13,1,10
S01010330,260,4,0,4,13,30,2,8,82,57,50,35,15,14
S01010331,343,9,3,6,36,57,6,29,76,76,39,27,12,15
S01010332,311,1,0,1,36,40,7,12,94,51,47,41,6,23
S01010333,385,4,1,3,52,59,13,22,102,67,32,22,10,34
S01010334,384,11,2,9,68,72,6,22,99,62,23,20,3,21
S01010335,298,5,1,4,35,45,3,16,64,59,35,26,9,36
S01010336,245,3,0,3,12,37,6,7,71,51,41,33,8,17
S01010337,274,1,0,1,24,47,4,11,81,58,26,21,5,22
S01010338,307,6,0,6,28,36,5,17,74,72,52,42,10,17
S01010339,279,6,1,5,33,40,3,11,79,52,32,27,5,23
S01010340,302,7,2,5,41,58,5,16,62,54,29,17,12,30
S01010341,244,6,1,5,41,52,2,8,59,39,14,9,5,23
S01010342,269,10,0,10,69,46,5,14,64,26,7,5,2,28
S01010343,398,22,3,19,95,94,10,16,74,33,13,9,4,41
S01010344,263,4,1,3,31,44,2,14,63,65,23,12,11,17
S01010345,174,19,6,13,60,30,7,7,12,10,7,7,0,22
S01010346,420,35,7,28,112,83,10,15,70,32,24,20,4,39
S01010347,510,11,2,9,55,61,8,25,90,61,58,42,16,141
S01010348,385,15,2,13,51,85,6,20,101,68,19,12,7,20
S01010349,355,7,1,6,48,68,7,18,100,69,18,11,7,20
S01010350,388,6,1,5,47,58,6,24,99,70,49,29,20,29
S01010351,345,19,3,16,65,53,7,20,69,49,19,14,5,44
S01010352,210,9,1,8,37,28,4,10,44,39,21,15,6,18
S01010353,346,7,0,7,38,38,10,22,80,50,72,62,10,29
S01010354,313,6,0,6,40,42,6,18,77,48,32,20,12,44
S01010355,288,5,1,4,44,46,7,11,62,38,44,36,8,31
S01010356,298,15,1,14,59,59,2,17,47,42,24,14,10,33
S01010357,237,8,2,6,33,38,3,12,57,37,24,16,8,25
S01010358,300,10,3,7,26,43,4,12,90,65,33,23,10,17
S01010359,313,5,1,4,27,38,3,8,89,71,47,34,13,25
S01010360,228,9,0,9,33,28,3,4,42,48,34,24,10,27
S01010361,209,1,0,1,19,31,4,18,49,33,35,26,9,19
S01010362,234,10,0,10,30,27,0,16,44,48,35,29,6,24
S01010363,294,42,4,38,111,42,9,11,22,11,11,6,5,35
S01010364,345,49,6,43,115,60,23,5,29,15,15,13,2,34
S01010365,413,81,11,70,160,48,20,7,30,3,17,13,4,47
S01010366,443,65,6,59,158,54,20,7,44,11,16,8,8,68
S01010367,767,94,5,89,153,53,14,8,27,5,6,4,2,407
S01010368,273,77,8,69,89,41,13,7,18,5,6,4,2,17
S01010369,335,51,2,49,114,35,10,6,33,19,15,9,6,52
S01010370,310,61,6,55,103,23,13,3,17,11,8,5,3,71
S01010371,455,80,11,69,144,34,20,9,14,11,11,9,2,132
S01010372,222,46,5,41,70,21,6,7,17,6,5,3,2,44
S01010373,329,67,6,61,112,35,9,6,12,13,7,6,1,68
S01010374,437,98,14,84,116,29,15,9,16,9,13,10,3,132
S01010375,263,28,3,25,33,9,3,1,10,4,4,4,0,171
S01010376,328,42,3,39,63,17,9,5,16,5,8,7,1,163
S01010377,472,50,6,44,52,27,14,2,31,15,30,28,2,251
S01010378,397,58,3,55,35,14,5,4,7,6,11,6,5,257
S01010379,553,52,5,47,69,20,8,5,21,11,8,7,1,359
S01010380,467,87,9,78,135,49,11,5,26,18,12,7,5,124
S01010381,278,43,2,41,45,21,6,5,15,9,9,8,1,125
S01010382,387,51,2,49,91,35,6,8,31,16,8,6,2,141
S01010383,296,18,1,17,46,43,4,7,28,28,24,20,4,98
S01010384,383,65,4,61,89,44,10,7,33,14,11,7,4,110
S01010385,410,46,2,44,95,53,11,12,36,29,16,11,5,112
S01010386,392,31,3,28,78,47,13,12,54,43,27,18,9,87
S01010387,451,57,3,54,97,41,5,12,42,36,16,10,6,145
S01010388,444,26,0,26,84,77,15,15,69,58,21,12,9,79
S01010389,445,100,13,87,123,41,9,9,24,8,11,6,5,120
S01010390,487,74,6,68,151,80,6,13,42,27,23,11,12,71
S01010391,362,42,4,38,109,56,4,13,43,13,15,12,3,67
S01010392,278,73,10,63,71,32,11,6,10,3,8,4,4,64
S01010393,454,56,3,53,154,60,8,21,50,17,18,14,4,70
S01010394,307,26,3,23,66,49,7,9,44,30,29,21,8,47
S01010395,409,48,7,41,121,64,9,17,45,23,15,14,1,67
S01010396,448,58,4,54,109,59,14,10,48,34,15,11,4,101
S01010397,250,62,6,56,72,24,4,4,15,6,9,5,4,54
S01010398,482,101,11,90,149,56,17,12,28,12,10,4,6,97
S01010399,471,135,11,124,168,37,9,10,19,5,12,5,7,76
S01010400,453,107,11,96,162,37,16,7,19,8,16,13,3,81
S01010401,305,54,8,46,101,31,12,5,9,8,3,2,1,82
S01010402,430,137,18,119,130,53,16,3,14,5,9,7,2,63
S01010403,419,109,10,99,151,39,17,3,13,6,3,3,0,78
S01010404,316,70,5,65,117,31,21,10,11,10,9,7,2,37
S01010405,319,98,5,93,107,28,17,7,11,5,9,4,5,37
S01010406,370,77,9,68,95,21,15,4,18,9,12,8,4,119
S01010407,473,52,6,46,83,21,13,7,17,13,6,4,2,261
S01010408,164,35,10,25,51,33,7,2,13,5,4,3,1,14
S01010409,245,40,4,36,75,36,10,6,24,5,11,8,3,38
S01010410,220,56,10,46,69,33,5,6,12,4,10,7,3,25
S01010411,385,83,8,75,144,51,9,9,14,5,18,13,5,52
S01010412,333,84,4,80,89,34,15,5,25,14,14,14,0,53
S01010413,259,52,7,45,96,38,11,6,11,7,14,12,2,24
S01010414,383,76,7,69,136,63,15,8,28,13,11,8,3,33
S01010415,374,36,5,31,84,57,7,16,58,41,32,22,10,43
S01010416,266,52,8,44,97,40,7,7,19,11,6,4,2,27
S01010417,243,53,6,47,88,37,5,5,17,2,12,7,5,24
S01010418,470,118,9,109,184,57,15,7,35,8,14,13,1,32
S01010419,423,121,13,108,157,56,11,4,21,10,6,3,3,37
S01010420,246,30,1,29,82,36,8,8,24,18,10,7,3,30
S01010421,320,77,8,69,115,52,9,7,19,6,10,7,3,25
S01010422,407,68,12,56,151,57,14,9,29,21,15,9,6,43
S01010423,344,22,5,17,61,57,9,17,61,40,41,33,8,36
S01010424,326,12,2,10,64,50,14,14,65,38,38,25,13,31
S01010425,428,19,4,15,97,57,6,15,104,51,39,28,11,40
S01010426,294,20,2,18,79,46,8,21,48,26,29,23,6,17
S01010427,325,9,0,9,69,44,5,15,54,40,61,51,10,28
S01010428,268,37,4,33,94,54,7,7,24,13,11,10,1,21
S01010429,374,68,6,62,141,48,10,11,30,16,12,6,6,38
S01010430,320,8,2,6,46,56,6,9,67,56,33,29,4,39
S01010431,261,38,7,31,109,34,12,7,15,8,6,4,2,32
S01010432,367,10,4,6,58,61,5,21,83,44,34,26,8,51
S01010433,238,3,0,3,16,15,6,11,39,26,84,77,7,38
S01010434,256,10,4,6,40,35,4,12,45,39,41,32,9,30
S01010435,225,3,1,2,41,53,7,10,57,30,11,8,3,13
S01010436,328,12,2,10,66,46,10,7,62,47,37,31,6,41
S01010437,213,2,1,1,30,46,4,7,44,35,18,14,4,27
S01010438,333,11,1,10,61,37,6,23,78,43,43,36,7,31
S01010439,432,14,0,14,82,71,6,17,79,72,33,27,6,58
S01010440,255,9,1,8,44,42,5,15,42,37,36,31,5,25
S01010441,372,25,1,24,106,88,6,17,55,28,14,7,7,33
S01010442,316,11,1,10,71,59,7,13,63,30,32,23,9,30
S01010443,215,12,4,8,40,42,10,10,49,27,10,6,4,15
S01010444,260,9,1,8,42,42,8,11,57,46,25,16,9,20
S01010445,311,11,3,8,43,50,6,21,77,46,32,30,2,25
S01010446,327,9,2,7,66,72,9,23,72,37,12,10,2,27
S01010447,375,9,1,8,52,73,12,25,93,44,38,25,13,29
S01010448,336,14,4,10,82,82,5,10,60,40,18,12,6,25
S01010449,308,6,1,5,61,72,6,17,69,46,21,17,4,10
S01010450,320,9,2,7,70,58,5,17,66,43,22,15,7,30
S01010451,278,9,1,8,42,48,9,9,61,41,37,30,7,22
S01010452,312,13,1,12,61,81,8,16,61,39,14,10,4,19
S01010453,246,7,1,6,32,38,8,10,39,45,46,36,10,21
S01010454,300,11,2,9,51,75,5,11,64,48,17,12,5,18
S01010455,358,12,0,12,46,76,12,9,75,57,46,35,11,25
S01010456,206,12,0,12,43,47,4,11,42,21,11,8,3,15
S01010457,239,9,1,8,38,41,11,11,46,36,31,23,8,16
S01010458,291,2,0,2,41,69,2,14,78,44,22,19,3,19
S01010459,219,12,2,10,41,45,2,7,47,23,16,15,1,26
S01010460,286,61,6,55,97,37,12,8,23,10,12,8,4,26
S01010461,260,7,2,5,46,53,2,11,56,38,24,17,7,23
S01010462,251,0,0,0,19,20,3,5,39,43,86,67,19,36
S01010463,296,26,6,20,80,49,11,4,54,19,18,13,5,35
S01010464,189,8,1,7,52,46,8,9,34,15,7,5,2,10
S01010465,426,47,3,44,153,79,9,9,53,24,10,7,3,42
S01010466,396,59,7,52,123,58,9,11,35,15,15,11,4,71
S01010467,326,42,5,37,107,62,10,11,35,9,15,12,3,35
S01010468,396,40,4,36,126,58,14,8,45,17,19,15,4,69
S01010469,228,20,3,17,71,50,3,12,27,7,13,8,5,25
S01010470,286,14,2,12,70,65,12,10,53,31,13,8,5,18
S01010471,265,14,1,13,47,49,6,16,49,36,32,24,8,16
S01010472,246,38,4,34,73,30,6,8,21,16,9,4,5,45
S01010473,340,22,3,19,104,61,7,9,50,30,24,16,8,33
S01010474,345,28,1,27,84,47,6,6,44,27,32,28,4,71
S01010475,301,49,5,44,107,67,8,8,19,3,6,5,1,34
S01010476,409,40,4,36,101,84,10,16,47,35,20,14,6,56
S01010477,299,8,0,8,66,69,8,15,63,40,12,12,0,18
S01010478,371,8,0,8,72,72,10,19,91,39,26,23,3,34
S01010479,392,15,4,11,80,71,5,21,98,44,22,16,6,36
S01010480,217,12,4,8,51,44,2,8,48,25,13,12,1,14
S01010481,250,3,2,1,30,32,2,16,60,44,42,30,12,21
S01010482,287,13,3,10,57,58,11,7,63,45,16,11,5,17
S01010483,399,19,6,13,93,77,9,17,86,58,21,20,1,19
S01010484,231,12,1,11,33,55,5,9,52,36,17,14,3,12
S01010485,352,12,4,8,85,86,13,18,61,25,22,17,5,30
S01010486,374,20,5,15,113,95,10,12,61,16,12,11,1,35
S01010487,355,16,1,15,69,89,10,19,73,40,18,10,8,21
S01010488,315,5,2,3,24,42,5,13,97,51,51,37,14,27
S01010489,371,11,5,6,47,66,4,24,98,58,36,28,8,27
S01010490,291,4,1,3,22,45,4,8,77,49,54,35,19,28
S01010491,362,5,2,3,27,50,4,10,114,58,69,47,22,25
S01010492,226,1,0,1,15,26,6,9,59,46,43,37,6,21
S01010493,272,2,1,1,9,37,4,8,64,58,66,40,26,24
S01010494,243,5,0,5,38,40,2,14,65,32,31,24,7,16
S01010495,353,3,2,1,29,47,6,18,82,72,66,47,19,30
S01010496,331,2,0,2,33,50,2,16,59,74,67,55,12,28
S01010497,295,4,1,3,40,37,8,10,70,46,52,44,8,28
S01010498,357,5,1,4,28,49,3,15,83,88,62,48,14,24
S01010499,285,3,0,3,13,25,4,8,81,49,73,60,13,29
S01010500,415,8,1,7,43,52,5,10,98,94,74,50,24,31
S01010501,382,7,1,6,57,60,5,23,96,70,43,32,11,21
S01010502,329,6,1,5,50,63,6,15,67,63,32,25,7,27
S01010503,282,2,0,2,27,38,2,20,77,55,40,37,3,21
S01010504,195,17,0,17,42,25,48,2,34,14,5,5,0,8
S01010505,224,18,1,17,49,18,47,5,51,12,12,8,4,12
S01010506,327,20,3,17,98,37,52,9,59,31,10,5,5,11
S01010507,298,8,4,4,57,33,27,24,85,35,12,8,4,17
S01010508,365,17,2,15,99,47,45,19,74,39,10,7,3,15
S01010509,361,19,0,19,105,46,41,19,80,28,7,4,3,16
S01010510,299,12,0,12,79,59,14,18,82,20,4,2,2,11
S01010511,322,7,1,6,56,38,10,19,110,54,9,4,5,19
S01010512,221,5,1,4,55,35,9,12,62,30,6,4,2,7
S01010513,284,19,7,12,82,52,25,14,57,13,6,4,2,16
S01010514,265,4,1,3,46,40,12,21,78,43,8,5,3,13
S01010515,322,4,1,3,54,38,10,31,97,64,10,4,6,14
S01010516,240,14,1,13,63,30,45,13,38,21,7,2,5,9
S01010517,320,6,3,3,82,41,15,29,70,35,24,10,14,18
S01010518,243,8,1,7,61,42,8,16,61,28,5,2,3,14
S01010519,287,5,1,4,64,48,11,22,75,30,14,6,8,18
S01010520,344,11,5,6,71,76,10,31,87,39,4,3,1,15
S01010521,290,7,1,6,61,43,21,21,78,40,7,4,3,12
S01010522,214,9,4,5,36,29,22,21,48,28,10,7,3,11
S01010523,237,2,0,2,36,20,6,15,81,62,8,4,4,7
S01010524,209,18,4,14,62,25,28,16,38,17,3,2,1,2
S01010525,243,9,4,5,74,31,35,17,36,18,7,6,1,16
S01010526,285,19,5,14,67,46,37,19,60,27,3,2,1,7
S01010527,339,3,2,1,87,44,17,35,73,57,16,10,6,7
S01010528,209,11,4,7,75,21,20,12,31,16,10,8,2,13
S01010529,265,15,5,10,69,41,18,19,67,19,6,4,2,11
S01010530,249,15,5,10,58,34,44,15,54,18,3,2,1,8
S01010531,421,25,4,21,106,56,48,35,87,32,12,11,1,20
S01010532,203,11,2,9,42,33,30,13,47,12,5,4,1,10
S01010533,205,9,1,8,63,27,25,11,38,21,6,4,2,5
S01010534,340,18,1,17,86,54,25,21,83,24,10,7,3,19
S01010535,271,19,2,17,84,37,32,8,54,18,4,4,0,15
S01010536,318,12,3,9,62,56,16,38,72,50,3,2,1,9
S01010537,304,11,1,10,54,44,21,38,70,44,7,3,4,15
S01010538,308,20,2,18,71,56,25,26,62,23,10,3,7,15
S01010539,451,23,7,16,120,76,34,39,93,47,4,2,2,15
S01010540,246,25,5,20,70,38,23,7,48,17,5,3,2,13
S01010541,346,21,3,18,102,54,42,24,66,27,1,0,1,9
S01010542,328,23,5,18,96,44,37,21,61,25,7,5,2,14
S01010543,234,20,6,14,55,37,42,7,51,10,4,4,0,8
S01010544,330,8,4,4,66,40,30,21,89,48,14,6,8,14
S01010545,253,9,2,7,64,41,34,9,57,20,12,6,6,7
S01010546,279,14,3,11,66,42,21,19,67,32,8,4,4,10
S01010547,278,11,0,11,70,40,33,21,47,30,6,5,1,20
S01010548,238,23,4,19,64,43,27,12,49,10,1,1,0,9
S01010549,344,21,3,18,105,71,21,16,68,22,5,2,3,15
S01010550,197,14,3,11,44,29,13,19,36,20,5,4,1,17
S01010551,246,25,2,23,63,42,32,10,42,14,7,3,4,11
S01010552,298,32,4,28,76,41,32,10,57,25,6,5,1,19
S01010553,233,21,1,20,53,44,29,8,48,11,8,4,4,11
S01010554,293,16,1,15,75,49,21,19,70,24,8,5,3,11
S01010555,351,21,4,17,77,59,29,20,82,32,14,7,7,17
S01010556,348,8,1,7,66,47,12,30,92,49,30,19,11,14
S01010557,237,7,0,7,46,41,6,16,63,28,18,12,6,12
S01010558,305,16,3,13,70,56,22,16,67,33,14,10,4,11
S01010559,252,23,3,20,86,46,19,14,38,11,6,4,2,9
S01010560,267,21,1,20,70,46,17,17,60,12,7,3,4,17
S01010561,262,26,5,21,74,54,17,7,42,23,5,4,1,14
S01010562,286,12,3,9,71,59,11,15,74,25,6,4,2,13
S01010563,197,6,2,4,35,29,10,12,61,26,11,5,6,7
S01010564,174,6,1,5,30,20,12,14,52,24,11,7,4,5
S01010565,253,5,2,3,61,45,8,6,69,35,5,3,2,19
S01010566,382,41,13,28,101,72,38,6,74,18,11,7,4,21
S01010567,386,33,10,23,124,64,43,9,58,10,14,13,1,31
S01010568,367,33,5,28,94,67,23,18,70,30,3,3,0,29
S01010569,287,22,6,16,70,48,36,11,50,18,10,7,3,22
S01010570,401,20,3,17,89,55,16,30,113,39,16,10,6,23
S01010571,294,17,4,13,94,55,11,24,55,25,2,1,1,11
S01010572,314,17,4,13,56,58,13,26,87,37,11,5,6,9
S01010573,210,5,2,3,50,33,9,16,57,29,2,2,0,9
S01010574,207,18,1,17,58,55,13,9,33,8,3,3,0,10
S01010575,269,15,6,9,76,78,11,6,48,9,11,5,6,15
S01010576,325,21,7,14,97,93,17,10,53,9,7,4,3,18
S01010577,351,4,2,2,54,47,14,23,105,56,21,15,6,27
S01010578,236,6,3,3,46,38,10,22,61,28,8,6,2,17
S01010579,299,13,4,9,90,55,13,18,72,11,3,3,0,24
S01010580,215,14,2,12,48,41,6,18,42,25,9,7,2,12
S01010581,210,13,4,9,64,41,7,16,39,15,5,5,0,10
S01010582,178,13,2,11,49,38,15,4,31,7,9,7,2,12
S01010583,404,23,3,20,115,113,24,19,75,10,1,0,1,24
S01010584,314,21,4,17,96,64,12,11,54,18,11,4,7,27
S01010585,320,29,9,20,92,65,20,13,62,12,8,3,5,19
S01010586,316,25,3,22,100,75,19,12,59,8,2,0,2,16
S01010587,274,15,1,14,97,56,10,13,46,11,8,6,2,18
S01010588,238,19,5,14,61,59,13,8,47,15,8,4,4,8
S01010589,249,6,2,4,56,44,10,19,69,23,9,8,1,13
S01010590,305,31,8,23,111,68,18,3,36,12,7,2,5,19
S01010591,278,21,4,17,88,59,5,15,52,12,13,5,8,13
S01010592,212,11,2,9,59,45,6,10,49,18,8,6,2,6
S01010593,250,20,3,17,82,58,14,7,39,10,7,6,1,13
S01010594,262,21,2,19,70,60,13,26,44,10,6,3,3,12
S01010595,289,30,5,25,92,55,12,9,52,17,5,1,4,17
S01010596,303,29,6,23,103,63,21,14,41,14,6,1,5,12
S01010597,250,14,1,13,80,60,11,14,42,7,8,5,3,14
S01010598,377,34,6,28,109,82,18,15,63,19,8,7,1,29
S01010599,246,20,4,16,78,63,9,9,34,9,4,2,2,20
S01010600,350,19,2,17,95,81,25,18,66,22,8,6,2,16
S01010601,239,13,2,11,81,54,14,13,35,10,4,2,2,15
S01010602,213,11,2,9,72,48,8,16,36,13,2,1,1,7
S01010603,310,18,5,13,95,74,9,17,61,16,5,1,4,15
S01010604,171,15,3,12,61,31,6,10,29,6,1,1,0,12
S01010605,335,26,7,19,99,75,18,17,64,13,3,3,0,20
S01010606,309,8,0,8,65,48,12,21,85,42,10,6,4,18
S01010607,297,20,6,14,112,58,20,7,49,16,2,1,1,13
S01010608,262,9,2,7,37,44,7,21,80,27,18,9,9,19
S01010609,218,4,2,2,31,41,6,16,52,44,9,6,3,15
S01010610,273,28,8,20,76,64,14,15,47,11,7,6,1,11
S01010611,370,7,0,7,87,63,17,29,89,48,14,9,5,16
S01010612,293,14,2,12,69,58,9,18,80,23,3,1,2,19
S01010613,287,14,3,11,79,49,6,25,63,32,1,1,0,18
S01010614,214,1,0,1,25,32,4,17,62,46,9,5,4,18
S01010615,328,21,3,18,88,67,5,21,68,26,4,2,2,28
S01010616,336,18,3,15,98,81,11,14,63,19,3,3,0,29
S01010617,366,20,3,17,109,86,14,17,70,23,4,4,0,23
S01010618,308,19,1,18,78,68,12,15,70,21,4,4,0,21
S01010619,230,6,0,6,42,35,9,25,51,37,10,4,6,15
S01010620,244,15,1,14,46,27,5,13,66,37,22,15,7,13
S01010621,346,36,6,30,97,49,19,16,67,18,23,18,5,21
S01010622,256,6,0,6,41,39,8,19,79,40,11,4,7,13
S01010623,291,9,2,7,60,49,11,19,77,31,15,3,12,20
S01010624,275,27,2,25,49,36,4,17,47,37,8,8,0,50
S01010625,289,29,7,22,98,60,25,11,39,5,6,4,2,16
S01010626,329,34,2,32,113,57,24,15,44,15,14,14,0,13
S01010627,295,30,3,27,83,40,22,17,57,25,10,10,0,11
S01010628,359,34,5,29,104,57,25,15,61,29,6,4,2,28
S01010629,335,31,2,29,115,46,24,11,56,25,9,6,3,18
S01010630,250,9,0,9,54,42,21,9,46,35,15,12,3,19
S01010631,226,23,2,21,59,37,6,20,44,25,3,3,0,9
S01010632,356,10,3,7,65,71,15,31,99,38,13,7,6,14
S01010633,359,3,0,3,47,50,12,27,116,58,22,13,9,24
S01010634,238,5,1,4,36,34,11,20,65,50,5,1,4,12
S01010635,288,3,0,3,46,50,5,17,82,47,19,11,8,19
S01010636,319,34,8,26,80,55,27,12,63,23,8,5,3,17
S01010637,211,10,3,7,36,24,13,15,56,34,9,6,3,14
S01010638,304,16,3,13,56,47,22,21,73,45,12,10,2,12
S01010639,442,26,4,22,73,61,16,39,110,70,19,17,2,28
S01010640,338,29,5,24,68,39,26,26,74,31,30,26,4,15
S01010641,362,14,2,12,46,60,11,23,108,49,33,21,12,18
S01010642,370,3,1,2,38,53,9,24,107,67,45,28,17,24
S01010643,278,1,0,1,32,30,6,17,78,69,31,21,10,14
S01010644,252,3,0,3,20,23,4,18,89,59,28,20,8,8
S01010645,219,14,1,13,59,49,9,5,47,20,3,3,0,13
S01010646,265,11,2,9,72,67,7,14,59,15,5,3,2,15
S01010647,259,15,2,13,69,52,8,14,59,17,7,3,4,18
S01010648,259,9,2,7,59,58,8,14,61,21,11,5,6,18
S01010649,205,10,4,6,63,49,10,13,33,19,3,3,0,5
S01010650,193,5,2,3,56,34,14,8,37,8,17,14,3,14
S01010651,279,6,1,5,58,55,13,18,74,32,10,10,0,13
S01010652,313,13,4,9,88,61,8,14,61,25,21,14,7,22
S01010653,249,15,4,11,59,64,11,18,49,18,6,4,2,9
S01010654,317,4,1,3,69,69,7,14,91,34,10,8,2,19
S01010655,330,28,2,26,81,62,50,18,43,23,6,2,4,19
S01010656,172,4,0,4,40,34,10,7,46,18,4,2,2,9
S01010657,243,25,6,19,72,49,21,9,33,15,8,3,5,11
S01010658,287,23,1,22,96,51,23,10,48,16,3,1,2,17
S01010659,244,22,3,19,83,51,16,8,34,13,10,9,1,7
S01010660,222,7,1,6,57,41,14,18,49,24,2,2,0,10
S01010661,236,8,3,5,68,34,12,14,52,31,11,9,2,6
S01010662,291,21,5,16,72,70,37,12,40,16,2,1,1,21
S01010663,355,19,3,16,107,67,29,18,62,24,9,7,2,20
S01010664,319,30,4,26,87,45,53,9,52,20,6,4,2,17
S01010665,343,27,2,25,94,52,33,22,64,31,5,3,2,15
S01010666,360,13,2,11,98,57,36,31,75,21,6,3,3,23
S01010667,263,19,3,16,74,38,36,19,35,18,9,7,2,15
S01010668,418,19,5,14,92,50,60,40,80,42,14,10,4,21
S01010669,193,12,2,10,45,32,30,10,37,16,4,2,2,7
S01010670,260,17,3,14,58,38,24,24,48,28,6,4,2,17
S01010671,300,19,1,18,76,45,34,14,54,29,9,5,4,20
S01010672,228,4,1,3,39,30,19,20,71,30,8,2,6,7
S01010673,331,22,4,18,89,37,48,15,74,33,5,3,2,8
S01010674,351,21,1,20,96,34,50,14,81,36,9,4,5,10
S01010675,242,16,3,13,68,27,36,8,46,27,5,0,5,9
S01010676,373,18,2,16,105,44,43,21,59,27,9,7,2,47
S01010677,190,12,1,11,58,29,19,10,37,15,1,1,0,9
S01010678,230,9,0,9,55,35,21,9,60,27,8,5,3,6
S01010679,207,9,2,7,52,25,21,13,44,25,8,4,4,10
S01010680,242,7,0,7,38,31,29,13,72,35,10,6,4,7
S01010681,399,7,2,5,100,62,29,26,91,44,22,13,9,18
S01010682,368,16,3,13,94,59,54,14,74,38,8,6,2,11
S01010683,374,20,3,17,94,52,38,16,85,38,14,9,5,17
S01010684,309,15,3,12,76,42,45,18,61,35,7,4,3,10
S01010685,235,12,1,11,63,36,33,13,47,15,6,3,3,10
S01010686,256,12,1,11,60,33,43,27,45,17,7,5,2,12
S01010687,308,12,2,10,86,42,39,20,72,23,3,3,0,11
S01010688,268,15,1,14,77,33,46,21,39,23,2,0,2,12
S01010689,281,14,4,10,73,30,42,21,63,21,6,5,1,11
S01010690,228,6,1,5,47,26,35,13,67,22,7,3,4,5
S01010691,286,20,5,15,64,52,54,19,46,11,8,5,3,12
S01010692,279,12,2,10,48,31,28,29,75,31,6,3,3,19
S01010693,174,13,3,10,50,29,25,8,24,13,4,3,1,8
S01010694,212,5,0,5,57,20,34,10,53,21,4,2,2,8
S01010695,272,13,2,11,78,57,26,14,55,8,9,7,2,12
S01010696,350,21,2,19,85,62,37,21,62,37,11,8,3,14
S01010697,436,24,2,22,122,67,38,27,66,35,28,24,4,29
S01010698,281,20,4,16,62,42,30,16,61,30,5,3,2,15
S01010699,226,16,4,12,56,27,26,13,53,15,6,4,2,14
S01010700,232,10,3,7,64,40,15,13,56,20,2,0,2,12
S01010701,381,23,6,17,97,76,19,17,75,38,12,6,6,24
S01010702,367,18,6,12,118,85,33,12,65,18,4,4,0,14
S01010703,318,14,3,11,96,64,29,13,56,20,8,6,2,18
S01010704,241,9,2,7,43,41,12,12,74,26,10,9,1,14
S01010705,416,21,6,15,116,83,20,19,83,35,16,9,7,23
S01010706,243,5,2,3,53,49,9,6,67,23,17,9,8,14
S01010707,268,14,0,14,74,59,34,12,37,10,13,12,1,15
S01010708,210,6,1,5,52,60,11,6,42,16,8,5,3,9
S01010709,271,11,1,10,71,70,13,13,54,14,9,4,5,16
S01010710,298,4,0,4,58,54,10,13,81,40,18,11,7,20
S01010711,283,18,2,16,95,62,19,3,56,16,3,3,0,11
S01010712,268,8,3,5,36,52,11,19,75,38,10,8,2,19
S01010713,317,9,1,8,56,47,15,20,96,49,9,7,2,16
S01010714,292,10,3,7,38,43,18,15,80,48,15,10,5,25
S01010715,282,8,3,5,58,41,14,18,87,35,9,3,6,12
S01010716,327,13,1,12,66,65,11,17,83,43,19,14,5,10
S01010717,237,9,1,8,74,64,11,8,50,8,5,5,0,8
S01010718,360,12,2,10,91,82,21,20,73,27,14,8,6,20
S01010719,240,17,2,15,63,47,10,8,51,22,7,4,3,15
S01010720,276,27,6,21,73,35,26,10,61,23,6,4,2,15
S01010721,252,16,0,16,81,46,27,7,42,12,8,5,3,13
S01010722,323,23,2,21,92,47,21,17,72,15,10,6,4,26
S01010723,342,42,9,33,95,58,31,10,58,18,9,5,4,21
S01010724,324,36,5,31,81,65,20,16,60,23,5,0,5,18
S01010725,284,26,5,21,90,52,32,8,42,8,5,4,1,21
S01010726,368,30,8,22,112,69,19,20,70,20,9,6,3,19
S01010727,240,20,6,14,77,53,14,9,37,9,4,3,1,17
S01010728,208,18,4,14,76,28,16,6,31,7,7,2,5,19
S01010729,267,21,3,18,82,64,22,7,43,11,2,1,1,15
S01010730,329,24,6,18,114,63,32,10,36,19,6,4,2,25
S01010731,359,22,5,17,98,46,32,22,74,27,12,6,6,26
S01010732,353,8,1,7,36,53,13,25,111,60,27,19,8,20
S01010733,218,3,1,2,28,35,8,13,66,36,21,17,4,8
S01010734,339,6,3,3,44,35,12,13,104,66,30,27,3,29
S01010735,230,5,1,4,39,18,10,16,57,41,35,30,5,9
S01010736,191,4,1,3,54,40,9,8,47,17,3,2,1,9
S01010737,425,15,3,12,88,67,20,19,105,60,29,21,8,22
S01010738,215,4,1,3,37,35,10,15,52,41,13,12,1,8
S01010739,327,6,0,6,59,47,18,27,73,64,19,13,6,14
S01010740,190,2,1,1,25,29,7,14,57,33,21,16,5,2
S01010741,216,6,2,4,51,37,14,12,49,25,13,8,5,9
S01010742,265,7,1,6,41,49,4,16,82,39,14,8,6,13
S01010743,247,2,0,2,36,35,5,17,73,44,28,19,9,7
S01010744,408,6,1,5,101,57,29,29,94,51,15,11,4,26
S01010745,238,9,1,8,44,43,16,20,52,31,11,9,2,12
S01010746,394,14,3,11,106,74,26,16,81,36,17,12,5,24
S01010747,312,8,2,6,63,60,11,15,82,44,17,15,2,12
S01010748,246,9,2,7,59,49,18,13,57,20,11,8,3,10
S01010749,232,13,5,8,55,40,21,8,48,25,9,4,5,13
S01010750,246,15,4,11,60,36,25,12,60,20,13,11,2,5
S01010751,276,5,1,4,32,45,22,21,80,40,23,17,6,8
S01010752,300,11,1,10,57,47,14,23,78,37,16,10,6,17
S01010753,397,15,2,13,71,61,25,30,100,39,30,23,7,26
S01010754,244,8,3,5,49,36,16,19,67,24,14,10,4,11
S01010755,237,7,0,7,39,43,12,21,78,21,8,6,2,8
S01010756,245,14,1,13,61,55,18,7,54,17,8,6,2,11
S01010757,284,13,0,13,52,57,35,22,61,24,10,9,1,10
S01010758,244,12,2,10,57,43,21,19,48,19,6,3,3,19
S01010759,226,6,2,4,44,39,18,21,51,25,8,4,4,14
S01010760,214,9,1,8,54,34,18,14,40,27,6,4,2,12
S01010761,201,11,2,9,47,28,16,20,47,9,12,5,7,11
S01010762,220,5,3,2,60,43,22,7,40,22,6,4,2,15
S01010763,239,8,1,7,54,41,27,11,39,29,15,7,8,15
S01010764,218,12,3,9,59,35,25,4,48,21,4,4,0,10
S01010765,365,12,6,6,80,54,40,19,83,46,11,9,2,20
S01010766,290,13,3,10,76,39,22,23,74,21,7,5,2,15
S01010767,264,10,2,8,45,40,15,24,65,46,12,8,4,7
S01010768,214,4,1,3,43,44,14,11,43,32,11,9,2,12
S01010769,194,15,2,13,58,32,24,6,37,11,3,2,1,8
S01010770,328,5,2,3,54,55,25,34,86,38,14,11,3,17
S01010771,307,8,0,8,60,42,36,23,74,35,14,8,6,15
S01010772,317,15,2,13,68,45,36,12,64,40,22,19,3,15
S01010773,297,13,3,10,53,73,26,14,71,27,10,6,4,10
S01010774,269,13,4,9,52,36,25,17,73,25,16,12,4,12
S01010775,247,8,1,7,61,53,18,10,60,20,6,4,2,11
S01010776,200,3,0,3,46,30,8,9,60,24,10,6,4,10
S01010777,196,4,3,1,30,26,8,10,59,32,16,11,5,11
S01010778,184,3,1,2,26,18,4,11,57,21,31,24,7,13
S01010779,287,4,3,1,45,36,13,20,76,45,33,24,9,15
S01010780,218,6,1,5,48,45,11,8,57,23,12,6,6,8
S01010781,298,22,3,19,63,61,25,12,59,30,5,5,0,21
S01010782,218,7,1,6,34,33,22,9,55,25,27,15,12,6
S01010783,211,4,1,3,26,32,4,9,63,40,14,8,6,19
S01010784,277,3,1,2,38,37,4,20,86,48,28,15,13,13
S01010785,260,10,2,8,72,47,21,11,62,22,9,7,2,6
S01010786,241,4,2,2,54,58,8,5,63,21,9,7,2,19
S01010787,315,20,8,12,65,58,42,12,69,23,13,8,5,13
S01010788,226,7,0,7,45,47,23,10,64,19,7,6,1,4
S01010789,276,9,1,8,60,39,25,11,69,33,8,4,4,22
S01010790,237,9,1,8,46,37,31,10,60,23,11,10,1,10
S01010791,323,14,1,13,81,47,38,20,66,23,13,8,5,21
S01010792,219,9,2,7,34,33,7,8,66,35,13,7,6,14
S01010793,239,19,1,18,59,38,16,8,51,27,9,5,4,12
S01010794,216,17,5,12,43,44,16,14,44,20,6,3,3,12
S01010795,365,17,2,15,71,72,24,24,82,39,15,4,11,21
S01010796,303,20,3,17,74,54,43,14,48,24,2,2,0,24
S01010797,293,20,4,16,79,55,28,13,60,17,6,4,2,15
S01010798,239,15,3,12,57,43,20,13,57,17,5,3,2,12
S01010799,347,22,1,21,80,51,31,22,72,37,13,8,5,19
S01010800,278,8,2,6,44,44,14,18,90,39,12,10,2,9
S01010801,264,7,2,5,43,40,7,16,89,40,12,8,4,10
S01010802,210,12,1,11,50,33,16,16,40,26,6,4,2,11
S01010803,217,11,4,7,44,23,11,18,59,20,12,6,6,19
S01010804,210,10,1,9,42,51,15,13,43,19,6,6,0,11
S01010805,314,17,0,17,82,56,20,8,76,26,10,3,7,19
S01010806,353,14,1,13,69,48,13,19,88,52,36,26,10,14
S01010807,206,6,2,4,44,35,13,12,60,20,5,3,2,11
S01010808,202,14,0,14,54,37,10,8,42,21,6,3,3,10
S01010809,289,23,3,20,88,46,15,14,53,28,8,6,2,14
S01010810,189,7,3,4,54,27,17,10,36,20,6,6,0,12
S01010811,311,20,3,17,76,44,43,18,68,19,8,5,3,15
S01010812,175,4,1,3,37,12,20,10,55,25,7,5,2,5
S01010813,198,2,0,2,40,24,34,19,51,21,0,0,0,7
S01010814,237,17,4,13,46,30,52,9,52,18,6,2,4,7
S01010815,156,2,0,2,40,29,9,9,43,13,3,3,0,8
S01010816,222,35,6,29,74,43,13,7,21,9,4,4,0,16
S01010817,345,59,7,52,116,64,22,3,37,9,10,9,1,25
S01010818,364,53,2,51,109,62,25,16,54,13,9,4,5,23
S01010819,303,24,1,23,83,57,18,15,60,26,8,6,2,12
S01010820,198,25,4,21,65,37,20,3,24,9,0,0,0,15
S01010821,231,29,3,26,75,46,19,10,22,7,4,3,1,19
S01010822,291,40,10,30,92,35,18,8,37,11,29,27,2,21
S01010823,176,6,2,4,37,41,11,5,32,21,9,9,0,14
S01010824,265,18,8,10,90,63,15,5,34,9,4,3,1,27
S01010825,130,10,0,10,46,33,4,8,13,8,1,1,0,7
S01010826,304,32,8,24,85,69,12,6,49,17,9,7,2,25
S01010827,249,12,4,8,69,67,6,10,33,16,5,5,0,31
S01010828,486,36,12,24,150,106,23,11,68,25,11,6,5,56
S01010829,369,27,6,21,109,96,18,9,66,18,4,3,1,22
S01010830,220,7,3,4,53,46,5,7,36,29,7,3,4,30
S01010831,226,21,7,14,52,51,6,6,36,12,8,5,3,34
S01010832,299,16,6,10,79,66,9,10,61,20,8,7,1,30
S01010833,339,30,5,25,116,76,21,7,45,13,3,2,1,28
S01010834,359,36,9,27,118,95,18,9,41,7,4,3,1,31
S01010835,268,16,7,9,91,73,11,3,32,7,4,3,1,31
S01010836,311,35,7,28,102,62,10,16,39,20,9,5,4,18
S01010837,273,8,1,7,55,60,4,10,68,35,7,5,2,26
S01010838,320,11,0,11,67,82,6,16,76,29,7,4,3,26
S01010839,265,7,1,6,59,70,11,12,62,14,4,2,2,26
S01010840,182,13,2,11,51,39,3,8,36,11,9,7,2,12
S01010841,306,20,7,13,94,61,7,11,54,26,11,7,4,22
S01010842,346,11,1,10,66,77,5,18,67,45,26,21,5,31
S01010843,235,15,6,9,56,63,5,10,47,22,5,5,0,12
S01010844,262,21,6,15,72,74,7,9,37,8,3,1,2,31
S01010845,240,9,3,6,64,47,8,11,49,24,5,3,2,23
S01010846,307,7,2,5,48,56,9,16,78,45,18,11,7,30
S01010847,268,16,4,12,91,63,5,11,36,17,8,6,2,21
S01010848,273,4,0,4,28,35,2,14,81,60,18,12,6,31
S01010849,371,5,0,5,44,47,5,16,99,83,31,25,6,41
S01010850,327,5,1,4,34,42,3,21,87,72,38,28,10,25
S01010851,331,6,1,5,40,53,4,13,80,81,29,18,11,25
S01010852,297,6,4,2,34,44,3,18,89,63,18,16,2,22
S01010853,343,10,0,10,58,65,9,21,80,55,13,8,5,32
S01010854,373,8,0,8,41,57,12,10,114,61,37,25,12,33
S01010855,223,4,1,3,27,35,5,12,58,37,13,9,4,32
S01010856,317,7,2,5,48,73,5,13,70,58,18,14,4,25
S01010857,356,7,1,6,76,81,3,19,81,35,15,11,4,39
S01010858,269,4,0,4,42,50,3,7,78,43,17,10,7,25
S01010859,284,6,1,5,31,36,4,12,85,63,23,16,7,24
S01010860,272,6,2,4,50,56,1,15,72,41,15,10,5,16
S01010861,260,5,2,3,32,42,9,9,74,48,20,12,8,21
S01010862,213,5,1,4,21,20,4,19,52,49,27,22,5,16
S01010863,291,21,3,18,98,56,4,11,43,23,5,5,0,30
S01010864,216,16,0,16,92,51,5,3,21,7,3,1,2,18
S01010865,277,21,5,16,101,63,14,7,31,17,5,4,1,18
S01010866,235,20,0,20,70,49,9,5,34,16,8,4,4,24
S01010867,240,21,4,17,79,49,17,5,30,8,4,4,0,27
S01010868,305,22,1,21,101,63,5,11,39,24,19,18,1,21
S01010869,289,20,3,17,95,77,16,8,26,7,11,8,3,29
S01010870,302,26,7,19,91,61,13,7,54,22,6,5,1,22
S01010871,329,21,2,19,99,60,18,11,51,21,12,9,3,36
S01010872,295,12,2,10,66,78,8,13,55,24,12,11,1,27
S01010873,174,6,0,6,25,31,2,7,46,36,12,8,4,9
S01010874,293,20,5,15,88,64,10,6,41,16,9,6,3,39
S01010875,205,12,2,10,54,48,5,4,44,16,7,5,2,15
S01010876,302,7,1,6,62,57,1,13,70,41,15,11,4,36
S01010877,372,12,1,11,87,101,6,17,66,36,18,13,5,29
S01010878,389,9,1,8,58,93,6,20,100,52,28,24,4,23
S01010879,340,16,3,13,74,82,6,14,76,41,13,9,4,18
S01010880,224,5,1,4,38,40,5,14,46,40,19,11,8,17
S01010881,234,7,0,7,47,55,6,12,54,30,7,4,3,16
S01010882,212,5,1,4,54,40,2,12,50,20,8,5,3,21
S01010883,331,9,1,8,68,62,10,12,77,34,17,14,3,42
S01010884,284,4,0,4,39,40,3,18,73,55,34,27,7,18
S01010885,364,7,1,6,65,49,3,22,94,50,43,23,20,31
S01010886,200,3,0,3,33,35,4,8,44,25,17,13,4,31
S01010887,316,4,0,4,34,41,8,15,88,62,33,24,9,31
S01010888,310,8,1,7,61,56,5,18,79,47,17,12,5,19
S01010889,210,7,1,6,30,35,3,8,61,39,17,15,2,10
S01010890,271,5,1,4,34,39,6,20,76,63,17,12,5,11
S01010891,136,3,0,3,8,14,4,8,31,31,20,19,1,17
S01010892,319,5,0,5,58,54,4,14,88,56,25,20,5,15
S01010893,183,4,1,3,19,31,2,10,48,35,12,10,2,22
S01010894,237,10,0,10,41,45,3,11,54,39,15,7,8,19
S01010895,169,4,0,4,24,29,3,5,38,36,21,17,4,9
S01010896,274,3,0,3,35,40,1,18,68,64,21,16,5,24
S01010897,326,4,2,2,36,39,5,24,90,73,35,23,12,20
S01010898,238,2,0,2,26,32,6,17,61,45,35,25,10,14
S01010899,229,8,2,6,51,37,3,12,49,33,8,5,3,28
S01010900,276,4,0,4,31,36,4,21,77,60,23,14,9,20
S01010901,174,3,1,2,14,13,3,13,56,50,13,10,3,9
S01010902,399,16,5,11,63,61,6,22,96,70,34,27,7,31
S01010903,321,6,2,4,30,41,5,18,105,64,33,25,8,19
S01010904,223,6,1,5,15,31,2,7,73,45,24,20,4,20
S01010905,275,8,0,8,52,55,6,5,60,30,28,24,4,31
S01010906,381,16,3,13,56,52,9,10,99,77,29,19,10,33
S01010907,204,18,4,14,63,49,2,3,36,14,9,5,4,10
S01010908,229,9,1,8,38,36,5,14,65,38,9,7,2,15
S01010909,277,12,6,6,77,66,8,14,56,20,11,6,5,13
S01010910,198,3,1,2,30,32,3,8,51,33,24,14,10,14
S01010911,183,2,0,2,33,30,4,12,52,36,5,4,1,9
S01010912,235,6,0,6,30,33,5,6,62,58,23,21,2,12
S01010913,244,10,0,10,57,59,6,7,51,25,7,6,1,22
S01010914,279,6,2,4,51,82,6,15,63,23,6,1,5,27
S01010915,300,7,1,6,50,55,7,9,98,39,7,3,4,28
S01010916,182,2,0,2,19,34,0,10,43,36,18,14,4,20
S01010917,261,5,0,5,56,55,4,12,61,40,16,14,2,12
S01010918,287,1,1,0,37,35,6,17,94,56,21,17,4,20
S01010919,331,5,0,5,40,51,10,23,88,67,23,18,5,24
S01010920,239,9,1,8,24,33,6,10,54,56,27,17,10,20
S01010921,240,3,1,2,25,43,5,17,59,54,17,15,2,17
S01010922,341,5,2,3,39,33,7,27,90,71,32,26,6,37
S01010923,362,8,1,7,48,71,4,18,99,72,19,15,4,23
S01010924,242,1,1,0,36,34,1,19,70,50,14,10,4,17
S01010925,326,3,0,3,36,49,11,13,94,77,22,12,10,21
S01010926,316,3,1,2,32,54,5,19,87,78,16,11,5,22
S01010927,230,1,1,0,33,32,3,10,73,44,27,22,5,7
S01010928,284,4,0,4,25,36,8,13,89,66,27,18,9,16
S01010929,263,3,1,2,25,26,4,24,72,75,14,10,4,20
S01010930,334,47,4,43,121,53,31,8,35,11,7,1,6,21
S01010931,166,18,5,13,44,35,19,3,27,6,3,2,1,11
S01010932,217,7,2,5,45,37,8,12,58,29,12,11,1,9
S01010933,273,40,5,35,86,61,16,4,34,13,8,6,2,11
S01010934,389,44,11,33,122,97,13,13,57,20,7,6,1,16
S01010935,250,25,4,21,70,66,16,7,29,22,4,3,1,11
S01010936,280,11,1,10,68,83,17,13,36,30,6,5,1,16
S01010937,298,21,6,15,74,82,7,12,61,16,5,1,4,20
S01010938,283,7,1,6,43,55,5,19,75,49,18,9,9,12
S01010939,198,6,1,5,46,48,7,9,45,16,5,2,3,16
S01010940,265,24,6,18,89,70,6,5,41,9,2,1,1,19
S01010941,330,17,4,13,101,87,18,7,51,9,6,3,3,34
S01010942,262,22,7,15,82,76,8,5,39,14,4,2,2,12
S01010943,252,8,1,7,56,45,3,16,65,29,16,8,8,14
S01010944,238,6,1,5,43,49,9,13,55,39,12,4,8,12
S01010945,230,5,1,4,39,57,12,14,44,36,7,5,2,16
S01010946,310,8,2,6,54,68,9,17,69,42,21,17,4,22
S01010947,216,8,2,6,35,53,5,9,68,23,8,6,2,7
S01010948,260,8,1,7,40,66,8,12,66,39,10,7,3,11
S01010949,384,26,2,24,98,111,19,19,65,16,4,4,0,26
S01010950,324,16,4,12,74,79,10,12,77,30,8,4,4,18
S01010951,246,11,2,9,44,69,6,13,54,23,7,4,3,19
S01010952,194,15,5,10,36,46,6,11,44,16,9,8,1,11
S01010953,228,7,2,5,45,65,6,5,53,26,3,2,1,18
S01010954,224,10,1,9,54,64,10,7,47,10,2,2,0,20
S01010955,341,25,3,22,87,70,18,11,71,19,15,8,7,25
S01010956,278,39,7,32,79,40,28,8,39,21,7,7,0,17
S01010957,232,20,2,18,56,70,6,11,41,11,3,2,1,14
S01010958,179,27,6,21,54,33,5,4,26,19,3,3,0,8
S01010959,237,22,2,20,71,47,11,9,39,17,5,3,2,16
S01010960,410,22,5,17,82,69,20,18,86,55,24,14,10,34
S01010961,204,9,2,7,37,42,6,10,45,33,8,7,1,14
S01010962,227,8,2,6,39,45,14,11,63,38,2,2,0,7
S01010963,365,20,7,13,96,87,18,11,71,33,10,3,7,19
S01010964,212,8,0,8,44,53,3,16,42,32,2,1,1,12
S01010965,204,6,1,5,31,38,3,17,33,44,19,15,4,13
S01010966,269,7,1,6,57,57,11,16,67,37,5,2,3,12
S01010967,263,13,1,12,32,59,10,16,61,39,12,11,1,21
S01010968,282,14,1,13,60,89,10,20,48,22,7,6,1,12
S01010969,230,11,2,9,52,69,12,6,37,17,10,9,1,16
S01010970,350,27,5,22,72,74,17,19,65,40,13,9,4,23
S01010971,401,23,3,20,100,117,16,20,68,25,12,6,6,20
S01010972,330,7,0,7,37,58,6,7,101,56,32,20,12,26
S01010973,197,3,1,2,30,68,7,9,44,15,5,4,1,16
S01010974,261,2,0,2,29,49,7,12,87,51,8,6,2,16
S01010975,181,3,0,3,20,32,12,11,43,36,15,11,4,9
S01010976,199,8,4,4,35,47,5,3,60,15,12,10,2,14
S01010977,287,8,3,5,53,66,10,12,73,33,11,10,1,21
S01010978,269,7,1,6,47,57,12,18,71,29,15,11,4,13
S01010979,322,6,0,6,49,59,11,19,92,40,21,12,9,25
S01010980,288,11,2,9,53,73,12,7,67,34,10,7,3,21
S01010981,289,8,2,6,54,62,13,15,65,38,13,11,2,21
S01010982,435,45,6,39,131,83,37,11,68,25,19,15,4,16
S01010983,309,21,5,16,59,91,17,13,58,25,13,8,5,12
S01010984,265,12,3,9,55,88,11,6,43,25,11,10,1,14
S01010985,228,11,2,9,44,63,8,5,52,23,9,7,2,13
S01010986,191,13,4,9,53,65,5,6,27,6,3,3,0,13
S01010987,221,26,3,23,73,54,9,6,29,6,3,2,1,15
S01010988,227,13,1,12,70,64,7,4,32,9,6,3,3,22
S01010989,354,45,4,41,112,94,11,13,46,13,3,1,2,17
S01010990,312,14,2,12,43,87,7,17,84,37,9,7,2,14
S01010991,212,14,2,12,49,61,11,10,37,12,3,1,2,15
S01010992,199,32,3,29,74,34,14,1,24,2,4,3,1,14
S01010993,244,13,4,9,64,62,8,8,52,17,5,0,5,15
S01010994,394,59,7,52,132,84,18,7,50,14,4,2,2,26
S01010995,302,15,3,12,89,83,15,10,50,10,5,4,1,25
S01010996,221,32,2,30,57,53,19,7,31,7,2,2,0,13
S01010997,250,23,3,20,75,76,14,3,34,5,1,0,1,19
S01010998,222,42,8,34,81,41,16,3,16,3,3,1,2,17
S01010999,334,38,8,30,110,73,15,13,41,20,12,12,0,12
S01011000,323,26,5,21,75,69,26,12,49,38,7,4,3,21
S01011001,241,4,1,3,37,59,7,19,61,33,12,11,1,9
S01011002,271,9,1,8,39,75,5,13,58,49,9,8,1,14
S01011003,251,8,5,3,33,59,12,11,67,30,9,7,2,22
S01011004,243,11,3,8,54,64,7,11,50,22,10,5,5,14
S01011005,261,6,0,6,47,57,5,15,64,41,6,3,3,20
S01011006,385,22,6,16,103,92,17,13,75,29,14,11,3,20
S01011007,244,3,1,2,29,47,11,21,57,48,5,4,1,23
S01011008,305,5,1,4,51,57,11,10,90,52,11,8,3,18
S01011009,210,7,3,4,28,47,5,15,50,35,9,7,2,14
S01011010,229,8,3,5,51,43,3,6,57,18,30,21,9,13
S01011011,302,7,2,5,40,67,5,12,79,42,38,31,7,12
S01011012,271,6,0,6,35,38,5,14,77,55,25,13,12,16
S01011013,307,7,3,4,51,72,8,12,87,51,10,6,4,9
S01011014,336,15,4,11,57,106,7,14,82,18,11,5,6,26
S01011015,188,7,0,7,43,35,8,3,45,20,16,8,8,11
S01011016,311,25,4,21,98,64,22,12,40,14,11,8,3,25
S01011017,336,44,10,34,98,72,31,5,42,16,6,3,3,22
S01011018,308,15,1,14,72,62,15,14,76,29,9,3,6,16
S01011019,369,42,9,33,96,54,29,20,63,23,18,10,8,24
S01011020,170,25,1,24,44,43,13,9,16,14,2,1,1,4
S01011021,339,7,1,6,58,61,11,19,75,58,25,19,6,25
S01011022,217,2,0,2,23,32,5,17,58,51,14,11,3,15
S01011023,327,12,2,10,56,65,16,15,67,47,23,17,6,26
S01011024,297,5,1,4,30,47,8,19,81,62,25,16,9,20
S01011025,264,6,3,3,36,57,4,16,69,45,15,5,10,16
S01011026,230,2,0,2,22,52,7,15,59,48,9,6,3,16
S01011027,338,5,0,5,30,58,11,16,89,73,34,26,8,22
S01011028,385,5,2,3,49,67,8,23,111,66,32,23,9,24
S01011029,247,5,3,2,33,51,12,11,75,32,15,13,2,13
S01011030,391,14,5,9,75,111,21,18,75,35,7,4,3,35
S01011031,273,8,1,7,30,65,4,11,74,55,18,12,6,8
S01011032,302,9,3,6,39,62,12,12,79,42,24,16,8,23
S01011033,240,14,1,13,58,67,2,12,56,22,1,1,0,8
S01011034,255,16,5,11,41,51,9,11,78,31,9,7,2,9
S01011035,259,13,4,9,43,38,12,15,65,41,14,11,3,18
S01011036,255,15,2,13,61,56,10,11,46,23,10,6,4,23
S01011037,353,12,2,10,54,62,12,24,87,50,31,26,5,21
S01011038,336,3,1,2,31,60,18,24,72,69,31,22,9,28
S01011039,291,12,0,12,54,76,14,17,44,37,16,10,6,21
S01011040,280,9,3,6,36,47,7,17,78,42,19,13,6,25
S01011041,287,6,0,6,43,43,5,9,82,42,30,17,13,27
S01011042,309,16,3,13,74,81,10,13,60,24,10,9,1,21
S01011043,256,7,3,4,54,48,14,10,53,42,13,6,7,15
S01011044,282,14,3,11,43,55,14,15,64,42,16,12,4,19
S01011045,295,14,3,11,55,48,38,16,70,27,13,7,6,14
S01011046,316,13,4,9,59,60,42,19,64,29,12,8,4,18
S01011047,377,12,2,10,91,53,40,23,71,56,9,4,5,22
S01011048,367,9,2,7,63,54,34,25,86,61,10,9,1,25
S01011049,257,12,3,9,41,40,10,20,72,47,5,2,3,10
S01011050,290,11,3,8,62,41,24,23,78,28,9,7,2,14
S01011051,345,18,7,11,65,64,29,27,67,51,8,4,4,16
S01011052,291,10,1,9,67,43,22,22,62,48,7,6,1,10
S01011053,247,6,1,5,48,43,9,20,55,33,12,8,4,21
S01011054,197,14,4,10,41,31,13,14,50,23,3,3,0,8
S01011055,208,10,1,9,59,36,9,11,45,21,8,5,3,9
S01011056,255,12,5,7,54,33,36,11,67,20,6,3,3,16
S01011057,210,7,3,4,34,35,15,10,61,38,4,3,1,6
S01011058,249,13,4,9,64,45,31,7,48,14,4,2,2,23
S01011059,237,8,0,8,55,45,22,9,47,26,10,6,4,15
S01011060,301,12,1,11,57,65,20,22,62,36,9,7,2,18
S01011061,306,8,4,4,35,37,11,23,100,62,14,8,6,16
S01011062,317,8,3,5,43,52,24,18,97,44,8,6,2,23
S01011063,395,9,1,8,54,59,14,23,125,71,20,14,6,20
S01011064,382,11,3,8,75,78,21,19,103,49,11,8,3,15
S01011065,261,12,1,11,46,47,22,11,66,28,10,6,4,19
S01011066,190,5,1,4,43,42,24,8,37,19,7,6,1,5
S01011067,198,9,5,4,37,35,19,10,48,21,10,7,3,9
S01011068,201,5,2,3,28,27,16,10,65,34,3,3,0,13
S01011069,209,7,0,7,40,24,16,8,58,37,7,5,2,12
S01011070,229,8,2,6,47,40,10,9,67,34,2,2,0,12
S01011071,313,8,1,7,69,63,24,17,73,35,11,6,5,13
S01011072,382,12,3,9,86,75,28,19,92,36,11,6,5,23
S01011073,263,9,3,6,43,40,19,12,80,42,3,2,1,15
S01011074,227,6,0,6,36,30,11,13,78,30,10,9,1,13
S01011075,275,3,1,2,18,27,10,14,105,71,18,14,4,9
S01011076,255,2,0,2,32,36,14,21,79,42,21,13,8,8
S01011077,297,1,0,1,30,25,10,17,101,79,23,17,6,11
S01011078,398,13,5,8,76,77,30,24,109,31,11,9,2,27
S01011079,369,9,0,9,69,50,34,28,89,61,12,7,5,17
S01011080,369,6,2,4,58,68,23,20,98,47,24,20,4,25
S01011081,303,3,1,2,32,43,12,21,111,51,8,7,1,22
S01011082,186,4,2,2,19,24,2,15,60,43,10,8,2,9
S01011083,275,5,1,4,66,37,16,25,74,29,13,7,6,10
S01011084,296,19,5,14,80,68,34,13,49,15,7,5,2,11
S01011085,345,18,8,10,105,68,26,13,58,25,10,9,1,22
S01011086,229,13,1,12,56,46,16,12,52,16,7,7,0,11
S01011087,224,5,2,3,46,32,12,23,63,28,9,7,2,6
S01011088,372,20,4,16,101,61,29,15,67,40,16,11,5,23
S01011089,248,4,1,3,53,34,13,6,69,36,12,7,5,21
S01011090,275,17,5,12,71,47,24,10,58,21,6,4,2,21
S01011091,238,15,5,10,57,41,21,12,51,25,7,3,4,9
S01011092,172,3,1,2,27,31,5,8,34,29,17,9,8,18
S01011093,239,17,5,12,67,44,22,13,31,22,6,3,3,17
S01011094,182,17,6,11,59,28,18,6,29,11,3,2,1,11
S01011095,289,22,6,16,79,54,32,15,48,14,5,2,3,20
S01011096,210,12,5,7,59,35,15,14,34,17,4,2,2,20
S01011097,258,14,4,10,74,46,28,14,50,14,7,5,2,11
S01011098,287,9,3,6,73,59,15,9,72,30,3,2,1,17
S01011099,323,4,2,2,44,50,11,18,84,69,18,11,7,25
S01011100,164,3,0,3,36,29,9,8,47,16,5,4,1,11
S01011101,240,6,4,2,20,31,4,21,70,60,10,9,1,18
S01011102,269,3,0,3,39,24,6,13,88,72,16,11,5,8
S01011103,213,7,2,5,41,18,7,12,62,34,14,12,2,18
S01011104,235,16,4,12,66,33,17,11,41,25,10,7,3,16
S01011105,316,8,3,5,62,36,14,22,88,60,9,5,4,17
S01011106,344,9,1,8,57,60,13,23,98,40,23,12,11,21
S01011107,338,10,2,8,61,46,11,23,94,48,14,4,10,31
S01011108,206,2,1,1,38,30,12,16,55,24,7,6,1,22
S01011109,316,9,4,5,62,66,13,22,76,47,11,8,3,10
S01011110,282,4,2,2,35,52,8,21,79,45,14,10,4,24
S01011111,354,2,1,1,39,37,11,21,117,71,34,31,3,22
S01011112,330,10,2,8,77,64,17,23,75,28,11,8,3,25
S01011113,350,12,1,11,72,61,14,22,107,39,7,5,2,16
S01011114,285,8,2,6,63,59,14,16,74,21,9,7,2,21
S01011115,358,4,1,3,53,46,14,21,101,71,18,11,7,30
S01011116,256,6,1,5,43,48,6,20,68,38,9,6,3,18
S01011117,262,20,3,17,74,39,27,9,48,14,9,9,0,22
S01011118,317,29,6,23,103,47,19,12,53,28,7,3,4,19
S01011119,346,28,6,22,111,77,19,7,48,29,9,9,0,18
S01011120,263,16,2,14,92,60,19,6,41,11,7,6,1,11
S01011121,202,12,0,12,35,27,11,13,59,28,2,1,1,15
S01011122,251,11,1,10,65,39,9,16,49,35,9,7,2,18
S01011123,413,6,2,4,63,63,11,30,126,79,12,9,3,23
S01011124,238,5,1,4,50,44,8,9,52,41,7,4,3,22
S01011125,195,3,1,2,29,26,5,16,65,32,12,9,3,7
S01011126,170,3,1,2,30,32,9,9,56,19,5,1,4,7
S01011127,164,2,0,2,27,38,7,10,51,12,5,4,1,12
S01011128,292,13,2,11,54,45,8,14,78,42,16,14,2,22
S01011129,353,32,12,20,105,73,25,13,57,19,11,8,3,18
S01011130,225,6,0,6,42,45,7,14,51,31,18,13,5,11
S01011131,244,7,3,4,60,48,14,9,58,22,4,2,2,22
S01011132,329,19,6,13,84,69,12,19,73,20,7,6,1,26
S01011133,169,3,1,2,27,21,9,13,51,34,5,4,1,6
S01011134,276,3,0,3,74,45,24,14,65,37,6,5,1,8
S01011135,295,6,2,4,47,33,15,19,88,50,18,7,11,19
S01011136,241,6,2,4,45,49,14,22,50,32,8,4,4,15
S01011137,187,9,2,7,47,24,7,8,42,24,8,3,5,18
S01011138,226,2,0,2,32,26,12,22,71,38,10,4,6,13
S01011139,335,21,17,4,86,95,7,22,54,28,9,2,7,13
S01011140,204,3,0,3,35,30,9,13,55,34,8,5,3,17
S01011141,220,3,2,1,30,42,8,17,65,38,8,2,6,9
S01011142,416,18,7,11,103,54,28,17,53,16,9,5,4,118
S01011143,370,13,0,13,85,66,31,18,84,32,9,5,4,32
S01011144,261,14,4,10,55,58,22,10,58,29,4,3,1,11
S01011145,242,18,5,13,80,40,6,8,58,19,5,4,1,8
S01011146,283,8,2,6,65,45,16,6,78,38,10,7,3,17
S01011147,373,17,7,10,82,74,19,22,91,48,7,4,3,13
S01011148,290,18,6,12,76,38,35,21,47,32,13,11,2,10
S01011149,297,28,10,18,85,67,27,14,25,19,11,6,5,21
S01011150,163,9,3,6,55,22,8,13,29,14,8,2,6,5
S01011151,196,4,2,2,63,34,8,6,43,22,6,1,5,10
S01011152,270,23,2,21,80,47,33,11,42,18,6,6,0,10
S01011153,322,10,0,10,83,51,22,12,78,30,14,11,3,22
S01011154,197,3,2,1,35,37,15,4,59,30,7,5,2,7
S01011155,222,6,1,5,51,37,21,12,50,22,14,6,8,9
S01011156,233,9,1,8,55,50,11,12,60,14,6,5,1,16
S01011157,227,6,0,6,57,54,15,17,57,14,1,0,1,6
S01011158,188,15,3,12,62,39,16,8,33,9,3,3,0,3
S01011159,205,7,2,5,33,43,5,9,57,38,5,4,1,8
S01011160,337,7,1,6,63,69,13,13,107,33,16,9,7,16
S01011161,247,3,0,3,31,38,8,17,83,40,11,5,6,16
S01011162,178,4,1,3,38,30,6,13,39,25,8,4,4,15
S01011163,316,3,2,1,40,51,10,23,99,53,15,9,6,22
S01011164,276,8,2,6,70,52,13,13,68,17,9,2,7,26
S01011165,281,3,0,3,51,40,13,21,78,35,18,11,7,22
S01011166,199,10,3,7,47,50,13,8,33,14,8,5,3,16
S01011167,287,23,2,21,97,63,28,9,36,10,8,7,1,13
S01011168,323,24,8,16,75,51,42,20,56,26,5,3,2,24
S01011169,340,15,3,12,106,69,25,11,57,25,10,4,6,22
S01011170,354,24,4,20,112,58,30,15,58,24,13,9,4,20
S01011171,342,15,1,14,104,52,46,20,67,23,6,2,4,9
S01011172,281,13,5,8,81,34,44,24,53,18,5,2,3,9
S01011173,225,21,5,16,57,35,40,10,35,4,6,2,4,17
S01011174,154,5,1,4,39,24,26,9,35,9,4,3,1,3
S01011175,199,7,1,6,36,37,16,14,49,28,6,4,2,6
S01011176,209,16,4,12,65,30,29,15,23,15,3,1,2,13
S01011177,321,12,3,9,77,41,47,20,71,28,13,8,5,12
S01011178,190,8,5,3,42,36,6,7,48,22,7,2,5,14
S01011179,249,4,1,3,32,44,5,16,57,62,12,8,4,17
S01011180,268,1,0,1,33,28,6,17,62,71,28,18,10,22
S01011181,184,10,4,6,57,38,23,4,22,19,4,2,2,7
S01011182,160,10,1,9,45,26,14,4,35,12,6,6,0,8
S01011183,220,9,2,7,55,32,13,12,42,20,18,14,4,19
S01011184,306,17,5,12,104,71,15,15,44,6,9,6,3,25
S01011185,266,12,1,11,70,64,8,12,53,17,14,10,4,16
S01011186,360,12,3,9,69,75,13,16,85,50,22,15,7,18
S01011187,289,10,4,6,85,76,7,10,64,14,3,1,2,20
S01011188,358,8,2,6,60,69,11,28,94,44,18,7,11,26
S01011189,325,15,5,10,68,70,19,15,65,33,12,7,5,28
S01011190,241,1,0,1,37,49,12,13,58,38,17,12,5,16
S01011191,217,7,2,5,41,34,5,18,51,39,12,7,5,10
S01011192,280,8,2,6,48,51,5,19,73,31,18,11,7,27
S01011193,277,6,2,4,35,42,9,18,77,40,28,21,7,22
S01011194,290,8,3,5,47,39,4,14,67,48,29,14,15,34
S01011195,309,4,1,3,48,48,4,27,79,48,23,11,12,28
S01011196,350,8,2,6,54,50,13,17,87,64,30,17,13,27
S01011197,343,5,1,4,40,56,9,20,92,51,36,26,10,34
S01011198,256,7,1,6,41,36,14,16,63,30,26,16,10,23
S01011199,313,7,1,6,55,69,14,16,78,34,14,9,5,26
S01011200,298,10,1,9,63,60,7,14,66,31,17,10,7,30
S01011201,243,6,0,6,45,55,10,12,55,24,11,9,2,25
S01011202,342,11,5,6,66,60,14,21,78,57,16,8,8,19
S01011203,330,11,1,10,68,64,7,23,89,22,10,6,4,36
S01011204,226,12,3,9,74,52,6,14,39,9,2,2,0,18
S01011205,255,23,6,17,75,58,4,9,44,15,6,0,6,21
S01011206,282,15,3,12,86,51,10,10,51,18,9,4,5,32
S01011207,292,14,5,9,70,61,10,16,56,21,22,17,5,22
S01011208,356,17,6,11,96,91,16,10,64,18,9,7,2,35
S01011209,261,9,2,7,39,51,7,23,56,40,17,8,9,19
S01011210,277,25,6,19,77,52,25,9,38,16,8,6,2,27
S01011211,274,15,2,13,74,55,11,13,41,21,13,8,5,31
S01011212,234,2,0,2,24,24,7,12,73,48,24,17,7,20
S01011213,434,12,3,9,66,59,10,25,105,73,41,23,18,43
S01011214,342,3,1,2,44,53,4,21,83,72,33,24,9,29
S01011215,223,0,0,0,21,30,8,7,65,46,26,18,8,20
S01011216,176,4,1,3,22,31,8,14,49,25,10,2,8,13
S01011217,325,4,0,4,35,52,9,16,89,47,39,20,19,34
S01011218,253,3,1,2,30,29,8,19,51,52,41,25,16,20
S01011219,314,3,0,3,35,52,7,20,89,60,28,15,13,20
S01011220,360,5,1,4,58,49,7,23,107,56,37,25,12,18
S01011221,377,6,1,5,51,65,8,24,109,63,24,16,8,27
S01011222,266,2,1,1,32,61,5,12,71,55,12,5,7,16
S01011223,298,10,2,8,61,79,13,8,59,33,11,7,4,24
S01011224,252,5,2,3,33,35,12,12,65,40,21,16,5,29
S01011225,281,6,2,4,35,41,6,19,67,45,38,23,15,24
S01011226,365,21,3,18,83,82,17,24,71,21,17,11,6,29
S01011227,268,10,1,9,75,36,10,11,55,33,20,15,5,18
S01011228,298,10,3,7,56,57,13,12,70,45,18,12,6,17
S01011229,205,8,1,7,37,31,5,11,39,31,26,18,8,17
S01011230,368,5,1,4,36,37,10,22,103,73,71,50,21,11
S01011231,242,3,1,2,27,33,3,15,81,46,25,20,5,9
S01011232,372,14,1,13,87,57,21,25,71,48,29,23,6,20
S01011233,140,6,0,6,26,24,4,13,27,17,12,11,1,11
S01011234,411,8,4,4,62,47,8,28,91,63,56,33,23,48
S01011235,159,0,0,0,21,29,7,10,33,29,12,9,3,18
S01011236,231,6,3,3,39,33,6,13,65,39,20,15,5,10
S01011237,299,3,1,2,41,44,3,19,58,62,43,24,19,26
S01011238,252,5,1,4,36,36,5,10,57,45,45,26,19,13
S01011239,255,2,1,1,36,37,10,10,73,40,30,19,11,17
S01011240,256,7,3,4,50,42,12,15,61,25,29,13,16,15
S01011241,369,11,3,8,98,57,24,14,74,35,31,19,12,25
S01011242,301,7,2,5,71,59,14,12,77,25,17,13,4,19
S01011243,344,12,0,12,52,45,17,15,87,48,50,38,12,18
S01011244,269,7,1,6,27,48,5,8,71,42,37,28,9,24
S01011245,357,8,1,7,45,54,11,17,92,66,37,27,10,27
S01011246,348,22,5,17,92,54,24,18,70,34,16,3,13,18
S01011247,312,22,4,18,94,72,19,13,40,27,5,4,1,20
S01011248,326,11,3,8,67,64,7,16,78,44,10,8,2,29
S01011249,294,13,3,10,66,83,7,15,49,25,11,4,7,25
S01011250,421,5,0,5,57,61,13,24,132,55,38,25,13,36
S01011251,373,3,0,3,63,48,9,22,103,63,31,23,8,31
S01011252,347,0,0,0,34,51,6,22,105,58,40,22,18,31
S01011253,355,1,0,1,30,40,12,34,114,60,33,28,5,31
S01011254,379,16,5,11,83,86,21,14,80,22,11,5,6,46
S01011255,282,23,4,19,99,65,10,7,39,9,6,3,3,24
S01011256,169,6,3,3,55,36,7,6,33,8,4,3,1,14
S01011257,172,15,5,10,56,39,7,8,29,3,5,4,1,10
S01011258,238,18,2,16,73,32,7,16,42,14,8,5,3,28
S01011259,279,8,1,7,61,67,16,12,62,22,15,12,3,16
S01011260,274,8,0,8,74,67,11,10,47,21,9,5,4,27
S01011261,305,4,1,3,29,36,9,27,83,57,36,28,8,24
S01011262,199,8,1,7,34,34,7,11,58,21,12,8,4,14
S01011263,428,11,4,7,90,93,14,16,98,46,35,21,14,25
S01011264,260,4,1,3,42,38,5,11,68,47,21,15,6,24
S01011265,422,6,2,4,38,53,15,13,125,72,59,32,27,41
S01011266,364,7,2,5,45,65,9,24,99,65,22,14,8,28
S01011267,235,11,1,10,68,46,5,15,40,20,14,7,7,16
S01011268,140,5,1,4,37,25,7,6,21,23,12,7,5,4
S01011269,206,2,2,0,38,35,5,22,39,37,16,10,6,12
S01011270,267,2,0,2,43,47,7,18,69,36,20,6,14,25
S01011271,302,10,1,9,40,60,10,15,76,45,19,12,7,27
S01011272,285,8,1,7,36,49,5,15,71,57,23,13,10,21
S01011273,356,4,0,4,36,50,7,17,89,63,50,33,17,40
S01011274,340,1,1,0,38,51,15,21,90,48,33,23,10,43
S01011275,263,3,0,3,28,28,8,12,87,37,40,31,9,20
S01011276,365,7,1,6,38,51,9,24,94,51,56,31,25,35
S01011277,289,11,4,7,71,73,15,21,54,13,8,6,2,23
S01011278,204,13,4,9,54,57,4,7,36,17,8,7,1,8
S01011279,265,7,1,6,74,77,4,12,49,12,18,15,3,12
S01011280,241,13,3,10,79,61,10,6,42,10,5,3,2,15
S01011281,251,20,5,15,79,50,12,10,33,17,3,2,1,27
S01011282,348,18,6,12,105,82,18,5,53,22,7,5,2,38
S01011283,257,16,4,12,90,62,15,11,28,11,4,3,1,20
S01011284,206,20,8,12,75,47,12,6,15,9,2,0,2,20
S01011285,296,3,0,3,47,41,8,16,86,55,18,8,10,22
S01011286,274,5,0,5,31,56,8,13,58,50,20,12,8,33
S01011287,330,10,2,8,51,57,6,17,88,44,23,14,9,34
S01011288,318,2,1,1,48,55,9,11,94,45,26,17,9,28
S01011289,379,6,2,4,52,54,12,19,112,62,23,14,9,39
S01011290,428,9,1,8,58,70,22,36,104,73,31,24,7,25
S01011291,325,8,2,6,52,60,8,22,76,50,24,10,14,25
S01011292,259,2,1,1,18,33,10,19,83,42,32,17,15,20
S01011293,277,6,1,5,43,36,4,22,62,62,16,9,7,26
S01011294,327,7,1,6,57,54,11,18,69,68,29,18,11,14
S01011295,386,23,4,19,121,89,18,17,48,29,12,6,6,29
S01011296,227,3,2,1,46,48,12,15,47,25,11,7,4,20
S01011297,330,8,2,6,51,48,14,26,76,57,22,13,9,28
S01011298,234,2,1,1,33,25,4,11,68,39,25,20,5,27
S01011299,192,16,5,11,56,32,30,7,20,13,2,2,0,16
S01011300,373,3,0,3,33,52,12,21,100,91,40,24,16,21
S01011301,276,17,5,12,69,60,18,9,48,21,8,4,4,26
S01011302,334,5,1,4,49,67,11,17,73,61,30,22,8,21
S01011303,384,23,3,20,112,92,13,19,62,25,12,6,6,26
S01011304,259,5,3,2,37,31,8,15,59,44,32,19,13,28
S01011305,320,10,1,9,71,49,10,18,62,42,29,16,13,29
S01011306,234,3,1,2,54,32,3,16,48,36,25,12,13,17
S01011307,166,14,2,12,40,38,20,9,21,7,4,4,0,13
S01011308,178,28,9,19,56,25,20,3,20,6,7,5,2,13
S01011309,268,28,5,23,88,67,19,8,35,9,1,1,0,13
S01011310,263,18,2,16,66,46,20,14,49,15,12,6,6,23
S01011311,285,28,1,27,108,56,17,7,38,12,2,1,1,17
S01011312,414,56,9,47,151,71,39,12,38,13,12,8,4,22
S01011313,271,21,2,19,85,51,25,12,43,13,3,3,0,18
S01011314,405,44,7,37,125,71,25,12,50,27,16,9,7,35
S01011315,161,4,1,3,31,17,8,13,38,27,12,7,5,11
S01011316,293,7,3,4,51,44,7,16,75,40,33,23,10,20
S01011317,282,15,3,12,80,68,33,8,32,14,13,5,8,19
S01011318,330,27,5,22,100,63,20,19,56,20,7,3,4,18
S01011319,295,19,0,19,93,66,17,9,47,9,9,6,3,26
S01011320,197,4,1,3,44,43,11,12,46,15,11,8,3,11
S01011321,254,12,3,9,62,47,11,9,66,29,4,3,1,14
S01011322,249,9,2,7,58,52,12,8,57,25,9,5,4,19
S01011323,359,13,3,10,65,64,18,15,101,39,18,9,9,26
S01011324,164,7,2,5,36,37,11,9,33,14,10,6,4,7
S01011325,286,7,1,6,44,49,18,24,63,43,21,14,7,17
S01011326,272,11,2,9,52,37,19,25,67,35,15,10,5,11
S01011327,262,7,2,5,46,51,26,25,49,32,17,12,5,9
S01011328,254,16,4,12,58,36,30,13,53,28,9,5,4,11
S01011329,326,19,4,15,85,63,17,15,69,20,9,3,6,29
S01011330,280,15,4,11,77,76,16,9,49,18,6,4,2,14
S01011331,279,21,7,14,100,63,12,9,39,8,11,8,3,16
S01011332,325,29,6,23,103,70,22,13,49,17,7,4,3,15
S01011333,264,23,3,20,85,72,16,5,36,8,2,1,1,17
S01011334,275,37,6,31,69,52,35,5,32,19,11,6,5,15
S01011335,371,39,5,34,109,89,22,18,40,14,5,5,0,35
S01011336,224,7,1,6,45,42,13,16,55,24,12,9,3,10
S01011337,264,25,9,16,100,61,11,6,25,14,6,4,2,16
S01011338,255,17,3,14,45,40,12,21,46,32,19,6,13,23
S01011339,216,4,0,4,41,32,8,9,57,23,18,15,3,24
S01011340,271,4,1,3,32,46,10,14,78,45,17,11,6,25
S01011341,277,7,3,4,57,51,4,16,63,34,20,13,7,25
S01011342,272,10,6,4,58,76,12,11,57,16,12,6,6,20
S01011343,312,3,3,0,51,41,6,23,84,52,35,22,13,17
S01011344,331,1,0,1,30,49,10,28,75,84,30,17,13,24
S01011345,309,4,0,4,37,29,11,19,93,60,31,18,13,25
S01011346,263,3,1,2,40,47,13,19,62,43,20,14,6,16
S01011347,389,12,3,9,73,76,25,20,88,54,20,15,5,21
S01011348,367,12,1,11,68,67,8,21,78,49,38,21,17,26
S01011349,355,24,5,19,91,94,21,11,62,24,8,2,6,20
S01011350,254,13,2,11,75,62,23,8,37,18,7,6,1,11
S01011351,276,3,0,3,38,50,5,15,69,52,24,15,9,20
S01011352,242,9,1,8,55,53,10,12,47,25,18,11,7,13
S01011353,254,6,3,3,37,51,11,15,55,42,22,16,6,15
S01011354,283,14,1,13,69,67,16,15,49,22,10,5,5,21
S01011355,350,8,3,5,73,86,16,16,87,30,9,8,1,25
S01011356,363,36,8,28,121,54,47,13,46,13,16,12,4,17
S01011357,323,10,0,10,79,84,11,16,54,37,11,7,4,21
S01011358,225,18,5,13,77,48,2,5,34,10,5,5,0,26
S01011359,273,10,2,8,56,45,6,17,73,35,17,9,8,14
S01011360,282,2,0,2,37,40,4,12,84,53,30,18,12,20
S01011361,168,3,0,3,15,16,5,7,42,38,33,19,14,9
S01011362,200,10,4,6,62,51,17,11,29,9,2,2,0,9
S01011363,346,13,5,8,82,72,10,11,74,35,30,25,5,19
S01011364,246,9,1,8,68,56,3,12,55,23,6,3,3,14
S01011365,227,13,3,10,80,54,5,8,35,11,8,5,3,13
S01011366,188,6,0,6,39,45,5,6,41,30,12,9,3,4
S01011367,342,11,2,9,69,59,9,18,104,35,16,11,5,21
S01011368,323,22,4,18,120,80,14,7,29,17,10,7,3,24
S01011369,290,5,1,4,56,64,8,12,66,36,17,9,8,26
S01011370,298,20,3,17,103,69,4,12,43,25,6,6,0,16
S01011371,336,4,0,4,56,66,8,24,89,42,26,12,14,21
S01011372,224,2,0,2,31,33,3,12,45,46,32,18,14,20
S01011373,246,4,0,4,37,34,4,15,75,34,27,17,10,16
S01011374,276,9,4,5,78,82,4,13,43,14,8,5,3,25
S01011375,232,9,3,6,46,62,7,4,47,21,7,2,5,29
S01011376,182,4,1,3,30,32,6,8,52,35,5,3,2,10
S01011377,234,23,2,21,83,56,14,1,17,11,7,6,1,22
S01011378,298,21,8,13,70,88,11,5,56,19,11,8,3,17
S01011379,346,21,2,19,113,98,20,8,29,14,4,2,2,39
S01011380,271,16,2,14,58,79,4,13,43,28,21,16,5,9
S01011381,248,15,2,13,61,67,10,13,36,21,7,4,3,18
S01011382,200,12,4,8,41,28,11,11,46,26,11,8,3,14
S01011383,276,1,0,1,32,46,3,13,79,60,27,17,10,15
S01011384,265,2,0,2,19,29,6,9,78,66,48,33,15,8
S01011385,362,9,1,8,38,48,11,19,88,88,42,27,15,19
S01011386,222,2,2,0,15,18,5,14,63,50,42,30,12,13
S01011387,316,10,3,7,39,45,7,6,88,59,46,32,14,16
S01011388,399,23,5,18,119,93,10,15,60,31,17,11,6,31
S01011389,303,10,2,8,57,58,10,16,70,44,20,14,6,18
S01011390,321,6,2,4,49,49,3,15,95,56,27,18,9,21
S01011391,256,3,2,1,34,34,4,11,86,42,22,16,6,20
S01011392,265,2,0,2,27,35,8,16,86,40,27,11,16,24
S01011393,296,5,3,2,59,69,13,19,69,32,14,7,7,16
S01011394,197,22,6,16,54,46,8,4,27,11,4,3,1,21
S01011395,303,7,2,5,65,64,10,17,75,38,20,15,5,7
S01011396,289,7,1,6,59,61,8,19,66,27,24,21,3,18
S01011397,287,8,3,5,71,42,12,19,58,36,24,21,3,17
S01011398,286,2,0,2,47,41,7,24,61,47,44,24,20,13
S01011399,210,4,1,3,25,42,2,12,52,39,18,11,7,16
S01011400,276,15,3,12,79,60,10,10,48,23,13,8,5,18
S01011401,238,10,2,8,69,62,5,3,35,24,15,15,0,15
S01011402,358,7,3,4,85,85,14,17,77,41,18,12,6,14
S01011403,205,7,1,6,43,38,5,9,35,26,21,17,4,21
S01011404,387,8,2,6,80,84,7,12,97,48,19,16,3,32
S01011405,230,18,6,12,58,52,7,7,42,17,23,18,5,6
S01011406,247,10,4,6,55,38,8,14,66,33,8,4,4,15
S01011407,421,19,6,13,105,108,13,7,71,47,20,15,5,31
S01011408,315,4,2,2,41,63,6,16,93,45,21,12,9,26
S01011409,320,8,1,7,58,54,9,7,84,49,29,20,9,22
S01011410,244,6,0,6,42,62,3,5,69,41,7,5,2,9
S01011411,236,2,1,1,48,50,2,11,60,32,10,8,2,21
S01011412,337,15,3,12,118,78,13,11,56,10,8,5,3,28
S01011413,216,11,3,8,63,57,6,2,36,15,9,7,2,17
S01011414,309,10,3,7,58,71,1,21,66,38,26,20,6,18
S01011415,327,13,6,7,97,83,6,12,65,26,10,9,1,15
S01011416,259,9,1,8,81,69,9,14,39,12,6,6,0,20
S01011417,308,5,2,3,54,71,6,17,68,53,15,9,6,19
S01011418,228,4,2,2,23,37,7,11,67,46,14,9,5,19
S01011419,213,5,0,5,34,57,3,12,44,32,17,12,5,9
S01011420,189,2,0,2,24,21,2,7,51,47,13,7,6,22
S01011421,236,10,4,6,74,57,6,11,38,11,18,13,5,11
S01011422,267,7,2,5,42,49,5,13,61,60,14,12,2,16
S01011423,194,3,0,3,34,20,5,8,49,35,29,26,3,11
S01011424,221,2,0,2,39,42,6,14,54,42,14,12,2,8
S01011425,339,15,3,12,75,47,11,17,67,44,37,27,10,26
S01011426,357,30,3,27,125,70,20,7,48,19,10,7,3,28
S01011427,257,5,1,4,57,45,9,12,56,46,12,8,4,15
S01011428,184,4,2,2,39,40,2,14,37,27,13,8,5,8
S01011429,256,19,2,17,77,48,14,12,34,13,10,8,2,29
S01011430,352,13,2,11,83,81,13,11,76,36,15,11,4,24
S01011431,408,8,0,8,71,75,10,19,99,59,27,21,6,40
S01011432,422,7,6,1,70,97,7,22,104,71,20,13,7,24
S01011433,348,6,1,5,32,49,9,21,97,59,51,31,20,24
S01011434,220,4,0,4,51,46,9,15,51,22,10,9,1,12
S01011435,371,16,4,12,113,76,12,9,67,30,13,10,3,35
S01011436,270,4,0,4,48,51,11,12,73,36,21,12,9,14
S01011437,280,6,3,3,40,52,7,18,65,55,24,21,3,13
S01011438,209,2,2,0,15,32,1,10,74,40,27,18,9,8
S01011439,321,7,3,4,76,45,22,17,74,44,25,17,8,11
S01011440,230,3,0,3,20,40,4,11,77,55,12,8,4,8
S01011441,304,3,1,2,34,62,12,12,93,50,24,11,13,14
S01011442,255,3,0,3,30,62,11,11,63,39,14,9,5,22
S01011443,242,4,3,1,30,41,12,19,62,38,15,10,5,21
S01011444,295,3,1,2,39,49,5,16,81,61,28,18,10,13
S01011445,214,9,2,7,43,42,5,12,38,36,13,5,8,16
S01011446,202,12,4,8,40,51,16,9,29,19,10,9,1,16
S01011447,356,7,2,5,51,93,9,11,73,61,28,15,13,23
S01011448,350,15,6,9,80,68,16,21,72,30,19,16,3,29
S01011449,187,3,1,2,31,40,3,13,47,32,17,15,2,1
S01011450,247,13,2,11,70,56,9,7,29,25,19,17,2,19
S01011451,259,32,6,26,55,48,29,3,28,8,17,13,4,39
S01011452,349,20,9,11,94,75,10,16,79,20,9,8,1,26
S01011453,259,7,2,5,56,56,8,8,51,40,16,13,3,17
S01011454,307,10,2,8,60,54,8,13,85,47,12,8,4,18
S01011455,302,3,0,3,46,51,5,12,95,34,37,24,13,19
S01011456,337,6,1,5,60,57,13,14,76,66,24,21,3,21
S01011457,365,7,0,7,40,62,7,15,111,68,30,19,11,25
S01011458,440,23,4,19,122,105,14,15,70,27,21,19,2,43
S01011459,395,15,0,15,96,110,10,22,76,33,17,13,4,16
S01011460,281,4,0,4,64,46,12,11,53,45,30,23,7,16
S01011461,276,2,1,1,49,53,7,18,75,34,20,12,8,18
S01011462,340,17,4,13,71,84,9,19,75,31,10,5,5,24
S01011463,255,5,0,5,62,56,11,11,58,27,10,6,4,15
S01011464,207,26,8,18,72,39,10,4,21,10,6,5,1,19
S01011465,194,2,1,1,24,23,10,11,45,43,28,19,9,8
S01011466,235,5,2,3,40,35,2,5,56,47,22,15,7,23
S01011467,206,14,3,11,46,42,5,9,46,18,14,8,6,12
S01011468,304,29,3,26,95,80,13,7,38,11,12,10,2,19
S01011469,308,12,3,9,42,47,5,16,65,51,44,38,6,26
S01011470,442,12,2,10,90,96,14,20,98,52,27,17,10,33
S01011471,341,21,5,16,83,65,13,12,76,40,10,7,3,21
S01011472,313,5,0,5,69,54,2,20,80,43,21,9,12,19
S01011473,245,2,0,2,32,55,4,11,69,46,16,12,4,10
S01011474,297,7,2,5,51,55,3,15,72,52,28,17,11,14
S01011475,205,1,0,1,40,48,4,6,42,39,15,11,4,10
S01011476,194,16,2,14,59,62,7,7,21,6,3,2,1,13
S01011477,339,17,5,12,104,115,14,7,38,6,7,5,2,31
S01011478,395,42,12,30,134,95,15,10,45,11,7,2,5,36
S01011479,319,26,5,21,92,91,13,13,44,14,8,7,1,18
S01011480,384,45,7,38,139,81,19,7,42,13,7,6,1,31
S01011481,311,15,3,12,90,73,17,12,47,25,12,9,3,20
S01011482,346,13,3,10,65,65,7,18,78,53,22,15,7,25
S01011483,214,12,0,12,84,47,6,2,24,12,12,9,3,15
S01011484,342,3,0,3,47,68,7,12,89,65,29,25,4,22
S01011485,379,10,4,6,46,53,4,30,90,75,43,30,13,28
S01011486,216,1,0,1,25,31,8,9,52,48,22,15,7,20
S01011487,436,13,2,11,49,80,14,15,119,65,44,33,11,37
S01011488,245,4,1,3,30,31,5,14,66,44,37,23,14,14
S01011489,266,11,1,10,75,68,10,11,43,20,10,5,5,18
S01011490,401,7,1,6,91,76,11,17,86,75,21,13,8,17
S01011491,205,5,1,4,24,38,1,10,53,40,25,19,6,9
S01011492,269,4,0,4,39,33,7,13,59,59,37,27,10,18
S01011493,206,10,3,7,73,56,5,3,23,4,4,4,0,28
S01011494,282,4,0,4,50,68,9,10,57,48,14,9,5,22
S01011495,308,5,2,3,42,61,7,14,77,47,30,22,8,25
S01011496,259,4,1,3,22,25,8,15,82,63,25,21,4,15
S01011497,234,22,7,15,59,65,4,8,34,9,16,11,5,17
S01011498,257,6,3,3,69,70,6,11,47,13,7,3,4,28
S01011499,309,9,2,7,61,87,14,15,60,35,12,9,3,16
S01011500,193,4,1,3,37,42,3,8,47,29,5,0,5,18
S01011501,267,7,0,7,26,38,11,17,74,60,29,14,15,5
S01011502,297,4,3,1,37,63,8,17,83,44,22,14,8,19
S01011503,252,7,1,6,39,48,6,12,71,36,18,11,7,15
S01011504,219,7,2,5,36,50,9,10,44,34,13,8,5,16
S01011505,259,6,2,4,44,42,5,14,58,44,22,12,10,24
S01011506,196,10,4,6,41,32,5,10,50,23,10,7,3,15
S01011507,241,4,3,1,50,37,10,19,54,27,31,23,8,9
S01011508,367,13,3,10,102,75,9,20,57,45,23,12,11,23
S01011509,246,10,4,6,35,62,8,16,54,27,18,15,3,16
S01011510,424,7,1,6,58,81,14,22,113,54,45,29,16,30
S01011511,196,0,0,0,22,27,3,9,64,51,14,10,4,6
S01011512,368,4,0,4,38,69,5,23,85,76,48,34,14,20
S01011513,299,2,1,1,38,48,4,22,83,55,30,22,8,17
S01011514,356,3,0,3,39,52,12,26,99,67,33,25,8,25
S01011515,227,13,1,12,52,60,7,13,41,17,13,9,4,11
S01011516,355,16,5,11,102,95,16,9,56,16,13,11,2,32
S01011517,211,6,0,6,31,44,9,8,53,37,11,6,5,12
S01011518,244,3,0,3,28,29,5,14,69,63,19,14,5,14
S01011519,292,5,2,3,45,45,2,20,72,65,15,11,4,23
S01011520,221,1,0,1,25,32,2,14,53,46,33,30,3,15
S01011521,373,13,1,12,53,49,10,19,96,61,46,31,15,26
S01011522,362,7,0,7,66,63,4,22,106,51,24,17,7,19
S01011523,274,7,2,5,43,43,4,17,74,53,16,12,4,17
S01011524,369,17,4,13,79,87,14,16,81,39,12,10,2,24
S01011525,365,15,3,12,88,67,12,20,91,28,20,18,2,24
S01011526,411,7,2,5,60,97,10,23,100,58,27,18,9,29
S01011527,287,13,4,9,57,80,11,12,54,28,10,6,4,22
S01011528,378,8,4,4,61,64,8,22,100,61,33,20,13,21
S01011529,201,3,1,2,26,32,6,9,56,36,21,14,7,12
S01011530,373,10,4,6,62,71,10,19,93,62,28,17,11,18
S01011531,418,30,6,24,116,74,22,12,65,39,25,18,7,35
S01011532,239,26,5,21,69,47,14,8,38,12,7,3,4,18
S01011533,233,6,2,4,24,36,10,13,59,45,31,19,12,9
S01011534,273,9,2,7,48,71,11,17,60,31,14,9,5,12
S01011535,340,3,2,1,46,58,4,27,78,63,39,25,14,22
S01011536,282,23,7,16,87,64,13,10,39,17,6,5,1,23
S01011537,231,22,6,16,70,62,6,7,36,10,6,5,1,12
S01011538,274,26,7,19,82,67,6,12,43,8,6,3,3,24
S01011539,284,9,3,6,37,38,7,15,81,52,22,15,7,23
S01011540,422,15,0,15,76,84,8,31,95,64,22,15,7,27
S01011541,364,10,5,5,33,44,4,19,107,84,31,18,13,32
S01011542,361,11,4,7,46,56,7,24,117,65,20,14,6,15
S01011543,316,4,1,3,36,44,8,18,88,68,31,19,12,19
S01011544,263,4,1,3,31,36,2,11,95,56,15,10,5,13
S01011545,236,6,2,4,28,39,3,12,74,52,8,6,2,14
S01011546,281,17,4,13,83,70,16,9,36,10,8,4,4,32
S01011547,234,21,3,18,70,54,8,7,31,15,6,4,2,22
S01011548,288,12,3,9,42,77,9,17,66,36,6,5,1,23
S01011549,314,15,3,12,79,78,6,12,66,34,9,6,3,15
S01011550,290,25,5,20,78,87,15,5,39,11,5,1,4,25
S01011551,214,8,4,4,39,43,11,11,46,28,14,10,4,14
S01011552,298,16,2,14,70,74,9,16,58,23,4,4,0,28
S01011553,316,37,6,31,109,43,21,8,38,8,11,6,5,41
S01011554,352,9,1,8,51,82,9,15,88,66,20,16,4,12
S01011555,230,6,1,5,24,48,5,11,67,37,11,7,4,21
S01011556,193,2,1,1,21,46,7,10,54,20,13,10,3,20
S01011557,290,3,1,2,45,51,8,13,85,51,19,10,9,15
S01011558,219,7,2,5,18,43,7,14,62,36,15,8,7,17
S01011559,240,4,1,3,34,32,4,17,72,45,16,10,6,16
S01011560,303,6,4,2,45,52,2,20,86,54,20,13,7,18
S01011561,323,5,1,4,51,50,2,14,91,54,23,15,8,33
S01011562,264,6,0,6,30,51,6,12,57,41,33,20,13,28
S01011563,313,7,3,4,58,50,5,13,68,50,28,24,4,34
S01011564,371,15,4,11,62,93,11,16,82,56,16,8,8,20
S01011565,374,6,2,4,56,80,5,23,95,59,17,12,5,33
S01011566,374,10,3,7,38,66,10,19,90,69,37,19,18,35
S01011567,368,11,2,9,39,80,8,24,94,58,32,27,5,22
S01011568,310,14,4,10,69,69,11,14,63,35,16,9,7,19
S01011569,403,19,4,15,79,86,4,15,98,55,21,17,4,26
S01011570,283,7,2,5,36,60,3,16,85,40,14,11,3,22
S01011571,249,3,1,2,44,47,3,11,64,40,19,12,7,18
S01011572,226,9,5,4,43,50,5,9,47,27,21,12,9,15
S01011573,395,23,2,21,96,95,16,14,69,34,18,11,7,30
S01011574,297,15,5,10,56,68,6,19,64,45,10,6,4,14
S01011575,189,5,1,4,39,27,7,13,39,28,20,12,8,11
S01011576,292,1,0,1,27,42,1,17,83,74,32,19,13,15
S01011577,280,16,2,14,69,56,4,9,56,31,15,11,4,24
S01011578,339,11,2,9,56,73,3,18,81,37,25,16,9,35
S01011579,414,33,6,27,134,103,13,13,49,15,10,5,5,44
S01011580,282,13,3,10,45,58,7,12,61,36,27,22,5,23
S01011581,282,9,1,8,42,50,4,17,81,36,30,23,7,13
S01011582,433,47,11,36,142,93,14,9,72,19,4,3,1,33
S01011583,285,17,4,13,74,52,2,14,71,29,12,7,5,14
S01011584,264,5,0,5,44,61,5,12,65,41,17,14,3,14
S01011585,283,7,1,6,42,71,8,13,73,37,14,10,4,18
S01011586,209,5,2,3,36,43,3,12,46,28,19,9,10,17
S01011587,238,2,0,2,34,31,2,24,69,41,12,7,5,23
S01011588,304,12,3,9,39,62,10,9,82,34,29,23,6,27
S01011589,329,11,4,7,53,72,8,14,88,38,22,19,3,23
S01011590,264,7,2,5,37,52,5,13,78,34,21,14,7,17
S01011591,229,7,0,7,32,39,6,11,55,45,22,17,5,12
S01011592,270,3,0,3,40,44,4,21,70,49,23,18,5,16
S01011593,287,10,2,8,56,69,8,7,61,39,13,8,5,24
S01011594,167,5,1,4,31,29,6,10,39,23,5,3,2,19
S01011595,224,18,3,15,68,56,15,5,22,15,4,0,4,21
S01011596,413,23,5,18,110,90,7,9,74,36,27,17,10,37
S01011597,217,8,2,6,54,47,4,8,52,15,8,4,4,21
S01011598,256,2,0,2,21,44,6,10,65,53,33,24,9,22
S01011599,313,9,2,7,69,58,5,17,67,55,18,12,6,15
S01011600,288,6,0,6,46,61,5,18,77,45,16,12,4,14
S01011601,332,21,3,18,91,87,12,15,49,23,11,10,1,23
S01011602,220,4,1,3,43,35,11,8,56,36,19,12,7,8
S01011603,295,0,0,0,46,64,6,15,83,36,24,18,6,21
S01011604,239,1,0,1,25,48,3,12,74,34,21,12,9,21
S01011605,320,5,1,4,62,69,7,11,91,34,16,8,8,25
S01011606,367,29,7,22,125,78,5,10,54,28,6,5,1,32
S01011607,244,6,2,4,63,64,7,15,48,10,8,3,5,23
S01011608,365,29,7,22,93,108,10,6,68,21,9,8,1,21
S01011609,381,9,0,9,35,45,6,24,97,85,44,28,16,36
S01011610,316,2,0,2,42,51,4,11,86,61,40,28,12,19
S01011611,255,7,2,5,71,73,11,9,43,16,10,7,3,15
S01011612,231,30,7,23,89,49,9,6,19,11,8,6,2,10
S01011613,387,30,3,27,111,109,10,8,56,29,9,7,2,25
S01011614,176,6,1,5,45,43,5,5,30,20,7,3,4,15
S01011615,280,10,4,6,46,60,7,9,76,38,16,11,5,18
S01011616,162,2,0,2,21,29,5,10,41,29,16,13,3,9
S01011617,350,6,1,5,42,82,10,20,90,60,18,13,5,22
S01011618,236,7,2,5,37,41,4,12,70,41,14,12,2,10
S01011619,404,20,5,15,107,113,10,15,73,29,13,8,5,24
S01011620,398,31,5,26,117,96,24,19,55,21,6,5,1,29
S01011621,302,12,5,7,78,73,7,8,71,24,12,9,3,17
S01011622,225,19,3,16,71,57,13,10,25,11,6,4,2,13
S01011623,270,7,2,5,43,60,16,12,64,32,21,14,7,15
S01011624,292,15,6,9,73,71,9,14,54,21,14,8,6,21
S01011625,230,4,0,4,40,58,2,14,46,31,12,5,7,23
S01011626,306,23,1,22,90,75,13,8,36,13,9,5,4,39
S01011627,264,16,3,13,93,69,11,6,36,8,2,1,1,23
S01011628,414,29,6,23,111,108,10,13,72,28,8,8,0,35
S01011629,239,2,1,1,29,44,5,22,55,43,22,15,7,17
S01011630,243,6,2,4,37,58,3,10,55,37,21,11,10,16
S01011631,226,2,1,1,12,39,3,15,50,49,33,20,13,23
S01011632,301,2,0,2,40,45,11,15,80,65,25,21,4,18
S01011633,268,6,1,5,38,51,7,14,63,46,23,18,5,20
S01011634,228,4,1,3,26,51,2,13,54,36,21,16,5,21
S01011635,270,1,1,0,40,49,6,11,76,38,36,34,2,13
S01011636,287,2,0,2,37,47,7,19,68,56,29,20,9,22
S01011637,280,3,0,3,51,45,12,12,75,35,22,15,7,25
S01011638,208,8,2,6,35,53,4,10,56,25,9,7,2,8
S01011639,230,5,2,3,33,41,1,10,63,39,22,13,9,16
S01011640,267,6,1,5,36,48,2,15,71,44,23,18,5,22
S01011641,187,11,3,8,48,59,4,9,31,13,2,1,1,10
S01011642,325,16,4,12,70,99,14,11,65,19,13,4,9,18
S01011643,206,13,2,11,67,43,12,5,34,15,7,5,2,10
S01011644,258,13,4,9,65,65,10,8,54,22,5,1,4,16
S01011645,214,5,0,5,51,56,4,10,50,24,3,3,0,11
S01011646,277,21,6,15,81,78,9,5,38,11,8,5,3,26
S01011647,359,27,11,16,98,87,8,9,62,16,15,8,7,37
S01011648,259,24,7,17,78,45,6,7,44,17,19,12,7,19
S01011649,187,3,2,1,39,36,7,16,35,25,9,7,2,17
S01011650,279,23,2,21,78,65,13,5,43,19,16,15,1,17
S01011651,343,16,1,15,75,84,13,15,62,34,17,11,6,27
S01011652,315,15,3,12,86,69,8,12,53,28,12,9,3,32
S01011653,357,5,1,4,57,68,6,15,86,46,39,24,15,35
S01011654,373,13,2,11,82,65,10,20,82,42,36,30,6,23
S01011655,343,8,2,6,47,62,5,20,72,71,46,24,22,12
S01011656,237,3,1,2,28,38,6,16,49,51,31,20,11,15
S01011657,209,3,1,2,38,27,5,8,51,38,20,10,10,19
S01011658,241,6,1,5,29,37,7,14,66,41,26,14,12,15
S01011659,310,5,1,4,50,57,7,20,69,64,15,12,3,23
S01011660,372,12,3,9,75,84,15,16,66,42,19,11,8,43
S01011661,205,4,0,4,30,52,6,13,51,32,10,7,3,7
S01011662,233,14,1,13,68,65,5,8,42,11,3,2,1,17
S01011663,367,6,0,6,46,64,8,27,82,68,50,33,17,16
S01011664,412,4,1,3,49,65,5,25,105,89,48,42,6,22
S01011665,348,5,0,5,75,65,7,6,74,54,32,23,9,30
S01011666,344,5,1,4,47,64,12,21,84,49,39,21,18,23
S01011667,288,13,0,13,37,62,9,16,53,46,31,26,5,21
S01011668,403,4,0,4,49,54,2,26,110,89,43,27,16,26
S01011669,255,13,3,10,69,58,6,12,48,25,10,8,2,14
S01011670,193,5,0,5,31,46,2,7,54,24,12,6,6,12
S01011671,260,14,2,12,65,67,9,9,51,26,4,2,2,15
S01011672,227,12,1,11,55,40,7,9,47,18,20,12,8,19
S01011673,257,9,1,8,37,53,3,11,58,46,20,17,3,20
S01011674,395,17,2,15,91,90,8,13,89,42,20,13,7,25
S01011675,357,12,4,8,56,66,9,13,94,49,35,24,11,23
S01011676,279,4,0,4,25,42,9,19,82,51,30,20,10,17
S01011677,221,12,1,11,58,44,8,5,43,19,19,14,5,13
S01011678,184,4,1,3,23,30,6,7,40,35,26,23,3,13
S01011679,217,9,2,7,66,60,4,16,28,7,9,7,2,18
S01011680,382,11,3,8,56,61,11,15,95,65,43,32,11,25
S01011681,329,16,0,16,53,65,10,19,73,48,26,15,11,19
S01011682,158,12,3,9,46,27,14,7,22,19,7,7,0,4
S01011683,279,4,2,2,43,50,18,20,67,42,16,13,3,19
S01011684,204,4,2,2,41,48,9,10,42,26,7,5,2,17
S01011685,294,24,5,19,84,70,11,10,48,20,8,5,3,19
S01011686,338,20,6,14,96,92,14,10,45,21,5,4,1,35
S01011687,329,9,2,7,48,68,6,13,97,43,33,25,8,12
S01011688,297,19,4,15,77,64,25,5,41,22,14,9,5,30
S01011689,249,23,4,19,72,57,22,13,25,14,3,2,1,20
S01011690,362,31,6,25,83,75,20,11,75,24,19,18,1,24
S01011691,233,15,3,12,59,57,12,7,41,22,7,6,1,13
S01011692,413,4,1,3,54,85,10,25,112,60,34,23,11,29
S01011693,321,30,3,27,91,79,7,8,50,26,9,8,1,21
S01011694,195,20,8,12,67,33,7,5,34,14,7,4,3,8
S01011695,338,31,11,20,115,86,14,9,46,14,7,6,1,16
S01011696,376,67,12,55,135,66,25,9,35,10,8,6,2,21
S01011697,383,32,5,27,109,97,14,12,55,24,14,10,4,26
S01011698,262,6,1,5,58,51,11,16,67,24,11,5,6,18
S01011699,356,28,3,25,81,101,11,12,52,31,11,8,3,29
S01011700,306,24,3,21,53,86,11,15,52,32,4,2,2,29
S01011701,379,43,9,34,116,88,18,15,40,25,9,5,4,25
S01011702,297,32,10,22,73,58,12,8,56,25,10,6,4,23
S01011703,233,27,3,24,74,41,25,8,21,12,6,4,2,19
S01011704,265,22,4,18,73,65,10,8,40,14,7,4,3,26
S01011705,307,17,0,17,44,60,14,16,61,37,21,12,9,37
S01011706,382,19,3,16,93,85,8,22,71,36,19,12,7,29
S01011707,291,20,3,17,85,81,15,7,41,18,8,5,3,16
S01011708,410,18,2,16,80,84,12,19,95,53,20,13,7,29
S01011709,389,20,6,14,90,73,17,18,76,41,9,7,2,45
S01011710,256,3,0,3,37,43,3,9,71,48,24,15,9,18
S01011711,283,5,0,5,34,52,6,14,74,54,26,14,12,18
S01011712,226,9,1,8,40,52,0,14,58,26,11,5,6,16
S01011713,355,19,3,16,68,95,10,8,81,41,11,7,4,22
S01011714,194,15,1,14,57,47,9,11,31,10,3,2,1,11
S01011715,255,6,0,6,35,51,4,17,56,45,22,15,7,19
S01011716,354,23,3,20,100,107,7,7,55,14,10,7,3,31
S01011717,295,11,0,11,76,88,11,12,56,19,7,4,3,15
S01011718,283,30,6,24,101,70,9,12,31,8,8,5,3,14
S01011719,267,22,8,14,78,76,5,6,31,9,0,0,0,40
S01011720,220,14,4,10,73,71,3,8,26,9,3,2,1,13
S01011721,283,7,2,5,45,88,2,16,62,37,9,5,4,17
S01011722,281,12,3,9,56,71,7,19,61,22,16,12,4,17
S01011723,364,20,3,17,86,90,10,15,73,39,13,6,7,18
S01011724,274,21,4,17,70,62,7,14,40,20,9,6,3,31
S01011725,243,18,8,10,72,57,13,5,29,11,4,3,1,34
S01011726,212,21,7,14,54,70,5,11,25,7,2,2,0,17
S01011727,272,36,9,27,81,63,12,10,36,3,5,2,3,26
S01011728,373,10,3,7,73,106,11,16,87,33,7,4,3,30
S01011729,275,10,2,8,45,53,5,22,44,54,13,6,7,29
S01011730,358,19,3,16,100,98,15,15,59,26,1,0,1,25
S01011731,338,9,3,6,68,76,14,18,74,41,17,13,4,21
S01011732,340,14,2,12,111,98,9,14,46,19,6,5,1,23
S01011733,331,10,3,7,70,103,7,12,58,40,15,6,9,16
S01011734,284,13,2,11,74,65,15,5,64,17,8,6,2,23
S01011735,286,13,3,10,98,73,10,7,43,8,6,4,2,28
S01011736,295,9,1,8,55,79,7,13,67,34,11,7,4,20
S01011737,268,7,3,4,39,52,9,10,58,33,24,17,7,36
S01011738,387,15,5,10,75,82,14,16,88,49,24,16,8,24
S01011739,191,2,0,2,33,39,8,9,55,24,6,3,3,15
S01011740,289,6,0,6,48,43,6,17,73,38,30,21,9,28
S01011741,249,5,0,5,23,73,3,10,69,30,20,12,8,16
S01011742,300,7,2,5,61,69,7,14,72,27,16,8,8,27
S01011743,331,17,3,14,64,100,9,20,56,34,9,5,4,22
S01011744,331,12,1,11,76,81,4,12,62,40,24,10,14,20
S01011745,268,8,3,5,45,58,3,16,48,61,14,12,2,15
S01011746,195,2,1,1,23,24,5,8,78,29,13,7,6,13
S01011747,372,5,2,3,41,63,11,23,92,70,36,14,22,31
S01011748,339,5,1,4,48,56,14,21,104,40,24,17,7,27
S01011749,256,1,0,1,27,35,5,12,73,36,41,33,8,26
S01011750,341,10,3,7,56,89,11,14,71,45,17,11,6,28
S01011751,368,5,0,5,45,63,7,26,107,54,34,21,13,27
S01011752,357,15,4,11,78,80,7,25,71,51,14,8,6,16
S01011753,310,19,3,16,96,78,8,12,43,20,10,5,5,24
S01011754,297,7,3,4,56,75,10,15,69,26,13,6,7,26
S01011755,344,11,4,7,58,85,9,16,79,41,18,15,3,27
S01011756,394,10,3,7,71,95,11,24,91,45,17,6,11,30
S01011757,274,5,2,3,50,60,7,12,78,26,13,11,2,23
S01011758,249,9,1,8,40,68,4,9,64,27,11,7,4,17
S01011759,330,8,3,5,53,91,6,13,79,39,17,11,6,24
S01011760,366,8,1,7,52,95,8,20,94,44,17,9,8,28
S01011761,258,15,4,11,48,52,9,10,65,24,9,7,2,26
S01011762,263,6,0,6,39,64,6,9,73,20,17,12,5,29
S01011763,323,7,0,7,56,74,12,15,88,34,8,4,4,29
S01011764,172,6,3,3,31,38,7,12,40,12,5,5,0,21
S01011765,416,22,4,18,121,119,12,11,64,21,7,6,1,39
S01011766,205,18,6,12,52,54,9,7,26,21,5,3,2,13
S01011767,334,12,3,9,71,63,8,21,81,41,16,9,7,21
S01011768,275,5,0,5,49,58,6,17,54,51,17,7,10,18
S01011769,233,7,1,6,45,59,11,7,50,27,13,7,6,14
S01011770,294,8,1,7,59,60,11,20,69,34,20,13,7,13
S01011771,276,25,2,23,90,62,7,8,35,16,6,4,2,27
S01011772,425,47,10,37,122,90,31,7,57,13,15,12,3,43
S01011773,222,24,7,17,67,63,10,6,22,6,3,3,0,21
S01011774,353,27,1,26,90,82,19,8,54,22,10,7,3,41
S01011775,231,26,7,19,77,49,16,7,25,3,8,7,1,20
S01011776,364,41,10,31,122,87,20,6,41,11,10,8,2,26
S01011777,239,18,3,15,78,72,5,2,31,8,6,2,4,19
S01011778,240,22,2,20,86,50,10,9,27,11,4,1,3,21
S01011779,307,28,7,21,100,76,13,9,38,15,4,2,2,24
S01011780,351,43,8,35,109,69,16,11,47,12,11,7,4,33
S01011781,227,13,0,13,65,58,3,11,35,13,1,0,1,28
S01011782,275,19,6,13,84,69,11,8,44,9,7,4,3,24
S01011783,221,18,2,16,72,54,10,4,37,12,3,1,2,11
S01011784,351,14,4,10,60,89,6,16,84,32,20,13,7,30
S01011785,342,14,5,9,65,99,10,18,76,32,16,13,3,12
S01011786,150,23,2,21,45,35,4,3,11,5,7,4,3,17
S01011787,383,7,1,6,51,64,9,20,112,67,18,12,6,35
S01011788,240,40,6,34,84,40,25,3,22,7,4,0,4,15
S01011789,260,12,1,11,56,60,21,19,41,27,6,5,1,18
S01011790,399,11,2,9,77,70,17,19,90,48,31,19,12,36
S01011791,298,5,1,4,43,59,9,14,71,56,20,17,3,21
S01011792,316,14,3,11,76,60,8,19,65,46,17,9,8,11
S01011793,269,24,4,20,64,65,13,11,47,18,4,2,2,23
S01011794,359,4,0,4,67,75,10,17,91,58,16,12,4,21
S01011795,231,5,0,5,44,40,11,14,62,34,15,9,6,6
S01011796,297,11,2,9,47,54,3,10,77,45,25,14,11,25
S01011797,402,24,5,19,119,101,22,7,65,23,7,4,3,34
S01011798,221,9,0,9,38,36,5,21,55,28,16,10,6,13
S01011799,362,16,4,12,94,77,10,16,72,40,10,8,2,27
S01011800,189,6,1,5,25,46,3,13,51,28,6,4,2,11
S01011801,232,1,0,1,42,48,1,10,58,37,18,13,5,17
S01011802,254,3,2,1,41,50,9,23,70,28,14,8,6,16
S01011803,235,7,3,4,39,40,11,16,62,28,17,8,9,15
S01011804,285,13,1,12,62,36,26,14,62,52,10,7,3,10
S01011805,213,18,1,17,53,27,20,16,36,26,2,2,0,15
S01011806,284,18,4,14,69,37,23,18,65,34,9,6,3,11
S01011807,410,24,6,18,109,50,71,12,92,22,7,6,1,23
S01011808,224,11,4,7,60,32,9,13,67,10,6,5,1,16
S01011809,281,23,6,17,55,54,48,11,59,15,4,3,1,12
S01011810,357,19,5,14,92,50,58,23,70,29,4,3,1,12
S01011811,385,24,8,16,96,54,63,19,87,18,8,7,1,16
S01011812,241,19,2,17,68,31,34,13,43,14,8,5,3,11
S01011813,293,19,4,15,58,51,37,15,73,12,9,6,3,19
S01011814,267,16,4,12,66,43,35,13,52,21,4,2,2,17
S01011815,295,9,1,8,84,47,29,18,59,25,7,4,3,17
S01011816,243,14,6,8,81,49,14,8,54,11,3,2,1,9
S01011817,267,14,5,9,72,39,29,15,58,15,3,2,1,22
S01011818,415,14,2,12,95,86,30,24,96,34,9,6,3,27
S01011819,330,6,0,6,45,63,17,29,94,65,5,4,1,6
S01011820,278,15,0,15,60,48,20,14,53,23,16,13,3,29
S01011821,179,5,1,4,33,21,9,6,47,23,16,10,6,19
S01011822,266,9,2,7,51,35,27,31,62,34,8,5,3,9
S01011823,250,5,1,4,44,36,17,19,68,42,4,3,1,15
S01011824,258,4,1,3,44,40,13,16,79,40,11,6,5,11
S01011825,210,9,2,7,45,32,18,18,46,28,3,2,1,11
S01011826,251,18,4,14,52,43,16,18,66,24,4,4,0,10
S01011827,204,5,0,5,43,18,30,12,64,20,10,5,5,2
S01011828,327,18,4,14,71,50,54,15,77,24,4,1,3,14
S01011829,155,9,2,7,39,26,17,8,37,10,3,2,1,6
S01011830,214,10,2,8,42,24,44,13,46,21,9,6,3,5
S01011831,317,16,4,12,58,34,67,11,80,23,16,10,6,12
S01011832,313,6,2,4,66,26,53,24,89,28,9,8,1,12
S01011833,370,40,8,32,122,57,37,11,36,20,8,6,2,39
S01011834,176,24,3,21,58,33,11,3,24,6,3,2,1,14
S01011835,259,35,7,28,89,47,26,10,24,10,5,4,1,13
S01011836,305,37,4,33,99,55,21,11,40,12,11,9,2,19
S01011837,255,22,3,19,91,43,23,10,27,11,7,7,0,21
S01011838,320,39,7,32,103,60,28,8,49,15,2,2,0,16
S01011839,384,16,1,15,132,67,17,19,67,30,8,5,3,28
S01011840,388,22,7,15,116,72,22,16,77,36,7,3,4,20
S01011841,344,21,5,16,104,62,21,17,56,39,14,11,3,10
S01011842,353,13,3,10,88,49,14,23,85,53,8,4,4,20
S01011843,387,37,8,29,130,60,56,12,43,19,10,8,2,20
S01011844,272,39,2,37,96,35,28,10,24,12,5,4,1,23
S01011845,329,16,3,13,91,66,17,12,67,32,8,4,4,20
S01011846,345,38,8,30,114,55,25,13,45,22,8,6,2,25
S01011847,163,16,5,11,66,25,17,4,20,5,1,1,0,9
S01011848,282,27,2,25,82,48,27,11,50,14,1,1,0,22
S01011849,307,29,4,25,86,43,19,23,64,21,7,4,3,15
S01011850,267,25,6,19,83,46,32,9,32,18,5,2,3,17
S01011851,328,19,0,19,91,37,28,21,75,30,7,3,4,20
S01011852,356,18,6,12,83,66,31,24,58,43,15,12,3,18
S01011853,262,24,4,20,73,43,24,13,43,24,7,4,3,11
S01011854,295,21,4,17,71,59,20,20,57,21,6,3,3,20
S01011855,323,9,3,6,57,51,14,28,78,60,9,6,3,17
S01011856,262,26,8,18,86,39,36,5,36,12,6,4,2,16
S01011857,254,12,2,10,72,39,30,11,51,17,8,4,4,14
S01011858,310,29,5,24,95,50,26,6,54,18,11,9,2,21
S01011859,310,11,2,9,85,49,27,18,80,20,5,4,1,15
S01011860,225,10,3,7,48,31,29,15,46,24,7,5,2,15
S01011861,279,18,3,15,81,31,44,18,48,15,11,5,6,13
S01011862,352,21,1,20,121,63,27,12,69,14,9,3,6,16
S01011863,286,32,5,27,97,37,23,8,33,23,14,10,4,19
S01011864,264,22,6,16,92,49,21,11,43,10,3,3,0,13
S01011865,229,11,4,7,53,42,19,18,42,25,5,2,3,14
S01011866,291,16,4,12,62,58,21,20,57,37,9,6,3,11
S01011867,346,10,1,9,65,46,16,26,95,56,9,7,2,23
S01011868,313,18,2,16,75,47,17,28,69,26,12,7,5,21
S01011869,298,17,3,14,73,42,30,28,57,25,5,2,3,21
S01011870,262,10,1,9,44,37,9,27,68,29,13,11,2,25
S01011871,417,37,7,30,108,60,45,25,67,27,15,8,7,33
S01011872,345,36,6,30,100,77,41,9,42,11,7,4,3,22
S01011873,316,29,6,23,105,68,23,7,48,18,3,3,0,15
S01011874,256,19,3,16,75,61,16,13,40,14,5,3,2,13
S01011875,240,14,3,11,64,60,7,11,47,25,9,7,2,3
S01011876,345,39,8,31,106,63,31,10,50,20,3,2,1,23
S01011877,213,14,5,9,55,50,17,11,33,17,9,8,1,7
S01011878,450,42,8,34,132,63,30,18,48,19,6,2,4,92
S01011879,211,22,2,20,65,35,16,7,29,7,6,6,0,24
S01011880,223,28,6,22,65,28,31,2,38,12,10,7,3,9
S01011881,280,14,2,12,84,56,21,10,47,28,3,0,3,17
S01011882,346,15,5,10,78,84,12,18,73,36,8,6,2,22
S01011883,500,30,7,23,150,90,25,15,69,20,9,7,2,92
S01011884,158,16,1,15,51,30,18,1,18,13,3,2,1,8
S01011885,241,25,2,23,106,42,22,4,26,4,1,1,0,11
S01011886,333,35,5,30,82,73,17,13,54,35,6,5,1,18
S01011887,204,12,3,9,48,37,16,12,45,18,4,4,0,12
S01011888,325,9,2,7,69,58,16,15,82,42,11,6,5,23
S01011889,323,35,5,30,95,81,20,15,37,16,8,6,2,16
S01011890,263,20,4,16,80,47,7,17,43,24,6,4,2,19
S01011891,254,8,0,8,59,42,4,18,61,33,17,10,7,12
S01011892,389,42,2,40,125,89,19,16,51,21,10,5,5,16
S01011893,353,24,4,20,87,105,11,11,63,30,7,4,3,15
S01011894,240,15,2,13,64,52,5,17,46,19,4,1,3,18
S01011895,227,25,3,22,76,43,20,7,27,4,6,6,0,19
S01011896,333,38,5,33,96,68,16,16,45,28,10,7,3,16
S01011897,392,28,3,25,122,101,16,10,51,20,14,12,2,30
S01011898,259,33,5,28,101,53,15,4,25,8,1,1,0,19
S01011899,331,20,2,18,95,92,11,11,59,18,4,3,1,21
S01011900,273,30,1,29,78,70,14,9,49,10,4,4,0,9
S01011901,343,21,4,17,112,74,26,10,61,12,7,4,3,20
S01011902,410,33,5,28,139,98,17,6,62,15,9,8,1,31
S01011903,299,21,6,15,100,85,12,9,44,9,5,4,1,14
S01011904,298,14,3,11,99,73,18,9,43,19,7,6,1,16
S01011905,288,27,6,21,85,74,17,7,34,12,4,4,0,28
S01011906,171,14,2,12,59,42,8,8,27,5,3,1,2,5
S01011907,303,16,1,15,97,74,9,13,64,16,2,0,2,12
S01011908,145,9,2,7,45,33,5,6,29,10,1,1,0,7
S01011909,405,20,2,18,148,91,12,20,67,21,6,5,1,20
S01011910,358,7,2,5,40,56,9,19,107,73,26,13,13,21
S01011911,251,8,3,5,51,48,7,12,66,35,14,12,2,10
S01011912,269,5,0,5,40,49,10,15,77,48,14,9,5,11
S01011913,287,3,0,3,50,41,7,16,90,50,19,13,6,11
S01011914,312,1,0,1,40,57,11,16,88,50,21,13,8,28
S01011915,299,8,1,7,43,61,8,14,81,47,21,16,5,16
S01011916,229,4,2,2,33,42,8,12,53,48,15,9,6,14
S01011917,214,3,0,3,32,43,10,10,65,26,11,7,4,14
S01011918,308,8,1,7,45,30,13,11,83,71,27,21,6,20
S01011919,351,9,2,7,66,62,12,20,84,38,14,9,5,46
S01011920,244,5,0,5,45,37,8,12,74,39,9,7,2,15
S01011921,232,3,0,3,42,35,7,9,61,45,15,6,9,15
S01011922,293,6,1,5,28,51,11,15,96,59,18,13,5,9
S01011923,339,4,0,4,45,63,13,26,87,50,28,20,8,23
S01011924,168,0,0,0,27,37,9,9,47,21,5,2,3,13
S01011925,269,22,2,20,75,55,21,10,43,14,12,9,3,17
S01011926,260,9,2,7,37,61,8,8,80,37,11,9,2,9
S01011927,255,4,2,2,38,54,14,13,71,38,9,7,2,14
S01011928,303,17,5,12,52,54,11,25,73,48,12,8,4,11
S01011929,279,5,1,4,49,58,4,18,73,48,11,9,2,13
S01011930,258,5,2,3,46,49,15,12,61,50,6,4,2,14
S01011931,236,4,0,4,31,23,8,10,65,49,25,19,6,21
S01011932,259,13,1,12,72,53,2,12,47,23,17,12,5,20
S01011933,245,12,3,9,46,40,7,22,49,41,8,6,2,20
S01011934,385,19,4,15,89,72,16,15,86,36,21,13,8,31
S01011935,305,11,0,11,43,46,23,17,64,55,15,10,5,31
S01011936,274,31,5,26,72,44,16,12,45,23,6,4,2,25
S01011937,239,18,3,15,57,42,12,16,46,25,11,8,3,12
S01011938,275,23,3,20,76,50,20,9,41,34,3,2,1,19
S01011939,288,15,2,13,68,48,8,15,65,33,14,9,5,22
S01011940,152,8,2,6,29,22,6,7,35,22,12,6,6,11
S01011941,255,17,5,12,54,37,6,23,58,34,7,4,3,19
S01011942,280,11,0,11,61,38,12,14,62,42,12,9,3,28
S01011943,437,20,4,16,88,62,13,29,99,60,31,23,8,35
S01011944,176,21,3,18,53,30,20,3,23,8,4,2,2,14
S01011945,300,33,3,30,112,62,18,5,36,4,10,9,1,20
S01011946,284,23,4,19,64,45,14,19,55,33,9,5,4,22
S01011947,181,6,0,6,44,41,12,5,42,16,5,4,1,10
S01011948,406,35,6,29,129,65,31,14,52,23,36,29,7,21
S01011949,299,28,5,23,94,68,18,13,56,9,4,2,2,9
S01011950,282,21,4,17,66,63,13,18,52,27,8,6,2,14
S01011951,261,10,0,10,72,62,16,11,57,14,2,2,0,17
S01011952,186,24,2,22,54,48,12,5,28,8,2,2,0,5
S01011953,272,21,4,17,100,57,15,11,35,14,4,2,2,15
S01011954,184,1,0,1,48,52,4,14,39,19,3,2,1,4
S01011955,366,18,3,15,94,78,23,16,77,30,4,3,1,26
S01011956,366,37,7,30,108,84,22,12,65,19,5,5,0,14
S01011957,320,24,5,19,93,54,28,24,53,19,15,12,3,10
S01011958,396,25,2,23,119,70,51,17,61,26,9,5,4,18
S01011959,347,25,4,21,86,71,23,23,56,23,23,21,2,17
S01011960,309,49,4,45,97,53,16,16,40,21,5,4,1,12
S01011961,283,33,4,29,86,50,11,15,42,22,3,0,3,21
S01011962,258,42,6,36,84,49,20,7,29,9,6,6,0,12
S01011963,187,18,2,16,54,34,9,7,40,14,4,1,3,7
S01011964,389,37,10,27,120,85,11,20,60,23,10,6,4,23
S01011965,282,42,7,35,90,53,14,9,32,21,1,1,0,20
S01011966,312,35,2,33,99,66,17,12,38,21,8,7,1,16
S01011967,394,65,11,54,127,71,39,6,43,14,6,6,0,23
S01011968,404,59,5,54,108,94,14,8,57,26,9,4,5,29
S01011969,383,24,5,19,84,69,19,24,92,42,13,7,6,16
S01011970,355,9,2,7,45,52,14,34,114,47,24,14,10,16
S01011971,195,14,2,12,60,34,14,6,36,14,6,0,6,11
S01011972,429,27,3,24,121,69,55,16,74,33,13,9,4,21
S01011973,233,24,8,16,62,47,22,7,39,14,7,5,2,11
S01011974,283,23,5,18,83,61,26,13,44,19,2,2,0,12
S01011975,178,16,3,13,45,24,17,9,44,11,4,3,1,8
S01011976,303,20,4,16,79,48,31,15,58,23,8,5,3,21
S01011977,442,22,2,20,118,48,40,28,94,48,23,18,5,21
S01011978,262,5,1,4,72,33,16,19,63,39,3,2,1,12
S01011979,345,26,3,23,100,59,37,18,57,25,11,8,3,12
S01011980,156,15,3,12,36,27,23,9,22,10,3,2,1,11
S01011981,350,18,1,17,89,54,63,19,61,26,5,3,2,15
S01011982,353,24,2,22,86,55,52,18,72,24,8,5,3,14
S01011983,276,15,4,11,71,42,44,17,48,26,5,5,0,8
S01011984,246,3,0,3,53,30,13,16,55,54,13,12,1,9
S01011985,277,8,2,6,69,44,25,10,69,23,14,11,3,15
S01011986,255,3,1,2,49,24,16,16,69,46,22,16,6,10
S01011987,368,12,3,9,87,64,19,24,85,38,12,10,2,27
S01011988,256,8,0,8,74,49,16,7,49,18,20,19,1,15
S01011989,322,12,3,9,75,59,28,24,70,27,8,7,1,19
S01011990,283,12,5,7,70,71,23,15,53,22,5,5,0,12
S01011991,265,8,2,6,57,44,23,12,67,33,7,5,2,14
S01011992,356,30,2,28,115,62,24,11,64,22,8,6,2,20
S01011993,324,15,8,7,52,55,17,29,77,50,15,12,3,14
S01011994,275,24,8,16,115,48,27,7,23,11,4,2,2,16
S01011995,294,30,4,26,75,61,29,9,54,19,4,4,0,13
S01011996,212,9,2,7,46,36,12,16,47,27,7,7,0,12
S01011997,348,26,5,21,94,57,12,20,60,45,12,7,5,22
S01011998,194,16,1,15,57,54,13,10,30,6,1,0,1,7
S01011999,242,17,2,15,53,44,25,17,50,17,4,2,2,15
S01012000,173,9,1,8,46,53,12,10,24,14,0,0,0,5
S01012001,235,9,1,8,52,52,23,15,45,26,4,1,3,9
S01012002,206,10,1,9,41,46,12,15,48,22,6,4,2,6
S01012003,202,4,2,2,62,36,10,10,43,21,7,2,5,9
S01012004,338,23,5,18,79,82,25,13,61,27,8,5,3,20
S01012005,329,23,6,17,94,79,14,12,59,24,9,5,4,15
S01012006,318,23,5,18,92,33,23,11,32,12,4,4,0,88
S01012007,290,23,3,20,81,43,32,16,53,26,7,4,3,9
S01012008,357,27,7,20,104,45,42,28,60,24,8,7,1,19
S01012009,291,19,4,15,81,34,30,14,58,33,8,6,2,14
S01012010,461,30,5,25,133,54,54,43,63,55,7,5,2,22
S01012011,427,22,3,19,101,45,36,42,109,41,7,2,5,24
S01012012,248,9,1,8,77,39,34,22,40,17,3,1,2,7
S01012013,299,22,4,18,76,45,51,19,38,35,9,6,3,4
S01012014,294,12,3,9,74,27,27,18,66,56,5,3,2,9
S01012015,338,10,3,7,94,55,35,14,73,27,8,3,5,22
S01012016,319,21,4,17,80,44,33,29,61,35,9,6,3,7
S01012017,194,12,1,11,61,22,39,14,21,14,4,4,0,7
S01012018,306,21,4,17,98,29,46,25,56,18,4,3,1,9
S01012019,305,37,5,32,108,64,19,12,37,9,5,3,2,14
S01012020,258,23,1,22,75,52,5,9,33,25,8,5,3,28
S01012021,231,24,5,19,65,40,11,9,32,15,6,4,2,29
S01012022,264,15,2,13,70,54,14,12,59,21,5,4,1,14
S01012023,215,33,9,24,73,37,23,10,13,9,6,4,2,11
S01012024,349,40,7,33,100,87,16,9,38,25,10,6,4,24
S01012025,262,21,4,17,63,66,9,12,58,22,2,1,1,9
S01012026,235,32,9,23,75,50,14,6,22,6,9,7,2,21
S01012027,330,40,10,30,96,68,23,11,40,23,14,9,5,15
S01012028,358,60,21,39,120,73,17,7,32,9,5,2,3,35
S01012029,397,45,13,32,89,79,18,15,72,25,9,8,1,45
S01012030,254,25,3,22,85,44,17,6,25,21,8,5,3,23
S01012031,217,45,9,36,85,40,15,4,16,3,3,2,1,6
S01012032,139,18,2,16,53,31,11,4,10,2,3,3,0,7
S01012033,309,21,3,18,85,77,6,16,57,16,10,7,3,21
S01012034,314,24,5,19,81,52,14,14,55,33,13,7,6,28
S01012035,349,32,6,26,91,79,15,8,68,16,16,16,0,24
S01012036,346,28,7,21,111,82,12,9,40,14,11,8,3,39
S01012037,375,10,2,8,64,68,7,21,90,52,28,14,14,35
S01012038,350,3,0,3,34,39,5,23,90,83,41,29,12,32
S01012039,387,10,2,8,50,70,7,19,105,82,26,21,5,18
S01012040,260,15,4,11,69,62,12,10,42,14,11,9,2,25
S01012041,332,6,1,5,75,66,7,14,80,44,13,6,7,27
S01012042,372,13,0,13,55,73,17,22,95,56,22,17,5,19
S01012043,343,7,1,6,60,52,10,21,78,67,35,25,10,13
S01012044,344,8,3,5,46,67,6,11,80,85,23,15,8,18
S01012045,397,15,3,12,69,90,9,23,77,48,38,28,10,28
S01012046,267,7,2,5,32,52,7,16,65,40,28,21,7,20
S01012047,359,8,3,5,61,60,8,19,75,75,33,23,10,20
S01012048,276,4,0,4,39,57,9,22,70,34,27,22,5,14
S01012049,285,8,2,6,59,68,8,12,63,27,17,12,5,23
S01012050,410,15,0,15,94,108,6,11,67,46,22,11,11,41
S01012051,187,10,3,7,53,47,9,6,28,11,8,6,2,15
S01012052,336,7,3,4,77,72,4,22,83,40,12,9,3,19
S01012053,344,13,3,10,58,66,6,29,89,33,21,15,6,29
S01012054,308,3,1,2,41,41,5,15,84,59,39,22,17,21
S01012055,334,7,1,6,52,64,7,22,83,59,18,11,7,22
S01012056,296,17,1,16,82,68,10,13,52,27,5,3,2,22
S01012057,299,23,6,17,104,76,7,9,38,7,10,5,5,25
S01012058,295,20,4,16,87,67,16,8,46,17,9,6,3,25
S01012059,327,6,0,6,52,61,10,18,82,48,21,11,10,29
S01012060,322,18,3,15,67,57,8,13,63,47,24,21,3,25
S01012061,398,43,6,37,115,82,14,14,51,28,24,18,6,27
S01012062,330,17,3,14,94,86,12,19,50,15,6,4,2,31
S01012063,220,10,2,8,56,44,7,9,48,21,7,5,2,18
S01012064,269,6,3,3,19,26,3,11,53,67,62,47,15,22
S01012065,230,0,0,0,12,14,1,11,55,61,53,43,10,23
S01012066,345,7,2,5,33,53,4,13,95,68,41,29,12,31
S01012067,222,1,0,1,18,23,0,11,71,47,34,25,9,17
S01012068,230,2,1,1,11,30,3,12,44,55,48,40,8,25
S01012069,198,1,0,1,39,29,3,8,40,40,25,19,6,13
S01012070,270,4,2,2,29,47,8,9,62,55,31,22,9,25
S01012071,400,10,1,9,55,64,6,30,84,71,41,34,7,39
S01012072,387,13,0,13,67,51,6,12,92,69,45,34,11,32
S01012073,283,17,3,14,83,56,12,7,46,22,15,8,7,25
S01012074,280,22,8,14,86,78,9,14,29,15,4,3,1,23
S01012075,304,31,14,17,84,83,14,8,27,14,2,1,1,41
S01012076,279,15,4,11,67,67,5,12,56,28,17,12,5,12
S01012077,290,9,0,9,45,56,6,10,72,53,14,10,4,25
S01012078,340,14,5,9,78,92,9,19,49,30,23,18,5,26
S01012079,373,14,3,11,52,80,7,24,77,75,22,14,8,22
S01012080,325,7,2,5,39,59,4,10,87,51,44,31,13,24
S01012081,279,3,1,2,42,46,6,15,70,51,26,20,6,20
S01012082,226,2,0,2,31,45,4,13,64,37,22,15,7,8
S01012083,280,7,3,4,43,48,4,13,77,52,18,9,9,18
S01012084,229,10,6,4,57,65,7,10,34,23,5,3,2,18
S01012085,273,11,6,5,52,86,2,11,55,30,7,4,3,19
S01012086,353,8,3,5,64,72,2,17,93,49,28,21,7,20
S01012087,272,8,1,7,53,59,2,10,68,41,11,6,5,20
S01012088,274,17,4,13,88,63,6,13,40,15,12,9,3,20
S01012089,353,23,4,19,124,104,11,12,36,10,5,3,2,28
S01012090,359,28,4,24,146,89,10,8,29,13,7,5,2,29
S01012091,221,7,4,3,66,59,6,13,36,12,5,5,0,17
S01012092,209,23,7,16,55,59,8,10,29,11,4,3,1,10
S01012093,220,14,4,10,59,60,14,10,33,19,2,1,1,9
S01012094,299,32,7,25,110,70,17,8,32,10,2,1,1,18
S01012095,427,22,5,17,103,93,8,17,80,43,18,16,2,43
S01012096,367,5,1,4,65,61,3,27,110,51,13,11,2,32
S01012097,262,7,1,6,45,61,4,6,66,35,23,14,9,15
S01012098,248,4,2,2,43,47,3,12,60,33,18,9,9,28
S01012099,311,8,3,5,45,58,2,18,83,56,16,6,10,25
S01012100,427,6,1,5,77,80,10,16,118,59,36,31,5,25
S01012101,308,28,3,25,103,64,8,8,57,8,9,7,2,23
S01012102,269,4,1,3,45,46,5,10,73,36,16,11,5,34
S01012103,379,9,3,6,108,94,9,12,72,31,13,6,7,31
S01012104,350,30,8,22,125,70,16,10,44,14,7,3,4,34
S01012105,440,30,9,21,145,99,11,17,60,29,9,6,3,40
S01012106,424,37,9,28,145,113,16,11,40,16,6,6,0,40
S01012107,264,22,4,18,102,48,13,11,24,9,13,10,3,22
S01012108,342,13,4,9,67,59,9,16,74,70,14,7,7,20
S01012109,373,12,2,10,78,69,7,16,80,34,38,22,16,39
S01012110,285,21,6,15,42,68,6,19,64,36,20,12,8,9
S01012111,203,6,0,6,36,43,7,10,40,20,26,17,9,15
S01012112,298,18,2,16,64,81,6,14,47,41,13,8,5,14
S01012113,386,18,1,17,97,102,7,18,74,37,4,1,3,29
S01012114,396,26,5,21,112,70,18,10,34,14,7,5,2,105
S01012115,204,9,2,7,34,54,1,10,56,26,4,3,1,10
S01012116,227,8,2,6,46,52,4,13,49,33,7,3,4,15
S01012117,288,24,8,16,113,72,13,6,30,9,3,3,0,18
S01012118,254,17,6,11,84,61,12,7,37,8,4,1,3,24
S01012119,360,22,7,15,97,114,9,9,49,20,11,11,0,29
S01012120,222,11,3,8,40,41,5,11,45,35,12,10,2,22
S01012121,358,11,2,9,49,73,6,22,85,51,34,24,10,27
S01012122,328,11,0,11,54,64,3,18,75,65,14,10,4,24
S01012123,202,15,2,13,42,38,10,9,34,21,14,7,7,19
S01012124,234,8,1,7,56,62,8,14,37,25,2,2,0,22
S01012125,300,10,1,9,62,44,4,20,63,44,27,15,12,26
S01012126,288,29,5,24,94,62,8,19,30,16,4,4,0,26
S01012127,297,17,5,12,46,67,10,17,50,29,27,18,9,34
S01012128,193,12,5,7,43,37,5,5,45,18,12,9,3,16
S01012129,268,11,5,6,58,60,7,17,41,20,31,24,7,23
S01012130,380,17,5,12,94,90,4,16,63,54,21,17,4,21
S01012131,428,10,3,7,77,77,2,19,60,47,36,31,5,100
S01012132,294,11,3,8,53,32,11,10,59,34,27,21,6,57
S01012133,351,23,5,18,73,43,9,20,47,27,16,10,6,93
S01012134,446,42,9,33,141,85,13,8,55,28,15,9,6,59
S01012135,336,7,0,7,42,60,5,24,87,50,36,27,9,25
S01012136,327,10,2,8,50,64,3,18,78,36,17,12,5,51
S01012137,242,8,2,6,61,48,4,12,42,28,14,11,3,25
S01012138,341,39,5,34,98,81,10,13,26,36,9,6,3,29
S01012139,347,19,5,14,79,96,11,9,55,43,14,10,4,21
S01012140,202,22,4,18,80,43,2,3,24,11,4,1,3,13
S01012141,383,26,4,22,135,95,9,10,53,14,10,7,3,31
S01012142,362,38,8,30,122,89,13,8,48,16,2,2,0,26
S01012143,320,41,7,34,104,77,14,5,30,9,5,4,1,35
S01012144,369,30,8,22,115,104,10,9,48,19,12,11,1,22
S01012145,381,38,6,32,147,84,16,9,42,6,6,3,3,33
S01012146,397,6,0,6,61,62,10,19,93,70,24,15,9,52
S01012147,329,9,3,6,38,65,3,19,77,59,35,24,11,24
S01012148,302,5,0,5,38,50,4,18,70,54,43,29,14,20
S01012149,305,14,1,13,61,71,8,14,60,29,21,19,2,27
S01012150,289,6,0,6,42,60,2,14,66,60,21,14,7,18
S01012151,283,8,1,7,39,49,4,16,77,58,18,14,4,14
S01012152,270,10,2,8,31,50,3,14,70,48,24,18,6,20
S01012153,200,5,0,5,32,34,4,18,51,25,11,8,3,20
S01012154,308,13,0,13,39,53,5,24,76,51,31,21,10,16
S01012155,210,5,1,4,38,30,4,8,51,39,20,14,6,15
S01012156,231,2,0,2,37,32,6,15,67,41,23,15,8,8
S01012157,393,15,4,11,79,73,8,23,81,65,18,12,6,31
S01012158,407,28,4,24,129,82,15,23,63,19,16,11,5,32
S01012159,211,13,2,11,51,58,6,12,42,7,4,4,0,18
S01012160,286,17,3,14,65,90,8,11,49,25,4,1,3,17
S01012161,198,5,0,5,28,18,3,5,68,46,13,10,3,12
S01012162,362,13,2,11,61,61,7,30,82,41,33,25,8,34
S01012163,290,15,2,13,57,57,4,17,57,42,20,13,7,21
S01012164,423,32,10,22,126,112,7,10,70,21,13,10,3,32
S01012165,372,4,1,3,44,70,3,24,100,69,36,27,9,22
S01012166,264,5,1,4,42,49,2,20,72,43,11,7,4,20
S01012167,327,10,2,8,55,85,9,23,74,43,12,4,8,16
S01012168,300,14,4,10,81,85,12,10,60,15,8,7,1,15
S01012169,324,8,3,5,69,89,4,9,73,31,16,13,3,25
S01012170,385,7,4,3,71,97,7,25,94,53,14,8,6,17
S01012171,408,9,1,8,64,87,3,24,128,57,11,8,3,25
S01012172,290,7,1,6,38,73,3,19,69,48,14,9,5,19
S01012173,251,12,3,9,84,69,5,6,33,16,8,7,1,18
S01012174,343,23,5,18,99,82,22,8,54,13,8,6,2,34
S01012175,326,20,0,20,92,89,7,7,57,24,5,4,1,25
S01012176,361,15,6,9,75,98,9,17,85,25,8,6,2,29
S01012177,252,3,1,2,50,79,10,9,54,20,7,5,2,20
S01012178,219,8,0,8,44,86,6,6,32,15,4,3,1,18
S01012179,230,11,4,7,51,50,3,11,41,24,19,15,4,20
S01012180,227,14,3,11,57,52,6,11,45,25,5,4,1,12
S01012181,282,16,8,8,68,62,12,13,54,21,16,12,4,20
S01012182,415,34,4,30,127,89,16,12,68,15,12,9,3,42
S01012183,282,11,4,7,56,64,5,12,65,25,24,21,3,20
S01012184,208,27,6,21,68,38,5,13,24,7,2,1,1,24
S01012185,254,6,0,6,52,56,6,13,37,37,30,22,8,17
S01012186,267,13,6,7,55,45,2,13,61,40,20,13,7,18
S01012187,267,1,1,0,36,64,4,13,68,43,17,9,8,21
S01012188,209,10,3,7,56,62,6,5,35,13,4,2,2,18
S01012189,209,11,1,10,67,49,7,12,34,14,3,1,2,12
S01012190,216,19,3,16,71,62,2,3,33,8,1,1,0,17
S01012191,345,28,7,21,82,98,13,15,62,14,6,4,2,27
S01012192,200,14,4,10,57,54,5,8,22,14,5,2,3,21
S01012193,206,20,7,13,55,50,9,8,36,8,0,0,0,20
S01012194,212,15,5,10,70,58,3,6,29,6,0,0,0,25
S01012195,426,24,5,19,131,134,10,11,52,15,11,8,3,38
S01012196,230,18,2,16,64,51,7,8,37,11,6,3,3,28
S01012197,285,13,2,11,60,64,5,20,60,32,13,6,7,18
S01012198,353,18,6,12,92,91,7,10,61,22,18,13,5,34
S01012199,292,9,4,5,57,76,7,14,71,33,5,5,0,20
S01012200,262,9,2,7,51,76,6,12,59,24,6,3,3,19
S01012201,294,12,1,11,57,59,12,23,62,31,10,5,5,28
S01012202,232,11,3,8,67,51,1,9,51,27,5,5,0,10
S01012203,320,22,5,17,81,99,10,12,44,17,8,8,0,27
S01012204,313,17,0,17,94,87,15,6,42,8,7,3,4,37
S01012205,281,17,4,13,81,64,19,9,51,11,3,3,0,26
S01012206,334,14,4,10,81,74,7,12,75,31,3,0,3,37
S01012207,345,9,2,7,78,103,6,15,76,25,8,5,3,25
S01012208,365,12,1,11,68,97,14,22,64,42,17,11,6,29
S01012209,274,9,3,6,52,64,11,19,60,22,9,5,4,28
S01012210,283,8,2,6,45,88,4,23,61,24,9,8,1,21
S01012211,338,28,6,22,86,74,9,13,56,29,10,6,4,33
S01012212,302,15,2,13,99,89,11,12,50,4,5,3,2,17
S01012213,334,14,4,10,103,108,10,6,58,16,2,1,1,17
S01012214,255,17,4,13,93,77,12,7,21,7,4,1,3,17
S01012215,334,21,4,17,112,95,8,15,34,13,4,2,2,32
S01012216,282,36,8,28,84,68,10,7,28,11,6,3,3,32
S01012217,226,2,0,2,32,39,2,13,57,37,20,15,5,24
S01012218,178,3,0,3,26,27,2,12,38,33,17,9,8,20
S01012219,343,7,2,5,40,67,3,19,80,66,34,25,9,27
S01012220,233,1,0,1,38,41,4,13,58,45,21,17,4,12
S01012221,262,3,1,2,43,54,5,20,62,41,20,16,4,14
S01012222,299,6,3,3,45,76,7,20,72,41,9,6,3,23
S01012223,266,8,3,5,35,66,4,20,60,41,16,10,6,16
S01012224,284,14,3,11,45,61,7,17,67,36,15,11,4,22
S01012225,397,8,3,5,61,79,10,21,107,63,20,18,2,28
S01012226,291,9,2,7,61,82,9,10,62,27,6,4,2,25
S01012227,265,5,1,4,52,71,3,11,52,31,13,8,5,27
S01012228,266,15,3,12,38,66,8,10,77,27,8,5,3,17
S01012229,290,27,3,24,96,63,9,8,42,14,7,3,4,24
S01012230,366,35,8,27,125,102,7,18,35,10,9,4,5,25
S01012231,312,37,5,32,98,63,23,4,35,6,8,6,2,38
S01012232,322,35,2,33,118,73,14,6,33,7,5,3,2,31
S01012233,355,42,8,34,114,86,17,10,40,10,6,4,2,30
S01012234,419,41,7,34,148,95,17,9,45,14,8,7,1,42
S01012235,174,14,1,13,58,54,11,3,16,3,3,3,0,12
S01012236,247,21,3,18,60,53,7,11,41,20,12,8,4,22
S01012237,286,50,9,41,99,59,17,3,22,8,5,4,1,23
S01012238,224,17,3,14,53,39,6,11,46,27,10,6,4,15
S01012239,221,15,2,13,38,33,7,11,55,32,15,11,4,15
S01012240,313,19,5,14,67,46,14,22,63,40,17,11,6,25
S01012241,220,40,2,38,85,36,10,4,15,7,7,7,0,16
S01012242,311,42,3,39,99,73,21,4,24,8,5,2,3,35
S01012243,232,21,3,18,78,56,11,6,28,11,7,6,1,14
S01012244,360,74,16,58,112,42,35,4,43,13,21,21,0,16
S01012245,266,36,5,31,92,49,14,9,38,16,4,3,1,8
S01012246,287,46,4,42,98,47,27,6,30,9,3,2,1,21
S01012247,294,49,5,44,95,39,23,10,35,12,10,8,2,21
S01012248,299,29,6,23,69,51,40,10,46,21,8,4,4,25
S01012249,314,36,4,32,77,43,44,12,50,25,10,5,5,17
S01012250,259,19,7,12,77,41,37,11,31,19,13,9,4,11
S01012251,338,13,0,13,61,50,18,22,84,55,12,8,4,23
S01012252,261,10,2,8,62,34,12,22,72,28,6,4,2,15
S01012253,349,23,5,18,92,60,18,16,76,37,9,6,3,18
S01012254,333,25,6,19,89,54,21,20,73,24,8,5,3,19
S01012255,316,40,7,33,98,45,23,17,47,29,6,4,2,11
S01012256,319,21,4,17,94,63,24,15,52,20,8,5,3,22
S01012257,367,19,5,14,99,57,21,24,77,34,13,8,5,23
S01012258,277,29,2,27,119,60,12,7,21,7,10,7,3,12
S01012259,224,20,6,14,98,33,19,4,27,8,4,1,3,11
S01012260,309,18,2,16,89,46,20,12,68,35,9,6,3,12
S01012261,313,31,9,22,111,60,24,7,45,10,4,1,3,21
S01012262,304,34,8,26,83,58,43,11,48,15,8,5,3,4
S01012263,269,9,1,8,58,29,17,24,68,37,11,3,8,16
S01012264,176,18,1,17,51,34,8,3,37,17,2,2,0,6
S01012265,281,4,2,2,49,32,14,22,66,62,13,9,4,19
S01012266,414,23,6,17,114,76,21,31,75,50,8,5,3,16
S01012267,263,21,4,17,88,41,30,7,45,23,2,1,1,6
S01012268,234,25,8,17,73,29,34,6,30,19,3,0,3,15
S01012269,361,21,2,19,97,68,26,16,69,40,9,7,2,15
S01012270,287,14,6,8,64,41,12,10,73,36,13,8,5,24
S01012271,378,44,10,34,123,68,38,12,41,15,15,13,2,22
S01012272,252,27,5,22,75,48,14,6,46,14,6,2,4,16
S01012273,280,25,8,17,82,63,16,11,45,12,5,3,2,21
S01012274,348,13,1,12,97,67,23,17,61,40,9,7,2,21
S01012275,359,7,4,3,58,44,13,22,64,34,19,12,7,98
S01012276,355,18,4,14,99,58,11,12,79,36,14,9,5,28
S01012277,390,22,6,16,100,60,20,8,91,40,13,7,6,36
S01012278,271,15,3,12,61,41,14,4,52,21,7,5,2,56
S01012279,312,13,3,10,61,44,9,19,67,36,23,19,4,40
S01012280,364,7,2,5,56,64,13,19,101,54,16,8,8,34
S01012281,265,7,1,6,58,47,15,13,79,21,7,6,1,18
S01012282,496,18,4,14,96,84,17,15,59,18,12,10,2,177
S01012283,323,20,2,18,75,65,21,19,52,24,13,5,8,34
S01012284,276,11,3,8,54,42,13,7,61,36,19,13,6,33
S01012285,213,10,2,8,73,53,8,6,34,14,5,4,1,10
S01012286,437,13,4,9,67,46,19,20,104,79,22,14,8,67
S01012287,361,5,1,4,48,30,17,14,103,79,36,18,18,29
S01012288,281,2,1,1,33,35,9,15,79,57,28,16,12,23
S01012289,326,45,3,42,117,49,27,12,39,10,11,9,2,16
S01012290,213,18,4,14,55,36,18,6,44,18,9,6,3,9
S01012291,346,38,11,27,127,60,21,7,55,17,8,6,2,13
S01012292,264,29,6,23,89,45,27,7,37,9,6,6,0,15
S01012293,181,7,1,6,51,36,16,4,39,12,5,3,2,11
S01012294,359,5,0,5,85,71,13,20,90,38,16,12,4,21
S01012295,287,15,4,11,80,60,14,10,53,24,17,12,5,14
S01012296,317,27,7,20,118,46,39,15,35,12,2,1,1,23
S01012297,222,29,10,19,70,40,40,4,20,5,7,4,3,7
S01012298,298,29,4,25,87,68,20,11,50,17,2,0,2,14
S01012299,241,29,3,26,73,39,30,16,29,13,3,3,0,9
S01012300,248,17,7,10,53,32,21,10,58,31,11,8,3,15
S01012301,355,25,8,17,90,58,38,19,55,41,15,11,4,14
S01012302,212,12,1,11,48,37,33,8,44,13,8,5,3,9
S01012303,328,40,4,36,100,52,37,7,49,19,5,4,1,19
S01012304,362,21,7,14,87,59,49,16,70,33,10,7,3,17
S01012305,248,10,3,7,63,46,20,9,60,16,8,8,0,16
S01012306,205,5,4,1,37,26,13,11,53,37,9,6,3,14
S01012307,220,11,0,11,39,51,10,21,47,22,10,6,4,9
S01012308,313,11,4,7,63,60,14,14,79,41,5,4,1,26
S01012309,207,8,1,7,40,30,18,12,47,37,6,4,2,9
S01012310,339,26,4,22,90,48,57,9,62,31,4,2,2,12
S01012311,216,12,2,10,57,29,23,17,40,13,10,6,4,15
S01012312,382,25,4,21,77,64,49,17,83,31,11,9,2,25
S01012313,299,19,3,16,64,54,38,11,60,31,5,3,2,17
S01012314,327,4,0,4,40,45,17,20,109,67,13,6,7,12
S01012315,250,5,1,4,47,35,29,11,64,31,18,15,3,10
S01012316,237,4,1,3,37,18,11,18,83,49,10,2,8,7
S01012317,189,4,0,4,53,28,15,14,39,14,4,3,1,18
S01012318,319,4,1,3,52,37,6,22,99,64,15,9,6,20
S01012319,286,26,5,21,68,46,34,18,45,30,8,3,5,11
S01012320,236,5,1,4,39,32,8,12,68,46,11,6,5,15
S01012321,279,13,1,12,46,46,25,14,78,36,3,2,1,18
S01012322,387,30,6,24,109,70,62,8,53,25,12,7,5,18
S01012323,329,24,6,18,94,64,31,10,54,25,14,8,6,13
S01012324,307,21,6,15,56,52,49,21,59,24,8,6,2,17
S01012325,225,6,1,5,43,41,11,10,71,28,9,2,7,6
S01012326,192,4,1,3,37,31,17,14,45,24,14,10,4,6
S01012327,303,12,5,7,49,43,20,18,91,43,13,11,2,14
S01012328,198,15,5,10,63,30,16,13,39,14,6,3,3,2
S01012329,317,17,2,15,79,49,40,21,59,31,9,6,3,12
S01012330,224,10,1,9,54,43,21,10,47,17,7,4,3,15
S01012331,235,18,4,14,77,39,13,5,47,22,3,2,1,11
S01012332,376,26,5,21,86,63,54,13,72,30,5,5,0,27
S01012333,365,21,4,17,97,67,45,15,65,28,15,9,6,12
S01012334,310,4,2,2,45,48,22,23,93,51,9,4,5,15
S01012335,387,17,6,11,86,72,16,16,102,50,13,7,6,15
S01012336,230,4,4,0,45,29,9,16,72,41,4,2,2,10
S01012337,312,8,2,6,49,50,17,27,85,41,19,13,6,16
S01012338,257,7,1,6,65,46,24,9,52,35,6,3,3,13
S01012339,229,18,5,13,53,41,13,8,38,25,16,8,8,17
S01012340,382,16,4,12,90,52,29,21,92,49,15,7,8,18
S01012341,360,20,6,14,90,62,60,20,53,30,7,5,2,18
S01012342,347,17,6,11,99,57,38,14,66,28,7,6,1,21
S01012343,385,26,4,22,106,64,48,17,71,22,16,9,7,15
S01012344,236,8,1,7,48,47,16,7,55,32,13,8,5,10
S01012345,255,7,3,4,68,50,14,15,42,37,3,3,0,19
S01012346,299,26,1,25,73,49,39,16,43,24,8,6,2,21
S01012347,300,20,9,11,74,56,17,13,68,35,8,3,5,9
S01012348,272,21,6,15,88,47,24,14,38,22,5,3,2,13
S01012349,367,4,1,3,58,43,20,15,109,76,16,8,8,26
S01012350,285,6,1,5,52,47,24,12,79,41,9,6,3,15
S01012351,322,6,2,4,55,48,17,26,86,54,9,5,4,21
S01012352,273,7,2,5,54,40,27,10,72,40,9,7,2,14
S01012353,282,9,1,8,69,38,28,12,66,29,13,8,5,18
S01012354,265,8,1,7,53,36,33,21,46,46,9,8,1,13
S01012355,336,15,5,10,87,57,55,5,49,37,7,6,1,24
S01012356,253,16,3,13,58,55,19,8,51,37,6,5,1,3
S01012357,330,17,1,16,97,55,49,8,55,24,9,6,3,16
S01012358,304,23,5,18,72,31,56,17,48,31,10,9,1,16
S01012359,296,0,0,0,31,35,7,17,87,80,25,18,7,14
S01012360,296,3,0,3,28,32,7,17,89,70,27,21,6,23
S01012361,243,2,2,0,30,16,10,16,66,59,28,13,15,16
S01012362,300,0,0,0,34,23,12,22,79,78,27,21,6,25
S01012363,361,7,2,5,66,48,28,12,66,69,33,26,7,32
S01012364,251,5,3,2,52,45,8,22,49,48,6,4,2,16
S01012365,346,18,3,15,77,84,16,16,60,53,5,2,3,17
S01012366,336,8,2,6,65,54,23,11,87,58,11,10,1,19
S01012367,341,14,4,10,58,65,13,18,73,68,6,4,2,26
S01012368,223,13,1,12,61,51,10,2,43,25,4,1,3,14
S01012369,342,9,0,9,68,62,21,12,70,69,12,6,6,19
S01012370,363,9,0,9,60,50,17,15,87,96,11,9,2,18
S01012371,341,5,3,2,68,50,15,13,80,79,14,9,5,17
S01012372,267,7,1,6,34,47,14,13,67,56,13,10,3,16
S01012373,387,8,2,6,81,70,20,17,79,67,23,17,6,22
S01012374,351,8,4,4,62,56,16,15,91,70,11,7,4,22
S01012375,358,5,1,4,47,47,13,29,90,92,16,9,7,19
S01012376,376,33,6,27,114,58,48,7,57,22,8,4,4,29
S01012377,272,28,6,22,77,52,34,9,32,19,8,8,0,13
S01012378,230,16,6,10,61,35,36,7,31,23,9,7,2,12
S01012379,196,11,3,8,65,22,25,4,42,12,6,4,2,9
S01012380,351,11,7,4,84,65,19,24,78,45,11,8,3,14
S01012381,293,7,1,6,63,52,18,15,80,35,7,6,1,16
S01012382,365,14,3,11,117,75,36,11,64,29,8,6,2,11
S01012383,314,10,1,9,72,75,17,15,67,42,9,6,3,7
S01012384,197,10,3,7,54,39,16,11,38,18,7,4,3,4
S01012385,274,11,2,9,86,46,23,8,53,25,6,5,1,16
S01012386,355,12,0,12,48,60,8,21,94,59,31,20,11,22
S01012387,348,13,3,10,89,56,22,25,94,27,7,5,2,15
S01012388,256,25,9,16,71,37,23,8,59,18,4,4,0,11
S01012389,303,9,4,5,85,45,19,22,77,24,6,3,3,16
S01012390,281,14,4,10,76,52,14,10,77,23,1,1,0,14
S01012391,374,28,8,20,92,72,23,25,75,26,8,4,4,25
S01012392,285,12,6,6,77,57,9,12,79,19,6,5,1,14
S01012393,338,15,4,11,82,55,28,27,83,27,8,6,2,13
S01012394,254,6,2,4,43,40,5,19,73,46,12,6,6,10
S01012395,220,11,2,9,48,37,9,10,68,25,4,3,1,8
S01012396,221,10,4,6,49,42,6,15,62,25,6,6,0,6
S01012397,311,16,1,15,88,46,20,25,71,30,4,3,1,11
S01012398,305,17,3,14,72,54,11,17,86,30,6,5,1,12
S01012399,234,6,3,3,39,42,4,15,69,44,2,2,0,13
S01012400,214,0,0,0,32,31,10,14,74,33,9,4,5,11
S01012401,276,8,2,6,57,37,6,28,86,45,1,1,0,8
S01012402,167,7,1,6,36,35,9,11,46,13,2,1,1,8
S01012403,389,20,4,16,92,64,29,22,104,34,6,5,1,18
S01012404,344,12,3,9,89,52,19,27,88,35,6,3,3,16
S01012405,255,15,3,12,70,53,19,20,55,10,1,1,0,12
S01012406,229,11,1,10,65,32,11,11,57,25,5,3,2,12
S01012407,287,15,2,13,58,54,15,17,85,27,6,5,1,10
S01012408,231,7,3,4,54,42,17,13,55,16,1,1,0,26
S01012409,231,18,3,15,56,27,20,11,60,28,3,3,0,8
S01012410,387,6,0,6,86,64,20,34,103,47,9,4,5,18
S01012411,331,14,1,13,56,63,14,24,93,44,9,7,2,14
S01012412,226,10,1,9,38,30,19,18,71,23,4,1,3,13
S01012413,339,12,4,8,78,44,15,22,98,57,6,6,0,7
S01012414,248,9,1,8,57,22,22,21,86,20,3,1,2,8
S01012415,190,6,1,5,31,25,15,11,67,25,1,1,0,9
S01012416,198,4,2,2,41,24,15,11,60,31,4,3,1,8
S01012417,240,3,0,3,50,37,25,17,60,34,7,6,1,7
S01012418,283,11,3,8,60,45,46,11,59,22,15,12,3,14
S01012419,289,14,4,10,64,39,49,16,46,26,17,10,7,18
S01012420,326,6,3,3,39,42,22,22,97,56,16,11,5,26
S01012421,285,10,2,8,68,39,29,17,56,35,9,7,2,22
S01012422,318,19,5,14,74,44,32,19,65,32,11,4,7,22
S01012423,324,12,8,4,91,46,29,22,66,33,10,7,3,15
S01012424,359,6,1,5,56,54,19,24,93,70,16,9,7,21
S01012425,244,4,2,2,25,19,7,6,76,62,27,24,3,18
S01012426,189,0,0,0,24,29,6,15,46,37,16,9,7,16
S01012427,251,2,0,2,37,19,10,12,78,54,22,16,6,17
S01012428,263,7,1,6,34,46,9,13,89,39,10,8,2,16
S01012429,220,4,0,4,50,38,10,13,52,32,10,7,3,11
S01012430,219,4,0,4,57,33,17,8,56,21,10,7,3,13
S01012431,342,14,3,11,73,54,37,16,78,27,18,15,3,25
S01012432,273,9,1,8,61,43,16,16,55,38,12,8,4,23
S01012433,194,0,0,0,34,39,10,13,46,35,9,9,0,8
S01012434,263,6,3,3,40,44,8,17,64,39,27,16,11,18
S01012435,253,6,3,3,36,36,12,18,80,35,12,6,6,18
S01012436,285,7,1,6,38,45,10,13,76,41,25,15,10,30
S01012437,288,3,1,2,53,47,15,25,72,45,13,11,2,15
S01012438,261,11,2,9,55,47,13,17,62,31,15,8,7,10
S01012439,293,10,4,6,60,57,11,12,59,39,20,12,8,25
S01012440,205,7,1,6,67,44,11,11,35,6,7,4,3,17
S01012441,345,29,5,24,95,52,47,19,50,23,9,6,3,21
S01012442,378,24,5,19,121,59,28,14,73,23,19,12,7,17
S01012443,287,13,5,8,73,56,24,15,51,26,8,5,3,21
S01012444,308,25,5,20,89,51,15,10,44,21,32,28,4,21
S01012445,193,26,7,19,61,32,11,7,21,9,11,8,3,15
S01012446,199,7,2,5,46,45,7,11,46,21,5,3,2,11
S01012447,344,18,5,13,116,82,17,14,49,15,7,5,2,26
S01012448,347,21,4,17,102,77,25,14,51,11,15,9,6,31
S01012449,229,8,4,4,52,48,12,9,55,23,5,4,1,17
S01012450,327,23,3,20,101,48,32,11,41,18,16,14,2,37
S01012451,342,27,7,20,129,79,23,7,38,10,9,7,2,20
S01012452,219,23,6,17,81,43,8,8,33,9,3,3,0,11
S01012453,296,31,7,24,112,68,23,8,26,12,4,1,3,12
S01012454,252,20,5,15,83,67,12,8,35,8,5,4,1,14
S01012455,216,24,2,22,84,49,18,7,15,6,4,2,2,9
S01012456,283,28,9,19,117,56,17,9,27,9,6,4,2,14
S01012457,344,32,4,28,134,73,27,7,44,9,8,5,3,10
S01012458,287,32,5,27,115,46,25,4,32,7,7,5,2,19
S01012459,277,18,2,16,79,67,13,7,52,11,5,2,3,25
S01012460,220,13,2,11,63,65,16,7,38,4,3,2,1,11
S01012461,201,10,1,9,48,32,4,13,50,24,5,5,0,15
S01012462,301,6,1,5,59,33,2,17,89,49,23,15,8,23
S01012463,238,2,1,1,41,39,9,15,61,38,16,10,6,17
S01012464,250,2,1,1,32,33,4,11,83,35,24,14,10,26
S01012465,287,5,2,3,54,41,7,17,76,48,16,10,6,23
S01012466,296,21,3,18,73,46,16,8,69,21,20,13,7,22
S01012467,278,6,0,6,68,38,15,13,75,31,5,1,4,27
S01012468,273,16,2,14,67,61,7,14,56,22,11,4,7,19
S01012469,301,33,9,24,109,64,20,11,36,6,9,6,3,13
S01012470,366,17,3,14,81,66,11,13,97,45,20,16,4,16
S01012471,321,26,2,24,119,62,30,9,32,16,4,3,1,23
S01012472,267,17,7,10,104,59,20,8,35,8,4,2,2,12
S01012473,211,12,2,10,71,45,9,8,35,8,7,4,3,16
S01012474,292,11,3,8,85,56,14,15,54,24,16,14,2,17
S01012475,228,10,4,6,71,59,11,8,40,13,5,1,4,11
S01012476,374,12,2,10,72,81,9,28,95,33,13,8,5,31
S01012477,272,14,4,10,78,75,9,14,48,10,3,3,0,21
S01012478,315,9,0,9,63,72,8,21,79,32,7,5,2,24
S01012479,270,18,3,15,77,52,15,13,49,14,5,3,2,27
S01012480,206,10,0,10,51,30,12,9,37,20,13,7,6,24
S01012481,328,23,5,18,72,51,16,18,56,32,24,21,3,36
S01012482,284,19,6,13,79,39,34,14,44,20,16,12,4,19
S01012483,339,19,5,14,76,34,21,20,79,34,29,21,8,27
S01012484,300,32,5,27,112,53,24,8,35,8,11,8,3,17
S01012485,308,37,7,30,127,54,20,7,30,10,6,5,1,17
S01012486,189,21,6,15,70,37,18,3,24,4,4,3,1,8
S01012487,242,11,3,8,47,35,12,18,65,30,11,9,2,13
S01012488,348,8,2,6,86,79,13,17,76,34,15,14,1,20
S01012489,417,7,1,6,52,33,12,37,115,85,46,33,13,30
S01012490,349,10,3,7,64,61,9,25,73,49,30,23,7,28
S01012491,181,2,1,1,15,18,3,14,53,39,28,22,6,9
S01012492,298,3,2,1,46,31,5,24,78,40,40,30,10,31
S01012493,220,8,1,7,55,33,14,6,46,28,13,11,2,17
S01012494,372,3,1,2,55,46,14,23,99,50,13,8,5,69
S01012495,389,4,1,3,60,68,11,20,103,65,24,13,11,34
S01012496,301,7,4,3,34,40,7,13,95,53,24,21,3,28
S01012497,190,4,1,3,16,17,6,8,65,55,13,12,1,6
S01012498,328,2,2,0,33,27,8,26,92,64,46,30,16,30
S01012499,279,11,4,7,25,51,12,13,68,51,23,18,5,25
S01012500,180,0,0,0,22,22,2,12,48,41,16,14,2,17
S01012501,229,4,1,3,21,17,2,20,69,46,32,20,12,18
S01012502,338,2,0,2,28,26,9,17,97,83,55,36,19,21
S01012503,240,6,1,5,31,24,4,21,68,51,23,13,10,12
S01012504,254,1,0,1,33,34,4,16,77,46,21,7,14,22
S01012505,417,5,3,2,71,69,15,23,117,56,37,25,12,24
S01012506,184,10,2,8,45,37,9,9,44,6,6,5,1,18
S01012507,387,8,3,5,91,65,12,23,106,41,24,13,11,17
S01012508,293,8,0,8,66,54,11,12,75,30,19,12,7,18
S01012509,214,10,1,9,49,46,12,13,46,16,6,4,2,16
S01012510,346,8,2,6,97,71,9,18,77,22,18,10,8,26
S01012511,272,10,1,9,59,60,9,10,69,17,6,6,0,32
S01012512,253,10,2,8,50,42,15,11,56,18,32,23,9,19
S01012513,218,11,4,7,69,53,9,10,46,5,6,5,1,9
S01012514,377,25,2,23,128,85,14,14,53,18,7,4,3,33
S01012515,233,4,0,4,47,45,14,12,65,21,7,5,2,18
S01012516,262,12,1,11,61,55,6,15,62,21,11,8,3,19
S01012517,334,7,2,5,82,51,11,22,87,22,26,18,8,26
S01012518,222,13,0,13,76,41,11,10,30,12,9,4,5,20
S01012519,193,8,1,7,56,33,12,12,35,18,10,6,4,9
S01012520,285,27,8,19,104,47,16,11,38,7,13,8,5,22
S01012521,182,18,3,15,47,37,11,12,37,9,4,4,0,7
S01012522,321,26,6,20,106,66,28,15,42,13,5,3,2,20
S01012523,322,19,4,15,97,68,18,11,62,16,8,5,3,23
S01012524,338,20,4,16,100,79,21,22,55,14,8,6,2,19
S01012525,292,17,5,12,85,73,11,18,41,19,10,3,7,18
S01012526,292,24,1,23,117,61,20,4,37,6,4,2,2,19
S01012527,225,10,1,9,66,50,10,7,53,18,6,4,2,5
S01012528,320,14,3,11,57,47,9,23,78,48,17,13,4,27
S01012529,293,14,2,12,84,47,5,16,59,38,7,6,1,23
S01012530,320,11,4,7,92,94,10,9,62,16,3,2,1,23
S01012531,289,25,8,17,79,53,19,16,42,18,17,12,5,20
S01012532,311,17,6,11,71,58,24,20,62,33,8,5,3,18
S01012533,210,11,2,9,56,52,9,3,41,18,6,4,2,14
S01012534,220,5,2,3,51,45,7,10,50,31,8,6,2,13
S01012535,325,7,2,5,54,54,6,16,89,60,11,5,6,28
S01012536,305,8,2,6,45,53,17,16,69,48,14,11,3,35
S01012537,315,5,2,3,40,39,13,18,77,51,18,7,11,54
S01012538,425,10,3,7,61,67,25,34,118,53,28,17,11,29
S01012539,255,7,1,6,41,41,25,12,70,31,8,4,4,20
S01012540,277,7,1,6,26,38,12,20,83,53,18,11,7,20
S01012541,404,16,4,12,88,64,34,17,108,35,10,6,4,32
S01012542,359,29,6,23,89,54,19,22,65,23,41,38,3,17
S01012543,276,23,2,21,70,61,24,15,44,15,5,2,3,19
S01012544,303,26,6,20,82,51,19,19,55,28,9,8,1,14
S01012545,181,2,0,2,36,19,12,10,45,37,11,4,7,9
S01012546,320,11,4,7,81,75,20,23,53,21,8,3,5,28
S01012547,283,19,0,19,81,57,10,9,50,24,14,13,1,19
S01012548,336,28,3,25,96,77,10,16,64,19,10,7,3,16
S01012549,216,3,1,2,54,26,8,13,62,25,14,10,4,11
S01012550,330,7,2,5,92,46,15,18,77,28,16,7,9,31
S01012551,323,18,5,13,94,91,12,12,57,14,2,1,1,23
S01012552,362,21,3,18,124,83,20,10,57,11,5,3,2,31
S01012553,319,19,4,15,101,68,19,11,60,11,8,3,5,22
S01012554,191,8,3,5,57,46,8,8,32,9,3,2,1,20
S01012555,204,16,3,13,64,55,9,7,23,10,3,1,2,17
S01012556,227,18,5,13,79,39,13,5,38,9,5,3,2,21
S01012557,225,17,5,12,78,50,11,9,32,11,6,4,2,11
S01012558,223,2,0,2,50,38,8,16,61,29,10,7,3,9
S01012559,280,13,5,8,52,42,13,17,78,37,18,10,8,10
S01012560,222,13,1,12,41,53,8,18,45,24,10,5,5,10
S01012561,299,19,5,14,78,53,11,17,57,25,15,10,5,24
S01012562,285,13,3,10,71,50,13,17,53,32,17,11,6,19
S01012563,244,26,6,20,91,51,16,5,29,2,1,1,0,23
S01012564,329,32,5,27,107,58,30,10,48,18,5,5,0,21
S01012565,291,27,2,25,96,53,16,11,48,20,3,3,0,17
S01012566,292,17,3,14,88,51,21,15,49,22,17,10,7,12
S01012567,400,30,8,22,103,77,20,13,80,27,24,13,11,26
S01012568,223,26,4,22,92,34,18,5,19,8,7,5,2,14
S01012569,292,35,3,32,108,44,33,5,24,9,8,6,2,26
S01012570,180,12,2,10,34,29,17,13,47,11,6,5,1,11
S01012571,300,16,3,13,77,43,28,10,76,22,8,5,3,20
S01012572,200,7,1,6,44,33,15,15,42,20,12,8,4,12
S01012573,315,30,5,25,98,53,29,14,57,15,10,9,1,9
S01012574,344,27,8,19,120,61,25,18,50,22,8,5,3,13
S01012575,246,26,5,21,59,45,18,12,52,12,6,3,3,16
S01012576,297,34,7,27,80,44,29,20,51,19,5,2,3,15
S01012577,285,14,0,14,81,43,19,16,63,31,5,3,2,13
S01012578,342,26,7,19,99,55,30,21,55,31,7,6,1,18
S01012579,268,22,7,15,69,38,18,17,52,23,14,7,7,15
S01012580,297,36,8,28,91,45,33,19,37,11,13,10,3,12
S01012581,264,5,1,4,49,48,15,13,64,29,23,12,11,18
S01012582,344,30,4,26,99,50,33,13,56,29,9,4,5,25
S01012583,253,15,6,9,68,45,9,14,51,27,10,6,4,14
S01012584,292,25,9,16,71,48,27,20,46,22,10,7,3,23
S01012585,302,5,1,4,65,42,17,19,76,39,27,17,10,12
S01012586,306,27,4,23,70,56,31,8,53,26,11,7,4,24
S01012587,330,26,4,22,99,60,32,13,55,19,6,5,1,20
S01012588,254,24,6,18,57,53,26,8,47,14,6,3,3,19
S01012589,270,8,0,8,37,68,5,18,64,42,14,10,4,14
S01012590,297,10,3,7,50,48,11,14,85,40,24,18,6,15
S01012591,288,5,2,3,45,45,11,14,85,42,27,22,5,14
S01012592,204,30,6,24,53,50,10,12,28,6,4,2,2,11
S01012593,325,18,3,15,115,84,14,10,37,22,3,1,2,22
S01012594,192,13,2,11,49,40,7,5,41,17,7,5,2,13
S01012595,256,11,1,10,68,52,10,14,47,26,13,8,5,15
S01012596,295,5,2,3,49,59,12,11,63,52,21,14,7,23
S01012597,174,11,0,11,63,35,7,10,22,8,9,6,3,9
S01012598,265,26,4,22,97,56,10,11,27,13,5,5,0,20
S01012599,248,15,3,12,76,53,10,8,38,19,12,10,2,17
S01012600,288,13,4,9,99,79,7,6,45,14,7,6,1,18
S01012601,352,29,4,25,109,94,14,11,44,21,7,4,3,23
S01012602,234,7,1,6,58,45,7,10,44,29,19,15,4,15
S01012603,264,8,2,6,48,65,8,13,48,39,18,13,5,17
S01012604,275,10,3,7,57,43,5,9,74,44,18,12,6,15
S01012605,213,13,1,12,53,46,7,7,40,20,12,9,3,15
S01012606,276,41,5,36,114,58,6,2,28,3,1,1,0,23
S01012607,300,15,2,13,78,55,13,12,56,28,19,8,11,24
S01012608,318,11,1,10,69,55,7,13,74,51,16,11,5,22
S01012609,339,5,2,3,49,66,7,16,86,69,28,19,9,13
S01012610,361,11,3,8,68,69,11,16,81,45,33,29,4,27
S01012611,336,15,1,14,106,57,18,11,67,26,8,6,2,28
S01012612,293,11,3,8,48,72,11,14,47,35,23,19,4,32
S01012613,265,10,1,9,61,52,7,9,56,37,15,10,5,18
S01012614,406,18,6,12,114,98,11,19,69,28,17,11,6,32
S01012615,263,21,5,16,89,47,13,6,42,18,10,8,2,17
S01012616,352,41,10,31,92,68,24,10,56,25,17,12,5,19
S01012617,157,14,3,11,54,43,10,5,11,4,3,2,1,13
S01012618,213,12,2,10,69,30,10,5,48,11,11,8,3,17
S01012619,207,10,2,8,39,42,8,12,48,23,18,15,3,7
S01012620,290,26,1,25,101,59,14,7,46,8,5,5,0,24
S01012621,221,22,4,18,69,50,13,6,34,7,8,6,2,12
S01012622,277,12,4,8,61,58,15,12,72,22,9,7,2,16
S01012623,260,9,0,9,40,48,10,18,66,46,13,12,1,10
S01012624,277,5,2,3,60,53,6,11,68,35,22,13,9,17
S01012625,213,5,2,3,50,36,6,10,57,26,8,5,3,15
S01012626,195,11,1,10,57,39,7,7,40,7,8,6,2,19
S01012627,210,9,4,5,52,33,7,7,41,28,21,14,7,12
S01012628,348,27,7,20,129,74,24,10,37,12,9,6,3,26
S01012629,179,21,3,18,67,28,13,6,21,8,6,2,4,9
S01012630,299,15,2,13,81,56,14,16,45,34,18,12,6,20
S01012631,353,16,3,13,72,45,17,22,92,38,28,20,8,23
S01012632,267,21,2,19,66,58,31,7,50,17,6,6,0,11
S01012633,265,22,5,17,74,41,33,8,49,12,12,9,3,14
S01012634,259,8,0,8,49,53,17,10,61,33,14,8,6,14
S01012635,425,32,5,27,118,78,30,15,85,26,14,8,6,27
S01012636,244,18,1,17,68,43,21,8,43,20,10,9,1,13
S01012637,321,5,1,4,43,53,9,22,79,59,29,22,7,22
S01012638,337,16,2,14,69,55,16,19,78,46,20,12,8,18
S01012639,311,4,0,4,42,59,9,8,104,52,17,9,8,16
S01012640,357,1,0,1,50,42,18,17,107,50,49,31,18,23
S01012641,354,9,1,8,80,50,13,15,99,45,24,14,10,19
S01012642,334,5,1,4,35,32,9,29,102,71,34,28,6,17
S01012643,180,0,0,0,33,22,8,8,49,34,17,10,7,9
S01012644,259,4,3,1,54,34,8,10,81,36,25,20,5,7
S01012645,285,17,3,14,74,57,17,12,52,24,18,12,6,14
S01012646,360,22,4,18,100,73,21,11,82,22,11,6,5,18
S01012647,265,23,5,18,88,67,4,8,38,12,6,3,3,19
S01012648,216,1,1,0,34,32,5,4,78,28,18,11,7,16
S01012649,264,16,1,15,40,41,18,8,67,27,29,26,3,18
S01012650,228,12,2,10,66,46,19,11,38,23,6,4,2,7
S01012651,252,6,1,5,36,41,7,10,72,51,19,9,10,10
S01012652,415,30,10,20,135,98,13,16,69,20,9,5,4,25
S01012653,338,9,3,6,69,49,14,16,87,39,32,26,6,23
S01012654,296,18,1,17,71,82,24,8,45,18,15,8,7,15
S01012655,417,11,4,7,72,84,20,26,96,54,31,28,3,23
S01012656,326,10,4,6,54,59,10,13,87,45,25,18,7,23
S01012657,213,0,0,0,44,51,4,6,49,34,7,5,2,18
S01012658,402,19,5,14,94,116,15,14,85,27,9,7,2,23
S01012659,391,32,4,28,127,93,12,12,61,16,8,6,2,30
S01012660,280,16,3,13,65,45,8,18,67,37,12,7,5,12
S01012661,306,18,2,16,77,65,17,17,56,27,6,3,3,23
S01012662,308,5,1,4,56,52,13,19,72,56,17,13,4,18
S01012663,286,11,2,9,70,68,14,14,52,33,8,4,4,16
S01012664,336,15,1,14,79,64,21,13,70,42,9,6,3,23
S01012665,287,6,2,4,36,45,10,13,75,63,26,22,4,13
S01012666,291,6,3,3,37,37,4,23,77,81,22,11,11,4
S01012667,222,3,2,1,27,41,5,20,51,33,23,15,8,19
S01012668,299,4,1,3,45,63,9,13,71,50,25,17,8,19
S01012669,303,9,2,7,92,76,5,14,57,17,2,1,1,31
S01012670,279,12,2,10,69,72,7,15,57,17,8,4,4,22
S01012671,350,3,1,2,48,66,7,22,93,72,24,17,7,15
S01012672,280,1,0,1,28,43,7,28,75,68,17,8,9,13
S01012673,259,3,0,3,19,41,4,22,77,54,20,10,10,19
S01012674,215,1,1,0,33,29,2,10,52,40,36,24,12,12
S01012675,309,6,1,5,43,49,6,15,82,69,19,15,4,20
S01012676,308,4,1,3,50,66,7,25,83,32,18,11,7,23
S01012677,230,4,0,4,33,35,7,11,62,48,19,15,4,11
S01012678,291,14,2,12,98,56,20,15,48,14,5,4,1,21
S01012679,295,14,4,10,73,63,9,11,69,40,6,3,3,10
S01012680,206,20,1,19,57,38,11,8,37,14,7,3,4,14
S01012681,278,10,1,9,62,59,24,6,47,29,14,9,5,27
S01012682,271,14,3,11,66,66,5,14,55,25,6,5,1,20
S01012683,299,13,5,8,56,54,5,8,90,30,17,9,8,26
S01012684,205,12,2,10,63,43,7,5,38,16,10,7,3,11
S01012685,298,8,2,6,53,60,10,11,75,40,19,8,11,22
S01012686,349,29,9,20,119,82,21,9,44,14,12,9,3,19
S01012687,207,16,3,13,81,56,17,3,15,5,1,1,0,13
S01012688,302,24,5,19,87,73,15,13,41,22,12,6,6,15
S01012689,188,20,2,18,67,27,12,8,24,16,2,2,0,12
S01012690,198,15,3,12,59,35,11,8,39,11,11,7,4,9
S01012691,288,38,5,33,103,52,12,11,33,2,5,4,1,32
S01012692,294,23,7,16,78,47,15,20,57,26,14,11,3,14
S01012693,339,37,8,29,111,78,19,5,41,7,5,2,3,36
S01012694,176,11,3,8,43,31,10,10,50,12,4,3,1,5
S01012695,301,21,6,15,72,60,32,5,53,24,11,7,4,23
S01012696,274,24,5,19,76,47,36,9,27,16,7,6,1,32
S01012697,193,19,5,14,56,29,27,9,28,6,6,5,1,13
S01012698,292,15,3,12,89,66,20,13,58,11,8,3,5,12
S01012699,423,35,4,31,114,77,35,15,69,26,21,15,6,31
S01012700,311,26,10,16,77,70,21,9,61,16,3,3,0,28
S01012701,219,10,3,7,65,64,7,7,37,7,5,4,1,17
S01012702,239,29,5,24,69,37,13,12,35,22,8,5,3,14
S01012703,233,10,1,9,60,45,9,9,46,18,7,3,4,29
S01012704,297,7,3,4,40,45,11,20,84,48,23,14,9,19
S01012705,308,20,8,12,86,91,9,9,41,16,5,5,0,31
S01012706,245,8,3,5,33,41,4,12,81,45,10,10,0,11
S01012707,350,27,4,23,105,100,16,7,50,9,9,6,3,27
S01012708,289,6,3,3,55,51,5,11,70,49,21,8,13,21
S01012709,209,8,0,8,47,46,4,10,40,27,10,5,5,17
S01012710,263,7,1,6,53,44,9,26,68,30,12,10,2,14
S01012711,302,12,5,7,51,47,4,24,64,67,20,17,3,13
S01012712,317,27,2,25,89,85,12,7,50,11,7,3,4,29
S01012713,278,22,6,16,91,72,9,7,38,13,4,3,1,22
S01012714,221,17,2,15,75,67,8,2,30,6,2,2,0,14
S01012715,282,18,2,16,75,58,9,7,52,34,11,6,5,18
S01012716,323,40,8,32,104,77,23,6,33,6,11,6,5,23
S01012717,366,24,4,20,85,88,15,15,73,34,17,9,8,15
S01012718,363,34,8,26,116,63,16,12,63,27,13,10,3,19
S01012719,311,16,5,11,83,59,13,9,59,23,14,5,9,35
S01012720,196,23,4,19,47,41,6,8,39,6,7,6,1,19
S01012721,247,14,3,11,54,56,3,16,51,34,5,4,1,14
S01012722,290,7,1,6,40,51,3,19,79,56,14,12,2,21
S01012723,253,5,1,4,37,48,5,15,63,41,20,16,4,19
S01012724,274,12,1,11,74,52,8,13,74,25,6,3,3,10
S01012725,340,22,9,13,90,74,9,17,51,36,15,10,5,26
S01012726,230,7,1,6,33,59,5,14,51,30,16,7,9,15
S01012727,285,4,2,2,45,30,7,20,78,57,31,23,8,13
S01012728,307,6,2,4,40,48,6,12,91,55,38,22,16,11
S01012729,341,21,3,18,103,66,12,8,71,23,15,10,5,22
S01012730,229,6,3,3,35,40,6,17,63,35,12,7,5,15
S01012731,299,9,1,8,41,58,10,19,82,48,21,17,4,11
S01012732,279,7,2,5,45,53,7,17,80,43,14,8,6,13
S01012733,386,40,8,32,129,90,24,11,39,13,5,2,3,35
S01012734,222,33,7,26,80,46,10,3,17,8,2,1,1,23
S01012735,193,9,1,8,23,38,2,10,48,35,14,8,6,14
S01012736,359,18,6,12,81,77,3,27,94,27,11,10,1,21
S01012737,306,21,4,17,82,68,14,19,61,15,13,9,4,13
S01012738,251,9,0,9,41,39,9,25,52,46,10,5,5,20
S01012739,304,43,8,35,87,74,17,11,29,9,9,5,4,25
S01012740,320,34,3,31,102,65,21,11,39,14,10,5,5,24
S01012741,240,22,5,17,75,66,7,5,35,14,3,1,2,13
S01012742,277,21,1,20,80,85,10,6,47,12,3,2,1,13
S01012743,239,16,2,14,74,71,8,9,39,4,1,1,0,17
S01012744,282,29,4,25,78,85,7,10,30,20,6,3,3,17
S01012745,286,34,7,27,75,77,11,10,37,10,11,9,2,21
S01012746,309,25,8,17,80,68,8,13,54,25,11,7,4,25
S01012747,325,13,1,12,69,57,10,13,71,41,23,15,8,28
S01012748,304,3,1,2,40,36,3,19,89,66,28,23,5,20
S01012749,340,5,1,4,43,44,11,22,87,58,43,35,8,27
S01012750,299,4,4,0,27,43,6,16,95,54,31,18,13,23
S01012751,308,6,1,5,52,59,3,17,85,57,18,12,6,11
S01012752,337,18,3,15,61,53,8,19,81,49,23,10,13,25
S01012753,221,7,4,3,29,27,1,11,62,53,21,14,7,10
S01012754,213,12,0,12,37,37,4,14,47,34,13,10,3,15
S01012755,212,6,2,4,24,37,3,11,65,34,21,17,4,11
S01012756,193,4,2,2,32,51,7,11,45,24,13,12,1,6
S01012757,191,1,1,0,32,29,7,7,51,49,7,6,1,8
S01012758,250,14,3,11,43,52,12,9,56,28,17,12,5,19
S01012759,291,4,0,4,43,52,9,13,87,47,19,16,3,17
S01012760,376,8,1,7,54,81,5,30,86,54,32,20,12,26
S01012761,298,13,3,10,55,61,10,19,64,38,17,9,8,21
S01012762,297,11,2,9,58,71,8,19,70,35,10,6,4,15
S01012763,176,3,2,1,28,25,1,15,54,28,9,7,2,13
S01012764,292,8,3,5,59,54,6,13,71,45,19,15,4,17
S01012765,297,8,3,5,62,50,10,13,85,36,11,11,0,22
S01012766,344,15,7,8,59,65,13,25,80,43,19,7,12,25
S01012767,230,15,3,12,68,57,5,7,51,13,2,2,0,12
S01012768,296,12,3,9,71,93,6,11,68,23,3,2,1,9
S01012769,163,17,4,13,49,39,8,5,23,10,2,2,0,10
S01012770,337,8,2,6,66,85,13,15,73,36,15,10,5,26
S01012771,297,18,4,14,69,56,3,15,64,23,23,14,9,26
S01012772,272,4,1,3,29,52,6,12,80,54,20,13,7,15
S01012773,338,12,3,9,67,53,11,22,91,49,19,13,6,14
S01012774,347,18,5,13,68,73,5,25,80,39,17,13,4,22
S01012775,160,6,2,4,36,31,3,9,48,11,8,5,3,8
S01012776,297,4,0,4,40,46,6,16,86,57,19,13,6,23
S01012777,367,23,4,19,92,82,17,16,70,23,14,12,2,30
S01012778,277,13,2,11,57,61,7,8,50,33,20,17,3,28
S01012779,176,8,2,6,26,27,3,6,41,37,17,8,9,11
S01012780,299,8,3,5,41,41,6,22,82,46,34,21,13,19
S01012781,257,12,1,11,72,49,18,11,49,20,10,6,4,16
S01012782,238,3,0,3,23,40,2,9,59,61,26,19,7,15
S01012783,285,7,0,7,34,47,4,17,71,60,30,17,13,15
S01012784,283,6,1,5,54,51,2,23,83,36,16,10,6,12
S01012785,278,3,1,2,36,37,10,14,75,62,33,23,10,8
S01012786,281,2,1,1,36,34,3,27,67,51,35,19,16,26
S01012787,225,14,3,11,63,38,4,9,51,16,12,8,4,18
S01012788,241,6,1,5,35,26,6,13,51,54,30,23,7,20
S01012789,294,16,1,15,70,64,13,8,56,29,16,8,8,22
S01012790,228,33,3,30,87,41,6,3,28,8,10,8,2,12
S01012791,271,19,5,14,88,68,16,5,40,15,3,2,1,17
S01012792,364,24,3,21,75,85,15,15,61,57,14,12,2,18
S01012793,275,14,5,9,33,35,4,6,65,46,21,17,4,51
S01012794,234,30,3,27,74,46,9,12,32,15,9,6,3,7
S01012795,423,7,2,5,41,54,14,25,122,84,37,29,8,39
S01012796,298,12,1,11,63,62,9,10,61,40,22,12,10,19
S01012797,296,7,1,6,51,34,6,13,78,51,32,21,11,24
S01012798,262,42,9,33,85,49,21,6,25,11,5,3,2,18
S01012799,280,45,9,36,103,53,21,8,23,6,5,4,1,16
S01012800,341,44,6,38,128,57,25,11,34,7,7,5,2,28
S01012801,160,24,2,22,55,30,8,5,17,5,3,3,0,13
S01012802,232,37,1,36,66,50,21,3,17,5,8,7,1,25
S01012803,275,25,8,17,92,78,6,9,21,14,1,0,1,29
S01012804,299,18,2,16,72,62,16,11,62,30,10,8,2,18
S01012805,367,18,4,14,68,65,9,17,89,48,21,13,8,32
S01012806,286,28,5,23,66,57,11,11,46,27,19,12,7,21
S01012807,229,42,7,35,63,42,22,8,10,10,4,2,2,28
S01012808,393,57,10,47,113,80,18,13,57,21,10,6,4,24
S01012809,237,25,2,23,80,39,10,9,42,7,11,5,6,14
S01012810,332,21,7,14,55,85,11,18,72,30,17,11,6,23
S01012811,309,21,5,16,77,61,14,13,53,35,11,9,2,24
S01012812,275,18,2,16,70,61,11,8,48,29,8,6,2,22
S01012813,362,43,7,36,122,86,21,13,38,4,5,4,1,30
S01012814,315,15,2,13,107,78,12,13,43,19,9,3,6,19
S01012815,317,33,6,27,103,77,14,10,40,13,11,5,6,16
S01012816,223,18,4,14,56,44,9,11,40,15,9,7,2,21
S01012817,193,23,8,15,59,49,9,1,24,8,7,5,2,13
S01012818,319,27,5,22,84,68,10,9,65,14,11,8,3,31
S01012819,295,4,1,3,42,41,6,21,88,48,29,21,8,16
S01012820,394,29,3,26,116,91,22,15,58,22,14,9,5,27
S01012821,274,29,2,27,60,60,16,6,42,10,29,25,4,22
S01012822,180,2,1,1,18,28,7,16,52,33,16,12,4,8
S01012823,309,22,4,18,77,73,14,5,69,13,11,5,6,25
S01012824,264,13,3,10,68,63,9,10,46,26,10,6,4,19
S01012825,175,6,2,4,38,28,3,7,42,26,11,8,3,14
S01012826,249,5,2,3,28,33,6,8,60,52,35,26,9,22
S01012827,232,15,2,13,68,55,12,8,29,15,15,11,4,15
S01012828,224,15,1,14,80,58,8,7,34,10,3,2,1,9
S01012829,339,7,1,6,36,57,10,15,98,62,35,28,7,19
S01012830,280,10,4,6,57,50,8,12,71,36,26,22,4,10
S01012831,234,6,1,5,38,43,7,13,63,46,7,6,1,11
S01012832,225,7,2,5,42,42,14,13,50,24,16,11,5,17
S01012833,293,7,1,6,43,51,5,12,83,42,29,19,10,21
S01012834,247,16,2,14,46,52,11,10,54,28,19,11,8,11
S01012835,341,20,4,16,92,73,6,20,62,36,18,13,5,14
S01012836,265,24,6,18,82,56,13,10,37,5,10,6,4,28
S01012837,272,4,0,4,23,52,6,17,76,38,35,21,14,21
S01012838,350,10,2,8,44,46,6,28,91,52,52,31,21,21
S01012839,289,18,2,16,82,73,6,12,65,14,4,2,2,15
S01012840,285,33,4,29,83,74,7,8,44,11,8,8,0,17
S01012841,229,17,4,13,81,49,9,12,31,10,3,2,1,17
S01012842,206,18,5,13,58,45,5,9,40,10,6,5,1,15
S01012843,368,39,5,34,123,74,24,13,41,9,11,7,4,34
S01012844,256,33,6,27,94,41,14,5,23,11,5,3,2,30
S01012845,270,34,3,31,78,49,25,3,34,8,15,10,5,24
S01012846,358,7,0,7,54,81,9,14,81,53,34,28,6,25
S01012847,210,7,1,6,55,54,11,3,37,13,4,3,1,26
S01012848,283,24,6,18,80,60,12,11,49,16,11,7,4,20
S01012849,285,21,7,14,56,65,6,9,59,35,19,13,6,15
S01012850,265,9,3,6,40,52,6,13,60,57,13,11,2,15
S01012851,327,9,2,7,75,71,8,11,74,39,14,12,2,26
S01012852,277,34,6,28,93,76,4,5,25,6,4,3,1,30
S01012853,311,20,7,13,97,73,7,9,53,22,9,6,3,21
S01012854,344,40,5,35,107,84,11,11,45,14,9,7,2,23
S01012855,259,26,4,22,89,49,8,6,44,13,11,7,4,13
S01012856,237,9,1,8,45,58,6,7,49,36,15,11,4,12
S01012857,308,9,1,8,59,77,5,17,78,33,21,19,2,9
S01012858,289,12,2,10,50,63,6,15,69,35,18,16,2,21
S01012859,406,13,2,11,90,91,15,14,73,38,23,16,7,49
S01012860,367,21,7,14,92,87,20,5,67,29,17,12,5,29
S01012861,294,16,5,11,95,57,11,13,49,19,7,6,1,27
S01012862,217,5,3,2,31,46,3,12,55,26,22,12,10,17
S01012863,229,5,1,4,46,39,3,16,46,41,26,16,10,7
S01012864,320,10,1,9,45,74,7,12,72,53,33,26,7,14
S01012865,299,12,0,12,53,67,4,15,70,40,13,10,3,25
S01012866,318,16,6,10,62,72,7,12,65,38,20,13,7,26
S01012867,288,3,2,1,41,42,3,22,74,65,24,21,3,14
S01012868,220,3,1,2,42,42,1,14,57,41,11,6,5,9
S01012869,217,2,2,0,18,33,3,15,57,49,27,20,7,13
S01012870,363,13,4,9,93,93,11,10,85,37,8,7,1,13
S01012871,344,21,4,17,88,95,9,9,63,23,15,8,7,21
S01012872,275,8,3,5,62,81,3,15,53,23,15,8,7,15
S01012873,336,13,4,9,82,93,6,14,59,20,16,12,4,33
S01012874,308,8,3,5,54,57,11,13,74,51,22,11,11,18
S01012875,226,6,0,6,45,44,6,10,47,34,21,13,8,13
S01012876,317,8,6,2,44,66,6,11,98,47,17,15,2,20
S01012877,304,4,1,3,38,77,7,13,72,61,15,10,5,17
S01012878,386,35,10,25,104,114,18,7,56,15,2,2,0,35
S01012879,288,34,6,28,90,57,14,6,30,14,10,4,6,33
S01012880,339,47,7,40,108,75,13,9,38,7,9,8,1,33
S01012881,324,35,5,30,101,86,12,6,42,12,10,8,2,20
S01012882,236,8,2,6,32,43,11,15,60,37,10,9,1,20
S01012883,224,5,1,4,33,30,10,9,61,41,23,11,12,12
S01012884,179,17,5,12,54,25,5,7,25,21,10,8,2,15
S01012885,177,1,0,1,17,30,4,10,52,38,16,12,4,9
S01012886,294,24,3,21,95,65,12,15,38,18,7,6,1,20
S01012887,289,34,6,28,88,64,7,11,45,13,7,5,2,20
S01012888,307,39,4,35,104,61,18,8,21,20,7,4,3,29
S01012889,346,35,7,28,94,68,14,12,55,33,13,12,1,22
S01012890,287,11,2,9,44,44,7,10,75,55,25,19,6,16
S01012891,228,6,1,5,35,40,14,11,64,40,7,4,3,11
S01012892,438,7,3,4,58,82,7,29,102,90,38,20,18,25
S01012893,287,6,1,5,34,51,4,11,94,44,29,18,11,14
S01012894,289,28,6,22,81,61,11,10,47,16,8,3,5,27
S01012895,199,22,6,16,60,32,13,10,28,7,7,6,1,20
S01012896,341,13,4,9,58,90,12,22,86,34,11,10,1,15
S01012897,240,24,2,22,55,53,12,10,50,10,7,7,0,19
S01012898,206,25,5,20,61,44,13,7,25,7,4,2,2,20
S01012899,207,2,0,2,38,49,2,15,48,32,11,5,6,10
S01012900,228,16,4,12,69,51,17,10,21,21,9,7,2,14
S01012901,276,12,5,7,65,63,12,5,58,29,9,6,3,23
S01012902,290,13,2,11,83,72,8,14,48,27,10,3,7,15
S01012903,325,11,3,8,61,78,5,23,71,35,7,1,6,34
S01012904,309,8,3,5,61,81,11,17,62,21,25,15,10,23
S01012905,249,6,1,5,42,52,9,12,63,29,10,6,4,26
S01012906,364,19,3,16,121,90,6,18,56,21,9,3,6,24
S01012907,317,8,3,5,76,73,6,23,70,32,10,7,3,19
S01012908,281,5,0,5,51,63,4,15,55,44,17,11,6,27
S01012909,211,7,2,5,53,61,3,10,42,18,9,7,2,8
S01012910,298,5,0,5,55,67,12,11,74,45,13,8,5,16
S01012911,270,9,2,7,67,60,7,13,68,21,6,4,2,19
S01012912,255,14,5,9,50,61,4,9,59,28,13,6,7,17
S01012913,330,18,2,16,65,89,8,14,69,35,10,3,7,22
S01012914,299,24,3,21,74,56,11,14,60,32,9,5,4,19
S01012915,382,24,4,20,116,85,12,17,65,25,15,5,10,23
S01012916,248,14,1,13,72,61,3,16,38,16,5,3,2,23
S01012917,274,16,2,14,77,79,6,4,47,12,2,2,0,31
S01012918,168,9,1,8,40,42,5,14,32,11,5,2,3,10
S01012919,172,7,0,7,48,47,3,13,29,13,7,3,4,5
S01012920,231,17,3,14,79,68,14,6,31,3,5,2,3,8
S01012921,279,7,2,5,53,75,8,14,63,25,12,4,8,22
S01012922,378,27,8,19,96,85,8,15,73,26,10,4,6,38
S01012923,283,14,4,10,64,73,12,12,50,21,8,7,1,29
S01012924,185,9,2,7,44,47,12,11,24,18,4,3,1,16
S01012925,189,12,4,8,46,61,8,5,25,3,4,0,4,25
S01012926,280,14,1,13,70,71,12,11,48,21,10,2,8,23
S01012927,288,14,0,14,67,66,8,10,55,31,5,3,2,32
S01012928,313,11,5,6,87,83,7,6,53,20,9,6,3,37
S01012929,280,15,3,12,72,83,4,14,50,16,6,4,2,20
S01012930,294,16,2,14,88,67,9,12,40,31,16,7,9,15
S01012931,328,15,1,14,72,93,9,17,59,31,10,6,4,22
S01012932,190,26,6,20,55,32,8,5,26,10,7,5,2,21
S01012933,304,12,0,12,64,73,13,11,68,23,14,12,2,26
S01012934,263,13,3,10,66,64,12,11,50,28,12,8,4,7
S01012935,308,15,3,12,71,78,6,11,67,23,10,4,6,27
S01012936,278,21,4,17,63,65,10,9,46,23,18,14,4,23
S01012937,258,12,3,9,66,62,4,11,48,16,13,9,4,26
S01012938,272,30,5,25,83,51,11,8,32,18,6,3,3,33
S01012939,242,25,6,19,57,63,4,7,36,9,6,5,1,35
S01012940,289,25,5,20,91,74,15,4,38,9,3,3,0,30
S01012941,286,25,8,17,97,72,13,4,30,6,6,5,1,33
S01012942,299,7,2,5,51,63,6,18,76,41,14,7,7,23
S01012943,280,22,8,14,87,55,11,13,43,17,5,1,4,27
S01012944,193,15,1,14,78,48,9,3,15,7,4,3,1,14
S01012945,276,33,3,30,88,62,14,11,25,7,4,3,1,32
S01012946,334,28,4,24,110,85,14,8,40,14,1,1,0,34
S01012947,183,24,3,21,52,40,14,4,12,4,5,3,2,28
S01012948,295,14,3,11,79,81,16,6,49,18,2,2,0,30
S01012949,279,22,6,16,80,72,11,9,36,16,9,6,3,24
S01012950,330,38,7,31,98,87,14,3,31,7,6,3,3,46
S01012951,316,53,14,39,117,60,18,3,26,8,8,7,1,23
S01012952,232,32,5,27,64,49,30,6,14,4,6,4,2,27
S01012953,268,17,5,12,81,77,10,9,36,10,8,6,2,20
S01012954,185,7,1,6,53,56,7,6,32,9,3,1,2,12
S01012955,341,34,8,26,116,85,10,6,40,13,7,6,1,30
S01012956,356,18,1,17,72,90,9,23,49,41,19,14,5,35
S01012957,239,8,4,4,48,60,2,11,49,32,9,5,4,20
S01012958,210,10,3,7,52,54,6,9,38,20,8,7,1,13
S01012959,238,15,3,12,58,58,7,9,48,15,7,7,0,21
S01012960,255,15,2,13,63,55,9,9,54,21,6,4,2,23
S01012961,213,19,8,11,55,66,8,5,29,6,3,1,2,22
S01012962,269,22,5,17,79,79,6,9,35,10,1,1,0,28
S01012963,298,30,8,22,95,71,14,9,39,11,5,4,1,24
S01012964,225,29,7,22,72,45,12,5,23,9,5,2,3,25
S01012965,233,24,3,21,61,49,5,3,47,16,5,4,1,23
S01012966,272,20,3,17,68,46,8,15,48,28,9,2,7,30
S01012967,199,3,2,1,32,42,12,13,44,29,7,5,2,17
S01012968,261,4,0,4,43,68,4,12,69,31,10,7,3,20
S01012969,269,13,2,11,42,58,10,12,62,38,3,1,2,31
S01012970,231,4,0,4,43,48,10,14,61,33,6,4,2,12
S01012971,342,5,1,4,57,61,7,15,78,54,31,19,12,34
S01012972,307,3,1,2,42,74,7,18,75,54,15,9,6,19
S01012973,298,10,1,9,50,68,7,19,80,36,8,5,3,20
S01012974,357,12,2,10,62,58,10,22,97,60,17,12,5,19
S01012975,232,5,0,5,31,55,4,9,70,33,11,8,3,14
S01012976,211,6,3,3,36,46,1,7,63,21,7,4,3,24
S01012977,275,7,2,5,53,49,10,20,67,30,13,8,5,26
S01012978,322,12,3,9,45,54,8,19,70,51,25,20,5,38
S01012979,252,10,2,8,49,39,9,11,66,33,11,10,1,24
S01012980,257,3,0,3,52,53,7,12,58,38,10,4,6,24
S01012981,298,13,4,9,63,66,3,18,61,36,6,3,3,32
S01012982,330,6,1,5,62,90,5,19,74,43,12,6,6,19
S01012983,297,14,1,13,71,78,10,12,53,18,5,0,5,36
S01012984,252,10,0,10,62,53,6,14,55,20,7,3,4,25
S01012985,290,4,0,4,61,70,15,16,60,30,9,8,1,25
S01012986,287,6,1,5,58,72,7,11,64,34,15,7,8,20
S01012987,276,5,1,4,59,61,10,14,68,36,8,6,2,15
S01012988,327,13,3,10,71,71,7,22,63,38,17,9,8,25
S01012989,345,14,2,12,73,103,9,14,58,32,15,7,8,27
S01012990,231,3,3,0,39,59,6,16,47,33,8,5,3,20
S01012991,296,9,1,8,66,72,9,14,55,41,11,5,6,19
S01012992,291,14,4,10,73,60,7,18,62,25,8,3,5,24
S01012993,273,10,2,8,55,67,9,17,60,26,12,9,3,17
S01012994,315,5,1,4,61,69,11,19,71,39,12,7,5,28
S01012995,319,19,6,13,73,83,11,18,60,35,5,4,1,15
S01012996,285,6,1,5,54,53,7,10,77,35,14,7,7,29
S01012997,185,9,2,7,35,42,3,9,47,21,7,3,4,12
S01012998,406,25,10,15,90,99,13,17,76,45,8,3,5,33
S01012999,176,3,0,3,35,36,7,10,38,26,4,2,2,17
S01013000,254,7,0,7,50,50,6,16,72,34,5,1,4,14
S01013001,145,12,3,9,52,20,20,7,15,6,2,1,1,11
S01013002,179,30,2,28,45,26,23,6,16,12,3,1,2,18
S01013003,235,40,1,39,90,38,15,3,21,9,1,0,1,18
S01013004,257,34,3,31,78,36,27,5,28,9,10,6,4,30
S01013005,270,47,5,42,96,37,23,7,25,8,5,4,1,22
S01013006,232,37,8,29,88,34,15,4,20,5,3,2,1,26
S01013007,360,43,2,41,136,63,23,7,40,16,8,6,2,24
S01013008,312,45,11,34,97,47,13,14,36,24,13,6,7,23
S01013009,251,14,2,12,75,49,18,11,47,22,4,3,1,11
S01013010,220,27,7,20,68,37,34,6,19,16,3,0,3,10
S01013011,258,28,3,25,83,37,30,8,33,10,8,4,4,21
S01013012,259,20,3,17,59,43,17,12,55,19,11,10,1,23
S01013013,270,28,7,21,72,40,34,8,48,21,5,3,2,14
S01013014,271,20,4,16,76,35,30,15,50,23,9,6,3,13
S01013015,274,30,5,25,87,45,32,13,18,15,5,3,2,29
S01013016,230,37,6,31,74,39,25,8,21,5,5,3,2,16
S01013017,313,28,5,23,93,42,28,12,63,19,9,5,4,19
S01013018,362,34,6,28,125,66,30,16,33,12,18,10,8,28
S01013019,336,50,9,41,126,55,17,7,41,9,3,0,3,28
S01013020,175,8,1,7,47,35,4,8,34,29,4,3,1,6
S01013021,178,10,1,9,31,38,11,10,40,18,6,6,0,14
S01013022,159,11,2,9,43,31,8,3,36,13,8,4,4,6
S01013023,336,38,3,35,139,59,17,10,37,14,5,4,1,17
S01013024,190,22,7,15,64,37,12,4,26,9,3,1,2,13
S01013025,208,18,3,15,57,28,37,9,17,15,7,7,0,20
S01013026,372,30,6,24,78,79,11,21,73,40,19,15,4,21
S01013027,395,8,2,6,43,58,7,20,110,80,45,32,13,24
S01013028,177,13,4,9,43,28,13,7,32,17,6,4,2,18
S01013029,226,3,0,3,25,32,4,12,74,59,8,7,1,9
S01013030,238,1,0,1,27,40,9,12,51,53,27,18,9,18
S01013031,254,2,0,2,28,33,7,17,65,64,19,10,9,19
S01013032,288,26,7,19,64,63,17,12,57,28,4,4,0,17
S01013033,256,6,3,3,65,47,10,8,63,37,7,3,4,13
S01013034,286,7,1,6,27,49,2,19,86,62,19,14,5,15
S01013035,283,4,1,3,29,32,5,22,81,70,21,13,8,19
S01013036,311,1,0,1,37,34,10,22,90,66,30,18,12,21
S01013037,290,13,3,10,74,80,11,15,53,11,9,4,5,24
S01013038,363,17,3,14,74,51,10,20,91,52,24,20,4,24
S01013039,226,15,4,11,50,56,7,8,31,9,3,3,0,47
S01013040,250,12,1,11,41,57,12,16,75,22,3,2,1,12
S01013041,213,9,2,7,50,41,6,9,54,26,4,1,3,14
S01013042,307,25,5,20,74,65,13,10,59,30,10,9,1,21
S01013043,268,3,0,3,34,39,11,18,64,54,25,20,5,20
S01013044,325,3,0,3,47,48,5,18,101,59,20,14,6,24
S01013045,266,21,5,16,56,57,8,14,48,26,10,6,4,26
S01013046,203,2,0,2,31,44,5,10,55,31,7,7,0,18
S01013047,348,31,7,24,105,83,21,15,55,12,6,4,2,20
S01013048,315,21,4,17,99,74,10,13,54,19,5,2,3,20
S01013049,322,22,4,18,98,77,13,12,62,18,2,2,0,18
S01013050,317,14,6,8,67,57,19,14,68,37,24,17,7,17
S01013051,344,7,1,6,55,80,8,19,89,50,24,16,8,12
S01013052,291,11,0,11,59,60,8,13,63,37,24,19,5,16
S01013053,246,8,1,7,39,39,10,12,68,38,23,16,7,9
S01013054,261,15,4,11,54,59,11,13,59,32,11,8,3,7
S01013055,265,6,0,6,52,45,13,14,62,40,18,9,9,15
S01013056,359,10,1,9,57,65,11,28,85,59,19,17,2,25
S01013057,337,9,1,8,49,54,18,18,89,32,43,26,17,25
S01013058,212,28,6,22,78,43,12,3,23,7,5,4,1,13
S01013059,263,31,1,30,83,53,17,11,33,12,8,5,3,15
S01013060,188,25,6,19,75,29,9,6,14,6,10,8,2,14
S01013061,293,34,5,29,111,64,15,8,31,9,1,1,0,20
S01013062,296,56,7,49,109,47,19,10,17,4,7,6,1,27
S01013063,300,67,7,60,91,40,20,2,20,11,5,3,2,44
S01013064,328,6,2,4,65,70,15,15,86,40,16,11,5,15
S01013065,333,11,0,11,62,59,11,19,67,50,18,12,6,36
S01013066,278,19,6,13,75,44,17,12,42,26,21,11,10,22
S01013067,391,16,2,14,39,22,6,9,27,20,19,15,4,233
S01013068,335,16,1,15,42,36,5,19,57,39,22,15,7,99
S01013069,334,21,4,17,36,18,14,10,39,13,21,16,5,162
S01013070,279,6,0,6,31,23,6,9,36,20,21,15,6,127
S01013071,481,10,2,8,46,16,6,10,30,20,10,9,1,333
S01013072,207,0,0,0,19,26,2,8,61,55,24,17,7,12
S01013073,334,12,1,11,57,33,10,17,62,65,40,29,11,38
S01013074,259,3,0,3,19,15,13,16,70,62,40,26,14,21
S01013075,318,4,1,3,37,35,9,14,77,72,41,34,7,29
S01013076,335,18,4,14,39,26,14,3,30,9,5,4,1,191
S01013077,278,8,1,7,30,43,3,15,70,58,33,19,14,18
S01013078,219,1,0,1,29,37,7,13,46,43,23,18,5,20
S01013079,643,48,7,41,129,80,30,28,86,74,113,105,8,55
S01013080,314,39,9,30,91,51,20,7,28,13,10,5,5,55
S01013081,261,31,4,27,79,64,12,12,29,11,6,3,3,17
S01013082,338,23,0,23,101,94,13,9,62,11,3,3,0,22
S01013083,1192,15,1,14,63,35,10,7,27,9,5,3,2,1021
S01013084,269,36,11,25,89,49,17,5,39,10,8,4,4,16
S01013085,269,13,2,11,40,34,17,9,39,18,6,6,0,93
S01013086,353,57,8,49,89,51,15,11,40,15,9,8,1,66
S01013087,322,54,8,46,103,42,19,3,15,11,7,4,3,68
S01013088,338,48,10,38,136,59,31,10,22,2,5,3,2,25
S01013089,295,22,3,19,66,52,15,13,48,31,17,10,7,31
S01013090,318,32,7,25,79,36,23,7,33,9,11,7,4,88
S01013091,211,16,2,14,47,21,3,8,16,9,7,7,0,84
S01013092,358,41,6,35,104,52,9,11,46,27,13,5,8,55
S01013093,177,23,5,18,62,37,21,4,11,5,1,1,0,13
S01013094,228,26,5,21,96,50,9,2,23,8,2,2,0,12
S01013095,306,54,9,45,124,42,17,7,22,12,3,1,2,25
S01013096,226,13,5,8,48,37,7,11,35,24,5,1,4,46
S01013097,245,39,7,32,86,26,31,10,26,7,7,5,2,13
S01013098,213,49,14,35,74,28,11,4,18,8,3,1,2,18
S01013099,334,42,8,34,132,37,30,14,38,12,10,7,3,19
S01013100,215,41,4,37,84,38,13,6,14,4,5,3,2,10
S01013101,379,26,4,22,85,59,17,27,72,42,27,18,9,24
S01013102,220,21,2,19,90,33,7,2,38,12,4,3,1,13
S01013103,310,36,8,28,111,53,25,6,44,8,7,3,4,20
S01013104,375,44,8,36,135,67,23,10,52,11,7,5,2,26
S01013105,336,57,8,49,116,67,18,7,38,12,7,5,2,14
S01013106,290,20,4,16,82,35,26,14,53,25,13,8,5,22
S01013107,246,32,5,27,91,46,22,7,22,11,3,3,0,12
S01013108,232,22,2,20,56,39,25,8,49,19,5,4,1,9
S01013109,402,39,4,35,110,68,44,16,65,20,16,14,2,24
S01013110,206,15,0,15,65,29,29,9,34,8,8,6,2,9
S01013111,177,23,0,23,65,21,19,2,22,7,1,1,0,17
S01013112,235,15,2,13,57,40,19,10,49,17,7,3,4,21
S01013113,305,15,3,12,66,37,18,12,94,36,11,9,2,16
S01013114,305,17,2,15,77,48,32,14,58,29,9,6,3,21
S01013115,236,9,0,9,63,32,32,10,52,17,7,4,3,14
S01013116,296,24,6,18,107,50,35,9,40,8,5,5,0,18
S01013117,238,13,3,10,66,26,16,19,61,17,5,3,2,15
S01013118,202,24,2,22,56,18,24,15,24,31,3,2,1,7
S01013119,313,24,5,19,77,32,61,16,48,29,7,5,2,19
S01013120,361,19,3,16,84,43,48,18,84,44,3,3,0,18
S01013121,159,8,1,7,33,9,31,10,36,21,5,2,3,6
S01013122,200,5,1,4,25,33,1,7,57,32,27,19,8,13
S01013123,308,11,1,10,63,78,5,12,65,27,25,13,12,22
S01013124,284,6,2,4,63,67,3,16,63,34,14,10,4,18
S01013125,306,14,7,7,66,86,7,7,53,30,18,16,2,25
S01013126,292,2,1,1,36,56,8,13,88,34,29,19,10,26
S01013127,344,2,1,1,40,55,5,20,104,56,40,24,16,22
S01013128,264,10,5,5,57,73,3,13,48,32,14,8,6,14
S01013129,462,9,3,6,107,94,7,27,100,47,35,24,11,36
S01013130,307,7,1,6,50,44,9,10,80,32,44,35,9,31
S01013131,264,9,2,7,39,59,4,10,72,34,11,3,8,26
S01013132,233,5,0,5,42,41,5,11,65,28,18,11,7,18
S01013133,304,9,2,7,49,70,6,11,75,35,27,17,10,22
S01013134,309,15,2,13,71,67,11,18,61,28,16,12,4,22
S01013135,305,3,1,2,33,56,3,15,88,51,37,27,10,19
S01013136,347,2,0,2,55,76,4,14,96,58,25,18,7,17
S01013137,289,9,3,6,40,68,3,12,75,50,13,10,3,19
S01013138,283,4,1,3,39,57,5,12,80,37,30,15,15,19
S01013139,330,10,2,8,34,69,7,11,98,52,18,15,3,31
S01013140,327,6,2,4,50,47,7,21,85,52,28,25,3,31
S01013141,239,8,2,6,43,57,3,8,56,32,17,13,4,15
S01013142,311,6,2,4,45,55,6,19,80,49,27,21,6,24
S01013143,334,11,2,9,68,72,11,15,78,45,14,9,5,20
S01013144,353,10,4,6,60,83,7,19,91,32,22,12,10,29
S01013145,270,12,1,11,56,62,7,13,62,29,15,11,4,14
S01013146,167,7,2,5,33,36,3,9,43,21,7,7,0,8
S01013147,262,4,0,4,50,66,8,10,59,24,7,6,1,34
S01013148,302,13,3,10,81,79,6,9,61,23,12,9,3,18
S01013149,340,18,3,15,64,86,7,20,66,32,12,7,5,35
S01013150,350,14,3,11,59,97,9,11,81,34,17,11,6,28
S01013151,228,9,2,7,67,66,12,7,31,12,10,8,2,14
S01013152,346,18,4,14,65,82,5,23,68,32,26,19,7,27
S01013153,329,9,1,8,39,52,4,16,83,53,38,28,10,35
S01013154,396,10,2,8,68,82,4,18,100,51,31,19,12,32
S01013155,365,7,1,6,38,55,5,21,108,52,42,28,14,37
S01013156,344,3,1,2,49,51,5,22,95,54,38,21,17,27
S01013157,379,6,3,3,47,74,3,24,92,47,55,36,19,31
S01013158,220,9,3,6,67,54,11,4,34,11,11,8,3,19
S01013159,276,7,2,5,89,77,7,9,53,14,3,3,0,17
S01013160,300,17,5,12,69,113,7,3,50,13,4,2,2,24
S01013161,384,16,1,15,78,99,15,18,84,36,17,13,4,21
S01013162,320,10,4,6,64,78,6,17,69,38,23,15,8,15
S01013163,285,10,1,9,73,75,2,12,55,20,8,5,3,30
S01013164,371,21,4,17,73,89,9,21,77,30,20,15,5,31
S01013165,333,17,2,15,80,86,10,20,60,27,9,5,4,24
S01013166,243,2,1,1,26,51,8,10,61,39,27,22,5,19
S01013167,236,5,1,4,35,45,6,8,59,29,32,14,18,17
S01013168,354,4,0,4,38,97,9,29,79,43,32,22,10,23
S01013169,301,7,1,6,54,78,10,12,69,30,22,18,4,19
S01013170,184,3,0,3,24,47,3,7,42,20,30,23,7,8
S01013171,265,19,6,13,66,66,9,4,39,16,11,8,3,35
S01013172,322,11,2,9,59,76,7,11,79,36,17,11,6,26
S01013173,320,13,5,8,79,78,7,12,61,32,13,7,6,25
S01013174,305,15,2,13,100,76,8,14,56,8,2,1,1,26
S01013175,320,28,5,23,103,78,8,8,49,17,7,3,4,22
S01013176,300,14,3,11,79,76,12,12,67,22,4,2,2,14
S01013177,242,9,1,8,81,73,8,5,34,19,3,2,1,10
S01013178,294,16,5,11,91,59,6,17,52,24,6,4,2,23
S01013179,339,12,3,9,82,86,12,15,67,27,11,11,0,27
S01013180,178,8,2,6,54,49,6,7,23,7,3,2,1,21
S01013181,288,19,6,13,79,63,4,14,53,28,6,4,2,22
S01013182,282,11,2,9,49,45,5,15,77,49,17,9,8,14
S01013183,313,20,6,14,101,75,3,10,49,23,11,9,2,21
S01013184,222,3,1,2,18,40,8,13,65,23,31,25,6,21
S01013185,309,3,1,2,69,53,5,18,85,34,18,10,8,24
S01013186,271,3,3,0,29,49,3,16,99,34,24,9,15,14
S01013187,324,6,4,2,66,51,10,24,80,39,26,15,11,22
S01013188,335,19,9,10,94,66,11,20,57,25,14,11,3,29
S01013189,248,18,7,11,63,47,7,7,53,19,6,5,1,28
S01013190,306,18,5,13,76,57,10,18,53,39,13,8,5,22
S01013191,400,32,10,22,121,105,13,16,47,18,7,5,2,41
S01013192,386,24,4,20,104,84,11,13,74,33,14,10,4,29
S01013193,259,12,3,9,72,69,9,11,48,18,10,8,2,10
S01013194,228,9,3,6,54,48,6,10,52,22,4,2,2,23
S01013195,367,12,1,11,90,85,14,19,73,31,7,6,1,36
S01013196,231,15,6,9,76,44,9,15,38,16,5,3,2,13
S01013197,211,10,1,9,62,51,8,9,35,14,9,7,2,13
S01013198,313,10,4,6,62,68,8,15,74,39,19,14,5,18
S01013199,345,28,5,23,106,52,11,22,60,30,11,7,4,25
S01013200,289,12,3,9,62,51,13,9,53,40,36,31,5,13
S01013201,289,2,0,2,34,41,5,8,87,52,46,34,12,14
S01013202,228,6,2,4,42,27,5,9,42,35,33,23,10,29
S01013203,273,10,1,9,53,46,4,14,61,48,23,15,8,14
S01013204,318,10,2,8,79,69,6,11,65,38,11,7,4,29
S01013205,234,0,0,0,34,27,9,16,63,31,37,28,9,17
S01013206,248,3,1,2,39,45,5,14,62,47,12,8,4,21
S01013207,309,7,2,5,69,57,15,12,72,41,17,16,1,19
S01013208,376,7,4,3,54,54,12,29,96,53,44,37,7,27
S01013209,333,15,1,14,75,73,7,18,71,36,19,12,7,19
S01013210,235,19,3,16,59,67,11,4,38,13,6,3,3,18
S01013211,351,15,6,9,62,82,11,26,84,37,17,12,5,17
S01013212,221,9,2,7,58,58,7,7,43,13,5,4,1,21
S01013213,227,9,2,7,54,62,11,11,36,11,2,1,1,31
S01013214,166,7,2,5,51,48,4,10,22,6,6,4,2,12
S01013215,315,12,2,10,63,78,9,21,80,28,8,3,5,16
S01013216,234,2,0,2,23,51,3,12,70,33,25,17,8,15
S01013217,287,6,3,3,32,53,6,17,80,54,13,7,6,26
S01013218,247,2,2,0,24,31,7,19,77,41,30,19,11,16
S01013219,221,1,0,1,32,27,3,11,74,32,19,7,12,22
S01013220,257,3,1,2,31,38,7,15,84,41,21,13,8,17
S01013221,362,13,3,10,40,64,20,22,93,54,26,18,8,30
S01013222,246,3,1,2,33,44,6,12,59,57,19,12,7,13
S01013223,401,18,8,10,76,80,10,18,79,57,35,26,9,28
S01013224,321,11,1,10,64,62,10,22,81,36,15,12,3,20
S01013225,319,10,0,10,51,40,9,21,80,52,28,22,6,28
S01013226,204,8,2,6,56,47,6,9,40,18,4,3,1,16
S01013227,261,6,0,6,36,37,8,27,77,36,19,16,3,15
S01013228,287,6,2,4,61,53,6,14,72,40,22,10,12,13
S01013229,301,9,1,8,44,60,3,17,81,51,21,11,10,15
S01013230,256,9,1,8,46,73,0,13,61,37,7,5,2,10
S01013231,306,4,1,3,72,69,9,21,56,38,19,14,5,18
S01013232,277,8,3,5,52,58,9,10,64,53,10,9,1,13
S01013233,214,7,1,6,51,42,6,12,45,24,13,10,3,14
S01013234,151,9,4,5,62,33,7,4,20,6,1,1,0,9
S01013235,304,16,4,12,71,75,11,11,62,29,9,8,1,20
S01013236,354,16,1,15,101,81,31,13,52,20,13,13,0,27
S01013237,313,9,1,8,81,69,16,9,62,26,12,10,2,29
S01013238,298,5,1,4,31,47,6,16,89,54,30,17,13,20
S01013239,365,5,1,4,49,43,6,25,99,70,37,24,13,31
S01013240,213,3,2,1,31,16,1,13,65,46,25,14,11,13
S01013241,335,18,7,11,117,90,13,11,46,11,7,4,3,22
S01013242,224,24,3,21,58,39,22,14,36,10,7,5,2,14
S01013243,291,10,6,4,39,51,8,18,89,48,13,8,5,15
S01013244,287,4,1,3,43,48,18,13,71,53,20,13,7,17
S01013245,381,24,6,18,65,88,16,26,82,48,12,5,7,20
S01013246,181,10,4,6,28,41,9,10,42,29,6,5,1,6
S01013247,298,11,2,9,38,44,4,16,90,59,26,19,7,10
S01013248,243,5,2,3,29,49,4,11,68,48,14,4,10,15
S01013249,169,5,1,4,36,31,3,10,36,29,10,4,6,9
S01013250,332,27,3,24,96,40,29,13,56,34,16,12,4,21
S01013251,271,8,1,7,35,40,2,14,75,55,21,14,7,21
S01013252,260,13,6,7,49,36,13,12,58,49,11,10,1,19
S01013253,266,8,1,7,54,59,6,12,52,47,8,4,4,20
S01013254,243,7,1,6,24,38,14,18,54,53,19,15,4,16
S01013255,337,9,3,6,66,74,11,12,79,50,13,8,5,23
S01013256,269,22,6,16,67,52,17,9,56,18,16,11,5,12
S01013257,296,13,1,12,67,58,15,10,67,30,12,6,6,24
S01013258,302,18,4,14,72,77,10,14,57,21,10,8,2,23
S01013259,327,10,2,8,58,83,10,19,71,48,9,5,4,19
S01013260,344,10,4,6,47,61,8,22,70,64,38,26,12,24
S01013261,303,4,1,3,32,62,8,23,91,51,13,7,6,19
S01013262,251,10,3,7,35,60,1,18,62,44,12,6,6,9
S01013263,191,25,9,16,60,45,14,8,18,5,5,1,4,11
S01013264,187,18,4,14,61,43,7,3,14,5,9,6,3,27
S01013265,239,33,9,24,74,49,17,4,19,3,9,6,3,31
S01013266,210,26,2,24,61,56,8,7,24,6,5,3,2,17
S01013267,218,8,4,4,43,47,7,8,53,23,12,8,4,17
S01013268,325,11,2,9,75,75,13,23,63,31,14,10,4,20
S01013269,371,28,5,23,120,89,16,7,53,18,12,7,5,28
S01013270,306,43,9,34,92,85,12,6,35,5,3,2,1,25
S01013271,235,31,6,25,86,64,9,7,15,4,5,3,2,14
S01013272,269,35,6,29,89,56,17,9,31,7,6,1,5,19
S01013273,306,50,10,40,87,76,19,8,34,12,1,1,0,19
S01013274,314,29,6,23,83,96,10,14,43,10,8,4,4,21
S01013275,263,19,2,17,71,74,23,9,32,12,4,4,0,19
S01013276,230,14,3,11,60,80,8,7,34,9,5,3,2,13
S01013277,365,6,4,2,67,66,13,17,99,49,20,12,8,28
S01013278,322,5,1,4,44,68,12,21,84,46,15,9,6,27
S01013279,287,5,1,4,39,51,5,16,84,36,25,21,4,26
S01013280,205,7,2,5,42,55,6,9,46,21,3,2,1,16
S01013281,369,9,2,7,41,71,16,16,103,67,15,14,1,31
S01013282,323,4,0,4,42,65,6,25,84,45,32,16,16,20
S01013283,239,15,0,15,38,45,7,13,56,32,14,11,3,19
S01013284,266,17,2,15,78,84,10,9,40,8,3,1,2,17
S01013285,275,22,1,21,71,79,3,12,41,24,3,1,2,20
S01013286,270,22,0,22,80,68,10,10,42,19,2,2,0,17
S01013287,305,42,8,34,96,76,13,9,26,12,1,0,1,30
S01013288,246,18,4,14,51,65,14,10,43,20,11,9,2,14
S01013289,293,42,4,38,74,69,29,5,37,14,7,4,3,16
S01013290,339,28,7,21,81,78,15,10,61,34,14,8,6,18
S01013291,262,17,2,15,60,59,16,16,54,20,6,0,6,14
S01013292,301,12,6,6,67,81,16,12,54,24,9,4,5,26
S01013293,284,20,3,17,83,78,16,9,43,9,0,0,0,26
S01013294,290,23,6,17,56,81,11,15,48,22,9,7,2,25
S01013295,316,15,2,13,70,97,16,15,56,19,6,6,0,22
S01013296,280,7,2,5,32,57,7,16,70,58,12,7,5,21
S01013297,274,14,3,11,49,79,5,22,46,24,10,7,3,25
S01013298,249,11,2,9,48,71,18,13,34,31,9,7,2,14
S01013299,415,16,2,14,90,90,18,21,93,43,16,8,8,28
S01013300,228,8,0,8,40,44,8,17,58,32,7,4,3,14
S01013301,186,4,1,3,32,44,5,10,46,28,11,7,4,6
S01013302,237,16,2,14,52,59,14,8,42,28,6,4,2,12
S01013303,348,20,6,14,85,85,10,17,61,49,5,4,1,16
S01013304,348,9,1,8,53,55,6,32,83,62,23,11,12,25
S01013305,371,8,5,3,52,78,10,24,83,73,23,18,5,20
S01013306,364,3,1,2,31,56,9,17,103,65,52,38,14,28
S01013307,398,11,3,8,51,60,7,25,97,77,45,30,15,25
S01013308,364,8,2,6,25,63,13,21,105,67,27,17,10,35
S01013309,233,22,8,14,51,52,12,11,38,19,13,12,1,15
S01013310,255,7,0,7,48,52,7,16,62,37,13,6,7,13
S01013311,325,6,1,5,42,66,11,27,93,39,16,11,5,25
S01013312,395,7,1,6,64,72,16,22,84,75,26,21,5,29
S01013313,271,8,2,6,37,60,4,12,71,42,19,17,2,18
S01013314,270,8,3,5,39,59,9,13,66,46,7,4,3,23
S01013315,189,33,10,23,59,38,8,4,22,6,5,5,0,14
S01013316,263,28,8,20,62,76,9,14,38,10,9,8,1,17
S01013317,210,9,3,6,51,62,12,8,36,15,4,1,3,13
S01013318,232,27,2,25,64,57,5,11,35,14,6,5,1,13
S01013319,211,18,4,14,54,51,12,12,30,10,12,10,2,12
S01013320,367,35,7,28,106,80,17,19,53,23,11,9,2,23
S01013321,172,5,1,4,36,40,7,15,25,19,16,7,9,9
S01013322,283,6,2,4,49,82,10,17,55,33,6,4,2,25
S01013323,381,17,3,14,62,81,15,17,73,61,23,13,10,32
S01013324,250,5,1,4,36,46,6,7,70,36,23,13,10,21
S01013325,381,8,2,6,55,58,11,21,97,59,39,28,11,33
S01013326,225,3,0,3,22,38,5,13,67,46,10,8,2,21
S01013327,282,3,2,1,29,51,9,25,76,50,17,12,5,22
S01013328,236,3,1,2,25,37,6,26,64,51,13,8,5,11
S01013329,208,2,0,2,39,32,4,15,56,36,8,7,1,16
S01013330,392,25,5,20,98,101,15,17,60,29,11,7,4,36
S01013331,225,16,4,12,44,64,11,11,38,18,12,8,4,11
S01013332,270,7,0,7,45,56,9,12,69,41,9,5,4,22
S01013333,309,13,2,11,80,82,8,12,61,23,9,5,4,21
S01013334,291,6,1,5,40,50,7,25,73,54,20,12,8,16
S01013335,301,5,0,5,31,50,5,10,94,55,28,15,13,23
S01013336,336,3,1,2,39,50,12,19,83,70,33,19,14,27
S01013337,358,22,4,18,93,93,12,17,50,38,13,9,4,20
S01013338,189,18,5,13,64,43,5,4,20,7,7,7,0,21
S01013339,239,19,1,18,67,67,4,13,37,10,8,2,6,14
S01013340,334,28,9,19,71,102,15,15,53,19,6,6,0,25
S01013341,328,50,13,37,94,76,25,9,42,9,10,6,4,13
S01013342,221,3,0,3,23,51,3,10,67,34,16,12,4,14
S01013343,255,8,2,6,50,58,8,14,59,32,10,8,2,16
S01013344,315,4,1,3,47,62,10,25,72,52,20,16,4,23
S01013345,281,5,2,3,41,52,2,18,69,54,20,9,11,20
S01013346,304,28,7,21,66,86,13,4,58,14,9,7,2,26
S01013347,274,11,2,9,68,77,11,12,47,28,8,3,5,12
S01013348,171,13,4,9,55,51,9,5,18,5,1,1,0,14
S01013349,301,21,4,17,61,56,9,21,45,42,22,19,3,24
S01013350,259,6,0,6,44,57,10,13,62,38,12,6,6,17
S01013351,308,20,11,9,58,87,4,12,69,33,9,5,4,16
S01013352,363,15,3,12,66,89,13,14,88,33,17,10,7,28
S01013353,266,8,1,7,44,51,8,15,62,44,18,12,6,16
S01013354,284,21,7,14,73,70,10,10,54,29,6,3,3,11
S01013355,256,15,1,14,45,51,14,13,48,37,11,7,4,22
S01013356,283,6,3,3,46,44,9,12,74,55,26,10,16,11
S01013357,318,15,2,13,76,88,10,15,63,24,10,6,4,17
S01013358,310,14,5,9,52,53,16,24,80,45,13,8,5,13
S01013359,243,8,4,4,36,31,5,14,65,49,19,17,2,16
S01013360,271,4,1,3,39,48,6,18,78,47,17,9,8,14
S01013361,241,7,4,3,26,49,0,20,70,41,8,8,0,20
S01013362,197,2,0,2,27,29,6,12,55,37,11,7,4,18
S01013363,279,3,1,2,24,55,7,16,73,55,30,19,11,16
S01013364,345,24,5,19,70,58,15,24,71,49,12,11,1,22
S01013365,323,17,4,13,77,94,19,16,53,30,3,1,2,14
S01013366,355,9,2,7,78,95,9,22,58,41,9,6,3,34
S01013367,232,10,1,9,54,51,19,9,32,30,6,6,0,21
S01013368,281,15,7,8,47,51,18,6,58,45,16,11,5,25
S01013369,354,8,2,6,37,70,7,20,108,57,27,22,5,20
S01013370,222,5,0,5,38,31,9,10,50,50,15,12,3,14
S01013371,257,5,2,3,32,54,7,17,69,49,10,6,4,14
S01013372,424,5,3,2,39,61,5,16,130,94,47,25,22,27
S01013373,340,13,3,10,56,67,12,19,82,43,30,18,12,18
S01013374,357,2,0,2,34,60,7,15,88,90,42,25,17,19
S01013375,225,3,1,2,29,54,1,20,59,41,7,6,1,11
S01013376,226,5,1,4,31,47,8,15,54,46,15,11,4,5
S01013377,281,8,1,7,38,62,6,14,73,55,14,8,6,11
S01013378,386,16,6,10,75,80,9,18,79,45,27,17,10,37
S01013379,346,9,1,8,66,76,17,19,87,38,15,11,4,19
S01013380,46,3,0,3,10,10,3,2,3,4,9,9,0,2
S01013381,195,4,1,3,25,31,9,6,59,41,8,5,3,12
S01013382,206,5,1,4,28,44,10,17,56,26,7,2,5,13
S01013383,261,6,2,4,41,47,4,14,64,48,17,13,4,20
S01013384,288,12,4,8,50,57,12,10,63,53,18,15,3,13
S01013385,187,8,3,5,48,50,6,7,34,18,7,7,0,9
S01013386,336,18,4,14,104,76,14,12,64,25,4,2,2,19
S01013387,214,8,4,4,26,41,2,12,56,36,19,8,11,14
S01013388,274,12,4,8,40,55,10,14,60,57,16,14,2,10
S01013389,301,8,0,8,58,71,6,22,71,34,8,4,4,23
S01013390,174,1,0,1,29,40,1,9,49,33,8,4,4,4
S01013391,166,14,2,12,39,33,4,4,39,13,10,7,3,10
S01013392,274,23,5,18,76,81,15,11,39,10,4,3,1,15
S01013393,260,11,4,7,45,41,8,19,67,42,17,7,10,10
S01013394,258,9,1,8,37,50,11,16,57,39,24,18,6,15
S01013395,257,4,2,2,24,32,2,14,65,56,48,30,18,12
S01013396,249,20,5,15,71,66,17,10,35,12,7,4,3,11
S01013397,333,13,3,10,68,76,8,10,60,59,25,20,5,14
S01013398,214,23,1,22,46,61,10,10,31,9,5,5,0,19
S01013399,394,30,6,24,106,86,13,19,70,33,14,9,5,23
S01013400,249,11,1,10,46,54,5,13,70,27,13,10,3,10
S01013401,314,32,10,22,98,72,11,9,40,27,14,11,3,11
S01013402,386,47,7,40,130,98,9,15,41,19,6,5,1,21
S01013403,317,33,6,27,110,71,15,9,38,18,4,2,2,19
S01013404,215,19,4,15,52,40,10,10,47,15,5,4,1,17
S01013405,264,12,1,11,48,68,9,16,55,33,8,2,6,15
S01013406,244,5,0,5,32,48,4,15,60,47,26,18,8,7
S01013407,199,4,3,1,30,42,3,11,53,31,10,7,3,15
S01013408,247,3,0,3,34,61,6,11,61,33,25,14,11,13
S01013409,418,17,5,12,95,90,23,21,83,44,16,8,8,29
S01013410,262,5,3,2,23,49,4,17,66,46,31,15,16,21
S01013411,272,22,1,21,61,54,12,8,54,32,16,10,6,13
S01013412,313,15,8,7,76,69,5,18,47,32,18,11,7,33
S01013413,276,36,9,27,95,52,10,10,37,16,3,3,0,17
S01013414,317,17,2,15,70,63,8,22,58,39,29,19,10,11
S01013415,248,3,1,2,45,59,12,22,52,40,11,7,4,4
S01013416,225,6,3,3,42,38,7,11,57,24,21,15,6,19
S01013417,327,15,3,12,80,65,10,24,66,35,12,7,5,20
S01013418,234,19,2,17,39,46,12,12,42,30,14,9,5,20
S01013419,189,13,2,11,55,57,8,5,27,6,6,3,3,12
S01013420,224,10,2,8,43,67,7,9,47,18,11,6,5,12
S01013421,286,21,5,16,80,81,9,14,41,18,5,3,2,17
S01013422,288,5,0,5,49,76,9,12,77,29,5,4,1,26
S01013423,324,16,2,14,73,80,8,15,60,28,13,10,3,31
S01013424,187,11,4,7,61,56,5,1,28,11,2,2,0,12
S01013425,167,12,0,12,46,39,7,5,30,16,5,3,2,7
S01013426,323,8,1,7,43,85,8,12,68,65,18,12,6,16
S01013427,161,18,4,14,67,25,13,5,18,3,3,1,2,9
S01013428,352,9,3,6,57,58,11,24,83,64,26,14,12,20
S01013429,269,13,2,11,51,62,10,20,64,27,9,7,2,13
S01013430,265,17,1,16,50,67,13,15,45,31,17,13,4,10
S01013431,262,11,3,8,38,43,18,12,67,45,16,7,9,12
S01013432,283,21,5,16,76,49,16,8,51,35,11,4,7,16
S01013433,285,32,8,24,83,51,16,12,55,20,3,1,2,13
S01013434,198,29,3,26,66,30,23,9,21,3,3,3,0,14
S01013435,238,36,10,26,94,48,11,3,18,8,2,1,1,18
S01013436,329,21,2,19,65,68,12,13,76,39,8,6,2,27
S01013437,267,16,2,14,69,54,9,12,43,30,9,6,3,25
S01013438,222,18,4,14,49,48,6,12,46,19,9,6,3,15
S01013439,363,47,4,43,136,79,21,9,38,8,5,2,3,20
S01013440,394,67,7,60,141,91,17,7,27,11,2,0,2,31
S01013441,269,48,11,37,111,46,15,7,20,4,7,6,1,11
S01013442,325,39,4,35,93,69,13,9,56,22,8,6,2,16
S01013443,221,31,2,29,72,32,11,7,36,14,8,5,3,10
S01013444,363,39,6,33,94,54,25,25,75,28,14,11,3,9
S01013445,204,40,5,35,67,44,11,3,20,3,6,4,2,10
S01013446,257,14,2,12,41,70,10,13,58,30,8,7,1,13
S01013447,210,43,9,34,68,44,6,7,16,3,2,1,1,21
S01013448,293,41,9,32,98,63,15,11,36,12,7,6,1,10
S01013449,257,32,6,26,72,74,9,7,38,13,0,0,0,12
S01013450,228,26,1,25,83,50,10,11,24,8,2,2,0,14
S01013451,338,48,9,39,109,69,13,7,32,7,8,6,2,45
S01013452,283,44,3,41,80,64,19,1,32,9,3,3,0,31
S01013453,276,12,4,8,44,41,7,13,75,53,14,6,8,17
S01013454,286,30,5,25,88,66,18,10,44,14,6,5,1,10
S01013455,202,18,0,18,60,39,20,4,32,15,6,4,2,8
S01013456,306,23,6,17,59,53,11,16,74,42,10,7,3,18
S01013457,352,6,0,6,43,71,11,16,80,72,25,10,15,28
S01013458,273,18,3,15,56,70,9,12,55,32,8,2,6,13
S01013459,308,14,1,13,64,65,10,17,63,45,11,6,5,19
S01013460,315,7,3,4,55,77,9,9,72,63,11,7,4,12
S01013461,396,19,2,17,89,84,6,27,73,51,21,10,11,26
S01013462,336,23,6,17,96,71,10,17,67,28,5,3,2,19
S01013463,212,11,2,9,34,47,6,8,54,26,14,6,8,12
S01013464,288,17,4,13,75,66,12,16,46,28,6,5,1,22
S01013465,262,12,2,10,45,87,11,8,47,27,8,5,3,17
S01013466,217,15,1,14,33,11,9,1,20,11,5,4,1,112
S01013467,342,51,10,41,91,77,14,6,51,20,11,8,3,21
S01013468,249,15,6,9,53,55,11,8,58,25,10,8,2,14
S01013469,304,22,3,19,64,77,14,12,65,31,7,7,0,12
S01013470,277,6,2,4,45,50,13,18,80,45,8,7,1,12
S01013471,366,10,1,9,54,74,11,24,98,51,16,10,6,28
S01013472,221,29,5,24,56,52,16,7,28,10,6,3,3,17
S01013473,238,37,9,28,67,53,9,10,24,11,5,4,1,22
S01013474,232,19,3,16,60,64,10,2,32,19,9,5,4,17
S01013475,239,10,3,7,53,54,10,10,58,18,8,4,4,18
S01013476,251,8,1,7,51,77,5,11,53,29,6,4,2,11
S01013477,216,11,3,8,39,42,11,12,44,40,9,5,4,8
S01013478,312,15,0,15,75,67,6,11,71,31,13,9,4,23
S01013479,309,8,1,7,41,66,12,15,91,53,14,10,4,9
S01013480,263,10,3,7,29,56,3,16,80,43,10,3,7,16
S01013481,179,9,3,6,43,38,9,9,36,18,4,4,0,13
