,All males aged 16 to 74,1. Higher managerial administrative and professional occupations: Total,1. Higher managerial administrative and professional occupations: 1.1 Large employers and higher managerial occupations,1. Higher managerial administrative and professional occupations: 1.2 Higher professional occupations,2. Lower managerial and professional occupations,3. Intermediate occupations,4. Small employers and own account workers,5.  Lower supervisory and technical occupations,6. Semi-routine occupations,7. Routine occupations,8. Never worked and long-term unemployed: Total,8. Never worked and long-term unemployed: L14.1 Never worked,8. Never worked and long-term unemployed: L14.2 Long-term unemployed,L15 Full-time students
S92000003,1939961,219866,44083,175783,345357,139574,205131,237551,224264,303586,95963,52081,43882,168669
S01006506,344,74,9,65,70,23,35,38,37,34,17,14,3,16
S01006507,294,46,10,36,43,11,41,47,30,49,7,6,1,20
S01006508,272,57,9,48,59,33,24,44,19,23,4,3,1,9
S01006509,200,26,7,19,30,11,21,28,32,40,2,1,1,10
S01006510,226,29,7,22,43,19,21,34,30,26,8,6,2,16
S01006511,269,70,20,50,61,12,27,20,18,24,8,4,4,29
S01006512,178,52,8,44,39,3,25,9,15,10,1,1,0,24
S01006513,195,52,11,41,43,15,16,23,14,11,3,3,0,18
S01006514,349,125,27,98,83,21,26,21,7,13,2,2,0,51
S01006515,271,99,18,81,64,12,24,9,16,12,3,3,0,32
S01006516,207,65,18,47,41,6,29,12,14,8,2,2,0,30
S01006517,356,125,31,94,71,11,39,34,18,13,4,4,0,41
S01006518,225,86,29,57,51,15,27,12,9,1,2,1,1,22
S01006519,295,99,20,79,65,16,33,10,16,13,7,6,1,36
S01006520,252,114,27,87,57,4,15,11,10,5,1,0,1,35
S01006521,244,105,29,76,57,6,29,19,6,4,2,1,1,16
S01006522,192,89,16,73,43,10,12,5,7,4,2,1,1,20
S01006523,323,125,35,90,75,19,25,30,13,6,3,1,2,27
S01006524,302,96,25,71,44,10,39,19,16,14,39,36,3,25
S01006525,282,100,22,78,64,12,27,17,18,12,0,0,0,32
S01006526,310,29,3,26,38,21,15,54,33,50,17,12,5,53
S01006527,240,18,1,17,24,13,11,43,43,47,12,9,3,29
S01006528,368,26,2,24,46,21,22,56,40,64,12,7,5,81
S01006529,375,47,5,42,73,26,23,44,43,50,11,7,4,58
S01006530,299,23,5,18,36,23,15,51,27,55,17,12,5,52
S01006531,351,27,2,25,37,14,16,35,54,84,24,16,8,60
S01006532,280,69,11,58,73,18,33,12,17,15,4,4,0,39
S01006533,259,89,12,77,67,10,28,19,14,10,0,0,0,22
S01006534,333,118,27,91,92,19,24,25,20,10,2,0,2,23
S01006535,454,101,13,88,117,31,28,47,41,26,6,2,4,57
S01006536,458,108,17,91,120,36,31,50,29,37,4,1,3,43
S01006537,251,70,11,59,66,19,28,20,18,13,4,3,1,13
S01006538,195,61,13,48,44,11,15,26,17,8,2,1,1,11
S01006539,238,71,14,57,66,22,20,20,11,11,1,1,0,16
S01006540,365,111,25,86,82,38,23,34,23,17,6,6,0,31
S01006541,244,76,15,61,67,18,22,25,14,9,5,2,3,8
S01006542,341,117,23,94,106,19,25,21,18,16,8,6,2,11
S01006543,245,60,17,43,76,15,24,26,20,10,2,0,2,12
S01006544,446,174,35,139,103,20,47,42,12,14,5,1,4,29
S01006545,393,113,22,91,92,27,28,36,40,19,8,4,4,30
S01006546,232,67,13,54,74,11,12,17,13,15,4,3,1,19
S01006547,297,71,23,48,67,25,23,30,26,32,3,1,2,20
S01006548,234,65,10,55,77,16,24,12,11,10,3,1,2,16
S01006549,306,98,19,79,68,17,42,19,22,16,6,6,0,18
S01006550,321,104,18,86,83,22,29,31,12,10,0,0,0,30
S01006551,250,37,4,33,34,10,23,39,26,56,9,5,4,16
S01006552,341,100,12,88,86,23,30,25,20,19,7,4,3,31
S01006553,263,46,9,37,57,19,36,33,34,22,6,1,5,10
S01006554,260,44,3,41,58,17,21,34,27,43,8,5,3,8
S01006555,300,36,3,33,56,23,21,47,35,58,11,6,5,13
S01006556,279,13,3,10,41,16,25,41,37,77,12,8,4,17
S01006557,253,20,4,16,32,19,17,50,35,50,11,3,8,19
S01006558,267,94,9,85,62,25,13,27,10,10,2,2,0,24
S01006559,245,99,18,81,45,10,9,13,7,7,2,1,1,53
S01006560,351,116,17,99,84,24,30,20,17,11,3,2,1,46
S01006561,272,99,13,86,71,14,25,15,11,12,3,2,1,22
S01006562,267,67,9,58,52,13,18,24,31,26,7,6,1,29
S01006563,303,98,8,90,68,13,18,27,23,22,5,1,4,29
S01006564,408,65,5,60,80,21,21,54,39,46,22,16,6,60
S01006565,481,71,6,65,90,27,19,52,41,45,9,4,5,127
S01006566,327,82,3,79,70,31,15,25,23,25,9,6,3,47
S01006567,381,46,4,42,70,23,12,48,45,41,15,9,6,81
S01006568,441,109,2,107,100,32,13,42,34,25,3,2,1,83
S01006569,229,73,9,64,39,14,13,25,20,14,3,1,2,28
S01006570,304,98,16,82,79,11,18,30,14,13,8,4,4,33
S01006571,353,113,11,102,106,21,21,25,22,12,1,0,1,32
S01006572,319,132,35,97,77,8,35,21,11,5,4,2,2,26
S01006573,266,115,27,88,56,6,19,18,11,2,2,0,2,37
S01006574,385,161,31,130,96,12,29,23,16,5,8,5,3,35
S01006575,390,121,14,107,86,21,27,39,21,22,9,4,5,44
S01006576,279,108,18,90,53,18,17,20,16,9,0,0,0,38
S01006577,328,94,9,85,81,23,26,30,20,15,4,1,3,35
S01006578,504,112,9,103,123,44,10,55,50,45,14,8,6,51
S01006579,484,111,6,105,104,37,10,57,50,27,4,3,1,84
S01006580,327,94,8,86,85,18,18,33,26,16,12,7,5,25
S01006581,342,138,26,112,66,14,35,22,14,13,5,3,2,35
S01006582,464,95,3,92,82,26,21,42,67,39,20,9,11,72
S01006583,347,80,3,77,70,29,9,37,31,16,2,0,2,73
S01006584,278,80,6,74,60,13,14,27,14,17,3,2,1,50
S01006585,370,46,1,45,46,22,24,55,47,61,13,6,7,56
S01006586,505,83,6,77,69,38,18,49,62,53,9,5,4,124
S01006587,268,54,3,51,38,17,14,27,39,27,6,3,3,46
S01006588,299,51,2,49,51,13,6,24,33,22,3,1,2,96
S01006589,369,41,1,40,54,20,20,47,27,55,10,3,7,95
S01006590,374,84,6,78,71,29,21,27,42,28,13,11,2,59
S01006591,332,78,2,76,52,21,18,39,42,29,8,4,4,45
S01006592,356,89,6,83,103,31,14,40,25,12,3,2,1,39
S01006593,395,105,12,93,88,24,18,55,21,26,3,3,0,55
S01006594,220,57,8,49,33,25,16,26,15,23,1,0,1,24
S01006595,425,108,8,100,106,36,25,46,33,31,3,2,1,37
S01006596,316,82,4,78,81,24,25,31,30,15,1,0,1,27
S01006597,270,52,3,49,54,19,14,37,32,21,7,5,2,34
S01006598,398,136,25,111,107,22,34,43,14,17,4,1,3,21
S01006599,330,40,5,35,58,27,19,46,41,49,11,5,6,39
S01006600,409,111,14,97,81,32,28,43,40,32,7,5,2,35
S01006601,445,101,12,89,93,46,32,44,34,39,12,5,7,44
S01006602,311,115,17,98,69,15,27,21,16,10,3,3,0,35
S01006603,295,17,3,14,32,32,12,57,42,76,17,8,9,10
S01006604,256,13,2,11,34,15,26,47,36,56,6,4,2,23
S01006605,259,18,1,17,32,11,15,40,47,74,5,2,3,17
S01006606,319,48,10,38,63,23,33,38,33,45,11,8,3,25
S01006607,333,19,1,18,46,23,24,55,57,79,7,4,3,23
S01006608,285,38,5,33,63,10,49,48,21,32,2,1,1,22
S01006609,364,17,2,15,45,29,30,78,55,90,9,4,5,11
S01006610,148,9,4,5,14,9,6,31,24,41,6,4,2,8
S01006611,299,19,1,18,48,21,17,59,32,74,11,5,6,18
S01006612,334,36,4,32,65,29,23,49,38,68,7,4,3,19
S01006613,226,33,7,26,46,20,22,44,22,29,3,2,1,7
S01006614,244,50,8,42,63,23,26,33,13,23,4,1,3,9
S01006615,274,62,21,41,72,15,28,47,15,17,1,0,1,17
S01006616,326,45,7,38,68,22,21,65,37,52,2,1,1,14
S01006617,259,28,6,22,53,23,28,33,29,51,2,1,1,12
S01006618,216,35,7,28,33,17,19,44,27,31,1,0,1,9
S01006619,336,41,7,34,61,12,36,70,34,54,2,2,0,26
S01006620,323,33,4,29,60,31,23,64,44,50,5,2,3,13
S01006621,196,13,1,12,43,8,20,50,17,36,3,1,2,6
S01006622,267,39,6,33,56,29,27,46,21,29,2,2,0,18
S01006623,319,21,1,20,54,28,16,64,36,74,6,5,1,20
S01006624,528,30,5,25,57,34,33,92,89,131,33,25,8,29
S01006625,257,22,5,17,39,15,25,41,29,60,5,4,1,21
S01006626,257,4,1,3,31,16,11,44,43,83,8,4,4,17
S01006627,391,29,7,22,48,35,23,65,55,102,11,1,10,23
S01006628,555,43,4,39,70,35,19,97,74,136,14,3,11,67
S01006629,277,16,5,11,32,14,15,47,49,69,19,13,6,16
S01006630,214,7,1,6,10,10,15,44,39,66,12,7,5,11
S01006631,352,23,5,18,48,25,13,63,55,104,12,10,2,9
S01006632,293,12,0,12,30,21,15,43,50,83,20,10,10,19
S01006633,242,12,4,8,23,17,9,32,42,74,13,10,3,20
S01006634,217,10,3,7,14,5,7,41,35,67,30,22,8,8
S01006635,241,14,0,14,27,13,16,46,36,65,10,4,6,14
S01006636,278,9,1,8,15,12,11,48,43,106,13,9,4,21
S01006637,355,53,4,49,61,27,17,37,51,43,11,6,5,55
S01006638,402,41,3,38,60,34,8,44,56,58,10,3,7,91
S01006639,429,35,3,32,59,27,19,48,66,57,24,14,10,94
S01006640,385,85,10,75,80,35,9,26,20,21,2,0,2,107
S01006641,524,78,7,71,79,34,20,53,59,60,18,11,7,123
S01006642,676,48,1,47,65,26,12,39,35,39,12,7,5,400
S01006643,336,49,6,43,46,23,14,23,32,27,6,1,5,116
S01006644,449,62,3,59,65,31,13,45,40,48,10,6,4,135
S01006645,264,23,3,20,41,18,11,36,38,59,16,8,8,22
S01006646,512,29,2,27,51,12,5,24,34,13,7,4,3,337
S01006647,259,19,1,18,47,19,10,31,35,48,9,3,6,41
S01006648,803,63,5,58,74,31,19,82,55,71,15,5,10,393
S01006649,465,74,2,72,67,34,15,43,66,74,12,6,6,80
S01006650,448,40,5,35,74,25,20,43,57,50,8,4,4,131
S01006651,338,33,0,33,42,20,7,49,26,34,9,4,5,118
S01006652,286,43,1,42,50,10,16,30,22,24,9,4,5,82
S01006653,263,54,3,51,50,22,11,23,22,17,1,0,1,63
S01006654,356,34,2,32,44,27,19,46,42,72,22,13,9,50
S01006655,330,66,6,60,60,19,12,24,28,33,34,33,1,54
S01006656,420,76,1,75,73,30,17,47,45,47,8,4,4,77
S01006657,252,35,4,31,35,21,6,21,29,33,3,0,3,69
S01006658,465,39,1,38,47,22,20,72,53,51,15,9,6,146
S01006659,288,48,6,42,36,14,10,25,16,18,3,2,1,118
S01006660,232,21,1,20,16,13,10,30,31,32,6,3,3,73
S01006661,289,50,7,43,42,18,10,27,18,20,4,1,3,100
S01006662,374,9,0,9,29,6,12,40,26,32,9,3,6,211
S01006663,260,31,2,29,29,18,9,14,15,15,6,3,3,123
S01006664,233,30,1,29,24,8,5,25,20,13,8,5,3,100
S01006665,320,25,2,23,36,25,10,22,17,19,4,2,2,162
S01006666,344,17,2,15,34,13,25,55,47,96,28,16,12,29
S01006667,336,14,2,12,32,10,17,55,51,85,30,17,13,42
S01006668,393,49,2,47,59,20,9,28,33,14,4,1,3,177
S01006669,582,59,3,56,33,10,19,48,36,65,14,8,6,298
S01006670,362,20,2,18,33,21,17,21,32,38,3,0,3,177
S01006671,1038,32,8,24,28,11,8,23,15,22,9,5,4,890
S01006672,311,23,1,22,31,13,11,29,32,65,15,11,4,92
S01006673,371,30,2,28,30,22,26,36,43,50,13,6,7,121
S01006674,325,24,7,17,22,15,18,53,57,91,21,7,14,24
S01006675,262,7,0,7,19,13,12,31,45,79,19,8,11,37
S01006676,293,23,1,22,27,11,16,32,45,89,13,7,6,37
S01006677,314,10,0,10,28,10,18,47,39,80,18,4,14,64
S01006678,459,12,3,9,39,22,18,64,72,142,30,16,14,60
S01006679,264,25,3,22,57,21,19,41,36,43,5,1,4,17
S01006680,324,9,1,8,29,12,17,55,48,109,22,8,14,23
S01006681,305,22,2,20,64,24,15,60,39,56,9,5,4,16
S01006682,319,21,1,20,28,7,17,42,55,100,18,10,8,31
S01006683,358,25,1,24,37,25,15,44,56,67,16,8,8,73
S01006684,335,22,4,18,27,25,13,58,58,78,17,6,11,37
S01006685,296,20,3,17,55,8,18,43,43,73,20,4,16,16
S01006686,235,20,0,20,38,13,12,35,38,60,5,4,1,14
S01006687,300,29,2,27,51,20,12,54,40,62,14,8,6,18
S01006688,322,40,11,29,68,18,32,42,36,55,8,5,3,23
S01006689,273,67,7,60,65,29,27,14,11,9,3,1,2,48
S01006690,238,43,4,39,39,9,11,25,22,28,4,1,3,57
S01006691,240,58,4,54,34,13,15,12,29,21,1,0,1,57
S01006692,302,56,10,46,53,11,24,39,24,32,5,3,2,58
S01006693,392,52,5,47,56,28,22,71,30,68,5,5,0,60
S01006694,257,3,1,2,33,13,24,54,45,70,2,1,1,13
S01006695,257,31,9,22,34,13,25,50,20,64,4,3,1,16
S01006696,286,21,3,18,30,21,11,37,45,69,15,7,8,37
S01006697,321,20,3,17,41,14,27,58,46,76,7,2,5,32
S01006698,249,16,0,16,34,14,13,40,36,69,7,3,4,20
S01006699,185,20,6,14,30,12,12,18,20,38,2,0,2,33
S01006700,312,37,4,33,53,23,26,42,38,55,8,5,3,30
S01006701,237,6,1,5,25,14,11,48,49,66,7,4,3,11
S01006702,269,13,0,13,19,15,27,49,58,76,6,2,4,6
S01006703,212,12,3,9,25,12,16,32,31,64,11,7,4,9
S01006704,219,6,4,2,24,8,8,37,44,66,15,6,9,11
S01006705,262,12,4,8,25,16,27,48,45,74,7,2,5,8
S01006706,220,12,2,10,30,12,22,31,42,51,10,9,1,10
S01006707,235,14,2,12,23,10,17,37,40,56,19,9,10,19
S01006708,264,17,2,15,32,21,20,50,44,61,2,1,1,17
S01006709,302,18,5,13,33,20,31,51,49,74,7,3,4,19
S01006710,297,8,1,7,58,24,27,58,42,67,5,5,0,8
S01006711,330,15,4,11,57,24,34,48,44,84,14,8,6,10
S01006712,186,10,6,4,24,11,12,39,26,48,12,5,7,4
S01006713,329,14,4,10,34,21,22,50,55,99,15,12,3,19
S01006714,260,11,2,9,27,20,17,43,39,70,12,8,4,21
S01006715,198,11,1,10,19,11,12,25,35,60,7,3,4,18
S01006716,226,11,2,9,33,12,21,39,36,51,8,5,3,15
S01006717,321,10,3,7,29,23,22,62,41,101,17,10,7,16
S01006718,231,9,2,7,21,7,17,41,41,62,13,7,6,20
S01006719,325,20,1,19,41,13,26,62,50,87,11,6,5,15
S01006720,224,10,0,10,33,16,12,33,31,70,7,6,1,12
S01006721,331,9,0,9,59,7,25,52,45,110,9,7,2,15
S01006722,286,13,1,12,27,14,14,52,49,88,10,8,2,19
S01006723,247,15,3,12,32,14,16,47,30,64,18,14,4,11
S01006724,301,9,4,5,29,14,15,43,55,85,22,16,6,29
S01006725,232,10,4,6,26,13,14,36,39,68,10,6,4,16
S01006726,470,12,1,11,38,25,24,72,65,139,51,24,27,44
S01006727,347,8,1,7,28,17,17,48,57,106,33,23,10,33
S01006728,231,14,2,12,32,8,15,40,34,57,13,9,4,18
S01006729,286,8,3,5,29,17,11,40,62,82,16,9,7,21
S01006730,275,12,2,10,39,26,12,41,46,71,7,4,3,21
S01006731,234,5,0,5,26,15,19,40,38,70,12,8,4,9
S01006732,393,87,22,65,87,15,50,26,26,28,8,7,1,66
S01006733,306,97,17,80,80,25,26,25,18,8,7,4,3,20
S01006734,338,108,20,88,70,17,40,32,15,27,14,13,1,15
S01006735,202,72,18,54,61,14,11,10,8,13,0,0,0,13
S01006736,364,101,19,82,89,31,30,51,13,23,6,2,4,20
S01006737,244,60,19,41,51,15,31,31,18,18,1,1,0,19
S01006738,378,44,5,39,78,42,28,70,41,56,6,3,3,13
S01006739,265,32,5,27,62,23,18,40,35,44,5,1,4,6
S01006740,284,18,4,14,52,14,17,49,44,65,10,8,2,15
S01006741,236,20,5,15,29,22,19,50,33,58,0,0,0,5
S01006742,159,10,1,9,23,12,15,26,25,35,6,3,3,7
S01006743,205,22,3,19,42,24,13,35,24,31,1,0,1,13
S01006744,247,28,8,20,46,21,26,45,38,30,6,4,2,7
S01006745,289,22,4,18,44,14,26,55,43,69,7,5,2,9
S01006746,280,15,2,13,38,26,17,56,44,61,4,4,0,19
S01006747,295,46,5,41,74,27,16,53,25,31,7,4,3,16
S01006748,367,60,14,46,84,28,38,60,32,50,4,3,1,11
S01006749,346,29,4,25,65,26,17,67,58,67,5,4,1,12
S01006750,276,23,6,17,54,13,17,61,24,58,7,4,3,19
S01006751,162,21,11,10,29,9,12,34,22,22,6,6,0,7
S01006752,242,24,4,20,36,17,7,55,40,51,4,1,3,8
S01006753,358,75,20,55,64,28,29,65,31,39,9,5,4,18
S01006754,365,60,16,44,85,25,27,75,34,32,9,7,2,18
S01006755,277,46,4,42,61,13,36,40,27,29,4,0,4,21
S01006756,290,87,18,69,78,21,18,20,21,17,4,1,3,24
S01006757,307,37,5,32,76,31,24,54,21,38,5,3,2,21
S01006758,290,56,12,44,65,21,17,41,40,32,1,0,1,17
S01006759,220,38,9,29,56,18,19,30,11,32,3,2,1,13
S01006760,186,33,8,25,44,20,11,28,13,27,2,1,1,8
S01006761,285,38,14,24,70,33,25,31,21,49,2,1,1,16
S01006762,268,43,8,35,66,18,33,38,24,31,3,2,1,12
S01006763,312,51,8,43,88,25,25,47,23,32,4,2,2,17
S01006764,330,46,13,33,85,29,17,54,29,50,4,2,2,16
S01006765,247,37,7,30,60,26,15,40,24,32,1,0,1,12
S01006766,244,56,14,42,49,19,21,25,17,24,3,0,3,30
S01006767,257,35,5,30,49,20,19,46,24,38,4,2,2,22
S01006768,249,72,22,50,51,17,21,25,15,18,2,2,0,28
S01006769,375,43,8,35,77,29,31,59,50,54,5,1,4,27
S01006770,264,32,9,23,61,32,19,40,31,31,2,2,0,16
S01006771,185,40,9,31,47,10,13,29,12,8,2,0,2,24
S01006772,357,58,12,46,76,37,32,55,30,44,4,2,2,21
S01006773,265,29,4,25,58,30,36,40,24,20,4,3,1,24
S01006774,265,47,13,34,64,24,20,37,26,23,5,3,2,19
S01006775,255,19,4,15,54,15,18,39,46,39,6,3,3,19
S01006776,173,13,5,8,30,8,14,37,24,38,5,1,4,4
S01006777,262,39,8,31,61,25,23,38,20,33,1,1,0,22
S01006778,261,35,7,28,53,29,17,42,30,40,4,3,1,11
S01006779,194,17,5,12,23,12,11,31,25,55,5,3,2,15
S01006780,236,24,4,20,48,15,29,32,30,37,6,3,3,15
S01006781,265,39,12,27,51,27,30,38,22,29,3,2,1,26
S01006782,295,44,12,32,65,20,32,50,27,35,4,2,2,18
S01006783,238,26,3,23,58,15,22,44,13,39,5,3,2,16
S01006784,260,35,5,30,64,23,28,33,28,25,4,3,1,20
S01006785,228,41,12,29,65,17,19,35,15,15,0,0,0,21
S01006786,330,77,16,61,86,22,27,43,28,23,4,3,1,20
S01006787,264,37,8,29,50,24,30,39,20,39,2,0,2,23
S01006788,325,73,15,58,54,18,33,43,24,36,19,17,2,25
S01006789,226,38,11,27,38,10,39,38,19,35,2,0,2,7
S01006790,291,39,10,29,50,19,40,51,39,42,3,2,1,8
S01006791,211,25,6,19,35,9,48,41,14,27,4,1,3,8
S01006792,190,34,8,26,30,10,35,25,20,24,1,1,0,11
S01006793,212,21,6,15,37,9,37,39,23,44,1,1,0,1
S01006794,212,34,8,26,39,7,28,35,28,30,6,1,5,5
S01006795,243,70,18,52,44,12,35,32,21,15,1,1,0,13
S01006796,194,38,8,30,37,9,30,29,19,19,1,1,0,12
S01006797,244,52,19,33,57,9,49,23,21,19,5,3,2,9
S01006798,220,43,15,28,40,12,59,30,18,13,0,0,0,5
S01006799,304,39,12,27,58,19,30,55,30,51,3,2,1,19
S01006800,326,98,22,76,66,6,39,43,20,24,5,2,3,25
S01006801,335,59,15,44,62,29,59,51,31,29,5,5,0,10
S01006802,249,33,8,25,39,7,41,41,29,45,2,1,1,12
S01006803,221,21,5,16,44,15,16,44,22,45,4,3,1,10
S01006804,269,46,14,32,60,17,28,50,29,26,2,1,1,11
S01006805,389,59,15,44,76,19,58,47,50,48,7,4,3,25
S01006806,398,59,12,47,85,18,66,62,44,43,6,3,3,15
S01006807,245,23,5,18,48,20,44,31,24,38,6,0,6,11
S01006808,227,44,10,34,61,7,37,33,18,17,1,0,1,9
S01006809,293,30,14,16,49,11,37,43,40,59,6,3,3,18
S01006810,335,54,15,39,53,20,58,42,33,47,12,6,6,16
S01006811,392,82,21,61,77,23,58,48,34,39,12,7,5,19
S01006812,309,47,9,38,66,18,46,42,28,36,8,5,3,18
S01006813,300,31,7,24,56,10,45,56,32,49,6,4,2,15
S01006814,283,63,15,48,71,17,23,38,20,19,9,7,2,23
S01006815,202,20,10,10,32,10,19,36,29,42,6,1,5,8
S01006816,262,32,12,20,56,23,32,38,29,33,5,3,2,14
S01006817,254,39,5,34,46,14,32,33,42,28,5,2,3,15
S01006818,275,49,15,34,50,11,55,43,34,17,1,0,1,15
S01006819,313,71,21,50,69,12,58,30,23,24,3,2,1,23
S01006820,174,41,8,33,48,10,15,21,9,16,3,1,2,11
S01006821,233,47,12,35,48,12,44,31,11,24,5,1,4,11
S01006822,294,64,20,44,51,16,70,22,21,24,6,2,4,20
S01006823,271,67,12,55,66,22,21,41,19,14,8,6,2,13
S01006824,286,9,1,8,45,16,23,37,49,78,18,12,6,11
S01006825,305,36,7,29,70,27,19,56,30,48,5,4,1,14
S01006826,338,74,26,48,75,14,37,39,22,40,9,9,0,28
S01006827,311,54,10,44,56,21,22,50,43,48,8,5,3,9
S01006828,357,48,11,37,86,25,34,63,39,42,12,7,5,8
S01006829,138,46,9,37,32,9,13,15,8,10,1,0,1,4
S01006830,261,31,5,26,48,21,32,39,29,29,10,6,4,22
S01006831,216,41,7,34,64,12,16,30,19,15,3,2,1,16
S01006832,367,91,32,59,91,17,39,45,24,27,4,3,1,29
S01006833,153,47,12,35,40,4,22,13,13,7,0,0,0,7
S01006834,187,54,17,37,48,13,13,15,9,11,1,0,1,23
S01006835,299,49,14,35,63,20,43,50,28,25,5,3,2,16
S01006836,184,54,14,40,53,5,13,21,14,15,2,2,0,7
S01006837,215,46,10,36,49,16,25,28,14,22,2,2,0,13
S01006838,240,55,13,42,49,14,25,30,17,33,3,3,0,14
S01006839,381,56,10,46,93,34,32,55,29,60,7,3,4,15
S01006840,363,76,12,64,92,27,29,48,25,38,5,3,2,23
S01006841,344,56,8,48,98,29,27,39,31,35,3,2,1,26
S01006842,325,47,14,33,88,23,26,46,31,37,1,0,1,26
S01006843,320,45,8,37,72,40,27,45,31,32,4,3,1,24
S01006844,285,32,1,31,64,32,27,45,30,31,2,0,2,22
S01006845,372,54,13,41,94,20,32,67,26,31,10,7,3,38
S01006846,228,23,8,15,40,22,19,40,32,32,4,4,0,16
S01006847,258,43,11,32,64,16,24,42,22,20,5,5,0,22
S01006848,387,88,22,66,58,12,55,41,28,56,25,23,2,24
S01006849,336,64,15,49,77,38,24,41,29,43,3,3,0,17
S01006850,340,31,7,24,80,26,32,66,29,57,6,4,2,13
S01006851,288,28,9,19,45,24,23,47,34,61,9,7,2,17
S01006852,237,39,12,27,57,9,35,38,22,19,1,0,1,17
S01006853,323,112,32,80,60,7,47,29,11,27,3,1,2,27
S01006854,307,69,20,49,61,18,43,29,24,42,8,4,4,13
S01006855,280,83,22,61,73,8,56,20,15,14,0,0,0,11
S01006856,242,54,8,46,54,6,34,36,17,26,2,0,2,13
S01006857,380,65,17,48,76,12,94,42,37,31,3,1,2,20
S01006858,246,59,6,53,48,11,61,16,17,18,1,1,0,15
S01006859,401,119,37,82,97,20,41,34,22,26,4,3,1,38
S01006860,184,16,3,13,25,11,23,28,21,48,3,1,2,9
S01006861,211,76,12,64,47,16,18,18,14,5,1,1,0,16
S01006862,239,49,7,42,44,18,24,40,18,33,2,0,2,11
S01006863,242,31,12,19,42,15,30,43,33,37,1,1,0,10
S01006864,154,27,7,20,32,9,13,23,15,20,9,4,5,6
S01006865,372,91,20,71,73,15,48,37,41,37,3,2,1,27
S01006866,207,62,11,51,57,12,14,25,10,9,0,0,0,18
S01006867,268,99,23,76,58,9,24,25,15,16,0,0,0,22
S01006868,311,58,12,46,61,12,28,53,35,45,0,0,0,19
S01006869,199,43,9,34,35,10,28,28,17,23,5,5,0,10
S01006870,179,39,5,34,44,9,22,17,9,18,5,1,4,16
S01006871,231,53,15,38,63,13,23,20,20,22,5,2,3,12
S01006872,252,77,19,58,60,7,40,31,10,14,1,1,0,12
S01006873,305,75,15,60,63,6,60,27,27,17,9,4,5,21
S01006874,227,52,13,39,42,9,40,26,20,19,1,0,1,18
S01006875,233,33,5,28,34,6,44,35,25,36,6,2,4,14
S01006876,359,56,13,43,61,16,84,40,27,48,3,2,1,24
S01006877,361,70,15,55,81,15,88,35,24,23,5,2,3,20
S01006878,267,24,5,19,44,17,86,24,30,30,3,1,2,9
S01006879,300,56,12,44,42,7,79,42,21,30,3,1,2,20
S01006880,219,55,11,44,62,11,26,32,12,12,1,1,0,8
S01006881,223,50,18,32,39,4,53,24,18,23,1,0,1,11
S01006882,122,8,2,6,18,4,11,24,25,24,2,1,1,6
S01006883,168,22,5,17,39,10,23,19,15,27,2,0,2,11
S01006884,317,36,11,25,72,18,35,48,33,48,5,1,4,22
S01006885,195,47,7,40,36,4,31,25,13,22,3,3,0,14
S01006886,282,75,17,58,54,10,47,33,19,24,3,2,1,17
S01006887,210,49,16,33,45,3,35,25,13,27,1,0,1,12
S01006888,296,52,10,42,51,16,69,38,23,23,7,2,5,17
S01006889,291,23,7,16,51,18,15,54,29,77,12,2,10,12
S01006890,246,54,12,42,60,13,21,39,18,27,4,1,3,10
S01006891,351,66,14,52,76,16,27,63,34,45,5,3,2,19
S01006892,218,17,2,15,38,8,23,56,24,41,4,2,2,7
S01006893,185,15,5,10,35,12,15,35,18,39,2,2,0,14
S01006894,352,55,7,48,79,15,27,53,27,70,9,6,3,17
S01006895,216,20,3,17,35,14,14,41,37,48,2,1,1,5
S01006896,296,42,11,31,59,17,18,58,20,60,8,2,6,14
S01006897,299,45,8,37,61,20,19,60,31,43,4,2,2,16
S01006898,270,29,3,26,56,17,21,36,47,52,5,4,1,7
S01006899,226,48,13,35,57,22,9,36,11,29,2,1,1,12
S01006900,234,32,9,23,51,10,14,40,21,44,8,7,1,14
S01006901,225,18,6,12,38,19,10,33,28,66,5,2,3,8
S01006902,253,32,11,21,49,17,15,38,31,50,6,4,2,15
S01006903,279,27,4,23,36,16,22,40,36,75,11,7,4,16
S01006904,231,36,5,31,48,16,18,40,19,40,3,2,1,11
S01006905,314,54,15,39,52,16,34,53,45,41,5,3,2,14
S01006906,279,15,4,11,49,20,22,51,36,65,12,6,6,9
S01006907,235,13,3,10,41,17,24,45,26,51,9,6,3,9
S01006908,297,25,4,21,61,15,22,57,27,73,7,1,6,10
S01006909,283,71,17,54,68,22,27,39,22,19,0,0,0,15
S01006910,348,81,15,66,67,21,54,34,20,39,8,5,3,24
S01006911,220,60,9,51,58,16,14,34,11,16,0,0,0,11
S01006912,190,34,5,29,48,4,33,17,22,23,1,0,1,8
S01006913,200,44,8,36,56,15,19,21,17,14,1,1,0,13
S01006914,287,72,15,57,45,13,43,40,21,35,1,0,1,17
S01006915,313,56,10,46,65,16,51,47,25,34,2,1,1,17
S01006916,187,37,9,28,39,8,14,35,18,21,2,0,2,13
S01006917,314,97,18,79,77,21,35,38,17,19,1,0,1,9
S01006918,170,47,8,39,35,12,15,22,10,21,1,0,1,7
S01006919,189,36,7,29,38,18,21,28,14,22,4,2,2,8
S01006920,176,35,9,26,47,7,15,24,23,16,2,1,1,7
S01006921,272,58,10,48,84,19,16,42,17,22,1,1,0,13
S01006922,197,44,12,32,41,7,32,17,23,18,2,1,1,13
S01006923,266,65,19,46,48,14,45,37,23,22,5,2,3,7
S01006924,215,49,16,33,51,8,46,25,12,14,1,0,1,9
S01006925,192,37,8,29,50,14,15,22,14,25,2,1,1,13
S01006926,264,68,17,51,72,13,24,39,21,18,2,1,1,7
S01006927,351,92,10,82,96,41,26,43,25,15,5,4,1,8
S01006928,387,59,5,54,90,21,37,76,36,47,1,1,0,20
S01006929,316,121,36,85,80,20,21,16,14,13,4,1,3,27
S01006930,350,96,25,71,101,23,29,36,13,19,4,2,2,29
S01006931,142,36,5,31,34,10,21,13,4,12,2,2,0,10
S01006932,203,49,14,35,51,12,20,21,10,15,3,2,1,22
S01006933,236,57,3,54,54,23,16,22,20,20,3,1,2,21
S01006934,219,48,10,38,34,13,31,35,15,29,6,4,2,8
S01006935,257,64,16,48,65,13,24,30,19,21,2,1,1,19
S01006936,226,43,11,32,65,19,17,30,20,18,2,0,2,12
S01006937,265,49,7,42,73,22,21,39,20,17,4,2,2,20
S01006938,186,35,8,27,35,17,14,31,18,19,1,0,1,16
S01006939,241,70,18,52,57,27,11,20,18,22,0,0,0,16
S01006940,369,85,13,72,100,27,30,42,30,21,3,2,1,31
S01006941,218,33,6,27,50,17,14,31,25,28,2,1,1,18
S01006942,375,88,29,59,102,22,39,52,27,17,2,1,1,26
S01006943,216,72,16,56,63,13,15,16,11,7,1,0,1,18
S01006944,302,72,17,55,69,29,24,44,22,21,2,0,2,19
S01006945,205,47,14,33,58,13,20,25,16,13,3,3,0,10
S01006946,306,69,17,52,86,16,26,40,22,25,3,2,1,19
S01006947,306,65,10,55,69,33,19,50,19,31,5,3,2,15
S01006948,315,65,23,42,75,24,42,42,26,30,1,1,0,10
S01006949,244,70,17,53,58,12,36,25,14,14,1,1,0,14
S01006950,182,44,7,37,42,11,12,33,18,16,0,0,0,6
S01006951,178,28,8,20,38,13,13,39,16,22,1,0,1,8
S01006952,343,71,15,56,56,18,58,48,30,45,2,2,0,15
S01006953,309,83,22,61,75,17,38,40,17,19,4,3,1,16
S01006954,318,55,11,44,77,21,29,53,24,34,2,0,2,23
S01006955,223,27,7,20,46,24,18,43,22,28,4,2,2,11
S01006956,404,80,13,67,110,27,30,77,23,24,8,4,4,25
S01006957,386,77,16,61,84,21,61,61,27,28,3,2,1,24
S01006958,324,56,11,45,91,25,29,46,20,39,4,4,0,14
S01006959,231,38,7,31,36,15,18,37,23,44,10,4,6,10
S01006960,327,91,29,62,79,17,30,43,18,24,5,2,3,20
S01006961,325,63,12,51,107,23,22,40,22,23,2,0,2,23
S01006962,330,50,6,44,82,14,26,63,36,42,6,4,2,11
S01006963,271,41,15,26,75,16,20,44,17,31,6,5,1,21
S01006964,331,41,10,31,62,26,24,57,36,66,4,3,1,15
S01006965,199,32,8,24,49,11,18,35,17,23,3,2,1,11
S01006966,205,12,1,11,38,17,13,31,26,45,8,1,7,15
S01006967,245,36,7,29,64,13,13,37,21,36,6,2,4,19
S01006968,192,13,2,11,33,13,18,33,26,40,2,1,1,14
S01006969,346,46,12,34,77,25,31,62,29,58,2,1,1,16
S01006970,255,51,15,36,74,26,10,42,17,16,3,3,0,16
S01006971,177,19,6,13,26,5,16,38,27,32,4,4,0,10
S01006972,215,36,11,25,45,8,43,27,19,15,3,3,0,19
S01006973,225,43,13,30,57,15,32,22,21,23,2,0,2,10
S01006974,379,88,23,65,94,21,31,57,27,40,4,1,3,17
S01006975,383,64,14,50,62,15,82,59,43,38,4,3,1,16
S01006976,185,32,9,23,46,8,35,24,14,14,1,1,0,11
S01006977,312,64,16,48,54,11,68,42,31,26,0,0,0,16
S01006978,345,72,14,58,64,13,48,51,38,36,6,3,3,17
S01006979,307,62,23,39,47,17,51,41,28,38,6,2,4,17
S01006980,330,65,18,47,73,15,43,45,31,32,9,2,7,17
S01006981,312,51,18,33,57,23,56,28,30,45,7,5,2,15
S01006982,310,51,15,36,54,19,41,52,37,36,2,1,1,18
S01006983,290,51,16,35,70,15,43,39,19,27,2,1,1,24
S01006984,279,68,5,63,49,20,45,37,19,20,4,2,2,17
S01006985,390,51,8,43,75,19,44,66,34,70,3,1,2,28
S01006986,232,46,9,37,46,10,21,39,16,32,5,3,2,17
S01006987,233,42,7,35,60,9,17,31,21,28,9,3,6,16
S01006988,218,42,7,35,40,14,33,27,18,20,3,2,1,21
S01006989,384,101,23,78,77,20,62,40,22,38,2,2,0,22
S01006990,320,80,20,60,74,20,46,35,23,16,4,1,3,22
S01006991,146,20,3,17,21,4,22,26,23,24,1,1,0,5
S01006992,258,39,10,29,64,6,48,33,25,23,3,1,2,17
S01006993,205,22,3,19,39,10,50,32,19,24,0,0,0,9
S01006994,259,42,9,33,50,9,44,42,20,34,6,4,2,12
S01006995,319,50,14,36,70,14,58,49,28,36,5,2,3,9
S01006996,270,34,13,21,50,11,39,43,31,46,3,1,2,13
S01006997,288,70,16,54,68,10,44,40,16,23,1,1,0,16
S01006998,420,63,13,50,96,16,81,62,27,45,4,1,3,26
S01006999,354,33,8,25,44,10,101,67,38,42,1,1,0,18
S01007000,343,47,10,37,63,21,53,61,20,61,3,2,1,14
S01007001,316,58,14,44,65,13,43,47,25,40,6,3,3,19
S01007002,212,25,6,19,30,10,39,25,24,39,11,7,4,9
S01007003,208,25,4,21,27,9,67,19,20,29,4,2,2,8
S01007004,288,39,7,32,39,17,77,32,25,38,4,3,1,17
S01007005,355,61,10,51,64,17,70,47,30,40,4,1,3,22
S01007006,349,41,10,31,47,5,64,55,56,68,2,1,1,11
S01007007,330,30,6,24,43,11,92,57,32,42,9,7,2,14
S01007008,358,41,13,28,34,14,39,74,33,83,14,11,3,26
S01007009,378,25,4,21,69,27,45,62,46,78,8,5,3,18
S01007010,249,29,5,24,47,13,34,33,26,48,6,2,4,13
S01007011,302,16,6,10,35,17,37,56,47,71,14,9,5,9
S01007012,234,14,4,10,15,13,13,39,30,79,18,7,11,13
S01007013,223,27,4,23,34,5,68,32,20,27,1,1,0,9
S01007014,385,43,14,29,71,21,78,64,41,36,8,4,4,23
S01007015,241,22,7,15,34,6,73,37,22,29,8,7,1,10
S01007016,243,26,4,22,44,9,55,43,19,28,5,2,3,14
S01007017,344,20,4,16,38,14,34,74,41,106,9,5,4,8
S01007018,340,24,8,16,68,20,42,69,44,58,4,3,1,11
S01007019,250,12,1,11,29,17,22,48,37,66,9,6,3,10
S01007020,275,29,12,17,42,6,26,61,38,55,6,6,0,12
S01007021,316,23,9,14,43,17,27,54,49,83,9,5,4,11
S01007022,165,11,4,7,26,4,22,23,24,36,11,8,3,8
S01007023,173,5,0,5,25,6,47,27,21,28,6,4,2,8
S01007024,380,22,4,18,61,10,107,49,43,63,6,1,5,19
S01007025,302,17,5,12,41,4,34,57,31,101,11,8,3,6
S01007026,325,19,7,12,52,10,55,59,42,63,9,6,3,16
S01007027,376,29,9,20,60,14,74,67,34,72,12,8,4,14
S01007028,294,22,5,17,49,12,75,39,31,40,11,9,2,15
S01007029,218,17,3,14,28,8,79,21,22,34,3,3,0,6
S01007030,302,15,7,8,44,7,48,45,39,90,7,4,3,7
S01007031,241,17,5,12,36,9,40,33,45,42,8,4,4,11
S01007032,379,25,6,19,50,16,35,48,61,91,26,16,10,27
S01007033,261,17,3,14,41,11,12,49,32,78,11,6,5,10
S01007034,215,12,1,11,44,8,18,36,29,41,8,3,5,19
S01007035,253,12,7,5,18,9,25,32,50,82,11,5,6,14
S01007036,327,35,14,21,63,11,54,51,34,41,12,11,1,26
S01007037,347,11,3,8,33,20,44,67,47,95,11,6,5,19
S01007038,283,10,5,5,39,18,37,45,40,72,12,7,5,10
S01007039,313,11,7,4,46,10,40,55,33,88,13,6,7,17
S01007040,220,15,4,11,24,4,22,44,32,61,6,2,4,12
S01007041,286,16,5,11,48,8,37,56,35,56,18,15,3,12
S01007042,260,22,4,18,38,15,39,41,29,54,11,5,6,11
S01007043,406,48,12,36,66,10,103,58,42,57,8,6,2,14
S01007044,246,15,4,11,33,10,75,43,16,39,1,0,1,14
S01007045,315,27,5,22,48,8,102,42,28,39,10,7,3,11
S01007046,242,12,1,11,43,6,54,37,36,45,2,2,0,7
S01007047,254,18,5,13,53,17,66,40,14,36,2,1,1,8
S01007048,393,32,9,23,54,14,98,60,39,64,9,7,2,23
S01007049,349,15,5,10,48,14,40,67,42,110,8,4,4,5
S01007050,246,24,7,17,31,5,47,35,28,52,15,14,1,9
S01007051,282,27,6,21,36,22,38,52,33,55,7,5,2,12
S01007052,218,22,7,15,26,13,37,41,23,41,4,4,0,11
S01007053,196,24,6,18,27,8,43,39,18,30,1,0,1,6
S01007054,348,26,9,17,39,21,39,76,45,81,10,5,5,11
S01007055,211,20,3,17,31,10,63,25,21,33,0,0,0,8
S01007056,254,29,5,24,48,17,62,24,18,30,5,4,1,21
S01007057,181,11,3,8,45,12,19,30,17,35,4,2,2,8
S01007058,194,13,4,9,29,12,26,44,22,38,4,2,2,6
S01007059,352,43,18,25,61,22,31,58,35,72,9,8,1,21
S01007060,212,12,3,9,21,9,18,42,29,51,15,11,4,15
S01007061,363,64,17,47,80,19,65,47,41,27,6,2,4,14
S01007062,287,48,11,37,42,13,69,36,20,31,6,5,1,22
S01007063,234,18,4,14,44,12,40,39,21,49,4,2,2,7
S01007064,257,32,4,28,47,13,63,32,19,37,3,3,0,11
S01007065,224,44,13,31,59,17,27,32,13,17,3,3,0,12
S01007066,273,29,5,24,47,5,54,49,28,37,7,4,3,17
S01007067,239,27,9,18,45,25,18,59,20,38,2,0,2,5
S01007068,252,33,8,25,52,17,42,43,21,32,6,2,4,6
S01007069,305,20,8,12,53,28,32,49,46,53,9,5,4,15
S01007070,201,9,3,6,27,14,26,36,32,45,7,3,4,5
S01007071,321,36,7,29,63,20,28,52,30,65,8,3,5,19
S01007072,244,23,12,11,52,18,31,49,25,30,3,2,1,13
S01007073,494,34,8,26,86,42,57,82,69,87,22,18,4,15
S01007074,243,16,4,12,31,12,22,46,35,64,10,2,8,7
S01007075,244,13,3,10,29,17,8,48,38,73,5,2,3,13
S01007076,288,17,2,15,36,25,26,54,35,75,8,6,2,12
S01007077,246,15,4,11,33,11,17,64,44,48,8,3,5,6
S01007078,304,27,11,16,34,21,34,53,34,71,17,9,8,13
S01007079,363,19,4,15,58,14,32,74,51,92,14,8,6,9
S01007080,268,11,4,7,39,20,22,53,29,59,15,4,11,20
S01007081,339,15,9,6,36,16,41,58,57,94,11,7,4,11
S01007082,193,5,0,5,29,4,19,45,27,42,10,5,5,12
S01007083,353,12,3,9,30,12,23,64,60,114,25,19,6,13
S01007084,206,22,8,14,38,11,25,40,32,29,0,0,0,9
S01007085,331,30,7,23,49,11,33,67,49,68,15,6,9,9
S01007086,450,15,5,10,43,21,30,80,69,130,36,13,23,26
S01007087,340,16,2,14,25,13,33,60,54,101,20,13,7,18
S01007088,197,6,1,5,14,8,19,33,29,61,16,7,9,11
S01007089,203,25,12,13,47,11,27,40,18,27,3,2,1,5
S01007090,226,11,4,7,50,15,25,43,34,38,4,2,2,6
S01007091,265,19,7,12,37,9,20,60,33,58,9,5,4,20
S01007092,202,7,3,4,30,8,19,46,25,56,6,3,3,5
S01007093,378,43,11,32,70,28,37,86,39,54,4,3,1,17
S01007094,341,26,8,18,67,14,57,61,39,63,3,1,2,11
S01007095,213,30,7,23,32,8,45,34,20,27,5,5,0,12
S01007096,309,39,10,29,66,16,49,57,29,36,5,4,1,12
S01007097,184,22,7,15,24,8,39,34,19,29,3,2,1,6
S01007098,302,33,14,19,65,13,58,54,28,30,4,2,2,17
S01007099,336,22,10,12,68,15,68,58,32,58,1,0,1,14
S01007100,289,22,6,16,59,8,37,56,33,52,7,6,1,15
S01007101,289,13,4,9,42,11,22,45,46,89,10,6,4,11
S01007102,284,23,6,17,43,7,48,55,28,60,6,5,1,14
S01007103,309,25,9,16,44,10,64,68,27,50,3,2,1,18
S01007104,190,20,4,16,21,11,55,21,29,24,1,1,0,8
S01007105,183,15,2,13,37,9,32,41,11,29,2,1,1,7
S01007106,276,17,5,12,40,16,48,54,33,41,7,2,5,20
S01007107,254,24,11,13,48,11,59,42,15,38,2,2,0,15
S01007108,224,12,4,8,41,11,68,31,25,24,3,1,2,9
S01007109,301,10,5,5,36,8,39,50,42,98,10,5,5,8
S01007110,265,22,14,8,44,16,35,55,24,53,5,1,4,11
S01007111,201,11,4,7,25,8,24,45,29,43,3,1,2,13
S01007112,221,17,4,13,37,9,44,41,19,35,8,5,3,11
S01007113,212,31,6,25,38,7,31,36,24,28,6,4,2,11
S01007114,331,22,3,19,53,20,35,71,41,59,3,2,1,27
S01007115,252,22,9,13,49,13,27,53,30,34,5,3,2,19
S01007116,365,42,12,30,73,14,69,75,28,31,3,1,2,30
S01007117,180,24,10,14,41,5,33,35,14,16,2,1,1,10
S01007118,240,9,3,6,25,13,18,44,39,65,16,12,4,11
S01007119,304,14,4,10,32,10,31,76,33,83,4,2,2,21
S01007120,418,13,3,10,49,8,31,89,88,109,16,5,11,15
S01007121,192,6,3,3,18,5,25,31,30,53,8,2,6,16
S01007122,220,19,6,13,47,13,29,36,25,35,4,2,2,12
S01007123,241,8,3,5,36,12,15,47,39,62,8,6,2,14
S01007124,325,16,5,11,42,15,39,77,42,73,5,2,3,16
S01007125,306,15,2,13,28,16,24,59,42,90,11,7,4,21
S01007126,327,6,0,6,26,5,29,62,50,101,22,9,13,26
S01007127,413,18,6,12,33,11,42,63,77,138,21,11,10,10
S01007128,291,9,1,8,36,12,23,71,50,71,13,6,7,6
S01007129,337,105,16,89,90,23,38,21,16,17,6,4,2,21
S01007130,220,30,4,26,55,20,25,29,25,20,4,2,2,12
S01007131,271,37,9,28,75,29,28,39,25,22,2,2,0,14
S01007132,243,39,4,35,62,20,26,24,18,31,3,2,1,20
S01007133,252,38,5,33,42,12,57,27,17,34,6,5,1,19
S01007134,271,39,10,29,43,13,56,38,19,42,7,4,3,14
S01007135,197,43,6,37,46,11,35,12,12,18,4,3,1,16
S01007136,190,46,9,37,43,12,41,14,6,5,3,1,2,20
S01007137,268,59,17,42,79,15,37,28,11,13,4,1,3,22
S01007138,219,31,6,25,53,11,39,25,15,33,4,2,2,8
S01007139,279,32,10,22,42,17,50,46,36,37,6,2,4,13
S01007140,387,53,13,40,104,27,71,36,38,28,10,3,7,20
S01007141,259,35,13,22,48,16,44,26,30,37,6,5,1,17
S01007142,209,44,16,28,57,20,14,16,10,9,10,8,2,29
S01007143,209,37,11,26,60,19,18,34,15,15,1,1,0,10
S01007144,285,30,7,23,58,13,57,29,32,47,11,3,8,8
S01007145,302,42,12,30,70,23,39,28,34,37,9,4,5,20
S01007146,253,36,10,26,66,21,24,19,30,32,2,0,2,23
S01007147,258,33,8,25,80,19,21,30,24,25,6,4,2,20
S01007148,208,41,8,33,44,14,21,25,19,15,7,1,6,22
S01007149,203,20,4,16,53,28,20,34,19,18,2,0,2,9
S01007150,250,48,15,33,71,19,32,26,16,12,1,1,0,25
S01007151,313,58,13,45,80,30,31,32,16,26,8,3,5,32
S01007152,198,32,12,20,54,18,21,25,14,14,3,1,2,17
S01007153,225,29,10,19,68,25,22,26,20,22,2,2,0,11
S01007154,243,27,6,21,62,24,18,30,34,29,7,4,3,12
S01007155,210,22,5,17,56,26,23,27,12,20,3,1,2,21
S01007156,266,15,5,10,51,21,22,42,42,51,10,6,4,12
S01007157,224,9,3,6,36,23,25,41,36,38,7,5,2,9
S01007158,353,28,7,21,80,39,27,66,38,43,9,2,7,23
S01007159,290,12,4,8,49,31,33,41,39,58,11,2,9,16
S01007160,282,13,3,10,40,22,33,59,35,45,9,5,4,26
S01007161,240,26,9,17,51,25,23,36,30,27,9,7,2,13
S01007162,169,15,4,11,45,16,14,27,16,24,5,1,4,7
S01007163,295,38,6,32,64,36,26,40,26,44,6,2,4,15
S01007164,195,22,4,18,49,14,20,23,16,30,5,3,2,16
S01007165,282,40,7,33,74,18,42,31,28,22,8,4,4,19
S01007166,237,38,12,26,61,15,27,35,10,30,9,5,4,12
S01007167,291,51,16,35,80,26,36,25,21,27,7,3,4,18
S01007168,359,66,12,54,88,47,37,31,38,29,3,2,1,20
S01007169,263,35,5,30,64,25,23,33,25,29,7,5,2,22
S01007170,267,26,8,18,43,17,73,35,22,30,7,1,6,14
S01007171,385,32,9,23,54,53,63,47,55,56,9,3,6,16
S01007172,309,59,12,47,60,11,56,39,37,24,10,6,4,13
S01007173,315,26,8,18,76,33,34,46,29,39,7,4,3,25
S01007174,301,27,10,17,61,25,28,44,29,47,9,4,5,31
S01007175,207,18,11,7,49,15,15,24,36,39,2,2,0,9
S01007176,250,22,7,15,54,26,22,39,33,34,9,5,4,11
S01007177,218,14,3,11,29,13,12,36,39,42,22,7,15,11
S01007178,368,15,3,12,45,18,37,57,62,78,26,12,14,30
S01007179,357,57,16,41,84,31,31,44,33,47,9,4,5,21
S01007180,246,40,16,24,66,15,34,28,21,19,10,4,6,13
S01007181,300,48,13,35,67,25,44,29,14,25,17,13,4,31
S01007182,361,50,15,35,77,23,34,50,47,57,11,7,4,12
S01007183,374,35,13,22,52,23,48,58,55,67,11,6,5,25
S01007184,391,19,3,16,62,21,29,65,66,80,24,7,17,25
S01007185,284,15,1,14,36,24,25,39,32,70,29,14,15,14
S01007186,224,9,1,8,17,9,22,31,35,48,32,18,14,21
S01007187,315,13,5,8,54,19,33,47,50,61,16,3,13,22
S01007188,246,10,0,10,33,13,36,41,37,45,16,8,8,15
S01007189,260,8,1,7,40,18,28,41,34,56,18,6,12,17
S01007190,296,14,5,9,49,27,43,46,41,47,8,6,2,21
S01007191,227,11,0,11,21,16,24,37,38,50,18,11,7,12
S01007192,214,9,4,5,20,7,18,40,42,43,16,8,8,19
S01007193,273,8,2,6,23,12,31,44,45,71,14,5,9,25
S01007194,201,3,2,1,19,16,16,29,38,43,21,11,10,16
S01007195,190,9,3,6,27,6,14,27,37,39,11,6,5,20
S01007196,241,8,2,6,33,14,16,45,39,51,11,2,9,24
S01007197,205,5,0,5,14,6,15,41,31,55,26,10,16,12
S01007198,165,3,1,2,23,10,18,29,25,28,18,8,10,11
S01007199,272,6,3,3,15,19,16,55,46,48,34,17,17,33
S01007200,330,14,3,11,45,16,26,54,55,78,16,7,9,26
S01007201,277,22,7,15,46,16,24,41,38,60,15,9,6,15
S01007202,278,11,3,8,39,12,22,43,49,67,24,11,13,11
S01007203,231,13,4,9,33,13,26,43,37,46,3,0,3,17
S01007204,377,30,9,21,87,19,64,54,34,57,14,10,4,18
S01007205,270,34,6,28,53,14,43,33,29,33,5,3,2,26
S01007206,137,9,1,8,37,4,11,21,20,28,2,2,0,5
S01007207,339,29,7,22,71,15,43,72,35,47,10,3,7,17
S01007208,363,27,5,22,51,24,18,74,54,69,26,11,15,20
S01007209,277,22,3,19,62,14,31,42,34,44,15,9,6,13
S01007210,269,7,0,7,41,14,21,54,48,64,11,7,4,9
S01007211,375,15,8,7,69,18,36,54,59,69,27,14,13,28
S01007212,208,11,4,7,53,11,27,35,20,32,11,4,7,8
S01007213,318,29,3,26,67,17,37,55,34,47,10,7,3,22
S01007214,265,21,2,19,33,14,27,33,45,62,18,9,9,12
S01007215,293,26,4,22,50,13,22,55,31,62,13,7,6,21
S01007216,256,33,8,25,57,24,21,44,24,32,7,4,3,14
S01007217,335,21,6,15,45,15,32,64,57,66,14,7,7,21
S01007218,329,56,18,38,74,15,34,49,35,43,2,1,1,21
S01007219,306,16,5,11,46,17,30,57,42,67,12,7,5,19
S01007220,258,11,5,6,30,15,30,46,40,60,19,12,7,7
S01007221,224,38,7,31,54,17,25,31,18,24,9,7,2,8
S01007222,296,28,14,14,54,13,34,49,48,49,8,6,2,13
S01007223,188,28,9,19,46,12,14,29,23,17,6,3,3,13
S01007224,198,27,7,20,41,7,29,34,20,29,4,2,2,7
S01007225,338,47,17,30,76,18,64,52,34,33,4,4,0,10
S01007226,308,39,9,30,58,12,81,37,27,23,9,4,5,22
S01007227,352,41,14,27,59,22,41,48,51,65,10,4,6,15
S01007228,246,19,6,13,53,9,62,33,32,17,7,5,2,14
S01007229,430,42,12,30,84,26,99,54,44,49,8,4,4,24
S01007230,269,8,3,5,24,14,20,45,51,69,23,16,7,15
S01007231,236,11,3,8,25,6,19,37,51,62,12,4,8,13
S01007232,265,8,2,6,27,16,16,42,46,65,26,12,14,19
S01007233,289,25,6,19,36,18,32,55,38,65,12,8,4,8
S01007234,205,13,5,8,30,8,23,22,31,52,11,6,5,15
S01007235,283,19,8,11,47,18,27,46,33,64,16,4,12,13
S01007236,225,22,8,14,36,18,27,40,33,27,9,6,3,13
S01007237,246,21,7,14,50,17,31,44,31,35,4,3,1,13
S01007238,334,19,5,14,59,24,27,59,54,64,6,2,4,22
S01007239,291,55,21,34,62,13,40,49,24,28,3,1,2,17
S01007240,224,25,7,18,42,12,49,27,29,24,2,1,1,14
S01007241,242,35,9,26,35,18,53,29,22,28,5,3,2,17
S01007242,340,35,7,28,79,22,47,56,28,42,5,0,5,26
S01007243,229,23,5,18,58,13,29,27,25,29,10,7,3,15
S01007244,284,34,13,21,63,15,45,33,29,50,4,2,2,11
S01007245,246,14,4,10,43,18,55,41,31,35,4,2,2,5
S01007246,231,18,7,11,38,12,47,32,17,50,9,5,4,8
S01007247,240,28,5,23,40,11,39,28,36,44,6,5,1,8
S01007248,282,41,12,29,71,22,38,41,20,26,5,2,3,18
S01007249,145,23,6,17,23,13,22,15,12,25,2,1,1,10
S01007250,314,24,6,18,53,26,29,39,40,75,16,8,8,12
S01007251,160,10,3,7,28,9,21,21,20,36,3,1,2,12
S01007252,289,22,7,15,36,15,40,55,38,54,6,3,3,23
S01007253,297,34,15,19,62,13,37,50,31,48,4,1,3,18
S01007254,267,15,5,10,44,17,21,41,37,54,29,24,5,9
S01007255,272,10,1,9,31,15,20,41,36,81,25,11,14,13
S01007256,276,17,4,13,29,14,22,43,51,75,11,7,4,14
S01007257,225,9,1,8,21,8,26,36,48,46,12,6,6,19
S01007258,305,22,6,16,50,10,34,42,46,60,14,9,5,27
S01007259,287,14,3,11,34,6,31,54,42,73,14,8,6,19
S01007260,317,11,4,7,34,9,25,42,63,82,32,15,17,19
S01007261,300,37,13,24,62,18,37,43,22,55,11,7,4,15
S01007262,257,7,1,6,28,13,12,48,47,69,18,8,10,15
S01007263,271,14,6,8,37,25,21,50,39,62,10,7,3,13
S01007264,270,30,7,23,50,16,17,38,39,60,6,4,2,14
S01007265,369,16,5,11,55,18,35,54,54,101,15,7,8,21
S01007266,253,23,4,19,44,9,30,40,36,61,2,0,2,8
S01007267,213,34,3,31,36,6,51,23,26,25,3,2,1,9
S01007268,240,36,8,28,37,6,59,31,24,25,9,7,2,13
S01007269,192,29,13,16,45,7,29,21,16,18,6,3,3,21
S01007270,172,13,1,12,29,8,49,13,20,28,6,4,2,6
S01007271,370,34,11,23,62,20,67,64,37,59,12,6,6,15
S01007272,284,11,2,9,34,14,28,55,53,61,13,6,7,15
S01007273,247,24,10,14,39,14,24,33,35,50,11,6,5,17
S01007274,317,32,5,27,45,17,42,44,34,63,16,2,14,24
S01007275,196,32,4,28,43,12,19,23,16,32,6,4,2,13
S01007276,289,34,10,24,49,18,26,40,37,48,11,5,6,26
S01007277,268,43,10,33,64,17,32,32,25,29,5,3,2,21
S01007278,183,27,7,20,46,15,17,18,19,22,4,3,1,15
S01007279,214,36,11,25,37,2,67,21,22,19,5,4,1,5
S01007280,219,25,5,20,41,11,54,34,20,22,5,0,5,7
S01007281,438,39,9,30,59,28,85,63,56,69,18,14,4,21
S01007282,208,23,7,16,25,5,48,49,26,18,7,4,3,7
S01007283,316,62,14,48,70,16,53,49,25,26,6,3,3,9
S01007284,275,15,3,12,51,24,87,38,17,31,3,2,1,9
S01007285,313,23,0,23,55,15,113,32,27,30,5,2,3,13
S01007286,338,19,5,14,72,12,97,48,34,39,9,3,6,8
S01007287,208,13,2,11,25,6,89,25,31,14,3,0,3,2
S01007288,214,24,5,19,42,9,63,20,19,29,3,0,3,5
S01007289,303,32,11,21,69,22,56,31,37,38,1,1,0,17
S01007290,239,13,1,12,44,15,36,31,28,44,7,5,2,21
S01007291,217,12,1,11,41,14,31,30,28,43,7,3,4,11
S01007292,295,19,7,12,61,18,49,46,30,53,2,0,2,17
S01007293,250,7,0,7,34,10,26,49,34,73,11,5,6,6
S01007294,338,20,5,15,46,7,59,51,41,79,10,8,2,25
S01007295,187,6,1,5,27,8,15,37,25,50,15,12,3,4
S01007296,250,18,2,16,32,11,46,41,23,46,18,5,13,15
S01007297,377,52,10,42,87,20,63,47,33,54,8,5,3,13
S01007298,188,11,1,10,35,12,30,32,20,36,3,0,3,9
S01007299,324,16,3,13,56,15,46,62,31,63,12,3,9,23
S01007300,181,7,2,5,19,14,27,29,25,44,10,3,7,6
S01007301,269,39,12,27,57,7,63,26,26,32,4,0,4,15
S01007302,229,11,3,8,33,11,42,35,32,39,8,4,4,18
S01007303,326,36,10,26,70,18,79,50,31,25,6,5,1,11
S01007304,248,25,6,19,54,11,77,20,24,22,5,4,1,10
S01007305,261,39,11,28,50,8,60,40,22,28,1,0,1,13
S01007306,256,36,10,26,60,12,49,33,24,29,4,0,4,9
S01007307,315,39,9,30,56,16,92,38,33,24,6,3,3,11
S01007308,313,34,15,19,62,12,55,42,43,50,3,0,3,12
S01007309,261,36,7,29,54,10,68,24,20,33,7,3,4,9
S01007310,286,34,8,26,53,12,87,28,29,27,4,3,1,12
S01007311,305,20,7,13,40,14,64,52,40,59,8,0,8,8
S01007312,252,34,11,23,62,15,50,34,22,25,5,3,2,5
S01007313,378,60,15,45,83,11,101,32,34,38,8,3,5,11
S01007314,245,24,4,20,51,10,47,31,32,33,7,3,4,10
S01007315,344,38,17,21,75,33,33,39,33,67,11,6,5,15
S01007316,311,22,7,15,59,19,38,46,31,57,23,12,11,16
S01007317,238,26,4,22,56,13,27,35,22,37,13,7,6,9
S01007318,205,17,1,16,33,8,44,24,22,42,6,2,4,9
S01007319,284,28,6,22,59,11,54,40,27,48,9,4,5,8
S01007320,273,40,13,27,66,13,60,30,22,20,5,1,4,17
S01007321,245,35,12,23,46,2,71,23,24,32,7,0,7,5
S01007322,273,12,3,9,50,8,72,37,23,55,9,6,3,7
S01007323,169,8,1,7,20,10,42,25,18,42,1,1,0,3
S01007324,115,21,10,11,25,1,24,12,14,12,1,1,0,5
S01007325,285,19,6,13,49,20,83,31,37,31,5,4,1,10
S01007326,303,20,7,13,35,4,82,51,54,41,6,1,5,10
S01007327,274,19,6,13,36,16,44,34,44,57,12,7,5,12
S01007328,309,10,3,7,26,14,64,28,75,67,6,3,3,19
S01007329,242,13,5,8,41,8,87,24,26,26,8,5,3,9
S01007330,286,24,6,18,60,13,97,24,25,26,8,3,5,9
S01007331,382,26,2,24,53,19,99,49,47,67,10,6,4,12
S01007332,197,12,3,9,32,3,80,19,18,13,5,3,2,15
S01007333,273,28,7,21,48,16,46,37,31,45,8,6,2,14
S01007334,249,8,2,6,23,10,28,40,44,67,18,10,8,11
S01007335,269,2,0,2,33,12,31,54,44,68,13,2,11,12
S01007336,241,13,3,10,48,14,35,36,31,33,24,15,9,7
S01007337,211,9,4,5,28,15,39,32,33,43,7,2,5,5
S01007338,265,9,3,6,35,17,37,47,32,64,10,5,5,14
S01007339,213,17,2,15,41,15,42,24,27,32,4,2,2,11
S01007340,174,15,2,13,28,6,33,20,23,33,12,6,6,4
S01007341,270,25,7,18,46,23,60,25,29,43,11,7,4,8
S01007342,293,59,15,44,67,15,62,25,18,26,5,2,3,16
S01007343,244,22,7,15,31,11,92,28,27,23,3,3,0,7
S01007344,155,13,1,12,28,17,23,17,25,21,5,4,1,6
S01007345,184,3,0,3,20,13,29,27,33,37,12,4,8,10
S01007346,210,6,0,6,21,16,26,29,29,53,20,6,14,10
S01007347,234,10,3,7,23,14,30,25,36,59,23,11,12,14
S01007348,197,3,0,3,12,19,30,38,28,39,15,6,9,13
S01007349,140,6,2,4,20,14,19,20,20,32,6,3,3,3
S01007350,217,9,2,7,32,15,37,31,28,42,10,6,4,13
S01007351,241,17,3,14,52,3,79,28,25,29,4,2,2,4
S01007352,218,20,8,12,46,11,73,15,20,21,5,0,5,7
S01007353,220,31,7,24,51,21,42,22,12,27,4,1,3,10
S01007354,289,26,6,20,68,22,54,23,30,37,14,6,8,15
S01007355,385,47,9,38,91,11,97,43,35,41,9,5,4,11
S01007356,252,36,14,22,54,14,48,22,23,35,8,3,5,12
S01007357,283,39,12,27,53,14,64,28,33,43,3,1,2,6
S01007358,368,26,7,19,93,31,55,52,41,56,10,6,4,4
S01007359,276,15,5,10,49,18,45,28,43,51,7,3,4,20
S01007360,209,20,5,15,56,17,29,25,18,25,6,3,3,13
S01007361,355,40,9,31,71,30,66,40,29,47,12,4,8,20
S01007362,253,24,5,19,53,21,34,20,39,35,7,5,2,20
S01007363,237,25,4,21,43,22,36,28,22,41,12,4,8,8
S01007364,281,5,0,5,31,24,18,31,50,68,27,11,16,27
S01007365,154,11,1,10,31,13,16,20,17,32,11,7,4,3
S01007366,158,7,1,6,19,6,13,22,23,44,16,12,4,8
S01007367,197,14,4,10,33,11,36,27,26,38,9,3,6,3
S01007368,168,6,2,4,22,14,16,28,20,35,13,7,6,14
S01007369,299,10,3,7,53,30,36,36,50,54,16,8,8,14
S01007370,284,27,3,24,47,15,39,50,29,50,17,9,8,10
S01007371,242,11,5,6,48,24,39,31,21,36,14,7,7,18
S01007372,310,31,9,22,68,24,43,37,35,46,8,4,4,18
S01007373,238,37,12,25,55,15,50,32,9,20,7,5,2,13
S01007374,204,26,6,20,46,18,33,26,17,24,4,1,3,10
S01007375,175,43,19,24,35,12,28,16,14,11,5,1,4,11
S01007376,297,11,2,9,56,20,24,41,43,56,26,10,16,20
S01007377,248,42,10,32,76,22,29,27,21,15,7,3,4,9
S01007378,1076,76,52,24,277,614,32,20,14,20,6,6,0,17
S01007379,159,6,2,4,25,11,12,28,26,33,10,3,7,8
S01007380,212,21,10,11,40,19,15,29,25,37,11,5,6,15
S01007381,170,64,30,34,33,6,18,6,14,12,3,1,2,14
S01007382,244,47,16,31,71,24,29,20,15,18,5,1,4,15
S01007383,280,62,15,47,75,18,34,22,28,23,5,4,1,13
S01007384,266,58,34,24,70,31,17,18,27,18,6,3,3,21
S01007385,281,44,9,35,72,23,41,27,20,29,6,1,5,19
S01007386,286,96,22,74,73,15,32,22,17,5,3,1,2,23
S01007387,296,88,25,63,84,18,27,21,19,14,4,1,3,21
S01007388,264,54,19,35,75,33,21,13,19,16,9,4,5,24
S01007389,190,7,2,5,79,27,5,17,24,7,8,5,3,16
S01007390,155,10,2,8,52,33,11,11,13,10,3,2,1,12
S01007391,215,42,10,32,70,20,17,18,15,13,5,3,2,15
S01007392,163,43,14,29,41,16,20,14,8,12,2,1,1,7
S01007393,229,68,17,51,56,16,21,11,8,10,6,4,2,33
S01007394,207,51,16,35,60,14,21,16,10,12,8,3,5,15
S01007395,334,20,3,17,70,35,42,45,55,43,15,8,7,9
S01007396,287,29,7,22,68,18,27,35,35,41,15,8,7,19
S01007397,344,67,15,52,98,26,33,34,22,32,6,3,3,26
S01007398,222,4,1,3,25,8,22,36,25,64,26,13,13,12
S01007399,246,19,5,14,31,11,24,32,24,55,35,18,17,15
S01007400,254,37,9,28,61,19,28,22,26,28,12,5,7,21
S01007401,246,24,5,19,73,31,22,30,24,16,8,4,4,18
S01007402,219,26,5,21,57,20,23,29,26,14,2,2,0,22
S01007403,265,18,7,11,145,30,10,18,10,12,5,4,1,17
S01007404,177,23,4,19,34,13,44,21,11,17,4,2,2,10
S01007405,250,61,17,44,69,15,44,15,18,12,8,5,3,8
S01007406,226,50,14,36,73,20,24,13,17,12,6,1,5,11
S01007407,263,53,12,41,69,21,37,23,12,21,7,3,4,20
S01007408,211,21,3,18,34,18,33,37,18,28,12,3,9,10
S01007409,258,23,6,17,41,17,26,49,34,47,7,7,0,14
S01007410,229,2,1,1,16,11,17,49,31,68,21,13,8,14
S01007411,305,16,6,10,30,18,31,45,45,71,30,20,10,19
S01007412,173,7,0,7,13,11,11,27,31,50,14,7,7,9
S01007413,343,35,8,27,60,29,32,66,41,45,14,5,9,21
S01007414,250,53,19,34,73,17,15,31,21,21,6,2,4,13
S01007415,300,12,2,10,24,20,23,47,39,98,17,6,11,20
S01007416,184,6,2,4,12,12,13,21,28,52,26,10,16,14
S01007417,364,51,11,40,102,39,30,51,24,34,14,7,7,19
S01007418,235,8,1,7,30,11,10,31,53,64,17,9,8,11
S01007419,303,6,3,3,31,22,20,30,49,89,33,18,15,23
S01007420,963,52,12,40,111,56,95,124,100,223,173,162,11,29
S01007421,246,42,7,35,61,12,22,21,30,35,9,4,5,14
S01007422,204,16,4,12,40,19,25,30,22,28,13,8,5,11
S01007423,274,40,11,29,63,26,17,37,34,41,5,4,1,11
S01007424,281,43,5,38,77,31,17,36,32,28,5,4,1,12
S01007425,327,42,10,32,78,16,25,46,38,50,12,9,3,20
S01007426,236,23,0,23,28,16,22,33,41,39,11,5,6,23
S01007427,233,11,2,9,22,15,18,41,37,58,16,5,11,15
S01007428,319,10,4,6,60,27,29,57,36,75,7,2,5,18
S01007429,277,19,4,15,55,16,22,40,44,43,14,5,9,24
S01007430,169,20,9,11,27,13,24,30,20,20,4,1,3,11
S01007431,219,24,6,18,54,20,17,22,36,21,3,0,3,22
S01007432,301,24,3,21,44,23,35,46,41,61,15,12,3,12
S01007433,296,38,14,24,53,14,39,32,31,62,6,3,3,21
S01007434,196,3,0,3,23,12,31,21,28,50,20,8,12,8
S01007435,264,19,7,12,46,20,21,39,31,62,13,5,8,13
S01007436,231,19,6,13,30,14,13,26,38,70,10,6,4,11
S01007437,173,13,2,11,32,16,19,14,27,24,14,6,8,14
S01007438,262,18,5,13,42,12,17,55,41,55,17,3,14,5
S01007439,273,32,9,23,44,17,17,50,42,44,14,6,8,13
S01007440,239,16,5,11,32,13,19,49,42,39,12,5,7,17
S01007441,206,31,7,24,47,11,14,34,27,24,4,0,4,14
S01007442,188,38,9,29,60,19,17,21,16,7,3,2,1,7
S01007443,318,70,21,49,74,7,32,29,22,26,14,7,7,44
S01007444,312,88,25,63,86,11,47,19,13,15,5,1,4,28
S01007445,232,74,19,55,78,7,18,17,11,11,1,0,1,15
S01007446,173,65,14,51,41,8,22,9,3,7,4,1,3,14
S01007447,194,51,15,36,54,7,30,19,8,9,2,0,2,14
S01007448,339,40,11,29,66,16,58,45,32,55,13,7,6,14
S01007449,364,27,8,19,54,20,28,56,61,70,31,11,20,17
S01007450,259,19,5,14,33,16,22,32,42,56,28,15,13,11
S01007451,225,18,8,10,33,21,14,32,42,45,13,7,6,7
S01007452,190,16,4,12,24,9,26,24,26,36,19,7,12,10
S01007453,221,32,9,23,69,13,20,33,24,10,6,5,1,14
S01007454,200,7,2,5,28,16,16,17,41,55,11,6,5,9
S01007455,288,10,3,7,40,20,19,39,45,74,22,10,12,19
S01007456,276,6,1,5,22,17,20,34,57,84,16,6,10,20
S01007457,397,20,5,15,60,22,35,61,43,87,45,20,25,24
S01007458,182,16,5,11,34,18,13,41,16,26,7,3,4,11
S01007459,220,14,2,12,49,15,15,38,23,49,8,2,6,9
S01007460,278,13,3,10,31,6,33,56,42,66,25,12,13,6
S01007461,250,5,2,3,18,17,26,30,44,57,40,21,19,13
S01007462,305,25,2,23,48,20,31,46,51,50,22,16,6,12
S01007463,327,10,2,8,21,18,27,27,63,94,46,25,21,21
S01007464,230,5,2,3,13,16,8,31,47,73,25,16,9,12
S01007465,281,9,0,9,21,13,15,23,59,84,50,33,17,7
S01007466,425,24,5,19,40,27,25,56,67,101,64,39,25,21
S01007467,346,19,8,11,52,24,22,60,57,73,23,15,8,16
S01007468,284,31,16,15,38,20,32,56,37,53,4,4,0,13
S01007469,211,10,5,5,34,15,8,32,42,47,11,3,8,12
S01007470,242,16,4,12,34,15,19,34,43,55,17,12,5,9
S01007471,169,12,2,10,25,12,10,22,26,42,6,1,5,14
S01007472,178,6,0,6,18,6,12,28,33,60,7,3,4,8
S01007473,160,8,3,5,17,11,10,27,23,47,10,7,3,7
S01007474,203,30,7,23,41,21,22,26,27,21,5,2,3,10
S01007475,224,29,5,24,63,14,14,33,20,31,10,6,4,10
S01007476,220,31,7,24,46,13,21,38,27,27,7,4,3,10
S01007477,196,38,9,29,35,20,20,24,15,28,5,1,4,11
S01007478,319,47,9,38,72,26,28,34,32,43,10,7,3,27
S01007479,205,15,3,12,38,22,14,36,26,39,10,7,3,5
S01007480,294,23,4,19,58,22,21,49,47,54,9,4,5,11
S01007481,282,39,11,28,65,23,41,42,25,35,3,1,2,9
S01007482,150,5,2,3,19,10,16,24,24,38,10,9,1,4
S01007483,281,5,1,4,29,16,48,42,38,71,21,9,12,11
S01007484,217,5,1,4,29,6,26,36,36,46,22,10,12,11
S01007485,147,3,1,2,9,2,12,21,28,49,17,7,10,6
S01007486,145,0,0,0,8,8,13,18,18,51,24,9,15,5
S01007487,361,8,0,8,38,12,42,49,74,91,30,18,12,17
S01007488,365,16,4,12,58,30,54,48,52,72,17,8,9,18
S01007489,287,15,6,9,31,22,49,39,38,61,14,8,6,18
S01007490,320,11,4,7,32,21,39,51,43,90,17,10,7,16
S01007491,366,8,2,6,41,26,38,58,59,91,26,14,12,19
S01007492,255,6,2,4,35,16,23,39,48,64,16,4,12,8
S01007493,299,8,4,4,37,25,21,62,41,74,18,5,13,13
S01007494,204,11,2,9,33,7,66,21,30,24,3,1,2,9
S01007495,319,22,2,20,47,21,99,39,40,39,0,0,0,12
S01007496,374,29,9,20,70,14,109,46,48,34,10,5,5,14
S01007497,227,7,2,5,19,9,54,30,40,44,16,13,3,8
S01007498,300,13,1,12,37,19,59,43,44,58,10,7,3,17
S01007499,323,9,3,6,34,11,84,32,60,71,7,2,5,15
S01007500,225,15,3,12,17,6,54,39,41,35,10,2,8,8
S01007501,255,14,2,12,38,11,92,26,38,19,11,0,11,6
S01007502,212,9,2,7,30,2,64,29,27,35,3,1,2,13
S01007503,369,16,2,14,48,10,115,35,47,69,17,10,7,12
S01007504,261,15,3,12,45,5,88,24,30,34,11,4,7,9
S01007505,152,10,4,6,22,7,55,15,19,18,2,2,0,4
S01007506,186,14,5,9,27,5,73,20,24,17,2,1,1,4
S01007507,331,25,4,21,34,8,96,32,43,61,19,12,7,13
S01007508,280,18,3,15,35,12,81,33,45,37,8,7,1,11
S01007509,245,22,6,16,29,7,86,22,37,22,9,4,5,11
S01007510,358,19,2,17,53,10,103,47,62,39,11,6,5,14
S01007511,295,11,1,10,28,8,57,22,74,60,24,18,6,11
S01007512,200,16,5,11,34,6,64,15,34,16,9,5,4,6
S01007513,358,27,11,16,39,15,52,55,63,75,23,11,12,9
S01007514,202,7,2,5,28,10,36,36,32,40,6,2,4,7
S01007515,197,26,5,21,58,12,27,24,17,22,7,3,4,4
S01007516,203,10,1,9,15,6,28,32,47,44,14,5,9,7
S01007517,148,11,1,10,21,10,30,17,32,18,7,5,2,2
S01007518,311,8,2,6,32,13,45,42,56,79,27,17,10,9
S01007519,169,24,7,17,29,11,47,14,21,16,4,2,2,3
S01007520,367,26,5,21,52,17,84,30,50,66,14,3,11,28
S01007521,171,23,6,17,25,9,47,22,24,13,0,0,0,8
S01007522,321,34,10,24,58,15,60,42,40,47,14,8,6,11
S01007523,194,25,6,19,26,8,52,17,26,23,11,9,2,6
S01007524,348,32,4,28,54,15,99,36,53,45,5,3,2,9
S01007525,185,15,5,10,28,8,40,27,32,28,4,2,2,3
S01007526,255,22,12,10,42,14,49,24,38,42,13,10,3,11
S01007527,299,29,5,24,43,14,51,46,41,53,12,5,7,10
S01007528,284,14,1,13,37,15,50,35,48,53,20,14,6,12
S01007529,224,32,8,24,44,11,47,22,27,19,6,0,6,16
S01007530,187,25,2,23,28,11,59,14,23,18,2,1,1,7
S01007531,241,14,3,11,44,10,65,20,41,22,8,6,2,17
S01007532,219,16,5,11,32,7,64,26,21,31,6,3,3,16
S01007533,194,13,4,9,28,13,72,13,21,15,6,3,3,13
S01007534,320,25,8,17,38,17,54,33,49,78,9,6,3,17
S01007535,340,24,8,16,46,17,58,46,52,50,25,16,9,22
S01007536,330,15,3,12,40,9,60,54,55,72,12,5,7,13
S01007537,339,39,7,32,43,16,62,39,35,81,11,6,5,13
S01007538,317,19,2,17,56,11,99,30,37,40,9,6,3,16
S01007539,227,30,8,22,46,14,47,22,25,25,5,1,4,13
S01007540,286,17,5,12,42,16,48,32,42,74,10,5,5,5
S01007541,261,18,4,14,52,16,40,39,32,46,5,3,2,13
S01007542,310,13,2,11,34,11,55,35,58,67,21,9,12,16
S01007543,388,15,4,11,31,17,60,49,75,108,15,6,9,18
S01007544,351,65,13,52,71,18,102,24,27,23,6,2,4,15
S01007545,284,29,6,23,36,12,84,33,31,38,7,3,4,14
S01007546,210,19,3,16,37,11,64,25,18,22,4,1,3,10
S01007547,218,20,4,16,32,11,72,17,30,22,4,0,4,10
S01007548,255,12,1,11,49,10,52,40,30,42,8,3,5,12
S01007549,202,22,8,14,39,9,53,19,25,21,3,2,1,11
S01007550,322,42,8,34,59,21,68,34,50,34,4,3,1,10
S01007551,342,42,12,30,47,14,125,23,31,36,12,6,6,12
S01007552,346,12,3,9,33,11,45,60,51,85,27,13,14,22
S01007553,312,12,1,11,24,9,24,60,54,89,29,17,12,11
S01007554,156,2,2,0,6,2,11,24,34,62,9,7,2,6
S01007555,202,17,2,15,28,11,32,33,25,40,9,4,5,7
S01007556,172,9,3,6,13,5,28,28,24,40,17,7,10,8
S01007557,373,13,5,8,31,16,31,55,68,111,27,15,12,21
S01007558,172,9,2,7,32,6,40,26,20,23,9,4,5,7
S01007559,268,34,9,25,46,6,65,35,34,27,11,7,4,10
S01007560,316,30,6,24,50,21,53,42,49,60,6,3,3,5
S01007561,229,10,4,6,38,15,33,25,44,43,11,7,4,10
S01007562,306,29,8,21,53,13,69,29,52,35,8,5,3,18
S01007563,310,30,6,24,63,15,83,28,40,26,5,3,2,20
S01007564,282,33,6,27,53,14,88,20,31,20,7,3,4,16
S01007565,349,31,6,25,55,21,67,37,61,49,14,7,7,14
S01007566,285,27,6,21,44,9,73,24,39,41,10,6,4,18
S01007567,243,18,6,12,51,6,65,29,23,25,7,4,3,19
S01007568,252,28,13,15,52,13,51,36,27,30,6,4,2,9
S01007569,313,18,3,15,45,16,59,34,61,53,8,5,3,19
S01007570,248,35,10,25,50,15,43,29,31,29,7,3,4,9
S01007571,208,28,9,19,45,10,48,18,26,15,3,2,1,15
S01007572,308,27,9,18,45,20,49,40,42,58,13,6,7,14
S01007573,303,35,11,24,80,34,26,43,42,34,3,3,0,6
S01007574,349,6,1,5,41,26,27,42,72,95,15,10,5,25
S01007575,314,6,0,6,26,13,28,41,63,96,34,16,18,7
S01007576,234,6,0,6,12,6,18,27,54,59,42,20,22,10
S01007577,222,5,0,5,16,10,14,31,50,65,18,10,8,13
S01007578,248,8,4,4,11,12,20,38,57,64,23,13,10,15
S01007579,195,6,3,3,18,15,9,23,36,57,15,11,4,16
S01007580,281,5,3,2,25,13,12,36,58,78,26,19,7,28
S01007581,181,3,0,3,12,4,19,32,32,53,14,10,4,12
S01007582,239,5,0,5,20,12,26,37,40,62,21,12,9,16
S01007583,344,9,2,7,26,17,31,42,77,96,29,17,12,17
S01007584,224,12,2,10,26,18,26,25,37,56,10,6,4,14
S01007585,306,26,7,19,44,20,36,41,42,70,5,1,4,22
S01007586,281,11,4,7,35,14,22,36,61,71,15,5,10,16
S01007587,372,25,3,22,51,27,51,46,43,76,41,38,3,12
S01007588,287,55,11,44,81,16,34,19,19,34,3,2,1,26
S01007589,297,30,9,21,68,30,29,24,41,41,15,9,6,19
S01007590,208,42,11,31,54,15,25,21,16,22,1,1,0,12
S01007591,227,22,2,20,39,18,24,31,31,51,6,3,3,5
S01007592,254,12,2,10,25,28,17,23,53,65,15,7,8,16
S01007593,369,43,14,29,66,24,47,66,47,53,7,3,4,16
S01007594,298,26,9,17,51,24,46,39,41,47,5,4,1,19
S01007595,394,37,5,32,60,18,105,35,54,51,24,19,5,10
S01007596,200,15,8,7,35,10,49,25,28,26,5,3,2,7
S01007597,250,32,11,21,47,15,52,24,24,32,6,1,5,18
S01007598,244,23,5,18,45,11,45,32,23,31,14,9,5,20
S01007599,311,32,6,26,64,23,33,26,50,46,11,8,3,26
S01007600,397,80,17,63,77,15,46,46,36,55,16,13,3,26
S01007601,246,21,9,12,53,16,15,41,40,47,5,1,4,8
S01007602,246,22,5,17,51,24,18,34,37,38,7,5,2,15
S01007603,308,41,9,32,87,26,23,38,38,40,4,0,4,11
S01007604,317,43,17,26,70,34,29,44,37,35,5,3,2,20
S01007605,302,35,7,28,66,26,26,40,39,50,4,3,1,16
S01007606,234,24,7,17,55,17,25,30,41,23,5,2,3,14
S01007607,259,31,7,24,55,23,16,33,39,39,5,3,2,18
S01007608,283,23,4,19,61,29,28,35,38,46,5,4,1,18
S01007609,318,17,2,15,36,26,20,40,57,86,15,10,5,21
S01007610,161,12,4,8,28,10,16,26,30,33,4,3,1,2
S01007611,340,17,3,14,27,27,29,55,71,79,19,10,9,16
S01007612,457,18,2,16,74,34,49,62,78,78,40,18,22,24
S01007613,313,43,5,38,61,28,57,25,32,31,21,11,10,15
S01007614,293,66,24,42,94,30,27,14,23,20,2,1,1,17
S01007615,374,46,15,31,75,26,44,45,53,54,15,6,9,16
S01007616,250,10,2,8,39,19,25,39,41,56,16,9,7,5
S01007617,195,8,3,5,17,11,24,27,44,43,14,7,7,7
S01007618,202,3,1,2,17,15,17,27,38,63,9,4,5,13
S01007619,211,5,0,5,21,9,17,28,46,62,12,6,6,11
S01007620,216,12,1,11,34,28,33,27,38,36,1,1,0,7
S01007621,227,12,6,6,37,20,31,42,36,39,4,1,3,6
S01007622,213,11,3,8,40,12,24,30,37,43,10,5,5,6
S01007623,218,28,7,21,54,20,25,27,21,26,3,0,3,14
S01007624,254,19,5,14,34,26,21,44,42,50,3,3,0,15
S01007625,177,13,3,10,31,14,19,35,18,35,3,1,2,9
S01007626,233,18,4,14,37,20,26,46,41,31,4,2,2,10
S01007627,193,22,4,18,50,17,18,32,24,15,1,0,1,14
S01007628,244,18,3,15,57,18,36,40,33,27,6,4,2,9
S01007629,251,18,5,13,52,15,51,25,28,48,4,1,3,10
S01007630,320,24,7,17,68,19,85,31,41,31,5,3,2,16
S01007631,223,28,1,27,35,8,71,23,26,22,6,4,2,4
S01007632,331,32,11,21,45,18,46,42,40,80,12,7,5,16
S01007633,357,30,9,21,54,15,44,54,53,72,13,6,7,22
S01007634,220,20,5,15,36,13,44,18,33,37,9,4,5,10
S01007635,227,28,8,20,49,8,43,25,25,27,12,10,2,10
S01007636,281,21,6,15,45,21,36,30,49,57,11,7,4,11
S01007637,301,14,4,10,28,19,43,47,55,73,8,4,4,14
S01007638,283,14,5,9,49,24,32,45,39,57,10,4,6,13
S01007639,369,24,7,17,53,13,40,50,69,93,12,7,5,15
S01007640,290,24,3,21,32,7,87,37,41,45,7,4,3,10
S01007641,303,38,18,20,52,18,61,27,31,49,8,1,7,19
S01007642,293,36,7,29,63,9,66,46,26,27,6,3,3,14
S01007643,314,33,11,22,57,10,57,49,40,43,7,2,5,18
S01007644,294,48,14,34,53,10,39,35,38,42,9,5,4,20
S01007645,218,23,7,16,35,11,72,15,20,28,8,2,6,6
S01007646,250,23,7,16,45,6,57,35,39,28,6,3,3,11
S01007647,264,17,5,12,52,17,51,30,27,43,9,4,5,18
S01007648,316,22,5,17,48,21,54,41,35,74,7,0,7,14
S01007649,283,14,8,6,32,17,55,40,37,71,9,5,4,8
S01007650,366,29,8,21,58,24,101,37,30,57,9,4,5,21
S01007651,211,18,6,12,27,3,85,14,20,23,9,5,4,12
S01007652,189,11,2,9,31,10,45,22,20,36,7,1,6,7
S01007653,326,20,3,17,40,13,83,52,42,52,9,1,8,15
S01007654,403,20,6,14,45,18,83,47,75,86,13,10,3,16
S01007655,307,30,10,20,41,9,122,20,33,37,6,5,1,9
S01007656,324,25,5,20,36,13,98,38,50,42,9,5,4,13
S01007657,168,12,4,8,24,5,48,21,31,21,3,2,1,3
S01007658,179,12,4,8,36,8,43,32,22,18,3,2,1,5
S01007659,305,26,2,24,44,13,67,42,44,48,12,4,8,9
S01007660,301,5,2,3,23,15,32,56,69,71,23,14,9,7
S01007661,247,11,3,8,40,12,37,37,40,53,5,3,2,12
S01007662,305,17,6,11,49,12,41,49,51,71,9,6,3,6
S01007663,310,26,1,25,46,17,41,47,47,68,7,3,4,11
S01007664,200,11,2,9,21,4,23,38,39,46,9,3,6,9
S01007665,225,9,3,6,34,8,20,45,46,45,9,4,5,9
S01007666,181,20,5,15,38,16,12,28,14,38,7,6,1,8
S01007667,256,29,3,26,59,17,31,41,30,38,2,2,0,9
S01007668,355,9,2,7,28,17,26,55,70,116,14,9,5,20
S01007669,202,4,0,4,8,8,18,24,46,73,15,7,8,6
S01007670,252,10,1,9,21,12,20,42,57,48,31,16,15,11
S01007671,282,33,10,23,57,13,62,38,33,32,1,1,0,13
S01007672,315,49,13,36,75,22,39,44,36,33,10,7,3,7
S01007673,268,11,3,8,46,17,37,48,42,56,4,2,2,7
S01007674,292,7,1,6,24,9,24,52,60,81,21,7,14,14
S01007675,237,25,8,17,43,10,43,31,38,38,2,0,2,7
S01007676,258,21,7,14,34,10,89,28,26,36,5,4,1,9
S01007677,166,15,3,12,24,10,18,34,15,35,2,1,1,13
S01007678,280,5,3,2,30,8,32,48,53,80,13,7,6,11
S01007679,286,15,7,8,24,13,27,38,63,83,10,3,7,13
S01007680,342,14,5,9,55,27,48,62,40,76,1,1,0,19
S01007681,161,6,1,5,10,12,29,29,30,38,3,3,0,4
S01007682,340,84,16,68,79,25,41,27,19,15,5,0,5,45
S01007683,262,82,1,81,39,16,15,12,17,14,7,5,2,60
S01007684,271,81,6,75,76,18,15,19,9,15,8,4,4,30
S01007685,344,95,7,88,50,9,23,9,3,14,7,4,3,134
S01007686,246,55,4,51,52,20,17,16,15,14,4,2,2,53
S01007687,334,64,1,63,72,24,23,14,15,22,6,5,1,94
S01007688,471,68,4,64,61,40,28,19,34,27,11,5,6,183
S01007689,215,35,0,35,34,13,12,11,15,14,6,4,2,75
S01007690,335,38,4,34,45,11,13,16,16,9,28,22,6,159
S01007691,1345,34,1,33,52,21,20,25,40,33,46,23,23,1074
S01007692,376,31,2,29,39,16,16,16,20,23,8,2,6,207
S01007693,440,19,0,19,18,7,5,20,21,21,24,15,9,305
S01007694,447,24,2,22,33,18,16,19,40,33,28,16,12,236
S01007695,380,57,3,54,62,21,26,26,42,37,20,9,11,89
S01007696,351,19,3,16,25,14,16,20,35,22,17,12,5,183
S01007697,407,57,9,48,71,23,24,29,34,45,17,7,10,107
S01007698,527,38,5,33,64,36,29,32,42,47,31,15,16,208
S01007699,335,31,2,29,33,16,16,18,42,36,24,11,13,119
S01007700,397,103,18,85,81,25,36,27,17,41,14,10,4,53
S01007701,257,12,2,10,31,9,5,18,24,40,40,18,22,78
S01007702,501,39,2,37,39,9,10,12,11,8,5,2,3,368
S01007703,311,43,4,39,60,22,13,23,38,38,11,4,7,63
S01007704,406,15,3,12,38,16,21,37,56,68,72,32,40,83
S01007705,438,14,2,12,28,16,8,23,19,25,19,9,10,286
S01007706,378,12,1,11,22,19,3,18,19,13,15,8,7,257
S01007707,413,80,5,75,69,25,19,27,13,20,10,6,4,150
S01007708,263,18,0,18,46,30,17,34,35,35,17,8,9,31
S01007709,260,20,1,19,33,10,14,26,30,49,32,17,15,46
S01007710,408,31,2,29,56,18,21,22,47,33,24,14,10,156
S01007711,460,16,2,14,39,29,14,32,59,66,19,12,7,186
S01007712,324,37,0,37,48,25,14,25,25,25,12,9,3,113
S01007713,191,16,1,15,18,13,21,19,25,21,26,21,5,32
S01007714,272,12,2,10,34,16,19,37,46,59,15,11,4,34
S01007715,189,6,1,5,17,10,10,21,33,36,24,13,11,32
S01007716,463,17,2,15,45,33,30,43,56,84,66,53,13,89
S01007717,436,7,1,6,44,32,36,42,72,81,45,19,26,77
S01007718,312,15,2,13,22,17,33,49,50,51,26,14,12,49
S01007719,387,9,0,9,48,35,27,54,62,98,22,4,18,32
S01007720,238,8,2,6,32,18,21,37,41,51,17,6,11,13
S01007721,268,8,0,8,42,15,29,46,33,54,22,9,13,19
S01007722,344,10,2,8,29,18,24,51,61,86,38,26,12,27
S01007723,379,10,1,9,40,24,19,50,71,96,29,21,8,40
S01007724,292,10,0,10,18,19,12,33,63,49,34,15,19,54
S01007725,317,12,0,12,34,24,18,44,39,81,38,16,22,27
S01007726,329,14,4,10,39,27,23,37,44,61,37,22,15,47
S01007727,416,14,0,14,49,33,33,31,45,74,40,28,12,97
S01007728,382,11,0,11,33,18,23,36,53,57,37,18,19,114
S01007729,341,16,2,14,38,23,19,31,54,62,34,14,20,64
S01007730,348,27,0,27,62,37,19,31,54,48,21,9,12,49
S01007731,290,22,3,19,52,26,15,35,42,38,21,9,12,39
S01007732,288,23,0,23,47,31,14,32,37,36,18,9,9,50
S01007733,319,52,15,37,71,31,42,33,25,25,14,4,10,26
S01007734,309,42,10,32,69,31,37,36,26,35,9,4,5,24
S01007735,307,40,9,31,65,33,32,41,27,32,9,4,5,28
S01007736,255,24,4,20,42,18,41,43,32,30,6,4,2,19
S01007737,349,38,5,33,74,35,40,33,49,42,13,6,7,25
S01007738,239,27,6,21,43,19,24,27,29,39,16,6,10,15
S01007739,179,14,3,11,25,15,21,26,13,45,8,3,5,12
S01007740,206,23,2,21,50,22,20,28,22,18,12,9,3,11
S01007741,229,21,7,14,37,21,20,17,31,53,14,6,8,15
S01007742,200,20,8,12,38,18,25,18,21,37,7,4,3,16
S01007743,335,23,5,18,45,26,31,54,45,68,24,5,19,19
S01007744,235,8,1,7,18,7,14,30,37,79,24,15,9,18
S01007745,246,4,1,3,17,14,28,43,46,65,19,5,14,10
S01007746,324,5,1,4,33,12,19,50,47,101,38,16,22,19
S01007747,173,5,1,4,16,6,19,30,33,38,17,7,10,9
S01007748,227,2,0,2,29,10,17,30,33,55,37,20,17,14
S01007749,264,33,10,23,50,29,26,43,23,29,14,9,5,17
S01007750,268,66,11,55,49,28,39,23,14,23,2,1,1,24
S01007751,237,56,9,47,56,13,33,12,17,18,12,6,6,20
S01007752,222,57,14,43,56,12,20,14,21,21,8,5,3,13
S01007753,176,3,1,2,19,11,17,27,33,48,11,4,7,7
S01007754,290,6,1,5,24,15,24,29,46,91,36,17,19,19
S01007755,252,4,0,4,29,20,14,35,36,69,31,13,18,14
S01007756,182,4,0,4,21,6,14,20,45,42,18,10,8,12
S01007757,282,29,3,26,84,33,29,35,21,20,3,2,1,28
S01007758,291,70,14,56,83,22,34,21,21,22,4,1,3,14
S01007759,333,38,6,32,69,29,36,38,32,52,22,9,13,17
S01007760,184,57,16,41,45,12,23,9,14,7,3,3,0,14
S01007761,311,70,7,63,85,25,32,26,22,18,5,3,2,28
S01007762,255,44,6,38,71,27,21,29,24,25,6,4,2,8
S01007763,163,11,1,10,33,18,14,29,19,28,8,3,5,3
S01007764,279,45,14,31,73,22,33,37,15,27,3,2,1,24
S01007765,238,38,5,33,56,39,22,29,23,11,4,2,2,16
S01007766,317,56,15,41,89,28,20,34,23,29,5,4,1,33
S01007767,315,59,17,42,74,25,36,34,20,31,11,7,4,25
S01007768,220,39,4,35,68,16,21,17,20,17,8,5,3,14
S01007769,249,57,14,43,73,21,32,13,16,17,5,3,2,15
S01007770,242,76,16,60,53,16,23,19,13,14,4,2,2,24
S01007771,169,51,9,42,48,9,15,15,6,10,6,3,3,9
S01007772,326,26,4,22,59,34,22,42,48,62,19,14,5,14
S01007773,269,40,13,27,67,33,35,35,22,18,2,1,1,17
S01007774,326,51,11,40,104,33,29,40,21,16,7,4,3,25
S01007775,293,60,13,47,77,23,25,38,26,25,4,1,3,15
S01007776,269,60,17,43,80,20,23,24,13,17,4,3,1,28
S01007777,329,66,11,55,102,23,33,31,23,19,5,2,3,27
S01007778,180,40,10,30,53,8,25,16,20,3,10,10,0,5
S01007779,292,12,8,4,45,36,30,53,48,43,10,6,4,15
S01007780,319,14,3,11,77,25,29,53,47,42,9,5,4,23
S01007781,350,25,7,18,64,29,26,58,48,67,18,9,9,15
S01007782,190,7,0,7,29,7,19,17,32,38,28,16,12,13
S01007783,278,3,0,3,21,14,13,34,48,87,44,20,24,14
S01007784,255,14,3,11,33,23,29,28,38,52,14,6,8,24
S01007785,165,3,0,3,15,7,9,21,31,33,25,16,9,21
S01007786,253,3,0,3,24,15,22,34,53,72,19,6,13,11
S01007787,217,5,2,3,17,14,23,33,33,59,21,14,7,12
S01007788,211,4,1,3,15,9,16,18,25,43,54,27,27,27
S01007789,210,5,0,5,24,7,13,22,35,57,27,20,7,20
S01007790,233,4,3,1,19,5,10,29,44,56,45,32,13,21
S01007791,180,14,3,11,34,13,27,22,32,26,4,1,3,8
S01007792,299,2,1,1,30,20,22,41,43,98,30,16,14,13
S01007793,287,9,1,8,27,13,16,30,54,76,34,15,19,28
S01007794,194,4,1,3,21,11,14,32,36,48,15,10,5,13
S01007795,191,4,1,3,19,10,11,34,35,60,6,4,2,12
S01007796,227,10,3,7,29,10,18,41,33,49,16,3,13,21
S01007797,175,2,0,2,14,8,7,22,29,55,25,12,13,13
S01007798,239,28,5,23,42,22,28,30,28,31,10,7,3,20
S01007799,199,21,2,19,41,15,24,34,18,25,6,4,2,15
S01007800,296,3,1,2,30,17,22,26,57,76,47,25,22,18
S01007801,389,3,1,2,26,11,16,37,57,83,51,39,12,105
S01007802,189,10,0,10,31,20,19,29,31,36,3,2,1,10
S01007803,315,8,2,6,18,12,18,38,49,92,48,30,18,32
S01007804,174,4,1,3,14,15,9,23,28,35,24,17,7,22
S01007805,138,2,0,2,12,13,8,15,28,27,15,7,8,18
S01007806,230,6,1,5,28,16,14,28,38,73,17,7,10,10
S01007807,241,26,3,23,40,27,21,35,27,35,15,9,6,15
S01007808,288,9,0,9,36,16,23,34,45,68,35,23,12,22
S01007809,319,37,9,28,55,36,31,46,41,46,3,2,1,24
S01007810,306,4,2,2,30,22,15,27,52,88,37,24,13,31
S01007811,271,10,1,9,16,17,12,32,51,81,28,19,9,24
S01007812,262,7,0,7,17,7,17,35,42,74,46,24,22,17
S01007813,255,7,2,5,20,21,12,36,39,72,29,17,12,19
S01007814,205,5,1,4,34,19,22,30,29,43,11,6,5,12
S01007815,330,28,12,16,64,28,29,56,37,46,9,4,5,33
S01007816,259,18,6,12,43,21,30,48,36,48,6,3,3,9
S01007817,162,6,4,2,18,9,12,26,26,46,8,4,4,11
S01007818,273,20,8,12,45,28,33,36,42,44,10,5,5,15
S01007819,286,14,1,13,52,25,41,47,31,51,9,5,4,16
S01007820,341,11,2,9,52,21,30,48,49,69,34,25,9,27
S01007821,193,11,4,7,35,13,22,26,30,39,5,5,0,12
S01007822,253,18,4,14,50,28,21,35,26,54,4,1,3,17
S01007823,260,23,8,15,60,27,25,49,28,26,5,5,0,17
S01007824,260,31,10,21,52,19,30,29,30,41,5,5,0,23
S01007825,361,37,6,31,72,32,51,39,42,46,9,5,4,33
S01007826,176,4,1,3,26,7,14,25,20,55,18,13,5,7
S01007827,217,28,5,23,43,16,14,33,25,26,15,5,10,17
S01007828,348,14,3,11,49,31,33,51,50,56,37,21,16,27
S01007829,198,16,3,13,32,15,21,26,21,43,12,10,2,12
S01007830,363,16,3,13,50,34,17,50,60,70,23,11,12,43
S01007831,300,15,2,13,39,12,22,37,46,58,35,22,13,36
S01007832,235,9,1,8,30,16,15,30,36,60,17,7,10,22
S01007833,235,8,3,5,46,16,22,35,46,33,13,9,4,16
S01007834,273,32,4,28,21,21,14,27,47,59,24,11,13,28
S01007835,233,28,0,28,40,19,18,32,30,33,15,7,8,18
S01007836,183,24,6,18,35,18,17,21,20,19,16,11,5,13
S01007837,276,26,9,17,60,38,37,36,18,35,3,2,1,23
S01007838,274,32,7,25,55,32,27,29,34,34,4,2,2,27
S01007839,220,29,1,28,26,9,20,26,21,30,14,10,4,45
S01007840,282,15,3,12,42,24,15,40,44,55,15,6,9,32
S01007841,234,10,0,10,27,23,20,26,37,58,17,5,12,16
S01007842,261,12,2,10,19,33,18,27,36,61,31,17,14,24
S01007843,248,11,1,10,26,31,11,31,45,40,21,5,16,32
S01007844,346,23,1,22,37,21,30,40,58,61,37,17,20,39
S01007845,258,10,3,7,22,19,20,26,54,55,36,18,18,16
S01007846,236,6,1,5,30,20,12,39,51,47,19,8,11,12
S01007847,303,15,2,13,33,24,17,48,55,71,23,9,14,17
S01007848,293,8,0,8,39,16,13,37,56,73,30,5,25,21
S01007849,277,8,1,7,27,16,19,43,48,75,17,9,8,24
S01007850,259,7,2,5,22,16,26,37,49,50,28,22,6,24
S01007851,300,17,5,12,43,25,31,38,49,69,11,3,8,17
S01007852,248,8,0,8,25,19,22,16,39,59,40,21,19,20
S01007853,232,5,0,5,23,16,15,28,44,49,41,23,18,11
S01007854,366,10,1,9,46,22,26,40,72,70,58,26,32,22
S01007855,210,9,3,6,24,22,18,28,32,33,36,8,28,8
S01007856,296,11,2,9,42,23,28,43,45,63,21,14,7,20
S01007857,142,1,0,1,16,10,12,10,26,41,10,8,2,16
S01007858,332,12,3,9,40,26,31,32,59,73,41,16,25,18
S01007859,169,5,2,3,17,11,15,22,23,43,18,10,8,15
S01007860,217,22,6,16,36,12,21,20,29,43,18,9,9,16
S01007861,249,5,1,4,20,14,18,31,57,72,16,10,6,16
S01007862,247,6,0,6,18,14,27,36,44,60,20,10,10,22
S01007863,290,7,1,6,32,17,17,42,30,86,43,22,21,16
S01007864,313,14,2,12,36,16,20,54,50,73,30,16,14,20
S01007865,232,37,8,29,55,17,21,43,18,18,12,10,2,11
S01007866,227,18,4,14,54,28,32,31,22,22,4,2,2,16
S01007867,168,33,6,27,47,8,22,15,14,18,3,3,0,8
S01007868,343,45,6,39,75,35,37,49,23,41,9,3,6,29
S01007869,323,78,6,72,73,22,20,35,28,26,7,5,2,34
S01007870,213,12,5,7,30,11,42,41,29,32,7,7,0,9
S01007871,229,6,3,3,12,7,23,35,50,61,26,12,14,9
S01007872,241,4,0,4,20,10,19,35,34,73,37,28,9,9
S01007873,255,8,2,6,30,15,30,49,42,52,18,13,5,11
S01007874,276,6,2,4,25,21,34,43,45,71,18,9,9,13
S01007875,190,9,1,8,29,10,12,28,28,51,12,6,6,11
S01007876,351,19,3,16,60,29,45,52,44,72,10,8,2,20
S01007877,303,11,2,9,29,18,31,47,39,92,18,10,8,18
S01007878,225,7,1,6,24,14,17,40,29,64,16,8,8,14
S01007879,261,0,0,0,22,8,20,43,44,84,28,15,13,12
S01007880,155,19,4,15,36,4,30,20,15,19,9,3,6,3
S01007881,204,5,1,4,29,11,27,29,25,48,19,11,8,11
S01007882,286,37,14,23,55,13,70,28,24,31,7,2,5,21
S01007883,381,18,6,12,66,32,55,60,41,78,16,8,8,15
S01007884,236,10,2,8,30,21,27,31,40,50,13,6,7,14
S01007885,270,3,0,3,23,9,21,41,55,67,37,16,21,14
S01007886,350,25,5,20,51,24,46,64,40,70,14,7,7,16
S01007887,226,20,5,15,38,16,62,21,18,24,11,6,5,16
S01007888,369,7,0,7,24,18,22,62,63,117,39,18,21,17
S01007889,177,7,2,5,19,11,12,38,28,49,9,5,4,4
S01007890,257,9,0,9,23,21,36,43,31,67,15,4,11,12
S01007891,314,13,2,11,47,24,32,64,36,76,10,7,3,12
S01007892,284,29,10,19,58,27,31,36,40,33,16,9,7,14
S01007893,373,44,7,37,81,17,55,47,40,50,8,4,4,31
S01007894,336,19,3,16,36,25,39,51,43,86,17,7,10,20
S01007895,187,20,3,17,36,14,27,25,14,31,6,3,3,14
S01007896,298,4,0,4,31,17,21,52,39,89,26,13,13,19
S01007897,178,12,2,10,38,6,54,20,18,19,5,2,3,6
S01007898,179,10,4,6,20,11,49,20,24,29,2,2,0,14
S01007899,158,5,2,3,26,9,59,12,9,23,2,0,2,13
S01007900,191,5,2,3,13,5,17,33,33,55,15,12,3,15
S01007901,253,5,2,3,24,13,23,44,35,81,18,9,9,10
S01007902,343,7,2,5,21,18,29,64,45,115,30,19,11,14
S01007903,233,8,4,4,28,12,25,46,28,60,16,6,10,10
S01007904,339,38,14,24,44,16,72,41,26,44,5,2,3,53
S01007905,243,5,1,4,13,7,13,38,45,68,34,16,18,20
S01007906,233,4,1,3,16,5,17,47,44,79,16,10,6,5
S01007907,210,10,3,7,15,10,16,31,26,76,20,12,8,6
S01007908,345,11,4,7,40,18,43,61,45,94,15,7,8,18
S01007909,197,7,1,6,14,8,17,39,28,61,10,5,5,13
S01007910,303,9,4,5,29,5,18,47,52,85,35,19,16,23
S01007911,281,12,3,9,35,20,28,49,37,66,15,10,5,19
S01007912,293,11,3,8,28,14,22,42,51,94,18,10,8,13
S01007913,232,1,0,1,19,13,28,36,39,61,26,15,11,9
S01007914,221,2,1,1,21,13,21,23,48,55,20,10,10,18
S01007915,312,13,3,10,34,19,39,54,54,60,17,8,9,22
S01007916,280,9,1,8,26,19,33,39,38,73,23,12,11,20
S01007917,320,6,2,4,35,13,33,56,45,101,17,11,6,14
S01007918,364,23,3,20,34,21,35,55,40,100,30,12,18,26
S01007919,293,49,16,33,70,21,25,50,23,33,4,0,4,18
S01007920,229,23,5,18,49,14,26,45,23,31,6,4,2,12
S01007921,341,6,2,4,23,17,36,54,58,103,27,18,9,17
S01007922,305,8,2,6,25,9,39,42,54,81,28,17,11,19
S01007923,357,13,2,11,55,26,51,68,40,75,14,6,8,15
S01007924,357,12,5,7,34,15,36,45,54,105,36,17,19,20
S01007925,190,26,6,20,38,9,61,19,13,12,4,2,2,8
S01007926,189,27,4,23,35,9,55,16,13,18,3,3,0,13
S01007927,253,36,6,30,47,12,75,20,20,21,4,2,2,18
S01007928,347,51,17,34,80,20,53,36,37,41,7,6,1,22
S01007929,293,44,7,37,64,15,82,21,14,27,7,2,5,19
S01007930,225,35,11,24,43,5,67,30,14,14,2,1,1,15
S01007931,383,82,17,65,90,20,33,36,37,45,13,9,4,27
S01007932,311,56,13,43,92,23,41,27,21,21,11,6,5,19
S01007933,279,34,6,28,62,15,30,27,41,37,10,5,5,23
S01007934,232,23,4,19,45,20,25,19,29,38,12,7,5,21
S01007935,285,33,5,28,46,24,37,40,25,47,17,5,12,16
S01007936,361,76,15,61,105,30,31,49,20,17,9,6,3,24
S01007937,388,57,11,46,81,43,43,58,29,38,13,6,7,26
S01007938,264,17,6,11,37,21,26,43,40,50,11,3,8,19
S01007939,286,3,0,3,24,16,29,39,55,72,28,12,16,20
S01007940,393,41,7,34,56,27,43,58,54,80,13,6,7,21
S01007941,247,33,12,21,44,24,27,46,24,31,4,4,0,14
S01007942,176,17,5,12,29,17,15,22,14,42,13,6,7,7
S01007943,232,20,8,12,45,18,29,30,23,46,11,3,8,10
S01007944,339,24,6,18,53,16,41,50,48,73,19,10,9,15
S01007945,320,30,8,22,49,18,43,37,31,70,27,9,18,15
S01007946,312,21,6,15,55,17,33,41,41,59,28,7,21,17
S01007947,282,40,15,25,41,22,34,33,26,47,16,1,15,23
S01007948,231,9,1,8,21,6,21,34,33,59,30,16,14,18
S01007949,278,35,10,25,54,13,28,56,40,31,8,1,7,13
S01007950,322,39,14,25,69,28,47,55,20,38,7,3,4,19
S01007951,265,24,8,16,38,22,28,50,27,44,9,2,7,23
S01007952,221,12,2,10,27,16,26,25,33,48,19,8,11,15
S01007953,325,13,2,11,43,23,42,43,57,72,12,4,8,20
S01007954,272,5,0,5,26,18,11,43,48,73,35,16,19,13
S01007955,280,6,1,5,17,30,18,43,54,76,22,11,11,14
S01007956,238,9,4,5,19,15,19,34,44,58,14,9,5,26
S01007957,335,17,2,15,40,26,25,66,52,66,27,18,9,16
S01007958,295,15,3,12,23,22,18,49,52,58,41,15,26,17
S01007959,298,15,7,8,51,18,38,63,35,53,12,3,9,13
S01007960,242,12,2,10,29,13,19,36,39,72,11,6,5,11
S01007961,772,35,7,28,65,21,145,91,111,152,129,124,5,23
S01007962,189,11,5,6,17,18,21,34,30,37,8,2,6,13
S01007963,303,6,3,3,18,17,32,36,50,69,60,30,30,15
S01007964,272,10,2,8,25,17,22,49,44,60,23,12,11,22
S01007965,197,7,1,6,21,16,13,24,38,46,20,11,9,12
S01007966,275,10,1,9,24,15,19,38,50,61,39,18,21,19
S01007967,200,0,0,0,17,14,18,13,37,52,27,14,13,22
S01007968,291,12,2,10,35,25,25,47,50,60,21,10,11,16
S01007969,285,10,2,8,41,26,20,43,56,50,18,9,9,21
S01007970,290,9,1,8,38,21,23,48,56,63,18,4,14,14
S01007971,314,10,5,5,26,27,22,55,48,74,31,14,17,21
S01007972,292,9,2,7,34,17,23,56,39,75,18,9,9,21
S01007973,335,33,11,22,75,34,28,54,42,45,3,1,2,21
S01007974,281,16,2,14,24,18,22,46,52,69,22,14,8,12
S01007975,242,4,1,3,36,15,28,38,40,44,16,7,9,21
S01007976,259,17,1,16,33,18,17,34,39,70,22,6,16,9
S01007977,246,22,5,17,50,16,26,46,41,20,6,3,3,19
S01007978,245,18,5,13,39,25,18,44,35,43,9,4,5,14
S01007979,328,52,8,44,79,31,33,32,32,29,10,3,7,30
S01007980,262,27,8,19,41,23,26,35,33,42,11,4,7,24
S01007981,199,14,6,8,48,17,32,26,27,20,5,0,5,10
S01007982,185,20,5,15,46,14,20,28,22,19,4,2,2,12
S01007983,258,11,3,8,32,15,22,44,32,51,22,6,16,29
S01007984,290,29,8,21,52,21,18,42,49,50,14,10,4,15
S01007985,327,16,8,8,18,24,23,52,64,74,32,13,19,24
S01007986,210,16,5,11,30,14,14,30,33,42,11,6,5,20
S01007987,289,28,3,25,52,30,24,38,34,47,14,5,9,22
S01007988,299,13,3,10,37,16,26,45,67,56,21,13,8,18
S01007989,251,4,0,4,39,11,23,37,45,51,16,10,6,25
S01007990,308,21,5,16,49,21,23,56,46,52,15,4,11,25
S01007991,346,64,14,50,106,34,33,31,24,22,10,3,7,22
S01007992,235,29,4,25,62,12,30,40,13,20,2,1,1,27
S01007993,326,40,8,32,71,26,31,47,49,36,8,5,3,18
S01007994,287,63,17,46,90,30,28,23,14,21,2,1,1,16
S01007995,333,42,7,35,77,45,23,54,28,29,8,7,1,27
S01007996,181,24,7,17,50,13,31,18,10,15,4,2,2,16
S01007997,249,45,11,34,72,25,30,23,11,17,9,4,5,17
S01007998,197,38,7,31,56,16,25,15,17,12,5,1,4,13
S01007999,230,4,1,3,19,14,24,32,48,57,15,7,8,17
S01008000,275,10,1,9,25,17,21,40,43,77,25,11,14,17
S01008001,285,7,1,6,24,15,17,40,54,73,38,17,21,17
S01008002,285,4,1,3,22,13,31,36,54,60,49,27,22,16
S01008003,212,13,2,11,33,13,25,33,38,32,10,5,5,15
S01008004,209,22,1,21,30,18,16,38,26,33,6,4,2,20
S01008005,168,24,1,23,31,17,19,23,17,18,12,6,6,7
S01008006,183,7,3,4,9,10,12,26,37,40,32,20,12,10
S01008007,165,3,0,3,13,11,9,25,28,45,26,16,10,5
S01008008,203,7,0,7,22,9,18,32,31,43,29,18,11,12
S01008009,265,18,5,13,33,25,23,28,33,57,29,15,14,19
S01008010,374,20,7,13,48,26,41,52,65,48,60,32,28,14
S01008011,252,14,1,13,40,23,16,22,45,51,35,15,20,6
S01008012,336,23,4,19,64,33,31,38,42,52,29,17,12,24
S01008013,238,25,7,18,44,30,28,25,30,37,10,6,4,9
S01008014,241,27,5,22,50,17,19,38,33,35,11,6,5,11
S01008015,281,15,0,15,38,22,21,49,58,41,21,8,13,16
S01008016,282,13,2,11,37,30,39,38,43,55,16,7,9,11
S01008017,305,58,12,46,87,20,32,32,21,23,7,2,5,25
S01008018,235,37,13,24,66,26,29,27,23,16,2,1,1,9
S01008019,277,58,9,49,73,14,27,27,23,26,5,3,2,24
S01008020,235,25,7,18,46,29,29,38,20,32,1,0,1,15
S01008021,199,36,10,26,53,20,28,21,16,10,5,2,3,10
S01008022,272,36,11,25,85,16,35,32,26,12,5,3,2,25
S01008023,262,43,10,33,65,19,31,38,21,14,4,1,3,27
S01008024,225,56,12,44,77,14,22,26,9,6,3,1,2,12
S01008025,275,21,3,18,53,27,29,49,30,44,5,3,2,17
S01008026,378,33,9,24,53,22,42,57,58,73,22,9,13,18
S01008027,199,13,0,13,34,14,7,38,26,50,9,3,6,8
S01008028,221,14,3,11,42,16,31,35,23,37,7,4,3,16
S01008029,351,38,3,35,59,20,72,33,45,33,21,17,4,30
S01008030,376,38,7,31,95,31,53,48,24,50,11,5,6,26
S01008031,309,22,2,20,46,26,32,40,42,65,17,6,11,19
S01008032,330,23,8,15,52,30,30,52,38,64,12,6,6,29
S01008033,305,81,16,65,74,16,39,21,14,16,5,1,4,39
S01008034,273,79,16,63,67,19,41,15,6,10,3,2,1,33
S01008035,233,42,11,31,58,24,20,24,12,16,11,6,5,26
S01008036,262,47,9,38,76,18,29,27,21,13,8,7,1,23
S01008037,351,31,6,25,51,32,46,52,50,50,11,1,10,28
S01008038,240,22,3,19,35,15,36,40,26,36,15,7,8,15
S01008039,314,32,7,25,68,15,37,42,35,36,10,5,5,39
S01008040,267,64,13,51,75,17,34,16,17,16,6,2,4,22
S01008041,237,53,8,45,61,21,21,19,17,19,6,4,2,20
S01008042,187,60,6,54,52,9,22,6,10,7,3,1,2,18
S01008043,307,109,15,94,71,16,52,12,7,11,4,3,1,25
S01008044,324,88,14,74,104,17,31,24,16,9,3,1,2,32
S01008045,339,97,9,88,82,18,47,24,11,16,17,10,7,27
S01008046,239,32,2,30,48,21,19,23,29,35,20,14,6,12
S01008047,241,65,6,59,50,15,34,17,15,12,6,3,3,27
S01008048,210,52,11,41,66,18,15,15,9,10,4,3,1,21
S01008049,285,83,12,71,75,29,39,16,9,11,3,2,1,20
S01008050,200,73,17,56,43,20,25,3,4,8,5,4,1,19
S01008051,300,86,16,70,87,30,19,21,10,14,7,6,1,26
S01008052,301,94,10,84,109,16,23,7,13,8,1,0,1,30
S01008053,199,58,7,51,63,12,21,6,10,10,0,0,0,19
S01008054,270,82,19,63,71,13,36,13,9,11,5,2,3,30
S01008055,369,141,27,114,101,19,30,12,11,6,5,3,2,44
S01008056,242,78,8,70,58,10,26,15,9,9,3,2,1,34
S01008057,318,98,20,78,84,27,36,16,15,7,2,1,1,33
S01008058,327,108,17,91,80,8,63,10,14,8,4,2,2,32
S01008059,252,53,7,46,77,16,30,18,17,10,3,2,1,28
S01008060,323,72,11,61,89,39,26,24,19,16,5,3,2,33
S01008061,235,55,9,46,62,18,25,15,18,8,7,4,3,27
S01008062,298,43,9,34,75,47,28,39,25,19,4,4,0,18
S01008063,310,82,11,71,77,31,32,23,22,5,4,2,2,34
S01008064,237,26,3,23,42,20,24,27,25,24,23,15,8,26
S01008065,355,107,18,89,96,23,31,14,15,16,9,4,5,44
S01008066,325,134,21,113,74,13,38,2,6,8,7,2,5,43
S01008067,225,80,8,72,56,9,23,11,10,10,1,1,0,25
S01008068,333,80,16,64,83,21,37,33,25,26,1,0,1,27
S01008069,327,39,3,36,81,41,33,39,28,35,8,4,4,23
S01008070,324,28,8,20,65,48,30,47,32,33,9,2,7,32
S01008071,244,35,3,32,74,21,25,30,16,16,5,3,2,22
S01008072,292,93,15,78,88,14,32,11,6,9,8,4,4,31
S01008073,173,63,8,55,41,8,20,8,5,8,4,3,1,16
S01008074,343,96,10,86,93,32,42,16,13,9,9,7,2,33
S01008075,197,57,6,51,58,14,25,2,5,5,5,3,2,26
S01008076,195,63,9,54,57,17,22,10,4,4,4,3,1,14
S01008077,284,103,16,87,66,15,39,10,11,9,7,4,3,24
S01008078,299,85,17,68,73,20,41,14,20,7,4,2,2,35
S01008079,319,81,18,63,105,18,46,12,19,3,6,1,5,29
S01008080,239,62,11,51,53,18,38,22,11,11,6,3,3,18
S01008081,218,58,10,48,55,19,22,14,15,5,6,4,2,24
S01008082,290,61,12,49,86,22,44,16,18,12,4,3,1,27
S01008083,265,69,17,52,66,23,31,16,17,11,5,4,1,27
S01008084,306,59,12,47,64,29,47,28,25,16,7,4,3,31
S01008085,362,64,9,55,113,22,59,26,23,17,7,7,0,31
S01008086,397,73,13,60,81,33,52,46,26,35,10,5,5,41
S01008087,269,56,16,40,68,29,24,26,17,20,8,7,1,21
S01008088,326,61,8,53,84,25,28,42,20,28,8,7,1,30
S01008089,242,31,11,20,64,19,28,29,24,16,9,7,2,22
S01008090,262,49,7,42,58,24,22,23,12,36,8,4,4,30
S01008091,136,22,1,21,38,8,16,6,10,18,4,4,0,14
S01008092,320,72,12,60,89,27,34,22,24,16,2,1,1,34
S01008093,260,45,10,35,65,30,30,28,19,13,2,1,1,28
S01008094,238,47,6,41,63,12,31,22,16,13,9,3,6,25
S01008095,256,28,5,23,58,23,28,29,20,29,8,2,6,33
S01008096,273,47,10,37,66,28,25,27,19,27,4,3,1,30
S01008097,206,33,10,23,52,22,31,14,14,12,4,1,3,24
S01008098,255,41,7,34,59,23,26,28,21,27,9,7,2,21
S01008099,214,23,3,20,38,16,26,31,19,23,7,6,1,31
S01008100,320,67,8,59,85,23,48,22,14,20,5,2,3,36
S01008101,277,47,6,41,65,26,38,34,17,25,9,4,5,16
S01008102,303,30,8,22,60,24,35,35,28,52,21,13,8,18
S01008103,205,23,6,17,34,14,27,17,26,36,15,8,7,13
S01008104,308,21,5,16,47,32,34,41,32,49,28,15,13,24
S01008105,357,23,4,19,48,27,39,48,46,73,29,14,15,24
S01008106,259,11,1,10,32,23,20,30,40,63,23,10,13,17
S01008107,308,51,10,41,67,21,56,31,27,17,5,2,3,33
S01008108,246,45,9,36,49,22,31,29,22,24,5,4,1,19
S01008109,346,40,13,27,77,33,44,51,38,28,7,4,3,28
S01008110,317,28,4,24,82,30,40,43,25,33,7,1,6,29
S01008111,316,64,16,48,69,38,37,29,19,20,2,2,0,38
S01008112,287,43,12,31,66,35,29,45,20,19,5,5,0,25
S01008113,326,52,9,43,77,47,29,36,23,25,5,4,1,32
S01008114,254,29,6,23,59,27,27,35,23,25,7,3,4,22
S01008115,367,32,8,24,76,45,42,58,31,33,10,4,6,40
S01008116,324,61,12,49,90,34,27,23,23,27,4,3,1,35
S01008117,283,69,15,54,87,16,32,14,25,12,5,2,3,23
S01008118,265,41,8,33,55,31,30,39,24,25,10,1,9,10
S01008119,233,8,1,7,28,15,19,33,43,51,11,7,4,25
S01008120,200,42,5,37,48,22,21,16,18,11,7,2,5,15
S01008121,238,82,15,67,52,22,22,17,13,6,2,2,0,22
S01008122,276,82,12,70,77,11,32,12,11,9,10,4,6,32
S01008123,331,109,17,92,81,21,38,13,17,9,5,2,3,38
S01008124,307,60,10,50,78,37,31,25,24,18,3,1,2,31
S01008125,320,72,26,46,87,28,31,22,23,26,2,1,1,29
S01008126,317,78,15,63,84,26,30,30,15,17,5,2,3,32
S01008127,185,45,11,34,58,15,12,15,6,13,5,2,3,16
S01008128,342,59,9,50,80,40,33,29,20,27,7,1,6,47
S01008129,330,22,5,17,58,26,38,45,48,48,27,13,14,18
S01008130,390,32,8,24,72,42,31,35,62,45,43,22,21,28
S01008131,290,24,2,22,54,22,29,27,41,49,26,13,13,18
S01008132,346,76,15,61,79,37,43,32,23,21,6,1,5,29
S01008133,215,36,4,32,51,9,21,20,22,29,15,9,6,12
S01008134,235,42,8,34,56,23,23,29,17,24,13,6,7,8
S01008135,425,53,13,40,89,36,44,50,50,34,39,26,13,30
S01008136,336,31,5,26,50,25,29,38,52,73,21,13,8,17
S01008137,281,14,4,10,22,26,18,34,44,57,45,18,27,21
S01008138,293,13,3,10,36,12,22,37,46,71,33,19,14,23
S01008139,311,16,2,14,48,27,32,40,23,67,28,12,16,30
S01008140,167,15,1,14,27,13,15,20,24,28,13,6,7,12
S01008141,313,38,7,31,66,32,36,54,24,30,4,1,3,29
S01008142,307,36,12,24,80,23,26,43,23,37,8,6,2,31
S01008143,294,25,1,24,57,21,21,34,36,56,24,12,12,20
S01008144,233,29,6,23,56,26,41,17,17,18,0,0,0,29
S01008145,309,17,6,11,33,13,31,55,44,86,14,7,7,16
S01008146,182,15,5,10,23,4,22,17,19,50,11,5,6,21
S01008147,301,23,7,16,45,30,35,42,42,56,11,6,5,17
S01008148,318,26,1,25,61,38,34,38,35,50,9,5,4,27
S01008149,238,11,4,7,36,26,28,30,42,39,14,3,11,12
S01008150,322,22,7,15,40,36,25,49,37,72,20,10,10,21
S01008151,256,12,1,11,37,24,25,44,37,36,16,9,7,25
S01008152,326,20,4,16,57,21,38,50,52,51,20,9,11,17
S01008153,335,50,8,42,82,34,35,40,26,31,12,6,6,25
S01008154,303,57,14,43,68,36,30,24,18,37,4,2,2,29
S01008155,251,35,9,26,61,35,27,21,18,27,11,4,7,16
S01008156,336,31,3,28,55,21,59,39,36,46,20,4,16,29
S01008157,264,39,2,37,60,22,30,34,30,19,6,1,5,24
S01008158,287,30,8,22,71,26,31,46,22,27,9,2,7,25
S01008159,346,23,5,18,35,28,33,46,60,62,32,14,18,27
S01008160,316,22,6,16,47,25,26,47,39,55,33,14,19,22
S01008161,382,50,10,40,97,27,57,50,38,27,13,8,5,23
S01008162,377,52,10,42,83,23,42,52,43,60,7,5,2,15
S01008163,257,18,3,15,36,15,27,42,33,62,14,8,6,10
S01008164,450,10,2,8,39,18,40,31,33,57,15,6,9,207
S01008165,281,37,4,33,68,28,47,31,15,25,9,5,4,21
S01008166,203,6,1,5,28,9,21,24,31,57,10,7,3,17
S01008167,243,10,3,7,22,14,23,34,34,78,18,7,11,10
S01008168,272,13,2,11,39,16,20,49,47,66,12,8,4,10
S01008169,249,17,4,13,35,18,28,33,43,55,11,8,3,9
S01008170,214,43,11,32,46,18,31,19,15,17,2,0,2,23
S01008171,240,22,4,18,26,33,21,35,31,48,7,4,3,17
S01008172,185,11,3,8,33,18,26,26,22,31,5,1,4,13
S01008173,224,25,5,20,45,26,23,29,29,24,9,6,3,14
S01008174,202,16,3,13,34,33,23,28,27,27,2,1,1,12
S01008175,268,21,3,18,56,26,32,42,27,41,13,7,6,10
S01008176,271,55,13,42,72,14,37,28,24,20,5,3,2,16
S01008177,268,32,10,22,42,15,30,31,41,50,13,8,5,14
S01008178,243,26,7,19,60,26,25,32,21,25,8,5,3,20
S01008179,184,30,10,20,43,16,25,12,14,17,1,0,1,26
S01008180,183,28,2,26,49,12,24,21,19,5,6,4,2,19
S01008181,254,39,7,32,61,23,35,23,26,22,4,2,2,21
S01008182,348,33,5,28,58,40,30,44,48,54,23,7,16,18
S01008183,229,30,6,24,41,24,26,28,17,23,8,5,3,32
S01008184,303,25,5,20,58,44,28,31,36,56,12,3,9,13
S01008185,351,25,4,21,72,36,30,42,40,64,22,8,14,20
S01008186,303,22,2,20,52,19,21,42,19,30,20,14,6,78
S01008187,216,27,4,23,28,14,30,22,24,45,10,5,5,16
S01008188,288,21,5,16,46,21,19,36,43,68,12,7,5,22
S01008189,197,21,6,15,41,22,30,19,14,27,5,2,3,18
S01008190,293,15,3,12,34,19,32,22,53,83,17,11,6,18
S01008191,153,14,6,8,32,12,16,19,18,26,7,3,4,9
S01008192,286,35,3,32,59,22,29,34,35,53,8,4,4,11
S01008193,266,46,6,40,54,13,19,25,35,46,6,5,1,22
S01008194,212,27,8,19,41,15,19,28,22,34,11,6,5,15
S01008195,281,12,2,10,43,23,29,25,51,54,17,12,5,27
S01008196,259,8,1,7,24,21,28,47,37,65,16,12,4,13
S01008197,367,44,5,39,85,40,28,63,34,43,15,10,5,15
S01008198,247,6,1,5,33,18,26,43,41,54,13,6,7,13
S01008199,284,2,0,2,25,17,23,40,58,79,24,18,6,16
S01008200,183,8,0,8,15,13,24,29,26,53,7,5,2,8
S01008201,298,12,2,10,26,28,15,48,40,79,30,16,14,20
S01008202,203,11,3,8,31,28,20,21,30,43,3,0,3,16
S01008203,204,2,0,2,28,14,19,17,26,62,26,10,16,10
S01008204,322,24,3,21,54,20,39,52,39,68,15,10,5,11
S01008205,252,16,10,6,26,15,28,50,43,53,10,2,8,11
S01008206,232,10,3,7,21,15,28,47,26,64,12,8,4,9
S01008207,214,4,3,1,18,18,25,39,29,57,10,7,3,14
S01008208,289,28,3,25,54,28,37,44,35,44,9,3,6,10
S01008209,193,14,3,11,39,28,34,24,17,19,2,1,1,16
S01008210,333,21,5,16,62,33,45,50,43,54,11,4,7,14
S01008211,323,32,4,28,59,35,50,33,30,46,17,7,10,21
S01008212,210,26,4,22,52,13,30,35,20,17,3,1,2,14
S01008213,370,48,8,40,82,29,37,50,43,40,11,8,3,30
S01008214,250,19,5,14,48,27,35,34,23,40,17,10,7,7
S01008215,262,18,2,16,59,25,28,39,42,34,11,7,4,6
S01008216,197,17,6,11,40,23,28,22,20,19,6,2,4,22
S01008217,220,43,10,33,74,13,23,33,10,14,2,0,2,8
S01008218,402,64,11,53,108,31,56,34,33,38,9,3,6,29
S01008219,363,37,8,29,59,30,55,36,46,65,17,8,9,18
S01008220,205,8,2,6,20,4,17,37,37,51,19,14,5,12
S01008221,241,10,2,8,25,6,18,37,37,67,32,19,13,9
S01008222,205,8,2,6,24,15,20,32,33,55,12,7,5,6
S01008223,209,10,4,6,32,16,14,23,39,48,14,9,5,13
S01008224,358,29,4,25,70,50,43,55,49,44,5,4,1,13
S01008225,272,14,4,10,59,22,27,39,34,52,3,1,2,22
S01008226,256,5,1,4,28,18,29,33,47,62,23,13,10,11
S01008227,306,6,0,6,34,24,26,37,55,101,11,6,5,12
S01008228,232,19,3,16,50,24,45,20,24,33,2,1,1,15
S01008229,238,11,2,9,27,20,19,37,37,71,6,4,2,10
S01008230,299,29,8,21,58,24,47,45,29,42,7,5,2,18
S01008231,251,33,8,25,66,14,47,33,15,25,1,1,0,17
S01008232,239,30,4,26,43,19,33,29,28,32,11,7,4,14
S01008233,178,22,4,18,39,16,24,16,16,28,6,5,1,11
S01008234,143,5,1,4,21,10,17,24,20,35,6,5,1,5
S01008235,296,23,1,22,37,18,39,51,36,67,10,5,5,15
S01008236,308,34,5,29,59,23,54,42,27,44,12,5,7,13
S01008237,325,29,3,26,46,24,54,34,54,55,13,7,6,16
S01008238,269,12,1,11,37,17,29,49,28,79,12,6,6,6
S01008239,277,25,7,18,47,11,51,41,32,52,7,5,2,11
S01008240,323,84,15,69,80,26,45,24,18,24,3,0,3,19
S01008241,252,55,16,39,83,23,31,18,10,8,4,2,2,20
S01008242,330,58,12,46,64,21,51,37,34,40,14,11,3,11
S01008243,321,75,14,61,79,11,46,30,28,26,6,4,2,20
S01008244,184,38,6,32,48,7,26,20,11,17,6,3,3,11
S01008245,357,73,13,60,95,21,49,30,39,30,4,1,3,16
S01008246,352,86,13,73,83,18,49,32,31,26,4,2,2,23
S01008247,306,52,14,38,66,14,68,29,27,29,5,4,1,16
S01008248,334,52,8,44,64,10,64,38,36,39,10,5,5,21
S01008249,339,69,14,55,89,12,69,30,26,24,7,3,4,13
S01008250,371,96,18,78,77,27,69,15,33,19,8,4,4,27
S01008251,248,74,13,61,71,14,25,15,15,12,4,2,2,18
S01008252,307,57,11,46,91,27,32,33,13,26,6,3,3,22
S01008253,273,20,3,17,49,15,30,36,35,64,12,6,6,12
S01008254,343,26,6,20,66,21,28,53,42,70,24,15,9,13
S01008255,241,27,4,23,51,21,31,27,25,31,11,8,3,17
S01008256,308,19,2,17,36,15,41,38,49,68,21,11,10,21
S01008257,185,28,6,22,42,12,24,11,19,38,5,5,0,6
S01008258,330,49,13,36,78,30,28,31,44,49,6,5,1,15
S01008259,290,49,15,34,70,12,44,20,38,34,10,5,5,13
S01008260,286,22,6,16,44,16,23,39,56,57,14,11,3,15
S01008261,320,20,7,13,41,16,36,51,44,81,14,9,5,17
S01008262,225,40,9,31,44,7,43,34,27,15,4,3,1,11
S01008263,219,65,12,53,43,12,29,20,16,16,3,3,0,15
S01008264,241,33,7,26,50,15,27,37,26,35,6,3,3,12
S01008265,214,59,8,51,65,13,25,15,12,14,3,2,1,8
S01008266,225,83,24,59,60,9,28,13,9,5,3,1,2,15
S01008267,300,62,17,45,59,21,55,30,34,23,4,2,2,12
S01008268,304,100,22,78,89,23,30,22,12,10,1,0,1,17
S01008269,241,75,16,59,67,12,21,12,19,13,7,5,2,15
S01008270,240,61,11,50,80,12,33,10,7,11,11,5,6,15
S01008271,254,22,3,19,65,17,44,31,25,18,16,10,6,16
S01008272,357,69,15,54,88,23,47,37,34,27,4,3,1,28
S01008273,279,71,14,57,76,15,28,24,16,22,5,2,3,22
S01008274,250,29,5,24,38,8,33,46,40,35,8,4,4,13
S01008275,191,52,9,43,40,8,21,18,11,24,5,5,0,12
S01008276,203,50,14,36,47,12,24,20,17,16,7,5,2,10
S01008277,176,36,7,29,47,5,44,13,12,9,0,0,0,10
S01008278,270,86,17,69,69,12,38,15,14,16,4,2,2,16
S01008279,248,27,6,21,51,17,34,26,29,48,6,3,3,10
S01008280,355,62,13,49,77,16,62,36,33,40,13,2,11,16
S01008281,269,46,15,31,56,10,48,27,37,28,10,4,6,7
S01008282,261,34,8,26,55,10,64,23,33,26,5,2,3,11
S01008283,188,49,7,42,35,12,29,10,19,11,8,2,6,15
S01008284,297,52,14,38,64,12,39,36,27,40,10,4,6,17
S01008285,251,12,1,11,26,15,31,50,41,58,10,3,7,8
S01008286,255,22,6,16,28,10,34,43,36,66,8,4,4,8
S01008287,272,32,10,22,50,17,25,34,28,52,15,5,10,19
S01008288,322,54,11,43,66,16,44,32,34,44,16,8,8,16
S01008289,237,18,6,12,51,21,32,36,29,37,6,3,3,7
S01008290,314,47,10,37,68,17,48,33,34,32,16,6,10,19
S01008291,244,31,10,21,38,22,21,51,32,38,5,2,3,6
S01008292,265,30,5,25,39,12,21,29,36,66,18,9,9,14
S01008293,205,62,8,54,53,20,23,13,9,5,5,3,2,15
S01008294,323,70,15,55,73,19,32,45,24,36,11,7,4,13
S01008295,375,33,9,24,72,41,32,62,44,49,12,8,4,30
S01008296,238,23,4,19,36,19,26,33,26,33,24,16,8,18
S01008297,268,32,7,25,54,23,30,32,28,31,12,8,4,26
S01008298,290,28,4,24,47,25,35,42,37,35,14,9,5,27
S01008299,276,14,3,11,49,20,25,31,40,48,27,13,14,22
S01008300,293,17,4,13,44,19,36,38,48,36,30,15,15,25
S01008301,330,48,9,39,65,43,36,39,24,35,16,7,9,24
S01008302,275,69,16,53,56,18,46,21,13,17,3,1,2,32
S01008303,209,27,6,21,33,18,23,29,25,27,10,4,6,17
S01008304,198,39,5,34,38,11,18,31,19,12,4,3,1,26
S01008305,292,43,13,30,63,34,23,44,36,22,7,4,3,20
S01008306,249,20,2,18,63,22,28,31,21,36,7,7,0,21
S01008307,206,27,7,20,49,32,19,23,15,23,5,1,4,13
S01008308,218,45,10,35,55,23,18,29,12,12,6,4,2,18
S01008309,242,25,8,17,27,18,18,32,38,40,20,10,10,24
S01008310,324,22,4,18,55,20,28,54,36,52,22,8,14,35
S01008311,152,12,3,9,20,16,11,22,24,25,10,3,7,12
S01008312,146,19,3,16,35,14,6,12,27,13,9,7,2,11
S01008313,310,21,9,12,40,12,26,49,63,57,35,22,13,7
S01008314,226,15,3,12,25,18,23,37,36,35,14,6,8,23
S01008315,257,17,4,13,34,20,31,41,33,47,20,8,12,14
S01008316,185,9,1,8,18,13,13,17,22,52,29,17,12,12
S01008317,273,26,5,21,51,21,28,30,31,45,19,16,3,22
S01008318,333,59,22,37,75,31,41,33,32,36,6,4,2,20
S01008319,241,16,1,15,34,20,26,29,41,46,12,6,6,17
S01008320,237,26,11,15,40,18,23,36,32,32,12,8,4,18
S01008321,203,23,4,19,45,19,24,27,15,20,10,7,3,20
S01008322,360,32,8,24,61,35,30,56,50,53,23,9,14,20
S01008323,257,8,2,6,26,20,31,27,48,53,25,11,14,19
S01008324,234,15,5,10,29,14,20,24,42,45,22,13,9,23
S01008325,240,8,2,6,25,16,8,36,42,57,27,15,12,21
S01008326,323,9,2,7,40,20,30,43,63,73,29,11,18,16
S01008327,292,14,1,13,32,29,20,42,57,57,23,11,12,18
S01008328,229,55,7,48,61,23,29,11,10,9,9,5,4,22
S01008329,320,65,13,52,95,25,39,21,17,16,8,4,4,34
S01008330,303,47,15,32,84,34,32,21,29,20,10,1,9,26
S01008331,215,33,6,27,54,13,33,14,21,17,6,4,2,24
S01008332,299,75,14,61,85,14,41,11,21,12,7,4,3,33
S01008333,317,98,29,69,87,14,49,6,17,8,4,2,2,34
S01008334,251,59,8,51,69,21,30,18,15,13,5,1,4,21
S01008335,233,31,7,24,59,20,20,27,25,24,8,4,4,19
S01008336,207,24,3,21,53,15,30,18,18,23,9,3,6,17
S01008337,290,71,11,60,86,20,16,33,16,15,12,6,6,21
S01008338,276,74,11,63,78,13,32,12,14,8,4,2,2,41
S01008339,240,53,9,44,57,31,29,12,22,11,6,5,1,19
S01008340,283,56,6,50,78,21,36,16,19,12,8,2,6,37
S01008341,236,69,12,57,63,16,35,8,10,5,6,2,4,24
S01008342,324,68,10,58,76,21,32,27,31,27,10,8,2,32
S01008343,309,102,16,86,86,10,39,9,9,10,7,2,5,37
S01008344,308,112,28,84,76,12,47,12,10,3,3,2,1,33
S01008345,330,108,24,84,82,8,54,8,11,6,7,5,2,46
S01008346,321,106,29,77,87,15,44,11,8,6,8,1,7,36
S01008347,299,67,14,53,86,14,52,9,10,13,11,5,6,37
S01008348,241,64,9,55,63,19,36,14,6,7,7,3,4,25
S01008349,288,100,21,79,81,11,36,8,7,0,4,1,3,41
S01008350,199,49,12,37,65,15,33,5,4,6,6,1,5,16
S01008351,296,87,23,64,88,18,27,13,13,7,7,4,3,36
S01008352,223,74,12,62,58,10,29,10,7,3,3,3,0,29
S01008353,168,48,12,36,41,7,29,6,5,4,1,0,1,27
S01008354,239,58,13,45,59,9,48,22,7,14,6,3,3,16
S01008355,216,30,7,23,42,13,34,25,14,28,9,4,5,21
S01008356,196,38,7,31,54,15,26,19,12,12,5,1,4,15
S01008357,236,64,14,50,51,29,23,22,16,10,4,2,2,17
S01008358,228,33,8,25,42,13,34,29,24,26,9,2,7,18
S01008359,212,37,9,28,51,24,42,22,6,10,4,2,2,16
S01008360,301,85,18,67,72,25,41,15,8,16,5,2,3,34
S01008361,189,34,11,23,47,21,22,17,15,11,3,2,1,19
S01008362,302,59,5,54,100,28,32,20,14,16,2,1,1,31
S01008363,267,70,17,53,66,26,26,17,18,11,4,2,2,29
S01008364,261,63,15,48,66,13,39,15,19,8,4,3,1,34
S01008365,245,67,16,51,65,15,46,11,9,4,5,2,3,23
S01008366,267,42,4,38,62,27,25,17,28,24,15,8,7,27
S01008367,254,31,6,25,49,16,33,24,20,35,19,12,7,27
S01008368,224,41,4,37,70,23,26,14,13,20,4,0,4,13
S01008369,175,32,8,24,44,10,14,12,15,26,7,1,6,15
S01008370,231,39,6,33,64,17,31,14,16,12,6,3,3,32
S01008371,269,64,17,47,64,31,19,29,15,12,3,1,2,32
S01008372,294,51,16,35,67,29,23,38,21,15,9,3,6,41
S01008373,278,67,11,56,89,21,23,17,17,7,5,3,2,32
S01008374,245,49,7,42,69,31,17,22,11,14,2,0,2,30
S01008375,290,62,15,47,79,26,31,20,22,10,4,3,1,36
S01008376,192,54,13,41,49,14,17,14,6,13,7,3,4,18
S01008377,265,55,6,49,69,30,32,19,15,11,8,5,3,26
S01008378,332,86,19,67,86,27,31,22,20,12,6,4,2,42
S01008379,179,29,9,20,64,10,15,25,6,6,5,2,3,19
S01008380,250,55,10,45,71,24,23,20,12,12,5,3,2,28
S01008381,226,48,5,43,59,26,33,13,6,9,3,0,3,29
S01008382,232,51,9,42,66,22,30,15,10,14,1,0,1,23
S01008383,169,43,8,35,46,12,17,13,9,11,3,0,3,15
S01008384,350,52,5,47,80,40,32,36,33,27,7,5,2,43
S01008385,239,66,10,56,62,15,29,13,15,11,8,5,3,20
S01008386,301,29,5,24,76,36,26,38,23,27,9,5,4,37
S01008387,209,30,6,24,56,30,23,12,18,13,5,1,4,22
S01008388,219,22,1,21,59,26,24,22,20,23,4,1,3,19
S01008389,160,38,8,30,52,7,24,11,7,7,1,0,1,13
S01008390,225,56,9,47,60,9,29,15,16,10,4,3,1,26
S01008391,246,59,9,50,73,11,20,18,18,12,4,0,4,31
S01008392,322,94,17,77,87,23,28,19,15,9,9,9,0,38
S01008393,256,86,15,71,67,14,22,16,9,10,5,3,2,27
S01008394,287,97,28,69,76,14,24,10,7,15,1,0,1,43
S01008395,195,37,9,28,58,19,17,14,14,9,4,3,1,23
S01008396,201,34,8,26,51,18,32,11,12,17,7,3,4,19
S01008397,339,97,19,78,84,25,32,28,18,13,8,4,4,34
S01008398,197,56,11,45,55,16,19,11,14,6,2,0,2,18
S01008399,165,30,5,25,46,18,26,10,11,4,3,3,0,17
S01008400,227,58,7,51,51,29,24,13,12,8,7,7,0,25
S01008401,317,51,7,44,93,36,40,20,30,14,4,4,0,29
S01008402,378,127,26,101,85,19,71,14,11,9,3,3,0,39
S01008403,200,65,11,54,42,13,26,11,5,10,5,1,4,23
S01008404,302,89,12,77,83,21,35,9,16,15,7,1,6,27
S01008405,272,100,18,82,63,13,30,10,11,9,9,4,5,27
S01008406,282,79,7,72,73,17,35,8,18,11,14,9,5,27
S01008407,169,32,9,23,46,14,16,13,9,12,14,13,1,13
S01008408,217,42,9,33,54,14,26,13,9,21,7,6,1,31
S01008409,285,31,9,22,48,39,28,40,35,30,14,11,3,20
S01008410,185,38,6,32,40,15,27,8,18,13,9,6,3,17
S01008411,212,24,4,20,39,25,32,20,17,23,9,7,2,23
S01008412,245,41,9,32,51,15,28,27,14,12,12,8,4,45
S01008413,207,35,5,30,36,18,22,17,19,21,14,8,6,25
S01008414,164,39,7,32,47,15,18,8,8,5,1,1,0,23
S01008415,301,31,5,26,58,25,38,32,36,38,10,7,3,33
S01008416,353,29,4,25,56,31,36,46,44,57,27,14,13,27
S01008417,270,67,12,55,85,13,37,16,9,13,9,6,3,21
S01008418,258,72,12,60,70,17,35,14,15,19,2,1,1,14
S01008419,178,52,16,36,54,6,14,8,10,9,6,2,4,19
S01008420,166,48,2,46,33,15,12,14,6,16,3,0,3,19
S01008421,290,54,9,45,64,29,25,28,26,27,15,6,9,22
S01008422,211,72,14,58,69,7,15,8,11,11,0,0,0,18
S01008423,369,122,26,96,99,16,42,11,11,16,7,5,2,45
S01008424,284,105,23,82,85,15,22,14,9,6,3,2,1,25
S01008425,1319,81,11,70,80,43,47,26,19,22,13,9,4,988
S01008426,186,12,2,10,30,10,9,35,33,33,5,3,2,19
S01008427,432,91,20,71,87,52,44,40,33,32,7,3,4,46
S01008428,220,23,4,19,35,19,26,27,20,47,3,2,1,20
S01008429,295,67,17,50,74,35,28,21,15,22,8,4,4,25
S01008430,220,44,9,35,58,16,20,14,22,17,8,5,3,21
S01008431,303,60,5,55,75,34,24,18,21,34,12,9,3,25
S01008432,243,51,8,43,68,34,24,20,12,7,5,2,3,22
S01008433,310,39,11,28,72,40,38,42,30,36,3,3,0,10
S01008434,313,42,3,39,83,32,41,37,26,18,8,6,2,26
S01008435,288,63,13,50,70,34,29,34,25,18,2,2,0,13
S01008436,293,68,12,56,66,27,33,27,21,14,6,3,3,31
S01008437,234,55,10,45,48,25,33,15,18,13,6,3,3,21
S01008438,166,42,9,33,54,8,31,0,9,5,8,6,2,9
S01008439,382,156,33,123,107,20,27,17,12,7,6,4,2,30
S01008440,323,143,23,120,91,14,29,9,11,5,3,0,3,18
S01008441,165,53,15,38,40,15,21,6,6,8,3,2,1,13
S01008442,251,91,18,73,69,13,32,11,7,9,3,2,1,16
S01008443,211,64,6,58,56,10,25,11,9,10,2,1,1,24
S01008444,243,62,29,33,54,28,23,15,14,18,8,4,4,21
S01008445,261,46,12,34,100,38,21,12,16,10,3,2,1,15
S01008446,429,95,14,81,98,11,24,10,8,8,3,3,0,172
S01008447,235,74,13,61,72,12,36,15,9,9,2,0,2,6
S01008448,296,55,13,42,57,34,50,22,19,20,6,4,2,33
S01008449,274,15,3,12,25,8,24,28,52,50,43,28,15,29
S01008450,159,4,1,3,14,5,15,23,26,34,18,7,11,20
S01008451,255,8,0,8,14,17,17,20,41,62,48,23,25,28
S01008452,215,6,3,3,15,15,13,22,47,50,18,9,9,29
S01008453,184,19,0,19,23,14,17,24,28,18,19,8,11,22
S01008454,303,5,0,5,33,25,23,27,63,58,24,21,3,45
S01008455,434,18,1,17,35,33,17,48,73,94,35,18,17,81
S01008456,417,10,0,10,43,28,33,52,66,93,57,23,34,35
S01008457,221,3,1,2,21,20,7,27,45,57,21,11,10,20
S01008458,368,17,0,17,51,29,33,56,66,65,22,13,9,29
S01008459,300,9,0,9,25,22,15,38,55,70,43,26,17,23
S01008460,276,3,0,3,19,15,10,34,55,65,43,21,22,32
S01008461,339,7,0,7,31,19,21,44,62,88,39,25,14,28
S01008462,259,3,1,2,19,20,15,22,53,73,37,15,22,17
S01008463,286,11,1,10,24,14,16,38,57,67,34,16,18,25
S01008464,283,16,2,14,49,33,20,44,44,49,15,7,8,13
S01008465,264,17,3,14,30,34,21,31,48,47,7,4,3,29
S01008466,286,16,1,15,28,26,14,43,48,64,15,6,9,32
S01008467,273,9,2,7,27,24,34,44,52,54,14,4,10,15
S01008468,216,5,0,5,17,20,19,35,43,33,10,6,4,34
S01008469,239,17,2,15,35,15,25,20,30,37,11,9,2,49
S01008470,280,11,1,10,24,6,18,33,47,80,29,18,11,32
S01008471,294,7,1,6,27,25,18,32,56,70,26,15,11,33
S01008472,240,5,0,5,28,19,28,34,38,43,16,10,6,29
S01008473,258,13,3,10,26,21,18,25,42,57,24,14,10,32
S01008474,286,11,2,9,30,25,15,35,59,69,20,7,13,22
S01008475,196,7,3,4,31,25,14,24,40,29,6,3,3,20
S01008476,250,18,1,17,35,21,16,29,35,63,23,17,6,10
S01008477,293,12,3,9,36,28,23,48,46,72,15,8,7,13
S01008478,261,18,1,17,40,30,19,30,33,43,24,13,11,24
S01008479,271,10,1,9,46,27,20,37,44,48,22,16,6,17
S01008480,233,24,1,23,41,27,10,21,32,32,8,3,5,38
S01008481,969,35,5,30,84,47,113,137,148,206,154,145,9,45
S01008482,208,14,5,9,33,20,19,26,26,37,16,10,6,17
S01008483,235,13,1,12,32,18,29,25,37,38,7,5,2,36
S01008484,274,24,5,19,46,22,36,42,40,36,17,9,8,11
S01008485,371,31,7,24,88,40,41,39,38,35,7,3,4,52
S01008486,311,25,5,20,69,28,34,37,38,43,7,4,3,30
S01008487,337,82,15,67,73,31,34,33,24,19,5,1,4,36
S01008488,296,32,2,30,58,21,26,34,36,38,11,7,4,40
S01008489,230,18,3,15,36,30,21,24,23,36,16,8,8,26
S01008490,370,61,7,54,73,38,22,40,47,36,12,5,7,41
S01008491,385,60,7,53,64,42,23,21,43,31,14,7,7,87
S01008492,386,53,4,49,92,36,19,27,43,35,29,25,4,52
S01008493,285,29,3,26,48,32,20,21,37,45,8,5,3,45
S01008494,289,33,0,33,56,37,21,21,27,35,15,9,6,44
S01008495,452,54,0,54,86,49,16,37,47,40,26,13,13,97
S01008496,528,89,7,82,91,57,26,37,42,42,25,8,17,119
S01008497,399,61,2,59,84,40,17,32,54,38,16,8,8,57
S01008498,385,53,5,48,72,37,25,54,37,33,19,9,10,55
S01008499,523,69,6,63,85,50,24,39,42,47,20,11,9,147
S01008500,201,21,2,19,24,22,4,16,19,27,23,16,7,45
S01008501,286,81,3,78,60,21,5,16,14,14,7,6,1,68
S01008502,316,55,3,52,56,43,8,16,17,8,11,8,3,102
S01008503,373,82,2,80,103,34,20,22,27,18,6,2,4,61
S01008504,442,127,12,115,119,27,19,27,16,18,11,8,3,78
S01008505,269,76,13,63,80,17,19,11,14,17,4,1,3,31
S01008506,277,89,12,77,77,20,16,8,16,14,3,1,2,34
S01008507,349,69,4,65,91,26,23,14,19,12,5,2,3,90
S01008508,301,97,11,86,89,16,41,10,11,10,5,3,2,22
S01008509,332,110,13,97,105,27,22,15,8,12,10,5,5,23
S01008510,333,71,18,53,92,17,42,27,15,11,4,3,1,54
S01008511,304,99,15,84,73,12,40,15,12,17,6,4,2,30
S01008512,172,63,15,48,51,7,16,6,5,5,4,0,4,15
S01008513,224,93,22,71,60,13,22,5,9,4,2,2,0,16
S01008514,272,108,13,95,88,9,21,7,5,10,4,3,1,20
S01008515,255,95,11,84,60,14,27,10,11,7,4,1,3,27
S01008516,395,81,8,73,96,30,19,18,34,21,9,2,7,87
S01008517,331,72,8,64,90,23,13,13,11,11,6,2,4,92
S01008518,313,126,10,116,83,16,15,9,14,8,1,0,1,41
S01008519,259,114,8,106,68,8,17,5,15,5,5,3,2,22
S01008520,363,136,26,110,105,20,39,13,15,4,3,2,1,28
S01008521,322,141,21,120,80,15,31,9,9,5,6,5,1,26
S01008522,189,73,12,61,56,8,20,3,6,3,2,1,1,18
S01008523,340,140,30,110,111,14,20,9,11,3,5,3,2,27
S01008524,314,9,2,7,36,26,33,42,48,54,25,11,14,41
S01008525,226,13,0,13,30,29,16,28,30,45,16,6,10,19
S01008526,319,23,3,20,61,26,33,36,45,58,15,9,6,22
S01008527,240,17,1,16,53,31,16,35,34,30,7,7,0,17
S01008528,231,25,3,22,51,25,29,20,34,20,11,3,8,16
S01008529,256,22,7,15,47,33,27,34,22,35,15,7,8,21
S01008530,240,8,0,8,31,21,21,33,36,51,20,10,10,19
S01008531,247,18,4,14,25,23,22,33,40,53,21,14,7,12
S01008532,148,10,1,9,20,13,19,15,23,26,10,5,5,12
S01008533,185,9,2,7,81,47,11,9,4,6,11,10,1,7
S01008534,280,44,9,35,78,49,26,15,14,13,3,0,3,38
S01008535,263,68,12,56,54,22,35,12,17,20,5,2,3,30
S01008536,182,56,6,50,46,15,24,9,10,8,1,0,1,13
S01008537,240,79,12,67,64,20,22,9,10,6,5,2,3,25
S01008538,179,57,9,48,57,9,18,5,4,5,5,2,3,19
S01008539,294,100,18,82,81,19,24,13,18,11,4,2,2,24
S01008540,284,85,13,72,78,24,39,14,8,10,2,0,2,24
S01008541,285,73,7,66,93,35,24,6,15,13,5,4,1,21
S01008542,332,93,20,73,102,32,28,11,17,13,4,1,3,32
S01008543,270,63,9,54,71,26,34,26,11,14,1,1,0,24
S01008544,232,82,13,69,55,11,22,14,9,6,3,0,3,30
S01008545,303,109,17,92,86,17,37,7,12,6,2,1,1,27
S01008546,316,118,29,89,96,21,32,5,11,8,2,1,1,23
S01008547,374,54,9,45,93,30,51,42,36,31,8,3,5,29
S01008548,295,37,11,26,65,25,38,42,28,34,11,5,6,15
S01008549,352,38,5,33,68,35,58,54,31,41,12,7,5,15
S01008550,300,68,13,55,83,16,35,25,24,17,4,3,1,28
S01008551,372,55,7,48,79,42,66,28,32,37,8,6,2,25
S01008552,324,55,4,51,81,22,44,28,34,26,7,5,2,27
S01008553,205,26,5,21,32,22,31,20,16,34,10,7,3,14
S01008554,352,24,4,20,25,15,35,43,57,80,40,24,16,33
S01008555,334,17,2,15,46,23,29,29,49,77,32,21,11,32
S01008556,244,7,1,6,27,15,26,33,34,53,21,11,10,28
S01008557,266,10,2,8,34,12,19,44,36,70,21,12,9,20
S01008558,292,20,4,16,33,31,29,32,51,52,20,17,3,24
S01008559,226,12,3,9,30,9,21,34,32,52,19,12,7,17
S01008560,246,12,2,10,26,17,22,42,36,50,24,17,7,17
S01008561,238,17,3,14,36,20,25,25,37,47,7,3,4,24
S01008562,184,7,0,7,26,15,18,24,30,42,14,7,7,8
S01008563,282,19,2,17,35,10,23,37,41,75,22,15,7,20
S01008564,214,12,2,10,28,14,23,41,28,45,12,7,5,11
S01008565,289,11,3,8,30,24,32,39,35,66,31,18,13,21
S01008566,371,21,4,17,37,25,46,64,50,77,32,24,8,19
S01008567,273,15,2,13,32,17,29,34,48,56,22,15,7,20
S01008568,282,24,1,23,54,27,36,27,45,29,17,11,6,23
S01008569,292,24,0,24,15,14,21,25,41,72,53,23,30,27
S01008570,305,13,2,11,30,18,36,48,46,52,35,17,18,27
S01008571,237,18,2,16,28,19,30,22,56,40,7,3,4,17
S01008572,300,22,3,19,40,27,38,32,48,54,15,9,6,24
S01008573,302,60,9,51,62,24,44,34,24,26,6,5,1,22
S01008574,281,60,7,53,59,28,36,25,19,22,4,4,0,28
S01008575,279,78,15,63,60,26,41,18,14,8,3,1,2,31
S01008576,300,43,4,39,67,23,45,28,28,23,5,3,2,38
S01008577,276,64,8,56,61,17,41,18,19,21,12,8,4,23
S01008578,255,104,20,84,65,12,29,5,8,5,1,1,0,26
S01008579,244,68,7,61,56,10,43,12,14,14,3,2,1,24
S01008580,211,43,3,40,38,19,17,17,23,18,6,3,3,30
S01008581,316,26,3,23,44,22,23,42,52,54,24,11,13,29
S01008582,378,43,4,39,51,31,43,44,42,64,24,11,13,36
S01008583,257,31,2,29,24,17,28,27,31,48,10,6,4,41
S01008584,295,41,7,34,34,27,25,20,35,47,18,11,7,48
S01008585,216,20,2,18,36,21,15,30,31,27,11,4,7,25
S01008586,290,22,1,21,39,18,24,42,45,57,18,13,5,25
S01008587,372,101,15,86,57,15,32,16,13,8,15,12,3,115
S01008588,269,76,4,72,65,16,19,10,11,8,8,5,3,56
S01008589,123,32,4,28,26,16,13,6,11,4,3,3,0,12
S01008590,234,62,9,53,57,12,16,9,15,9,3,1,2,51
S01008591,332,87,7,80,64,15,24,20,17,9,8,5,3,88
S01008592,270,42,3,39,49,14,25,26,21,17,7,6,1,69
S01008593,264,116,18,98,55,8,32,7,8,5,3,3,0,30
S01008594,382,148,17,131,73,14,35,5,14,11,5,2,3,77
S01008595,338,40,2,38,53,32,21,36,33,58,21,18,3,44
S01008596,331,32,1,31,36,24,21,34,39,48,24,16,8,73
S01008597,311,61,11,50,67,39,36,21,27,29,5,4,1,26
S01008598,358,41,2,39,53,13,16,17,21,19,5,3,2,173
S01008599,409,113,14,99,86,14,19,9,16,11,5,4,1,136
S01008600,296,72,12,60,49,9,32,12,16,8,12,5,7,86
S01008601,1077,55,9,46,42,12,14,12,23,9,10,8,2,900
S01008602,282,50,5,45,36,14,16,12,15,11,8,4,4,120
S01008603,512,75,4,71,67,26,24,17,23,16,19,6,13,245
S01008604,377,102,12,90,64,14,32,18,17,12,4,2,2,114
S01008605,327,89,12,77,50,18,11,12,18,6,9,0,9,114
S01008606,286,104,11,93,68,13,23,12,10,5,3,0,3,48
S01008607,208,103,14,89,42,8,15,3,6,6,7,1,6,18
S01008608,241,92,6,86,63,13,20,10,3,5,2,1,1,33
S01008609,288,92,12,80,80,15,34,12,9,6,4,1,3,36
S01008610,269,81,13,68,60,11,19,8,8,8,2,1,1,72
S01008611,592,107,5,102,89,32,15,11,22,11,12,5,7,293
S01008612,358,64,1,63,58,17,16,12,16,11,10,6,4,154
S01008613,306,85,6,79,48,20,9,7,12,10,8,6,2,107
S01008614,313,68,6,62,26,10,11,9,8,11,9,4,5,161
S01008615,335,71,2,69,49,9,11,6,14,8,5,5,0,162
S01008616,268,49,1,48,43,11,9,6,7,5,3,2,1,135
S01008617,360,41,5,36,46,10,10,8,4,3,2,1,1,236
S01008618,324,48,4,44,28,10,6,7,12,2,2,1,1,209
S01008619,209,31,1,30,42,4,10,5,14,5,4,3,1,94
S01008620,324,52,4,48,46,18,13,13,10,9,2,1,1,161
S01008621,316,44,0,44,33,9,16,8,11,3,3,2,1,189
S01008622,223,54,4,50,34,15,8,11,5,8,1,0,1,87
S01008623,365,97,10,87,54,9,21,1,12,7,5,3,2,159
S01008624,239,93,10,83,57,10,31,15,4,13,3,2,1,13
S01008625,195,99,17,82,46,5,12,2,5,4,5,4,1,17
S01008626,336,133,18,115,83,17,22,10,9,11,5,4,1,46
S01008627,224,79,12,67,72,10,17,4,6,5,6,3,3,25
S01008628,242,67,3,64,66,14,16,5,11,7,5,4,1,51
S01008629,211,59,8,51,49,18,8,4,14,10,5,2,3,44
S01008630,245,48,7,41,40,13,16,5,11,6,5,3,2,101
S01008631,368,98,9,89,91,28,26,11,20,11,8,1,7,75
S01008632,415,83,6,77,79,28,19,16,28,33,88,83,5,41
S01008633,315,112,23,89,80,18,24,9,9,6,8,4,4,49
S01008634,309,95,13,82,63,10,27,6,8,5,2,2,0,93
S01008635,322,102,8,94,60,15,33,6,12,7,5,2,3,82
S01008636,314,92,15,77,76,21,15,8,10,9,3,1,2,80
S01008637,239,86,7,79,57,8,23,8,11,8,2,2,0,36
S01008638,338,58,2,56,60,18,22,24,30,11,7,6,1,108
S01008639,392,106,5,101,83,31,28,18,22,15,10,5,5,79
S01008640,336,86,1,85,63,15,20,14,14,9,5,0,5,110
S01008641,343,69,3,66,62,18,12,12,22,6,7,4,3,135
S01008642,400,106,11,95,99,23,19,15,14,8,0,0,0,116
S01008643,276,75,5,70,79,14,18,17,15,4,6,4,2,48
S01008644,333,51,5,46,70,17,17,12,19,15,11,5,6,121
S01008645,338,73,7,66,60,22,16,15,20,19,5,3,2,108
S01008646,376,77,6,71,80,24,19,24,36,16,6,2,4,94
S01008647,297,77,4,73,63,21,12,14,20,17,6,2,4,67
S01008648,275,51,3,48,46,20,8,28,22,21,3,2,1,76
S01008649,414,84,7,77,93,47,10,37,44,35,7,3,4,57
S01008650,346,74,7,67,65,43,11,24,40,20,3,3,0,66
S01008651,524,70,5,65,79,36,22,29,24,35,23,17,6,206
S01008652,291,45,2,43,55,28,18,26,39,27,16,8,8,37
S01008653,373,54,1,53,58,28,12,27,41,33,22,17,5,98
S01008654,504,90,8,82,84,41,20,28,54,34,24,13,11,129
S01008655,403,94,6,88,79,37,22,26,10,23,10,9,1,102
S01008656,348,37,2,35,66,37,16,23,47,29,17,8,9,76
S01008657,335,48,7,41,61,35,14,24,12,26,16,11,5,99
S01008658,538,66,6,60,76,47,19,37,42,39,31,13,18,181
S01008659,416,52,5,47,57,16,24,32,29,27,12,6,6,167
S01008660,493,102,10,92,87,30,18,28,24,8,15,5,10,181
S01008661,419,47,3,44,57,39,20,26,33,33,19,12,7,145
S01008662,378,36,1,35,32,17,9,17,17,14,12,8,4,224
S01008663,398,42,2,40,75,28,22,19,20,35,12,5,7,145
S01008664,341,65,3,62,71,27,15,16,21,21,11,5,6,94
S01008665,566,70,6,64,88,29,33,39,27,37,38,27,11,205
S01008666,448,57,4,53,56,18,11,17,16,9,5,2,3,259
S01008667,391,55,6,49,41,15,14,14,14,17,7,5,2,214
S01008668,275,48,1,47,23,16,15,9,13,8,3,2,1,140
S01008669,243,11,1,10,14,9,7,3,13,4,6,5,1,176
S01008670,382,31,3,28,28,12,13,8,13,7,4,0,4,266
S01008671,370,29,1,28,32,14,11,14,8,9,8,3,5,245
S01008672,285,46,3,43,29,17,7,10,18,13,3,2,1,142
S01008673,475,57,6,51,62,24,26,10,31,17,11,5,6,237
S01008674,472,42,0,42,60,21,15,14,14,23,16,6,10,267
S01008675,365,58,11,47,72,34,27,17,28,33,20,9,11,76
S01008676,354,57,1,56,77,18,26,12,14,22,10,5,5,118
S01008677,420,58,3,55,71,21,25,24,29,23,11,8,3,158
S01008678,517,39,6,33,54,14,22,19,31,25,16,10,6,297
S01008679,552,42,4,38,58,22,25,29,50,41,24,10,14,261
S01008680,307,33,2,31,28,21,9,14,20,20,14,7,7,148
S01008681,440,44,3,41,47,25,13,21,30,29,20,11,9,211
S01008682,362,51,4,47,47,17,22,24,26,30,17,13,4,128
S01008683,574,26,1,25,59,22,24,49,57,52,49,26,23,236
S01008684,420,47,5,42,59,21,30,23,43,53,41,22,19,103
S01008685,471,49,2,47,66,25,22,30,56,45,26,9,17,152
S01008686,382,42,4,38,64,34,33,46,49,46,23,12,11,45
S01008687,322,60,9,51,69,33,17,23,30,28,9,4,5,53
S01008688,383,73,12,61,93,36,29,28,27,32,19,11,8,46
S01008689,369,42,6,36,94,37,22,43,48,33,12,6,6,38
S01008690,402,79,11,68,85,41,35,32,38,29,13,7,6,50
S01008691,503,65,12,53,136,55,39,57,61,30,24,12,12,36
S01008692,306,37,7,30,69,34,17,27,35,30,20,9,11,37
S01008693,163,12,2,10,26,13,30,27,21,20,4,1,3,10
S01008694,432,70,2,68,107,60,24,34,52,33,7,4,3,45
S01008695,254,50,5,45,70,35,17,10,21,15,11,4,7,25
S01008696,252,51,12,39,69,30,27,18,14,16,5,2,3,22
S01008697,410,96,16,80,103,33,47,29,29,28,9,7,2,36
S01008698,181,28,4,24,41,19,23,20,20,11,2,1,1,17
S01008699,296,32,6,26,51,36,31,36,31,44,15,11,4,20
S01008700,199,50,14,36,51,10,26,6,13,9,9,6,3,25
S01008701,143,8,0,8,9,11,7,8,33,30,26,15,11,11
S01008702,243,30,3,27,36,23,17,19,32,24,15,8,7,47
S01008703,352,17,1,16,23,13,30,33,53,98,55,36,19,30
S01008704,243,14,4,10,33,20,26,21,37,47,32,20,12,13
S01008705,170,6,0,6,12,10,14,22,25,51,15,9,6,15
S01008706,175,8,1,7,15,12,15,10,27,44,28,21,7,16
S01008707,274,8,2,6,20,15,20,29,52,51,58,42,16,21
S01008708,371,11,1,10,30,28,22,44,84,70,56,29,27,26
S01008709,233,7,0,7,21,11,21,33,35,66,20,15,5,19
S01008710,162,7,0,7,18,13,11,20,28,27,26,14,12,12
S01008711,238,5,0,5,30,15,15,33,36,73,14,7,7,17
S01008712,396,22,3,19,17,26,31,61,62,101,52,35,17,24
S01008713,203,4,1,3,12,15,19,20,43,56,23,11,12,11
S01008714,192,15,3,12,23,13,21,21,27,41,24,9,15,7
S01008715,263,10,4,6,30,19,23,33,41,70,14,9,5,23
S01008716,172,6,2,4,28,12,29,15,24,37,10,4,6,11
S01008717,157,8,1,7,20,16,18,19,33,18,10,4,6,15
S01008718,196,16,3,13,24,21,33,21,24,34,6,4,2,17
S01008719,349,21,2,19,55,23,66,50,44,54,11,7,4,25
S01008720,196,13,0,13,26,24,25,23,27,32,9,5,4,17
S01008721,310,44,5,39,83,25,46,36,24,26,4,2,2,22
S01008722,366,60,18,42,93,32,61,29,19,33,8,6,2,31
S01008723,269,34,5,29,57,28,30,25,20,14,7,4,3,54
S01008724,302,61,11,50,98,17,42,24,18,12,8,5,3,22
S01008725,268,50,6,44,64,17,36,15,18,36,12,7,5,20
S01008726,194,58,12,46,66,9,19,12,4,8,3,1,2,15
S01008727,355,88,11,77,88,25,36,32,24,28,9,6,3,25
S01008728,163,15,0,15,31,14,18,14,24,21,12,7,5,14
S01008729,244,61,12,49,77,16,31,10,11,15,4,4,0,19
S01008730,299,47,4,43,72,32,34,28,16,25,24,11,13,21
S01008731,155,14,5,9,24,11,19,15,28,20,13,8,5,11
S01008732,230,12,1,11,46,21,27,32,27,38,16,7,9,11
S01008733,323,44,6,38,64,46,28,34,47,43,6,1,5,11
S01008734,199,42,5,37,53,14,28,11,12,16,11,7,4,12
S01008735,340,71,11,60,98,30,51,24,20,11,4,3,1,31
S01008736,251,38,10,28,59,21,30,35,23,15,7,7,0,23
S01008737,271,48,6,42,63,30,30,21,25,23,7,4,3,24
S01008738,259,61,11,50,56,32,42,20,9,13,7,4,3,19
S01008739,210,16,1,15,36,24,34,30,21,24,4,3,1,21
S01008740,201,19,5,14,38,32,28,27,18,15,3,1,2,21
S01008741,331,33,7,26,63,35,51,45,34,33,6,2,4,31
S01008742,167,21,3,18,39,16,16,12,20,26,4,3,1,13
S01008743,332,30,2,28,57,43,29,35,41,55,21,12,9,21
S01008744,363,46,9,37,46,43,34,39,59,51,11,3,8,34
S01008745,161,35,2,33,40,16,13,14,20,9,2,1,1,12
S01008746,406,34,6,28,66,30,30,41,58,81,23,10,13,43
S01008747,168,26,3,23,41,11,28,15,16,13,2,1,1,16
S01008748,226,43,5,38,49,24,31,22,24,15,6,5,1,12
S01008749,359,38,3,35,87,34,58,29,28,40,19,12,7,26
S01008750,240,37,7,30,55,29,36,27,26,15,4,2,2,11
S01008751,211,20,3,17,30,21,33,24,21,35,16,3,13,11
S01008752,271,3,1,2,35,34,30,29,43,54,36,19,17,7
S01008753,184,9,0,9,23,16,20,23,31,43,12,5,7,7
S01008754,256,22,3,19,42,30,27,36,35,42,15,10,5,7
S01008755,370,25,5,20,47,31,34,50,57,70,29,14,15,27
S01008756,288,13,1,12,30,22,18,41,61,47,25,11,14,31
S01008757,249,8,0,8,16,13,27,32,39,75,31,9,22,8
S01008758,286,12,3,9,29,21,34,36,46,61,26,13,13,21
S01008759,173,9,1,8,19,10,22,20,33,38,16,7,9,6
S01008760,350,17,3,14,26,18,32,47,54,90,40,20,20,26
S01008761,282,24,2,22,55,21,34,29,31,41,25,23,2,22
S01008762,210,22,3,19,46,21,26,21,26,28,4,3,1,16
S01008763,336,57,5,52,92,40,32,24,37,38,8,4,4,8
S01008764,265,50,6,44,69,20,30,26,25,17,8,6,2,20
S01008765,306,46,6,40,81,31,37,23,32,28,10,9,1,18
S01008766,350,55,14,41,72,35,62,40,28,30,12,6,6,16
S01008767,210,21,6,15,39,21,25,22,15,36,7,2,5,24
S01008768,198,26,3,23,37,25,23,22,22,21,9,5,4,13
S01008769,328,89,15,74,100,39,21,17,17,9,3,3,0,33
S01008770,379,105,19,86,109,25,39,21,16,22,6,3,3,36
S01008771,329,87,11,76,88,20,29,21,20,16,17,10,7,31
S01008772,307,66,6,60,71,30,29,26,21,31,13,9,4,20
S01008773,435,58,10,48,96,48,35,52,61,52,13,4,9,20
S01008774,402,37,6,31,75,41,39,50,48,56,26,12,14,30
S01008775,195,31,5,26,49,11,18,25,11,29,9,6,3,12
S01008776,342,28,0,28,51,38,21,31,58,53,33,19,14,29
S01008777,542,46,6,40,87,45,46,60,83,99,45,25,20,31
S01008778,515,107,6,101,155,39,50,31,41,37,27,11,16,28
S01008779,342,88,11,77,108,26,24,20,25,14,7,2,5,30
S01008780,274,54,4,50,85,21,17,21,19,27,5,3,2,25
S01008781,401,73,7,66,93,35,22,58,33,45,17,7,10,25
S01008782,351,75,7,68,90,28,28,37,25,24,16,14,2,28
S01008783,168,37,1,36,50,13,14,15,16,17,1,1,0,5
S01008784,196,35,7,28,55,14,18,19,18,17,9,3,6,11
S01008785,343,36,5,31,42,26,23,48,52,57,30,17,13,29
S01008786,462,73,11,62,123,45,31,53,35,46,26,12,14,30
S01008787,142,2,0,2,18,8,4,16,23,38,20,7,13,13
S01008788,305,70,8,62,84,25,15,36,23,23,8,4,4,21
S01008789,233,14,1,13,38,16,18,32,38,56,11,5,6,10
S01008790,290,32,3,29,56,18,29,26,29,38,30,18,12,32
S01008791,389,50,6,44,76,31,34,48,39,49,14,3,11,48
S01008792,326,43,3,40,79,32,22,30,45,39,20,13,7,16
S01008793,184,10,0,10,27,15,13,25,25,23,23,12,11,23
S01008794,308,38,4,34,53,29,21,34,51,46,16,6,10,20
S01008795,505,62,9,53,114,46,37,59,49,51,26,16,10,61
S01008796,438,45,3,42,84,25,29,47,74,72,23,12,11,39
S01008797,439,52,4,48,93,53,26,46,57,41,15,7,8,56
S01008798,351,40,3,37,75,40,22,44,35,32,22,5,17,41
S01008799,298,24,1,23,53,24,18,43,33,42,13,12,1,48
S01008800,516,66,4,62,121,52,39,51,61,62,18,10,8,46
S01008801,455,60,5,55,96,44,28,68,40,49,16,8,8,54
S01008802,453,52,2,50,86,40,33,53,59,54,17,5,12,59
S01008803,421,63,9,54,79,36,31,45,56,47,32,15,17,32
S01008804,259,30,6,24,50,21,20,29,29,33,9,7,2,38
S01008805,309,46,1,45,54,28,11,25,28,15,10,4,6,92
S01008806,453,88,10,78,102,37,31,46,40,28,16,10,6,65
S01008807,353,50,5,45,90,38,21,35,40,31,14,6,8,34
S01008808,277,61,3,58,63,21,32,21,25,19,11,3,8,24
S01008809,289,69,17,52,65,10,36,21,25,9,10,3,7,44
S01008810,292,71,10,61,87,21,17,18,13,26,4,3,1,35
S01008811,391,77,11,66,95,21,29,33,24,35,12,5,7,65
S01008812,208,50,3,47,55,7,15,8,18,16,2,1,1,37
S01008813,406,36,3,33,80,23,36,54,61,47,26,17,9,43
S01008814,349,43,6,37,64,24,35,48,30,26,18,8,10,61
S01008815,419,44,4,40,95,40,32,39,40,61,22,8,14,46
S01008816,229,38,3,35,58,25,12,18,21,19,23,15,8,15
S01008817,310,49,4,45,60,35,24,42,27,44,13,6,7,16
S01008818,275,51,1,50,75,24,19,34,31,25,1,0,1,15
S01008819,283,69,7,62,83,30,20,20,14,25,6,2,4,16
S01008820,486,53,5,48,128,56,36,36,51,56,42,29,13,28
S01008821,248,67,8,59,74,13,20,13,13,14,7,4,3,27
S01008822,264,74,13,61,85,14,27,12,18,8,7,7,0,19
S01008823,226,72,16,56,59,12,35,5,10,12,5,4,1,16
S01008824,348,95,16,79,107,24,31,20,32,16,8,4,4,15
S01008825,220,73,15,58,50,28,19,15,15,8,4,4,0,8
S01008826,264,61,9,52,54,21,30,19,27,28,12,6,6,12
S01008827,242,101,14,87,72,12,13,7,10,4,5,3,2,18
S01008828,313,75,11,64,91,21,40,21,21,12,9,5,4,23
S01008829,222,50,10,40,49,16,22,16,18,21,6,3,3,24
S01008830,236,68,10,58,74,18,18,7,13,10,6,2,4,22
S01008831,273,82,11,71,63,24,35,15,11,8,6,3,3,29
S01008832,284,78,20,58,63,17,33,10,18,10,18,8,10,37
S01008833,384,138,15,123,100,17,13,24,18,19,8,5,3,47
S01008834,385,115,20,95,100,32,44,17,16,16,8,6,2,37
S01008835,283,53,15,38,80,23,20,29,25,29,6,1,5,18
S01008836,290,48,7,41,63,21,19,37,24,44,8,5,3,26
S01008837,501,137,24,113,132,48,30,34,29,40,19,10,9,32
S01008838,442,92,11,81,127,51,27,40,34,24,10,5,5,37
S01008839,444,116,14,102,114,43,44,29,26,28,8,5,3,36
S01008840,402,104,6,98,112,35,30,19,26,21,8,3,5,47
S01008841,236,47,6,41,64,24,27,16,20,13,3,2,1,22
S01008842,401,75,8,67,79,31,28,27,48,29,12,9,3,72
S01008843,413,107,9,98,91,31,33,18,31,20,7,4,3,75
S01008844,277,75,5,70,79,17,16,10,17,21,9,4,5,33
S01008845,374,95,12,83,91,17,16,16,10,9,6,4,2,114
S01008846,346,70,8,62,76,31,39,14,16,11,7,3,4,82
S01008847,275,74,12,62,63,14,23,6,18,8,3,1,2,66
S01008848,367,103,15,88,94,20,28,8,9,8,17,12,5,80
S01008849,316,101,17,84,77,15,34,13,12,8,3,2,1,53
S01008850,344,121,24,97,82,7,22,9,4,4,7,4,3,88
S01008851,429,117,16,101,115,20,29,27,21,26,8,2,6,66
S01008852,404,160,24,136,97,16,32,8,12,12,3,2,1,64
S01008853,273,105,12,93,73,13,17,16,11,6,4,0,4,28
S01008854,442,130,23,107,120,17,34,11,10,12,12,4,8,96
S01008855,475,171,29,142,145,26,35,17,12,7,9,5,4,53
S01008856,240,60,7,53,78,19,18,13,11,16,4,2,2,21
S01008857,312,112,14,98,74,18,22,14,18,15,10,5,5,29
S01008858,214,72,11,61,68,16,15,9,10,6,2,0,2,16
S01008859,472,154,18,136,140,40,48,26,11,17,7,2,5,29
S01008860,344,92,2,90,94,32,26,16,27,18,11,5,6,28
S01008861,285,108,18,90,84,6,36,5,9,6,1,1,0,30
S01008862,383,124,20,104,98,28,36,24,15,18,8,5,3,32
S01008863,278,96,16,80,82,26,18,8,16,12,2,2,0,18
S01008864,404,88,8,80,89,14,18,8,11,7,5,2,3,164
S01008865,320,94,7,87,94,25,12,18,25,13,3,2,1,36
S01008866,318,118,12,106,102,16,32,9,7,9,4,1,3,21
S01008867,313,127,19,108,105,16,33,7,5,5,1,1,0,14
S01008868,382,104,18,86,90,12,20,29,17,23,4,2,2,83
S01008869,459,158,18,140,129,38,33,22,16,17,6,0,6,40
S01008870,316,127,23,104,86,15,36,18,14,5,3,2,1,12
S01008871,504,136,24,112,148,18,28,16,17,11,9,2,7,121
S01008872,409,111,9,102,80,15,31,11,12,16,7,6,1,126
S01008873,269,91,17,74,81,14,32,3,13,8,5,4,1,22
S01008874,349,112,11,101,99,20,22,12,18,16,6,3,3,44
S01008875,342,79,11,68,92,24,29,30,28,16,0,0,0,44
S01008876,186,48,6,42,55,22,16,9,14,3,5,2,3,14
S01008877,195,61,11,50,49,19,20,9,6,10,1,0,1,20
S01008878,300,46,10,36,61,35,47,19,27,33,12,5,7,20
S01008879,285,55,6,49,63,27,31,22,22,38,10,3,7,17
S01008880,208,55,8,47,55,23,18,17,13,10,6,2,4,11
S01008881,195,83,20,63,47,12,22,7,4,8,1,0,1,11
S01008882,367,155,27,128,104,17,28,9,8,11,4,4,0,31
S01008883,271,122,29,93,70,10,29,4,5,4,4,3,1,23
S01008884,216,83,11,72,77,6,15,5,5,4,5,2,3,16
S01008885,290,110,17,93,80,15,32,9,15,2,3,0,3,24
S01008886,309,92,10,82,88,17,26,16,16,9,2,0,2,43
S01008887,263,70,8,62,66,16,26,15,18,18,2,2,0,32
S01008888,238,79,14,65,68,28,15,6,7,7,4,2,2,24
S01008889,203,40,9,31,62,14,33,15,15,15,1,1,0,8
S01008890,245,47,4,43,64,28,31,23,10,18,4,1,3,20
S01008891,253,76,14,62,67,20,29,16,10,8,3,2,1,24
S01008892,309,94,16,78,75,29,29,15,26,12,9,5,4,20
S01008893,312,96,12,84,94,15,37,16,11,9,8,6,2,26
S01008894,307,102,17,85,110,10,32,11,12,6,3,1,2,21
S01008895,221,84,18,66,62,16,27,6,6,5,1,1,0,14
S01008896,184,68,17,51,57,13,14,6,6,3,3,0,3,14
S01008897,208,76,9,67,54,18,25,13,10,3,2,2,0,7
S01008898,282,87,19,68,71,20,40,11,13,6,6,4,2,28
S01008899,276,11,1,10,24,18,25,35,46,71,19,7,12,27
S01008900,330,22,4,18,45,23,27,48,59,70,18,8,10,18
S01008901,286,21,5,16,44,17,37,25,33,62,26,13,13,21
S01008902,364,26,4,22,67,27,28,37,44,75,35,24,11,25
S01008903,324,12,4,8,48,25,32,49,54,67,19,13,6,18
S01008904,378,14,1,13,36,21,22,46,63,80,29,17,12,67
S01008905,410,10,2,8,40,21,22,36,85,98,44,23,21,54
S01008906,309,12,3,9,28,17,24,42,66,62,29,11,18,29
S01008907,170,2,0,2,15,6,6,25,31,42,26,19,7,17
S01008908,319,27,3,24,39,24,37,44,28,65,31,19,12,24
S01008909,286,17,5,12,46,20,25,36,42,67,14,4,10,19
S01008910,158,16,1,15,29,11,13,19,20,31,4,1,3,15
S01008911,370,89,9,80,92,39,42,27,19,26,8,0,8,28
S01008912,283,56,6,50,66,27,32,34,25,28,6,1,5,9
S01008913,248,45,4,41,52,19,22,25,26,30,5,4,1,24
S01008914,293,31,5,26,49,27,32,35,31,60,9,6,3,19
S01008915,204,36,6,30,55,15,30,13,16,10,7,4,3,22
S01008916,376,14,1,13,55,29,28,43,80,74,25,9,16,28
S01008917,266,12,1,11,28,22,21,38,35,62,30,18,12,18
S01008918,198,2,0,2,21,9,22,27,25,54,27,15,12,11
S01008919,201,7,0,7,21,12,12,28,32,39,30,17,13,20
S01008920,478,102,10,92,137,45,46,34,28,39,13,8,5,34
S01008921,259,9,1,8,17,18,20,39,53,57,31,17,14,15
S01008922,282,10,3,7,38,27,26,35,50,57,24,16,8,15
S01008923,248,11,1,10,20,17,33,30,46,56,18,5,13,17
S01008924,285,9,3,6,21,12,27,34,50,65,31,11,20,36
S01008925,230,7,0,7,30,19,20,32,36,54,11,3,8,21
S01008926,226,16,1,15,35,27,24,22,33,47,12,7,5,10
S01008927,306,34,7,27,68,45,26,27,30,50,7,3,4,19
S01008928,276,26,5,21,39,15,25,31,29,48,16,4,12,47
S01008929,369,5,1,4,31,18,10,34,71,93,75,36,39,32
S01008930,290,4,0,4,24,14,20,36,52,78,34,18,16,28
S01008931,248,1,0,1,22,14,14,24,43,73,30,17,13,27
S01008932,308,33,5,28,58,33,30,35,38,32,13,6,7,36
S01008933,225,12,2,10,18,15,16,25,36,54,30,14,16,19
S01008934,273,24,4,20,36,17,25,24,47,50,26,17,9,24
S01008935,296,54,9,45,70,38,28,33,17,25,8,3,5,23
S01008936,131,42,7,35,36,5,20,9,6,2,1,1,0,10
S01008937,285,53,9,44,60,34,30,31,20,28,9,4,5,20
S01008938,240,48,3,45,63,19,33,18,15,12,5,2,3,27
S01008939,263,45,10,35,64,21,39,22,21,11,9,3,6,31
S01008940,201,70,14,56,66,10,21,7,8,3,4,2,2,12
S01008941,260,104,26,78,80,18,24,5,5,5,2,0,2,17
S01008942,237,72,8,64,60,27,25,14,11,7,2,0,2,19
S01008943,278,103,27,76,86,14,30,8,4,3,6,1,5,24
S01008944,326,115,26,89,94,17,44,8,14,8,3,1,2,23
S01008945,273,83,15,68,85,20,37,10,7,8,8,5,3,15
S01008946,316,98,18,80,101,17,31,17,21,8,4,1,3,19
S01008947,324,117,22,95,76,19,36,12,15,9,10,5,5,30
S01008948,256,58,14,44,65,23,32,22,13,17,2,1,1,24
S01008949,309,22,6,16,54,33,31,38,44,52,8,7,1,27
S01008950,320,29,6,23,57,29,42,32,43,37,16,10,6,35
S01008951,281,16,4,12,40,27,22,44,42,59,18,11,7,13
S01008952,291,20,2,18,29,38,26,30,52,58,21,11,10,17
S01008953,288,20,4,16,54,28,25,32,41,51,18,12,6,19
S01008954,288,24,4,20,43,26,35,36,44,48,13,4,9,19
S01008955,227,48,13,35,56,20,30,16,16,16,5,3,2,20
S01008956,324,54,12,42,68,44,24,34,33,36,8,5,3,23
S01008957,358,57,11,46,77,36,35,33,37,36,17,11,6,30
S01008958,262,28,3,25,63,29,22,23,29,33,17,15,2,18
S01008959,299,30,3,27,66,34,27,35,40,43,5,3,2,19
S01008960,336,104,20,84,100,18,38,16,19,8,5,2,3,28
S01008961,272,51,7,44,65,34,27,18,27,12,9,6,3,29
S01008962,220,47,5,42,66,20,29,16,10,14,3,0,3,15
S01008963,280,51,10,41,84,25,31,27,18,13,7,5,2,24
S01008964,185,50,13,37,38,20,14,13,13,9,2,1,1,26
S01008965,251,70,12,58,75,14,31,18,13,11,2,2,0,17
S01008966,194,38,7,31,49,21,23,20,13,13,3,2,1,14
S01008967,326,82,10,72,93,38,37,24,14,18,6,2,4,14
S01008968,343,93,15,78,85,35,39,22,19,14,10,2,8,26
S01008969,369,84,14,70,87,42,33,42,20,35,7,3,4,19
S01008970,377,114,15,99,118,25,30,17,22,14,13,12,1,24
S01008971,266,86,13,73,88,18,16,12,16,5,4,1,3,21
S01008972,255,106,19,87,64,21,19,7,6,4,7,5,2,21
S01008973,286,73,12,61,82,28,32,13,12,16,14,12,2,16
S01008974,252,47,12,35,79,27,18,22,21,17,5,2,3,16
S01008975,206,37,1,36,45,19,18,20,25,18,7,2,5,17
S01008976,190,49,5,44,49,14,20,10,14,13,5,3,2,16
S01008977,215,49,14,35,64,26,24,15,10,9,7,4,3,11
S01008978,210,19,2,17,44,29,20,23,25,27,1,1,0,22
S01008979,242,38,6,32,44,25,25,31,23,21,10,7,3,25
S01008980,272,26,2,24,55,24,26,38,34,33,7,4,3,29
S01008981,220,49,6,43,47,24,30,16,26,14,5,1,4,9
S01008982,270,22,3,19,47,37,26,34,31,36,10,6,4,27
S01008983,265,21,4,17,48,41,20,40,26,44,5,4,1,20
S01008984,156,20,2,18,30,25,15,25,13,19,1,0,1,8
S01008985,274,26,5,21,43,46,24,30,33,46,2,1,1,24
S01008986,268,22,3,19,69,26,37,40,31,20,7,5,2,16
S01008987,309,26,3,23,58,63,45,30,31,25,7,1,6,24
S01008988,353,57,9,48,63,45,36,38,29,34,19,8,11,32
S01008989,278,50,4,46,68,42,23,26,22,29,4,0,4,14
S01008990,319,46,2,44,78,59,32,33,18,35,2,0,2,16
S01008991,356,65,10,55,98,32,36,41,26,17,4,2,2,37
S01008992,224,25,3,22,44,29,18,27,25,26,5,3,2,25
S01008993,380,87,26,61,92,39,59,27,23,26,8,5,3,19
S01008994,276,20,4,16,36,14,37,38,34,65,13,8,5,19
S01008995,325,75,13,62,94,28,29,25,23,13,9,2,7,29
S01008996,200,17,3,14,30,15,20,24,34,40,7,3,4,13
S01008997,363,67,16,51,64,25,48,42,41,45,9,3,6,22
S01008998,215,11,0,11,29,14,12,35,41,45,10,5,5,18
S01008999,292,34,9,25,57,25,25,32,40,55,11,4,7,13
S01009000,335,72,12,60,75,34,46,30,28,32,5,2,3,13
S01009001,285,66,12,54,68,30,32,30,13,22,8,7,1,16
S01009002,304,74,31,43,86,22,22,24,25,27,8,3,5,16
S01009003,336,90,8,82,114,20,30,17,24,20,3,3,0,18
S01009004,236,29,6,23,45,26,27,37,30,28,1,1,0,13
S01009005,265,34,5,29,59,30,28,38,27,23,5,3,2,21
S01009006,254,36,4,32,45,29,17,32,31,38,10,6,4,16
S01009007,244,16,1,15,47,23,17,35,28,45,12,8,4,21
S01009008,340,89,18,71,90,30,23,23,30,26,12,6,6,17
S01009009,153,9,0,9,24,16,17,22,25,27,7,1,6,6
S01009010,378,68,16,52,106,41,27,38,23,38,4,2,2,33
S01009011,335,65,14,51,97,36,25,29,28,23,6,0,6,26
S01009012,294,51,6,45,78,32,39,24,24,19,7,4,3,20
S01009013,325,57,11,46,90,32,28,26,26,24,12,3,9,30
S01009014,224,6,4,2,32,10,47,34,44,31,7,2,5,13
S01009015,222,12,5,7,43,10,49,35,30,33,4,2,2,6
S01009016,189,10,4,6,37,8,35,30,21,32,9,3,6,7
S01009017,228,15,5,10,37,19,38,35,22,42,15,6,9,5
S01009018,298,15,2,13,45,8,60,51,27,65,7,2,5,20
S01009019,204,13,3,10,49,21,25,29,14,43,8,1,7,2
S01009020,306,30,6,24,66,29,42,37,31,48,11,4,7,12
S01009021,275,18,5,13,54,14,73,32,19,47,8,5,3,10
S01009022,346,24,5,19,73,16,73,42,33,62,8,3,5,15
S01009023,370,31,3,28,62,16,95,40,27,74,13,6,7,12
S01009024,383,23,6,17,72,24,89,43,40,75,10,4,6,7
S01009025,348,27,9,18,60,17,72,48,38,56,17,7,10,13
S01009026,345,37,5,32,50,16,64,44,30,74,19,6,13,11
S01009027,281,26,11,15,58,14,61,34,20,44,13,4,9,11
S01009028,191,12,1,11,27,10,46,27,16,43,3,0,3,7
S01009029,234,22,4,18,31,13,60,32,18,41,11,5,6,6
S01009030,277,13,3,10,33,17,50,35,28,70,14,4,10,17
S01009031,292,9,4,5,53,23,43,46,38,65,7,3,4,8
S01009032,251,19,2,17,43,13,40,33,32,60,4,2,2,7
S01009033,302,12,3,9,49,16,57,38,39,71,8,1,7,12
S01009034,260,20,7,13,53,11,32,44,28,55,8,2,6,9
S01009035,331,24,9,15,66,23,54,44,33,60,15,11,4,12
S01009036,384,28,7,21,71,25,51,55,35,83,11,3,8,25
S01009037,325,26,6,20,65,26,43,47,32,59,10,4,6,17
S01009038,391,37,9,28,76,22,45,52,35,76,20,11,9,28
S01009039,254,11,2,9,31,17,31,42,30,62,14,5,9,16
S01009040,219,12,1,11,37,18,21,23,27,46,8,4,4,27
S01009041,335,42,10,32,62,20,53,54,26,50,20,5,15,8
S01009042,298,29,6,23,53,21,30,43,37,55,13,4,9,17
S01009043,231,30,1,29,20,15,23,28,37,58,14,4,10,6
S01009044,260,28,7,21,47,18,31,38,28,60,6,2,4,4
S01009045,243,19,1,18,39,22,37,29,22,58,3,0,3,14
S01009046,313,19,2,17,77,19,42,41,36,51,7,1,6,21
S01009047,300,22,6,16,67,19,29,52,35,61,5,2,3,10
S01009048,318,28,8,20,64,28,29,43,39,61,5,1,4,21
S01009049,218,17,2,15,54,14,32,26,17,47,3,0,3,8
S01009050,298,25,9,16,54,34,32,41,24,56,17,12,5,15
S01009051,244,12,1,11,28,21,24,40,32,69,8,4,4,10
S01009052,242,12,7,5,40,25,34,40,22,53,4,1,3,12
S01009053,201,5,2,3,17,9,14,19,38,58,32,9,23,9
S01009054,211,7,2,5,34,13,17,33,21,57,17,8,9,12
S01009055,320,40,9,31,53,18,53,40,28,59,15,3,12,14
S01009056,203,10,3,7,20,9,30,19,21,71,16,5,11,7
S01009057,195,9,0,9,23,13,21,15,32,57,16,7,9,9
S01009058,293,12,1,11,44,22,16,43,35,84,20,5,15,17
S01009059,327,42,11,31,54,27,37,44,27,51,28,17,11,17
S01009060,200,29,8,21,50,12,33,25,7,28,3,3,0,13
S01009061,289,14,3,11,35,28,16,58,34,81,10,3,7,13
S01009062,236,8,3,5,30,33,18,39,28,53,15,5,10,12
S01009063,276,35,5,30,55,18,29,37,25,52,9,5,4,16
S01009064,204,11,0,11,27,15,13,31,24,62,14,4,10,7
S01009065,219,9,0,9,26,14,25,34,34,41,23,10,13,13
S01009066,265,14,5,9,35,17,23,40,44,70,15,5,10,7
S01009067,315,41,13,28,67,34,45,42,27,33,10,6,4,16
S01009068,326,23,4,19,41,21,35,60,38,72,17,9,8,19
S01009069,244,34,9,25,58,21,27,40,15,33,2,1,1,14
S01009070,241,22,8,14,43,31,37,32,22,38,4,2,2,12
S01009071,185,17,6,11,36,14,31,22,11,34,11,7,4,9
S01009072,193,16,5,11,38,14,29,24,17,35,10,7,3,10
S01009073,203,9,6,3,24,16,21,33,29,49,10,6,4,12
S01009074,246,12,1,11,23,10,25,37,22,79,25,15,10,13
S01009075,202,12,3,9,25,9,25,27,25,59,12,5,7,8
S01009076,377,33,6,27,84,39,43,49,34,71,6,2,4,18
S01009077,253,26,8,18,53,17,25,39,27,38,12,5,7,16
S01009078,282,56,8,48,87,24,17,29,24,25,5,5,0,15
S01009079,301,15,3,12,38,17,27,55,37,85,17,9,8,10
S01009080,311,12,3,9,50,19,32,59,33,81,14,8,6,11
S01009081,253,17,5,12,48,22,34,32,30,53,4,3,1,13
S01009082,362,22,5,17,44,30,52,60,44,68,20,10,10,22
S01009083,281,16,5,11,47,25,25,48,32,57,16,5,11,15
S01009084,172,17,6,11,27,14,39,18,17,27,6,2,4,7
S01009085,285,33,8,25,59,40,28,37,20,50,4,3,1,14
S01009086,255,15,2,13,44,22,25,44,31,49,16,6,10,9
S01009087,209,9,2,7,19,14,21,31,41,47,13,5,8,14
S01009088,393,50,16,34,86,37,56,48,31,47,12,4,8,26
S01009089,325,75,20,55,97,24,30,38,16,20,2,0,2,23
S01009090,339,70,8,62,97,40,29,26,33,27,10,10,0,7
S01009091,233,64,11,53,81,12,18,24,10,9,2,0,2,13
S01009092,371,57,21,36,67,27,31,58,41,59,13,4,9,18
S01009093,259,8,0,8,44,24,28,34,39,54,9,2,7,19
S01009094,229,44,9,35,75,20,14,32,9,17,5,4,1,13
S01009095,304,38,7,31,73,16,41,31,29,35,21,16,5,20
S01009096,331,62,13,49,100,29,34,29,27,30,5,4,1,15
S01009097,324,58,12,46,93,29,23,46,17,23,6,2,4,29
S01009098,188,37,11,26,61,10,15,19,9,11,6,2,4,20
S01009099,280,17,4,13,44,23,24,44,29,62,15,12,3,22
S01009100,267,15,5,10,37,16,29,39,34,55,31,28,3,11
S01009101,344,17,7,10,40,25,27,53,54,85,22,7,15,21
S01009102,267,3,0,3,25,22,19,41,49,58,33,20,13,17
S01009103,211,22,6,16,53,18,10,40,24,22,4,1,3,18
S01009104,282,16,6,10,44,17,21,56,39,62,11,6,5,16
S01009105,282,22,7,15,72,33,31,38,31,35,11,9,2,9
S01009106,190,7,1,6,29,16,18,31,23,53,8,3,5,5
S01009107,302,46,13,33,69,26,15,47,27,44,15,9,6,13
S01009108,269,34,10,24,64,27,24,53,21,34,2,1,1,10
S01009109,262,26,5,21,79,22,17,41,27,26,1,0,1,23
S01009110,211,13,1,12,34,22,23,36,21,45,6,3,3,11
S01009111,315,35,9,26,71,31,34,54,23,41,5,2,3,21
S01009112,213,36,7,29,64,17,21,32,9,20,2,2,0,12
S01009113,356,36,8,28,99,26,37,57,26,49,6,3,3,20
S01009114,305,23,8,15,55,23,27,51,24,72,8,4,4,22
S01009115,220,21,3,18,53,22,21,25,19,35,2,1,1,22
S01009116,186,25,9,16,48,11,14,35,22,16,4,1,3,11
S01009117,301,21,3,18,43,32,26,60,25,62,16,10,6,16
S01009118,232,27,6,21,52,16,22,47,18,26,3,1,2,21
S01009119,281,9,2,7,22,19,22,57,40,74,22,10,12,16
S01009120,206,11,2,9,29,10,16,33,34,50,13,8,5,10
S01009121,314,19,1,18,38,16,23,51,58,83,13,5,8,13
S01009122,341,40,10,30,66,13,44,51,29,65,16,3,13,17
S01009123,202,37,12,25,54,12,20,18,13,32,3,0,3,13
S01009124,179,21,3,18,34,10,21,22,21,43,1,1,0,6
S01009125,239,19,6,13,37,14,20,37,31,64,13,7,6,4
S01009126,211,4,1,3,20,6,11,27,37,59,39,17,22,8
S01009127,203,4,1,3,26,12,14,28,40,42,26,6,20,11
S01009128,293,8,1,7,26,18,29,45,40,80,37,22,15,10
S01009129,171,4,1,3,17,12,6,26,37,42,18,12,6,9
S01009130,242,14,4,10,44,18,24,32,27,45,23,14,9,15
S01009131,182,11,3,8,15,16,15,33,24,48,13,8,5,7
S01009132,303,43,11,32,71,37,20,38,28,34,13,4,9,19
S01009133,245,6,2,4,34,12,21,42,36,70,18,7,11,6
S01009134,333,32,16,16,70,36,24,49,35,56,15,6,9,16
S01009135,221,22,2,20,45,22,17,39,22,32,9,7,2,13
S01009136,244,28,5,23,75,22,28,25,15,27,6,5,1,18
S01009137,207,37,16,21,73,24,19,22,11,11,0,0,0,10
S01009138,344,44,14,30,78,28,43,52,25,45,10,5,5,19
S01009139,170,11,0,11,23,20,11,14,26,31,26,11,15,8
S01009140,285,25,8,17,44,17,19,47,36,62,17,9,8,18
S01009141,329,23,3,20,46,22,34,55,45,65,30,15,15,9
S01009142,277,11,0,11,49,24,18,38,43,65,21,3,18,8
S01009143,211,4,1,3,22,10,22,27,40,57,14,7,7,15
S01009144,284,37,6,31,69,25,25,42,17,41,8,5,3,20
S01009145,418,13,3,10,48,26,34,81,66,105,18,10,8,27
S01009146,344,11,1,10,55,22,29,38,54,79,26,9,17,30
S01009147,268,13,2,11,27,18,24,43,41,73,17,8,9,12
S01009148,235,8,5,3,26,13,13,46,35,71,11,3,8,12
S01009149,304,27,5,22,70,28,31,53,37,33,6,3,3,19
S01009150,207,12,2,10,15,10,20,37,42,63,8,3,5,0
S01009151,292,37,9,28,59,26,33,38,28,46,8,4,4,17
S01009152,282,21,3,18,40,27,33,41,32,65,17,6,11,6
S01009153,211,20,0,20,50,27,24,24,22,21,12,4,8,11
S01009154,337,68,12,56,81,26,52,35,20,29,7,5,2,19
S01009155,199,48,10,38,58,8,15,16,19,11,6,2,4,18
S01009156,202,50,7,43,48,18,28,17,9,11,5,2,3,16
S01009157,294,24,4,20,40,16,30,54,34,67,10,8,2,19
S01009158,184,9,0,9,38,25,13,25,26,32,6,4,2,10
S01009159,182,5,0,5,12,12,19,23,34,51,16,9,7,10
S01009160,260,14,5,9,21,18,24,55,41,62,18,10,8,7
S01009161,225,7,0,7,13,17,12,38,41,65,25,6,19,7
S01009162,298,9,2,7,51,20,12,48,44,75,29,15,14,10
S01009163,174,20,3,17,35,9,11,28,25,28,11,6,5,7
S01009164,283,8,4,4,30,22,19,57,32,79,15,9,6,21
S01009165,265,10,0,10,28,17,19,38,45,70,22,13,9,16
S01009166,300,7,2,5,17,21,28,45,45,87,35,20,15,15
S01009167,193,6,2,4,15,15,18,29,28,51,20,10,10,11
S01009168,261,42,16,26,69,26,15,35,24,29,3,2,1,18
S01009169,254,14,4,10,25,18,26,63,38,46,12,6,6,12
S01009170,249,9,1,8,32,19,24,32,38,58,22,6,16,15
S01009171,257,13,3,10,36,12,29,43,37,57,17,3,14,13
S01009172,261,68,13,55,79,18,19,17,15,14,5,4,1,26
S01009173,278,58,16,42,77,21,23,44,16,23,3,1,2,13
S01009174,177,34,11,23,58,17,17,14,12,9,5,1,4,11
S01009175,310,78,21,57,93,23,23,37,15,16,5,2,3,20
S01009176,328,79,20,59,84,30,32,47,15,17,12,7,5,12
S01009177,284,14,4,10,38,19,36,53,31,59,21,9,12,13
S01009178,255,6,1,5,30,13,29,41,29,70,26,15,11,11
S01009179,254,12,1,11,39,20,26,36,38,50,16,8,8,17
S01009180,360,19,8,11,43,28,34,72,52,76,18,9,9,18
S01009181,305,14,5,9,36,18,33,56,38,78,17,6,11,15
S01009182,377,32,7,25,75,27,47,61,37,62,15,4,11,21
S01009183,298,30,3,27,80,25,23,50,23,30,8,3,5,29
S01009184,304,26,7,19,33,16,54,36,39,68,23,8,15,9
S01009185,314,22,3,19,45,21,46,43,43,63,18,8,10,13
S01009186,307,25,4,21,38,22,40,53,29,67,17,5,12,16
S01009187,190,35,10,25,45,6,33,23,18,19,3,3,0,8
S01009188,309,23,3,20,43,15,54,49,30,69,10,4,6,16
S01009189,276,13,2,11,26,6,26,44,54,77,20,10,10,10
S01009190,308,48,9,39,75,28,40,45,21,22,11,10,1,18
S01009191,237,53,13,40,75,26,20,25,11,13,1,1,0,13
S01009192,705,24,9,15,64,25,51,67,87,156,207,202,5,24
S01009193,118,17,6,11,38,10,5,21,8,9,2,2,0,8
S01009194,309,47,9,38,99,15,34,50,15,21,4,0,4,24
S01009195,308,60,9,51,97,34,20,36,16,25,4,3,1,16
S01009196,262,21,1,20,47,17,34,38,27,39,14,10,4,25
S01009197,362,71,10,61,116,21,37,30,23,42,7,3,4,15
S01009198,277,34,6,28,80,25,31,41,21,25,5,2,3,15
S01009199,216,26,7,19,56,18,24,34,13,27,6,3,3,12
S01009200,398,90,28,62,87,31,29,57,28,51,12,11,1,13
S01009201,239,8,2,6,32,20,24,35,41,50,15,6,9,14
S01009202,185,28,6,22,58,16,18,20,14,14,6,2,4,11
S01009203,208,7,1,6,30,11,22,40,26,53,15,4,11,4
S01009204,303,30,9,21,55,19,33,41,29,54,17,13,4,25
S01009205,302,48,12,36,76,35,23,38,10,44,8,5,3,20
S01009206,323,42,12,30,91,40,17,53,31,26,8,2,6,15
S01009207,314,51,6,45,88,30,22,59,28,24,4,0,4,8
S01009208,218,35,7,28,56,19,16,34,13,22,6,2,4,17
S01009209,228,38,7,31,70,20,15,24,19,28,5,1,4,9
S01009210,217,29,6,23,63,19,25,26,22,18,7,4,3,8
S01009211,229,22,4,18,36,19,25,39,22,39,9,3,6,18
S01009212,293,12,7,5,34,20,26,53,51,75,9,6,3,13
S01009213,314,11,4,7,44,19,34,52,43,78,14,10,4,19
S01009214,357,46,11,35,92,39,26,52,31,42,9,6,3,20
S01009215,345,17,3,14,55,16,27,49,43,87,25,8,17,26
S01009216,324,13,4,9,40,16,28,66,48,84,9,8,1,20
S01009217,205,8,2,6,21,11,25,25,27,54,23,16,7,11
S01009218,303,29,11,18,62,21,32,47,22,63,8,5,3,19
S01009219,237,7,3,4,33,10,20,35,38,63,20,6,14,11
S01009220,164,13,3,10,18,11,14,30,25,41,6,2,4,6
S01009221,201,8,3,5,21,15,11,38,22,69,6,2,4,11
S01009222,175,5,0,5,15,5,16,38,25,53,10,4,6,8
S01009223,197,9,0,9,26,15,15,31,32,48,4,3,1,17
S01009224,229,9,3,6,26,10,19,40,28,72,13,5,8,12
S01009225,193,4,1,3,20,9,11,50,27,54,9,5,4,9
S01009226,321,12,4,8,54,21,23,46,46,92,20,9,11,7
S01009227,193,7,2,5,28,17,8,48,30,41,6,0,6,8
S01009228,218,6,0,6,25,10,13,32,33,68,17,7,10,14
S01009229,215,12,2,10,46,13,18,37,28,44,5,1,4,12
S01009230,244,15,7,8,48,19,23,37,25,57,10,8,2,10
S01009231,353,28,6,22,64,25,36,75,28,64,10,2,8,23
S01009232,209,5,1,4,22,12,9,32,42,53,21,9,12,13
S01009233,206,7,2,5,28,15,14,37,22,62,13,5,8,8
S01009234,362,12,2,10,33,23,17,61,62,92,39,25,14,23
S01009235,356,15,1,14,53,25,17,62,43,99,23,8,15,19
S01009236,163,18,5,13,30,15,12,32,20,22,7,3,4,7
S01009237,325,35,13,22,79,24,22,73,27,33,8,3,5,24
S01009238,269,9,0,9,38,16,8,56,34,79,16,11,5,13
S01009239,299,6,3,3,50,21,9,72,45,68,13,6,7,15
S01009240,251,7,3,4,19,7,11,39,50,72,38,8,30,8
S01009241,316,6,1,5,34,17,22,40,57,99,29,16,13,12
S01009242,274,24,8,16,61,16,18,67,37,33,8,2,6,10
S01009243,357,21,4,17,54,31,24,77,53,68,11,2,9,18
S01009244,312,40,10,30,93,18,30,57,31,27,4,2,2,12
S01009245,340,38,11,27,74,33,33,54,41,42,6,1,5,19
S01009246,297,12,4,8,39,13,27,62,56,65,10,2,8,13
S01009247,362,18,6,12,51,26,19,73,52,86,16,1,15,21
S01009248,256,16,5,11,51,17,25,55,35,27,6,4,2,24
S01009249,311,18,6,12,35,20,37,43,50,81,13,7,6,14
S01009250,215,17,6,11,26,13,23,39,31,50,7,4,3,9
S01009251,214,22,4,18,50,12,18,31,26,30,8,3,5,17
S01009252,164,28,7,21,53,10,11,27,9,12,2,2,0,12
S01009253,148,5,2,3,18,4,17,36,14,35,5,3,2,14
S01009254,283,15,2,13,34,14,15,46,51,82,18,6,12,8
S01009255,292,24,11,13,42,26,24,41,48,66,17,2,15,4
S01009256,174,19,8,11,42,11,15,35,14,27,5,1,4,6
S01009257,273,30,8,22,47,32,23,26,53,45,10,1,9,7
S01009258,248,46,9,37,52,12,43,29,26,28,4,2,2,8
S01009259,343,60,15,45,94,16,36,42,33,42,4,1,3,16
S01009260,438,34,8,26,74,40,41,66,72,78,21,11,10,12
S01009261,268,23,6,17,32,14,26,41,43,68,8,2,6,13
S01009262,185,6,3,3,17,9,12,26,42,54,8,1,7,11
S01009263,305,55,10,45,90,24,27,32,31,31,4,4,0,11
S01009264,197,21,7,14,46,12,26,30,17,31,6,5,1,8
S01009265,276,22,4,18,49,17,13,51,38,53,20,7,13,13
S01009266,315,23,5,18,45,16,29,68,50,59,17,6,11,8
S01009267,309,33,2,31,50,19,26,47,48,48,21,13,8,17
S01009268,351,27,10,17,60,24,29,50,45,76,19,5,14,21
S01009269,308,9,2,7,28,24,14,51,37,94,31,12,19,20
S01009270,211,8,4,4,16,14,24,23,34,59,17,11,6,16
S01009271,357,37,7,30,83,33,35,52,26,57,8,2,6,26
S01009272,250,6,0,6,20,16,22,35,47,68,15,10,5,21
S01009273,189,42,9,33,43,16,17,25,11,17,5,0,5,13
S01009274,227,31,3,28,42,11,17,42,22,33,7,5,2,22
S01009275,261,31,11,20,50,19,42,32,29,33,16,15,1,9
S01009276,342,53,18,35,82,22,40,47,32,36,11,7,4,19
S01009277,220,44,7,37,56,15,49,18,8,8,6,3,3,16
S01009278,192,36,6,30,57,21,16,19,10,22,4,2,2,7
S01009279,228,33,7,26,44,11,30,32,18,44,7,5,2,9
S01009280,311,4,1,3,28,12,11,58,49,104,30,15,15,15
S01009281,287,19,6,13,24,19,18,43,41,90,20,8,12,13
S01009282,273,42,9,33,73,19,41,30,22,23,9,4,5,14
S01009283,173,25,7,18,34,15,17,19,14,29,6,2,4,14
S01009284,302,52,12,40,84,20,33,24,27,29,3,0,3,30
S01009285,322,33,7,26,66,43,22,49,34,44,9,3,6,22
S01009286,293,41,15,26,80,24,33,35,26,30,7,3,4,17
S01009287,265,74,9,65,78,20,27,11,26,14,2,1,1,13
S01009288,273,60,16,44,85,16,37,24,12,22,7,3,4,10
S01009289,332,67,15,52,78,30,43,39,22,35,5,4,1,13
S01009290,227,60,15,45,57,22,32,21,9,12,1,1,0,13
S01009291,381,53,12,41,94,41,34,52,32,48,6,1,5,21
S01009292,193,6,0,6,25,10,15,34,18,55,14,7,7,16
S01009293,259,39,12,27,64,19,25,20,26,45,6,4,2,15
S01009294,189,34,9,25,49,14,22,28,13,9,4,3,1,16
S01009295,246,43,8,35,44,24,24,40,14,39,2,1,1,16
S01009296,208,24,10,14,41,19,21,34,20,28,3,2,1,18
S01009297,324,73,20,53,97,30,21,29,19,24,12,6,6,19
S01009298,355,29,6,23,50,30,30,53,50,70,25,15,10,18
S01009299,361,60,10,50,83,42,34,35,31,34,17,9,8,25
S01009300,210,25,3,22,40,18,16,31,21,26,18,11,7,15
S01009301,367,31,7,24,51,37,32,50,47,69,37,13,24,13
S01009302,291,8,0,8,32,26,13,31,56,83,30,14,16,12
S01009303,280,52,16,36,85,27,15,24,18,33,14,8,6,12
S01009304,347,38,11,27,72,33,29,39,45,64,14,6,8,13
S01009305,280,38,7,31,71,22,18,33,35,39,16,3,13,8
S01009306,403,50,10,40,76,49,33,53,36,54,26,10,16,26
S01009307,431,48,8,40,105,49,32,42,37,63,25,8,17,30
S01009308,208,33,2,31,42,23,23,16,14,25,17,5,12,15
S01009309,294,63,9,54,66,34,28,34,17,26,14,4,10,12
S01009310,349,83,16,67,90,35,23,36,25,27,7,5,2,23
S01009311,252,9,1,8,36,19,20,34,39,56,21,11,10,18
S01009312,258,38,6,32,59,38,18,22,25,33,15,9,6,10
S01009313,195,7,2,5,34,16,17,30,27,44,14,11,3,6
S01009314,256,55,14,41,50,23,19,23,30,29,12,7,5,15
S01009315,232,17,5,12,35,22,22,31,23,51,18,10,8,13
S01009316,289,80,16,64,80,20,12,26,21,18,11,2,9,21
S01009317,318,55,10,45,84,31,36,36,28,16,7,3,4,25
S01009318,216,52,12,40,74,19,10,13,22,13,1,1,0,12
S01009319,310,66,11,55,90,35,23,32,23,23,8,3,5,10
S01009320,220,38,8,30,50,19,19,24,25,30,5,2,3,10
S01009321,242,56,15,41,69,20,19,24,20,17,1,1,0,16
S01009322,295,38,7,31,63,35,33,31,27,47,10,4,6,11
S01009323,238,12,2,10,55,22,27,25,38,37,10,6,4,12
S01009324,198,10,2,8,31,14,21,23,29,50,9,1,8,11
S01009325,249,45,8,37,69,19,24,37,17,23,5,1,4,10
S01009326,205,30,7,23,62,16,6,16,14,24,18,14,4,19
S01009327,193,37,8,29,52,17,12,19,14,23,9,1,8,10
S01009328,246,54,5,49,85,23,16,26,9,18,4,0,4,11
S01009329,158,25,4,21,54,26,9,14,10,10,3,1,2,7
S01009330,161,16,2,14,45,18,10,19,20,19,4,2,2,10
S01009331,189,50,4,46,53,17,15,15,10,11,2,0,2,16
S01009332,343,61,14,47,99,40,28,24,18,34,19,14,5,20
S01009333,282,16,4,12,40,37,23,36,39,55,20,6,14,16
S01009334,233,14,3,11,29,16,11,25,36,52,30,14,16,20
S01009335,291,10,1,9,42,23,17,39,39,74,25,14,11,22
S01009336,233,7,0,7,30,20,15,36,28,44,38,17,21,15
S01009337,248,8,0,8,31,20,15,34,40,57,24,7,17,19
S01009338,264,12,3,9,30,18,16,26,45,69,36,16,20,12
S01009339,299,7,2,5,31,19,18,49,49,72,38,13,25,16
S01009340,202,6,1,5,17,16,10,29,42,55,16,10,6,11
S01009341,222,11,4,7,21,25,26,32,31,47,17,13,4,12
S01009342,269,15,3,12,32,30,20,41,25,68,18,7,11,20
S01009343,199,12,2,10,35,20,9,25,43,40,4,2,2,11
S01009344,218,8,0,8,23,20,17,33,37,54,18,9,9,8
S01009345,340,15,0,15,68,31,24,47,50,69,16,6,10,20
S01009346,241,55,9,46,85,17,29,15,17,8,3,1,2,12
S01009347,232,76,20,56,73,16,21,15,7,9,3,0,3,12
S01009348,171,39,6,33,51,16,12,16,14,14,1,1,0,8
S01009349,287,59,8,51,87,31,20,27,13,27,6,3,3,17
S01009350,216,29,2,27,64,23,15,22,17,28,5,4,1,13
S01009351,200,44,11,33,66,21,13,16,12,15,4,3,1,9
S01009352,282,59,12,47,106,23,12,23,19,16,4,2,2,20
S01009353,143,26,6,20,49,17,16,12,7,7,2,0,2,7
S01009354,313,59,9,50,101,32,32,24,22,21,5,3,2,17
S01009355,348,51,7,44,76,46,28,51,42,37,5,4,1,12
S01009356,374,47,13,34,102,43,34,54,26,44,1,1,0,23
S01009357,181,42,10,32,57,16,13,16,10,16,4,1,3,7
S01009358,265,91,22,69,81,18,19,17,10,7,3,3,0,19
S01009359,282,53,8,45,84,35,26,22,18,21,3,2,1,20
S01009360,313,71,15,56,67,34,24,37,18,36,4,2,2,22
S01009361,292,36,7,29,67,28,21,28,50,40,10,9,1,12
S01009362,400,58,10,48,95,51,23,59,35,39,8,4,4,32
S01009363,312,18,5,13,49,27,17,52,52,69,14,6,8,14
S01009364,340,19,3,16,60,40,26,57,50,54,14,8,6,20
S01009365,211,13,1,12,39,19,14,34,24,48,12,2,10,8
S01009366,273,19,5,14,27,26,24,42,50,61,11,4,7,13
S01009367,233,15,1,14,36,22,15,45,26,49,11,3,8,14
S01009368,212,10,0,10,27,19,16,31,40,52,8,2,6,9
S01009369,210,11,0,11,29,22,14,31,32,42,13,6,7,16
S01009370,329,29,6,23,52,32,25,50,43,63,16,7,9,19
S01009371,186,14,4,10,30,18,11,21,24,46,6,2,4,16
S01009372,196,12,0,12,22,17,20,32,34,38,8,5,3,13
S01009373,296,12,1,11,44,22,17,49,51,64,26,14,12,11
S01009374,325,25,6,19,39,34,21,54,45,69,24,10,14,14
S01009375,297,15,3,12,42,15,14,59,45,78,13,5,8,16
S01009376,222,10,4,6,29,22,11,36,37,58,13,8,5,6
S01009377,587,40,10,30,130,223,25,51,41,55,9,4,5,13
S01009378,342,22,2,20,60,33,33,43,49,54,15,6,9,33
S01009379,317,43,8,35,75,32,27,41,27,37,13,3,10,22
S01009380,236,15,10,5,51,24,15,31,35,39,10,8,2,16
S01009381,260,44,8,36,53,27,26,29,29,30,4,0,4,18
S01009382,300,24,7,17,40,28,31,31,57,55,12,5,7,22
S01009383,334,26,2,24,54,36,26,48,48,57,27,11,16,12
S01009384,216,57,10,47,71,16,26,18,8,5,5,3,2,10
S01009385,180,43,8,35,35,17,18,20,18,18,1,1,0,10
S01009386,226,7,4,3,39,11,16,36,46,48,11,5,6,12
S01009387,204,17,2,15,26,22,12,27,28,50,10,2,8,12
S01009388,323,18,3,15,40,24,24,42,47,70,33,17,16,25
S01009389,374,61,9,52,80,38,42,39,33,49,13,2,11,19
S01009390,272,76,16,60,93,21,17,15,11,11,3,1,2,25
S01009391,249,44,11,33,78,37,17,23,19,15,2,2,0,14
S01009392,186,46,6,40,49,24,19,17,10,10,1,1,0,10
S01009393,258,45,4,41,73,23,32,25,16,23,10,6,4,11
S01009394,349,86,12,74,98,27,32,34,16,30,6,2,4,20
S01009395,227,74,15,59,64,18,20,17,9,15,0,0,0,10
S01009396,285,84,23,61,95,19,25,14,21,11,1,1,0,15
S01009397,263,65,14,51,67,22,23,20,28,15,6,0,6,17
S01009398,260,31,8,23,65,31,26,39,24,23,8,4,4,13
S01009399,261,47,13,34,66,27,20,26,30,27,4,0,4,14
S01009400,189,15,6,9,36,31,14,30,22,23,7,2,5,11
S01009401,246,62,18,44,60,26,19,29,13,18,3,0,3,16
S01009402,339,59,12,47,106,34,37,35,19,22,3,2,1,24
S01009403,196,34,8,26,57,20,17,24,14,12,4,3,1,14
S01009404,196,5,0,5,23,9,21,35,28,48,12,7,5,15
S01009405,164,12,4,8,33,11,28,27,18,17,7,1,6,11
S01009406,335,22,5,17,53,24,47,40,45,70,15,5,10,19
S01009407,190,13,3,10,38,14,24,23,21,40,6,3,3,11
S01009408,288,37,10,27,61,35,37,44,24,34,6,2,4,10
S01009409,236,13,3,10,27,10,16,45,36,66,11,4,7,12
S01009410,326,11,5,6,37,14,28,42,60,85,28,13,15,21
S01009411,301,6,1,5,33,17,28,41,54,91,18,7,11,13
S01009412,322,5,2,3,31,25,27,57,52,97,19,12,7,9
S01009413,399,21,4,17,57,26,40,63,52,89,23,13,10,28
S01009414,239,14,5,9,38,11,21,37,34,58,11,4,7,15
S01009415,295,17,7,10,45,20,32,41,42,57,28,14,14,13
S01009416,213,25,7,18,38,23,20,33,25,25,5,3,2,19
S01009417,110,13,2,11,23,8,23,11,11,14,4,1,3,3
S01009418,430,22,3,19,41,26,41,62,79,118,25,12,13,16
S01009419,203,8,3,5,23,16,13,31,32,54,14,11,3,12
S01009420,214,4,0,4,22,12,8,22,31,79,16,9,7,20
S01009421,248,7,2,5,31,12,20,43,31,81,15,5,10,8
S01009422,279,17,4,13,32,24,19,43,39,72,18,8,10,15
S01009423,338,43,6,37,92,36,30,43,28,43,12,5,7,11
S01009424,228,31,8,23,36,25,15,33,23,41,15,9,6,9
S01009425,288,16,1,15,52,23,21,35,40,60,23,5,18,18
S01009426,256,13,5,8,22,21,19,36,39,76,18,10,8,12
S01009427,202,8,3,5,13,17,20,27,24,69,19,6,13,5
S01009428,206,8,1,7,20,13,16,32,30,57,18,8,10,12
S01009429,258,14,3,11,27,15,10,32,32,87,25,18,7,16
S01009430,254,13,5,8,28,15,28,29,43,63,22,13,9,13
S01009431,224,7,0,7,34,9,23,39,20,56,20,13,7,16
S01009432,264,4,2,2,21,12,12,40,52,84,25,17,8,14
S01009433,278,8,1,7,20,10,18,39,49,76,34,18,16,24
S01009434,204,2,1,1,20,19,20,27,23,56,24,15,9,13
S01009435,269,5,0,5,26,16,19,39,43,67,38,15,23,16
S01009436,252,12,6,6,36,17,15,45,45,58,15,4,11,9
S01009437,259,12,5,7,24,15,31,40,32,78,15,5,10,12
S01009438,300,14,3,11,30,16,31,45,37,89,16,6,10,22
S01009439,333,7,1,6,38,16,16,63,35,108,28,14,14,22
S01009440,224,12,3,9,18,14,21,33,39,70,12,7,5,5
S01009441,260,4,1,3,27,12,22,43,39,79,18,3,15,16
S01009442,207,15,2,13,38,15,39,39,19,23,7,5,2,12
S01009443,247,22,6,16,41,10,52,36,28,39,9,5,4,10
S01009444,325,41,6,35,58,40,33,49,37,41,7,3,4,19
S01009445,286,6,2,4,34,14,23,51,34,90,16,7,9,18
S01009446,314,8,2,6,22,21,22,42,53,88,38,18,20,20
S01009447,186,6,1,5,20,12,14,23,31,54,14,8,6,12
S01009448,298,28,7,21,51,22,30,45,33,66,13,9,4,10
S01009449,175,8,3,5,18,18,19,23,29,45,9,7,2,6
S01009450,213,2,0,2,13,9,17,32,21,89,24,12,12,6
S01009451,361,5,3,2,36,22,40,64,46,96,35,19,16,17
S01009452,188,7,1,6,20,9,15,26,40,55,11,4,7,5
S01009453,368,12,2,10,39,23,30,74,49,100,24,11,13,17
S01009454,323,86,15,71,79,22,30,31,24,23,8,4,4,20
S01009455,306,83,21,62,78,22,47,16,18,17,1,1,0,24
S01009456,256,10,3,7,43,16,31,32,36,61,17,9,8,10
S01009457,218,29,9,20,51,14,49,23,21,23,2,1,1,6
S01009458,230,23,6,17,48,20,24,32,23,38,7,2,5,15
S01009459,321,27,7,20,60,15,45,49,39,45,24,7,17,17
S01009460,292,12,4,8,27,20,16,40,46,84,38,7,31,9
S01009461,204,52,11,41,68,24,12,9,8,23,3,1,2,5
S01009462,260,32,8,24,45,13,18,39,30,58,8,2,6,17
S01009463,231,26,7,19,48,22,24,36,13,38,10,6,4,14
S01009464,313,33,4,29,70,45,29,43,27,42,13,6,7,11
S01009465,200,12,4,8,37,12,19,39,24,38,7,3,4,12
S01009466,203,52,11,41,50,10,21,24,21,13,3,1,2,9
S01009467,278,58,14,44,71,21,26,20,20,29,11,3,8,22
S01009468,284,22,5,17,41,21,22,40,46,60,18,9,9,14
S01009469,283,47,13,34,68,16,19,32,29,43,15,2,13,14
S01009470,166,15,4,11,40,11,13,24,22,24,7,1,6,10
S01009471,239,13,5,8,43,10,16,34,29,69,13,3,10,12
S01009472,320,35,8,27,67,16,34,30,40,42,37,14,23,19
S01009473,359,17,2,15,37,19,28,48,59,80,47,15,32,24
S01009474,342,25,5,20,53,27,30,48,51,49,37,12,25,22
S01009475,204,39,12,27,49,20,25,22,14,18,2,0,2,15
S01009476,170,39,9,30,52,6,19,10,11,18,2,2,0,13
S01009477,255,43,5,38,64,18,27,26,19,29,5,3,2,24
S01009478,366,22,4,18,73,37,34,35,52,58,26,20,6,29
S01009479,323,50,9,41,63,20,28,39,37,45,21,11,10,20
S01009480,279,53,10,43,80,16,34,29,21,28,4,3,1,14
S01009481,351,29,8,21,71,31,27,34,62,64,11,9,2,22
S01009482,241,26,6,20,44,17,19,40,38,38,7,0,7,12
S01009483,302,31,1,30,72,28,31,34,28,41,16,5,11,21
S01009484,262,31,8,23,53,24,14,32,36,39,17,7,10,16
S01009485,258,21,5,16,39,16,30,35,35,50,20,11,9,12
S01009486,211,37,10,27,48,11,21,23,23,32,5,3,2,11
S01009487,275,17,5,12,40,23,17,43,37,60,20,12,8,18
S01009488,235,16,3,13,40,24,23,33,29,41,9,3,6,20
S01009489,289,18,4,14,26,16,24,46,43,79,25,14,11,12
S01009490,293,7,0,7,23,20,15,46,41,86,40,17,23,15
S01009491,225,12,0,12,30,22,19,28,37,56,18,8,10,3
S01009492,277,5,3,2,37,19,21,46,35,87,11,3,8,16
S01009493,300,84,9,75,94,12,37,19,12,17,2,1,1,23
S01009494,354,51,13,38,87,33,42,48,27,37,8,2,6,21
S01009495,335,46,12,34,81,33,39,45,30,35,4,4,0,22
S01009496,266,13,2,11,35,18,30,46,43,66,6,5,1,9
S01009497,346,17,3,14,53,28,29,59,45,75,18,9,9,22
S01009498,256,36,7,29,69,26,24,31,19,29,6,3,3,16
S01009499,276,36,9,27,45,23,26,35,35,48,10,4,6,18
S01009500,260,9,1,8,23,20,20,35,57,56,20,8,12,20
S01009501,229,7,3,4,24,14,20,33,34,64,21,9,12,12
S01009502,283,6,2,4,34,12,26,41,54,79,16,8,8,15
S01009503,243,13,3,10,36,20,30,35,27,60,13,4,9,9
S01009504,243,6,1,5,20,13,22,36,38,64,22,8,14,22
S01009505,242,8,1,7,26,16,11,30,36,61,39,19,20,15
S01009506,248,7,2,5,30,11,24,42,50,55,19,12,7,10
S01009507,295,17,8,9,60,24,25,46,34,58,18,10,8,13
S01009508,295,5,1,4,31,12,25,53,49,65,34,18,16,21
S01009509,356,12,2,10,35,21,28,45,63,94,33,12,21,25
S01009510,249,23,6,17,53,32,25,40,33,28,3,1,2,12
S01009511,212,24,8,16,48,28,25,25,20,20,5,3,2,17
S01009512,285,33,6,27,64,40,24,36,31,38,5,2,3,14
S01009513,211,38,11,27,54,23,15,21,22,24,3,0,3,11
S01009514,268,27,4,23,80,28,25,36,27,32,3,2,1,10
S01009515,235,13,1,12,22,17,24,38,33,60,16,10,6,12
S01009516,290,12,3,9,44,21,27,42,41,69,16,10,6,18
S01009517,344,54,9,45,103,35,33,38,31,25,3,0,3,22
S01009518,317,46,12,34,90,38,35,34,27,28,4,2,2,15
S01009519,195,14,1,13,30,12,25,30,25,41,6,4,2,12
S01009520,307,43,15,28,62,19,31,34,34,50,10,5,5,24
S01009521,287,6,3,3,28,13,34,33,39,88,34,20,14,12
S01009522,333,13,1,12,33,31,36,39,51,77,26,15,11,27
S01009523,193,6,0,6,19,19,9,20,25,55,20,12,8,20
S01009524,242,14,3,11,45,18,17,31,42,35,23,11,12,17
S01009525,197,13,3,10,30,8,14,23,18,54,18,12,6,19
S01009526,274,31,4,27,71,28,26,41,35,25,10,4,6,7
S01009527,258,24,4,20,35,23,20,34,41,45,21,12,9,15
S01009528,171,22,4,18,34,8,17,25,22,33,4,2,2,6
S01009529,208,35,8,27,38,10,27,24,30,23,8,1,7,13
S01009530,214,36,11,25,54,23,20,22,22,13,4,3,1,20
S01009531,298,6,0,6,22,19,21,50,44,94,21,10,11,21
S01009532,284,8,3,5,32,24,18,48,45,77,26,13,13,6
S01009533,280,7,3,4,28,23,21,41,51,73,27,14,13,9
S01009534,284,6,1,5,29,17,31,46,43,52,42,20,22,18
S01009535,228,4,0,4,28,16,21,30,29,49,35,16,19,16
S01009536,185,9,5,4,24,12,19,30,21,44,18,7,11,8
S01009537,202,14,1,13,29,12,20,36,24,43,11,8,3,13
S01009538,287,19,2,17,47,19,25,38,46,48,39,17,22,6
S01009539,319,16,5,11,45,24,28,59,50,67,5,3,2,25
S01009540,333,13,5,8,38,18,26,47,57,80,40,18,22,14
S01009541,282,19,9,10,46,24,34,48,30,58,10,6,4,13
S01009542,255,5,0,5,21,14,28,30,39,67,41,11,30,10
S01009543,188,14,5,9,31,11,28,33,18,39,7,3,4,7
S01009544,307,25,2,23,55,20,29,40,43,63,20,10,10,12
S01009545,275,15,5,10,43,19,31,31,42,57,17,9,8,20
S01009546,376,18,6,12,54,24,34,72,49,84,25,12,13,16
S01009547,264,24,5,19,35,13,28,40,37,50,17,9,8,20
S01009548,250,20,9,11,38,13,19,33,46,52,10,3,7,19
S01009549,299,19,9,10,39,22,32,43,51,58,12,4,8,23
S01009550,175,20,10,10,34,18,16,28,24,17,5,4,1,13
S01009551,189,7,3,4,33,16,13,28,42,34,10,4,6,6
S01009552,323,28,6,22,53,18,45,49,43,61,13,5,8,13
S01009553,308,15,2,13,27,13,24,60,52,75,19,9,10,23
S01009554,257,13,4,9,27,17,38,34,43,48,21,6,15,16
S01009555,276,17,7,10,44,19,43,40,40,47,13,2,11,13
S01009556,281,11,2,9,26,22,19,38,55,62,27,10,17,21
S01009557,226,7,2,5,23,14,19,28,39,56,27,9,18,13
S01009558,221,5,1,4,12,10,13,32,53,55,17,6,11,24
S01009559,312,8,0,8,30,18,21,45,64,82,32,18,14,12
S01009560,246,12,4,8,28,18,14,33,47,57,24,13,11,13
S01009561,194,7,0,7,32,10,11,35,38,32,17,8,9,12
S01009562,274,17,1,16,43,22,12,48,53,44,14,8,6,21
S01009563,260,12,3,9,30,18,17,40,53,59,9,5,4,22
S01009564,209,16,6,10,43,23,14,25,24,43,5,2,3,16
S01009565,198,7,2,5,29,13,9,38,30,43,15,8,7,14
S01009566,372,20,5,15,73,29,29,63,67,62,7,4,3,22
S01009567,327,13,1,12,49,25,24,49,61,66,22,8,14,18
S01009568,243,11,3,8,39,21,23,31,47,43,12,6,6,16
S01009569,275,12,3,9,29,14,14,41,71,74,8,3,5,12
S01009570,185,6,2,4,21,9,14,26,35,45,9,5,4,20
S01009571,253,5,0,5,30,15,13,37,50,51,28,15,13,24
S01009572,380,9,3,6,52,24,25,36,71,96,37,14,23,30
S01009573,253,6,0,6,19,16,10,38,54,67,28,16,12,15
S01009574,335,16,2,14,34,21,27,49,66,88,16,6,10,18
S01009575,182,10,3,7,34,20,15,31,21,30,8,4,4,13
S01009576,213,30,7,23,46,24,27,38,22,14,4,4,0,8
S01009577,269,35,13,22,63,15,28,38,27,38,9,8,1,16
S01009578,277,14,5,9,52,27,25,30,45,51,14,8,6,19
S01009579,401,40,15,25,78,26,41,68,44,58,19,9,10,27
S01009580,366,36,10,26,87,39,33,53,42,39,4,2,2,33
S01009581,215,9,5,4,37,21,16,32,32,39,10,4,6,19
S01009582,167,12,2,10,24,17,13,31,37,23,5,0,5,5
S01009583,261,10,0,10,34,26,25,36,42,56,10,3,7,22
S01009584,190,25,8,17,44,13,28,20,27,19,7,3,4,7
S01009585,358,13,6,7,48,28,29,63,73,72,10,7,3,22
S01009586,243,18,8,10,39,13,19,49,35,44,12,8,4,14
S01009587,257,22,9,13,39,18,15,43,45,47,13,7,6,15
S01009588,358,12,2,10,43,29,22,60,75,75,12,8,4,30
S01009589,329,11,4,7,45,28,21,67,48,66,20,10,10,23
S01009590,270,34,9,25,73,25,27,30,28,24,7,5,2,22
S01009591,269,43,9,34,63,17,25,36,32,31,10,2,8,12
S01009592,209,38,7,31,55,13,29,24,23,18,3,1,2,6
S01009593,226,41,11,30,57,20,27,26,17,16,11,7,4,11
S01009594,260,44,13,31,54,29,21,41,26,25,7,6,1,13
S01009595,199,32,15,17,59,17,24,18,20,12,7,3,4,10
S01009596,290,14,5,9,41,22,28,46,51,57,16,8,8,15
S01009597,283,9,1,8,27,11,25,48,53,57,27,12,15,26
S01009598,229,4,0,4,24,14,21,30,37,47,29,13,16,23
S01009599,334,21,7,14,51,25,20,56,54,67,23,15,8,17
S01009600,209,10,3,7,26,9,16,26,34,53,22,12,10,13
S01009601,250,8,2,6,30,18,15,46,41,48,31,16,15,13
S01009602,290,54,18,36,82,27,24,30,26,27,7,3,4,13
S01009603,215,36,11,25,53,16,22,22,27,13,12,12,0,14
S01009604,312,20,4,16,74,18,23,54,46,57,7,3,4,13
S01009605,275,23,7,16,34,20,25,49,40,42,23,17,6,19
S01009606,194,37,10,27,62,15,14,19,22,10,7,6,1,8
S01009607,195,35,12,23,51,12,24,22,13,23,3,1,2,12
S01009608,212,15,5,10,33,16,15,28,35,44,14,6,8,12
S01009609,307,30,9,21,56,25,35,42,43,47,9,7,2,20
S01009610,356,23,5,18,76,24,28,55,55,64,12,6,6,19
S01009611,194,37,9,28,34,11,33,30,20,18,2,1,1,9
S01009612,224,13,3,10,30,19,29,27,33,53,3,1,2,17
S01009613,181,16,3,13,58,12,38,19,19,11,2,1,1,6
S01009614,191,20,10,10,42,8,29,33,18,28,4,1,3,9
S01009615,155,16,5,11,23,15,21,24,15,26,5,4,1,10
S01009616,273,15,4,11,35,21,33,54,37,50,15,8,7,13
S01009617,279,29,4,25,44,22,28,54,43,41,5,3,2,13
S01009618,255,9,3,6,26,15,26,44,46,68,15,9,6,6
S01009619,226,10,1,9,29,13,17,43,38,44,17,10,7,15
S01009620,262,9,1,8,22,13,17,47,53,67,20,10,10,14
S01009621,296,11,3,8,39,16,30,61,44,63,25,13,12,7
S01009622,266,6,1,5,20,19,25,36,52,65,34,17,17,9
S01009623,154,5,2,3,13,13,10,29,29,42,7,5,2,6
S01009624,327,14,4,10,34,16,16,63,51,89,23,18,5,21
S01009625,280,2,0,2,22,11,18,49,59,77,26,9,17,16
S01009626,189,5,1,4,13,11,16,20,36,60,16,10,6,12
S01009627,283,9,0,9,27,17,24,43,55,65,18,9,9,25
S01009628,170,5,2,3,13,7,9,23,46,42,13,10,3,12
S01009629,365,9,3,6,30,14,26,64,76,80,34,16,18,32
S01009630,260,8,3,5,22,18,15,30,44,75,29,16,13,19
S01009631,298,4,0,4,22,10,21,41,69,86,36,16,20,9
S01009632,191,5,3,2,8,9,13,33,31,58,24,12,12,10
S01009633,244,4,1,3,12,12,10,32,48,70,34,18,16,22
S01009634,177,4,1,3,16,9,6,34,32,45,25,13,12,6
S01009635,320,14,1,13,33,22,24,50,69,76,16,5,11,16
S01009636,337,8,2,6,23,17,33,51,55,85,53,20,33,12
S01009637,260,14,2,12,33,8,25,40,44,70,14,8,6,12
S01009638,248,9,3,6,26,8,22,33,44,60,28,13,15,18
S01009639,277,41,8,33,68,20,33,33,21,27,13,9,4,21
S01009640,212,9,0,9,25,7,13,31,47,53,12,8,4,15
S01009641,265,13,0,13,41,24,25,39,36,58,19,8,11,10
S01009642,345,17,5,12,63,20,23,58,51,73,23,15,8,17
S01009643,214,21,6,15,54,15,17,32,37,24,7,4,3,7
S01009644,283,18,4,14,34,19,21,50,36,63,18,11,7,24
S01009645,214,7,2,5,28,12,19,45,38,49,8,5,3,8
S01009646,204,5,0,5,20,4,21,30,49,49,12,7,5,14
S01009647,207,6,1,5,20,12,22,26,38,47,20,7,13,16
S01009648,296,7,0,7,29,17,33,61,45,71,20,12,8,13
S01009649,376,21,9,12,60,30,29,56,67,71,24,14,10,18
S01009650,278,28,6,22,79,32,32,37,29,27,1,0,1,13
S01009651,323,53,6,47,79,13,63,32,26,34,9,5,4,14
S01009652,263,71,12,59,57,18,42,19,14,23,3,2,1,16
S01009653,185,33,14,19,46,10,25,26,16,22,1,1,0,6
S01009654,193,19,3,16,40,11,24,23,24,33,6,0,6,13
S01009655,302,9,2,7,20,12,21,51,60,87,20,11,9,22
S01009656,262,7,4,3,16,7,21,49,46,74,31,13,18,11
S01009657,306,22,4,18,50,15,34,55,43,49,18,8,10,20
S01009658,256,8,2,6,27,9,20,37,55,65,19,12,7,16
S01009659,202,13,3,10,28,10,20,29,29,46,19,8,11,8
S01009660,372,20,4,16,64,27,29,49,67,75,15,10,5,26
S01009661,332,42,13,29,63,15,88,38,22,28,7,1,6,29
S01009662,284,33,12,21,53,17,45,43,27,40,7,6,1,19
S01009663,245,35,6,29,58,14,22,37,24,25,9,4,5,21
S01009664,345,69,19,50,64,19,54,33,33,43,10,7,3,20
S01009665,234,26,12,14,46,9,30,30,25,44,10,6,4,14
S01009666,287,30,12,18,58,18,43,37,21,48,15,7,8,17
S01009667,181,30,8,22,45,7,31,24,20,16,1,1,0,7
S01009668,197,33,6,27,52,14,21,26,13,24,3,1,2,11
S01009669,176,25,3,22,29,12,31,29,16,25,3,2,1,6
S01009670,285,55,14,41,51,14,32,27,38,32,11,5,6,25
S01009671,235,32,8,24,61,14,36,21,29,19,2,0,2,21
S01009672,290,26,9,17,42,17,32,47,45,59,15,12,3,7
S01009673,296,42,17,25,64,15,48,31,25,47,10,6,4,14
S01009674,327,53,17,36,75,14,57,29,25,44,10,4,6,20
S01009675,333,54,17,37,75,23,48,32,29,39,7,4,3,26
S01009676,287,31,11,20,59,19,50,38,28,40,8,4,4,14
S01009677,217,37,9,28,42,5,55,23,23,14,4,2,2,14
S01009678,215,16,2,14,28,16,30,46,25,40,4,2,2,10
S01009679,341,20,5,15,65,19,40,48,35,78,19,5,14,17
S01009680,306,30,10,20,54,16,36,51,40,47,17,10,7,15
S01009681,280,17,4,13,47,16,28,41,32,57,28,21,7,14
S01009682,220,30,5,25,72,23,16,29,21,18,4,3,1,7
S01009683,300,55,11,44,73,17,19,26,22,24,12,7,5,52
S01009684,398,78,17,61,99,27,58,37,31,31,10,7,3,27
S01009685,226,20,6,14,37,5,28,46,29,38,11,7,4,12
S01009686,385,43,5,38,74,16,29,49,53,59,16,7,9,46
S01009687,263,17,3,14,75,27,25,25,26,42,12,7,5,14
S01009688,291,13,1,12,25,18,24,45,61,63,25,16,9,17
S01009689,215,34,5,29,34,8,19,29,23,31,12,7,5,25
S01009690,257,39,5,34,49,14,23,33,26,40,15,8,7,18
S01009691,202,39,7,32,53,17,19,21,11,17,4,2,2,21
S01009692,361,53,10,43,78,27,40,43,45,48,8,5,3,19
S01009693,231,32,8,24,65,18,22,31,22,15,7,3,4,19
S01009694,321,74,15,59,73,29,26,24,39,30,4,3,1,22
S01009695,216,37,9,28,59,11,37,16,10,28,6,4,2,12
S01009696,325,81,22,59,71,8,53,31,35,22,14,7,7,10
S01009697,268,60,11,49,58,16,46,28,20,21,4,0,4,15
S01009698,229,36,12,24,51,9,54,21,21,17,1,1,0,19
S01009699,173,33,11,22,33,4,30,21,20,20,3,3,0,9
S01009700,230,22,3,19,36,12,44,31,27,33,5,3,2,20
S01009701,138,30,7,23,34,7,17,16,13,9,4,2,2,8
S01009702,253,42,8,34,47,10,66,23,21,24,3,1,2,17
S01009703,192,15,4,11,37,4,44,35,11,34,4,1,3,8
S01009704,339,40,7,33,76,14,86,41,22,38,4,2,2,18
S01009705,286,14,2,12,44,7,55,52,30,58,13,6,7,13
S01009706,230,28,9,19,34,16,48,30,26,22,9,5,4,17
S01009707,177,23,3,20,43,13,29,21,13,20,7,4,3,8
S01009708,208,33,9,24,37,9,46,27,19,23,2,2,0,12
S01009709,305,35,4,31,39,17,58,49,28,52,13,6,7,14
S01009710,205,18,1,17,40,9,45,33,18,21,9,5,4,12
S01009711,276,28,5,23,41,13,60,27,39,39,15,9,6,14
S01009712,230,30,4,26,42,11,54,35,22,15,9,4,5,12
S01009713,306,48,10,38,52,6,71,38,25,33,15,8,7,18
S01009714,321,73,14,59,69,19,54,29,26,29,6,3,3,16
S01009715,260,50,7,43,52,7,58,24,27,18,9,4,5,15
S01009716,247,53,6,47,46,10,25,20,18,20,3,1,2,52
S01009717,382,21,0,21,31,8,23,21,31,29,8,3,5,210
S01009718,277,23,2,21,41,3,21,39,28,46,13,7,6,63
S01009719,267,19,2,17,26,13,25,38,39,42,8,4,4,57
S01009720,283,27,4,23,34,9,19,51,39,48,7,5,2,49
S01009721,248,17,0,17,8,3,6,4,4,4,2,1,1,200
S01009722,448,36,6,30,22,5,15,9,11,12,3,2,1,335
S01009723,317,27,1,26,17,4,7,5,5,6,5,4,1,241
S01009724,399,30,1,29,29,7,29,34,35,47,16,12,4,172
S01009725,279,22,0,22,20,5,10,14,6,6,8,3,5,188
S01009726,403,18,3,15,19,5,19,9,3,2,3,3,0,325
S01009727,322,75,21,54,60,6,32,26,26,21,5,0,5,71
S01009728,280,73,14,59,76,18,28,19,13,13,7,5,2,33
S01009729,224,63,5,58,57,14,22,20,11,13,2,1,1,22
S01009730,215,39,5,34,22,23,22,22,18,24,4,1,3,41
S01009731,176,58,5,53,38,14,18,9,8,7,3,3,0,21
S01009732,306,44,5,39,24,8,29,15,10,10,9,6,3,157
S01009733,195,42,8,34,35,5,33,13,22,28,1,0,1,16
S01009734,328,82,16,66,58,15,48,33,18,23,3,1,2,48
S01009735,449,104,21,83,64,10,27,5,4,4,2,2,0,229
S01009736,1113,35,4,31,14,6,17,10,8,4,4,4,0,1015
S01009737,284,10,4,6,106,44,22,24,27,35,6,4,2,10
S01009738,168,13,3,10,32,9,23,32,24,22,3,3,0,10
S01009739,290,54,38,16,100,24,22,19,19,16,9,3,6,27
S01009740,204,10,6,4,42,14,22,32,26,28,8,5,3,22
S01009741,459,34,32,2,173,212,1,7,7,13,2,1,1,10
S01009742,199,50,11,39,61,14,21,17,12,7,5,2,3,12
S01009743,341,78,12,66,68,18,54,44,22,33,8,4,4,16
S01009744,251,46,14,32,70,14,38,28,12,22,4,3,1,17
S01009745,381,69,16,53,109,29,39,44,39,26,6,4,2,20
S01009746,215,40,6,34,52,8,54,15,20,14,3,0,3,9
S01009747,244,29,4,25,51,28,26,31,25,32,8,4,4,14
S01009748,261,58,11,47,57,19,23,32,29,22,7,3,4,14
S01009749,345,66,10,56,79,30,21,38,28,55,8,3,5,20
S01009750,233,21,3,18,54,12,25,33,25,42,7,2,5,14
S01009751,296,29,4,25,46,29,20,41,48,51,15,7,8,17
S01009752,210,87,7,80,52,13,15,10,6,9,3,0,3,15
S01009753,228,50,7,43,59,20,31,14,17,17,5,2,3,15
S01009754,292,70,12,58,57,19,31,23,24,31,8,5,3,29
S01009755,245,64,11,53,60,15,22,28,10,15,8,6,2,23
S01009756,263,81,19,62,55,17,22,24,16,21,4,2,2,23
S01009757,237,85,11,74,62,7,31,14,10,4,3,3,0,21
S01009758,214,20,1,19,41,19,23,26,24,32,5,3,2,24
S01009759,270,6,1,5,11,10,25,29,48,73,35,19,16,33
S01009760,270,8,0,8,24,25,27,32,38,69,28,18,10,19
S01009761,322,31,8,23,46,27,36,50,37,54,14,6,8,27
S01009762,331,6,2,4,26,18,12,48,55,94,41,23,18,31
S01009763,282,59,13,46,66,16,49,16,14,16,4,4,0,42
S01009764,223,7,2,5,25,17,18,33,31,51,32,17,15,9
S01009765,318,13,1,12,45,33,39,50,48,47,19,9,10,24
S01009766,218,14,3,11,35,18,18,40,31,29,4,0,4,29
S01009767,200,5,1,4,15,12,11,26,35,51,26,19,7,19
S01009768,212,14,1,13,28,11,26,20,31,44,23,13,10,15
S01009769,220,21,3,18,51,24,22,26,30,28,7,1,6,11
S01009770,274,21,4,17,46,27,28,42,38,24,13,12,1,35
S01009771,307,20,4,16,59,28,49,43,35,32,11,5,6,30
S01009772,228,21,5,16,38,25,25,26,22,45,6,0,6,20
S01009773,213,31,3,28,37,13,37,26,15,11,7,5,2,36
S01009774,169,28,2,26,38,12,24,18,10,17,6,3,3,16
S01009775,285,11,3,8,20,11,12,43,47,71,39,22,17,31
S01009776,192,5,0,5,15,4,7,26,27,49,46,25,21,13
S01009777,194,4,0,4,9,23,16,20,45,43,14,8,6,20
S01009778,301,7,4,3,15,15,19,41,61,89,29,20,9,25
S01009779,168,2,1,1,7,9,10,18,27,52,22,12,10,21
S01009780,183,2,0,2,8,8,9,14,34,44,41,22,19,23
S01009781,175,1,0,1,9,17,5,23,37,41,30,21,9,12
S01009782,187,16,0,16,27,15,23,21,28,29,13,6,7,15
S01009783,231,5,1,4,20,13,17,25,49,54,33,23,10,15
S01009784,255,6,1,5,16,21,11,32,50,58,28,18,10,33
S01009785,257,4,1,3,13,16,20,26,50,78,29,24,5,21
S01009786,318,5,2,3,27,19,21,28,56,87,45,20,25,30
S01009787,296,5,0,5,25,25,19,36,56,71,44,26,18,15
S01009788,281,11,1,10,28,24,25,31,42,83,17,9,8,20
S01009789,290,10,3,7,26,17,22,38,47,86,18,13,5,26
S01009790,220,6,2,4,21,15,10,36,49,50,16,12,4,17
S01009791,215,6,1,5,14,4,21,27,46,53,33,21,12,11
S01009792,353,52,12,40,88,27,44,28,25,27,14,10,4,48
S01009793,329,27,7,20,56,34,38,53,44,44,10,3,7,23
S01009794,180,28,4,24,44,26,11,28,15,19,4,1,3,5
S01009795,295,46,16,30,58,40,36,34,21,24,4,1,3,32
S01009796,274,33,12,21,58,24,40,35,37,22,7,5,2,18
S01009797,293,35,5,30,58,29,36,36,32,31,13,5,8,23
S01009798,254,32,8,24,66,26,31,25,18,23,6,5,1,27
S01009799,271,5,1,4,25,16,12,29,56,59,49,22,27,20
S01009800,370,13,3,10,35,35,36,43,62,81,37,19,18,28
S01009801,292,5,0,5,28,22,17,34,54,79,31,17,14,22
S01009802,324,11,0,11,43,32,25,48,53,61,33,20,13,18
S01009803,262,9,2,7,24,12,16,23,36,63,39,25,14,40
S01009804,245,31,0,31,45,18,14,23,28,28,49,45,4,9
S01009805,319,18,2,16,28,29,11,25,55,77,36,19,17,40
S01009806,284,12,1,11,45,19,25,31,56,53,16,9,7,27
S01009807,341,12,1,11,32,34,23,58,64,47,43,24,19,28
S01009808,309,2,0,2,35,16,28,35,53,54,50,25,25,36
S01009809,242,15,2,13,42,22,19,28,46,40,13,10,3,17
S01009810,276,6,2,4,35,23,14,44,42,61,30,12,18,21
S01009811,374,12,3,9,34,28,30,40,76,91,39,27,12,24
S01009812,256,11,0,11,30,26,22,30,45,49,28,16,12,15
S01009813,212,2,0,2,17,16,18,20,34,35,33,20,13,37
S01009814,304,25,3,22,50,14,29,39,39,60,13,5,8,35
S01009815,259,18,3,15,48,29,17,26,28,58,13,8,5,22
S01009816,248,15,0,15,36,23,26,41,36,44,7,5,2,20
S01009817,231,10,4,6,52,15,10,36,33,39,19,9,10,17
S01009818,340,44,9,35,84,30,33,42,32,29,15,10,5,31
S01009819,222,15,2,13,46,17,27,23,33,35,12,7,5,14
S01009820,320,24,7,17,55,41,33,42,50,37,20,11,9,18
S01009821,231,34,10,24,42,22,23,23,29,31,9,5,4,18
S01009822,155,12,2,10,21,20,10,19,22,31,9,5,4,11
S01009823,219,7,3,4,18,14,12,31,34,56,31,22,9,16
S01009824,282,11,1,10,32,18,14,49,39,71,28,18,10,20
S01009825,331,15,5,10,44,26,25,37,54,73,29,19,10,28
S01009826,180,5,2,3,15,8,8,26,33,49,19,8,11,17
S01009827,275,5,3,2,25,15,15,32,49,94,24,16,8,16
S01009828,248,10,1,9,29,14,17,37,37,64,34,21,13,6
S01009829,345,25,6,19,46,33,24,51,52,63,29,11,18,22
S01009830,273,9,3,6,35,35,22,29,42,64,15,10,5,22
S01009831,263,11,2,9,48,35,13,34,45,42,14,6,8,21
S01009832,307,29,4,25,51,25,25,43,52,49,14,6,8,19
S01009833,208,11,0,11,44,14,17,26,30,37,10,9,1,19
S01009834,254,9,2,7,42,20,21,26,36,58,26,12,14,16
S01009835,159,7,1,6,12,10,11,13,28,51,15,8,7,12
S01009836,349,20,8,12,49,19,27,49,62,73,28,21,7,22
S01009837,227,6,3,3,22,17,15,26,46,63,25,18,7,7
S01009838,253,9,0,9,37,24,17,31,36,53,33,16,17,13
S01009839,372,19,2,17,32,33,18,37,68,91,55,23,32,19
S01009840,346,17,3,14,38,26,23,46,59,82,35,23,12,20
S01009841,345,16,7,9,34,25,11,38,56,77,58,34,24,30
S01009842,248,8,0,8,26,13,16,29,37,44,40,23,17,35
S01009843,240,7,0,7,13,17,7,29,44,55,52,35,17,16
S01009844,231,6,0,6,18,12,20,27,41,47,44,29,15,16
S01009845,323,9,0,9,19,30,20,44,54,61,66,30,36,20
S01009846,340,9,1,8,27,23,23,43,60,87,35,18,17,33
S01009847,201,5,1,4,18,18,8,21,36,65,18,12,6,12
S01009848,310,12,4,8,27,14,21,36,54,71,48,30,18,27
S01009849,243,14,1,13,39,25,14,30,31,57,19,10,9,14
S01009850,339,22,4,18,44,39,20,39,58,75,22,13,9,20
S01009851,285,16,3,13,27,22,25,43,51,64,18,9,9,19
S01009852,189,11,2,9,36,17,9,22,34,28,13,6,7,19
S01009853,267,15,4,11,38,25,21,21,45,58,20,9,11,24
S01009854,299,13,3,10,36,26,19,30,52,67,38,16,22,18
S01009855,208,23,4,19,42,12,15,29,33,28,7,3,4,19
S01009856,185,12,1,11,27,19,18,22,22,36,10,6,4,19
S01009857,296,23,2,21,58,36,26,28,41,49,16,13,3,19
S01009858,246,12,2,10,43,28,20,37,36,38,8,5,3,24
S01009859,392,14,1,13,29,25,13,37,69,115,65,33,32,25
S01009860,347,8,1,7,26,26,9,45,68,85,54,32,22,26
S01009861,416,15,0,15,55,28,23,46,51,83,72,52,20,43
S01009862,454,14,1,13,45,31,35,56,77,96,60,30,30,40
S01009863,374,21,2,19,45,29,33,41,73,60,38,25,13,34
S01009864,266,24,3,21,35,16,20,18,28,51,35,28,7,39
S01009865,193,13,0,13,29,20,18,23,30,27,18,8,10,15
S01009866,350,21,3,18,50,25,29,58,43,58,28,14,14,38
S01009867,500,87,11,76,108,69,41,36,40,40,18,8,10,61
S01009868,309,33,1,32,52,31,21,27,43,54,12,8,4,36
S01009869,279,23,5,18,39,22,24,32,40,22,11,4,7,66
S01009870,272,18,0,18,41,26,20,27,41,38,25,19,6,36
S01009871,371,37,6,31,41,29,39,33,47,61,29,15,14,55
S01009872,328,30,2,28,56,28,35,28,44,32,20,6,14,55
S01009873,370,53,5,48,74,31,52,19,30,48,35,21,14,28
S01009874,393,53,8,45,58,21,42,36,53,57,30,15,15,43
S01009875,251,16,2,14,35,20,24,20,27,27,28,26,2,54
S01009876,255,7,0,7,25,14,15,23,34,32,52,39,13,53
S01009877,324,89,10,79,83,12,46,15,18,13,19,17,2,29
S01009878,287,22,3,19,43,14,44,30,29,28,24,20,4,53
S01009879,326,117,26,91,66,12,48,16,11,8,12,8,4,36
S01009880,283,63,8,55,49,13,47,15,21,8,20,15,5,47
S01009881,214,14,1,13,32,16,30,21,18,21,21,18,3,41
S01009882,512,86,6,80,112,43,56,39,46,32,33,13,20,65
S01009883,315,27,3,24,48,16,37,30,44,32,18,10,8,63
S01009884,312,29,1,28,66,28,41,25,39,26,24,18,6,34
S01009885,306,35,3,32,52,26,45,21,34,18,21,12,9,54
S01009886,303,28,0,28,51,15,33,19,41,30,27,22,5,59
S01009887,441,19,1,18,57,31,34,39,64,57,41,17,24,99
S01009888,269,21,5,16,33,21,34,28,37,29,17,12,5,49
S01009889,333,21,0,21,56,23,26,42,49,32,32,24,8,52
S01009890,231,8,1,7,24,17,18,29,42,38,28,18,10,27
S01009891,311,16,2,14,54,33,32,35,38,52,21,10,11,30
S01009892,361,17,5,12,43,25,17,44,53,80,49,37,12,33
S01009893,373,27,2,25,58,42,35,42,49,42,26,12,14,52
S01009894,313,11,2,9,41,24,27,39,50,49,33,20,13,39
S01009895,330,18,2,16,28,24,17,29,60,70,39,29,10,45
S01009896,388,8,0,8,40,21,45,42,64,77,47,30,17,44
S01009897,368,26,5,21,62,31,30,42,55,56,33,15,18,33
S01009898,203,11,0,11,16,14,32,21,26,32,20,8,12,31
S01009899,321,38,1,37,81,39,25,34,39,29,16,5,11,20
S01009900,318,57,5,52,116,41,16,21,21,22,11,4,7,13
S01009901,355,63,3,60,109,37,31,30,29,20,12,3,9,24
S01009902,349,26,1,25,42,29,34,43,48,64,30,12,18,33
S01009903,327,58,8,50,85,21,42,25,28,22,15,12,3,31
S01009904,306,51,5,46,93,30,31,16,18,26,11,5,6,30
S01009905,367,38,3,35,70,30,20,30,47,25,27,14,13,80
S01009906,290,38,2,36,63,24,23,31,29,31,15,9,6,36
S01009907,395,24,3,21,54,36,28,28,46,44,36,14,22,99
S01009908,429,85,7,78,123,31,37,31,40,19,15,12,3,48
S01009909,412,63,7,56,98,52,33,24,54,27,25,13,12,36
S01009910,234,32,6,26,71,34,11,10,25,22,8,1,7,21
S01009911,359,67,10,57,107,21,32,28,27,27,21,13,8,29
S01009912,328,96,12,84,70,13,52,18,20,15,9,9,0,35
S01009913,274,60,5,55,50,17,62,11,11,19,16,12,4,28
S01009914,360,84,15,69,89,21,66,15,21,14,9,5,4,41
S01009915,351,94,10,84,92,25,51,13,11,15,13,9,4,37
S01009916,340,48,3,45,59,23,93,23,23,5,20,15,5,46
S01009917,270,73,10,63,79,22,25,16,16,12,11,7,4,16
S01009918,261,61,6,55,76,17,32,11,14,13,12,8,4,25
S01009919,399,46,4,42,83,48,36,31,58,39,19,9,10,39
S01009920,352,76,5,71,108,37,24,27,26,21,8,5,3,25
S01009921,302,52,2,50,93,49,15,25,20,9,12,3,9,27
S01009922,458,106,13,93,136,53,27,35,33,23,15,9,6,30
S01009923,386,48,4,44,105,48,34,34,29,42,21,7,14,25
S01009924,425,64,10,54,111,60,33,30,42,30,11,8,3,44
S01009925,280,57,1,56,72,46,14,16,26,12,12,6,6,25
S01009926,300,50,6,44,99,31,23,19,23,22,12,10,2,21
S01009927,206,32,5,27,49,21,20,19,18,18,13,5,8,16
S01009928,358,108,15,93,111,28,39,12,19,10,9,3,6,22
S01009929,179,47,6,41,43,20,18,14,5,13,7,3,4,12
S01009930,371,67,7,60,84,40,39,33,43,19,17,6,11,29
S01009931,342,78,9,69,113,39,30,19,15,13,6,2,4,29
S01009932,266,53,3,50,73,32,24,19,22,23,8,2,6,12
S01009933,382,26,2,24,65,28,23,45,48,72,44,19,25,31
S01009934,330,71,10,61,90,29,29,29,33,15,10,8,2,24
S01009935,210,12,0,12,25,15,11,25,49,44,25,12,13,4
S01009936,296,27,2,25,54,29,22,24,39,63,21,7,14,17
S01009937,162,8,3,5,19,11,12,21,19,30,22,12,10,20
S01009938,348,26,1,25,40,20,29,48,62,72,29,18,11,22
S01009939,357,7,0,7,21,17,19,32,52,60,116,82,34,33
S01009940,315,4,0,4,21,21,23,40,57,83,49,30,19,17
S01009941,337,21,1,20,58,22,59,35,36,44,17,9,8,45
S01009942,379,5,0,5,29,24,26,33,60,110,69,52,17,23
S01009943,299,5,3,2,16,18,17,36,54,93,35,21,14,25
S01009944,289,20,1,19,40,26,30,36,43,43,17,8,9,34
S01009945,306,14,1,13,40,31,24,32,56,45,31,15,16,33
S01009946,299,18,5,13,41,27,20,24,56,67,15,11,4,31
S01009947,192,18,1,17,23,14,15,24,26,36,23,12,11,13
S01009948,309,10,2,8,26,24,31,32,54,68,35,19,16,29
S01009949,300,24,1,23,58,23,20,43,38,42,27,10,17,25
S01009950,270,82,13,69,63,22,30,12,13,12,5,2,3,31
S01009951,287,107,9,98,51,4,47,6,14,11,11,7,4,36
S01009952,255,68,12,56,67,19,24,16,18,12,7,5,2,24
S01009953,314,56,12,44,79,21,34,28,30,32,8,5,3,26
S01009954,254,46,10,36,45,22,44,10,20,17,19,17,2,31
S01009955,354,59,10,49,65,40,32,32,44,37,20,13,7,25
S01009956,252,29,5,24,49,23,30,26,26,32,11,8,3,26
S01009957,276,86,12,74,55,19,39,22,18,10,5,2,3,22
S01009958,339,87,8,79,87,28,35,28,23,16,7,3,4,28
S01009959,216,61,7,54,49,13,33,10,10,11,6,4,2,23
S01009960,296,78,12,66,72,23,31,13,15,12,13,11,2,39
S01009961,247,21,5,16,58,19,33,31,24,28,13,9,4,20
S01009962,402,56,5,51,90,45,38,49,58,39,14,5,9,13
S01009963,304,37,8,29,63,34,42,46,20,29,3,1,2,30
S01009964,354,65,9,56,101,28,43,28,18,24,14,6,8,33
S01009965,273,29,9,20,56,28,35,36,28,34,7,1,6,20
S01009966,293,28,11,17,56,32,27,43,22,44,10,3,7,31
S01009967,302,76,19,57,87,30,27,21,18,15,4,0,4,24
S01009968,230,10,3,7,40,35,33,28,25,34,7,4,3,18
S01009969,306,71,12,59,72,23,41,23,19,19,11,5,6,27
S01009970,281,4,2,2,16,29,19,36,45,61,45,20,25,26
S01009971,385,16,3,13,38,21,40,45,64,93,48,22,26,20
S01009972,271,16,4,12,59,15,34,37,33,33,16,12,4,28
S01009973,249,10,1,9,32,16,22,36,33,67,16,7,9,17
S01009974,182,4,0,4,7,12,16,24,34,48,32,17,15,5
S01009975,260,1,0,1,14,16,19,30,58,65,42,34,8,15
S01009976,163,3,0,3,12,11,10,17,33,50,20,11,9,7
S01009977,390,9,1,8,30,17,15,31,66,120,76,46,30,26
S01009978,331,11,5,6,29,11,20,43,69,72,53,28,25,23
S01009979,180,3,0,3,7,13,13,21,33,63,24,19,5,3
S01009980,214,6,2,4,13,13,7,17,39,59,46,35,11,14
S01009981,223,11,1,10,26,12,8,16,27,62,48,29,19,13
S01009982,335,12,1,11,40,20,28,32,44,89,38,24,14,32
S01009983,180,8,0,8,11,5,6,11,28,35,55,34,21,21
S01009984,264,9,1,8,22,22,26,36,44,60,30,16,14,15
S01009985,222,2,1,1,13,7,14,30,38,55,50,37,13,13
S01009986,182,8,0,8,13,13,7,20,24,63,24,13,11,10
S01009987,305,10,1,9,18,13,24,41,63,80,40,20,20,16
S01009988,178,1,0,1,16,8,7,20,31,50,33,17,16,12
S01009989,293,14,0,14,44,25,31,28,42,59,20,14,6,30
S01009990,232,17,4,13,30,28,17,28,34,50,6,4,2,22
S01009991,271,15,7,8,30,38,24,46,34,42,20,13,7,22
S01009992,222,3,0,3,16,21,14,25,45,57,31,12,19,10
S01009993,296,28,3,25,41,22,33,39,47,54,11,5,6,21
S01009994,234,13,3,10,37,24,21,42,43,32,7,4,3,15
S01009995,232,14,3,11,35,26,16,36,36,35,10,4,6,24
S01009996,235,16,6,10,32,20,21,38,27,47,13,6,7,21
S01009997,215,14,4,10,43,24,18,27,29,25,15,8,7,20
S01009998,222,27,8,19,53,17,36,19,11,26,14,9,5,19
S01009999,265,25,5,20,51,29,18,43,37,27,14,7,7,21
S01010000,225,13,0,13,42,23,16,32,37,29,12,4,8,21
S01010001,255,23,4,19,46,22,21,32,34,42,10,6,4,25
S01010002,275,15,2,13,40,36,27,36,40,43,10,3,7,28
S01010003,263,34,7,27,46,28,18,35,39,33,10,6,4,20
S01010004,263,31,5,26,64,28,32,17,21,27,11,7,4,32
S01010005,311,21,3,18,55,45,22,36,39,38,35,13,22,20
S01010006,351,42,3,39,90,31,16,39,34,56,19,5,14,24
S01010007,367,49,8,41,107,42,39,26,29,36,3,1,2,36
S01010008,254,41,5,36,71,26,21,23,29,21,15,6,9,7
S01010009,289,25,0,25,67,33,22,32,38,31,26,15,11,15
S01010010,380,69,13,56,101,28,45,25,36,35,9,6,3,32
S01010011,301,29,5,24,83,30,22,36,31,42,19,8,11,9
S01010012,266,22,4,18,48,26,35,33,24,42,13,9,4,23
S01010013,324,39,5,34,86,25,29,38,31,32,22,10,12,22
S01010014,450,66,7,59,96,44,44,34,50,51,29,18,11,36
S01010015,354,63,6,57,86,42,29,31,25,22,13,7,6,43
S01010016,255,7,2,5,34,16,25,34,39,62,20,12,8,18
S01010017,230,9,3,6,14,13,16,25,38,51,42,17,25,22
S01010018,325,13,3,10,47,37,26,40,51,77,13,8,5,21
S01010019,228,3,2,1,20,18,15,28,38,50,43,22,21,13
S01010020,256,9,3,6,21,27,18,38,37,69,13,12,1,24
S01010021,296,6,0,6,14,20,23,29,58,61,56,36,20,29
S01010022,369,25,0,25,62,27,20,41,55,71,40,23,17,28
S01010023,219,3,1,2,17,9,9,35,44,67,27,15,12,8
S01010024,306,27,1,26,35,21,16,32,45,62,35,25,10,33
S01010025,235,14,0,14,25,11,20,31,38,43,32,26,6,21
S01010026,370,31,4,27,71,26,19,29,53,71,35,19,16,35
S01010027,376,36,6,30,75,28,22,27,33,46,22,14,8,87
S01010028,236,20,0,20,34,20,9,28,33,41,25,15,10,26
S01010029,251,9,3,6,23,19,13,37,39,67,32,20,12,12
S01010030,345,67,6,61,69,30,13,30,32,35,13,10,3,56
S01010031,462,88,7,81,96,35,13,38,27,22,37,23,14,106
S01010032,598,49,4,45,70,29,16,27,35,33,73,61,12,266
S01010033,390,31,1,30,45,30,33,30,53,59,49,31,18,60
S01010034,460,26,5,21,38,22,15,36,58,72,36,24,12,157
S01010035,328,8,0,8,22,19,14,44,56,54,51,33,18,60
S01010036,469,53,6,47,61,40,19,20,32,17,13,9,4,214
S01010037,221,8,0,8,14,18,13,26,34,63,30,17,13,15
S01010038,399,9,0,9,51,21,23,45,58,89,36,25,11,67
S01010039,527,83,10,73,115,45,28,30,32,27,17,12,5,150
S01010040,360,47,6,41,78,36,24,24,45,43,25,14,11,38
S01010041,374,63,2,61,60,25,19,31,29,28,36,26,10,83
S01010042,508,49,4,45,103,43,34,44,45,59,25,9,16,106
S01010043,314,18,1,17,38,23,14,36,48,61,44,19,25,32
S01010044,428,29,4,25,54,34,27,57,59,98,41,34,7,29
S01010045,166,2,1,1,8,8,5,19,33,48,28,21,7,15
S01010046,285,9,1,8,28,22,25,35,50,64,39,25,14,13
S01010047,305,6,3,3,20,15,21,37,49,87,54,43,11,16
S01010048,344,7,2,5,33,24,11,43,54,104,41,25,16,27
S01010049,234,5,1,4,7,11,12,26,47,69,41,24,17,16
S01010050,398,13,0,13,19,24,15,40,64,109,80,55,25,34
S01010051,261,3,0,3,21,12,15,21,42,85,33,25,8,29
S01010052,285,11,0,11,23,30,15,25,61,66,37,21,16,17
S01010053,303,16,1,15,30,21,16,36,49,63,29,22,7,43
S01010054,165,0,0,0,8,8,9,13,32,39,42,32,10,14
S01010055,491,16,2,14,48,29,30,49,95,98,83,49,34,43
S01010056,162,2,0,2,13,5,8,22,36,45,20,11,9,11
S01010057,129,6,2,4,18,13,9,16,22,21,17,10,7,7
S01010058,281,10,1,9,23,9,14,28,44,90,33,21,12,30
S01010059,238,11,1,10,28,27,26,24,22,61,21,8,13,18
S01010060,361,8,1,7,47,26,26,37,55,98,39,21,18,25
S01010061,195,7,0,7,25,17,22,22,29,32,13,9,4,28
S01010062,245,7,0,7,24,20,23,29,44,64,21,15,6,13
S01010063,404,15,4,11,35,23,25,57,67,102,55,32,23,25
S01010064,179,7,0,7,26,14,14,23,26,37,22,14,8,10
S01010065,287,8,3,5,29,10,26,42,52,78,28,20,8,14
S01010066,244,3,0,3,11,11,15,34,41,75,25,15,10,29
S01010067,197,2,1,1,12,11,10,19,36,59,34,15,19,14
S01010068,256,15,2,13,37,21,19,34,46,47,10,5,5,27
S01010069,322,18,6,12,64,27,41,36,52,58,10,4,6,16
S01010070,258,19,6,13,41,13,39,40,29,48,2,0,2,27
S01010071,295,16,5,11,34,21,46,48,33,59,13,10,3,25
S01010072,296,22,4,18,33,16,26,42,54,79,16,6,10,8
S01010073,277,18,5,13,55,30,28,43,27,47,9,5,4,20
S01010074,287,21,2,19,60,28,34,40,33,37,12,5,7,22
S01010075,212,4,1,3,22,10,16,23,37,65,21,14,7,14
S01010076,244,9,0,9,24,15,22,30,42,67,14,9,5,21
S01010077,213,4,2,2,19,18,33,26,39,48,11,8,3,15
S01010078,250,25,9,16,54,30,28,31,24,31,8,4,4,19
S01010079,348,49,15,34,80,30,64,31,13,35,9,6,3,37
S01010080,251,32,5,27,49,23,36,32,28,28,2,0,2,21
S01010081,267,34,9,25,55,20,56,19,16,31,5,4,1,31
S01010082,308,37,10,27,67,21,52,27,21,37,15,8,7,31
S01010083,266,8,1,7,25,22,25,32,43,64,27,17,10,20
S01010084,314,4,1,3,23,19,24,50,56,96,32,22,10,10
S01010085,296,29,5,24,57,31,26,46,28,45,15,2,13,19
S01010086,326,5,3,2,27,14,23,47,59,89,30,14,16,32
S01010087,218,30,6,24,41,19,43,23,21,19,9,5,4,13
S01010088,302,51,8,43,76,16,52,27,22,20,7,5,2,31
S01010089,266,10,2,8,34,22,35,36,39,50,13,7,6,27
S01010090,389,26,8,18,77,31,43,61,41,51,14,8,6,45
S01010091,322,25,5,20,78,21,47,31,26,44,14,5,9,36
S01010092,329,23,4,19,26,26,26,38,51,76,37,29,8,26
S01010093,307,24,8,16,50,26,38,54,28,46,12,6,6,29
S01010094,235,17,4,13,45,24,24,32,24,43,9,6,3,17
S01010095,261,24,6,18,45,33,30,43,22,42,3,2,1,19
S01010096,259,18,4,14,59,29,32,28,29,34,7,4,3,23
S01010097,258,19,3,16,48,25,33,30,31,40,13,6,7,19
S01010098,269,27,6,21,46,19,38,35,25,38,9,5,4,32
S01010099,241,23,4,19,59,18,28,32,17,32,5,3,2,27
S01010100,316,26,5,21,52,18,38,52,38,63,5,3,2,24
S01010101,273,14,6,8,53,23,36,37,31,53,7,1,6,19
S01010102,345,39,5,34,89,33,34,53,19,30,5,3,2,43
S01010103,354,24,1,23,51,37,56,67,34,44,4,1,3,37
S01010104,267,25,4,21,56,28,34,30,19,40,4,2,2,31
S01010105,139,6,4,2,16,10,6,9,26,36,17,10,7,13
S01010106,139,1,0,1,14,2,11,12,28,41,21,12,9,9
S01010107,289,2,0,2,21,16,24,33,51,71,28,14,14,43
S01010108,278,9,1,8,22,20,32,39,46,74,22,11,11,14
S01010109,289,17,1,16,24,15,23,39,43,64,35,25,10,29
S01010110,268,6,0,6,13,11,19,22,47,84,45,29,16,21
S01010111,326,5,1,4,24,14,21,38,54,83,66,53,13,21
S01010112,316,2,1,1,21,10,19,30,48,94,62,45,17,30
S01010113,167,5,2,3,11,10,10,15,28,47,34,16,18,7
S01010114,263,6,2,4,14,16,12,31,52,61,53,36,17,18
S01010115,221,7,1,6,25,16,27,36,27,49,15,9,6,19
S01010116,368,24,5,19,60,33,39,48,42,62,14,8,6,46
S01010117,230,21,4,17,43,16,27,26,30,36,9,5,4,22
S01010118,193,4,0,4,12,7,9,18,39,43,45,28,17,16
S01010119,157,4,0,4,19,1,12,24,23,40,18,12,6,16
S01010120,324,5,3,2,18,11,14,25,75,77,73,51,22,26
S01010121,220,2,0,2,10,12,16,24,54,48,45,31,14,9
S01010122,187,4,3,1,9,8,9,22,32,57,32,22,10,14
S01010123,223,5,0,5,23,11,13,21,45,59,29,16,13,17
S01010124,224,10,5,5,31,18,26,35,34,43,10,6,4,17
S01010125,170,7,3,4,13,6,17,16,25,46,30,18,12,10
S01010126,265,11,4,7,26,12,36,34,35,64,26,16,10,21
S01010127,226,10,3,7,20,20,21,20,35,67,25,13,12,8
S01010128,144,2,1,1,7,10,9,12,30,37,19,13,6,18
S01010129,237,4,0,4,8,13,11,33,43,65,49,33,16,11
S01010130,122,3,2,1,13,5,14,19,20,26,14,6,8,8
S01010131,347,31,4,27,57,33,58,51,28,59,9,5,4,21
S01010132,317,7,3,4,18,16,18,36,51,100,42,28,14,29
S01010133,243,3,0,3,27,17,14,26,45,67,25,14,11,19
S01010134,363,17,4,13,29,23,30,49,44,112,40,26,14,19
S01010135,253,4,1,3,25,19,15,27,50,74,27,22,5,12
S01010136,282,15,4,11,44,22,29,30,37,57,27,10,17,21
S01010137,292,19,6,13,32,27,31,38,36,65,24,12,12,20
S01010138,450,11,4,7,33,36,45,57,77,95,81,33,48,15
S01010139,382,11,2,9,38,26,33,55,62,88,48,28,20,21
S01010140,284,16,1,15,46,30,24,30,42,60,16,9,7,20
S01010141,291,7,0,7,18,12,22,43,46,85,39,21,18,19
S01010142,208,7,3,4,18,9,26,17,34,51,26,18,8,20
S01010143,251,13,4,9,22,19,23,34,44,65,18,9,9,13
S01010144,268,9,0,9,32,21,15,36,43,76,23,7,16,13
S01010145,283,11,2,9,35,18,27,35,51,67,25,16,9,14
S01010146,312,4,0,4,28,15,22,31,62,74,49,30,19,27
S01010147,307,4,1,3,21,15,21,31,61,87,52,31,21,15
S01010148,263,7,1,6,18,16,13,30,49,59,54,43,11,17
S01010149,192,10,0,10,33,14,21,19,23,41,21,19,2,10
S01010150,220,7,1,6,16,13,21,27,37,64,27,15,12,8
S01010151,200,3,0,3,18,8,11,23,36,51,29,18,11,21
S01010152,296,11,4,7,23,30,18,45,40,76,29,17,12,24
S01010153,324,17,6,11,43,22,27,40,58,73,29,22,7,15
S01010154,284,12,2,10,30,26,14,33,50,72,30,23,7,17
S01010155,222,4,0,4,22,16,17,34,34,59,23,15,8,13
S01010156,196,9,1,8,9,14,24,20,37,52,22,14,8,9
S01010157,175,5,1,4,6,11,15,17,35,53,24,15,9,9
S01010158,297,7,1,6,20,25,32,34,48,80,32,17,15,19
S01010159,233,8,1,7,31,13,20,35,30,63,19,11,8,14
S01010160,266,3,0,3,9,6,24,31,56,69,38,17,21,30
S01010161,221,7,1,6,23,5,21,28,42,56,20,12,8,19
S01010162,208,3,0,3,10,10,13,15,38,52,47,28,19,20
S01010163,202,4,1,3,14,12,10,20,35,60,28,23,5,19
S01010164,252,3,2,1,25,9,25,33,41,62,32,22,10,22
S01010165,214,2,0,2,14,11,8,19,40,64,35,22,13,21
S01010166,249,3,1,2,16,14,20,38,52,63,27,17,10,16
S01010167,289,2,0,2,11,13,20,31,63,97,41,19,22,11
S01010168,159,3,2,1,12,15,20,17,27,30,24,10,14,11
S01010169,277,3,0,3,38,15,19,28,61,53,42,28,14,18
S01010170,189,2,0,2,11,11,21,26,31,61,15,7,8,11
S01010171,320,3,1,2,14,10,22,34,49,95,69,51,18,24
S01010172,243,11,0,11,30,19,18,36,35,62,25,18,7,7
S01010173,243,6,0,6,28,21,27,32,45,53,15,11,4,16
S01010174,1038,23,6,17,56,43,76,120,162,251,282,264,18,25
S01010175,168,6,3,3,23,12,15,12,23,51,17,9,8,9
S01010176,239,4,0,4,27,18,19,28,44,62,20,14,6,17
S01010177,237,3,1,2,16,16,17,27,32,55,50,33,17,21
S01010178,315,6,1,5,21,18,20,33,69,56,60,45,15,32
S01010179,292,4,0,4,16,17,13,31,63,88,44,33,11,16
S01010180,176,11,0,11,22,16,21,28,27,27,16,12,4,8
S01010181,194,3,0,3,12,8,19,14,40,47,43,30,13,8
S01010182,261,28,8,20,43,24,36,33,33,46,7,2,5,11
S01010183,134,3,0,3,13,12,4,18,23,33,20,13,7,8
S01010184,209,1,0,1,15,15,10,32,35,52,30,22,8,19
S01010185,195,1,0,1,15,5,16,25,44,50,29,20,9,10
S01010186,231,10,2,8,47,14,27,28,28,47,8,6,2,22
S01010187,252,17,4,13,34,27,21,38,35,53,8,7,1,19
S01010188,269,37,8,29,51,34,38,31,18,30,13,10,3,17
S01010189,367,42,3,39,65,42,42,45,30,48,12,7,5,41
S01010190,288,60,16,44,66,14,54,29,16,9,9,3,6,31
S01010191,257,30,3,27,60,19,34,32,21,26,12,8,4,23
S01010192,315,42,8,34,69,29,37,40,29,32,10,5,5,27
S01010193,281,26,7,19,61,17,46,43,22,28,14,10,4,24
S01010194,213,9,1,8,21,11,17,30,38,46,29,15,14,12
S01010195,185,6,1,5,21,11,18,29,25,45,19,13,6,11
S01010196,268,9,2,7,13,20,9,32,52,73,42,29,13,18
S01010197,214,3,0,3,18,11,11,27,36,63,29,18,11,16
S01010198,369,9,2,7,22,17,22,39,75,97,62,41,21,26
S01010199,152,8,0,8,8,9,7,21,24,40,26,12,14,9
S01010200,228,7,1,6,19,13,19,28,53,51,25,15,10,13
S01010201,219,7,5,2,14,14,20,39,33,72,12,7,5,8
S01010202,224,5,0,5,14,8,12,20,41,53,48,30,18,23
S01010203,235,23,6,17,38,22,22,36,30,42,11,9,2,11
S01010204,253,6,0,6,12,7,9,35,45,69,51,39,12,19
S01010205,228,10,1,9,24,14,17,28,38,50,27,21,6,20
S01010206,153,6,0,6,3,5,7,11,8,11,79,74,5,23
S01010207,222,5,1,4,14,5,14,26,25,32,54,47,7,47
S01010208,371,19,2,17,51,41,32,50,46,75,25,16,9,32
S01010209,318,19,1,18,34,17,20,55,51,61,43,28,15,18
S01010210,288,12,0,12,39,15,26,35,48,69,25,12,13,19
S01010211,284,9,1,8,28,15,11,33,48,75,38,23,15,27
S01010212,376,12,0,12,20,19,10,55,74,76,68,37,31,42
S01010213,289,8,2,6,29,20,11,49,63,74,20,10,10,15
S01010214,330,27,3,24,39,27,29,50,43,65,21,16,5,29
S01010215,258,5,1,4,15,15,14,36,46,72,40,14,26,15
S01010216,233,3,0,3,17,15,18,17,47,47,41,34,7,28
S01010217,275,10,2,8,24,23,10,39,42,58,40,22,18,29
S01010218,388,14,1,13,45,35,28,46,78,64,58,31,27,20
S01010219,203,6,2,4,13,11,9,20,31,28,30,16,14,55
S01010220,247,51,4,47,54,27,19,11,16,13,5,3,2,51
S01010221,198,7,0,7,13,7,6,24,43,40,37,29,8,21
S01010222,204,15,5,10,19,18,13,30,28,44,19,13,6,18
S01010223,244,11,1,10,26,13,17,34,45,47,21,11,10,30
S01010224,327,10,1,9,26,13,18,26,60,71,72,48,24,31
S01010225,320,11,2,9,52,15,14,34,57,62,33,27,6,42
S01010226,283,10,0,10,12,16,26,33,50,35,56,40,16,45
S01010227,227,10,1,9,13,10,12,18,33,44,52,38,14,35
S01010228,234,4,0,4,16,9,11,29,45,73,38,32,6,9
S01010229,373,14,3,11,32,22,22,49,67,88,55,42,13,24
S01010230,440,16,2,14,34,17,10,26,101,78,72,48,24,86
S01010231,315,9,0,9,21,26,24,27,67,81,31,18,13,29
S01010232,378,13,2,11,24,23,24,22,57,98,60,36,24,57
S01010233,346,6,0,6,28,18,20,31,66,76,68,44,24,33
S01010234,412,47,4,43,72,38,29,31,51,44,20,9,11,80
S01010235,372,74,8,66,71,24,11,33,16,17,5,4,1,121
S01010236,310,37,1,36,75,25,20,35,28,23,18,10,8,49
S01010237,286,30,1,29,69,26,18,34,27,25,16,8,8,41
S01010238,359,30,2,28,74,33,28,28,48,31,17,8,9,70
S01010239,303,12,0,12,28,28,12,29,50,75,33,18,15,36
S01010240,265,17,1,16,48,20,12,26,37,53,19,10,9,33
S01010241,412,24,4,20,71,42,24,45,45,69,37,17,20,55
S01010242,318,16,0,16,37,41,20,24,49,48,37,22,15,46
S01010243,418,13,4,9,42,53,20,40,67,72,67,34,33,44
S01010244,309,7,0,7,29,19,18,27,59,62,53,29,24,35
S01010245,338,4,1,3,19,7,23,21,56,114,71,56,15,23
S01010246,306,8,0,8,22,22,15,48,59,58,35,21,14,39
S01010247,282,9,0,9,33,29,22,55,39,59,18,10,8,18
S01010248,384,59,4,55,90,29,22,32,29,33,14,7,7,76
S01010249,319,28,4,24,66,25,10,28,41,43,11,7,4,67
S01010250,342,48,6,42,65,24,20,22,24,23,6,4,2,110
S01010251,290,40,0,40,58,30,16,25,18,17,10,6,4,76
S01010252,277,37,0,37,71,24,13,18,34,28,13,10,3,39
S01010253,243,9,0,9,26,20,8,33,36,36,33,21,12,42
S01010254,405,28,1,27,46,43,29,34,71,78,27,21,6,49
S01010255,266,10,1,9,33,18,16,34,33,51,40,19,21,31
S01010256,322,9,0,9,29,25,31,24,54,75,43,23,20,32
S01010257,439,32,2,30,44,25,20,13,32,28,41,25,16,204
S01010258,721,59,4,55,51,23,10,8,10,13,9,4,5,538
S01010259,601,17,2,15,19,17,16,25,49,59,46,27,19,353
S01010260,921,87,5,82,87,36,27,40,29,35,25,11,14,555
S01010261,1124,12,1,11,24,24,16,28,53,65,47,29,18,855
S01010262,362,12,2,10,23,18,15,45,70,72,43,25,18,64
S01010263,428,75,8,67,86,23,14,13,16,17,11,5,6,173
S01010264,465,73,4,69,82,27,14,23,41,58,42,18,24,105
S01010265,505,103,11,92,96,25,18,19,15,8,4,2,2,217
S01010266,225,32,2,30,42,13,17,13,6,9,10,6,4,83
S01010267,306,44,1,43,43,16,7,26,11,11,6,1,5,142
S01010268,366,43,3,40,55,21,23,20,29,19,21,12,9,135
S01010269,285,31,4,27,41,23,16,22,19,15,19,14,5,99
S01010270,581,30,2,28,91,29,45,51,79,91,55,37,18,110
S01010271,335,23,1,22,38,19,18,28,22,15,31,26,5,141
S01010272,553,67,1,66,87,30,29,41,79,60,76,51,25,84
S01010273,383,74,6,68,87,36,16,17,13,6,9,9,0,125
S01010274,347,72,4,68,69,19,18,13,23,14,13,9,4,106
S01010275,315,57,6,51,61,17,17,16,10,6,8,2,6,123
S01010276,557,146,20,126,155,29,36,26,22,13,16,7,9,114
S01010277,222,12,2,10,31,15,11,25,29,43,13,11,2,43
S01010278,216,14,1,13,38,11,16,33,30,26,20,17,3,28
S01010279,283,24,4,20,46,18,19,30,27,20,15,9,6,84
S01010280,410,66,6,60,84,50,12,25,24,30,12,8,4,107
S01010281,405,65,4,61,87,26,18,22,30,22,10,3,7,125
S01010282,445,57,4,53,81,31,18,39,43,63,28,14,14,85
S01010283,289,58,4,54,74,24,17,11,12,12,14,9,5,67
S01010284,614,96,3,93,105,37,25,26,28,26,22,12,10,249
S01010285,368,33,1,32,64,21,22,28,21,19,20,4,16,140
S01010286,661,68,5,63,53,23,14,12,22,28,14,9,5,427
S01010287,401,57,4,53,65,13,23,23,16,13,12,7,5,179
S01010288,382,76,10,66,77,23,27,13,13,10,9,6,3,134
S01010289,391,112,12,100,110,17,34,24,10,3,12,6,6,69
S01010290,253,34,2,32,54,19,13,16,14,14,9,8,1,80
S01010291,503,48,2,46,63,27,18,34,33,28,14,9,5,238
S01010292,412,72,2,70,72,25,25,23,20,17,16,7,9,142
S01010293,365,36,3,33,41,20,19,33,25,18,19,9,10,154
S01010294,281,29,2,27,44,18,9,17,9,17,5,3,2,133
S01010295,445,43,4,39,61,19,30,27,33,16,13,8,5,203
S01010296,269,26,1,25,38,23,16,19,23,20,17,8,9,87
S01010297,525,42,1,41,54,34,30,56,66,80,52,31,21,111
S01010298,323,36,3,33,51,28,20,26,44,27,19,15,4,72
S01010299,190,19,1,18,20,16,17,18,35,25,22,14,8,18
S01010300,415,41,6,35,64,29,13,22,44,38,40,35,5,124
S01010301,238,25,3,22,35,17,16,18,13,10,17,11,6,87
S01010302,280,10,1,9,22,17,20,37,41,39,62,41,21,32
S01010303,180,3,0,3,17,7,11,19,24,24,49,37,12,26
S01010304,237,16,1,15,29,19,6,22,36,37,28,19,9,44
S01010305,330,24,1,23,45,25,24,39,34,43,34,24,10,62
S01010306,343,54,2,52,62,22,10,17,32,18,30,18,12,98
S01010307,355,74,4,70,89,33,22,12,20,17,6,2,4,82
S01010308,411,87,6,81,85,25,22,23,23,18,20,14,6,108
S01010309,194,8,3,5,12,6,8,21,32,60,35,25,10,12
S01010310,279,5,1,4,19,25,12,42,35,61,44,28,16,36
S01010311,252,3,0,3,14,9,11,30,44,60,46,33,13,35
S01010312,297,2,0,2,20,16,16,21,58,90,53,32,21,21
S01010313,271,13,3,10,13,11,18,27,54,70,44,22,22,21
S01010314,552,27,2,25,58,26,26,27,64,82,77,61,16,165
S01010315,296,23,2,21,43,18,18,33,53,57,32,21,11,19
S01010316,188,14,1,13,19,11,9,14,41,35,23,16,7,22
S01010317,324,58,3,55,66,21,21,16,21,11,3,2,1,107
S01010318,697,17,0,17,29,8,21,18,36,22,19,4,15,527
S01010319,312,53,6,47,57,22,21,28,28,30,11,6,5,62
S01010320,311,38,3,35,49,18,15,24,30,48,23,11,12,66
S01010321,313,21,1,20,59,32,16,28,40,44,22,15,7,51
S01010322,453,119,8,111,103,25,26,25,26,18,12,8,4,99
S01010323,211,6,2,4,8,5,3,18,49,58,36,28,8,28
S01010324,270,3,0,3,14,13,21,25,57,99,19,12,7,19
S01010325,314,2,1,1,27,15,20,32,66,101,38,26,12,13
S01010326,310,5,0,5,21,15,17,34,61,69,71,45,26,17
S01010327,284,20,2,18,22,11,24,36,42,61,38,28,10,30
S01010328,340,14,1,13,36,17,38,42,46,81,37,21,16,29
S01010329,212,8,1,7,26,19,18,37,32,40,19,13,6,13
S01010330,214,3,0,3,15,16,16,23,30,56,39,25,14,16
S01010331,300,9,5,4,29,18,14,34,70,83,29,14,15,14
S01010332,238,0,0,0,14,13,15,42,43,48,43,29,14,20
S01010333,327,12,0,12,22,17,29,37,67,78,32,20,12,33
S01010334,290,5,0,5,29,27,28,39,51,72,23,12,11,16
S01010335,275,6,1,5,17,22,23,29,52,65,35,25,10,26
S01010336,226,8,0,8,15,9,14,20,46,47,53,20,33,14
S01010337,211,5,1,4,14,14,11,29,38,66,19,11,8,15
S01010338,230,3,0,3,20,12,15,35,38,55,34,22,12,18
S01010339,210,5,1,4,19,12,16,24,25,71,30,17,13,8
S01010340,249,8,2,6,21,14,20,40,50,47,27,10,17,22
S01010341,197,5,2,3,27,15,23,26,26,49,7,2,5,19
S01010342,237,14,2,12,31,22,26,49,33,44,2,1,1,16
S01010343,347,15,3,12,66,39,37,67,52,39,7,2,5,25
S01010344,277,6,0,6,10,14,22,40,53,67,51,29,22,14
S01010345,165,26,7,19,37,9,24,13,11,15,9,3,6,21
S01010346,363,52,11,41,62,36,38,39,53,53,7,5,2,23
S01010347,375,20,4,16,41,27,28,42,30,38,35,24,11,114
S01010348,322,13,1,12,42,28,19,60,61,62,19,6,13,18
S01010349,311,7,1,6,34,22,24,56,58,69,25,15,10,16
S01010350,280,8,3,5,28,15,16,38,51,72,37,23,14,15
S01010351,291,16,4,12,39,24,23,38,39,53,20,13,7,39
S01010352,185,5,2,3,18,14,10,22,31,46,26,15,11,13
S01010353,360,12,1,11,24,14,18,41,71,103,59,34,25,18
S01010354,249,15,4,11,33,21,16,29,48,40,19,11,8,28
S01010355,294,21,4,17,25,15,22,37,53,67,37,22,15,17
S01010356,241,18,3,15,43,13,20,39,36,31,17,7,10,24
S01010357,231,8,2,6,24,15,15,29,39,52,38,20,18,11
S01010358,321,9,3,6,26,15,18,39,53,76,55,25,30,30
S01010359,240,10,3,7,18,8,20,31,47,45,37,22,15,24
S01010360,202,7,0,7,25,17,11,23,30,45,23,10,13,21
S01010361,276,15,0,15,22,7,11,34,45,53,59,22,37,30
S01010362,438,14,2,12,20,31,11,45,75,116,92,52,40,34
S01010363,313,52,3,49,86,29,22,16,25,24,15,6,9,44
S01010364,355,69,10,59,98,35,37,30,11,19,10,5,5,46
S01010365,369,120,16,104,97,19,43,18,13,14,6,4,2,39
S01010366,407,102,10,92,105,22,31,29,25,23,15,11,4,55
S01010367,646,123,15,108,105,18,34,15,20,17,9,5,4,305
S01010368,270,100,17,83,71,17,21,8,3,7,5,2,3,38
S01010369,319,65,7,58,68,25,25,15,25,19,25,19,6,52
S01010370,308,96,13,83,74,17,31,15,4,9,10,5,5,52
S01010371,417,102,8,94,100,25,20,14,12,9,16,10,6,119
S01010372,209,53,8,45,55,20,13,12,8,11,6,4,2,31
S01010373,325,73,5,68,74,18,18,15,24,22,9,3,6,72
S01010374,355,112,8,104,83,19,26,15,10,9,7,5,2,74
S01010375,229,30,0,30,25,9,13,3,11,8,5,0,5,125
S01010376,331,41,3,38,62,22,14,15,16,10,8,6,2,143
S01010377,379,45,2,43,49,25,19,14,17,13,15,7,8,182
S01010378,281,42,5,37,34,12,8,5,8,7,9,4,5,156
S01010379,491,47,4,43,81,28,16,19,21,18,11,4,7,250
S01010380,380,74,7,67,91,33,24,12,19,21,12,3,9,94
S01010381,283,57,4,53,39,23,9,11,17,13,8,3,5,106
S01010382,376,65,5,60,73,29,19,26,28,28,22,10,12,86
S01010383,279,22,3,19,38,22,22,16,47,32,18,5,13,62
S01010384,353,82,13,69,83,15,15,23,8,23,8,4,4,96
S01010385,339,49,2,47,67,23,23,27,33,27,13,6,7,77
S01010386,376,34,5,29,60,27,22,26,48,57,25,12,13,77
S01010387,489,89,6,83,106,32,22,38,34,33,20,12,8,115
S01010388,423,46,3,43,65,35,22,42,59,54,37,16,21,63
S01010389,522,146,16,130,143,27,31,17,22,25,9,4,5,102
S01010390,494,83,10,73,121,49,30,32,48,33,23,4,19,75
S01010391,345,39,3,36,83,33,27,35,43,38,12,3,9,35
S01010392,352,107,13,94,119,24,23,12,8,7,6,2,4,46
S01010393,426,80,7,73,111,42,24,34,25,28,12,6,6,70
S01010394,333,31,1,30,49,22,32,26,46,59,47,29,18,21
S01010395,431,67,4,63,83,35,27,36,46,36,20,7,13,81
S01010396,415,90,6,84,75,30,17,35,36,44,27,14,13,61
S01010397,225,60,8,52,45,9,16,2,12,12,8,4,4,61
S01010398,427,119,12,107,100,29,32,23,30,14,9,4,5,71
S01010399,475,181,17,164,124,27,16,11,15,8,8,3,5,85
S01010400,438,129,10,119,119,21,37,20,17,23,7,2,5,65
S01010401,287,98,7,91,63,22,18,12,15,12,6,1,5,41
S01010402,425,155,13,142,105,23,22,8,27,12,9,4,5,64
S01010403,417,175,20,155,96,22,29,14,9,6,6,1,5,60
S01010404,306,91,11,80,97,12,38,7,9,13,5,3,2,34
S01010405,341,122,10,112,100,21,26,12,9,10,7,4,3,34
S01010406,365,98,8,90,77,28,27,16,18,16,13,7,6,72
S01010407,346,62,14,48,62,24,10,9,15,7,8,3,5,149
S01010408,205,43,6,37,38,23,22,13,17,23,12,9,3,14
S01010409,246,60,7,53,60,18,32,12,12,13,7,4,3,32
S01010410,204,73,5,68,44,17,20,10,7,8,5,2,3,20
S01010411,353,126,16,110,102,19,28,18,8,12,5,3,2,35
S01010412,361,114,18,96,98,22,25,19,10,23,20,16,4,30
S01010413,244,81,8,73,61,12,25,13,12,8,5,4,1,27
S01010414,388,103,9,94,111,26,23,31,18,19,7,1,6,50
S01010415,402,44,8,36,65,34,48,43,33,57,26,16,10,52
S01010416,257,65,9,56,69,21,26,21,19,11,3,1,2,22
S01010417,185,55,5,50,56,10,19,5,13,10,0,0,0,17
S01010418,424,131,10,121,113,25,31,18,9,16,26,19,7,55
S01010419,349,130,12,118,101,22,22,16,13,15,5,3,2,25
S01010420,230,58,6,52,56,10,20,19,16,15,3,2,1,33
S01010421,317,100,12,88,84,20,26,13,17,10,5,2,3,42
S01010422,371,71,10,61,97,24,28,21,42,28,16,9,7,44
S01010423,317,23,2,21,39,28,15,27,56,54,44,21,23,31
S01010424,309,23,2,21,53,25,16,33,44,58,25,15,10,32
S01010425,391,19,4,15,49,30,26,51,65,65,44,24,20,42
S01010426,288,21,3,18,55,25,27,32,47,35,27,14,13,19
S01010427,378,25,4,21,42,19,32,27,60,59,80,55,25,34
S01010428,239,53,7,46,64,24,15,14,21,11,12,8,4,25
S01010429,351,83,13,70,117,27,24,16,28,17,14,13,1,25
S01010430,325,5,2,3,18,30,30,31,61,63,38,19,19,49
S01010431,253,69,12,57,79,17,17,14,11,17,3,1,2,26
S01010432,331,14,4,10,30,30,26,36,60,69,31,20,11,35
S01010433,299,6,0,6,11,10,27,29,51,44,77,55,22,44
S01010434,217,9,0,9,27,8,10,33,27,46,33,17,16,24
S01010435,218,13,0,13,25,23,8,29,34,49,14,10,4,23
S01010436,306,17,2,15,34,28,27,28,44,58,42,25,17,28
S01010437,193,8,3,5,30,14,8,22,39,42,19,8,11,11
S01010438,259,7,1,6,33,16,14,32,41,54,34,23,11,28
S01010439,340,20,6,14,55,23,19,43,48,68,31,20,11,33
S01010440,235,19,5,14,18,22,13,22,39,46,38,24,14,18
S01010441,314,39,7,32,69,37,21,39,34,46,18,4,14,11
S01010442,271,12,3,9,38,22,18,30,38,62,37,16,21,14
S01010443,163,5,0,5,27,15,19,27,21,30,12,9,3,7
S01010444,236,9,2,7,20,23,18,22,48,58,24,15,9,14
S01010445,270,11,1,10,22,22,25,37,43,58,30,23,7,22
S01010446,322,18,5,13,60,16,46,47,27,58,22,11,11,28
S01010447,372,13,1,12,35,23,26,56,70,71,44,31,13,34
S01010448,308,26,7,19,47,30,31,32,42,41,23,16,7,36
S01010449,263,11,0,11,34,16,15,32,39,70,30,19,11,16
S01010450,285,12,1,11,42,24,21,50,43,55,25,15,10,13
S01010451,322,23,3,20,33,14,29,35,50,58,55,26,29,25
S01010452,257,13,2,11,44,21,15,40,42,50,14,10,4,18
S01010453,267,17,1,16,28,24,23,39,20,38,63,34,29,15
S01010454,272,12,3,9,36,23,22,47,46,49,21,16,5,16
S01010455,339,11,1,10,35,20,31,40,60,86,38,20,18,18
S01010456,180,7,2,5,28,16,17,28,30,32,13,7,6,9
S01010457,227,18,3,15,32,11,23,19,36,45,29,17,12,14
S01010458,266,9,2,7,39,25,23,29,41,43,27,16,11,30
S01010459,190,12,2,10,25,17,20,16,27,35,21,16,5,17
S01010460,246,69,10,59,60,15,35,16,13,15,6,5,1,17
S01010461,259,18,1,17,49,17,15,21,46,43,35,24,11,15
S01010462,363,5,1,4,12,9,16,25,58,60,126,78,48,52
S01010463,271,29,3,26,51,25,36,22,42,31,20,8,12,15
S01010464,180,14,3,11,24,18,22,26,14,31,18,10,8,13
S01010465,343,47,5,42,88,46,20,40,31,34,11,4,7,26
S01010466,357,67,14,53,90,36,28,26,25,21,11,2,9,53
S01010467,270,63,13,50,81,21,28,15,18,11,10,5,5,23
S01010468,330,87,7,80,67,31,33,13,22,21,8,6,2,48
S01010469,245,30,1,29,52,22,16,22,24,27,24,11,13,28
S01010470,250,14,3,11,43,30,28,34,24,43,22,19,3,12
S01010471,207,12,1,11,29,16,10,29,25,46,15,12,3,25
S01010472,203,48,4,44,48,16,13,15,19,14,16,9,7,14
S01010473,290,38,3,35,59,34,17,26,37,37,12,5,7,30
S01010474,327,45,4,41,60,30,18,29,34,42,21,7,14,48
S01010475,259,52,7,45,81,25,14,22,17,21,4,1,3,23
S01010476,338,47,4,43,64,34,30,32,35,34,19,10,9,43
S01010477,260,15,3,12,38,24,15,41,45,47,12,7,5,23
S01010478,405,13,2,11,54,36,36,42,64,104,39,21,18,17
S01010479,343,19,2,17,48,35,26,48,45,69,25,14,11,28
S01010480,200,19,6,13,30,24,26,24,27,27,14,10,4,9
S01010481,209,3,0,3,17,14,19,25,42,42,28,17,11,19
S01010482,260,15,6,9,39,20,24,34,29,45,28,20,8,26
S01010483,359,27,4,23,55,26,35,40,54,73,28,12,16,21
S01010484,197,9,2,7,27,16,17,32,25,37,18,10,8,16
S01010485,332,25,7,18,69,27,25,43,34,52,30,14,16,27
S01010486,335,33,9,24,67,39,53,49,23,42,11,6,5,18
S01010487,328,20,7,13,50,27,24,52,53,61,18,10,8,23
S01010488,244,10,1,9,16,20,12,32,45,58,37,25,12,14
S01010489,348,13,1,12,36,25,22,44,55,74,47,27,20,32
S01010490,217,8,0,8,15,16,13,35,34,42,31,15,16,23
S01010491,248,3,3,0,14,13,20,18,54,53,51,25,26,22
S01010492,169,5,3,2,11,9,8,18,31,50,25,14,11,12
S01010493,201,4,0,4,8,12,15,23,46,44,36,25,11,13
S01010494,221,7,3,4,18,9,21,33,31,52,36,22,14,14
S01010495,273,6,2,4,19,13,10,35,51,70,51,31,20,18
S01010496,267,4,0,4,17,17,12,28,45,78,54,45,9,12
S01010497,252,4,2,2,20,18,21,26,46,54,43,30,13,20
S01010498,267,5,0,5,7,17,13,28,48,77,48,28,20,24
S01010499,301,2,1,1,14,15,12,26,45,76,85,53,32,26
S01010500,317,16,5,11,26,16,19,32,54,59,62,43,19,33
S01010501,291,5,1,4,27,22,24,38,53,75,33,21,12,14
S01010502,270,5,0,5,25,21,28,41,58,49,26,20,6,17
S01010503,221,1,0,1,15,11,14,15,48,73,33,21,12,11
S01010504,194,15,1,14,39,10,76,12,15,20,4,2,2,3
S01010505,199,15,1,14,37,1,67,20,26,27,1,1,0,5
S01010506,302,17,5,12,68,9,84,41,29,37,4,2,2,13
S01010507,290,13,4,9,48,11,58,40,44,48,15,9,6,13
S01010508,371,35,10,25,69,16,77,45,55,46,6,4,2,22
S01010509,374,34,8,26,85,15,77,56,46,41,5,2,3,15
S01010510,272,17,5,12,45,15,37,41,43,51,14,9,5,9
S01010511,298,11,3,8,29,8,26,70,55,74,9,3,6,16
S01010512,199,10,1,9,35,9,28,39,30,40,4,1,3,4
S01010513,292,36,11,25,56,17,45,55,29,40,4,2,2,10
S01010514,239,8,4,4,25,16,28,43,37,64,6,3,3,12
S01010515,278,8,2,6,32,10,18,68,44,82,8,5,3,8
S01010516,237,24,6,18,54,10,53,29,24,32,5,1,4,6
S01010517,322,25,6,19,70,12,39,44,54,48,10,2,8,20
S01010518,267,18,8,10,48,15,30,45,36,48,8,3,5,19
S01010519,255,17,4,13,49,14,21,38,44,55,8,4,4,9
S01010520,323,25,6,19,61,13,31,66,42,66,5,2,3,14
S01010521,273,10,2,8,49,9,41,53,48,53,5,1,4,5
S01010522,227,15,4,11,30,8,24,34,44,47,15,13,2,10
S01010523,196,4,0,4,27,6,22,25,51,44,7,5,2,10
S01010524,206,18,4,14,39,11,54,28,20,29,2,1,1,5
S01010525,243,31,10,21,45,7,56,37,26,31,2,2,0,8
S01010526,296,22,2,20,52,21,65,41,44,40,2,1,1,9
S01010527,319,19,6,13,51,17,34,57,58,61,11,3,8,11
S01010528,236,28,5,23,51,9,51,28,29,20,2,1,1,18
S01010529,263,25,3,22,46,5,63,35,22,47,4,2,2,16
S01010530,252,28,11,17,42,10,70,29,24,37,2,1,1,10
S01010531,382,43,14,29,61,21,86,53,39,68,3,2,1,8
S01010532,208,30,10,20,24,6,51,44,19,24,3,0,3,7
S01010533,214,29,8,21,39,6,38,34,38,20,1,0,1,9
S01010534,314,26,6,20,52,15,56,46,46,48,6,2,4,19
S01010535,253,29,6,23,67,14,51,35,22,23,4,2,2,8
S01010536,313,19,7,12,54,22,37,58,43,57,14,4,10,9
S01010537,326,18,6,12,60,14,33,72,43,63,9,4,5,14
S01010538,277,31,5,26,53,18,38,41,29,48,3,0,3,16
S01010539,462,35,14,21,116,33,65,81,54,60,7,2,5,11
S01010540,229,33,9,24,46,4,43,37,17,31,3,3,0,15
S01010541,303,26,7,19,71,22,54,49,28,36,4,2,2,13
S01010542,345,36,6,30,85,18,62,51,33,38,6,1,5,16
S01010543,236,21,6,15,45,14,77,19,26,28,1,1,0,5
S01010544,295,22,1,21,43,9,48,44,41,64,17,7,10,7
S01010545,256,29,9,20,49,16,43,26,27,52,3,1,2,11
S01010546,265,26,4,22,33,12,53,34,32,56,7,2,5,12
S01010547,289,24,9,15,60,13,66,49,30,32,5,2,3,10
S01010548,249,32,7,25,44,23,53,29,32,22,3,0,3,11
S01010549,316,41,7,34,96,23,24,50,28,39,1,1,0,14
S01010550,200,24,3,21,33,12,21,40,19,31,4,1,3,16
S01010551,239,34,7,27,44,13,56,26,17,33,4,2,2,12
S01010552,284,51,12,39,49,15,48,36,30,39,3,2,1,13
S01010553,253,35,16,19,53,14,71,33,20,12,2,2,0,13
S01010554,270,16,6,10,58,17,42,37,31,51,8,4,4,10
S01010555,360,29,7,22,74,31,38,48,43,62,11,3,8,24
S01010556,322,23,5,18,40,17,27,56,53,69,14,8,6,23
S01010557,203,24,7,17,42,11,12,25,28,47,6,4,2,8
S01010558,281,26,10,16,60,13,35,36,32,50,18,9,9,11
S01010559,239,54,7,47,70,12,23,25,14,21,8,5,3,12
S01010560,220,32,6,26,60,17,30,30,17,24,3,3,0,7
S01010561,233,42,7,35,57,15,32,24,16,28,6,3,3,13
S01010562,267,17,3,14,47,19,31,59,38,42,4,3,1,10
S01010563,193,11,5,6,28,11,14,32,26,53,9,5,4,9
S01010564,212,5,1,4,19,9,24,36,36,59,17,6,11,7
S01010565,239,24,6,18,36,15,18,53,30,44,8,6,2,11
S01010566,416,47,16,31,85,19,72,82,35,37,9,3,6,30
S01010567,409,62,22,40,86,19,70,48,36,37,27,26,1,24
S01010568,375,54,13,41,70,19,72,51,33,41,9,7,2,26
S01010569,388,35,7,28,81,88,63,39,25,40,7,6,1,10
S01010570,376,24,5,19,42,16,41,59,74,81,17,10,7,22
S01010571,332,32,6,26,62,34,35,55,45,53,5,4,1,11
S01010572,276,16,1,15,41,21,21,55,35,63,13,3,10,11
S01010573,196,12,4,8,19,10,15,43,34,52,10,4,6,1
S01010574,209,34,8,26,59,12,16,23,18,25,5,1,4,17
S01010575,242,34,11,23,66,18,24,24,30,27,3,1,2,16
S01010576,288,51,7,44,78,21,34,33,26,28,5,2,3,12
S01010577,308,9,2,7,42,17,27,52,47,72,13,8,5,29
S01010578,200,6,1,5,40,12,23,36,28,43,5,4,1,7
S01010579,281,15,3,12,61,24,34,53,33,40,6,4,2,15
S01010580,229,21,0,21,41,20,19,32,36,39,13,11,2,8
S01010581,192,24,5,19,45,18,15,23,22,28,11,6,5,6
S01010582,168,30,5,25,35,15,20,29,11,16,3,3,0,9
S01010583,338,33,5,28,101,33,21,47,34,44,6,4,2,19
S01010584,266,45,15,30,49,21,48,33,20,25,9,9,0,16
S01010585,275,43,13,30,69,23,32,50,18,24,2,2,0,14
S01010586,275,59,18,41,83,18,29,34,17,22,4,1,3,9
S01010587,253,35,7,28,66,16,29,34,22,33,6,6,0,12
S01010588,222,34,9,25,57,15,21,25,28,23,5,5,0,14
S01010589,233,21,2,19,36,25,17,33,40,46,8,7,1,7
S01010590,295,66,21,45,98,15,35,32,17,17,0,0,0,15
S01010591,253,29,5,24,67,23,21,43,27,29,6,3,3,8
S01010592,190,21,3,18,35,23,14,28,26,32,6,4,2,5
S01010593,215,36,8,28,60,14,30,23,15,24,1,1,0,12
S01010594,226,24,4,20,63,18,21,42,23,24,4,3,1,7
S01010595,266,48,8,40,72,21,20,39,16,30,4,3,1,16
S01010596,306,50,11,39,61,20,53,34,34,34,6,3,3,14
S01010597,231,28,7,21,66,17,31,33,15,25,5,3,2,11
S01010598,351,53,11,42,115,30,30,43,28,39,5,4,1,8
S01010599,201,37,10,27,52,12,18,25,19,29,1,1,0,8
S01010600,348,55,14,41,95,23,39,47,32,28,7,5,2,22
S01010601,211,30,2,28,53,13,24,34,17,26,3,3,0,11
S01010602,209,22,6,16,45,5,22,40,26,35,4,3,1,10
S01010603,290,40,8,32,79,25,28,40,22,39,3,0,3,14
S01010604,173,30,7,23,49,13,23,18,11,12,2,1,1,15
S01010605,333,52,14,38,73,23,47,53,26,30,5,1,4,24
S01010606,272,11,4,7,33,21,37,43,32,67,10,4,6,18
S01010607,306,50,15,35,92,22,40,21,24,35,7,6,1,15
S01010608,215,17,1,16,25,9,13,29,43,50,14,4,10,15
S01010609,211,11,0,11,32,6,15,33,41,56,4,3,1,13
S01010610,252,48,5,43,59,10,27,30,23,32,16,6,10,7
S01010611,347,13,2,11,56,21,20,70,70,73,13,6,7,11
S01010612,274,14,1,13,49,24,23,43,36,63,10,8,2,12
S01010613,235,27,6,21,55,20,15,29,29,45,4,3,1,11
S01010614,197,2,1,1,29,10,11,29,34,60,13,6,7,9
S01010615,311,34,3,31,81,34,20,46,28,52,7,1,6,9
S01010616,304,32,6,26,82,30,25,47,35,35,2,2,0,16
S01010617,322,29,7,22,91,31,27,39,50,43,2,1,1,10
S01010618,292,23,4,19,63,30,34,40,34,50,6,0,6,12
S01010619,269,21,3,18,35,16,24,35,34,70,15,9,6,19
S01010620,301,20,3,17,52,26,13,39,54,56,25,13,12,16
S01010621,395,72,11,61,81,20,37,40,41,54,28,19,9,22
S01010622,213,6,0,6,34,17,14,32,30,50,17,3,14,13
S01010623,257,25,13,12,107,45,17,19,16,18,2,2,0,8
S01010624,244,34,2,32,45,20,11,35,35,39,10,2,8,15
S01010625,289,64,14,50,78,24,39,20,26,15,4,1,3,19
S01010626,290,64,7,57,67,29,39,22,20,27,10,7,3,12
S01010627,342,55,9,46,64,21,41,36,43,44,14,8,6,24
S01010628,433,46,6,40,70,43,40,56,53,85,21,12,9,19
S01010629,319,78,17,61,66,15,38,32,27,37,12,5,7,14
S01010630,191,15,4,11,33,12,23,28,31,25,17,11,6,7
S01010631,236,23,1,22,51,33,26,22,35,30,9,2,7,7
S01010632,325,18,4,14,43,24,42,47,39,77,18,6,12,17
S01010633,345,14,3,11,35,23,22,60,55,102,18,7,11,16
S01010634,238,10,3,7,32,14,26,38,32,67,8,2,6,11
S01010635,289,11,4,7,37,23,31,42,49,65,10,6,4,21
S01010636,306,27,8,19,68,27,40,36,32,56,8,3,5,12
S01010637,234,21,2,19,28,19,24,34,43,43,17,9,8,5
S01010638,281,15,4,11,41,11,35,34,46,73,10,4,6,16
S01010639,429,17,3,14,56,27,35,70,71,102,29,9,20,22
S01010640,355,27,2,25,67,16,43,43,52,69,23,15,8,15
S01010641,364,22,0,22,41,20,29,34,77,97,37,19,18,7
S01010642,316,7,3,4,23,13,36,57,44,96,28,17,11,12
S01010643,233,2,1,1,21,13,20,35,40,63,22,10,12,17
S01010644,240,2,0,2,15,9,22,33,44,79,27,11,16,9
S01010645,226,24,7,17,34,19,26,37,33,42,4,2,2,7
S01010646,255,28,8,20,57,22,22,40,22,36,4,1,3,24
S01010647,263,26,7,19,50,21,27,45,24,47,3,1,2,20
S01010648,263,28,4,24,42,28,29,34,30,54,9,6,3,9
S01010649,210,21,6,15,46,22,22,31,24,32,4,0,4,8
S01010650,199,10,1,9,33,15,29,17,31,34,22,19,3,8
S01010651,254,7,2,5,24,21,35,40,43,54,17,11,6,13
S01010652,277,25,7,18,61,25,26,35,26,43,24,18,6,12
S01010653,233,11,1,10,50,24,22,42,24,45,2,2,0,13
S01010654,286,6,1,5,36,22,39,42,55,63,10,6,4,13
S01010655,327,32,9,23,80,15,85,34,35,35,2,0,2,9
S01010656,163,16,4,12,30,8,30,22,20,27,5,3,2,5
S01010657,255,38,9,29,50,16,58,36,17,23,3,0,3,14
S01010658,275,49,13,36,53,18,46,35,21,34,6,1,5,13
S01010659,257,38,7,31,49,10,50,24,29,29,7,5,2,21
S01010660,215,17,2,15,42,12,33,34,23,38,5,3,2,11
S01010661,213,14,4,10,45,15,32,43,20,34,8,5,3,2
S01010662,263,39,7,32,48,17,51,35,17,31,7,5,2,18
S01010663,354,43,7,36,70,19,86,39,30,51,7,2,5,9
S01010664,300,44,9,35,63,18,75,31,24,27,6,4,2,12
S01010665,343,44,15,29,62,23,75,51,26,46,6,4,2,10
S01010666,320,34,8,26,57,17,55,59,41,34,8,4,4,15
S01010667,260,43,8,35,49,13,54,25,29,32,5,3,2,10
S01010668,416,32,12,20,80,18,103,73,31,57,8,1,7,14
S01010669,224,29,9,20,42,6,46,33,20,36,6,5,1,6
S01010670,262,26,5,21,47,18,61,29,30,30,7,3,4,14
S01010671,276,31,4,27,51,8,59,26,40,34,8,2,6,19
S01010672,240,12,4,8,25,22,46,39,25,43,10,5,5,18
S01010673,365,31,4,27,71,24,87,39,36,54,16,6,10,7
S01010674,364,41,4,37,63,12,112,34,33,45,7,3,4,17
S01010675,238,21,5,16,36,7,69,28,28,36,6,1,5,7
S01010676,340,46,9,37,67,18,76,38,30,38,3,1,2,24
S01010677,173,20,3,17,38,7,44,17,10,27,2,0,2,8
S01010678,242,15,4,11,46,11,55,35,19,46,6,3,3,9
S01010679,214,14,2,12,43,17,40,33,23,26,6,2,4,12
S01010680,230,13,1,12,51,13,45,23,21,49,5,2,3,10
S01010681,360,16,6,10,59,20,58,49,60,58,21,8,13,19
S01010682,363,34,4,30,74,23,87,38,26,59,9,3,6,13
S01010683,364,17,4,13,72,19,101,33,31,64,13,4,9,14
S01010684,303,20,6,14,71,14,97,38,24,28,7,4,3,4
S01010685,237,33,6,27,41,12,71,22,21,26,6,2,4,5
S01010686,267,22,3,19,41,8,72,36,35,36,5,1,4,12
S01010687,299,30,8,22,56,25,62,40,27,42,7,6,1,10
S01010688,292,33,7,26,66,16,94,27,18,29,1,0,1,8
S01010689,276,39,5,34,68,14,71,25,24,27,2,0,2,6
S01010690,238,15,3,12,37,15,61,43,22,33,4,2,2,8
S01010691,277,38,10,28,55,15,87,39,8,26,3,1,2,6
S01010692,259,16,1,15,47,13,60,48,32,33,1,0,1,9
S01010693,189,26,9,17,44,7,57,17,14,13,2,1,1,9
S01010694,213,29,4,25,32,10,47,27,25,30,2,1,1,11
S01010695,273,38,6,32,52,11,66,33,24,33,5,5,0,11
S01010696,371,44,5,39,55,21,56,53,35,80,10,6,4,17
S01010697,409,55,6,49,67,16,83,64,34,54,25,20,5,11
S01010698,279,29,8,21,41,9,62,43,29,46,9,6,3,11
S01010699,237,25,8,17,42,9,46,50,21,27,5,3,2,12
S01010700,225,43,10,33,43,15,42,24,22,24,1,0,1,11
S01010701,393,36,3,33,84,21,52,51,52,69,7,5,2,21
S01010702,380,36,11,25,77,16,71,55,46,45,14,9,5,20
S01010703,324,34,9,25,70,17,76,41,21,43,4,2,2,18
S01010704,230,18,3,15,37,16,19,42,25,62,4,3,1,7
S01010705,403,41,9,32,55,26,59,74,41,69,17,6,11,21
S01010706,247,12,4,8,42,15,35,43,31,49,11,5,6,9
S01010707,272,40,7,33,47,17,62,33,23,31,5,5,0,14
S01010708,202,18,0,18,36,12,37,38,23,26,5,4,1,7
S01010709,263,33,8,25,50,18,33,33,27,46,5,1,4,18
S01010710,255,12,1,11,34,16,27,39,30,72,12,9,3,13
S01010711,261,53,12,41,72,25,30,27,19,23,4,2,2,8
S01010712,257,12,4,8,39,17,17,45,29,68,11,6,5,19
S01010713,268,16,8,8,37,17,25,50,41,63,8,3,5,11
S01010714,239,11,3,8,28,15,19,46,32,72,12,7,5,4
S01010715,229,16,1,15,23,24,27,40,37,50,8,1,7,4
S01010716,322,33,5,28,61,16,35,38,47,70,8,2,6,14
S01010717,235,40,10,30,55,20,22,31,26,26,2,0,2,13
S01010718,342,33,4,29,84,21,45,48,35,48,11,6,5,17
S01010719,220,37,6,31,40,2,34,40,19,31,4,3,1,13
S01010720,244,53,7,46,58,11,36,28,13,25,4,4,0,16
S01010721,225,41,7,34,56,14,35,25,20,24,4,3,1,6
S01010722,282,34,10,24,63,14,46,43,28,34,4,1,3,16
S01010723,329,51,14,37,71,15,77,39,21,28,1,1,0,26
S01010724,311,43,15,28,68,12,68,35,28,37,7,4,3,13
S01010725,270,53,10,43,52,13,74,21,19,24,2,1,1,12
S01010726,329,40,10,30,77,28,62,33,25,40,4,1,3,20
S01010727,251,52,15,37,46,20,52,19,20,25,3,2,1,14
S01010728,180,30,8,22,48,17,30,21,13,13,2,1,1,6
S01010729,291,46,12,34,50,16,57,42,14,46,5,2,3,15
S01010730,322,40,6,34,75,17,81,37,15,35,5,3,2,17
S01010731,320,40,7,33,56,18,57,36,32,56,7,1,6,18
S01010732,268,12,2,10,24,14,30,46,41,69,16,7,9,16
S01010733,196,3,0,3,16,14,14,31,42,49,15,8,7,12
S01010734,326,19,4,15,36,20,30,49,49,84,22,14,8,17
S01010735,217,8,3,5,23,13,14,26,39,65,15,6,9,14
S01010736,200,22,3,19,48,10,24,36,27,26,2,0,2,5
S01010737,379,26,3,23,62,13,43,62,47,93,11,7,4,22
S01010738,196,7,1,6,18,9,16,37,40,55,4,2,2,10
S01010739,316,24,1,23,52,14,28,55,49,65,17,11,6,12
S01010740,171,6,2,4,20,11,5,19,33,56,14,5,9,7
S01010741,223,17,2,15,32,17,34,36,26,41,5,2,3,15
S01010742,251,17,4,13,29,4,13,53,50,55,19,11,8,11
S01010743,252,10,1,9,27,10,14,50,50,50,19,14,5,22
S01010744,388,30,8,22,78,17,34,73,45,76,14,8,6,21
S01010745,227,17,5,12,35,9,23,39,33,53,12,5,7,6
S01010746,383,35,12,23,55,21,82,57,51,56,9,8,1,17
S01010747,310,24,7,17,37,10,35,55,43,64,23,11,12,19
S01010748,233,20,5,15,36,12,57,30,25,36,6,4,2,11
S01010749,235,24,5,19,38,14,44,35,15,47,6,2,4,12
S01010750,235,18,2,16,48,12,59,28,23,36,7,3,4,4
S01010751,258,12,1,11,28,12,26,44,30,71,27,15,12,8
S01010752,244,12,1,11,39,15,26,40,27,67,11,5,6,7
S01010753,368,20,5,15,65,14,54,52,47,66,27,15,12,23
S01010754,229,22,5,17,36,11,29,34,31,50,7,4,3,9
S01010755,219,13,2,11,33,11,27,39,32,54,3,3,0,7
S01010756,232,22,4,18,46,21,43,31,25,29,3,0,3,12
S01010757,285,26,12,14,54,14,66,43,26,42,7,4,3,7
S01010758,262,25,10,15,47,13,55,39,26,38,5,2,3,14
S01010759,213,16,1,15,32,9,27,29,33,44,4,3,1,19
S01010760,183,35,10,25,37,10,24,26,16,23,9,5,4,3
S01010761,201,27,8,19,33,2,49,34,23,22,3,0,3,8
S01010762,215,21,5,16,35,12,59,28,30,21,2,2,0,7
S01010763,236,22,3,19,35,11,54,30,28,39,8,2,6,9
S01010764,211,23,5,18,39,8,55,36,16,22,2,0,2,10
S01010765,381,40,9,31,53,20,80,53,52,58,9,4,5,16
S01010766,270,15,2,13,46,16,55,36,25,53,14,6,8,10
S01010767,242,12,2,10,35,8,33,41,34,55,14,7,7,10
S01010768,196,7,0,7,22,8,30,38,30,42,12,5,7,7
S01010769,187,17,6,11,33,9,54,27,11,23,3,0,3,10
S01010770,318,23,6,17,44,15,61,47,36,58,20,12,8,14
S01010771,314,17,3,14,52,12,72,57,38,49,10,4,6,7
S01010772,300,16,5,11,42,14,63,44,37,54,24,16,8,6
S01010773,307,26,4,22,55,15,70,49,29,48,7,3,4,8
S01010774,260,24,4,20,37,17,54,33,33,35,18,11,7,9
S01010775,247,19,4,15,41,12,63,37,19,44,4,4,0,8
S01010776,202,11,2,9,37,11,30,29,26,42,14,7,7,2
S01010777,184,9,2,7,29,10,20,28,27,37,12,6,6,12
S01010778,172,4,0,4,14,10,14,29,22,50,21,12,9,8
S01010779,277,18,5,13,33,15,24,38,47,55,34,20,14,13
S01010780,188,15,2,13,28,8,12,31,26,52,12,10,2,4
S01010781,302,33,5,28,65,19,39,51,23,43,12,4,8,17
S01010782,221,18,3,15,35,15,37,37,23,32,14,11,3,10
S01010783,208,8,2,6,22,14,17,53,33,42,18,10,8,1
S01010784,252,10,2,8,20,12,19,41,44,67,30,20,10,9
S01010785,272,33,7,26,51,27,25,41,24,54,3,1,2,14
S01010786,244,20,2,18,48,20,28,41,28,38,8,4,4,13
S01010787,340,27,2,25,54,24,78,52,33,53,7,5,2,12
S01010788,235,23,3,20,38,10,43,41,23,41,5,3,2,11
S01010789,275,19,4,15,37,9,71,44,30,44,10,4,6,11
S01010790,275,21,5,16,43,10,67,48,18,50,7,5,2,11
S01010791,319,41,6,35,64,15,75,43,29,35,7,2,5,10
S01010792,242,24,1,23,24,12,20,55,33,58,9,5,4,7
S01010793,246,25,9,16,51,8,55,32,28,34,4,2,2,9
S01010794,196,31,5,26,42,9,33,43,10,16,4,3,1,8
S01010795,362,45,14,31,64,24,40,57,30,72,16,8,8,14
S01010796,327,39,4,35,63,11,77,57,30,31,6,1,5,13
S01010797,288,38,6,32,62,12,49,60,22,31,7,4,3,7
S01010798,255,41,6,35,43,9,54,37,20,32,4,1,3,15
S01010799,334,43,5,38,77,20,35,47,37,46,17,8,9,12
S01010800,259,8,2,6,32,15,18,53,44,65,15,4,11,9
S01010801,261,17,1,16,53,11,27,40,43,46,14,9,5,10
S01010802,209,26,4,22,41,10,16,35,28,32,11,4,7,10
S01010803,211,19,3,16,35,18,19,35,21,31,16,7,9,17
S01010804,221,37,4,33,55,12,17,35,16,29,3,0,3,17
S01010805,323,42,10,32,70,25,23,67,25,36,11,6,5,24
S01010806,325,25,3,22,51,25,21,56,46,55,28,19,9,18
S01010807,202,26,3,23,37,10,14,43,22,33,7,2,5,10
S01010808,186,38,6,32,43,16,9,32,17,17,4,2,2,10
S01010809,295,52,11,41,61,20,32,43,28,37,11,5,6,11
S01010810,181,19,6,13,31,3,36,40,17,23,6,2,4,6
S01010811,348,40,9,31,63,17,76,50,34,39,12,1,11,17
S01010812,198,8,3,5,28,13,56,26,19,31,8,3,5,9
S01010813,226,12,5,7,37,8,54,29,25,43,7,2,5,11
S01010814,247,26,6,20,44,7,76,28,21,30,6,2,4,9
S01010815,185,10,3,7,48,9,38,28,17,25,3,1,2,7
S01010816,197,78,22,56,39,8,27,10,7,4,8,5,3,16
S01010817,311,102,16,86,66,24,47,15,11,13,10,5,5,23
S01010818,334,103,20,83,83,23,38,20,15,19,11,2,9,22
S01010819,278,49,14,35,51,23,30,36,43,26,8,5,3,12
S01010820,198,52,14,38,41,16,30,16,13,13,6,4,2,11
S01010821,205,67,14,53,52,6,32,14,9,13,1,1,0,11
S01010822,276,77,11,66,64,10,39,10,11,10,32,30,2,23
S01010823,170,9,1,8,28,18,22,18,18,34,8,8,0,15
S01010824,259,43,10,33,79,25,23,23,19,25,3,1,2,19
S01010825,115,19,3,16,32,11,13,15,11,8,1,0,1,5
S01010826,277,59,15,44,76,19,38,20,20,14,7,4,3,24
S01010827,227,31,9,22,56,29,18,36,20,13,3,1,2,21
S01010828,442,81,17,64,129,46,35,48,31,27,7,3,4,38
S01010829,362,89,27,62,90,29,50,27,27,28,9,8,1,13
S01010830,222,23,5,18,54,22,21,23,20,34,6,3,3,19
S01010831,206,37,10,27,65,18,19,24,12,8,3,1,2,20
S01010832,294,12,0,12,55,39,23,37,46,46,16,7,9,20
S01010833,362,94,14,80,86,23,32,48,11,22,3,3,0,43
S01010834,343,68,17,51,107,46,27,20,21,25,3,1,2,26
S01010835,242,49,10,39,76,18,19,21,16,18,3,2,1,22
S01010836,305,59,11,48,75,24,35,26,26,28,13,9,4,19
S01010837,228,16,8,8,41,32,25,31,34,26,5,3,2,18
S01010838,290,22,6,16,49,33,20,41,38,65,5,3,2,17
S01010839,239,31,11,20,48,22,24,29,22,33,10,7,3,20
S01010840,194,19,4,15,50,26,17,17,22,27,6,2,4,10
S01010841,297,40,5,35,73,43,19,42,29,28,9,3,6,14
S01010842,313,26,2,24,49,38,28,33,37,63,23,15,8,16
S01010843,245,16,3,13,42,27,23,30,37,46,13,7,6,11
S01010844,250,38,3,35,69,25,13,32,13,26,3,0,3,31
S01010845,237,21,2,19,47,32,18,33,25,33,11,6,5,17
S01010846,289,10,2,8,38,33,21,42,45,53,18,8,10,29
S01010847,241,27,7,20,58,29,12,37,25,29,5,3,2,19
S01010848,230,5,0,5,21,18,13,30,42,67,17,11,6,17
S01010849,316,6,2,4,36,23,30,37,38,92,13,8,5,41
S01010850,282,1,0,1,28,14,18,36,48,87,25,14,11,25
S01010851,243,6,0,6,34,26,10,25,41,67,22,13,9,12
S01010852,268,12,3,9,23,31,33,34,40,73,5,4,1,17
S01010853,320,18,5,13,36,27,29,43,51,80,13,8,5,23
S01010854,287,12,1,11,35,29,15,33,41,69,24,14,10,29
S01010855,189,1,0,1,14,22,15,19,46,53,9,8,1,10
S01010856,316,9,3,6,40,24,26,55,51,62,29,16,13,20
S01010857,273,26,4,22,43,29,20,43,31,42,11,5,6,28
S01010858,253,7,0,7,33,14,12,36,42,77,14,8,6,18
S01010859,254,7,2,5,21,25,17,27,55,72,14,12,2,16
S01010860,215,11,3,8,23,21,13,38,36,52,9,5,4,12
S01010861,217,14,6,8,27,15,8,18,42,65,15,8,7,13
S01010862,207,6,4,2,17,13,5,18,46,54,19,10,9,29
S01010863,275,41,9,32,68,32,21,21,29,32,7,2,5,24
S01010864,215,45,6,39,55,26,13,25,17,11,3,1,2,20
S01010865,259,57,9,48,76,24,18,14,13,18,6,4,2,33
S01010866,247,44,7,37,64,22,25,26,21,34,5,5,0,6
S01010867,232,49,12,37,52,19,32,22,17,21,4,4,0,16
S01010868,275,44,4,40,60,33,24,21,25,26,18,17,1,24
S01010869,276,53,12,41,69,27,24,22,22,23,9,6,3,27
S01010870,263,30,5,25,79,29,21,25,31,27,8,4,4,13
S01010871,297,41,8,33,61,36,33,30,27,36,7,1,6,26
S01010872,276,23,3,20,46,26,24,36,40,48,8,5,3,25
S01010873,190,5,1,4,25,11,11,28,35,46,18,8,10,11
S01010874,296,41,7,34,66,45,27,25,24,28,8,4,4,32
S01010875,190,19,3,16,41,17,15,17,14,38,8,3,5,21
S01010876,250,14,3,11,40,42,10,35,26,42,15,12,3,26
S01010877,361,44,11,33,64,47,29,34,39,57,24,16,8,23
S01010878,503,19,4,15,69,50,34,60,62,129,59,48,11,21
S01010879,315,15,4,11,55,34,40,39,42,53,13,8,5,24
S01010880,179,5,1,4,19,12,6,33,39,41,12,8,4,12
S01010881,221,10,3,7,37,26,15,30,25,41,11,7,4,26
S01010882,229,13,5,8,40,28,8,34,33,38,10,4,6,25
S01010883,333,28,12,16,68,35,18,45,33,52,14,6,8,40
S01010884,250,5,3,2,21,21,20,29,50,68,23,15,8,13
S01010885,345,13,5,8,43,32,16,31,63,85,41,32,9,21
S01010886,183,8,1,7,21,18,14,21,33,36,25,19,6,7
S01010887,288,2,0,2,28,19,23,23,54,83,34,21,13,22
S01010888,320,20,1,19,32,18,21,37,55,83,28,12,16,26
S01010889,228,8,2,6,21,19,17,22,38,72,27,17,10,4
S01010890,244,5,0,5,24,30,11,30,50,70,14,11,3,10
S01010891,172,4,1,3,12,13,8,19,30,46,23,20,3,17
S01010892,327,15,2,13,25,36,16,42,52,94,30,22,8,17
S01010893,203,5,0,5,9,20,11,24,47,58,21,15,6,8
S01010894,227,16,1,15,45,21,14,30,23,50,16,9,7,12
S01010895,155,4,1,3,24,15,9,11,21,42,19,13,6,10
S01010896,251,7,2,5,31,20,19,28,43,61,23,11,12,19
S01010897,296,10,1,9,24,22,22,28,47,93,29,17,12,21
S01010898,235,5,3,2,18,16,27,28,32,71,18,10,8,20
S01010899,226,8,2,6,28,22,14,27,40,51,14,8,6,22
S01010900,217,10,1,9,28,14,13,27,38,60,18,9,9,9
S01010901,151,2,0,2,7,12,6,15,31,57,13,9,4,8
S01010902,343,19,6,13,46,31,22,53,58,79,18,10,8,17
S01010903,282,3,1,2,24,11,16,42,52,85,36,24,12,13
S01010904,207,6,0,6,17,14,13,26,33,51,30,18,12,17
S01010905,211,20,4,16,42,21,12,23,25,39,15,13,2,14
S01010906,343,13,3,10,39,22,16,44,48,108,30,19,11,23
S01010907,187,23,7,16,42,23,21,21,21,22,4,2,2,10
S01010908,226,18,4,14,40,35,12,18,25,48,14,9,5,16
S01010909,274,21,6,15,50,29,25,29,35,42,6,5,1,37
S01010910,178,7,1,6,18,19,6,18,33,42,24,8,16,11
S01010911,216,8,3,5,26,12,7,21,45,75,13,5,8,9
S01010912,248,13,0,13,19,13,24,28,41,60,19,9,10,31
S01010913,260,17,4,13,52,28,27,26,24,53,10,7,3,23
S01010914,249,10,2,8,36,24,24,32,39,59,10,5,5,15
S01010915,275,19,6,13,35,17,19,44,43,60,11,9,2,27
S01010916,251,3,1,2,13,23,18,17,44,85,19,10,9,29
S01010917,276,17,5,12,27,28,15,45,57,52,18,10,8,17
S01010918,245,6,2,4,29,15,13,34,42,72,13,8,5,21
S01010919,282,7,1,6,34,12,11,33,57,88,17,10,7,23
S01010920,200,11,3,8,12,10,16,24,32,55,23,15,8,17
S01010921,246,4,0,4,18,15,10,32,48,85,17,12,5,17
S01010922,289,10,0,10,31,20,14,30,55,85,16,13,3,28
S01010923,325,6,1,5,32,28,26,35,58,100,23,12,11,17
S01010924,230,3,2,1,18,17,15,33,46,78,10,6,4,10
S01010925,293,3,0,3,34,26,15,32,53,98,15,5,10,17
S01010926,298,4,1,3,24,23,21,38,46,104,16,11,5,22
S01010927,188,8,3,5,20,9,14,28,39,48,8,3,5,14
S01010928,242,6,2,4,25,13,19,26,34,81,14,9,5,24
S01010929,220,2,0,2,13,16,12,29,44,70,13,6,7,21
S01010930,332,85,15,70,79,19,64,18,14,25,8,2,6,20
S01010931,165,26,7,19,29,9,37,15,24,17,2,0,2,6
S01010932,196,14,5,9,34,14,29,24,20,42,13,8,5,6
S01010933,287,62,9,53,69,20,47,24,19,20,8,7,1,18
S01010934,390,81,11,70,105,36,44,30,31,24,13,5,8,26
S01010935,223,45,7,38,55,20,25,18,29,15,4,4,0,12
S01010936,246,28,3,25,42,27,29,32,30,35,9,1,8,14
S01010937,275,28,8,20,66,34,35,36,20,38,5,2,3,13
S01010938,289,9,2,7,36,24,29,41,36,69,28,14,14,17
S01010939,204,21,2,19,32,28,22,34,23,22,5,3,2,17
S01010940,255,52,11,41,59,33,22,22,19,21,4,2,2,23
S01010941,338,56,11,45,88,44,36,35,26,20,6,4,2,27
S01010942,261,46,10,36,69,33,22,24,26,14,2,2,0,25
S01010943,217,14,2,12,32,18,18,38,30,38,13,4,9,16
S01010944,193,7,0,7,28,16,11,25,39,48,9,5,4,10
S01010945,185,10,1,9,27,18,19,29,32,38,8,3,5,4
S01010946,290,11,2,9,38,19,37,44,43,69,18,10,8,11
S01010947,188,7,2,5,31,11,21,27,40,34,9,5,4,8
S01010948,250,15,3,12,31,24,28,29,44,56,6,1,5,17
S01010949,348,51,13,38,82,38,35,42,35,27,7,2,5,31
S01010950,292,33,4,29,65,22,25,44,36,51,8,4,4,8
S01010951,223,14,3,11,43,22,16,35,28,44,6,2,4,15
S01010952,198,23,4,19,33,24,21,30,22,23,5,3,2,17
S01010953,210,16,5,11,37,28,19,28,31,33,5,3,2,13
S01010954,293,29,14,15,59,85,22,24,19,31,3,1,2,21
S01010955,350,66,18,48,112,46,35,21,22,15,8,4,4,25
S01010956,267,49,2,47,55,14,56,24,22,30,8,4,4,9
S01010957,211,45,11,34,55,21,24,24,21,12,3,2,1,6
S01010958,185,24,5,19,34,15,26,16,32,24,6,1,5,8
S01010959,205,29,7,22,48,13,20,20,24,23,8,1,7,20
S01010960,402,35,6,29,53,26,45,47,48,96,30,14,16,22
S01010961,207,12,0,12,28,21,23,28,40,42,7,4,3,6
S01010962,235,10,1,9,36,16,29,32,29,68,7,2,5,8
S01010963,334,45,12,33,55,22,45,39,43,46,13,9,4,26
S01010964,194,17,1,16,31,14,26,20,24,51,3,1,2,8
S01010965,189,11,3,8,25,8,15,22,28,50,17,10,7,13
S01010966,267,13,3,10,31,13,33,45,35,61,10,4,6,26
S01010967,224,12,0,12,33,16,19,36,31,51,10,5,5,16
S01010968,253,18,4,14,46,23,33,26,30,53,8,4,4,16
S01010969,214,25,2,23,47,23,32,27,16,26,11,2,9,7
S01010970,354,34,7,27,61,36,43,57,32,64,11,4,7,16
S01010971,371,39,11,28,83,33,48,53,29,48,8,6,2,30
S01010972,283,13,4,9,24,28,24,50,43,68,14,9,5,19
S01010973,192,12,3,9,29,18,21,32,20,41,6,4,2,13
S01010974,261,7,1,6,27,22,33,34,37,74,17,7,10,10
S01010975,169,5,2,3,17,11,14,25,37,39,10,8,2,11
S01010976,200,12,3,9,29,16,17,30,32,44,11,8,3,9
S01010977,248,22,2,20,40,25,22,35,35,47,6,4,2,16
S01010978,249,12,5,7,30,24,22,33,43,52,18,7,11,15
S01010979,270,17,4,13,33,23,24,39,41,52,20,9,11,21
S01010980,250,28,2,26,33,16,30,27,48,40,13,8,5,15
S01010981,246,18,5,13,34,19,27,38,30,55,17,10,7,8
S01010982,449,98,15,83,106,41,58,53,24,38,15,6,9,16
S01010983,269,28,4,24,52,20,33,40,33,46,5,4,1,12
S01010984,241,36,10,26,62,19,29,30,19,29,9,5,4,8
S01010985,216,14,2,12,30,18,20,40,28,45,7,5,2,14
S01010986,195,34,7,27,47,20,29,21,14,12,3,3,0,15
S01010987,212,35,10,25,70,26,33,18,8,6,1,1,0,15
S01010988,215,44,14,30,62,17,22,13,22,13,1,1,0,21
S01010989,335,50,6,44,108,48,38,39,23,15,3,3,0,11
S01010990,284,14,1,13,41,32,36,47,40,58,6,3,3,10
S01010991,201,31,6,25,38,12,22,25,27,27,6,0,6,13
S01010992,195,50,8,42,50,15,23,22,8,10,3,2,1,14
S01010993,227,22,3,19,64,23,22,28,17,37,3,2,1,11
S01010994,387,99,17,82,111,25,35,25,22,20,12,9,3,38
S01010995,273,36,10,26,66,28,32,32,29,28,4,3,1,18
S01010996,211,40,6,34,59,18,31,19,11,14,2,1,1,17
S01010997,232,61,9,52,67,17,34,18,10,10,3,2,1,12
S01010998,197,55,7,48,51,9,33,10,12,7,5,2,3,15
S01010999,316,72,17,55,73,27,33,24,23,35,12,12,0,17
S01011000,322,44,6,38,64,21,63,40,27,44,4,2,2,15
S01011001,241,6,0,6,38,15,26,27,37,65,6,6,0,21
S01011002,250,5,1,4,32,15,29,46,41,60,8,5,3,14
S01011003,234,3,1,2,30,16,24,49,39,46,9,6,3,18
S01011004,209,31,5,26,44,13,32,20,21,31,4,0,4,13
S01011005,239,11,0,11,33,27,23,41,35,46,12,10,2,11
S01011006,361,33,9,24,72,34,44,49,41,56,20,13,7,12
S01011007,236,10,1,9,18,14,23,41,36,68,13,9,4,13
S01011008,295,17,3,14,35,17,25,65,49,54,20,8,12,13
S01011009,185,3,3,0,23,13,19,35,33,46,12,9,3,1
S01011010,221,17,2,15,25,13,16,23,29,62,26,20,6,10
S01011011,284,14,2,12,23,28,22,40,53,63,23,19,4,18
S01011012,235,11,0,11,13,9,15,39,34,71,27,16,11,16
S01011013,276,14,2,12,32,30,26,42,34,78,5,2,3,15
S01011014,321,23,5,18,54,35,29,52,53,56,7,2,5,12
S01011015,162,13,1,12,29,16,24,19,26,26,6,3,3,3
S01011016,315,45,8,37,83,31,42,37,21,31,8,4,4,17
S01011017,294,59,10,49,63,22,62,32,16,21,4,2,2,15
S01011018,317,22,1,21,58,20,42,36,42,67,9,5,4,21
S01011019,367,60,14,46,61,28,66,42,34,48,14,9,5,14
S01011020,181,34,4,30,47,12,23,22,12,19,5,2,3,7
S01011021,307,7,2,5,35,24,36,46,58,58,27,21,6,16
S01011022,197,5,1,4,15,15,24,36,26,53,10,5,5,13
S01011023,287,20,5,15,34,19,44,43,42,55,18,12,6,12
S01011024,250,7,1,6,37,20,22,33,32,54,26,18,8,19
S01011025,272,4,1,3,21,18,18,44,50,77,25,17,8,15
S01011026,219,3,0,3,23,17,21,39,37,55,18,6,12,6
S01011027,288,8,1,7,24,20,20,38,58,85,21,9,12,14
S01011028,304,9,3,6,25,16,29,47,60,87,20,10,10,11
S01011029,226,13,1,12,34,21,15,28,35,56,10,5,5,14
S01011030,375,29,8,21,78,39,33,51,49,66,5,3,2,25
S01011031,242,13,2,11,25,11,17,38,46,58,24,18,6,10
S01011032,292,12,2,10,45,18,25,31,45,83,18,13,5,15
S01011033,240,23,5,18,43,20,25,34,20,52,10,5,5,13
S01011034,222,14,6,8,33,14,27,33,36,43,17,11,6,5
S01011035,227,14,6,8,24,12,22,32,45,52,18,12,6,8
S01011036,240,23,7,16,47,22,24,29,32,43,5,1,4,15
S01011037,332,12,4,8,40,29,37,48,50,72,25,12,13,19
S01011038,286,7,2,5,24,10,20,51,43,82,33,18,15,16
S01011039,307,18,2,16,53,32,37,44,37,65,11,8,3,10
S01011040,243,9,2,7,28,25,18,38,37,60,11,6,5,17
S01011041,236,11,2,9,24,18,22,24,40,55,21,15,6,21
S01011042,294,37,10,27,57,21,37,45,28,44,12,1,11,13
S01011043,247,15,5,10,30,19,18,43,35,62,14,11,3,11
S01011044,248,12,6,6,29,17,29,33,48,52,15,8,7,13
S01011045,287,25,6,19,40,16,74,43,42,25,10,3,7,12
S01011046,364,27,15,12,56,17,89,58,44,54,10,5,5,9
S01011047,347,37,17,20,59,14,57,71,49,49,3,2,1,8
S01011048,342,18,7,11,43,19,49,60,59,72,11,3,8,11
S01011049,255,12,3,9,23,10,28,44,72,57,4,1,3,5
S01011050,305,24,8,16,57,8,57,46,51,42,7,5,2,13
S01011051,342,30,8,22,55,12,59,61,45,67,6,4,2,7
S01011052,281,34,18,16,40,11,35,50,45,47,6,2,4,13
S01011053,231,9,2,7,20,6,19,48,53,56,11,5,6,9
S01011054,203,24,10,14,28,9,30,37,36,24,5,3,2,10
S01011055,220,20,5,15,31,7,45,38,36,32,3,3,0,8
S01011056,246,33,10,23,27,2,78,26,30,39,1,1,0,10
S01011057,229,9,2,7,27,8,56,34,28,56,3,1,2,8
S01011058,238,11,3,8,39,10,80,24,31,28,4,2,2,11
S01011059,239,23,8,15,41,11,61,27,28,41,5,2,3,2
S01011060,293,27,6,21,50,10,34,33,51,70,7,2,5,11
S01011061,313,5,0,5,26,15,27,68,51,95,13,6,7,13
S01011062,343,18,6,12,41,12,45,59,49,102,7,5,2,10
S01011063,341,19,2,17,36,15,35,67,60,81,12,6,6,16
S01011064,368,28,9,19,39,11,51,69,55,95,10,3,7,10
S01011065,263,26,8,18,42,12,53,43,29,40,6,4,2,12
S01011066,184,21,5,16,36,9,40,26,12,25,7,2,5,8
S01011067,196,21,5,16,25,12,36,40,22,33,4,1,3,3
S01011068,188,9,1,8,35,7,29,33,26,37,6,2,4,6
S01011069,209,13,5,8,44,10,24,39,35,32,5,2,3,7
S01011070,226,15,5,10,46,12,33,46,21,46,1,0,1,6
S01011071,324,27,7,20,78,12,58,50,33,40,6,3,3,20
S01011072,358,21,9,12,70,16,60,73,43,56,11,6,5,8
S01011073,265,17,4,13,40,20,35,53,33,50,4,2,2,13
S01011074,229,12,5,7,42,15,34,45,35,33,4,3,1,9
S01011075,232,5,4,1,22,6,26,48,42,56,20,11,9,7
S01011076,262,11,3,8,30,7,26,63,47,54,13,6,7,11
S01011077,240,3,0,3,27,9,15,40,47,71,17,7,10,11
S01011078,397,30,8,22,65,19,56,79,44,66,17,10,7,21
S01011079,406,17,10,7,66,11,39,99,56,89,16,7,9,13
S01011080,364,20,6,14,40,16,36,95,53,72,19,14,5,13
S01011081,295,12,3,9,32,11,26,74,50,60,15,7,8,15
S01011082,150,5,1,4,17,3,15,38,17,46,6,3,3,3
S01011083,295,24,8,16,52,18,31,55,50,53,6,4,2,6
S01011084,295,24,6,18,70,14,51,41,32,37,9,4,5,17
S01011085,330,43,12,31,80,28,37,41,40,36,6,4,2,19
S01011086,246,30,14,16,49,13,25,46,33,37,3,3,0,10
S01011087,205,10,5,5,28,11,21,43,27,53,4,2,2,8
S01011088,325,27,9,18,72,31,33,39,43,58,9,7,2,13
S01011089,214,11,2,9,29,8,20,38,36,45,19,11,8,8
S01011090,273,29,10,19,47,14,59,45,35,35,2,0,2,7
S01011091,253,29,8,21,47,20,48,45,26,28,4,2,2,6
S01011092,144,8,2,6,22,7,15,19,18,35,10,8,2,10
S01011093,236,29,12,17,54,9,47,42,24,19,3,2,1,9
S01011094,188,23,6,17,44,11,36,27,19,15,4,3,1,9
S01011095,309,35,16,19,68,17,60,44,30,29,8,2,6,18
S01011096,223,26,9,17,46,15,33,33,22,31,4,3,1,13
S01011097,260,36,7,29,55,13,44,37,26,32,2,0,2,15
S01011098,290,18,3,15,65,19,27,46,45,53,6,5,1,11
S01011099,304,8,4,4,43,16,25,57,52,80,10,5,5,13
S01011100,157,9,0,9,19,16,15,27,24,36,4,1,3,7
S01011101,219,4,2,2,16,12,14,47,41,63,14,8,6,8
S01011102,234,7,2,5,31,6,7,47,57,54,17,7,10,8
S01011103,228,9,4,5,34,9,16,37,39,57,20,11,9,7
S01011104,221,23,3,20,52,9,21,31,28,23,23,19,4,11
S01011105,297,19,7,12,44,17,29,47,40,79,13,8,5,9
S01011106,293,8,3,5,117,32,13,31,32,45,9,2,7,6
S01011107,295,18,8,10,89,15,19,43,42,50,3,3,0,16
S01011108,212,13,3,10,36,10,13,36,28,45,12,7,5,19
S01011109,303,23,4,19,47,23,31,54,48,65,5,2,3,7
S01011110,257,9,2,7,42,17,14,49,43,60,12,6,6,11
S01011111,294,9,3,6,38,17,21,49,55,81,14,11,3,10
S01011112,294,24,6,18,71,27,20,63,32,43,4,2,2,10
S01011113,346,16,4,12,51,18,25,65,64,83,11,9,2,13
S01011114,290,13,1,12,59,26,28,62,36,47,5,1,4,14
S01011115,333,8,4,4,31,22,31,79,50,88,13,9,4,11
S01011116,245,13,4,9,46,22,22,44,31,46,3,2,1,18
S01011117,284,48,6,42,63,16,32,35,29,35,7,5,2,19
S01011118,280,59,14,45,66,24,26,31,27,22,4,3,1,21
S01011119,320,55,17,38,85,25,33,36,27,37,2,2,0,20
S01011120,247,52,17,35,73,18,23,26,21,15,6,4,2,13
S01011121,206,13,2,11,30,20,14,35,36,44,10,6,4,4
S01011122,229,14,4,10,48,16,24,38,43,38,0,0,0,8
S01011123,398,15,8,7,55,25,34,82,57,105,12,6,6,13
S01011124,211,15,6,9,47,13,19,37,16,51,2,1,1,11
S01011125,179,6,2,4,21,8,13,34,30,42,9,7,2,16
S01011126,167,7,2,5,39,21,16,27,16,29,5,2,3,7
S01011127,160,2,1,1,92,44,4,2,8,3,0,0,0,5
S01011128,270,16,3,13,57,23,20,45,28,60,7,2,5,14
S01011129,326,96,80,16,85,15,24,34,26,30,2,1,1,14
S01011130,219,9,4,5,52,14,13,19,46,51,8,2,6,7
S01011131,264,25,15,10,74,17,21,37,33,36,10,5,5,11
S01011132,354,42,18,24,91,36,42,54,32,30,9,6,3,18
S01011133,169,14,4,10,26,17,14,30,23,36,2,1,1,7
S01011134,313,18,9,9,84,26,46,35,51,39,5,0,5,9
S01011135,272,8,0,8,42,25,25,58,29,59,9,7,2,17
S01011136,246,23,9,14,57,19,16,50,29,33,6,5,1,13
S01011137,156,15,10,5,35,11,23,31,10,17,5,2,3,9
S01011138,224,4,3,1,52,26,18,33,33,39,12,9,3,7
S01011139,767,57,54,3,222,371,17,37,22,19,4,2,2,18
S01011140,203,8,2,6,39,18,20,30,25,45,6,3,3,12
S01011141,194,3,1,2,51,9,11,30,29,44,7,4,3,10
S01011142,454,33,9,24,101,20,36,40,27,29,5,1,4,163
S01011143,324,37,19,18,84,16,29,51,53,34,4,3,1,16
S01011144,273,27,12,15,76,22,26,41,27,28,3,3,0,23
S01011145,240,36,14,22,70,7,29,35,20,29,6,3,3,8
S01011146,270,23,7,16,53,23,27,44,36,39,10,2,8,15
S01011147,397,28,7,21,101,22,39,64,68,48,10,5,5,17
S01011148,317,56,14,42,64,9,60,41,28,40,7,4,3,12
S01011149,393,43,21,22,131,119,41,21,10,16,2,1,1,10
S01011150,155,26,19,7,52,9,3,23,14,20,3,2,1,5
S01011151,216,20,10,10,71,34,14,13,13,22,13,3,10,16
S01011152,239,44,16,28,67,15,30,33,18,16,8,4,4,8
S01011153,320,30,8,22,65,17,44,55,39,46,16,7,9,8
S01011154,221,14,4,10,40,11,23,28,30,49,17,7,10,9
S01011155,235,26,4,22,42,14,24,27,39,31,23,9,14,9
S01011156,218,12,0,12,61,17,26,39,15,34,1,1,0,13
S01011157,234,17,5,12,73,22,20,47,20,21,6,3,3,8
S01011158,186,49,14,35,47,9,18,17,21,17,3,3,0,5
S01011159,184,7,3,4,29,18,11,38,25,47,8,2,6,1
S01011160,343,24,7,17,59,39,27,51,53,55,16,8,8,19
S01011161,222,7,2,5,31,7,22,40,40,58,10,4,6,7
S01011162,165,9,2,7,27,18,10,26,30,25,9,2,7,11
S01011163,303,5,4,1,33,21,19,62,60,71,15,8,7,17
S01011164,239,18,4,14,70,21,20,33,29,33,5,2,3,10
S01011165,260,9,1,8,35,19,30,37,42,65,14,6,8,9
S01011166,174,31,5,26,36,14,19,24,23,14,2,2,0,11
S01011167,279,63,22,41,63,9,49,30,25,23,4,3,1,13
S01011168,333,32,12,20,67,17,83,45,33,34,9,5,4,13
S01011169,342,38,16,22,100,26,22,51,43,30,6,4,2,26
S01011170,338,48,20,28,82,21,49,47,34,33,9,4,5,15
S01011171,335,37,11,26,65,9,87,37,38,42,8,4,4,12
S01011172,289,26,3,23,47,12,80,38,29,39,9,4,5,9
S01011173,182,26,4,22,29,6,46,20,22,22,2,2,0,9
S01011174,165,26,6,20,24,10,47,21,9,19,2,2,0,7
S01011175,167,15,1,14,18,5,28,32,16,33,10,5,5,10
S01011176,192,18,6,12,41,5,47,19,12,33,6,4,2,11
S01011177,307,28,8,20,53,19,63,44,38,50,1,1,0,11
S01011178,169,13,5,8,37,12,24,26,19,20,10,5,5,8
S01011179,227,9,2,7,18,10,26,41,25,62,19,13,6,17
S01011180,234,9,2,7,19,6,14,33,42,73,28,17,11,10
S01011181,198,21,6,15,31,12,61,15,20,25,3,3,0,10
S01011182,170,15,4,11,32,10,35,27,17,18,8,5,3,8
S01011183,210,20,7,13,28,14,33,36,22,24,20,6,14,13
S01011184,299,45,10,35,84,23,32,44,23,21,7,3,4,20
S01011185,252,22,7,15,50,18,20,48,29,44,7,5,2,14
S01011186,326,33,8,25,54,26,26,49,35,64,14,9,5,25
S01011187,284,30,9,21,62,21,19,67,22,31,8,1,7,24
S01011188,356,20,5,15,47,32,31,52,58,69,21,8,13,26
S01011189,291,21,4,17,55,30,32,64,24,37,17,4,13,11
S01011190,225,5,2,3,30,17,32,31,38,45,11,6,5,16
S01011191,181,10,4,6,17,11,15,31,28,53,11,5,6,5
S01011192,257,3,0,3,37,13,12,39,48,70,19,4,15,16
S01011193,254,10,3,7,29,14,14,31,40,74,16,9,7,26
S01011194,243,7,1,6,16,12,23,40,40,55,22,7,15,28
S01011195,261,8,2,6,27,26,13,43,57,49,21,6,15,17
S01011196,307,8,2,6,34,22,20,45,54,78,26,11,15,20
S01011197,287,12,3,9,31,14,31,34,46,73,18,7,11,28
S01011198,207,6,1,5,20,13,20,38,27,60,7,3,4,16
S01011199,282,11,2,9,43,15,27,34,52,56,20,8,12,24
S01011200,284,21,8,13,38,23,25,44,42,65,14,7,7,12
S01011201,229,13,3,10,39,17,17,48,35,38,9,6,3,13
S01011202,288,8,2,6,34,22,24,74,33,57,16,10,6,20
S01011203,266,22,5,17,38,19,24,44,41,47,15,7,8,16
S01011204,210,38,5,33,45,17,23,25,21,19,5,1,4,17
S01011205,240,34,6,28,54,19,24,41,19,19,8,3,5,22
S01011206,266,25,10,15,64,18,29,48,26,28,11,1,10,17
S01011207,278,30,4,26,44,19,24,43,40,40,17,11,6,21
S01011208,335,50,20,30,73,26,31,46,28,40,10,2,8,31
S01011209,216,13,4,9,28,22,17,37,38,42,8,5,3,11
S01011210,306,51,22,29,69,25,39,36,25,14,11,6,5,36
S01011211,253,34,8,26,54,22,23,36,31,19,12,8,4,22
S01011212,172,5,1,4,14,8,16,38,22,48,9,5,4,12
S01011213,338,14,4,10,42,15,26,64,50,75,23,16,7,29
S01011214,287,4,0,4,31,25,24,40,40,70,38,17,21,15
S01011215,209,2,0,2,23,14,18,25,37,46,32,10,22,12
S01011216,165,2,0,2,20,11,11,16,33,44,17,5,12,11
S01011217,260,8,1,7,31,15,19,34,47,54,37,16,21,15
S01011218,218,5,0,5,20,11,10,34,36,56,29,17,12,17
S01011219,286,10,1,9,26,15,23,37,50,72,29,13,16,24
S01011220,317,8,3,5,32,18,32,52,53,76,27,14,13,19
S01011221,319,9,1,8,35,22,25,56,43,84,19,8,11,26
S01011222,230,9,4,5,35,14,18,34,37,52,15,8,7,16
S01011223,272,15,1,14,39,22,26,44,37,57,14,4,10,18
S01011224,254,11,3,8,32,14,29,42,39,57,16,9,7,14
S01011225,232,16,5,11,36,14,16,21,40,57,17,10,7,15
S01011226,338,44,12,32,70,18,43,67,34,35,15,8,7,12
S01011227,277,23,5,18,55,24,28,39,32,46,16,6,10,14
S01011228,297,12,4,8,49,28,19,51,45,52,20,11,9,21
S01011229,178,7,2,5,24,14,17,29,24,30,24,13,11,9
S01011230,330,5,0,5,25,15,22,34,73,91,45,20,25,20
S01011231,198,5,1,4,21,7,18,26,44,49,18,9,9,10
S01011232,405,26,5,21,79,15,40,48,69,75,36,16,20,17
S01011233,155,6,0,6,22,12,12,15,15,30,25,18,7,18
S01011234,340,11,4,7,38,11,24,52,41,92,41,23,18,30
S01011235,138,7,1,6,11,7,9,22,26,30,17,10,7,9
S01011236,207,8,0,8,32,5,22,27,41,51,15,8,7,6
S01011237,253,9,1,8,42,13,22,40,28,48,25,18,7,26
S01011238,228,7,1,6,15,16,17,33,40,50,35,24,11,15
S01011239,291,11,3,8,32,22,31,42,36,60,39,15,24,18
S01011240,308,10,2,8,34,15,22,49,45,58,62,29,33,13
S01011241,414,32,10,22,73,20,42,79,44,73,32,15,17,19
S01011242,269,24,4,20,38,23,24,45,35,42,20,9,11,18
S01011243,331,10,2,8,34,19,26,51,53,64,63,28,35,11
S01011244,266,8,2,6,27,16,11,35,47,60,52,20,32,10
S01011245,302,12,4,8,29,21,24,45,54,56,51,22,29,10
S01011246,333,32,6,26,70,26,46,37,41,46,18,5,13,17
S01011247,275,48,9,39,58,19,24,54,26,27,7,4,3,12
S01011248,262,25,7,18,49,16,28,40,41,41,5,3,2,17
S01011249,274,31,7,24,46,29,26,55,27,31,7,3,4,22
S01011250,346,20,3,17,41,20,28,47,56,63,44,20,24,27
S01011251,286,8,3,5,36,12,27,51,41,68,15,9,6,28
S01011252,265,8,2,6,26,12,11,31,52,72,23,14,9,30
S01011253,283,7,1,6,20,16,11,46,48,70,32,18,14,33
S01011254,377,44,12,32,89,35,23,68,35,41,11,5,6,31
S01011255,285,48,10,38,76,20,22,58,25,11,6,5,1,19
S01011256,162,15,7,8,36,17,19,26,13,24,4,3,1,8
S01011257,153,18,3,15,35,9,16,27,14,15,8,2,6,11
S01011258,207,30,8,22,48,12,19,30,19,22,7,3,4,20
S01011259,285,20,4,16,60,24,32,36,37,50,13,4,9,13
S01011260,275,30,7,23,64,19,23,45,28,32,15,10,5,19
S01011261,274,5,1,4,32,13,24,45,33,59,39,25,14,24
S01011262,168,5,1,4,27,15,18,20,33,24,19,13,6,7
S01011263,368,28,3,25,54,32,26,68,51,63,18,13,5,28
S01011264,225,5,3,2,25,7,19,48,22,58,26,9,17,15
S01011265,328,7,3,4,29,18,35,39,40,78,48,19,29,34
S01011266,298,12,3,9,41,15,24,66,48,52,17,9,8,23
S01011267,210,17,1,16,48,17,22,35,20,33,8,4,4,10
S01011268,153,13,4,9,24,12,12,29,19,28,9,5,4,7
S01011269,183,10,2,8,33,11,12,25,17,46,20,8,12,9
S01011270,256,10,2,8,27,15,20,42,36,58,24,11,13,24
S01011271,296,16,2,14,31,14,19,59,40,62,30,11,19,25
S01011272,291,11,2,9,37,14,21,58,26,69,39,14,25,16
S01011273,270,6,1,5,34,19,17,52,36,57,27,10,17,22
S01011274,297,15,2,13,21,24,18,68,47,53,28,15,13,23
S01011275,233,8,2,6,24,13,16,33,32,62,22,12,10,23
S01011276,333,14,3,11,32,23,20,62,53,64,36,20,16,29
S01011277,265,19,4,15,57,28,19,46,37,36,3,1,2,20
S01011278,196,19,5,14,37,24,11,46,19,26,5,2,3,9
S01011279,239,25,7,18,53,22,17,42,32,25,4,2,2,19
S01011280,246,35,9,26,59,15,22,43,15,24,5,2,3,28
S01011281,244,28,7,21,64,20,24,40,15,24,6,2,4,23
S01011282,323,33,7,26,69,33,25,52,36,41,6,4,2,28
S01011283,286,36,4,32,61,31,23,40,32,36,5,3,2,22
S01011284,200,33,9,24,57,16,20,33,12,16,1,0,1,12
S01011285,232,5,1,4,21,22,22,36,48,46,20,9,11,12
S01011286,241,2,0,2,36,14,17,40,39,43,22,10,12,28
S01011287,271,11,5,6,31,15,25,37,48,47,27,11,16,30
S01011288,237,8,1,7,28,11,12,43,42,53,21,10,11,19
S01011289,303,7,1,6,32,20,23,61,46,67,21,10,11,26
S01011290,398,17,5,12,50,24,50,50,61,82,37,13,24,27
S01011291,294,16,5,11,35,18,23,55,39,74,14,5,9,20
S01011292,253,5,1,4,25,7,18,34,54,51,42,20,22,17
S01011293,252,6,1,5,21,7,16,46,43,74,20,8,12,19
S01011294,282,7,1,6,33,16,33,49,34,67,33,13,20,10
S01011295,355,47,5,42,82,32,31,61,23,43,9,3,6,27
S01011296,207,8,1,7,26,13,25,32,20,48,19,5,14,16
S01011297,292,7,1,6,25,22,20,36,49,73,23,13,10,37
S01011298,226,9,4,5,21,16,17,29,39,41,26,10,16,28
S01011299,196,17,5,12,35,6,62,23,21,18,4,2,2,10
S01011300,335,14,3,11,34,24,25,43,53,91,35,12,23,16
S01011301,267,34,8,26,52,31,26,36,20,38,15,7,8,15
S01011302,305,15,6,9,39,18,28,52,35,71,38,17,21,9
S01011303,370,41,8,33,68,33,44,73,39,47,3,1,2,22
S01011304,238,11,5,6,21,17,13,51,26,54,21,15,6,24
S01011305,288,23,2,21,34,16,34,51,33,47,35,20,15,15
S01011306,177,11,3,8,33,11,9,42,20,28,13,4,9,10
S01011307,184,18,4,14,37,17,48,17,23,15,1,1,0,8
S01011308,180,29,8,21,36,5,53,14,10,13,6,2,4,14
S01011309,254,68,16,52,70,10,36,23,14,10,9,5,4,14
S01011310,239,22,1,21,65,15,34,32,20,22,9,6,3,20
S01011311,242,46,12,34,70,15,40,32,16,12,4,2,2,7
S01011312,414,117,25,92,97,26,53,48,18,15,12,4,8,28
S01011313,253,33,6,27,61,23,37,33,22,24,8,3,5,12
S01011314,402,71,14,57,93,24,46,62,39,37,11,2,9,19
S01011315,128,15,3,12,17,5,18,19,17,23,5,3,2,9
S01011316,228,17,2,15,34,7,29,38,22,44,20,11,9,17
S01011317,240,52,8,44,65,21,38,14,11,18,5,3,2,16
S01011318,306,62,10,52,64,30,45,19,34,31,8,5,3,13
S01011319,271,59,13,46,69,16,28,33,19,26,2,1,1,19
S01011320,179,15,1,14,38,12,21,25,18,31,3,2,1,16
S01011321,211,26,2,24,46,20,18,28,24,28,5,1,4,16
S01011322,219,27,5,22,47,23,24,28,10,28,10,4,6,22
S01011323,315,34,5,29,47,12,33,59,37,42,23,12,11,28
S01011324,166,19,5,14,37,13,16,18,18,20,8,6,2,17
S01011325,277,17,2,15,35,17,42,50,32,55,16,2,14,13
S01011326,272,20,6,14,47,19,42,38,46,29,16,5,11,15
S01011327,254,17,5,12,46,13,38,33,34,32,34,25,9,7
S01011328,247,20,0,20,42,16,66,33,21,28,8,6,2,13
S01011329,308,36,4,32,67,22,38,45,35,31,18,7,11,16
S01011330,239,58,15,43,59,19,16,24,18,22,6,4,2,17
S01011331,248,60,14,46,68,18,24,29,19,14,3,3,0,13
S01011332,311,72,12,60,87,23,32,29,19,19,7,3,4,23
S01011333,256,59,12,47,88,12,39,18,6,20,4,0,4,10
S01011334,275,44,10,34,46,21,82,17,19,25,8,5,3,13
S01011335,332,80,22,58,100,20,43,24,17,15,8,2,6,25
S01011336,213,29,10,19,33,17,20,30,29,26,10,4,6,19
S01011337,281,81,17,64,70,14,44,21,7,19,6,3,3,19
S01011338,233,16,2,14,44,14,10,43,28,50,14,5,9,14
S01011339,205,8,2,6,22,13,14,34,36,31,29,23,6,18
S01011340,233,8,5,3,16,16,18,41,41,48,27,8,19,18
S01011341,275,21,3,18,37,14,20,51,37,52,21,9,12,22
S01011342,267,25,8,17,42,24,25,50,33,35,10,3,7,23
S01011343,314,10,2,8,35,18,28,53,56,68,32,17,15,14
S01011344,305,11,2,9,33,17,22,46,55,71,34,13,21,16
S01011345,249,4,1,3,26,8,13,38,45,63,35,11,24,17
S01011346,246,9,3,6,25,19,21,32,35,66,24,15,9,15
S01011347,391,25,7,18,53,27,31,67,75,68,30,12,18,15
S01011348,302,18,8,10,42,29,23,45,37,59,27,10,17,22
S01011349,362,38,13,25,75,31,40,54,31,56,10,3,7,27
S01011350,249,40,11,29,58,23,31,19,23,17,8,4,4,30
S01011351,250,8,2,6,25,11,21,38,42,65,27,10,17,13
S01011352,232,14,3,11,34,15,19,34,36,40,35,19,16,5
S01011353,233,16,5,11,36,13,23,35,31,54,12,8,4,13
S01011354,259,33,6,27,47,16,26,32,29,46,10,1,9,20
S01011355,348,25,9,16,53,30,31,59,39,66,17,5,12,28
S01011356,372,45,5,40,73,11,96,51,36,37,8,5,3,15
S01011357,323,29,6,23,64,19,30,55,33,61,10,6,4,22
S01011358,201,30,8,22,45,27,11,17,18,20,8,2,6,25
S01011359,291,17,3,14,37,21,31,39,36,78,23,15,8,9
S01011360,283,6,1,5,18,11,24,37,49,95,26,12,14,17
S01011361,259,4,1,3,12,15,17,27,48,84,43,21,22,9
S01011362,203,28,6,22,37,18,42,28,16,19,2,0,2,13
S01011363,314,26,9,17,53,19,38,43,38,60,24,14,10,13
S01011364,229,17,4,13,43,23,17,34,24,47,11,4,7,13
S01011365,215,21,11,10,67,22,20,26,12,34,3,1,2,10
S01011366,154,8,1,7,18,19,8,25,24,40,7,5,2,5
S01011367,286,20,1,19,30,25,22,46,49,71,10,5,5,13
S01011368,305,42,7,35,92,34,27,39,23,26,5,3,2,17
S01011369,316,11,0,11,40,26,21,51,51,68,23,10,13,25
S01011370,300,47,13,34,66,35,14,39,36,42,10,6,4,11
S01011371,344,13,1,12,50,20,22,41,51,87,41,13,28,19
S01011372,280,7,2,5,21,18,12,40,57,71,40,20,20,14
S01011373,263,10,3,7,22,17,25,26,47,51,25,5,20,40
S01011374,250,22,4,18,46,34,17,32,32,41,10,8,2,16
S01011375,261,32,10,22,43,27,22,40,28,32,16,3,13,21
S01011376,170,6,0,6,24,19,12,23,30,38,14,3,11,4
S01011377,217,54,11,43,65,23,16,15,13,9,4,1,3,18
S01011378,272,24,9,15,55,34,22,36,39,34,7,1,6,21
S01011379,357,67,10,57,101,42,23,29,25,29,7,3,4,34
S01011380,254,23,5,18,39,36,22,29,24,48,12,9,3,21
S01011381,234,19,6,13,55,32,20,20,32,27,13,4,9,16
S01011382,222,7,2,5,39,11,22,19,28,58,19,10,9,19
S01011383,247,6,0,6,23,15,9,26,49,74,32,15,17,13
S01011384,237,4,0,4,20,5,19,23,41,65,48,22,26,12
S01011385,340,6,1,5,31,20,22,53,54,100,32,16,16,22
S01011386,181,4,2,2,8,8,9,33,40,37,34,14,20,8
S01011387,292,24,2,22,26,13,14,38,45,80,43,22,21,9
S01011388,398,34,14,20,97,38,27,61,47,56,11,5,6,27
S01011389,287,10,4,6,35,26,25,30,31,65,29,18,11,36
S01011390,288,14,5,9,23,21,15,52,43,85,23,10,13,12
S01011391,228,5,2,3,23,18,18,24,47,63,11,5,6,19
S01011392,246,5,2,3,19,10,21,43,39,63,33,17,16,13
S01011393,307,14,4,10,29,21,43,43,48,72,17,6,11,20
S01011394,202,38,9,29,42,25,17,26,8,23,5,2,3,18
S01011395,264,13,1,12,36,13,24,37,46,66,19,11,8,10
S01011396,266,17,7,10,45,25,19,27,45,51,20,9,11,17
S01011397,261,15,4,11,32,23,18,41,27,55,24,9,15,26
S01011398,254,6,1,5,19,18,18,35,41,73,28,15,13,16
S01011399,181,6,1,5,14,14,14,23,40,47,19,10,9,4
S01011400,253,28,8,20,49,31,20,22,33,43,15,6,9,12
S01011401,233,22,11,11,54,16,19,30,25,39,10,7,3,18
S01011402,289,35,8,27,31,32,30,49,38,48,14,6,8,12
S01011403,195,13,5,8,36,18,12,26,29,41,9,6,3,11
S01011404,323,17,3,14,50,25,23,41,42,79,31,14,17,15
S01011405,213,23,5,18,47,17,17,26,24,29,19,11,8,11
S01011406,228,8,3,5,34,15,17,30,35,60,18,10,8,11
S01011407,386,22,3,19,78,34,39,54,39,80,20,5,15,20
S01011408,274,7,2,5,31,16,18,31,64,78,16,7,9,13
S01011409,267,9,0,9,29,20,23,44,36,65,21,9,12,20
S01011410,211,8,1,7,24,18,16,39,38,45,13,6,7,10
S01011411,234,11,2,9,24,19,23,37,38,59,17,4,13,6
S01011412,322,46,17,29,80,35,36,37,27,31,13,7,6,17
S01011413,229,17,3,14,45,30,18,29,23,32,4,3,1,31
S01011414,296,16,3,13,40,27,26,46,35,66,23,10,13,17
S01011415,340,26,6,20,51,29,30,44,44,75,19,6,13,22
S01011416,258,26,7,19,60,30,28,40,20,27,10,6,4,17
S01011417,286,15,2,13,39,28,37,47,38,56,14,8,6,12
S01011418,201,7,1,6,30,7,10,36,33,55,14,4,10,9
S01011419,212,14,1,13,26,15,13,35,30,57,12,5,7,10
S01011420,191,8,1,7,17,12,17,21,33,46,29,16,13,8
S01011421,205,22,6,16,53,20,16,30,16,30,14,8,6,4
S01011422,238,11,1,10,25,12,16,33,44,59,27,11,16,11
S01011423,187,16,3,13,20,14,7,21,29,42,31,15,16,7
S01011424,203,6,2,4,25,13,16,35,32,57,11,2,9,8
S01011425,301,15,5,10,42,17,34,40,47,58,25,12,13,23
S01011426,362,55,13,42,73,27,54,51,28,46,5,1,4,23
S01011427,267,17,2,15,42,12,30,32,38,65,13,6,7,18
S01011428,203,13,4,9,23,11,19,28,28,63,7,6,1,11
S01011429,765,29,9,20,75,24,94,104,102,204,100,98,2,33
S01011430,328,30,6,24,54,27,38,43,40,67,13,6,7,16
S01011431,390,21,10,11,47,14,34,61,67,102,25,10,15,19
S01011432,397,14,3,11,57,23,23,66,62,112,24,9,15,16
S01011433,292,5,2,3,17,13,14,35,52,104,29,14,15,23
S01011434,203,11,6,5,34,19,15,30,30,49,9,2,7,6
S01011435,341,35,13,22,78,29,36,47,29,53,10,3,7,24
S01011436,274,5,1,4,28,15,22,35,44,82,32,12,20,11
S01011437,272,9,2,7,30,11,29,41,49,65,22,10,12,16
S01011438,197,2,0,2,17,4,19,29,37,55,25,17,8,9
S01011439,336,17,3,14,31,25,29,46,50,93,25,14,11,20
S01011440,213,7,2,5,21,18,17,36,32,69,10,5,5,3
S01011441,299,12,4,8,28,13,21,44,48,88,34,17,17,11
S01011442,237,3,2,1,20,15,24,39,31,80,13,7,6,12
S01011443,222,10,4,6,23,11,14,24,32,78,8,2,6,22
S01011444,275,5,1,4,25,16,28,43,37,86,25,12,13,10
S01011445,192,16,2,14,37,8,18,19,18,58,11,3,8,7
S01011446,185,16,2,14,26,11,37,23,22,34,7,4,3,9
S01011447,280,8,3,5,36,24,32,34,25,86,18,11,7,17
S01011448,355,21,3,18,68,27,45,47,37,67,23,12,11,20
S01011449,206,10,1,9,26,13,22,35,22,54,15,7,8,9
S01011450,224,35,9,26,49,18,31,25,17,30,5,2,3,14
S01011451,281,32,11,21,59,13,48,23,26,24,12,7,5,44
S01011452,388,32,7,25,68,42,52,54,44,63,13,5,8,20
S01011453,266,11,5,6,37,23,19,48,41,62,10,5,5,15
S01011454,264,8,2,6,34,13,21,49,36,64,20,10,10,19
S01011455,257,6,1,5,17,17,24,42,44,72,21,11,10,14
S01011456,305,9,2,7,21,18,37,54,44,77,26,19,7,19
S01011457,326,7,0,7,34,25,18,51,55,98,25,15,10,13
S01011458,415,42,8,34,69,38,43,65,45,66,11,6,5,36
S01011459,370,35,7,28,85,34,33,45,43,68,13,7,6,14
S01011460,244,21,5,16,37,13,19,31,30,63,13,9,4,17
S01011461,272,7,1,6,19,29,18,28,45,76,29,16,13,21
S01011462,361,43,12,31,49,26,33,55,45,68,14,8,6,28
S01011463,258,10,2,8,41,38,28,31,34,51,9,5,4,16
S01011464,224,30,5,25,59,18,23,31,16,26,3,2,1,18
S01011465,189,5,1,4,20,17,12,23,37,38,22,13,9,15
S01011466,213,15,2,13,23,16,17,17,36,61,18,6,12,10
S01011467,197,21,5,16,32,22,13,21,25,41,13,8,5,9
S01011468,310,44,18,26,84,32,28,42,27,26,6,3,3,21
S01011469,312,12,3,9,37,27,20,39,41,68,45,28,17,23
S01011470,398,31,10,21,58,35,42,50,47,79,17,13,4,39
S01011471,323,32,11,21,58,19,23,44,46,67,5,0,5,29
S01011472,380,15,5,10,34,39,26,55,45,88,49,24,25,29
S01011473,248,9,1,8,28,22,12,37,51,59,22,12,10,8
S01011474,285,16,3,13,41,28,12,45,47,64,24,9,15,8
S01011475,204,10,1,9,16,15,14,34,39,44,22,7,15,10
S01011476,185,34,6,28,42,27,9,23,15,16,1,0,1,18
S01011477,331,61,14,47,91,28,29,38,29,30,8,5,3,17
S01011478,389,80,20,60,123,37,38,35,17,15,4,1,3,40
S01011479,297,35,8,27,91,33,28,36,23,25,8,6,2,18
S01011480,354,84,15,69,94,36,37,25,31,22,4,2,2,21
S01011481,286,35,6,29,65,24,22,43,30,42,6,1,5,19
S01011482,320,23,3,20,59,36,18,44,41,63,20,9,11,16
S01011483,207,24,6,18,61,17,20,25,20,17,7,2,5,16
S01011484,300,10,1,9,33,20,18,41,68,69,21,12,9,20
S01011485,326,11,3,8,26,23,15,42,63,78,36,15,21,32
S01011486,173,3,2,1,15,9,9,25,30,55,12,6,6,15
S01011487,373,17,3,14,36,28,28,56,61,87,35,28,7,25
S01011488,239,6,2,4,15,13,18,40,41,70,20,13,7,16
S01011489,274,27,12,15,47,29,28,37,27,41,16,10,6,22
S01011490,346,15,4,11,54,35,31,49,47,85,21,13,8,9
S01011491,180,4,0,4,21,13,8,30,39,38,21,9,12,6
S01011492,297,9,0,9,33,22,14,38,46,79,27,13,14,29
S01011493,188,25,9,16,38,19,19,35,10,23,0,0,0,19
S01011494,262,18,4,14,35,19,15,36,46,65,18,9,9,10
S01011495,297,16,3,13,37,20,12,42,53,68,28,15,13,21
S01011496,213,6,2,4,21,5,15,32,47,56,21,9,12,10
S01011497,249,17,4,13,51,18,33,28,40,33,11,6,5,18
S01011498,276,20,4,16,65,28,27,40,27,38,3,2,1,28
S01011499,310,21,6,15,63,33,33,52,32,47,10,4,6,19
S01011500,198,11,4,7,28,17,14,30,21,54,13,4,9,10
S01011501,231,6,2,4,15,11,19,26,38,84,19,10,9,13
S01011502,269,9,4,5,26,24,17,50,45,72,15,7,8,11
S01011503,227,8,3,5,30,16,20,27,27,71,16,10,6,12
S01011504,215,12,2,10,33,17,25,32,29,43,9,6,3,15
S01011505,259,19,3,16,33,19,15,36,40,62,27,12,15,8
S01011506,162,9,3,6,28,14,16,21,16,45,7,4,3,6
S01011507,222,11,4,7,30,14,18,32,37,59,12,9,3,9
S01011508,388,40,10,30,52,33,38,60,40,93,14,9,5,18
S01011509,243,13,5,8,35,20,16,49,29,55,11,4,7,15
S01011510,355,9,5,4,51,14,27,57,76,72,20,8,12,29
S01011511,198,4,0,4,17,10,13,18,36,68,22,6,16,10
S01011512,301,7,1,6,19,22,17,45,64,82,29,14,15,16
S01011513,273,4,0,4,28,16,16,46,40,76,36,15,21,11
S01011514,329,10,2,8,26,19,27,45,48,101,21,7,14,32
S01011515,209,7,3,4,30,20,21,38,33,44,9,6,3,7
S01011516,350,34,9,25,80,39,31,57,38,36,9,4,5,26
S01011517,195,9,3,6,27,13,16,34,34,43,8,1,7,11
S01011518,243,6,2,4,21,10,24,43,40,69,23,13,10,7
S01011519,301,8,3,5,38,22,18,38,50,84,26,10,16,17
S01011520,201,6,0,6,16,10,13,27,28,63,28,13,15,10
S01011521,327,13,6,7,40,40,24,43,48,71,35,20,15,13
S01011522,319,13,4,9,41,28,27,42,57,71,24,10,14,16
S01011523,312,8,1,7,28,14,30,44,57,92,24,13,11,15
S01011524,351,32,6,26,54,31,29,55,49,69,14,5,9,18
S01011525,324,26,9,17,53,25,24,56,46,70,6,6,0,18
S01011526,370,22,2,20,64,28,25,66,53,80,18,10,8,14
S01011527,270,31,16,15,45,20,30,41,39,44,6,3,3,14
S01011528,341,20,9,11,44,25,24,51,59,73,20,6,14,25
S01011529,161,7,2,5,15,16,14,15,33,35,18,5,13,8
S01011530,355,23,3,20,26,25,24,48,51,98,40,24,16,20
S01011531,385,41,6,35,92,43,49,45,35,57,4,2,2,19
S01011532,229,28,9,19,45,18,34,32,13,32,5,2,3,22
S01011533,242,13,4,9,19,16,20,38,34,68,26,17,9,8
S01011534,280,21,2,19,41,28,26,34,38,59,18,9,9,15
S01011535,300,11,3,8,24,18,19,37,57,79,38,23,15,17
S01011536,273,38,8,30,60,35,36,27,23,31,6,0,6,17
S01011537,204,24,5,19,37,32,13,31,13,33,5,1,4,16
S01011538,258,46,13,33,60,17,27,18,27,27,2,0,2,34
S01011539,284,15,2,13,27,17,18,40,40,81,28,15,13,18
S01011540,369,13,3,10,54,20,41,49,59,99,15,7,8,19
S01011541,314,6,1,5,24,12,33,44,62,88,17,12,5,28
S01011542,338,9,4,5,21,30,27,50,56,97,28,9,19,20
S01011543,275,6,2,4,18,22,19,38,57,74,22,16,6,19
S01011544,252,7,2,5,29,13,21,27,42,79,18,10,8,16
S01011545,216,6,3,3,17,11,17,47,39,55,14,7,7,10
S01011546,266,42,14,28,69,21,37,22,21,22,1,1,0,31
S01011547,198,20,4,16,63,12,26,23,12,21,6,3,3,15
S01011548,255,19,7,12,37,18,25,33,36,64,6,1,5,17
S01011549,311,32,7,25,69,26,32,38,25,53,12,2,10,24
S01011550,274,38,3,35,79,33,30,26,19,22,5,1,4,22
S01011551,192,12,1,11,40,19,22,34,18,26,8,2,6,13
S01011552,270,16,1,15,51,27,31,38,32,27,16,6,10,32
S01011553,299,53,8,45,81,17,51,24,13,21,11,6,5,28
S01011554,305,14,4,10,33,23,34,46,39,92,10,5,5,14
S01011555,208,2,1,1,15,13,13,32,29,63,20,17,3,21
S01011556,185,6,2,4,21,10,19,22,35,44,21,9,12,7
S01011557,260,6,5,1,35,17,17,34,54,71,16,11,5,10
S01011558,209,6,3,3,26,15,20,31,26,56,17,8,9,12
S01011559,231,4,1,3,18,13,21,39,37,57,30,14,16,12
S01011560,277,9,5,4,27,12,15,27,50,103,21,9,12,13
S01011561,279,2,0,2,21,16,18,45,41,80,34,19,15,22
S01011562,202,4,0,4,17,17,18,26,27,55,25,20,5,13
S01011563,243,3,1,2,20,18,20,26,41,62,23,16,7,30
S01011564,340,13,3,10,53,21,34,63,31,85,19,7,12,21
S01011565,331,11,3,8,38,19,26,54,59,87,24,10,14,13
S01011566,299,9,2,7,21,26,22,50,46,80,26,15,11,19
S01011567,347,12,1,11,33,33,35,41,54,99,24,19,5,16
S01011568,302,21,5,16,37,28,30,39,54,57,21,16,5,15
S01011569,340,26,9,17,47,23,28,60,54,73,15,9,6,14
S01011570,254,10,5,5,27,29,21,32,44,67,15,8,7,9
S01011571,249,7,0,7,24,18,23,35,48,74,13,6,7,7
S01011572,225,16,2,14,44,15,23,27,31,44,15,9,6,10
S01011573,388,32,8,24,79,28,43,48,42,75,19,10,9,22
S01011574,273,18,8,10,45,23,37,43,30,58,8,7,1,11
S01011575,192,7,2,5,24,12,12,23,39,40,13,6,7,22
S01011576,284,5,1,4,16,24,22,31,57,82,30,15,15,17
S01011577,267,16,3,13,41,25,27,33,42,54,18,12,6,11
S01011578,303,11,4,7,43,14,21,30,50,86,25,13,12,23
S01011579,406,63,16,47,111,32,57,44,33,20,8,3,5,38
S01011580,255,18,2,16,40,23,26,36,23,51,19,9,10,19
S01011581,285,14,3,11,24,18,24,45,46,80,28,15,13,6
S01011582,415,60,13,47,108,47,47,38,42,39,4,3,1,30
S01011583,239,11,4,7,43,18,16,43,30,52,15,6,9,11
S01011584,272,7,2,5,24,34,10,40,49,83,18,11,7,7
S01011585,230,8,3,5,30,15,16,33,46,51,12,7,5,19
S01011586,216,3,1,2,23,16,11,30,35,67,15,8,7,16
S01011587,179,7,4,3,19,13,14,24,30,44,15,9,6,13
S01011588,264,9,6,3,22,20,28,43,42,65,16,8,8,19
S01011589,308,11,4,7,45,21,27,41,50,80,12,9,3,21
S01011590,247,10,1,9,27,20,24,44,29,62,21,10,11,10
S01011591,248,5,0,5,23,12,21,32,33,74,32,14,18,16
S01011592,238,11,2,9,20,16,22,28,40,62,33,17,16,6
S01011593,249,22,7,15,41,22,21,33,31,52,12,7,5,15
S01011594,177,9,3,6,19,16,27,28,27,40,1,1,0,10
S01011595,251,33,5,28,55,30,29,22,20,43,6,2,4,13
S01011596,366,42,9,33,77,32,31,33,53,57,20,14,6,21
S01011597,219,17,4,13,46,20,18,37,30,29,8,5,3,14
S01011598,390,8,1,7,22,26,25,44,79,90,81,28,53,15
S01011599,283,11,2,9,37,34,20,33,46,70,16,6,10,16
S01011600,273,15,2,13,40,23,22,46,39,63,8,7,1,17
S01011601,312,31,11,20,61,29,27,47,33,48,4,0,4,32
S01011602,222,18,5,13,23,13,17,24,41,58,18,12,6,10
S01011603,271,8,1,7,29,22,20,38,40,85,21,9,12,8
S01011604,221,4,2,2,27,11,19,31,28,71,22,10,12,8
S01011605,302,7,2,5,27,24,39,53,51,74,15,7,8,12
S01011606,358,42,8,34,83,49,34,45,29,45,6,2,4,25
S01011607,225,32,9,23,41,22,26,33,18,32,7,2,5,14
S01011608,361,30,10,20,74,36,45,58,34,56,9,4,5,19
S01011609,341,8,0,8,20,16,32,49,50,95,52,32,20,19
S01011610,282,10,2,8,22,20,18,29,58,76,32,23,9,17
S01011611,261,21,7,14,49,23,19,40,27,47,8,3,5,27
S01011612,220,37,4,33,66,23,31,18,16,16,3,3,0,10
S01011613,366,51,15,36,98,29,52,46,17,46,7,3,4,20
S01011614,163,14,6,8,34,18,16,17,14,32,9,6,3,9
S01011615,246,11,4,7,35,11,24,38,32,64,15,9,6,16
S01011616,145,9,2,7,14,10,16,20,17,39,19,9,10,1
S01011617,295,7,3,4,17,20,25,39,41,102,30,17,13,14
S01011618,201,7,1,6,28,12,15,30,29,57,13,9,4,10
S01011619,391,49,11,38,91,46,29,46,39,60,10,4,6,21
S01011620,398,51,9,42,99,43,38,53,31,52,6,3,3,25
S01011621,270,21,6,15,44,20,24,44,37,49,13,6,7,18
S01011622,243,40,9,31,63,24,33,20,19,28,2,0,2,14
S01011623,244,9,2,7,27,23,30,30,33,64,14,10,4,14
S01011624,236,20,6,14,54,22,26,26,19,47,9,4,5,13
S01011625,198,9,2,7,33,16,19,28,30,42,11,4,7,10
S01011626,311,35,14,21,67,28,32,43,26,41,5,0,5,34
S01011627,252,30,8,22,62,23,21,35,27,33,5,4,1,16
S01011628,408,41,9,32,89,42,52,48,34,63,9,4,5,30
S01011629,211,3,2,1,24,15,16,29,39,59,14,4,10,12
S01011630,226,11,2,9,15,17,25,40,27,63,16,7,9,12
S01011631,213,4,2,2,14,11,15,37,32,65,23,14,9,12
S01011632,240,8,1,7,18,17,30,26,40,67,26,13,13,8
S01011633,247,12,3,9,16,17,13,36,31,83,24,10,14,15
S01011634,189,7,2,5,19,14,10,29,25,52,23,16,7,10
S01011635,236,8,2,6,24,9,23,35,47,57,20,13,7,13
S01011636,233,10,2,8,10,23,13,36,47,66,19,13,6,9
S01011637,245,5,0,5,39,19,19,33,29,57,30,15,15,14
S01011638,174,7,3,4,29,8,21,14,21,52,12,4,8,10
S01011639,190,8,0,8,21,22,11,28,26,50,17,12,5,7
S01011640,241,10,5,5,24,15,17,40,30,64,22,8,14,19
S01011641,180,18,1,17,40,16,21,19,24,24,3,3,0,15
S01011642,297,32,7,25,56,33,23,40,31,44,18,5,13,20
S01011643,216,31,6,25,48,21,28,23,16,32,7,5,2,10
S01011644,229,23,2,21,51,20,26,30,24,34,2,2,0,19
S01011645,168,8,3,5,28,17,20,24,18,39,7,3,4,7
S01011646,273,44,8,36,60,36,24,34,21,28,3,2,1,23
S01011647,314,36,12,24,79,33,30,37,27,37,7,6,1,28
S01011648,243,29,4,25,48,23,26,29,29,40,11,5,6,8
S01011649,173,10,5,5,26,26,13,24,24,40,5,0,5,5
S01011650,249,30,10,20,59,23,27,26,25,40,11,4,7,8
S01011651,350,30,7,23,71,31,21,43,42,74,15,4,11,23
S01011652,297,37,9,28,50,38,25,36,35,41,14,10,4,21
S01011653,304,10,2,8,29,21,29,51,33,86,32,17,15,13
S01011654,350,33,6,27,46,21,42,29,43,65,51,21,30,20
S01011655,303,7,0,7,32,17,35,48,47,77,34,11,23,6
S01011656,227,5,1,4,20,13,15,28,30,62,33,14,19,21
S01011657,196,11,3,8,16,9,14,23,31,50,34,21,13,8
S01011658,257,9,2,7,19,10,33,35,47,62,23,13,10,19
S01011659,274,12,4,8,21,21,25,41,41,80,22,8,14,11
S01011660,361,33,10,23,73,24,36,46,47,64,12,4,8,26
S01011661,201,9,3,6,21,16,28,27,20,57,11,6,5,12
S01011662,240,27,5,22,58,21,35,23,25,34,6,5,1,11
S01011663,368,8,0,8,33,23,27,58,43,101,43,19,24,32
S01011664,377,7,2,5,26,20,30,48,63,121,37,25,12,25
S01011665,309,17,2,15,41,22,19,35,52,76,25,9,16,22
S01011666,311,12,2,10,38,28,19,36,38,82,37,16,21,21
S01011667,292,25,6,19,36,23,30,37,42,74,16,11,5,9
S01011668,353,9,2,7,25,26,18,51,60,102,34,22,12,28
S01011669,241,35,7,28,43,21,39,22,20,33,11,4,7,17
S01011670,186,2,0,2,19,11,18,23,28,56,18,10,8,11
S01011671,233,26,5,21,42,21,32,21,29,42,9,3,6,11
S01011672,202,17,5,12,20,7,20,23,33,51,14,10,4,17
S01011673,245,10,2,8,16,18,22,42,23,68,28,13,15,18
S01011674,366,27,5,22,64,39,20,46,48,82,22,12,10,18
S01011675,328,19,5,14,42,13,28,47,45,97,25,18,7,12
S01011676,237,6,0,6,19,13,10,42,18,91,24,12,12,14
S01011677,228,17,7,10,50,26,21,28,8,40,20,9,11,18
S01011678,168,7,1,6,11,9,20,34,21,43,17,10,7,6
S01011679,190,13,5,8,44,14,19,34,22,34,3,1,2,7
S01011680,389,16,7,9,33,32,32,46,50,122,36,18,18,22
S01011681,286,13,5,8,40,17,23,39,50,75,9,4,5,20
S01011682,246,17,5,12,30,14,51,29,20,38,33,24,9,14
S01011683,298,8,0,8,23,23,34,51,33,85,21,12,9,20
S01011684,196,14,3,11,35,10,22,27,23,47,6,2,4,12
S01011685,291,30,11,19,66,20,47,28,23,50,1,1,0,26
S01011686,319,35,9,26,66,21,52,44,22,53,4,1,3,22
S01011687,320,19,2,17,46,27,24,43,40,74,22,10,12,25
S01011688,305,39,12,27,55,19,44,34,30,52,12,8,4,20
S01011689,260,39,13,26,48,24,40,25,15,34,11,6,5,24
S01011690,353,41,10,31,68,30,52,47,28,48,25,11,14,14
S01011691,211,29,9,20,44,15,18,22,26,41,3,2,1,13
S01011692,400,15,3,12,41,33,29,52,61,123,26,15,11,20
S01011693,303,31,5,26,71,29,33,40,26,41,13,6,7,19
S01011694,181,29,7,22,43,14,17,20,11,28,7,5,2,12
S01011695,324,49,13,36,77,24,41,40,26,47,5,4,1,15
S01011696,346,84,12,72,103,24,48,25,19,20,5,2,3,18
S01011697,340,55,12,43,91,23,37,34,32,36,16,8,8,16
S01011698,243,3,0,3,37,14,29,45,25,58,13,3,10,19
S01011699,351,44,15,29,73,38,41,54,30,33,5,3,2,33
S01011700,272,23,9,14,59,22,33,37,29,35,9,5,4,25
S01011701,378,68,12,56,93,33,51,38,30,32,9,6,3,24
S01011702,251,38,9,29,50,22,33,30,21,32,11,6,5,14
S01011703,220,37,7,30,59,14,40,23,11,15,6,3,3,15
S01011704,250,46,5,41,60,21,25,29,23,18,3,2,1,25
S01011705,251,15,6,9,38,18,32,30,31,51,17,8,9,19
S01011706,370,27,6,21,55,29,43,51,58,66,16,10,6,25
S01011707,257,26,7,19,73,29,22,37,28,26,4,0,4,12
S01011708,316,15,4,11,57,35,30,37,44,60,18,12,6,20
S01011709,340,34,7,27,54,21,37,48,34,66,23,11,12,23
S01011710,203,2,1,1,16,17,19,29,40,50,18,2,16,12
S01011711,214,8,1,7,20,18,21,28,19,71,19,9,10,10
S01011712,196,16,4,12,28,17,25,34,26,33,10,3,7,7
S01011713,335,27,7,20,59,33,42,48,43,57,10,6,4,16
S01011714,196,20,2,18,37,15,27,27,21,28,6,2,4,15
S01011715,201,12,0,12,27,15,16,36,24,51,11,2,9,9
S01011716,332,25,7,18,87,33,48,35,32,43,7,4,3,22
S01011717,289,26,7,19,59,22,34,38,34,50,9,4,5,17
S01011718,284,39,8,31,75,20,41,33,18,34,11,7,4,13
S01011719,257,31,9,22,59,32,35,29,17,24,2,0,2,28
S01011720,222,32,9,23,65,17,29,15,15,25,1,1,0,23
S01011721,257,14,2,12,33,24,22,38,36,60,17,6,11,13
S01011722,244,12,1,11,37,22,26,27,37,49,13,5,8,21
S01011723,351,24,6,18,53,35,36,54,36,76,12,7,5,25
S01011724,245,24,3,21,41,29,25,29,20,35,16,11,5,26
S01011725,246,33,7,26,57,22,32,27,21,28,4,1,3,22
S01011726,206,25,5,20,52,25,22,23,10,29,7,6,1,13
S01011727,281,55,12,43,82,20,44,24,17,18,5,1,4,16
S01011728,344,16,4,12,51,27,42,52,48,71,15,12,3,22
S01011729,243,11,2,9,37,17,18,43,34,44,24,14,10,15
S01011730,355,35,7,28,66,41,39,53,42,58,5,2,3,16
S01011731,292,11,1,10,34,26,31,46,47,67,7,4,3,23
S01011732,318,41,13,28,77,42,34,36,24,32,6,2,4,26
S01011733,319,14,3,11,52,28,33,40,44,77,8,2,6,23
S01011734,301,26,7,19,53,24,29,52,38,50,6,2,4,23
S01011735,290,40,11,29,64,25,35,27,26,38,10,2,8,25
S01011736,254,10,1,9,36,27,21,31,44,52,9,5,4,24
S01011737,237,11,2,9,36,31,27,18,29,51,17,11,6,17
S01011738,392,27,9,18,64,35,41,41,54,82,19,11,8,29
S01011739,192,4,1,3,20,22,13,32,41,36,13,5,8,11
S01011740,283,9,3,6,36,18,16,37,43,62,31,15,16,31
S01011741,244,13,5,8,27,23,16,33,35,68,12,4,8,17
S01011742,261,19,1,18,39,24,21,34,45,43,13,5,8,23
S01011743,264,12,0,12,47,37,20,36,33,51,7,3,4,21
S01011744,272,20,5,15,45,18,30,33,39,58,17,9,8,12
S01011745,220,6,3,3,30,12,20,28,38,63,11,8,3,12
S01011746,193,3,1,2,19,15,16,22,37,54,15,4,11,12
S01011747,332,8,2,6,35,23,20,43,61,80,31,14,17,31
S01011748,280,8,2,6,27,24,13,36,53,67,27,11,16,25
S01011749,296,11,2,9,31,20,16,30,52,75,42,23,19,19
S01011750,301,11,3,8,42,28,29,37,41,71,15,5,10,27
S01011751,377,15,5,10,41,31,20,41,71,90,34,10,24,34
S01011752,330,9,1,8,59,29,29,54,52,68,11,5,6,19
S01011753,292,28,10,18,69,22,25,33,49,36,10,2,8,20
S01011754,246,14,4,10,30,20,19,47,38,51,6,2,4,21
S01011755,384,18,4,14,60,34,33,47,70,82,23,7,16,17
S01011756,351,14,3,11,46,33,26,43,50,80,21,7,14,38
S01011757,246,11,1,10,30,26,21,34,33,58,15,4,11,18
S01011758,230,16,7,9,25,31,18,29,32,52,14,9,5,13
S01011759,297,19,4,15,25,32,25,50,42,74,13,6,7,17
S01011760,331,11,2,9,53,39,27,42,47,80,15,8,7,17
S01011761,234,13,3,10,33,17,17,27,32,71,8,3,5,16
S01011762,240,17,5,12,33,22,19,32,34,51,12,6,6,20
S01011763,280,15,7,8,38,33,31,50,30,55,13,6,7,15
S01011764,154,7,1,6,32,12,8,26,24,28,5,1,4,12
S01011765,383,46,8,38,81,38,46,35,30,50,7,4,3,50
S01011766,190,27,11,16,45,17,31,12,15,32,1,0,1,10
S01011767,329,15,6,9,43,18,37,40,48,78,26,10,16,24
S01011768,255,10,2,8,24,26,19,31,35,63,28,13,15,19
S01011769,233,15,3,12,29,21,28,32,37,49,10,5,5,12
S01011770,312,19,4,15,24,39,19,33,62,69,26,11,15,21
S01011771,246,38,8,30,59,20,32,26,15,23,6,4,2,27
S01011772,423,84,25,59,124,30,61,33,17,22,8,4,4,44
S01011773,217,35,8,27,51,18,20,31,21,14,4,2,2,23
S01011774,325,43,10,33,80,34,35,38,23,33,10,5,5,29
S01011775,232,57,20,37,61,23,19,17,21,14,3,3,0,17
S01011776,365,80,21,59,107,31,47,28,19,21,9,5,4,23
S01011777,221,44,7,37,71,25,19,21,15,18,1,0,1,7
S01011778,225,50,13,37,53,26,28,16,14,9,4,0,4,25
S01011779,288,47,8,39,70,35,37,35,23,17,6,0,6,18
S01011780,358,73,21,52,81,36,55,27,23,27,3,1,2,33
S01011781,210,37,12,25,47,13,23,20,23,22,2,0,2,23
S01011782,281,48,12,36,67,21,32,30,24,25,4,1,3,30
S01011783,243,35,7,28,55,23,27,26,16,23,8,6,2,30
S01011784,264,10,1,9,40,30,27,33,35,52,8,5,3,29
S01011785,292,24,5,19,56,36,24,27,46,56,4,1,3,19
S01011786,143,25,8,17,39,12,19,18,2,6,3,2,1,19
S01011787,368,15,6,9,38,16,50,50,38,94,43,22,21,24
S01011788,256,65,21,44,62,16,57,8,6,8,4,2,2,30
S01011789,241,19,5,14,42,16,42,40,22,44,4,3,1,12
S01011790,350,29,9,20,48,17,65,41,39,64,22,16,6,25
S01011791,249,11,1,10,32,21,34,41,28,59,8,5,3,15
S01011792,322,22,6,16,57,28,45,34,40,71,12,7,5,13
S01011793,249,27,6,21,51,14,33,37,26,39,7,5,2,15
S01011794,310,12,5,7,37,32,46,43,24,72,20,8,12,24
S01011795,246,10,3,7,32,21,21,43,40,60,11,4,7,8
S01011796,257,7,0,7,33,15,29,45,28,63,19,5,14,18
S01011797,399,56,19,37,88,34,53,49,29,48,6,4,2,36
S01011798,190,5,1,4,29,9,31,22,28,43,13,8,5,10
S01011799,342,34,9,25,63,22,38,57,39,58,14,10,4,17
S01011800,189,5,1,4,22,11,25,34,25,56,7,3,4,4
S01011801,208,12,6,6,21,10,20,24,38,43,20,10,10,20
S01011802,240,14,7,7,32,17,30,33,32,58,12,1,11,12
S01011803,200,15,5,10,15,13,32,36,30,43,6,3,3,10
S01011804,262,17,5,12,50,10,32,43,41,53,7,3,4,9
S01011805,205,13,0,13,37,6,34,30,38,27,4,2,2,16
S01011806,276,22,7,15,56,10,52,48,35,39,4,0,4,10
S01011807,421,39,7,32,74,15,128,51,41,52,4,4,0,17
S01011808,231,17,4,13,41,7,35,30,30,51,7,2,5,13
S01011809,275,30,7,23,50,15,60,32,29,46,6,4,2,7
S01011810,352,28,6,22,46,22,76,51,44,68,11,6,5,6
S01011811,391,24,4,20,67,8,117,53,40,65,4,1,3,13
S01011812,250,33,5,28,56,9,70,24,22,21,2,1,1,13
S01011813,279,15,4,11,45,6,69,42,36,56,2,2,0,8
S01011814,250,19,4,15,51,6,71,14,38,43,2,0,2,6
S01011815,284,21,5,16,53,15,53,28,45,51,2,1,1,16
S01011816,233,30,11,19,58,17,46,31,15,23,0,0,0,13
S01011817,283,24,8,16,56,2,64,51,29,44,3,0,3,10
S01011818,385,30,10,20,75,15,42,58,62,85,5,4,1,13
S01011819,335,17,5,12,49,17,39,58,46,91,6,4,2,12
S01011820,240,20,4,16,47,14,29,40,25,47,7,4,3,11
S01011821,156,4,1,3,23,9,14,23,28,42,9,3,6,4
S01011822,278,17,4,13,38,11,31,58,51,59,7,6,1,6
S01011823,206,13,5,8,41,15,25,27,35,39,6,5,1,5
S01011824,262,7,1,6,44,17,26,45,39,73,5,3,2,6
S01011825,199,13,2,11,50,7,19,26,38,28,8,8,0,10
S01011826,244,18,6,12,42,11,31,35,34,55,4,1,3,14
S01011827,213,13,4,9,42,6,54,34,19,33,8,5,3,4
S01011828,365,27,5,22,53,19,111,42,47,46,6,4,2,14
S01011829,166,14,4,10,29,9,39,25,15,29,1,0,1,5
S01011830,225,12,4,8,34,10,96,19,24,21,5,3,2,4
S01011831,349,31,3,28,42,10,137,25,59,18,11,7,4,16
S01011832,315,18,5,13,52,12,130,30,36,28,4,3,1,5
S01011833,342,79,25,54,95,13,53,23,25,21,15,9,6,18
S01011834,171,48,12,36,44,12,22,19,4,9,4,2,2,9
S01011835,257,55,12,43,63,20,51,13,15,18,9,5,4,13
S01011836,304,72,16,56,81,19,49,23,24,13,5,2,3,18
S01011837,247,51,9,42,52,12,53,23,19,15,13,12,1,9
S01011838,321,75,17,58,87,29,30,35,20,20,2,1,1,23
S01011839,351,73,21,52,77,26,49,37,36,32,7,4,3,14
S01011840,350,55,19,36,79,30,36,47,30,43,6,3,3,24
S01011841,318,42,16,26,72,27,43,38,27,41,10,4,6,18
S01011842,347,34,8,26,53,23,32,55,33,75,19,8,11,23
S01011843,367,79,20,59,81,15,93,27,24,23,4,2,2,21
S01011844,240,82,18,64,59,12,31,8,13,17,0,0,0,18
S01011845,285,36,17,19,65,18,45,38,26,36,2,2,0,19
S01011846,303,70,21,49,63,15,49,20,21,41,3,2,1,21
S01011847,164,41,11,30,54,9,30,10,8,8,1,1,0,3
S01011848,250,50,5,45,51,13,58,16,25,24,1,0,1,12
S01011849,290,48,16,32,49,19,42,43,43,32,5,2,3,9
S01011850,257,42,18,24,60,13,62,26,28,17,1,1,0,8
S01011851,311,35,7,28,52,12,59,42,30,52,16,5,11,13
S01011852,346,34,5,29,53,16,55,56,38,66,8,3,5,20
S01011853,263,39,9,30,53,13,38,43,27,33,6,3,3,11
S01011854,269,32,6,26,63,4,42,40,29,38,4,2,2,17
S01011855,292,22,2,20,27,9,43,50,37,80,10,4,6,14
S01011856,232,59,17,42,68,10,42,18,6,8,3,1,2,18
S01011857,240,33,11,22,55,10,56,29,20,20,6,5,1,11
S01011858,254,51,14,37,59,10,49,24,18,20,5,3,2,18
S01011859,276,40,10,30,46,11,55,36,28,37,9,7,2,14
S01011860,259,29,5,24,56,7,40,46,25,35,6,4,2,15
S01011861,286,42,12,30,62,10,79,26,13,38,4,3,1,12
S01011862,347,71,22,49,101,13,35,47,29,20,2,1,1,29
S01011863,266,71,18,53,48,11,26,32,20,26,12,10,2,20
S01011864,257,43,12,31,62,14,40,23,26,28,2,1,1,19
S01011865,202,24,6,18,41,16,22,34,17,33,7,4,3,8
S01011866,272,25,3,22,57,11,48,40,30,39,7,2,5,15
S01011867,320,18,4,14,49,12,43,56,44,76,6,3,3,16
S01011868,297,31,6,25,65,15,54,34,38,35,7,3,4,18
S01011869,303,38,4,34,52,15,47,42,39,47,11,8,3,12
S01011870,246,22,6,16,43,10,31,35,37,48,6,5,1,14
S01011871,382,51,14,37,84,12,92,46,31,38,10,8,2,18
S01011872,329,66,13,53,77,10,83,28,22,22,3,2,1,18
S01011873,292,47,10,37,64,28,41,38,25,26,5,5,0,18
S01011874,240,20,7,13,52,21,44,34,29,24,3,0,3,13
S01011875,230,25,5,20,34,18,26,28,30,52,6,5,1,11
S01011876,353,60,16,44,90,16,72,33,36,28,6,4,2,12
S01011877,205,22,5,17,42,12,35,30,23,36,0,0,0,5
S01011878,467,64,21,43,89,21,58,34,31,34,8,5,3,128
S01011879,204,47,18,29,46,10,35,17,10,14,7,3,4,18
S01011880,221,49,14,35,46,9,45,19,16,21,2,1,1,14
S01011881,269,42,9,33,53,21,34,25,30,39,9,5,4,16
S01011882,333,27,5,22,61,30,43,45,40,57,19,14,5,11
S01011883,357,72,13,59,95,29,48,37,24,31,7,2,5,14
S01011884,167,26,7,19,44,12,37,13,12,16,2,1,1,5
S01011885,238,58,7,51,67,18,38,13,16,14,2,0,2,12
S01011886,304,61,9,52,63,15,42,42,20,33,2,0,2,26
S01011887,215,24,3,21,29,19,28,29,32,34,4,2,2,16
S01011888,281,15,1,14,40,19,30,45,36,55,19,11,8,22
S01011889,305,53,13,40,76,24,38,23,34,36,6,5,1,15
S01011890,251,40,10,30,51,22,24,31,19,39,9,6,3,16
S01011891,795,24,3,21,51,40,71,121,115,204,148,139,9,21
S01011892,382,55,11,44,91,34,41,40,48,45,3,1,2,25
S01011893,355,45,10,35,76,40,28,52,42,52,11,4,7,9
S01011894,243,23,5,18,43,24,22,26,36,45,7,5,2,17
S01011895,221,59,6,53,46,18,31,19,9,15,1,0,1,23
S01011896,292,49,7,42,62,40,27,39,26,26,6,5,1,17
S01011897,318,62,12,50,85,19,33,37,29,31,5,2,3,17
S01011898,235,72,10,62,60,23,31,10,5,9,3,2,1,22
S01011899,270,39,12,27,73,36,18,32,27,30,4,4,0,11
S01011900,276,61,12,49,77,36,30,17,21,11,4,2,2,19
S01011901,308,76,19,57,66,31,44,24,25,28,4,1,3,10
S01011902,377,80,15,65,111,31,38,33,32,29,4,3,1,19
S01011903,274,42,9,33,85,30,32,24,20,24,7,6,1,10
S01011904,261,53,13,40,73,28,22,21,25,20,6,4,2,13
S01011905,271,64,15,49,63,23,35,23,16,16,6,4,2,25
S01011906,154,17,3,14,47,16,13,17,16,18,3,2,1,7
S01011907,282,32,5,27,59,33,22,59,26,33,3,2,1,15
S01011908,141,16,4,12,37,17,9,23,19,10,4,1,3,6
S01011909,370,44,10,34,87,51,34,53,44,38,4,1,3,15
S01011910,301,15,3,12,34,18,31,50,36,76,28,17,11,13
S01011911,211,9,2,7,34,19,17,39,25,50,9,6,3,9
S01011912,246,10,3,7,33,14,21,46,32,68,7,3,4,15
S01011913,247,17,4,13,33,18,19,38,34,66,14,6,8,8
S01011914,274,9,2,7,30,19,31,42,46,64,22,14,8,11
S01011915,292,15,3,12,32,15,27,48,44,77,13,9,4,21
S01011916,191,5,1,4,17,14,14,33,32,49,12,9,3,15
S01011917,158,2,1,1,23,10,10,26,22,50,5,4,1,10
S01011918,256,9,1,8,21,14,26,30,45,64,30,15,15,17
S01011919,373,27,6,21,45,19,21,51,40,67,26,19,7,77
S01011920,231,9,1,8,14,23,24,36,28,67,14,7,7,16
S01011921,187,14,1,13,11,17,15,32,32,50,7,4,3,9
S01011922,288,9,2,7,33,20,16,43,55,87,12,6,6,13
S01011923,304,9,3,6,42,21,18,42,62,75,19,10,9,16
S01011924,161,8,3,5,20,12,11,25,22,45,5,1,4,13
S01011925,275,40,12,28,69,21,26,40,27,33,5,4,1,14
S01011926,223,9,1,8,23,13,23,33,48,54,8,4,4,12
S01011927,213,7,1,6,26,22,14,30,41,48,8,5,3,17
S01011928,262,14,3,11,28,19,34,50,32,68,3,2,1,14
S01011929,252,6,1,5,27,29,11,41,46,65,12,6,6,15
S01011930,218,10,4,6,27,21,14,31,33,57,8,5,3,17
S01011931,221,8,2,6,28,17,19,30,27,64,18,10,8,10
S01011932,238,22,1,21,32,21,18,37,30,50,12,9,3,16
S01011933,271,14,0,14,33,26,20,41,40,57,17,9,8,23
S01011934,436,43,12,31,74,27,44,42,51,77,7,3,4,71
S01011935,381,29,4,25,52,26,29,44,54,90,14,4,10,43
S01011936,280,39,2,37,51,24,19,33,35,33,17,8,9,29
S01011937,303,42,6,36,46,28,22,30,36,51,13,11,2,35
S01011938,264,36,10,26,65,16,39,21,28,37,11,6,5,11
S01011939,353,24,5,19,51,25,26,46,54,59,32,12,20,36
S01011940,186,17,4,13,25,13,12,25,31,37,11,6,5,15
S01011941,372,31,1,30,57,35,26,46,66,62,20,7,13,29
S01011942,381,23,3,20,51,36,21,49,55,85,16,7,9,45
S01011943,509,27,3,24,70,36,39,58,88,99,48,26,22,44
S01011944,164,38,7,31,42,5,27,17,14,6,4,2,2,11
S01011945,305,95,23,72,80,13,36,16,14,23,20,20,0,8
S01011946,277,40,11,29,39,24,28,39,44,32,13,5,8,18
S01011947,173,21,2,19,45,22,10,31,17,18,0,0,0,9
S01011948,383,74,8,66,82,24,39,35,34,37,43,36,7,15
S01011949,246,50,15,35,77,22,37,18,12,18,0,0,0,12
S01011950,232,34,8,26,49,25,22,27,31,31,5,2,3,8
S01011951,223,25,7,18,54,25,33,26,13,30,8,3,5,9
S01011952,168,37,11,26,51,16,18,17,15,5,2,1,1,7
S01011953,252,50,10,40,55,22,35,23,20,24,2,0,2,21
S01011954,166,15,6,9,31,19,15,27,18,28,4,1,3,9
S01011955,320,26,3,23,58,25,42,45,41,59,13,8,5,11
S01011956,351,75,11,64,90,27,41,32,26,38,3,2,1,19
S01011957,401,50,16,34,63,13,61,50,78,37,14,7,7,35
S01011958,403,57,10,47,85,14,93,44,43,52,2,0,2,13
S01011959,318,41,11,30,60,14,70,34,22,35,22,21,1,20
S01011960,294,67,13,54,79,18,46,34,17,23,2,1,1,8
S01011961,248,33,7,26,53,22,27,33,30,34,5,2,3,11
S01011962,254,53,15,38,63,18,49,22,11,21,0,0,0,17
S01011963,172,29,5,24,36,14,14,17,20,28,5,3,2,9
S01011964,370,69,10,59,75,28,38,55,36,51,9,5,4,9
S01011965,267,46,11,35,52,22,18,43,22,30,9,7,2,25
S01011966,288,77,20,57,58,27,30,25,21,22,8,4,4,20
S01011967,515,81,14,67,80,30,87,51,59,78,24,22,2,25
S01011968,348,58,9,49,74,33,40,49,30,36,6,2,4,22
S01011969,379,31,5,26,63,19,33,64,54,94,7,4,3,14
S01011970,356,17,6,11,25,10,40,58,77,98,17,11,6,14
S01011971,197,33,10,23,31,11,33,29,20,27,4,2,2,9
S01011972,457,48,13,35,97,15,114,45,52,48,14,10,4,24
S01011973,230,36,11,25,44,9,40,17,34,35,3,0,3,12
S01011974,308,45,14,31,63,18,53,43,39,27,9,6,3,11
S01011975,174,24,3,21,35,2,32,28,16,28,2,2,0,7
S01011976,270,31,9,22,48,15,49,46,18,42,9,5,4,12
S01011977,438,45,13,32,73,32,73,59,41,75,17,10,7,23
S01011978,208,14,3,11,34,9,27,29,39,43,5,3,2,8
S01011979,379,48,12,36,94,15,86,27,48,37,4,4,0,20
S01011980,162,23,10,13,31,2,46,19,10,21,3,1,2,7
S01011981,366,42,11,31,59,16,76,70,45,37,7,4,3,14
S01011982,364,48,19,29,84,11,88,43,39,33,5,3,2,13
S01011983,272,32,2,30,36,10,67,54,34,27,7,4,3,5
S01011984,222,11,2,9,29,14,24,28,38,55,15,11,4,8
S01011985,249,17,3,14,49,11,49,35,26,39,12,12,0,11
S01011986,225,8,1,7,28,14,27,37,42,47,12,2,10,10
S01011987,335,24,8,16,51,24,48,37,57,60,15,7,8,19
S01011988,245,29,8,21,70,11,38,24,14,27,12,11,1,20
S01011989,294,28,6,22,51,28,40,47,31,52,6,3,3,11
S01011990,244,31,6,25,49,20,34,37,25,35,4,1,3,9
S01011991,256,14,5,9,51,14,29,29,34,53,10,5,5,22
S01011992,317,54,8,46,65,18,49,34,39,36,10,2,8,12
S01011993,301,11,1,10,46,14,19,51,56,73,16,6,10,15
S01011994,243,65,15,50,54,14,40,20,14,17,8,6,2,11
S01011995,319,47,12,35,80,7,69,41,27,34,2,2,0,12
S01011996,192,15,7,8,36,15,23,30,11,37,13,12,1,12
S01011997,320,45,11,34,52,19,51,46,38,41,5,1,4,23
S01011998,188,38,12,26,50,18,31,19,12,14,2,1,1,4
S01011999,235,28,6,22,44,10,51,39,20,29,2,0,2,12
S01012000,162,18,3,15,40,10,24,24,17,22,0,0,0,7
S01012001,224,22,8,14,34,17,38,37,19,50,5,3,2,2
S01012002,185,15,4,11,31,16,30,36,17,27,3,3,0,10
S01012003,217,12,3,9,41,19,33,24,21,46,6,1,5,15
S01012004,300,43,13,30,57,25,40,34,25,47,5,4,1,24
S01012005,315,51,10,41,68,30,39,38,29,36,6,3,3,18
S01012006,390,37,8,29,74,8,68,29,14,26,7,3,4,127
S01012007,290,36,4,32,68,16,46,41,31,25,8,2,6,19
S01012008,350,48,13,35,69,14,62,42,30,36,29,28,1,20
S01012009,266,35,7,28,63,6,51,28,28,43,3,1,2,9
S01012010,411,60,9,51,74,18,69,65,52,56,4,3,1,13
S01012011,397,37,6,31,65,13,68,61,59,56,8,3,5,30
S01012012,229,34,8,26,51,6,60,17,23,23,4,2,2,11
S01012013,281,39,13,26,41,7,80,34,34,31,2,2,0,13
S01012014,306,26,9,17,43,8,50,54,56,44,11,6,5,14
S01012015,317,31,10,21,52,12,54,53,45,46,4,1,3,20
S01012016,348,43,7,36,55,16,68,60,45,35,8,2,6,18
S01012017,206,40,7,33,39,4,59,19,15,10,7,5,2,13
S01012018,351,43,7,36,73,5,74,52,36,36,12,5,7,20
S01012019,311,48,6,42,75,32,37,33,26,31,10,4,6,19
S01012020,251,40,2,38,52,13,26,24,30,48,7,6,1,11
S01012021,206,48,9,39,38,13,17,22,19,21,10,3,7,18
S01012022,231,24,8,16,42,15,28,35,24,39,9,4,5,15
S01012023,203,45,10,35,44,8,47,15,10,13,7,5,2,14
S01012024,305,56,8,48,76,25,31,33,30,30,9,3,6,15
S01012025,262,25,4,21,58,21,28,34,34,37,8,3,5,17
S01012026,219,47,14,33,50,19,27,18,19,11,2,1,1,26
S01012027,335,52,14,38,74,26,48,32,30,32,18,14,4,23
S01012028,353,93,22,71,111,25,37,17,18,18,3,1,2,31
S01012029,413,49,15,34,86,30,66,53,36,46,17,11,6,30
S01012030,258,43,10,33,43,16,62,21,18,30,7,4,3,18
S01012031,201,55,11,44,62,13,25,15,7,9,6,4,2,9
S01012032,134,29,7,22,30,4,35,8,5,10,2,1,1,11
S01012033,313,42,12,30,62,29,23,35,30,58,17,9,8,17
S01012034,288,44,8,36,62,26,33,26,20,47,16,8,8,14
S01012035,345,58,10,48,93,23,34,40,30,41,12,4,8,14
S01012036,319,50,8,42,75,31,26,34,31,42,9,6,3,21
S01012037,322,15,2,13,34,31,17,46,45,82,28,14,14,24
S01012038,257,7,1,6,15,16,15,30,44,71,43,25,18,16
S01012039,353,11,5,6,38,31,32,62,42,77,28,16,12,32
S01012040,264,31,12,19,63,24,24,33,24,28,7,4,3,30
S01012041,314,21,8,13,46,30,26,48,42,52,16,9,7,33
S01012042,303,10,2,8,46,15,30,46,47,69,14,5,9,26
S01012043,315,15,5,10,43,16,20,44,53,70,31,21,10,23
S01012044,310,14,7,7,41,16,26,29,64,73,28,14,14,19
S01012045,431,36,10,26,72,26,32,56,60,77,39,20,19,33
S01012046,235,6,0,6,27,11,14,40,34,54,33,22,11,16
S01012047,308,8,1,7,36,22,28,45,54,65,32,17,15,18
S01012048,236,12,1,11,24,23,18,33,44,51,18,13,5,13
S01012049,242,23,6,17,45,22,26,36,28,44,8,4,4,10
S01012050,366,33,17,16,67,39,35,51,46,52,21,14,7,22
S01012051,178,20,2,18,41,18,19,18,18,24,7,4,3,13
S01012052,324,18,3,15,47,28,24,45,61,64,18,8,10,19
S01012053,318,4,1,3,39,24,22,62,58,71,24,8,16,14
S01012054,307,11,1,10,26,20,22,51,47,63,42,10,32,25
S01012055,288,15,4,11,34,20,22,51,48,71,15,3,12,12
S01012056,296,34,7,27,43,30,27,44,31,41,11,8,3,35
S01012057,277,42,11,31,73,31,26,31,15,27,7,2,5,25
S01012058,263,37,8,29,70,27,30,22,22,27,5,2,3,23
S01012059,301,15,5,10,30,23,33,39,38,82,23,16,7,18
S01012060,298,19,5,14,51,27,28,35,48,49,26,14,12,15
S01012061,362,57,20,37,106,26,31,37,29,34,17,8,9,25
S01012062,326,34,13,21,78,24,38,42,39,36,3,1,2,32
S01012063,178,14,1,13,33,12,22,32,29,23,7,3,4,6
S01012064,199,9,1,8,14,15,8,30,16,47,43,28,15,17
S01012065,179,4,1,3,9,7,4,13,34,44,46,37,9,18
S01012066,274,9,3,6,32,14,19,34,51,73,25,16,9,17
S01012067,183,2,0,2,18,7,7,14,39,49,35,18,17,12
S01012068,173,1,0,1,6,6,9,20,27,41,43,30,13,20
S01012069,189,6,3,3,24,10,11,15,40,39,32,13,19,12
S01012070,276,10,2,8,19,11,11,32,43,76,50,21,29,24
S01012071,436,18,1,17,49,34,32,55,68,106,48,25,23,26
S01012072,476,32,5,27,49,30,36,41,81,91,73,48,25,43
S01012073,255,37,5,32,59,18,17,40,28,29,9,4,5,18
S01012074,265,27,8,19,67,27,30,36,18,24,10,6,4,26
S01012075,270,34,8,26,54,25,35,39,19,28,5,2,3,31
S01012076,252,23,4,19,63,26,24,29,38,26,7,5,2,16
S01012077,271,11,2,9,39,28,16,29,47,60,22,11,11,19
S01012078,333,28,8,20,68,33,27,32,32,65,22,8,14,26
S01012079,298,16,7,9,26,24,31,44,45,65,24,12,12,23
S01012080,224,9,1,8,31,7,18,34,34,49,23,10,13,19
S01012081,263,5,1,4,22,15,19,38,55,63,35,14,21,11
S01012082,225,7,0,7,23,13,14,33,37,60,27,14,13,11
S01012083,252,5,0,5,35,22,14,39,43,64,17,4,13,13
S01012084,211,12,4,8,40,17,22,38,28,39,4,3,1,11
S01012085,266,28,6,22,54,24,20,34,39,45,6,4,2,16
S01012086,317,10,3,7,40,34,22,47,47,71,29,11,18,17
S01012087,232,11,8,3,43,21,20,31,32,44,18,7,11,12
S01012088,261,34,11,23,57,20,26,38,25,26,12,7,5,23
S01012089,295,35,11,24,88,36,27,37,23,26,11,6,5,12
S01012090,349,77,17,60,102,28,37,33,20,20,6,1,5,26
S01012091,208,20,6,14,40,19,16,28,34,24,9,5,4,18
S01012092,198,25,9,16,45,19,19,24,23,24,3,1,2,16
S01012093,215,35,6,29,51,22,18,23,21,31,8,3,5,6
S01012094,283,62,13,49,85,18,34,24,18,15,4,2,2,23
S01012095,411,31,11,20,64,34,36,57,46,73,23,10,13,47
S01012096,300,9,2,7,37,21,28,33,56,69,26,9,17,21
S01012097,227,5,2,3,24,19,20,38,39,55,12,4,8,15
S01012098,218,7,3,4,26,12,18,29,37,67,8,4,4,14
S01012099,272,8,3,5,18,17,14,32,60,70,29,16,13,24
S01012100,332,14,7,7,51,23,36,46,62,57,27,16,11,16
S01012101,296,55,7,48,64,15,20,37,36,24,13,8,5,32
S01012102,205,10,2,8,34,16,7,27,38,40,20,8,12,13
S01012103,343,32,4,28,53,42,34,39,57,54,13,1,12,19
S01012104,326,95,45,50,68,19,35,32,28,18,5,4,1,26
S01012105,401,73,23,50,89,36,45,41,39,39,11,4,7,28
S01012106,408,75,15,60,109,43,49,37,26,32,8,5,3,29
S01012107,246,58,10,48,59,25,29,20,15,16,8,3,5,16
S01012108,268,20,3,17,40,26,27,31,34,58,25,6,19,7
S01012109,341,23,2,21,46,21,25,60,54,68,32,17,15,12
S01012110,256,29,3,26,39,34,18,35,39,41,9,3,6,12
S01012111,214,14,6,8,22,18,12,27,25,46,20,7,13,30
S01012112,237,30,8,22,31,25,20,32,30,48,10,3,7,11
S01012113,352,24,7,17,57,29,39,52,45,65,11,3,8,30
S01012114,361,56,7,49,75,27,28,20,24,14,10,6,4,107
S01012115,175,7,2,5,18,16,10,33,33,40,8,7,1,10
S01012116,204,6,2,4,36,17,17,33,33,38,8,3,5,16
S01012117,271,39,14,25,76,31,27,40,23,19,1,0,1,15
S01012118,228,31,7,24,51,21,22,29,23,25,5,3,2,21
S01012119,345,52,7,45,79,25,39,38,35,44,9,7,2,24
S01012120,213,10,2,8,24,17,10,27,32,54,19,11,8,20
S01012121,307,11,3,8,40,24,16,49,57,65,23,11,12,22
S01012122,289,15,3,12,19,19,22,48,52,74,14,10,4,26
S01012123,191,15,2,13,33,18,18,23,24,29,10,7,3,21
S01012124,196,15,0,15,48,18,13,18,27,33,7,2,5,17
S01012125,318,8,3,5,52,26,21,40,45,71,31,15,16,24
S01012126,340,45,7,38,78,39,29,45,32,28,17,5,12,27
S01012127,416,29,4,25,66,43,27,34,52,59,49,22,27,57
S01012128,221,24,2,22,48,15,10,38,24,35,15,8,7,12
S01012129,290,26,2,24,46,29,20,34,45,53,22,13,9,15
S01012130,394,28,8,20,64,28,37,42,54,81,41,22,19,19
S01012131,507,24,2,22,57,31,19,55,68,87,46,19,27,120
S01012132,267,21,3,18,34,27,20,22,42,45,20,12,8,36
S01012133,427,40,4,36,64,31,22,38,41,51,22,10,12,118
S01012134,415,58,12,46,104,45,38,38,28,31,14,8,6,59
S01012135,366,16,4,12,35,26,25,43,70,74,44,24,20,33
S01012136,372,16,0,16,44,23,21,40,55,69,39,13,26,65
S01012137,272,6,1,5,48,23,16,41,43,39,25,13,12,31
S01012138,340,49,10,39,73,35,22,34,37,36,7,3,4,47
S01012139,309,36,9,27,64,23,26,34,51,44,11,4,7,20
S01012140,195,38,3,35,62,13,18,17,14,13,3,1,2,17
S01012141,372,53,16,37,90,38,41,46,31,26,13,4,9,34
S01012142,331,55,23,32,91,35,38,40,26,19,6,2,4,21
S01012143,313,61,11,50,82,30,36,30,20,10,14,9,5,30
S01012144,374,69,19,50,69,41,47,45,36,28,8,5,3,31
S01012145,351,78,10,68,87,42,29,32,16,18,12,9,3,37
S01012146,304,18,2,16,41,24,21,51,48,72,16,8,8,13
S01012147,243,9,2,7,25,16,18,33,50,54,23,11,12,15
S01012148,238,7,5,2,23,13,13,35,46,58,26,17,9,17
S01012149,315,29,4,25,63,26,40,45,34,32,15,12,3,31
S01012150,264,5,2,3,24,24,19,38,52,65,27,15,12,10
S01012151,269,17,5,12,32,15,14,36,42,71,29,15,14,13
S01012152,295,10,2,8,23,24,21,45,58,53,41,24,17,20
S01012153,233,9,2,7,34,20,15,43,32,36,28,20,8,16
S01012154,329,13,1,12,39,30,19,52,44,71,30,14,16,31
S01012155,251,4,0,4,35,23,21,38,26,57,21,5,16,26
S01012156,243,7,2,5,31,15,14,25,35,73,29,18,11,14
S01012157,349,25,3,22,67,28,21,49,46,69,21,13,8,23
S01012158,436,41,6,35,90,43,46,52,41,50,22,13,9,51
S01012159,200,17,4,13,37,15,17,44,23,31,5,3,2,11
S01012160,239,27,5,22,43,28,28,42,26,32,3,1,2,10
S01012161,124,7,2,5,22,5,8,14,28,29,7,4,3,4
S01012162,301,20,4,16,53,12,17,47,52,51,30,23,7,19
S01012163,271,19,2,17,43,21,21,39,38,48,30,26,4,12
S01012164,371,32,7,25,100,34,35,63,39,39,3,3,0,26
S01012165,298,15,5,10,22,17,22,46,56,72,30,13,17,18
S01012166,209,2,1,1,29,15,20,36,33,48,9,6,3,17
S01012167,322,19,4,15,47,28,23,56,51,70,11,5,6,17
S01012168,311,33,11,22,72,34,24,47,28,40,7,2,5,26
S01012169,315,16,7,9,46,30,24,46,70,49,7,6,1,27
S01012170,312,19,4,15,41,33,25,58,42,71,10,6,4,13
S01012171,354,16,2,14,57,16,18,48,76,94,14,8,6,15
S01012172,260,4,1,3,30,20,17,38,54,64,22,18,4,11
S01012173,231,30,7,23,50,23,25,30,26,21,4,4,0,22
S01012174,314,41,7,34,73,31,28,34,29,35,4,1,3,39
S01012175,330,41,8,33,84,37,21,44,38,39,4,2,2,22
S01012176,343,25,8,17,78,29,38,61,41,48,5,3,2,18
S01012177,250,35,6,29,51,24,27,48,12,21,5,3,2,27
S01012178,212,25,4,21,50,27,21,34,14,27,3,1,2,11
S01012179,199,20,5,15,32,16,20,32,25,30,10,4,6,14
S01012180,180,17,2,15,32,15,19,23,25,32,8,3,5,9
S01012181,271,26,8,18,48,22,25,34,35,50,15,5,10,16
S01012182,416,67,13,54,90,39,35,67,48,25,7,7,0,38
S01012183,289,25,5,20,59,21,23,46,31,51,15,10,5,18
S01012184,227,48,4,44,54,28,18,17,18,21,7,3,4,16
S01012185,359,19,4,15,46,35,27,46,43,77,58,37,21,8
S01012186,234,16,9,7,45,16,18,33,40,41,19,7,12,6
S01012187,250,10,2,8,26,17,13,44,45,54,23,15,8,18
S01012188,189,14,6,8,38,17,15,31,30,28,5,3,2,11
S01012189,212,25,9,16,40,21,12,44,24,32,7,6,1,7
S01012190,177,28,5,23,47,17,14,19,18,21,1,1,0,12
S01012191,348,57,15,42,85,33,31,47,33,24,9,5,4,29
S01012192,197,27,6,21,48,12,25,26,19,17,5,3,2,18
S01012193,216,44,12,32,59,18,21,25,13,13,2,1,1,21
S01012194,213,37,5,32,53,20,11,23,20,10,7,1,6,32
S01012195,417,47,12,35,100,44,28,69,36,39,11,6,5,43
S01012196,194,36,10,26,46,28,19,13,15,16,4,3,1,17
S01012197,244,15,3,12,35,24,18,39,46,48,6,3,3,13
S01012198,294,24,6,18,49,39,23,40,34,46,12,8,4,27
S01012199,276,19,5,14,42,31,14,46,41,50,10,3,7,23
S01012200,224,14,3,11,31,20,19,36,34,42,12,6,6,16
S01012201,262,17,7,10,55,25,16,43,42,40,8,4,4,16
S01012202,209,22,4,18,41,15,15,43,30,23,2,1,1,18
S01012203,297,39,11,28,84,24,29,36,32,24,7,4,3,22
S01012204,333,34,8,26,77,39,25,48,27,33,11,5,6,39
S01012205,267,50,15,35,63,21,32,32,24,21,3,1,2,21
S01012206,316,32,5,27,74,27,27,41,44,34,7,2,5,30
S01012207,297,15,7,8,42,28,20,41,53,63,8,6,2,27
S01012208,366,15,2,13,71,33,33,65,48,67,11,6,5,23
S01012209,263,16,2,14,54,25,26,34,36,43,15,6,9,14
S01012210,244,14,5,9,40,22,17,48,36,39,12,8,4,16
S01012211,326,32,13,19,68,30,32,44,37,49,9,2,7,25
S01012212,317,62,16,46,96,30,17,38,26,18,5,3,2,25
S01012213,335,58,13,45,103,24,22,38,36,23,1,0,1,30
S01012214,247,48,9,39,79,26,27,15,22,14,3,2,1,13
S01012215,353,60,12,48,115,37,14,37,28,22,9,5,4,31
S01012216,269,57,14,43,74,20,26,17,25,22,3,3,0,25
S01012217,184,6,2,4,16,9,8,33,25,47,27,16,11,13
S01012218,154,3,1,2,14,0,8,17,35,44,18,6,12,15
S01012219,268,12,3,9,28,14,19,45,33,76,18,15,3,23
S01012220,237,6,0,6,18,16,20,42,48,57,28,10,18,2
S01012221,206,6,1,5,17,15,15,40,28,52,19,10,9,14
S01012222,303,10,4,6,30,26,22,53,52,76,17,12,5,17
S01012223,244,9,4,5,22,16,12,36,47,66,21,11,10,15
S01012224,260,13,3,10,23,21,16,47,39,55,18,14,4,28
S01012225,353,16,4,12,48,21,25,59,50,87,24,11,13,23
S01012226,247,12,4,8,34,23,18,42,37,49,12,3,9,20
S01012227,231,9,3,6,38,20,12,50,25,51,11,2,9,15
S01012228,245,20,4,16,24,31,19,36,24,59,6,4,2,26
S01012229,252,41,9,32,57,27,22,38,16,26,9,2,7,16
S01012230,326,67,17,50,81,35,32,32,22,21,3,2,1,33
S01012231,307,68,14,54,85,25,31,30,15,18,5,2,3,30
S01012232,315,66,12,54,94,18,25,30,23,19,5,1,4,35
S01012233,359,78,19,59,117,29,27,25,17,27,7,2,5,32
S01012234,392,97,25,72,97,20,40,39,16,33,11,6,5,39
S01012235,182,53,15,38,54,17,13,16,5,8,1,0,1,15
S01012236,204,31,10,21,45,19,21,26,14,26,9,3,6,13
S01012237,294,86,23,63,86,19,26,11,10,16,9,5,4,31
S01012238,231,29,10,19,45,12,26,32,21,35,12,5,7,19
S01012239,223,13,4,9,28,26,19,27,23,49,15,9,6,23
S01012240,303,39,8,31,61,17,24,42,33,47,14,8,6,26
S01012241,198,86,13,73,41,13,28,8,6,8,3,1,2,5
S01012242,276,76,9,67,80,20,30,17,8,11,5,4,1,29
S01012243,217,52,13,39,60,12,16,21,14,18,7,3,4,17
S01012244,349,110,22,88,70,15,60,13,21,11,25,24,1,24
S01012245,237,67,8,59,63,8,32,15,13,14,8,1,7,17
S01012246,263,85,20,65,64,15,41,19,10,13,2,1,1,14
S01012247,259,62,15,47,63,8,37,35,27,13,3,2,1,11
S01012248,308,62,16,46,69,6,73,32,23,20,7,2,5,16
S01012249,327,73,16,57,58,5,81,28,30,23,9,6,3,20
S01012250,252,38,12,26,63,9,64,23,22,23,1,0,1,9
S01012251,333,22,3,19,52,16,46,56,49,60,18,6,12,14
S01012252,249,24,5,19,32,22,41,28,27,37,23,6,17,15
S01012253,316,39,5,34,50,14,45,41,36,61,16,9,7,14
S01012254,288,37,7,30,74,19,41,41,22,34,9,1,8,11
S01012255,311,59,10,49,63,17,45,32,29,37,10,3,7,19
S01012256,300,61,17,44,86,26,26,23,22,32,9,3,6,15
S01012257,331,45,7,38,66,24,32,34,34,73,12,6,6,11
S01012258,240,75,13,62,82,9,31,12,5,11,2,0,2,13
S01012259,204,56,9,47,58,7,37,7,10,11,7,3,4,11
S01012260,288,49,13,36,51,16,53,27,32,41,7,4,3,12
S01012261,283,65,20,45,88,21,26,23,20,18,5,2,3,17
S01012262,305,62,16,46,61,18,75,29,28,13,2,0,2,17
S01012263,278,18,6,12,48,18,61,31,34,53,6,4,2,9
S01012264,163,34,9,25,41,7,21,11,18,21,3,0,3,7
S01012265,283,15,3,12,32,11,37,42,49,72,11,6,5,14
S01012266,356,51,13,38,67,36,58,51,28,40,10,3,7,15
S01012267,270,53,16,37,67,20,45,28,16,26,5,2,3,10
S01012268,236,34,8,26,50,9,61,16,33,16,6,3,3,11
S01012269,350,39,9,30,66,18,63,39,35,58,13,5,8,19
S01012270,263,13,3,10,40,22,34,26,43,55,14,7,7,16
S01012271,402,49,10,39,93,20,116,37,39,17,7,3,4,24
S01012272,261,51,14,37,78,14,36,22,21,19,4,2,2,16
S01012273,263,49,14,35,61,25,46,21,27,17,5,3,2,12
S01012274,370,40,6,34,64,46,44,46,42,49,17,5,12,22
S01012275,322,26,4,22,54,21,37,38,42,62,21,9,12,21
S01012276,348,40,10,30,78,30,42,42,35,46,19,10,9,16
S01012277,384,19,6,13,74,24,52,55,45,76,21,9,12,18
S01012278,259,20,5,15,44,21,26,24,43,49,12,6,6,20
S01012279,288,20,7,13,54,30,24,50,32,48,14,9,5,16
S01012280,334,16,1,15,43,28,37,43,50,74,23,11,12,20
S01012281,262,12,8,4,49,27,23,44,41,44,12,7,5,10
S01012282,337,45,13,32,62,28,52,21,44,35,10,8,2,40
S01012283,306,48,21,27,61,24,44,25,27,46,9,3,6,22
S01012284,293,26,9,17,37,25,30,33,42,53,27,15,12,20
S01012285,203,25,7,18,60,17,21,20,18,28,3,3,0,11
S01012286,384,20,6,14,48,23,36,53,64,82,21,8,13,37
S01012287,337,10,2,8,35,22,28,34,70,85,34,13,21,19
S01012288,292,9,3,6,29,21,22,39,56,77,29,8,21,10
S01012289,295,80,15,65,61,14,49,16,17,15,23,20,3,20
S01012290,168,13,7,6,28,14,29,14,19,39,5,2,3,7
S01012291,341,61,8,53,79,27,46,24,28,34,22,18,4,20
S01012292,220,66,16,50,52,8,48,13,13,11,4,4,0,5
S01012293,163,26,8,18,41,19,18,19,11,20,4,3,1,5
S01012294,308,26,9,17,55,34,33,42,43,49,9,6,3,17
S01012295,251,25,9,16,62,29,33,21,18,30,12,3,9,21
S01012296,289,54,12,42,80,18,42,35,22,21,0,0,0,17
S01012297,217,39,9,30,41,8,84,10,11,16,3,1,2,5
S01012298,302,44,7,37,66,18,63,27,34,31,5,3,2,14
S01012299,234,40,7,33,45,8,51,25,35,18,2,2,0,10
S01012300,232,10,4,6,39,9,50,27,36,40,6,6,0,15
S01012301,363,49,11,38,74,11,76,41,50,39,8,3,5,15
S01012302,243,31,8,23,45,4,49,36,40,23,6,3,3,9
S01012303,336,47,8,39,62,12,93,32,42,18,11,4,7,19
S01012304,365,36,10,26,67,18,91,36,51,48,6,2,4,12
S01012305,258,17,4,13,60,13,39,33,21,38,17,13,4,20
S01012306,182,11,7,4,28,5,28,21,41,38,6,4,2,4
S01012307,238,24,5,19,42,8,24,22,37,59,13,8,5,9
S01012308,307,19,6,13,48,18,40,48,54,63,2,2,0,15
S01012309,191,27,10,17,41,13,32,16,21,33,4,3,1,4
S01012310,353,43,11,32,70,6,104,26,48,37,10,8,2,9
S01012311,199,23,6,17,49,12,31,27,23,21,4,3,1,9
S01012312,411,34,4,30,78,15,110,49,52,37,9,5,4,27
S01012313,299,36,11,25,55,10,52,44,37,44,7,4,3,14
S01012314,278,14,6,8,31,9,40,45,52,65,14,11,3,8
S01012315,277,12,3,9,45,11,51,42,44,46,10,3,7,16
S01012316,219,9,5,4,28,9,33,35,37,58,6,1,5,4
S01012317,177,10,5,5,44,8,28,22,20,27,7,1,6,11
S01012318,283,10,5,5,41,9,40,42,49,68,9,7,2,15
S01012319,292,29,6,23,53,10,65,32,44,38,6,4,2,15
S01012320,256,11,5,6,30,8,40,34,61,47,11,10,1,14
S01012321,267,29,10,19,43,11,37,34,52,37,11,3,8,13
S01012322,355,55,16,39,77,23,79,28,31,38,9,7,2,15
S01012323,347,51,14,37,68,16,99,35,33,28,8,3,5,9
S01012324,294,35,15,20,51,17,82,31,38,30,4,0,4,6
S01012325,197,24,8,16,30,21,21,20,26,42,5,4,1,8
S01012326,220,17,3,14,23,11,29,39,44,34,17,6,11,6
S01012327,267,18,3,15,45,14,45,39,30,58,7,4,3,11
S01012328,207,35,8,27,45,11,37,17,19,32,6,2,4,5
S01012329,296,32,12,20,43,12,92,37,42,24,6,2,4,8
S01012330,205,33,12,21,42,7,38,20,23,27,3,3,0,12
S01012331,211,29,9,20,51,16,33,28,17,27,6,2,4,4
S01012332,368,49,10,39,75,16,88,57,38,26,6,3,3,13
S01012333,355,32,8,24,69,16,90,38,54,35,8,2,6,13
S01012334,279,10,3,7,38,16,36,52,47,62,12,3,9,6
S01012335,358,25,13,12,50,28,30,55,66,74,10,4,6,20
S01012336,197,6,0,6,20,10,29,27,34,57,7,4,3,7
S01012337,284,15,7,8,34,9,32,51,58,51,26,13,13,8
S01012338,245,24,5,19,49,12,35,32,41,28,12,4,8,12
S01012339,203,19,2,17,40,7,24,34,37,29,7,2,5,6
S01012340,314,40,17,23,68,20,40,38,46,35,14,12,2,13
S01012341,380,51,14,37,58,18,127,23,36,38,12,3,9,17
S01012342,314,41,11,30,55,12,74,30,47,39,9,5,4,7
S01012343,375,48,17,31,77,15,103,37,43,34,9,4,5,9
S01012344,218,9,2,7,32,12,29,33,34,55,11,6,5,3
S01012345,265,23,8,15,43,11,46,52,22,45,5,3,2,18
S01012346,316,46,6,40,61,12,78,32,34,33,6,4,2,14
S01012347,252,38,14,24,49,19,39,33,20,41,8,6,2,5
S01012348,237,51,15,36,55,18,33,21,9,26,12,6,6,12
S01012349,312,15,6,9,32,8,37,57,43,101,6,4,2,13
S01012350,268,33,17,16,45,10,46,30,26,55,8,3,5,15
S01012351,288,17,4,13,35,9,30,51,56,66,9,6,3,15
S01012352,274,24,9,15,42,10,48,36,36,54,7,3,4,17
S01012353,279,26,7,19,33,19,43,41,37,51,14,6,8,15
S01012354,280,19,3,16,45,11,58,39,39,51,7,2,5,11
S01012355,378,53,14,39,67,11,121,33,45,34,4,3,1,10
S01012356,225,21,7,14,44,15,48,24,22,34,5,4,1,12
S01012357,324,55,17,38,74,10,107,19,23,20,4,3,1,12
S01012358,305,32,5,27,50,5,114,23,25,38,6,4,2,12
S01012359,274,8,6,2,22,12,27,32,53,93,17,9,8,10
S01012360,265,8,2,6,19,17,30,24,54,70,30,21,9,13
S01012361,204,5,2,3,17,7,23,34,38,56,11,3,8,13
S01012362,256,7,2,5,19,10,23,27,50,74,26,14,12,20
S01012363,368,18,7,11,50,19,47,50,55,84,26,11,15,19
S01012364,259,12,4,8,36,17,31,32,53,56,12,4,8,10
S01012365,350,27,15,12,63,21,53,50,35,77,11,9,2,13
S01012366,335,20,6,14,50,20,36,44,40,96,12,5,7,17
S01012367,344,27,8,19,59,23,37,39,47,83,11,2,9,18
S01012368,225,29,9,20,48,12,40,26,20,38,4,1,3,8
S01012369,316,40,20,20,66,17,58,31,33,51,5,4,1,15
S01012370,348,24,8,16,48,20,50,41,49,99,12,7,5,5
S01012371,331,23,9,14,35,14,34,47,51,95,20,13,7,12
S01012372,284,10,2,8,29,15,31,39,39,93,16,6,10,12
S01012373,359,35,12,23,53,31,33,38,38,96,19,13,6,16
S01012374,308,14,7,7,46,22,43,37,54,70,10,5,5,12
S01012375,310,15,7,8,41,21,29,35,31,104,18,8,10,16
S01012376,355,60,20,40,70,14,95,34,29,29,6,1,5,18
S01012377,271,58,14,44,57,13,59,23,21,22,5,3,2,13
S01012378,226,25,5,20,43,10,66,22,23,23,4,2,2,10
S01012379,202,22,8,14,34,18,42,25,26,15,8,6,2,12
S01012380,322,16,5,11,47,28,45,53,34,72,11,7,4,16
S01012381,280,19,8,11,44,21,35,31,39,69,13,6,7,9
S01012382,360,36,13,23,84,48,58,41,32,40,10,9,1,11
S01012383,287,24,4,20,53,14,35,40,27,69,10,6,4,15
S01012384,183,19,5,14,45,12,20,21,22,30,6,1,5,8
S01012385,280,29,7,22,60,30,43,34,28,28,14,5,9,14
S01012386,359,24,7,17,33,31,45,45,69,73,24,12,12,15
S01012387,344,34,8,26,65,29,46,79,37,41,2,0,2,11
S01012388,260,30,5,25,68,16,38,31,28,37,2,2,0,10
S01012389,327,25,12,13,64,18,39,49,45,68,2,2,0,17
S01012390,302,35,7,28,51,14,30,51,42,64,3,3,0,12
S01012391,378,37,15,22,95,32,49,55,34,57,5,4,1,14
S01012392,284,28,10,18,67,13,20,46,38,51,5,4,1,16
S01012393,346,28,7,21,81,10,42,48,46,75,4,4,0,12
S01012394,221,11,4,7,38,11,22,31,34,49,8,4,4,17
S01012395,219,11,1,10,44,14,27,28,30,52,2,0,2,11
S01012396,247,15,3,12,46,15,27,45,30,52,6,4,2,11
S01012397,325,33,9,24,71,13,36,57,43,49,10,5,5,13
S01012398,360,39,6,33,80,20,21,50,42,89,6,5,1,13
S01012399,217,11,2,9,31,13,11,44,43,54,1,0,1,9
S01012400,241,11,3,8,32,13,26,52,30,65,4,3,1,8
S01012401,343,11,4,7,44,18,32,48,48,110,26,13,13,6
S01012402,168,11,1,10,36,4,26,31,20,31,3,1,2,6
S01012403,404,39,8,31,83,25,76,48,39,77,4,3,1,13
S01012404,392,23,4,19,78,19,43,57,55,89,9,3,6,19
S01012405,274,27,9,18,68,11,42,46,18,42,4,3,1,16
S01012406,232,25,5,20,44,6,38,44,21,44,0,0,0,10
S01012407,302,28,4,24,64,10,50,45,32,55,7,3,4,11
S01012408,229,20,3,17,39,5,43,34,28,47,2,1,1,11
S01012409,266,19,7,12,48,8,48,35,33,59,7,4,3,9
S01012410,408,36,10,26,100,18,37,74,53,60,8,4,4,22
S01012411,387,22,9,13,52,17,29,81,58,90,13,9,4,25
S01012412,261,15,1,14,32,10,49,48,39,48,9,5,4,11
S01012413,357,20,4,16,92,8,51,59,46,73,3,1,2,5
S01012414,274,13,3,10,49,12,44,42,44,52,11,6,5,7
S01012415,212,5,0,5,31,7,70,25,26,34,3,0,3,11
S01012416,210,8,1,7,42,4,58,34,21,31,1,1,0,11
S01012417,229,14,5,9,26,7,54,32,43,36,7,3,4,10
S01012418,327,16,7,9,34,11,107,40,50,40,18,7,11,11
S01012419,283,26,7,19,33,11,95,36,34,21,9,3,6,18
S01012420,299,17,8,9,33,9,28,53,54,75,14,10,4,16
S01012421,270,17,3,14,46,8,58,52,32,37,5,4,1,15
S01012422,327,28,9,19,59,11,70,45,39,45,17,9,8,13
S01012423,300,29,4,25,48,13,65,45,31,42,12,4,8,15
S01012424,312,15,3,12,22,19,30,61,68,66,19,3,16,12
S01012425,189,1,0,1,13,6,18,28,37,65,11,8,3,10
S01012426,154,1,1,0,12,9,14,30,30,33,13,4,9,12
S01012427,234,5,1,4,16,8,18,37,53,65,14,7,7,18
S01012428,223,8,2,6,20,18,26,38,38,57,9,3,6,9
S01012429,187,9,3,6,23,15,19,34,27,36,14,8,6,10
S01012430,195,14,6,8,27,12,22,34,32,32,9,7,2,13
S01012431,310,32,7,25,48,6,60,39,46,49,18,9,9,12
S01012432,240,10,3,7,44,9,29,35,39,51,9,4,5,14
S01012433,197,8,0,8,21,9,23,40,36,42,10,6,4,8
S01012434,249,13,4,9,30,12,22,51,40,58,9,4,5,14
S01012435,232,11,0,11,25,16,27,34,34,52,14,3,11,19
S01012436,257,12,6,6,27,17,27,43,51,46,20,9,11,14
S01012437,277,14,7,7,34,23,28,54,31,57,18,13,5,18
S01012438,245,10,3,7,36,14,35,40,41,43,8,3,5,18
S01012439,266,16,3,13,46,14,34,52,36,36,15,5,10,17
S01012440,202,19,5,14,49,12,29,32,16,32,2,1,1,11
S01012441,343,41,9,32,65,10,82,44,37,39,11,6,5,14
S01012442,371,48,11,37,96,13,85,33,28,28,12,7,5,28
S01012443,284,28,8,20,59,20,59,39,22,25,14,8,6,18
S01012444,319,49,11,38,71,27,36,35,31,30,28,23,5,12
S01012445,194,52,7,45,46,7,26,23,12,13,5,4,1,10
S01012446,171,10,2,8,23,12,13,25,29,41,8,4,4,10
S01012447,305,39,4,35,73,21,38,43,23,31,9,6,3,28
S01012448,320,35,12,23,85,26,49,43,19,25,18,13,5,20
S01012449,215,20,4,16,36,24,24,28,24,40,8,2,6,11
S01012450,327,38,7,31,88,17,59,32,23,39,7,5,2,24
S01012451,281,86,12,74,78,19,32,17,10,12,12,10,2,15
S01012452,185,25,5,20,44,21,30,24,19,8,4,0,4,10
S01012453,303,85,28,57,107,7,46,12,14,11,5,3,2,16
S01012454,222,40,8,32,82,15,23,13,14,9,9,4,5,17
S01012455,214,62,14,48,60,13,35,7,4,9,4,1,3,20
S01012456,263,72,21,51,79,14,29,23,10,9,7,2,5,20
S01012457,314,97,30,67,101,17,33,21,13,10,3,1,2,19
S01012458,279,81,14,67,85,12,32,12,11,7,9,5,4,30
S01012459,263,35,7,28,67,31,30,29,19,30,3,2,1,19
S01012460,190,30,6,24,64,9,19,25,10,17,5,2,3,11
S01012461,175,14,0,14,35,13,19,22,21,36,9,5,4,6
S01012462,255,8,0,8,40,11,24,45,28,66,16,9,7,17
S01012463,213,13,2,11,30,17,19,26,33,43,20,10,10,12
S01012464,226,7,1,6,31,17,23,38,31,46,16,9,7,17
S01012465,255,6,2,4,34,17,23,45,33,60,17,6,11,20
S01012466,286,24,6,18,67,21,47,28,20,42,17,11,6,20
S01012467,218,13,2,11,43,23,24,29,31,34,6,2,4,15
S01012468,277,17,7,10,52,23,27,55,38,36,8,3,5,21
S01012469,255,71,14,57,80,14,38,11,10,13,1,1,0,17
S01012470,317,37,9,28,60,27,27,45,35,40,24,11,13,22
S01012471,284,78,16,62,88,14,49,14,11,10,2,2,0,18
S01012472,231,52,7,45,54,25,24,20,18,15,3,2,1,20
S01012473,203,41,8,33,59,14,14,30,13,15,5,4,1,12
S01012474,242,28,5,23,59,14,26,32,24,30,13,7,6,16
S01012475,222,36,5,31,50,24,18,40,14,21,6,5,1,13
S01012476,302,10,2,8,57,23,28,56,41,45,22,11,11,20
S01012477,252,40,9,31,62,26,22,31,20,30,3,1,2,18
S01012478,292,18,8,10,43,22,36,38,50,52,9,5,4,24
S01012479,263,39,8,31,63,28,27,39,17,31,1,0,1,18
S01012480,244,42,14,28,54,16,17,33,20,34,5,3,2,23
S01012481,343,32,5,27,75,25,26,43,45,42,31,18,13,24
S01012482,277,48,11,37,57,24,32,25,24,19,30,17,13,18
S01012483,359,23,9,14,63,18,27,48,53,65,25,11,14,37
S01012484,279,70,22,48,76,13,38,23,13,14,11,7,4,21
S01012485,280,75,13,62,84,17,42,20,15,6,10,6,4,11
S01012486,179,51,16,35,53,7,22,11,8,7,3,3,0,17
S01012487,234,13,3,10,41,20,30,28,20,58,9,3,6,15
S01012488,345,24,5,19,60,31,33,51,56,50,21,8,13,19
S01012489,384,10,0,10,57,23,32,74,57,80,38,20,18,13
S01012490,430,23,2,21,62,20,28,69,67,98,46,21,25,17
S01012491,162,5,1,4,12,10,9,20,21,49,25,8,17,11
S01012492,333,7,3,4,23,27,27,53,52,66,47,21,26,31
S01012493,243,25,4,21,49,18,19,29,27,57,6,4,2,13
S01012494,348,9,3,6,53,20,26,53,46,69,12,5,7,60
S01012495,368,8,3,5,47,32,29,49,58,87,34,18,16,24
S01012496,270,7,3,4,23,14,21,49,36,67,30,20,10,23
S01012497,188,1,1,0,16,9,11,40,22,47,22,13,9,20
S01012498,264,6,1,5,15,11,18,39,49,75,27,15,12,24
S01012499,220,10,3,7,22,11,18,39,43,37,23,12,11,17
S01012500,167,2,1,1,19,11,17,21,19,59,15,5,10,4
S01012501,199,2,1,1,17,5,3,31,40,58,30,16,14,13
S01012502,236,4,0,4,20,9,22,25,42,54,34,22,12,26
S01012503,227,4,0,4,16,14,21,39,39,58,17,10,7,19
S01012504,192,9,3,6,19,9,17,37,28,44,17,5,12,12
S01012505,366,17,7,10,39,27,35,60,53,86,30,13,17,19
S01012506,176,14,3,11,37,14,19,28,21,26,7,2,5,10
S01012507,343,23,5,18,63,32,33,56,44,54,26,18,8,12
S01012508,265,25,6,19,37,18,21,48,39,43,19,8,11,15
S01012509,187,19,3,16,48,10,27,23,21,24,5,3,2,10
S01012510,313,22,4,18,62,39,26,54,29,56,14,7,7,11
S01012511,242,19,4,15,50,28,17,39,34,38,6,5,1,11
S01012512,227,27,11,16,38,9,24,37,30,35,22,14,8,5
S01012513,205,25,6,19,50,22,15,30,25,18,4,3,1,16
S01012514,342,43,9,34,84,40,28,51,33,28,7,3,4,28
S01012515,201,14,5,9,23,20,22,28,29,44,8,4,4,13
S01012516,204,23,6,17,46,7,21,36,17,32,10,5,5,12
S01012517,306,26,5,21,62,21,29,52,35,48,15,4,11,18
S01012518,206,37,8,29,53,16,25,24,10,16,8,4,4,17
S01012519,193,14,4,10,37,23,31,38,10,22,5,2,3,13
S01012520,279,57,9,48,72,22,28,32,21,19,4,3,1,24
S01012521,189,28,3,25,48,14,22,27,15,19,7,2,5,9
S01012522,330,59,8,51,93,25,47,36,19,19,7,3,4,25
S01012523,316,45,3,42,79,34,24,43,22,29,13,7,6,27
S01012524,292,41,14,27,90,27,32,37,23,18,8,5,3,16
S01012525,272,33,5,28,90,19,30,36,24,17,6,4,2,17
S01012526,282,61,13,48,97,19,23,31,17,12,2,0,2,20
S01012527,223,33,9,24,53,21,28,30,18,25,6,5,1,9
S01012528,296,18,3,15,30,20,22,58,51,61,14,11,3,22
S01012529,246,25,8,17,52,13,20,42,30,35,10,5,5,19
S01012530,288,38,9,29,64,28,27,55,9,38,14,6,8,15
S01012531,277,54,12,42,51,23,32,33,25,37,8,8,0,14
S01012532,286,23,8,15,61,19,45,41,40,30,7,2,5,20
S01012533,210,21,6,15,49,12,20,44,22,22,7,3,4,13
S01012534,201,10,3,7,37,20,13,36,27,35,17,11,6,6
S01012535,301,6,2,4,40,17,32,63,48,71,7,4,3,17
S01012536,271,11,2,9,38,12,33,33,41,63,18,9,9,22
S01012537,305,8,1,7,30,15,22,47,37,76,19,8,11,51
S01012538,366,26,12,14,54,25,38,63,44,78,16,7,9,22
S01012539,268,22,7,15,44,14,52,38,31,44,13,9,4,10
S01012540,251,8,1,7,18,12,26,40,47,68,17,11,6,15
S01012541,404,37,9,28,51,21,103,44,45,62,20,12,8,21
S01012542,343,45,8,37,77,21,49,39,26,37,35,32,3,14
S01012543,246,43,6,37,49,12,55,28,14,30,6,2,4,9
S01012544,278,32,7,25,64,14,40,39,29,35,11,3,8,14
S01012545,154,9,5,4,29,8,16,24,23,33,10,6,4,2
S01012546,282,23,1,22,43,20,42,46,40,40,10,7,3,18
S01012547,282,51,13,38,72,22,31,27,33,22,12,6,6,12
S01012548,294,51,14,37,72,20,39,44,20,30,7,4,3,11
S01012549,183,10,1,9,28,9,11,31,33,42,11,3,8,8
S01012550,291,24,6,18,54,21,28,49,35,42,16,6,10,22
S01012551,301,35,6,29,98,25,36,43,27,18,4,1,3,15
S01012552,344,70,14,56,99,29,35,36,18,26,3,1,2,28
S01012553,304,55,7,48,82,42,22,37,19,20,7,3,4,20
S01012554,166,29,9,20,36,16,19,25,10,9,3,2,1,19
S01012555,212,30,5,25,62,21,14,29,17,11,3,0,3,25
S01012556,210,45,11,34,58,15,19,25,10,12,3,2,1,23
S01012557,222,46,10,36,59,13,21,25,13,14,8,3,5,23
S01012558,231,14,2,12,42,16,14,40,30,45,17,7,10,13
S01012559,258,18,7,11,53,23,21,53,26,37,18,9,9,9
S01012560,170,15,4,11,35,15,12,30,18,33,5,2,3,7
S01012561,250,20,4,16,52,27,18,35,29,33,14,8,6,22
S01012562,283,19,2,17,55,18,18,62,33,47,18,9,9,13
S01012563,231,64,14,50,65,19,25,13,9,7,7,4,3,22
S01012564,279,52,10,42,81,17,43,31,20,13,7,3,4,15
S01012565,247,52,8,44,59,22,34,22,16,18,3,2,1,21
S01012566,252,37,8,29,60,13,31,28,30,31,9,4,5,13
S01012567,392,43,12,31,65,23,42,66,59,44,22,10,12,28
S01012568,213,57,14,43,55,12,29,13,11,8,8,4,4,20
S01012569,267,89,22,67,59,15,44,13,12,8,3,2,1,24
S01012570,187,15,1,14,32,15,34,35,17,22,8,5,3,9
S01012571,324,19,1,18,53,15,70,46,33,62,13,5,8,13
S01012572,208,24,4,20,30,9,43,21,29,35,8,6,2,9
S01012573,318,64,12,52,70,12,75,29,23,22,9,8,1,14
S01012574,310,42,16,26,79,19,64,32,18,37,6,2,4,13
S01012575,228,38,7,31,55,10,38,20,27,23,5,2,3,12
S01012576,248,49,9,40,64,16,46,21,17,27,2,0,2,6
S01012577,284,39,7,32,49,12,62,35,31,41,5,1,4,10
S01012578,319,47,13,34,67,8,56,28,29,55,13,10,3,16
S01012579,254,38,6,32,39,14,49,30,25,38,7,1,6,14
S01012580,291,54,11,43,53,11,73,23,26,28,10,3,7,13
S01012581,257,12,4,8,35,19,21,43,38,47,28,13,15,14
S01012582,346,44,12,32,76,28,67,35,33,33,11,7,4,19
S01012583,272,17,4,13,39,18,29,45,34,64,18,9,9,8
S01012584,263,24,4,20,58,22,48,25,18,47,7,6,1,14
S01012585,308,19,6,13,50,8,29,52,38,78,17,8,9,17
S01012586,445,40,10,30,87,25,57,47,47,67,51,49,2,24
S01012587,325,35,10,25,78,9,85,34,21,39,7,5,2,17
S01012588,239,25,7,18,42,16,53,25,19,44,6,4,2,9
S01012589,240,11,2,9,34,18,17,44,25,68,9,6,3,14
S01012590,295,22,4,18,33,15,23,44,44,90,11,7,4,13
S01012591,289,10,3,7,30,14,17,45,51,94,24,13,11,4
S01012592,227,42,12,30,57,22,36,17,16,18,9,5,4,10
S01012593,322,45,11,34,74,31,25,44,25,45,5,2,3,28
S01012594,169,14,4,10,38,14,12,26,13,34,6,5,1,12
S01012595,236,12,1,11,40,27,31,36,30,47,9,6,3,4
S01012596,271,16,5,11,33,20,19,41,23,87,20,11,9,12
S01012597,160,17,1,16,32,12,16,31,15,25,8,5,3,4
S01012598,265,51,7,44,70,29,22,30,18,25,5,2,3,15
S01012599,246,42,10,32,58,20,23,21,20,32,12,6,6,18
S01012600,283,42,13,29,74,37,25,29,19,31,11,6,5,15
S01012601,339,49,10,39,100,32,27,40,24,32,8,5,3,27
S01012602,200,17,4,13,37,11,9,34,19,46,19,13,6,8
S01012603,267,11,2,9,51,22,24,28,33,66,19,9,10,13
S01012604,239,21,7,14,39,13,16,28,40,60,5,3,2,17
S01012605,173,18,5,13,27,13,11,26,24,35,3,1,2,16
S01012606,271,55,13,42,83,35,14,27,21,22,4,2,2,10
S01012607,296,32,6,26,57,24,33,37,37,42,12,7,5,22
S01012608,295,11,2,9,49,28,23,39,30,82,19,10,9,14
S01012609,275,7,0,7,25,25,22,45,40,82,22,15,7,7
S01012610,330,18,4,14,35,21,32,47,44,74,37,21,16,22
S01012611,323,45,10,35,61,25,27,36,43,55,7,3,4,24
S01012612,276,18,4,14,45,21,31,34,24,59,23,9,14,21
S01012613,256,22,5,17,41,21,22,36,30,63,15,10,5,6
S01012614,393,39,11,28,90,33,35,52,44,55,14,7,7,31
S01012615,252,56,11,45,51,15,41,16,15,29,12,3,9,17
S01012616,336,58,15,43,63,19,62,31,31,35,11,8,3,26
S01012617,148,18,4,14,33,9,33,17,10,13,5,5,0,10
S01012618,207,23,5,18,32,17,24,31,16,39,8,5,3,17
S01012619,200,17,4,13,25,15,23,23,20,47,22,14,8,8
S01012620,276,58,11,47,73,29,41,23,18,16,6,3,3,12
S01012621,216,37,7,30,53,17,22,15,12,23,24,16,8,13
S01012622,263,26,5,21,69,14,31,35,26,39,14,9,5,9
S01012623,246,17,4,13,43,17,25,38,34,47,12,4,8,13
S01012624,245,15,4,11,32,20,29,35,37,49,10,4,6,18
S01012625,188,12,2,10,26,15,22,27,16,44,17,15,2,9
S01012626,179,21,3,18,45,18,17,26,15,23,2,2,0,12
S01012627,202,27,7,20,32,16,23,26,15,31,22,9,13,10
S01012628,322,77,19,58,79,29,34,25,28,24,9,7,2,17
S01012629,172,39,12,27,50,14,15,16,7,12,5,5,0,14
S01012630,315,37,7,30,64,23,37,42,34,44,25,13,12,9
S01012631,328,15,2,13,56,26,25,44,32,77,29,12,17,24
S01012632,284,32,4,28,48,27,70,27,19,46,7,6,1,8
S01012633,262,44,11,33,56,12,57,32,22,20,7,5,2,12
S01012634,267,17,5,12,38,24,39,30,26,59,21,11,10,13
S01012635,399,62,12,50,100,26,52,45,32,52,9,2,7,21
S01012636,222,25,6,19,54,6,53,21,19,37,2,1,1,5
S01012637,291,7,1,6,24,13,21,40,46,101,32,15,17,7
S01012638,293,24,6,18,37,22,28,42,30,81,15,5,10,14
S01012639,309,17,5,12,40,15,33,37,56,86,13,9,4,12
S01012640,346,7,3,4,42,17,51,43,39,96,42,16,26,9
S01012641,324,19,9,10,44,16,42,51,47,69,21,8,13,15
S01012642,267,5,1,4,19,13,16,33,44,91,36,21,15,10
S01012643,159,2,0,2,20,9,10,26,27,50,9,6,3,6
S01012644,218,12,0,12,27,11,24,34,37,48,16,12,4,9
S01012645,291,27,5,22,60,11,51,37,21,62,11,4,7,11
S01012646,346,45,11,34,62,22,59,55,27,49,12,8,4,15
S01012647,260,29,6,23,70,23,31,29,19,42,4,2,2,13
S01012648,195,7,1,6,28,6,19,24,32,50,13,6,7,16
S01012649,241,30,9,21,43,15,24,23,29,38,22,19,3,17
S01012650,238,34,9,25,46,25,28,24,22,38,9,4,5,12
S01012651,220,4,1,3,13,8,14,36,32,89,18,13,5,6
S01012652,413,63,18,45,90,42,37,57,31,58,11,3,8,24
S01012653,333,17,3,14,41,18,45,45,34,69,42,26,16,22
S01012654,280,37,12,25,65,19,43,24,29,38,7,4,3,18
S01012655,399,25,10,15,61,27,57,45,44,90,33,18,15,17
S01012656,269,12,1,11,36,18,33,44,37,72,12,5,7,5
S01012657,182,11,1,10,27,13,20,21,22,46,14,8,6,8
S01012658,345,36,8,28,84,24,44,67,21,42,9,5,4,18
S01012659,355,50,12,38,95,35,31,43,25,40,6,3,3,30
S01012660,252,26,4,22,37,18,21,36,35,53,12,4,8,14
S01012661,276,33,10,23,45,22,42,33,23,53,10,5,5,15
S01012662,259,18,6,12,29,10,31,37,48,60,9,4,5,17
S01012663,259,28,5,23,47,20,38,35,29,38,11,6,5,13
S01012664,355,22,8,14,49,23,51,60,41,69,22,11,11,18
S01012665,234,4,1,3,23,17,25,36,32,67,19,8,11,11
S01012666,206,5,3,2,19,16,23,27,29,65,14,8,6,8
S01012667,223,9,3,6,25,9,32,31,28,53,25,10,15,11
S01012668,248,6,1,5,31,18,35,40,24,66,17,9,8,11
S01012669,266,29,9,20,69,26,15,33,31,43,6,4,2,14
S01012670,266,38,8,30,67,25,27,33,24,30,6,5,1,16
S01012671,335,11,3,8,41,16,40,51,51,86,22,12,10,17
S01012672,267,5,3,2,24,12,18,42,46,86,28,17,11,6
S01012673,197,4,0,4,12,11,12,32,32,68,18,10,8,8
S01012674,199,2,1,1,16,12,16,27,25,58,32,19,13,11
S01012675,295,6,0,6,28,15,29,39,47,90,31,18,13,10
S01012676,287,12,3,9,40,25,29,44,31,76,14,5,9,16
S01012677,209,8,3,5,29,13,22,31,17,64,18,9,9,7
S01012678,262,24,6,18,53,23,27,33,21,52,11,6,5,18
S01012679,299,25,8,17,49,16,37,45,26,74,17,10,7,10
S01012680,200,30,3,27,47,17,19,23,16,30,3,3,0,15
S01012681,240,12,4,8,47,22,45,29,13,41,13,4,9,18
S01012682,249,38,12,26,54,16,40,25,22,38,7,3,4,9
S01012683,269,22,4,18,40,18,28,43,37,44,21,7,14,16
S01012684,201,31,8,23,41,18,29,23,10,32,9,7,2,8
S01012685,281,16,4,12,47,16,27,37,40,66,15,3,12,17
S01012686,362,85,13,72,82,29,48,34,24,31,10,5,5,19
S01012687,177,57,9,48,57,9,23,9,4,5,1,1,0,12
S01012688,289,51,11,40,72,21,29,26,21,43,11,5,6,15
S01012689,170,44,12,32,37,4,25,16,13,14,2,1,1,15
S01012690,193,28,6,22,42,22,15,25,20,28,1,0,1,12
S01012691,260,68,16,52,84,11,25,23,12,14,7,5,2,16
S01012692,263,37,7,30,54,27,23,33,25,30,15,12,3,19
S01012693,323,94,20,74,90,20,37,21,15,13,4,0,4,29
S01012694,152,21,4,17,39,14,13,20,16,14,3,2,1,12
S01012695,311,37,5,32,58,15,82,28,28,42,6,3,3,15
S01012696,428,53,14,39,52,20,90,22,40,39,49,49,0,63
S01012697,187,34,7,27,38,10,45,17,10,21,3,3,0,9
S01012698,298,46,9,37,79,20,54,21,27,25,11,9,2,15
S01012699,363,64,15,49,67,22,90,35,22,39,7,3,4,17
S01012700,303,41,14,27,62,23,46,36,28,33,10,6,4,24
S01012701,212,43,7,36,42,26,21,27,16,17,3,2,1,17
S01012702,212,39,8,31,52,21,29,24,10,24,6,1,5,7
S01012703,223,33,7,26,55,16,23,28,16,27,8,4,4,17
S01012704,266,6,4,2,27,23,28,39,34,69,29,14,15,11
S01012705,266,53,11,42,68,20,35,35,14,17,4,3,1,20
S01012706,271,10,3,7,25,15,25,30,44,75,25,11,14,22
S01012707,349,66,14,52,106,32,36,35,23,22,5,3,2,24
S01012708,259,10,1,9,30,22,27,33,35,66,23,9,14,13
S01012709,170,14,6,8,27,25,17,27,26,24,6,2,4,4
S01012710,271,26,10,16,49,30,33,30,31,50,12,7,5,10
S01012711,324,18,6,12,41,23,34,37,41,76,45,20,25,9
S01012712,296,62,12,50,91,18,31,34,17,13,9,5,4,21
S01012713,248,47,13,34,58,22,26,26,25,26,6,3,3,12
S01012714,220,49,11,38,65,16,25,24,16,10,6,3,3,9
S01012715,274,31,7,24,45,35,29,39,23,43,19,7,12,10
S01012716,288,85,17,68,75,17,43,19,11,15,4,2,2,19
S01012717,359,49,7,42,78,37,34,35,31,54,27,15,12,14
S01012718,363,56,11,45,103,29,36,43,30,37,10,4,6,19
S01012719,333,50,8,42,61,35,35,39,31,47,14,7,7,21
S01012720,251,32,4,28,58,12,27,23,18,38,16,5,11,27
S01012721,225,14,4,10,44,20,25,26,31,43,10,6,4,12
S01012722,286,13,2,11,28,21,17,45,42,77,33,14,19,10
S01012723,257,9,2,7,34,16,31,34,41,62,19,10,9,11
S01012724,277,31,6,25,60,24,33,25,36,49,9,7,2,10
S01012725,358,51,9,42,69,41,35,38,31,49,21,11,10,23
S01012726,201,16,3,13,32,12,24,22,36,41,8,5,3,10
S01012727,243,4,0,4,30,19,18,38,32,60,31,20,11,11
S01012728,249,5,1,4,28,15,21,27,40,74,26,14,12,13
S01012729,297,32,6,26,44,29,34,58,27,38,10,6,4,25
S01012730,199,7,2,5,21,11,17,25,39,58,16,7,9,5
S01012731,272,12,1,11,39,24,20,44,34,76,14,7,7,9
S01012732,241,19,5,14,22,24,18,37,41,58,15,2,13,7
S01012733,369,67,16,51,108,43,54,33,21,20,1,1,0,22
S01012734,200,50,10,40,60,14,18,26,10,7,1,0,1,14
S01012735,183,8,1,7,28,20,11,34,23,44,7,3,4,8
S01012736,348,27,4,23,63,39,31,50,43,67,16,11,5,12
S01012737,302,29,4,25,57,36,28,38,36,52,7,5,2,19
S01012738,223,6,1,5,34,15,24,26,33,47,23,17,6,15
S01012739,308,68,10,58,87,28,47,23,12,18,4,2,2,21
S01012740,301,56,13,43,78,22,41,31,23,29,4,1,3,17
S01012741,231,36,10,26,58,32,22,24,18,20,2,0,2,19
S01012742,274,46,12,34,83,27,30,26,19,19,4,4,0,20
S01012743,210,27,7,20,56,21,23,26,15,17,0,0,0,25
S01012744,274,49,8,41,63,26,30,40,20,25,5,2,3,16
S01012745,246,38,9,29,54,24,30,32,23,26,5,1,4,14
S01012746,305,36,8,28,75,29,38,37,27,39,5,2,3,19
S01012747,304,21,4,17,50,30,27,36,44,55,19,10,9,22
S01012748,287,8,2,6,20,16,25,33,38,93,36,20,16,18
S01012749,305,3,1,2,31,22,33,41,39,67,44,17,27,25
S01012750,289,7,1,6,25,18,21,25,60,82,34,15,19,17
S01012751,288,13,4,9,31,25,23,49,53,58,27,10,17,9
S01012752,301,24,6,18,52,16,31,44,35,73,15,8,7,11
S01012753,150,5,2,3,12,8,17,25,22,44,11,6,5,6
S01012754,225,9,1,8,31,10,23,32,35,57,17,8,9,11
S01012755,175,7,1,6,24,13,12,22,30,37,23,15,8,7
S01012756,185,11,4,7,25,14,18,28,29,42,13,11,2,5
S01012757,168,6,1,5,17,13,19,26,24,45,11,5,6,7
S01012758,200,17,3,14,32,18,26,23,24,33,14,8,6,13
S01012759,258,8,1,7,23,15,18,39,47,63,32,21,11,13
S01012760,320,12,8,4,46,23,24,37,37,76,40,27,13,25
S01012761,301,19,5,14,35,32,30,50,37,66,22,8,14,10
S01012762,270,14,4,10,33,22,24,55,38,58,8,4,4,18
S01012763,150,8,4,4,18,8,13,23,22,39,13,10,3,6
S01012764,277,18,7,11,28,29,21,43,31,72,16,9,7,19
S01012765,256,22,5,17,51,17,22,39,26,48,18,9,9,13
S01012766,298,14,3,11,43,21,27,51,44,64,21,13,8,13
S01012767,228,19,5,14,41,21,27,38,26,37,5,3,2,14
S01012768,296,27,5,22,56,39,31,57,35,26,3,2,1,22
S01012769,179,24,5,19,39,11,23,16,19,25,8,6,2,14
S01012770,291,21,3,18,55,25,24,43,40,60,12,7,5,11
S01012771,257,28,5,23,35,16,25,33,36,55,15,8,7,14
S01012772,233,4,2,2,17,15,22,44,36,65,16,9,7,14
S01012773,336,23,4,19,43,40,34,42,44,77,20,12,8,13
S01012774,329,23,9,14,53,26,31,44,45,62,28,11,17,17
S01012775,169,12,2,10,26,16,25,19,24,25,14,5,9,8
S01012776,297,9,0,9,31,25,20,41,56,79,23,5,18,13
S01012777,332,27,6,21,75,32,34,56,34,34,16,13,3,24
S01012778,250,18,5,13,38,23,17,33,26,54,28,17,11,13
S01012779,156,7,1,6,25,9,17,21,20,30,18,11,7,9
S01012780,225,9,2,7,23,18,20,23,44,52,23,13,10,13
S01012781,257,19,4,15,61,25,30,31,29,31,7,4,3,24
S01012782,226,3,1,2,18,22,20,32,46,49,28,14,14,8
S01012783,239,5,2,3,20,12,22,37,44,56,29,17,12,14
S01012784,282,16,2,14,40,29,19,42,38,67,18,6,12,13
S01012785,265,7,2,5,25,15,20,41,56,61,34,16,18,6
S01012786,270,8,0,8,19,25,18,32,50,53,40,19,21,25
S01012787,208,18,5,13,47,25,21,24,23,30,8,5,3,12
S01012788,236,14,1,13,18,11,20,34,21,74,32,19,13,12
S01012789,292,39,8,31,44,29,33,38,36,42,13,9,4,18
S01012790,210,50,6,44,50,26,17,15,6,27,1,1,0,18
S01012791,252,57,12,45,67,22,23,16,28,13,4,1,3,22
S01012792,332,28,5,23,69,32,29,41,37,56,22,8,14,18
S01012793,349,8,1,7,48,24,29,25,51,61,34,24,10,69
S01012794,260,46,9,37,79,15,30,20,21,35,3,0,3,11
S01012795,364,12,4,8,32,29,36,39,73,92,32,14,18,19
S01012796,283,16,2,14,51,26,28,32,52,55,14,6,8,9
S01012797,232,13,3,10,40,19,22,31,30,46,19,8,11,12
S01012798,256,65,20,45,59,12,34,15,12,22,6,3,3,31
S01012799,275,77,16,61,81,16,36,15,8,19,3,0,3,20
S01012800,333,91,15,76,92,22,44,19,16,15,5,2,3,29
S01012801,137,41,6,35,38,11,14,7,4,10,3,0,3,9
S01012802,229,77,24,53,43,10,36,17,10,4,2,1,1,30
S01012803,269,47,6,41,68,33,23,22,23,11,3,1,2,39
S01012804,262,15,0,15,45,20,27,37,40,39,20,11,9,19
S01012805,297,18,6,12,41,37,26,34,48,52,16,7,9,25
S01012806,264,26,6,20,59,29,25,24,31,38,11,8,3,21
S01012807,207,54,17,37,56,16,37,10,9,6,1,0,1,18
S01012808,364,75,18,57,81,29,42,38,27,31,14,6,8,27
S01012809,257,43,10,33,59,21,25,28,18,28,8,4,4,27
S01012810,316,27,8,19,43,18,31,35,44,82,14,7,7,22
S01012811,278,36,5,31,56,19,16,37,43,41,10,4,6,20
S01012812,245,35,8,27,48,15,23,34,32,37,11,4,7,10
S01012813,331,96,20,76,95,29,31,20,20,18,7,6,1,15
S01012814,309,35,3,32,81,30,37,42,28,36,7,0,7,13
S01012815,303,51,11,40,75,24,31,42,27,24,7,1,6,22
S01012816,202,17,6,11,46,24,30,26,14,29,8,4,4,8
S01012817,189,33,2,31,36,34,24,16,12,19,4,2,2,11
S01012818,295,33,3,30,77,36,30,33,26,27,6,4,2,27
S01012819,260,12,2,10,26,25,15,39,40,62,24,12,12,17
S01012820,378,50,11,39,79,42,54,39,43,34,11,7,4,26
S01012821,275,34,7,27,56,25,43,43,15,26,13,9,4,20
S01012822,165,9,0,9,11,10,10,25,30,35,25,7,18,10
S01012823,317,24,6,18,56,28,28,56,43,38,20,15,5,24
S01012824,228,13,3,10,47,20,24,30,35,33,8,5,3,18
S01012825,205,15,2,13,29,18,16,30,19,51,16,5,11,11
S01012826,187,6,2,4,18,13,15,21,25,35,34,24,10,20
S01012827,243,31,9,22,61,19,28,31,20,36,8,7,1,9
S01012828,232,26,6,20,67,24,23,22,28,30,3,1,2,9
S01012829,268,9,0,9,27,18,29,29,39,83,30,15,15,4
S01012830,246,13,5,8,36,21,34,38,34,43,16,10,6,11
S01012831,232,12,5,7,42,11,25,35,26,59,15,8,7,7
S01012832,182,19,4,15,24,16,23,21,22,32,14,9,5,11
S01012833,236,14,0,14,17,6,16,25,49,70,27,19,8,12
S01012834,244,22,2,20,30,12,30,36,27,49,30,20,10,8
S01012835,338,32,6,26,63,26,29,43,30,74,28,21,7,13
S01012836,230,36,7,29,50,14,41,29,11,25,6,5,1,18
S01012837,293,4,2,2,25,17,22,35,52,65,52,20,32,21
S01012838,336,7,1,6,30,20,18,39,68,82,62,24,38,10
S01012839,262,27,6,21,48,27,46,41,25,32,6,2,4,10
S01012840,295,53,15,38,76,32,38,22,28,21,5,0,5,20
S01012841,232,30,5,25,48,27,30,36,22,25,4,2,2,10
S01012842,187,21,2,19,42,22,15,30,16,26,4,2,2,11
S01012843,339,79,16,63,96,33,40,18,20,20,9,8,1,24
S01012844,265,77,14,63,71,19,31,12,11,14,4,2,2,26
S01012845,241,56,10,46,61,15,25,20,11,16,16,14,2,21
S01012846,337,19,3,16,50,26,33,52,39,78,22,8,14,18
S01012847,193,14,3,11,30,11,28,37,28,27,8,6,2,10
S01012848,258,36,5,31,61,25,35,32,21,32,9,3,6,7
S01012849,243,22,2,20,40,31,21,38,24,44,15,10,5,8
S01012850,264,6,1,5,32,21,21,32,54,73,13,8,5,12
S01012851,284,32,7,25,51,19,32,36,31,45,14,12,2,24
S01012852,257,47,9,38,69,27,30,28,22,10,5,1,4,19
S01012853,282,26,5,21,77,27,38,34,33,26,7,3,4,14
S01012854,302,49,6,43,71,39,33,23,28,30,3,2,1,26
S01012855,258,43,9,34,65,29,22,29,30,18,9,5,4,13
S01012856,269,14,4,10,50,25,25,25,40,53,27,17,10,10
S01012857,270,8,2,6,38,30,21,37,40,52,32,22,10,12
S01012858,282,22,4,18,33,31,18,34,47,58,25,13,12,14
S01012859,391,21,1,20,54,40,46,46,49,82,23,11,12,30
S01012860,302,30,10,20,58,28,49,25,29,46,11,7,4,26
S01012861,245,30,5,25,46,14,41,27,22,34,10,3,7,21
S01012862,244,1,0,1,25,10,23,37,49,53,24,13,11,22
S01012863,298,12,1,11,35,28,13,30,51,69,46,16,30,14
S01012864,315,9,1,8,41,22,31,38,37,66,44,18,26,27
S01012865,258,22,5,17,34,27,38,27,36,46,11,7,4,17
S01012866,271,12,3,9,39,20,29,38,30,57,16,3,13,30
S01012867,271,3,1,2,19,14,20,46,36,96,31,16,15,6
S01012868,238,6,0,6,24,20,21,39,44,54,19,11,8,11
S01012869,188,5,0,5,10,10,15,24,25,46,41,25,16,12
S01012870,366,25,6,19,57,34,52,47,46,61,18,13,5,26
S01012871,291,16,3,13,70,36,36,34,33,42,10,5,5,14
S01012872,277,19,2,17,38,41,28,29,41,46,10,5,5,25
S01012873,285,20,3,17,41,45,30,40,32,54,8,5,3,15
S01012874,275,18,2,16,36,19,21,34,50,53,23,9,14,21
S01012875,229,12,0,12,31,16,23,24,27,53,17,8,9,26
S01012876,267,9,2,7,26,10,28,40,50,67,18,9,9,19
S01012877,248,4,2,2,29,30,24,38,41,61,8,3,5,13
S01012878,340,64,15,49,89,34,34,39,25,27,6,1,5,22
S01012879,247,42,6,36,53,25,23,27,19,30,7,3,4,21
S01012880,320,82,11,71,80,21,28,25,24,14,7,3,4,39
S01012881,280,52,12,40,61,27,31,28,23,24,8,6,2,26
S01012882,216,12,3,9,29,12,20,32,32,44,19,9,10,16
S01012883,232,12,3,9,16,18,24,22,42,59,31,17,14,8
S01012884,173,24,6,18,27,10,21,16,21,31,11,5,6,12
S01012885,170,3,1,2,11,17,16,14,34,43,26,15,11,6
S01012886,279,47,7,40,74,32,26,33,19,20,6,3,3,22
S01012887,253,49,11,38,63,30,23,27,17,21,8,4,4,15
S01012888,281,86,16,70,72,19,28,21,9,14,4,3,1,28
S01012889,305,40,8,32,79,19,41,35,30,42,6,6,0,13
S01012890,242,15,5,10,26,16,22,33,30,51,24,17,7,25
S01012891,180,8,2,6,21,11,25,21,29,45,12,5,7,8
S01012892,396,22,3,19,26,28,35,64,79,90,37,14,23,15
S01012893,242,7,2,5,14,11,19,44,50,60,15,7,8,22
S01012894,279,44,8,36,71,14,34,18,19,39,18,15,3,22
S01012895,189,28,7,21,45,14,36,16,14,21,4,1,3,11
S01012896,340,26,6,20,69,23,32,40,48,58,23,10,13,21
S01012897,211,30,6,24,57,19,23,28,21,17,5,3,2,11
S01012898,191,46,11,35,43,15,19,21,11,13,4,1,3,19
S01012899,237,11,2,9,31,21,30,33,34,55,16,3,13,6
S01012900,229,37,5,32,54,16,39,26,16,22,6,4,2,13
S01012901,247,17,4,13,37,29,27,39,29,40,13,1,12,16
S01012902,295,20,6,14,60,33,26,38,43,44,13,6,7,18
S01012903,294,17,3,14,42,34,27,39,41,51,21,8,13,22
S01012904,264,15,1,14,44,35,28,40,35,37,10,6,4,20
S01012905,216,9,2,7,26,27,15,33,32,38,14,5,9,22
S01012906,329,38,6,32,76,31,33,48,44,34,9,3,6,16
S01012907,290,15,1,14,40,43,30,37,40,54,12,5,7,19
S01012908,243,13,3,10,34,25,26,35,34,39,21,7,14,16
S01012909,200,15,3,12,42,24,13,22,26,37,13,6,7,8
S01012910,356,19,6,13,57,33,40,45,55,68,21,7,14,18
S01012911,266,31,5,26,51,18,22,43,29,31,9,8,1,32
S01012912,221,12,5,7,35,28,25,28,28,42,11,4,7,12
S01012913,293,31,5,26,46,31,21,35,37,61,11,5,6,20
S01012914,337,39,5,34,68,34,30,54,33,43,16,7,9,20
S01012915,363,50,17,33,80,40,35,55,31,45,10,1,9,17
S01012916,262,28,6,22,52,26,25,28,25,42,5,4,1,31
S01012917,263,41,4,37,62,21,35,31,21,19,3,3,0,30
S01012918,184,15,6,9,23,28,15,26,19,40,6,2,4,12
S01012919,162,8,2,6,29,17,14,25,22,29,11,7,4,7
S01012920,235,46,8,38,67,15,35,16,11,11,4,1,3,30
S01012921,232,17,7,10,38,22,16,30,32,44,12,9,3,21
S01012922,341,33,6,27,75,29,28,43,46,58,9,6,3,20
S01012923,258,27,8,19,48,24,23,36,28,40,6,5,1,26
S01012924,210,22,8,14,39,25,25,25,27,21,9,1,8,17
S01012925,189,30,8,22,62,13,14,14,11,20,3,1,2,22
S01012926,278,31,9,22,56,28,33,38,23,31,11,5,6,27
S01012927,294,27,2,25,54,25,21,42,42,48,9,4,5,26
S01012928,283,32,6,26,71,28,26,33,26,35,7,2,5,25
S01012929,261,29,6,23,45,30,23,37,24,45,3,2,1,25
S01012930,313,44,7,37,67,36,30,36,28,50,12,3,9,10
S01012931,321,33,10,23,66,34,28,45,40,46,11,5,6,18
S01012932,178,31,7,24,35,13,29,27,15,13,1,1,0,14
S01012933,293,29,7,22,47,34,26,44,29,47,21,11,10,16
S01012934,237,23,2,21,42,21,27,34,32,32,15,6,9,11
S01012935,308,36,8,28,53,31,27,30,41,45,16,6,10,29
S01012936,246,30,6,24,48,12,33,39,22,37,13,5,8,12
S01012937,268,41,11,30,52,28,15,30,25,36,17,6,11,24
S01012938,256,67,16,51,59,18,28,23,15,15,5,2,3,26
S01012939,235,46,5,41,72,19,25,22,12,8,3,1,2,28
S01012940,266,58,8,50,57,35,34,29,17,13,2,1,1,21
S01012941,306,82,19,63,80,27,31,20,9,14,5,4,1,38
S01012942,256,20,2,18,35,25,13,42,36,46,16,6,10,23
S01012943,258,42,6,36,56,29,24,33,25,23,8,3,5,18
S01012944,186,37,6,31,57,18,17,12,9,8,6,3,3,22
S01012945,262,65,19,46,71,27,31,18,8,10,6,2,4,26
S01012946,324,50,9,41,92,31,32,37,14,25,4,4,0,39
S01012947,182,44,9,35,47,12,22,9,5,15,4,2,2,24
S01012948,258,41,12,29,56,26,33,25,24,25,5,4,1,23
S01012949,283,30,3,27,67,32,39,36,20,27,6,4,2,26
S01012950,342,71,15,56,100,26,32,20,22,20,10,4,6,41
S01012951,330,84,20,64,111,20,44,17,18,11,3,1,2,22
S01012952,231,62,14,48,64,7,51,9,8,8,2,2,0,20
S01012953,273,40,7,33,58,54,28,15,22,32,5,4,1,19
S01012954,195,24,1,23,41,22,19,20,22,24,4,0,4,19
S01012955,356,89,20,69,89,32,31,37,14,21,10,4,6,33
S01012956,327,32,4,28,44,35,30,40,47,55,19,13,6,25
S01012957,244,20,4,16,41,18,26,32,33,37,19,6,13,18
S01012958,206,20,1,19,35,20,27,22,26,29,11,9,2,16
S01012959,217,24,8,16,53,28,24,19,19,24,2,1,1,24
S01012960,223,35,4,31,44,19,19,22,27,27,12,4,8,18
S01012961,187,33,7,26,51,14,24,13,10,27,1,0,1,14
S01012962,257,47,8,39,67,27,26,26,21,16,4,1,3,23
S01012963,292,58,16,42,71,27,29,32,24,21,4,1,3,26
S01012964,218,36,9,27,51,18,29,35,9,18,2,0,2,20
S01012965,225,42,6,36,46,16,18,30,19,24,7,1,6,23
S01012966,246,23,4,19,54,22,32,29,31,36,7,5,2,12
S01012967,184,13,0,13,30,18,10,27,31,35,9,3,6,11
S01012968,243,16,1,15,40,22,25,24,38,68,2,2,0,8
S01012969,243,17,4,13,39,24,16,30,35,58,10,4,6,14
S01012970,218,17,5,12,40,12,25,24,33,45,10,5,5,12
S01012971,286,22,5,17,36,17,28,38,36,66,12,8,4,31
S01012972,265,11,3,8,28,20,30,49,38,65,13,7,6,11
S01012973,289,25,10,15,47,33,22,42,46,48,17,13,4,9
S01012974,346,24,4,20,50,29,34,43,54,67,29,13,16,16
S01012975,199,13,6,7,20,16,15,36,33,45,11,4,7,10
S01012976,190,16,3,13,27,18,17,19,36,40,6,2,4,11
S01012977,266,14,3,11,27,14,24,39,49,62,13,9,4,24
S01012978,296,13,5,8,34,27,29,41,38,74,14,10,4,26
S01012979,224,14,3,11,39,18,23,35,31,39,7,3,4,18
S01012980,237,17,3,14,34,31,14,37,27,39,24,11,13,14
S01012981,287,17,6,11,44,29,21,39,39,62,12,4,8,24
S01012982,289,16,6,10,53,28,24,51,31,62,8,5,3,16
S01012983,269,36,5,31,56,40,25,23,32,33,5,2,3,19
S01012984,220,19,5,14,53,25,16,24,27,31,8,2,6,17
S01012985,284,20,4,16,46,31,27,50,29,51,6,3,3,24
S01012986,273,13,4,9,51,32,20,36,32,65,9,5,4,15
S01012987,263,19,1,18,34,26,34,29,28,50,13,5,8,30
S01012988,293,17,4,13,54,24,23,51,47,52,4,2,2,21
S01012989,318,21,5,16,62,29,25,51,42,49,18,8,10,21
S01012990,198,13,5,8,32,26,14,26,18,41,12,3,9,16
S01012991,265,19,2,17,50,25,23,45,29,46,15,5,10,13
S01012992,258,17,2,15,41,27,22,27,41,42,14,6,8,27
S01012993,221,14,1,13,34,25,18,33,26,38,14,3,11,19
S01012994,341,31,5,26,47,35,35,42,43,69,17,2,15,22
S01012995,309,36,8,28,58,35,26,49,35,48,8,4,4,14
S01012996,248,7,0,7,53,28,29,42,29,30,7,1,6,23
S01012997,179,18,1,17,38,20,8,20,23,28,7,2,5,17
S01012998,365,40,9,31,76,27,35,45,36,63,6,4,2,37
S01012999,170,14,3,11,17,13,15,26,24,41,9,5,4,11
S01013000,221,17,2,15,24,20,23,41,39,41,9,3,6,7
S01013001,137,39,12,27,33,0,31,15,9,1,1,0,1,8
S01013002,188,51,6,45,35,7,40,12,16,7,2,1,1,18
S01013003,219,91,18,73,56,9,19,11,10,1,3,1,2,19
S01013004,217,50,7,43,64,9,33,18,13,12,4,1,3,14
S01013005,247,75,16,59,61,9,47,16,8,11,5,2,3,15
S01013006,225,87,15,72,54,3,22,13,10,8,10,6,4,18
S01013007,294,80,20,60,82,15,39,26,14,14,6,3,3,18
S01013008,258,74,23,51,51,10,45,25,15,20,5,2,3,13
S01013009,188,31,6,25,51,10,31,23,17,12,4,3,1,9
S01013010,218,56,13,43,40,4,56,12,18,9,7,4,3,16
S01013011,219,40,6,34,53,11,38,18,21,12,3,1,2,23
S01013012,217,28,5,23,43,11,23,29,23,26,11,3,8,23
S01013013,240,52,13,39,54,15,44,10,19,22,7,4,3,17
S01013014,252,28,7,21,56,18,55,27,20,28,9,5,4,11
S01013015,257,46,12,34,56,10,68,29,11,21,2,1,1,14
S01013016,229,62,13,49,48,4,67,13,11,12,0,0,0,12
S01013017,283,63,17,46,57,16,36,33,23,28,7,4,3,20
S01013018,325,89,17,72,74,16,58,29,19,22,3,0,3,15
S01013019,298,87,21,66,92,21,34,16,12,14,1,0,1,21
S01013020,158,14,2,12,22,8,17,22,18,42,8,5,3,7
S01013021,164,13,2,11,28,12,17,20,21,37,8,6,2,8
S01013022,151,17,3,14,38,13,10,17,16,19,7,4,3,14
S01013023,306,85,23,62,104,17,28,11,19,14,4,3,1,24
S01013024,175,37,10,27,46,13,22,19,9,12,1,1,0,16
S01013025,205,32,9,23,37,5,64,14,9,29,6,2,4,9
S01013026,388,37,5,32,70,25,32,49,51,95,22,9,13,7
S01013027,331,11,4,7,20,12,22,52,52,109,34,14,20,19
S01013028,190,25,6,19,25,4,30,27,29,36,4,1,3,10
S01013029,209,10,2,8,19,9,10,30,36,68,14,8,6,13
S01013030,216,10,1,9,19,14,22,39,32,53,21,14,7,6
S01013031,225,3,1,2,16,13,20,38,42,77,8,1,7,8
S01013032,276,22,5,17,59,21,34,44,30,53,4,1,3,9
S01013033,240,13,0,13,33,17,25,48,29,53,11,7,4,11
S01013034,251,7,2,5,22,11,15,57,47,71,11,8,3,10
S01013035,223,4,2,2,19,9,13,40,29,84,16,10,6,9
S01013036,274,7,1,6,23,11,20,51,42,79,29,21,8,12
S01013037,277,29,6,23,68,18,30,44,23,38,7,5,2,20
S01013038,338,19,4,15,44,34,29,50,49,64,20,13,7,29
S01013039,190,30,6,24,45,22,12,26,16,19,3,3,0,17
S01013040,230,17,0,17,41,20,24,41,31,35,9,6,3,12
S01013041,232,15,3,12,41,20,25,32,27,44,14,7,7,14
S01013042,306,29,9,20,54,20,41,43,19,56,12,5,7,32
S01013043,242,13,4,9,34,14,19,31,36,64,20,12,8,11
S01013044,285,9,1,8,45,17,26,37,43,70,18,9,9,20
S01013045,224,21,1,20,39,12,26,27,35,45,10,7,3,9
S01013046,189,7,5,2,25,11,18,26,27,44,13,5,8,18
S01013047,337,50,13,37,89,28,26,38,29,41,6,5,1,30
S01013048,331,33,11,22,77,36,14,55,42,47,9,1,8,18
S01013049,317,53,9,44,80,32,28,46,26,23,9,4,5,20
S01013050,291,24,5,19,38,30,27,51,23,59,25,18,7,14
S01013051,323,21,4,17,45,26,35,50,43,67,17,9,8,19
S01013052,231,17,4,13,28,16,23,39,37,51,10,9,1,10
S01013053,219,11,3,8,19,20,28,34,21,57,21,16,5,8
S01013054,243,26,5,21,51,10,26,40,27,38,9,4,5,16
S01013055,247,11,2,9,26,13,32,36,40,60,12,8,4,17
S01013056,318,19,4,15,41,15,39,50,32,80,22,14,8,20
S01013057,265,10,3,7,22,15,21,42,33,76,27,13,14,19
S01013058,202,36,12,24,54,18,14,21,17,19,6,3,3,17
S01013059,258,80,23,57,55,19,21,14,13,28,12,9,3,16
S01013060,193,51,10,41,50,17,17,11,11,7,14,7,7,15
S01013061,270,73,18,55,95,12,24,18,14,10,5,2,3,19
S01013062,277,88,16,72,78,12,33,15,10,9,5,2,3,27
S01013063,280,114,23,91,72,13,28,7,6,9,6,3,3,25
S01013064,306,20,3,17,41,23,26,45,52,74,15,11,4,10
S01013065,328,18,6,12,46,34,24,42,44,60,21,10,11,39
S01013066,274,23,6,17,43,24,28,35,38,37,21,10,11,25
S01013067,377,36,1,35,50,17,15,32,22,27,14,4,10,164
S01013068,301,21,3,18,37,16,16,21,31,61,29,10,19,69
S01013069,314,24,5,19,33,16,9,21,20,30,21,12,9,140
S01013070,267,13,2,11,22,13,17,17,29,26,12,8,4,118
S01013071,433,15,3,12,39,15,14,29,30,39,16,11,5,236
S01013072,201,8,2,6,12,6,12,30,37,61,18,13,5,17
S01013073,251,14,2,12,43,13,14,23,41,47,28,18,10,28
S01013074,234,5,0,5,9,7,26,36,43,57,28,18,10,23
S01013075,339,17,2,15,36,15,31,40,46,90,36,18,18,28
S01013076,306,27,4,23,34,7,23,16,13,15,5,2,3,166
S01013077,226,12,2,10,23,15,12,36,35,57,22,8,14,14
S01013078,198,5,1,4,20,10,13,32,32,57,18,11,7,11
S01013079,379,74,4,70,100,23,38,25,34,29,10,3,7,46
S01013080,331,65,14,51,65,10,31,30,19,20,6,4,2,85
S01013081,237,69,7,62,56,17,24,15,21,19,3,2,1,13
S01013082,322,52,11,41,85,33,31,34,36,25,9,4,5,17
S01013083,971,41,9,32,48,14,17,11,11,11,2,1,1,816
S01013084,261,65,12,53,78,24,23,20,12,17,2,2,0,20
S01013085,217,21,7,14,24,12,15,18,16,21,6,2,4,84
S01013086,326,77,7,70,66,20,30,23,23,22,15,7,8,50
S01013087,288,101,29,72,69,11,28,7,10,5,5,0,5,52
S01013088,349,111,26,85,106,13,46,15,13,7,7,3,4,31
S01013089,268,43,9,34,58,15,20,30,25,44,7,3,4,26
S01013090,333,52,6,46,59,14,24,28,25,17,9,6,3,105
S01013091,237,29,4,25,49,17,14,14,8,15,7,4,3,84
S01013092,318,53,8,45,59,25,28,35,20,40,19,13,6,39
S01013093,180,45,15,30,47,11,31,16,8,9,1,1,0,12
S01013094,218,78,11,67,68,10,12,9,10,7,4,2,2,20
S01013095,301,127,38,89,76,11,22,12,8,9,3,1,2,33
S01013096,194,16,6,10,35,8,13,20,27,28,5,3,2,42
S01013097,221,53,10,43,68,7,32,17,11,19,2,2,0,12
S01013098,203,82,23,59,69,5,14,5,4,5,2,2,0,17
S01013099,311,68,7,61,87,14,31,35,27,20,7,2,5,22
S01013100,201,73,24,49,65,8,18,6,5,5,11,9,2,10
S01013101,337,37,10,27,61,23,37,55,52,39,14,6,8,19
S01013102,189,58,14,44,59,9,7,16,18,8,3,1,2,11
S01013103,280,62,17,45,90,23,23,30,12,8,4,2,2,28
S01013104,343,82,16,66,108,29,43,22,18,14,10,4,6,17
S01013105,322,97,22,75,105,13,24,16,17,17,9,6,3,24
S01013106,287,36,4,32,52,23,50,36,24,42,4,3,1,20
S01013107,266,58,14,44,69,19,47,24,18,11,5,4,1,15
S01013108,204,37,8,29,38,10,27,23,21,30,6,2,4,12
S01013109,422,71,18,53,64,19,97,37,41,39,33,29,4,21
S01013110,231,35,6,29,59,4,67,17,13,17,5,2,3,14
S01013111,164,29,3,26,38,10,37,12,7,13,1,0,1,17
S01013112,222,32,9,23,40,17,30,28,26,29,10,5,5,10
S01013113,267,15,7,8,46,12,48,39,35,49,13,9,4,10
S01013114,315,51,13,38,57,19,69,37,25,32,12,5,7,13
S01013115,229,18,5,13,42,17,42,36,36,20,8,5,3,10
S01013116,263,54,15,39,80,12,45,17,22,17,4,2,2,12
S01013117,239,16,3,13,55,13,32,46,21,34,6,6,0,16
S01013118,216,31,9,22,54,8,36,26,21,29,2,1,1,9
S01013119,294,37,13,24,71,11,84,25,21,32,4,2,2,9
S01013120,375,42,8,34,57,19,92,60,41,35,6,1,5,23
S01013121,155,7,1,6,16,9,39,27,21,20,12,5,7,4
S01013122,246,7,3,4,23,17,13,26,40,62,42,18,24,16
S01013123,260,12,4,8,36,24,13,41,49,48,21,12,9,16
S01013124,253,16,8,8,31,23,15,41,46,50,13,7,6,18
S01013125,281,19,8,11,44,31,41,27,43,46,14,8,6,16
S01013126,255,12,2,10,24,15,12,26,39,63,38,18,20,26
S01013127,241,8,1,7,20,11,20,33,41,55,36,21,15,17
S01013128,253,8,1,7,34,20,7,39,48,56,33,14,19,8
S01013129,396,24,7,17,72,49,31,57,56,63,24,13,11,20
S01013130,208,11,2,9,29,19,13,30,25,30,34,14,20,17
S01013131,220,12,4,8,28,27,14,33,26,52,18,9,9,10
S01013132,196,8,0,8,12,12,20,31,32,41,24,13,11,16
S01013133,307,15,3,12,39,25,21,41,47,65,42,21,21,12
S01013134,292,29,10,19,52,27,28,32,36,53,10,4,6,25
S01013135,254,7,0,7,19,15,22,25,46,70,25,16,9,25
S01013136,352,8,3,5,46,31,19,51,63,93,18,9,9,23
S01013137,276,3,0,3,31,21,28,41,34,80,19,9,10,19
S01013138,209,2,0,2,21,14,17,30,37,44,23,15,8,21
S01013139,317,13,4,9,36,27,25,38,50,66,40,20,20,22
S01013140,271,12,3,9,23,26,24,25,42,66,30,20,10,23
S01013141,222,6,4,2,22,20,17,15,31,69,27,15,12,15
S01013142,255,5,2,3,18,23,20,35,42,64,33,22,11,15
S01013143,317,15,3,12,48,30,21,55,45,53,17,13,4,33
S01013144,313,13,4,9,45,25,25,52,48,63,20,10,10,22
S01013145,258,14,6,8,41,20,19,39,34,48,14,7,7,29
S01013146,160,8,1,7,17,11,22,14,32,36,11,7,4,9
S01013147,253,25,4,21,29,23,29,32,37,39,10,7,3,29
S01013148,263,19,5,14,48,31,27,43,35,34,20,9,11,6
S01013149,279,22,8,14,58,38,19,39,24,45,13,6,7,21
S01013150,296,20,5,15,47,31,25,42,42,58,8,5,3,23
S01013151,196,24,6,18,39,22,26,29,17,26,4,1,3,9
S01013152,313,29,6,23,49,24,33,35,38,64,17,10,7,24
S01013153,292,10,3,7,26,28,24,40,54,61,30,13,17,19
S01013154,306,12,3,9,34,23,26,48,37,75,26,9,17,25
S01013155,286,8,1,7,31,20,18,22,60,64,33,16,17,30
S01013156,275,5,1,4,26,16,11,48,43,63,30,14,16,33
S01013157,315,8,1,7,25,19,16,47,53,71,37,21,16,39
S01013158,199,19,2,17,57,26,24,24,17,15,4,2,2,13
S01013159,277,25,9,16,49,40,37,26,24,40,7,2,5,29
S01013160,258,41,9,32,58,24,41,29,22,23,8,3,5,12
S01013161,381,23,3,20,62,45,30,53,44,80,21,8,13,23
S01013162,290,13,3,10,35,29,26,42,43,64,20,3,17,18
S01013163,276,25,7,18,52,31,29,58,21,34,6,2,4,20
S01013164,412,39,6,33,72,29,54,47,42,74,25,9,16,30
S01013165,310,33,5,28,57,32,35,29,33,50,17,11,6,24
S01013166,259,9,2,7,18,20,18,32,46,65,37,14,23,14
S01013167,267,5,0,5,18,23,17,35,50,62,48,12,36,9
S01013168,304,6,0,6,33,17,19,53,54,59,38,16,22,25
S01013169,295,4,1,3,42,23,24,48,53,63,21,15,6,17
S01013170,203,4,0,4,23,14,15,28,38,43,28,10,18,10
S01013171,228,30,4,26,42,27,21,28,21,33,10,3,7,16
S01013172,252,18,6,12,41,37,19,32,36,39,13,7,6,17
S01013173,304,34,12,22,52,28,26,36,44,54,12,6,6,18
S01013174,295,47,11,36,70,29,25,44,25,30,6,4,2,19
S01013175,293,35,5,30,68,31,22,58,24,34,5,2,3,16
S01013176,284,30,7,23,56,32,23,45,19,44,17,10,7,18
S01013177,243,20,5,15,54,33,17,27,30,37,5,3,2,20
S01013178,281,26,5,21,51,33,24,37,33,49,6,1,5,22
S01013179,314,22,6,16,64,31,39,39,38,49,14,7,7,18
S01013180,176,13,2,11,41,14,15,27,18,24,9,4,5,15
S01013181,258,18,7,11,43,24,20,50,32,48,9,1,8,14
S01013182,254,11,2,9,33,29,19,32,45,54,14,5,9,17
S01013183,344,40,8,32,83,41,20,48,39,36,10,1,9,27
S01013184,194,2,0,2,19,19,10,20,41,42,37,19,18,4
S01013185,253,13,3,10,34,24,13,39,37,58,21,5,16,14
S01013186,225,2,0,2,22,18,17,36,45,47,26,14,12,12
S01013187,293,17,3,14,44,25,19,41,43,47,27,15,12,30
S01013188,340,23,2,21,58,42,22,50,53,56,9,5,4,27
S01013189,232,19,1,18,50,21,15,32,38,37,5,2,3,15
S01013190,290,20,5,15,51,34,29,45,44,37,12,6,6,18
S01013191,389,62,14,48,95,34,31,53,30,38,9,6,3,37
S01013192,320,30,5,25,70,39,29,37,43,29,14,8,6,29
S01013193,245,23,8,15,50,36,18,29,31,41,5,1,4,12
S01013194,243,23,3,20,39,28,20,44,34,34,9,2,7,12
S01013195,396,42,2,40,72,47,19,44,63,70,13,6,7,26
S01013196,273,23,7,16,63,28,25,39,40,39,5,2,3,11
S01013197,201,22,9,13,59,21,13,26,22,20,4,2,2,14
S01013198,288,19,6,13,38,19,36,38,31,56,27,17,10,24
S01013199,342,40,10,30,72,33,48,29,45,41,19,8,11,15
S01013200,240,18,3,15,49,23,15,25,37,32,18,13,5,23
S01013201,268,18,3,15,28,22,19,28,47,60,36,19,17,10
S01013202,200,12,2,10,24,17,13,22,33,43,24,11,13,12
S01013203,265,16,1,15,30,16,14,30,50,60,30,17,13,19
S01013204,292,21,3,18,67,27,11,50,37,50,13,5,8,16
S01013205,206,4,1,3,15,12,12,22,41,54,27,18,9,19
S01013206,241,11,3,8,25,15,13,32,51,55,23,10,13,16
S01013207,287,12,4,8,34,24,38,37,45,61,23,11,12,13
S01013208,341,13,2,11,48,26,25,45,53,72,42,26,16,17
S01013209,288,15,2,13,48,25,33,42,45,60,9,3,6,11
S01013210,240,32,6,26,38,28,29,29,25,30,6,3,3,23
S01013211,329,22,5,17,51,30,22,58,56,58,14,8,6,18
S01013212,247,23,5,18,51,24,24,34,29,29,2,1,1,31
S01013213,222,25,4,21,40,24,31,34,18,24,7,3,4,19
S01013214,173,9,2,7,39,15,19,30,24,19,3,2,1,15
S01013215,321,14,5,9,49,37,26,63,45,63,12,3,9,12
S01013216,207,6,2,4,27,14,16,39,31,45,11,8,3,18
S01013217,234,11,2,9,31,21,16,33,45,46,19,8,11,12
S01013218,198,1,0,1,18,8,15,27,40,61,13,9,4,15
S01013219,184,6,1,5,23,15,13,32,31,46,10,5,5,8
S01013220,234,6,0,6,21,20,14,37,46,56,25,7,18,9
S01013221,315,15,3,12,38,21,36,51,51,57,20,7,13,26
S01013222,187,10,2,8,15,11,16,19,39,47,16,12,4,14
S01013223,384,23,3,20,65,30,32,68,51,55,43,24,19,17
S01013224,317,20,4,16,44,29,29,52,47,55,22,10,12,19
S01013225,270,10,2,8,28,25,15,42,44,61,32,17,15,13
S01013226,184,22,9,13,40,12,16,26,23,25,8,3,5,12
S01013227,246,7,1,6,35,20,12,53,36,49,16,8,8,18
S01013228,288,22,8,14,38,20,32,38,57,51,23,9,14,7
S01013229,279,17,4,13,35,28,20,47,32,57,25,17,8,18
S01013230,223,8,1,7,30,22,14,43,30,56,7,6,1,13
S01013231,253,11,4,7,29,28,17,35,51,56,18,12,6,8
S01013232,250,12,5,7,26,18,27,33,52,54,16,8,8,12
S01013233,221,17,4,13,45,24,24,31,41,26,4,3,1,9
S01013234,152,21,6,15,48,16,19,17,8,5,4,3,1,14
S01013235,308,24,3,21,49,32,30,55,56,44,7,3,4,11
S01013236,321,37,9,28,65,32,40,57,33,30,10,5,5,17
S01013237,304,27,9,18,53,43,25,43,34,42,7,3,4,30
S01013238,265,7,1,6,33,11,23,44,44,56,33,24,9,14
S01013239,295,8,1,7,49,20,19,42,51,64,30,13,17,12
S01013240,190,4,2,2,11,21,15,23,30,45,28,18,10,13
S01013241,330,47,15,32,86,42,35,41,31,23,4,2,2,21
S01013242,227,29,6,23,43,14,62,19,13,20,3,2,1,24
S01013243,278,15,1,14,34,15,26,31,42,80,24,14,10,11
S01013244,257,9,1,8,32,18,25,34,36,76,13,7,6,14
S01013245,372,37,10,27,54,24,46,56,39,86,18,10,8,12
S01013246,164,19,5,14,18,11,22,30,22,33,2,2,0,7
S01013247,259,5,1,4,28,18,32,36,43,69,17,9,8,11
S01013248,228,5,2,3,25,16,24,20,42,66,21,10,11,9
S01013249,168,1,0,1,19,12,18,23,38,40,9,8,1,8
S01013250,336,34,6,28,63,20,71,35,33,53,8,4,4,19
S01013251,260,8,4,4,27,21,14,34,45,76,20,11,9,15
S01013252,261,17,8,9,38,18,29,35,29,70,13,5,8,12
S01013253,271,20,4,16,40,21,24,37,51,59,12,5,7,7
S01013254,226,13,3,10,19,10,21,33,26,77,19,11,8,8
S01013255,821,24,7,17,48,29,95,121,91,238,153,141,12,22
S01013256,247,30,7,23,49,15,31,34,37,27,15,13,2,9
S01013257,278,24,7,17,48,21,37,37,37,54,6,1,5,14
S01013258,286,41,14,27,59,26,40,38,29,34,9,7,2,10
S01013259,295,16,3,13,50,25,26,50,44,56,12,7,5,16
S01013260,289,16,4,12,24,23,14,40,64,81,15,8,7,12
S01013261,272,14,1,13,19,15,20,50,46,76,17,9,8,15
S01013262,234,11,2,9,21,8,36,46,40,51,13,7,6,8
S01013263,197,59,10,49,51,14,23,19,6,12,1,0,1,12
S01013264,185,41,8,33,53,21,16,14,13,9,1,0,1,17
S01013265,239,66,12,54,67,21,24,11,12,11,3,1,2,24
S01013266,205,52,10,42,45,21,18,19,13,16,3,1,2,18
S01013267,190,20,4,16,35,15,20,19,22,30,16,13,3,13
S01013268,288,18,3,15,51,27,21,45,49,52,7,2,5,18
S01013269,359,75,14,61,95,30,32,35,19,41,4,1,3,28
S01013270,287,90,22,68,82,21,26,19,9,15,4,2,2,21
S01013271,234,81,18,63,67,23,15,15,12,12,2,2,0,7
S01013272,284,74,16,58,89,24,21,10,11,19,4,2,2,32
S01013273,329,77,12,65,90,36,32,33,16,15,4,1,3,26
S01013274,337,49,16,33,78,37,25,41,34,36,9,6,3,28
S01013275,245,43,9,34,51,26,38,20,21,28,1,1,0,17
S01013276,258,31,7,24,51,29,24,32,29,32,6,1,5,24
S01013277,316,20,5,15,44,21,18,62,53,65,8,4,4,25
S01013278,285,12,8,4,29,26,21,37,44,67,30,12,18,19
S01013279,240,14,6,8,26,21,16,31,35,59,15,6,9,23
S01013280,207,14,2,12,39,33,16,18,32,37,3,1,2,15
S01013281,308,18,2,16,42,22,26,45,49,75,15,8,7,16
S01013282,288,9,3,6,27,28,14,42,55,71,25,13,12,17
S01013283,285,41,3,38,45,26,22,34,43,45,13,10,3,16
S01013284,250,28,5,23,59,32,18,26,34,37,2,1,1,14
S01013285,247,26,4,22,50,31,15,38,35,29,2,1,1,21
S01013286,264,26,5,21,56,33,22,40,32,26,3,1,2,26
S01013287,313,60,8,52,88,34,24,28,24,18,1,1,0,36
S01013288,236,41,9,32,52,29,19,26,14,27,8,5,3,20
S01013289,269,51,12,39,67,14,42,23,24,27,6,4,2,15
S01013290,316,41,6,35,61,24,25,38,46,48,13,4,9,20
S01013291,260,24,6,18,47,29,27,36,26,45,5,3,2,21
S01013292,301,26,4,22,51,39,28,49,31,45,8,1,7,24
S01013293,275,42,7,35,53,32,40,26,26,26,3,1,2,27
S01013294,283,27,1,26,55,36,22,42,28,45,4,3,1,24
S01013295,293,29,5,24,53,43,29,47,29,35,7,5,2,21
S01013296,254,12,2,10,28,13,27,41,37,70,15,7,8,11
S01013297,250,23,7,16,33,17,30,35,45,40,11,6,5,16
S01013298,256,23,4,19,51,15,25,38,33,43,16,13,3,12
S01013299,348,25,7,18,63,32,20,55,41,70,13,7,6,29
S01013300,217,17,5,12,41,8,18,27,38,52,10,6,4,6
S01013301,187,11,4,7,18,6,20,36,33,45,12,9,3,6
S01013302,244,28,5,23,38,23,40,39,22,32,7,2,5,15
S01013303,331,36,7,29,56,31,24,34,42,80,9,6,3,19
S01013304,362,12,0,12,27,23,16,45,74,107,28,16,12,30
S01013305,369,16,4,12,46,37,19,37,64,112,18,9,9,20
S01013306,378,10,5,5,29,26,25,42,76,113,45,17,28,12
S01013307,394,12,4,8,26,25,19,56,72,127,36,18,18,21
S01013308,289,11,0,11,22,22,15,40,56,74,30,22,8,19
S01013309,243,46,7,39,61,27,15,17,18,31,10,7,3,18
S01013310,228,16,3,13,34,24,8,39,40,45,8,5,3,14
S01013311,280,12,2,10,33,23,25,36,41,76,15,9,6,19
S01013312,393,15,3,12,48,38,31,48,68,102,26,10,16,17
S01013313,238,9,3,6,33,16,15,28,35,63,22,16,6,17
S01013314,225,13,4,9,24,27,14,42,38,48,7,3,4,12
S01013315,190,51,11,40,58,12,18,12,13,14,0,0,0,12
S01013316,235,43,11,32,65,18,21,22,27,21,5,4,1,13
S01013317,220,19,3,16,50,29,11,27,32,35,2,1,1,15
S01013318,234,37,11,26,62,21,15,25,26,36,2,1,1,10
S01013319,211,37,9,28,48,21,15,23,24,19,8,6,2,16
S01013320,359,66,9,57,97,35,25,39,29,36,5,3,2,27
S01013321,159,5,1,4,31,19,9,26,14,44,7,5,2,4
S01013322,273,21,3,18,51,29,14,31,48,37,10,8,2,32
S01013323,357,21,4,17,49,26,19,53,68,82,17,8,9,22
S01013324,231,13,6,7,27,15,13,33,43,57,20,8,12,10
S01013325,260,24,6,18,33,15,13,35,27,63,29,23,6,21
S01013326,184,9,1,8,16,11,16,20,37,53,14,9,5,8
S01013327,247,10,1,9,19,16,18,33,45,69,18,13,5,19
S01013328,229,8,1,7,20,19,13,32,48,60,15,11,4,14
S01013329,194,8,3,5,33,15,12,19,44,36,9,5,4,18
S01013330,415,69,12,57,103,46,23,47,46,59,6,1,5,16
S01013331,250,36,5,31,54,31,19,26,24,38,6,4,2,16
S01013332,229,11,2,9,35,23,22,30,32,56,8,3,5,12
S01013333,313,36,5,31,61,30,27,48,31,59,5,2,3,16
S01013334,264,15,2,13,35,25,19,30,43,64,16,11,5,17
S01013335,259,5,2,3,19,26,26,34,39,72,19,9,10,19
S01013336,312,11,3,8,40,17,23,29,53,85,36,23,13,18
S01013337,374,37,13,24,67,32,38,44,44,77,14,5,9,21
S01013338,192,41,7,34,55,17,21,15,8,13,5,3,2,17
S01013339,217,45,12,33,49,24,21,25,15,17,3,2,1,18
S01013340,322,59,13,46,84,31,33,42,17,26,6,4,2,24
S01013341,373,84,21,63,123,27,35,24,23,31,8,2,6,18
S01013342,254,8,3,5,34,14,11,39,44,75,21,16,5,8
S01013343,249,13,2,11,44,32,17,23,29,71,6,3,3,14
S01013344,278,9,2,7,32,18,20,44,36,82,19,14,5,18
S01013345,267,8,1,7,32,22,15,39,38,84,11,6,5,18
S01013346,312,57,15,42,81,18,17,39,28,27,8,3,5,37
S01013347,286,31,5,26,72,40,26,34,24,41,7,2,5,11
S01013348,167,32,6,26,42,17,20,16,11,14,1,1,0,14
S01013349,310,54,8,46,72,32,17,27,35,55,6,3,3,12
S01013350,247,13,3,10,40,20,17,40,42,54,11,6,5,10
S01013351,288,20,4,16,45,30,18,54,37,54,11,6,5,19
S01013352,311,10,2,8,47,41,21,41,43,78,9,4,5,21
S01013353,222,6,1,5,28,22,22,32,30,52,18,13,5,12
S01013354,271,22,11,11,50,20,30,50,35,48,6,5,1,10
S01013355,226,19,3,16,38,13,21,35,32,54,6,2,4,8
S01013356,280,11,2,9,32,11,32,36,39,83,22,14,8,14
S01013357,295,26,10,16,61,22,30,48,32,57,7,3,4,12
S01013358,297,23,5,18,40,25,32,44,48,52,15,11,4,18
S01013359,210,6,2,4,24,12,21,24,25,69,15,9,6,14
S01013360,250,10,4,6,26,11,17,36,51,75,12,9,3,12
S01013361,207,6,2,4,18,20,12,26,39,62,19,11,8,5
S01013362,144,8,3,5,14,6,9,25,26,40,8,4,4,8
S01013363,289,8,4,4,26,22,16,29,56,91,24,10,14,17
S01013364,345,39,11,28,58,29,25,52,40,79,11,6,5,12
S01013365,318,24,6,18,63,28,39,50,36,59,7,3,4,12
S01013366,332,37,11,26,76,30,29,55,25,41,12,6,6,27
S01013367,220,37,11,26,46,18,26,24,21,31,4,4,0,13
S01013368,273,22,5,17,32,17,39,39,37,61,13,9,4,13
S01013369,282,19,4,15,36,20,17,33,51,85,12,6,6,9
S01013370,213,10,3,7,29,20,10,25,33,63,15,4,11,8
S01013371,210,18,6,12,36,14,14,36,25,52,8,5,3,7
S01013372,367,9,4,5,30,26,27,42,75,101,25,11,14,32
S01013373,327,12,5,7,35,21,18,49,63,96,17,6,11,16
S01013374,310,12,2,10,25,15,27,35,41,108,38,19,19,9
S01013375,204,9,1,8,12,15,19,26,42,58,13,6,7,10
S01013376,209,10,2,8,18,16,18,34,29,65,15,7,8,4
S01013377,277,8,1,7,36,13,15,40,47,91,17,8,9,10
S01013378,364,26,8,18,64,31,29,45,33,88,25,7,18,23
S01013379,318,14,2,12,61,25,27,49,43,71,13,9,4,15
S01013380,44,3,2,1,11,3,11,7,5,0,0,0,0,4
S01013381,185,12,4,8,28,8,20,35,16,52,7,3,4,7
S01013382,215,17,10,7,31,11,19,33,26,61,3,2,1,14
S01013383,244,9,0,9,36,18,15,42,44,56,14,6,8,10
S01013384,259,19,2,17,30,20,27,45,34,71,8,4,4,5
S01013385,185,9,2,7,47,16,17,25,14,46,6,2,4,5
S01013386,323,38,5,33,79,32,27,33,24,55,9,3,6,26
S01013387,193,15,4,11,25,15,18,22,26,52,13,6,7,7
S01013388,260,17,3,14,45,23,28,27,28,73,12,4,8,7
S01013389,287,17,3,14,45,22,18,52,27,76,10,6,4,20
S01013390,179,8,0,8,20,12,20,24,27,56,8,4,4,4
S01013391,152,12,6,6,27,14,23,15,17,31,7,4,3,6
S01013392,275,36,11,25,59,35,30,44,17,38,2,1,1,14
S01013393,261,23,6,17,28,16,21,42,35,68,17,5,12,11
S01013394,242,9,4,5,27,16,15,38,32,74,21,14,7,10
S01013395,236,7,0,7,22,13,14,25,40,77,26,13,13,12
S01013396,247,36,5,31,61,33,30,25,21,31,2,1,1,8
S01013397,316,20,3,17,40,23,40,51,51,65,11,6,5,15
S01013398,224,41,9,32,43,27,12,31,18,31,7,4,3,14
S01013399,372,39,12,27,93,39,30,54,46,57,5,3,2,9
S01013400,255,13,4,9,42,21,24,37,39,55,14,6,8,10
S01013401,297,48,7,41,99,32,25,28,17,27,9,4,5,12
S01013402,377,92,13,79,106,38,20,37,24,39,5,2,3,16
S01013403,305,56,12,44,86,43,21,27,29,31,2,2,0,10
S01013404,201,39,9,30,56,16,8,12,13,31,9,6,3,17
S01013405,234,24,8,16,37,19,18,36,30,49,16,4,12,5
S01013406,212,3,2,1,24,12,12,32,47,58,15,3,12,9
S01013407,187,7,3,4,20,8,12,25,37,63,9,3,6,6
S01013408,207,10,2,8,18,12,17,29,28,68,15,7,8,10
S01013409,387,41,17,24,68,36,39,33,43,89,12,6,6,26
S01013410,209,4,2,2,11,21,17,23,43,58,16,3,13,16
S01013411,278,29,4,25,61,33,20,22,30,61,11,5,6,11
S01013412,310,29,6,23,49,37,21,39,38,69,13,5,8,15
S01013413,276,56,20,36,77,20,24,28,19,33,8,5,3,11
S01013414,288,21,4,17,64,11,21,31,46,73,13,6,7,8
S01013415,241,8,3,5,25,26,23,22,43,62,24,11,13,8
S01013416,227,11,1,10,18,14,17,19,43,74,21,15,6,10
S01013417,346,24,6,18,56,33,23,45,60,79,13,5,8,13
S01013418,242,23,6,17,45,19,23,30,35,45,7,4,3,15
S01013419,174,27,2,25,51,16,17,15,10,18,5,3,2,15
S01013420,201,16,3,13,50,23,9,26,21,42,5,4,1,9
S01013421,270,45,7,38,72,22,23,33,23,30,4,4,0,18
S01013422,252,10,1,9,39,25,19,39,32,51,13,6,7,24
S01013423,304,30,7,23,61,27,27,31,26,69,15,8,7,18
S01013424,183,26,8,18,39,9,21,30,19,17,2,1,1,20
S01013425,165,20,5,15,34,13,19,19,19,30,4,0,4,7
S01013426,292,14,7,7,29,15,22,38,52,88,21,12,9,13
S01013427,171,32,7,25,53,13,23,9,8,18,3,2,1,12
S01013428,367,19,3,16,57,31,31,40,44,107,17,12,5,21
S01013429,256,17,2,15,42,19,28,43,38,51,10,7,3,8
S01013430,256,19,6,13,48,11,32,40,39,50,12,9,3,5
S01013431,248,16,6,10,47,19,25,28,31,56,15,12,3,11
S01013432,262,24,5,19,43,20,49,34,27,50,8,2,6,7
S01013433,264,58,17,41,56,20,32,28,16,37,4,3,1,13
S01013434,200,39,6,33,57,10,45,11,9,9,4,2,2,16
S01013435,242,82,22,60,67,17,15,11,11,8,4,3,1,27
S01013436,286,49,12,37,44,15,22,38,27,58,13,8,5,20
S01013437,256,32,4,28,48,22,20,32,36,41,3,0,3,22
S01013438,208,20,6,14,40,16,25,26,26,36,8,2,6,11
S01013439,331,99,18,81,112,22,22,25,8,14,5,1,4,24
S01013440,379,129,24,105,121,20,21,24,17,13,2,0,2,32
S01013441,289,83,15,68,83,22,23,23,12,15,6,4,2,22
S01013442,282,52,6,46,68,25,25,33,25,34,6,4,2,14
S01013443,236,49,12,37,74,11,19,24,25,17,5,1,4,12
S01013444,340,67,9,58,72,20,33,30,33,41,24,11,13,20
S01013445,206,76,15,61,50,13,16,21,10,6,4,4,0,10
S01013446,251,27,5,22,41,24,23,31,32,51,8,2,6,14
S01013447,209,67,10,57,66,17,16,8,9,3,3,1,2,20
S01013448,284,91,19,72,88,27,20,18,10,9,4,3,1,17
S01013449,242,54,10,44,75,27,23,15,17,9,2,1,1,20
S01013450,223,51,10,41,55,34,10,16,17,20,4,1,3,16
S01013451,318,88,16,72,99,20,24,17,21,11,7,4,3,31
S01013452,293,73,18,55,103,16,18,25,16,14,5,3,2,23
S01013453,271,17,4,13,29,19,15,44,36,80,22,10,12,9
S01013454,286,54,10,44,63,12,35,42,22,45,5,2,3,8
S01013455,225,31,10,21,45,17,30,27,22,38,11,5,6,4
S01013456,285,22,3,19,46,20,26,46,28,64,14,6,8,19
S01013457,303,5,0,5,31,18,22,51,62,85,13,7,6,16
S01013458,291,25,10,15,53,17,28,39,41,64,8,1,7,16
S01013459,302,23,5,18,37,23,29,37,48,83,11,6,5,11
S01013460,282,18,2,16,39,19,24,40,40,75,17,11,6,10
S01013461,385,45,8,37,67,36,32,42,48,75,18,7,11,22
S01013462,321,40,8,32,63,32,28,44,25,67,6,2,4,16
S01013463,185,19,3,16,29,22,13,20,34,28,8,4,4,12
S01013464,248,22,9,13,56,19,22,35,34,39,7,4,3,14
S01013465,252,22,3,19,43,37,23,39,38,41,4,3,1,5
S01013466,159,16,3,13,25,7,23,12,11,10,6,1,5,49
S01013467,329,52,6,46,79,28,30,42,30,47,2,1,1,19
S01013468,232,26,8,18,48,24,31,21,24,31,15,8,7,12
S01013469,281,36,9,27,58,25,32,41,27,41,8,5,3,13
S01013470,273,10,2,8,24,10,18,40,54,79,21,11,10,17
S01013471,336,21,9,12,33,29,26,55,57,79,19,12,7,17
S01013472,224,39,11,28,54,26,24,26,14,21,7,3,4,13
S01013473,228,44,11,33,63,29,27,18,11,19,1,0,1,16
S01013474,211,31,5,26,60,22,22,19,20,26,3,2,1,8
S01013475,253,19,3,16,56,24,24,30,39,35,5,3,2,21
S01013476,245,30,12,18,35,23,26,32,37,34,10,6,4,18
S01013477,243,13,4,9,25,14,26,37,32,74,12,5,7,10
S01013478,331,31,5,26,64,30,33,41,29,56,25,15,10,22
S01013479,290,14,1,13,28,26,20,46,35,82,25,9,16,14
S01013480,231,6,1,5,21,10,23,45,40,68,10,5,5,8
S01013481,174,13,3,10,34,15,25,22,15,33,6,2,4,11
