,,All people aged 16 and over in households,Living in a couple: Total,Living in a couple: Married or in a registered same-sex civil partnership,Living in a couple: Cohabiting,Not living in a couple: Total,Not living in a couple: Single (never married or never registered a same-sex civil partnership),Not living in a couple: Married or in a registered same-sex civil partnership,Not living in a couple: Separated (but still legally married or still legally in a same-sex civil partnership),Not living in a couple: Divorced or formerly in a same-sex civil partnership which is now legally dissolved,Not living in a couple: Widowed or surviving partner from a same-sex civil partnership
S92000003,All people aged 16 and over in households,4283213,2409420,1934819,474601,1873793,1151928,35243,115487,264122,307013
S92000003,16 to 24,595568,74684,10427,64257,520884,517725,1361,923,520,355
S92000003,25 to 34,657543,352177,184417,167760,305366,277638,6934,12122,7957,715
S92000003,35 to 49,1138854,769630,611140,158490,369224,213948,10551,53892,82721,8112
S92000003,50 to 64,1037096,737771,670192,67579,299325,89777,8634,37074,119059,44781
S92000003,65 to 74,476453,316933,304612,12321,159520,27416,3116,8754,38775,81459
S92000003,75 to 84,290149,138447,134785,3662,151702,18475,3393,2419,13020,114395
S92000003,85 and over,87550,19778,19246,532,67772,6949,1254,303,2070,57196
S01006506,All people aged 16 and over in households,731,448,340,108,283,184,10,13,34,42
S01006506,16 to 24,76,14,2,12,62,62,0,0,0,0
S01006506,25 to 34,149,95,46,49,54,52,1,1,0,0
S01006506,35 to 49,204,143,111,32,61,41,1,6,12,1
S01006506,50 to 64,178,128,116,12,50,16,4,4,16,10
S01006506,65 to 74,67,42,39,3,25,7,1,2,4,11
S01006506,75 to 84,44,23,23,0,21,2,3,0,2,14
S01006506,85 and over,13,3,3,0,10,4,0,0,0,6
S01006507,All people aged 16 and over in households,696,438,356,82,258,151,5,15,30,57
S01006507,16 to 24,80,5,1,4,75,75,0,0,0,0
S01006507,25 to 34,79,56,22,34,23,20,2,0,1,0
S01006507,35 to 49,177,118,94,24,59,40,0,9,6,4
S01006507,50 to 64,210,174,160,14,36,11,1,4,13,7
S01006507,65 to 74,94,62,56,6,32,1,0,1,9,21
S01006507,75 to 84,48,21,21,0,27,4,1,1,1,20
S01006507,85 and over,8,2,2,0,6,0,1,0,0,5
S01006508,All people aged 16 and over in households,552,312,204,108,240,136,12,14,57,21
S01006508,16 to 24,63,25,3,22,38,38,0,0,0,0
S01006508,25 to 34,121,69,28,41,52,42,5,3,2,0
S01006508,35 to 49,172,102,74,28,70,38,1,7,24,0
S01006508,50 to 64,141,95,78,17,46,11,4,3,24,4
S01006508,65 to 74,33,17,17,0,16,3,1,1,5,6
S01006508,75 to 84,16,4,4,0,12,2,1,0,2,7
S01006508,85 and over,6,0,0,0,6,2,0,0,0,4
S01006509,All people aged 16 and over in households,479,290,246,44,189,98,7,4,35,45
S01006509,16 to 24,45,7,1,6,38,38,0,0,0,0
S01006509,25 to 34,72,49,35,14,23,22,0,0,1,0
S01006509,35 to 49,130,95,78,17,35,17,2,4,12,0
S01006509,50 to 64,128,86,81,5,42,15,3,0,17,7
S01006509,65 to 74,45,34,32,2,11,3,0,0,3,5
S01006509,75 to 84,47,17,17,0,30,3,2,0,2,23
S01006509,85 and over,12,2,2,0,10,0,0,0,0,10
S01006510,All people aged 16 and over in households,482,292,240,52,190,117,3,5,23,42
S01006510,16 to 24,64,4,1,3,60,60,0,0,0,0
S01006510,25 to 34,53,34,19,15,19,19,0,0,0,0
S01006510,35 to 49,137,106,84,22,31,21,0,3,5,2
S01006510,50 to 64,111,78,68,10,33,10,2,0,15,6
S01006510,65 to 74,66,44,42,2,22,4,1,2,3,12
S01006510,75 to 84,31,19,19,0,12,0,0,0,0,12
S01006510,85 and over,20,7,7,0,13,3,0,0,0,10
S01006511,All people aged 16 and over in households,631,436,396,40,195,119,2,6,22,46
S01006511,16 to 24,80,2,0,2,78,78,0,0,0,0
S01006511,25 to 34,39,22,15,7,17,17,0,0,0,0
S01006511,35 to 49,153,132,113,19,21,10,0,0,10,1
S01006511,50 to 64,172,145,133,12,27,11,0,4,6,6
S01006511,65 to 74,107,87,87,0,20,2,1,2,4,11
S01006511,75 to 84,62,42,42,0,20,1,1,0,1,17
S01006511,85 and over,18,6,6,0,12,0,0,0,1,11
S01006512,All people aged 16 and over in households,346,272,258,14,74,47,1,5,13,8
S01006512,16 to 24,31,0,0,0,31,30,0,0,0,1
S01006512,25 to 34,18,12,10,2,6,5,0,1,0,0
S01006512,35 to 49,145,131,124,7,14,6,0,4,3,1
S01006512,50 to 64,103,90,86,4,13,4,1,0,8,0
S01006512,65 to 74,29,24,23,1,5,2,0,0,2,1
S01006512,75 to 84,19,15,15,0,4,0,0,0,0,4
S01006512,85 and over,1,0,0,0,1,0,0,0,0,1
S01006513,All people aged 16 and over in households,449,308,266,42,141,73,5,5,20,38
S01006513,16 to 24,44,2,0,2,42,42,0,0,0,0
S01006513,25 to 34,34,24,11,13,10,9,1,0,0,0
S01006513,35 to 49,134,117,101,16,17,9,0,1,5,2
S01006513,50 to 64,111,87,77,10,24,8,1,4,8,3
S01006513,65 to 74,74,51,51,0,23,3,1,0,7,12
S01006513,75 to 84,41,25,24,1,16,1,1,0,0,14
S01006513,85 and over,11,2,2,0,9,1,1,0,0,7
S01006514,All people aged 16 and over in households,719,540,516,24,179,119,2,9,19,30
S01006514,16 to 24,82,4,3,1,78,78,0,0,0,0
S01006514,25 to 34,57,25,25,0,32,29,0,2,1,0
S01006514,35 to 49,228,216,201,15,12,4,0,4,4,0
S01006514,50 to 64,217,195,188,7,22,5,2,3,9,3
S01006514,65 to 74,83,68,67,1,15,2,0,0,1,12
S01006514,75 to 84,46,31,31,0,15,1,0,0,3,11
S01006514,85 and over,6,1,1,0,5,0,0,0,1,4
S01006515,All people aged 16 and over in households,569,426,392,34,143,94,4,5,15,25
S01006515,16 to 24,71,7,1,6,64,63,1,0,0,0
S01006515,25 to 34,49,25,19,6,24,22,0,1,1,0
S01006515,35 to 49,174,161,147,14,13,4,0,4,4,1
S01006515,50 to 64,180,163,156,7,17,4,2,0,7,4
S01006515,65 to 74,63,55,54,1,8,1,0,0,2,5
S01006515,75 to 84,27,12,12,0,15,0,1,0,1,13
S01006515,85 and over,5,3,3,0,2,0,0,0,0,2
S01006516,All people aged 16 and over in households,395,270,228,42,125,88,0,4,11,22
S01006516,16 to 24,43,1,0,1,42,42,0,0,0,0
S01006516,25 to 34,37,21,13,8,16,15,0,1,0,0
S01006516,35 to 49,111,95,77,18,16,15,0,0,1,0
S01006516,50 to 64,117,102,89,13,15,6,0,1,6,2
S01006516,65 to 74,58,39,38,1,19,6,0,1,3,9
S01006516,75 to 84,24,10,9,1,14,3,0,1,1,9
S01006516,85 and over,5,2,2,0,3,1,0,0,0,2
S01006517,All people aged 16 and over in households,808,550,488,62,258,153,8,7,42,48
S01006517,16 to 24,95,0,0,0,95,95,0,0,0,0
S01006517,25 to 34,61,39,21,18,22,18,1,0,3,0
S01006517,35 to 49,219,178,157,21,41,19,2,2,18,0
S01006517,50 to 64,254,217,199,18,37,10,3,4,15,5
S01006517,65 to 74,98,73,69,4,25,6,1,1,3,14
S01006517,75 to 84,64,37,36,1,27,3,1,0,2,21
S01006517,85 and over,17,6,6,0,11,2,0,0,1,8
S01006518,All people aged 16 and over in households,514,376,354,22,138,88,6,4,15,25
S01006518,16 to 24,57,3,1,2,54,54,0,0,0,0
S01006518,25 to 34,38,16,11,5,22,22,0,0,0,0
S01006518,35 to 49,128,113,107,6,15,8,0,1,5,1
S01006518,50 to 64,165,146,140,6,19,3,4,2,7,3
S01006518,65 to 74,76,67,64,3,9,1,0,1,2,5
S01006518,75 to 84,41,26,26,0,15,0,1,0,1,13
S01006518,85 and over,9,5,5,0,4,0,1,0,0,3
S01006519,All people aged 16 and over in households,618,454,436,18,164,111,10,8,23,12
S01006519,16 to 24,80,1,1,0,79,79,0,0,0,0
S01006519,25 to 34,45,21,18,3,24,22,1,1,0,0
S01006519,35 to 49,174,156,145,11,18,6,3,4,4,1
S01006519,50 to 64,219,193,189,4,26,2,4,2,15,3
S01006519,65 to 74,66,55,55,0,11,2,1,1,2,5
S01006519,75 to 84,27,21,21,0,6,0,1,0,2,3
S01006519,85 and over,7,7,7,0,0,0,0,0,0,0
S01006520,All people aged 16 and over in households,505,390,354,36,115,86,1,7,10,11
S01006520,16 to 24,78,2,0,2,76,76,0,0,0,0
S01006520,25 to 34,19,12,6,6,7,7,0,0,0,0
S01006520,35 to 49,212,203,183,20,9,0,1,6,2,0
S01006520,50 to 64,159,143,136,7,16,3,0,0,8,5
S01006520,65 to 74,29,25,25,0,4,0,0,1,0,3
S01006520,75 to 84,7,4,3,1,3,0,0,0,0,3
S01006520,85 and over,1,1,1,0,0,0,0,0,0,0
S01006521,All people aged 16 and over in households,512,384,344,40,128,85,4,10,12,17
S01006521,16 to 24,66,1,0,1,65,64,0,1,0,0
S01006521,25 to 34,55,43,30,13,12,11,1,0,0,0
S01006521,35 to 49,182,164,146,18,18,6,3,4,4,1
S01006521,50 to 64,150,129,121,8,21,4,0,4,8,5
S01006521,65 to 74,41,35,35,0,6,0,0,0,0,6
S01006521,75 to 84,13,11,11,0,2,0,0,0,0,2
S01006521,85 and over,5,1,1,0,4,0,0,1,0,3
S01006522,All people aged 16 and over in households,438,334,322,12,104,62,3,5,10,24
S01006522,16 to 24,42,0,0,0,42,42,0,0,0,0
S01006522,25 to 34,47,38,36,2,9,8,1,0,0,0
S01006522,35 to 49,134,120,111,9,14,5,1,2,5,1
S01006522,50 to 64,129,114,113,1,15,5,1,2,4,3
S01006522,65 to 74,50,40,40,0,10,2,0,1,1,6
S01006522,75 to 84,31,21,21,0,10,0,0,0,0,10
S01006522,85 and over,5,1,1,0,4,0,0,0,0,4
S01006523,All people aged 16 and over in households,766,476,416,60,290,151,7,15,39,78
S01006523,16 to 24,80,8,0,8,72,72,0,0,0,0
S01006523,25 to 34,84,51,32,19,33,30,1,2,0,0
S01006523,35 to 49,198,155,133,22,43,21,3,3,13,3
S01006523,50 to 64,201,155,144,11,46,17,1,9,16,3
S01006523,65 to 74,92,62,62,0,30,5,1,1,7,16
S01006523,75 to 84,78,38,38,0,40,4,0,0,2,34
S01006523,85 and over,33,7,7,0,26,2,1,0,1,22
S01006524,All people aged 16 and over in households,584,354,300,54,230,125,11,13,25,56
S01006524,16 to 24,66,5,0,5,61,61,0,0,0,0
S01006524,25 to 34,65,42,17,25,23,22,1,0,0,0
S01006524,35 to 49,135,102,86,16,33,25,2,3,2,1
S01006524,50 to 64,158,118,110,8,40,8,5,8,17,2
S01006524,65 to 74,66,44,44,0,22,6,2,1,2,11
S01006524,75 to 84,64,32,32,0,32,1,1,1,4,25
S01006524,85 and over,30,11,11,0,19,2,0,0,0,17
S01006525,All people aged 16 and over in households,650,440,422,18,210,119,4,12,32,43
S01006525,16 to 24,69,4,1,3,65,65,0,0,0,0
S01006525,25 to 34,45,23,20,3,22,22,0,0,0,0
S01006525,35 to 49,173,135,135,0,38,19,2,7,6,4
S01006525,50 to 64,177,142,132,10,35,8,1,4,17,5
S01006525,65 to 74,102,82,80,2,20,4,0,1,5,10
S01006525,75 to 84,73,52,52,0,21,1,1,0,4,15
S01006525,85 and over,11,2,2,0,9,0,0,0,0,9
S01006526,All people aged 16 and over in households,784,345,256,89,439,271,8,17,66,77
S01006526,16 to 24,185,17,1,16,168,168,0,0,0,0
S01006526,25 to 34,139,85,45,40,54,46,1,2,3,2
S01006526,35 to 49,149,91,67,24,58,32,2,5,18,1
S01006526,50 to 64,139,78,70,8,61,13,4,8,31,5
S01006526,65 to 74,64,37,36,1,27,5,1,1,8,12
S01006526,75 to 84,65,25,25,0,40,7,0,0,5,28
S01006526,85 and over,43,12,12,0,31,0,0,1,1,29
S01006527,All people aged 16 and over in households,550,278,210,68,272,173,3,14,36,46
S01006527,16 to 24,102,19,2,17,83,83,0,0,0,0
S01006527,25 to 34,79,41,15,26,38,33,0,4,0,1
S01006527,35 to 49,131,82,63,19,49,32,2,6,8,1
S01006527,50 to 64,124,83,78,5,41,18,1,3,15,4
S01006527,65 to 74,51,29,28,1,22,1,0,1,8,12
S01006527,75 to 84,49,20,20,0,29,5,0,0,4,20
S01006527,85 and over,14,4,4,0,10,1,0,0,1,8
S01006528,All people aged 16 and over in households,823,400,316,84,423,288,15,9,51,60
S01006528,16 to 24,170,19,6,13,151,150,1,0,0,0
S01006528,25 to 34,157,85,46,39,72,67,2,2,1,0
S01006528,35 to 49,166,112,93,19,54,34,6,1,13,0
S01006528,50 to 64,150,90,79,11,60,26,4,3,24,3
S01006528,65 to 74,109,68,67,1,41,7,0,2,10,22
S01006528,75 to 84,53,25,24,1,28,4,1,1,2,20
S01006528,85 and over,18,1,1,0,17,0,1,0,1,15
S01006529,All people aged 16 and over in households,787,316,226,90,471,308,18,24,59,62
S01006529,16 to 24,143,22,9,13,121,116,5,0,0,0
S01006529,25 to 34,203,90,47,43,113,106,4,3,0,0
S01006529,35 to 49,156,86,64,22,70,37,4,13,16,0
S01006529,50 to 64,128,59,49,10,69,25,5,7,27,5
S01006529,65 to 74,63,30,28,2,33,7,0,1,9,16
S01006529,75 to 84,63,23,23,0,40,10,0,0,6,24
S01006529,85 and over,31,6,6,0,25,7,0,0,1,17
S01006530,All people aged 16 and over in households,664,278,212,66,386,248,6,24,53,55
S01006530,16 to 24,132,9,0,9,123,122,0,0,1,0
S01006530,25 to 34,102,43,23,20,59,56,1,2,0,0
S01006530,35 to 49,135,73,46,27,62,35,2,10,13,2
S01006530,50 to 64,178,101,93,8,77,24,2,10,30,11
S01006530,65 to 74,64,35,35,0,29,8,1,1,8,11
S01006530,75 to 84,41,15,14,1,26,2,0,1,1,22
S01006530,85 and over,12,2,1,1,10,1,0,0,0,9
S01006531,All people aged 16 and over in households,807,344,262,82,463,305,20,12,71,55
S01006531,16 to 24,189,25,3,22,164,161,2,1,0,0
S01006531,25 to 34,143,71,46,25,72,55,10,2,5,0
S01006531,35 to 49,164,97,71,26,67,44,3,5,12,3
S01006531,50 to 64,152,78,69,9,74,24,3,4,36,7
S01006531,65 to 74,66,32,32,0,34,12,1,0,10,11
S01006531,75 to 84,76,34,34,0,42,9,0,0,7,26
S01006531,85 and over,17,7,7,0,10,0,1,0,1,8
S01006532,All people aged 16 and over in households,603,356,306,50,247,146,7,6,23,65
S01006532,16 to 24,71,2,1,1,69,68,1,0,0,0
S01006532,25 to 34,80,52,35,17,28,27,1,0,0,0
S01006532,35 to 49,149,109,81,28,40,22,4,5,7,2
S01006532,50 to 64,130,102,98,4,28,11,1,1,12,3
S01006532,65 to 74,78,64,64,0,14,4,0,0,3,7
S01006532,75 to 84,60,22,22,0,38,8,0,0,1,29
S01006532,85 and over,35,5,5,0,30,6,0,0,0,24
S01006533,All people aged 16 and over in households,579,390,338,52,189,127,5,4,26,27
S01006533,16 to 24,62,2,1,1,60,60,0,0,0,0
S01006533,25 to 34,67,36,22,14,31,28,1,1,1,0
S01006533,35 to 49,166,142,117,25,24,14,1,2,7,0
S01006533,50 to 64,163,132,120,12,31,11,0,1,16,3
S01006533,65 to 74,66,51,51,0,15,6,1,0,1,7
S01006533,75 to 84,43,24,24,0,19,6,2,0,1,10
S01006533,85 and over,12,3,3,0,9,2,0,0,0,7
S01006534,All people aged 16 and over in households,729,506,404,102,223,147,9,12,24,31
S01006534,16 to 24,64,7,0,7,57,57,0,0,0,0
S01006534,25 to 34,115,72,34,38,43,42,0,0,1,0
S01006534,35 to 49,240,196,157,39,44,28,2,8,6,0
S01006534,50 to 64,173,137,122,15,36,10,5,4,13,4
S01006534,65 to 74,71,59,56,3,12,3,1,0,1,7
S01006534,75 to 84,46,28,28,0,18,3,0,0,3,12
S01006534,85 and over,20,7,7,0,13,4,1,0,0,8
S01006535,All people aged 16 and over in households,912,498,304,194,414,305,17,16,48,28
S01006535,16 to 24,137,40,9,31,97,97,0,0,0,0
S01006535,25 to 34,283,154,51,103,129,123,4,1,1,0
S01006535,35 to 49,233,149,101,48,84,55,7,6,16,0
S01006535,50 to 64,160,96,88,8,64,17,6,8,27,6
S01006535,65 to 74,58,39,37,2,19,6,0,1,4,8
S01006535,75 to 84,34,16,14,2,18,6,0,0,0,12
S01006535,85 and over,7,4,4,0,3,1,0,0,0,2
S01006536,All people aged 16 and over in households,918,452,244,208,466,348,11,19,55,33
S01006536,16 to 24,182,57,2,55,125,125,0,0,0,0
S01006536,25 to 34,311,182,71,111,129,118,2,5,4,0
S01006536,35 to 49,214,114,79,35,100,65,3,9,23,0
S01006536,50 to 64,125,62,55,7,63,25,5,4,22,7
S01006536,65 to 74,48,29,29,0,19,7,1,1,4,6
S01006536,75 to 84,22,5,5,0,17,6,0,0,2,9
S01006536,85 and over,16,3,3,0,13,2,0,0,0,11
S01006537,All people aged 16 and over in households,638,446,422,24,192,104,1,9,23,55
S01006537,16 to 24,51,5,1,4,46,46,0,0,0,0
S01006537,25 to 34,54,33,26,7,21,21,0,0,0,0
S01006537,35 to 49,157,127,120,7,30,18,0,2,6,4
S01006537,50 to 64,164,136,132,4,28,7,1,3,13,4
S01006537,65 to 74,112,79,77,2,33,6,0,3,4,20
S01006537,75 to 84,77,58,58,0,19,3,0,1,0,15
S01006537,85 and over,23,8,8,0,15,3,0,0,0,12
S01006538,All people aged 16 and over in households,480,342,292,50,138,77,1,8,17,35
S01006538,16 to 24,54,3,0,3,51,50,0,0,1,0
S01006538,25 to 34,41,35,20,15,6,6,0,0,0,0
S01006538,35 to 49,124,106,87,19,18,12,0,4,2,0
S01006538,50 to 64,127,108,96,12,19,4,1,2,11,1
S01006538,65 to 74,64,51,50,1,13,4,0,2,1,6
S01006538,75 to 84,64,39,39,0,25,1,0,0,1,23
S01006538,85 and over,6,0,0,0,6,0,0,0,1,5
S01006539,All people aged 16 and over in households,592,398,320,78,194,103,3,14,27,47
S01006539,16 to 24,54,3,0,3,51,51,0,0,0,0
S01006539,25 to 34,70,51,21,30,19,16,0,2,0,1
S01006539,35 to 49,151,132,104,28,19,10,0,4,5,0
S01006539,50 to 64,169,125,109,16,44,14,3,8,17,2
S01006539,65 to 74,75,56,55,1,19,7,0,0,3,9
S01006539,75 to 84,58,31,31,0,27,3,0,0,1,23
S01006539,85 and over,15,0,0,0,15,2,0,0,1,12
S01006540,All people aged 16 and over in households,825,548,468,80,277,183,10,9,33,42
S01006540,16 to 24,85,13,2,11,72,72,0,0,0,0
S01006540,25 to 34,146,94,59,35,52,51,0,0,1,0
S01006540,35 to 49,220,167,141,26,53,31,6,3,12,1
S01006540,50 to 64,204,157,152,5,47,18,4,6,14,5
S01006540,65 to 74,68,48,47,1,20,8,0,0,3,9
S01006540,75 to 84,70,50,48,2,20,2,0,0,2,16
S01006540,85 and over,32,19,19,0,13,1,0,0,1,11
S01006541,All people aged 16 and over in households,680,436,374,62,244,106,5,3,30,100
S01006541,16 to 24,48,4,0,4,44,44,0,0,0,0
S01006541,25 to 34,82,65,40,25,17,17,0,0,0,0
S01006541,35 to 49,168,146,118,28,22,13,1,0,7,1
S01006541,50 to 64,139,115,112,3,24,7,2,0,10,5
S01006541,65 to 74,76,48,46,2,28,7,0,1,7,13
S01006541,75 to 84,107,53,53,0,54,10,2,2,5,35
S01006541,85 and over,60,5,5,0,55,8,0,0,1,46
S01006542,All people aged 16 and over in households,873,584,510,74,289,159,5,17,38,70
S01006542,16 to 24,63,4,1,3,59,58,0,0,1,0
S01006542,25 to 34,95,63,35,28,32,32,0,0,0,0
S01006542,35 to 49,210,156,136,20,54,32,2,9,9,2
S01006542,50 to 64,219,166,150,16,53,15,3,8,21,6
S01006542,65 to 74,119,92,87,5,27,10,0,0,4,13
S01006542,75 to 84,141,89,89,0,52,10,0,0,3,39
S01006542,85 and over,26,14,12,2,12,2,0,0,0,10
S01006543,All people aged 16 and over in households,678,480,434,46,198,114,3,4,22,55
S01006543,16 to 24,54,4,0,4,50,50,0,0,0,0
S01006543,25 to 34,54,42,31,11,12,10,1,1,0,0
S01006543,35 to 49,172,143,124,19,29,17,0,2,9,1
S01006543,50 to 64,161,135,124,11,26,15,0,1,9,1
S01006543,65 to 74,85,63,62,1,22,10,1,0,3,8
S01006543,75 to 84,116,77,77,0,39,7,0,0,1,31
S01006543,85 and over,36,16,16,0,20,5,1,0,0,14
S01006544,All people aged 16 and over in households,879,536,436,100,343,212,37,30,31,33
S01006544,16 to 24,103,15,2,13,88,88,0,0,0,0
S01006544,25 to 34,203,129,81,48,74,69,4,1,0,0
S01006544,35 to 49,231,163,140,23,68,32,12,12,12,0
S01006544,50 to 64,210,145,130,15,65,13,20,13,16,3
S01006544,65 to 74,58,41,40,1,17,4,1,4,3,5
S01006544,75 to 84,55,38,38,0,17,4,0,0,0,13
S01006544,85 and over,19,5,5,0,14,2,0,0,0,12
S01006545,All people aged 16 and over in households,935,526,438,88,409,210,14,23,66,96
S01006545,16 to 24,74,19,0,19,55,55,0,0,0,0
S01006545,25 to 34,173,111,70,41,62,53,3,4,2,0
S01006545,35 to 49,191,128,111,17,63,37,3,6,17,0
S01006545,50 to 64,218,131,123,8,87,33,3,11,33,7
S01006545,65 to 74,103,68,67,1,35,12,1,1,8,13
S01006545,75 to 84,105,52,51,1,53,10,3,1,4,35
S01006545,85 and over,71,17,16,1,54,10,1,0,2,41
S01006546,All people aged 16 and over in households,522,354,316,38,168,115,5,1,12,35
S01006546,16 to 24,58,1,1,0,57,57,0,0,0,0
S01006546,25 to 34,48,29,20,9,19,19,0,0,0,0
S01006546,35 to 49,136,115,95,20,21,14,1,0,2,4
S01006546,50 to 64,148,131,122,9,17,9,2,1,5,0
S01006546,65 to 74,77,56,56,0,21,7,1,0,4,9
S01006546,75 to 84,41,18,18,0,23,5,0,0,0,18
S01006546,85 and over,14,4,4,0,10,4,1,0,1,4
S01006547,All people aged 16 and over in households,769,449,382,67,320,168,7,16,30,99
S01006547,16 to 24,86,15,0,15,71,71,0,0,0,0
S01006547,25 to 34,91,50,34,16,41,37,2,2,0,0
S01006547,35 to 49,167,124,103,21,43,26,0,8,9,0
S01006547,50 to 64,187,139,130,9,48,23,3,3,11,8
S01006547,65 to 74,107,70,66,4,37,2,0,3,9,23
S01006547,75 to 84,91,43,41,2,48,7,0,0,1,40
S01006547,85 and over,40,8,8,0,32,2,2,0,0,28
S01006548,All people aged 16 and over in households,618,454,420,34,164,94,1,8,11,50
S01006548,16 to 24,58,0,0,0,58,58,0,0,0,0
S01006548,25 to 34,59,50,34,16,9,9,0,0,0,0
S01006548,35 to 49,138,119,105,14,19,12,1,3,2,1
S01006548,50 to 64,145,126,124,2,19,6,0,4,6,3
S01006548,65 to 74,103,83,82,1,20,3,0,1,2,14
S01006548,75 to 84,94,67,66,1,27,6,0,0,0,21
S01006548,85 and over,21,9,9,0,12,0,0,0,1,11
S01006549,All people aged 16 and over in households,699,486,412,74,213,137,5,4,18,49
S01006549,16 to 24,68,2,0,2,66,66,0,0,0,0
S01006549,25 to 34,78,52,22,30,26,24,0,1,0,1
S01006549,35 to 49,181,146,117,29,35,27,0,1,7,0
S01006549,50 to 64,179,146,138,8,33,11,5,2,8,7
S01006549,65 to 74,100,81,79,2,19,3,0,0,2,14
S01006549,75 to 84,68,46,45,1,22,4,0,0,1,17
S01006549,85 and over,25,13,11,2,12,2,0,0,0,10
S01006550,All people aged 16 and over in households,783,584,520,64,199,115,7,9,16,52
S01006550,16 to 24,73,3,1,2,70,70,0,0,0,0
S01006550,25 to 34,70,51,35,16,19,19,0,0,0,0
S01006550,35 to 49,178,150,123,27,28,15,1,4,7,1
S01006550,50 to 64,227,200,182,18,27,5,6,2,9,5
S01006550,65 to 74,98,83,82,1,15,2,0,1,0,12
S01006550,75 to 84,105,80,80,0,25,3,0,2,0,20
S01006550,85 and over,32,17,17,0,15,1,0,0,0,14
S01006551,All people aged 16 and over in households,591,268,210,58,323,153,3,28,75,64
S01006551,16 to 24,53,5,2,3,48,46,0,1,0,1
S01006551,25 to 34,87,41,21,20,46,40,1,3,2,0
S01006551,35 to 49,153,85,66,19,68,28,2,13,23,2
S01006551,50 to 64,114,54,45,9,60,17,0,9,29,5
S01006551,65 to 74,85,38,35,3,47,14,0,0,16,17
S01006551,75 to 84,74,39,36,3,35,8,0,2,4,21
S01006551,85 and over,25,6,5,1,19,0,0,0,1,18
S01006552,All people aged 16 and over in households,753,450,370,80,303,179,5,18,49,52
S01006552,16 to 24,75,2,1,1,73,73,0,0,0,0
S01006552,25 to 34,158,98,47,51,60,52,2,5,0,1
S01006552,35 to 49,163,103,84,19,60,35,0,7,18,0
S01006552,50 to 64,219,158,150,8,61,15,3,5,30,8
S01006552,65 to 74,85,62,61,1,23,1,0,1,1,20
S01006552,75 to 84,42,23,23,0,19,3,0,0,0,16
S01006552,85 and over,11,4,4,0,7,0,0,0,0,7
S01006553,All people aged 16 and over in households,706,435,368,67,271,113,7,12,49,90
S01006553,16 to 24,54,4,1,3,50,50,0,0,0,0
S01006553,25 to 34,57,36,31,5,21,19,1,1,0,0
S01006553,35 to 49,151,119,90,29,32,16,1,7,7,1
S01006553,50 to 64,163,127,109,18,36,9,0,2,17,8
S01006553,65 to 74,121,86,78,8,35,8,0,1,15,11
S01006553,75 to 84,125,59,57,2,66,8,5,1,9,43
S01006553,85 and over,35,4,2,2,31,3,0,0,1,27
S01006554,All people aged 16 and over in households,595,376,292,84,219,126,9,16,31,37
S01006554,16 to 24,70,24,3,21,46,46,0,0,0,0
S01006554,25 to 34,103,60,28,32,43,42,1,0,0,0
S01006554,35 to 49,141,101,78,23,40,21,3,8,8,0
S01006554,50 to 64,137,96,92,4,41,12,1,7,18,3
S01006554,65 to 74,70,55,52,3,15,2,1,1,2,9
S01006554,75 to 84,61,36,35,1,25,2,2,0,3,18
S01006554,85 and over,13,4,4,0,9,1,1,0,0,7
S01006555,All people aged 16 and over in households,605,296,202,94,309,200,9,21,54,25
S01006555,16 to 24,83,16,0,16,67,67,0,0,0,0
S01006555,25 to 34,145,78,42,36,67,60,0,5,2,0
S01006555,35 to 49,188,104,74,30,84,51,4,9,20,0
S01006555,50 to 64,124,65,53,12,59,19,2,6,26,6
S01006555,65 to 74,38,23,23,0,15,3,0,1,6,5
S01006555,75 to 84,26,10,10,0,16,0,3,0,0,13
S01006555,85 and over,1,0,0,0,1,0,0,0,0,1
S01006556,All people aged 16 and over in households,707,392,314,78,315,178,6,14,40,77
S01006556,16 to 24,87,8,0,8,79,79,0,0,0,0
S01006556,25 to 34,118,67,39,28,51,47,1,1,2,0
S01006556,35 to 49,159,112,90,22,47,30,2,5,7,3
S01006556,50 to 64,154,107,92,15,47,13,0,6,21,7
S01006556,65 to 74,51,34,33,1,17,3,0,1,4,9
S01006556,75 to 84,113,60,56,4,53,5,2,1,4,41
S01006556,85 and over,25,4,4,0,21,1,1,0,2,17
S01006557,All people aged 16 and over in households,581,296,216,80,285,163,3,22,51,46
S01006557,16 to 24,87,12,0,12,75,75,0,0,0,0
S01006557,25 to 34,91,50,23,27,41,40,0,0,1,0
S01006557,35 to 49,171,111,77,34,60,30,2,11,16,1
S01006557,50 to 64,128,77,71,6,51,12,0,10,26,3
S01006557,65 to 74,48,27,26,1,21,4,0,1,6,10
S01006557,75 to 84,46,17,17,0,29,2,0,0,2,25
S01006557,85 and over,10,2,2,0,8,0,1,0,0,7
S01006558,All people aged 16 and over in households,563,290,192,98,273,194,3,9,31,36
S01006558,16 to 24,77,21,1,20,56,56,0,0,0,0
S01006558,25 to 34,150,80,30,50,70,69,1,0,0,0
S01006558,35 to 49,134,80,56,24,54,38,1,3,11,1
S01006558,50 to 64,111,76,72,4,35,16,0,4,11,4
S01006558,65 to 74,39,23,23,0,16,5,0,1,3,7
S01006558,75 to 84,37,9,9,0,28,7,1,1,6,13
S01006558,85 and over,15,1,1,0,14,3,0,0,0,11
S01006559,All people aged 16 and over in households,513,310,254,56,203,142,3,7,23,28
S01006559,16 to 24,83,10,2,8,73,73,0,0,0,0
S01006559,25 to 34,99,59,28,31,40,39,0,0,1,0
S01006559,35 to 49,126,108,97,11,18,8,1,1,7,1
S01006559,50 to 64,133,101,95,6,32,12,2,4,9,5
S01006559,65 to 74,31,18,18,0,13,4,0,2,3,4
S01006559,75 to 84,34,14,14,0,20,5,0,0,2,13
S01006559,85 and over,7,0,0,0,7,1,0,0,1,5
S01006560,All people aged 16 and over in households,799,478,420,58,321,200,12,11,33,65
S01006560,16 to 24,95,6,1,5,89,89,0,0,0,0
S01006560,25 to 34,135,73,49,24,62,59,2,0,1,0
S01006560,35 to 49,235,197,179,18,38,23,3,5,7,0
S01006560,50 to 64,173,126,115,11,47,16,4,5,15,7
S01006560,65 to 74,64,45,45,0,19,5,1,1,5,7
S01006560,75 to 84,54,20,20,0,34,4,1,0,3,26
S01006560,85 and over,43,11,11,0,32,4,1,0,2,25
S01006561,All people aged 16 and over in households,615,408,352,56,207,133,7,12,24,31
S01006561,16 to 24,72,3,0,3,69,69,0,0,0,0
S01006561,25 to 34,80,56,32,24,24,21,2,0,1,0
S01006561,35 to 49,177,138,112,26,39,20,1,7,11,0
S01006561,50 to 64,167,138,135,3,29,10,2,5,10,2
S01006561,65 to 74,62,45,45,0,17,5,1,0,1,10
S01006561,75 to 84,40,23,23,0,17,7,1,0,0,9
S01006561,85 and over,17,5,5,0,12,1,0,0,1,10
S01006562,All people aged 16 and over in households,593,358,306,52,235,139,7,9,38,42
S01006562,16 to 24,64,6,2,4,58,58,0,0,0,0
S01006562,25 to 34,59,27,16,11,32,30,0,1,0,1
S01006562,35 to 49,153,107,85,22,46,24,4,5,12,1
S01006562,50 to 64,163,121,108,13,42,17,2,2,15,6
S01006562,65 to 74,77,55,53,2,22,3,1,1,6,11
S01006562,75 to 84,62,35,35,0,27,5,0,0,5,17
S01006562,85 and over,15,7,7,0,8,2,0,0,0,6
S01006563,All people aged 16 and over in households,670,414,352,62,256,154,13,8,34,47
S01006563,16 to 24,74,4,0,4,70,70,0,0,0,0
S01006563,25 to 34,98,64,41,23,34,26,4,3,1,0
S01006563,35 to 49,191,145,121,24,46,28,6,3,7,2
S01006563,50 to 64,155,104,95,9,51,19,2,2,21,7
S01006563,65 to 74,83,62,60,2,21,4,0,0,4,13
S01006563,75 to 84,53,29,29,0,24,7,1,0,0,16
S01006563,85 and over,16,6,6,0,10,0,0,0,1,9
S01006564,All people aged 16 and over in households,888,310,182,128,578,436,9,19,64,50
S01006564,16 to 24,207,26,5,21,181,181,0,0,0,0
S01006564,25 to 34,247,125,45,80,122,115,3,2,2,0
S01006564,35 to 49,204,75,57,18,129,92,3,8,23,3
S01006564,50 to 64,119,36,28,8,83,38,3,8,27,7
S01006564,65 to 74,38,16,15,1,22,6,0,0,9,7
S01006564,75 to 84,51,27,27,0,24,3,0,1,3,17
S01006564,85 and over,22,5,5,0,17,1,0,0,0,16
S01006565,All people aged 16 and over in households,815,276,150,126,539,441,10,16,51,21
S01006565,16 to 24,202,52,9,43,150,149,0,0,1,0
S01006565,25 to 34,311,130,70,60,181,173,3,3,2,0
S01006565,35 to 49,156,41,27,14,115,86,4,4,19,2
S01006565,50 to 64,88,35,27,8,53,21,2,8,19,3
S01006565,65 to 74,30,12,11,1,18,8,1,1,5,3
S01006565,75 to 84,23,5,5,0,18,4,0,0,5,9
S01006565,85 and over,5,1,1,0,4,0,0,0,0,4
S01006566,All people aged 16 and over in households,675,310,182,128,365,289,12,8,40,16
S01006566,16 to 24,104,34,2,32,70,67,3,0,0,0
S01006566,25 to 34,245,117,48,69,128,119,4,3,2,0
S01006566,35 to 49,148,67,51,16,81,66,3,2,10,0
S01006566,50 to 64,120,61,50,11,59,27,2,3,23,4
S01006566,65 to 74,37,25,25,0,12,4,0,0,5,3
S01006566,75 to 84,14,5,5,0,9,5,0,0,0,4
S01006566,85 and over,7,1,1,0,6,1,0,0,0,5
S01006567,All people aged 16 and over in households,789,260,134,126,529,409,17,8,63,32
S01006567,16 to 24,190,45,7,38,145,144,0,0,1,0
S01006567,25 to 34,266,117,46,71,149,141,3,1,4,0
S01006567,35 to 49,141,36,25,11,105,83,7,2,13,0
S01006567,50 to 64,102,35,29,6,67,30,4,2,27,4
S01006567,65 to 74,36,13,13,0,23,8,0,2,10,3
S01006567,75 to 84,33,11,11,0,22,2,3,1,7,9
S01006567,85 and over,21,3,3,0,18,1,0,0,1,16
S01006568,All people aged 16 and over in households,876,390,182,208,486,413,10,16,37,10
S01006568,16 to 24,209,69,8,61,140,140,0,0,0,0
S01006568,25 to 34,390,193,78,115,197,185,3,4,5,0
S01006568,35 to 49,171,85,57,28,86,64,3,7,11,1
S01006568,50 to 64,80,32,30,2,48,19,4,5,20,0
S01006568,65 to 74,13,8,7,1,5,3,0,0,0,2
S01006568,75 to 84,9,3,2,1,6,1,0,0,1,4
S01006568,85 and over,4,0,0,0,4,1,0,0,0,3
S01006569,All people aged 16 and over in households,495,244,154,90,251,190,10,9,24,18
S01006569,16 to 24,91,28,5,23,63,63,0,0,0,0
S01006569,25 to 34,150,76,35,41,74,71,3,0,0,0
S01006569,35 to 49,123,66,47,19,57,37,7,6,7,0
S01006569,50 to 64,75,48,41,7,27,10,0,3,10,4
S01006569,65 to 74,31,20,20,0,11,3,0,0,3,5
S01006569,75 to 84,22,6,6,0,16,6,0,0,3,7
S01006569,85 and over,3,0,0,0,3,0,0,0,1,2
S01006570,All people aged 16 and over in households,649,374,278,96,275,204,8,8,29,26
S01006570,16 to 24,98,11,0,11,87,87,0,0,0,0
S01006570,25 to 34,156,92,49,43,64,61,3,0,0,0
S01006570,35 to 49,184,128,102,26,56,38,3,4,11,0
S01006570,50 to 64,113,86,72,14,27,10,2,2,11,2
S01006570,65 to 74,51,33,31,2,18,4,0,2,6,6
S01006570,75 to 84,34,19,19,0,15,3,0,0,0,12
S01006570,85 and over,13,5,5,0,8,1,0,0,1,6
S01006571,All people aged 16 and over in households,746,436,346,90,310,224,8,13,39,26
S01006571,16 to 24,99,10,3,7,89,89,0,0,0,0
S01006571,25 to 34,158,81,44,37,77,69,2,3,3,0
S01006571,35 to 49,227,164,130,34,63,40,4,5,14,0
S01006571,50 to 64,166,127,116,11,39,10,2,5,19,3
S01006571,65 to 74,45,31,30,1,14,4,0,0,1,9
S01006571,75 to 84,40,21,21,0,19,7,0,0,1,11
S01006571,85 and over,11,2,2,0,9,5,0,0,1,3
S01006572,All people aged 16 and over in households,714,490,444,46,224,127,11,12,26,48
S01006572,16 to 24,75,3,0,3,72,72,0,0,0,0
S01006572,25 to 34,66,31,24,7,35,30,0,5,0,0
S01006572,35 to 49,214,192,173,19,22,10,1,2,8,1
S01006572,50 to 64,208,159,147,12,49,11,9,5,17,7
S01006572,65 to 74,79,66,62,4,13,2,0,0,1,10
S01006572,75 to 84,58,35,34,1,23,2,1,0,0,20
S01006572,85 and over,14,4,4,0,10,0,0,0,0,10
S01006573,All people aged 16 and over in households,566,370,312,58,196,126,5,14,29,22
S01006573,16 to 24,67,4,0,4,63,63,0,0,0,0
S01006573,25 to 34,84,52,29,23,32,31,1,0,0,0
S01006573,35 to 49,197,161,135,26,36,17,2,9,8,0
S01006573,50 to 64,143,112,107,5,31,10,2,5,13,1
S01006573,65 to 74,43,28,28,0,15,3,0,0,5,7
S01006573,75 to 84,27,12,12,0,15,1,0,0,3,11
S01006573,85 and over,5,1,1,0,4,1,0,0,0,3
S01006574,All people aged 16 and over in households,785,494,422,72,291,179,16,18,41,37
S01006574,16 to 24,97,4,2,2,93,93,0,0,0,0
S01006574,25 to 34,112,60,31,29,52,47,0,3,2,0
S01006574,35 to 49,221,173,157,16,48,26,7,4,11,0
S01006574,50 to 64,240,184,164,20,56,9,6,10,23,8
S01006574,65 to 74,70,55,50,5,15,1,1,1,3,9
S01006574,75 to 84,37,15,15,0,22,2,1,0,2,17
S01006574,85 and over,8,3,3,0,5,1,1,0,0,3
S01006575,All people aged 16 and over in households,729,450,348,102,279,197,11,16,30,25
S01006575,16 to 24,112,21,1,20,91,91,0,0,0,0
S01006575,25 to 34,144,90,40,50,54,51,0,2,1,0
S01006575,35 to 49,226,171,146,25,55,26,5,9,14,1
S01006575,50 to 64,146,106,102,4,40,20,5,3,11,1
S01006575,65 to 74,55,39,36,3,16,5,1,2,3,5
S01006575,75 to 84,38,20,20,0,18,4,0,0,1,13
S01006575,85 and over,8,3,3,0,5,0,0,0,0,5
S01006576,All people aged 16 and over in households,575,348,276,72,227,159,10,13,26,19
S01006576,16 to 24,79,11,0,11,68,67,1,0,0,0
S01006576,25 to 34,132,69,35,34,63,59,1,1,2,0
S01006576,35 to 49,189,147,124,23,42,23,2,4,11,2
S01006576,50 to 64,105,78,74,4,27,4,5,7,6,5
S01006576,65 to 74,37,25,25,0,12,2,1,0,6,3
S01006576,75 to 84,26,15,15,0,11,2,0,1,1,7
S01006576,85 and over,7,3,3,0,4,2,0,0,0,2
S01006577,All people aged 16 and over in households,682,370,252,118,312,238,9,7,37,21
S01006577,16 to 24,106,35,3,32,71,68,1,0,2,0
S01006577,25 to 34,225,112,55,57,113,106,3,2,2,0
S01006577,35 to 49,152,106,82,24,46,35,1,2,8,0
S01006577,50 to 64,128,86,81,5,42,14,4,2,19,3
S01006577,65 to 74,40,20,20,0,20,9,0,1,5,5
S01006577,75 to 84,22,10,10,0,12,4,0,0,1,7
S01006577,85 and over,9,1,1,0,8,2,0,0,0,6
S01006578,All people aged 16 and over in households,961,394,206,188,567,476,11,14,47,19
S01006578,16 to 24,207,48,5,43,159,159,0,0,0,0
S01006578,25 to 34,391,175,71,104,216,207,5,2,2,0
S01006578,35 to 49,196,89,55,34,107,82,2,5,18,0
S01006578,50 to 64,115,59,53,6,56,24,3,6,21,2
S01006578,65 to 74,25,14,13,1,11,1,1,1,4,4
S01006578,75 to 84,21,9,9,0,12,3,0,0,2,7
S01006578,85 and over,6,0,0,0,6,0,0,0,0,6
S01006579,All people aged 16 and over in households,914,338,160,178,576,470,23,24,44,15
S01006579,16 to 24,210,63,2,61,147,147,0,0,0,0
S01006579,25 to 34,400,172,73,99,228,210,8,6,4,0
S01006579,35 to 49,175,66,52,14,109,76,12,8,13,0
S01006579,50 to 64,79,19,15,4,60,29,3,8,18,2
S01006579,65 to 74,18,4,4,0,14,4,0,1,6,3
S01006579,75 to 84,26,12,12,0,14,4,0,1,2,7
S01006579,85 and over,6,2,2,0,4,0,0,0,1,3
S01006580,All people aged 16 and over in households,638,294,170,124,344,261,11,7,44,21
S01006580,16 to 24,96,31,2,29,65,65,0,0,0,0
S01006580,25 to 34,223,107,37,70,116,105,3,1,6,1
S01006580,35 to 49,152,71,57,14,81,61,4,2,14,0
S01006580,50 to 64,110,62,53,9,48,18,4,4,18,4
S01006580,65 to 74,30,15,14,1,15,7,0,0,4,4
S01006580,75 to 84,19,8,7,1,11,4,0,0,2,5
S01006580,85 and over,8,0,0,0,8,1,0,0,0,7
S01006581,All people aged 16 and over in households,745,480,410,70,265,168,13,5,29,50
S01006581,16 to 24,81,4,1,3,77,77,0,0,0,0
S01006581,25 to 34,85,51,25,26,34,32,1,1,0,0
S01006581,35 to 49,229,184,147,37,45,33,3,1,6,2
S01006581,50 to 64,201,154,150,4,47,13,8,3,19,4
S01006581,65 to 74,74,54,54,0,20,5,0,0,2,13
S01006581,75 to 84,51,25,25,0,26,7,1,0,1,17
S01006581,85 and over,24,8,8,0,16,1,0,0,1,14
S01006582,All people aged 16 and over in households,743,246,112,134,497,392,24,23,42,16
S01006582,16 to 24,186,45,4,41,141,141,0,0,0,0
S01006582,25 to 34,317,112,54,58,205,186,8,7,3,1
S01006582,35 to 49,122,57,35,22,65,39,5,8,12,1
S01006582,50 to 64,87,27,14,13,60,19,10,8,20,3
S01006582,65 to 74,11,2,2,0,9,3,1,0,1,4
S01006582,75 to 84,19,3,3,0,16,4,0,0,5,7
S01006582,85 and over,1,0,0,0,1,0,0,0,1,0
S01006583,All people aged 16 and over in households,678,196,84,112,482,431,8,10,25,8
S01006583,16 to 24,250,35,4,31,215,215,0,0,0,0
S01006583,25 to 34,247,113,45,68,134,130,2,2,0,0
S01006583,35 to 49,120,34,24,10,86,69,1,6,10,0
S01006583,50 to 64,37,6,3,3,31,12,5,2,11,1
S01006583,65 to 74,12,7,7,0,5,1,0,0,2,2
S01006583,75 to 84,8,1,1,0,7,2,0,0,2,3
S01006583,85 and over,4,0,0,0,4,2,0,0,0,2
S01006584,All people aged 16 and over in households,573,212,104,108,361,296,8,14,33,10
S01006584,16 to 24,179,31,2,29,148,148,0,0,0,0
S01006584,25 to 34,194,97,38,59,97,92,2,1,2,0
S01006584,35 to 49,114,49,32,17,65,40,3,8,14,0
S01006584,50 to 64,61,25,22,3,36,10,2,5,14,5
S01006584,65 to 74,13,7,7,0,6,0,1,0,3,2
S01006584,75 to 84,10,3,3,0,7,5,0,0,0,2
S01006584,85 and over,2,0,0,0,2,1,0,0,0,1
S01006585,All people aged 16 and over in households,734,246,138,108,488,347,23,15,66,37
S01006585,16 to 24,179,35,0,35,144,144,0,0,0,0
S01006585,25 to 34,206,82,23,59,124,104,12,5,3,0
S01006585,35 to 49,127,40,33,7,87,63,6,2,15,1
S01006585,50 to 64,126,52,48,4,74,22,4,6,37,5
S01006585,65 to 74,53,29,27,2,24,5,1,2,8,8
S01006585,75 to 84,35,7,7,0,28,7,0,0,3,18
S01006585,85 and over,8,1,0,1,7,2,0,0,0,5
S01006586,All people aged 16 and over in households,989,304,154,150,685,506,18,25,91,45
S01006586,16 to 24,257,41,3,38,216,215,1,0,0,0
S01006586,25 to 34,314,117,39,78,197,183,3,4,7,0
S01006586,35 to 49,142,50,28,22,92,63,7,6,15,1
S01006586,50 to 64,148,40,33,7,108,31,5,14,49,9
S01006586,65 to 74,66,28,25,3,38,9,1,1,17,10
S01006586,75 to 84,53,28,26,2,25,3,1,0,3,18
S01006586,85 and over,9,0,0,0,9,2,0,0,0,7
S01006587,All people aged 16 and over in households,500,178,74,104,322,281,5,5,27,4
S01006587,16 to 24,151,37,3,34,114,114,0,0,0,0
S01006587,25 to 34,199,86,32,54,113,112,0,1,0,0
S01006587,35 to 49,90,30,23,7,60,44,5,2,9,0
S01006587,50 to 64,47,22,14,8,25,6,0,2,14,3
S01006587,65 to 74,10,2,1,1,8,3,0,0,4,1
S01006587,75 to 84,2,1,1,0,1,1,0,0,0,0
S01006587,85 and over,1,0,0,0,1,1,0,0,0,0
S01006588,All people aged 16 and over in households,550,170,76,94,380,340,15,7,17,1
S01006588,16 to 24,189,34,5,29,155,155,0,0,0,0
S01006588,25 to 34,245,98,42,56,147,136,5,4,1,1
S01006588,35 to 49,80,23,14,9,57,46,3,2,6,0
S01006588,50 to 64,36,15,15,0,21,3,7,1,10,0
S01006588,65 to 74,0,0,0,0,0,0,0,0,0,0
S01006588,75 to 84,0,0,0,0,0,0,0,0,0,0
S01006588,85 and over,0,0,0,0,0,0,0,0,0,0
S01006589,All people aged 16 and over in households,630,208,84,124,422,355,15,15,29,8
S01006589,16 to 24,205,51,5,46,154,154,0,0,0,0
S01006589,25 to 34,235,87,35,52,148,136,6,5,1,0
S01006589,35 to 49,103,31,18,13,72,50,7,6,9,0
S01006589,50 to 64,67,30,20,10,37,12,2,4,18,1
S01006589,65 to 74,14,7,4,3,7,2,0,0,1,4
S01006589,75 to 84,4,2,2,0,2,1,0,0,0,1
S01006589,85 and over,2,0,0,0,2,0,0,0,0,2
S01006590,All people aged 16 and over in households,591,214,100,114,377,316,16,9,31,5
S01006590,16 to 24,148,28,5,23,120,120,0,0,0,0
S01006590,25 to 34,243,92,40,52,151,138,6,3,4,0
S01006590,35 to 49,118,54,24,30,64,43,4,6,11,0
S01006590,50 to 64,58,26,17,9,32,12,5,0,13,2
S01006590,65 to 74,13,8,8,0,5,2,0,0,2,1
S01006590,75 to 84,11,6,6,0,5,1,1,0,1,2
S01006590,85 and over,0,0,0,0,0,0,0,0,0,0
S01006591,All people aged 16 and over in households,624,262,140,122,362,285,18,14,34,11
S01006591,16 to 24,152,39,7,32,113,113,0,0,0,0
S01006591,25 to 34,223,106,50,56,117,103,11,2,1,0
S01006591,35 to 49,137,65,39,26,72,54,1,8,9,0
S01006591,50 to 64,94,46,38,8,48,13,6,4,20,5
S01006591,65 to 74,13,5,5,0,8,1,0,0,3,4
S01006591,75 to 84,4,1,1,0,3,1,0,0,1,1
S01006591,85 and over,1,0,0,0,1,0,0,0,0,1
S01006592,All people aged 16 and over in households,607,300,160,140,307,259,11,8,18,11
S01006592,16 to 24,107,29,1,28,78,78,0,0,0,0
S01006592,25 to 34,284,146,60,86,138,133,2,2,1,0
S01006592,35 to 49,128,78,61,17,50,37,5,1,6,1
S01006592,50 to 64,61,33,24,9,28,9,4,4,9,2
S01006592,65 to 74,20,10,10,0,10,1,0,1,2,6
S01006592,75 to 84,6,4,4,0,2,1,0,0,0,1
S01006592,85 and over,1,0,0,0,1,0,0,0,0,1
S01006593,All people aged 16 and over in households,681,314,168,146,367,295,12,15,30,15
S01006593,16 to 24,168,48,7,41,120,120,0,0,0,0
S01006593,25 to 34,249,123,43,80,126,119,2,3,2,0
S01006593,35 to 49,146,77,57,20,69,43,7,6,13,0
S01006593,50 to 64,82,50,45,5,32,7,3,5,13,4
S01006593,65 to 74,23,14,14,0,9,3,0,1,2,3
S01006593,75 to 84,7,0,0,0,7,2,0,0,0,5
S01006593,85 and over,6,2,2,0,4,1,0,0,0,3
S01006594,All people aged 16 and over in households,508,210,126,84,298,195,11,6,38,48
S01006594,16 to 24,88,25,1,24,63,62,0,0,1,0
S01006594,25 to 34,145,73,34,39,72,64,5,2,1,0
S01006594,35 to 49,83,41,29,12,42,33,2,0,7,0
S01006594,50 to 64,77,28,23,5,49,24,4,3,14,4
S01006594,65 to 74,53,26,22,4,27,4,0,1,12,10
S01006594,75 to 84,42,13,13,0,29,5,0,0,3,21
S01006594,85 and over,20,4,4,0,16,3,0,0,0,13
S01006595,All people aged 16 and over in households,834,352,192,160,482,380,20,18,47,17
S01006595,16 to 24,158,31,2,29,127,125,2,0,0,0
S01006595,25 to 34,352,169,73,96,183,175,2,3,2,1
S01006595,35 to 49,182,88,58,30,94,64,10,6,14,0
S01006595,50 to 64,101,50,45,5,51,11,5,6,26,3
S01006595,65 to 74,20,4,4,0,16,2,1,3,4,6
S01006595,75 to 84,14,6,6,0,8,2,0,0,1,5
S01006595,85 and over,7,4,4,0,3,1,0,0,0,2
S01006596,All people aged 16 and over in households,595,334,212,122,261,204,10,11,20,16
S01006596,16 to 24,92,18,2,16,74,74,0,0,0,0
S01006596,25 to 34,187,115,54,61,72,68,0,3,1,0
S01006596,35 to 49,172,122,86,36,50,35,3,3,8,1
S01006596,50 to 64,99,60,51,9,39,19,4,5,8,3
S01006596,65 to 74,21,11,11,0,10,5,1,0,2,2
S01006596,75 to 84,16,6,6,0,10,3,2,0,1,4
S01006596,85 and over,8,2,2,0,6,0,0,0,0,6
S01006597,All people aged 16 and over in households,494,186,46,140,308,247,9,12,31,9
S01006597,16 to 24,116,41,0,41,75,74,1,0,0,0
S01006597,25 to 34,217,109,24,85,108,101,4,1,2,0
S01006597,35 to 49,97,21,11,10,76,57,2,6,11,0
S01006597,50 to 64,38,9,7,2,29,10,1,5,11,2
S01006597,65 to 74,16,5,3,2,11,3,1,0,6,1
S01006597,75 to 84,6,1,1,0,5,2,0,0,1,2
S01006597,85 and over,4,0,0,0,4,0,0,0,0,4
S01006598,All people aged 16 and over in households,805,522,414,108,283,202,22,8,24,27
S01006598,16 to 24,80,7,3,4,73,72,1,0,0,0
S01006598,25 to 34,175,103,56,47,72,70,1,0,0,1
S01006598,35 to 49,239,179,139,40,60,36,11,2,10,1
S01006598,50 to 64,200,157,141,16,43,17,6,4,13,3
S01006598,65 to 74,72,56,55,1,16,4,1,1,1,9
S01006598,75 to 84,33,19,19,0,14,2,2,1,0,9
S01006598,85 and over,6,1,1,0,5,1,0,0,0,4
S01006599,All people aged 16 and over in households,749,298,194,104,451,278,12,23,77,61
S01006599,16 to 24,128,23,2,21,105,103,1,1,0,0
S01006599,25 to 34,177,85,34,51,92,85,3,1,2,1
S01006599,35 to 49,145,67,46,21,78,46,3,11,17,1
S01006599,50 to 64,142,68,59,9,74,25,4,6,37,2
S01006599,65 to 74,54,25,25,0,29,5,0,3,10,11
S01006599,75 to 84,77,27,25,2,50,11,1,1,10,27
S01006599,85 and over,26,3,3,0,23,3,0,0,1,19
S01006600,All people aged 16 and over in households,936,472,344,128,464,274,19,22,63,86
S01006600,16 to 24,115,14,5,9,101,101,0,0,0,0
S01006600,25 to 34,209,115,45,70,94,87,3,0,4,0
S01006600,35 to 49,230,148,106,42,82,41,6,14,19,2
S01006600,50 to 64,165,102,97,5,63,20,6,7,23,7
S01006600,65 to 74,77,39,39,0,38,8,2,1,12,15
S01006600,75 to 84,104,48,46,2,56,8,2,0,3,43
S01006600,85 and over,36,6,6,0,30,9,0,0,2,19
S01006601,All people aged 16 and over in households,899,435,288,147,464,332,15,25,60,32
S01006601,16 to 24,139,28,7,21,111,109,0,2,0,0
S01006601,25 to 34,236,123,54,69,113,105,5,2,1,0
S01006601,35 to 49,246,125,82,43,121,80,4,10,26,1
S01006601,50 to 64,156,96,83,13,60,27,4,9,19,1
S01006601,65 to 74,70,41,41,0,29,4,1,2,12,10
S01006601,75 to 84,44,22,21,1,22,5,1,0,2,14
S01006601,85 and over,8,0,0,0,8,2,0,0,0,6
S01006602,All people aged 16 and over in households,709,418,340,78,291,158,17,6,37,73
S01006602,16 to 24,75,8,2,6,67,66,1,0,0,0
S01006602,25 to 34,112,73,39,34,39,37,1,0,1,0
S01006602,35 to 49,202,156,128,28,46,26,11,3,5,1
S01006602,50 to 64,154,112,102,10,42,10,3,3,21,5
S01006602,65 to 74,55,33,33,0,22,5,1,0,5,11
S01006602,75 to 84,73,28,28,0,45,11,0,0,5,29
S01006602,85 and over,38,8,8,0,30,3,0,0,0,27
S01006603,All people aged 16 and over in households,675,360,256,104,315,163,4,20,55,73
S01006603,16 to 24,83,11,0,11,72,71,1,0,0,0
S01006603,25 to 34,123,74,34,40,49,44,1,3,1,0
S01006603,35 to 49,155,94,61,33,61,31,1,10,16,3
S01006603,50 to 64,158,99,82,17,59,13,1,6,27,12
S01006603,65 to 74,77,47,45,2,30,4,0,1,9,16
S01006603,75 to 84,64,32,31,1,32,0,0,0,2,30
S01006603,85 and over,15,3,3,0,12,0,0,0,0,12
S01006604,All people aged 16 and over in households,587,354,290,64,233,146,1,12,31,43
S01006604,16 to 24,89,12,1,11,77,77,0,0,0,0
S01006604,25 to 34,69,42,23,19,27,24,0,2,1,0
S01006604,35 to 49,142,100,84,16,42,29,0,6,7,0
S01006604,50 to 64,160,116,99,17,44,14,0,2,20,8
S01006604,65 to 74,78,58,57,1,20,0,0,2,2,16
S01006604,75 to 84,38,23,23,0,15,2,0,0,1,12
S01006604,85 and over,11,3,3,0,8,0,1,0,0,7
S01006605,All people aged 16 and over in households,658,306,214,92,352,182,4,18,66,82
S01006605,16 to 24,79,17,7,10,62,62,0,0,0,0
S01006605,25 to 34,136,80,38,42,56,49,0,5,2,0
S01006605,35 to 49,144,70,44,26,74,49,0,5,19,1
S01006605,50 to 64,120,63,50,13,57,12,1,4,29,11
S01006605,65 to 74,69,42,41,1,27,3,2,2,9,11
S01006605,75 to 84,75,27,27,0,48,6,1,1,3,37
S01006605,85 and over,35,7,7,0,28,1,0,1,4,22
S01006606,All people aged 16 and over in households,719,422,366,56,297,167,6,11,45,68
S01006606,16 to 24,75,5,1,4,70,70,0,0,0,0
S01006606,25 to 34,82,43,30,13,39,36,0,2,1,0
S01006606,35 to 49,168,123,98,25,45,30,1,4,10,0
S01006606,50 to 64,173,129,118,11,44,13,2,4,19,6
S01006606,65 to 74,107,82,79,3,25,8,0,0,7,10
S01006606,75 to 84,86,37,37,0,49,7,1,1,6,34
S01006606,85 and over,28,3,3,0,25,3,2,0,2,18
S01006607,All people aged 16 and over in households,767,446,338,108,321,202,1,13,47,58
S01006607,16 to 24,110,7,1,6,103,103,0,0,0,0
S01006607,25 to 34,98,62,34,28,36,32,1,1,2,0
S01006607,35 to 49,222,156,113,43,66,40,0,8,18,0
S01006607,50 to 64,168,115,91,24,53,19,0,4,21,9
S01006607,65 to 74,95,70,68,2,25,3,0,0,5,17
S01006607,75 to 84,60,33,28,5,27,5,0,0,1,21
S01006607,85 and over,14,3,3,0,11,0,0,0,0,11
S01006608,All people aged 16 and over in households,598,412,354,58,186,111,9,12,17,37
S01006608,16 to 24,84,7,2,5,77,76,1,0,0,0
S01006608,25 to 34,81,60,38,22,21,17,1,2,1,0
S01006608,35 to 49,156,131,115,16,25,5,3,5,9,3
S01006608,50 to 64,158,132,120,12,26,10,2,3,7,4
S01006608,65 to 74,83,63,60,3,20,2,1,1,0,16
S01006608,75 to 84,35,19,19,0,16,1,1,1,0,13
S01006608,85 and over,1,0,0,0,1,0,0,0,0,1
S01006609,All people aged 16 and over in households,886,492,374,118,394,216,9,21,57,91
S01006609,16 to 24,108,14,3,11,94,93,1,0,0,0
S01006609,25 to 34,128,76,32,44,52,46,2,3,1,0
S01006609,35 to 49,210,137,102,35,73,44,1,11,16,1
S01006609,50 to 64,228,155,130,25,73,28,3,6,27,9
S01006609,65 to 74,98,64,63,1,34,3,1,0,6,24
S01006609,75 to 84,102,45,43,2,57,2,1,1,7,46
S01006609,85 and over,12,1,1,0,11,0,0,0,0,11
S01006610,All people aged 16 and over in households,386,198,152,46,188,95,4,7,33,49
S01006610,16 to 24,55,10,0,10,45,45,0,0,0,0
S01006610,25 to 34,59,35,13,22,24,21,2,0,1,0
S01006610,35 to 49,83,48,37,11,35,20,1,4,10,0
S01006610,50 to 64,88,58,55,3,30,7,1,3,15,4
S01006610,65 to 74,43,22,22,0,21,1,0,0,3,17
S01006610,75 to 84,50,24,24,0,26,1,0,0,3,22
S01006610,85 and over,8,1,1,0,7,0,0,0,1,6
S01006611,All people aged 16 and over in households,772,418,324,94,354,205,5,25,47,72
S01006611,16 to 24,101,9,4,5,92,89,1,2,0,0
S01006611,25 to 34,136,86,41,45,50,46,1,2,1,0
S01006611,35 to 49,181,110,79,31,71,42,2,15,11,1
S01006611,50 to 64,171,110,99,11,61,23,0,4,26,8
S01006611,65 to 74,65,39,37,2,26,2,0,2,4,18
S01006611,75 to 84,92,48,48,0,44,1,1,0,5,37
S01006611,85 and over,26,16,16,0,10,2,0,0,0,8
S01006612,All people aged 16 and over in households,741,456,366,90,285,180,13,12,28,52
S01006612,16 to 24,100,5,1,4,95,95,0,0,0,0
S01006612,25 to 34,107,72,46,26,35,35,0,0,0,0
S01006612,35 to 49,211,157,119,38,54,33,7,4,6,4
S01006612,50 to 64,177,133,114,19,44,14,5,8,13,4
S01006612,65 to 74,74,49,46,3,25,2,0,0,8,15
S01006612,75 to 84,62,38,38,0,24,1,0,0,1,22
S01006612,85 and over,10,2,2,0,8,0,1,0,0,7
S01006613,All people aged 16 and over in households,493,356,278,78,137,95,4,11,16,11
S01006613,16 to 24,73,21,2,19,52,52,0,0,0,0
S01006613,25 to 34,80,57,30,27,23,21,0,1,1,0
S01006613,35 to 49,182,147,123,24,35,17,3,4,9,2
S01006613,50 to 64,111,91,83,8,20,5,1,5,6,3
S01006613,65 to 74,26,23,23,0,3,0,0,1,0,2
S01006613,75 to 84,21,17,17,0,4,0,0,0,0,4
S01006613,85 and over,0,0,0,0,0,0,0,0,0,0
S01006614,All people aged 16 and over in households,491,372,290,82,119,73,4,13,22,7
S01006614,16 to 24,33,6,2,4,27,27,0,0,0,0
S01006614,25 to 34,121,103,69,34,18,13,1,3,1,0
S01006614,35 to 49,228,180,147,33,48,28,1,6,13,0
S01006614,50 to 64,87,68,58,10,19,5,2,4,8,0
S01006614,65 to 74,15,11,10,1,4,0,0,0,0,4
S01006614,75 to 84,6,3,3,0,3,0,0,0,0,3
S01006614,85 and over,1,1,1,0,0,0,0,0,0,0
S01006615,All people aged 16 and over in households,563,456,352,104,107,76,5,5,13,8
S01006615,16 to 24,56,6,2,4,50,49,0,0,1,0
S01006615,25 to 34,133,116,80,36,17,16,0,0,1,0
S01006615,35 to 49,243,220,166,54,23,8,4,3,6,2
S01006615,50 to 64,96,85,78,7,11,3,0,2,4,2
S01006615,65 to 74,23,22,19,3,1,0,0,0,0,1
S01006615,75 to 84,11,7,7,0,4,0,1,0,1,2
S01006615,85 and over,1,0,0,0,1,0,0,0,0,1
S01006616,All people aged 16 and over in households,665,442,324,118,223,172,4,16,21,10
S01006616,16 to 24,112,18,0,18,94,94,0,0,0,0
S01006616,25 to 34,162,127,56,71,35,32,2,1,0,0
S01006616,35 to 49,200,150,129,21,50,29,0,10,11,0
S01006616,50 to 64,156,121,113,8,35,14,2,5,9,5
S01006616,65 to 74,25,20,20,0,5,3,0,0,0,2
S01006616,75 to 84,9,6,6,0,3,0,0,0,1,2
S01006616,85 and over,1,0,0,0,1,0,0,0,0,1
S01006617,All people aged 16 and over in households,574,358,294,64,216,126,5,10,32,43
S01006617,16 to 24,71,9,0,9,62,62,0,0,0,0
S01006617,25 to 34,65,43,23,20,22,20,0,1,1,0
S01006617,35 to 49,163,119,93,26,44,23,2,7,10,2
S01006617,50 to 64,163,121,112,9,42,12,2,2,15,11
S01006617,65 to 74,58,40,40,0,18,6,0,0,4,8
S01006617,75 to 84,45,24,24,0,21,1,1,0,2,17
S01006617,85 and over,9,2,2,0,7,2,0,0,0,5
S01006618,All people aged 16 and over in households,469,320,264,56,149,90,3,5,25,26
S01006618,16 to 24,62,9,0,9,53,53,0,0,0,0
S01006618,25 to 34,43,31,11,20,12,12,0,0,0,0
S01006618,35 to 49,114,96,82,14,18,10,1,1,5,1
S01006618,50 to 64,164,129,120,9,35,12,0,4,15,4
S01006618,65 to 74,60,47,45,2,13,2,0,0,5,6
S01006618,75 to 84,21,6,4,2,15,1,2,0,0,12
S01006618,85 and over,5,2,2,0,3,0,0,0,0,3
S01006619,All people aged 16 and over in households,744,486,388,98,258,164,5,11,40,38
S01006619,16 to 24,91,2,0,2,89,89,0,0,0,0
S01006619,25 to 34,104,65,23,42,39,37,0,2,0,0
S01006619,35 to 49,219,174,138,36,45,25,0,7,10,3
S01006619,50 to 64,229,172,161,11,57,10,5,2,27,13
S01006619,65 to 74,62,51,44,7,11,3,0,0,1,7
S01006619,75 to 84,35,20,20,0,15,0,0,0,2,13
S01006619,85 and over,4,2,2,0,2,0,0,0,0,2
S01006620,All people aged 16 and over in households,738,480,392,88,258,150,4,15,37,52
S01006620,16 to 24,91,12,0,12,79,78,0,0,0,1
S01006620,25 to 34,135,92,51,41,43,37,1,1,3,1
S01006620,35 to 49,174,136,110,26,38,27,0,4,7,0
S01006620,50 to 64,207,156,148,8,51,8,3,7,15,18
S01006620,65 to 74,83,63,62,1,20,0,0,2,9,9
S01006620,75 to 84,40,20,20,0,20,0,0,1,3,16
S01006620,85 and over,8,1,1,0,7,0,0,0,0,7
S01006621,All people aged 16 and over in households,428,292,226,66,136,88,0,8,22,18
S01006621,16 to 24,48,10,2,8,38,38,0,0,0,0
S01006621,25 to 34,70,58,31,27,12,11,0,1,0,0
S01006621,35 to 49,119,84,70,14,35,21,0,4,9,1
S01006621,50 to 64,128,97,80,17,31,16,0,1,9,5
S01006621,65 to 74,49,35,35,0,14,2,0,2,3,7
S01006621,75 to 84,14,8,8,0,6,0,0,0,1,5
S01006621,85 and over,0,0,0,0,0,0,0,0,0,0
S01006622,All people aged 16 and over in households,549,372,282,90,177,128,1,11,25,12
S01006622,16 to 24,76,14,5,9,62,62,0,0,0,0
S01006622,25 to 34,128,94,57,37,34,32,0,2,0,0
S01006622,35 to 49,197,153,121,32,44,29,0,6,7,2
S01006622,50 to 64,120,93,82,11,27,5,1,2,15,4
S01006622,65 to 74,22,14,13,1,8,0,0,1,3,4
S01006622,75 to 84,6,4,4,0,2,0,0,0,0,2
S01006622,85 and over,0,0,0,0,0,0,0,0,0,0
S01006623,All people aged 16 and over in households,610,308,214,94,302,183,12,14,50,43
S01006623,16 to 24,84,15,0,15,69,68,0,0,1,0
S01006623,25 to 34,117,71,30,41,46,41,4,0,1,0
S01006623,35 to 49,170,100,69,31,70,44,4,6,14,2
S01006623,50 to 64,137,77,72,5,60,18,3,6,27,6
S01006623,65 to 74,63,27,26,1,36,12,1,1,3,19
S01006623,75 to 84,32,18,17,1,14,0,0,0,3,11
S01006623,85 and over,7,0,0,0,7,0,0,1,1,5
S01006624,All people aged 16 and over in households,739,320,202,118,419,293,24,14,64,24
S01006624,16 to 24,120,32,9,23,88,87,1,0,0,0
S01006624,25 to 34,200,94,31,63,106,95,8,2,1,0
S01006624,35 to 49,191,71,52,19,120,83,8,8,21,0
S01006624,50 to 64,139,68,58,10,71,23,6,4,32,6
S01006624,65 to 74,56,37,36,1,19,3,0,0,8,8
S01006624,75 to 84,28,18,16,2,10,2,0,0,2,6
S01006624,85 and over,5,0,0,0,5,0,1,0,0,4
S01006625,All people aged 16 and over in households,547,296,236,60,251,157,14,19,28,33
S01006625,16 to 24,85,17,2,15,68,68,0,0,0,0
S01006625,25 to 34,94,55,33,22,39,36,2,1,0,0
S01006625,35 to 49,136,75,62,13,61,39,8,9,4,1
S01006625,50 to 64,140,100,92,8,40,7,3,8,16,6
S01006625,65 to 74,55,37,35,2,18,6,1,1,3,7
S01006625,75 to 84,31,11,11,0,20,1,0,0,4,15
S01006625,85 and over,6,1,1,0,5,0,0,0,1,4
S01006626,All people aged 16 and over in households,614,298,174,124,316,195,6,15,52,48
S01006626,16 to 24,96,30,3,27,66,64,1,1,0,0
S01006626,25 to 34,119,71,35,36,48,45,0,2,1,0
S01006626,35 to 49,149,81,43,38,68,48,3,4,11,2
S01006626,50 to 64,123,64,47,17,59,21,1,6,21,10
S01006626,65 to 74,61,29,27,2,32,9,0,1,12,10
S01006626,75 to 84,51,21,17,4,30,6,1,1,5,17
S01006626,85 and over,15,2,2,0,13,2,0,0,2,9
S01006627,All people aged 16 and over in households,757,307,172,135,450,305,22,30,67,26
S01006627,16 to 24,134,38,4,34,96,96,0,0,0,0
S01006627,25 to 34,224,117,62,55,107,91,9,5,2,0
S01006627,35 to 49,217,75,51,24,142,91,9,16,25,1
S01006627,50 to 64,131,67,45,22,64,17,4,7,30,6
S01006627,65 to 74,31,7,7,0,24,8,0,2,9,5
S01006627,75 to 84,12,3,3,0,9,2,0,0,1,6
S01006627,85 and over,8,0,0,0,8,0,0,0,0,8
S01006628,All people aged 16 and over in households,978,436,216,220,542,378,37,28,80,19
S01006628,16 to 24,202,84,4,80,118,115,1,2,0,0
S01006628,25 to 34,331,197,104,93,134,125,8,1,0,0
S01006628,35 to 49,256,89,56,33,167,105,12,12,32,6
S01006628,50 to 64,151,50,38,12,101,27,16,13,41,4
S01006628,65 to 74,14,8,6,2,6,2,0,0,3,1
S01006628,75 to 84,21,8,8,0,13,3,0,0,4,6
S01006628,85 and over,3,0,0,0,3,1,0,0,0,2
S01006629,All people aged 16 and over in households,571,276,192,84,295,188,6,19,50,32
S01006629,16 to 24,115,22,4,18,93,92,0,0,1,0
S01006629,25 to 34,110,54,36,18,56,51,2,0,3,0
S01006629,35 to 49,154,92,64,28,62,32,1,13,13,3
S01006629,50 to 64,134,81,62,19,53,10,2,5,31,5
S01006629,65 to 74,38,21,20,1,17,3,1,1,1,11
S01006629,75 to 84,14,5,5,0,9,0,0,0,1,8
S01006629,85 and over,6,1,1,0,5,0,0,0,0,5
S01006630,All people aged 16 and over in households,489,242,178,64,247,153,3,14,44,33
S01006630,16 to 24,83,6,1,5,77,77,0,0,0,0
S01006630,25 to 34,63,31,14,17,32,31,1,0,0,0
S01006630,35 to 49,127,77,55,22,50,23,1,10,12,4
S01006630,50 to 64,140,85,67,18,55,21,1,3,25,5
S01006630,65 to 74,46,24,23,1,22,1,0,1,7,13
S01006630,75 to 84,28,18,18,0,10,0,0,0,0,10
S01006630,85 and over,2,1,0,1,1,0,0,0,0,1
S01006631,All people aged 16 and over in households,776,370,240,130,406,245,4,23,74,60
S01006631,16 to 24,98,25,3,22,73,73,0,0,0,0
S01006631,25 to 34,163,93,42,51,70,66,0,1,2,1
S01006631,35 to 49,194,95,62,33,99,67,1,9,19,3
S01006631,50 to 64,164,88,70,18,76,27,0,7,36,6
S01006631,65 to 74,89,45,41,4,44,6,1,6,11,20
S01006631,75 to 84,52,22,20,2,30,4,2,0,4,20
S01006631,85 and over,16,2,2,0,14,2,0,0,2,10
S01006632,All people aged 16 and over in households,658,320,180,140,338,210,13,17,71,27
S01006632,16 to 24,83,21,4,17,62,60,1,0,1,0
S01006632,25 to 34,171,108,43,65,63,52,4,5,2,0
S01006632,35 to 49,174,84,53,31,90,58,2,5,25,0
S01006632,50 to 64,145,69,47,22,76,31,5,6,29,5
S01006632,65 to 74,51,24,20,4,27,6,0,1,11,9
S01006632,75 to 84,26,10,9,1,16,2,1,0,3,10
S01006632,85 and over,8,4,4,0,4,1,0,0,0,3
S01006633,All people aged 16 and over in households,529,256,188,68,273,174,5,16,45,33
S01006633,16 to 24,97,14,1,13,83,82,0,1,0,0
S01006633,25 to 34,98,53,28,25,45,39,1,3,2,0
S01006633,35 to 49,146,91,75,16,55,33,1,9,12,0
S01006633,50 to 64,121,72,60,12,49,17,2,1,23,6
S01006633,65 to 74,41,20,18,2,21,2,1,2,5,11
S01006633,75 to 84,19,6,6,0,13,1,0,0,3,9
S01006633,85 and over,7,0,0,0,7,0,0,0,0,7
S01006634,All people aged 16 and over in households,465,192,122,70,273,179,6,20,48,20
S01006634,16 to 24,79,12,1,11,67,64,2,0,1,0
S01006634,25 to 34,120,65,29,36,55,48,0,6,1,0
S01006634,35 to 49,131,52,38,14,79,51,1,8,16,3
S01006634,50 to 64,92,45,37,8,47,14,2,5,21,5
S01006634,65 to 74,23,8,7,1,15,1,1,1,7,5
S01006634,75 to 84,19,10,10,0,9,0,0,0,2,7
S01006634,85 and over,1,0,0,0,1,1,0,0,0,0
S01006635,All people aged 16 and over in households,522,294,230,64,228,134,11,12,44,27
S01006635,16 to 24,81,15,3,12,66,66,0,0,0,0
S01006635,25 to 34,83,51,31,20,32,29,2,0,1,0
S01006635,35 to 49,161,98,78,20,63,30,9,6,18,0
S01006635,50 to 64,99,68,59,9,31,4,0,5,18,4
S01006635,65 to 74,61,41,39,2,20,5,0,0,6,9
S01006635,75 to 84,30,19,18,1,11,0,0,1,1,9
S01006635,85 and over,7,2,2,0,5,0,0,0,0,5
S01006636,All people aged 16 and over in households,641,332,198,134,309,178,9,23,61,38
S01006636,16 to 24,100,24,2,22,76,76,0,0,0,0
S01006636,25 to 34,125,84,36,48,41,38,1,0,2,0
S01006636,35 to 49,211,124,78,46,87,45,4,18,15,5
S01006636,50 to 64,112,50,37,13,62,14,3,4,33,8
S01006636,65 to 74,55,34,31,3,21,1,0,0,7,13
S01006636,75 to 84,30,12,10,2,18,4,1,1,4,8
S01006636,85 and over,8,4,4,0,4,0,0,0,0,4
S01006637,All people aged 16 and over in households,652,248,154,94,404,280,29,17,42,36
S01006637,16 to 24,136,22,2,20,114,113,0,1,0,0
S01006637,25 to 34,185,67,30,37,118,96,17,3,1,1
S01006637,35 to 49,132,59,38,21,73,51,4,4,13,1
S01006637,50 to 64,121,69,55,14,52,13,6,8,16,9
S01006637,65 to 74,33,19,17,2,14,2,1,0,8,3
S01006637,75 to 84,32,11,11,0,21,4,1,1,3,12
S01006637,85 and over,13,1,1,0,12,1,0,0,1,10
S01006638,All people aged 16 and over in households,795,278,132,146,517,417,7,18,44,31
S01006638,16 to 24,243,59,6,53,184,183,1,0,0,0
S01006638,25 to 34,237,103,40,63,134,132,1,1,0,0
S01006638,35 to 49,148,49,33,16,99,68,3,9,18,1
S01006638,50 to 64,96,38,27,11,58,21,2,7,19,9
S01006638,65 to 74,34,17,15,2,17,5,0,1,4,7
S01006638,75 to 84,24,12,11,1,12,5,0,0,2,5
S01006638,85 and over,13,0,0,0,13,3,0,0,1,9
S01006639,All people aged 16 and over in households,900,272,126,146,628,448,20,16,71,73
S01006639,16 to 24,258,53,4,49,205,205,0,0,0,0
S01006639,25 to 34,241,109,38,71,132,124,4,0,4,0
S01006639,35 to 49,128,41,22,19,87,63,7,2,15,0
S01006639,50 to 64,120,22,17,5,98,41,7,8,37,5
S01006639,65 to 74,58,25,23,2,33,7,0,3,7,16
S01006639,75 to 84,64,20,20,0,44,6,2,2,5,29
S01006639,85 and over,31,2,2,0,29,2,0,1,3,23
S01006640,All people aged 16 and over in households,684,214,108,106,470,423,14,7,18,8
S01006640,16 to 24,285,40,2,38,245,244,1,0,0,0
S01006640,25 to 34,268,123,72,51,145,139,4,1,1,0
S01006640,35 to 49,82,35,21,14,47,30,6,4,7,0
S01006640,50 to 64,43,16,13,3,27,9,3,2,9,4
S01006640,65 to 74,5,0,0,0,5,1,0,0,1,3
S01006640,75 to 84,1,0,0,0,1,0,0,0,0,1
S01006640,85 and over,0,0,0,0,0,0,0,0,0,0
S01006641,All people aged 16 and over in households,938,322,164,158,616,517,12,22,53,12
S01006641,16 to 24,324,60,5,55,264,264,0,0,0,0
S01006641,25 to 34,336,154,76,78,182,164,5,4,7,2
S01006641,35 to 49,151,59,42,17,92,61,2,10,18,1
S01006641,50 to 64,107,43,35,8,64,25,5,6,25,3
S01006641,65 to 74,14,6,6,0,8,3,0,2,2,1
S01006641,75 to 84,4,0,0,0,4,0,0,0,1,3
S01006641,85 and over,2,0,0,0,2,0,0,0,0,2
S01006642,All people aged 16 and over in households,790,254,128,126,536,462,7,12,36,19
S01006642,16 to 24,318,68,5,63,250,250,0,0,0,0
S01006642,25 to 34,225,93,46,47,132,126,2,3,0,1
S01006642,35 to 49,116,33,24,9,83,60,4,7,9,3
S01006642,50 to 64,89,40,33,7,49,19,1,2,23,4
S01006642,65 to 74,16,9,9,0,7,2,0,0,2,3
S01006642,75 to 84,22,9,9,0,13,5,0,0,2,6
S01006642,85 and over,4,2,2,0,2,0,0,0,0,2
S01006643,All people aged 16 and over in households,709,204,92,112,505,455,11,9,28,2
S01006643,16 to 24,343,48,4,44,295,294,1,0,0,0
S01006643,25 to 34,224,100,49,51,124,119,2,2,1,0
S01006643,35 to 49,76,36,20,16,40,22,4,5,9,0
S01006643,50 to 64,45,12,11,1,33,14,4,1,14,0
S01006643,65 to 74,13,6,6,0,7,2,0,1,3,1
S01006643,75 to 84,4,2,2,0,2,1,0,0,0,1
S01006643,85 and over,4,0,0,0,4,3,0,0,1,0
S01006644,All people aged 16 and over in households,915,310,138,172,605,503,12,27,42,21
S01006644,16 to 24,365,66,2,64,299,295,1,1,0,2
S01006644,25 to 34,276,129,53,76,147,137,6,2,2,0
S01006644,35 to 49,147,55,35,20,92,56,2,14,18,2
S01006644,50 to 64,84,40,30,10,44,11,3,8,18,4
S01006644,65 to 74,21,13,11,2,8,0,0,1,3,4
S01006644,75 to 84,19,7,7,0,12,4,0,0,1,7
S01006644,85 and over,3,0,0,0,3,0,0,1,0,2
S01006645,All people aged 16 and over in households,577,232,128,104,345,237,2,21,56,29
S01006645,16 to 24,108,31,5,26,77,75,0,2,0,0
S01006645,25 to 34,161,92,42,50,69,65,0,2,2,0
S01006645,35 to 49,136,44,27,17,92,70,2,6,14,0
S01006645,50 to 64,104,39,32,7,65,20,0,7,36,2
S01006645,65 to 74,38,15,12,3,23,6,0,4,2,11
S01006645,75 to 84,21,10,9,1,11,1,0,0,1,9
S01006645,85 and over,9,1,1,0,8,0,0,0,1,7
S01006646,All people aged 16 and over in households,526,130,68,62,396,330,13,8,15,30
S01006646,16 to 24,194,23,7,16,171,171,0,0,0,0
S01006646,25 to 34,174,59,25,34,115,106,6,2,0,1
S01006646,35 to 49,62,23,19,4,39,31,2,2,4,0
S01006646,50 to 64,41,10,6,4,31,14,1,4,10,2
S01006646,65 to 74,19,6,5,1,13,4,2,0,0,7
S01006646,75 to 84,27,6,3,3,21,3,2,0,0,16
S01006646,85 and over,9,3,3,0,6,1,0,0,1,4
S01006647,All people aged 16 and over in households,550,199,122,77,351,243,8,12,63,25
S01006647,16 to 24,141,16,4,12,125,125,0,0,0,0
S01006647,25 to 34,135,66,35,31,69,65,1,2,1,0
S01006647,35 to 49,120,62,38,24,58,33,4,3,18,0
S01006647,50 to 64,89,35,27,8,54,11,3,5,28,7
S01006647,65 to 74,44,14,12,2,30,6,0,1,15,8
S01006647,75 to 84,17,5,5,0,12,2,0,1,1,8
S01006647,85 and over,4,1,1,0,3,1,0,0,0,2
S01006648,All people aged 16 and over in households,1006,348,154,194,658,563,14,26,48,7
S01006648,16 to 24,326,87,4,83,239,238,1,0,0,0
S01006648,25 to 34,364,157,67,90,207,196,8,3,0,0
S01006648,35 to 49,195,64,46,18,131,92,4,17,18,0
S01006648,50 to 64,95,30,27,3,65,32,0,5,27,1
S01006648,65 to 74,15,7,7,0,8,4,0,0,3,1
S01006648,75 to 84,5,2,2,0,3,0,1,1,0,1
S01006648,85 and over,6,1,1,0,5,1,0,0,0,4
S01006649,All people aged 16 and over in households,892,334,148,186,558,455,8,24,61,10
S01006649,16 to 24,320,86,9,77,234,231,2,0,1,0
S01006649,25 to 34,291,152,76,76,139,130,3,2,4,0
S01006649,35 to 49,147,52,33,19,95,69,2,12,12,0
S01006649,50 to 64,100,31,23,8,69,22,0,9,36,2
S01006649,65 to 74,23,7,2,5,16,2,1,1,7,5
S01006649,75 to 84,7,4,3,1,3,0,0,0,1,2
S01006649,85 and over,4,2,2,0,2,1,0,0,0,1
S01006650,All people aged 16 and over in households,813,269,144,125,544,468,11,12,39,14
S01006650,16 to 24,294,53,7,46,241,238,2,0,0,1
S01006650,25 to 34,270,107,50,57,163,155,5,1,2,0
S01006650,35 to 49,123,51,37,14,72,51,3,5,11,2
S01006650,50 to 64,85,40,33,7,45,18,1,6,15,5
S01006650,65 to 74,21,11,11,0,10,4,0,0,6,0
S01006650,75 to 84,16,7,6,1,9,1,0,0,4,4
S01006650,85 and over,4,0,0,0,4,1,0,0,1,2
S01006651,All people aged 16 and over in households,612,222,112,110,390,293,18,6,46,27
S01006651,16 to 24,203,57,5,52,146,146,0,0,0,0
S01006651,25 to 34,164,71,31,40,93,86,5,2,0,0
S01006651,35 to 49,78,29,19,10,49,35,7,0,7,0
S01006651,50 to 64,87,31,25,6,56,19,4,4,27,2
S01006651,65 to 74,32,14,14,0,18,2,0,0,8,8
S01006651,75 to 84,42,19,17,2,23,3,2,0,4,14
S01006651,85 and over,6,1,1,0,5,2,0,0,0,3
S01006652,All people aged 16 and over in households,516,186,76,110,330,281,7,10,26,6
S01006652,16 to 24,184,31,0,31,153,153,0,0,0,0
S01006652,25 to 34,182,93,31,62,89,87,1,1,0,0
S01006652,35 to 49,84,42,26,16,42,28,0,5,9,0
S01006652,50 to 64,32,8,7,1,24,7,5,3,7,2
S01006652,65 to 74,23,7,7,0,16,4,1,0,9,2
S01006652,75 to 84,10,5,5,0,5,2,0,0,1,2
S01006652,85 and over,1,0,0,0,1,0,0,1,0,0
S01006653,All people aged 16 and over in households,513,236,146,90,277,223,7,4,29,14
S01006653,16 to 24,139,32,5,27,107,107,0,0,0,0
S01006653,25 to 34,165,85,42,43,80,75,2,0,3,0
S01006653,35 to 49,98,51,36,15,47,33,3,2,8,1
S01006653,50 to 64,75,45,40,5,30,5,2,1,18,4
S01006653,65 to 74,23,19,19,0,4,1,0,1,0,2
S01006653,75 to 84,11,3,3,0,8,2,0,0,0,6
S01006653,85 and over,2,1,1,0,1,0,0,0,0,1
S01006654,All people aged 16 and over in households,788,302,180,122,486,326,12,23,66,59
S01006654,16 to 24,155,30,6,24,125,125,0,0,0,0
S01006654,25 to 34,171,93,45,48,78,66,9,2,1,0
S01006654,35 to 49,181,64,34,30,117,83,2,12,18,2
S01006654,50 to 64,148,68,52,16,80,35,1,9,29,6
S01006654,65 to 74,63,24,23,1,39,10,0,0,13,16
S01006654,75 to 84,51,18,16,2,33,6,0,0,5,22
S01006654,85 and over,19,5,4,1,14,1,0,0,0,13
S01006655,All people aged 16 and over in households,550,278,182,96,272,191,13,16,35,17
S01006655,16 to 24,109,20,0,20,89,89,0,0,0,0
S01006655,25 to 34,141,85,37,48,56,54,2,0,0,0
S01006655,35 to 49,141,85,68,17,56,33,7,5,10,1
S01006655,50 to 64,100,56,48,8,44,12,4,8,16,4
S01006655,65 to 74,38,22,19,3,16,1,0,2,9,4
S01006655,75 to 84,16,8,8,0,8,1,0,1,0,6
S01006655,85 and over,5,2,2,0,3,1,0,0,0,2
S01006656,All people aged 16 and over in households,845,330,176,154,515,412,10,17,57,19
S01006656,16 to 24,245,56,7,49,189,187,1,0,1,0
S01006656,25 to 34,272,126,56,70,146,137,4,1,4,0
S01006656,35 to 49,176,80,56,24,96,62,4,5,25,0
S01006656,50 to 64,97,49,38,11,48,16,1,8,19,4
S01006656,65 to 74,31,14,14,0,17,7,0,1,5,4
S01006656,75 to 84,14,5,5,0,9,0,0,2,3,4
S01006656,85 and over,10,0,0,0,10,3,0,0,0,7
S01006657,All people aged 16 and over in households,482,199,86,113,283,220,11,14,31,7
S01006657,16 to 24,140,29,1,28,111,111,0,0,0,0
S01006657,25 to 34,154,84,25,59,70,62,6,2,0,0
S01006657,35 to 49,116,54,34,20,62,36,1,7,15,3
S01006657,50 to 64,55,28,22,6,27,6,3,5,13,0
S01006657,65 to 74,9,2,2,0,7,4,0,0,3,0
S01006657,75 to 84,7,2,2,0,5,1,1,0,0,3
S01006657,85 and over,1,0,0,0,1,0,0,0,0,1
S01006658,All people aged 16 and over in households,868,312,178,134,556,454,12,26,38,26
S01006658,16 to 24,285,49,3,46,236,235,0,0,1,0
S01006658,25 to 34,283,132,64,68,151,138,5,7,1,0
S01006658,35 to 49,178,87,72,15,91,58,3,12,15,3
S01006658,50 to 64,80,30,26,4,50,18,3,7,16,6
S01006658,65 to 74,18,6,6,0,12,3,0,0,3,6
S01006658,75 to 84,20,8,7,1,12,1,1,0,2,8
S01006658,85 and over,4,0,0,0,4,1,0,0,0,3
S01006659,All people aged 16 and over in households,594,196,126,70,398,340,6,9,16,27
S01006659,16 to 24,258,15,0,15,243,243,0,0,0,0
S01006659,25 to 34,121,57,24,33,64,61,1,1,1,0
S01006659,35 to 49,73,42,30,12,31,16,5,5,4,1
S01006659,50 to 64,77,45,37,8,32,16,0,3,8,5
S01006659,65 to 74,37,26,24,2,11,3,0,0,2,6
S01006659,75 to 84,21,11,11,0,10,1,0,0,1,8
S01006659,85 and over,7,0,0,0,7,0,0,0,0,7
S01006660,All people aged 16 and over in households,425,153,71,82,272,220,12,12,21,7
S01006660,16 to 24,157,30,4,26,127,126,0,0,0,1
S01006660,25 to 34,130,62,23,39,68,61,5,1,0,1
S01006660,35 to 49,101,48,33,15,53,27,5,8,12,1
S01006660,50 to 64,30,11,9,2,19,5,1,3,7,3
S01006660,65 to 74,4,2,2,0,2,0,1,0,0,1
S01006660,75 to 84,2,0,0,0,2,1,0,0,1,0
S01006660,85 and over,1,0,0,0,1,0,0,0,1,0
S01006661,All people aged 16 and over in households,590,224,160,64,366,313,6,3,20,24
S01006661,16 to 24,229,29,5,24,200,198,1,1,0,0
S01006661,25 to 34,140,65,33,32,75,72,1,0,2,0
S01006661,35 to 49,64,34,30,4,30,24,2,0,4,0
S01006661,50 to 64,98,59,55,4,39,16,2,2,11,8
S01006661,65 to 74,36,26,26,0,10,3,0,0,2,5
S01006661,75 to 84,17,10,10,0,7,0,0,0,1,6
S01006661,85 and over,6,1,1,0,5,0,0,0,0,5
S01006662,All people aged 16 and over in households,503,176,112,64,327,271,7,7,37,5
S01006662,16 to 24,155,20,3,17,135,135,0,0,0,0
S01006662,25 to 34,154,60,24,36,94,84,5,1,4,0
S01006662,35 to 49,110,45,40,5,65,44,2,3,15,1
S01006662,50 to 64,65,38,35,3,27,8,0,3,14,2
S01006662,65 to 74,13,9,7,2,4,0,0,0,2,2
S01006662,75 to 84,4,2,1,1,2,0,0,0,2,0
S01006662,85 and over,2,2,2,0,0,0,0,0,0,0
S01006663,All people aged 16 and over in households,522,140,76,64,382,345,5,6,14,12
S01006663,16 to 24,285,25,3,22,260,260,0,0,0,0
S01006663,25 to 34,111,50,21,29,61,58,2,1,0,0
S01006663,35 to 49,56,27,18,9,29,18,2,2,7,0
S01006663,50 to 64,47,28,24,4,19,7,1,3,5,3
S01006663,65 to 74,13,7,7,0,6,1,0,0,2,3
S01006663,75 to 84,8,3,3,0,5,1,0,0,0,4
S01006663,85 and over,2,0,0,0,2,0,0,0,0,2
S01006664,All people aged 16 and over in households,463,162,92,70,301,266,1,4,15,15
S01006664,16 to 24,205,29,2,27,176,176,0,0,0,0
S01006664,25 to 34,117,63,30,33,54,54,0,0,0,0
S01006664,35 to 49,56,28,21,7,28,24,0,0,4,0
S01006664,50 to 64,56,27,26,1,29,10,1,4,8,6
S01006664,65 to 74,16,7,7,0,9,2,0,0,3,4
S01006664,75 to 84,10,7,5,2,3,0,0,0,0,3
S01006664,85 and over,3,1,1,0,2,0,0,0,0,2
S01006665,All people aged 16 and over in households,553,178,102,76,375,316,9,11,15,24
S01006665,16 to 24,231,35,4,31,196,196,0,0,0,0
S01006665,25 to 34,145,60,29,31,85,78,5,2,0,0
S01006665,35 to 49,75,33,30,3,42,29,1,7,4,1
S01006665,50 to 64,53,32,26,6,21,7,2,1,7,4
S01006665,65 to 74,23,11,8,3,12,2,1,1,3,5
S01006665,75 to 84,20,7,5,2,13,3,0,0,1,9
S01006665,85 and over,6,0,0,0,6,1,0,0,0,5
S01006666,All people aged 16 and over in households,742,306,208,98,436,218,12,37,92,77
S01006666,16 to 24,105,27,5,22,78,78,0,0,0,0
S01006666,25 to 34,159,88,45,43,71,65,0,2,2,2
S01006666,35 to 49,142,69,54,15,73,37,3,13,17,3
S01006666,50 to 64,159,62,51,11,97,25,7,15,44,6
S01006666,65 to 74,86,36,31,5,50,6,0,7,22,15
S01006666,75 to 84,67,21,19,2,46,6,2,0,4,34
S01006666,85 and over,24,3,3,0,21,1,0,0,3,17
S01006667,All people aged 16 and over in households,652,252,148,104,400,272,12,20,75,21
S01006667,16 to 24,110,26,1,25,84,83,0,0,1,0
S01006667,25 to 34,163,90,41,49,73,62,4,5,2,0
S01006667,35 to 49,154,53,34,19,101,72,2,7,19,1
S01006667,50 to 64,132,38,31,7,94,40,5,7,35,7
S01006667,65 to 74,53,30,27,3,23,6,0,1,10,6
S01006667,75 to 84,33,12,11,1,21,8,1,0,7,5
S01006667,85 and over,7,3,3,0,4,1,0,0,1,2
S01006668,All people aged 16 and over in households,679,182,104,78,497,423,13,17,25,19
S01006668,16 to 24,259,18,1,17,241,241,0,0,0,0
S01006668,25 to 34,218,92,44,48,126,119,4,2,1,0
S01006668,35 to 49,93,32,24,8,61,41,5,8,7,0
S01006668,50 to 64,68,26,21,5,42,13,3,7,16,3
S01006668,65 to 74,14,6,6,0,8,3,1,0,1,3
S01006668,75 to 84,21,8,8,0,13,6,0,0,0,7
S01006668,85 and over,6,0,0,0,6,0,0,0,0,6
S01006669,All people aged 16 and over in households,674,284,190,94,390,221,15,16,80,58
S01006669,16 to 24,125,31,14,17,94,94,0,0,0,0
S01006669,25 to 34,132,74,35,39,58,50,4,1,3,0
S01006669,35 to 49,126,54,36,18,72,43,4,4,21,0
S01006669,50 to 64,150,58,43,15,92,27,7,6,41,11
S01006669,65 to 74,81,42,38,4,39,4,0,5,9,21
S01006669,75 to 84,52,24,23,1,28,3,0,0,6,19
S01006669,85 and over,8,1,1,0,7,0,0,0,0,7
S01006670,All people aged 16 and over in households,505,232,108,124,273,176,7,8,41,41
S01006670,16 to 24,91,33,2,31,58,58,0,0,0,0
S01006670,25 to 34,151,77,27,50,74,69,4,1,0,0
S01006670,35 to 49,98,45,18,27,53,36,1,1,14,1
S01006670,50 to 64,69,34,24,10,35,7,2,5,20,1
S01006670,65 to 74,34,21,17,4,13,0,0,0,5,8
S01006670,75 to 84,48,14,12,2,34,5,0,1,2,26
S01006670,85 and over,14,8,8,0,6,1,0,0,0,5
S01006671,All people aged 16 and over in households,401,174,136,38,227,163,10,8,27,19
S01006671,16 to 24,100,6,1,5,94,94,0,0,0,0
S01006671,25 to 34,72,36,19,17,36,34,0,1,1,0
S01006671,35 to 49,96,57,45,12,39,25,7,3,4,0
S01006671,50 to 64,65,42,40,2,23,6,2,1,14,0
S01006671,65 to 74,40,18,17,1,22,3,1,2,8,8
S01006671,75 to 84,21,12,11,1,9,1,0,1,0,7
S01006671,85 and over,7,3,3,0,4,0,0,0,0,4
S01006672,All people aged 16 and over in households,627,242,134,108,385,246,12,24,63,40
S01006672,16 to 24,163,30,2,28,133,132,0,1,0,0
S01006672,25 to 34,156,87,42,45,69,50,2,9,8,0
S01006672,35 to 49,132,57,34,23,75,40,3,8,22,2
S01006672,50 to 64,82,34,26,8,48,10,5,5,20,8
S01006672,65 to 74,58,25,22,3,33,13,1,1,10,8
S01006672,75 to 84,27,7,6,1,20,1,0,0,3,16
S01006672,85 and over,9,2,2,0,7,0,1,0,0,6
S01006673,All people aged 16 and over in households,617,260,170,90,357,269,17,16,41,14
S01006673,16 to 24,144,24,4,20,120,118,2,0,0,0
S01006673,25 to 34,151,63,36,27,88,75,7,3,3,0
S01006673,35 to 49,158,82,54,28,76,53,5,6,12,0
S01006673,50 to 64,117,68,55,13,49,15,3,7,21,3
S01006673,65 to 74,23,14,12,2,9,3,0,0,4,2
S01006673,75 to 84,19,7,7,0,12,2,0,0,1,9
S01006673,85 and over,5,2,2,0,3,3,0,0,0,0
S01006674,All people aged 16 and over in households,779,328,234,94,451,220,7,18,114,92
S01006674,16 to 24,97,17,4,13,80,77,2,1,0,0
S01006674,25 to 34,169,106,63,43,63,59,0,2,2,0
S01006674,35 to 49,168,79,51,28,89,51,1,7,27,3
S01006674,50 to 64,153,62,55,7,91,19,2,7,55,8
S01006674,65 to 74,75,29,28,1,46,5,2,1,21,17
S01006674,75 to 84,87,30,30,0,57,6,0,0,8,43
S01006674,85 and over,30,5,3,2,25,3,0,0,1,21
S01006675,All people aged 16 and over in households,530,238,152,86,292,179,18,27,58,10
S01006675,16 to 24,109,29,6,23,80,80,0,0,0,0
S01006675,25 to 34,147,85,58,27,62,51,2,4,5,0
S01006675,35 to 49,174,92,66,26,82,38,13,15,15,1
S01006675,50 to 64,90,29,19,10,61,10,3,8,35,5
S01006675,65 to 74,6,3,3,0,3,0,0,0,2,1
S01006675,75 to 84,2,0,0,0,2,0,0,0,1,1
S01006675,85 and over,2,0,0,0,2,0,0,0,0,2
S01006676,All people aged 16 and over in households,606,288,224,64,318,198,13,15,50,42
S01006676,16 to 24,105,14,2,12,91,86,4,1,0,0
S01006676,25 to 34,139,72,46,26,67,60,2,1,3,1
S01006676,35 to 49,135,76,62,14,59,40,4,5,8,2
S01006676,50 to 64,125,78,68,10,47,10,3,5,24,5
S01006676,65 to 74,65,36,34,2,29,0,0,3,11,15
S01006676,75 to 84,30,10,10,0,20,2,0,0,3,15
S01006676,85 and over,7,2,2,0,5,0,0,0,1,4
S01006677,All people aged 16 and over in households,621,252,168,84,369,258,10,19,56,26
S01006677,16 to 24,139,23,3,20,116,116,0,0,0,0
S01006677,25 to 34,134,63,32,31,71,64,3,2,2,0
S01006677,35 to 49,155,70,47,23,85,58,5,5,14,3
S01006677,50 to 64,123,63,58,5,60,12,2,12,27,7
S01006677,65 to 74,46,27,22,5,19,6,0,0,8,5
S01006677,75 to 84,19,6,6,0,13,2,0,0,3,8
S01006677,85 and over,5,0,0,0,5,0,0,0,2,3
S01006678,All people aged 16 and over in households,935,465,328,137,470,300,15,25,85,45
S01006678,16 to 24,179,36,7,29,143,140,2,0,1,0
S01006678,25 to 34,234,134,73,61,100,84,0,4,10,2
S01006678,35 to 49,230,118,89,29,112,58,8,15,27,4
S01006678,50 to 64,176,107,92,15,69,11,4,6,34,14
S01006678,65 to 74,74,48,46,2,26,6,1,0,11,8
S01006678,75 to 84,35,19,18,1,16,1,0,0,1,14
S01006678,85 and over,7,3,3,0,4,0,0,0,1,3
S01006679,All people aged 16 and over in households,581,368,294,74,213,146,1,10,34,22
S01006679,16 to 24,75,17,0,17,58,58,0,0,0,0
S01006679,25 to 34,82,45,24,21,37,34,0,1,2,0
S01006679,35 to 49,143,91,74,17,52,39,1,3,9,0
S01006679,50 to 64,154,124,111,13,30,10,0,3,14,3
S01006679,65 to 74,94,73,69,4,21,2,0,3,8,8
S01006679,75 to 84,31,17,16,1,14,3,0,0,1,10
S01006679,85 and over,2,1,0,1,1,0,0,0,0,1
S01006680,All people aged 16 and over in households,668,310,192,118,358,203,12,29,72,42
S01006680,16 to 24,80,27,5,22,53,52,1,0,0,0
S01006680,25 to 34,226,134,73,61,92,79,6,5,1,1
S01006680,35 to 49,172,75,48,27,97,61,0,10,25,1
S01006680,50 to 64,109,43,37,6,66,11,3,10,35,7
S01006680,65 to 74,43,20,20,0,23,0,1,4,6,12
S01006680,75 to 84,33,10,8,2,23,0,1,0,4,18
S01006680,85 and over,5,1,1,0,4,0,0,0,1,3
S01006681,All people aged 16 and over in households,659,266,148,118,393,227,8,32,59,67
S01006681,16 to 24,94,31,3,28,63,61,2,0,0,0
S01006681,25 to 34,158,74,19,55,84,74,4,3,3,0
S01006681,35 to 49,144,57,33,24,87,54,1,12,19,1
S01006681,50 to 64,109,59,50,9,50,11,0,11,21,7
S01006681,65 to 74,57,28,26,2,29,7,0,4,8,10
S01006681,75 to 84,66,15,15,0,51,12,1,2,6,30
S01006681,85 and over,31,2,2,0,29,8,0,0,2,19
S01006682,All people aged 16 and over in households,662,285,200,85,377,229,16,26,77,29
S01006682,16 to 24,129,29,6,23,100,99,1,0,0,0
S01006682,25 to 34,158,89,62,27,69,59,0,2,8,0
S01006682,35 to 49,180,102,76,26,78,47,2,10,17,2
S01006682,50 to 64,121,51,43,8,70,13,12,8,34,3
S01006682,65 to 74,41,13,12,1,28,6,1,4,11,6
S01006682,75 to 84,29,1,1,0,28,3,0,2,7,16
S01006682,85 and over,4,0,0,0,4,2,0,0,0,2
S01006683,All people aged 16 and over in households,697,312,204,108,385,284,11,21,50,19
S01006683,16 to 24,174,29,4,25,145,143,1,1,0,0
S01006683,25 to 34,207,121,70,51,86,69,6,7,4,0
S01006683,35 to 49,200,104,80,24,96,56,3,6,29,2
S01006683,50 to 64,76,40,34,6,36,12,1,6,10,7
S01006683,65 to 74,27,14,14,0,13,3,0,1,5,4
S01006683,75 to 84,10,3,1,2,7,1,0,0,1,5
S01006683,85 and over,3,1,1,0,2,0,0,0,1,1
S01006684,All people aged 16 and over in households,605,246,158,88,359,253,5,16,65,20
S01006684,16 to 24,116,32,6,26,84,83,0,0,0,1
S01006684,25 to 34,158,73,43,30,85,79,3,1,2,0
S01006684,35 to 49,171,72,53,19,99,67,1,4,26,1
S01006684,50 to 64,116,54,41,13,62,20,1,8,28,5
S01006684,65 to 74,28,12,12,0,16,2,0,3,7,4
S01006684,75 to 84,12,3,3,0,9,1,0,0,2,6
S01006684,85 and over,4,0,0,0,4,1,0,0,0,3
S01006685,All people aged 16 and over in households,638,262,172,90,376,253,9,15,64,35
S01006685,16 to 24,104,16,4,12,88,87,0,1,0,0
S01006685,25 to 34,166,84,46,38,82,75,3,0,4,0
S01006685,35 to 49,165,68,47,21,97,59,4,9,24,1
S01006685,50 to 64,117,60,44,16,57,18,1,4,31,3
S01006685,65 to 74,45,17,16,1,28,9,1,1,5,12
S01006685,75 to 84,31,16,14,2,15,4,0,0,0,11
S01006685,85 and over,10,1,1,0,9,1,0,0,0,8
S01006686,All people aged 16 and over in households,521,276,196,80,245,144,3,15,46,37
S01006686,16 to 24,78,15,3,12,63,63,0,0,0,0
S01006686,25 to 34,114,81,46,35,33,30,1,1,1,0
S01006686,35 to 49,130,83,56,27,47,27,2,4,10,4
S01006686,50 to 64,107,51,45,6,56,14,0,9,27,6
S01006686,65 to 74,43,25,25,0,18,7,0,1,5,5
S01006686,75 to 84,40,21,21,0,19,3,0,0,2,14
S01006686,85 and over,9,0,0,0,9,0,0,0,1,8
S01006687,All people aged 16 and over in households,719,340,220,120,379,246,5,18,63,47
S01006687,16 to 24,112,20,6,14,92,92,0,0,0,0
S01006687,25 to 34,156,87,39,48,69,65,1,1,2,0
S01006687,35 to 49,148,75,40,35,73,48,2,8,14,1
S01006687,50 to 64,159,87,68,19,72,24,1,5,35,7
S01006687,65 to 74,72,45,41,4,27,4,0,4,7,12
S01006687,75 to 84,60,25,25,0,35,10,1,0,4,20
S01006687,85 and over,12,1,1,0,11,3,0,0,1,7
S01006688,All people aged 16 and over in households,849,462,382,80,387,173,7,21,61,125
S01006688,16 to 24,84,10,2,8,74,73,0,0,1,0
S01006688,25 to 34,98,58,30,28,40,35,0,4,1,0
S01006688,35 to 49,149,106,84,22,43,24,4,5,10,0
S01006688,50 to 64,204,150,135,15,54,15,1,7,25,6
S01006688,65 to 74,135,80,77,3,55,12,0,1,14,28
S01006688,75 to 84,131,49,47,2,82,8,2,3,9,60
S01006688,85 and over,48,9,7,2,39,6,0,1,1,31
S01006689,All people aged 16 and over in households,546,352,252,100,194,153,9,6,11,15
S01006689,16 to 24,100,12,3,9,88,88,0,0,0,0
S01006689,25 to 34,151,109,50,59,42,39,2,1,0,0
S01006689,35 to 49,128,98,81,17,30,18,3,3,4,2
S01006689,50 to 64,112,91,76,15,21,6,4,2,7,2
S01006689,65 to 74,38,31,31,0,7,1,0,0,0,6
S01006689,75 to 84,13,11,11,0,2,0,0,0,0,2
S01006689,85 and over,4,0,0,0,4,1,0,0,0,3
S01006690,All people aged 16 and over in households,533,226,158,68,307,210,9,11,40,37
S01006690,16 to 24,110,8,0,8,102,102,0,0,0,0
S01006690,25 to 34,125,71,34,37,54,49,3,1,1,0
S01006690,35 to 49,103,59,42,17,44,26,4,4,10,0
S01006690,50 to 64,96,41,37,4,55,23,0,4,22,6
S01006690,65 to 74,38,22,20,2,16,4,1,2,5,4
S01006690,75 to 84,47,21,21,0,26,4,1,0,2,19
S01006690,85 and over,14,4,4,0,10,2,0,0,0,8
S01006691,All people aged 16 and over in households,497,258,178,80,239,188,5,4,20,22
S01006691,16 to 24,121,16,1,15,105,105,0,0,0,0
S01006691,25 to 34,129,85,43,42,44,43,1,0,0,0
S01006691,35 to 49,107,68,51,17,39,31,1,3,4,0
S01006691,50 to 64,74,51,49,2,23,6,2,1,10,4
S01006691,65 to 74,35,23,21,2,12,1,0,0,3,8
S01006691,75 to 84,24,14,12,2,10,2,1,0,2,5
S01006691,85 and over,7,1,1,0,6,0,0,0,1,5
S01006692,All people aged 16 and over in households,664,348,280,68,316,228,5,8,32,43
S01006692,16 to 24,125,7,1,6,118,118,0,0,0,0
S01006692,25 to 34,103,52,35,17,51,50,0,1,0,0
S01006692,35 to 49,121,82,52,30,39,26,3,2,7,1
S01006692,50 to 64,170,116,101,15,54,21,1,5,19,8
S01006692,65 to 74,70,58,58,0,12,2,0,0,3,7
S01006692,75 to 84,59,31,31,0,28,8,1,0,3,16
S01006692,85 and over,16,2,2,0,14,3,0,0,0,11
S01006693,All people aged 16 and over in households,820,412,264,148,408,291,12,23,42,40
S01006693,16 to 24,168,53,13,40,115,115,0,0,0,0
S01006693,25 to 34,220,136,73,63,84,75,4,2,3,0
S01006693,35 to 49,190,109,83,26,81,58,3,13,6,1
S01006693,50 to 64,141,68,57,11,73,29,5,7,26,6
S01006693,65 to 74,47,25,23,2,22,8,0,1,4,9
S01006693,75 to 84,41,20,14,6,21,4,0,0,2,15
S01006693,85 and over,13,1,1,0,12,2,0,0,1,9
S01006694,All people aged 16 and over in households,735,370,304,66,365,168,6,15,71,105
S01006694,16 to 24,80,24,10,14,56,55,0,1,0,0
S01006694,25 to 34,92,54,30,24,38,37,0,0,1,0
S01006694,35 to 49,110,41,34,7,69,36,2,9,22,0
S01006694,50 to 64,146,89,74,15,57,16,0,4,30,7
S01006694,65 to 74,127,83,79,4,44,12,4,0,8,20
S01006694,75 to 84,139,64,62,2,75,9,0,1,9,56
S01006694,85 and over,41,15,15,0,26,3,0,0,1,22
S01006695,All people aged 16 and over in households,608,360,290,70,248,132,5,14,38,59
S01006695,16 to 24,65,15,4,11,50,48,2,0,0,0
S01006695,25 to 34,76,41,19,22,35,34,0,1,0,0
S01006695,35 to 49,147,97,75,22,50,28,1,9,11,1
S01006695,50 to 64,154,109,100,9,45,13,1,4,15,12
S01006695,65 to 74,93,68,66,2,25,4,0,0,7,14
S01006695,75 to 84,61,30,26,4,31,4,1,0,5,21
S01006695,85 and over,12,0,0,0,12,1,0,0,0,11
S01006696,All people aged 16 and over in households,695,316,244,72,379,227,17,18,56,61
S01006696,16 to 24,126,12,5,7,114,111,2,1,0,0
S01006696,25 to 34,121,63,45,18,58,51,6,1,0,0
S01006696,35 to 49,160,90,66,24,70,39,6,8,16,1
S01006696,50 to 64,135,75,55,20,60,20,1,8,24,7
S01006696,65 to 74,66,33,30,3,33,2,0,0,12,19
S01006696,75 to 84,70,37,37,0,33,2,2,0,3,26
S01006696,85 and over,17,6,6,0,11,2,0,0,1,8
S01006697,All people aged 16 and over in households,772,394,332,62,378,232,10,25,42,69
S01006697,16 to 24,135,13,1,12,122,120,0,2,0,0
S01006697,25 to 34,109,62,43,19,47,42,1,2,2,0
S01006697,35 to 49,210,138,118,20,72,38,4,12,13,5
S01006697,50 to 64,149,96,88,8,53,21,3,7,13,9
S01006697,65 to 74,88,49,47,2,39,8,2,1,13,15
S01006697,75 to 84,56,25,25,0,31,3,0,1,0,27
S01006697,85 and over,25,11,10,1,14,0,0,0,1,13
S01006698,All people aged 16 and over in households,608,250,146,104,358,189,11,21,67,70
S01006698,16 to 24,93,27,2,25,66,66,0,0,0,0
S01006698,25 to 34,152,82,34,48,70,58,10,2,0,0
S01006698,35 to 49,103,48,33,15,55,29,0,8,18,0
S01006698,50 to 64,96,33,21,12,63,20,0,6,33,4
S01006698,65 to 74,67,37,36,1,30,5,0,4,11,10
S01006698,75 to 84,68,22,19,3,46,6,1,1,4,34
S01006698,85 and over,29,1,1,0,28,5,0,0,1,22
S01006699,All people aged 16 and over in households,410,224,184,40,186,117,14,10,20,25
S01006699,16 to 24,72,11,2,9,61,59,2,0,0,0
S01006699,25 to 34,75,37,27,10,38,31,6,1,0,0
S01006699,35 to 49,97,67,53,14,30,13,5,5,4,3
S01006699,50 to 64,82,58,52,6,24,5,1,2,13,3
S01006699,65 to 74,51,34,33,1,17,6,0,2,3,6
S01006699,75 to 84,28,14,14,0,14,3,0,0,0,11
S01006699,85 and over,5,3,3,0,2,0,0,0,0,2
S01006700,All people aged 16 and over in households,754,382,318,64,372,227,12,17,58,58
S01006700,16 to 24,117,22,3,19,95,94,1,0,0,0
S01006700,25 to 34,140,69,48,21,71,62,4,3,2,0
S01006700,35 to 49,133,67,56,11,66,37,3,8,17,1
S01006700,50 to 64,162,105,92,13,57,20,1,5,25,6
S01006700,65 to 74,106,74,74,0,32,4,1,1,12,14
S01006700,75 to 84,71,39,39,0,32,6,0,0,2,24
S01006700,85 and over,25,6,6,0,19,4,2,0,0,13
S01006701,All people aged 16 and over in households,554,288,208,80,266,168,3,15,46,34
S01006701,16 to 24,67,10,3,7,57,57,0,0,0,0
S01006701,25 to 34,124,61,34,27,63,59,0,1,3,0
S01006701,35 to 49,155,93,61,32,62,33,0,6,22,1
S01006701,50 to 64,114,70,57,13,44,14,2,6,16,6
S01006701,65 to 74,47,29,28,1,18,4,0,2,4,8
S01006701,75 to 84,40,20,20,0,20,1,1,0,1,17
S01006701,85 and over,7,5,5,0,2,0,0,0,0,2
S01006702,All people aged 16 and over in households,635,396,310,86,239,123,7,18,32,59
S01006702,16 to 24,63,8,0,8,55,54,0,1,0,0
S01006702,25 to 34,99,64,36,28,35,28,4,2,1,0
S01006702,35 to 49,147,113,84,29,34,18,1,5,8,2
S01006702,50 to 64,173,124,109,15,49,17,2,7,13,10
S01006702,65 to 74,81,59,55,4,22,4,0,3,8,7
S01006702,75 to 84,53,24,22,2,29,1,0,0,2,26
S01006702,85 and over,19,4,4,0,15,1,0,0,0,14
S01006703,All people aged 16 and over in households,522,282,210,72,240,117,7,13,48,55
S01006703,16 to 24,69,11,1,10,58,56,1,1,0,0
S01006703,25 to 34,82,49,32,17,33,30,2,0,1,0
S01006703,35 to 49,153,108,80,28,45,21,2,8,10,4
S01006703,50 to 64,124,75,64,11,49,10,2,3,24,10
S01006703,65 to 74,40,19,16,3,21,0,0,0,11,10
S01006703,75 to 84,38,14,11,3,24,0,0,1,2,21
S01006703,85 and over,16,6,6,0,10,0,0,0,0,10
S01006704,All people aged 16 and over in households,481,226,162,64,255,149,4,19,47,36
S01006704,16 to 24,65,12,2,10,53,53,0,0,0,0
S01006704,25 to 34,95,47,20,27,48,43,2,2,1,0
S01006704,35 to 49,124,69,50,19,55,32,1,7,14,1
S01006704,50 to 64,122,60,54,6,62,16,1,10,27,8
S01006704,65 to 74,40,25,25,0,15,2,0,0,4,9
S01006704,75 to 84,31,12,10,2,19,3,0,0,1,15
S01006704,85 and over,4,1,1,0,3,0,0,0,0,3
S01006705,All people aged 16 and over in households,627,328,250,78,299,158,1,17,51,72
S01006705,16 to 24,71,6,3,3,65,65,0,0,0,0
S01006705,25 to 34,80,45,24,21,35,33,0,1,1,0
S01006705,35 to 49,139,92,64,28,47,25,0,10,10,2
S01006705,50 to 64,174,111,89,22,63,25,0,4,27,7
S01006705,65 to 74,82,44,41,3,38,7,1,1,10,19
S01006705,75 to 84,64,25,24,1,39,2,0,1,3,33
S01006705,85 and over,17,5,5,0,12,1,0,0,0,11
S01006706,All people aged 16 and over in households,495,278,214,64,217,136,1,13,35,32
S01006706,16 to 24,76,12,1,11,64,64,0,0,0,0
S01006706,25 to 34,82,56,32,24,26,24,0,1,1,0
S01006706,35 to 49,143,87,70,17,56,32,1,8,14,1
S01006706,50 to 64,110,79,69,10,31,13,0,3,14,1
S01006706,65 to 74,40,25,23,2,15,1,0,1,5,8
S01006706,75 to 84,28,12,12,0,16,2,0,0,1,13
S01006706,85 and over,16,7,7,0,9,0,0,0,0,9
S01006707,All people aged 16 and over in households,543,286,200,86,257,153,6,16,51,31
S01006707,16 to 24,77,10,0,10,67,66,1,0,0,0
S01006707,25 to 34,105,59,30,29,46,42,0,3,1,0
S01006707,35 to 49,160,100,66,34,60,27,4,8,20,1
S01006707,50 to 64,121,74,63,11,47,17,1,5,20,4
S01006707,65 to 74,43,27,25,2,16,1,0,0,6,9
S01006707,75 to 84,34,15,15,0,19,0,0,0,4,15
S01006707,85 and over,3,1,1,0,2,0,0,0,0,2
S01006708,All people aged 16 and over in households,668,394,336,58,274,153,3,7,30,81
S01006708,16 to 24,71,9,5,4,62,62,0,0,0,0
S01006708,25 to 34,76,41,20,21,35,34,1,0,0,0
S01006708,35 to 49,167,124,101,23,43,27,0,3,11,2
S01006708,50 to 64,155,114,107,7,41,14,1,2,12,12
S01006708,65 to 74,89,60,58,2,29,11,0,1,6,11
S01006708,75 to 84,85,41,40,1,44,4,1,1,1,37
S01006708,85 and over,25,5,5,0,20,1,0,0,0,19
S01006709,All people aged 16 and over in households,678,382,314,68,296,172,5,17,51,51
S01006709,16 to 24,111,24,5,19,87,87,0,0,0,0
S01006709,25 to 34,113,59,33,26,54,44,2,6,2,0
S01006709,35 to 49,163,114,102,12,49,25,1,3,19,1
S01006709,50 to 64,163,112,102,10,51,14,1,6,23,7
S01006709,65 to 74,69,45,44,1,24,1,1,1,5,16
S01006709,75 to 84,50,25,25,0,25,1,0,1,2,21
S01006709,85 and over,9,3,3,0,6,0,0,0,0,6
S01006710,All people aged 16 and over in households,753,459,380,79,294,124,9,16,57,88
S01006710,16 to 24,69,6,0,6,63,63,0,0,0,0
S01006710,25 to 34,77,37,15,22,40,36,1,2,1,0
S01006710,35 to 49,153,125,103,22,28,12,0,5,11,0
S01006710,50 to 64,225,171,151,20,54,7,4,8,28,7
S01006710,65 to 74,116,76,69,7,40,3,1,1,11,24
S01006710,75 to 84,90,38,36,2,52,2,2,0,6,42
S01006710,85 and over,23,6,6,0,17,1,1,0,0,15
S01006711,All people aged 16 and over in households,807,410,312,98,397,189,6,25,79,98
S01006711,16 to 24,81,17,0,17,64,64,0,0,0,0
S01006711,25 to 34,108,65,25,40,43,41,1,0,1,0
S01006711,35 to 49,169,89,67,22,80,53,1,7,19,0
S01006711,50 to 64,254,176,159,17,78,19,0,15,33,11
S01006711,65 to 74,87,39,37,2,48,5,1,3,15,24
S01006711,75 to 84,71,17,17,0,54,4,1,0,10,39
S01006711,85 and over,37,7,7,0,30,3,2,0,1,24
S01006712,All people aged 16 and over in households,454,274,244,30,180,85,1,8,33,53
S01006712,16 to 24,40,4,0,4,36,36,0,0,0,0
S01006712,25 to 34,60,40,21,19,20,19,0,0,1,0
S01006712,35 to 49,104,67,61,6,37,23,0,4,10,0
S01006712,50 to 64,121,95,94,1,26,4,0,1,16,5
S01006712,65 to 74,56,36,36,0,20,2,0,3,2,13
S01006712,75 to 84,59,26,26,0,33,1,1,0,3,28
S01006712,85 and over,14,6,6,0,8,0,0,0,1,7
S01006713,All people aged 16 and over in households,780,448,352,96,332,189,9,19,49,66
S01006713,16 to 24,110,24,2,22,86,86,0,0,0,0
S01006713,25 to 34,97,55,29,26,42,36,3,3,0,0
S01006713,35 to 49,207,134,101,33,73,40,2,13,16,2
S01006713,50 to 64,195,143,132,11,52,20,1,3,20,8
S01006713,65 to 74,63,39,36,3,24,2,1,0,6,15
S01006713,75 to 84,87,44,43,1,43,4,2,0,6,31
S01006713,85 and over,21,9,9,0,12,1,0,0,1,10
S01006714,All people aged 16 and over in households,570,330,266,64,240,132,2,10,44,52
S01006714,16 to 24,71,10,1,9,61,61,0,0,0,0
S01006714,25 to 34,67,36,22,14,31,28,1,2,0,0
S01006714,35 to 49,127,92,69,23,35,18,0,3,13,1
S01006714,50 to 64,159,116,100,16,43,16,0,4,16,7
S01006714,65 to 74,70,52,50,2,18,3,0,0,9,6
S01006714,75 to 84,50,18,18,0,32,5,1,1,5,20
S01006714,85 and over,26,6,6,0,20,1,0,0,1,18
S01006715,All people aged 16 and over in households,439,238,174,64,201,137,5,10,28,21
S01006715,16 to 24,84,9,4,5,75,75,0,0,0,0
S01006715,25 to 34,69,37,17,20,32,26,3,0,3,0
S01006715,35 to 49,146,99,72,27,47,27,2,5,11,2
S01006715,50 to 64,89,64,56,8,25,7,0,4,11,3
S01006715,65 to 74,28,19,15,4,9,2,0,0,3,4
S01006715,75 to 84,18,9,9,0,9,0,0,1,0,8
S01006715,85 and over,5,1,1,0,4,0,0,0,0,4
S01006716,All people aged 16 and over in households,496,266,218,48,230,159,1,9,41,20
S01006716,16 to 24,88,2,0,2,86,86,0,0,0,0
S01006716,25 to 34,73,34,20,14,39,36,1,0,2,0
S01006716,35 to 49,132,91,68,23,41,22,0,6,12,1
S01006716,50 to 64,134,94,85,9,40,9,0,3,21,7
S01006716,65 to 74,51,34,34,0,17,4,0,0,6,7
S01006716,75 to 84,15,11,11,0,4,2,0,0,0,2
S01006716,85 and over,3,0,0,0,3,0,0,0,0,3
S01006717,All people aged 16 and over in households,818,456,358,98,362,181,5,22,60,94
S01006717,16 to 24,89,10,1,9,79,78,1,0,0,0
S01006717,25 to 34,141,91,45,46,50,48,0,2,0,0
S01006717,35 to 49,177,117,89,28,60,30,0,13,14,3
S01006717,50 to 64,209,145,132,13,64,15,1,5,27,16
S01006717,65 to 74,88,54,52,2,34,3,0,1,13,17
S01006717,75 to 84,83,29,29,0,54,6,1,1,6,40
S01006717,85 and over,31,10,10,0,21,1,2,0,0,18
S01006718,All people aged 16 and over in households,519,286,240,46,233,136,6,16,27,48
S01006718,16 to 24,89,9,1,8,80,80,0,0,0,0
S01006718,25 to 34,53,25,11,14,28,26,1,1,0,0
S01006718,35 to 49,145,95,75,20,50,20,3,11,12,4
S01006718,50 to 64,134,104,101,3,30,5,2,4,12,7
S01006718,65 to 74,50,34,34,0,16,3,0,0,0,13
S01006718,75 to 84,40,17,17,0,23,2,0,0,3,18
S01006718,85 and over,8,2,1,1,6,0,0,0,0,6
S01006719,All people aged 16 and over in households,724,434,336,98,290,184,3,20,36,47
S01006719,16 to 24,113,13,2,11,100,100,0,0,0,0
S01006719,25 to 34,115,75,40,35,40,38,0,1,1,0
S01006719,35 to 49,212,144,105,39,68,38,1,13,11,5
S01006719,50 to 64,179,142,129,13,37,7,1,5,17,7
S01006719,65 to 74,72,46,46,0,26,1,0,1,4,20
S01006719,75 to 84,22,14,14,0,8,0,0,0,2,6
S01006719,85 and over,11,0,0,0,11,0,1,0,1,9
S01006720,All people aged 16 and over in households,477,284,236,48,193,106,1,14,46,26
S01006720,16 to 24,57,8,1,7,49,49,0,0,0,0
S01006720,25 to 34,81,52,37,15,29,22,0,5,2,0
S01006720,35 to 49,125,79,65,14,46,21,0,7,18,0
S01006720,50 to 64,140,104,94,10,36,10,1,2,19,4
S01006720,65 to 74,43,27,25,2,16,3,0,0,5,8
S01006720,75 to 84,22,12,12,0,10,1,0,0,2,7
S01006720,85 and over,9,2,2,0,7,0,0,0,0,7
S01006721,All people aged 16 and over in households,735,406,328,78,329,187,2,25,57,58
S01006721,16 to 24,100,11,3,8,89,89,0,0,0,0
S01006721,25 to 34,117,68,47,21,49,43,2,3,1,0
S01006721,35 to 49,187,127,95,32,60,33,0,10,17,0
S01006721,50 to 64,201,138,123,15,63,14,0,9,29,11
S01006721,65 to 74,78,43,42,1,35,4,0,3,8,20
S01006721,75 to 84,36,13,12,1,23,4,0,0,1,18
S01006721,85 and over,16,6,6,0,10,0,0,0,1,9
S01006722,All people aged 16 and over in households,619,334,274,60,285,170,4,23,49,39
S01006722,16 to 24,94,8,0,8,86,86,0,0,0,0
S01006722,25 to 34,107,64,40,24,43,36,2,2,3,0
S01006722,35 to 49,141,93,78,15,48,26,0,11,10,1
S01006722,50 to 64,166,108,96,12,58,14,1,8,29,6
S01006722,65 to 74,77,43,42,1,34,8,1,2,4,19
S01006722,75 to 84,25,17,17,0,8,0,0,0,2,6
S01006722,85 and over,9,1,1,0,8,0,0,0,1,7
S01006723,All people aged 16 and over in households,535,298,252,46,237,126,6,16,42,47
S01006723,16 to 24,68,8,4,4,60,60,0,0,0,0
S01006723,25 to 34,78,43,29,14,35,32,0,0,2,1
S01006723,35 to 49,141,92,77,15,49,21,2,12,12,2
S01006723,50 to 64,149,107,94,13,42,10,2,4,20,6
S01006723,65 to 74,53,28,28,0,25,1,1,0,8,15
S01006723,75 to 84,32,17,17,0,15,2,1,0,0,12
S01006723,85 and over,14,3,3,0,11,0,0,0,0,11
S01006724,All people aged 16 and over in households,687,344,236,108,343,245,5,27,45,21
S01006724,16 to 24,156,14,0,14,142,140,0,1,1,0
S01006724,25 to 34,132,72,28,44,60,42,1,8,8,1
S01006724,35 to 49,238,149,118,31,89,51,3,11,23,1
S01006724,50 to 64,122,86,69,17,36,11,1,6,12,6
S01006724,65 to 74,28,18,17,1,10,1,0,1,0,8
S01006724,75 to 84,11,5,4,1,6,0,0,0,1,5
S01006724,85 and over,0,0,0,0,0,0,0,0,0,0
S01006725,All people aged 16 and over in households,522,318,242,76,204,129,5,11,36,23
S01006725,16 to 24,85,16,1,15,69,69,0,0,0,0
S01006725,25 to 34,80,52,19,33,28,24,2,1,1,0
S01006725,35 to 49,134,96,85,11,38,22,0,4,10,2
S01006725,50 to 64,151,106,93,13,45,9,1,5,22,8
S01006725,65 to 74,39,25,23,2,14,5,1,1,2,5
S01006725,75 to 84,25,16,14,2,9,0,1,0,1,7
S01006725,85 and over,8,7,7,0,1,0,0,0,0,1
S01006726,All people aged 16 and over in households,985,452,298,154,533,374,13,42,83,21
S01006726,16 to 24,215,28,2,26,187,187,0,0,0,0
S01006726,25 to 34,236,125,55,70,111,97,2,6,6,0
S01006726,35 to 49,316,174,136,38,142,66,6,26,38,6
S01006726,50 to 64,165,100,80,20,65,19,5,9,28,4
S01006726,65 to 74,43,22,22,0,21,3,0,1,9,8
S01006726,75 to 84,8,3,3,0,5,2,0,0,2,1
S01006726,85 and over,2,0,0,0,2,0,0,0,0,2
S01006727,All people aged 16 and over in households,725,346,234,112,379,237,9,29,61,43
S01006727,16 to 24,144,25,1,24,119,119,0,0,0,0
S01006727,25 to 34,156,99,55,44,57,43,4,6,4,0
S01006727,35 to 49,205,130,100,30,75,41,1,14,18,1
S01006727,50 to 64,143,70,59,11,73,24,4,7,27,11
S01006727,65 to 74,42,16,13,3,26,5,0,2,8,11
S01006727,75 to 84,28,5,5,0,23,5,0,0,4,14
S01006727,85 and over,7,1,1,0,6,0,0,0,0,6
S01006728,All people aged 16 and over in households,588,312,230,82,276,151,3,20,51,51
S01006728,16 to 24,94,17,2,15,77,76,0,1,0,0
S01006728,25 to 34,103,66,45,21,37,31,1,2,2,1
S01006728,35 to 49,158,99,69,30,59,27,2,9,19,2
S01006728,50 to 64,130,79,63,16,51,14,0,6,23,8
S01006728,65 to 74,57,34,34,0,23,2,0,2,6,13
S01006728,75 to 84,45,17,17,0,28,0,0,0,1,27
S01006728,85 and over,1,0,0,0,1,1,0,0,0,0
S01006729,All people aged 16 and over in households,639,300,238,62,339,218,3,20,55,43
S01006729,16 to 24,108,12,5,7,96,95,0,1,0,0
S01006729,25 to 34,99,44,24,20,55,47,1,3,4,0
S01006729,35 to 49,193,118,96,22,75,44,0,13,18,0
S01006729,50 to 64,143,91,79,12,52,19,2,2,21,8
S01006729,65 to 74,53,24,24,0,29,6,0,1,10,12
S01006729,75 to 84,38,11,10,1,27,7,0,0,2,18
S01006729,85 and over,5,0,0,0,5,0,0,0,0,5
S01006730,All people aged 16 and over in households,579,382,302,80,197,124,4,11,39,19
S01006730,16 to 24,84,13,2,11,71,70,0,1,0,0
S01006730,25 to 34,91,53,25,28,38,36,0,1,1,0
S01006730,35 to 49,156,124,99,25,32,11,2,5,13,1
S01006730,50 to 64,163,130,115,15,33,5,2,2,20,4
S01006730,65 to 74,53,45,44,1,8,1,0,2,3,2
S01006730,75 to 84,29,16,16,0,13,1,0,0,2,10
S01006730,85 and over,3,1,1,0,2,0,0,0,0,2
S01006731,All people aged 16 and over in households,482,260,194,66,222,131,5,9,46,31
S01006731,16 to 24,73,11,0,11,62,62,0,0,0,0
S01006731,25 to 34,64,35,15,20,29,27,0,2,0,0
S01006731,35 to 49,124,74,51,23,50,32,2,4,12,0
S01006731,50 to 64,153,100,90,10,53,6,0,3,29,15
S01006731,65 to 74,54,36,34,2,18,4,3,0,2,9
S01006731,75 to 84,12,4,4,0,8,0,0,0,2,6
S01006731,85 and over,2,0,0,0,2,0,0,0,1,1
S01006732,All people aged 16 and over in households,733,518,418,100,215,153,12,8,24,18
S01006732,16 to 24,98,12,3,9,86,86,0,0,0,0
S01006732,25 to 34,109,75,44,31,34,30,2,1,1,0
S01006732,35 to 49,239,187,161,26,52,29,5,4,13,1
S01006732,50 to 64,185,162,134,28,23,6,2,2,9,4
S01006732,65 to 74,71,62,56,6,9,1,0,1,1,6
S01006732,75 to 84,27,19,19,0,8,1,2,0,0,5
S01006732,85 and over,4,1,1,0,3,0,1,0,0,2
S01006733,All people aged 16 and over in households,646,506,472,34,140,95,0,4,24,17
S01006733,16 to 24,68,1,0,1,67,67,0,0,0,0
S01006733,25 to 34,74,62,52,10,12,12,0,0,0,0
S01006733,35 to 49,307,279,261,18,28,10,0,3,13,2
S01006733,50 to 64,138,119,116,3,19,6,0,1,9,3
S01006733,65 to 74,38,31,30,1,7,0,0,0,1,6
S01006733,75 to 84,17,12,11,1,5,0,0,0,1,4
S01006733,85 and over,4,2,2,0,2,0,0,0,0,2
S01006734,All people aged 16 and over in households,690,518,436,82,172,109,3,9,29,22
S01006734,16 to 24,63,4,0,4,59,59,0,0,0,0
S01006734,25 to 34,127,102,73,29,25,24,0,1,0,0
S01006734,35 to 49,273,234,194,40,39,23,1,3,11,1
S01006734,50 to 64,156,136,127,9,20,1,2,2,12,3
S01006734,65 to 74,51,33,33,0,18,1,0,3,4,10
S01006734,75 to 84,19,9,9,0,10,1,0,0,2,7
S01006734,85 and over,1,0,0,0,1,0,0,0,0,1
S01006735,All people aged 16 and over in households,501,388,358,30,113,67,3,4,14,25
S01006735,16 to 24,50,2,0,2,48,48,0,0,0,0
S01006735,25 to 34,35,23,15,8,12,12,0,0,0,0
S01006735,35 to 49,117,109,95,14,8,3,1,1,3,0
S01006735,50 to 64,161,146,141,5,15,2,1,3,7,2
S01006735,65 to 74,68,57,56,1,11,2,0,0,2,7
S01006735,75 to 84,61,45,45,0,16,0,1,0,2,13
S01006735,85 and over,9,6,6,0,3,0,0,0,0,3
S01006736,All people aged 16 and over in households,772,608,468,140,164,103,6,15,30,10
S01006736,16 to 24,68,13,3,10,55,55,0,0,0,0
S01006736,25 to 34,199,175,115,60,24,19,2,3,0,0
S01006736,35 to 49,329,286,229,57,43,19,2,8,14,0
S01006736,50 to 64,146,110,98,12,36,10,1,4,15,6
S01006736,65 to 74,20,18,17,1,2,0,0,0,1,1
S01006736,75 to 84,5,3,3,0,2,0,0,0,0,2
S01006736,85 and over,5,3,3,0,2,0,1,0,0,1
S01006737,All people aged 16 and over in households,540,386,332,54,154,86,10,10,19,29
S01006737,16 to 24,51,5,1,4,46,46,0,0,0,0
S01006737,25 to 34,76,49,26,23,27,19,4,4,0,0
S01006737,35 to 49,156,138,118,20,18,10,0,1,7,0
S01006737,50 to 64,143,112,105,7,31,5,5,5,9,7
S01006737,65 to 74,65,52,52,0,13,2,1,0,2,8
S01006737,75 to 84,40,25,25,0,15,3,0,0,0,12
S01006737,85 and over,9,5,5,0,4,1,0,0,1,2
S01006738,All people aged 16 and over in households,713,354,188,166,359,223,13,29,73,21
S01006738,16 to 24,84,35,4,31,49,49,0,0,0,0
S01006738,25 to 34,231,131,39,92,100,95,2,2,1,0
S01006738,35 to 49,191,87,58,29,104,56,4,15,29,0
S01006738,50 to 64,143,71,59,12,72,20,4,10,34,4
S01006738,65 to 74,34,15,14,1,19,3,1,1,8,6
S01006738,75 to 84,27,15,14,1,12,0,2,1,1,8
S01006738,85 and over,3,0,0,0,3,0,0,0,0,3
S01006739,All people aged 16 and over in households,529,320,210,110,209,129,9,18,35,18
S01006739,16 to 24,66,20,1,19,46,46,0,0,0,0
S01006739,25 to 34,144,93,37,56,51,43,2,4,2,0
S01006739,35 to 49,141,94,68,26,47,28,3,7,8,1
S01006739,50 to 64,109,73,67,6,36,7,4,7,17,1
S01006739,65 to 74,50,31,28,3,19,2,0,0,7,10
S01006739,75 to 84,18,9,9,0,9,3,0,0,1,5
S01006739,85 and over,1,0,0,0,1,0,0,0,0,1
S01006740,All people aged 16 and over in households,637,370,288,82,267,161,2,17,35,52
S01006740,16 to 24,81,13,0,13,68,68,0,0,0,0
S01006740,25 to 34,94,50,28,22,44,42,0,1,1,0
S01006740,35 to 49,143,86,61,25,57,30,1,13,12,1
S01006740,50 to 64,178,143,121,22,35,15,0,3,13,4
S01006740,65 to 74,61,39,39,0,22,4,0,0,8,10
S01006740,75 to 84,69,36,36,0,33,1,1,0,1,30
S01006740,85 and over,11,3,3,0,8,1,0,0,0,7
S01006741,All people aged 16 and over in households,596,366,300,66,230,95,6,10,47,72
S01006741,16 to 24,40,8,1,7,32,31,1,0,0,0
S01006741,25 to 34,76,49,31,18,27,23,1,1,2,0
S01006741,35 to 49,109,77,56,21,32,23,0,1,8,0
S01006741,50 to 64,150,106,91,15,44,8,1,5,20,10
S01006741,65 to 74,121,75,75,0,46,6,3,3,15,19
S01006741,75 to 84,84,44,39,5,40,4,0,0,2,34
S01006741,85 and over,16,7,7,0,9,0,0,0,0,9
S01006742,All people aged 16 and over in households,388,234,182,52,154,65,6,9,31,43
S01006742,16 to 24,27,9,1,8,18,18,0,0,0,0
S01006742,25 to 34,62,52,29,23,10,7,0,2,1,0
S01006742,35 to 49,91,56,46,10,35,22,1,5,6,1
S01006742,50 to 64,70,44,35,9,26,9,3,1,11,2
S01006742,65 to 74,78,50,48,2,28,0,2,1,9,16
S01006742,75 to 84,45,19,19,0,26,6,0,0,4,16
S01006742,85 and over,15,4,4,0,11,3,0,0,0,8
S01006743,All people aged 16 and over in households,481,282,196,86,199,114,4,13,26,42
S01006743,16 to 24,61,14,0,14,47,47,0,0,0,0
S01006743,25 to 34,84,48,15,33,36,31,0,1,3,1
S01006743,35 to 49,113,75,52,23,38,22,1,6,9,0
S01006743,50 to 64,110,81,73,8,29,7,3,6,10,3
S01006743,65 to 74,54,37,29,8,17,2,0,0,3,12
S01006743,75 to 84,50,25,25,0,25,4,0,0,1,20
S01006743,85 and over,9,2,2,0,7,1,0,0,0,6
S01006744,All people aged 16 and over in households,524,308,212,96,216,131,6,8,39,32
S01006744,16 to 24,60,14,1,13,46,45,0,1,0,0
S01006744,25 to 34,98,64,21,43,34,32,1,0,1,0
S01006744,35 to 49,144,98,68,30,46,31,1,4,10,0
S01006744,50 to 64,143,86,77,9,57,20,4,1,25,7
S01006744,65 to 74,53,37,36,1,16,2,0,2,2,10
S01006744,75 to 84,18,8,8,0,10,1,0,0,0,9
S01006744,85 and over,8,1,1,0,7,0,0,0,1,6
S01006745,All people aged 16 and over in households,707,372,264,108,335,170,4,24,54,83
S01006745,16 to 24,93,20,0,20,73,72,0,1,0,0
S01006745,25 to 34,92,52,17,35,40,38,0,1,1,0
S01006745,35 to 49,179,112,77,35,67,32,1,15,17,2
S01006745,50 to 64,162,113,100,13,49,15,0,4,19,11
S01006745,65 to 74,75,40,37,3,35,2,0,2,11,20
S01006745,75 to 84,68,33,31,2,35,4,1,1,5,24
S01006745,85 and over,38,2,2,0,36,7,2,0,1,26
S01006746,All people aged 16 and over in households,672,394,314,80,278,161,4,19,37,57
S01006746,16 to 24,101,15,6,9,86,86,0,0,0,0
S01006746,25 to 34,97,68,28,40,29,27,1,1,0,0
S01006746,35 to 49,169,110,88,22,59,32,3,9,15,0
S01006746,50 to 64,146,109,101,8,37,9,0,9,15,4
S01006746,65 to 74,72,52,51,1,20,3,0,0,4,13
S01006746,75 to 84,65,32,32,0,33,4,0,0,3,26
S01006746,85 and over,22,8,8,0,14,0,0,0,0,14
S01006747,All people aged 16 and over in households,728,520,472,48,208,121,3,3,27,54
S01006747,16 to 24,61,7,0,7,54,54,0,0,0,0
S01006747,25 to 34,57,23,14,9,34,32,1,0,0,1
S01006747,35 to 49,165,123,104,19,42,26,1,2,11,2
S01006747,50 to 64,175,153,141,12,22,4,0,1,12,5
S01006747,65 to 74,163,141,140,1,22,2,0,0,2,18
S01006747,75 to 84,89,66,66,0,23,3,0,0,1,19
S01006747,85 and over,18,7,7,0,11,0,1,0,1,9
S01006748,All people aged 16 and over in households,761,534,468,66,227,127,11,7,31,51
S01006748,16 to 24,72,14,0,14,58,57,1,0,0,0
S01006748,25 to 34,87,55,28,27,32,28,2,1,1,0
S01006748,35 to 49,193,154,135,19,39,27,3,4,5,0
S01006748,50 to 64,211,172,169,3,39,10,4,2,13,10
S01006748,65 to 74,127,101,98,3,26,3,0,0,8,15
S01006748,75 to 84,56,29,29,0,27,1,1,0,4,21
S01006748,85 and over,15,9,9,0,6,1,0,0,0,5
S01006749,All people aged 16 and over in households,773,484,394,90,289,149,8,8,56,68
S01006749,16 to 24,79,12,3,9,67,66,0,1,0,0
S01006749,25 to 34,126,73,39,34,53,48,4,0,1,0
S01006749,35 to 49,183,136,108,28,47,28,1,3,15,0
S01006749,50 to 64,221,178,163,15,43,5,3,2,25,8
S01006749,65 to 74,93,68,64,4,25,2,0,1,9,13
S01006749,75 to 84,53,13,13,0,40,0,0,1,5,34
S01006749,85 and over,18,4,4,0,14,0,0,0,1,13
S01006750,All people aged 16 and over in households,563,340,284,56,223,122,12,13,26,50
S01006750,16 to 24,54,9,5,4,45,44,0,0,0,1
S01006750,25 to 34,70,34,15,19,36,30,4,2,0,0
S01006750,35 to 49,128,81,62,19,47,28,2,7,10,0
S01006750,50 to 64,168,130,122,8,38,16,3,3,10,6
S01006750,65 to 74,90,66,61,5,24,1,1,1,4,17
S01006750,75 to 84,41,17,16,1,24,3,2,0,1,18
S01006750,85 and over,12,3,3,0,9,0,0,0,1,8
S01006751,All people aged 16 and over in households,436,257,216,41,179,80,4,8,21,66
S01006751,16 to 24,41,7,2,5,34,34,0,0,0,0
S01006751,25 to 34,50,28,20,8,22,20,1,0,1,0
S01006751,35 to 49,105,80,63,17,25,15,0,4,6,0
S01006751,50 to 64,112,81,72,9,31,9,3,4,10,5
S01006751,65 to 74,50,33,31,2,17,0,0,0,2,15
S01006751,75 to 84,48,22,22,0,26,1,0,0,2,23
S01006751,85 and over,30,6,6,0,24,1,0,0,0,23
S01006752,All people aged 16 and over in households,596,344,298,46,252,123,8,19,40,62
S01006752,16 to 24,65,5,0,5,60,60,0,0,0,0
S01006752,25 to 34,84,51,34,17,33,27,3,1,1,1
S01006752,35 to 49,128,77,63,14,51,21,3,11,14,2
S01006752,50 to 64,148,100,95,5,48,12,2,6,18,10
S01006752,65 to 74,96,72,69,3,24,0,0,1,4,19
S01006752,75 to 84,63,37,35,2,26,2,0,0,0,24
S01006752,85 and over,12,2,2,0,10,1,0,0,3,6
S01006753,All people aged 16 and over in households,779,514,434,80,265,153,13,17,31,51
S01006753,16 to 24,82,7,0,7,75,75,0,0,0,0
S01006753,25 to 34,77,51,28,23,26,22,1,0,2,1
S01006753,35 to 49,192,140,112,28,52,28,5,9,9,1
S01006753,50 to 64,194,146,128,18,48,20,6,8,10,4
S01006753,65 to 74,161,131,128,3,30,3,1,0,6,20
S01006753,75 to 84,62,36,35,1,26,4,0,0,4,18
S01006753,85 and over,11,3,3,0,8,1,0,0,0,7
S01006754,All people aged 16 and over in households,800,564,496,68,236,144,9,10,33,40
S01006754,16 to 24,83,4,1,3,79,79,0,0,0,0
S01006754,25 to 34,70,46,16,30,24,22,0,1,1,0
S01006754,35 to 49,199,144,121,23,55,31,4,5,15,0
S01006754,50 to 64,221,182,175,7,39,10,5,3,10,11
S01006754,65 to 74,164,143,139,4,21,2,0,1,6,12
S01006754,75 to 84,56,41,40,1,15,0,0,0,0,15
S01006754,85 and over,7,4,4,0,3,0,0,0,1,2
S01006755,All people aged 16 and over in households,566,386,304,82,180,120,12,6,14,28
S01006755,16 to 24,68,6,1,5,62,62,0,0,0,0
S01006755,25 to 34,114,83,56,27,31,29,1,1,0,0
S01006755,35 to 49,202,162,127,35,40,20,5,4,10,1
S01006755,50 to 64,115,93,80,13,22,8,6,1,3,4
S01006755,65 to 74,41,30,28,2,11,1,0,0,0,10
S01006755,75 to 84,22,11,11,0,11,0,0,0,1,10
S01006755,85 and over,4,1,1,0,3,0,0,0,0,3
S01006756,All people aged 16 and over in households,535,336,232,104,199,150,11,11,24,3
S01006756,16 to 24,101,28,4,24,73,73,0,0,0,0
S01006756,25 to 34,183,109,51,58,74,65,2,3,4,0
S01006756,35 to 49,160,125,104,21,35,12,4,4,13,2
S01006756,50 to 64,82,66,65,1,16,0,5,4,7,0
S01006756,65 to 74,4,4,4,0,0,0,0,0,0,0
S01006756,75 to 84,5,4,4,0,1,0,0,0,0,1
S01006756,85 and over,0,0,0,0,0,0,0,0,0,0
S01006757,All people aged 16 and over in households,649,416,328,88,233,163,5,12,33,20
S01006757,16 to 24,86,11,2,9,75,75,0,0,0,0
S01006757,25 to 34,134,84,40,44,50,45,0,4,1,0
S01006757,35 to 49,176,129,104,25,47,29,3,6,9,0
S01006757,50 to 64,164,126,118,8,38,13,1,2,21,1
S01006757,65 to 74,49,41,41,0,8,1,0,0,1,6
S01006757,75 to 84,34,23,22,1,11,0,1,0,1,9
S01006757,85 and over,6,2,1,1,4,0,0,0,0,4
S01006758,All people aged 16 and over in households,599,406,348,58,193,142,0,13,23,15
S01006758,16 to 24,70,12,4,8,58,58,0,0,0,0
S01006758,25 to 34,96,50,25,25,46,41,0,3,2,0
S01006758,35 to 49,173,125,106,19,48,32,0,7,8,1
S01006758,50 to 64,179,150,145,5,29,11,0,3,9,6
S01006758,65 to 74,57,53,52,1,4,0,0,0,3,1
S01006758,75 to 84,21,16,16,0,5,0,0,0,1,4
S01006758,85 and over,3,0,0,0,3,0,0,0,0,3
S01006759,All people aged 16 and over in households,492,344,298,46,148,100,4,11,13,20
S01006759,16 to 24,58,3,0,3,55,55,0,0,0,0
S01006759,25 to 34,63,42,22,20,21,19,0,2,0,0
S01006759,35 to 49,135,105,91,14,30,20,0,5,5,0
S01006759,50 to 64,155,135,127,8,20,5,3,1,5,6
S01006759,65 to 74,59,48,47,1,11,0,1,3,2,5
S01006759,75 to 84,19,10,10,0,9,1,0,0,1,7
S01006759,85 and over,3,1,1,0,2,0,0,0,0,2
S01006760,All people aged 16 and over in households,421,284,216,68,137,99,0,8,23,7
S01006760,16 to 24,57,13,1,12,44,44,0,0,0,0
S01006760,25 to 34,102,70,38,32,32,29,0,1,2,0
S01006760,35 to 49,107,79,60,19,28,17,0,4,7,0
S01006760,50 to 64,104,82,77,5,22,7,0,2,11,2
S01006760,65 to 74,28,23,23,0,5,1,0,0,3,1
S01006760,75 to 84,22,17,17,0,5,1,0,1,0,3
S01006760,85 and over,1,0,0,0,1,0,0,0,0,1
S01006761,All people aged 16 and over in households,629,440,368,72,189,115,3,10,26,35
S01006761,16 to 24,70,13,0,13,57,57,0,0,0,0
S01006761,25 to 34,71,47,23,24,24,22,0,0,2,0
S01006761,35 to 49,130,91,78,13,39,26,1,5,7,0
S01006761,50 to 64,219,191,171,20,28,7,0,5,13,3
S01006761,65 to 74,94,74,72,2,20,1,1,0,3,15
S01006761,75 to 84,40,22,22,0,18,2,0,0,1,15
S01006761,85 and over,5,2,2,0,3,0,1,0,0,2
S01006762,All people aged 16 and over in households,718,470,414,56,248,98,5,6,32,107
S01006762,16 to 24,48,4,0,4,44,43,1,0,0,0
S01006762,25 to 34,62,40,21,19,22,20,0,0,2,0
S01006762,35 to 49,127,102,85,17,25,13,0,3,8,1
S01006762,50 to 64,238,197,185,12,41,12,0,2,14,13
S01006762,65 to 74,98,63,61,2,35,3,0,1,7,24
S01006762,75 to 84,99,56,54,2,43,2,3,0,1,37
S01006762,85 and over,46,8,8,0,38,5,1,0,0,32
S01006763,All people aged 16 and over in households,667,466,360,106,201,138,9,17,29,8
S01006763,16 to 24,86,11,2,9,75,75,0,0,0,0
S01006763,25 to 34,186,143,93,50,43,36,2,2,3,0
S01006763,35 to 49,256,204,165,39,52,22,7,7,14,2
S01006763,50 to 64,115,91,83,8,24,4,0,8,10,2
S01006763,65 to 74,19,16,16,0,3,1,0,0,1,1
S01006763,75 to 84,4,1,1,0,3,0,0,0,1,2
S01006763,85 and over,1,0,0,0,1,0,0,0,0,1
S01006764,All people aged 16 and over in households,665,436,338,98,229,173,0,7,33,16
S01006764,16 to 24,92,13,3,10,79,78,0,1,0,0
S01006764,25 to 34,158,109,56,53,49,45,0,1,3,0
S01006764,35 to 49,190,134,111,23,56,35,0,5,15,1
S01006764,50 to 64,186,152,146,6,34,11,0,0,13,10
S01006764,65 to 74,30,22,18,4,8,3,0,0,1,4
S01006764,75 to 84,8,5,4,1,3,1,0,0,1,1
S01006764,85 and over,1,1,0,1,0,0,0,0,0,0
S01006765,All people aged 16 and over in households,500,316,246,70,184,134,2,10,31,7
S01006765,16 to 24,70,13,1,12,57,57,0,0,0,0
S01006765,25 to 34,117,74,35,39,43,37,0,3,3,0
S01006765,35 to 49,141,100,87,13,41,30,0,4,7,0
S01006765,50 to 64,133,101,96,5,32,9,1,2,18,2
S01006765,65 to 74,26,17,16,1,9,1,0,1,3,4
S01006765,75 to 84,12,10,10,0,2,0,1,0,0,1
S01006765,85 and over,1,1,1,0,0,0,0,0,0,0
S01006766,All people aged 16 and over in households,505,346,280,66,159,115,3,2,22,17
S01006766,16 to 24,78,5,0,5,73,72,1,0,0,0
S01006766,25 to 34,81,54,24,30,27,24,0,0,3,0
S01006766,35 to 49,149,121,103,18,28,17,0,0,8,3
S01006766,50 to 64,158,137,129,8,21,0,2,2,10,7
S01006766,65 to 74,21,16,12,4,5,2,0,0,0,3
S01006766,75 to 84,17,13,12,1,4,0,0,0,1,3
S01006766,85 and over,1,0,0,0,1,0,0,0,0,1
S01006767,All people aged 16 and over in households,591,378,332,46,213,130,7,12,29,35
S01006767,16 to 24,91,11,2,9,80,80,0,0,0,0
S01006767,25 to 34,81,53,37,16,28,27,0,0,1,0
S01006767,35 to 49,141,104,97,7,37,19,3,7,7,1
S01006767,50 to 64,169,141,131,10,28,4,4,3,13,4
S01006767,65 to 74,62,41,40,1,21,0,0,2,8,11
S01006767,75 to 84,38,26,23,3,12,0,0,0,0,12
S01006767,85 and over,9,2,2,0,7,0,0,0,0,7
S01006768,All people aged 16 and over in households,507,380,340,40,127,100,3,5,6,13
S01006768,16 to 24,87,3,0,3,84,84,0,0,0,0
S01006768,25 to 34,51,42,26,16,9,8,1,0,0,0
S01006768,35 to 49,137,125,115,10,12,8,0,2,2,0
S01006768,50 to 64,180,165,156,9,15,0,2,3,4,6
S01006768,65 to 74,40,38,36,2,2,0,0,0,0,2
S01006768,75 to 84,10,7,7,0,3,0,0,0,0,3
S01006768,85 and over,2,0,0,0,2,0,0,0,0,2
S01006769,All people aged 16 and over in households,793,522,456,66,271,164,5,18,38,46
S01006769,16 to 24,97,3,2,1,94,93,1,0,0,0
S01006769,25 to 34,127,88,56,32,39,34,3,1,1,0
S01006769,35 to 49,196,153,134,19,43,23,0,9,9,2
S01006769,50 to 64,233,188,180,8,45,9,1,8,17,10
S01006769,65 to 74,96,73,67,6,23,4,0,0,9,10
S01006769,75 to 84,34,16,16,0,18,0,0,0,2,16
S01006769,85 and over,10,1,1,0,9,1,0,0,0,8
S01006770,All people aged 16 and over in households,567,428,376,52,139,87,6,4,18,24
S01006770,16 to 24,47,0,0,0,47,47,0,0,0,0
S01006770,25 to 34,74,46,25,21,28,25,2,1,0,0
S01006770,35 to 49,114,100,85,15,14,6,1,3,2,2
S01006770,50 to 64,234,205,194,11,29,8,1,0,14,6
S01006770,65 to 74,75,60,55,5,15,1,0,0,2,12
S01006770,75 to 84,19,15,15,0,4,0,2,0,0,2
S01006770,85 and over,4,2,2,0,2,0,0,0,0,2
S01006771,All people aged 16 and over in households,378,256,234,22,122,101,0,6,5,10
S01006771,16 to 24,76,3,1,2,73,73,0,0,0,0
S01006771,25 to 34,54,33,26,7,21,20,0,1,0,0
S01006771,35 to 49,107,98,86,12,9,5,0,2,2,0
S01006771,50 to 64,113,100,100,0,13,2,0,3,3,5
S01006771,65 to 74,23,18,17,1,5,1,0,0,0,4
S01006771,75 to 84,5,4,4,0,1,0,0,0,0,1
S01006771,85 and over,0,0,0,0,0,0,0,0,0,0
S01006772,All people aged 16 and over in households,728,492,414,78,236,154,10,11,31,30
S01006772,16 to 24,86,15,1,14,71,70,1,0,0,0
S01006772,25 to 34,103,55,22,33,48,45,1,2,0,0
S01006772,35 to 49,193,149,126,23,44,25,2,5,12,0
S01006772,50 to 64,246,204,197,7,42,10,3,4,14,11
S01006772,65 to 74,55,38,37,1,17,4,2,0,2,9
S01006772,75 to 84,42,30,30,0,12,0,1,0,3,8
S01006772,85 and over,3,1,1,0,2,0,0,0,0,2
S01006773,All people aged 16 and over in households,542,380,346,34,162,114,2,5,25,16
S01006773,16 to 24,85,4,1,3,81,81,0,0,0,0
S01006773,25 to 34,47,33,25,8,14,14,0,0,0,0
S01006773,35 to 49,166,141,130,11,25,11,1,1,11,1
S01006773,50 to 64,172,147,139,8,25,6,0,4,13,2
S01006773,65 to 74,43,33,30,3,10,2,1,0,0,7
S01006773,75 to 84,26,21,20,1,5,0,0,0,1,4
S01006773,85 and over,3,1,1,0,2,0,0,0,0,2
S01006774,All people aged 16 and over in households,540,386,368,18,154,119,6,7,12,10
S01006774,16 to 24,86,3,0,3,83,82,1,0,0,0
S01006774,25 to 34,60,28,20,8,32,29,2,0,1,0
S01006774,35 to 49,134,122,119,3,12,4,1,3,4,0
S01006774,50 to 64,213,191,187,4,22,3,2,4,6,7
S01006774,65 to 74,41,36,36,0,5,1,0,0,1,3
S01006774,75 to 84,4,4,4,0,0,0,0,0,0,0
S01006774,85 and over,2,2,2,0,0,0,0,0,0,0
S01006775,All people aged 16 and over in households,549,290,212,78,259,159,3,16,39,42
S01006775,16 to 24,74,8,0,8,66,66,0,0,0,0
S01006775,25 to 34,106,58,28,30,48,47,0,1,0,0
S01006775,35 to 49,147,87,61,26,60,33,2,7,17,1
S01006775,50 to 64,117,83,72,11,34,11,0,4,15,4
S01006775,65 to 74,65,37,34,3,28,2,1,4,7,14
S01006775,75 to 84,28,13,13,0,15,0,0,0,0,15
S01006775,85 and over,12,4,4,0,8,0,0,0,0,8
S01006776,All people aged 16 and over in households,447,230,196,34,217,87,8,14,36,72
S01006776,16 to 24,29,4,2,2,25,25,0,0,0,0
S01006776,25 to 34,57,28,14,14,29,24,3,2,0,0
S01006776,35 to 49,77,45,37,8,32,20,1,5,6,0
S01006776,50 to 64,121,79,73,6,42,9,1,5,19,8
S01006776,65 to 74,68,46,42,4,22,5,0,2,6,9
S01006776,75 to 84,59,18,18,0,41,2,0,0,3,36
S01006776,85 and over,36,10,10,0,26,2,3,0,2,19
S01006777,All people aged 16 and over in households,553,418,386,32,135,78,7,7,16,27
S01006777,16 to 24,53,4,0,4,49,49,0,0,0,0
S01006777,25 to 34,57,40,27,13,17,16,0,0,1,0
S01006777,35 to 49,111,84,73,11,27,12,3,3,9,0
S01006777,50 to 64,232,211,207,4,21,1,4,4,2,10
S01006777,65 to 74,81,68,68,0,13,0,0,0,4,9
S01006777,75 to 84,17,10,10,0,7,0,0,0,0,7
S01006777,85 and over,2,1,1,0,1,0,0,0,0,1
S01006778,All people aged 16 and over in households,566,378,336,42,188,121,3,4,25,35
S01006778,16 to 24,65,9,7,2,56,56,0,0,0,0
S01006778,25 to 34,67,38,27,11,29,28,0,0,1,0
S01006778,35 to 49,124,90,79,11,34,25,1,2,5,1
S01006778,50 to 64,185,149,139,10,36,10,2,1,15,8
S01006778,65 to 74,84,66,61,5,18,1,0,0,4,13
S01006778,75 to 84,32,24,21,3,8,1,0,0,0,7
S01006778,85 and over,9,2,2,0,7,0,0,1,0,6
S01006779,All people aged 16 and over in households,527,242,194,48,285,143,7,16,46,73
S01006779,16 to 24,72,5,2,3,67,67,0,0,0,0
S01006779,25 to 34,61,26,13,13,35,34,1,0,0,0
S01006779,35 to 49,123,77,52,25,46,23,3,4,15,1
S01006779,50 to 64,121,73,68,5,48,12,1,8,18,9
S01006779,65 to 74,61,35,35,0,26,2,0,4,7,13
S01006779,75 to 84,61,21,20,1,40,4,0,0,5,31
S01006779,85 and over,28,5,4,1,23,1,2,0,1,19
S01006780,All people aged 16 and over in households,498,300,242,58,198,111,6,14,29,38
S01006780,16 to 24,58,4,0,4,54,54,0,0,0,0
S01006780,25 to 34,78,44,23,21,34,30,3,1,0,0
S01006780,35 to 49,95,65,51,14,30,17,0,7,6,0
S01006780,50 to 64,158,122,103,19,36,7,1,5,16,7
S01006780,65 to 74,69,47,47,0,22,0,1,1,7,13
S01006780,75 to 84,33,15,15,0,18,3,1,0,0,14
S01006780,85 and over,7,3,3,0,4,0,0,0,0,4
S01006781,All people aged 16 and over in households,607,400,348,52,207,122,3,8,25,49
S01006781,16 to 24,82,2,0,2,80,80,0,0,0,0
S01006781,25 to 34,47,24,16,8,23,23,0,0,0,0
S01006781,35 to 49,127,99,75,24,28,13,2,5,8,0
S01006781,50 to 64,173,153,138,15,20,2,1,2,8,7
S01006781,65 to 74,114,84,81,3,30,4,0,1,4,21
S01006781,75 to 84,52,33,33,0,19,0,0,0,4,15
S01006781,85 and over,12,5,5,0,7,0,0,0,1,6
S01006782,All people aged 16 and over in households,624,388,314,74,236,158,2,17,32,27
S01006782,16 to 24,79,13,0,13,66,66,0,0,0,0
S01006782,25 to 34,103,57,31,26,46,45,0,1,0,0
S01006782,35 to 49,194,137,120,17,57,35,1,7,13,1
S01006782,50 to 64,153,122,112,10,31,8,1,6,14,2
S01006782,65 to 74,61,48,41,7,13,2,0,3,4,4
S01006782,75 to 84,23,10,9,1,13,0,0,0,1,12
S01006782,85 and over,11,1,1,0,10,2,0,0,0,8
S01006783,All people aged 16 and over in households,585,398,344,54,187,104,5,6,22,50
S01006783,16 to 24,60,5,2,3,55,55,0,0,0,0
S01006783,25 to 34,53,31,17,14,22,18,1,1,2,0
S01006783,35 to 49,123,93,63,30,30,20,1,1,6,2
S01006783,50 to 64,143,117,113,4,26,4,1,2,12,7
S01006783,65 to 74,126,102,101,1,24,3,1,2,1,17
S01006783,75 to 84,68,46,44,2,22,4,1,0,1,16
S01006783,85 and over,12,4,4,0,8,0,0,0,0,8
S01006784,All people aged 16 and over in households,540,334,264,70,206,146,4,9,20,27
S01006784,16 to 24,67,15,3,12,52,52,0,0,0,0
S01006784,25 to 34,103,49,31,18,54,50,1,3,0,0
S01006784,35 to 49,129,99,73,26,30,21,2,4,3,0
S01006784,50 to 64,135,107,95,12,28,11,0,2,12,3
S01006784,65 to 74,61,42,40,2,19,7,0,0,5,7
S01006784,75 to 84,34,20,20,0,14,2,1,0,0,11
S01006784,85 and over,11,2,2,0,9,3,0,0,0,6
S01006785,All people aged 16 and over in households,495,362,316,46,133,106,2,5,10,10
S01006785,16 to 24,79,2,0,2,77,77,0,0,0,0
S01006785,25 to 34,80,64,33,31,16,13,1,0,2,0
S01006785,35 to 49,155,133,121,12,22,11,1,5,4,1
S01006785,50 to 64,123,117,116,1,6,3,0,0,2,1
S01006785,65 to 74,50,44,44,0,6,1,0,0,1,4
S01006785,75 to 84,7,2,2,0,5,1,0,0,1,3
S01006785,85 and over,1,0,0,0,1,0,0,0,0,1
S01006786,All people aged 16 and over in households,672,472,402,70,200,135,5,8,19,33
S01006786,16 to 24,88,13,3,10,75,74,0,0,0,1
S01006786,25 to 34,109,71,40,31,38,37,1,0,0,0
S01006786,35 to 49,204,167,142,25,37,21,2,5,7,2
S01006786,50 to 64,195,168,164,4,27,2,1,3,11,10
S01006786,65 to 74,49,39,39,0,10,1,0,0,1,8
S01006786,75 to 84,23,14,14,0,9,0,1,0,0,8
S01006786,85 and over,4,0,0,0,4,0,0,0,0,4
S01006787,All people aged 16 and over in households,569,398,346,52,171,100,3,12,24,32
S01006787,16 to 24,75,11,4,7,64,64,0,0,0,0
S01006787,25 to 34,58,42,28,14,16,13,1,2,0,0
S01006787,35 to 49,111,82,67,15,29,16,1,2,10,0
S01006787,50 to 64,195,164,152,12,31,6,1,4,10,10
S01006787,65 to 74,83,71,67,4,12,1,0,2,4,5
S01006787,75 to 84,44,28,28,0,16,0,0,2,0,14
S01006787,85 and over,3,0,0,0,3,0,0,0,0,3
S01006788,All people aged 16 and over in households,588,414,334,80,174,103,2,18,39,12
S01006788,16 to 24,70,12,2,10,58,58,0,0,0,0
S01006788,25 to 34,123,97,64,33,26,23,0,1,2,0
S01006788,35 to 49,212,174,148,26,38,14,2,7,14,1
S01006788,50 to 64,132,91,83,8,41,7,0,10,21,3
S01006788,65 to 74,41,35,33,2,6,1,0,0,2,3
S01006788,75 to 84,9,5,4,1,4,0,0,0,0,4
S01006788,85 and over,1,0,0,0,1,0,0,0,0,1
S01006789,All people aged 16 and over in households,516,324,258,66,192,96,8,7,27,54
S01006789,16 to 24,37,2,0,2,35,35,0,0,0,0
S01006789,25 to 34,47,21,8,13,26,24,1,1,0,0
S01006789,35 to 49,134,93,60,33,41,21,1,5,11,3
S01006789,50 to 64,131,103,90,13,28,8,5,1,10,4
S01006789,65 to 74,92,69,66,3,23,3,0,0,4,16
S01006789,75 to 84,54,32,30,2,22,1,0,0,2,19
S01006789,85 and over,21,4,4,0,17,4,1,0,0,12
S01006790,All people aged 16 and over in households,755,456,392,64,299,139,5,20,38,97
S01006790,16 to 24,64,16,2,14,48,48,0,0,0,0
S01006790,25 to 34,53,22,9,13,31,29,0,2,0,0
S01006790,35 to 49,173,124,98,26,49,31,1,5,10,2
S01006790,50 to 64,182,132,125,7,50,15,1,11,16,7
S01006790,65 to 74,127,90,87,3,37,4,3,1,8,21
S01006790,75 to 84,114,62,61,1,52,8,0,1,4,39
S01006790,85 and over,42,10,10,0,32,4,0,0,0,28
S01006791,All people aged 16 and over in households,441,286,226,60,155,75,3,5,38,34
S01006791,16 to 24,40,6,0,6,34,34,0,0,0,0
S01006791,25 to 34,41,23,11,12,18,18,0,0,0,0
S01006791,35 to 49,113,88,65,23,25,13,1,2,9,0
S01006791,50 to 64,139,105,90,15,34,3,1,1,21,8
S01006791,65 to 74,52,42,38,4,10,2,0,0,4,4
S01006791,75 to 84,39,17,17,0,22,4,1,2,3,12
S01006791,85 and over,17,5,5,0,12,1,0,0,1,10
S01006792,All people aged 16 and over in households,407,300,244,56,107,61,3,6,22,15
S01006792,16 to 24,33,5,0,5,28,28,0,0,0,0
S01006792,25 to 34,33,21,9,12,12,10,1,1,0,0
S01006792,35 to 49,123,102,76,26,21,11,1,0,8,1
S01006792,50 to 64,107,93,83,10,14,3,0,3,7,1
S01006792,65 to 74,71,54,51,3,17,3,1,2,6,5
S01006792,75 to 84,26,19,19,0,7,3,0,0,1,3
S01006792,85 and over,14,6,6,0,8,3,0,0,0,5
S01006793,All people aged 16 and over in households,433,286,244,42,147,66,5,5,28,43
S01006793,16 to 24,44,10,0,10,34,33,1,0,0,0
S01006793,25 to 34,35,25,16,9,10,7,1,2,0,0
S01006793,35 to 49,95,73,59,14,22,9,1,1,9,2
S01006793,50 to 64,129,97,90,7,32,7,1,2,13,9
S01006793,65 to 74,67,47,45,2,20,5,0,0,5,10
S01006793,75 to 84,43,27,27,0,16,2,0,0,0,14
S01006793,85 and over,20,7,7,0,13,3,1,0,1,8
S01006794,All people aged 16 and over in households,499,300,260,40,199,96,6,15,36,46
S01006794,16 to 24,52,9,1,8,43,43,0,0,0,0
S01006794,25 to 34,41,24,13,11,17,15,0,1,1,0
S01006794,35 to 49,100,66,53,13,34,20,3,3,6,2
S01006794,50 to 64,162,122,114,8,40,9,0,9,18,4
S01006794,65 to 74,81,53,53,0,28,5,2,2,8,11
S01006794,75 to 84,50,22,22,0,28,4,1,0,2,21
S01006794,85 and over,13,4,4,0,9,0,0,0,1,8
S01006795,All people aged 16 and over in households,575,412,356,56,163,82,5,12,25,39
S01006795,16 to 24,57,13,0,13,44,44,0,0,0,0
S01006795,25 to 34,63,45,29,16,18,16,0,2,0,0
S01006795,35 to 49,140,117,100,17,23,10,1,4,8,0
S01006795,50 to 64,167,143,133,10,24,3,3,4,10,4
S01006795,65 to 74,81,62,62,0,19,3,0,2,4,10
S01006795,75 to 84,52,25,25,0,27,5,1,0,2,19
S01006795,85 and over,15,7,7,0,8,1,0,0,1,6
S01006796,All people aged 16 and over in households,436,336,248,88,100,59,2,13,5,21
S01006796,16 to 24,58,21,1,20,37,37,0,0,0,0
S01006796,25 to 34,69,62,28,34,7,6,1,0,0,0
S01006796,35 to 49,133,116,90,26,17,8,0,8,1,0
S01006796,50 to 64,90,73,65,8,17,6,0,4,2,5
S01006796,65 to 74,51,42,42,0,9,1,0,0,1,7
S01006796,75 to 84,29,20,20,0,9,1,1,0,1,6
S01006796,85 and over,6,2,2,0,4,0,0,1,0,3
S01006797,All people aged 16 and over in households,485,358,290,68,127,79,3,10,19,16
S01006797,16 to 24,51,6,0,6,45,45,0,0,0,0
S01006797,25 to 34,46,32,18,14,14,12,0,2,0,0
S01006797,35 to 49,156,134,102,32,22,13,0,5,4,0
S01006797,50 to 64,155,131,117,14,24,8,2,1,11,2
S01006797,65 to 74,55,42,40,2,13,0,1,2,3,7
S01006797,75 to 84,19,12,12,0,7,1,0,0,1,5
S01006797,85 and over,3,1,1,0,2,0,0,0,0,2
S01006798,All people aged 16 and over in households,488,372,316,56,116,74,3,6,13,20
S01006798,16 to 24,53,1,0,1,52,52,0,0,0,0
S01006798,25 to 34,37,25,13,12,12,12,0,0,0,0
S01006798,35 to 49,141,133,108,25,8,5,1,2,0,0
S01006798,50 to 64,162,145,129,16,17,4,1,2,8,2
S01006798,65 to 74,54,41,39,2,13,1,0,1,4,7
S01006798,75 to 84,34,25,25,0,9,0,0,1,1,7
S01006798,85 and over,7,2,2,0,5,0,1,0,0,4
S01006799,All people aged 16 and over in households,717,444,354,90,273,139,12,8,41,73
S01006799,16 to 24,78,13,1,12,65,65,0,0,0,0
S01006799,25 to 34,94,67,40,27,27,25,1,0,1,0
S01006799,35 to 49,181,137,107,30,44,20,6,5,13,0
S01006799,50 to 64,174,126,108,18,48,15,2,2,16,13
S01006799,65 to 74,94,67,64,3,27,9,0,1,5,12
S01006799,75 to 84,65,29,29,0,36,3,3,0,3,27
S01006799,85 and over,31,5,5,0,26,2,0,0,3,21
S01006800,All people aged 16 and over in households,687,494,458,36,193,127,5,10,19,32
S01006800,16 to 24,95,6,1,5,89,89,0,0,0,0
S01006800,25 to 34,49,27,20,7,22,21,0,1,0,0
S01006800,35 to 49,172,150,138,12,22,7,2,5,5,3
S01006800,50 to 64,236,205,195,10,31,7,3,3,11,7
S01006800,65 to 74,83,70,68,2,13,2,0,1,3,7
S01006800,75 to 84,40,31,31,0,9,0,0,0,0,9
S01006800,85 and over,12,5,5,0,7,1,0,0,0,6
S01006801,All people aged 16 and over in households,715,560,460,100,155,100,4,13,12,26
S01006801,16 to 24,68,13,0,13,55,55,0,0,0,0
S01006801,25 to 34,76,56,18,38,20,19,0,1,0,0
S01006801,35 to 49,222,193,160,33,29,15,3,7,4,0
S01006801,50 to 64,196,171,159,12,25,6,0,4,7,8
S01006801,65 to 74,103,94,91,3,9,2,0,0,1,6
S01006801,75 to 84,43,31,30,1,12,3,1,1,0,7
S01006801,85 and over,7,2,2,0,5,0,0,0,0,5
S01006802,All people aged 16 and over in households,556,354,278,76,202,115,1,9,22,55
S01006802,16 to 24,71,5,3,2,66,66,0,0,0,0
S01006802,25 to 34,64,50,19,31,14,13,0,1,0,0
S01006802,35 to 49,164,134,100,34,30,19,0,3,6,2
S01006802,50 to 64,138,109,100,9,29,10,1,3,10,5
S01006802,65 to 74,56,34,34,0,22,5,0,2,3,12
S01006802,75 to 84,45,21,21,0,24,1,0,0,2,21
S01006802,85 and over,18,1,1,0,17,1,0,0,1,15
S01006803,All people aged 16 and over in households,571,356,288,68,215,110,4,10,23,68
S01006803,16 to 24,64,14,1,13,50,50,0,0,0,0
S01006803,25 to 34,78,50,30,20,28,27,0,1,0,0
S01006803,35 to 49,136,111,85,26,25,15,1,5,3,1
S01006803,50 to 64,126,100,93,7,26,6,1,4,11,4
S01006803,65 to 74,77,52,51,1,25,6,1,0,6,12
S01006803,75 to 84,64,28,27,1,36,5,1,0,1,29
S01006803,85 and over,26,1,1,0,25,1,0,0,2,22
S01006804,All people aged 16 and over in households,578,436,362,74,142,86,1,9,16,30
S01006804,16 to 24,40,5,2,3,35,35,0,0,0,0
S01006804,25 to 34,123,94,69,25,29,27,0,1,1,0
S01006804,35 to 49,192,170,132,38,22,12,0,5,5,0
S01006804,50 to 64,126,105,97,8,21,5,1,3,9,3
S01006804,65 to 74,60,48,48,0,12,4,0,0,1,7
S01006804,75 to 84,29,14,14,0,15,1,0,0,0,14
S01006804,85 and over,8,0,0,0,8,2,0,0,0,6
S01006805,All people aged 16 and over in households,894,558,458,100,336,210,8,17,41,60
S01006805,16 to 24,145,21,1,20,124,124,0,0,0,0
S01006805,25 to 34,124,69,44,25,55,50,2,1,2,0
S01006805,35 to 49,262,209,173,36,53,22,4,7,19,1
S01006805,50 to 64,213,177,160,17,36,6,1,9,15,5
S01006805,65 to 74,77,57,55,2,20,4,0,0,4,12
S01006805,75 to 84,47,17,17,0,30,2,1,0,1,26
S01006805,85 and over,26,8,8,0,18,2,0,0,0,16
S01006806,All people aged 16 and over in households,849,602,510,92,247,152,3,12,32,48
S01006806,16 to 24,95,16,2,14,79,79,0,0,0,0
S01006806,25 to 34,117,84,61,23,33,30,0,3,0,0
S01006806,35 to 49,236,203,165,38,33,21,1,3,7,1
S01006806,50 to 64,247,198,183,15,49,19,2,3,17,8
S01006806,65 to 74,99,77,77,0,22,3,0,3,6,10
S01006806,75 to 84,42,21,19,2,21,0,0,0,1,20
S01006806,85 and over,13,3,3,0,10,0,0,0,1,9
S01006807,All people aged 16 and over in households,484,366,296,70,118,70,5,14,18,11
S01006807,16 to 24,47,6,4,2,41,41,0,0,0,0
S01006807,25 to 34,58,47,31,16,11,9,0,1,1,0
S01006807,35 to 49,169,133,98,35,36,17,2,8,7,2
S01006807,50 to 64,142,124,110,14,18,2,2,3,9,2
S01006807,65 to 74,56,50,48,2,6,1,1,2,1,1
S01006807,75 to 84,11,5,5,0,6,0,0,0,0,6
S01006807,85 and over,1,1,0,1,0,0,0,0,0,0
S01006808,All people aged 16 and over in households,505,370,332,38,135,78,4,7,17,29
S01006808,16 to 24,53,4,0,4,49,49,0,0,0,0
S01006808,25 to 34,48,30,23,7,18,16,0,2,0,0
S01006808,35 to 49,136,117,99,18,19,5,2,4,7,1
S01006808,50 to 64,171,151,142,9,20,5,2,1,7,5
S01006808,65 to 74,57,47,47,0,10,2,0,0,2,6
S01006808,75 to 84,29,18,18,0,11,1,0,0,1,9
S01006808,85 and over,11,3,3,0,8,0,0,0,0,8
S01006809,All people aged 16 and over in households,653,420,354,66,233,119,8,18,32,56
S01006809,16 to 24,62,7,0,7,55,55,0,0,0,0
S01006809,25 to 34,61,37,21,16,24,23,0,1,0,0
S01006809,35 to 49,165,128,102,26,37,18,1,9,9,0
S01006809,50 to 64,206,160,144,16,46,16,4,8,13,5
S01006809,65 to 74,84,51,50,1,33,3,1,0,6,23
S01006809,75 to 84,51,27,27,0,24,3,1,0,3,17
S01006809,85 and over,24,10,10,0,14,1,1,0,1,11
S01006810,All people aged 16 and over in households,704,462,384,78,242,133,11,17,44,37
S01006810,16 to 24,82,11,4,7,71,71,0,0,0,0
S01006810,25 to 34,74,53,31,22,21,16,2,1,2,0
S01006810,35 to 49,210,159,123,36,51,24,6,8,12,1
S01006810,50 to 64,205,153,143,10,52,19,1,5,19,8
S01006810,65 to 74,85,58,56,2,27,1,1,3,11,11
S01006810,75 to 84,33,25,24,1,8,1,1,0,0,6
S01006810,85 and over,15,3,3,0,12,1,0,0,0,11
S01006811,All people aged 16 and over in households,841,630,510,120,211,117,9,17,34,34
S01006811,16 to 24,80,13,3,10,67,66,0,0,0,1
S01006811,25 to 34,91,60,36,24,31,24,5,0,2,0
S01006811,35 to 49,315,275,219,56,40,18,0,12,8,2
S01006811,50 to 64,220,187,161,26,33,6,2,5,15,5
S01006811,65 to 74,81,62,58,4,19,1,0,0,8,10
S01006811,75 to 84,45,31,31,0,14,1,2,0,0,11
S01006811,85 and over,9,2,2,0,7,1,0,0,1,5
S01006812,All people aged 16 and over in households,586,426,342,84,160,105,0,14,21,20
S01006812,16 to 24,58,10,0,10,48,48,0,0,0,0
S01006812,25 to 34,93,65,38,27,28,24,0,3,1,0
S01006812,35 to 49,192,159,129,30,33,17,0,8,6,2
S01006812,50 to 64,168,138,123,15,30,9,0,3,12,6
S01006812,65 to 74,49,38,38,0,11,3,0,0,2,6
S01006812,75 to 84,19,12,10,2,7,4,0,0,0,3
S01006812,85 and over,7,4,4,0,3,0,0,0,0,3
S01006813,All people aged 16 and over in households,626,402,314,88,224,134,4,9,37,40
S01006813,16 to 24,85,14,0,14,71,71,0,0,0,0
S01006813,25 to 34,105,79,49,30,26,22,0,2,2,0
S01006813,35 to 49,184,152,124,28,32,18,1,3,9,1
S01006813,50 to 64,137,102,87,15,35,12,1,3,15,4
S01006813,65 to 74,63,35,34,1,28,8,1,1,7,11
S01006813,75 to 84,32,15,15,0,17,3,0,0,3,11
S01006813,85 and over,20,5,5,0,15,0,1,0,1,13
S01006814,All people aged 16 and over in households,620,450,396,54,170,115,1,12,16,26
S01006814,16 to 24,97,3,0,3,94,94,0,0,0,0
S01006814,25 to 34,57,44,31,13,13,11,0,2,0,0
S01006814,35 to 49,210,194,171,23,16,3,1,7,4,1
S01006814,50 to 64,168,146,131,15,22,3,0,3,9,7
S01006814,65 to 74,58,51,51,0,7,2,0,0,1,4
S01006814,75 to 84,23,12,12,0,11,1,0,0,1,9
S01006814,85 and over,7,0,0,0,7,1,0,0,1,5
S01006815,All people aged 16 and over in households,485,264,204,60,221,113,6,10,31,61
S01006815,16 to 24,44,6,0,6,38,38,0,0,0,0
S01006815,25 to 34,99,57,26,31,42,38,1,2,1,0
S01006815,35 to 49,92,59,43,16,33,19,1,1,12,0
S01006815,50 to 64,130,96,89,7,34,8,1,7,14,4
S01006815,65 to 74,43,29,29,0,14,1,2,0,3,8
S01006815,75 to 84,48,12,12,0,36,6,1,0,1,28
S01006815,85 and over,29,5,5,0,24,3,0,0,0,21
S01006816,All people aged 16 and over in households,566,392,328,64,174,102,5,8,23,36
S01006816,16 to 24,67,11,1,10,56,56,0,0,0,0
S01006816,25 to 34,68,47,25,22,21,19,0,0,1,1
S01006816,35 to 49,165,138,114,24,27,14,4,2,7,0
S01006816,50 to 64,166,135,131,4,31,7,1,6,10,7
S01006816,65 to 74,65,50,47,3,15,4,0,0,5,6
S01006816,75 to 84,22,8,7,1,14,1,0,0,0,13
S01006816,85 and over,13,3,3,0,10,1,0,0,0,9
S01006817,All people aged 16 and over in households,517,344,254,90,173,101,6,13,26,27
S01006817,16 to 24,47,8,0,8,39,39,0,0,0,0
S01006817,25 to 34,96,58,27,31,38,33,3,0,1,1
S01006817,35 to 49,150,113,85,28,37,16,1,7,12,1
S01006817,50 to 64,137,110,93,17,27,7,2,5,10,3
S01006817,65 to 74,59,46,41,5,13,3,0,1,3,6
S01006817,75 to 84,16,8,7,1,8,1,0,0,0,7
S01006817,85 and over,12,1,1,0,11,2,0,0,0,9
S01006818,All people aged 16 and over in households,580,414,370,44,166,109,5,6,19,27
S01006818,16 to 24,62,5,0,5,57,57,0,0,0,0
S01006818,25 to 34,65,39,27,12,26,25,1,0,0,0
S01006818,35 to 49,185,155,132,23,30,14,2,5,9,0
S01006818,50 to 64,173,150,146,4,23,8,2,1,10,2
S01006818,65 to 74,59,44,44,0,15,4,0,0,0,11
S01006818,75 to 84,28,16,16,0,12,0,0,0,0,12
S01006818,85 and over,8,5,5,0,3,1,0,0,0,2
S01006819,All people aged 16 and over in households,653,462,418,44,191,127,5,10,17,32
S01006819,16 to 24,79,2,0,2,77,77,0,0,0,0
S01006819,25 to 34,62,48,33,15,14,12,2,0,0,0
S01006819,35 to 49,237,211,193,18,26,15,0,5,3,3
S01006819,50 to 64,196,145,136,9,51,19,1,5,12,14
S01006819,65 to 74,47,35,35,0,12,1,2,0,2,7
S01006819,75 to 84,25,18,18,0,7,1,0,0,0,6
S01006819,85 and over,7,3,3,0,4,2,0,0,0,2
S01006820,All people aged 16 and over in households,383,282,230,52,101,75,2,5,9,10
S01006820,16 to 24,42,0,0,0,42,42,0,0,0,0
S01006820,25 to 34,39,28,20,8,11,11,0,0,0,0
S01006820,35 to 49,131,110,71,39,21,14,1,2,4,0
S01006820,50 to 64,92,77,74,3,15,5,1,3,4,2
S01006820,65 to 74,50,46,44,2,4,0,0,0,0,4
S01006820,75 to 84,25,18,18,0,7,2,0,0,1,4
S01006820,85 and over,4,3,3,0,1,1,0,0,0,0
S01006821,All people aged 16 and over in households,483,336,286,50,147,93,5,11,21,17
S01006821,16 to 24,61,3,0,3,58,58,0,0,0,0
S01006821,25 to 34,63,46,15,31,17,13,1,2,1,0
S01006821,35 to 49,134,106,94,12,28,11,2,4,10,1
S01006821,50 to 64,136,113,109,4,23,5,1,4,7,6
S01006821,65 to 74,69,55,55,0,14,5,1,0,3,5
S01006821,75 to 84,16,11,11,0,5,1,0,1,0,3
S01006821,85 and over,4,2,2,0,2,0,0,0,0,2
S01006822,All people aged 16 and over in households,609,430,368,62,179,127,5,8,20,19
S01006822,16 to 24,87,6,2,4,81,81,0,0,0,0
S01006822,25 to 34,50,24,16,8,26,25,0,1,0,0
S01006822,35 to 49,187,161,134,27,26,13,4,3,6,0
S01006822,50 to 64,205,179,161,18,26,6,1,4,13,2
S01006822,65 to 74,55,47,42,5,8,0,0,0,1,7
S01006822,75 to 84,14,7,7,0,7,1,0,0,0,6
S01006822,85 and over,11,6,6,0,5,1,0,0,0,4
S01006823,All people aged 16 and over in households,557,364,312,52,193,104,8,13,35,33
S01006823,16 to 24,59,6,0,6,53,53,0,0,0,0
S01006823,25 to 34,55,32,19,13,23,21,0,2,0,0
S01006823,35 to 49,151,122,98,24,29,14,2,6,6,1
S01006823,50 to 64,188,141,132,9,47,10,5,5,23,4
S01006823,65 to 74,71,48,48,0,23,5,1,0,4,13
S01006823,75 to 84,23,12,12,0,11,0,0,0,2,9
S01006823,85 and over,10,3,3,0,7,1,0,0,0,6
S01006824,All people aged 16 and over in households,643,328,222,106,315,195,2,18,60,40
S01006824,16 to 24,93,13,1,12,80,80,0,0,0,0
S01006824,25 to 34,124,75,34,41,49,46,0,1,2,0
S01006824,35 to 49,183,105,65,40,78,38,2,12,26,0
S01006824,50 to 64,138,79,66,13,59,23,0,5,23,8
S01006824,65 to 74,55,34,34,0,21,6,0,0,5,10
S01006824,75 to 84,34,19,19,0,15,0,0,0,3,12
S01006824,85 and over,16,3,3,0,13,2,0,0,1,10
S01006825,All people aged 16 and over in households,678,446,382,64,232,137,5,15,39,36
S01006825,16 to 24,95,12,2,10,83,83,0,0,0,0
S01006825,25 to 34,97,64,35,29,33,30,1,2,0,0
S01006825,35 to 49,162,127,120,7,35,15,0,8,12,0
S01006825,50 to 64,193,152,142,10,41,7,1,3,22,8
S01006825,65 to 74,99,77,70,7,22,1,1,2,5,13
S01006825,75 to 84,26,14,13,1,12,0,1,0,0,11
S01006825,85 and over,6,0,0,0,6,1,1,0,0,4
S01006826,All people aged 16 and over in households,718,508,464,44,210,132,1,11,27,39
S01006826,16 to 24,96,4,1,3,92,92,0,0,0,0
S01006826,25 to 34,44,28,19,9,16,15,0,1,0,0
S01006826,35 to 49,239,206,179,27,33,19,0,5,9,0
S01006826,50 to 64,199,171,166,5,28,5,1,3,12,7
S01006826,65 to 74,86,69,69,0,17,0,0,2,5,10
S01006826,75 to 84,46,29,29,0,17,0,0,0,1,16
S01006826,85 and over,8,1,1,0,7,1,0,0,0,6
S01006827,All people aged 16 and over in households,731,438,308,130,293,154,7,16,49,67
S01006827,16 to 24,77,17,1,16,60,60,0,0,0,0
S01006827,25 to 34,117,75,24,51,42,40,0,1,1,0
S01006827,35 to 49,194,138,97,41,56,30,1,9,14,2
S01006827,50 to 64,173,123,112,11,50,16,3,6,21,4
S01006827,65 to 74,100,63,57,6,37,6,1,0,9,21
S01006827,75 to 84,54,17,13,4,37,2,2,0,3,30
S01006827,85 and over,16,5,4,1,11,0,0,0,1,10
S01006828,All people aged 16 and over in households,797,450,334,116,347,203,9,24,57,54
S01006828,16 to 24,95,22,2,20,73,73,0,0,0,0
S01006828,25 to 34,119,66,31,35,53,46,3,4,0,0
S01006828,35 to 49,218,137,102,35,81,44,4,13,19,1
S01006828,50 to 64,171,120,98,22,51,15,2,3,22,9
S01006828,65 to 74,97,57,55,2,40,11,0,4,11,14
S01006828,75 to 84,73,38,36,2,35,11,0,0,4,20
S01006828,85 and over,24,10,10,0,14,3,0,0,1,10
S01006829,All people aged 16 and over in households,291,240,204,36,51,35,3,1,4,8
S01006829,16 to 24,31,7,0,7,24,24,0,0,0,0
S01006829,25 to 34,56,49,40,9,7,5,2,0,0,0
S01006829,35 to 49,139,127,113,14,12,4,1,1,4,2
S01006829,50 to 64,50,47,41,6,3,1,0,0,0,2
S01006829,65 to 74,10,8,8,0,2,0,0,0,0,2
S01006829,75 to 84,4,2,2,0,2,0,0,0,0,2
S01006829,85 and over,1,0,0,0,1,1,0,0,0,0
S01006830,All people aged 16 and over in households,627,382,326,56,245,153,6,14,35,37
S01006830,16 to 24,116,10,0,10,106,105,0,1,0,0
S01006830,25 to 34,56,31,18,13,25,22,2,0,1,0
S01006830,35 to 49,164,126,109,17,38,17,1,8,11,1
S01006830,50 to 64,163,121,107,14,42,9,1,4,18,10
S01006830,65 to 74,72,57,55,2,15,0,1,1,3,10
S01006830,75 to 84,45,31,31,0,14,0,0,0,2,12
S01006830,85 and over,11,6,6,0,5,0,1,0,0,4
S01006831,All people aged 16 and over in households,452,328,312,16,124,73,0,6,10,35
S01006831,16 to 24,45,0,0,0,45,45,0,0,0,0
S01006831,25 to 34,30,14,10,4,16,15,0,0,1,0
S01006831,35 to 49,106,95,87,8,11,5,0,3,1,2
S01006831,50 to 64,161,147,145,2,14,3,0,2,2,7
S01006831,65 to 74,81,58,56,2,23,4,0,1,4,14
S01006831,75 to 84,25,12,12,0,13,1,0,0,2,10
S01006831,85 and over,4,2,2,0,2,0,0,0,0,2
S01006832,All people aged 16 and over in households,836,554,482,72,282,168,7,13,40,54
S01006832,16 to 24,116,13,1,12,103,103,0,0,0,0
S01006832,25 to 34,106,72,50,22,34,33,0,1,0,0
S01006832,35 to 49,199,165,145,20,34,15,1,6,11,1
S01006832,50 to 64,241,192,176,16,49,9,4,6,21,9
S01006832,65 to 74,97,74,72,2,23,2,0,0,7,14
S01006832,75 to 84,52,26,26,0,26,6,2,0,1,17
S01006832,85 and over,25,12,12,0,13,0,0,0,0,13
S01006833,All people aged 16 and over in households,356,258,238,20,98,55,5,5,11,22
S01006833,16 to 24,44,4,1,3,40,40,0,0,0,0
S01006833,25 to 34,24,19,14,5,5,5,0,0,0,0
S01006833,35 to 49,92,78,70,8,14,7,0,2,5,0
S01006833,50 to 64,101,90,88,2,11,0,3,2,4,2
S01006833,65 to 74,57,46,45,1,11,1,0,1,2,7
S01006833,75 to 84,27,19,18,1,8,0,1,0,0,7
S01006833,85 and over,11,2,2,0,9,2,1,0,0,6
S01006834,All people aged 16 and over in households,375,262,216,46,113,84,7,5,10,7
S01006834,16 to 24,69,0,0,0,69,66,3,0,0,0
S01006834,25 to 34,53,41,34,7,12,9,3,0,0,0
S01006834,35 to 49,177,161,135,26,16,7,1,4,3,1
S01006834,50 to 64,68,53,40,13,15,2,0,1,7,5
S01006834,65 to 74,7,7,7,0,0,0,0,0,0,0
S01006834,75 to 84,1,0,0,0,1,0,0,0,0,1
S01006834,85 and over,0,0,0,0,0,0,0,0,0,0
S01006835,All people aged 16 and over in households,743,374,280,94,369,159,6,22,63,119
S01006835,16 to 24,76,16,3,13,60,60,0,0,0,0
S01006835,25 to 34,106,70,26,44,36,32,0,2,2,0
S01006835,35 to 49,155,95,74,21,60,34,3,7,13,3
S01006835,50 to 64,158,97,85,12,61,13,2,10,28,8
S01006835,65 to 74,86,48,45,3,38,6,0,2,11,19
S01006835,75 to 84,99,32,31,1,67,6,0,1,9,51
S01006835,85 and over,63,16,16,0,47,8,1,0,0,38
S01006836,All people aged 16 and over in households,372,256,204,52,116,65,7,15,21,8
S01006836,16 to 24,43,6,1,5,37,37,0,0,0,0
S01006836,25 to 34,70,53,30,23,17,15,0,2,0,0
S01006836,35 to 49,168,134,115,19,34,8,5,10,11,0
S01006836,50 to 64,70,53,49,4,17,3,2,3,8,1
S01006836,65 to 74,16,8,7,1,8,2,0,0,2,4
S01006836,75 to 84,4,1,1,0,3,0,0,0,0,3
S01006836,85 and over,1,1,1,0,0,0,0,0,0,0
S01006837,All people aged 16 and over in households,466,316,270,46,150,92,5,5,28,20
S01006837,16 to 24,52,3,1,2,49,49,0,0,0,0
S01006837,25 to 34,66,47,35,12,19,19,0,0,0,0
S01006837,35 to 49,153,120,92,28,33,14,1,4,14,0
S01006837,50 to 64,104,81,78,3,23,8,1,0,13,1
S01006837,65 to 74,67,56,56,0,11,1,3,0,1,6
S01006837,75 to 84,20,9,8,1,11,1,0,1,0,9
S01006837,85 and over,4,0,0,0,4,0,0,0,0,4
S01006838,All people aged 16 and over in households,510,352,312,40,158,97,3,9,25,24
S01006838,16 to 24,69,3,1,2,66,66,0,0,0,0
S01006838,25 to 34,63,43,37,6,20,18,0,1,1,0
S01006838,35 to 49,175,152,134,18,23,6,1,6,9,1
S01006838,50 to 64,148,124,111,13,24,6,2,1,11,4
S01006838,65 to 74,30,20,19,1,10,0,0,1,3,6
S01006838,75 to 84,18,10,10,0,8,1,0,0,1,6
S01006838,85 and over,7,0,0,0,7,0,0,0,0,7
S01006839,All people aged 16 and over in households,864,566,468,98,298,170,4,22,49,53
S01006839,16 to 24,96,15,3,12,81,81,0,0,0,0
S01006839,25 to 34,108,65,43,22,43,42,0,1,0,0
S01006839,35 to 49,213,156,128,28,57,29,0,10,17,1
S01006839,50 to 64,254,199,171,28,55,10,1,10,23,11
S01006839,65 to 74,115,92,84,8,23,6,1,1,6,9
S01006839,75 to 84,67,38,38,0,29,2,1,0,3,23
S01006839,85 and over,11,1,1,0,10,0,1,0,0,9
S01006840,All people aged 16 and over in households,793,598,548,50,195,132,3,9,23,28
S01006840,16 to 24,96,0,0,0,96,95,1,0,0,0
S01006840,25 to 34,90,68,52,16,22,19,0,2,1,0
S01006840,35 to 49,263,238,216,22,25,10,0,5,9,1
S01006840,50 to 64,203,179,167,12,24,4,1,2,13,4
S01006840,65 to 74,92,80,80,0,12,0,1,0,0,11
S01006840,75 to 84,38,28,28,0,10,3,0,0,0,7
S01006840,85 and over,11,5,5,0,6,1,0,0,0,5
S01006841,All people aged 16 and over in households,729,502,412,90,227,151,4,14,29,29
S01006841,16 to 24,110,8,0,8,102,101,1,0,0,0
S01006841,25 to 34,116,83,49,34,33,27,1,3,2,0
S01006841,35 to 49,257,226,193,33,31,15,0,7,6,3
S01006841,50 to 64,170,132,119,13,38,5,2,4,18,9
S01006841,65 to 74,57,45,44,1,12,1,0,0,3,8
S01006841,75 to 84,17,8,7,1,9,2,0,0,0,7
S01006841,85 and over,2,0,0,0,2,0,0,0,0,2
S01006842,All people aged 16 and over in households,678,476,424,52,202,135,2,11,23,31
S01006842,16 to 24,109,2,0,2,107,107,0,0,0,0
S01006842,25 to 34,58,35,23,12,23,21,0,2,0,0
S01006842,35 to 49,207,188,157,31,19,3,1,5,8,2
S01006842,50 to 64,188,165,158,7,23,4,0,3,13,3
S01006842,65 to 74,79,65,65,0,14,0,1,1,0,12
S01006842,75 to 84,35,21,21,0,14,0,0,0,2,12
S01006842,85 and over,2,0,0,0,2,0,0,0,0,2
S01006843,All people aged 16 and over in households,669,480,406,74,189,128,7,8,27,19
S01006843,16 to 24,101,3,0,3,98,98,0,0,0,0
S01006843,25 to 34,86,61,29,32,25,21,2,2,0,0
S01006843,35 to 49,246,211,180,31,35,9,3,4,17,2
S01006843,50 to 64,160,149,143,6,11,0,0,2,6,3
S01006843,65 to 74,49,41,39,2,8,0,1,0,3,4
S01006843,75 to 84,23,14,14,0,9,0,0,0,1,8
S01006843,85 and over,4,1,1,0,3,0,1,0,0,2
S01006844,All people aged 16 and over in households,587,344,262,82,243,140,5,18,40,40
S01006844,16 to 24,83,16,1,15,67,67,0,0,0,0
S01006844,25 to 34,100,62,40,22,38,34,1,1,2,0
S01006844,35 to 49,157,109,80,29,48,22,3,10,10,3
S01006844,50 to 64,160,109,97,12,51,15,0,6,22,8
S01006844,65 to 74,60,42,39,3,18,1,0,1,4,12
S01006844,75 to 84,22,6,5,1,16,0,1,0,2,13
S01006844,85 and over,5,0,0,0,5,1,0,0,0,4
S01006845,All people aged 16 and over in households,774,514,404,110,260,183,6,15,33,23
S01006845,16 to 24,124,8,0,8,116,115,0,1,0,0
S01006845,25 to 34,108,71,32,39,37,32,0,4,1,0
S01006845,35 to 49,261,223,176,47,38,18,2,4,13,1
S01006845,50 to 64,212,166,154,12,46,15,4,5,15,7
S01006845,65 to 74,44,35,32,3,9,1,0,1,2,5
S01006845,75 to 84,22,10,9,1,12,2,0,0,2,8
S01006845,85 and over,3,1,1,0,2,0,0,0,0,2
S01006846,All people aged 16 and over in households,474,320,260,60,154,96,1,10,24,23
S01006846,16 to 24,61,6,1,5,55,55,0,0,0,0
S01006846,25 to 34,74,54,19,35,20,17,0,3,0,0
S01006846,35 to 49,127,104,90,14,23,14,0,4,5,0
S01006846,50 to 64,131,96,92,4,35,9,1,3,16,6
S01006846,65 to 74,45,37,35,2,8,0,0,0,2,6
S01006846,75 to 84,27,18,18,0,9,1,0,0,1,7
S01006846,85 and over,9,5,5,0,4,0,0,0,0,4
S01006847,All people aged 16 and over in households,530,378,328,50,152,110,2,3,18,19
S01006847,16 to 24,91,8,1,7,83,83,0,0,0,0
S01006847,25 to 34,83,63,50,13,20,17,1,0,2,0
S01006847,35 to 49,188,167,142,25,21,8,1,2,7,3
S01006847,50 to 64,111,97,92,5,14,1,0,1,9,3
S01006847,65 to 74,34,30,30,0,4,1,0,0,0,3
S01006847,75 to 84,21,13,13,0,8,0,0,0,0,8
S01006847,85 and over,2,0,0,0,2,0,0,0,0,2
S01006848,All people aged 16 and over in households,733,530,454,76,203,123,12,14,28,26
S01006848,16 to 24,77,8,3,5,69,69,0,0,0,0
S01006848,25 to 34,65,42,26,16,23,22,0,1,0,0
S01006848,35 to 49,247,213,171,42,34,14,6,6,8,0
S01006848,50 to 64,214,180,169,11,34,9,5,4,13,3
S01006848,65 to 74,80,61,59,2,19,2,1,1,5,10
S01006848,75 to 84,46,26,26,0,20,6,0,2,1,11
S01006848,85 and over,4,0,0,0,4,1,0,0,1,2
S01006849,All people aged 16 and over in households,700,538,350,188,162,109,4,16,24,9
S01006849,16 to 24,98,37,7,30,61,60,1,0,0,0
S01006849,25 to 34,278,239,138,101,39,33,1,4,1,0
S01006849,35 to 49,223,180,125,55,43,14,1,11,14,3
S01006849,50 to 64,80,66,64,2,14,2,1,1,8,2
S01006849,65 to 74,13,11,11,0,2,0,0,0,0,2
S01006849,75 to 84,8,5,5,0,3,0,0,0,1,2
S01006849,85 and over,0,0,0,0,0,0,0,0,0,0
S01006850,All people aged 16 and over in households,767,480,366,114,287,195,3,19,44,26
S01006850,16 to 24,133,18,1,17,115,115,0,0,0,0
S01006850,25 to 34,144,94,63,31,50,46,1,2,1,0
S01006850,35 to 49,223,167,119,48,56,26,0,10,16,4
S01006850,50 to 64,200,158,142,16,42,6,1,6,22,7
S01006850,65 to 74,43,27,27,0,16,2,1,1,5,7
S01006850,75 to 84,21,15,13,2,6,0,0,0,0,6
S01006850,85 and over,3,1,1,0,2,0,0,0,0,2
S01006851,All people aged 16 and over in households,651,393,319,74,258,148,6,15,40,49
S01006851,16 to 24,100,14,1,13,86,86,0,0,0,0
S01006851,25 to 34,67,42,20,22,25,23,0,0,2,0
S01006851,35 to 49,185,134,106,28,51,24,2,8,17,0
S01006851,50 to 64,166,131,122,9,35,9,0,5,16,5
S01006851,65 to 74,71,48,47,1,23,3,2,2,4,12
S01006851,75 to 84,41,20,19,1,21,2,1,0,1,17
S01006851,85 and over,21,4,4,0,17,1,1,0,0,15
S01006852,All people aged 16 and over in households,492,344,292,52,148,92,5,8,19,24
S01006852,16 to 24,61,4,0,4,57,57,0,0,0,0
S01006852,25 to 34,60,37,17,20,23,19,3,0,1,0
S01006852,35 to 49,121,107,93,14,14,7,0,4,3,0
S01006852,50 to 64,153,128,114,14,25,6,2,3,11,3
S01006852,65 to 74,73,54,54,0,19,2,0,1,3,13
S01006852,75 to 84,20,14,14,0,6,1,0,0,1,4
S01006852,85 and over,4,0,0,0,4,0,0,0,0,4
S01006853,All people aged 16 and over in households,656,460,398,62,196,124,8,11,29,24
S01006853,16 to 24,78,4,0,4,74,74,0,0,0,0
S01006853,25 to 34,56,34,13,21,22,22,0,0,0,0
S01006853,35 to 49,223,189,163,26,34,18,1,5,10,0
S01006853,50 to 64,210,177,168,9,33,3,6,4,13,7
S01006853,65 to 74,62,46,44,2,16,5,1,1,5,4
S01006853,75 to 84,22,10,10,0,12,1,0,1,0,10
S01006853,85 and over,5,0,0,0,5,1,0,0,1,3
S01006854,All people aged 16 and over in households,707,501,446,55,206,121,6,5,42,32
S01006854,16 to 24,72,3,0,3,69,69,0,0,0,0
S01006854,25 to 34,60,41,32,9,19,18,0,0,1,0
S01006854,35 to 49,214,174,150,24,40,21,3,4,11,1
S01006854,50 to 64,198,165,149,16,33,9,0,1,21,2
S01006854,65 to 74,99,81,79,2,18,1,1,0,5,11
S01006854,75 to 84,57,35,34,1,22,3,2,0,4,13
S01006854,85 and over,7,2,2,0,5,0,0,0,0,5
S01006855,All people aged 16 and over in households,622,464,406,58,158,99,5,12,10,32
S01006855,16 to 24,60,7,0,7,53,53,0,0,0,0
S01006855,25 to 34,52,30,18,12,22,21,0,1,0,0
S01006855,35 to 49,201,177,147,30,24,8,2,7,6,1
S01006855,50 to 64,189,167,158,9,22,9,2,4,2,5
S01006855,65 to 74,70,59,59,0,11,0,1,0,2,8
S01006855,75 to 84,38,24,24,0,14,5,0,0,0,9
S01006855,85 and over,12,0,0,0,12,3,0,0,0,9
S01006856,All people aged 16 and over in households,518,388,332,56,130,82,0,4,20,24
S01006856,16 to 24,43,4,2,2,39,39,0,0,0,0
S01006856,25 to 34,61,40,25,15,21,20,0,0,1,0
S01006856,35 to 49,184,161,136,25,23,13,0,2,7,1
S01006856,50 to 64,138,123,111,12,15,4,0,1,6,4
S01006856,65 to 74,57,45,45,0,12,3,0,1,2,6
S01006856,75 to 84,34,15,13,2,19,3,0,0,4,12
S01006856,85 and over,1,0,0,0,1,0,0,0,0,1
S01006857,All people aged 16 and over in households,809,570,494,76,239,147,13,16,25,38
S01006857,16 to 24,98,12,6,6,86,85,0,1,0,0
S01006857,25 to 34,77,48,28,20,29,26,0,2,1,0
S01006857,35 to 49,232,196,162,34,36,17,5,7,7,0
S01006857,50 to 64,248,207,192,15,41,12,6,3,12,8
S01006857,65 to 74,98,78,78,0,20,4,1,3,4,8
S01006857,75 to 84,44,27,26,1,17,1,1,0,0,15
S01006857,85 and over,12,2,2,0,10,2,0,0,1,7
S01006858,All people aged 16 and over in households,518,386,342,44,132,93,5,4,7,23
S01006858,16 to 24,46,1,0,1,45,44,1,0,0,0
S01006858,25 to 34,53,28,18,10,25,23,2,0,0,0
S01006858,35 to 49,154,136,114,22,18,11,0,2,4,1
S01006858,50 to 64,171,153,142,11,18,10,1,2,3,2
S01006858,65 to 74,59,51,51,0,8,4,1,0,0,3
S01006858,75 to 84,27,16,16,0,11,0,0,0,0,11
S01006858,85 and over,8,1,1,0,7,1,0,0,0,6
S01006859,All people aged 16 and over in households,857,600,542,58,257,154,10,15,36,42
S01006859,16 to 24,118,14,2,12,104,103,1,0,0,0
S01006859,25 to 34,73,44,29,15,29,27,1,0,1,0
S01006859,35 to 49,243,217,196,21,26,10,3,4,8,1
S01006859,50 to 64,266,226,218,8,40,6,4,10,14,6
S01006859,65 to 74,88,70,70,0,18,2,0,1,7,8
S01006859,75 to 84,57,27,27,0,30,6,1,0,6,17
S01006859,85 and over,12,2,0,2,10,0,0,0,0,10
S01006860,All people aged 16 and over in households,465,258,218,40,207,102,8,8,35,54
S01006860,16 to 24,53,6,1,5,47,47,0,0,0,0
S01006860,25 to 34,55,28,16,12,27,22,3,0,1,1
S01006860,35 to 49,112,74,58,16,38,21,1,3,13,0
S01006860,50 to 64,114,81,77,4,33,8,3,2,14,6
S01006860,65 to 74,59,38,35,3,21,1,1,0,5,14
S01006860,75 to 84,49,24,24,0,25,3,0,2,2,18
S01006860,85 and over,23,7,7,0,16,0,0,1,0,15
S01006861,All people aged 16 and over in households,413,330,290,40,83,60,8,2,6,7
S01006861,16 to 24,45,0,0,0,45,44,0,0,0,1
S01006861,25 to 34,84,72,50,22,12,10,1,0,1,0
S01006861,35 to 49,205,188,172,16,17,6,7,1,2,1
S01006861,50 to 64,62,55,53,2,7,0,0,1,3,3
S01006861,65 to 74,13,13,13,0,0,0,0,0,0,0
S01006861,75 to 84,4,2,2,0,2,0,0,0,0,2
S01006861,85 and over,0,0,0,0,0,0,0,0,0,0
S01006862,All people aged 16 and over in households,575,380,326,54,195,97,7,5,36,50
S01006862,16 to 24,56,5,0,5,51,51,0,0,0,0
S01006862,25 to 34,67,46,20,26,21,20,1,0,0,0
S01006862,35 to 49,135,104,88,16,31,19,3,0,8,1
S01006862,50 to 64,159,132,125,7,27,3,2,3,15,4
S01006862,65 to 74,85,58,58,0,27,1,0,2,11,13
S01006862,75 to 84,52,29,29,0,23,1,1,0,2,19
S01006862,85 and over,21,6,6,0,15,2,0,0,0,13
S01006863,All people aged 16 and over in households,560,342,280,62,218,114,5,13,34,52
S01006863,16 to 24,66,7,2,5,59,59,0,0,0,0
S01006863,25 to 34,81,54,31,23,27,26,0,0,1,0
S01006863,35 to 49,145,113,93,20,32,13,3,7,9,0
S01006863,50 to 64,133,86,78,8,47,14,1,6,18,8
S01006863,65 to 74,61,44,41,3,17,2,1,0,5,9
S01006863,75 to 84,60,34,31,3,26,0,0,0,1,25
S01006863,85 and over,14,4,4,0,10,0,0,0,0,10
S01006864,All people aged 16 and over in households,311,198,132,66,113,69,5,9,21,9
S01006864,16 to 24,44,9,5,4,35,32,2,1,0,0
S01006864,25 to 34,86,59,24,35,27,21,3,1,2,0
S01006864,35 to 49,98,76,57,19,22,10,0,7,5,0
S01006864,50 to 64,64,43,35,8,21,5,0,0,14,2
S01006864,65 to 74,13,10,10,0,3,0,0,0,0,3
S01006864,75 to 84,5,1,1,0,4,1,0,0,0,3
S01006864,85 and over,1,0,0,0,1,0,0,0,0,1
S01006865,All people aged 16 and over in households,766,512,404,108,254,143,8,11,39,53
S01006865,16 to 24,92,26,9,17,66,63,1,1,0,1
S01006865,25 to 34,124,89,42,47,35,32,1,1,0,1
S01006865,35 to 49,171,128,97,31,43,31,0,5,7,0
S01006865,50 to 64,227,182,172,10,45,8,5,2,24,6
S01006865,65 to 74,89,57,55,2,32,8,0,2,6,16
S01006865,75 to 84,44,26,25,1,18,1,1,0,2,14
S01006865,85 and over,19,4,4,0,15,0,0,0,0,15
S01006866,All people aged 16 and over in households,455,334,302,32,121,73,1,4,9,34
S01006866,16 to 24,54,6,0,6,48,48,0,0,0,0
S01006866,25 to 34,35,18,9,9,17,15,1,1,0,0
S01006866,35 to 49,93,88,76,12,5,1,0,1,3,0
S01006866,50 to 64,152,136,132,4,16,6,0,2,5,3
S01006866,65 to 74,79,68,67,1,11,2,0,0,0,9
S01006866,75 to 84,32,16,16,0,16,1,0,0,0,15
S01006866,85 and over,10,2,2,0,8,0,0,0,1,7
S01006867,All people aged 16 and over in households,606,422,404,18,184,111,5,9,14,45
S01006867,16 to 24,70,1,1,0,69,68,0,1,0,0
S01006867,25 to 34,51,25,18,7,26,26,0,0,0,0
S01006867,35 to 49,112,98,91,7,14,7,2,2,2,1
S01006867,50 to 64,199,170,168,2,29,6,2,6,8,7
S01006867,65 to 74,97,81,81,0,16,2,0,0,3,11
S01006867,75 to 84,65,44,42,2,21,2,0,0,1,18
S01006867,85 and over,12,3,3,0,9,0,1,0,0,8
S01006868,All people aged 16 and over in households,709,460,394,66,249,139,3,14,35,58
S01006868,16 to 24,82,12,1,11,70,70,0,0,0,0
S01006868,25 to 34,72,35,18,17,37,33,0,2,2,0
S01006868,35 to 49,203,167,149,18,36,16,0,5,14,1
S01006868,50 to 64,179,147,133,14,32,12,1,4,12,3
S01006868,65 to 74,88,61,57,4,27,4,1,3,3,16
S01006868,75 to 84,62,32,30,2,30,3,1,0,3,23
S01006868,85 and over,23,6,6,0,17,1,0,0,1,15
S01006869,All people aged 16 and over in households,400,264,226,38,136,90,6,9,14,17
S01006869,16 to 24,64,12,1,11,52,52,0,0,0,0
S01006869,25 to 34,48,29,20,9,19,16,2,1,0,0
S01006869,35 to 49,106,86,71,15,20,8,1,3,8,0
S01006869,50 to 64,115,90,87,3,25,10,2,4,5,4
S01006869,65 to 74,45,36,36,0,9,2,0,1,1,5
S01006869,75 to 84,16,9,9,0,7,0,1,0,0,6
S01006869,85 and over,6,2,2,0,4,2,0,0,0,2
S01006870,All people aged 16 and over in households,395,266,240,26,129,82,2,4,16,25
S01006870,16 to 24,62,6,1,5,56,54,2,0,0,0
S01006870,25 to 34,29,18,13,5,11,11,0,0,0,0
S01006870,35 to 49,109,89,81,8,20,10,0,1,9,0
S01006870,50 to 64,90,77,69,8,13,4,0,3,5,1
S01006870,65 to 74,63,55,55,0,8,2,0,0,1,5
S01006870,75 to 84,34,17,17,0,17,1,0,0,1,15
S01006870,85 and over,8,4,4,0,4,0,0,0,0,4
S01006871,All people aged 16 and over in households,532,382,338,44,150,95,4,5,15,31
S01006871,16 to 24,62,2,0,2,60,60,0,0,0,0
S01006871,25 to 34,55,45,32,13,10,9,0,0,1,0
S01006871,35 to 49,159,134,115,19,25,14,3,4,4,0
S01006871,50 to 64,142,121,112,9,21,11,1,1,5,3
S01006871,65 to 74,56,43,43,0,13,0,0,0,4,9
S01006871,75 to 84,50,34,33,1,16,1,0,0,1,14
S01006871,85 and over,8,3,3,0,5,0,0,0,0,5
S01006872,All people aged 16 and over in households,532,416,368,48,116,71,5,5,7,28
S01006872,16 to 24,52,6,0,6,46,45,1,0,0,0
S01006872,25 to 34,45,33,18,15,12,11,0,0,1,0
S01006872,35 to 49,168,154,133,21,14,9,0,3,1,1
S01006872,50 to 64,171,149,143,6,22,5,4,1,4,8
S01006872,65 to 74,68,60,60,0,8,1,0,1,1,5
S01006872,75 to 84,21,14,14,0,7,0,0,0,0,7
S01006872,85 and over,7,0,0,0,7,0,0,0,0,7
S01006873,All people aged 16 and over in households,782,538,488,50,244,110,10,9,29,86
S01006873,16 to 24,62,7,3,4,55,54,1,0,0,0
S01006873,25 to 34,65,42,26,16,23,20,1,0,2,0
S01006873,35 to 49,181,156,136,20,25,9,2,6,8,0
S01006873,50 to 64,204,168,160,8,36,14,2,2,12,6
S01006873,65 to 74,105,85,83,2,20,3,0,1,4,12
S01006873,75 to 84,111,64,64,0,47,5,4,0,3,35
S01006873,85 and over,54,16,16,0,38,5,0,0,0,33
S01006874,All people aged 16 and over in households,472,324,272,52,148,106,7,4,21,10
S01006874,16 to 24,71,2,0,2,69,69,0,0,0,0
S01006874,25 to 34,44,27,5,22,17,16,1,0,0,0
S01006874,35 to 49,148,122,100,22,26,16,3,1,6,0
S01006874,50 to 64,141,121,115,6,20,4,1,2,11,2
S01006874,65 to 74,39,32,32,0,7,0,0,0,3,4
S01006874,75 to 84,23,19,19,0,4,0,2,1,0,1
S01006874,85 and over,6,1,1,0,5,1,0,0,1,3
S01006875,All people aged 16 and over in households,565,348,274,74,217,103,7,14,36,57
S01006875,16 to 24,66,11,1,10,55,55,0,0,0,0
S01006875,25 to 34,61,48,25,23,13,13,0,0,0,0
S01006875,35 to 49,141,98,77,21,43,16,3,9,12,3
S01006875,50 to 64,128,90,78,12,38,12,2,4,15,5
S01006875,65 to 74,87,64,58,6,23,4,1,1,4,13
S01006875,75 to 84,65,33,31,2,32,3,1,0,4,24
S01006875,85 and over,17,4,4,0,13,0,0,0,1,12
S01006876,All people aged 16 and over in households,795,538,450,88,257,172,8,14,28,35
S01006876,16 to 24,98,6,1,5,92,92,0,0,0,0
S01006876,25 to 34,72,44,21,23,28,26,0,2,0,0
S01006876,35 to 49,238,192,150,42,46,29,1,8,8,0
S01006876,50 to 64,235,194,178,16,41,15,5,1,17,3
S01006876,65 to 74,59,45,43,2,14,5,0,1,1,7
S01006876,75 to 84,74,53,53,0,21,4,1,2,2,12
S01006876,85 and over,19,4,4,0,15,1,1,0,0,13
S01006877,All people aged 16 and over in households,753,544,442,102,209,132,9,19,19,30
S01006877,16 to 24,89,14,2,12,75,75,0,0,0,0
S01006877,25 to 34,69,42,25,17,27,23,3,0,1,0
S01006877,35 to 49,258,220,179,41,38,15,4,10,9,0
S01006877,50 to 64,221,188,165,23,33,8,2,8,7,8
S01006877,65 to 74,65,51,44,7,14,6,0,1,0,7
S01006877,75 to 84,45,29,27,2,16,4,0,0,2,10
S01006877,85 and over,6,0,0,0,6,1,0,0,0,5
S01006878,All people aged 16 and over in households,585,388,318,70,197,97,1,8,41,50
S01006878,16 to 24,46,4,0,4,42,41,0,1,0,0
S01006878,25 to 34,41,26,15,11,15,13,0,1,1,0
S01006878,35 to 49,177,138,103,35,39,23,0,3,12,1
S01006878,50 to 64,165,126,112,14,39,8,0,2,19,10
S01006878,65 to 74,89,64,60,4,25,5,1,1,8,10
S01006878,75 to 84,49,24,22,2,25,6,0,0,0,19
S01006878,85 and over,18,6,6,0,12,1,0,0,1,10
S01006879,All people aged 16 and over in households,610,418,348,70,192,138,6,8,16,24
S01006879,16 to 24,72,14,3,11,58,58,0,0,0,0
S01006879,25 to 34,46,26,20,6,20,20,0,0,0,0
S01006879,35 to 49,177,141,106,35,36,28,2,2,4,0
S01006879,50 to 64,178,141,123,18,37,21,2,3,7,4
S01006879,65 to 74,92,68,68,0,24,8,2,2,4,8
S01006879,75 to 84,36,25,25,0,11,2,0,1,1,7
S01006879,85 and over,9,3,3,0,6,1,0,0,0,5
S01006880,All people aged 16 and over in households,470,366,314,52,104,64,2,9,10,19
S01006880,16 to 24,46,7,0,7,39,39,0,0,0,0
S01006880,25 to 34,63,48,38,10,15,12,1,1,1,0
S01006880,35 to 49,168,149,120,29,19,7,1,5,6,0
S01006880,50 to 64,123,113,107,6,10,3,0,2,2,3
S01006880,65 to 74,43,35,35,0,8,2,0,1,0,5
S01006880,75 to 84,19,12,12,0,7,1,0,0,1,5
S01006880,85 and over,8,2,2,0,6,0,0,0,0,6
S01006881,All people aged 16 and over in households,461,358,312,46,103,65,0,8,11,19
S01006881,16 to 24,43,5,0,5,38,38,0,0,0,0
S01006881,25 to 34,28,24,11,13,4,4,0,0,0,0
S01006881,35 to 49,152,133,113,20,19,11,0,5,3,0
S01006881,50 to 64,152,131,126,5,21,8,0,3,6,4
S01006881,65 to 74,55,48,47,1,7,4,0,0,2,1
S01006881,75 to 84,25,15,13,2,10,0,0,0,0,10
S01006881,85 and over,6,2,2,0,4,0,0,0,0,4
S01006882,All people aged 16 and over in households,336,178,148,30,158,67,5,6,14,66
S01006882,16 to 24,29,7,0,7,22,22,0,0,0,0
S01006882,25 to 34,30,12,5,7,18,15,2,1,0,0
S01006882,35 to 49,74,54,44,10,20,10,0,3,5,2
S01006882,50 to 64,84,65,60,5,19,8,0,1,4,6
S01006882,65 to 74,41,21,20,1,20,4,0,1,3,12
S01006882,75 to 84,49,15,15,0,34,4,3,0,2,25
S01006882,85 and over,29,4,4,0,25,4,0,0,0,21
S01006883,All people aged 16 and over in households,381,230,198,32,151,86,4,9,23,29
S01006883,16 to 24,42,5,1,4,37,37,0,0,0,0
S01006883,25 to 34,46,25,18,7,21,20,1,0,0,0
S01006883,35 to 49,104,73,61,12,31,20,0,6,5,0
S01006883,50 to 64,94,69,60,9,25,6,0,3,14,2
S01006883,65 to 74,43,29,29,0,14,2,1,0,3,8
S01006883,75 to 84,37,28,28,0,9,0,0,0,0,9
S01006883,85 and over,15,1,1,0,14,1,2,0,1,10
S01006884,All people aged 16 and over in households,727,453,388,65,274,143,9,15,30,77
S01006884,16 to 24,90,12,3,9,78,78,0,0,0,0
S01006884,25 to 34,66,37,27,10,29,29,0,0,0,0
S01006884,35 to 49,182,144,122,22,38,19,1,9,7,2
S01006884,50 to 64,193,147,128,19,46,11,7,5,14,9
S01006884,65 to 74,96,63,61,2,33,5,0,1,7,20
S01006884,75 to 84,72,44,43,1,28,0,0,0,2,26
S01006884,85 and over,28,6,4,2,22,1,1,0,0,20
S01006885,All people aged 16 and over in households,437,316,284,32,121,65,3,8,11,34
S01006885,16 to 24,45,5,0,5,40,40,0,0,0,0
S01006885,25 to 34,28,15,10,5,13,13,0,0,0,0
S01006885,35 to 49,112,95,83,12,17,6,1,7,3,0
S01006885,50 to 64,134,117,109,8,17,2,1,1,8,5
S01006885,65 to 74,59,50,49,1,9,1,0,0,0,8
S01006885,75 to 84,43,29,29,0,14,1,1,0,0,12
S01006885,85 and over,16,5,4,1,11,2,0,0,0,9
S01006886,All people aged 16 and over in households,617,440,382,58,177,94,4,11,36,32
S01006886,16 to 24,59,2,0,2,57,56,1,0,0,0
S01006886,25 to 34,36,21,6,15,15,10,0,4,1,0
S01006886,35 to 49,178,149,124,25,29,12,2,4,11,0
S01006886,50 to 64,233,188,172,16,45,12,0,3,20,10
S01006886,65 to 74,69,56,56,0,13,3,1,0,2,7
S01006886,75 to 84,35,21,21,0,14,0,0,0,2,12
S01006886,85 and over,7,3,3,0,4,1,0,0,0,3
S01006887,All people aged 16 and over in households,434,336,282,54,98,66,3,6,14,9
S01006887,16 to 24,46,5,1,4,41,40,0,0,1,0
S01006887,25 to 34,52,33,20,13,19,16,1,1,1,0
S01006887,35 to 49,169,155,133,22,14,6,0,4,3,1
S01006887,50 to 64,113,101,88,13,12,2,1,0,7,2
S01006887,65 to 74,38,35,33,2,3,0,0,1,1,1
S01006887,75 to 84,11,5,5,0,6,1,0,0,1,4
S01006887,85 and over,5,2,2,0,3,1,1,0,0,1
S01006888,All people aged 16 and over in households,624,450,378,72,174,120,3,9,23,19
S01006888,16 to 24,67,8,0,8,59,59,0,0,0,0
S01006888,25 to 34,77,53,32,21,24,21,0,0,2,1
S01006888,35 to 49,224,187,159,28,37,20,1,6,9,1
S01006888,50 to 64,153,125,111,14,28,15,2,3,6,2
S01006888,65 to 74,75,61,60,1,14,3,0,0,6,5
S01006888,75 to 84,23,15,15,0,8,1,0,0,0,7
S01006888,85 and over,5,1,1,0,4,1,0,0,0,3
S01006889,All people aged 16 and over in households,659,414,324,90,245,136,7,13,48,41
S01006889,16 to 24,78,11,3,8,67,67,0,0,0,0
S01006889,25 to 34,97,55,26,29,42,38,3,1,0,0
S01006889,35 to 49,146,107,76,31,39,21,2,5,11,0
S01006889,50 to 64,216,165,147,18,51,8,1,4,30,8
S01006889,65 to 74,87,57,53,4,30,1,1,3,7,18
S01006889,75 to 84,27,18,18,0,9,1,0,0,0,8
S01006889,85 and over,8,1,1,0,7,0,0,0,0,7
S01006890,All people aged 16 and over in households,519,380,326,54,139,86,0,7,20,26
S01006890,16 to 24,59,14,0,14,45,45,0,0,0,0
S01006890,25 to 34,61,34,19,15,27,25,0,1,1,0
S01006890,35 to 49,160,144,129,15,16,6,0,3,6,1
S01006890,50 to 64,150,124,114,10,26,6,0,3,12,5
S01006890,65 to 74,55,45,45,0,10,2,0,0,1,7
S01006890,75 to 84,27,17,17,0,10,2,0,0,0,8
S01006890,85 and over,7,2,2,0,5,0,0,0,0,5
S01006891,All people aged 16 and over in households,759,486,396,90,273,164,5,11,28,65
S01006891,16 to 24,87,8,1,7,79,79,0,0,0,0
S01006891,25 to 34,115,69,41,28,46,43,0,3,0,0
S01006891,35 to 49,212,176,139,37,36,18,2,6,9,1
S01006891,50 to 64,204,164,146,18,40,10,1,2,15,12
S01006891,65 to 74,70,47,47,0,23,9,1,0,3,10
S01006891,75 to 84,46,18,18,0,28,4,1,0,1,22
S01006891,85 and over,25,4,4,0,21,1,0,0,0,20
S01006892,All people aged 16 and over in households,493,298,222,76,195,101,6,18,44,26
S01006892,16 to 24,59,13,3,10,46,46,0,0,0,0
S01006892,25 to 34,79,52,29,23,27,24,1,1,1,0
S01006892,35 to 49,130,91,61,30,39,21,0,5,13,0
S01006892,50 to 64,136,93,81,12,43,7,3,7,19,7
S01006892,65 to 74,54,32,31,1,22,0,0,5,9,8
S01006892,75 to 84,26,12,12,0,14,3,2,0,2,7
S01006892,85 and over,9,5,5,0,4,0,0,0,0,4
S01006893,All people aged 16 and over in households,417,280,252,28,137,100,0,12,9,16
S01006893,16 to 24,60,1,1,0,59,59,0,0,0,0
S01006893,25 to 34,46,25,16,9,21,20,0,1,0,0
S01006893,35 to 49,125,99,82,17,26,14,0,8,3,1
S01006893,50 to 64,109,96,94,2,13,3,0,2,2,6
S01006893,65 to 74,50,43,43,0,7,3,0,0,3,1
S01006893,75 to 84,23,16,16,0,7,0,0,1,1,5
S01006893,85 and over,4,0,0,0,4,1,0,0,0,3
S01006894,All people aged 16 and over in households,816,518,450,68,298,162,2,14,43,77
S01006894,16 to 24,81,4,1,3,77,77,0,0,0,0
S01006894,25 to 34,75,36,21,15,39,36,0,2,1,0
S01006894,35 to 49,185,146,118,28,39,20,0,7,10,2
S01006894,50 to 64,235,193,179,14,42,9,0,4,19,10
S01006894,65 to 74,138,100,92,8,38,12,1,1,8,16
S01006894,75 to 84,78,34,34,0,44,8,1,0,2,33
S01006894,85 and over,24,5,5,0,19,0,0,0,3,16
S01006895,All people aged 16 and over in households,450,238,162,76,212,136,0,18,22,36
S01006895,16 to 24,56,10,3,7,46,45,0,1,0,0
S01006895,25 to 34,109,74,29,45,35,34,0,1,0,0
S01006895,35 to 49,108,57,39,18,51,33,0,11,7,0
S01006895,50 to 64,91,51,51,0,40,15,0,5,13,7
S01006895,65 to 74,47,30,27,3,17,4,0,0,2,11
S01006895,75 to 84,30,12,9,3,18,5,0,0,0,13
S01006895,85 and over,9,4,4,0,5,0,0,0,0,5
S01006896,All people aged 16 and over in households,669,438,354,84,231,131,6,18,31,45
S01006896,16 to 24,81,19,2,17,62,61,0,1,0,0
S01006896,25 to 34,106,65,24,41,41,33,1,3,4,0
S01006896,35 to 49,138,95,83,12,43,18,2,10,13,0
S01006896,50 to 64,180,146,137,9,34,12,3,4,9,6
S01006896,65 to 74,89,71,66,5,18,3,0,0,3,12
S01006896,75 to 84,56,41,41,0,15,1,0,0,1,13
S01006896,85 and over,19,1,1,0,18,3,0,0,1,14
S01006897,All people aged 16 and over in households,604,414,326,88,190,127,4,16,19,24
S01006897,16 to 24,91,14,0,14,77,76,1,0,0,0
S01006897,25 to 34,97,67,40,27,30,29,1,0,0,0
S01006897,35 to 49,158,126,94,32,32,12,2,11,7,0
S01006897,50 to 64,160,136,126,10,24,6,0,4,8,6
S01006897,65 to 74,66,56,52,4,10,1,0,1,4,4
S01006897,75 to 84,26,15,14,1,11,2,0,0,0,9
S01006897,85 and over,6,0,0,0,6,1,0,0,0,5
S01006898,All people aged 16 and over in households,613,394,312,82,219,141,2,12,30,34
S01006898,16 to 24,78,12,0,12,66,66,0,0,0,0
S01006898,25 to 34,66,40,26,14,26,25,0,1,0,0
S01006898,35 to 49,159,112,85,27,47,28,1,7,10,1
S01006898,50 to 64,192,155,131,24,37,12,1,3,15,6
S01006898,65 to 74,64,49,45,4,15,5,0,0,3,7
S01006898,75 to 84,46,22,22,0,24,5,0,1,2,16
S01006898,85 and over,8,4,3,1,4,0,0,0,0,4
S01006899,All people aged 16 and over in households,490,350,280,70,140,96,0,6,12,26
S01006899,16 to 24,62,8,1,7,54,54,0,0,0,0
S01006899,25 to 34,81,60,36,24,21,20,0,0,1,0
S01006899,35 to 49,186,161,134,27,25,14,0,3,6,2
S01006899,50 to 64,101,84,74,10,17,5,0,3,3,6
S01006899,65 to 74,32,25,24,1,7,0,0,0,2,5
S01006899,75 to 84,21,10,10,0,11,2,0,0,0,9
S01006899,85 and over,7,2,1,1,5,1,0,0,0,4
S01006900,All people aged 16 and over in households,504,344,270,74,160,104,2,10,15,29
S01006900,16 to 24,77,7,1,6,70,70,0,0,0,0
S01006900,25 to 34,93,72,35,37,21,19,1,1,0,0
S01006900,35 to 49,144,120,95,25,24,12,0,7,4,1
S01006900,50 to 64,120,107,101,6,13,3,0,1,7,2
S01006900,65 to 74,33,21,21,0,12,0,0,1,2,9
S01006900,75 to 84,27,14,14,0,13,0,0,0,2,11
S01006900,85 and over,10,3,3,0,7,0,1,0,0,6
S01006901,All people aged 16 and over in households,517,296,220,76,221,135,8,9,30,39
S01006901,16 to 24,83,16,0,16,67,67,0,0,0,0
S01006901,25 to 34,77,40,20,20,37,33,1,3,0,0
S01006901,35 to 49,115,76,47,29,39,22,1,4,10,2
S01006901,50 to 64,125,102,91,11,23,10,0,0,11,2
S01006901,65 to 74,60,41,41,0,19,1,2,0,7,9
S01006901,75 to 84,45,17,17,0,28,2,4,2,2,18
S01006901,85 and over,12,4,4,0,8,0,0,0,0,8
S01006902,All people aged 16 and over in households,540,330,282,48,210,135,6,12,29,28
S01006902,16 to 24,70,8,1,7,62,62,0,0,0,0
S01006902,25 to 34,84,47,35,12,37,33,2,0,2,0
S01006902,35 to 49,178,130,109,21,48,26,2,12,7,1
S01006902,50 to 64,126,98,91,7,28,8,1,0,15,4
S01006902,65 to 74,44,31,31,0,13,3,0,0,3,7
S01006902,75 to 84,33,15,14,1,18,2,1,0,2,13
S01006902,85 and over,5,1,1,0,4,1,0,0,0,3
S01006903,All people aged 16 and over in households,632,390,286,104,242,138,3,14,39,48
S01006903,16 to 24,78,18,3,15,60,59,1,0,0,0
S01006903,25 to 34,119,68,21,47,51,46,1,3,0,1
S01006903,35 to 49,164,118,90,28,46,17,1,7,20,1
S01006903,50 to 64,149,109,97,12,40,11,0,4,15,10
S01006903,65 to 74,70,52,52,0,18,3,0,0,2,13
S01006903,75 to 84,42,22,20,2,20,1,0,0,2,17
S01006903,85 and over,10,3,3,0,7,1,0,0,0,6
S01006904,All people aged 16 and over in households,572,322,238,84,250,128,5,18,37,62
S01006904,16 to 24,85,19,4,15,66,66,0,0,0,0
S01006904,25 to 34,84,51,23,28,33,25,2,4,2,0
S01006904,35 to 49,158,107,71,36,51,26,1,6,17,1
S01006904,50 to 64,106,79,74,5,27,2,2,8,12,3
S01006904,65 to 74,55,40,40,0,15,3,0,0,4,8
S01006904,75 to 84,67,23,23,0,44,4,0,0,2,38
S01006904,85 and over,17,3,3,0,14,2,0,0,0,12
S01006905,All people aged 16 and over in households,750,490,414,76,260,132,7,8,32,81
S01006905,16 to 24,79,4,0,4,75,73,2,0,0,0
S01006905,25 to 34,74,52,24,28,22,22,0,0,0,0
S01006905,35 to 49,150,115,83,32,35,18,2,6,8,1
S01006905,50 to 64,209,172,165,7,37,13,2,2,13,7
S01006905,65 to 74,120,92,89,3,28,3,1,0,6,18
S01006905,75 to 84,85,45,43,2,40,3,0,0,5,32
S01006905,85 and over,33,10,10,0,23,0,0,0,0,23
S01006906,All people aged 16 and over in households,732,398,332,66,334,163,4,20,50,97
S01006906,16 to 24,79,18,2,16,61,61,0,0,0,0
S01006906,25 to 34,83,45,22,23,38,33,1,1,3,0
S01006906,35 to 49,144,82,66,16,62,33,0,6,22,1
S01006906,50 to 64,168,115,108,7,53,19,0,9,15,10
S01006906,65 to 74,108,73,69,4,35,11,0,3,7,14
S01006906,75 to 84,108,55,55,0,53,4,2,1,2,44
S01006906,85 and over,42,10,10,0,32,2,1,0,1,28
S01006907,All people aged 16 and over in households,530,319,210,109,211,122,10,12,31,36
S01006907,16 to 24,77,30,4,26,47,47,0,0,0,0
S01006907,25 to 34,109,71,22,49,38,34,2,1,0,1
S01006907,35 to 49,121,81,55,26,40,20,6,4,9,1
S01006907,50 to 64,132,89,83,6,43,15,0,6,20,2
S01006907,65 to 74,38,30,30,0,8,1,0,1,0,6
S01006907,75 to 84,38,16,14,2,22,3,0,0,2,17
S01006907,85 and over,15,2,2,0,13,2,2,0,0,9
S01006908,All people aged 16 and over in households,713,358,246,112,355,193,19,17,46,80
S01006908,16 to 24,105,31,6,25,74,73,1,0,0,0
S01006908,25 to 34,130,57,17,40,73,62,8,2,1,0
S01006908,35 to 49,148,85,55,30,63,31,6,12,12,2
S01006908,50 to 64,155,97,85,12,58,17,3,3,25,10
S01006908,65 to 74,80,48,44,4,32,3,0,0,6,23
S01006908,75 to 84,71,33,32,1,38,5,1,0,1,31
S01006908,85 and over,24,7,7,0,17,2,0,0,1,14
S01006909,All people aged 16 and over in households,578,468,388,80,110,73,6,5,12,14
S01006909,16 to 24,52,3,2,1,49,49,0,0,0,0
S01006909,25 to 34,116,100,64,36,16,14,1,1,0,0
S01006909,35 to 49,216,192,158,34,24,7,3,4,7,3
S01006909,50 to 64,135,124,117,7,11,1,2,0,5,3
S01006909,65 to 74,33,31,29,2,2,0,0,0,0,2
S01006909,75 to 84,19,15,15,0,4,1,0,0,0,3
S01006909,85 and over,7,3,3,0,4,1,0,0,0,3
S01006910,All people aged 16 and over in households,701,500,406,94,201,116,6,18,35,26
S01006910,16 to 24,78,6,0,6,72,72,0,0,0,0
S01006910,25 to 34,106,84,44,40,22,19,0,2,1,0
S01006910,35 to 49,219,185,149,36,34,11,3,5,14,1
S01006910,50 to 64,211,174,163,11,37,5,1,11,15,5
S01006910,65 to 74,51,39,38,1,12,4,1,0,5,2
S01006910,75 to 84,28,11,11,0,17,4,0,0,0,13
S01006910,85 and over,8,1,1,0,7,1,1,0,0,5
S01006911,All people aged 16 and over in households,451,356,242,114,95,64,6,9,14,2
S01006911,16 to 24,49,14,3,11,35,35,0,0,0,0
S01006911,25 to 34,190,173,101,72,17,15,1,0,0,1
S01006911,35 to 49,164,131,101,30,33,14,5,7,7,0
S01006911,50 to 64,39,31,30,1,8,0,0,2,5,1
S01006911,65 to 74,8,6,6,0,2,0,0,0,2,0
S01006911,75 to 84,1,1,1,0,0,0,0,0,0,0
S01006911,85 and over,0,0,0,0,0,0,0,0,0,0
S01006912,All people aged 16 and over in households,369,262,224,38,107,72,7,8,9,11
S01006912,16 to 24,51,5,0,5,46,46,0,0,0,0
S01006912,25 to 34,38,25,11,14,13,12,1,0,0,0
S01006912,35 to 49,85,70,63,7,15,5,2,4,2,2
S01006912,50 to 64,130,111,102,9,19,7,2,3,6,1
S01006912,65 to 74,51,41,38,3,10,2,1,1,1,5
S01006912,75 to 84,10,8,8,0,2,0,1,0,0,1
S01006912,85 and over,4,2,2,0,2,0,0,0,0,2
S01006913,All people aged 16 and over in households,385,290,228,62,95,64,1,3,17,10
S01006913,16 to 24,45,4,3,1,41,41,0,0,0,0
S01006913,25 to 34,80,64,36,28,16,15,0,0,0,1
S01006913,35 to 49,167,149,127,22,18,6,1,2,8,1
S01006913,50 to 64,78,63,52,11,15,2,0,1,9,3
S01006913,65 to 74,10,8,8,0,2,0,0,0,0,2
S01006913,75 to 84,5,2,2,0,3,0,0,0,0,3
S01006913,85 and over,0,0,0,0,0,0,0,0,0,0
S01006914,All people aged 16 and over in households,585,434,384,50,151,104,3,10,16,18
S01006914,16 to 24,78,6,0,6,72,72,0,0,0,0
S01006914,25 to 34,55,42,30,12,13,12,0,1,0,0
S01006914,35 to 49,206,172,148,24,34,14,3,7,10,0
S01006914,50 to 64,171,156,148,8,15,3,0,2,4,6
S01006914,65 to 74,42,38,38,0,4,0,0,0,1,3
S01006914,75 to 84,21,15,15,0,6,3,0,0,1,2
S01006914,85 and over,12,5,5,0,7,0,0,0,0,7
S01006915,All people aged 16 and over in households,640,482,416,66,158,110,2,7,20,19
S01006915,16 to 24,74,4,0,4,70,70,0,0,0,0
S01006915,25 to 34,63,46,26,20,17,15,0,1,1,0
S01006915,35 to 49,203,181,152,29,22,14,1,3,4,0
S01006915,50 to 64,210,187,176,11,23,7,1,2,10,3
S01006915,65 to 74,59,49,47,2,10,2,0,1,2,5
S01006915,75 to 84,26,12,12,0,14,2,0,0,2,10
S01006915,85 and over,5,3,3,0,2,0,0,0,1,1
S01006916,All people aged 16 and over in households,395,268,210,58,127,88,2,14,19,4
S01006916,16 to 24,66,18,4,14,48,48,0,0,0,0
S01006916,25 to 34,103,70,40,30,33,26,1,2,4,0
S01006916,35 to 49,130,99,86,13,31,12,0,7,12,0
S01006916,50 to 64,70,59,58,1,11,1,1,5,3,1
S01006916,65 to 74,20,19,19,0,1,1,0,0,0,0
S01006916,75 to 84,5,3,3,0,2,0,0,0,0,2
S01006916,85 and over,1,0,0,0,1,0,0,0,0,1
S01006917,All people aged 16 and over in households,643,530,432,98,113,65,5,19,19,5
S01006917,16 to 24,50,4,1,3,46,45,1,0,0,0
S01006917,25 to 34,162,147,110,37,15,11,0,1,3,0
S01006917,35 to 49,344,306,255,51,38,9,2,16,11,0
S01006917,50 to 64,69,60,53,7,9,0,2,2,4,1
S01006917,65 to 74,12,9,9,0,3,0,0,0,1,2
S01006917,75 to 84,4,3,3,0,1,0,0,0,0,1
S01006917,85 and over,2,1,1,0,1,0,0,0,0,1
S01006918,All people aged 16 and over in households,376,290,234,56,86,52,0,8,5,21
S01006918,16 to 24,33,8,1,7,25,25,0,0,0,0
S01006918,25 to 34,77,68,38,30,9,9,0,0,0,0
S01006918,35 to 49,114,94,79,15,20,11,0,6,3,0
S01006918,50 to 64,80,71,67,4,9,4,0,1,2,2
S01006918,65 to 74,45,35,35,0,10,2,0,1,0,7
S01006918,75 to 84,24,13,13,0,11,1,0,0,0,10
S01006918,85 and over,3,1,1,0,2,0,0,0,0,2
S01006919,All people aged 16 and over in households,418,304,266,38,114,77,2,3,15,17
S01006919,16 to 24,49,2,0,2,47,47,0,0,0,0
S01006919,25 to 34,53,40,14,26,13,12,0,1,0,0
S01006919,35 to 49,91,74,66,8,17,11,1,1,4,0
S01006919,50 to 64,126,110,108,2,16,7,0,1,7,1
S01006919,65 to 74,61,50,50,0,11,0,0,0,4,7
S01006919,75 to 84,34,26,26,0,8,0,1,0,0,7
S01006919,85 and over,4,2,2,0,2,0,0,0,0,2
S01006920,All people aged 16 and over in households,409,254,206,48,155,81,1,12,24,37
S01006920,16 to 24,48,18,4,14,30,30,0,0,0,0
S01006920,25 to 34,82,54,34,20,28,27,1,0,0,0
S01006920,35 to 49,103,74,64,10,29,12,0,8,9,0
S01006920,50 to 64,67,48,45,3,19,6,0,2,10,1
S01006920,65 to 74,55,39,38,1,16,2,0,1,3,10
S01006920,75 to 84,36,18,18,0,18,2,0,1,1,14
S01006920,85 and over,18,3,3,0,15,2,0,0,1,12
S01006921,All people aged 16 and over in households,560,464,412,52,96,71,1,3,13,8
S01006921,16 to 24,48,1,1,0,47,47,0,0,0,0
S01006921,25 to 34,134,123,100,23,11,9,0,0,1,1
S01006921,35 to 49,245,221,203,18,24,12,1,3,6,2
S01006921,50 to 64,101,91,82,9,10,3,0,0,6,1
S01006921,65 to 74,23,23,23,0,0,0,0,0,0,0
S01006921,75 to 84,5,4,2,2,1,0,0,0,0,1
S01006921,85 and over,4,1,1,0,3,0,0,0,0,3
S01006922,All people aged 16 and over in households,407,298,244,54,109,69,7,5,12,16
S01006922,16 to 24,42,3,0,3,39,39,0,0,0,0
S01006922,25 to 34,52,35,16,19,17,15,2,0,0,0
S01006922,35 to 49,111,97,79,18,14,6,1,2,5,0
S01006922,50 to 64,119,104,92,12,15,2,4,2,4,3
S01006922,65 to 74,61,45,43,2,16,7,0,1,3,5
S01006922,75 to 84,18,11,11,0,7,0,0,0,0,7
S01006922,85 and over,4,3,3,0,1,0,0,0,0,1
S01006923,All people aged 16 and over in households,650,466,420,46,184,98,6,4,17,59
S01006923,16 to 24,56,6,2,4,50,50,0,0,0,0
S01006923,25 to 34,62,40,18,22,22,20,1,1,0,0
S01006923,35 to 49,155,132,122,10,23,16,1,1,5,0
S01006923,50 to 64,193,176,172,4,17,4,4,2,5,2
S01006923,65 to 74,86,62,56,6,24,2,0,0,4,18
S01006923,75 to 84,73,44,44,0,29,4,0,0,3,22
S01006923,85 and over,25,6,6,0,19,2,0,0,0,17
S01006924,All people aged 16 and over in households,439,318,272,46,121,83,2,9,10,17
S01006924,16 to 24,49,2,1,1,47,47,0,0,0,0
S01006924,25 to 34,52,35,27,8,17,17,0,0,0,0
S01006924,35 to 49,145,121,104,17,24,13,1,4,5,1
S01006924,50 to 64,137,121,107,14,16,5,1,4,3,3
S01006924,65 to 74,43,33,28,5,10,1,0,0,2,7
S01006924,75 to 84,13,6,5,1,7,0,0,1,0,6
S01006924,85 and over,0,0,0,0,0,0,0,0,0,0
S01006925,All people aged 16 and over in households,410,292,248,44,118,69,2,6,15,26
S01006925,16 to 24,38,5,0,5,33,33,0,0,0,0
S01006925,25 to 34,40,22,8,14,18,18,0,0,0,0
S01006925,35 to 49,103,80,65,15,23,15,0,5,3,0
S01006925,50 to 64,149,134,127,7,15,0,1,1,8,5
S01006925,65 to 74,45,33,30,3,12,3,1,0,4,4
S01006925,75 to 84,26,15,15,0,11,0,0,0,0,11
S01006925,85 and over,9,3,3,0,6,0,0,0,0,6
S01006926,All people aged 16 and over in households,538,434,370,64,104,67,5,10,9,13
S01006926,16 to 24,40,3,0,3,37,36,1,0,0,0
S01006926,25 to 34,114,96,63,33,18,17,0,1,0,0
S01006926,35 to 49,218,194,169,25,24,9,2,9,3,1
S01006926,50 to 64,116,104,101,3,12,2,1,0,4,5
S01006926,65 to 74,40,31,31,0,9,2,0,0,2,5
S01006926,75 to 84,9,6,6,0,3,1,0,0,0,2
S01006926,85 and over,1,0,0,0,1,0,1,0,0,0
S01006927,All people aged 16 and over in households,707,612,456,156,95,66,1,7,17,4
S01006927,16 to 24,46,16,2,14,30,30,0,0,0,0
S01006927,25 to 34,308,289,202,87,19,15,0,4,0,0
S01006927,35 to 49,274,244,200,44,30,19,0,3,8,0
S01006927,50 to 64,67,53,44,9,14,2,1,0,9,2
S01006927,65 to 74,8,7,6,1,1,0,0,0,0,1
S01006927,75 to 84,4,3,2,1,1,0,0,0,0,1
S01006927,85 and over,0,0,0,0,0,0,0,0,0,0
S01006928,All people aged 16 and over in households,825,540,446,94,285,167,17,16,43,42
S01006928,16 to 24,101,17,2,15,84,84,0,0,0,0
S01006928,25 to 34,141,90,62,28,51,43,3,0,5,0
S01006928,35 to 49,264,197,153,44,67,29,9,8,20,1
S01006928,50 to 64,200,155,149,6,45,7,5,6,15,12
S01006928,65 to 74,70,55,54,1,15,2,0,1,2,10
S01006928,75 to 84,37,23,23,0,14,2,0,1,1,10
S01006928,85 and over,12,3,3,0,9,0,0,0,0,9
S01006929,All people aged 16 and over in households,647,468,432,36,179,120,9,10,19,21
S01006929,16 to 24,102,4,0,4,98,97,1,0,0,0
S01006929,25 to 34,51,28,14,14,23,20,3,0,0,0
S01006929,35 to 49,209,193,179,14,16,1,2,7,5,1
S01006929,50 to 64,231,205,201,4,26,2,3,3,14,4
S01006929,65 to 74,30,27,27,0,3,0,0,0,0,3
S01006929,75 to 84,17,10,10,0,7,0,0,0,0,7
S01006929,85 and over,7,1,1,0,6,0,0,0,0,6
S01006930,All people aged 16 and over in households,762,548,490,58,214,152,6,7,18,31
S01006930,16 to 24,100,3,0,3,97,96,1,0,0,0
S01006930,25 to 34,80,46,26,20,34,32,0,1,1,0
S01006930,35 to 49,178,160,133,27,18,9,1,4,4,0
S01006930,50 to 64,288,255,247,8,33,10,3,2,8,10
S01006930,65 to 74,73,58,58,0,15,4,0,0,4,7
S01006930,75 to 84,38,25,25,0,13,1,0,0,1,11
S01006930,85 and over,5,1,1,0,4,0,1,0,0,3
S01006931,All people aged 16 and over in households,318,218,180,38,100,60,2,5,16,17
S01006931,16 to 24,37,2,0,2,35,35,0,0,0,0
S01006931,25 to 34,30,20,14,6,10,10,0,0,0,0
S01006931,35 to 49,102,85,62,23,17,8,0,2,7,0
S01006931,50 to 64,97,80,73,7,17,4,2,2,7,2
S01006931,65 to 74,23,17,17,0,6,0,0,0,0,6
S01006931,75 to 84,25,13,13,0,12,2,0,1,2,7
S01006931,85 and over,4,1,1,0,3,1,0,0,0,2
S01006932,All people aged 16 and over in households,433,308,250,58,125,104,2,3,14,2
S01006932,16 to 24,72,2,0,2,70,70,0,0,0,0
S01006932,25 to 34,90,66,41,25,24,22,0,1,1,0
S01006932,35 to 49,190,170,147,23,20,9,1,1,9,0
S01006932,50 to 64,68,60,55,5,8,1,1,1,4,1
S01006932,65 to 74,13,10,7,3,3,2,0,0,0,1
S01006932,75 to 84,0,0,0,0,0,0,0,0,0,0
S01006932,85 and over,0,0,0,0,0,0,0,0,0,0
S01006933,All people aged 16 and over in households,481,340,310,30,141,108,2,3,18,10
S01006933,16 to 24,73,0,0,0,73,73,0,0,0,0
S01006933,25 to 34,55,36,21,15,19,18,0,0,1,0
S01006933,35 to 49,148,126,120,6,22,15,1,0,4,2
S01006933,50 to 64,173,153,144,9,20,2,1,2,11,4
S01006933,65 to 74,25,22,22,0,3,0,0,1,2,0
S01006933,75 to 84,5,2,2,0,3,0,0,0,0,3
S01006933,85 and over,2,1,1,0,1,0,0,0,0,1
S01006934,All people aged 16 and over in households,465,322,274,48,143,80,3,8,20,32
S01006934,16 to 24,48,2,0,2,46,46,0,0,0,0
S01006934,25 to 34,59,40,20,20,19,18,1,0,0,0
S01006934,35 to 49,128,104,87,17,24,11,0,6,7,0
S01006934,50 to 64,137,118,109,9,19,3,2,2,8,4
S01006934,65 to 74,50,41,41,0,9,0,0,0,3,6
S01006934,75 to 84,34,15,15,0,19,2,0,0,2,15
S01006934,85 and over,9,2,2,0,7,0,0,0,0,7
S01006935,All people aged 16 and over in households,598,410,378,32,188,110,4,5,25,44
S01006935,16 to 24,73,6,1,5,67,67,0,0,0,0
S01006935,25 to 34,53,29,22,7,24,23,0,0,1,0
S01006935,35 to 49,129,112,102,10,17,6,1,4,5,1
S01006935,50 to 64,203,176,167,9,27,8,1,1,10,7
S01006935,65 to 74,77,59,58,1,18,2,2,0,8,6
S01006935,75 to 84,50,26,26,0,24,4,0,0,0,20
S01006935,85 and over,13,2,2,0,11,0,0,0,1,10
S01006936,All people aged 16 and over in households,521,338,296,42,183,98,1,3,40,41
S01006936,16 to 24,58,5,2,3,53,53,0,0,0,0
S01006936,25 to 34,66,42,23,19,24,23,0,0,1,0
S01006936,35 to 49,137,107,88,19,30,13,0,1,16,0
S01006936,50 to 64,145,109,108,1,36,6,1,2,19,8
S01006936,65 to 74,74,59,59,0,15,2,0,0,2,11
S01006936,75 to 84,35,16,16,0,19,0,0,0,1,18
S01006936,85 and over,6,0,0,0,6,1,0,0,1,4
S01006937,All people aged 16 and over in households,613,390,330,60,223,136,6,12,34,35
S01006937,16 to 24,70,10,2,8,60,59,1,0,0,0
S01006937,25 to 34,101,59,29,30,42,38,2,1,1,0
S01006937,35 to 49,161,118,104,14,43,19,1,7,15,1
S01006937,50 to 64,175,135,131,4,40,14,2,1,14,9
S01006937,65 to 74,58,34,32,2,24,6,0,3,4,11
S01006937,75 to 84,41,32,30,2,9,0,0,0,0,9
S01006937,85 and over,7,2,2,0,5,0,0,0,0,5
S01006938,All people aged 16 and over in households,456,296,244,52,160,71,3,8,30,48
S01006938,16 to 24,46,7,0,7,39,39,0,0,0,0
S01006938,25 to 34,71,57,33,24,14,14,0,0,0,0
S01006938,35 to 49,107,84,73,11,23,10,2,3,7,1
S01006938,50 to 64,114,86,77,9,28,5,0,4,17,2
S01006938,65 to 74,44,35,34,1,9,0,0,0,2,7
S01006938,75 to 84,49,23,23,0,26,2,0,1,1,22
S01006938,85 and over,25,4,4,0,21,1,1,0,3,16
S01006939,All people aged 16 and over in households,512,370,330,40,142,95,1,9,15,22
S01006939,16 to 24,69,5,0,5,64,64,0,0,0,0
S01006939,25 to 34,61,37,27,10,24,22,0,2,0,0
S01006939,35 to 49,141,122,105,17,19,8,0,4,5,2
S01006939,50 to 64,150,138,130,8,12,1,0,2,8,1
S01006939,65 to 74,60,50,50,0,10,0,1,1,2,6
S01006939,75 to 84,21,14,14,0,7,0,0,0,0,7
S01006939,85 and over,10,4,4,0,6,0,0,0,0,6
S01006940,All people aged 16 and over in households,787,516,448,68,271,181,10,14,30,36
S01006940,16 to 24,122,7,1,6,115,114,1,0,0,0
S01006940,25 to 34,111,67,32,35,44,42,1,0,1,0
S01006940,35 to 49,208,163,140,23,45,16,5,9,12,3
S01006940,50 to 64,229,191,189,2,38,8,3,5,12,10
S01006940,65 to 74,73,66,65,1,7,0,0,0,2,5
S01006940,75 to 84,31,18,18,0,13,1,0,0,3,9
S01006940,85 and over,13,4,3,1,9,0,0,0,0,9
S01006941,All people aged 16 and over in households,490,332,266,66,158,89,3,9,24,33
S01006941,16 to 24,61,6,1,5,55,55,0,0,0,0
S01006941,25 to 34,84,69,32,37,15,14,0,1,0,0
S01006941,35 to 49,148,127,115,12,21,11,1,4,4,1
S01006941,50 to 64,109,72,66,6,37,5,2,3,18,9
S01006941,65 to 74,56,43,37,6,13,3,0,0,1,9
S01006941,75 to 84,27,14,14,0,13,1,0,1,1,10
S01006941,85 and over,5,1,1,0,4,0,0,0,0,4
S01006942,All people aged 16 and over in households,842,606,542,64,236,165,1,13,20,37
S01006942,16 to 24,125,5,1,4,120,119,0,0,1,0
S01006942,25 to 34,98,72,56,16,26,23,0,3,0,0
S01006942,35 to 49,307,274,243,31,33,17,0,6,10,0
S01006942,50 to 64,196,179,170,9,17,2,1,3,5,6
S01006942,65 to 74,67,49,46,3,18,4,0,1,3,10
S01006942,75 to 84,35,22,21,1,13,0,0,0,1,12
S01006942,85 and over,14,5,5,0,9,0,0,0,0,9
S01006943,All people aged 16 and over in households,442,368,324,44,74,53,2,6,8,5
S01006943,16 to 24,47,2,0,2,45,45,0,0,0,0
S01006943,25 to 34,71,65,59,6,6,6,0,0,0,0
S01006943,35 to 49,249,238,207,31,11,2,1,4,3,1
S01006943,50 to 64,66,58,53,5,8,0,0,2,5,1
S01006943,65 to 74,8,5,5,0,3,0,1,0,0,2
S01006943,75 to 84,1,0,0,0,1,0,0,0,0,1
S01006943,85 and over,0,0,0,0,0,0,0,0,0,0
S01006944,All people aged 16 and over in households,621,464,306,158,157,111,1,9,27,9
S01006944,16 to 24,88,30,1,29,58,58,0,0,0,0
S01006944,25 to 34,202,166,99,67,36,33,0,2,0,1
S01006944,35 to 49,241,200,153,47,41,19,0,7,14,1
S01006944,50 to 64,76,58,45,13,18,1,1,0,13,3
S01006944,65 to 74,9,8,6,2,1,0,0,0,0,1
S01006944,75 to 84,3,2,2,0,1,0,0,0,0,1
S01006944,85 and over,2,0,0,0,2,0,0,0,0,2
S01006945,All people aged 16 and over in households,427,312,282,30,115,79,3,5,11,17
S01006945,16 to 24,55,4,2,2,51,51,0,0,0,0
S01006945,25 to 34,56,40,32,8,16,13,2,0,1,0
S01006945,35 to 49,115,97,85,12,18,9,1,4,3,1
S01006945,50 to 64,142,128,121,7,14,6,0,1,3,4
S01006945,65 to 74,41,36,35,1,5,0,0,0,2,3
S01006945,75 to 84,15,6,6,0,9,0,0,0,2,7
S01006945,85 and over,3,1,1,0,2,0,0,0,0,2
S01006946,All people aged 16 and over in households,650,462,356,106,188,128,1,13,18,28
S01006946,16 to 24,82,8,1,7,74,74,0,0,0,0
S01006946,25 to 34,111,84,30,54,27,25,0,2,0,0
S01006946,35 to 49,182,160,127,33,22,17,0,2,2,1
S01006946,50 to 64,191,150,140,10,41,9,0,9,13,10
S01006946,65 to 74,55,43,41,2,12,1,1,0,3,7
S01006946,75 to 84,23,16,16,0,7,0,0,0,0,7
S01006946,85 and over,6,1,1,0,5,2,0,0,0,3
S01006947,All people aged 16 and over in households,621,454,380,74,167,104,1,8,36,18
S01006947,16 to 24,73,9,1,8,64,64,0,0,0,0
S01006947,25 to 34,153,123,80,43,30,29,0,1,0,0
S01006947,35 to 49,255,222,204,18,33,9,1,4,15,4
S01006947,50 to 64,108,85,80,5,23,1,0,2,17,3
S01006947,65 to 74,20,13,13,0,7,1,0,1,3,2
S01006947,75 to 84,11,2,2,0,9,0,0,0,1,8
S01006947,85 and over,1,0,0,0,1,0,0,0,0,1
S01006948,All people aged 16 and over in households,732,512,432,80,220,121,9,11,23,56
S01006948,16 to 24,84,12,3,9,72,72,0,0,0,0
S01006948,25 to 34,84,62,32,30,22,20,0,1,1,0
S01006948,35 to 49,187,160,131,29,27,14,3,4,6,0
S01006948,50 to 64,211,176,164,12,35,4,3,5,11,12
S01006948,65 to 74,91,69,69,0,22,3,2,1,4,12
S01006948,75 to 84,53,27,27,0,26,6,1,0,1,18
S01006948,85 and over,22,6,6,0,16,2,0,0,0,14
S01006949,All people aged 16 and over in households,505,398,344,54,107,72,3,9,12,11
S01006949,16 to 24,44,2,2,0,42,42,0,0,0,0
S01006949,25 to 34,42,34,25,9,8,6,1,1,0,0
S01006949,35 to 49,198,170,139,31,28,16,1,4,5,2
S01006949,50 to 64,156,138,125,13,18,7,0,4,6,1
S01006949,65 to 74,49,44,43,1,5,0,1,0,1,3
S01006949,75 to 84,14,10,10,0,4,1,0,0,0,3
S01006949,85 and over,2,0,0,0,2,0,0,0,0,2
S01006950,All people aged 16 and over in households,382,318,192,126,64,38,4,5,14,3
S01006950,16 to 24,38,21,2,19,17,17,0,0,0,0
S01006950,25 to 34,165,145,86,59,20,14,3,1,2,0
S01006950,35 to 49,135,120,77,43,15,6,1,3,5,0
S01006950,50 to 64,36,27,23,4,9,0,0,1,7,1
S01006950,65 to 74,5,2,2,0,3,1,0,0,0,2
S01006950,75 to 84,3,3,2,1,0,0,0,0,0,0
S01006950,85 and over,0,0,0,0,0,0,0,0,0,0
S01006951,All people aged 16 and over in households,384,258,220,38,126,67,2,10,25,22
S01006951,16 to 24,45,6,0,6,39,39,0,0,0,0
S01006951,25 to 34,49,33,15,18,16,14,0,2,0,0
S01006951,35 to 49,99,81,74,7,18,8,0,2,7,1
S01006951,50 to 64,128,105,100,5,23,2,2,4,11,4
S01006951,65 to 74,40,24,24,0,16,4,0,1,6,5
S01006951,75 to 84,18,8,6,2,10,0,0,1,1,8
S01006951,85 and over,5,1,1,0,4,0,0,0,0,4
S01006952,All people aged 16 and over in households,712,472,408,64,240,145,4,18,37,36
S01006952,16 to 24,71,1,0,1,70,70,0,0,0,0
S01006952,25 to 34,78,41,26,15,37,32,1,3,1,0
S01006952,35 to 49,176,136,110,26,40,23,0,6,10,1
S01006952,50 to 64,241,201,181,20,40,7,2,8,18,5
S01006952,65 to 74,101,75,74,1,26,9,0,1,7,9
S01006952,75 to 84,34,15,14,1,19,2,1,0,1,15
S01006952,85 and over,11,3,3,0,8,2,0,0,0,6
S01006953,All people aged 16 and over in households,629,466,394,72,163,113,3,16,12,19
S01006953,16 to 24,80,7,3,4,73,73,0,0,0,0
S01006953,25 to 34,95,71,50,21,24,21,0,2,1,0
S01006953,35 to 49,216,186,152,34,30,17,1,8,3,1
S01006953,50 to 64,164,148,136,12,16,0,2,4,6,4
S01006953,65 to 74,53,40,39,1,13,1,0,2,2,8
S01006953,75 to 84,20,13,13,0,7,1,0,0,0,6
S01006953,85 and over,1,1,1,0,0,0,0,0,0,0
S01006954,All people aged 16 and over in households,665,510,428,82,155,111,1,5,15,23
S01006954,16 to 24,68,3,1,2,65,65,0,0,0,0
S01006954,25 to 34,94,69,39,30,25,23,1,0,1,0
S01006954,35 to 49,186,163,134,29,23,12,0,4,6,1
S01006954,50 to 64,214,197,182,15,17,5,0,1,6,5
S01006954,65 to 74,59,54,49,5,5,1,0,0,2,2
S01006954,75 to 84,37,23,22,1,14,4,0,0,0,10
S01006954,85 and over,7,1,1,0,6,1,0,0,0,5
S01006955,All people aged 16 and over in households,484,308,228,80,176,101,0,9,39,27
S01006955,16 to 24,49,4,1,3,45,45,0,0,0,0
S01006955,25 to 34,131,102,55,47,29,26,0,1,2,0
S01006955,35 to 49,132,97,72,25,35,23,0,3,9,0
S01006955,50 to 64,105,81,76,5,24,5,0,0,17,2
S01006955,65 to 74,38,16,16,0,22,1,0,2,8,11
S01006955,75 to 84,20,8,8,0,12,0,0,3,2,7
S01006955,85 and over,9,0,0,0,9,1,0,0,1,7
S01006956,All people aged 16 and over in households,815,610,486,124,205,137,5,14,32,17
S01006956,16 to 24,103,11,5,6,92,92,0,0,0,0
S01006956,25 to 34,198,172,123,49,26,20,1,1,3,1
S01006956,35 to 49,303,262,203,59,41,15,2,8,14,2
S01006956,50 to 64,161,131,124,7,30,6,2,5,12,5
S01006956,65 to 74,39,29,26,3,10,4,0,0,2,4
S01006956,75 to 84,10,5,5,0,5,0,0,0,1,4
S01006956,85 and over,1,0,0,0,1,0,0,0,0,1
S01006957,All people aged 16 and over in households,817,608,504,104,209,143,4,12,23,27
S01006957,16 to 24,104,8,0,8,96,95,1,0,0,0
S01006957,25 to 34,119,93,61,32,26,24,1,1,0,0
S01006957,35 to 49,297,263,225,38,34,14,1,5,12,2
S01006957,50 to 64,215,189,166,23,26,6,1,6,7,6
S01006957,65 to 74,42,35,32,3,7,0,0,0,3,4
S01006957,75 to 84,32,17,17,0,15,3,0,0,1,11
S01006957,85 and over,8,3,3,0,5,1,0,0,0,4
S01006958,All people aged 16 and over in households,785,542,480,62,243,101,4,15,37,86
S01006958,16 to 24,72,12,0,12,60,59,1,0,0,0
S01006958,25 to 34,63,47,25,22,16,15,0,1,0,0
S01006958,35 to 49,151,122,110,12,29,14,0,5,8,2
S01006958,50 to 64,241,193,182,11,48,8,1,8,18,13
S01006958,65 to 74,133,102,100,2,31,2,0,1,8,20
S01006958,75 to 84,100,58,55,3,42,3,0,0,3,36
S01006958,85 and over,25,8,8,0,17,0,2,0,0,15
S01006959,All people aged 16 and over in households,583,308,248,60,275,139,5,10,42,79
S01006959,16 to 24,56,5,0,5,51,51,0,0,0,0
S01006959,25 to 34,87,49,15,34,38,32,0,2,3,1
S01006959,35 to 49,131,86,77,9,45,31,1,3,8,2
S01006959,50 to 64,128,82,72,10,46,8,1,4,28,5
S01006959,65 to 74,68,38,37,1,30,9,2,0,3,16
S01006959,75 to 84,80,42,41,1,38,6,1,1,0,30
S01006959,85 and over,33,6,6,0,27,2,0,0,0,25
S01006960,All people aged 16 and over in households,671,508,448,60,163,110,4,11,26,12
S01006960,16 to 24,84,3,0,3,81,80,1,0,0,0
S01006960,25 to 34,104,88,65,23,16,15,0,0,1,0
S01006960,35 to 49,341,302,271,31,39,12,1,10,15,1
S01006960,50 to 64,113,96,93,3,17,1,2,1,8,5
S01006960,65 to 74,26,18,18,0,8,2,0,0,2,4
S01006960,75 to 84,3,1,1,0,2,0,0,0,0,2
S01006960,85 and over,0,0,0,0,0,0,0,0,0,0
S01006961,All people aged 16 and over in households,673,556,448,108,117,81,3,7,19,7
S01006961,16 to 24,70,6,0,6,64,64,0,0,0,0
S01006961,25 to 34,185,172,131,41,13,9,2,1,1,0
S01006961,35 to 49,294,268,219,49,26,7,1,5,11,2
S01006961,50 to 64,101,90,78,12,11,1,0,1,6,3
S01006961,65 to 74,15,13,13,0,2,0,0,0,1,1
S01006961,75 to 84,8,7,7,0,1,0,0,0,0,1
S01006961,85 and over,0,0,0,0,0,0,0,0,0,0
S01006962,All people aged 16 and over in households,778,554,460,94,224,127,3,7,24,63
S01006962,16 to 24,99,27,6,21,72,70,0,1,1,0
S01006962,25 to 34,107,78,37,41,29,25,1,2,1,0
S01006962,35 to 49,142,115,94,21,27,17,0,4,6,0
S01006962,50 to 64,206,180,174,6,26,11,2,0,10,3
S01006962,65 to 74,121,92,87,5,29,3,0,0,4,22
S01006962,75 to 84,78,56,56,0,22,1,0,0,2,19
S01006962,85 and over,25,6,6,0,19,0,0,0,0,19
S01006963,All people aged 16 and over in households,569,376,342,34,193,124,1,16,21,31
S01006963,16 to 24,87,8,3,5,79,79,0,0,0,0
S01006963,25 to 34,57,31,16,15,26,23,0,2,1,0
S01006963,35 to 49,147,116,105,11,31,16,1,10,4,0
S01006963,50 to 64,196,167,164,3,29,5,0,4,12,8
S01006963,65 to 74,53,41,41,0,12,0,0,0,4,8
S01006963,75 to 84,20,10,10,0,10,1,0,0,0,9
S01006963,85 and over,9,3,3,0,6,0,0,0,0,6
S01006964,All people aged 16 and over in households,636,388,292,96,248,163,1,11,45,28
S01006964,16 to 24,97,22,3,19,75,75,0,0,0,0
S01006964,25 to 34,125,71,32,39,54,51,0,2,1,0
S01006964,35 to 49,163,113,90,23,50,29,0,7,12,2
S01006964,50 to 64,184,143,131,12,41,6,1,2,24,8
S01006964,65 to 74,50,34,31,3,16,2,0,0,6,8
S01006964,75 to 84,15,5,5,0,10,0,0,0,1,9
S01006964,85 and over,2,0,0,0,2,0,0,0,1,1
S01006965,All people aged 16 and over in households,421,274,250,24,147,95,0,6,20,26
S01006965,16 to 24,59,8,2,6,51,51,0,0,0,0
S01006965,25 to 34,48,24,17,7,24,22,0,1,1,0
S01006965,35 to 49,91,69,62,7,22,15,0,3,3,1
S01006965,50 to 64,137,114,110,4,23,3,0,1,10,9
S01006965,65 to 74,59,45,45,0,14,3,0,1,4,6
S01006965,75 to 84,20,12,12,0,8,0,0,0,2,6
S01006965,85 and over,7,2,2,0,5,1,0,0,0,4
S01006966,All people aged 16 and over in households,489,274,212,62,215,113,2,14,42,44
S01006966,16 to 24,72,4,0,4,68,68,0,0,0,0
S01006966,25 to 34,80,49,27,22,31,25,0,5,0,1
S01006966,35 to 49,124,87,66,21,37,14,1,4,17,1
S01006966,50 to 64,120,85,73,12,35,5,0,3,22,5
S01006966,65 to 74,48,35,32,3,13,0,1,2,3,7
S01006966,75 to 84,33,11,11,0,22,1,0,0,0,21
S01006966,85 and over,12,3,3,0,9,0,0,0,0,9
S01006967,All people aged 16 and over in households,507,362,310,52,145,101,1,10,17,16
S01006967,16 to 24,76,5,1,4,71,71,0,0,0,0
S01006967,25 to 34,74,58,40,18,16,15,0,1,0,0
S01006967,35 to 49,155,128,104,24,27,11,0,6,9,1
S01006967,50 to 64,142,130,124,6,12,2,0,2,6,2
S01006967,65 to 74,42,30,30,0,12,2,0,0,2,8
S01006967,75 to 84,14,9,9,0,5,0,1,1,0,3
S01006967,85 and over,4,2,2,0,2,0,0,0,0,2
S01006968,All people aged 16 and over in households,434,298,250,48,136,70,0,12,24,30
S01006968,16 to 24,51,9,5,4,42,42,0,0,0,0
S01006968,25 to 34,69,54,31,23,15,12,0,3,0,0
S01006968,35 to 49,92,71,54,17,21,5,0,6,7,3
S01006968,50 to 64,137,115,112,3,22,5,0,1,12,4
S01006968,65 to 74,53,37,36,1,16,2,0,0,4,10
S01006968,75 to 84,27,12,12,0,15,3,0,2,1,9
S01006968,85 and over,5,0,0,0,5,1,0,0,0,4
S01006969,All people aged 16 and over in households,768,498,426,72,270,156,3,13,38,60
S01006969,16 to 24,95,20,8,12,75,75,0,0,0,0
S01006969,25 to 34,109,68,32,36,41,38,0,2,0,1
S01006969,35 to 49,197,149,132,17,48,28,1,6,11,2
S01006969,50 to 64,181,137,133,4,44,11,1,4,19,9
S01006969,65 to 74,103,77,77,0,26,1,1,1,7,16
S01006969,75 to 84,65,39,36,3,26,2,0,0,1,23
S01006969,85 and over,18,8,8,0,10,1,0,0,0,9
S01006970,All people aged 16 and over in households,564,426,372,54,138,99,0,5,15,19
S01006970,16 to 24,82,9,0,9,73,73,0,0,0,0
S01006970,25 to 34,65,45,26,19,20,20,0,0,0,0
S01006970,35 to 49,157,144,123,21,13,2,0,3,8,0
S01006970,50 to 64,181,166,161,5,15,3,0,2,4,6
S01006970,65 to 74,40,33,33,0,7,0,0,0,2,5
S01006970,75 to 84,32,24,24,0,8,0,0,0,1,7
S01006970,85 and over,7,5,5,0,2,1,0,0,0,1
S01006971,All people aged 16 and over in households,453,244,192,52,209,110,2,12,28,57
S01006971,16 to 24,67,8,0,8,59,59,0,0,0,0
S01006971,25 to 34,40,16,4,12,24,21,0,3,0,0
S01006971,35 to 49,94,63,40,23,31,15,0,6,9,1
S01006971,50 to 64,121,88,81,7,33,2,2,3,16,10
S01006971,65 to 74,63,46,45,1,17,8,0,0,2,7
S01006971,75 to 84,44,19,18,1,25,2,0,0,1,22
S01006971,85 and over,24,4,4,0,20,3,0,0,0,17
S01006972,All people aged 16 and over in households,422,292,246,46,130,93,4,7,8,18
S01006972,16 to 24,65,4,0,4,61,61,0,0,0,0
S01006972,25 to 34,44,27,16,11,17,15,0,2,0,0
S01006972,35 to 49,127,109,92,17,18,9,3,2,4,0
S01006972,50 to 64,130,117,105,12,13,5,1,1,3,3
S01006972,65 to 74,40,30,28,2,10,3,0,2,0,5
S01006972,75 to 84,13,5,5,0,8,0,0,0,1,7
S01006972,85 and over,3,0,0,0,3,0,0,0,0,3
S01006973,All people aged 16 and over in households,458,320,282,38,138,79,3,12,19,25
S01006973,16 to 24,42,7,0,7,35,35,0,0,0,0
S01006973,25 to 34,45,22,12,10,23,21,0,1,1,0
S01006973,35 to 49,117,96,85,11,21,11,2,5,2,1
S01006973,50 to 64,155,130,121,9,25,6,1,3,9,6
S01006973,65 to 74,76,56,55,1,20,1,0,3,7,9
S01006973,75 to 84,13,8,8,0,5,1,0,0,0,4
S01006973,85 and over,10,1,1,0,9,4,0,0,0,5
S01006974,All people aged 16 and over in households,811,582,506,76,229,146,3,19,29,32
S01006974,16 to 24,111,8,2,6,103,103,0,0,0,0
S01006974,25 to 34,97,79,47,32,18,14,1,3,0,0
S01006974,35 to 49,249,214,194,20,35,14,1,8,12,0
S01006974,50 to 64,242,210,198,12,32,10,1,6,11,4
S01006974,65 to 74,73,49,46,3,24,4,0,2,4,14
S01006974,75 to 84,29,16,13,3,13,1,0,0,2,10
S01006974,85 and over,10,6,6,0,4,0,0,0,0,4
S01006975,All people aged 16 and over in households,777,570,450,120,207,131,8,14,30,24
S01006975,16 to 24,63,3,0,3,60,60,0,0,0,0
S01006975,25 to 34,92,59,32,27,33,28,0,3,2,0
S01006975,35 to 49,273,238,171,67,35,20,4,6,5,0
S01006975,50 to 64,248,209,188,21,39,14,3,2,17,3
S01006975,65 to 74,64,44,42,2,20,4,0,2,5,9
S01006975,75 to 84,28,13,13,0,15,4,1,1,1,8
S01006975,85 and over,9,4,4,0,5,1,0,0,0,4
S01006976,All people aged 16 and over in households,375,280,242,38,95,63,5,7,11,9
S01006976,16 to 24,41,5,2,3,36,36,0,0,0,0
S01006976,25 to 34,34,18,12,6,16,14,1,1,0,0
S01006976,35 to 49,115,96,76,20,19,10,1,4,4,0
S01006976,50 to 64,133,119,112,7,14,2,1,2,6,3
S01006976,65 to 74,31,26,24,2,5,0,2,0,0,3
S01006976,75 to 84,18,14,14,0,4,1,0,0,1,2
S01006976,85 and over,3,2,2,0,1,0,0,0,0,1
S01006977,All people aged 16 and over in households,652,464,392,72,188,126,4,20,23,15
S01006977,16 to 24,83,6,0,6,77,77,0,0,0,0
S01006977,25 to 34,57,35,23,12,22,19,2,1,0,0
S01006977,35 to 49,237,203,166,37,34,18,2,9,3,2
S01006977,50 to 64,190,156,141,15,34,6,0,9,18,1
S01006977,65 to 74,54,46,44,2,8,0,0,1,2,5
S01006977,75 to 84,27,18,18,0,9,5,0,0,0,4
S01006977,85 and over,4,0,0,0,4,1,0,0,0,3
S01006978,All people aged 16 and over in households,718,492,412,80,226,140,5,12,31,38
S01006978,16 to 24,71,4,0,4,67,67,0,0,0,0
S01006978,25 to 34,86,52,26,26,34,33,1,0,0,0
S01006978,35 to 49,211,174,145,29,37,20,0,4,13,0
S01006978,50 to 64,213,177,160,17,36,14,3,5,10,4
S01006978,65 to 74,75,50,48,2,25,3,0,3,7,12
S01006978,75 to 84,52,31,30,1,21,3,1,0,1,16
S01006978,85 and over,10,4,3,1,6,0,0,0,0,6
S01006979,All people aged 16 and over in households,699,476,390,86,223,114,4,10,31,64
S01006979,16 to 24,63,4,1,3,59,58,0,0,1,0
S01006979,25 to 34,84,54,28,26,30,25,1,0,3,1
S01006979,35 to 49,179,145,104,41,34,17,1,6,10,0
S01006979,50 to 64,205,171,156,15,34,9,2,3,11,9
S01006979,65 to 74,83,68,67,1,15,3,0,1,3,8
S01006979,75 to 84,60,27,27,0,33,2,0,0,2,29
S01006979,85 and over,25,7,7,0,18,0,0,0,1,17
S01006980,All people aged 16 and over in households,687,496,436,60,191,127,12,9,16,27
S01006980,16 to 24,83,3,2,1,80,80,0,0,0,0
S01006980,25 to 34,75,48,30,18,27,24,1,0,1,1
S01006980,35 to 49,211,186,160,26,25,14,3,2,6,0
S01006980,50 to 64,213,182,170,12,31,4,6,6,7,8
S01006980,65 to 74,70,59,57,2,11,3,1,1,1,5
S01006980,75 to 84,26,15,14,1,11,1,1,0,1,8
S01006980,85 and over,9,3,3,0,6,1,0,0,0,5
S01006981,All people aged 16 and over in households,649,470,376,94,179,119,6,12,24,18
S01006981,16 to 24,77,8,2,6,69,69,0,0,0,0
S01006981,25 to 34,90,69,30,39,21,17,2,2,0,0
S01006981,35 to 49,190,159,125,34,31,18,0,5,8,0
S01006981,50 to 64,213,181,171,10,32,11,1,3,14,3
S01006981,65 to 74,51,35,30,5,16,2,2,2,2,8
S01006981,75 to 84,24,18,18,0,6,1,0,0,0,5
S01006981,85 and over,4,0,0,0,4,1,1,0,0,2
S01006982,All people aged 16 and over in households,683,476,374,102,207,114,4,22,27,40
S01006982,16 to 24,87,17,4,13,70,70,0,0,0,0
S01006982,25 to 34,112,87,56,31,25,23,1,0,1,0
S01006982,35 to 49,251,208,162,46,43,13,1,14,15,0
S01006982,50 to 64,142,108,99,9,34,7,1,7,9,10
S01006982,65 to 74,48,40,37,3,8,0,0,1,0,7
S01006982,75 to 84,37,16,16,0,21,1,1,0,2,17
S01006982,85 and over,6,0,0,0,6,0,0,0,0,6
S01006983,All people aged 16 and over in households,581,410,334,76,171,104,4,16,20,27
S01006983,16 to 24,70,11,2,9,59,59,0,0,0,0
S01006983,25 to 34,76,46,28,18,30,25,1,3,1,0
S01006983,35 to 49,184,151,124,27,33,13,1,9,10,0
S01006983,50 to 64,169,144,125,19,25,5,2,3,9,6
S01006983,65 to 74,61,49,47,2,12,2,0,1,0,9
S01006983,75 to 84,13,9,8,1,4,0,0,0,0,4
S01006983,85 and over,8,0,0,0,8,0,0,0,0,8
S01006984,All people aged 16 and over in households,566,396,328,68,170,108,8,14,19,21
S01006984,16 to 24,74,8,0,8,66,66,0,0,0,0
S01006984,25 to 34,61,43,24,19,18,17,0,1,0,0
S01006984,35 to 49,196,161,131,30,35,13,5,11,5,1
S01006984,50 to 64,154,130,121,9,24,8,2,1,9,4
S01006984,65 to 74,58,46,44,2,12,1,1,0,3,7
S01006984,75 to 84,18,8,8,0,10,2,0,1,1,6
S01006984,85 and over,5,0,0,0,5,1,0,0,1,3
S01006985,All people aged 16 and over in households,837,566,474,92,271,152,2,15,43,59
S01006985,16 to 24,104,15,0,15,89,89,0,0,0,0
S01006985,25 to 34,94,58,33,25,36,33,0,1,2,0
S01006985,35 to 49,231,195,164,31,36,19,1,8,7,1
S01006985,50 to 64,225,185,168,17,40,4,1,5,22,8
S01006985,65 to 74,99,69,65,4,30,4,0,1,11,14
S01006985,75 to 84,71,44,44,0,27,3,0,0,1,23
S01006985,85 and over,13,0,0,0,13,0,0,0,0,13
S01006986,All people aged 16 and over in households,486,346,268,78,140,83,2,9,23,23
S01006986,16 to 24,65,14,2,12,51,51,0,0,0,0
S01006986,25 to 34,117,93,59,34,24,18,1,0,4,1
S01006986,35 to 49,163,136,107,29,27,10,0,5,9,3
S01006986,50 to 64,98,84,81,3,14,3,1,3,7,0
S01006986,65 to 74,23,15,15,0,8,1,0,0,2,5
S01006986,75 to 84,11,0,0,0,11,0,0,1,1,9
S01006986,85 and over,9,4,4,0,5,0,0,0,0,5
S01006987,All people aged 16 and over in households,546,354,302,52,192,93,7,14,32,46
S01006987,16 to 24,55,8,0,8,47,46,0,1,0,0
S01006987,25 to 34,70,48,34,14,22,17,2,0,3,0
S01006987,35 to 49,132,101,77,24,31,18,1,4,8,0
S01006987,50 to 64,152,114,108,6,38,8,4,6,16,4
S01006987,65 to 74,73,52,52,0,21,1,0,2,4,14
S01006987,75 to 84,48,30,30,0,18,2,0,1,1,14
S01006987,85 and over,16,1,1,0,15,1,0,0,0,14
S01006988,All people aged 16 and over in households,452,330,262,68,122,83,1,14,14,10
S01006988,16 to 24,58,5,3,2,53,52,0,0,1,0
S01006988,25 to 34,71,55,38,17,16,14,1,1,0,0
S01006988,35 to 49,190,162,124,38,28,14,0,8,6,0
S01006988,50 to 64,91,77,69,8,14,3,0,5,4,2
S01006988,65 to 74,29,24,22,2,5,0,0,0,3,2
S01006988,75 to 84,11,7,6,1,4,0,0,0,0,4
S01006988,85 and over,2,0,0,0,2,0,0,0,0,2
S01006989,All people aged 16 and over in households,794,582,530,52,212,145,2,13,22,30
S01006989,16 to 24,94,3,1,2,91,91,0,0,0,0
S01006989,25 to 34,90,61,47,14,29,28,0,1,0,0
S01006989,35 to 49,259,231,210,21,28,18,0,5,4,1
S01006989,50 to 64,259,216,206,10,43,6,2,7,14,14
S01006989,65 to 74,66,56,52,4,10,1,0,0,2,7
S01006989,75 to 84,23,14,13,1,9,1,0,0,2,6
S01006989,85 and over,3,1,1,0,2,0,0,0,0,2
S01006990,All people aged 16 and over in households,654,514,428,86,140,100,4,12,15,9
S01006990,16 to 24,69,2,2,0,67,67,0,0,0,0
S01006990,25 to 34,155,131,90,41,24,22,0,2,0,0
S01006990,35 to 49,280,256,217,39,24,5,2,8,9,0
S01006990,50 to 64,109,95,89,6,14,3,2,2,4,3
S01006990,65 to 74,26,19,19,0,7,3,0,0,2,2
S01006990,75 to 84,12,10,10,0,2,0,0,0,0,2
S01006990,85 and over,3,1,1,0,2,0,0,0,0,2
S01006991,All people aged 16 and over in households,371,216,174,42,155,68,1,10,29,47
S01006991,16 to 24,37,12,3,9,25,24,0,0,0,1
S01006991,25 to 34,38,21,8,13,17,15,0,1,1,0
S01006991,35 to 49,87,61,50,11,26,13,0,5,8,0
S01006991,50 to 64,99,65,57,8,34,10,1,3,18,2
S01006991,65 to 74,46,36,35,1,10,1,0,1,2,6
S01006991,75 to 84,44,13,13,0,31,2,0,0,0,29
S01006991,85 and over,20,8,8,0,12,3,0,0,0,9
S01006992,All people aged 16 and over in households,501,376,334,42,125,88,3,5,17,12
S01006992,16 to 24,57,3,0,3,54,54,0,0,0,0
S01006992,25 to 34,63,51,40,11,12,11,0,0,1,0
S01006992,35 to 49,145,120,97,23,25,11,1,4,8,1
S01006992,50 to 64,156,139,135,4,17,8,1,1,5,2
S01006992,65 to 74,66,54,53,1,12,3,0,0,3,6
S01006992,75 to 84,11,9,9,0,2,0,1,0,0,1
S01006992,85 and over,3,0,0,0,3,1,0,0,0,2
S01006993,All people aged 16 and over in households,433,312,274,38,121,79,0,15,15,12
S01006993,16 to 24,54,7,0,7,47,47,0,0,0,0
S01006993,25 to 34,39,28,18,10,11,11,0,0,0,0
S01006993,35 to 49,144,117,107,10,27,14,0,7,5,1
S01006993,50 to 64,131,107,96,11,24,7,0,6,8,3
S01006993,65 to 74,46,37,37,0,9,0,0,2,2,5
S01006993,75 to 84,14,13,13,0,1,0,0,0,0,1
S01006993,85 and over,5,3,3,0,2,0,0,0,0,2
S01006994,All people aged 16 and over in households,481,328,280,48,153,106,1,12,20,14
S01006994,16 to 24,64,2,0,2,62,62,0,0,0,0
S01006994,25 to 34,47,30,23,7,17,16,0,1,0,0
S01006994,35 to 49,146,112,87,25,34,14,0,9,11,0
S01006994,50 to 64,162,142,128,14,20,7,1,2,8,2
S01006994,65 to 74,38,30,30,0,8,2,0,0,1,5
S01006994,75 to 84,21,12,12,0,9,4,0,0,0,5
S01006994,85 and over,3,0,0,0,3,1,0,0,0,2
S01006995,All people aged 16 and over in households,673,502,394,108,171,111,2,18,19,21
S01006995,16 to 24,77,20,6,14,57,57,0,0,0,0
S01006995,25 to 34,95,64,34,30,31,26,0,3,1,1
S01006995,35 to 49,220,177,134,43,43,16,2,12,12,1
S01006995,50 to 64,171,150,134,16,21,10,0,3,4,4
S01006995,65 to 74,75,65,62,3,10,2,0,0,1,7
S01006995,75 to 84,32,24,22,2,8,0,0,0,0,8
S01006995,85 and over,3,2,2,0,1,0,0,0,1,0
S01006996,All people aged 16 and over in households,604,426,338,88,178,109,4,13,15,37
S01006996,16 to 24,88,16,4,12,72,72,0,0,0,0
S01006996,25 to 34,95,74,42,32,21,18,1,2,0,0
S01006996,35 to 49,209,183,150,33,26,7,2,7,8,2
S01006996,50 to 64,113,94,83,11,19,7,1,3,4,4
S01006996,65 to 74,49,36,36,0,13,2,0,1,2,8
S01006996,75 to 84,37,20,20,0,17,1,0,0,1,15
S01006996,85 and over,13,3,3,0,10,2,0,0,0,8
S01006997,All people aged 16 and over in households,603,444,382,62,159,105,5,8,16,25
S01006997,16 to 24,75,3,0,3,72,72,0,0,0,0
S01006997,25 to 34,72,59,43,16,13,12,0,0,1,0
S01006997,35 to 49,228,206,178,28,22,10,3,3,5,1
S01006997,50 to 64,157,128,116,12,29,7,2,5,8,7
S01006997,65 to 74,43,33,30,3,10,2,0,0,1,7
S01006997,75 to 84,20,13,13,0,7,2,0,0,0,5
S01006997,85 and over,8,2,2,0,6,0,0,0,1,5
S01006998,All people aged 16 and over in households,899,654,524,130,245,154,4,15,31,41
S01006998,16 to 24,93,11,2,9,82,82,0,0,0,0
S01006998,25 to 34,127,95,49,46,32,29,0,2,1,0
S01006998,35 to 49,267,224,174,50,43,21,2,7,10,3
S01006998,50 to 64,265,226,207,19,39,13,1,4,15,6
S01006998,65 to 74,77,60,57,3,17,3,0,1,3,10
S01006998,75 to 84,49,32,29,3,17,5,1,0,2,9
S01006998,85 and over,21,6,6,0,15,1,0,1,0,13
S01006999,All people aged 16 and over in households,700,506,432,74,194,128,4,14,24,24
S01006999,16 to 24,77,7,0,7,70,70,0,0,0,0
S01006999,25 to 34,82,55,21,34,27,25,0,1,1,0
S01006999,35 to 49,198,162,138,24,36,18,2,6,9,1
S01006999,50 to 64,219,188,180,8,31,12,0,5,10,4
S01006999,65 to 74,82,69,68,1,13,3,0,1,2,7
S01006999,75 to 84,34,22,22,0,12,0,2,1,1,8
S01006999,85 and over,8,3,3,0,5,0,0,0,1,4
S01007000,All people aged 16 and over in households,766,516,420,96,250,138,5,19,28,60
S01007000,16 to 24,94,18,4,14,76,76,0,0,0,0
S01007000,25 to 34,108,89,55,34,19,17,0,2,0,0
S01007000,35 to 49,210,172,141,31,38,17,1,11,8,1
S01007000,50 to 64,173,135,125,10,38,8,2,4,18,6
S01007000,65 to 74,107,77,72,5,30,13,1,1,0,15
S01007000,75 to 84,66,25,23,2,41,6,1,1,2,31
S01007000,85 and over,8,0,0,0,8,1,0,0,0,7
S01007001,All people aged 16 and over in households,734,492,410,82,242,128,7,15,41,51
S01007001,16 to 24,92,13,1,12,79,78,1,0,0,0
S01007001,25 to 34,75,55,24,31,20,19,0,0,1,0
S01007001,35 to 49,229,184,162,22,45,17,1,8,15,4
S01007001,50 to 64,167,127,111,16,40,6,4,6,21,3
S01007001,65 to 74,99,77,76,1,22,8,1,1,2,10
S01007001,75 to 84,55,33,33,0,22,0,0,0,2,20
S01007001,85 and over,17,3,3,0,14,0,0,0,0,14
S01007002,All people aged 16 and over in households,448,322,240,82,126,86,1,8,9,22
S01007002,16 to 24,52,8,1,7,44,44,0,0,0,0
S01007002,25 to 34,91,73,37,36,18,16,0,1,1,0
S01007002,35 to 49,129,111,87,24,18,11,0,4,3,0
S01007002,50 to 64,106,84,72,12,22,11,1,3,4,3
S01007002,65 to 74,42,33,31,2,9,2,0,0,1,6
S01007002,75 to 84,22,10,9,1,12,2,0,0,0,10
S01007002,85 and over,6,3,3,0,3,0,0,0,0,3
S01007003,All people aged 16 and over in households,425,306,262,44,119,82,1,6,13,17
S01007003,16 to 24,49,6,0,6,43,43,0,0,0,0
S01007003,25 to 34,57,35,24,11,22,20,0,0,2,0
S01007003,35 to 49,128,112,96,16,16,7,1,3,5,0
S01007003,50 to 64,112,96,88,8,16,9,0,3,1,3
S01007003,65 to 74,45,36,34,2,9,0,0,0,5,4
S01007003,75 to 84,32,21,20,1,11,3,0,0,0,8
S01007003,85 and over,2,0,0,0,2,0,0,0,0,2
S01007004,All people aged 16 and over in households,588,412,352,60,176,109,4,12,27,24
S01007004,16 to 24,70,8,0,8,62,62,0,0,0,0
S01007004,25 to 34,51,31,14,17,20,19,0,0,1,0
S01007004,35 to 49,170,134,110,24,36,16,2,8,9,1
S01007004,50 to 64,198,169,158,11,29,6,0,3,16,4
S01007004,65 to 74,61,47,47,0,14,4,1,1,1,7
S01007004,75 to 84,33,21,21,0,12,2,1,0,0,9
S01007004,85 and over,5,2,2,0,3,0,0,0,0,3
S01007005,All people aged 16 and over in households,729,548,480,68,181,127,3,8,22,21
S01007005,16 to 24,89,5,2,3,84,84,0,0,0,0
S01007005,25 to 34,47,32,19,13,15,15,0,0,0,0
S01007005,35 to 49,226,201,167,34,25,14,2,4,2,3
S01007005,50 to 64,249,218,200,18,31,7,0,4,17,3
S01007005,65 to 74,71,62,62,0,9,3,1,0,2,3
S01007005,75 to 84,35,27,27,0,8,3,0,0,1,4
S01007005,85 and over,12,3,3,0,9,1,0,0,0,8
S01007006,All people aged 16 and over in households,733,508,426,82,225,144,6,10,27,38
S01007006,16 to 24,77,18,7,11,59,59,0,0,0,0
S01007006,25 to 34,78,49,29,20,29,29,0,0,0,0
S01007006,35 to 49,208,174,142,32,34,20,0,6,7,1
S01007006,50 to 64,209,166,150,16,43,20,2,4,13,4
S01007006,65 to 74,101,74,71,3,27,9,2,0,6,10
S01007006,75 to 84,50,25,25,0,25,6,2,0,1,16
S01007006,85 and over,10,2,2,0,8,1,0,0,0,7
S01007007,All people aged 16 and over in households,672,478,414,64,194,107,5,13,31,38
S01007007,16 to 24,70,4,4,0,66,64,0,0,2,0
S01007007,25 to 34,55,35,25,10,20,17,0,1,2,0
S01007007,35 to 49,204,174,145,29,30,16,2,9,3,0
S01007007,50 to 64,217,186,166,20,31,3,2,3,18,5
S01007007,65 to 74,86,59,54,5,27,4,0,0,5,18
S01007007,75 to 84,32,18,18,0,14,2,0,0,1,11
S01007007,85 and over,8,2,2,0,6,1,1,0,0,4
S01007008,All people aged 16 and over in households,827,472,376,96,355,189,6,17,52,91
S01007008,16 to 24,113,7,1,6,106,106,0,0,0,0
S01007008,25 to 34,87,52,25,27,35,30,1,2,2,0
S01007008,35 to 49,220,164,127,37,56,31,3,8,10,4
S01007008,50 to 64,212,158,136,22,54,14,2,5,23,10
S01007008,65 to 74,85,43,41,2,42,1,0,2,10,29
S01007008,75 to 84,74,38,36,2,36,3,0,0,4,29
S01007008,85 and over,36,10,10,0,26,4,0,0,3,19
S01007009,All people aged 16 and over in households,872,502,394,108,370,201,5,22,61,81
S01007009,16 to 24,119,18,2,16,101,100,1,0,0,0
S01007009,25 to 34,104,64,29,35,40,36,0,2,2,0
S01007009,35 to 49,198,145,108,37,53,33,1,4,15,0
S01007009,50 to 64,224,155,139,16,69,17,1,11,27,13
S01007009,65 to 74,119,73,69,4,46,4,0,5,13,24
S01007009,75 to 84,75,33,33,0,42,8,1,0,2,31
S01007009,85 and over,33,14,14,0,19,3,1,0,2,13
S01007010,All people aged 16 and over in households,682,430,362,68,252,106,4,12,36,94
S01007010,16 to 24,66,13,0,13,53,53,0,0,0,0
S01007010,25 to 34,59,36,18,18,23,20,0,2,1,0
S01007010,35 to 49,126,95,79,16,31,15,3,6,4,3
S01007010,50 to 64,193,155,136,19,38,8,0,4,19,7
S01007010,65 to 74,89,58,56,2,31,1,1,0,10,19
S01007010,75 to 84,92,48,48,0,44,4,0,0,0,40
S01007010,85 and over,57,25,25,0,32,5,0,0,2,25
S01007011,All people aged 16 and over in households,724,366,256,110,358,185,7,22,55,89
S01007011,16 to 24,89,22,2,20,67,65,0,2,0,0
S01007011,25 to 34,108,60,29,31,48,46,0,1,0,1
S01007011,35 to 49,150,93,56,37,57,33,3,10,10,1
S01007011,50 to 64,161,97,80,17,64,22,2,7,30,3
S01007011,65 to 74,86,46,43,3,40,10,0,2,13,15
S01007011,75 to 84,92,40,38,2,52,6,2,0,1,43
S01007011,85 and over,38,8,8,0,30,3,0,0,1,26
S01007012,All people aged 16 and over in households,571,318,242,76,253,140,7,17,35,54
S01007012,16 to 24,83,12,2,10,71,70,1,0,0,0
S01007012,25 to 34,58,35,16,19,23,20,1,2,0,0
S01007012,35 to 49,155,95,60,35,60,39,2,10,9,0
S01007012,50 to 64,127,87,75,12,40,5,0,4,23,8
S01007012,65 to 74,81,55,55,0,26,3,0,1,2,20
S01007012,75 to 84,60,34,34,0,26,3,2,0,1,20
S01007012,85 and over,7,0,0,0,7,0,1,0,0,6
S01007013,All people aged 16 and over in households,458,340,296,44,118,71,2,7,14,24
S01007013,16 to 24,53,5,4,1,48,48,0,0,0,0
S01007013,25 to 34,37,30,20,10,7,6,0,0,1,0
S01007013,35 to 49,130,111,94,17,19,7,0,4,6,2
S01007013,50 to 64,148,126,112,14,22,7,1,3,4,7
S01007013,65 to 74,65,52,50,2,13,1,1,0,3,8
S01007013,75 to 84,18,14,14,0,4,2,0,0,0,2
S01007013,85 and over,7,2,2,0,5,0,0,0,0,5
S01007014,All people aged 16 and over in households,778,584,484,100,194,126,7,11,27,23
S01007014,16 to 24,102,17,2,15,85,85,0,0,0,0
S01007014,25 to 34,131,110,69,41,21,19,1,1,0,0
S01007014,35 to 49,242,204,180,24,38,14,5,9,9,1
S01007014,50 to 64,197,174,161,13,23,3,1,1,14,4
S01007014,65 to 74,70,58,54,4,12,3,0,0,3,6
S01007014,75 to 84,32,20,17,3,12,2,0,0,1,9
S01007014,85 and over,4,1,1,0,3,0,0,0,0,3
S01007015,All people aged 16 and over in households,505,354,310,44,151,99,7,9,19,17
S01007015,16 to 24,54,6,1,5,48,48,0,0,0,0
S01007015,25 to 34,60,39,27,12,21,18,2,1,0,0
S01007015,35 to 49,143,113,94,19,30,17,2,3,6,2
S01007015,50 to 64,153,124,117,7,29,11,2,3,10,3
S01007015,65 to 74,68,57,56,1,11,1,1,1,2,6
S01007015,75 to 84,22,13,13,0,9,3,0,1,0,5
S01007015,85 and over,5,2,2,0,3,1,0,0,1,1
S01007016,All people aged 16 and over in households,478,358,306,52,120,90,3,9,10,8
S01007016,16 to 24,62,2,0,2,60,60,0,0,0,0
S01007016,25 to 34,41,29,16,13,12,10,1,1,0,0
S01007016,35 to 49,172,144,120,24,28,15,1,6,5,1
S01007016,50 to 64,147,136,124,12,11,3,0,2,4,2
S01007016,65 to 74,43,38,38,0,5,1,0,0,1,3
S01007016,75 to 84,8,5,5,0,3,1,1,0,0,1
S01007016,85 and over,5,4,3,1,1,0,0,0,0,1
S01007017,All people aged 16 and over in households,820,472,380,92,348,169,6,21,63,89
S01007017,16 to 24,109,25,5,20,84,82,0,0,0,2
S01007017,25 to 34,117,78,43,35,39,31,2,3,3,0
S01007017,35 to 49,195,135,118,17,60,25,3,9,22,1
S01007017,50 to 64,189,132,118,14,57,17,0,6,23,11
S01007017,65 to 74,95,56,54,2,39,6,1,3,10,19
S01007017,75 to 84,77,37,34,3,40,5,0,0,5,30
S01007017,85 and over,38,9,8,1,29,3,0,0,0,26
S01007018,All people aged 16 and over in households,793,570,514,56,223,116,7,11,28,61
S01007018,16 to 24,77,10,2,8,67,67,0,0,0,0
S01007018,25 to 34,95,66,51,15,29,24,3,1,1,0
S01007018,35 to 49,213,186,166,20,27,12,2,4,8,1
S01007018,50 to 64,179,154,143,11,25,4,1,4,14,2
S01007018,65 to 74,126,95,94,1,31,5,0,1,5,20
S01007018,75 to 84,84,50,49,1,34,4,1,1,0,28
S01007018,85 and over,19,9,9,0,10,0,0,0,0,10
S01007019,All people aged 16 and over in households,574,346,284,62,228,116,12,12,33,55
S01007019,16 to 24,82,21,3,18,61,61,0,0,0,0
S01007019,25 to 34,77,48,29,19,29,22,3,3,1,0
S01007019,35 to 49,122,86,68,18,36,17,5,5,9,0
S01007019,50 to 64,135,101,98,3,34,12,1,3,10,8
S01007019,65 to 74,84,50,50,0,34,4,0,1,11,18
S01007019,75 to 84,62,35,32,3,27,0,1,0,2,24
S01007019,85 and over,12,5,4,1,7,0,2,0,0,5
S01007020,All people aged 16 and over in households,673,364,294,70,309,148,8,22,46,85
S01007020,16 to 24,69,13,4,9,56,56,0,0,0,0
S01007020,25 to 34,112,60,34,26,52,40,3,7,2,0
S01007020,35 to 49,152,105,78,27,47,27,2,4,12,2
S01007020,50 to 64,137,93,89,4,44,11,0,7,23,3
S01007020,65 to 74,84,51,51,0,33,5,1,2,6,19
S01007020,75 to 84,73,31,28,3,42,7,0,1,2,32
S01007020,85 and over,46,11,10,1,35,2,2,1,1,29
S01007021,All people aged 16 and over in households,730,440,370,70,290,149,6,21,31,83
S01007021,16 to 24,76,12,4,8,64,64,0,0,0,0
S01007021,25 to 34,96,70,40,30,26,21,1,2,2,0
S01007021,35 to 49,198,137,117,20,61,38,1,13,8,1
S01007021,50 to 64,143,105,97,8,38,13,1,4,12,8
S01007021,65 to 74,114,84,82,2,30,5,0,2,5,18
S01007021,75 to 84,73,28,26,2,45,4,0,0,4,37
S01007021,85 and over,30,4,4,0,26,4,3,0,0,19
S01007022,All people aged 16 and over in households,391,266,208,58,125,68,0,10,14,33
S01007022,16 to 24,41,8,3,5,33,33,0,0,0,0
S01007022,25 to 34,46,33,19,14,13,11,0,0,2,0
S01007022,35 to 49,117,90,64,26,27,12,0,8,5,2
S01007022,50 to 64,86,74,65,9,12,7,0,1,3,1
S01007022,65 to 74,60,46,42,4,14,2,0,1,1,10
S01007022,75 to 84,30,13,13,0,17,2,0,0,3,12
S01007022,85 and over,11,2,2,0,9,1,0,0,0,8
S01007023,All people aged 16 and over in households,394,276,234,42,118,67,2,9,21,19
S01007023,16 to 24,38,6,1,5,32,32,0,0,0,0
S01007023,25 to 34,40,27,16,11,13,13,0,0,0,0
S01007023,35 to 49,114,98,77,21,16,8,0,3,5,0
S01007023,50 to 64,105,82,79,3,23,4,0,5,11,3
S01007023,65 to 74,58,43,41,2,15,4,1,1,4,5
S01007023,75 to 84,34,19,19,0,15,6,1,0,1,7
S01007023,85 and over,5,1,1,0,4,0,0,0,0,4
S01007024,All people aged 16 and over in households,846,598,528,70,248,134,9,17,24,64
S01007024,16 to 24,89,10,2,8,79,79,0,0,0,0
S01007024,25 to 34,77,50,31,19,27,22,3,1,1,0
S01007024,35 to 49,214,187,163,24,27,17,2,3,5,0
S01007024,50 to 64,273,217,200,17,56,9,1,13,12,21
S01007024,65 to 74,112,91,89,2,21,6,0,0,4,11
S01007024,75 to 84,59,39,39,0,20,1,1,0,0,18
S01007024,85 and over,22,4,4,0,18,0,2,0,2,14
S01007025,All people aged 16 and over in households,702,410,314,96,292,151,2,19,46,74
S01007025,16 to 24,81,15,0,15,66,66,0,0,0,0
S01007025,25 to 34,93,63,32,31,30,28,0,1,1,0
S01007025,35 to 49,165,116,86,30,49,25,0,9,15,0
S01007025,50 to 64,184,131,116,15,53,18,0,5,22,8
S01007025,65 to 74,100,58,54,4,42,8,2,3,5,24
S01007025,75 to 84,65,23,22,1,42,4,0,0,2,36
S01007025,85 and over,14,4,4,0,10,2,0,1,1,6
S01007026,All people aged 16 and over in households,742,448,374,74,294,174,6,10,24,80
S01007026,16 to 24,87,12,0,12,75,75,0,0,0,0
S01007026,25 to 34,57,28,10,18,29,28,0,1,0,0
S01007026,35 to 49,169,129,103,26,40,29,1,3,5,2
S01007026,50 to 64,184,142,128,14,42,17,2,3,11,9
S01007026,65 to 74,138,98,94,4,40,6,2,2,6,24
S01007026,75 to 84,75,34,34,0,41,15,0,1,1,24
S01007026,85 and over,32,5,5,0,27,4,1,0,1,21
S01007027,All people aged 16 and over in households,880,564,484,80,316,165,1,14,50,86
S01007027,16 to 24,102,19,7,12,83,83,0,0,0,0
S01007027,25 to 34,100,70,46,24,30,28,0,1,1,0
S01007027,35 to 49,202,156,130,26,46,24,0,10,12,0
S01007027,50 to 64,241,183,169,14,58,18,1,3,28,8
S01007027,65 to 74,121,92,90,2,29,3,0,0,5,21
S01007027,75 to 84,86,39,38,1,47,5,0,0,4,38
S01007027,85 and over,28,5,4,1,23,4,0,0,0,19
S01007028,All people aged 16 and over in households,614,408,378,30,206,125,10,9,31,31
S01007028,16 to 24,65,2,2,0,63,61,0,0,2,0
S01007028,25 to 34,45,25,23,2,20,19,0,1,0,0
S01007028,35 to 49,161,122,108,14,39,22,4,3,10,0
S01007028,50 to 64,198,157,147,10,41,15,5,4,13,4
S01007028,65 to 74,94,74,70,4,20,4,0,1,4,11
S01007028,75 to 84,43,25,25,0,18,3,1,0,2,12
S01007028,85 and over,8,3,3,0,5,1,0,0,0,4
S01007029,All people aged 16 and over in households,458,332,280,52,126,69,3,12,15,27
S01007029,16 to 24,46,5,3,2,41,41,0,0,0,0
S01007029,25 to 34,41,25,18,7,16,13,1,2,0,0
S01007029,35 to 49,128,110,86,24,18,7,1,6,4,0
S01007029,50 to 64,118,105,87,18,13,3,0,2,5,3
S01007029,65 to 74,94,69,69,0,25,4,1,2,6,12
S01007029,75 to 84,24,14,14,0,10,1,0,0,0,9
S01007029,85 and over,7,4,3,1,3,0,0,0,0,3
S01007030,All people aged 16 and over in households,663,456,366,90,207,127,0,7,24,49
S01007030,16 to 24,84,15,0,15,69,68,0,1,0,0
S01007030,25 to 34,76,55,30,25,21,21,0,0,0,0
S01007030,35 to 49,168,143,111,32,25,15,0,4,4,2
S01007030,50 to 64,173,139,129,10,34,12,0,2,14,6
S01007030,65 to 74,108,77,71,6,31,6,0,0,5,20
S01007030,75 to 84,46,23,21,2,23,5,0,0,1,17
S01007030,85 and over,8,4,4,0,4,0,0,0,0,4
S01007031,All people aged 16 and over in households,517,324,248,76,193,106,0,14,30,43
S01007031,16 to 24,68,19,1,18,49,49,0,0,0,0
S01007031,25 to 34,70,44,22,22,26,23,0,1,2,0
S01007031,35 to 49,128,97,77,20,31,14,0,6,11,0
S01007031,50 to 64,125,96,85,11,29,10,0,5,8,6
S01007031,65 to 74,68,49,44,5,19,4,0,1,6,8
S01007031,75 to 84,38,16,16,0,22,3,0,0,2,17
S01007031,85 and over,20,3,3,0,17,3,0,1,1,12
S01007032,All people aged 16 and over in households,809,436,336,100,373,193,8,29,61,82
S01007032,16 to 24,98,18,4,14,80,78,0,1,1,0
S01007032,25 to 34,112,74,41,33,38,36,0,2,0,0
S01007032,35 to 49,209,141,105,36,68,38,1,13,13,3
S01007032,50 to 64,174,109,96,13,65,21,4,10,27,3
S01007032,65 to 74,108,55,51,4,53,13,1,2,17,20
S01007032,75 to 84,75,31,31,0,44,5,2,1,2,34
S01007032,85 and over,33,8,8,0,25,2,0,0,1,22
S01007033,All people aged 16 and over in households,603,362,286,76,241,138,2,13,36,52
S01007033,16 to 24,78,20,3,17,58,57,1,0,0,0
S01007033,25 to 34,76,45,26,19,31,28,0,1,0,2
S01007033,35 to 49,147,99,74,25,48,31,0,7,10,0
S01007033,50 to 64,161,114,103,11,47,12,1,5,19,10
S01007033,65 to 74,86,57,54,3,29,5,0,0,5,19
S01007033,75 to 84,38,24,23,1,14,3,0,0,2,9
S01007033,85 and over,17,3,3,0,14,2,0,0,0,12
S01007034,All people aged 16 and over in households,494,284,220,64,210,121,6,11,30,42
S01007034,16 to 24,87,20,7,13,67,67,0,0,0,0
S01007034,25 to 34,67,42,22,20,25,23,2,0,0,0
S01007034,35 to 49,137,94,72,22,43,14,3,6,16,4
S01007034,50 to 64,114,84,75,9,30,8,0,4,10,8
S01007034,65 to 74,38,25,25,0,13,5,0,1,3,4
S01007034,75 to 84,39,15,15,0,24,4,1,0,1,18
S01007034,85 and over,12,4,4,0,8,0,0,0,0,8
S01007035,All people aged 16 and over in households,643,356,296,60,287,148,6,18,49,66
S01007035,16 to 24,83,16,4,12,67,65,1,1,0,0
S01007035,25 to 34,104,62,36,26,42,37,0,3,1,1
S01007035,35 to 49,129,86,71,15,43,21,2,8,12,0
S01007035,50 to 64,162,109,104,5,53,17,1,5,18,12
S01007035,65 to 74,91,58,56,2,33,3,0,1,10,19
S01007035,75 to 84,61,21,21,0,40,5,2,0,6,27
S01007035,85 and over,13,4,4,0,9,0,0,0,2,7
S01007036,All people aged 16 and over in households,745,500,438,62,245,129,3,15,35,63
S01007036,16 to 24,80,11,1,10,69,69,0,0,0,0
S01007036,25 to 34,74,50,32,18,24,21,0,3,0,0
S01007036,35 to 49,195,164,142,22,31,14,0,5,10,2
S01007036,50 to 64,201,154,142,12,47,14,2,7,16,8
S01007036,65 to 74,87,67,67,0,20,4,1,0,5,10
S01007036,75 to 84,76,46,46,0,30,6,0,0,1,23
S01007036,85 and over,32,8,8,0,24,1,0,0,3,20
S01007037,All people aged 16 and over in households,830,498,402,96,332,173,2,16,62,79
S01007037,16 to 24,114,16,3,13,98,98,0,0,0,0
S01007037,25 to 34,116,78,46,32,38,33,0,2,3,0
S01007037,35 to 49,220,160,119,41,60,28,0,9,21,2
S01007037,50 to 64,161,122,115,7,39,8,1,3,21,6
S01007037,65 to 74,136,91,88,3,45,4,1,1,12,27
S01007037,75 to 84,56,25,25,0,31,1,0,1,4,25
S01007037,85 and over,27,6,6,0,21,1,0,0,1,19
S01007038,All people aged 16 and over in households,613,358,266,92,255,162,6,17,25,45
S01007038,16 to 24,98,26,2,24,72,72,0,0,0,0
S01007038,25 to 34,103,61,30,31,42,37,4,1,0,0
S01007038,35 to 49,174,121,98,23,53,33,1,9,9,1
S01007038,50 to 64,138,104,92,12,34,8,1,3,13,9
S01007038,65 to 74,57,32,30,2,25,6,0,4,1,14
S01007038,75 to 84,29,10,10,0,19,5,0,0,2,12
S01007038,85 and over,14,4,4,0,10,1,0,0,0,9
S01007039,All people aged 16 and over in households,685,442,366,76,243,152,4,19,26,42
S01007039,16 to 24,87,16,1,15,71,70,0,1,0,0
S01007039,25 to 34,108,77,49,28,31,29,0,0,2,0
S01007039,35 to 49,198,143,123,20,55,30,3,10,9,3
S01007039,50 to 64,153,114,102,12,39,14,1,7,9,8
S01007039,65 to 74,86,59,58,1,27,5,0,1,4,17
S01007039,75 to 84,44,32,32,0,12,2,0,0,2,8
S01007039,85 and over,9,1,1,0,8,2,0,0,0,6
S01007040,All people aged 16 and over in households,537,312,246,66,225,113,6,17,36,53
S01007040,16 to 24,79,12,1,11,67,64,2,1,0,0
S01007040,25 to 34,57,36,12,24,21,18,1,2,0,0
S01007040,35 to 49,134,94,72,22,40,20,3,4,11,2
S01007040,50 to 64,127,94,85,9,33,6,0,3,20,4
S01007040,65 to 74,69,49,49,0,20,0,0,5,3,12
S01007040,75 to 84,62,24,24,0,38,3,0,1,1,33
S01007040,85 and over,9,3,3,0,6,2,0,1,1,2
S01007041,All people aged 16 and over in households,614,348,282,66,266,145,6,15,38,62
S01007041,16 to 24,85,15,3,12,70,70,0,0,0,0
S01007041,25 to 34,74,41,23,18,33,30,1,2,0,0
S01007041,35 to 49,147,108,84,24,39,13,3,8,15,0
S01007041,50 to 64,164,118,106,12,46,18,0,3,19,6
S01007041,65 to 74,71,42,42,0,29,6,1,2,4,16
S01007041,75 to 84,53,23,23,0,30,6,1,0,0,23
S01007041,85 and over,20,1,1,0,19,2,0,0,0,17
S01007042,All people aged 16 and over in households,598,392,320,72,206,99,6,16,25,60
S01007042,16 to 24,64,13,1,12,51,49,2,0,0,0
S01007042,25 to 34,82,55,24,31,27,25,0,2,0,0
S01007042,35 to 49,158,128,108,20,30,11,1,7,9,2
S01007042,50 to 64,138,113,109,4,25,5,0,7,10,3
S01007042,65 to 74,72,52,48,4,20,2,1,0,5,12
S01007042,75 to 84,58,26,25,1,32,4,2,0,1,25
S01007042,85 and over,26,5,5,0,21,3,0,0,0,18
S01007043,All people aged 16 and over in households,801,574,494,80,227,144,9,17,21,36
S01007043,16 to 24,84,5,4,1,79,78,0,1,0,0
S01007043,25 to 34,89,62,40,22,27,24,1,2,0,0
S01007043,35 to 49,220,185,148,37,35,18,3,5,6,3
S01007043,50 to 64,282,239,222,17,43,14,4,9,11,5
S01007043,65 to 74,81,60,57,3,21,8,0,0,2,11
S01007043,75 to 84,35,19,19,0,16,1,0,0,1,14
S01007043,85 and over,10,4,4,0,6,1,1,0,1,3
S01007044,All people aged 16 and over in households,581,374,336,38,207,115,4,7,30,51
S01007044,16 to 24,74,3,1,2,71,70,1,0,0,0
S01007044,25 to 34,45,27,18,9,18,16,1,0,1,0
S01007044,35 to 49,153,121,108,13,32,14,0,6,12,0
S01007044,50 to 64,142,115,105,10,27,9,1,0,12,5
S01007044,65 to 74,90,75,71,4,15,2,1,1,3,8
S01007044,75 to 84,58,31,31,0,27,3,0,0,1,23
S01007044,85 and over,19,2,2,0,17,1,0,0,1,15
S01007045,All people aged 16 and over in households,683,476,418,58,207,124,9,7,26,41
S01007045,16 to 24,70,4,1,3,66,66,0,0,0,0
S01007045,25 to 34,70,49,35,14,21,21,0,0,0,0
S01007045,35 to 49,150,122,103,19,28,16,3,2,7,0
S01007045,50 to 64,253,213,200,13,40,13,3,3,15,6
S01007045,65 to 74,89,66,60,6,23,5,1,2,4,11
S01007045,75 to 84,36,19,16,3,17,2,2,0,0,13
S01007045,85 and over,15,3,3,0,12,1,0,0,0,11
S01007046,All people aged 16 and over in households,509,314,266,48,195,123,9,8,28,27
S01007046,16 to 24,59,6,1,5,53,53,0,0,0,0
S01007046,25 to 34,54,30,20,10,24,21,1,0,2,0
S01007046,35 to 49,123,83,64,19,40,25,5,1,9,0
S01007046,50 to 64,171,131,120,11,40,17,2,4,12,5
S01007046,65 to 74,65,47,45,2,18,6,1,2,4,5
S01007046,75 to 84,26,14,13,1,12,1,0,1,1,9
S01007046,85 and over,11,3,3,0,8,0,0,0,0,8
S01007047,All people aged 16 and over in households,550,402,356,46,148,100,5,7,15,21
S01007047,16 to 24,53,1,1,0,52,52,0,0,0,0
S01007047,25 to 34,54,36,25,11,18,18,0,0,0,0
S01007047,35 to 49,170,143,125,18,27,16,1,6,4,0
S01007047,50 to 64,155,144,132,12,11,5,1,0,3,2
S01007047,65 to 74,87,66,61,5,21,4,2,1,5,9
S01007047,75 to 84,18,8,8,0,10,2,1,0,2,5
S01007047,85 and over,13,4,4,0,9,3,0,0,1,5
S01007048,All people aged 16 and over in households,765,514,440,74,251,176,4,13,25,33
S01007048,16 to 24,115,16,4,12,99,99,0,0,0,0
S01007048,25 to 34,54,36,16,20,18,18,0,0,0,0
S01007048,35 to 49,214,171,149,22,43,28,2,4,6,3
S01007048,50 to 64,216,175,160,15,41,19,1,5,12,4
S01007048,65 to 74,117,90,86,4,27,9,1,3,6,8
S01007048,75 to 84,39,21,20,1,18,2,0,1,1,14
S01007048,85 and over,10,5,5,0,5,1,0,0,0,4
S01007049,All people aged 16 and over in households,767,484,382,102,283,157,4,16,54,52
S01007049,16 to 24,73,13,1,12,60,60,0,0,0,0
S01007049,25 to 34,121,75,39,36,46,41,1,2,1,1
S01007049,35 to 49,212,151,115,36,61,31,2,8,20,0
S01007049,50 to 64,188,144,130,14,44,12,1,5,20,6
S01007049,65 to 74,107,70,66,4,37,9,0,1,12,15
S01007049,75 to 84,49,27,27,0,22,1,0,0,0,21
S01007049,85 and over,17,4,4,0,13,3,0,0,1,9
S01007050,All people aged 16 and over in households,547,338,270,68,209,108,7,12,26,56
S01007050,16 to 24,65,9,3,6,56,56,0,0,0,0
S01007050,25 to 34,77,54,29,25,23,20,2,0,1,0
S01007050,35 to 49,144,107,81,26,37,16,2,7,7,5
S01007050,50 to 64,122,90,81,9,32,7,2,2,12,9
S01007050,65 to 74,69,52,50,2,17,1,0,1,5,10
S01007050,75 to 84,52,23,23,0,29,6,0,2,1,20
S01007050,85 and over,18,3,3,0,15,2,1,0,0,12
S01007051,All people aged 16 and over in households,614,414,316,98,200,119,4,12,21,44
S01007051,16 to 24,79,25,3,22,54,54,0,0,0,0
S01007051,25 to 34,94,69,34,35,25,22,0,2,1,0
S01007051,35 to 49,177,142,115,27,35,17,1,7,9,1
S01007051,50 to 64,142,109,98,11,33,15,2,1,8,7
S01007051,65 to 74,78,53,51,2,25,7,1,2,2,13
S01007051,75 to 84,29,15,14,1,14,1,0,0,1,12
S01007051,85 and over,15,1,1,0,14,3,0,0,0,11
S01007052,All people aged 16 and over in households,473,326,272,54,147,89,2,8,20,28
S01007052,16 to 24,60,5,1,4,55,55,0,0,0,0
S01007052,25 to 34,56,39,28,11,17,16,1,0,0,0
S01007052,35 to 49,135,110,84,26,25,11,0,6,8,0
S01007052,50 to 64,130,116,105,11,14,4,0,1,5,4
S01007052,65 to 74,61,44,42,2,17,2,0,0,6,9
S01007052,75 to 84,24,11,11,0,13,1,1,0,1,10
S01007052,85 and over,7,1,1,0,6,0,0,1,0,5
S01007053,All people aged 16 and over in households,402,282,250,32,120,87,2,2,10,19
S01007053,16 to 24,51,2,1,1,49,49,0,0,0,0
S01007053,25 to 34,36,22,18,4,14,14,0,0,0,0
S01007053,35 to 49,107,91,76,15,16,12,0,0,3,1
S01007053,50 to 64,134,112,103,9,22,10,2,2,4,4
S01007053,65 to 74,55,47,44,3,8,0,0,0,3,5
S01007053,75 to 84,14,7,7,0,7,2,0,0,0,5
S01007053,85 and over,5,1,1,0,4,0,0,0,0,4
S01007054,All people aged 16 and over in households,797,500,412,88,297,161,3,16,34,83
S01007054,16 to 24,98,19,1,18,79,79,0,0,0,0
S01007054,25 to 34,104,62,32,30,42,39,0,2,1,0
S01007054,35 to 49,205,159,129,30,46,21,0,8,14,3
S01007054,50 to 64,179,144,135,9,35,9,2,2,15,7
S01007054,65 to 74,99,67,66,1,32,4,0,4,3,21
S01007054,75 to 84,77,37,37,0,40,5,1,0,1,33
S01007054,85 and over,35,12,12,0,23,4,0,0,0,19
S01007055,All people aged 16 and over in households,422,288,248,40,134,96,3,7,9,19
S01007055,16 to 24,66,8,0,8,58,58,0,0,0,0
S01007055,25 to 34,41,31,27,4,10,9,0,0,0,1
S01007055,35 to 49,128,102,85,17,26,18,0,4,3,1
S01007055,50 to 64,125,102,92,10,23,5,3,3,5,7
S01007055,65 to 74,44,38,37,1,6,4,0,0,1,1
S01007055,75 to 84,16,7,7,0,9,2,0,0,0,7
S01007055,85 and over,2,0,0,0,2,0,0,0,0,2
S01007056,All people aged 16 and over in households,504,346,300,46,158,117,4,8,10,19
S01007056,16 to 24,72,8,2,6,64,63,0,1,0,0
S01007056,25 to 34,58,32,27,5,26,23,2,0,1,0
S01007056,35 to 49,156,134,110,24,22,15,2,4,1,0
S01007056,50 to 64,148,121,110,11,27,12,0,2,7,6
S01007056,65 to 74,41,34,34,0,7,2,0,1,1,3
S01007056,75 to 84,24,15,15,0,9,1,0,0,0,8
S01007056,85 and over,5,2,2,0,3,1,0,0,0,2
S01007057,All people aged 16 and over in households,459,306,268,38,153,78,7,1,14,53
S01007057,16 to 24,39,6,1,5,33,33,0,0,0,0
S01007057,25 to 34,45,24,11,13,21,20,0,0,1,0
S01007057,35 to 49,90,69,56,13,21,15,1,0,4,1
S01007057,50 to 64,130,110,106,4,20,7,1,1,3,8
S01007057,65 to 74,79,63,60,3,16,0,0,0,5,11
S01007057,75 to 84,56,25,25,0,31,3,4,0,1,23
S01007057,85 and over,20,9,9,0,11,0,1,0,0,10
S01007058,All people aged 16 and over in households,501,308,256,52,193,85,2,11,34,61
S01007058,16 to 24,47,9,1,8,38,36,2,0,0,0
S01007058,25 to 34,48,32,15,17,16,16,0,0,0,0
S01007058,35 to 49,102,75,60,15,27,11,0,4,12,0
S01007058,50 to 64,114,86,76,10,28,8,0,4,10,6
S01007058,65 to 74,89,63,61,2,26,5,0,3,9,9
S01007058,75 to 84,73,36,36,0,37,6,0,0,2,29
S01007058,85 and over,28,7,7,0,21,3,0,0,1,17
S01007059,All people aged 16 and over in households,813,534,438,96,279,154,3,17,52,53
S01007059,16 to 24,96,10,2,8,86,86,0,0,0,0
S01007059,25 to 34,112,79,36,43,33,29,0,0,4,0
S01007059,35 to 49,229,176,146,30,53,22,2,9,18,2
S01007059,50 to 64,192,146,135,11,46,12,1,7,22,4
S01007059,65 to 74,94,69,66,3,25,3,0,1,4,17
S01007059,75 to 84,63,44,43,1,19,1,0,0,4,14
S01007059,85 and over,27,10,10,0,17,1,0,0,0,16
S01007060,All people aged 16 and over in households,485,284,210,74,201,133,2,12,32,22
S01007060,16 to 24,99,24,1,23,75,75,0,0,0,0
S01007060,25 to 34,68,32,12,20,36,34,2,0,0,0
S01007060,35 to 49,116,73,50,23,43,16,0,8,19,0
S01007060,50 to 64,116,94,90,4,22,4,0,2,11,5
S01007060,65 to 74,64,46,44,2,18,3,0,2,2,11
S01007060,75 to 84,19,13,11,2,6,1,0,0,0,5
S01007060,85 and over,3,2,2,0,1,0,0,0,0,1
S01007061,All people aged 16 and over in households,739,552,458,94,187,131,2,13,21,20
S01007061,16 to 24,84,6,1,5,78,78,0,0,0,0
S01007061,25 to 34,95,72,48,24,23,18,1,4,0,0
S01007061,35 to 49,226,199,162,37,27,13,1,3,10,0
S01007061,50 to 64,241,205,187,18,36,19,0,4,10,3
S01007061,65 to 74,65,56,48,8,9,2,0,1,1,5
S01007061,75 to 84,24,14,12,2,10,1,0,1,0,8
S01007061,85 and over,4,0,0,0,4,0,0,0,0,4
S01007062,All people aged 16 and over in households,565,418,360,58,147,109,0,5,16,17
S01007062,16 to 24,69,4,0,4,65,65,0,0,0,0
S01007062,25 to 34,58,48,33,15,10,10,0,0,0,0
S01007062,35 to 49,160,135,115,20,25,13,0,4,7,1
S01007062,50 to 64,179,158,147,11,21,12,0,0,5,4
S01007062,65 to 74,73,60,53,7,13,7,0,1,3,2
S01007062,75 to 84,22,13,12,1,9,1,0,0,1,7
S01007062,85 and over,4,0,0,0,4,1,0,0,0,3
S01007063,All people aged 16 and over in households,549,374,326,48,175,104,2,8,20,41
S01007063,16 to 24,64,13,0,13,51,51,0,0,0,0
S01007063,25 to 34,60,35,23,12,25,23,0,1,1,0
S01007063,35 to 49,132,104,94,10,28,13,0,4,10,1
S01007063,50 to 64,173,151,142,9,22,9,1,2,6,4
S01007063,65 to 74,67,49,47,2,18,5,0,1,2,10
S01007063,75 to 84,40,21,19,2,19,0,1,0,0,18
S01007063,85 and over,13,1,1,0,12,3,0,0,1,8
S01007064,All people aged 16 and over in households,528,382,324,58,146,88,7,4,20,27
S01007064,16 to 24,54,6,2,4,48,48,0,0,0,0
S01007064,25 to 34,57,40,22,18,17,14,1,1,1,0
S01007064,35 to 49,150,119,96,23,31,16,2,1,9,3
S01007064,50 to 64,186,158,150,8,28,8,3,2,6,9
S01007064,65 to 74,55,44,40,4,11,2,0,0,4,5
S01007064,75 to 84,18,12,11,1,6,0,1,0,0,5
S01007064,85 and over,8,3,3,0,5,0,0,0,0,5
S01007065,All people aged 16 and over in households,474,332,272,60,142,81,4,10,20,27
S01007065,16 to 24,42,3,1,2,39,39,0,0,0,0
S01007065,25 to 34,48,34,25,9,14,9,0,2,3,0
S01007065,35 to 49,154,117,87,30,37,24,2,5,3,3
S01007065,50 to 64,139,111,96,15,28,7,1,3,11,6
S01007065,65 to 74,62,49,46,3,13,1,0,0,3,9
S01007065,75 to 84,22,16,15,1,6,1,0,0,0,5
S01007065,85 and over,7,2,2,0,5,0,1,0,0,4
S01007066,All people aged 16 and over in households,537,370,326,44,167,118,3,4,23,19
S01007066,16 to 24,61,4,2,2,57,57,0,0,0,0
S01007066,25 to 34,58,37,26,11,21,20,0,0,0,1
S01007066,35 to 49,158,123,104,19,35,23,0,2,7,3
S01007066,50 to 64,177,148,137,11,29,10,3,2,11,3
S01007066,65 to 74,57,44,43,1,13,5,0,0,4,4
S01007066,75 to 84,20,14,14,0,6,2,0,0,1,3
S01007066,85 and over,6,0,0,0,6,1,0,0,0,5
S01007067,All people aged 16 and over in households,489,322,254,68,167,95,7,9,20,36
S01007067,16 to 24,46,3,0,3,43,43,0,0,0,0
S01007067,25 to 34,75,45,16,29,30,25,3,1,0,1
S01007067,35 to 49,121,85,71,14,36,21,1,6,6,2
S01007067,50 to 64,138,118,101,17,20,3,1,2,9,5
S01007067,65 to 74,71,59,54,5,12,2,2,0,2,6
S01007067,75 to 84,29,11,11,0,18,1,0,0,3,14
S01007067,85 and over,9,1,1,0,8,0,0,0,0,8
S01007068,All people aged 16 and over in households,593,376,306,70,217,113,6,5,54,39
S01007068,16 to 24,61,9,2,7,52,52,0,0,0,0
S01007068,25 to 34,68,37,22,15,31,26,1,1,3,0
S01007068,35 to 49,159,116,87,29,43,17,2,1,21,2
S01007068,50 to 64,164,128,111,17,36,8,1,2,17,8
S01007068,65 to 74,85,59,59,0,26,3,1,1,11,10
S01007068,75 to 84,35,20,19,1,15,2,1,0,1,11
S01007068,85 and over,21,7,6,1,14,5,0,0,1,8
S01007069,All people aged 16 and over in households,642,426,340,86,216,140,5,15,31,25
S01007069,16 to 24,93,26,5,21,67,67,0,0,0,0
S01007069,25 to 34,109,74,43,31,35,25,2,5,3,0
S01007069,35 to 49,180,139,112,27,41,23,0,6,11,1
S01007069,50 to 64,152,110,103,7,42,17,2,4,14,5
S01007069,65 to 74,64,46,46,0,18,6,0,0,3,9
S01007069,75 to 84,35,26,26,0,9,2,1,0,0,6
S01007069,85 and over,9,5,5,0,4,0,0,0,0,4
S01007070,All people aged 16 and over in households,429,250,208,42,179,94,6,11,28,40
S01007070,16 to 24,51,8,4,4,43,42,0,1,0,0
S01007070,25 to 34,66,43,29,14,23,16,2,0,5,0
S01007070,35 to 49,106,75,64,11,31,22,0,6,3,0
S01007070,50 to 64,117,83,74,9,34,6,1,3,13,11
S01007070,65 to 74,55,30,27,3,25,4,2,1,5,13
S01007070,75 to 84,27,11,10,1,16,3,1,0,2,10
S01007070,85 and over,7,0,0,0,7,1,0,0,0,6
S01007071,All people aged 16 and over in households,688,444,394,50,244,148,5,14,40,37
S01007071,16 to 24,96,14,3,11,82,82,0,0,0,0
S01007071,25 to 34,110,81,61,20,29,23,2,3,1,0
S01007071,35 to 49,210,162,148,14,48,27,0,7,11,3
S01007071,50 to 64,166,128,123,5,38,7,1,2,22,6
S01007071,65 to 74,60,44,44,0,16,2,0,2,4,8
S01007071,75 to 84,36,14,14,0,22,6,2,0,2,12
S01007071,85 and over,10,1,1,0,9,1,0,0,0,8
S01007072,All people aged 16 and over in households,513,366,324,42,147,97,1,11,21,17
S01007072,16 to 24,76,10,4,6,66,65,0,0,1,0
S01007072,25 to 34,56,42,34,8,14,14,0,0,0,0
S01007072,35 to 49,191,156,140,16,35,14,1,10,9,1
S01007072,50 to 64,130,110,100,10,20,3,0,1,11,5
S01007072,65 to 74,40,34,32,2,6,1,0,0,0,5
S01007072,75 to 84,18,14,14,0,4,0,0,0,0,4
S01007072,85 and over,2,0,0,0,2,0,0,0,0,2
S01007073,All people aged 16 and over in households,753,502,448,54,251,158,5,7,23,58
S01007073,16 to 24,117,11,6,5,106,106,0,0,0,0
S01007073,25 to 34,89,62,45,17,27,27,0,0,0,0
S01007073,35 to 49,210,168,145,23,42,16,2,6,14,4
S01007073,50 to 64,179,156,149,7,23,4,1,1,7,10
S01007073,65 to 74,96,71,69,2,25,2,1,0,2,20
S01007073,75 to 84,48,29,29,0,19,1,1,0,0,17
S01007073,85 and over,14,5,5,0,9,2,0,0,0,7
S01007074,All people aged 16 and over in households,549,336,282,54,213,121,4,13,39,36
S01007074,16 to 24,71,9,1,8,62,62,0,0,0,0
S01007074,25 to 34,89,50,25,25,39,32,1,4,2,0
S01007074,35 to 49,133,91,74,17,42,19,1,5,15,2
S01007074,50 to 64,164,122,119,3,42,7,2,4,15,14
S01007074,65 to 74,60,44,44,0,16,1,0,0,6,9
S01007074,75 to 84,28,19,18,1,9,0,0,0,1,8
S01007074,85 and over,4,1,1,0,3,0,0,0,0,3
S01007075,All people aged 16 and over in households,585,339,274,65,246,137,2,21,41,45
S01007075,16 to 24,95,14,0,14,81,81,0,0,0,0
S01007075,25 to 34,84,54,28,26,30,22,0,7,1,0
S01007075,35 to 49,153,106,85,21,47,21,2,7,17,0
S01007075,50 to 64,134,100,96,4,34,7,0,6,12,9
S01007075,65 to 74,71,49,49,0,22,1,0,1,7,13
S01007075,75 to 84,42,16,16,0,26,4,0,0,4,18
S01007075,85 and over,6,0,0,0,6,1,0,0,0,5
S01007076,All people aged 16 and over in households,599,396,332,64,203,132,2,8,31,30
S01007076,16 to 24,96,10,3,7,86,86,0,0,0,0
S01007076,25 to 34,89,60,37,23,29,26,0,3,0,0
S01007076,35 to 49,183,150,123,27,33,15,1,4,11,2
S01007076,50 to 64,163,132,125,7,31,4,0,1,17,9
S01007076,65 to 74,49,34,34,0,15,1,0,0,2,12
S01007076,75 to 84,17,9,9,0,8,0,1,0,1,6
S01007076,85 and over,2,1,1,0,1,0,0,0,0,1
S01007077,All people aged 16 and over in households,594,396,336,60,198,106,2,8,33,49
S01007077,16 to 24,74,18,2,16,56,56,0,0,0,0
S01007077,25 to 34,63,34,19,15,29,26,1,0,2,0
S01007077,35 to 49,126,96,75,21,30,12,0,3,13,2
S01007077,50 to 64,165,127,122,5,38,8,0,4,14,12
S01007077,65 to 74,94,74,73,1,20,1,1,0,3,15
S01007077,75 to 84,62,43,41,2,19,2,0,0,1,16
S01007077,85 and over,10,4,4,0,6,1,0,1,0,4
S01007078,All people aged 16 and over in households,713,420,336,84,293,166,7,16,43,61
S01007078,16 to 24,92,13,1,12,79,79,0,0,0,0
S01007078,25 to 34,104,65,29,36,39,34,0,3,2,0
S01007078,35 to 49,156,99,75,24,57,29,2,9,16,1
S01007078,50 to 64,172,127,120,7,45,15,3,2,16,9
S01007078,65 to 74,114,84,80,4,30,2,0,2,8,18
S01007078,75 to 84,57,29,28,1,28,6,2,0,0,20
S01007078,85 and over,18,3,3,0,15,1,0,0,1,13
S01007079,All people aged 16 and over in households,853,458,346,112,395,191,2,26,83,93
S01007079,16 to 24,114,38,9,29,76,76,0,0,0,0
S01007079,25 to 34,132,76,37,39,56,50,0,4,2,0
S01007079,35 to 49,190,126,94,32,64,29,0,12,23,0
S01007079,50 to 64,165,106,94,12,59,13,0,8,30,8
S01007079,65 to 74,120,62,62,0,58,9,0,1,19,29
S01007079,75 to 84,99,38,38,0,61,9,2,1,8,41
S01007079,85 and over,33,12,12,0,21,5,0,0,1,15
S01007080,All people aged 16 and over in households,669,372,304,68,297,149,7,22,50,69
S01007080,16 to 24,94,21,4,17,73,73,0,0,0,0
S01007080,25 to 34,81,43,24,19,38,32,2,2,2,0
S01007080,35 to 49,162,107,85,22,55,19,2,15,18,1
S01007080,50 to 64,138,89,79,10,49,16,0,3,27,3
S01007080,65 to 74,82,52,52,0,30,6,0,1,3,20
S01007080,75 to 84,83,53,53,0,30,2,1,1,0,26
S01007080,85 and over,29,7,7,0,22,1,2,0,0,19
S01007081,All people aged 16 and over in households,734,424,286,138,310,171,8,28,53,50
S01007081,16 to 24,136,41,9,32,95,95,0,0,0,0
S01007081,25 to 34,138,98,49,49,40,28,2,7,2,1
S01007081,35 to 49,193,124,80,44,69,37,2,8,22,0
S01007081,50 to 64,165,110,98,12,55,7,3,11,27,7
S01007081,65 to 74,58,36,35,1,22,1,0,2,1,18
S01007081,75 to 84,37,15,15,0,22,2,1,0,1,18
S01007081,85 and over,7,0,0,0,7,1,0,0,0,6
S01007082,All people aged 16 and over in households,439,217,162,55,222,119,8,18,44,33
S01007082,16 to 24,69,13,2,11,56,55,0,0,0,1
S01007082,25 to 34,77,45,20,25,32,27,0,3,2,0
S01007082,35 to 49,121,69,56,13,52,21,4,9,16,2
S01007082,50 to 64,109,63,58,5,46,8,4,6,19,9
S01007082,65 to 74,34,15,15,0,19,4,0,0,6,9
S01007082,75 to 84,22,12,11,1,10,4,0,0,0,6
S01007082,85 and over,7,0,0,0,7,0,0,0,1,6
S01007083,All people aged 16 and over in households,761,394,260,134,367,192,15,21,73,66
S01007083,16 to 24,130,44,5,39,86,83,3,0,0,0
S01007083,25 to 34,127,85,34,51,42,34,3,1,4,0
S01007083,35 to 49,159,82,59,23,77,41,5,11,19,1
S01007083,50 to 64,157,82,67,15,75,21,0,6,35,13
S01007083,65 to 74,97,61,57,4,36,10,2,3,11,10
S01007083,75 to 84,73,37,36,1,36,2,2,0,3,29
S01007083,85 and over,18,3,2,1,15,1,0,0,1,13
S01007084,All people aged 16 and over in households,495,288,258,30,207,112,7,10,32,46
S01007084,16 to 24,51,3,0,3,48,48,0,0,0,0
S01007084,25 to 34,68,41,26,15,27,26,0,1,0,0
S01007084,35 to 49,122,75,67,8,47,22,3,8,13,1
S01007084,50 to 64,110,88,85,3,22,1,4,1,11,5
S01007084,65 to 74,71,53,52,1,18,4,0,0,3,11
S01007084,75 to 84,61,25,25,0,36,6,0,0,5,25
S01007084,85 and over,12,3,3,0,9,5,0,0,0,4
S01007085,All people aged 16 and over in households,651,368,268,100,283,170,11,13,62,27
S01007085,16 to 24,110,32,6,26,78,78,0,0,0,0
S01007085,25 to 34,123,77,44,33,46,41,2,1,1,1
S01007085,35 to 49,173,107,83,24,66,29,6,5,23,3
S01007085,50 to 64,144,87,72,15,57,15,2,7,31,2
S01007085,65 to 74,54,37,35,2,17,2,1,0,3,11
S01007085,75 to 84,37,23,23,0,14,4,0,0,2,8
S01007085,85 and over,10,5,5,0,5,1,0,0,2,2
S01007086,All people aged 16 and over in households,906,418,228,190,488,291,19,37,102,39
S01007086,16 to 24,204,74,10,64,130,127,2,1,0,0
S01007086,25 to 34,209,126,59,67,83,66,6,6,5,0
S01007086,35 to 49,239,118,69,49,121,55,7,13,40,6
S01007086,50 to 64,164,70,60,10,94,27,3,16,42,6
S01007086,65 to 74,45,18,18,0,27,10,1,1,7,8
S01007086,75 to 84,33,9,9,0,24,4,0,0,7,13
S01007086,85 and over,12,3,3,0,9,2,0,0,1,6
S01007087,All people aged 16 and over in households,725,352,232,120,373,218,15,22,60,58
S01007087,16 to 24,136,55,7,48,81,81,0,0,0,0
S01007087,25 to 34,136,71,36,35,65,57,2,1,5,0
S01007087,35 to 49,184,95,69,26,89,44,6,9,27,3
S01007087,50 to 64,145,81,70,11,64,21,5,7,14,17
S01007087,65 to 74,56,29,29,0,27,6,0,4,6,11
S01007087,75 to 84,53,20,20,0,33,7,2,1,7,16
S01007087,85 and over,15,1,1,0,14,2,0,0,1,11
S01007088,All people aged 16 and over in households,433,214,138,76,219,117,9,17,53,23
S01007088,16 to 24,61,19,6,13,42,41,1,0,0,0
S01007088,25 to 34,90,48,22,26,42,38,2,2,0,0
S01007088,35 to 49,119,66,45,21,53,22,5,6,20,0
S01007088,50 to 64,101,49,34,15,52,9,1,9,25,8
S01007088,65 to 74,33,18,18,0,15,3,0,0,6,6
S01007088,75 to 84,24,13,12,1,11,4,0,0,2,5
S01007088,85 and over,5,1,1,0,4,0,0,0,0,4
S01007089,All people aged 16 and over in households,423,312,290,22,111,62,6,6,14,23
S01007089,16 to 24,38,3,0,3,35,35,0,0,0,0
S01007089,25 to 34,49,36,22,14,13,12,1,0,0,0
S01007089,35 to 49,130,110,107,3,20,8,3,4,3,2
S01007089,50 to 64,119,101,99,2,18,2,2,1,9,4
S01007089,65 to 74,68,53,53,0,15,3,0,1,2,9
S01007089,75 to 84,18,9,9,0,9,2,0,0,0,7
S01007089,85 and over,1,0,0,0,1,0,0,0,0,1
S01007090,All people aged 16 and over in households,451,294,214,80,157,105,3,8,22,19
S01007090,16 to 24,73,21,3,18,52,52,0,0,0,0
S01007090,25 to 34,76,45,20,25,31,27,2,1,1,0
S01007090,35 to 49,136,98,80,18,38,17,1,5,13,2
S01007090,50 to 64,96,74,56,18,22,9,0,1,5,7
S01007090,65 to 74,33,28,27,1,5,0,0,1,2,2
S01007090,75 to 84,35,27,27,0,8,0,0,0,0,8
S01007090,85 and over,2,1,1,0,1,0,0,0,1,0
S01007091,All people aged 16 and over in households,587,374,260,114,213,157,0,19,26,11
S01007091,16 to 24,140,28,5,23,112,112,0,0,0,0
S01007091,25 to 34,114,92,50,42,22,20,0,2,0,0
S01007091,35 to 49,234,176,134,42,58,24,0,13,21,0
S01007091,50 to 64,72,58,51,7,14,1,0,3,4,6
S01007091,65 to 74,16,14,14,0,2,0,0,0,1,1
S01007091,75 to 84,11,6,6,0,5,0,0,1,0,4
S01007091,85 and over,0,0,0,0,0,0,0,0,0,0
S01007092,All people aged 16 and over in households,537,310,254,56,227,113,0,13,34,67
S01007092,16 to 24,68,15,1,14,53,53,0,0,0,0
S01007092,25 to 34,69,39,21,18,30,27,0,2,1,0
S01007092,35 to 49,98,73,60,13,25,15,0,5,5,0
S01007092,50 to 64,139,98,88,10,41,8,0,5,19,9
S01007092,65 to 74,75,50,49,1,25,4,0,1,9,11
S01007092,75 to 84,63,32,32,0,31,4,0,0,0,27
S01007092,85 and over,25,3,3,0,22,2,0,0,0,20
S01007093,All people aged 16 and over in households,818,564,522,42,254,151,6,7,41,49
S01007093,16 to 24,100,12,1,11,88,86,1,0,1,0
S01007093,25 to 34,91,51,42,9,40,36,2,0,2,0
S01007093,35 to 49,203,166,157,9,37,15,0,5,15,2
S01007093,50 to 64,235,204,194,10,31,10,1,2,13,5
S01007093,65 to 74,117,90,89,1,27,3,0,0,8,16
S01007093,75 to 84,57,33,32,1,24,1,2,0,1,20
S01007093,85 and over,15,8,7,1,7,0,0,0,1,6
S01007094,All people aged 16 and over in households,749,532,474,58,217,133,8,10,25,41
S01007094,16 to 24,89,11,8,3,78,78,0,0,0,0
S01007094,25 to 34,91,61,44,17,30,29,0,1,0,0
S01007094,35 to 49,184,151,130,21,33,10,4,7,9,3
S01007094,50 to 64,202,177,164,13,25,9,0,2,11,3
S01007094,65 to 74,109,90,88,2,19,3,3,0,3,10
S01007094,75 to 84,64,41,39,2,23,2,1,0,2,18
S01007094,85 and over,10,1,1,0,9,2,0,0,0,7
S01007095,All people aged 16 and over in households,447,307,271,36,140,94,5,6,15,20
S01007095,16 to 24,49,2,0,2,47,47,0,0,0,0
S01007095,25 to 34,51,27,19,8,24,22,2,0,0,0
S01007095,35 to 49,139,112,94,18,27,16,2,3,6,0
S01007095,50 to 64,124,101,98,3,23,7,1,1,8,6
S01007095,65 to 74,56,47,42,5,9,0,0,1,1,7
S01007095,75 to 84,26,17,17,0,9,1,0,1,0,7
S01007095,85 and over,2,1,1,0,1,1,0,0,0,0
S01007096,All people aged 16 and over in households,645,480,388,92,165,116,2,9,16,22
S01007096,16 to 24,86,17,1,16,69,69,0,0,0,0
S01007096,25 to 34,110,89,53,36,21,20,0,1,0,0
S01007096,35 to 49,193,168,139,29,25,13,1,4,7,0
S01007096,50 to 64,159,133,128,5,26,11,1,3,7,4
S01007096,65 to 74,54,50,46,4,4,1,0,1,0,2
S01007096,75 to 84,28,19,17,2,9,1,0,0,1,7
S01007096,85 and over,15,4,4,0,11,1,0,0,1,9
S01007097,All people aged 16 and over in households,394,292,246,46,102,65,7,8,9,13
S01007097,16 to 24,45,4,2,2,41,41,0,0,0,0
S01007097,25 to 34,61,38,22,16,23,16,2,4,0,1
S01007097,35 to 49,115,101,79,22,14,4,4,1,4,1
S01007097,50 to 64,116,104,98,6,12,1,1,2,4,4
S01007097,65 to 74,33,30,30,0,3,1,0,0,0,2
S01007097,75 to 84,21,14,14,0,7,1,0,1,1,4
S01007097,85 and over,3,1,1,0,2,1,0,0,0,1
S01007098,All people aged 16 and over in households,626,468,422,46,158,106,3,7,17,25
S01007098,16 to 24,84,9,1,8,75,75,0,0,0,0
S01007098,25 to 34,79,64,53,11,15,14,0,1,0,0
S01007098,35 to 49,199,171,149,22,28,14,0,6,6,2
S01007098,50 to 64,171,155,151,4,16,2,1,0,9,4
S01007098,65 to 74,72,59,59,0,13,1,2,0,1,9
S01007098,75 to 84,18,10,9,1,8,0,0,0,1,7
S01007098,85 and over,3,0,0,0,3,0,0,0,0,3
S01007099,All people aged 16 and over in households,694,478,430,48,216,139,6,8,25,38
S01007099,16 to 24,95,9,5,4,86,86,0,0,0,0
S01007099,25 to 34,112,84,69,15,28,24,2,1,1,0
S01007099,35 to 49,230,190,172,18,40,17,1,6,14,2
S01007099,50 to 64,143,125,118,7,18,6,1,1,5,5
S01007099,65 to 74,69,51,47,4,18,2,0,0,5,11
S01007099,75 to 84,34,15,15,0,19,4,2,0,0,13
S01007099,85 and over,11,4,4,0,7,0,0,0,0,7
S01007100,All people aged 16 and over in households,596,396,348,48,200,118,3,9,32,38
S01007100,16 to 24,78,10,3,7,68,68,0,0,0,0
S01007100,25 to 34,54,31,18,13,23,22,0,1,0,0
S01007100,35 to 49,175,135,116,19,40,22,0,6,11,1
S01007100,50 to 64,175,146,138,8,29,5,2,2,16,4
S01007100,65 to 74,75,54,53,1,21,0,0,0,5,16
S01007100,75 to 84,31,15,15,0,16,1,1,0,0,14
S01007100,85 and over,8,5,5,0,3,0,0,0,0,3
S01007101,All people aged 16 and over in households,655,412,346,66,243,148,1,12,38,44
S01007101,16 to 24,93,13,4,9,80,80,0,0,0,0
S01007101,25 to 34,93,57,31,26,36,34,0,2,0,0
S01007101,35 to 49,165,123,104,19,42,21,0,6,13,2
S01007101,50 to 64,176,144,133,11,32,6,0,3,18,5
S01007101,65 to 74,79,54,53,1,25,5,1,1,6,12
S01007101,75 to 84,43,21,21,0,22,1,0,0,1,20
S01007101,85 and over,6,0,0,0,6,1,0,0,0,5
S01007102,All people aged 16 and over in households,582,400,352,48,182,123,2,18,19,20
S01007102,16 to 24,89,6,3,3,83,83,0,0,0,0
S01007102,25 to 34,49,22,17,5,27,25,0,1,1,0
S01007102,35 to 49,149,126,103,23,23,5,1,9,6,2
S01007102,50 to 64,183,157,143,14,26,5,1,7,9,4
S01007102,65 to 74,75,66,63,3,9,1,0,0,1,7
S01007102,75 to 84,29,21,21,0,8,3,0,1,0,4
S01007102,85 and over,8,2,2,0,6,1,0,0,2,3
S01007103,All people aged 16 and over in households,678,416,368,48,262,160,3,13,30,56
S01007103,16 to 24,96,6,1,5,90,89,1,0,0,0
S01007103,25 to 34,84,46,34,12,38,34,0,2,2,0
S01007103,35 to 49,196,155,133,22,41,21,0,6,14,0
S01007103,50 to 64,165,135,126,9,30,7,1,4,7,11
S01007103,65 to 74,66,45,45,0,21,2,1,0,4,14
S01007103,75 to 84,51,24,24,0,27,4,0,1,3,19
S01007103,85 and over,20,5,5,0,15,3,0,0,0,12
S01007104,All people aged 16 and over in households,398,290,260,30,108,64,2,2,16,24
S01007104,16 to 24,35,4,1,3,31,31,0,0,0,0
S01007104,25 to 34,52,33,29,4,19,17,0,0,2,0
S01007104,35 to 49,122,111,101,10,11,7,0,1,3,0
S01007104,50 to 64,106,85,74,11,21,6,0,0,6,9
S01007104,65 to 74,62,48,46,2,14,3,2,1,5,3
S01007104,75 to 84,15,7,7,0,8,0,0,0,0,8
S01007104,85 and over,6,2,2,0,4,0,0,0,0,4
S01007105,All people aged 16 and over in households,447,268,240,28,179,105,4,8,20,42
S01007105,16 to 24,62,8,3,5,54,53,0,1,0,0
S01007105,25 to 34,57,36,26,10,21,16,1,4,0,0
S01007105,35 to 49,104,85,75,10,19,10,0,2,5,2
S01007105,50 to 64,103,74,71,3,29,11,1,1,8,8
S01007105,65 to 74,58,39,39,0,19,5,0,0,6,8
S01007105,75 to 84,52,23,23,0,29,9,0,0,1,19
S01007105,85 and over,11,3,3,0,8,1,2,0,0,5
S01007106,All people aged 16 and over in households,613,368,330,38,245,131,5,17,43,49
S01007106,16 to 24,80,6,2,4,74,74,0,0,0,0
S01007106,25 to 34,73,35,22,13,38,30,0,6,2,0
S01007106,35 to 49,130,90,78,12,40,14,3,6,14,3
S01007106,50 to 64,183,147,141,6,36,8,1,2,18,7
S01007106,65 to 74,82,63,62,1,19,1,0,3,4,11
S01007106,75 to 84,48,21,19,2,27,2,1,0,5,19
S01007106,85 and over,17,6,6,0,11,2,0,0,0,9
S01007107,All people aged 16 and over in households,543,402,356,46,141,94,3,6,17,21
S01007107,16 to 24,58,7,4,3,51,51,0,0,0,0
S01007107,25 to 34,63,42,33,9,21,17,1,0,3,0
S01007107,35 to 49,157,131,111,20,26,14,2,5,4,1
S01007107,50 to 64,171,154,144,10,17,5,0,1,8,3
S01007107,65 to 74,56,47,44,3,9,2,0,0,2,5
S01007107,75 to 84,30,19,18,1,11,4,0,0,0,7
S01007107,85 and over,8,2,2,0,6,1,0,0,0,5
S01007108,All people aged 16 and over in households,468,328,288,40,140,94,2,4,17,23
S01007108,16 to 24,53,6,0,6,47,47,0,0,0,0
S01007108,25 to 34,48,31,23,8,17,17,0,0,0,0
S01007108,35 to 49,132,108,98,10,24,15,0,0,6,3
S01007108,50 to 64,138,116,105,11,22,5,1,3,11,2
S01007108,65 to 74,62,48,44,4,14,7,0,1,0,6
S01007108,75 to 84,27,17,17,0,10,2,1,0,0,7
S01007108,85 and over,8,2,1,1,6,1,0,0,0,5
S01007109,All people aged 16 and over in households,668,406,328,78,262,131,6,21,52,52
S01007109,16 to 24,85,26,8,18,59,58,0,1,0,0
S01007109,25 to 34,114,64,38,26,50,40,2,3,5,0
S01007109,35 to 49,167,120,96,24,47,22,1,8,16,0
S01007109,50 to 64,162,116,108,8,46,9,0,5,24,8
S01007109,65 to 74,86,59,57,2,27,1,2,4,7,13
S01007109,75 to 84,39,16,16,0,23,1,1,0,0,21
S01007109,85 and over,15,5,5,0,10,0,0,0,0,10
S01007110,All people aged 16 and over in households,608,388,308,80,220,122,4,12,34,48
S01007110,16 to 24,88,21,3,18,67,67,0,0,0,0
S01007110,25 to 34,109,79,48,31,30,27,1,1,1,0
S01007110,35 to 49,166,128,107,21,38,17,2,6,10,3
S01007110,50 to 64,128,96,87,9,32,7,1,3,14,7
S01007110,65 to 74,67,44,43,1,23,1,0,1,8,13
S01007110,75 to 84,44,20,20,0,24,3,0,1,1,19
S01007110,85 and over,6,0,0,0,6,0,0,0,0,6
S01007111,All people aged 16 and over in households,434,296,260,36,138,82,2,4,25,25
S01007111,16 to 24,66,11,2,9,55,55,0,0,0,0
S01007111,25 to 34,40,31,26,5,9,8,0,1,0,0
S01007111,35 to 49,108,88,80,8,20,7,2,2,9,0
S01007111,50 to 64,116,94,83,11,22,6,0,0,14,2
S01007111,65 to 74,67,55,52,3,12,2,0,0,2,8
S01007111,75 to 84,30,17,17,0,13,4,0,1,0,8
S01007111,85 and over,7,0,0,0,7,0,0,0,0,7
S01007112,All people aged 16 and over in households,475,332,308,24,143,97,5,2,15,24
S01007112,16 to 24,68,3,0,3,65,65,0,0,0,0
S01007112,25 to 34,37,19,13,6,18,17,0,0,1,0
S01007112,35 to 49,98,78,70,8,20,10,3,1,6,0
S01007112,50 to 64,139,123,119,4,16,4,1,1,6,4
S01007112,65 to 74,92,80,78,2,12,1,0,0,1,10
S01007112,75 to 84,35,27,26,1,8,0,1,0,1,6
S01007112,85 and over,6,2,2,0,4,0,0,0,0,4
S01007113,All people aged 16 and over in households,439,282,254,28,157,105,4,6,16,26
S01007113,16 to 24,49,9,1,8,40,40,0,0,0,0
S01007113,25 to 34,64,32,24,8,32,31,0,0,1,0
S01007113,35 to 49,105,72,67,5,33,22,2,3,6,0
S01007113,50 to 64,102,87,80,7,15,5,1,2,6,1
S01007113,65 to 74,72,61,61,0,11,1,0,1,2,7
S01007113,75 to 84,37,18,18,0,19,4,0,0,1,14
S01007113,85 and over,10,3,3,0,7,2,1,0,0,4
S01007114,All people aged 16 and over in households,745,486,424,62,259,159,3,16,25,56
S01007114,16 to 24,107,13,6,7,94,93,0,0,0,1
S01007114,25 to 34,86,51,31,20,35,33,0,1,1,0
S01007114,35 to 49,208,165,143,22,43,23,2,7,11,0
S01007114,50 to 64,158,130,119,11,28,7,0,4,9,8
S01007114,65 to 74,100,81,79,2,19,1,0,2,2,14
S01007114,75 to 84,68,43,43,0,25,1,1,2,1,20
S01007114,85 and over,18,3,3,0,15,1,0,0,1,13
S01007115,All people aged 16 and over in households,534,354,314,40,180,105,3,7,15,50
S01007115,16 to 24,79,3,0,3,76,76,0,0,0,0
S01007115,25 to 34,61,43,30,13,18,16,0,0,2,0
S01007115,35 to 49,134,120,106,14,14,4,1,4,4,1
S01007115,50 to 64,147,122,112,10,25,4,1,3,7,10
S01007115,65 to 74,60,53,53,0,7,0,0,0,1,6
S01007115,75 to 84,30,12,12,0,18,4,0,0,1,13
S01007115,85 and over,23,1,1,0,22,1,1,0,0,20
S01007116,All people aged 16 and over in households,732,560,514,46,172,143,0,4,11,14
S01007116,16 to 24,120,10,8,2,110,110,0,0,0,0
S01007116,25 to 34,117,91,73,18,26,24,0,1,1,0
S01007116,35 to 49,291,279,261,18,12,7,0,1,3,1
S01007116,50 to 64,145,131,124,7,14,1,0,2,5,6
S01007116,65 to 74,45,37,36,1,8,1,0,0,2,5
S01007116,75 to 84,13,12,12,0,1,0,0,0,0,1
S01007116,85 and over,1,0,0,0,1,0,0,0,0,1
S01007117,All people aged 16 and over in households,398,290,274,16,108,79,0,4,9,16
S01007117,16 to 24,65,2,0,2,63,63,0,0,0,0
S01007117,25 to 34,28,14,13,1,14,13,0,0,1,0
S01007117,35 to 49,98,83,74,9,15,2,0,3,6,4
S01007117,50 to 64,124,122,118,4,2,0,0,0,2,0
S01007117,65 to 74,49,46,46,0,3,0,0,0,0,3
S01007117,75 to 84,27,18,18,0,9,0,0,1,0,8
S01007117,85 and over,7,5,5,0,2,1,0,0,0,1
S01007118,All people aged 16 and over in households,531,282,194,88,249,149,4,21,54,21
S01007118,16 to 24,98,23,2,21,75,75,0,0,0,0
S01007118,25 to 34,116,76,37,39,40,32,2,4,2,0
S01007118,35 to 49,146,82,61,21,64,21,2,14,24,3
S01007118,50 to 64,108,68,62,6,40,11,0,3,19,7
S01007118,65 to 74,48,27,26,1,21,9,0,0,7,5
S01007118,75 to 84,12,5,5,0,7,1,0,0,2,4
S01007118,85 and over,3,1,1,0,2,0,0,0,0,2
S01007119,All people aged 16 and over in households,658,380,306,74,278,159,4,17,53,45
S01007119,16 to 24,113,18,8,10,95,94,0,1,0,0
S01007119,25 to 34,118,74,31,43,44,36,1,2,5,0
S01007119,35 to 49,155,103,85,18,52,23,0,10,17,2
S01007119,50 to 64,179,130,127,3,49,4,2,4,24,15
S01007119,65 to 74,60,39,39,0,21,2,0,0,6,13
S01007119,75 to 84,25,16,16,0,9,0,1,0,1,7
S01007119,85 and over,8,0,0,0,8,0,0,0,0,8
S01007120,All people aged 16 and over in households,901,518,388,130,383,246,7,26,55,49
S01007120,16 to 24,151,39,7,32,112,112,0,0,0,0
S01007120,25 to 34,176,98,51,47,78,67,2,5,4,0
S01007120,35 to 49,230,141,103,38,89,48,2,12,22,5
S01007120,50 to 64,207,159,148,11,48,15,3,6,17,7
S01007120,65 to 74,92,63,61,2,29,1,0,2,9,17
S01007120,75 to 84,39,18,18,0,21,3,0,1,3,14
S01007120,85 and over,6,0,0,0,6,0,0,0,0,6
S01007121,All people aged 16 and over in households,466,188,156,32,278,120,11,16,38,93
S01007121,16 to 24,58,8,4,4,50,49,0,0,0,1
S01007121,25 to 34,76,32,20,12,44,37,1,2,4,0
S01007121,35 to 49,85,52,44,8,33,11,6,8,8,0
S01007121,50 to 64,78,41,33,8,37,6,4,5,18,4
S01007121,65 to 74,58,32,32,0,26,8,0,1,5,12
S01007121,75 to 84,73,21,21,0,52,6,0,0,2,44
S01007121,85 and over,38,2,2,0,36,3,0,0,1,32
S01007122,All people aged 16 and over in households,506,275,234,41,231,144,5,11,37,34
S01007122,16 to 24,61,6,2,4,55,55,0,0,0,0
S01007122,25 to 34,78,35,21,14,43,41,1,0,1,0
S01007122,35 to 49,130,90,74,16,40,27,1,4,8,0
S01007122,50 to 64,136,92,85,7,44,9,1,2,24,8
S01007122,65 to 74,48,32,32,0,16,4,0,5,3,4
S01007122,75 to 84,37,15,15,0,22,7,2,0,1,12
S01007122,85 and over,16,5,5,0,11,1,0,0,0,10
S01007123,All people aged 16 and over in households,542,322,254,68,220,114,3,14,36,53
S01007123,16 to 24,61,13,1,12,48,48,0,0,0,0
S01007123,25 to 34,77,42,14,28,35,31,1,1,2,0
S01007123,35 to 49,127,92,68,24,35,19,1,8,6,1
S01007123,50 to 64,125,86,82,4,39,9,1,4,19,6
S01007123,65 to 74,75,56,56,0,19,2,0,1,6,10
S01007123,75 to 84,56,26,26,0,30,3,0,0,3,24
S01007123,85 and over,21,7,7,0,14,2,0,0,0,12
S01007124,All people aged 16 and over in households,749,484,382,102,265,155,9,14,37,50
S01007124,16 to 24,92,17,6,11,75,74,1,0,0,0
S01007124,25 to 34,130,84,47,37,46,40,1,4,1,0
S01007124,35 to 49,181,137,105,32,44,18,3,10,13,0
S01007124,50 to 64,189,141,125,16,48,15,4,0,19,10
S01007124,65 to 74,74,61,57,4,13,3,0,0,3,7
S01007124,75 to 84,59,37,35,2,22,4,0,0,1,17
S01007124,85 and over,24,7,7,0,17,1,0,0,0,16
S01007125,All people aged 16 and over in households,676,386,320,66,290,174,13,16,32,55
S01007125,16 to 24,109,23,12,11,86,86,0,0,0,0
S01007125,25 to 34,121,69,40,29,52,43,1,4,4,0
S01007125,35 to 49,168,113,94,19,55,31,5,7,10,2
S01007125,50 to 64,142,96,89,7,46,12,6,5,14,9
S01007125,65 to 74,82,59,59,0,23,1,1,0,3,18
S01007125,75 to 84,44,25,25,0,19,1,0,0,1,17
S01007125,85 and over,10,1,1,0,9,0,0,0,0,9
S01007126,All people aged 16 and over in households,715,355,262,93,360,210,8,26,78,38
S01007126,16 to 24,127,27,9,18,100,97,1,2,0,0
S01007126,25 to 34,150,103,65,38,47,41,1,0,5,0
S01007126,35 to 49,198,108,75,33,90,46,2,16,26,0
S01007126,50 to 64,149,83,79,4,66,14,4,6,32,10
S01007126,65 to 74,49,17,17,0,32,6,0,2,12,12
S01007126,75 to 84,35,14,14,0,21,6,0,0,3,12
S01007126,85 and over,7,3,3,0,4,0,0,0,0,4
S01007127,All people aged 16 and over in households,810,405,260,145,405,217,20,29,85,54
S01007127,16 to 24,104,30,3,27,74,68,2,1,2,1
S01007127,25 to 34,231,136,61,75,95,80,10,3,2,0
S01007127,35 to 49,222,107,71,36,115,44,6,15,46,4
S01007127,50 to 64,159,90,83,7,69,16,2,6,31,14
S01007127,65 to 74,43,23,23,0,20,2,0,4,4,10
S01007127,75 to 84,38,15,15,0,23,7,0,0,0,16
S01007127,85 and over,13,4,4,0,9,0,0,0,0,9
S01007128,All people aged 16 and over in households,696,384,304,80,312,159,2,16,56,79
S01007128,16 to 24,79,26,3,23,53,53,0,0,0,0
S01007128,25 to 34,119,67,37,30,52,48,0,3,1,0
S01007128,35 to 49,122,78,65,13,44,23,2,6,12,1
S01007128,50 to 64,174,107,96,11,67,21,0,6,25,15
S01007128,65 to 74,124,79,78,1,45,8,0,1,10,26
S01007128,75 to 84,57,19,17,2,38,4,0,0,6,28
S01007128,85 and over,21,8,8,0,13,2,0,0,2,9
S01007129,All people aged 16 and over in households,739,564,482,82,175,111,6,13,16,29
S01007129,16 to 24,65,2,0,2,63,62,1,0,0,0
S01007129,25 to 34,56,42,32,10,14,14,0,0,0,0
S01007129,35 to 49,285,243,206,37,42,24,2,7,8,1
S01007129,50 to 64,206,184,159,25,22,5,2,6,5,4
S01007129,65 to 74,86,70,67,3,16,5,1,0,2,8
S01007129,75 to 84,32,21,17,4,11,1,0,0,1,9
S01007129,85 and over,9,2,1,1,7,0,0,0,0,7
S01007130,All people aged 16 and over in households,530,332,282,50,198,115,5,6,21,51
S01007130,16 to 24,65,8,2,6,57,55,0,0,0,2
S01007130,25 to 34,60,38,24,14,22,19,1,2,0,0
S01007130,35 to 49,120,91,77,14,29,16,1,2,7,3
S01007130,50 to 64,128,97,83,14,31,13,3,2,11,2
S01007130,65 to 74,83,62,60,2,21,3,0,0,3,15
S01007130,75 to 84,62,34,34,0,28,7,0,0,0,21
S01007130,85 and over,12,2,2,0,10,2,0,0,0,8
S01007131,All people aged 16 and over in households,655,444,394,50,211,113,2,9,27,60
S01007131,16 to 24,71,3,0,3,68,68,0,0,0,0
S01007131,25 to 34,44,28,24,4,16,14,0,1,1,0
S01007131,35 to 49,167,139,117,22,28,16,1,4,6,1
S01007131,50 to 64,208,176,160,16,32,6,0,2,13,11
S01007131,65 to 74,86,58,54,4,28,5,1,2,3,17
S01007131,75 to 84,52,33,32,1,19,1,0,0,3,15
S01007131,85 and over,27,7,7,0,20,3,0,0,1,16
S01007132,All people aged 16 and over in households,590,412,370,42,178,101,3,18,21,35
S01007132,16 to 24,74,2,0,2,72,72,0,0,0,0
S01007132,25 to 34,33,23,7,16,10,6,2,1,1,0
S01007132,35 to 49,145,120,108,12,25,7,0,11,7,0
S01007132,50 to 64,189,155,144,11,34,13,0,4,12,5
S01007132,65 to 74,76,61,60,1,15,2,0,2,1,10
S01007132,75 to 84,64,47,47,0,17,0,1,0,0,16
S01007132,85 and over,9,4,4,0,5,1,0,0,0,4
S01007133,All people aged 16 and over in households,554,384,334,50,170,104,6,13,22,25
S01007133,16 to 24,76,5,1,4,71,71,0,0,0,0
S01007133,25 to 34,52,34,16,18,18,16,0,2,0,0
S01007133,35 to 49,156,130,108,22,26,10,3,8,5,0
S01007133,50 to 64,164,136,130,6,28,6,2,3,13,4
S01007133,65 to 74,67,55,55,0,12,1,0,0,4,7
S01007133,75 to 84,35,23,23,0,12,0,1,0,0,11
S01007133,85 and over,4,1,1,0,3,0,0,0,0,3
S01007134,All people aged 16 and over in households,611,418,344,74,193,108,2,15,24,44
S01007134,16 to 24,50,7,0,7,43,43,0,0,0,0
S01007134,25 to 34,55,32,16,16,23,21,0,1,1,0
S01007134,35 to 49,171,137,107,30,34,20,1,8,2,3
S01007134,50 to 64,207,170,152,18,37,12,1,3,15,6
S01007134,65 to 74,59,42,39,3,17,4,0,1,6,6
S01007134,75 to 84,49,24,24,0,25,5,0,2,0,18
S01007134,85 and over,20,6,6,0,14,3,0,0,0,11
S01007135,All people aged 16 and over in households,437,308,254,54,129,81,1,4,17,26
S01007135,16 to 24,38,0,0,0,38,38,0,0,0,0
S01007135,25 to 34,46,30,23,7,16,14,0,1,1,0
S01007135,35 to 49,126,108,82,26,18,15,0,1,1,1
S01007135,50 to 64,142,116,98,18,26,7,0,2,10,7
S01007135,65 to 74,43,32,30,2,11,2,1,0,4,4
S01007135,75 to 84,38,21,20,1,17,5,0,0,1,11
S01007135,85 and over,4,1,1,0,3,0,0,0,0,3
S01007136,All people aged 16 and over in households,403,312,292,20,91,59,1,10,10,11
S01007136,16 to 24,48,4,3,1,44,44,0,0,0,0
S01007136,25 to 34,29,19,15,4,10,8,1,1,0,0
S01007136,35 to 49,141,129,120,9,12,5,0,4,3,0
S01007136,50 to 64,124,112,107,5,12,1,0,3,6,2
S01007136,65 to 74,42,33,32,1,9,1,0,2,1,5
S01007136,75 to 84,13,13,13,0,0,0,0,0,0,0
S01007136,85 and over,6,2,2,0,4,0,0,0,0,4
S01007137,All people aged 16 and over in households,519,416,364,52,103,73,3,6,17,4
S01007137,16 to 24,58,1,1,0,57,57,0,0,0,0
S01007137,25 to 34,75,63,48,15,12,8,2,1,1,0
S01007137,35 to 49,260,239,211,28,21,6,0,5,10,0
S01007137,50 to 64,107,97,88,9,10,2,1,0,6,1
S01007137,65 to 74,14,12,12,0,2,0,0,0,0,2
S01007137,75 to 84,5,4,4,0,1,0,0,0,0,1
S01007137,85 and over,0,0,0,0,0,0,0,0,0,0
S01007138,All people aged 16 and over in households,477,348,302,46,129,72,3,6,28,20
S01007138,16 to 24,45,3,1,2,42,42,0,0,0,0
S01007138,25 to 34,50,33,24,9,17,17,0,0,0,0
S01007138,35 to 49,136,121,103,18,15,4,2,2,7,0
S01007138,50 to 64,151,121,108,13,30,7,1,4,15,3
S01007138,65 to 74,61,47,43,4,14,1,0,0,5,8
S01007138,75 to 84,31,22,22,0,9,1,0,0,1,7
S01007138,85 and over,3,1,1,0,2,0,0,0,0,2
S01007139,All people aged 16 and over in households,627,462,400,62,165,95,2,7,30,31
S01007139,16 to 24,54,3,0,3,51,50,1,0,0,0
S01007139,25 to 34,56,36,30,6,20,17,0,1,2,0
S01007139,35 to 49,203,169,133,36,34,16,1,4,12,1
S01007139,50 to 64,163,139,128,11,24,6,0,2,11,5
S01007139,65 to 74,92,79,74,5,13,0,0,0,3,10
S01007139,75 to 84,49,35,34,1,14,5,0,0,2,7
S01007139,85 and over,10,1,1,0,9,1,0,0,0,8
S01007140,All people aged 16 and over in households,826,575,504,71,251,147,5,18,30,51
S01007140,16 to 24,97,3,3,0,94,94,0,0,0,0
S01007140,25 to 34,70,45,31,14,25,21,1,2,1,0
S01007140,35 to 49,222,181,144,37,41,19,2,8,12,0
S01007140,50 to 64,258,221,203,18,37,7,2,5,11,12
S01007140,65 to 74,136,108,106,2,28,5,0,3,6,14
S01007140,75 to 84,37,16,16,0,21,1,0,0,0,20
S01007140,85 and over,6,1,1,0,5,0,0,0,0,5
S01007141,All people aged 16 and over in households,541,388,346,42,153,97,5,4,18,29
S01007141,16 to 24,71,6,0,6,65,65,0,0,0,0
S01007141,25 to 34,62,44,34,10,18,16,2,0,0,0
S01007141,35 to 49,140,122,113,9,18,9,1,1,6,1
S01007141,50 to 64,173,151,137,14,22,6,2,2,5,7
S01007141,65 to 74,60,49,46,3,11,1,0,0,4,6
S01007141,75 to 84,27,15,15,0,12,0,0,1,2,9
S01007141,85 and over,8,1,1,0,7,0,0,0,1,6
S01007142,All people aged 16 and over in households,372,282,260,22,90,77,0,4,6,3
S01007142,16 to 24,72,0,0,0,72,72,0,0,0,0
S01007142,25 to 34,35,31,25,6,4,3,0,1,0,0
S01007142,35 to 49,197,190,174,16,7,1,0,2,4,0
S01007142,50 to 64,60,56,56,0,4,1,0,1,2,0
S01007142,65 to 74,6,3,3,0,3,0,0,0,0,3
S01007142,75 to 84,2,2,2,0,0,0,0,0,0,0
S01007142,85 and over,0,0,0,0,0,0,0,0,0,0
S01007143,All people aged 16 and over in households,435,364,320,44,71,53,2,4,10,2
S01007143,16 to 24,45,6,2,4,39,39,0,0,0,0
S01007143,25 to 34,95,81,66,15,14,10,1,3,0,0
S01007143,35 to 49,220,211,188,23,9,1,1,1,5,1
S01007143,50 to 64,57,51,49,2,6,1,0,0,4,1
S01007143,65 to 74,14,12,12,0,2,1,0,0,1,0
S01007143,75 to 84,4,3,3,0,1,1,0,0,0,0
S01007143,85 and over,0,0,0,0,0,0,0,0,0,0
S01007144,All people aged 16 and over in households,489,328,264,64,161,103,7,5,22,24
S01007144,16 to 24,56,4,0,4,52,52,0,0,0,0
S01007144,25 to 34,62,34,17,17,28,24,3,1,0,0
S01007144,35 to 49,139,111,83,28,28,14,3,3,7,1
S01007144,50 to 64,133,109,98,11,24,6,1,1,13,3
S01007144,65 to 74,64,52,50,2,12,4,0,0,2,6
S01007144,75 to 84,32,17,15,2,15,3,0,0,0,12
S01007144,85 and over,3,1,1,0,2,0,0,0,0,2
S01007145,All people aged 16 and over in households,773,514,460,54,259,138,3,8,29,81
S01007145,16 to 24,70,3,0,3,67,67,0,0,0,0
S01007145,25 to 34,67,37,19,18,30,29,0,0,1,0
S01007145,35 to 49,151,119,104,15,32,19,1,2,9,1
S01007145,50 to 64,217,183,170,13,34,13,0,4,14,3
S01007145,65 to 74,130,100,99,1,30,4,0,2,4,20
S01007145,75 to 84,106,58,54,4,48,4,1,0,1,42
S01007145,85 and over,32,14,14,0,18,2,1,0,0,15
S01007146,All people aged 16 and over in households,606,384,340,44,222,108,3,11,40,60
S01007146,16 to 24,53,3,0,3,50,48,0,0,0,2
S01007146,25 to 34,60,34,20,14,26,26,0,0,0,0
S01007146,35 to 49,147,109,95,14,38,17,1,6,14,0
S01007146,50 to 64,170,135,123,12,35,14,0,3,14,4
S01007146,65 to 74,87,59,58,1,28,2,1,2,10,13
S01007146,75 to 84,69,36,36,0,33,1,1,0,2,29
S01007146,85 and over,20,8,8,0,12,0,0,0,0,12
S01007147,All people aged 16 and over in households,607,416,380,36,191,111,2,9,29,40
S01007147,16 to 24,74,7,0,7,67,67,0,0,0,0
S01007147,25 to 34,46,26,21,5,20,18,1,1,0,0
S01007147,35 to 49,125,96,87,9,29,13,0,4,11,1
S01007147,50 to 64,187,163,149,14,24,5,0,3,9,7
S01007147,65 to 74,106,83,82,1,23,4,0,1,6,12
S01007147,75 to 84,64,39,39,0,25,4,1,0,3,17
S01007147,85 and over,5,2,2,0,3,0,0,0,0,3
S01007148,All people aged 16 and over in households,444,314,290,24,130,89,3,10,13,15
S01007148,16 to 24,66,0,0,0,66,66,0,0,0,0
S01007148,25 to 34,33,21,15,6,12,8,2,2,0,0
S01007148,35 to 49,114,94,82,12,20,7,0,4,7,2
S01007148,50 to 64,152,136,132,4,16,7,0,3,4,2
S01007148,65 to 74,49,45,44,1,4,1,0,0,1,2
S01007148,75 to 84,28,18,17,1,10,0,1,1,1,7
S01007148,85 and over,2,0,0,0,2,0,0,0,0,2
S01007149,All people aged 16 and over in households,472,342,324,18,130,75,1,7,17,30
S01007149,16 to 24,47,5,2,3,42,42,0,0,0,0
S01007149,25 to 34,25,8,6,2,17,14,1,2,0,0
S01007149,35 to 49,97,79,77,2,18,8,0,2,8,0
S01007149,50 to 64,152,131,122,9,21,9,0,3,6,3
S01007149,65 to 74,105,89,88,1,16,1,0,0,2,13
S01007149,75 to 84,39,27,26,1,12,1,0,0,1,10
S01007149,85 and over,7,3,3,0,4,0,0,0,0,4
S01007150,All people aged 16 and over in households,647,428,396,32,219,99,6,10,20,84
S01007150,16 to 24,52,7,0,7,45,45,0,0,0,0
S01007150,25 to 34,41,13,5,8,28,26,0,2,0,0
S01007150,35 to 49,83,61,53,8,22,13,1,3,4,1
S01007150,50 to 64,173,149,142,7,24,8,0,2,8,6
S01007150,65 to 74,149,111,110,1,38,4,1,2,5,26
S01007150,75 to 84,116,73,72,1,43,2,2,1,3,35
S01007150,85 and over,33,14,14,0,19,1,2,0,0,16
S01007151,All people aged 16 and over in households,689,480,430,50,209,125,2,13,29,40
S01007151,16 to 24,89,3,1,2,86,86,0,0,0,0
S01007151,25 to 34,59,38,21,17,21,19,0,2,0,0
S01007151,35 to 49,214,184,162,22,30,12,1,9,7,1
S01007151,50 to 64,193,165,161,4,28,3,0,0,15,10
S01007151,65 to 74,81,65,61,4,16,2,0,1,4,9
S01007151,75 to 84,48,24,23,1,24,3,1,1,3,16
S01007151,85 and over,5,1,1,0,4,0,0,0,0,4
S01007152,All people aged 16 and over in households,452,302,264,38,150,85,0,8,16,41
S01007152,16 to 24,49,1,0,1,48,48,0,0,0,0
S01007152,25 to 34,42,28,14,14,14,14,0,0,0,0
S01007152,35 to 49,133,106,92,14,27,17,0,6,4,0
S01007152,50 to 64,111,96,88,8,15,3,0,1,4,7
S01007152,65 to 74,73,53,52,1,20,3,0,1,6,10
S01007152,75 to 84,38,18,18,0,20,0,0,0,2,18
S01007152,85 and over,6,0,0,0,6,0,0,0,0,6
S01007153,All people aged 16 and over in households,526,364,322,42,162,76,3,11,29,43
S01007153,16 to 24,42,1,0,1,41,41,0,0,0,0
S01007153,25 to 34,43,32,21,11,11,10,0,0,1,0
S01007153,35 to 49,125,99,75,24,26,11,1,4,9,1
S01007153,50 to 64,156,129,125,4,27,6,0,6,13,2
S01007153,65 to 74,90,63,61,2,27,5,0,1,6,15
S01007153,75 to 84,57,37,37,0,20,3,1,0,0,16
S01007153,85 and over,13,3,3,0,10,0,1,0,0,9
S01007154,All people aged 16 and over in households,686,344,272,72,342,146,8,15,53,120
S01007154,16 to 24,54,12,0,12,42,42,0,0,0,0
S01007154,25 to 34,82,36,12,24,46,43,2,0,0,1
S01007154,35 to 49,138,79,63,16,59,26,2,9,20,2
S01007154,50 to 64,153,102,87,15,51,20,0,5,21,5
S01007154,65 to 74,73,41,38,3,32,5,2,1,8,16
S01007154,75 to 84,111,57,55,2,54,6,1,0,3,44
S01007154,85 and over,75,17,17,0,58,4,1,0,1,52
S01007155,All people aged 16 and over in households,541,346,296,50,195,91,4,9,28,63
S01007155,16 to 24,45,5,0,5,40,40,0,0,0,0
S01007155,25 to 34,54,33,27,6,21,20,0,1,0,0
S01007155,35 to 49,121,95,73,22,26,14,1,5,5,1
S01007155,50 to 64,140,102,87,15,38,10,2,2,14,10
S01007155,65 to 74,85,65,63,2,20,3,1,0,6,10
S01007155,75 to 84,70,38,38,0,32,4,0,0,3,25
S01007155,85 and over,26,8,8,0,18,0,0,1,0,17
S01007156,All people aged 16 and over in households,608,406,344,62,202,123,1,11,36,31
S01007156,16 to 24,76,10,1,9,66,66,0,0,0,0
S01007156,25 to 34,71,39,24,15,32,28,1,2,1,0
S01007156,35 to 49,135,98,73,25,37,16,0,6,13,2
S01007156,50 to 64,214,180,168,12,34,8,0,3,17,6
S01007156,65 to 74,53,40,39,1,13,2,0,0,3,8
S01007156,75 to 84,51,36,36,0,15,3,0,0,2,10
S01007156,85 and over,8,3,3,0,5,0,0,0,0,5
S01007157,All people aged 16 and over in households,503,292,250,42,211,122,2,13,51,23
S01007157,16 to 24,63,5,2,3,58,58,0,0,0,0
S01007157,25 to 34,86,50,35,15,36,30,1,0,5,0
S01007157,35 to 49,147,97,84,13,50,24,1,9,15,1
S01007157,50 to 64,128,93,85,8,35,7,0,3,20,5
S01007157,65 to 74,44,32,31,1,12,0,0,1,6,5
S01007157,75 to 84,21,7,7,0,14,2,0,0,5,7
S01007157,85 and over,14,8,6,2,6,1,0,0,0,5
S01007158,All people aged 16 and over in households,740,514,428,86,226,136,3,14,45,28
S01007158,16 to 24,82,10,0,10,72,72,0,0,0,0
S01007158,25 to 34,125,93,60,33,32,29,2,1,0,0
S01007158,35 to 49,245,198,177,21,47,22,1,7,15,2
S01007158,50 to 64,181,144,129,15,37,7,0,5,18,7
S01007158,65 to 74,65,48,44,4,17,5,0,1,7,4
S01007158,75 to 84,33,20,17,3,13,0,0,0,4,9
S01007158,85 and over,9,1,1,0,8,1,0,0,1,6
S01007159,All people aged 16 and over in households,687,370,264,106,317,180,4,27,53,53
S01007159,16 to 24,84,20,2,18,64,63,0,1,0,0
S01007159,25 to 34,126,61,27,34,65,58,1,5,1,0
S01007159,35 to 49,163,96,65,31,67,38,0,10,18,1
S01007159,50 to 64,154,99,85,14,55,12,1,11,25,6
S01007159,65 to 74,94,63,58,5,31,6,0,0,8,17
S01007159,75 to 84,45,23,20,3,22,2,1,0,1,18
S01007159,85 and over,21,8,7,1,13,1,1,0,0,11
S01007160,All people aged 16 and over in households,676,380,284,96,296,154,7,25,56,54
S01007160,16 to 24,89,9,0,9,80,80,0,0,0,0
S01007160,25 to 34,82,50,24,26,32,29,0,3,0,0
S01007160,35 to 49,169,99,56,43,70,29,1,16,21,3
S01007160,50 to 64,170,127,114,13,43,8,3,4,22,6
S01007160,65 to 74,107,71,67,4,36,6,0,1,10,19
S01007160,75 to 84,47,22,21,1,25,2,2,1,3,17
S01007160,85 and over,12,2,2,0,10,0,1,0,0,9
S01007161,All people aged 16 and over in households,576,342,280,62,234,138,5,14,30,47
S01007161,16 to 24,69,2,0,2,67,67,0,0,0,0
S01007161,25 to 34,86,52,24,28,34,31,1,2,0,0
S01007161,35 to 49,135,87,66,21,48,24,1,7,16,0
S01007161,50 to 64,150,116,107,9,34,11,0,4,11,8
S01007161,65 to 74,79,61,60,1,18,5,0,1,3,9
S01007161,75 to 84,46,24,23,1,22,0,1,0,0,21
S01007161,85 and over,11,0,0,0,11,0,2,0,0,9
S01007162,All people aged 16 and over in households,422,222,142,80,200,96,3,20,37,44
S01007162,16 to 24,41,12,1,11,29,29,0,0,0,0
S01007162,25 to 34,110,65,28,37,45,40,1,3,1,0
S01007162,35 to 49,95,49,29,20,46,21,1,11,12,1
S01007162,50 to 64,65,42,33,9,23,3,0,5,11,4
S01007162,65 to 74,54,32,29,3,22,2,0,1,7,12
S01007162,75 to 84,42,20,20,0,22,1,0,0,5,16
S01007162,85 and over,15,2,2,0,13,0,1,0,1,11
S01007163,All people aged 16 and over in households,735,476,406,70,259,137,5,18,40,59
S01007163,16 to 24,69,7,1,6,62,62,0,0,0,0
S01007163,25 to 34,73,33,21,12,40,32,2,3,3,0
S01007163,35 to 49,157,106,81,25,51,23,1,12,13,2
S01007163,50 to 64,206,160,137,23,46,15,0,1,19,11
S01007163,65 to 74,134,114,111,3,20,4,0,1,3,12
S01007163,75 to 84,74,49,48,1,25,1,1,1,0,22
S01007163,85 and over,22,7,7,0,15,0,1,0,2,12
S01007164,All people aged 16 and over in households,485,308,268,40,177,101,4,10,24,38
S01007164,16 to 24,59,6,2,4,53,53,0,0,0,0
S01007164,25 to 34,45,27,15,12,18,14,1,2,1,0
S01007164,35 to 49,114,83,65,18,31,18,0,6,5,2
S01007164,50 to 64,121,93,87,6,28,9,3,1,10,5
S01007164,65 to 74,79,66,66,0,13,1,0,0,4,8
S01007164,75 to 84,54,27,27,0,27,5,0,1,4,17
S01007164,85 and over,13,6,6,0,7,1,0,0,0,6
S01007165,All people aged 16 and over in households,649,456,392,64,193,112,2,12,28,39
S01007165,16 to 24,70,10,0,10,60,60,0,0,0,0
S01007165,25 to 34,51,30,15,15,21,19,0,1,1,0
S01007165,35 to 49,172,138,113,25,34,16,2,7,7,2
S01007165,50 to 64,203,167,153,14,36,9,0,3,17,7
S01007165,65 to 74,81,71,71,0,10,3,0,0,1,6
S01007165,75 to 84,55,36,36,0,19,5,0,1,1,12
S01007165,85 and over,17,4,4,0,13,0,0,0,1,12
S01007166,All people aged 16 and over in households,560,352,314,38,208,89,2,15,49,53
S01007166,16 to 24,37,0,0,0,37,36,0,1,0,0
S01007166,25 to 34,54,32,22,10,22,19,0,3,0,0
S01007166,35 to 49,136,101,79,22,35,20,0,4,8,3
S01007166,50 to 64,158,114,111,3,44,8,1,3,27,5
S01007166,65 to 74,100,71,68,3,29,2,1,4,9,13
S01007166,75 to 84,60,30,30,0,30,4,0,0,5,21
S01007166,85 and over,15,4,4,0,11,0,0,0,0,11
S01007167,All people aged 16 and over in households,679,478,440,38,201,124,3,13,26,35
S01007167,16 to 24,80,1,0,1,79,79,0,0,0,0
S01007167,25 to 34,51,26,18,8,25,23,2,0,0,0
S01007167,35 to 49,133,100,81,19,33,11,1,12,8,1
S01007167,50 to 64,239,212,204,8,27,7,0,1,14,5
S01007167,65 to 74,112,94,93,1,18,3,0,0,3,12
S01007167,75 to 84,54,43,42,1,11,1,0,0,0,10
S01007167,85 and over,10,2,2,0,8,0,0,0,1,7
S01007168,All people aged 16 and over in households,842,572,544,28,270,164,5,9,29,63
S01007168,16 to 24,103,1,0,1,102,102,0,0,0,0
S01007168,25 to 34,81,45,39,6,36,35,0,1,0,0
S01007168,35 to 49,152,123,109,14,29,14,2,2,10,1
S01007168,50 to 64,291,257,251,6,34,9,2,3,13,7
S01007168,65 to 74,119,93,92,1,26,4,0,2,4,16
S01007168,75 to 84,73,46,46,0,27,0,1,1,2,23
S01007168,85 and over,23,7,7,0,16,0,0,0,0,16
S01007169,All people aged 16 and over in households,636,392,352,40,244,128,1,9,33,73
S01007169,16 to 24,86,2,0,2,84,84,0,0,0,0
S01007169,25 to 34,57,33,22,11,24,22,0,2,0,0
S01007169,35 to 49,148,119,105,14,29,13,0,4,11,1
S01007169,50 to 64,189,157,147,10,32,5,1,2,17,7
S01007169,65 to 74,71,51,48,3,20,3,0,1,5,11
S01007169,75 to 84,53,24,24,0,29,1,0,0,0,28
S01007169,85 and over,32,6,6,0,26,0,0,0,0,26
S01007170,All people aged 16 and over in households,542,375,324,51,167,107,2,17,17,24
S01007170,16 to 24,59,7,0,7,52,51,1,0,0,0
S01007170,25 to 34,62,37,20,17,25,25,0,0,0,0
S01007170,35 to 49,139,114,96,18,25,12,1,8,4,0
S01007170,50 to 64,186,155,147,8,31,12,0,6,8,5
S01007170,65 to 74,68,49,48,1,19,5,0,3,4,7
S01007170,75 to 84,18,11,11,0,7,2,0,0,1,4
S01007170,85 and over,10,2,2,0,8,0,0,0,0,8
S01007171,All people aged 16 and over in households,689,452,356,96,237,139,10,13,33,42
S01007171,16 to 24,73,12,3,9,61,61,0,0,0,0
S01007171,25 to 34,123,77,35,42,46,40,1,2,3,0
S01007171,35 to 49,179,136,108,28,43,18,5,6,14,0
S01007171,50 to 64,180,140,123,17,40,11,2,3,14,10
S01007171,65 to 74,70,49,49,0,21,3,1,1,2,14
S01007171,75 to 84,54,32,32,0,22,5,1,1,0,15
S01007171,85 and over,10,6,6,0,4,1,0,0,0,3
S01007172,All people aged 16 and over in households,673,502,434,68,171,99,13,8,25,26
S01007172,16 to 24,66,6,0,6,60,60,0,0,0,0
S01007172,25 to 34,41,25,13,12,16,16,0,0,0,0
S01007172,35 to 49,189,150,119,31,39,14,8,4,12,1
S01007172,50 to 64,209,186,171,15,23,7,1,2,8,5
S01007172,65 to 74,110,96,94,2,14,1,2,1,2,8
S01007172,75 to 84,51,36,34,2,15,1,1,1,3,9
S01007172,85 and over,7,3,3,0,4,0,1,0,0,3
S01007173,All people aged 16 and over in households,670,482,412,70,188,111,6,13,36,22
S01007173,16 to 24,81,5,0,5,76,75,0,1,0,0
S01007173,25 to 34,94,70,45,25,24,22,0,0,2,0
S01007173,35 to 49,248,209,177,32,39,11,2,12,13,1
S01007173,50 to 64,182,154,147,7,28,2,2,0,15,9
S01007173,65 to 74,42,29,28,1,13,0,1,0,3,9
S01007173,75 to 84,22,15,15,0,7,1,1,0,3,2
S01007173,85 and over,1,0,0,0,1,0,0,0,0,1
S01007174,All people aged 16 and over in households,621,412,332,80,209,151,7,10,20,21
S01007174,16 to 24,111,4,0,4,107,107,0,0,0,0
S01007174,25 to 34,92,58,23,35,34,29,3,1,1,0
S01007174,35 to 49,220,192,166,26,28,9,0,8,9,2
S01007174,50 to 64,136,119,106,13,17,4,3,0,5,5
S01007174,65 to 74,39,28,26,2,11,2,0,1,4,4
S01007174,75 to 84,18,10,10,0,8,0,0,0,1,7
S01007174,85 and over,5,1,1,0,4,0,1,0,0,3
S01007175,All people aged 16 and over in households,548,390,328,62,158,67,3,9,25,54
S01007175,16 to 24,45,10,4,6,35,35,0,0,0,0
S01007175,25 to 34,60,41,30,11,19,16,0,1,2,0
S01007175,35 to 49,116,95,76,19,21,9,0,5,6,1
S01007175,50 to 64,127,106,92,14,21,5,1,3,7,5
S01007175,65 to 74,90,67,61,6,23,2,1,0,6,14
S01007175,75 to 84,90,62,56,6,28,0,1,0,4,23
S01007175,85 and over,20,9,9,0,11,0,0,0,0,11
S01007176,All people aged 16 and over in households,557,380,316,64,177,95,10,13,26,33
S01007176,16 to 24,82,20,10,10,62,61,0,0,1,0
S01007176,25 to 34,98,78,54,24,20,15,3,1,1,0
S01007176,35 to 49,139,112,92,20,27,12,1,6,8,0
S01007176,50 to 64,100,81,73,8,19,3,1,3,10,2
S01007176,65 to 74,82,61,61,0,21,2,0,2,5,12
S01007176,75 to 84,40,23,21,2,17,2,1,0,1,13
S01007176,85 and over,16,5,5,0,11,0,4,1,0,6
S01007177,All people aged 16 and over in households,508,282,208,74,226,133,3,9,45,36
S01007177,16 to 24,82,17,3,14,65,65,0,0,0,0
S01007177,25 to 34,86,58,30,28,28,25,1,0,2,0
S01007177,35 to 49,122,68,47,21,54,31,1,6,14,2
S01007177,50 to 64,95,58,51,7,37,5,1,3,20,8
S01007177,65 to 74,73,60,58,2,13,3,0,0,5,5
S01007177,75 to 84,42,20,18,2,22,2,0,0,4,16
S01007177,85 and over,8,1,1,0,7,2,0,0,0,5
S01007178,All people aged 16 and over in households,833,416,304,112,417,245,4,31,83,54
S01007178,16 to 24,134,27,1,26,107,107,0,0,0,0
S01007178,25 to 34,153,74,41,33,79,62,0,9,8,0
S01007178,35 to 49,224,113,73,40,111,61,2,10,35,3
S01007178,50 to 64,164,107,96,11,57,12,0,8,28,9
S01007178,65 to 74,90,62,60,2,28,3,1,1,9,14
S01007178,75 to 84,51,27,27,0,24,0,1,3,3,17
S01007178,85 and over,17,6,6,0,11,0,0,0,0,11
S01007179,All people aged 16 and over in households,808,570,518,52,238,156,3,5,27,47
S01007179,16 to 24,96,2,0,2,94,94,0,0,0,0
S01007179,25 to 34,66,37,26,11,29,27,1,0,0,1
S01007179,35 to 49,172,140,116,24,32,22,1,0,5,4
S01007179,50 to 64,268,228,216,12,40,9,1,5,14,11
S01007179,65 to 74,138,116,114,2,22,2,0,0,7,13
S01007179,75 to 84,60,44,43,1,16,2,0,0,1,13
S01007179,85 and over,8,3,3,0,5,0,0,0,0,5
S01007180,All people aged 16 and over in households,632,438,394,44,194,95,4,12,15,68
S01007180,16 to 24,52,3,2,1,49,49,0,0,0,0
S01007180,25 to 34,48,24,15,9,24,22,0,2,0,0
S01007180,35 to 49,137,113,99,14,24,15,0,5,3,1
S01007180,50 to 64,158,137,126,11,21,4,0,4,8,5
S01007180,65 to 74,124,98,91,7,26,3,0,1,3,19
S01007180,75 to 84,99,57,55,2,42,2,3,0,1,36
S01007180,85 and over,14,6,6,0,8,0,1,0,0,7
S01007181,All people aged 16 and over in households,630,423,370,53,207,119,1,16,28,43
S01007181,16 to 24,78,5,2,3,73,73,0,0,0,0
S01007181,25 to 34,58,36,17,19,22,19,0,2,1,0
S01007181,35 to 49,139,113,99,14,26,9,0,8,8,1
S01007181,50 to 64,195,155,141,14,40,13,1,5,11,10
S01007181,65 to 74,100,82,80,2,18,1,0,1,7,9
S01007181,75 to 84,45,28,28,0,17,3,0,0,0,14
S01007181,85 and over,15,4,3,1,11,1,0,0,1,9
S01007182,All people aged 16 and over in households,884,494,392,102,390,212,5,25,71,77
S01007182,16 to 24,97,13,3,10,84,84,0,0,0,0
S01007182,25 to 34,116,54,31,23,62,59,0,1,2,0
S01007182,35 to 49,200,133,100,33,67,39,0,9,19,0
S01007182,50 to 64,244,182,151,31,62,11,3,11,24,13
S01007182,65 to 74,127,78,73,5,49,15,1,3,16,14
S01007182,75 to 84,74,30,30,0,44,3,1,1,9,30
S01007182,85 and over,26,4,4,0,22,1,0,0,1,20
S01007183,All people aged 16 and over in households,938,544,396,148,394,183,8,29,74,100
S01007183,16 to 24,123,35,3,32,88,88,0,0,0,0
S01007183,25 to 34,125,82,30,52,43,36,2,5,0,0
S01007183,35 to 49,209,138,100,38,71,38,2,11,17,3
S01007183,50 to 64,202,139,119,20,63,11,3,7,38,4
S01007183,65 to 74,128,93,88,5,35,2,1,4,12,16
S01007183,75 to 84,112,46,45,1,66,5,0,2,6,53
S01007183,85 and over,39,11,11,0,28,3,0,0,1,24
S01007184,All people aged 16 and over in households,916,422,258,164,494,261,7,39,89,98
S01007184,16 to 24,133,33,0,33,100,98,2,0,0,0
S01007184,25 to 34,155,90,31,59,65,60,1,0,4,0
S01007184,35 to 49,201,104,63,41,97,55,0,21,18,3
S01007184,50 to 64,215,114,90,24,101,28,3,15,40,15
S01007184,65 to 74,106,47,44,3,59,8,0,1,22,28
S01007184,75 to 84,82,32,28,4,50,9,1,2,4,34
S01007184,85 and over,24,2,2,0,22,3,0,0,1,18
S01007185,All people aged 16 and over in households,652,296,198,98,356,192,4,26,75,59
S01007185,16 to 24,99,29,1,28,70,67,3,0,0,0
S01007185,25 to 34,127,59,24,35,68,64,1,1,2,0
S01007185,35 to 49,171,90,67,23,81,41,0,10,28,2
S01007185,50 to 64,120,65,57,8,55,12,0,13,27,3
S01007185,65 to 74,76,38,35,3,38,4,0,1,13,20
S01007185,75 to 84,41,12,11,1,29,1,0,1,5,22
S01007185,85 and over,18,3,3,0,15,3,0,0,0,12
S01007186,All people aged 16 and over in households,494,214,108,106,280,149,7,19,66,39
S01007186,16 to 24,95,28,1,27,67,65,0,2,0,0
S01007186,25 to 34,116,61,15,46,55,43,4,3,4,1
S01007186,35 to 49,108,56,35,21,52,21,0,10,21,0
S01007186,50 to 64,105,50,40,10,55,15,2,4,25,9
S01007186,65 to 74,39,15,14,1,24,4,0,0,13,7
S01007186,75 to 84,22,3,2,1,19,0,1,0,3,15
S01007186,85 and over,9,1,1,0,8,1,0,0,0,7
S01007187,All people aged 16 and over in households,707,288,204,84,419,200,13,45,95,66
S01007187,16 to 24,95,28,3,25,67,65,0,0,2,0
S01007187,25 to 34,121,42,16,26,79,64,4,5,6,0
S01007187,35 to 49,151,74,57,17,77,40,2,16,19,0
S01007187,50 to 64,158,81,68,13,77,15,5,12,40,5
S01007187,65 to 74,89,35,33,2,54,8,1,10,19,16
S01007187,75 to 84,66,23,22,1,43,8,1,1,7,26
S01007187,85 and over,27,5,5,0,22,0,0,1,2,19
S01007188,All people aged 16 and over in households,515,262,178,84,253,142,6,15,55,35
S01007188,16 to 24,80,18,1,17,62,62,0,0,0,0
S01007188,25 to 34,104,58,24,34,46,42,1,2,1,0
S01007188,35 to 49,101,57,37,20,44,26,0,5,13,0
S01007188,50 to 64,149,91,80,11,58,8,3,8,31,8
S01007188,65 to 74,39,19,17,2,20,2,1,0,9,8
S01007188,75 to 84,32,14,14,0,18,1,1,0,1,15
S01007188,85 and over,10,5,5,0,5,1,0,0,0,4
S01007189,All people aged 16 and over in households,669,318,248,70,351,157,7,17,74,96
S01007189,16 to 24,83,16,0,16,67,65,1,0,1,0
S01007189,25 to 34,84,40,19,21,44,40,0,2,2,0
S01007189,35 to 49,111,69,55,14,42,18,0,7,15,2
S01007189,50 to 64,174,119,104,15,55,16,1,4,33,1
S01007189,65 to 74,75,41,37,4,34,5,0,2,12,15
S01007189,75 to 84,88,25,25,0,63,6,4,2,10,41
S01007189,85 and over,54,8,8,0,46,7,1,0,1,37
S01007190,All people aged 16 and over in households,711,470,418,52,241,126,6,6,28,75
S01007190,16 to 24,64,2,0,2,62,61,0,0,1,0
S01007190,25 to 34,64,41,28,13,23,23,0,0,0,0
S01007190,35 to 49,147,116,94,22,31,18,0,4,8,1
S01007190,50 to 64,180,149,137,12,31,13,1,1,10,6
S01007190,65 to 74,140,107,106,1,33,6,1,1,5,20
S01007190,75 to 84,98,46,44,2,52,4,4,0,4,40
S01007190,85 and over,18,9,9,0,9,1,0,0,0,8
S01007191,All people aged 16 and over in households,511,306,222,84,205,119,5,16,25,40
S01007191,16 to 24,62,13,0,13,49,49,0,0,0,0
S01007191,25 to 34,96,49,14,35,47,41,0,4,2,0
S01007191,35 to 49,112,77,56,21,35,14,4,8,8,1
S01007191,50 to 64,136,107,97,10,29,11,1,4,11,2
S01007191,65 to 74,50,38,34,4,12,2,0,0,3,7
S01007191,75 to 84,35,16,15,1,19,1,0,0,1,17
S01007191,85 and over,20,6,6,0,14,1,0,0,0,13
S01007192,All people aged 16 and over in households,501,264,192,72,237,141,0,15,38,43
S01007192,16 to 24,77,18,1,17,59,59,0,0,0,0
S01007192,25 to 34,84,48,19,29,36,31,0,4,1,0
S01007192,35 to 49,118,66,48,18,52,28,0,9,14,1
S01007192,50 to 64,125,86,78,8,39,13,0,2,17,7
S01007192,65 to 74,47,25,25,0,22,8,0,0,3,11
S01007192,75 to 84,39,19,19,0,20,2,0,0,3,15
S01007192,85 and over,11,2,2,0,9,0,0,0,0,9
S01007193,All people aged 16 and over in households,608,340,274,66,268,168,2,8,47,43
S01007193,16 to 24,107,10,2,8,97,97,0,0,0,0
S01007193,25 to 34,88,48,32,16,40,34,1,0,5,0
S01007193,35 to 49,166,120,88,32,46,23,1,4,17,1
S01007193,50 to 64,142,107,97,10,35,7,0,4,17,7
S01007193,65 to 74,55,36,36,0,19,4,0,0,6,9
S01007193,75 to 84,36,14,14,0,22,3,0,0,1,18
S01007193,85 and over,14,5,5,0,9,0,0,0,1,8
S01007194,All people aged 16 and over in households,463,222,156,66,241,151,2,15,42,31
S01007194,16 to 24,80,17,1,16,63,60,0,2,1,0
S01007194,25 to 34,80,39,18,21,41,39,0,2,0,0
S01007194,35 to 49,133,67,49,18,66,41,2,5,15,3
S01007194,50 to 64,81,51,42,9,30,5,0,3,17,5
S01007194,65 to 74,58,38,36,2,20,4,0,2,7,7
S01007194,75 to 84,25,9,9,0,16,1,0,1,1,13
S01007194,85 and over,6,1,1,0,5,1,0,0,1,3
S01007195,All people aged 16 and over in households,436,258,194,64,178,114,1,13,26,24
S01007195,16 to 24,73,6,2,4,67,65,0,1,1,0
S01007195,25 to 34,66,39,16,23,27,23,1,0,3,0
S01007195,35 to 49,114,77,51,26,37,18,0,9,9,1
S01007195,50 to 64,82,62,53,9,20,5,0,2,8,5
S01007195,65 to 74,65,52,50,2,13,2,0,1,3,7
S01007195,75 to 84,27,17,17,0,10,1,0,0,2,7
S01007195,85 and over,9,5,5,0,4,0,0,0,0,4
S01007196,All people aged 16 and over in households,540,318,206,112,222,132,2,16,51,21
S01007196,16 to 24,97,18,5,13,79,78,1,0,0,0
S01007196,25 to 34,119,85,39,46,34,25,1,2,5,1
S01007196,35 to 49,178,122,77,45,56,20,0,12,22,2
S01007196,50 to 64,92,59,52,7,33,9,0,2,18,4
S01007196,65 to 74,36,27,27,0,9,0,0,0,6,3
S01007196,75 to 84,16,7,6,1,9,0,0,0,0,9
S01007196,85 and over,2,0,0,0,2,0,0,0,0,2
S01007197,All people aged 16 and over in households,457,202,116,86,255,161,2,15,57,20
S01007197,16 to 24,79,19,4,15,60,57,0,1,1,1
S01007197,25 to 34,111,58,22,36,53,45,0,4,4,0
S01007197,35 to 49,136,60,40,20,76,47,0,3,23,3
S01007197,50 to 64,84,42,32,10,42,9,1,5,23,4
S01007197,65 to 74,33,17,13,4,16,2,0,2,5,7
S01007197,75 to 84,13,6,5,1,7,1,1,0,1,4
S01007197,85 and over,1,0,0,0,1,0,0,0,0,1
S01007198,All people aged 16 and over in households,402,220,156,64,182,111,5,15,29,22
S01007198,16 to 24,67,17,3,14,50,49,0,1,0,0
S01007198,25 to 34,76,48,20,28,28,24,0,3,1,0
S01007198,35 to 49,110,60,43,17,50,28,4,9,7,2
S01007198,50 to 64,80,52,47,5,28,6,0,2,14,6
S01007198,65 to 74,36,24,24,0,12,1,0,0,5,6
S01007198,75 to 84,24,14,14,0,10,1,1,0,2,6
S01007198,85 and over,9,5,5,0,4,2,0,0,0,2
S01007199,All people aged 16 and over in households,601,296,208,88,305,188,6,26,59,26
S01007199,16 to 24,121,19,4,15,102,101,0,0,0,1
S01007199,25 to 34,112,63,29,34,49,38,2,7,2,0
S01007199,35 to 49,154,78,53,25,76,39,2,11,24,0
S01007199,50 to 64,128,81,70,11,47,9,1,6,24,7
S01007199,65 to 74,58,39,36,3,19,0,0,2,8,9
S01007199,75 to 84,26,16,16,0,10,1,1,0,1,7
S01007199,85 and over,2,0,0,0,2,0,0,0,0,2
S01007200,All people aged 16 and over in households,715,408,316,92,307,181,3,12,61,50
S01007200,16 to 24,96,7,1,6,89,89,0,0,0,0
S01007200,25 to 34,121,74,34,40,47,42,0,2,3,0
S01007200,35 to 49,184,126,99,27,58,32,2,5,18,1
S01007200,50 to 64,189,133,120,13,56,14,0,4,27,11
S01007200,65 to 74,77,51,47,4,26,2,0,1,11,12
S01007200,75 to 84,39,17,15,2,22,2,1,0,2,17
S01007200,85 and over,9,0,0,0,9,0,0,0,0,9
S01007201,All people aged 16 and over in households,625,400,308,92,225,123,6,14,38,44
S01007201,16 to 24,74,16,4,12,58,58,0,0,0,0
S01007201,25 to 34,96,57,19,38,39,31,2,2,3,1
S01007201,35 to 49,125,84,62,22,41,19,1,6,13,2
S01007201,50 to 64,165,129,113,16,36,10,2,4,15,5
S01007201,65 to 74,97,73,69,4,24,5,0,0,7,12
S01007201,75 to 84,54,36,36,0,18,0,1,2,0,15
S01007201,85 and over,14,5,5,0,9,0,0,0,0,9
S01007202,All people aged 16 and over in households,619,372,288,84,247,144,3,9,49,42
S01007202,16 to 24,92,15,1,14,77,77,0,0,0,0
S01007202,25 to 34,91,49,14,35,42,34,0,4,3,1
S01007202,35 to 49,123,83,57,26,40,21,2,4,10,3
S01007202,50 to 64,195,144,136,8,51,5,1,1,32,12
S01007202,65 to 74,70,52,51,1,18,2,0,0,4,12
S01007202,75 to 84,39,26,26,0,13,4,0,0,0,9
S01007202,85 and over,9,3,3,0,6,1,0,0,0,5
S01007203,All people aged 16 and over in households,518,348,300,48,170,110,2,8,25,25
S01007203,16 to 24,75,5,1,4,70,70,0,0,0,0
S01007203,25 to 34,54,35,17,18,19,17,1,0,1,0
S01007203,35 to 49,153,127,105,22,26,17,0,5,3,1
S01007203,50 to 64,141,112,109,3,29,3,0,2,15,9
S01007203,65 to 74,62,51,50,1,11,1,0,1,4,5
S01007203,75 to 84,30,18,18,0,12,1,0,0,2,9
S01007203,85 and over,3,0,0,0,3,1,1,0,0,1
S01007204,All people aged 16 and over in households,801,542,444,98,259,142,7,24,49,37
S01007204,16 to 24,77,6,1,5,71,71,0,0,0,0
S01007204,25 to 34,104,56,27,29,48,39,2,5,2,0
S01007204,35 to 49,226,175,143,32,51,22,2,8,18,1
S01007204,50 to 64,256,207,178,29,49,8,3,9,19,10
S01007204,65 to 74,94,71,68,3,23,1,0,2,9,11
S01007204,75 to 84,38,25,25,0,13,1,0,0,1,11
S01007204,85 and over,6,2,2,0,4,0,0,0,0,4
S01007205,All people aged 16 and over in households,576,400,340,60,176,127,2,7,16,24
S01007205,16 to 24,90,7,1,6,83,83,0,0,0,0
S01007205,25 to 34,55,35,19,16,20,17,2,1,0,0
S01007205,35 to 49,148,125,102,23,23,16,0,3,4,0
S01007205,50 to 64,166,143,131,12,23,4,0,3,11,5
S01007205,65 to 74,77,65,62,3,12,4,0,0,1,7
S01007205,75 to 84,33,22,22,0,11,2,0,0,0,9
S01007205,85 and over,7,3,3,0,4,1,0,0,0,3
S01007206,All people aged 16 and over in households,331,172,122,50,159,65,3,13,30,48
S01007206,16 to 24,31,7,0,7,24,24,0,0,0,0
S01007206,25 to 34,51,30,15,15,21,19,0,2,0,0
S01007206,35 to 49,68,44,28,16,24,11,0,5,8,0
S01007206,50 to 64,92,61,49,12,31,6,1,5,15,4
S01007206,65 to 74,40,22,22,0,18,3,2,1,5,7
S01007206,75 to 84,36,8,8,0,28,1,0,0,2,25
S01007206,85 and over,13,0,0,0,13,1,0,0,0,12
S01007207,All people aged 16 and over in households,751,480,392,88,271,145,5,17,42,62
S01007207,16 to 24,75,17,6,11,58,58,0,0,0,0
S01007207,25 to 34,86,51,27,24,35,30,0,4,0,1
S01007207,35 to 49,185,133,102,31,52,23,1,8,19,1
S01007207,50 to 64,231,172,152,20,59,22,3,5,18,11
S01007207,65 to 74,105,76,74,2,29,7,1,0,4,17
S01007207,75 to 84,54,27,27,0,27,5,0,0,0,22
S01007207,85 and over,15,4,4,0,11,0,0,0,1,10
S01007208,All people aged 16 and over in households,808,340,232,108,468,256,15,31,98,68
S01007208,16 to 24,126,46,6,40,80,79,0,0,1,0
S01007208,25 to 34,157,72,40,32,85,73,1,4,7,0
S01007208,35 to 49,208,96,72,24,112,65,5,16,25,1
S01007208,50 to 64,167,74,65,9,93,22,4,8,46,13
S01007208,65 to 74,71,32,29,3,39,8,0,3,15,13
S01007208,75 to 84,47,18,18,0,29,3,2,0,2,22
S01007208,85 and over,32,2,2,0,30,6,3,0,2,19
S01007209,All people aged 16 and over in households,605,286,188,98,319,170,15,21,54,59
S01007209,16 to 24,104,26,2,24,78,77,0,1,0,0
S01007209,25 to 34,99,54,18,36,45,41,2,1,1,0
S01007209,35 to 49,159,75,53,22,84,40,7,11,24,2
S01007209,50 to 64,125,84,75,9,41,4,4,6,21,6
S01007209,65 to 74,49,26,20,6,23,1,1,1,7,13
S01007209,75 to 84,51,18,18,0,33,5,0,1,1,26
S01007209,85 and over,18,3,2,1,15,2,1,0,0,12
S01007210,All people aged 16 and over in households,628,310,180,130,318,181,8,18,56,55
S01007210,16 to 24,102,22,1,21,80,79,1,0,0,0
S01007210,25 to 34,124,77,22,55,47,43,2,2,0,0
S01007210,35 to 49,155,94,59,35,61,31,3,7,19,1
S01007210,50 to 64,129,78,62,16,51,11,2,9,26,3
S01007210,65 to 74,55,24,21,3,31,9,0,0,6,16
S01007210,75 to 84,39,13,13,0,26,6,0,0,5,15
S01007210,85 and over,24,2,2,0,22,2,0,0,0,20
S01007211,All people aged 16 and over in households,805,378,286,92,427,219,6,29,88,85
S01007211,16 to 24,105,16,2,14,89,89,0,0,0,0
S01007211,25 to 34,118,41,23,18,77,70,2,3,2,0
S01007211,35 to 49,204,125,82,43,79,28,0,16,35,0
S01007211,50 to 64,208,129,115,14,79,18,3,9,33,16
S01007211,65 to 74,89,52,50,2,37,7,0,1,13,16
S01007211,75 to 84,49,10,10,0,39,3,1,0,2,33
S01007211,85 and over,32,5,4,1,27,4,0,0,3,20
S01007212,All people aged 16 and over in households,456,286,224,62,170,104,2,10,31,23
S01007212,16 to 24,56,14,2,12,42,42,0,0,0,0
S01007212,25 to 34,74,43,20,23,31,28,1,1,1,0
S01007212,35 to 49,105,76,61,15,29,15,1,5,8,0
S01007212,50 to 64,135,101,91,10,34,13,0,4,14,3
S01007212,65 to 74,51,40,38,2,11,0,0,0,6,5
S01007212,75 to 84,25,12,12,0,13,4,0,0,2,7
S01007212,85 and over,10,0,0,0,10,2,0,0,0,8
S01007213,All people aged 16 and over in households,750,446,342,104,304,154,12,20,47,71
S01007213,16 to 24,87,26,0,26,61,61,0,0,0,0
S01007213,25 to 34,95,45,25,20,50,41,3,2,3,1
S01007213,35 to 49,191,130,88,42,61,31,5,10,13,2
S01007213,50 to 64,159,120,110,10,39,12,2,4,13,8
S01007213,65 to 74,108,68,66,2,40,6,0,2,14,18
S01007213,75 to 84,81,52,50,2,29,2,2,2,3,20
S01007213,85 and over,29,5,3,2,24,1,0,0,1,22
S01007214,All people aged 16 and over in households,643,270,196,74,373,186,9,27,65,86
S01007214,16 to 24,62,16,3,13,46,46,0,0,0,0
S01007214,25 to 34,101,43,21,22,58,54,0,4,0,0
S01007214,35 to 49,154,67,47,20,87,45,6,8,27,1
S01007214,50 to 64,146,72,60,12,74,25,3,11,29,6
S01007214,65 to 74,68,40,35,5,28,6,0,4,7,11
S01007214,75 to 84,73,27,25,2,46,6,0,0,2,38
S01007214,85 and over,39,5,5,0,34,4,0,0,0,30
S01007215,All people aged 16 and over in households,650,344,268,76,306,175,5,18,44,64
S01007215,16 to 24,102,26,2,24,76,73,0,0,2,1
S01007215,25 to 34,88,46,23,23,42,39,1,2,0,0
S01007215,35 to 49,149,100,86,14,49,26,2,7,13,1
S01007215,50 to 64,157,96,81,15,61,27,0,7,21,6
S01007215,65 to 74,73,47,47,0,26,4,0,2,5,15
S01007215,75 to 84,51,24,24,0,27,4,1,0,1,21
S01007215,85 and over,30,5,5,0,25,2,1,0,2,20
S01007216,All people aged 16 and over in households,588,372,302,70,216,127,5,9,18,57
S01007216,16 to 24,80,10,0,10,70,70,0,0,0,0
S01007216,25 to 34,60,39,20,19,21,19,1,1,0,0
S01007216,35 to 49,143,111,84,27,32,16,2,5,7,2
S01007216,50 to 64,157,130,120,10,27,13,2,2,4,6
S01007216,65 to 74,78,52,48,4,26,2,0,0,5,19
S01007216,75 to 84,54,29,29,0,25,4,0,1,1,19
S01007216,85 and over,16,1,1,0,15,3,0,0,1,11
S01007217,All people aged 16 and over in households,787,412,306,106,375,203,10,17,77,68
S01007217,16 to 24,107,16,2,14,91,91,0,0,0,0
S01007217,25 to 34,106,61,39,22,45,39,2,0,4,0
S01007217,35 to 49,223,133,85,48,90,39,1,9,37,4
S01007217,50 to 64,183,116,101,15,67,28,3,5,26,5
S01007217,65 to 74,88,56,49,7,32,5,1,2,9,15
S01007217,75 to 84,54,22,22,0,32,1,3,1,1,26
S01007217,85 and over,26,8,8,0,18,0,0,0,0,18
S01007218,All people aged 16 and over in households,722,540,486,54,182,109,5,7,17,44
S01007218,16 to 24,78,5,1,4,73,72,1,0,0,0
S01007218,25 to 34,63,40,29,11,23,20,0,1,2,0
S01007218,35 to 49,184,166,140,26,18,8,0,4,5,1
S01007218,50 to 64,215,199,186,13,16,7,0,2,4,3
S01007218,65 to 74,112,89,89,0,23,0,2,0,5,16
S01007218,75 to 84,56,36,36,0,20,1,0,0,1,18
S01007218,85 and over,14,5,5,0,9,1,2,0,0,6
S01007219,All people aged 16 and over in households,675,396,312,84,279,141,4,27,52,55
S01007219,16 to 24,75,12,0,12,63,63,0,0,0,0
S01007219,25 to 34,85,45,21,24,40,32,0,4,4,0
S01007219,35 to 49,187,134,103,31,53,27,2,12,11,1
S01007219,50 to 64,173,116,102,14,57,13,1,8,24,11
S01007219,65 to 74,97,67,64,3,30,3,0,1,10,16
S01007219,75 to 84,51,22,22,0,29,3,1,2,2,21
S01007219,85 and over,7,0,0,0,7,0,0,0,1,6
S01007220,All people aged 16 and over in households,556,312,258,54,244,135,3,14,53,39
S01007220,16 to 24,58,2,0,2,56,56,0,0,0,0
S01007220,25 to 34,86,53,29,24,33,29,1,1,2,0
S01007220,35 to 49,167,110,96,14,57,26,2,6,22,1
S01007220,50 to 64,146,102,90,12,44,17,0,7,16,4
S01007220,65 to 74,54,30,28,2,24,5,0,0,10,9
S01007220,75 to 84,36,14,14,0,22,1,0,0,2,19
S01007220,85 and over,9,1,1,0,8,1,0,0,1,6
S01007221,All people aged 16 and over in households,521,398,334,64,123,61,3,8,14,37
S01007221,16 to 24,44,10,3,7,34,33,1,0,0,0
S01007221,25 to 34,101,86,55,31,15,12,0,3,0,0
S01007221,35 to 49,138,120,102,18,18,8,1,5,4,0
S01007221,50 to 64,105,90,84,6,15,5,0,0,5,5
S01007221,65 to 74,74,62,61,1,12,1,1,0,3,7
S01007221,75 to 84,54,30,29,1,24,2,0,0,2,20
S01007221,85 and over,5,0,0,0,5,0,0,0,0,5
S01007222,All people aged 16 and over in households,640,444,366,78,196,125,2,16,25,28
S01007222,16 to 24,73,6,0,6,67,65,0,1,0,1
S01007222,25 to 34,96,58,30,28,38,30,1,4,3,0
S01007222,35 to 49,172,140,113,27,32,18,0,6,7,1
S01007222,50 to 64,191,165,150,15,26,6,0,4,10,6
S01007222,65 to 74,72,57,55,2,15,3,1,1,2,8
S01007222,75 to 84,24,16,16,0,8,2,0,0,2,4
S01007222,85 and over,12,2,2,0,10,1,0,0,1,8
S01007223,All people aged 16 and over in households,401,296,262,34,105,64,1,7,12,21
S01007223,16 to 24,50,5,2,3,45,45,0,0,0,0
S01007223,25 to 34,45,35,22,13,10,7,0,3,0,0
S01007223,35 to 49,137,120,106,14,17,7,0,4,5,1
S01007223,50 to 64,92,84,80,4,8,3,1,0,4,0
S01007223,65 to 74,34,25,25,0,9,1,0,0,3,5
S01007223,75 to 84,33,23,23,0,10,0,0,0,0,10
S01007223,85 and over,10,4,4,0,6,1,0,0,0,5
S01007224,All people aged 16 and over in households,491,330,284,46,161,77,2,4,25,53
S01007224,16 to 24,33,2,1,1,31,31,0,0,0,0
S01007224,25 to 34,62,47,27,20,15,13,0,1,1,0
S01007224,35 to 49,128,103,88,15,25,16,1,2,6,0
S01007224,50 to 64,113,84,75,9,29,9,1,1,8,10
S01007224,65 to 74,84,67,66,1,17,3,0,0,4,10
S01007224,75 to 84,50,25,25,0,25,2,0,0,5,18
S01007224,85 and over,21,2,2,0,19,3,0,0,1,15
S01007225,All people aged 16 and over in households,714,502,424,78,212,136,3,10,23,40
S01007225,16 to 24,75,6,1,5,69,68,0,0,1,0
S01007225,25 to 34,61,44,26,18,17,16,0,0,1,0
S01007225,35 to 49,244,192,158,34,52,37,1,3,10,1
S01007225,50 to 64,196,167,150,17,29,9,1,5,7,7
S01007225,65 to 74,95,72,68,4,23,5,0,0,4,14
S01007225,75 to 84,32,17,17,0,15,1,1,2,0,11
S01007225,85 and over,11,4,4,0,7,0,0,0,0,7
S01007226,All people aged 16 and over in households,669,450,370,80,219,134,10,10,26,39
S01007226,16 to 24,79,7,3,4,72,72,0,0,0,0
S01007226,25 to 34,63,40,20,20,23,22,0,1,0,0
S01007226,35 to 49,178,142,109,33,36,24,3,3,5,1
S01007226,50 to 64,207,166,146,20,41,12,5,3,14,7
S01007226,65 to 74,85,71,68,3,14,0,0,3,3,8
S01007226,75 to 84,42,21,21,0,21,3,2,0,4,12
S01007226,85 and over,15,3,3,0,12,1,0,0,0,11
S01007227,All people aged 16 and over in households,780,504,420,84,276,143,2,19,59,53
S01007227,16 to 24,74,4,1,3,70,70,0,0,0,0
S01007227,25 to 34,82,53,31,22,29,27,0,1,1,0
S01007227,35 to 49,224,169,133,36,55,19,1,14,19,2
S01007227,50 to 64,195,149,131,18,46,15,1,3,23,4
S01007227,65 to 74,126,91,88,3,35,7,0,1,13,14
S01007227,75 to 84,60,31,29,2,29,4,0,0,3,22
S01007227,85 and over,19,7,7,0,12,1,0,0,0,11
S01007228,All people aged 16 and over in households,517,364,290,74,153,99,1,12,24,17
S01007228,16 to 24,50,2,0,2,48,48,0,0,0,0
S01007228,25 to 34,54,40,15,25,14,14,0,0,0,0
S01007228,35 to 49,167,133,98,35,34,20,0,8,6,0
S01007228,50 to 64,153,120,114,6,33,12,0,3,15,3
S01007228,65 to 74,56,45,41,4,11,3,0,1,2,5
S01007228,75 to 84,28,19,17,2,9,1,1,0,1,6
S01007228,85 and over,9,5,5,0,4,1,0,0,0,3
S01007229,All people aged 16 and over in households,915,662,560,102,253,154,5,22,34,38
S01007229,16 to 24,102,9,4,5,93,93,0,0,0,0
S01007229,25 to 34,88,68,40,28,20,18,0,2,0,0
S01007229,35 to 49,280,223,185,38,57,31,3,10,12,1
S01007229,50 to 64,268,233,211,22,35,6,1,7,15,6
S01007229,65 to 74,102,86,80,6,16,3,0,3,4,6
S01007229,75 to 84,61,35,32,3,26,2,0,0,3,21
S01007229,85 and over,14,8,8,0,6,1,1,0,0,4
S01007230,All people aged 16 and over in households,580,298,212,86,282,170,4,23,38,47
S01007230,16 to 24,102,20,3,17,82,82,0,0,0,0
S01007230,25 to 34,123,72,46,26,51,42,0,7,2,0
S01007230,35 to 49,137,82,54,28,55,28,0,11,14,2
S01007230,50 to 64,112,72,60,12,40,10,2,5,16,7
S01007230,65 to 74,54,33,31,2,21,6,1,0,5,9
S01007230,75 to 84,42,17,16,1,25,2,1,0,1,21
S01007230,85 and over,10,2,2,0,8,0,0,0,0,8
S01007231,All people aged 16 and over in households,576,266,182,84,310,143,13,26,55,73
S01007231,16 to 24,80,16,4,12,64,62,2,0,0,0
S01007231,25 to 34,94,48,17,31,46,34,3,5,4,0
S01007231,35 to 49,131,75,50,25,56,23,5,15,12,1
S01007231,50 to 64,124,69,54,15,55,11,0,5,29,10
S01007231,65 to 74,62,30,29,1,32,5,0,1,6,20
S01007231,75 to 84,63,23,23,0,40,7,1,0,3,29
S01007231,85 and over,22,5,5,0,17,1,2,0,1,13
S01007232,All people aged 16 and over in households,601,296,198,98,305,171,2,19,59,54
S01007232,16 to 24,104,25,1,24,79,79,0,0,0,0
S01007232,25 to 34,102,55,13,42,47,38,0,4,5,0
S01007232,35 to 49,134,72,51,21,62,28,2,10,19,3
S01007232,50 to 64,117,65,56,9,52,16,0,5,27,4
S01007232,65 to 74,73,48,46,2,25,5,0,0,5,15
S01007232,75 to 84,53,29,29,0,24,3,0,0,3,18
S01007232,85 and over,18,2,2,0,16,2,0,0,0,14
S01007233,All people aged 16 and over in households,647,404,310,94,243,149,6,14,39,35
S01007233,16 to 24,77,8,2,6,69,69,0,0,0,0
S01007233,25 to 34,98,55,25,30,43,40,0,1,2,0
S01007233,35 to 49,163,123,78,45,40,22,2,6,9,1
S01007233,50 to 64,176,128,118,10,48,13,4,5,21,5
S01007233,65 to 74,82,59,57,2,23,4,0,2,6,11
S01007233,75 to 84,41,27,26,1,14,0,0,0,1,13
S01007233,85 and over,10,4,4,0,6,1,0,0,0,5
S01007234,All people aged 16 and over in households,488,280,226,54,208,110,7,16,22,53
S01007234,16 to 24,73,7,0,7,66,64,2,0,0,0
S01007234,25 to 34,50,33,20,13,17,13,1,1,2,0
S01007234,35 to 49,135,97,74,23,38,14,2,8,11,3
S01007234,50 to 64,104,78,69,9,26,9,1,5,7,4
S01007234,65 to 74,65,42,41,1,23,2,1,1,2,17
S01007234,75 to 84,47,20,19,1,27,4,0,1,0,22
S01007234,85 and over,14,3,3,0,11,4,0,0,0,7
S01007235,All people aged 16 and over in households,659,358,246,112,301,162,5,25,43,66
S01007235,16 to 24,100,31,3,28,69,68,0,1,0,0
S01007235,25 to 34,113,59,19,40,54,46,2,5,1,0
S01007235,35 to 49,129,83,55,28,46,24,0,12,10,0
S01007235,50 to 64,130,91,79,12,39,10,2,5,17,5
S01007235,65 to 74,100,66,64,2,34,3,0,1,10,20
S01007235,75 to 84,53,22,22,0,31,9,1,0,4,17
S01007235,85 and over,34,6,4,2,28,2,0,1,1,24
S01007236,All people aged 16 and over in households,520,300,208,92,220,111,3,16,36,54
S01007236,16 to 24,71,17,0,17,54,54,0,0,0,0
S01007236,25 to 34,69,45,13,32,24,22,0,2,0,0
S01007236,35 to 49,151,108,77,31,43,20,0,10,12,1
S01007236,50 to 64,112,70,59,11,42,9,2,4,21,6
S01007236,65 to 74,48,34,33,1,14,2,0,0,0,12
S01007236,75 to 84,54,21,21,0,33,3,1,0,3,26
S01007236,85 and over,15,5,5,0,10,1,0,0,0,9
S01007237,All people aged 16 and over in households,608,386,314,72,222,133,2,12,21,54
S01007237,16 to 24,70,3,0,3,67,67,0,0,0,0
S01007237,25 to 34,46,35,11,24,11,9,1,1,0,0
S01007237,35 to 49,175,122,89,33,53,34,0,5,11,3
S01007237,50 to 64,150,119,110,9,31,8,0,5,8,10
S01007237,65 to 74,85,64,61,3,21,5,0,0,2,14
S01007237,75 to 84,72,41,41,0,31,7,0,1,0,23
S01007237,85 and over,10,2,2,0,8,3,1,0,0,4
S01007238,All people aged 16 and over in households,778,504,414,90,274,142,7,13,40,72
S01007238,16 to 24,111,19,4,15,92,92,0,0,0,0
S01007238,25 to 34,93,69,26,43,24,17,2,2,3,0
S01007238,35 to 49,167,130,106,24,37,16,2,5,14,0
S01007238,50 to 64,208,165,158,7,43,10,2,4,16,11
S01007238,65 to 74,117,84,83,1,33,5,1,1,3,23
S01007238,75 to 84,60,33,33,0,27,1,0,1,4,21
S01007238,85 and over,22,4,4,0,18,1,0,0,0,17
S01007239,All people aged 16 and over in households,697,464,406,58,233,107,7,16,37,66
S01007239,16 to 24,68,6,0,6,62,62,0,0,0,0
S01007239,25 to 34,62,37,20,17,25,22,0,3,0,0
S01007239,35 to 49,144,111,89,22,33,13,3,6,11,0
S01007239,50 to 64,212,179,169,10,33,4,2,4,16,7
S01007239,65 to 74,111,84,81,3,27,4,1,1,7,14
S01007239,75 to 84,76,40,40,0,36,2,1,0,3,30
S01007239,85 and over,24,7,7,0,17,0,0,2,0,15
S01007240,All people aged 16 and over in households,463,338,256,82,125,78,2,7,18,20
S01007240,16 to 24,44,2,0,2,42,42,0,0,0,0
S01007240,25 to 34,53,34,15,19,19,18,0,1,0,0
S01007240,35 to 49,125,112,71,41,13,6,0,1,6,0
S01007240,50 to 64,147,122,106,16,25,4,1,4,9,7
S01007240,65 to 74,71,55,51,4,16,5,0,1,2,8
S01007240,75 to 84,19,10,10,0,9,3,0,0,1,5
S01007240,85 and over,4,3,3,0,1,0,1,0,0,0
S01007241,All people aged 16 and over in households,507,358,310,48,149,100,3,6,13,27
S01007241,16 to 24,54,0,0,0,54,54,0,0,0,0
S01007241,25 to 34,35,21,16,5,14,13,0,1,0,0
S01007241,35 to 49,154,120,101,19,34,22,0,4,7,1
S01007241,50 to 64,157,138,116,22,19,8,2,1,4,4
S01007241,65 to 74,71,58,56,2,13,2,1,0,2,8
S01007241,75 to 84,31,18,18,0,13,1,0,0,0,12
S01007241,85 and over,5,3,3,0,2,0,0,0,0,2
S01007242,All people aged 16 and over in households,833,556,476,80,277,140,6,9,46,76
S01007242,16 to 24,87,9,0,9,78,78,0,0,0,0
S01007242,25 to 34,74,52,25,27,22,18,0,2,2,0
S01007242,35 to 49,204,167,141,26,37,20,3,4,10,0
S01007242,50 to 64,235,179,166,13,56,17,3,2,23,11
S01007242,65 to 74,127,101,99,2,26,5,0,1,7,13
S01007242,75 to 84,84,40,37,3,44,1,0,0,4,39
S01007242,85 and over,22,8,8,0,14,1,0,0,0,13
S01007243,All people aged 16 and over in households,502,342,294,48,160,96,1,9,19,35
S01007243,16 to 24,65,7,2,5,58,58,0,0,0,0
S01007243,25 to 34,59,45,31,14,14,14,0,0,0,0
S01007243,35 to 49,113,96,83,13,17,10,0,6,1,0
S01007243,50 to 64,139,111,98,13,28,6,0,3,13,6
S01007243,65 to 74,81,58,56,2,23,4,1,0,3,15
S01007243,75 to 84,35,22,21,1,13,4,0,0,2,7
S01007243,85 and over,10,3,3,0,7,0,0,0,0,7
S01007244,All people aged 16 and over in households,618,450,400,50,168,106,5,6,20,31
S01007244,16 to 24,56,4,0,4,52,52,0,0,0,0
S01007244,25 to 34,50,28,16,12,22,21,0,1,0,0
S01007244,35 to 49,148,117,103,14,31,19,0,3,9,0
S01007244,50 to 64,219,196,177,19,23,8,2,1,5,7
S01007244,65 to 74,94,78,77,1,16,2,2,0,4,8
S01007244,75 to 84,39,25,25,0,14,2,1,1,1,9
S01007244,85 and over,12,2,2,0,10,2,0,0,1,7
S01007245,All people aged 16 and over in households,583,374,306,68,209,110,4,14,33,48
S01007245,16 to 24,51,1,0,1,50,50,0,0,0,0
S01007245,25 to 34,54,32,23,9,22,21,0,1,0,0
S01007245,35 to 49,151,108,76,32,43,25,3,5,8,2
S01007245,50 to 64,173,142,119,23,31,7,0,6,15,3
S01007245,65 to 74,71,52,49,3,19,3,0,2,8,6
S01007245,75 to 84,68,36,36,0,32,3,1,0,2,26
S01007245,85 and over,15,3,3,0,12,1,0,0,0,11
S01007246,All people aged 16 and over in households,473,362,300,62,111,65,1,11,20,14
S01007246,16 to 24,42,5,2,3,37,37,0,0,0,0
S01007246,25 to 34,49,37,25,12,12,11,1,0,0,0
S01007246,35 to 49,120,94,74,20,26,12,0,4,9,1
S01007246,50 to 64,180,162,139,23,18,3,0,5,9,1
S01007246,65 to 74,53,42,38,4,11,2,0,2,1,6
S01007246,75 to 84,23,18,18,0,5,0,0,0,1,4
S01007246,85 and over,6,4,4,0,2,0,0,0,0,2
S01007247,All people aged 16 and over in households,530,376,326,50,154,82,7,14,21,30
S01007247,16 to 24,39,5,1,4,34,34,0,0,0,0
S01007247,25 to 34,52,28,14,14,24,21,1,0,2,0
S01007247,35 to 49,148,125,113,12,23,16,3,4,0,0
S01007247,50 to 64,191,152,137,15,39,8,3,9,13,6
S01007247,65 to 74,55,40,37,3,15,1,0,0,4,10
S01007247,75 to 84,40,25,23,2,15,2,0,1,2,10
S01007247,85 and over,5,1,1,0,4,0,0,0,0,4
S01007248,All people aged 16 and over in households,643,466,428,38,177,110,3,6,14,44
S01007248,16 to 24,72,4,1,3,68,67,1,0,0,0
S01007248,25 to 34,35,14,9,5,21,18,1,1,1,0
S01007248,35 to 49,153,138,121,17,15,10,0,2,3,0
S01007248,50 to 64,201,181,171,10,20,8,1,2,4,5
S01007248,65 to 74,110,85,82,3,25,5,0,1,3,16
S01007248,75 to 84,54,37,37,0,17,0,0,0,2,15
S01007248,85 and over,18,7,7,0,11,2,0,0,1,8
S01007249,All people aged 16 and over in households,315,214,190,24,101,56,2,9,13,21
S01007249,16 to 24,32,4,0,4,28,28,0,0,0,0
S01007249,25 to 34,35,21,11,10,14,12,0,2,0,0
S01007249,35 to 49,74,56,50,6,18,9,0,5,4,0
S01007249,50 to 64,91,79,75,4,12,4,1,0,6,1
S01007249,65 to 74,49,38,38,0,11,2,1,1,2,5
S01007249,75 to 84,24,13,13,0,11,0,0,0,1,10
S01007249,85 and over,10,3,3,0,7,1,0,1,0,5
S01007250,All people aged 16 and over in households,716,384,278,106,332,200,6,16,47,63
S01007250,16 to 24,104,26,2,24,78,78,0,0,0,0
S01007250,25 to 34,129,72,32,40,57,51,2,2,2,0
S01007250,35 to 49,158,100,72,28,58,36,0,7,10,5
S01007250,50 to 64,170,105,98,7,65,23,3,7,25,7
S01007250,65 to 74,66,42,40,2,24,7,1,0,7,9
S01007250,75 to 84,66,34,29,5,32,4,0,0,2,26
S01007250,85 and over,23,5,5,0,18,1,0,0,1,16
S01007251,All people aged 16 and over in households,422,254,194,60,168,76,0,7,33,52
S01007251,16 to 24,44,4,3,1,40,40,0,0,0,0
S01007251,25 to 34,50,37,11,26,13,11,0,1,1,0
S01007251,35 to 49,103,73,55,18,30,14,0,5,11,0
S01007251,50 to 64,101,74,61,13,27,4,0,0,18,5
S01007251,65 to 74,44,35,33,2,9,3,0,1,2,3
S01007251,75 to 84,48,21,21,0,27,2,0,0,1,24
S01007251,85 and over,32,10,10,0,22,2,0,0,0,20
S01007252,All people aged 16 and over in households,629,394,310,84,235,148,4,14,33,36
S01007252,16 to 24,92,12,2,10,80,80,0,0,0,0
S01007252,25 to 34,108,67,29,38,41,34,1,4,1,1
S01007252,35 to 49,163,117,90,27,46,22,1,8,13,2
S01007252,50 to 64,148,115,110,5,33,10,2,1,13,7
S01007252,65 to 74,72,56,54,2,16,2,0,1,6,7
S01007252,75 to 84,38,23,22,1,15,0,0,0,0,15
S01007252,85 and over,8,4,3,1,4,0,0,0,0,4
S01007253,All people aged 16 and over in households,687,488,436,52,199,119,3,10,16,51
S01007253,16 to 24,62,6,2,4,56,56,0,0,0,0
S01007253,25 to 34,63,41,31,10,22,22,0,0,0,0
S01007253,35 to 49,161,130,104,26,31,18,1,8,4,0
S01007253,50 to 64,189,163,152,11,26,9,1,0,10,6
S01007253,65 to 74,123,98,97,1,25,8,0,2,2,13
S01007253,75 to 84,80,49,49,0,31,6,0,0,0,25
S01007253,85 and over,9,1,1,0,8,0,1,0,0,7
S01007254,All people aged 16 and over in households,656,342,254,88,314,162,5,23,45,79
S01007254,16 to 24,77,17,2,15,60,58,0,1,1,0
S01007254,25 to 34,113,66,35,31,47,41,2,3,1,0
S01007254,35 to 49,158,92,63,29,66,39,0,12,14,1
S01007254,50 to 64,126,81,76,5,45,13,0,7,19,6
S01007254,65 to 74,77,50,46,4,27,2,0,0,7,18
S01007254,75 to 84,76,32,28,4,44,8,1,0,3,32
S01007254,85 and over,29,4,4,0,25,1,2,0,0,22
S01007255,All people aged 16 and over in households,613,332,230,102,281,168,4,20,51,38
S01007255,16 to 24,78,12,1,11,66,66,0,0,0,0
S01007255,25 to 34,129,77,45,32,52,46,0,3,3,0
S01007255,35 to 49,158,86,46,40,72,39,1,12,20,0
S01007255,50 to 64,144,104,89,15,40,7,2,4,22,5
S01007255,65 to 74,53,32,29,3,21,5,0,0,4,12
S01007255,75 to 84,39,18,17,1,21,5,1,1,2,12
S01007255,85 and over,12,3,3,0,9,0,0,0,0,9
S01007256,All people aged 16 and over in households,647,336,232,104,311,164,11,18,56,62
S01007256,16 to 24,81,25,2,23,56,55,0,1,0,0
S01007256,25 to 34,125,69,28,41,56,49,2,1,4,0
S01007256,35 to 49,153,83,64,19,70,37,5,12,15,1
S01007256,50 to 64,150,97,79,18,53,13,2,3,29,6
S01007256,65 to 74,54,33,30,3,21,5,0,0,7,9
S01007256,75 to 84,56,23,23,0,33,4,0,1,1,27
S01007256,85 and over,28,6,6,0,22,1,2,0,0,19
S01007257,All people aged 16 and over in households,486,240,166,74,246,144,7,23,45,27
S01007257,16 to 24,75,16,0,16,59,56,0,0,3,0
S01007257,25 to 34,101,53,21,32,48,43,0,3,1,1
S01007257,35 to 49,127,65,43,22,62,25,6,12,19,0
S01007257,50 to 64,81,47,43,4,34,11,0,5,14,4
S01007257,65 to 74,66,43,43,0,23,7,1,3,6,6
S01007257,75 to 84,20,10,10,0,10,0,0,0,2,8
S01007257,85 and over,16,6,6,0,10,2,0,0,0,8
S01007258,All people aged 16 and over in households,717,394,332,62,323,175,10,19,48,71
S01007258,16 to 24,92,9,1,8,83,82,1,0,0,0
S01007258,25 to 34,107,59,37,22,48,44,0,3,1,0
S01007258,35 to 49,168,115,88,27,53,23,4,12,14,0
S01007258,50 to 64,170,120,117,3,50,14,3,2,22,9
S01007258,65 to 74,79,47,47,0,32,7,1,2,7,15
S01007258,75 to 84,71,34,33,1,37,4,0,0,4,29
S01007258,85 and over,30,10,9,1,20,1,1,0,0,18
S01007259,All people aged 16 and over in households,706,354,240,114,352,193,10,13,62,74
S01007259,16 to 24,99,17,1,16,82,81,1,0,0,0
S01007259,25 to 34,112,61,16,45,51,46,1,1,3,0
S01007259,35 to 49,177,109,73,36,68,40,3,7,18,0
S01007259,50 to 64,135,83,72,11,52,13,4,4,24,7
S01007259,65 to 74,77,45,40,5,32,6,0,1,8,17
S01007259,75 to 84,80,34,33,1,46,7,1,0,8,30
S01007259,85 and over,26,5,5,0,21,0,0,0,1,20
S01007260,All people aged 16 and over in households,711,374,268,106,337,215,2,21,56,43
S01007260,16 to 24,127,27,0,27,100,100,0,0,0,0
S01007260,25 to 34,119,67,30,37,52,46,0,2,4,0
S01007260,35 to 49,185,97,71,26,88,50,2,7,26,3
S01007260,50 to 64,161,112,103,9,49,13,0,12,18,6
S01007260,65 to 74,63,44,43,1,19,4,0,0,5,10
S01007260,75 to 84,52,25,19,6,27,2,0,0,3,22
S01007260,85 and over,4,2,2,0,2,0,0,0,0,2
S01007261,All people aged 16 and over in households,683,458,408,50,225,117,4,10,42,52
S01007261,16 to 24,65,4,0,4,61,61,0,0,0,0
S01007261,25 to 34,56,28,14,14,28,25,0,2,1,0
S01007261,35 to 49,139,105,88,17,34,18,3,3,10,0
S01007261,50 to 64,224,185,172,13,39,7,1,5,18,8
S01007261,65 to 74,119,97,95,2,22,4,0,0,8,10
S01007261,75 to 84,66,35,35,0,31,1,0,0,5,25
S01007261,85 and over,14,4,4,0,10,1,0,0,0,9
S01007262,All people aged 16 and over in households,585,352,280,72,233,142,3,11,32,45
S01007262,16 to 24,74,5,0,5,69,69,0,0,0,0
S01007262,25 to 34,83,50,31,19,33,33,0,0,0,0
S01007262,35 to 49,174,126,85,41,48,26,2,6,12,2
S01007262,50 to 64,116,81,74,7,35,7,0,4,17,7
S01007262,65 to 74,86,66,66,0,20,5,1,1,2,11
S01007262,75 to 84,37,16,16,0,21,1,0,0,1,19
S01007262,85 and over,15,8,8,0,7,1,0,0,0,6
S01007263,All people aged 16 and over in households,653,412,330,82,241,111,5,8,54,63
S01007263,16 to 24,54,7,1,6,47,47,0,0,0,0
S01007263,25 to 34,100,61,22,39,39,35,1,1,2,0
S01007263,35 to 49,140,91,71,20,49,21,3,6,19,0
S01007263,50 to 64,181,135,122,13,46,6,1,0,26,13
S01007263,65 to 74,105,77,74,3,28,1,0,1,5,21
S01007263,75 to 84,66,39,38,1,27,1,0,0,2,24
S01007263,85 and over,7,2,2,0,5,0,0,0,0,5
S01007264,All people aged 16 and over in households,633,410,360,50,223,115,2,21,28,57
S01007264,16 to 24,64,3,2,1,61,61,0,0,0,0
S01007264,25 to 34,57,32,16,16,25,22,0,2,1,0
S01007264,35 to 49,159,126,100,26,33,10,0,14,9,0
S01007264,50 to 64,157,132,127,5,25,10,0,3,8,4
S01007264,65 to 74,101,74,72,2,27,5,1,2,5,14
S01007264,75 to 84,70,37,37,0,33,4,1,0,3,25
S01007264,85 and over,25,6,6,0,19,3,0,0,2,14
S01007265,All people aged 16 and over in households,852,482,386,96,370,209,6,26,67,62
S01007265,16 to 24,118,21,3,18,97,97,0,0,0,0
S01007265,25 to 34,115,73,44,29,42,41,0,0,1,0
S01007265,35 to 49,225,149,116,33,76,37,3,15,21,0
S01007265,50 to 64,215,152,138,14,63,11,2,11,29,10
S01007265,65 to 74,83,52,50,2,31,8,1,0,9,13
S01007265,75 to 84,67,31,31,0,36,9,0,0,7,20
S01007265,85 and over,29,4,4,0,25,6,0,0,0,19
S01007266,All people aged 16 and over in households,569,342,278,64,227,136,3,17,31,40
S01007266,16 to 24,65,7,1,6,58,58,0,0,0,0
S01007266,25 to 34,63,34,18,16,29,28,0,0,1,0
S01007266,35 to 49,150,100,75,25,50,25,2,10,13,0
S01007266,50 to 64,148,112,104,8,36,17,0,6,12,1
S01007266,65 to 74,85,65,59,6,20,7,1,1,2,9
S01007266,75 to 84,41,17,14,3,24,1,0,0,3,20
S01007266,85 and over,17,7,7,0,10,0,0,0,0,10
S01007267,All people aged 16 and over in households,439,322,276,46,117,72,3,8,18,16
S01007267,16 to 24,41,4,0,4,37,37,0,0,0,0
S01007267,25 to 34,37,24,13,11,13,13,0,0,0,0
S01007267,35 to 49,128,106,88,18,22,14,2,4,2,0
S01007267,50 to 64,139,118,112,6,21,6,0,3,11,1
S01007267,65 to 74,57,47,41,6,10,0,0,1,4,5
S01007267,75 to 84,28,20,19,1,8,2,0,0,0,6
S01007267,85 and over,9,3,3,0,6,0,1,0,1,4
S01007268,All people aged 16 and over in households,494,338,286,52,156,102,2,13,13,26
S01007268,16 to 24,56,5,2,3,51,51,0,0,0,0
S01007268,25 to 34,47,19,12,7,28,25,0,2,0,1
S01007268,35 to 49,129,109,84,25,20,10,1,2,7,0
S01007268,50 to 64,160,135,121,14,25,10,0,9,4,2
S01007268,65 to 74,67,54,53,1,13,4,1,0,2,6
S01007268,75 to 84,30,15,13,2,15,2,0,0,0,13
S01007268,85 and over,5,1,1,0,4,0,0,0,0,4
S01007269,All people aged 16 and over in households,440,300,270,30,140,77,3,9,18,33
S01007269,16 to 24,47,3,1,2,44,44,0,0,0,0
S01007269,25 to 34,32,20,14,6,12,11,0,0,1,0
S01007269,35 to 49,123,103,86,17,20,13,1,3,2,1
S01007269,50 to 64,121,95,90,5,26,4,1,2,12,7
S01007269,65 to 74,64,49,49,0,15,3,1,3,2,6
S01007269,75 to 84,41,27,27,0,14,2,0,1,1,10
S01007269,85 and over,12,3,3,0,9,0,0,0,0,9
S01007270,All people aged 16 and over in households,384,252,198,54,132,70,1,4,31,26
S01007270,16 to 24,34,4,0,4,30,29,0,0,1,0
S01007270,25 to 34,39,20,7,13,19,19,0,0,0,0
S01007270,35 to 49,119,93,68,25,26,13,0,3,10,0
S01007270,50 to 64,100,70,59,11,30,6,1,1,17,5
S01007270,65 to 74,53,40,39,1,13,1,0,0,3,9
S01007270,75 to 84,31,24,24,0,7,0,0,0,0,7
S01007270,85 and over,8,1,1,0,7,2,0,0,0,5
S01007271,All people aged 16 and over in households,806,518,430,88,288,166,3,15,32,72
S01007271,16 to 24,88,13,0,13,75,75,0,0,0,0
S01007271,25 to 34,95,51,22,29,44,41,1,1,1,0
S01007271,35 to 49,208,158,127,31,50,30,0,5,13,2
S01007271,50 to 64,220,174,160,14,46,14,0,9,9,14
S01007271,65 to 74,118,90,89,1,28,2,1,0,7,18
S01007271,75 to 84,55,27,27,0,28,2,1,0,2,23
S01007271,85 and over,22,5,5,0,17,2,0,0,0,15
S01007272,All people aged 16 and over in households,672,334,246,88,338,195,6,23,48,66
S01007272,16 to 24,115,33,6,27,82,82,0,0,0,0
S01007272,25 to 34,109,66,30,36,43,41,0,0,2,0
S01007272,35 to 49,175,97,80,17,78,42,1,14,19,2
S01007272,50 to 64,117,72,65,7,45,20,1,6,11,7
S01007272,65 to 74,80,40,39,1,40,8,2,3,9,18
S01007272,75 to 84,56,21,21,0,35,1,2,0,7,25
S01007272,85 and over,20,5,5,0,15,1,0,0,0,14
S01007273,All people aged 16 and over in households,546,350,274,76,196,112,3,16,35,30
S01007273,16 to 24,72,15,1,14,57,57,0,0,0,0
S01007273,25 to 34,85,55,27,28,30,29,0,1,0,0
S01007273,35 to 49,135,95,71,24,40,19,1,6,13,1
S01007273,50 to 64,120,89,81,8,31,1,1,8,15,6
S01007273,65 to 74,83,65,65,0,18,4,1,1,3,9
S01007273,75 to 84,44,27,25,2,17,1,0,0,4,12
S01007273,85 and over,7,4,4,0,3,1,0,0,0,2
S01007274,All people aged 16 and over in households,716,326,248,78,390,198,9,31,56,96
S01007274,16 to 24,106,26,2,24,80,80,0,0,0,0
S01007274,25 to 34,86,42,19,23,44,36,0,5,3,0
S01007274,35 to 49,164,88,72,16,76,48,4,10,13,1
S01007274,50 to 64,157,101,86,15,56,14,1,12,22,7
S01007274,65 to 74,88,45,45,0,43,4,0,3,13,23
S01007274,75 to 84,69,14,14,0,55,11,3,1,5,35
S01007274,85 and over,46,10,10,0,36,5,1,0,0,30
S01007275,All people aged 16 and over in households,460,320,278,42,140,81,3,5,18,33
S01007275,16 to 24,47,3,0,3,44,43,0,0,1,0
S01007275,25 to 34,42,26,14,12,16,16,0,0,0,0
S01007275,35 to 49,103,81,63,18,22,12,1,4,4,1
S01007275,50 to 64,130,109,103,6,21,9,0,1,7,4
S01007275,65 to 74,75,66,63,3,9,0,0,0,3,6
S01007275,75 to 84,45,31,31,0,14,0,0,0,3,11
S01007275,85 and over,18,4,4,0,14,1,2,0,0,11
S01007276,All people aged 16 and over in households,678,428,354,74,250,144,5,21,31,49
S01007276,16 to 24,81,7,0,7,74,74,0,0,0,0
S01007276,25 to 34,95,56,39,17,39,34,2,2,0,1
S01007276,35 to 49,181,132,94,38,49,26,0,9,13,1
S01007276,50 to 64,157,121,110,11,36,7,1,7,11,10
S01007276,65 to 74,90,68,67,1,22,0,0,2,6,14
S01007276,75 to 84,61,42,42,0,19,3,1,1,1,13
S01007276,85 and over,13,2,2,0,11,0,1,0,0,10
S01007277,All people aged 16 and over in households,637,434,392,42,203,109,5,4,29,56
S01007277,16 to 24,74,5,0,5,69,69,0,0,0,0
S01007277,25 to 34,45,26,16,10,19,18,0,0,1,0
S01007277,35 to 49,156,131,110,21,25,9,1,3,12,0
S01007277,50 to 64,177,154,149,5,23,6,1,0,10,6
S01007277,65 to 74,109,81,80,1,28,6,0,1,4,17
S01007277,75 to 84,61,35,35,0,26,1,3,0,2,20
S01007277,85 and over,15,2,2,0,13,0,0,0,0,13
S01007278,All people aged 16 and over in households,449,320,288,32,129,76,1,9,14,29
S01007278,16 to 24,47,3,3,0,44,44,0,0,0,0
S01007278,25 to 34,37,25,20,5,12,12,0,0,0,0
S01007278,35 to 49,122,106,88,18,16,7,0,5,3,1
S01007278,50 to 64,120,102,95,7,18,5,0,4,7,2
S01007278,65 to 74,65,50,48,2,15,7,0,0,2,6
S01007278,75 to 84,51,34,34,0,17,1,1,0,2,13
S01007278,85 and over,7,0,0,0,7,0,0,0,0,7
S01007279,All people aged 16 and over in households,459,300,262,38,159,84,11,16,21,27
S01007279,16 to 24,40,2,0,2,38,38,0,0,0,0
S01007279,25 to 34,32,16,7,9,16,15,0,0,1,0
S01007279,35 to 49,137,98,83,15,39,23,2,9,5,0
S01007279,50 to 64,138,109,101,8,29,4,8,4,11,2
S01007279,65 to 74,67,54,50,4,13,3,0,2,1,7
S01007279,75 to 84,30,13,13,0,17,0,0,1,3,13
S01007279,85 and over,15,8,8,0,7,1,1,0,0,5
S01007280,All people aged 16 and over in households,443,296,238,58,147,91,4,15,14,23
S01007280,16 to 24,41,4,0,4,37,37,0,0,0,0
S01007280,25 to 34,64,30,21,9,34,32,1,0,1,0
S01007280,35 to 49,107,82,58,24,25,10,3,6,4,2
S01007280,50 to 64,145,117,97,20,28,10,0,9,5,4
S01007280,65 to 74,67,53,52,1,14,1,0,0,4,9
S01007280,75 to 84,12,9,9,0,3,1,0,0,0,2
S01007280,85 and over,7,1,1,0,6,0,0,0,0,6
S01007281,All people aged 16 and over in households,712,484,404,80,228,141,6,13,32,36
S01007281,16 to 24,83,9,4,5,74,74,0,0,0,0
S01007281,25 to 34,94,58,35,23,36,33,2,0,1,0
S01007281,35 to 49,199,168,134,34,31,15,1,5,8,2
S01007281,50 to 64,226,170,153,17,56,11,3,8,19,15
S01007281,65 to 74,71,55,54,1,16,5,0,0,3,8
S01007281,75 to 84,31,21,21,0,10,1,0,0,1,8
S01007281,85 and over,8,3,3,0,5,2,0,0,0,3
S01007282,All people aged 16 and over in households,436,288,228,60,148,96,3,10,21,18
S01007282,16 to 24,59,8,3,5,51,51,0,0,0,0
S01007282,25 to 34,53,30,15,15,23,21,1,1,0,0
S01007282,35 to 49,118,95,70,25,23,13,0,4,6,0
S01007282,50 to 64,135,107,95,12,28,9,1,5,11,2
S01007282,65 to 74,41,33,30,3,8,1,0,0,3,4
S01007282,75 to 84,27,13,13,0,14,1,1,0,1,11
S01007282,85 and over,3,2,2,0,1,0,0,0,0,1
S01007283,All people aged 16 and over in households,835,582,504,78,253,102,13,12,43,83
S01007283,16 to 24,51,10,1,9,41,41,0,0,0,0
S01007283,25 to 34,61,48,26,22,13,11,0,1,1,0
S01007283,35 to 49,202,160,129,31,42,29,0,5,7,1
S01007283,50 to 64,209,178,169,9,31,9,2,6,10,4
S01007283,65 to 74,161,106,104,2,55,8,4,0,16,27
S01007283,75 to 84,99,61,58,3,38,2,7,0,8,21
S01007283,85 and over,52,19,17,2,33,2,0,0,1,30
S01007284,All people aged 16 and over in households,695,410,328,82,285,135,11,16,48,75
S01007284,16 to 24,67,14,0,14,53,51,1,1,0,0
S01007284,25 to 34,64,43,21,22,21,20,0,0,1,0
S01007284,35 to 49,164,98,77,21,66,33,3,8,18,4
S01007284,50 to 64,217,160,141,19,57,19,3,3,19,13
S01007284,65 to 74,88,59,55,4,29,6,1,1,10,11
S01007284,75 to 84,78,34,32,2,44,5,3,2,0,34
S01007284,85 and over,17,2,2,0,15,1,0,1,0,13
S01007285,All people aged 16 and over in households,691,470,398,72,221,121,9,4,34,53
S01007285,16 to 24,51,3,2,1,48,48,0,0,0,0
S01007285,25 to 34,70,49,29,20,21,20,1,0,0,0
S01007285,35 to 49,175,144,111,33,31,23,2,1,4,1
S01007285,50 to 64,196,139,125,14,57,19,3,2,20,13
S01007285,65 to 74,121,95,94,1,26,6,1,1,8,10
S01007285,75 to 84,60,35,32,3,25,3,2,0,2,18
S01007285,85 and over,18,5,5,0,13,2,0,0,0,11
S01007286,All people aged 16 and over in households,774,452,342,110,322,171,8,28,50,65
S01007286,16 to 24,86,23,0,23,63,62,0,1,0,0
S01007286,25 to 34,103,69,24,45,34,33,0,1,0,0
S01007286,35 to 49,185,109,89,20,76,40,3,15,15,3
S01007286,50 to 64,219,159,143,16,60,16,5,8,21,10
S01007286,65 to 74,101,61,59,2,40,9,0,3,9,19
S01007286,75 to 84,50,23,20,3,27,7,0,0,5,15
S01007286,85 and over,30,8,7,1,22,4,0,0,0,18
S01007287,All people aged 16 and over in households,469,292,230,62,177,95,1,12,33,36
S01007287,16 to 24,31,6,0,6,25,25,0,0,0,0
S01007287,25 to 34,44,29,12,17,15,14,0,1,0,0
S01007287,35 to 49,117,84,61,23,33,20,0,3,9,1
S01007287,50 to 64,154,97,87,10,57,30,1,6,13,7
S01007287,65 to 74,77,53,48,5,24,4,0,1,9,10
S01007287,75 to 84,29,18,17,1,11,1,0,1,1,8
S01007287,85 and over,17,5,5,0,12,1,0,0,1,10
S01007288,All people aged 16 and over in households,467,328,278,50,139,85,3,9,18,24
S01007288,16 to 24,35,0,0,0,35,35,0,0,0,0
S01007288,25 to 34,28,21,7,14,7,7,0,0,0,0
S01007288,35 to 49,111,89,70,19,22,13,0,6,3,0
S01007288,50 to 64,163,134,121,13,29,18,0,2,7,2
S01007288,65 to 74,81,60,57,3,21,6,2,1,7,5
S01007288,75 to 84,35,22,21,1,13,4,0,0,0,9
S01007288,85 and over,14,2,2,0,12,2,1,0,1,8
S01007289,All people aged 16 and over in households,668,458,398,60,210,132,3,9,23,43
S01007289,16 to 24,79,3,0,3,76,76,0,0,0,0
S01007289,25 to 34,56,37,23,14,19,19,0,0,0,0
S01007289,35 to 49,178,142,116,26,36,17,1,6,7,5
S01007289,50 to 64,214,170,157,13,44,15,2,3,13,11
S01007289,65 to 74,93,76,73,3,17,3,0,0,2,12
S01007289,75 to 84,36,24,23,1,12,2,0,0,1,9
S01007289,85 and over,12,6,6,0,6,0,0,0,0,6
S01007290,All people aged 16 and over in households,515,318,202,116,197,128,5,22,29,13
S01007290,16 to 24,76,12,3,9,64,62,1,1,0,0
S01007290,25 to 34,147,104,50,54,43,37,1,2,3,0
S01007290,35 to 49,194,141,99,42,53,24,1,14,12,2
S01007290,50 to 64,79,56,45,11,23,4,0,5,13,1
S01007290,65 to 74,8,3,3,0,5,1,0,0,0,4
S01007290,75 to 84,9,2,2,0,7,0,2,0,1,4
S01007290,85 and over,2,0,0,0,2,0,0,0,0,2
S01007291,All people aged 16 and over in households,544,278,218,60,266,143,3,20,43,57
S01007291,16 to 24,56,6,1,5,50,49,0,0,0,1
S01007291,25 to 34,74,38,18,20,36,30,1,5,0,0
S01007291,35 to 49,130,77,56,21,53,36,1,7,9,0
S01007291,50 to 64,132,85,75,10,47,15,0,8,19,5
S01007291,65 to 74,73,42,39,3,31,3,1,0,12,15
S01007291,75 to 84,58,29,28,1,29,5,0,0,3,21
S01007291,85 and over,21,1,1,0,20,5,0,0,0,15
S01007292,All people aged 16 and over in households,632,420,358,62,212,128,2,14,18,50
S01007292,16 to 24,88,8,2,6,80,80,0,0,0,0
S01007292,25 to 34,65,41,23,18,24,22,2,0,0,0
S01007292,35 to 49,172,149,127,22,23,11,0,5,5,2
S01007292,50 to 64,190,148,133,15,42,11,0,7,10,14
S01007292,65 to 74,78,54,53,1,24,4,0,1,3,16
S01007292,75 to 84,31,17,17,0,14,0,0,1,0,13
S01007292,85 and over,8,3,3,0,5,0,0,0,0,5
S01007293,All people aged 16 and over in households,577,282,194,88,295,189,7,27,45,27
S01007293,16 to 24,112,17,1,16,95,93,1,0,1,0
S01007293,25 to 34,106,52,23,29,54,50,1,3,0,0
S01007293,35 to 49,181,96,68,28,85,33,4,16,29,3
S01007293,50 to 64,109,80,65,15,29,9,1,6,8,5
S01007293,65 to 74,39,24,24,0,15,2,0,1,5,7
S01007293,75 to 84,28,13,13,0,15,2,0,1,2,10
S01007293,85 and over,2,0,0,0,2,0,0,0,0,2
S01007294,All people aged 16 and over in households,725,410,344,66,315,188,1,20,50,56
S01007294,16 to 24,95,10,2,8,85,85,0,0,0,0
S01007294,25 to 34,94,39,23,16,55,51,0,3,1,0
S01007294,35 to 49,201,148,118,30,53,27,1,7,15,3
S01007294,50 to 64,195,147,139,8,48,12,0,8,23,5
S01007294,65 to 74,79,46,44,2,33,5,0,2,9,17
S01007294,75 to 84,51,20,18,2,31,4,0,0,2,25
S01007294,85 and over,10,0,0,0,10,4,0,0,0,6
S01007295,All people aged 16 and over in households,432,136,76,60,296,164,3,19,55,55
S01007295,16 to 24,62,17,0,17,45,45,0,0,0,0
S01007295,25 to 34,75,24,7,17,51,46,1,1,3,0
S01007295,35 to 49,87,40,24,16,47,30,0,10,5,2
S01007295,50 to 64,107,39,33,6,68,26,2,6,28,6
S01007295,65 to 74,39,11,9,2,28,7,0,1,13,7
S01007295,75 to 84,34,5,3,2,29,6,0,0,2,21
S01007295,85 and over,28,0,0,0,28,4,0,1,4,19
S01007296,All people aged 16 and over in households,502,176,96,80,326,203,8,16,57,42
S01007296,16 to 24,82,19,0,19,63,62,1,0,0,0
S01007296,25 to 34,91,34,2,32,57,56,0,0,1,0
S01007296,35 to 49,99,40,22,18,59,39,2,6,12,0
S01007296,50 to 64,110,47,37,10,63,21,2,7,27,6
S01007296,65 to 74,65,22,21,1,43,12,0,3,12,16
S01007296,75 to 84,42,11,11,0,31,9,3,0,5,14
S01007296,85 and over,13,3,3,0,10,4,0,0,0,6
S01007297,All people aged 16 and over in households,753,394,312,82,359,231,12,24,45,47
S01007297,16 to 24,96,17,1,16,79,78,0,1,0,0
S01007297,25 to 34,141,60,31,29,81,76,2,3,0,0
S01007297,35 to 49,179,114,95,19,65,45,5,6,8,1
S01007297,50 to 64,191,124,111,13,67,21,5,9,29,3
S01007297,65 to 74,92,62,60,2,30,5,0,5,5,15
S01007297,75 to 84,37,14,12,2,23,4,0,0,2,17
S01007297,85 and over,17,3,2,1,14,2,0,0,1,11
S01007298,All people aged 16 and over in households,437,240,184,56,197,96,4,14,27,56
S01007298,16 to 24,52,9,1,8,43,43,0,0,0,0
S01007298,25 to 34,64,44,24,20,20,20,0,0,0,0
S01007298,35 to 49,103,67,47,20,36,15,1,9,8,3
S01007298,50 to 64,109,77,71,6,32,9,2,3,13,5
S01007298,65 to 74,67,33,31,2,34,9,0,1,5,19
S01007298,75 to 84,34,10,10,0,24,0,1,1,1,21
S01007298,85 and over,8,0,0,0,8,0,0,0,0,8
S01007299,All people aged 16 and over in households,666,350,242,108,316,191,10,25,52,38
S01007299,16 to 24,105,23,0,23,82,81,1,0,0,0
S01007299,25 to 34,131,80,33,47,51,45,0,3,2,1
S01007299,35 to 49,157,91,64,27,66,35,7,8,14,2
S01007299,50 to 64,156,107,96,11,49,17,2,11,17,2
S01007299,65 to 74,60,24,24,0,36,5,0,3,19,9
S01007299,75 to 84,50,24,24,0,26,7,0,0,0,19
S01007299,85 and over,7,1,1,0,6,1,0,0,0,5
S01007300,All people aged 16 and over in households,379,188,144,44,191,108,0,10,37,36
S01007300,16 to 24,46,7,0,7,39,39,0,0,0,0
S01007300,25 to 34,63,30,15,15,33,30,0,3,0,0
S01007300,35 to 49,97,55,40,15,42,24,0,4,13,1
S01007300,50 to 64,85,49,43,6,36,11,0,3,18,4
S01007300,65 to 74,33,21,20,1,12,3,0,0,2,7
S01007300,75 to 84,44,22,22,0,22,0,0,0,1,21
S01007300,85 and over,11,4,4,0,7,1,0,0,3,3
S01007301,All people aged 16 and over in households,610,436,374,62,174,85,3,13,17,56
S01007301,16 to 24,55,7,3,4,48,48,0,0,0,0
S01007301,25 to 34,42,31,20,11,11,11,0,0,0,0
S01007301,35 to 49,148,126,107,19,22,10,1,7,3,1
S01007301,50 to 64,183,147,129,18,36,13,1,5,7,10
S01007301,65 to 74,104,81,74,7,23,1,0,1,5,16
S01007301,75 to 84,66,41,38,3,25,1,1,0,2,21
S01007301,85 and over,12,3,3,0,9,1,0,0,0,8
S01007302,All people aged 16 and over in households,512,304,250,54,208,114,3,7,35,49
S01007302,16 to 24,66,8,0,8,58,58,0,0,0,0
S01007302,25 to 34,54,38,18,20,16,15,1,0,0,0
S01007302,35 to 49,134,106,89,17,28,17,0,4,6,1
S01007302,50 to 64,143,102,94,8,41,15,1,2,13,10
S01007302,65 to 74,68,39,38,1,29,7,0,1,8,13
S01007302,75 to 84,36,9,9,0,27,2,1,0,8,16
S01007302,85 and over,11,2,2,0,9,0,0,0,0,9
S01007303,All people aged 16 and over in households,722,486,414,72,236,139,8,7,30,52
S01007303,16 to 24,69,5,2,3,64,64,0,0,0,0
S01007303,25 to 34,84,46,29,17,38,34,2,1,1,0
S01007303,35 to 49,193,171,137,34,22,13,1,2,4,2
S01007303,50 to 64,207,155,140,15,52,16,4,4,19,9
S01007303,65 to 74,92,74,71,3,18,4,1,0,4,9
S01007303,75 to 84,50,25,25,0,25,7,0,0,1,17
S01007303,85 and over,27,10,10,0,17,1,0,0,1,15
S01007304,All people aged 16 and over in households,576,392,340,52,184,94,4,6,21,59
S01007304,16 to 24,44,2,1,1,42,42,0,0,0,0
S01007304,25 to 34,43,29,21,8,14,12,0,2,0,0
S01007304,35 to 49,119,95,77,18,24,16,0,3,3,2
S01007304,50 to 64,155,135,116,19,20,8,0,1,8,3
S01007304,65 to 74,132,96,91,5,36,10,4,0,7,15
S01007304,75 to 84,67,33,32,1,34,3,0,0,2,29
S01007304,85 and over,16,2,2,0,14,3,0,0,1,10
S01007305,All people aged 16 and over in households,608,432,374,58,176,105,4,7,26,34
S01007305,16 to 24,62,7,2,5,55,55,0,0,0,0
S01007305,25 to 34,48,29,15,14,19,17,1,1,0,0
S01007305,35 to 49,158,144,121,23,14,8,0,2,2,2
S01007305,50 to 64,202,164,150,14,38,16,2,4,13,3
S01007305,65 to 74,74,49,47,2,25,6,1,0,8,10
S01007305,75 to 84,49,31,31,0,18,3,0,0,3,12
S01007305,85 and over,15,8,8,0,7,0,0,0,0,7
S01007306,All people aged 16 and over in households,612,396,332,64,216,107,2,14,41,52
S01007306,16 to 24,51,2,0,2,49,49,0,0,0,0
S01007306,25 to 34,63,41,20,21,22,18,0,1,3,0
S01007306,35 to 49,167,126,102,24,41,19,1,9,12,0
S01007306,50 to 64,168,128,114,14,40,12,0,4,19,5
S01007306,65 to 74,102,79,76,3,23,2,0,0,5,16
S01007306,75 to 84,42,19,19,0,23,5,1,0,2,15
S01007306,85 and over,19,1,1,0,18,2,0,0,0,16
S01007307,All people aged 16 and over in households,660,442,378,64,218,123,10,15,26,44
S01007307,16 to 24,61,3,1,2,58,58,0,0,0,0
S01007307,25 to 34,47,25,15,10,22,18,4,0,0,0
S01007307,35 to 49,190,149,123,26,41,25,2,5,6,3
S01007307,50 to 64,210,165,146,19,45,17,2,5,14,7
S01007307,65 to 74,101,75,70,5,26,4,2,3,6,11
S01007307,75 to 84,43,20,18,2,23,0,0,2,0,21
S01007307,85 and over,8,5,5,0,3,1,0,0,0,2
S01007308,All people aged 16 and over in households,629,398,336,62,231,114,8,15,37,57
S01007308,16 to 24,57,3,1,2,54,54,0,0,0,0
S01007308,25 to 34,47,25,13,12,22,19,0,1,2,0
S01007308,35 to 49,171,133,106,27,38,16,4,5,12,1
S01007308,50 to 64,183,137,121,16,46,12,4,4,15,11
S01007308,65 to 74,114,83,79,4,31,7,0,2,7,15
S01007308,75 to 84,44,15,14,1,29,5,0,3,1,20
S01007308,85 and over,13,2,2,0,11,1,0,0,0,10
S01007309,All people aged 16 and over in households,517,338,290,48,179,97,8,12,27,35
S01007309,16 to 24,35,3,1,2,32,32,0,0,0,0
S01007309,25 to 34,44,19,8,11,25,22,0,2,1,0
S01007309,35 to 49,132,87,72,15,45,30,1,6,8,0
S01007309,50 to 64,193,153,135,18,40,11,7,4,11,7
S01007309,65 to 74,68,48,46,2,20,2,0,0,6,12
S01007309,75 to 84,34,24,24,0,10,0,0,0,1,9
S01007309,85 and over,11,4,4,0,7,0,0,0,0,7
S01007310,All people aged 16 and over in households,686,464,392,72,222,111,7,17,42,45
S01007310,16 to 24,55,7,2,5,48,48,0,0,0,0
S01007310,25 to 34,45,30,15,15,15,13,0,1,1,0
S01007310,35 to 49,152,117,94,23,35,21,2,6,6,0
S01007310,50 to 64,210,169,146,23,41,11,2,5,20,3
S01007310,65 to 74,139,102,96,6,37,7,1,1,12,16
S01007310,75 to 84,62,34,34,0,28,5,2,3,3,15
S01007310,85 and over,23,5,5,0,18,6,0,1,0,11
S01007311,All people aged 16 and over in households,618,364,290,74,254,140,2,19,36,57
S01007311,16 to 24,59,11,1,10,48,48,0,0,0,0
S01007311,25 to 34,90,45,27,18,45,44,0,0,1,0
S01007311,35 to 49,164,121,87,34,43,25,0,6,11,1
S01007311,50 to 64,159,107,99,8,52,14,2,11,12,13
S01007311,65 to 74,86,57,53,4,29,3,0,2,11,13
S01007311,75 to 84,49,23,23,0,26,4,0,0,1,21
S01007311,85 and over,11,0,0,0,11,2,0,0,0,9
S01007312,All people aged 16 and over in households,626,432,374,58,194,89,4,21,28,52
S01007312,16 to 24,46,5,0,5,41,41,0,0,0,0
S01007312,25 to 34,52,33,19,14,19,12,0,6,0,1
S01007312,35 to 49,142,110,88,22,32,18,0,7,5,2
S01007312,50 to 64,187,145,131,14,42,10,2,7,15,8
S01007312,65 to 74,116,88,85,3,28,4,1,1,5,17
S01007312,75 to 84,68,45,45,0,23,2,1,0,2,18
S01007312,85 and over,15,6,6,0,9,2,0,0,1,6
S01007313,All people aged 16 and over in households,821,570,484,86,251,132,6,12,39,62
S01007313,16 to 24,60,4,1,3,56,56,0,0,0,0
S01007313,25 to 34,56,28,14,14,28,26,1,0,1,0
S01007313,35 to 49,217,178,144,34,39,27,2,5,5,0
S01007313,50 to 64,250,206,178,28,44,10,3,5,17,9
S01007313,65 to 74,165,119,112,7,46,8,0,2,13,23
S01007313,75 to 84,56,31,31,0,25,1,0,0,3,21
S01007313,85 and over,17,4,4,0,13,4,0,0,0,9
S01007314,All people aged 16 and over in households,528,350,274,76,178,95,12,13,29,29
S01007314,16 to 24,53,8,0,8,45,45,0,0,0,0
S01007314,25 to 34,47,27,16,11,20,15,0,4,1,0
S01007314,35 to 49,163,123,83,40,40,14,9,5,12,0
S01007314,50 to 64,163,124,111,13,39,13,3,3,12,8
S01007314,65 to 74,67,53,49,4,14,5,0,1,3,5
S01007314,75 to 84,22,12,12,0,10,2,0,0,1,7
S01007314,85 and over,13,3,3,0,10,1,0,0,0,9
S01007315,All people aged 16 and over in households,778,490,370,120,288,161,8,19,41,59
S01007315,16 to 24,100,17,2,15,83,83,0,0,0,0
S01007315,25 to 34,109,71,27,44,38,36,2,0,0,0
S01007315,35 to 49,226,180,133,47,46,17,2,10,15,2
S01007315,50 to 64,162,113,101,12,49,14,2,4,19,10
S01007315,65 to 74,100,65,63,2,35,8,1,4,6,16
S01007315,75 to 84,60,38,38,0,22,1,1,1,1,18
S01007315,85 and over,21,6,6,0,15,2,0,0,0,13
S01007316,All people aged 16 and over in households,733,370,276,94,363,194,4,26,66,73
S01007316,16 to 24,94,23,1,22,71,71,0,0,0,0
S01007316,25 to 34,81,48,16,32,33,31,0,1,1,0
S01007316,35 to 49,181,97,69,28,84,47,2,10,23,2
S01007316,50 to 64,186,117,107,10,69,25,0,11,22,11
S01007316,65 to 74,106,62,60,2,44,8,0,3,10,23
S01007316,75 to 84,66,21,21,0,45,8,2,1,9,25
S01007316,85 and over,19,2,2,0,17,4,0,0,1,12
S01007317,All people aged 16 and over in households,494,306,236,70,188,113,5,24,22,24
S01007317,16 to 24,62,5,0,5,57,57,0,0,0,0
S01007317,25 to 34,64,39,19,20,25,22,0,3,0,0
S01007317,35 to 49,174,130,99,31,44,23,2,12,7,0
S01007317,50 to 64,129,91,78,13,38,7,2,8,13,8
S01007317,65 to 74,44,28,28,0,16,3,1,1,1,10
S01007317,75 to 84,20,13,12,1,7,1,0,0,1,5
S01007317,85 and over,1,0,0,0,1,0,0,0,0,1
S01007318,All people aged 16 and over in households,475,300,238,62,175,84,3,13,35,40
S01007318,16 to 24,43,7,1,6,36,36,0,0,0,0
S01007318,25 to 34,50,32,18,14,18,15,0,2,1,0
S01007318,35 to 49,147,107,79,28,40,17,1,6,13,3
S01007318,50 to 64,132,100,89,11,32,11,1,4,10,6
S01007318,65 to 74,67,40,37,3,27,4,0,1,9,13
S01007318,75 to 84,28,13,13,0,15,0,1,0,2,12
S01007318,85 and over,8,1,1,0,7,1,0,0,0,6
S01007319,All people aged 16 and over in households,615,350,288,62,265,148,7,17,31,62
S01007319,16 to 24,66,14,4,10,52,52,0,0,0,0
S01007319,25 to 34,68,33,17,16,35,33,0,2,0,0
S01007319,35 to 49,145,102,76,26,43,26,4,8,3,2
S01007319,50 to 64,166,114,107,7,52,17,3,5,15,12
S01007319,65 to 74,98,61,60,1,37,13,0,1,8,15
S01007319,75 to 84,46,25,23,2,21,3,0,1,4,13
S01007319,85 and over,26,1,1,0,25,4,0,0,1,20
S01007320,All people aged 16 and over in households,636,404,352,52,232,115,14,16,32,55
S01007320,16 to 24,55,2,0,2,53,53,0,0,0,0
S01007320,25 to 34,45,23,12,11,22,20,2,0,0,0
S01007320,35 to 49,167,128,103,25,39,20,5,7,7,0
S01007320,50 to 64,175,130,122,8,45,12,2,5,17,9
S01007320,65 to 74,111,83,80,3,28,5,1,4,3,15
S01007320,75 to 84,70,35,32,3,35,4,2,0,4,25
S01007320,85 and over,13,3,3,0,10,1,2,0,1,6
S01007321,All people aged 16 and over in households,519,360,318,42,159,103,5,5,16,30
S01007321,16 to 24,31,0,0,0,31,31,0,0,0,0
S01007321,25 to 34,37,12,9,3,25,24,0,1,0,0
S01007321,35 to 49,112,83,64,19,29,23,3,0,2,1
S01007321,50 to 64,176,142,128,14,34,16,2,3,9,4
S01007321,65 to 74,117,101,96,5,16,7,0,0,2,7
S01007321,75 to 84,36,22,21,1,14,2,0,1,2,9
S01007321,85 and over,10,0,0,0,10,0,0,0,1,9
S01007322,All people aged 16 and over in households,634,346,260,86,288,155,7,23,41,62
S01007322,16 to 24,68,13,1,12,55,55,0,0,0,0
S01007322,25 to 34,76,40,20,20,36,32,3,0,1,0
S01007322,35 to 49,164,105,75,30,59,29,3,10,15,2
S01007322,50 to 64,159,102,88,14,57,22,0,11,19,5
S01007322,65 to 74,85,57,50,7,28,8,0,2,3,15
S01007322,75 to 84,67,26,23,3,41,9,0,0,1,31
S01007322,85 and over,15,3,3,0,12,0,1,0,2,9
S01007323,All people aged 16 and over in households,393,224,184,40,169,77,8,9,30,45
S01007323,16 to 24,30,4,0,4,26,26,0,0,0,0
S01007323,25 to 34,39,15,8,7,24,19,0,4,1,0
S01007323,35 to 49,101,72,46,26,29,20,3,2,4,0
S01007323,50 to 64,118,79,76,3,39,10,4,3,18,4
S01007323,65 to 74,53,36,36,0,17,1,0,0,6,10
S01007323,75 to 84,33,13,13,0,20,1,1,0,1,17
S01007323,85 and over,19,5,5,0,14,0,0,0,0,14
S01007324,All people aged 16 and over in households,285,176,146,30,109,48,2,5,22,32
S01007324,16 to 24,23,1,0,1,22,21,0,0,1,0
S01007324,25 to 34,26,19,8,11,7,6,0,1,0,0
S01007324,35 to 49,63,47,39,8,16,9,2,0,5,0
S01007324,50 to 64,105,82,75,7,23,7,0,2,9,5
S01007324,65 to 74,36,17,14,3,19,3,0,2,5,9
S01007324,75 to 84,20,6,6,0,14,2,0,0,1,11
S01007324,85 and over,12,4,4,0,8,0,0,0,1,7
S01007325,All people aged 16 and over in households,680,414,340,74,266,127,11,24,47,57
S01007325,16 to 24,54,5,1,4,49,49,0,0,0,0
S01007325,25 to 34,63,39,19,20,24,23,1,0,0,0
S01007325,35 to 49,169,127,99,28,42,16,5,8,11,2
S01007325,50 to 64,194,139,126,13,55,19,2,9,19,6
S01007325,65 to 74,114,65,58,7,49,12,1,7,14,15
S01007325,75 to 84,65,33,31,2,32,5,2,0,3,22
S01007325,85 and over,21,6,6,0,15,3,0,0,0,12
S01007326,All people aged 16 and over in households,657,452,374,78,205,121,5,9,24,46
S01007326,16 to 24,66,11,1,10,55,55,0,0,0,0
S01007326,25 to 34,48,24,8,16,24,24,0,0,0,0
S01007326,35 to 49,143,115,81,34,28,15,1,5,6,1
S01007326,50 to 64,206,172,160,12,34,14,2,2,13,3
S01007326,65 to 74,127,102,98,4,25,7,1,0,3,14
S01007326,75 to 84,49,25,23,2,24,5,1,2,2,14
S01007326,85 and over,18,3,3,0,15,1,0,0,0,14
S01007327,All people aged 16 and over in households,638,356,268,88,282,172,3,16,36,55
S01007327,16 to 24,73,7,1,6,66,66,0,0,0,0
S01007327,25 to 34,72,43,15,28,29,24,0,3,2,0
S01007327,35 to 49,174,105,64,41,69,54,0,7,8,0
S01007327,50 to 64,151,106,94,12,45,12,3,3,19,8
S01007327,65 to 74,87,58,57,1,29,5,0,2,6,16
S01007327,75 to 84,58,29,29,0,29,9,0,1,0,19
S01007327,85 and over,23,8,8,0,15,2,0,0,1,12
S01007328,All people aged 16 and over in households,713,386,302,84,327,190,5,23,39,70
S01007328,16 to 24,92,16,3,13,76,76,0,0,0,0
S01007328,25 to 34,86,40,23,17,46,42,2,1,1,0
S01007328,35 to 49,157,97,71,26,60,39,0,10,11,0
S01007328,50 to 64,201,141,118,23,60,13,2,11,19,15
S01007328,65 to 74,97,58,55,3,39,10,0,1,4,24
S01007328,75 to 84,64,32,30,2,32,9,0,0,2,21
S01007328,85 and over,16,2,2,0,14,1,1,0,2,10
S01007329,All people aged 16 and over in households,568,350,302,48,218,124,11,14,20,49
S01007329,16 to 24,62,8,5,3,54,53,0,0,1,0
S01007329,25 to 34,29,17,9,8,12,11,0,0,1,0
S01007329,35 to 49,163,124,105,19,39,24,4,8,3,0
S01007329,50 to 64,165,122,104,18,43,26,2,4,9,2
S01007329,65 to 74,88,57,57,0,31,7,5,1,6,12
S01007329,75 to 84,38,18,18,0,20,1,0,0,0,19
S01007329,85 and over,23,4,4,0,19,2,0,1,0,16
S01007330,All people aged 16 and over in households,678,460,398,62,218,95,5,21,31,66
S01007330,16 to 24,37,5,2,3,32,32,0,0,0,0
S01007330,25 to 34,51,33,20,13,18,18,0,0,0,0
S01007330,35 to 49,121,87,68,19,34,21,1,8,4,0
S01007330,50 to 64,210,170,153,17,40,12,2,4,15,7
S01007330,65 to 74,146,112,104,8,34,3,1,7,9,14
S01007330,75 to 84,80,46,44,2,34,4,1,2,3,24
S01007330,85 and over,33,7,7,0,26,5,0,0,0,21
S01007331,All people aged 16 and over in households,815,540,436,104,275,166,4,15,42,48
S01007331,16 to 24,84,9,0,9,75,75,0,0,0,0
S01007331,25 to 34,74,50,23,27,24,22,1,1,0,0
S01007331,35 to 49,225,174,125,49,51,32,0,6,11,2
S01007331,50 to 64,242,184,172,12,58,19,1,7,26,5
S01007331,65 to 74,107,76,71,5,31,8,2,1,4,16
S01007331,75 to 84,61,40,38,2,21,6,0,0,0,15
S01007331,85 and over,22,7,7,0,15,4,0,0,1,10
S01007332,All people aged 16 and over in households,435,274,248,26,161,102,2,9,13,35
S01007332,16 to 24,54,3,0,3,51,51,0,0,0,0
S01007332,25 to 34,20,6,0,6,14,14,0,0,0,0
S01007332,35 to 49,100,84,78,6,16,10,1,3,2,0
S01007332,50 to 64,137,106,98,8,31,12,0,6,9,4
S01007332,65 to 74,74,55,52,3,19,7,1,0,0,11
S01007332,75 to 84,35,17,17,0,18,3,0,0,1,14
S01007332,85 and over,15,3,3,0,12,5,0,0,1,6
S01007333,All people aged 16 and over in households,663,418,352,66,245,120,3,13,50,59
S01007333,16 to 24,69,7,0,7,62,62,0,0,0,0
S01007333,25 to 34,57,39,22,17,18,16,0,2,0,0
S01007333,35 to 49,140,103,77,26,37,21,1,5,10,0
S01007333,50 to 64,202,141,125,16,61,16,1,6,33,5
S01007333,65 to 74,104,80,80,0,24,1,0,0,6,17
S01007333,75 to 84,67,43,43,0,24,2,1,0,1,20
S01007333,85 and over,24,5,5,0,19,2,0,0,0,17
S01007334,All people aged 16 and over in households,591,254,188,66,337,185,3,17,59,73
S01007334,16 to 24,98,17,2,15,81,81,0,0,0,0
S01007334,25 to 34,61,30,16,14,31,27,0,1,3,0
S01007334,35 to 49,139,79,60,19,60,37,0,6,14,3
S01007334,50 to 64,127,69,56,13,58,21,0,7,27,3
S01007334,65 to 74,84,40,38,2,44,9,1,2,12,20
S01007334,75 to 84,64,18,16,2,46,7,2,1,3,33
S01007334,85 and over,18,1,0,1,17,3,0,0,0,14
S01007335,All people aged 16 and over in households,667,344,282,62,323,194,4,13,45,67
S01007335,16 to 24,87,20,3,17,67,66,0,1,0,0
S01007335,25 to 34,100,42,20,22,58,56,0,1,1,0
S01007335,35 to 49,139,88,70,18,51,26,0,9,15,1
S01007335,50 to 64,163,99,94,5,64,27,1,1,24,11
S01007335,65 to 74,97,60,60,0,37,10,3,1,3,20
S01007335,75 to 84,67,33,33,0,34,7,0,0,2,25
S01007335,85 and over,14,2,2,0,12,2,0,0,0,10
S01007336,All people aged 16 and over in households,423,162,114,48,261,172,6,20,43,20
S01007336,16 to 24,78,13,0,13,65,65,0,0,0,0
S01007336,25 to 34,78,34,14,20,44,41,1,1,1,0
S01007336,35 to 49,99,45,38,7,54,34,1,9,9,1
S01007336,50 to 64,87,33,28,5,54,16,3,8,21,6
S01007336,65 to 74,56,26,24,2,30,11,1,2,12,4
S01007336,75 to 84,19,10,9,1,9,4,0,0,0,5
S01007336,85 and over,6,1,1,0,5,1,0,0,0,4
S01007337,All people aged 16 and over in households,558,254,200,54,304,158,5,11,48,82
S01007337,16 to 24,46,9,2,7,37,37,0,0,0,0
S01007337,25 to 34,60,18,7,11,42,38,2,1,1,0
S01007337,35 to 49,121,76,62,14,45,30,1,3,10,1
S01007337,50 to 64,127,72,61,11,55,22,0,7,21,5
S01007337,65 to 74,97,48,43,5,49,14,0,0,13,22
S01007337,75 to 84,76,22,16,6,54,13,2,0,3,36
S01007337,85 and over,31,9,9,0,22,4,0,0,0,18
S01007338,All people aged 16 and over in households,606,372,316,56,234,141,0,12,28,53
S01007338,16 to 24,78,8,1,7,70,70,0,0,0,0
S01007338,25 to 34,65,39,23,16,26,26,0,0,0,0
S01007338,35 to 49,166,120,99,21,46,25,0,5,14,2
S01007338,50 to 64,146,112,101,11,34,9,0,7,9,9
S01007338,65 to 74,99,70,69,1,29,8,0,0,4,17
S01007338,75 to 84,44,21,21,0,23,2,0,0,1,20
S01007338,85 and over,8,2,2,0,6,1,0,0,0,5
S01007339,All people aged 16 and over in households,517,322,278,44,195,91,3,9,24,68
S01007339,16 to 24,40,4,0,4,36,36,0,0,0,0
S01007339,25 to 34,35,19,12,7,16,16,0,0,0,0
S01007339,35 to 49,118,97,74,23,21,10,0,4,7,0
S01007339,50 to 64,135,97,87,10,38,11,1,5,15,6
S01007339,65 to 74,101,66,66,0,35,7,1,0,2,25
S01007339,75 to 84,76,36,36,0,40,10,1,0,0,29
S01007339,85 and over,12,3,3,0,9,1,0,0,0,8
S01007340,All people aged 16 and over in households,404,204,170,34,200,86,7,23,30,54
S01007340,16 to 24,32,10,0,10,22,22,0,0,0,0
S01007340,25 to 34,35,20,14,6,15,13,0,1,1,0
S01007340,35 to 49,85,56,44,12,29,17,0,5,6,1
S01007340,50 to 64,110,56,53,3,54,18,2,11,12,11
S01007340,65 to 74,87,45,42,3,42,10,5,6,6,15
S01007340,75 to 84,36,14,14,0,22,4,0,0,4,14
S01007340,85 and over,19,3,3,0,16,2,0,0,1,13
S01007341,All people aged 16 and over in households,644,384,350,34,260,116,9,18,42,75
S01007341,16 to 24,53,2,2,0,51,51,0,0,0,0
S01007341,25 to 34,33,16,9,7,17,16,0,0,1,0
S01007341,35 to 49,128,97,86,11,31,20,1,3,6,1
S01007341,50 to 64,190,126,117,9,64,16,3,15,22,8
S01007341,65 to 74,132,97,91,6,35,6,2,0,7,20
S01007341,75 to 84,82,44,43,1,38,4,3,0,5,26
S01007341,85 and over,26,2,2,0,24,3,0,0,1,20
S01007342,All people aged 16 and over in households,695,482,426,56,213,107,5,9,24,68
S01007342,16 to 24,56,5,0,5,51,51,0,0,0,0
S01007342,25 to 34,25,7,5,2,18,17,0,0,1,0
S01007342,35 to 49,146,120,95,25,26,17,1,3,5,0
S01007342,50 to 64,245,199,178,21,46,12,4,5,17,8
S01007342,65 to 74,133,105,102,3,28,7,0,0,0,21
S01007342,75 to 84,74,42,42,0,32,3,0,1,1,27
S01007342,85 and over,16,4,4,0,12,0,0,0,0,12
S01007343,All people aged 16 and over in households,567,378,342,36,189,99,12,4,23,51
S01007343,16 to 24,46,4,1,3,42,41,1,0,0,0
S01007343,25 to 34,32,16,10,6,16,15,1,0,0,0
S01007343,35 to 49,121,94,82,12,27,14,4,1,6,2
S01007343,50 to 64,183,147,135,12,36,12,4,2,9,9
S01007343,65 to 74,99,76,73,3,23,11,0,0,4,8
S01007343,75 to 84,59,34,34,0,25,4,0,0,3,18
S01007343,85 and over,27,7,7,0,20,2,2,1,1,14
S01007344,All people aged 16 and over in households,392,202,176,26,190,71,3,17,42,57
S01007344,16 to 24,30,2,1,1,28,27,0,0,0,1
S01007344,25 to 34,26,10,4,6,16,13,0,3,0,0
S01007344,35 to 49,65,43,32,11,22,12,0,3,7,0
S01007344,50 to 64,122,67,59,8,55,12,2,7,24,10
S01007344,65 to 74,75,50,50,0,25,2,0,3,7,13
S01007344,75 to 84,58,28,28,0,30,2,1,1,4,22
S01007344,85 and over,16,2,2,0,14,3,0,0,0,11
S01007345,All people aged 16 and over in households,454,193,110,83,261,137,4,15,49,56
S01007345,16 to 24,67,11,0,11,56,56,0,0,0,0
S01007345,25 to 34,81,44,17,27,37,33,1,1,2,0
S01007345,35 to 49,108,68,47,21,40,26,0,4,9,1
S01007345,50 to 64,91,45,27,18,46,9,1,7,23,6
S01007345,65 to 74,53,15,12,3,38,7,0,2,14,15
S01007345,75 to 84,37,10,7,3,27,6,0,1,1,19
S01007345,85 and over,17,0,0,0,17,0,2,0,0,15
S01007346,All people aged 16 and over in households,477,170,118,52,307,150,5,19,72,61
S01007346,16 to 24,49,9,0,9,40,40,0,0,0,0
S01007346,25 to 34,72,24,10,14,48,43,2,2,1,0
S01007346,35 to 49,77,25,15,10,52,27,0,9,16,0
S01007346,50 to 64,133,51,37,14,82,30,1,8,37,6
S01007346,65 to 74,75,34,32,2,41,6,0,0,12,23
S01007346,75 to 84,52,22,19,3,30,3,0,0,5,22
S01007346,85 and over,19,5,5,0,14,1,2,0,1,10
S01007347,All people aged 16 and over in households,543,240,198,42,303,155,3,14,65,66
S01007347,16 to 24,78,10,3,7,68,67,0,1,0,0
S01007347,25 to 34,42,13,9,4,29,27,0,1,1,0
S01007347,35 to 49,96,52,40,12,44,29,1,2,11,1
S01007347,50 to 64,161,86,72,14,75,22,0,7,32,14
S01007347,65 to 74,98,58,54,4,40,5,1,3,15,16
S01007347,75 to 84,54,21,20,1,33,4,1,0,5,23
S01007347,85 and over,14,0,0,0,14,1,0,0,1,12
S01007348,All people aged 16 and over in households,481,232,194,38,249,130,3,22,29,65
S01007348,16 to 24,74,5,0,5,69,69,0,0,0,0
S01007348,25 to 34,49,21,14,7,28,25,1,1,1,0
S01007348,35 to 49,121,81,62,19,40,21,0,8,7,4
S01007348,50 to 64,119,80,73,7,39,12,1,8,12,6
S01007348,65 to 74,57,27,27,0,30,2,1,1,4,22
S01007348,75 to 84,49,15,15,0,34,0,0,4,4,26
S01007348,85 and over,12,3,3,0,9,1,0,0,1,7
S01007349,All people aged 16 and over in households,340,202,170,32,138,84,0,13,21,20
S01007349,16 to 24,51,11,0,11,40,40,0,0,0,0
S01007349,25 to 34,38,13,5,8,25,24,0,0,0,1
S01007349,35 to 49,80,55,49,6,25,13,0,6,5,1
S01007349,50 to 64,101,79,72,7,22,5,0,6,8,3
S01007349,65 to 74,46,33,33,0,13,0,0,1,5,7
S01007349,75 to 84,18,11,11,0,7,1,0,0,3,3
S01007349,85 and over,6,0,0,0,6,1,0,0,0,5
S01007350,All people aged 16 and over in households,498,218,180,38,280,129,12,21,48,70
S01007350,16 to 24,59,12,1,11,47,47,0,0,0,0
S01007350,25 to 34,50,16,8,8,34,31,0,3,0,0
S01007350,35 to 49,95,55,46,9,40,17,3,7,11,2
S01007350,50 to 64,125,72,65,7,53,20,1,8,20,4
S01007350,65 to 74,77,40,38,2,37,4,3,3,11,16
S01007350,75 to 84,62,16,16,0,46,8,4,0,5,29
S01007350,85 and over,30,7,6,1,23,2,1,0,1,19
S01007351,All people aged 16 and over in households,584,366,314,52,218,95,11,14,40,58
S01007351,16 to 24,29,1,0,1,28,27,0,1,0,0
S01007351,25 to 34,39,19,8,11,20,17,1,2,0,0
S01007351,35 to 49,103,70,50,20,33,18,4,6,5,0
S01007351,50 to 64,177,125,117,8,52,18,4,2,20,8
S01007351,65 to 74,115,88,81,7,27,5,2,2,7,11
S01007351,75 to 84,92,56,52,4,36,9,0,1,5,21
S01007351,85 and over,29,7,6,1,22,1,0,0,3,18
S01007352,All people aged 16 and over in households,434,320,260,60,114,58,6,9,17,24
S01007352,16 to 24,30,3,1,2,27,27,0,0,0,0
S01007352,25 to 34,48,34,18,16,14,14,0,0,0,0
S01007352,35 to 49,92,73,61,12,19,13,1,3,2,0
S01007352,50 to 64,153,129,113,16,24,3,4,3,12,2
S01007352,65 to 74,80,65,55,10,15,0,0,2,3,10
S01007352,75 to 84,21,15,12,3,6,1,0,1,0,4
S01007352,85 and over,10,1,0,1,9,0,1,0,0,8
S01007353,All people aged 16 and over in households,538,372,318,54,166,89,5,12,24,36
S01007353,16 to 24,37,1,0,1,36,36,0,0,0,0
S01007353,25 to 34,54,27,12,15,27,26,0,1,0,0
S01007353,35 to 49,100,79,62,17,21,11,0,4,5,1
S01007353,50 to 64,168,136,122,14,32,11,3,3,10,5
S01007353,65 to 74,116,86,82,4,30,4,2,4,6,14
S01007353,75 to 84,53,41,39,2,12,0,0,0,3,9
S01007353,85 and over,10,2,1,1,8,1,0,0,0,7
S01007354,All people aged 16 and over in households,707,478,394,84,229,96,1,12,44,76
S01007354,16 to 24,52,10,1,9,42,42,0,0,0,0
S01007354,25 to 34,46,31,15,16,15,15,0,0,0,0
S01007354,35 to 49,132,103,71,32,29,12,0,6,9,2
S01007354,50 to 64,200,160,140,20,40,8,1,4,18,9
S01007354,65 to 74,153,98,92,6,55,10,0,2,15,28
S01007354,75 to 84,91,65,64,1,26,6,0,0,2,18
S01007354,85 and over,33,11,11,0,22,3,0,0,0,19
S01007355,All people aged 16 and over in households,823,548,486,62,275,120,12,20,57,66
S01007355,16 to 24,54,5,1,4,49,49,0,0,0,0
S01007355,25 to 34,51,18,9,9,33,28,2,3,0,0
S01007355,35 to 49,158,126,101,25,32,18,2,6,5,1
S01007355,50 to 64,305,235,214,21,70,14,5,8,32,11
S01007355,65 to 74,161,122,119,3,39,6,1,3,17,12
S01007355,75 to 84,65,33,33,0,32,4,1,0,3,24
S01007355,85 and over,29,9,9,0,20,1,1,0,0,18
S01007356,All people aged 16 and over in households,625,406,356,50,219,111,12,21,36,39
S01007356,16 to 24,45,3,1,2,42,42,0,0,0,0
S01007356,25 to 34,38,23,12,11,15,15,0,0,0,0
S01007356,35 to 49,123,81,65,16,42,23,3,9,7,0
S01007356,50 to 64,205,161,145,16,44,14,3,6,17,4
S01007356,65 to 74,141,98,94,4,43,10,4,6,9,14
S01007356,75 to 84,62,39,38,1,23,4,2,0,3,14
S01007356,85 and over,11,1,1,0,10,3,0,0,0,7
S01007357,All people aged 16 and over in households,674,424,364,60,250,108,13,20,29,80
S01007357,16 to 24,33,7,0,7,26,26,0,0,0,0
S01007357,25 to 34,49,24,15,9,25,24,0,0,1,0
S01007357,35 to 49,160,120,94,26,40,27,1,7,4,1
S01007357,50 to 64,200,146,132,14,54,14,7,7,14,12
S01007357,65 to 74,124,80,76,4,44,10,2,3,9,20
S01007357,75 to 84,88,41,41,0,47,5,2,3,1,36
S01007357,85 and over,20,6,6,0,14,2,1,0,0,11
S01007358,All people aged 16 and over in households,697,462,372,90,235,127,7,20,27,54
S01007358,16 to 24,62,7,1,6,55,55,0,0,0,0
S01007358,25 to 34,71,45,26,19,26,22,2,1,1,0
S01007358,35 to 49,200,145,108,37,55,30,4,11,6,4
S01007358,50 to 64,235,188,164,24,47,11,0,8,15,13
S01007358,65 to 74,76,55,52,3,21,5,0,0,4,12
S01007358,75 to 84,41,20,19,1,21,2,1,0,1,17
S01007358,85 and over,12,2,2,0,10,2,0,0,0,8
S01007359,All people aged 16 and over in households,668,390,312,78,278,150,7,19,44,58
S01007359,16 to 24,72,5,1,4,67,67,0,0,0,0
S01007359,25 to 34,64,32,10,22,32,26,0,3,3,0
S01007359,35 to 49,161,107,75,32,54,32,0,8,12,2
S01007359,50 to 64,172,125,112,13,47,15,4,6,16,6
S01007359,65 to 74,115,78,76,2,37,5,1,2,12,17
S01007359,75 to 84,60,35,32,3,25,3,1,0,0,21
S01007359,85 and over,24,8,6,2,16,2,1,0,1,12
S01007360,All people aged 16 and over in households,447,310,272,38,137,63,6,10,17,41
S01007360,16 to 24,35,1,0,1,34,34,0,0,0,0
S01007360,25 to 34,27,14,6,8,13,10,0,3,0,0
S01007360,35 to 49,83,62,52,10,21,9,1,4,5,2
S01007360,50 to 64,138,112,100,12,26,4,4,3,9,6
S01007360,65 to 74,109,90,83,7,19,3,1,0,0,15
S01007360,75 to 84,43,25,25,0,18,2,0,0,2,14
S01007360,85 and over,12,6,6,0,6,1,0,0,1,4
S01007361,All people aged 16 and over in households,855,500,426,74,355,156,8,26,67,98
S01007361,16 to 24,68,8,1,7,60,59,0,1,0,0
S01007361,25 to 34,65,37,13,24,28,24,0,3,1,0
S01007361,35 to 49,173,112,92,20,61,32,2,9,17,1
S01007361,50 to 64,245,177,161,16,68,17,2,11,29,9
S01007361,65 to 74,157,110,105,5,47,11,0,1,14,21
S01007361,75 to 84,107,49,47,2,58,8,4,1,5,40
S01007361,85 and over,40,7,7,0,33,5,0,0,1,27
S01007362,All people aged 16 and over in households,601,370,316,54,231,126,7,11,41,46
S01007362,16 to 24,68,6,1,5,62,62,0,0,0,0
S01007362,25 to 34,64,31,14,17,33,30,1,1,1,0
S01007362,35 to 49,114,90,70,20,24,14,0,2,7,1
S01007362,50 to 64,160,115,105,10,45,5,3,6,23,8
S01007362,65 to 74,113,80,78,2,33,10,1,2,7,13
S01007362,75 to 84,69,42,42,0,27,5,2,0,3,17
S01007362,85 and over,13,6,6,0,7,0,0,0,0,7
S01007363,All people aged 16 and over in households,603,360,324,36,243,102,8,9,49,75
S01007363,16 to 24,45,3,0,3,42,42,0,0,0,0
S01007363,25 to 34,37,19,13,6,18,16,1,1,0,0
S01007363,35 to 49,101,65,55,10,36,20,3,3,9,1
S01007363,50 to 64,187,145,134,11,42,10,1,5,18,8
S01007363,65 to 74,123,82,80,2,41,9,2,0,15,15
S01007363,75 to 84,85,42,38,4,43,1,1,0,5,36
S01007363,85 and over,25,4,4,0,21,4,0,0,2,15
S01007364,All people aged 16 and over in households,687,296,222,74,391,213,1,36,83,58
S01007364,16 to 24,117,15,6,9,102,102,0,0,0,0
S01007364,25 to 34,110,54,23,31,56,46,1,7,2,0
S01007364,35 to 49,194,103,77,26,91,42,0,15,31,3
S01007364,50 to 64,143,69,63,6,74,15,0,13,36,10
S01007364,65 to 74,69,42,40,2,27,4,0,1,9,13
S01007364,75 to 84,41,13,13,0,28,3,0,0,4,21
S01007364,85 and over,13,0,0,0,13,1,0,0,1,11
S01007365,All people aged 16 and over in households,381,220,176,44,161,84,3,12,28,34
S01007365,16 to 24,54,6,2,4,48,48,0,0,0,0
S01007365,25 to 34,45,30,15,15,15,13,1,1,0,0
S01007365,35 to 49,84,65,50,15,19,7,0,3,8,1
S01007365,50 to 64,99,62,53,9,37,9,1,6,14,7
S01007365,65 to 74,42,30,29,1,12,3,0,2,3,4
S01007365,75 to 84,48,25,25,0,23,4,1,0,3,15
S01007365,85 and over,9,2,2,0,7,0,0,0,0,7
S01007366,All people aged 16 and over in households,398,152,140,12,246,116,3,12,48,67
S01007366,16 to 24,52,2,0,2,50,50,0,0,0,0
S01007366,25 to 34,37,15,13,2,22,18,0,2,2,0
S01007366,35 to 49,74,46,41,5,28,18,0,4,6,0
S01007366,50 to 64,100,53,51,2,47,13,1,4,22,7
S01007366,65 to 74,65,23,22,1,42,9,1,1,14,17
S01007366,75 to 84,54,11,11,0,43,8,1,1,4,29
S01007366,85 and over,16,2,2,0,14,0,0,0,0,14
S01007367,All people aged 16 and over in households,468,234,190,44,234,115,4,16,53,46
S01007367,16 to 24,52,10,1,9,42,42,0,0,0,0
S01007367,25 to 34,58,30,15,15,28,21,0,4,3,0
S01007367,35 to 49,103,62,49,13,41,27,3,5,6,0
S01007367,50 to 64,123,81,77,4,42,13,0,6,23,0
S01007367,65 to 74,78,34,31,3,44,6,1,1,16,20
S01007367,75 to 84,38,16,16,0,22,2,0,0,4,16
S01007367,85 and over,16,1,1,0,15,4,0,0,1,10
S01007368,All people aged 16 and over in households,404,176,140,36,228,147,5,10,34,32
S01007368,16 to 24,72,9,0,9,63,63,0,0,0,0
S01007368,25 to 34,48,21,13,8,27,23,0,4,0,0
S01007368,35 to 49,121,64,53,11,57,38,2,4,13,0
S01007368,50 to 64,95,49,43,6,46,17,2,2,15,10
S01007368,65 to 74,40,23,21,2,17,6,0,0,3,8
S01007368,75 to 84,24,8,8,0,16,0,1,0,3,12
S01007368,85 and over,4,2,2,0,2,0,0,0,0,2
S01007369,All people aged 16 and over in households,628,342,284,58,286,159,6,24,63,34
S01007369,16 to 24,66,9,3,6,57,57,0,0,0,0
S01007369,25 to 34,100,53,31,22,47,34,0,8,5,0
S01007369,35 to 49,169,97,80,17,72,39,4,10,17,2
S01007369,50 to 64,169,112,99,13,57,18,0,5,27,7
S01007369,65 to 74,84,53,53,0,31,10,0,1,9,11
S01007369,75 to 84,32,17,17,0,15,1,2,0,5,7
S01007369,85 and over,8,1,1,0,7,0,0,0,0,7
S01007370,All people aged 16 and over in households,638,292,188,104,346,204,11,28,63,40
S01007370,16 to 24,112,24,0,24,88,86,2,0,0,0
S01007370,25 to 34,75,36,9,27,39,37,2,0,0,0
S01007370,35 to 49,170,84,58,26,86,48,1,16,21,0
S01007370,50 to 64,171,103,79,24,68,21,6,7,26,8
S01007370,65 to 74,58,27,24,3,31,4,0,2,11,14
S01007370,75 to 84,40,16,16,0,24,6,0,3,5,10
S01007370,85 and over,12,2,2,0,10,2,0,0,0,8
S01007371,All people aged 16 and over in households,563,316,256,60,247,128,8,21,40,50
S01007371,16 to 24,72,8,1,7,64,64,0,0,0,0
S01007371,25 to 34,72,39,23,16,33,30,0,1,1,1
S01007371,35 to 49,159,108,80,28,51,22,5,5,15,4
S01007371,50 to 64,144,92,85,7,52,8,2,13,19,10
S01007371,65 to 74,61,39,38,1,22,3,0,2,5,12
S01007371,75 to 84,39,28,27,1,11,1,1,0,0,9
S01007371,85 and over,16,2,2,0,14,0,0,0,0,14
S01007372,All people aged 16 and over in households,672,430,384,46,242,125,4,16,34,63
S01007372,16 to 24,62,3,0,3,59,59,0,0,0,0
S01007372,25 to 34,49,27,13,14,22,20,0,2,0,0
S01007372,35 to 49,166,127,105,22,39,26,1,6,5,1
S01007372,50 to 64,176,125,119,6,51,12,1,5,23,10
S01007372,65 to 74,127,99,98,1,28,4,1,2,6,15
S01007372,75 to 84,71,43,43,0,28,3,0,1,0,24
S01007372,85 and over,21,6,6,0,15,1,1,0,0,13
S01007373,All people aged 16 and over in households,535,360,320,40,175,94,3,9,25,44
S01007373,16 to 24,46,0,0,0,46,46,0,0,0,0
S01007373,25 to 34,31,9,7,2,22,22,0,0,0,0
S01007373,35 to 49,101,83,61,22,18,10,0,0,8,0
S01007373,50 to 64,192,156,143,13,36,12,1,7,11,5
S01007373,65 to 74,102,81,78,3,21,2,0,1,5,13
S01007373,75 to 84,42,24,24,0,18,2,1,1,1,13
S01007373,85 and over,21,7,7,0,14,0,1,0,0,13
S01007374,All people aged 16 and over in households,435,297,249,48,138,94,1,7,16,20
S01007374,16 to 24,59,8,2,6,51,51,0,0,0,0
S01007374,25 to 34,35,19,16,3,16,16,0,0,0,0
S01007374,35 to 49,134,107,78,29,27,17,1,2,7,0
S01007374,50 to 64,124,105,96,9,19,4,0,3,7,5
S01007374,65 to 74,56,44,43,1,12,4,0,2,1,5
S01007374,75 to 84,18,10,10,0,8,2,0,0,1,5
S01007374,85 and over,9,4,4,0,5,0,0,0,0,5
S01007375,All people aged 16 and over in households,406,262,226,36,144,74,5,12,24,29
S01007375,16 to 24,36,6,0,6,30,30,0,0,0,0
S01007375,25 to 34,38,18,10,8,20,17,0,2,1,0
S01007375,35 to 49,91,66,53,13,25,13,0,4,7,1
S01007375,50 to 64,123,98,89,9,25,3,3,2,9,8
S01007375,65 to 74,66,46,46,0,20,4,2,4,3,7
S01007375,75 to 84,40,25,25,0,15,3,0,0,4,8
S01007375,85 and over,12,3,3,0,9,4,0,0,0,5
S01007376,All people aged 16 and over in households,683,382,294,88,301,177,4,20,53,47
S01007376,16 to 24,108,9,1,8,99,99,0,0,0,0
S01007376,25 to 34,91,57,28,29,34,29,0,5,0,0
S01007376,35 to 49,173,106,76,30,67,31,2,10,23,1
S01007376,50 to 64,187,142,128,14,45,11,2,5,22,5
S01007376,65 to 74,70,40,40,0,30,6,0,0,6,18
S01007376,75 to 84,45,25,18,7,20,1,0,0,2,17
S01007376,85 and over,9,3,3,0,6,0,0,0,0,6
S01007377,All people aged 16 and over in households,553,404,350,54,149,76,10,13,21,29
S01007377,16 to 24,46,0,0,0,46,46,0,0,0,0
S01007377,25 to 34,33,18,14,4,15,10,2,3,0,0
S01007377,35 to 49,167,135,112,23,32,10,4,8,9,1
S01007377,50 to 64,182,160,134,26,22,5,4,2,7,4
S01007377,65 to 74,79,66,65,1,13,2,0,0,4,7
S01007377,75 to 84,39,22,22,0,17,1,0,0,1,15
S01007377,85 and over,7,3,3,0,4,2,0,0,0,2
S01007378,All people aged 16 and over in households,458,320,276,44,138,73,7,9,25,24
S01007378,16 to 24,48,5,1,4,43,43,0,0,0,0
S01007378,25 to 34,44,31,22,9,13,11,1,0,1,0
S01007378,35 to 49,127,102,85,17,25,11,2,7,5,0
S01007378,50 to 64,133,107,97,10,26,6,3,0,14,3
S01007378,65 to 74,69,53,49,4,16,2,1,1,4,8
S01007378,75 to 84,28,19,19,0,9,0,0,1,1,7
S01007378,85 and over,9,3,3,0,6,0,0,0,0,6
S01007379,All people aged 16 and over in households,405,230,192,38,175,81,2,9,22,61
S01007379,16 to 24,42,7,2,5,35,35,0,0,0,0
S01007379,25 to 34,52,36,23,13,16,14,0,0,1,1
S01007379,35 to 49,97,70,59,11,27,11,0,6,9,1
S01007379,50 to 64,96,61,54,7,35,12,0,3,9,11
S01007379,65 to 74,51,28,27,1,23,4,1,0,3,15
S01007379,75 to 84,57,27,26,1,30,4,1,0,0,25
S01007379,85 and over,10,1,1,0,9,1,0,0,0,8
S01007380,All people aged 16 and over in households,448,280,218,62,168,88,3,16,34,27
S01007380,16 to 24,65,15,2,13,50,50,0,0,0,0
S01007380,25 to 34,66,44,27,17,22,21,0,0,1,0
S01007380,35 to 49,141,102,84,18,39,15,0,12,11,1
S01007380,50 to 64,114,87,77,10,27,0,1,4,18,4
S01007380,65 to 74,39,24,20,4,15,1,2,0,3,9
S01007380,75 to 84,17,7,7,0,10,1,0,0,1,8
S01007380,85 and over,6,1,1,0,5,0,0,0,0,5
S01007381,All people aged 16 and over in households,385,278,264,14,107,59,11,7,13,17
S01007381,16 to 24,32,2,0,2,30,30,0,0,0,0
S01007381,25 to 34,22,9,8,1,13,12,0,1,0,0
S01007381,35 to 49,96,83,80,3,13,8,1,0,4,0
S01007381,50 to 64,125,100,94,6,25,5,8,3,6,3
S01007381,65 to 74,61,49,47,2,12,1,0,2,2,7
S01007381,75 to 84,39,27,27,0,12,3,2,1,1,5
S01007381,85 and over,10,8,8,0,2,0,0,0,0,2
S01007382,All people aged 16 and over in households,528,340,294,46,188,103,2,21,21,41
S01007382,16 to 24,53,0,0,0,53,53,0,0,0,0
S01007382,25 to 34,34,23,15,8,11,11,0,0,0,0
S01007382,35 to 49,169,122,98,24,47,23,1,11,9,3
S01007382,50 to 64,148,116,103,13,32,11,1,9,6,5
S01007382,65 to 74,84,66,65,1,18,4,0,1,3,10
S01007382,75 to 84,28,12,12,0,16,1,0,0,3,12
S01007382,85 and over,12,1,1,0,11,0,0,0,0,11
S01007383,All people aged 16 and over in households,637,438,364,74,199,115,5,12,23,44
S01007383,16 to 24,55,8,2,6,47,46,0,0,1,0
S01007383,25 to 34,59,32,16,16,27,24,0,3,0,0
S01007383,35 to 49,140,107,79,28,33,22,2,5,4,0
S01007383,50 to 64,197,160,144,16,37,15,2,3,12,5
S01007383,65 to 74,120,96,90,6,24,6,1,1,6,10
S01007383,75 to 84,49,31,29,2,18,1,0,0,0,17
S01007383,85 and over,17,4,4,0,13,1,0,0,0,12
S01007384,All people aged 16 and over in households,611,400,354,46,211,129,1,14,26,41
S01007384,16 to 24,75,7,3,4,68,68,0,0,0,0
S01007384,25 to 34,84,65,52,13,19,16,0,2,1,0
S01007384,35 to 49,198,153,134,19,45,22,0,9,11,3
S01007384,50 to 64,137,103,96,7,34,9,0,2,12,11
S01007384,65 to 74,63,50,47,3,13,4,0,0,1,8
S01007384,75 to 84,40,18,18,0,22,8,0,0,1,13
S01007384,85 and over,14,4,4,0,10,2,1,1,0,6
S01007385,All people aged 16 and over in households,729,456,388,68,273,141,5,14,39,74
S01007385,16 to 24,74,10,1,9,64,63,0,0,1,0
S01007385,25 to 34,81,39,15,24,42,41,0,1,0,0
S01007385,35 to 49,131,98,79,19,33,15,2,5,11,0
S01007385,50 to 64,209,169,155,14,40,10,0,6,19,5
S01007385,65 to 74,116,82,80,2,34,6,0,2,4,22
S01007385,75 to 84,80,45,45,0,35,2,1,0,4,28
S01007385,85 and over,38,13,13,0,25,4,2,0,0,19
S01007386,All people aged 16 and over in households,684,494,460,34,190,106,7,13,19,45
S01007386,16 to 24,76,6,0,6,70,70,0,0,0,0
S01007386,25 to 34,28,13,10,3,15,12,0,3,0,0
S01007386,35 to 49,160,138,123,15,22,11,2,4,5,0
S01007386,50 to 64,216,187,181,6,29,8,3,5,7,6
S01007386,65 to 74,119,99,96,3,20,0,1,1,5,13
S01007386,75 to 84,62,42,41,1,20,0,1,0,2,17
S01007386,85 and over,23,9,9,0,14,5,0,0,0,9
S01007387,All people aged 16 and over in households,639,488,462,26,151,99,4,7,11,30
S01007387,16 to 24,67,1,0,1,66,66,0,0,0,0
S01007387,25 to 34,36,15,8,7,21,21,0,0,0,0
S01007387,35 to 49,159,142,130,12,17,8,0,5,4,0
S01007387,50 to 64,242,225,219,6,17,2,3,2,4,6
S01007387,65 to 74,96,80,80,0,16,2,1,0,3,10
S01007387,75 to 84,24,17,17,0,7,0,0,0,0,7
S01007387,85 and over,15,8,8,0,7,0,0,0,0,7
S01007388,All people aged 16 and over in households,572,402,382,20,170,120,2,9,11,28
S01007388,16 to 24,91,2,2,0,89,89,0,0,0,0
S01007388,25 to 34,35,12,11,1,23,22,0,0,0,1
S01007388,35 to 49,148,130,117,13,18,6,1,7,3,1
S01007388,50 to 64,161,144,140,4,17,1,1,2,6,7
S01007388,65 to 74,95,84,83,1,11,2,0,0,2,7
S01007388,75 to 84,33,25,24,1,8,0,0,0,0,8
S01007388,85 and over,9,5,5,0,4,0,0,0,0,4
S01007389,All people aged 16 and over in households,388,260,228,32,128,80,1,17,29,1
S01007389,16 to 24,80,23,17,6,57,57,0,0,0,0
S01007389,25 to 34,111,95,89,6,16,14,0,1,1,0
S01007389,35 to 49,147,106,87,19,41,9,1,15,16,0
S01007389,50 to 64,42,28,27,1,14,0,0,1,12,1
S01007389,65 to 74,3,3,3,0,0,0,0,0,0,0
S01007389,75 to 84,5,5,5,0,0,0,0,0,0,0
S01007389,85 and over,0,0,0,0,0,0,0,0,0,0
S01007390,All people aged 16 and over in households,363,232,194,38,131,80,2,5,32,12
S01007390,16 to 24,66,20,16,4,46,46,0,0,0,0
S01007390,25 to 34,112,82,69,13,30,23,1,3,3,0
S01007390,35 to 49,131,99,84,15,32,11,1,2,17,1
S01007390,50 to 64,46,25,19,6,21,0,0,0,11,10
S01007390,65 to 74,7,5,5,0,2,0,0,0,1,1
S01007390,75 to 84,1,1,1,0,0,0,0,0,0,0
S01007390,85 and over,0,0,0,0,0,0,0,0,0,0
S01007391,All people aged 16 and over in households,487,350,330,20,137,87,3,5,16,26
S01007391,16 to 24,61,2,0,2,59,59,0,0,0,0
S01007391,25 to 34,27,10,7,3,17,17,0,0,0,0
S01007391,35 to 49,124,112,103,9,12,8,1,2,0,1
S01007391,50 to 64,158,136,131,5,22,2,1,3,11,5
S01007391,65 to 74,74,64,63,1,10,1,0,0,4,5
S01007391,75 to 84,34,23,23,0,11,0,0,0,0,11
S01007391,85 and over,9,3,3,0,6,0,1,0,1,4
S01007392,All people aged 16 and over in households,397,278,260,18,119,63,1,3,21,31
S01007392,16 to 24,35,0,0,0,35,35,0,0,0,0
S01007392,25 to 34,18,3,0,3,15,15,0,0,0,0
S01007392,35 to 49,92,77,70,7,15,6,1,2,5,1
S01007392,50 to 64,132,112,106,6,20,3,0,1,10,6
S01007392,65 to 74,68,54,53,1,14,3,0,0,5,6
S01007392,75 to 84,39,25,24,1,14,1,0,0,1,12
S01007392,85 and over,13,7,7,0,6,0,0,0,0,6
S01007393,All people aged 16 and over in households,541,346,324,22,195,86,5,13,15,76
S01007393,16 to 24,38,2,0,2,36,35,1,0,0,0
S01007393,25 to 34,38,21,15,6,17,17,0,0,0,0
S01007393,35 to 49,113,87,78,9,26,11,2,8,4,1
S01007393,50 to 64,159,137,132,5,22,10,0,2,4,6
S01007393,65 to 74,84,54,54,0,30,5,1,1,4,19
S01007393,75 to 84,72,38,38,0,34,6,1,0,2,25
S01007393,85 and over,37,7,7,0,30,2,0,2,1,25
S01007394,All people aged 16 and over in households,559,286,270,16,273,129,3,18,32,91
S01007394,16 to 24,46,1,0,1,45,44,0,1,0,0
S01007394,25 to 34,30,9,4,5,21,20,0,1,0,0
S01007394,35 to 49,115,79,74,5,36,18,0,6,12,0
S01007394,50 to 64,138,96,91,5,42,17,0,10,11,4
S01007394,65 to 74,100,64,64,0,36,13,1,0,7,15
S01007394,75 to 84,87,30,30,0,57,11,0,0,1,45
S01007394,85 and over,43,7,7,0,36,6,2,0,1,27
S01007395,All people aged 16 and over in households,712,284,176,108,428,222,11,36,83,76
S01007395,16 to 24,78,35,0,35,43,41,1,1,0,0
S01007395,25 to 34,117,51,22,29,66,66,0,0,0,0
S01007395,35 to 49,185,71,47,24,114,64,5,21,24,0
S01007395,50 to 64,149,63,53,10,86,32,2,10,38,4
S01007395,65 to 74,79,37,32,5,42,8,1,3,13,17
S01007395,75 to 84,62,17,14,3,45,9,2,1,6,27
S01007395,85 and over,42,10,8,2,32,2,0,0,2,28
S01007396,All people aged 16 and over in households,691,298,204,94,393,200,7,36,62,88
S01007396,16 to 24,84,23,0,23,61,60,0,0,1,0
S01007396,25 to 34,110,51,17,34,59,53,0,5,0,1
S01007396,35 to 49,171,83,55,28,88,49,4,15,17,3
S01007396,50 to 64,146,73,67,6,73,23,2,11,28,9
S01007396,65 to 74,103,51,48,3,52,8,1,5,12,26
S01007396,75 to 84,52,16,16,0,36,7,0,0,3,26
S01007396,85 and over,25,1,1,0,24,0,0,0,1,23
S01007397,All people aged 16 and over in households,791,488,434,54,303,169,7,14,40,73
S01007397,16 to 24,89,16,2,14,73,73,0,0,0,0
S01007397,25 to 34,79,34,21,13,45,45,0,0,0,0
S01007397,35 to 49,191,148,129,19,43,25,2,5,10,1
S01007397,50 to 64,205,147,139,8,58,12,5,9,23,9
S01007397,65 to 74,131,96,96,0,35,8,0,0,7,20
S01007397,75 to 84,74,42,42,0,32,4,0,0,0,28
S01007397,85 and over,22,5,5,0,17,2,0,0,0,15
S01007398,All people aged 16 and over in households,515,242,180,62,273,171,4,23,35,40
S01007398,16 to 24,87,7,1,6,80,78,0,1,1,0
S01007398,25 to 34,94,43,27,16,51,45,1,3,2,0
S01007398,35 to 49,151,94,64,30,57,33,1,9,13,1
S01007398,50 to 64,122,70,60,10,52,13,2,8,14,15
S01007398,65 to 74,38,22,22,0,16,2,0,2,5,7
S01007398,75 to 84,20,6,6,0,14,0,0,0,0,14
S01007398,85 and over,3,0,0,0,3,0,0,0,0,3
S01007399,All people aged 16 and over in households,503,214,136,78,289,190,1,27,48,23
S01007399,16 to 24,89,17,0,17,72,71,0,0,1,0
S01007399,25 to 34,72,28,4,24,44,38,0,4,2,0
S01007399,35 to 49,152,71,43,28,81,54,1,15,11,0
S01007399,50 to 64,127,64,58,6,63,25,0,6,23,9
S01007399,65 to 74,45,28,25,3,17,2,0,2,7,6
S01007399,75 to 84,15,5,5,0,10,0,0,0,4,6
S01007399,85 and over,3,1,1,0,2,0,0,0,0,2
S01007400,All people aged 16 and over in households,605,328,288,40,277,139,8,11,42,77
S01007400,16 to 24,68,1,1,0,67,67,0,0,0,0
S01007400,25 to 34,52,17,11,6,35,31,1,2,1,0
S01007400,35 to 49,133,98,81,17,35,19,2,1,10,3
S01007400,50 to 64,175,126,111,15,49,7,5,5,23,9
S01007400,65 to 74,94,59,57,2,35,5,0,1,7,22
S01007400,75 to 84,52,18,18,0,34,9,0,2,1,22
S01007400,85 and over,31,9,9,0,22,1,0,0,0,21
S01007401,All people aged 16 and over in households,570,356,312,44,214,122,3,15,27,47
S01007401,16 to 24,83,6,2,4,77,76,0,0,0,1
S01007401,25 to 34,43,23,13,10,20,19,0,1,0,0
S01007401,35 to 49,158,125,105,20,33,14,1,9,8,1
S01007401,50 to 64,159,127,117,10,32,7,0,4,14,7
S01007401,65 to 74,71,51,51,0,20,3,1,1,3,12
S01007401,75 to 84,42,23,23,0,19,0,1,0,2,16
S01007401,85 and over,14,1,1,0,13,3,0,0,0,10
S01007402,All people aged 16 and over in households,521,334,306,28,187,102,5,10,16,54
S01007402,16 to 24,64,1,1,0,63,63,0,0,0,0
S01007402,25 to 34,48,28,22,6,20,17,0,2,1,0
S01007402,35 to 49,139,114,96,18,25,11,3,4,7,0
S01007402,50 to 64,137,113,109,4,24,9,2,3,3,7
S01007402,65 to 74,70,45,45,0,25,2,0,1,5,17
S01007402,75 to 84,53,28,28,0,25,0,0,0,0,25
S01007402,85 and over,10,5,5,0,5,0,0,0,0,5
S01007403,All people aged 16 and over in households,551,434,400,34,117,78,5,12,6,16
S01007403,16 to 24,77,16,14,2,61,60,0,1,0,0
S01007403,25 to 34,146,127,119,8,19,11,3,4,1,0
S01007403,35 to 49,219,209,191,18,10,5,0,4,1,0
S01007403,50 to 64,77,68,64,4,9,1,1,3,3,1
S01007403,65 to 74,15,7,6,1,8,1,1,0,1,5
S01007403,75 to 84,16,7,6,1,9,0,0,0,0,9
S01007403,85 and over,1,0,0,0,1,0,0,0,0,1
S01007404,All people aged 16 and over in households,369,242,194,48,127,67,6,6,13,35
S01007404,16 to 24,26,0,0,0,26,26,0,0,0,0
S01007404,25 to 34,39,18,11,7,21,20,1,0,0,0
S01007404,35 to 49,92,73,55,18,19,8,2,3,5,1
S01007404,50 to 64,111,86,66,20,25,9,1,1,6,8
S01007404,65 to 74,56,47,44,3,9,2,0,2,2,3
S01007404,75 to 84,34,15,15,0,19,2,1,0,0,16
S01007404,85 and over,11,3,3,0,8,0,1,0,0,7
S01007405,All people aged 16 and over in households,550,384,332,52,166,96,6,13,24,27
S01007405,16 to 24,59,4,0,4,55,54,1,0,0,0
S01007405,25 to 34,43,28,15,13,15,11,0,4,0,0
S01007405,35 to 49,173,143,124,19,30,19,2,4,5,0
S01007405,50 to 64,174,142,129,13,32,8,1,3,14,6
S01007405,65 to 74,56,36,33,3,20,2,2,1,5,10
S01007405,75 to 84,36,25,25,0,11,1,0,1,0,9
S01007405,85 and over,9,6,6,0,3,1,0,0,0,2
S01007406,All people aged 16 and over in households,503,364,336,28,139,87,3,4,16,29
S01007406,16 to 24,46,2,1,1,44,44,0,0,0,0
S01007406,25 to 34,34,15,10,5,19,18,1,0,0,0
S01007406,35 to 49,128,106,92,14,22,14,2,3,3,0
S01007406,50 to 64,163,143,136,7,20,6,0,1,10,3
S01007406,65 to 74,83,72,71,1,11,3,0,0,3,5
S01007406,75 to 84,39,25,25,0,14,1,0,0,0,13
S01007406,85 and over,10,1,1,0,9,1,0,0,0,8
S01007407,All people aged 16 and over in households,598,408,358,50,190,103,4,8,26,49
S01007407,16 to 24,70,10,4,6,60,60,0,0,0,0
S01007407,25 to 34,39,24,17,7,15,15,0,0,0,0
S01007407,35 to 49,165,138,109,29,27,13,2,5,7,0
S01007407,50 to 64,153,123,115,8,30,8,1,3,14,4
S01007407,65 to 74,89,76,76,0,13,2,1,0,3,7
S01007407,75 to 84,55,28,28,0,27,3,0,0,2,22
S01007407,85 and over,27,9,9,0,18,2,0,0,0,16
S01007408,All people aged 16 and over in households,484,286,230,56,198,116,6,14,22,40
S01007408,16 to 24,54,3,0,3,51,51,0,0,0,0
S01007408,25 to 34,67,36,19,17,31,27,0,2,0,2
S01007408,35 to 49,142,100,73,27,42,22,1,7,12,0
S01007408,50 to 64,128,95,86,9,33,10,4,4,8,7
S01007408,65 to 74,52,34,34,0,18,6,1,0,2,9
S01007408,75 to 84,30,17,17,0,13,0,0,1,0,12
S01007408,85 and over,11,1,1,0,10,0,0,0,0,10
S01007409,All people aged 16 and over in households,567,336,304,32,231,132,3,18,45,33
S01007409,16 to 24,78,9,0,9,69,69,0,0,0,0
S01007409,25 to 34,60,19,13,6,41,37,0,4,0,0
S01007409,35 to 49,146,108,97,11,38,17,0,6,15,0
S01007409,50 to 64,168,125,122,3,43,7,1,6,22,7
S01007409,65 to 74,78,57,54,3,21,1,2,1,6,11
S01007409,75 to 84,30,18,18,0,12,1,0,0,2,9
S01007409,85 and over,7,0,0,0,7,0,0,1,0,6
S01007410,All people aged 16 and over in households,541,280,218,62,261,153,4,16,44,44
S01007410,16 to 24,89,14,2,12,75,75,0,0,0,0
S01007410,25 to 34,79,38,19,19,41,37,1,2,1,0
S01007410,35 to 49,158,95,72,23,63,34,2,8,16,3
S01007410,50 to 64,114,77,69,8,37,6,1,3,19,8
S01007410,65 to 74,62,39,39,0,23,0,0,2,6,15
S01007410,75 to 84,30,14,14,0,16,1,0,1,1,13
S01007410,85 and over,9,3,3,0,6,0,0,0,1,5
S01007411,All people aged 16 and over in households,699,358,232,126,341,164,4,24,81,68
S01007411,16 to 24,103,31,4,27,72,69,0,1,2,0
S01007411,25 to 34,133,78,39,39,55,50,0,2,3,0
S01007411,35 to 49,191,118,73,45,73,31,3,10,26,3
S01007411,50 to 64,131,82,68,14,49,9,0,4,27,9
S01007411,65 to 74,81,30,29,1,51,2,0,6,18,25
S01007411,75 to 84,41,15,15,0,26,2,1,1,2,20
S01007411,85 and over,19,4,4,0,15,1,0,0,3,11
S01007412,All people aged 16 and over in households,396,226,190,36,170,89,1,10,26,44
S01007412,16 to 24,52,3,1,2,49,48,0,0,1,0
S01007412,25 to 34,35,19,12,7,16,13,0,3,0,0
S01007412,35 to 49,104,77,57,20,27,19,0,4,1,3
S01007412,50 to 64,107,79,74,5,28,6,0,3,17,2
S01007412,65 to 74,50,30,29,1,20,1,0,0,6,13
S01007412,75 to 84,41,17,16,1,24,2,1,0,1,20
S01007412,85 and over,7,1,1,0,6,0,0,0,0,6
S01007413,All people aged 16 and over in households,721,492,410,82,229,149,1,15,36,28
S01007413,16 to 24,95,11,2,9,84,84,0,0,0,0
S01007413,25 to 34,121,84,49,35,37,36,0,1,0,0
S01007413,35 to 49,242,206,182,24,36,18,0,10,7,1
S01007413,50 to 64,198,153,144,9,45,9,0,4,24,8
S01007413,65 to 74,48,31,27,4,17,1,1,0,4,11
S01007413,75 to 84,14,7,6,1,7,0,0,0,1,6
S01007413,85 and over,3,0,0,0,3,1,0,0,0,2
S01007414,All people aged 16 and over in households,525,394,342,52,131,88,4,12,15,12
S01007414,16 to 24,65,0,0,0,65,64,1,0,0,0
S01007414,25 to 34,61,41,29,12,20,12,3,5,0,0
S01007414,35 to 49,232,213,181,32,19,7,0,5,7,0
S01007414,50 to 64,120,106,99,7,14,4,0,2,7,1
S01007414,65 to 74,34,24,23,1,10,1,0,0,1,8
S01007414,75 to 84,11,9,9,0,2,0,0,0,0,2
S01007414,85 and over,2,1,1,0,1,0,0,0,0,1
S01007415,All people aged 16 and over in households,677,392,314,78,285,140,1,24,63,57
S01007415,16 to 24,79,10,0,10,69,69,0,0,0,0
S01007415,25 to 34,107,68,34,34,39,30,0,2,7,0
S01007415,35 to 49,197,128,101,27,69,33,0,13,22,1
S01007415,50 to 64,168,125,120,5,43,7,1,6,19,10
S01007415,65 to 74,83,46,44,2,37,1,0,3,14,19
S01007415,75 to 84,33,14,14,0,19,0,0,0,1,18
S01007415,85 and over,10,1,1,0,9,0,0,0,0,9
S01007416,All people aged 16 and over in households,423,238,158,80,185,125,1,16,27,16
S01007416,16 to 24,85,17,2,15,68,68,0,0,0,0
S01007416,25 to 34,81,48,25,23,33,29,0,2,2,0
S01007416,35 to 49,138,86,53,33,52,25,1,8,18,0
S01007416,50 to 64,86,69,62,7,17,2,0,5,5,5
S01007416,65 to 74,21,14,12,2,7,0,0,0,0,7
S01007416,75 to 84,11,4,4,0,7,1,0,1,2,3
S01007416,85 and over,1,0,0,0,1,0,0,0,0,1
S01007417,All people aged 16 and over in households,793,588,502,86,205,129,5,19,29,23
S01007417,16 to 24,90,13,2,11,77,77,0,0,0,0
S01007417,25 to 34,124,88,60,28,36,30,1,3,2,0
S01007417,35 to 49,271,229,198,31,42,13,2,11,15,1
S01007417,50 to 64,197,171,158,13,26,8,2,5,7,4
S01007417,65 to 74,85,68,65,3,17,1,0,0,5,11
S01007417,75 to 84,22,18,18,0,4,0,0,0,0,4
S01007417,85 and over,4,1,1,0,3,0,0,0,0,3
S01007418,All people aged 16 and over in households,534,278,220,58,256,143,3,20,46,44
S01007418,16 to 24,67,4,0,4,63,63,0,0,0,0
S01007418,25 to 34,67,29,12,17,38,33,0,2,1,2
S01007418,35 to 49,151,87,59,28,64,30,2,8,23,1
S01007418,50 to 64,164,113,106,7,51,10,1,8,21,11
S01007418,65 to 74,51,34,32,2,17,2,0,2,1,12
S01007418,75 to 84,19,8,8,0,11,2,0,0,0,9
S01007418,85 and over,15,3,3,0,12,3,0,0,0,9
S01007419,All people aged 16 and over in households,650,348,236,112,302,197,5,25,45,30
S01007419,16 to 24,116,16,1,15,100,99,0,1,0,0
S01007419,25 to 34,143,90,40,50,53,46,1,3,3,0
S01007419,35 to 49,201,124,85,39,77,39,1,11,25,1
S01007419,50 to 64,133,89,81,8,44,10,2,9,12,11
S01007419,65 to 74,39,20,20,0,19,3,1,1,5,9
S01007419,75 to 84,15,9,9,0,6,0,0,0,0,6
S01007419,85 and over,3,0,0,0,3,0,0,0,0,3
S01007420,All people aged 16 and over in households,626,470,388,82,156,104,1,14,18,19
S01007420,16 to 24,81,5,0,5,76,76,0,0,0,0
S01007420,25 to 34,118,95,52,43,23,20,0,1,2,0
S01007420,35 to 49,228,201,170,31,27,7,1,10,8,1
S01007420,50 to 64,136,121,118,3,15,1,0,2,6,6
S01007420,65 to 74,44,38,38,0,6,0,0,1,1,4
S01007420,75 to 84,16,10,10,0,6,0,0,0,1,5
S01007420,85 and over,3,0,0,0,3,0,0,0,0,3
S01007421,All people aged 16 and over in households,524,358,284,74,166,94,2,17,23,30
S01007421,16 to 24,54,9,2,7,45,44,0,1,0,0
S01007421,25 to 34,79,55,36,19,24,24,0,0,0,0
S01007421,35 to 49,177,147,113,34,30,16,0,7,5,2
S01007421,50 to 64,127,91,82,9,36,7,1,8,14,6
S01007421,65 to 74,61,45,41,4,16,1,1,1,3,10
S01007421,75 to 84,19,8,7,1,11,2,0,0,1,8
S01007421,85 and over,7,3,3,0,4,0,0,0,0,4
S01007422,All people aged 16 and over in households,452,280,214,66,172,88,3,13,34,34
S01007422,16 to 24,43,8,2,6,35,34,0,1,0,0
S01007422,25 to 34,56,34,17,17,22,19,1,2,0,0
S01007422,35 to 49,139,93,65,28,46,26,1,4,15,0
S01007422,50 to 64,130,97,84,13,33,6,0,5,15,7
S01007422,65 to 74,54,41,39,2,13,1,1,1,2,8
S01007422,75 to 84,22,7,7,0,15,2,0,0,2,11
S01007422,85 and over,8,0,0,0,8,0,0,0,0,8
S01007423,All people aged 16 and over in households,600,410,316,94,190,116,3,14,25,32
S01007423,16 to 24,52,3,1,2,49,49,0,0,0,0
S01007423,25 to 34,141,110,79,31,31,27,1,2,1,0
S01007423,35 to 49,180,147,101,46,33,24,0,7,2,0
S01007423,50 to 64,120,84,69,15,36,12,0,2,17,5
S01007423,65 to 74,60,44,44,0,16,2,1,2,4,7
S01007423,75 to 84,35,19,19,0,16,2,1,0,1,12
S01007423,85 and over,12,3,3,0,9,0,0,1,0,8
S01007424,All people aged 16 and over in households,673,484,432,52,189,104,7,11,25,42
S01007424,16 to 24,58,2,0,2,56,56,0,0,0,0
S01007424,25 to 34,69,38,24,14,31,27,1,2,1,0
S01007424,35 to 49,142,122,101,21,20,10,1,5,4,0
S01007424,50 to 64,221,187,176,11,34,6,2,2,10,14
S01007424,65 to 74,112,90,88,2,22,3,2,1,7,9
S01007424,75 to 84,58,41,39,2,17,1,1,1,2,12
S01007424,85 and over,13,4,4,0,9,1,0,0,1,7
S01007425,All people aged 16 and over in households,724,488,434,54,236,140,3,19,41,33
S01007425,16 to 24,92,9,2,7,83,83,0,0,0,0
S01007425,25 to 34,89,57,35,22,32,28,0,2,2,0
S01007425,35 to 49,181,137,120,17,44,18,1,9,16,0
S01007425,50 to 64,208,171,163,8,37,7,0,4,16,10
S01007425,65 to 74,100,80,80,0,20,2,2,0,6,10
S01007425,75 to 84,49,31,31,0,18,2,0,4,1,11
S01007425,85 and over,5,3,3,0,2,0,0,0,0,2
S01007426,All people aged 16 and over in households,540,264,206,58,276,141,1,25,49,60
S01007426,16 to 24,61,11,0,11,50,50,0,0,0,0
S01007426,25 to 34,68,31,15,16,37,32,0,1,4,0
S01007426,35 to 49,149,84,65,19,65,37,1,16,10,1
S01007426,50 to 64,133,85,75,10,48,10,0,7,25,6
S01007426,65 to 74,66,35,33,2,31,7,0,1,8,15
S01007426,75 to 84,44,16,16,0,28,5,0,0,2,21
S01007426,85 and over,19,2,2,0,17,0,0,0,0,17
S01007427,All people aged 16 and over in households,550,334,258,76,216,119,0,19,31,47
S01007427,16 to 24,81,21,0,21,60,60,0,0,0,0
S01007427,25 to 34,66,38,17,21,28,23,0,2,3,0
S01007427,35 to 49,122,77,56,21,45,23,0,9,12,1
S01007427,50 to 64,140,105,94,11,35,10,0,8,12,5
S01007427,65 to 74,87,69,67,2,18,1,0,0,4,13
S01007427,75 to 84,44,23,23,0,21,0,0,0,0,21
S01007427,85 and over,10,1,1,0,9,2,0,0,0,7
S01007428,All people aged 16 and over in households,749,392,304,88,357,183,6,27,56,85
S01007428,16 to 24,96,20,2,18,76,75,0,1,0,0
S01007428,25 to 34,99,58,28,30,41,33,1,3,2,2
S01007428,35 to 49,205,121,101,20,84,46,1,16,17,4
S01007428,50 to 64,162,108,92,16,54,16,2,6,21,9
S01007428,65 to 74,98,60,58,2,38,9,1,0,11,17
S01007428,75 to 84,65,24,22,2,41,3,1,1,3,33
S01007428,85 and over,24,1,1,0,23,1,0,0,2,20
S01007429,All people aged 16 and over in households,601,330,266,64,271,165,4,17,49,36
S01007429,16 to 24,99,12,2,10,87,87,0,0,0,0
S01007429,25 to 34,90,55,23,32,35,30,1,2,1,1
S01007429,35 to 49,161,106,92,14,55,29,1,9,14,2
S01007429,50 to 64,155,112,105,7,43,9,1,3,23,7
S01007429,65 to 74,58,30,30,0,28,7,0,2,9,10
S01007429,75 to 84,34,14,13,1,20,2,1,1,2,14
S01007429,85 and over,4,1,1,0,3,1,0,0,0,2
S01007430,All people aged 16 and over in households,395,236,206,30,159,93,3,9,25,29
S01007430,16 to 24,53,3,0,3,50,50,0,0,0,0
S01007430,25 to 34,42,14,8,6,28,26,0,0,2,0
S01007430,35 to 49,88,63,48,15,25,8,1,6,10,0
S01007430,50 to 64,116,99,93,6,17,5,0,0,10,2
S01007430,65 to 74,56,39,39,0,17,1,0,3,2,11
S01007430,75 to 84,25,11,11,0,14,2,0,0,1,11
S01007430,85 and over,15,7,7,0,8,1,2,0,0,5
S01007431,All people aged 16 and over in households,478,308,292,16,170,119,3,6,18,24
S01007431,16 to 24,79,1,0,1,78,78,0,0,0,0
S01007431,25 to 34,43,21,16,5,22,22,0,0,0,0
S01007431,35 to 49,124,106,102,4,18,9,1,4,3,1
S01007431,50 to 64,147,126,120,6,21,7,1,1,8,4
S01007431,65 to 74,55,39,39,0,16,3,0,1,4,8
S01007431,75 to 84,26,13,13,0,13,0,1,0,3,9
S01007431,85 and over,4,2,2,0,2,0,0,0,0,2
S01007432,All people aged 16 and over in households,672,434,366,68,238,128,3,21,30,56
S01007432,16 to 24,66,4,0,4,62,60,1,0,1,0
S01007432,25 to 34,92,54,33,21,38,33,1,2,2,0
S01007432,35 to 49,165,123,97,26,42,26,0,9,5,2
S01007432,50 to 64,188,146,132,14,42,7,1,9,16,9
S01007432,65 to 74,114,85,84,1,29,1,0,1,5,22
S01007432,75 to 84,35,19,17,2,16,1,0,0,0,15
S01007432,85 and over,12,3,3,0,9,0,0,0,1,8
S01007433,All people aged 16 and over in households,659,430,386,44,229,120,4,15,41,49
S01007433,16 to 24,67,3,0,3,64,64,0,0,0,0
S01007433,25 to 34,63,36,17,19,27,22,0,4,1,0
S01007433,35 to 49,174,137,122,15,37,20,1,4,11,1
S01007433,50 to 64,198,150,144,6,48,6,2,5,23,12
S01007433,65 to 74,103,77,76,1,26,6,1,1,6,12
S01007433,75 to 84,46,27,27,0,19,2,0,1,0,16
S01007433,85 and over,8,0,0,0,8,0,0,0,0,8
S01007434,All people aged 16 and over in households,402,192,132,60,210,133,1,17,40,19
S01007434,16 to 24,68,15,2,13,53,53,0,0,0,0
S01007434,25 to 34,70,34,13,21,36,30,1,3,2,0
S01007434,35 to 49,105,50,36,14,55,35,0,9,11,0
S01007434,50 to 64,99,60,50,10,39,9,0,4,23,3
S01007434,65 to 74,42,28,27,1,14,5,0,1,3,5
S01007434,75 to 84,14,5,4,1,9,1,0,0,1,7
S01007434,85 and over,4,0,0,0,4,0,0,0,0,4
S01007435,All people aged 16 and over in households,561,310,240,70,251,143,7,20,36,45
S01007435,16 to 24,67,9,2,7,58,58,0,0,0,0
S01007435,25 to 34,78,38,16,22,40,38,0,2,0,0
S01007435,35 to 49,155,100,73,27,55,29,4,8,12,2
S01007435,50 to 64,147,96,84,12,51,15,0,8,17,11
S01007435,65 to 74,73,52,50,2,21,1,3,2,7,8
S01007435,75 to 84,29,14,14,0,15,1,0,0,0,14
S01007435,85 and over,12,1,1,0,11,1,0,0,0,10
S01007436,All people aged 16 and over in households,542,238,156,82,304,155,1,25,64,59
S01007436,16 to 24,71,20,1,19,51,48,0,1,1,1
S01007436,25 to 34,100,44,18,26,56,49,0,2,4,1
S01007436,35 to 49,138,71,44,27,67,39,0,12,13,3
S01007436,50 to 64,134,67,58,9,67,12,1,9,36,9
S01007436,65 to 74,60,29,28,1,31,5,0,1,8,17
S01007436,75 to 84,25,6,6,0,19,1,0,0,1,17
S01007436,85 and over,14,1,1,0,13,1,0,0,1,11
S01007437,All people aged 16 and over in households,370,176,130,46,194,109,0,16,43,26
S01007437,16 to 24,56,8,0,8,48,48,0,0,0,0
S01007437,25 to 34,61,24,8,16,37,31,0,4,2,0
S01007437,35 to 49,79,41,31,10,38,20,0,6,12,0
S01007437,50 to 64,108,75,65,10,33,6,0,3,21,3
S01007437,65 to 74,34,17,15,2,17,1,0,3,6,7
S01007437,75 to 84,27,11,11,0,16,2,0,0,2,12
S01007437,85 and over,5,0,0,0,5,1,0,0,0,4
S01007438,All people aged 16 and over in households,570,330,266,64,240,126,5,19,41,49
S01007438,16 to 24,68,15,3,12,53,52,1,0,0,0
S01007438,25 to 34,66,35,14,21,31,31,0,0,0,0
S01007438,35 to 49,148,91,73,18,57,26,1,11,17,2
S01007438,50 to 64,137,94,89,5,43,8,1,5,18,11
S01007438,65 to 74,99,73,68,5,26,5,0,3,4,14
S01007438,75 to 84,40,21,18,3,19,1,2,0,2,14
S01007438,85 and over,12,1,1,0,11,3,0,0,0,8
S01007439,All people aged 16 and over in households,600,362,312,50,238,130,4,23,29,52
S01007439,16 to 24,76,9,1,8,67,66,0,1,0,0
S01007439,25 to 34,64,41,29,12,23,20,0,1,2,0
S01007439,35 to 49,150,102,85,17,48,26,3,11,7,1
S01007439,50 to 64,166,120,109,11,46,13,0,9,16,8
S01007439,65 to 74,91,71,71,0,20,1,1,1,3,14
S01007439,75 to 84,41,16,16,0,25,2,0,0,1,22
S01007439,85 and over,12,3,1,2,9,2,0,0,0,7
S01007440,All people aged 16 and over in households,536,316,260,56,220,108,4,12,43,53
S01007440,16 to 24,66,12,3,9,54,54,0,0,0,0
S01007440,25 to 34,58,34,19,15,24,24,0,0,0,0
S01007440,35 to 49,126,95,75,20,31,14,2,4,10,1
S01007440,50 to 64,173,123,111,12,50,13,1,4,23,9
S01007440,65 to 74,55,32,32,0,23,2,0,3,7,11
S01007440,75 to 84,46,20,20,0,26,1,1,1,3,20
S01007440,85 and over,12,0,0,0,12,0,0,0,0,12
S01007441,All people aged 16 and over in households,462,356,320,36,106,71,1,7,14,13
S01007441,16 to 24,44,2,1,1,42,42,0,0,0,0
S01007441,25 to 34,36,25,22,3,11,11,0,0,0,0
S01007441,35 to 49,125,110,88,22,15,10,0,2,2,1
S01007441,50 to 64,165,139,131,8,26,5,1,5,11,4
S01007441,65 to 74,69,62,61,1,7,3,0,0,0,4
S01007441,75 to 84,22,17,16,1,5,0,0,0,1,4
S01007441,85 and over,1,1,1,0,0,0,0,0,0,0
S01007442,All people aged 16 and over in households,416,310,280,30,106,65,4,4,11,22
S01007442,16 to 24,43,0,0,0,43,43,0,0,0,0
S01007442,25 to 34,32,19,10,9,13,12,1,0,0,0
S01007442,35 to 49,88,75,62,13,13,6,1,2,4,0
S01007442,50 to 64,160,143,137,6,17,1,2,2,6,6
S01007442,65 to 74,57,51,51,0,6,2,0,0,1,3
S01007442,75 to 84,27,18,16,2,9,1,0,0,0,8
S01007442,85 and over,9,4,4,0,5,0,0,0,0,5
S01007443,All people aged 16 and over in households,713,480,426,54,233,118,4,14,30,67
S01007443,16 to 24,66,5,0,5,61,61,0,0,0,0
S01007443,25 to 34,55,33,12,21,22,21,0,0,1,0
S01007443,35 to 49,167,141,130,11,26,14,0,6,6,0
S01007443,50 to 64,192,152,143,9,40,14,1,6,14,5
S01007443,65 to 74,124,97,95,2,27,4,0,1,6,16
S01007443,75 to 84,82,45,42,3,37,3,2,1,3,28
S01007443,85 and over,27,7,4,3,20,1,1,0,0,18
S01007444,All people aged 16 and over in households,764,498,460,38,266,115,12,17,46,76
S01007444,16 to 24,63,1,0,1,62,61,0,0,1,0
S01007444,25 to 34,40,26,16,10,14,12,1,1,0,0
S01007444,35 to 49,226,180,164,16,46,20,5,7,13,1
S01007444,50 to 64,230,183,172,11,47,13,4,7,17,6
S01007444,65 to 74,94,64,64,0,30,4,0,2,12,12
S01007444,75 to 84,73,32,32,0,41,4,0,0,3,34
S01007444,85 and over,38,12,12,0,26,1,2,0,0,23
S01007445,All people aged 16 and over in households,505,362,342,20,143,65,2,9,27,40
S01007445,16 to 24,40,0,0,0,40,40,0,0,0,0
S01007445,25 to 34,41,24,18,6,17,16,0,0,1,0
S01007445,35 to 49,131,110,102,8,21,5,2,3,10,1
S01007445,50 to 64,173,144,142,2,29,3,0,6,9,11
S01007445,65 to 74,87,66,62,4,21,1,0,0,6,14
S01007445,75 to 84,27,18,18,0,9,0,0,0,0,9
S01007445,85 and over,6,0,0,0,6,0,0,0,1,5
S01007446,All people aged 16 and over in households,422,300,276,24,122,69,3,5,17,28
S01007446,16 to 24,53,2,2,0,51,51,0,0,0,0
S01007446,25 to 34,22,11,7,4,11,11,0,0,0,0
S01007446,35 to 49,138,123,109,14,15,2,1,3,8,1
S01007446,50 to 64,112,94,88,6,18,4,2,2,8,2
S01007446,65 to 74,57,50,50,0,7,0,0,0,0,7
S01007446,75 to 84,33,18,18,0,15,1,0,0,1,13
S01007446,85 and over,7,2,2,0,5,0,0,0,0,5
S01007447,All people aged 16 and over in households,411,300,288,12,111,59,9,7,11,25
S01007447,16 to 24,33,0,0,0,33,32,1,0,0,0
S01007447,25 to 34,12,7,4,3,5,5,0,0,0,0
S01007447,35 to 49,106,89,82,7,17,11,1,3,1,1
S01007447,50 to 64,156,134,133,1,22,6,3,2,7,4
S01007447,65 to 74,77,59,58,1,18,3,4,2,2,7
S01007447,75 to 84,21,11,11,0,10,2,0,0,1,7
S01007447,85 and over,6,0,0,0,6,0,0,0,0,6
S01007448,All people aged 16 and over in households,736,521,450,71,215,123,1,14,31,46
S01007448,16 to 24,73,1,0,1,72,72,0,0,0,0
S01007448,25 to 34,52,28,19,9,24,23,0,1,0,0
S01007448,35 to 49,207,168,127,41,39,21,0,11,7,0
S01007448,50 to 64,219,186,171,15,33,4,1,1,16,11
S01007448,65 to 74,123,101,96,5,22,2,0,1,6,13
S01007448,75 to 84,56,36,36,0,20,1,0,0,2,17
S01007448,85 and over,6,1,1,0,5,0,0,0,0,5
S01007449,All people aged 16 and over in households,821,488,388,100,333,212,4,17,48,52
S01007449,16 to 24,118,11,1,10,107,107,0,0,0,0
S01007449,25 to 34,116,71,36,35,45,42,0,1,2,0
S01007449,35 to 49,196,129,95,34,67,36,2,10,17,2
S01007449,50 to 64,224,172,155,17,52,23,1,3,18,7
S01007449,65 to 74,103,75,72,3,28,0,0,3,9,16
S01007449,75 to 84,56,27,26,1,29,4,1,0,2,22
S01007449,85 and over,8,3,3,0,5,0,0,0,0,5
S01007450,All people aged 16 and over in households,598,314,216,98,284,164,7,23,34,56
S01007450,16 to 24,88,13,0,13,75,74,0,1,0,0
S01007450,25 to 34,91,43,10,33,48,41,2,4,1,0
S01007450,35 to 49,165,103,70,33,62,30,3,12,16,1
S01007450,50 to 64,146,101,86,15,45,15,2,5,16,7
S01007450,65 to 74,59,42,38,4,17,2,0,1,0,14
S01007450,75 to 84,33,12,12,0,21,1,0,0,1,19
S01007450,85 and over,16,0,0,0,16,1,0,0,0,15
S01007451,All people aged 16 and over in households,524,338,282,56,186,104,1,15,23,43
S01007451,16 to 24,57,7,1,6,50,49,1,0,0,0
S01007451,25 to 34,61,39,25,14,22,21,0,1,0,0
S01007451,35 to 49,141,106,85,21,35,20,0,6,7,2
S01007451,50 to 64,141,106,93,13,35,11,0,7,12,5
S01007451,65 to 74,77,55,53,2,22,3,0,1,2,16
S01007451,75 to 84,38,22,22,0,16,0,0,0,2,14
S01007451,85 and over,9,3,3,0,6,0,0,0,0,6
S01007452,All people aged 16 and over in households,414,240,196,44,174,118,1,14,15,26
S01007452,16 to 24,75,10,0,10,65,65,0,0,0,0
S01007452,25 to 34,42,24,14,10,18,16,0,2,0,0
S01007452,35 to 49,119,81,66,15,38,27,1,3,6,1
S01007452,50 to 64,96,78,71,7,18,6,0,5,3,4
S01007452,65 to 74,50,34,32,2,16,3,0,2,3,8
S01007452,75 to 84,26,12,12,0,14,1,0,2,3,8
S01007452,85 and over,6,1,1,0,5,0,0,0,0,5
S01007453,All people aged 16 and over in households,458,358,274,84,100,77,4,6,7,6
S01007453,16 to 24,64,12,0,12,52,51,1,0,0,0
S01007453,25 to 34,108,90,54,36,18,16,0,1,1,0
S01007453,35 to 49,206,189,157,32,17,8,3,2,4,0
S01007453,50 to 64,57,49,45,4,8,2,0,2,2,2
S01007453,65 to 74,15,13,13,0,2,0,0,1,0,1
S01007453,75 to 84,6,5,5,0,1,0,0,0,0,1
S01007453,85 and over,2,0,0,0,2,0,0,0,0,2
S01007454,All people aged 16 and over in households,418,262,214,48,156,98,1,8,23,26
S01007454,16 to 24,57,6,0,6,51,51,0,0,0,0
S01007454,25 to 34,63,32,15,17,31,27,0,2,1,1
S01007454,35 to 49,112,82,65,17,30,16,0,4,9,1
S01007454,50 to 64,118,99,95,4,19,4,0,1,7,7
S01007454,65 to 74,49,36,32,4,13,0,0,1,4,8
S01007454,75 to 84,15,5,5,0,10,0,0,0,2,8
S01007454,85 and over,4,2,2,0,2,0,1,0,0,1
S01007455,All people aged 16 and over in households,677,378,266,112,299,168,0,29,59,43
S01007455,16 to 24,91,12,1,11,79,78,0,0,0,1
S01007455,25 to 34,121,77,32,45,44,40,0,3,1,0
S01007455,35 to 49,187,119,81,38,68,28,0,16,21,3
S01007455,50 to 64,172,118,103,15,54,20,0,9,20,5
S01007455,65 to 74,68,41,38,3,27,0,0,1,10,16
S01007455,75 to 84,36,10,10,0,26,2,0,0,7,17
S01007455,85 and over,2,1,1,0,1,0,0,0,0,1
S01007456,All people aged 16 and over in households,664,326,222,104,338,196,4,24,64,50
S01007456,16 to 24,119,33,4,29,86,86,0,0,0,0
S01007456,25 to 34,152,93,51,42,59,54,2,2,1,0
S01007456,35 to 49,170,89,67,22,81,37,2,15,25,2
S01007456,50 to 64,129,71,62,9,58,13,0,4,29,12
S01007456,65 to 74,51,27,25,2,24,2,0,3,5,14
S01007456,75 to 84,36,11,11,0,25,4,0,0,3,18
S01007456,85 and over,7,2,2,0,5,0,0,0,1,4
S01007457,All people aged 16 and over in households,823,506,414,92,317,189,2,33,58,35
S01007457,16 to 24,116,17,4,13,99,98,0,1,0,0
S01007457,25 to 34,129,73,47,26,56,50,0,3,3,0
S01007457,35 to 49,279,214,174,40,65,30,1,15,19,0
S01007457,50 to 64,176,124,113,11,52,8,1,12,27,4
S01007457,65 to 74,72,51,49,2,21,1,0,2,7,11
S01007457,75 to 84,39,24,24,0,15,1,0,0,2,12
S01007457,85 and over,12,3,3,0,9,1,0,0,0,8
S01007458,All people aged 16 and over in households,443,308,266,42,135,77,3,7,14,34
S01007458,16 to 24,53,3,0,3,50,50,0,0,0,0
S01007458,25 to 34,41,31,17,14,10,10,0,0,0,0
S01007458,35 to 49,122,104,86,18,18,6,1,5,6,0
S01007458,50 to 64,118,98,94,4,20,5,2,1,7,5
S01007458,65 to 74,51,35,33,2,16,3,0,1,1,11
S01007458,75 to 84,49,34,33,1,15,2,0,0,0,13
S01007458,85 and over,9,3,3,0,6,1,0,0,0,5
S01007459,All people aged 16 and over in households,551,358,304,54,193,89,3,13,21,67
S01007459,16 to 24,53,4,2,2,49,49,0,0,0,0
S01007459,25 to 34,50,33,9,24,17,14,0,3,0,0
S01007459,35 to 49,114,81,68,13,33,18,0,8,7,0
S01007459,50 to 64,156,131,117,14,25,5,0,2,7,11
S01007459,65 to 74,101,71,70,1,30,2,2,0,3,23
S01007459,75 to 84,67,37,37,0,30,0,1,0,4,25
S01007459,85 and over,10,1,1,0,9,1,0,0,0,8
S01007460,All people aged 16 and over in households,611,362,296,66,249,139,6,24,36,44
S01007460,16 to 24,64,3,0,3,61,61,0,0,0,0
S01007460,25 to 34,64,29,13,16,35,30,1,1,3,0
S01007460,35 to 49,148,97,72,25,51,28,1,12,10,0
S01007460,50 to 64,208,164,145,19,44,15,3,7,13,6
S01007460,65 to 74,83,54,52,2,29,4,0,4,9,12
S01007460,75 to 84,32,13,12,1,19,1,1,0,1,16
S01007460,85 and over,12,2,2,0,10,0,0,0,0,10
S01007461,All people aged 16 and over in households,568,244,162,82,324,186,5,22,66,45
S01007461,16 to 24,100,30,6,24,70,69,0,0,1,0
S01007461,25 to 34,93,43,25,18,50,47,0,1,2,0
S01007461,35 to 49,151,71,41,30,80,43,4,8,25,0
S01007461,50 to 64,131,59,51,8,72,22,0,9,32,9
S01007461,65 to 74,54,27,25,2,27,4,1,3,4,15
S01007461,75 to 84,29,13,13,0,16,1,0,1,2,12
S01007461,85 and over,10,1,1,0,9,0,0,0,0,9
S01007462,All people aged 16 and over in households,648,362,258,104,286,175,3,31,45,32
S01007462,16 to 24,92,25,4,21,67,67,0,0,0,0
S01007462,25 to 34,132,75,34,41,57,51,1,4,1,0
S01007462,35 to 49,178,105,71,34,73,40,1,16,14,2
S01007462,50 to 64,159,108,100,8,51,13,0,9,22,7
S01007462,65 to 74,52,35,35,0,17,0,1,2,6,8
S01007462,75 to 84,28,14,14,0,14,2,0,0,2,10
S01007462,85 and over,7,0,0,0,7,2,0,0,0,5
S01007463,All people aged 16 and over in households,721,323,237,86,398,259,1,22,72,44
S01007463,16 to 24,162,18,3,15,144,143,0,1,0,0
S01007463,25 to 34,109,52,27,25,57,51,1,1,4,0
S01007463,35 to 49,209,107,79,28,102,47,0,14,33,8
S01007463,50 to 64,146,86,73,13,60,15,0,5,28,12
S01007463,65 to 74,72,51,47,4,21,1,0,1,6,13
S01007463,75 to 84,20,8,7,1,12,2,0,0,1,9
S01007463,85 and over,3,1,1,0,2,0,0,0,0,2
S01007464,All people aged 16 and over in households,548,282,236,46,266,152,1,17,52,44
S01007464,16 to 24,77,7,0,7,70,69,0,1,0,0
S01007464,25 to 34,74,36,20,16,38,35,1,1,1,0
S01007464,35 to 49,148,87,70,17,61,33,0,5,22,1
S01007464,50 to 64,141,86,82,4,55,11,0,8,24,12
S01007464,65 to 74,57,42,40,2,15,3,0,1,3,8
S01007464,75 to 84,42,24,24,0,18,1,0,1,1,15
S01007464,85 and over,9,0,0,0,9,0,0,0,1,8
S01007465,All people aged 16 and over in households,594,272,178,94,322,210,1,32,45,34
S01007465,16 to 24,101,31,7,24,70,70,0,0,0,0
S01007465,25 to 34,115,57,24,33,58,55,0,3,0,0
S01007465,35 to 49,186,86,59,27,100,65,0,20,14,1
S01007465,50 to 64,99,45,35,10,54,15,1,6,20,12
S01007465,65 to 74,66,40,40,0,26,4,0,2,11,9
S01007465,75 to 84,25,12,12,0,13,1,0,1,0,11
S01007465,85 and over,2,1,1,0,1,0,0,0,0,1
S01007466,All people aged 16 and over in households,851,330,200,130,521,305,6,39,114,57
S01007466,16 to 24,144,41,8,33,103,101,0,0,1,1
S01007466,25 to 34,153,72,36,36,81,75,1,4,1,0
S01007466,35 to 49,239,91,53,38,148,94,3,15,33,3
S01007466,50 to 64,172,57,38,19,115,24,1,19,60,11
S01007466,65 to 74,94,50,48,2,44,6,0,1,16,21
S01007466,75 to 84,40,19,17,2,21,3,0,0,3,15
S01007466,85 and over,9,0,0,0,9,2,1,0,0,6
S01007467,All people aged 16 and over in households,824,412,324,88,412,213,6,40,65,88
S01007467,16 to 24,97,24,4,20,73,73,0,0,0,0
S01007467,25 to 34,125,70,33,37,55,50,1,4,0,0
S01007467,35 to 49,234,130,109,21,104,55,3,21,23,2
S01007467,50 to 64,168,105,95,10,63,19,1,10,29,4
S01007467,65 to 74,96,46,46,0,50,5,1,4,10,30
S01007467,75 to 84,69,30,30,0,39,3,0,0,3,33
S01007467,85 and over,35,7,7,0,28,8,0,1,0,19
S01007468,All people aged 16 and over in households,607,410,356,54,197,128,2,21,20,26
S01007468,16 to 24,65,11,2,9,54,54,0,0,0,0
S01007468,25 to 34,72,37,28,9,35,33,1,1,0,0
S01007468,35 to 49,185,139,115,24,46,28,0,12,5,1
S01007468,50 to 64,183,148,138,10,35,10,0,8,11,6
S01007468,65 to 74,73,58,56,2,15,2,1,0,2,10
S01007468,75 to 84,26,16,16,0,10,1,0,0,2,7
S01007468,85 and over,3,1,1,0,2,0,0,0,0,2
S01007469,All people aged 16 and over in households,465,292,226,66,173,96,2,14,33,28
S01007469,16 to 24,52,8,1,7,44,44,0,0,0,0
S01007469,25 to 34,73,44,20,24,29,26,0,0,3,0
S01007469,35 to 49,126,87,63,24,39,20,0,9,10,0
S01007469,50 to 64,132,102,93,9,30,6,1,5,13,5
S01007469,65 to 74,51,39,37,2,12,0,1,0,4,7
S01007469,75 to 84,26,12,12,0,14,0,0,0,2,12
S01007469,85 and over,5,0,0,0,5,0,0,0,1,4
S01007470,All people aged 16 and over in households,572,262,204,58,310,177,8,22,49,54
S01007470,16 to 24,79,13,0,13,66,66,0,0,0,0
S01007470,25 to 34,84,38,18,20,46,40,0,4,2,0
S01007470,35 to 49,144,86,67,19,58,36,3,8,11,0
S01007470,50 to 64,136,75,70,5,61,18,1,10,24,8
S01007470,65 to 74,49,27,26,1,22,6,1,0,6,9
S01007470,75 to 84,49,21,21,0,28,5,0,0,4,19
S01007470,85 and over,31,2,2,0,29,6,3,0,2,18
S01007471,All people aged 16 and over in households,382,242,196,46,140,87,1,6,21,25
S01007471,16 to 24,57,7,1,6,50,50,0,0,0,0
S01007471,25 to 34,49,33,16,17,16,15,0,0,1,0
S01007471,35 to 49,112,91,80,11,21,14,0,2,4,1
S01007471,50 to 64,109,88,80,8,21,4,0,4,9,4
S01007471,65 to 74,26,13,12,1,13,1,0,0,6,6
S01007471,75 to 84,15,6,5,1,9,3,1,0,0,5
S01007471,85 and over,14,4,2,2,10,0,0,0,1,9
S01007472,All people aged 16 and over in households,458,244,174,70,214,111,2,12,38,51
S01007472,16 to 24,59,13,0,13,46,45,0,1,0,0
S01007472,25 to 34,65,38,12,26,27,24,2,1,0,0
S01007472,35 to 49,110,74,53,21,36,24,0,2,8,2
S01007472,50 to 64,115,70,64,6,45,11,0,6,21,7
S01007472,65 to 74,57,34,30,4,23,3,0,2,5,13
S01007472,75 to 84,38,13,13,0,25,3,0,0,4,18
S01007472,85 and over,14,2,2,0,12,1,0,0,0,11
S01007473,All people aged 16 and over in households,370,188,156,32,182,107,3,12,38,22
S01007473,16 to 24,48,4,0,4,44,44,0,0,0,0
S01007473,25 to 34,46,22,12,10,24,20,0,2,2,0
S01007473,35 to 49,112,67,53,14,45,28,0,4,12,1
S01007473,50 to 64,88,55,51,4,33,9,0,4,17,3
S01007473,65 to 74,45,24,24,0,21,4,1,0,6,10
S01007473,75 to 84,24,13,13,0,11,2,1,2,1,5
S01007473,85 and over,7,3,3,0,4,0,1,0,0,3
S01007474,All people aged 16 and over in households,445,314,284,30,131,85,1,5,14,26
S01007474,16 to 24,53,2,0,2,51,51,0,0,0,0
S01007474,25 to 34,53,30,24,6,23,21,1,1,0,0
S01007474,35 to 49,129,117,104,13,12,9,0,1,2,0
S01007474,50 to 64,132,114,107,7,18,2,0,2,10,4
S01007474,65 to 74,52,40,38,2,12,0,0,1,2,9
S01007474,75 to 84,20,8,8,0,12,1,0,0,0,11
S01007474,85 and over,6,3,3,0,3,1,0,0,0,2
S01007475,All people aged 16 and over in households,491,326,268,58,165,107,0,14,19,25
S01007475,16 to 24,54,7,3,4,47,47,0,0,0,0
S01007475,25 to 34,90,61,37,24,29,27,0,2,0,0
S01007475,35 to 49,139,104,82,22,35,21,0,7,7,0
S01007475,50 to 64,127,101,94,7,26,8,0,4,10,4
S01007475,65 to 74,53,41,40,1,12,3,0,1,2,6
S01007475,75 to 84,20,11,11,0,9,0,0,0,0,9
S01007475,85 and over,8,1,1,0,7,1,0,0,0,6
S01007476,All people aged 16 and over in households,565,382,338,44,183,88,3,12,21,59
S01007476,16 to 24,45,1,0,1,44,43,1,0,0,0
S01007476,25 to 34,43,29,16,13,14,12,0,1,1,0
S01007476,35 to 49,146,111,88,23,35,19,0,7,5,4
S01007476,50 to 64,140,115,108,7,25,6,0,4,10,5
S01007476,65 to 74,101,75,75,0,26,7,0,0,3,16
S01007476,75 to 84,72,45,45,0,27,0,2,0,1,24
S01007476,85 and over,18,6,6,0,12,1,0,0,1,10
S01007477,All people aged 16 and over in households,437,282,216,66,155,77,5,13,28,32
S01007477,16 to 24,38,3,0,3,35,35,0,0,0,0
S01007477,25 to 34,65,47,28,19,18,14,0,2,2,0
S01007477,35 to 49,126,95,65,30,31,17,1,6,7,0
S01007477,50 to 64,117,87,76,11,30,6,3,4,12,5
S01007477,65 to 74,57,39,36,3,18,1,0,0,3,14
S01007477,75 to 84,28,9,9,0,19,3,1,1,4,10
S01007477,85 and over,6,2,2,0,4,1,0,0,0,3
S01007478,All people aged 16 and over in households,742,458,326,132,284,127,2,23,52,80
S01007478,16 to 24,78,25,3,22,53,53,0,0,0,0
S01007478,25 to 34,114,73,29,44,41,37,1,1,2,0
S01007478,35 to 49,218,172,127,45,46,19,0,11,14,2
S01007478,50 to 64,151,99,81,18,52,11,0,8,24,9
S01007478,65 to 74,79,50,49,1,29,3,0,2,7,17
S01007478,75 to 84,62,29,27,2,33,2,0,1,4,26
S01007478,85 and over,40,10,10,0,30,2,1,0,1,26
S01007479,All people aged 16 and over in households,458,282,206,76,176,105,3,17,25,26
S01007479,16 to 24,60,9,0,9,51,51,0,0,0,0
S01007479,25 to 34,94,68,31,37,26,23,0,2,1,0
S01007479,35 to 49,179,137,110,27,42,19,2,9,12,0
S01007479,50 to 64,63,39,37,2,24,9,0,5,7,3
S01007479,65 to 74,31,21,21,0,10,2,0,1,5,2
S01007479,75 to 84,22,7,7,0,15,0,1,0,0,14
S01007479,85 and over,9,1,0,1,8,1,0,0,0,7
S01007480,All people aged 16 and over in households,609,408,306,102,201,124,5,17,34,21
S01007480,16 to 24,81,11,4,7,70,69,0,1,0,0
S01007480,25 to 34,125,96,53,43,29,26,0,1,2,0
S01007480,35 to 49,202,155,114,41,47,17,5,6,17,2
S01007480,50 to 64,136,102,93,9,34,10,0,8,12,4
S01007480,65 to 74,43,35,33,2,8,2,0,1,3,2
S01007480,75 to 84,19,9,9,0,10,0,0,0,0,10
S01007480,85 and over,3,0,0,0,3,0,0,0,0,3
S01007481,All people aged 16 and over in households,740,510,466,44,230,113,6,12,16,83
S01007481,16 to 24,67,7,1,6,60,59,1,0,0,0
S01007481,25 to 34,39,22,12,10,17,16,1,0,0,0
S01007481,35 to 49,143,116,99,17,27,13,0,9,4,1
S01007481,50 to 64,188,166,158,8,22,7,1,2,8,4
S01007481,65 to 74,173,134,132,2,39,6,2,0,2,29
S01007481,75 to 84,104,53,53,0,51,9,1,1,2,38
S01007481,85 and over,26,12,11,1,14,3,0,0,0,11
S01007482,All people aged 16 and over in households,408,216,170,46,192,79,3,9,27,74
S01007482,16 to 24,31,9,2,7,22,22,0,0,0,0
S01007482,25 to 34,48,21,10,11,27,23,2,2,0,0
S01007482,35 to 49,75,51,37,14,24,13,0,1,8,2
S01007482,50 to 64,98,65,55,10,33,7,0,3,14,9
S01007482,65 to 74,73,47,46,1,26,7,0,0,4,15
S01007482,75 to 84,64,20,17,3,44,6,1,2,1,34
S01007482,85 and over,19,3,3,0,16,1,0,1,0,14
S01007483,All people aged 16 and over in households,629,372,288,84,257,140,5,15,40,57
S01007483,16 to 24,60,8,0,8,52,52,0,0,0,0
S01007483,25 to 34,115,64,29,35,51,45,2,2,2,0
S01007483,35 to 49,160,117,90,27,43,22,1,8,12,0
S01007483,50 to 64,163,122,110,12,41,11,1,5,16,8
S01007483,65 to 74,76,51,49,2,25,5,0,0,8,12
S01007483,75 to 84,45,10,10,0,35,5,1,0,2,27
S01007483,85 and over,10,0,0,0,10,0,0,0,0,10
S01007484,All people aged 16 and over in households,460,224,178,46,236,122,7,19,45,43
S01007484,16 to 24,68,14,2,12,54,53,0,1,0,0
S01007484,25 to 34,54,22,15,7,32,26,1,5,0,0
S01007484,35 to 49,104,61,48,13,43,21,3,5,13,1
S01007484,50 to 64,115,74,60,14,41,13,1,5,20,2
S01007484,65 to 74,65,35,35,0,30,6,2,3,5,14
S01007484,75 to 84,39,15,15,0,24,3,0,0,6,15
S01007484,85 and over,15,3,3,0,12,0,0,0,1,11
S01007485,All people aged 16 and over in households,359,188,92,96,171,106,5,10,34,16
S01007485,16 to 24,73,31,0,31,42,42,0,0,0,0
S01007485,25 to 34,76,44,7,37,32,28,1,1,2,0
S01007485,35 to 49,88,43,22,21,45,21,0,8,15,1
S01007485,50 to 64,65,36,33,3,29,10,2,1,14,2
S01007485,65 to 74,34,21,19,2,13,4,1,0,1,7
S01007485,75 to 84,20,12,10,2,8,1,0,0,2,5
S01007485,85 and over,3,1,1,0,2,0,1,0,0,1
S01007486,All people aged 16 and over in households,382,154,96,58,228,132,5,12,47,32
S01007486,16 to 24,74,20,4,16,54,50,1,2,1,0
S01007486,25 to 34,80,38,16,22,42,36,0,1,4,1
S01007486,35 to 49,87,44,31,13,43,28,2,3,10,0
S01007486,50 to 64,76,29,22,7,47,12,0,5,19,11
S01007486,65 to 74,36,14,14,0,22,3,1,1,11,6
S01007486,75 to 84,25,9,9,0,16,2,1,0,2,11
S01007486,85 and over,4,0,0,0,4,1,0,0,0,3
S01007487,All people aged 16 and over in households,753,328,222,106,425,236,5,28,82,74
S01007487,16 to 24,119,34,1,33,85,84,0,1,0,0
S01007487,25 to 34,101,44,13,31,57,50,0,7,0,0
S01007487,35 to 49,181,95,63,32,86,54,2,9,19,2
S01007487,50 to 64,183,100,91,9,83,23,0,8,40,12
S01007487,65 to 74,98,42,41,1,56,13,2,2,18,21
S01007487,75 to 84,47,10,10,0,37,6,1,1,5,24
S01007487,85 and over,24,3,3,0,21,6,0,0,0,15
S01007488,All people aged 16 and over in households,838,456,354,102,382,213,7,20,76,66
S01007488,16 to 24,125,26,3,23,99,98,0,0,0,1
S01007488,25 to 34,103,58,32,26,45,41,2,1,1,0
S01007488,35 to 49,239,153,115,38,86,43,1,9,32,1
S01007488,50 to 64,186,121,108,13,65,12,3,7,32,11
S01007488,65 to 74,103,74,72,2,29,6,0,1,8,14
S01007488,75 to 84,60,20,20,0,40,7,0,2,2,29
S01007488,85 and over,22,4,4,0,18,6,1,0,1,10
S01007489,All people aged 16 and over in households,725,422,362,60,303,158,5,12,49,79
S01007489,16 to 24,88,11,1,10,77,77,0,0,0,0
S01007489,25 to 34,73,34,12,22,39,35,0,2,1,1
S01007489,35 to 49,165,113,96,17,52,23,0,6,22,1
S01007489,50 to 64,196,155,150,5,41,13,4,3,16,5
S01007489,65 to 74,96,67,62,5,29,2,1,0,9,17
S01007489,75 to 84,78,39,38,1,39,4,0,1,0,34
S01007489,85 and over,29,3,3,0,26,4,0,0,1,21
S01007490,All people aged 16 and over in households,727,434,360,74,293,168,4,10,38,73
S01007490,16 to 24,99,10,0,10,89,88,0,0,0,1
S01007490,25 to 34,77,43,24,19,34,30,0,2,2,0
S01007490,35 to 49,175,128,94,34,47,29,2,5,9,2
S01007490,50 to 64,177,129,120,9,48,16,1,3,14,14
S01007490,65 to 74,118,80,78,2,38,3,1,0,11,23
S01007490,75 to 84,61,34,34,0,27,2,0,0,0,25
S01007490,85 and over,20,10,10,0,10,0,0,0,2,8
S01007491,All people aged 16 and over in households,829,514,344,170,315,195,3,24,54,39
S01007491,16 to 24,124,32,3,29,92,90,1,1,0,0
S01007491,25 to 34,207,143,72,71,64,55,2,6,1,0
S01007491,35 to 49,229,150,108,42,79,38,0,12,28,1
S01007491,50 to 64,156,118,90,28,38,6,0,4,18,10
S01007491,65 to 74,71,50,50,0,21,3,0,1,7,10
S01007491,75 to 84,35,19,19,0,16,2,0,0,0,14
S01007491,85 and over,7,2,2,0,5,1,0,0,0,4
S01007492,All people aged 16 and over in households,591,354,300,54,237,124,1,9,50,53
S01007492,16 to 24,64,13,2,11,51,51,0,0,0,0
S01007492,25 to 34,58,24,9,15,34,31,0,2,1,0
S01007492,35 to 49,138,103,83,20,35,21,0,2,11,1
S01007492,50 to 64,181,136,131,5,45,12,0,2,25,6
S01007492,65 to 74,93,57,54,3,36,3,1,3,13,16
S01007492,75 to 84,46,19,19,0,27,4,0,0,0,23
S01007492,85 and over,11,2,2,0,9,2,0,0,0,7
S01007493,All people aged 16 and over in households,677,418,332,86,259,152,5,15,39,48
S01007493,16 to 24,92,13,2,11,79,79,0,0,0,0
S01007493,25 to 34,91,61,31,30,30,28,0,1,1,0
S01007493,35 to 49,186,123,97,26,63,29,0,11,22,1
S01007493,50 to 64,160,128,117,11,32,8,4,1,11,8
S01007493,65 to 74,94,72,66,6,22,3,1,2,1,15
S01007493,75 to 84,45,19,17,2,26,3,0,0,4,19
S01007493,85 and over,9,2,2,0,7,2,0,0,0,5
S01007494,All people aged 16 and over in households,447,304,258,46,143,75,9,6,22,31
S01007494,16 to 24,43,9,2,7,34,34,0,0,0,0
S01007494,25 to 34,36,26,13,13,10,8,1,0,1,0
S01007494,35 to 49,115,87,71,16,28,16,3,2,6,1
S01007494,50 to 64,128,99,91,8,29,6,4,4,8,7
S01007494,65 to 74,81,60,58,2,21,4,1,0,6,10
S01007494,75 to 84,35,20,20,0,15,6,0,0,1,8
S01007494,85 and over,9,3,3,0,6,1,0,0,0,5
S01007495,All people aged 16 and over in households,677,486,422,64,191,107,9,11,27,37
S01007495,16 to 24,61,5,2,3,56,56,0,0,0,0
S01007495,25 to 34,69,45,29,16,24,18,3,2,1,0
S01007495,35 to 49,192,157,131,26,35,14,3,5,11,2
S01007495,50 to 64,210,183,166,17,27,9,0,2,10,6
S01007495,65 to 74,94,62,61,1,32,8,1,2,3,18
S01007495,75 to 84,38,28,27,1,10,1,1,0,2,6
S01007495,85 and over,13,6,6,0,7,1,1,0,0,5
S01007496,All people aged 16 and over in households,882,585,504,81,297,159,4,15,46,73
S01007496,16 to 24,81,7,2,5,74,74,0,0,0,0
S01007496,25 to 34,80,40,22,18,40,38,0,2,0,0
S01007496,35 to 49,163,128,108,20,35,17,1,5,7,5
S01007496,50 to 64,279,223,200,23,56,15,2,6,20,13
S01007496,65 to 74,173,126,112,14,47,9,0,2,11,25
S01007496,75 to 84,80,54,53,1,26,2,1,0,5,18
S01007496,85 and over,26,7,7,0,19,4,0,0,3,12
S01007497,All people aged 16 and over in households,481,316,274,42,165,84,1,9,33,38
S01007497,16 to 24,59,15,3,12,44,44,0,0,0,0
S01007497,25 to 34,37,16,10,6,21,18,0,2,1,0
S01007497,35 to 49,134,111,96,15,23,8,0,1,14,0
S01007497,50 to 64,130,99,90,9,31,10,1,4,11,5
S01007497,65 to 74,79,58,58,0,21,2,0,0,6,13
S01007497,75 to 84,31,16,16,0,15,0,0,0,1,14
S01007497,85 and over,11,1,1,0,10,2,0,2,0,6
S01007498,All people aged 16 and over in households,733,454,382,72,279,112,4,22,48,93
S01007498,16 to 24,65,4,1,3,61,61,0,0,0,0
S01007498,25 to 34,60,37,20,17,23,18,1,4,0,0
S01007498,35 to 49,147,114,83,31,33,18,0,6,9,0
S01007498,50 to 64,246,189,175,14,57,10,0,9,24,14
S01007498,65 to 74,106,62,61,1,44,3,1,0,12,28
S01007498,75 to 84,84,39,34,5,45,2,0,2,3,38
S01007498,85 and over,25,9,8,1,16,0,2,1,0,13
S01007499,All people aged 16 and over in households,687,462,372,90,225,140,5,15,25,40
S01007499,16 to 24,74,12,4,8,62,62,0,0,0,0
S01007499,25 to 34,85,61,33,28,24,20,1,0,3,0
S01007499,35 to 49,198,153,114,39,45,29,1,6,7,2
S01007499,50 to 64,194,148,137,11,46,19,0,7,12,8
S01007499,65 to 74,84,60,56,4,24,7,2,2,2,11
S01007499,75 to 84,45,28,28,0,17,2,0,0,1,14
S01007499,85 and over,7,0,0,0,7,1,1,0,0,5
S01007500,All people aged 16 and over in households,514,344,276,68,170,81,5,10,27,47
S01007500,16 to 24,37,8,1,7,29,29,0,0,0,0
S01007500,25 to 34,47,26,10,16,21,21,0,0,0,0
S01007500,35 to 49,116,88,70,18,28,16,2,2,8,0
S01007500,50 to 64,166,127,111,16,39,9,1,6,14,9
S01007500,65 to 74,80,62,56,6,18,3,0,2,1,12
S01007500,75 to 84,56,29,26,3,27,3,1,0,4,19
S01007500,85 and over,12,4,2,2,8,0,1,0,0,7
S01007501,All people aged 16 and over in households,596,410,374,36,186,91,6,13,19,57
S01007501,16 to 24,45,2,1,1,43,43,0,0,0,0
S01007501,25 to 34,34,21,16,5,13,13,0,0,0,0
S01007501,35 to 49,102,77,72,5,25,14,0,5,6,0
S01007501,50 to 64,223,177,159,18,46,13,5,5,10,13
S01007501,65 to 74,122,98,92,6,24,5,1,1,2,15
S01007501,75 to 84,55,33,32,1,22,2,0,0,1,19
S01007501,85 and over,15,2,2,0,13,1,0,2,0,10
S01007502,All people aged 16 and over in households,444,292,238,54,152,76,2,10,27,37
S01007502,16 to 24,44,5,1,4,39,39,0,0,0,0
S01007502,25 to 34,34,22,19,3,12,9,0,0,3,0
S01007502,35 to 49,110,83,64,19,27,15,1,3,8,0
S01007502,50 to 64,151,115,90,25,36,9,1,6,13,7
S01007502,65 to 74,70,50,48,2,20,2,0,1,3,14
S01007502,75 to 84,26,15,14,1,11,1,0,0,0,10
S01007502,85 and over,9,2,2,0,7,1,0,0,0,6
S01007503,All people aged 16 and over in households,868,566,490,76,302,153,8,15,52,74
S01007503,16 to 24,69,7,0,7,62,62,0,0,0,0
S01007503,25 to 34,87,47,30,17,40,30,2,4,4,0
S01007503,35 to 49,203,156,132,24,47,27,1,5,13,1
S01007503,50 to 64,247,193,174,19,54,19,0,6,23,6
S01007503,65 to 74,150,118,112,6,32,6,1,0,8,17
S01007503,75 to 84,89,41,38,3,48,7,3,0,4,34
S01007503,85 and over,23,4,4,0,19,2,1,0,0,16
S01007504,All people aged 16 and over in households,588,372,296,76,216,121,3,13,32,47
S01007504,16 to 24,62,11,2,9,51,51,0,0,0,0
S01007504,25 to 34,55,28,10,18,27,24,0,2,1,0
S01007504,35 to 49,131,100,67,33,31,20,0,5,5,1
S01007504,50 to 64,175,125,115,10,50,19,2,3,17,9
S01007504,65 to 74,100,70,65,5,30,2,1,3,9,15
S01007504,75 to 84,50,35,34,1,15,5,0,0,0,10
S01007504,85 and over,15,3,3,0,12,0,0,0,0,12
S01007505,All people aged 16 and over in households,346,228,190,38,118,66,1,10,21,20
S01007505,16 to 24,35,7,0,7,28,28,0,0,0,0
S01007505,25 to 34,40,25,18,7,15,12,0,2,1,0
S01007505,35 to 49,97,68,57,11,29,16,0,6,7,0
S01007505,50 to 64,103,82,71,11,21,6,0,1,10,4
S01007505,65 to 74,46,34,32,2,12,2,1,0,3,6
S01007505,75 to 84,18,10,10,0,8,2,0,1,0,5
S01007505,85 and over,7,2,2,0,5,0,0,0,0,5
S01007506,All people aged 16 and over in households,426,306,262,44,120,58,3,7,20,32
S01007506,16 to 24,31,6,0,6,25,24,1,0,0,0
S01007506,25 to 34,34,26,11,15,8,7,0,1,0,0
S01007506,35 to 49,89,72,63,9,17,13,0,2,2,0
S01007506,50 to 64,113,89,79,10,24,8,1,2,11,2
S01007506,65 to 74,102,80,78,2,22,3,1,0,7,11
S01007506,75 to 84,47,29,27,2,18,3,0,2,0,13
S01007506,85 and over,10,4,4,0,6,0,0,0,0,6
S01007507,All people aged 16 and over in households,793,482,390,92,311,161,7,15,51,77
S01007507,16 to 24,76,14,0,14,62,62,0,0,0,0
S01007507,25 to 34,73,39,13,26,34,33,0,1,0,0
S01007507,35 to 49,180,132,101,31,48,27,2,7,12,0
S01007507,50 to 64,216,162,151,11,54,16,1,7,20,10
S01007507,65 to 74,124,75,68,7,49,12,1,0,13,23
S01007507,75 to 84,103,60,57,3,43,9,1,0,5,28
S01007507,85 and over,21,0,0,0,21,2,2,0,1,16
S01007508,All people aged 16 and over in households,604,402,332,70,202,106,3,5,43,45
S01007508,16 to 24,61,13,2,11,48,48,0,0,0,0
S01007508,25 to 34,70,48,25,23,22,20,1,1,0,0
S01007508,35 to 49,105,79,68,11,26,13,1,0,11,1
S01007508,50 to 64,203,163,145,18,40,14,1,2,16,7
S01007508,65 to 74,106,73,68,5,33,8,0,1,14,10
S01007508,75 to 84,49,23,21,2,26,3,0,1,2,20
S01007508,85 and over,10,3,3,0,7,0,0,0,0,7
S01007509,All people aged 16 and over in households,527,352,308,44,175,102,5,9,18,41
S01007509,16 to 24,51,8,2,6,43,43,0,0,0,0
S01007509,25 to 34,35,11,5,6,24,20,2,2,0,0
S01007509,35 to 49,128,103,87,16,25,15,1,4,5,0
S01007509,50 to 64,164,135,125,10,29,10,1,3,8,7
S01007509,65 to 74,100,73,68,5,27,9,1,0,4,13
S01007509,75 to 84,40,19,18,1,21,4,0,0,1,16
S01007509,85 and over,9,3,3,0,6,1,0,0,0,5
S01007510,All people aged 16 and over in households,845,544,486,58,301,140,5,13,38,105
S01007510,16 to 24,77,10,1,9,67,66,0,0,0,1
S01007510,25 to 34,63,40,21,19,23,23,0,0,0,0
S01007510,35 to 49,172,132,117,15,40,22,2,8,8,0
S01007510,50 to 64,245,202,192,10,43,15,1,2,14,11
S01007510,65 to 74,162,106,101,5,56,7,0,1,14,34
S01007510,75 to 84,98,53,53,0,45,6,1,2,2,34
S01007510,85 and over,28,1,1,0,27,1,1,0,0,25
S01007511,All people aged 16 and over in households,675,370,284,86,305,165,9,14,45,72
S01007511,16 to 24,94,15,1,14,79,77,2,0,0,0
S01007511,25 to 34,77,46,20,26,31,27,1,2,1,0
S01007511,35 to 49,129,86,63,23,43,25,3,7,6,2
S01007511,50 to 64,199,133,111,22,66,24,1,4,23,14
S01007511,65 to 74,113,67,66,1,46,10,2,0,12,22
S01007511,75 to 84,48,20,20,0,28,2,0,1,3,22
S01007511,85 and over,15,3,3,0,12,0,0,0,0,12
S01007512,All people aged 16 and over in households,449,278,240,38,171,88,2,10,30,41
S01007512,16 to 24,46,6,0,6,40,40,0,0,0,0
S01007512,25 to 34,30,16,9,7,14,14,0,0,0,0
S01007512,35 to 49,91,64,54,10,27,14,0,6,7,0
S01007512,50 to 64,148,114,106,8,34,12,1,3,13,5
S01007512,65 to 74,79,51,44,7,28,6,0,0,8,14
S01007512,75 to 84,44,24,24,0,20,1,1,1,2,15
S01007512,85 and over,11,3,3,0,8,1,0,0,0,7
S01007513,All people aged 16 and over in households,818,484,344,140,334,181,4,21,70,58
S01007513,16 to 24,122,38,1,37,84,83,0,0,0,1
S01007513,25 to 34,125,76,29,47,49,45,0,2,2,0
S01007513,35 to 49,198,134,92,42,64,24,1,16,23,0
S01007513,50 to 64,189,130,120,10,59,18,2,3,31,5
S01007513,65 to 74,121,81,78,3,40,5,0,0,11,24
S01007513,75 to 84,46,19,18,1,27,5,1,0,1,20
S01007513,85 and over,17,6,6,0,11,1,0,0,2,8
S01007514,All people aged 16 and over in households,444,224,184,40,220,123,15,12,42,28
S01007514,16 to 24,54,9,1,8,45,43,0,2,0,0
S01007514,25 to 34,56,18,11,7,38,34,2,2,0,0
S01007514,35 to 49,112,60,52,8,52,22,9,3,18,0
S01007514,50 to 64,116,77,63,14,39,10,3,4,18,4
S01007514,65 to 74,60,38,36,2,22,10,0,1,4,7
S01007514,75 to 84,31,14,13,1,17,4,1,0,2,10
S01007514,85 and over,15,8,8,0,7,0,0,0,0,7
S01007515,All people aged 16 and over in households,477,344,308,36,133,73,1,5,18,36
S01007515,16 to 24,55,12,0,12,43,43,0,0,0,0
S01007515,25 to 34,34,22,19,3,12,12,0,0,0,0
S01007515,35 to 49,101,88,76,12,13,6,0,2,5,0
S01007515,50 to 64,132,112,104,8,20,7,0,3,7,3
S01007515,65 to 74,83,67,67,0,16,3,0,0,6,7
S01007515,75 to 84,45,32,31,1,13,1,0,0,0,12
S01007515,85 and over,27,11,11,0,16,1,1,0,0,14
S01007516,All people aged 16 and over in households,475,296,190,106,179,85,5,7,35,47
S01007516,16 to 24,66,24,2,22,42,42,0,0,0,0
S01007516,25 to 34,86,65,30,35,21,17,2,2,0,0
S01007516,35 to 49,121,94,66,28,27,11,2,2,12,0
S01007516,50 to 64,90,67,54,13,23,7,1,1,12,2
S01007516,65 to 74,61,34,27,7,27,3,0,1,10,13
S01007516,75 to 84,32,12,11,1,20,3,0,1,1,15
S01007516,85 and over,19,0,0,0,19,2,0,0,0,17
S01007517,All people aged 16 and over in households,387,242,214,28,145,74,1,8,21,41
S01007517,16 to 24,39,10,2,8,29,29,0,0,0,0
S01007517,25 to 34,21,11,4,7,10,10,0,0,0,0
S01007517,35 to 49,73,57,53,4,16,7,1,3,5,0
S01007517,50 to 64,112,79,72,7,33,18,0,4,8,3
S01007517,65 to 74,66,47,46,1,19,4,0,0,4,11
S01007517,75 to 84,58,34,33,1,24,3,0,1,4,16
S01007517,85 and over,18,4,4,0,14,3,0,0,0,11
S01007518,All people aged 16 and over in households,697,392,330,62,305,172,7,11,45,70
S01007518,16 to 24,74,5,1,4,69,69,0,0,0,0
S01007518,25 to 34,81,49,30,19,32,31,1,0,0,0
S01007518,35 to 49,186,119,96,23,67,41,5,5,14,2
S01007518,50 to 64,166,116,103,13,50,17,1,5,19,8
S01007518,65 to 74,102,65,62,3,37,7,0,1,11,18
S01007518,75 to 84,74,34,34,0,40,6,0,0,1,33
S01007518,85 and over,14,4,4,0,10,1,0,0,0,9
S01007519,All people aged 16 and over in households,404,282,250,32,122,73,4,6,19,20
S01007519,16 to 24,26,2,0,2,24,24,0,0,0,0
S01007519,25 to 34,21,12,6,6,9,9,0,0,0,0
S01007519,35 to 49,80,54,45,9,26,12,3,3,7,1
S01007519,50 to 64,135,113,100,13,22,9,1,2,7,3
S01007519,65 to 74,74,57,57,0,17,11,0,0,4,2
S01007519,75 to 84,53,37,37,0,16,6,0,1,1,8
S01007519,85 and over,15,7,5,2,8,2,0,0,0,6
S01007520,All people aged 16 and over in households,808,518,436,82,290,131,14,15,49,81
S01007520,16 to 24,72,8,2,6,64,62,2,0,0,0
S01007520,25 to 34,69,43,25,18,26,21,2,1,1,1
S01007520,35 to 49,200,164,133,31,36,20,6,2,8,0
S01007520,50 to 64,213,148,126,22,65,16,1,10,26,12
S01007520,65 to 74,150,107,104,3,43,5,1,2,9,26
S01007520,75 to 84,88,44,42,2,44,7,2,0,5,30
S01007520,85 and over,16,4,4,0,12,0,0,0,0,12
S01007521,All people aged 16 and over in households,373,250,206,44,123,69,3,11,15,25
S01007521,16 to 24,40,7,0,7,33,33,0,0,0,0
S01007521,25 to 34,31,20,9,11,11,9,0,1,1,0
S01007521,35 to 49,91,65,48,17,26,16,0,8,2,0
S01007521,50 to 64,117,95,88,7,22,7,3,1,8,3
S01007521,65 to 74,58,42,40,2,16,4,0,1,4,7
S01007521,75 to 84,28,19,19,0,9,0,0,0,0,9
S01007521,85 and over,8,2,2,0,6,0,0,0,0,6
S01007522,All people aged 16 and over in households,822,472,404,68,350,167,12,19,55,97
S01007522,16 to 24,75,8,0,8,67,67,0,0,0,0
S01007522,25 to 34,58,25,10,15,33,26,3,2,2,0
S01007522,35 to 49,167,114,95,19,53,33,1,5,14,0
S01007522,50 to 64,214,155,137,18,59,26,0,7,20,6
S01007522,65 to 74,152,107,101,6,45,9,3,3,12,18
S01007522,75 to 84,113,53,51,2,60,5,3,2,6,44
S01007522,85 and over,43,10,10,0,33,1,2,0,1,29
S01007523,All people aged 16 and over in households,455,294,232,62,161,90,1,5,25,40
S01007523,16 to 24,60,12,0,12,48,48,0,0,0,0
S01007523,25 to 34,44,28,19,9,16,15,0,0,1,0
S01007523,35 to 49,103,88,64,24,15,12,0,2,0,1
S01007523,50 to 64,120,88,80,8,32,9,1,3,14,5
S01007523,65 to 74,75,53,46,7,22,3,0,0,8,11
S01007523,75 to 84,37,23,21,2,14,3,0,0,1,10
S01007523,85 and over,16,2,2,0,14,0,0,0,1,13
S01007524,All people aged 16 and over in households,764,530,446,84,234,132,7,17,33,45
S01007524,16 to 24,79,10,2,8,69,69,0,0,0,0
S01007524,25 to 34,62,37,13,24,25,22,1,1,1,0
S01007524,35 to 49,188,155,123,32,33,16,2,6,9,0
S01007524,50 to 64,230,190,173,17,40,11,0,9,18,2
S01007524,65 to 74,122,93,92,1,29,7,1,1,5,15
S01007524,75 to 84,63,41,39,2,22,4,2,0,0,16
S01007524,85 and over,20,4,4,0,16,3,1,0,0,12
S01007525,All people aged 16 and over in households,433,290,254,36,143,78,5,5,18,37
S01007525,16 to 24,34,6,0,6,28,28,0,0,0,0
S01007525,25 to 34,35,24,14,10,11,11,0,0,0,0
S01007525,35 to 49,99,70,63,7,29,21,1,2,5,0
S01007525,50 to 64,137,106,96,10,31,11,2,2,10,6
S01007525,65 to 74,69,50,47,3,19,3,1,1,2,12
S01007525,75 to 84,46,27,27,0,19,3,1,0,0,15
S01007525,85 and over,13,7,7,0,6,1,0,0,1,4
S01007526,All people aged 16 and over in households,633,318,246,72,315,151,7,11,65,81
S01007526,16 to 24,67,12,0,12,55,55,0,0,0,0
S01007526,25 to 34,65,29,7,22,36,34,1,1,0,0
S01007526,35 to 49,143,85,63,22,58,28,3,7,19,1
S01007526,50 to 64,155,92,81,11,63,22,1,3,28,9
S01007526,65 to 74,91,59,57,2,32,8,0,0,11,13
S01007526,75 to 84,78,38,35,3,40,3,1,0,6,30
S01007526,85 and over,34,3,3,0,31,1,1,0,1,28
S01007527,All people aged 16 and over in households,679,454,380,74,225,98,7,9,50,61
S01007527,16 to 24,51,9,0,9,42,42,0,0,0,0
S01007527,25 to 34,66,41,22,19,25,23,0,2,0,0
S01007527,35 to 49,135,105,80,25,30,17,3,2,7,1
S01007527,50 to 64,210,162,145,17,48,8,3,3,29,5
S01007527,65 to 74,120,92,89,3,28,3,0,2,9,14
S01007527,75 to 84,83,42,41,1,41,4,1,0,5,31
S01007527,85 and over,14,3,3,0,11,1,0,0,0,10
S01007528,All people aged 16 and over in households,617,318,264,54,299,159,8,10,56,66
S01007528,16 to 24,82,10,0,10,72,71,0,0,0,1
S01007528,25 to 34,67,29,16,13,38,35,0,1,1,1
S01007528,35 to 49,145,85,73,12,60,37,2,5,16,0
S01007528,50 to 64,147,107,92,15,40,9,2,4,18,7
S01007528,65 to 74,92,56,53,3,36,5,2,0,14,15
S01007528,75 to 84,61,28,27,1,33,1,2,0,7,23
S01007528,85 and over,23,3,3,0,20,1,0,0,0,19
S01007529,All people aged 16 and over in households,579,420,366,54,159,82,3,7,20,47
S01007529,16 to 24,54,15,1,14,39,39,0,0,0,0
S01007529,25 to 34,40,26,16,10,14,13,0,1,0,0
S01007529,35 to 49,103,74,62,12,29,22,1,2,3,1
S01007529,50 to 64,174,149,135,14,25,5,0,4,10,6
S01007529,65 to 74,102,88,84,4,14,0,1,0,5,8
S01007529,75 to 84,84,58,58,0,26,2,0,0,2,22
S01007529,85 and over,22,10,10,0,12,1,1,0,0,10
S01007530,All people aged 16 and over in households,446,304,266,38,142,92,3,5,17,25
S01007530,16 to 24,54,7,0,7,47,47,0,0,0,0
S01007530,25 to 34,49,33,24,9,16,14,0,0,2,0
S01007530,35 to 49,101,81,71,10,20,13,0,3,2,2
S01007530,50 to 64,121,98,90,8,23,10,1,1,9,2
S01007530,65 to 74,67,52,48,4,15,6,1,0,3,5
S01007530,75 to 84,49,33,33,0,16,2,1,1,1,11
S01007530,85 and over,5,0,0,0,5,0,0,0,0,5
S01007531,All people aged 16 and over in households,579,382,318,64,197,121,0,11,20,45
S01007531,16 to 24,51,5,0,5,46,46,0,0,0,0
S01007531,25 to 34,63,30,18,12,33,31,0,1,1,0
S01007531,35 to 49,134,98,73,25,36,25,0,7,4,0
S01007531,50 to 64,181,153,140,13,28,12,0,3,9,4
S01007531,65 to 74,87,67,62,5,20,3,0,0,5,12
S01007531,75 to 84,51,26,22,4,25,4,0,0,1,20
S01007531,85 and over,12,3,3,0,9,0,0,0,0,9
S01007532,All people aged 16 and over in households,480,320,262,58,160,93,11,7,25,24
S01007532,16 to 24,55,7,1,6,48,47,1,0,0,0
S01007532,25 to 34,52,26,11,15,26,19,2,2,3,0
S01007532,35 to 49,125,92,75,17,33,16,6,4,7,0
S01007532,50 to 64,141,120,103,17,21,7,2,1,8,3
S01007532,65 to 74,65,50,48,2,15,3,0,0,4,8
S01007532,75 to 84,36,22,21,1,14,1,0,0,3,10
S01007532,85 and over,6,3,3,0,3,0,0,0,0,3
S01007533,All people aged 16 and over in households,453,312,260,52,141,72,6,9,21,33
S01007533,16 to 24,55,8,1,7,47,47,0,0,0,0
S01007533,25 to 34,43,33,25,8,10,9,0,0,0,1
S01007533,35 to 49,122,99,77,22,23,7,4,4,8,0
S01007533,50 to 64,129,107,96,11,22,6,2,5,8,1
S01007533,65 to 74,55,34,31,3,21,3,0,0,4,14
S01007533,75 to 84,39,27,26,1,12,0,0,0,1,11
S01007533,85 and over,10,4,4,0,6,0,0,0,0,6
S01007534,All people aged 16 and over in households,790,464,382,82,326,166,1,19,59,81
S01007534,16 to 24,94,10,0,10,84,84,0,0,0,0
S01007534,25 to 34,69,36,24,12,33,26,0,5,2,0
S01007534,35 to 49,177,120,82,38,57,31,0,8,16,2
S01007534,50 to 64,217,164,147,17,53,12,1,6,23,11
S01007534,65 to 74,124,83,79,4,41,7,0,0,13,21
S01007534,75 to 84,90,43,43,0,47,6,0,0,5,36
S01007534,85 and over,19,8,7,1,11,0,0,0,0,11
S01007535,All people aged 16 and over in households,854,490,406,84,364,195,9,31,57,72
S01007535,16 to 24,100,15,0,15,85,85,0,0,0,0
S01007535,25 to 34,94,51,29,22,43,36,1,4,2,0
S01007535,35 to 49,196,125,100,25,71,42,2,12,15,0
S01007535,50 to 64,208,146,128,18,62,21,0,9,27,5
S01007535,65 to 74,129,94,93,1,35,6,0,3,10,16
S01007535,75 to 84,97,48,45,3,49,4,5,1,3,36
S01007535,85 and over,30,11,11,0,19,1,1,2,0,15
S01007536,All people aged 16 and over in households,781,444,334,110,337,178,12,18,57,72
S01007536,16 to 24,104,26,0,26,78,78,0,0,0,0
S01007536,25 to 34,107,71,19,52,36,35,0,0,1,0
S01007536,35 to 49,178,112,87,25,66,24,3,14,22,3
S01007536,50 to 64,185,126,121,5,59,22,7,3,21,6
S01007536,65 to 74,99,70,68,2,29,9,0,1,8,11
S01007536,75 to 84,81,35,35,0,46,8,1,0,4,33
S01007536,85 and over,27,4,4,0,23,2,1,0,1,19
S01007537,All people aged 16 and over in households,865,510,396,114,355,173,9,22,68,83
S01007537,16 to 24,79,21,2,19,58,58,0,0,0,0
S01007537,25 to 34,100,55,16,39,45,44,0,0,1,0
S01007537,35 to 49,192,118,85,33,74,38,2,11,22,1
S01007537,50 to 64,197,143,128,15,54,12,0,8,27,7
S01007537,65 to 74,144,101,94,7,43,11,3,3,10,16
S01007537,75 to 84,111,56,56,0,55,8,2,0,7,38
S01007537,85 and over,42,16,15,1,26,2,2,0,1,21
S01007538,All people aged 16 and over in households,715,506,418,88,209,124,4,10,30,41
S01007538,16 to 24,73,8,2,6,65,65,0,0,0,0
S01007538,25 to 34,69,41,27,14,28,27,1,0,0,0
S01007538,35 to 49,214,182,144,38,32,15,1,6,10,0
S01007538,50 to 64,201,167,140,27,34,9,0,3,16,6
S01007538,65 to 74,97,82,80,2,15,5,0,0,3,7
S01007538,75 to 84,44,23,22,1,21,3,0,1,0,17
S01007538,85 and over,17,3,3,0,14,0,2,0,1,11
S01007539,All people aged 16 and over in households,584,400,360,40,184,83,5,4,22,70
S01007539,16 to 24,27,3,3,0,24,24,0,0,0,0
S01007539,25 to 34,48,33,18,15,15,15,0,0,0,0
S01007539,35 to 49,110,87,72,15,23,16,0,3,4,0
S01007539,50 to 64,161,135,126,9,26,10,0,1,12,3
S01007539,65 to 74,108,81,80,1,27,6,2,0,2,17
S01007539,75 to 84,103,50,50,0,53,9,3,0,3,38
S01007539,85 and over,27,11,11,0,16,3,0,0,1,12
S01007540,All people aged 16 and over in households,721,412,344,68,309,130,8,13,63,95
S01007540,16 to 24,63,17,1,16,46,45,1,0,0,0
S01007540,25 to 34,70,39,16,23,31,28,0,2,1,0
S01007540,35 to 49,154,109,99,10,45,27,0,6,11,1
S01007540,50 to 64,207,143,130,13,64,19,2,5,26,12
S01007540,65 to 74,109,67,63,4,42,1,3,0,15,23
S01007540,75 to 84,87,31,29,2,56,8,2,0,6,40
S01007540,85 and over,31,6,6,0,25,2,0,0,4,19
S01007541,All people aged 16 and over in households,618,416,354,62,202,96,2,11,27,66
S01007541,16 to 24,55,11,2,9,44,44,0,0,0,0
S01007541,25 to 34,39,21,13,8,18,16,0,0,2,0
S01007541,35 to 49,145,113,83,30,32,20,0,4,6,2
S01007541,50 to 64,184,144,132,12,40,10,0,7,15,8
S01007541,65 to 74,105,85,84,1,20,0,0,0,2,18
S01007541,75 to 84,63,35,33,2,28,4,2,0,2,20
S01007541,85 and over,27,7,7,0,20,2,0,0,0,18
S01007542,All people aged 16 and over in households,712,354,294,60,358,202,4,29,51,72
S01007542,16 to 24,91,10,2,8,81,81,0,0,0,0
S01007542,25 to 34,108,49,35,14,59,54,1,4,0,0
S01007542,35 to 49,165,98,75,23,67,30,0,16,17,4
S01007542,50 to 64,190,124,117,7,66,21,1,8,26,10
S01007542,65 to 74,78,52,45,7,26,4,1,0,5,16
S01007542,75 to 84,61,20,19,1,41,10,1,0,3,27
S01007542,85 and over,19,1,1,0,18,2,0,1,0,15
S01007543,All people aged 16 and over in households,869,526,396,130,343,189,4,18,75,57
S01007543,16 to 24,110,17,2,15,93,92,0,0,1,0
S01007543,25 to 34,121,80,39,41,41,36,0,3,2,0
S01007543,35 to 49,233,167,124,43,66,33,1,7,23,2
S01007543,50 to 64,239,172,153,19,67,19,1,7,32,8
S01007543,65 to 74,108,69,58,11,39,3,1,0,12,23
S01007543,75 to 84,51,20,19,1,31,6,1,1,3,20
S01007543,85 and over,7,1,1,0,6,0,0,0,2,4
S01007544,All people aged 16 and over in households,924,630,556,74,294,130,13,14,45,92
S01007544,16 to 24,61,3,0,3,58,57,1,0,0,0
S01007544,25 to 34,40,14,2,12,26,23,0,3,0,0
S01007544,35 to 49,161,134,97,37,27,11,2,4,9,1
S01007544,50 to 64,264,202,184,18,62,16,8,6,26,6
S01007544,65 to 74,196,156,153,3,40,13,1,1,4,21
S01007544,75 to 84,148,102,101,1,46,4,1,0,3,38
S01007544,85 and over,54,19,19,0,35,6,0,0,3,26
S01007545,All people aged 16 and over in households,677,464,392,72,213,106,2,9,37,59
S01007545,16 to 24,53,9,3,6,44,44,0,0,0,0
S01007545,25 to 34,58,36,13,23,22,21,0,1,0,0
S01007545,35 to 49,162,132,108,24,30,13,1,4,11,1
S01007545,50 to 64,216,175,158,17,41,17,1,4,14,5
S01007545,65 to 74,102,67,65,2,35,8,0,0,9,18
S01007545,75 to 84,65,39,39,0,26,3,0,0,2,21
S01007545,85 and over,21,6,6,0,15,0,0,0,1,14
S01007546,All people aged 16 and over in households,458,346,310,36,112,68,6,3,12,23
S01007546,16 to 24,37,2,1,1,35,35,0,0,0,0
S01007546,25 to 34,54,40,30,10,14,12,0,1,1,0
S01007546,35 to 49,131,110,94,16,21,14,4,2,0,1
S01007546,50 to 64,125,113,107,6,12,7,1,0,2,2
S01007546,65 to 74,69,53,51,2,16,0,1,0,6,9
S01007546,75 to 84,35,26,25,1,9,0,0,0,3,6
S01007546,85 and over,7,2,2,0,5,0,0,0,0,5
S01007547,All people aged 16 and over in households,457,314,250,64,143,85,1,9,23,25
S01007547,16 to 24,49,10,0,10,39,39,0,0,0,0
S01007547,25 to 34,42,28,12,16,14,14,0,0,0,0
S01007547,35 to 49,126,100,83,17,26,17,0,5,4,0
S01007547,50 to 64,130,94,78,16,36,8,1,4,16,7
S01007547,65 to 74,76,64,61,3,12,3,0,0,2,7
S01007547,75 to 84,27,17,15,2,10,3,0,0,1,6
S01007547,85 and over,7,1,1,0,6,1,0,0,0,5
S01007548,All people aged 16 and over in households,578,374,314,60,204,113,1,9,38,43
S01007548,16 to 24,70,17,0,17,53,53,0,0,0,0
S01007548,25 to 34,58,37,16,21,21,20,0,0,1,0
S01007548,35 to 49,135,99,86,13,36,19,0,4,13,0
S01007548,50 to 64,175,130,126,4,45,10,1,4,20,10
S01007548,65 to 74,90,67,64,3,23,6,0,1,3,13
S01007548,75 to 84,45,20,18,2,25,5,0,0,1,19
S01007548,85 and over,5,4,4,0,1,0,0,0,0,1
S01007549,All people aged 16 and over in households,519,334,296,38,185,85,6,4,36,54
S01007549,16 to 24,29,2,0,2,27,27,0,0,0,0
S01007549,25 to 34,41,22,15,7,19,17,0,0,1,1
S01007549,35 to 49,108,80,67,13,28,14,1,4,9,0
S01007549,50 to 64,175,132,120,12,43,16,4,0,20,3
S01007549,65 to 74,89,66,62,4,23,4,0,0,5,14
S01007549,75 to 84,59,28,28,0,31,5,0,0,0,26
S01007549,85 and over,18,4,4,0,14,2,1,0,1,10
S01007550,All people aged 16 and over in households,782,496,434,62,286,127,8,22,49,80
S01007550,16 to 24,55,6,0,6,49,48,0,1,0,0
S01007550,25 to 34,62,32,15,17,30,27,2,1,0,0
S01007550,35 to 49,146,103,81,22,43,24,0,6,13,0
S01007550,50 to 64,241,179,167,12,62,14,5,10,22,11
S01007550,65 to 74,139,100,95,5,39,6,1,1,9,22
S01007550,75 to 84,104,60,60,0,44,6,0,3,4,31
S01007550,85 and over,35,16,16,0,19,2,0,0,1,16
S01007551,All people aged 16 and over in households,755,508,446,62,247,150,5,13,27,52
S01007551,16 to 24,69,4,0,4,65,63,0,2,0,0
S01007551,25 to 34,52,20,9,11,32,31,1,0,0,0
S01007551,35 to 49,183,137,121,16,46,26,1,7,12,0
S01007551,50 to 64,244,204,180,24,40,13,3,4,10,10
S01007551,65 to 74,129,105,99,6,24,10,0,0,2,12
S01007551,75 to 84,60,30,29,1,30,5,0,0,3,22
S01007551,85 and over,18,8,8,0,10,2,0,0,0,8
S01007552,All people aged 16 and over in households,737,434,348,86,303,193,4,18,32,56
S01007552,16 to 24,116,16,4,12,100,98,1,1,0,0
S01007552,25 to 34,112,68,40,28,44,41,2,1,0,0
S01007552,35 to 49,187,142,124,18,45,27,0,8,9,1
S01007552,50 to 64,191,131,110,21,60,21,1,7,19,12
S01007552,65 to 74,83,61,55,6,22,2,0,1,2,17
S01007552,75 to 84,34,16,15,1,18,3,0,0,1,14
S01007552,85 and over,14,0,0,0,14,1,0,0,1,12
S01007553,All people aged 16 and over in households,709,426,362,64,283,159,1,15,46,62
S01007553,16 to 24,105,16,3,13,89,88,0,0,0,1
S01007553,25 to 34,79,45,28,17,34,30,0,0,4,0
S01007553,35 to 49,168,130,109,21,38,18,0,6,12,2
S01007553,50 to 64,191,138,126,12,53,14,1,7,18,13
S01007553,65 to 74,110,75,74,1,35,5,0,2,10,18
S01007553,75 to 84,46,20,20,0,26,3,0,0,2,21
S01007553,85 and over,10,2,2,0,8,1,0,0,0,7
S01007554,All people aged 16 and over in households,371,182,156,26,189,117,3,9,22,38
S01007554,16 to 24,53,5,1,4,48,47,1,0,0,0
S01007554,25 to 34,43,19,11,8,24,21,1,1,1,0
S01007554,35 to 49,77,34,29,5,43,26,1,4,11,1
S01007554,50 to 64,95,66,60,6,29,12,0,3,6,8
S01007554,65 to 74,66,44,41,3,22,5,0,1,4,12
S01007554,75 to 84,32,14,14,0,18,4,0,0,0,14
S01007554,85 and over,5,0,0,0,5,2,0,0,0,3
S01007555,All people aged 16 and over in households,441,286,250,36,155,91,4,4,12,44
S01007555,16 to 24,41,5,0,5,36,36,0,0,0,0
S01007555,25 to 34,32,17,10,7,15,13,1,1,0,0
S01007555,35 to 49,111,84,69,15,27,18,0,1,5,3
S01007555,50 to 64,128,107,98,9,21,12,1,1,5,2
S01007555,65 to 74,62,51,51,0,11,3,0,1,2,5
S01007555,75 to 84,53,21,21,0,32,5,2,0,0,25
S01007555,85 and over,14,1,1,0,13,4,0,0,0,9
S01007556,All people aged 16 and over in households,393,204,180,24,189,109,1,12,24,43
S01007556,16 to 24,54,4,0,4,50,50,0,0,0,0
S01007556,25 to 34,35,14,6,8,21,19,0,1,1,0
S01007556,35 to 49,92,63,57,6,29,16,1,2,9,1
S01007556,50 to 64,103,71,67,4,32,14,0,9,8,1
S01007556,65 to 74,48,33,33,0,15,4,0,0,3,8
S01007556,75 to 84,42,18,16,2,24,6,0,0,1,17
S01007556,85 and over,19,1,1,0,18,0,0,0,2,16
S01007557,All people aged 16 and over in households,899,528,444,84,371,219,1,29,46,76
S01007557,16 to 24,125,14,4,10,111,110,0,0,1,0
S01007557,25 to 34,103,60,30,30,43,40,0,3,0,0
S01007557,35 to 49,241,173,135,38,68,39,0,16,11,2
S01007557,50 to 64,207,157,152,5,50,9,0,9,23,9
S01007557,65 to 74,134,81,81,0,53,11,0,0,9,33
S01007557,75 to 84,75,38,37,1,37,9,1,1,2,24
S01007557,85 and over,14,5,5,0,9,1,0,0,0,8
S01007558,All people aged 16 and over in households,364,264,216,48,100,63,4,7,12,14
S01007558,16 to 24,32,1,0,1,31,31,0,0,0,0
S01007558,25 to 34,24,16,7,9,8,8,0,0,0,0
S01007558,35 to 49,97,79,62,17,18,10,0,3,5,0
S01007558,50 to 64,116,97,78,19,19,10,0,4,3,2
S01007558,65 to 74,68,54,53,1,14,2,3,0,3,6
S01007558,75 to 84,20,16,15,1,4,2,0,0,0,2
S01007558,85 and over,7,1,1,0,6,0,1,0,1,4
S01007559,All people aged 16 and over in households,589,398,314,84,191,109,4,15,25,38
S01007559,16 to 24,70,12,0,12,58,58,0,0,0,0
S01007559,25 to 34,48,29,13,16,19,16,1,2,0,0
S01007559,35 to 49,181,145,110,35,36,17,1,8,9,1
S01007559,50 to 64,172,139,120,19,33,12,1,3,12,5
S01007559,65 to 74,56,45,44,1,11,1,0,1,2,7
S01007559,75 to 84,44,23,22,1,21,3,0,0,1,17
S01007559,85 and over,18,5,5,0,13,2,1,1,1,8
S01007560,All people aged 16 and over in households,779,485,406,79,294,142,5,16,39,92
S01007560,16 to 24,67,9,0,9,58,58,0,0,0,0
S01007560,25 to 34,67,36,24,12,31,26,0,4,1,0
S01007560,35 to 49,167,118,95,23,49,26,0,8,11,4
S01007560,50 to 64,220,179,154,25,41,10,4,1,14,12
S01007560,65 to 74,121,77,71,6,44,9,0,2,9,24
S01007560,75 to 84,108,55,51,4,53,9,1,1,3,39
S01007560,85 and over,29,11,11,0,18,4,0,0,1,13
S01007561,All people aged 16 and over in households,610,352,300,52,258,126,2,10,43,77
S01007561,16 to 24,61,12,0,12,49,49,0,0,0,0
S01007561,25 to 34,38,19,10,9,19,19,0,0,0,0
S01007561,35 to 49,136,82,64,18,54,32,0,5,16,1
S01007561,50 to 64,145,107,100,7,38,15,0,3,12,8
S01007561,65 to 74,115,85,80,5,30,2,0,1,8,19
S01007561,75 to 84,89,41,40,1,48,6,0,0,6,36
S01007561,85 and over,26,6,6,0,20,3,2,1,1,13
S01007562,All people aged 16 and over in households,685,450,374,76,235,136,4,19,39,37
S01007562,16 to 24,77,8,3,5,69,69,0,0,0,0
S01007562,25 to 34,66,38,22,16,28,23,0,3,2,0
S01007562,35 to 49,208,160,125,35,48,23,0,11,14,0
S01007562,50 to 64,173,140,121,19,33,9,2,3,14,5
S01007562,65 to 74,104,73,73,0,31,9,0,1,8,13
S01007562,75 to 84,46,29,28,1,17,3,1,0,1,12
S01007562,85 and over,11,2,2,0,9,0,1,1,0,7
S01007563,All people aged 16 and over in households,728,470,410,60,258,132,4,22,34,66
S01007563,16 to 24,68,1,1,0,67,67,0,0,0,0
S01007563,25 to 34,57,28,19,9,29,27,0,2,0,0
S01007563,35 to 49,181,139,108,31,42,18,2,9,12,1
S01007563,50 to 64,224,177,161,16,47,16,1,9,10,11
S01007563,65 to 74,105,79,77,2,26,4,0,2,10,10
S01007563,75 to 84,69,39,37,2,30,0,1,0,2,27
S01007563,85 and over,24,7,7,0,17,0,0,0,0,17
S01007564,All people aged 16 and over in households,652,426,378,48,226,141,2,7,30,46
S01007564,16 to 24,74,9,0,9,65,65,0,0,0,0
S01007564,25 to 34,51,28,19,9,23,20,0,2,1,0
S01007564,35 to 49,147,119,101,18,28,16,1,4,7,0
S01007564,50 to 64,212,167,157,10,45,24,1,1,14,5
S01007564,65 to 74,96,72,71,1,24,8,0,0,5,11
S01007564,75 to 84,56,29,28,1,27,6,0,0,2,19
S01007564,85 and over,16,2,2,0,14,2,0,0,1,11
S01007565,All people aged 16 and over in households,791,530,450,80,261,146,6,12,31,66
S01007565,16 to 24,97,12,1,11,85,85,0,0,0,0
S01007565,25 to 34,84,57,39,18,27,24,0,2,1,0
S01007565,35 to 49,205,165,134,31,40,24,0,5,9,2
S01007565,50 to 64,234,193,176,17,41,7,3,4,16,11
S01007565,65 to 74,100,77,74,3,23,4,1,0,3,15
S01007565,75 to 84,54,25,25,0,29,0,0,1,0,28
S01007565,85 and over,17,1,1,0,16,2,2,0,2,10
S01007566,All people aged 16 and over in households,586,422,366,56,164,108,3,11,15,27
S01007566,16 to 24,83,16,5,11,67,67,0,0,0,0
S01007566,25 to 34,53,29,14,15,24,22,0,2,0,0
S01007566,35 to 49,159,136,114,22,23,13,0,6,3,1
S01007566,50 to 64,166,149,144,5,17,3,1,3,8,2
S01007566,65 to 74,87,65,63,2,22,1,2,0,4,15
S01007566,75 to 84,34,24,24,0,10,2,0,0,0,8
S01007566,85 and over,4,3,2,1,1,0,0,0,0,1
S01007567,All people aged 16 and over in households,483,352,314,38,131,86,3,10,17,15
S01007567,16 to 24,56,1,0,1,55,55,0,0,0,0
S01007567,25 to 34,43,33,20,13,10,10,0,0,0,0
S01007567,35 to 49,147,129,113,16,18,6,0,5,7,0
S01007567,50 to 64,149,122,117,5,27,10,2,5,7,3
S01007567,65 to 74,62,53,50,3,9,1,0,0,2,6
S01007567,75 to 84,23,12,12,0,11,3,1,0,1,6
S01007567,85 and over,3,2,2,0,1,1,0,0,0,0
S01007568,All people aged 16 and over in households,550,364,322,42,186,105,4,15,21,41
S01007568,16 to 24,42,4,1,3,38,38,0,0,0,0
S01007568,25 to 34,67,35,26,9,32,28,0,4,0,0
S01007568,35 to 49,119,87,68,19,32,18,0,6,7,1
S01007568,50 to 64,198,160,150,10,38,9,3,5,10,11
S01007568,65 to 74,82,60,59,1,22,7,1,0,3,11
S01007568,75 to 84,35,16,16,0,19,5,0,0,1,13
S01007568,85 and over,7,2,2,0,5,0,0,0,0,5
S01007569,All people aged 16 and over in households,661,460,378,82,201,112,3,9,29,48
S01007569,16 to 24,69,11,0,11,58,58,0,0,0,0
S01007569,25 to 34,52,38,12,26,14,11,0,1,2,0
S01007569,35 to 49,177,137,109,28,40,25,1,4,9,1
S01007569,50 to 64,190,165,149,16,25,7,2,3,9,4
S01007569,65 to 74,103,78,77,1,25,3,0,1,7,14
S01007569,75 to 84,55,26,26,0,29,7,0,0,2,20
S01007569,85 and over,15,5,5,0,10,1,0,0,0,9
S01007570,All people aged 16 and over in households,567,380,324,56,187,112,4,8,26,37
S01007570,16 to 24,62,11,3,8,51,51,0,0,0,0
S01007570,25 to 34,63,28,15,13,35,32,0,1,2,0
S01007570,35 to 49,135,104,87,17,31,18,0,4,8,1
S01007570,50 to 64,179,145,133,12,34,6,2,3,14,9
S01007570,65 to 74,87,70,64,6,17,2,2,0,2,11
S01007570,75 to 84,36,21,21,0,15,1,0,0,0,14
S01007570,85 and over,5,1,1,0,4,2,0,0,0,2
S01007571,All people aged 16 and over in households,465,328,272,56,137,79,5,1,17,35
S01007571,16 to 24,44,2,1,1,42,42,0,0,0,0
S01007571,25 to 34,43,24,17,7,19,18,0,0,1,0
S01007571,35 to 49,116,95,80,15,21,13,3,1,4,0
S01007571,50 to 64,146,131,105,26,15,0,2,0,7,6
S01007571,65 to 74,64,47,42,5,17,3,0,0,4,10
S01007571,75 to 84,43,28,26,2,15,1,0,0,1,13
S01007571,85 and over,9,1,1,0,8,2,0,0,0,6
S01007572,All people aged 16 and over in households,703,454,390,64,249,142,3,13,37,54
S01007572,16 to 24,93,9,2,7,84,84,0,0,0,0
S01007572,25 to 34,75,45,23,22,30,26,0,3,1,0
S01007572,35 to 49,197,156,135,21,41,16,1,8,14,2
S01007572,50 to 64,178,141,131,10,37,10,1,2,15,9
S01007572,65 to 74,94,66,66,0,28,4,0,0,6,18
S01007572,75 to 84,59,34,31,3,25,2,1,0,1,21
S01007572,85 and over,7,3,2,1,4,0,0,0,0,4
S01007573,All people aged 16 and over in households,646,488,382,106,158,108,1,15,23,11
S01007573,16 to 24,81,21,3,18,60,60,0,0,0,0
S01007573,25 to 34,168,130,96,34,38,33,0,5,0,0
S01007573,35 to 49,265,230,190,40,35,12,1,8,14,0
S01007573,50 to 64,82,68,56,12,14,2,0,2,7,3
S01007573,65 to 74,37,29,27,2,8,1,0,0,2,5
S01007573,75 to 84,11,10,10,0,1,0,0,0,0,1
S01007573,85 and over,2,0,0,0,2,0,0,0,0,2
S01007574,All people aged 16 and over in households,820,478,342,136,342,185,3,17,60,77
S01007574,16 to 24,131,29,5,24,102,101,0,0,1,0
S01007574,25 to 34,117,84,36,48,33,32,0,0,1,0
S01007574,35 to 49,210,132,93,39,78,39,2,11,24,2
S01007574,50 to 64,177,124,104,20,53,10,1,5,23,14
S01007574,65 to 74,115,77,74,3,38,3,0,1,10,24
S01007574,75 to 84,63,31,29,2,32,0,0,0,1,31
S01007574,85 and over,7,1,1,0,6,0,0,0,0,6
S01007575,All people aged 16 and over in households,698,332,252,80,366,186,5,19,69,87
S01007575,16 to 24,79,16,3,13,63,61,0,2,0,0
S01007575,25 to 34,108,52,31,21,56,49,0,2,5,0
S01007575,35 to 49,155,86,56,30,69,44,0,4,18,3
S01007575,50 to 64,161,95,80,15,66,23,3,4,26,10
S01007575,65 to 74,107,51,51,0,56,7,1,7,14,27
S01007575,75 to 84,77,30,29,1,47,1,1,0,6,39
S01007575,85 and over,11,2,2,0,9,1,0,0,0,8
S01007576,All people aged 16 and over in households,542,224,138,86,318,193,1,14,64,46
S01007576,16 to 24,104,36,1,35,68,67,0,1,0,0
S01007576,25 to 34,99,40,14,26,59,54,0,2,2,1
S01007576,35 to 49,140,56,37,19,84,47,1,8,27,1
S01007576,50 to 64,107,59,53,6,48,16,0,2,28,2
S01007576,65 to 74,48,24,24,0,24,5,0,1,4,14
S01007576,75 to 84,31,5,5,0,26,2,0,0,3,21
S01007576,85 and over,13,4,4,0,9,2,0,0,0,7
S01007577,All people aged 16 and over in households,527,248,160,88,279,167,2,13,57,40
S01007577,16 to 24,111,17,2,15,94,94,0,0,0,0
S01007577,25 to 34,83,48,14,34,35,29,0,3,3,0
S01007577,35 to 49,128,72,46,26,56,33,0,6,17,0
S01007577,50 to 64,121,71,60,11,50,8,2,4,29,7
S01007577,65 to 74,49,22,21,1,27,3,0,0,8,16
S01007577,75 to 84,27,15,14,1,12,0,0,0,0,12
S01007577,85 and over,8,3,3,0,5,0,0,0,0,5
S01007578,All people aged 16 and over in households,540,268,172,96,272,147,2,13,51,59
S01007578,16 to 24,87,21,2,19,66,66,0,0,0,0
S01007578,25 to 34,84,41,10,31,43,37,0,1,5,0
S01007578,35 to 49,134,88,53,35,46,30,0,3,13,0
S01007578,50 to 64,131,82,73,9,49,11,1,6,22,9
S01007578,65 to 74,58,25,23,2,33,2,0,1,6,24
S01007578,75 to 84,40,10,10,0,30,1,1,1,5,22
S01007578,85 and over,6,1,1,0,5,0,0,1,0,4
S01007579,All people aged 16 and over in households,495,224,148,76,271,156,3,22,59,31
S01007579,16 to 24,88,18,3,15,70,69,0,1,0,0
S01007579,25 to 34,83,45,24,21,38,34,0,1,3,0
S01007579,35 to 49,167,88,55,33,79,37,3,13,24,2
S01007579,50 to 64,81,38,35,3,43,10,0,2,23,8
S01007579,65 to 74,37,22,19,3,15,3,0,4,5,3
S01007579,75 to 84,32,11,10,1,21,3,0,1,3,14
S01007579,85 and over,7,2,2,0,5,0,0,0,1,4
S01007580,All people aged 16 and over in households,609,294,212,82,315,199,5,17,55,39
S01007580,16 to 24,131,8,0,8,123,122,1,0,0,0
S01007580,25 to 34,97,53,17,36,44,37,0,2,5,0
S01007580,35 to 49,180,112,83,29,68,24,3,13,26,2
S01007580,50 to 64,112,74,66,8,38,10,1,1,16,10
S01007580,65 to 74,55,36,35,1,19,6,0,1,6,6
S01007580,75 to 84,27,11,11,0,16,0,0,0,2,14
S01007580,85 and over,7,0,0,0,7,0,0,0,0,7
S01007581,All people aged 16 and over in households,392,210,156,54,182,118,2,2,33,27
S01007581,16 to 24,63,6,0,6,57,57,0,0,0,0
S01007581,25 to 34,64,29,17,12,35,32,1,0,2,0
S01007581,35 to 49,104,70,38,32,34,18,0,2,14,0
S01007581,50 to 64,98,75,71,4,23,8,0,0,11,4
S01007581,65 to 74,39,20,20,0,19,3,0,0,4,12
S01007581,75 to 84,17,8,8,0,9,0,1,0,2,6
S01007581,85 and over,7,2,2,0,5,0,0,0,0,5
S01007582,All people aged 16 and over in households,533,294,204,90,239,137,2,13,46,41
S01007582,16 to 24,94,22,1,21,72,72,0,0,0,0
S01007582,25 to 34,74,46,23,23,28,27,0,1,0,0
S01007582,35 to 49,142,91,63,28,51,28,0,6,17,0
S01007582,50 to 64,121,80,63,17,41,7,2,6,25,1
S01007582,65 to 74,55,34,33,1,21,3,0,0,4,14
S01007582,75 to 84,38,16,16,0,22,0,0,0,0,22
S01007582,85 and over,9,5,5,0,4,0,0,0,0,4
S01007583,All people aged 16 and over in households,825,360,242,118,465,277,4,32,89,63
S01007583,16 to 24,120,27,2,25,93,93,0,0,0,0
S01007583,25 to 34,156,67,24,43,89,83,0,4,1,1
S01007583,35 to 49,214,105,72,33,109,68,3,15,22,1
S01007583,50 to 64,189,94,84,10,95,20,1,12,55,7
S01007583,65 to 74,68,39,34,5,29,5,0,0,6,18
S01007583,75 to 84,68,25,23,2,43,6,0,1,5,31
S01007583,85 and over,10,3,3,0,7,2,0,0,0,5
S01007584,All people aged 16 and over in households,493,262,186,76,231,132,5,11,38,45
S01007584,16 to 24,70,12,1,11,58,58,0,0,0,0
S01007584,25 to 34,66,41,23,18,25,22,1,1,1,0
S01007584,35 to 49,153,99,62,37,54,29,2,8,14,1
S01007584,50 to 64,110,60,52,8,50,18,1,2,19,10
S01007584,65 to 74,36,28,26,2,8,1,0,0,0,7
S01007584,75 to 84,35,14,14,0,21,2,1,0,3,15
S01007584,85 and over,23,8,8,0,15,2,0,0,1,12
S01007585,All people aged 16 and over in households,811,506,446,60,305,140,1,13,40,111
S01007585,16 to 24,86,8,4,4,78,77,0,1,0,0
S01007585,25 to 34,61,42,27,15,19,18,0,1,0,0
S01007585,35 to 49,155,113,88,25,42,23,0,7,10,2
S01007585,50 to 64,211,169,161,8,42,11,1,2,18,10
S01007585,65 to 74,127,91,88,3,36,2,0,1,5,28
S01007585,75 to 84,136,71,67,4,65,6,0,0,4,55
S01007585,85 and over,35,12,11,1,23,3,0,1,3,16
S01007586,All people aged 16 and over in households,670,372,274,98,298,175,1,18,56,48
S01007586,16 to 24,119,20,0,20,99,98,1,0,0,0
S01007586,25 to 34,83,49,16,33,34,31,0,3,0,0
S01007586,35 to 49,183,127,99,28,56,29,0,11,16,0
S01007586,50 to 64,160,114,100,14,46,11,0,3,26,6
S01007586,65 to 74,66,41,38,3,25,4,0,1,10,10
S01007586,75 to 84,43,18,18,0,25,2,0,0,4,19
S01007586,85 and over,16,3,3,0,13,0,0,0,0,13
S01007587,All people aged 16 and over in households,536,332,276,56,204,111,4,13,31,45
S01007587,16 to 24,66,15,1,14,51,51,0,0,0,0
S01007587,25 to 34,57,27,15,12,30,24,1,3,2,0
S01007587,35 to 49,108,78,67,11,30,21,0,5,4,0
S01007587,50 to 64,153,120,107,13,33,8,1,3,18,3
S01007587,65 to 74,64,44,42,2,20,2,1,1,5,11
S01007587,75 to 84,65,34,32,2,31,4,1,1,2,23
S01007587,85 and over,23,14,12,2,9,1,0,0,0,8
S01007588,All people aged 16 and over in households,711,456,412,44,255,139,2,11,27,76
S01007588,16 to 24,87,6,0,6,81,80,0,1,0,0
S01007588,25 to 34,41,28,21,7,13,12,0,1,0,0
S01007588,35 to 49,181,144,124,20,37,19,0,5,12,1
S01007588,50 to 64,198,156,148,8,42,14,0,4,12,12
S01007588,65 to 74,102,81,79,2,21,4,1,0,1,15
S01007588,75 to 84,75,37,36,1,38,7,1,0,2,28
S01007588,85 and over,27,4,4,0,23,3,0,0,0,20
S01007589,All people aged 16 and over in households,674,334,252,82,340,204,6,21,46,63
S01007589,16 to 24,121,38,9,29,83,83,0,0,0,0
S01007589,25 to 34,101,55,27,28,46,40,0,1,3,2
S01007589,35 to 49,152,83,64,19,69,39,3,9,17,1
S01007589,50 to 64,165,89,83,6,76,30,1,9,25,11
S01007589,65 to 74,66,46,46,0,20,3,1,2,1,13
S01007589,75 to 84,47,21,21,0,26,5,1,0,0,20
S01007589,85 and over,22,2,2,0,20,4,0,0,0,16
S01007590,All people aged 16 and over in households,539,360,324,36,179,85,2,13,11,68
S01007590,16 to 24,46,3,1,2,43,43,0,0,0,0
S01007590,25 to 34,36,26,19,7,10,10,0,0,0,0
S01007590,35 to 49,136,109,84,25,27,8,0,12,6,1
S01007590,50 to 64,141,118,116,2,23,14,0,0,5,4
S01007590,65 to 74,90,67,67,0,23,4,1,0,0,18
S01007590,75 to 84,67,34,34,0,33,4,1,0,0,28
S01007590,85 and over,23,3,3,0,20,2,0,1,0,17
S01007591,All people aged 16 and over in households,489,272,206,66,217,130,4,10,36,37
S01007591,16 to 24,72,8,3,5,64,63,1,0,0,0
S01007591,25 to 34,68,34,14,20,34,31,2,0,1,0
S01007591,35 to 49,121,86,65,21,35,18,0,5,11,1
S01007591,50 to 64,142,101,85,16,41,7,1,4,19,10
S01007591,65 to 74,48,33,29,4,15,3,0,0,3,9
S01007591,75 to 84,23,8,8,0,15,4,0,1,2,8
S01007591,85 and over,15,2,2,0,13,4,0,0,0,9
S01007592,All people aged 16 and over in households,580,234,174,60,346,206,8,24,62,46
S01007592,16 to 24,85,17,3,14,68,68,0,0,0,0
S01007592,25 to 34,110,42,23,19,68,63,0,2,3,0
S01007592,35 to 49,147,67,48,19,80,40,3,11,23,3
S01007592,50 to 64,126,64,56,8,62,21,1,7,28,5
S01007592,65 to 74,56,24,24,0,32,4,4,4,7,13
S01007592,75 to 84,39,17,17,0,22,8,0,0,1,13
S01007592,85 and over,17,3,3,0,14,2,0,0,0,12
S01007593,All people aged 16 and over in households,874,594,490,104,280,158,6,16,38,62
S01007593,16 to 24,95,15,0,15,80,80,0,0,0,0
S01007593,25 to 34,104,73,41,32,31,29,0,2,0,0
S01007593,35 to 49,216,172,135,37,44,23,2,6,13,0
S01007593,50 to 64,212,165,148,17,47,20,2,6,10,9
S01007593,65 to 74,148,118,116,2,30,5,1,1,11,12
S01007593,75 to 84,76,46,45,1,30,1,1,1,3,24
S01007593,85 and over,23,5,5,0,18,0,0,0,1,17
S01007594,All people aged 16 and over in households,668,462,404,58,206,123,2,11,19,51
S01007594,16 to 24,72,7,2,5,65,65,0,0,0,0
S01007594,25 to 34,81,50,32,18,31,31,0,0,0,0
S01007594,35 to 49,157,127,110,17,30,13,0,9,6,2
S01007594,50 to 64,216,190,174,16,26,9,0,2,8,7
S01007594,65 to 74,85,64,62,2,21,2,1,0,5,13
S01007594,75 to 84,42,22,22,0,20,3,0,0,0,17
S01007594,85 and over,15,2,2,0,13,0,1,0,0,12
S01007595,All people aged 16 and over in households,828,564,494,70,264,148,6,10,45,55
S01007595,16 to 24,80,9,2,7,71,71,0,0,0,0
S01007595,25 to 34,73,43,24,19,30,30,0,0,0,0
S01007595,35 to 49,204,163,144,19,41,20,3,4,13,1
S01007595,50 to 64,257,205,187,18,52,15,1,5,23,8
S01007595,65 to 74,124,93,86,7,31,7,0,1,7,16
S01007595,75 to 84,77,44,44,0,33,4,2,0,2,25
S01007595,85 and over,13,7,7,0,6,1,0,0,0,5
S01007596,All people aged 16 and over in households,482,294,242,52,188,91,6,9,33,49
S01007596,16 to 24,38,1,0,1,37,37,0,0,0,0
S01007596,25 to 34,36,23,10,13,13,13,0,0,0,0
S01007596,35 to 49,108,72,51,21,36,19,4,3,10,0
S01007596,50 to 64,144,104,90,14,40,8,2,4,16,10
S01007596,65 to 74,89,66,64,2,23,2,0,1,3,17
S01007596,75 to 84,57,26,25,1,31,9,0,1,4,17
S01007596,85 and over,10,2,2,0,8,3,0,0,0,5
S01007597,All people aged 16 and over in households,529,372,316,56,157,104,5,7,17,24
S01007597,16 to 24,69,4,0,4,65,65,0,0,0,0
S01007597,25 to 34,53,33,21,12,20,18,0,1,1,0
S01007597,35 to 49,139,113,96,17,26,10,3,4,8,1
S01007597,50 to 64,157,142,126,16,15,7,1,1,3,3
S01007597,65 to 74,69,59,55,4,10,1,1,1,5,2
S01007597,75 to 84,33,18,15,3,15,3,0,0,0,12
S01007597,85 and over,9,3,3,0,6,0,0,0,0,6
S01007598,All people aged 16 and over in households,541,368,322,46,173,106,4,11,23,29
S01007598,16 to 24,73,11,3,8,62,61,1,0,0,0
S01007598,25 to 34,44,20,12,8,24,22,1,0,1,0
S01007598,35 to 49,123,92,74,18,31,13,1,7,9,1
S01007598,50 to 64,167,142,132,10,25,7,1,2,9,6
S01007598,65 to 74,87,76,74,2,11,1,0,1,2,7
S01007598,75 to 84,34,21,21,0,13,1,0,1,2,9
S01007598,85 and over,13,6,6,0,7,1,0,0,0,6
S01007599,All people aged 16 and over in households,665,416,352,64,249,163,6,15,35,30
S01007599,16 to 24,68,4,2,2,64,64,0,0,0,0
S01007599,25 to 34,106,70,47,23,36,32,1,1,2,0
S01007599,35 to 49,180,116,91,25,64,40,4,8,12,0
S01007599,50 to 64,190,148,136,12,42,18,0,4,15,5
S01007599,65 to 74,68,53,53,0,15,3,1,0,4,7
S01007599,75 to 84,40,22,20,2,18,4,0,2,0,12
S01007599,85 and over,13,3,3,0,10,2,0,0,2,6
S01007600,All people aged 16 and over in households,867,518,428,90,349,163,6,13,67,100
S01007600,16 to 24,99,24,1,23,75,73,1,0,1,0
S01007600,25 to 34,64,40,25,15,24,22,0,2,0,0
S01007600,35 to 49,236,179,143,36,57,30,2,5,17,3
S01007600,50 to 64,227,160,146,14,67,22,3,4,25,13
S01007600,65 to 74,119,77,75,2,42,5,0,2,14,21
S01007600,75 to 84,91,29,29,0,62,7,0,0,8,47
S01007600,85 and over,31,9,9,0,22,4,0,0,2,16
S01007601,All people aged 16 and over in households,526,302,234,68,224,148,4,21,37,14
S01007601,16 to 24,75,18,4,14,57,57,0,0,0,0
S01007601,25 to 34,124,62,33,29,62,54,2,5,1,0
S01007601,35 to 49,145,93,79,14,52,25,1,8,18,0
S01007601,50 to 64,127,92,83,9,35,12,0,7,13,3
S01007601,65 to 74,32,23,23,0,9,0,1,1,4,3
S01007601,75 to 84,19,11,9,2,8,0,0,0,1,7
S01007601,85 and over,4,3,3,0,1,0,0,0,0,1
S01007602,All people aged 16 and over in households,528,360,298,62,168,105,2,10,19,32
S01007602,16 to 24,62,8,1,7,54,54,0,0,0,0
S01007602,25 to 34,84,48,27,21,36,31,0,4,1,0
S01007602,35 to 49,118,99,75,24,19,7,2,4,5,1
S01007602,50 to 64,202,170,162,8,32,11,0,2,10,9
S01007602,65 to 74,35,28,27,1,7,1,0,0,1,5
S01007602,75 to 84,22,7,6,1,15,1,0,0,2,12
S01007602,85 and over,5,0,0,0,5,0,0,0,0,5
S01007603,All people aged 16 and over in households,646,470,402,68,176,133,3,5,14,21
S01007603,16 to 24,88,12,2,10,76,76,0,0,0,0
S01007603,25 to 34,88,54,34,20,34,33,1,0,0,0
S01007603,35 to 49,175,147,124,23,28,19,1,3,4,1
S01007603,50 to 64,217,202,191,11,15,2,0,1,8,4
S01007603,65 to 74,48,38,37,1,10,2,1,1,0,6
S01007603,75 to 84,26,15,13,2,11,1,0,0,2,8
S01007603,85 and over,4,2,1,1,2,0,0,0,0,2
S01007604,All people aged 16 and over in households,760,532,474,58,228,131,5,9,24,59
S01007604,16 to 24,78,5,1,4,73,73,0,0,0,0
S01007604,25 to 34,72,44,29,15,28,24,2,0,2,0
S01007604,35 to 49,179,155,135,20,24,15,1,1,7,0
S01007604,50 to 64,238,199,187,12,39,10,2,6,9,12
S01007604,65 to 74,99,76,72,4,23,4,0,2,6,11
S01007604,75 to 84,77,51,48,3,26,2,0,0,0,24
S01007604,85 and over,17,2,2,0,15,3,0,0,0,12
S01007605,All people aged 16 and over in households,713,500,412,88,213,121,5,13,25,49
S01007605,16 to 24,81,14,4,10,67,67,0,0,0,0
S01007605,25 to 34,85,57,29,28,28,23,1,4,0,0
S01007605,35 to 49,182,154,126,28,28,15,2,3,7,1
S01007605,50 to 64,181,153,136,17,28,7,0,3,13,5
S01007605,65 to 74,111,78,76,2,33,8,1,2,4,18
S01007605,75 to 84,64,39,37,2,25,0,1,1,1,22
S01007605,85 and over,9,5,4,1,4,1,0,0,0,3
S01007606,All people aged 16 and over in households,522,294,238,56,228,132,5,9,35,47
S01007606,16 to 24,56,9,1,8,47,47,0,0,0,0
S01007606,25 to 34,73,37,21,16,36,35,0,1,0,0
S01007606,35 to 49,129,81,60,21,48,28,1,5,14,0
S01007606,50 to 64,143,102,91,11,41,13,3,3,15,7
S01007606,65 to 74,70,49,49,0,21,5,1,0,6,9
S01007606,75 to 84,29,12,12,0,17,2,0,0,0,15
S01007606,85 and over,22,4,4,0,18,2,0,0,0,16
S01007607,All people aged 16 and over in households,590,418,378,40,172,101,1,7,27,36
S01007607,16 to 24,67,9,1,8,58,58,0,0,0,0
S01007607,25 to 34,64,39,20,19,25,23,0,1,1,0
S01007607,35 to 49,160,139,132,7,21,10,1,2,7,1
S01007607,50 to 64,162,134,129,5,28,4,0,4,11,9
S01007607,65 to 74,83,68,67,1,15,2,0,0,3,10
S01007607,75 to 84,35,19,19,0,16,3,0,0,4,9
S01007607,85 and over,19,10,10,0,9,1,0,0,1,7
S01007608,All people aged 16 and over in households,627,412,358,54,215,121,3,18,22,51
S01007608,16 to 24,88,10,0,10,78,78,0,0,0,0
S01007608,25 to 34,67,39,22,17,28,26,0,1,1,0
S01007608,35 to 49,152,125,107,18,27,8,1,10,8,0
S01007608,50 to 64,180,149,143,6,31,9,0,6,9,7
S01007608,65 to 74,79,59,58,1,20,0,1,1,3,15
S01007608,75 to 84,52,28,26,2,24,0,0,0,1,23
S01007608,85 and over,9,2,2,0,7,0,1,0,0,6
S01007609,All people aged 16 and over in households,738,380,270,110,358,212,6,17,73,50
S01007609,16 to 24,95,26,4,22,69,67,1,0,0,1
S01007609,25 to 34,120,59,26,33,61,55,1,3,2,0
S01007609,35 to 49,195,112,77,35,83,50,1,8,23,1
S01007609,50 to 64,187,110,95,15,77,25,3,6,33,10
S01007609,65 to 74,86,56,52,4,30,5,0,0,13,12
S01007609,75 to 84,41,16,15,1,25,8,0,0,1,16
S01007609,85 and over,14,1,1,0,13,2,0,0,1,10
S01007610,All people aged 16 and over in households,391,186,132,54,205,111,4,13,44,33
S01007610,16 to 24,58,15,1,14,43,42,0,1,0,0
S01007610,25 to 34,57,28,13,15,29,27,0,0,2,0
S01007610,35 to 49,99,47,28,19,52,29,2,6,15,0
S01007610,50 to 64,89,52,47,5,37,8,1,5,17,6
S01007610,65 to 74,44,30,29,1,14,3,1,0,5,5
S01007610,75 to 84,35,14,14,0,21,1,0,1,5,14
S01007610,85 and over,9,0,0,0,9,1,0,0,0,8
S01007611,All people aged 16 and over in households,795,334,210,124,461,252,14,28,74,93
S01007611,16 to 24,115,37,8,29,78,78,0,0,0,0
S01007611,25 to 34,116,62,20,42,54,49,1,4,0,0
S01007611,35 to 49,174,77,47,30,97,69,3,8,16,1
S01007611,50 to 64,170,80,62,18,90,34,5,12,29,10
S01007611,65 to 74,108,56,53,3,52,8,1,1,23,19
S01007611,75 to 84,78,20,18,2,58,10,4,3,5,36
S01007611,85 and over,34,2,2,0,32,4,0,0,1,27
S01007612,All people aged 16 and over in households,931,328,214,114,603,390,14,34,102,63
S01007612,16 to 24,190,39,3,36,151,147,1,1,2,0
S01007612,25 to 34,173,60,22,38,113,104,1,5,3,0
S01007612,35 to 49,241,106,79,27,135,86,5,13,29,2
S01007612,50 to 64,174,75,62,13,99,34,1,10,45,9
S01007612,65 to 74,76,30,30,0,46,6,2,4,16,18
S01007612,75 to 84,54,16,16,0,38,7,3,1,6,21
S01007612,85 and over,23,2,2,0,21,6,1,0,1,13
S01007613,All people aged 16 and over in households,629,382,296,86,247,156,3,15,25,48
S01007613,16 to 24,109,22,0,22,87,86,0,1,0,0
S01007613,25 to 34,60,28,11,17,32,28,2,1,1,0
S01007613,35 to 49,162,126,103,23,36,24,0,5,7,0
S01007613,50 to 64,165,127,105,22,38,12,0,7,13,6
S01007613,65 to 74,70,51,49,2,19,2,1,1,3,12
S01007613,75 to 84,45,19,19,0,26,3,0,0,1,22
S01007613,85 and over,18,9,9,0,9,1,0,0,0,8
S01007614,All people aged 16 and over in households,694,494,434,60,200,105,5,10,33,47
S01007614,16 to 24,64,4,1,3,60,60,0,0,0,0
S01007614,25 to 34,48,36,21,15,12,12,0,0,0,0
S01007614,35 to 49,228,187,161,26,41,19,3,6,13,0
S01007614,50 to 64,171,145,131,14,26,5,0,3,14,4
S01007614,65 to 74,107,79,79,0,28,4,2,1,6,15
S01007614,75 to 84,57,37,35,2,20,4,0,0,0,16
S01007614,85 and over,19,6,6,0,13,1,0,0,0,12
S01007615,All people aged 16 and over in households,873,510,416,94,363,202,5,22,60,74
S01007615,16 to 24,95,23,5,18,72,72,0,0,0,0
S01007615,25 to 34,132,76,39,37,56,50,1,4,1,0
S01007615,35 to 49,237,167,147,20,70,34,1,9,23,3
S01007615,50 to 64,205,138,122,16,67,23,2,5,23,14
S01007615,65 to 74,109,67,66,1,42,11,1,4,12,14
S01007615,75 to 84,74,39,37,2,35,8,0,0,1,26
S01007615,85 and over,21,0,0,0,21,4,0,0,0,17
S01007616,All people aged 16 and over in households,610,306,200,106,304,175,3,13,56,57
S01007616,16 to 24,81,22,4,18,59,59,0,0,0,0
S01007616,25 to 34,109,64,25,39,45,42,0,2,1,0
S01007616,35 to 49,161,95,58,37,66,35,1,7,21,2
S01007616,50 to 64,125,69,61,8,56,23,1,2,24,6
S01007616,65 to 74,66,35,31,4,31,8,1,0,6,16
S01007616,75 to 84,52,19,19,0,33,5,0,2,4,22
S01007616,85 and over,16,2,2,0,14,3,0,0,0,11
S01007617,All people aged 16 and over in households,441,272,208,64,169,98,2,5,24,40
S01007617,16 to 24,53,11,1,10,42,42,0,0,0,0
S01007617,25 to 34,69,41,16,25,28,25,1,2,0,0
S01007617,35 to 49,109,73,54,19,36,23,1,1,10,1
S01007617,50 to 64,97,77,68,9,20,5,0,1,7,7
S01007617,65 to 74,73,53,52,1,20,1,0,1,5,13
S01007617,75 to 84,36,17,17,0,19,2,0,0,2,15
S01007617,85 and over,4,0,0,0,4,0,0,0,0,4
S01007618,All people aged 16 and over in households,517,288,234,54,229,97,6,14,34,78
S01007618,16 to 24,66,7,0,7,59,59,0,0,0,0
S01007618,25 to 34,57,43,25,18,14,9,1,3,1,0
S01007618,35 to 49,122,91,70,21,31,13,2,5,11,0
S01007618,50 to 64,96,69,62,7,27,7,0,4,10,6
S01007618,65 to 74,77,53,52,1,24,3,0,2,5,14
S01007618,75 to 84,70,22,22,0,48,5,2,0,5,36
S01007618,85 and over,29,3,3,0,26,1,1,0,2,22
S01007619,All people aged 16 and over in households,517,310,246,64,207,115,3,4,33,52
S01007619,16 to 24,75,10,0,10,65,65,0,0,0,0
S01007619,25 to 34,62,41,13,28,21,20,0,0,1,0
S01007619,35 to 49,119,88,68,20,31,13,0,2,16,0
S01007619,50 to 64,143,106,100,6,37,14,0,2,12,9
S01007619,65 to 74,56,35,35,0,21,2,0,0,1,18
S01007619,75 to 84,55,29,29,0,26,0,3,0,3,20
S01007619,85 and over,7,1,1,0,6,1,0,0,0,5
S01007620,All people aged 16 and over in households,507,352,296,56,155,90,1,6,18,40
S01007620,16 to 24,49,11,0,11,38,38,0,0,0,0
S01007620,25 to 34,68,42,25,17,26,23,0,3,0,0
S01007620,35 to 49,116,95,78,17,21,14,0,0,6,1
S01007620,50 to 64,129,103,94,9,26,8,1,3,7,7
S01007620,65 to 74,97,72,70,2,25,2,0,0,4,19
S01007620,75 to 84,38,24,24,0,14,4,0,0,1,9
S01007620,85 and over,10,5,5,0,5,1,0,0,0,4
S01007621,All people aged 16 and over in households,558,380,324,56,178,96,1,8,23,50
S01007621,16 to 24,56,5,2,3,51,51,0,0,0,0
S01007621,25 to 34,75,53,27,26,22,20,0,1,1,0
S01007621,35 to 49,118,93,78,15,25,11,1,4,8,1
S01007621,50 to 64,143,122,111,11,21,7,0,1,8,5
S01007621,65 to 74,81,60,59,1,21,3,0,2,5,11
S01007621,75 to 84,64,40,40,0,24,3,0,0,1,20
S01007621,85 and over,21,7,7,0,14,1,0,0,0,13
S01007622,All people aged 16 and over in households,471,284,220,64,187,99,0,10,27,51
S01007622,16 to 24,50,7,2,5,43,42,0,1,0,0
S01007622,25 to 34,64,38,16,22,26,22,0,3,1,0
S01007622,35 to 49,118,82,59,23,36,19,0,5,10,2
S01007622,50 to 64,110,88,79,9,22,8,0,0,10,4
S01007622,65 to 74,71,51,47,4,20,7,0,1,1,11
S01007622,75 to 84,39,16,15,1,23,1,0,0,4,18
S01007622,85 and over,19,2,2,0,17,0,0,0,1,16
S01007623,All people aged 16 and over in households,510,362,316,46,148,91,0,5,16,36
S01007623,16 to 24,68,6,0,6,62,62,0,0,0,0
S01007623,25 to 34,36,18,8,10,18,13,0,2,3,0
S01007623,35 to 49,152,136,113,23,16,7,0,1,5,3
S01007623,50 to 64,130,114,108,6,16,4,0,2,5,5
S01007623,65 to 74,77,63,62,1,14,1,0,0,2,11
S01007623,75 to 84,40,23,23,0,17,3,0,0,1,13
S01007623,85 and over,7,2,2,0,5,1,0,0,0,4
S01007624,All people aged 16 and over in households,539,370,296,74,169,108,1,9,20,31
S01007624,16 to 24,75,9,2,7,66,66,0,0,0,0
S01007624,25 to 34,84,60,37,23,24,23,0,1,0,0
S01007624,35 to 49,165,140,114,26,25,13,0,5,6,1
S01007624,50 to 64,135,107,89,18,28,4,0,3,13,8
S01007624,65 to 74,47,37,37,0,10,1,1,0,1,7
S01007624,75 to 84,27,15,15,0,12,1,0,0,0,11
S01007624,85 and over,6,2,2,0,4,0,0,0,0,4
S01007625,All people aged 16 and over in households,431,286,232,54,145,77,2,7,26,33
S01007625,16 to 24,61,15,2,13,46,46,0,0,0,0
S01007625,25 to 34,44,31,15,16,13,11,1,1,0,0
S01007625,35 to 49,111,84,74,10,27,13,0,4,10,0
S01007625,50 to 64,120,101,88,13,19,5,1,1,8,4
S01007625,65 to 74,48,36,36,0,12,1,0,1,6,4
S01007625,75 to 84,40,17,16,1,23,1,0,0,1,21
S01007625,85 and over,7,2,1,1,5,0,0,0,1,4
S01007626,All people aged 16 and over in households,501,356,278,78,145,92,2,5,29,17
S01007626,16 to 24,64,16,6,10,48,48,0,0,0,0
S01007626,25 to 34,92,67,42,25,25,24,0,0,1,0
S01007626,35 to 49,198,166,136,30,32,16,1,4,10,1
S01007626,50 to 64,88,67,54,13,21,3,0,1,16,1
S01007626,65 to 74,34,22,22,0,12,1,1,0,2,8
S01007626,75 to 84,25,18,18,0,7,0,0,0,0,7
S01007626,85 and over,0,0,0,0,0,0,0,0,0,0
S01007627,All people aged 16 and over in households,445,294,216,78,151,79,3,5,19,45
S01007627,16 to 24,53,17,0,17,36,36,0,0,0,0
S01007627,25 to 34,89,70,36,34,19,18,0,1,0,0
S01007627,35 to 49,135,105,87,18,30,14,1,3,12,0
S01007627,50 to 64,66,55,49,6,11,2,1,1,3,4
S01007627,65 to 74,50,33,32,1,17,5,1,0,3,8
S01007627,75 to 84,32,12,10,2,20,2,0,0,0,18
S01007627,85 and over,20,2,2,0,18,2,0,0,1,15
S01007628,All people aged 16 and over in households,601,430,376,54,171,96,4,7,19,45
S01007628,16 to 24,55,8,0,8,47,47,0,0,0,0
S01007628,25 to 34,41,27,8,19,14,13,0,1,0,0
S01007628,35 to 49,149,126,109,17,23,14,0,2,7,0
S01007628,50 to 64,161,131,122,9,30,13,1,3,8,5
S01007628,65 to 74,93,75,74,1,18,1,3,0,4,10
S01007628,75 to 84,84,55,55,0,29,4,0,0,0,25
S01007628,85 and over,18,8,8,0,10,4,0,1,0,5
S01007629,All people aged 16 and over in households,575,402,350,52,173,95,6,11,24,37
S01007629,16 to 24,67,9,0,9,58,58,0,0,0,0
S01007629,25 to 34,52,33,21,12,19,14,1,3,1,0
S01007629,35 to 49,178,147,124,23,31,11,3,7,10,0
S01007629,50 to 64,126,108,101,7,18,5,1,1,6,5
S01007629,65 to 74,101,80,79,1,21,2,0,0,6,13
S01007629,75 to 84,45,24,24,0,21,5,1,0,1,14
S01007629,85 and over,6,1,1,0,5,0,0,0,0,5
S01007630,All people aged 16 and over in households,692,474,402,72,218,129,3,8,28,50
S01007630,16 to 24,81,2,0,2,79,79,0,0,0,0
S01007630,25 to 34,53,31,22,9,22,22,0,0,0,0
S01007630,35 to 49,198,170,132,38,28,13,0,2,10,3
S01007630,50 to 64,216,176,157,19,40,14,2,4,14,6
S01007630,65 to 74,100,72,68,4,28,1,0,2,3,22
S01007630,75 to 84,40,22,22,0,18,0,1,0,1,16
S01007630,85 and over,4,1,1,0,3,0,0,0,0,3
S01007631,All people aged 16 and over in households,517,374,334,40,143,71,0,8,27,37
S01007631,16 to 24,36,8,2,6,28,28,0,0,0,0
S01007631,25 to 34,41,24,21,3,17,16,0,0,1,0
S01007631,35 to 49,124,104,89,15,20,6,0,4,10,0
S01007631,50 to 64,181,150,140,10,31,10,0,3,13,5
S01007631,65 to 74,66,50,46,4,16,7,0,1,2,6
S01007631,75 to 84,55,38,36,2,17,4,0,0,1,12
S01007631,85 and over,14,0,0,0,14,0,0,0,0,14
S01007632,All people aged 16 and over in households,798,496,408,88,302,177,3,12,45,65
S01007632,16 to 24,91,14,2,12,77,77,0,0,0,0
S01007632,25 to 34,98,53,22,31,45,43,0,1,1,0
S01007632,35 to 49,210,153,125,28,57,30,0,5,22,0
S01007632,50 to 64,196,156,145,11,40,14,0,4,15,7
S01007632,65 to 74,108,80,77,3,28,3,0,2,6,17
S01007632,75 to 84,79,35,32,3,44,7,3,0,1,33
S01007632,85 and over,16,5,5,0,11,3,0,0,0,8
S01007633,All people aged 16 and over in households,822,542,446,96,280,152,3,14,35,76
S01007633,16 to 24,94,13,1,12,81,81,0,0,0,0
S01007633,25 to 34,79,53,25,28,26,25,0,1,0,0
S01007633,35 to 49,185,134,114,20,51,27,1,8,14,1
S01007633,50 to 64,243,204,171,33,39,9,2,5,14,9
S01007633,65 to 74,116,81,80,1,35,5,0,0,5,25
S01007633,75 to 84,85,50,48,2,35,3,0,0,1,31
S01007633,85 and over,20,7,7,0,13,2,0,0,1,10
S01007634,All people aged 16 and over in households,485,326,284,42,159,102,4,6,20,27
S01007634,16 to 24,59,8,3,5,51,51,0,0,0,0
S01007634,25 to 34,37,17,10,7,20,19,0,0,1,0
S01007634,35 to 49,130,101,88,13,29,16,2,3,8,0
S01007634,50 to 64,142,124,111,13,18,8,0,0,8,2
S01007634,65 to 74,65,48,44,4,17,2,0,1,3,11
S01007634,75 to 84,43,27,27,0,16,3,2,1,0,10
S01007634,85 and over,9,1,1,0,8,3,0,1,0,4
S01007635,All people aged 16 and over in households,603,388,370,18,215,105,7,5,24,74
S01007635,16 to 24,53,2,0,2,51,51,0,0,0,0
S01007635,25 to 34,46,27,20,7,19,17,0,1,1,0
S01007635,35 to 49,92,69,65,4,23,15,1,2,4,1
S01007635,50 to 64,159,124,119,5,35,11,4,1,11,8
S01007635,65 to 74,124,98,98,0,26,6,0,0,5,15
S01007635,75 to 84,94,61,61,0,33,4,2,1,1,25
S01007635,85 and over,35,7,7,0,28,1,0,0,2,25
S01007636,All people aged 16 and over in households,704,388,296,92,316,158,5,9,55,89
S01007636,16 to 24,88,29,5,24,59,59,0,0,0,0
S01007636,25 to 34,81,41,15,26,40,33,1,0,6,0
S01007636,35 to 49,143,98,68,30,45,25,1,4,14,1
S01007636,50 to 64,169,111,102,9,58,17,1,5,25,10
S01007636,65 to 74,104,64,63,1,40,13,2,0,7,18
S01007636,75 to 84,82,40,38,2,42,5,0,0,3,34
S01007636,85 and over,37,5,5,0,32,6,0,0,0,26
S01007637,All people aged 16 and over in households,703,412,306,106,291,154,5,11,56,65
S01007637,16 to 24,70,20,5,15,50,50,0,0,0,0
S01007637,25 to 34,95,58,20,38,37,35,1,1,0,0
S01007637,35 to 49,158,107,82,25,51,33,0,6,12,0
S01007637,50 to 64,193,134,110,24,59,21,2,4,28,4
S01007637,65 to 74,95,60,56,4,35,6,0,0,10,19
S01007637,75 to 84,68,28,28,0,40,8,1,0,4,27
S01007637,85 and over,24,5,5,0,19,1,1,0,2,15
S01007638,All people aged 16 and over in households,653,370,288,82,283,154,1,20,45,63
S01007638,16 to 24,78,17,3,14,61,61,0,0,0,0
S01007638,25 to 34,98,57,27,30,41,40,0,1,0,0
S01007638,35 to 49,153,103,73,30,50,30,1,12,7,0
S01007638,50 to 64,152,99,91,8,53,13,0,4,25,11
S01007638,65 to 74,84,53,53,0,31,7,0,1,9,14
S01007638,75 to 84,67,35,35,0,32,2,0,2,3,25
S01007638,85 and over,21,6,6,0,15,1,0,0,1,13
S01007639,All people aged 16 and over in households,846,518,382,136,328,210,4,17,54,43
S01007639,16 to 24,111,17,3,14,94,94,0,0,0,0
S01007639,25 to 34,133,75,33,42,58,56,0,1,1,0
S01007639,35 to 49,253,175,114,61,78,36,2,10,26,4
S01007639,50 to 64,192,144,130,14,48,14,1,3,25,5
S01007639,65 to 74,93,74,70,4,19,4,1,3,1,10
S01007639,75 to 84,47,30,29,1,17,4,0,0,1,12
S01007639,85 and over,17,3,3,0,14,2,0,0,0,12
S01007640,All people aged 16 and over in households,600,429,342,87,171,121,4,7,17,22
S01007640,16 to 24,65,13,3,10,52,51,1,0,0,0
S01007640,25 to 34,76,47,29,18,29,27,0,1,0,1
S01007640,35 to 49,155,116,96,20,39,27,1,3,7,1
S01007640,50 to 64,179,158,123,35,21,8,0,3,5,5
S01007640,65 to 74,80,69,69,0,11,2,0,0,3,6
S01007640,75 to 84,37,25,21,4,12,4,2,0,2,4
S01007640,85 and over,8,1,1,0,7,2,0,0,0,5
S01007641,All people aged 16 and over in households,677,446,352,94,231,131,7,15,33,45
S01007641,16 to 24,65,6,0,6,59,59,0,0,0,0
S01007641,25 to 34,88,56,24,32,32,31,0,1,0,0
S01007641,35 to 49,167,131,96,35,36,17,1,9,9,0
S01007641,50 to 64,189,145,131,14,44,13,4,3,18,6
S01007641,65 to 74,96,78,71,7,18,3,0,1,3,11
S01007641,75 to 84,54,26,26,0,28,4,1,1,1,21
S01007641,85 and over,18,4,4,0,14,4,1,0,2,7
S01007642,All people aged 16 and over in households,679,398,340,58,281,123,8,15,47,88
S01007642,16 to 24,59,11,1,10,48,48,0,0,0,0
S01007642,25 to 34,53,30,12,18,23,22,0,0,1,0
S01007642,35 to 49,152,99,82,17,53,26,4,6,15,2
S01007642,50 to 64,186,148,140,8,38,5,2,8,19,4
S01007642,65 to 74,106,72,67,5,34,10,1,1,5,17
S01007642,75 to 84,70,27,27,0,43,7,0,0,5,31
S01007642,85 and over,53,11,11,0,42,5,1,0,2,34
S01007643,All people aged 16 and over in households,757,436,386,50,321,175,3,16,41,86
S01007643,16 to 24,91,10,2,8,81,81,0,0,0,0
S01007643,25 to 34,69,36,24,12,33,32,0,0,1,0
S01007643,35 to 49,173,112,96,16,61,36,2,8,13,2
S01007643,50 to 64,207,162,152,10,45,13,0,4,16,12
S01007643,65 to 74,119,77,74,3,42,9,0,3,9,21
S01007643,75 to 84,81,35,35,0,46,4,1,1,2,38
S01007643,85 and over,17,4,3,1,13,0,0,0,0,13
S01007644,All people aged 16 and over in households,698,440,388,52,258,145,2,9,45,57
S01007644,16 to 24,71,2,1,1,69,69,0,0,0,0
S01007644,25 to 34,56,28,16,12,28,25,0,0,3,0
S01007644,35 to 49,151,106,92,14,45,26,1,4,14,0
S01007644,50 to 64,197,157,143,14,40,10,0,5,18,7
S01007644,65 to 74,137,104,95,9,33,9,0,0,6,18
S01007644,75 to 84,68,37,35,2,31,4,1,0,4,22
S01007644,85 and over,18,6,6,0,12,2,0,0,0,10
S01007645,All people aged 16 and over in households,449,322,278,44,127,76,2,9,19,21
S01007645,16 to 24,51,15,2,13,36,36,0,0,0,0
S01007645,25 to 34,31,20,13,7,11,11,0,0,0,0
S01007645,35 to 49,107,85,75,10,22,16,0,3,3,0
S01007645,50 to 64,147,113,103,10,34,11,2,5,13,3
S01007645,65 to 74,82,75,71,4,7,2,0,1,1,3
S01007645,75 to 84,25,10,10,0,15,0,0,0,2,13
S01007645,85 and over,6,4,4,0,2,0,0,0,0,2
S01007646,All people aged 16 and over in households,483,318,270,48,165,92,1,6,35,31
S01007646,16 to 24,49,5,1,4,44,44,0,0,0,0
S01007646,25 to 34,51,38,21,17,13,11,0,0,2,0
S01007646,35 to 49,112,80,71,9,32,20,1,3,8,0
S01007646,50 to 64,157,114,101,13,43,15,0,1,23,4
S01007646,65 to 74,62,46,42,4,16,1,0,2,0,13
S01007646,75 to 84,48,33,32,1,15,1,0,0,2,12
S01007646,85 and over,4,2,2,0,2,0,0,0,0,2
S01007647,All people aged 16 and over in households,620,364,300,64,256,138,1,10,50,57
S01007647,16 to 24,63,5,1,4,58,58,0,0,0,0
S01007647,25 to 34,54,26,13,13,28,28,0,0,0,0
S01007647,35 to 49,151,112,80,32,39,25,1,3,9,1
S01007647,50 to 64,163,106,93,13,57,19,0,4,25,9
S01007647,65 to 74,105,77,76,1,28,3,0,1,11,13
S01007647,75 to 84,61,27,26,1,34,3,0,2,5,24
S01007647,85 and over,23,11,11,0,12,2,0,0,0,10
S01007648,All people aged 16 and over in households,743,456,374,82,287,140,7,19,51,70
S01007648,16 to 24,64,12,1,11,52,52,0,0,0,0
S01007648,25 to 34,88,49,21,28,39,38,0,0,0,1
S01007648,35 to 49,182,128,99,29,54,21,1,12,20,0
S01007648,50 to 64,191,133,123,10,58,18,2,5,25,8
S01007648,65 to 74,115,89,86,3,26,7,1,2,5,11
S01007648,75 to 84,77,41,40,1,36,2,3,0,1,30
S01007648,85 and over,26,4,4,0,22,2,0,0,0,20
S01007649,All people aged 16 and over in households,608,386,318,68,222,130,2,8,30,52
S01007649,16 to 24,61,9,0,9,52,52,0,0,0,0
S01007649,25 to 34,63,37,17,20,26,25,0,0,1,0
S01007649,35 to 49,162,117,95,22,45,28,0,5,11,1
S01007649,50 to 64,173,142,130,12,31,14,0,2,9,6
S01007649,65 to 74,98,67,63,4,31,7,1,0,7,16
S01007649,75 to 84,33,14,13,1,19,4,1,1,0,13
S01007649,85 and over,18,0,0,0,18,0,0,0,2,16
S01007650,All people aged 16 and over in households,823,530,464,66,293,164,4,19,37,69
S01007650,16 to 24,84,8,0,8,76,76,0,0,0,0
S01007650,25 to 34,63,34,21,13,29,28,0,1,0,0
S01007650,35 to 49,186,143,124,19,43,24,2,7,7,3
S01007650,50 to 64,257,194,175,19,63,24,1,8,19,11
S01007650,65 to 74,119,90,87,3,29,8,1,0,4,16
S01007650,75 to 84,82,48,45,3,34,2,0,2,7,23
S01007650,85 and over,32,13,12,1,19,2,0,1,0,16
S01007651,All people aged 16 and over in households,475,330,274,56,145,88,4,10,12,31
S01007651,16 to 24,62,7,0,7,55,55,0,0,0,0
S01007651,25 to 34,46,32,20,12,14,13,0,1,0,0
S01007651,35 to 49,130,103,85,18,27,14,2,2,7,2
S01007651,50 to 64,127,111,97,14,16,1,1,6,3,5
S01007651,65 to 74,63,50,47,3,13,4,0,1,0,8
S01007651,75 to 84,39,26,24,2,13,1,1,0,2,9
S01007651,85 and over,8,1,1,0,7,0,0,0,0,7
S01007652,All people aged 16 and over in households,480,316,270,46,164,97,1,3,25,38
S01007652,16 to 24,52,3,1,2,49,49,0,0,0,0
S01007652,25 to 34,49,26,13,13,23,22,0,1,0,0
S01007652,35 to 49,115,98,77,21,17,9,0,1,6,1
S01007652,50 to 64,127,102,93,9,25,7,0,1,11,6
S01007652,65 to 74,81,60,59,1,21,6,0,0,6,9
S01007652,75 to 84,47,26,26,0,21,4,1,0,2,14
S01007652,85 and over,9,1,1,0,8,0,0,0,0,8
S01007653,All people aged 16 and over in households,758,487,404,83,271,154,5,11,37,64
S01007653,16 to 24,92,9,2,7,83,83,0,0,0,0
S01007653,25 to 34,74,44,26,18,30,24,1,3,2,0
S01007653,35 to 49,187,142,110,32,45,28,1,4,11,1
S01007653,50 to 64,229,185,162,23,44,12,1,4,16,11
S01007653,65 to 74,108,84,81,3,24,3,0,0,5,16
S01007653,75 to 84,49,19,19,0,30,3,1,0,1,25
S01007653,85 and over,19,4,4,0,15,1,1,0,2,11
S01007654,All people aged 16 and over in households,853,518,444,74,335,199,2,26,57,51
S01007654,16 to 24,113,9,1,8,104,103,0,1,0,0
S01007654,25 to 34,89,48,27,21,41,34,2,4,1,0
S01007654,35 to 49,227,169,148,21,58,31,0,13,14,0
S01007654,50 to 64,221,164,149,15,57,19,0,6,26,6
S01007654,65 to 74,132,97,91,6,35,9,0,1,12,13
S01007654,75 to 84,50,20,17,3,30,3,0,1,3,23
S01007654,85 and over,21,11,11,0,10,0,0,0,1,9
S01007655,All people aged 16 and over in households,663,466,390,76,197,106,3,14,32,42
S01007655,16 to 24,44,1,0,1,43,43,0,0,0,0
S01007655,25 to 34,60,39,23,16,21,21,0,0,0,0
S01007655,35 to 49,166,135,97,38,31,17,1,6,7,0
S01007655,50 to 64,224,173,160,13,51,19,1,8,18,5
S01007655,65 to 74,119,90,84,6,29,5,1,0,7,16
S01007655,75 to 84,38,26,24,2,12,0,0,0,0,12
S01007655,85 and over,12,2,2,0,10,1,0,0,0,9
S01007656,All people aged 16 and over in households,713,498,422,76,215,136,3,8,23,45
S01007656,16 to 24,81,13,0,13,68,68,0,0,0,0
S01007656,25 to 34,63,39,20,19,24,23,0,0,1,0
S01007656,35 to 49,185,146,121,25,39,25,1,5,8,0
S01007656,50 to 64,209,181,166,15,28,8,1,2,9,8
S01007656,65 to 74,122,94,92,2,28,8,0,1,5,14
S01007656,75 to 84,44,22,20,2,22,3,1,0,0,18
S01007656,85 and over,9,3,3,0,6,1,0,0,0,5
S01007657,All people aged 16 and over in households,354,238,198,40,116,62,3,9,22,20
S01007657,16 to 24,43,4,0,4,39,39,0,0,0,0
S01007657,25 to 34,37,24,18,6,13,10,1,2,0,0
S01007657,35 to 49,91,69,51,18,22,8,0,3,10,1
S01007657,50 to 64,117,94,83,11,23,3,1,4,11,4
S01007657,65 to 74,42,34,33,1,8,1,0,0,1,6
S01007657,75 to 84,22,11,11,0,11,1,1,0,0,9
S01007657,85 and over,2,2,2,0,0,0,0,0,0,0
S01007658,All people aged 16 and over in households,427,268,224,44,159,74,3,10,29,43
S01007658,16 to 24,48,7,2,5,41,40,1,0,0,0
S01007658,25 to 34,32,15,8,7,17,14,0,3,0,0
S01007658,35 to 49,106,84,68,16,22,5,1,2,13,1
S01007658,50 to 64,119,87,74,13,32,12,0,5,14,1
S01007658,65 to 74,75,58,56,2,17,2,0,0,2,13
S01007658,75 to 84,30,16,15,1,14,0,0,0,0,14
S01007658,85 and over,17,1,1,0,16,1,1,0,0,14
S01007659,All people aged 16 and over in households,667,430,348,82,237,122,8,14,36,57
S01007659,16 to 24,61,6,0,6,55,55,0,0,0,0
S01007659,25 to 34,69,43,24,19,26,24,2,0,0,0
S01007659,35 to 49,179,135,96,39,44,20,2,10,12,0
S01007659,50 to 64,164,121,111,10,43,14,3,2,13,11
S01007659,65 to 74,112,79,73,6,33,5,0,1,8,19
S01007659,75 to 84,66,43,41,2,23,4,0,1,3,15
S01007659,85 and over,16,3,3,0,13,0,1,0,0,12
S01007660,All people aged 16 and over in households,680,386,258,128,294,146,7,29,64,48
S01007660,16 to 24,90,28,2,26,62,59,1,2,0,0
S01007660,25 to 34,132,92,33,59,40,35,1,3,1,0
S01007660,35 to 49,163,100,74,26,63,26,1,14,20,2
S01007660,50 to 64,191,112,98,14,79,18,3,8,34,16
S01007660,65 to 74,58,34,31,3,24,6,0,0,8,10
S01007660,75 to 84,30,15,15,0,15,1,0,2,1,11
S01007660,85 and over,16,5,5,0,11,1,1,0,0,9
S01007661,All people aged 16 and over in households,558,308,236,72,250,130,5,20,39,56
S01007661,16 to 24,69,11,0,11,58,57,1,0,0,0
S01007661,25 to 34,58,33,20,13,25,23,0,2,0,0
S01007661,35 to 49,153,101,70,31,52,31,2,7,12,0
S01007661,50 to 64,129,96,80,16,33,9,1,7,12,4
S01007661,65 to 74,77,47,46,1,30,5,1,2,11,11
S01007661,75 to 84,51,13,13,0,38,3,0,2,4,29
S01007661,85 and over,21,7,7,0,14,2,0,0,0,12
S01007662,All people aged 16 and over in households,775,410,320,90,365,171,5,18,70,101
S01007662,16 to 24,85,14,2,12,71,70,1,0,0,0
S01007662,25 to 34,75,43,21,22,32,29,0,1,2,0
S01007662,35 to 49,185,121,90,31,64,30,2,11,18,3
S01007662,50 to 64,175,112,91,21,63,20,1,3,31,8
S01007662,65 to 74,110,67,66,1,43,12,0,1,15,15
S01007662,75 to 84,107,47,44,3,60,7,0,2,2,49
S01007662,85 and over,38,6,6,0,32,3,1,0,2,26
S01007663,All people aged 16 and over in households,723,448,384,64,275,137,10,14,49,65
S01007663,16 to 24,88,12,0,12,76,76,0,0,0,0
S01007663,25 to 34,58,39,24,15,19,17,2,0,0,0
S01007663,35 to 49,168,123,100,23,45,21,2,10,11,1
S01007663,50 to 64,195,150,137,13,45,9,4,3,23,6
S01007663,65 to 74,113,77,77,0,36,7,1,1,14,13
S01007663,75 to 84,73,39,39,0,34,4,1,0,1,28
S01007663,85 and over,28,8,7,1,20,3,0,0,0,17
S01007664,All people aged 16 and over in households,485,246,190,56,239,117,3,15,42,62
S01007664,16 to 24,55,3,2,1,52,52,0,0,0,0
S01007664,25 to 34,69,37,22,15,32,25,0,4,3,0
S01007664,35 to 49,118,79,51,28,39,19,3,6,7,4
S01007664,50 to 64,118,72,61,11,46,17,0,4,19,6
S01007664,65 to 74,70,36,35,1,34,2,0,1,9,22
S01007664,75 to 84,39,17,17,0,22,1,0,0,4,17
S01007664,85 and over,16,2,2,0,14,1,0,0,0,13
S01007665,All people aged 16 and over in households,502,320,230,90,182,102,0,10,32,38
S01007665,16 to 24,66,17,4,13,49,49,0,0,0,0
S01007665,25 to 34,101,64,30,34,37,31,0,4,2,0
S01007665,35 to 49,125,91,58,33,34,15,0,2,16,1
S01007665,50 to 64,100,76,66,10,24,3,0,4,12,5
S01007665,65 to 74,65,50,50,0,15,3,0,0,1,11
S01007665,75 to 84,41,21,21,0,20,1,0,0,1,18
S01007665,85 and over,4,1,1,0,3,0,0,0,0,3
S01007666,All people aged 16 and over in households,407,284,250,34,123,65,3,5,14,36
S01007666,16 to 24,41,2,0,2,39,39,0,0,0,0
S01007666,25 to 34,28,16,12,4,12,12,0,0,0,0
S01007666,35 to 49,116,97,77,20,19,4,1,5,8,1
S01007666,50 to 64,110,100,93,7,10,4,0,0,3,3
S01007666,65 to 74,71,52,52,0,19,5,0,0,1,13
S01007666,75 to 84,37,17,16,1,20,1,2,0,2,15
S01007666,85 and over,4,0,0,0,4,0,0,0,0,4
S01007667,All people aged 16 and over in households,586,436,376,60,150,96,2,2,20,30
S01007667,16 to 24,66,4,0,4,62,62,0,0,0,0
S01007667,25 to 34,68,53,31,22,15,14,0,0,1,0
S01007667,35 to 49,149,131,111,20,18,10,0,1,7,0
S01007667,50 to 64,152,132,122,10,20,6,2,0,8,4
S01007667,65 to 74,81,69,67,2,12,4,0,0,2,6
S01007667,75 to 84,61,43,41,2,18,0,0,1,2,15
S01007667,85 and over,9,4,4,0,5,0,0,0,0,5
S01007668,All people aged 16 and over in households,834,484,360,124,350,200,1,18,57,74
S01007668,16 to 24,114,21,1,20,93,90,1,2,0,0
S01007668,25 to 34,131,80,35,45,51,49,0,1,1,0
S01007668,35 to 49,220,153,114,39,67,34,0,9,23,1
S01007668,50 to 64,189,131,113,18,58,21,0,6,23,8
S01007668,65 to 74,100,60,58,2,40,4,0,0,7,29
S01007668,75 to 84,67,34,34,0,33,2,0,0,3,28
S01007668,85 and over,13,5,5,0,8,0,0,0,0,8
S01007669,All people aged 16 and over in households,480,234,172,62,246,146,4,19,50,27
S01007669,16 to 24,86,14,0,14,72,70,1,1,0,0
S01007669,25 to 34,98,46,18,28,52,42,1,5,3,1
S01007669,35 to 49,119,69,55,14,50,20,2,11,17,0
S01007669,50 to 64,100,67,61,6,33,8,0,1,20,4
S01007669,65 to 74,53,32,32,0,21,5,0,1,9,6
S01007669,75 to 84,19,6,6,0,13,1,0,0,1,11
S01007669,85 and over,5,0,0,0,5,0,0,0,0,5
S01007670,All people aged 16 and over in households,539,290,210,80,249,148,3,13,43,42
S01007670,16 to 24,88,15,2,13,73,73,0,0,0,0
S01007670,25 to 34,75,52,25,27,23,21,1,0,1,0
S01007670,35 to 49,173,115,81,34,58,31,1,10,14,2
S01007670,50 to 64,118,71,65,6,47,18,0,1,21,7
S01007670,65 to 74,49,22,22,0,27,3,0,2,4,18
S01007670,75 to 84,28,13,13,0,15,1,1,0,1,12
S01007670,85 and over,8,2,2,0,6,1,0,0,2,3
S01007671,All people aged 16 and over in households,598,430,364,66,168,108,3,3,20,34
S01007671,16 to 24,66,6,0,6,60,60,0,0,0,0
S01007671,25 to 34,40,20,8,12,20,15,3,1,1,0
S01007671,35 to 49,183,160,127,33,23,17,0,1,4,1
S01007671,50 to 64,178,155,142,13,23,10,0,1,10,2
S01007671,65 to 74,84,63,61,2,21,6,0,0,4,11
S01007671,75 to 84,34,22,22,0,12,0,0,0,1,11
S01007671,85 and over,13,4,4,0,9,0,0,0,0,9
S01007672,All people aged 16 and over in households,770,576,516,60,194,91,2,7,21,73
S01007672,16 to 24,50,1,0,1,49,49,0,0,0,0
S01007672,25 to 34,56,32,19,13,24,22,0,1,1,0
S01007672,35 to 49,153,132,102,30,21,10,1,4,6,0
S01007672,50 to 64,234,211,201,10,23,4,1,2,7,9
S01007672,65 to 74,161,137,135,2,24,1,0,0,7,16
S01007672,75 to 84,91,53,49,4,38,4,0,0,0,34
S01007672,85 and over,25,10,10,0,15,1,0,0,0,14
S01007673,All people aged 16 and over in households,583,406,324,82,177,93,9,5,27,43
S01007673,16 to 24,67,15,6,9,52,52,0,0,0,0
S01007673,25 to 34,70,48,26,22,22,18,2,1,1,0
S01007673,35 to 49,163,140,110,30,23,12,1,2,6,2
S01007673,50 to 64,172,140,125,15,32,6,1,2,15,8
S01007673,65 to 74,65,49,44,5,16,3,2,0,5,6
S01007673,75 to 84,35,12,11,1,23,2,2,0,0,19
S01007673,85 and over,11,2,2,0,9,0,1,0,0,8
S01007674,All people aged 16 and over in households,665,378,328,50,287,155,7,26,46,53
S01007674,16 to 24,77,14,2,12,63,63,0,0,0,0
S01007674,25 to 34,76,33,22,11,43,35,0,3,5,0
S01007674,35 to 49,164,99,82,17,65,30,4,16,14,1
S01007674,50 to 64,192,139,131,8,53,21,1,5,19,7
S01007674,65 to 74,81,57,56,1,24,3,2,2,6,11
S01007674,75 to 84,57,32,31,1,25,3,0,0,2,20
S01007674,85 and over,18,4,4,0,14,0,0,0,0,14
S01007675,All people aged 16 and over in households,525,392,344,48,133,87,2,6,18,20
S01007675,16 to 24,50,6,2,4,44,44,0,0,0,0
S01007675,25 to 34,41,21,12,9,20,20,0,0,0,0
S01007675,35 to 49,134,110,94,16,24,11,2,5,6,0
S01007675,50 to 64,171,158,144,14,13,7,0,1,3,2
S01007675,65 to 74,82,73,69,4,9,2,0,0,5,2
S01007675,75 to 84,36,21,20,1,15,2,0,0,2,11
S01007675,85 and over,11,3,3,0,8,1,0,0,2,5
S01007676,All people aged 16 and over in households,568,388,344,44,180,104,7,8,21,40
S01007676,16 to 24,60,3,2,1,57,56,0,0,1,0
S01007676,25 to 34,52,32,23,9,20,18,0,1,1,0
S01007676,35 to 49,149,125,110,15,24,17,0,1,6,0
S01007676,50 to 64,178,145,134,11,33,9,4,5,8,7
S01007676,65 to 74,69,53,48,5,16,3,1,1,2,9
S01007676,75 to 84,54,28,26,2,26,1,2,0,3,20
S01007676,85 and over,6,2,1,1,4,0,0,0,0,4
S01007677,All people aged 16 and over in households,407,284,232,52,123,75,3,6,16,23
S01007677,16 to 24,52,6,0,6,46,46,0,0,0,0
S01007677,25 to 34,49,38,17,21,11,9,0,2,0,0
S01007677,35 to 49,122,102,85,17,20,10,1,3,6,0
S01007677,50 to 64,78,59,54,5,19,6,1,1,9,2
S01007677,65 to 74,42,32,29,3,10,4,1,0,0,5
S01007677,75 to 84,52,39,39,0,13,0,0,0,1,12
S01007677,85 and over,12,8,8,0,4,0,0,0,0,4
S01007678,All people aged 16 and over in households,668,380,288,92,288,149,7,15,39,78
S01007678,16 to 24,81,13,4,9,68,68,0,0,0,0
S01007678,25 to 34,72,41,18,23,31,26,1,4,0,0
S01007678,35 to 49,144,108,82,26,36,26,0,4,4,2
S01007678,50 to 64,154,108,87,21,46,15,5,4,17,5
S01007678,65 to 74,124,73,62,11,51,7,1,3,15,25
S01007678,75 to 84,77,34,33,1,43,6,0,0,3,34
S01007678,85 and over,16,3,2,1,13,1,0,0,0,12
S01007679,All people aged 16 and over in households,683,414,306,108,269,147,1,25,39,57
S01007679,16 to 24,83,16,2,14,67,67,0,0,0,0
S01007679,25 to 34,86,53,17,36,33,29,0,4,0,0
S01007679,35 to 49,148,100,68,32,48,27,0,11,9,1
S01007679,50 to 64,162,110,94,16,52,16,0,8,24,4
S01007679,65 to 74,123,91,81,10,32,5,1,2,5,19
S01007679,75 to 84,65,39,39,0,26,2,0,0,1,23
S01007679,85 and over,16,5,5,0,11,1,0,0,0,10
S01007680,All people aged 16 and over in households,779,528,470,58,251,142,10,16,20,63
S01007680,16 to 24,85,3,1,2,82,81,1,0,0,0
S01007680,25 to 34,85,52,32,20,33,28,3,2,0,0
S01007680,35 to 49,177,150,130,20,27,12,1,5,9,0
S01007680,50 to 64,238,205,193,12,33,9,3,7,7,7
S01007680,65 to 74,121,88,85,3,33,8,0,2,2,21
S01007680,75 to 84,58,27,27,0,31,2,2,0,2,25
S01007680,85 and over,15,3,2,1,12,2,0,0,0,10
S01007681,All people aged 16 and over in households,350,218,174,44,132,59,3,4,21,45
S01007681,16 to 24,23,5,0,5,18,18,0,0,0,0
S01007681,25 to 34,45,27,13,14,18,16,0,0,0,2
S01007681,35 to 49,64,45,36,9,19,12,0,3,3,1
S01007681,50 to 64,112,80,69,11,32,7,1,1,14,9
S01007681,65 to 74,57,40,36,4,17,3,0,0,3,11
S01007681,75 to 84,38,19,18,1,19,2,1,0,1,15
S01007681,85 and over,11,2,2,0,9,1,1,0,0,7
S01007682,All people aged 16 and over in households,766,480,410,70,286,179,18,18,31,40
S01007682,16 to 24,93,9,1,8,84,84,0,0,0,0
S01007682,25 to 34,101,54,35,19,47,39,4,2,2,0
S01007682,35 to 49,167,126,102,24,41,24,4,7,6,0
S01007682,50 to 64,225,174,155,19,51,19,4,7,12,9
S01007682,65 to 74,94,72,72,0,22,4,2,1,6,9
S01007682,75 to 84,59,33,33,0,26,6,2,0,5,13
S01007682,85 and over,27,12,12,0,15,3,2,1,0,9
S01007683,All people aged 16 and over in households,584,332,294,38,252,178,15,7,24,28
S01007683,16 to 24,115,9,3,6,106,106,0,0,0,0
S01007683,25 to 34,91,44,34,10,47,41,6,0,0,0
S01007683,35 to 49,149,107,94,13,42,19,6,5,12,0
S01007683,50 to 64,105,90,82,8,15,4,1,1,7,2
S01007683,65 to 74,62,45,44,1,17,2,1,1,3,10
S01007683,75 to 84,46,31,31,0,15,4,0,0,2,9
S01007683,85 and over,16,6,6,0,10,2,1,0,0,7
S01007684,All people aged 16 and over in households,674,448,426,22,226,141,4,10,16,55
S01007684,16 to 24,81,1,0,1,80,80,0,0,0,0
S01007684,25 to 34,50,28,21,7,22,21,1,0,0,0
S01007684,35 to 49,136,104,95,9,32,21,1,3,6,1
S01007684,50 to 64,191,163,158,5,28,7,2,5,9,5
S01007684,65 to 74,109,83,83,0,26,6,0,2,0,18
S01007684,75 to 84,88,61,61,0,27,5,0,0,1,21
S01007684,85 and over,19,8,8,0,11,1,0,0,0,10
S01007685,All people aged 16 and over in households,536,356,318,38,180,113,6,8,19,34
S01007685,16 to 24,60,0,0,0,60,59,1,0,0,0
S01007685,25 to 34,44,20,12,8,24,21,1,1,1,0
S01007685,35 to 49,133,109,93,16,24,13,2,2,7,0
S01007685,50 to 64,187,163,149,14,24,9,0,4,10,1
S01007685,65 to 74,57,45,45,0,12,2,2,1,0,7
S01007685,75 to 84,41,17,17,0,24,7,0,0,0,17
S01007685,85 and over,14,2,2,0,12,2,0,0,1,9
S01007686,All people aged 16 and over in households,583,318,264,54,265,183,10,9,22,41
S01007686,16 to 24,117,15,4,11,102,102,0,0,0,0
S01007686,25 to 34,65,24,14,10,41,36,4,1,0,0
S01007686,35 to 49,116,85,66,19,31,19,2,4,6,0
S01007686,50 to 64,148,112,101,11,36,20,1,3,10,2
S01007686,65 to 74,53,38,36,2,15,0,2,1,4,8
S01007686,75 to 84,58,37,36,1,21,4,0,0,2,15
S01007686,85 and over,26,7,7,0,19,2,1,0,0,16
S01007687,All people aged 16 and over in households,760,318,226,92,442,351,8,5,39,39
S01007687,16 to 24,237,16,0,16,221,221,0,0,0,0
S01007687,25 to 34,140,62,20,42,78,73,3,2,0,0
S01007687,35 to 49,120,90,70,20,30,23,0,1,6,0
S01007687,50 to 64,142,84,73,11,58,23,4,1,24,6
S01007687,65 to 74,62,40,39,1,22,9,0,0,8,5
S01007687,75 to 84,40,20,19,1,20,0,1,1,1,17
S01007687,85 and over,19,6,5,1,13,2,0,0,0,11
S01007688,All people aged 16 and over in households,930,314,154,160,616,521,18,14,46,17
S01007688,16 to 24,368,51,6,45,317,316,0,0,1,0
S01007688,25 to 34,253,123,42,81,130,119,7,3,1,0
S01007688,35 to 49,152,61,36,25,91,58,7,6,20,0
S01007688,50 to 64,106,59,50,9,47,18,4,5,20,0
S01007688,65 to 74,29,14,14,0,15,7,0,0,3,5
S01007688,75 to 84,18,4,4,0,14,3,0,0,1,10
S01007688,85 and over,4,2,2,0,2,0,0,0,0,2
S01007689,All people aged 16 and over in households,526,188,100,88,338,277,6,3,27,25
S01007689,16 to 24,215,36,4,32,179,178,1,0,0,0
S01007689,25 to 34,127,64,28,36,63,63,0,0,0,0
S01007689,35 to 49,73,37,20,17,36,23,2,0,9,2
S01007689,50 to 64,55,27,24,3,28,11,2,3,11,1
S01007689,65 to 74,19,11,11,0,8,0,1,0,3,4
S01007689,75 to 84,24,7,7,0,17,1,0,0,3,13
S01007689,85 and over,13,6,6,0,7,1,0,0,1,5
S01007690,All people aged 16 and over in households,782,192,114,78,590,524,3,9,38,16
S01007690,16 to 24,401,25,1,24,376,376,0,0,0,0
S01007690,25 to 34,151,59,23,36,92,90,1,0,1,0
S01007690,35 to 49,75,33,21,12,42,28,1,4,9,0
S01007690,50 to 64,98,55,49,6,43,16,1,5,19,2
S01007690,65 to 74,30,15,15,0,15,7,0,0,5,3
S01007690,75 to 84,16,4,4,0,12,3,0,0,3,6
S01007690,85 and over,11,1,1,0,10,4,0,0,1,5
S01007691,All people aged 16 and over in households,963,174,76,98,789,698,7,16,46,22
S01007691,16 to 24,516,36,1,35,480,473,4,3,0,0
S01007691,25 to 34,216,75,26,49,141,137,1,2,1,0
S01007691,35 to 49,119,29,19,10,90,68,0,4,17,1
S01007691,50 to 64,71,17,13,4,54,18,0,7,23,6
S01007691,65 to 74,21,8,8,0,13,1,1,0,1,10
S01007691,75 to 84,12,6,6,0,6,0,1,0,2,3
S01007691,85 and over,8,3,3,0,5,1,0,0,2,2
S01007692,All people aged 16 and over in households,865,196,96,100,669,596,5,13,27,28
S01007692,16 to 24,483,45,5,40,438,438,0,0,0,0
S01007692,25 to 34,181,76,25,51,105,102,2,1,0,0
S01007692,35 to 49,88,39,32,7,49,36,2,3,8,0
S01007692,50 to 64,58,24,22,2,34,13,0,6,13,2
S01007692,65 to 74,25,9,9,0,16,3,0,3,3,7
S01007692,75 to 84,16,3,3,0,13,3,0,0,1,9
S01007692,85 and over,14,0,0,0,14,1,1,0,2,10
S01007693,All people aged 16 and over in households,520,108,54,54,412,357,7,15,25,8
S01007693,16 to 24,240,33,7,26,207,207,0,0,0,0
S01007693,25 to 34,131,40,22,18,91,84,4,2,1,0
S01007693,35 to 49,79,18,12,6,61,45,2,6,8,0
S01007693,50 to 64,52,11,8,3,41,18,1,6,12,4
S01007693,65 to 74,9,3,2,1,6,2,0,1,3,0
S01007693,75 to 84,6,1,1,0,5,1,0,0,1,3
S01007693,85 and over,3,2,2,0,1,0,0,0,0,1
S01007694,All people aged 16 and over in households,911,226,100,126,685,563,7,26,51,38
S01007694,16 to 24,417,53,6,47,364,363,1,0,0,0
S01007694,25 to 34,203,81,28,53,122,118,2,2,0,0
S01007694,35 to 49,132,48,30,18,84,56,3,9,16,0
S01007694,50 to 64,81,27,19,8,54,15,0,12,26,1
S01007694,65 to 74,26,7,7,0,19,5,0,2,8,4
S01007694,75 to 84,24,3,3,0,21,2,0,1,1,17
S01007694,85 and over,28,7,7,0,21,4,1,0,0,16
S01007695,All people aged 16 and over in households,894,292,204,88,602,401,7,23,78,93
S01007695,16 to 24,198,27,3,24,171,171,0,0,0,0
S01007695,25 to 34,206,84,49,35,122,112,2,2,4,2
S01007695,35 to 49,139,55,39,16,84,58,4,4,18,0
S01007695,50 to 64,122,46,40,6,76,33,1,11,24,7
S01007695,65 to 74,92,43,38,5,49,11,0,3,19,16
S01007695,75 to 84,91,29,27,2,62,11,0,2,10,39
S01007695,85 and over,46,8,8,0,38,5,0,1,3,29
S01007696,All people aged 16 and over in households,719,144,76,68,575,465,20,20,39,31
S01007696,16 to 24,352,29,7,22,323,323,0,0,0,0
S01007696,25 to 34,159,50,20,30,109,93,12,2,2,0
S01007696,35 to 49,95,26,16,10,69,32,8,11,16,2
S01007696,50 to 64,60,22,19,3,38,13,0,6,16,3
S01007696,65 to 74,27,12,10,2,15,4,0,1,4,6
S01007696,75 to 84,18,3,3,0,15,0,0,0,1,14
S01007696,85 and over,8,2,1,1,6,0,0,0,0,6
S01007697,All people aged 16 and over in households,886,320,184,136,566,366,18,28,70,84
S01007697,16 to 24,192,35,0,35,157,155,0,1,1,0
S01007697,25 to 34,219,103,44,59,116,108,5,2,1,0
S01007697,35 to 49,127,45,25,20,82,49,9,10,14,0
S01007697,50 to 64,130,55,40,15,75,29,2,10,24,10
S01007697,65 to 74,99,43,36,7,56,10,0,3,24,19
S01007697,75 to 84,73,28,28,0,45,9,1,1,6,28
S01007697,85 and over,46,11,11,0,35,6,1,1,0,27
S01007698,All people aged 16 and over in households,947,268,126,142,679,566,18,25,51,19
S01007698,16 to 24,361,61,8,53,300,298,0,1,1,0
S01007698,25 to 34,268,102,41,61,166,158,7,1,0,0
S01007698,35 to 49,193,57,38,19,136,89,10,12,24,1
S01007698,50 to 64,98,36,30,6,62,18,1,10,25,8
S01007698,65 to 74,18,9,6,3,9,1,0,1,1,6
S01007698,75 to 84,7,1,1,0,6,2,0,0,0,4
S01007698,85 and over,2,2,2,0,0,0,0,0,0,0
S01007699,All people aged 16 and over in households,691,224,114,110,467,370,17,19,36,25
S01007699,16 to 24,237,53,3,50,184,182,2,0,0,0
S01007699,25 to 34,217,81,43,38,136,126,8,1,1,0
S01007699,35 to 49,111,39,27,12,72,47,5,10,9,1
S01007699,50 to 64,86,35,25,10,51,12,1,8,22,8
S01007699,65 to 74,21,7,7,0,14,2,0,0,3,9
S01007699,75 to 84,14,9,9,0,5,0,0,0,1,4
S01007699,85 and over,5,0,0,0,5,1,1,0,0,3
S01007700,All people aged 16 and over in households,839,486,376,110,353,242,14,12,41,44
S01007700,16 to 24,127,20,1,19,107,106,1,0,0,0
S01007700,25 to 34,146,77,38,39,69,64,4,1,0,0
S01007700,35 to 49,196,141,103,38,55,34,5,3,12,1
S01007700,50 to 64,228,165,151,14,63,26,2,8,20,7
S01007700,65 to 74,77,52,52,0,25,4,2,0,4,15
S01007700,75 to 84,53,28,28,0,25,7,0,0,4,14
S01007700,85 and over,12,3,3,0,9,1,0,0,1,7
S01007701,All people aged 16 and over in households,492,108,40,68,384,295,4,16,51,18
S01007701,16 to 24,143,13,2,11,130,129,0,0,1,0
S01007701,25 to 34,129,37,7,30,92,87,4,1,0,0
S01007701,35 to 49,82,19,2,17,63,41,0,5,17,0
S01007701,50 to 64,77,22,14,8,55,30,0,4,19,2
S01007701,65 to 74,27,7,5,2,20,5,0,3,7,5
S01007701,75 to 84,28,8,8,0,20,3,0,2,7,8
S01007701,85 and over,6,2,2,0,4,0,0,1,0,3
S01007702,All people aged 16 and over in households,497,170,82,88,327,301,4,3,15,4
S01007702,16 to 24,199,19,0,19,180,180,0,0,0,0
S01007702,25 to 34,149,70,25,45,79,76,1,0,2,0
S01007702,35 to 49,95,49,33,16,46,39,2,1,4,0
S01007702,50 to 64,36,17,10,7,19,5,1,2,9,2
S01007702,65 to 74,12,11,10,1,1,0,0,0,0,1
S01007702,75 to 84,5,4,4,0,1,0,0,0,0,1
S01007702,85 and over,1,0,0,0,1,1,0,0,0,0
S01007703,All people aged 16 and over in households,675,306,226,80,369,251,6,17,49,46
S01007703,16 to 24,134,16,2,14,118,118,0,0,0,0
S01007703,25 to 34,117,51,18,33,66,56,1,5,4,0
S01007703,35 to 49,144,82,61,21,62,44,1,4,10,3
S01007703,50 to 64,163,101,89,12,62,22,3,5,26,6
S01007703,65 to 74,60,34,34,0,26,6,0,3,8,9
S01007703,75 to 84,49,20,20,0,29,4,1,0,1,23
S01007703,85 and over,8,2,2,0,6,1,0,0,0,5
S01007704,All people aged 16 and over in households,799,196,104,92,603,435,11,23,92,42
S01007704,16 to 24,247,34,2,32,213,210,3,0,0,0
S01007704,25 to 34,149,47,20,27,102,99,1,0,2,0
S01007704,35 to 49,160,43,20,23,117,76,6,11,21,3
S01007704,50 to 64,136,38,31,7,98,36,0,8,45,9
S01007704,65 to 74,73,26,23,3,47,11,0,3,18,15
S01007704,75 to 84,26,7,7,0,19,2,0,1,4,12
S01007704,85 and over,8,1,1,0,7,1,1,0,2,3
S01007705,All people aged 16 and over in households,527,88,14,74,439,413,10,7,7,2
S01007705,16 to 24,324,40,1,39,284,282,2,0,0,0
S01007705,25 to 34,148,34,6,28,114,104,5,1,4,0
S01007705,35 to 49,40,10,3,7,30,21,2,5,1,1
S01007705,50 to 64,12,4,4,0,8,4,1,1,2,0
S01007705,65 to 74,3,0,0,0,3,2,0,0,0,1
S01007705,75 to 84,0,0,0,0,0,0,0,0,0,0
S01007705,85 and over,0,0,0,0,0,0,0,0,0,0
S01007706,All people aged 16 and over in households,751,128,30,98,623,588,8,6,19,2
S01007706,16 to 24,514,60,1,59,454,452,1,1,0,0
S01007706,25 to 34,158,42,11,31,116,111,5,0,0,0
S01007706,35 to 49,46,16,11,5,30,19,2,4,5,0
S01007706,50 to 64,24,6,4,2,18,5,0,1,12,0
S01007706,65 to 74,5,2,1,1,3,1,0,0,1,1
S01007706,75 to 84,3,2,2,0,1,0,0,0,1,0
S01007706,85 and over,1,0,0,0,1,0,0,0,0,1
S01007707,All people aged 16 and over in households,766,292,136,156,474,392,28,24,27,3
S01007707,16 to 24,282,59,11,48,223,222,0,1,0,0
S01007707,25 to 34,289,135,56,79,154,133,15,4,2,0
S01007707,35 to 49,120,57,37,20,63,33,11,10,9,0
S01007707,50 to 64,54,26,19,7,28,2,2,8,15,1
S01007707,65 to 74,14,13,11,2,1,1,0,0,0,0
S01007707,75 to 84,6,2,2,0,4,1,0,0,1,2
S01007707,85 and over,1,0,0,0,1,0,0,1,0,0
S01007708,All people aged 16 and over in households,550,188,114,74,362,262,5,18,51,26
S01007708,16 to 24,116,22,3,19,94,94,0,0,0,0
S01007708,25 to 34,142,53,18,35,89,83,2,1,3,0
S01007708,35 to 49,117,35,22,13,82,59,0,9,13,1
S01007708,50 to 64,94,44,37,7,50,18,2,7,19,4
S01007708,65 to 74,36,21,21,0,15,5,0,0,8,2
S01007708,75 to 84,34,13,13,0,21,2,1,1,7,10
S01007708,85 and over,11,0,0,0,11,1,0,0,1,9
S01007709,All people aged 16 and over in households,487,180,80,100,307,197,5,13,51,41
S01007709,16 to 24,110,37,2,35,73,72,1,0,0,0
S01007709,25 to 34,125,64,21,43,61,61,0,0,0,0
S01007709,35 to 49,76,29,17,12,47,34,2,3,8,0
S01007709,50 to 64,87,28,20,8,59,19,0,8,26,6
S01007709,65 to 74,46,17,16,1,29,9,2,0,11,7
S01007709,75 to 84,26,5,4,1,21,1,0,1,4,15
S01007709,85 and over,17,0,0,0,17,1,0,1,2,13
S01007710,All people aged 16 and over in households,727,202,108,94,525,430,17,14,57,7
S01007710,16 to 24,262,44,3,41,218,216,1,0,0,1
S01007710,25 to 34,218,59,33,26,159,146,8,3,2,0
S01007710,35 to 49,116,43,27,16,73,49,7,2,14,1
S01007710,50 to 64,101,43,33,10,58,19,1,8,28,2
S01007710,65 to 74,19,6,5,1,13,0,0,1,10,2
S01007710,75 to 84,10,6,6,0,4,0,0,0,3,1
S01007710,85 and over,1,1,1,0,0,0,0,0,0,0
S01007711,All people aged 16 and over in households,891,257,154,103,634,494,19,20,73,28
S01007711,16 to 24,343,34,3,31,309,308,1,0,0,0
S01007711,25 to 34,179,62,24,38,117,107,4,3,3,0
S01007711,35 to 49,131,53,38,15,78,54,6,6,12,0
S01007711,50 to 64,134,69,55,14,65,17,6,6,33,3
S01007711,65 to 74,56,29,25,4,27,4,0,3,17,3
S01007711,75 to 84,37,10,9,1,27,3,2,2,7,13
S01007711,85 and over,11,0,0,0,11,1,0,0,1,9
S01007712,All people aged 16 and over in households,588,186,76,110,402,324,14,16,38,10
S01007712,16 to 24,221,42,1,41,179,178,1,0,0,0
S01007712,25 to 34,155,52,17,35,103,92,4,2,5,0
S01007712,35 to 49,91,37,20,17,54,36,4,3,11,0
S01007712,50 to 64,85,39,25,14,46,14,4,9,18,1
S01007712,65 to 74,17,10,8,2,7,1,1,0,4,1
S01007712,75 to 84,14,6,5,1,8,2,0,1,0,5
S01007712,85 and over,5,0,0,0,5,1,0,1,0,3
S01007713,All people aged 16 and over in households,405,162,114,48,243,164,3,11,38,27
S01007713,16 to 24,85,11,2,9,74,73,1,0,0,0
S01007713,25 to 34,86,47,29,18,39,36,0,2,1,0
S01007713,35 to 49,98,49,36,13,49,34,1,3,8,3
S01007713,50 to 64,84,36,28,8,48,17,1,5,18,7
S01007713,65 to 74,31,13,13,0,18,3,0,1,9,5
S01007713,75 to 84,18,6,6,0,12,1,0,0,2,9
S01007713,85 and over,3,0,0,0,3,0,0,0,0,3
S01007714,All people aged 16 and over in households,541,268,196,72,273,160,5,28,51,29
S01007714,16 to 24,110,25,4,21,85,85,0,0,0,0
S01007714,25 to 34,101,59,34,25,42,33,2,2,5,0
S01007714,35 to 49,147,99,81,18,48,26,2,9,10,1
S01007714,50 to 64,123,69,61,8,54,6,1,14,26,7
S01007714,65 to 74,36,12,12,0,24,7,0,0,8,9
S01007714,75 to 84,14,4,4,0,10,2,0,3,1,4
S01007714,85 and over,10,0,0,0,10,1,0,0,1,8
S01007715,All people aged 16 and over in households,434,146,100,46,288,190,10,12,43,33
S01007715,16 to 24,96,10,0,10,86,82,4,0,0,0
S01007715,25 to 34,102,42,25,17,60,57,3,0,0,0
S01007715,35 to 49,104,43,32,11,61,42,2,3,14,0
S01007715,50 to 64,67,32,24,8,35,4,1,7,19,4
S01007715,65 to 74,28,11,11,0,17,1,0,2,6,8
S01007715,75 to 84,30,8,8,0,22,3,0,0,4,15
S01007715,85 and over,7,0,0,0,7,1,0,0,0,6
S01007716,All people aged 16 and over in households,869,270,162,108,599,392,11,28,87,81
S01007716,16 to 24,224,42,3,39,182,181,0,1,0,0
S01007716,25 to 34,188,73,36,37,115,104,4,2,5,0
S01007716,35 to 49,140,48,30,18,92,62,1,15,12,2
S01007716,50 to 64,139,47,39,8,92,28,5,7,41,11
S01007716,65 to 74,80,33,32,1,47,8,0,2,17,20
S01007716,75 to 84,74,19,15,4,55,8,1,1,12,33
S01007716,85 and over,24,8,7,1,16,1,0,0,0,15
S01007717,All people aged 16 and over in households,834,310,164,146,524,307,14,51,111,41
S01007717,16 to 24,181,48,6,42,133,128,3,0,2,0
S01007717,25 to 34,177,75,30,45,102,82,7,9,3,1
S01007717,35 to 49,189,81,50,31,108,60,2,21,23,2
S01007717,50 to 64,165,73,50,23,92,23,0,12,49,8
S01007717,65 to 74,71,21,18,3,50,8,1,5,27,9
S01007717,75 to 84,38,9,9,0,29,4,1,4,6,14
S01007717,85 and over,13,3,1,2,10,2,0,0,1,7
S01007718,All people aged 16 and over in households,633,222,120,102,411,231,12,18,88,62
S01007718,16 to 24,84,28,2,26,56,56,0,0,0,0
S01007718,25 to 34,153,69,14,55,84,75,5,0,4,0
S01007718,35 to 49,122,32,19,13,90,58,4,8,18,2
S01007718,50 to 64,120,39,33,6,81,30,2,7,37,5
S01007718,65 to 74,87,34,34,0,53,6,1,2,22,22
S01007718,75 to 84,54,20,18,2,34,4,0,1,6,23
S01007718,85 and over,13,0,0,0,13,2,0,0,1,10
S01007719,All people aged 16 and over in households,880,306,168,138,574,310,5,45,120,94
S01007719,16 to 24,104,29,3,26,75,75,0,0,0,0
S01007719,25 to 34,176,88,35,53,88,82,2,2,2,0
S01007719,35 to 49,205,55,26,29,150,93,0,20,37,0
S01007719,50 to 64,183,61,46,15,122,34,2,16,56,14
S01007719,65 to 74,106,37,25,12,69,11,0,4,23,31
S01007719,75 to 84,77,34,31,3,43,9,1,3,1,29
S01007719,85 and over,29,2,2,0,27,6,0,0,1,20
S01007720,All people aged 16 and over in households,647,312,236,76,335,164,4,22,64,81
S01007720,16 to 24,64,13,4,9,51,51,0,0,0,0
S01007720,25 to 34,76,49,13,36,27,25,0,1,1,0
S01007720,35 to 49,128,53,38,15,75,44,2,11,18,0
S01007720,50 to 64,135,64,54,10,71,24,1,8,28,10
S01007720,65 to 74,118,69,65,4,49,11,0,2,14,22
S01007720,75 to 84,97,56,54,2,41,7,1,0,3,30
S01007720,85 and over,29,8,8,0,21,2,0,0,0,19
S01007721,All people aged 16 and over in households,646,252,160,92,394,231,3,20,79,61
S01007721,16 to 24,90,20,0,20,70,69,0,1,0,0
S01007721,25 to 34,123,49,23,26,74,68,1,1,3,1
S01007721,35 to 49,140,56,33,23,84,55,2,6,20,1
S01007721,50 to 64,153,74,51,23,79,23,0,8,42,6
S01007721,65 to 74,72,29,29,0,43,13,0,3,9,18
S01007721,75 to 84,48,22,22,0,26,1,0,1,5,19
S01007721,85 and over,20,2,2,0,18,2,0,0,0,16
S01007722,All people aged 16 and over in households,733,242,166,76,491,291,4,32,101,63
S01007722,16 to 24,89,16,1,15,73,73,0,0,0,0
S01007722,25 to 34,119,44,28,16,75,68,0,5,2,0
S01007722,35 to 49,195,61,37,24,134,98,1,9,24,2
S01007722,50 to 64,168,77,60,17,91,31,0,9,40,11
S01007722,65 to 74,96,35,32,3,61,10,1,4,21,25
S01007722,75 to 84,48,8,7,1,40,5,1,4,12,18
S01007722,85 and over,18,1,1,0,17,6,1,1,2,7
S01007723,All people aged 16 and over in households,851,308,200,108,543,272,1,39,115,116
S01007723,16 to 24,103,23,0,23,80,79,0,0,1,0
S01007723,25 to 34,153,84,40,44,69,65,0,2,2,0
S01007723,35 to 49,159,64,42,22,95,66,0,9,19,1
S01007723,50 to 64,179,66,54,12,113,31,0,16,48,18
S01007723,65 to 74,132,47,42,5,85,18,1,7,28,31
S01007723,75 to 84,101,22,20,2,79,9,0,5,17,48
S01007723,85 and over,24,2,2,0,22,4,0,0,0,18
S01007724,All people aged 16 and over in households,526,172,86,86,354,245,17,20,53,19
S01007724,16 to 24,133,40,6,34,93,92,1,0,0,0
S01007724,25 to 34,158,60,20,40,98,79,9,6,4,0
S01007724,35 to 49,126,36,29,7,90,56,5,6,20,3
S01007724,50 to 64,88,26,21,5,62,17,2,8,29,6
S01007724,65 to 74,12,9,9,0,3,0,0,0,0,3
S01007724,75 to 84,7,1,1,0,6,1,0,0,0,5
S01007724,85 and over,2,0,0,0,2,0,0,0,0,2
S01007725,All people aged 16 and over in households,690,216,112,104,474,306,5,32,80,51
S01007725,16 to 24,126,30,0,30,96,95,0,0,1,0
S01007725,25 to 34,161,54,24,30,107,106,0,0,1,0
S01007725,35 to 49,144,45,20,25,99,64,3,14,14,4
S01007725,50 to 64,142,40,29,11,102,26,2,18,45,11
S01007725,65 to 74,58,28,24,4,30,6,0,0,11,13
S01007725,75 to 84,50,19,15,4,31,7,0,0,5,19
S01007725,85 and over,9,0,0,0,9,2,0,0,3,4
S01007726,All people aged 16 and over in households,677,252,156,96,425,288,7,29,68,33
S01007726,16 to 24,160,48,10,38,112,110,1,1,0,0
S01007726,25 to 34,175,78,47,31,97,84,3,5,5,0
S01007726,35 to 49,154,49,33,16,105,65,2,12,25,1
S01007726,50 to 64,109,39,34,5,70,23,1,9,29,8
S01007726,65 to 74,49,27,22,5,22,4,0,1,8,9
S01007726,75 to 84,25,9,8,1,16,2,0,1,1,12
S01007726,85 and over,5,2,2,0,3,0,0,0,0,3
S01007727,All people aged 16 and over in households,860,264,146,118,596,415,11,35,92,43
S01007727,16 to 24,204,32,2,30,172,172,0,0,0,0
S01007727,25 to 34,230,89,36,53,141,127,4,7,3,0
S01007727,35 to 49,181,54,39,15,127,80,3,13,28,3
S01007727,50 to 64,152,54,40,14,98,30,3,10,48,7
S01007727,65 to 74,62,26,20,6,36,3,1,3,11,18
S01007727,75 to 84,24,8,8,0,16,3,0,2,2,9
S01007727,85 and over,7,1,1,0,6,0,0,0,0,6
S01007728,All people aged 16 and over in households,605,234,118,116,371,269,8,25,57,12
S01007728,16 to 24,166,46,5,41,120,118,1,1,0,0
S01007728,25 to 34,165,74,27,47,91,86,2,2,1,0
S01007728,35 to 49,120,45,28,17,75,45,2,11,14,3
S01007728,50 to 64,113,49,39,10,64,15,2,7,36,4
S01007728,65 to 74,31,17,16,1,14,2,1,3,5,3
S01007728,75 to 84,9,2,2,0,7,3,0,1,1,2
S01007728,85 and over,1,1,1,0,0,0,0,0,0,0
S01007729,All people aged 16 and over in households,664,259,129,130,405,270,16,21,78,20
S01007729,16 to 24,158,45,4,41,113,113,0,0,0,0
S01007729,25 to 34,174,82,24,58,92,83,6,1,2,0
S01007729,35 to 49,167,59,40,19,108,59,6,13,29,1
S01007729,50 to 64,128,61,49,12,67,12,4,7,37,7
S01007729,65 to 74,27,12,12,0,15,2,0,0,8,5
S01007729,75 to 84,10,0,0,0,10,1,0,0,2,7
S01007729,85 and over,0,0,0,0,0,0,0,0,0,0
S01007730,All people aged 16 and over in households,674,272,106,166,402,308,10,26,42,16
S01007730,16 to 24,139,40,3,37,99,99,0,0,0,0
S01007730,25 to 34,256,131,40,91,125,115,3,5,2,0
S01007730,35 to 49,141,47,22,25,94,72,4,8,9,1
S01007730,50 to 64,101,41,29,12,60,18,3,11,25,3
S01007730,65 to 74,24,11,10,1,13,4,0,1,4,4
S01007730,75 to 84,12,2,2,0,10,0,0,1,2,7
S01007730,85 and over,1,0,0,0,1,0,0,0,0,1
S01007731,All people aged 16 and over in households,615,258,148,110,357,259,3,24,46,25
S01007731,16 to 24,127,25,2,23,102,100,1,1,0,0
S01007731,25 to 34,168,80,34,46,88,83,1,1,3,0
S01007731,35 to 49,158,75,51,24,83,48,1,11,20,3
S01007731,50 to 64,111,62,46,16,49,22,0,8,13,6
S01007731,65 to 74,25,9,9,0,16,3,0,1,7,5
S01007731,75 to 84,22,6,5,1,16,3,0,2,3,8
S01007731,85 and over,4,1,1,0,3,0,0,0,0,3
S01007732,All people aged 16 and over in households,594,218,116,102,376,269,10,16,59,22
S01007732,16 to 24,171,36,6,30,135,135,0,0,0,0
S01007732,25 to 34,176,89,44,45,87,78,2,0,7,0
S01007732,35 to 49,102,38,21,17,64,35,2,9,16,2
S01007732,50 to 64,79,36,26,10,43,11,2,2,24,4
S01007732,65 to 74,36,11,11,0,25,4,0,4,7,10
S01007732,75 to 84,23,8,8,0,15,3,2,1,4,5
S01007732,85 and over,7,0,0,0,7,3,2,0,1,1
S01007733,All people aged 16 and over in households,685,444,354,90,241,164,10,6,29,32
S01007733,16 to 24,82,10,2,8,72,72,0,0,0,0
S01007733,25 to 34,137,74,46,28,63,55,5,1,1,1
S01007733,35 to 49,175,141,102,39,34,21,2,1,9,1
S01007733,50 to 64,188,146,134,12,42,14,3,2,16,7
S01007733,65 to 74,60,48,45,3,12,1,0,1,1,9
S01007733,75 to 84,37,22,22,0,15,1,0,1,2,11
S01007733,85 and over,6,3,3,0,3,0,0,0,0,3
S01007734,All people aged 16 and over in households,725,460,402,58,265,153,7,14,29,62
S01007734,16 to 24,76,6,1,5,70,70,0,0,0,0
S01007734,25 to 34,80,42,27,15,38,34,0,4,0,0
S01007734,35 to 49,141,102,79,23,39,26,0,5,8,0
S01007734,50 to 64,232,194,185,9,38,10,2,2,17,7
S01007734,65 to 74,87,65,62,3,22,4,1,3,4,10
S01007734,75 to 84,82,47,44,3,35,5,2,0,0,28
S01007734,85 and over,27,4,4,0,23,4,2,0,0,17
S01007735,All people aged 16 and over in households,716,466,392,74,250,143,8,15,37,47
S01007735,16 to 24,92,8,4,4,84,82,2,0,0,0
S01007735,25 to 34,70,44,25,19,26,24,2,0,0,0
S01007735,35 to 49,160,124,99,25,36,11,1,7,15,2
S01007735,50 to 64,238,190,169,21,48,15,3,6,18,6
S01007735,65 to 74,77,56,52,4,21,6,0,2,4,9
S01007735,75 to 84,64,38,37,1,26,4,0,0,0,22
S01007735,85 and over,15,6,6,0,9,1,0,0,0,8
S01007736,All people aged 16 and over in households,618,386,304,82,232,145,8,13,30,36
S01007736,16 to 24,95,20,2,18,75,74,1,0,0,0
S01007736,25 to 34,100,53,29,24,47,41,6,0,0,0
S01007736,35 to 49,136,106,75,31,30,17,0,6,5,2
S01007736,50 to 64,143,108,103,5,35,7,0,7,18,3
S01007736,65 to 74,69,53,49,4,16,2,1,0,5,8
S01007736,75 to 84,67,45,45,0,22,2,0,0,1,19
S01007736,85 and over,8,1,1,0,7,2,0,0,1,4
S01007737,All people aged 16 and over in households,887,440,350,90,447,234,6,22,87,98
S01007737,16 to 24,98,13,5,8,85,84,0,0,0,1
S01007737,25 to 34,166,91,52,39,75,66,0,3,6,0
S01007737,35 to 49,188,111,84,27,77,45,1,5,24,2
S01007737,50 to 64,209,128,119,9,81,23,2,13,37,6
S01007737,65 to 74,96,59,55,4,37,8,0,0,12,17
S01007737,75 to 84,96,34,31,3,62,7,2,1,8,44
S01007737,85 and over,34,4,4,0,30,1,1,0,0,28
S01007738,All people aged 16 and over in households,624,382,312,70,242,119,5,14,32,72
S01007738,16 to 24,57,5,0,5,52,52,0,0,0,0
S01007738,25 to 34,62,38,15,23,24,21,0,2,1,0
S01007738,35 to 49,140,104,78,26,36,19,1,7,9,0
S01007738,50 to 64,145,100,86,14,45,19,2,3,13,8
S01007738,65 to 74,89,65,64,1,24,4,0,2,2,16
S01007738,75 to 84,91,55,54,1,36,3,2,0,7,24
S01007738,85 and over,40,15,15,0,25,1,0,0,0,24
S01007739,All people aged 16 and over in households,541,270,204,66,271,116,2,12,41,100
S01007739,16 to 24,44,6,0,6,38,37,1,0,0,0
S01007739,25 to 34,50,22,6,16,28,26,0,1,0,1
S01007739,35 to 49,78,51,36,15,27,19,0,3,5,0
S01007739,50 to 64,121,77,59,18,44,18,0,5,15,6
S01007739,65 to 74,97,60,54,6,37,5,0,1,12,19
S01007739,75 to 84,100,45,42,3,55,7,0,1,9,38
S01007739,85 and over,51,9,7,2,42,4,1,1,0,36
S01007740,All people aged 16 and over in households,463,258,212,46,205,111,4,11,36,43
S01007740,16 to 24,53,7,2,5,46,44,2,0,0,0
S01007740,25 to 34,61,28,13,15,33,29,2,0,2,0
S01007740,35 to 49,105,64,51,13,41,25,0,7,7,2
S01007740,50 to 64,135,93,83,10,42,8,0,4,22,8
S01007740,65 to 74,62,45,42,3,17,1,0,0,5,11
S01007740,75 to 84,33,16,16,0,17,3,0,0,0,14
S01007740,85 and over,14,5,5,0,9,1,0,0,0,8
S01007741,All people aged 16 and over in households,658,300,242,58,358,157,4,18,76,103
S01007741,16 to 24,53,8,0,8,45,45,0,0,0,0
S01007741,25 to 34,80,40,20,20,40,39,0,1,0,0
S01007741,35 to 49,114,64,45,19,50,33,1,3,12,1
S01007741,50 to 64,148,77,67,10,71,16,0,10,35,10
S01007741,65 to 74,113,59,58,1,54,9,3,2,20,20
S01007741,75 to 84,94,44,44,0,50,10,0,2,9,29
S01007741,85 and over,56,8,8,0,48,5,0,0,0,43
S01007742,All people aged 16 and over in households,552,258,204,54,294,141,4,20,50,79
S01007742,16 to 24,69,7,0,7,62,62,0,0,0,0
S01007742,25 to 34,58,33,19,14,25,22,0,3,0,0
S01007742,35 to 49,104,56,41,15,48,23,1,9,14,1
S01007742,50 to 64,150,90,75,15,60,26,2,5,21,6
S01007742,65 to 74,72,42,40,2,30,5,0,2,9,14
S01007742,75 to 84,71,21,21,0,50,2,1,1,6,40
S01007742,85 and over,28,9,8,1,19,1,0,0,0,18
S01007743,All people aged 16 and over in households,724,324,234,90,400,245,2,21,72,60
S01007743,16 to 24,121,17,6,11,104,104,0,0,0,0
S01007743,25 to 34,135,73,32,41,62,59,0,3,0,0
S01007743,35 to 49,164,84,58,26,80,50,2,8,18,2
S01007743,50 to 64,180,99,90,9,81,24,0,9,39,9
S01007743,65 to 74,66,30,29,1,36,7,0,1,13,15
S01007743,75 to 84,42,15,13,2,27,1,0,0,2,24
S01007743,85 and over,16,6,6,0,10,0,0,0,0,10
S01007744,All people aged 16 and over in households,617,224,178,46,393,210,8,28,68,79
S01007744,16 to 24,78,10,1,9,68,67,0,0,1,0
S01007744,25 to 34,112,36,13,23,76,68,0,6,2,0
S01007744,35 to 49,119,50,39,11,69,41,3,8,16,1
S01007744,50 to 64,144,71,68,3,73,24,1,12,29,7
S01007744,65 to 74,81,38,38,0,43,4,1,1,11,26
S01007744,75 to 84,66,19,19,0,47,3,3,1,7,33
S01007744,85 and over,17,0,0,0,17,3,0,0,2,12
S01007745,All people aged 16 and over in households,556,210,136,74,346,188,3,26,66,63
S01007745,16 to 24,64,12,2,10,52,52,0,0,0,0
S01007745,25 to 34,96,40,19,21,56,53,0,1,2,0
S01007745,35 to 49,134,66,38,28,68,49,3,8,8,0
S01007745,50 to 64,145,64,51,13,81,29,0,9,37,6
S01007745,65 to 74,53,15,14,1,38,3,0,8,10,17
S01007745,75 to 84,55,10,9,1,45,2,0,0,9,34
S01007745,85 and over,9,3,3,0,6,0,0,0,0,6
S01007746,All people aged 16 and over in households,720,380,264,116,340,211,9,20,62,38
S01007746,16 to 24,117,24,1,23,93,93,0,0,0,0
S01007746,25 to 34,105,47,20,27,58,48,2,4,4,0
S01007746,35 to 49,197,113,69,44,84,49,1,7,26,1
S01007746,50 to 64,194,133,115,18,61,16,1,6,24,14
S01007746,65 to 74,59,40,36,4,19,5,0,3,6,5
S01007746,75 to 84,37,21,21,0,16,0,2,0,1,13
S01007746,85 and over,11,2,2,0,9,0,3,0,1,5
S01007747,All people aged 16 and over in households,417,200,152,48,217,131,5,19,33,29
S01007747,16 to 24,68,5,2,3,63,61,0,0,2,0
S01007747,25 to 34,73,37,26,11,36,32,3,1,0,0
S01007747,35 to 49,105,58,37,21,47,26,1,11,9,0
S01007747,50 to 64,100,62,54,8,38,8,0,6,18,6
S01007747,65 to 74,42,29,24,5,13,3,1,1,2,6
S01007747,75 to 84,23,9,9,0,14,0,0,0,1,13
S01007747,85 and over,6,0,0,0,6,1,0,0,1,4
S01007748,All people aged 16 and over in households,543,202,130,72,341,200,7,23,70,41
S01007748,16 to 24,84,21,0,21,63,63,0,0,0,0
S01007748,25 to 34,113,37,18,19,76,68,1,3,4,0
S01007748,35 to 49,139,53,32,21,86,55,1,8,20,2
S01007748,50 to 64,119,55,46,9,64,13,2,8,35,6
S01007748,65 to 74,41,20,18,2,21,1,2,3,5,10
S01007748,75 to 84,36,13,13,0,23,0,1,1,6,15
S01007748,85 and over,11,3,3,0,8,0,0,0,0,8
S01007749,All people aged 16 and over in households,583,410,370,40,173,103,4,17,16,33
S01007749,16 to 24,66,3,2,1,63,63,0,0,0,0
S01007749,25 to 34,63,33,25,8,30,24,2,4,0,0
S01007749,35 to 49,131,106,89,17,25,12,0,7,5,1
S01007749,50 to 64,193,174,162,12,19,2,1,2,6,8
S01007749,65 to 74,84,64,62,2,20,2,1,4,4,9
S01007749,75 to 84,36,25,25,0,11,0,0,0,1,10
S01007749,85 and over,10,5,5,0,5,0,0,0,0,5
S01007750,All people aged 16 and over in households,699,458,420,38,241,127,4,12,25,73
S01007750,16 to 24,69,0,0,0,69,68,0,1,0,0
S01007750,25 to 34,54,21,13,8,33,31,1,0,1,0
S01007750,35 to 49,112,88,75,13,24,7,0,8,8,1
S01007750,50 to 64,214,177,165,12,37,12,0,3,11,11
S01007750,65 to 74,144,113,110,3,31,2,1,0,2,26
S01007750,75 to 84,85,52,50,2,33,6,1,0,2,24
S01007750,85 and over,21,7,7,0,14,1,1,0,1,11
S01007751,All people aged 16 and over in households,623,411,382,29,212,101,3,7,31,70
S01007751,16 to 24,46,2,2,0,44,44,0,0,0,0
S01007751,25 to 34,38,18,15,3,20,16,3,0,1,0
S01007751,35 to 49,117,93,80,13,24,16,0,0,8,0
S01007751,50 to 64,183,151,141,10,32,10,0,5,13,4
S01007751,65 to 74,91,70,69,1,21,3,0,2,4,12
S01007751,75 to 84,120,67,65,2,53,9,0,0,3,41
S01007751,85 and over,28,10,10,0,18,3,0,0,2,13
S01007752,All people aged 16 and over in households,600,362,320,42,238,78,2,8,28,122
S01007752,16 to 24,39,4,0,4,35,35,0,0,0,0
S01007752,25 to 34,35,22,13,9,13,12,0,0,1,0
S01007752,35 to 49,106,87,76,11,19,10,1,1,4,3
S01007752,50 to 64,147,112,98,14,35,9,1,6,11,8
S01007752,65 to 74,99,69,65,4,30,1,0,0,7,22
S01007752,75 to 84,113,48,48,0,65,9,0,1,3,52
S01007752,85 and over,61,20,20,0,41,2,0,0,2,37
S01007753,All people aged 16 and over in households,416,220,142,78,196,107,2,16,40,31
S01007753,16 to 24,59,19,0,19,40,40,0,0,0,0
S01007753,25 to 34,69,31,13,18,38,35,1,2,0,0
S01007753,35 to 49,106,63,32,31,43,23,0,4,16,0
S01007753,50 to 64,111,76,66,10,35,5,1,9,17,3
S01007753,65 to 74,37,15,15,0,22,3,0,1,5,13
S01007753,75 to 84,25,13,13,0,12,1,0,0,2,9
S01007753,85 and over,9,3,3,0,6,0,0,0,0,6
S01007754,All people aged 16 and over in households,690,314,212,102,376,204,6,27,68,71
S01007754,16 to 24,103,24,1,23,79,78,0,1,0,0
S01007754,25 to 34,98,43,22,21,55,46,1,6,2,0
S01007754,35 to 49,175,94,59,35,81,44,1,11,24,1
S01007754,50 to 64,160,95,78,17,65,23,1,7,24,10
S01007754,65 to 74,78,41,37,4,37,6,0,2,14,15
S01007754,75 to 84,56,13,11,2,43,3,2,0,4,34
S01007754,85 and over,20,4,4,0,16,4,1,0,0,11
S01007755,All people aged 16 and over in households,676,316,230,86,360,199,2,14,64,81
S01007755,16 to 24,90,9,1,8,81,81,0,0,0,0
S01007755,25 to 34,121,56,24,32,65,60,0,2,3,0
S01007755,35 to 49,134,79,52,27,55,28,0,7,20,0
S01007755,50 to 64,159,103,87,16,56,18,0,4,23,11
S01007755,65 to 74,66,33,31,2,33,3,1,1,12,16
S01007755,75 to 84,68,24,23,1,44,6,1,0,6,31
S01007755,85 and over,38,12,12,0,26,3,0,0,0,23
S01007756,All people aged 16 and over in households,481,218,178,40,263,140,0,26,41,56
S01007756,16 to 24,53,4,0,4,49,48,0,0,0,1
S01007756,25 to 34,85,37,29,8,48,44,0,3,1,0
S01007756,35 to 49,105,49,36,13,56,29,0,13,12,2
S01007756,50 to 64,115,68,54,14,47,12,0,7,22,6
S01007756,65 to 74,53,38,37,1,15,1,0,1,4,9
S01007756,75 to 84,52,18,18,0,34,3,0,2,1,28
S01007756,85 and over,18,4,4,0,14,3,0,0,1,10
S01007757,All people aged 16 and over in households,718,506,450,56,212,111,9,5,18,69
S01007757,16 to 24,63,0,0,0,63,63,0,0,0,0
S01007757,25 to 34,52,28,22,6,24,24,0,0,0,0
S01007757,35 to 49,168,147,105,42,21,10,5,3,3,0
S01007757,50 to 64,174,152,149,3,22,6,0,2,7,7
S01007757,65 to 74,132,96,94,2,36,5,1,0,6,24
S01007757,75 to 84,104,75,72,3,29,3,1,0,2,23
S01007757,85 and over,25,8,8,0,17,0,2,0,0,15
S01007758,All people aged 16 and over in households,791,488,438,50,303,139,12,17,46,89
S01007758,16 to 24,60,8,0,8,52,51,0,0,0,1
S01007758,25 to 34,60,28,15,13,32,28,2,1,1,0
S01007758,35 to 49,140,97,82,15,43,25,3,5,9,1
S01007758,50 to 64,210,157,145,12,53,11,4,8,23,7
S01007758,65 to 74,158,117,115,2,41,7,2,3,13,16
S01007758,75 to 84,119,68,68,0,51,12,1,0,0,38
S01007758,85 and over,44,13,13,0,31,5,0,0,0,26
S01007759,All people aged 16 and over in households,856,354,228,126,502,238,12,47,94,111
S01007759,16 to 24,89,33,6,27,56,56,0,0,0,0
S01007759,25 to 34,132,60,19,41,72,68,1,0,3,0
S01007759,35 to 49,192,84,45,39,108,68,4,17,18,1
S01007759,50 to 64,201,93,79,14,108,22,5,23,49,9
S01007759,65 to 74,118,49,44,5,69,12,0,7,19,31
S01007759,75 to 84,92,33,33,0,59,10,2,0,5,42
S01007759,85 and over,32,2,2,0,30,2,0,0,0,28
S01007760,All people aged 16 and over in households,488,334,296,38,154,73,1,8,27,45
S01007760,16 to 24,41,2,0,2,39,39,0,0,0,0
S01007760,25 to 34,37,16,8,8,21,19,0,0,1,1
S01007760,35 to 49,109,89,73,16,20,8,0,5,7,0
S01007760,50 to 64,150,123,115,8,27,4,1,3,11,8
S01007760,65 to 74,65,48,46,2,17,2,0,0,5,10
S01007760,75 to 84,68,46,44,2,22,1,0,0,2,19
S01007760,85 and over,18,10,10,0,8,0,0,0,1,7
S01007761,All people aged 16 and over in households,723,474,410,64,249,129,3,19,47,51
S01007761,16 to 24,80,9,4,5,71,70,1,0,0,0
S01007761,25 to 34,68,42,17,25,26,25,0,0,1,0
S01007761,35 to 49,159,109,92,17,50,24,1,12,13,0
S01007761,50 to 64,232,195,181,14,37,6,1,4,23,3
S01007761,65 to 74,96,72,71,1,24,1,0,3,5,15
S01007761,75 to 84,71,45,43,2,26,2,0,0,4,20
S01007761,85 and over,17,2,2,0,15,1,0,0,1,13
S01007762,All people aged 16 and over in households,676,300,228,72,376,173,8,34,67,94
S01007762,16 to 24,53,12,3,9,41,41,0,0,0,0
S01007762,25 to 34,101,50,21,29,51,50,0,1,0,0
S01007762,35 to 49,149,74,51,23,75,41,2,15,17,0
S01007762,50 to 64,177,108,99,9,69,22,1,14,21,11
S01007762,65 to 74,79,34,32,2,45,8,0,3,20,14
S01007762,75 to 84,81,19,19,0,62,7,5,1,7,42
S01007762,85 and over,36,3,3,0,33,4,0,0,2,27
S01007763,All people aged 16 and over in households,483,224,180,44,259,88,4,18,47,102
S01007763,16 to 24,34,7,1,6,27,25,1,0,0,1
S01007763,25 to 34,52,26,10,16,26,20,1,2,2,1
S01007763,35 to 49,72,42,27,15,30,18,0,6,6,0
S01007763,50 to 64,86,47,42,5,39,11,1,5,15,7
S01007763,65 to 74,91,45,45,0,46,9,0,4,16,17
S01007763,75 to 84,97,46,46,0,51,3,0,1,8,39
S01007763,85 and over,51,11,9,2,40,2,1,0,0,37
S01007764,All people aged 16 and over in households,634,410,368,42,224,142,1,18,24,39
S01007764,16 to 24,86,3,1,2,83,83,0,0,0,0
S01007764,25 to 34,62,33,18,15,29,27,0,1,1,0
S01007764,35 to 49,188,142,126,16,46,22,0,11,10,3
S01007764,50 to 64,168,139,134,5,29,7,1,4,10,7
S01007764,65 to 74,84,69,67,2,15,0,0,2,3,10
S01007764,75 to 84,35,21,19,2,14,3,0,0,0,11
S01007764,85 and over,11,3,3,0,8,0,0,0,0,8
S01007765,All people aged 16 and over in households,568,392,358,34,176,84,1,13,25,53
S01007765,16 to 24,37,0,0,0,37,37,0,0,0,0
S01007765,25 to 34,56,32,25,7,24,22,0,0,2,0
S01007765,35 to 49,135,107,87,20,28,12,0,6,10,0
S01007765,50 to 64,143,120,113,7,23,7,1,5,7,3
S01007765,65 to 74,125,94,94,0,31,1,0,2,3,25
S01007765,75 to 84,57,33,33,0,24,5,0,0,3,16
S01007765,85 and over,15,6,6,0,9,0,0,0,0,9
S01007766,All people aged 16 and over in households,777,522,484,38,255,147,2,12,31,63
S01007766,16 to 24,95,3,0,3,92,92,0,0,0,0
S01007766,25 to 34,59,27,17,10,32,29,0,3,0,0
S01007766,35 to 49,171,144,131,13,27,11,0,7,8,1
S01007766,50 to 64,210,182,173,9,28,7,0,1,12,8
S01007766,65 to 74,118,85,83,2,33,5,1,0,7,20
S01007766,75 to 84,108,79,78,1,29,3,1,1,4,20
S01007766,85 and over,16,2,2,0,14,0,0,0,0,14
S01007767,All people aged 16 and over in households,762,502,456,46,260,138,5,17,40,60
S01007767,16 to 24,80,3,0,3,77,77,0,0,0,0
S01007767,25 to 34,57,25,12,13,32,30,0,2,0,0
S01007767,35 to 49,168,130,115,15,38,13,3,7,13,2
S01007767,50 to 64,233,189,177,12,44,10,2,7,15,10
S01007767,65 to 74,120,101,98,3,19,4,0,0,8,7
S01007767,75 to 84,88,50,50,0,38,4,0,1,3,30
S01007767,85 and over,16,4,4,0,12,0,0,0,1,11
S01007768,All people aged 16 and over in households,572,296,224,72,276,126,6,22,56,66
S01007768,16 to 24,65,20,1,19,45,45,0,0,0,0
S01007768,25 to 34,54,30,9,21,24,20,0,1,3,0
S01007768,35 to 49,140,83,63,20,57,32,3,12,10,0
S01007768,50 to 64,143,85,74,11,58,16,2,7,26,7
S01007768,65 to 74,68,41,40,1,27,4,1,2,9,11
S01007768,75 to 84,66,29,29,0,37,5,0,0,7,25
S01007768,85 and over,36,8,8,0,28,4,0,0,1,23
S01007769,All people aged 16 and over in households,616,416,382,34,200,108,5,4,34,49
S01007769,16 to 24,63,1,0,1,62,62,0,0,0,0
S01007769,25 to 34,35,19,11,8,16,16,0,0,0,0
S01007769,35 to 49,134,96,82,14,38,20,2,3,10,3
S01007769,50 to 64,182,155,145,10,27,5,2,0,15,5
S01007769,65 to 74,109,91,91,0,18,0,0,1,7,10
S01007769,75 to 84,78,49,48,1,29,5,1,0,1,22
S01007769,85 and over,15,5,5,0,10,0,0,0,1,9
S01007770,All people aged 16 and over in households,613,418,368,50,195,104,5,12,28,46
S01007770,16 to 24,68,12,0,12,56,56,0,0,0,0
S01007770,25 to 34,43,19,12,7,24,20,1,1,1,1
S01007770,35 to 49,137,104,81,23,33,13,2,5,13,0
S01007770,50 to 64,167,140,133,7,27,7,1,6,10,3
S01007770,65 to 74,107,86,85,1,21,7,1,0,3,10
S01007770,75 to 84,73,49,49,0,24,0,0,0,1,23
S01007770,85 and over,18,8,8,0,10,1,0,0,0,9
S01007771,All people aged 16 and over in households,450,316,298,18,134,65,2,9,11,47
S01007771,16 to 24,32,0,0,0,32,32,0,0,0,0
S01007771,25 to 34,43,23,19,4,20,18,0,2,0,0
S01007771,35 to 49,85,68,60,8,17,9,0,2,3,3
S01007771,50 to 64,116,100,94,6,16,2,1,4,7,2
S01007771,65 to 74,100,83,83,0,17,1,0,1,1,14
S01007771,75 to 84,54,39,39,0,15,2,1,0,0,12
S01007771,85 and over,20,3,3,0,17,1,0,0,0,16
S01007772,All people aged 16 and over in households,846,396,308,88,450,241,4,26,74,105
S01007772,16 to 24,91,22,6,16,69,69,0,0,0,0
S01007772,25 to 34,136,70,40,30,66,60,2,3,1,0
S01007772,35 to 49,188,90,64,26,98,63,0,15,18,2
S01007772,50 to 64,159,84,76,8,75,29,2,7,28,9
S01007772,65 to 74,108,62,57,5,46,4,0,1,21,20
S01007772,75 to 84,120,57,54,3,63,9,0,0,6,48
S01007772,85 and over,44,11,11,0,33,7,0,0,0,26
S01007773,All people aged 16 and over in households,642,466,430,36,176,99,1,13,24,39
S01007773,16 to 24,60,2,0,2,58,58,0,0,0,0
S01007773,25 to 34,45,22,14,8,23,22,0,1,0,0
S01007773,35 to 49,153,121,108,13,32,12,0,11,9,0
S01007773,50 to 64,212,192,180,12,20,4,0,1,12,3
S01007773,65 to 74,111,89,88,1,22,1,0,0,3,18
S01007773,75 to 84,54,38,38,0,16,1,1,0,0,14
S01007773,85 and over,7,2,2,0,5,1,0,0,0,4
S01007774,All people aged 16 and over in households,681,530,414,116,151,102,5,17,18,9
S01007774,16 to 24,76,5,2,3,71,71,0,0,0,0
S01007774,25 to 34,157,134,94,40,23,19,0,2,2,0
S01007774,35 to 49,311,273,218,55,38,11,3,13,10,1
S01007774,50 to 64,103,90,73,17,13,1,1,2,5,4
S01007774,65 to 74,24,21,20,1,3,0,1,0,1,1
S01007774,75 to 84,7,5,5,0,2,0,0,0,0,2
S01007774,85 and over,3,2,2,0,1,0,0,0,0,1
S01007775,All people aged 16 and over in households,654,444,376,68,210,119,6,13,35,37
S01007775,16 to 24,73,9,2,7,64,64,0,0,0,0
S01007775,25 to 34,105,73,53,20,32,28,1,3,0,0
S01007775,35 to 49,220,177,147,30,43,18,3,10,11,1
S01007775,50 to 64,172,141,130,11,31,6,1,0,18,6
S01007775,65 to 74,48,29,29,0,19,3,0,0,4,12
S01007775,75 to 84,28,15,15,0,13,0,0,0,2,11
S01007775,85 and over,8,0,0,0,8,0,1,0,0,7
S01007776,All people aged 16 and over in households,561,376,328,48,185,116,4,15,22,28
S01007776,16 to 24,82,6,0,6,76,76,0,0,0,0
S01007776,25 to 34,60,34,24,10,26,22,0,1,3,0
S01007776,35 to 49,197,163,140,23,34,11,2,11,10,0
S01007776,50 to 64,149,131,125,6,18,6,2,3,6,1
S01007776,65 to 74,35,26,23,3,9,0,0,0,3,6
S01007776,75 to 84,31,14,14,0,17,1,0,0,0,16
S01007776,85 and over,7,2,2,0,5,0,0,0,0,5
S01007777,All people aged 16 and over in households,671,506,408,98,165,120,2,11,22,10
S01007777,16 to 24,94,7,1,6,87,87,0,0,0,0
S01007777,25 to 34,130,109,73,36,21,18,0,2,1,0
S01007777,35 to 49,313,280,238,42,33,11,1,7,13,1
S01007777,50 to 64,110,95,81,14,15,3,1,2,7,2
S01007777,65 to 74,14,9,9,0,5,1,0,0,1,3
S01007777,75 to 84,9,6,6,0,3,0,0,0,0,3
S01007777,85 and over,1,0,0,0,1,0,0,0,0,1
S01007778,All people aged 16 and over in households,326,264,220,44,62,42,1,5,2,12
S01007778,16 to 24,31,1,1,0,30,30,0,0,0,0
S01007778,25 to 34,49,43,31,12,6,5,0,1,0,0
S01007778,35 to 49,148,140,119,21,8,3,1,4,0,0
S01007778,50 to 64,75,68,58,10,7,3,0,0,2,2
S01007778,65 to 74,15,9,8,1,6,1,0,0,0,5
S01007778,75 to 84,6,2,2,0,4,0,0,0,0,4
S01007778,85 and over,2,1,1,0,1,0,0,0,0,1
S01007779,All people aged 16 and over in households,608,402,334,68,206,125,1,26,24,30
S01007779,16 to 24,78,7,0,7,71,71,0,0,0,0
S01007779,25 to 34,73,41,21,20,32,25,1,4,2,0
S01007779,35 to 49,162,113,86,27,49,20,0,17,9,3
S01007779,50 to 64,196,176,163,13,20,3,0,5,10,2
S01007779,65 to 74,68,56,55,1,12,1,0,0,3,8
S01007779,75 to 84,21,6,6,0,15,5,0,0,0,10
S01007779,85 and over,10,3,3,0,7,0,0,0,0,7
S01007780,All people aged 16 and over in households,649,434,328,106,215,148,0,20,22,25
S01007780,16 to 24,89,8,0,8,81,81,0,0,0,0
S01007780,25 to 34,102,66,21,45,36,33,0,3,0,0
S01007780,35 to 49,242,193,153,40,49,26,0,11,11,1
S01007780,50 to 64,153,124,112,12,29,8,0,6,7,8
S01007780,65 to 74,43,30,29,1,13,0,0,0,4,9
S01007780,75 to 84,18,13,13,0,5,0,0,0,0,5
S01007780,85 and over,2,0,0,0,2,0,0,0,0,2
S01007781,All people aged 16 and over in households,736,488,362,126,248,168,3,23,31,23
S01007781,16 to 24,93,12,0,12,81,81,0,0,0,0
S01007781,25 to 34,145,93,45,48,52,48,0,3,1,0
S01007781,35 to 49,236,184,135,49,52,29,1,11,9,2
S01007781,50 to 64,193,157,143,14,36,5,2,7,17,5
S01007781,65 to 74,55,37,34,3,18,4,0,2,3,9
S01007781,75 to 84,12,5,5,0,7,1,0,0,0,6
S01007781,85 and over,2,0,0,0,2,0,0,0,1,1
S01007782,All people aged 16 and over in households,375,174,126,48,201,139,0,19,26,17
S01007782,16 to 24,82,25,6,19,57,57,0,0,0,0
S01007782,25 to 34,75,31,18,13,44,38,0,5,0,1
S01007782,35 to 49,115,58,48,10,57,39,0,7,11,0
S01007782,50 to 64,64,44,42,2,20,3,0,4,11,2
S01007782,65 to 74,27,12,10,2,15,2,0,3,1,9
S01007782,75 to 84,11,4,2,2,7,0,0,0,3,4
S01007782,85 and over,1,0,0,0,1,0,0,0,0,1
S01007783,All people aged 16 and over in households,637,286,226,60,351,196,0,26,67,62
S01007783,16 to 24,70,6,1,5,64,64,0,0,0,0
S01007783,25 to 34,82,32,13,19,50,40,0,8,2,0
S01007783,35 to 49,138,50,29,21,88,63,0,4,15,6
S01007783,50 to 64,163,92,82,10,71,25,0,11,27,8
S01007783,65 to 74,135,84,81,3,51,2,0,2,20,27
S01007783,75 to 84,41,22,20,2,19,0,0,1,3,15
S01007783,85 and over,8,0,0,0,8,2,0,0,0,6
S01007784,All people aged 16 and over in households,531,314,216,98,217,151,5,19,30,12
S01007784,16 to 24,80,8,2,6,72,72,0,0,0,0
S01007784,25 to 34,125,77,25,52,48,44,0,1,3,0
S01007784,35 to 49,190,137,109,28,53,27,1,13,11,1
S01007784,50 to 64,107,76,65,11,31,5,2,4,13,7
S01007784,65 to 74,19,10,9,1,9,0,1,1,3,4
S01007784,75 to 84,9,5,5,0,4,3,1,0,0,0
S01007784,85 and over,1,1,1,0,0,0,0,0,0,0
S01007785,All people aged 16 and over in households,438,144,96,48,294,174,4,25,52,39
S01007785,16 to 24,97,8,0,8,89,86,2,1,0,0
S01007785,25 to 34,64,16,4,12,48,38,1,3,6,0
S01007785,35 to 49,112,53,40,13,59,34,0,10,12,3
S01007785,50 to 64,98,52,38,14,46,10,0,9,21,6
S01007785,65 to 74,33,12,11,1,21,1,0,2,10,8
S01007785,75 to 84,22,3,3,0,19,4,1,0,3,11
S01007785,85 and over,12,0,0,0,12,1,0,0,0,11
S01007786,All people aged 16 and over in households,612,320,268,52,292,157,2,21,47,65
S01007786,16 to 24,69,7,0,7,62,62,0,0,0,0
S01007786,25 to 34,80,38,19,19,42,35,0,2,4,1
S01007786,35 to 49,131,75,66,9,56,34,0,8,9,5
S01007786,50 to 64,190,122,109,13,68,23,0,11,27,7
S01007786,65 to 74,86,63,59,4,23,2,0,0,4,17
S01007786,75 to 84,47,15,15,0,32,1,2,0,3,26
S01007786,85 and over,9,0,0,0,9,0,0,0,0,9
S01007787,All people aged 16 and over in households,522,288,230,58,234,138,4,17,41,34
S01007787,16 to 24,79,13,4,9,66,64,0,2,0,0
S01007787,25 to 34,71,23,16,7,48,43,0,4,1,0
S01007787,35 to 49,118,85,61,24,33,19,1,3,10,0
S01007787,50 to 64,157,114,97,17,43,9,0,8,20,6
S01007787,65 to 74,64,43,42,1,21,2,0,0,9,10
S01007787,75 to 84,24,10,10,0,14,1,2,0,1,10
S01007787,85 and over,9,0,0,0,9,0,1,0,0,8
S01007788,All people aged 16 and over in households,466,180,114,66,286,199,1,26,47,13
S01007788,16 to 24,97,8,3,5,89,89,0,0,0,0
S01007788,25 to 34,108,44,17,27,64,58,0,3,3,0
S01007788,35 to 49,139,69,39,30,70,35,0,10,22,3
S01007788,50 to 64,89,46,42,4,43,15,1,10,14,3
S01007788,65 to 74,22,7,7,0,15,1,0,3,7,4
S01007788,75 to 84,9,6,6,0,3,1,0,0,1,1
S01007788,85 and over,2,0,0,0,2,0,0,0,0,2
S01007789,All people aged 16 and over in households,459,188,144,44,271,202,0,16,38,15
S01007789,16 to 24,112,3,2,1,109,109,0,0,0,0
S01007789,25 to 34,74,28,11,17,46,37,0,6,3,0
S01007789,35 to 49,168,90,67,23,78,46,0,7,18,7
S01007789,50 to 64,80,48,45,3,32,10,0,3,17,2
S01007789,65 to 74,21,16,16,0,5,0,0,0,0,5
S01007789,75 to 84,4,3,3,0,1,0,0,0,0,1
S01007789,85 and over,0,0,0,0,0,0,0,0,0,0
S01007790,All people aged 16 and over in households,560,210,128,82,350,254,1,32,49,14
S01007790,16 to 24,113,9,1,8,104,104,0,0,0,0
S01007790,25 to 34,125,45,18,27,80,70,0,5,5,0
S01007790,35 to 49,202,104,66,38,98,55,0,17,24,2
S01007790,50 to 64,91,41,34,7,50,22,0,7,17,4
S01007790,65 to 74,20,9,7,2,11,3,0,2,3,3
S01007790,75 to 84,5,0,0,0,5,0,0,1,0,4
S01007790,85 and over,4,2,2,0,2,0,1,0,0,1
S01007791,All people aged 16 and over in households,365,270,202,68,95,58,2,8,16,11
S01007791,16 to 24,46,6,1,5,40,40,0,0,0,0
S01007791,25 to 34,74,64,33,31,10,6,1,2,1,0
S01007791,35 to 49,136,114,91,23,22,11,0,6,5,0
S01007791,50 to 64,76,65,57,8,11,1,0,0,8,2
S01007791,65 to 74,22,15,14,1,7,0,0,0,1,6
S01007791,75 to 84,10,6,6,0,4,0,1,0,1,2
S01007791,85 and over,1,0,0,0,1,0,0,0,0,1
S01007792,All people aged 16 and over in households,709,398,322,76,311,174,9,23,53,52
S01007792,16 to 24,84,15,1,14,69,69,0,0,0,0
S01007792,25 to 34,102,43,17,26,59,51,0,8,0,0
S01007792,35 to 49,147,87,68,19,60,35,2,5,16,2
S01007792,50 to 64,222,149,134,15,73,13,3,10,30,17
S01007792,65 to 74,94,70,68,2,24,3,2,0,5,14
S01007792,75 to 84,49,31,31,0,18,3,1,0,1,13
S01007792,85 and over,11,3,3,0,8,0,1,0,1,6
S01007793,All people aged 16 and over in households,724,298,214,84,426,212,6,35,89,84
S01007793,16 to 24,117,19,5,14,98,96,0,0,2,0
S01007793,25 to 34,118,58,29,29,60,51,1,5,3,0
S01007793,35 to 49,155,70,49,21,85,42,2,15,25,1
S01007793,50 to 64,155,76,63,13,79,13,2,10,39,15
S01007793,65 to 74,101,54,48,6,47,6,1,3,16,21
S01007793,75 to 84,54,18,17,1,36,4,0,2,2,28
S01007793,85 and over,24,3,3,0,21,0,0,0,2,19
S01007794,All people aged 16 and over in households,448,236,198,38,212,140,1,15,28,28
S01007794,16 to 24,61,4,0,4,57,56,0,0,0,1
S01007794,25 to 34,75,32,14,18,43,39,0,2,2,0
S01007794,35 to 49,96,58,47,11,38,23,0,9,6,0
S01007794,50 to 64,131,90,87,3,41,17,0,2,16,6
S01007794,65 to 74,64,41,39,2,23,5,1,1,3,13
S01007794,75 to 84,15,8,8,0,7,0,0,1,0,6
S01007794,85 and over,6,3,3,0,3,0,0,0,1,2
S01007795,All people aged 16 and over in households,458,252,196,56,206,123,3,10,36,34
S01007795,16 to 24,55,5,2,3,50,50,0,0,0,0
S01007795,25 to 34,88,42,21,21,46,43,1,0,2,0
S01007795,35 to 49,95,51,36,15,44,15,2,7,14,6
S01007795,50 to 64,145,109,95,14,36,13,0,2,11,10
S01007795,65 to 74,52,33,31,2,19,2,0,1,8,8
S01007795,75 to 84,14,8,7,1,6,0,0,0,1,5
S01007795,85 and over,9,4,4,0,5,0,0,0,0,5
S01007796,All people aged 16 and over in households,528,272,210,62,256,162,3,18,43,30
S01007796,16 to 24,80,10,1,9,70,70,0,0,0,0
S01007796,25 to 34,90,35,14,21,55,49,1,2,2,1
S01007796,35 to 49,156,111,88,23,45,24,0,7,14,0
S01007796,50 to 64,117,74,65,9,43,14,2,8,14,5
S01007796,65 to 74,51,30,30,0,21,1,0,1,11,8
S01007796,75 to 84,28,11,11,0,17,4,0,0,1,12
S01007796,85 and over,6,1,1,0,5,0,0,0,1,4
S01007797,All people aged 16 and over in households,406,172,136,36,234,147,2,13,41,31
S01007797,16 to 24,67,8,6,2,59,59,0,0,0,0
S01007797,25 to 34,54,22,13,9,32,27,1,2,2,0
S01007797,35 to 49,118,51,38,13,67,46,1,7,13,0
S01007797,50 to 64,89,54,42,12,35,6,0,2,17,10
S01007797,65 to 74,48,24,24,0,24,7,0,2,6,9
S01007797,75 to 84,24,10,10,0,14,1,0,0,3,10
S01007797,85 and over,6,3,3,0,3,1,0,0,0,2
S01007798,All people aged 16 and over in households,494,328,236,92,166,116,6,10,19,15
S01007798,16 to 24,85,10,2,8,75,73,2,0,0,0
S01007798,25 to 34,104,74,45,29,30,27,1,2,0,0
S01007798,35 to 49,190,161,115,46,29,11,1,7,10,0
S01007798,50 to 64,84,65,57,8,19,5,2,1,8,3
S01007798,65 to 74,16,14,13,1,2,0,0,0,1,1
S01007798,75 to 84,12,4,4,0,8,0,0,0,0,8
S01007798,85 and over,3,0,0,0,3,0,0,0,0,3
S01007799,All people aged 16 and over in households,430,320,242,78,110,86,0,12,8,4
S01007799,16 to 24,65,7,0,7,58,58,0,0,0,0
S01007799,25 to 34,87,68,45,23,19,19,0,0,0,0
S01007799,35 to 49,187,166,130,36,21,7,0,9,4,1
S01007799,50 to 64,80,70,59,11,10,2,0,3,3,2
S01007799,65 to 74,8,6,5,1,2,0,0,0,1,1
S01007799,75 to 84,3,3,3,0,0,0,0,0,0,0
S01007799,85 and over,0,0,0,0,0,0,0,0,0,0
S01007800,All people aged 16 and over in households,677,302,232,70,375,255,3,27,51,39
S01007800,16 to 24,110,16,7,9,94,93,0,0,1,0
S01007800,25 to 34,110,32,11,21,78,73,0,4,0,1
S01007800,35 to 49,189,87,61,26,102,63,3,13,18,5
S01007800,50 to 64,168,115,103,12,53,15,0,8,24,6
S01007800,65 to 74,73,39,37,2,34,9,0,1,8,16
S01007800,75 to 84,21,11,11,0,10,2,0,0,0,8
S01007800,85 and over,6,2,2,0,4,0,0,1,0,3
S01007801,All people aged 16 and over in households,659,260,174,86,399,239,6,38,57,59
S01007801,16 to 24,116,14,1,13,102,102,0,0,0,0
S01007801,25 to 34,91,32,14,18,59,48,3,7,1,0
S01007801,35 to 49,157,73,42,31,84,58,3,10,11,2
S01007801,50 to 64,185,101,84,17,84,17,0,17,34,16
S01007801,65 to 74,71,30,24,6,41,7,0,4,10,20
S01007801,75 to 84,29,10,9,1,19,5,0,0,1,13
S01007801,85 and over,10,0,0,0,10,2,0,0,0,8
S01007802,All people aged 16 and over in households,403,280,202,78,123,82,3,12,19,7
S01007802,16 to 24,56,8,2,6,48,48,0,0,0,0
S01007802,25 to 34,98,73,45,28,25,21,1,0,3,0
S01007802,35 to 49,161,134,99,35,27,12,0,10,4,1
S01007802,50 to 64,74,57,48,9,17,1,2,1,9,4
S01007802,65 to 74,9,4,4,0,5,0,0,1,3,1
S01007802,75 to 84,3,3,3,0,0,0,0,0,0,0
S01007802,85 and over,2,1,1,0,1,0,0,0,0,1
S01007803,All people aged 16 and over in households,808,294,204,90,514,290,4,46,93,81
S01007803,16 to 24,139,18,1,17,121,120,0,1,0,0
S01007803,25 to 34,118,41,23,18,77,66,0,7,4,0
S01007803,35 to 49,204,97,56,41,107,71,1,17,15,3
S01007803,50 to 64,181,76,64,12,105,21,1,16,49,18
S01007803,65 to 74,86,35,33,2,51,8,1,4,18,20
S01007803,75 to 84,68,22,22,0,46,2,1,1,7,35
S01007803,85 and over,12,5,5,0,7,2,0,0,0,5
S01007804,All people aged 16 and over in households,452,168,114,54,284,192,2,23,45,22
S01007804,16 to 24,93,12,1,11,81,81,0,0,0,0
S01007804,25 to 34,89,32,10,22,57,55,1,1,0,0
S01007804,35 to 49,106,46,34,12,60,34,0,7,18,1
S01007804,50 to 64,113,52,44,8,61,19,1,13,19,9
S01007804,65 to 74,26,15,14,1,11,2,0,1,7,1
S01007804,75 to 84,17,10,10,0,7,0,0,1,1,5
S01007804,85 and over,8,1,1,0,7,1,0,0,0,6
S01007805,All people aged 16 and over in households,366,150,102,48,216,147,0,23,24,22
S01007805,16 to 24,74,9,5,4,65,65,0,0,0,0
S01007805,25 to 34,87,47,20,27,40,37,0,2,1,0
S01007805,35 to 49,102,44,30,14,58,36,0,10,10,2
S01007805,50 to 64,76,40,37,3,36,8,0,11,10,7
S01007805,65 to 74,12,6,6,0,6,1,0,0,2,3
S01007805,75 to 84,12,4,4,0,8,0,0,0,1,7
S01007805,85 and over,3,0,0,0,3,0,0,0,0,3
S01007806,All people aged 16 and over in households,520,286,226,60,234,127,1,16,46,44
S01007806,16 to 24,55,10,0,10,45,44,1,0,0,0
S01007806,25 to 34,99,59,28,31,40,37,0,2,1,0
S01007806,35 to 49,105,58,44,14,47,29,0,5,13,0
S01007806,50 to 64,141,93,88,5,48,14,0,7,19,8
S01007806,65 to 74,63,36,36,0,27,1,0,1,11,14
S01007806,75 to 84,48,26,26,0,22,1,0,1,2,18
S01007806,85 and over,9,4,4,0,5,1,0,0,0,4
S01007807,All people aged 16 and over in households,548,360,284,76,188,124,3,14,21,26
S01007807,16 to 24,77,9,1,8,68,68,0,0,0,0
S01007807,25 to 34,92,56,32,24,36,33,1,2,0,0
S01007807,35 to 49,168,137,109,28,31,10,0,10,9,2
S01007807,50 to 64,139,109,96,13,30,10,2,1,11,6
S01007807,65 to 74,39,27,24,3,12,1,0,1,1,9
S01007807,75 to 84,25,20,20,0,5,2,0,0,0,3
S01007807,85 and over,8,2,2,0,6,0,0,0,0,6
S01007808,All people aged 16 and over in households,635,356,262,94,279,192,5,19,36,27
S01007808,16 to 24,103,10,3,7,93,93,0,0,0,0
S01007808,25 to 34,113,62,33,29,51,45,0,5,0,1
S01007808,35 to 49,216,138,96,42,78,38,1,10,23,6
S01007808,50 to 64,138,104,89,15,34,13,2,4,11,4
S01007808,65 to 74,45,31,30,1,14,2,2,0,1,9
S01007808,75 to 84,18,11,11,0,7,1,0,0,1,5
S01007808,85 and over,2,0,0,0,2,0,0,0,0,2
S01007809,All people aged 16 and over in households,790,522,458,64,268,155,2,11,24,76
S01007809,16 to 24,97,4,1,3,93,93,0,0,0,0
S01007809,25 to 34,66,46,27,19,20,19,0,1,0,0
S01007809,35 to 49,185,146,114,32,39,21,0,7,10,1
S01007809,50 to 64,222,187,177,10,35,15,0,3,9,8
S01007809,65 to 74,105,73,73,0,32,4,0,0,4,24
S01007809,75 to 84,83,54,54,0,29,3,1,0,0,25
S01007809,85 and over,32,12,12,0,20,0,1,0,1,18
S01007810,All people aged 16 and over in households,690,340,272,68,350,203,4,25,47,71
S01007810,16 to 24,101,2,1,1,99,97,2,0,0,0
S01007810,25 to 34,94,55,32,23,39,34,1,2,2,0
S01007810,35 to 49,178,101,72,29,77,51,0,10,11,5
S01007810,50 to 64,173,118,107,11,55,15,0,10,20,10
S01007810,65 to 74,84,45,43,2,39,6,0,3,12,18
S01007810,75 to 84,44,17,15,2,27,0,1,0,2,24
S01007810,85 and over,16,2,2,0,14,0,0,0,0,14
S01007811,All people aged 16 and over in households,638,328,240,88,310,205,8,13,38,46
S01007811,16 to 24,113,11,0,11,102,102,0,0,0,0
S01007811,25 to 34,108,58,28,30,50,46,0,1,1,2
S01007811,35 to 49,170,98,68,30,72,45,4,10,11,2
S01007811,50 to 64,159,116,101,15,43,10,3,2,17,11
S01007811,65 to 74,56,33,31,2,23,2,1,0,7,13
S01007811,75 to 84,28,11,11,0,17,0,0,0,2,15
S01007811,85 and over,4,1,1,0,3,0,0,0,0,3
S01007812,All people aged 16 and over in households,589,270,186,84,319,221,3,23,51,21
S01007812,16 to 24,113,11,1,10,102,102,0,0,0,0
S01007812,25 to 34,98,47,24,23,51,49,0,1,1,0
S01007812,35 to 49,207,118,78,40,89,56,1,10,17,5
S01007812,50 to 64,130,79,71,8,51,11,2,11,25,2
S01007812,65 to 74,30,11,8,3,19,2,0,1,6,10
S01007812,75 to 84,10,3,3,0,7,1,0,0,2,4
S01007812,85 and over,1,1,1,0,0,0,0,0,0,0
S01007813,All people aged 16 and over in households,580,276,212,64,304,188,5,28,51,32
S01007813,16 to 24,96,9,0,9,87,86,0,1,0,0
S01007813,25 to 34,102,42,28,14,60,54,1,5,0,0
S01007813,35 to 49,149,70,49,21,79,35,2,15,26,1
S01007813,50 to 64,144,109,94,15,35,8,1,3,11,12
S01007813,65 to 74,56,36,31,5,20,1,0,3,8,8
S01007813,75 to 84,21,6,6,0,15,4,1,1,1,8
S01007813,85 and over,12,4,4,0,8,0,0,0,5,3
S01007814,All people aged 16 and over in households,468,274,216,58,194,123,0,8,25,38
S01007814,16 to 24,66,1,0,1,65,64,0,1,0,0
S01007814,25 to 34,53,31,15,16,22,22,0,0,0,0
S01007814,35 to 49,127,90,65,25,37,27,0,3,5,2
S01007814,50 to 64,137,108,94,14,29,8,0,4,15,2
S01007814,65 to 74,52,29,29,0,23,1,0,0,5,17
S01007814,75 to 84,31,14,12,2,17,1,0,0,0,16
S01007814,85 and over,2,1,1,0,1,0,0,0,0,1
S01007815,All people aged 16 and over in households,748,484,424,60,264,175,2,7,27,53
S01007815,16 to 24,127,2,0,2,125,125,0,0,0,0
S01007815,25 to 34,56,42,24,18,14,14,0,0,0,0
S01007815,35 to 49,189,150,126,24,39,19,1,5,12,2
S01007815,50 to 64,214,181,169,12,33,11,0,2,11,9
S01007815,65 to 74,88,72,68,4,16,3,1,0,2,10
S01007815,75 to 84,49,29,29,0,20,1,0,0,2,17
S01007815,85 and over,25,8,8,0,17,2,0,0,0,15
S01007816,All people aged 16 and over in households,558,368,328,40,190,120,3,13,17,37
S01007816,16 to 24,66,4,0,4,62,62,0,0,0,0
S01007816,25 to 34,80,43,25,18,37,35,2,0,0,0
S01007816,35 to 49,131,104,91,13,27,14,0,7,6,0
S01007816,50 to 64,177,147,142,5,30,8,0,6,5,11
S01007816,65 to 74,69,53,53,0,16,1,0,0,3,12
S01007816,75 to 84,34,17,17,0,17,0,1,0,3,13
S01007816,85 and over,1,0,0,0,1,0,0,0,0,1
S01007817,All people aged 16 and over in households,393,230,184,46,163,85,3,9,19,47
S01007817,16 to 24,32,1,0,1,31,31,0,0,0,0
S01007817,25 to 34,33,9,2,7,24,22,0,2,0,0
S01007817,35 to 49,92,62,40,22,30,18,0,5,4,3
S01007817,50 to 64,106,75,63,12,31,11,2,2,10,6
S01007817,65 to 74,92,65,62,3,27,2,1,0,4,20
S01007817,75 to 84,32,18,17,1,14,1,0,0,1,12
S01007817,85 and over,6,0,0,0,6,0,0,0,0,6
S01007818,All people aged 16 and over in households,607,416,328,88,191,118,4,15,19,35
S01007818,16 to 24,74,10,2,8,64,64,0,0,0,0
S01007818,25 to 34,80,51,28,23,29,29,0,0,0,0
S01007818,35 to 49,194,152,117,35,42,19,2,10,8,3
S01007818,50 to 64,156,135,117,18,21,3,1,3,11,3
S01007818,65 to 74,65,54,50,4,11,1,1,2,0,7
S01007818,75 to 84,32,13,13,0,19,2,0,0,0,17
S01007818,85 and over,6,1,1,0,5,0,0,0,0,5
S01007819,All people aged 16 and over in households,675,418,328,90,257,142,2,11,36,66
S01007819,16 to 24,70,4,2,2,66,66,0,0,0,0
S01007819,25 to 34,76,37,11,26,39,37,1,0,1,0
S01007819,35 to 49,187,140,101,39,47,27,1,5,14,0
S01007819,50 to 64,143,111,92,19,32,3,0,5,15,9
S01007819,65 to 74,118,83,82,1,35,7,0,1,2,25
S01007819,75 to 84,70,43,40,3,27,1,0,0,4,22
S01007819,85 and over,11,0,0,0,11,1,0,0,0,10
S01007820,All people aged 16 and over in households,782,436,356,80,346,198,8,25,41,74
S01007820,16 to 24,109,8,0,8,101,101,0,0,0,0
S01007820,25 to 34,83,38,21,17,45,39,3,2,1,0
S01007820,35 to 49,204,138,97,41,66,39,2,10,14,1
S01007820,50 to 64,178,133,123,10,45,9,2,7,16,11
S01007820,65 to 74,130,82,78,4,48,3,0,5,7,33
S01007820,75 to 84,61,30,30,0,31,7,1,1,3,19
S01007820,85 and over,17,7,7,0,10,0,0,0,0,10
S01007821,All people aged 16 and over in households,469,272,220,52,197,112,1,12,36,36
S01007821,16 to 24,59,6,0,6,53,52,0,1,0,0
S01007821,25 to 34,62,34,17,17,28,25,1,0,2,0
S01007821,35 to 49,107,63,42,21,44,21,0,7,15,1
S01007821,50 to 64,121,86,79,7,35,11,0,4,15,5
S01007821,65 to 74,70,59,58,1,11,1,0,0,2,8
S01007821,75 to 84,45,24,24,0,21,2,0,0,2,17
S01007821,85 and over,5,0,0,0,5,0,0,0,0,5
S01007822,All people aged 16 and over in households,634,402,346,56,232,120,0,17,23,72
S01007822,16 to 24,59,2,0,2,57,57,0,0,0,0
S01007822,25 to 34,56,29,15,14,27,25,0,1,1,0
S01007822,35 to 49,136,100,79,21,36,22,0,10,4,0
S01007822,50 to 64,187,154,140,14,33,9,0,3,10,11
S01007822,65 to 74,104,75,70,5,29,3,0,2,5,19
S01007822,75 to 84,72,36,36,0,36,3,0,1,2,30
S01007822,85 and over,20,6,6,0,14,1,0,0,1,12
S01007823,All people aged 16 and over in households,611,362,306,56,249,159,4,11,32,43
S01007823,16 to 24,87,11,2,9,76,76,0,0,0,0
S01007823,25 to 34,66,33,20,13,33,32,0,1,0,0
S01007823,35 to 49,126,87,70,17,39,27,0,7,5,0
S01007823,50 to 64,182,137,128,9,45,16,1,2,20,6
S01007823,65 to 74,77,51,46,5,26,7,1,1,6,11
S01007823,75 to 84,56,37,35,2,19,0,2,0,1,16
S01007823,85 and over,17,6,5,1,11,1,0,0,0,10
S01007824,All people aged 16 and over in households,632,354,312,42,278,139,4,15,41,79
S01007824,16 to 24,70,3,2,1,67,67,0,0,0,0
S01007824,25 to 34,68,36,24,12,32,28,0,3,1,0
S01007824,35 to 49,135,89,74,15,46,29,1,6,9,1
S01007824,50 to 64,167,128,116,12,39,6,0,6,20,7
S01007824,65 to 74,93,59,57,2,34,5,1,0,5,23
S01007824,75 to 84,78,36,36,0,42,4,2,0,5,31
S01007824,85 and over,21,3,3,0,18,0,0,0,1,17
S01007825,All people aged 16 and over in households,876,536,454,82,340,193,3,8,44,92
S01007825,16 to 24,95,13,1,12,82,82,0,0,0,0
S01007825,25 to 34,83,43,22,21,40,38,1,0,1,0
S01007825,35 to 49,207,155,127,28,52,35,0,4,13,0
S01007825,50 to 64,239,185,165,20,54,21,1,3,21,8
S01007825,65 to 74,111,81,80,1,30,4,0,1,4,21
S01007825,75 to 84,115,55,55,0,60,9,1,0,4,46
S01007825,85 and over,26,4,4,0,22,4,0,0,1,17
S01007826,All people aged 16 and over in households,440,184,132,52,256,139,6,21,47,43
S01007826,16 to 24,57,3,1,2,54,53,0,1,0,0
S01007826,25 to 34,66,33,14,19,33,30,0,1,2,0
S01007826,35 to 49,116,55,32,23,61,40,2,9,10,0
S01007826,50 to 64,98,48,43,5,50,9,0,7,23,11
S01007826,65 to 74,48,27,25,2,21,5,0,2,8,6
S01007826,75 to 84,42,14,13,1,28,2,4,1,4,17
S01007826,85 and over,13,4,4,0,9,0,0,0,0,9
S01007827,All people aged 16 and over in households,495,240,174,66,255,172,7,14,43,19
S01007827,16 to 24,94,17,1,16,77,76,0,1,0,0
S01007827,25 to 34,123,67,37,30,56,55,0,1,0,0
S01007827,35 to 49,119,57,47,10,62,29,3,7,21,2
S01007827,50 to 64,122,82,72,10,40,11,2,3,18,6
S01007827,65 to 74,19,11,11,0,8,1,1,1,2,3
S01007827,75 to 84,16,6,6,0,10,0,1,1,2,6
S01007827,85 and over,2,0,0,0,2,0,0,0,0,2
S01007828,All people aged 16 and over in households,836,326,206,120,510,290,3,31,90,96
S01007828,16 to 24,95,24,5,19,71,71,0,0,0,0
S01007828,25 to 34,180,85,27,58,95,94,0,0,1,0
S01007828,35 to 49,164,62,35,27,102,66,1,10,23,2
S01007828,50 to 64,176,82,66,16,94,32,1,12,40,9
S01007828,65 to 74,91,36,36,0,55,8,1,7,18,21
S01007828,75 to 84,95,30,30,0,65,11,0,2,7,45
S01007828,85 and over,35,7,7,0,28,8,0,0,1,19
S01007829,All people aged 16 and over in households,539,244,204,40,295,136,2,11,49,97
S01007829,16 to 24,44,6,1,5,38,38,0,0,0,0
S01007829,25 to 34,65,27,20,7,38,35,0,0,3,0
S01007829,35 to 49,81,44,29,15,37,27,0,4,5,1
S01007829,50 to 64,116,63,55,8,53,18,0,3,21,11
S01007829,65 to 74,115,60,56,4,55,7,1,3,13,31
S01007829,75 to 84,96,40,40,0,56,8,1,1,7,39
S01007829,85 and over,22,4,3,1,18,3,0,0,0,15
S01007830,All people aged 16 and over in households,818,324,236,88,494,268,7,21,88,110
S01007830,16 to 24,102,14,2,12,88,87,0,0,1,0
S01007830,25 to 34,134,59,24,35,75,66,4,1,4,0
S01007830,35 to 49,155,67,45,22,88,53,0,7,20,8
S01007830,50 to 64,173,88,76,12,85,37,2,6,30,10
S01007830,65 to 74,133,67,62,5,66,13,0,4,18,31
S01007830,75 to 84,93,28,26,2,65,10,1,3,10,41
S01007830,85 and over,28,1,1,0,27,2,0,0,5,20
S01007831,All people aged 16 and over in households,742,288,214,74,454,294,4,24,66,66
S01007831,16 to 24,105,14,4,10,91,89,1,0,1,0
S01007831,25 to 34,124,46,27,19,78,76,0,1,1,0
S01007831,35 to 49,158,58,39,19,100,75,0,11,14,0
S01007831,50 to 64,160,82,64,18,78,35,1,7,27,8
S01007831,65 to 74,86,47,42,5,39,10,1,4,12,12
S01007831,75 to 84,87,35,33,2,52,8,0,1,10,33
S01007831,85 and over,22,6,5,1,16,1,1,0,1,13
S01007832,All people aged 16 and over in households,551,238,166,72,313,192,2,16,48,55
S01007832,16 to 24,67,14,2,12,53,51,1,0,1,0
S01007832,25 to 34,86,39,18,21,47,46,0,0,0,1
S01007832,35 to 49,126,57,39,18,69,52,0,5,11,1
S01007832,50 to 64,135,64,51,13,71,30,1,9,23,8
S01007832,65 to 74,75,38,34,4,37,7,0,1,9,20
S01007832,75 to 84,50,25,21,4,25,3,0,1,4,17
S01007832,85 and over,12,1,1,0,11,3,0,0,0,8
S01007833,All people aged 16 and over in households,731,366,320,46,365,148,12,21,52,132
S01007833,16 to 24,46,2,0,2,44,43,0,0,1,0
S01007833,25 to 34,42,21,6,15,21,18,2,0,0,1
S01007833,35 to 49,86,44,31,13,42,28,0,5,9,0
S01007833,50 to 64,174,104,95,9,70,29,2,8,23,8
S01007833,65 to 74,171,105,98,7,66,17,1,7,12,29
S01007833,75 to 84,147,74,74,0,73,7,5,1,4,56
S01007833,85 and over,65,16,16,0,49,6,2,0,3,38
S01007834,All people aged 16 and over in households,625,222,150,72,403,274,8,15,73,33
S01007834,16 to 24,98,15,2,13,83,83,0,0,0,0
S01007834,25 to 34,153,60,29,31,93,84,5,3,1,0
S01007834,35 to 49,141,57,37,20,84,63,0,3,18,0
S01007834,50 to 64,121,45,39,6,76,28,2,8,38,0
S01007834,65 to 74,55,27,25,2,28,7,0,1,13,7
S01007834,75 to 84,45,14,14,0,31,8,1,0,3,19
S01007834,85 and over,12,4,4,0,8,1,0,0,0,7
S01007835,All people aged 16 and over in households,580,312,244,68,268,153,5,18,42,50
S01007835,16 to 24,66,8,1,7,58,57,0,0,1,0
S01007835,25 to 34,87,43,18,25,44,40,1,2,1,0
S01007835,35 to 49,132,97,77,20,35,23,1,6,5,0
S01007835,50 to 64,136,95,81,14,41,17,3,5,15,1
S01007835,65 to 74,78,47,47,0,31,4,0,4,7,16
S01007835,75 to 84,64,21,19,2,43,7,0,1,13,22
S01007835,85 and over,17,1,1,0,16,5,0,0,0,11
S01007836,All people aged 16 and over in households,468,246,202,44,222,121,3,12,29,57
S01007836,16 to 24,41,3,1,2,38,37,0,0,1,0
S01007836,25 to 34,62,33,12,21,29,28,0,1,0,0
S01007836,35 to 49,96,59,44,15,37,28,1,7,1,0
S01007836,50 to 64,128,83,79,4,45,18,1,4,17,5
S01007836,65 to 74,53,33,32,1,20,5,0,0,5,10
S01007836,75 to 84,57,28,28,0,29,2,1,0,2,24
S01007836,85 and over,31,7,6,1,24,3,0,0,3,18
S01007837,All people aged 16 and over in households,695,458,416,42,237,121,4,14,31,67
S01007837,16 to 24,69,3,0,3,66,66,0,0,0,0
S01007837,25 to 34,52,22,10,12,30,28,0,0,2,0
S01007837,35 to 49,117,86,70,16,31,19,0,6,6,0
S01007837,50 to 64,245,205,198,7,40,6,0,7,19,8
S01007837,65 to 74,111,85,81,4,26,0,0,0,3,23
S01007837,75 to 84,86,53,53,0,33,1,3,1,1,27
S01007837,85 and over,15,4,4,0,11,1,1,0,0,9
S01007838,All people aged 16 and over in households,738,470,410,60,268,145,6,16,36,65
S01007838,16 to 24,86,6,0,6,80,80,0,0,0,0
S01007838,25 to 34,61,38,12,26,23,21,1,1,0,0
S01007838,35 to 49,147,104,88,16,43,22,2,9,10,0
S01007838,50 to 64,187,140,128,12,47,12,1,6,21,7
S01007838,65 to 74,121,99,99,0,22,6,0,0,5,11
S01007838,75 to 84,110,70,70,0,40,4,1,0,0,35
S01007838,85 and over,26,13,13,0,13,0,1,0,0,12
S01007839,All people aged 16 and over in households,477,242,198,44,235,117,2,11,28,77
S01007839,16 to 24,57,3,0,3,54,53,0,0,0,1
S01007839,25 to 34,51,26,18,8,25,24,0,0,1,0
S01007839,35 to 49,81,54,36,18,27,16,0,3,7,1
S01007839,50 to 64,70,48,38,10,22,10,0,4,6,2
S01007839,65 to 74,85,55,50,5,30,6,0,3,4,17
S01007839,75 to 84,97,44,44,0,53,6,0,1,9,37
S01007839,85 and over,36,12,12,0,24,2,2,0,1,19
S01007840,All people aged 16 and over in households,647,272,198,74,375,225,7,18,72,53
S01007840,16 to 24,90,29,4,25,61,61,0,0,0,0
S01007840,25 to 34,119,54,20,34,65,64,0,1,0,0
S01007840,35 to 49,156,54,43,11,102,65,3,9,21,4
S01007840,50 to 64,118,54,51,3,64,21,0,5,31,7
S01007840,65 to 74,81,44,43,1,37,9,2,1,14,11
S01007840,75 to 84,71,32,32,0,39,3,2,2,6,26
S01007840,85 and over,12,5,5,0,7,2,0,0,0,5
S01007841,All people aged 16 and over in households,566,264,198,66,302,180,9,13,51,49
S01007841,16 to 24,82,16,0,16,66,66,0,0,0,0
S01007841,25 to 34,110,52,19,33,58,51,4,1,2,0
S01007841,35 to 49,148,79,66,13,69,40,1,7,19,2
S01007841,50 to 64,106,53,50,3,53,18,1,4,25,5
S01007841,65 to 74,58,36,36,0,22,3,2,0,4,13
S01007841,75 to 84,50,25,24,1,25,2,0,1,1,21
S01007841,85 and over,12,3,3,0,9,0,1,0,0,8
S01007842,All people aged 16 and over in households,575,202,128,74,373,265,8,29,49,22
S01007842,16 to 24,108,14,0,14,94,92,0,1,0,1
S01007842,25 to 34,174,64,28,36,110,98,3,6,3,0
S01007842,35 to 49,130,46,30,16,84,59,0,9,14,2
S01007842,50 to 64,101,43,36,7,58,16,2,11,25,4
S01007842,65 to 74,39,27,26,1,12,0,1,0,5,6
S01007842,75 to 84,15,6,6,0,9,0,2,2,1,4
S01007842,85 and over,8,2,2,0,6,0,0,0,1,5
S01007843,All people aged 16 and over in households,578,248,164,84,330,187,6,18,65,54
S01007843,16 to 24,109,20,0,20,89,88,1,0,0,0
S01007843,25 to 34,92,39,16,23,53,47,2,2,2,0
S01007843,35 to 49,154,82,62,20,72,33,0,11,25,3
S01007843,50 to 64,115,60,46,14,55,13,0,4,31,7
S01007843,65 to 74,52,34,31,3,18,5,1,0,4,8
S01007843,75 to 84,53,13,9,4,40,1,2,1,3,33
S01007843,85 and over,3,0,0,0,3,0,0,0,0,3
S01007844,All people aged 16 and over in households,773,280,194,86,493,324,5,28,85,51
S01007844,16 to 24,127,20,0,20,107,107,0,0,0,0
S01007844,25 to 34,177,61,35,26,116,106,4,3,3,0
S01007844,35 to 49,202,92,64,28,110,68,1,12,28,1
S01007844,50 to 64,150,52,45,7,98,33,0,11,45,9
S01007844,65 to 74,57,31,26,5,26,6,0,2,6,12
S01007844,75 to 84,53,23,23,0,30,3,0,0,3,24
S01007844,85 and over,7,1,1,0,6,1,0,0,0,5
S01007845,All people aged 16 and over in households,669,288,204,84,381,238,1,24,65,53
S01007845,16 to 24,91,10,1,9,81,79,0,1,1,0
S01007845,25 to 34,141,62,29,33,79,69,0,5,5,0
S01007845,35 to 49,171,88,56,32,83,47,0,10,23,3
S01007845,50 to 64,141,71,63,8,70,30,1,6,25,8
S01007845,65 to 74,62,36,35,1,26,6,0,2,11,7
S01007845,75 to 84,46,18,17,1,28,6,0,0,0,22
S01007845,85 and over,17,3,3,0,14,1,0,0,0,13
S01007846,All people aged 16 and over in households,576,298,224,74,278,150,5,15,42,66
S01007846,16 to 24,58,7,1,6,51,50,0,1,0,0
S01007846,25 to 34,97,68,43,25,29,27,0,0,2,0
S01007846,35 to 49,132,70,46,24,62,41,0,7,12,2
S01007846,50 to 64,168,104,88,16,64,24,2,5,21,12
S01007846,65 to 74,59,32,29,3,27,5,2,2,6,12
S01007846,75 to 84,49,15,15,0,34,3,1,0,1,29
S01007846,85 and over,13,2,2,0,11,0,0,0,0,11
S01007847,All people aged 16 and over in households,737,342,246,96,395,233,8,31,57,66
S01007847,16 to 24,109,14,0,14,95,95,0,0,0,0
S01007847,25 to 34,127,61,26,35,66,56,2,7,1,0
S01007847,35 to 49,171,104,71,33,67,38,2,15,10,2
S01007847,50 to 64,182,102,88,14,80,33,2,7,34,4
S01007847,65 to 74,69,35,35,0,34,8,2,2,8,14
S01007847,75 to 84,59,23,23,0,36,2,0,0,2,32
S01007847,85 and over,20,3,3,0,17,1,0,0,2,14
S01007848,All people aged 16 and over in households,643,228,128,100,415,229,3,34,93,56
S01007848,16 to 24,90,17,2,15,73,73,0,0,0,0
S01007848,25 to 34,121,58,18,40,63,54,0,7,2,0
S01007848,35 to 49,178,61,39,22,117,66,3,15,29,4
S01007848,50 to 64,139,51,36,15,88,21,0,10,43,14
S01007848,65 to 74,58,26,20,6,32,8,0,2,12,10
S01007848,75 to 84,42,10,8,2,32,5,0,0,7,20
S01007848,85 and over,15,5,5,0,10,2,0,0,0,8
S01007849,All people aged 16 and over in households,688,348,246,102,340,216,5,23,57,39
S01007849,16 to 24,100,18,0,18,82,82,0,0,0,0
S01007849,25 to 34,162,84,45,39,78,69,3,5,1,0
S01007849,35 to 49,184,109,75,34,75,43,0,13,19,0
S01007849,50 to 64,132,77,67,10,55,16,1,4,27,7
S01007849,65 to 74,51,33,32,1,18,5,1,1,8,3
S01007849,75 to 84,38,18,18,0,20,0,0,0,1,19
S01007849,85 and over,21,9,9,0,12,1,0,0,1,10
S01007850,All people aged 16 and over in households,615,290,230,60,325,204,3,18,40,60
S01007850,16 to 24,102,5,0,5,97,96,0,0,1,0
S01007850,25 to 34,68,24,9,15,44,41,0,1,2,0
S01007850,35 to 49,128,69,51,18,59,38,0,8,11,2
S01007850,50 to 64,173,122,105,17,51,22,1,6,17,5
S01007850,65 to 74,71,45,44,1,26,3,1,2,3,17
S01007850,75 to 84,62,24,20,4,38,4,1,1,6,26
S01007850,85 and over,11,1,1,0,10,0,0,0,0,10
S01007851,All people aged 16 and over in households,810,434,358,76,376,161,2,14,55,144
S01007851,16 to 24,84,8,4,4,76,76,0,0,0,0
S01007851,25 to 34,55,30,16,14,25,25,0,0,0,0
S01007851,35 to 49,175,132,103,29,43,26,0,9,8,0
S01007851,50 to 64,179,118,102,16,61,22,0,3,26,10
S01007851,65 to 74,134,76,68,8,58,7,0,2,9,40
S01007851,75 to 84,134,60,56,4,74,4,2,0,10,58
S01007851,85 and over,49,10,9,1,39,1,0,0,2,36
S01007852,All people aged 16 and over in households,540,212,160,52,328,224,1,23,53,27
S01007852,16 to 24,93,12,3,9,81,81,0,0,0,0
S01007852,25 to 34,99,46,20,26,53,53,0,0,0,0
S01007852,35 to 49,141,52,40,12,89,55,1,11,22,0
S01007852,50 to 64,123,60,55,5,63,19,0,12,26,6
S01007852,65 to 74,43,23,23,0,20,11,0,0,3,6
S01007852,75 to 84,33,15,15,0,18,4,0,0,2,12
S01007852,85 and over,8,4,4,0,4,1,0,0,0,3
S01007853,All people aged 16 and over in households,576,194,130,64,382,196,2,24,83,77
S01007853,16 to 24,95,15,2,13,80,78,0,1,0,1
S01007853,25 to 34,72,21,5,16,51,49,0,0,2,0
S01007853,35 to 49,102,31,17,14,71,44,0,9,17,1
S01007853,50 to 64,121,52,36,16,69,13,0,13,38,5
S01007853,65 to 74,75,34,29,5,41,4,0,1,17,19
S01007853,75 to 84,88,37,37,0,51,8,2,0,9,32
S01007853,85 and over,23,4,4,0,19,0,0,0,0,19
S01007854,All people aged 16 and over in households,841,308,214,94,533,321,8,39,94,71
S01007854,16 to 24,132,28,4,24,104,103,0,1,0,0
S01007854,25 to 34,150,55,19,36,95,93,0,2,0,0
S01007854,35 to 49,226,97,71,26,129,85,3,18,19,4
S01007854,50 to 64,184,80,74,6,104,28,3,11,49,13
S01007854,65 to 74,83,37,35,2,46,5,0,5,18,18
S01007854,75 to 84,48,8,8,0,40,7,2,1,8,22
S01007854,85 and over,18,3,3,0,15,0,0,1,0,14
S01007855,All people aged 16 and over in households,428,134,78,56,294,176,5,26,53,34
S01007855,16 to 24,57,7,2,5,50,49,0,0,0,1
S01007855,25 to 34,68,21,4,17,47,42,1,2,2,0
S01007855,35 to 49,112,34,20,14,78,54,3,11,9,1
S01007855,50 to 64,111,49,32,17,62,18,0,9,28,7
S01007855,65 to 74,42,16,13,3,26,2,1,2,11,10
S01007855,75 to 84,27,7,7,0,20,6,0,2,3,9
S01007855,85 and over,11,0,0,0,11,5,0,0,0,6
S01007856,All people aged 16 and over in households,663,373,296,77,290,183,1,20,39,47
S01007856,16 to 24,99,7,2,5,92,91,0,0,1,0
S01007856,25 to 34,95,48,23,25,47,42,0,4,0,1
S01007856,35 to 49,166,103,74,29,63,33,0,10,18,2
S01007856,50 to 64,184,143,127,16,41,11,0,6,17,7
S01007856,65 to 74,79,54,52,2,25,5,1,0,3,16
S01007856,75 to 84,38,17,17,0,21,1,0,0,0,20
S01007856,85 and over,2,1,1,0,1,0,0,0,0,1
S01007857,All people aged 16 and over in households,384,154,102,52,230,147,2,12,40,29
S01007857,16 to 24,60,5,0,5,55,54,0,1,0,0
S01007857,25 to 34,66,32,15,17,34,32,0,0,2,0
S01007857,35 to 49,113,53,38,15,60,46,0,4,10,0
S01007857,50 to 64,71,33,23,10,38,11,1,4,18,4
S01007857,65 to 74,42,18,14,4,24,1,0,2,10,11
S01007857,75 to 84,26,13,12,1,13,1,1,1,0,10
S01007857,85 and over,6,0,0,0,6,2,0,0,0,4
S01007858,All people aged 16 and over in households,847,398,264,134,449,223,4,28,94,100
S01007858,16 to 24,100,11,1,10,89,89,0,0,0,0
S01007858,25 to 34,112,69,31,38,43,40,0,3,0,0
S01007858,35 to 49,229,126,75,51,103,67,1,14,17,4
S01007858,50 to 64,194,114,84,30,80,16,1,3,46,14
S01007858,65 to 74,107,54,50,4,53,8,0,4,22,19
S01007858,75 to 84,72,23,22,1,49,2,1,4,7,35
S01007858,85 and over,33,1,1,0,32,1,1,0,2,28
S01007859,All people aged 16 and over in households,389,142,96,46,247,144,2,21,51,29
S01007859,16 to 24,37,2,0,2,35,35,0,0,0,0
S01007859,25 to 34,65,28,16,12,37,33,1,0,3,0
S01007859,35 to 49,126,52,33,19,74,56,0,10,8,0
S01007859,50 to 64,85,44,32,12,41,12,1,6,18,4
S01007859,65 to 74,45,14,13,1,31,2,0,4,16,9
S01007859,75 to 84,23,2,2,0,21,4,0,1,6,10
S01007859,85 and over,8,0,0,0,8,2,0,0,0,6
S01007860,All people aged 16 and over in households,445,254,186,68,191,133,3,10,34,11
S01007860,16 to 24,74,4,0,4,70,70,0,0,0,0
S01007860,25 to 34,73,45,32,13,28,25,1,0,2,0
S01007860,35 to 49,204,145,103,42,59,29,2,8,16,4
S01007860,50 to 64,68,42,35,7,26,8,0,2,14,2
S01007860,65 to 74,22,16,14,2,6,1,0,0,2,3
S01007860,75 to 84,1,0,0,0,1,0,0,0,0,1
S01007860,85 and over,3,2,2,0,1,0,0,0,0,1
S01007861,All people aged 16 and over in households,533,292,236,56,241,150,2,18,39,32
S01007861,16 to 24,80,2,0,2,78,78,0,0,0,0
S01007861,25 to 34,76,27,10,17,49,42,2,1,4,0
S01007861,35 to 49,111,76,49,27,35,19,0,9,6,1
S01007861,50 to 64,166,135,125,10,31,5,0,5,17,4
S01007861,65 to 74,62,36,36,0,26,5,0,1,7,13
S01007861,75 to 84,33,15,15,0,18,1,0,2,4,11
S01007861,85 and over,5,1,1,0,4,0,0,0,1,3
S01007862,All people aged 16 and over in households,575,296,238,58,279,166,1,20,38,54
S01007862,16 to 24,80,5,4,1,75,74,0,0,0,1
S01007862,25 to 34,81,38,13,25,43,39,0,4,0,0
S01007862,35 to 49,146,78,54,24,68,47,0,6,14,1
S01007862,50 to 64,158,116,111,5,42,5,0,7,15,15
S01007862,65 to 74,73,47,44,3,26,1,1,3,8,13
S01007862,75 to 84,30,12,12,0,18,0,0,0,0,18
S01007862,85 and over,7,0,0,0,7,0,0,0,1,6
S01007863,All people aged 16 and over in households,676,288,176,112,388,237,5,41,57,48
S01007863,16 to 24,121,28,1,27,93,91,1,0,1,0
S01007863,25 to 34,150,64,15,49,86,83,2,1,0,0
S01007863,35 to 49,155,77,50,27,78,44,1,16,17,0
S01007863,50 to 64,147,70,65,5,77,18,0,20,27,12
S01007863,65 to 74,68,35,32,3,33,1,0,4,11,17
S01007863,75 to 84,26,11,10,1,15,0,1,0,1,13
S01007863,85 and over,9,3,3,0,6,0,0,0,0,6
S01007864,All people aged 16 and over in households,771,400,296,104,371,213,2,23,56,77
S01007864,16 to 24,107,23,3,20,84,84,0,0,0,0
S01007864,25 to 34,137,85,35,50,52,48,0,3,1,0
S01007864,35 to 49,160,79,51,28,81,42,1,12,23,3
S01007864,50 to 64,165,104,98,6,61,23,0,4,21,13
S01007864,65 to 74,114,74,74,0,40,10,1,2,7,20
S01007864,75 to 84,68,29,29,0,39,6,0,2,4,27
S01007864,85 and over,20,6,6,0,14,0,0,0,0,14
S01007865,All people aged 16 and over in households,487,382,310,72,105,75,0,14,12,4
S01007865,16 to 24,58,1,1,0,57,57,0,0,0,0
S01007865,25 to 34,94,83,66,17,11,9,0,2,0,0
S01007865,35 to 49,246,224,177,47,22,6,0,9,7,0
S01007865,50 to 64,70,57,49,8,13,3,0,3,5,2
S01007865,65 to 74,15,14,14,0,1,0,0,0,0,1
S01007865,75 to 84,1,1,1,0,0,0,0,0,0,0
S01007865,85 and over,3,2,2,0,1,0,0,0,0,1
S01007866,All people aged 16 and over in households,450,334,258,76,116,89,1,12,5,9
S01007866,16 to 24,67,5,4,1,62,62,0,0,0,0
S01007866,25 to 34,80,67,38,29,13,13,0,0,0,0
S01007866,35 to 49,179,158,127,31,21,7,0,8,5,1
S01007866,50 to 64,105,92,77,15,13,4,1,4,0,4
S01007866,65 to 74,10,7,7,0,3,2,0,0,0,1
S01007866,75 to 84,6,4,4,0,2,1,0,0,0,1
S01007866,85 and over,3,1,1,0,2,0,0,0,0,2
S01007867,All people aged 16 and over in households,348,244,196,48,104,61,0,8,21,14
S01007867,16 to 24,24,4,2,2,20,20,0,0,0,0
S01007867,25 to 34,87,62,34,28,25,22,0,1,2,0
S01007867,35 to 49,98,73,59,14,25,12,0,3,8,2
S01007867,50 to 64,93,75,71,4,18,6,0,2,7,3
S01007867,65 to 74,26,21,21,0,5,1,0,1,2,1
S01007867,75 to 84,17,9,9,0,8,0,0,1,2,5
S01007867,85 and over,3,0,0,0,3,0,0,0,0,3
S01007868,All people aged 16 and over in households,758,518,472,46,240,168,0,17,20,35
S01007868,16 to 24,93,1,0,1,92,92,0,0,0,0
S01007868,25 to 34,77,31,26,5,46,44,0,1,1,0
S01007868,35 to 49,159,133,110,23,26,12,0,6,7,1
S01007868,50 to 64,291,253,237,16,38,12,0,9,8,9
S01007868,65 to 74,84,67,67,0,17,3,0,1,4,9
S01007868,75 to 84,50,32,31,1,18,4,0,0,0,14
S01007868,85 and over,4,1,1,0,3,1,0,0,0,2
S01007869,All people aged 16 and over in households,733,480,408,72,253,174,3,16,24,36
S01007869,16 to 24,103,5,2,3,98,98,0,0,0,0
S01007869,25 to 34,124,76,53,23,48,44,1,2,1,0
S01007869,35 to 49,216,173,146,27,43,24,1,9,8,1
S01007869,50 to 64,178,151,136,15,27,6,1,3,11,6
S01007869,65 to 74,66,50,46,4,16,2,0,2,4,8
S01007869,75 to 84,38,23,23,0,15,0,0,0,0,15
S01007869,85 and over,8,2,2,0,6,0,0,0,0,6
S01007870,All people aged 16 and over in households,426,296,236,60,130,89,1,8,17,15
S01007870,16 to 24,58,5,0,5,53,53,0,0,0,0
S01007870,25 to 34,45,35,15,20,10,9,0,0,1,0
S01007870,35 to 49,127,103,79,24,24,15,1,6,2,0
S01007870,50 to 64,130,109,99,10,21,9,0,1,8,3
S01007870,65 to 74,43,27,26,1,16,2,0,1,6,7
S01007870,75 to 84,16,12,12,0,4,1,0,0,0,3
S01007870,85 and over,7,5,5,0,2,0,0,0,0,2
S01007871,All people aged 16 and over in households,524,282,214,68,242,141,2,25,37,37
S01007871,16 to 24,76,5,0,5,71,71,0,0,0,0
S01007871,25 to 34,68,32,17,15,36,26,0,7,2,1
S01007871,35 to 49,137,91,61,30,46,29,0,5,12,0
S01007871,50 to 64,123,82,70,12,41,8,1,10,17,5
S01007871,65 to 74,81,55,50,5,26,6,0,3,5,12
S01007871,75 to 84,33,16,15,1,17,1,1,0,1,14
S01007871,85 and over,6,1,1,0,5,0,0,0,0,5
S01007872,All people aged 16 and over in households,558,254,178,76,304,197,1,25,46,35
S01007872,16 to 24,103,12,0,12,91,89,0,2,0,0
S01007872,25 to 34,83,23,12,11,60,55,0,4,1,0
S01007872,35 to 49,146,83,43,40,63,34,0,8,20,1
S01007872,50 to 64,142,91,79,12,51,14,1,7,22,7
S01007872,65 to 74,55,34,33,1,21,3,0,4,3,11
S01007872,75 to 84,26,11,11,0,15,1,0,0,0,14
S01007872,85 and over,3,0,0,0,3,1,0,0,0,2
S01007873,All people aged 16 and over in households,549,316,242,74,233,131,2,18,27,55
S01007873,16 to 24,87,18,1,17,69,68,0,0,1,0
S01007873,25 to 34,50,31,8,23,19,13,0,6,0,0
S01007873,35 to 49,152,105,83,22,47,30,0,10,7,0
S01007873,50 to 64,137,108,99,9,29,11,0,1,13,4
S01007873,65 to 74,63,40,40,0,23,4,0,1,3,15
S01007873,75 to 84,41,11,9,2,30,2,1,0,3,24
S01007873,85 and over,19,3,2,1,16,3,1,0,0,12
S01007874,All people aged 16 and over in households,638,338,270,68,300,154,3,15,49,79
S01007874,16 to 24,80,7,0,7,73,73,0,0,0,0
S01007874,25 to 34,57,32,16,16,25,22,0,2,1,0
S01007874,35 to 49,159,104,69,35,55,30,0,12,12,1
S01007874,50 to 64,151,109,101,8,42,12,1,0,25,4
S01007874,65 to 74,103,63,63,0,40,12,0,0,8,20
S01007874,75 to 84,64,21,19,2,43,4,2,1,2,34
S01007874,85 and over,24,2,2,0,22,1,0,0,1,20
S01007875,All people aged 16 and over in households,442,242,188,54,200,113,1,15,34,37
S01007875,16 to 24,63,6,0,6,57,57,0,0,0,0
S01007875,25 to 34,47,27,10,17,20,19,0,1,0,0
S01007875,35 to 49,124,80,60,20,44,23,0,8,12,1
S01007875,50 to 64,122,83,73,10,39,9,0,4,19,7
S01007875,65 to 74,40,27,26,1,13,2,0,1,1,9
S01007875,75 to 84,40,18,18,0,22,2,1,1,2,16
S01007875,85 and over,6,1,1,0,5,1,0,0,0,4
S01007876,All people aged 16 and over in households,776,500,386,114,276,166,3,17,42,48
S01007876,16 to 24,95,17,3,14,78,78,0,0,0,0
S01007876,25 to 34,139,94,54,40,45,39,1,2,3,0
S01007876,35 to 49,226,170,131,39,56,27,1,11,15,2
S01007876,50 to 64,174,128,114,14,46,16,1,4,19,6
S01007876,65 to 74,98,73,66,7,25,3,0,0,2,20
S01007876,75 to 84,33,15,15,0,18,2,0,0,3,13
S01007876,85 and over,11,3,3,0,8,1,0,0,0,7
S01007877,All people aged 16 and over in households,642,382,304,78,260,151,4,16,43,46
S01007877,16 to 24,83,11,1,10,72,72,0,0,0,0
S01007877,25 to 34,68,30,13,17,38,36,0,2,0,0
S01007877,35 to 49,180,137,99,38,43,24,2,4,12,1
S01007877,50 to 64,152,120,109,11,32,7,0,8,15,2
S01007877,65 to 74,105,66,64,2,39,7,1,2,10,19
S01007877,75 to 84,43,16,16,0,27,3,0,0,6,18
S01007877,85 and over,11,2,2,0,9,2,1,0,0,6
S01007878,All people aged 16 and over in households,489,249,204,45,240,124,4,17,45,50
S01007878,16 to 24,66,9,2,7,57,57,0,0,0,0
S01007878,25 to 34,54,25,12,13,29,24,0,2,2,1
S01007878,35 to 49,147,90,74,16,57,30,0,7,17,3
S01007878,50 to 64,119,77,70,7,42,8,2,7,19,6
S01007878,65 to 74,58,36,34,2,22,1,1,0,5,15
S01007878,75 to 84,34,12,12,0,22,2,0,1,2,17
S01007878,85 and over,11,0,0,0,11,2,1,0,0,8
S01007879,All people aged 16 and over in households,588,334,268,66,254,157,2,21,36,38
S01007879,16 to 24,89,8,2,6,81,81,0,0,0,0
S01007879,25 to 34,86,59,43,16,27,22,0,4,0,1
S01007879,35 to 49,164,96,74,22,68,41,1,9,17,0
S01007879,50 to 64,146,105,86,19,41,11,1,7,10,12
S01007879,65 to 74,73,56,54,2,17,1,0,1,4,11
S01007879,75 to 84,29,10,9,1,19,1,0,0,5,13
S01007879,85 and over,1,0,0,0,1,0,0,0,0,1
S01007880,All people aged 16 and over in households,336,214,192,22,122,72,3,5,16,26
S01007880,16 to 24,27,0,0,0,27,27,0,0,0,0
S01007880,25 to 34,24,8,3,5,16,16,0,0,0,0
S01007880,35 to 49,98,72,60,12,26,18,2,1,5,0
S01007880,50 to 64,116,98,94,4,18,9,1,1,6,1
S01007880,65 to 74,46,28,27,1,18,0,0,3,4,11
S01007880,75 to 84,16,7,7,0,9,2,0,0,1,6
S01007880,85 and over,9,1,1,0,8,0,0,0,0,8
S01007881,All people aged 16 and over in households,452,264,208,56,188,111,0,12,33,32
S01007881,16 to 24,63,11,0,11,52,52,0,0,0,0
S01007881,25 to 34,56,30,15,15,26,22,0,3,1,0
S01007881,35 to 49,137,99,81,18,38,19,0,7,12,0
S01007881,50 to 64,90,60,50,10,30,10,0,1,15,4
S01007881,65 to 74,64,45,43,2,19,2,0,1,4,12
S01007881,75 to 84,33,16,16,0,17,5,0,0,1,11
S01007881,85 and over,9,3,3,0,6,1,0,0,0,5
S01007882,All people aged 16 and over in households,610,444,382,62,166,119,4,5,16,22
S01007882,16 to 24,78,3,1,2,75,75,0,0,0,0
S01007882,25 to 34,67,41,27,14,26,24,2,0,0,0
S01007882,35 to 49,206,181,144,37,25,13,2,4,5,1
S01007882,50 to 64,176,156,147,9,20,4,0,1,9,6
S01007882,65 to 74,55,45,45,0,10,3,0,0,2,5
S01007882,75 to 84,22,17,17,0,5,0,0,0,0,5
S01007882,85 and over,6,1,1,0,5,0,0,0,0,5
S01007883,All people aged 16 and over in households,873,556,428,128,317,171,4,16,53,73
S01007883,16 to 24,98,18,1,17,80,80,0,0,0,0
S01007883,25 to 34,131,86,43,43,45,39,0,2,4,0
S01007883,35 to 49,251,183,131,52,68,36,1,9,19,3
S01007883,50 to 64,226,180,167,13,46,8,3,2,20,13
S01007883,65 to 74,87,57,54,3,30,7,0,3,9,11
S01007883,75 to 84,61,26,26,0,35,0,0,0,1,34
S01007883,85 and over,19,6,6,0,13,1,0,0,0,12
S01007884,All people aged 16 and over in households,514,328,244,84,186,110,2,11,28,35
S01007884,16 to 24,78,17,0,17,61,61,0,0,0,0
S01007884,25 to 34,73,50,23,27,23,21,0,1,1,0
S01007884,35 to 49,143,100,77,23,43,22,0,9,10,2
S01007884,50 to 64,121,98,86,12,23,3,0,1,14,5
S01007884,65 to 74,68,50,46,4,18,3,2,0,3,10
S01007884,75 to 84,24,10,9,1,14,0,0,0,0,14
S01007884,85 and over,7,3,3,0,4,0,0,0,0,4
S01007885,All people aged 16 and over in households,613,308,232,76,305,184,2,24,46,49
S01007885,16 to 24,112,22,0,22,90,89,0,1,0,0
S01007885,25 to 34,74,39,17,22,35,34,0,1,0,0
S01007885,35 to 49,166,95,73,22,71,36,1,13,18,3
S01007885,50 to 64,134,84,75,9,50,18,1,8,14,9
S01007885,65 to 74,81,48,47,1,33,3,0,1,11,18
S01007885,75 to 84,36,20,20,0,16,3,0,0,2,11
S01007885,85 and over,10,0,0,0,10,1,0,0,1,8
S01007886,All people aged 16 and over in households,742,421,322,99,321,168,3,20,61,69
S01007886,16 to 24,100,19,0,19,81,81,0,0,0,0
S01007886,25 to 34,83,50,19,31,33,29,1,3,0,0
S01007886,35 to 49,210,150,117,33,60,30,2,7,21,0
S01007886,50 to 64,186,116,105,11,70,21,0,9,30,10
S01007886,65 to 74,98,63,58,5,35,3,0,1,8,23
S01007886,75 to 84,55,22,22,0,33,4,0,0,2,27
S01007886,85 and over,10,1,1,0,9,0,0,0,0,9
S01007887,All people aged 16 and over in households,481,310,278,32,171,105,6,9,21,30
S01007887,16 to 24,59,1,1,0,58,58,0,0,0,0
S01007887,25 to 34,49,26,19,7,23,22,0,1,0,0
S01007887,35 to 49,138,113,102,11,25,11,1,5,7,1
S01007887,50 to 64,134,108,96,12,26,7,2,3,7,7
S01007887,65 to 74,49,41,39,2,8,0,0,0,5,3
S01007887,75 to 84,43,19,19,0,24,4,3,0,2,15
S01007887,85 and over,9,2,2,0,7,3,0,0,0,4
S01007888,All people aged 16 and over in households,829,478,324,154,351,206,5,25,60,55
S01007888,16 to 24,137,34,4,30,103,103,0,0,0,0
S01007888,25 to 34,145,82,18,64,63,59,0,4,0,0
S01007888,35 to 49,237,149,100,49,88,35,1,14,35,3
S01007888,50 to 64,190,145,135,10,45,8,0,6,20,11
S01007888,65 to 74,85,55,54,1,30,0,4,1,5,20
S01007888,75 to 84,28,11,11,0,17,1,0,0,0,16
S01007888,85 and over,7,2,2,0,5,0,0,0,0,5
S01007889,All people aged 16 and over in households,443,254,206,48,189,97,0,9,30,53
S01007889,16 to 24,56,12,0,12,44,43,0,0,1,0
S01007889,25 to 34,51,26,17,9,25,21,0,2,2,0
S01007889,35 to 49,109,72,54,18,37,23,0,2,11,1
S01007889,50 to 64,103,70,63,7,33,6,0,5,14,8
S01007889,65 to 74,71,48,47,1,23,3,0,0,2,18
S01007889,75 to 84,45,24,23,1,21,1,0,0,0,20
S01007889,85 and over,8,2,2,0,6,0,0,0,0,6
S01007890,All people aged 16 and over in households,594,402,332,70,192,119,6,9,24,34
S01007890,16 to 24,72,13,1,12,59,56,3,0,0,0
S01007890,25 to 34,66,39,19,20,27,26,0,1,0,0
S01007890,35 to 49,183,141,118,23,42,25,1,5,10,1
S01007890,50 to 64,153,118,103,15,35,10,2,2,11,10
S01007890,65 to 74,78,64,64,0,14,1,0,0,3,10
S01007890,75 to 84,38,26,26,0,12,1,0,1,0,10
S01007890,85 and over,4,1,1,0,3,0,0,0,0,3
S01007891,All people aged 16 and over in households,714,466,382,84,248,144,2,15,24,63
S01007891,16 to 24,90,18,0,18,72,71,0,0,0,1
S01007891,25 to 34,114,68,37,31,46,41,0,4,1,0
S01007891,35 to 49,170,144,119,25,26,14,0,4,5,3
S01007891,50 to 64,178,142,134,8,36,12,0,4,15,5
S01007891,65 to 74,87,65,63,2,22,3,0,3,3,13
S01007891,75 to 84,65,29,29,0,36,3,1,0,0,32
S01007891,85 and over,10,0,0,0,10,0,1,0,0,9
S01007892,All people aged 16 and over in households,634,418,372,46,216,138,2,8,32,36
S01007892,16 to 24,71,6,0,6,65,65,0,0,0,0
S01007892,25 to 34,66,39,23,16,27,23,0,1,3,0
S01007892,35 to 49,164,124,111,13,40,28,0,3,9,0
S01007892,50 to 64,179,143,134,9,36,11,2,4,13,6
S01007892,65 to 74,87,64,62,2,23,4,0,0,7,12
S01007892,75 to 84,60,38,38,0,22,6,0,0,0,16
S01007892,85 and over,7,4,4,0,3,1,0,0,0,2
S01007893,All people aged 16 and over in households,851,558,492,66,293,175,12,14,34,58
S01007893,16 to 24,105,7,0,7,98,98,0,0,0,0
S01007893,25 to 34,89,52,30,22,37,30,5,1,1,0
S01007893,35 to 49,222,174,153,21,48,20,4,9,11,4
S01007893,50 to 64,229,177,169,8,52,19,1,3,17,12
S01007893,65 to 74,118,97,91,6,21,3,0,0,4,14
S01007893,75 to 84,67,44,42,2,23,4,1,1,1,16
S01007893,85 and over,21,7,7,0,14,1,1,0,0,12
S01007894,All people aged 16 and over in households,761,462,368,94,299,172,2,11,43,71
S01007894,16 to 24,117,15,2,13,102,102,0,0,0,0
S01007894,25 to 34,84,47,13,34,37,35,0,1,1,0
S01007894,35 to 49,203,160,125,35,43,19,0,6,17,1
S01007894,50 to 64,204,157,146,11,47,13,0,3,19,12
S01007894,65 to 74,77,53,52,1,24,2,1,1,5,15
S01007894,75 to 84,64,27,27,0,37,1,0,0,1,35
S01007894,85 and over,12,3,3,0,9,0,1,0,0,8
S01007895,All people aged 16 and over in households,462,282,248,34,180,95,2,11,25,47
S01007895,16 to 24,57,12,0,12,45,45,0,0,0,0
S01007895,25 to 34,51,26,12,14,25,24,0,0,1,0
S01007895,35 to 49,112,80,73,7,32,17,0,8,5,2
S01007895,50 to 64,108,87,86,1,21,3,2,2,12,2
S01007895,65 to 74,74,49,49,0,25,4,0,0,4,17
S01007895,75 to 84,53,26,26,0,27,2,0,1,1,23
S01007895,85 and over,7,2,2,0,5,0,0,0,2,3
S01007896,All people aged 16 and over in households,701,362,264,98,339,186,7,23,57,66
S01007896,16 to 24,103,11,1,10,92,92,0,0,0,0
S01007896,25 to 34,91,54,22,32,37,34,0,2,1,0
S01007896,35 to 49,194,116,83,33,78,37,1,11,28,1
S01007896,50 to 64,162,107,93,14,55,11,1,10,20,13
S01007896,65 to 74,85,58,50,8,27,3,1,0,6,17
S01007896,75 to 84,52,16,15,1,36,7,2,0,2,25
S01007896,85 and over,14,0,0,0,14,2,2,0,0,10
S01007897,All people aged 16 and over in households,358,236,210,26,122,76,4,8,14,20
S01007897,16 to 24,41,2,1,1,39,39,0,0,0,0
S01007897,25 to 34,32,17,15,2,15,15,0,0,0,0
S01007897,35 to 49,105,88,72,16,17,7,0,5,5,0
S01007897,50 to 64,109,84,79,5,25,12,2,3,5,3
S01007897,65 to 74,45,31,29,2,14,1,1,0,3,9
S01007897,75 to 84,20,14,14,0,6,0,1,0,0,5
S01007897,85 and over,6,0,0,0,6,2,0,0,1,3
S01007898,All people aged 16 and over in households,363,256,220,36,107,79,1,3,7,17
S01007898,16 to 24,48,1,1,0,47,47,0,0,0,0
S01007898,25 to 34,24,10,7,3,14,13,0,1,0,0
S01007898,35 to 49,118,102,81,21,16,11,1,0,3,1
S01007898,50 to 64,116,100,88,12,16,7,0,1,3,5
S01007898,65 to 74,41,33,33,0,8,1,0,1,1,5
S01007898,75 to 84,14,10,10,0,4,0,0,0,0,4
S01007898,85 and over,2,0,0,0,2,0,0,0,0,2
S01007899,All people aged 16 and over in households,308,196,184,12,112,75,2,7,18,10
S01007899,16 to 24,47,1,1,0,46,46,0,0,0,0
S01007899,25 to 34,32,16,13,3,16,16,0,0,0,0
S01007899,35 to 49,75,58,53,5,17,6,1,4,6,0
S01007899,50 to 64,95,74,72,2,21,7,0,3,8,3
S01007899,65 to 74,40,33,32,1,7,0,1,0,4,2
S01007899,75 to 84,14,12,11,1,2,0,0,0,0,2
S01007899,85 and over,5,2,2,0,3,0,0,0,0,3
S01007900,All people aged 16 and over in households,451,246,196,50,205,135,3,6,23,38
S01007900,16 to 24,76,3,2,1,73,71,2,0,0,0
S01007900,25 to 34,46,16,2,14,30,29,0,0,0,1
S01007900,35 to 49,120,81,59,22,39,26,1,3,8,1
S01007900,50 to 64,104,78,71,7,26,3,0,3,14,6
S01007900,65 to 74,62,44,40,4,18,4,0,0,1,13
S01007900,75 to 84,38,21,20,1,17,2,0,0,0,15
S01007900,85 and over,5,3,2,1,2,0,0,0,0,2
S01007901,All people aged 16 and over in households,576,336,256,80,240,132,5,15,33,55
S01007901,16 to 24,97,19,7,12,78,78,0,0,0,0
S01007901,25 to 34,90,70,32,38,20,17,1,1,0,1
S01007901,35 to 49,134,98,75,23,36,19,0,6,9,2
S01007901,50 to 64,132,91,84,7,41,14,2,6,11,8
S01007901,65 to 74,68,42,42,0,26,3,1,2,7,13
S01007901,75 to 84,49,14,14,0,35,1,1,0,6,27
S01007901,85 and over,6,2,2,0,4,0,0,0,0,4
S01007902,All people aged 16 and over in households,732,408,284,124,324,208,2,19,38,57
S01007902,16 to 24,97,14,0,14,83,83,0,0,0,0
S01007902,25 to 34,117,60,18,42,57,54,0,3,0,0
S01007902,35 to 49,170,109,63,46,61,39,0,9,13,0
S01007902,50 to 64,190,139,118,21,51,19,0,5,15,12
S01007902,65 to 74,116,76,75,1,40,9,2,2,7,20
S01007902,75 to 84,33,9,9,0,24,4,0,0,3,17
S01007902,85 and over,9,1,1,0,8,0,0,0,0,8
S01007903,All people aged 16 and over in households,563,342,268,74,221,117,2,15,29,58
S01007903,16 to 24,57,10,1,9,47,47,0,0,0,0
S01007903,25 to 34,52,37,15,22,15,13,1,1,0,0
S01007903,35 to 49,132,88,60,28,44,27,0,7,7,3
S01007903,50 to 64,163,120,113,7,43,16,0,5,17,5
S01007903,65 to 74,75,57,53,4,18,5,1,0,2,10
S01007903,75 to 84,60,26,24,2,34,7,0,2,2,23
S01007903,85 and over,24,4,2,2,20,2,0,0,1,17
S01007904,All people aged 16 and over in households,650,460,402,58,190,113,2,11,24,40
S01007904,16 to 24,71,4,1,3,67,66,1,0,0,0
S01007904,25 to 34,50,26,21,5,24,22,0,1,1,0
S01007904,35 to 49,193,164,132,32,29,17,1,1,9,1
S01007904,50 to 64,195,166,153,13,29,6,0,8,6,9
S01007904,65 to 74,100,76,72,4,24,2,0,1,8,13
S01007904,75 to 84,31,20,19,1,11,0,0,0,0,11
S01007904,85 and over,10,4,4,0,6,0,0,0,0,6
S01007905,All people aged 16 and over in households,547,300,226,74,247,150,4,24,38,31
S01007905,16 to 24,84,13,0,13,71,70,0,0,0,1
S01007905,25 to 34,62,34,19,15,28,22,0,6,0,0
S01007905,35 to 49,180,106,79,27,74,42,1,13,18,0
S01007905,50 to 64,120,83,70,13,37,11,1,3,18,4
S01007905,65 to 74,63,44,39,5,19,2,0,2,2,13
S01007905,75 to 84,34,18,17,1,16,3,2,0,0,11
S01007905,85 and over,4,2,2,0,2,0,0,0,0,2
S01007906,All people aged 16 and over in households,625,310,246,64,315,158,2,23,42,90
S01007906,16 to 24,63,7,1,6,56,55,0,1,0,0
S01007906,25 to 34,56,30,9,21,26,26,0,0,0,0
S01007906,35 to 49,144,81,61,20,63,39,0,11,13,0
S01007906,50 to 64,148,91,80,11,57,20,1,11,19,6
S01007906,65 to 74,115,69,64,5,46,11,0,0,4,31
S01007906,75 to 84,78,29,28,1,49,6,1,0,4,38
S01007906,85 and over,21,3,3,0,18,1,0,0,2,15
S01007907,All people aged 16 and over in households,475,262,238,24,213,118,3,10,29,53
S01007907,16 to 24,60,4,1,3,56,56,0,0,0,0
S01007907,25 to 34,48,14,11,3,34,32,0,1,1,0
S01007907,35 to 49,97,70,60,10,27,11,0,3,12,1
S01007907,50 to 64,139,102,97,5,37,13,0,5,11,8
S01007907,65 to 74,84,57,56,1,27,5,2,0,4,16
S01007907,75 to 84,34,14,13,1,20,1,1,1,1,16
S01007907,85 and over,13,1,0,1,12,0,0,0,0,12
S01007908,All people aged 16 and over in households,796,478,418,60,318,175,8,20,28,87
S01007908,16 to 24,100,10,3,7,90,87,3,0,0,0
S01007908,25 to 34,70,36,23,13,34,33,0,0,1,0
S01007908,35 to 49,173,129,108,21,44,22,0,9,11,2
S01007908,50 to 64,223,182,164,18,41,17,0,5,9,10
S01007908,65 to 74,128,84,83,1,44,8,1,5,4,26
S01007908,75 to 84,82,32,32,0,50,3,4,0,1,42
S01007908,85 and over,20,5,5,0,15,5,0,1,2,7
S01007909,All people aged 16 and over in households,422,252,186,66,170,98,0,11,28,33
S01007909,16 to 24,70,12,0,12,58,58,0,0,0,0
S01007909,25 to 34,77,48,27,21,29,26,0,2,1,0
S01007909,35 to 49,113,86,61,25,27,7,0,7,12,1
S01007909,50 to 64,97,69,63,6,28,6,0,0,14,8
S01007909,65 to 74,41,31,30,1,10,1,0,2,0,7
S01007909,75 to 84,19,4,4,0,15,0,0,0,1,14
S01007909,85 and over,5,2,1,1,3,0,0,0,0,3
S01007910,All people aged 16 and over in households,695,338,264,74,357,230,8,17,55,47
S01007910,16 to 24,131,11,3,8,120,118,2,0,0,0
S01007910,25 to 34,119,57,26,31,62,57,3,1,1,0
S01007910,35 to 49,190,109,79,30,81,39,2,11,25,4
S01007910,50 to 64,166,115,110,5,51,15,0,4,25,7
S01007910,65 to 74,46,35,35,0,11,0,1,0,2,8
S01007910,75 to 84,29,10,10,0,19,1,0,1,2,15
S01007910,85 and over,14,1,1,0,13,0,0,0,0,13
S01007911,All people aged 16 and over in households,633,366,304,62,267,134,6,17,48,62
S01007911,16 to 24,81,10,1,9,71,71,0,0,0,0
S01007911,25 to 34,79,52,29,23,27,21,1,2,2,1
S01007911,35 to 49,170,114,98,16,56,28,3,9,16,0
S01007911,50 to 64,164,119,110,9,45,11,1,6,21,6
S01007911,65 to 74,82,55,51,4,27,1,0,0,9,17
S01007911,75 to 84,44,15,14,1,29,1,0,0,0,28
S01007911,85 and over,13,1,1,0,12,1,1,0,0,10
S01007912,All people aged 16 and over in households,662,414,318,96,248,154,6,12,33,43
S01007912,16 to 24,96,30,0,30,66,66,0,0,0,0
S01007912,25 to 34,70,35,11,24,35,34,0,1,0,0
S01007912,35 to 49,173,114,94,20,59,38,3,7,11,0
S01007912,50 to 64,156,120,104,16,36,7,1,3,18,7
S01007912,65 to 74,110,82,76,6,28,7,2,1,4,14
S01007912,75 to 84,51,30,30,0,21,2,0,0,0,19
S01007912,85 and over,6,3,3,0,3,0,0,0,0,3
S01007913,All people aged 16 and over in households,509,266,186,80,243,111,4,20,45,63
S01007913,16 to 24,76,23,1,22,53,51,2,0,0,0
S01007913,25 to 34,56,28,8,20,28,26,0,2,0,0
S01007913,35 to 49,138,82,53,29,56,24,0,13,19,0
S01007913,50 to 64,115,77,70,7,38,7,1,4,20,6
S01007913,65 to 74,64,35,33,2,29,2,0,1,4,22
S01007913,75 to 84,44,18,18,0,26,0,1,0,1,24
S01007913,85 and over,16,3,3,0,13,1,0,0,1,11
S01007914,All people aged 16 and over in households,517,266,216,50,251,145,2,15,44,45
S01007914,16 to 24,89,8,3,5,81,79,0,0,1,1
S01007914,25 to 34,77,39,19,20,38,34,0,1,3,0
S01007914,35 to 49,124,73,55,18,51,22,1,11,17,0
S01007914,50 to 64,124,91,87,4,33,8,1,3,16,5
S01007914,65 to 74,62,34,32,2,28,1,0,0,6,21
S01007914,75 to 84,35,18,17,1,17,1,0,0,1,15
S01007914,85 and over,6,3,3,0,3,0,0,0,0,3
S01007915,All people aged 16 and over in households,686,414,288,126,272,148,3,30,45,46
S01007915,16 to 24,105,20,3,17,85,84,0,0,1,0
S01007915,25 to 34,114,76,20,56,38,33,2,2,1,0
S01007915,35 to 49,163,100,63,37,63,25,1,19,17,1
S01007915,50 to 64,172,133,117,16,39,5,0,9,17,8
S01007915,65 to 74,77,57,57,0,20,0,0,0,9,11
S01007915,75 to 84,44,28,28,0,16,1,0,0,0,15
S01007915,85 and over,11,0,0,0,11,0,0,0,0,11
S01007916,All people aged 16 and over in households,704,390,326,64,314,147,5,19,46,97
S01007916,16 to 24,79,11,1,10,68,68,0,0,0,0
S01007916,25 to 34,60,28,9,19,32,31,0,1,0,0
S01007916,35 to 49,163,115,89,26,48,20,2,12,13,1
S01007916,50 to 64,177,125,119,6,52,13,1,6,23,9
S01007916,65 to 74,105,62,59,3,43,8,2,0,8,25
S01007916,75 to 84,101,46,46,0,55,5,0,0,2,48
S01007916,85 and over,19,3,3,0,16,2,0,0,0,14
S01007917,All people aged 16 and over in households,695,430,342,88,265,162,5,16,34,48
S01007917,16 to 24,93,16,1,15,77,76,1,0,0,0
S01007917,25 to 34,101,56,20,36,45,40,2,2,1,0
S01007917,35 to 49,171,113,84,29,58,34,2,9,12,1
S01007917,50 to 64,195,153,145,8,42,10,0,5,18,9
S01007917,65 to 74,80,61,61,0,19,2,0,0,1,16
S01007917,75 to 84,44,28,28,0,16,0,0,0,1,15
S01007917,85 and over,11,3,3,0,8,0,0,0,1,7
S01007918,All people aged 16 and over in households,776,404,314,90,372,204,6,24,51,87
S01007918,16 to 24,111,13,1,12,98,96,1,0,0,1
S01007918,25 to 34,88,45,18,27,43,42,1,0,0,0
S01007918,35 to 49,203,127,97,30,76,45,1,14,14,2
S01007918,50 to 64,202,144,127,17,58,14,1,9,27,7
S01007918,65 to 74,81,53,51,2,28,2,0,1,9,16
S01007918,75 to 84,57,21,19,2,36,4,2,0,1,29
S01007918,85 and over,34,1,1,0,33,1,0,0,0,32
S01007919,All people aged 16 and over in households,649,454,416,38,195,121,11,9,15,39
S01007919,16 to 24,72,2,0,2,70,70,0,0,0,0
S01007919,25 to 34,65,39,30,9,26,23,0,2,1,0
S01007919,35 to 49,182,158,141,17,24,11,1,6,6,0
S01007919,50 to 64,201,180,170,10,21,7,3,1,6,4
S01007919,65 to 74,67,51,51,0,16,3,3,0,2,8
S01007919,75 to 84,52,24,24,0,28,5,4,0,0,19
S01007919,85 and over,10,0,0,0,10,2,0,0,0,8
S01007920,All people aged 16 and over in households,493,352,302,50,141,81,2,13,18,27
S01007920,16 to 24,58,7,0,7,51,51,0,0,0,0
S01007920,25 to 34,92,67,43,24,25,21,0,2,2,0
S01007920,35 to 49,117,97,83,14,20,7,0,6,6,1
S01007920,50 to 64,131,108,104,4,23,1,1,5,8,8
S01007920,65 to 74,65,53,52,1,12,1,0,0,2,9
S01007920,75 to 84,25,16,16,0,9,0,1,0,0,8
S01007920,85 and over,5,4,4,0,1,0,0,0,0,1
S01007921,All people aged 16 and over in households,766,402,280,122,364,198,4,20,60,82
S01007921,16 to 24,117,16,1,15,101,100,1,0,0,0
S01007921,25 to 34,96,55,20,35,41,38,0,0,3,0
S01007921,35 to 49,197,135,88,47,62,34,3,11,12,2
S01007921,50 to 64,186,124,104,20,62,20,0,7,28,7
S01007921,65 to 74,86,42,38,4,44,2,0,2,12,28
S01007921,75 to 84,72,27,26,1,45,4,0,0,5,36
S01007921,85 and over,12,3,3,0,9,0,0,0,0,9
S01007922,All people aged 16 and over in households,718,344,254,90,374,220,4,19,68,63
S01007922,16 to 24,110,11,1,10,99,99,0,0,0,0
S01007922,25 to 34,103,47,13,34,56,51,1,2,2,0
S01007922,35 to 49,205,110,70,40,95,51,0,13,30,1
S01007922,50 to 64,162,110,106,4,52,12,1,4,27,8
S01007922,65 to 74,78,52,50,2,26,3,1,0,5,17
S01007922,75 to 84,50,14,14,0,36,4,1,0,3,28
S01007922,85 and over,10,0,0,0,10,0,0,0,1,9
S01007923,All people aged 16 and over in households,799,524,442,82,275,158,2,20,38,57
S01007923,16 to 24,96,15,3,12,81,81,0,0,0,0
S01007923,25 to 34,137,90,54,36,47,39,0,8,0,0
S01007923,35 to 49,204,161,137,24,43,23,0,7,11,2
S01007923,50 to 64,213,168,158,10,45,10,1,4,22,8
S01007923,65 to 74,83,56,56,0,27,3,0,1,4,19
S01007923,75 to 84,56,31,31,0,25,2,0,0,1,22
S01007923,85 and over,10,3,3,0,7,0,1,0,0,6
S01007924,All people aged 16 and over in households,775,416,330,86,359,199,4,31,59,66
S01007924,16 to 24,109,14,1,13,95,95,0,0,0,0
S01007924,25 to 34,102,56,25,31,46,40,1,4,1,0
S01007924,35 to 49,231,135,103,32,96,53,3,21,17,2
S01007924,50 to 64,196,139,130,9,57,6,0,6,29,16
S01007924,65 to 74,87,54,53,1,33,4,0,0,9,20
S01007924,75 to 84,35,16,16,0,19,1,0,0,3,15
S01007924,85 and over,15,2,2,0,13,0,0,0,0,13
S01007925,All people aged 16 and over in households,387,278,244,34,109,68,5,11,9,16
S01007925,16 to 24,55,9,1,8,46,46,0,0,0,0
S01007925,25 to 34,34,18,11,7,16,13,3,0,0,0
S01007925,35 to 49,109,96,82,14,13,4,1,4,4,0
S01007925,50 to 64,122,105,100,5,17,4,1,5,5,2
S01007925,65 to 74,47,39,39,0,8,0,0,2,0,6
S01007925,75 to 84,16,11,11,0,5,1,0,0,0,4
S01007925,85 and over,4,0,0,0,4,0,0,0,0,4
S01007926,All people aged 16 and over in households,379,294,242,52,85,56,2,10,5,12
S01007926,16 to 24,42,2,0,2,40,40,0,0,0,0
S01007926,25 to 34,29,18,7,11,11,8,1,2,0,0
S01007926,35 to 49,121,110,84,26,11,5,1,4,1,0
S01007926,50 to 64,123,110,103,7,13,2,0,4,2,5
S01007926,65 to 74,46,43,37,6,3,1,0,0,1,1
S01007926,75 to 84,16,11,11,0,5,0,0,0,1,4
S01007926,85 and over,2,0,0,0,2,0,0,0,0,2
S01007927,All people aged 16 and over in households,525,346,308,38,179,120,6,8,24,21
S01007927,16 to 24,73,2,0,2,71,71,0,0,0,0
S01007927,25 to 34,41,20,11,9,21,19,0,2,0,0
S01007927,35 to 49,161,134,114,20,27,12,3,3,9,0
S01007927,50 to 64,160,133,126,7,27,11,1,2,9,4
S01007927,65 to 74,59,40,40,0,19,4,2,1,5,7
S01007927,75 to 84,23,13,13,0,10,2,0,0,1,7
S01007927,85 and over,8,4,4,0,4,1,0,0,0,3
S01007928,All people aged 16 and over in households,810,536,452,84,274,160,7,18,32,57
S01007928,16 to 24,91,6,1,5,85,84,0,0,0,1
S01007928,25 to 34,60,30,16,14,30,30,0,0,0,0
S01007928,35 to 49,254,198,156,42,56,25,2,13,14,2
S01007928,50 to 64,222,186,169,17,36,10,4,4,12,6
S01007928,65 to 74,107,79,75,4,28,9,0,1,5,13
S01007928,75 to 84,60,34,33,1,26,0,1,0,1,24
S01007928,85 and over,16,3,2,1,13,2,0,0,0,11
S01007929,All people aged 16 and over in households,598,416,364,52,182,120,13,10,17,22
S01007929,16 to 24,76,2,2,0,74,71,1,1,1,0
S01007929,25 to 34,67,38,32,6,29,28,1,0,0,0
S01007929,35 to 49,188,160,134,26,28,12,3,5,7,1
S01007929,50 to 64,199,173,153,20,26,6,6,3,6,5
S01007929,65 to 74,38,31,31,0,7,0,1,1,1,4
S01007929,75 to 84,26,11,11,0,15,2,1,0,2,10
S01007929,85 and over,4,1,1,0,3,1,0,0,0,2
S01007930,All people aged 16 and over in households,473,360,316,44,113,93,1,4,5,10
S01007930,16 to 24,55,1,0,1,54,54,0,0,0,0
S01007930,25 to 34,41,27,25,2,14,14,0,0,0,0
S01007930,35 to 49,158,139,112,27,19,14,1,3,1,0
S01007930,50 to 64,141,130,117,13,11,5,0,1,2,3
S01007930,65 to 74,59,48,47,1,11,5,0,0,2,4
S01007930,75 to 84,17,14,14,0,3,1,0,0,0,2
S01007930,85 and over,2,1,1,0,1,0,0,0,0,1
S01007931,All people aged 16 and over in households,909,632,530,102,277,148,4,17,42,66
S01007931,16 to 24,73,5,0,5,68,68,0,0,0,0
S01007931,25 to 34,112,76,45,31,36,33,0,3,0,0
S01007931,35 to 49,242,195,153,42,47,29,1,6,11,0
S01007931,50 to 64,240,191,172,19,49,11,3,5,21,9
S01007931,65 to 74,151,117,114,3,34,3,0,2,8,21
S01007931,75 to 84,73,43,41,2,30,3,0,1,2,24
S01007931,85 and over,18,5,5,0,13,1,0,0,0,12
S01007932,All people aged 16 and over in households,725,506,462,44,219,126,3,11,21,58
S01007932,16 to 24,81,1,0,1,80,80,0,0,0,0
S01007932,25 to 34,72,50,33,17,22,22,0,0,0,0
S01007932,35 to 49,139,113,93,20,26,15,1,5,5,0
S01007932,50 to 64,225,195,192,3,30,5,2,4,13,6
S01007932,65 to 74,133,113,110,3,20,1,0,2,2,15
S01007932,75 to 84,57,29,29,0,28,2,0,0,1,25
S01007932,85 and over,18,5,5,0,13,1,0,0,0,12
S01007933,All people aged 16 and over in households,650,428,354,74,222,143,3,14,30,32
S01007933,16 to 24,92,5,1,4,87,87,0,0,0,0
S01007933,25 to 34,86,59,36,23,27,23,1,1,2,0
S01007933,35 to 49,214,169,133,36,45,26,0,8,10,1
S01007933,50 to 64,156,127,120,7,29,3,1,4,17,4
S01007933,65 to 74,68,50,48,2,18,1,0,1,1,15
S01007933,75 to 84,29,18,16,2,11,3,1,0,0,7
S01007933,85 and over,5,0,0,0,5,0,0,0,0,5
S01007934,All people aged 16 and over in households,561,338,284,54,223,132,3,15,21,52
S01007934,16 to 24,99,17,3,14,82,81,0,0,0,1
S01007934,25 to 34,61,40,25,15,21,19,0,1,1,0
S01007934,35 to 49,175,138,118,20,37,15,0,11,9,2
S01007934,50 to 64,117,87,82,5,30,6,1,2,9,12
S01007934,65 to 74,48,30,30,0,18,9,0,0,2,7
S01007934,75 to 84,49,25,25,0,24,1,2,1,0,20
S01007934,85 and over,12,1,1,0,11,1,0,0,0,10
S01007935,All people aged 16 and over in households,676,302,220,82,374,188,7,38,68,73
S01007935,16 to 24,92,25,2,23,67,65,0,2,0,0
S01007935,25 to 34,122,70,37,33,52,42,1,8,1,0
S01007935,35 to 49,164,76,64,12,88,43,3,15,25,2
S01007935,50 to 64,147,81,68,13,66,22,0,11,24,9
S01007935,65 to 74,66,33,32,1,33,5,0,2,9,17
S01007935,75 to 84,54,14,14,0,40,6,0,0,8,26
S01007935,85 and over,31,3,3,0,28,5,3,0,1,19
S01007936,All people aged 16 and over in households,791,580,504,76,211,132,4,10,35,30
S01007936,16 to 24,91,5,0,5,86,86,0,0,0,0
S01007936,25 to 34,97,69,38,31,28,26,1,1,0,0
S01007936,35 to 49,288,251,222,29,37,13,2,2,19,1
S01007936,50 to 64,195,167,158,9,28,5,0,6,12,5
S01007936,65 to 74,70,56,54,2,14,0,1,1,3,9
S01007936,75 to 84,39,26,26,0,13,1,0,0,1,11
S01007936,85 and over,11,6,6,0,5,1,0,0,0,4
S01007937,All people aged 16 and over in households,865,590,504,86,275,170,1,23,37,44
S01007937,16 to 24,116,19,2,17,97,97,0,0,0,0
S01007937,25 to 34,120,78,49,29,42,38,0,3,1,0
S01007937,35 to 49,248,193,160,33,55,24,1,14,13,3
S01007937,50 to 64,244,211,204,7,33,7,0,5,14,7
S01007937,65 to 74,85,61,61,0,24,4,0,1,7,12
S01007937,75 to 84,40,27,27,0,13,0,0,0,1,12
S01007937,85 and over,12,1,1,0,11,0,0,0,1,10
S01007938,All people aged 16 and over in households,632,338,244,94,294,161,2,17,52,62
S01007938,16 to 24,90,16,1,15,74,74,0,0,0,0
S01007938,25 to 34,86,51,20,31,35,34,0,0,1,0
S01007938,35 to 49,144,77,51,26,67,32,0,11,23,1
S01007938,50 to 64,159,112,94,18,47,12,1,2,23,9
S01007938,65 to 74,106,67,64,3,39,5,1,4,4,25
S01007938,75 to 84,38,14,13,1,24,3,0,0,0,21
S01007938,85 and over,9,1,1,0,8,1,0,0,1,6
S01007939,All people aged 16 and over in households,713,392,282,110,321,195,1,16,56,53
S01007939,16 to 24,97,11,0,11,86,85,0,1,0,0
S01007939,25 to 34,113,58,26,32,55,48,0,5,2,0
S01007939,35 to 49,180,109,62,47,71,43,1,7,19,1
S01007939,50 to 64,150,106,88,18,44,13,0,3,23,5
S01007939,65 to 74,80,55,53,2,25,2,0,0,7,16
S01007939,75 to 84,84,50,50,0,34,3,0,0,5,26
S01007939,85 and over,9,3,3,0,6,1,0,0,0,5
S01007940,All people aged 16 and over in households,871,530,436,94,341,198,4,26,39,74
S01007940,16 to 24,93,15,1,14,78,78,0,0,0,0
S01007940,25 to 34,108,65,32,33,43,41,0,0,2,0
S01007940,35 to 49,240,165,134,31,75,51,2,11,10,1
S01007940,50 to 64,217,160,147,13,57,18,0,12,19,8
S01007940,65 to 74,102,77,75,2,25,3,1,2,6,13
S01007940,75 to 84,75,40,39,1,35,3,0,1,2,29
S01007940,85 and over,36,8,8,0,28,4,1,0,0,23
S01007941,All people aged 16 and over in households,544,390,356,34,154,100,2,9,8,35
S01007941,16 to 24,74,1,1,0,73,73,0,0,0,0
S01007941,25 to 34,44,26,17,9,18,16,0,1,1,0
S01007941,35 to 49,124,107,92,15,17,7,1,7,1,1
S01007941,50 to 64,213,197,187,10,16,2,1,1,5,7
S01007941,65 to 74,58,47,47,0,11,1,0,0,1,9
S01007941,75 to 84,22,9,9,0,13,1,0,0,0,12
S01007941,85 and over,9,3,3,0,6,0,0,0,0,6
S01007942,All people aged 16 and over in households,362,234,180,54,128,80,1,9,30,8
S01007942,16 to 24,47,10,1,9,37,36,1,0,0,0
S01007942,25 to 34,74,55,32,23,19,17,0,0,2,0
S01007942,35 to 49,124,90,72,18,34,19,0,7,7,1
S01007942,50 to 64,75,54,50,4,21,5,0,1,13,2
S01007942,65 to 74,27,17,17,0,10,2,0,1,6,1
S01007942,75 to 84,13,8,8,0,5,0,0,0,2,3
S01007942,85 and over,2,0,0,0,2,1,0,0,0,1
S01007943,All people aged 16 and over in households,564,366,304,62,198,99,1,19,29,50
S01007943,16 to 24,49,5,0,5,44,43,0,1,0,0
S01007943,25 to 34,59,36,15,21,23,21,0,1,1,0
S01007943,35 to 49,115,82,61,21,33,21,0,8,4,0
S01007943,50 to 64,174,139,127,12,35,10,0,6,12,7
S01007943,65 to 74,85,61,58,3,24,2,0,2,9,11
S01007943,75 to 84,72,37,37,0,35,2,1,1,3,28
S01007943,85 and over,10,6,6,0,4,0,0,0,0,4
S01007944,All people aged 16 and over in households,764,460,372,88,304,167,5,34,37,61
S01007944,16 to 24,86,9,0,9,77,77,0,0,0,0
S01007944,25 to 34,89,56,25,31,33,27,1,3,2,0
S01007944,35 to 49,210,142,108,34,68,39,0,16,11,2
S01007944,50 to 64,196,143,130,13,53,16,1,15,16,5
S01007944,65 to 74,113,85,85,0,28,5,2,0,7,14
S01007944,75 to 84,50,20,20,0,30,3,0,0,1,26
S01007944,85 and over,20,5,4,1,15,0,1,0,0,14
S01007945,All people aged 16 and over in households,723,396,314,82,327,163,2,34,58,70
S01007945,16 to 24,95,25,1,24,70,70,0,0,0,0
S01007945,25 to 34,76,33,21,12,43,34,1,5,2,1
S01007945,35 to 49,177,109,85,24,68,36,0,13,19,0
S01007945,50 to 64,206,141,124,17,65,17,0,11,26,11
S01007945,65 to 74,77,48,45,3,29,4,0,5,6,14
S01007945,75 to 84,68,35,33,2,33,0,1,0,5,27
S01007945,85 and over,24,5,5,0,19,2,0,0,0,17
S01007946,All people aged 16 and over in households,660,332,242,90,328,192,3,39,47,47
S01007946,16 to 24,83,9,0,9,74,73,0,1,0,0
S01007946,25 to 34,82,34,15,19,48,45,1,0,1,1
S01007946,35 to 49,198,120,77,43,78,45,0,18,12,3
S01007946,50 to 64,166,102,85,17,64,14,1,16,26,7
S01007946,65 to 74,76,43,41,2,33,8,0,4,5,16
S01007946,75 to 84,43,21,21,0,22,4,1,0,3,14
S01007946,85 and over,12,3,3,0,9,3,0,0,0,6
S01007947,All people aged 16 and over in households,618,380,340,40,238,137,5,15,39,42
S01007947,16 to 24,71,0,0,0,71,71,0,0,0,0
S01007947,25 to 34,60,28,20,8,32,27,0,3,2,0
S01007947,35 to 49,181,134,106,28,47,26,4,6,10,1
S01007947,50 to 64,158,122,118,4,36,5,1,5,18,7
S01007947,65 to 74,102,77,77,0,25,3,0,1,9,12
S01007947,75 to 84,33,15,15,0,18,2,0,0,0,16
S01007947,85 and over,13,4,4,0,9,3,0,0,0,6
S01007948,All people aged 16 and over in households,526,278,212,66,248,147,2,12,36,51
S01007948,16 to 24,78,12,0,12,66,66,0,0,0,0
S01007948,25 to 34,68,37,13,24,31,27,1,2,0,1
S01007948,35 to 49,139,94,71,23,45,28,0,2,14,1
S01007948,50 to 64,140,88,81,7,52,16,1,7,22,6
S01007948,65 to 74,59,34,34,0,25,6,0,1,0,18
S01007948,75 to 84,32,10,10,0,22,4,0,0,0,18
S01007948,85 and over,10,3,3,0,7,0,0,0,0,7
S01007949,All people aged 16 and over in households,654,442,370,72,212,120,0,13,33,46
S01007949,16 to 24,79,11,0,11,68,67,0,1,0,0
S01007949,25 to 34,63,41,18,23,22,20,0,1,1,0
S01007949,35 to 49,156,126,105,21,30,17,0,7,5,1
S01007949,50 to 64,194,157,144,13,37,7,0,4,18,8
S01007949,65 to 74,113,82,80,2,31,7,0,0,7,17
S01007949,75 to 84,45,25,23,2,20,0,0,0,2,18
S01007949,85 and over,4,0,0,0,4,2,0,0,0,2
S01007950,All people aged 16 and over in households,735,497,425,72,238,132,8,16,38,44
S01007950,16 to 24,93,10,1,9,83,83,0,0,0,0
S01007950,25 to 34,72,49,28,21,23,20,0,1,2,0
S01007950,35 to 49,217,166,135,31,51,21,5,8,17,0
S01007950,50 to 64,203,170,159,11,33,7,3,3,12,8
S01007950,65 to 74,106,79,79,0,27,1,0,4,6,16
S01007950,75 to 84,38,21,21,0,17,0,0,0,1,16
S01007950,85 and over,6,2,2,0,4,0,0,0,0,4
S01007951,All people aged 16 and over in households,619,384,290,94,235,140,1,16,32,46
S01007951,16 to 24,92,2,0,2,90,90,0,0,0,0
S01007951,25 to 34,70,46,12,34,24,22,0,1,1,0
S01007951,35 to 49,197,155,118,37,42,17,0,8,14,3
S01007951,50 to 64,130,102,89,13,28,6,0,5,12,5
S01007951,65 to 74,72,55,47,8,17,1,1,2,4,9
S01007951,75 to 84,39,17,17,0,22,1,0,0,1,20
S01007951,85 and over,19,7,7,0,12,3,0,0,0,9
S01007952,All people aged 16 and over in households,543,240,170,70,303,147,7,26,43,80
S01007952,16 to 24,73,17,1,16,56,56,0,0,0,0
S01007952,25 to 34,61,28,11,17,33,31,1,0,1,0
S01007952,35 to 49,108,58,41,17,50,25,3,12,7,3
S01007952,50 to 64,137,67,55,12,70,25,1,11,22,11
S01007952,65 to 74,88,49,46,3,39,4,0,1,11,23
S01007952,75 to 84,56,19,14,5,37,5,2,2,2,26
S01007952,85 and over,20,2,2,0,18,1,0,0,0,17
S01007953,All people aged 16 and over in households,763,438,348,90,325,171,1,27,59,67
S01007953,16 to 24,121,13,1,12,108,108,0,0,0,0
S01007953,25 to 34,104,72,42,30,32,30,0,0,2,0
S01007953,35 to 49,207,148,117,31,59,22,0,13,21,3
S01007953,50 to 64,190,137,125,12,53,4,0,13,23,13
S01007953,65 to 74,88,52,48,4,36,4,0,1,8,23
S01007953,75 to 84,41,14,13,1,27,2,1,0,4,20
S01007953,85 and over,12,2,2,0,10,1,0,0,1,8
S01007954,All people aged 16 and over in households,586,278,222,56,308,192,3,32,45,36
S01007954,16 to 24,90,10,1,9,80,80,0,0,0,0
S01007954,25 to 34,100,36,17,19,64,58,1,5,0,0
S01007954,35 to 49,157,85,69,16,72,32,2,16,21,1
S01007954,50 to 64,149,99,89,10,50,17,0,8,17,8
S01007954,65 to 74,57,35,33,2,22,4,0,2,4,12
S01007954,75 to 84,29,12,12,0,17,0,0,1,3,13
S01007954,85 and over,4,1,1,0,3,1,0,0,0,2
S01007955,All people aged 16 and over in households,636,350,238,112,286,194,5,14,45,28
S01007955,16 to 24,125,24,4,20,101,101,0,0,0,0
S01007955,25 to 34,123,64,28,36,59,56,0,2,1,0
S01007955,35 to 49,170,117,68,49,53,26,2,9,15,1
S01007955,50 to 64,138,93,86,7,45,10,2,3,25,5
S01007955,65 to 74,50,37,37,0,13,1,0,0,3,9
S01007955,75 to 84,26,13,13,0,13,0,1,0,1,11
S01007955,85 and over,4,2,2,0,2,0,0,0,0,2
S01007956,All people aged 16 and over in households,577,310,220,90,267,160,4,16,36,51
S01007956,16 to 24,105,21,1,20,84,84,0,0,0,0
S01007956,25 to 34,99,60,24,36,39,35,0,1,2,1
S01007956,35 to 49,155,106,78,28,49,27,0,6,12,4
S01007956,50 to 64,109,65,59,6,44,9,3,7,17,8
S01007956,65 to 74,65,39,39,0,26,3,1,2,3,17
S01007956,75 to 84,33,15,15,0,18,1,0,0,2,15
S01007956,85 and over,11,4,4,0,7,1,0,0,0,6
S01007957,All people aged 16 and over in households,795,454,356,98,341,179,1,20,54,87
S01007957,16 to 24,88,12,1,11,76,75,0,1,0,0
S01007957,25 to 34,100,60,35,25,40,38,0,1,1,0
S01007957,35 to 49,188,126,88,38,62,39,0,10,12,1
S01007957,50 to 64,197,140,116,24,57,16,0,6,24,11
S01007957,65 to 74,129,81,81,0,48,5,0,2,14,27
S01007957,75 to 84,74,32,32,0,42,6,1,0,3,32
S01007957,85 and over,19,3,3,0,16,0,0,0,0,16
S01007958,All people aged 16 and over in households,666,344,236,108,322,202,6,16,57,41
S01007958,16 to 24,112,18,2,16,94,92,0,0,2,0
S01007958,25 to 34,105,53,22,31,52,50,0,1,1,0
S01007958,35 to 49,177,112,82,30,65,36,1,6,19,3
S01007958,50 to 64,172,114,89,25,58,16,3,7,27,5
S01007958,65 to 74,55,26,23,3,29,4,2,2,4,17
S01007958,75 to 84,41,20,18,2,21,2,0,0,3,16
S01007958,85 and over,4,1,0,1,3,2,0,0,1,0
S01007959,All people aged 16 and over in households,690,444,378,66,246,122,5,13,39,67
S01007959,16 to 24,58,8,2,6,50,50,0,0,0,0
S01007959,25 to 34,68,39,17,22,29,29,0,0,0,0
S01007959,35 to 49,149,107,89,18,42,24,0,10,8,0
S01007959,50 to 64,195,158,146,12,37,9,3,3,16,6
S01007959,65 to 74,127,98,91,7,29,4,1,0,10,14
S01007959,75 to 84,65,30,29,1,35,4,0,0,4,27
S01007959,85 and over,28,4,4,0,24,2,1,0,1,20
S01007960,All people aged 16 and over in households,571,308,242,66,263,151,5,17,45,45
S01007960,16 to 24,70,4,0,4,66,66,0,0,0,0
S01007960,25 to 34,82,46,30,16,36,32,2,2,0,0
S01007960,35 to 49,182,108,79,29,74,42,0,11,17,4
S01007960,50 to 64,134,93,77,16,41,9,0,3,22,7
S01007960,65 to 74,67,42,41,1,25,1,1,0,6,17
S01007960,75 to 84,29,13,13,0,16,1,2,1,0,12
S01007960,85 and over,7,2,2,0,5,0,0,0,0,5
S01007961,All people aged 16 and over in households,597,426,368,58,171,128,8,9,10,16
S01007961,16 to 24,71,7,2,5,64,64,0,0,0,0
S01007961,25 to 34,50,26,18,8,24,23,0,1,0,0
S01007961,35 to 49,176,141,114,27,35,21,5,3,5,1
S01007961,50 to 64,166,142,129,13,24,15,1,5,2,1
S01007961,65 to 74,106,94,91,3,12,3,1,0,1,7
S01007961,75 to 84,22,13,12,1,9,1,1,0,2,5
S01007961,85 and over,6,3,2,1,3,1,0,0,0,2
S01007962,All people aged 16 and over in households,443,244,198,46,199,127,2,17,41,12
S01007962,16 to 24,70,9,2,7,61,61,0,0,0,0
S01007962,25 to 34,74,40,26,14,34,33,0,1,0,0
S01007962,35 to 49,155,99,79,20,56,25,1,8,22,0
S01007962,50 to 64,84,52,49,3,32,6,1,6,16,3
S01007962,65 to 74,35,27,26,1,8,2,0,2,2,2
S01007962,75 to 84,24,17,16,1,7,0,0,0,1,6
S01007962,85 and over,1,0,0,0,1,0,0,0,0,1
S01007963,All people aged 16 and over in households,702,298,178,120,404,250,8,39,58,49
S01007963,16 to 24,142,22,3,19,120,119,0,1,0,0
S01007963,25 to 34,137,68,34,34,69,59,0,5,4,1
S01007963,35 to 49,196,97,50,47,99,46,3,22,26,2
S01007963,50 to 64,133,71,55,16,62,20,3,7,22,10
S01007963,65 to 74,60,26,22,4,34,4,2,3,4,21
S01007963,75 to 84,30,14,14,0,16,2,0,1,2,11
S01007963,85 and over,4,0,0,0,4,0,0,0,0,4
S01007964,All people aged 16 and over in households,643,330,244,86,313,187,6,26,42,52
S01007964,16 to 24,98,16,0,16,82,80,0,2,0,0
S01007964,25 to 34,95,44,18,26,51,45,0,6,0,0
S01007964,35 to 49,151,91,58,33,60,39,0,9,11,1
S01007964,50 to 64,141,92,82,10,49,13,0,5,21,10
S01007964,65 to 74,84,53,53,0,31,5,2,3,8,13
S01007964,75 to 84,55,32,31,1,23,3,3,1,1,15
S01007964,85 and over,19,2,2,0,17,2,1,0,1,13
S01007965,All people aged 16 and over in households,456,232,182,50,224,124,0,15,38,47
S01007965,16 to 24,62,5,1,4,57,57,0,0,0,0
S01007965,25 to 34,70,43,24,19,27,24,0,2,1,0
S01007965,35 to 49,120,72,52,20,48,25,0,7,15,1
S01007965,50 to 64,109,72,67,5,37,10,0,4,17,6
S01007965,65 to 74,53,25,23,2,28,4,0,2,5,17
S01007965,75 to 84,31,12,12,0,19,3,0,0,0,16
S01007965,85 and over,11,3,3,0,8,1,0,0,0,7
S01007966,All people aged 16 and over in households,733,334,256,78,399,242,5,25,55,72
S01007966,16 to 24,116,7,2,5,109,107,2,0,0,0
S01007966,25 to 34,114,44,26,18,70,60,0,7,3,0
S01007966,35 to 49,188,113,76,37,75,43,1,10,17,4
S01007966,50 to 64,177,102,87,15,75,30,0,8,29,8
S01007966,65 to 74,66,39,36,3,27,2,1,0,5,19
S01007966,75 to 84,58,26,26,0,32,0,1,0,1,30
S01007966,85 and over,14,3,3,0,11,0,0,0,0,11
S01007967,All people aged 16 and over in households,464,218,170,48,246,165,4,15,41,21
S01007967,16 to 24,98,10,1,9,88,88,0,0,0,0
S01007967,25 to 34,74,30,15,15,44,41,0,1,2,0
S01007967,35 to 49,136,78,63,15,58,28,2,9,18,1
S01007967,50 to 64,99,66,57,9,33,8,1,4,18,2
S01007967,65 to 74,37,24,24,0,13,0,0,1,3,9
S01007967,75 to 84,14,9,9,0,5,0,1,0,0,4
S01007967,85 and over,6,1,1,0,5,0,0,0,0,5
S01007968,All people aged 16 and over in households,741,432,350,82,309,161,5,19,43,81
S01007968,16 to 24,88,11,1,10,77,76,0,1,0,0
S01007968,25 to 34,108,64,31,33,44,41,0,3,0,0
S01007968,35 to 49,161,107,83,24,54,28,0,9,16,1
S01007968,50 to 64,187,139,125,14,48,14,2,4,20,8
S01007968,65 to 74,70,50,49,1,20,2,0,1,5,12
S01007968,75 to 84,112,57,57,0,55,0,2,1,2,50
S01007968,85 and over,15,4,4,0,11,0,1,0,0,10
S01007969,All people aged 16 and over in households,700,382,290,92,318,166,4,16,47,85
S01007969,16 to 24,83,11,0,11,72,72,0,0,0,0
S01007969,25 to 34,116,63,25,38,53,52,0,1,0,0
S01007969,35 to 49,156,111,79,32,45,28,0,6,11,0
S01007969,50 to 64,165,115,104,11,50,7,1,7,25,10
S01007969,65 to 74,70,37,37,0,33,4,1,1,7,20
S01007969,75 to 84,90,42,42,0,48,1,2,1,3,41
S01007969,85 and over,20,3,3,0,17,2,0,0,1,14
S01007970,All people aged 16 and over in households,707,390,298,92,317,172,0,26,51,68
S01007970,16 to 24,79,12,0,12,67,67,0,0,0,0
S01007970,25 to 34,135,77,38,39,58,54,0,4,0,0
S01007970,35 to 49,179,115,84,31,64,31,0,14,17,2
S01007970,50 to 64,159,102,94,8,57,17,0,7,21,12
S01007970,65 to 74,73,44,42,2,29,2,0,1,10,16
S01007970,75 to 84,68,40,40,0,28,1,0,0,3,24
S01007970,85 and over,14,0,0,0,14,0,0,0,0,14
S01007971,All people aged 16 and over in households,796,396,308,88,400,216,7,21,65,91
S01007971,16 to 24,100,15,1,14,85,85,0,0,0,0
S01007971,25 to 34,122,63,35,28,59,56,0,0,3,0
S01007971,35 to 49,182,105,70,35,77,40,2,11,22,2
S01007971,50 to 64,193,128,117,11,65,22,0,9,31,3
S01007971,65 to 74,62,36,36,0,26,6,0,1,7,12
S01007971,75 to 84,116,48,48,0,68,6,4,0,2,56
S01007971,85 and over,21,1,1,0,20,1,1,0,0,18
S01007972,All people aged 16 and over in households,705,396,320,76,309,181,6,17,38,67
S01007972,16 to 24,95,7,2,5,88,88,0,0,0,0
S01007972,25 to 34,93,50,33,17,43,41,1,0,1,0
S01007972,35 to 49,168,112,85,27,56,27,1,8,19,1
S01007972,50 to 64,174,127,106,21,47,18,1,7,15,6
S01007972,65 to 74,70,42,40,2,28,5,1,1,2,19
S01007972,75 to 84,81,51,47,4,30,2,1,1,1,25
S01007972,85 and over,24,7,7,0,17,0,1,0,0,16
S01007973,All people aged 16 and over in households,724,504,462,42,220,130,1,12,32,45
S01007973,16 to 24,88,4,0,4,84,83,1,0,0,0
S01007973,25 to 34,67,36,20,16,31,27,0,1,3,0
S01007973,35 to 49,164,140,129,11,24,14,0,3,7,0
S01007973,50 to 64,252,212,204,8,40,2,0,6,19,13
S01007973,65 to 74,107,88,85,3,19,2,0,1,2,14
S01007973,75 to 84,35,20,20,0,15,2,0,1,1,11
S01007973,85 and over,11,4,4,0,7,0,0,0,0,7
S01007974,All people aged 16 and over in households,676,304,184,120,372,184,4,29,67,88
S01007974,16 to 24,79,17,1,16,62,62,0,0,0,0
S01007974,25 to 34,110,67,23,44,43,40,1,0,2,0
S01007974,35 to 49,195,97,59,38,98,56,1,19,17,5
S01007974,50 to 64,140,62,43,19,78,17,2,7,38,14
S01007974,65 to 74,83,45,43,2,38,5,0,3,8,22
S01007974,75 to 84,53,15,14,1,38,2,0,0,2,34
S01007974,85 and over,16,1,1,0,15,2,0,0,0,13
S01007975,All people aged 16 and over in households,561,295,227,68,266,141,8,19,38,60
S01007975,16 to 24,79,17,4,13,62,62,0,0,0,0
S01007975,25 to 34,77,45,21,24,32,29,1,2,0,0
S01007975,35 to 49,126,75,55,20,51,28,1,12,10,0
S01007975,50 to 64,131,88,78,10,43,9,2,5,16,11
S01007975,65 to 74,57,38,37,1,19,4,0,0,8,7
S01007975,75 to 84,58,25,25,0,33,4,1,0,3,25
S01007975,85 and over,33,7,7,0,26,5,3,0,1,17
S01007976,All people aged 16 and over in households,645,258,182,76,387,190,7,28,71,91
S01007976,16 to 24,60,14,0,14,46,46,0,0,0,0
S01007976,25 to 34,104,45,16,29,59,53,0,4,2,0
S01007976,35 to 49,119,56,33,23,63,37,5,12,9,0
S01007976,50 to 64,159,64,54,10,95,37,0,9,38,11
S01007976,65 to 74,94,53,53,0,41,5,0,2,16,18
S01007976,75 to 84,83,22,22,0,61,11,2,1,6,41
S01007976,85 and over,26,4,4,0,22,1,0,0,0,21
S01007977,All people aged 16 and over in households,558,326,242,84,232,145,2,13,37,35
S01007977,16 to 24,83,17,0,17,66,66,0,0,0,0
S01007977,25 to 34,110,75,36,39,35,34,0,1,0,0
S01007977,35 to 49,151,99,77,22,52,29,1,9,13,0
S01007977,50 to 64,114,81,76,5,33,8,0,1,19,5
S01007977,65 to 74,60,39,38,1,21,5,0,2,4,10
S01007977,75 to 84,28,12,12,0,16,2,1,0,1,12
S01007977,85 and over,12,3,3,0,9,1,0,0,0,8
S01007978,All people aged 16 and over in households,505,196,114,82,309,183,1,23,50,52
S01007978,16 to 24,62,22,2,20,40,40,0,0,0,0
S01007978,25 to 34,126,58,24,34,68,64,1,2,1,0
S01007978,35 to 49,141,56,35,21,85,60,0,13,12,0
S01007978,50 to 64,85,37,32,5,48,15,0,4,21,8
S01007978,65 to 74,42,17,15,2,25,2,0,4,11,8
S01007978,75 to 84,32,3,3,0,29,2,0,0,5,22
S01007978,85 and over,17,3,3,0,14,0,0,0,0,14
S01007979,All people aged 16 and over in households,706,450,366,84,256,151,4,18,33,50
S01007979,16 to 24,100,19,3,16,81,80,1,0,0,0
S01007979,25 to 34,112,79,48,31,33,29,1,2,1,0
S01007979,35 to 49,168,126,99,27,42,21,0,8,13,0
S01007979,50 to 64,192,146,137,9,46,20,1,8,14,3
S01007979,65 to 74,66,53,53,0,13,1,1,0,2,9
S01007979,75 to 84,47,19,18,1,28,0,0,0,3,25
S01007979,85 and over,21,8,8,0,13,0,0,0,0,13
S01007980,All people aged 16 and over in households,611,316,276,40,295,170,6,15,22,82
S01007980,16 to 24,84,3,1,2,81,81,0,0,0,0
S01007980,25 to 34,62,32,20,12,30,29,1,0,0,0
S01007980,35 to 49,145,100,80,20,45,30,3,7,4,1
S01007980,50 to 64,154,113,107,6,41,17,1,4,12,7
S01007980,65 to 74,83,47,47,0,36,8,1,3,4,20
S01007980,75 to 84,58,19,19,0,39,2,0,1,2,34
S01007980,85 and over,25,2,2,0,23,3,0,0,0,20
S01007981,All people aged 16 and over in households,488,345,314,31,143,71,4,4,16,48
S01007981,16 to 24,41,2,0,2,39,39,0,0,0,0
S01007981,25 to 34,36,17,9,8,19,17,0,0,2,0
S01007981,35 to 49,93,77,60,17,16,10,1,2,3,0
S01007981,50 to 64,171,151,149,2,20,3,0,1,7,9
S01007981,65 to 74,85,72,71,1,13,1,1,0,4,7
S01007981,75 to 84,47,23,22,1,24,1,1,1,0,21
S01007981,85 and over,15,3,3,0,12,0,1,0,0,11
S01007982,All people aged 16 and over in households,439,308,282,26,131,80,2,6,15,28
S01007982,16 to 24,60,5,0,5,55,55,0,0,0,0
S01007982,25 to 34,25,16,8,8,9,8,0,0,1,0
S01007982,35 to 49,100,80,73,7,20,10,0,6,4,0
S01007982,50 to 64,133,111,108,3,22,6,1,0,8,7
S01007982,65 to 74,82,71,69,2,11,0,0,0,2,9
S01007982,75 to 84,38,24,23,1,14,1,1,0,0,12
S01007982,85 and over,1,1,1,0,0,0,0,0,0,0
S01007983,All people aged 16 and over in households,649,322,252,70,327,161,4,25,64,73
S01007983,16 to 24,89,13,3,10,76,76,0,0,0,0
S01007983,25 to 34,62,27,10,17,35,34,0,0,1,0
S01007983,35 to 49,169,94,58,36,75,30,1,18,25,1
S01007983,50 to 64,106,68,61,7,38,13,0,3,16,6
S01007983,65 to 74,130,75,75,0,55,1,1,3,19,31
S01007983,75 to 84,84,45,45,0,39,6,2,1,3,27
S01007983,85 and over,9,0,0,0,9,1,0,0,0,8
S01007984,All people aged 16 and over in households,681,414,360,54,267,138,4,21,39,65
S01007984,16 to 24,65,8,2,6,57,57,0,0,0,0
S01007984,25 to 34,84,51,40,11,33,28,0,4,1,0
S01007984,35 to 49,189,128,101,27,61,35,2,7,16,1
S01007984,50 to 64,137,102,96,6,35,11,2,7,12,3
S01007984,65 to 74,140,102,99,3,38,3,0,3,5,27
S01007984,75 to 84,52,20,19,1,32,3,0,0,5,24
S01007984,85 and over,14,3,3,0,11,1,0,0,0,10
S01007985,All people aged 16 and over in households,744,394,308,86,350,215,2,14,65,54
S01007985,16 to 24,127,22,1,21,105,105,0,0,0,0
S01007985,25 to 34,95,53,31,22,42,37,1,0,4,0
S01007985,35 to 49,209,119,80,39,90,62,0,8,20,0
S01007985,50 to 64,144,95,91,4,49,8,1,3,25,12
S01007985,65 to 74,123,86,86,0,37,1,0,2,12,22
S01007985,75 to 84,43,19,19,0,24,2,0,1,4,17
S01007985,85 and over,3,0,0,0,3,0,0,0,0,3
S01007986,All people aged 16 and over in households,475,298,252,46,177,102,7,11,20,37
S01007986,16 to 24,75,11,0,11,64,63,1,0,0,0
S01007986,25 to 34,38,14,5,9,24,20,1,1,1,1
S01007986,35 to 49,144,114,97,17,30,16,2,7,4,1
S01007986,50 to 64,87,70,66,4,17,3,1,2,9,2
S01007986,65 to 74,93,70,66,4,23,0,1,1,5,16
S01007986,75 to 84,34,18,17,1,16,0,0,0,1,15
S01007986,85 and over,4,1,1,0,3,0,1,0,0,2
S01007987,All people aged 16 and over in households,621,390,336,54,231,144,0,21,30,36
S01007987,16 to 24,86,5,0,5,81,81,0,0,0,0
S01007987,25 to 34,71,29,19,10,42,37,0,2,2,1
S01007987,35 to 49,188,144,117,27,44,21,0,11,12,0
S01007987,50 to 64,163,133,122,11,30,3,0,8,12,7
S01007987,65 to 74,78,64,63,1,14,2,0,0,3,9
S01007987,75 to 84,27,13,13,0,14,0,0,0,0,14
S01007987,85 and over,8,2,2,0,6,0,0,0,1,5
S01007988,All people aged 16 and over in households,667,390,320,70,277,167,2,15,36,57
S01007988,16 to 24,77,8,1,7,69,69,0,0,0,0
S01007988,25 to 34,108,53,23,30,55,54,0,0,1,0
S01007988,35 to 49,151,94,72,22,57,34,1,6,16,0
S01007988,50 to 64,178,139,129,10,39,7,0,6,14,12
S01007988,65 to 74,118,77,77,0,41,2,1,2,4,32
S01007988,75 to 84,33,19,18,1,14,1,0,1,1,11
S01007988,85 and over,2,0,0,0,2,0,0,0,0,2
S01007989,All people aged 16 and over in households,551,288,222,66,263,162,3,31,43,24
S01007989,16 to 24,97,11,0,11,86,84,1,1,0,0
S01007989,25 to 34,97,51,24,27,46,38,0,5,3,0
S01007989,35 to 49,133,66,47,19,67,31,0,15,21,0
S01007989,50 to 64,159,121,114,7,38,5,2,10,12,9
S01007989,65 to 74,46,25,24,1,21,4,0,0,6,11
S01007989,75 to 84,19,14,13,1,5,0,0,0,1,4
S01007989,85 and over,0,0,0,0,0,0,0,0,0,0
S01007990,All people aged 16 and over in households,683,408,310,98,275,188,3,29,27,28
S01007990,16 to 24,120,14,0,14,106,105,0,0,1,0
S01007990,25 to 34,104,56,26,30,48,43,0,5,0,0
S01007990,35 to 49,266,193,155,38,73,36,2,21,11,3
S01007990,50 to 64,128,104,90,14,24,1,1,3,11,8
S01007990,65 to 74,47,31,29,2,16,2,0,0,4,10
S01007990,75 to 84,16,10,10,0,6,0,0,0,0,6
S01007990,85 and over,2,0,0,0,2,1,0,0,0,1
S01007991,All people aged 16 and over in households,720,538,460,78,182,132,3,9,26,12
S01007991,16 to 24,88,3,2,1,85,85,0,0,0,0
S01007991,25 to 34,105,75,49,26,30,24,0,3,3,0
S01007991,35 to 49,314,278,241,37,36,17,2,5,12,0
S01007991,50 to 64,159,138,126,12,21,5,1,1,10,4
S01007991,65 to 74,33,27,26,1,6,0,0,0,1,5
S01007991,75 to 84,18,14,14,0,4,1,0,0,0,3
S01007991,85 and over,3,3,2,1,0,0,0,0,0,0
S01007992,All people aged 16 and over in households,494,364,308,56,130,102,2,8,10,8
S01007992,16 to 24,77,9,0,9,68,68,0,0,0,0
S01007992,25 to 34,83,64,38,26,19,17,1,1,0,0
S01007992,35 to 49,199,175,158,17,24,14,0,4,5,1
S01007992,50 to 64,107,94,90,4,13,3,0,3,4,3
S01007992,65 to 74,18,15,15,0,3,0,0,0,0,3
S01007992,75 to 84,7,5,5,0,2,0,0,0,1,1
S01007992,85 and over,3,2,2,0,1,0,1,0,0,0
S01007993,All people aged 16 and over in households,703,512,444,68,191,126,2,10,21,32
S01007993,16 to 24,87,1,0,1,86,86,0,0,0,0
S01007993,25 to 34,90,57,31,26,33,27,0,3,3,0
S01007993,35 to 49,172,150,124,26,22,8,0,2,10,2
S01007993,50 to 64,239,214,200,14,25,4,1,5,6,9
S01007993,65 to 74,88,77,76,1,11,0,0,0,2,9
S01007993,75 to 84,22,12,12,0,10,0,1,0,0,9
S01007993,85 and over,5,1,1,0,4,1,0,0,0,3
S01007994,All people aged 16 and over in households,605,480,410,70,125,83,2,9,23,8
S01007994,16 to 24,59,5,0,5,54,54,0,0,0,0
S01007994,25 to 34,114,94,70,24,20,17,0,1,2,0
S01007994,35 to 49,293,268,233,35,25,8,1,5,10,1
S01007994,50 to 64,110,91,85,6,19,4,1,2,8,4
S01007994,65 to 74,20,16,16,0,4,0,0,1,1,2
S01007994,75 to 84,9,6,6,0,3,0,0,0,2,1
S01007994,85 and over,0,0,0,0,0,0,0,0,0,0
S01007995,All people aged 16 and over in households,683,510,470,40,173,129,1,14,19,10
S01007995,16 to 24,99,3,0,3,96,96,0,0,0,0
S01007995,25 to 34,81,66,56,10,15,13,0,1,1,0
S01007995,35 to 49,272,247,226,21,25,12,0,7,6,0
S01007995,50 to 64,175,146,140,6,29,8,0,6,12,3
S01007995,65 to 74,47,40,40,0,7,0,1,0,0,6
S01007995,75 to 84,8,7,7,0,1,0,0,0,0,1
S01007995,85 and over,1,1,1,0,0,0,0,0,0,0
S01007996,All people aged 16 and over in households,392,278,258,20,114,77,0,8,13,16
S01007996,16 to 24,51,1,0,1,50,50,0,0,0,0
S01007996,25 to 34,26,14,10,4,12,10,0,0,1,1
S01007996,35 to 49,113,99,94,5,14,8,0,6,0,0
S01007996,50 to 64,127,108,98,10,19,5,0,1,11,2
S01007996,65 to 74,44,38,38,0,6,1,0,0,0,5
S01007996,75 to 84,25,16,16,0,9,2,0,1,1,5
S01007996,85 and over,6,2,2,0,4,1,0,0,0,3
S01007997,All people aged 16 and over in households,581,386,356,30,195,120,1,6,16,52
S01007997,16 to 24,65,6,2,4,59,59,0,0,0,0
S01007997,25 to 34,54,27,18,9,27,26,0,1,0,0
S01007997,35 to 49,119,99,86,13,20,13,1,2,4,0
S01007997,50 to 64,203,169,166,3,34,14,0,3,9,8
S01007997,65 to 74,74,56,55,1,18,3,0,0,3,12
S01007997,75 to 84,43,24,24,0,19,3,0,0,0,16
S01007997,85 and over,23,5,5,0,18,2,0,0,0,16
S01007998,All people aged 16 and over in households,435,282,238,44,153,99,4,9,17,24
S01007998,16 to 24,49,4,1,3,45,45,0,0,0,0
S01007998,25 to 34,54,32,21,11,22,19,1,1,1,0
S01007998,35 to 49,107,72,51,21,35,25,1,6,3,0
S01007998,50 to 64,126,105,97,8,21,4,1,2,11,3
S01007998,65 to 74,62,52,51,1,10,3,1,0,1,5
S01007998,75 to 84,23,14,14,0,9,1,0,0,0,8
S01007998,85 and over,14,3,3,0,11,2,0,0,1,8
S01007999,All people aged 16 and over in households,544,258,188,70,286,173,4,20,38,51
S01007999,16 to 24,90,9,3,6,81,81,0,0,0,0
S01007999,25 to 34,77,40,22,18,37,36,0,1,0,0
S01007999,35 to 49,163,99,64,35,64,38,2,11,11,2
S01007999,50 to 64,127,76,67,9,51,14,2,7,22,6
S01007999,65 to 74,39,23,21,2,16,1,0,1,4,10
S01007999,75 to 84,38,11,11,0,27,3,0,0,1,23
S01007999,85 and over,10,0,0,0,10,0,0,0,0,10
S01008000,All people aged 16 and over in households,688,340,242,98,348,201,3,32,66,46
S01008000,16 to 24,116,23,0,23,93,93,0,0,0,0
S01008000,25 to 34,113,56,20,36,57,55,0,1,1,0
S01008000,35 to 49,199,113,87,26,86,41,2,22,19,2
S01008000,50 to 64,134,87,79,8,47,6,1,7,28,5
S01008000,65 to 74,61,37,34,3,24,2,0,2,10,10
S01008000,75 to 84,46,21,19,2,25,4,0,0,7,14
S01008000,85 and over,19,3,3,0,16,0,0,0,1,15
S01008001,All people aged 16 and over in households,655,286,206,80,369,242,3,17,52,55
S01008001,16 to 24,109,9,1,8,100,100,0,0,0,0
S01008001,25 to 34,119,57,26,31,62,60,1,1,0,0
S01008001,35 to 49,178,87,55,32,91,65,0,8,17,1
S01008001,50 to 64,149,84,75,9,65,14,1,8,25,17
S01008001,65 to 74,55,35,35,0,20,3,1,0,6,10
S01008001,75 to 84,31,11,11,0,20,0,0,0,4,16
S01008001,85 and over,14,3,3,0,11,0,0,0,0,11
S01008002,All people aged 16 and over in households,611,264,172,92,347,222,5,26,55,39
S01008002,16 to 24,118,19,0,19,99,97,0,2,0,0
S01008002,25 to 34,91,33,15,18,58,56,0,2,0,0
S01008002,35 to 49,171,89,52,37,82,43,5,12,21,1
S01008002,50 to 64,170,102,85,17,68,24,0,8,25,11
S01008002,65 to 74,34,16,15,1,18,1,0,2,7,8
S01008002,75 to 84,17,4,4,0,13,0,0,0,2,11
S01008002,85 and over,10,1,1,0,9,1,0,0,0,8
S01008003,All people aged 16 and over in households,463,262,182,80,201,135,0,16,29,21
S01008003,16 to 24,72,10,0,10,62,62,0,0,0,0
S01008003,25 to 34,85,52,26,26,33,28,0,4,1,0
S01008003,35 to 49,158,109,75,34,49,31,0,7,8,3
S01008003,50 to 64,101,67,58,9,34,11,0,5,14,4
S01008003,65 to 74,25,13,13,0,12,2,0,0,3,7
S01008003,75 to 84,19,9,8,1,10,1,0,0,3,6
S01008003,85 and over,3,2,2,0,1,0,0,0,0,1
S01008004,All people aged 16 and over in households,465,302,242,60,163,105,2,21,18,17
S01008004,16 to 24,60,4,2,2,56,54,0,2,0,0
S01008004,25 to 34,132,97,70,27,35,31,0,3,1,0
S01008004,35 to 49,174,135,109,26,39,15,1,14,6,3
S01008004,50 to 64,72,53,48,5,19,5,0,2,8,4
S01008004,65 to 74,16,8,8,0,8,0,1,0,2,5
S01008004,75 to 84,9,5,5,0,4,0,0,0,0,4
S01008004,85 and over,2,0,0,0,2,0,0,0,1,1
S01008005,All people aged 16 and over in households,397,262,146,116,135,101,1,18,10,5
S01008005,16 to 24,66,24,3,21,42,42,0,0,0,0
S01008005,25 to 34,151,107,51,56,44,40,0,4,0,0
S01008005,35 to 49,128,91,55,36,37,16,1,13,7,0
S01008005,50 to 64,39,30,27,3,9,2,0,1,3,3
S01008005,65 to 74,12,10,10,0,2,1,0,0,0,1
S01008005,75 to 84,1,0,0,0,1,0,0,0,0,1
S01008005,85 and over,0,0,0,0,0,0,0,0,0,0
S01008006,All people aged 16 and over in households,445,200,120,80,245,161,2,14,36,32
S01008006,16 to 24,83,14,1,13,69,69,0,0,0,0
S01008006,25 to 34,64,29,10,19,35,31,0,1,3,0
S01008006,35 to 49,130,68,35,33,62,37,1,7,16,1
S01008006,50 to 64,89,46,34,12,43,19,0,4,13,7
S01008006,65 to 74,47,30,27,3,17,1,0,1,4,11
S01008006,75 to 84,29,12,12,0,17,4,1,1,0,11
S01008006,85 and over,3,1,1,0,2,0,0,0,0,2
S01008007,All people aged 16 and over in households,336,150,82,68,186,131,1,15,28,11
S01008007,16 to 24,73,16,3,13,57,57,0,0,0,0
S01008007,25 to 34,60,24,4,20,36,29,0,7,0,0
S01008007,35 to 49,100,51,31,20,49,32,0,6,11,0
S01008007,50 to 64,79,46,32,14,33,13,1,1,12,6
S01008007,65 to 74,15,10,9,1,5,0,0,1,4,0
S01008007,75 to 84,7,3,3,0,4,0,0,0,1,3
S01008007,85 and over,2,0,0,0,2,0,0,0,0,2
S01008008,All people aged 16 and over in households,459,230,138,92,229,153,4,18,29,25
S01008008,16 to 24,75,13,0,13,62,62,0,0,0,0
S01008008,25 to 34,95,52,23,29,43,38,1,3,1,0
S01008008,35 to 49,160,102,66,36,58,34,2,10,12,0
S01008008,50 to 64,85,48,36,12,37,16,0,4,10,7
S01008008,65 to 74,24,11,9,2,13,1,0,1,5,6
S01008008,75 to 84,16,4,4,0,12,2,1,0,1,8
S01008008,85 and over,4,0,0,0,4,0,0,0,0,4
S01008009,All people aged 16 and over in households,590,272,150,122,318,204,5,34,45,30
S01008009,16 to 24,107,28,0,28,79,78,1,0,0,0
S01008009,25 to 34,144,74,29,45,70,61,0,6,3,0
S01008009,35 to 49,163,80,44,36,83,48,3,12,18,2
S01008009,50 to 64,111,62,52,10,49,10,0,14,18,7
S01008009,65 to 74,43,23,20,3,20,2,1,1,3,13
S01008009,75 to 84,17,5,5,0,12,4,0,1,3,4
S01008009,85 and over,5,0,0,0,5,1,0,0,0,4
S01008010,All people aged 16 and over in households,746,370,260,110,376,245,2,37,59,33
S01008010,16 to 24,116,29,2,27,87,87,0,0,0,0
S01008010,25 to 34,140,81,39,42,59,55,0,3,1,0
S01008010,35 to 49,226,118,86,32,108,68,2,14,23,1
S01008010,50 to 64,171,97,90,7,74,27,0,12,30,5
S01008010,65 to 74,68,36,34,2,32,5,0,8,4,15
S01008010,75 to 84,22,9,9,0,13,3,0,0,1,9
S01008010,85 and over,3,0,0,0,3,0,0,0,0,3
S01008011,All people aged 16 and over in households,612,212,126,86,400,204,3,28,64,101
S01008011,16 to 24,83,26,2,24,57,57,0,0,0,0
S01008011,25 to 34,109,49,16,33,60,55,1,3,1,0
S01008011,35 to 49,93,31,15,16,62,37,1,12,12,0
S01008011,50 to 64,117,45,38,7,72,31,0,9,27,5
S01008011,65 to 74,75,30,27,3,45,11,0,3,15,16
S01008011,75 to 84,92,28,25,3,64,10,1,1,7,45
S01008011,85 and over,43,3,3,0,40,3,0,0,2,35
S01008012,All people aged 16 and over in households,689,286,172,114,403,231,3,41,76,52
S01008012,16 to 24,101,29,3,26,72,72,0,0,0,0
S01008012,25 to 34,148,70,26,44,78,71,1,2,4,0
S01008012,35 to 49,194,84,49,35,110,60,1,21,27,1
S01008012,50 to 64,130,55,48,7,75,19,1,15,34,6
S01008012,65 to 74,62,35,33,2,27,3,0,3,7,14
S01008012,75 to 84,36,7,7,0,29,4,0,0,4,21
S01008012,85 and over,18,6,6,0,12,2,0,0,0,10
S01008013,All people aged 16 and over in households,528,234,170,64,294,165,7,10,51,61
S01008013,16 to 24,78,25,3,22,53,53,0,0,0,0
S01008013,25 to 34,94,46,18,28,48,43,3,0,2,0
S01008013,35 to 49,123,65,53,12,58,45,2,3,8,0
S01008013,50 to 64,99,59,57,2,40,14,0,4,19,3
S01008013,65 to 74,65,21,21,0,44,6,0,3,14,21
S01008013,75 to 84,46,13,13,0,33,3,2,0,7,21
S01008013,85 and over,23,5,5,0,18,1,0,0,1,16
S01008014,All people aged 16 and over in households,545,318,268,50,227,138,7,18,27,37
S01008014,16 to 24,78,9,0,9,69,68,1,0,0,0
S01008014,25 to 34,63,31,13,18,32,30,0,2,0,0
S01008014,35 to 49,149,98,84,14,51,29,3,9,9,1
S01008014,50 to 64,139,108,101,7,31,7,0,6,15,3
S01008014,65 to 74,58,44,42,2,14,2,0,1,3,8
S01008014,75 to 84,39,23,23,0,16,1,1,0,0,14
S01008014,85 and over,19,5,5,0,14,1,2,0,0,11
S01008015,All people aged 16 and over in households,663,300,190,110,363,205,5,23,64,66
S01008015,16 to 24,74,16,1,15,58,58,0,0,0,0
S01008015,25 to 34,138,65,16,49,73,70,1,1,1,0
S01008015,35 to 49,174,91,58,33,83,44,2,8,27,2
S01008015,50 to 64,121,60,49,11,61,18,0,10,23,10
S01008015,65 to 74,78,43,41,2,35,8,0,3,8,16
S01008015,75 to 84,60,24,24,0,36,6,2,1,4,23
S01008015,85 and over,18,1,1,0,17,1,0,0,1,15
S01008016,All people aged 16 and over in households,689,342,248,94,347,177,0,31,63,76
S01008016,16 to 24,76,18,1,17,58,58,0,0,0,0
S01008016,25 to 34,80,50,24,26,30,29,0,1,0,0
S01008016,35 to 49,163,90,58,32,73,41,0,18,14,0
S01008016,50 to 64,157,87,71,16,70,29,0,8,29,4
S01008016,65 to 74,111,66,63,3,45,10,0,2,14,19
S01008016,75 to 84,66,24,24,0,42,7,0,2,5,28
S01008016,85 and over,36,7,7,0,29,3,0,0,1,25
S01008017,All people aged 16 and over in households,766,516,474,42,250,145,5,11,17,72
S01008017,16 to 24,90,3,0,3,87,87,0,0,0,0
S01008017,25 to 34,50,26,16,10,24,22,1,1,0,0
S01008017,35 to 49,162,136,121,15,26,17,0,4,4,1
S01008017,50 to 64,218,190,178,12,28,10,1,4,9,4
S01008017,65 to 74,118,90,88,2,28,5,3,2,3,15
S01008017,75 to 84,100,62,62,0,38,3,0,0,0,35
S01008017,85 and over,28,9,9,0,19,1,0,0,1,17
S01008018,All people aged 16 and over in households,573,382,322,60,191,98,4,8,27,54
S01008018,16 to 24,63,8,3,5,55,55,0,0,0,0
S01008018,25 to 34,58,35,6,29,23,19,2,1,1,0
S01008018,35 to 49,121,96,74,22,25,14,1,4,6,0
S01008018,50 to 64,166,132,130,2,34,7,1,3,18,5
S01008018,65 to 74,81,67,65,2,14,1,0,0,2,11
S01008018,75 to 84,68,41,41,0,27,0,0,0,0,27
S01008018,85 and over,16,3,3,0,13,2,0,0,0,11
S01008019,All people aged 16 and over in households,574,382,332,50,192,135,2,7,17,31
S01008019,16 to 24,91,6,0,6,85,85,0,0,0,0
S01008019,25 to 34,53,28,16,12,25,24,0,1,0,0
S01008019,35 to 49,156,137,117,20,19,12,0,2,5,0
S01008019,50 to 64,173,147,135,12,26,10,0,4,8,4
S01008019,65 to 74,59,49,49,0,10,1,0,0,3,6
S01008019,75 to 84,29,10,10,0,19,1,1,0,1,16
S01008019,85 and over,13,5,5,0,8,2,1,0,0,5
S01008020,All people aged 16 and over in households,524,278,204,74,246,158,0,16,37,35
S01008020,16 to 24,74,13,2,11,61,60,0,1,0,0
S01008020,25 to 34,95,52,22,30,43,41,0,0,2,0
S01008020,35 to 49,128,68,51,17,60,41,0,7,10,2
S01008020,50 to 64,146,101,86,15,45,15,0,8,17,5
S01008020,65 to 74,32,21,20,1,11,0,0,0,5,6
S01008020,75 to 84,32,17,17,0,15,0,0,0,2,13
S01008020,85 and over,17,6,6,0,11,1,0,0,1,9
S01008021,All people aged 16 and over in households,482,340,312,28,142,94,3,5,13,27
S01008021,16 to 24,51,4,0,4,47,47,0,0,0,0
S01008021,25 to 34,44,20,16,4,24,23,0,1,0,0
S01008021,35 to 49,110,97,84,13,13,5,1,1,6,0
S01008021,50 to 64,137,117,110,7,20,8,2,3,6,1
S01008021,65 to 74,84,70,70,0,14,7,0,0,1,6
S01008021,75 to 84,42,28,28,0,14,4,0,0,0,10
S01008021,85 and over,14,4,4,0,10,0,0,0,0,10
S01008022,All people aged 16 and over in households,605,416,378,38,189,127,1,12,15,34
S01008022,16 to 24,74,1,0,1,73,73,0,0,0,0
S01008022,25 to 34,67,40,26,14,27,25,1,1,0,0
S01008022,35 to 49,150,124,109,15,26,16,0,7,2,1
S01008022,50 to 64,190,168,160,8,22,7,0,4,10,1
S01008022,65 to 74,69,59,59,0,10,3,0,0,2,5
S01008022,75 to 84,43,21,21,0,22,3,0,0,1,18
S01008022,85 and over,12,3,3,0,9,0,0,0,0,9
S01008023,All people aged 16 and over in households,549,396,356,40,153,112,2,7,12,20
S01008023,16 to 24,78,3,2,1,75,75,0,0,0,0
S01008023,25 to 34,58,33,23,10,25,22,1,2,0,0
S01008023,35 to 49,197,182,166,16,15,4,0,3,6,2
S01008023,50 to 64,164,143,130,13,21,10,0,2,6,3
S01008023,65 to 74,32,25,25,0,7,0,0,0,0,7
S01008023,75 to 84,17,10,10,0,7,1,1,0,0,5
S01008023,85 and over,3,0,0,0,3,0,0,0,0,3
S01008024,All people aged 16 and over in households,478,386,310,76,92,73,2,6,7,4
S01008024,16 to 24,58,5,1,4,53,53,0,0,0,0
S01008024,25 to 34,137,123,88,35,14,12,1,1,0,0
S01008024,35 to 49,207,193,160,33,14,6,0,4,4,0
S01008024,50 to 64,62,54,50,4,8,2,1,1,3,1
S01008024,65 to 74,9,8,8,0,1,0,0,0,0,1
S01008024,75 to 84,5,3,3,0,2,0,0,0,0,2
S01008024,85 and over,0,0,0,0,0,0,0,0,0,0
S01008025,All people aged 16 and over in households,583,416,358,58,167,109,3,9,27,19
S01008025,16 to 24,74,5,0,5,69,68,0,0,0,1
S01008025,25 to 34,53,29,17,12,24,23,0,1,0,0
S01008025,35 to 49,167,141,119,22,26,11,1,3,11,0
S01008025,50 to 64,181,154,138,16,27,6,2,4,11,4
S01008025,65 to 74,90,75,72,3,15,1,0,1,5,8
S01008025,75 to 84,17,12,12,0,5,0,0,0,0,5
S01008025,85 and over,1,0,0,0,1,0,0,0,0,1
S01008026,All people aged 16 and over in households,853,486,398,88,367,204,1,31,52,79
S01008026,16 to 24,108,11,1,10,97,95,0,2,0,0
S01008026,25 to 34,122,59,33,26,63,52,0,8,3,0
S01008026,35 to 49,219,164,133,31,55,28,0,10,16,1
S01008026,50 to 64,212,164,148,16,48,17,0,8,20,3
S01008026,65 to 74,100,61,56,5,39,7,0,2,10,20
S01008026,75 to 84,71,23,23,0,48,4,1,1,3,39
S01008026,85 and over,21,4,4,0,17,1,0,0,0,16
S01008027,All people aged 16 and over in households,473,250,218,32,223,136,9,10,21,47
S01008027,16 to 24,66,5,1,4,61,60,0,1,0,0
S01008027,25 to 34,66,33,23,10,33,30,2,1,0,0
S01008027,35 to 49,119,79,69,10,40,24,2,7,6,1
S01008027,50 to 64,101,71,66,5,30,10,1,1,11,7
S01008027,65 to 74,79,48,46,2,31,9,3,0,4,15
S01008027,75 to 84,29,13,12,1,16,1,1,0,0,14
S01008027,85 and over,13,1,1,0,12,2,0,0,0,10
S01008028,All people aged 16 and over in households,469,324,258,66,145,83,2,10,20,30
S01008028,16 to 24,55,3,1,2,52,52,0,0,0,0
S01008028,25 to 34,78,64,36,28,14,14,0,0,0,0
S01008028,35 to 49,173,149,121,28,24,10,1,7,5,1
S01008028,50 to 64,93,70,64,6,23,4,0,3,10,6
S01008028,65 to 74,40,29,27,2,11,2,0,0,3,6
S01008028,75 to 84,23,9,9,0,14,0,1,0,2,11
S01008028,85 and over,7,0,0,0,7,1,0,0,0,6
S01008029,All people aged 16 and over in households,693,444,390,54,249,164,2,14,25,44
S01008029,16 to 24,92,4,1,3,88,88,0,0,0,0
S01008029,25 to 34,74,37,27,10,37,36,0,1,0,0
S01008029,35 to 49,177,139,112,27,38,23,1,6,7,1
S01008029,50 to 64,221,183,171,12,38,10,0,4,15,9
S01008029,65 to 74,74,56,54,2,18,2,1,3,2,10
S01008029,75 to 84,40,22,22,0,18,4,0,0,1,13
S01008029,85 and over,15,3,3,0,12,1,0,0,0,11
S01008030,All people aged 16 and over in households,912,602,512,90,310,175,9,12,46,68
S01008030,16 to 24,103,8,1,7,95,95,0,0,0,0
S01008030,25 to 34,107,68,43,25,39,39,0,0,0,0
S01008030,35 to 49,215,177,139,38,38,16,2,7,12,1
S01008030,50 to 64,265,213,196,17,52,17,2,4,21,8
S01008030,65 to 74,121,87,84,3,34,3,1,1,6,23
S01008030,75 to 84,70,37,37,0,33,1,4,0,7,21
S01008030,85 and over,31,12,12,0,19,4,0,0,0,15
S01008031,All people aged 16 and over in households,730,398,314,84,332,180,3,19,54,76
S01008031,16 to 24,88,10,0,10,78,77,0,1,0,0
S01008031,25 to 34,107,56,33,23,51,49,0,2,0,0
S01008031,35 to 49,188,130,94,36,58,34,0,8,16,0
S01008031,50 to 64,193,131,119,12,62,12,2,8,27,13
S01008031,65 to 74,86,53,52,1,33,1,1,0,9,22
S01008031,75 to 84,45,15,13,2,30,5,0,0,2,23
S01008031,85 and over,23,3,3,0,20,2,0,0,0,18
S01008032,All people aged 16 and over in households,731,458,392,66,273,160,1,17,48,47
S01008032,16 to 24,97,4,2,2,93,93,0,0,0,0
S01008032,25 to 34,80,46,29,17,34,29,0,2,3,0
S01008032,35 to 49,203,142,116,26,61,29,1,9,21,1
S01008032,50 to 64,213,175,157,18,38,7,0,6,16,9
S01008032,65 to 74,96,73,71,2,23,1,0,0,6,16
S01008032,75 to 84,29,14,14,0,15,0,0,0,2,13
S01008032,85 and over,13,4,3,1,9,1,0,0,0,8
S01008033,All people aged 16 and over in households,625,420,394,26,205,157,4,11,15,18
S01008033,16 to 24,121,0,0,0,121,120,1,0,0,0
S01008033,25 to 34,47,26,25,1,21,21,0,0,0,0
S01008033,35 to 49,200,177,161,16,23,10,0,4,8,1
S01008033,50 to 64,188,168,160,8,20,3,0,5,7,5
S01008033,65 to 74,44,37,36,1,7,1,0,1,0,5
S01008033,75 to 84,25,12,12,0,13,2,3,1,0,7
S01008033,85 and over,0,0,0,0,0,0,0,0,0,0
S01008034,All people aged 16 and over in households,599,410,376,34,189,140,3,10,16,20
S01008034,16 to 24,98,4,0,4,94,94,0,0,0,0
S01008034,25 to 34,58,36,34,2,22,19,1,2,0,0
S01008034,35 to 49,221,195,176,19,26,14,1,3,5,3
S01008034,50 to 64,163,137,132,5,26,9,1,4,9,3
S01008034,65 to 74,38,29,25,4,9,3,0,1,2,3
S01008034,75 to 84,20,9,9,0,11,1,0,0,0,10
S01008034,85 and over,1,0,0,0,1,0,0,0,0,1
S01008035,All people aged 16 and over in households,531,320,282,38,211,144,4,16,23,24
S01008035,16 to 24,71,1,1,0,70,70,0,0,0,0
S01008035,25 to 34,47,21,13,8,26,23,1,2,0,0
S01008035,35 to 49,132,87,66,21,45,32,1,8,4,0
S01008035,50 to 64,170,140,132,8,30,11,0,4,14,1
S01008035,65 to 74,65,48,47,1,17,5,0,2,3,7
S01008035,75 to 84,29,18,18,0,11,1,2,0,2,6
S01008035,85 and over,17,5,5,0,12,2,0,0,0,10
S01008036,All people aged 16 and over in households,567,398,374,24,169,120,4,11,11,23
S01008036,16 to 24,84,0,0,0,84,84,0,0,0,0
S01008036,25 to 34,44,20,12,8,24,23,1,0,0,0
S01008036,35 to 49,129,110,103,7,19,9,0,5,4,1
S01008036,50 to 64,173,155,148,7,18,2,3,6,5,2
S01008036,65 to 74,85,75,74,1,10,1,0,0,2,7
S01008036,75 to 84,43,34,33,1,9,0,0,0,0,9
S01008036,85 and over,9,4,4,0,5,1,0,0,0,4
S01008037,All people aged 16 and over in households,833,410,338,72,423,259,5,28,59,72
S01008037,16 to 24,130,5,2,3,125,125,0,0,0,0
S01008037,25 to 34,103,37,13,24,66,61,1,2,2,0
S01008037,35 to 49,221,141,107,34,80,41,0,18,21,0
S01008037,50 to 64,221,154,145,9,67,23,2,4,28,10
S01008037,65 to 74,77,48,48,0,29,2,0,2,7,18
S01008037,75 to 84,58,23,21,2,35,5,2,2,1,25
S01008037,85 and over,23,2,2,0,21,2,0,0,0,19
S01008038,All people aged 16 and over in households,592,306,256,50,286,174,2,21,45,44
S01008038,16 to 24,99,6,2,4,93,93,0,0,0,0
S01008038,25 to 34,82,45,28,17,37,34,1,1,1,0
S01008038,35 to 49,170,110,91,19,60,38,0,8,12,2
S01008038,50 to 64,129,90,82,8,39,7,0,9,19,4
S01008038,65 to 74,50,29,27,2,21,2,0,3,8,8
S01008038,75 to 84,50,24,24,0,26,0,1,0,5,20
S01008038,85 and over,12,2,2,0,10,0,0,0,0,10
S01008039,All people aged 16 and over in households,715,402,340,62,313,206,3,19,45,40
S01008039,16 to 24,110,1,0,1,109,109,0,0,0,0
S01008039,25 to 34,69,31,23,8,38,35,0,2,0,1
S01008039,35 to 49,235,173,144,29,62,41,0,10,9,2
S01008039,50 to 64,177,127,106,21,50,13,1,5,26,5
S01008039,65 to 74,65,47,44,3,18,0,1,1,8,8
S01008039,75 to 84,45,22,22,0,23,2,0,1,2,18
S01008039,85 and over,14,1,1,0,13,6,1,0,0,6
S01008040,All people aged 16 and over in households,653,426,404,22,227,131,5,10,35,46
S01008040,16 to 24,68,0,0,0,68,68,0,0,0,0
S01008040,25 to 34,42,16,9,7,26,26,0,0,0,0
S01008040,35 to 49,151,115,104,11,36,25,0,4,7,0
S01008040,50 to 64,205,162,158,4,43,7,1,6,23,6
S01008040,65 to 74,102,80,80,0,22,2,3,0,2,15
S01008040,75 to 84,72,49,49,0,23,3,1,0,3,16
S01008040,85 and over,13,4,4,0,9,0,0,0,0,9
S01008041,All people aged 16 and over in households,600,322,270,52,278,134,9,15,37,83
S01008041,16 to 24,56,2,0,2,54,54,0,0,0,0
S01008041,25 to 34,59,28,13,15,31,29,0,2,0,0
S01008041,35 to 49,137,94,67,27,43,28,1,6,7,1
S01008041,50 to 64,144,95,87,8,49,14,6,4,16,9
S01008041,65 to 74,89,61,61,0,28,2,0,2,10,14
S01008041,75 to 84,79,31,31,0,48,3,1,1,4,39
S01008041,85 and over,36,11,11,0,25,4,1,0,0,20
S01008042,All people aged 16 and over in households,480,296,274,22,184,79,5,10,27,63
S01008042,16 to 24,36,1,0,1,35,35,0,0,0,0
S01008042,25 to 34,27,11,8,3,16,14,1,0,1,0
S01008042,35 to 49,112,83,73,10,29,16,1,6,5,1
S01008042,50 to 64,158,125,118,7,33,9,1,4,11,8
S01008042,65 to 74,64,36,36,0,28,1,2,0,8,17
S01008042,75 to 84,54,31,30,1,23,1,0,0,1,21
S01008042,85 and over,29,9,9,0,20,3,0,0,1,16
S01008043,All people aged 16 and over in households,767,544,492,52,223,129,2,8,21,63
S01008043,16 to 24,63,2,1,1,61,61,0,0,0,0
S01008043,25 to 34,59,27,21,6,32,31,0,1,0,0
S01008043,35 to 49,197,167,136,31,30,19,1,3,6,1
S01008043,50 to 64,203,173,163,10,30,11,0,3,7,9
S01008043,65 to 74,118,97,96,1,21,1,0,0,4,16
S01008043,75 to 84,100,64,63,1,36,4,1,1,2,28
S01008043,85 and over,27,14,12,2,13,2,0,0,2,9
S01008044,All people aged 16 and over in households,812,528,496,32,284,170,4,18,21,71
S01008044,16 to 24,90,1,0,1,89,88,0,1,0,0
S01008044,25 to 34,64,29,20,9,35,33,0,1,1,0
S01008044,35 to 49,194,160,142,18,34,22,1,6,4,1
S01008044,50 to 64,231,192,189,3,39,13,0,7,10,9
S01008044,65 to 74,105,80,80,0,25,7,1,3,5,9
S01008044,75 to 84,106,63,62,1,43,5,1,0,1,36
S01008044,85 and over,22,3,3,0,19,2,1,0,0,16
S01008045,All people aged 16 and over in households,828,480,444,36,348,190,8,22,44,84
S01008045,16 to 24,82,2,1,1,80,80,0,0,0,0
S01008045,25 to 34,55,20,13,7,35,32,1,2,0,0
S01008045,35 to 49,180,128,111,17,52,30,1,13,8,0
S01008045,50 to 64,247,186,177,9,61,24,2,5,19,11
S01008045,65 to 74,134,88,87,1,46,11,2,1,15,17
S01008045,75 to 84,90,47,46,1,43,5,1,1,1,35
S01008045,85 and over,40,9,9,0,31,8,1,0,1,21
S01008046,All people aged 16 and over in households,755,288,238,50,467,219,8,27,67,146
S01008046,16 to 24,48,1,0,1,47,47,0,0,0,0
S01008046,25 to 34,75,25,7,18,50,44,2,2,2,0
S01008046,35 to 49,174,72,55,17,102,73,2,11,14,2
S01008046,50 to 64,152,88,78,10,64,26,1,9,23,5
S01008046,65 to 74,100,41,38,3,59,14,0,4,16,25
S01008046,75 to 84,125,45,44,1,80,8,1,1,9,61
S01008046,85 and over,81,16,16,0,65,7,2,0,3,53
S01008047,All people aged 16 and over in households,581,378,356,22,203,119,4,9,10,61
S01008047,16 to 24,72,1,1,0,71,71,0,0,0,0
S01008047,25 to 34,41,25,22,3,16,16,0,0,0,0
S01008047,35 to 49,133,112,98,14,21,15,0,2,3,1
S01008047,50 to 64,148,130,127,3,18,5,2,2,5,4
S01008047,65 to 74,95,69,67,2,26,6,0,4,1,15
S01008047,75 to 84,71,38,38,0,33,5,1,1,1,25
S01008047,85 and over,21,3,3,0,18,1,1,0,0,16
S01008048,All people aged 16 and over in households,488,330,308,22,158,96,2,4,16,40
S01008048,16 to 24,51,1,0,1,50,50,0,0,0,0
S01008048,25 to 34,30,7,5,2,23,23,0,0,0,0
S01008048,35 to 49,105,93,77,16,12,9,1,1,1,0
S01008048,50 to 64,159,134,131,3,25,7,0,2,11,5
S01008048,65 to 74,80,61,61,0,19,3,0,1,4,11
S01008048,75 to 84,45,27,27,0,18,3,0,0,0,15
S01008048,85 and over,18,7,7,0,11,1,1,0,0,9
S01008049,All people aged 16 and over in households,709,502,466,36,207,106,4,10,25,62
S01008049,16 to 24,62,2,0,2,60,60,0,0,0,0
S01008049,25 to 34,58,33,26,7,25,24,0,0,1,0
S01008049,35 to 49,159,138,128,10,21,8,0,4,9,0
S01008049,50 to 64,198,173,158,15,25,7,0,4,9,5
S01008049,65 to 74,119,92,91,1,27,1,1,2,5,18
S01008049,75 to 84,88,53,53,0,35,5,3,0,0,27
S01008049,85 and over,25,11,10,1,14,1,0,0,1,12
S01008050,All people aged 16 and over in households,508,356,334,22,152,98,11,6,5,32
S01008050,16 to 24,50,2,0,2,48,48,0,0,0,0
S01008050,25 to 34,36,13,8,5,23,19,4,0,0,0
S01008050,35 to 49,121,92,87,5,29,20,2,3,2,2
S01008050,50 to 64,116,106,100,6,10,1,1,3,3,2
S01008050,65 to 74,114,96,92,4,18,6,3,0,0,9
S01008050,75 to 84,59,42,42,0,17,2,1,0,0,14
S01008050,85 and over,12,5,5,0,7,2,0,0,0,5
S01008051,All people aged 16 and over in households,690,490,440,50,200,124,8,9,25,34
S01008051,16 to 24,73,2,2,0,71,71,0,0,0,0
S01008051,25 to 34,67,42,29,13,25,24,1,0,0,0
S01008051,35 to 49,215,188,164,24,27,15,3,3,5,1
S01008051,50 to 64,168,134,121,13,34,11,1,5,13,4
S01008051,65 to 74,96,76,76,0,20,1,1,1,6,11
S01008051,75 to 84,58,42,42,0,16,1,2,0,0,13
S01008051,85 and over,13,6,6,0,7,1,0,0,1,5
S01008052,All people aged 16 and over in households,668,500,456,44,168,96,2,3,19,48
S01008052,16 to 24,60,0,0,0,60,60,0,0,0,0
S01008052,25 to 34,48,33,27,6,15,15,0,0,0,0
S01008052,35 to 49,199,182,153,29,17,8,1,2,6,0
S01008052,50 to 64,222,202,195,7,20,8,1,1,8,2
S01008052,65 to 74,73,54,53,1,19,1,0,0,5,13
S01008052,75 to 84,52,28,27,1,24,2,0,0,0,22
S01008052,85 and over,14,1,1,0,13,2,0,0,0,11
S01008053,All people aged 16 and over in households,507,338,316,22,169,91,3,9,17,49
S01008053,16 to 24,46,1,1,0,45,45,0,0,0,0
S01008053,25 to 34,44,30,25,5,14,12,1,1,0,0
S01008053,35 to 49,127,103,89,14,24,14,1,3,6,0
S01008053,50 to 64,110,81,78,3,29,14,1,3,8,3
S01008053,65 to 74,92,70,70,0,22,3,0,2,2,15
S01008053,75 to 84,60,38,38,0,22,3,0,0,1,18
S01008053,85 and over,28,15,15,0,13,0,0,0,0,13
S01008054,All people aged 16 and over in households,653,400,368,32,253,124,8,22,36,63
S01008054,16 to 24,64,3,2,1,61,60,0,0,1,0
S01008054,25 to 34,51,26,14,12,25,23,0,1,1,0
S01008054,35 to 49,143,110,92,18,33,16,2,7,8,0
S01008054,50 to 64,173,138,137,1,35,15,0,7,9,4
S01008054,65 to 74,96,67,67,0,29,5,1,4,6,13
S01008054,75 to 84,89,45,45,0,44,1,5,2,8,28
S01008054,85 and over,37,11,11,0,26,4,0,1,3,18
S01008055,All people aged 16 and over in households,835,610,586,24,225,149,6,8,17,45
S01008055,16 to 24,107,1,0,1,106,106,0,0,0,0
S01008055,25 to 34,54,30,27,3,24,22,1,0,1,0
S01008055,35 to 49,223,207,196,11,16,10,4,2,0,0
S01008055,50 to 64,248,222,215,7,26,4,0,5,14,3
S01008055,65 to 74,116,94,92,2,22,6,0,1,1,14
S01008055,75 to 84,69,51,51,0,18,1,1,0,1,15
S01008055,85 and over,18,5,5,0,13,0,0,0,0,13
S01008056,All people aged 16 and over in households,623,386,382,4,237,116,6,8,25,82
S01008056,16 to 24,72,0,0,0,72,72,0,0,0,0
S01008056,25 to 34,42,24,24,0,18,18,0,0,0,0
S01008056,35 to 49,145,122,119,3,23,9,2,4,7,1
S01008056,50 to 64,139,120,119,1,19,5,1,1,9,3
S01008056,65 to 74,96,72,72,0,24,4,0,2,3,15
S01008056,75 to 84,89,39,39,0,50,6,1,1,5,37
S01008056,85 and over,40,9,9,0,31,2,2,0,1,26
S01008057,All people aged 16 and over in households,758,492,456,36,266,160,4,14,32,56
S01008057,16 to 24,74,2,0,2,72,72,0,0,0,0
S01008057,25 to 34,70,29,21,8,41,41,0,0,0,0
S01008057,35 to 49,213,175,161,14,38,17,2,7,9,3
S01008057,50 to 64,188,158,147,11,30,15,0,3,9,3
S01008057,65 to 74,92,65,64,1,27,7,0,3,11,6
S01008057,75 to 84,98,56,56,0,42,6,2,1,3,30
S01008057,85 and over,23,7,7,0,16,2,0,0,0,14
S01008058,All people aged 16 and over in households,718,498,470,28,220,153,11,9,14,33
S01008058,16 to 24,113,3,1,2,110,109,1,0,0,0
S01008058,25 to 34,66,29,23,6,37,30,6,0,1,0
S01008058,35 to 49,186,162,146,16,24,8,2,6,5,3
S01008058,50 to 64,263,243,240,3,20,3,2,3,7,5
S01008058,65 to 74,67,52,51,1,15,3,0,0,1,11
S01008058,75 to 84,18,8,8,0,10,0,0,0,0,10
S01008058,85 and over,5,1,1,0,4,0,0,0,0,4
S01008059,All people aged 16 and over in households,559,384,362,22,175,112,1,9,17,36
S01008059,16 to 24,76,2,0,2,74,74,0,0,0,0
S01008059,25 to 34,54,29,21,8,25,22,0,0,3,0
S01008059,35 to 49,131,109,101,8,22,10,0,6,6,0
S01008059,50 to 64,177,154,151,3,23,4,1,2,7,9
S01008059,65 to 74,89,72,71,1,17,1,0,1,1,14
S01008059,75 to 84,26,16,16,0,10,0,0,0,0,10
S01008059,85 and over,6,2,2,0,4,1,0,0,0,3
S01008060,All people aged 16 and over in households,725,504,472,32,221,155,6,10,24,26
S01008060,16 to 24,108,0,0,0,108,108,0,0,0,0
S01008060,25 to 34,60,34,22,12,26,22,2,1,1,0
S01008060,35 to 49,219,189,173,16,30,11,3,7,9,0
S01008060,50 to 64,208,189,185,4,19,6,1,2,6,4
S01008060,65 to 74,101,78,78,0,23,6,0,0,8,9
S01008060,75 to 84,24,14,14,0,10,1,0,0,0,9
S01008060,85 and over,5,0,0,0,5,1,0,0,0,4
S01008061,All people aged 16 and over in households,530,334,296,38,196,110,1,15,36,34
S01008061,16 to 24,67,4,1,3,63,63,0,0,0,0
S01008061,25 to 34,60,38,23,15,22,21,0,1,0,0
S01008061,35 to 49,212,177,166,11,35,14,1,6,14,0
S01008061,50 to 64,115,82,73,9,33,6,0,8,15,4
S01008061,65 to 74,37,21,21,0,16,4,0,0,6,6
S01008061,75 to 84,35,12,12,0,23,2,0,0,1,20
S01008061,85 and over,4,0,0,0,4,0,0,0,0,4
S01008062,All people aged 16 and over in households,714,468,442,26,246,145,7,13,37,44
S01008062,16 to 24,77,7,0,7,70,68,1,1,0,0
S01008062,25 to 34,85,45,35,10,40,37,1,1,1,0
S01008062,35 to 49,181,130,123,7,51,26,2,6,14,3
S01008062,50 to 64,190,150,148,2,40,8,3,5,16,8
S01008062,65 to 74,105,87,87,0,18,2,0,0,4,12
S01008062,75 to 84,62,44,44,0,18,2,0,0,2,14
S01008062,85 and over,14,5,5,0,9,2,0,0,0,7
S01008063,All people aged 16 and over in households,764,494,462,32,270,163,9,11,32,55
S01008063,16 to 24,96,0,0,0,96,96,0,0,0,0
S01008063,25 to 34,66,37,32,5,29,27,2,0,0,0
S01008063,35 to 49,208,167,149,18,41,25,3,6,6,1
S01008063,50 to 64,192,156,149,7,36,7,0,4,17,8
S01008063,65 to 74,93,75,73,2,18,1,2,0,7,8
S01008063,75 to 84,86,53,53,0,33,6,1,1,2,23
S01008063,85 and over,23,6,6,0,17,1,1,0,0,15
S01008064,All people aged 16 and over in households,568,262,202,60,306,179,2,13,60,52
S01008064,16 to 24,101,6,0,6,95,95,0,0,0,0
S01008064,25 to 34,88,41,21,20,47,43,0,1,3,0
S01008064,35 to 49,144,83,64,19,61,30,0,2,25,4
S01008064,50 to 64,134,87,76,11,47,4,0,9,23,11
S01008064,65 to 74,55,27,23,4,28,4,2,1,4,17
S01008064,75 to 84,29,15,15,0,14,2,0,0,3,9
S01008064,85 and over,17,3,3,0,14,1,0,0,2,11
S01008065,All people aged 16 and over in households,775,546,506,40,229,160,6,8,19,36
S01008065,16 to 24,105,3,0,3,102,102,0,0,0,0
S01008065,25 to 34,63,32,21,11,31,28,1,1,1,0
S01008065,35 to 49,243,211,196,15,32,19,1,5,6,1
S01008065,50 to 64,214,193,182,11,21,5,2,1,10,3
S01008065,65 to 74,95,78,78,0,17,3,2,1,2,9
S01008065,75 to 84,41,26,26,0,15,0,0,0,0,15
S01008065,85 and over,14,3,3,0,11,3,0,0,0,8
S01008066,All people aged 16 and over in households,727,514,484,30,213,142,2,5,20,44
S01008066,16 to 24,107,3,0,3,104,104,0,0,0,0
S01008066,25 to 34,44,22,15,7,22,22,0,0,0,0
S01008066,35 to 49,179,164,152,12,15,6,2,2,4,1
S01008066,50 to 64,229,199,194,5,30,7,0,3,13,7
S01008066,65 to 74,100,91,89,2,9,1,0,0,1,7
S01008066,75 to 84,54,30,29,1,24,1,0,0,2,21
S01008066,85 and over,14,5,5,0,9,1,0,0,0,8
S01008067,All people aged 16 and over in households,524,362,342,20,162,100,1,8,21,32
S01008067,16 to 24,67,1,0,1,66,66,0,0,0,0
S01008067,25 to 34,29,17,14,3,12,12,0,0,0,0
S01008067,35 to 49,109,87,79,8,22,12,0,3,6,1
S01008067,50 to 64,172,148,142,6,24,8,0,4,9,3
S01008067,65 to 74,89,72,72,0,17,0,1,0,6,10
S01008067,75 to 84,48,31,29,2,17,1,0,1,0,15
S01008067,85 and over,10,6,6,0,4,1,0,0,0,3
S01008068,All people aged 16 and over in households,777,524,478,46,253,156,7,4,23,63
S01008068,16 to 24,88,4,1,3,84,84,0,0,0,0
S01008068,25 to 34,72,38,23,15,34,31,3,0,0,0
S01008068,35 to 49,186,148,129,19,38,26,1,4,6,1
S01008068,50 to 64,220,195,186,9,25,8,0,0,8,9
S01008068,65 to 74,135,106,106,0,29,6,2,0,8,13
S01008068,75 to 84,55,31,31,0,24,1,0,0,1,22
S01008068,85 and over,21,2,2,0,19,0,1,0,0,18
S01008069,All people aged 16 and over in households,777,522,462,60,255,159,2,15,25,54
S01008069,16 to 24,103,6,3,3,97,97,0,0,0,0
S01008069,25 to 34,72,48,23,25,24,20,1,0,3,0
S01008069,35 to 49,236,187,168,19,49,30,1,6,12,0
S01008069,50 to 64,182,155,144,11,27,9,0,3,7,8
S01008069,65 to 74,106,81,79,2,25,1,0,3,3,18
S01008069,75 to 84,65,38,38,0,27,2,0,3,0,22
S01008069,85 and over,13,7,7,0,6,0,0,0,0,6
S01008070,All people aged 16 and over in households,742,456,418,38,286,180,2,15,35,54
S01008070,16 to 24,98,1,0,1,97,97,0,0,0,0
S01008070,25 to 34,77,37,22,15,40,39,1,0,0,0
S01008070,35 to 49,183,136,125,11,47,28,0,9,10,0
S01008070,50 to 64,240,197,187,10,43,9,0,6,18,10
S01008070,65 to 74,88,65,64,1,23,3,1,0,4,15
S01008070,75 to 84,46,17,17,0,29,4,0,0,3,22
S01008070,85 and over,10,3,3,0,7,0,0,0,0,7
S01008071,All people aged 16 and over in households,580,386,332,54,194,116,1,16,24,37
S01008071,16 to 24,76,2,0,2,74,74,0,0,0,0
S01008071,25 to 34,60,39,24,15,21,16,1,4,0,0
S01008071,35 to 49,157,132,113,19,25,12,0,6,7,0
S01008071,50 to 64,168,137,120,17,31,7,0,5,12,7
S01008071,65 to 74,57,42,41,1,15,5,0,0,2,8
S01008071,75 to 84,48,31,31,0,17,2,0,1,3,11
S01008071,85 and over,14,3,3,0,11,0,0,0,0,11
S01008072,All people aged 16 and over in households,625,362,310,52,263,159,4,25,39,36
S01008072,16 to 24,89,3,1,2,86,86,0,0,0,0
S01008072,25 to 34,83,46,27,19,37,32,1,3,1,0
S01008072,35 to 49,192,139,120,19,53,24,1,11,17,0
S01008072,50 to 64,181,129,121,8,52,13,2,10,19,8
S01008072,65 to 74,50,33,30,3,17,4,0,0,2,11
S01008072,75 to 84,24,10,9,1,14,0,0,1,0,13
S01008072,85 and over,6,2,2,0,4,0,0,0,0,4
S01008073,All people aged 16 and over in households,403,296,286,10,107,82,1,4,6,14
S01008073,16 to 24,50,0,0,0,50,50,0,0,0,0
S01008073,25 to 34,30,11,10,1,19,19,0,0,0,0
S01008073,35 to 49,97,84,79,5,13,8,0,0,5,0
S01008073,50 to 64,112,102,98,4,10,5,1,3,0,1
S01008073,65 to 74,56,52,52,0,4,0,0,0,0,4
S01008073,75 to 84,45,36,36,0,9,0,0,1,1,7
S01008073,85 and over,13,11,11,0,2,0,0,0,0,2
S01008074,All people aged 16 and over in households,805,532,474,58,273,168,7,9,28,61
S01008074,16 to 24,102,3,0,3,99,99,0,0,0,0
S01008074,25 to 34,63,28,15,13,35,33,1,0,1,0
S01008074,35 to 49,211,183,153,30,28,13,1,5,6,3
S01008074,50 to 64,255,212,203,9,43,14,2,4,13,10
S01008074,65 to 74,84,68,65,3,16,2,0,0,5,9
S01008074,75 to 84,64,30,30,0,34,5,2,0,3,24
S01008074,85 and over,26,8,8,0,18,2,1,0,0,15
S01008075,All people aged 16 and over in households,492,336,322,14,156,94,0,6,13,43
S01008075,16 to 24,54,0,0,0,54,54,0,0,0,0
S01008075,25 to 34,21,8,7,1,13,12,0,0,0,1
S01008075,35 to 49,126,117,112,5,9,2,0,3,4,0
S01008075,50 to 64,113,95,87,8,18,11,0,1,3,3
S01008075,65 to 74,87,65,65,0,22,7,0,1,5,9
S01008075,75 to 84,69,50,50,0,19,4,0,1,1,13
S01008075,85 and over,22,1,1,0,21,4,0,0,0,17
S01008076,All people aged 16 and over in households,550,366,340,26,184,88,5,6,25,60
S01008076,16 to 24,33,1,0,1,32,32,0,0,0,0
S01008076,25 to 34,34,18,13,5,16,14,2,0,0,0
S01008076,35 to 49,101,77,61,16,24,17,1,3,2,1
S01008076,50 to 64,131,97,95,2,34,13,0,2,13,6
S01008076,65 to 74,118,91,89,2,27,7,1,1,6,12
S01008076,75 to 84,107,74,74,0,33,5,1,0,3,24
S01008076,85 and over,26,8,8,0,18,0,0,0,1,17
S01008077,All people aged 16 and over in households,679,448,428,20,231,129,8,10,25,59
S01008077,16 to 24,68,0,0,0,68,68,0,0,0,0
S01008077,25 to 34,38,13,13,0,25,22,2,0,1,0
S01008077,35 to 49,165,141,129,12,24,14,0,5,5,0
S01008077,50 to 64,212,174,166,8,38,13,5,4,13,3
S01008077,65 to 74,87,61,61,0,26,10,0,1,6,9
S01008077,75 to 84,74,48,48,0,26,1,1,0,0,24
S01008077,85 and over,35,11,11,0,24,1,0,0,0,23
S01008078,All people aged 16 and over in households,699,442,410,32,257,154,8,11,28,56
S01008078,16 to 24,98,6,1,5,92,92,0,0,0,0
S01008078,25 to 34,53,28,16,12,25,23,0,0,2,0
S01008078,35 to 49,165,137,124,13,28,15,2,4,4,3
S01008078,50 to 64,178,141,140,1,37,14,3,3,13,4
S01008078,65 to 74,101,79,78,1,22,6,1,4,6,5
S01008078,75 to 84,72,41,41,0,31,0,2,0,3,26
S01008078,85 and over,32,10,10,0,22,4,0,0,0,18
S01008079,All people aged 16 and over in households,735,538,504,34,197,121,7,11,15,43
S01008079,16 to 24,61,5,2,3,56,56,0,0,0,0
S01008079,25 to 34,71,27,16,11,44,35,4,4,1,0
S01008079,35 to 49,171,145,131,14,26,11,1,5,9,0
S01008079,50 to 64,209,194,188,6,15,7,1,2,3,2
S01008079,65 to 74,136,120,120,0,16,5,0,0,0,11
S01008079,75 to 84,67,37,37,0,30,6,1,0,2,21
S01008079,85 and over,20,10,10,0,10,1,0,0,0,9
S01008080,All people aged 16 and over in households,560,394,352,42,166,101,3,18,12,32
S01008080,16 to 24,51,6,3,3,45,45,0,0,0,0
S01008080,25 to 34,56,32,17,15,24,23,0,1,0,0
S01008080,35 to 49,152,117,97,20,35,18,2,8,5,2
S01008080,50 to 64,157,134,130,4,23,9,0,6,5,3
S01008080,65 to 74,81,69,69,0,12,2,0,1,2,7
S01008080,75 to 84,51,33,33,0,18,3,1,2,0,12
S01008080,85 and over,12,3,3,0,9,1,0,0,0,8
S01008081,All people aged 16 and over in households,492,312,302,10,180,112,6,8,14,40
S01008081,16 to 24,63,3,3,0,60,60,0,0,0,0
S01008081,25 to 34,51,18,13,5,33,31,1,1,0,0
S01008081,35 to 49,116,98,93,5,18,6,2,1,9,0
S01008081,50 to 64,151,127,127,0,24,6,2,6,4,6
S01008081,65 to 74,60,44,44,0,16,4,0,0,0,12
S01008081,75 to 84,41,19,19,0,22,5,1,0,1,15
S01008081,85 and over,10,3,3,0,7,0,0,0,0,7
S01008082,All people aged 16 and over in households,686,446,400,46,240,141,8,13,22,56
S01008082,16 to 24,73,1,1,0,72,72,0,0,0,0
S01008082,25 to 34,70,31,17,14,39,36,1,1,1,0
S01008082,35 to 49,164,135,119,16,29,13,4,7,5,0
S01008082,50 to 64,205,176,164,12,29,7,1,4,13,4
S01008082,65 to 74,95,70,67,3,25,7,0,0,3,15
S01008082,75 to 84,65,31,30,1,34,5,1,1,0,27
S01008082,85 and over,14,2,2,0,12,1,1,0,0,10
S01008083,All people aged 16 and over in households,586,386,360,26,200,123,7,11,16,43
S01008083,16 to 24,74,4,1,3,70,70,0,0,0,0
S01008083,25 to 34,65,27,17,10,38,34,3,1,0,0
S01008083,35 to 49,152,123,110,13,29,12,4,8,3,2
S01008083,50 to 64,145,123,123,0,22,5,0,1,9,7
S01008083,65 to 74,104,87,87,0,17,1,0,0,4,12
S01008083,75 to 84,42,22,22,0,20,1,0,1,0,18
S01008083,85 and over,4,0,0,0,4,0,0,0,0,4
S01008084,All people aged 16 and over in households,712,436,402,34,276,190,3,18,20,45
S01008084,16 to 24,104,2,0,2,102,102,0,0,0,0
S01008084,25 to 34,55,21,10,11,34,33,0,1,0,0
S01008084,35 to 49,179,130,123,7,49,34,1,7,7,0
S01008084,50 to 64,220,182,171,11,38,12,1,7,9,9
S01008084,65 to 74,96,68,67,1,28,5,1,3,3,16
S01008084,75 to 84,47,28,26,2,19,4,0,0,1,14
S01008084,85 and over,11,5,5,0,6,0,0,0,0,6
S01008085,All people aged 16 and over in households,794,536,508,28,258,194,5,11,11,37
S01008085,16 to 24,134,3,0,3,131,130,1,0,0,0
S01008085,25 to 34,62,24,20,4,38,37,0,0,1,0
S01008085,35 to 49,194,172,166,6,22,14,1,5,1,1
S01008085,50 to 64,286,259,250,9,27,4,1,5,7,10
S01008085,65 to 74,68,54,49,5,14,3,1,1,1,8
S01008085,75 to 84,35,20,19,1,15,4,1,0,1,9
S01008085,85 and over,15,4,4,0,11,2,0,0,0,9
S01008086,All people aged 16 and over in households,861,554,476,78,307,190,4,18,38,57
S01008086,16 to 24,112,4,0,4,108,108,0,0,0,0
S01008086,25 to 34,96,52,29,23,44,38,2,3,1,0
S01008086,35 to 49,253,199,176,23,54,31,1,9,11,2
S01008086,50 to 64,268,218,190,28,50,11,0,5,19,15
S01008086,65 to 74,83,61,61,0,22,1,0,0,6,15
S01008086,75 to 84,39,18,18,0,21,0,1,0,1,19
S01008086,85 and over,10,2,2,0,8,1,0,1,0,6
S01008087,All people aged 16 and over in households,694,456,434,22,238,146,5,11,18,58
S01008087,16 to 24,87,0,0,0,87,87,0,0,0,0
S01008087,25 to 34,41,12,9,3,29,29,0,0,0,0
S01008087,35 to 49,183,152,136,16,31,17,3,4,6,1
S01008087,50 to 64,170,143,140,3,27,9,0,6,5,7
S01008087,65 to 74,101,78,78,0,23,1,0,1,5,16
S01008087,75 to 84,103,68,68,0,35,3,2,0,2,28
S01008087,85 and over,9,3,3,0,6,0,0,0,0,6
S01008088,All people aged 16 and over in households,780,482,434,48,298,176,3,16,35,68
S01008088,16 to 24,101,2,0,2,99,99,0,0,0,0
S01008088,25 to 34,65,30,18,12,35,34,1,0,0,0
S01008088,35 to 49,184,137,118,19,47,27,1,8,10,1
S01008088,50 to 64,185,152,144,8,33,5,1,5,16,6
S01008088,65 to 74,147,117,113,4,30,3,0,2,3,22
S01008088,75 to 84,87,42,39,3,45,8,0,1,5,31
S01008088,85 and over,11,2,2,0,9,0,0,0,1,8
S01008089,All people aged 16 and over in households,543,360,326,34,183,128,5,7,12,31
S01008089,16 to 24,88,1,0,1,87,87,0,0,0,0
S01008089,25 to 34,50,30,22,8,20,20,0,0,0,0
S01008089,35 to 49,135,114,101,13,21,13,1,3,4,0
S01008089,50 to 64,140,125,116,9,15,3,2,3,4,3
S01008089,65 to 74,81,59,58,1,22,2,1,0,4,15
S01008089,75 to 84,42,31,29,2,11,2,0,1,0,8
S01008089,85 and over,7,0,0,0,7,1,1,0,0,5
S01008090,All people aged 16 and over in households,622,388,350,38,234,146,1,13,18,56
S01008090,16 to 24,78,0,0,0,78,78,0,0,0,0
S01008090,25 to 34,65,29,20,9,36,34,0,2,0,0
S01008090,35 to 49,175,146,125,21,29,18,1,6,4,0
S01008090,50 to 64,167,137,131,6,30,8,0,4,11,7
S01008090,65 to 74,56,40,40,0,16,2,0,1,2,11
S01008090,75 to 84,70,34,32,2,36,5,0,0,1,30
S01008090,85 and over,11,2,2,0,9,1,0,0,0,8
S01008091,All people aged 16 and over in households,332,238,222,16,94,66,1,4,7,16
S01008091,16 to 24,43,1,1,0,42,42,0,0,0,0
S01008091,25 to 34,22,8,7,1,14,13,0,0,1,0
S01008091,35 to 49,67,55,48,7,12,8,1,2,0,1
S01008091,50 to 64,115,104,99,5,11,0,0,2,6,3
S01008091,65 to 74,42,35,32,3,7,2,0,0,0,5
S01008091,75 to 84,40,34,34,0,6,1,0,0,0,5
S01008091,85 and over,3,1,1,0,2,0,0,0,0,2
S01008092,All people aged 16 and over in households,767,522,494,28,245,147,4,5,14,75
S01008092,16 to 24,104,1,0,1,103,103,0,0,0,0
S01008092,25 to 34,40,24,22,2,16,16,0,0,0,0
S01008092,35 to 49,176,155,140,15,21,12,1,2,4,2
S01008092,50 to 64,163,144,137,7,19,7,1,3,4,4
S01008092,65 to 74,147,119,117,2,28,2,1,0,5,20
S01008092,75 to 84,119,72,71,1,47,6,1,0,0,40
S01008092,85 and over,18,7,7,0,11,1,0,0,1,9
S01008093,All people aged 16 and over in households,672,398,372,26,274,163,7,11,14,79
S01008093,16 to 24,103,7,1,6,96,96,0,0,0,0
S01008093,25 to 34,45,21,13,8,24,21,2,0,0,1
S01008093,35 to 49,159,122,116,6,37,24,1,5,5,2
S01008093,50 to 64,161,134,132,2,27,10,0,4,6,7
S01008093,65 to 74,90,58,57,1,32,10,1,1,2,18
S01008093,75 to 84,89,50,47,3,39,2,2,1,1,33
S01008093,85 and over,25,6,6,0,19,0,1,0,0,18
S01008094,All people aged 16 and over in households,555,374,344,30,181,115,2,6,11,47
S01008094,16 to 24,75,2,0,2,73,73,0,0,0,0
S01008094,25 to 34,34,11,9,2,23,22,0,0,0,1
S01008094,35 to 49,147,127,107,20,20,12,0,2,6,0
S01008094,50 to 64,141,123,118,5,18,5,2,3,3,5
S01008094,65 to 74,91,70,69,1,21,3,0,1,2,15
S01008094,75 to 84,56,37,37,0,19,0,0,0,0,19
S01008094,85 and over,11,4,4,0,7,0,0,0,0,7
S01008095,All people aged 16 and over in households,645,366,326,40,279,149,5,19,34,72
S01008095,16 to 24,83,3,0,3,80,80,0,0,0,0
S01008095,25 to 34,58,22,17,5,36,31,1,3,1,0
S01008095,35 to 49,150,100,77,23,50,28,0,6,14,2
S01008095,50 to 64,160,123,117,6,37,4,1,7,13,12
S01008095,65 to 74,106,73,73,0,33,3,1,2,5,22
S01008095,75 to 84,72,37,34,3,35,2,0,1,1,31
S01008095,85 and over,16,8,8,0,8,1,2,0,0,5
S01008096,All people aged 16 and over in households,676,424,398,26,252,150,5,10,11,76
S01008096,16 to 24,77,0,0,0,77,75,0,1,0,1
S01008096,25 to 34,52,18,13,5,34,34,0,0,0,0
S01008096,35 to 49,133,110,96,14,23,15,1,2,3,2
S01008096,50 to 64,179,146,140,6,33,11,2,6,5,9
S01008096,65 to 74,113,85,84,1,28,4,2,0,3,19
S01008096,75 to 84,91,50,50,0,41,7,0,1,0,33
S01008096,85 and over,31,15,15,0,16,4,0,0,0,12
S01008097,All people aged 16 and over in households,543,309,296,13,234,129,2,8,15,80
S01008097,16 to 24,77,0,0,0,77,77,0,0,0,0
S01008097,25 to 34,25,11,11,0,14,14,0,0,0,0
S01008097,35 to 49,115,90,83,7,25,8,2,6,7,2
S01008097,50 to 64,126,99,95,4,27,16,0,2,6,3
S01008097,65 to 74,90,73,72,1,17,6,0,0,2,9
S01008097,75 to 84,85,34,33,1,51,8,0,0,0,43
S01008097,85 and over,25,2,2,0,23,0,0,0,0,23
S01008098,All people aged 16 and over in households,620,378,358,20,242,154,7,9,24,48
S01008098,16 to 24,79,0,0,0,79,79,0,0,0,0
S01008098,25 to 34,57,17,12,5,40,38,1,1,0,0
S01008098,35 to 49,159,120,108,12,39,22,1,4,9,3
S01008098,50 to 64,173,144,143,1,29,8,1,3,11,6
S01008098,65 to 74,71,58,56,2,13,1,1,1,2,8
S01008098,75 to 84,68,33,33,0,35,4,3,0,2,26
S01008098,85 and over,13,6,6,0,7,2,0,0,0,5
S01008099,All people aged 16 and over in households,430,277,244,33,153,105,1,7,16,24
S01008099,16 to 24,60,1,0,1,59,59,0,0,0,0
S01008099,25 to 34,43,23,13,10,20,20,0,0,0,0
S01008099,35 to 49,128,104,88,16,24,14,0,4,5,1
S01008099,50 to 64,115,99,94,5,16,8,0,2,6,0
S01008099,65 to 74,48,31,31,0,17,3,1,1,4,8
S01008099,75 to 84,31,16,15,1,15,1,0,0,1,13
S01008099,85 and over,5,3,3,0,2,0,0,0,0,2
S01008100,All people aged 16 and over in households,800,488,452,36,312,179,7,13,16,97
S01008100,16 to 24,95,1,0,1,94,94,0,0,0,0
S01008100,25 to 34,62,22,15,7,40,39,1,0,0,0
S01008100,35 to 49,170,139,120,19,31,20,3,3,4,1
S01008100,50 to 64,217,184,175,9,33,12,1,8,4,8
S01008100,65 to 74,127,95,95,0,32,5,0,2,5,20
S01008100,75 to 84,98,39,39,0,59,8,2,0,3,46
S01008100,85 and over,31,8,8,0,23,1,0,0,0,22
S01008101,All people aged 16 and over in households,624,336,290,46,288,193,4,26,37,28
S01008101,16 to 24,82,3,0,3,79,79,0,0,0,0
S01008101,25 to 34,101,40,23,17,61,55,1,1,4,0
S01008101,35 to 49,214,138,120,18,76,42,1,15,17,1
S01008101,50 to 64,150,109,103,6,41,12,1,9,12,7
S01008101,65 to 74,50,33,32,1,17,2,1,1,4,9
S01008101,75 to 84,23,12,11,1,11,1,0,0,0,10
S01008101,85 and over,4,1,1,0,3,2,0,0,0,1
S01008102,All people aged 16 and over in households,625,326,286,40,299,191,9,20,37,42
S01008102,16 to 24,102,3,0,3,99,99,0,0,0,0
S01008102,25 to 34,79,33,23,10,46,43,0,2,1,0
S01008102,35 to 49,182,116,93,23,66,29,7,14,15,1
S01008102,50 to 64,145,101,97,4,44,16,1,3,19,5
S01008102,65 to 74,68,53,53,0,15,1,1,1,1,11
S01008102,75 to 84,37,16,16,0,21,2,0,0,1,18
S01008102,85 and over,12,4,4,0,8,1,0,0,0,7
S01008103,All people aged 16 and over in households,524,216,168,48,308,174,3,17,56,58
S01008103,16 to 24,57,7,2,5,50,50,0,0,0,0
S01008103,25 to 34,83,39,16,23,44,40,1,1,2,0
S01008103,35 to 49,161,71,58,13,90,61,0,7,21,1
S01008103,50 to 64,87,45,40,5,42,14,0,6,17,5
S01008103,65 to 74,64,30,30,0,34,5,1,2,8,18
S01008103,75 to 84,55,22,20,2,33,2,1,0,8,22
S01008103,85 and over,17,2,2,0,15,2,0,1,0,12
S01008104,All people aged 16 and over in households,718,346,286,60,372,228,6,26,56,56
S01008104,16 to 24,111,9,1,8,102,102,0,0,0,0
S01008104,25 to 34,118,47,19,28,71,66,1,3,1,0
S01008104,35 to 49,161,87,70,17,74,41,2,16,13,2
S01008104,50 to 64,180,117,110,7,63,15,2,3,36,7
S01008104,65 to 74,89,64,64,0,25,2,0,3,5,15
S01008104,75 to 84,43,17,17,0,26,2,1,1,1,21
S01008104,85 and over,16,5,5,0,11,0,0,0,0,11
S01008105,All people aged 16 and over in households,856,364,280,84,492,278,6,47,68,93
S01008105,16 to 24,110,8,1,7,102,102,0,0,0,0
S01008105,25 to 34,119,57,34,23,62,58,0,4,0,0
S01008105,35 to 49,256,131,95,36,125,78,2,26,17,2
S01008105,50 to 64,208,116,105,11,92,28,1,11,34,18
S01008105,65 to 74,87,38,35,3,49,9,1,6,13,20
S01008105,75 to 84,51,14,10,4,37,3,2,0,4,28
S01008105,85 and over,25,0,0,0,25,0,0,0,0,25
S01008106,All people aged 16 and over in households,639,284,226,58,355,204,6,27,55,63
S01008106,16 to 24,82,6,0,6,76,76,0,0,0,0
S01008106,25 to 34,67,18,5,13,49,48,1,0,0,0
S01008106,35 to 49,173,97,74,23,76,47,1,14,11,3
S01008106,50 to 64,182,105,93,12,77,24,1,10,32,10
S01008106,65 to 74,71,39,37,2,32,4,1,3,10,14
S01008106,75 to 84,50,19,17,2,31,3,1,0,2,25
S01008106,85 and over,14,0,0,0,14,2,1,0,0,11
S01008107,All people aged 16 and over in households,625,432,376,56,193,141,10,8,19,15
S01008107,16 to 24,92,3,2,1,89,88,1,0,0,0
S01008107,25 to 34,91,57,47,10,34,30,3,1,0,0
S01008107,35 to 49,290,265,224,41,25,11,4,5,5,0
S01008107,50 to 64,121,87,84,3,34,11,2,1,13,7
S01008107,65 to 74,20,14,13,1,6,1,0,1,1,3
S01008107,75 to 84,6,5,5,0,1,0,0,0,0,1
S01008107,85 and over,5,1,1,0,4,0,0,0,0,4
S01008108,All people aged 16 and over in households,540,340,302,38,200,148,2,10,21,19
S01008108,16 to 24,95,1,1,0,94,94,0,0,0,0
S01008108,25 to 34,65,37,20,17,28,28,0,0,0,0
S01008108,35 to 49,144,114,99,15,30,19,1,3,6,1
S01008108,50 to 64,185,150,144,6,35,6,1,7,11,10
S01008108,65 to 74,42,33,33,0,9,1,0,0,4,4
S01008108,75 to 84,6,3,3,0,3,0,0,0,0,3
S01008108,85 and over,3,2,2,0,1,0,0,0,0,1
S01008109,All people aged 16 and over in households,756,480,438,42,276,190,8,25,14,39
S01008109,16 to 24,111,4,0,4,107,107,0,0,0,0
S01008109,25 to 34,86,31,19,12,55,48,0,6,1,0
S01008109,35 to 49,185,143,126,17,42,27,2,6,6,1
S01008109,50 to 64,233,200,193,7,33,6,3,9,5,10
S01008109,65 to 74,111,81,79,2,30,2,3,3,2,20
S01008109,75 to 84,26,19,19,0,7,0,0,1,0,6
S01008109,85 and over,4,2,2,0,2,0,0,0,0,2
S01008110,All people aged 16 and over in households,697,464,414,50,233,159,3,10,25,36
S01008110,16 to 24,110,7,4,3,103,103,0,0,0,0
S01008110,25 to 34,88,48,35,13,40,37,0,1,2,0
S01008110,35 to 49,234,209,187,22,25,12,1,6,5,1
S01008110,50 to 64,149,125,115,10,24,5,1,3,10,5
S01008110,65 to 74,71,50,48,2,21,2,1,0,4,14
S01008110,75 to 84,38,23,23,0,15,0,0,0,4,11
S01008110,85 and over,7,2,2,0,5,0,0,0,0,5
S01008111,All people aged 16 and over in households,751,462,428,34,289,174,3,10,16,86
S01008111,16 to 24,117,1,0,1,116,116,0,0,0,0
S01008111,25 to 34,65,21,11,10,44,40,0,4,0,0
S01008111,35 to 49,157,143,130,13,14,6,0,4,3,1
S01008111,50 to 64,198,171,164,7,27,6,2,2,11,6
S01008111,65 to 74,101,79,77,2,22,2,1,0,2,17
S01008111,75 to 84,90,39,38,1,51,2,0,0,0,49
S01008111,85 and over,23,8,8,0,15,2,0,0,0,13
S01008112,All people aged 16 and over in households,713,470,446,24,243,156,2,16,16,53
S01008112,16 to 24,104,1,1,0,103,102,1,0,0,0
S01008112,25 to 34,50,15,12,3,35,33,0,2,0,0
S01008112,35 to 49,150,124,111,13,26,11,0,8,5,2
S01008112,50 to 64,176,155,148,7,21,4,0,3,8,6
S01008112,65 to 74,134,109,108,1,25,3,0,2,2,18
S01008112,75 to 84,87,59,59,0,28,1,1,1,1,24
S01008112,85 and over,12,7,7,0,5,2,0,0,0,3
S01008113,All people aged 16 and over in households,779,508,470,38,271,183,5,10,18,55
S01008113,16 to 24,117,7,1,6,110,110,0,0,0,0
S01008113,25 to 34,70,25,18,7,45,44,1,0,0,0
S01008113,35 to 49,160,134,124,10,26,15,2,4,3,2
S01008113,50 to 64,223,194,179,15,29,7,0,5,8,9
S01008113,65 to 74,113,83,83,0,30,1,1,1,5,22
S01008113,75 to 84,92,65,65,0,27,4,1,0,2,20
S01008113,85 and over,4,0,0,0,4,2,0,0,0,2
S01008114,All people aged 16 and over in households,578,386,356,30,192,129,4,8,10,41
S01008114,16 to 24,76,5,0,5,71,71,0,0,0,0
S01008114,25 to 34,51,22,16,6,29,28,0,0,1,0
S01008114,35 to 49,142,114,105,9,28,17,1,5,4,1
S01008114,50 to 64,153,131,125,6,22,10,1,3,3,5
S01008114,65 to 74,88,72,70,2,16,0,1,0,2,13
S01008114,75 to 84,59,41,39,2,18,3,1,0,0,14
S01008114,85 and over,9,1,1,0,8,0,0,0,0,8
S01008115,All people aged 16 and over in households,759,436,384,52,323,220,6,22,43,32
S01008115,16 to 24,127,1,0,1,126,125,1,0,0,0
S01008115,25 to 34,101,53,33,20,48,42,2,2,2,0
S01008115,35 to 49,231,170,149,21,61,30,1,10,17,3
S01008115,50 to 64,213,162,153,9,51,15,1,9,20,6
S01008115,65 to 74,60,40,39,1,20,4,1,1,4,10
S01008115,75 to 84,23,8,8,0,15,4,0,0,0,11
S01008115,85 and over,4,2,2,0,2,0,0,0,0,2
S01008116,All people aged 16 and over in households,753,500,462,38,253,163,6,13,30,41
S01008116,16 to 24,100,0,0,0,100,100,0,0,0,0
S01008116,25 to 34,76,34,18,16,42,40,0,1,1,0
S01008116,35 to 49,203,170,154,16,33,13,2,8,7,3
S01008116,50 to 64,227,193,187,6,34,7,1,4,15,7
S01008116,65 to 74,97,70,70,0,27,3,3,0,6,15
S01008116,75 to 84,47,33,33,0,14,0,0,0,1,13
S01008116,85 and over,3,0,0,0,3,0,0,0,0,3
S01008117,All people aged 16 and over in households,676,444,428,16,232,146,4,16,22,44
S01008117,16 to 24,92,0,0,0,92,92,0,0,0,0
S01008117,25 to 34,32,9,9,0,23,19,1,1,1,1
S01008117,35 to 49,150,122,118,4,28,15,1,5,5,2
S01008117,50 to 64,197,168,161,7,29,8,0,6,9,6
S01008117,65 to 74,111,90,88,2,21,3,0,4,5,9
S01008117,75 to 84,77,49,46,3,28,7,1,0,2,18
S01008117,85 and over,17,6,6,0,11,2,1,0,0,8
S01008118,All people aged 16 and over in households,690,424,366,58,266,135,3,19,34,75
S01008118,16 to 24,69,1,0,1,68,68,0,0,0,0
S01008118,25 to 34,78,43,19,24,35,29,0,4,2,0
S01008118,35 to 49,192,152,131,21,40,20,0,9,9,2
S01008118,50 to 64,163,121,112,9,42,14,0,6,16,6
S01008118,65 to 74,85,65,62,3,20,2,0,0,6,12
S01008118,75 to 84,71,36,36,0,35,1,1,0,1,32
S01008118,85 and over,32,6,6,0,26,1,2,0,0,23
S01008119,All people aged 16 and over in households,542,284,242,42,258,171,2,17,29,39
S01008119,16 to 24,88,3,1,2,85,85,0,0,0,0
S01008119,25 to 34,68,25,15,10,43,38,0,4,1,0
S01008119,35 to 49,123,74,59,15,49,34,1,6,7,1
S01008119,50 to 64,149,116,107,9,33,10,1,4,11,7
S01008119,65 to 74,68,42,36,6,26,2,0,3,6,15
S01008119,75 to 84,39,22,22,0,17,1,0,0,4,12
S01008119,85 and over,7,2,2,0,5,1,0,0,0,4
S01008120,All people aged 16 and over in households,518,314,274,40,204,109,7,15,28,45
S01008120,16 to 24,53,12,4,8,41,41,0,0,0,0
S01008120,25 to 34,57,28,17,11,29,26,1,1,1,0
S01008120,35 to 49,120,76,65,11,44,20,4,8,12,0
S01008120,50 to 64,123,96,88,8,27,15,1,2,8,1
S01008120,65 to 74,78,54,52,2,24,4,1,4,4,11
S01008120,75 to 84,59,33,33,0,26,1,0,0,2,23
S01008120,85 and over,28,15,15,0,13,2,0,0,1,10
S01008121,All people aged 16 and over in households,556,394,388,6,162,98,4,2,11,47
S01008121,16 to 24,57,0,0,0,57,57,0,0,0,0
S01008121,25 to 34,42,22,18,4,20,20,0,0,0,0
S01008121,35 to 49,123,110,108,2,13,8,0,2,2,1
S01008121,50 to 64,153,137,137,0,16,6,1,0,5,4
S01008121,65 to 74,100,89,89,0,11,3,0,0,2,6
S01008121,75 to 84,61,31,31,0,30,3,2,0,1,24
S01008121,85 and over,20,5,5,0,15,1,1,0,1,12
S01008122,All people aged 16 and over in households,585,402,380,22,183,127,2,7,9,38
S01008122,16 to 24,80,3,0,3,77,77,0,0,0,0
S01008122,25 to 34,51,26,21,5,25,25,0,0,0,0
S01008122,35 to 49,170,148,135,13,22,14,1,3,4,0
S01008122,50 to 64,165,142,141,1,23,7,0,4,3,9
S01008122,65 to 74,63,50,50,0,13,2,1,0,2,8
S01008122,75 to 84,43,27,27,0,16,1,0,0,0,15
S01008122,85 and over,13,6,6,0,7,1,0,0,0,6
S01008123,All people aged 16 and over in households,763,502,468,34,261,171,4,9,23,54
S01008123,16 to 24,109,5,3,2,104,104,0,0,0,0
S01008123,25 to 34,64,29,15,14,35,35,0,0,0,0
S01008123,35 to 49,172,142,134,8,30,12,3,4,10,1
S01008123,50 to 64,196,169,160,9,27,12,1,3,8,3
S01008123,65 to 74,134,112,111,1,22,3,0,2,3,14
S01008123,75 to 84,61,37,37,0,24,4,0,0,2,18
S01008123,85 and over,27,8,8,0,19,1,0,0,0,18
S01008124,All people aged 16 and over in households,667,458,428,30,209,138,4,11,24,32
S01008124,16 to 24,94,3,0,3,91,91,0,0,0,0
S01008124,25 to 34,55,23,15,8,32,30,1,1,0,0
S01008124,35 to 49,202,177,164,13,25,11,0,8,5,1
S01008124,50 to 64,191,163,159,4,28,5,0,2,16,5
S01008124,65 to 74,93,79,77,2,14,1,1,0,1,11
S01008124,75 to 84,26,11,11,0,15,0,1,0,2,12
S01008124,85 and over,6,2,2,0,4,0,1,0,0,3
S01008125,All people aged 16 and over in households,728,476,436,40,252,151,6,23,18,54
S01008125,16 to 24,89,3,0,3,86,86,0,0,0,0
S01008125,25 to 34,75,48,32,16,27,27,0,0,0,0
S01008125,35 to 49,185,151,137,14,34,18,3,6,5,2
S01008125,50 to 64,217,167,162,5,50,14,3,15,10,8
S01008125,65 to 74,93,71,69,2,22,3,0,2,2,15
S01008125,75 to 84,50,32,32,0,18,3,0,0,1,14
S01008125,85 and over,19,4,4,0,15,0,0,0,0,15
S01008126,All people aged 16 and over in households,668,458,420,38,210,153,3,10,20,24
S01008126,16 to 24,101,2,2,0,99,98,0,1,0,0
S01008126,25 to 34,66,34,24,10,32,31,0,0,1,0
S01008126,35 to 49,177,149,136,13,28,7,0,7,11,3
S01008126,50 to 64,241,207,194,13,34,13,3,1,6,11
S01008126,65 to 74,59,51,50,1,8,1,0,1,1,5
S01008126,75 to 84,20,15,14,1,5,2,0,0,1,2
S01008126,85 and over,4,0,0,0,4,1,0,0,0,3
S01008127,All people aged 16 and over in households,411,286,262,24,125,78,1,8,13,25
S01008127,16 to 24,44,0,0,0,44,44,0,0,0,0
S01008127,25 to 34,38,23,17,6,15,14,0,1,0,0
S01008127,35 to 49,111,84,73,11,27,19,0,3,5,0
S01008127,50 to 64,122,109,103,6,13,0,0,2,8,3
S01008127,65 to 74,52,41,41,0,11,0,0,1,0,10
S01008127,75 to 84,36,25,24,1,11,0,1,1,0,9
S01008127,85 and over,8,4,4,0,4,1,0,0,0,3
S01008128,All people aged 16 and over in households,747,484,438,46,263,169,3,19,32,40
S01008128,16 to 24,114,2,0,2,112,112,0,0,0,0
S01008128,25 to 34,63,31,24,7,32,30,1,0,1,0
S01008128,35 to 49,190,142,119,23,48,19,0,13,15,1
S01008128,50 to 64,220,189,176,13,31,4,1,6,11,9
S01008128,65 to 74,105,84,84,0,21,3,0,0,4,14
S01008128,75 to 84,47,31,30,1,16,0,1,0,1,14
S01008128,85 and over,8,5,5,0,3,1,0,0,0,2
S01008129,All people aged 16 and over in households,748,376,288,88,372,221,7,23,74,47
S01008129,16 to 24,105,10,1,9,95,92,0,0,2,1
S01008129,25 to 34,115,61,27,34,54,49,1,1,3,0
S01008129,35 to 49,212,118,86,32,94,55,4,10,24,1
S01008129,50 to 64,179,115,106,9,64,17,1,9,33,4
S01008129,65 to 74,73,44,41,3,29,4,1,1,11,12
S01008129,75 to 84,50,24,23,1,26,1,0,2,1,22
S01008129,85 and over,14,4,4,0,10,3,0,0,0,7
S01008130,All people aged 16 and over in households,809,386,274,112,423,270,6,31,66,50
S01008130,16 to 24,123,11,1,10,112,112,0,0,0,0
S01008130,25 to 34,120,59,26,33,61,61,0,0,0,0
S01008130,35 to 49,219,119,72,47,100,58,2,11,28,1
S01008130,50 to 64,199,117,102,15,82,22,2,19,31,8
S01008130,65 to 74,81,51,47,4,30,6,1,0,6,17
S01008130,75 to 84,53,27,24,3,26,7,1,1,1,16
S01008130,85 and over,14,2,2,0,12,4,0,0,0,8
S01008131,All people aged 16 and over in households,642,268,204,64,374,232,5,27,60,50
S01008131,16 to 24,91,15,2,13,76,76,0,0,0,0
S01008131,25 to 34,106,45,25,20,61,58,0,2,1,0
S01008131,35 to 49,188,78,59,19,110,69,2,13,20,6
S01008131,50 to 64,140,84,75,9,56,20,1,9,22,4
S01008131,65 to 74,71,36,34,2,35,6,1,3,12,13
S01008131,75 to 84,35,10,9,1,25,3,0,0,4,18
S01008131,85 and over,11,0,0,0,11,0,1,0,1,9
S01008132,All people aged 16 and over in households,846,600,546,54,246,132,7,14,16,77
S01008132,16 to 24,76,3,0,3,73,73,0,0,0,0
S01008132,25 to 34,58,24,15,9,34,33,0,1,0,0
S01008132,35 to 49,227,202,172,30,25,13,1,5,6,0
S01008132,50 to 64,210,183,176,7,27,9,1,5,4,8
S01008132,65 to 74,141,109,104,5,32,3,1,2,5,21
S01008132,75 to 84,110,72,72,0,38,1,3,1,1,32
S01008132,85 and over,24,7,7,0,17,0,1,0,0,16
S01008133,All people aged 16 and over in households,540,264,234,30,276,122,7,22,59,66
S01008133,16 to 24,54,4,2,2,50,49,0,0,0,1
S01008133,25 to 34,61,35,21,14,26,24,0,2,0,0
S01008133,35 to 49,115,63,56,7,52,34,1,5,12,0
S01008133,50 to 64,139,76,72,4,63,7,4,14,36,2
S01008133,65 to 74,81,58,58,0,23,7,2,1,5,8
S01008133,75 to 84,61,28,25,3,33,0,0,0,3,30
S01008133,85 and over,29,0,0,0,29,1,0,0,3,25
S01008134,All people aged 16 and over in households,520,250,174,76,270,156,5,21,52,36
S01008134,16 to 24,59,15,0,15,44,44,0,0,0,0
S01008134,25 to 34,105,53,22,31,52,50,0,0,2,0
S01008134,35 to 49,138,68,48,20,70,44,2,10,14,0
S01008134,50 to 64,117,67,57,10,50,11,1,6,27,5
S01008134,65 to 74,51,29,29,0,22,4,1,1,8,8
S01008134,75 to 84,36,10,10,0,26,3,1,4,1,17
S01008134,85 and over,14,8,8,0,6,0,0,0,0,6
S01008135,All people aged 16 and over in households,846,494,372,122,352,237,7,38,48,22
S01008135,16 to 24,121,21,1,20,100,100,0,0,0,0
S01008135,25 to 34,175,102,46,56,73,67,3,2,1,0
S01008135,35 to 49,304,206,173,33,98,53,2,22,19,2
S01008135,50 to 64,161,110,101,9,51,12,2,7,23,7
S01008135,65 to 74,63,43,41,2,20,4,0,7,2,7
S01008135,75 to 84,17,8,6,2,9,1,0,0,3,5
S01008135,85 and over,5,4,4,0,1,0,0,0,0,1
S01008136,All people aged 16 and over in households,756,386,292,94,370,210,7,23,64,66
S01008136,16 to 24,88,18,3,15,70,70,0,0,0,0
S01008136,25 to 34,109,57,19,38,52,51,0,1,0,0
S01008136,35 to 49,207,131,106,25,76,49,1,13,12,1
S01008136,50 to 64,177,93,80,13,84,26,0,8,42,8
S01008136,65 to 74,100,56,53,3,44,10,0,1,9,24
S01008136,75 to 84,48,22,22,0,26,1,3,0,0,22
S01008136,85 and over,27,9,9,0,18,3,3,0,1,11
S01008137,All people aged 16 and over in households,656,226,142,84,430,260,4,56,69,41
S01008137,16 to 24,119,18,1,17,101,100,1,0,0,0
S01008137,25 to 34,128,56,25,31,72,61,1,9,1,0
S01008137,35 to 49,172,53,30,23,119,71,0,25,20,3
S01008137,50 to 64,159,66,56,10,93,20,2,17,41,13
S01008137,65 to 74,47,24,21,3,23,4,0,3,6,10
S01008137,75 to 84,25,8,8,0,17,3,0,2,1,11
S01008137,85 and over,6,1,1,0,5,1,0,0,0,4
S01008138,All people aged 16 and over in households,645,268,200,68,377,224,4,33,63,53
S01008138,16 to 24,103,8,0,8,95,95,0,0,0,0
S01008138,25 to 34,95,41,15,26,54,47,1,5,1,0
S01008138,35 to 49,207,110,86,24,97,48,1,17,29,2
S01008138,50 to 64,164,87,77,10,77,21,0,10,26,20
S01008138,65 to 74,44,18,18,0,26,6,1,1,5,13
S01008138,75 to 84,27,4,4,0,23,5,1,0,2,15
S01008138,85 and over,5,0,0,0,5,2,0,0,0,3
S01008139,All people aged 16 and over in households,713,358,292,66,355,220,3,29,44,59
S01008139,16 to 24,118,8,2,6,110,110,0,0,0,0
S01008139,25 to 34,102,50,32,18,52,48,1,2,1,0
S01008139,35 to 49,201,121,89,32,80,41,0,14,22,3
S01008139,50 to 64,152,107,97,10,45,13,0,11,15,6
S01008139,65 to 74,74,50,50,0,24,5,1,1,5,12
S01008139,75 to 84,48,21,21,0,27,2,1,1,1,22
S01008139,85 and over,18,1,1,0,17,1,0,0,0,16
S01008140,All people aged 16 and over in households,407,194,160,34,213,121,4,9,28,51
S01008140,16 to 24,57,5,1,4,52,52,0,0,0,0
S01008140,25 to 34,65,24,14,10,41,38,1,1,1,0
S01008140,35 to 49,103,66,48,18,37,18,2,3,11,3
S01008140,50 to 64,80,54,52,2,26,8,0,4,8,6
S01008140,65 to 74,39,27,27,0,12,1,0,0,5,6
S01008140,75 to 84,39,16,16,0,23,3,1,1,1,17
S01008140,85 and over,24,2,2,0,22,1,0,0,2,19
S01008141,All people aged 16 and over in households,712,454,418,36,258,167,1,12,19,59
S01008141,16 to 24,106,4,0,4,102,102,0,0,0,0
S01008141,25 to 34,59,22,18,4,37,35,0,2,0,0
S01008141,35 to 49,183,149,132,17,34,16,1,7,8,2
S01008141,50 to 64,191,163,156,7,28,9,0,2,8,9
S01008141,65 to 74,104,83,81,2,21,3,0,1,1,16
S01008141,75 to 84,60,30,29,1,30,2,0,0,2,26
S01008141,85 and over,9,3,2,1,6,0,0,0,0,6
S01008142,All people aged 16 and over in households,664,432,384,48,232,167,4,17,18,26
S01008142,16 to 24,114,6,0,6,108,107,0,1,0,0
S01008142,25 to 34,72,27,20,7,45,41,0,3,1,0
S01008142,35 to 49,183,157,134,23,26,16,2,3,5,0
S01008142,50 to 64,216,184,173,11,32,3,0,10,11,8
S01008142,65 to 74,51,43,42,1,8,0,1,0,0,7
S01008142,75 to 84,25,15,15,0,10,0,1,0,1,8
S01008142,85 and over,3,0,0,0,3,0,0,0,0,3
S01008143,All people aged 16 and over in households,741,350,284,66,391,217,4,24,81,65
S01008143,16 to 24,107,11,1,10,96,96,0,0,0,0
S01008143,25 to 34,95,41,25,16,54,52,0,0,2,0
S01008143,35 to 49,201,118,98,20,83,35,3,11,34,0
S01008143,50 to 64,178,112,98,14,66,20,0,9,28,9
S01008143,65 to 74,84,43,39,4,41,3,1,3,15,19
S01008143,75 to 84,59,25,23,2,34,7,0,1,2,24
S01008143,85 and over,17,0,0,0,17,4,0,0,0,13
S01008144,All people aged 16 and over in households,505,334,310,24,171,118,4,13,13,23
S01008144,16 to 24,80,2,0,2,78,78,0,0,0,0
S01008144,25 to 34,50,21,19,2,29,23,4,2,0,0
S01008144,35 to 49,120,103,93,10,17,9,0,6,2,0
S01008144,50 to 64,158,133,124,9,25,8,0,5,9,3
S01008144,65 to 74,60,49,48,1,11,0,0,0,2,9
S01008144,75 to 84,36,26,26,0,10,0,0,0,0,10
S01008144,85 and over,1,0,0,0,1,0,0,0,0,1
S01008145,All people aged 16 and over in households,646,370,308,62,276,175,5,20,29,47
S01008145,16 to 24,111,9,2,7,102,102,0,0,0,0
S01008145,25 to 34,75,46,21,25,29,26,0,1,2,0
S01008145,35 to 49,182,134,113,21,48,25,3,7,11,2
S01008145,50 to 64,169,121,113,8,48,16,0,11,13,8
S01008145,65 to 74,63,40,40,0,23,5,1,1,2,14
S01008145,75 to 84,35,16,15,1,19,0,1,0,0,18
S01008145,85 and over,11,4,4,0,7,1,0,0,1,5
S01008146,All people aged 16 and over in households,414,200,160,40,214,138,2,11,20,43
S01008146,16 to 24,72,4,0,4,68,68,0,0,0,0
S01008146,25 to 34,49,12,5,7,37,35,0,2,0,0
S01008146,35 to 49,85,54,42,12,31,20,0,4,4,3
S01008146,50 to 64,101,76,61,15,25,4,1,5,8,7
S01008146,65 to 74,69,43,41,2,26,3,0,0,6,17
S01008146,75 to 84,30,10,10,0,20,6,1,0,2,11
S01008146,85 and over,8,1,1,0,7,2,0,0,0,5
S01008147,All people aged 16 and over in households,664,388,328,60,276,160,2,24,47,43
S01008147,16 to 24,78,2,1,1,76,76,0,0,0,0
S01008147,25 to 34,96,47,21,26,49,48,0,1,0,0
S01008147,35 to 49,165,105,83,22,60,31,1,13,14,1
S01008147,50 to 64,209,162,152,10,47,2,1,10,25,9
S01008147,65 to 74,73,52,51,1,21,1,0,0,7,13
S01008147,75 to 84,39,18,18,0,21,1,0,0,1,19
S01008147,85 and over,4,2,2,0,2,1,0,0,0,1
S01008148,All people aged 16 and over in households,648,380,342,38,268,166,3,25,39,35
S01008148,16 to 24,96,5,0,5,91,90,1,0,0,0
S01008148,25 to 34,79,33,19,14,46,45,0,1,0,0
S01008148,35 to 49,181,132,116,16,49,25,0,10,14,0
S01008148,50 to 64,194,152,151,1,42,3,0,12,16,11
S01008148,65 to 74,70,48,48,0,22,2,1,1,8,10
S01008148,75 to 84,20,10,8,2,10,1,1,1,1,6
S01008148,85 and over,8,0,0,0,8,0,0,0,0,8
S01008149,All people aged 16 and over in households,568,316,262,54,252,150,0,26,24,52
S01008149,16 to 24,95,12,0,12,83,83,0,0,0,0
S01008149,25 to 34,74,42,24,18,32,31,0,0,0,1
S01008149,35 to 49,170,112,93,19,58,33,0,18,5,2
S01008149,50 to 64,127,95,90,5,32,2,0,5,14,11
S01008149,65 to 74,62,45,45,0,17,1,0,1,4,11
S01008149,75 to 84,38,10,10,0,28,0,0,2,1,25
S01008149,85 and over,2,0,0,0,2,0,0,0,0,2
S01008150,All people aged 16 and over in households,764,390,298,92,374,217,5,30,56,66
S01008150,16 to 24,108,17,0,17,91,91,0,0,0,0
S01008150,25 to 34,130,74,42,32,56,52,1,2,1,0
S01008150,35 to 49,193,96,69,27,97,53,3,17,23,1
S01008150,50 to 64,144,90,84,6,54,15,0,8,20,11
S01008150,65 to 74,111,74,70,4,37,4,0,2,11,20
S01008150,75 to 84,63,35,29,6,28,2,1,1,1,23
S01008150,85 and over,15,4,4,0,11,0,0,0,0,11
S01008151,All people aged 16 and over in households,589,298,246,52,291,172,1,15,36,67
S01008151,16 to 24,98,6,0,6,92,91,0,0,1,0
S01008151,25 to 34,66,35,16,19,31,29,1,0,1,0
S01008151,35 to 49,176,112,94,18,64,39,0,10,12,3
S01008151,50 to 64,107,75,67,8,32,6,0,4,16,6
S01008151,65 to 74,62,43,42,1,19,6,0,1,3,9
S01008151,75 to 84,63,23,23,0,40,1,0,0,3,36
S01008151,85 and over,17,4,4,0,13,0,0,0,0,13
S01008152,All people aged 16 and over in households,891,416,354,62,475,245,9,32,87,102
S01008152,16 to 24,113,10,1,9,103,103,0,0,0,0
S01008152,25 to 34,103,38,19,19,65,63,0,2,0,0
S01008152,35 to 49,203,104,79,25,99,55,2,18,22,2
S01008152,50 to 64,212,139,133,6,73,12,0,8,40,13
S01008152,65 to 74,124,74,73,1,50,5,3,0,17,25
S01008152,75 to 84,107,45,43,2,62,3,4,2,7,46
S01008152,85 and over,29,6,6,0,23,4,0,2,1,16
S01008153,All people aged 16 and over in households,672,440,402,38,232,175,3,13,20,21
S01008153,16 to 24,126,4,2,2,122,122,0,0,0,0
S01008153,25 to 34,68,31,18,13,37,37,0,0,0,0
S01008153,35 to 49,178,158,143,15,20,6,1,6,6,1
S01008153,50 to 64,218,183,175,8,35,9,1,7,12,6
S01008153,65 to 74,53,46,46,0,7,0,1,0,2,4
S01008153,75 to 84,22,14,14,0,8,1,0,0,0,7
S01008153,85 and over,7,4,4,0,3,0,0,0,0,3
S01008154,All people aged 16 and over in households,710,458,422,36,252,138,8,11,34,61
S01008154,16 to 24,85,4,0,4,81,79,0,0,2,0
S01008154,25 to 34,76,44,31,13,32,31,1,0,0,0
S01008154,35 to 49,132,103,93,10,29,14,0,7,7,1
S01008154,50 to 64,212,169,162,7,43,8,1,4,16,14
S01008154,65 to 74,130,95,93,2,35,3,4,0,7,21
S01008154,75 to 84,59,39,39,0,20,2,1,0,2,15
S01008154,85 and over,16,4,4,0,12,1,1,0,0,10
S01008155,All people aged 16 and over in households,576,362,322,40,214,135,8,12,30,29
S01008155,16 to 24,90,9,3,6,81,81,0,0,0,0
S01008155,25 to 34,64,38,22,16,26,26,0,0,0,0
S01008155,35 to 49,136,102,89,13,34,13,3,7,10,1
S01008155,50 to 64,171,134,130,4,37,11,3,5,13,5
S01008155,65 to 74,76,59,58,1,17,1,1,0,5,10
S01008155,75 to 84,31,18,18,0,13,1,1,0,2,9
S01008155,85 and over,8,2,2,0,6,2,0,0,0,4
S01008156,All people aged 16 and over in households,771,434,364,70,337,217,0,23,47,50
S01008156,16 to 24,115,6,0,6,109,108,0,0,1,0
S01008156,25 to 34,86,37,23,14,49,47,0,2,0,0
S01008156,35 to 49,185,122,94,28,63,35,0,10,17,1
S01008156,50 to 64,224,165,150,15,59,18,0,8,23,10
S01008156,65 to 74,94,76,69,7,18,2,0,2,6,8
S01008156,75 to 84,45,24,24,0,21,4,0,1,0,16
S01008156,85 and over,22,4,4,0,18,3,0,0,0,15
S01008157,All people aged 16 and over in households,592,364,318,46,228,147,1,20,28,32
S01008157,16 to 24,95,10,0,10,85,85,0,0,0,0
S01008157,25 to 34,66,35,22,13,31,30,0,1,0,0
S01008157,35 to 49,177,127,115,12,50,22,1,12,12,3
S01008157,50 to 64,171,144,136,8,27,8,0,2,11,6
S01008157,65 to 74,55,36,33,3,19,2,0,4,4,9
S01008157,75 to 84,18,11,11,0,7,0,0,1,1,5
S01008157,85 and over,10,1,1,0,9,0,0,0,0,9
S01008158,All people aged 16 and over in households,627,398,338,60,229,166,3,11,24,25
S01008158,16 to 24,115,10,3,7,105,105,0,0,0,0
S01008158,25 to 34,92,54,29,25,38,33,1,2,2,0
S01008158,35 to 49,151,119,104,15,32,18,1,5,8,0
S01008158,50 to 64,208,177,166,11,31,8,0,3,13,7
S01008158,65 to 74,36,22,22,0,14,1,1,1,1,10
S01008158,75 to 84,21,14,12,2,7,1,0,0,0,6
S01008158,85 and over,4,2,2,0,2,0,0,0,0,2
S01008159,All people aged 16 and over in households,779,350,272,78,429,252,5,38,76,58
S01008159,16 to 24,127,18,8,10,109,109,0,0,0,0
S01008159,25 to 34,112,54,29,25,58,55,2,1,0,0
S01008159,35 to 49,182,90,66,24,92,48,0,20,23,1
S01008159,50 to 64,207,118,105,13,89,23,2,15,38,11
S01008159,65 to 74,83,45,39,6,38,13,0,1,9,15
S01008159,75 to 84,52,23,23,0,29,4,1,1,4,19
S01008159,85 and over,16,2,2,0,14,0,0,0,2,12
S01008160,All people aged 16 and over in households,718,350,286,64,368,215,4,35,63,51
S01008160,16 to 24,100,5,0,5,95,94,0,0,1,0
S01008160,25 to 34,86,50,31,19,36,33,0,2,1,0
S01008160,35 to 49,239,141,114,27,98,56,1,18,20,3
S01008160,50 to 64,169,96,84,12,73,19,3,10,31,10
S01008160,65 to 74,64,36,36,0,28,9,0,3,9,7
S01008160,75 to 84,49,19,18,1,30,2,0,1,1,26
S01008160,85 and over,11,3,3,0,8,2,0,1,0,5
S01008161,All people aged 16 and over in households,815,574,472,102,241,165,1,19,34,22
S01008161,16 to 24,99,7,2,5,92,92,0,0,0,0
S01008161,25 to 34,122,89,56,33,33,30,0,2,1,0
S01008161,35 to 49,306,253,209,44,53,30,1,13,8,1
S01008161,50 to 64,194,159,139,20,35,5,0,4,21,5
S01008161,65 to 74,57,44,44,0,13,1,0,0,4,8
S01008161,75 to 84,29,19,19,0,10,5,0,0,0,5
S01008161,85 and over,8,3,3,0,5,2,0,0,0,3
S01008162,All people aged 16 and over in households,828,518,434,84,310,196,1,15,37,61
S01008162,16 to 24,94,9,5,4,85,85,0,0,0,0
S01008162,25 to 34,100,57,38,19,43,41,0,2,0,0
S01008162,35 to 49,256,200,147,53,56,38,1,7,7,3
S01008162,50 to 64,187,142,134,8,45,15,0,6,19,5
S01008162,65 to 74,116,79,79,0,37,6,0,0,8,23
S01008162,75 to 84,58,28,28,0,30,5,0,0,3,22
S01008162,85 and over,17,3,3,0,14,6,0,0,0,8
S01008163,All people aged 16 and over in households,601,332,252,80,269,155,12,16,41,45
S01008163,16 to 24,89,12,3,9,77,74,3,0,0,0
S01008163,25 to 34,74,35,16,19,39,35,2,2,0,0
S01008163,35 to 49,161,107,79,28,54,32,3,6,12,1
S01008163,50 to 64,154,105,85,20,49,11,3,7,22,6
S01008163,65 to 74,66,43,39,4,23,3,1,1,6,12
S01008163,75 to 84,44,28,28,0,16,0,0,0,0,16
S01008163,85 and over,13,2,2,0,11,0,0,0,1,10
S01008164,All people aged 16 and over in households,520,271,216,55,249,145,4,20,46,34
S01008164,16 to 24,72,5,0,5,67,67,0,0,0,0
S01008164,25 to 34,86,37,20,17,49,45,0,2,2,0
S01008164,35 to 49,158,123,98,25,35,18,0,8,8,1
S01008164,50 to 64,124,74,67,7,50,6,2,6,27,9
S01008164,65 to 74,54,25,24,1,29,5,0,4,9,11
S01008164,75 to 84,17,7,7,0,10,1,1,0,0,8
S01008164,85 and over,9,0,0,0,9,3,1,0,0,5
S01008165,All people aged 16 and over in households,555,426,320,106,129,80,4,7,24,14
S01008165,16 to 24,71,15,3,12,56,56,0,0,0,0
S01008165,25 to 34,131,114,74,40,17,14,0,1,2,0
S01008165,35 to 49,217,194,149,45,23,8,2,5,8,0
S01008165,50 to 64,100,77,69,8,23,1,2,0,11,9
S01008165,65 to 74,22,19,18,1,3,0,0,0,1,2
S01008165,75 to 84,11,6,6,0,5,1,0,1,2,1
S01008165,85 and over,3,1,1,0,2,0,0,0,0,2
S01008166,All people aged 16 and over in households,443,250,204,46,193,114,2,21,28,28
S01008166,16 to 24,67,7,0,7,60,60,0,0,0,0
S01008166,25 to 34,56,30,13,17,26,23,0,2,1,0
S01008166,35 to 49,122,81,64,17,41,20,0,11,10,0
S01008166,50 to 64,115,81,76,5,34,9,1,6,14,4
S01008166,65 to 74,42,30,30,0,12,1,0,2,3,6
S01008166,75 to 84,30,18,18,0,12,1,1,0,0,10
S01008166,85 and over,11,3,3,0,8,0,0,0,0,8
S01008167,All people aged 16 and over in households,561,302,208,94,259,152,0,19,38,50
S01008167,16 to 24,92,9,0,9,83,83,0,0,0,0
S01008167,25 to 34,83,49,21,28,34,29,0,4,0,1
S01008167,35 to 49,163,108,71,37,55,26,0,9,16,4
S01008167,50 to 64,115,76,62,14,39,11,0,4,13,11
S01008167,65 to 74,68,42,36,6,26,2,0,2,7,15
S01008167,75 to 84,26,14,14,0,12,1,0,0,2,9
S01008167,85 and over,14,4,4,0,10,0,0,0,0,10
S01008168,All people aged 16 and over in households,635,362,278,84,273,166,6,23,39,39
S01008168,16 to 24,91,10,1,9,81,81,0,0,0,0
S01008168,25 to 34,98,57,22,35,41,33,0,7,1,0
S01008168,35 to 49,207,148,116,32,59,33,2,8,15,1
S01008168,50 to 64,141,100,94,6,41,14,1,7,15,4
S01008168,65 to 74,52,29,27,2,23,4,1,1,6,11
S01008168,75 to 84,31,14,14,0,17,1,1,0,2,13
S01008168,85 and over,15,4,4,0,11,0,1,0,0,10
S01008169,All people aged 16 and over in households,584,326,230,96,258,141,4,35,37,41
S01008169,16 to 24,79,13,2,11,66,65,0,1,0,0
S01008169,25 to 34,98,53,29,24,45,39,1,4,1,0
S01008169,35 to 49,168,102,74,28,66,28,1,20,16,1
S01008169,50 to 64,126,95,75,20,31,7,0,4,15,5
S01008169,65 to 74,60,38,32,6,22,1,1,5,3,12
S01008169,75 to 84,42,22,16,6,20,0,1,1,2,16
S01008169,85 and over,11,3,2,1,8,1,0,0,0,7
S01008170,All people aged 16 and over in households,470,320,274,46,150,97,0,5,19,29
S01008170,16 to 24,69,2,0,2,67,67,0,0,0,0
S01008170,25 to 34,38,27,20,7,11,11,0,0,0,0
S01008170,35 to 49,153,135,118,17,18,8,0,2,6,2
S01008170,50 to 64,134,110,95,15,24,8,0,0,11,5
S01008170,65 to 74,41,33,28,5,8,2,0,0,1,5
S01008170,75 to 84,26,11,11,0,15,1,0,1,1,12
S01008170,85 and over,9,2,2,0,7,0,0,2,0,5
S01008171,All people aged 16 and over in households,616,318,236,82,298,158,5,17,56,62
S01008171,16 to 24,73,9,0,9,64,60,2,1,1,0
S01008171,25 to 34,94,58,29,29,36,33,0,2,1,0
S01008171,35 to 49,175,118,84,34,57,33,0,8,14,2
S01008171,50 to 64,125,67,58,9,58,18,0,6,27,7
S01008171,65 to 74,60,37,36,1,23,4,0,0,10,9
S01008171,75 to 84,63,23,23,0,40,6,2,0,3,29
S01008171,85 and over,26,6,6,0,20,4,1,0,0,15
S01008172,All people aged 16 and over in households,457,276,240,36,181,108,3,9,27,34
S01008172,16 to 24,54,1,0,1,53,53,0,0,0,0
S01008172,25 to 34,40,17,7,10,23,22,0,1,0,0
S01008172,35 to 49,118,80,68,12,38,24,1,5,8,0
S01008172,50 to 64,131,104,96,8,27,6,1,2,11,7
S01008172,65 to 74,71,49,45,4,22,2,1,1,7,11
S01008172,75 to 84,34,23,22,1,11,1,0,0,1,9
S01008172,85 and over,9,2,2,0,7,0,0,0,0,7
S01008173,All people aged 16 and over in households,521,336,292,44,185,109,2,12,21,41
S01008173,16 to 24,72,1,0,1,71,71,0,0,0,0
S01008173,25 to 34,52,31,18,13,21,19,0,1,1,0
S01008173,35 to 49,170,145,125,20,25,12,2,3,7,1
S01008173,50 to 64,144,116,109,7,28,1,0,7,10,10
S01008173,65 to 74,53,34,31,3,19,1,0,0,1,17
S01008173,75 to 84,24,8,8,0,16,5,0,1,2,8
S01008173,85 and over,6,1,1,0,5,0,0,0,0,5
S01008174,All people aged 16 and over in households,448,274,238,36,174,106,5,6,21,36
S01008174,16 to 24,66,2,0,2,64,64,0,0,0,0
S01008174,25 to 34,52,34,21,13,18,17,0,1,0,0
S01008174,35 to 49,102,88,70,18,14,10,0,2,1,1
S01008174,50 to 64,151,119,116,3,32,9,2,3,10,8
S01008174,65 to 74,41,20,20,0,21,3,1,0,9,8
S01008174,75 to 84,27,10,10,0,17,3,0,0,1,13
S01008174,85 and over,9,1,1,0,8,0,2,0,0,6
S01008175,All people aged 16 and over in households,615,320,248,72,295,177,3,24,52,39
S01008175,16 to 24,75,16,1,15,59,57,0,0,0,2
S01008175,25 to 34,108,58,37,21,50,49,0,1,0,0
S01008175,35 to 49,188,115,93,22,73,44,3,11,15,0
S01008175,50 to 64,154,87,76,11,67,24,0,11,28,4
S01008175,65 to 74,54,32,29,3,22,2,0,1,8,11
S01008175,75 to 84,31,12,12,0,19,1,0,0,1,17
S01008175,85 and over,5,0,0,0,5,0,0,0,0,5
S01008176,All people aged 16 and over in households,610,407,362,45,203,142,2,12,17,30
S01008176,16 to 24,71,3,0,3,68,68,0,0,0,0
S01008176,25 to 34,58,27,16,11,31,29,0,1,0,1
S01008176,35 to 49,167,126,110,16,41,27,0,5,8,1
S01008176,50 to 64,194,165,152,13,29,11,2,6,5,5
S01008176,65 to 74,73,58,57,1,15,4,0,0,3,8
S01008176,75 to 84,38,24,23,1,14,2,0,0,0,12
S01008176,85 and over,9,4,4,0,5,1,0,0,1,3
S01008177,All people aged 16 and over in households,635,362,282,80,273,148,7,14,46,58
S01008177,16 to 24,59,7,1,6,52,52,0,0,0,0
S01008177,25 to 34,88,54,26,28,34,32,2,0,0,0
S01008177,35 to 49,163,115,88,27,48,29,3,10,6,0
S01008177,50 to 64,150,86,73,13,64,23,0,4,29,8
S01008177,65 to 74,92,64,59,5,28,5,1,0,9,13
S01008177,75 to 84,66,31,30,1,35,4,1,0,2,28
S01008177,85 and over,17,5,5,0,12,3,0,0,0,9
S01008178,All people aged 16 and over in households,560,350,314,36,210,129,2,14,31,34
S01008178,16 to 24,71,4,0,4,67,65,2,0,0,0
S01008178,25 to 34,57,26,20,6,31,30,0,1,0,0
S01008178,35 to 49,105,70,59,11,35,19,0,7,7,2
S01008178,50 to 64,184,142,130,12,42,13,0,4,16,9
S01008178,65 to 74,95,78,75,3,17,0,0,2,6,9
S01008178,75 to 84,43,27,27,0,16,1,0,0,2,13
S01008178,85 and over,5,3,3,0,2,1,0,0,0,1
S01008179,All people aged 16 and over in households,390,284,234,50,106,79,1,6,12,8
S01008179,16 to 24,73,4,2,2,69,69,0,0,0,0
S01008179,25 to 34,38,32,24,8,6,5,1,0,0,0
S01008179,35 to 49,173,159,128,31,14,2,0,5,6,1
S01008179,50 to 64,83,73,66,7,10,3,0,1,5,1
S01008179,65 to 74,20,14,12,2,6,0,0,0,1,5
S01008179,75 to 84,3,2,2,0,1,0,0,0,0,1
S01008179,85 and over,0,0,0,0,0,0,0,0,0,0
S01008180,All people aged 16 and over in households,381,264,242,22,117,90,0,6,10,11
S01008180,16 to 24,67,0,0,0,67,67,0,0,0,0
S01008180,25 to 34,35,21,20,1,14,13,0,1,0,0
S01008180,35 to 49,117,103,91,12,14,7,0,3,4,0
S01008180,50 to 64,141,129,120,9,12,2,0,2,5,3
S01008180,65 to 74,14,10,10,0,4,0,0,0,0,4
S01008180,75 to 84,6,1,1,0,5,1,0,0,1,3
S01008180,85 and over,1,0,0,0,1,0,0,0,0,1
S01008181,All people aged 16 and over in households,579,378,340,38,201,122,4,9,21,45
S01008181,16 to 24,85,5,0,5,80,79,0,1,0,0
S01008181,25 to 34,40,20,12,8,20,19,0,0,1,0
S01008181,35 to 49,130,108,92,16,22,11,0,3,8,0
S01008181,50 to 64,174,147,140,7,27,6,1,3,10,7
S01008181,65 to 74,86,66,64,2,20,2,1,2,2,13
S01008181,75 to 84,47,28,28,0,19,4,2,0,0,13
S01008181,85 and over,17,4,4,0,13,1,0,0,0,12
S01008182,All people aged 16 and over in households,833,386,226,160,447,265,4,28,87,63
S01008182,16 to 24,100,35,0,35,65,63,0,0,0,2
S01008182,25 to 34,195,109,35,74,86,84,0,0,2,0
S01008182,35 to 49,199,84,49,35,115,80,1,13,21,0
S01008182,50 to 64,201,107,93,14,94,32,1,11,43,7
S01008182,65 to 74,59,33,31,2,26,1,0,2,12,11
S01008182,75 to 84,59,18,18,0,41,4,2,2,9,24
S01008182,85 and over,20,0,0,0,20,1,0,0,0,19
S01008183,All people aged 16 and over in households,521,292,226,66,229,141,4,25,20,39
S01008183,16 to 24,78,7,0,7,71,71,0,0,0,0
S01008183,25 to 34,70,39,19,20,31,27,0,3,1,0
S01008183,35 to 49,182,130,105,25,52,27,2,11,7,5
S01008183,50 to 64,100,69,56,13,31,6,1,10,9,5
S01008183,65 to 74,46,29,28,1,17,4,0,1,3,9
S01008183,75 to 84,38,16,16,0,22,5,1,0,0,16
S01008183,85 and over,7,2,2,0,5,1,0,0,0,4
S01008184,All people aged 16 and over in households,735,344,228,116,391,209,1,23,63,95
S01008184,16 to 24,77,21,3,18,56,56,0,0,0,0
S01008184,25 to 34,140,71,33,38,69,69,0,0,0,0
S01008184,35 to 49,151,78,49,29,73,46,0,5,20,2
S01008184,50 to 64,155,93,73,20,62,18,0,13,27,4
S01008184,65 to 74,83,42,34,8,41,10,0,2,10,19
S01008184,75 to 84,92,33,31,2,59,7,1,3,5,43
S01008184,85 and over,37,6,5,1,31,3,0,0,1,27
S01008185,All people aged 16 and over in households,887,410,300,110,477,265,7,24,95,86
S01008185,16 to 24,98,19,2,17,79,79,0,0,0,0
S01008185,25 to 34,155,91,51,40,64,59,2,0,3,0
S01008185,35 to 49,221,105,70,35,116,75,3,11,25,2
S01008185,50 to 64,197,93,80,13,104,29,0,12,48,15
S01008185,65 to 74,91,54,51,3,37,10,0,1,12,14
S01008185,75 to 84,84,37,35,2,47,8,2,0,4,33
S01008185,85 and over,41,11,11,0,30,5,0,0,3,22
S01008186,All people aged 16 and over in households,561,266,172,94,295,172,6,20,46,51
S01008186,16 to 24,74,21,1,20,53,52,0,0,1,0
S01008186,25 to 34,111,54,21,33,57,48,3,5,1,0
S01008186,35 to 49,142,84,50,34,58,42,1,9,5,1
S01008186,50 to 64,107,57,50,7,50,17,2,5,23,3
S01008186,65 to 74,55,30,30,0,25,6,0,0,10,9
S01008186,75 to 84,60,20,20,0,40,7,0,1,4,28
S01008186,85 and over,12,0,0,0,12,0,0,0,2,10
S01008187,All people aged 16 and over in households,501,252,194,58,249,161,3,11,36,38
S01008187,16 to 24,84,7,0,7,77,77,0,0,0,0
S01008187,25 to 34,70,40,15,25,30,29,1,0,0,0
S01008187,35 to 49,154,94,75,19,60,34,0,10,15,1
S01008187,50 to 64,98,67,60,7,31,12,0,1,17,1
S01008187,65 to 74,48,25,25,0,23,7,2,0,0,14
S01008187,75 to 84,36,17,17,0,19,1,0,0,4,14
S01008187,85 and over,11,2,2,0,9,1,0,0,0,8
S01008188,All people aged 16 and over in households,769,348,248,100,421,223,8,32,65,93
S01008188,16 to 24,112,22,3,19,90,90,0,0,0,0
S01008188,25 to 34,123,64,33,31,59,55,1,3,0,0
S01008188,35 to 49,182,104,74,30,78,43,2,19,14,0
S01008188,50 to 64,153,82,69,13,71,19,0,7,34,11
S01008188,65 to 74,73,43,37,6,30,4,0,0,11,15
S01008188,75 to 84,86,30,29,1,56,8,4,2,6,36
S01008188,85 and over,40,3,3,0,37,4,1,1,0,31
S01008189,All people aged 16 and over in households,491,276,258,18,215,118,5,14,30,48
S01008189,16 to 24,49,4,1,3,45,45,0,0,0,0
S01008189,25 to 34,61,22,14,8,39,38,0,0,0,1
S01008189,35 to 49,112,71,68,3,41,20,1,7,11,2
S01008189,50 to 64,135,97,95,2,38,10,3,7,14,4
S01008189,65 to 74,74,55,53,2,19,3,1,0,4,11
S01008189,75 to 84,48,23,23,0,25,2,0,0,1,22
S01008189,85 and over,12,4,4,0,8,0,0,0,0,8
S01008190,All people aged 16 and over in households,709,368,300,68,341,197,3,20,65,56
S01008190,16 to 24,112,4,0,4,108,107,0,1,0,0
S01008190,25 to 34,75,42,18,24,33,29,0,3,0,1
S01008190,35 to 49,182,110,82,28,72,39,2,8,23,0
S01008190,50 to 64,193,140,129,11,53,11,0,7,26,9
S01008190,65 to 74,80,50,49,1,30,5,0,1,13,11
S01008190,75 to 84,58,19,19,0,39,5,1,0,3,30
S01008190,85 and over,9,3,3,0,6,1,0,0,0,5
S01008191,All people aged 16 and over in households,383,218,184,34,165,107,1,8,25,24
S01008191,16 to 24,72,3,0,3,69,69,0,0,0,0
S01008191,25 to 34,34,10,5,5,24,23,0,1,0,0
S01008191,35 to 49,93,76,57,19,17,6,0,4,6,1
S01008191,50 to 64,92,71,66,5,21,3,0,3,13,2
S01008191,65 to 74,62,47,45,2,15,4,0,0,5,6
S01008191,75 to 84,24,11,11,0,13,2,0,0,1,10
S01008191,85 and over,6,0,0,0,6,0,1,0,0,5
S01008192,All people aged 16 and over in households,669,374,270,104,295,191,3,16,50,35
S01008192,16 to 24,102,9,3,6,93,92,0,0,0,1
S01008192,25 to 34,121,79,24,55,42,40,0,1,1,0
S01008192,35 to 49,177,111,80,31,66,35,0,9,20,2
S01008192,50 to 64,168,121,109,12,47,19,2,5,17,4
S01008192,65 to 74,58,34,34,0,24,4,1,0,9,10
S01008192,75 to 84,32,18,18,0,14,0,0,0,2,12
S01008192,85 and over,11,2,2,0,9,1,0,1,1,6
S01008193,All people aged 16 and over in households,642,400,318,82,242,146,4,6,37,49
S01008193,16 to 24,86,8,1,7,78,78,0,0,0,0
S01008193,25 to 34,61,40,14,26,21,18,1,0,2,0
S01008193,35 to 49,183,142,106,36,41,22,0,4,12,3
S01008193,50 to 64,175,137,124,13,38,14,1,2,15,6
S01008193,65 to 74,54,34,34,0,20,5,0,0,4,11
S01008193,75 to 84,65,33,33,0,32,6,2,0,4,20
S01008193,85 and over,18,6,6,0,12,3,0,0,0,9
S01008194,All people aged 16 and over in households,466,300,222,78,166,109,2,3,21,31
S01008194,16 to 24,55,9,1,8,46,46,0,0,0,0
S01008194,25 to 34,70,48,29,19,22,21,0,0,1,0
S01008194,35 to 49,132,89,57,32,43,28,0,2,12,1
S01008194,50 to 64,127,106,88,18,21,8,1,1,5,6
S01008194,65 to 74,52,37,36,1,15,5,0,0,1,9
S01008194,75 to 84,24,10,10,0,14,1,1,0,2,10
S01008194,85 and over,6,1,1,0,5,0,0,0,0,5
S01008195,All people aged 16 and over in households,623,348,250,98,275,186,4,16,40,29
S01008195,16 to 24,116,23,1,22,93,93,0,0,0,0
S01008195,25 to 34,134,78,44,34,56,49,0,4,2,1
S01008195,35 to 49,185,121,84,37,64,35,0,9,19,1
S01008195,50 to 64,124,89,85,4,35,8,3,3,15,6
S01008195,65 to 74,31,19,18,1,12,0,0,0,1,11
S01008195,75 to 84,26,12,12,0,14,1,1,0,3,9
S01008195,85 and over,7,6,6,0,1,0,0,0,0,1
S01008196,All people aged 16 and over in households,596,305,228,77,291,195,6,14,52,24
S01008196,16 to 24,118,19,4,15,99,98,1,0,0,0
S01008196,25 to 34,106,60,38,22,46,39,2,3,2,0
S01008196,35 to 49,170,106,74,32,64,36,1,5,21,1
S01008196,50 to 64,124,67,61,6,57,19,1,6,25,6
S01008196,65 to 74,37,28,26,2,9,2,0,0,3,4
S01008196,75 to 84,32,23,23,0,9,0,1,0,1,7
S01008196,85 and over,9,2,2,0,7,1,0,0,0,6
S01008197,All people aged 16 and over in households,740,540,318,222,200,150,3,24,19,4
S01008197,16 to 24,118,46,6,40,72,71,1,0,0,0
S01008197,25 to 34,272,218,116,102,54,47,1,5,1,0
S01008197,35 to 49,245,196,128,68,49,29,0,10,10,0
S01008197,50 to 64,83,64,53,11,19,3,1,9,5,1
S01008197,65 to 74,13,10,9,1,3,0,0,0,2,1
S01008197,75 to 84,8,6,6,0,2,0,0,0,1,1
S01008197,85 and over,1,0,0,0,1,0,0,0,0,1
S01008198,All people aged 16 and over in households,575,320,272,48,255,133,4,20,41,57
S01008198,16 to 24,73,5,1,4,68,66,1,0,1,0
S01008198,25 to 34,70,28,15,13,42,36,1,4,1,0
S01008198,35 to 49,144,95,73,22,49,19,0,12,18,0
S01008198,50 to 64,141,108,100,8,33,10,1,3,10,9
S01008198,65 to 74,86,58,57,1,28,2,0,1,9,16
S01008198,75 to 84,48,23,23,0,25,0,1,0,2,22
S01008198,85 and over,13,3,3,0,10,0,0,0,0,10
S01008199,All people aged 16 and over in households,608,366,276,90,242,161,3,15,41,22
S01008199,16 to 24,98,17,2,15,81,80,0,1,0,0
S01008199,25 to 34,111,60,36,24,51,47,0,3,1,0
S01008199,35 to 49,156,116,83,33,40,18,0,5,16,1
S01008199,50 to 64,162,122,106,16,40,9,2,6,18,5
S01008199,65 to 74,54,37,35,2,17,6,1,0,5,5
S01008199,75 to 84,18,9,9,0,9,0,0,0,1,8
S01008199,85 and over,9,5,5,0,4,1,0,0,0,3
S01008200,All people aged 16 and over in households,511,264,226,38,247,129,3,11,37,67
S01008200,16 to 24,55,1,1,0,54,53,1,0,0,0
S01008200,25 to 34,57,22,10,12,35,29,1,1,3,1
S01008200,35 to 49,128,76,63,13,52,32,0,5,14,1
S01008200,50 to 64,107,71,62,9,36,9,1,4,13,9
S01008200,65 to 74,94,62,59,3,32,4,0,1,5,22
S01008200,75 to 84,57,29,28,1,28,1,0,0,2,25
S01008200,85 and over,13,3,3,0,10,1,0,0,0,9
S01008201,All people aged 16 and over in households,632,330,252,78,302,184,3,15,51,49
S01008201,16 to 24,92,19,1,18,73,73,0,0,0,0
S01008201,25 to 34,80,48,23,25,32,32,0,0,0,0
S01008201,35 to 49,172,97,74,23,75,52,1,12,8,2
S01008201,50 to 64,171,110,103,7,61,17,2,3,32,7
S01008201,65 to 74,67,38,34,4,29,5,0,0,9,15
S01008201,75 to 84,41,15,14,1,26,4,0,0,2,20
S01008201,85 and over,9,3,3,0,6,1,0,0,0,5
S01008202,All people aged 16 and over in households,487,294,252,42,193,99,1,10,37,46
S01008202,16 to 24,59,3,0,3,56,56,0,0,0,0
S01008202,25 to 34,37,17,11,6,20,19,0,0,0,1
S01008202,35 to 49,136,109,82,27,27,9,0,4,12,2
S01008202,50 to 64,125,94,88,6,31,9,0,2,19,1
S01008202,65 to 74,68,47,47,0,21,2,0,2,5,12
S01008202,75 to 84,45,23,23,0,22,4,0,2,0,16
S01008202,85 and over,17,1,1,0,16,0,1,0,1,14
S01008203,All people aged 16 and over in households,460,208,146,62,252,147,6,24,41,34
S01008203,16 to 24,78,14,0,14,64,64,0,0,0,0
S01008203,25 to 34,81,37,23,14,44,37,0,4,3,0
S01008203,35 to 49,126,69,47,22,57,32,0,7,16,2
S01008203,50 to 64,87,49,43,6,38,9,3,10,10,6
S01008203,65 to 74,52,25,19,6,27,2,3,1,9,12
S01008203,75 to 84,34,14,14,0,20,3,0,2,3,12
S01008203,85 and over,2,0,0,0,2,0,0,0,0,2
S01008204,All people aged 16 and over in households,776,417,353,64,359,160,4,15,64,116
S01008204,16 to 24,48,1,0,1,47,47,0,0,0,0
S01008204,25 to 34,68,34,22,12,34,32,0,1,1,0
S01008204,35 to 49,187,115,88,27,72,46,0,8,18,0
S01008204,50 to 64,172,110,94,16,62,17,0,3,23,19
S01008204,65 to 74,165,100,93,7,65,10,2,2,14,37
S01008204,75 to 84,105,48,47,1,57,7,2,1,5,42
S01008204,85 and over,31,9,9,0,22,1,0,0,3,18
S01008205,All people aged 16 and over in households,565,346,298,48,219,135,2,14,21,47
S01008205,16 to 24,82,6,0,6,76,75,0,0,0,1
S01008205,25 to 34,55,27,22,5,28,22,1,5,0,0
S01008205,35 to 49,152,117,91,26,35,21,1,4,9,0
S01008205,50 to 64,157,125,117,8,32,11,0,4,9,8
S01008205,65 to 74,66,48,45,3,18,2,0,1,3,12
S01008205,75 to 84,36,19,19,0,17,3,0,0,0,14
S01008205,85 and over,17,4,4,0,13,1,0,0,0,12
S01008206,All people aged 16 and over in households,529,298,244,54,231,115,3,17,39,57
S01008206,16 to 24,58,9,1,8,49,49,0,0,0,0
S01008206,25 to 34,58,34,15,19,24,23,0,1,0,0
S01008206,35 to 49,134,86,62,24,48,22,1,10,14,1
S01008206,50 to 64,141,95,92,3,46,14,2,4,19,7
S01008206,65 to 74,73,51,51,0,22,4,0,2,3,13
S01008206,75 to 84,48,22,22,0,26,2,0,0,2,22
S01008206,85 and over,17,1,1,0,16,1,0,0,1,14
S01008207,All people aged 16 and over in households,453,252,196,56,201,124,0,19,40,18
S01008207,16 to 24,72,11,3,8,61,61,0,0,0,0
S01008207,25 to 34,69,36,19,17,33,31,0,2,0,0
S01008207,35 to 49,156,104,82,22,52,28,0,8,15,1
S01008207,50 to 64,88,58,49,9,30,2,0,8,16,4
S01008207,65 to 74,49,37,37,0,12,1,0,1,5,5
S01008207,75 to 84,14,5,5,0,9,1,0,0,3,5
S01008207,85 and over,5,1,1,0,4,0,0,0,1,3
S01008208,All people aged 16 and over in households,622,418,280,138,204,135,4,20,33,12
S01008208,16 to 24,96,34,5,29,62,62,0,0,0,0
S01008208,25 to 34,178,123,67,56,55,46,2,5,2,0
S01008208,35 to 49,196,151,112,39,45,20,1,9,14,1
S01008208,50 to 64,105,78,67,11,27,3,1,5,14,4
S01008208,65 to 74,32,23,21,2,9,3,0,1,1,4
S01008208,75 to 84,14,8,7,1,6,1,0,0,2,3
S01008208,85 and over,1,1,1,0,0,0,0,0,0,0
S01008209,All people aged 16 and over in households,412,298,210,88,114,82,4,9,12,7
S01008209,16 to 24,52,2,0,2,50,50,0,0,0,0
S01008209,25 to 34,107,88,47,41,19,16,0,3,0,0
S01008209,35 to 49,153,124,83,41,29,12,1,4,10,2
S01008209,50 to 64,76,67,63,4,9,3,2,1,1,2
S01008209,65 to 74,20,17,17,0,3,0,0,1,1,1
S01008209,75 to 84,3,0,0,0,3,0,1,0,0,2
S01008209,85 and over,1,0,0,0,1,1,0,0,0,0
S01008210,All people aged 16 and over in households,753,461,360,101,292,164,5,29,41,53
S01008210,16 to 24,97,20,0,20,77,76,0,0,0,1
S01008210,25 to 34,84,48,20,28,36,31,0,3,2,0
S01008210,35 to 49,205,142,114,28,63,37,1,15,7,3
S01008210,50 to 64,213,159,142,17,54,15,2,10,22,5
S01008210,65 to 74,86,64,59,5,22,2,2,0,6,12
S01008210,75 to 84,52,26,23,3,26,2,0,1,4,19
S01008210,85 and over,16,2,2,0,14,1,0,0,0,13
S01008211,All people aged 16 and over in households,744,416,326,90,328,195,8,22,51,52
S01008211,16 to 24,90,10,2,8,80,80,0,0,0,0
S01008211,25 to 34,90,46,12,34,44,41,1,1,1,0
S01008211,35 to 49,205,136,109,27,69,42,1,10,16,0
S01008211,50 to 64,194,141,127,14,53,14,4,9,24,2
S01008211,65 to 74,86,59,54,5,27,8,0,1,6,12
S01008211,75 to 84,49,16,14,2,33,8,0,0,3,22
S01008211,85 and over,30,8,8,0,22,2,2,1,1,16
S01008212,All people aged 16 and over in households,447,310,268,42,137,92,3,7,22,13
S01008212,16 to 24,63,5,0,5,58,58,0,0,0,0
S01008212,25 to 34,43,23,19,4,20,20,0,0,0,0
S01008212,35 to 49,156,139,115,24,17,6,2,3,5,1
S01008212,50 to 64,141,113,104,9,28,6,1,4,12,5
S01008212,65 to 74,30,22,22,0,8,1,0,0,4,3
S01008212,75 to 84,12,8,8,0,4,1,0,0,1,2
S01008212,85 and over,2,0,0,0,2,0,0,0,0,2
S01008213,All people aged 16 and over in households,777,536,478,58,241,160,3,9,34,35
S01008213,16 to 24,111,5,1,4,106,106,0,0,0,0
S01008213,25 to 34,77,52,41,11,25,21,0,1,3,0
S01008213,35 to 49,308,262,235,27,46,20,3,7,13,3
S01008213,50 to 64,160,130,119,11,30,8,0,1,14,7
S01008213,65 to 74,89,71,66,5,18,3,0,0,2,13
S01008213,75 to 84,27,16,16,0,11,2,0,0,2,7
S01008213,85 and over,5,0,0,0,5,0,0,0,0,5
S01008214,All people aged 16 and over in households,605,372,318,54,233,103,6,17,44,63
S01008214,16 to 24,52,11,1,10,41,41,0,0,0,0
S01008214,25 to 34,57,37,22,15,20,18,1,1,0,0
S01008214,35 to 49,137,88,72,16,49,23,0,10,16,0
S01008214,50 to 64,166,121,114,7,45,12,2,5,22,4
S01008214,65 to 74,88,66,60,6,22,6,1,1,3,11
S01008214,75 to 84,77,42,42,0,35,3,2,0,3,27
S01008214,85 and over,28,7,7,0,21,0,0,0,0,21
S01008215,All people aged 16 and over in households,620,402,310,92,218,135,1,13,33,36
S01008215,16 to 24,77,12,0,12,65,65,0,0,0,0
S01008215,25 to 34,82,49,16,33,33,30,0,1,2,0
S01008215,35 to 49,185,147,116,31,38,22,1,5,10,0
S01008215,50 to 64,147,108,95,13,39,15,0,6,13,5
S01008215,65 to 74,62,43,40,3,19,2,0,1,5,11
S01008215,75 to 84,58,38,38,0,20,1,0,0,3,16
S01008215,85 and over,9,5,5,0,4,0,0,0,0,4
S01008216,All people aged 16 and over in households,419,280,252,28,139,87,4,10,14,24
S01008216,16 to 24,66,2,0,2,64,63,1,0,0,0
S01008216,25 to 34,35,19,15,4,16,15,0,1,0,0
S01008216,35 to 49,126,109,95,14,17,5,3,5,3,1
S01008216,50 to 64,140,120,114,6,20,4,0,4,10,2
S01008216,65 to 74,29,17,15,2,12,0,0,0,1,11
S01008216,75 to 84,20,10,10,0,10,0,0,0,0,10
S01008216,85 and over,3,3,3,0,0,0,0,0,0,0
S01008217,All people aged 16 and over in households,456,344,304,40,112,66,2,6,15,23
S01008217,16 to 24,49,5,0,5,44,44,0,0,0,0
S01008217,25 to 34,45,33,28,5,12,11,0,0,1,0
S01008217,35 to 49,120,107,94,13,13,6,2,1,3,1
S01008217,50 to 64,134,117,101,16,17,2,0,5,9,1
S01008217,65 to 74,74,63,62,1,11,2,0,0,1,8
S01008217,75 to 84,27,17,17,0,10,0,0,0,1,9
S01008217,85 and over,7,2,2,0,5,1,0,0,0,4
S01008218,All people aged 16 and over in households,817,610,510,100,207,146,6,17,17,21
S01008218,16 to 24,103,3,0,3,100,100,0,0,0,0
S01008218,25 to 34,80,49,28,21,31,26,2,2,1,0
S01008218,35 to 49,366,331,264,67,35,14,1,10,8,2
S01008218,50 to 64,185,159,150,9,26,6,2,5,6,7
S01008218,65 to 74,52,45,45,0,7,0,0,0,2,5
S01008218,75 to 84,25,23,23,0,2,0,0,0,0,2
S01008218,85 and over,6,0,0,0,6,0,1,0,0,5
S01008219,All people aged 16 and over in households,781,464,342,122,317,206,1,21,46,43
S01008219,16 to 24,127,27,3,24,100,99,0,1,0,0
S01008219,25 to 34,122,67,22,45,55,53,0,0,1,1
S01008219,35 to 49,215,146,115,31,69,35,0,11,21,2
S01008219,50 to 64,201,155,135,20,46,13,0,7,20,6
S01008219,65 to 74,76,54,52,2,22,4,1,2,4,11
S01008219,75 to 84,32,13,13,0,19,2,0,0,0,17
S01008219,85 and over,8,2,2,0,6,0,0,0,0,6
S01008220,All people aged 16 and over in households,459,224,168,56,235,155,1,9,41,29
S01008220,16 to 24,94,10,4,6,84,84,0,0,0,0
S01008220,25 to 34,58,24,16,8,34,29,1,3,1,0
S01008220,35 to 49,150,105,72,33,45,26,0,3,15,1
S01008220,50 to 64,110,67,59,8,43,13,0,3,20,7
S01008220,65 to 74,28,14,13,1,14,2,0,0,4,8
S01008220,75 to 84,13,4,4,0,9,1,0,0,1,7
S01008220,85 and over,6,0,0,0,6,0,0,0,0,6
S01008221,All people aged 16 and over in households,539,266,172,94,273,170,4,19,50,30
S01008221,16 to 24,91,16,0,16,75,74,1,0,0,0
S01008221,25 to 34,114,59,20,39,55,49,0,1,5,0
S01008221,35 to 49,148,88,60,28,60,31,2,9,18,0
S01008221,50 to 64,111,66,57,9,45,15,0,5,21,4
S01008221,65 to 74,36,21,20,1,15,1,1,3,3,7
S01008221,75 to 84,28,11,10,1,17,0,0,1,3,13
S01008221,85 and over,11,5,5,0,6,0,0,0,0,6
S01008222,All people aged 16 and over in households,506,268,216,52,238,124,4,8,37,65
S01008222,16 to 24,65,9,2,7,56,56,0,0,0,0
S01008222,25 to 34,56,30,21,9,26,25,0,0,1,0
S01008222,35 to 49,122,81,65,16,41,22,1,4,14,0
S01008222,50 to 64,102,70,54,16,32,12,2,2,11,5
S01008222,65 to 74,83,46,42,4,37,7,1,2,8,19
S01008222,75 to 84,60,28,28,0,32,1,0,0,3,28
S01008222,85 and over,18,4,4,0,14,1,0,0,0,13
S01008223,All people aged 16 and over in households,510,304,242,62,206,110,1,14,26,55
S01008223,16 to 24,54,7,1,6,47,47,0,0,0,0
S01008223,25 to 34,55,33,15,18,22,18,0,3,1,0
S01008223,35 to 49,113,82,60,22,31,22,0,5,4,0
S01008223,50 to 64,131,98,88,10,33,16,0,3,11,3
S01008223,65 to 74,81,54,48,6,27,3,1,2,7,14
S01008223,75 to 84,55,26,26,0,29,2,0,1,3,23
S01008223,85 and over,21,4,4,0,17,2,0,0,0,15
S01008224,All people aged 16 and over in households,783,544,438,106,239,141,2,12,39,45
S01008224,16 to 24,96,23,1,22,73,73,0,0,0,0
S01008224,25 to 34,129,83,38,45,46,40,0,4,2,0
S01008224,35 to 49,191,161,139,22,30,17,0,2,11,0
S01008224,50 to 64,244,205,188,17,39,7,1,5,22,4
S01008224,65 to 74,71,56,56,0,15,2,0,0,2,11
S01008224,75 to 84,43,14,14,0,29,2,0,1,2,24
S01008224,85 and over,9,2,2,0,7,0,1,0,0,6
S01008225,All people aged 16 and over in households,594,372,314,58,222,141,1,15,32,33
S01008225,16 to 24,98,11,0,11,87,86,0,0,0,1
S01008225,25 to 34,63,31,17,14,32,27,0,2,2,1
S01008225,35 to 49,149,117,93,24,32,19,0,6,7,0
S01008225,50 to 64,184,152,146,6,32,6,0,6,12,8
S01008225,65 to 74,64,45,42,3,19,3,0,1,10,5
S01008225,75 to 84,28,14,14,0,14,0,0,0,1,13
S01008225,85 and over,8,2,2,0,6,0,1,0,0,5
S01008226,All people aged 16 and over in households,638,316,240,76,322,165,2,23,54,78
S01008226,16 to 24,70,10,2,8,60,60,0,0,0,0
S01008226,25 to 34,84,43,21,22,41,40,0,1,0,0
S01008226,35 to 49,146,92,71,21,54,27,1,11,14,1
S01008226,50 to 64,161,104,85,19,57,21,0,8,24,4
S01008226,65 to 74,60,25,21,4,35,14,1,0,12,8
S01008226,75 to 84,93,38,36,2,55,3,0,3,4,45
S01008226,85 and over,24,4,4,0,20,0,0,0,0,20
S01008227,All people aged 16 and over in households,681,392,320,72,289,156,2,30,59,42
S01008227,16 to 24,78,6,0,6,72,71,0,1,0,0
S01008227,25 to 34,99,57,30,27,42,37,0,2,3,0
S01008227,35 to 49,166,102,84,18,64,30,1,16,16,1
S01008227,50 to 64,157,106,93,13,51,8,0,9,27,7
S01008227,65 to 74,121,89,83,6,32,3,0,2,9,18
S01008227,75 to 84,47,31,29,2,16,3,1,0,2,10
S01008227,85 and over,13,1,1,0,12,4,0,0,2,6
S01008228,All people aged 16 and over in households,538,354,292,62,184,104,1,16,23,40
S01008228,16 to 24,62,6,0,6,56,56,0,0,0,0
S01008228,25 to 34,60,37,20,17,23,22,0,1,0,0
S01008228,35 to 49,163,124,92,32,39,20,0,5,11,3
S01008228,50 to 64,124,104,97,7,20,4,0,8,6,2
S01008228,65 to 74,69,50,50,0,19,2,0,2,4,11
S01008228,75 to 84,48,33,33,0,15,0,1,0,2,12
S01008228,85 and over,12,0,0,0,12,0,0,0,0,12
S01008229,All people aged 16 and over in households,551,320,248,72,231,132,1,14,37,47
S01008229,16 to 24,85,17,1,16,68,68,0,0,0,0
S01008229,25 to 34,78,51,27,24,27,27,0,0,0,0
S01008229,35 to 49,138,86,65,21,52,27,0,6,15,4
S01008229,50 to 64,126,92,83,9,34,5,0,6,14,9
S01008229,65 to 74,89,57,55,2,32,3,0,2,4,23
S01008229,75 to 84,32,17,17,0,15,2,1,0,3,9
S01008229,85 and over,3,0,0,0,3,0,0,0,1,2
S01008230,All people aged 16 and over in households,614,428,318,110,186,128,7,11,21,19
S01008230,16 to 24,85,20,3,17,65,64,0,1,0,0
S01008230,25 to 34,131,93,60,33,38,31,4,1,2,0
S01008230,35 to 49,242,207,162,45,35,22,1,6,4,2
S01008230,50 to 64,123,92,79,13,31,7,2,3,15,4
S01008230,65 to 74,23,14,12,2,9,2,0,0,0,7
S01008230,75 to 84,9,2,2,0,7,2,0,0,0,5
S01008230,85 and over,1,0,0,0,1,0,0,0,0,1
S01008231,All people aged 16 and over in households,524,420,352,68,104,83,1,2,12,6
S01008231,16 to 24,63,6,0,6,57,57,0,0,0,0
S01008231,25 to 34,103,81,62,19,22,20,1,1,0,0
S01008231,35 to 49,271,262,231,31,9,4,0,1,4,0
S01008231,50 to 64,72,60,48,12,12,2,0,0,7,3
S01008231,65 to 74,12,10,10,0,2,0,0,0,0,2
S01008231,75 to 84,3,1,1,0,2,0,0,0,1,1
S01008231,85 and over,0,0,0,0,0,0,0,0,0,0
S01008232,All people aged 16 and over in households,486,340,238,102,146,99,7,11,19,10
S01008232,16 to 24,81,23,1,22,58,57,0,0,0,1
S01008232,25 to 34,147,113,71,42,34,27,6,1,0,0
S01008232,35 to 49,191,158,127,31,33,12,1,7,10,3
S01008232,50 to 64,54,40,33,7,14,2,0,3,9,0
S01008232,65 to 74,7,5,5,0,2,0,0,0,0,2
S01008232,75 to 84,5,1,1,0,4,1,0,0,0,3
S01008232,85 and over,1,0,0,0,1,0,0,0,0,1
S01008233,All people aged 16 and over in households,350,264,204,60,86,55,7,4,11,9
S01008233,16 to 24,42,10,2,8,32,32,0,0,0,0
S01008233,25 to 34,100,86,66,20,14,6,6,2,0,0
S01008233,35 to 49,115,95,81,14,20,14,0,1,5,0
S01008233,50 to 64,66,51,37,14,15,2,1,1,6,5
S01008233,65 to 74,21,18,14,4,3,0,0,0,0,3
S01008233,75 to 84,6,4,4,0,2,1,0,0,0,1
S01008233,85 and over,0,0,0,0,0,0,0,0,0,0
S01008234,All people aged 16 and over in households,340,198,162,36,142,76,2,7,27,30
S01008234,16 to 24,38,4,0,4,34,34,0,0,0,0
S01008234,25 to 34,23,7,3,4,16,15,0,0,0,1
S01008234,35 to 49,87,57,37,20,30,15,0,2,13,0
S01008234,50 to 64,85,58,54,4,27,6,1,5,11,4
S01008234,65 to 74,65,52,48,4,13,4,0,0,2,7
S01008234,75 to 84,37,18,18,0,19,2,1,0,1,15
S01008234,85 and over,5,2,2,0,3,0,0,0,0,3
S01008235,All people aged 16 and over in households,690,442,360,82,248,131,5,10,34,68
S01008235,16 to 24,78,11,1,10,67,67,0,0,0,0
S01008235,25 to 34,59,40,25,15,19,17,2,0,0,0
S01008235,35 to 49,197,146,118,28,51,29,1,5,13,3
S01008235,50 to 64,168,128,109,19,40,15,0,5,12,8
S01008235,65 to 74,95,76,66,10,19,1,0,0,6,12
S01008235,75 to 84,71,36,36,0,35,1,1,0,3,30
S01008235,85 and over,22,5,5,0,17,1,1,0,0,15
S01008236,All people aged 16 and over in households,691,426,364,62,265,147,3,18,47,50
S01008236,16 to 24,64,8,0,8,56,56,0,0,0,0
S01008236,25 to 34,86,46,27,19,40,39,0,1,0,0
S01008236,35 to 49,188,130,109,21,58,30,0,10,15,3
S01008236,50 to 64,194,151,140,11,43,14,0,7,18,4
S01008236,65 to 74,95,66,63,3,29,6,1,0,9,13
S01008236,75 to 84,50,21,21,0,29,2,2,0,4,21
S01008236,85 and over,14,4,4,0,10,0,0,0,1,9
S01008237,All people aged 16 and over in households,695,418,328,90,277,159,6,30,47,35
S01008237,16 to 24,83,10,0,10,73,73,0,0,0,0
S01008237,25 to 34,93,53,27,26,40,32,2,5,1,0
S01008237,35 to 49,216,151,116,35,65,30,0,15,19,1
S01008237,50 to 64,166,118,101,17,48,15,2,7,18,6
S01008237,65 to 74,89,64,63,1,25,5,1,2,5,12
S01008237,75 to 84,41,20,19,1,21,4,1,1,4,11
S01008237,85 and over,7,2,2,0,5,0,0,0,0,5
S01008238,All people aged 16 and over in households,631,388,308,80,243,128,1,14,36,64
S01008238,16 to 24,73,20,5,15,53,53,0,0,0,0
S01008238,25 to 34,73,38,13,25,35,32,0,2,1,0
S01008238,35 to 49,170,118,92,26,52,28,0,8,13,3
S01008238,50 to 64,144,112,102,10,32,12,0,3,12,5
S01008238,65 to 74,91,67,65,2,24,3,0,1,5,15
S01008238,75 to 84,60,30,28,2,30,0,0,0,3,27
S01008238,85 and over,20,3,3,0,17,0,1,0,2,14
S01008239,All people aged 16 and over in households,628,418,348,70,210,111,5,20,25,49
S01008239,16 to 24,71,11,1,10,60,60,0,0,0,0
S01008239,25 to 34,76,53,34,19,23,18,1,4,0,0
S01008239,35 to 49,166,122,101,21,44,21,1,9,12,1
S01008239,50 to 64,179,146,129,17,33,9,2,6,8,8
S01008239,65 to 74,76,60,57,3,16,3,0,0,4,9
S01008239,75 to 84,50,25,25,0,25,0,1,1,0,23
S01008239,85 and over,10,1,1,0,9,0,0,0,1,8
S01008240,All people aged 16 and over in households,732,548,512,36,184,107,3,7,26,41
S01008240,16 to 24,69,1,1,0,68,68,0,0,0,0
S01008240,25 to 34,47,28,19,9,19,19,0,0,0,0
S01008240,35 to 49,183,164,151,13,19,11,1,1,6,0
S01008240,50 to 64,237,207,193,14,30,3,1,3,17,6
S01008240,65 to 74,130,112,112,0,18,5,0,1,2,10
S01008240,75 to 84,53,30,30,0,23,1,0,2,1,19
S01008240,85 and over,13,6,6,0,7,0,1,0,0,6
S01008241,All people aged 16 and over in households,557,414,384,30,143,83,2,8,12,38
S01008241,16 to 24,55,3,0,3,52,52,0,0,0,0
S01008241,25 to 34,31,14,8,6,17,17,0,0,0,0
S01008241,35 to 49,100,87,79,8,13,9,0,2,2,0
S01008241,50 to 64,209,186,174,12,23,3,2,5,6,7
S01008241,65 to 74,106,93,93,0,13,1,0,1,4,7
S01008241,75 to 84,38,25,24,1,13,1,0,0,0,12
S01008241,85 and over,18,6,6,0,12,0,0,0,0,12
S01008242,All people aged 16 and over in households,787,520,456,64,267,125,4,9,48,81
S01008242,16 to 24,58,7,0,7,51,51,0,0,0,0
S01008242,25 to 34,51,28,13,15,23,23,0,0,0,0
S01008242,35 to 49,174,128,108,20,46,27,1,2,16,0
S01008242,50 to 64,239,192,171,21,47,17,1,6,20,3
S01008242,65 to 74,123,104,103,1,19,4,0,1,5,9
S01008242,75 to 84,88,47,47,0,41,2,0,0,3,36
S01008242,85 and over,54,14,14,0,40,1,2,0,4,33
S01008243,All people aged 16 and over in households,705,504,460,44,201,103,8,18,35,37
S01008243,16 to 24,65,5,0,5,60,60,0,0,0,0
S01008243,25 to 34,55,39,27,12,16,15,1,0,0,0
S01008243,35 to 49,274,234,217,17,40,11,5,9,13,2
S01008243,50 to 64,172,142,134,8,30,7,0,5,14,4
S01008243,65 to 74,81,57,55,2,24,2,0,3,6,13
S01008243,75 to 84,39,21,21,0,18,5,0,1,1,11
S01008243,85 and over,19,6,6,0,13,3,2,0,1,7
S01008244,All people aged 16 and over in households,466,308,282,26,158,75,3,7,32,41
S01008244,16 to 24,36,1,0,1,35,35,0,0,0,0
S01008244,25 to 34,20,14,10,4,6,6,0,0,0,0
S01008244,35 to 49,142,113,102,11,29,19,0,2,8,0
S01008244,50 to 64,119,84,76,8,35,10,1,2,17,5
S01008244,65 to 74,89,66,66,0,23,4,0,3,6,10
S01008244,75 to 84,41,26,24,2,15,1,1,0,0,13
S01008244,85 and over,19,4,4,0,15,0,1,0,1,13
S01008245,All people aged 16 and over in households,790,560,484,76,230,129,2,12,28,59
S01008245,16 to 24,69,1,1,0,68,68,0,0,0,0
S01008245,25 to 34,65,45,34,11,20,18,0,1,1,0
S01008245,35 to 49,241,210,161,49,31,19,0,4,7,1
S01008245,50 to 64,238,203,191,12,35,11,2,5,9,8
S01008245,65 to 74,102,65,61,4,37,9,0,1,10,17
S01008245,75 to 84,56,30,30,0,26,3,0,1,1,21
S01008245,85 and over,19,6,6,0,13,1,0,0,0,12
S01008246,All people aged 16 and over in households,731,534,474,60,197,127,2,18,26,24
S01008246,16 to 24,76,1,0,1,75,74,0,0,1,0
S01008246,25 to 34,55,29,20,9,26,25,1,0,0,0
S01008246,35 to 49,247,213,184,29,34,17,0,12,5,0
S01008246,50 to 64,249,216,199,17,33,8,0,6,16,3
S01008246,65 to 74,75,58,54,4,17,2,1,0,3,11
S01008246,75 to 84,24,15,15,0,9,1,0,0,1,7
S01008246,85 and over,5,2,2,0,3,0,0,0,0,3
S01008247,All people aged 16 and over in households,642,468,372,96,174,105,3,12,30,24
S01008247,16 to 24,68,12,0,12,56,56,0,0,0,0
S01008247,25 to 34,63,41,21,20,22,20,1,0,0,1
S01008247,35 to 49,212,181,140,41,31,14,1,9,6,1
S01008247,50 to 64,207,172,154,18,35,8,0,3,20,4
S01008247,65 to 74,62,45,42,3,17,3,1,0,4,9
S01008247,75 to 84,24,13,12,1,11,2,0,0,0,9
S01008247,85 and over,6,4,3,1,2,2,0,0,0,0
S01008248,All people aged 16 and over in households,742,498,426,72,244,141,5,9,37,52
S01008248,16 to 24,79,8,0,8,71,70,0,0,0,1
S01008248,25 to 34,65,41,22,19,24,23,0,0,1,0
S01008248,35 to 49,214,161,136,25,53,27,3,6,16,1
S01008248,50 to 64,184,156,139,17,28,10,0,2,13,3
S01008248,65 to 74,123,89,86,3,34,8,1,0,5,20
S01008248,75 to 84,53,32,32,0,21,2,1,1,2,15
S01008248,85 and over,24,11,11,0,13,1,0,0,0,12
S01008249,All people aged 16 and over in households,727,510,446,64,217,117,5,18,34,43
S01008249,16 to 24,54,8,1,7,46,46,0,0,0,0
S01008249,25 to 34,65,53,39,14,12,10,0,1,1,0
S01008249,35 to 49,222,178,155,23,44,29,1,4,9,1
S01008249,50 to 64,206,152,135,17,54,15,3,13,18,5
S01008249,65 to 74,116,87,84,3,29,12,1,0,4,12
S01008249,75 to 84,50,29,29,0,21,4,0,0,1,16
S01008249,85 and over,14,3,3,0,11,1,0,0,1,9
S01008250,All people aged 16 and over in households,835,570,498,72,265,163,4,18,41,39
S01008250,16 to 24,83,4,1,3,79,77,2,0,0,0
S01008250,25 to 34,76,46,25,21,30,29,1,0,0,0
S01008250,35 to 49,242,197,168,29,45,25,0,9,11,0
S01008250,50 to 64,253,190,174,16,63,27,1,7,21,7
S01008250,65 to 74,119,96,94,2,23,3,0,1,6,13
S01008250,75 to 84,53,31,30,1,22,1,0,1,3,17
S01008250,85 and over,9,6,6,0,3,1,0,0,0,2
S01008251,All people aged 16 and over in households,544,422,390,32,122,83,1,8,13,17
S01008251,16 to 24,69,5,3,2,64,64,0,0,0,0
S01008251,25 to 34,27,19,16,3,8,8,0,0,0,0
S01008251,35 to 49,245,230,215,15,15,5,1,3,4,2
S01008251,50 to 64,119,101,90,11,18,4,0,4,6,4
S01008251,65 to 74,58,48,47,1,10,2,0,1,2,5
S01008251,75 to 84,24,19,19,0,5,0,0,0,1,4
S01008251,85 and over,2,0,0,0,2,0,0,0,0,2
S01008252,All people aged 16 and over in households,679,474,422,52,205,119,7,8,32,39
S01008252,16 to 24,71,2,0,2,69,69,0,0,0,0
S01008252,25 to 34,43,21,7,14,22,21,0,1,0,0
S01008252,35 to 49,185,158,140,18,27,12,2,4,8,1
S01008252,50 to 64,192,164,150,14,28,8,1,3,15,1
S01008252,65 to 74,120,85,83,2,35,7,1,0,9,18
S01008252,75 to 84,58,38,36,2,20,1,3,0,0,16
S01008252,85 and over,10,6,6,0,4,1,0,0,0,3
S01008253,All people aged 16 and over in households,637,356,296,60,281,126,3,9,57,86
S01008253,16 to 24,45,6,1,5,39,39,0,0,0,0
S01008253,25 to 34,59,23,6,17,36,35,0,0,1,0
S01008253,35 to 49,160,117,91,26,43,22,0,5,16,0
S01008253,50 to 64,185,130,119,11,55,17,1,3,26,8
S01008253,65 to 74,95,60,59,1,35,7,1,1,8,18
S01008253,75 to 84,71,17,17,0,54,5,0,0,6,43
S01008253,85 and over,22,3,3,0,19,1,1,0,0,17
S01008254,All people aged 16 and over in households,796,468,396,72,328,193,2,14,53,66
S01008254,16 to 24,94,8,1,7,86,85,0,0,1,0
S01008254,25 to 34,91,49,33,16,42,39,0,2,0,1
S01008254,35 to 49,206,142,118,24,64,38,0,8,16,2
S01008254,50 to 64,213,161,137,24,52,18,1,2,19,12
S01008254,65 to 74,106,66,65,1,40,8,1,2,11,18
S01008254,75 to 84,72,37,37,0,35,4,0,0,6,25
S01008254,85 and over,14,5,5,0,9,1,0,0,0,8
S01008255,All people aged 16 and over in households,564,340,282,58,224,118,4,20,37,45
S01008255,16 to 24,74,10,2,8,64,64,0,0,0,0
S01008255,25 to 34,56,30,14,16,26,23,0,3,0,0
S01008255,35 to 49,177,123,98,25,54,25,2,12,14,1
S01008255,50 to 64,145,114,106,8,31,4,1,3,18,5
S01008255,65 to 74,63,41,40,1,22,2,0,2,3,15
S01008255,75 to 84,38,20,20,0,18,0,0,0,2,16
S01008255,85 and over,11,2,2,0,9,0,1,0,0,8
S01008256,All people aged 16 and over in households,665,336,246,90,329,171,5,34,69,50
S01008256,16 to 24,114,23,5,18,91,91,0,0,0,0
S01008256,25 to 34,110,63,25,38,47,39,1,5,2,0
S01008256,35 to 49,189,115,92,23,74,24,2,14,29,5
S01008256,50 to 64,135,76,65,11,59,13,0,12,24,10
S01008256,65 to 74,67,36,36,0,31,2,1,2,12,14
S01008256,75 to 84,42,23,23,0,19,2,1,1,2,13
S01008256,85 and over,8,0,0,0,8,0,0,0,0,8
S01008257,All people aged 16 and over in households,551,282,218,64,269,99,6,20,40,104
S01008257,16 to 24,53,14,5,9,39,36,3,0,0,0
S01008257,25 to 34,53,26,9,17,27,24,0,1,2,0
S01008257,35 to 49,112,78,53,25,34,18,0,7,9,0
S01008257,50 to 64,104,61,54,7,43,11,1,9,16,6
S01008257,65 to 74,77,46,44,2,31,4,1,2,7,17
S01008257,75 to 84,94,42,38,4,52,4,0,0,6,42
S01008257,85 and over,58,15,15,0,43,2,1,1,0,39
S01008258,All people aged 16 and over in households,710,440,372,68,270,170,0,18,34,48
S01008258,16 to 24,86,11,0,11,75,75,0,0,0,0
S01008258,25 to 34,92,47,25,22,45,44,0,1,0,0
S01008258,35 to 49,166,120,97,23,46,29,0,5,12,0
S01008258,50 to 64,224,175,165,10,49,14,0,10,14,11
S01008258,65 to 74,78,61,59,2,17,3,0,1,6,7
S01008258,75 to 84,43,21,21,0,22,1,0,1,2,18
S01008258,85 and over,21,5,5,0,16,4,0,0,0,12
S01008259,All people aged 16 and over in households,637,388,304,84,249,115,4,24,42,64
S01008259,16 to 24,62,10,0,10,52,51,0,1,0,0
S01008259,25 to 34,81,53,26,27,28,21,1,5,1,0
S01008259,35 to 49,178,147,120,27,31,16,0,4,11,0
S01008259,50 to 64,153,97,81,16,56,15,0,11,20,10
S01008259,65 to 74,84,51,48,3,33,6,2,1,8,16
S01008259,75 to 84,67,28,27,1,39,6,1,2,2,28
S01008259,85 and over,12,2,2,0,10,0,0,0,0,10
S01008260,All people aged 16 and over in households,650,368,256,112,282,168,6,25,54,29
S01008260,16 to 24,93,19,3,16,74,73,0,1,0,0
S01008260,25 to 34,94,55,19,36,39,37,0,1,1,0
S01008260,35 to 49,166,110,77,33,56,31,2,11,11,1
S01008260,50 to 64,188,122,102,20,66,20,2,8,31,5
S01008260,65 to 74,70,50,46,4,20,4,0,1,7,8
S01008260,75 to 84,34,12,9,3,22,2,2,3,4,11
S01008260,85 and over,5,0,0,0,5,1,0,0,0,4
S01008261,All people aged 16 and over in households,708,426,332,94,282,160,0,20,53,49
S01008261,16 to 24,92,7,1,6,85,85,0,0,0,0
S01008261,25 to 34,98,56,25,31,42,37,0,2,3,0
S01008261,35 to 49,193,146,109,37,47,25,0,8,14,0
S01008261,50 to 64,204,146,128,18,58,9,0,8,29,12
S01008261,65 to 74,72,57,55,2,15,1,0,1,4,9
S01008261,75 to 84,39,13,13,0,26,2,0,1,3,20
S01008261,85 and over,10,1,1,0,9,1,0,0,0,8
S01008262,All people aged 16 and over in households,493,346,288,58,147,94,1,7,17,28
S01008262,16 to 24,65,9,1,8,56,56,0,0,0,0
S01008262,25 to 34,44,29,18,11,15,15,0,0,0,0
S01008262,35 to 49,134,117,94,23,17,8,0,4,4,1
S01008262,50 to 64,164,136,122,14,28,10,1,2,10,5
S01008262,65 to 74,60,45,43,2,15,5,0,1,3,6
S01008262,75 to 84,22,10,10,0,12,0,0,0,0,12
S01008262,85 and over,4,0,0,0,4,0,0,0,0,4
S01008263,All people aged 16 and over in households,481,298,240,58,183,86,6,15,39,37
S01008263,16 to 24,34,2,0,2,32,32,0,0,0,0
S01008263,25 to 34,41,26,17,9,15,15,0,0,0,0
S01008263,35 to 49,128,90,57,33,38,21,0,6,10,1
S01008263,50 to 64,141,92,80,12,49,14,4,3,22,6
S01008263,65 to 74,74,51,51,0,23,3,1,5,5,9
S01008263,75 to 84,51,34,32,2,17,1,1,1,2,12
S01008263,85 and over,12,3,3,0,9,0,0,0,0,9
S01008264,All people aged 16 and over in households,575,364,294,70,211,103,5,21,45,37
S01008264,16 to 24,49,9,0,9,40,40,0,0,0,0
S01008264,25 to 34,74,51,24,27,23,22,0,1,0,0
S01008264,35 to 49,182,134,108,26,48,27,4,4,11,2
S01008264,50 to 64,127,84,80,4,43,9,0,6,24,4
S01008264,65 to 74,74,48,45,3,26,3,0,8,6,9
S01008264,75 to 84,58,37,36,1,21,1,1,2,3,14
S01008264,85 and over,11,1,1,0,10,1,0,0,1,8
S01008265,All people aged 16 and over in households,563,382,350,32,181,59,4,19,26,73
S01008265,16 to 24,33,2,0,2,31,31,0,0,0,0
S01008265,25 to 34,23,14,6,8,9,8,0,1,0,0
S01008265,35 to 49,172,148,134,14,24,7,2,8,6,1
S01008265,50 to 64,121,93,87,6,28,5,0,6,11,6
S01008265,65 to 74,104,74,72,2,30,4,0,3,6,17
S01008265,75 to 84,73,41,41,0,32,3,2,0,3,24
S01008265,85 and over,37,10,10,0,27,1,0,1,0,25
S01008266,All people aged 16 and over in households,577,408,372,36,169,66,5,8,18,72
S01008266,16 to 24,36,0,0,0,36,36,0,0,0,0
S01008266,25 to 34,21,11,5,6,10,9,0,0,1,0
S01008266,35 to 49,136,118,98,20,18,5,1,5,7,0
S01008266,50 to 64,137,121,111,10,16,8,0,1,4,3
S01008266,65 to 74,143,104,104,0,39,5,3,2,5,24
S01008266,75 to 84,82,50,50,0,32,3,1,0,1,27
S01008266,85 and over,22,4,4,0,18,0,0,0,0,18
S01008267,All people aged 16 and over in households,657,454,392,62,203,112,11,11,27,42
S01008267,16 to 24,57,6,0,6,51,51,0,0,0,0
S01008267,25 to 34,56,41,24,17,15,14,1,0,0,0
S01008267,35 to 49,204,162,139,23,42,28,2,5,5,2
S01008267,50 to 64,182,141,127,14,41,16,5,3,16,1
S01008267,65 to 74,97,76,75,1,21,1,0,3,5,12
S01008267,75 to 84,47,28,27,1,19,1,1,0,1,16
S01008267,85 and over,14,0,0,0,14,1,2,0,0,11
S01008268,All people aged 16 and over in households,673,494,444,50,179,91,7,7,21,53
S01008268,16 to 24,51,2,0,2,49,49,0,0,0,0
S01008268,25 to 34,24,14,10,4,10,10,0,0,0,0
S01008268,35 to 49,177,151,127,24,26,18,2,2,3,1
S01008268,50 to 64,197,167,154,13,30,8,3,4,12,3
S01008268,65 to 74,121,101,96,5,20,1,1,1,5,12
S01008268,75 to 84,79,51,49,2,28,1,1,0,1,25
S01008268,85 and over,24,8,8,0,16,4,0,0,0,12
S01008269,All people aged 16 and over in households,694,426,394,32,268,96,6,18,32,116
S01008269,16 to 24,59,1,0,1,58,58,0,0,0,0
S01008269,25 to 34,29,17,15,2,12,10,1,0,1,0
S01008269,35 to 49,126,111,95,16,15,6,0,5,4,0
S01008269,50 to 64,171,141,134,7,30,8,1,5,9,7
S01008269,65 to 74,119,77,73,4,42,7,1,7,9,18
S01008269,75 to 84,131,65,63,2,66,1,1,1,8,55
S01008269,85 and over,59,14,14,0,45,6,2,0,1,36
S01008270,All people aged 16 and over in households,671,396,380,16,275,129,9,17,34,86
S01008270,16 to 24,53,0,0,0,53,53,0,0,0,0
S01008270,25 to 34,36,8,8,0,28,27,0,1,0,0
S01008270,35 to 49,131,105,98,7,26,12,2,7,4,1
S01008270,50 to 64,176,136,128,8,40,11,2,6,17,4
S01008270,65 to 74,116,73,72,1,43,15,1,2,11,14
S01008270,75 to 84,107,61,61,0,46,7,2,1,2,34
S01008270,85 and over,52,13,13,0,39,4,2,0,0,33
S01008271,All people aged 16 and over in households,581,264,178,86,317,166,8,22,75,46
S01008271,16 to 24,66,18,2,16,48,48,0,0,0,0
S01008271,25 to 34,91,47,26,21,44,41,0,3,0,0
S01008271,35 to 49,157,83,51,32,74,54,2,8,9,1
S01008271,50 to 64,134,58,45,13,76,18,4,3,47,4
S01008271,65 to 74,54,22,20,2,32,3,0,5,16,8
S01008271,75 to 84,43,26,24,2,17,1,0,3,2,11
S01008271,85 and over,36,10,10,0,26,1,2,0,1,22
S01008272,All people aged 16 and over in households,816,536,476,60,280,173,5,14,43,45
S01008272,16 to 24,104,5,1,4,99,99,0,0,0,0
S01008272,25 to 34,56,32,17,15,24,22,0,2,0,0
S01008272,35 to 49,216,172,151,21,44,21,0,9,13,1
S01008272,50 to 64,258,209,192,17,49,18,3,2,20,6
S01008272,65 to 74,103,75,72,3,28,8,2,1,5,12
S01008272,75 to 84,60,38,38,0,22,3,0,0,3,16
S01008272,85 and over,19,5,5,0,14,2,0,0,2,10
S01008273,All people aged 16 and over in households,673,460,428,32,213,119,4,8,30,52
S01008273,16 to 24,67,3,0,3,64,64,0,0,0,0
S01008273,25 to 34,36,16,9,7,20,19,0,1,0,0
S01008273,35 to 49,195,162,150,12,33,15,1,5,11,1
S01008273,50 to 64,182,154,147,7,28,12,2,2,7,5
S01008273,65 to 74,113,91,88,3,22,5,0,0,6,11
S01008273,75 to 84,58,31,31,0,27,2,1,0,5,19
S01008273,85 and over,22,3,3,0,19,2,0,0,1,16
S01008274,All people aged 16 and over in households,593,358,296,62,235,117,1,22,52,43
S01008274,16 to 24,60,7,0,7,53,52,0,1,0,0
S01008274,25 to 34,59,35,12,23,24,23,0,0,1,0
S01008274,35 to 49,155,105,86,19,50,19,0,16,15,0
S01008274,50 to 64,149,100,92,8,49,12,1,5,25,6
S01008274,65 to 74,93,71,67,4,22,4,0,0,8,10
S01008274,75 to 84,65,36,35,1,29,6,0,0,1,22
S01008274,85 and over,12,4,4,0,8,1,0,0,2,5
S01008275,All people aged 16 and over in households,462,288,266,22,174,96,2,17,22,37
S01008275,16 to 24,36,1,0,1,35,34,0,1,0,0
S01008275,25 to 34,39,19,15,4,20,18,0,2,0,0
S01008275,35 to 49,109,80,68,12,29,17,0,6,6,0
S01008275,50 to 64,151,114,109,5,37,20,1,4,11,1
S01008275,65 to 74,57,41,41,0,16,5,1,0,3,7
S01008275,75 to 84,50,26,26,0,24,1,0,3,2,18
S01008275,85 and over,20,7,7,0,13,1,0,1,0,11
S01008276,All people aged 16 and over in households,423,306,280,26,117,77,1,5,18,16
S01008276,16 to 24,54,0,0,0,54,54,0,0,0,0
S01008276,25 to 34,30,16,14,2,14,14,0,0,0,0
S01008276,35 to 49,135,120,106,14,15,6,0,2,5,2
S01008276,50 to 64,134,114,106,8,20,2,1,3,11,3
S01008276,65 to 74,49,45,45,0,4,1,0,0,2,1
S01008276,75 to 84,15,11,9,2,4,0,0,0,0,4
S01008276,85 and over,6,0,0,0,6,0,0,0,0,6
S01008277,All people aged 16 and over in households,408,286,250,36,122,68,6,2,22,24
S01008277,16 to 24,39,1,0,1,38,38,0,0,0,0
S01008277,25 to 34,20,13,8,5,7,6,0,0,1,0
S01008277,35 to 49,133,108,94,14,25,12,3,2,7,1
S01008277,50 to 64,128,107,95,12,21,7,3,0,8,3
S01008277,65 to 74,51,43,40,3,8,2,0,0,2,4
S01008277,75 to 84,26,10,10,0,16,2,0,0,4,10
S01008277,85 and over,11,4,3,1,7,1,0,0,0,6
S01008278,All people aged 16 and over in households,637,474,424,50,163,83,7,11,21,41
S01008278,16 to 24,46,1,0,1,45,45,0,0,0,0
S01008278,25 to 34,37,30,21,9,7,7,0,0,0,0
S01008278,35 to 49,169,141,119,22,28,12,3,10,3,0
S01008278,50 to 64,213,180,168,12,33,15,1,0,11,6
S01008278,65 to 74,104,86,82,4,18,2,2,1,6,7
S01008278,75 to 84,54,34,32,2,20,2,1,0,1,16
S01008278,85 and over,14,2,2,0,12,0,0,0,0,12
S01008279,All people aged 16 and over in households,605,402,340,62,203,98,5,15,33,52
S01008279,16 to 24,54,2,1,1,52,52,0,0,0,0
S01008279,25 to 34,52,37,21,16,15,13,0,2,0,0
S01008279,35 to 49,152,112,95,17,40,15,2,11,11,1
S01008279,50 to 64,173,142,121,21,31,12,1,0,15,3
S01008279,65 to 74,91,63,58,5,28,3,1,2,6,16
S01008279,75 to 84,64,38,37,1,26,2,1,0,1,22
S01008279,85 and over,19,8,7,1,11,1,0,0,0,10
S01008280,All people aged 16 and over in households,771,496,402,94,275,151,3,19,49,53
S01008280,16 to 24,70,10,0,10,60,60,0,0,0,0
S01008280,25 to 34,87,51,27,24,36,33,0,1,2,0
S01008280,35 to 49,212,169,139,30,43,23,1,9,10,0
S01008280,50 to 64,217,158,136,22,59,24,2,5,22,6
S01008280,65 to 74,102,66,62,4,36,7,0,4,12,13
S01008280,75 to 84,58,34,31,3,24,2,0,0,2,20
S01008280,85 and over,25,8,7,1,17,2,0,0,1,14
S01008281,All people aged 16 and over in households,584,404,330,74,180,102,9,18,26,25
S01008281,16 to 24,42,4,2,2,38,38,0,0,0,0
S01008281,25 to 34,75,39,19,20,36,31,3,0,1,1
S01008281,35 to 49,165,124,91,33,41,25,2,10,3,1
S01008281,50 to 64,204,166,150,16,38,6,2,7,18,5
S01008281,65 to 74,61,48,45,3,13,2,2,1,2,6
S01008281,75 to 84,33,20,20,0,13,0,0,0,2,11
S01008281,85 and over,4,3,3,0,1,0,0,0,0,1
S01008282,All people aged 16 and over in households,564,408,334,74,156,84,3,10,25,34
S01008282,16 to 24,44,5,4,1,39,38,0,0,0,1
S01008282,25 to 34,50,34,15,19,16,15,0,0,1,0
S01008282,35 to 49,183,147,109,38,36,22,1,5,8,0
S01008282,50 to 64,160,139,126,13,21,4,1,4,11,1
S01008282,65 to 74,76,56,53,3,20,2,0,1,4,13
S01008282,75 to 84,39,23,23,0,16,3,1,0,1,11
S01008282,85 and over,12,4,4,0,8,0,0,0,0,8
S01008283,All people aged 16 and over in households,395,276,246,30,119,80,2,7,16,14
S01008283,16 to 24,56,2,1,1,54,54,0,0,0,0
S01008283,25 to 34,25,17,9,8,8,8,0,0,0,0
S01008283,35 to 49,162,141,127,14,21,7,2,6,6,0
S01008283,50 to 64,105,82,75,7,23,8,0,1,10,4
S01008283,65 to 74,21,19,19,0,2,1,0,0,0,1
S01008283,75 to 84,22,15,15,0,7,2,0,0,0,5
S01008283,85 and over,4,0,0,0,4,0,0,0,0,4
S01008284,All people aged 16 and over in households,672,478,406,72,194,113,1,12,29,39
S01008284,16 to 24,65,10,0,10,55,55,0,0,0,0
S01008284,25 to 34,83,54,39,15,29,29,0,0,0,0
S01008284,35 to 49,235,210,173,37,25,10,1,5,9,0
S01008284,50 to 64,173,138,130,8,35,12,0,4,14,5
S01008284,65 to 74,62,44,42,2,18,5,0,2,4,7
S01008284,75 to 84,39,20,20,0,19,1,0,1,2,15
S01008284,85 and over,15,2,2,0,13,1,0,0,0,12
S01008285,All people aged 16 and over in households,628,366,262,104,262,140,3,16,49,54
S01008285,16 to 24,90,19,2,17,71,71,0,0,0,0
S01008285,25 to 34,91,59,19,40,32,26,1,2,2,1
S01008285,35 to 49,141,94,62,32,47,22,0,5,19,1
S01008285,50 to 64,134,89,80,9,45,13,2,7,22,1
S01008285,65 to 74,96,68,65,3,28,2,0,2,6,18
S01008285,75 to 84,59,34,31,3,25,4,0,0,0,21
S01008285,85 and over,17,3,3,0,14,2,0,0,0,12
S01008286,All people aged 16 and over in households,597,372,306,66,225,133,3,11,32,46
S01008286,16 to 24,82,10,0,10,72,72,0,0,0,0
S01008286,25 to 34,58,40,27,13,18,18,0,0,0,0
S01008286,35 to 49,153,112,84,28,41,24,1,6,9,1
S01008286,50 to 64,171,134,122,12,37,13,1,2,15,6
S01008286,65 to 74,71,50,48,2,21,4,0,1,4,12
S01008286,75 to 84,50,22,22,0,28,1,1,2,4,20
S01008286,85 and over,12,4,3,1,8,1,0,0,0,7
S01008287,All people aged 16 and over in households,601,354,280,74,247,152,5,18,32,40
S01008287,16 to 24,99,15,3,12,84,84,0,0,0,0
S01008287,25 to 34,68,36,17,19,32,29,0,3,0,0
S01008287,35 to 49,173,121,94,27,52,25,1,13,13,0
S01008287,50 to 64,148,122,113,9,26,10,1,0,11,4
S01008287,65 to 74,63,46,42,4,17,0,1,2,4,10
S01008287,75 to 84,38,14,11,3,24,2,1,0,4,17
S01008287,85 and over,12,0,0,0,12,2,1,0,0,9
S01008288,All people aged 16 and over in households,752,470,390,80,282,149,3,18,33,79
S01008288,16 to 24,81,8,0,8,73,73,0,0,0,0
S01008288,25 to 34,61,43,18,25,18,18,0,0,0,0
S01008288,35 to 49,183,135,111,24,48,30,1,9,7,1
S01008288,50 to 64,212,172,152,20,40,12,2,5,14,7
S01008288,65 to 74,92,62,59,3,30,4,0,3,7,16
S01008288,75 to 84,92,42,42,0,50,10,0,1,4,35
S01008288,85 and over,31,8,8,0,23,2,0,0,1,20
S01008289,All people aged 16 and over in households,525,262,174,88,263,144,11,22,63,23
S01008289,16 to 24,72,18,0,18,54,53,1,0,0,0
S01008289,25 to 34,89,42,10,32,47,36,5,6,0,0
S01008289,35 to 49,150,87,65,22,63,38,2,7,15,1
S01008289,50 to 64,120,65,53,12,55,13,3,7,32,0
S01008289,65 to 74,64,42,38,4,22,3,0,1,9,9
S01008289,75 to 84,21,7,7,0,14,1,0,1,5,7
S01008289,85 and over,9,1,1,0,8,0,0,0,2,6
S01008290,All people aged 16 and over in households,686,402,302,100,284,173,2,15,49,45
S01008290,16 to 24,90,22,5,17,68,66,0,2,0,0
S01008290,25 to 34,89,50,26,24,39,39,0,0,0,0
S01008290,35 to 49,230,165,122,43,65,40,1,6,15,3
S01008290,50 to 64,157,105,93,12,52,16,1,3,26,6
S01008290,65 to 74,70,41,37,4,29,9,0,3,6,11
S01008290,75 to 84,39,17,17,0,22,2,0,1,2,17
S01008290,85 and over,11,2,2,0,9,1,0,0,0,8
S01008291,All people aged 16 and over in households,642,420,360,60,222,101,3,6,32,80
S01008291,16 to 24,57,11,0,11,46,46,0,0,0,0
S01008291,25 to 34,61,38,21,17,23,22,1,0,0,0
S01008291,35 to 49,108,75,56,19,33,12,0,4,16,1
S01008291,50 to 64,163,132,123,9,31,12,0,2,9,8
S01008291,65 to 74,120,89,85,4,31,4,0,0,4,23
S01008291,75 to 84,99,64,64,0,35,3,1,0,3,28
S01008291,85 and over,34,11,11,0,23,2,1,0,0,20
S01008292,All people aged 16 and over in households,592,380,306,74,212,135,1,18,37,21
S01008292,16 to 24,95,17,2,15,78,77,0,1,0,0
S01008292,25 to 34,80,52,25,27,28,24,0,3,1,0
S01008292,35 to 49,213,165,140,25,48,23,1,12,11,1
S01008292,50 to 64,140,104,97,7,36,10,0,2,16,8
S01008292,65 to 74,41,28,28,0,13,1,0,0,9,3
S01008292,75 to 84,18,13,13,0,5,0,0,0,0,5
S01008292,85 and over,5,1,1,0,4,0,0,0,0,4
S01008293,All people aged 16 and over in households,428,348,312,36,80,56,1,3,9,11
S01008293,16 to 24,48,2,0,2,46,46,0,0,0,0
S01008293,25 to 34,29,25,19,6,4,4,0,0,0,0
S01008293,35 to 49,191,182,161,21,9,3,0,2,3,1
S01008293,50 to 64,101,90,83,7,11,3,1,1,5,1
S01008293,65 to 74,46,39,39,0,7,0,0,0,1,6
S01008293,75 to 84,11,8,8,0,3,0,0,0,0,3
S01008293,85 and over,2,2,2,0,0,0,0,0,0,0
S01008294,All people aged 16 and over in households,683,502,428,74,181,116,2,12,21,30
S01008294,16 to 24,70,1,0,1,69,68,0,1,0,0
S01008294,25 to 34,80,50,34,16,30,29,0,1,0,0
S01008294,35 to 49,279,254,209,45,25,13,1,5,6,0
S01008294,50 to 64,158,131,120,11,27,5,0,4,11,7
S01008294,65 to 74,56,48,47,1,8,0,1,0,2,5
S01008294,75 to 84,32,18,18,0,14,1,0,1,2,10
S01008294,85 and over,8,0,0,0,8,0,0,0,0,8
S01008295,All people aged 16 and over in households,795,512,444,68,283,200,4,18,26,35
S01008295,16 to 24,120,8,2,6,112,112,0,0,0,0
S01008295,25 to 34,86,40,24,16,46,45,0,0,1,0
S01008295,35 to 49,210,163,134,29,47,25,1,9,10,2
S01008295,50 to 64,274,229,214,15,45,12,3,7,11,12
S01008295,65 to 74,75,58,58,0,17,4,0,2,4,7
S01008295,75 to 84,28,14,12,2,14,2,0,0,0,12
S01008295,85 and over,2,0,0,0,2,0,0,0,0,2
S01008296,All people aged 16 and over in households,567,262,214,48,305,168,5,18,33,81
S01008296,16 to 24,93,4,0,4,89,89,0,0,0,0
S01008296,25 to 34,58,23,12,11,35,30,1,4,0,0
S01008296,35 to 49,127,81,62,19,46,21,3,8,11,3
S01008296,50 to 64,133,90,79,11,43,17,0,3,13,10
S01008296,65 to 74,66,31,28,3,35,1,1,1,7,25
S01008296,75 to 84,64,23,23,0,41,6,0,2,1,32
S01008296,85 and over,26,10,10,0,16,4,0,0,1,11
S01008297,All people aged 16 and over in households,586,378,336,42,208,147,1,9,22,29
S01008297,16 to 24,82,5,4,1,77,77,0,0,0,0
S01008297,25 to 34,76,44,31,13,32,32,0,0,0,0
S01008297,35 to 49,215,171,153,18,44,27,0,7,8,2
S01008297,50 to 64,128,106,98,8,22,7,0,1,9,5
S01008297,65 to 74,50,34,32,2,16,3,1,1,4,7
S01008297,75 to 84,30,18,18,0,12,1,0,0,0,11
S01008297,85 and over,5,0,0,0,5,0,0,0,1,4
S01008298,All people aged 16 and over in households,608,400,330,70,208,145,1,13,21,28
S01008298,16 to 24,82,9,2,7,73,73,0,0,0,0
S01008298,25 to 34,70,40,23,17,30,28,1,1,0,0
S01008298,35 to 49,200,154,125,29,46,24,0,9,13,0
S01008298,50 to 64,153,126,115,11,27,13,0,1,4,9
S01008298,65 to 74,62,47,43,4,15,4,0,2,3,6
S01008298,75 to 84,30,20,18,2,10,1,0,0,1,8
S01008298,85 and over,11,4,4,0,7,2,0,0,0,5
S01008299,All people aged 16 and over in households,616,302,254,48,314,175,7,31,44,57
S01008299,16 to 24,68,6,4,2,62,62,0,0,0,0
S01008299,25 to 34,81,38,27,11,43,34,4,5,0,0
S01008299,35 to 49,159,83,62,21,76,45,1,16,10,4
S01008299,50 to 64,170,108,95,13,62,26,0,9,21,6
S01008299,65 to 74,73,48,47,1,25,6,1,0,9,9
S01008299,75 to 84,48,14,14,0,34,1,1,0,2,30
S01008299,85 and over,17,5,5,0,12,1,0,1,2,8
S01008300,All people aged 16 and over in households,710,378,304,74,332,208,4,20,44,56
S01008300,16 to 24,110,8,0,8,102,102,0,0,0,0
S01008300,25 to 34,84,36,13,23,48,45,0,2,1,0
S01008300,35 to 49,160,104,78,26,56,32,1,7,12,4
S01008300,50 to 64,209,150,135,15,59,21,0,9,19,10
S01008300,65 to 74,81,52,51,1,29,3,0,2,9,15
S01008300,75 to 84,57,28,27,1,29,2,0,0,2,25
S01008300,85 and over,9,0,0,0,9,3,3,0,1,2
S01008301,All people aged 16 and over in households,687,460,410,50,227,162,3,17,25,20
S01008301,16 to 24,110,4,0,4,106,106,0,0,0,0
S01008301,25 to 34,62,30,18,12,32,31,0,1,0,0
S01008301,35 to 49,201,170,149,21,31,16,0,6,7,2
S01008301,50 to 64,235,198,186,12,37,7,1,5,15,9
S01008301,65 to 74,58,44,43,1,14,2,2,4,3,3
S01008301,75 to 84,17,14,14,0,3,0,0,1,0,2
S01008301,85 and over,4,0,0,0,4,0,0,0,0,4
S01008302,All people aged 16 and over in households,617,426,384,42,191,120,0,7,24,40
S01008302,16 to 24,76,0,0,0,76,76,0,0,0,0
S01008302,25 to 34,56,38,27,11,18,16,0,0,2,0
S01008302,35 to 49,148,126,106,20,22,12,0,4,6,0
S01008302,50 to 64,175,145,135,10,30,12,0,3,10,5
S01008302,65 to 74,104,84,83,1,20,3,0,0,4,13
S01008302,75 to 84,44,28,28,0,16,0,0,0,2,14
S01008302,85 and over,14,5,5,0,9,1,0,0,0,8
S01008303,All people aged 16 and over in households,471,226,184,42,245,144,2,11,36,52
S01008303,16 to 24,69,5,0,5,64,64,0,0,0,0
S01008303,25 to 34,68,29,13,16,39,36,0,2,1,0
S01008303,35 to 49,127,81,64,17,46,28,1,5,11,1
S01008303,50 to 64,104,70,66,4,34,12,0,1,16,5
S01008303,65 to 74,54,28,28,0,26,0,1,2,5,18
S01008303,75 to 84,34,12,12,0,22,3,0,1,2,16
S01008303,85 and over,15,1,1,0,14,1,0,0,1,12
S01008304,All people aged 16 and over in households,411,227,206,21,184,111,8,7,28,30
S01008304,16 to 24,64,6,0,6,58,58,0,0,0,0
S01008304,25 to 34,34,12,5,7,22,21,0,0,1,0
S01008304,35 to 49,84,53,51,2,31,14,4,5,8,0
S01008304,50 to 64,146,113,107,6,33,8,2,2,15,6
S01008304,65 to 74,41,28,28,0,13,4,2,0,1,6
S01008304,75 to 84,31,12,12,0,19,4,0,0,3,12
S01008304,85 and over,11,3,3,0,8,2,0,0,0,6
S01008305,All people aged 16 and over in households,678,464,416,48,214,155,0,8,14,37
S01008305,16 to 24,100,9,0,9,91,91,0,0,0,0
S01008305,25 to 34,61,32,23,9,29,28,0,1,0,0
S01008305,35 to 49,157,131,108,23,26,19,0,4,3,0
S01008305,50 to 64,207,180,175,5,27,9,0,3,7,8
S01008305,65 to 74,94,74,73,1,20,5,0,0,4,11
S01008305,75 to 84,49,35,34,1,14,0,0,0,0,14
S01008305,85 and over,10,3,3,0,7,3,0,0,0,4
S01008306,All people aged 16 and over in households,538,352,324,28,186,135,1,4,20,26
S01008306,16 to 24,91,1,0,1,90,90,0,0,0,0
S01008306,25 to 34,45,22,13,9,23,22,0,1,0,0
S01008306,35 to 49,153,130,120,10,23,15,0,2,5,1
S01008306,50 to 64,157,134,128,6,23,5,0,1,13,4
S01008306,65 to 74,64,50,49,1,14,2,0,0,2,10
S01008306,75 to 84,22,15,14,1,7,0,1,0,0,6
S01008306,85 and over,6,0,0,0,6,1,0,0,0,5
S01008307,All people aged 16 and over in households,442,308,266,42,134,85,3,6,15,25
S01008307,16 to 24,56,4,4,0,52,51,1,0,0,0
S01008307,25 to 34,53,38,27,11,15,15,0,0,0,0
S01008307,35 to 49,167,142,117,25,25,11,1,3,9,1
S01008307,50 to 64,105,89,85,4,16,6,0,3,5,2
S01008307,65 to 74,32,19,17,2,13,2,0,0,0,11
S01008307,75 to 84,25,16,16,0,9,0,1,0,1,7
S01008307,85 and over,4,0,0,0,4,0,0,0,0,4
S01008308,All people aged 16 and over in households,501,356,326,30,145,92,1,5,17,30
S01008308,16 to 24,61,0,0,0,61,61,0,0,0,0
S01008308,25 to 34,52,36,23,13,16,15,0,1,0,0
S01008308,35 to 49,91,69,60,9,22,12,1,1,8,0
S01008308,50 to 64,150,135,128,7,15,1,0,2,5,7
S01008308,65 to 74,94,78,77,1,16,3,0,1,3,9
S01008308,75 to 84,49,37,37,0,12,0,0,0,1,11
S01008308,85 and over,4,1,1,0,3,0,0,0,0,3
S01008309,All people aged 16 and over in households,582,228,174,54,354,212,3,23,62,54
S01008309,16 to 24,92,8,0,8,84,83,1,0,0,0
S01008309,25 to 34,97,32,14,18,65,61,0,2,2,0
S01008309,35 to 49,166,67,48,19,99,48,2,14,33,2
S01008309,50 to 64,101,58,51,7,43,8,0,6,20,9
S01008309,65 to 74,63,39,38,1,24,7,0,1,6,10
S01008309,75 to 84,48,24,23,1,24,4,0,0,1,19
S01008309,85 and over,15,0,0,0,15,1,0,0,0,14
S01008310,All people aged 16 and over in households,818,418,366,52,400,223,2,18,52,105
S01008310,16 to 24,105,4,0,4,101,99,0,0,0,2
S01008310,25 to 34,92,45,23,22,47,38,0,4,5,0
S01008310,35 to 49,201,132,118,14,69,45,1,6,16,1
S01008310,50 to 64,209,149,137,12,60,21,0,5,24,10
S01008310,65 to 74,86,50,50,0,36,5,1,3,5,22
S01008310,75 to 84,91,33,33,0,58,8,0,0,2,48
S01008310,85 and over,34,5,5,0,29,7,0,0,0,22
S01008311,All people aged 16 and over in households,313,166,130,36,147,89,2,5,27,24
S01008311,16 to 24,54,3,0,3,51,50,1,0,0,0
S01008311,25 to 34,39,21,11,10,18,18,0,0,0,0
S01008311,35 to 49,101,80,63,17,21,14,0,0,5,2
S01008311,50 to 64,68,38,32,6,30,6,0,2,19,3
S01008311,65 to 74,22,15,15,0,7,1,1,0,2,3
S01008311,75 to 84,28,9,9,0,19,0,0,3,1,15
S01008311,85 and over,1,0,0,0,1,0,0,0,0,1
S01008312,All people aged 16 and over in households,329,194,152,42,135,96,5,9,11,14
S01008312,16 to 24,54,5,1,4,49,49,0,0,0,0
S01008312,25 to 34,51,31,14,17,20,16,3,1,0,0
S01008312,35 to 49,94,69,54,15,25,15,0,5,4,1
S01008312,50 to 64,70,51,46,5,19,8,1,3,4,3
S01008312,65 to 74,40,28,27,1,12,6,1,0,3,2
S01008312,75 to 84,18,10,10,0,8,1,0,0,0,7
S01008312,85 and over,2,0,0,0,2,1,0,0,0,1
S01008313,All people aged 16 and over in households,705,308,266,42,397,248,11,28,54,56
S01008313,16 to 24,92,5,3,2,87,84,0,3,0,0
S01008313,25 to 34,86,34,21,13,52,47,3,1,1,0
S01008313,35 to 49,192,82,65,17,110,74,1,12,20,3
S01008313,50 to 64,183,109,102,7,74,26,4,7,24,13
S01008313,65 to 74,110,71,68,3,39,8,2,2,7,20
S01008313,75 to 84,38,7,7,0,31,9,1,3,2,16
S01008313,85 and over,4,0,0,0,4,0,0,0,0,4
S01008314,All people aged 16 and over in households,470,164,96,68,306,193,1,37,58,17
S01008314,16 to 24,83,19,1,18,64,64,0,0,0,0
S01008314,25 to 34,109,42,18,24,67,62,0,5,0,0
S01008314,35 to 49,127,49,34,15,78,47,0,16,14,1
S01008314,50 to 64,113,43,33,10,70,15,0,14,36,5
S01008314,65 to 74,22,6,6,0,16,2,0,2,8,4
S01008314,75 to 84,16,5,4,1,11,3,1,0,0,7
S01008314,85 and over,0,0,0,0,0,0,0,0,0,0
S01008315,All people aged 16 and over in households,617,210,126,84,407,249,2,37,69,50
S01008315,16 to 24,92,13,0,13,79,78,0,1,0,0
S01008315,25 to 34,121,43,17,26,78,75,0,2,1,0
S01008315,35 to 49,174,72,40,32,102,66,0,16,18,2
S01008315,50 to 64,137,54,43,11,83,20,2,15,36,10
S01008315,65 to 74,43,21,19,2,22,5,0,2,8,7
S01008315,75 to 84,38,7,7,0,31,3,0,1,6,21
S01008315,85 and over,12,0,0,0,12,2,0,0,0,10
S01008316,All people aged 16 and over in households,421,168,122,46,253,166,2,18,40,27
S01008316,16 to 24,78,9,2,7,69,68,0,1,0,0
S01008316,25 to 34,75,36,21,15,39,32,2,4,1,0
S01008316,35 to 49,160,81,60,21,79,52,0,10,15,2
S01008316,50 to 64,84,35,32,3,49,14,0,3,20,12
S01008316,65 to 74,13,5,5,0,8,0,0,0,3,5
S01008316,75 to 84,11,2,2,0,9,0,0,0,1,8
S01008316,85 and over,0,0,0,0,0,0,0,0,0,0
S01008317,All people aged 16 and over in households,560,298,218,80,262,162,7,25,43,25
S01008317,16 to 24,88,13,2,11,75,75,0,0,0,0
S01008317,25 to 34,115,72,42,30,43,34,0,6,3,0
S01008317,35 to 49,188,123,95,28,65,37,4,7,15,2
S01008317,50 to 64,127,69,59,10,58,16,2,11,22,7
S01008317,65 to 74,33,17,16,1,16,0,1,1,2,12
S01008317,75 to 84,8,4,4,0,4,0,0,0,1,3
S01008317,85 and over,1,0,0,0,1,0,0,0,0,1
S01008318,All people aged 16 and over in households,749,488,428,60,261,165,5,19,25,47
S01008318,16 to 24,99,8,4,4,91,91,0,0,0,0
S01008318,25 to 34,96,62,44,18,34,30,1,1,2,0
S01008318,35 to 49,228,182,156,26,46,24,3,10,8,1
S01008318,50 to 64,184,146,134,12,38,14,1,6,9,8
S01008318,65 to 74,88,62,62,0,26,2,0,2,4,18
S01008318,75 to 84,46,25,25,0,21,4,0,0,2,15
S01008318,85 and over,8,3,3,0,5,0,0,0,0,5
S01008319,All people aged 16 and over in households,622,318,272,46,304,150,3,17,56,78
S01008319,16 to 24,63,3,1,2,60,60,0,0,0,0
S01008319,25 to 34,67,31,14,17,36,35,0,1,0,0
S01008319,35 to 49,165,101,83,18,64,34,1,11,15,3
S01008319,50 to 64,135,82,74,8,53,12,1,5,29,6
S01008319,65 to 74,99,57,57,0,42,8,0,0,10,24
S01008319,75 to 84,76,38,37,1,38,1,1,0,1,35
S01008319,85 and over,17,6,6,0,11,0,0,0,1,10
S01008320,All people aged 16 and over in households,574,350,310,40,224,134,4,10,26,50
S01008320,16 to 24,63,2,0,2,61,60,1,0,0,0
S01008320,25 to 34,51,24,14,10,27,24,1,0,2,0
S01008320,35 to 49,126,82,59,23,44,30,0,6,7,1
S01008320,50 to 64,135,101,97,4,34,15,0,4,10,5
S01008320,65 to 74,120,98,97,1,22,2,0,0,5,15
S01008320,75 to 84,72,39,39,0,33,3,1,0,2,27
S01008320,85 and over,7,4,4,0,3,0,1,0,0,2
S01008321,All people aged 16 and over in households,436,296,266,30,140,102,7,5,14,12
S01008321,16 to 24,76,3,0,3,73,71,1,1,0,0
S01008321,25 to 34,30,18,9,9,12,11,0,0,1,0
S01008321,35 to 49,151,126,117,9,25,13,1,4,4,3
S01008321,50 to 64,128,110,101,9,18,6,4,0,8,0
S01008321,65 to 74,35,27,27,0,8,0,1,0,1,6
S01008321,75 to 84,14,10,10,0,4,1,0,0,0,3
S01008321,85 and over,2,2,2,0,0,0,0,0,0,0
S01008322,All people aged 16 and over in households,839,442,356,86,397,244,4,20,68,61
S01008322,16 to 24,120,8,0,8,112,112,0,0,0,0
S01008322,25 to 34,118,65,34,31,53,51,0,2,0,0
S01008322,35 to 49,240,141,112,29,99,56,4,12,22,5
S01008322,50 to 64,193,132,119,13,61,16,0,4,31,10
S01008322,65 to 74,97,60,55,5,37,6,0,2,10,19
S01008322,75 to 84,56,33,33,0,23,2,0,0,2,19
S01008322,85 and over,15,3,3,0,12,1,0,0,3,8
S01008323,All people aged 16 and over in households,610,280,234,46,330,204,4,25,51,46
S01008323,16 to 24,106,11,2,9,95,95,0,0,0,0
S01008323,25 to 34,80,29,14,15,51,45,2,4,0,0
S01008323,35 to 49,169,102,88,14,67,47,1,8,8,3
S01008323,50 to 64,162,92,87,5,70,15,1,10,33,11
S01008323,65 to 74,59,31,29,2,28,1,0,3,7,17
S01008323,75 to 84,31,13,12,1,18,1,0,0,3,14
S01008323,85 and over,3,2,2,0,1,0,0,0,0,1
S01008324,All people aged 16 and over in households,496,254,216,38,242,153,3,15,41,30
S01008324,16 to 24,78,7,0,7,71,71,0,0,0,0
S01008324,25 to 34,72,29,15,14,43,43,0,0,0,0
S01008324,35 to 49,142,82,70,12,60,28,1,10,19,2
S01008324,50 to 64,138,106,101,5,32,6,0,4,20,2
S01008324,65 to 74,39,24,24,0,15,3,0,1,1,10
S01008324,75 to 84,23,6,6,0,17,1,2,0,1,13
S01008324,85 and over,4,0,0,0,4,1,0,0,0,3
S01008325,All people aged 16 and over in households,554,290,202,88,264,174,5,17,39,29
S01008325,16 to 24,110,17,2,15,93,93,0,0,0,0
S01008325,25 to 34,119,75,37,38,44,38,1,3,2,0
S01008325,35 to 49,165,103,77,26,62,33,1,6,21,1
S01008325,50 to 64,96,60,53,7,36,9,0,7,14,6
S01008325,65 to 74,40,26,24,2,14,1,2,1,2,8
S01008325,75 to 84,18,8,8,0,10,0,1,0,0,9
S01008325,85 and over,6,1,1,0,5,0,0,0,0,5
S01008326,All people aged 16 and over in households,753,320,260,60,433,258,5,32,68,70
S01008326,16 to 24,116,13,3,10,103,103,0,0,0,0
S01008326,25 to 34,142,68,46,22,74,62,3,3,6,0
S01008326,35 to 49,222,97,77,20,125,73,0,20,28,4
S01008326,50 to 64,143,85,77,8,58,15,2,8,22,11
S01008326,65 to 74,87,43,43,0,44,3,0,1,11,29
S01008326,75 to 84,34,10,10,0,24,1,0,0,1,22
S01008326,85 and over,9,4,4,0,5,1,0,0,0,4
S01008327,All people aged 16 and over in households,712,362,312,50,350,197,4,17,56,76
S01008327,16 to 24,110,6,2,4,104,103,0,0,1,0
S01008327,25 to 34,72,35,17,18,37,36,1,0,0,0
S01008327,35 to 49,177,123,103,20,54,30,1,11,10,2
S01008327,50 to 64,182,118,111,7,64,19,0,5,32,8
S01008327,65 to 74,82,45,44,1,37,5,0,1,6,25
S01008327,75 to 84,74,32,32,0,42,4,2,0,7,29
S01008327,85 and over,15,3,3,0,12,0,0,0,0,12
S01008328,All people aged 16 and over in households,501,354,322,32,147,97,2,15,20,13
S01008328,16 to 24,72,6,0,6,66,65,0,0,1,0
S01008328,25 to 34,60,47,40,7,13,11,1,0,1,0
S01008328,35 to 49,198,166,152,14,32,14,0,10,8,0
S01008328,50 to 64,115,93,88,5,22,6,0,4,9,3
S01008328,65 to 74,34,29,29,0,5,0,0,1,1,3
S01008328,75 to 84,21,13,13,0,8,1,1,0,0,6
S01008328,85 and over,1,0,0,0,1,0,0,0,0,1
S01008329,All people aged 16 and over in households,679,482,460,22,197,153,5,10,13,16
S01008329,16 to 24,112,4,1,3,108,108,0,0,0,0
S01008329,25 to 34,78,43,37,6,35,31,1,3,0,0
S01008329,35 to 49,205,181,176,5,24,10,3,5,5,1
S01008329,50 to 64,204,186,180,6,18,3,0,2,7,6
S01008329,65 to 74,58,51,49,2,7,1,1,0,1,4
S01008329,75 to 84,21,16,16,0,5,0,0,0,0,5
S01008329,85 and over,1,1,1,0,0,0,0,0,0,0
S01008330,All people aged 16 and over in households,685,436,416,20,249,182,5,21,20,21
S01008330,16 to 24,113,0,0,0,113,113,0,0,0,0
S01008330,25 to 34,82,32,23,9,50,41,2,6,1,0
S01008330,35 to 49,201,170,165,5,31,14,2,8,6,1
S01008330,50 to 64,200,168,163,5,32,7,1,4,13,7
S01008330,65 to 74,64,50,49,1,14,5,0,3,0,6
S01008330,75 to 84,21,16,16,0,5,2,0,0,0,3
S01008330,85 and over,4,0,0,0,4,0,0,0,0,4
S01008331,All people aged 16 and over in households,477,278,234,44,199,137,2,13,29,18
S01008331,16 to 24,76,6,1,5,70,69,0,1,0,0
S01008331,25 to 34,76,41,27,14,35,30,1,2,1,1
S01008331,35 to 49,139,109,94,15,30,20,0,2,7,1
S01008331,50 to 64,134,92,85,7,42,13,1,7,16,5
S01008331,65 to 74,28,17,15,2,11,3,0,1,5,2
S01008331,75 to 84,18,10,9,1,8,2,0,0,0,6
S01008331,85 and over,6,3,3,0,3,0,0,0,0,3
S01008332,All people aged 16 and over in households,745,430,392,38,315,180,10,22,38,65
S01008332,16 to 24,116,7,2,5,109,108,0,0,1,0
S01008332,25 to 34,59,29,21,8,30,26,2,2,0,0
S01008332,35 to 49,167,120,105,15,47,16,5,12,14,0
S01008332,50 to 64,202,161,154,7,41,18,0,5,14,4
S01008332,65 to 74,103,68,66,2,35,8,0,3,5,19
S01008332,75 to 84,71,34,33,1,37,2,2,0,4,29
S01008332,85 and over,27,11,11,0,16,2,1,0,0,13
S01008333,All people aged 16 and over in households,812,486,456,30,326,146,4,13,51,112
S01008333,16 to 24,75,2,1,1,73,73,0,0,0,0
S01008333,25 to 34,45,22,17,5,23,22,0,0,1,0
S01008333,35 to 49,161,121,110,11,40,20,1,8,11,0
S01008333,50 to 64,208,168,158,10,40,9,0,4,20,7
S01008333,65 to 74,159,120,118,2,39,13,1,1,8,16
S01008333,75 to 84,100,42,41,1,58,5,0,0,7,46
S01008333,85 and over,64,11,11,0,53,4,2,0,4,43
S01008334,All people aged 16 and over in households,602,378,338,40,224,120,2,20,29,53
S01008334,16 to 24,76,5,2,3,71,71,0,0,0,0
S01008334,25 to 34,64,44,30,14,20,17,0,2,1,0
S01008334,35 to 49,150,119,110,9,31,12,1,4,13,1
S01008334,50 to 64,142,105,97,8,37,11,0,12,9,5
S01008334,65 to 74,79,58,58,0,21,6,0,1,2,12
S01008334,75 to 84,63,39,34,5,24,3,0,1,3,17
S01008334,85 and over,28,8,7,1,20,0,1,0,1,18
S01008335,All people aged 16 and over in households,590,320,280,40,270,150,4,22,41,53
S01008335,16 to 24,66,3,0,3,63,62,0,0,1,0
S01008335,25 to 34,80,45,32,13,35,33,2,0,0,0
S01008335,35 to 49,154,101,86,15,53,29,0,7,16,1
S01008335,50 to 64,134,82,79,3,52,14,1,13,16,8
S01008335,65 to 74,77,54,50,4,23,5,0,2,5,11
S01008335,75 to 84,67,33,31,2,34,6,1,0,3,24
S01008335,85 and over,12,2,2,0,10,1,0,0,0,9
S01008336,All people aged 16 and over in households,508,294,262,32,214,123,4,16,27,44
S01008336,16 to 24,60,1,1,0,59,58,0,1,0,0
S01008336,25 to 34,57,27,23,4,30,25,2,3,0,0
S01008336,35 to 49,157,119,103,16,38,24,0,7,6,1
S01008336,50 to 64,130,101,93,8,29,8,0,3,13,5
S01008336,65 to 74,51,34,31,3,17,2,1,1,4,9
S01008336,75 to 84,33,12,11,1,21,4,1,1,1,14
S01008336,85 and over,20,0,0,0,20,2,0,0,3,15
S01008337,All people aged 16 and over in households,663,434,378,56,229,124,3,10,53,39
S01008337,16 to 24,76,9,4,5,67,66,0,0,1,0
S01008337,25 to 34,136,110,87,23,26,24,0,1,1,0
S01008337,35 to 49,221,177,159,18,44,17,1,5,20,1
S01008337,50 to 64,141,104,94,10,37,9,1,4,19,4
S01008337,65 to 74,46,24,24,0,22,5,1,0,8,8
S01008337,75 to 84,30,10,10,0,20,2,0,0,3,15
S01008337,85 and over,13,0,0,0,13,1,0,0,1,11
S01008338,All people aged 16 and over in households,581,408,378,30,173,128,6,9,15,15
S01008338,16 to 24,94,0,0,0,94,93,1,0,0,0
S01008338,25 to 34,72,61,54,7,11,11,0,0,0,0
S01008338,35 to 49,282,249,236,13,33,15,1,8,9,0
S01008338,50 to 64,101,82,75,7,19,8,2,1,4,4
S01008338,65 to 74,27,15,12,3,12,1,2,0,2,7
S01008338,75 to 84,5,1,1,0,4,0,0,0,0,4
S01008338,85 and over,0,0,0,0,0,0,0,0,0,0
S01008339,All people aged 16 and over in households,493,332,282,50,161,108,5,12,23,13
S01008339,16 to 24,86,10,1,9,76,75,1,0,0,0
S01008339,25 to 34,87,65,50,15,22,19,0,2,1,0
S01008339,35 to 49,150,121,101,20,29,7,3,7,12,0
S01008339,50 to 64,131,113,107,6,18,5,1,2,7,3
S01008339,65 to 74,32,21,21,0,11,1,0,1,3,6
S01008339,75 to 84,3,2,2,0,1,0,0,0,0,1
S01008339,85 and over,4,0,0,0,4,1,0,0,0,3
S01008340,All people aged 16 and over in households,643,384,354,30,259,166,11,13,36,33
S01008340,16 to 24,111,1,0,1,110,107,3,0,0,0
S01008340,25 to 34,97,64,51,13,33,27,3,2,1,0
S01008340,35 to 49,196,150,143,7,46,23,2,8,12,1
S01008340,50 to 64,177,134,129,5,43,9,2,3,18,11
S01008340,65 to 74,41,23,22,1,18,0,1,0,4,13
S01008340,75 to 84,18,10,7,3,8,0,0,0,1,7
S01008340,85 and over,3,2,2,0,1,0,0,0,0,1
S01008341,All people aged 16 and over in households,484,356,322,34,128,103,1,6,13,5
S01008341,16 to 24,85,1,1,0,84,84,0,0,0,0
S01008341,25 to 34,38,25,16,9,13,13,0,0,0,0
S01008341,35 to 49,208,197,180,17,11,4,0,3,3,1
S01008341,50 to 64,128,113,108,5,15,1,1,3,9,1
S01008341,65 to 74,22,17,15,2,5,1,0,0,1,3
S01008341,75 to 84,3,3,2,1,0,0,0,0,0,0
S01008341,85 and over,0,0,0,0,0,0,0,0,0,0
S01008342,All people aged 16 and over in households,694,428,384,44,266,182,2,11,36,35
S01008342,16 to 24,116,3,3,0,113,110,0,0,3,0
S01008342,25 to 34,70,35,28,7,35,35,0,0,0,0
S01008342,35 to 49,183,138,117,21,45,23,1,6,13,2
S01008342,50 to 64,206,171,156,15,35,11,1,3,15,5
S01008342,65 to 74,81,60,59,1,21,3,0,2,4,12
S01008342,75 to 84,29,18,18,0,11,0,0,0,1,10
S01008342,85 and over,9,3,3,0,6,0,0,0,0,6
S01008343,All people aged 16 and over in households,702,488,478,10,214,134,2,6,15,57
S01008343,16 to 24,103,0,0,0,103,102,0,0,0,1
S01008343,25 to 34,33,17,15,2,16,16,0,0,0,0
S01008343,35 to 49,177,157,152,5,20,10,0,3,7,0
S01008343,50 to 64,196,175,172,3,21,5,1,3,6,6
S01008343,65 to 74,102,84,84,0,18,1,1,0,0,16
S01008343,75 to 84,73,50,50,0,23,0,0,0,1,22
S01008343,85 and over,18,5,5,0,13,0,0,0,1,12
S01008344,All people aged 16 and over in households,711,466,446,20,245,145,9,18,26,47
S01008344,16 to 24,90,2,2,0,88,88,0,0,0,0
S01008344,25 to 34,49,14,14,0,35,32,2,1,0,0
S01008344,35 to 49,166,130,120,10,36,15,4,6,10,1
S01008344,50 to 64,226,191,182,9,35,10,0,10,10,5
S01008344,65 to 74,100,79,78,1,21,0,1,1,5,14
S01008344,75 to 84,62,45,45,0,17,0,1,0,0,16
S01008344,85 and over,18,5,5,0,13,0,1,0,1,11
S01008345,All people aged 16 and over in households,765,494,474,20,271,171,20,10,14,56
S01008345,16 to 24,113,1,1,0,112,110,2,0,0,0
S01008345,25 to 34,50,14,12,2,36,30,4,1,1,0
S01008345,35 to 49,156,126,119,7,30,18,1,4,7,0
S01008345,50 to 64,232,205,196,9,27,6,9,3,3,6
S01008345,65 to 74,123,97,95,2,26,4,2,0,3,17
S01008345,75 to 84,71,45,45,0,26,2,2,2,0,20
S01008345,85 and over,20,6,6,0,14,1,0,0,0,13
S01008346,All people aged 16 and over in households,774,550,530,20,224,144,5,10,17,48
S01008346,16 to 24,103,1,1,0,102,102,0,0,0,0
S01008346,25 to 34,42,19,17,2,23,21,1,0,1,0
S01008346,35 to 49,234,208,195,13,26,16,2,4,4,0
S01008346,50 to 64,215,196,191,5,19,3,0,6,7,3
S01008346,65 to 74,88,70,70,0,18,2,0,0,3,13
S01008346,75 to 84,71,47,47,0,24,0,1,0,2,21
S01008346,85 and over,21,9,9,0,12,0,1,0,0,11
S01008347,All people aged 16 and over in households,832,438,418,20,394,168,10,24,60,132
S01008347,16 to 24,94,2,0,2,92,91,0,0,1,0
S01008347,25 to 34,56,23,20,3,33,32,0,1,0,0
S01008347,35 to 49,177,120,112,8,57,23,3,10,20,1
S01008347,50 to 64,193,141,136,5,52,12,2,9,24,5
S01008347,65 to 74,116,81,79,2,35,1,1,3,9,21
S01008347,75 to 84,125,58,58,0,67,4,1,0,3,59
S01008347,85 and over,71,13,13,0,58,5,3,1,3,46
S01008348,All people aged 16 and over in households,618,388,364,24,230,121,6,10,39,54
S01008348,16 to 24,74,7,2,5,67,67,0,0,0,0
S01008348,25 to 34,52,27,20,7,25,23,0,0,0,2
S01008348,35 to 49,138,97,89,8,41,17,1,7,16,0
S01008348,50 to 64,154,119,115,4,35,10,2,3,13,7
S01008348,65 to 74,102,75,75,0,27,4,1,0,8,14
S01008348,75 to 84,78,56,56,0,22,0,2,0,2,18
S01008348,85 and over,20,7,7,0,13,0,0,0,0,13
S01008349,All people aged 16 and over in households,652,448,424,24,204,122,11,12,19,40
S01008349,16 to 24,86,1,1,0,85,84,1,0,0,0
S01008349,25 to 34,40,21,18,3,19,14,2,3,0,0
S01008349,35 to 49,225,194,186,8,31,11,5,6,8,1
S01008349,50 to 64,160,138,125,13,22,7,1,3,9,2
S01008349,65 to 74,87,61,61,0,26,5,0,0,2,19
S01008349,75 to 84,43,30,30,0,13,1,2,0,0,10
S01008349,85 and over,11,3,3,0,8,0,0,0,0,8
S01008350,All people aged 16 and over in households,504,352,336,16,152,79,8,8,13,44
S01008350,16 to 24,49,4,0,4,45,43,2,0,0,0
S01008350,25 to 34,24,10,8,2,14,13,1,0,0,0
S01008350,35 to 49,99,85,77,8,14,10,0,3,1,0
S01008350,50 to 64,143,117,115,2,26,10,3,4,4,5
S01008350,65 to 74,101,83,83,0,18,0,2,1,4,11
S01008350,75 to 84,75,47,47,0,28,2,0,0,4,22
S01008350,85 and over,13,6,6,0,7,1,0,0,0,6
S01008351,All people aged 16 and over in households,720,492,470,22,228,130,1,8,30,59
S01008351,16 to 24,88,3,0,3,85,85,0,0,0,0
S01008351,25 to 34,61,26,21,5,35,32,0,0,3,0
S01008351,35 to 49,192,164,152,12,28,8,0,6,13,1
S01008351,50 to 64,195,172,172,0,23,4,1,1,11,6
S01008351,65 to 74,89,74,72,2,15,0,0,1,3,11
S01008351,75 to 84,75,48,48,0,27,1,0,0,0,26
S01008351,85 and over,20,5,5,0,15,0,0,0,0,15
S01008352,All people aged 16 and over in households,529,372,348,24,157,97,9,5,9,37
S01008352,16 to 24,68,0,0,0,68,67,1,0,0,0
S01008352,25 to 34,33,16,12,4,17,15,2,0,0,0
S01008352,35 to 49,141,125,112,13,16,9,4,1,1,1
S01008352,50 to 64,152,134,129,5,18,2,2,3,4,7
S01008352,65 to 74,69,55,53,2,14,3,0,1,3,7
S01008352,75 to 84,47,34,34,0,13,0,0,0,1,12
S01008352,85 and over,19,8,8,0,11,1,0,0,0,10
S01008353,All people aged 16 and over in households,406,280,266,14,126,71,8,5,10,32
S01008353,16 to 24,54,2,2,0,52,51,1,0,0,0
S01008353,25 to 34,21,9,9,0,12,10,2,0,0,0
S01008353,35 to 49,140,125,116,9,15,6,2,3,4,0
S01008353,50 to 64,92,77,73,4,15,1,2,2,6,4
S01008353,65 to 74,44,33,32,1,11,0,1,0,0,10
S01008353,75 to 84,47,30,30,0,17,2,0,0,0,15
S01008353,85 and over,8,4,4,0,4,1,0,0,0,3
S01008354,All people aged 16 and over in households,540,354,318,36,186,94,11,8,25,48
S01008354,16 to 24,55,5,1,4,50,49,1,0,0,0
S01008354,25 to 34,62,42,32,10,20,15,5,0,0,0
S01008354,35 to 49,162,127,113,14,35,17,3,8,7,0
S01008354,50 to 64,124,99,91,8,25,8,0,0,13,4
S01008354,65 to 74,79,55,55,0,24,5,1,0,4,14
S01008354,75 to 84,43,21,21,0,22,0,1,0,1,20
S01008354,85 and over,15,5,5,0,10,0,0,0,0,10
S01008355,All people aged 16 and over in households,540,278,242,36,262,140,5,16,33,68
S01008355,16 to 24,58,2,0,2,56,56,0,0,0,0
S01008355,25 to 34,66,29,24,5,37,30,2,4,1,0
S01008355,35 to 49,139,82,67,15,57,31,1,8,15,2
S01008355,50 to 64,121,84,73,11,37,12,0,2,13,10
S01008355,65 to 74,73,50,47,3,23,4,0,2,4,13
S01008355,75 to 84,56,27,27,0,29,5,1,0,0,23
S01008355,85 and over,27,4,4,0,23,2,1,0,0,20
S01008356,All people aged 16 and over in households,457,288,246,42,169,94,7,16,26,26
S01008356,16 to 24,59,10,5,5,49,49,0,0,0,0
S01008356,25 to 34,57,36,28,8,21,17,2,2,0,0
S01008356,35 to 49,158,119,99,20,39,17,2,6,13,1
S01008356,50 to 64,128,97,88,9,31,10,0,5,9,7
S01008356,65 to 74,29,14,14,0,15,0,1,2,4,8
S01008356,75 to 84,23,12,12,0,11,1,2,1,0,7
S01008356,85 and over,3,0,0,0,3,0,0,0,0,3
S01008357,All people aged 16 and over in households,566,370,354,16,196,119,5,10,20,42
S01008357,16 to 24,60,2,0,2,58,58,0,0,0,0
S01008357,25 to 34,55,26,20,6,29,27,0,1,1,0
S01008357,35 to 49,164,133,127,6,31,19,4,3,5,0
S01008357,50 to 64,141,112,110,2,29,8,1,6,10,4
S01008357,65 to 74,82,59,59,0,23,5,0,0,2,16
S01008357,75 to 84,43,28,28,0,15,1,0,0,2,12
S01008357,85 and over,21,10,10,0,11,1,0,0,0,10
S01008358,All people aged 16 and over in households,582,320,274,46,262,122,2,23,53,62
S01008358,16 to 24,59,9,0,9,50,49,0,1,0,0
S01008358,25 to 34,59,25,18,7,34,29,1,3,1,0
S01008358,35 to 49,138,88,68,20,50,29,0,11,10,0
S01008358,50 to 64,145,102,96,6,43,8,0,4,25,6
S01008358,65 to 74,92,54,51,3,38,2,0,3,13,20
S01008358,75 to 84,67,35,34,1,32,3,0,1,4,24
S01008358,85 and over,22,7,7,0,15,2,1,0,0,12
S01008359,All people aged 16 and over in households,492,326,290,36,166,97,4,12,22,31
S01008359,16 to 24,51,1,1,0,50,50,0,0,0,0
S01008359,25 to 34,49,28,21,7,21,18,1,2,0,0
S01008359,35 to 49,166,130,109,21,36,16,1,6,10,3
S01008359,50 to 64,105,84,79,5,21,5,2,3,6,5
S01008359,65 to 74,75,55,54,1,20,6,0,1,2,11
S01008359,75 to 84,34,20,19,1,14,2,0,0,4,8
S01008359,85 and over,12,8,7,1,4,0,0,0,0,4
S01008360,All people aged 16 and over in households,687,456,430,26,231,150,8,18,22,33
S01008360,16 to 24,105,0,0,0,105,103,2,0,0,0
S01008360,25 to 34,43,19,16,3,24,18,2,3,1,0
S01008360,35 to 49,165,129,109,20,36,18,2,6,8,2
S01008360,50 to 64,207,178,175,3,29,8,1,8,11,1
S01008360,65 to 74,117,102,102,0,15,2,0,1,1,11
S01008360,75 to 84,41,24,24,0,17,1,0,0,1,15
S01008360,85 and over,9,4,4,0,5,0,1,0,0,4
S01008361,All people aged 16 and over in households,424,284,246,38,140,88,0,6,22,24
S01008361,16 to 24,69,3,0,3,66,66,0,0,0,0
S01008361,25 to 34,28,18,13,5,10,9,0,1,0,0
S01008361,35 to 49,121,103,86,17,18,9,0,2,6,1
S01008361,50 to 64,130,111,99,12,19,1,0,2,14,2
S01008361,65 to 74,41,32,31,1,9,1,0,1,1,6
S01008361,75 to 84,26,16,16,0,10,0,0,0,1,9
S01008361,85 and over,9,1,1,0,8,2,0,0,0,6
S01008362,All people aged 16 and over in households,721,402,350,52,319,187,5,26,56,45
S01008362,16 to 24,93,5,0,5,88,88,0,0,0,0
S01008362,25 to 34,88,58,36,22,30,29,0,1,0,0
S01008362,35 to 49,275,194,172,22,81,44,3,17,14,3
S01008362,50 to 64,164,97,94,3,67,21,1,6,34,5
S01008362,65 to 74,52,29,29,0,23,2,0,2,8,11
S01008362,75 to 84,33,14,14,0,19,3,0,0,0,16
S01008362,85 and over,16,5,5,0,11,0,1,0,0,10
S01008363,All people aged 16 and over in households,601,364,320,44,237,155,3,14,39,26
S01008363,16 to 24,84,5,1,4,79,79,0,0,0,0
S01008363,25 to 34,62,27,15,12,35,34,0,0,0,1
S01008363,35 to 49,180,127,104,23,53,30,1,7,13,2
S01008363,50 to 64,156,117,114,3,39,8,2,6,19,4
S01008363,65 to 74,70,56,54,2,14,2,0,1,4,7
S01008363,75 to 84,46,31,31,0,15,1,0,0,3,11
S01008363,85 and over,3,1,1,0,2,1,0,0,0,1
S01008364,All people aged 16 and over in households,628,370,336,34,258,157,6,20,35,40
S01008364,16 to 24,94,0,0,0,94,93,0,0,0,1
S01008364,25 to 34,50,24,15,9,26,23,1,2,0,0
S01008364,35 to 49,165,114,103,11,51,23,3,11,14,0
S01008364,50 to 64,163,120,111,9,43,15,2,6,15,5
S01008364,65 to 74,92,73,70,3,19,3,0,1,4,11
S01008364,75 to 84,46,34,33,1,12,0,0,0,1,11
S01008364,85 and over,18,5,4,1,13,0,0,0,1,12
S01008365,All people aged 16 and over in households,567,380,362,18,187,117,3,8,20,39
S01008365,16 to 24,68,1,1,0,67,67,0,0,0,0
S01008365,25 to 34,49,28,25,3,21,21,0,0,0,0
S01008365,35 to 49,123,105,95,10,18,12,0,3,3,0
S01008365,50 to 64,178,146,143,3,32,11,1,3,12,5
S01008365,65 to 74,92,75,73,2,17,4,0,1,2,10
S01008365,75 to 84,44,22,22,0,22,1,2,1,3,15
S01008365,85 and over,13,3,3,0,10,1,0,0,0,9
S01008366,All people aged 16 and over in households,717,368,334,34,349,168,0,21,51,109
S01008366,16 to 24,97,1,0,1,96,96,0,0,0,0
S01008366,25 to 34,61,36,26,10,25,24,0,0,1,0
S01008366,35 to 49,183,131,118,13,52,21,0,10,20,1
S01008366,50 to 64,166,109,100,9,57,16,0,6,22,13
S01008366,65 to 74,70,42,41,1,28,4,0,4,4,16
S01008366,75 to 84,94,38,38,0,56,4,0,1,3,48
S01008366,85 and over,46,11,11,0,35,3,0,0,1,31
S01008367,All people aged 16 and over in households,617,274,234,40,343,187,9,27,76,44
S01008367,16 to 24,96,6,2,4,90,90,0,0,0,0
S01008367,25 to 34,75,42,27,15,33,28,4,0,1,0
S01008367,35 to 49,171,93,84,9,78,39,2,16,19,2
S01008367,50 to 64,144,83,77,6,61,19,1,6,32,3
S01008367,65 to 74,63,29,25,4,34,4,1,3,16,10
S01008367,75 to 84,54,17,15,2,37,6,0,2,8,21
S01008367,85 and over,14,4,4,0,10,1,1,0,0,8
S01008368,All people aged 16 and over in households,541,304,262,42,237,131,2,18,44,42
S01008368,16 to 24,64,3,0,3,61,61,0,0,0,0
S01008368,25 to 34,62,38,27,11,24,22,0,2,0,0
S01008368,35 to 49,148,102,84,18,46,23,0,10,13,0
S01008368,50 to 64,152,100,93,7,52,19,1,4,24,4
S01008368,65 to 74,66,46,45,1,20,4,0,0,5,11
S01008368,75 to 84,39,15,13,2,24,2,1,2,1,18
S01008368,85 and over,10,0,0,0,10,0,0,0,1,9
S01008369,All people aged 16 and over in households,421,234,202,32,187,107,1,14,18,47
S01008369,16 to 24,56,2,0,2,54,54,0,0,0,0
S01008369,25 to 34,44,21,13,8,23,22,1,0,0,0
S01008369,35 to 49,120,88,72,16,32,19,0,6,6,1
S01008369,50 to 64,117,82,80,2,35,8,0,6,10,11
S01008369,65 to 74,46,32,28,4,14,3,0,2,2,7
S01008369,75 to 84,29,9,9,0,20,1,0,0,0,19
S01008369,85 and over,9,0,0,0,9,0,0,0,0,9
S01008370,All people aged 16 and over in households,553,322,266,56,231,144,3,12,37,35
S01008370,16 to 24,91,8,0,8,83,83,0,0,0,0
S01008370,25 to 34,61,34,15,19,27,25,0,1,1,0
S01008370,35 to 49,167,129,111,18,38,20,0,6,12,0
S01008370,50 to 64,122,86,77,9,36,9,0,4,18,5
S01008370,65 to 74,58,38,37,1,20,5,1,1,5,8
S01008370,75 to 84,42,23,22,1,19,2,2,0,0,15
S01008370,85 and over,12,4,4,0,8,0,0,0,1,7
S01008371,All people aged 16 and over in households,618,416,390,26,202,130,1,16,26,29
S01008371,16 to 24,89,0,0,0,89,89,0,0,0,0
S01008371,25 to 34,52,38,34,4,14,13,0,0,1,0
S01008371,35 to 49,172,135,123,12,37,18,0,12,7,0
S01008371,50 to 64,180,153,146,7,27,7,0,3,15,2
S01008371,65 to 74,74,59,56,3,15,2,1,0,2,10
S01008371,75 to 84,44,29,29,0,15,1,0,1,1,12
S01008371,85 and over,7,2,2,0,5,0,0,0,0,5
S01008372,All people aged 16 and over in households,613,398,364,34,215,148,1,12,27,27
S01008372,16 to 24,92,3,0,3,89,89,0,0,0,0
S01008372,25 to 34,73,45,34,11,28,27,1,0,0,0
S01008372,35 to 49,175,136,122,14,39,21,0,7,10,1
S01008372,50 to 64,165,135,131,4,30,7,0,5,14,4
S01008372,65 to 74,78,65,63,2,13,1,0,0,3,9
S01008372,75 to 84,24,13,13,0,11,3,0,0,0,8
S01008372,85 and over,6,1,1,0,5,0,0,0,0,5
S01008373,All people aged 16 and over in households,614,426,400,26,188,137,5,4,14,28
S01008373,16 to 24,94,1,0,1,93,92,1,0,0,0
S01008373,25 to 34,59,34,29,5,25,24,1,0,0,0
S01008373,35 to 49,214,188,173,15,26,17,2,1,6,0
S01008373,50 to 64,152,137,132,5,15,3,1,3,6,2
S01008373,65 to 74,60,52,52,0,8,0,0,0,1,7
S01008373,75 to 84,30,13,13,0,17,1,0,0,1,15
S01008373,85 and over,5,1,1,0,4,0,0,0,0,4
S01008374,All people aged 16 and over in households,558,380,362,18,178,111,3,8,21,35
S01008374,16 to 24,73,0,0,0,73,73,0,0,0,0
S01008374,25 to 34,28,6,5,1,22,18,2,2,0,0
S01008374,35 to 49,165,138,125,13,27,12,1,4,9,1
S01008374,50 to 64,167,154,152,2,13,2,0,2,9,0
S01008374,65 to 74,70,57,55,2,13,0,0,0,3,10
S01008374,75 to 84,44,25,25,0,19,4,0,0,0,15
S01008374,85 and over,11,0,0,0,11,2,0,0,0,9
S01008375,All people aged 16 and over in households,633,432,404,28,201,143,4,6,15,33
S01008375,16 to 24,109,1,0,1,108,108,0,0,0,0
S01008375,25 to 34,41,24,21,3,17,16,1,0,0,0
S01008375,35 to 49,172,152,135,17,20,12,0,3,5,0
S01008375,50 to 64,171,152,146,6,19,2,2,3,8,4
S01008375,65 to 74,77,67,66,1,10,1,0,0,1,8
S01008375,75 to 84,50,32,32,0,18,3,1,0,1,13
S01008375,85 and over,13,4,4,0,9,1,0,0,0,8
S01008376,All people aged 16 and over in households,415,266,238,28,149,100,1,10,14,24
S01008376,16 to 24,54,3,0,3,51,51,0,0,0,0
S01008376,25 to 34,42,19,12,7,23,20,1,1,1,0
S01008376,35 to 49,128,111,95,16,17,13,0,1,3,0
S01008376,50 to 64,115,83,81,2,32,13,0,8,8,3
S01008376,65 to 74,41,33,33,0,8,3,0,0,2,3
S01008376,75 to 84,26,14,14,0,12,0,0,0,0,12
S01008376,85 and over,9,3,3,0,6,0,0,0,0,6
S01008377,All people aged 16 and over in households,584,362,324,38,222,137,3,12,31,39
S01008377,16 to 24,79,4,1,3,75,75,0,0,0,0
S01008377,25 to 34,76,44,37,7,32,29,2,0,1,0
S01008377,35 to 49,178,137,121,16,41,23,0,7,11,0
S01008377,50 to 64,147,116,108,8,31,6,0,5,15,5
S01008377,65 to 74,48,37,33,4,11,1,1,0,3,6
S01008377,75 to 84,37,19,19,0,18,1,0,0,1,16
S01008377,85 and over,19,5,5,0,14,2,0,0,0,12
S01008378,All people aged 16 and over in households,811,488,446,42,323,182,6,12,27,96
S01008378,16 to 24,111,2,0,2,109,109,0,0,0,0
S01008378,25 to 34,75,37,30,7,38,34,2,1,1,0
S01008378,35 to 49,207,173,153,20,34,13,2,7,10,2
S01008378,50 to 64,199,173,165,8,26,7,0,4,10,5
S01008378,65 to 74,88,60,55,5,28,7,0,0,2,19
S01008378,75 to 84,94,30,30,0,64,10,2,0,3,49
S01008378,85 and over,37,13,13,0,24,2,0,0,1,21
S01008379,All people aged 16 and over in households,434,294,276,18,140,95,2,3,8,32
S01008379,16 to 24,54,0,0,0,54,54,0,0,0,0
S01008379,25 to 34,36,11,4,7,25,24,0,1,0,0
S01008379,35 to 49,79,70,63,7,9,3,1,2,2,1
S01008379,50 to 64,138,126,122,4,12,5,0,0,4,3
S01008379,65 to 74,68,54,54,0,14,5,1,0,0,8
S01008379,75 to 84,48,33,33,0,15,4,0,0,2,9
S01008379,85 and over,11,0,0,0,11,0,0,0,0,11
S01008380,All people aged 16 and over in households,512,350,326,24,162,109,2,14,15,22
S01008380,16 to 24,81,0,0,0,81,81,0,0,0,0
S01008380,25 to 34,43,29,21,8,14,14,0,0,0,0
S01008380,35 to 49,160,141,127,14,19,5,1,9,3,1
S01008380,50 to 64,149,128,126,2,21,3,1,5,11,1
S01008380,65 to 74,51,38,38,0,13,5,0,0,0,8
S01008380,75 to 84,20,12,12,0,8,0,0,0,1,7
S01008380,85 and over,8,2,2,0,6,1,0,0,0,5
S01008381,All people aged 16 and over in households,489,348,326,22,141,99,2,3,21,16
S01008381,16 to 24,61,0,0,0,61,61,0,0,0,0
S01008381,25 to 34,48,34,30,4,14,13,1,0,0,0
S01008381,35 to 49,176,158,142,16,18,11,0,1,6,0
S01008381,50 to 64,142,117,115,2,25,8,1,1,13,2
S01008381,65 to 74,38,25,25,0,13,5,0,1,1,6
S01008381,75 to 84,20,12,12,0,8,1,0,0,1,6
S01008381,85 and over,4,2,2,0,2,0,0,0,0,2
S01008382,All people aged 16 and over in households,502,358,346,12,144,81,4,12,13,34
S01008382,16 to 24,47,0,0,0,47,46,0,0,0,1
S01008382,25 to 34,59,40,39,1,19,16,1,1,1,0
S01008382,35 to 49,153,128,120,8,25,9,1,7,8,0
S01008382,50 to 64,121,106,103,3,15,6,0,4,2,3
S01008382,65 to 74,72,61,61,0,11,2,0,0,1,8
S01008382,75 to 84,34,19,19,0,15,1,2,0,1,11
S01008382,85 and over,16,4,4,0,12,1,0,0,0,11
S01008383,All people aged 16 and over in households,378,256,234,22,122,86,0,4,8,24
S01008383,16 to 24,45,0,0,0,45,45,0,0,0,0
S01008383,25 to 34,43,20,16,4,23,21,0,2,0,0
S01008383,35 to 49,112,98,88,10,14,8,0,2,3,1
S01008383,50 to 64,98,87,79,8,11,7,0,0,2,2
S01008383,65 to 74,44,38,38,0,6,1,0,0,1,4
S01008383,75 to 84,29,11,11,0,18,3,0,0,2,13
S01008383,85 and over,7,2,2,0,5,1,0,0,0,4
S01008384,All people aged 16 and over in households,773,480,442,38,293,189,4,20,34,46
S01008384,16 to 24,107,4,2,2,103,102,0,1,0,0
S01008384,25 to 34,96,55,37,18,41,38,0,3,0,0
S01008384,35 to 49,219,160,147,13,59,28,2,10,16,3
S01008384,50 to 64,204,166,161,5,38,13,0,5,15,5
S01008384,65 to 74,83,62,62,0,21,6,2,0,2,11
S01008384,75 to 84,54,30,30,0,24,2,0,1,1,20
S01008384,85 and over,10,3,3,0,7,0,0,0,0,7
S01008385,All people aged 16 and over in households,542,382,350,32,160,107,1,3,13,36
S01008385,16 to 24,66,1,1,0,65,65,0,0,0,0
S01008385,25 to 34,34,19,16,3,15,14,0,0,1,0
S01008385,35 to 49,146,126,116,10,20,13,1,1,3,2
S01008385,50 to 64,154,134,117,17,20,12,0,2,3,3
S01008385,65 to 74,75,61,59,2,14,2,0,0,6,6
S01008385,75 to 84,54,38,38,0,16,1,0,0,0,15
S01008385,85 and over,13,3,3,0,10,0,0,0,0,10
S01008386,All people aged 16 and over in households,661,414,374,40,247,157,3,16,34,37
S01008386,16 to 24,86,2,1,1,84,84,0,0,0,0
S01008386,25 to 34,99,71,44,27,28,27,0,1,0,0
S01008386,35 to 49,174,117,112,5,57,29,1,11,15,1
S01008386,50 to 64,174,143,140,3,31,9,0,4,12,6
S01008386,65 to 74,76,63,60,3,13,2,1,0,5,5
S01008386,75 to 84,38,16,15,1,22,2,1,0,1,18
S01008386,85 and over,14,2,2,0,12,4,0,0,1,7
S01008387,All people aged 16 and over in households,476,338,302,36,138,94,1,5,23,15
S01008387,16 to 24,57,1,0,1,56,56,0,0,0,0
S01008387,25 to 34,52,41,31,10,11,11,0,0,0,0
S01008387,35 to 49,181,150,134,16,31,17,1,3,10,0
S01008387,50 to 64,107,89,82,7,18,6,0,2,9,1
S01008387,65 to 74,44,32,30,2,12,4,0,0,2,6
S01008387,75 to 84,31,24,24,0,7,0,0,0,2,5
S01008387,85 and over,4,1,1,0,3,0,0,0,0,3
S01008388,All people aged 16 and over in households,488,330,284,46,158,106,1,15,23,13
S01008388,16 to 24,69,1,1,0,68,68,0,0,0,0
S01008388,25 to 34,71,54,38,16,17,15,0,0,2,0
S01008388,35 to 49,161,130,104,26,31,13,1,7,9,1
S01008388,50 to 64,153,122,119,3,31,9,0,8,8,6
S01008388,65 to 74,21,14,14,0,7,0,0,0,3,4
S01008388,75 to 84,10,7,6,1,3,1,0,0,1,1
S01008388,85 and over,3,2,2,0,1,0,0,0,0,1
S01008389,All people aged 16 and over in households,539,312,296,16,227,106,9,6,16,90
S01008389,16 to 24,47,0,0,0,47,45,2,0,0,0
S01008389,25 to 34,19,4,3,1,15,13,2,0,0,0
S01008389,35 to 49,96,69,60,9,27,18,0,4,4,1
S01008389,50 to 64,115,92,86,6,23,10,0,1,6,6
S01008389,65 to 74,93,65,65,0,28,8,2,1,4,13
S01008389,75 to 84,120,68,68,0,52,8,3,0,2,39
S01008389,85 and over,49,14,14,0,35,4,0,0,0,31
S01008390,All people aged 16 and over in households,515,356,334,22,159,106,3,3,7,40
S01008390,16 to 24,63,0,0,0,63,63,0,0,0,0
S01008390,25 to 34,35,18,14,4,17,15,1,0,0,1
S01008390,35 to 49,122,112,100,12,10,9,1,0,0,0
S01008390,50 to 64,162,136,132,4,26,11,1,3,3,8
S01008390,65 to 74,75,58,56,2,17,6,0,0,4,7
S01008390,75 to 84,47,25,25,0,22,1,0,0,0,21
S01008390,85 and over,11,7,7,0,4,1,0,0,0,3
S01008391,All people aged 16 and over in households,627,378,350,28,249,117,5,11,21,95
S01008391,16 to 24,70,2,1,1,68,68,0,0,0,0
S01008391,25 to 34,41,19,13,6,22,20,1,0,1,0
S01008391,35 to 49,140,122,108,14,18,11,1,1,4,1
S01008391,50 to 64,156,126,119,7,30,6,2,7,9,6
S01008391,65 to 74,85,62,62,0,23,3,0,2,4,14
S01008391,75 to 84,94,42,42,0,52,7,0,1,2,42
S01008391,85 and over,41,5,5,0,36,2,1,0,1,32
S01008392,All people aged 16 and over in households,697,470,420,50,227,158,6,11,20,32
S01008392,16 to 24,100,0,0,0,100,99,0,0,1,0
S01008392,25 to 34,67,41,31,10,26,25,1,0,0,0
S01008392,35 to 49,239,197,169,28,42,25,0,5,8,4
S01008392,50 to 64,184,160,150,10,24,5,2,5,9,3
S01008392,65 to 74,63,48,46,2,15,2,2,1,1,9
S01008392,75 to 84,33,20,20,0,13,2,1,0,1,9
S01008392,85 and over,11,4,4,0,7,0,0,0,0,7
S01008393,All people aged 16 and over in households,669,410,384,26,259,131,8,13,21,86
S01008393,16 to 24,68,2,0,2,66,66,0,0,0,0
S01008393,25 to 34,43,18,13,5,25,21,2,1,1,0
S01008393,35 to 49,179,148,136,12,31,15,2,8,6,0
S01008393,50 to 64,164,135,130,5,29,11,0,3,7,8
S01008393,65 to 74,80,54,52,2,26,5,2,1,5,13
S01008393,75 to 84,102,42,42,0,60,10,1,0,2,47
S01008393,85 and over,33,11,11,0,22,3,1,0,0,18
S01008394,All people aged 16 and over in households,600,438,420,18,162,116,3,8,13,22
S01008394,16 to 24,90,1,0,1,89,89,0,0,0,0
S01008394,25 to 34,40,27,24,3,13,12,0,1,0,0
S01008394,35 to 49,213,197,191,6,16,8,0,0,7,1
S01008394,50 to 64,165,144,138,6,21,4,1,6,3,7
S01008394,65 to 74,58,49,49,0,9,1,1,0,1,6
S01008394,75 to 84,28,19,17,2,9,0,1,1,1,6
S01008394,85 and over,6,1,1,0,5,2,0,0,1,2
S01008395,All people aged 16 and over in households,413,274,250,24,139,101,2,4,15,17
S01008395,16 to 24,68,2,0,2,66,66,0,0,0,0
S01008395,25 to 34,52,36,28,8,16,15,1,0,0,0
S01008395,35 to 49,119,104,93,11,15,9,0,2,4,0
S01008395,50 to 64,130,109,106,3,21,6,0,2,9,4
S01008395,65 to 74,26,19,19,0,7,2,0,0,2,3
S01008395,75 to 84,14,4,4,0,10,3,0,0,0,7
S01008395,85 and over,4,0,0,0,4,0,1,0,0,3
S01008396,All people aged 16 and over in households,554,324,306,18,230,121,3,9,22,75
S01008396,16 to 24,58,3,0,3,55,55,0,0,0,0
S01008396,25 to 34,42,12,9,3,30,29,0,0,1,0
S01008396,35 to 49,88,71,65,6,17,10,0,3,3,1
S01008396,50 to 64,155,115,111,4,40,14,0,4,17,5
S01008396,65 to 74,78,63,61,2,15,1,1,0,1,12
S01008396,75 to 84,101,50,50,0,51,10,1,2,0,38
S01008396,85 and over,32,10,10,0,22,2,1,0,0,19
S01008397,All people aged 16 and over in households,762,514,486,28,248,173,6,6,21,42
S01008397,16 to 24,116,1,1,0,115,113,2,0,0,0
S01008397,25 to 34,67,30,26,4,37,35,0,1,1,0
S01008397,35 to 49,180,152,134,18,28,14,2,4,8,0
S01008397,50 to 64,256,232,228,4,24,7,1,1,9,6
S01008397,65 to 74,94,69,67,2,25,2,0,0,3,20
S01008397,75 to 84,43,28,28,0,15,1,0,0,0,14
S01008397,85 and over,6,2,2,0,4,1,1,0,0,2
S01008398,All people aged 16 and over in households,479,318,296,22,161,95,1,8,14,43
S01008398,16 to 24,53,2,2,0,51,51,0,0,0,0
S01008398,25 to 34,39,22,17,5,17,17,0,0,0,0
S01008398,35 to 49,124,101,89,12,23,12,1,3,3,4
S01008398,50 to 64,122,106,103,3,16,3,0,3,6,4
S01008398,65 to 74,70,55,53,2,15,6,0,1,4,4
S01008398,75 to 84,51,26,26,0,25,3,0,1,1,20
S01008398,85 and over,20,6,6,0,14,3,0,0,0,11
S01008399,All people aged 16 and over in households,460,280,264,16,180,84,1,9,15,71
S01008399,16 to 24,43,3,1,2,40,40,0,0,0,0
S01008399,25 to 34,23,11,8,3,12,10,1,1,0,0
S01008399,35 to 49,93,76,69,7,17,13,0,1,3,0
S01008399,50 to 64,130,97,94,3,33,13,0,4,9,7
S01008399,65 to 74,76,50,49,1,26,6,0,2,0,18
S01008399,75 to 84,73,35,35,0,38,2,0,1,3,32
S01008399,85 and over,22,8,8,0,14,0,0,0,0,14
S01008400,All people aged 16 and over in households,536,346,326,20,190,115,7,11,15,42
S01008400,16 to 24,70,0,0,0,70,70,0,0,0,0
S01008400,25 to 34,62,35,31,4,27,21,3,2,1,0
S01008400,35 to 49,142,114,107,7,28,12,2,7,7,0
S01008400,50 to 64,132,114,107,7,18,4,1,2,5,6
S01008400,65 to 74,70,53,53,0,17,3,1,0,2,11
S01008400,75 to 84,45,26,26,0,19,4,0,0,0,15
S01008400,85 and over,15,4,2,2,11,1,0,0,0,10
S01008401,All people aged 16 and over in households,807,494,454,40,313,190,18,14,16,75
S01008401,16 to 24,104,6,2,4,98,98,0,0,0,0
S01008401,25 to 34,82,38,26,12,44,39,5,0,0,0
S01008401,35 to 49,172,135,118,17,37,23,5,7,2,0
S01008401,50 to 64,218,181,176,5,37,14,3,6,9,5
S01008401,65 to 74,96,73,72,1,23,4,3,1,4,11
S01008401,75 to 84,94,48,48,0,46,9,2,0,1,34
S01008401,85 and over,41,13,12,1,28,3,0,0,0,25
S01008402,All people aged 16 and over in households,900,630,614,16,270,168,7,6,20,69
S01008402,16 to 24,120,1,1,0,119,118,1,0,0,0
S01008402,25 to 34,44,13,10,3,31,28,2,0,1,0
S01008402,35 to 49,187,165,160,5,22,13,2,1,4,2
S01008402,50 to 64,276,251,247,4,25,2,0,4,12,7
S01008402,65 to 74,147,123,121,2,24,2,0,1,1,20
S01008402,75 to 84,91,57,56,1,34,5,2,0,2,25
S01008402,85 and over,35,20,19,1,15,0,0,0,0,15
S01008403,All people aged 16 and over in households,473,330,310,20,143,105,0,6,7,25
S01008403,16 to 24,65,0,0,0,65,65,0,0,0,0
S01008403,25 to 34,30,12,9,3,18,18,0,0,0,0
S01008403,35 to 49,150,135,123,12,15,9,0,3,3,0
S01008403,50 to 64,110,97,92,5,13,8,0,2,1,2
S01008403,65 to 74,76,63,63,0,13,0,0,1,2,10
S01008403,75 to 84,33,20,20,0,13,2,0,0,1,10
S01008403,85 and over,9,3,3,0,6,3,0,0,0,3
S01008404,All people aged 16 and over in households,718,492,466,26,226,140,3,6,17,60
S01008404,16 to 24,97,0,0,0,97,96,1,0,0,0
S01008404,25 to 34,68,43,35,8,25,24,0,0,1,0
S01008404,35 to 49,164,151,140,11,13,5,1,2,5,0
S01008404,50 to 64,204,185,180,5,19,7,1,3,6,2
S01008404,65 to 74,82,63,61,2,19,2,0,0,4,13
S01008404,75 to 84,75,41,41,0,34,6,0,1,1,26
S01008404,85 and over,28,9,9,0,19,0,0,0,0,19
S01008405,All people aged 16 and over in households,584,406,386,20,178,120,7,10,11,30
S01008405,16 to 24,81,0,0,0,81,81,0,0,0,0
S01008405,25 to 34,58,31,28,3,27,23,2,1,1,0
S01008405,35 to 49,157,139,128,11,18,8,1,3,4,2
S01008405,50 to 64,183,166,160,6,17,2,1,4,4,6
S01008405,65 to 74,66,53,53,0,13,4,0,2,0,7
S01008405,75 to 84,25,14,14,0,11,1,2,0,2,6
S01008405,85 and over,14,3,3,0,11,1,1,0,0,9
S01008406,All people aged 16 and over in households,779,416,376,40,363,156,9,21,44,133
S01008406,16 to 24,79,5,1,4,74,72,1,0,1,0
S01008406,25 to 34,64,34,23,11,30,26,2,0,0,2
S01008406,35 to 49,177,136,117,19,41,20,3,10,6,2
S01008406,50 to 64,185,143,139,4,42,11,1,3,16,11
S01008406,65 to 74,93,50,48,2,43,8,1,6,10,18
S01008406,75 to 84,113,38,38,0,75,10,1,2,8,54
S01008406,85 and over,68,10,10,0,58,9,0,0,3,46
S01008407,All people aged 16 and over in households,456,200,172,28,256,137,5,14,27,73
S01008407,16 to 24,49,5,1,4,44,43,1,0,0,0
S01008407,25 to 34,41,17,12,5,24,22,1,0,1,0
S01008407,35 to 49,99,61,50,11,38,25,1,5,7,0
S01008407,50 to 64,111,69,61,8,42,20,1,4,10,7
S01008407,65 to 74,55,28,28,0,27,12,0,4,3,8
S01008407,75 to 84,54,14,14,0,40,7,1,1,4,27
S01008407,85 and over,47,6,6,0,41,8,0,0,2,31
S01008408,All people aged 16 and over in households,506,312,280,32,194,122,0,12,21,39
S01008408,16 to 24,72,1,0,1,71,71,0,0,0,0
S01008408,25 to 34,47,32,30,2,15,15,0,0,0,0
S01008408,35 to 49,179,141,126,15,38,18,0,6,11,3
S01008408,50 to 64,128,100,87,13,28,8,0,4,8,8
S01008408,65 to 74,41,25,24,1,16,3,0,2,0,11
S01008408,75 to 84,32,12,12,0,20,4,0,0,2,14
S01008408,85 and over,7,1,1,0,6,3,0,0,0,3
S01008409,All people aged 16 and over in households,684,346,298,48,338,196,7,17,46,72
S01008409,16 to 24,90,5,3,2,85,84,0,0,0,1
S01008409,25 to 34,108,49,36,13,59,53,2,2,2,0
S01008409,35 to 49,167,109,86,23,58,31,2,8,17,0
S01008409,50 to 64,174,124,114,10,50,14,3,6,16,11
S01008409,65 to 74,59,32,32,0,27,6,0,1,8,12
S01008409,75 to 84,61,21,21,0,40,6,0,0,3,31
S01008409,85 and over,25,6,6,0,19,2,0,0,0,17
S01008410,All people aged 16 and over in households,495,270,240,30,225,113,6,9,26,71
S01008410,16 to 24,55,3,1,2,52,50,2,0,0,0
S01008410,25 to 34,62,34,24,10,28,26,1,0,1,0
S01008410,35 to 49,109,81,67,14,28,15,1,7,4,1
S01008410,50 to 64,115,81,77,4,34,12,1,2,9,10
S01008410,65 to 74,58,38,38,0,20,4,0,0,9,7
S01008410,75 to 84,74,29,29,0,45,4,0,0,2,39
S01008410,85 and over,22,4,4,0,18,2,1,0,1,14
S01008411,All people aged 16 and over in households,500,300,256,44,200,133,5,11,22,29
S01008411,16 to 24,74,6,4,2,68,67,1,0,0,0
S01008411,25 to 34,51,28,20,8,23,22,1,0,0,0
S01008411,35 to 49,142,104,82,22,38,25,1,5,6,1
S01008411,50 to 64,128,94,86,8,34,13,1,6,9,5
S01008411,65 to 74,60,46,43,3,14,5,0,0,5,4
S01008411,75 to 84,33,20,19,1,13,1,0,0,1,11
S01008411,85 and over,12,2,2,0,10,0,1,0,1,8
S01008412,All people aged 16 and over in households,561,310,286,24,251,167,1,19,23,41
S01008412,16 to 24,105,2,1,1,103,103,0,0,0,0
S01008412,25 to 34,32,15,6,9,17,17,0,0,0,0
S01008412,35 to 49,160,112,99,13,48,28,1,12,5,2
S01008412,50 to 64,143,107,106,1,36,11,0,4,12,9
S01008412,65 to 74,69,47,47,0,22,6,0,2,5,9
S01008412,75 to 84,39,24,24,0,15,1,0,0,1,13
S01008412,85 and over,13,3,3,0,10,1,0,1,0,8
S01008413,All people aged 16 and over in households,442,246,220,26,196,131,2,3,29,31
S01008413,16 to 24,71,0,0,0,71,71,0,0,0,0
S01008413,25 to 34,51,29,14,15,22,21,1,0,0,0
S01008413,35 to 49,108,70,66,4,38,23,0,2,12,1
S01008413,50 to 64,143,116,109,7,27,13,0,1,9,4
S01008413,65 to 74,34,21,21,0,13,1,0,0,6,6
S01008413,75 to 84,24,7,7,0,17,2,1,0,2,12
S01008413,85 and over,11,3,3,0,8,0,0,0,0,8
S01008414,All people aged 16 and over in households,361,234,230,4,127,97,6,3,9,12
S01008414,16 to 24,60,2,2,0,58,58,0,0,0,0
S01008414,25 to 34,44,20,20,0,24,22,1,0,1,0
S01008414,35 to 49,87,70,68,2,17,13,0,1,3,0
S01008414,50 to 64,108,91,89,2,17,4,5,2,4,2
S01008414,65 to 74,28,24,24,0,4,0,0,0,1,3
S01008414,75 to 84,26,20,20,0,6,0,0,0,0,6
S01008414,85 and over,8,7,7,0,1,0,0,0,0,1
S01008415,All people aged 16 and over in households,680,364,318,46,316,208,6,14,34,54
S01008415,16 to 24,110,6,2,4,104,104,0,0,0,0
S01008415,25 to 34,103,52,35,17,51,47,1,1,2,0
S01008415,35 to 49,171,123,106,17,48,30,2,6,8,2
S01008415,50 to 64,169,109,101,8,60,24,2,7,19,8
S01008415,65 to 74,68,48,48,0,20,3,0,0,4,13
S01008415,75 to 84,44,23,23,0,21,0,0,0,1,20
S01008415,85 and over,15,3,3,0,12,0,1,0,0,11
S01008416,All people aged 16 and over in households,780,380,298,82,400,257,5,25,68,45
S01008416,16 to 24,121,14,1,13,107,106,1,0,0,0
S01008416,25 to 34,117,57,31,26,60,57,1,2,0,0
S01008416,35 to 49,224,123,96,27,101,64,2,12,22,1
S01008416,50 to 64,194,130,119,11,64,19,1,10,27,7
S01008416,65 to 74,68,42,37,5,26,3,0,1,13,9
S01008416,75 to 84,37,11,11,0,26,5,0,0,5,16
S01008416,85 and over,19,3,3,0,16,3,0,0,1,12
S01008417,All people aged 16 and over in households,586,426,400,26,160,99,2,10,18,31
S01008417,16 to 24,59,3,0,3,56,56,0,0,0,0
S01008417,25 to 34,30,15,12,3,15,15,0,0,0,0
S01008417,35 to 49,169,139,128,11,30,22,1,4,3,0
S01008417,50 to 64,178,153,149,4,25,2,1,6,10,6
S01008417,65 to 74,112,97,93,4,15,2,0,0,3,10
S01008417,75 to 84,29,14,13,1,15,2,0,0,2,11
S01008417,85 and over,9,5,5,0,4,0,0,0,0,4
S01008418,All people aged 16 and over in households,584,388,356,32,196,103,0,13,36,44
S01008418,16 to 24,51,7,4,3,44,44,0,0,0,0
S01008418,25 to 34,73,51,44,7,22,21,0,0,1,0
S01008418,35 to 49,141,102,85,17,39,26,0,4,9,0
S01008418,50 to 64,166,134,129,5,32,7,0,4,15,6
S01008418,65 to 74,105,77,77,0,28,1,0,4,9,14
S01008418,75 to 84,34,14,14,0,20,4,0,0,2,14
S01008418,85 and over,14,3,3,0,11,0,0,1,0,10
S01008419,All people aged 16 and over in households,373,248,230,18,125,70,3,9,16,27
S01008419,16 to 24,51,2,1,1,49,49,0,0,0,0
S01008419,25 to 34,12,8,7,1,4,4,0,0,0,0
S01008419,35 to 49,151,133,123,10,18,9,2,1,5,1
S01008419,50 to 64,99,77,73,4,22,6,1,5,6,4
S01008419,65 to 74,36,23,21,2,13,0,0,3,3,7
S01008419,75 to 84,12,4,4,0,8,0,0,0,2,6
S01008419,85 and over,12,1,1,0,11,2,0,0,0,9
S01008420,All people aged 16 and over in households,396,278,262,16,118,74,0,3,16,25
S01008420,16 to 24,50,2,0,2,48,48,0,0,0,0
S01008420,25 to 34,46,30,23,7,16,15,0,0,1,0
S01008420,35 to 49,93,79,75,4,14,5,0,2,7,0
S01008420,50 to 64,113,98,95,3,15,4,0,1,4,6
S01008420,65 to 74,54,40,40,0,14,2,0,0,3,9
S01008420,75 to 84,34,26,26,0,8,0,0,0,1,7
S01008420,85 and over,6,3,3,0,3,0,0,0,0,3
S01008421,All people aged 16 and over in households,687,378,302,76,309,161,6,22,62,58
S01008421,16 to 24,82,10,2,8,72,72,0,0,0,0
S01008421,25 to 34,98,60,30,30,38,32,0,4,2,0
S01008421,35 to 49,214,152,120,32,62,29,5,10,14,4
S01008421,50 to 64,167,108,102,6,59,19,1,4,29,6
S01008421,65 to 74,59,22,22,0,37,3,0,3,16,15
S01008421,75 to 84,46,19,19,0,27,5,0,1,1,20
S01008421,85 and over,21,7,7,0,14,1,0,0,0,13
S01008422,All people aged 16 and over in households,490,374,352,22,116,65,2,4,7,38
S01008422,16 to 24,50,2,0,2,48,48,0,0,0,0
S01008422,25 to 34,13,8,8,0,5,5,0,0,0,0
S01008422,35 to 49,137,128,114,14,9,5,1,0,2,1
S01008422,50 to 64,164,154,148,6,10,3,1,4,2,0
S01008422,65 to 74,53,46,46,0,7,2,0,0,2,3
S01008422,75 to 84,43,24,24,0,19,2,0,0,1,16
S01008422,85 and over,30,12,12,0,18,0,0,0,0,18
S01008423,All people aged 16 and over in households,826,616,568,48,210,140,7,7,19,37
S01008423,16 to 24,88,0,0,0,88,88,0,0,0,0
S01008423,25 to 34,43,25,18,7,18,18,0,0,0,0
S01008423,35 to 49,282,258,233,25,24,11,1,6,5,1
S01008423,50 to 64,238,201,187,14,37,14,3,0,11,9
S01008423,65 to 74,99,77,75,2,22,8,2,0,2,10
S01008423,75 to 84,64,48,48,0,16,1,1,1,0,13
S01008423,85 and over,12,7,7,0,5,0,0,0,1,4
S01008424,All people aged 16 and over in households,698,524,498,26,174,94,5,7,16,52
S01008424,16 to 24,78,3,2,1,75,75,0,0,0,0
S01008424,25 to 34,29,19,17,2,10,9,0,0,1,0
S01008424,35 to 49,157,142,131,11,15,6,0,5,3,1
S01008424,50 to 64,186,169,160,9,17,1,2,1,7,6
S01008424,65 to 74,133,107,105,2,26,1,0,1,4,20
S01008424,75 to 84,100,76,75,1,24,2,3,0,1,18
S01008424,85 and over,15,8,8,0,7,0,0,0,0,7
S01008425,All people aged 16 and over in households,804,540,484,56,264,152,2,9,27,74
S01008425,16 to 24,100,6,0,6,94,94,0,0,0,0
S01008425,25 to 34,59,42,25,17,17,17,0,0,0,0
S01008425,35 to 49,187,155,130,25,32,22,0,0,7,3
S01008425,50 to 64,247,203,195,8,44,16,1,5,11,11
S01008425,65 to 74,113,84,84,0,29,1,0,4,5,19
S01008425,75 to 84,83,46,46,0,37,1,1,0,4,31
S01008425,85 and over,15,4,4,0,11,1,0,0,0,10
S01008426,All people aged 16 and over in households,482,252,216,36,230,104,2,15,46,63
S01008426,16 to 24,58,4,2,2,54,54,0,0,0,0
S01008426,25 to 34,60,37,26,11,23,19,1,2,1,0
S01008426,35 to 49,121,83,66,17,38,18,1,11,6,2
S01008426,50 to 64,96,59,53,6,37,5,0,2,22,8
S01008426,65 to 74,72,41,41,0,31,4,0,0,15,12
S01008426,75 to 84,59,23,23,0,36,3,0,0,2,31
S01008426,85 and over,16,5,5,0,11,1,0,0,0,10
S01008427,All people aged 16 and over in households,868,626,550,76,242,178,4,8,30,22
S01008427,16 to 24,131,14,3,11,117,117,0,0,0,0
S01008427,25 to 34,124,84,63,21,40,36,1,2,1,0
S01008427,35 to 49,249,223,196,27,26,12,1,2,8,3
S01008427,50 to 64,277,235,225,10,42,11,1,3,18,9
S01008427,65 to 74,70,63,57,6,7,0,0,1,3,3
S01008427,75 to 84,17,7,6,1,10,2,1,0,0,7
S01008427,85 and over,0,0,0,0,0,0,0,0,0,0
S01008428,All people aged 16 and over in households,561,304,264,40,257,130,2,13,36,76
S01008428,16 to 24,63,3,0,3,60,60,0,0,0,0
S01008428,25 to 34,58,38,24,14,20,20,0,0,0,0
S01008428,35 to 49,130,87,75,12,43,27,0,8,8,0
S01008428,50 to 64,143,101,91,10,42,14,2,3,13,10
S01008428,65 to 74,63,42,41,1,21,5,0,2,4,10
S01008428,75 to 84,83,31,31,0,52,4,0,0,9,39
S01008428,85 and over,21,2,2,0,19,0,0,0,2,17
S01008429,All people aged 16 and over in households,707,486,448,38,221,129,3,11,17,61
S01008429,16 to 24,73,2,0,2,71,71,0,0,0,0
S01008429,25 to 34,59,36,20,16,23,23,0,0,0,0
S01008429,35 to 49,185,152,136,16,33,21,0,8,4,0
S01008429,50 to 64,184,157,153,4,27,9,1,2,11,4
S01008429,65 to 74,100,79,79,0,21,4,0,1,2,14
S01008429,75 to 84,88,55,55,0,33,0,2,0,0,31
S01008429,85 and over,18,5,5,0,13,1,0,0,0,12
S01008430,All people aged 16 and over in households,555,366,322,44,189,109,1,9,22,48
S01008430,16 to 24,73,3,0,3,70,70,0,0,0,0
S01008430,25 to 34,34,22,12,10,12,10,1,1,0,0
S01008430,35 to 49,151,124,105,19,27,16,0,3,8,0
S01008430,50 to 64,138,114,103,11,24,7,0,4,6,7
S01008430,65 to 74,73,56,55,1,17,3,0,0,8,6
S01008430,75 to 84,75,44,44,0,31,3,0,0,0,28
S01008430,85 and over,11,3,3,0,8,0,0,1,0,7
S01008431,All people aged 16 and over in households,698,464,432,32,234,129,6,9,33,57
S01008431,16 to 24,73,0,0,0,73,73,0,0,0,0
S01008431,25 to 34,47,24,14,10,23,22,1,0,0,0
S01008431,35 to 49,180,137,117,20,43,22,2,9,8,2
S01008431,50 to 64,195,166,165,1,29,10,3,0,15,1
S01008431,65 to 74,107,83,82,1,24,2,0,0,7,15
S01008431,75 to 84,85,48,48,0,37,0,0,0,3,34
S01008431,85 and over,11,6,6,0,5,0,0,0,0,5
S01008432,All people aged 16 and over in households,590,416,396,20,174,102,3,8,18,43
S01008432,16 to 24,66,2,2,0,64,63,0,0,0,1
S01008432,25 to 34,35,18,15,3,17,17,0,0,0,0
S01008432,35 to 49,130,105,92,13,25,13,1,5,6,0
S01008432,50 to 64,161,136,133,3,25,8,2,2,10,3
S01008432,65 to 74,105,92,91,1,13,0,0,1,2,10
S01008432,75 to 84,74,55,55,0,19,1,0,0,0,18
S01008432,85 and over,19,8,8,0,11,0,0,0,0,11
S01008433,All people aged 16 and over in households,685,500,452,48,185,111,1,5,29,39
S01008433,16 to 24,59,3,0,3,56,56,0,0,0,0
S01008433,25 to 34,82,55,42,13,27,27,0,0,0,0
S01008433,35 to 49,151,122,108,14,29,17,1,3,8,0
S01008433,50 to 64,248,209,195,14,39,8,0,1,21,9
S01008433,65 to 74,105,89,85,4,16,2,0,1,0,13
S01008433,75 to 84,29,17,17,0,12,1,0,0,0,11
S01008433,85 and over,11,5,5,0,6,0,0,0,0,6
S01008434,All people aged 16 and over in households,661,460,430,30,201,121,9,12,27,32
S01008434,16 to 24,79,1,0,1,78,76,2,0,0,0
S01008434,25 to 34,51,23,15,8,28,25,1,2,0,0
S01008434,35 to 49,157,132,121,11,25,9,2,5,9,0
S01008434,50 to 64,248,206,198,8,42,10,4,5,13,10
S01008434,65 to 74,95,79,77,2,16,1,0,0,3,12
S01008434,75 to 84,30,19,19,0,11,0,0,0,2,9
S01008434,85 and over,1,0,0,0,1,0,0,0,0,1
S01008435,All people aged 16 and over in households,652,462,428,34,190,118,0,14,18,40
S01008435,16 to 24,68,3,0,3,65,65,0,0,0,0
S01008435,25 to 34,62,25,22,3,37,34,0,2,1,0
S01008435,35 to 49,146,125,109,16,21,13,0,4,3,1
S01008435,50 to 64,215,187,178,9,28,5,0,8,10,5
S01008435,65 to 74,115,97,96,1,18,0,0,0,3,15
S01008435,75 to 84,36,22,20,2,14,0,0,0,1,13
S01008435,85 and over,10,3,3,0,7,1,0,0,0,6
S01008436,All people aged 16 and over in households,689,452,402,50,237,140,6,19,27,45
S01008436,16 to 24,86,7,3,4,79,78,0,1,0,0
S01008436,25 to 34,48,24,19,5,24,23,0,1,0,0
S01008436,35 to 49,210,171,146,25,39,24,0,5,9,1
S01008436,50 to 64,201,161,149,12,40,9,3,8,14,6
S01008436,65 to 74,72,54,51,3,18,3,0,3,1,11
S01008436,75 to 84,51,27,26,1,24,1,2,1,3,17
S01008436,85 and over,21,8,8,0,13,2,1,0,0,10
S01008437,All people aged 16 and over in households,604,342,268,74,262,124,5,12,47,74
S01008437,16 to 24,63,7,0,7,56,56,0,0,0,0
S01008437,25 to 34,64,36,15,21,28,23,0,0,4,1
S01008437,35 to 49,153,109,84,25,44,22,3,6,12,1
S01008437,50 to 64,152,109,91,18,43,13,1,6,19,4
S01008437,65 to 74,72,47,46,1,25,6,0,0,4,15
S01008437,75 to 84,77,31,30,1,46,3,0,0,7,36
S01008437,85 and over,23,3,2,1,20,1,1,0,1,17
S01008438,All people aged 16 and over in households,357,238,208,30,119,76,3,14,15,11
S01008438,16 to 24,38,1,0,1,37,37,0,0,0,0
S01008438,25 to 34,31,16,13,3,15,14,0,1,0,0
S01008438,35 to 49,116,95,83,12,21,13,2,4,2,0
S01008438,50 to 64,121,92,81,11,29,10,1,6,9,3
S01008438,65 to 74,23,16,13,3,7,1,0,2,3,1
S01008438,75 to 84,23,18,18,0,5,0,0,1,1,3
S01008438,85 and over,5,0,0,0,5,1,0,0,0,4
S01008439,All people aged 16 and over in households,841,614,584,30,227,126,4,14,38,45
S01008439,16 to 24,79,4,0,4,75,75,0,0,0,0
S01008439,25 to 34,67,45,40,5,22,18,1,2,1,0
S01008439,35 to 49,261,229,222,7,32,15,1,5,9,2
S01008439,50 to 64,262,217,203,14,45,12,2,7,17,7
S01008439,65 to 74,107,79,79,0,28,5,0,0,8,15
S01008439,75 to 84,46,30,30,0,16,1,0,0,3,12
S01008439,85 and over,19,10,10,0,9,0,0,0,0,9
S01008440,All people aged 16 and over in households,808,592,568,24,216,121,2,11,29,53
S01008440,16 to 24,69,0,0,0,69,69,0,0,0,0
S01008440,25 to 34,55,35,28,7,20,19,1,0,0,0
S01008440,35 to 49,203,180,167,13,23,12,0,3,7,1
S01008440,50 to 64,231,196,194,2,35,11,1,6,13,4
S01008440,65 to 74,130,109,107,2,21,8,0,2,4,7
S01008440,75 to 84,96,62,62,0,34,2,0,0,5,27
S01008440,85 and over,24,10,10,0,14,0,0,0,0,14
S01008441,All people aged 16 and over in households,374,268,256,12,106,59,1,4,12,30
S01008441,16 to 24,38,2,2,0,36,36,0,0,0,0
S01008441,25 to 34,22,12,12,0,10,10,0,0,0,0
S01008441,35 to 49,103,92,87,5,11,5,0,2,3,1
S01008441,50 to 64,118,97,91,6,21,6,0,1,9,5
S01008441,65 to 74,52,41,40,1,11,2,1,1,0,7
S01008441,75 to 84,34,23,23,0,11,0,0,0,0,11
S01008441,85 and over,7,1,1,0,6,0,0,0,0,6
S01008442,All people aged 16 and over in households,546,384,332,52,162,87,5,14,34,22
S01008442,16 to 24,41,1,0,1,40,40,0,0,0,0
S01008442,25 to 34,90,72,52,20,18,17,1,0,0,0
S01008442,35 to 49,179,137,116,21,42,16,3,7,16,0
S01008442,50 to 64,155,128,120,8,27,6,1,5,10,5
S01008442,65 to 74,46,26,25,1,20,4,0,1,8,7
S01008442,75 to 84,27,15,14,1,12,3,0,1,0,8
S01008442,85 and over,8,5,5,0,3,1,0,0,0,2
S01008443,All people aged 16 and over in households,486,348,320,28,138,78,6,6,13,35
S01008443,16 to 24,48,4,1,3,44,42,2,0,0,0
S01008443,25 to 34,27,13,9,4,14,11,2,0,0,1
S01008443,35 to 49,122,104,94,10,18,13,0,2,3,0
S01008443,50 to 64,155,131,121,10,24,7,1,4,9,3
S01008443,65 to 74,70,60,59,1,10,1,0,0,0,9
S01008443,75 to 84,49,29,29,0,20,2,0,0,1,17
S01008443,85 and over,15,7,7,0,8,2,1,0,0,5
S01008444,All people aged 16 and over in households,502,334,296,38,168,121,5,6,19,17
S01008444,16 to 24,66,6,2,4,60,58,2,0,0,0
S01008444,25 to 34,85,63,52,11,22,22,0,0,0,0
S01008444,35 to 49,153,126,116,10,27,23,1,2,1,0
S01008444,50 to 64,126,94,89,5,32,11,1,2,14,4
S01008444,65 to 74,38,28,24,4,10,2,1,1,2,4
S01008444,75 to 84,25,14,10,4,11,3,0,1,2,5
S01008444,85 and over,9,3,3,0,6,2,0,0,0,4
S01008445,All people aged 16 and over in households,679,438,426,12,241,95,4,9,37,96
S01008445,16 to 24,52,12,12,0,40,38,1,1,0,0
S01008445,25 to 34,109,100,95,5,9,9,0,0,0,0
S01008445,35 to 49,161,149,148,1,12,6,0,4,2,0
S01008445,50 to 64,93,66,62,4,27,11,1,3,8,4
S01008445,65 to 74,109,67,65,2,42,15,0,1,15,11
S01008445,75 to 84,100,36,36,0,64,10,1,0,10,43
S01008445,85 and over,55,8,8,0,47,6,1,0,2,38
S01008446,All people aged 16 and over in households,611,452,434,18,159,82,0,8,21,48
S01008446,16 to 24,42,0,0,0,42,42,0,0,0,0
S01008446,25 to 34,37,26,25,1,11,11,0,0,0,0
S01008446,35 to 49,182,164,152,12,18,8,0,4,5,1
S01008446,50 to 64,172,147,142,5,25,9,0,3,8,5
S01008446,65 to 74,95,69,69,0,26,4,0,1,6,15
S01008446,75 to 84,60,37,37,0,23,5,0,0,2,16
S01008446,85 and over,23,9,9,0,14,3,0,0,0,11
S01008447,All people aged 16 and over in households,556,420,382,38,136,79,0,6,15,36
S01008447,16 to 24,40,2,1,1,38,38,0,0,0,0
S01008447,25 to 34,41,25,19,6,16,15,0,0,1,0
S01008447,35 to 49,151,130,117,13,21,14,0,2,3,2
S01008447,50 to 64,187,164,146,18,23,6,0,4,9,4
S01008447,65 to 74,84,72,72,0,12,4,0,0,0,8
S01008447,75 to 84,35,20,20,0,15,2,0,0,1,12
S01008447,85 and over,18,7,7,0,11,0,0,0,1,10
S01008448,All people aged 16 and over in households,637,446,396,50,191,127,1,8,19,36
S01008448,16 to 24,72,4,1,3,68,68,0,0,0,0
S01008448,25 to 34,50,28,21,7,22,22,0,0,0,0
S01008448,35 to 49,171,142,118,24,29,17,1,5,6,0
S01008448,50 to 64,194,168,155,13,26,11,0,0,9,6
S01008448,65 to 74,91,69,67,2,22,6,0,3,3,10
S01008448,75 to 84,44,30,29,1,14,2,0,0,1,11
S01008448,85 and over,15,5,5,0,10,1,0,0,0,9
S01008449,All people aged 16 and over in households,594,254,172,82,340,217,16,21,55,31
S01008449,16 to 24,117,14,1,13,103,98,2,0,3,0
S01008449,25 to 34,132,84,50,34,48,42,4,1,1,0
S01008449,35 to 49,188,83,64,19,105,63,7,14,16,5
S01008449,50 to 64,106,50,36,14,56,13,1,4,30,8
S01008449,65 to 74,30,16,14,2,14,0,1,2,4,7
S01008449,75 to 84,19,7,7,0,12,1,0,0,1,10
S01008449,85 and over,2,0,0,0,2,0,1,0,0,1
S01008450,All people aged 16 and over in households,392,138,92,46,254,161,4,16,54,19
S01008450,16 to 24,63,5,2,3,58,57,1,0,0,0
S01008450,25 to 34,100,43,25,18,57,50,0,6,1,0
S01008450,35 to 49,120,51,34,17,69,46,3,6,13,1
S01008450,50 to 64,83,32,24,8,51,7,0,3,34,7
S01008450,65 to 74,12,4,4,0,8,0,0,1,4,3
S01008450,75 to 84,10,2,2,0,8,0,0,0,2,6
S01008450,85 and over,4,1,1,0,3,1,0,0,0,2
S01008451,All people aged 16 and over in households,505,166,118,48,339,227,6,25,65,16
S01008451,16 to 24,103,8,0,8,95,93,2,0,0,0
S01008451,25 to 34,118,57,37,20,61,54,2,1,4,0
S01008451,35 to 49,167,65,48,17,102,65,1,15,19,2
S01008451,50 to 64,93,31,28,3,62,13,1,7,35,6
S01008451,65 to 74,16,4,4,0,12,1,0,2,5,4
S01008451,75 to 84,7,1,1,0,6,1,0,0,2,3
S01008451,85 and over,1,0,0,0,1,0,0,0,0,1
S01008452,All people aged 16 and over in households,442,158,106,52,284,183,9,32,48,12
S01008452,16 to 24,102,9,1,8,93,92,0,1,0,0
S01008452,25 to 34,88,32,17,15,56,43,2,5,5,1
S01008452,35 to 49,141,68,49,19,73,37,2,15,16,3
S01008452,50 to 64,84,36,29,7,48,10,5,10,21,2
S01008452,65 to 74,18,11,8,3,7,0,0,0,4,3
S01008452,75 to 84,8,2,2,0,6,1,0,1,2,2
S01008452,85 and over,1,0,0,0,1,0,0,0,0,1
S01008453,All people aged 16 and over in households,379,204,116,88,175,122,15,8,26,4
S01008453,16 to 24,83,28,2,26,55,54,1,0,0,0
S01008453,25 to 34,144,87,44,43,57,49,2,4,2,0
S01008453,35 to 49,98,60,47,13,38,15,11,3,9,0
S01008453,50 to 64,39,21,16,5,18,4,1,1,12,0
S01008453,65 to 74,10,6,6,0,4,0,0,0,2,2
S01008453,75 to 84,4,2,1,1,2,0,0,0,1,1
S01008453,85 and over,1,0,0,0,1,0,0,0,0,1
S01008454,All people aged 16 and over in households,688,254,178,76,434,293,11,36,68,26
S01008454,16 to 24,144,14,5,9,130,128,0,1,0,1
S01008454,25 to 34,146,44,29,15,102,90,5,5,2,0
S01008454,35 to 49,218,115,80,35,103,60,3,14,23,3
S01008454,50 to 64,134,61,47,14,73,12,3,15,33,10
S01008454,65 to 74,32,19,16,3,13,1,0,0,6,6
S01008454,75 to 84,12,1,1,0,11,2,0,1,4,4
S01008454,85 and over,2,0,0,0,2,0,0,0,0,2
S01008455,All people aged 16 and over in households,806,314,194,120,492,323,8,29,96,36
S01008455,16 to 24,166,32,7,25,134,129,0,0,5,0
S01008455,25 to 34,198,94,40,54,104,92,5,4,2,1
S01008455,35 to 49,197,75,42,33,122,66,1,12,42,1
S01008455,50 to 64,124,53,46,7,71,23,0,6,33,9
S01008455,65 to 74,85,47,46,1,38,9,2,4,12,11
S01008455,75 to 84,29,12,12,0,17,3,0,3,2,9
S01008455,85 and over,7,1,1,0,6,1,0,0,0,5
S01008456,All people aged 16 and over in households,775,302,194,108,473,320,10,36,77,30
S01008456,16 to 24,148,39,9,30,109,101,4,3,1,0
S01008456,25 to 34,208,98,54,44,110,96,3,8,3,0
S01008456,35 to 49,178,61,42,19,117,79,2,15,21,0
S01008456,50 to 64,153,63,55,8,90,31,1,9,40,9
S01008456,65 to 74,60,28,23,5,32,11,0,1,10,10
S01008456,75 to 84,25,13,11,2,12,2,0,0,2,8
S01008456,85 and over,3,0,0,0,3,0,0,0,0,3
S01008457,All people aged 16 and over in households,534,208,146,62,326,169,7,14,85,51
S01008457,16 to 24,73,11,1,10,62,62,0,0,0,0
S01008457,25 to 34,78,34,14,20,44,40,1,0,3,0
S01008457,35 to 49,111,51,30,21,60,38,3,5,13,1
S01008457,50 to 64,137,61,52,9,76,18,3,8,42,5
S01008457,65 to 74,78,32,30,2,46,5,0,1,20,20
S01008457,75 to 84,42,16,16,0,26,5,0,0,7,14
S01008457,85 and over,15,3,3,0,12,1,0,0,0,11
S01008458,All people aged 16 and over in households,779,394,312,82,385,257,4,26,63,35
S01008458,16 to 24,142,23,4,19,119,119,0,0,0,0
S01008458,25 to 34,144,64,44,20,80,73,0,5,2,0
S01008458,35 to 49,212,133,105,28,79,51,1,7,19,1
S01008458,50 to 64,179,117,102,15,62,11,3,9,29,10
S01008458,65 to 74,70,46,46,0,24,3,0,4,8,9
S01008458,75 to 84,29,11,11,0,18,0,0,1,5,12
S01008458,85 and over,3,0,0,0,3,0,0,0,0,3
S01008459,All people aged 16 and over in households,606,230,152,78,376,231,9,28,85,23
S01008459,16 to 24,114,18,2,16,96,95,0,0,0,1
S01008459,25 to 34,138,73,41,32,65,59,2,2,2,0
S01008459,35 to 49,153,68,48,20,85,50,4,9,19,3
S01008459,50 to 64,143,47,38,9,96,22,2,15,50,7
S01008459,65 to 74,42,18,17,1,24,4,1,1,11,7
S01008459,75 to 84,14,6,6,0,8,1,0,1,3,3
S01008459,85 and over,2,0,0,0,2,0,0,0,0,2
S01008460,All people aged 16 and over in households,567,180,108,72,387,258,8,38,55,28
S01008460,16 to 24,118,8,1,7,110,107,2,0,1,0
S01008460,25 to 34,140,57,22,35,83,72,1,8,2,0
S01008460,35 to 49,165,57,38,19,108,57,3,21,24,3
S01008460,50 to 64,102,44,33,11,58,19,2,7,19,11
S01008460,65 to 74,27,11,11,0,16,3,0,2,5,6
S01008460,75 to 84,11,1,1,0,10,0,0,0,3,7
S01008460,85 and over,4,2,2,0,2,0,0,0,1,1
S01008461,All people aged 16 and over in households,708,257,154,103,451,315,7,30,67,32
S01008461,16 to 24,142,29,2,27,113,113,0,0,0,0
S01008461,25 to 34,158,61,27,34,97,85,3,5,4,0
S01008461,35 to 49,210,73,46,27,137,90,3,16,21,7
S01008461,50 to 64,146,63,51,12,83,23,0,9,37,14
S01008461,65 to 74,30,17,15,2,13,3,1,0,4,5
S01008461,75 to 84,20,13,12,1,7,0,0,0,1,6
S01008461,85 and over,2,1,1,0,1,1,0,0,0,0
S01008462,All people aged 16 and over in households,486,156,104,52,330,167,4,28,99,32
S01008462,16 to 24,39,5,1,4,34,34,0,0,0,0
S01008462,25 to 34,44,20,12,8,24,20,4,0,0,0
S01008462,35 to 49,131,47,25,22,84,57,0,14,13,0
S01008462,50 to 64,191,61,48,13,130,46,0,12,65,7
S01008462,65 to 74,52,13,9,4,39,9,0,2,18,10
S01008462,75 to 84,25,9,8,1,16,1,0,0,2,13
S01008462,85 and over,4,1,1,0,3,0,0,0,1,2
S01008463,All people aged 16 and over in households,552,210,132,78,342,234,9,20,57,22
S01008463,16 to 24,91,14,5,9,77,75,1,0,0,1
S01008463,25 to 34,154,67,35,32,87,79,3,1,4,0
S01008463,35 to 49,152,61,31,30,91,62,2,9,15,3
S01008463,50 to 64,98,46,40,6,52,12,1,8,28,3
S01008463,65 to 74,43,18,17,1,25,4,2,2,8,9
S01008463,75 to 84,11,4,4,0,7,1,0,0,2,4
S01008463,85 and over,3,0,0,0,3,1,0,0,0,2
S01008464,All people aged 16 and over in households,695,366,298,68,329,212,5,18,44,50
S01008464,16 to 24,90,18,6,12,72,71,1,0,0,0
S01008464,25 to 34,159,74,42,32,85,78,0,3,4,0
S01008464,35 to 49,146,77,62,15,69,38,3,12,15,1
S01008464,50 to 64,165,125,116,9,40,8,0,2,22,8
S01008464,65 to 74,77,51,51,0,26,12,0,0,3,11
S01008464,75 to 84,38,17,17,0,21,4,1,1,0,15
S01008464,85 and over,20,4,4,0,16,1,0,0,0,15
S01008465,All people aged 16 and over in households,610,334,246,88,276,169,12,18,42,35
S01008465,16 to 24,96,18,1,17,78,76,2,0,0,0
S01008465,25 to 34,117,72,35,37,45,40,2,2,1,0
S01008465,35 to 49,136,78,52,26,58,34,6,6,12,0
S01008465,50 to 64,144,97,89,8,47,12,1,9,16,9
S01008465,65 to 74,66,42,42,0,24,4,0,1,13,6
S01008465,75 to 84,37,21,21,0,16,2,0,0,0,14
S01008465,85 and over,14,6,6,0,8,1,1,0,0,6
S01008466,All people aged 16 and over in households,596,312,230,82,284,200,7,16,28,33
S01008466,16 to 24,102,13,3,10,89,87,0,2,0,0
S01008466,25 to 34,137,69,37,32,68,62,2,2,2,0
S01008466,35 to 49,124,68,41,27,56,33,5,5,11,2
S01008466,50 to 64,133,96,86,10,37,15,0,7,9,6
S01008466,65 to 74,68,51,48,3,17,3,0,0,5,9
S01008466,75 to 84,27,15,15,0,12,0,0,0,1,11
S01008466,85 and over,5,0,0,0,5,0,0,0,0,5
S01008467,All people aged 16 and over in households,639,404,320,84,235,147,8,13,31,36
S01008467,16 to 24,82,11,2,9,71,66,4,0,1,0
S01008467,25 to 34,109,60,28,32,49,43,1,4,1,0
S01008467,35 to 49,157,112,86,26,45,33,2,5,4,1
S01008467,50 to 64,166,139,126,13,27,1,1,1,18,6
S01008467,65 to 74,88,65,61,4,23,2,0,3,5,13
S01008467,75 to 84,30,16,16,0,14,2,0,0,2,10
S01008467,85 and over,7,1,1,0,6,0,0,0,0,6
S01008468,All people aged 16 and over in households,466,250,204,46,216,156,5,9,21,25
S01008468,16 to 24,88,6,0,6,82,79,3,0,0,0
S01008468,25 to 34,81,43,22,21,38,36,0,1,1,0
S01008468,35 to 49,137,99,89,10,38,24,0,3,10,1
S01008468,50 to 64,91,61,56,5,30,9,2,4,7,8
S01008468,65 to 74,48,34,30,4,14,5,0,1,2,6
S01008468,75 to 84,15,5,5,0,10,3,0,0,1,6
S01008468,85 and over,6,2,2,0,4,0,0,0,0,4
S01008469,All people aged 16 and over in households,480,260,210,50,220,149,12,12,25,22
S01008469,16 to 24,98,11,1,10,87,84,2,0,1,0
S01008469,25 to 34,97,47,33,14,50,43,3,3,1,0
S01008469,35 to 49,135,111,94,17,24,11,3,7,3,0
S01008469,50 to 64,76,56,47,9,20,4,1,1,14,0
S01008469,65 to 74,49,28,28,0,21,3,2,1,4,11
S01008469,75 to 84,23,7,7,0,16,3,1,0,2,10
S01008469,85 and over,2,0,0,0,2,1,0,0,0,1
S01008470,All people aged 16 and over in households,586,275,202,73,311,199,9,24,42,37
S01008470,16 to 24,92,7,0,7,85,82,2,1,0,0
S01008470,25 to 34,110,49,18,31,61,56,2,3,0,0
S01008470,35 to 49,136,83,52,31,53,38,0,5,8,2
S01008470,50 to 64,159,101,97,4,58,15,1,7,24,11
S01008470,65 to 74,52,21,21,0,31,7,3,6,9,6
S01008470,75 to 84,29,12,12,0,17,0,0,2,1,14
S01008470,85 and over,8,2,2,0,6,1,1,0,0,4
S01008471,All people aged 16 and over in households,626,244,166,78,382,259,9,33,52,29
S01008471,16 to 24,115,9,1,8,106,106,0,0,0,0
S01008471,25 to 34,134,48,17,31,86,70,5,8,3,0
S01008471,35 to 49,197,96,63,33,101,62,2,15,16,6
S01008471,50 to 64,126,69,64,5,57,14,1,9,28,5
S01008471,65 to 74,35,15,14,1,20,3,1,1,4,11
S01008471,75 to 84,14,6,6,0,8,4,0,0,1,3
S01008471,85 and over,5,1,1,0,4,0,0,0,0,4
S01008472,All people aged 16 and over in households,541,280,202,78,261,173,9,15,36,28
S01008472,16 to 24,90,7,0,7,83,80,0,2,1,0
S01008472,25 to 34,127,81,41,40,46,40,4,0,1,1
S01008472,35 to 49,147,88,68,20,59,35,3,9,11,1
S01008472,50 to 64,103,68,57,11,35,12,1,3,14,5
S01008472,65 to 74,41,20,20,0,21,6,0,1,4,10
S01008472,75 to 84,28,16,16,0,12,0,1,0,5,6
S01008472,85 and over,5,0,0,0,5,0,0,0,0,5
S01008473,All people aged 16 and over in households,550,250,180,70,300,176,16,21,45,42
S01008473,16 to 24,89,13,2,11,76,71,5,0,0,0
S01008473,25 to 34,121,60,35,25,61,52,4,3,2,0
S01008473,35 to 49,144,81,59,22,63,37,6,6,12,2
S01008473,50 to 64,111,63,53,10,48,11,1,12,19,5
S01008473,65 to 74,55,26,24,2,29,4,0,0,10,15
S01008473,75 to 84,17,4,4,0,13,1,0,0,2,10
S01008473,85 and over,13,3,3,0,10,0,0,0,0,10
S01008474,All people aged 16 and over in households,666,264,176,88,402,230,11,24,68,69
S01008474,16 to 24,91,18,7,11,73,73,0,0,0,0
S01008474,25 to 34,145,86,31,55,59,51,1,5,2,0
S01008474,35 to 49,160,57,40,17,103,71,5,7,20,0
S01008474,50 to 64,116,40,37,3,76,23,4,7,35,7
S01008474,65 to 74,72,37,36,1,35,8,1,3,7,16
S01008474,75 to 84,65,23,22,1,42,3,0,2,3,34
S01008474,85 and over,17,3,3,0,14,1,0,0,1,12
S01008475,All people aged 16 and over in households,500,200,142,58,300,156,3,17,56,68
S01008475,16 to 24,61,6,2,4,55,54,0,0,0,1
S01008475,25 to 34,104,55,27,28,49,43,3,0,2,1
S01008475,35 to 49,107,42,28,14,65,35,0,8,21,1
S01008475,50 to 64,100,52,43,9,48,15,0,8,18,7
S01008475,65 to 74,65,33,30,3,32,2,0,1,10,19
S01008475,75 to 84,44,10,10,0,34,4,0,0,4,26
S01008475,85 and over,19,2,2,0,17,3,0,0,1,13
S01008476,All people aged 16 and over in households,614,282,188,94,332,180,5,13,67,67
S01008476,16 to 24,59,16,2,14,43,43,0,0,0,0
S01008476,25 to 34,141,89,44,45,52,48,2,0,2,0
S01008476,35 to 49,155,68,42,26,87,57,3,8,17,2
S01008476,50 to 64,98,44,36,8,54,18,0,3,28,5
S01008476,65 to 74,71,35,34,1,36,8,0,2,12,14
S01008476,75 to 84,61,24,24,0,37,3,0,0,8,26
S01008476,85 and over,29,6,6,0,23,3,0,0,0,20
S01008477,All people aged 16 and over in households,680,280,200,80,400,216,5,24,71,84
S01008477,16 to 24,51,8,1,7,43,41,1,1,0,0
S01008477,25 to 34,143,68,38,30,75,67,2,2,3,1
S01008477,35 to 49,177,82,55,27,95,68,1,11,14,1
S01008477,50 to 64,139,68,58,10,71,23,0,8,33,7
S01008477,65 to 74,89,40,36,4,49,8,0,2,15,24
S01008477,75 to 84,54,13,11,2,41,8,0,0,6,27
S01008477,85 and over,27,1,1,0,26,1,1,0,0,24
S01008478,All people aged 16 and over in households,669,278,200,78,391,208,5,24,75,79
S01008478,16 to 24,84,13,2,11,71,71,0,0,0,0
S01008478,25 to 34,126,60,30,30,66,59,1,3,3,0
S01008478,35 to 49,155,88,63,25,67,39,2,7,19,0
S01008478,50 to 64,140,65,53,12,75,19,1,12,34,9
S01008478,65 to 74,59,25,25,0,34,13,0,1,8,12
S01008478,75 to 84,81,21,21,0,60,6,1,1,10,42
S01008478,85 and over,24,6,6,0,18,1,0,0,1,16
S01008479,All people aged 16 and over in households,653,304,198,106,349,215,6,12,38,78
S01008479,16 to 24,66,8,3,5,58,58,0,0,0,0
S01008479,25 to 34,154,76,36,40,78,75,2,1,0,0
S01008479,35 to 49,134,66,35,31,68,53,0,4,9,2
S01008479,50 to 64,139,88,60,28,51,13,4,4,24,6
S01008479,65 to 74,70,32,30,2,38,3,0,3,5,27
S01008479,75 to 84,68,26,26,0,42,12,0,0,0,30
S01008479,85 and over,22,8,8,0,14,1,0,0,0,13
S01008480,All people aged 16 and over in households,503,236,138,98,267,192,3,17,37,18
S01008480,16 to 24,92,20,4,16,72,72,0,0,0,0
S01008480,25 to 34,177,85,37,48,92,80,3,5,4,0
S01008480,35 to 49,112,58,29,29,54,30,0,9,15,0
S01008480,50 to 64,79,46,42,4,33,10,0,3,14,6
S01008480,65 to 74,20,12,11,1,8,0,0,0,3,5
S01008480,75 to 84,20,14,14,0,6,0,0,0,0,6
S01008480,85 and over,3,1,1,0,2,0,0,0,1,1
S01008481,All people aged 16 and over in households,777,422,358,64,355,219,9,22,57,48
S01008481,16 to 24,131,10,2,8,121,121,0,0,0,0
S01008481,25 to 34,84,25,14,11,59,47,2,7,3,0
S01008481,35 to 49,203,139,111,28,64,29,3,10,20,2
S01008481,50 to 64,191,131,115,16,60,16,2,5,24,13
S01008481,65 to 74,115,89,88,1,26,3,1,0,7,15
S01008481,75 to 84,50,28,28,0,22,3,1,0,3,15
S01008481,85 and over,3,0,0,0,3,0,0,0,0,3
S01008482,All people aged 16 and over in households,515,274,206,68,241,131,6,15,42,47
S01008482,16 to 24,45,5,0,5,40,40,0,0,0,0
S01008482,25 to 34,78,35,16,19,43,37,2,4,0,0
S01008482,35 to 49,139,87,56,31,52,35,1,8,8,0
S01008482,50 to 64,105,69,60,9,36,7,2,2,19,6
S01008482,65 to 74,72,48,44,4,24,4,0,0,12,8
S01008482,75 to 84,51,22,22,0,29,5,1,1,3,19
S01008482,85 and over,25,8,8,0,17,3,0,0,0,14
S01008483,All people aged 16 and over in households,531,268,186,82,263,144,5,14,48,52
S01008483,16 to 24,80,26,14,12,54,53,0,1,0,0
S01008483,25 to 34,98,59,19,40,39,36,0,2,1,0
S01008483,35 to 49,122,78,57,21,44,27,0,3,14,0
S01008483,50 to 64,103,57,51,6,46,17,2,7,12,8
S01008483,65 to 74,60,25,22,3,35,10,1,0,12,12
S01008483,75 to 84,52,22,22,0,30,1,2,1,6,20
S01008483,85 and over,16,1,1,0,15,0,0,0,3,12
S01008484,All people aged 16 and over in households,628,376,308,68,252,149,2,15,31,55
S01008484,16 to 24,58,5,1,4,53,53,0,0,0,0
S01008484,25 to 34,98,55,34,21,43,39,0,4,0,0
S01008484,35 to 49,149,103,76,27,46,32,2,5,6,1
S01008484,50 to 64,182,135,120,15,47,21,0,5,14,7
S01008484,65 to 74,69,44,43,1,25,2,0,0,9,14
S01008484,75 to 84,45,24,24,0,21,1,0,1,2,17
S01008484,85 and over,27,10,10,0,17,1,0,0,0,16
S01008485,All people aged 16 and over in households,798,506,418,88,292,208,5,13,33,33
S01008485,16 to 24,144,23,9,14,121,120,1,0,0,0
S01008485,25 to 34,155,108,74,34,47,41,3,1,2,0
S01008485,35 to 49,211,157,136,21,54,33,0,9,11,1
S01008485,50 to 64,146,111,93,18,35,10,1,3,18,3
S01008485,65 to 74,97,84,83,1,13,4,0,0,1,8
S01008485,75 to 84,37,21,21,0,16,0,0,0,0,16
S01008485,85 and over,8,2,2,0,6,0,0,0,1,5
S01008486,All people aged 16 and over in households,777,380,330,50,397,213,12,10,56,106
S01008486,16 to 24,98,11,2,9,87,86,1,0,0,0
S01008486,25 to 34,88,32,16,16,56,52,3,0,1,0
S01008486,35 to 49,139,86,74,12,53,31,4,6,9,3
S01008486,50 to 64,207,136,123,13,71,30,1,4,26,10
S01008486,65 to 74,124,77,77,0,47,8,1,0,11,27
S01008486,75 to 84,90,34,34,0,56,5,2,0,7,42
S01008486,85 and over,31,4,4,0,27,1,0,0,2,24
S01008487,All people aged 16 and over in households,678,334,202,132,344,240,10,24,42,28
S01008487,16 to 24,97,19,3,16,78,78,0,0,0,0
S01008487,25 to 34,264,152,72,80,112,102,5,4,1,0
S01008487,35 to 49,154,84,58,26,70,46,4,7,12,1
S01008487,50 to 64,100,54,44,10,46,8,1,11,23,3
S01008487,65 to 74,27,12,12,0,15,2,0,0,4,9
S01008487,75 to 84,23,9,9,0,14,3,0,1,2,8
S01008487,85 and over,13,4,4,0,9,1,0,1,0,7
S01008488,All people aged 16 and over in households,675,298,204,94,377,247,7,12,51,60
S01008488,16 to 24,104,14,3,11,90,89,0,1,0,0
S01008488,25 to 34,182,102,49,53,80,76,0,0,4,0
S01008488,35 to 49,138,79,57,22,59,48,1,2,8,0
S01008488,50 to 64,123,65,58,7,58,20,1,5,26,6
S01008488,65 to 74,64,27,26,1,37,6,2,2,9,18
S01008488,75 to 84,44,11,11,0,33,8,2,2,3,18
S01008488,85 and over,20,0,0,0,20,0,1,0,1,18
S01008489,All people aged 16 and over in households,544,270,234,36,274,183,2,20,34,35
S01008489,16 to 24,87,10,4,6,77,74,0,2,1,0
S01008489,25 to 34,82,36,27,9,46,44,0,1,1,0
S01008489,35 to 49,136,75,63,12,61,40,0,10,9,2
S01008489,50 to 64,133,94,85,9,39,14,2,5,15,3
S01008489,65 to 74,56,39,39,0,17,4,0,2,5,6
S01008489,75 to 84,40,14,14,0,26,4,0,0,2,20
S01008489,85 and over,10,2,2,0,8,3,0,0,1,4
S01008490,All people aged 16 and over in households,795,340,214,126,455,312,7,15,66,55
S01008490,16 to 24,110,31,3,28,79,79,0,0,0,0
S01008490,25 to 34,221,116,54,62,105,102,1,1,1,0
S01008490,35 to 49,200,88,61,27,112,79,5,7,21,0
S01008490,50 to 64,140,62,54,8,78,35,0,6,30,7
S01008490,65 to 74,63,29,28,1,34,7,0,1,10,16
S01008490,75 to 84,35,11,11,0,24,5,0,0,4,15
S01008490,85 and over,26,3,3,0,23,5,1,0,0,17
S01008491,All people aged 16 and over in households,826,338,184,154,488,368,16,11,52,41
S01008491,16 to 24,209,38,13,25,171,168,3,0,0,0
S01008491,25 to 34,258,146,72,74,112,104,4,0,4,0
S01008491,35 to 49,159,80,42,38,79,58,4,5,12,0
S01008491,50 to 64,110,42,29,13,68,23,4,5,27,9
S01008491,65 to 74,41,18,17,1,23,6,0,1,6,10
S01008491,75 to 84,37,9,8,1,28,9,1,0,3,15
S01008491,85 and over,12,5,3,2,7,0,0,0,0,7
S01008492,All people aged 16 and over in households,814,358,138,220,456,365,3,26,47,15
S01008492,16 to 24,166,46,3,43,120,118,0,2,0,0
S01008492,25 to 34,332,192,58,134,140,133,0,4,3,0
S01008492,35 to 49,177,77,43,34,100,66,2,9,21,2
S01008492,50 to 64,104,33,25,8,71,37,1,9,21,3
S01008492,65 to 74,27,7,6,1,20,10,0,2,2,6
S01008492,75 to 84,7,3,3,0,4,1,0,0,0,3
S01008492,85 and over,1,0,0,0,1,0,0,0,0,1
S01008493,All people aged 16 and over in households,693,280,196,84,413,284,11,18,44,56
S01008493,16 to 24,115,7,3,4,108,108,0,0,0,0
S01008493,25 to 34,153,57,23,34,96,88,4,2,1,1
S01008493,35 to 49,158,87,55,32,71,51,4,5,10,1
S01008493,50 to 64,111,53,47,6,58,25,1,8,21,3
S01008493,65 to 74,71,40,35,5,31,6,0,3,9,13
S01008493,75 to 84,62,27,26,1,35,3,2,0,3,27
S01008493,85 and over,23,9,7,2,14,3,0,0,0,11
S01008494,All people aged 16 and over in households,598,256,144,112,342,251,7,14,46,24
S01008494,16 to 24,95,38,6,32,57,57,0,0,0,0
S01008494,25 to 34,213,111,55,56,102,95,3,2,1,1
S01008494,35 to 49,152,54,37,17,98,70,2,6,20,0
S01008494,50 to 64,72,26,20,6,46,19,1,6,17,3
S01008494,65 to 74,26,12,12,0,14,5,0,0,5,4
S01008494,75 to 84,27,13,12,1,14,3,1,0,3,7
S01008494,85 and over,13,2,2,0,11,2,0,0,0,9
S01008495,All people aged 16 and over in households,850,338,136,202,512,429,13,16,41,13
S01008495,16 to 24,176,58,10,48,118,118,0,0,0,0
S01008495,25 to 34,395,203,76,127,192,177,12,1,2,0
S01008495,35 to 49,177,54,31,23,123,103,0,3,16,1
S01008495,50 to 64,60,10,8,2,50,27,0,10,12,1
S01008495,65 to 74,33,13,11,2,20,4,0,2,10,4
S01008495,75 to 84,4,0,0,0,4,0,1,0,1,2
S01008495,85 and over,5,0,0,0,5,0,0,0,0,5
S01008496,All people aged 16 and over in households,929,328,138,190,601,481,28,21,60,11
S01008496,16 to 24,185,69,10,59,116,116,0,0,0,0
S01008496,25 to 34,415,171,73,98,244,211,20,8,5,0
S01008496,35 to 49,212,60,36,24,152,125,5,3,18,1
S01008496,50 to 64,79,22,17,5,57,23,3,7,24,0
S01008496,65 to 74,19,4,2,2,15,4,0,3,7,1
S01008496,75 to 84,17,2,0,2,15,2,0,0,6,7
S01008496,85 and over,2,0,0,0,2,0,0,0,0,2
S01008497,All people aged 16 and over in households,754,288,138,150,466,385,10,10,55,6
S01008497,16 to 24,132,52,8,44,80,80,0,0,0,0
S01008497,25 to 34,298,141,70,71,157,151,3,0,3,0
S01008497,35 to 49,178,51,22,29,127,96,6,8,17,0
S01008497,50 to 64,112,30,24,6,82,50,1,2,29,0
S01008497,65 to 74,18,7,7,0,11,6,0,0,5,0
S01008497,75 to 84,10,6,6,0,4,0,0,0,1,3
S01008497,85 and over,6,1,1,0,5,2,0,0,0,3
S01008498,All people aged 16 and over in households,724,238,114,124,486,404,7,11,47,17
S01008498,16 to 24,136,31,2,29,105,105,0,0,0,0
S01008498,25 to 34,272,110,42,68,162,157,2,0,3,0
S01008498,35 to 49,165,53,38,15,112,93,4,3,10,2
S01008498,50 to 64,108,36,24,12,72,38,1,6,25,2
S01008498,65 to 74,20,5,5,0,15,4,0,2,8,1
S01008498,75 to 84,13,3,3,0,10,4,0,0,1,5
S01008498,85 and over,10,0,0,0,10,3,0,0,0,7
S01008499,All people aged 16 and over in households,935,346,144,202,589,500,18,24,32,15
S01008499,16 to 24,246,59,5,54,187,187,0,0,0,0
S01008499,25 to 34,402,197,78,119,205,188,8,6,3,0
S01008499,35 to 49,173,57,38,19,116,90,6,10,9,1
S01008499,50 to 64,79,26,18,8,53,29,2,6,10,6
S01008499,65 to 74,19,3,1,2,16,3,1,0,8,4
S01008499,75 to 84,15,4,4,0,11,3,1,2,2,3
S01008499,85 and over,1,0,0,0,1,0,0,0,0,1
S01008500,All people aged 16 and over in households,352,88,44,44,264,215,7,7,30,5
S01008500,16 to 24,100,6,3,3,94,94,0,0,0,0
S01008500,25 to 34,106,36,12,24,70,61,4,0,5,0
S01008500,35 to 49,92,31,15,16,61,52,2,3,4,0
S01008500,50 to 64,48,14,13,1,34,7,1,4,20,2
S01008500,65 to 74,1,0,0,0,1,1,0,0,0,0
S01008500,75 to 84,5,1,1,0,4,0,0,0,1,3
S01008500,85 and over,0,0,0,0,0,0,0,0,0,0
S01008501,All people aged 16 and over in households,556,216,90,126,340,311,10,7,7,5
S01008501,16 to 24,170,37,5,32,133,133,0,0,0,0
S01008501,25 to 34,259,127,47,80,132,130,0,2,0,0
S01008501,35 to 49,91,38,28,10,53,41,6,3,3,0
S01008501,50 to 64,27,11,8,3,16,6,4,1,3,2
S01008501,65 to 74,6,3,2,1,3,1,0,1,1,0
S01008501,75 to 84,3,0,0,0,3,0,0,0,0,3
S01008501,85 and over,0,0,0,0,0,0,0,0,0,0
S01008502,All people aged 16 and over in households,604,226,98,128,378,323,5,11,36,3
S01008502,16 to 24,156,36,1,35,120,120,0,0,0,0
S01008502,25 to 34,284,135,59,76,149,138,0,2,9,0
S01008502,35 to 49,113,37,24,13,76,52,5,6,13,0
S01008502,50 to 64,40,16,12,4,24,11,0,1,11,1
S01008502,65 to 74,4,0,0,0,4,1,0,2,1,0
S01008502,75 to 84,6,2,2,0,4,1,0,0,2,1
S01008502,85 and over,1,0,0,0,1,0,0,0,0,1
S01008503,All people aged 16 and over in households,751,408,188,220,343,276,7,9,35,16
S01008503,16 to 24,148,49,3,46,99,99,0,0,0,0
S01008503,25 to 34,275,171,56,115,104,97,2,5,0,0
S01008503,35 to 49,200,123,75,48,77,60,3,3,11,0
S01008503,50 to 64,85,47,38,9,38,14,1,0,19,4
S01008503,65 to 74,20,12,11,1,8,3,0,1,2,2
S01008503,75 to 84,17,4,3,1,13,3,1,0,3,6
S01008503,85 and over,6,2,2,0,4,0,0,0,0,4
S01008504,All people aged 16 and over in households,945,526,352,174,419,325,12,9,46,27
S01008504,16 to 24,147,33,2,31,114,114,0,0,0,0
S01008504,25 to 34,269,164,88,76,105,96,7,1,1,0
S01008504,35 to 49,291,189,137,52,102,80,2,6,12,2
S01008504,50 to 64,149,85,75,10,64,24,1,1,24,14
S01008504,65 to 74,55,41,38,3,14,4,1,1,6,2
S01008504,75 to 84,22,12,11,1,10,2,1,0,3,4
S01008504,85 and over,12,2,1,1,10,5,0,0,0,5
S01008505,All people aged 16 and over in households,599,358,230,128,241,170,5,6,34,26
S01008505,16 to 24,68,15,1,14,53,52,1,0,0,0
S01008505,25 to 34,139,86,35,51,53,51,0,0,1,1
S01008505,35 to 49,195,148,100,48,47,34,3,1,9,0
S01008505,50 to 64,135,81,68,13,54,27,1,4,19,3
S01008505,65 to 74,34,20,20,0,14,1,0,1,3,9
S01008505,75 to 84,22,8,6,2,14,4,0,0,2,8
S01008505,85 and over,6,0,0,0,6,1,0,0,0,5
S01008506,All people aged 16 and over in households,694,364,260,104,330,197,11,15,40,67
S01008506,16 to 24,64,9,2,7,55,54,1,0,0,0
S01008506,25 to 34,143,81,34,47,62,54,3,1,4,0
S01008506,35 to 49,178,115,84,31,63,49,3,5,6,0
S01008506,50 to 64,117,66,57,9,51,20,3,7,17,4
S01008506,65 to 74,85,52,44,8,33,6,1,1,9,16
S01008506,75 to 84,74,37,35,2,37,9,0,1,4,23
S01008506,85 and over,33,4,4,0,29,5,0,0,0,24
S01008507,All people aged 16 and over in households,659,356,216,140,303,236,2,9,35,21
S01008507,16 to 24,114,24,5,19,90,90,0,0,0,0
S01008507,25 to 34,202,131,55,76,71,70,0,1,0,0
S01008507,35 to 49,195,122,85,37,73,57,1,3,11,1
S01008507,50 to 64,107,64,56,8,43,10,1,4,18,10
S01008507,65 to 74,21,10,10,0,11,5,0,1,4,1
S01008507,75 to 84,13,3,3,0,10,2,0,0,2,6
S01008507,85 and over,7,2,2,0,5,2,0,0,0,3
S01008508,All people aged 16 and over in households,678,446,390,56,232,141,11,10,25,45
S01008508,16 to 24,76,8,0,8,68,67,1,0,0,0
S01008508,25 to 34,85,55,39,16,30,29,0,0,1,0
S01008508,35 to 49,188,155,141,14,33,18,5,3,7,0
S01008508,50 to 64,189,148,132,16,41,13,4,7,10,7
S01008508,65 to 74,85,58,56,2,27,8,0,0,5,14
S01008508,75 to 84,36,17,17,0,19,4,0,0,2,13
S01008508,85 and over,19,5,5,0,14,2,1,0,0,11
S01008509,All people aged 16 and over in households,862,524,422,102,338,191,11,19,46,71
S01008509,16 to 24,76,15,4,11,61,61,0,0,0,0
S01008509,25 to 34,150,90,60,30,60,52,5,1,2,0
S01008509,35 to 49,230,152,110,42,78,49,2,11,15,1
S01008509,50 to 64,181,132,118,14,49,13,1,7,19,9
S01008509,65 to 74,93,72,69,3,21,5,0,0,3,13
S01008509,75 to 84,92,50,50,0,42,7,2,0,7,26
S01008509,85 and over,40,13,11,2,27,4,1,0,0,22
S01008510,All people aged 16 and over in households,753,496,432,64,257,171,8,11,26,41
S01008510,16 to 24,101,4,0,4,97,97,0,0,0,0
S01008510,25 to 34,84,55,25,30,29,24,5,0,0,0
S01008510,35 to 49,191,157,138,19,34,16,1,6,9,2
S01008510,50 to 64,190,149,140,9,41,19,2,4,13,3
S01008510,65 to 74,103,79,78,1,24,9,0,1,3,11
S01008510,75 to 84,69,47,46,1,22,4,0,0,1,17
S01008510,85 and over,15,5,5,0,10,2,0,0,0,8
S01008511,All people aged 16 and over in households,707,500,456,44,207,114,10,13,25,45
S01008511,16 to 24,73,1,1,0,72,68,2,2,0,0
S01008511,25 to 34,48,27,20,7,21,17,2,0,2,0
S01008511,35 to 49,186,164,141,23,22,10,1,6,4,1
S01008511,50 to 64,224,192,181,11,32,9,1,4,14,4
S01008511,65 to 74,93,72,69,3,21,5,1,0,3,12
S01008511,75 to 84,57,34,34,0,23,4,2,1,2,14
S01008511,85 and over,26,10,10,0,16,1,1,0,0,14
S01008512,All people aged 16 and over in households,410,294,274,20,116,68,7,2,14,25
S01008512,16 to 24,42,1,0,1,41,40,1,0,0,0
S01008512,25 to 34,31,19,11,8,12,10,2,0,0,0
S01008512,35 to 49,115,97,90,7,18,11,0,1,6,0
S01008512,50 to 64,115,101,97,4,14,3,2,1,5,3
S01008512,65 to 74,53,45,45,0,8,1,0,0,2,5
S01008512,75 to 84,39,26,26,0,13,1,1,0,1,10
S01008512,85 and over,15,5,5,0,10,2,1,0,0,7
S01008513,All people aged 16 and over in households,530,386,348,38,144,87,5,8,12,32
S01008513,16 to 24,55,0,0,0,55,55,0,0,0,0
S01008513,25 to 34,33,24,17,7,9,7,1,1,0,0
S01008513,35 to 49,148,133,115,18,15,7,0,2,6,0
S01008513,50 to 64,159,141,129,12,18,6,2,3,3,4
S01008513,65 to 74,67,49,48,1,18,5,1,2,3,7
S01008513,75 to 84,46,29,29,0,17,3,1,0,0,13
S01008513,85 and over,22,10,10,0,12,4,0,0,0,8
S01008514,All people aged 16 and over in households,700,442,392,50,258,149,3,7,27,72
S01008514,16 to 24,61,1,0,1,60,60,0,0,0,0
S01008514,25 to 34,56,33,24,9,23,22,1,0,0,0
S01008514,35 to 49,206,177,152,25,29,19,0,5,5,0
S01008514,50 to 64,191,159,145,14,32,16,1,2,11,2
S01008514,65 to 74,69,37,37,0,32,14,0,0,6,12
S01008514,75 to 84,72,25,24,1,47,14,1,0,5,27
S01008514,85 and over,45,10,10,0,35,4,0,0,0,31
S01008515,All people aged 16 and over in households,563,380,330,50,183,132,2,6,23,20
S01008515,16 to 24,58,1,1,0,57,57,0,0,0,0
S01008515,25 to 34,69,46,31,15,23,23,0,0,0,0
S01008515,35 to 49,204,162,134,28,42,28,0,4,10,0
S01008515,50 to 64,155,127,120,7,28,13,2,2,7,4
S01008515,65 to 74,36,22,22,0,14,6,0,0,3,5
S01008515,75 to 84,33,21,21,0,12,2,0,0,2,8
S01008515,85 and over,8,1,1,0,7,3,0,0,1,3
S01008516,All people aged 16 and over in households,827,296,152,144,531,416,9,19,56,31
S01008516,16 to 24,145,32,3,29,113,113,0,0,0,0
S01008516,25 to 34,250,116,43,73,134,128,6,0,0,0
S01008516,35 to 49,235,97,63,34,138,109,2,9,18,0
S01008516,50 to 64,102,23,18,5,79,44,1,5,23,6
S01008516,65 to 74,43,13,10,3,30,12,0,5,9,4
S01008516,75 to 84,35,12,12,0,23,6,0,0,5,12
S01008516,85 and over,17,3,3,0,14,4,0,0,1,9
S01008517,All people aged 16 and over in households,789,332,208,124,457,336,6,7,39,69
S01008517,16 to 24,159,17,2,15,142,142,0,0,0,0
S01008517,25 to 34,201,99,32,67,102,101,1,0,0,0
S01008517,35 to 49,175,105,74,31,70,48,2,2,16,2
S01008517,50 to 64,107,66,56,10,41,23,1,1,11,5
S01008517,65 to 74,39,17,16,1,22,5,1,0,9,7
S01008517,75 to 84,72,20,20,0,52,12,1,2,3,34
S01008517,85 and over,36,8,8,0,28,5,0,2,0,21
S01008518,All people aged 16 and over in households,733,436,360,76,297,218,4,13,24,38
S01008518,16 to 24,117,16,2,14,101,101,0,0,0,0
S01008518,25 to 34,111,57,28,29,54,53,0,0,1,0
S01008518,35 to 49,191,147,126,21,44,33,1,6,4,0
S01008518,50 to 64,207,164,153,11,43,18,3,3,15,4
S01008518,65 to 74,46,28,28,0,18,5,0,4,2,7
S01008518,75 to 84,50,24,23,1,26,7,0,0,2,17
S01008518,85 and over,11,0,0,0,11,1,0,0,0,10
S01008519,All people aged 16 and over in households,625,420,376,44,205,132,3,12,22,36
S01008519,16 to 24,69,6,0,6,63,63,0,0,0,0
S01008519,25 to 34,63,36,32,4,27,23,2,2,0,0
S01008519,35 to 49,175,154,131,23,21,13,0,1,7,0
S01008519,50 to 64,189,149,139,10,40,13,0,9,12,6
S01008519,65 to 74,68,49,48,1,19,9,1,0,2,7
S01008519,75 to 84,42,24,24,0,18,7,0,0,1,10
S01008519,85 and over,19,2,2,0,17,4,0,0,0,13
S01008520,All people aged 16 and over in households,868,626,590,36,242,138,10,7,29,58
S01008520,16 to 24,78,1,1,0,77,76,1,0,0,0
S01008520,25 to 34,49,19,11,8,30,26,2,0,2,0
S01008520,35 to 49,220,194,175,19,26,9,1,3,10,3
S01008520,50 to 64,270,238,230,8,32,11,1,3,12,5
S01008520,65 to 74,134,109,108,1,25,8,2,1,3,11
S01008520,75 to 84,88,51,51,0,37,6,2,0,1,28
S01008520,85 and over,29,14,14,0,15,2,1,0,1,11
S01008521,All people aged 16 and over in households,701,544,516,28,157,103,7,5,8,34
S01008521,16 to 24,63,1,0,1,62,62,0,0,0,0
S01008521,25 to 34,27,13,12,1,14,14,0,0,0,0
S01008521,35 to 49,203,187,173,14,16,8,3,2,2,1
S01008521,50 to 64,255,233,223,10,22,10,1,1,5,5
S01008521,65 to 74,87,70,68,2,17,7,2,2,1,5
S01008521,75 to 84,46,31,31,0,15,2,1,0,0,12
S01008521,85 and over,20,9,9,0,11,0,0,0,0,11
S01008522,All people aged 16 and over in households,434,302,272,30,132,79,5,9,17,22
S01008522,16 to 24,49,4,0,4,45,45,0,0,0,0
S01008522,25 to 34,43,26,18,8,17,12,2,2,1,0
S01008522,35 to 49,121,101,88,13,20,10,3,2,5,0
S01008522,50 to 64,130,100,97,3,30,11,0,5,7,7
S01008522,65 to 74,55,48,46,2,7,0,0,0,4,3
S01008522,75 to 84,26,21,21,0,5,0,0,0,0,5
S01008522,85 and over,10,2,2,0,8,1,0,0,0,7
S01008523,All people aged 16 and over in households,756,516,460,56,240,135,15,11,37,42
S01008523,16 to 24,59,6,1,5,53,53,0,0,0,0
S01008523,25 to 34,96,66,48,18,30,30,0,0,0,0
S01008523,35 to 49,282,231,210,21,51,27,3,4,14,3
S01008523,50 to 64,193,134,122,12,59,19,11,5,14,10
S01008523,65 to 74,71,43,43,0,28,5,1,2,5,15
S01008523,75 to 84,46,31,31,0,15,1,0,0,4,10
S01008523,85 and over,9,5,5,0,4,0,0,0,0,4
S01008524,All people aged 16 and over in households,714,292,190,102,422,252,2,23,78,67
S01008524,16 to 24,124,23,3,20,101,100,1,0,0,0
S01008524,25 to 34,138,68,32,36,70,67,1,1,1,0
S01008524,35 to 49,184,78,46,32,106,63,0,13,28,2
S01008524,50 to 64,153,76,66,10,77,20,0,9,40,8
S01008524,65 to 74,48,25,22,3,23,1,0,0,7,15
S01008524,75 to 84,50,19,18,1,31,1,0,0,2,28
S01008524,85 and over,17,3,3,0,14,0,0,0,0,14
S01008525,All people aged 16 and over in households,602,259,202,57,343,162,6,19,74,82
S01008525,16 to 24,87,21,5,16,66,65,0,0,1,0
S01008525,25 to 34,105,55,40,15,50,41,3,2,4,0
S01008525,35 to 49,129,67,49,18,62,29,2,10,19,2
S01008525,50 to 64,106,55,48,7,51,16,0,5,26,4
S01008525,65 to 74,73,38,37,1,35,9,0,2,10,14
S01008525,75 to 84,73,23,23,0,50,1,1,0,9,39
S01008525,85 and over,29,0,0,0,29,1,0,0,5,23
S01008526,All people aged 16 and over in households,733,364,272,92,369,186,8,18,66,91
S01008526,16 to 24,94,19,3,16,75,75,0,0,0,0
S01008526,25 to 34,125,74,45,29,51,47,1,2,1,0
S01008526,35 to 49,162,104,79,25,58,32,2,9,14,1
S01008526,50 to 64,168,101,83,18,67,21,2,6,31,7
S01008526,65 to 74,76,45,41,4,31,4,0,1,12,14
S01008526,75 to 84,77,20,20,0,57,6,2,0,5,44
S01008526,85 and over,31,1,1,0,30,1,1,0,3,25
S01008527,All people aged 16 and over in households,595,294,230,64,301,200,4,17,47,33
S01008527,16 to 24,104,10,1,9,94,94,0,0,0,0
S01008527,25 to 34,113,54,29,25,59,53,1,2,3,0
S01008527,35 to 49,159,97,73,24,62,34,0,10,17,1
S01008527,50 to 64,133,86,80,6,47,15,1,4,19,8
S01008527,65 to 74,36,21,21,0,15,3,2,0,5,5
S01008527,75 to 84,37,22,22,0,15,1,0,1,3,10
S01008527,85 and over,13,4,4,0,9,0,0,0,0,9
S01008528,All people aged 16 and over in households,540,290,240,50,250,157,5,16,52,20
S01008528,16 to 24,71,7,1,6,64,63,1,0,0,0
S01008528,25 to 34,101,52,31,21,49,41,0,4,4,0
S01008528,35 to 49,164,104,87,17,60,28,0,8,23,1
S01008528,50 to 64,112,71,65,6,41,14,2,4,19,2
S01008528,65 to 74,57,38,38,0,19,9,1,0,5,4
S01008528,75 to 84,26,16,16,0,10,1,0,0,0,9
S01008528,85 and over,9,2,2,0,7,1,1,0,1,4
S01008529,All people aged 16 and over in households,623,326,264,62,297,160,3,19,35,80
S01008529,16 to 24,87,11,1,10,76,76,0,0,0,0
S01008529,25 to 34,79,48,29,19,31,29,0,0,2,0
S01008529,35 to 49,130,78,63,15,52,26,0,12,13,1
S01008529,50 to 64,180,130,113,17,50,21,3,4,11,11
S01008529,65 to 74,56,38,37,1,18,4,0,1,5,8
S01008529,75 to 84,60,18,18,0,42,2,0,2,3,35
S01008529,85 and over,31,3,3,0,28,2,0,0,1,25
S01008530,All people aged 16 and over in households,570,236,168,68,334,196,7,19,63,49
S01008530,16 to 24,58,0,0,0,58,58,0,0,0,0
S01008530,25 to 34,142,73,29,44,69,65,0,1,3,0
S01008530,35 to 49,157,71,51,20,86,47,2,12,24,1
S01008530,50 to 64,111,59,55,4,52,19,2,6,23,2
S01008530,65 to 74,48,20,20,0,28,5,2,0,11,10
S01008530,75 to 84,43,12,12,0,31,2,0,0,2,27
S01008530,85 and over,11,1,1,0,10,0,1,0,0,9
S01008531,All people aged 16 and over in households,619,274,200,74,345,188,2,21,80,54
S01008531,16 to 24,75,7,0,7,68,68,0,0,0,0
S01008531,25 to 34,111,54,23,31,57,49,2,0,6,0
S01008531,35 to 49,154,76,52,24,78,44,0,12,21,1
S01008531,50 to 64,134,63,55,8,71,23,0,4,36,8
S01008531,65 to 74,73,47,43,4,26,0,0,3,10,13
S01008531,75 to 84,59,23,23,0,36,4,0,2,6,24
S01008531,85 and over,13,4,4,0,9,0,0,0,1,8
S01008532,All people aged 16 and over in households,369,164,142,22,205,109,7,15,36,38
S01008532,16 to 24,46,4,3,1,42,41,1,0,0,0
S01008532,25 to 34,41,21,18,3,20,18,0,1,0,1
S01008532,35 to 49,86,43,37,6,43,25,3,7,7,1
S01008532,50 to 64,100,58,47,11,42,15,2,7,15,3
S01008532,65 to 74,44,18,17,1,26,7,0,0,10,9
S01008532,75 to 84,33,16,16,0,17,3,0,0,3,11
S01008532,85 and over,19,4,4,0,15,0,1,0,1,13
S01008533,All people aged 16 and over in households,364,302,284,18,62,44,2,3,5,8
S01008533,16 to 24,75,48,45,3,27,27,0,0,0,0
S01008533,25 to 34,145,135,128,7,10,8,0,2,0,0
S01008533,35 to 49,89,81,73,8,8,3,1,1,3,0
S01008533,50 to 64,30,25,25,0,5,3,0,0,2,0
S01008533,65 to 74,14,9,9,0,5,1,1,0,0,3
S01008533,75 to 84,5,2,2,0,3,2,0,0,0,1
S01008533,85 and over,6,2,2,0,4,0,0,0,0,4
S01008534,All people aged 16 and over in households,576,410,362,48,166,118,5,8,15,20
S01008534,16 to 24,102,22,21,1,80,80,0,0,0,0
S01008534,25 to 34,101,78,61,17,23,19,2,1,1,0
S01008534,35 to 49,155,136,119,17,19,9,2,3,4,1
S01008534,50 to 64,153,128,117,11,25,9,0,3,5,8
S01008534,65 to 74,38,30,30,0,8,0,1,1,4,2
S01008534,75 to 84,23,13,11,2,10,1,0,0,1,8
S01008534,85 and over,4,3,3,0,1,0,0,0,0,1
S01008535,All people aged 16 and over in households,597,392,368,24,205,137,3,6,22,37
S01008535,16 to 24,94,0,0,0,94,94,0,0,0,0
S01008535,25 to 34,34,23,20,3,11,11,0,0,0,0
S01008535,35 to 49,147,135,125,10,12,3,1,1,5,2
S01008535,50 to 64,193,145,137,8,48,21,2,5,11,9
S01008535,65 to 74,75,56,53,3,19,4,0,0,4,11
S01008535,75 to 84,45,30,30,0,15,3,0,0,2,10
S01008535,85 and over,9,3,3,0,6,1,0,0,0,5
S01008536,All people aged 16 and over in households,484,319,288,31,165,88,6,6,20,45
S01008536,16 to 24,36,1,0,1,35,35,0,0,0,0
S01008536,25 to 34,38,21,14,7,17,15,1,0,1,0
S01008536,35 to 49,122,98,84,14,24,16,2,2,2,2
S01008536,50 to 64,122,96,89,7,26,14,0,2,7,3
S01008536,65 to 74,73,54,53,1,19,3,1,2,6,7
S01008536,75 to 84,71,42,41,1,29,5,1,0,4,19
S01008536,85 and over,22,7,7,0,15,0,1,0,0,14
S01008537,All people aged 16 and over in households,570,411,387,24,159,91,5,4,16,43
S01008537,16 to 24,52,1,0,1,51,51,0,0,0,0
S01008537,25 to 34,45,23,20,3,22,18,4,0,0,0
S01008537,35 to 49,118,104,97,7,14,5,0,3,4,2
S01008537,50 to 64,202,172,162,10,30,11,0,1,9,9
S01008537,65 to 74,91,74,71,3,17,2,1,0,3,11
S01008537,75 to 84,51,33,33,0,18,3,0,0,0,15
S01008537,85 and over,11,4,4,0,7,1,0,0,0,6
S01008538,All people aged 16 and over in households,467,330,318,12,137,78,3,3,8,45
S01008538,16 to 24,43,0,0,0,43,43,0,0,0,0
S01008538,25 to 34,29,22,16,6,7,6,1,0,0,0
S01008538,35 to 49,84,75,73,2,9,7,0,1,0,1
S01008538,50 to 64,146,129,125,4,17,7,1,1,5,3
S01008538,65 to 74,71,56,56,0,15,6,0,0,2,7
S01008538,75 to 84,73,39,39,0,34,8,0,1,1,24
S01008538,85 and over,21,9,9,0,12,1,1,0,0,10
S01008539,All people aged 16 and over in households,690,470,428,42,220,132,6,7,28,47
S01008539,16 to 24,77,4,1,3,73,73,0,0,0,0
S01008539,25 to 34,47,23,17,6,24,21,1,1,1,0
S01008539,35 to 49,175,153,136,17,22,13,0,3,6,0
S01008539,50 to 64,229,198,186,12,31,10,2,3,12,4
S01008539,65 to 74,84,54,52,2,30,10,0,0,7,13
S01008539,75 to 84,60,30,28,2,30,4,2,0,2,22
S01008539,85 and over,18,8,8,0,10,1,1,0,0,8
S01008540,All people aged 16 and over in households,728,528,476,52,200,116,7,3,21,53
S01008540,16 to 24,52,0,0,0,52,52,0,0,0,0
S01008540,25 to 34,52,28,21,7,24,23,0,0,1,0
S01008540,35 to 49,173,155,127,28,18,11,3,1,3,0
S01008540,50 to 64,219,182,166,16,37,20,0,1,10,6
S01008540,65 to 74,102,84,84,0,18,3,0,1,6,8
S01008540,75 to 84,86,62,61,1,24,4,0,0,1,19
S01008540,85 and over,44,17,17,0,27,3,4,0,0,20
S01008541,All people aged 16 and over in households,676,472,444,28,204,125,11,6,31,31
S01008541,16 to 24,85,5,0,5,80,80,0,0,0,0
S01008541,25 to 34,69,44,39,5,25,23,1,1,0,0
S01008541,35 to 49,194,170,156,14,24,8,3,3,9,1
S01008541,50 to 64,190,157,154,3,33,6,4,2,17,4
S01008541,65 to 74,80,60,59,1,20,2,2,0,5,11
S01008541,75 to 84,48,30,30,0,18,6,1,0,0,11
S01008541,85 and over,10,6,6,0,4,0,0,0,0,4
S01008542,All people aged 16 and over in households,721,506,484,22,215,146,2,10,28,29
S01008542,16 to 24,94,0,0,0,94,94,0,0,0,0
S01008542,25 to 34,47,21,18,3,26,25,0,0,1,0
S01008542,35 to 49,228,201,192,9,27,13,0,4,9,1
S01008542,50 to 64,230,202,192,10,28,7,1,5,11,4
S01008542,65 to 74,71,53,53,0,18,5,0,1,3,9
S01008542,75 to 84,37,23,23,0,14,2,1,0,4,7
S01008542,85 and over,14,6,6,0,8,0,0,0,0,8
S01008543,All people aged 16 and over in households,563,410,374,36,153,112,1,6,17,17
S01008543,16 to 24,71,0,0,0,71,71,0,0,0,0
S01008543,25 to 34,60,35,23,12,25,25,0,0,0,0
S01008543,35 to 49,190,174,157,17,16,7,0,2,6,1
S01008543,50 to 64,177,158,152,6,19,5,1,4,4,5
S01008543,65 to 74,44,36,35,1,8,2,0,0,5,1
S01008543,75 to 84,17,6,6,0,11,2,0,0,2,7
S01008543,85 and over,4,1,1,0,3,0,0,0,0,3
S01008544,All people aged 16 and over in households,479,328,310,18,151,123,4,11,8,5
S01008544,16 to 24,91,2,0,2,89,89,0,0,0,0
S01008544,25 to 34,35,21,18,3,14,14,0,0,0,0
S01008544,35 to 49,171,154,145,9,17,8,1,6,2,0
S01008544,50 to 64,156,131,127,4,25,10,3,5,5,2
S01008544,65 to 74,14,11,11,0,3,1,0,0,0,2
S01008544,75 to 84,11,9,9,0,2,1,0,0,1,0
S01008544,85 and over,1,0,0,0,1,0,0,0,0,1
S01008545,All people aged 16 and over in households,689,502,480,22,187,119,6,8,12,42
S01008545,16 to 24,82,3,1,2,79,78,0,0,1,0
S01008545,25 to 34,40,19,19,0,21,19,2,0,0,0
S01008545,35 to 49,233,207,194,13,26,10,3,5,7,1
S01008545,50 to 64,187,168,163,5,19,8,1,3,3,4
S01008545,65 to 74,84,70,68,2,14,1,0,0,0,13
S01008545,75 to 84,48,31,31,0,17,2,0,0,1,14
S01008545,85 and over,15,4,4,0,11,1,0,0,0,10
S01008546,All people aged 16 and over in households,701,536,510,26,165,95,4,5,15,46
S01008546,16 to 24,66,1,0,1,65,65,0,0,0,0
S01008546,25 to 34,45,26,21,5,19,19,0,0,0,0
S01008546,35 to 49,143,133,120,13,10,4,1,2,2,1
S01008546,50 to 64,267,245,238,7,22,6,1,1,8,6
S01008546,65 to 74,100,86,86,0,14,0,0,2,2,10
S01008546,75 to 84,64,40,40,0,24,1,1,0,3,19
S01008546,85 and over,16,5,5,0,11,0,1,0,0,10
S01008547,All people aged 16 and over in households,817,544,448,96,273,188,3,20,41,21
S01008547,16 to 24,91,8,2,6,83,81,0,2,0,0
S01008547,25 to 34,179,126,77,49,53,47,2,1,3,0
S01008547,35 to 49,239,181,151,30,58,35,0,5,16,2
S01008547,50 to 64,224,167,157,10,57,20,0,10,20,7
S01008547,65 to 74,53,41,40,1,12,5,0,2,2,3
S01008547,75 to 84,25,18,18,0,7,0,1,0,0,6
S01008547,85 and over,6,3,3,0,3,0,0,0,0,3
S01008548,All people aged 16 and over in households,653,432,310,122,221,148,1,19,31,22
S01008548,16 to 24,98,27,3,24,71,71,0,0,0,0
S01008548,25 to 34,152,115,70,45,37,34,1,0,2,0
S01008548,35 to 49,218,162,126,36,56,25,0,15,12,4
S01008548,50 to 64,140,102,87,15,38,16,0,3,15,4
S01008548,65 to 74,33,25,23,2,8,1,0,1,1,5
S01008548,75 to 84,11,1,1,0,10,1,0,0,1,8
S01008548,85 and over,1,0,0,0,1,0,0,0,0,1
S01008549,All people aged 16 and over in households,797,494,410,84,303,175,3,17,59,49
S01008549,16 to 24,81,13,4,9,68,67,0,1,0,0
S01008549,25 to 34,108,60,29,31,48,43,2,1,2,0
S01008549,35 to 49,238,166,134,32,72,42,0,8,21,1
S01008549,50 to 64,200,151,141,10,49,12,0,6,25,6
S01008549,65 to 74,105,70,69,1,35,11,1,1,7,15
S01008549,75 to 84,54,34,33,1,20,0,0,0,2,18
S01008549,85 and over,11,0,0,0,11,0,0,0,2,9
S01008550,All people aged 16 and over in households,660,428,376,52,232,157,8,10,35,22
S01008550,16 to 24,79,6,2,4,73,72,1,0,0,0
S01008550,25 to 34,96,52,28,24,44,37,5,2,0,0
S01008550,35 to 49,179,136,122,14,43,28,2,4,7,2
S01008550,50 to 64,204,159,150,9,45,15,0,4,17,9
S01008550,65 to 74,72,53,53,0,19,4,0,0,10,5
S01008550,75 to 84,27,22,21,1,5,1,0,0,1,3
S01008550,85 and over,3,0,0,0,3,0,0,0,0,3
S01008551,All people aged 16 and over in households,865,504,418,86,361,201,9,18,66,67
S01008551,16 to 24,83,8,3,5,75,75,0,0,0,0
S01008551,25 to 34,110,76,48,28,34,28,2,1,3,0
S01008551,35 to 49,194,134,103,31,60,35,1,9,14,1
S01008551,50 to 64,268,179,161,18,89,42,4,6,31,6
S01008551,65 to 74,108,68,64,4,40,10,0,2,10,18
S01008551,75 to 84,74,30,30,0,44,10,1,0,8,25
S01008551,85 and over,28,9,9,0,19,1,1,0,0,17
S01008552,All people aged 16 and over in households,745,476,402,74,269,165,7,13,41,43
S01008552,16 to 24,94,8,1,7,86,86,0,0,0,0
S01008552,25 to 34,98,65,41,24,33,30,2,1,0,0
S01008552,35 to 49,149,112,92,20,37,18,1,3,15,0
S01008552,50 to 64,225,168,157,11,57,22,1,7,19,8
S01008552,65 to 74,110,81,73,8,29,6,1,2,6,14
S01008552,75 to 84,54,36,34,2,18,3,0,0,1,14
S01008552,85 and over,15,6,4,2,9,0,2,0,0,7
S01008553,All people aged 16 and over in households,459,268,222,46,191,97,3,15,35,41
S01008553,16 to 24,41,0,0,0,41,39,2,0,0,0
S01008553,25 to 34,57,31,23,8,26,24,0,0,2,0
S01008553,35 to 49,93,56,38,18,37,23,0,6,8,0
S01008553,50 to 64,150,107,89,18,43,7,0,9,16,11
S01008553,65 to 74,69,51,49,2,18,1,1,0,7,9
S01008553,75 to 84,41,21,21,0,20,3,0,0,1,16
S01008553,85 and over,8,2,2,0,6,0,0,0,1,5
S01008554,All people aged 16 and over in households,765,356,284,72,409,269,6,39,59,36
S01008554,16 to 24,145,9,2,7,136,135,0,0,1,0
S01008554,25 to 34,134,65,38,27,69,65,3,1,0,0
S01008554,35 to 49,220,116,91,25,104,53,1,22,26,2
S01008554,50 to 64,180,118,107,11,62,12,2,14,24,10
S01008554,65 to 74,59,40,39,1,19,1,0,1,6,11
S01008554,75 to 84,20,8,7,1,12,3,0,1,0,8
S01008554,85 and over,7,0,0,0,7,0,0,0,2,5
S01008555,All people aged 16 and over in households,787,292,190,102,495,280,13,39,105,58
S01008555,16 to 24,114,19,3,16,95,95,0,0,0,0
S01008555,25 to 34,192,101,44,57,91,76,3,3,9,0
S01008555,35 to 49,207,67,44,23,140,82,8,22,25,3
S01008555,50 to 64,162,62,58,4,100,22,1,14,53,10
S01008555,65 to 74,71,30,30,0,41,3,0,0,15,23
S01008555,75 to 84,27,10,8,2,17,2,0,0,3,12
S01008555,85 and over,14,3,3,0,11,0,1,0,0,10
S01008556,All people aged 16 and over in households,590,258,176,82,332,198,5,24,57,48
S01008556,16 to 24,101,11,0,11,90,90,0,0,0,0
S01008556,25 to 34,111,63,23,40,48,41,2,4,1,0
S01008556,35 to 49,144,74,47,27,70,44,0,7,19,0
S01008556,50 to 64,112,54,52,2,58,19,3,11,20,5
S01008556,65 to 74,54,31,30,1,23,1,0,2,6,14
S01008556,75 to 84,54,23,22,1,31,1,0,0,9,21
S01008556,85 and over,14,2,2,0,12,2,0,0,2,8
S01008557,All people aged 16 and over in households,677,286,226,60,391,214,4,32,52,89
S01008557,16 to 24,84,8,1,7,76,75,0,0,1,0
S01008557,25 to 34,148,76,48,28,72,57,1,11,3,0
S01008557,35 to 49,149,80,63,17,69,48,1,8,12,0
S01008557,50 to 64,131,49,43,6,82,21,1,12,28,20
S01008557,65 to 74,67,34,32,2,33,8,1,1,6,17
S01008557,75 to 84,75,35,35,0,40,5,0,0,2,33
S01008557,85 and over,23,4,4,0,19,0,0,0,0,19
S01008558,All people aged 16 and over in households,712,296,222,74,416,239,8,32,66,71
S01008558,16 to 24,97,13,3,10,84,82,0,0,2,0
S01008558,25 to 34,131,58,30,28,73,67,2,4,0,0
S01008558,35 to 49,164,90,66,24,74,51,1,11,10,1
S01008558,50 to 64,152,72,66,6,80,26,3,9,41,1
S01008558,65 to 74,74,37,35,2,37,7,0,5,8,17
S01008558,75 to 84,75,25,21,4,50,4,1,3,5,37
S01008558,85 and over,19,1,1,0,18,2,1,0,0,15
S01008559,All people aged 16 and over in households,554,306,234,72,248,154,3,15,32,44
S01008559,16 to 24,76,3,0,3,73,71,2,0,0,0
S01008559,25 to 34,79,42,22,20,37,34,0,1,2,0
S01008559,35 to 49,130,84,51,33,46,28,1,4,11,2
S01008559,50 to 64,151,105,91,14,46,19,0,8,16,3
S01008559,65 to 74,59,48,46,2,11,1,0,2,2,6
S01008559,75 to 84,44,21,21,0,23,0,0,0,1,22
S01008559,85 and over,15,3,3,0,12,1,0,0,0,11
S01008560,All people aged 16 and over in households,550,275,216,59,275,153,9,18,39,56
S01008560,16 to 24,81,13,1,12,68,68,0,0,0,0
S01008560,25 to 34,89,57,38,19,32,29,1,1,1,0
S01008560,35 to 49,157,89,73,16,68,42,4,8,14,0
S01008560,50 to 64,101,63,54,9,38,11,2,6,16,3
S01008560,65 to 74,64,39,39,0,25,3,1,3,6,12
S01008560,75 to 84,37,9,6,3,28,0,0,0,2,26
S01008560,85 and over,21,5,5,0,16,0,1,0,0,15
S01008561,All people aged 16 and over in households,528,292,226,66,236,147,6,8,29,46
S01008561,16 to 24,81,8,5,3,73,72,1,0,0,0
S01008561,25 to 34,81,47,32,15,34,29,2,2,1,0
S01008561,35 to 49,147,99,71,28,48,28,2,5,12,1
S01008561,50 to 64,126,92,78,14,34,13,1,1,10,9
S01008561,65 to 74,37,25,22,3,12,3,0,0,4,5
S01008561,75 to 84,41,17,14,3,24,2,0,0,2,20
S01008561,85 and over,15,4,4,0,11,0,0,0,0,11
S01008562,All people aged 16 and over in households,489,184,120,64,305,150,0,24,75,56
S01008562,16 to 24,53,9,0,9,44,44,0,0,0,0
S01008562,25 to 34,86,50,24,26,36,29,0,1,6,0
S01008562,35 to 49,137,69,48,21,68,43,0,9,14,2
S01008562,50 to 64,95,26,19,7,69,20,0,10,33,6
S01008562,65 to 74,59,22,22,0,37,6,0,4,13,14
S01008562,75 to 84,43,7,6,1,36,6,0,0,9,21
S01008562,85 and over,16,1,1,0,15,2,0,0,0,13
S01008563,All people aged 16 and over in households,630,320,246,74,310,198,1,37,35,39
S01008563,16 to 24,89,4,0,4,85,85,0,0,0,0
S01008563,25 to 34,113,57,31,26,56,46,0,10,0,0
S01008563,35 to 49,176,111,84,27,65,45,1,14,4,1
S01008563,50 to 64,147,91,78,13,56,12,0,8,25,11
S01008563,65 to 74,65,42,38,4,23,3,0,5,3,12
S01008563,75 to 84,30,12,12,0,18,6,0,0,2,10
S01008563,85 and over,10,3,3,0,7,1,0,0,1,5
S01008564,All people aged 16 and over in households,527,259,192,67,268,145,2,15,45,61
S01008564,16 to 24,60,13,0,13,47,46,0,0,0,1
S01008564,25 to 34,79,43,18,25,36,33,1,1,1,0
S01008564,35 to 49,124,63,46,17,61,45,1,4,11,0
S01008564,50 to 64,115,71,59,12,44,13,0,7,16,8
S01008564,65 to 74,89,48,48,0,41,4,0,2,11,24
S01008564,75 to 84,42,19,19,0,23,4,0,0,5,14
S01008564,85 and over,18,2,2,0,16,0,0,1,1,14
S01008565,All people aged 16 and over in households,719,342,260,82,377,213,7,24,63,70
S01008565,16 to 24,100,7,1,6,93,92,0,0,0,1
S01008565,25 to 34,105,62,33,29,43,42,0,0,1,0
S01008565,35 to 49,203,122,86,36,81,52,2,12,13,2
S01008565,50 to 64,163,80,70,10,83,24,2,12,37,8
S01008565,65 to 74,80,52,51,1,28,2,1,0,11,14
S01008565,75 to 84,50,16,16,0,34,1,2,0,1,30
S01008565,85 and over,18,3,3,0,15,0,0,0,0,15
S01008566,All people aged 16 and over in households,815,424,328,96,391,247,13,16,63,52
S01008566,16 to 24,106,14,1,13,92,92,0,0,0,0
S01008566,25 to 34,139,62,33,29,77,68,4,4,1,0
S01008566,35 to 49,226,132,95,37,94,59,2,7,24,2
S01008566,50 to 64,195,137,121,16,58,21,4,4,18,11
S01008566,65 to 74,106,59,58,1,47,6,1,1,18,21
S01008566,75 to 84,28,18,18,0,10,1,1,0,0,8
S01008566,85 and over,15,2,2,0,13,0,1,0,2,10
S01008567,All people aged 16 and over in households,574,310,240,70,264,153,8,22,45,36
S01008567,16 to 24,91,11,5,6,80,80,0,0,0,0
S01008567,25 to 34,106,71,48,23,35,32,2,1,0,0
S01008567,35 to 49,153,98,68,30,55,25,2,12,15,1
S01008567,50 to 64,129,77,67,10,52,11,4,7,21,9
S01008567,65 to 74,62,37,36,1,25,5,0,2,8,10
S01008567,75 to 84,29,16,16,0,13,0,0,0,1,12
S01008567,85 and over,4,0,0,0,4,0,0,0,0,4
S01008568,All people aged 16 and over in households,627,372,294,78,255,159,7,20,41,28
S01008568,16 to 24,91,17,0,17,74,71,0,3,0,0
S01008568,25 to 34,131,90,60,30,41,37,1,1,2,0
S01008568,35 to 49,178,123,99,24,55,29,3,9,14,0
S01008568,50 to 64,145,100,93,7,45,12,0,5,19,9
S01008568,65 to 74,48,28,28,0,20,7,1,2,6,4
S01008568,75 to 84,28,13,13,0,15,2,1,0,0,12
S01008568,85 and over,6,1,1,0,5,1,1,0,0,3
S01008569,All people aged 16 and over in households,517,132,72,60,385,246,16,26,71,26
S01008569,16 to 24,110,11,1,10,99,96,0,3,0,0
S01008569,25 to 34,124,43,19,24,81,63,8,4,6,0
S01008569,35 to 49,157,42,23,19,115,66,7,14,27,1
S01008569,50 to 64,85,23,17,6,62,16,1,3,33,9
S01008569,65 to 74,16,7,6,1,9,2,0,2,2,3
S01008569,75 to 84,15,4,4,0,11,1,0,0,3,7
S01008569,85 and over,10,2,2,0,8,2,0,0,0,6
S01008570,All people aged 16 and over in households,719,270,186,84,449,281,13,28,76,51
S01008570,16 to 24,136,18,1,17,118,116,2,0,0,0
S01008570,25 to 34,139,68,44,24,71,59,1,7,4,0
S01008570,35 to 49,202,82,54,28,120,78,4,10,26,2
S01008570,50 to 64,149,67,57,10,82,22,5,10,36,9
S01008570,65 to 74,39,21,18,3,18,4,1,0,4,9
S01008570,75 to 84,45,14,12,2,31,2,0,1,5,23
S01008570,85 and over,9,0,0,0,9,0,0,0,1,8
S01008571,All people aged 16 and over in households,561,292,248,44,269,148,5,19,28,69
S01008571,16 to 24,62,6,0,6,56,55,0,1,0,0
S01008571,25 to 34,66,26,18,8,40,36,1,2,1,0
S01008571,35 to 49,121,71,58,13,50,30,0,7,12,1
S01008571,50 to 64,158,115,101,14,43,18,2,7,11,5
S01008571,65 to 74,82,44,43,1,38,6,2,2,4,24
S01008571,75 to 84,62,30,28,2,32,3,0,0,0,29
S01008571,85 and over,10,0,0,0,10,0,0,0,0,10
S01008572,All people aged 16 and over in households,664,388,320,68,276,173,9,15,29,50
S01008572,16 to 24,80,17,4,13,63,63,0,0,0,0
S01008572,25 to 34,105,60,38,22,45,41,3,0,0,1
S01008572,35 to 49,177,112,91,21,65,43,1,11,9,1
S01008572,50 to 64,156,102,91,11,54,21,5,4,13,11
S01008572,65 to 74,85,62,61,1,23,4,0,0,6,13
S01008572,75 to 84,53,32,32,0,21,1,0,0,1,19
S01008572,85 and over,8,3,3,0,5,0,0,0,0,5
S01008573,All people aged 16 and over in households,627,438,386,52,189,124,6,17,23,19
S01008573,16 to 24,63,6,4,2,57,57,0,0,0,0
S01008573,25 to 34,82,49,38,11,33,28,2,1,2,0
S01008573,35 to 49,250,204,177,27,46,26,3,7,8,2
S01008573,50 to 64,160,130,120,10,30,11,1,8,9,1
S01008573,65 to 74,35,24,24,0,11,2,0,1,2,6
S01008573,75 to 84,31,22,21,1,9,0,0,0,1,8
S01008573,85 and over,6,3,2,1,3,0,0,0,1,2
S01008574,All people aged 16 and over in households,594,392,316,76,202,131,12,15,25,19
S01008574,16 to 24,88,5,1,4,83,83,0,0,0,0
S01008574,25 to 34,79,56,29,27,23,22,1,0,0,0
S01008574,35 to 49,197,152,124,28,45,19,8,11,6,1
S01008574,50 to 64,185,146,130,16,39,7,3,3,18,8
S01008574,65 to 74,17,14,13,1,3,0,0,0,1,2
S01008574,75 to 84,27,19,19,0,8,0,0,1,0,7
S01008574,85 and over,1,0,0,0,1,0,0,0,0,1
S01008575,All people aged 16 and over in households,643,432,366,66,211,128,3,19,22,39
S01008575,16 to 24,76,5,1,4,71,70,0,0,1,0
S01008575,25 to 34,65,44,23,21,21,21,0,0,0,0
S01008575,35 to 49,209,178,151,27,31,18,0,8,5,0
S01008575,50 to 64,187,143,131,12,44,14,3,8,13,6
S01008575,65 to 74,57,41,41,0,16,3,0,3,1,9
S01008575,75 to 84,38,17,15,2,21,1,0,0,2,18
S01008575,85 and over,11,4,4,0,7,1,0,0,0,6
S01008576,All people aged 16 and over in households,722,450,374,76,272,152,8,23,35,54
S01008576,16 to 24,82,8,2,6,74,72,1,1,0,0
S01008576,25 to 34,109,60,31,29,49,43,4,1,1,0
S01008576,35 to 49,158,111,84,27,47,23,1,12,11,0
S01008576,50 to 64,209,168,157,11,41,11,0,9,16,5
S01008576,65 to 74,87,65,62,3,22,2,1,0,7,12
S01008576,75 to 84,66,36,36,0,30,1,1,0,0,28
S01008576,85 and over,11,2,2,0,9,0,0,0,0,9
S01008577,All people aged 16 and over in households,676,428,392,36,248,137,3,14,24,70
S01008577,16 to 24,68,4,0,4,64,64,0,0,0,0
S01008577,25 to 34,49,27,20,7,22,21,0,1,0,0
S01008577,35 to 49,151,113,105,8,38,24,1,5,4,4
S01008577,50 to 64,222,183,171,12,39,12,0,6,15,6
S01008577,65 to 74,77,51,50,1,26,9,1,1,5,10
S01008577,75 to 84,78,40,38,2,38,5,1,1,0,31
S01008577,85 and over,31,10,8,2,21,2,0,0,0,19
S01008578,All people aged 16 and over in households,594,438,404,34,156,99,7,6,11,33
S01008578,16 to 24,60,1,0,1,59,59,0,0,0,0
S01008578,25 to 34,35,18,9,9,17,15,2,0,0,0
S01008578,35 to 49,154,139,123,16,15,8,2,3,2,0
S01008578,50 to 64,200,182,176,6,18,7,1,3,6,1
S01008578,65 to 74,77,65,63,2,12,3,0,0,3,6
S01008578,75 to 84,43,23,23,0,20,5,1,0,0,14
S01008578,85 and over,25,10,10,0,15,2,1,0,0,12
S01008579,All people aged 16 and over in households,563,386,342,44,177,103,1,4,21,48
S01008579,16 to 24,46,1,0,1,45,45,0,0,0,0
S01008579,25 to 34,46,28,18,10,18,16,0,1,1,0
S01008579,35 to 49,108,83,69,14,25,20,1,1,3,0
S01008579,50 to 64,181,147,130,17,34,14,0,1,13,6
S01008579,65 to 74,92,79,77,2,13,2,0,1,4,6
S01008579,75 to 84,69,42,42,0,27,5,0,0,0,22
S01008579,85 and over,21,6,6,0,15,1,0,0,0,14
S01008580,All people aged 16 and over in households,466,282,236,46,184,109,3,10,26,36
S01008580,16 to 24,69,5,0,5,64,64,0,0,0,0
S01008580,25 to 34,78,58,35,23,20,19,1,0,0,0
S01008580,35 to 49,100,69,61,8,31,17,0,6,7,1
S01008580,50 to 64,122,99,91,8,23,6,1,4,11,1
S01008580,65 to 74,48,31,29,2,17,2,0,0,6,9
S01008580,75 to 84,38,19,19,0,19,1,1,0,2,15
S01008580,85 and over,11,1,1,0,10,0,0,0,0,10
S01008581,All people aged 16 and over in households,771,348,270,78,423,232,10,19,74,88
S01008581,16 to 24,98,11,4,7,87,87,0,0,0,0
S01008581,25 to 34,130,64,39,25,66,58,3,1,3,1
S01008581,35 to 49,171,92,69,23,79,47,5,8,18,1
S01008581,50 to 64,185,104,87,17,81,27,1,8,34,11
S01008581,65 to 74,88,51,45,6,37,6,0,0,12,19
S01008581,75 to 84,64,20,20,0,44,5,1,2,6,30
S01008581,85 and over,35,6,6,0,29,2,0,0,1,26
S01008582,All people aged 16 and over in households,837,380,296,84,457,284,7,22,63,81
S01008582,16 to 24,98,6,1,5,92,92,0,0,0,0
S01008582,25 to 34,153,66,28,38,87,79,2,2,4,0
S01008582,35 to 49,221,131,103,28,90,58,1,11,18,2
S01008582,50 to 64,207,119,106,13,88,40,1,7,27,13
S01008582,65 to 74,70,32,32,0,38,9,2,1,11,15
S01008582,75 to 84,55,21,21,0,34,5,1,0,2,26
S01008582,85 and over,33,5,5,0,28,1,0,1,1,25
S01008583,All people aged 16 and over in households,595,268,214,54,327,191,10,12,45,69
S01008583,16 to 24,94,11,4,7,83,83,0,0,0,0
S01008583,25 to 34,114,68,42,26,46,42,4,0,0,0
S01008583,35 to 49,138,91,73,18,47,30,1,4,12,0
S01008583,50 to 64,113,53,50,3,60,20,5,6,19,10
S01008583,65 to 74,60,27,27,0,33,10,0,0,8,15
S01008583,75 to 84,43,9,9,0,34,4,0,2,4,24
S01008583,85 and over,33,9,9,0,24,2,0,0,2,20
S01008584,All people aged 16 and over in households,683,339,256,83,344,208,11,19,50,56
S01008584,16 to 24,93,8,0,8,85,84,1,0,0,0
S01008584,25 to 34,113,59,39,20,54,50,1,1,2,0
S01008584,35 to 49,194,115,83,32,79,41,8,13,15,2
S01008584,50 to 64,148,93,74,19,55,24,1,1,23,6
S01008584,65 to 74,57,30,27,3,27,6,0,4,6,11
S01008584,75 to 84,48,19,19,0,29,3,0,0,3,23
S01008584,85 and over,30,15,14,1,15,0,0,0,1,14
S01008585,All people aged 16 and over in households,469,212,164,48,257,169,6,9,34,39
S01008585,16 to 24,73,8,0,8,65,65,0,0,0,0
S01008585,25 to 34,89,34,16,18,55,50,3,1,1,0
S01008585,35 to 49,121,78,65,13,43,27,2,4,7,3
S01008585,50 to 64,104,59,50,9,45,15,0,3,17,10
S01008585,65 to 74,46,23,23,0,23,7,0,0,5,11
S01008585,75 to 84,26,9,9,0,17,4,0,0,4,9
S01008585,85 and over,10,1,1,0,9,1,1,1,0,6
S01008586,All people aged 16 and over in households,665,300,252,48,365,224,4,14,50,73
S01008586,16 to 24,96,3,0,3,93,93,0,0,0,0
S01008586,25 to 34,85,42,26,16,43,39,2,0,2,0
S01008586,35 to 49,163,97,78,19,66,49,1,3,12,1
S01008586,50 to 64,168,97,91,6,71,36,1,10,16,8
S01008586,65 to 74,70,36,32,4,34,5,0,1,12,16
S01008586,75 to 84,51,19,19,0,32,2,0,0,7,23
S01008586,85 and over,32,6,6,0,26,0,0,0,1,25
S01008587,All people aged 16 and over in households,643,422,380,42,221,139,12,5,21,44
S01008587,16 to 24,73,4,2,2,69,67,2,0,0,0
S01008587,25 to 34,97,49,33,16,48,42,3,2,1,0
S01008587,35 to 49,135,102,93,9,33,21,7,2,2,1
S01008587,50 to 64,188,159,144,15,29,7,0,1,15,6
S01008587,65 to 74,77,69,69,0,8,2,0,0,1,5
S01008587,75 to 84,58,32,32,0,26,0,0,0,2,24
S01008587,85 and over,15,7,7,0,8,0,0,0,0,8
S01008588,All people aged 16 and over in households,621,344,290,54,277,180,6,7,27,57
S01008588,16 to 24,96,5,0,5,91,91,0,0,0,0
S01008588,25 to 34,66,28,16,12,38,35,2,1,0,0
S01008588,35 to 49,180,143,117,26,37,20,3,4,10,0
S01008588,50 to 64,141,102,91,11,39,20,1,1,12,5
S01008588,65 to 74,56,35,35,0,21,6,0,1,2,12
S01008588,75 to 84,51,28,28,0,23,7,0,0,1,15
S01008588,85 and over,31,3,3,0,28,1,0,0,2,25
S01008589,All people aged 16 and over in households,313,198,178,20,115,55,1,7,25,27
S01008589,16 to 24,29,0,0,0,29,28,0,0,1,0
S01008589,25 to 34,24,12,9,3,12,8,0,3,1,0
S01008589,35 to 49,76,64,54,10,12,5,0,3,4,0
S01008589,50 to 64,87,70,66,4,17,4,0,0,8,5
S01008589,65 to 74,39,23,20,3,16,3,0,1,8,4
S01008589,75 to 84,34,16,16,0,18,5,0,0,2,11
S01008589,85 and over,24,13,13,0,11,2,1,0,1,7
S01008590,All people aged 16 and over in households,646,326,248,78,320,186,4,12,37,81
S01008590,16 to 24,81,13,1,12,68,68,0,0,0,0
S01008590,25 to 34,127,81,44,37,46,43,2,0,1,0
S01008590,35 to 49,131,94,77,17,37,25,0,4,6,2
S01008590,50 to 64,101,55,46,9,46,22,0,7,15,2
S01008590,65 to 74,71,39,37,2,32,12,1,1,8,10
S01008590,75 to 84,74,33,32,1,41,10,1,0,4,26
S01008590,85 and over,61,11,11,0,50,6,0,0,3,41
S01008591,All people aged 16 and over in households,660,368,300,68,292,216,14,6,28,28
S01008591,16 to 24,114,3,3,0,111,110,1,0,0,0
S01008591,25 to 34,148,77,42,35,71,66,5,0,0,0
S01008591,35 to 49,162,126,102,24,36,19,4,2,10,1
S01008591,50 to 64,134,98,93,5,36,10,4,3,14,5
S01008591,65 to 74,53,40,36,4,13,6,0,0,3,4
S01008591,75 to 84,34,17,17,0,17,4,0,0,1,12
S01008591,85 and over,15,7,7,0,8,1,0,1,0,6
S01008592,All people aged 16 and over in households,612,264,198,66,348,223,10,14,32,69
S01008592,16 to 24,103,8,0,8,95,95,0,0,0,0
S01008592,25 to 34,110,44,26,18,66,61,1,2,2,0
S01008592,35 to 49,170,112,80,32,58,35,5,5,11,2
S01008592,50 to 64,106,60,52,8,46,22,1,6,13,4
S01008592,65 to 74,45,22,22,0,23,7,1,1,4,10
S01008592,75 to 84,43,13,13,0,30,3,2,0,2,23
S01008592,85 and over,35,5,5,0,30,0,0,0,0,30
S01008593,All people aged 16 and over in households,618,436,406,30,182,107,9,10,17,39
S01008593,16 to 24,58,5,1,4,53,53,0,0,0,0
S01008593,25 to 34,55,27,19,8,28,25,2,0,1,0
S01008593,35 to 49,157,133,124,9,24,13,4,4,3,0
S01008593,50 to 64,187,160,151,9,27,11,1,5,5,5
S01008593,65 to 74,83,68,68,0,15,1,2,0,5,7
S01008593,75 to 84,57,36,36,0,21,4,0,1,2,14
S01008593,85 and over,21,7,7,0,14,0,0,0,1,13
S01008594,All people aged 16 and over in households,808,486,416,70,322,210,7,16,30,59
S01008594,16 to 24,107,5,1,4,102,102,0,0,0,0
S01008594,25 to 34,126,73,44,29,53,49,2,2,0,0
S01008594,35 to 49,211,157,132,25,54,37,1,4,12,0
S01008594,50 to 64,200,150,139,11,50,14,2,10,17,7
S01008594,65 to 74,91,62,61,1,29,6,0,0,1,22
S01008594,75 to 84,60,34,34,0,26,0,2,0,0,24
S01008594,85 and over,13,5,5,0,8,2,0,0,0,6
S01008595,All people aged 16 and over in households,756,318,246,72,438,251,9,22,87,69
S01008595,16 to 24,97,13,2,11,84,84,0,0,0,0
S01008595,25 to 34,117,43,21,22,74,69,1,3,1,0
S01008595,35 to 49,162,87,62,25,75,48,6,5,15,1
S01008595,50 to 64,170,85,75,10,85,31,0,12,37,5
S01008595,65 to 74,101,61,58,3,40,6,0,2,24,8
S01008595,75 to 84,74,25,24,1,49,4,2,0,7,36
S01008595,85 and over,35,4,4,0,31,9,0,0,3,19
S01008596,All people aged 16 and over in households,746,286,196,90,460,308,15,18,66,53
S01008596,16 to 24,165,20,1,19,145,144,1,0,0,0
S01008596,25 to 34,165,94,54,40,71,66,1,3,1,0
S01008596,35 to 49,147,62,42,20,85,50,8,5,22,0
S01008596,50 to 64,121,56,48,8,65,29,2,9,22,3
S01008596,65 to 74,76,33,32,1,43,8,2,1,17,15
S01008596,75 to 84,58,20,19,1,38,9,1,0,3,25
S01008596,85 and over,14,1,0,1,13,2,0,0,1,10
S01008597,All people aged 16 and over in households,740,488,418,70,252,154,4,6,23,65
S01008597,16 to 24,72,9,0,9,63,63,0,0,0,0
S01008597,25 to 34,68,37,20,17,31,27,2,0,0,2
S01008597,35 to 49,191,160,133,27,31,25,1,1,4,0
S01008597,50 to 64,212,161,145,16,51,22,0,5,15,9
S01008597,65 to 74,95,60,59,1,35,11,0,0,4,20
S01008597,75 to 84,80,53,53,0,27,5,1,0,0,21
S01008597,85 and over,22,8,8,0,14,1,0,0,0,13
S01008598,All people aged 16 and over in households,722,256,180,76,466,396,10,15,28,17
S01008598,16 to 24,287,15,1,14,272,269,3,0,0,0
S01008598,25 to 34,160,70,32,38,90,81,5,4,0,0
S01008598,35 to 49,106,64,50,14,42,26,2,5,9,0
S01008598,50 to 64,82,52,46,6,30,15,0,4,10,1
S01008598,65 to 74,48,34,31,3,14,1,0,2,5,6
S01008598,75 to 84,27,17,16,1,10,2,0,0,3,5
S01008598,85 and over,12,4,4,0,8,2,0,0,1,5
S01008599,All people aged 16 and over in households,786,380,312,68,406,331,5,10,25,35
S01008599,16 to 24,218,15,0,15,203,203,0,0,0,0
S01008599,25 to 34,159,55,27,28,104,96,1,4,3,0
S01008599,35 to 49,148,119,100,19,29,20,1,3,3,2
S01008599,50 to 64,154,126,120,6,28,8,2,3,12,3
S01008599,65 to 74,56,44,44,0,12,0,1,0,4,7
S01008599,75 to 84,38,17,17,0,21,3,0,0,2,16
S01008599,85 and over,13,4,4,0,9,1,0,0,1,7
S01008600,All people aged 16 and over in households,617,378,318,60,239,173,7,8,18,33
S01008600,16 to 24,117,5,1,4,112,112,0,0,0,0
S01008600,25 to 34,100,67,38,29,33,28,1,0,4,0
S01008600,35 to 49,171,145,130,15,26,15,3,2,5,1
S01008600,50 to 64,129,100,88,12,29,10,3,3,4,9
S01008600,65 to 74,56,45,45,0,11,4,0,2,2,3
S01008600,75 to 84,32,14,14,0,18,3,0,1,3,11
S01008600,85 and over,12,2,2,0,10,1,0,0,0,9
S01008601,All people aged 16 and over in households,692,176,122,54,516,458,9,8,23,18
S01008601,16 to 24,348,13,0,13,335,330,5,0,0,0
S01008601,25 to 34,120,44,19,25,76,75,0,0,1,0
S01008601,35 to 49,93,55,45,10,38,29,2,2,5,0
S01008601,50 to 64,73,36,31,5,37,17,0,4,10,6
S01008601,65 to 74,31,17,17,0,14,3,2,2,3,4
S01008601,75 to 84,19,7,6,1,12,3,0,0,3,6
S01008601,85 and over,8,4,4,0,4,1,0,0,1,2
S01008602,All people aged 16 and over in households,515,150,86,64,365,299,14,7,30,15
S01008602,16 to 24,153,6,1,5,147,147,0,0,0,0
S01008602,25 to 34,153,53,26,27,100,96,2,1,1,0
S01008602,35 to 49,98,48,27,21,50,31,9,2,8,0
S01008602,50 to 64,63,26,17,9,37,18,1,2,13,3
S01008602,65 to 74,26,10,8,2,16,4,0,1,6,5
S01008602,75 to 84,17,6,6,0,11,3,2,1,0,5
S01008602,85 and over,5,1,1,0,4,0,0,0,2,2
S01008603,All people aged 16 and over in households,1069,284,130,154,785,707,15,17,34,12
S01008603,16 to 24,481,36,7,29,445,445,0,0,0,0
S01008603,25 to 34,312,130,36,94,182,181,1,0,0,0
S01008603,35 to 49,129,62,39,23,67,48,7,7,5,0
S01008603,50 to 64,89,34,26,8,55,20,3,8,22,2
S01008603,65 to 74,30,11,11,0,19,7,3,2,5,2
S01008603,75 to 84,26,10,10,0,16,6,1,0,1,8
S01008603,85 and over,2,1,1,0,1,0,0,0,1,0
S01008604,All people aged 16 and over in households,760,324,218,106,436,365,8,9,29,25
S01008604,16 to 24,221,30,3,27,191,191,0,0,0,0
S01008604,25 to 34,188,81,39,42,107,99,4,2,2,0
S01008604,35 to 49,148,90,71,19,58,46,2,2,5,3
S01008604,50 to 64,118,78,65,13,40,18,2,4,15,1
S01008604,65 to 74,53,35,30,5,18,6,0,1,3,8
S01008604,75 to 84,26,9,9,0,17,3,0,0,4,10
S01008604,85 and over,6,1,1,0,5,2,0,0,0,3
S01008605,All people aged 16 and over in households,629,234,142,92,395,333,11,13,22,16
S01008605,16 to 24,206,16,1,15,190,190,0,0,0,0
S01008605,25 to 34,155,65,11,54,90,79,9,1,1,0
S01008605,35 to 49,132,83,67,16,49,36,1,7,5,0
S01008605,50 to 64,92,55,49,6,37,18,1,5,9,4
S01008605,65 to 74,24,11,10,1,13,5,0,0,6,2
S01008605,75 to 84,13,2,2,0,11,3,0,0,1,7
S01008605,85 and over,7,2,2,0,5,2,0,0,0,3
S01008606,All people aged 16 and over in households,603,366,320,46,237,181,12,8,19,17
S01008606,16 to 24,120,2,0,2,118,118,0,0,0,0
S01008606,25 to 34,70,31,20,11,39,36,2,1,0,0
S01008606,35 to 49,159,141,124,17,18,5,4,4,4,1
S01008606,50 to 64,156,131,118,13,25,8,3,3,10,1
S01008606,65 to 74,64,48,45,3,16,8,1,0,3,4
S01008606,75 to 84,24,8,8,0,16,4,1,0,2,9
S01008606,85 and over,10,5,5,0,5,2,1,0,0,2
S01008607,All people aged 16 and over in households,511,342,316,26,169,82,5,14,19,49
S01008607,16 to 24,46,4,0,4,42,42,0,0,0,0
S01008607,25 to 34,25,18,10,8,7,7,0,0,0,0
S01008607,35 to 49,115,89,82,7,26,21,1,1,3,0
S01008607,50 to 64,152,124,118,6,28,5,2,8,7,6
S01008607,65 to 74,88,67,66,1,21,2,0,2,7,10
S01008607,75 to 84,61,36,36,0,25,4,2,2,0,17
S01008607,85 and over,24,4,4,0,20,1,0,1,2,16
S01008608,All people aged 16 and over in households,592,340,292,48,252,164,5,7,28,48
S01008608,16 to 24,78,6,0,6,72,72,0,0,0,0
S01008608,25 to 34,56,24,20,4,32,30,0,1,1,0
S01008608,35 to 49,126,96,73,23,30,22,0,1,5,2
S01008608,50 to 64,157,119,109,10,38,16,2,5,13,2
S01008608,65 to 74,92,61,56,5,31,11,1,0,7,12
S01008608,75 to 84,55,26,26,0,29,10,1,0,2,16
S01008608,85 and over,28,8,8,0,20,3,1,0,0,16
S01008609,All people aged 16 and over in households,724,452,382,70,272,139,6,18,42,67
S01008609,16 to 24,66,0,0,0,66,66,0,0,0,0
S01008609,25 to 34,68,38,28,10,30,27,0,1,2,0
S01008609,35 to 49,177,146,112,34,31,18,1,3,9,0
S01008609,50 to 64,209,159,134,25,50,11,4,9,20,6
S01008609,65 to 74,82,61,60,1,21,5,1,3,5,7
S01008609,75 to 84,80,35,35,0,45,11,0,2,4,28
S01008609,85 and over,42,13,13,0,29,1,0,0,2,26
S01008610,All people aged 16 and over in households,734,322,288,34,412,263,7,6,35,101
S01008610,16 to 24,170,7,4,3,163,163,0,0,0,0
S01008610,25 to 34,66,26,8,18,40,37,3,0,0,0
S01008610,35 to 49,135,105,100,5,30,21,2,3,3,1
S01008610,50 to 64,131,102,94,8,29,8,0,2,16,3
S01008610,65 to 74,68,50,50,0,18,4,0,0,6,8
S01008610,75 to 84,99,25,25,0,74,18,1,1,7,47
S01008610,85 and over,65,7,7,0,58,12,1,0,3,42
S01008611,All people aged 16 and over in households,1020,328,202,126,692,609,9,15,28,31
S01008611,16 to 24,363,37,2,35,326,326,0,0,0,0
S01008611,25 to 34,287,107,47,60,180,173,5,2,0,0
S01008611,35 to 49,162,84,59,25,78,62,2,6,7,1
S01008611,50 to 64,120,64,61,3,56,31,1,4,13,7
S01008611,65 to 74,45,21,20,1,24,7,0,3,6,8
S01008611,75 to 84,30,11,9,2,19,5,1,0,2,11
S01008611,85 and over,13,4,4,0,9,5,0,0,0,4
S01008612,All people aged 16 and over in households,725,180,90,90,545,489,7,8,23,18
S01008612,16 to 24,327,17,2,15,310,309,0,0,1,0
S01008612,25 to 34,204,87,41,46,117,110,2,2,2,1
S01008612,35 to 49,105,49,29,20,56,46,0,3,6,1
S01008612,50 to 64,58,19,14,5,39,17,4,2,13,3
S01008612,65 to 74,19,6,3,3,13,6,1,1,0,5
S01008612,75 to 84,7,2,1,1,5,0,0,0,1,4
S01008612,85 and over,5,0,0,0,5,1,0,0,0,4
S01008613,All people aged 16 and over in households,693,276,208,68,417,337,5,13,21,41
S01008613,16 to 24,223,19,3,16,204,204,0,0,0,0
S01008613,25 to 34,133,51,23,28,82,77,1,4,0,0
S01008613,35 to 49,119,89,73,16,30,25,1,1,3,0
S01008613,50 to 64,115,77,69,8,38,16,2,6,10,4
S01008613,65 to 74,37,26,26,0,11,3,1,0,4,3
S01008613,75 to 84,32,8,8,0,24,4,0,1,3,16
S01008613,85 and over,34,6,6,0,28,8,0,1,1,18
S01008614,All people aged 16 and over in households,643,172,92,80,471,425,1,10,21,14
S01008614,16 to 24,303,25,3,22,278,277,1,0,0,0
S01008614,25 to 34,168,66,22,44,102,99,0,1,2,0
S01008614,35 to 49,66,40,30,10,26,23,0,2,1,0
S01008614,50 to 64,54,21,17,4,33,20,0,3,7,3
S01008614,65 to 74,33,16,16,0,17,5,0,3,7,2
S01008614,75 to 84,11,2,2,0,9,1,0,1,3,4
S01008614,85 and over,8,2,2,0,6,0,0,0,1,5
S01008615,All people aged 16 and over in households,759,214,132,82,545,498,8,4,17,18
S01008615,16 to 24,385,9,0,9,376,376,0,0,0,0
S01008615,25 to 34,131,56,18,38,75,73,1,0,1,0
S01008615,35 to 49,115,86,57,29,29,22,0,3,2,2
S01008615,50 to 64,86,46,41,5,40,22,5,0,9,4
S01008615,65 to 74,19,10,9,1,9,2,1,1,3,2
S01008615,75 to 84,21,7,7,0,14,2,1,0,2,9
S01008615,85 and over,2,0,0,0,2,1,0,0,0,1
S01008616,All people aged 16 and over in households,676,140,96,44,536,511,5,2,12,6
S01008616,16 to 24,407,6,0,6,401,401,0,0,0,0
S01008616,25 to 34,120,30,15,15,90,87,1,1,0,1
S01008616,35 to 49,78,66,52,14,12,10,1,0,1,0
S01008616,50 to 64,48,26,18,8,22,8,2,1,9,2
S01008616,65 to 74,18,8,7,1,10,4,1,0,2,3
S01008616,75 to 84,4,3,3,0,1,1,0,0,0,0
S01008616,85 and over,1,1,1,0,0,0,0,0,0,0
S01008617,All people aged 16 and over in households,754,180,120,60,574,528,6,7,23,10
S01008617,16 to 24,452,8,0,8,444,444,0,0,0,0
S01008617,25 to 34,109,44,19,25,65,60,0,4,1,0
S01008617,35 to 49,91,73,54,19,18,12,1,0,5,0
S01008617,50 to 64,61,36,28,8,25,6,4,3,12,0
S01008617,65 to 74,22,13,13,0,9,3,1,0,3,2
S01008617,75 to 84,11,4,4,0,7,3,0,0,2,2
S01008617,85 and over,8,2,2,0,6,0,0,0,0,6
S01008618,All people aged 16 and over in households,681,114,70,44,567,535,4,5,14,9
S01008618,16 to 24,407,8,0,8,399,399,0,0,0,0
S01008618,25 to 34,129,38,16,22,91,90,0,0,1,0
S01008618,35 to 49,78,53,43,10,25,21,1,0,3,0
S01008618,50 to 64,42,9,6,3,33,17,2,4,9,1
S01008618,65 to 74,13,4,3,1,9,3,1,1,1,3
S01008618,75 to 84,7,0,0,0,7,4,0,0,0,3
S01008618,85 and over,5,2,2,0,3,1,0,0,0,2
S01008619,All people aged 16 and over in households,493,116,76,40,377,346,3,7,15,6
S01008619,16 to 24,248,5,0,5,243,243,0,0,0,0
S01008619,25 to 34,98,36,16,20,62,61,0,1,0,0
S01008619,35 to 49,59,33,21,12,26,17,3,2,4,0
S01008619,50 to 64,60,31,28,3,29,17,0,4,7,1
S01008619,65 to 74,9,2,2,0,7,2,0,0,3,2
S01008619,75 to 84,16,9,9,0,7,5,0,0,1,1
S01008619,85 and over,3,0,0,0,3,1,0,0,0,2
S01008620,All people aged 16 and over in households,766,176,106,70,590,551,12,2,16,9
S01008620,16 to 24,408,8,2,6,400,400,0,0,0,0
S01008620,25 to 34,182,61,22,39,121,114,5,0,2,0
S01008620,35 to 49,89,56,38,18,33,24,4,1,3,1
S01008620,50 to 64,56,34,28,6,22,11,2,0,8,1
S01008620,65 to 74,21,14,13,1,7,1,1,0,3,2
S01008620,75 to 84,6,2,2,0,4,1,0,0,0,3
S01008620,85 and over,4,1,1,0,3,0,0,1,0,2
S01008621,All people aged 16 and over in households,710,158,114,44,552,523,1,8,8,12
S01008621,16 to 24,407,5,0,5,402,402,0,0,0,0
S01008621,25 to 34,132,52,30,22,80,79,0,0,1,0
S01008621,35 to 49,75,44,34,10,31,24,0,3,2,2
S01008621,50 to 64,59,44,39,5,15,8,1,3,2,1
S01008621,65 to 74,26,10,9,1,16,7,0,2,3,4
S01008621,75 to 84,9,3,2,1,6,2,0,0,0,4
S01008621,85 and over,2,0,0,0,2,1,0,0,0,1
S01008622,All people aged 16 and over in households,468,156,90,66,312,277,8,1,16,10
S01008622,16 to 24,175,12,0,12,163,163,0,0,0,0
S01008622,25 to 34,110,30,8,22,80,77,2,0,1,0
S01008622,35 to 49,83,60,38,22,23,15,5,1,1,1
S01008622,50 to 64,66,41,34,7,25,14,1,0,9,1
S01008622,65 to 74,22,9,6,3,13,7,0,0,3,3
S01008622,75 to 84,10,3,3,0,7,1,0,0,2,4
S01008622,85 and over,2,1,1,0,1,0,0,0,0,1
S01008623,All people aged 16 and over in households,773,286,246,40,487,413,9,8,23,34
S01008623,16 to 24,305,6,0,6,299,299,0,0,0,0
S01008623,25 to 34,115,42,28,14,73,72,0,1,0,0
S01008623,35 to 49,115,85,74,11,30,18,2,4,6,0
S01008623,50 to 64,129,92,83,9,37,17,4,1,12,3
S01008623,65 to 74,51,39,39,0,12,2,1,1,2,6
S01008623,75 to 84,36,18,18,0,18,2,2,1,2,11
S01008623,85 and over,22,4,4,0,18,3,0,0,1,14
S01008624,All people aged 16 and over in households,573,348,316,32,225,109,7,15,33,61
S01008624,16 to 24,41,3,0,3,38,38,0,0,0,0
S01008624,25 to 34,39,18,12,6,21,20,0,1,0,0
S01008624,35 to 49,133,110,100,10,23,14,1,3,4,1
S01008624,50 to 64,136,94,89,5,42,18,2,6,11,5
S01008624,65 to 74,113,78,70,8,35,7,1,0,15,12
S01008624,75 to 84,77,37,37,0,40,9,2,4,2,23
S01008624,85 and over,34,8,8,0,26,3,1,1,1,20
S01008625,All people aged 16 and over in households,457,310,288,22,147,92,0,6,22,27
S01008625,16 to 24,42,0,0,0,42,42,0,0,0,0
S01008625,25 to 34,37,15,10,5,22,22,0,0,0,0
S01008625,35 to 49,109,97,86,11,12,6,0,2,4,0
S01008625,50 to 64,160,134,129,5,26,12,0,4,8,2
S01008625,65 to 74,68,47,46,1,21,4,0,0,8,9
S01008625,75 to 84,30,17,17,0,13,1,0,0,2,10
S01008625,85 and over,11,0,0,0,11,5,0,0,0,6
S01008626,All people aged 16 and over in households,744,476,388,88,268,200,3,6,30,29
S01008626,16 to 24,109,9,1,8,100,100,0,0,0,0
S01008626,25 to 34,128,75,31,44,53,49,2,0,2,0
S01008626,35 to 49,214,181,156,25,33,22,0,2,9,0
S01008626,50 to 64,169,136,126,10,33,12,1,2,15,3
S01008626,65 to 74,64,45,45,0,19,9,0,1,2,7
S01008626,75 to 84,43,26,25,1,17,6,0,1,2,8
S01008626,85 and over,17,4,4,0,13,2,0,0,0,11
S01008627,All people aged 16 and over in households,517,370,346,24,147,96,10,4,17,20
S01008627,16 to 24,61,1,1,0,60,59,1,0,0,0
S01008627,25 to 34,54,30,21,9,24,22,2,0,0,0
S01008627,35 to 49,168,148,140,8,20,8,3,2,6,1
S01008627,50 to 64,147,131,124,7,16,3,2,1,8,2
S01008627,65 to 74,44,33,33,0,11,0,2,1,2,6
S01008627,75 to 84,35,23,23,0,12,3,0,0,1,8
S01008627,85 and over,8,4,4,0,4,1,0,0,0,3
S01008628,All people aged 16 and over in households,502,248,172,76,254,196,4,14,22,18
S01008628,16 to 24,85,0,0,0,85,85,0,0,0,0
S01008628,25 to 34,142,78,29,49,64,60,1,1,2,0
S01008628,35 to 49,125,81,62,19,44,34,1,3,4,2
S01008628,50 to 64,83,50,44,6,33,10,2,9,9,3
S01008628,65 to 74,39,27,25,2,12,3,0,1,4,4
S01008628,75 to 84,23,11,11,0,12,2,0,0,2,8
S01008628,85 and over,5,1,1,0,4,2,0,0,1,1
S01008629,All people aged 16 and over in households,492,212,138,74,280,185,6,7,50,32
S01008629,16 to 24,91,11,0,11,80,79,1,0,0,0
S01008629,25 to 34,80,43,19,24,37,37,0,0,0,0
S01008629,35 to 49,127,84,54,30,43,24,3,2,12,2
S01008629,50 to 64,112,51,42,9,61,22,1,4,29,5
S01008629,65 to 74,28,13,13,0,15,5,1,0,6,3
S01008629,75 to 84,42,8,8,0,34,14,0,1,3,16
S01008629,85 and over,12,2,2,0,10,4,0,0,0,6
S01008630,All people aged 16 and over in households,503,198,108,90,305,258,3,9,11,24
S01008630,16 to 24,131,8,0,8,123,123,0,0,0,0
S01008630,25 to 34,160,92,28,64,68,68,0,0,0,0
S01008630,35 to 49,89,47,33,14,42,37,1,1,3,0
S01008630,50 to 64,47,24,20,4,23,11,2,6,4,0
S01008630,65 to 74,33,17,17,0,16,10,0,2,3,1
S01008630,75 to 84,28,7,7,0,21,8,0,0,1,12
S01008630,85 and over,15,3,3,0,12,1,0,0,0,11
S01008631,All people aged 16 and over in households,712,268,140,128,444,363,3,13,48,17
S01008631,16 to 24,127,22,5,17,105,105,0,0,0,0
S01008631,25 to 34,253,112,38,74,141,139,1,0,1,0
S01008631,35 to 49,155,67,44,23,88,72,2,7,6,1
S01008631,50 to 64,115,42,32,10,73,35,0,6,28,4
S01008631,65 to 74,45,23,19,4,22,11,0,0,7,4
S01008631,75 to 84,15,2,2,0,13,0,0,0,6,7
S01008631,85 and over,2,0,0,0,2,1,0,0,0,1
S01008632,All people aged 16 and over in households,658,306,166,140,352,268,2,14,37,31
S01008632,16 to 24,85,16,3,13,69,69,0,0,0,0
S01008632,25 to 34,232,131,44,87,101,97,2,0,2,0
S01008632,35 to 49,148,67,44,23,81,61,0,6,14,0
S01008632,50 to 64,106,58,42,16,48,26,0,5,13,4
S01008632,65 to 74,32,19,18,1,13,4,0,2,4,3
S01008632,75 to 84,39,14,14,0,25,7,0,1,3,14
S01008632,85 and over,16,1,1,0,15,4,0,0,1,10
S01008633,All people aged 16 and over in households,761,416,368,48,345,192,17,15,42,79
S01008633,16 to 24,97,1,0,1,96,95,0,0,0,1
S01008633,25 to 34,63,32,23,9,31,26,4,1,0,0
S01008633,35 to 49,168,119,101,18,49,26,4,5,13,1
S01008633,50 to 64,180,134,117,17,46,17,4,5,16,4
S01008633,65 to 74,126,81,78,3,45,16,2,2,10,15
S01008633,75 to 84,86,38,38,0,48,8,1,2,1,36
S01008633,85 and over,41,11,11,0,30,4,2,0,2,22
S01008634,All people aged 16 and over in households,612,305,252,53,307,243,7,6,19,32
S01008634,16 to 24,159,2,0,2,157,154,2,0,0,1
S01008634,25 to 34,96,36,18,18,60,57,0,0,3,0
S01008634,35 to 49,122,109,88,21,13,7,0,1,5,0
S01008634,50 to 64,146,115,105,10,31,10,4,3,9,5
S01008634,65 to 74,48,30,28,2,18,7,0,1,2,8
S01008634,75 to 84,26,12,12,0,14,2,0,1,0,11
S01008634,85 and over,15,1,1,0,14,6,1,0,0,7
S01008635,All people aged 16 and over in households,720,348,280,68,372,297,5,5,37,28
S01008635,16 to 24,170,7,2,5,163,163,0,0,0,0
S01008635,25 to 34,139,64,28,36,75,71,0,1,3,0
S01008635,35 to 49,184,134,114,20,50,39,4,1,5,1
S01008635,50 to 64,147,108,102,6,39,14,0,3,21,1
S01008635,65 to 74,40,21,20,1,19,3,1,0,7,8
S01008635,75 to 84,27,14,14,0,13,5,0,0,1,7
S01008635,85 and over,13,0,0,0,13,2,0,0,0,11
S01008636,All people aged 16 and over in households,749,344,290,54,405,320,8,11,32,34
S01008636,16 to 24,194,9,1,8,185,184,1,0,0,0
S01008636,25 to 34,128,45,19,26,83,80,1,0,2,0
S01008636,35 to 49,153,117,104,13,36,25,2,4,5,0
S01008636,50 to 64,146,105,99,6,41,15,4,5,12,5
S01008636,65 to 74,62,43,43,0,19,6,0,2,10,1
S01008636,75 to 84,34,16,16,0,18,2,0,0,3,13
S01008636,85 and over,32,9,8,1,23,8,0,0,0,15
S01008637,All people aged 16 and over in households,577,296,226,70,281,210,9,9,20,33
S01008637,16 to 24,89,4,1,3,85,85,0,0,0,0
S01008637,25 to 34,146,64,27,37,82,80,2,0,0,0
S01008637,35 to 49,142,99,80,19,43,32,5,3,3,0
S01008637,50 to 64,94,67,57,10,27,7,1,5,14,0
S01008637,65 to 74,50,34,33,1,16,3,0,0,3,10
S01008637,75 to 84,41,23,23,0,18,3,1,1,0,13
S01008637,85 and over,15,5,5,0,10,0,0,0,0,10
S01008638,All people aged 16 and over in households,719,262,180,82,457,355,8,17,35,42
S01008638,16 to 24,211,16,0,16,195,195,0,0,0,0
S01008638,25 to 34,158,48,20,28,110,106,3,1,0,0
S01008638,35 to 49,121,83,55,28,38,24,3,5,6,0
S01008638,50 to 64,90,63,54,9,27,8,0,2,11,6
S01008638,65 to 74,63,26,25,1,37,13,0,3,14,7
S01008638,75 to 84,54,20,20,0,34,7,2,5,3,17
S01008638,85 and over,22,6,6,0,16,2,0,1,1,12
S01008639,All people aged 16 and over in households,773,332,202,130,441,379,9,14,20,19
S01008639,16 to 24,161,17,0,17,144,144,0,0,0,0
S01008639,25 to 34,276,137,52,85,139,132,4,1,2,0
S01008639,35 to 49,178,97,77,20,81,62,4,7,8,0
S01008639,50 to 64,103,56,49,7,47,32,1,6,7,1
S01008639,65 to 74,25,18,17,1,7,5,0,0,2,0
S01008639,75 to 84,23,7,7,0,16,2,0,0,1,13
S01008639,85 and over,7,0,0,0,7,2,0,0,0,5
S01008640,All people aged 16 and over in households,699,258,138,120,441,399,10,12,14,6
S01008640,16 to 24,234,18,0,18,216,216,0,0,0,0
S01008640,25 to 34,223,109,41,68,114,108,3,2,1,0
S01008640,35 to 49,125,69,47,22,56,45,4,4,3,0
S01008640,50 to 64,89,53,41,12,36,21,2,3,9,1
S01008640,65 to 74,16,6,6,0,10,4,1,3,1,1
S01008640,75 to 84,9,3,3,0,6,4,0,0,0,2
S01008640,85 and over,3,0,0,0,3,1,0,0,0,2
S01008641,All people aged 16 and over in households,784,198,110,88,586,541,4,11,22,8
S01008641,16 to 24,344,17,0,17,327,326,0,0,1,0
S01008641,25 to 34,233,91,37,54,142,139,0,2,1,0
S01008641,35 to 49,105,40,28,12,65,53,2,4,6,0
S01008641,50 to 64,71,38,34,4,33,17,1,4,11,0
S01008641,65 to 74,12,9,9,0,3,0,1,0,2,0
S01008641,75 to 84,13,3,2,1,10,4,0,0,1,5
S01008641,85 and over,6,0,0,0,6,2,0,1,0,3
S01008642,All people aged 16 and over in households,830,320,216,104,510,444,6,8,31,21
S01008642,16 to 24,237,15,1,14,222,222,0,0,0,0
S01008642,25 to 34,241,98,44,54,143,138,2,1,2,0
S01008642,35 to 49,173,109,79,30,64,52,1,5,6,0
S01008642,50 to 64,117,63,57,6,54,27,3,1,18,5
S01008642,65 to 74,38,27,27,0,11,1,0,1,4,5
S01008642,75 to 84,20,7,7,0,13,2,0,0,1,10
S01008642,85 and over,4,1,1,0,3,2,0,0,0,1
S01008643,All people aged 16 and over in households,599,298,190,108,301,247,6,10,23,15
S01008643,16 to 24,113,6,1,5,107,107,0,0,0,0
S01008643,25 to 34,194,117,61,56,77,69,2,2,3,1
S01008643,35 to 49,153,100,71,29,53,42,4,2,5,0
S01008643,50 to 64,107,60,47,13,47,26,0,4,13,4
S01008643,65 to 74,15,8,5,3,7,2,0,2,1,2
S01008643,75 to 84,13,6,4,2,7,1,0,0,1,5
S01008643,85 and over,4,1,1,0,3,0,0,0,0,3
S01008644,All people aged 16 and over in households,704,235,146,89,469,372,3,20,36,38
S01008644,16 to 24,212,8,0,8,204,203,0,1,0,0
S01008644,25 to 34,190,84,33,51,106,103,1,1,1,0
S01008644,35 to 49,125,75,56,19,50,36,0,5,9,0
S01008644,50 to 64,93,39,30,9,54,25,1,10,13,5
S01008644,65 to 74,22,3,3,0,19,3,1,1,11,3
S01008644,75 to 84,54,25,23,2,29,2,0,2,1,24
S01008644,85 and over,8,1,1,0,7,0,0,0,1,6
S01008645,All people aged 16 and over in households,730,298,184,114,432,375,4,8,22,23
S01008645,16 to 24,258,31,4,27,227,226,1,0,0,0
S01008645,25 to 34,204,111,55,56,93,91,0,1,1,0
S01008645,35 to 49,143,96,72,24,47,32,2,3,10,0
S01008645,50 to 64,55,27,25,2,28,16,1,4,7,0
S01008645,65 to 74,30,19,14,5,11,5,0,0,1,5
S01008645,75 to 84,27,10,10,0,17,3,0,0,2,12
S01008645,85 and over,13,4,4,0,9,2,0,0,1,6
S01008646,All people aged 16 and over in households,739,316,202,114,423,328,11,14,43,27
S01008646,16 to 24,165,38,6,32,127,127,0,0,0,0
S01008646,25 to 34,260,137,70,67,123,111,5,5,2,0
S01008646,35 to 49,171,74,60,14,97,67,5,5,20,0
S01008646,50 to 64,73,34,33,1,39,15,0,4,12,8
S01008646,65 to 74,38,21,21,0,17,3,1,0,7,6
S01008646,75 to 84,26,11,11,0,15,5,0,0,1,9
S01008646,85 and over,6,1,1,0,5,0,0,0,1,4
S01008647,All people aged 16 and over in households,548,228,120,108,320,289,1,3,19,8
S01008647,16 to 24,111,19,2,17,92,92,0,0,0,0
S01008647,25 to 34,230,111,50,61,119,118,0,1,0,0
S01008647,35 to 49,138,66,41,25,72,65,0,2,5,0
S01008647,50 to 64,43,19,18,1,24,13,1,0,10,0
S01008647,65 to 74,15,7,3,4,8,1,0,0,3,4
S01008647,75 to 84,11,6,6,0,5,0,0,0,1,4
S01008647,85 and over,0,0,0,0,0,0,0,0,0,0
S01008648,All people aged 16 and over in households,572,228,94,134,344,285,5,6,31,17
S01008648,16 to 24,153,37,6,31,116,115,0,0,0,1
S01008648,25 to 34,234,117,44,73,117,117,0,0,0,0
S01008648,35 to 49,98,46,25,21,52,36,4,2,8,2
S01008648,50 to 64,41,11,3,8,30,11,1,2,15,1
S01008648,65 to 74,22,8,7,1,14,4,0,2,4,4
S01008648,75 to 84,19,9,9,0,10,2,0,0,4,4
S01008648,85 and over,5,0,0,0,5,0,0,0,0,5
S01008649,All people aged 16 and over in households,810,358,134,224,452,371,7,12,50,12
S01008649,16 to 24,174,69,7,62,105,103,2,0,0,0
S01008649,25 to 34,362,192,61,131,170,158,3,3,6,0
S01008649,35 to 49,155,52,30,22,103,78,1,4,19,1
S01008649,50 to 64,72,25,20,5,47,22,1,5,15,4
S01008649,65 to 74,22,8,6,2,14,4,0,0,9,1
S01008649,75 to 84,19,11,9,2,8,4,0,0,0,4
S01008649,85 and over,6,1,1,0,5,2,0,0,1,2
S01008650,All people aged 16 and over in households,703,260,102,158,443,380,4,9,35,15
S01008650,16 to 24,159,52,2,50,107,107,0,0,0,0
S01008650,25 to 34,305,133,47,86,172,164,1,2,5,0
S01008650,35 to 49,149,51,33,18,98,84,2,4,7,1
S01008650,50 to 64,58,12,8,4,46,21,1,1,18,5
S01008650,65 to 74,22,9,9,0,13,4,0,0,5,4
S01008650,75 to 84,10,3,3,0,7,0,0,2,0,5
S01008650,85 and over,0,0,0,0,0,0,0,0,0,0
S01008651,All people aged 16 and over in households,667,236,88,148,431,365,6,12,36,12
S01008651,16 to 24,126,43,2,41,83,83,0,0,0,0
S01008651,25 to 34,266,115,36,79,151,145,2,1,3,0
S01008651,35 to 49,161,42,24,18,119,103,4,1,10,1
S01008651,50 to 64,80,23,17,6,57,29,0,9,18,1
S01008651,65 to 74,18,8,6,2,10,4,0,1,2,3
S01008651,75 to 84,9,4,2,2,5,1,0,0,2,2
S01008651,85 and over,7,1,1,0,6,0,0,0,1,5
S01008652,All people aged 16 and over in households,548,176,54,122,372,297,9,20,39,7
S01008652,16 to 24,136,28,6,22,108,108,0,0,0,0
S01008652,25 to 34,181,97,24,73,84,79,2,1,2,0
S01008652,35 to 49,143,28,11,17,115,83,2,15,14,1
S01008652,50 to 64,59,15,9,6,44,20,5,2,15,2
S01008652,65 to 74,19,7,4,3,12,3,0,1,6,2
S01008652,75 to 84,10,1,0,1,9,4,0,1,2,2
S01008652,85 and over,0,0,0,0,0,0,0,0,0,0
S01008653,All people aged 16 and over in households,640,184,98,86,456,369,16,15,40,16
S01008653,16 to 24,181,22,4,18,159,159,0,0,0,0
S01008653,25 to 34,229,91,41,50,138,122,11,3,2,0
S01008653,35 to 49,115,35,24,11,80,56,3,5,16,0
S01008653,50 to 64,72,23,18,5,49,21,2,5,18,3
S01008653,65 to 74,17,4,4,0,13,8,0,1,2,2
S01008653,75 to 84,20,9,7,2,11,3,0,1,1,6
S01008653,85 and over,6,0,0,0,6,0,0,0,1,5
S01008654,All people aged 16 and over in households,887,323,144,179,564,457,21,21,48,17
S01008654,16 to 24,203,57,2,55,146,146,0,0,0,0
S01008654,25 to 34,388,183,80,103,205,181,15,1,7,1
S01008654,35 to 49,171,46,30,16,125,97,2,8,17,1
S01008654,50 to 64,88,25,22,3,63,27,4,10,16,6
S01008654,65 to 74,21,7,7,0,14,5,0,1,5,3
S01008654,75 to 84,13,3,1,2,10,1,0,1,3,5
S01008654,85 and over,3,2,2,0,1,0,0,0,0,1
S01008655,All people aged 16 and over in households,754,254,134,120,500,409,30,13,35,13
S01008655,16 to 24,191,21,3,18,170,170,0,0,0,0
S01008655,25 to 34,332,141,65,76,191,169,17,2,3,0
S01008655,35 to 49,121,57,34,23,64,51,2,3,8,0
S01008655,50 to 64,74,31,28,3,43,14,9,6,14,0
S01008655,65 to 74,14,1,1,0,13,3,2,0,5,3
S01008655,75 to 84,19,3,3,0,16,2,0,2,5,7
S01008655,85 and over,3,0,0,0,3,0,0,0,0,3
S01008656,All people aged 16 and over in households,606,190,100,90,416,334,12,11,48,11
S01008656,16 to 24,121,16,2,14,105,104,1,0,0,0
S01008656,25 to 34,232,94,44,50,138,130,5,2,1,0
S01008656,35 to 49,137,40,23,17,97,79,1,6,9,2
S01008656,50 to 64,78,29,22,7,49,16,3,2,26,2
S01008656,65 to 74,23,8,7,1,15,2,2,0,6,5
S01008656,75 to 84,12,3,2,1,9,1,0,1,6,1
S01008656,85 and over,3,0,0,0,3,2,0,0,0,1
S01008657,All people aged 16 and over in households,596,240,104,136,356,288,9,10,36,13
S01008657,16 to 24,126,25,0,25,101,101,0,0,0,0
S01008657,25 to 34,210,110,36,74,100,95,2,1,2,0
S01008657,35 to 49,142,66,35,31,76,55,5,4,12,0
S01008657,50 to 64,73,26,21,5,47,22,1,3,17,4
S01008657,65 to 74,25,9,8,1,16,8,1,2,3,2
S01008657,75 to 84,13,4,4,0,9,4,0,0,2,3
S01008657,85 and over,7,0,0,0,7,3,0,0,0,4
S01008658,All people aged 16 and over in households,855,296,120,176,559,438,10,17,61,33
S01008658,16 to 24,228,60,6,54,168,167,0,1,0,0
S01008658,25 to 34,249,123,29,94,126,119,4,2,1,0
S01008658,35 to 49,190,70,46,24,120,98,3,3,15,1
S01008658,50 to 64,104,22,19,3,82,41,2,7,29,3
S01008658,65 to 74,42,12,11,1,30,9,0,4,12,5
S01008658,75 to 84,37,9,9,0,28,4,1,0,4,19
S01008658,85 and over,5,0,0,0,5,0,0,0,0,5
S01008659,All people aged 16 and over in households,784,198,80,118,586,516,8,16,39,7
S01008659,16 to 24,322,31,3,28,291,291,0,0,0,0
S01008659,25 to 34,240,117,40,77,123,116,3,1,3,0
S01008659,35 to 49,123,28,18,10,95,81,3,2,8,1
S01008659,50 to 64,56,10,7,3,46,20,1,5,20,0
S01008659,65 to 74,32,8,8,0,24,4,1,8,7,4
S01008659,75 to 84,6,0,0,0,6,4,0,0,1,1
S01008659,85 and over,5,4,4,0,1,0,0,0,0,1
S01008660,All people aged 16 and over in households,877,240,116,124,637,577,9,12,29,10
S01008660,16 to 24,357,42,5,37,315,314,0,0,0,1
S01008660,25 to 34,264,85,28,57,179,172,5,1,1,0
S01008660,35 to 49,137,61,43,18,76,60,2,6,8,0
S01008660,50 to 64,89,39,29,10,50,24,2,5,14,5
S01008660,65 to 74,19,10,8,2,9,2,0,0,5,2
S01008660,75 to 84,8,2,2,0,6,4,0,0,1,1
S01008660,85 and over,3,1,1,0,2,1,0,0,0,1
S01008661,All people aged 16 and over in households,712,192,86,106,520,422,13,15,46,24
S01008661,16 to 24,201,19,3,16,182,181,1,0,0,0
S01008661,25 to 34,214,80,21,59,134,123,5,3,3,0
S01008661,35 to 49,129,34,19,15,95,79,3,4,9,0
S01008661,50 to 64,103,39,31,8,64,27,4,5,24,4
S01008661,65 to 74,34,11,8,3,23,6,0,3,8,6
S01008661,75 to 84,23,9,4,5,14,5,0,0,2,7
S01008661,85 and over,8,0,0,0,8,1,0,0,0,7
S01008662,All people aged 16 and over in households,494,92,30,62,402,362,11,9,19,1
S01008662,16 to 24,203,13,3,10,190,190,0,0,0,0
S01008662,25 to 34,174,52,11,41,122,116,3,1,2,0
S01008662,35 to 49,73,16,8,8,57,39,8,5,4,1
S01008662,50 to 64,33,9,6,3,24,11,0,2,11,0
S01008662,65 to 74,10,1,1,0,9,6,0,1,2,0
S01008662,75 to 84,1,1,1,0,0,0,0,0,0,0
S01008662,85 and over,0,0,0,0,0,0,0,0,0,0
S01008663,All people aged 16 and over in households,800,191,88,103,609,518,6,11,43,31
S01008663,16 to 24,306,27,3,24,279,279,0,0,0,0
S01008663,25 to 34,221,77,19,58,144,139,3,1,1,0
S01008663,35 to 49,127,40,24,16,87,69,2,7,9,0
S01008663,50 to 64,75,32,29,3,43,19,0,1,19,4
S01008663,65 to 74,28,10,8,2,18,2,0,1,9,6
S01008663,75 to 84,32,5,5,0,27,7,1,1,3,15
S01008663,85 and over,11,0,0,0,11,3,0,0,2,6
S01008664,All people aged 16 and over in households,671,220,102,118,451,380,9,15,39,8
S01008664,16 to 24,204,30,2,28,174,173,1,0,0,0
S01008664,25 to 34,240,100,42,58,140,132,5,2,1,0
S01008664,35 to 49,112,46,25,21,66,46,0,8,11,1
S01008664,50 to 64,80,32,21,11,48,24,2,4,18,0
S01008664,65 to 74,17,3,3,0,14,3,1,1,5,4
S01008664,75 to 84,15,8,8,0,7,2,0,0,2,3
S01008664,85 and over,3,1,1,0,2,0,0,0,2,0
S01008665,All people aged 16 and over in households,869,291,126,165,578,481,11,15,49,22
S01008665,16 to 24,244,42,2,40,202,198,3,0,0,1
S01008665,25 to 34,292,120,37,83,172,159,1,1,11,0
S01008665,35 to 49,171,81,47,34,90,70,3,4,11,2
S01008665,50 to 64,120,34,29,5,86,47,4,7,21,7
S01008665,65 to 74,28,11,8,3,17,6,0,3,3,5
S01008665,75 to 84,9,3,3,0,6,0,0,0,2,4
S01008665,85 and over,5,0,0,0,5,1,0,0,1,3
S01008666,All people aged 16 and over in households,717,182,84,98,535,489,15,8,11,12
S01008666,16 to 24,341,18,0,18,323,321,1,1,0,0
S01008666,25 to 34,189,62,12,50,127,121,5,0,1,0
S01008666,35 to 49,92,60,38,22,32,23,6,1,1,1
S01008666,50 to 64,53,28,22,6,25,11,2,5,4,3
S01008666,65 to 74,27,8,8,0,19,8,1,0,5,5
S01008666,75 to 84,14,6,4,2,8,4,0,1,0,3
S01008666,85 and over,1,0,0,0,1,1,0,0,0,0
S01008667,All people aged 16 and over in households,663,195,115,80,468,408,8,11,24,17
S01008667,16 to 24,281,18,0,18,263,262,0,0,0,1
S01008667,25 to 34,135,35,12,23,100,95,4,1,0,0
S01008667,35 to 49,102,63,33,30,39,24,3,5,7,0
S01008667,50 to 64,94,50,42,8,44,18,1,4,14,7
S01008667,65 to 74,27,18,18,0,9,5,0,1,2,1
S01008667,75 to 84,14,10,9,1,4,1,0,0,1,2
S01008667,85 and over,10,1,1,0,9,3,0,0,0,6
S01008668,All people aged 16 and over in households,530,152,58,94,378,338,9,7,15,9
S01008668,16 to 24,229,26,1,25,203,201,0,2,0,0
S01008668,25 to 34,161,67,26,41,94,86,4,2,2,0
S01008668,35 to 49,75,38,14,24,37,29,3,2,2,1
S01008668,50 to 64,39,13,9,4,26,17,1,1,5,2
S01008668,65 to 74,11,4,4,0,7,3,0,0,4,0
S01008668,75 to 84,14,4,4,0,10,2,1,0,2,5
S01008668,85 and over,1,0,0,0,1,0,0,0,0,1
S01008669,All people aged 16 and over in households,544,44,26,18,500,485,2,3,8,2
S01008669,16 to 24,409,3,1,2,406,406,0,0,0,0
S01008669,25 to 34,79,17,7,10,62,62,0,0,0,0
S01008669,35 to 49,28,11,7,4,17,10,2,2,3,0
S01008669,50 to 64,15,7,5,2,8,2,0,1,5,0
S01008669,65 to 74,10,6,6,0,4,3,0,0,0,1
S01008669,75 to 84,1,0,0,0,1,1,0,0,0,0
S01008669,85 and over,2,0,0,0,2,1,0,0,0,1
S01008670,All people aged 16 and over in households,722,114,76,38,608,577,4,6,12,9
S01008670,16 to 24,465,14,2,12,451,450,1,0,0,0
S01008670,25 to 34,124,37,16,21,87,86,0,1,0,0
S01008670,35 to 49,58,27,23,4,31,28,2,1,0,0
S01008670,50 to 64,34,14,14,0,20,9,1,2,8,0
S01008670,65 to 74,19,10,9,1,9,3,0,2,2,2
S01008670,75 to 84,18,9,9,0,9,1,0,0,2,6
S01008670,85 and over,4,3,3,0,1,0,0,0,0,1
S01008671,All people aged 16 and over in households,738,92,32,60,646,592,12,6,28,8
S01008671,16 to 24,451,18,0,18,433,433,0,0,0,0
S01008671,25 to 34,144,34,15,19,110,103,3,2,2,0
S01008671,35 to 49,72,19,5,14,53,37,6,1,8,1
S01008671,50 to 64,34,13,6,7,21,6,3,0,11,1
S01008671,65 to 74,16,3,1,2,13,7,0,1,4,1
S01008671,75 to 84,16,5,5,0,11,5,0,2,2,2
S01008671,85 and over,5,0,0,0,5,1,0,0,1,3
S01008672,All people aged 16 and over in households,654,158,86,72,496,434,3,8,27,24
S01008672,16 to 24,300,22,1,21,278,278,0,0,0,0
S01008672,25 to 34,168,57,28,29,111,106,0,1,4,0
S01008672,35 to 49,62,36,20,16,26,19,3,2,2,0
S01008672,50 to 64,65,29,23,6,36,18,0,2,12,4
S01008672,65 to 74,25,8,8,0,17,6,0,0,7,4
S01008672,75 to 84,25,5,5,0,20,5,0,2,2,11
S01008672,85 and over,9,1,1,0,8,2,0,1,0,5
S01008673,All people aged 16 and over in households,990,276,172,104,714,625,16,7,44,22
S01008673,16 to 24,407,36,4,32,371,370,1,0,0,0
S01008673,25 to 34,284,135,85,50,149,142,6,0,1,0
S01008673,35 to 49,150,53,42,11,97,67,7,4,17,2
S01008673,50 to 64,101,37,26,11,64,36,2,3,18,5
S01008673,65 to 74,25,6,6,0,19,6,0,0,6,7
S01008673,75 to 84,20,8,8,0,12,3,0,0,2,7
S01008673,85 and over,3,1,1,0,2,1,0,0,0,1
S01008674,All people aged 16 and over in households,758,174,52,122,584,522,10,9,30,13
S01008674,16 to 24,343,29,0,29,314,313,0,0,0,1
S01008674,25 to 34,228,92,16,76,136,134,1,0,1,0
S01008674,35 to 49,87,24,12,12,63,46,6,4,7,0
S01008674,50 to 64,67,18,16,2,49,24,3,2,15,5
S01008674,65 to 74,15,5,2,3,10,2,0,2,5,1
S01008674,75 to 84,16,6,6,0,10,2,0,1,2,5
S01008674,85 and over,2,0,0,0,2,1,0,0,0,1
S01008675,All people aged 16 and over in households,664,204,100,104,460,365,8,14,51,22
S01008675,16 to 24,154,31,0,31,123,123,0,0,0,0
S01008675,25 to 34,208,82,38,44,126,123,1,2,0,0
S01008675,35 to 49,146,56,33,23,90,71,1,4,14,0
S01008675,50 to 64,98,27,21,6,71,33,5,7,23,3
S01008675,65 to 74,32,6,6,0,26,7,0,1,12,6
S01008675,75 to 84,20,2,2,0,18,6,0,0,1,11
S01008675,85 and over,6,0,0,0,6,2,1,0,1,2
S01008676,All people aged 16 and over in households,650,210,110,100,440,373,16,10,32,9
S01008676,16 to 24,206,21,4,17,185,184,0,1,0,0
S01008676,25 to 34,212,82,28,54,130,123,5,1,1,0
S01008676,35 to 49,117,53,35,18,64,47,6,5,6,0
S01008676,50 to 64,79,38,28,10,41,17,3,1,20,0
S01008676,65 to 74,19,10,9,1,9,1,2,2,2,2
S01008676,75 to 84,14,5,5,0,9,1,0,0,3,5
S01008676,85 and over,3,1,1,0,2,0,0,0,0,2
S01008677,All people aged 16 and over in households,703,173,62,111,530,457,12,11,38,12
S01008677,16 to 24,259,35,1,34,224,222,0,0,0,2
S01008677,25 to 34,220,66,17,49,154,146,5,1,2,0
S01008677,35 to 49,111,37,17,20,74,55,6,5,8,0
S01008677,50 to 64,73,24,16,8,49,26,1,3,17,2
S01008677,65 to 74,17,2,2,0,15,3,0,2,7,3
S01008677,75 to 84,20,8,8,0,12,4,0,0,4,4
S01008677,85 and over,3,1,1,0,2,1,0,0,0,1
S01008678,All people aged 16 and over in households,691,146,66,80,545,493,7,8,32,5
S01008678,16 to 24,326,26,2,24,300,300,0,0,0,0
S01008678,25 to 34,210,83,38,45,127,123,2,0,2,0
S01008678,35 to 49,94,22,14,8,72,45,4,5,18,0
S01008678,50 to 64,44,11,9,2,33,20,1,3,9,0
S01008678,65 to 74,12,3,3,0,9,4,0,0,3,2
S01008678,75 to 84,3,1,0,1,2,1,0,0,0,1
S01008678,85 and over,2,0,0,0,2,0,0,0,0,2
S01008679,All people aged 16 and over in households,845,146,66,80,699,558,13,22,73,33
S01008679,16 to 24,343,32,2,30,311,307,3,1,0,0
S01008679,25 to 34,174,53,18,35,121,113,1,5,2,0
S01008679,35 to 49,143,25,14,11,118,92,2,2,21,1
S01008679,50 to 64,97,23,21,2,74,25,4,12,31,2
S01008679,65 to 74,35,4,4,0,31,9,2,2,12,6
S01008679,75 to 84,29,4,2,2,25,8,0,0,7,10
S01008679,85 and over,24,5,5,0,19,4,1,0,0,14
S01008680,All people aged 16 and over in households,566,138,72,66,428,381,7,10,23,7
S01008680,16 to 24,260,24,5,19,236,236,0,0,0,0
S01008680,25 to 34,125,52,17,35,73,70,1,1,1,0
S01008680,35 to 49,100,32,27,5,68,55,4,6,3,0
S01008680,50 to 64,56,23,17,6,33,18,0,2,10,3
S01008680,65 to 74,15,5,4,1,10,2,1,1,4,2
S01008680,75 to 84,8,2,2,0,6,0,1,0,4,1
S01008680,85 and over,2,0,0,0,2,0,0,0,1,1
S01008681,All people aged 16 and over in households,933,180,88,92,753,643,9,11,54,36
S01008681,16 to 24,414,16,1,15,398,396,1,0,1,0
S01008681,25 to 34,189,78,33,45,111,105,3,1,2,0
S01008681,35 to 49,139,39,18,21,100,80,4,1,14,1
S01008681,50 to 64,86,23,16,7,63,37,0,4,19,3
S01008681,65 to 74,42,13,10,3,29,11,0,4,10,4
S01008681,75 to 84,45,10,9,1,35,11,0,0,7,17
S01008681,85 and over,18,1,1,0,17,3,1,1,1,11
S01008682,All people aged 16 and over in households,717,196,122,74,521,426,8,14,52,21
S01008682,16 to 24,235,27,4,23,208,208,0,0,0,0
S01008682,25 to 34,191,69,31,38,122,116,1,1,4,0
S01008682,35 to 49,138,53,44,9,85,64,2,7,9,3
S01008682,50 to 64,98,33,29,4,65,27,5,3,25,5
S01008682,65 to 74,28,4,4,0,24,6,0,3,12,3
S01008682,75 to 84,19,9,9,0,10,3,0,0,2,5
S01008682,85 and over,8,1,1,0,7,2,0,0,0,5
S01008683,All people aged 16 and over in households,933,234,136,98,699,523,11,32,88,45
S01008683,16 to 24,239,29,2,27,210,207,2,1,0,0
S01008683,25 to 34,248,85,37,48,163,149,3,6,5,0
S01008683,35 to 49,196,59,42,17,137,96,0,15,25,1
S01008683,50 to 64,157,42,36,6,115,51,4,9,41,10
S01008683,65 to 74,50,14,14,0,36,12,1,1,12,10
S01008683,75 to 84,34,5,5,0,29,6,1,0,4,18
S01008683,85 and over,9,0,0,0,9,2,0,0,1,6
S01008684,All people aged 16 and over in households,791,228,160,68,563,411,4,31,86,31
S01008684,16 to 24,152,11,5,6,141,141,0,0,0,0
S01008684,25 to 34,219,88,54,34,131,128,1,1,1,0
S01008684,35 to 49,218,68,51,17,150,98,2,19,29,2
S01008684,50 to 64,123,37,30,7,86,37,0,9,36,4
S01008684,65 to 74,47,20,16,4,27,3,0,1,16,7
S01008684,75 to 84,24,2,2,0,22,3,0,0,4,15
S01008684,85 and over,8,2,2,0,6,1,1,1,0,3
S01008685,All people aged 16 and over in households,727,228,136,92,499,371,15,17,60,36
S01008685,16 to 24,158,16,4,12,142,142,0,0,0,0
S01008685,25 to 34,194,67,23,44,127,114,11,1,1,0
S01008685,35 to 49,178,70,41,29,108,79,3,6,20,0
S01008685,50 to 64,109,33,27,6,76,27,1,5,30,13
S01008685,65 to 74,43,25,24,1,18,4,0,5,5,4
S01008685,75 to 84,36,15,15,0,21,4,0,0,4,13
S01008685,85 and over,9,2,2,0,7,1,0,0,0,6
S01008686,All people aged 16 and over in households,870,298,174,124,572,390,8,16,82,76
S01008686,16 to 24,131,22,3,19,109,108,0,0,1,0
S01008686,25 to 34,224,105,42,63,119,113,1,0,5,0
S01008686,35 to 49,191,75,51,24,116,90,2,7,17,0
S01008686,50 to 64,142,45,32,13,97,40,4,6,36,11
S01008686,65 to 74,90,31,28,3,59,19,1,3,18,18
S01008686,75 to 84,52,10,10,0,42,15,0,0,2,25
S01008686,85 and over,40,10,8,2,30,5,0,0,3,22
S01008687,All people aged 16 and over in households,621,254,96,158,367,295,18,7,31,16
S01008687,16 to 24,106,41,4,37,65,65,0,0,0,0
S01008687,25 to 34,266,140,49,91,126,121,4,0,1,0
S01008687,35 to 49,158,51,24,27,107,84,10,4,8,1
S01008687,50 to 64,55,10,8,2,45,20,3,0,20,2
S01008687,65 to 74,16,8,7,1,8,4,0,1,1,2
S01008687,75 to 84,11,2,2,0,9,1,0,2,0,6
S01008687,85 and over,9,2,2,0,7,0,1,0,1,5
S01008688,All people aged 16 and over in households,722,352,178,174,370,307,10,6,34,13
S01008688,16 to 24,92,28,6,22,64,64,0,0,0,0
S01008688,25 to 34,291,164,75,89,127,125,1,1,0,0
S01008688,35 to 49,191,95,52,43,96,78,3,2,10,3
S01008688,50 to 64,117,55,36,19,62,30,5,3,22,2
S01008688,65 to 74,15,7,6,1,8,5,0,0,1,2
S01008688,75 to 84,11,3,3,0,8,3,0,0,0,5
S01008688,85 and over,5,0,0,0,5,2,1,0,1,1
S01008689,All people aged 16 and over in households,805,358,158,200,447,334,7,19,47,40
S01008689,16 to 24,107,28,4,24,79,79,0,0,0,0
S01008689,25 to 34,294,171,48,123,123,119,2,1,1,0
S01008689,35 to 49,205,89,49,40,116,95,5,7,9,0
S01008689,50 to 64,100,39,26,13,61,29,0,8,21,3
S01008689,65 to 74,37,15,15,0,22,6,0,2,8,6
S01008689,75 to 84,43,13,13,0,30,3,0,1,7,19
S01008689,85 and over,19,3,3,0,16,3,0,0,1,12
S01008690,All people aged 16 and over in households,910,402,194,208,508,387,12,21,60,28
S01008690,16 to 24,122,39,5,34,83,83,0,0,0,0
S01008690,25 to 34,345,175,63,112,170,158,6,1,5,0
S01008690,35 to 49,237,100,55,45,137,108,5,10,14,0
S01008690,50 to 64,124,56,42,14,68,26,1,7,28,6
S01008690,65 to 74,42,21,18,3,21,4,0,1,8,8
S01008690,75 to 84,32,10,10,0,22,6,0,1,4,11
S01008690,85 and over,8,1,1,0,7,2,0,1,1,3
S01008691,All people aged 16 and over in households,989,418,178,240,571,447,2,18,71,33
S01008691,16 to 24,120,40,4,36,80,80,0,0,0,0
S01008691,25 to 34,397,218,85,133,179,177,0,1,1,0
S01008691,35 to 49,273,104,45,59,169,143,0,6,18,2
S01008691,50 to 64,134,40,29,11,94,36,2,9,37,10
S01008691,65 to 74,33,7,7,0,26,5,0,2,11,8
S01008691,75 to 84,23,7,6,1,16,5,0,0,2,9
S01008691,85 and over,9,2,2,0,7,1,0,0,2,4
S01008692,All people aged 16 and over in households,598,256,134,122,342,280,3,15,33,11
S01008692,16 to 24,105,26,1,25,79,79,0,0,0,0
S01008692,25 to 34,231,114,42,72,117,112,0,3,2,0
S01008692,35 to 49,143,53,34,19,90,69,3,8,10,0
S01008692,50 to 64,68,34,30,4,34,14,0,4,14,2
S01008692,65 to 74,32,21,19,2,11,3,0,0,5,3
S01008692,75 to 84,16,8,8,0,8,3,0,0,2,3
S01008692,85 and over,3,0,0,0,3,0,0,0,0,3
S01008693,All people aged 16 and over in households,422,262,222,40,160,90,0,5,19,46
S01008693,16 to 24,39,0,0,0,39,39,0,0,0,0
S01008693,25 to 34,40,23,13,10,17,14,0,0,2,1
S01008693,35 to 49,97,73,56,17,24,15,0,2,7,0
S01008693,50 to 64,123,92,81,11,31,13,0,2,6,10
S01008693,65 to 74,54,39,39,0,15,4,0,1,2,8
S01008693,75 to 84,55,31,31,0,24,5,0,0,1,18
S01008693,85 and over,14,4,2,2,10,0,0,0,1,9
S01008694,All people aged 16 and over in households,898,448,238,210,450,347,3,20,53,27
S01008694,16 to 24,113,19,3,16,94,94,0,0,0,0
S01008694,25 to 34,337,199,71,128,138,131,1,3,3,0
S01008694,35 to 49,258,142,81,61,116,86,2,10,17,1
S01008694,50 to 64,111,49,45,4,62,31,0,5,22,4
S01008694,65 to 74,36,20,19,1,16,2,0,2,4,8
S01008694,75 to 84,30,14,14,0,16,2,0,0,6,8
S01008694,85 and over,13,5,5,0,8,1,0,0,1,6
S01008695,All people aged 16 and over in households,578,330,210,120,248,175,2,20,25,26
S01008695,16 to 24,74,14,1,13,60,60,0,0,0,0
S01008695,25 to 34,151,98,53,45,53,46,0,4,3,0
S01008695,35 to 49,181,121,73,48,60,44,1,9,6,0
S01008695,50 to 64,112,74,60,14,38,17,0,7,11,3
S01008695,65 to 74,27,13,13,0,14,3,1,0,4,6
S01008695,75 to 84,25,9,9,0,16,2,0,0,1,13
S01008695,85 and over,8,1,1,0,7,3,0,0,0,4
S01008696,All people aged 16 and over in households,550,364,286,78,186,121,1,10,21,33
S01008696,16 to 24,60,3,0,3,57,57,0,0,0,0
S01008696,25 to 34,64,43,30,13,21,20,0,0,1,0
S01008696,35 to 49,190,154,108,46,36,19,0,8,6,3
S01008696,50 to 64,143,112,99,13,31,13,1,2,11,4
S01008696,65 to 74,58,38,35,3,20,9,0,0,1,10
S01008696,75 to 84,30,14,14,0,16,3,0,0,2,11
S01008696,85 and over,5,0,0,0,5,0,0,0,0,5
S01008697,All people aged 16 and over in households,905,600,526,74,305,215,3,8,32,47
S01008697,16 to 24,97,3,2,1,94,94,0,0,0,0
S01008697,25 to 34,128,64,42,22,64,60,0,1,3,0
S01008697,35 to 49,221,174,143,31,47,30,1,5,11,0
S01008697,50 to 64,243,206,192,14,37,20,2,2,10,3
S01008697,65 to 74,113,91,86,5,22,4,0,0,6,12
S01008697,75 to 84,80,55,54,1,25,7,0,0,2,16
S01008697,85 and over,23,7,7,0,16,0,0,0,0,16
S01008698,All people aged 16 and over in households,420,264,238,26,156,95,0,9,18,34
S01008698,16 to 24,58,1,1,0,57,57,0,0,0,0
S01008698,25 to 34,39,19,15,4,20,19,0,1,0,0
S01008698,35 to 49,88,73,59,14,15,8,0,2,5,0
S01008698,50 to 64,133,116,110,6,17,5,0,5,5,2
S01008698,65 to 74,64,39,37,2,25,3,0,0,6,16
S01008698,75 to 84,25,13,13,0,12,1,0,1,1,9
S01008698,85 and over,13,3,3,0,10,2,0,0,1,7
S01008699,All people aged 16 and over in households,758,336,252,84,422,223,12,20,71,96
S01008699,16 to 24,84,9,0,9,75,74,1,0,0,0
S01008699,25 to 34,153,78,35,43,75,66,5,4,0,0
S01008699,35 to 49,155,76,54,22,79,45,2,8,23,1
S01008699,50 to 64,156,88,78,10,68,21,4,5,27,11
S01008699,65 to 74,87,40,40,0,47,12,0,1,13,21
S01008699,75 to 84,95,38,38,0,57,3,0,2,6,46
S01008699,85 and over,28,7,7,0,21,2,0,0,2,17
S01008700,All people aged 16 and over in households,469,316,274,42,153,92,5,5,19,32
S01008700,16 to 24,56,3,0,3,53,53,0,0,0,0
S01008700,25 to 34,43,30,20,10,13,10,2,1,0,0
S01008700,35 to 49,117,96,72,24,21,13,1,2,5,0
S01008700,50 to 64,122,93,88,5,29,10,1,2,11,5
S01008700,65 to 74,69,50,50,0,19,5,0,0,3,11
S01008700,75 to 84,45,36,36,0,9,1,0,0,0,8
S01008700,85 and over,17,8,8,0,9,0,1,0,0,8
S01008701,All people aged 16 and over in households,304,130,72,58,174,120,4,10,27,13
S01008701,16 to 24,48,14,1,13,34,33,0,0,0,1
S01008701,25 to 34,76,44,23,21,32,32,0,0,0,0
S01008701,35 to 49,93,41,25,16,52,40,1,5,4,2
S01008701,50 to 64,66,27,19,8,39,12,3,4,16,4
S01008701,65 to 74,13,1,1,0,12,2,0,1,6,3
S01008701,75 to 84,7,3,3,0,4,1,0,0,1,2
S01008701,85 and over,1,0,0,0,1,0,0,0,0,1
S01008702,All people aged 16 and over in households,496,244,134,110,252,195,14,16,18,9
S01008702,16 to 24,141,52,8,44,89,88,0,1,0,0
S01008702,25 to 34,177,104,47,57,73,56,10,3,4,0
S01008702,35 to 49,88,36,29,7,52,38,2,7,5,0
S01008702,50 to 64,65,38,37,1,27,10,1,3,8,5
S01008702,65 to 74,18,10,9,1,8,3,1,1,1,2
S01008702,75 to 84,7,4,4,0,3,0,0,1,0,2
S01008702,85 and over,0,0,0,0,0,0,0,0,0,0
S01008703,All people aged 16 and over in households,746,320,224,96,426,286,11,29,65,35
S01008703,16 to 24,130,30,2,28,100,100,0,0,0,0
S01008703,25 to 34,184,96,59,37,88,73,6,6,3,0
S01008703,35 to 49,202,99,79,20,103,72,3,7,20,1
S01008703,50 to 64,161,75,64,11,86,30,2,13,33,8
S01008703,65 to 74,44,10,10,0,34,10,0,3,6,15
S01008703,75 to 84,21,9,9,0,12,1,0,0,2,9
S01008703,85 and over,4,1,1,0,3,0,0,0,1,2
S01008704,All people aged 16 and over in households,526,242,172,70,284,189,8,19,37,31
S01008704,16 to 24,64,10,1,9,54,53,1,0,0,0
S01008704,25 to 34,123,69,39,30,54,48,1,2,3,0
S01008704,35 to 49,149,72,51,21,77,52,4,8,13,0
S01008704,50 to 64,119,58,49,9,61,26,1,8,16,10
S01008704,65 to 74,41,21,21,0,20,6,1,1,3,9
S01008704,75 to 84,25,11,10,1,14,3,0,0,2,9
S01008704,85 and over,5,1,1,0,4,1,0,0,0,3
S01008705,All people aged 16 and over in households,389,154,104,50,235,136,9,19,30,41
S01008705,16 to 24,52,2,0,2,50,49,0,0,0,1
S01008705,25 to 34,81,43,25,18,38,29,5,2,2,0
S01008705,35 to 49,104,48,40,8,56,31,4,8,11,2
S01008705,50 to 64,77,41,22,19,36,12,0,5,12,7
S01008705,65 to 74,40,15,12,3,25,7,0,2,5,11
S01008705,75 to 84,24,5,5,0,19,6,0,0,0,13
S01008705,85 and over,11,0,0,0,11,2,0,2,0,7
S01008706,All people aged 16 and over in households,404,174,110,64,230,151,4,24,38,13
S01008706,16 to 24,78,8,2,6,70,70,0,0,0,0
S01008706,25 to 34,98,51,25,26,47,36,2,4,4,1
S01008706,35 to 49,132,75,57,18,57,33,1,10,12,1
S01008706,50 to 64,54,24,17,7,30,5,0,8,14,3
S01008706,65 to 74,25,13,7,6,12,4,1,1,4,2
S01008706,75 to 84,16,3,2,1,13,3,0,1,4,5
S01008706,85 and over,1,0,0,0,1,0,0,0,0,1
S01008707,All people aged 16 and over in households,604,220,148,72,384,272,9,29,52,22
S01008707,16 to 24,115,9,2,7,106,106,0,0,0,0
S01008707,25 to 34,147,62,32,30,85,77,3,3,2,0
S01008707,35 to 49,173,72,50,22,101,60,4,13,21,3
S01008707,50 to 64,115,53,45,8,62,24,2,10,21,5
S01008707,65 to 74,38,19,14,5,19,2,0,2,6,9
S01008707,75 to 84,14,5,5,0,9,3,0,1,2,3
S01008707,85 and over,2,0,0,0,2,0,0,0,0,2
S01008708,All people aged 16 and over in households,670,208,138,70,462,294,5,30,97,36
S01008708,16 to 24,108,11,2,9,97,97,0,0,0,0
S01008708,25 to 34,130,59,26,33,71,61,2,5,3,0
S01008708,35 to 49,210,79,61,18,131,87,2,9,29,4
S01008708,50 to 64,174,45,35,10,129,44,0,16,61,8
S01008708,65 to 74,38,13,13,0,25,5,1,0,3,16
S01008708,75 to 84,8,1,1,0,7,0,0,0,1,6
S01008708,85 and over,2,0,0,0,2,0,0,0,0,2
S01008709,All people aged 16 and over in households,546,276,206,70,270,181,3,22,33,31
S01008709,16 to 24,76,6,1,5,70,70,0,0,0,0
S01008709,25 to 34,131,68,42,26,63,61,1,0,1,0
S01008709,35 to 49,155,96,68,28,59,38,2,12,7,0
S01008709,50 to 64,120,78,67,11,42,11,0,6,16,9
S01008709,65 to 74,43,20,20,0,23,1,0,3,8,11
S01008709,75 to 84,14,6,6,0,8,0,0,1,1,6
S01008709,85 and over,7,2,2,0,5,0,0,0,0,5
S01008710,All people aged 16 and over in households,365,158,112,46,207,136,8,20,26,17
S01008710,16 to 24,74,8,5,3,66,65,0,1,0,0
S01008710,25 to 34,95,54,30,24,41,33,6,1,1,0
S01008710,35 to 49,104,65,49,16,39,25,0,9,5,0
S01008710,50 to 64,65,26,23,3,39,11,2,6,16,4
S01008710,65 to 74,16,5,5,0,11,2,0,1,3,5
S01008710,75 to 84,9,0,0,0,9,0,0,2,1,6
S01008710,85 and over,2,0,0,0,2,0,0,0,0,2
S01008711,All people aged 16 and over in households,570,228,176,52,342,179,5,27,60,71
S01008711,16 to 24,70,8,2,6,62,61,0,1,0,0
S01008711,25 to 34,107,53,29,24,54,39,4,3,7,1
S01008711,35 to 49,119,56,40,16,63,43,0,14,6,0
S01008711,50 to 64,148,68,62,6,80,25,0,8,32,15
S01008711,65 to 74,70,29,29,0,41,8,1,1,10,21
S01008711,75 to 84,41,12,12,0,29,1,0,0,5,23
S01008711,85 and over,15,2,2,0,13,2,0,0,0,11
S01008712,All people aged 16 and over in households,824,332,260,72,492,260,18,40,98,76
S01008712,16 to 24,96,2,0,2,94,94,0,0,0,0
S01008712,25 to 34,114,46,25,21,68,57,7,3,0,1
S01008712,35 to 49,183,87,65,22,96,56,4,15,21,0
S01008712,50 to 64,221,107,87,20,114,39,1,13,46,15
S01008712,65 to 74,118,58,52,6,60,9,0,6,19,26
S01008712,75 to 84,76,29,29,0,47,5,5,3,11,23
S01008712,85 and over,16,3,2,1,13,0,1,0,1,11
S01008713,All people aged 16 and over in households,470,180,110,70,290,167,6,37,49,31
S01008713,16 to 24,80,11,0,11,69,67,1,1,0,0
S01008713,25 to 34,90,39,16,23,51,44,0,6,1,0
S01008713,35 to 49,136,61,37,24,75,40,3,13,18,1
S01008713,50 to 64,108,46,34,12,62,12,0,13,25,12
S01008713,65 to 74,24,10,10,0,14,3,1,2,4,4
S01008713,75 to 84,24,13,13,0,11,1,0,2,0,8
S01008713,85 and over,8,0,0,0,8,0,1,0,1,6
S01008714,All people aged 16 and over in households,471,216,172,44,255,147,5,18,35,50
S01008714,16 to 24,59,1,0,1,58,58,0,0,0,0
S01008714,25 to 34,85,33,10,23,52,41,3,2,4,2
S01008714,35 to 49,104,48,34,14,56,35,1,8,9,3
S01008714,50 to 64,101,61,57,4,40,12,0,5,15,8
S01008714,65 to 74,54,38,38,0,16,0,1,3,5,7
S01008714,75 to 84,58,30,29,1,28,1,0,0,2,25
S01008714,85 and over,10,5,4,1,5,0,0,0,0,5
S01008715,All people aged 16 and over in households,648,316,248,68,332,180,4,21,46,81
S01008715,16 to 24,79,4,2,2,75,75,0,0,0,0
S01008715,25 to 34,68,33,20,13,35,34,0,0,1,0
S01008715,35 to 49,130,78,47,31,52,30,0,11,11,0
S01008715,50 to 64,188,116,102,14,72,25,3,4,24,16
S01008715,65 to 74,83,51,47,4,32,8,1,3,4,16
S01008715,75 to 84,79,30,26,4,49,8,0,2,5,34
S01008715,85 and over,21,4,4,0,17,0,0,1,1,15
S01008716,All people aged 16 and over in households,468,210,154,56,258,127,7,11,39,74
S01008716,16 to 24,46,4,0,4,42,42,0,0,0,0
S01008716,25 to 34,66,35,11,24,31,28,2,0,1,0
S01008716,35 to 49,99,58,39,19,41,30,0,2,9,0
S01008716,50 to 64,108,59,54,5,49,18,3,7,20,1
S01008716,65 to 74,45,26,24,2,19,4,0,0,6,9
S01008716,75 to 84,75,26,24,2,49,5,0,2,1,41
S01008716,85 and over,29,2,2,0,27,0,2,0,2,23
S01008717,All people aged 16 and over in households,339,208,164,44,131,84,4,12,22,9
S01008717,16 to 24,56,13,2,11,43,43,0,0,0,0
S01008717,25 to 34,60,42,28,14,18,14,2,2,0,0
S01008717,35 to 49,114,75,59,16,39,21,2,5,11,0
S01008717,50 to 64,80,61,58,3,19,4,0,4,10,1
S01008717,65 to 74,17,13,13,0,4,1,0,1,1,1
S01008717,75 to 84,11,4,4,0,7,1,0,0,0,6
S01008717,85 and over,1,0,0,0,1,0,0,0,0,1
S01008718,All people aged 16 and over in households,429,246,210,36,183,108,4,11,26,34
S01008718,16 to 24,54,0,0,0,54,54,0,0,0,0
S01008718,25 to 34,73,47,27,20,26,23,2,1,0,0
S01008718,35 to 49,96,62,55,7,34,17,0,7,7,3
S01008718,50 to 64,132,94,86,8,38,12,2,2,12,10
S01008718,65 to 74,36,26,25,1,10,1,0,1,3,5
S01008718,75 to 84,33,16,16,0,17,0,0,0,4,13
S01008718,85 and over,5,1,1,0,4,1,0,0,0,3
S01008719,All people aged 16 and over in households,783,480,384,96,303,201,10,19,38,35
S01008719,16 to 24,117,21,3,18,96,94,0,1,0,1
S01008719,25 to 34,169,98,72,26,71,62,5,4,0,0
S01008719,35 to 49,212,141,110,31,71,36,2,8,19,6
S01008719,50 to 64,193,155,138,17,38,5,2,6,13,12
S01008719,65 to 74,66,51,47,4,15,3,1,0,5,6
S01008719,75 to 84,23,14,14,0,9,1,0,0,1,7
S01008719,85 and over,3,0,0,0,3,0,0,0,0,3
S01008720,All people aged 16 and over in households,443,220,174,46,223,140,3,16,23,41
S01008720,16 to 24,66,6,0,6,60,60,0,0,0,0
S01008720,25 to 34,63,36,13,23,27,27,0,0,0,0
S01008720,35 to 49,103,58,51,7,45,34,0,7,4,0
S01008720,50 to 64,123,77,67,10,46,16,3,7,13,7
S01008720,65 to 74,53,33,33,0,20,3,0,1,5,11
S01008720,75 to 84,29,9,9,0,20,0,0,1,1,18
S01008720,85 and over,6,1,1,0,5,0,0,0,0,5
S01008721,All people aged 16 and over in households,641,444,370,74,197,129,6,20,21,21
S01008721,16 to 24,94,6,2,4,88,85,2,1,0,0
S01008721,25 to 34,76,55,39,16,21,20,1,0,0,0
S01008721,35 to 49,224,183,149,34,41,18,1,8,12,2
S01008721,50 to 64,185,155,136,19,30,5,2,9,7,7
S01008721,65 to 74,42,33,32,1,9,1,0,1,1,6
S01008721,75 to 84,19,12,12,0,7,0,0,1,1,5
S01008721,85 and over,1,0,0,0,1,0,0,0,0,1
S01008722,All people aged 16 and over in households,902,580,502,78,322,162,10,16,34,100
S01008722,16 to 24,78,4,2,2,74,74,0,0,0,0
S01008722,25 to 34,70,38,25,13,32,31,1,0,0,0
S01008722,35 to 49,206,161,129,32,45,28,2,8,3,4
S01008722,50 to 64,250,195,168,27,55,21,2,2,18,12
S01008722,65 to 74,144,114,111,3,30,3,0,2,6,19
S01008722,75 to 84,123,63,62,1,60,4,4,3,7,42
S01008722,85 and over,31,5,5,0,26,1,1,1,0,23
S01008723,All people aged 16 and over in households,529,338,286,52,191,119,4,10,24,34
S01008723,16 to 24,69,2,0,2,67,65,2,0,0,0
S01008723,25 to 34,58,35,22,13,23,20,1,0,2,0
S01008723,35 to 49,149,114,90,24,35,18,1,8,7,1
S01008723,50 to 64,155,125,113,12,30,11,0,2,11,6
S01008723,65 to 74,47,32,32,0,15,1,0,0,2,12
S01008723,75 to 84,35,23,23,0,12,1,0,0,2,9
S01008723,85 and over,16,7,6,1,9,3,0,0,0,6
S01008724,All people aged 16 and over in households,746,478,422,56,268,142,10,13,45,58
S01008724,16 to 24,70,6,1,5,64,64,0,0,0,0
S01008724,25 to 34,72,34,23,11,38,30,3,1,4,0
S01008724,35 to 49,203,163,144,19,40,24,2,6,8,0
S01008724,50 to 64,197,162,142,20,35,11,2,3,15,4
S01008724,65 to 74,100,70,69,1,30,6,1,2,12,9
S01008724,75 to 84,77,36,36,0,41,6,2,1,4,28
S01008724,85 and over,27,7,7,0,20,1,0,0,2,17
S01008725,All people aged 16 and over in households,611,370,296,74,241,139,6,17,34,45
S01008725,16 to 24,57,2,1,1,55,55,0,0,0,0
S01008725,25 to 34,55,33,16,17,22,22,0,0,0,0
S01008725,35 to 49,193,134,108,26,59,40,1,7,11,0
S01008725,50 to 64,179,126,100,26,53,16,2,8,18,9
S01008725,65 to 74,72,51,49,2,21,3,2,1,4,11
S01008725,75 to 84,40,22,20,2,18,2,1,0,1,14
S01008725,85 and over,15,2,2,0,13,1,0,1,0,11
S01008726,All people aged 16 and over in households,449,316,274,42,133,73,3,8,24,25
S01008726,16 to 24,41,0,0,0,41,41,0,0,0,0
S01008726,25 to 34,26,19,11,8,7,7,0,0,0,0
S01008726,35 to 49,162,142,120,22,20,10,0,3,7,0
S01008726,50 to 64,134,103,93,10,31,9,3,5,11,3
S01008726,65 to 74,48,34,34,0,14,3,0,0,6,5
S01008726,75 to 84,26,15,13,2,11,3,0,0,0,8
S01008726,85 and over,12,3,3,0,9,0,0,0,0,9
S01008727,All people aged 16 and over in households,842,492,372,120,350,214,7,21,49,59
S01008727,16 to 24,83,5,1,4,78,78,0,0,0,0
S01008727,25 to 34,109,54,21,33,55,49,2,2,2,0
S01008727,35 to 49,257,186,126,60,71,44,1,10,14,2
S01008727,50 to 64,240,167,145,22,73,30,3,7,23,10
S01008727,65 to 74,81,50,49,1,31,4,0,2,6,19
S01008727,75 to 84,58,29,29,0,29,5,1,0,3,20
S01008727,85 and over,14,1,1,0,13,4,0,0,1,8
S01008728,All people aged 16 and over in households,400,196,126,70,204,119,8,16,30,31
S01008728,16 to 24,40,2,0,2,38,38,0,0,0,0
S01008728,25 to 34,69,38,14,24,31,25,3,1,2,0
S01008728,35 to 49,139,84,53,31,55,35,0,9,6,5
S01008728,50 to 64,81,44,33,11,37,15,1,6,13,2
S01008728,65 to 74,32,15,13,2,17,3,1,0,6,7
S01008728,75 to 84,28,9,9,0,19,1,3,0,3,12
S01008728,85 and over,11,4,4,0,7,2,0,0,0,5
S01008729,All people aged 16 and over in households,551,362,306,56,189,122,5,14,21,27
S01008729,16 to 24,64,4,1,3,60,60,0,0,0,0
S01008729,25 to 34,54,35,21,14,19,19,0,0,0,0
S01008729,35 to 49,211,169,138,31,42,25,1,6,9,1
S01008729,50 to 64,136,107,99,8,29,8,1,7,10,3
S01008729,65 to 74,49,36,36,0,13,4,1,1,1,6
S01008729,75 to 84,28,8,8,0,20,6,2,0,1,11
S01008729,85 and over,9,3,3,0,6,0,0,0,0,6
S01008730,All people aged 16 and over in households,642,346,190,156,296,192,12,23,42,27
S01008730,16 to 24,56,14,1,13,42,41,1,0,0,0
S01008730,25 to 34,165,114,43,71,51,48,0,2,1,0
S01008730,35 to 49,252,153,91,62,99,65,5,13,13,3
S01008730,50 to 64,120,51,42,9,69,30,5,7,23,4
S01008730,65 to 74,26,11,10,1,15,5,0,1,3,6
S01008730,75 to 84,14,2,2,0,12,1,1,0,2,8
S01008730,85 and over,9,1,1,0,8,2,0,0,0,6
S01008731,All people aged 16 and over in households,386,192,148,44,194,98,5,10,29,52
S01008731,16 to 24,28,4,0,4,24,24,0,0,0,0
S01008731,25 to 34,44,22,8,14,22,22,0,0,0,0
S01008731,35 to 49,90,58,42,16,32,20,1,7,4,0
S01008731,50 to 64,89,50,42,8,39,15,1,1,16,6
S01008731,65 to 74,72,36,36,0,36,12,1,2,9,12
S01008731,75 to 84,43,14,13,1,29,3,2,0,0,24
S01008731,85 and over,20,8,7,1,12,2,0,0,0,10
S01008732,All people aged 16 and over in households,503,212,132,80,291,200,6,21,36,28
S01008732,16 to 24,57,18,1,17,39,39,0,0,0,0
S01008732,25 to 34,90,53,22,31,37,36,0,1,0,0
S01008732,35 to 49,160,63,44,19,97,74,4,11,8,0
S01008732,50 to 64,109,39,29,10,70,36,1,8,20,5
S01008732,65 to 74,51,25,22,3,26,10,0,1,8,7
S01008732,75 to 84,31,14,14,0,17,5,1,0,0,11
S01008732,85 and over,5,0,0,0,5,0,0,0,0,5
S01008733,All people aged 16 and over in households,716,374,254,120,342,213,4,21,60,44
S01008733,16 to 24,71,31,7,24,40,40,0,0,0,0
S01008733,25 to 34,184,111,57,54,73,71,0,1,0,1
S01008733,35 to 49,198,107,74,33,91,68,1,6,16,0
S01008733,50 to 64,155,80,73,7,75,27,2,9,31,6
S01008733,65 to 74,58,32,31,1,26,3,1,5,9,8
S01008733,75 to 84,43,11,10,1,32,4,0,0,4,24
S01008733,85 and over,7,2,2,0,5,0,0,0,0,5
S01008734,All people aged 16 and over in households,467,286,232,54,181,97,3,7,35,39
S01008734,16 to 24,40,1,0,1,39,39,0,0,0,0
S01008734,25 to 34,60,33,18,15,27,20,1,3,3,0
S01008734,35 to 49,146,105,74,31,41,25,1,2,11,2
S01008734,50 to 64,118,78,73,5,40,11,0,2,20,7
S01008734,65 to 74,46,37,35,2,9,1,0,0,0,8
S01008734,75 to 84,41,27,27,0,14,1,0,0,0,13
S01008734,85 and over,16,5,5,0,11,0,1,0,1,9
S01008735,All people aged 16 and over in households,806,556,512,44,250,164,6,8,14,58
S01008735,16 to 24,106,6,4,2,100,100,0,0,0,0
S01008735,25 to 34,57,27,20,7,30,27,2,0,0,1
S01008735,35 to 49,213,194,175,19,19,12,1,3,3,0
S01008735,50 to 64,220,190,174,16,30,12,0,4,6,8
S01008735,65 to 74,114,85,85,0,29,6,0,1,5,17
S01008735,75 to 84,75,51,51,0,24,4,2,0,0,18
S01008735,85 and over,21,3,3,0,18,3,1,0,0,14
S01008736,All people aged 16 and over in households,602,388,356,32,214,134,5,5,19,51
S01008736,16 to 24,72,6,4,2,66,66,0,0,0,0
S01008736,25 to 34,53,23,23,0,30,27,1,1,1,0
S01008736,35 to 49,157,130,109,21,27,19,2,1,5,0
S01008736,50 to 64,136,109,103,6,27,13,0,2,8,4
S01008736,65 to 74,84,70,69,1,14,2,0,0,4,8
S01008736,75 to 84,83,48,46,2,35,4,2,1,1,27
S01008736,85 and over,17,2,2,0,15,3,0,0,0,12
S01008737,All people aged 16 and over in households,674,436,394,42,238,141,3,11,13,70
S01008737,16 to 24,80,2,1,1,78,78,0,0,0,0
S01008737,25 to 34,46,21,14,7,25,24,0,1,0,0
S01008737,35 to 49,146,123,98,25,23,17,1,4,1,0
S01008737,50 to 64,191,156,147,9,35,14,2,4,8,7
S01008737,65 to 74,98,77,77,0,21,3,0,1,3,14
S01008737,75 to 84,86,54,54,0,32,4,0,0,1,27
S01008737,85 and over,27,3,3,0,24,1,0,1,0,22
S01008738,All people aged 16 and over in households,620,444,422,22,176,109,3,5,7,52
S01008738,16 to 24,71,2,0,2,69,69,0,0,0,0
S01008738,25 to 34,49,35,30,5,14,13,1,0,0,0
S01008738,35 to 49,143,125,117,8,18,14,0,3,1,0
S01008738,50 to 64,164,146,140,6,18,7,1,1,5,4
S01008738,65 to 74,110,85,84,1,25,2,0,1,1,21
S01008738,75 to 84,70,46,46,0,24,2,1,0,0,21
S01008738,85 and over,13,5,5,0,8,2,0,0,0,6
S01008739,All people aged 16 and over in households,471,278,240,38,193,115,2,13,29,34
S01008739,16 to 24,66,1,0,1,65,65,0,0,0,0
S01008739,25 to 34,43,19,10,9,24,22,0,2,0,0
S01008739,35 to 49,118,84,67,17,34,17,0,10,6,1
S01008739,50 to 64,142,116,105,11,26,5,1,1,14,5
S01008739,65 to 74,59,46,46,0,13,4,0,0,6,3
S01008739,75 to 84,33,10,10,0,23,2,1,0,2,18
S01008739,85 and over,10,2,2,0,8,0,0,0,1,7
S01008740,All people aged 16 and over in households,465,306,270,36,159,88,5,5,17,44
S01008740,16 to 24,52,3,2,1,49,47,2,0,0,0
S01008740,25 to 34,41,20,14,6,21,19,2,0,0,0
S01008740,35 to 49,114,95,76,19,19,14,0,3,1,1
S01008740,50 to 64,129,107,99,8,22,7,0,2,9,4
S01008740,65 to 74,88,64,62,2,24,1,1,0,4,18
S01008740,75 to 84,32,14,14,0,18,0,0,0,1,17
S01008740,85 and over,9,3,3,0,6,0,0,0,2,4
S01008741,All people aged 16 and over in households,792,530,480,50,262,145,5,11,33,68
S01008741,16 to 24,87,2,0,2,85,85,0,0,0,0
S01008741,25 to 34,64,31,19,12,33,29,3,1,0,0
S01008741,35 to 49,198,161,142,19,37,18,0,4,13,2
S01008741,50 to 64,212,180,171,9,32,5,0,5,14,8
S01008741,65 to 74,115,88,81,7,27,1,1,1,3,21
S01008741,75 to 84,97,60,59,1,37,4,0,0,3,30
S01008741,85 and over,19,8,8,0,11,3,1,0,0,7
S01008742,All people aged 16 and over in households,446,218,166,52,228,122,8,8,25,65
S01008742,16 to 24,45,8,0,8,37,36,0,1,0,0
S01008742,25 to 34,51,29,3,26,22,21,1,0,0,0
S01008742,35 to 49,89,54,41,13,35,28,0,2,5,0
S01008742,50 to 64,88,58,53,5,30,14,0,4,12,0
S01008742,65 to 74,64,36,36,0,28,8,4,0,4,12
S01008742,75 to 84,75,31,31,0,44,9,2,1,4,28
S01008742,85 and over,34,2,2,0,32,6,1,0,0,25
S01008743,All people aged 16 and over in households,767,336,230,106,431,261,6,30,67,67
S01008743,16 to 24,96,22,4,18,74,73,1,0,0,0
S01008743,25 to 34,189,96,47,49,93,88,1,2,2,0
S01008743,35 to 49,186,88,57,31,98,61,1,14,21,1
S01008743,50 to 64,129,61,56,5,68,26,3,10,20,9
S01008743,65 to 74,91,51,48,3,40,10,0,3,12,15
S01008743,75 to 84,52,14,14,0,38,1,0,1,11,25
S01008743,85 and over,24,4,4,0,20,2,0,0,1,17
S01008744,All people aged 16 and over in households,881,412,312,100,469,277,15,24,67,86
S01008744,16 to 24,117,5,0,5,112,110,1,0,1,0
S01008744,25 to 34,135,64,24,40,71,59,5,4,3,0
S01008744,35 to 49,229,147,113,34,82,51,1,9,20,1
S01008744,50 to 64,166,89,72,17,77,31,2,6,29,9
S01008744,65 to 74,104,54,51,3,50,16,5,5,9,15
S01008744,75 to 84,92,41,40,1,51,6,1,0,5,39
S01008744,85 and over,38,12,12,0,26,4,0,0,0,22
S01008745,All people aged 16 and over in households,402,212,168,44,190,116,3,7,34,30
S01008745,16 to 24,46,3,0,3,43,43,0,0,0,0
S01008745,25 to 34,61,38,16,22,23,21,0,0,2,0
S01008745,35 to 49,107,58,44,14,49,33,1,2,11,2
S01008745,50 to 64,94,64,59,5,30,9,1,3,16,1
S01008745,65 to 74,38,24,24,0,14,4,0,2,2,6
S01008745,75 to 84,43,19,19,0,24,6,0,0,3,15
S01008745,85 and over,13,6,6,0,7,0,1,0,0,6
S01008746,All people aged 16 and over in households,895,357,234,123,538,338,11,29,96,64
S01008746,16 to 24,131,23,3,20,108,105,3,0,0,0
S01008746,25 to 34,212,111,50,61,101,96,3,1,1,0
S01008746,35 to 49,247,98,71,27,149,93,1,16,36,3
S01008746,50 to 64,169,74,62,12,95,30,3,9,44,9
S01008746,65 to 74,60,26,24,2,34,5,1,3,9,16
S01008746,75 to 84,55,24,23,1,31,6,0,0,5,20
S01008746,85 and over,21,1,1,0,20,3,0,0,1,16
S01008747,All people aged 16 and over in households,421,264,222,42,157,84,2,6,18,47
S01008747,16 to 24,39,1,0,1,38,38,0,0,0,0
S01008747,25 to 34,46,28,18,10,18,16,1,1,0,0
S01008747,35 to 49,117,90,67,23,27,19,1,3,3,1
S01008747,50 to 64,98,72,65,7,26,9,0,2,9,6
S01008747,65 to 74,61,46,45,1,15,0,0,0,2,13
S01008747,75 to 84,50,25,25,0,25,2,0,0,4,19
S01008747,85 and over,10,2,2,0,8,0,0,0,0,8
S01008748,All people aged 16 and over in households,567,406,368,38,161,87,5,3,13,53
S01008748,16 to 24,46,1,1,0,45,45,0,0,0,0
S01008748,25 to 34,37,18,15,3,19,17,1,0,0,1
S01008748,35 to 49,152,138,115,23,14,8,0,2,3,1
S01008748,50 to 64,133,117,106,11,16,9,0,0,4,3
S01008748,65 to 74,112,87,86,1,25,3,1,1,6,14
S01008748,75 to 84,65,40,40,0,25,4,1,0,0,20
S01008748,85 and over,22,5,5,0,17,1,2,0,0,14
S01008749,All people aged 16 and over in households,841,548,494,54,293,173,13,16,27,64
S01008749,16 to 24,98,3,1,2,95,93,2,0,0,0
S01008749,25 to 34,79,37,28,9,42,38,2,1,1,0
S01008749,35 to 49,188,153,124,29,35,18,1,7,9,0
S01008749,50 to 64,245,208,199,9,37,13,1,8,8,7
S01008749,65 to 74,118,93,88,5,25,6,2,0,6,11
S01008749,75 to 84,82,44,44,0,38,4,3,0,3,28
S01008749,85 and over,31,10,10,0,21,1,2,0,0,18
S01008750,All people aged 16 and over in households,610,402,376,26,208,116,7,3,19,63
S01008750,16 to 24,64,1,0,1,63,63,0,0,0,0
S01008750,25 to 34,21,7,6,1,14,14,0,0,0,0
S01008750,35 to 49,131,105,89,16,26,15,2,2,6,1
S01008750,50 to 64,185,151,146,5,34,14,1,1,8,10
S01008750,65 to 74,113,91,91,0,22,5,0,0,4,13
S01008750,75 to 84,78,42,39,3,36,5,3,0,1,27
S01008750,85 and over,18,5,5,0,13,0,1,0,0,12
S01008751,All people aged 16 and over in households,504,252,220,32,252,133,7,8,53,51
S01008751,16 to 24,54,4,1,3,50,50,0,0,0,0
S01008751,25 to 34,62,20,14,6,42,33,3,0,6,0
S01008751,35 to 49,126,90,76,14,36,20,2,5,8,1
S01008751,50 to 64,124,84,77,7,40,14,0,2,21,3
S01008751,65 to 74,65,26,24,2,39,9,1,0,14,15
S01008751,75 to 84,60,27,27,0,33,3,0,1,3,26
S01008751,85 and over,13,1,1,0,12,4,1,0,1,6
S01008752,All people aged 16 and over in households,664,228,140,88,436,249,9,30,85,63
S01008752,16 to 24,86,22,3,19,64,62,0,1,1,0
S01008752,25 to 34,134,42,9,33,92,82,4,2,4,0
S01008752,35 to 49,176,57,30,27,119,72,3,13,29,2
S01008752,50 to 64,120,46,39,7,74,20,0,11,35,8
S01008752,65 to 74,66,34,33,1,32,6,2,2,9,13
S01008752,75 to 84,61,23,22,1,38,7,0,1,7,23
S01008752,85 and over,21,4,4,0,17,0,0,0,0,17
S01008753,All people aged 16 and over in households,458,160,106,54,298,169,0,9,65,55
S01008753,16 to 24,51,4,0,4,47,47,0,0,0,0
S01008753,25 to 34,82,35,15,20,47,42,0,0,4,1
S01008753,35 to 49,124,54,37,17,70,42,0,6,22,0
S01008753,50 to 64,98,36,30,6,62,23,0,3,27,9
S01008753,65 to 74,47,20,16,4,27,6,0,0,6,15
S01008753,75 to 84,37,6,4,2,31,6,0,0,6,19
S01008753,85 and over,19,5,4,1,14,3,0,0,0,11
S01008754,All people aged 16 and over in households,543,238,120,118,305,201,1,17,56,30
S01008754,16 to 24,69,19,1,18,50,50,0,0,0,0
S01008754,25 to 34,166,95,31,64,71,64,0,3,3,1
S01008754,35 to 49,130,44,22,22,86,61,0,6,19,0
S01008754,50 to 64,97,44,31,13,53,18,0,6,23,6
S01008754,65 to 74,53,23,22,1,30,4,1,2,10,13
S01008754,75 to 84,22,11,11,0,11,3,0,0,1,7
S01008754,85 and over,6,2,2,0,4,1,0,0,0,3
S01008755,All people aged 16 and over in households,815,302,184,118,513,359,11,23,68,52
S01008755,16 to 24,110,22,6,16,88,87,0,0,1,0
S01008755,25 to 34,254,106,45,61,148,141,1,4,2,0
S01008755,35 to 49,210,77,52,25,133,94,7,11,19,2
S01008755,50 to 64,122,53,40,13,69,24,0,6,32,7
S01008755,65 to 74,54,22,21,1,32,5,2,2,9,14
S01008755,75 to 84,49,20,18,2,29,5,1,0,3,20
S01008755,85 and over,16,2,2,0,14,3,0,0,2,9
S01008756,All people aged 16 and over in households,624,256,152,104,368,225,6,33,64,40
S01008756,16 to 24,69,21,1,20,48,47,0,1,0,0
S01008756,25 to 34,124,68,30,38,56,54,0,1,1,0
S01008756,35 to 49,192,64,38,26,128,86,3,15,22,2
S01008756,50 to 64,113,52,37,15,61,19,3,12,21,6
S01008756,65 to 74,69,28,23,5,41,8,0,4,14,15
S01008756,75 to 84,47,19,19,0,28,10,0,0,5,13
S01008756,85 and over,10,4,4,0,6,1,0,0,1,4
S01008757,All people aged 16 and over in households,539,192,122,70,347,198,6,20,72,51
S01008757,16 to 24,43,6,0,6,37,36,0,0,0,1
S01008757,25 to 34,98,37,10,27,61,55,1,1,4,0
S01008757,35 to 49,125,47,27,20,78,54,1,8,13,2
S01008757,50 to 64,145,55,42,13,90,33,2,5,42,8
S01008757,65 to 74,80,36,32,4,44,15,0,5,9,15
S01008757,75 to 84,39,11,11,0,28,4,1,1,3,19
S01008757,85 and over,9,0,0,0,9,1,1,0,1,6
S01008758,All people aged 16 and over in households,694,292,190,102,402,234,9,26,70,63
S01008758,16 to 24,86,9,1,8,77,76,1,0,0,0
S01008758,25 to 34,125,80,37,43,45,41,0,2,1,1
S01008758,35 to 49,181,67,40,27,114,63,5,15,30,1
S01008758,50 to 64,137,63,49,14,74,32,2,7,27,6
S01008758,65 to 74,82,42,36,6,40,12,0,2,10,16
S01008758,75 to 84,68,23,21,2,45,10,1,0,2,32
S01008758,85 and over,15,8,6,2,7,0,0,0,0,7
S01008759,All people aged 16 and over in households,464,178,128,50,286,165,5,16,48,52
S01008759,16 to 24,58,9,2,7,49,47,1,1,0,0
S01008759,25 to 34,69,27,9,18,42,37,0,3,2,0
S01008759,35 to 49,138,64,40,24,74,50,2,9,12,1
S01008759,50 to 64,98,42,41,1,56,23,1,3,22,7
S01008759,65 to 74,51,29,29,0,22,5,0,0,6,11
S01008759,75 to 84,34,7,7,0,27,2,1,0,2,22
S01008759,85 and over,16,0,0,0,16,1,0,0,4,11
S01008760,All people aged 16 and over in households,755,272,198,74,483,311,6,38,98,30
S01008760,16 to 24,111,10,4,6,101,99,1,0,1,0
S01008760,25 to 34,122,44,26,18,78,74,1,3,0,0
S01008760,35 to 49,255,110,76,34,145,96,0,22,25,2
S01008760,50 to 64,148,59,45,14,89,23,3,11,44,8
S01008760,65 to 74,79,37,35,2,42,14,1,0,20,7
S01008760,75 to 84,32,12,12,0,20,5,0,1,6,8
S01008760,85 and over,8,0,0,0,8,0,0,1,2,5
S01008761,All people aged 16 and over in households,551,302,222,80,249,186,9,17,27,10
S01008761,16 to 24,110,24,5,19,86,86,0,0,0,0
S01008761,25 to 34,184,115,69,46,69,57,2,6,4,0
S01008761,35 to 49,150,102,90,12,48,30,4,7,7,0
S01008761,50 to 64,83,54,51,3,29,7,3,2,13,4
S01008761,65 to 74,14,7,7,0,7,2,0,1,2,2
S01008761,75 to 84,8,0,0,0,8,4,0,1,1,2
S01008761,85 and over,2,0,0,0,2,0,0,0,0,2
S01008762,All people aged 16 and over in households,527,324,258,66,203,118,5,9,27,44
S01008762,16 to 24,46,2,0,2,44,44,0,0,0,0
S01008762,25 to 34,82,44,23,21,38,35,2,1,0,0
S01008762,35 to 49,138,107,78,29,31,17,1,5,7,1
S01008762,50 to 64,129,92,81,11,37,13,0,3,13,8
S01008762,65 to 74,67,49,46,3,18,3,1,0,4,10
S01008762,75 to 84,57,30,30,0,27,4,0,0,3,20
S01008762,85 and over,8,0,0,0,8,2,1,0,0,5
S01008763,All people aged 16 and over in households,766,494,346,148,272,176,4,16,39,37
S01008763,16 to 24,63,14,0,14,49,48,0,1,0,0
S01008763,25 to 34,155,112,64,48,43,39,0,1,2,1
S01008763,35 to 49,285,203,134,69,82,57,2,11,11,1
S01008763,50 to 64,151,105,89,16,46,24,2,2,15,3
S01008763,65 to 74,65,47,46,1,18,3,0,1,7,7
S01008763,75 to 84,33,10,10,0,23,4,0,0,3,16
S01008763,85 and over,14,3,3,0,11,1,0,0,1,9
S01008764,All people aged 16 and over in households,586,374,294,80,212,143,3,9,27,30
S01008764,16 to 24,82,5,0,5,77,77,0,0,0,0
S01008764,25 to 34,98,72,46,26,26,25,1,0,0,0
S01008764,35 to 49,172,134,99,35,38,24,2,4,8,0
S01008764,50 to 64,148,113,100,13,35,14,0,4,13,4
S01008764,65 to 74,47,33,32,1,14,3,0,0,4,7
S01008764,75 to 84,26,14,14,0,12,0,0,1,2,9
S01008764,85 and over,13,3,3,0,10,0,0,0,0,10
S01008765,All people aged 16 and over in households,686,398,284,114,288,189,9,16,47,27
S01008765,16 to 24,69,5,0,5,64,64,0,0,0,0
S01008765,25 to 34,134,79,48,31,55,51,4,0,0,0
S01008765,35 to 49,265,190,128,62,75,46,4,9,16,0
S01008765,50 to 64,129,83,70,13,46,16,0,5,21,4
S01008765,65 to 74,54,35,32,3,19,7,0,1,7,4
S01008765,75 to 84,27,5,5,0,22,4,0,1,3,14
S01008765,85 and over,8,1,1,0,7,1,1,0,0,5
S01008766,All people aged 16 and over in households,819,530,452,78,289,192,5,13,20,59
S01008766,16 to 24,94,2,0,2,92,92,0,0,0,0
S01008766,25 to 34,101,52,36,16,49,48,1,0,0,0
S01008766,35 to 49,236,196,152,44,40,21,1,7,8,3
S01008766,50 to 64,221,174,160,14,47,19,3,5,9,11
S01008766,65 to 74,90,68,66,2,22,6,0,1,2,13
S01008766,75 to 84,59,32,32,0,27,3,0,0,1,23
S01008766,85 and over,18,6,6,0,12,3,0,0,0,9
S01008767,All people aged 16 and over in households,462,238,190,48,224,132,4,18,40,30
S01008767,16 to 24,57,6,1,5,51,51,0,0,0,0
S01008767,25 to 34,60,34,21,13,26,24,0,2,0,0
S01008767,35 to 49,149,98,75,23,51,28,1,6,16,0
S01008767,50 to 64,110,55,48,7,55,19,2,10,19,5
S01008767,65 to 74,44,26,26,0,18,8,0,0,3,7
S01008767,75 to 84,35,17,17,0,18,1,0,0,1,16
S01008767,85 and over,7,2,2,0,5,1,1,0,1,2
S01008768,All people aged 16 and over in households,406,204,136,68,202,137,3,16,23,23
S01008768,16 to 24,39,7,0,7,32,32,0,0,0,0
S01008768,25 to 34,116,73,34,39,43,42,0,0,1,0
S01008768,35 to 49,129,67,46,21,62,43,0,12,5,2
S01008768,50 to 64,66,31,30,1,35,15,1,4,11,4
S01008768,65 to 74,30,17,17,0,13,2,2,0,3,6
S01008768,75 to 84,16,8,8,0,8,1,0,0,3,4
S01008768,85 and over,10,1,1,0,9,2,0,0,0,7
S01008769,All people aged 16 and over in households,621,332,174,158,289,224,10,16,26,13
S01008769,16 to 24,81,21,3,18,60,60,0,0,0,0
S01008769,25 to 34,274,171,74,97,103,91,3,5,4,0
S01008769,35 to 49,166,81,47,34,85,60,6,8,9,2
S01008769,50 to 64,75,46,37,9,29,12,1,3,9,4
S01008769,65 to 74,17,8,8,0,9,1,0,0,4,4
S01008769,75 to 84,7,4,4,0,3,0,0,0,0,3
S01008769,85 and over,1,1,1,0,0,0,0,0,0,0
S01008770,All people aged 16 and over in households,725,400,220,180,325,252,9,28,34,2
S01008770,16 to 24,119,37,8,29,82,81,1,0,0,0
S01008770,25 to 34,304,184,89,95,120,108,4,4,4,0
S01008770,35 to 49,199,123,81,42,76,53,4,7,11,1
S01008770,50 to 64,86,45,32,13,41,9,0,16,15,1
S01008770,65 to 74,14,9,8,1,5,0,0,1,4,0
S01008770,75 to 84,3,2,2,0,1,1,0,0,0,0
S01008770,85 and over,0,0,0,0,0,0,0,0,0,0
S01008771,All people aged 16 and over in households,643,354,224,130,289,212,6,23,36,12
S01008771,16 to 24,83,14,3,11,69,67,0,1,1,0
S01008771,25 to 34,196,109,47,62,87,79,2,4,2,0
S01008771,35 to 49,205,137,96,41,68,45,3,9,11,0
S01008771,50 to 64,102,59,45,14,43,14,1,8,18,2
S01008771,65 to 74,33,21,21,0,12,6,0,0,4,2
S01008771,75 to 84,19,12,11,1,7,1,0,1,0,5
S01008771,85 and over,5,2,1,1,3,0,0,0,0,3
S01008772,All people aged 16 and over in households,651,354,272,82,297,169,4,15,52,57
S01008772,16 to 24,59,11,3,8,48,47,1,0,0,0
S01008772,25 to 34,123,83,42,41,40,37,1,1,1,0
S01008772,35 to 49,194,112,89,23,82,52,0,8,21,1
S01008772,50 to 64,132,84,75,9,48,23,2,6,14,3
S01008772,65 to 74,67,33,32,1,34,6,0,0,9,19
S01008772,75 to 84,57,27,27,0,30,2,0,0,5,23
S01008772,85 and over,19,4,4,0,15,2,0,0,2,11
S01008773,All people aged 16 and over in households,902,430,248,182,472,310,4,25,80,53
S01008773,16 to 24,88,24,1,23,64,62,1,1,0,0
S01008773,25 to 34,255,160,62,98,95,87,0,5,2,1
S01008773,35 to 49,283,130,81,49,153,111,2,14,25,1
S01008773,50 to 64,146,67,56,11,79,31,1,2,37,8
S01008773,65 to 74,79,39,38,1,40,8,0,3,14,15
S01008773,75 to 84,37,9,9,0,28,8,0,0,2,18
S01008773,85 and over,14,1,1,0,13,3,0,0,0,10
S01008774,All people aged 16 and over in households,786,328,182,146,458,328,12,26,60,32
S01008774,16 to 24,141,32,7,25,109,106,1,0,2,0
S01008774,25 to 34,244,136,48,88,108,104,4,0,0,0
S01008774,35 to 49,199,73,56,17,126,84,5,16,20,1
S01008774,50 to 64,132,59,45,14,73,28,0,9,27,9
S01008774,65 to 74,50,25,23,2,25,5,1,0,7,12
S01008774,75 to 84,18,3,3,0,15,1,1,1,4,8
S01008774,85 and over,2,0,0,0,2,0,0,0,0,2
S01008775,All people aged 16 and over in households,406,222,142,80,184,130,1,8,27,18
S01008775,16 to 24,59,9,1,8,50,50,0,0,0,0
S01008775,25 to 34,91,58,21,37,33,31,1,0,1,0
S01008775,35 to 49,126,83,59,24,43,27,0,6,10,0
S01008775,50 to 64,79,49,42,7,30,13,0,1,14,2
S01008775,65 to 74,30,16,13,3,14,7,0,1,2,4
S01008775,75 to 84,12,1,1,0,11,1,0,0,0,10
S01008775,85 and over,9,6,5,1,3,1,0,0,0,2
S01008776,All people aged 16 and over in households,691,240,134,106,451,322,7,23,74,25
S01008776,16 to 24,105,23,3,20,82,78,0,0,3,1
S01008776,25 to 34,202,74,31,43,128,121,0,3,4,0
S01008776,35 to 49,216,82,47,35,134,85,7,11,25,6
S01008776,50 to 64,114,40,33,7,74,29,0,8,33,4
S01008776,65 to 74,34,16,15,1,18,6,0,0,6,6
S01008776,75 to 84,15,5,5,0,10,3,0,1,3,3
S01008776,85 and over,5,0,0,0,5,0,0,0,0,5
S01008777,All people aged 16 and over in households,926,314,190,124,612,376,17,35,130,54
S01008777,16 to 24,101,11,1,10,90,90,0,0,0,0
S01008777,25 to 34,208,107,49,58,101,94,4,1,1,1
S01008777,35 to 49,242,80,48,32,162,114,8,9,29,2
S01008777,50 to 64,222,63,44,19,159,57,4,16,61,21
S01008777,65 to 74,105,35,33,2,70,18,1,8,34,9
S01008777,75 to 84,40,17,14,3,23,1,0,1,5,16
S01008777,85 and over,8,1,1,0,7,2,0,0,0,5
S01008778,All people aged 16 and over in households,999,434,186,248,565,420,17,34,82,12
S01008778,16 to 24,146,30,1,29,116,116,0,0,0,0
S01008778,25 to 34,405,225,80,145,180,166,5,4,5,0
S01008778,35 to 49,275,115,58,57,160,100,6,17,36,1
S01008778,50 to 64,138,54,41,13,84,33,4,7,36,4
S01008778,65 to 74,31,7,3,4,24,4,2,6,5,7
S01008778,75 to 84,4,3,3,0,1,1,0,0,0,0
S01008778,85 and over,0,0,0,0,0,0,0,0,0,0
S01008779,All people aged 16 and over in households,662,332,194,138,330,257,6,13,39,15
S01008779,16 to 24,92,25,2,23,67,67,0,0,0,0
S01008779,25 to 34,272,154,75,79,118,108,2,2,6,0
S01008779,35 to 49,180,85,62,23,95,75,0,5,13,2
S01008779,50 to 64,87,52,45,7,35,6,4,6,14,5
S01008779,65 to 74,24,14,10,4,10,0,0,0,5,5
S01008779,75 to 84,5,2,0,2,3,1,0,0,1,1
S01008779,85 and over,2,0,0,0,2,0,0,0,0,2
S01008780,All people aged 16 and over in households,529,234,104,130,295,238,6,15,31,5
S01008780,16 to 24,81,23,5,18,58,58,0,0,0,0
S01008780,25 to 34,227,122,54,68,105,96,2,5,2,0
S01008780,35 to 49,143,60,21,39,83,66,4,4,8,1
S01008780,50 to 64,65,21,17,4,44,17,0,6,19,2
S01008780,65 to 74,9,6,6,0,3,1,0,0,1,1
S01008780,75 to 84,4,2,1,1,2,0,0,0,1,1
S01008780,85 and over,0,0,0,0,0,0,0,0,0,0
S01008781,All people aged 16 and over in households,787,312,134,178,475,368,10,29,53,15
S01008781,16 to 24,112,39,7,32,73,73,0,0,0,0
S01008781,25 to 34,368,181,71,110,187,175,3,2,7,0
S01008781,35 to 49,202,60,31,29,142,100,4,17,19,2
S01008781,50 to 64,82,28,21,7,54,18,2,9,20,5
S01008781,65 to 74,12,1,1,0,11,1,0,1,7,2
S01008781,75 to 84,10,3,3,0,7,1,1,0,0,5
S01008781,85 and over,1,0,0,0,1,0,0,0,0,1
S01008782,All people aged 16 and over in households,654,339,160,179,315,258,7,14,28,8
S01008782,16 to 24,85,28,6,22,57,57,0,0,0,0
S01008782,25 to 34,265,158,62,96,107,102,0,3,2,0
S01008782,35 to 49,207,110,60,50,97,78,2,4,12,1
S01008782,50 to 64,70,29,22,7,41,17,5,6,12,1
S01008782,65 to 74,14,7,4,3,7,4,0,1,1,1
S01008782,75 to 84,6,2,2,0,4,0,0,0,0,4
S01008782,85 and over,7,5,4,1,2,0,0,0,1,1
S01008783,All people aged 16 and over in households,366,192,82,110,174,134,3,5,28,4
S01008783,16 to 24,31,13,0,13,18,18,0,0,0,0
S01008783,25 to 34,163,90,28,62,73,68,2,1,2,0
S01008783,35 to 49,108,60,32,28,48,38,0,2,8,0
S01008783,50 to 64,57,27,20,7,30,8,1,2,16,3
S01008783,65 to 74,5,1,1,0,4,2,0,0,1,1
S01008783,75 to 84,2,1,1,0,1,0,0,0,1,0
S01008783,85 and over,0,0,0,0,0,0,0,0,0,0
S01008784,All people aged 16 and over in households,395,172,70,102,223,161,9,15,33,5
S01008784,16 to 24,40,16,2,14,24,23,0,1,0,0
S01008784,25 to 34,161,83,24,59,78,69,5,2,2,0
S01008784,35 to 49,125,46,23,23,79,63,1,5,9,1
S01008784,50 to 64,55,21,17,4,34,6,2,7,17,2
S01008784,65 to 74,13,6,4,2,7,0,1,0,5,1
S01008784,75 to 84,0,0,0,0,0,0,0,0,0,0
S01008784,85 and over,1,0,0,0,1,0,0,0,0,1
S01008785,All people aged 16 and over in households,732,280,160,120,452,288,13,30,76,45
S01008785,16 to 24,109,21,5,16,88,86,0,1,0,1
S01008785,25 to 34,224,110,43,67,114,102,5,0,6,1
S01008785,35 to 49,172,54,35,19,118,71,6,16,23,2
S01008785,50 to 64,104,41,31,10,63,21,2,9,25,6
S01008785,65 to 74,76,41,33,8,35,3,0,2,14,16
S01008785,75 to 84,36,12,12,0,24,4,0,2,6,12
S01008785,85 and over,11,1,1,0,10,1,0,0,2,7
S01008786,All people aged 16 and over in households,826,336,144,192,490,387,8,19,48,28
S01008786,16 to 24,101,24,1,23,77,77,0,0,0,0
S01008786,25 to 34,360,163,56,107,197,183,3,5,6,0
S01008786,35 to 49,227,99,45,54,128,97,3,7,18,3
S01008786,50 to 64,82,26,20,6,56,25,2,6,19,4
S01008786,65 to 74,35,16,15,1,19,4,0,1,5,9
S01008786,75 to 84,18,8,7,1,10,1,0,0,0,9
S01008786,85 and over,3,0,0,0,3,0,0,0,0,3
S01008787,All people aged 16 and over in households,280,86,58,28,194,132,3,13,31,15
S01008787,16 to 24,54,4,0,4,50,49,0,0,1,0
S01008787,25 to 34,71,27,14,13,44,35,3,3,3,0
S01008787,35 to 49,86,30,20,10,56,35,0,6,12,3
S01008787,50 to 64,33,10,9,1,23,7,0,4,11,1
S01008787,65 to 74,24,13,13,0,11,4,0,0,2,5
S01008787,75 to 84,11,2,2,0,9,2,0,0,2,5
S01008787,85 and over,1,0,0,0,1,0,0,0,0,1
S01008788,All people aged 16 and over in households,614,284,128,156,330,247,8,19,43,13
S01008788,16 to 24,79,24,6,18,55,55,0,0,0,0
S01008788,25 to 34,302,160,56,104,142,130,3,6,3,0
S01008788,35 to 49,143,61,35,26,82,48,3,7,21,3
S01008788,50 to 64,57,26,23,3,31,10,1,3,15,2
S01008788,65 to 74,23,11,6,5,12,1,1,2,3,5
S01008788,75 to 84,9,2,2,0,7,3,0,1,1,2
S01008788,85 and over,1,0,0,0,1,0,0,0,0,1
S01008789,All people aged 16 and over in households,582,247,184,63,335,190,10,11,58,66
S01008789,16 to 24,52,14,5,9,38,36,2,0,0,0
S01008789,25 to 34,131,53,26,27,78,73,4,1,0,0
S01008789,35 to 49,121,61,41,20,60,44,2,0,14,0
S01008789,50 to 64,102,44,41,3,58,21,0,5,23,9
S01008789,65 to 74,80,44,40,4,36,5,0,4,15,12
S01008789,75 to 84,70,27,27,0,43,10,2,0,5,26
S01008789,85 and over,26,4,4,0,22,1,0,1,1,19
S01008790,All people aged 16 and over in households,562,194,94,100,368,271,6,18,52,21
S01008790,16 to 24,109,18,2,16,91,88,3,0,0,0
S01008790,25 to 34,164,76,25,51,88,86,0,2,0,0
S01008790,35 to 49,174,66,37,29,108,76,2,8,22,0
S01008790,50 to 64,63,16,15,1,47,16,0,6,21,4
S01008790,65 to 74,29,10,10,0,19,3,1,2,6,7
S01008790,75 to 84,20,8,5,3,12,2,0,0,2,8
S01008790,85 and over,3,0,0,0,3,0,0,0,1,2
S01008791,All people aged 16 and over in households,779,322,206,116,457,363,22,19,41,12
S01008791,16 to 24,145,25,6,19,120,117,2,1,0,0
S01008791,25 to 34,336,153,79,74,183,169,7,3,4,0
S01008791,35 to 49,167,77,58,19,90,59,10,5,14,2
S01008791,50 to 64,88,41,39,2,47,14,3,9,15,6
S01008791,65 to 74,31,19,17,2,12,2,0,1,8,1
S01008791,75 to 84,9,5,5,0,4,2,0,0,0,2
S01008791,85 and over,3,2,2,0,1,0,0,0,0,1
S01008792,All people aged 16 and over in households,677,333,182,151,344,244,11,12,53,24
S01008792,16 to 24,67,17,0,17,50,50,0,0,0,0
S01008792,25 to 34,212,113,49,64,99,87,7,2,3,0
S01008792,35 to 49,205,110,55,55,95,72,3,4,15,1
S01008792,50 to 64,122,66,53,13,56,23,0,4,24,5
S01008792,65 to 74,37,13,11,2,24,5,0,1,10,8
S01008792,75 to 84,28,13,13,0,15,5,1,1,1,7
S01008792,85 and over,6,1,1,0,5,2,0,0,0,3
S01008793,All people aged 16 and over in households,388,116,56,60,272,181,9,18,38,26
S01008793,16 to 24,74,13,5,8,61,59,1,0,0,1
S01008793,25 to 34,100,43,10,33,57,51,2,2,2,0
S01008793,35 to 49,88,29,15,14,59,46,1,3,9,0
S01008793,50 to 64,54,16,14,2,38,13,2,11,11,1
S01008793,65 to 74,29,8,7,1,21,5,1,1,9,5
S01008793,75 to 84,22,5,3,2,17,3,1,1,3,9
S01008793,85 and over,21,2,2,0,19,4,1,0,4,10
S01008794,All people aged 16 and over in households,765,344,216,128,421,239,5,17,76,84
S01008794,16 to 24,86,21,5,16,65,65,0,0,0,0
S01008794,25 to 34,206,122,43,79,84,76,2,2,4,0
S01008794,35 to 49,150,72,52,20,78,54,1,6,17,0
S01008794,50 to 64,117,52,45,7,65,26,2,6,28,3
S01008794,65 to 74,70,32,28,4,38,7,0,2,18,11
S01008794,75 to 84,84,38,36,2,46,3,0,1,8,34
S01008794,85 and over,52,7,7,0,45,8,0,0,1,36
S01008795,All people aged 16 and over in households,1000,444,232,212,556,440,14,17,53,32
S01008795,16 to 24,166,31,2,29,135,135,0,0,0,0
S01008795,25 to 34,401,203,74,129,198,188,2,6,2,0
S01008795,35 to 49,252,122,77,45,130,85,9,8,26,2
S01008795,50 to 64,106,56,48,8,50,23,3,0,17,7
S01008795,65 to 74,38,19,19,0,19,6,0,2,6,5
S01008795,75 to 84,31,11,10,1,20,3,0,1,2,14
S01008795,85 and over,6,2,2,0,4,0,0,0,0,4
S01008796,All people aged 16 and over in households,950,374,206,168,576,410,10,21,89,46
S01008796,16 to 24,155,41,6,35,114,114,0,0,0,0
S01008796,25 to 34,285,140,54,86,145,134,4,4,3,0
S01008796,35 to 49,264,95,60,35,169,128,4,8,28,1
S01008796,50 to 64,133,52,47,5,81,22,1,7,42,9
S01008796,65 to 74,55,22,20,2,33,6,0,1,13,13
S01008796,75 to 84,43,20,17,3,23,4,1,1,3,14
S01008796,85 and over,15,4,2,2,11,2,0,0,0,9
S01008797,All people aged 16 and over in households,888,356,176,180,532,384,9,21,61,57
S01008797,16 to 24,119,29,4,25,90,86,0,0,2,2
S01008797,25 to 34,304,157,58,99,147,136,1,3,7,0
S01008797,35 to 49,251,96,45,51,155,120,4,14,16,1
S01008797,50 to 64,102,34,29,5,68,29,2,3,25,9
S01008797,65 to 74,58,25,25,0,33,4,0,0,9,20
S01008797,75 to 84,31,13,13,0,18,3,2,1,2,10
S01008797,85 and over,23,2,2,0,21,6,0,0,0,15
S01008798,All people aged 16 and over in households,720,284,154,130,436,299,10,23,68,36
S01008798,16 to 24,107,29,5,24,78,76,2,0,0,0
S01008798,25 to 34,230,118,49,69,112,103,1,5,3,0
S01008798,35 to 49,183,72,42,30,111,82,6,8,15,0
S01008798,50 to 64,103,40,33,7,63,28,1,7,25,2
S01008798,65 to 74,51,16,16,0,35,3,0,2,16,14
S01008798,75 to 84,32,7,7,0,25,6,0,1,8,10
S01008798,85 and over,14,2,2,0,12,1,0,0,1,10
S01008799,All people aged 16 and over in households,565,242,110,132,323,252,11,15,34,11
S01008799,16 to 24,136,39,5,34,97,95,2,0,0,0
S01008799,25 to 34,239,124,52,72,115,101,2,7,4,1
S01008799,35 to 49,130,51,29,22,79,46,5,6,22,0
S01008799,50 to 64,33,15,13,2,18,8,2,2,4,2
S01008799,65 to 74,17,10,9,1,7,1,0,0,3,3
S01008799,75 to 84,9,2,1,1,7,1,0,0,1,5
S01008799,85 and over,1,1,1,0,0,0,0,0,0,0
S01008800,All people aged 16 and over in households,970,406,194,212,564,455,9,26,56,18
S01008800,16 to 24,130,44,3,41,86,85,0,0,1,0
S01008800,25 to 34,441,229,104,125,212,198,3,7,4,0
S01008800,35 to 49,259,89,51,38,170,138,5,11,16,0
S01008800,50 to 64,102,35,28,7,67,30,1,8,26,2
S01008800,65 to 74,20,6,5,1,14,2,0,0,7,5
S01008800,75 to 84,12,3,3,0,9,1,0,0,2,6
S01008800,85 and over,6,0,0,0,6,1,0,0,0,5
S01008801,All people aged 16 and over in households,870,386,178,208,484,393,22,9,48,12
S01008801,16 to 24,126,45,5,40,81,81,0,0,0,0
S01008801,25 to 34,395,204,81,123,191,177,10,1,3,0
S01008801,35 to 49,210,75,37,38,135,102,12,4,17,0
S01008801,50 to 64,94,36,30,6,58,29,0,4,22,3
S01008801,65 to 74,30,19,18,1,11,3,0,0,5,3
S01008801,75 to 84,13,6,6,0,7,1,0,0,1,5
S01008801,85 and over,2,1,1,0,1,0,0,0,0,1
S01008802,All people aged 16 and over in households,892,368,172,196,524,413,5,12,64,30
S01008802,16 to 24,138,47,8,39,91,91,0,0,0,0
S01008802,25 to 34,329,164,58,106,165,150,2,7,5,1
S01008802,35 to 49,235,90,48,42,145,126,1,4,14,0
S01008802,50 to 64,124,42,33,9,82,41,2,0,34,5
S01008802,65 to 74,35,15,15,0,20,3,0,1,9,7
S01008802,75 to 84,26,10,10,0,16,2,0,0,2,12
S01008802,85 and over,5,0,0,0,5,0,0,0,0,5
S01008803,All people aged 16 and over in households,862,292,164,128,570,422,13,29,76,30
S01008803,16 to 24,136,34,4,30,102,102,0,0,0,0
S01008803,25 to 34,301,118,51,67,183,173,7,0,3,0
S01008803,35 to 49,231,71,45,26,160,118,2,13,24,3
S01008803,50 to 64,116,42,37,5,74,20,1,12,37,4
S01008803,65 to 74,47,20,20,0,27,0,2,3,11,11
S01008803,75 to 84,25,7,7,0,18,7,1,1,1,8
S01008803,85 and over,6,0,0,0,6,2,0,0,0,4
S01008804,All people aged 16 and over in households,491,196,96,100,295,230,10,12,32,11
S01008804,16 to 24,82,27,6,21,55,55,0,0,0,0
S01008804,25 to 34,201,109,42,67,92,82,4,2,4,0
S01008804,35 to 49,120,32,22,10,88,66,4,5,13,0
S01008804,50 to 64,60,22,20,2,38,20,2,3,12,1
S01008804,65 to 74,14,4,4,0,10,1,0,1,3,5
S01008804,75 to 84,11,2,2,0,9,5,0,1,0,3
S01008804,85 and over,3,0,0,0,3,1,0,0,0,2
S01008805,All people aged 16 and over in households,589,212,94,118,377,312,10,8,30,17
S01008805,16 to 24,168,23,1,22,145,143,2,0,0,0
S01008805,25 to 34,236,119,42,77,117,110,6,1,0,0
S01008805,35 to 49,101,41,24,17,60,45,2,5,8,0
S01008805,50 to 64,42,15,13,2,27,9,0,1,16,1
S01008805,65 to 74,23,10,10,0,13,1,0,1,5,6
S01008805,75 to 84,15,3,3,0,12,3,0,0,1,8
S01008805,85 and over,4,1,1,0,3,1,0,0,0,2
S01008806,All people aged 16 and over in households,919,416,200,216,503,435,16,12,28,12
S01008806,16 to 24,159,44,8,36,115,114,0,0,1,0
S01008806,25 to 34,442,221,95,126,221,212,6,2,1,0
S01008806,35 to 49,204,107,59,48,97,76,8,5,8,0
S01008806,50 to 64,78,34,29,5,44,26,2,4,11,1
S01008806,65 to 74,14,3,3,0,11,3,0,1,4,3
S01008806,75 to 84,17,4,3,1,13,4,0,0,3,6
S01008806,85 and over,5,3,3,0,2,0,0,0,0,2
S01008807,All people aged 16 and over in households,742,294,158,136,448,327,15,26,45,35
S01008807,16 to 24,100,15,3,12,85,85,0,0,0,0
S01008807,25 to 34,264,136,48,88,128,121,3,1,3,0
S01008807,35 to 49,207,78,50,28,129,92,10,12,14,1
S01008807,50 to 64,108,46,40,6,62,24,2,12,20,4
S01008807,65 to 74,33,15,13,2,18,2,0,1,8,7
S01008807,75 to 84,25,4,4,0,21,2,0,0,0,19
S01008807,85 and over,5,0,0,0,5,1,0,0,0,4
S01008808,All people aged 16 and over in households,614,288,146,142,326,235,8,11,40,32
S01008808,16 to 24,64,11,0,11,53,52,0,0,0,1
S01008808,25 to 34,211,130,45,85,81,76,2,0,3,0
S01008808,35 to 49,164,87,55,32,77,61,4,5,7,0
S01008808,50 to 64,91,36,25,11,55,29,1,1,22,2
S01008808,65 to 74,38,15,13,2,23,6,0,5,6,6
S01008808,75 to 84,37,7,6,1,30,11,1,0,1,17
S01008808,85 and over,9,2,2,0,7,0,0,0,1,6
S01008809,All people aged 16 and over in households,564,286,176,110,278,203,15,6,32,22
S01008809,16 to 24,117,20,2,18,97,95,2,0,0,0
S01008809,25 to 34,132,71,34,37,61,57,3,1,0,0
S01008809,35 to 49,144,88,49,39,56,36,6,4,10,0
S01008809,50 to 64,97,68,55,13,29,10,2,1,12,4
S01008809,65 to 74,45,28,26,2,17,3,2,0,7,5
S01008809,75 to 84,24,10,10,0,14,0,0,0,3,11
S01008809,85 and over,5,1,0,1,4,2,0,0,0,2
S01008810,All people aged 16 and over in households,654,270,138,132,384,323,10,12,21,18
S01008810,16 to 24,125,11,3,8,114,114,0,0,0,0
S01008810,25 to 34,232,112,29,83,120,108,6,3,3,0
S01008810,35 to 49,184,96,65,31,88,72,3,6,7,0
S01008810,50 to 64,72,36,29,7,36,22,0,1,8,5
S01008810,65 to 74,19,12,10,2,7,2,0,1,3,1
S01008810,75 to 84,17,2,1,1,15,4,1,1,0,9
S01008810,85 and over,5,1,1,0,4,1,0,0,0,3
S01008811,All people aged 16 and over in households,780,294,172,122,486,420,13,7,32,14
S01008811,16 to 24,196,15,4,11,181,180,0,0,0,1
S01008811,25 to 34,260,106,40,66,154,149,3,1,1,0
S01008811,35 to 49,163,90,60,30,73,56,6,3,8,0
S01008811,50 to 64,109,54,41,13,55,28,4,2,21,0
S01008811,65 to 74,24,14,13,1,10,4,0,1,1,4
S01008811,75 to 84,20,11,10,1,9,1,0,0,1,7
S01008811,85 and over,8,4,4,0,4,2,0,0,0,2
S01008812,All people aged 16 and over in households,436,150,68,82,286,245,3,7,16,15
S01008812,16 to 24,77,9,0,9,68,68,0,0,0,0
S01008812,25 to 34,164,64,28,36,100,97,2,1,0,0
S01008812,35 to 49,124,48,18,30,76,65,1,5,5,0
S01008812,50 to 64,38,16,11,5,22,12,0,1,5,4
S01008812,65 to 74,21,11,10,1,10,1,0,0,5,4
S01008812,75 to 84,9,2,1,1,7,1,0,0,1,5
S01008812,85 and over,3,0,0,0,3,1,0,0,0,2
S01008813,All people aged 16 and over in households,814,316,198,118,498,346,15,31,69,37
S01008813,16 to 24,114,10,0,10,104,101,2,0,0,1
S01008813,25 to 34,212,105,43,62,107,99,4,2,2,0
S01008813,35 to 49,252,102,62,40,150,98,6,19,24,3
S01008813,50 to 64,156,68,63,5,88,40,2,6,31,9
S01008813,65 to 74,46,22,21,1,24,4,1,3,6,10
S01008813,75 to 84,23,7,7,0,16,2,0,1,6,7
S01008813,85 and over,11,2,2,0,9,2,0,0,0,7
S01008814,All people aged 16 and over in households,731,350,210,140,381,310,3,14,32,22
S01008814,16 to 24,133,27,2,25,106,106,0,0,0,0
S01008814,25 to 34,219,105,39,66,114,111,2,1,0,0
S01008814,35 to 49,192,107,75,32,85,66,1,6,10,2
S01008814,50 to 64,112,66,52,14,46,20,0,4,18,4
S01008814,65 to 74,39,25,24,1,14,4,0,2,4,4
S01008814,75 to 84,27,18,18,0,9,0,0,1,0,8
S01008814,85 and over,9,2,0,2,7,3,0,0,0,4
S01008815,All people aged 16 and over in households,806,324,152,172,482,367,10,22,59,24
S01008815,16 to 24,96,29,3,26,67,67,0,0,0,0
S01008815,25 to 34,307,153,61,92,154,139,7,3,5,0
S01008815,35 to 49,246,87,44,43,159,122,2,8,27,0
S01008815,50 to 64,109,43,35,8,66,36,0,10,17,3
S01008815,65 to 74,18,6,4,2,12,2,1,0,7,2
S01008815,75 to 84,21,6,5,1,15,0,0,1,3,11
S01008815,85 and over,9,0,0,0,9,1,0,0,0,8
S01008816,All people aged 16 and over in households,473,194,102,92,279,187,2,14,46,30
S01008816,16 to 24,52,15,1,14,37,36,1,0,0,0
S01008816,25 to 34,167,83,34,49,84,75,0,2,7,0
S01008816,35 to 49,116,48,26,22,68,46,1,5,16,0
S01008816,50 to 64,65,19,12,7,46,22,0,6,16,2
S01008816,65 to 74,24,11,11,0,13,4,0,1,4,4
S01008816,75 to 84,35,14,14,0,21,4,0,0,3,14
S01008816,85 and over,14,4,4,0,10,0,0,0,0,10
S01008817,All people aged 16 and over in households,658,304,162,142,354,260,7,22,52,13
S01008817,16 to 24,71,16,1,15,55,55,0,0,0,0
S01008817,25 to 34,265,137,51,86,128,117,5,5,1,0
S01008817,35 to 49,174,89,54,35,85,55,1,7,20,2
S01008817,50 to 64,105,43,37,6,62,26,1,10,24,1
S01008817,65 to 74,27,13,13,0,14,4,0,0,5,5
S01008817,75 to 84,13,6,6,0,7,2,0,0,2,3
S01008817,85 and over,3,0,0,0,3,1,0,0,0,2
S01008818,All people aged 16 and over in households,641,356,212,144,285,203,12,16,34,20
S01008818,16 to 24,83,19,0,19,64,64,0,0,0,0
S01008818,25 to 34,198,123,39,84,75,68,2,4,1,0
S01008818,35 to 49,201,120,89,31,81,54,6,7,14,0
S01008818,50 to 64,110,69,59,10,41,15,4,5,14,3
S01008818,65 to 74,27,17,17,0,10,0,0,0,4,6
S01008818,75 to 84,12,6,6,0,6,1,0,0,1,4
S01008818,85 and over,10,2,2,0,8,1,0,0,0,7
S01008819,All people aged 16 and over in households,595,344,218,126,251,175,3,15,35,23
S01008819,16 to 24,42,11,0,11,31,31,0,0,0,0
S01008819,25 to 34,162,102,48,54,60,57,0,1,2,0
S01008819,35 to 49,200,123,79,44,77,55,0,10,12,0
S01008819,50 to 64,119,73,58,15,46,26,2,3,13,2
S01008819,65 to 74,40,22,20,2,18,3,1,1,6,7
S01008819,75 to 84,21,8,8,0,13,1,0,0,1,11
S01008819,85 and over,11,5,5,0,6,2,0,0,1,3
S01008820,All people aged 16 and over in households,956,390,208,182,566,403,14,31,76,42
S01008820,16 to 24,135,37,5,32,98,98,0,0,0,0
S01008820,25 to 34,294,148,65,83,146,136,6,2,2,0
S01008820,35 to 49,287,121,62,59,166,121,3,15,25,2
S01008820,50 to 64,135,55,47,8,80,34,1,11,28,6
S01008820,65 to 74,53,14,14,0,39,7,1,3,18,10
S01008820,75 to 84,34,12,12,0,22,5,2,0,3,12
S01008820,85 and over,18,3,3,0,15,2,1,0,0,12
S01008821,All people aged 16 and over in households,550,344,280,64,206,154,5,8,23,16
S01008821,16 to 24,78,5,4,1,73,73,0,0,0,0
S01008821,25 to 34,85,51,33,18,34,33,1,0,0,0
S01008821,35 to 49,182,140,113,27,42,29,3,5,5,0
S01008821,50 to 64,146,114,97,17,32,11,1,3,12,5
S01008821,65 to 74,33,22,21,1,11,4,0,0,4,3
S01008821,75 to 84,18,7,7,0,11,4,0,0,1,6
S01008821,85 and over,8,5,5,0,3,0,0,0,1,2
S01008822,All people aged 16 and over in households,577,384,330,54,193,122,4,7,32,28
S01008822,16 to 24,70,8,2,6,62,62,0,0,0,0
S01008822,25 to 34,62,31,20,11,31,28,0,2,1,0
S01008822,35 to 49,169,141,115,26,28,15,3,4,6,0
S01008822,50 to 64,175,138,129,9,37,9,1,0,20,7
S01008822,65 to 74,52,39,38,1,13,5,0,1,3,4
S01008822,75 to 84,35,20,19,1,15,3,0,0,2,10
S01008822,85 and over,14,7,7,0,7,0,0,0,0,7
S01008823,All people aged 16 and over in households,509,340,292,48,169,106,4,6,16,37
S01008823,16 to 24,43,2,0,2,41,41,0,0,0,0
S01008823,25 to 34,73,39,25,14,34,31,1,2,0,0
S01008823,35 to 49,149,123,100,23,26,18,0,3,5,0
S01008823,50 to 64,129,105,97,8,24,9,2,1,10,2
S01008823,65 to 74,44,31,31,0,13,3,0,0,1,9
S01008823,75 to 84,54,34,33,1,20,2,0,0,0,18
S01008823,85 and over,17,6,6,0,11,2,1,0,0,8
S01008824,All people aged 16 and over in households,833,480,366,114,353,218,7,23,59,46
S01008824,16 to 24,69,14,2,12,55,55,0,0,0,0
S01008824,25 to 34,132,79,39,40,53,53,0,0,0,0
S01008824,35 to 49,268,176,134,42,92,65,0,11,16,0
S01008824,50 to 64,194,115,99,16,79,34,5,7,25,8
S01008824,65 to 74,86,56,53,3,30,4,1,4,14,7
S01008824,75 to 84,63,36,35,1,27,4,1,1,3,18
S01008824,85 and over,21,4,4,0,17,3,0,0,1,13
S01008825,All people aged 16 and over in households,503,330,262,68,173,103,2,12,32,24
S01008825,16 to 24,31,3,0,3,28,28,0,0,0,0
S01008825,25 to 34,101,77,40,37,24,24,0,0,0,0
S01008825,35 to 49,149,108,88,20,41,22,2,8,9,0
S01008825,50 to 64,120,86,78,8,34,16,0,3,13,2
S01008825,65 to 74,46,32,32,0,14,5,0,0,7,2
S01008825,75 to 84,40,21,21,0,19,7,0,1,2,9
S01008825,85 and over,16,3,3,0,13,1,0,0,1,11
S01008826,All people aged 16 and over in households,575,292,204,88,283,202,2,10,41,28
S01008826,16 to 24,59,8,0,8,51,49,2,0,0,0
S01008826,25 to 34,113,64,18,46,49,47,0,1,1,0
S01008826,35 to 49,193,108,85,23,85,69,0,5,11,0
S01008826,50 to 64,131,76,65,11,55,25,0,4,21,5
S01008826,65 to 74,40,25,25,0,15,6,0,0,5,4
S01008826,75 to 84,29,7,7,0,22,6,0,0,2,14
S01008826,85 and over,10,4,4,0,6,0,0,0,1,5
S01008827,All people aged 16 and over in households,536,388,346,42,148,88,7,6,17,30
S01008827,16 to 24,45,0,0,0,45,45,0,0,0,0
S01008827,25 to 34,43,23,11,12,20,17,2,1,0,0
S01008827,35 to 49,172,151,133,18,21,11,2,3,4,1
S01008827,50 to 64,165,143,131,12,22,6,3,2,9,2
S01008827,65 to 74,64,50,50,0,14,3,0,0,2,9
S01008827,75 to 84,36,20,20,0,16,5,0,0,2,9
S01008827,85 and over,11,1,1,0,10,1,0,0,0,9
S01008828,All people aged 16 and over in households,749,450,330,120,299,183,9,12,52,43
S01008828,16 to 24,79,16,3,13,63,62,1,0,0,0
S01008828,25 to 34,134,93,39,54,41,35,1,1,4,0
S01008828,35 to 49,196,140,97,43,56,38,0,2,16,0
S01008828,50 to 64,177,111,103,8,66,26,5,8,23,4
S01008828,65 to 74,79,55,53,2,24,10,1,0,4,9
S01008828,75 to 84,59,26,26,0,33,9,1,1,4,18
S01008828,85 and over,25,9,9,0,16,3,0,0,1,12
S01008829,All people aged 16 and over in households,564,358,308,50,206,128,7,8,21,42
S01008829,16 to 24,58,2,0,2,56,53,2,1,0,0
S01008829,25 to 34,76,47,38,9,29,27,0,2,0,0
S01008829,35 to 49,163,124,98,26,39,26,2,3,7,1
S01008829,50 to 64,129,105,95,10,24,10,1,2,8,3
S01008829,65 to 74,67,52,49,3,15,2,0,0,4,9
S01008829,75 to 84,54,25,25,0,29,7,2,0,2,18
S01008829,85 and over,17,3,3,0,14,3,0,0,0,11
S01008830,All people aged 16 and over in households,559,330,272,58,229,134,2,11,27,55
S01008830,16 to 24,42,1,0,1,41,41,0,0,0,0
S01008830,25 to 34,75,47,35,12,28,28,0,0,0,0
S01008830,35 to 49,183,142,103,39,41,22,0,7,11,1
S01008830,50 to 64,119,83,78,5,36,21,1,4,7,3
S01008830,65 to 74,55,38,37,1,17,5,0,0,3,9
S01008830,75 to 84,49,12,12,0,37,12,1,0,5,19
S01008830,85 and over,36,7,7,0,29,5,0,0,1,23
S01008831,All people aged 16 and over in households,658,418,372,46,240,129,8,11,20,72
S01008831,16 to 24,64,2,0,2,62,62,0,0,0,0
S01008831,25 to 34,34,15,11,4,19,19,0,0,0,0
S01008831,35 to 49,181,151,126,25,30,22,1,3,4,0
S01008831,50 to 64,167,138,125,13,29,8,3,5,10,3
S01008831,65 to 74,106,67,66,1,39,9,1,3,4,22
S01008831,75 to 84,77,38,38,0,39,8,2,0,2,27
S01008831,85 and over,29,7,6,1,22,1,1,0,0,20
S01008832,All people aged 16 and over in households,597,358,306,52,239,132,12,15,38,42
S01008832,16 to 24,56,10,2,8,46,42,4,0,0,0
S01008832,25 to 34,78,35,16,19,43,38,0,2,3,0
S01008832,35 to 49,159,101,89,12,58,29,4,9,16,0
S01008832,50 to 64,130,92,84,8,38,10,3,1,17,7
S01008832,65 to 74,86,67,65,2,19,8,1,2,1,7
S01008832,75 to 84,60,39,37,2,21,4,0,1,1,15
S01008832,85 and over,28,14,13,1,14,1,0,0,0,13
S01008833,All people aged 16 and over in households,861,466,330,136,395,222,7,21,43,102
S01008833,16 to 24,85,9,0,9,76,76,0,0,0,0
S01008833,25 to 34,167,104,50,54,63,61,1,1,0,0
S01008833,35 to 49,236,176,111,65,60,38,2,12,6,2
S01008833,50 to 64,149,92,85,7,57,24,3,5,17,8
S01008833,65 to 74,93,51,51,0,42,11,0,2,13,16
S01008833,75 to 84,79,28,27,1,51,8,0,1,5,37
S01008833,85 and over,52,6,6,0,46,4,1,0,2,39
S01008834,All people aged 16 and over in households,926,560,444,116,366,237,8,12,44,65
S01008834,16 to 24,89,9,0,9,80,79,0,0,0,1
S01008834,25 to 34,144,91,55,36,53,49,1,3,0,0
S01008834,35 to 49,265,197,146,51,68,51,1,4,10,2
S01008834,50 to 64,224,152,134,18,72,29,3,2,26,12
S01008834,65 to 74,107,72,70,2,35,15,2,2,4,12
S01008834,75 to 84,78,34,34,0,44,11,0,1,4,28
S01008834,85 and over,19,5,5,0,14,3,1,0,0,10
S01008835,All people aged 16 and over in households,695,406,340,66,289,177,4,10,41,57
S01008835,16 to 24,69,9,3,6,60,60,0,0,0,0
S01008835,25 to 34,75,48,27,21,27,27,0,0,0,0
S01008835,35 to 49,176,117,89,28,59,42,0,4,12,1
S01008835,50 to 64,201,144,135,9,57,26,1,4,18,8
S01008835,65 to 74,87,51,49,2,36,8,2,2,8,16
S01008835,75 to 84,64,28,28,0,36,10,1,0,2,23
S01008835,85 and over,23,9,9,0,14,4,0,0,1,9
S01008836,All people aged 16 and over in households,606,217,128,89,389,261,11,20,60,37
S01008836,16 to 24,71,11,1,10,60,60,0,0,0,0
S01008836,25 to 34,170,78,32,46,92,86,3,1,1,1
S01008836,35 to 49,175,73,50,23,102,71,3,9,16,3
S01008836,50 to 64,103,27,20,7,76,30,3,8,32,3
S01008836,65 to 74,43,12,9,3,31,7,1,2,9,12
S01008836,75 to 84,26,10,10,0,16,4,1,0,2,9
S01008836,85 and over,18,6,6,0,12,3,0,0,0,9
S01008837,All people aged 16 and over in households,939,460,244,216,479,379,18,23,42,17
S01008837,16 to 24,105,39,4,35,66,66,0,0,0,0
S01008837,25 to 34,403,221,103,118,182,175,5,2,0,0
S01008837,35 to 49,262,122,74,48,140,108,5,14,11,2
S01008837,50 to 64,110,56,42,14,54,21,6,3,23,1
S01008837,65 to 74,38,16,15,1,22,6,1,4,6,5
S01008837,75 to 84,15,4,4,0,11,2,0,0,2,7
S01008837,85 and over,6,2,2,0,4,1,1,0,0,2
S01008838,All people aged 16 and over in households,933,464,258,206,469,363,11,15,47,33
S01008838,16 to 24,99,25,0,25,74,74,0,0,0,0
S01008838,25 to 34,316,184,60,124,132,127,3,2,0,0
S01008838,35 to 49,252,124,87,37,128,102,4,9,13,0
S01008838,50 to 64,154,80,66,14,74,41,0,3,27,3
S01008838,65 to 74,60,31,25,6,29,11,1,1,6,10
S01008838,75 to 84,37,18,18,0,19,6,2,0,1,10
S01008838,85 and over,15,2,2,0,13,2,1,0,0,10
S01008839,All people aged 16 and over in households,915,504,324,180,411,316,13,13,38,31
S01008839,16 to 24,132,44,1,43,88,87,0,1,0,0
S01008839,25 to 34,268,145,62,83,123,114,5,3,1,0
S01008839,35 to 49,262,166,123,43,96,75,5,5,10,1
S01008839,50 to 64,152,95,84,11,57,29,0,4,19,5
S01008839,65 to 74,59,37,37,0,22,6,2,0,6,8
S01008839,75 to 84,34,16,16,0,18,4,0,0,2,12
S01008839,85 and over,8,1,1,0,7,1,1,0,0,5
S01008840,All people aged 16 and over in households,933,494,316,178,439,342,17,13,33,34
S01008840,16 to 24,148,19,1,18,129,129,0,0,0,0
S01008840,25 to 34,253,142,67,75,111,107,1,3,0,0
S01008840,35 to 49,269,174,115,59,95,68,11,7,9,0
S01008840,50 to 64,155,102,81,21,53,26,3,3,16,5
S01008840,65 to 74,45,27,23,4,18,6,0,0,5,7
S01008840,75 to 84,49,26,25,1,23,5,2,0,3,13
S01008840,85 and over,14,4,4,0,10,1,0,0,0,9
S01008841,All people aged 16 and over in households,502,252,134,118,250,194,8,10,21,17
S01008841,16 to 24,73,9,1,8,64,60,4,0,0,0
S01008841,25 to 34,171,94,28,66,77,73,3,0,1,0
S01008841,35 to 49,134,76,44,32,58,44,0,4,9,1
S01008841,50 to 64,71,38,29,9,33,17,1,6,7,2
S01008841,65 to 74,26,21,19,2,5,0,0,0,2,3
S01008841,75 to 84,19,10,9,1,9,0,0,0,2,7
S01008841,85 and over,8,4,4,0,4,0,0,0,0,4
S01008842,All people aged 16 and over in households,789,392,180,212,397,346,12,8,18,13
S01008842,16 to 24,167,41,2,39,126,125,1,0,0,0
S01008842,25 to 34,386,203,71,132,183,178,2,0,3,0
S01008842,35 to 49,143,91,59,32,52,29,8,6,7,2
S01008842,50 to 64,55,35,27,8,20,10,1,2,6,1
S01008842,65 to 74,20,13,13,0,7,2,0,0,1,4
S01008842,75 to 84,13,8,7,1,5,2,0,0,1,2
S01008842,85 and over,5,1,1,0,4,0,0,0,0,4
S01008843,All people aged 16 and over in households,802,342,170,172,460,380,17,15,31,17
S01008843,16 to 24,141,30,4,26,111,111,0,0,0,0
S01008843,25 to 34,329,170,59,111,159,149,7,3,0,0
S01008843,35 to 49,192,89,56,33,103,75,5,9,12,2
S01008843,50 to 64,87,32,31,1,55,33,4,3,14,1
S01008843,65 to 74,27,13,13,0,14,8,0,0,4,2
S01008843,75 to 84,19,8,7,1,11,4,1,0,1,5
S01008843,85 and over,7,0,0,0,7,0,0,0,0,7
S01008844,All people aged 16 and over in households,617,294,150,144,323,271,8,8,26,10
S01008844,16 to 24,134,33,1,32,101,101,0,0,0,0
S01008844,25 to 34,255,123,45,78,132,125,2,0,4,1
S01008844,35 to 49,128,81,57,24,47,34,2,4,7,0
S01008844,50 to 64,63,36,28,8,27,8,2,4,12,1
S01008844,65 to 74,27,19,17,2,8,0,2,0,3,3
S01008844,75 to 84,6,1,1,0,5,2,0,0,0,3
S01008844,85 and over,4,1,1,0,3,1,0,0,0,2
S01008845,All people aged 16 and over in households,793,272,166,106,521,449,14,9,30,19
S01008845,16 to 24,251,24,1,23,227,227,0,0,0,0
S01008845,25 to 34,267,92,38,54,175,167,6,0,2,0
S01008845,35 to 49,150,90,68,22,60,38,4,5,11,2
S01008845,50 to 64,78,44,40,4,34,16,2,3,11,2
S01008845,65 to 74,30,16,15,1,14,1,1,0,6,6
S01008845,75 to 84,11,3,2,1,8,0,1,1,0,6
S01008845,85 and over,6,3,2,1,3,0,0,0,0,3
S01008846,All people aged 16 and over in households,727,292,170,122,435,366,9,10,37,13
S01008846,16 to 24,185,18,2,16,167,165,1,1,0,0
S01008846,25 to 34,203,84,32,52,119,116,2,1,0,0
S01008846,35 to 49,156,92,60,32,64,48,3,3,10,0
S01008846,50 to 64,117,66,48,18,51,25,3,4,16,3
S01008846,65 to 74,44,26,22,4,18,5,0,1,9,3
S01008846,75 to 84,16,5,5,0,11,5,0,0,0,6
S01008846,85 and over,6,1,1,0,5,2,0,0,2,1
S01008847,All people aged 16 and over in households,525,202,110,92,323,272,13,6,19,13
S01008847,16 to 24,143,11,0,11,132,132,0,0,0,0
S01008847,25 to 34,162,80,26,54,82,75,5,1,0,1
S01008847,35 to 49,124,69,50,19,55,36,8,3,6,2
S01008847,50 to 64,56,29,23,6,27,18,0,1,6,2
S01008847,65 to 74,27,11,10,1,16,7,0,0,5,4
S01008847,75 to 84,10,2,1,1,8,2,0,1,2,3
S01008847,85 and over,3,0,0,0,3,2,0,0,0,1
S01008848,All people aged 16 and over in households,704,308,198,110,396,330,11,9,33,13
S01008848,16 to 24,164,12,0,12,152,152,0,0,0,0
S01008848,25 to 34,162,79,23,56,83,80,1,2,0,0
S01008848,35 to 49,190,111,81,30,79,55,4,6,14,0
S01008848,50 to 64,130,75,65,10,55,32,3,1,14,5
S01008848,65 to 74,30,19,17,2,11,6,1,0,3,1
S01008848,75 to 84,24,10,10,0,14,4,2,0,2,6
S01008848,85 and over,4,2,2,0,2,1,0,0,0,1
S01008849,All people aged 16 and over in households,663,280,180,100,383,307,12,10,40,14
S01008849,16 to 24,138,10,0,10,128,128,0,0,0,0
S01008849,25 to 34,180,84,30,54,96,95,1,0,0,0
S01008849,35 to 49,159,81,54,27,78,51,4,7,16,0
S01008849,50 to 64,100,55,48,7,45,22,5,1,15,2
S01008849,65 to 74,53,33,31,2,20,7,2,1,5,5
S01008849,75 to 84,28,16,16,0,12,4,0,1,4,3
S01008849,85 and over,5,1,1,0,4,0,0,0,0,4
S01008850,All people aged 16 and over in households,739,330,238,92,409,321,16,6,45,21
S01008850,16 to 24,178,7,0,7,171,171,0,0,0,0
S01008850,25 to 34,163,66,18,48,97,96,0,0,1,0
S01008850,35 to 49,154,108,86,22,46,29,2,2,11,2
S01008850,50 to 64,146,93,81,12,53,14,11,3,22,3
S01008850,65 to 74,58,38,36,2,20,6,1,1,8,4
S01008850,75 to 84,34,17,16,1,17,5,1,0,3,8
S01008850,85 and over,6,1,1,0,5,0,1,0,0,4
S01008851,All people aged 16 and over in households,951,372,224,148,579,409,22,16,76,56
S01008851,16 to 24,125,18,3,15,107,106,1,0,0,0
S01008851,25 to 34,272,140,47,93,132,127,3,0,2,0
S01008851,35 to 49,220,93,62,31,127,102,7,5,13,0
S01008851,50 to 64,162,72,68,4,90,39,5,7,30,9
S01008851,65 to 74,89,27,24,3,62,23,1,3,25,10
S01008851,75 to 84,63,19,17,2,44,10,3,1,5,25
S01008851,85 and over,20,3,3,0,17,2,2,0,1,12
S01008852,All people aged 16 and over in households,876,478,384,94,398,287,22,8,52,29
S01008852,16 to 24,147,13,2,11,134,134,0,0,0,0
S01008852,25 to 34,139,68,32,36,71,68,3,0,0,0
S01008852,35 to 49,216,142,111,31,74,48,11,2,12,1
S01008852,50 to 64,205,139,127,12,66,25,6,3,28,4
S01008852,65 to 74,101,78,75,3,23,4,1,2,11,5
S01008852,75 to 84,56,34,34,0,22,5,0,1,1,15
S01008852,85 and over,12,4,3,1,8,3,1,0,0,4
S01008853,All people aged 16 and over in households,607,266,140,126,341,281,11,10,33,6
S01008853,16 to 24,132,22,0,22,110,108,0,0,2,0
S01008853,25 to 34,213,108,39,69,105,99,5,0,1,0
S01008853,35 to 49,145,72,45,27,73,52,5,8,5,3
S01008853,50 to 64,86,50,43,7,36,15,1,2,17,1
S01008853,65 to 74,23,12,11,1,11,3,0,0,7,1
S01008853,75 to 84,5,2,2,0,3,1,0,0,1,1
S01008853,85 and over,3,0,0,0,3,3,0,0,0,0
S01008854,All people aged 16 and over in households,844,340,214,126,504,400,18,17,41,28
S01008854,16 to 24,193,14,1,13,179,179,0,0,0,0
S01008854,25 to 34,240,122,49,73,118,108,5,2,3,0
S01008854,35 to 49,194,104,75,29,90,63,5,10,12,0
S01008854,50 to 64,139,65,58,7,74,43,4,5,16,6
S01008854,65 to 74,53,29,25,4,24,5,4,0,7,8
S01008854,75 to 84,18,6,6,0,12,2,0,0,2,8
S01008854,85 and over,7,0,0,0,7,0,0,0,1,6
S01008855,All people aged 16 and over in households,981,432,244,188,549,423,15,17,64,30
S01008855,16 to 24,145,22,0,22,123,123,0,0,0,0
S01008855,25 to 34,334,163,58,105,171,168,2,0,1,0
S01008855,35 to 49,264,135,95,40,129,88,5,6,27,3
S01008855,50 to 64,162,86,68,18,76,33,6,9,25,3
S01008855,65 to 74,40,17,14,3,23,7,1,2,5,8
S01008855,75 to 84,25,9,9,0,16,1,1,0,5,9
S01008855,85 and over,11,0,0,0,11,3,0,0,1,7
S01008856,All people aged 16 and over in households,507,240,128,112,267,217,7,10,25,8
S01008856,16 to 24,72,14,2,12,58,56,2,0,0,0
S01008856,25 to 34,209,94,41,53,115,106,1,3,5,0
S01008856,35 to 49,140,90,50,40,50,36,3,3,7,1
S01008856,50 to 64,53,26,19,7,27,15,1,2,9,0
S01008856,65 to 74,20,10,10,0,10,1,0,2,4,3
S01008856,75 to 84,11,6,6,0,5,3,0,0,0,2
S01008856,85 and over,2,0,0,0,2,0,0,0,0,2
S01008857,All people aged 16 and over in households,693,328,184,144,365,262,7,15,56,25
S01008857,16 to 24,87,17,2,15,70,70,0,0,0,0
S01008857,25 to 34,204,115,53,62,89,83,1,4,1,0
S01008857,35 to 49,193,100,64,36,93,70,2,4,16,1
S01008857,50 to 64,135,64,41,23,71,27,2,7,33,2
S01008857,65 to 74,36,15,8,7,21,7,2,0,4,8
S01008857,75 to 84,28,16,15,1,12,3,0,0,2,7
S01008857,85 and over,10,1,1,0,9,2,0,0,0,7
S01008858,All people aged 16 and over in households,499,234,154,80,265,175,9,11,52,18
S01008858,16 to 24,43,11,1,10,32,32,0,0,0,0
S01008858,25 to 34,127,73,37,36,54,48,3,0,3,0
S01008858,35 to 49,132,70,40,30,62,45,4,5,8,0
S01008858,50 to 64,115,47,44,3,68,34,2,5,26,1
S01008858,65 to 74,50,24,23,1,26,11,0,1,11,3
S01008858,75 to 84,21,7,7,0,14,4,0,0,4,6
S01008858,85 and over,11,2,2,0,9,1,0,0,0,8
S01008859,All people aged 16 and over in households,1031,452,222,230,579,370,21,21,79,88
S01008859,16 to 24,98,30,4,26,68,68,0,0,0,0
S01008859,25 to 34,380,199,47,152,181,169,6,2,3,1
S01008859,35 to 49,229,108,68,40,121,89,6,10,15,1
S01008859,50 to 64,134,53,43,10,81,28,6,7,37,3
S01008859,65 to 74,57,30,29,1,27,3,1,0,9,14
S01008859,75 to 84,81,25,24,1,56,8,1,2,12,33
S01008859,85 and over,52,7,7,0,45,5,1,0,3,36
S01008860,All people aged 16 and over in households,806,374,194,180,432,329,8,15,45,35
S01008860,16 to 24,116,13,1,12,103,103,0,0,0,0
S01008860,25 to 34,259,147,51,96,112,107,2,2,0,1
S01008860,35 to 49,201,107,59,48,94,78,1,3,11,1
S01008860,50 to 64,130,65,43,22,65,29,3,7,18,8
S01008860,65 to 74,50,27,25,2,23,5,1,3,11,3
S01008860,75 to 84,34,15,15,0,19,5,0,0,5,9
S01008860,85 and over,16,0,0,0,16,2,1,0,0,13
S01008861,All people aged 16 and over in households,635,396,320,76,239,162,15,5,28,29
S01008861,16 to 24,68,2,0,2,66,66,0,0,0,0
S01008861,25 to 34,99,60,25,35,39,36,3,0,0,0
S01008861,35 to 49,189,145,117,28,44,35,4,0,5,0
S01008861,50 to 64,161,115,104,11,46,17,7,4,11,7
S01008861,65 to 74,62,41,41,0,21,4,0,1,12,4
S01008861,75 to 84,37,24,24,0,13,3,1,0,0,9
S01008861,85 and over,19,9,9,0,10,1,0,0,0,9
S01008862,All people aged 16 and over in households,828,384,188,196,444,335,11,23,43,32
S01008862,16 to 24,77,34,0,34,43,43,0,0,0,0
S01008862,25 to 34,318,156,45,111,162,156,4,0,2,0
S01008862,35 to 49,206,88,51,37,118,85,4,10,17,2
S01008862,50 to 64,145,66,52,14,79,43,1,12,18,5
S01008862,65 to 74,48,31,31,0,17,4,1,0,4,8
S01008862,75 to 84,20,8,8,0,12,3,0,0,1,8
S01008862,85 and over,14,1,1,0,13,1,1,1,1,9
S01008863,All people aged 16 and over in households,641,342,216,126,299,217,6,10,36,30
S01008863,16 to 24,51,12,2,10,39,37,0,0,2,0
S01008863,25 to 34,226,132,57,75,94,94,0,0,0,0
S01008863,35 to 49,161,98,70,28,63,44,3,7,9,0
S01008863,50 to 64,110,59,46,13,51,29,1,1,15,5
S01008863,65 to 74,44,26,26,0,18,3,1,1,7,6
S01008863,75 to 84,32,13,13,0,19,5,0,1,2,11
S01008863,85 and over,17,2,2,0,15,5,1,0,1,8
S01008864,All people aged 16 and over in households,627,310,200,110,317,206,8,9,38,56
S01008864,16 to 24,68,10,0,10,58,58,0,0,0,0
S01008864,25 to 34,154,91,35,56,63,57,3,1,2,0
S01008864,35 to 49,195,134,95,39,61,43,3,5,9,1
S01008864,50 to 64,77,40,35,5,37,23,0,1,12,1
S01008864,65 to 74,31,13,13,0,18,4,0,2,8,4
S01008864,75 to 84,59,16,16,0,43,14,2,0,5,22
S01008864,85 and over,43,6,6,0,37,7,0,0,2,28
S01008865,All people aged 16 and over in households,744,314,214,100,430,301,4,20,56,49
S01008865,16 to 24,84,11,2,9,73,73,0,0,0,0
S01008865,25 to 34,226,106,44,62,120,114,0,4,2,0
S01008865,35 to 49,201,110,88,22,91,60,2,9,20,0
S01008865,50 to 64,108,56,50,6,52,20,1,6,21,4
S01008865,65 to 74,47,13,13,0,34,17,0,1,8,8
S01008865,75 to 84,56,13,13,0,43,15,1,0,5,22
S01008865,85 and over,22,5,4,1,17,2,0,0,0,15
S01008866,All people aged 16 and over in households,711,356,220,136,355,270,10,11,36,28
S01008866,16 to 24,63,20,2,18,43,42,1,0,0,0
S01008866,25 to 34,240,125,51,74,115,108,4,3,0,0
S01008866,35 to 49,219,125,89,36,94,76,2,6,10,0
S01008866,50 to 64,108,57,49,8,51,34,1,2,10,4
S01008866,65 to 74,40,18,18,0,22,5,2,0,11,4
S01008866,75 to 84,29,9,9,0,20,4,0,0,4,12
S01008866,85 and over,12,2,2,0,10,1,0,0,1,8
S01008867,All people aged 16 and over in households,697,422,318,104,275,172,13,14,43,33
S01008867,16 to 24,53,10,1,9,43,43,0,0,0,0
S01008867,25 to 34,151,95,51,44,56,50,1,2,3,0
S01008867,35 to 49,200,138,109,29,62,37,2,7,13,3
S01008867,50 to 64,159,105,87,18,54,26,5,3,18,2
S01008867,65 to 74,77,51,47,4,26,7,3,2,5,9
S01008867,75 to 84,45,21,21,0,24,7,1,0,3,13
S01008867,85 and over,12,2,2,0,10,2,1,0,1,6
S01008868,All people aged 16 and over in households,683,284,160,124,399,336,12,12,28,11
S01008868,16 to 24,162,27,2,25,135,134,0,0,1,0
S01008868,25 to 34,252,118,41,77,134,128,1,4,1,0
S01008868,35 to 49,135,65,47,18,70,50,6,5,9,0
S01008868,50 to 64,96,55,53,2,41,19,5,1,12,4
S01008868,65 to 74,26,14,13,1,12,3,0,2,3,4
S01008868,75 to 84,9,3,2,1,6,1,0,0,2,3
S01008868,85 and over,3,2,2,0,1,1,0,0,0,0
S01008869,All people aged 16 and over in households,937,490,316,174,447,279,24,12,89,43
S01008869,16 to 24,77,13,1,12,64,64,0,0,0,0
S01008869,25 to 34,231,134,49,85,97,92,4,0,1,0
S01008869,35 to 49,245,140,86,54,105,75,3,6,21,0
S01008869,50 to 64,212,119,97,22,93,31,10,2,47,3
S01008869,65 to 74,95,49,48,1,46,7,6,2,16,15
S01008869,75 to 84,57,27,27,0,30,5,1,2,3,19
S01008869,85 and over,20,8,8,0,12,5,0,0,1,6
S01008870,All people aged 16 and over in households,674,388,266,122,286,192,9,18,44,23
S01008870,16 to 24,48,13,2,11,35,35,0,0,0,0
S01008870,25 to 34,183,110,45,65,73,70,1,1,1,0
S01008870,35 to 49,185,108,75,33,77,55,0,8,14,0
S01008870,50 to 64,149,87,78,9,62,24,5,7,21,5
S01008870,65 to 74,67,46,42,4,21,4,3,2,5,7
S01008870,75 to 84,34,21,21,0,13,4,0,0,3,6
S01008870,85 and over,8,3,3,0,5,0,0,0,0,5
S01008871,All people aged 16 and over in households,940,434,288,146,506,407,7,13,45,34
S01008871,16 to 24,225,19,5,14,206,205,1,0,0,0
S01008871,25 to 34,210,93,36,57,117,114,2,0,1,0
S01008871,35 to 49,214,150,101,49,64,45,2,3,13,1
S01008871,50 to 64,197,126,106,20,71,34,2,5,23,7
S01008871,65 to 74,55,32,26,6,23,5,0,3,5,10
S01008871,75 to 84,30,12,12,0,18,2,0,2,3,11
S01008871,85 and over,9,2,2,0,7,2,0,0,0,5
S01008872,All people aged 16 and over in households,765,338,228,110,427,353,15,10,28,21
S01008872,16 to 24,196,8,2,6,188,188,0,0,0,0
S01008872,25 to 34,195,111,44,67,84,78,3,2,1,0
S01008872,35 to 49,198,127,96,31,71,53,3,4,11,0
S01008872,50 to 64,107,59,53,6,48,22,9,2,10,5
S01008872,65 to 74,45,24,24,0,21,11,0,1,3,6
S01008872,75 to 84,18,6,6,0,12,1,0,1,3,7
S01008872,85 and over,6,3,3,0,3,0,0,0,0,3
S01008873,All people aged 16 and over in households,585,384,286,98,201,132,6,7,27,29
S01008873,16 to 24,65,10,0,10,55,54,1,0,0,0
S01008873,25 to 34,108,70,25,45,38,36,1,0,1,0
S01008873,35 to 49,146,114,90,24,32,23,0,3,6,0
S01008873,50 to 64,170,125,109,16,45,17,1,4,17,6
S01008873,65 to 74,41,33,32,1,8,1,1,0,3,3
S01008873,75 to 84,43,28,26,2,15,1,1,0,0,13
S01008873,85 and over,12,4,4,0,8,0,1,0,0,7
S01008874,All people aged 16 and over in households,774,362,240,122,412,255,19,17,66,55
S01008874,16 to 24,74,6,1,5,68,67,1,0,0,0
S01008874,25 to 34,198,115,49,66,83,76,2,3,2,0
S01008874,35 to 49,223,125,85,40,98,69,9,7,13,0
S01008874,50 to 64,139,62,54,8,77,29,7,6,31,4
S01008874,65 to 74,68,34,32,2,34,8,0,1,13,12
S01008874,75 to 84,52,18,17,1,34,3,0,0,7,24
S01008874,85 and over,20,2,2,0,18,3,0,0,0,15
S01008875,All people aged 16 and over in households,756,312,168,144,444,303,16,18,48,59
S01008875,16 to 24,102,23,3,20,79,78,1,0,0,0
S01008875,25 to 34,264,159,60,99,105,97,4,2,2,0
S01008875,35 to 49,174,59,46,13,115,86,8,7,14,0
S01008875,50 to 64,83,38,28,10,45,19,2,5,17,2
S01008875,65 to 74,39,12,12,0,27,8,0,3,7,9
S01008875,75 to 84,53,14,12,2,39,9,1,1,4,24
S01008875,85 and over,41,7,7,0,34,6,0,0,4,24
S01008876,All people aged 16 and over in households,497,278,234,44,219,104,6,13,19,77
S01008876,16 to 24,43,0,0,0,43,43,0,0,0,0
S01008876,25 to 34,37,24,10,14,13,11,0,0,2,0
S01008876,35 to 49,136,114,94,20,22,14,3,4,1,0
S01008876,50 to 64,117,82,74,8,35,16,0,7,9,3
S01008876,65 to 74,59,27,27,0,32,10,1,2,3,16
S01008876,75 to 84,60,24,23,1,36,5,2,0,4,25
S01008876,85 and over,45,7,6,1,38,5,0,0,0,33
S01008877,All people aged 16 and over in households,444,274,232,42,170,111,2,9,13,35
S01008877,16 to 24,46,1,0,1,45,45,0,0,0,0
S01008877,25 to 34,78,49,31,18,29,28,0,0,0,1
S01008877,35 to 49,140,115,101,14,25,18,2,3,2,0
S01008877,50 to 64,85,66,61,5,19,8,0,2,6,3
S01008877,65 to 74,53,34,30,4,19,4,0,4,2,9
S01008877,75 to 84,34,8,8,0,26,7,0,0,3,16
S01008877,85 and over,8,1,1,0,7,1,0,0,0,6
S01008878,All people aged 16 and over in households,778,430,352,78,348,182,8,20,64,74
S01008878,16 to 24,61,4,0,4,57,57,0,0,0,0
S01008878,25 to 34,102,56,33,23,46,43,1,2,0,0
S01008878,35 to 49,186,128,92,36,58,32,4,7,15,0
S01008878,50 to 64,196,121,111,10,75,23,1,9,33,9
S01008878,65 to 74,94,56,52,4,38,9,2,2,10,15
S01008878,75 to 84,102,57,56,1,45,15,0,0,4,26
S01008878,85 and over,37,8,8,0,29,3,0,0,2,24
S01008879,All people aged 16 and over in households,696,390,292,98,306,168,10,14,49,65
S01008879,16 to 24,69,7,1,6,62,62,0,0,0,0
S01008879,25 to 34,92,69,34,35,23,22,1,0,0,0
S01008879,35 to 49,202,136,93,43,66,44,3,5,14,0
S01008879,50 to 64,173,115,101,14,58,24,2,7,20,5
S01008879,65 to 74,75,40,40,0,35,6,1,0,14,14
S01008879,75 to 84,54,19,19,0,35,6,3,1,1,24
S01008879,85 and over,31,4,4,0,27,4,0,1,0,22
S01008880,All people aged 16 and over in households,502,282,222,60,220,122,7,13,37,41
S01008880,16 to 24,50,4,0,4,46,45,1,0,0,0
S01008880,25 to 34,65,39,21,18,26,26,0,0,0,0
S01008880,35 to 49,139,100,72,28,39,23,3,3,8,2
S01008880,50 to 64,154,96,87,9,58,22,3,8,22,3
S01008880,65 to 74,35,21,20,1,14,1,0,2,7,4
S01008880,75 to 84,43,20,20,0,23,4,0,0,0,19
S01008880,85 and over,16,2,2,0,14,1,0,0,0,13
S01008881,All people aged 16 and over in households,457,290,246,44,167,88,6,9,21,43
S01008881,16 to 24,30,0,0,0,30,30,0,0,0,0
S01008881,25 to 34,44,26,9,17,18,18,0,0,0,0
S01008881,35 to 49,114,75,60,15,39,22,5,5,5,2
S01008881,50 to 64,114,90,79,11,24,8,0,4,11,1
S01008881,65 to 74,79,60,59,1,19,4,1,0,5,9
S01008881,75 to 84,54,31,31,0,23,3,0,0,0,20
S01008881,85 and over,22,8,8,0,14,3,0,0,0,11
S01008882,All people aged 16 and over in households,771,538,460,78,233,149,7,15,26,36
S01008882,16 to 24,82,0,0,0,82,82,0,0,0,0
S01008882,25 to 34,57,41,17,24,16,15,1,0,0,0
S01008882,35 to 49,267,223,190,33,44,31,2,5,5,1
S01008882,50 to 64,235,192,175,17,43,12,1,10,15,5
S01008882,65 to 74,74,55,52,3,19,5,1,0,2,11
S01008882,75 to 84,39,21,20,1,18,2,1,0,4,11
S01008882,85 and over,17,6,6,0,11,2,1,0,0,8
S01008883,All people aged 16 and over in households,694,486,468,18,208,121,8,9,14,56
S01008883,16 to 24,67,0,0,0,67,67,0,0,0,0
S01008883,25 to 34,37,15,14,1,22,20,1,0,1,0
S01008883,35 to 49,189,164,149,15,25,12,4,5,4,0
S01008883,50 to 64,202,175,174,1,27,14,0,3,6,4
S01008883,65 to 74,88,69,68,1,19,4,0,1,0,14
S01008883,75 to 84,83,54,54,0,29,2,3,0,2,22
S01008883,85 and over,28,9,9,0,19,2,0,0,1,16
S01008884,All people aged 16 and over in households,590,402,378,24,188,84,12,7,23,62
S01008884,16 to 24,52,0,0,0,52,52,0,0,0,0
S01008884,25 to 34,22,15,8,7,7,6,1,0,0,0
S01008884,35 to 49,127,111,99,12,16,6,2,2,5,1
S01008884,50 to 64,160,130,125,5,30,14,1,3,9,3
S01008884,65 to 74,101,76,76,0,25,3,1,2,6,13
S01008884,75 to 84,97,53,53,0,44,3,5,0,3,33
S01008884,85 and over,31,17,17,0,14,0,2,0,0,12
S01008885,All people aged 16 and over in households,680,486,462,24,194,112,2,2,22,56
S01008885,16 to 24,69,1,0,1,68,68,0,0,0,0
S01008885,25 to 34,38,20,16,4,18,17,0,1,0,0
S01008885,35 to 49,212,192,179,13,20,11,1,0,7,1
S01008885,50 to 64,205,183,177,6,22,8,1,0,10,3
S01008885,65 to 74,72,56,56,0,16,3,0,0,4,9
S01008885,75 to 84,59,27,27,0,32,4,0,0,1,27
S01008885,85 and over,25,7,7,0,18,1,0,1,0,16
S01008886,All people aged 16 and over in households,698,336,282,54,362,212,18,23,57,52
S01008886,16 to 24,87,3,1,2,84,83,1,0,0,0
S01008886,25 to 34,133,63,33,30,70,61,7,2,0,0
S01008886,35 to 49,136,78,64,14,58,34,5,5,13,1
S01008886,50 to 64,193,114,106,8,79,19,3,15,34,8
S01008886,65 to 74,74,51,51,0,23,8,1,0,8,6
S01008886,75 to 84,53,21,21,0,32,7,0,1,1,23
S01008886,85 and over,22,6,6,0,16,0,1,0,1,14
S01008887,All people aged 16 and over in households,639,368,322,46,271,159,8,10,44,50
S01008887,16 to 24,60,6,3,3,54,54,0,0,0,0
S01008887,25 to 34,79,38,21,17,41,38,1,2,0,0
S01008887,35 to 49,165,121,107,14,44,27,2,3,12,0
S01008887,50 to 64,176,124,115,9,52,24,3,5,17,3
S01008887,65 to 74,64,41,39,2,23,5,0,0,4,14
S01008887,75 to 84,63,27,26,1,36,6,1,0,8,21
S01008887,85 and over,32,11,11,0,21,5,1,0,3,12
S01008888,All people aged 16 and over in households,542,264,152,112,278,170,11,24,37,36
S01008888,16 to 24,63,34,2,32,29,29,0,0,0,0
S01008888,25 to 34,155,88,48,40,67,63,2,1,1,0
S01008888,35 to 49,130,63,35,28,67,42,6,10,9,0
S01008888,50 to 64,114,47,40,7,67,30,3,11,20,3
S01008888,65 to 74,49,24,20,4,25,3,0,2,6,14
S01008888,75 to 84,27,8,7,1,19,3,0,0,1,15
S01008888,85 and over,4,0,0,0,4,0,0,0,0,4
S01008889,All people aged 16 and over in households,459,280,218,62,179,103,12,12,25,27
S01008889,16 to 24,59,12,2,10,47,44,2,0,0,1
S01008889,25 to 34,87,58,29,29,29,27,1,0,1,0
S01008889,35 to 49,110,77,57,20,33,20,1,5,6,1
S01008889,50 to 64,98,67,65,2,31,6,7,5,11,2
S01008889,65 to 74,63,46,45,1,17,2,1,2,5,7
S01008889,75 to 84,34,15,15,0,19,3,0,0,2,14
S01008889,85 and over,8,5,5,0,3,1,0,0,0,2
S01008890,All people aged 16 and over in households,598,416,374,42,182,106,3,3,30,40
S01008890,16 to 24,55,0,0,0,55,54,1,0,0,0
S01008890,25 to 34,41,24,18,6,17,17,0,0,0,0
S01008890,35 to 49,164,138,118,20,26,16,1,0,9,0
S01008890,50 to 64,163,138,129,9,25,7,0,2,14,2
S01008890,65 to 74,74,53,48,5,21,3,1,1,4,12
S01008890,75 to 84,79,56,54,2,23,5,0,0,3,15
S01008890,85 and over,22,7,7,0,15,4,0,0,0,11
S01008891,All people aged 16 and over in households,628,440,404,36,188,101,6,3,30,48
S01008891,16 to 24,52,4,1,3,48,48,0,0,0,0
S01008891,25 to 34,38,21,14,7,17,15,1,1,0,0
S01008891,35 to 49,164,144,127,17,20,9,3,2,3,3
S01008891,50 to 64,190,151,145,6,39,15,1,0,20,3
S01008891,65 to 74,88,68,65,3,20,4,0,0,4,12
S01008891,75 to 84,74,46,46,0,28,9,0,0,3,16
S01008891,85 and over,22,6,6,0,16,1,1,0,0,14
S01008892,All people aged 16 and over in households,837,436,342,94,401,203,15,25,70,88
S01008892,16 to 24,73,11,1,10,62,62,0,0,0,0
S01008892,25 to 34,134,89,51,38,45,44,0,1,0,0
S01008892,35 to 49,189,123,99,24,66,39,5,9,12,1
S01008892,50 to 64,188,122,104,18,66,18,4,6,34,4
S01008892,65 to 74,100,48,45,3,52,14,1,8,17,12
S01008892,75 to 84,96,36,35,1,60,18,2,1,5,34
S01008892,85 and over,57,7,7,0,50,8,3,0,2,37
S01008893,All people aged 16 and over in households,713,522,490,32,191,118,2,7,21,43
S01008893,16 to 24,69,0,0,0,69,69,0,0,0,0
S01008893,25 to 34,53,36,27,9,17,17,0,0,0,0
S01008893,35 to 49,237,209,192,17,28,17,0,6,4,1
S01008893,50 to 64,175,158,152,6,17,4,0,1,11,1
S01008893,65 to 74,88,73,73,0,15,6,0,0,3,6
S01008893,75 to 84,66,39,39,0,27,1,2,0,3,21
S01008893,85 and over,25,7,7,0,18,4,0,0,0,14
S01008894,All people aged 16 and over in households,688,512,480,32,176,116,3,5,19,33
S01008894,16 to 24,68,0,0,0,68,68,0,0,0,0
S01008894,25 to 34,37,20,15,5,17,15,0,1,1,0
S01008894,35 to 49,204,185,172,13,19,13,0,0,5,1
S01008894,50 to 64,207,185,171,14,22,5,0,3,9,5
S01008894,65 to 74,104,88,88,0,16,6,1,0,4,5
S01008894,75 to 84,47,22,22,0,25,6,1,1,0,17
S01008894,85 and over,21,12,12,0,9,3,1,0,0,5
S01008895,All people aged 16 and over in households,547,382,350,32,165,74,10,9,15,57
S01008895,16 to 24,33,1,0,1,32,32,0,0,0,0
S01008895,25 to 34,35,22,17,5,13,12,0,1,0,0
S01008895,35 to 49,188,171,158,13,17,10,0,5,2,0
S01008895,50 to 64,136,103,94,9,33,12,3,1,9,8
S01008895,65 to 74,84,62,59,3,22,2,2,1,4,13
S01008895,75 to 84,49,20,20,0,29,4,2,1,0,22
S01008895,85 and over,22,3,2,1,19,2,3,0,0,14
S01008896,All people aged 16 and over in households,410,318,280,38,92,51,8,7,10,16
S01008896,16 to 24,29,0,0,0,29,29,0,0,0,0
S01008896,25 to 34,40,26,20,6,14,10,4,0,0,0
S01008896,35 to 49,174,162,142,20,12,4,2,3,3,0
S01008896,50 to 64,94,83,74,9,11,4,1,2,4,0
S01008896,65 to 74,37,31,29,2,6,2,0,1,2,1
S01008896,75 to 84,33,16,15,1,17,2,1,1,0,13
S01008896,85 and over,3,0,0,0,3,0,0,0,1,2
S01008897,All people aged 16 and over in households,551,366,326,40,185,93,5,14,28,45
S01008897,16 to 24,37,4,0,4,33,33,0,0,0,0
S01008897,25 to 34,56,28,18,10,28,23,0,2,3,0
S01008897,35 to 49,146,121,104,17,25,16,3,1,4,1
S01008897,50 to 64,146,111,105,6,35,9,0,8,15,3
S01008897,65 to 74,77,51,49,2,26,7,1,2,5,11
S01008897,75 to 84,62,37,36,1,25,4,1,1,1,18
S01008897,85 and over,27,14,14,0,13,1,0,0,0,12
S01008898,All people aged 16 and over in households,689,518,480,38,171,109,1,4,15,42
S01008898,16 to 24,70,2,1,1,68,68,0,0,0,0
S01008898,25 to 34,42,21,15,6,21,20,1,0,0,0
S01008898,35 to 49,188,175,162,13,13,7,0,2,3,1
S01008898,50 to 64,203,179,166,13,24,8,0,2,11,3
S01008898,65 to 74,95,83,78,5,12,0,0,0,1,11
S01008898,75 to 84,70,49,49,0,21,5,0,0,0,16
S01008898,85 and over,21,9,9,0,12,1,0,0,0,11
S01008899,All people aged 16 and over in households,669,257,186,71,412,232,9,20,62,89
S01008899,16 to 24,98,5,0,5,93,91,0,0,2,0
S01008899,25 to 34,109,44,16,28,65,57,2,0,6,0
S01008899,35 to 49,180,88,63,25,92,54,4,11,19,4
S01008899,50 to 64,133,64,51,13,69,26,1,9,22,11
S01008899,65 to 74,70,36,36,0,34,3,1,0,10,20
S01008899,75 to 84,55,17,17,0,38,1,1,0,2,34
S01008899,85 and over,24,3,3,0,21,0,0,0,1,20
S01008900,All people aged 16 and over in households,789,390,294,96,399,247,11,23,46,72
S01008900,16 to 24,120,15,6,9,105,103,2,0,0,0
S01008900,25 to 34,139,73,43,30,66,62,1,2,1,0
S01008900,35 to 49,196,115,75,40,81,57,5,8,9,2
S01008900,50 to 64,177,109,97,12,68,19,1,11,26,11
S01008900,65 to 74,81,46,42,4,35,4,0,1,7,23
S01008900,75 to 84,63,28,28,0,35,2,1,1,3,28
S01008900,85 and over,13,4,3,1,9,0,1,0,0,8
S01008901,All people aged 16 and over in households,685,382,304,78,303,162,6,22,44,69
S01008901,16 to 24,90,14,5,9,76,75,0,0,1,0
S01008901,25 to 34,82,50,34,16,32,29,0,0,3,0
S01008901,35 to 49,184,124,91,33,60,34,2,9,14,1
S01008901,50 to 64,169,115,99,16,54,16,1,10,19,8
S01008901,65 to 74,76,51,48,3,25,5,1,2,5,12
S01008901,75 to 84,57,22,21,1,35,2,2,0,2,29
S01008901,85 and over,27,6,6,0,21,1,0,1,0,19
S01008902,All people aged 16 and over in households,829,378,286,92,451,287,10,24,61,69
S01008902,16 to 24,127,22,9,13,105,102,2,0,0,1
S01008902,25 to 34,185,92,54,38,93,82,5,2,4,0
S01008902,35 to 49,209,116,87,29,93,60,2,12,18,1
S01008902,50 to 64,163,87,75,12,76,32,0,7,29,8
S01008902,65 to 74,67,38,38,0,29,6,1,2,9,11
S01008902,75 to 84,60,18,18,0,42,4,0,1,1,36
S01008902,85 and over,18,5,5,0,13,1,0,0,0,12
S01008903,All people aged 16 and over in households,811,424,358,66,387,196,6,21,73,91
S01008903,16 to 24,81,6,1,5,75,75,0,0,0,0
S01008903,25 to 34,94,52,36,16,42,39,0,1,2,0
S01008903,35 to 49,215,138,112,26,77,50,0,9,15,3
S01008903,50 to 64,196,117,102,15,79,18,3,8,38,12
S01008903,65 to 74,111,69,66,3,42,8,2,1,12,19
S01008903,75 to 84,84,36,35,1,48,5,0,1,5,37
S01008903,85 and over,30,6,6,0,24,1,1,1,1,20
S01008904,All people aged 16 and over in households,810,302,224,78,508,348,27,25,72,36
S01008904,16 to 24,154,16,2,14,138,137,0,1,0,0
S01008904,25 to 34,182,69,43,26,113,96,11,3,3,0
S01008904,35 to 49,239,116,88,28,123,86,11,9,16,1
S01008904,50 to 64,144,70,63,7,74,17,4,9,38,6
S01008904,65 to 74,61,27,24,3,34,8,1,2,10,13
S01008904,75 to 84,26,4,4,0,22,3,0,1,4,14
S01008904,85 and over,4,0,0,0,4,1,0,0,1,2
S01008905,All people aged 16 and over in households,831,310,208,102,521,341,9,44,90,37
S01008905,16 to 24,145,14,2,12,131,128,2,1,0,0
S01008905,25 to 34,190,90,43,47,100,84,4,8,4,0
S01008905,35 to 49,249,93,58,35,156,98,3,21,31,3
S01008905,50 to 64,157,80,72,8,77,17,0,11,39,10
S01008905,65 to 74,62,25,25,0,37,10,0,1,15,11
S01008905,75 to 84,23,6,6,0,17,3,0,2,1,11
S01008905,85 and over,5,2,2,0,3,1,0,0,0,2
S01008906,All people aged 16 and over in households,616,240,154,86,376,252,11,35,66,12
S01008906,16 to 24,95,7,3,4,88,88,0,0,0,0
S01008906,25 to 34,173,78,43,35,95,84,4,4,3,0
S01008906,35 to 49,195,92,55,37,103,55,4,18,24,2
S01008906,50 to 64,116,44,34,10,72,23,2,11,32,4
S01008906,65 to 74,29,15,15,0,14,1,1,2,7,3
S01008906,75 to 84,8,4,4,0,4,1,0,0,0,3
S01008906,85 and over,0,0,0,0,0,0,0,0,0,0
S01008907,All people aged 16 and over in households,437,164,98,66,273,175,5,21,43,29
S01008907,16 to 24,87,13,2,11,74,74,0,0,0,0
S01008907,25 to 34,99,42,19,23,57,50,2,1,4,0
S01008907,35 to 49,119,47,30,17,72,35,3,13,20,1
S01008907,50 to 64,73,38,24,14,35,11,0,6,14,4
S01008907,65 to 74,32,12,11,1,20,5,0,0,4,11
S01008907,75 to 84,22,11,11,0,11,0,0,0,1,10
S01008907,85 and over,5,1,1,0,4,0,0,1,0,3
S01008908,All people aged 16 and over in households,717,336,248,88,381,223,16,33,80,29
S01008908,16 to 24,113,12,3,9,101,97,3,1,0,0
S01008908,25 to 34,133,68,43,25,65,51,2,7,5,0
S01008908,35 to 49,213,115,85,30,98,51,6,17,24,0
S01008908,50 to 64,147,80,61,19,67,17,4,6,34,6
S01008908,65 to 74,75,43,39,4,32,6,1,2,15,8
S01008908,75 to 84,29,15,14,1,14,1,0,0,2,11
S01008908,85 and over,7,3,3,0,4,0,0,0,0,4
S01008909,All people aged 16 and over in households,639,354,292,62,285,193,7,19,36,30
S01008909,16 to 24,107,9,1,8,98,94,1,3,0,0
S01008909,25 to 34,101,51,31,20,50,43,2,3,2,0
S01008909,35 to 49,171,125,101,24,46,30,3,6,7,0
S01008909,50 to 64,161,110,102,8,51,13,1,6,25,6
S01008909,65 to 74,70,43,41,2,27,10,0,1,2,14
S01008909,75 to 84,24,15,15,0,9,3,0,0,0,6
S01008909,85 and over,5,1,1,0,4,0,0,0,0,4
S01008910,All people aged 16 and over in households,374,190,144,46,184,118,4,11,22,29
S01008910,16 to 24,63,6,0,6,57,57,0,0,0,0
S01008910,25 to 34,85,49,27,22,36,33,2,0,1,0
S01008910,35 to 49,108,67,56,11,41,20,0,8,10,3
S01008910,50 to 64,62,41,35,6,21,5,0,2,9,5
S01008910,65 to 74,31,20,20,0,11,1,0,1,1,8
S01008910,75 to 84,16,6,5,1,10,2,2,0,1,5
S01008910,85 and over,9,1,1,0,8,0,0,0,0,8
S01008911,All people aged 16 and over in households,730,389,202,187,341,279,8,10,37,7
S01008911,16 to 24,128,41,6,35,87,86,1,0,0,0
S01008911,25 to 34,342,206,94,112,136,132,1,1,2,0
S01008911,35 to 49,156,82,49,33,74,47,1,7,17,2
S01008911,50 to 64,75,37,30,7,38,13,5,1,15,4
S01008911,65 to 74,21,18,18,0,3,1,0,1,1,0
S01008911,75 to 84,6,5,5,0,1,0,0,0,0,1
S01008911,85 and over,2,0,0,0,2,0,0,0,2,0
S01008912,All people aged 16 and over in households,640,440,350,90,200,119,6,7,25,43
S01008912,16 to 24,67,6,1,5,61,61,0,0,0,0
S01008912,25 to 34,87,70,47,23,17,16,1,0,0,0
S01008912,35 to 49,194,159,128,31,35,24,2,2,6,1
S01008912,50 to 64,170,130,106,24,40,14,2,5,13,6
S01008912,65 to 74,74,53,47,6,21,4,1,0,6,10
S01008912,75 to 84,35,20,19,1,15,0,0,0,0,15
S01008912,85 and over,13,2,2,0,11,0,0,0,0,11
S01008913,All people aged 16 and over in households,514,306,238,68,208,156,8,13,20,11
S01008913,16 to 24,70,10,2,8,60,60,0,0,0,0
S01008913,25 to 34,140,81,59,22,59,53,5,1,0,0
S01008913,35 to 49,180,138,105,33,42,25,0,10,7,0
S01008913,50 to 64,77,50,45,5,27,11,2,2,10,2
S01008913,65 to 74,27,19,19,0,8,3,0,0,2,3
S01008913,75 to 84,14,5,5,0,9,2,0,0,1,6
S01008913,85 and over,6,3,3,0,3,2,1,0,0,0
S01008914,All people aged 16 and over in households,739,406,342,64,333,204,5,15,46,63
S01008914,16 to 24,85,6,3,3,79,78,0,1,0,0
S01008914,25 to 34,80,42,20,22,38,36,1,1,0,0
S01008914,35 to 49,208,135,109,26,73,47,2,8,15,1
S01008914,50 to 64,165,107,94,13,58,27,2,5,16,8
S01008914,65 to 74,92,73,73,0,19,4,0,0,3,12
S01008914,75 to 84,88,34,34,0,54,11,0,0,10,33
S01008914,85 and over,21,9,9,0,12,1,0,0,2,9
S01008915,All people aged 16 and over in households,463,272,230,42,191,127,6,5,16,37
S01008915,16 to 24,73,3,1,2,70,69,1,0,0,0
S01008915,25 to 34,48,27,17,10,21,19,1,0,1,0
S01008915,35 to 49,121,100,80,20,21,12,0,3,6,0
S01008915,50 to 64,112,85,75,10,27,15,1,1,4,6
S01008915,65 to 74,57,34,34,0,23,8,1,1,4,9
S01008915,75 to 84,42,21,21,0,21,3,1,0,1,16
S01008915,85 and over,10,2,2,0,8,1,1,0,0,6
S01008916,All people aged 16 and over in households,897,374,264,110,523,270,7,29,112,105
S01008916,16 to 24,81,18,2,16,63,63,0,0,0,0
S01008916,25 to 34,138,58,32,26,80,72,1,4,3,0
S01008916,35 to 49,209,110,60,50,99,68,2,7,22,0
S01008916,50 to 64,218,106,88,18,112,37,3,11,46,15
S01008916,65 to 74,123,53,53,0,70,16,0,5,31,18
S01008916,75 to 84,102,27,27,0,75,11,1,2,10,51
S01008916,85 and over,26,2,2,0,24,3,0,0,0,21
S01008917,All people aged 16 and over in households,553,178,116,62,375,240,3,30,75,27
S01008917,16 to 24,90,4,1,3,86,85,0,0,1,0
S01008917,25 to 34,125,51,24,27,74,64,1,3,6,0
S01008917,35 to 49,159,66,40,26,93,60,2,12,19,0
S01008917,50 to 64,101,41,36,5,60,22,0,11,26,1
S01008917,65 to 74,49,12,11,1,37,4,0,3,16,14
S01008917,75 to 84,25,4,4,0,21,5,0,1,7,8
S01008917,85 and over,4,0,0,0,4,0,0,0,0,4
S01008918,All people aged 16 and over in households,423,158,112,46,265,170,5,26,52,12
S01008918,16 to 24,68,12,0,12,56,55,0,1,0,0
S01008918,25 to 34,127,59,41,18,68,53,4,2,8,1
S01008918,35 to 49,131,50,41,9,81,45,1,19,16,0
S01008918,50 to 64,72,25,18,7,47,16,0,4,21,6
S01008918,65 to 74,17,8,8,0,9,1,0,0,6,2
S01008918,75 to 84,6,3,3,0,3,0,0,0,1,2
S01008918,85 and over,2,1,1,0,1,0,0,0,0,1
S01008919,All people aged 16 and over in households,404,140,86,54,264,164,7,17,52,24
S01008919,16 to 24,68,13,1,12,55,52,1,0,0,2
S01008919,25 to 34,110,57,31,26,53,44,5,1,3,0
S01008919,35 to 49,128,42,28,14,86,52,1,9,22,2
S01008919,50 to 64,67,16,15,1,51,11,0,7,24,9
S01008919,65 to 74,20,10,9,1,10,2,0,0,3,5
S01008919,75 to 84,9,2,2,0,7,3,0,0,0,4
S01008919,85 and over,2,0,0,0,2,0,0,0,0,2
S01008920,All people aged 16 and over in households,948,510,274,236,438,309,20,24,66,19
S01008920,16 to 24,143,57,9,48,86,84,0,1,1,0
S01008920,25 to 34,376,223,95,128,153,137,6,4,6,0
S01008920,35 to 49,270,153,97,56,117,67,14,9,27,0
S01008920,50 to 64,117,60,57,3,57,18,0,7,24,8
S01008920,65 to 74,30,13,13,0,17,2,0,3,7,5
S01008920,75 to 84,9,4,3,1,5,1,0,0,1,3
S01008920,85 and over,3,0,0,0,3,0,0,0,0,3
S01008921,All people aged 16 and over in households,589,258,180,78,331,200,6,24,66,35
S01008921,16 to 24,86,18,5,13,68,68,0,0,0,0
S01008921,25 to 34,130,62,30,32,68,58,2,6,2,0
S01008921,35 to 49,161,86,65,21,75,45,4,10,15,1
S01008921,50 to 64,117,52,44,8,65,19,0,6,35,5
S01008921,65 to 74,49,22,19,3,27,4,0,2,10,11
S01008921,75 to 84,37,16,15,1,21,6,0,0,4,11
S01008921,85 and over,9,2,2,0,7,0,0,0,0,7
S01008922,All people aged 16 and over in households,648,310,216,94,338,199,6,13,52,68
S01008922,16 to 24,80,15,1,14,65,64,1,0,0,0
S01008922,25 to 34,126,61,21,40,65,59,0,1,5,0
S01008922,35 to 49,172,93,67,26,79,53,3,6,12,5
S01008922,50 to 64,140,99,87,12,41,7,0,6,19,9
S01008922,65 to 74,69,31,31,0,38,9,2,0,10,17
S01008922,75 to 84,37,11,9,2,26,4,0,0,3,19
S01008922,85 and over,24,0,0,0,24,3,0,0,3,18
S01008923,All people aged 16 and over in households,611,252,172,80,359,192,6,19,69,73
S01008923,16 to 24,78,18,1,17,60,59,0,0,0,1
S01008923,25 to 34,120,61,33,28,59,54,3,0,2,0
S01008923,35 to 49,142,72,48,24,70,37,2,9,20,2
S01008923,50 to 64,143,60,50,10,83,30,1,7,37,8
S01008923,65 to 74,61,28,27,1,33,5,0,3,8,17
S01008923,75 to 84,56,13,13,0,43,7,0,0,1,35
S01008923,85 and over,11,0,0,0,11,0,0,0,1,10
S01008924,All people aged 16 and over in households,704,316,230,86,388,250,8,31,57,42
S01008924,16 to 24,137,14,1,13,123,123,0,0,0,0
S01008924,25 to 34,135,50,26,24,85,69,3,10,3,0
S01008924,35 to 49,199,124,91,33,75,41,2,13,19,0
S01008924,50 to 64,167,102,88,14,65,15,3,8,30,9
S01008924,65 to 74,37,19,17,2,18,1,0,0,4,13
S01008924,75 to 84,23,7,7,0,16,0,0,0,1,15
S01008924,85 and over,6,0,0,0,6,1,0,0,0,5
S01008925,All people aged 16 and over in households,502,270,188,82,232,165,16,12,27,12
S01008925,16 to 24,87,10,0,10,77,73,4,0,0,0
S01008925,25 to 34,136,82,45,37,54,46,3,2,3,0
S01008925,35 to 49,141,85,65,20,56,34,9,4,8,1
S01008925,50 to 64,108,78,64,14,30,9,0,5,14,2
S01008925,65 to 74,24,12,11,1,12,3,0,1,1,7
S01008925,75 to 84,5,3,3,0,2,0,0,0,1,1
S01008925,85 and over,1,0,0,0,1,0,0,0,0,1
S01008926,All people aged 16 and over in households,475,292,204,88,183,122,8,14,25,14
S01008926,16 to 24,68,12,5,7,56,55,0,1,0,0
S01008926,25 to 34,113,74,42,32,39,35,0,3,1,0
S01008926,35 to 49,139,96,65,31,43,25,4,9,4,1
S01008926,50 to 64,106,78,64,14,28,6,4,1,14,3
S01008926,65 to 74,36,28,24,4,8,0,0,0,5,3
S01008926,75 to 84,11,4,4,0,7,0,0,0,1,6
S01008926,85 and over,2,0,0,0,2,1,0,0,0,1
S01008927,All people aged 16 and over in households,657,378,174,204,279,198,10,20,39,12
S01008927,16 to 24,111,50,3,47,61,60,0,0,0,1
S01008927,25 to 34,316,213,82,131,103,87,3,9,4,0
S01008927,35 to 49,139,81,57,24,58,37,6,4,11,0
S01008927,50 to 64,70,28,26,2,42,12,1,7,16,6
S01008927,65 to 74,15,5,5,0,10,1,0,0,7,2
S01008927,75 to 84,5,1,1,0,4,0,0,0,1,3
S01008927,85 and over,1,0,0,0,1,1,0,0,0,0
S01008928,All people aged 16 and over in households,528,304,208,96,224,140,2,13,23,46
S01008928,16 to 24,78,25,1,24,53,53,0,0,0,0
S01008928,25 to 34,144,86,38,48,58,52,1,2,2,1
S01008928,35 to 49,82,48,36,12,34,20,0,6,8,0
S01008928,50 to 64,86,55,44,11,31,15,1,3,8,4
S01008928,65 to 74,70,52,51,1,18,0,0,1,3,14
S01008928,75 to 84,58,34,34,0,24,0,0,1,2,21
S01008928,85 and over,10,4,4,0,6,0,0,0,0,6
S01008929,All people aged 16 and over in households,631,164,90,74,467,319,7,38,82,21
S01008929,16 to 24,129,25,3,22,104,102,1,0,1,0
S01008929,25 to 34,137,47,20,27,90,79,3,6,1,1
S01008929,35 to 49,175,43,23,20,132,93,1,13,23,2
S01008929,50 to 64,139,37,32,5,102,37,1,16,43,5
S01008929,65 to 74,31,6,6,0,25,4,0,3,13,5
S01008929,75 to 84,16,6,6,0,10,3,1,0,1,5
S01008929,85 and over,4,0,0,0,4,1,0,0,0,3
S01008930,All people aged 16 and over in households,683,262,186,76,421,255,3,37,78,48
S01008930,16 to 24,106,10,3,7,96,94,0,0,0,2
S01008930,25 to 34,134,57,30,27,77,68,0,6,3,0
S01008930,35 to 49,193,95,67,28,98,51,3,15,26,3
S01008930,50 to 64,152,73,59,14,79,29,0,10,34,6
S01008930,65 to 74,49,13,13,0,36,8,0,4,13,11
S01008930,75 to 84,41,12,12,0,29,3,0,2,2,22
S01008930,85 and over,8,2,2,0,6,2,0,0,0,4
S01008931,All people aged 16 and over in households,594,238,170,68,356,223,4,27,56,46
S01008931,16 to 24,113,13,4,9,100,99,0,1,0,0
S01008931,25 to 34,88,28,9,19,60,52,1,5,2,0
S01008931,35 to 49,171,97,66,31,74,45,1,15,12,1
S01008931,50 to 64,126,58,52,6,68,23,1,6,32,6
S01008931,65 to 74,49,21,20,1,28,2,0,0,9,17
S01008931,75 to 84,42,20,19,1,22,2,1,0,1,18
S01008931,85 and over,5,1,0,1,4,0,0,0,0,4
S01008932,All people aged 16 and over in households,694,358,224,134,336,241,7,22,37,29
S01008932,16 to 24,128,35,8,27,93,92,0,1,0,0
S01008932,25 to 34,250,142,73,69,108,97,1,5,5,0
S01008932,35 to 49,178,106,73,33,72,43,5,8,14,2
S01008932,50 to 64,76,48,43,5,28,6,1,7,11,3
S01008932,65 to 74,30,17,17,0,13,1,0,1,5,6
S01008932,75 to 84,27,10,10,0,17,2,0,0,2,13
S01008932,85 and over,5,0,0,0,5,0,0,0,0,5
S01008933,All people aged 16 and over in households,505,246,174,72,259,174,6,21,41,17
S01008933,16 to 24,96,15,4,11,81,78,1,2,0,0
S01008933,25 to 34,121,65,41,24,56,47,3,3,3,0
S01008933,35 to 49,153,92,73,19,61,38,2,7,12,2
S01008933,50 to 64,97,57,44,13,40,9,0,6,21,4
S01008933,65 to 74,24,13,9,4,11,0,0,2,4,5
S01008933,75 to 84,13,4,3,1,9,2,0,1,1,5
S01008933,85 and over,1,0,0,0,1,0,0,0,0,1
S01008934,All people aged 16 and over in households,594,284,196,88,310,205,5,21,48,31
S01008934,16 to 24,100,14,5,9,86,86,0,0,0,0
S01008934,25 to 34,118,68,36,32,50,45,1,3,1,0
S01008934,35 to 49,196,127,92,35,69,49,4,7,9,0
S01008934,50 to 64,110,49,38,11,61,19,0,7,25,10
S01008934,65 to 74,43,17,16,1,26,4,0,3,10,9
S01008934,75 to 84,23,9,9,0,14,1,0,1,3,9
S01008934,85 and over,4,0,0,0,4,1,0,0,0,3
S01008935,All people aged 16 and over in households,732,480,426,54,252,150,3,11,30,58
S01008935,16 to 24,94,15,1,14,79,79,0,0,0,0
S01008935,25 to 34,74,36,23,13,38,35,1,1,1,0
S01008935,35 to 49,187,146,129,17,41,20,2,8,11,0
S01008935,50 to 64,166,135,126,9,31,9,0,2,12,8
S01008935,65 to 74,92,74,73,1,18,6,0,0,4,8
S01008935,75 to 84,95,64,64,0,31,1,0,0,2,28
S01008935,85 and over,24,10,10,0,14,0,0,0,0,14
S01008936,All people aged 16 and over in households,300,230,208,22,70,33,2,2,12,21
S01008936,16 to 24,19,0,0,0,19,18,0,0,0,1
S01008936,25 to 34,23,17,14,3,6,6,0,0,0,0
S01008936,35 to 49,105,94,80,14,11,5,1,2,3,0
S01008936,50 to 64,74,62,59,3,12,2,0,0,7,3
S01008936,65 to 74,48,41,39,2,7,0,0,0,1,6
S01008936,75 to 84,24,13,13,0,11,1,1,0,1,8
S01008936,85 and over,7,3,3,0,4,1,0,0,0,3
S01008937,All people aged 16 and over in households,694,372,288,84,322,165,6,15,60,76
S01008937,16 to 24,68,14,2,12,54,54,0,0,0,0
S01008937,25 to 34,86,49,30,19,37,32,2,2,1,0
S01008937,35 to 49,199,129,97,32,70,43,2,6,18,1
S01008937,50 to 64,149,98,84,14,51,17,1,6,19,8
S01008937,65 to 74,97,53,47,6,44,12,1,1,16,14
S01008937,75 to 84,64,22,21,1,42,4,0,0,6,32
S01008937,85 and over,31,7,7,0,24,3,0,0,0,21
S01008938,All people aged 16 and over in households,583,412,364,48,171,111,1,4,12,43
S01008938,16 to 24,68,1,1,0,67,67,0,0,0,0
S01008938,25 to 34,34,19,10,9,15,15,0,0,0,0
S01008938,35 to 49,198,175,146,29,23,13,1,3,6,0
S01008938,50 to 64,119,102,93,9,17,5,0,1,5,6
S01008938,65 to 74,59,48,47,1,11,3,0,0,0,8
S01008938,75 to 84,79,56,56,0,23,5,0,0,1,17
S01008938,85 and over,26,11,11,0,15,3,0,0,0,12
S01008939,All people aged 16 and over in households,659,422,380,42,237,149,10,6,21,51
S01008939,16 to 24,98,3,1,2,95,94,0,0,1,0
S01008939,25 to 34,43,28,21,7,15,15,0,0,0,0
S01008939,35 to 49,157,123,97,26,34,17,3,4,10,0
S01008939,50 to 64,160,132,125,7,28,11,3,2,6,6
S01008939,65 to 74,90,72,72,0,18,4,0,0,4,10
S01008939,75 to 84,83,52,52,0,31,7,1,0,0,23
S01008939,85 and over,28,12,12,0,16,1,3,0,0,12
S01008940,All people aged 16 and over in households,508,396,374,22,112,68,3,3,12,26
S01008940,16 to 24,39,1,0,1,38,38,0,0,0,0
S01008940,25 to 34,27,14,14,0,13,13,0,0,0,0
S01008940,35 to 49,127,113,100,13,14,6,1,1,5,1
S01008940,50 to 64,133,121,115,6,12,2,1,2,6,1
S01008940,65 to 74,91,81,80,1,10,5,0,0,1,4
S01008940,75 to 84,74,56,56,0,18,3,1,0,0,14
S01008940,85 and over,17,10,9,1,7,1,0,0,0,6
S01008941,All people aged 16 and over in households,659,482,442,40,177,87,1,13,25,51
S01008941,16 to 24,47,5,0,5,42,42,0,0,0,0
S01008941,25 to 34,56,37,29,8,19,17,0,1,1,0
S01008941,35 to 49,219,188,169,19,31,14,0,9,8,0
S01008941,50 to 64,147,122,114,8,25,5,1,2,13,4
S01008941,65 to 74,95,81,81,0,14,4,0,1,1,8
S01008941,75 to 84,69,44,44,0,25,2,0,0,2,21
S01008941,85 and over,26,5,5,0,21,3,0,0,0,18
S01008942,All people aged 16 and over in households,581,356,296,60,225,124,5,23,43,30
S01008942,16 to 24,57,7,3,4,50,50,0,0,0,0
S01008942,25 to 34,65,41,20,21,24,22,0,1,1,0
S01008942,35 to 49,189,135,111,24,54,25,0,13,15,1
S01008942,50 to 64,139,99,88,11,40,15,2,6,16,1
S01008942,65 to 74,58,33,33,0,25,8,1,1,10,5
S01008942,75 to 84,52,31,31,0,21,3,1,2,1,14
S01008942,85 and over,21,10,10,0,11,1,1,0,0,9
S01008943,All people aged 16 and over in households,662,496,464,32,166,87,5,7,18,49
S01008943,16 to 24,48,1,1,0,47,47,0,0,0,0
S01008943,25 to 34,38,16,12,4,22,20,0,2,0,0
S01008943,35 to 49,174,150,135,15,24,11,3,3,6,1
S01008943,50 to 64,185,170,162,8,15,3,1,2,5,4
S01008943,65 to 74,137,110,106,4,27,2,0,0,6,19
S01008943,75 to 84,65,41,40,1,24,2,1,0,1,20
S01008943,85 and over,15,8,8,0,7,2,0,0,0,5
S01008944,All people aged 16 and over in households,809,580,520,60,229,100,5,23,31,70
S01008944,16 to 24,60,0,0,0,60,59,0,1,0,0
S01008944,25 to 34,48,29,16,13,19,17,0,0,2,0
S01008944,35 to 49,207,173,145,28,34,8,3,14,8,1
S01008944,50 to 64,237,201,186,15,36,11,1,5,9,10
S01008944,65 to 74,134,113,110,3,21,1,0,3,6,11
S01008944,75 to 84,84,49,48,1,35,3,1,0,5,26
S01008944,85 and over,39,15,15,0,24,1,0,0,1,22
S01008945,All people aged 16 and over in households,630,482,434,48,148,90,3,5,9,41
S01008945,16 to 24,61,6,3,3,55,55,0,0,0,0
S01008945,25 to 34,46,29,19,10,17,17,0,0,0,0
S01008945,35 to 49,163,144,128,16,19,9,1,5,4,0
S01008945,50 to 64,215,198,179,19,17,7,2,0,5,3
S01008945,65 to 74,73,61,61,0,12,1,0,0,0,11
S01008945,75 to 84,51,34,34,0,17,0,0,0,0,17
S01008945,85 and over,21,10,10,0,11,1,0,0,0,10
S01008946,All people aged 16 and over in households,769,514,484,30,255,136,15,11,28,65
S01008946,16 to 24,79,2,0,2,77,73,4,0,0,0
S01008946,25 to 34,46,14,8,6,32,30,0,1,0,1
S01008946,35 to 49,178,146,132,14,32,13,4,6,8,1
S01008946,50 to 64,222,189,183,6,33,4,5,4,14,6
S01008946,65 to 74,111,86,84,2,25,6,0,0,5,14
S01008946,75 to 84,99,58,58,0,41,7,1,0,1,32
S01008946,85 and over,34,19,19,0,15,3,1,0,0,11
S01008947,All people aged 16 and over in households,870,590,550,40,280,132,8,13,34,93
S01008947,16 to 24,81,0,0,0,81,81,0,0,0,0
S01008947,25 to 34,59,36,26,10,23,20,0,1,2,0
S01008947,35 to 49,217,191,171,20,26,11,3,5,7,0
S01008947,50 to 64,211,178,171,7,33,8,1,6,13,5
S01008947,65 to 74,113,87,85,2,26,4,0,1,6,15
S01008947,75 to 84,139,84,84,0,55,2,2,0,4,47
S01008947,85 and over,50,14,13,1,36,6,2,0,2,26
S01008948,All people aged 16 and over in households,571,388,336,52,183,114,4,7,27,31
S01008948,16 to 24,62,1,0,1,61,61,0,0,0,0
S01008948,25 to 34,64,43,30,13,21,18,1,1,1,0
S01008948,35 to 49,173,146,117,29,27,14,2,2,7,2
S01008948,50 to 64,172,140,132,8,32,12,0,2,15,3
S01008948,65 to 74,51,39,38,1,12,4,0,2,4,2
S01008948,75 to 84,34,18,18,0,16,2,1,0,0,13
S01008948,85 and over,15,1,1,0,14,3,0,0,0,11
S01008949,All people aged 16 and over in households,752,416,328,88,336,196,7,9,45,79
S01008949,16 to 24,107,10,2,8,97,97,0,0,0,0
S01008949,25 to 34,85,47,27,20,38,36,2,0,0,0
S01008949,35 to 49,220,160,114,46,60,39,2,5,13,1
S01008949,50 to 64,154,102,94,8,52,20,2,4,21,5
S01008949,65 to 74,87,63,62,1,24,3,0,0,6,15
S01008949,75 to 84,66,28,23,5,38,1,0,0,4,33
S01008949,85 and over,33,6,6,0,27,0,1,0,1,25
S01008950,All people aged 16 and over in households,775,414,356,58,361,201,6,20,39,95
S01008950,16 to 24,109,2,0,2,107,107,0,0,0,0
S01008950,25 to 34,77,51,28,23,26,24,1,1,0,0
S01008950,35 to 49,212,149,129,20,63,38,1,8,16,0
S01008950,50 to 64,172,119,109,10,53,24,2,9,13,5
S01008950,65 to 74,81,51,50,1,30,4,0,2,5,19
S01008950,75 to 84,75,29,27,2,46,4,1,0,4,37
S01008950,85 and over,49,13,13,0,36,0,1,0,1,34
S01008951,All people aged 16 and over in households,708,328,228,100,380,210,5,22,63,80
S01008951,16 to 24,79,14,2,12,65,63,0,2,0,0
S01008951,25 to 34,158,95,34,61,63,59,2,0,2,0
S01008951,35 to 49,166,78,61,17,88,56,2,8,18,4
S01008951,50 to 64,141,71,61,10,70,19,1,10,31,9
S01008951,65 to 74,79,37,37,0,42,8,0,2,9,23
S01008951,75 to 84,57,27,27,0,30,3,0,0,2,25
S01008951,85 and over,28,6,6,0,22,2,0,0,1,19
S01008952,All people aged 16 and over in households,663,266,182,84,397,243,12,15,61,66
S01008952,16 to 24,111,21,2,19,90,89,1,0,0,0
S01008952,25 to 34,149,68,39,29,81,72,6,1,2,0
S01008952,35 to 49,163,81,57,24,82,52,2,8,14,6
S01008952,50 to 64,133,59,47,12,74,24,2,6,33,9
S01008952,65 to 74,53,23,23,0,30,3,0,0,8,19
S01008952,75 to 84,42,11,11,0,31,2,1,0,4,24
S01008952,85 and over,12,3,3,0,9,1,0,0,0,8
S01008953,All people aged 16 and over in households,752,380,320,60,372,197,7,28,58,82
S01008953,16 to 24,111,13,1,12,98,97,0,1,0,0
S01008953,25 to 34,92,53,34,19,39,34,1,3,1,0
S01008953,35 to 49,195,131,111,20,64,31,3,12,18,0
S01008953,50 to 64,158,88,80,8,70,23,0,11,26,10
S01008953,65 to 74,68,43,42,1,25,6,0,1,7,11
S01008953,75 to 84,96,44,44,0,52,4,3,0,6,39
S01008953,85 and over,32,8,8,0,24,2,0,0,0,22
S01008954,All people aged 16 and over in households,706,328,268,60,378,188,7,19,55,109
S01008954,16 to 24,68,9,2,7,59,59,0,0,0,0
S01008954,25 to 34,110,52,31,21,58,48,4,4,2,0
S01008954,35 to 49,171,118,98,20,53,36,1,3,13,0
S01008954,50 to 64,134,61,54,7,73,34,1,11,22,5
S01008954,65 to 74,86,50,46,4,36,6,0,1,9,20
S01008954,75 to 84,95,34,33,1,61,2,0,0,7,52
S01008954,85 and over,42,4,4,0,38,3,1,0,2,32
S01008955,All people aged 16 and over in households,527,308,270,38,219,137,2,8,29,43
S01008955,16 to 24,69,3,2,1,66,66,0,0,0,0
S01008955,25 to 34,71,36,25,11,35,31,1,1,0,2
S01008955,35 to 49,142,103,85,18,39,23,0,5,9,2
S01008955,50 to 64,147,116,108,8,31,12,0,2,13,4
S01008955,65 to 74,47,30,30,0,17,3,1,0,6,7
S01008955,75 to 84,39,14,14,0,25,1,0,0,1,23
S01008955,85 and over,12,6,6,0,6,1,0,0,0,5
S01008956,All people aged 16 and over in households,727,412,322,90,315,206,5,16,58,30
S01008956,16 to 24,99,12,0,12,87,85,2,0,0,0
S01008956,25 to 34,139,76,40,36,63,57,1,2,3,0
S01008956,35 to 49,202,128,98,30,74,41,0,7,21,5
S01008956,50 to 64,203,149,140,9,54,18,2,6,23,5
S01008956,65 to 74,49,30,28,2,19,5,0,1,11,2
S01008956,75 to 84,30,16,15,1,14,0,0,0,0,14
S01008956,85 and over,5,1,1,0,4,0,0,0,0,4
S01008957,All people aged 16 and over in households,809,468,380,88,341,211,14,28,50,38
S01008957,16 to 24,109,15,3,12,94,91,3,0,0,0
S01008957,25 to 34,113,65,37,28,48,41,0,4,2,1
S01008957,35 to 49,220,132,102,30,88,52,7,15,13,1
S01008957,50 to 64,206,144,130,14,62,20,4,7,26,5
S01008957,65 to 74,90,64,62,2,26,5,0,2,7,12
S01008957,75 to 84,58,41,39,2,17,1,0,0,2,14
S01008957,85 and over,13,7,7,0,6,1,0,0,0,5
S01008958,All people aged 16 and over in households,605,264,204,60,341,172,4,18,75,72
S01008958,16 to 24,54,3,0,3,51,51,0,0,0,0
S01008958,25 to 34,103,59,26,33,44,41,0,3,0,0
S01008958,35 to 49,159,91,77,14,68,39,3,5,18,3
S01008958,50 to 64,143,76,66,10,67,25,1,4,30,7
S01008958,65 to 74,57,18,18,0,39,8,0,3,14,14
S01008958,75 to 84,62,12,12,0,50,7,0,3,11,29
S01008958,85 and over,27,5,5,0,22,1,0,0,2,19
S01008959,All people aged 16 and over in households,719,426,368,58,293,180,7,17,44,45
S01008959,16 to 24,94,13,4,9,81,81,0,0,0,0
S01008959,25 to 34,97,48,37,11,49,45,0,3,1,0
S01008959,35 to 49,176,127,110,17,49,29,1,8,10,1
S01008959,50 to 64,218,161,143,18,57,20,3,4,25,5
S01008959,65 to 74,67,48,45,3,19,2,0,2,5,10
S01008959,75 to 84,50,26,26,0,24,3,1,0,3,17
S01008959,85 and over,17,3,3,0,14,0,2,0,0,12
S01008960,All people aged 16 and over in households,672,490,426,64,182,131,6,12,23,10
S01008960,16 to 24,95,11,2,9,84,84,0,0,0,0
S01008960,25 to 34,108,86,66,20,22,22,0,0,0,0
S01008960,35 to 49,272,230,209,21,42,18,4,11,9,0
S01008960,50 to 64,167,142,129,13,25,5,2,1,12,5
S01008960,65 to 74,19,15,14,1,4,2,0,0,1,1
S01008960,75 to 84,11,6,6,0,5,0,0,0,1,4
S01008960,85 and over,0,0,0,0,0,0,0,0,0,0
S01008961,All people aged 16 and over in households,601,374,304,70,227,157,4,12,31,23
S01008961,16 to 24,87,12,1,11,75,75,0,0,0,0
S01008961,25 to 34,98,58,30,28,40,40,0,0,0,0
S01008961,35 to 49,158,113,87,26,45,27,0,7,11,0
S01008961,50 to 64,156,115,110,5,41,13,3,5,13,7
S01008961,65 to 74,71,58,58,0,13,2,0,0,4,7
S01008961,75 to 84,25,17,17,0,8,0,1,0,3,4
S01008961,85 and over,6,1,1,0,5,0,0,0,0,5
S01008962,All people aged 16 and over in households,530,352,298,54,178,109,1,11,26,31
S01008962,16 to 24,46,0,0,0,46,46,0,0,0,0
S01008962,25 to 34,81,47,27,20,34,34,0,0,0,0
S01008962,35 to 49,128,102,79,23,26,11,0,8,7,0
S01008962,50 to 64,170,140,129,11,30,10,1,3,10,6
S01008962,65 to 74,56,35,35,0,21,6,0,0,7,8
S01008962,75 to 84,36,26,26,0,10,2,0,0,1,7
S01008962,85 and over,13,2,2,0,11,0,0,0,1,10
S01008963,All people aged 16 and over in households,670,464,420,44,206,125,4,10,12,55
S01008963,16 to 24,65,7,0,7,58,58,0,0,0,0
S01008963,25 to 34,52,27,13,14,25,22,0,3,0,0
S01008963,35 to 49,164,133,125,8,31,17,2,5,5,2
S01008963,50 to 64,193,166,152,14,27,14,0,2,5,6
S01008963,65 to 74,97,77,76,1,20,4,0,0,2,14
S01008963,75 to 84,79,47,47,0,32,8,2,0,0,22
S01008963,85 and over,20,7,7,0,13,2,0,0,0,11
S01008964,All people aged 16 and over in households,437,300,284,16,137,86,1,4,8,38
S01008964,16 to 24,60,2,0,2,58,58,0,0,0,0
S01008964,25 to 34,26,12,10,2,14,13,1,0,0,0
S01008964,35 to 49,108,103,96,7,5,4,0,1,0,0
S01008964,50 to 64,99,77,74,3,22,6,0,3,8,5
S01008964,65 to 74,60,52,52,0,8,2,0,0,0,6
S01008964,75 to 84,69,47,46,1,22,1,0,0,0,21
S01008964,85 and over,15,7,6,1,8,2,0,0,0,6
S01008965,All people aged 16 and over in households,628,444,420,24,184,97,5,5,11,66
S01008965,16 to 24,54,2,0,2,52,52,0,0,0,0
S01008965,25 to 34,31,14,12,2,17,17,0,0,0,0
S01008965,35 to 49,137,122,109,13,15,6,2,4,2,1
S01008965,50 to 64,183,161,155,6,22,11,2,1,2,6
S01008965,65 to 74,111,87,86,1,24,5,0,0,7,12
S01008965,75 to 84,80,51,51,0,29,2,0,0,0,27
S01008965,85 and over,32,7,7,0,25,4,1,0,0,20
S01008966,All people aged 16 and over in households,483,342,312,30,141,73,1,3,18,46
S01008966,16 to 24,51,3,1,2,48,48,0,0,0,0
S01008966,25 to 34,44,32,26,6,12,10,0,0,2,0
S01008966,35 to 49,114,106,92,14,8,3,0,2,2,1
S01008966,50 to 64,146,127,121,6,19,9,0,0,9,1
S01008966,65 to 74,56,37,36,1,19,0,0,0,4,15
S01008966,75 to 84,55,29,28,1,26,1,1,1,1,22
S01008966,85 and over,17,8,8,0,9,2,0,0,0,7
S01008967,All people aged 16 and over in households,848,598,554,44,250,149,6,12,19,64
S01008967,16 to 24,54,1,1,0,53,53,0,0,0,0
S01008967,25 to 34,72,29,22,7,43,42,0,1,0,0
S01008967,35 to 49,231,192,171,21,39,25,1,8,4,1
S01008967,50 to 64,238,201,185,16,37,15,3,2,8,9
S01008967,65 to 74,116,97,97,0,19,4,0,1,4,10
S01008967,75 to 84,110,74,74,0,36,8,1,0,3,24
S01008967,85 and over,27,4,4,0,23,2,1,0,0,20
S01008968,All people aged 16 and over in households,824,578,542,36,246,155,8,9,21,53
S01008968,16 to 24,94,0,0,0,94,94,0,0,0,0
S01008968,25 to 34,69,41,38,3,28,26,2,0,0,0
S01008968,35 to 49,220,185,160,25,35,22,2,5,6,0
S01008968,50 to 64,223,192,188,4,31,9,3,3,8,8
S01008968,65 to 74,101,86,86,0,15,1,1,0,3,10
S01008968,75 to 84,102,67,64,3,35,3,0,1,3,28
S01008968,85 and over,15,7,6,1,8,0,0,0,1,7
S01008969,All people aged 16 and over in households,897,608,538,70,289,154,6,19,38,72
S01008969,16 to 24,89,6,4,2,83,83,0,0,0,0
S01008969,25 to 34,99,72,48,24,27,23,1,3,0,0
S01008969,35 to 49,231,181,153,28,50,29,3,10,6,2
S01008969,50 to 64,228,179,165,14,49,15,0,3,26,5
S01008969,65 to 74,119,97,95,2,22,2,0,3,3,14
S01008969,75 to 84,103,67,67,0,36,1,1,0,3,31
S01008969,85 and over,28,6,6,0,22,1,1,0,0,20
S01008970,All people aged 16 and over in households,838,570,484,86,268,162,4,17,27,58
S01008970,16 to 24,87,9,0,9,78,78,0,0,0,0
S01008970,25 to 34,88,51,19,32,37,37,0,0,0,0
S01008970,35 to 49,257,214,178,36,43,27,2,7,7,0
S01008970,50 to 64,222,181,174,7,41,13,2,10,10,6
S01008970,65 to 74,98,74,72,2,24,2,0,0,9,13
S01008970,75 to 84,69,38,38,0,31,4,0,0,1,26
S01008970,85 and over,17,3,3,0,14,1,0,0,0,13
S01008971,All people aged 16 and over in households,568,426,374,52,142,94,6,2,17,23
S01008971,16 to 24,58,0,0,0,58,58,0,0,0,0
S01008971,25 to 34,56,40,25,15,16,15,0,0,1,0
S01008971,35 to 49,154,134,114,20,20,12,2,2,4,0
S01008971,50 to 64,188,170,155,15,18,4,2,0,9,3
S01008971,65 to 74,66,60,58,2,6,2,0,0,0,4
S01008971,75 to 84,40,22,22,0,18,2,2,0,2,12
S01008971,85 and over,6,0,0,0,6,1,0,0,1,4
S01008972,All people aged 16 and over in households,605,438,390,48,167,106,2,6,15,38
S01008972,16 to 24,61,4,2,2,57,57,0,0,0,0
S01008972,25 to 34,57,36,18,18,21,20,1,0,0,0
S01008972,35 to 49,188,160,148,12,28,16,1,2,8,1
S01008972,50 to 64,152,128,117,11,24,10,0,4,5,5
S01008972,65 to 74,72,62,57,5,10,2,0,0,1,7
S01008972,75 to 84,62,43,43,0,19,0,0,0,0,19
S01008972,85 and over,13,5,5,0,8,1,0,0,1,6
S01008973,All people aged 16 and over in households,624,364,290,74,260,135,11,16,45,53
S01008973,16 to 24,45,6,1,5,39,39,0,0,0,0
S01008973,25 to 34,115,63,31,32,52,46,2,2,1,1
S01008973,35 to 49,133,98,81,17,35,21,3,5,6,0
S01008973,50 to 64,189,129,109,20,60,14,5,9,24,8
S01008973,65 to 74,64,35,35,0,29,8,1,0,9,11
S01008973,75 to 84,56,26,26,0,30,4,0,0,5,21
S01008973,85 and over,22,7,7,0,15,3,0,0,0,12
S01008974,All people aged 16 and over in households,652,398,320,78,254,150,0,12,26,66
S01008974,16 to 24,60,14,3,11,46,46,0,0,0,0
S01008974,25 to 34,118,77,36,41,41,36,0,2,3,0
S01008974,35 to 49,156,106,88,18,50,32,0,8,10,0
S01008974,50 to 64,135,103,96,7,32,20,0,1,5,6
S01008974,65 to 74,77,57,56,1,20,2,0,1,3,14
S01008974,75 to 84,78,36,36,0,42,12,0,0,5,25
S01008974,85 and over,28,5,5,0,23,2,0,0,0,21
S01008975,All people aged 16 and over in households,657,292,230,62,365,161,4,18,59,123
S01008975,16 to 24,57,19,4,15,38,38,0,0,0,0
S01008975,25 to 34,82,41,17,24,41,35,0,4,2,0
S01008975,35 to 49,118,63,49,14,55,39,0,8,8,0
S01008975,50 to 64,100,51,42,9,49,20,0,6,20,3
S01008975,65 to 74,96,49,49,0,47,7,3,0,16,21
S01008975,75 to 84,128,53,53,0,75,16,1,0,8,50
S01008975,85 and over,76,16,16,0,60,6,0,0,5,49
S01008976,All people aged 16 and over in households,426,304,272,32,122,72,1,4,13,32
S01008976,16 to 24,45,0,0,0,45,45,0,0,0,0
S01008976,25 to 34,30,23,17,6,7,7,0,0,0,0
S01008976,35 to 49,138,122,105,17,16,8,0,3,4,1
S01008976,50 to 64,107,85,78,7,22,7,0,1,8,6
S01008976,65 to 74,63,50,48,2,13,2,0,0,1,10
S01008976,75 to 84,35,18,18,0,17,3,1,0,0,13
S01008976,85 and over,8,6,6,0,2,0,0,0,0,2
S01008977,All people aged 16 and over in households,514,364,328,36,150,97,4,4,4,41
S01008977,16 to 24,42,4,0,4,38,38,0,0,0,0
S01008977,25 to 34,52,19,8,11,33,32,0,0,0,1
S01008977,35 to 49,128,113,93,20,15,10,1,1,2,1
S01008977,50 to 64,166,144,143,1,22,8,2,3,2,7
S01008977,65 to 74,58,45,45,0,13,2,0,0,0,11
S01008977,75 to 84,49,32,32,0,17,4,0,0,0,13
S01008977,85 and over,19,7,7,0,12,3,1,0,0,8
S01008978,All people aged 16 and over in households,473,279,212,67,194,118,4,10,37,25
S01008978,16 to 24,69,6,1,5,63,63,0,0,0,0
S01008978,25 to 34,86,54,25,29,32,29,1,2,0,0
S01008978,35 to 49,129,88,64,24,41,16,3,6,15,1
S01008978,50 to 64,108,77,69,8,31,5,0,2,17,7
S01008978,65 to 74,47,37,36,1,10,3,0,0,4,3
S01008978,75 to 84,22,15,15,0,7,1,0,0,1,5
S01008978,85 and over,12,2,2,0,10,1,0,0,0,9
S01008979,All people aged 16 and over in households,573,296,220,76,277,195,11,15,43,13
S01008979,16 to 24,118,21,1,20,97,96,1,0,0,0
S01008979,25 to 34,144,74,40,34,70,62,6,1,0,1
S01008979,35 to 49,174,120,106,14,54,22,0,11,20,1
S01008979,50 to 64,89,54,46,8,35,10,2,3,19,1
S01008979,65 to 74,26,14,14,0,12,4,0,0,3,5
S01008979,75 to 84,18,12,12,0,6,1,2,0,1,2
S01008979,85 and over,4,1,1,0,3,0,0,0,0,3
S01008980,All people aged 16 and over in households,620,328,252,76,292,189,4,20,56,23
S01008980,16 to 24,99,6,2,4,93,93,0,0,0,0
S01008980,25 to 34,146,91,47,44,55,51,1,0,3,0
S01008980,35 to 49,186,110,93,17,76,32,2,16,26,0
S01008980,50 to 64,123,82,72,10,41,9,1,4,22,5
S01008980,65 to 74,38,27,26,1,11,4,0,0,3,4
S01008980,75 to 84,18,9,9,0,9,0,0,0,2,7
S01008980,85 and over,10,3,3,0,7,0,0,0,0,7
S01008981,All people aged 16 and over in households,601,410,380,30,191,100,7,11,16,57
S01008981,16 to 24,35,0,0,0,35,35,0,0,0,0
S01008981,25 to 34,57,34,26,8,23,21,1,1,0,0
S01008981,35 to 49,129,95,81,14,34,24,1,6,3,0
S01008981,50 to 64,166,136,132,4,30,11,3,3,8,5
S01008981,65 to 74,92,75,72,3,17,3,0,1,3,10
S01008981,75 to 84,95,59,58,1,36,5,1,0,2,28
S01008981,85 and over,27,11,11,0,16,1,1,0,0,14
S01008982,All people aged 16 and over in households,629,340,248,92,289,188,5,16,42,38
S01008982,16 to 24,98,10,4,6,88,88,0,0,0,0
S01008982,25 to 34,138,80,31,49,58,50,4,4,0,0
S01008982,35 to 49,168,116,91,25,52,32,0,2,16,2
S01008982,50 to 64,133,85,74,11,48,10,1,8,20,9
S01008982,65 to 74,59,36,35,1,23,4,0,2,4,13
S01008982,75 to 84,27,12,12,0,15,4,0,0,2,9
S01008982,85 and over,6,1,1,0,5,0,0,0,0,5
S01008983,All people aged 16 and over in households,529,250,124,126,279,200,3,22,40,14
S01008983,16 to 24,101,19,1,18,82,81,0,0,0,1
S01008983,25 to 34,172,98,31,67,74,66,1,4,3,0
S01008983,35 to 49,139,79,53,26,60,41,1,7,8,3
S01008983,50 to 64,90,46,33,13,44,10,1,9,19,5
S01008983,65 to 74,20,8,6,2,12,1,0,1,9,1
S01008983,75 to 84,7,0,0,0,7,1,0,1,1,4
S01008983,85 and over,0,0,0,0,0,0,0,0,0,0
S01008984,All people aged 16 and over in households,390,228,160,68,162,94,1,11,35,21
S01008984,16 to 24,49,11,4,7,38,38,0,0,0,0
S01008984,25 to 34,98,63,31,32,35,30,1,4,0,0
S01008984,35 to 49,102,66,48,18,36,16,0,4,15,1
S01008984,50 to 64,88,59,48,11,29,6,0,3,16,4
S01008984,65 to 74,29,16,16,0,13,3,0,0,4,6
S01008984,75 to 84,15,8,8,0,7,1,0,0,0,6
S01008984,85 and over,9,5,5,0,4,0,0,0,0,4
S01008985,All people aged 16 and over in households,585,314,256,58,271,169,4,18,37,43
S01008985,16 to 24,89,15,2,13,74,74,0,0,0,0
S01008985,25 to 34,131,71,44,27,60,56,0,3,1,0
S01008985,35 to 49,120,79,65,14,41,23,2,8,8,0
S01008985,50 to 64,132,80,78,2,52,13,2,7,25,5
S01008985,65 to 74,53,41,39,2,12,3,0,0,2,7
S01008985,75 to 84,47,23,23,0,24,0,0,0,1,23
S01008985,85 and over,13,5,5,0,8,0,0,0,0,8
S01008986,All people aged 16 and over in households,661,468,418,50,193,101,2,10,23,57
S01008986,16 to 24,60,4,1,3,56,56,0,0,0,0
S01008986,25 to 34,79,55,37,18,24,23,1,0,0,0
S01008986,35 to 49,133,107,90,17,26,13,0,6,7,0
S01008986,50 to 64,195,172,160,12,23,7,1,2,10,3
S01008986,65 to 74,67,57,57,0,10,2,0,1,1,6
S01008986,75 to 84,96,58,58,0,38,0,0,1,5,32
S01008986,85 and over,31,15,15,0,16,0,0,0,0,16
S01008987,All people aged 16 and over in households,710,488,446,42,222,140,2,8,13,59
S01008987,16 to 24,96,4,0,4,92,92,0,0,0,0
S01008987,25 to 34,52,31,18,13,21,21,0,0,0,0
S01008987,35 to 49,148,124,110,14,24,14,0,2,6,2
S01008987,50 to 64,220,190,183,7,30,10,1,6,4,9
S01008987,65 to 74,95,81,77,4,14,0,1,0,2,11
S01008987,75 to 84,83,50,50,0,33,3,0,0,1,29
S01008987,85 and over,16,8,8,0,8,0,0,0,0,8
S01008988,All people aged 16 and over in households,811,446,314,132,365,196,14,26,51,78
S01008988,16 to 24,98,31,4,27,67,67,0,0,0,0
S01008988,25 to 34,167,96,33,63,71,59,7,1,4,0
S01008988,35 to 49,186,115,88,27,71,40,1,16,12,2
S01008988,50 to 64,150,90,79,11,60,19,2,6,26,7
S01008988,65 to 74,108,70,66,4,38,6,2,2,7,21
S01008988,75 to 84,67,35,35,0,32,2,2,1,2,25
S01008988,85 and over,35,9,9,0,26,3,0,0,0,23
S01008989,All people aged 16 and over in households,557,296,206,90,261,188,8,17,33,15
S01008989,16 to 24,80,14,3,11,66,66,0,0,0,0
S01008989,25 to 34,148,102,52,50,46,43,2,1,0,0
S01008989,35 to 49,176,93,72,21,83,54,3,6,18,2
S01008989,50 to 64,115,65,59,6,50,24,3,9,12,2
S01008989,65 to 74,21,14,13,1,7,0,0,1,2,4
S01008989,75 to 84,17,8,7,1,9,1,0,0,1,7
S01008989,85 and over,0,0,0,0,0,0,0,0,0,0
S01008990,All people aged 16 and over in households,643,350,246,104,293,191,13,21,51,17
S01008990,16 to 24,79,20,3,17,59,59,0,0,0,0
S01008990,25 to 34,188,118,66,52,70,59,9,2,0,0
S01008990,35 to 49,167,90,65,25,77,50,1,10,16,0
S01008990,50 to 64,162,102,93,9,60,18,1,8,26,7
S01008990,65 to 74,29,15,14,1,14,4,1,1,4,4
S01008990,75 to 84,14,5,5,0,9,1,1,0,5,2
S01008990,85 and over,4,0,0,0,4,0,0,0,0,4
S01008991,All people aged 16 and over in households,758,480,398,82,278,190,12,18,34,24
S01008991,16 to 24,123,12,1,11,111,110,1,0,0,0
S01008991,25 to 34,119,73,52,21,46,37,3,4,1,1
S01008991,35 to 49,288,230,202,28,58,30,3,7,15,3
S01008991,50 to 64,174,136,116,20,38,11,2,6,14,5
S01008991,65 to 74,32,21,19,2,11,1,2,1,2,5
S01008991,75 to 84,17,7,7,0,10,1,1,0,2,6
S01008991,85 and over,5,1,1,0,4,0,0,0,0,4
S01008992,All people aged 16 and over in households,487,282,248,34,205,120,9,13,38,25
S01008992,16 to 24,58,9,1,8,49,47,2,0,0,0
S01008992,25 to 34,76,40,27,13,36,32,1,0,3,0
S01008992,35 to 49,117,73,65,8,44,23,3,8,10,0
S01008992,50 to 64,130,98,93,5,32,14,0,3,13,2
S01008992,65 to 74,50,38,38,0,12,1,0,1,7,3
S01008992,75 to 84,42,20,20,0,22,1,2,1,4,14
S01008992,85 and over,14,4,4,0,10,2,1,0,1,6
S01008993,All people aged 16 and over in households,880,542,446,96,338,193,3,21,58,63
S01008993,16 to 24,103,8,1,7,95,95,0,0,0,0
S01008993,25 to 34,101,61,33,28,40,36,0,1,3,0
S01008993,35 to 49,266,198,157,41,68,31,0,10,26,1
S01008993,50 to 64,216,164,148,16,52,18,1,7,17,9
S01008993,65 to 74,113,77,73,4,36,9,2,1,10,14
S01008993,75 to 84,59,30,30,0,29,3,0,2,2,22
S01008993,85 and over,22,4,4,0,18,1,0,0,0,17
S01008994,All people aged 16 and over in households,628,370,306,64,258,155,6,20,40,37
S01008994,16 to 24,84,4,1,3,80,79,0,1,0,0
S01008994,25 to 34,81,46,24,22,35,29,2,1,3,0
S01008994,35 to 49,179,125,96,29,54,29,2,10,10,3
S01008994,50 to 64,152,109,102,7,43,10,1,8,19,5
S01008994,65 to 74,81,62,60,2,19,5,1,0,6,7
S01008994,75 to 84,42,21,20,1,21,2,0,0,2,17
S01008994,85 and over,9,3,3,0,6,1,0,0,0,5
S01008995,All people aged 16 and over in households,699,472,418,54,227,138,9,15,29,36
S01008995,16 to 24,84,1,1,0,83,83,0,0,0,0
S01008995,25 to 34,78,42,31,11,36,32,4,0,0,0
S01008995,35 to 49,193,169,142,27,24,12,0,7,4,1
S01008995,50 to 64,235,186,170,16,49,7,5,8,20,9
S01008995,65 to 74,67,50,50,0,17,3,0,0,4,10
S01008995,75 to 84,32,22,22,0,10,0,0,0,0,10
S01008995,85 and over,10,2,2,0,8,1,0,0,1,6
S01008996,All people aged 16 and over in households,483,272,238,34,211,124,3,9,32,43
S01008996,16 to 24,60,5,0,5,55,54,0,1,0,0
S01008996,25 to 34,52,19,12,7,33,31,0,1,1,0
S01008996,35 to 49,125,85,70,15,40,24,2,2,12,0
S01008996,50 to 64,128,92,85,7,36,10,1,4,16,5
S01008996,65 to 74,59,44,44,0,15,1,0,1,3,10
S01008996,75 to 84,43,22,22,0,21,2,0,0,0,19
S01008996,85 and over,16,5,5,0,11,2,0,0,0,9
S01008997,All people aged 16 and over in households,780,494,402,92,286,163,5,22,47,49
S01008997,16 to 24,81,4,3,1,77,77,0,0,0,0
S01008997,25 to 34,105,73,49,24,32,29,0,1,2,0
S01008997,35 to 49,290,223,178,45,67,35,5,10,14,3
S01008997,50 to 64,191,132,116,16,59,18,0,9,22,10
S01008997,65 to 74,67,47,41,6,20,3,0,2,5,10
S01008997,75 to 84,34,15,15,0,19,1,0,0,2,16
S01008997,85 and over,12,0,0,0,12,0,0,0,2,10
S01008998,All people aged 16 and over in households,464,236,158,78,228,165,1,13,37,12
S01008998,16 to 24,104,14,2,12,90,89,0,1,0,0
S01008998,25 to 34,88,42,24,18,46,44,1,0,1,0
S01008998,35 to 49,128,81,42,39,47,22,0,10,14,1
S01008998,50 to 64,102,74,66,8,28,8,0,2,16,2
S01008998,65 to 74,32,20,19,1,12,1,0,0,5,6
S01008998,75 to 84,8,5,5,0,3,0,0,0,1,2
S01008998,85 and over,2,0,0,0,2,1,0,0,0,1
S01008999,All people aged 16 and over in households,708,398,324,74,310,152,3,13,60,82
S01008999,16 to 24,68,5,1,4,63,63,0,0,0,0
S01008999,25 to 34,84,46,27,19,38,37,0,0,0,1
S01008999,35 to 49,154,111,75,36,43,25,0,8,10,0
S01008999,50 to 64,190,128,118,10,62,16,2,5,31,8
S01008999,65 to 74,114,73,69,4,41,6,0,0,13,22
S01008999,75 to 84,78,30,29,1,48,4,1,0,5,38
S01008999,85 and over,20,5,5,0,15,1,0,0,1,13
S01009000,All people aged 16 and over in households,757,538,480,58,219,118,4,16,32,49
S01009000,16 to 24,70,4,0,4,66,66,0,0,0,0
S01009000,25 to 34,80,57,37,20,23,21,0,1,1,0
S01009000,35 to 49,185,150,130,20,35,13,1,10,10,1
S01009000,50 to 64,246,208,201,7,38,10,2,4,17,5
S01009000,65 to 74,110,84,80,4,26,5,1,1,4,15
S01009000,75 to 84,59,34,31,3,25,3,0,0,0,22
S01009000,85 and over,7,1,1,0,6,0,0,0,0,6
S01009001,All people aged 16 and over in households,645,482,426,56,163,101,4,4,17,37
S01009001,16 to 24,62,0,0,0,62,62,0,0,0,0
S01009001,25 to 34,49,39,27,12,10,9,0,1,0,0
S01009001,35 to 49,245,216,185,31,29,15,4,2,8,0
S01009001,50 to 64,153,131,121,10,22,12,0,1,4,5
S01009001,65 to 74,88,70,67,3,18,0,0,0,4,14
S01009001,75 to 84,40,26,26,0,14,2,0,0,0,12
S01009001,85 and over,8,0,0,0,8,1,0,0,1,6
S01009002,All people aged 16 and over in households,637,420,386,34,217,107,10,12,38,50
S01009002,16 to 24,61,4,4,0,57,57,0,0,0,0
S01009002,25 to 34,82,69,54,15,13,13,0,0,0,0
S01009002,35 to 49,216,170,155,15,46,18,5,9,13,1
S01009002,50 to 64,147,106,103,3,41,15,3,0,16,7
S01009002,65 to 74,67,47,46,1,20,2,0,2,6,10
S01009002,75 to 84,46,23,23,0,23,2,1,1,2,17
S01009002,85 and over,18,1,1,0,17,0,1,0,1,15
S01009003,All people aged 16 and over in households,750,540,460,80,210,124,5,21,28,32
S01009003,16 to 24,76,9,1,8,67,67,0,0,0,0
S01009003,25 to 34,88,61,41,20,27,24,1,1,1,0
S01009003,35 to 49,248,216,175,41,32,16,1,7,7,1
S01009003,50 to 64,216,172,166,6,44,10,3,12,15,4
S01009003,65 to 74,76,61,58,3,15,3,0,1,4,7
S01009003,75 to 84,33,18,16,2,15,2,0,0,1,12
S01009003,85 and over,13,3,3,0,10,2,0,0,0,8
S01009004,All people aged 16 and over in households,534,352,294,58,182,111,1,11,30,29
S01009004,16 to 24,65,6,1,5,59,59,0,0,0,0
S01009004,25 to 34,78,58,35,23,20,16,0,1,3,0
S01009004,35 to 49,157,112,89,23,45,29,1,7,7,1
S01009004,50 to 64,148,124,117,7,24,5,0,2,11,6
S01009004,65 to 74,60,43,43,0,17,2,0,0,8,7
S01009004,75 to 84,23,9,9,0,14,0,0,1,1,12
S01009004,85 and over,3,0,0,0,3,0,0,0,0,3
S01009005,All people aged 16 and over in households,590,374,306,68,216,132,3,11,37,33
S01009005,16 to 24,65,15,6,9,50,50,0,0,0,0
S01009005,25 to 34,113,66,41,25,47,41,1,2,3,0
S01009005,35 to 49,158,112,95,17,46,27,1,5,12,1
S01009005,50 to 64,138,102,94,8,36,12,1,1,17,5
S01009005,65 to 74,80,63,57,6,17,1,0,3,4,9
S01009005,75 to 84,26,14,11,3,12,1,0,0,1,10
S01009005,85 and over,10,2,2,0,8,0,0,0,0,8
S01009006,All people aged 16 and over in households,602,368,308,60,234,145,0,16,25,48
S01009006,16 to 24,77,6,1,5,71,71,0,0,0,0
S01009006,25 to 34,99,63,50,13,36,35,0,0,1,0
S01009006,35 to 49,160,119,92,27,41,26,0,10,5,0
S01009006,50 to 64,135,98,87,11,37,11,0,6,13,7
S01009006,65 to 74,75,55,51,4,20,0,0,0,4,16
S01009006,75 to 84,41,22,22,0,19,1,0,0,2,16
S01009006,85 and over,15,5,5,0,10,1,0,0,0,9
S01009007,All people aged 16 and over in households,552,306,252,54,246,152,5,12,35,42
S01009007,16 to 24,68,2,0,2,66,66,0,0,0,0
S01009007,25 to 34,93,50,28,22,43,40,2,0,1,0
S01009007,35 to 49,160,107,87,20,53,27,2,9,14,1
S01009007,50 to 64,120,88,81,7,32,11,0,2,16,3
S01009007,65 to 74,50,30,29,1,20,4,1,0,3,12
S01009007,75 to 84,51,27,25,2,24,4,0,1,1,18
S01009007,85 and over,10,2,2,0,8,0,0,0,0,8
S01009008,All people aged 16 and over in households,780,516,428,88,264,136,2,23,36,67
S01009008,16 to 24,67,18,1,17,49,46,1,1,1,0
S01009008,25 to 34,87,54,24,30,33,29,0,2,2,0
S01009008,35 to 49,205,151,129,22,54,33,0,9,12,0
S01009008,50 to 64,206,156,140,16,50,16,1,7,15,11
S01009008,65 to 74,116,92,90,2,24,3,0,3,3,15
S01009008,75 to 84,78,41,41,0,37,6,0,1,2,28
S01009008,85 and over,21,4,3,1,17,3,0,0,1,13
S01009009,All people aged 16 and over in households,381,156,100,56,225,109,5,10,54,47
S01009009,16 to 24,37,6,0,6,31,30,0,1,0,0
S01009009,25 to 34,87,47,19,28,40,35,0,2,3,0
S01009009,35 to 49,83,40,23,17,43,30,3,2,7,1
S01009009,50 to 64,75,30,28,2,45,6,1,3,31,4
S01009009,65 to 74,45,21,18,3,24,3,1,1,7,12
S01009009,75 to 84,37,11,11,0,26,4,0,1,5,16
S01009009,85 and over,17,1,1,0,16,1,0,0,1,14
S01009010,All people aged 16 and over in households,820,550,484,66,270,181,5,21,41,22
S01009010,16 to 24,122,8,2,6,114,114,0,0,0,0
S01009010,25 to 34,128,88,60,28,40,33,0,4,3,0
S01009010,35 to 49,255,204,182,22,51,27,0,9,14,1
S01009010,50 to 64,225,184,177,7,41,4,3,8,21,5
S01009010,65 to 74,68,57,54,3,11,1,1,0,3,6
S01009010,75 to 84,16,7,7,0,9,1,1,0,0,7
S01009010,85 and over,6,2,2,0,4,1,0,0,0,3
S01009011,All people aged 16 and over in households,691,482,420,62,209,157,1,11,22,18
S01009011,16 to 24,113,3,0,3,110,109,0,1,0,0
S01009011,25 to 34,95,69,52,17,26,25,0,1,0,0
S01009011,35 to 49,240,208,175,33,32,18,0,5,7,2
S01009011,50 to 64,194,165,158,7,29,5,1,4,13,6
S01009011,65 to 74,32,26,24,2,6,0,0,0,1,5
S01009011,75 to 84,16,11,11,0,5,0,0,0,1,4
S01009011,85 and over,1,0,0,0,1,0,0,0,0,1
S01009012,All people aged 16 and over in households,609,442,384,58,167,116,1,8,22,20
S01009012,16 to 24,67,7,2,5,60,60,0,0,0,0
S01009012,25 to 34,89,58,41,17,31,30,0,0,0,1
S01009012,35 to 49,189,164,143,21,25,19,0,2,3,1
S01009012,50 to 64,183,152,142,10,31,5,0,6,15,5
S01009012,65 to 74,53,43,40,3,10,1,1,0,3,5
S01009012,75 to 84,26,17,15,2,9,1,0,0,1,7
S01009012,85 and over,2,1,1,0,1,0,0,0,0,1
S01009013,All people aged 16 and over in households,739,508,456,52,231,147,5,8,41,30
S01009013,16 to 24,94,8,0,8,86,86,0,0,0,0
S01009013,25 to 34,70,39,24,15,31,28,0,0,2,1
S01009013,35 to 49,228,189,171,18,39,24,1,3,9,2
S01009013,50 to 64,250,203,192,11,47,8,4,5,26,4
S01009013,65 to 74,58,47,47,0,11,1,0,0,2,8
S01009013,75 to 84,30,19,19,0,11,0,0,0,2,9
S01009013,85 and over,9,3,3,0,6,0,0,0,0,6
S01009014,All people aged 16 and over in households,485,238,188,50,247,143,5,17,29,53
S01009014,16 to 24,55,4,0,4,51,51,0,0,0,0
S01009014,25 to 34,58,24,9,15,34,32,0,2,0,0
S01009014,35 to 49,151,102,81,21,49,28,0,7,12,2
S01009014,50 to 64,116,68,60,8,48,16,3,7,13,9
S01009014,65 to 74,61,24,23,1,37,9,1,1,4,22
S01009014,75 to 84,36,14,14,0,22,5,1,0,0,16
S01009014,85 and over,8,2,1,1,6,2,0,0,0,4
S01009015,All people aged 16 and over in households,505,274,232,42,231,132,4,18,18,59
S01009015,16 to 24,36,3,0,3,33,33,0,0,0,0
S01009015,25 to 34,49,18,9,9,31,27,0,1,3,0
S01009015,35 to 49,129,80,60,20,49,36,3,7,3,0
S01009015,50 to 64,142,106,101,5,36,17,1,7,7,4
S01009015,65 to 74,98,58,55,3,40,10,0,3,5,22
S01009015,75 to 84,39,8,7,1,31,5,0,0,0,26
S01009015,85 and over,12,1,0,1,11,4,0,0,0,7
S01009016,All people aged 16 and over in households,434,250,220,30,184,107,4,6,12,55
S01009016,16 to 24,37,3,0,3,34,34,0,0,0,0
S01009016,25 to 34,28,15,9,6,13,12,0,1,0,0
S01009016,35 to 49,101,77,67,10,24,17,0,2,5,0
S01009016,50 to 64,135,90,81,9,45,25,4,2,6,8
S01009016,65 to 74,64,42,40,2,22,6,0,0,0,16
S01009016,75 to 84,58,20,20,0,38,12,0,1,1,24
S01009016,85 and over,11,3,3,0,8,1,0,0,0,7
S01009017,All people aged 16 and over in households,483,272,226,46,211,139,2,15,17,38
S01009017,16 to 24,50,7,1,6,43,43,0,0,0,0
S01009017,25 to 34,57,26,18,8,31,28,0,3,0,0
S01009017,35 to 49,141,96,77,19,45,29,1,5,9,1
S01009017,50 to 64,132,82,69,13,50,29,1,5,7,8
S01009017,65 to 74,60,46,46,0,14,4,0,1,1,8
S01009017,75 to 84,39,13,13,0,26,4,0,1,0,21
S01009017,85 and over,4,2,2,0,2,2,0,0,0,0
S01009018,All people aged 16 and over in households,599,322,286,36,277,195,6,15,27,34
S01009018,16 to 24,72,4,0,4,68,68,0,0,0,0
S01009018,25 to 34,63,21,11,10,42,39,0,2,1,0
S01009018,35 to 49,146,103,89,14,43,25,2,8,7,1
S01009018,50 to 64,202,136,128,8,66,35,1,4,18,8
S01009018,65 to 74,74,46,46,0,28,14,2,1,0,11
S01009018,75 to 84,37,12,12,0,25,13,1,0,1,10
S01009018,85 and over,5,0,0,0,5,1,0,0,0,4
S01009019,All people aged 16 and over in households,419,242,218,24,177,119,1,6,17,34
S01009019,16 to 24,38,2,0,2,36,36,0,0,0,0
S01009019,25 to 34,58,21,13,8,37,36,0,0,1,0
S01009019,35 to 49,111,76,67,9,35,23,0,5,5,2
S01009019,50 to 64,129,100,95,5,29,16,1,1,6,5
S01009019,65 to 74,53,34,34,0,19,4,0,0,4,11
S01009019,75 to 84,22,7,7,0,15,3,0,0,1,11
S01009019,85 and over,8,2,2,0,6,1,0,0,0,5
S01009020,All people aged 16 and over in households,631,382,292,90,249,161,3,16,24,45
S01009020,16 to 24,83,23,5,18,60,60,0,0,0,0
S01009020,25 to 34,107,62,26,36,45,40,1,3,1,0
S01009020,35 to 49,182,145,115,30,37,25,2,4,6,0
S01009020,50 to 64,163,111,105,6,52,21,0,9,12,10
S01009020,65 to 74,63,36,36,0,27,10,0,0,5,12
S01009020,75 to 84,23,2,2,0,21,4,0,0,0,17
S01009020,85 and over,10,3,3,0,7,1,0,0,0,6
S01009021,All people aged 16 and over in households,634,348,306,42,286,176,12,7,29,62
S01009021,16 to 24,58,9,2,7,49,49,0,0,0,0
S01009021,25 to 34,48,17,9,8,31,28,0,2,1,0
S01009021,35 to 49,150,94,80,14,56,41,4,2,6,3
S01009021,50 to 64,202,136,126,10,66,30,5,2,14,15
S01009021,65 to 74,102,67,65,2,35,15,3,1,4,12
S01009021,75 to 84,54,18,17,1,36,9,0,0,4,23
S01009021,85 and over,20,7,7,0,13,4,0,0,0,9
S01009022,All people aged 16 and over in households,773,414,346,68,359,218,2,9,50,80
S01009022,16 to 24,81,10,3,7,71,71,0,0,0,0
S01009022,25 to 34,54,23,14,9,31,30,0,1,0,0
S01009022,35 to 49,170,107,86,21,63,42,0,4,15,2
S01009022,50 to 64,231,161,138,23,70,33,1,1,20,15
S01009022,65 to 74,132,74,67,7,58,27,1,3,10,17
S01009022,75 to 84,79,34,33,1,45,11,0,0,5,29
S01009022,85 and over,26,5,5,0,21,4,0,0,0,17
S01009023,All people aged 16 and over in households,783,450,418,32,333,195,9,14,33,82
S01009023,16 to 24,82,8,3,5,74,71,2,0,0,1
S01009023,25 to 34,41,17,12,5,24,24,0,0,0,0
S01009023,35 to 49,194,137,123,14,57,41,0,6,9,1
S01009023,50 to 64,224,162,155,7,62,21,3,7,14,17
S01009023,65 to 74,148,91,90,1,57,24,1,1,10,21
S01009023,75 to 84,68,26,26,0,42,8,3,0,0,31
S01009023,85 and over,26,9,9,0,17,6,0,0,0,11
S01009024,All people aged 16 and over in households,823,444,394,50,379,224,8,18,35,94
S01009024,16 to 24,65,9,0,9,56,56,0,0,0,0
S01009024,25 to 34,77,43,29,14,34,31,2,1,0,0
S01009024,35 to 49,188,130,115,15,58,46,0,5,7,0
S01009024,50 to 64,223,143,135,8,80,40,2,8,17,13
S01009024,65 to 74,148,78,76,2,70,28,2,4,9,27
S01009024,75 to 84,84,32,32,0,52,20,2,0,1,29
S01009024,85 and over,38,9,7,2,29,3,0,0,1,25
S01009025,All people aged 16 and over in households,761,426,374,52,335,196,7,29,33,70
S01009025,16 to 24,68,6,4,2,62,62,0,0,0,0
S01009025,25 to 34,54,20,14,6,34,33,1,0,0,0
S01009025,35 to 49,203,146,122,24,57,33,2,12,9,1
S01009025,50 to 64,223,140,129,11,83,40,3,11,18,11
S01009025,65 to 74,121,84,75,9,37,13,1,6,4,13
S01009025,75 to 84,64,24,24,0,40,10,0,0,2,28
S01009025,85 and over,28,6,6,0,22,5,0,0,0,17
S01009026,All people aged 16 and over in households,770,426,374,52,344,215,5,18,40,66
S01009026,16 to 24,71,7,3,4,64,62,0,0,0,2
S01009026,25 to 34,81,40,28,12,41,40,0,1,0,0
S01009026,35 to 49,190,125,107,18,65,46,0,6,13,0
S01009026,50 to 64,206,136,125,11,70,30,4,7,16,13
S01009026,65 to 74,131,80,75,5,51,18,0,4,10,19
S01009026,75 to 84,61,33,31,2,28,14,1,0,1,12
S01009026,85 and over,30,5,5,0,25,5,0,0,0,20
S01009027,All people aged 16 and over in households,665,374,336,38,291,157,8,14,41,71
S01009027,16 to 24,52,1,1,0,51,51,0,0,0,0
S01009027,25 to 34,30,16,13,3,14,14,0,0,0,0
S01009027,35 to 49,180,127,105,22,53,33,2,6,11,1
S01009027,50 to 64,213,137,124,13,76,33,6,5,22,10
S01009027,65 to 74,88,54,54,0,34,15,0,2,5,12
S01009027,75 to 84,77,33,33,0,44,8,0,1,3,32
S01009027,85 and over,25,6,6,0,19,3,0,0,0,16
S01009028,All people aged 16 and over in households,428,240,216,24,188,119,1,6,28,34
S01009028,16 to 24,41,5,0,5,36,36,0,0,0,0
S01009028,25 to 34,37,18,14,4,19,19,0,0,0,0
S01009028,35 to 49,97,70,64,6,27,15,0,3,9,0
S01009028,50 to 64,131,86,81,5,45,24,1,3,13,4
S01009028,65 to 74,66,38,35,3,28,9,0,0,6,13
S01009028,75 to 84,40,18,17,1,22,12,0,0,0,10
S01009028,85 and over,16,5,5,0,11,4,0,0,0,7
S01009029,All people aged 16 and over in households,525,282,254,28,243,144,4,16,30,49
S01009029,16 to 24,55,3,0,3,52,52,0,0,0,0
S01009029,25 to 34,39,14,9,5,25,22,1,1,1,0
S01009029,35 to 49,131,93,84,9,38,29,0,5,4,0
S01009029,50 to 64,159,106,95,11,53,21,3,8,17,4
S01009029,65 to 74,73,42,42,0,31,8,0,2,8,13
S01009029,75 to 84,47,22,22,0,25,8,0,0,0,17
S01009029,85 and over,21,2,2,0,19,4,0,0,0,15
S01009030,All people aged 16 and over in households,611,344,304,40,267,166,3,14,29,55
S01009030,16 to 24,73,7,1,6,66,66,0,0,0,0
S01009030,25 to 34,56,28,20,8,28,26,0,0,2,0
S01009030,35 to 49,151,114,99,15,37,25,0,4,8,0
S01009030,50 to 64,188,115,104,11,73,36,2,8,16,11
S01009030,65 to 74,72,51,51,0,21,4,1,2,3,11
S01009030,75 to 84,49,23,23,0,26,7,0,0,0,19
S01009030,85 and over,22,6,6,0,16,2,0,0,0,14
S01009031,All people aged 16 and over in households,656,360,326,34,296,183,3,16,29,65
S01009031,16 to 24,60,5,3,2,55,55,0,0,0,0
S01009031,25 to 34,85,49,36,13,36,33,1,1,0,1
S01009031,35 to 49,157,104,91,13,53,35,0,6,10,2
S01009031,50 to 64,181,112,111,1,69,38,2,7,12,10
S01009031,65 to 74,83,49,46,3,34,11,0,2,4,17
S01009031,75 to 84,75,38,36,2,37,7,0,0,3,27
S01009031,85 and over,15,3,3,0,12,4,0,0,0,8
S01009032,All people aged 16 and over in households,555,314,296,18,241,151,3,10,31,46
S01009032,16 to 24,45,5,3,2,40,39,0,1,0,0
S01009032,25 to 34,67,27,21,6,40,39,0,0,1,0
S01009032,35 to 49,108,71,66,5,37,26,0,2,9,0
S01009032,50 to 64,144,107,103,4,37,13,1,3,13,7
S01009032,65 to 74,116,72,71,1,44,17,0,4,5,18
S01009032,75 to 84,60,30,30,0,30,11,2,0,3,14
S01009032,85 and over,15,2,2,0,13,6,0,0,0,7
S01009033,All people aged 16 and over in households,657,360,338,22,297,193,4,7,36,57
S01009033,16 to 24,62,1,0,1,61,61,0,0,0,0
S01009033,25 to 34,58,34,30,4,24,24,0,0,0,0
S01009033,35 to 49,165,119,107,12,46,31,1,4,10,0
S01009033,50 to 64,171,107,102,5,64,37,2,3,14,8
S01009033,65 to 74,109,59,59,0,50,24,1,0,9,16
S01009033,75 to 84,75,38,38,0,37,10,0,0,2,25
S01009033,85 and over,17,2,2,0,15,6,0,0,1,8
S01009034,All people aged 16 and over in households,558,332,316,16,226,147,3,11,17,48
S01009034,16 to 24,52,2,0,2,50,50,0,0,0,0
S01009034,25 to 34,60,32,30,2,28,27,0,1,0,0
S01009034,35 to 49,144,104,98,6,40,25,1,9,5,0
S01009034,50 to 64,132,97,95,2,35,20,1,1,9,4
S01009034,65 to 74,108,77,73,4,31,14,1,0,2,14
S01009034,75 to 84,46,20,20,0,26,7,0,0,1,18
S01009034,85 and over,16,0,0,0,16,4,0,0,0,12
S01009035,All people aged 16 and over in households,757,470,422,48,287,182,4,13,22,66
S01009035,16 to 24,82,6,0,6,76,76,0,0,0,0
S01009035,25 to 34,103,58,39,19,45,40,3,1,1,0
S01009035,35 to 49,187,145,127,18,42,26,0,5,5,6
S01009035,50 to 64,203,157,152,5,46,13,1,7,12,13
S01009035,65 to 74,91,62,62,0,29,15,0,0,3,11
S01009035,75 to 84,59,33,33,0,26,10,0,0,0,16
S01009035,85 and over,32,9,9,0,23,2,0,0,1,20
S01009036,All people aged 16 and over in households,814,484,424,60,330,205,7,20,39,59
S01009036,16 to 24,106,17,6,11,89,88,1,0,0,0
S01009036,25 to 34,143,88,64,24,55,48,2,1,4,0
S01009036,35 to 49,224,161,139,22,63,34,0,11,16,2
S01009036,50 to 64,202,145,143,2,57,20,4,7,16,10
S01009036,65 to 74,77,48,47,1,29,9,0,0,2,18
S01009036,75 to 84,53,23,23,0,30,6,0,1,1,22
S01009036,85 and over,9,2,2,0,7,0,0,0,0,7
S01009037,All people aged 16 and over in households,705,414,354,60,291,181,5,20,33,52
S01009037,16 to 24,88,9,2,7,79,79,0,0,0,0
S01009037,25 to 34,113,61,37,24,52,50,0,0,2,0
S01009037,35 to 49,226,167,145,22,59,32,4,12,8,3
S01009037,50 to 64,151,110,103,7,41,11,0,5,19,6
S01009037,65 to 74,82,51,51,0,31,4,1,3,2,21
S01009037,75 to 84,38,16,16,0,22,5,0,0,2,15
S01009037,85 and over,7,0,0,0,7,0,0,0,0,7
S01009038,All people aged 16 and over in households,859,514,458,56,345,229,7,17,37,55
S01009038,16 to 24,123,14,2,12,109,108,1,0,0,0
S01009038,25 to 34,114,65,49,16,49,46,1,1,0,1
S01009038,35 to 49,258,187,169,18,71,44,2,4,19,2
S01009038,50 to 64,200,140,130,10,60,19,2,12,15,12
S01009038,65 to 74,89,70,70,0,19,7,1,0,2,9
S01009038,75 to 84,57,32,32,0,25,3,0,0,1,21
S01009038,85 and over,18,6,6,0,12,2,0,0,0,10
S01009039,All people aged 16 and over in households,533,236,202,34,297,186,2,25,50,34
S01009039,16 to 24,79,9,2,7,70,70,0,0,0,0
S01009039,25 to 34,88,33,25,8,55,47,2,2,4,0
S01009039,35 to 49,142,61,45,16,81,45,0,19,17,0
S01009039,50 to 64,132,87,84,3,45,15,0,3,23,4
S01009039,65 to 74,57,32,32,0,25,5,0,1,4,15
S01009039,75 to 84,27,11,11,0,16,4,0,0,2,10
S01009039,85 and over,8,3,3,0,5,0,0,0,0,5
S01009040,All people aged 16 and over in households,527,216,180,36,311,172,1,13,49,76
S01009040,16 to 24,62,10,2,8,52,52,0,0,0,0
S01009040,25 to 34,74,34,18,16,40,38,0,1,1,0
S01009040,35 to 49,117,70,63,7,47,26,0,5,16,0
S01009040,50 to 64,122,53,48,5,69,33,0,6,20,10
S01009040,65 to 74,59,27,27,0,32,9,1,1,6,15
S01009040,75 to 84,65,21,21,0,44,13,0,0,5,26
S01009040,85 and over,28,1,1,0,27,1,0,0,1,25
S01009041,All people aged 16 and over in households,740,316,244,72,424,238,9,28,56,93
S01009041,16 to 24,83,22,1,21,61,60,1,0,0,0
S01009041,25 to 34,104,46,16,30,58,54,0,2,2,0
S01009041,35 to 49,171,80,65,15,91,61,4,12,14,0
S01009041,50 to 64,155,86,80,6,69,22,2,14,25,6
S01009041,65 to 74,100,47,47,0,53,16,1,0,12,24
S01009041,75 to 84,88,32,32,0,56,16,1,0,3,36
S01009041,85 and over,39,3,3,0,36,9,0,0,0,27
S01009042,All people aged 16 and over in households,683,334,280,54,349,221,9,21,39,59
S01009042,16 to 24,96,21,8,13,75,73,0,2,0,0
S01009042,25 to 34,108,58,38,20,50,45,3,2,0,0
S01009042,35 to 49,167,98,84,14,69,41,2,12,14,0
S01009042,50 to 64,171,100,93,7,71,39,2,4,17,9
S01009042,65 to 74,75,39,39,0,36,16,1,0,6,13
S01009042,75 to 84,43,13,13,0,30,3,1,1,2,23
S01009042,85 and over,23,5,5,0,18,4,0,0,0,14
S01009043,All people aged 16 and over in households,522,256,214,42,266,161,7,13,34,51
S01009043,16 to 24,56,6,2,4,50,50,0,0,0,0
S01009043,25 to 34,71,20,9,11,51,48,0,1,2,0
S01009043,35 to 49,128,77,58,19,51,26,5,4,14,2
S01009043,50 to 64,157,97,89,8,60,27,2,7,14,10
S01009043,65 to 74,60,38,38,0,22,4,0,1,3,14
S01009043,75 to 84,37,17,17,0,20,3,0,0,1,16
S01009043,85 and over,13,1,1,0,12,3,0,0,0,9
S01009044,All people aged 16 and over in households,683,352,298,54,331,168,9,16,45,93
S01009044,16 to 24,72,21,1,20,51,50,1,0,0,0
S01009044,25 to 34,84,39,29,10,45,40,0,2,2,1
S01009044,35 to 49,146,92,73,19,54,33,1,6,12,2
S01009044,50 to 64,155,91,86,5,64,22,4,5,20,13
S01009044,65 to 74,100,62,62,0,38,13,0,1,9,15
S01009044,75 to 84,100,41,41,0,59,8,2,2,2,45
S01009044,85 and over,26,6,6,0,20,2,1,0,0,17
S01009045,All people aged 16 and over in households,532,290,248,42,242,147,5,17,36,37
S01009045,16 to 24,58,4,0,4,54,54,0,0,0,0
S01009045,25 to 34,78,34,15,19,44,42,0,1,1,0
S01009045,35 to 49,141,86,71,15,55,35,2,11,7,0
S01009045,50 to 64,137,93,91,2,44,11,3,4,21,5
S01009045,65 to 74,71,55,53,2,16,1,0,1,5,9
S01009045,75 to 84,35,16,16,0,19,2,0,0,1,16
S01009045,85 and over,12,2,2,0,10,2,0,0,1,7
S01009046,All people aged 16 and over in households,706,416,382,34,290,179,5,16,34,56
S01009046,16 to 24,83,3,0,3,80,80,0,0,0,0
S01009046,25 to 34,92,44,35,9,48,42,2,0,4,0
S01009046,35 to 49,199,152,134,18,47,30,0,4,12,1
S01009046,50 to 64,171,118,114,4,53,19,1,11,14,8
S01009046,65 to 74,92,71,71,0,21,2,0,1,4,14
S01009046,75 to 84,54,26,26,0,28,5,2,0,0,21
S01009046,85 and over,15,2,2,0,13,1,0,0,0,12
S01009047,All people aged 16 and over in households,645,398,362,36,247,154,3,8,33,49
S01009047,16 to 24,74,10,1,9,64,64,0,0,0,0
S01009047,25 to 34,89,54,41,13,35,35,0,0,0,0
S01009047,35 to 49,190,151,141,10,39,23,0,7,9,0
S01009047,50 to 64,168,123,119,4,45,18,1,1,18,7
S01009047,65 to 74,65,42,42,0,23,7,1,0,3,12
S01009047,75 to 84,35,16,16,0,19,3,1,0,2,13
S01009047,85 and over,24,2,2,0,22,4,0,0,1,17
S01009048,All people aged 16 and over in households,686,436,398,38,250,150,6,10,18,66
S01009048,16 to 24,70,9,2,7,61,61,0,0,0,0
S01009048,25 to 34,85,42,26,16,43,41,1,1,0,0
S01009048,35 to 49,153,119,112,7,34,19,2,4,8,1
S01009048,50 to 64,223,185,179,6,38,14,1,3,8,12
S01009048,65 to 74,87,60,59,1,27,6,1,2,1,17
S01009048,75 to 84,49,16,15,1,33,6,1,0,1,25
S01009048,85 and over,19,5,5,0,14,3,0,0,0,11
S01009049,All people aged 16 and over in households,502,324,280,44,178,83,4,14,24,53
S01009049,16 to 24,28,7,0,7,21,21,0,0,0,0
S01009049,25 to 34,69,41,27,14,28,27,0,0,1,0
S01009049,35 to 49,124,93,81,12,31,18,3,4,4,2
S01009049,50 to 64,143,107,98,9,36,6,0,7,15,8
S01009049,65 to 74,88,52,50,2,36,5,0,3,2,26
S01009049,75 to 84,40,22,22,0,18,6,1,0,1,10
S01009049,85 and over,10,2,2,0,8,0,0,0,1,7
S01009050,All people aged 16 and over in households,659,410,344,66,249,128,6,15,37,63
S01009050,16 to 24,49,5,3,2,44,44,0,0,0,0
S01009050,25 to 34,101,61,36,25,40,32,1,3,4,0
S01009050,35 to 49,179,130,98,32,49,30,0,5,13,1
S01009050,50 to 64,164,123,116,7,41,10,1,6,16,8
S01009050,65 to 74,75,60,60,0,15,3,0,1,3,8
S01009050,75 to 84,62,27,27,0,35,7,4,0,1,23
S01009050,85 and over,29,4,4,0,25,2,0,0,0,23
S01009051,All people aged 16 and over in households,564,356,284,72,208,131,0,13,29,35
S01009051,16 to 24,78,8,0,8,70,70,0,0,0,0
S01009051,25 to 34,95,61,35,26,34,30,0,4,0,0
S01009051,35 to 49,196,156,128,28,40,24,0,7,9,0
S01009051,50 to 64,105,79,72,7,26,6,0,2,14,4
S01009051,65 to 74,42,30,27,3,12,0,0,0,5,7
S01009051,75 to 84,37,18,18,0,19,1,0,0,0,18
S01009051,85 and over,11,4,4,0,7,0,0,0,1,6
S01009052,All people aged 16 and over in households,539,310,266,44,229,121,5,11,46,46
S01009052,16 to 24,69,13,2,11,56,55,1,0,0,0
S01009052,25 to 34,67,36,24,12,31,29,0,1,1,0
S01009052,35 to 49,121,75,63,12,46,25,1,3,16,1
S01009052,50 to 64,136,103,97,6,33,6,2,3,16,6
S01009052,65 to 74,95,62,59,3,33,4,1,2,8,18
S01009052,75 to 84,30,13,13,0,17,2,0,2,5,8
S01009052,85 and over,21,8,8,0,13,0,0,0,0,13
S01009053,All people aged 16 and over in households,424,160,108,52,264,159,2,17,64,22
S01009053,16 to 24,84,14,1,13,70,70,0,0,0,0
S01009053,25 to 34,67,30,11,19,37,32,0,4,1,0
S01009053,35 to 49,122,52,38,14,70,36,1,10,23,0
S01009053,50 to 64,95,42,36,6,53,12,1,2,32,6
S01009053,65 to 74,34,14,14,0,20,5,0,1,7,7
S01009053,75 to 84,19,8,8,0,11,4,0,0,1,6
S01009053,85 and over,3,0,0,0,3,0,0,0,0,3
S01009054,All people aged 16 and over in households,480,268,230,38,212,120,2,13,35,42
S01009054,16 to 24,62,3,0,3,59,59,0,0,0,0
S01009054,25 to 34,66,36,24,12,30,26,0,1,3,0
S01009054,35 to 49,116,81,70,11,35,19,0,5,10,1
S01009054,50 to 64,147,100,88,12,47,12,2,6,16,11
S01009054,65 to 74,53,35,35,0,18,3,0,1,5,9
S01009054,75 to 84,30,12,12,0,18,1,0,0,1,16
S01009054,85 and over,6,1,1,0,5,0,0,0,0,5
S01009055,All people aged 16 and over in households,693,460,396,64,233,146,0,18,35,34
S01009055,16 to 24,66,5,2,3,61,61,0,0,0,0
S01009055,25 to 34,81,45,30,15,36,34,0,2,0,0
S01009055,35 to 49,186,139,113,26,47,26,0,9,12,0
S01009055,50 to 64,214,165,148,17,49,18,0,4,20,7
S01009055,65 to 74,96,76,73,3,20,4,0,3,2,11
S01009055,75 to 84,44,29,29,0,15,3,0,0,1,11
S01009055,85 and over,6,1,1,0,5,0,0,0,0,5
S01009056,All people aged 16 and over in households,432,238,182,56,194,124,0,9,38,23
S01009056,16 to 24,71,5,0,5,66,66,0,0,0,0
S01009056,25 to 34,60,30,13,17,30,27,0,0,3,0
S01009056,35 to 49,121,79,56,23,42,17,0,5,17,3
S01009056,50 to 64,116,89,80,9,27,10,0,0,12,5
S01009056,65 to 74,47,30,28,2,17,1,0,3,6,7
S01009056,75 to 84,13,5,5,0,8,2,0,1,0,5
S01009056,85 and over,4,0,0,0,4,1,0,0,0,3
S01009057,All people aged 16 and over in households,461,200,138,62,261,167,3,12,32,47
S01009057,16 to 24,75,15,3,12,60,59,0,0,0,1
S01009057,25 to 34,82,41,19,22,41,40,0,1,0,0
S01009057,35 to 49,110,49,36,13,61,41,3,5,11,1
S01009057,50 to 64,98,57,43,14,41,19,0,3,14,5
S01009057,65 to 74,38,16,15,1,22,3,0,1,7,11
S01009057,75 to 84,44,20,20,0,24,5,0,2,0,17
S01009057,85 and over,14,2,2,0,12,0,0,0,0,12
S01009058,All people aged 16 and over in households,674,382,296,86,292,155,6,22,45,64
S01009058,16 to 24,85,25,2,23,60,60,0,0,0,0
S01009058,25 to 34,105,69,42,27,36,33,0,3,0,0
S01009058,35 to 49,166,94,69,25,72,39,2,11,18,2
S01009058,50 to 64,143,92,85,7,51,18,1,6,17,9
S01009058,65 to 74,95,62,58,4,33,4,1,1,7,20
S01009058,75 to 84,67,38,38,0,29,0,1,1,2,25
S01009058,85 and over,13,2,2,0,11,1,1,0,1,8
S01009059,All people aged 16 and over in households,680,436,360,76,244,164,1,14,32,33
S01009059,16 to 24,101,8,0,8,93,92,0,1,0,0
S01009059,25 to 34,124,83,62,21,41,35,1,2,3,0
S01009059,35 to 49,245,205,166,39,40,18,0,9,12,1
S01009059,50 to 64,129,99,93,6,30,11,0,2,11,6
S01009059,65 to 74,38,25,23,2,13,2,0,0,4,7
S01009059,75 to 84,30,13,13,0,17,5,0,0,2,10
S01009059,85 and over,13,3,3,0,10,1,0,0,0,9
S01009060,All people aged 16 and over in households,411,310,272,38,101,70,3,6,14,8
S01009060,16 to 24,50,2,1,1,48,47,1,0,0,0
S01009060,25 to 34,67,54,41,13,13,11,1,0,1,0
S01009060,35 to 49,178,161,142,19,17,7,1,4,3,2
S01009060,50 to 64,83,69,66,3,14,4,0,1,7,2
S01009060,65 to 74,27,19,17,2,8,1,0,1,3,3
S01009060,75 to 84,6,5,5,0,1,0,0,0,0,1
S01009060,85 and over,0,0,0,0,0,0,0,0,0,0
S01009061,All people aged 16 and over in households,650,408,342,66,242,152,2,8,42,38
S01009061,16 to 24,81,6,0,6,75,75,0,0,0,0
S01009061,25 to 34,108,57,36,21,51,45,2,1,3,0
S01009061,35 to 49,190,148,116,32,42,24,0,3,15,0
S01009061,50 to 64,167,128,123,5,39,6,0,3,22,8
S01009061,65 to 74,86,60,59,1,26,1,0,1,2,22
S01009061,75 to 84,16,9,8,1,7,0,0,0,0,7
S01009061,85 and over,2,0,0,0,2,1,0,0,0,1
S01009062,All people aged 16 and over in households,538,288,236,52,250,128,5,15,45,57
S01009062,16 to 24,59,5,0,5,54,53,1,0,0,0
S01009062,25 to 34,67,26,16,10,41,37,2,1,1,0
S01009062,35 to 49,121,77,54,23,44,21,0,6,16,1
S01009062,50 to 64,156,106,95,11,50,11,1,6,24,8
S01009062,65 to 74,82,57,54,3,25,4,1,2,3,15
S01009062,75 to 84,40,16,16,0,24,2,0,0,1,21
S01009062,85 and over,13,1,1,0,12,0,0,0,0,12
S01009063,All people aged 16 and over in households,614,406,356,50,208,130,4,15,17,42
S01009063,16 to 24,81,5,2,3,76,76,0,0,0,0
S01009063,25 to 34,67,35,20,15,32,27,1,4,0,0
S01009063,35 to 49,162,134,111,23,28,15,0,8,5,0
S01009063,50 to 64,170,147,140,7,23,7,1,2,7,6
S01009063,65 to 74,89,65,63,2,24,1,1,1,4,17
S01009063,75 to 84,39,20,20,0,19,3,1,0,1,14
S01009063,85 and over,6,0,0,0,6,1,0,0,0,5
S01009064,All people aged 16 and over in households,473,284,208,76,189,112,1,11,25,40
S01009064,16 to 24,69,23,3,20,46,46,0,0,0,0
S01009064,25 to 34,87,55,27,28,32,27,0,3,2,0
S01009064,35 to 49,117,79,63,16,38,25,0,5,7,1
S01009064,50 to 64,86,55,43,12,31,9,1,2,14,5
S01009064,65 to 74,74,55,55,0,19,2,0,1,1,15
S01009064,75 to 84,36,16,16,0,20,3,0,0,1,16
S01009064,85 and over,4,1,1,0,3,0,0,0,0,3
S01009065,All people aged 16 and over in households,544,252,180,72,292,169,7,20,47,49
S01009065,16 to 24,91,5,0,5,86,84,1,1,0,0
S01009065,25 to 34,100,51,18,33,49,42,2,1,4,0
S01009065,35 to 49,142,88,63,25,54,24,4,11,13,2
S01009065,50 to 64,88,50,43,7,38,9,0,6,21,2
S01009065,65 to 74,55,30,29,1,25,3,0,0,5,17
S01009065,75 to 84,55,26,25,1,29,5,0,1,4,19
S01009065,85 and over,13,2,2,0,11,2,0,0,0,9
S01009066,All people aged 16 and over in households,594,332,272,60,262,141,5,25,41,50
S01009066,16 to 24,75,3,0,3,72,72,0,0,0,0
S01009066,25 to 34,91,55,27,28,36,32,0,3,1,0
S01009066,35 to 49,143,83,61,22,60,28,0,18,14,0
S01009066,50 to 64,140,106,99,7,34,3,1,2,20,8
S01009066,65 to 74,90,63,63,0,27,4,1,2,5,15
S01009066,75 to 84,44,22,22,0,22,2,3,0,1,16
S01009066,85 and over,11,0,0,0,11,0,0,0,0,11
S01009067,All people aged 16 and over in households,649,480,414,66,169,121,0,13,14,21
S01009067,16 to 24,90,2,0,2,88,88,0,0,0,0
S01009067,25 to 34,101,78,63,15,23,20,0,1,1,1
S01009067,35 to 49,255,233,200,33,22,11,0,7,3,1
S01009067,50 to 64,157,137,125,12,20,2,0,5,8,5
S01009067,65 to 74,34,26,23,3,8,0,0,0,2,6
S01009067,75 to 84,9,4,3,1,5,0,0,0,0,5
S01009067,85 and over,3,0,0,0,3,0,0,0,0,3
S01009068,All people aged 16 and over in households,732,422,336,86,310,184,3,26,42,55
S01009068,16 to 24,107,19,2,17,88,86,0,2,0,0
S01009068,25 to 34,114,49,29,20,65,59,0,6,0,0
S01009068,35 to 49,195,132,100,32,63,25,0,13,23,2
S01009068,50 to 64,186,144,129,15,42,9,1,4,14,14
S01009068,65 to 74,68,48,46,2,20,3,0,1,4,12
S01009068,75 to 84,49,25,25,0,24,2,1,0,1,20
S01009068,85 and over,13,5,5,0,8,0,1,0,0,7
S01009069,All people aged 16 and over in households,525,380,344,36,145,101,0,10,15,19
S01009069,16 to 24,64,5,2,3,59,59,0,0,0,0
S01009069,25 to 34,58,35,27,8,23,23,0,0,0,0
S01009069,35 to 49,147,127,109,18,20,9,0,6,3,2
S01009069,50 to 64,200,176,169,7,24,7,0,3,10,4
S01009069,65 to 74,41,30,30,0,11,2,0,0,2,7
S01009069,75 to 84,13,7,7,0,6,1,0,1,0,4
S01009069,85 and over,2,0,0,0,2,0,0,0,0,2
S01009070,All people aged 16 and over in households,525,358,298,60,167,115,4,9,24,15
S01009070,16 to 24,62,4,2,2,58,57,0,1,0,0
S01009070,25 to 34,75,39,20,19,36,33,0,2,1,0
S01009070,35 to 49,130,98,73,25,32,16,3,4,9,0
S01009070,50 to 64,171,150,139,11,21,6,1,1,11,2
S01009070,65 to 74,56,47,44,3,9,1,0,1,2,5
S01009070,75 to 84,25,19,19,0,6,1,0,0,0,5
S01009070,85 and over,6,1,1,0,5,1,0,0,1,3
S01009071,All people aged 16 and over in households,413,266,216,50,147,74,1,14,29,29
S01009071,16 to 24,37,8,1,7,29,29,0,0,0,0
S01009071,25 to 34,34,14,4,10,20,15,0,4,1,0
S01009071,35 to 49,140,109,90,19,31,17,0,4,8,2
S01009071,50 to 64,119,90,78,12,29,8,1,3,11,6
S01009071,65 to 74,49,26,26,0,23,4,0,3,4,12
S01009071,75 to 84,28,18,17,1,10,1,0,0,4,5
S01009071,85 and over,6,1,0,1,5,0,0,0,1,4
S01009072,All people aged 16 and over in households,407,287,245,42,120,80,3,5,18,14
S01009072,16 to 24,54,10,0,10,44,44,0,0,0,0
S01009072,25 to 34,49,32,26,6,17,14,0,2,1,0
S01009072,35 to 49,145,117,97,20,28,17,1,2,8,0
S01009072,50 to 64,96,85,80,5,11,3,0,1,5,2
S01009072,65 to 74,44,34,34,0,10,1,0,0,4,5
S01009072,75 to 84,16,8,7,1,8,1,2,0,0,5
S01009072,85 and over,3,1,1,0,2,0,0,0,0,2
S01009073,All people aged 16 and over in households,473,252,220,32,221,132,2,16,32,39
S01009073,16 to 24,71,5,0,5,66,65,1,0,0,0
S01009073,25 to 34,58,26,17,9,32,30,0,1,1,0
S01009073,35 to 49,126,80,65,15,46,22,0,12,12,0
S01009073,50 to 64,116,86,83,3,30,6,0,2,13,9
S01009073,65 to 74,68,42,42,0,26,4,1,1,6,14
S01009073,75 to 84,30,12,12,0,18,5,0,0,0,13
S01009073,85 and over,4,1,1,0,3,0,0,0,0,3
S01009074,All people aged 16 and over in households,582,304,252,52,278,185,7,11,47,28
S01009074,16 to 24,81,3,0,3,78,78,0,0,0,0
S01009074,25 to 34,97,39,24,15,58,57,0,0,1,0
S01009074,35 to 49,154,96,73,23,58,34,1,8,13,2
S01009074,50 to 64,140,100,92,8,40,9,1,3,22,5
S01009074,65 to 74,66,45,43,2,21,4,2,0,8,7
S01009074,75 to 84,35,20,19,1,15,3,2,0,2,8
S01009074,85 and over,9,1,1,0,8,0,1,0,1,6
S01009075,All people aged 16 and over in households,453,268,234,34,185,114,1,7,26,37
S01009075,16 to 24,49,2,0,2,47,47,0,0,0,0
S01009075,25 to 34,49,21,9,12,28,28,0,0,0,0
S01009075,35 to 49,127,87,68,19,40,24,0,5,11,0
S01009075,50 to 64,136,111,110,1,25,11,0,0,9,5
S01009075,65 to 74,57,35,35,0,22,3,0,2,3,14
S01009075,75 to 84,29,10,10,0,19,1,1,0,3,14
S01009075,85 and over,6,2,2,0,4,0,0,0,0,4
S01009076,All people aged 16 and over in households,768,510,422,88,258,171,3,23,38,23
S01009076,16 to 24,102,20,2,18,82,81,0,1,0,0
S01009076,25 to 34,148,89,48,41,59,52,0,6,1,0
S01009076,35 to 49,212,165,142,23,47,28,1,3,15,0
S01009076,50 to 64,236,190,184,6,46,8,1,12,15,10
S01009076,65 to 74,54,36,36,0,18,2,1,1,7,7
S01009076,75 to 84,14,10,10,0,4,0,0,0,0,4
S01009076,85 and over,2,0,0,0,2,0,0,0,0,2
S01009077,All people aged 16 and over in households,521,344,290,54,177,122,4,7,21,23
S01009077,16 to 24,73,8,1,7,65,65,0,0,0,0
S01009077,25 to 34,80,45,27,18,35,34,0,1,0,0
S01009077,35 to 49,105,79,59,20,26,14,0,3,9,0
S01009077,50 to 64,166,136,130,6,30,8,2,3,10,7
S01009077,65 to 74,67,57,55,2,10,1,2,0,1,6
S01009077,75 to 84,22,15,14,1,7,0,0,0,0,7
S01009077,85 and over,8,4,4,0,4,0,0,0,1,3
S01009078,All people aged 16 and over in households,571,448,378,70,123,86,7,11,12,7
S01009078,16 to 24,56,4,1,3,52,52,0,0,0,0
S01009078,25 to 34,122,97,72,25,25,20,3,2,0,0
S01009078,35 to 49,273,245,216,29,28,13,1,8,5,1
S01009078,50 to 64,97,86,73,13,11,1,2,0,6,2
S01009078,65 to 74,19,15,15,0,4,0,0,1,0,3
S01009078,75 to 84,3,1,1,0,2,0,1,0,1,0
S01009078,85 and over,1,0,0,0,1,0,0,0,0,1
S01009079,All people aged 16 and over in households,704,366,292,74,338,169,8,25,60,76
S01009079,16 to 24,100,18,4,14,82,82,0,0,0,0
S01009079,25 to 34,91,49,27,22,42,31,3,5,3,0
S01009079,35 to 49,172,109,87,22,63,30,2,12,17,2
S01009079,50 to 64,185,125,112,13,60,15,2,5,28,10
S01009079,65 to 74,73,40,37,3,33,6,0,2,7,18
S01009079,75 to 84,62,25,25,0,37,3,0,1,3,30
S01009079,85 and over,21,0,0,0,21,2,1,0,2,16
S01009080,All people aged 16 and over in households,775,416,354,62,359,202,2,23,61,71
S01009080,16 to 24,88,6,1,5,82,82,0,0,0,0
S01009080,25 to 34,96,40,19,21,56,51,0,3,2,0
S01009080,35 to 49,178,105,79,26,73,36,1,14,20,2
S01009080,50 to 64,240,172,163,9,68,23,1,5,28,11
S01009080,65 to 74,86,59,58,1,27,5,0,1,10,11
S01009080,75 to 84,67,31,31,0,36,3,0,0,0,33
S01009080,85 and over,20,3,3,0,17,2,0,0,1,14
S01009081,All people aged 16 and over in households,565,360,294,66,205,98,6,12,34,55
S01009081,16 to 24,53,11,2,9,42,42,0,0,0,0
S01009081,25 to 34,77,50,26,24,27,22,3,2,0,0
S01009081,35 to 49,150,111,89,22,39,26,0,4,7,2
S01009081,50 to 64,145,104,95,9,41,7,2,6,19,7
S01009081,65 to 74,76,60,58,2,16,0,1,0,3,12
S01009081,75 to 84,51,23,23,0,28,1,0,0,3,24
S01009081,85 and over,13,1,1,0,12,0,0,0,2,10
S01009082,All people aged 16 and over in households,800,430,352,78,370,212,6,29,50,73
S01009082,16 to 24,101,9,1,8,92,92,0,0,0,0
S01009082,25 to 34,114,58,22,36,56,51,1,3,1,0
S01009082,35 to 49,235,162,135,27,73,40,3,13,17,0
S01009082,50 to 64,206,136,130,6,70,20,2,11,26,11
S01009082,65 to 74,65,33,32,1,32,2,0,2,4,24
S01009082,75 to 84,60,28,28,0,32,4,0,0,2,26
S01009082,85 and over,19,4,4,0,15,3,0,0,0,12
S01009083,All people aged 16 and over in households,625,388,314,74,237,145,2,14,39,37
S01009083,16 to 24,59,9,0,9,50,50,0,0,0,0
S01009083,25 to 34,108,52,24,28,56,47,0,3,6,0
S01009083,35 to 49,170,118,96,22,52,26,1,7,13,5
S01009083,50 to 64,177,137,123,14,40,16,0,4,14,6
S01009083,65 to 74,71,53,52,1,18,3,0,0,4,11
S01009083,75 to 84,33,17,17,0,16,2,1,0,2,11
S01009083,85 and over,7,2,2,0,5,1,0,0,0,4
S01009084,All people aged 16 and over in households,354,264,214,50,90,60,0,5,19,6
S01009084,16 to 24,38,4,0,4,34,33,0,1,0,0
S01009084,25 to 34,59,47,29,18,12,12,0,0,0,0
S01009084,35 to 49,143,126,104,22,17,9,0,1,7,0
S01009084,50 to 64,86,66,60,6,20,5,0,3,11,1
S01009084,65 to 74,20,19,19,0,1,1,0,0,0,0
S01009084,75 to 84,7,2,2,0,5,0,0,0,0,5
S01009084,85 and over,1,0,0,0,1,0,0,0,1,0
S01009085,All people aged 16 and over in households,575,456,370,86,119,86,2,8,19,4
S01009085,16 to 24,77,20,3,17,57,57,0,0,0,0
S01009085,25 to 34,144,131,97,34,13,12,0,1,0,0
S01009085,35 to 49,266,237,207,30,29,14,2,4,9,0
S01009085,50 to 64,75,58,53,5,17,3,0,2,10,2
S01009085,65 to 74,10,9,9,0,1,0,0,0,0,1
S01009085,75 to 84,3,1,1,0,2,0,0,1,0,1
S01009085,85 and over,0,0,0,0,0,0,0,0,0,0
S01009086,All people aged 16 and over in households,564,360,298,62,204,111,2,21,35,35
S01009086,16 to 24,52,2,1,1,50,50,0,0,0,0
S01009086,25 to 34,98,74,50,24,24,22,0,1,0,1
S01009086,35 to 49,174,125,98,27,49,24,1,10,14,0
S01009086,50 to 64,143,101,91,10,42,11,0,9,15,7
S01009086,65 to 74,57,40,40,0,17,2,1,1,4,9
S01009086,75 to 84,33,18,18,0,15,2,0,0,2,11
S01009086,85 and over,7,0,0,0,7,0,0,0,0,7
S01009087,All people aged 16 and over in households,474,270,216,54,204,112,2,20,36,34
S01009087,16 to 24,70,6,1,5,64,62,2,0,0,0
S01009087,25 to 34,54,26,13,13,28,24,0,3,1,0
S01009087,35 to 49,161,115,88,27,46,17,0,11,14,4
S01009087,50 to 64,102,67,59,8,35,8,0,5,16,6
S01009087,65 to 74,68,46,45,1,22,1,0,1,3,17
S01009087,75 to 84,17,10,10,0,7,0,0,0,2,5
S01009087,85 and over,2,0,0,0,2,0,0,0,0,2
S01009088,All people aged 16 and over in households,826,578,510,68,248,161,8,16,24,39
S01009088,16 to 24,96,9,4,5,87,87,0,0,0,0
S01009088,25 to 34,96,57,40,17,39,33,1,4,1,0
S01009088,35 to 49,241,199,163,36,42,25,1,7,9,0
S01009088,50 to 64,236,204,196,8,32,11,3,2,11,5
S01009088,65 to 74,103,81,81,0,22,3,2,1,1,15
S01009088,75 to 84,48,27,25,2,21,2,1,2,1,15
S01009088,85 and over,6,1,1,0,5,0,0,0,1,4
S01009089,All people aged 16 and over in households,692,534,474,60,158,108,6,14,19,11
S01009089,16 to 24,84,2,0,2,82,81,1,0,0,0
S01009089,25 to 34,90,71,53,18,19,14,0,3,2,0
S01009089,35 to 49,336,312,281,31,24,8,1,9,6,0
S01009089,50 to 64,125,105,99,6,20,3,2,2,10,3
S01009089,65 to 74,37,30,27,3,7,1,2,0,1,3
S01009089,75 to 84,16,12,12,0,4,1,0,0,0,3
S01009089,85 and over,4,2,2,0,2,0,0,0,0,2
S01009090,All people aged 16 and over in households,586,446,278,168,140,82,4,25,18,11
S01009090,16 to 24,70,41,3,38,29,29,0,0,0,0
S01009090,25 to 34,225,177,95,82,48,37,3,6,1,1
S01009090,35 to 49,211,170,127,43,41,12,0,17,12,0
S01009090,50 to 64,51,40,35,5,11,1,1,1,5,3
S01009090,65 to 74,22,15,15,0,7,1,0,1,0,5
S01009090,75 to 84,5,3,3,0,2,2,0,0,0,0
S01009090,85 and over,2,0,0,0,2,0,0,0,0,2
S01009091,All people aged 16 and over in households,476,372,328,44,104,72,5,4,19,4
S01009091,16 to 24,57,4,1,3,53,53,0,0,0,0
S01009091,25 to 34,57,38,22,16,19,16,1,0,2,0
S01009091,35 to 49,274,252,230,22,22,2,4,4,12,0
S01009091,50 to 64,75,69,66,3,6,1,0,0,4,1
S01009091,65 to 74,11,9,9,0,2,0,0,0,1,1
S01009091,75 to 84,1,0,0,0,1,0,0,0,0,1
S01009091,85 and over,1,0,0,0,1,0,0,0,0,1
S01009092,All people aged 16 and over in households,872,562,456,106,310,159,6,20,56,69
S01009092,16 to 24,96,20,1,19,76,76,0,0,0,0
S01009092,25 to 34,132,93,48,45,39,36,1,2,0,0
S01009092,35 to 49,225,164,138,26,61,29,2,7,22,1
S01009092,50 to 64,207,159,144,15,48,10,0,6,22,10
S01009092,65 to 74,120,80,79,1,40,4,3,4,8,21
S01009092,75 to 84,79,40,40,0,39,3,0,1,3,32
S01009092,85 and over,13,6,6,0,7,1,0,0,1,5
S01009093,All people aged 16 and over in households,600,342,232,110,258,149,5,22,47,35
S01009093,16 to 24,104,37,4,33,67,66,0,1,0,0
S01009093,25 to 34,134,85,38,47,49,43,1,2,3,0
S01009093,35 to 49,149,89,74,15,60,29,1,12,18,0
S01009093,50 to 64,127,82,72,10,45,10,3,7,17,8
S01009093,65 to 74,56,38,35,3,18,0,0,0,8,10
S01009093,75 to 84,25,10,8,2,15,0,0,0,1,14
S01009093,85 and over,5,1,1,0,4,1,0,0,0,3
S01009094,All people aged 16 and over in households,576,439,414,25,137,72,3,8,10,44
S01009094,16 to 24,45,1,0,1,44,44,0,0,0,0
S01009094,25 to 34,34,18,14,4,16,15,0,1,0,0
S01009094,35 to 49,156,136,126,10,20,7,0,5,6,2
S01009094,50 to 64,132,125,117,8,7,1,1,1,1,3
S01009094,65 to 74,122,98,96,2,24,2,2,1,3,16
S01009094,75 to 84,75,59,59,0,16,3,0,0,0,13
S01009094,85 and over,12,2,2,0,10,0,0,0,0,10
S01009095,All people aged 16 and over in households,640,402,346,56,238,139,3,18,31,47
S01009095,16 to 24,64,8,0,8,56,55,1,0,0,0
S01009095,25 to 34,75,31,14,17,44,40,0,3,1,0
S01009095,35 to 49,178,130,111,19,48,29,0,6,11,2
S01009095,50 to 64,185,147,139,8,38,10,1,7,14,6
S01009095,65 to 74,68,50,50,0,18,3,0,0,3,12
S01009095,75 to 84,46,25,23,2,21,2,1,2,2,14
S01009095,85 and over,24,11,9,2,13,0,0,0,0,13
S01009096,All people aged 16 and over in households,704,486,374,112,218,125,6,15,42,30
S01009096,16 to 24,78,17,2,15,61,61,0,0,0,0
S01009096,25 to 34,151,124,84,40,27,22,1,3,1,0
S01009096,35 to 49,279,215,175,40,64,33,3,8,20,0
S01009096,50 to 64,110,84,72,12,26,6,2,2,13,3
S01009096,65 to 74,48,34,31,3,14,2,0,2,5,5
S01009096,75 to 84,30,12,10,2,18,1,0,0,3,14
S01009096,85 and over,8,0,0,0,8,0,0,0,0,8
S01009097,All people aged 16 and over in households,699,506,422,84,193,131,1,12,24,25
S01009097,16 to 24,88,5,1,4,83,83,0,0,0,0
S01009097,25 to 34,86,66,47,19,20,19,0,0,1,0
S01009097,35 to 49,277,244,197,47,33,16,1,9,7,0
S01009097,50 to 64,163,128,115,13,35,11,0,2,14,8
S01009097,65 to 74,47,35,34,1,12,1,0,1,2,8
S01009097,75 to 84,33,25,25,0,8,1,0,0,0,7
S01009097,85 and over,5,3,3,0,2,0,0,0,0,2
S01009098,All people aged 16 and over in households,408,318,284,34,90,65,1,2,7,15
S01009098,16 to 24,45,1,0,1,44,44,0,0,0,0
S01009098,25 to 34,25,18,14,4,7,7,0,0,0,0
S01009098,35 to 49,127,114,94,20,13,10,0,1,2,0
S01009098,50 to 64,123,112,103,9,11,3,1,1,4,2
S01009098,65 to 74,53,47,47,0,6,0,0,0,1,5
S01009098,75 to 84,33,25,25,0,8,1,0,0,0,7
S01009098,85 and over,2,1,1,0,1,0,0,0,0,1
S01009099,All people aged 16 and over in households,662,362,302,60,300,159,5,14,39,83
S01009099,16 to 24,73,7,3,4,66,65,0,0,0,1
S01009099,25 to 34,73,37,19,18,36,36,0,0,0,0
S01009099,35 to 49,166,116,95,21,50,27,3,5,15,0
S01009099,50 to 64,165,114,102,12,51,19,0,5,17,10
S01009099,65 to 74,87,52,49,3,35,9,2,4,4,16
S01009099,75 to 84,68,31,29,2,37,2,0,0,3,32
S01009099,85 and over,30,5,5,0,25,1,0,0,0,24
S01009100,All people aged 16 and over in households,615,272,208,64,343,162,7,27,52,95
S01009100,16 to 24,65,9,0,9,56,54,0,2,0,0
S01009100,25 to 34,98,46,27,19,52,47,0,2,3,0
S01009100,35 to 49,133,70,45,25,63,30,1,14,16,2
S01009100,50 to 64,139,86,79,7,53,18,0,9,19,7
S01009100,65 to 74,70,33,32,1,37,6,3,0,11,17
S01009100,75 to 84,61,18,16,2,43,4,2,0,3,34
S01009100,85 and over,49,10,9,1,39,3,1,0,0,35
S01009101,All people aged 16 and over in households,763,436,358,78,327,209,6,20,50,42
S01009101,16 to 24,133,17,4,13,116,115,1,0,0,0
S01009101,25 to 34,97,46,29,17,51,46,1,2,1,1
S01009101,35 to 49,210,152,120,32,58,27,0,13,16,2
S01009101,50 to 64,187,146,136,10,41,7,4,4,23,3
S01009101,65 to 74,79,51,46,5,28,10,0,0,8,10
S01009101,75 to 84,42,22,21,1,20,4,0,1,0,15
S01009101,85 and over,15,2,2,0,13,0,0,0,2,11
S01009102,All people aged 16 and over in households,600,302,218,84,298,187,4,24,49,34
S01009102,16 to 24,114,13,1,12,101,101,0,0,0,0
S01009102,25 to 34,108,62,24,38,46,43,0,3,0,0
S01009102,35 to 49,179,107,82,25,72,28,2,14,23,5
S01009102,50 to 64,140,90,81,9,50,10,0,7,22,11
S01009102,65 to 74,31,20,20,0,11,2,1,0,3,5
S01009102,75 to 84,20,10,10,0,10,2,1,0,1,6
S01009102,85 and over,8,0,0,0,8,1,0,0,0,7
S01009103,All people aged 16 and over in households,487,332,302,30,155,91,2,4,15,43
S01009103,16 to 24,63,2,0,2,61,61,0,0,0,0
S01009103,25 to 34,30,14,6,8,16,15,0,0,1,0
S01009103,35 to 49,130,113,101,12,17,7,0,3,6,1
S01009103,50 to 64,150,129,121,8,21,6,0,1,7,7
S01009103,65 to 74,64,50,50,0,14,1,0,0,1,12
S01009103,75 to 84,43,23,23,0,20,1,0,0,0,19
S01009103,85 and over,7,1,1,0,6,0,2,0,0,4
S01009104,All people aged 16 and over in households,650,390,306,84,260,157,3,17,38,45
S01009104,16 to 24,83,10,3,7,73,73,0,0,0,0
S01009104,25 to 34,94,60,29,31,34,29,0,3,2,0
S01009104,35 to 49,166,109,82,27,57,34,1,8,14,0
S01009104,50 to 64,181,142,129,13,39,15,1,4,12,7
S01009104,65 to 74,79,50,45,5,29,3,0,1,8,17
S01009104,75 to 84,37,16,15,1,21,1,1,1,2,16
S01009104,85 and over,10,3,3,0,7,2,0,0,0,5
S01009105,All people aged 16 and over in households,639,390,314,76,249,141,3,24,37,44
S01009105,16 to 24,85,11,1,10,74,74,0,0,0,0
S01009105,25 to 34,85,46,28,18,39,33,1,4,1,0
S01009105,35 to 49,208,159,124,35,49,23,1,14,11,0
S01009105,50 to 64,150,112,101,11,38,7,0,5,20,6
S01009105,65 to 74,64,41,39,2,23,3,1,1,3,15
S01009105,75 to 84,35,18,18,0,17,1,0,0,2,14
S01009105,85 and over,12,3,3,0,9,0,0,0,0,9
S01009106,All people aged 16 and over in households,457,286,212,74,171,87,2,13,29,40
S01009106,16 to 24,45,16,5,11,29,29,0,0,0,0
S01009106,25 to 34,83,57,29,28,26,22,0,3,1,0
S01009106,35 to 49,125,80,58,22,45,24,1,7,11,2
S01009106,50 to 64,96,72,62,10,24,6,0,3,11,4
S01009106,65 to 74,54,34,32,2,20,5,0,0,6,9
S01009106,75 to 84,43,25,24,1,18,0,1,0,0,17
S01009106,85 and over,11,2,2,0,9,1,0,0,0,8
S01009107,All people aged 16 and over in households,672,480,378,102,192,116,0,14,27,35
S01009107,16 to 24,77,10,3,7,67,67,0,0,0,0
S01009107,25 to 34,105,75,33,42,30,27,0,3,0,0
S01009107,35 to 49,215,183,154,29,32,14,0,7,10,1
S01009107,50 to 64,170,144,124,20,26,7,0,4,13,2
S01009107,65 to 74,58,43,41,2,15,1,0,0,4,10
S01009107,75 to 84,39,21,19,2,18,0,0,0,0,18
S01009107,85 and over,8,4,4,0,4,0,0,0,0,4
S01009108,All people aged 16 and over in households,612,424,364,60,188,108,0,12,31,37
S01009108,16 to 24,70,10,2,8,60,60,0,0,0,0
S01009108,25 to 34,77,50,38,12,27,25,0,1,1,0
S01009108,35 to 49,148,117,90,27,31,17,0,6,8,0
S01009108,50 to 64,170,142,129,13,28,4,0,3,16,5
S01009108,65 to 74,96,69,69,0,27,2,0,2,5,18
S01009108,75 to 84,45,33,33,0,12,0,0,0,0,12
S01009108,85 and over,6,3,3,0,3,0,0,0,1,2
S01009109,All people aged 16 and over in households,569,412,388,24,157,110,1,7,17,22
S01009109,16 to 24,81,4,0,4,77,77,0,0,0,0
S01009109,25 to 34,43,27,19,8,16,16,0,0,0,0
S01009109,35 to 49,149,128,119,9,21,9,1,4,4,3
S01009109,50 to 64,216,191,190,1,25,7,0,3,10,5
S01009109,65 to 74,57,49,48,1,8,1,0,0,2,5
S01009109,75 to 84,18,12,11,1,6,0,0,0,1,5
S01009109,85 and over,5,1,1,0,4,0,0,0,0,4
S01009110,All people aged 16 and over in households,499,317,266,51,182,95,2,17,33,35
S01009110,16 to 24,51,3,0,3,48,48,0,0,0,0
S01009110,25 to 34,63,37,24,13,26,23,0,3,0,0
S01009110,35 to 49,136,101,79,22,35,16,1,9,9,0
S01009110,50 to 64,120,90,79,11,30,4,1,4,14,7
S01009110,65 to 74,83,62,60,2,21,2,0,1,7,11
S01009110,75 to 84,33,20,20,0,13,1,0,0,2,10
S01009110,85 and over,13,4,4,0,9,1,0,0,1,7
S01009111,All people aged 16 and over in households,698,418,342,76,280,166,5,23,41,45
S01009111,16 to 24,106,13,2,11,93,93,0,0,0,0
S01009111,25 to 34,105,69,47,22,36,33,2,1,0,0
S01009111,35 to 49,203,149,119,30,54,30,1,10,12,1
S01009111,50 to 64,212,158,146,12,54,10,2,10,22,10
S01009111,65 to 74,42,23,23,0,19,0,0,2,5,12
S01009111,75 to 84,24,6,5,1,18,0,0,0,1,17
S01009111,85 and over,6,0,0,0,6,0,0,0,1,5
S01009112,All people aged 16 and over in households,470,342,310,32,128,67,5,6,16,34
S01009112,16 to 24,42,4,4,0,38,38,0,0,0,0
S01009112,25 to 34,27,15,12,3,12,10,1,1,0,0
S01009112,35 to 49,141,125,104,21,16,7,1,3,4,1
S01009112,50 to 64,130,106,99,7,24,6,1,2,7,8
S01009112,65 to 74,81,62,61,1,19,3,1,0,5,10
S01009112,75 to 84,40,25,25,0,15,3,1,0,0,11
S01009112,85 and over,9,5,5,0,4,0,0,0,0,4
S01009113,All people aged 16 and over in households,715,472,400,72,243,142,6,15,30,50
S01009113,16 to 24,95,16,3,13,79,76,3,0,0,0
S01009113,25 to 34,86,52,33,19,34,30,2,1,1,0
S01009113,35 to 49,196,149,125,24,47,28,0,6,13,0
S01009113,50 to 64,198,155,142,13,43,6,1,6,14,16
S01009113,65 to 74,98,78,75,3,20,2,0,0,2,16
S01009113,75 to 84,33,19,19,0,14,0,0,1,0,13
S01009113,85 and over,9,3,3,0,6,0,0,1,0,5
S01009114,All people aged 16 and over in households,615,380,338,42,235,149,4,18,38,26
S01009114,16 to 24,94,3,1,2,91,91,0,0,0,0
S01009114,25 to 34,87,51,35,16,36,31,1,2,2,0
S01009114,35 to 49,253,201,186,15,52,19,3,11,18,1
S01009114,50 to 64,119,92,84,8,27,4,0,3,13,7
S01009114,65 to 74,44,28,28,0,16,3,0,2,3,8
S01009114,75 to 84,16,5,4,1,11,1,0,0,2,8
S01009114,85 and over,2,0,0,0,2,0,0,0,0,2
S01009115,All people aged 16 and over in households,474,288,220,68,186,127,2,11,24,22
S01009115,16 to 24,77,14,0,14,63,63,0,0,0,0
S01009115,25 to 34,83,46,25,21,37,35,0,2,0,0
S01009115,35 to 49,139,104,84,20,35,18,2,6,8,1
S01009115,50 to 64,115,88,75,13,27,7,0,3,14,3
S01009115,65 to 74,41,33,33,0,8,4,0,0,1,3
S01009115,75 to 84,15,3,3,0,12,0,0,0,1,11
S01009115,85 and over,4,0,0,0,4,0,0,0,0,4
S01009116,All people aged 16 and over in households,405,280,256,24,125,87,1,5,15,17
S01009116,16 to 24,55,2,0,2,53,53,0,0,0,0
S01009116,25 to 34,33,10,7,3,23,21,0,2,0,0
S01009116,35 to 49,109,90,79,11,19,10,1,2,6,0
S01009116,50 to 64,135,120,115,5,15,1,0,1,9,4
S01009116,65 to 74,55,49,46,3,6,1,0,0,0,5
S01009116,75 to 84,16,9,9,0,7,1,0,0,0,6
S01009116,85 and over,2,0,0,0,2,0,0,0,0,2
S01009117,All people aged 16 and over in households,671,398,300,98,273,145,4,30,61,33
S01009117,16 to 24,67,8,2,6,59,58,0,1,0,0
S01009117,25 to 34,143,98,59,39,45,41,1,0,2,1
S01009117,35 to 49,231,156,119,37,75,31,1,14,29,0
S01009117,50 to 64,129,86,76,10,43,8,0,12,20,3
S01009117,65 to 74,69,37,35,2,32,4,1,2,10,15
S01009117,75 to 84,26,9,7,2,17,3,1,1,0,12
S01009117,85 and over,6,4,2,2,2,0,0,0,0,2
S01009118,All people aged 16 and over in households,471,350,300,50,121,86,3,8,13,11
S01009118,16 to 24,74,6,0,6,68,67,1,0,0,0
S01009118,25 to 34,66,55,36,19,11,9,1,1,0,0
S01009118,35 to 49,201,179,165,14,22,6,0,5,9,2
S01009118,50 to 64,95,84,76,8,11,3,0,2,4,2
S01009118,65 to 74,23,19,16,3,4,1,1,0,0,2
S01009118,75 to 84,11,7,7,0,4,0,0,0,0,4
S01009118,85 and over,1,0,0,0,1,0,0,0,0,1
S01009119,All people aged 16 and over in households,600,344,282,62,256,165,6,14,36,35
S01009119,16 to 24,86,9,3,6,77,76,0,1,0,0
S01009119,25 to 34,94,48,30,18,46,43,1,2,0,0
S01009119,35 to 49,157,100,79,21,57,27,2,8,19,1
S01009119,50 to 64,149,115,100,15,34,13,3,3,10,5
S01009119,65 to 74,74,55,53,2,19,3,0,0,4,12
S01009119,75 to 84,30,14,14,0,16,3,0,0,3,10
S01009119,85 and over,10,3,3,0,7,0,0,0,0,7
S01009120,All people aged 16 and over in households,444,240,196,44,204,122,3,14,34,31
S01009120,16 to 24,65,11,1,10,54,54,0,0,0,0
S01009120,25 to 34,76,38,22,16,38,38,0,0,0,0
S01009120,35 to 49,115,70,56,14,45,24,1,5,15,0
S01009120,50 to 64,111,82,78,4,29,6,0,6,13,4
S01009120,65 to 74,41,28,28,0,13,0,0,2,4,7
S01009120,75 to 84,32,10,10,0,22,0,2,1,2,17
S01009120,85 and over,4,1,1,0,3,0,0,0,0,3
S01009121,All people aged 16 and over in households,690,406,302,104,284,170,7,17,41,49
S01009121,16 to 24,87,16,0,16,71,69,0,2,0,0
S01009121,25 to 34,127,72,40,32,55,47,4,3,1,0
S01009121,35 to 49,167,105,72,33,62,31,1,9,19,2
S01009121,50 to 64,167,127,112,15,40,14,0,1,14,11
S01009121,65 to 74,79,60,55,5,19,5,1,0,2,11
S01009121,75 to 84,50,25,22,3,25,1,1,0,5,18
S01009121,85 and over,13,1,1,0,12,3,0,2,0,7
S01009122,All people aged 16 and over in households,772,467,382,85,305,168,11,29,49,48
S01009122,16 to 24,90,9,4,5,81,81,0,0,0,0
S01009122,25 to 34,87,53,28,25,34,28,0,3,3,0
S01009122,35 to 49,206,137,114,23,69,28,2,19,18,2
S01009122,50 to 64,234,175,150,25,59,17,6,6,24,6
S01009122,65 to 74,97,71,64,7,26,8,0,1,4,13
S01009122,75 to 84,46,22,22,0,24,5,1,0,0,18
S01009122,85 and over,12,0,0,0,12,1,2,0,0,9
S01009123,All people aged 16 and over in households,446,316,252,64,130,77,3,9,24,17
S01009123,16 to 24,56,2,1,1,54,54,0,0,0,0
S01009123,25 to 34,68,53,28,25,15,10,2,2,1,0
S01009123,35 to 49,159,135,110,25,24,7,1,4,11,1
S01009123,50 to 64,114,94,81,13,20,4,0,3,11,2
S01009123,65 to 74,30,24,24,0,6,2,0,0,1,3
S01009123,75 to 84,16,8,8,0,8,0,0,0,0,8
S01009123,85 and over,3,0,0,0,3,0,0,0,0,3
S01009124,All people aged 16 and over in households,407,298,242,56,109,55,1,16,17,20
S01009124,16 to 24,30,6,2,4,24,24,0,0,0,0
S01009124,25 to 34,80,59,35,24,21,16,0,4,1,0
S01009124,35 to 49,159,130,108,22,29,10,0,10,8,1
S01009124,50 to 64,85,67,61,6,18,4,0,1,8,5
S01009124,65 to 74,37,31,31,0,6,0,0,1,0,5
S01009124,75 to 84,14,5,5,0,9,1,1,0,0,7
S01009124,85 and over,2,0,0,0,2,0,0,0,0,2
S01009125,All people aged 16 and over in households,554,348,298,50,206,109,1,15,33,48
S01009125,16 to 24,53,11,3,8,42,42,0,0,0,0
S01009125,25 to 34,59,36,23,13,23,21,0,1,1,0
S01009125,35 to 49,145,94,74,20,51,25,1,9,14,2
S01009125,50 to 64,152,114,107,7,38,15,0,5,14,4
S01009125,65 to 74,76,55,53,2,21,2,0,0,3,16
S01009125,75 to 84,56,35,35,0,21,2,0,0,0,19
S01009125,85 and over,13,3,3,0,10,2,0,0,1,7
S01009126,All people aged 16 and over in households,448,192,136,56,256,154,6,17,43,36
S01009126,16 to 24,89,17,3,14,72,72,0,0,0,0
S01009126,25 to 34,74,32,13,19,42,39,1,1,1,0
S01009126,35 to 49,122,67,53,14,55,28,2,7,18,0
S01009126,50 to 64,96,45,40,5,51,12,3,9,18,9
S01009126,65 to 74,34,21,19,2,13,1,0,0,4,8
S01009126,75 to 84,25,9,7,2,16,1,0,0,2,13
S01009126,85 and over,8,1,1,0,7,1,0,0,0,6
S01009127,All people aged 16 and over in households,463,218,146,72,245,158,2,22,40,23
S01009127,16 to 24,90,14,5,9,76,75,0,1,0,0
S01009127,25 to 34,88,51,21,30,37,32,0,2,3,0
S01009127,35 to 49,135,73,46,27,62,29,2,11,18,2
S01009127,50 to 64,106,63,59,4,43,14,0,7,15,7
S01009127,65 to 74,25,11,11,0,14,5,0,1,2,6
S01009127,75 to 84,16,6,4,2,10,3,0,0,2,5
S01009127,85 and over,3,0,0,0,3,0,0,0,0,3
S01009128,All people aged 16 and over in households,687,270,186,84,417,213,9,22,82,91
S01009128,16 to 24,103,26,2,24,77,75,0,0,1,1
S01009128,25 to 34,101,40,12,28,61,58,2,0,1,0
S01009128,35 to 49,165,75,51,24,90,38,3,11,36,2
S01009128,50 to 64,147,78,71,7,69,25,3,7,25,9
S01009128,65 to 74,71,27,26,1,44,10,1,3,12,18
S01009128,75 to 84,71,24,24,0,47,4,0,1,6,36
S01009128,85 and over,29,0,0,0,29,3,0,0,1,25
S01009129,All people aged 16 and over in households,386,184,140,44,202,122,4,13,34,29
S01009129,16 to 24,62,4,0,4,58,58,0,0,0,0
S01009129,25 to 34,56,23,8,15,33,30,0,1,2,0
S01009129,35 to 49,123,77,59,18,46,22,1,9,13,1
S01009129,50 to 64,89,58,51,7,31,8,2,3,11,7
S01009129,65 to 74,37,17,17,0,20,3,1,0,6,10
S01009129,75 to 84,17,5,5,0,12,1,0,0,2,9
S01009129,85 and over,2,0,0,0,2,0,0,0,0,2
S01009130,All people aged 16 and over in households,504,304,216,88,200,134,4,11,23,28
S01009130,16 to 24,81,15,0,15,66,66,0,0,0,0
S01009130,25 to 34,102,69,34,35,33,27,2,2,2,0
S01009130,35 to 49,178,134,102,32,44,29,1,7,5,2
S01009130,50 to 64,82,57,53,4,25,7,0,2,10,6
S01009130,65 to 74,31,15,15,0,16,4,0,0,4,8
S01009130,75 to 84,24,11,9,2,13,1,1,0,2,9
S01009130,85 and over,6,3,3,0,3,0,0,0,0,3
S01009131,All people aged 16 and over in households,413,204,142,62,209,101,4,22,46,36
S01009131,16 to 24,57,17,1,16,40,38,0,0,0,2
S01009131,25 to 34,64,38,16,22,26,21,0,3,1,1
S01009131,35 to 49,102,56,39,17,46,21,1,12,12,0
S01009131,50 to 64,93,49,44,5,44,13,2,5,23,1
S01009131,65 to 74,54,33,31,2,21,2,1,2,6,10
S01009131,75 to 84,37,11,11,0,26,3,0,0,4,19
S01009131,85 and over,6,0,0,0,6,3,0,0,0,3
S01009132,All people aged 16 and over in households,633,432,342,90,201,137,1,15,32,16
S01009132,16 to 24,87,6,1,5,81,81,0,0,0,0
S01009132,25 to 34,114,76,29,47,38,35,1,1,1,0
S01009132,35 to 49,230,192,163,29,38,14,0,7,16,1
S01009132,50 to 64,152,122,115,7,30,6,0,7,13,4
S01009132,65 to 74,32,25,23,2,7,1,0,0,1,5
S01009132,75 to 84,16,11,11,0,5,0,0,0,1,4
S01009132,85 and over,2,0,0,0,2,0,0,0,0,2
S01009133,All people aged 16 and over in households,480,244,152,92,236,142,12,13,39,30
S01009133,16 to 24,52,12,3,9,40,40,0,0,0,0
S01009133,25 to 34,99,55,20,35,44,39,3,1,1,0
S01009133,35 to 49,141,82,47,35,59,37,6,5,11,0
S01009133,50 to 64,109,58,48,10,51,22,1,5,18,5
S01009133,65 to 74,49,27,24,3,22,3,1,2,8,8
S01009133,75 to 84,21,8,8,0,13,1,1,0,1,10
S01009133,85 and over,9,2,2,0,7,0,0,0,0,7
S01009134,All people aged 16 and over in households,764,484,374,110,280,165,1,21,44,49
S01009134,16 to 24,90,9,1,8,81,80,0,0,1,0
S01009134,25 to 34,90,63,38,25,27,24,0,0,2,1
S01009134,35 to 49,245,185,123,62,60,32,1,14,11,2
S01009134,50 to 64,174,126,114,12,48,15,0,6,24,3
S01009134,65 to 74,90,65,63,2,25,4,0,1,3,17
S01009134,75 to 84,65,33,32,1,32,9,0,0,3,20
S01009134,85 and over,10,3,3,0,7,1,0,0,0,6
S01009135,All people aged 16 and over in households,447,260,186,74,187,116,3,22,29,17
S01009135,16 to 24,74,25,3,22,49,49,0,0,0,0
S01009135,25 to 34,109,64,41,23,45,37,1,4,2,1
S01009135,35 to 49,166,113,91,22,53,26,0,13,13,1
S01009135,50 to 64,77,49,42,7,28,3,2,5,11,7
S01009135,65 to 74,15,9,9,0,6,0,0,0,2,4
S01009135,75 to 84,5,0,0,0,5,1,0,0,1,3
S01009135,85 and over,1,0,0,0,1,0,0,0,0,1
S01009136,All people aged 16 and over in households,533,364,292,72,169,110,4,10,18,27
S01009136,16 to 24,80,16,5,11,64,64,0,0,0,0
S01009136,25 to 34,100,66,40,26,34,29,2,2,1,0
S01009136,35 to 49,209,180,153,27,29,14,0,6,9,0
S01009136,50 to 64,79,68,60,8,11,2,2,2,4,1
S01009136,65 to 74,30,22,22,0,8,0,0,0,3,5
S01009136,75 to 84,21,10,10,0,11,1,0,0,1,9
S01009136,85 and over,14,2,2,0,12,0,0,0,0,12
S01009137,All people aged 16 and over in households,437,346,278,68,91,67,5,12,4,3
S01009137,16 to 24,58,8,2,6,50,48,2,0,0,0
S01009137,25 to 34,99,86,64,22,13,12,0,1,0,0
S01009137,35 to 49,213,192,156,36,21,5,2,11,2,1
S01009137,50 to 64,55,51,48,3,4,2,1,0,1,0
S01009137,65 to 74,10,7,6,1,3,0,0,0,1,2
S01009137,75 to 84,2,2,2,0,0,0,0,0,0,0
S01009137,85 and over,0,0,0,0,0,0,0,0,0,0
S01009138,All people aged 16 and over in households,712,466,372,94,246,154,1,23,40,28
S01009138,16 to 24,75,10,2,8,65,65,0,0,0,0
S01009138,25 to 34,138,91,45,46,47,40,0,6,1,0
S01009138,35 to 49,226,163,134,29,63,35,0,10,17,1
S01009138,50 to 64,181,144,134,10,37,9,0,6,16,6
S01009138,65 to 74,59,41,40,1,18,5,0,1,4,8
S01009138,75 to 84,29,17,17,0,12,0,1,0,2,9
S01009138,85 and over,4,0,0,0,4,0,0,0,0,4
S01009139,All people aged 16 and over in households,350,148,86,62,202,122,5,20,40,15
S01009139,16 to 24,49,14,1,13,35,35,0,0,0,0
S01009139,25 to 34,83,34,11,23,49,43,1,2,3,0
S01009139,35 to 49,107,45,25,20,62,32,2,13,15,0
S01009139,50 to 64,77,39,33,6,38,11,2,5,18,2
S01009139,65 to 74,20,10,10,0,10,0,0,0,4,6
S01009139,75 to 84,12,6,6,0,6,0,0,0,0,6
S01009139,85 and over,2,0,0,0,2,1,0,0,0,1
S01009140,All people aged 16 and over in households,616,296,208,88,320,186,5,18,65,46
S01009140,16 to 24,87,12,0,12,75,75,0,0,0,0
S01009140,25 to 34,116,65,26,39,51,47,1,1,2,0
S01009140,35 to 49,172,96,70,26,76,41,1,8,24,2
S01009140,50 to 64,138,77,69,8,61,16,3,4,29,9
S01009140,65 to 74,56,27,25,2,29,2,0,4,8,15
S01009140,75 to 84,39,19,18,1,20,5,0,1,2,12
S01009140,85 and over,8,0,0,0,8,0,0,0,0,8
S01009141,All people aged 16 and over in households,675,294,194,100,381,195,3,48,78,57
S01009141,16 to 24,61,14,6,8,47,46,0,1,0,0
S01009141,25 to 34,140,83,39,44,57,50,2,1,4,0
S01009141,35 to 49,202,94,64,30,108,67,1,19,21,0
S01009141,50 to 64,153,67,50,17,86,20,0,23,34,9
S01009141,65 to 74,64,24,23,1,40,7,0,2,15,16
S01009141,75 to 84,36,10,10,0,26,1,0,2,4,19
S01009141,85 and over,19,2,2,0,17,4,0,0,0,13
S01009142,All people aged 16 and over in households,548,222,152,70,326,170,3,31,65,57
S01009142,16 to 24,69,19,1,18,50,50,0,0,0,0
S01009142,25 to 34,101,46,22,24,55,50,0,3,2,0
S01009142,35 to 49,155,73,51,22,82,37,3,14,25,3
S01009142,50 to 64,114,39,34,5,75,26,0,11,29,9
S01009142,65 to 74,48,24,23,1,24,3,0,2,6,13
S01009142,75 to 84,44,20,20,0,24,4,0,1,3,16
S01009142,85 and over,17,1,1,0,16,0,0,0,0,16
S01009143,All people aged 16 and over in households,501,222,154,68,279,156,2,14,50,57
S01009143,16 to 24,73,14,3,11,59,58,0,1,0,0
S01009143,25 to 34,65,29,9,20,36,33,0,1,2,0
S01009143,35 to 49,127,64,36,28,63,36,2,4,21,0
S01009143,50 to 64,108,63,57,6,45,14,0,5,20,6
S01009143,65 to 74,62,35,32,3,27,7,0,3,7,10
S01009143,75 to 84,45,16,16,0,29,6,0,0,0,23
S01009143,85 and over,21,1,1,0,20,2,0,0,0,18
S01009144,All people aged 16 and over in households,542,358,222,136,184,132,2,14,28,8
S01009144,16 to 24,88,34,3,31,54,54,0,0,0,0
S01009144,25 to 34,180,119,54,65,61,53,1,2,5,0
S01009144,35 to 49,181,134,96,38,47,23,0,8,15,1
S01009144,50 to 64,71,56,54,2,15,2,1,3,8,1
S01009144,65 to 74,18,13,13,0,5,0,0,1,0,4
S01009144,75 to 84,2,2,2,0,0,0,0,0,0,0
S01009144,85 and over,2,0,0,0,2,0,0,0,0,2
S01009145,All people aged 16 and over in households,883,540,448,92,343,177,10,26,53,77
S01009145,16 to 24,83,13,3,10,70,70,0,0,0,0
S01009145,25 to 34,126,71,30,41,55,45,3,3,4,0
S01009145,35 to 49,205,135,111,24,70,42,2,13,12,1
S01009145,50 to 64,220,156,146,10,64,17,4,7,28,8
S01009145,65 to 74,174,134,128,6,40,2,0,2,5,31
S01009145,75 to 84,63,27,26,1,36,1,0,1,4,30
S01009145,85 and over,12,4,4,0,8,0,1,0,0,7
S01009146,All people aged 16 and over in households,751,394,288,106,357,229,6,19,60,43
S01009146,16 to 24,122,20,1,19,102,102,0,0,0,0
S01009146,25 to 34,151,88,52,36,63,60,1,2,0,0
S01009146,35 to 49,198,115,78,37,83,43,3,13,24,0
S01009146,50 to 64,159,109,96,13,50,13,0,3,24,10
S01009146,65 to 74,67,40,39,1,27,6,0,1,8,12
S01009146,75 to 84,48,22,22,0,26,2,2,0,4,18
S01009146,85 and over,6,0,0,0,6,3,0,0,0,3
S01009147,All people aged 16 and over in households,648,338,254,84,310,192,4,24,44,46
S01009147,16 to 24,92,12,1,11,80,78,0,2,0,0
S01009147,25 to 34,123,62,34,28,61,53,2,2,4,0
S01009147,35 to 49,186,110,71,39,76,41,1,12,16,6
S01009147,50 to 64,116,78,73,5,38,11,0,7,15,5
S01009147,65 to 74,61,38,38,0,23,6,1,0,5,11
S01009147,75 to 84,58,35,34,1,23,1,0,1,4,17
S01009147,85 and over,12,3,3,0,9,2,0,0,0,7
S01009148,All people aged 16 and over in households,549,322,252,70,227,152,8,15,23,29
S01009148,16 to 24,100,5,0,5,95,94,1,0,0,0
S01009148,25 to 34,55,30,13,17,25,23,1,0,1,0
S01009148,35 to 49,168,123,91,32,45,25,2,7,9,2
S01009148,50 to 64,125,96,85,11,29,8,2,7,11,1
S01009148,65 to 74,69,53,48,5,16,2,2,1,2,9
S01009148,75 to 84,22,12,12,0,10,0,0,0,0,10
S01009148,85 and over,10,3,3,0,7,0,0,0,0,7
S01009149,All people aged 16 and over in households,682,432,336,96,250,143,4,13,45,45
S01009149,16 to 24,80,19,2,17,61,60,0,0,1,0
S01009149,25 to 34,116,73,39,34,43,37,2,2,2,0
S01009149,35 to 49,184,141,108,33,43,25,0,6,11,1
S01009149,50 to 64,166,118,107,11,48,10,2,3,27,6
S01009149,65 to 74,64,43,42,1,21,8,0,1,2,10
S01009149,75 to 84,58,36,36,0,22,1,0,1,2,18
S01009149,85 and over,14,2,2,0,12,2,0,0,0,10
S01009150,All people aged 16 and over in households,745,286,268,18,459,86,10,36,125,202
S01009150,16 to 24,1,1,0,1,0,0,0,0,0,0
S01009150,25 to 34,6,2,0,2,4,4,0,0,0,0
S01009150,35 to 49,29,7,5,2,22,13,0,4,5,0
S01009150,50 to 64,158,61,56,5,97,30,2,14,42,9
S01009150,65 to 74,261,108,102,6,153,20,4,14,57,58
S01009150,75 to 84,235,94,92,2,141,15,4,4,20,98
S01009150,85 and over,55,13,13,0,42,4,0,0,1,37
S01009151,All people aged 16 and over in households,766,404,324,80,362,160,5,29,33,135
S01009151,16 to 24,75,14,0,14,61,60,0,0,1,0
S01009151,25 to 34,87,48,15,33,39,38,0,1,0,0
S01009151,35 to 49,163,103,84,19,60,33,1,15,8,3
S01009151,50 to 64,136,95,88,7,41,13,1,7,13,7
S01009151,65 to 74,126,88,83,5,38,6,1,2,7,22
S01009151,75 to 84,116,48,46,2,68,8,0,3,4,53
S01009151,85 and over,63,8,8,0,55,2,2,1,0,50
S01009152,All people aged 16 and over in households,625,249,176,73,376,173,7,38,66,92
S01009152,16 to 24,57,27,3,24,30,29,0,1,0,0
S01009152,25 to 34,94,39,13,26,55,49,0,5,1,0
S01009152,35 to 49,118,28,17,11,90,55,5,17,13,0
S01009152,50 to 64,126,52,43,9,74,24,1,8,29,12
S01009152,65 to 74,110,64,61,3,46,8,0,6,11,21
S01009152,75 to 84,97,37,37,0,60,5,0,1,9,45
S01009152,85 and over,23,2,2,0,21,3,1,0,3,14
S01009153,All people aged 16 and over in households,420,224,156,68,196,119,7,12,33,25
S01009153,16 to 24,49,21,6,15,28,26,1,1,0,0
S01009153,25 to 34,113,69,34,35,44,42,0,0,1,1
S01009153,35 to 49,107,44,35,9,63,37,4,9,13,0
S01009153,50 to 64,77,48,39,9,29,8,2,2,16,1
S01009153,65 to 74,27,22,22,0,5,1,0,0,1,3
S01009153,75 to 84,31,16,16,0,15,5,0,0,1,9
S01009153,85 and over,16,4,4,0,12,0,0,0,1,11
S01009154,All people aged 16 and over in households,779,484,394,90,295,151,3,19,37,85
S01009154,16 to 24,87,22,3,19,65,65,0,0,0,0
S01009154,25 to 34,109,65,30,35,44,40,0,0,4,0
S01009154,35 to 49,213,158,130,28,55,23,2,15,15,0
S01009154,50 to 64,158,115,108,7,43,16,1,3,16,7
S01009154,65 to 74,97,79,78,1,18,3,0,1,0,14
S01009154,75 to 84,81,35,35,0,46,4,0,0,2,40
S01009154,85 and over,34,10,10,0,24,0,0,0,0,24
S01009155,All people aged 16 and over in households,433,294,236,58,139,92,3,9,8,27
S01009155,16 to 24,36,7,1,6,29,29,0,0,0,0
S01009155,25 to 34,35,20,5,15,15,15,0,0,0,0
S01009155,35 to 49,159,121,99,22,38,28,2,5,2,1
S01009155,50 to 64,108,84,72,12,24,15,1,3,3,2
S01009155,65 to 74,51,40,38,2,11,2,0,1,3,5
S01009155,75 to 84,35,21,20,1,14,1,0,0,0,13
S01009155,85 and over,9,1,1,0,8,2,0,0,0,6
S01009156,All people aged 16 and over in households,461,302,268,34,159,96,2,4,13,44
S01009156,16 to 24,50,7,1,6,43,43,0,0,0,0
S01009156,25 to 34,37,18,11,7,19,19,0,0,0,0
S01009156,35 to 49,128,101,87,14,27,19,0,1,5,2
S01009156,50 to 64,125,100,93,7,25,8,0,2,8,7
S01009156,65 to 74,48,40,40,0,8,1,1,1,0,5
S01009156,75 to 84,57,30,30,0,27,5,1,0,0,21
S01009156,85 and over,16,6,6,0,10,1,0,0,0,9
S01009157,All people aged 16 and over in households,684,396,336,60,288,139,5,19,54,71
S01009157,16 to 24,73,1,0,1,72,71,0,0,1,0
S01009157,25 to 34,76,42,25,17,34,30,0,2,2,0
S01009157,35 to 49,206,141,109,32,65,31,1,11,21,1
S01009157,50 to 64,167,119,110,9,48,7,0,6,23,12
S01009157,65 to 74,85,60,59,1,25,0,0,0,4,21
S01009157,75 to 84,62,31,31,0,31,0,2,0,3,26
S01009157,85 and over,15,2,2,0,13,0,2,0,0,11
S01009158,All people aged 16 and over in households,465,276,186,90,189,89,4,13,32,51
S01009158,16 to 24,45,13,0,13,32,30,0,0,2,0
S01009158,25 to 34,111,76,40,36,35,30,1,2,2,0
S01009158,35 to 49,108,72,46,26,36,19,0,5,12,0
S01009158,50 to 64,82,59,52,7,23,6,1,3,10,3
S01009158,65 to 74,49,30,26,4,19,2,1,2,3,11
S01009158,75 to 84,50,24,20,4,26,2,1,0,3,20
S01009158,85 and over,20,2,2,0,18,0,0,1,0,17
S01009159,All people aged 16 and over in households,399,160,110,50,239,127,0,20,72,20
S01009159,16 to 24,67,9,3,6,58,57,0,0,1,0
S01009159,25 to 34,50,15,3,12,35,32,0,2,1,0
S01009159,35 to 49,125,61,41,20,64,25,0,12,26,1
S01009159,50 to 64,92,47,38,9,45,6,0,4,33,2
S01009159,65 to 74,45,19,16,3,26,3,0,2,10,11
S01009159,75 to 84,19,9,9,0,10,4,0,0,1,5
S01009159,85 and over,1,0,0,0,1,0,0,0,0,1
S01009160,All people aged 16 and over in households,527,288,196,92,239,131,3,23,54,28
S01009160,16 to 24,59,21,0,21,38,38,0,0,0,0
S01009160,25 to 34,93,49,21,28,44,38,1,4,1,0
S01009160,35 to 49,154,83,59,24,71,35,2,8,26,0
S01009160,50 to 64,121,70,56,14,51,14,0,10,22,5
S01009160,65 to 74,72,51,46,5,21,5,0,1,5,10
S01009160,75 to 84,25,14,14,0,11,1,0,0,0,10
S01009160,85 and over,3,0,0,0,3,0,0,0,0,3
S01009161,All people aged 16 and over in households,543,242,166,76,301,149,5,22,71,54
S01009161,16 to 24,78,21,1,20,57,56,0,1,0,0
S01009161,25 to 34,84,42,17,25,42,38,1,1,2,0
S01009161,35 to 49,123,60,41,19,63,33,3,10,17,0
S01009161,50 to 64,113,58,47,11,55,12,0,8,29,6
S01009161,65 to 74,70,30,29,1,40,5,0,1,19,15
S01009161,75 to 84,58,27,27,0,31,5,1,1,2,22
S01009161,85 and over,17,4,4,0,13,0,0,0,2,11
S01009162,All people aged 16 and over in households,643,288,188,100,355,189,5,20,85,56
S01009162,16 to 24,74,25,0,25,49,49,0,0,0,0
S01009162,25 to 34,106,62,29,33,44,42,0,2,0,0
S01009162,35 to 49,185,88,53,35,97,58,2,6,30,1
S01009162,50 to 64,149,69,62,7,80,21,2,7,38,12
S01009162,65 to 74,65,30,30,0,35,6,0,4,12,13
S01009162,75 to 84,46,9,9,0,37,11,1,1,5,19
S01009162,85 and over,18,5,5,0,13,2,0,0,0,11
S01009163,All people aged 16 and over in households,417,224,170,54,193,102,4,8,39,40
S01009163,16 to 24,55,16,1,15,39,38,1,0,0,0
S01009163,25 to 34,52,25,8,17,27,22,3,0,2,0
S01009163,35 to 49,100,59,44,15,41,23,0,5,13,0
S01009163,50 to 64,106,70,63,7,36,13,0,3,17,3
S01009163,65 to 74,52,32,32,0,20,3,0,0,6,11
S01009163,75 to 84,43,19,19,0,24,3,0,0,1,20
S01009163,85 and over,9,3,3,0,6,0,0,0,0,6
S01009164,All people aged 16 and over in households,598,362,280,82,236,132,5,11,47,41
S01009164,16 to 24,83,10,3,7,73,72,1,0,0,0
S01009164,25 to 34,99,65,33,32,34,28,0,3,3,0
S01009164,35 to 49,165,123,84,39,42,18,0,5,18,1
S01009164,50 to 64,134,98,96,2,36,9,2,1,18,6
S01009164,65 to 74,76,50,48,2,26,2,1,1,6,16
S01009164,75 to 84,33,14,14,0,19,3,1,1,2,12
S01009164,85 and over,8,2,2,0,6,0,0,0,0,6
S01009165,All people aged 16 and over in households,591,298,216,82,293,183,8,19,49,34
S01009165,16 to 24,108,18,0,18,90,90,0,0,0,0
S01009165,25 to 34,101,52,23,29,49,44,1,0,4,0
S01009165,35 to 49,166,101,74,27,65,38,1,9,17,0
S01009165,50 to 64,119,68,60,8,51,7,2,7,25,10
S01009165,65 to 74,49,34,34,0,15,2,1,3,1,8
S01009165,75 to 84,32,20,20,0,12,2,2,0,2,6
S01009165,85 and over,16,5,5,0,11,0,1,0,0,10
S01009166,All people aged 16 and over in households,673,332,226,106,341,195,9,19,53,65
S01009166,16 to 24,110,27,3,24,83,83,0,0,0,0
S01009166,25 to 34,105,55,27,28,50,47,1,1,1,0
S01009166,35 to 49,184,103,73,30,81,48,4,6,22,1
S01009166,50 to 64,163,98,78,20,65,12,3,11,24,15
S01009166,65 to 74,65,35,31,4,30,3,1,1,4,21
S01009166,75 to 84,32,11,11,0,21,1,0,0,2,18
S01009166,85 and over,14,3,3,0,11,1,0,0,0,10
S01009167,All people aged 16 and over in households,410,231,184,47,179,123,3,6,26,21
S01009167,16 to 24,64,2,1,1,62,62,0,0,0,0
S01009167,25 to 34,69,37,19,18,32,28,1,0,3,0
S01009167,35 to 49,132,85,68,17,47,29,0,5,12,1
S01009167,50 to 64,84,67,59,8,17,3,1,1,9,3
S01009167,65 to 74,40,31,28,3,9,0,0,0,2,7
S01009167,75 to 84,19,9,9,0,10,1,1,0,0,8
S01009167,85 and over,2,0,0,0,2,0,0,0,0,2
S01009168,All people aged 16 and over in households,562,366,332,34,196,119,2,9,25,41
S01009168,16 to 24,60,7,2,5,53,53,0,0,0,0
S01009168,25 to 34,52,25,16,9,27,26,0,0,1,0
S01009168,35 to 49,117,87,78,9,30,20,1,5,4,0
S01009168,50 to 64,173,135,124,11,38,11,0,3,14,10
S01009168,65 to 74,106,80,80,0,26,6,1,1,5,13
S01009168,75 to 84,46,28,28,0,18,3,0,0,1,14
S01009168,85 and over,8,4,4,0,4,0,0,0,0,4
S01009169,All people aged 16 and over in households,674,310,264,46,364,151,7,35,57,114
S01009169,16 to 24,57,4,0,4,53,53,0,0,0,0
S01009169,25 to 34,70,32,21,11,38,30,1,5,2,0
S01009169,35 to 49,96,61,44,17,35,20,0,10,4,1
S01009169,50 to 64,159,90,82,8,69,20,1,11,26,11
S01009169,65 to 74,146,75,72,3,71,12,4,9,18,28
S01009169,75 to 84,113,38,37,1,75,14,1,0,6,54
S01009169,85 and over,33,10,8,2,23,2,0,0,1,20
S01009170,All people aged 16 and over in households,529,324,238,86,205,126,2,16,40,21
S01009170,16 to 24,75,9,4,5,66,66,0,0,0,0
S01009170,25 to 34,88,56,23,33,32,28,0,2,1,1
S01009170,35 to 49,159,107,77,30,52,24,1,10,17,0
S01009170,50 to 64,135,107,92,15,28,5,1,2,16,4
S01009170,65 to 74,61,40,37,3,21,3,0,2,6,10
S01009170,75 to 84,8,4,4,0,4,0,0,0,0,4
S01009170,85 and over,3,1,1,0,2,0,0,0,0,2
S01009171,All people aged 16 and over in households,529,306,224,82,223,137,1,20,41,24
S01009171,16 to 24,59,6,2,4,53,52,1,0,0,0
S01009171,25 to 34,120,78,33,45,42,39,0,3,0,0
S01009171,35 to 49,156,95,69,26,61,34,0,6,18,3
S01009171,50 to 64,133,88,83,5,45,11,0,10,19,5
S01009171,65 to 74,49,35,33,2,14,0,0,1,3,10
S01009171,75 to 84,9,4,4,0,5,1,0,0,0,4
S01009171,85 and over,3,0,0,0,3,0,0,0,1,2
S01009172,All people aged 16 and over in households,556,394,330,64,162,102,6,6,10,38
S01009172,16 to 24,71,9,0,9,62,61,0,1,0,0
S01009172,25 to 34,57,38,22,16,19,17,0,0,2,0
S01009172,35 to 49,170,152,126,26,18,10,2,3,3,0
S01009172,50 to 64,148,129,118,11,19,7,3,1,4,4
S01009172,65 to 74,58,49,48,1,9,2,0,1,1,5
S01009172,75 to 84,39,11,10,1,28,4,1,0,0,23
S01009172,85 and over,13,6,6,0,7,1,0,0,0,6
S01009173,All people aged 16 and over in households,626,454,410,44,172,106,2,15,17,32
S01009173,16 to 24,64,3,0,3,61,61,0,0,0,0
S01009173,25 to 34,72,48,35,13,24,22,0,1,1,0
S01009173,35 to 49,193,158,141,17,35,14,1,9,10,1
S01009173,50 to 64,179,159,148,11,20,6,1,3,5,5
S01009173,65 to 74,76,65,65,0,11,1,0,2,0,8
S01009173,75 to 84,33,18,18,0,15,1,0,0,1,13
S01009173,85 and over,9,3,3,0,6,1,0,0,0,5
S01009174,All people aged 16 and over in households,346,284,248,36,62,44,1,4,9,4
S01009174,16 to 24,34,3,2,1,31,31,0,0,0,0
S01009174,25 to 34,78,71,57,14,7,7,0,0,0,0
S01009174,35 to 49,174,161,145,16,13,5,0,2,6,0
S01009174,50 to 64,48,45,40,5,3,0,0,1,1,1
S01009174,65 to 74,9,4,4,0,5,0,0,1,2,2
S01009174,75 to 84,3,0,0,0,3,1,1,0,0,1
S01009174,85 and over,0,0,0,0,0,0,0,0,0,0
S01009175,All people aged 16 and over in households,637,472,424,48,165,121,2,18,17,7
S01009175,16 to 24,76,3,1,2,73,73,0,0,0,0
S01009175,25 to 34,97,64,54,10,33,28,1,2,1,1
S01009175,35 to 49,265,225,195,30,40,16,1,13,9,1
S01009175,50 to 64,167,154,148,6,13,3,0,3,6,1
S01009175,65 to 74,24,21,21,0,3,1,0,0,1,1
S01009175,75 to 84,8,5,5,0,3,0,0,0,0,3
S01009175,85 and over,0,0,0,0,0,0,0,0,0,0
S01009176,All people aged 16 and over in households,793,574,528,46,219,102,10,16,18,73
S01009176,16 to 24,61,1,1,0,60,58,1,0,0,1
S01009176,25 to 34,63,37,24,13,26,25,1,0,0,0
S01009176,35 to 49,242,217,194,23,25,10,0,10,5,0
S01009176,50 to 64,203,167,159,8,36,6,5,6,9,10
S01009176,65 to 74,102,87,86,1,15,0,1,0,1,13
S01009176,75 to 84,99,62,61,1,37,2,1,0,3,31
S01009176,85 and over,23,3,3,0,20,1,1,0,0,18
S01009177,All people aged 16 and over in households,648,352,276,76,296,173,5,28,62,28
S01009177,16 to 24,96,17,3,14,79,79,0,0,0,0
S01009177,25 to 34,121,58,28,30,63,55,1,7,0,0
S01009177,35 to 49,161,90,71,19,71,27,3,15,25,1
S01009177,50 to 64,202,144,133,11,58,12,0,5,33,8
S01009177,65 to 74,49,33,32,1,16,0,0,1,3,12
S01009177,75 to 84,16,9,8,1,7,0,1,0,0,6
S01009177,85 and over,3,1,1,0,2,0,0,0,1,1
S01009178,All people aged 16 and over in households,568,286,210,76,282,187,4,26,40,25
S01009178,16 to 24,98,15,5,10,83,82,0,1,0,0
S01009178,25 to 34,119,68,39,29,51,44,0,5,2,0
S01009178,35 to 49,162,82,60,22,80,50,1,13,14,2
S01009178,50 to 64,131,87,77,10,44,7,1,7,21,8
S01009178,65 to 74,39,28,25,3,11,2,0,0,2,7
S01009178,75 to 84,15,6,4,2,9,2,2,0,1,4
S01009178,85 and over,4,0,0,0,4,0,0,0,0,4
S01009179,All people aged 16 and over in households,539,328,288,40,211,136,4,13,33,25
S01009179,16 to 24,74,13,8,5,61,61,0,0,0,0
S01009179,25 to 34,93,42,27,15,51,45,2,2,2,0
S01009179,35 to 49,132,92,79,13,40,18,2,8,12,0
S01009179,50 to 64,178,141,134,7,37,8,0,3,15,11
S01009179,65 to 74,45,33,33,0,12,1,0,0,3,8
S01009179,75 to 84,12,7,7,0,5,1,0,0,1,3
S01009179,85 and over,5,0,0,0,5,2,0,0,0,3
S01009180,All people aged 16 and over in households,805,458,378,80,347,201,5,20,71,50
S01009180,16 to 24,112,24,2,22,88,87,0,1,0,0
S01009180,25 to 34,138,83,52,31,55,53,0,0,2,0
S01009180,35 to 49,191,123,105,18,68,40,0,7,19,2
S01009180,50 to 64,206,128,121,7,78,14,0,11,42,11
S01009180,65 to 74,95,79,77,2,16,2,0,1,6,7
S01009180,75 to 84,41,17,17,0,24,4,3,0,2,15
S01009180,85 and over,22,4,4,0,18,1,2,0,0,15
S01009181,All people aged 16 and over in households,691,418,346,72,273,166,2,19,34,52
S01009181,16 to 24,89,5,3,2,84,83,0,1,0,0
S01009181,25 to 34,88,42,26,16,46,42,0,2,2,0
S01009181,35 to 49,205,151,115,36,54,23,1,9,17,4
S01009181,50 to 64,158,125,108,17,33,10,0,7,13,3
S01009181,65 to 74,94,70,70,0,24,4,0,0,0,20
S01009181,75 to 84,45,22,21,1,23,2,1,0,2,18
S01009181,85 and over,12,3,3,0,9,2,0,0,0,7
S01009182,All people aged 16 and over in households,808,532,452,80,276,162,4,11,50,49
S01009182,16 to 24,98,9,1,8,89,88,1,0,0,0
S01009182,25 to 34,117,77,47,30,40,38,0,1,1,0
S01009182,35 to 49,254,196,167,29,58,26,3,8,21,0
S01009182,50 to 64,207,172,159,13,35,8,0,0,24,3
S01009182,65 to 74,78,59,59,0,19,1,0,1,1,16
S01009182,75 to 84,40,19,19,0,21,0,0,1,3,17
S01009182,85 and over,14,0,0,0,14,1,0,0,0,13
S01009183,All people aged 16 and over in households,598,416,362,54,182,131,4,15,18,14
S01009183,16 to 24,93,4,2,2,89,88,1,0,0,0
S01009183,25 to 34,106,73,53,20,33,30,1,1,1,0
S01009183,35 to 49,186,155,138,17,31,8,1,12,8,2
S01009183,50 to 64,166,151,139,12,15,3,1,1,8,2
S01009183,65 to 74,34,24,22,2,10,2,0,1,1,6
S01009183,75 to 84,9,5,4,1,4,0,0,0,0,4
S01009183,85 and over,4,4,4,0,0,0,0,0,0,0
S01009184,All people aged 16 and over in households,685,434,334,100,251,134,4,22,41,50
S01009184,16 to 24,78,12,0,12,66,65,1,0,0,0
S01009184,25 to 34,88,60,29,31,28,23,0,4,1,0
S01009184,35 to 49,195,150,114,36,45,21,0,8,16,0
S01009184,50 to 64,164,113,97,16,51,16,2,10,18,5
S01009184,65 to 74,95,73,71,2,22,4,0,0,4,14
S01009184,75 to 84,54,22,20,2,32,5,1,0,2,24
S01009184,85 and over,11,4,3,1,7,0,0,0,0,7
S01009185,All people aged 16 and over in households,695,400,334,66,295,183,5,19,46,42
S01009185,16 to 24,116,15,0,15,101,100,0,0,1,0
S01009185,25 to 34,75,36,30,6,39,35,0,2,2,0
S01009185,35 to 49,205,156,124,32,49,21,1,10,14,3
S01009185,50 to 64,184,133,122,11,51,17,1,4,25,4
S01009185,65 to 74,71,43,41,2,28,8,3,1,3,13
S01009185,75 to 84,37,17,17,0,20,2,0,2,1,15
S01009185,85 and over,7,0,0,0,7,0,0,0,0,7
S01009186,All people aged 16 and over in households,656,406,342,64,250,169,4,15,36,26
S01009186,16 to 24,95,9,3,6,86,84,1,0,1,0
S01009186,25 to 34,101,56,39,17,45,41,2,1,1,0
S01009186,35 to 49,203,152,126,26,51,26,0,13,12,0
S01009186,50 to 64,131,103,88,15,28,10,0,1,14,3
S01009186,65 to 74,79,58,58,0,21,6,0,0,7,8
S01009186,75 to 84,35,23,23,0,12,2,1,0,1,8
S01009186,85 and over,12,5,5,0,7,0,0,0,0,7
S01009187,All people aged 16 and over in households,418,292,248,44,126,63,4,10,26,23
S01009187,16 to 24,32,1,0,1,31,31,0,0,0,0
S01009187,25 to 34,39,25,23,2,14,13,0,1,0,0
S01009187,35 to 49,121,105,72,33,16,7,0,2,7,0
S01009187,50 to 64,138,101,94,7,37,7,4,5,18,3
S01009187,65 to 74,57,44,43,1,13,4,0,1,1,7
S01009187,75 to 84,27,13,13,0,14,1,0,1,0,12
S01009187,85 and over,4,3,3,0,1,0,0,0,0,1
S01009188,All people aged 16 and over in households,713,444,350,94,269,155,5,21,38,50
S01009188,16 to 24,89,11,4,7,78,78,0,0,0,0
S01009188,25 to 34,90,55,26,29,35,31,0,2,2,0
S01009188,35 to 49,224,167,127,40,57,29,4,11,12,1
S01009188,50 to 64,181,139,124,15,42,7,1,7,18,9
S01009188,65 to 74,77,51,49,2,26,8,0,1,2,15
S01009188,75 to 84,42,20,20,0,22,2,0,0,3,17
S01009188,85 and over,10,1,0,1,9,0,0,0,1,8
S01009189,All people aged 16 and over in households,610,354,282,72,256,141,4,16,41,54
S01009189,16 to 24,88,12,2,10,76,74,0,0,2,0
S01009189,25 to 34,97,65,41,24,32,30,1,1,0,0
S01009189,35 to 49,146,99,75,24,47,19,2,10,16,0
S01009189,50 to 64,166,127,115,12,39,13,1,3,14,8
S01009189,65 to 74,54,29,29,0,25,1,0,0,8,16
S01009189,75 to 84,44,18,17,1,26,3,0,2,1,20
S01009189,85 and over,15,4,3,1,11,1,0,0,0,10
S01009190,All people aged 16 and over in households,625,468,384,84,157,102,0,15,19,21
S01009190,16 to 24,63,6,1,5,57,57,0,0,0,0
S01009190,25 to 34,126,102,71,31,24,22,0,1,1,0
S01009190,35 to 49,215,181,146,35,34,14,0,11,9,0
S01009190,50 to 64,143,124,113,11,19,6,0,3,6,4
S01009190,65 to 74,43,32,31,1,11,3,0,0,2,6
S01009190,75 to 84,30,23,22,1,7,0,0,0,1,6
S01009190,85 and over,5,0,0,0,5,0,0,0,0,5
S01009191,All people aged 16 and over in households,499,384,350,34,115,88,2,10,10,5
S01009191,16 to 24,69,3,2,1,66,66,0,0,0,0
S01009191,25 to 34,79,65,55,10,14,14,0,0,0,0
S01009191,35 to 49,259,236,218,18,23,7,1,8,6,1
S01009191,50 to 64,84,75,70,5,9,1,1,2,4,1
S01009191,65 to 74,4,3,3,0,1,0,0,0,0,1
S01009191,75 to 84,4,2,2,0,2,0,0,0,0,2
S01009191,85 and over,0,0,0,0,0,0,0,0,0,0
S01009192,All people aged 16 and over in households,515,368,312,56,147,86,6,6,17,32
S01009192,16 to 24,59,9,1,8,50,49,1,0,0,0
S01009192,25 to 34,72,51,25,26,21,19,2,0,0,0
S01009192,35 to 49,153,119,101,18,34,15,0,5,13,1
S01009192,50 to 64,114,105,103,2,9,2,1,1,4,1
S01009192,65 to 74,74,60,60,0,14,0,1,0,0,13
S01009192,75 to 84,39,23,21,2,16,1,1,0,0,14
S01009192,85 and over,4,1,1,0,3,0,0,0,0,3
S01009193,All people aged 16 and over in households,240,182,124,58,58,39,0,7,8,4
S01009193,16 to 24,24,1,0,1,23,22,0,1,0,0
S01009193,25 to 34,85,72,36,36,13,13,0,0,0,0
S01009193,35 to 49,84,73,56,17,11,4,0,4,3,0
S01009193,50 to 64,38,29,26,3,9,0,0,2,4,3
S01009193,65 to 74,8,6,5,1,2,0,0,0,1,1
S01009193,75 to 84,1,1,1,0,0,0,0,0,0,0
S01009193,85 and over,0,0,0,0,0,0,0,0,0,0
S01009194,All people aged 16 and over in households,673,496,456,40,177,103,3,12,25,34
S01009194,16 to 24,73,3,0,3,70,70,0,0,0,0
S01009194,25 to 34,34,14,10,4,20,19,0,0,1,0
S01009194,35 to 49,192,166,146,20,26,7,1,7,9,2
S01009194,50 to 64,228,204,193,11,24,5,0,4,11,4
S01009194,65 to 74,92,74,73,1,18,2,0,1,4,11
S01009194,75 to 84,47,33,32,1,14,0,2,0,0,12
S01009194,85 and over,7,2,2,0,5,0,0,0,0,5
S01009195,All people aged 16 and over in households,662,484,390,94,178,115,2,11,27,23
S01009195,16 to 24,66,10,0,10,56,56,0,0,0,0
S01009195,25 to 34,138,110,72,38,28,27,0,0,1,0
S01009195,35 to 49,261,224,188,36,37,21,1,7,8,0
S01009195,50 to 64,103,77,71,6,26,5,1,4,14,2
S01009195,65 to 74,49,35,34,1,14,5,0,0,4,5
S01009195,75 to 84,38,27,24,3,11,1,0,0,0,10
S01009195,85 and over,7,1,1,0,6,0,0,0,0,6
S01009196,All people aged 16 and over in households,584,342,290,52,242,137,4,7,39,55
S01009196,16 to 24,83,6,0,6,77,77,0,0,0,0
S01009196,25 to 34,58,30,18,12,28,24,1,0,3,0
S01009196,35 to 49,160,116,95,21,44,19,1,7,16,1
S01009196,50 to 64,145,122,109,13,23,9,0,0,9,5
S01009196,65 to 74,82,53,53,0,29,5,1,0,8,15
S01009196,75 to 84,40,12,12,0,28,3,1,0,3,21
S01009196,85 and over,16,3,3,0,13,0,0,0,0,13
S01009197,All people aged 16 and over in households,794,592,508,84,202,130,1,16,17,38
S01009197,16 to 24,75,7,0,7,68,68,0,0,0,0
S01009197,25 to 34,107,77,57,20,30,28,0,1,0,1
S01009197,35 to 49,327,283,236,47,44,22,0,12,8,2
S01009197,50 to 64,174,152,143,9,22,7,0,2,6,7
S01009197,65 to 74,62,55,54,1,7,0,0,0,2,5
S01009197,75 to 84,40,18,18,0,22,3,1,1,1,16
S01009197,85 and over,9,0,0,0,9,2,0,0,0,7
S01009198,All people aged 16 and over in households,612,414,360,54,198,115,4,12,34,33
S01009198,16 to 24,73,7,0,7,66,66,0,0,0,0
S01009198,25 to 34,74,43,26,17,31,30,0,0,1,0
S01009198,35 to 49,147,121,105,16,26,11,2,5,8,0
S01009198,50 to 64,192,160,152,8,32,5,2,6,15,4
S01009198,65 to 74,71,52,49,3,19,1,0,1,7,10
S01009198,75 to 84,44,28,25,3,16,1,0,0,3,12
S01009198,85 and over,11,3,3,0,8,1,0,0,0,7
S01009199,All people aged 16 and over in households,486,320,274,46,166,99,0,13,20,34
S01009199,16 to 24,59,7,0,7,52,52,0,0,0,0
S01009199,25 to 34,60,37,23,14,23,22,0,1,0,0
S01009199,35 to 49,175,147,126,21,28,15,0,8,5,0
S01009199,50 to 64,111,88,84,4,23,4,0,4,10,5
S01009199,65 to 74,47,34,34,0,13,5,0,0,3,5
S01009199,75 to 84,25,7,7,0,18,1,0,0,1,16
S01009199,85 and over,9,0,0,0,9,0,0,0,1,8
S01009200,All people aged 16 and over in households,857,650,572,78,207,116,2,18,32,39
S01009200,16 to 24,81,10,6,4,71,71,0,0,0,0
S01009200,25 to 34,134,107,78,29,27,24,0,2,1,0
S01009200,35 to 49,275,233,198,35,42,11,1,12,16,2
S01009200,50 to 64,213,188,178,10,25,9,1,4,9,2
S01009200,65 to 74,99,84,84,0,15,1,0,0,4,10
S01009200,75 to 84,45,23,23,0,22,0,0,0,2,20
S01009200,85 and over,10,5,5,0,5,0,0,0,0,5
S01009201,All people aged 16 and over in households,513,302,248,54,211,135,1,19,35,21
S01009201,16 to 24,86,10,3,7,76,76,0,0,0,0
S01009201,25 to 34,90,56,37,19,34,29,0,3,2,0
S01009201,35 to 49,149,102,80,22,47,20,1,8,18,0
S01009201,50 to 64,135,102,96,6,33,9,0,5,13,6
S01009201,65 to 74,42,31,31,0,11,0,0,3,2,6
S01009201,75 to 84,8,1,1,0,7,1,0,0,0,6
S01009201,85 and over,3,0,0,0,3,0,0,0,0,3
S01009202,All people aged 16 and over in households,402,304,270,34,98,67,2,5,9,15
S01009202,16 to 24,55,3,1,2,52,52,0,0,0,0
S01009202,25 to 34,49,40,25,15,9,9,0,0,0,0
S01009202,35 to 49,154,142,131,11,12,3,0,5,4,0
S01009202,50 to 64,85,74,68,6,11,3,0,0,5,3
S01009202,65 to 74,30,27,27,0,3,0,0,0,0,3
S01009202,75 to 84,25,18,18,0,7,0,1,0,0,6
S01009202,85 and over,4,0,0,0,4,0,1,0,0,3
S01009203,All people aged 16 and over in households,485,266,210,56,219,120,3,10,40,46
S01009203,16 to 24,68,15,2,13,53,53,0,0,0,0
S01009203,25 to 34,61,33,24,9,28,22,1,4,1,0
S01009203,35 to 49,137,87,64,23,50,25,1,4,20,0
S01009203,50 to 64,104,62,55,7,42,15,0,2,14,11
S01009203,65 to 74,72,55,53,2,17,3,0,0,3,11
S01009203,75 to 84,34,13,11,2,21,2,1,0,2,16
S01009203,85 and over,9,1,1,0,8,0,0,0,0,8
S01009204,All people aged 16 and over in households,685,404,332,72,281,183,3,22,48,25
S01009204,16 to 24,126,11,3,8,115,115,0,0,0,0
S01009204,25 to 34,108,73,42,31,35,29,0,2,4,0
S01009204,35 to 49,223,156,132,24,67,29,1,16,19,2
S01009204,50 to 64,153,115,106,9,38,4,2,3,22,7
S01009204,65 to 74,47,36,36,0,11,3,0,0,2,6
S01009204,75 to 84,22,11,11,0,11,3,0,1,1,6
S01009204,85 and over,6,2,2,0,4,0,0,0,0,4
S01009205,All people aged 16 and over in households,610,400,346,54,210,136,4,10,36,24
S01009205,16 to 24,77,3,0,3,74,73,1,0,0,0
S01009205,25 to 34,131,85,53,32,46,44,0,0,2,0
S01009205,35 to 49,146,112,103,9,34,18,2,2,11,1
S01009205,50 to 64,194,163,155,8,31,1,0,8,16,6
S01009205,65 to 74,39,26,24,2,13,0,0,0,5,8
S01009205,75 to 84,15,8,8,0,7,0,1,0,1,5
S01009205,85 and over,8,3,3,0,5,0,0,0,1,4
S01009206,All people aged 16 and over in households,689,468,382,86,221,159,1,11,25,25
S01009206,16 to 24,88,13,3,10,75,75,0,0,0,0
S01009206,25 to 34,119,68,42,26,51,48,0,0,3,0
S01009206,35 to 49,210,169,137,32,41,22,1,6,11,1
S01009206,50 to 64,193,165,153,12,28,11,0,3,10,4
S01009206,65 to 74,53,38,33,5,15,3,0,2,1,9
S01009206,75 to 84,23,13,12,1,10,0,0,0,0,10
S01009206,85 and over,3,2,2,0,1,0,0,0,0,1
S01009207,All people aged 16 and over in households,686,478,436,42,208,118,4,17,31,38
S01009207,16 to 24,46,5,0,5,41,41,0,0,0,0
S01009207,25 to 34,95,43,31,12,52,44,2,5,1,0
S01009207,35 to 49,126,92,80,12,34,19,1,6,7,1
S01009207,50 to 64,245,208,198,10,37,12,1,4,17,3
S01009207,65 to 74,117,96,95,1,21,2,0,2,4,13
S01009207,75 to 84,44,31,30,1,13,0,0,0,2,11
S01009207,85 and over,13,3,2,1,10,0,0,0,0,10
S01009208,All people aged 16 and over in households,540,342,318,24,198,102,5,15,31,45
S01009208,16 to 24,58,6,0,6,52,52,0,0,0,0
S01009208,25 to 34,48,27,24,3,21,16,1,1,3,0
S01009208,35 to 49,117,90,82,8,27,18,0,5,4,0
S01009208,50 to 64,157,121,114,7,36,8,1,5,16,6
S01009208,65 to 74,98,67,67,0,31,5,0,3,7,16
S01009208,75 to 84,43,22,22,0,21,2,1,1,1,16
S01009208,85 and over,19,9,9,0,10,1,2,0,0,7
S01009209,All people aged 16 and over in households,534,326,272,54,208,104,4,15,33,52
S01009209,16 to 24,43,4,0,4,39,39,0,0,0,0
S01009209,25 to 34,63,36,13,23,27,23,1,1,2,0
S01009209,35 to 49,99,55,43,12,44,24,1,7,10,2
S01009209,50 to 64,175,135,122,13,40,10,2,6,14,8
S01009209,65 to 74,73,60,58,2,13,4,0,0,3,6
S01009209,75 to 84,62,30,30,0,32,2,0,1,3,26
S01009209,85 and over,19,6,6,0,13,2,0,0,1,10
S01009210,All people aged 16 and over in households,469,342,302,40,127,71,4,13,17,22
S01009210,16 to 24,46,4,0,4,42,42,0,0,0,0
S01009210,25 to 34,39,28,22,6,11,10,0,1,0,0
S01009210,35 to 49,150,123,102,21,27,8,4,5,9,1
S01009210,50 to 64,136,120,111,9,16,6,0,4,5,1
S01009210,65 to 74,55,46,46,0,9,3,0,2,1,3
S01009210,75 to 84,38,20,20,0,18,1,0,1,2,14
S01009210,85 and over,5,1,1,0,4,1,0,0,0,3
S01009211,All people aged 16 and over in households,502,310,224,86,192,125,2,14,25,26
S01009211,16 to 24,68,4,1,3,64,64,0,0,0,0
S01009211,25 to 34,98,64,17,47,34,33,0,1,0,0
S01009211,35 to 49,143,102,82,20,41,21,0,8,10,2
S01009211,50 to 64,123,93,78,15,30,5,2,3,11,9
S01009211,65 to 74,36,26,25,1,10,0,0,2,4,4
S01009211,75 to 84,27,18,18,0,9,1,0,0,0,8
S01009211,85 and over,7,3,3,0,4,1,0,0,0,3
S01009212,All people aged 16 and over in households,683,410,330,80,273,153,9,18,42,51
S01009212,16 to 24,89,11,2,9,78,76,0,2,0,0
S01009212,25 to 34,90,52,23,29,38,30,2,4,2,0
S01009212,35 to 49,153,102,78,24,51,26,0,9,15,1
S01009212,50 to 64,175,130,116,14,45,11,1,2,19,12
S01009212,65 to 74,111,86,84,2,25,4,3,1,5,12
S01009212,75 to 84,49,27,26,1,22,4,1,0,1,16
S01009212,85 and over,16,2,1,1,14,2,2,0,0,10
S01009213,All people aged 16 and over in households,688,370,272,98,318,191,1,22,46,58
S01009213,16 to 24,122,13,0,13,109,109,0,0,0,0
S01009213,25 to 34,96,67,29,38,29,24,0,2,3,0
S01009213,35 to 49,208,146,116,30,62,31,1,13,16,1
S01009213,50 to 64,140,91,75,16,49,14,0,7,22,6
S01009213,65 to 74,67,36,35,1,31,8,0,0,3,20
S01009213,75 to 84,44,17,17,0,27,5,0,0,2,20
S01009213,85 and over,11,0,0,0,11,0,0,0,0,11
S01009214,All people aged 16 and over in households,787,534,472,62,253,152,2,17,37,45
S01009214,16 to 24,92,4,1,3,88,88,0,0,0,0
S01009214,25 to 34,122,92,58,34,30,29,0,1,0,0
S01009214,35 to 49,223,171,148,23,52,23,2,10,15,2
S01009214,50 to 64,223,185,183,2,38,8,0,6,17,7
S01009214,65 to 74,76,56,56,0,20,3,0,0,5,12
S01009214,75 to 84,34,20,20,0,14,0,0,0,0,14
S01009214,85 and over,17,6,6,0,11,1,0,0,0,10
S01009215,All people aged 16 and over in households,761,440,348,92,321,163,5,26,63,64
S01009215,16 to 24,81,14,2,12,67,66,0,0,0,1
S01009215,25 to 34,95,52,31,21,43,40,1,2,0,0
S01009215,35 to 49,225,152,114,38,73,35,1,11,24,2
S01009215,50 to 64,196,138,122,16,58,11,1,12,25,9
S01009215,65 to 74,88,52,49,3,36,5,1,1,11,18
S01009215,75 to 84,59,27,25,2,32,3,1,0,3,25
S01009215,85 and over,17,5,5,0,12,3,0,0,0,9
S01009216,All people aged 16 and over in households,755,441,361,80,314,192,2,16,47,57
S01009216,16 to 24,116,17,4,13,99,99,0,0,0,0
S01009216,25 to 34,73,39,18,21,34,28,0,3,3,0
S01009216,35 to 49,214,148,113,35,66,36,2,6,20,2
S01009216,50 to 64,207,158,151,7,49,18,0,6,16,9
S01009216,65 to 74,82,57,53,4,25,5,0,1,6,13
S01009216,75 to 84,44,20,20,0,24,3,0,0,2,19
S01009216,85 and over,19,2,2,0,17,3,0,0,0,14
S01009217,All people aged 16 and over in households,488,234,166,68,254,150,0,20,46,38
S01009217,16 to 24,82,14,1,13,68,68,0,0,0,0
S01009217,25 to 34,87,48,18,30,39,35,0,1,2,1
S01009217,35 to 49,145,84,63,21,61,33,0,9,19,0
S01009217,50 to 64,100,52,49,3,48,8,0,8,19,13
S01009217,65 to 74,46,28,27,1,18,5,0,2,4,7
S01009217,75 to 84,24,8,8,0,16,1,0,0,2,13
S01009217,85 and over,4,0,0,0,4,0,0,0,0,4
S01009218,All people aged 16 and over in households,717,444,378,66,273,134,6,23,30,80
S01009218,16 to 24,76,10,1,9,66,66,0,0,0,0
S01009218,25 to 34,69,43,23,20,26,24,1,1,0,0
S01009218,35 to 49,186,135,105,30,51,29,3,10,9,0
S01009218,50 to 64,170,135,130,5,35,7,1,6,12,9
S01009218,65 to 74,106,74,73,1,32,3,1,4,5,19
S01009218,75 to 84,80,43,43,0,37,3,0,0,4,30
S01009218,85 and over,30,4,3,1,26,2,0,2,0,22
S01009219,All people aged 16 and over in households,548,296,232,64,252,131,1,19,34,67
S01009219,16 to 24,68,9,0,9,59,59,0,0,0,0
S01009219,25 to 34,66,32,23,9,34,31,0,2,1,0
S01009219,35 to 49,149,93,70,23,56,29,0,11,15,1
S01009219,50 to 64,124,87,68,19,37,9,0,3,14,11
S01009219,65 to 74,68,42,38,4,26,3,0,3,3,17
S01009219,75 to 84,40,20,20,0,20,0,1,0,1,18
S01009219,85 and over,33,13,13,0,20,0,0,0,0,20
S01009220,All people aged 16 and over in households,446,246,198,48,200,104,4,15,34,43
S01009220,16 to 24,50,13,3,10,37,37,0,0,0,0
S01009220,25 to 34,67,37,16,21,30,25,1,4,0,0
S01009220,35 to 49,104,51,45,6,53,33,1,6,12,1
S01009220,50 to 64,97,69,59,10,28,4,1,4,13,6
S01009220,65 to 74,67,44,43,1,23,3,0,0,7,13
S01009220,75 to 84,44,27,27,0,17,1,1,1,1,13
S01009220,85 and over,17,5,5,0,12,1,0,0,1,10
S01009221,All people aged 16 and over in households,460,286,214,72,174,96,3,8,23,44
S01009221,16 to 24,63,13,0,13,50,50,0,0,0,0
S01009221,25 to 34,73,48,25,23,25,22,0,2,1,0
S01009221,35 to 49,117,87,61,26,30,17,2,4,7,0
S01009221,50 to 64,102,75,67,8,27,5,1,0,14,7
S01009221,65 to 74,44,36,35,1,8,2,0,1,0,5
S01009221,75 to 84,45,23,22,1,22,0,0,1,1,20
S01009221,85 and over,16,4,4,0,12,0,0,0,0,12
S01009222,All people aged 16 and over in households,414,224,182,42,190,114,1,14,26,35
S01009222,16 to 24,63,7,0,7,56,56,0,0,0,0
S01009222,25 to 34,71,35,17,18,36,33,1,1,1,0
S01009222,35 to 49,117,74,60,14,43,20,0,7,15,1
S01009222,50 to 64,85,68,66,2,17,5,0,4,4,4
S01009222,65 to 74,41,29,28,1,12,0,0,2,3,7
S01009222,75 to 84,25,11,11,0,14,0,0,0,3,11
S01009222,85 and over,12,0,0,0,12,0,0,0,0,12
S01009223,All people aged 16 and over in households,463,274,236,38,189,106,4,6,25,48
S01009223,16 to 24,51,7,4,3,44,43,1,0,0,0
S01009223,25 to 34,69,42,27,15,27,26,0,1,0,0
S01009223,35 to 49,115,82,69,13,33,22,2,3,6,0
S01009223,50 to 64,112,78,72,6,34,12,0,2,16,4
S01009223,65 to 74,63,43,42,1,20,0,0,0,3,17
S01009223,75 to 84,42,21,21,0,21,2,1,0,0,18
S01009223,85 and over,11,1,1,0,10,1,0,0,0,9
S01009224,All people aged 16 and over in households,519,286,198,88,233,129,2,13,37,52
S01009224,16 to 24,69,8,0,8,61,61,0,0,0,0
S01009224,25 to 34,75,50,15,35,25,23,1,1,0,0
S01009224,35 to 49,149,100,73,27,49,28,1,8,11,1
S01009224,50 to 64,125,82,68,14,43,11,0,3,19,10
S01009224,65 to 74,60,39,36,3,21,4,0,1,4,12
S01009224,75 to 84,30,5,4,1,25,2,0,0,3,20
S01009224,85 and over,11,2,2,0,9,0,0,0,0,9
S01009225,All people aged 16 and over in households,458,264,206,58,194,91,4,17,28,54
S01009225,16 to 24,48,8,4,4,40,40,0,0,0,0
S01009225,25 to 34,64,50,23,27,14,13,0,1,0,0
S01009225,35 to 49,107,73,56,17,34,20,0,10,3,1
S01009225,50 to 64,116,83,74,9,33,11,0,3,12,7
S01009225,65 to 74,55,33,32,1,22,4,1,2,5,10
S01009225,75 to 84,52,17,17,0,35,2,3,0,7,23
S01009225,85 and over,16,0,0,0,16,1,0,1,1,13
S01009226,All people aged 16 and over in households,796,424,310,114,372,183,2,20,77,90
S01009226,16 to 24,77,21,3,18,56,56,0,0,0,0
S01009226,25 to 34,119,70,30,40,49,45,1,2,0,1
S01009226,35 to 49,186,108,74,34,78,49,1,12,16,0
S01009226,50 to 64,199,124,108,16,75,15,0,5,41,14
S01009226,65 to 74,109,64,59,5,45,9,0,1,13,22
S01009226,75 to 84,88,34,33,1,54,7,0,0,6,41
S01009226,85 and over,18,3,3,0,15,2,0,0,1,12
S01009227,All people aged 16 and over in households,529,258,208,50,271,118,7,16,46,84
S01009227,16 to 24,50,18,5,13,32,32,0,0,0,0
S01009227,25 to 34,84,49,25,24,35,32,0,2,1,0
S01009227,35 to 49,87,46,42,4,41,24,4,4,8,1
S01009227,50 to 64,124,79,73,6,45,15,1,6,17,6
S01009227,65 to 74,80,40,39,1,40,8,1,1,15,15
S01009227,75 to 84,74,23,21,2,51,4,1,3,5,38
S01009227,85 and over,30,3,3,0,27,3,0,0,0,24
S01009228,All people aged 16 and over in households,499,256,186,70,243,119,2,16,48,58
S01009228,16 to 24,71,29,2,27,42,42,0,0,0,0
S01009228,25 to 34,83,52,30,22,31,23,0,5,3,0
S01009228,35 to 49,116,57,45,12,59,31,0,7,20,1
S01009228,50 to 64,107,70,63,7,37,13,2,3,13,6
S01009228,65 to 74,60,28,27,1,32,6,0,0,10,16
S01009228,75 to 84,48,19,18,1,29,4,0,1,2,22
S01009228,85 and over,14,1,1,0,13,0,0,0,0,13
S01009229,All people aged 16 and over in households,482,272,234,38,210,100,4,17,48,41
S01009229,16 to 24,48,9,0,9,39,39,0,0,0,0
S01009229,25 to 34,58,36,14,22,22,21,0,1,0,0
S01009229,35 to 49,130,77,71,6,53,27,3,7,16,0
S01009229,50 to 64,112,74,73,1,38,10,0,8,18,2
S01009229,65 to 74,78,55,55,0,23,1,0,0,12,10
S01009229,75 to 84,44,18,18,0,26,2,1,1,2,20
S01009229,85 and over,12,3,3,0,9,0,0,0,0,9
S01009230,All people aged 16 and over in households,483,256,172,84,227,129,5,12,52,29
S01009230,16 to 24,45,10,3,7,35,35,0,0,0,0
S01009230,25 to 34,129,84,43,41,45,34,2,3,5,1
S01009230,35 to 49,133,76,49,27,57,39,0,3,14,1
S01009230,50 to 64,104,46,39,7,58,19,1,5,25,8
S01009230,65 to 74,50,35,35,0,15,0,0,0,7,8
S01009230,75 to 84,17,5,3,2,12,2,1,0,0,9
S01009230,85 and over,5,0,0,0,5,0,1,1,1,2
S01009231,All people aged 16 and over in households,810,516,416,100,294,172,2,21,46,53
S01009231,16 to 24,85,12,2,10,73,73,0,0,0,0
S01009231,25 to 34,107,56,20,36,51,48,1,1,1,0
S01009231,35 to 49,223,175,138,37,48,23,0,10,14,1
S01009231,50 to 64,222,166,151,15,56,17,1,7,26,5
S01009231,65 to 74,97,70,68,2,27,5,0,3,4,15
S01009231,75 to 84,61,35,35,0,26,3,0,0,1,22
S01009231,85 and over,15,2,2,0,13,3,0,0,0,10
S01009232,All people aged 16 and over in households,466,186,118,68,280,174,4,16,56,30
S01009232,16 to 24,89,20,4,16,69,68,0,1,0,0
S01009232,25 to 34,105,49,22,27,56,50,2,2,2,0
S01009232,35 to 49,140,51,33,18,89,48,0,10,31,0
S01009232,50 to 64,67,33,29,4,34,7,0,3,19,5
S01009232,65 to 74,29,16,15,1,13,0,0,0,3,10
S01009232,75 to 84,29,16,14,2,13,1,2,0,1,9
S01009232,85 and over,7,1,1,0,6,0,0,0,0,6
S01009233,All people aged 16 and over in households,487,280,240,40,207,96,2,9,34,66
S01009233,16 to 24,51,5,2,3,46,46,0,0,0,0
S01009233,25 to 34,44,22,13,9,22,22,0,0,0,0
S01009233,35 to 49,115,82,65,17,33,15,0,5,13,0
S01009233,50 to 64,122,86,76,10,36,11,1,4,15,5
S01009233,65 to 74,75,57,56,1,18,0,0,0,3,15
S01009233,75 to 84,68,26,26,0,42,2,1,0,3,36
S01009233,85 and over,12,2,2,0,10,0,0,0,0,10
S01009234,All people aged 16 and over in households,781,384,242,142,397,244,5,22,81,45
S01009234,16 to 24,141,38,8,30,103,102,0,0,1,0
S01009234,25 to 34,186,105,42,63,81,68,1,4,8,0
S01009234,35 to 49,200,99,67,32,101,51,1,13,35,1
S01009234,50 to 64,156,90,76,14,66,20,0,5,30,11
S01009234,65 to 74,52,29,26,3,23,3,1,0,6,13
S01009234,75 to 84,36,19,19,0,17,0,2,0,1,14
S01009234,85 and over,10,4,4,0,6,0,0,0,0,6
S01009235,All people aged 16 and over in households,759,416,310,106,343,202,6,26,67,42
S01009235,16 to 24,108,22,3,19,86,85,0,0,1,0
S01009235,25 to 34,134,71,30,41,63,58,0,2,2,1
S01009235,35 to 49,224,143,107,36,81,39,2,17,23,0
S01009235,50 to 64,158,103,93,10,55,14,0,6,32,3
S01009235,65 to 74,66,45,45,0,21,3,1,1,7,9
S01009235,75 to 84,60,30,30,0,30,1,2,0,2,25
S01009235,85 and over,9,2,2,0,7,2,1,0,0,4
S01009236,All people aged 16 and over in households,419,264,234,30,155,71,1,8,24,51
S01009236,16 to 24,36,6,1,5,30,30,0,0,0,0
S01009236,25 to 34,45,27,19,8,18,15,0,1,2,0
S01009236,35 to 49,99,69,64,5,30,17,0,4,7,2
S01009236,50 to 64,103,79,70,9,24,6,1,2,10,5
S01009236,65 to 74,68,51,48,3,17,2,0,1,3,11
S01009236,75 to 84,54,30,30,0,24,0,0,0,2,22
S01009236,85 and over,14,2,2,0,12,1,0,0,0,11
S01009237,All people aged 16 and over in households,728,456,386,70,272,163,8,7,29,65
S01009237,16 to 24,106,12,2,10,94,94,0,0,0,0
S01009237,25 to 34,78,51,17,34,27,25,0,0,2,0
S01009237,35 to 49,197,162,145,17,35,20,0,3,12,0
S01009237,50 to 64,166,128,122,6,38,15,2,4,11,6
S01009237,65 to 74,91,67,64,3,24,3,2,0,3,16
S01009237,75 to 84,68,32,32,0,36,3,3,0,1,29
S01009237,85 and over,22,4,4,0,18,3,1,0,0,14
S01009238,All people aged 16 and over in households,614,374,308,66,240,139,3,15,30,53
S01009238,16 to 24,87,14,2,12,73,73,0,0,0,0
S01009238,25 to 34,72,40,18,22,32,32,0,0,0,0
S01009238,35 to 49,145,99,84,15,46,25,1,9,9,2
S01009238,50 to 64,124,88,77,11,36,7,1,6,14,8
S01009238,65 to 74,137,103,98,5,34,2,1,0,6,25
S01009238,75 to 84,47,30,29,1,17,0,0,0,1,16
S01009238,85 and over,2,0,0,0,2,0,0,0,0,2
S01009239,All people aged 16 and over in households,701,370,270,100,331,162,1,21,86,61
S01009239,16 to 24,101,26,5,21,75,75,0,0,0,0
S01009239,25 to 34,123,74,36,38,49,43,0,5,1,0
S01009239,35 to 49,204,127,98,29,77,33,0,10,32,2
S01009239,50 to 64,135,80,73,7,55,9,1,4,34,7
S01009239,65 to 74,79,47,42,5,32,1,0,1,15,15
S01009239,75 to 84,48,15,15,0,33,1,0,1,3,28
S01009239,85 and over,11,1,1,0,10,0,0,0,1,9
S01009240,All people aged 16 and over in households,541,190,102,88,351,199,5,28,65,54
S01009240,16 to 24,108,29,0,29,79,77,0,1,1,0
S01009240,25 to 34,112,42,10,32,70,65,2,1,2,0
S01009240,35 to 49,137,51,31,20,86,44,2,15,23,2
S01009240,50 to 64,98,42,35,7,56,12,1,8,30,5
S01009240,65 to 74,40,11,11,0,29,0,0,0,8,21
S01009240,75 to 84,40,14,14,0,26,0,0,2,1,23
S01009240,85 and over,6,1,1,0,5,1,0,1,0,3
S01009241,All people aged 16 and over in households,721,332,262,70,389,224,1,26,61,77
S01009241,16 to 24,129,22,2,20,107,105,0,1,0,1
S01009241,25 to 34,101,49,18,31,52,47,0,3,2,0
S01009241,35 to 49,200,99,82,17,101,61,0,12,23,5
S01009241,50 to 64,130,75,75,0,55,9,0,8,26,12
S01009241,65 to 74,103,65,64,1,38,2,1,2,9,24
S01009241,75 to 84,48,20,19,1,28,0,0,0,1,27
S01009241,85 and over,10,2,2,0,8,0,0,0,0,8
S01009242,All people aged 16 and over in households,633,420,380,40,213,134,6,12,20,41
S01009242,16 to 24,88,5,1,4,83,82,1,0,0,0
S01009242,25 to 34,68,32,23,9,36,32,3,0,1,0
S01009242,35 to 49,158,129,115,14,29,15,0,8,5,1
S01009242,50 to 64,162,135,129,6,27,3,2,2,13,7
S01009242,65 to 74,94,79,77,2,15,2,0,1,0,12
S01009242,75 to 84,54,35,31,4,19,0,0,1,1,17
S01009242,85 and over,9,5,4,1,4,0,0,0,0,4
S01009243,All people aged 16 and over in households,770,510,414,96,260,152,5,20,46,37
S01009243,16 to 24,85,14,4,10,71,69,0,2,0,0
S01009243,25 to 34,143,91,47,44,52,46,0,5,1,0
S01009243,35 to 49,228,173,143,30,55,24,2,9,15,5
S01009243,50 to 64,219,164,152,12,55,12,2,4,24,13
S01009243,65 to 74,67,52,52,0,15,0,0,0,4,11
S01009243,75 to 84,24,14,14,0,10,0,1,0,2,7
S01009243,85 and over,4,2,2,0,2,1,0,0,0,1
S01009244,All people aged 16 and over in households,689,518,478,40,171,104,3,5,16,43
S01009244,16 to 24,66,3,2,1,63,63,0,0,0,0
S01009244,25 to 34,59,37,24,13,22,22,0,0,0,0
S01009244,35 to 49,188,160,143,17,28,15,1,4,8,0
S01009244,50 to 64,220,202,194,8,18,1,0,1,6,10
S01009244,65 to 74,103,88,87,1,15,1,1,0,1,12
S01009244,75 to 84,42,22,22,0,20,1,0,0,1,18
S01009244,85 and over,11,6,6,0,5,1,1,0,0,3
S01009245,All people aged 16 and over in households,711,486,400,86,225,139,2,10,22,52
S01009245,16 to 24,82,14,1,13,68,68,0,0,0,0
S01009245,25 to 34,81,44,28,16,37,33,1,3,0,0
S01009245,35 to 49,185,140,109,31,45,31,0,5,8,1
S01009245,50 to 64,211,178,159,19,33,5,1,1,7,19
S01009245,65 to 74,111,91,87,4,20,0,0,1,5,14
S01009245,75 to 84,33,19,16,3,14,0,0,0,1,13
S01009245,85 and over,8,0,0,0,8,2,0,0,1,5
S01009246,All people aged 16 and over in households,677,392,330,62,285,143,7,21,45,69
S01009246,16 to 24,72,8,2,6,64,63,1,0,0,0
S01009246,25 to 34,83,47,24,23,36,33,0,3,0,0
S01009246,35 to 49,176,126,104,22,50,19,1,8,20,2
S01009246,50 to 64,191,135,127,8,56,13,4,10,22,7
S01009246,65 to 74,82,57,54,3,25,7,0,0,1,17
S01009246,75 to 84,43,15,15,0,28,7,0,0,1,20
S01009246,85 and over,30,4,4,0,26,1,1,0,1,23
S01009247,All people aged 16 and over in households,822,520,402,118,302,176,3,30,36,57
S01009247,16 to 24,107,16,2,14,91,91,0,0,0,0
S01009247,25 to 34,144,82,39,43,62,52,2,7,1,0
S01009247,35 to 49,220,179,128,51,41,15,0,14,8,4
S01009247,50 to 64,203,158,153,5,45,8,1,8,22,6
S01009247,65 to 74,75,58,55,3,17,4,0,1,4,8
S01009247,75 to 84,50,21,20,1,29,6,0,0,1,22
S01009247,85 and over,23,6,5,1,17,0,0,0,0,17
S01009248,All people aged 16 and over in households,589,380,354,26,209,116,0,19,25,49
S01009248,16 to 24,81,3,0,3,78,77,0,1,0,0
S01009248,25 to 34,43,20,12,8,23,20,0,2,1,0
S01009248,35 to 49,142,111,102,9,31,11,0,10,9,1
S01009248,50 to 64,181,152,147,5,29,6,0,4,11,8
S01009248,65 to 74,85,64,64,0,21,1,0,2,3,15
S01009248,75 to 84,48,25,24,1,23,0,0,0,1,22
S01009248,85 and over,9,5,5,0,4,1,0,0,0,3
S01009249,All people aged 16 and over in households,655,340,248,92,315,176,8,19,59,53
S01009249,16 to 24,79,11,2,9,68,68,0,0,0,0
S01009249,25 to 34,133,81,36,45,52,46,1,3,2,0
S01009249,35 to 49,175,101,73,28,74,34,5,7,24,4
S01009249,50 to 64,141,87,79,8,54,14,1,8,19,12
S01009249,65 to 74,82,46,45,1,36,9,1,1,10,15
S01009249,75 to 84,33,12,11,1,21,4,0,0,3,14
S01009249,85 and over,12,2,2,0,10,1,0,0,1,8
S01009250,All people aged 16 and over in households,523,318,270,48,205,110,2,17,38,38
S01009250,16 to 24,55,3,1,2,52,52,0,0,0,0
S01009250,25 to 34,78,48,33,15,30,25,0,5,0,0
S01009250,35 to 49,119,77,62,15,42,21,0,8,12,1
S01009250,50 to 64,144,108,100,8,36,7,1,4,19,5
S01009250,65 to 74,88,60,55,5,28,1,0,0,6,21
S01009250,75 to 84,34,18,15,3,16,4,1,0,1,10
S01009250,85 and over,5,4,4,0,1,0,0,0,0,1
S01009251,All people aged 16 and over in households,462,302,270,32,160,100,2,7,20,31
S01009251,16 to 24,67,0,0,0,67,67,0,0,0,0
S01009251,25 to 34,51,29,21,8,22,21,0,0,1,0
S01009251,35 to 49,114,95,85,10,19,9,0,1,7,2
S01009251,50 to 64,142,120,110,10,22,2,1,3,7,9
S01009251,65 to 74,61,41,38,3,20,0,1,3,5,11
S01009251,75 to 84,21,15,14,1,6,0,0,0,0,6
S01009251,85 and over,6,2,2,0,4,1,0,0,0,3
S01009252,All people aged 16 and over in households,359,264,236,28,95,71,1,4,13,6
S01009252,16 to 24,56,3,0,3,53,53,0,0,0,0
S01009252,25 to 34,38,29,18,11,9,9,0,0,0,0
S01009252,35 to 49,147,134,126,8,13,6,0,4,3,0
S01009252,50 to 64,95,81,75,6,14,2,0,0,10,2
S01009252,65 to 74,12,10,10,0,2,1,0,0,0,1
S01009252,75 to 84,9,6,6,0,3,0,1,0,0,2
S01009252,85 and over,2,1,1,0,1,0,0,0,0,1
S01009253,All people aged 16 and over in households,399,208,184,24,191,87,2,14,25,63
S01009253,16 to 24,49,7,3,4,42,42,0,0,0,0
S01009253,25 to 34,34,19,10,9,15,13,1,1,0,0
S01009253,35 to 49,74,41,36,5,33,15,0,7,10,1
S01009253,50 to 64,101,68,64,4,33,12,1,3,7,10
S01009253,65 to 74,87,56,55,1,31,2,0,3,7,19
S01009253,75 to 84,42,17,16,1,25,1,0,0,1,23
S01009253,85 and over,12,0,0,0,12,2,0,0,0,10
S01009254,All people aged 16 and over in households,656,360,262,98,296,153,6,25,61,51
S01009254,16 to 24,72,13,3,10,59,57,2,0,0,0
S01009254,25 to 34,124,76,38,38,48,40,1,2,5,0
S01009254,35 to 49,166,103,71,32,63,29,1,13,16,4
S01009254,50 to 64,146,87,76,11,59,13,0,8,30,8
S01009254,65 to 74,87,54,52,2,33,8,0,2,8,15
S01009254,75 to 84,51,26,21,5,25,4,2,0,2,17
S01009254,85 and over,10,1,1,0,9,2,0,0,0,7
S01009255,All people aged 16 and over in households,549,258,154,104,291,149,4,24,74,40
S01009255,16 to 24,53,20,3,17,33,33,0,0,0,0
S01009255,25 to 34,153,83,33,50,70,60,1,2,7,0
S01009255,35 to 49,173,90,58,32,83,41,0,13,28,1
S01009255,50 to 64,90,42,37,5,48,10,3,5,26,4
S01009255,65 to 74,47,16,16,0,31,2,0,4,11,14
S01009255,75 to 84,16,5,5,0,11,2,0,0,0,9
S01009255,85 and over,17,2,2,0,15,1,0,0,2,12
S01009256,All people aged 16 and over in households,412,284,262,22,128,65,3,8,23,29
S01009256,16 to 24,20,1,1,0,19,19,0,0,0,0
S01009256,25 to 34,48,27,19,8,21,18,0,0,3,0
S01009256,35 to 49,94,69,59,10,25,14,0,4,5,2
S01009256,50 to 64,131,103,100,3,28,6,3,3,13,3
S01009256,65 to 74,61,51,50,1,10,4,0,1,2,3
S01009256,75 to 84,41,25,25,0,16,4,0,0,0,12
S01009256,85 and over,17,8,8,0,9,0,0,0,0,9
S01009257,All people aged 16 and over in households,554,338,242,96,216,118,4,20,40,34
S01009257,16 to 24,77,31,2,29,46,45,0,1,0,0
S01009257,25 to 34,87,51,20,31,36,32,0,3,1,0
S01009257,35 to 49,132,87,67,20,45,22,1,10,12,0
S01009257,50 to 64,152,103,91,12,49,15,2,6,21,5
S01009257,65 to 74,70,51,49,2,19,2,1,0,4,12
S01009257,75 to 84,32,15,13,2,17,1,0,0,2,14
S01009257,85 and over,4,0,0,0,4,1,0,0,0,3
S01009258,All people aged 16 and over in households,535,378,330,48,157,86,6,7,22,36
S01009258,16 to 24,36,2,0,2,34,33,0,1,0,0
S01009258,25 to 34,48,28,12,16,20,18,2,0,0,0
S01009258,35 to 49,156,126,104,22,30,17,3,3,6,1
S01009258,50 to 64,166,138,130,8,28,7,1,2,11,7
S01009258,65 to 74,71,48,48,0,23,10,0,1,4,8
S01009258,75 to 84,41,28,28,0,13,0,0,0,1,12
S01009258,85 and over,17,8,8,0,9,1,0,0,0,8
S01009259,All people aged 16 and over in households,763,560,464,96,203,122,3,8,27,43
S01009259,16 to 24,71,12,4,8,59,59,0,0,0,0
S01009259,25 to 34,82,51,26,25,31,28,0,2,1,0
S01009259,35 to 49,251,222,171,51,29,16,3,2,8,0
S01009259,50 to 64,192,164,154,10,28,10,0,3,9,6
S01009259,65 to 74,97,76,75,1,21,2,0,1,9,9
S01009259,75 to 84,54,26,26,0,28,6,0,0,0,22
S01009259,85 and over,16,9,8,1,7,1,0,0,0,6
S01009260,All people aged 16 and over in households,937,548,404,144,389,246,3,21,61,58
S01009260,16 to 24,128,31,1,30,97,97,0,0,0,0
S01009260,25 to 34,168,99,52,47,69,65,0,1,3,0
S01009260,35 to 49,287,184,144,40,103,64,2,11,23,3
S01009260,50 to 64,211,151,126,25,60,15,1,9,20,15
S01009260,65 to 74,92,62,60,2,30,2,0,0,11,17
S01009260,75 to 84,40,20,20,0,20,3,0,0,4,13
S01009260,85 and over,11,1,1,0,10,0,0,0,0,10
S01009261,All people aged 16 and over in households,626,332,248,84,294,155,1,21,48,69
S01009261,16 to 24,77,18,2,16,59,59,0,0,0,0
S01009261,25 to 34,108,59,26,33,49,45,0,2,2,0
S01009261,35 to 49,118,73,54,19,45,25,0,9,10,1
S01009261,50 to 64,165,105,89,16,60,19,1,7,26,7
S01009261,65 to 74,85,48,48,0,37,6,0,1,4,26
S01009261,75 to 84,56,25,25,0,31,1,0,1,5,24
S01009261,85 and over,17,4,4,0,13,0,0,1,1,11
S01009262,All people aged 16 and over in households,459,198,148,50,261,146,3,20,43,49
S01009262,16 to 24,63,11,3,8,52,52,0,0,0,0
S01009262,25 to 34,83,42,26,16,41,36,0,3,2,0
S01009262,35 to 49,118,61,47,14,57,31,1,8,17,0
S01009262,50 to 64,96,43,35,8,53,20,0,8,19,6
S01009262,65 to 74,37,18,16,2,19,5,0,0,5,9
S01009262,75 to 84,48,20,18,2,28,2,1,1,0,24
S01009262,85 and over,14,3,3,0,11,0,1,0,0,10
S01009263,All people aged 16 and over in households,649,442,324,118,207,138,2,20,33,14
S01009263,16 to 24,73,19,1,18,54,53,0,1,0,0
S01009263,25 to 34,207,162,101,61,45,39,0,2,4,0
S01009263,35 to 49,207,144,115,29,63,36,0,10,17,0
S01009263,50 to 64,109,83,74,9,26,6,0,6,11,3
S01009263,65 to 74,36,28,27,1,8,2,0,1,1,4
S01009263,75 to 84,11,5,5,0,6,1,0,0,0,5
S01009263,85 and over,6,1,1,0,5,1,2,0,0,2
S01009264,All people aged 16 and over in households,465,318,270,48,147,91,3,4,11,38
S01009264,16 to 24,58,6,1,5,52,52,0,0,0,0
S01009264,25 to 34,33,17,12,5,16,14,0,1,1,0
S01009264,35 to 49,106,84,66,18,22,16,1,0,4,1
S01009264,50 to 64,140,120,102,18,20,6,1,3,6,4
S01009264,65 to 74,71,61,59,2,10,2,0,0,0,8
S01009264,75 to 84,45,25,25,0,20,0,1,0,0,19
S01009264,85 and over,12,5,5,0,7,1,0,0,0,6
S01009265,All people aged 16 and over in households,671,382,306,76,289,160,3,16,58,52
S01009265,16 to 24,102,11,1,10,91,90,1,0,0,0
S01009265,25 to 34,67,40,16,24,27,25,0,1,0,1
S01009265,35 to 49,173,115,85,30,58,26,0,7,25,0
S01009265,50 to 64,176,132,121,11,44,16,2,7,18,1
S01009265,65 to 74,75,57,56,1,18,0,0,1,8,9
S01009265,75 to 84,59,24,24,0,35,3,0,0,6,26
S01009265,85 and over,19,3,3,0,16,0,0,0,1,15
S01009266,All people aged 16 and over in households,710,464,394,70,246,140,4,12,39,51
S01009266,16 to 24,58,4,0,4,54,53,0,1,0,0
S01009266,25 to 34,90,53,27,26,37,33,0,3,1,0
S01009266,35 to 49,165,107,88,19,58,37,1,4,15,1
S01009266,50 to 64,210,167,150,17,43,12,1,4,17,9
S01009266,65 to 74,111,86,82,4,25,4,1,0,5,15
S01009266,75 to 84,67,45,45,0,22,0,1,0,1,20
S01009266,85 and over,9,2,2,0,7,1,0,0,0,6
S01009267,All people aged 16 and over in households,665,394,304,90,271,139,1,23,58,50
S01009267,16 to 24,55,12,0,12,43,43,0,0,0,0
S01009267,25 to 34,87,50,23,27,37,36,0,1,0,0
S01009267,35 to 49,176,109,75,34,67,36,0,11,19,1
S01009267,50 to 64,209,143,126,17,66,16,1,9,32,8
S01009267,65 to 74,69,46,46,0,23,4,0,2,7,10
S01009267,75 to 84,53,30,30,0,23,4,0,0,0,19
S01009267,85 and over,16,4,4,0,12,0,0,0,0,12
S01009268,All people aged 16 and over in households,774,498,388,110,276,139,3,37,42,55
S01009268,16 to 24,88,24,1,23,64,62,0,2,0,0
S01009268,25 to 34,150,99,53,46,51,41,0,3,6,1
S01009268,35 to 49,232,166,134,32,66,26,0,21,16,3
S01009268,50 to 64,161,115,109,6,46,7,3,10,12,14
S01009268,65 to 74,92,71,68,3,21,2,0,1,5,13
S01009268,75 to 84,38,19,19,0,19,1,0,0,3,15
S01009268,85 and over,13,4,4,0,9,0,0,0,0,9
S01009269,All people aged 16 and over in households,671,364,274,90,307,189,5,24,46,43
S01009269,16 to 24,115,15,2,13,100,100,0,0,0,0
S01009269,25 to 34,112,65,30,35,47,44,0,3,0,0
S01009269,35 to 49,203,125,94,31,78,34,1,15,25,3
S01009269,50 to 64,132,96,86,10,36,8,2,5,14,7
S01009269,65 to 74,62,43,42,1,19,2,0,1,7,9
S01009269,75 to 84,35,18,18,0,17,1,0,0,0,16
S01009269,85 and over,12,2,2,0,10,0,2,0,0,8
S01009270,All people aged 16 and over in households,501,230,168,62,271,140,2,24,48,57
S01009270,16 to 24,58,11,0,11,47,47,0,0,0,0
S01009270,25 to 34,75,41,15,26,34,31,0,3,0,0
S01009270,35 to 49,124,53,40,13,71,36,0,16,19,0
S01009270,50 to 64,108,69,58,11,39,13,0,3,18,5
S01009270,65 to 74,65,31,31,0,34,6,1,1,8,18
S01009270,75 to 84,53,22,22,0,31,7,1,1,2,20
S01009270,85 and over,18,3,2,1,15,0,0,0,1,14
S01009271,All people aged 16 and over in households,744,526,462,64,218,137,2,15,39,25
S01009271,16 to 24,99,9,2,7,90,90,0,0,0,0
S01009271,25 to 34,82,51,30,21,31,28,0,3,0,0
S01009271,35 to 49,197,165,140,25,32,9,0,9,11,3
S01009271,50 to 64,254,214,206,8,40,6,2,3,23,6
S01009271,65 to 74,86,75,72,3,11,2,0,0,3,6
S01009271,75 to 84,18,10,10,0,8,1,0,0,2,5
S01009271,85 and over,8,2,2,0,6,1,0,0,0,5
S01009272,All people aged 16 and over in households,552,332,252,80,220,137,8,12,35,28
S01009272,16 to 24,100,19,3,16,81,81,0,0,0,0
S01009272,25 to 34,92,58,32,26,34,30,1,0,3,0
S01009272,35 to 49,146,108,86,22,38,20,2,8,7,1
S01009272,50 to 64,143,109,96,13,34,6,1,4,19,4
S01009272,65 to 74,45,31,28,3,14,0,0,0,6,8
S01009272,75 to 84,20,6,6,0,14,0,4,0,0,10
S01009272,85 and over,6,1,1,0,5,0,0,0,0,5
S01009273,All people aged 16 and over in households,416,304,272,32,112,58,1,9,15,29
S01009273,16 to 24,32,0,0,0,32,32,0,0,0,0
S01009273,25 to 34,27,14,11,3,13,13,0,0,0,0
S01009273,35 to 49,98,85,65,20,13,7,0,1,4,1
S01009273,50 to 64,149,132,123,9,17,1,0,5,7,4
S01009273,65 to 74,67,49,49,0,18,1,0,2,3,12
S01009273,75 to 84,33,22,22,0,11,3,1,1,1,5
S01009273,85 and over,10,2,2,0,8,1,0,0,0,7
S01009274,All people aged 16 and over in households,514,344,300,44,170,97,4,13,21,35
S01009274,16 to 24,63,4,0,4,59,58,0,1,0,0
S01009274,25 to 34,33,14,9,5,19,14,0,5,0,0
S01009274,35 to 49,144,117,92,25,27,15,1,5,6,0
S01009274,50 to 64,143,118,109,9,25,8,1,2,9,5
S01009274,65 to 74,88,68,68,0,20,1,1,0,6,12
S01009274,75 to 84,35,19,19,0,16,1,1,0,0,14
S01009274,85 and over,8,4,3,1,4,0,0,0,0,4
S01009275,All people aged 16 and over in households,478,326,266,60,152,90,1,15,27,19
S01009275,16 to 24,51,9,0,9,42,42,0,0,0,0
S01009275,25 to 34,56,37,17,20,19,17,0,1,1,0
S01009275,35 to 49,154,120,99,21,34,20,0,9,5,0
S01009275,50 to 64,137,105,97,8,32,7,0,4,18,3
S01009275,65 to 74,55,41,40,1,14,3,0,1,2,8
S01009275,75 to 84,19,12,11,1,7,1,1,0,0,5
S01009275,85 and over,6,2,2,0,4,0,0,0,1,3
S01009276,All people aged 16 and over in households,756,532,466,66,224,138,1,16,33,36
S01009276,16 to 24,85,4,0,4,81,81,0,0,0,0
S01009276,25 to 34,75,45,29,16,30,27,0,2,1,0
S01009276,35 to 49,183,144,119,25,39,17,0,7,14,1
S01009276,50 to 64,234,207,193,14,27,4,0,7,10,6
S01009276,65 to 74,115,97,95,2,18,6,1,0,6,5
S01009276,75 to 84,52,33,28,5,19,3,0,0,2,14
S01009276,85 and over,12,2,2,0,10,0,0,0,0,10
S01009277,All people aged 16 and over in households,445,344,310,34,101,55,3,10,20,13
S01009277,16 to 24,36,3,1,2,33,33,0,0,0,0
S01009277,25 to 34,31,20,18,2,11,10,1,0,0,0
S01009277,35 to 49,118,93,78,15,25,8,2,8,7,0
S01009277,50 to 64,176,161,148,13,15,2,0,1,10,2
S01009277,65 to 74,57,48,47,1,9,2,0,1,3,3
S01009277,75 to 84,26,19,18,1,7,0,0,0,0,7
S01009277,85 and over,1,0,0,0,1,0,0,0,0,1
S01009278,All people aged 16 and over in households,437,320,254,66,117,67,0,4,20,26
S01009278,16 to 24,31,2,0,2,29,29,0,0,0,0
S01009278,25 to 34,67,56,43,13,11,10,0,0,0,1
S01009278,35 to 49,160,135,107,28,25,16,0,1,7,1
S01009278,50 to 64,93,76,57,19,17,3,0,2,10,2
S01009278,65 to 74,54,35,31,4,19,6,0,1,2,10
S01009278,75 to 84,24,16,16,0,8,0,0,0,0,8
S01009278,85 and over,8,0,0,0,8,3,0,0,1,4
S01009279,All people aged 16 and over in households,500,312,248,64,188,97,5,9,44,33
S01009279,16 to 24,54,11,1,10,43,43,0,0,0,0
S01009279,25 to 34,45,18,11,7,27,26,0,1,0,0
S01009279,35 to 49,142,105,80,25,37,16,3,4,14,0
S01009279,50 to 64,158,121,106,15,37,9,0,4,18,6
S01009279,65 to 74,65,42,36,6,23,2,0,0,11,10
S01009279,75 to 84,24,12,11,1,12,0,2,0,1,9
S01009279,85 and over,12,3,3,0,9,1,0,0,0,8
S01009280,All people aged 16 and over in households,698,364,264,100,334,204,4,29,46,51
S01009280,16 to 24,117,21,6,15,96,96,0,0,0,0
S01009280,25 to 34,98,53,21,32,45,38,0,4,3,0
S01009280,35 to 49,176,103,77,26,73,50,0,10,12,1
S01009280,50 to 64,149,103,83,20,46,15,0,10,15,6
S01009280,65 to 74,89,54,48,6,35,5,1,3,11,15
S01009280,75 to 84,53,23,22,1,30,0,2,1,4,23
S01009280,85 and over,16,7,7,0,9,0,1,1,1,6
S01009281,All people aged 16 and over in households,668,384,314,70,284,173,4,19,42,46
S01009281,16 to 24,95,10,2,8,85,85,0,0,0,0
S01009281,25 to 34,68,43,19,24,25,23,0,0,2,0
S01009281,35 to 49,197,123,100,23,74,44,1,11,18,0
S01009281,50 to 64,162,111,97,14,51,16,3,7,17,8
S01009281,65 to 74,93,73,72,1,20,3,0,0,4,13
S01009281,75 to 84,45,22,22,0,23,2,0,1,0,20
S01009281,85 and over,8,2,2,0,6,0,0,0,1,5
S01009282,All people aged 16 and over in households,625,404,332,72,221,118,5,20,35,43
S01009282,16 to 24,64,8,0,8,56,54,0,0,2,0
S01009282,25 to 34,43,31,13,18,12,8,2,1,1,0
S01009282,35 to 49,191,141,113,28,50,27,2,9,12,0
S01009282,50 to 64,208,159,143,16,49,18,0,5,15,11
S01009282,65 to 74,66,41,40,1,25,7,0,5,3,10
S01009282,75 to 84,42,21,20,1,21,4,1,0,1,15
S01009282,85 and over,11,3,3,0,8,0,0,0,1,7
S01009283,All people aged 16 and over in households,356,262,196,66,94,58,2,7,16,11
S01009283,16 to 24,38,8,1,7,30,30,0,0,0,0
S01009283,25 to 34,65,53,28,25,12,11,0,0,1,0
S01009283,35 to 49,124,98,71,27,26,16,1,5,4,0
S01009283,50 to 64,88,76,71,5,12,1,1,1,7,2
S01009283,65 to 74,22,17,17,0,5,0,0,0,4,1
S01009283,75 to 84,15,10,8,2,5,0,0,1,0,4
S01009283,85 and over,4,0,0,0,4,0,0,0,0,4
S01009284,All people aged 16 and over in households,650,444,388,56,206,129,2,16,28,31
S01009284,16 to 24,91,9,2,7,82,82,0,0,0,0
S01009284,25 to 34,64,32,21,11,32,27,0,2,2,1
S01009284,35 to 49,216,178,156,22,38,14,2,8,11,3
S01009284,50 to 64,197,171,160,11,26,4,0,6,12,4
S01009284,65 to 74,46,36,35,1,10,0,0,0,3,7
S01009284,75 to 84,30,17,14,3,13,2,0,0,0,11
S01009284,85 and over,6,1,0,1,5,0,0,0,0,5
S01009285,All people aged 16 and over in households,705,466,402,64,239,161,6,14,33,25
S01009285,16 to 24,104,4,1,3,100,100,0,0,0,0
S01009285,25 to 34,105,71,45,26,34,31,1,1,1,0
S01009285,35 to 49,220,181,160,21,39,19,4,8,8,0
S01009285,50 to 64,186,148,136,12,38,8,1,5,16,8
S01009285,65 to 74,60,47,45,2,13,3,0,0,6,4
S01009285,75 to 84,24,12,12,0,12,0,0,0,2,10
S01009285,85 and over,6,3,3,0,3,0,0,0,0,3
S01009286,All people aged 16 and over in households,653,434,380,54,219,118,2,17,45,37
S01009286,16 to 24,67,8,2,6,59,59,0,0,0,0
S01009286,25 to 34,78,44,24,20,34,28,1,2,3,0
S01009286,35 to 49,129,93,80,13,36,18,0,4,12,2
S01009286,50 to 64,218,178,168,10,40,7,1,8,19,5
S01009286,65 to 74,98,74,69,5,24,3,0,3,6,12
S01009286,75 to 84,53,33,33,0,20,3,0,0,5,12
S01009286,85 and over,10,4,4,0,6,0,0,0,0,6
S01009287,All people aged 16 and over in households,627,458,420,38,169,71,6,12,32,48
S01009287,16 to 24,31,3,2,1,28,28,0,0,0,0
S01009287,25 to 34,44,28,17,11,16,16,0,0,0,0
S01009287,35 to 49,151,121,108,13,30,13,1,7,7,2
S01009287,50 to 64,192,162,152,10,30,7,1,4,14,4
S01009287,65 to 74,125,94,92,2,31,4,1,1,9,16
S01009287,75 to 84,63,41,40,1,22,3,2,0,2,15
S01009287,85 and over,21,9,9,0,12,0,1,0,0,11
S01009288,All people aged 16 and over in households,700,474,406,68,226,99,8,8,43,68
S01009288,16 to 24,39,4,1,3,35,35,0,0,0,0
S01009288,25 to 34,52,34,21,13,18,17,0,0,0,1
S01009288,35 to 49,190,151,125,26,39,26,2,4,7,0
S01009288,50 to 64,185,133,117,16,52,16,4,3,23,6
S01009288,65 to 74,121,90,82,8,31,2,1,1,11,16
S01009288,75 to 84,85,53,51,2,32,2,0,0,1,29
S01009288,85 and over,28,9,9,0,19,1,1,0,1,16
S01009289,All people aged 16 and over in households,762,520,458,62,242,119,2,21,35,65
S01009289,16 to 24,65,7,0,7,58,58,0,0,0,0
S01009289,25 to 34,58,23,14,9,35,33,0,2,0,0
S01009289,35 to 49,177,140,116,24,37,17,1,11,8,0
S01009289,50 to 64,238,200,185,15,38,6,1,5,18,8
S01009289,65 to 74,135,104,99,5,31,2,0,2,8,19
S01009289,75 to 84,68,39,37,2,29,2,0,1,0,26
S01009289,85 and over,21,7,7,0,14,1,0,0,1,12
S01009290,All people aged 16 and over in households,538,384,356,28,154,65,4,4,21,60
S01009290,16 to 24,37,4,2,2,33,33,0,0,0,0
S01009290,25 to 34,22,9,5,4,13,12,0,0,1,0
S01009290,35 to 49,128,114,103,11,14,6,0,1,7,0
S01009290,50 to 64,188,161,151,10,27,7,0,0,10,10
S01009290,65 to 74,96,74,73,1,22,3,2,2,2,13
S01009290,75 to 84,50,22,22,0,28,3,1,1,1,22
S01009290,85 and over,17,0,0,0,17,1,1,0,0,15
S01009291,All people aged 16 and over in households,810,572,506,66,238,150,3,7,38,40
S01009291,16 to 24,99,9,1,8,90,90,0,0,0,0
S01009291,25 to 34,92,56,37,19,36,33,1,2,0,0
S01009291,35 to 49,196,164,142,22,32,17,1,4,9,1
S01009291,50 to 64,274,233,218,15,41,7,0,1,20,13
S01009291,65 to 74,105,84,83,1,21,1,0,0,7,13
S01009291,75 to 84,35,22,21,1,13,2,1,0,2,8
S01009291,85 and over,9,4,4,0,5,0,0,0,0,5
S01009292,All people aged 16 and over in households,425,234,178,56,191,112,3,13,32,31
S01009292,16 to 24,69,9,0,9,60,60,0,0,0,0
S01009292,25 to 34,62,39,13,26,23,19,0,4,0,0
S01009292,35 to 49,116,78,68,10,38,22,1,5,9,1
S01009292,50 to 64,100,68,58,10,32,9,2,3,15,3
S01009292,65 to 74,38,25,24,1,13,2,0,0,4,7
S01009292,75 to 84,28,15,15,0,13,0,0,1,2,10
S01009292,85 and over,12,0,0,0,12,0,0,0,2,10
S01009293,All people aged 16 and over in households,574,372,296,76,202,122,4,10,25,41
S01009293,16 to 24,69,10,1,9,59,59,0,0,0,0
S01009293,25 to 34,98,61,36,25,37,32,1,3,1,0
S01009293,35 to 49,159,123,100,23,36,19,1,6,10,0
S01009293,50 to 64,149,125,108,17,24,7,0,0,9,8
S01009293,65 to 74,47,28,26,2,19,3,0,1,5,10
S01009293,75 to 84,37,21,21,0,16,2,0,0,0,14
S01009293,85 and over,15,4,4,0,11,0,2,0,0,9
S01009294,All people aged 16 and over in households,401,282,240,42,119,85,2,9,8,15
S01009294,16 to 24,48,1,0,1,47,47,0,0,0,0
S01009294,25 to 34,33,15,8,7,18,18,0,0,0,0
S01009294,35 to 49,153,131,109,22,22,11,1,6,3,1
S01009294,50 to 64,101,88,77,11,13,4,1,2,4,2
S01009294,65 to 74,53,42,41,1,11,3,0,1,1,6
S01009294,75 to 84,11,5,5,0,6,1,0,0,0,5
S01009294,85 and over,2,0,0,0,2,1,0,0,0,1
S01009295,All people aged 16 and over in households,530,378,340,38,152,101,4,11,17,19
S01009295,16 to 24,47,3,0,3,44,44,0,0,0,0
S01009295,25 to 34,74,43,28,15,31,30,0,0,1,0
S01009295,35 to 49,135,101,85,16,34,20,2,4,7,1
S01009295,50 to 64,188,163,159,4,25,4,1,7,7,6
S01009295,65 to 74,67,55,55,0,12,1,1,0,2,8
S01009295,75 to 84,16,11,11,0,5,2,0,0,0,3
S01009295,85 and over,3,2,2,0,1,0,0,0,0,1
S01009296,All people aged 16 and over in households,426,294,262,32,132,103,0,5,11,13
S01009296,16 to 24,67,4,1,3,63,63,0,0,0,0
S01009296,25 to 34,48,24,16,8,24,24,0,0,0,0
S01009296,35 to 49,157,137,120,17,20,11,0,4,5,0
S01009296,50 to 64,95,84,81,3,11,4,0,1,5,1
S01009296,65 to 74,47,38,37,1,9,1,0,0,1,7
S01009296,75 to 84,11,6,6,0,5,0,0,0,0,5
S01009296,85 and over,1,1,1,0,0,0,0,0,0,0
S01009297,All people aged 16 and over in households,675,484,432,52,191,126,1,17,29,18
S01009297,16 to 24,77,5,0,5,72,72,0,0,0,0
S01009297,25 to 34,82,50,34,16,32,28,0,1,3,0
S01009297,35 to 49,199,168,149,19,31,15,1,6,9,0
S01009297,50 to 64,230,193,185,8,37,7,0,10,15,5
S01009297,65 to 74,64,54,52,2,10,2,0,0,2,6
S01009297,75 to 84,19,12,10,2,7,2,0,0,0,5
S01009297,85 and over,4,2,2,0,2,0,0,0,0,2
S01009298,All people aged 16 and over in households,845,401,246,155,444,208,1,38,93,104
S01009298,16 to 24,99,25,0,25,74,74,0,0,0,0
S01009298,25 to 34,147,96,36,60,51,47,0,4,0,0
S01009298,35 to 49,189,95,53,42,94,51,1,16,24,2
S01009298,50 to 64,188,101,80,21,87,19,0,15,45,8
S01009298,65 to 74,117,61,55,6,56,8,0,3,15,30
S01009298,75 to 84,67,18,17,1,49,4,0,0,8,37
S01009298,85 and over,38,5,5,0,33,5,0,0,1,27
S01009299,All people aged 16 and over in households,797,444,312,132,353,186,6,28,56,77
S01009299,16 to 24,80,22,0,22,58,58,0,0,0,0
S01009299,25 to 34,164,98,44,54,66,59,1,3,3,0
S01009299,35 to 49,220,140,102,38,80,46,1,14,18,1
S01009299,50 to 64,178,121,104,17,57,14,1,10,28,4
S01009299,65 to 74,57,33,33,0,24,5,0,1,5,13
S01009299,75 to 84,68,23,22,1,45,2,3,0,2,38
S01009299,85 and over,30,7,7,0,23,2,0,0,0,21
S01009300,All people aged 16 and over in households,444,212,136,76,232,143,3,18,40,28
S01009300,16 to 24,66,19,2,17,47,47,0,0,0,0
S01009300,25 to 34,85,48,12,36,37,33,1,3,0,0
S01009300,35 to 49,134,66,50,16,68,44,2,10,11,1
S01009300,50 to 64,96,52,45,7,44,17,0,2,21,4
S01009300,65 to 74,32,16,16,0,16,2,0,1,5,8
S01009300,75 to 84,22,9,9,0,13,0,0,2,3,8
S01009300,85 and over,9,2,2,0,7,0,0,0,0,7
S01009301,All people aged 16 and over in households,788,332,186,146,456,251,4,44,102,55
S01009301,16 to 24,133,55,3,52,78,77,0,1,0,0
S01009301,25 to 34,163,71,31,40,92,83,2,3,3,1
S01009301,35 to 49,215,83,47,36,132,69,0,27,33,3
S01009301,50 to 64,159,73,57,16,86,16,1,12,49,8
S01009301,65 to 74,50,27,27,0,23,2,0,1,13,7
S01009301,75 to 84,44,18,16,2,26,1,1,0,2,22
S01009301,85 and over,24,5,5,0,19,3,0,0,2,14
S01009302,All people aged 16 and over in households,690,268,168,100,422,260,6,31,88,37
S01009302,16 to 24,109,23,1,22,86,85,0,1,0,0
S01009302,25 to 34,150,61,21,40,89,81,1,5,2,0
S01009302,35 to 49,195,71,55,16,124,66,1,17,36,4
S01009302,50 to 64,157,78,60,18,79,21,4,8,39,7
S01009302,65 to 74,39,19,17,2,20,3,0,0,8,9
S01009302,75 to 84,28,16,14,2,12,1,0,0,2,9
S01009302,85 and over,12,0,0,0,12,3,0,0,1,8
S01009303,All people aged 16 and over in households,603,400,342,58,203,120,1,12,29,41
S01009303,16 to 24,64,7,0,7,57,57,0,0,0,0
S01009303,25 to 34,66,42,26,16,24,24,0,0,0,0
S01009303,35 to 49,166,137,108,29,29,15,0,4,8,2
S01009303,50 to 64,167,127,121,6,40,16,1,6,13,4
S01009303,65 to 74,81,57,57,0,24,5,0,1,5,13
S01009303,75 to 84,44,23,23,0,21,2,0,1,3,15
S01009303,85 and over,15,7,7,0,8,1,0,0,0,7
S01009304,All people aged 16 and over in households,770,484,390,94,286,169,1,23,44,49
S01009304,16 to 24,87,6,0,6,81,81,0,0,0,0
S01009304,25 to 34,107,57,29,28,50,46,0,2,2,0
S01009304,35 to 49,207,157,127,30,50,24,1,11,13,1
S01009304,50 to 64,210,165,149,16,45,10,0,8,21,6
S01009304,65 to 74,101,73,60,13,28,4,0,2,5,17
S01009304,75 to 84,49,24,23,1,25,2,0,0,3,20
S01009304,85 and over,9,2,2,0,7,2,0,0,0,5
S01009305,All people aged 16 and over in households,652,348,236,112,304,153,1,21,63,66
S01009305,16 to 24,67,16,1,15,51,51,0,0,0,0
S01009305,25 to 34,101,59,17,42,42,40,0,1,1,0
S01009305,35 to 49,185,111,73,38,74,38,0,17,19,0
S01009305,50 to 64,153,99,86,13,54,15,1,2,30,6
S01009305,65 to 74,67,40,38,2,27,6,0,1,11,9
S01009305,75 to 84,52,21,19,2,31,2,0,0,1,28
S01009305,85 and over,27,2,2,0,25,1,0,0,1,23
S01009306,All people aged 16 and over in households,897,464,282,182,433,274,5,56,53,45
S01009306,16 to 24,139,46,4,42,93,89,0,3,1,0
S01009306,25 to 34,203,121,41,80,82,75,0,6,1,0
S01009306,35 to 49,272,140,91,49,132,80,2,33,16,1
S01009306,50 to 64,168,99,88,11,69,19,1,14,30,5
S01009306,65 to 74,46,31,31,0,15,6,0,0,2,7
S01009306,75 to 84,54,24,24,0,30,4,2,0,2,22
S01009306,85 and over,15,3,3,0,12,1,0,0,1,10
S01009307,All people aged 16 and over in households,861,426,284,142,435,287,3,30,76,39
S01009307,16 to 24,130,40,0,40,90,89,0,1,0,0
S01009307,25 to 34,208,109,43,66,99,91,1,4,2,1
S01009307,35 to 49,217,106,78,28,111,73,0,16,22,0
S01009307,50 to 64,190,107,101,6,83,26,2,6,42,7
S01009307,65 to 74,56,41,39,2,15,2,0,2,6,5
S01009307,75 to 84,38,17,17,0,21,2,0,1,3,15
S01009307,85 and over,22,6,6,0,16,4,0,0,1,11
S01009308,All people aged 16 and over in households,436,186,114,72,250,158,2,26,25,39
S01009308,16 to 24,65,22,0,22,43,43,0,0,0,0
S01009308,25 to 34,96,41,13,28,55,52,1,2,0,0
S01009308,35 to 49,138,68,49,19,70,46,0,15,7,2
S01009308,50 to 64,60,28,27,1,32,8,0,7,14,3
S01009308,65 to 74,26,13,11,2,13,4,0,1,4,4
S01009308,75 to 84,31,12,12,0,19,2,1,1,0,15
S01009308,85 and over,20,2,2,0,18,3,0,0,0,15
S01009309,All people aged 16 and over in households,617,318,210,108,299,180,11,25,50,33
S01009309,16 to 24,68,20,3,17,48,48,0,0,0,0
S01009309,25 to 34,160,88,41,47,72,63,1,4,4,0
S01009309,35 to 49,193,105,73,32,88,52,2,15,16,3
S01009309,50 to 64,116,67,59,8,49,12,5,6,23,3
S01009309,65 to 74,42,25,23,2,17,4,0,0,6,7
S01009309,75 to 84,29,11,9,2,18,1,2,0,1,14
S01009309,85 and over,9,2,2,0,7,0,1,0,0,6
S01009310,All people aged 16 and over in households,763,520,450,70,243,142,3,16,37,45
S01009310,16 to 24,89,9,0,9,80,80,0,0,0,0
S01009310,25 to 34,85,48,27,21,37,36,0,1,0,0
S01009310,35 to 49,180,137,111,26,43,20,3,7,11,2
S01009310,50 to 64,257,212,201,11,45,5,0,5,22,13
S01009310,65 to 74,107,85,83,2,22,1,0,2,4,15
S01009310,75 to 84,38,27,26,1,11,0,0,1,0,10
S01009310,85 and over,7,2,2,0,5,0,0,0,0,5
S01009311,All people aged 16 and over in households,570,327,257,70,243,154,5,15,34,35
S01009311,16 to 24,97,10,0,10,87,86,0,1,0,0
S01009311,25 to 34,83,57,37,20,26,24,0,1,1,0
S01009311,35 to 49,166,110,83,27,56,28,1,10,13,4
S01009311,50 to 64,129,97,85,12,32,12,3,1,13,3
S01009311,65 to 74,56,37,36,1,19,2,0,1,6,10
S01009311,75 to 84,34,16,16,0,18,2,1,1,1,13
S01009311,85 and over,5,0,0,0,5,0,0,0,0,5
S01009312,All people aged 16 and over in households,578,294,170,124,284,163,6,32,48,35
S01009312,16 to 24,80,28,0,28,52,51,0,0,0,1
S01009312,25 to 34,157,90,39,51,67,63,3,1,0,0
S01009312,35 to 49,145,82,49,33,63,33,2,17,11,0
S01009312,50 to 64,113,64,52,12,49,12,0,11,24,2
S01009312,65 to 74,40,15,15,0,25,2,0,2,9,12
S01009312,75 to 84,35,15,15,0,20,2,1,1,4,12
S01009312,85 and over,8,0,0,0,8,0,0,0,0,8
S01009313,All people aged 16 and over in households,460,234,158,76,226,121,2,9,57,37
S01009313,16 to 24,56,13,0,13,43,43,0,0,0,0
S01009313,25 to 34,67,42,8,34,25,24,0,0,1,0
S01009313,35 to 49,129,63,42,21,66,32,2,5,24,3
S01009313,50 to 64,103,61,55,6,42,18,0,4,18,2
S01009313,65 to 74,56,35,33,2,21,2,0,0,12,7
S01009313,75 to 84,33,18,18,0,15,2,0,0,2,11
S01009313,85 and over,16,2,2,0,14,0,0,0,0,14
S01009314,All people aged 16 and over in households,541,382,322,60,159,94,4,14,21,26
S01009314,16 to 24,61,7,1,6,54,54,0,0,0,0
S01009314,25 to 34,69,43,21,22,26,22,0,1,3,0
S01009314,35 to 49,151,123,100,23,28,11,1,8,6,2
S01009314,50 to 64,160,139,131,8,21,5,0,3,9,4
S01009314,65 to 74,69,55,54,1,14,1,1,2,2,8
S01009314,75 to 84,28,15,15,0,13,1,2,0,1,9
S01009314,85 and over,3,0,0,0,3,0,0,0,0,3
S01009315,All people aged 16 and over in households,512,288,234,54,224,126,6,9,40,43
S01009315,16 to 24,64,5,1,4,59,56,2,0,1,0
S01009315,25 to 34,66,29,9,20,37,31,3,2,1,0
S01009315,35 to 49,149,103,80,23,46,23,0,5,16,2
S01009315,50 to 64,135,96,91,5,39,12,0,2,16,9
S01009315,65 to 74,60,37,35,2,23,4,0,0,4,15
S01009315,75 to 84,29,15,15,0,14,0,1,0,2,11
S01009315,85 and over,9,3,3,0,6,0,0,0,0,6
S01009316,All people aged 16 and over in households,615,384,340,44,231,140,1,13,36,41
S01009316,16 to 24,83,7,2,5,76,76,0,0,0,0
S01009316,25 to 34,63,28,14,14,35,34,0,0,0,1
S01009316,35 to 49,174,139,126,13,35,22,0,5,7,1
S01009316,50 to 64,190,146,134,12,44,6,0,8,25,5
S01009316,65 to 74,58,46,46,0,12,2,1,0,2,7
S01009316,75 to 84,37,16,16,0,21,0,0,0,2,19
S01009316,85 and over,10,2,2,0,8,0,0,0,0,8
S01009317,All people aged 16 and over in households,710,490,452,38,220,123,6,20,35,36
S01009317,16 to 24,73,4,0,4,69,69,0,0,0,0
S01009317,25 to 34,80,43,32,11,37,32,1,4,0,0
S01009317,35 to 49,181,147,132,15,34,11,1,11,11,0
S01009317,50 to 64,227,193,187,6,34,5,0,3,18,8
S01009317,65 to 74,89,66,64,2,23,3,0,2,6,12
S01009317,75 to 84,48,33,33,0,15,1,4,0,0,10
S01009317,85 and over,12,4,4,0,8,2,0,0,0,6
S01009318,All people aged 16 and over in households,500,353,324,29,147,96,3,11,13,24
S01009318,16 to 24,65,2,1,1,63,63,0,0,0,0
S01009318,25 to 34,35,19,17,2,16,15,0,1,0,0
S01009318,35 to 49,145,125,111,14,20,9,0,5,5,1
S01009318,50 to 64,177,152,141,11,25,9,1,3,7,5
S01009318,65 to 74,45,36,35,1,9,0,1,2,1,5
S01009318,75 to 84,25,18,18,0,7,0,0,0,0,7
S01009318,85 and over,8,1,1,0,7,0,1,0,0,6
S01009319,All people aged 16 and over in households,776,556,506,50,220,98,1,9,21,91
S01009319,16 to 24,53,2,0,2,51,51,0,0,0,0
S01009319,25 to 34,46,33,18,15,13,13,0,0,0,0
S01009319,35 to 49,184,153,134,19,31,18,1,5,4,3
S01009319,50 to 64,214,185,176,9,29,10,0,3,8,8
S01009319,65 to 74,139,103,100,3,36,1,0,1,8,26
S01009319,75 to 84,112,70,68,2,42,5,0,0,1,36
S01009319,85 and over,28,10,10,0,18,0,0,0,0,18
S01009320,All people aged 16 and over in households,590,348,296,52,242,100,1,19,39,83
S01009320,16 to 24,44,8,0,8,36,36,0,0,0,0
S01009320,25 to 34,64,40,32,8,24,23,0,0,1,0
S01009320,35 to 49,159,124,95,29,35,20,1,5,7,2
S01009320,50 to 64,140,103,96,7,37,10,0,9,16,2
S01009320,65 to 74,77,46,46,0,31,3,0,4,10,14
S01009320,75 to 84,69,20,20,0,49,5,0,1,5,38
S01009320,85 and over,37,7,7,0,30,3,0,0,0,27
S01009321,All people aged 16 and over in households,566,424,384,40,142,75,2,8,16,41
S01009321,16 to 24,46,2,1,1,44,44,0,0,0,0
S01009321,25 to 34,33,20,12,8,13,13,0,0,0,0
S01009321,35 to 49,150,125,103,22,25,11,0,6,7,1
S01009321,50 to 64,182,154,147,7,28,5,2,2,7,12
S01009321,65 to 74,108,91,90,1,17,0,0,0,1,16
S01009321,75 to 84,42,32,31,1,10,1,0,0,0,9
S01009321,85 and over,5,0,0,0,5,1,0,0,1,3
S01009322,All people aged 16 and over in households,670,482,416,66,188,107,1,11,29,40
S01009322,16 to 24,52,7,0,7,45,44,0,1,0,0
S01009322,25 to 34,82,45,29,16,37,32,0,2,3,0
S01009322,35 to 49,160,121,101,20,39,21,1,7,10,0
S01009322,50 to 64,200,177,156,21,23,6,0,1,9,7
S01009322,65 to 74,114,90,88,2,24,4,0,0,6,14
S01009322,75 to 84,50,38,38,0,12,0,0,0,1,11
S01009322,85 and over,12,4,4,0,8,0,0,0,0,8
S01009323,All people aged 16 and over in households,545,294,252,42,251,124,5,14,37,71
S01009323,16 to 24,59,3,0,3,56,54,2,0,0,0
S01009323,25 to 34,50,29,19,10,21,21,0,0,0,0
S01009323,35 to 49,119,66,57,9,53,30,0,5,16,2
S01009323,50 to 64,160,114,94,20,46,10,1,7,16,12
S01009323,65 to 74,101,62,62,0,39,9,0,1,3,26
S01009323,75 to 84,46,19,19,0,27,0,2,1,2,22
S01009323,85 and over,10,1,1,0,9,0,0,0,0,9
S01009324,All people aged 16 and over in households,448,262,196,66,186,99,6,15,37,29
S01009324,16 to 24,43,8,1,7,35,35,0,0,0,0
S01009324,25 to 34,87,53,19,34,34,31,0,3,0,0
S01009324,35 to 49,107,65,45,20,42,21,1,7,13,0
S01009324,50 to 64,117,81,77,4,36,8,3,4,17,4
S01009324,65 to 74,53,36,35,1,17,2,2,0,6,7
S01009324,75 to 84,26,16,16,0,10,2,0,1,1,6
S01009324,85 and over,15,3,3,0,12,0,0,0,0,12
S01009325,All people aged 16 and over in households,547,398,308,90,149,79,1,14,33,22
S01009325,16 to 24,38,9,2,7,29,29,0,0,0,0
S01009325,25 to 34,113,93,61,32,20,16,0,3,1,0
S01009325,35 to 49,213,166,119,47,47,24,0,9,12,2
S01009325,50 to 64,116,85,81,4,31,8,1,1,18,3
S01009325,65 to 74,43,32,32,0,11,0,0,1,2,8
S01009325,75 to 84,21,11,11,0,10,2,0,0,0,8
S01009325,85 and over,3,2,2,0,1,0,0,0,0,1
S01009326,All people aged 16 and over in households,411,278,208,70,133,97,1,12,14,9
S01009326,16 to 24,57,5,2,3,52,52,0,0,0,0
S01009326,25 to 34,87,63,41,22,24,22,0,0,2,0
S01009326,35 to 49,182,156,116,40,26,12,1,8,5,0
S01009326,50 to 64,61,40,36,4,21,9,0,3,7,2
S01009326,65 to 74,17,11,11,0,6,1,0,1,0,4
S01009326,75 to 84,7,3,2,1,4,1,0,0,0,3
S01009326,85 and over,0,0,0,0,0,0,0,0,0,0
S01009327,All people aged 16 and over in households,486,344,300,44,142,75,4,8,23,32
S01009327,16 to 24,39,6,0,6,33,33,0,0,0,0
S01009327,25 to 34,42,18,8,10,24,20,2,1,1,0
S01009327,35 to 49,109,85,75,10,24,12,0,4,7,1
S01009327,50 to 64,132,113,99,14,19,6,0,2,9,2
S01009327,65 to 74,92,78,74,4,14,1,0,1,4,8
S01009327,75 to 84,60,35,35,0,25,3,2,0,2,18
S01009327,85 and over,12,9,9,0,3,0,0,0,0,3
S01009328,All people aged 16 and over in households,478,394,300,94,84,65,4,5,7,3
S01009328,16 to 24,54,16,4,12,38,38,0,0,0,0
S01009328,25 to 34,177,150,105,45,27,23,2,0,2,0
S01009328,35 to 49,190,178,147,31,12,3,1,5,2,1
S01009328,50 to 64,50,44,40,4,6,1,1,0,3,1
S01009328,65 to 74,3,3,2,1,0,0,0,0,0,0
S01009328,75 to 84,4,3,2,1,1,0,0,0,0,1
S01009328,85 and over,0,0,0,0,0,0,0,0,0,0
S01009329,All people aged 16 and over in households,337,208,120,88,129,86,5,11,15,12
S01009329,16 to 24,59,30,1,29,29,29,0,0,0,0
S01009329,25 to 34,137,86,35,51,51,45,2,0,4,0
S01009329,35 to 49,94,64,57,7,30,12,1,7,8,2
S01009329,50 to 64,34,22,21,1,12,0,2,4,2,4
S01009329,65 to 74,7,5,5,0,2,0,0,0,1,1
S01009329,75 to 84,4,1,1,0,3,0,0,0,0,3
S01009329,85 and over,2,0,0,0,2,0,0,0,0,2
S01009330,All people aged 16 and over in households,353,236,154,82,117,76,3,9,24,5
S01009330,16 to 24,50,12,2,10,38,38,0,0,0,0
S01009330,25 to 34,101,74,35,39,27,24,1,1,1,0
S01009330,35 to 49,140,107,80,27,33,12,0,5,15,1
S01009330,50 to 64,50,34,28,6,16,2,2,3,8,1
S01009330,65 to 74,8,7,7,0,1,0,0,0,0,1
S01009330,75 to 84,4,2,2,0,2,0,0,0,0,2
S01009330,85 and over,0,0,0,0,0,0,0,0,0,0
S01009331,All people aged 16 and over in households,399,314,274,40,85,67,1,4,7,6
S01009331,16 to 24,49,0,0,0,49,49,0,0,0,0
S01009331,25 to 34,60,47,38,9,13,10,1,1,1,0
S01009331,35 to 49,217,205,177,28,12,8,0,1,2,1
S01009331,50 to 64,56,50,47,3,6,0,0,2,4,0
S01009331,65 to 74,13,10,10,0,3,0,0,0,0,3
S01009331,75 to 84,4,2,2,0,2,0,0,0,0,2
S01009331,85 and over,0,0,0,0,0,0,0,0,0,0
S01009332,All people aged 16 and over in households,695,522,458,64,173,115,4,8,17,29
S01009332,16 to 24,72,3,0,3,69,69,0,0,0,0
S01009332,25 to 34,82,60,39,21,22,22,0,0,0,0
S01009332,35 to 49,216,187,162,25,29,14,1,5,9,0
S01009332,50 to 64,206,186,173,13,20,6,1,3,4,6
S01009332,65 to 74,69,59,57,2,10,2,1,0,2,5
S01009332,75 to 84,43,24,24,0,19,2,1,0,2,14
S01009332,85 and over,7,3,3,0,4,0,0,0,0,4
S01009333,All people aged 16 and over in households,589,306,214,92,283,149,6,24,47,57
S01009333,16 to 24,74,13,2,11,61,60,0,1,0,0
S01009333,25 to 34,124,81,46,35,43,39,0,2,1,1
S01009333,35 to 49,158,94,59,35,64,34,3,9,17,1
S01009333,50 to 64,115,69,59,10,46,11,3,11,16,5
S01009333,65 to 74,64,39,38,1,25,3,0,1,6,15
S01009333,75 to 84,39,9,9,0,30,2,0,0,6,22
S01009333,85 and over,15,1,1,0,14,0,0,0,1,13
S01009334,All people aged 16 and over in households,511,235,180,55,276,159,1,23,45,48
S01009334,16 to 24,67,4,0,4,63,63,0,0,0,0
S01009334,25 to 34,90,38,16,22,52,49,0,3,0,0
S01009334,35 to 49,127,65,46,19,62,30,1,13,15,3
S01009334,50 to 64,119,74,66,8,45,13,0,6,19,7
S01009334,65 to 74,70,44,42,2,26,3,0,0,6,17
S01009334,75 to 84,31,9,9,0,22,1,0,1,4,16
S01009334,85 and over,7,1,1,0,6,0,0,0,1,5
S01009335,All people aged 16 and over in households,634,352,278,74,282,159,6,21,57,39
S01009335,16 to 24,87,10,0,10,77,77,0,0,0,0
S01009335,25 to 34,88,50,30,20,38,30,3,5,0,0
S01009335,35 to 49,183,110,84,26,73,31,2,12,26,2
S01009335,50 to 64,165,117,102,15,48,19,0,3,22,4
S01009335,65 to 74,69,50,48,2,19,2,0,0,4,13
S01009335,75 to 84,35,14,13,1,21,0,1,1,4,15
S01009335,85 and over,7,1,1,0,6,0,0,0,1,5
S01009336,All people aged 16 and over in households,515,220,148,72,295,192,4,18,49,32
S01009336,16 to 24,99,25,3,22,74,74,0,0,0,0
S01009336,25 to 34,105,43,20,23,62,58,0,4,0,0
S01009336,35 to 49,127,59,42,17,68,42,0,5,19,2
S01009336,50 to 64,95,50,41,9,45,12,0,7,24,2
S01009336,65 to 74,56,30,29,1,26,5,0,1,5,15
S01009336,75 to 84,28,12,12,0,16,1,2,1,1,11
S01009336,85 and over,5,1,1,0,4,0,2,0,0,2
S01009337,All people aged 16 and over in households,564,282,190,92,282,164,5,33,43,37
S01009337,16 to 24,86,14,2,12,72,72,0,0,0,0
S01009337,25 to 34,114,68,34,34,46,40,1,4,1,0
S01009337,35 to 49,168,90,63,27,78,37,2,17,20,2
S01009337,50 to 64,119,72,57,15,47,10,1,11,18,7
S01009337,65 to 74,39,24,20,4,15,4,0,0,4,7
S01009337,75 to 84,26,14,14,0,12,1,1,1,0,9
S01009337,85 and over,12,0,0,0,12,0,0,0,0,12
S01009338,All people aged 16 and over in households,626,280,192,88,346,171,3,27,88,57
S01009338,16 to 24,83,22,2,20,61,61,0,0,0,0
S01009338,25 to 34,98,42,19,23,56,49,1,1,5,0
S01009338,35 to 49,143,75,42,33,68,34,1,13,20,0
S01009338,50 to 64,158,78,71,7,80,22,0,8,44,6
S01009338,65 to 74,65,31,28,3,34,2,1,4,11,16
S01009338,75 to 84,66,31,29,2,35,3,0,1,5,26
S01009338,85 and over,13,1,1,0,12,0,0,0,3,9
S01009339,All people aged 16 and over in households,638,292,186,106,346,214,5,25,63,39
S01009339,16 to 24,94,12,2,10,82,82,0,0,0,0
S01009339,25 to 34,135,67,21,46,68,63,2,2,1,0
S01009339,35 to 49,182,88,57,31,94,44,2,20,26,2
S01009339,50 to 64,129,78,62,16,51,16,0,2,26,7
S01009339,65 to 74,50,27,26,1,23,6,1,1,7,8
S01009339,75 to 84,28,14,12,2,14,2,0,0,2,10
S01009339,85 and over,20,6,6,0,14,1,0,0,1,12
S01009340,All people aged 16 and over in households,483,236,184,52,247,136,3,19,44,45
S01009340,16 to 24,62,5,0,5,57,57,0,0,0,0
S01009340,25 to 34,68,33,14,19,35,33,0,1,1,0
S01009340,35 to 49,132,72,51,21,60,30,0,13,17,0
S01009340,50 to 64,113,69,62,7,44,15,0,4,20,5
S01009340,65 to 74,59,38,38,0,21,1,1,1,6,12
S01009340,75 to 84,31,11,11,0,20,0,1,0,0,19
S01009340,85 and over,18,8,8,0,10,0,1,0,0,9
S01009341,All people aged 16 and over in households,495,240,202,38,255,123,7,21,54,50
S01009341,16 to 24,68,5,1,4,63,63,0,0,0,0
S01009341,25 to 34,73,35,22,13,38,33,2,2,1,0
S01009341,35 to 49,130,77,59,18,53,18,3,11,20,1
S01009341,50 to 64,124,74,71,3,50,8,1,6,26,9
S01009341,65 to 74,52,30,30,0,22,1,0,2,6,13
S01009341,75 to 84,35,13,13,0,22,0,1,0,1,20
S01009341,85 and over,13,6,6,0,7,0,0,0,0,7
S01009342,All people aged 16 and over in households,609,358,252,106,251,134,1,17,51,48
S01009342,16 to 24,73,13,2,11,60,59,0,1,0,0
S01009342,25 to 34,109,74,29,45,35,29,0,4,2,0
S01009342,35 to 49,170,114,77,37,56,29,1,9,17,0
S01009342,50 to 64,129,82,77,5,47,11,0,3,26,7
S01009342,65 to 74,66,49,42,7,17,5,0,0,2,10
S01009342,75 to 84,45,23,22,1,22,1,0,0,4,17
S01009342,85 and over,17,3,3,0,14,0,0,0,0,14
S01009343,All people aged 16 and over in households,453,272,192,80,181,94,3,17,34,33
S01009343,16 to 24,74,23,3,20,51,51,0,0,0,0
S01009343,25 to 34,65,42,15,27,23,20,0,3,0,0
S01009343,35 to 49,128,86,65,21,42,15,3,10,12,2
S01009343,50 to 64,121,75,63,12,46,8,0,4,19,15
S01009343,65 to 74,45,35,35,0,10,0,0,0,2,8
S01009343,75 to 84,19,11,11,0,8,0,0,0,1,7
S01009343,85 and over,1,0,0,0,1,0,0,0,0,1
S01009344,All people aged 16 and over in households,530,318,242,76,212,115,3,15,32,47
S01009344,16 to 24,64,15,4,11,49,49,0,0,0,0
S01009344,25 to 34,90,58,32,26,32,29,0,1,2,0
S01009344,35 to 49,135,84,53,31,51,27,2,9,13,0
S01009344,50 to 64,113,85,77,8,28,6,0,5,12,5
S01009344,65 to 74,68,49,49,0,19,3,1,0,4,11
S01009344,75 to 84,50,27,27,0,23,0,0,0,1,22
S01009344,85 and over,10,0,0,0,10,1,0,0,0,9
S01009345,All people aged 16 and over in households,742,450,362,88,292,182,3,19,43,45
S01009345,16 to 24,106,8,0,8,98,98,0,0,0,0
S01009345,25 to 34,141,94,52,42,47,43,1,1,2,0
S01009345,35 to 49,199,132,111,21,67,34,1,12,20,0
S01009345,50 to 64,179,141,132,9,38,5,1,6,17,9
S01009345,65 to 74,72,50,44,6,22,0,0,0,4,18
S01009345,75 to 84,39,22,20,2,17,1,0,0,0,16
S01009345,85 and over,6,3,3,0,3,1,0,0,0,2
S01009346,All people aged 16 and over in households,479,396,338,58,83,56,5,4,12,6
S01009346,16 to 24,43,1,0,1,42,42,0,0,0,0
S01009346,25 to 34,130,118,92,26,12,7,2,1,2,0
S01009346,35 to 49,234,215,191,24,19,7,2,2,7,1
S01009346,50 to 64,53,49,42,7,4,0,1,0,3,0
S01009346,65 to 74,14,10,10,0,4,0,0,1,0,3
S01009346,75 to 84,4,3,3,0,1,0,0,0,0,1
S01009346,85 and over,1,0,0,0,1,0,0,0,0,1
S01009347,All people aged 16 and over in households,462,396,358,38,66,47,1,6,5,7
S01009347,16 to 24,39,0,0,0,39,39,0,0,0,0
S01009347,25 to 34,41,33,29,4,8,5,1,2,0,0
S01009347,35 to 49,264,255,232,23,9,3,0,3,2,1
S01009347,50 to 64,96,89,79,10,7,0,0,1,3,3
S01009347,65 to 74,17,16,15,1,1,0,0,0,0,1
S01009347,75 to 84,5,3,3,0,2,0,0,0,0,2
S01009347,85 and over,0,0,0,0,0,0,0,0,0,0
S01009348,All people aged 16 and over in households,351,276,234,42,75,54,2,5,11,3
S01009348,16 to 24,44,2,0,2,42,42,0,0,0,0
S01009348,25 to 34,53,45,29,16,8,6,1,1,0,0
S01009348,35 to 49,188,174,154,20,14,5,1,4,3,1
S01009348,50 to 64,56,49,45,4,7,0,0,0,7,0
S01009348,65 to 74,7,5,5,0,2,1,0,0,1,0
S01009348,75 to 84,3,1,1,0,2,0,0,0,0,2
S01009348,85 and over,0,0,0,0,0,0,0,0,0,0
S01009349,All people aged 16 and over in households,564,440,364,76,124,85,7,9,17,6
S01009349,16 to 24,50,5,0,5,45,45,0,0,0,0
S01009349,25 to 34,170,133,99,34,37,33,1,2,1,0
S01009349,35 to 49,258,233,204,29,25,6,4,6,8,1
S01009349,50 to 64,72,62,54,8,10,1,1,1,6,1
S01009349,65 to 74,7,3,3,0,4,0,1,0,1,2
S01009349,75 to 84,5,4,4,0,1,0,0,0,1,0
S01009349,85 and over,2,0,0,0,2,0,0,0,0,2
S01009350,All people aged 16 and over in households,446,307,204,103,139,91,0,11,24,13
S01009350,16 to 24,58,16,1,15,42,42,0,0,0,0
S01009350,25 to 34,123,88,43,45,35,31,0,2,2,0
S01009350,35 to 49,192,158,118,40,34,15,0,6,11,2
S01009350,50 to 64,48,32,29,3,16,2,0,3,9,2
S01009350,65 to 74,19,11,11,0,8,1,0,0,2,5
S01009350,75 to 84,6,2,2,0,4,0,0,0,0,4
S01009350,85 and over,0,0,0,0,0,0,0,0,0,0
S01009351,All people aged 16 and over in households,391,278,210,68,113,74,5,13,16,5
S01009351,16 to 24,46,18,0,18,28,28,0,0,0,0
S01009351,25 to 34,128,98,68,30,30,26,2,1,1,0
S01009351,35 to 49,158,122,104,18,36,19,3,7,7,0
S01009351,50 to 64,47,34,32,2,13,1,0,5,6,1
S01009351,65 to 74,9,4,4,0,5,0,0,0,2,3
S01009351,75 to 84,3,2,2,0,1,0,0,0,0,1
S01009351,85 and over,0,0,0,0,0,0,0,0,0,0
S01009352,All people aged 16 and over in households,563,432,312,120,131,81,5,17,24,4
S01009352,16 to 24,59,8,0,8,51,51,0,0,0,0
S01009352,25 to 34,176,161,99,62,15,12,0,2,1,0
S01009352,35 to 49,249,211,173,38,38,11,3,10,13,1
S01009352,50 to 64,63,43,31,12,20,7,2,4,7,0
S01009352,65 to 74,15,9,9,0,6,0,0,0,3,3
S01009352,75 to 84,1,0,0,0,1,0,0,1,0,0
S01009352,85 and over,0,0,0,0,0,0,0,0,0,0
S01009353,All people aged 16 and over in households,295,240,172,68,55,31,5,6,8,5
S01009353,16 to 24,30,9,3,6,21,19,2,0,0,0
S01009353,25 to 34,76,65,39,26,11,8,2,1,0,0
S01009353,35 to 49,124,112,80,32,12,4,1,3,4,0
S01009353,50 to 64,45,38,34,4,7,0,0,2,4,1
S01009353,65 to 74,10,10,10,0,0,0,0,0,0,0
S01009353,75 to 84,7,5,5,0,2,0,0,0,0,2
S01009353,85 and over,3,1,1,0,2,0,0,0,0,2
S01009354,All people aged 16 and over in households,635,500,420,80,135,99,3,12,16,5
S01009354,16 to 24,67,0,0,0,67,67,0,0,0,0
S01009354,25 to 34,127,102,66,36,25,17,2,4,2,0
S01009354,35 to 49,327,299,259,40,28,13,1,8,6,0
S01009354,50 to 64,91,80,76,4,11,2,0,0,8,1
S01009354,65 to 74,16,15,15,0,1,0,0,0,0,1
S01009354,75 to 84,5,3,3,0,2,0,0,0,0,2
S01009354,85 and over,2,1,1,0,1,0,0,0,0,1
S01009355,All people aged 16 and over in households,734,522,452,70,212,122,1,16,34,39
S01009355,16 to 24,78,10,1,9,68,67,0,1,0,0
S01009355,25 to 34,78,46,24,22,32,30,0,1,1,0
S01009355,35 to 49,183,153,121,32,30,14,0,5,11,0
S01009355,50 to 64,231,196,189,7,35,7,0,8,14,6
S01009355,65 to 74,124,95,95,0,29,0,1,1,8,19
S01009355,75 to 84,35,20,20,0,15,3,0,0,0,12
S01009355,85 and over,5,2,2,0,3,1,0,0,0,2
S01009356,All people aged 16 and over in households,828,568,496,72,260,145,7,20,35,53
S01009356,16 to 24,85,5,1,4,80,80,0,0,0,0
S01009356,25 to 34,98,54,33,21,44,38,3,2,1,0
S01009356,35 to 49,186,148,118,30,38,15,0,12,10,1
S01009356,50 to 64,264,219,204,15,45,7,2,4,16,16
S01009356,65 to 74,127,99,99,0,28,4,0,2,7,15
S01009356,75 to 84,56,38,36,2,18,1,2,0,0,15
S01009356,85 and over,12,5,5,0,7,0,0,0,1,6
S01009357,All people aged 16 and over in households,363,286,230,56,77,53,2,10,11,1
S01009357,16 to 24,39,7,0,7,32,32,0,0,0,0
S01009357,25 to 34,62,49,30,19,13,11,0,1,1,0
S01009357,35 to 49,154,131,111,20,23,9,0,8,6,0
S01009357,50 to 64,81,76,67,9,5,0,0,1,4,0
S01009357,65 to 74,23,21,20,1,2,1,0,0,0,1
S01009357,75 to 84,3,2,2,0,1,0,1,0,0,0
S01009357,85 and over,1,0,0,0,1,0,1,0,0,0
S01009358,All people aged 16 and over in households,556,442,410,32,114,74,3,7,12,18
S01009358,16 to 24,55,2,1,1,53,53,0,0,0,0
S01009358,25 to 34,37,26,23,3,11,8,2,0,1,0
S01009358,35 to 49,228,208,196,12,20,9,0,3,8,0
S01009358,50 to 64,160,151,138,13,9,3,1,4,0,1
S01009358,65 to 74,48,38,36,2,10,1,0,0,3,6
S01009358,75 to 84,24,17,16,1,7,0,0,0,0,7
S01009358,85 and over,4,0,0,0,4,0,0,0,0,4
S01009359,All people aged 16 and over in households,577,436,350,86,141,96,2,15,20,8
S01009359,16 to 24,67,6,1,5,61,61,0,0,0,0
S01009359,25 to 34,127,103,65,38,24,19,0,4,1,0
S01009359,35 to 49,249,216,184,32,33,12,2,10,6,3
S01009359,50 to 64,96,79,70,9,17,4,0,1,11,1
S01009359,65 to 74,26,24,22,2,2,0,0,0,1,1
S01009359,75 to 84,10,8,8,0,2,0,0,0,1,1
S01009359,85 and over,2,0,0,0,2,0,0,0,0,2
S01009360,All people aged 16 and over in households,704,440,368,72,264,143,8,21,39,53
S01009360,16 to 24,83,10,2,8,73,73,0,0,0,0
S01009360,25 to 34,99,60,32,28,39,32,3,3,1,0
S01009360,35 to 49,176,124,103,21,52,26,4,11,10,1
S01009360,50 to 64,186,146,132,14,40,5,1,5,21,8
S01009360,65 to 74,102,77,76,1,25,6,0,1,6,12
S01009360,75 to 84,43,15,15,0,28,1,0,1,1,25
S01009360,85 and over,15,8,8,0,7,0,0,0,0,7
S01009361,All people aged 16 and over in households,651,422,368,54,229,133,3,12,38,43
S01009361,16 to 24,77,6,5,1,71,70,1,0,0,0
S01009361,25 to 34,73,42,24,18,31,26,0,2,3,0
S01009361,35 to 49,175,136,109,27,39,25,0,6,8,0
S01009361,50 to 64,173,139,135,4,34,10,0,1,18,5
S01009361,65 to 74,94,65,63,2,29,1,1,2,7,18
S01009361,75 to 84,47,28,26,2,19,1,1,1,2,14
S01009361,85 and over,12,6,6,0,6,0,0,0,0,6
S01009362,All people aged 16 and over in households,868,626,576,50,242,162,3,16,21,40
S01009362,16 to 24,123,11,4,7,112,112,0,0,0,0
S01009362,25 to 34,87,57,38,19,30,29,0,0,1,0
S01009362,35 to 49,220,195,173,22,25,8,1,10,6,0
S01009362,50 to 64,243,211,209,2,32,6,1,6,11,8
S01009362,65 to 74,129,108,108,0,21,4,1,0,2,14
S01009362,75 to 84,55,42,42,0,13,1,0,0,1,11
S01009362,85 and over,11,2,2,0,9,2,0,0,0,7
S01009363,All people aged 16 and over in households,686,428,326,102,258,127,7,21,48,55
S01009363,16 to 24,82,21,2,19,61,61,0,0,0,0
S01009363,25 to 34,115,86,39,47,29,23,0,6,0,0
S01009363,35 to 49,163,101,77,24,62,25,4,13,17,3
S01009363,50 to 64,172,125,115,10,47,15,0,2,22,8
S01009363,65 to 74,101,76,74,2,25,1,3,0,7,14
S01009363,75 to 84,40,18,18,0,22,2,0,0,1,19
S01009363,85 and over,13,1,1,0,12,0,0,0,1,11
S01009364,All people aged 16 and over in households,694,444,356,88,250,164,8,21,36,21
S01009364,16 to 24,118,22,0,22,96,93,3,0,0,0
S01009364,25 to 34,117,72,42,30,45,39,1,5,0,0
S01009364,35 to 49,194,148,123,25,46,24,2,9,10,1
S01009364,50 to 64,190,147,140,7,43,6,2,7,23,5
S01009364,65 to 74,53,42,40,2,11,1,0,0,1,9
S01009364,75 to 84,21,12,11,1,9,1,0,0,2,6
S01009364,85 and over,1,1,0,1,0,0,0,0,0,0
S01009365,All people aged 16 and over in households,479,278,226,52,201,114,0,16,32,39
S01009365,16 to 24,61,11,1,10,50,50,0,0,0,0
S01009365,25 to 34,67,38,20,18,29,26,0,2,1,0
S01009365,35 to 49,111,70,58,12,41,25,0,12,4,0
S01009365,50 to 64,136,97,89,8,39,8,0,2,20,9
S01009365,65 to 74,70,45,43,2,25,3,0,0,6,16
S01009365,75 to 84,30,17,15,2,13,2,0,0,1,10
S01009365,85 and over,4,0,0,0,4,0,0,0,0,4
S01009366,All people aged 16 and over in households,626,338,276,62,288,153,6,16,45,68
S01009366,16 to 24,55,5,3,2,50,49,0,1,0,0
S01009366,25 to 34,104,53,35,18,51,43,2,1,5,0
S01009366,35 to 49,173,112,85,27,61,33,0,10,18,0
S01009366,50 to 64,132,90,78,12,42,13,3,4,16,6
S01009366,65 to 74,83,51,48,3,32,8,0,0,4,20
S01009366,75 to 84,55,21,21,0,34,6,0,0,2,26
S01009366,85 and over,24,6,6,0,18,1,1,0,0,16
S01009367,All people aged 16 and over in households,513,286,210,76,227,123,8,16,48,32
S01009367,16 to 24,52,11,1,10,41,41,0,0,0,0
S01009367,25 to 34,93,56,30,26,37,31,3,1,1,1
S01009367,35 to 49,139,80,60,20,59,29,1,11,17,1
S01009367,50 to 64,123,81,71,10,42,13,2,3,20,4
S01009367,65 to 74,66,41,34,7,25,4,2,1,8,10
S01009367,75 to 84,35,17,14,3,18,4,0,0,2,12
S01009367,85 and over,5,0,0,0,5,1,0,0,0,4
S01009368,All people aged 16 and over in households,445,264,214,50,181,106,6,14,36,19
S01009368,16 to 24,55,2,0,2,53,53,0,0,0,0
S01009368,25 to 34,65,30,14,16,35,28,3,3,1,0
S01009368,35 to 49,135,96,81,15,39,15,0,10,14,0
S01009368,50 to 64,136,106,91,15,30,9,0,1,11,9
S01009368,65 to 74,37,25,23,2,12,0,3,0,7,2
S01009368,75 to 84,11,5,5,0,6,0,0,0,2,4
S01009368,85 and over,6,0,0,0,6,1,0,0,1,4
S01009369,All people aged 16 and over in households,485,296,222,74,189,110,3,12,25,39
S01009369,16 to 24,72,12,0,12,60,60,0,0,0,0
S01009369,25 to 34,70,50,21,29,20,19,0,1,0,0
S01009369,35 to 49,125,87,65,22,38,20,2,8,8,0
S01009369,50 to 64,111,83,73,10,28,5,1,3,13,6
S01009369,65 to 74,53,38,37,1,15,3,0,0,3,9
S01009369,75 to 84,40,24,24,0,16,1,0,0,1,14
S01009369,85 and over,14,2,2,0,12,2,0,0,0,10
S01009370,All people aged 16 and over in households,727,416,362,54,311,167,5,12,69,58
S01009370,16 to 24,84,5,1,4,79,79,0,0,0,0
S01009370,25 to 34,97,53,29,24,44,40,0,0,4,0
S01009370,35 to 49,150,102,80,22,48,18,1,5,24,0
S01009370,50 to 64,224,158,156,2,66,17,1,7,31,10
S01009370,65 to 74,103,72,72,0,31,6,1,0,8,16
S01009370,75 to 84,49,20,18,2,29,6,1,0,1,21
S01009370,85 and over,20,6,6,0,14,1,1,0,1,11
S01009371,All people aged 16 and over in households,438,274,210,64,164,93,1,5,31,34
S01009371,16 to 24,61,15,3,12,46,46,0,0,0,0
S01009371,25 to 34,71,49,26,23,22,21,0,0,1,0
S01009371,35 to 49,110,81,57,24,29,16,0,2,10,1
S01009371,50 to 64,114,84,80,4,30,7,0,3,18,2
S01009371,65 to 74,41,31,30,1,10,2,1,0,1,6
S01009371,75 to 84,29,14,14,0,15,0,0,0,1,14
S01009371,85 and over,12,0,0,0,12,1,0,0,0,11
S01009372,All people aged 16 and over in households,428,256,194,62,172,109,2,11,24,26
S01009372,16 to 24,68,9,1,8,59,59,0,0,0,0
S01009372,25 to 34,58,33,16,17,25,21,1,2,1,0
S01009372,35 to 49,144,113,85,28,31,18,0,3,7,3
S01009372,50 to 64,85,63,55,8,22,4,0,6,7,5
S01009372,65 to 74,52,34,33,1,18,3,1,0,7,7
S01009372,75 to 84,18,4,4,0,14,4,0,0,2,8
S01009372,85 and over,3,0,0,0,3,0,0,0,0,3
S01009373,All people aged 16 and over in households,645,336,220,116,309,175,5,16,67,46
S01009373,16 to 24,93,20,1,19,73,72,1,0,0,0
S01009373,25 to 34,109,64,28,36,45,39,0,2,4,0
S01009373,35 to 49,199,118,86,32,81,43,0,8,25,5
S01009373,50 to 64,127,80,60,20,47,15,2,3,22,5
S01009373,65 to 74,69,39,35,4,30,4,0,2,13,11
S01009373,75 to 84,37,14,9,5,23,1,2,1,3,16
S01009373,85 and over,11,1,1,0,10,1,0,0,0,9
S01009374,All people aged 16 and over in households,738,386,312,74,352,153,7,20,70,102
S01009374,16 to 24,91,19,6,13,72,71,1,0,0,0
S01009374,25 to 34,112,60,39,21,52,42,1,5,4,0
S01009374,35 to 49,135,90,68,22,45,20,0,7,16,2
S01009374,50 to 64,212,150,133,17,62,10,2,6,28,16
S01009374,65 to 74,96,53,53,0,43,5,0,1,15,22
S01009374,75 to 84,60,12,11,1,48,2,1,1,7,37
S01009374,85 and over,32,2,2,0,30,3,2,0,0,25
S01009375,All people aged 16 and over in households,631,370,284,86,261,152,0,14,54,41
S01009375,16 to 24,91,9,1,8,82,82,0,0,0,0
S01009375,25 to 34,102,62,32,30,40,35,0,2,3,0
S01009375,35 to 49,164,116,87,29,48,20,0,8,18,2
S01009375,50 to 64,167,119,106,13,48,10,0,4,23,11
S01009375,65 to 74,82,54,49,5,28,5,0,0,9,14
S01009375,75 to 84,16,8,7,1,8,0,0,0,1,7
S01009375,85 and over,9,2,2,0,7,0,0,0,0,7
S01009376,All people aged 16 and over in households,479,264,214,50,215,113,4,15,48,35
S01009376,16 to 24,52,3,0,3,49,49,0,0,0,0
S01009376,25 to 34,80,47,20,27,33,30,0,1,2,0
S01009376,35 to 49,104,62,50,12,42,18,0,8,15,1
S01009376,50 to 64,142,104,98,6,38,6,2,4,23,3
S01009376,65 to 74,68,36,35,1,32,7,2,1,8,14
S01009376,75 to 84,24,10,9,1,14,3,0,1,0,10
S01009376,85 and over,9,2,2,0,7,0,0,0,0,7
S01009377,All people aged 16 and over in households,703,428,314,114,275,180,7,16,57,15
S01009377,16 to 24,108,27,3,24,81,81,0,0,0,0
S01009377,25 to 34,223,140,80,60,83,65,4,6,8,0
S01009377,35 to 49,226,154,131,23,72,32,2,4,32,2
S01009377,50 to 64,128,94,87,7,34,2,1,6,16,9
S01009377,65 to 74,13,9,9,0,4,0,0,0,1,3
S01009377,75 to 84,5,4,4,0,1,0,0,0,0,1
S01009377,85 and over,0,0,0,0,0,0,0,0,0,0
S01009378,All people aged 16 and over in households,741,428,330,98,313,190,1,27,69,26
S01009378,16 to 24,133,20,3,17,113,112,0,0,1,0
S01009378,25 to 34,135,69,42,27,66,52,0,5,9,0
S01009378,35 to 49,246,183,137,46,63,22,0,18,23,0
S01009378,50 to 64,153,109,101,8,44,2,1,3,32,6
S01009378,65 to 74,50,38,38,0,12,1,0,0,3,8
S01009378,75 to 84,21,9,9,0,12,1,0,1,1,9
S01009378,85 and over,3,0,0,0,3,0,0,0,0,3
S01009379,All people aged 16 and over in households,688,474,358,116,214,143,7,18,31,15
S01009379,16 to 24,101,11,2,9,90,90,0,0,0,0
S01009379,25 to 34,151,116,70,46,35,31,0,1,3,0
S01009379,35 to 49,309,264,206,58,45,12,2,15,14,2
S01009379,50 to 64,100,68,65,3,32,7,5,2,12,6
S01009379,65 to 74,17,10,10,0,7,1,0,0,2,4
S01009379,75 to 84,9,4,4,0,5,2,0,0,0,3
S01009379,85 and over,1,1,1,0,0,0,0,0,0,0
S01009380,All people aged 16 and over in households,440,296,232,64,144,104,2,12,14,12
S01009380,16 to 24,70,10,2,8,60,60,0,0,0,0
S01009380,25 to 34,86,52,31,21,34,31,0,2,1,0
S01009380,35 to 49,135,107,84,23,28,10,2,8,8,0
S01009380,50 to 64,129,114,102,12,15,3,0,2,3,7
S01009380,65 to 74,17,10,10,0,7,0,0,0,2,5
S01009380,75 to 84,3,3,3,0,0,0,0,0,0,0
S01009380,85 and over,0,0,0,0,0,0,0,0,0,0
S01009381,All people aged 16 and over in households,539,330,230,100,209,128,4,13,37,27
S01009381,16 to 24,82,20,1,19,62,61,1,0,0,0
S01009381,25 to 34,109,78,35,43,31,30,0,1,0,0
S01009381,35 to 49,170,115,80,35,55,28,1,7,18,1
S01009381,50 to 64,119,85,82,3,34,7,0,4,14,9
S01009381,65 to 74,37,27,27,0,10,1,2,1,4,2
S01009381,75 to 84,18,5,5,0,13,0,0,0,1,12
S01009381,85 and over,4,0,0,0,4,1,0,0,0,3
S01009382,All people aged 16 and over in households,677,380,302,78,297,158,7,19,47,66
S01009382,16 to 24,94,16,2,14,78,76,0,0,0,2
S01009382,25 to 34,76,44,26,18,32,30,0,1,1,0
S01009382,35 to 49,161,114,82,32,47,27,2,10,8,0
S01009382,50 to 64,177,128,116,12,49,14,4,7,18,6
S01009382,65 to 74,96,50,49,1,46,6,0,1,15,24
S01009382,75 to 84,54,25,24,1,29,5,0,0,5,19
S01009382,85 and over,19,3,3,0,16,0,1,0,0,15
S01009383,All people aged 16 and over in households,685,312,214,98,373,210,5,37,72,49
S01009383,16 to 24,86,15,3,12,71,71,0,0,0,0
S01009383,25 to 34,109,53,19,34,56,49,0,4,3,0
S01009383,35 to 49,209,92,65,27,117,65,1,21,26,4
S01009383,50 to 64,171,95,72,23,76,17,2,8,33,16
S01009383,65 to 74,62,36,35,1,26,6,1,4,8,7
S01009383,75 to 84,38,20,19,1,18,1,1,0,2,14
S01009383,85 and over,10,1,1,0,9,1,0,0,0,8
S01009384,All people aged 16 and over in households,462,326,268,58,136,64,4,9,32,27
S01009384,16 to 24,36,3,1,2,33,33,0,0,0,0
S01009384,25 to 34,36,23,11,12,13,12,1,0,0,0
S01009384,35 to 49,145,116,85,31,29,13,0,4,11,1
S01009384,50 to 64,139,112,102,10,27,6,3,4,11,3
S01009384,65 to 74,74,58,55,3,16,0,0,1,6,9
S01009384,75 to 84,23,9,9,0,14,0,0,0,4,10
S01009384,85 and over,9,5,5,0,4,0,0,0,0,4
S01009385,All people aged 16 and over in households,413,260,210,50,153,86,2,12,19,34
S01009385,16 to 24,46,5,0,5,41,41,0,0,0,0
S01009385,25 to 34,40,17,4,13,23,21,0,1,1,0
S01009385,35 to 49,107,82,62,20,25,14,0,6,5,0
S01009385,50 to 64,146,117,106,11,29,8,1,5,9,6
S01009385,65 to 74,42,26,26,0,16,2,0,0,3,11
S01009385,75 to 84,28,13,12,1,15,0,1,0,0,14
S01009385,85 and over,4,0,0,0,4,0,0,0,1,3
S01009386,All people aged 16 and over in households,535,342,264,78,193,109,4,9,35,36
S01009386,16 to 24,62,7,4,3,55,55,0,0,0,0
S01009386,25 to 34,94,64,37,27,30,24,1,3,1,1
S01009386,35 to 49,126,86,58,28,40,24,0,4,12,0
S01009386,50 to 64,115,82,66,16,33,5,1,1,18,8
S01009386,65 to 74,100,81,77,4,19,1,1,1,3,13
S01009386,75 to 84,32,20,20,0,12,0,1,0,1,10
S01009386,85 and over,6,2,2,0,4,0,0,0,0,4
S01009387,All people aged 16 and over in households,481,290,226,64,191,111,4,21,25,30
S01009387,16 to 24,64,5,1,4,59,59,0,0,0,0
S01009387,25 to 34,71,44,26,18,27,25,0,1,1,0
S01009387,35 to 49,127,82,51,31,45,18,1,13,12,1
S01009387,50 to 64,117,90,79,11,27,5,2,7,7,6
S01009387,65 to 74,62,47,47,0,15,4,0,0,4,7
S01009387,75 to 84,32,17,17,0,15,0,1,0,1,13
S01009387,85 and over,8,5,5,0,3,0,0,0,0,3
S01009388,All people aged 16 and over in households,683,322,182,140,361,220,6,30,71,34
S01009388,16 to 24,116,33,4,29,83,83,0,0,0,0
S01009388,25 to 34,172,92,43,49,80,66,2,7,5,0
S01009388,35 to 49,199,100,57,43,99,44,2,17,36,0
S01009388,50 to 64,118,64,50,14,54,18,2,6,19,9
S01009388,65 to 74,39,19,16,3,20,4,0,0,7,9
S01009388,75 to 84,28,13,11,2,15,1,0,0,4,10
S01009388,85 and over,11,1,1,0,10,4,0,0,0,6
S01009389,All people aged 16 and over in households,801,478,396,82,323,175,7,29,53,59
S01009389,16 to 24,76,16,3,13,60,60,0,0,0,0
S01009389,25 to 34,112,57,33,24,55,51,0,4,0,0
S01009389,35 to 49,185,118,87,31,67,34,3,13,17,0
S01009389,50 to 64,230,167,153,14,63,19,3,10,25,6
S01009389,65 to 74,118,86,86,0,32,7,0,2,7,16
S01009389,75 to 84,59,27,27,0,32,4,1,0,3,24
S01009389,85 and over,21,7,7,0,14,0,0,0,1,13
S01009390,All people aged 16 and over in households,558,418,370,48,140,86,6,8,21,19
S01009390,16 to 24,73,1,1,0,72,70,2,0,0,0
S01009390,25 to 34,51,41,29,12,10,8,0,0,2,0
S01009390,35 to 49,275,249,224,25,26,7,3,7,8,1
S01009390,50 to 64,118,103,93,10,15,0,1,1,10,3
S01009390,65 to 74,26,15,14,1,11,1,0,0,1,9
S01009390,75 to 84,12,7,7,0,5,0,0,0,0,5
S01009390,85 and over,3,2,2,0,1,0,0,0,0,1
S01009391,All people aged 16 and over in households,513,378,302,76,135,93,1,19,14,8
S01009391,16 to 24,53,4,1,3,49,49,0,0,0,0
S01009391,25 to 34,92,69,40,29,23,19,0,4,0,0
S01009391,35 to 49,244,207,171,36,37,16,0,9,11,1
S01009391,50 to 64,100,80,74,6,20,8,1,6,2,3
S01009391,65 to 74,20,15,13,2,5,1,0,0,1,3
S01009391,75 to 84,3,2,2,0,1,0,0,0,0,1
S01009391,85 and over,1,1,1,0,0,0,0,0,0,0
S01009392,All people aged 16 and over in households,379,314,268,46,65,39,0,8,10,8
S01009392,16 to 24,28,2,0,2,26,26,0,0,0,0
S01009392,25 to 34,62,53,44,9,9,6,0,3,0,0
S01009392,35 to 49,203,187,162,25,16,6,0,3,6,1
S01009392,50 to 64,62,55,47,8,7,1,0,2,3,1
S01009392,65 to 74,15,10,9,1,5,0,0,0,1,4
S01009392,75 to 84,8,6,5,1,2,0,0,0,0,2
S01009392,85 and over,1,1,1,0,0,0,0,0,0,0
S01009393,All people aged 16 and over in households,562,390,344,46,172,120,2,7,21,22
S01009393,16 to 24,84,8,2,6,76,76,0,0,0,0
S01009393,25 to 34,46,27,19,8,19,15,0,1,3,0
S01009393,35 to 49,175,148,130,18,27,15,0,2,8,2
S01009393,50 to 64,172,147,133,14,25,10,1,3,7,4
S01009393,65 to 74,51,40,40,0,11,2,0,0,3,6
S01009393,75 to 84,24,16,16,0,8,2,1,1,0,4
S01009393,85 and over,10,4,4,0,6,0,0,0,0,6
S01009394,All people aged 16 and over in households,740,460,358,102,280,151,7,30,52,40
S01009394,16 to 24,66,20,1,19,46,46,0,0,0,0
S01009394,25 to 34,133,86,45,41,47,39,0,6,2,0
S01009394,35 to 49,216,140,109,31,76,47,4,12,11,2
S01009394,50 to 64,177,124,118,6,53,16,2,7,25,3
S01009394,65 to 74,93,67,63,4,26,3,1,4,8,10
S01009394,75 to 84,40,19,18,1,21,0,0,1,6,14
S01009394,85 and over,15,4,4,0,11,0,0,0,0,11
S01009395,All people aged 16 and over in households,581,426,408,18,155,69,7,8,26,45
S01009395,16 to 24,40,0,0,0,40,40,0,0,0,0
S01009395,25 to 34,35,21,17,4,14,11,1,2,0,0
S01009395,35 to 49,108,89,80,9,19,8,2,4,5,0
S01009395,50 to 64,217,191,188,3,26,6,1,2,13,4
S01009395,65 to 74,98,85,83,2,13,1,1,0,6,5
S01009395,75 to 84,58,34,34,0,24,1,1,0,2,20
S01009395,85 and over,25,6,6,0,19,2,1,0,0,16
S01009396,All people aged 16 and over in households,613,466,418,48,147,82,8,8,17,32
S01009396,16 to 24,49,5,2,3,44,44,0,0,0,0
S01009396,25 to 34,51,31,23,8,20,19,0,0,1,0
S01009396,35 to 49,148,125,109,16,23,11,2,5,5,0
S01009396,50 to 64,202,170,154,16,32,5,6,3,9,9
S01009396,65 to 74,112,99,96,3,13,3,0,0,1,9
S01009396,75 to 84,45,34,32,2,11,0,0,0,1,10
S01009396,85 and over,6,2,2,0,4,0,0,0,0,4
S01009397,All people aged 16 and over in households,597,394,354,40,203,124,4,10,28,37
S01009397,16 to 24,58,11,4,7,47,47,0,0,0,0
S01009397,25 to 34,60,25,10,15,35,35,0,0,0,0
S01009397,35 to 49,157,119,109,10,38,26,0,3,8,1
S01009397,50 to 64,189,154,146,8,35,11,2,4,13,5
S01009397,65 to 74,70,51,51,0,19,3,0,2,6,8
S01009397,75 to 84,49,32,32,0,17,2,1,1,1,12
S01009397,85 and over,14,2,2,0,12,0,1,0,0,11
S01009398,All people aged 16 and over in households,561,374,304,70,187,101,1,15,36,34
S01009398,16 to 24,61,11,3,8,50,50,0,0,0,0
S01009398,25 to 34,80,49,30,19,31,29,0,2,0,0
S01009398,35 to 49,167,130,98,32,37,17,0,8,10,2
S01009398,50 to 64,165,128,121,7,37,4,1,5,19,8
S01009398,65 to 74,60,45,42,3,15,1,0,0,6,8
S01009398,75 to 84,19,11,10,1,8,0,0,0,1,7
S01009398,85 and over,9,0,0,0,9,0,0,0,0,9
S01009399,All people aged 16 and over in households,596,410,362,48,186,98,6,11,25,46
S01009399,16 to 24,55,2,2,0,53,53,0,0,0,0
S01009399,25 to 34,70,42,28,14,28,22,3,2,1,0
S01009399,35 to 49,158,127,107,20,31,17,2,2,9,1
S01009399,50 to 64,171,146,135,11,25,3,0,4,8,10
S01009399,65 to 74,80,57,55,2,23,2,1,3,5,12
S01009399,75 to 84,53,33,32,1,20,1,0,0,2,17
S01009399,85 and over,9,3,3,0,6,0,0,0,0,6
S01009400,All people aged 16 and over in households,427,258,206,52,169,84,3,14,28,40
S01009400,16 to 24,43,2,1,1,41,40,1,0,0,0
S01009400,25 to 34,47,24,13,11,23,20,0,2,1,0
S01009400,35 to 49,137,102,72,30,35,17,1,6,8,3
S01009400,50 to 64,92,69,60,9,23,6,0,4,9,4
S01009400,65 to 74,71,49,48,1,22,1,0,2,6,13
S01009400,75 to 84,28,12,12,0,16,0,1,0,3,12
S01009400,85 and over,9,0,0,0,9,0,0,0,1,8
S01009401,All people aged 16 and over in households,577,412,386,26,165,95,1,9,21,39
S01009401,16 to 24,60,5,2,3,55,55,0,0,0,0
S01009401,25 to 34,40,17,14,3,23,22,0,0,1,0
S01009401,35 to 49,123,99,93,6,24,10,1,5,8,0
S01009401,50 to 64,166,146,134,12,20,4,0,2,10,4
S01009401,65 to 74,115,98,96,2,17,2,0,1,1,13
S01009401,75 to 84,64,42,42,0,22,2,0,1,1,18
S01009401,85 and over,9,5,5,0,4,0,0,0,0,4
S01009402,All people aged 16 and over in households,781,562,510,52,219,122,7,6,31,53
S01009402,16 to 24,83,1,0,1,82,82,0,0,0,0
S01009402,25 to 34,54,34,28,6,20,15,3,1,0,1
S01009402,35 to 49,206,181,147,34,25,10,0,3,11,1
S01009402,50 to 64,220,194,183,11,26,5,3,0,13,5
S01009402,65 to 74,130,104,104,0,26,3,1,2,5,15
S01009402,75 to 84,69,41,41,0,28,5,0,0,2,21
S01009402,85 and over,19,7,7,0,12,2,0,0,0,10
S01009403,All people aged 16 and over in households,419,294,244,50,125,72,2,11,21,19
S01009403,16 to 24,56,1,0,1,55,55,0,0,0,0
S01009403,25 to 34,41,28,22,6,13,9,0,1,3,0
S01009403,35 to 49,152,131,96,35,21,7,0,8,6,0
S01009403,50 to 64,120,103,98,5,17,0,1,2,10,4
S01009403,65 to 74,31,25,24,1,6,0,0,0,2,4
S01009403,75 to 84,12,4,2,2,8,1,1,0,0,6
S01009403,85 and over,7,2,2,0,5,0,0,0,0,5
S01009404,All people aged 16 and over in households,445,226,176,50,219,134,3,12,42,28
S01009404,16 to 24,73,10,3,7,63,63,0,0,0,0
S01009404,25 to 34,84,39,22,17,45,42,0,2,1,0
S01009404,35 to 49,111,66,55,11,45,17,2,7,19,0
S01009404,50 to 64,103,68,58,10,35,9,1,3,17,5
S01009404,65 to 74,39,27,25,2,12,2,0,0,4,6
S01009404,75 to 84,26,13,10,3,13,1,0,0,1,11
S01009404,85 and over,9,3,3,0,6,0,0,0,0,6
S01009405,All people aged 16 and over in households,331,244,218,26,87,50,0,5,21,11
S01009405,16 to 24,35,0,0,0,35,35,0,0,0,0
S01009405,25 to 34,29,20,13,7,9,9,0,0,0,0
S01009405,35 to 49,100,88,77,11,12,5,0,1,6,0
S01009405,50 to 64,94,82,76,6,12,0,0,2,8,2
S01009405,65 to 74,57,49,47,2,8,0,0,2,2,4
S01009405,75 to 84,13,5,5,0,8,0,0,0,3,5
S01009405,85 and over,3,0,0,0,3,1,0,0,2,0
S01009406,All people aged 16 and over in households,752,450,328,122,302,175,3,20,47,57
S01009406,16 to 24,88,12,2,10,76,75,0,0,1,0
S01009406,25 to 34,116,76,32,44,40,38,0,1,1,0
S01009406,35 to 49,205,146,102,44,59,39,0,6,13,1
S01009406,50 to 64,186,135,114,21,51,10,2,11,21,7
S01009406,65 to 74,96,64,61,3,32,8,1,2,7,14
S01009406,75 to 84,38,12,12,0,26,5,0,0,4,17
S01009406,85 and over,23,5,5,0,18,0,0,0,0,18
S01009407,All people aged 16 and over in households,421,294,232,62,127,65,1,12,26,23
S01009407,16 to 24,37,1,0,1,36,36,0,0,0,0
S01009407,25 to 34,61,45,22,23,16,14,0,2,0,0
S01009407,35 to 49,112,92,68,24,20,10,0,2,7,1
S01009407,50 to 64,117,88,76,12,29,3,1,7,13,5
S01009407,65 to 74,61,44,42,2,17,1,0,1,3,12
S01009407,75 to 84,28,22,22,0,6,1,0,0,2,3
S01009407,85 and over,5,2,2,0,3,0,0,0,1,2
S01009408,All people aged 16 and over in households,597,440,350,90,157,104,0,15,19,19
S01009408,16 to 24,68,12,1,11,56,56,0,0,0,0
S01009408,25 to 34,93,65,35,30,28,26,0,0,2,0
S01009408,35 to 49,182,157,127,30,25,11,0,6,6,2
S01009408,50 to 64,179,148,136,12,31,8,0,8,11,4
S01009408,65 to 74,57,51,44,7,6,1,0,0,0,5
S01009408,75 to 84,11,5,5,0,6,1,0,1,0,4
S01009408,85 and over,7,2,2,0,5,1,0,0,0,4
S01009409,All people aged 16 and over in households,557,340,270,70,217,106,0,14,40,57
S01009409,16 to 24,67,10,0,10,57,56,0,0,1,0
S01009409,25 to 34,61,40,19,21,21,20,0,1,0,0
S01009409,35 to 49,141,90,64,26,51,20,0,12,17,2
S01009409,50 to 64,126,101,91,10,25,7,0,1,12,5
S01009409,65 to 74,97,72,69,3,25,2,0,0,5,18
S01009409,75 to 84,48,21,21,0,27,1,0,0,4,22
S01009409,85 and over,17,6,6,0,11,0,0,0,1,10
S01009410,All people aged 16 and over in households,698,414,298,116,284,191,2,13,42,36
S01009410,16 to 24,116,24,1,23,92,92,0,0,0,0
S01009410,25 to 34,127,78,35,43,49,47,0,1,1,0
S01009410,35 to 49,192,129,94,35,63,38,1,5,15,4
S01009410,50 to 64,169,124,111,13,45,11,0,6,18,10
S01009410,65 to 74,63,45,43,2,18,2,0,1,7,8
S01009410,75 to 84,28,14,14,0,14,1,1,0,1,11
S01009410,85 and over,3,0,0,0,3,0,0,0,0,3
S01009411,All people aged 16 and over in households,693,408,318,90,285,175,2,16,42,50
S01009411,16 to 24,99,13,2,11,86,86,0,0,0,0
S01009411,25 to 34,102,66,34,32,36,33,0,3,0,0
S01009411,35 to 49,193,138,105,33,55,32,0,6,17,0
S01009411,50 to 64,184,131,118,13,53,20,2,7,19,5
S01009411,65 to 74,63,45,44,1,18,2,0,0,3,13
S01009411,75 to 84,35,15,15,0,20,1,0,0,3,16
S01009411,85 and over,17,0,0,0,17,1,0,0,0,16
S01009412,All people aged 16 and over in households,712,394,298,96,318,171,4,25,60,58
S01009412,16 to 24,77,8,2,6,69,69,0,0,0,0
S01009412,25 to 34,110,57,17,40,53,39,0,10,4,0
S01009412,35 to 49,198,133,97,36,65,42,1,5,16,1
S01009412,50 to 64,170,111,101,10,59,18,0,8,27,6
S01009412,65 to 74,89,60,58,2,29,1,1,2,10,15
S01009412,75 to 84,56,23,21,2,33,2,2,0,3,26
S01009412,85 and over,12,2,2,0,10,0,0,0,0,10
S01009413,All people aged 16 and over in households,848,510,412,98,338,195,1,18,51,73
S01009413,16 to 24,108,11,0,11,97,97,0,0,0,0
S01009413,25 to 34,132,89,47,42,43,40,0,1,2,0
S01009413,35 to 49,209,149,120,29,60,35,0,8,15,2
S01009413,50 to 64,218,164,155,9,54,13,0,9,24,8
S01009413,65 to 74,107,76,73,3,31,6,0,0,6,19
S01009413,75 to 84,51,17,15,2,34,2,1,0,4,27
S01009413,85 and over,23,4,2,2,19,2,0,0,0,17
S01009414,All people aged 16 and over in households,559,360,318,42,199,106,1,12,34,46
S01009414,16 to 24,50,4,2,2,46,46,0,0,0,0
S01009414,25 to 34,63,29,17,12,34,30,0,2,2,0
S01009414,35 to 49,133,98,80,18,35,20,1,6,8,0
S01009414,50 to 64,177,144,134,10,33,6,0,4,15,8
S01009414,65 to 74,80,55,55,0,25,3,0,0,6,16
S01009414,75 to 84,44,26,26,0,18,1,0,0,3,14
S01009414,85 and over,12,4,4,0,8,0,0,0,0,8
S01009415,All people aged 16 and over in households,663,358,268,90,305,169,5,16,65,50
S01009415,16 to 24,86,9,2,7,77,77,0,0,0,0
S01009415,25 to 34,85,47,21,26,38,35,1,1,1,0
S01009415,35 to 49,178,125,82,43,53,30,0,9,13,1
S01009415,50 to 64,183,119,106,13,64,17,0,5,33,9
S01009415,65 to 74,63,39,38,1,24,5,0,1,13,5
S01009415,75 to 84,53,16,16,0,37,5,4,0,5,23
S01009415,85 and over,15,3,3,0,12,0,0,0,0,12
S01009416,All people aged 16 and over in households,440,308,280,28,132,89,3,5,11,24
S01009416,16 to 24,64,1,1,0,63,63,0,0,0,0
S01009416,25 to 34,31,15,11,4,16,14,1,1,0,0
S01009416,35 to 49,139,124,106,18,15,6,2,3,4,0
S01009416,50 to 64,128,113,109,4,15,3,0,1,5,6
S01009416,65 to 74,57,46,44,2,11,1,0,0,1,9
S01009416,75 to 84,17,8,8,0,9,2,0,0,1,6
S01009416,85 and over,4,1,1,0,3,0,0,0,0,3
S01009417,All people aged 16 and over in households,229,180,130,50,49,24,2,9,8,6
S01009417,16 to 24,19,4,0,4,15,15,0,0,0,0
S01009417,25 to 34,59,51,31,20,8,5,0,3,0,0
S01009417,35 to 49,80,71,52,19,9,3,0,4,2,0
S01009417,50 to 64,46,33,26,7,13,1,1,2,6,3
S01009417,65 to 74,18,16,16,0,2,0,1,0,0,1
S01009417,75 to 84,6,5,5,0,1,0,0,0,0,1
S01009417,85 and over,1,0,0,0,1,0,0,0,0,1
S01009418,All people aged 16 and over in households,933,554,398,156,379,202,1,29,49,98
S01009418,16 to 24,111,29,3,26,82,82,0,0,0,0
S01009418,25 to 34,126,82,41,41,44,40,0,4,0,0
S01009418,35 to 49,269,185,125,60,84,57,0,12,14,1
S01009418,50 to 64,212,157,136,21,55,14,1,11,19,10
S01009418,65 to 74,114,67,62,5,47,3,0,2,12,30
S01009418,75 to 84,69,31,28,3,38,6,0,0,4,28
S01009418,85 and over,32,3,3,0,29,0,0,0,0,29
S01009419,All people aged 16 and over in households,458,260,206,54,198,114,4,11,28,41
S01009419,16 to 24,76,7,0,7,69,67,0,2,0,0
S01009419,25 to 34,56,34,15,19,22,20,1,0,1,0
S01009419,35 to 49,148,107,90,17,41,19,0,8,12,2
S01009419,50 to 64,98,72,62,10,26,7,2,1,11,5
S01009419,65 to 74,50,28,27,1,22,1,1,0,4,16
S01009419,75 to 84,20,10,10,0,10,0,0,0,0,10
S01009419,85 and over,10,2,2,0,8,0,0,0,0,8
S01009420,All people aged 16 and over in households,477,230,156,74,247,146,1,25,45,30
S01009420,16 to 24,89,9,3,6,80,80,0,0,0,0
S01009420,25 to 34,67,38,11,27,29,27,0,2,0,0
S01009420,35 to 49,140,74,44,30,66,22,1,16,23,4
S01009420,50 to 64,120,76,67,9,44,13,0,7,20,4
S01009420,65 to 74,43,30,28,2,13,2,0,0,1,10
S01009420,75 to 84,16,3,3,0,13,2,0,0,1,10
S01009420,85 and over,2,0,0,0,2,0,0,0,0,2
S01009421,All people aged 16 and over in households,553,308,234,74,245,148,1,21,45,30
S01009421,16 to 24,83,13,1,12,70,70,0,0,0,0
S01009421,25 to 34,90,52,18,34,38,32,0,4,2,0
S01009421,35 to 49,148,77,52,25,71,39,0,13,17,2
S01009421,50 to 64,130,97,94,3,33,5,1,2,21,4
S01009421,65 to 74,71,53,53,0,18,2,0,2,5,9
S01009421,75 to 84,26,14,14,0,12,0,0,0,0,12
S01009421,85 and over,5,2,2,0,3,0,0,0,0,3
S01009422,All people aged 16 and over in households,675,415,314,101,260,148,4,18,37,53
S01009422,16 to 24,95,20,4,16,75,75,0,0,0,0
S01009422,25 to 34,72,43,16,27,29,26,0,3,0,0
S01009422,35 to 49,176,127,82,45,49,30,0,7,11,1
S01009422,50 to 64,171,126,117,9,45,14,0,6,22,3
S01009422,65 to 74,70,54,52,2,16,1,1,1,3,10
S01009422,75 to 84,63,35,34,1,28,2,3,1,1,21
S01009422,85 and over,28,10,9,1,18,0,0,0,0,18
S01009423,All people aged 16 and over in households,703,536,420,116,167,117,1,17,11,21
S01009423,16 to 24,85,14,1,13,71,70,1,0,0,0
S01009423,25 to 34,194,159,102,57,35,30,0,5,0,0
S01009423,35 to 49,257,229,192,37,28,15,0,10,2,1
S01009423,50 to 64,125,105,98,7,20,2,0,2,8,8
S01009423,65 to 74,30,26,25,1,4,0,0,0,1,3
S01009423,75 to 84,10,3,2,1,7,0,0,0,0,7
S01009423,85 and over,2,0,0,0,2,0,0,0,0,2
S01009424,All people aged 16 and over in households,471,322,278,44,149,78,2,9,29,31
S01009424,16 to 24,45,9,1,8,36,36,0,0,0,0
S01009424,25 to 34,44,31,20,11,13,13,0,0,0,0
S01009424,35 to 49,133,107,94,13,26,14,1,3,6,2
S01009424,50 to 64,149,115,103,12,34,11,0,5,14,4
S01009424,65 to 74,64,45,45,0,19,0,1,1,8,9
S01009424,75 to 84,29,13,13,0,16,3,0,0,1,12
S01009424,85 and over,7,2,2,0,5,1,0,0,0,4
S01009425,All people aged 16 and over in households,649,390,308,82,259,147,4,24,30,54
S01009425,16 to 24,82,20,3,17,62,62,0,0,0,0
S01009425,25 to 34,82,34,15,19,48,41,0,4,3,0
S01009425,35 to 49,147,98,76,22,49,24,1,10,13,1
S01009425,50 to 64,152,117,100,17,35,10,1,7,8,9
S01009425,65 to 74,95,71,67,4,24,6,0,3,5,10
S01009425,75 to 84,78,47,45,2,31,4,2,0,1,24
S01009425,85 and over,13,3,2,1,10,0,0,0,0,10
S01009426,All people aged 16 and over in households,655,322,236,86,333,164,3,26,62,78
S01009426,16 to 24,69,21,1,20,48,48,0,0,0,0
S01009426,25 to 34,101,53,30,23,48,41,1,4,1,1
S01009426,35 to 49,150,67,43,24,83,53,1,11,17,1
S01009426,50 to 64,159,97,84,13,62,11,1,10,32,8
S01009426,65 to 74,87,50,44,6,37,7,0,1,7,22
S01009426,75 to 84,65,27,27,0,38,4,0,0,4,30
S01009426,85 and over,24,7,7,0,17,0,0,0,1,16
S01009427,All people aged 16 and over in households,504,250,178,72,254,129,2,11,45,67
S01009427,16 to 24,48,23,5,18,25,25,0,0,0,0
S01009427,25 to 34,64,35,14,21,29,29,0,0,0,0
S01009427,35 to 49,128,56,35,21,72,51,1,7,13,0
S01009427,50 to 64,119,72,63,9,47,12,0,3,25,7
S01009427,65 to 74,74,46,43,3,28,3,1,1,6,17
S01009427,75 to 84,50,15,15,0,35,9,0,0,1,25
S01009427,85 and over,21,3,3,0,18,0,0,0,0,18
S01009428,All people aged 16 and over in households,444,279,208,71,165,109,2,14,18,22
S01009428,16 to 24,65,13,0,13,52,52,0,0,0,0
S01009428,25 to 34,58,34,20,14,24,22,0,2,0,0
S01009428,35 to 49,138,94,67,27,44,24,0,10,7,3
S01009428,50 to 64,113,92,75,17,21,7,0,2,7,5
S01009428,65 to 74,41,33,33,0,8,1,0,0,1,6
S01009428,75 to 84,26,13,13,0,13,2,2,0,3,6
S01009428,85 and over,3,0,0,0,3,1,0,0,0,2
S01009429,All people aged 16 and over in households,590,310,238,72,280,158,5,15,44,58
S01009429,16 to 24,92,13,2,11,79,78,0,0,1,0
S01009429,25 to 34,63,28,5,23,35,32,0,2,1,0
S01009429,35 to 49,139,83,61,22,56,29,1,5,18,3
S01009429,50 to 64,129,98,84,14,31,12,0,2,13,4
S01009429,65 to 74,91,56,54,2,35,4,2,5,7,17
S01009429,75 to 84,57,29,29,0,28,2,2,1,4,19
S01009429,85 and over,19,3,3,0,16,1,0,0,0,15
S01009430,All people aged 16 and over in households,604,316,240,76,288,150,4,20,42,72
S01009430,16 to 24,91,24,2,22,67,66,0,0,0,1
S01009430,25 to 34,69,29,14,15,40,38,0,2,0,0
S01009430,35 to 49,159,101,78,23,58,30,2,13,13,0
S01009430,50 to 64,159,112,100,12,47,13,1,4,20,9
S01009430,65 to 74,69,36,34,2,33,1,0,1,7,24
S01009430,75 to 84,42,12,10,2,30,2,1,0,2,25
S01009430,85 and over,15,2,2,0,13,0,0,0,0,13
S01009431,All people aged 16 and over in households,553,310,252,58,243,127,3,17,40,56
S01009431,16 to 24,62,8,1,7,54,54,0,0,0,0
S01009431,25 to 34,66,35,18,17,31,26,1,4,0,0
S01009431,35 to 49,147,93,72,21,54,33,1,7,13,0
S01009431,50 to 64,130,90,80,10,40,12,0,5,16,7
S01009431,65 to 74,72,52,51,1,20,1,0,1,8,10
S01009431,75 to 84,59,27,25,2,32,0,0,0,3,29
S01009431,85 and over,17,5,5,0,12,1,1,0,0,10
S01009432,All people aged 16 and over in households,620,336,248,88,284,175,2,23,45,39
S01009432,16 to 24,95,6,1,5,89,89,0,0,0,0
S01009432,25 to 34,100,54,23,31,46,40,0,3,2,1
S01009432,35 to 49,159,98,69,29,61,36,0,12,12,1
S01009432,50 to 64,166,120,103,17,46,7,0,7,23,9
S01009432,65 to 74,58,38,34,4,20,0,0,1,7,12
S01009432,75 to 84,35,20,18,2,15,1,2,0,1,11
S01009432,85 and over,7,0,0,0,7,2,0,0,0,5
S01009433,All people aged 16 and over in households,631,314,246,68,317,187,5,34,43,48
S01009433,16 to 24,113,16,3,13,97,97,0,0,0,0
S01009433,25 to 34,96,55,34,21,41,37,1,2,1,0
S01009433,35 to 49,175,92,74,18,83,40,1,23,17,2
S01009433,50 to 64,143,106,93,13,37,7,1,7,15,7
S01009433,65 to 74,62,33,30,3,29,2,2,2,7,16
S01009433,75 to 84,32,11,11,0,21,4,0,0,3,14
S01009433,85 and over,10,1,1,0,9,0,0,0,0,9
S01009434,All people aged 16 and over in households,444,246,186,60,198,119,5,9,30,35
S01009434,16 to 24,61,10,2,8,51,50,1,0,0,0
S01009434,25 to 34,61,32,15,17,29,23,4,1,1,0
S01009434,35 to 49,113,63,41,22,50,36,0,4,10,0
S01009434,50 to 64,105,78,67,11,27,7,0,0,11,9
S01009434,65 to 74,58,41,39,2,17,2,0,2,5,8
S01009434,75 to 84,40,20,20,0,20,1,0,2,3,14
S01009434,85 and over,6,2,2,0,4,0,0,0,0,4
S01009435,All people aged 16 and over in households,585,270,192,78,315,188,3,23,56,45
S01009435,16 to 24,90,19,2,17,71,70,0,1,0,0
S01009435,25 to 34,103,34,18,16,69,60,0,3,6,0
S01009435,35 to 49,169,92,67,25,77,42,1,6,27,1
S01009435,50 to 64,128,81,65,16,47,15,0,8,17,7
S01009435,65 to 74,54,28,25,3,26,1,1,5,6,13
S01009435,75 to 84,36,16,15,1,20,0,1,0,0,19
S01009435,85 and over,5,0,0,0,5,0,0,0,0,5
S01009436,All people aged 16 and over in households,542,334,226,108,208,125,4,13,41,25
S01009436,16 to 24,73,17,3,14,56,56,0,0,0,0
S01009436,25 to 34,98,65,28,37,33,26,0,3,4,0
S01009436,35 to 49,151,104,64,40,47,27,2,7,11,0
S01009436,50 to 64,131,95,82,13,36,10,1,3,18,4
S01009436,65 to 74,55,40,36,4,15,4,0,0,4,7
S01009436,75 to 84,30,12,12,0,18,2,0,0,4,12
S01009436,85 and over,4,1,1,0,3,0,1,0,0,2
S01009437,All people aged 16 and over in households,568,332,234,98,236,119,4,9,39,65
S01009437,16 to 24,77,14,2,12,63,61,1,0,1,0
S01009437,25 to 34,83,51,22,29,32,23,0,3,4,2
S01009437,35 to 49,142,102,71,31,40,19,3,4,13,1
S01009437,50 to 64,131,98,85,13,33,10,0,2,12,9
S01009437,65 to 74,81,53,42,11,28,4,0,0,7,17
S01009437,75 to 84,40,13,11,2,27,2,0,0,1,24
S01009437,85 and over,14,1,1,0,13,0,0,0,1,12
S01009438,All people aged 16 and over in households,721,400,328,72,321,167,4,23,49,78
S01009438,16 to 24,88,12,1,11,76,76,0,0,0,0
S01009438,25 to 34,88,50,25,25,38,31,2,3,2,0
S01009438,35 to 49,176,118,94,24,58,30,0,12,14,2
S01009438,50 to 64,195,140,130,10,55,18,1,7,21,8
S01009438,65 to 74,88,55,53,2,33,7,0,0,9,17
S01009438,75 to 84,66,24,24,0,42,5,1,1,2,33
S01009438,85 and over,20,1,1,0,19,0,0,0,1,18
S01009439,All people aged 16 and over in households,734,414,336,78,320,180,2,33,49,56
S01009439,16 to 24,103,13,0,13,90,90,0,0,0,0
S01009439,25 to 34,106,60,31,29,46,43,2,1,0,0
S01009439,35 to 49,191,115,93,22,76,32,0,21,20,3
S01009439,50 to 64,196,151,139,12,45,12,0,8,16,9
S01009439,65 to 74,94,59,57,2,35,1,0,3,12,19
S01009439,75 to 84,34,16,16,0,18,1,0,0,1,16
S01009439,85 and over,10,0,0,0,10,1,0,0,0,9
S01009440,All people aged 16 and over in households,532,302,220,82,230,105,0,19,39,67
S01009440,16 to 24,55,21,0,21,34,34,0,0,0,0
S01009440,25 to 34,76,36,8,28,40,34,0,3,3,0
S01009440,35 to 49,120,81,59,22,39,15,0,9,14,1
S01009440,50 to 64,122,72,64,8,50,15,0,5,18,12
S01009440,65 to 74,87,61,58,3,26,4,0,1,4,17
S01009440,75 to 84,58,27,27,0,31,3,0,1,0,27
S01009440,85 and over,14,4,4,0,10,0,0,0,0,10
S01009441,All people aged 16 and over in households,634,332,220,112,302,180,3,31,49,39
S01009441,16 to 24,100,18,2,16,82,82,0,0,0,0
S01009441,25 to 34,118,64,20,44,54,47,0,7,0,0
S01009441,35 to 49,168,98,58,40,70,36,1,12,19,2
S01009441,50 to 64,139,89,80,9,50,12,0,12,21,5
S01009441,65 to 74,57,40,39,1,17,2,0,0,6,9
S01009441,75 to 84,38,19,17,2,19,1,2,0,2,14
S01009441,85 and over,14,4,4,0,10,0,0,0,1,9
S01009442,All people aged 16 and over in households,433,316,246,70,117,73,3,10,12,19
S01009442,16 to 24,51,7,0,7,44,44,0,0,0,0
S01009442,25 to 34,78,64,33,31,14,9,0,3,1,1
S01009442,35 to 49,129,102,81,21,27,14,1,3,6,3
S01009442,50 to 64,125,107,97,10,18,6,2,3,5,2
S01009442,65 to 74,32,27,26,1,5,0,0,1,0,4
S01009442,75 to 84,12,6,6,0,6,0,0,0,0,6
S01009442,85 and over,6,3,3,0,3,0,0,0,0,3
S01009443,All people aged 16 and over in households,548,350,292,58,198,120,4,16,24,34
S01009443,16 to 24,56,4,1,3,52,52,0,0,0,0
S01009443,25 to 34,55,28,15,13,27,25,0,2,0,0
S01009443,35 to 49,157,115,95,20,42,23,3,11,5,0
S01009443,50 to 64,171,136,117,19,35,13,0,3,16,3
S01009443,65 to 74,60,46,44,2,14,3,0,0,3,8
S01009443,75 to 84,36,18,17,1,18,3,1,0,0,14
S01009443,85 and over,13,3,3,0,10,1,0,0,0,9
S01009444,All people aged 16 and over in households,672,484,440,44,188,125,7,12,19,25
S01009444,16 to 24,97,6,2,4,91,89,2,0,0,0
S01009444,25 to 34,57,37,27,10,20,15,3,2,0,0
S01009444,35 to 49,221,193,169,24,28,13,1,9,5,0
S01009444,50 to 64,198,178,173,5,20,7,1,1,10,1
S01009444,65 to 74,64,54,53,1,10,0,0,0,2,8
S01009444,75 to 84,23,12,12,0,11,0,0,0,2,9
S01009444,85 and over,12,4,4,0,8,1,0,0,0,7
S01009445,All people aged 16 and over in households,642,398,330,68,244,153,5,13,30,43
S01009445,16 to 24,91,15,3,12,76,75,0,0,0,1
S01009445,25 to 34,85,48,21,27,37,36,0,0,1,0
S01009445,35 to 49,157,109,92,17,48,23,1,9,13,2
S01009445,50 to 64,185,156,148,8,29,8,3,3,10,5
S01009445,65 to 74,73,47,47,0,26,3,1,1,5,16
S01009445,75 to 84,38,20,16,4,18,6,0,0,1,11
S01009445,85 and over,13,3,3,0,10,2,0,0,0,8
S01009446,All people aged 16 and over in households,725,317,226,91,408,204,5,32,91,76
S01009446,16 to 24,100,11,1,10,89,88,1,0,0,0
S01009446,25 to 34,107,50,21,29,57,47,2,4,4,0
S01009446,35 to 49,195,101,72,29,94,41,1,18,33,1
S01009446,50 to 64,155,96,78,18,59,17,0,6,30,6
S01009446,65 to 74,73,33,30,3,40,3,0,4,11,22
S01009446,75 to 84,70,22,20,2,48,5,1,0,12,30
S01009446,85 and over,25,4,4,0,21,3,0,0,1,17
S01009447,All people aged 16 and over in households,421,230,168,62,191,123,4,12,31,21
S01009447,16 to 24,57,11,0,11,46,46,0,0,0,0
S01009447,25 to 34,66,31,15,16,35,31,1,2,1,0
S01009447,35 to 49,97,56,35,21,41,26,1,5,8,1
S01009447,50 to 64,116,82,70,12,34,13,0,3,16,2
S01009447,65 to 74,55,39,38,1,16,4,2,1,5,4
S01009447,75 to 84,20,10,9,1,10,2,0,1,1,6
S01009447,85 and over,10,1,1,0,9,1,0,0,0,8
S01009448,All people aged 16 and over in households,664,446,352,94,218,121,6,18,31,42
S01009448,16 to 24,76,6,2,4,70,69,1,0,0,0
S01009448,25 to 34,104,74,46,28,30,26,0,3,0,1
S01009448,35 to 49,195,155,111,44,40,20,1,10,9,0
S01009448,50 to 64,179,147,129,18,32,5,3,4,13,7
S01009448,65 to 74,64,40,40,0,24,1,0,1,6,16
S01009448,75 to 84,35,22,22,0,13,0,0,0,3,10
S01009448,85 and over,11,2,2,0,9,0,1,0,0,8
S01009449,All people aged 16 and over in households,426,254,210,44,172,93,4,17,22,36
S01009449,16 to 24,52,5,2,3,47,46,1,0,0,0
S01009449,25 to 34,57,35,11,24,22,20,0,0,2,0
S01009449,35 to 49,94,58,46,12,36,17,2,9,8,0
S01009449,50 to 64,126,105,100,5,21,5,0,4,6,6
S01009449,65 to 74,46,30,30,0,16,2,0,4,4,6
S01009449,75 to 84,49,21,21,0,28,3,1,0,2,22
S01009449,85 and over,2,0,0,0,2,0,0,0,0,2
S01009450,All people aged 16 and over in households,474,214,128,86,260,168,4,19,40,29
S01009450,16 to 24,65,11,1,10,54,54,0,0,0,0
S01009450,25 to 34,104,48,8,40,56,48,0,5,3,0
S01009450,35 to 49,126,62,32,30,64,45,2,7,10,0
S01009450,50 to 64,93,53,49,4,40,12,1,5,17,5
S01009450,65 to 74,51,31,29,2,20,6,0,2,4,8
S01009450,75 to 84,27,6,6,0,21,3,1,0,5,12
S01009450,85 and over,8,3,3,0,5,0,0,0,1,4
S01009451,All people aged 16 and over in households,772,432,318,114,340,200,5,20,55,60
S01009451,16 to 24,119,29,5,24,90,89,0,1,0,0
S01009451,25 to 34,145,79,39,40,66,59,1,5,1,0
S01009451,35 to 49,220,151,112,39,69,42,2,5,19,1
S01009451,50 to 64,151,101,91,10,50,8,0,7,27,8
S01009451,65 to 74,78,53,52,1,25,2,0,2,5,16
S01009451,75 to 84,46,18,18,0,28,0,2,0,3,23
S01009451,85 and over,13,1,1,0,12,0,0,0,0,12
S01009452,All people aged 16 and over in households,429,224,160,64,205,99,3,15,43,45
S01009452,16 to 24,62,18,1,17,44,43,0,1,0,0
S01009452,25 to 34,70,40,18,22,30,28,0,1,1,0
S01009452,35 to 49,88,44,26,18,44,19,0,9,16,0
S01009452,50 to 64,108,77,72,5,31,5,1,2,20,3
S01009452,65 to 74,47,35,33,2,12,2,0,0,2,8
S01009452,75 to 84,36,10,10,0,26,1,2,2,2,19
S01009452,85 and over,18,0,0,0,18,1,0,0,2,15
S01009453,All people aged 16 and over in households,835,454,356,98,381,214,7,41,59,60
S01009453,16 to 24,117,19,1,18,98,97,1,0,0,0
S01009453,25 to 34,115,70,26,44,45,37,0,6,2,0
S01009453,35 to 49,223,131,109,22,92,54,2,19,17,0
S01009453,50 to 64,201,141,133,8,60,18,2,10,26,4
S01009453,65 to 74,77,47,43,4,30,7,0,3,7,13
S01009453,75 to 84,84,45,43,2,39,0,2,3,6,28
S01009453,85 and over,18,1,1,0,17,1,0,0,1,15
S01009454,All people aged 16 and over in households,713,474,394,80,239,123,2,19,40,55
S01009454,16 to 24,48,0,0,0,48,48,0,0,0,0
S01009454,25 to 34,89,59,38,21,30,25,0,1,4,0
S01009454,35 to 49,215,163,123,40,52,32,0,8,11,1
S01009454,50 to 64,214,168,150,18,46,14,0,8,13,11
S01009454,65 to 74,89,58,57,1,31,3,0,2,9,17
S01009454,75 to 84,40,20,20,0,20,1,2,0,3,14
S01009454,85 and over,18,6,6,0,12,0,0,0,0,12
S01009455,All people aged 16 and over in households,716,494,434,60,222,107,7,12,43,53
S01009455,16 to 24,62,8,2,6,54,54,0,0,0,0
S01009455,25 to 34,58,35,22,13,23,21,1,0,1,0
S01009455,35 to 49,161,130,104,26,31,15,1,8,7,0
S01009455,50 to 64,239,189,178,11,50,12,3,1,25,9
S01009455,65 to 74,94,73,69,4,21,3,1,3,7,7
S01009455,75 to 84,71,51,51,0,20,0,1,0,2,17
S01009455,85 and over,31,8,8,0,23,2,0,0,1,20
S01009456,All people aged 16 and over in households,580,324,260,64,256,123,1,21,51,60
S01009456,16 to 24,57,14,2,12,43,43,0,0,0,0
S01009456,25 to 34,70,41,17,24,29,25,0,3,1,0
S01009456,35 to 49,149,87,73,14,62,44,0,7,11,0
S01009456,50 to 64,167,117,107,10,50,7,1,9,25,8
S01009456,65 to 74,74,50,46,4,24,3,0,2,5,14
S01009456,75 to 84,49,13,13,0,36,0,0,0,8,28
S01009456,85 and over,14,2,2,0,12,1,0,0,1,10
S01009457,All people aged 16 and over in households,482,344,290,54,138,71,1,9,30,27
S01009457,16 to 24,32,2,0,2,30,30,0,0,0,0
S01009457,25 to 34,39,27,9,18,12,12,0,0,0,0
S01009457,35 to 49,142,106,87,19,36,15,1,7,13,0
S01009457,50 to 64,148,124,112,12,24,6,0,2,10,6
S01009457,65 to 74,81,61,58,3,20,5,0,0,5,10
S01009457,75 to 84,30,22,22,0,8,3,0,0,1,4
S01009457,85 and over,10,2,2,0,8,0,0,0,1,7
S01009458,All people aged 16 and over in households,542,314,234,80,228,100,3,28,38,59
S01009458,16 to 24,51,16,3,13,35,35,0,0,0,0
S01009458,25 to 34,62,37,14,23,25,22,0,2,1,0
S01009458,35 to 49,156,105,72,33,51,23,1,18,8,1
S01009458,50 to 64,137,91,83,8,46,14,1,6,17,8
S01009458,65 to 74,74,46,44,2,28,5,0,2,7,14
S01009458,75 to 84,51,19,18,1,32,1,1,0,5,25
S01009458,85 and over,11,0,0,0,11,0,0,0,0,11
S01009459,All people aged 16 and over in households,718,386,294,92,332,166,7,17,83,59
S01009459,16 to 24,86,24,2,22,62,62,0,0,0,0
S01009459,25 to 34,99,57,33,24,42,39,1,1,1,0
S01009459,35 to 49,184,120,98,22,64,36,2,9,17,0
S01009459,50 to 64,185,114,97,17,71,21,3,5,38,4
S01009459,65 to 74,95,55,51,4,40,6,0,1,17,16
S01009459,75 to 84,46,12,9,3,34,1,1,1,9,22
S01009459,85 and over,23,4,4,0,19,1,0,0,1,17
S01009460,All people aged 16 and over in households,648,324,186,138,324,191,0,25,68,40
S01009460,16 to 24,117,31,6,25,86,86,0,0,0,0
S01009460,25 to 34,121,79,19,60,42,37,0,2,2,1
S01009460,35 to 49,179,103,60,43,76,39,0,16,20,1
S01009460,50 to 64,133,70,61,9,63,16,0,6,33,8
S01009460,65 to 74,54,29,28,1,25,8,0,1,7,9
S01009460,75 to 84,35,12,12,0,23,4,0,0,4,15
S01009460,85 and over,9,0,0,0,9,1,0,0,2,6
S01009461,All people aged 16 and over in households,413,340,270,70,73,44,3,9,7,10
S01009461,16 to 24,30,9,2,7,21,21,0,0,0,0
S01009461,25 to 34,111,97,67,30,14,13,1,0,0,0
S01009461,35 to 49,153,139,113,26,14,6,0,4,4,0
S01009461,50 to 64,87,71,64,7,16,3,2,4,3,4
S01009461,65 to 74,24,20,20,0,4,1,0,1,0,2
S01009461,75 to 84,6,3,3,0,3,0,0,0,0,3
S01009461,85 and over,2,1,1,0,1,0,0,0,0,1
S01009462,All people aged 16 and over in households,552,360,284,76,192,102,7,6,27,50
S01009462,16 to 24,51,3,1,2,48,48,0,0,0,0
S01009462,25 to 34,59,41,17,24,18,14,2,1,1,0
S01009462,35 to 49,165,132,98,34,33,20,3,2,7,1
S01009462,50 to 64,142,110,94,16,32,15,1,2,10,4
S01009462,65 to 74,82,57,57,0,25,2,0,1,6,16
S01009462,75 to 84,37,14,14,0,23,3,1,0,3,16
S01009462,85 and over,16,3,3,0,13,0,0,0,0,13
S01009463,All people aged 16 and over in households,560,358,322,36,202,100,3,22,36,41
S01009463,16 to 24,62,6,0,6,56,55,0,1,0,0
S01009463,25 to 34,54,35,19,16,19,16,0,3,0,0
S01009463,35 to 49,135,95,84,11,40,15,0,13,11,1
S01009463,50 to 64,147,115,112,3,32,8,1,3,16,4
S01009463,65 to 74,85,64,64,0,21,4,0,2,5,10
S01009463,75 to 84,59,34,34,0,25,2,1,0,4,18
S01009463,85 and over,18,9,9,0,9,0,1,0,0,8
S01009464,All people aged 16 and over in households,691,476,396,80,215,107,4,11,41,52
S01009464,16 to 24,61,6,0,6,55,53,0,1,0,1
S01009464,25 to 34,98,69,37,32,29,24,0,1,4,0
S01009464,35 to 49,198,152,126,26,46,24,2,3,16,1
S01009464,50 to 64,187,164,151,13,23,3,1,5,12,2
S01009464,65 to 74,81,61,58,3,20,1,0,1,8,10
S01009464,75 to 84,52,24,24,0,28,2,1,0,1,24
S01009464,85 and over,14,0,0,0,14,0,0,0,0,14
S01009465,All people aged 16 and over in households,489,292,240,52,197,95,2,20,40,40
S01009465,16 to 24,61,6,0,6,55,55,0,0,0,0
S01009465,25 to 34,48,29,19,10,19,14,1,2,2,0
S01009465,35 to 49,151,113,88,25,38,14,0,8,16,0
S01009465,50 to 64,97,67,60,7,30,4,0,8,15,3
S01009465,65 to 74,83,57,53,4,26,4,0,2,6,14
S01009465,75 to 84,36,20,20,0,16,2,1,0,1,12
S01009465,85 and over,13,0,0,0,13,2,0,0,0,11
S01009466,All people aged 16 and over in households,490,340,302,38,150,73,1,9,27,40
S01009466,16 to 24,48,4,0,4,44,44,0,0,0,0
S01009466,25 to 34,37,25,15,10,12,10,0,2,0,0
S01009466,35 to 49,111,93,82,11,18,5,1,5,7,0
S01009466,50 to 64,142,111,107,4,31,11,0,1,13,6
S01009466,65 to 74,87,66,61,5,21,2,0,1,6,12
S01009466,75 to 84,42,31,29,2,11,1,0,0,1,9
S01009466,85 and over,23,10,8,2,13,0,0,0,0,13
S01009467,All people aged 16 and over in households,633,446,386,60,187,95,4,13,32,43
S01009467,16 to 24,55,3,1,2,52,51,0,1,0,0
S01009467,25 to 34,53,32,18,14,21,17,0,4,0,0
S01009467,35 to 49,173,140,115,25,33,15,3,4,10,1
S01009467,50 to 64,189,159,141,18,30,5,1,4,13,7
S01009467,65 to 74,99,82,81,1,17,2,0,0,6,9
S01009467,75 to 84,42,23,23,0,19,3,0,0,2,14
S01009467,85 and over,22,7,7,0,15,2,0,0,1,12
S01009468,All people aged 16 and over in households,638,350,268,82,288,149,1,13,61,64
S01009468,16 to 24,79,15,0,15,64,64,0,0,0,0
S01009468,25 to 34,69,38,17,21,31,30,0,0,1,0
S01009468,35 to 49,173,112,81,31,61,34,0,5,18,4
S01009468,50 to 64,142,91,82,9,51,14,0,5,26,6
S01009468,65 to 74,102,71,66,5,31,5,1,2,10,13
S01009468,75 to 84,56,23,22,1,33,2,0,1,6,24
S01009468,85 and over,17,0,0,0,17,0,0,0,0,17
S01009469,All people aged 16 and over in households,671,416,346,70,255,139,0,19,44,53
S01009469,16 to 24,68,13,1,12,55,54,0,1,0,0
S01009469,25 to 34,61,33,23,10,28,25,0,3,0,0
S01009469,35 to 49,163,119,89,30,44,30,0,6,8,0
S01009469,50 to 64,207,155,140,15,52,18,0,5,25,4
S01009469,65 to 74,99,65,63,2,34,8,0,3,9,14
S01009469,75 to 84,61,30,29,1,31,3,0,1,0,27
S01009469,85 and over,12,1,1,0,11,1,0,0,2,8
S01009470,All people aged 16 and over in households,399,248,220,28,151,75,1,11,27,37
S01009470,16 to 24,43,4,0,4,39,39,0,0,0,0
S01009470,25 to 34,39,21,14,7,18,14,0,0,4,0
S01009470,35 to 49,88,62,52,10,26,13,1,4,7,1
S01009470,50 to 64,108,79,75,4,29,7,0,6,9,7
S01009470,65 to 74,70,60,57,3,10,0,0,1,5,4
S01009470,75 to 84,38,21,21,0,17,1,0,0,2,14
S01009470,85 and over,13,1,1,0,12,1,0,0,0,11
S01009471,All people aged 16 and over in households,595,248,194,54,347,137,4,20,88,98
S01009471,16 to 24,47,11,6,5,36,36,0,0,0,0
S01009471,25 to 34,63,36,17,19,27,24,0,1,2,0
S01009471,35 to 49,119,60,42,18,59,39,0,6,14,0
S01009471,50 to 64,156,75,67,8,81,18,2,7,48,6
S01009471,65 to 74,84,31,28,3,53,11,0,5,14,23
S01009471,75 to 84,89,28,27,1,61,9,1,0,8,43
S01009471,85 and over,37,7,7,0,30,0,1,1,2,26
S01009472,All people aged 16 and over in households,723,365,250,115,358,203,8,31,70,46
S01009472,16 to 24,111,20,3,17,91,88,1,1,0,1
S01009472,25 to 34,122,73,34,39,49,42,1,4,2,0
S01009472,35 to 49,191,110,69,41,81,45,3,6,24,3
S01009472,50 to 64,172,97,80,17,75,20,1,15,33,6
S01009472,65 to 74,76,45,45,0,31,5,2,3,8,13
S01009472,75 to 84,42,17,17,0,25,3,0,2,3,17
S01009472,85 and over,9,3,2,1,6,0,0,0,0,6
S01009473,All people aged 16 and over in households,739,358,224,134,381,227,11,28,71,44
S01009473,16 to 24,108,38,7,31,70,69,1,0,0,0
S01009473,25 to 34,194,117,49,68,77,68,3,4,2,0
S01009473,35 to 49,183,75,49,26,108,56,3,12,36,1
S01009473,50 to 64,129,61,53,8,68,31,3,11,17,6
S01009473,65 to 74,70,44,43,1,26,3,1,1,11,10
S01009473,75 to 84,45,21,21,0,24,0,0,0,5,19
S01009473,85 and over,10,2,2,0,8,0,0,0,0,8
S01009474,All people aged 16 and over in households,685,376,260,116,309,200,4,19,56,30
S01009474,16 to 24,116,27,0,27,89,89,0,0,0,0
S01009474,25 to 34,120,60,32,28,60,53,1,1,4,1
S01009474,35 to 49,221,139,94,45,82,45,3,8,25,1
S01009474,50 to 64,143,99,88,11,44,8,0,8,23,5
S01009474,65 to 74,49,34,29,5,15,1,0,2,4,8
S01009474,75 to 84,31,16,16,0,15,4,0,0,0,11
S01009474,85 and over,5,1,1,0,4,0,0,0,0,4
S01009475,All people aged 16 and over in households,447,328,286,42,119,64,6,14,18,17
S01009475,16 to 24,45,6,3,3,39,38,0,1,0,0
S01009475,25 to 34,65,47,33,14,18,12,6,0,0,0
S01009475,35 to 49,145,113,94,19,32,12,0,10,6,4
S01009475,50 to 64,131,116,111,5,15,1,0,3,8,3
S01009475,65 to 74,45,35,34,1,10,1,0,0,4,5
S01009475,75 to 84,15,11,11,0,4,0,0,0,0,4
S01009475,85 and over,1,0,0,0,1,0,0,0,0,1
S01009476,All people aged 16 and over in households,349,256,224,32,93,60,1,11,12,9
S01009476,16 to 24,50,7,4,3,43,43,0,0,0,0
S01009476,25 to 34,46,36,31,5,10,6,0,2,2,0
S01009476,35 to 49,160,147,129,18,13,4,0,4,5,0
S01009476,50 to 64,62,46,43,3,16,6,0,3,4,3
S01009476,65 to 74,21,14,11,3,7,1,1,2,1,2
S01009476,75 to 84,7,5,5,0,2,0,0,0,0,2
S01009476,85 and over,3,1,1,0,2,0,0,0,0,2
S01009477,All people aged 16 and over in households,586,322,280,42,264,146,9,20,38,51
S01009477,16 to 24,56,7,0,7,49,48,1,0,0,0
S01009477,25 to 34,65,30,17,13,35,32,2,1,0,0
S01009477,35 to 49,175,122,107,15,53,31,2,5,14,1
S01009477,50 to 64,156,109,103,6,47,17,2,9,15,4
S01009477,65 to 74,58,27,27,0,31,10,2,3,6,10
S01009477,75 to 84,55,19,18,1,36,6,0,2,3,25
S01009477,85 and over,21,8,8,0,13,2,0,0,0,11
S01009478,All people aged 16 and over in households,736,378,216,162,358,226,7,22,67,36
S01009478,16 to 24,102,34,3,31,68,68,0,0,0,0
S01009478,25 to 34,181,111,48,63,70,64,3,0,3,0
S01009478,35 to 49,188,86,47,39,102,67,2,12,21,0
S01009478,50 to 64,166,98,74,24,68,22,1,8,30,7
S01009478,65 to 74,54,31,28,3,23,2,1,1,9,10
S01009478,75 to 84,35,18,16,2,17,1,0,1,3,12
S01009478,85 and over,10,0,0,0,10,2,0,0,1,7
S01009479,All people aged 16 and over in households,681,348,254,94,333,190,7,14,60,62
S01009479,16 to 24,97,35,3,32,62,62,0,0,0,0
S01009479,25 to 34,135,57,22,35,78,71,4,1,2,0
S01009479,35 to 49,161,94,79,15,67,36,0,6,23,2
S01009479,50 to 64,142,92,82,10,50,10,3,5,26,6
S01009479,65 to 74,62,43,41,2,19,3,0,0,7,9
S01009479,75 to 84,57,20,20,0,37,5,0,2,1,29
S01009479,85 and over,27,7,7,0,20,3,0,0,1,16
S01009480,All people aged 16 and over in households,720,442,368,74,278,134,5,8,49,82
S01009480,16 to 24,52,1,1,0,51,51,0,0,0,0
S01009480,25 to 34,77,50,29,21,27,26,0,0,1,0
S01009480,35 to 49,171,137,99,38,34,21,0,1,12,0
S01009480,50 to 64,205,148,133,15,57,18,3,5,24,7
S01009480,65 to 74,86,54,54,0,32,5,0,2,9,16
S01009480,75 to 84,91,46,46,0,45,8,1,0,2,34
S01009480,85 and over,38,6,6,0,32,5,1,0,1,25
S01009481,All people aged 16 and over in households,774,394,256,138,380,235,8,27,48,62
S01009481,16 to 24,109,33,2,31,76,75,0,0,1,0
S01009481,25 to 34,178,78,36,42,100,88,2,5,5,0
S01009481,35 to 49,186,111,65,46,75,42,3,14,16,0
S01009481,50 to 64,151,96,79,17,55,18,1,5,22,9
S01009481,65 to 74,69,46,44,2,23,8,0,2,4,9
S01009481,75 to 84,59,25,25,0,34,4,2,1,0,27
S01009481,85 and over,22,5,5,0,17,0,0,0,0,17
S01009482,All people aged 16 and over in households,508,272,170,102,236,171,2,15,26,22
S01009482,16 to 24,85,34,3,31,51,51,0,0,0,0
S01009482,25 to 34,136,70,34,36,66,63,0,2,1,0
S01009482,35 to 49,115,64,41,23,51,36,1,8,5,1
S01009482,50 to 64,96,59,50,9,37,11,1,3,19,3
S01009482,65 to 74,42,30,27,3,12,3,0,2,1,6
S01009482,75 to 84,30,15,15,0,15,6,0,0,0,9
S01009482,85 and over,4,0,0,0,4,1,0,0,0,3
S01009483,All people aged 16 and over in households,614,310,214,96,304,216,1,14,48,25
S01009483,16 to 24,61,17,3,14,44,44,0,0,0,0
S01009483,25 to 34,148,70,31,39,78,69,0,1,8,0
S01009483,35 to 49,199,96,63,33,103,79,1,10,13,0
S01009483,50 to 64,129,85,76,9,44,17,0,2,21,4
S01009483,65 to 74,39,23,22,1,16,1,0,1,6,8
S01009483,75 to 84,26,12,12,0,14,5,0,0,0,9
S01009483,85 and over,12,7,7,0,5,1,0,0,0,4
S01009484,All people aged 16 and over in households,646,320,254,66,326,160,6,19,69,72
S01009484,16 to 24,64,18,0,18,46,46,0,0,0,0
S01009484,25 to 34,88,41,15,26,47,45,0,0,2,0
S01009484,35 to 49,147,72,60,12,75,33,1,12,28,1
S01009484,50 to 64,145,87,80,7,58,18,3,4,27,6
S01009484,65 to 74,98,63,61,2,35,5,0,2,7,21
S01009484,75 to 84,78,36,35,1,42,8,2,1,3,28
S01009484,85 and over,26,3,3,0,23,5,0,0,2,16
S01009485,All people aged 16 and over in households,654,368,291,77,286,144,7,20,54,61
S01009485,16 to 24,72,12,1,11,60,58,1,1,0,0
S01009485,25 to 34,91,46,21,25,45,39,0,5,1,0
S01009485,35 to 49,154,104,77,27,50,29,3,4,14,0
S01009485,50 to 64,146,99,90,9,47,9,1,7,27,3
S01009485,65 to 74,102,62,61,1,40,7,0,2,9,22
S01009485,75 to 84,76,40,36,4,36,2,2,1,2,29
S01009485,85 and over,13,5,5,0,8,0,0,0,1,7
S01009486,All people aged 16 and over in households,569,358,318,40,211,111,4,13,24,59
S01009486,16 to 24,47,6,1,5,41,41,0,0,0,0
S01009486,25 to 34,60,36,18,18,24,23,1,0,0,0
S01009486,35 to 49,109,78,69,9,31,20,0,6,4,1
S01009486,50 to 64,143,102,94,8,41,14,0,6,13,8
S01009486,65 to 74,86,67,67,0,19,3,1,1,2,12
S01009486,75 to 84,100,63,63,0,37,5,2,0,4,26
S01009486,85 and over,24,6,6,0,18,5,0,0,1,12
S01009487,All people aged 16 and over in households,668,378,296,82,290,162,1,17,41,69
S01009487,16 to 24,78,18,4,14,60,60,0,0,0,0
S01009487,25 to 34,97,51,28,23,46,42,0,0,4,0
S01009487,35 to 49,142,96,69,27,46,28,0,7,11,0
S01009487,50 to 64,154,99,84,15,55,24,0,7,20,4
S01009487,65 to 74,90,70,69,1,20,4,0,3,3,10
S01009487,75 to 84,75,37,35,2,38,3,1,0,2,32
S01009487,85 and over,32,7,7,0,25,1,0,0,1,23
S01009488,All people aged 16 and over in households,536,342,290,52,194,119,1,14,29,31
S01009488,16 to 24,82,8,1,7,74,73,0,1,0,0
S01009488,25 to 34,71,49,30,19,22,20,0,1,1,0
S01009488,35 to 49,159,126,111,15,33,11,0,8,14,0
S01009488,50 to 64,118,95,86,9,23,9,0,3,9,2
S01009488,65 to 74,56,45,43,2,11,3,0,1,3,4
S01009488,75 to 84,36,12,12,0,24,3,1,0,2,18
S01009488,85 and over,14,7,7,0,7,0,0,0,0,7
S01009489,All people aged 16 and over in households,632,336,262,74,296,162,4,19,61,50
S01009489,16 to 24,68,10,3,7,58,57,0,0,0,1
S01009489,25 to 34,95,55,30,25,40,32,0,5,2,1
S01009489,35 to 49,167,89,65,24,78,49,1,8,19,1
S01009489,50 to 64,148,94,81,13,54,17,2,5,23,7
S01009489,65 to 74,90,57,54,3,33,5,0,1,9,18
S01009489,75 to 84,47,25,24,1,22,1,0,0,7,14
S01009489,85 and over,17,6,5,1,11,1,1,0,1,8
S01009490,All people aged 16 and over in households,655,326,220,106,329,201,5,20,61,42
S01009490,16 to 24,114,22,1,21,92,91,0,0,1,0
S01009490,25 to 34,124,62,26,36,62,53,2,5,2,0
S01009490,35 to 49,155,84,55,29,71,37,2,9,21,2
S01009490,50 to 64,156,106,88,18,50,12,0,5,25,8
S01009490,65 to 74,74,47,45,2,27,5,0,1,11,10
S01009490,75 to 84,22,5,5,0,17,2,0,0,1,14
S01009490,85 and over,10,0,0,0,10,1,1,0,0,8
S01009491,All people aged 16 and over in households,573,322,260,62,251,123,0,9,52,67
S01009491,16 to 24,47,4,2,2,43,43,0,0,0,0
S01009491,25 to 34,73,43,25,18,30,27,0,2,1,0
S01009491,35 to 49,139,84,58,26,55,29,0,6,18,2
S01009491,50 to 64,138,95,85,10,43,12,0,1,18,12
S01009491,65 to 74,94,65,60,5,29,4,0,0,11,14
S01009491,75 to 84,61,26,25,1,35,6,0,0,3,26
S01009491,85 and over,21,5,5,0,16,2,0,0,1,13
S01009492,All people aged 16 and over in households,613,368,302,66,245,157,2,12,38,36
S01009492,16 to 24,95,15,4,11,80,80,0,0,0,0
S01009492,25 to 34,76,42,27,15,34,31,1,1,1,0
S01009492,35 to 49,162,115,97,18,47,27,0,7,8,5
S01009492,50 to 64,151,109,94,15,42,9,0,3,21,9
S01009492,65 to 74,88,64,58,6,24,7,0,1,6,10
S01009492,75 to 84,34,20,19,1,14,3,1,0,2,8
S01009492,85 and over,7,3,3,0,4,0,0,0,0,4
S01009493,All people aged 16 and over in households,711,526,494,32,185,90,7,6,11,71
S01009493,16 to 24,63,0,0,0,63,63,0,0,0,0
S01009493,25 to 34,31,21,16,5,10,9,0,0,1,0
S01009493,35 to 49,139,125,112,13,14,10,1,2,0,1
S01009493,50 to 64,237,216,205,11,21,4,1,4,5,7
S01009493,65 to 74,125,100,99,1,25,2,1,0,4,18
S01009493,75 to 84,89,53,51,2,36,1,2,0,1,32
S01009493,85 and over,27,11,11,0,16,1,2,0,0,13
S01009494,All people aged 16 and over in households,743,530,466,64,213,137,3,17,32,24
S01009494,16 to 24,88,10,5,5,78,77,0,1,0,0
S01009494,25 to 34,96,67,45,22,29,27,0,0,2,0
S01009494,35 to 49,273,227,201,26,46,23,1,12,9,1
S01009494,50 to 64,182,145,134,11,37,9,1,4,16,7
S01009494,65 to 74,75,63,63,0,12,1,1,0,4,6
S01009494,75 to 84,25,15,15,0,10,0,0,0,1,9
S01009494,85 and over,4,3,3,0,1,0,0,0,0,1
S01009495,All people aged 16 and over in households,727,514,426,88,213,131,6,15,38,23
S01009495,16 to 24,86,9,1,8,77,77,0,0,0,0
S01009495,25 to 34,97,65,42,23,32,25,2,0,4,1
S01009495,35 to 49,218,172,143,29,46,19,1,12,14,0
S01009495,50 to 64,205,178,151,27,27,7,1,3,14,2
S01009495,65 to 74,90,73,72,1,17,3,1,0,3,10
S01009495,75 to 84,26,14,14,0,12,0,1,0,2,9
S01009495,85 and over,5,3,3,0,2,0,0,0,1,1
S01009496,All people aged 16 and over in households,660,408,308,100,252,129,4,23,36,60
S01009496,16 to 24,87,21,3,18,66,65,0,0,0,1
S01009496,25 to 34,87,59,26,33,28,26,0,2,0,0
S01009496,35 to 49,162,111,81,30,51,23,1,16,9,2
S01009496,50 to 64,156,115,97,18,41,10,1,3,20,7
S01009496,65 to 74,93,71,70,1,22,3,1,2,5,11
S01009496,75 to 84,65,31,31,0,34,2,1,0,2,29
S01009496,85 and over,10,0,0,0,10,0,0,0,0,10
S01009497,All people aged 16 and over in households,788,540,408,132,248,137,2,21,43,45
S01009497,16 to 24,83,22,1,21,61,61,0,0,0,0
S01009497,25 to 34,129,92,48,44,37,33,0,3,1,0
S01009497,35 to 49,219,170,123,47,49,26,0,9,14,0
S01009497,50 to 64,171,124,110,14,47,14,0,6,20,7
S01009497,65 to 74,114,88,83,5,26,3,0,1,5,17
S01009497,75 to 84,63,40,39,1,23,0,2,2,3,16
S01009497,85 and over,9,4,4,0,5,0,0,0,0,5
S01009498,All people aged 16 and over in households,554,410,374,36,144,83,1,7,13,40
S01009498,16 to 24,44,0,0,0,44,44,0,0,0,0
S01009498,25 to 34,42,23,14,9,19,19,0,0,0,0
S01009498,35 to 49,121,99,79,20,22,11,0,5,5,1
S01009498,50 to 64,199,181,176,5,18,5,1,1,6,5
S01009498,65 to 74,101,79,77,2,22,4,0,1,0,17
S01009498,75 to 84,33,23,23,0,10,0,0,0,1,9
S01009498,85 and over,14,5,5,0,9,0,0,0,1,8
S01009499,All people aged 16 and over in households,665,432,352,80,233,126,6,17,30,54
S01009499,16 to 24,76,6,0,6,70,69,0,1,0,0
S01009499,25 to 34,77,48,20,28,29,25,0,2,1,1
S01009499,35 to 49,165,120,90,30,45,24,2,4,15,0
S01009499,50 to 64,191,152,139,13,39,7,0,8,12,12
S01009499,65 to 74,88,66,65,1,22,1,4,1,1,15
S01009499,75 to 84,58,39,38,1,19,0,0,1,1,17
S01009499,85 and over,10,1,0,1,9,0,0,0,0,9
S01009500,All people aged 16 and over in households,634,336,208,128,298,149,3,20,65,61
S01009500,16 to 24,73,16,2,14,57,57,0,0,0,0
S01009500,25 to 34,92,46,16,30,46,39,0,3,4,0
S01009500,35 to 49,169,111,46,65,58,31,0,8,19,0
S01009500,50 to 64,143,87,74,13,56,13,0,5,33,5
S01009500,65 to 74,75,44,39,5,31,4,2,4,7,14
S01009500,75 to 84,57,24,23,1,33,3,1,0,2,27
S01009500,85 and over,25,8,8,0,17,2,0,0,0,15
S01009501,All people aged 16 and over in households,547,304,224,80,243,118,1,16,51,57
S01009501,16 to 24,67,11,4,7,56,54,1,1,0,0
S01009501,25 to 34,80,47,27,20,33,30,0,0,3,0
S01009501,35 to 49,121,86,60,26,35,17,0,7,11,0
S01009501,50 to 64,138,93,74,19,45,15,0,5,22,3
S01009501,65 to 74,67,32,28,4,35,2,0,3,11,19
S01009501,75 to 84,61,35,31,4,26,0,0,0,2,24
S01009501,85 and over,13,0,0,0,13,0,0,0,2,11
S01009502,All people aged 16 and over in households,668,388,282,106,280,164,4,13,52,47
S01009502,16 to 24,95,21,4,17,74,73,1,0,0,0
S01009502,25 to 34,101,61,29,32,40,38,1,1,0,0
S01009502,35 to 49,184,112,75,37,72,37,1,4,28,2
S01009502,50 to 64,171,127,112,15,44,15,0,6,16,7
S01009502,65 to 74,64,43,40,3,21,1,1,2,6,11
S01009502,75 to 84,42,23,21,2,19,0,0,0,1,18
S01009502,85 and over,11,1,1,0,10,0,0,0,1,9
S01009503,All people aged 16 and over in households,591,358,260,98,233,114,3,14,46,56
S01009503,16 to 24,67,11,3,8,56,56,0,0,0,0
S01009503,25 to 34,83,54,23,31,29,26,0,2,0,1
S01009503,35 to 49,168,119,81,38,49,24,0,4,20,1
S01009503,50 to 64,157,121,102,19,36,5,1,7,17,6
S01009503,65 to 74,62,33,31,2,29,2,1,1,6,19
S01009503,75 to 84,42,18,18,0,24,1,1,0,3,19
S01009503,85 and over,12,2,2,0,10,0,0,0,0,10
S01009504,All people aged 16 and over in households,527,248,180,68,279,162,2,22,53,40
S01009504,16 to 24,87,10,3,7,77,75,0,2,0,0
S01009504,25 to 34,92,52,22,30,40,34,0,5,1,0
S01009504,35 to 49,155,80,59,21,75,37,1,10,26,1
S01009504,50 to 64,118,69,60,9,49,11,0,5,20,13
S01009504,65 to 74,46,35,34,1,11,2,0,0,5,4
S01009504,75 to 84,14,2,2,0,12,2,1,0,0,9
S01009504,85 and over,15,0,0,0,15,1,0,0,1,13
S01009505,All people aged 16 and over in households,595,258,156,102,337,202,8,19,64,44
S01009505,16 to 24,135,40,0,40,95,95,0,0,0,0
S01009505,25 to 34,124,62,25,37,62,48,3,6,5,0
S01009505,35 to 49,150,64,52,12,86,44,3,10,26,3
S01009505,50 to 64,107,58,46,12,49,14,1,1,25,8
S01009505,65 to 74,39,21,20,1,18,0,1,2,5,10
S01009505,75 to 84,33,13,13,0,20,1,0,0,3,16
S01009505,85 and over,7,0,0,0,7,0,0,0,0,7
S01009506,All people aged 16 and over in households,570,282,208,74,288,156,4,21,50,57
S01009506,16 to 24,63,10,2,8,53,52,0,1,0,0
S01009506,25 to 34,116,57,29,28,59,52,1,5,0,1
S01009506,35 to 49,136,79,55,24,57,31,1,8,15,2
S01009506,50 to 64,157,90,78,12,67,15,2,5,32,13
S01009506,65 to 74,55,32,30,2,23,6,0,2,2,13
S01009506,75 to 84,33,12,12,0,21,0,0,0,1,20
S01009506,85 and over,10,2,2,0,8,0,0,0,0,8
S01009507,All people aged 16 and over in households,664,420,322,98,244,136,4,19,44,41
S01009507,16 to 24,91,18,3,15,73,72,1,0,0,0
S01009507,25 to 34,108,80,51,29,28,22,0,3,3,0
S01009507,35 to 49,230,168,138,30,62,32,1,12,16,1
S01009507,50 to 64,137,100,77,23,37,7,2,3,15,10
S01009507,65 to 74,48,27,26,1,21,3,0,0,8,10
S01009507,75 to 84,35,20,20,0,15,0,0,1,2,12
S01009507,85 and over,15,7,7,0,8,0,0,0,0,8
S01009508,All people aged 16 and over in households,676,346,230,116,330,198,11,26,54,41
S01009508,16 to 24,125,34,4,30,91,90,0,1,0,0
S01009508,25 to 34,104,54,21,33,50,40,3,3,4,0
S01009508,35 to 49,173,99,74,25,74,44,1,14,14,1
S01009508,50 to 64,165,101,79,22,64,19,5,6,26,8
S01009508,65 to 74,65,38,33,5,27,4,0,0,7,16
S01009508,75 to 84,32,17,16,1,15,1,1,1,3,9
S01009508,85 and over,12,3,3,0,9,0,1,1,0,7
S01009509,All people aged 16 and over in households,788,410,308,102,378,241,5,13,50,69
S01009509,16 to 24,139,19,3,16,120,117,2,0,1,0
S01009509,25 to 34,120,69,30,39,51,43,0,3,5,0
S01009509,35 to 49,213,143,115,28,70,49,2,5,11,3
S01009509,50 to 64,166,111,97,14,55,22,1,5,23,4
S01009509,65 to 74,68,39,38,1,29,7,0,0,7,15
S01009509,75 to 84,66,27,24,3,39,3,0,0,3,33
S01009509,85 and over,16,2,1,1,14,0,0,0,0,14
S01009510,All people aged 16 and over in households,602,418,364,54,184,104,1,9,23,47
S01009510,16 to 24,71,11,0,11,60,60,0,0,0,0
S01009510,25 to 34,59,32,21,11,27,25,0,0,2,0
S01009510,35 to 49,116,97,75,22,19,10,0,6,2,1
S01009510,50 to 64,202,174,167,7,28,5,0,2,15,6
S01009510,65 to 74,90,71,69,2,19,1,0,1,3,14
S01009510,75 to 84,48,29,28,1,19,3,1,0,1,14
S01009510,85 and over,16,4,4,0,12,0,0,0,0,12
S01009511,All people aged 16 and over in households,526,340,308,32,186,98,2,7,22,57
S01009511,16 to 24,64,5,1,4,59,58,0,0,1,0
S01009511,25 to 34,61,40,24,16,21,18,0,0,3,0
S01009511,35 to 49,100,84,77,7,16,6,0,3,5,2
S01009511,50 to 64,124,99,94,5,25,8,0,4,10,3
S01009511,65 to 74,91,60,60,0,31,5,1,0,3,22
S01009511,75 to 84,72,48,48,0,24,2,1,0,0,21
S01009511,85 and over,14,4,4,0,10,1,0,0,0,9
S01009512,All people aged 16 and over in households,632,456,400,56,176,96,7,11,27,35
S01009512,16 to 24,59,5,2,3,54,54,0,0,0,0
S01009512,25 to 34,83,56,37,19,27,24,0,1,1,1
S01009512,35 to 49,161,128,107,21,33,11,3,8,10,1
S01009512,50 to 64,188,167,154,13,21,2,1,2,10,6
S01009512,65 to 74,92,74,74,0,18,2,2,0,3,11
S01009512,75 to 84,42,25,25,0,17,2,1,0,2,12
S01009512,85 and over,7,1,1,0,6,1,0,0,1,4
S01009513,All people aged 16 and over in households,487,360,320,40,127,73,1,7,20,26
S01009513,16 to 24,46,1,1,0,45,45,0,0,0,0
S01009513,25 to 34,58,35,19,16,23,19,0,1,3,0
S01009513,35 to 49,100,83,72,11,17,6,1,4,6,0
S01009513,50 to 64,164,151,138,13,13,2,0,2,6,3
S01009513,65 to 74,75,61,61,0,14,1,0,0,5,8
S01009513,75 to 84,41,29,29,0,12,0,0,0,0,12
S01009513,85 and over,3,0,0,0,3,0,0,0,0,3
S01009514,All people aged 16 and over in households,584,418,378,40,166,109,0,12,17,28
S01009514,16 to 24,64,1,0,1,63,63,0,0,0,0
S01009514,25 to 34,89,60,48,12,29,28,0,1,0,0
S01009514,35 to 49,132,106,86,20,26,13,0,6,5,2
S01009514,50 to 64,189,162,155,7,27,5,0,4,10,8
S01009514,65 to 74,79,71,71,0,8,0,0,0,1,7
S01009514,75 to 84,26,16,16,0,10,0,0,0,1,9
S01009514,85 and over,5,2,2,0,3,0,0,1,0,2
S01009515,All people aged 16 and over in households,615,342,298,44,273,132,6,18,50,67
S01009515,16 to 24,73,11,1,10,62,62,0,0,0,0
S01009515,25 to 34,64,40,28,12,24,20,1,2,1,0
S01009515,35 to 49,140,95,77,18,45,32,2,6,4,1
S01009515,50 to 64,148,91,88,3,57,12,1,7,31,6
S01009515,65 to 74,90,58,57,1,32,4,0,3,4,21
S01009515,75 to 84,78,45,45,0,33,1,2,0,9,21
S01009515,85 and over,22,2,2,0,20,1,0,0,1,18
S01009516,All people aged 16 and over in households,714,460,370,90,254,112,1,10,51,80
S01009516,16 to 24,65,8,0,8,57,57,0,0,0,0
S01009516,25 to 34,96,65,32,33,31,27,0,0,3,1
S01009516,35 to 49,151,119,88,31,32,16,0,2,13,1
S01009516,50 to 64,168,128,111,17,40,9,0,5,15,11
S01009516,65 to 74,133,93,92,1,40,2,0,3,11,24
S01009516,75 to 84,77,41,41,0,36,0,1,0,6,29
S01009516,85 and over,24,6,6,0,18,1,0,0,3,14
S01009517,All people aged 16 and over in households,703,532,426,106,171,119,4,17,22,9
S01009517,16 to 24,81,8,0,8,73,73,0,0,0,0
S01009517,25 to 34,169,134,88,46,35,31,1,2,1,0
S01009517,35 to 49,324,287,247,40,37,14,1,11,11,0
S01009517,50 to 64,99,82,72,10,17,1,2,4,8,2
S01009517,65 to 74,24,19,17,2,5,0,0,0,1,4
S01009517,75 to 84,6,2,2,0,4,0,0,0,1,3
S01009517,85 and over,0,0,0,0,0,0,0,0,0,0
S01009518,All people aged 16 and over in households,661,504,380,124,157,112,7,5,26,7
S01009518,16 to 24,92,16,1,15,76,76,0,0,0,0
S01009518,25 to 34,182,153,99,54,29,23,2,2,2,0
S01009518,35 to 49,279,250,200,50,29,9,2,3,13,2
S01009518,50 to 64,87,71,66,5,16,2,1,0,9,4
S01009518,65 to 74,18,12,12,0,6,2,2,0,1,1
S01009518,75 to 84,2,2,2,0,0,0,0,0,0,0
S01009518,85 and over,1,0,0,0,1,0,0,0,1,0
S01009519,All people aged 16 and over in households,401,274,214,60,127,82,4,9,23,9
S01009519,16 to 24,59,13,0,13,46,45,1,0,0,0
S01009519,25 to 34,65,42,26,16,23,20,2,1,0,0
S01009519,35 to 49,97,77,54,23,20,11,0,4,4,1
S01009519,50 to 64,122,97,94,3,25,6,1,4,13,1
S01009519,65 to 74,47,39,34,5,8,0,0,0,6,2
S01009519,75 to 84,9,5,5,0,4,0,0,0,0,4
S01009519,85 and over,2,1,1,0,1,0,0,0,0,1
S01009520,All people aged 16 and over in households,659,462,394,68,197,127,5,11,35,19
S01009520,16 to 24,82,9,2,7,73,73,0,0,0,0
S01009520,25 to 34,92,56,40,16,36,33,0,1,2,0
S01009520,35 to 49,188,156,131,25,32,15,1,8,7,1
S01009520,50 to 64,212,177,159,18,35,4,3,2,20,6
S01009520,65 to 74,65,52,50,2,13,2,0,0,6,5
S01009520,75 to 84,16,10,10,0,6,0,1,0,0,5
S01009520,85 and over,4,2,2,0,2,0,0,0,0,2
S01009521,All people aged 16 and over in households,701,398,326,72,303,175,6,24,44,54
S01009521,16 to 24,109,6,1,5,103,95,3,3,2,0
S01009521,25 to 34,85,43,17,26,42,41,0,1,0,0
S01009521,35 to 49,151,100,78,22,51,25,2,13,10,1
S01009521,50 to 64,154,121,105,16,33,6,0,3,18,6
S01009521,65 to 74,117,79,78,1,38,6,1,4,8,19
S01009521,75 to 84,73,44,44,0,29,2,0,0,6,21
S01009521,85 and over,12,5,3,2,7,0,0,0,0,7
S01009522,All people aged 16 and over in households,729,428,328,100,301,197,9,23,42,30
S01009522,16 to 24,118,13,3,10,105,103,2,0,0,0
S01009522,25 to 34,147,94,57,37,53,47,3,3,0,0
S01009522,35 to 49,225,159,120,39,66,32,1,10,21,2
S01009522,50 to 64,143,93,81,12,50,11,1,10,17,11
S01009522,65 to 74,64,53,52,1,11,3,0,0,4,4
S01009522,75 to 84,27,15,14,1,12,1,2,0,0,9
S01009522,85 and over,5,1,1,0,4,0,0,0,0,4
S01009523,All people aged 16 and over in households,480,226,170,56,254,146,8,13,37,50
S01009523,16 to 24,90,16,3,13,74,73,1,0,0,0
S01009523,25 to 34,74,37,24,13,37,33,1,3,0,0
S01009523,35 to 49,108,64,49,15,44,22,3,9,9,1
S01009523,50 to 64,112,65,52,13,47,13,1,1,23,9
S01009523,65 to 74,48,31,29,2,17,1,1,0,4,11
S01009523,75 to 84,39,12,12,0,27,4,0,0,1,22
S01009523,85 and over,9,1,1,0,8,0,1,0,0,7
S01009524,All people aged 16 and over in households,524,272,194,78,252,143,5,14,62,28
S01009524,16 to 24,58,13,2,11,45,45,0,0,0,0
S01009524,25 to 34,112,74,40,34,38,36,0,1,1,0
S01009524,35 to 49,131,72,54,18,59,31,1,7,20,0
S01009524,50 to 64,139,78,66,12,61,21,1,6,29,4
S01009524,65 to 74,45,25,24,1,20,7,0,0,7,6
S01009524,75 to 84,28,9,7,2,19,1,2,0,4,12
S01009524,85 and over,11,1,1,0,10,2,1,0,1,6
S01009525,All people aged 16 and over in households,447,228,158,70,219,138,3,15,32,31
S01009525,16 to 24,78,17,0,17,61,61,0,0,0,0
S01009525,25 to 34,55,27,9,18,28,25,0,1,2,0
S01009525,35 to 49,129,78,55,23,51,27,3,8,11,2
S01009525,50 to 64,79,42,33,9,37,12,0,5,14,6
S01009525,65 to 74,57,35,33,2,22,10,0,1,4,7
S01009525,75 to 84,35,22,21,1,13,3,0,0,1,9
S01009525,85 and over,14,7,7,0,7,0,0,0,0,7
S01009526,All people aged 16 and over in households,576,344,184,160,232,135,5,24,39,29
S01009526,16 to 24,82,41,2,39,41,41,0,0,0,0
S01009526,25 to 34,174,117,31,86,57,52,1,1,3,0
S01009526,35 to 49,123,67,40,27,56,30,0,9,17,0
S01009526,50 to 64,117,74,67,7,43,10,2,12,15,4
S01009526,65 to 74,45,28,27,1,17,1,1,1,3,11
S01009526,75 to 84,26,14,14,0,12,1,1,1,1,8
S01009526,85 and over,9,3,3,0,6,0,0,0,0,6
S01009527,All people aged 16 and over in households,573,256,162,94,317,178,4,10,63,62
S01009527,16 to 24,98,45,7,38,53,53,0,0,0,0
S01009527,25 to 34,114,61,22,39,53,49,0,0,4,0
S01009527,35 to 49,129,51,38,13,78,52,1,6,17,2
S01009527,50 to 64,108,55,53,2,53,13,1,4,29,6
S01009527,65 to 74,57,26,24,2,31,8,0,0,11,12
S01009527,75 to 84,42,12,12,0,30,2,2,0,2,24
S01009527,85 and over,25,6,6,0,19,1,0,0,0,18
S01009528,All people aged 16 and over in households,491,204,160,44,287,97,8,24,67,91
S01009528,16 to 24,29,7,0,7,22,21,0,1,0,0
S01009528,25 to 34,57,30,9,21,27,25,0,2,0,0
S01009528,35 to 49,62,23,13,10,39,13,2,6,17,1
S01009528,50 to 64,115,50,48,2,65,18,3,12,26,6
S01009528,65 to 74,86,43,39,4,43,10,0,2,16,15
S01009528,75 to 84,98,43,43,0,55,7,2,1,7,38
S01009528,85 and over,44,8,8,0,36,3,1,0,1,31
S01009529,All people aged 16 and over in households,462,304,264,40,158,83,2,6,30,37
S01009529,16 to 24,54,4,0,4,50,50,0,0,0,0
S01009529,25 to 34,39,27,15,12,12,11,1,0,0,0
S01009529,35 to 49,117,92,75,17,25,11,1,4,7,2
S01009529,50 to 64,134,107,101,6,27,5,0,2,15,5
S01009529,65 to 74,67,45,44,1,22,2,0,0,7,13
S01009529,75 to 84,45,28,28,0,17,4,0,0,1,12
S01009529,85 and over,6,1,1,0,5,0,0,0,0,5
S01009530,All people aged 16 and over in households,496,350,292,58,146,80,2,10,13,41
S01009530,16 to 24,47,0,0,0,47,47,0,0,0,0
S01009530,25 to 34,30,16,15,1,14,14,0,0,0,0
S01009530,35 to 49,140,124,90,34,16,6,1,6,3,0
S01009530,50 to 64,139,120,97,23,19,6,0,4,6,3
S01009530,65 to 74,72,59,59,0,13,2,1,0,3,7
S01009530,75 to 84,50,27,27,0,23,4,0,0,1,18
S01009530,85 and over,18,4,4,0,14,1,0,0,0,13
S01009531,All people aged 16 and over in households,669,324,240,84,345,179,3,28,63,72
S01009531,16 to 24,94,27,4,23,67,66,0,1,0,0
S01009531,25 to 34,98,52,28,24,46,42,0,0,4,0
S01009531,35 to 49,143,79,54,25,64,40,1,9,12,2
S01009531,50 to 64,148,84,74,10,64,18,1,12,23,10
S01009531,65 to 74,115,63,61,2,52,10,1,4,18,19
S01009531,75 to 84,50,19,19,0,31,2,0,2,5,22
S01009531,85 and over,21,0,0,0,21,1,0,0,1,19
S01009532,All people aged 16 and over in households,706,370,312,58,336,164,7,12,66,87
S01009532,16 to 24,60,8,4,4,52,52,0,0,0,0
S01009532,25 to 34,92,44,22,22,48,47,0,0,1,0
S01009532,35 to 49,115,59,46,13,56,38,1,2,15,0
S01009532,50 to 64,175,111,100,11,64,14,0,9,31,10
S01009532,65 to 74,149,99,93,6,50,6,3,1,13,27
S01009532,75 to 84,88,46,44,2,42,5,2,0,5,30
S01009532,85 and over,27,3,3,0,24,2,1,0,1,20
S01009533,All people aged 16 and over in households,653,296,192,104,357,193,7,24,67,66
S01009533,16 to 24,84,29,3,26,55,54,0,0,1,0
S01009533,25 to 34,125,64,25,39,61,57,1,1,2,0
S01009533,35 to 49,146,63,43,20,83,54,1,9,17,2
S01009533,50 to 64,171,90,75,15,81,16,4,12,34,15
S01009533,65 to 74,62,31,27,4,31,7,1,1,8,14
S01009533,75 to 84,44,16,16,0,28,3,0,0,3,22
S01009533,85 and over,21,3,3,0,18,2,0,1,2,13
S01009534,All people aged 16 and over in households,651,270,166,104,381,203,4,41,80,53
S01009534,16 to 24,118,31,5,26,87,87,0,0,0,0
S01009534,25 to 34,119,66,28,38,53,44,0,7,2,0
S01009534,35 to 49,180,76,53,23,104,48,0,21,32,3
S01009534,50 to 64,116,52,41,11,64,15,1,10,37,1
S01009534,65 to 74,54,31,29,2,23,4,0,1,6,12
S01009534,75 to 84,46,13,10,3,33,2,3,2,3,23
S01009534,85 and over,18,1,0,1,17,3,0,0,0,14
S01009535,All people aged 16 and over in households,485,202,96,106,283,177,8,14,58,26
S01009535,16 to 24,101,30,2,28,71,71,0,0,0,0
S01009535,25 to 34,93,57,25,32,36,33,1,1,1,0
S01009535,35 to 49,142,60,33,27,82,46,2,5,28,1
S01009535,50 to 64,96,36,22,14,60,21,5,7,23,4
S01009535,65 to 74,24,7,3,4,17,4,0,1,5,7
S01009535,75 to 84,19,8,7,1,11,2,0,0,0,9
S01009535,85 and over,10,4,4,0,6,0,0,0,1,5
S01009536,All people aged 16 and over in households,406,232,164,68,174,108,3,10,29,24
S01009536,16 to 24,54,9,0,9,45,45,0,0,0,0
S01009536,25 to 34,72,37,16,21,35,31,1,0,3,0
S01009536,35 to 49,125,87,64,23,38,21,1,6,9,1
S01009536,50 to 64,77,54,48,6,23,7,0,3,10,3
S01009536,65 to 74,50,37,28,9,13,1,1,0,6,5
S01009536,75 to 84,20,7,7,0,13,3,0,0,1,9
S01009536,85 and over,8,1,1,0,7,0,0,1,0,6
S01009537,All people aged 16 and over in households,451,246,192,54,205,109,3,17,44,32
S01009537,16 to 24,40,6,1,5,34,33,0,1,0,0
S01009537,25 to 34,74,39,17,22,35,29,1,1,3,1
S01009537,35 to 49,108,55,41,14,53,27,0,10,16,0
S01009537,50 to 64,107,77,67,10,30,9,0,5,14,2
S01009537,65 to 74,70,45,44,1,25,4,1,0,8,12
S01009537,75 to 84,42,22,20,2,20,5,1,0,3,11
S01009537,85 and over,10,2,2,0,8,2,0,0,0,6
S01009538,All people aged 16 and over in households,594,282,178,104,312,165,5,26,75,41
S01009538,16 to 24,53,11,2,9,42,41,0,1,0,0
S01009538,25 to 34,108,60,18,42,48,42,0,6,0,0
S01009538,35 to 49,173,94,61,33,79,49,0,9,18,3
S01009538,50 to 64,169,83,66,17,86,22,4,9,44,7
S01009538,65 to 74,49,25,23,2,24,5,0,1,10,8
S01009538,75 to 84,31,9,8,1,22,3,1,0,3,15
S01009538,85 and over,11,0,0,0,11,3,0,0,0,8
S01009539,All people aged 16 and over in households,737,454,370,84,283,152,4,17,52,58
S01009539,16 to 24,103,22,4,18,81,81,0,0,0,0
S01009539,25 to 34,81,50,21,29,31,25,0,3,3,0
S01009539,35 to 49,158,120,102,18,38,14,0,9,15,0
S01009539,50 to 64,220,164,152,12,56,22,0,2,25,7
S01009539,65 to 74,87,66,61,5,21,5,1,1,6,8
S01009539,75 to 84,54,26,24,2,28,3,1,1,3,20
S01009539,85 and over,34,6,6,0,28,2,2,1,0,23
S01009540,All people aged 16 and over in households,716,334,220,114,382,192,3,33,109,45
S01009540,16 to 24,102,25,0,25,77,77,0,0,0,0
S01009540,25 to 34,130,78,28,50,52,41,0,4,7,0
S01009540,35 to 49,192,88,53,35,104,50,0,11,40,3
S01009540,50 to 64,149,71,68,3,78,16,0,13,45,4
S01009540,65 to 74,63,37,36,1,26,3,0,5,13,5
S01009540,75 to 84,54,27,27,0,27,3,2,0,4,18
S01009540,85 and over,26,8,8,0,18,2,1,0,0,15
S01009541,All people aged 16 and over in households,607,418,344,74,189,115,4,15,22,33
S01009541,16 to 24,62,8,2,6,54,54,0,0,0,0
S01009541,25 to 34,73,45,23,22,28,23,2,2,0,1
S01009541,35 to 49,194,154,124,30,40,24,1,6,7,2
S01009541,50 to 64,159,128,117,11,31,7,1,6,13,4
S01009541,65 to 74,69,56,54,2,13,3,0,1,1,8
S01009541,75 to 84,40,24,21,3,16,4,0,0,1,11
S01009541,85 and over,10,3,3,0,7,0,0,0,0,7
S01009542,All people aged 16 and over in households,586,280,180,100,306,177,3,22,62,42
S01009542,16 to 24,98,22,2,20,76,76,0,0,0,0
S01009542,25 to 34,125,69,32,37,56,45,0,6,5,0
S01009542,35 to 49,142,71,41,30,71,34,2,12,20,3
S01009542,50 to 64,135,80,67,13,55,16,0,3,32,4
S01009542,65 to 74,39,20,20,0,19,4,0,1,5,9
S01009542,75 to 84,35,17,17,0,18,2,0,0,0,16
S01009542,85 and over,12,1,1,0,11,0,1,0,0,10
S01009543,All people aged 16 and over in households,480,292,230,62,188,77,2,20,40,49
S01009543,16 to 24,39,8,0,8,31,31,0,0,0,0
S01009543,25 to 34,42,18,10,8,24,20,1,2,1,0
S01009543,35 to 49,101,68,38,30,33,15,0,8,9,1
S01009543,50 to 64,153,113,100,13,40,5,0,7,22,6
S01009543,65 to 74,67,45,42,3,22,3,0,2,4,13
S01009543,75 to 84,61,37,37,0,24,1,1,1,4,17
S01009543,85 and over,17,3,3,0,14,2,0,0,0,12
S01009544,All people aged 16 and over in households,722,452,356,96,270,135,4,15,57,59
S01009544,16 to 24,52,9,2,7,43,43,0,0,0,0
S01009544,25 to 34,84,50,29,21,34,32,0,0,2,0
S01009544,35 to 49,201,148,110,38,53,31,2,5,12,3
S01009544,50 to 64,201,141,124,17,60,16,0,7,27,10
S01009544,65 to 74,99,61,51,10,38,10,2,2,10,14
S01009544,75 to 84,69,37,34,3,32,2,0,1,6,23
S01009544,85 and over,16,6,6,0,10,1,0,0,0,9
S01009545,All people aged 16 and over in households,646,388,324,64,258,147,4,22,37,48
S01009545,16 to 24,98,19,2,17,79,78,0,0,1,0
S01009545,25 to 34,86,46,24,22,40,31,2,3,4,0
S01009545,35 to 49,153,113,96,17,40,17,0,10,12,1
S01009545,50 to 64,154,116,110,6,38,14,2,6,12,4
S01009545,65 to 74,91,65,63,2,26,5,0,3,5,13
S01009545,75 to 84,54,28,28,0,26,1,0,0,3,22
S01009545,85 and over,10,1,1,0,9,1,0,0,0,8
S01009546,All people aged 16 and over in households,774,510,354,156,264,160,5,17,45,37
S01009546,16 to 24,93,16,2,14,77,76,1,0,0,0
S01009546,25 to 34,193,144,67,77,49,38,2,7,1,1
S01009546,35 to 49,198,147,98,49,51,28,0,6,16,1
S01009546,50 to 64,197,150,136,14,47,13,0,4,20,10
S01009546,65 to 74,59,39,37,2,20,4,1,0,8,7
S01009546,75 to 84,27,14,14,0,13,0,0,0,0,13
S01009546,85 and over,7,0,0,0,7,1,1,0,0,5
S01009547,All people aged 16 and over in households,600,332,250,82,268,169,8,20,37,34
S01009547,16 to 24,91,18,2,16,73,73,0,0,0,0
S01009547,25 to 34,95,44,16,28,51,46,2,3,0,0
S01009547,35 to 49,153,86,62,24,67,36,5,12,13,1
S01009547,50 to 64,151,113,99,14,38,9,1,4,20,4
S01009547,65 to 74,67,50,50,0,17,1,0,0,4,12
S01009547,75 to 84,36,20,20,0,16,4,0,1,0,11
S01009547,85 and over,7,1,1,0,6,0,0,0,0,6
S01009548,All people aged 16 and over in households,572,324,264,60,248,131,7,14,49,47
S01009548,16 to 24,73,15,1,14,58,57,0,1,0,0
S01009548,25 to 34,80,39,21,18,41,35,3,0,2,1
S01009548,35 to 49,150,104,86,18,46,24,1,7,14,0
S01009548,50 to 64,144,104,98,6,40,7,0,4,21,8
S01009548,65 to 74,65,40,38,2,25,4,0,2,11,8
S01009548,75 to 84,43,18,17,1,25,2,3,0,1,19
S01009548,85 and over,17,4,3,1,13,2,0,0,0,11
S01009549,All people aged 16 and over in households,649,408,326,82,241,138,1,18,35,49
S01009549,16 to 24,76,12,2,10,64,64,0,0,0,0
S01009549,25 to 34,93,53,28,25,40,37,0,3,0,0
S01009549,35 to 49,179,126,97,29,53,27,0,8,16,2
S01009549,50 to 64,173,144,126,18,29,7,1,4,13,4
S01009549,65 to 74,60,46,46,0,14,0,0,2,3,9
S01009549,75 to 84,52,21,21,0,31,2,0,1,3,25
S01009549,85 and over,16,6,6,0,10,1,0,0,0,9
S01009550,All people aged 16 and over in households,415,260,220,40,155,94,2,9,20,30
S01009550,16 to 24,61,8,0,8,53,53,0,0,0,0
S01009550,25 to 34,48,23,16,7,25,24,0,1,0,0
S01009550,35 to 49,124,94,74,20,30,13,2,7,8,0
S01009550,50 to 64,93,78,75,3,15,3,0,1,9,2
S01009550,65 to 74,48,39,38,1,9,0,0,0,3,6
S01009550,75 to 84,32,17,16,1,15,1,0,0,0,14
S01009550,85 and over,9,1,1,0,8,0,0,0,0,8
S01009551,All people aged 16 and over in households,421,254,208,46,167,88,3,18,26,32
S01009551,16 to 24,53,13,0,13,40,39,1,0,0,0
S01009551,25 to 34,75,44,24,20,31,22,0,7,2,0
S01009551,35 to 49,97,67,58,9,30,14,0,9,7,0
S01009551,50 to 64,111,83,79,4,28,12,0,2,10,4
S01009551,65 to 74,55,38,38,0,17,0,1,0,5,11
S01009551,75 to 84,24,9,9,0,15,1,1,0,1,12
S01009551,85 and over,6,0,0,0,6,0,0,0,1,5
S01009552,All people aged 16 and over in households,741,472,422,50,269,144,5,12,46,62
S01009552,16 to 24,77,5,1,4,72,71,1,0,0,0
S01009552,25 to 34,84,49,36,13,35,27,2,6,0,0
S01009552,35 to 49,169,129,110,19,40,24,0,1,15,0
S01009552,50 to 64,206,159,149,10,47,12,0,5,25,5
S01009552,65 to 74,131,93,90,3,38,5,2,0,4,27
S01009552,75 to 84,63,36,35,1,27,4,0,0,2,21
S01009552,85 and over,11,1,1,0,10,1,0,0,0,9
S01009553,All people aged 16 and over in households,701,336,224,112,365,213,1,30,59,62
S01009553,16 to 24,123,26,0,26,97,97,0,0,0,0
S01009553,25 to 34,106,56,16,40,50,47,0,2,1,0
S01009553,35 to 49,163,82,48,34,81,40,0,17,20,4
S01009553,50 to 64,168,104,96,8,64,22,1,8,28,5
S01009553,65 to 74,66,40,36,4,26,6,0,1,9,10
S01009553,75 to 84,52,22,22,0,30,1,0,1,1,27
S01009553,85 and over,23,6,6,0,17,0,0,1,0,16
S01009554,All people aged 16 and over in households,553,312,248,64,241,148,3,13,42,35
S01009554,16 to 24,81,11,3,8,70,70,0,0,0,0
S01009554,25 to 34,58,26,8,18,32,30,0,2,0,0
S01009554,35 to 49,133,80,57,23,53,30,1,4,17,1
S01009554,50 to 64,171,124,112,12,47,14,1,7,19,6
S01009554,65 to 74,60,46,43,3,14,3,0,0,4,7
S01009554,75 to 84,40,21,21,0,19,0,1,0,2,16
S01009554,85 and over,10,4,4,0,6,1,0,0,0,5
S01009555,All people aged 16 and over in households,633,352,278,74,281,158,4,27,38,54
S01009555,16 to 24,73,6,0,6,67,66,1,0,0,0
S01009555,25 to 34,71,38,23,15,33,29,0,2,2,0
S01009555,35 to 49,169,97,65,32,72,37,3,14,17,1
S01009555,50 to 64,175,128,113,15,47,14,0,8,16,9
S01009555,65 to 74,83,63,57,6,20,2,0,3,3,12
S01009555,75 to 84,50,17,17,0,33,9,0,0,0,24
S01009555,85 and over,12,3,3,0,9,1,0,0,0,8
S01009556,All people aged 16 and over in households,605,330,238,92,275,171,3,15,54,32
S01009556,16 to 24,97,28,5,23,69,69,0,0,0,0
S01009556,25 to 34,98,50,24,26,48,44,1,1,2,0
S01009556,35 to 49,165,87,57,30,78,46,1,8,20,3
S01009556,50 to 64,144,100,88,12,44,10,1,4,23,6
S01009556,65 to 74,70,50,49,1,20,2,0,1,8,9
S01009556,75 to 84,27,13,13,0,14,0,0,1,1,12
S01009556,85 and over,4,2,2,0,2,0,0,0,0,2
S01009557,All people aged 16 and over in households,526,278,182,96,248,133,2,27,50,36
S01009557,16 to 24,76,26,3,23,50,49,0,1,0,0
S01009557,25 to 34,102,55,18,37,47,40,1,2,4,0
S01009557,35 to 49,144,75,52,23,69,31,1,19,18,0
S01009557,50 to 64,117,72,61,11,45,12,0,5,21,7
S01009557,65 to 74,54,36,35,1,18,0,0,0,7,11
S01009557,75 to 84,27,13,13,0,14,1,0,0,0,13
S01009557,85 and over,6,1,0,1,5,0,0,0,0,5
S01009558,All people aged 16 and over in households,513,278,200,78,235,133,3,21,46,32
S01009558,16 to 24,82,17,4,13,65,65,0,0,0,0
S01009558,25 to 34,97,57,31,26,40,32,2,4,2,0
S01009558,35 to 49,147,84,56,28,63,31,1,10,19,2
S01009558,50 to 64,99,69,59,10,30,4,0,7,15,4
S01009558,65 to 74,61,37,36,1,24,1,0,0,8,15
S01009558,75 to 84,24,13,13,0,11,0,0,0,2,9
S01009558,85 and over,3,1,1,0,2,0,0,0,0,2
S01009559,All people aged 16 and over in households,682,344,246,98,338,205,3,27,64,39
S01009559,16 to 24,102,14,0,14,88,88,0,0,0,0
S01009559,25 to 34,140,78,36,42,62,52,1,4,5,0
S01009559,35 to 49,186,98,71,27,88,48,1,15,23,1
S01009559,50 to 64,147,99,87,12,48,13,0,7,21,7
S01009559,65 to 74,79,41,38,3,38,2,0,1,15,20
S01009559,75 to 84,24,14,14,0,10,0,1,0,0,9
S01009559,85 and over,4,0,0,0,4,2,0,0,0,2
S01009560,All people aged 16 and over in households,594,274,216,58,320,187,3,30,64,36
S01009560,16 to 24,91,15,3,12,76,76,0,0,0,0
S01009560,25 to 34,113,45,22,23,68,61,1,4,2,0
S01009560,35 to 49,154,81,67,14,73,36,0,10,26,1
S01009560,50 to 64,122,65,60,5,57,9,2,14,24,8
S01009560,65 to 74,77,51,49,2,26,3,0,1,8,14
S01009560,75 to 84,32,17,15,2,15,2,0,1,3,9
S01009560,85 and over,5,0,0,0,5,0,0,0,1,4
S01009561,All people aged 16 and over in households,423,208,146,62,215,104,5,17,59,30
S01009561,16 to 24,53,14,2,12,39,39,0,0,0,0
S01009561,25 to 34,69,39,18,21,30,25,0,3,2,0
S01009561,35 to 49,119,58,41,17,61,32,3,11,15,0
S01009561,50 to 64,87,45,38,7,42,5,1,2,30,4
S01009561,65 to 74,55,32,31,1,23,3,1,1,9,9
S01009561,75 to 84,33,16,12,4,17,0,0,0,2,15
S01009561,85 and over,7,4,4,0,3,0,0,0,1,2
S01009562,All people aged 16 and over in households,584,358,276,82,226,118,7,16,41,44
S01009562,16 to 24,74,18,2,16,56,56,0,0,0,0
S01009562,25 to 34,79,44,12,32,35,29,2,4,0,0
S01009562,35 to 49,146,100,71,29,46,23,3,6,9,5
S01009562,50 to 64,160,122,117,5,38,8,1,5,22,2
S01009562,65 to 74,78,55,55,0,23,2,1,0,7,13
S01009562,75 to 84,39,18,18,0,21,0,0,1,3,17
S01009562,85 and over,8,1,1,0,7,0,0,0,0,7
S01009563,All people aged 16 and over in households,643,370,298,72,273,123,5,23,57,65
S01009563,16 to 24,81,20,6,14,61,61,0,0,0,0
S01009563,25 to 34,83,56,33,23,27,21,2,4,0,0
S01009563,35 to 49,143,87,66,21,56,22,1,13,17,3
S01009563,50 to 64,141,88,76,12,53,16,2,5,20,10
S01009563,65 to 74,103,74,73,1,29,2,0,1,12,14
S01009563,75 to 84,77,41,40,1,36,1,0,0,6,29
S01009563,85 and over,15,4,4,0,11,0,0,0,2,9
S01009564,All people aged 16 and over in households,566,348,296,52,218,105,3,10,33,67
S01009564,16 to 24,60,5,0,5,55,55,0,0,0,0
S01009564,25 to 34,69,46,26,20,23,22,0,1,0,0
S01009564,35 to 49,131,96,80,16,35,16,0,4,14,1
S01009564,50 to 64,112,89,84,5,23,6,1,4,7,5
S01009564,65 to 74,93,66,63,3,27,3,1,0,9,14
S01009564,75 to 84,77,42,39,3,35,3,1,1,3,27
S01009564,85 and over,24,4,4,0,20,0,0,0,0,20
S01009565,All people aged 16 and over in households,457,254,208,46,203,127,0,9,38,29
S01009565,16 to 24,75,7,1,6,68,68,0,0,0,0
S01009565,25 to 34,61,28,16,12,33,32,0,0,1,0
S01009565,35 to 49,151,104,82,22,47,23,0,6,15,3
S01009565,50 to 64,86,53,47,6,33,4,0,1,20,8
S01009565,65 to 74,53,43,43,0,10,0,0,2,1,7
S01009565,75 to 84,28,19,19,0,9,0,0,0,1,8
S01009565,85 and over,3,0,0,0,3,0,0,0,0,3
S01009566,All people aged 16 and over in households,816,530,394,136,286,153,7,32,52,42
S01009566,16 to 24,110,19,2,17,91,89,1,0,1,0
S01009566,25 to 34,154,109,60,49,45,29,5,9,2,0
S01009566,35 to 49,249,194,147,47,55,27,0,14,13,1
S01009566,50 to 64,179,135,119,16,44,6,1,4,25,8
S01009566,65 to 74,88,55,48,7,33,2,0,4,10,17
S01009566,75 to 84,33,17,17,0,16,0,0,1,1,14
S01009566,85 and over,3,1,1,0,2,0,0,0,0,2
S01009567,All people aged 16 and over in households,715,388,304,84,327,167,1,34,58,67
S01009567,16 to 24,82,15,2,13,67,67,0,0,0,0
S01009567,25 to 34,113,64,37,27,49,45,0,3,1,0
S01009567,35 to 49,194,113,77,36,81,42,1,14,24,0
S01009567,50 to 64,171,111,105,6,60,12,0,12,22,14
S01009567,65 to 74,103,71,69,2,32,0,0,5,5,22
S01009567,75 to 84,47,14,14,0,33,1,0,0,5,27
S01009567,85 and over,5,0,0,0,5,0,0,0,1,4
S01009568,All people aged 16 and over in households,584,316,252,64,268,142,2,22,51,51
S01009568,16 to 24,84,15,2,13,69,69,0,0,0,0
S01009568,25 to 34,81,42,27,15,39,35,1,3,0,0
S01009568,35 to 49,163,102,73,29,61,26,0,11,22,2
S01009568,50 to 64,119,79,74,5,40,11,1,6,13,9
S01009568,65 to 74,75,49,47,2,26,1,0,1,8,16
S01009568,75 to 84,54,28,28,0,26,0,0,1,6,19
S01009568,85 and over,8,1,1,0,7,0,0,0,2,5
S01009569,All people aged 16 and over in households,666,418,328,90,248,116,6,20,43,63
S01009569,16 to 24,81,16,3,13,65,64,0,1,0,0
S01009569,25 to 34,97,65,34,31,32,26,2,2,2,0
S01009569,35 to 49,155,110,89,21,45,17,1,8,17,2
S01009569,50 to 64,143,106,88,18,37,7,2,5,17,6
S01009569,65 to 74,125,93,88,5,32,1,0,3,4,24
S01009569,75 to 84,51,25,25,0,26,0,1,1,3,21
S01009569,85 and over,14,3,1,2,11,1,0,0,0,10
S01009570,All people aged 16 and over in households,449,268,210,58,181,91,2,16,34,38
S01009570,16 to 24,62,10,0,10,52,51,1,0,0,0
S01009570,25 to 34,52,36,21,15,16,15,0,1,0,0
S01009570,35 to 49,128,86,63,23,42,17,1,9,15,0
S01009570,50 to 64,102,73,67,6,29,7,0,5,12,5
S01009570,65 to 74,56,39,36,3,17,1,0,1,4,11
S01009570,75 to 84,37,18,17,1,19,0,0,0,3,16
S01009570,85 and over,12,6,6,0,6,0,0,0,0,6
S01009571,All people aged 16 and over in households,540,256,168,88,284,181,1,18,54,30
S01009571,16 to 24,128,32,0,32,96,96,0,0,0,0
S01009571,25 to 34,102,41,14,27,61,54,0,4,3,0
S01009571,35 to 49,115,71,55,16,44,20,0,6,15,3
S01009571,50 to 64,125,74,68,6,51,8,0,7,32,4
S01009571,65 to 74,41,27,22,5,14,3,0,1,4,6
S01009571,75 to 84,25,11,9,2,14,0,0,0,0,14
S01009571,85 and over,4,0,0,0,4,0,1,0,0,3
S01009572,All people aged 16 and over in households,842,426,300,126,416,245,5,25,73,68
S01009572,16 to 24,130,16,0,16,114,113,1,0,0,0
S01009572,25 to 34,141,75,28,47,66,53,2,6,5,0
S01009572,35 to 49,231,138,95,43,93,55,2,9,26,1
S01009572,50 to 64,177,108,88,20,69,20,0,6,32,11
S01009572,65 to 74,82,53,53,0,29,3,0,3,9,14
S01009572,75 to 84,60,31,31,0,29,0,0,1,1,27
S01009572,85 and over,21,5,5,0,16,1,0,0,0,15
S01009573,All people aged 16 and over in households,585,300,236,64,285,149,5,20,59,52
S01009573,16 to 24,96,19,3,16,77,77,0,0,0,0
S01009573,25 to 34,80,46,25,21,34,25,2,3,4,0
S01009573,35 to 49,165,94,76,18,71,36,3,3,26,3
S01009573,50 to 64,139,88,81,7,51,9,0,10,20,12
S01009573,65 to 74,57,39,37,2,18,1,0,4,7,6
S01009573,75 to 84,39,13,13,0,26,1,0,0,2,23
S01009573,85 and over,9,1,1,0,8,0,0,0,0,8
S01009574,All people aged 16 and over in households,800,430,330,100,370,186,6,31,74,73
S01009574,16 to 24,115,18,0,18,97,97,0,0,0,0
S01009574,25 to 34,109,60,21,39,49,40,0,7,2,0
S01009574,35 to 49,191,122,100,22,69,26,4,16,21,2
S01009574,50 to 64,194,131,115,16,63,17,2,5,30,9
S01009574,65 to 74,102,55,52,3,47,5,0,3,17,22
S01009574,75 to 84,78,43,41,2,35,1,0,0,4,30
S01009574,85 and over,11,1,1,0,10,0,0,0,0,10
S01009575,All people aged 16 and over in households,429,256,194,62,173,95,3,13,27,35
S01009575,16 to 24,55,7,1,6,48,48,0,0,0,0
S01009575,25 to 34,59,34,14,20,25,22,0,2,1,0
S01009575,35 to 49,121,79,56,23,42,20,3,7,9,3
S01009575,50 to 64,101,83,71,12,18,4,0,3,10,1
S01009575,65 to 74,45,33,32,1,12,1,0,1,3,7
S01009575,75 to 84,37,18,18,0,19,0,0,0,3,16
S01009575,85 and over,11,2,2,0,9,0,0,0,1,8
S01009576,All people aged 16 and over in households,459,334,288,46,125,83,2,5,15,20
S01009576,16 to 24,40,3,1,2,37,37,0,0,0,0
S01009576,25 to 34,55,18,13,5,37,33,0,2,2,0
S01009576,35 to 49,86,69,50,19,17,9,1,1,5,1
S01009576,50 to 64,187,170,156,14,17,1,1,2,7,6
S01009576,65 to 74,60,53,49,4,7,1,0,0,1,5
S01009576,75 to 84,29,19,17,2,10,2,0,0,0,8
S01009576,85 and over,2,2,2,0,0,0,0,0,0,0
S01009577,All people aged 16 and over in households,561,408,366,42,153,103,3,7,21,19
S01009577,16 to 24,65,1,1,0,64,64,0,0,0,0
S01009577,25 to 34,54,28,15,13,26,24,1,0,1,0
S01009577,35 to 49,141,119,97,22,22,6,2,6,7,1
S01009577,50 to 64,225,199,194,5,26,9,0,1,10,6
S01009577,65 to 74,55,49,47,2,6,0,0,0,2,4
S01009577,75 to 84,18,12,12,0,6,0,0,0,0,6
S01009577,85 and over,3,0,0,0,3,0,0,0,1,2
S01009578,All people aged 16 and over in households,613,380,298,82,233,133,2,27,42,29
S01009578,16 to 24,92,13,1,12,79,77,0,2,0,0
S01009578,25 to 34,101,57,36,21,44,38,1,5,0,0
S01009578,35 to 49,159,119,86,33,40,15,1,9,14,1
S01009578,50 to 64,165,127,111,16,38,2,0,10,21,5
S01009578,65 to 74,57,39,39,0,18,1,0,1,6,10
S01009578,75 to 84,32,22,22,0,10,0,0,0,0,10
S01009578,85 and over,7,3,3,0,4,0,0,0,1,3
S01009579,All people aged 16 and over in households,842,546,426,120,296,193,4,22,53,24
S01009579,16 to 24,112,16,0,16,96,96,0,0,0,0
S01009579,25 to 34,126,74,36,38,52,46,1,4,1,0
S01009579,35 to 49,285,211,162,49,74,41,2,7,21,3
S01009579,50 to 64,200,150,135,15,50,9,0,11,26,4
S01009579,65 to 74,83,73,72,1,10,0,0,0,4,6
S01009579,75 to 84,28,19,18,1,9,0,1,0,1,7
S01009579,85 and over,8,3,3,0,5,1,0,0,0,4
S01009580,All people aged 16 and over in households,748,554,466,88,194,135,0,15,21,23
S01009580,16 to 24,104,10,4,6,94,94,0,0,0,0
S01009580,25 to 34,97,72,46,26,25,20,0,2,2,1
S01009580,35 to 49,287,256,216,40,31,13,0,6,9,3
S01009580,50 to 64,173,147,131,16,26,8,0,5,9,4
S01009580,65 to 74,61,51,51,0,10,0,0,1,1,8
S01009580,75 to 84,21,16,16,0,5,0,0,1,0,4
S01009580,85 and over,5,2,2,0,3,0,0,0,0,3
S01009581,All people aged 16 and over in households,473,294,248,46,179,98,4,16,32,29
S01009581,16 to 24,54,9,0,9,45,45,0,0,0,0
S01009581,25 to 34,75,32,20,12,43,37,1,3,2,0
S01009581,35 to 49,108,79,58,21,29,7,2,8,11,1
S01009581,50 to 64,136,104,103,1,32,6,0,5,14,7
S01009581,65 to 74,66,52,50,2,14,3,1,0,3,7
S01009581,75 to 84,30,18,17,1,12,0,0,0,2,10
S01009581,85 and over,4,0,0,0,4,0,0,0,0,4
S01009582,All people aged 16 and over in households,414,228,172,56,186,91,5,16,42,32
S01009582,16 to 24,50,7,1,6,43,43,0,0,0,0
S01009582,25 to 34,83,46,22,24,37,29,2,2,4,0
S01009582,35 to 49,106,78,56,22,28,9,1,10,7,1
S01009582,50 to 64,84,53,50,3,31,5,2,4,17,3
S01009582,65 to 74,57,26,25,1,31,4,0,0,12,15
S01009582,75 to 84,24,13,13,0,11,1,0,0,2,8
S01009582,85 and over,10,5,5,0,5,0,0,0,0,5
S01009583,All people aged 16 and over in households,623,355,276,79,268,161,1,20,45,41
S01009583,16 to 24,86,11,3,8,75,75,0,0,0,0
S01009583,25 to 34,121,70,39,31,51,48,0,2,1,0
S01009583,35 to 49,163,107,75,32,56,30,0,8,17,1
S01009583,50 to 64,139,102,95,7,37,7,0,7,14,9
S01009583,65 to 74,73,45,44,1,28,1,0,3,10,14
S01009583,75 to 84,36,18,18,0,18,0,1,0,3,14
S01009583,85 and over,5,2,2,0,3,0,0,0,0,3
S01009584,All people aged 16 and over in households,432,304,236,68,128,66,4,12,15,31
S01009584,16 to 24,57,15,4,11,42,40,0,0,2,0
S01009584,25 to 34,66,49,22,27,17,13,0,2,2,0
S01009584,35 to 49,101,79,61,18,22,8,3,8,2,1
S01009584,50 to 64,81,68,60,8,13,3,0,1,6,3
S01009584,65 to 74,67,53,49,4,14,1,0,1,2,10
S01009584,75 to 84,57,40,40,0,17,1,1,0,1,14
S01009584,85 and over,3,0,0,0,3,0,0,0,0,3
S01009585,All people aged 16 and over in households,775,462,370,92,313,185,4,24,54,46
S01009585,16 to 24,99,7,0,7,92,92,0,0,0,0
S01009585,25 to 34,143,76,40,36,67,62,0,3,2,0
S01009585,35 to 49,191,135,97,38,56,21,2,8,22,3
S01009585,50 to 64,237,179,171,8,58,9,2,10,26,11
S01009585,65 to 74,60,46,44,2,14,1,0,3,1,9
S01009585,75 to 84,41,18,17,1,23,0,0,0,3,20
S01009585,85 and over,4,1,1,0,3,0,0,0,0,3
S01009586,All people aged 16 and over in households,555,338,282,56,217,96,3,18,50,50
S01009586,16 to 24,56,8,2,6,48,48,0,0,0,0
S01009586,25 to 34,64,35,20,15,29,24,0,1,3,1
S01009586,35 to 49,100,71,52,19,29,11,0,7,11,0
S01009586,50 to 64,164,113,106,7,51,11,2,4,30,4
S01009586,65 to 74,95,74,72,2,21,1,0,1,5,14
S01009586,75 to 84,55,30,24,6,25,0,1,4,1,19
S01009586,85 and over,21,7,6,1,14,1,0,1,0,12
S01009587,All people aged 16 and over in households,588,312,254,58,276,125,5,20,54,72
S01009587,16 to 24,51,2,0,2,49,49,0,0,0,0
S01009587,25 to 34,68,38,24,14,30,29,0,1,0,0
S01009587,35 to 49,141,79,57,22,62,29,3,9,18,3
S01009587,50 to 64,140,104,90,14,36,9,0,8,15,4
S01009587,65 to 74,96,59,56,3,37,6,0,2,12,17
S01009587,75 to 84,72,25,22,3,47,2,1,0,8,36
S01009587,85 and over,20,5,5,0,15,1,1,0,1,12
S01009588,All people aged 16 and over in households,812,448,364,84,364,189,7,20,70,78
S01009588,16 to 24,106,15,3,12,91,91,0,0,0,0
S01009588,25 to 34,96,57,32,25,39,34,0,4,1,0
S01009588,35 to 49,209,128,103,25,81,37,3,6,32,3
S01009588,50 to 64,206,142,126,16,64,16,1,9,25,13
S01009588,65 to 74,88,58,56,2,30,7,1,1,9,12
S01009588,75 to 84,85,43,39,4,42,4,1,0,2,35
S01009588,85 and over,22,5,5,0,17,0,1,0,1,15
S01009589,All people aged 16 and over in households,744,446,354,92,298,166,5,23,47,57
S01009589,16 to 24,111,13,3,10,98,98,0,0,0,0
S01009589,25 to 34,135,90,62,28,45,41,2,1,1,0
S01009589,35 to 49,192,142,105,37,50,12,2,14,21,1
S01009589,50 to 64,158,111,95,16,47,11,1,8,17,10
S01009589,65 to 74,81,61,61,0,20,1,0,0,6,13
S01009589,75 to 84,48,21,21,0,27,3,0,0,2,22
S01009589,85 and over,19,8,7,1,11,0,0,0,0,11
S01009590,All people aged 16 and over in households,572,432,392,40,140,90,6,6,16,22
S01009590,16 to 24,60,3,1,2,57,57,0,0,0,0
S01009590,25 to 34,68,43,33,10,25,21,3,1,0,0
S01009590,35 to 49,162,145,121,24,17,8,2,3,1,3
S01009590,50 to 64,167,147,143,4,20,2,1,1,12,4
S01009590,65 to 74,80,70,70,0,10,2,0,1,2,5
S01009590,75 to 84,32,22,22,0,10,0,0,0,1,9
S01009590,85 and over,3,2,2,0,1,0,0,0,0,1
S01009591,All people aged 16 and over in households,567,376,300,76,191,106,4,9,39,33
S01009591,16 to 24,65,16,1,15,49,49,0,0,0,0
S01009591,25 to 34,70,35,20,15,35,30,2,2,1,0
S01009591,35 to 49,147,107,78,29,40,19,2,5,14,0
S01009591,50 to 64,173,142,130,12,31,7,0,2,18,4
S01009591,65 to 74,78,61,60,1,17,1,0,0,5,11
S01009591,75 to 84,26,13,10,3,13,0,0,0,1,12
S01009591,85 and over,8,2,1,1,6,0,0,0,0,6
S01009592,All people aged 16 and over in households,493,380,336,44,113,61,0,8,17,27
S01009592,16 to 24,41,4,0,4,37,37,0,0,0,0
S01009592,25 to 34,24,12,5,7,12,11,0,1,0,0
S01009592,35 to 49,106,97,78,19,9,4,0,1,4,0
S01009592,50 to 64,172,150,139,11,22,4,0,5,10,3
S01009592,65 to 74,98,81,78,3,17,5,0,1,3,8
S01009592,75 to 84,46,34,34,0,12,0,0,0,0,12
S01009592,85 and over,6,2,2,0,4,0,0,0,0,4
S01009593,All people aged 16 and over in households,492,360,320,40,132,96,5,7,7,17
S01009593,16 to 24,63,1,1,0,62,62,0,0,0,0
S01009593,25 to 34,36,20,11,9,16,13,1,1,1,0
S01009593,35 to 49,139,118,106,12,21,13,3,4,1,0
S01009593,50 to 64,163,154,136,18,9,0,1,2,3,3
S01009593,65 to 74,53,44,43,1,9,3,0,0,1,5
S01009593,75 to 84,34,22,22,0,12,5,0,0,0,7
S01009593,85 and over,4,1,1,0,3,0,0,0,1,2
S01009594,All people aged 16 and over in households,543,402,350,52,141,86,0,11,27,17
S01009594,16 to 24,57,4,0,4,53,53,0,0,0,0
S01009594,25 to 34,69,46,27,19,23,21,0,2,0,0
S01009594,35 to 49,166,142,120,22,24,5,0,5,13,1
S01009594,50 to 64,181,158,152,6,23,7,0,4,9,3
S01009594,65 to 74,52,41,40,1,11,0,0,0,4,7
S01009594,75 to 84,17,11,11,0,6,0,0,0,1,5
S01009594,85 and over,1,0,0,0,1,0,0,0,0,1
S01009595,All people aged 16 and over in households,398,284,248,36,114,79,3,8,11,13
S01009595,16 to 24,62,1,1,0,61,61,0,0,0,0
S01009595,25 to 34,47,32,18,14,15,13,1,0,1,0
S01009595,35 to 49,164,142,127,15,22,4,2,8,6,2
S01009595,50 to 64,94,87,82,5,7,1,0,0,4,2
S01009595,65 to 74,25,19,17,2,6,0,0,0,0,6
S01009595,75 to 84,5,3,3,0,2,0,0,0,0,2
S01009595,85 and over,1,0,0,0,1,0,0,0,0,1
S01009596,All people aged 16 and over in households,640,336,262,74,304,176,5,24,66,33
S01009596,16 to 24,96,10,0,10,86,85,1,0,0,0
S01009596,25 to 34,99,48,21,27,51,43,2,6,0,0
S01009596,35 to 49,186,109,84,25,77,44,1,8,24,0
S01009596,50 to 64,170,114,102,12,56,3,1,7,36,9
S01009596,65 to 74,56,41,41,0,15,1,0,2,5,7
S01009596,75 to 84,31,13,13,0,18,0,0,1,1,16
S01009596,85 and over,2,1,1,0,1,0,0,0,0,1
S01009597,All people aged 16 and over in households,633,320,228,92,313,195,5,19,64,30
S01009597,16 to 24,109,20,4,16,89,88,0,1,0,0
S01009597,25 to 34,146,73,37,36,73,64,2,2,5,0
S01009597,35 to 49,176,114,84,30,62,32,2,10,14,4
S01009597,50 to 64,153,91,83,8,62,11,1,4,36,10
S01009597,65 to 74,35,19,17,2,16,0,0,2,7,7
S01009597,75 to 84,9,3,3,0,6,0,0,0,2,4
S01009597,85 and over,5,0,0,0,5,0,0,0,0,5
S01009598,All people aged 16 and over in households,518,232,160,72,286,178,2,14,57,35
S01009598,16 to 24,108,8,1,7,100,100,0,0,0,0
S01009598,25 to 34,81,43,13,30,38,34,1,1,2,0
S01009598,35 to 49,152,84,56,28,68,32,1,7,26,2
S01009598,50 to 64,106,63,56,7,43,8,0,4,24,7
S01009598,65 to 74,36,20,20,0,16,2,0,1,4,9
S01009598,75 to 84,30,12,12,0,18,0,0,1,1,16
S01009598,85 and over,5,2,2,0,3,2,0,0,0,1
S01009599,All people aged 16 and over in households,719,398,314,84,321,172,2,31,69,47
S01009599,16 to 24,90,14,4,10,76,75,1,0,0,0
S01009599,25 to 34,107,53,27,26,54,47,0,5,2,0
S01009599,35 to 49,196,131,97,34,65,29,0,10,25,1
S01009599,50 to 64,205,132,118,14,73,14,1,13,37,8
S01009599,65 to 74,85,57,57,0,28,3,0,2,4,19
S01009599,75 to 84,31,11,11,0,20,2,0,1,1,16
S01009599,85 and over,5,0,0,0,5,2,0,0,0,3
S01009600,All people aged 16 and over in households,511,212,158,54,299,152,5,22,61,59
S01009600,16 to 24,61,12,2,10,49,49,0,0,0,0
S01009600,25 to 34,98,32,16,16,66,58,2,1,3,2
S01009600,35 to 49,125,58,41,17,67,29,1,14,22,1
S01009600,50 to 64,111,69,61,8,42,8,0,5,23,6
S01009600,65 to 74,58,32,30,2,26,4,0,0,11,11
S01009600,75 to 84,36,9,8,1,27,3,0,2,2,20
S01009600,85 and over,22,0,0,0,22,1,2,0,0,19
S01009601,All people aged 16 and over in households,534,310,192,118,224,133,3,21,45,22
S01009601,16 to 24,76,19,0,19,57,57,0,0,0,0
S01009601,25 to 34,103,54,10,44,49,43,0,5,1,0
S01009601,35 to 49,146,95,61,34,51,25,0,9,17,0
S01009601,50 to 64,149,104,85,19,45,8,2,7,24,4
S01009601,65 to 74,31,26,24,2,5,0,0,0,2,3
S01009601,75 to 84,22,8,8,0,14,0,1,0,1,12
S01009601,85 and over,7,4,4,0,3,0,0,0,0,3
S01009602,All people aged 16 and over in households,614,478,426,52,136,90,0,7,17,22
S01009602,16 to 24,64,4,4,0,60,60,0,0,0,0
S01009602,25 to 34,70,53,43,10,17,17,0,0,0,0
S01009602,35 to 49,215,188,165,23,27,10,0,6,10,1
S01009602,50 to 64,195,185,166,19,10,3,0,1,5,1
S01009602,65 to 74,48,38,38,0,10,0,0,0,2,8
S01009602,75 to 84,19,9,9,0,10,0,0,0,0,10
S01009602,85 and over,3,1,1,0,2,0,0,0,0,2
S01009603,All people aged 16 and over in households,471,328,296,32,143,95,1,7,19,21
S01009603,16 to 24,58,9,2,7,49,49,0,0,0,0
S01009603,25 to 34,35,15,10,5,20,19,0,0,1,0
S01009603,35 to 49,134,106,93,13,28,15,0,3,9,1
S01009603,50 to 64,169,149,143,6,20,5,1,4,8,2
S01009603,65 to 74,46,37,36,1,9,5,0,0,1,3
S01009603,75 to 84,25,12,12,0,13,2,0,0,0,11
S01009603,85 and over,4,0,0,0,4,0,0,0,0,4
S01009604,All people aged 16 and over in households,704,452,356,96,252,138,2,24,34,54
S01009604,16 to 24,77,7,1,6,70,70,0,0,0,0
S01009604,25 to 34,122,83,46,37,39,34,1,3,1,0
S01009604,35 to 49,167,125,93,32,42,21,0,6,12,3
S01009604,50 to 64,194,152,133,19,42,8,0,10,14,10
S01009604,65 to 74,88,59,58,1,29,3,0,3,6,17
S01009604,75 to 84,37,17,16,1,20,1,1,2,0,16
S01009604,85 and over,19,9,9,0,10,1,0,0,1,8
S01009605,All people aged 16 and over in households,644,356,302,54,288,166,3,27,43,49
S01009605,16 to 24,100,13,2,11,87,86,0,1,0,0
S01009605,25 to 34,72,32,20,12,40,36,1,2,1,0
S01009605,35 to 49,166,110,86,24,56,30,0,9,14,3
S01009605,50 to 64,174,127,120,7,47,9,1,11,22,4
S01009605,65 to 74,68,48,48,0,20,4,1,2,5,8
S01009605,75 to 84,46,23,23,0,23,0,0,2,1,20
S01009605,85 and over,18,3,3,0,15,1,0,0,0,14
S01009606,All people aged 16 and over in households,425,324,248,76,101,69,1,7,14,10
S01009606,16 to 24,39,3,0,3,36,36,0,0,0,0
S01009606,25 to 34,91,79,50,29,12,9,1,0,2,0
S01009606,35 to 49,149,125,91,34,24,15,0,4,5,0
S01009606,50 to 64,103,85,77,8,18,7,0,2,6,3
S01009606,65 to 74,25,18,17,1,7,1,0,1,1,4
S01009606,75 to 84,17,14,13,1,3,1,0,0,0,2
S01009606,85 and over,1,0,0,0,1,0,0,0,0,1
S01009607,All people aged 16 and over in households,445,346,316,30,99,66,2,4,7,20
S01009607,16 to 24,49,4,2,2,45,45,0,0,0,0
S01009607,25 to 34,48,34,26,8,14,13,0,0,1,0
S01009607,35 to 49,95,87,75,12,8,5,0,2,1,0
S01009607,50 to 64,139,127,122,5,12,3,2,2,3,2
S01009607,65 to 74,73,65,63,2,8,0,0,0,2,6
S01009607,75 to 84,33,26,25,1,7,0,0,0,0,7
S01009607,85 and over,8,3,3,0,5,0,0,0,0,5
S01009608,All people aged 16 and over in households,489,278,206,72,211,102,3,14,27,65
S01009608,16 to 24,61,5,0,5,56,56,0,0,0,0
S01009608,25 to 34,56,36,10,26,20,19,0,0,1,0
S01009608,35 to 49,141,107,83,24,34,18,0,4,10,2
S01009608,50 to 64,125,93,79,14,32,4,2,9,11,6
S01009608,65 to 74,44,27,25,2,17,2,0,1,4,10
S01009608,75 to 84,38,9,8,1,29,2,0,0,0,27
S01009608,85 and over,24,1,1,0,23,1,1,0,1,20
S01009609,All people aged 16 and over in households,663,438,350,88,225,127,2,15,35,46
S01009609,16 to 24,66,11,0,11,55,55,0,0,0,0
S01009609,25 to 34,73,40,22,18,33,30,2,0,1,0
S01009609,35 to 49,217,168,129,39,49,29,0,8,10,2
S01009609,50 to 64,163,127,110,17,36,9,0,5,14,8
S01009609,65 to 74,85,60,57,3,25,3,0,2,7,13
S01009609,75 to 84,46,28,28,0,18,1,0,0,3,14
S01009609,85 and over,13,4,4,0,9,0,0,0,0,9
S01009610,All people aged 16 and over in households,835,494,400,94,341,173,8,16,76,68
S01009610,16 to 24,83,21,1,20,62,62,0,0,0,0
S01009610,25 to 34,112,60,26,34,52,45,2,2,3,0
S01009610,35 to 49,219,146,118,28,73,38,1,8,26,0
S01009610,50 to 64,202,138,130,8,64,22,3,4,30,5
S01009610,65 to 74,116,73,70,3,43,4,1,2,14,22
S01009610,75 to 84,76,48,47,1,28,1,1,0,3,23
S01009610,85 and over,27,8,8,0,19,1,0,0,0,18
S01009611,All people aged 16 and over in households,447,336,300,36,111,65,0,9,16,21
S01009611,16 to 24,49,2,0,2,47,47,0,0,0,0
S01009611,25 to 34,25,18,12,6,7,7,0,0,0,0
S01009611,35 to 49,121,100,82,18,21,5,0,7,8,1
S01009611,50 to 64,142,128,120,8,14,5,0,2,4,3
S01009611,65 to 74,71,62,60,2,9,1,0,0,2,6
S01009611,75 to 84,34,24,24,0,10,0,0,0,2,8
S01009611,85 and over,5,2,2,0,3,0,0,0,0,3
S01009612,All people aged 16 and over in households,506,300,240,60,206,121,1,16,30,38
S01009612,16 to 24,70,8,1,7,62,62,0,0,0,0
S01009612,25 to 34,67,40,15,25,27,25,1,1,0,0
S01009612,35 to 49,144,104,84,20,40,17,0,10,13,0
S01009612,50 to 64,113,83,77,6,30,9,0,4,14,3
S01009612,65 to 74,55,35,33,2,20,3,0,0,2,15
S01009612,75 to 84,48,29,29,0,19,4,0,1,1,13
S01009612,85 and over,9,1,1,0,8,1,0,0,0,7
S01009613,All people aged 16 and over in households,380,282,256,26,98,58,5,3,14,18
S01009613,16 to 24,43,6,1,5,37,37,0,0,0,0
S01009613,25 to 34,31,15,12,3,16,15,1,0,0,0
S01009613,35 to 49,104,93,83,10,11,4,3,2,2,0
S01009613,50 to 64,142,123,116,7,19,2,1,1,9,6
S01009613,65 to 74,35,30,29,1,5,0,0,0,2,3
S01009613,75 to 84,19,13,13,0,6,0,0,0,1,5
S01009613,85 and over,6,2,2,0,4,0,0,0,0,4
S01009614,All people aged 16 and over in households,431,296,264,32,135,80,0,7,19,29
S01009614,16 to 24,37,2,0,2,35,35,0,0,0,0
S01009614,25 to 34,35,20,12,8,15,14,0,1,0,0
S01009614,35 to 49,97,74,66,8,23,14,0,4,5,0
S01009614,50 to 64,151,131,119,12,20,8,0,0,8,4
S01009614,65 to 74,65,44,44,0,21,7,0,0,5,9
S01009614,75 to 84,37,24,22,2,13,1,0,2,1,9
S01009614,85 and over,9,1,1,0,8,1,0,0,0,7
S01009615,All people aged 16 and over in households,344,240,206,34,104,55,2,6,20,21
S01009615,16 to 24,33,2,2,0,31,30,0,0,1,0
S01009615,25 to 34,32,22,8,14,10,9,0,1,0,0
S01009615,35 to 49,76,59,46,13,17,9,0,3,5,0
S01009615,50 to 64,82,66,63,3,16,4,0,2,8,2
S01009615,65 to 74,80,66,63,3,14,0,1,0,5,8
S01009615,75 to 84,30,20,19,1,10,2,1,0,0,7
S01009615,85 and over,11,5,5,0,6,1,0,0,1,4
S01009616,All people aged 16 and over in households,608,382,306,76,226,143,2,18,28,35
S01009616,16 to 24,81,17,1,16,64,64,0,0,0,0
S01009616,25 to 34,106,56,27,29,50,45,0,3,2,0
S01009616,35 to 49,149,108,85,23,41,16,1,12,11,1
S01009616,50 to 64,168,143,135,8,25,8,1,3,6,7
S01009616,65 to 74,58,40,40,0,18,3,0,0,8,7
S01009616,75 to 84,32,16,16,0,16,5,0,0,1,10
S01009616,85 and over,14,2,2,0,12,2,0,0,0,10
S01009617,All people aged 16 and over in households,597,418,350,68,179,108,3,6,32,30
S01009617,16 to 24,73,6,0,6,67,66,0,0,1,0
S01009617,25 to 34,63,38,22,16,25,22,0,1,1,1
S01009617,35 to 49,196,166,137,29,30,15,0,2,11,2
S01009617,50 to 64,170,138,123,15,32,4,2,3,17,6
S01009617,65 to 74,66,52,50,2,14,1,1,0,2,10
S01009617,75 to 84,26,18,18,0,8,0,0,0,0,8
S01009617,85 and over,3,0,0,0,3,0,0,0,0,3
S01009618,All people aged 16 and over in households,569,350,250,100,219,119,3,19,42,36
S01009618,16 to 24,70,24,2,22,46,46,0,0,0,0
S01009618,25 to 34,95,59,29,30,36,33,0,3,0,0
S01009618,35 to 49,143,91,58,33,52,22,3,8,18,1
S01009618,50 to 64,154,113,99,14,41,10,0,7,20,4
S01009618,65 to 74,66,54,53,1,12,3,0,1,2,6
S01009618,75 to 84,27,9,9,0,18,4,0,0,2,12
S01009618,85 and over,14,0,0,0,14,1,0,0,0,13
S01009619,All people aged 16 and over in households,506,282,212,70,224,119,5,10,50,40
S01009619,16 to 24,66,14,1,13,52,52,0,0,0,0
S01009619,25 to 34,74,44,20,24,30,26,0,1,3,0
S01009619,35 to 49,119,86,61,25,33,18,1,4,9,1
S01009619,50 to 64,139,90,84,6,49,16,0,3,24,6
S01009619,65 to 74,61,33,31,2,28,6,1,2,13,6
S01009619,75 to 84,39,14,14,0,25,0,3,0,1,21
S01009619,85 and over,8,1,1,0,7,1,0,0,0,6
S01009620,All people aged 16 and over in households,662,336,250,86,326,172,4,18,57,75
S01009620,16 to 24,81,18,0,18,63,62,0,0,0,1
S01009620,25 to 34,94,43,18,25,51,48,2,1,0,0
S01009620,35 to 49,144,87,58,29,57,28,1,9,18,1
S01009620,50 to 64,171,117,105,12,54,22,1,4,21,6
S01009620,65 to 74,80,37,36,1,43,8,0,3,14,18
S01009620,75 to 84,64,26,25,1,38,3,0,0,3,32
S01009620,85 and over,28,8,8,0,20,1,0,1,1,17
S01009621,All people aged 16 and over in households,646,328,258,70,318,162,5,26,72,53
S01009621,16 to 24,68,8,0,8,60,59,1,0,0,0
S01009621,25 to 34,74,27,8,19,47,43,1,1,2,0
S01009621,35 to 49,151,80,59,21,71,41,2,14,13,1
S01009621,50 to 64,199,131,113,18,68,11,1,7,41,8
S01009621,65 to 74,90,59,57,2,31,5,0,2,9,15
S01009621,75 to 84,44,20,18,2,24,1,0,1,4,18
S01009621,85 and over,20,3,3,0,17,2,0,1,3,11
S01009622,All people aged 16 and over in households,587,264,156,108,323,197,6,27,64,29
S01009622,16 to 24,88,28,1,27,60,60,0,0,0,0
S01009622,25 to 34,97,41,7,34,56,48,2,3,3,0
S01009622,35 to 49,168,71,43,28,97,63,3,9,20,2
S01009622,50 to 64,132,77,64,13,55,14,0,8,30,3
S01009622,65 to 74,51,29,27,2,22,4,1,6,6,5
S01009622,75 to 84,32,18,14,4,14,3,0,1,2,8
S01009622,85 and over,19,0,0,0,19,5,0,0,3,11
S01009623,All people aged 16 and over in households,410,232,174,58,178,88,1,12,42,35
S01009623,16 to 24,47,6,0,6,41,40,0,0,0,1
S01009623,25 to 34,50,24,7,17,26,24,0,1,0,1
S01009623,35 to 49,98,63,40,23,35,15,0,4,15,1
S01009623,50 to 64,107,75,63,12,32,5,0,5,18,4
S01009623,65 to 74,53,35,35,0,18,2,0,1,7,8
S01009623,75 to 84,39,22,22,0,17,1,1,1,2,12
S01009623,85 and over,16,7,7,0,9,1,0,0,0,8
S01009624,All people aged 16 and over in households,733,390,324,66,343,175,7,27,61,73
S01009624,16 to 24,100,5,0,5,95,91,1,0,2,1
S01009624,25 to 34,85,44,29,15,41,38,0,1,2,0
S01009624,35 to 49,163,104,78,26,59,26,2,14,14,3
S01009624,50 to 64,218,157,139,18,61,12,2,6,34,7
S01009624,65 to 74,102,55,54,1,47,4,1,6,8,28
S01009624,75 to 84,57,25,24,1,32,4,0,0,1,27
S01009624,85 and over,8,0,0,0,8,0,1,0,0,7
S01009625,All people aged 16 and over in households,685,382,300,82,303,173,2,20,50,58
S01009625,16 to 24,101,12,1,11,89,89,0,0,0,0
S01009625,25 to 34,106,58,31,27,48,44,0,2,2,0
S01009625,35 to 49,195,137,103,34,58,21,2,11,21,3
S01009625,50 to 64,137,91,84,7,46,12,0,6,20,8
S01009625,65 to 74,63,48,45,3,15,4,0,0,5,6
S01009625,75 to 84,70,35,35,0,35,3,0,1,2,29
S01009625,85 and over,13,1,1,0,12,0,0,0,0,12
S01009626,All people aged 16 and over in households,452,210,168,42,242,133,5,13,45,46
S01009626,16 to 24,85,8,4,4,77,76,0,0,1,0
S01009626,25 to 34,60,28,11,17,32,28,3,1,0,0
S01009626,35 to 49,118,72,58,14,46,18,0,6,20,2
S01009626,50 to 64,98,53,50,3,45,9,0,6,19,11
S01009626,65 to 74,63,40,36,4,23,2,2,0,4,15
S01009626,75 to 84,20,6,6,0,14,0,0,0,1,13
S01009626,85 and over,8,3,3,0,5,0,0,0,0,5
S01009627,All people aged 16 and over in households,656,374,298,76,282,164,4,10,43,61
S01009627,16 to 24,101,13,0,13,88,86,2,0,0,0
S01009627,25 to 34,91,49,31,18,42,38,0,3,1,0
S01009627,35 to 49,177,126,95,31,51,26,0,5,19,1
S01009627,50 to 64,139,102,90,12,37,11,0,2,18,6
S01009627,65 to 74,79,50,48,2,29,3,2,0,4,20
S01009627,75 to 84,52,27,27,0,25,0,0,0,1,24
S01009627,85 and over,17,7,7,0,10,0,0,0,0,10
S01009628,All people aged 16 and over in households,450,254,222,32,196,78,3,8,32,75
S01009628,16 to 24,40,5,3,2,35,35,0,0,0,0
S01009628,25 to 34,38,20,13,7,18,16,0,1,1,0
S01009628,35 to 49,54,35,25,10,19,10,0,1,8,0
S01009628,50 to 64,107,82,73,9,25,6,0,3,13,3
S01009628,65 to 74,115,71,67,4,44,9,1,2,7,25
S01009628,75 to 84,76,37,37,0,39,2,1,1,3,32
S01009628,85 and over,20,4,4,0,16,0,1,0,0,15
S01009629,All people aged 16 and over in households,827,488,344,144,339,201,5,22,50,61
S01009629,16 to 24,134,22,6,16,112,112,0,0,0,0
S01009629,25 to 34,135,85,34,51,50,41,2,5,2,0
S01009629,35 to 49,249,169,113,56,80,39,3,9,27,2
S01009629,50 to 64,160,120,101,19,40,7,0,3,18,12
S01009629,65 to 74,91,64,62,2,27,0,0,4,3,20
S01009629,75 to 84,46,26,26,0,20,1,0,0,0,19
S01009629,85 and over,12,2,2,0,10,1,0,1,0,8
S01009630,All people aged 16 and over in households,632,328,248,80,304,196,1,25,39,43
S01009630,16 to 24,118,6,1,5,112,111,0,0,0,1
S01009630,25 to 34,91,49,20,29,42,35,0,5,1,1
S01009630,35 to 49,168,107,72,35,61,38,0,9,12,2
S01009630,50 to 64,149,104,95,9,45,10,0,7,19,9
S01009630,65 to 74,56,39,37,2,17,0,0,4,7,6
S01009630,75 to 84,34,19,19,0,15,1,1,0,0,13
S01009630,85 and over,16,4,4,0,12,1,0,0,0,11
S01009631,All people aged 16 and over in households,587,232,158,74,355,193,0,26,94,42
S01009631,16 to 24,71,21,3,18,50,50,0,0,0,0
S01009631,25 to 34,87,27,11,16,60,56,0,1,3,0
S01009631,35 to 49,151,62,40,22,89,54,0,12,22,1
S01009631,50 to 64,170,75,62,13,95,26,0,9,52,8
S01009631,65 to 74,65,35,30,5,30,5,0,3,14,8
S01009631,75 to 84,33,12,12,0,21,2,0,1,2,16
S01009631,85 and over,10,0,0,0,10,0,0,0,1,9
S01009632,All people aged 16 and over in households,452,200,124,76,252,140,4,12,54,42
S01009632,16 to 24,72,22,2,20,50,50,0,0,0,0
S01009632,25 to 34,85,36,7,29,49,43,0,1,4,1
S01009632,35 to 49,95,44,29,15,51,28,0,5,17,1
S01009632,50 to 64,95,58,50,8,37,8,1,3,24,1
S01009632,65 to 74,47,23,23,0,24,4,2,3,7,8
S01009632,75 to 84,41,15,11,4,26,7,1,0,2,16
S01009632,85 and over,17,2,2,0,15,0,0,0,0,15
S01009633,All people aged 16 and over in households,547,266,180,86,281,167,12,20,50,32
S01009633,16 to 24,104,9,0,9,95,92,3,0,0,0
S01009633,25 to 34,86,44,18,26,42,36,3,1,2,0
S01009633,35 to 49,162,96,60,36,66,27,0,11,28,0
S01009633,50 to 64,111,70,56,14,41,9,2,7,15,8
S01009633,65 to 74,48,33,32,1,15,1,2,1,4,7
S01009633,75 to 84,25,13,13,0,12,1,1,0,1,9
S01009633,85 and over,11,1,1,0,10,1,1,0,0,8
S01009634,All people aged 16 and over in households,422,218,170,48,204,99,5,14,34,52
S01009634,16 to 24,52,14,2,12,38,38,0,0,0,0
S01009634,25 to 34,50,25,11,14,25,21,0,2,2,0
S01009634,35 to 49,85,44,34,10,41,29,3,4,5,0
S01009634,50 to 64,93,60,50,10,33,7,0,6,12,8
S01009634,65 to 74,76,43,41,2,33,3,1,1,13,15
S01009634,75 to 84,54,31,31,0,23,1,1,1,2,18
S01009634,85 and over,12,1,1,0,11,0,0,0,0,11
S01009635,All people aged 16 and over in households,706,394,322,72,312,167,9,21,67,48
S01009635,16 to 24,72,7,1,6,65,65,0,0,0,0
S01009635,25 to 34,97,48,20,28,49,44,3,1,1,0
S01009635,35 to 49,188,115,94,21,73,41,2,11,19,0
S01009635,50 to 64,212,149,134,15,63,12,2,6,32,11
S01009635,65 to 74,85,55,53,2,30,1,0,3,10,16
S01009635,75 to 84,41,18,18,0,23,1,1,0,5,16
S01009635,85 and over,11,2,2,0,9,3,1,0,0,5
S01009636,All people aged 16 and over in households,752,310,184,126,442,244,3,31,94,70
S01009636,16 to 24,137,49,7,42,88,85,2,1,0,0
S01009636,25 to 34,115,54,14,40,61,58,1,1,1,0
S01009636,35 to 49,179,62,38,24,117,77,0,14,25,1
S01009636,50 to 64,191,92,76,16,99,16,0,14,55,14
S01009636,65 to 74,71,39,38,1,32,5,0,1,9,17
S01009636,75 to 84,45,14,11,3,31,1,0,0,4,26
S01009636,85 and over,14,0,0,0,14,2,0,0,0,12
S01009637,All people aged 16 and over in households,584,312,248,64,272,159,2,18,48,45
S01009637,16 to 24,88,15,3,12,73,73,0,0,0,0
S01009637,25 to 34,72,36,18,18,36,32,1,2,1,0
S01009637,35 to 49,170,108,84,24,62,33,1,8,19,1
S01009637,50 to 64,149,98,90,8,51,14,0,7,24,6
S01009637,65 to 74,62,37,35,2,25,6,0,1,3,15
S01009637,75 to 84,30,15,15,0,15,1,0,0,1,13
S01009637,85 and over,13,3,3,0,10,0,0,0,0,10
S01009638,All people aged 16 and over in households,555,298,220,78,257,161,2,18,40,36
S01009638,16 to 24,93,7,1,6,86,85,0,1,0,0
S01009638,25 to 34,96,51,22,29,45,40,1,3,1,0
S01009638,35 to 49,159,104,74,30,55,24,0,12,16,3
S01009638,50 to 64,104,74,67,7,30,5,0,2,18,5
S01009638,65 to 74,62,42,39,3,20,5,0,0,1,14
S01009638,75 to 84,31,15,13,2,16,2,0,0,4,10
S01009638,85 and over,10,5,4,1,5,0,1,0,0,4
S01009639,All people aged 16 and over in households,636,422,380,42,214,117,4,11,24,58
S01009639,16 to 24,76,7,2,5,69,68,0,0,0,1
S01009639,25 to 34,38,24,16,8,14,13,0,1,0,0
S01009639,35 to 49,167,141,122,19,26,17,1,4,3,1
S01009639,50 to 64,180,137,129,8,43,14,0,6,17,6
S01009639,65 to 74,86,69,67,2,17,2,0,0,4,11
S01009639,75 to 84,72,41,41,0,31,3,3,0,0,25
S01009639,85 and over,17,3,3,0,14,0,0,0,0,14
S01009640,All people aged 16 and over in households,512,220,148,72,292,135,5,24,75,53
S01009640,16 to 24,47,11,2,9,36,35,0,0,1,0
S01009640,25 to 34,64,36,11,25,28,25,0,2,1,0
S01009640,35 to 49,134,61,39,22,73,41,0,8,24,0
S01009640,50 to 64,102,34,30,4,68,16,0,11,35,6
S01009640,65 to 74,73,37,33,4,36,10,1,3,8,14
S01009640,75 to 84,60,26,20,6,34,6,2,0,6,20
S01009640,85 and over,32,15,13,2,17,2,2,0,0,13
S01009641,All people aged 16 and over in households,684,326,236,90,358,158,1,21,69,109
S01009641,16 to 24,67,27,3,24,40,40,0,0,0,0
S01009641,25 to 34,87,41,17,24,46,45,0,0,1,0
S01009641,35 to 49,153,82,63,19,71,38,0,13,15,5
S01009641,50 to 64,163,95,83,12,68,16,0,8,36,8
S01009641,65 to 74,93,52,45,7,41,9,1,0,12,19
S01009641,75 to 84,89,27,24,3,62,8,0,0,5,49
S01009641,85 and over,32,2,1,1,30,2,0,0,0,28
S01009642,All people aged 16 and over in households,780,406,278,128,374,198,7,24,78,67
S01009642,16 to 24,98,28,1,27,70,70,0,0,0,0
S01009642,25 to 34,140,83,34,49,57,54,0,1,2,0
S01009642,35 to 49,206,122,89,33,84,46,0,12,26,0
S01009642,50 to 64,169,95,81,14,74,16,5,10,37,6
S01009642,65 to 74,91,60,56,4,31,6,2,1,10,12
S01009642,75 to 84,54,14,13,1,40,5,0,0,3,32
S01009642,85 and over,22,4,4,0,18,1,0,0,0,17
S01009643,All people aged 16 and over in households,436,344,270,74,92,72,2,6,7,5
S01009643,16 to 24,50,9,4,5,41,41,0,0,0,0
S01009643,25 to 34,112,92,58,34,20,17,0,2,1,0
S01009643,35 to 49,162,143,117,26,19,10,2,1,5,1
S01009643,50 to 64,73,64,58,6,9,3,0,3,1,2
S01009643,65 to 74,22,21,18,3,1,0,0,0,0,1
S01009643,75 to 84,16,14,14,0,2,1,0,0,0,1
S01009643,85 and over,1,1,1,0,0,0,0,0,0,0
S01009644,All people aged 16 and over in households,661,410,338,72,251,148,1,11,38,53
S01009644,16 to 24,87,6,0,6,81,80,0,0,0,1
S01009644,25 to 34,85,51,28,23,34,33,1,0,0,0
S01009644,35 to 49,182,142,117,25,40,24,0,4,11,1
S01009644,50 to 64,157,112,96,16,45,9,0,6,18,12
S01009644,65 to 74,93,67,66,1,26,1,0,0,7,18
S01009644,75 to 84,46,29,28,1,17,1,0,1,2,13
S01009644,85 and over,11,3,3,0,8,0,0,0,0,8
S01009645,All people aged 16 and over in households,532,296,232,64,236,130,4,11,44,47
S01009645,16 to 24,60,3,0,3,57,57,0,0,0,0
S01009645,25 to 34,88,53,24,29,35,34,1,0,0,0
S01009645,35 to 49,131,83,61,22,48,25,1,6,13,3
S01009645,50 to 64,118,87,79,8,31,7,0,4,16,4
S01009645,65 to 74,77,45,43,2,32,6,0,1,11,14
S01009645,75 to 84,46,22,22,0,24,1,2,0,4,17
S01009645,85 and over,12,3,3,0,9,0,0,0,0,9
S01009646,All people aged 16 and over in households,471,260,222,38,211,125,3,8,30,45
S01009646,16 to 24,78,2,1,1,76,75,0,1,0,0
S01009646,25 to 34,44,27,18,9,17,17,0,0,0,0
S01009646,35 to 49,133,92,71,21,41,20,1,6,12,2
S01009646,50 to 64,114,77,71,6,37,10,2,1,16,8
S01009646,65 to 74,61,44,43,1,17,3,0,0,1,13
S01009646,75 to 84,33,16,16,0,17,0,0,0,1,16
S01009646,85 and over,8,2,2,0,6,0,0,0,0,6
S01009647,All people aged 16 and over in households,479,220,162,58,259,136,4,13,51,55
S01009647,16 to 24,65,9,0,9,56,56,0,0,0,0
S01009647,25 to 34,72,31,10,21,41,38,0,1,2,0
S01009647,35 to 49,108,52,35,17,56,28,0,4,22,2
S01009647,50 to 64,115,70,62,8,45,7,2,7,20,9
S01009647,65 to 74,64,39,36,3,25,4,1,0,7,13
S01009647,75 to 84,39,18,18,0,21,2,0,1,0,18
S01009647,85 and over,16,1,1,0,15,1,1,0,0,13
S01009648,All people aged 16 and over in households,717,424,346,78,293,149,8,20,44,72
S01009648,16 to 24,80,2,0,2,78,77,1,0,0,0
S01009648,25 to 34,89,49,24,25,40,34,1,5,0,0
S01009648,35 to 49,202,148,103,45,54,26,0,8,19,1
S01009648,50 to 64,155,117,111,6,38,8,1,4,20,5
S01009648,65 to 74,101,69,69,0,32,3,1,3,5,20
S01009648,75 to 84,74,32,32,0,42,1,3,0,0,38
S01009648,85 and over,16,7,7,0,9,0,1,0,0,8
S01009649,All people aged 16 and over in households,845,500,412,88,345,185,2,24,72,62
S01009649,16 to 24,123,20,3,17,103,101,0,2,0,0
S01009649,25 to 34,99,51,32,19,48,41,0,5,2,0
S01009649,35 to 49,249,181,146,35,68,31,2,9,20,6
S01009649,50 to 64,211,154,139,15,57,7,0,7,37,6
S01009649,65 to 74,111,74,72,2,37,3,0,1,10,23
S01009649,75 to 84,43,18,18,0,25,2,0,0,2,21
S01009649,85 and over,9,2,2,0,7,0,0,0,1,6
S01009650,All people aged 16 and over in households,674,486,438,48,188,98,2,10,18,60
S01009650,16 to 24,54,0,0,0,54,54,0,0,0,0
S01009650,25 to 34,41,16,6,10,25,24,0,1,0,0
S01009650,35 to 49,120,108,94,14,12,6,0,5,1,0
S01009650,50 to 64,224,199,180,19,25,8,0,2,9,6
S01009650,65 to 74,125,104,100,4,21,3,1,2,3,12
S01009650,75 to 84,76,49,48,1,27,1,1,0,5,20
S01009650,85 and over,34,10,10,0,24,2,0,0,0,22
S01009651,All people aged 16 and over in households,785,514,440,74,271,138,8,19,38,68
S01009651,16 to 24,77,5,0,5,72,70,0,0,0,2
S01009651,25 to 34,54,32,20,12,22,20,1,0,1,0
S01009651,35 to 49,195,152,125,27,43,23,0,8,11,1
S01009651,50 to 64,216,174,155,19,42,11,4,8,11,8
S01009651,65 to 74,136,96,89,7,40,8,2,3,11,16
S01009651,75 to 84,86,48,45,3,38,6,1,0,4,27
S01009651,85 and over,21,7,6,1,14,0,0,0,0,14
S01009652,All people aged 16 and over in households,672,406,362,44,266,93,14,17,47,95
S01009652,16 to 24,50,5,0,5,45,45,0,0,0,0
S01009652,25 to 34,27,9,6,3,18,15,3,0,0,0
S01009652,35 to 49,128,89,79,10,39,16,5,5,13,0
S01009652,50 to 64,199,154,133,21,45,7,2,9,20,7
S01009652,65 to 74,132,93,91,2,39,5,1,3,12,18
S01009652,75 to 84,89,50,47,3,39,1,2,0,2,34
S01009652,85 and over,47,6,6,0,41,4,1,0,0,36
S01009653,All people aged 16 and over in households,445,322,286,36,123,68,3,6,10,36
S01009653,16 to 24,39,1,0,1,38,38,0,0,0,0
S01009653,25 to 34,29,18,13,5,11,10,0,1,0,0
S01009653,35 to 49,122,107,90,17,15,9,1,2,2,1
S01009653,50 to 64,138,116,105,11,22,5,2,2,7,6
S01009653,65 to 74,61,49,48,1,12,2,0,1,1,8
S01009653,75 to 84,41,24,23,1,17,1,0,0,0,16
S01009653,85 and over,15,7,7,0,8,3,0,0,0,5
S01009654,All people aged 16 and over in households,475,278,218,60,197,89,3,13,41,51
S01009654,16 to 24,44,1,0,1,43,43,0,0,0,0
S01009654,25 to 34,48,32,14,18,16,14,0,1,1,0
S01009654,35 to 49,97,77,59,18,20,8,0,4,8,0
S01009654,50 to 64,150,103,87,16,47,15,0,7,18,7
S01009654,65 to 74,69,39,35,4,30,3,3,1,14,9
S01009654,75 to 84,48,23,20,3,25,4,0,0,0,21
S01009654,85 and over,19,3,3,0,16,2,0,0,0,14
S01009655,All people aged 16 and over in households,686,366,288,78,320,180,5,19,53,63
S01009655,16 to 24,96,8,0,8,88,88,0,0,0,0
S01009655,25 to 34,83,30,15,15,53,44,1,4,4,0
S01009655,35 to 49,180,112,82,30,68,33,0,11,20,4
S01009655,50 to 64,190,144,124,20,46,10,3,3,25,5
S01009655,65 to 74,92,61,57,4,31,3,1,0,4,23
S01009655,75 to 84,33,11,10,1,22,2,0,1,0,19
S01009655,85 and over,12,0,0,0,12,0,0,0,0,12
S01009656,All people aged 16 and over in households,613,290,226,64,323,153,4,20,58,88
S01009656,16 to 24,59,9,1,8,50,50,0,0,0,0
S01009656,25 to 34,87,39,13,26,48,40,1,4,2,1
S01009656,35 to 49,116,65,49,16,51,29,3,9,10,0
S01009656,50 to 64,159,97,87,10,62,22,0,4,21,15
S01009656,65 to 74,108,53,52,1,55,10,0,1,19,25
S01009656,75 to 84,59,25,23,2,34,1,0,2,3,28
S01009656,85 and over,25,2,1,1,23,1,0,0,3,19
S01009657,All people aged 16 and over in households,657,422,350,72,235,155,3,6,31,40
S01009657,16 to 24,83,12,1,11,71,71,0,0,0,0
S01009657,25 to 34,84,40,15,25,44,39,1,1,3,0
S01009657,35 to 49,171,137,122,15,34,21,0,3,10,0
S01009657,50 to 64,195,159,141,18,36,14,1,2,15,4
S01009657,65 to 74,66,48,47,1,18,7,0,0,2,9
S01009657,75 to 84,43,22,20,2,21,2,1,0,1,17
S01009657,85 and over,15,4,4,0,11,1,0,0,0,10
S01009658,All people aged 16 and over in households,567,354,286,68,213,127,2,22,36,26
S01009658,16 to 24,75,13,1,12,62,62,0,0,0,0
S01009658,25 to 34,112,61,38,23,51,45,0,5,0,1
S01009658,35 to 49,133,95,75,20,38,15,0,12,9,2
S01009658,50 to 64,171,137,126,11,34,5,0,3,20,6
S01009658,65 to 74,44,35,34,1,9,0,0,1,5,3
S01009658,75 to 84,26,10,9,1,16,0,2,1,2,11
S01009658,85 and over,6,3,3,0,3,0,0,0,0,3
S01009659,All people aged 16 and over in households,415,250,210,40,165,105,3,7,27,23
S01009659,16 to 24,68,8,1,7,60,60,0,0,0,0
S01009659,25 to 34,56,37,19,18,19,15,1,2,1,0
S01009659,35 to 49,106,68,62,6,38,22,0,3,13,0
S01009659,50 to 64,104,83,76,7,21,6,0,2,11,2
S01009659,65 to 74,50,37,35,2,13,1,1,0,2,9
S01009659,75 to 84,24,13,13,0,11,1,1,0,0,9
S01009659,85 and over,7,4,4,0,3,0,0,0,0,3
S01009660,All people aged 16 and over in households,845,546,450,96,299,181,4,22,56,36
S01009660,16 to 24,115,16,2,14,99,99,0,0,0,0
S01009660,25 to 34,130,80,46,34,50,39,2,3,6,0
S01009660,35 to 49,240,182,149,33,58,29,0,11,16,2
S01009660,50 to 64,225,175,165,10,50,12,1,7,21,9
S01009660,65 to 74,85,63,58,5,22,2,1,1,9,9
S01009660,75 to 84,42,26,26,0,16,0,0,0,4,12
S01009660,85 and over,8,4,4,0,4,0,0,0,0,4
S01009661,All people aged 16 and over in households,650,470,402,68,180,98,3,12,28,39
S01009661,16 to 24,53,1,0,1,52,52,0,0,0,0
S01009661,25 to 34,55,30,13,17,25,20,1,3,1,0
S01009661,35 to 49,190,160,132,28,30,17,0,5,6,2
S01009661,50 to 64,218,186,169,17,32,4,2,4,12,10
S01009661,65 to 74,92,75,70,5,17,2,0,0,6,9
S01009661,75 to 84,32,16,16,0,16,2,0,0,3,11
S01009661,85 and over,10,2,2,0,8,1,0,0,0,7
S01009662,All people aged 16 and over in households,588,384,320,64,204,126,3,13,27,35
S01009662,16 to 24,69,4,0,4,65,65,0,0,0,0
S01009662,25 to 34,53,22,14,8,31,27,3,0,1,0
S01009662,35 to 49,154,119,91,28,35,19,0,5,8,3
S01009662,50 to 64,188,155,135,20,33,9,0,6,12,6
S01009662,65 to 74,88,70,67,3,18,4,0,1,5,8
S01009662,75 to 84,28,13,12,1,15,1,0,1,1,12
S01009662,85 and over,8,1,1,0,7,1,0,0,0,6
S01009663,All people aged 16 and over in households,531,336,272,64,195,102,2,23,36,32
S01009663,16 to 24,58,8,3,5,50,50,0,0,0,0
S01009663,25 to 34,59,36,20,16,23,21,0,1,1,0
S01009663,35 to 49,146,113,83,30,33,11,0,10,12,0
S01009663,50 to 64,171,129,117,12,42,11,1,7,18,5
S01009663,65 to 74,58,35,34,1,23,6,0,5,4,8
S01009663,75 to 84,24,12,12,0,12,3,0,0,1,8
S01009663,85 and over,15,3,3,0,12,0,1,0,0,11
S01009664,All people aged 16 and over in households,729,504,440,64,225,127,6,15,42,35
S01009664,16 to 24,62,2,0,2,60,60,0,0,0,0
S01009664,25 to 34,70,39,26,13,31,29,2,0,0,0
S01009664,35 to 49,208,172,141,31,36,19,2,8,7,0
S01009664,50 to 64,218,174,164,10,44,9,2,3,25,5
S01009664,65 to 74,125,94,87,7,31,6,0,4,8,13
S01009664,75 to 84,39,21,21,0,18,3,0,0,2,13
S01009664,85 and over,7,2,1,1,5,1,0,0,0,4
S01009665,All people aged 16 and over in households,535,326,270,56,209,121,3,17,27,41
S01009665,16 to 24,63,6,2,4,57,57,0,0,0,0
S01009665,25 to 34,62,31,8,23,31,29,0,2,0,0
S01009665,35 to 49,137,101,83,18,36,19,1,9,7,0
S01009665,50 to 64,134,99,93,6,35,9,1,5,12,8
S01009665,65 to 74,79,62,58,4,17,4,1,1,8,3
S01009665,75 to 84,49,25,24,1,24,3,0,0,0,21
S01009665,85 and over,11,2,2,0,9,0,0,0,0,9
S01009666,All people aged 16 and over in households,640,408,340,68,232,129,7,14,33,49
S01009666,16 to 24,74,9,1,8,65,65,0,0,0,0
S01009666,25 to 34,69,35,19,16,34,29,1,3,1,0
S01009666,35 to 49,159,132,103,29,27,15,0,3,9,0
S01009666,50 to 64,171,134,125,9,37,9,3,5,13,7
S01009666,65 to 74,88,59,56,3,29,6,1,3,5,14
S01009666,75 to 84,57,33,30,3,24,4,2,0,5,13
S01009666,85 and over,22,6,6,0,16,1,0,0,0,15
S01009667,All people aged 16 and over in households,437,314,282,32,123,69,1,5,15,33
S01009667,16 to 24,42,0,0,0,42,42,0,0,0,0
S01009667,25 to 34,35,28,11,17,7,6,0,1,0,0
S01009667,35 to 49,133,112,105,7,21,17,0,0,4,0
S01009667,50 to 64,111,95,88,7,16,3,1,3,5,4
S01009667,65 to 74,63,48,47,1,15,1,0,0,6,8
S01009667,75 to 84,43,28,28,0,15,0,0,1,0,14
S01009667,85 and over,10,3,3,0,7,0,0,0,0,7
S01009668,All people aged 16 and over in households,462,328,272,56,134,68,4,14,30,18
S01009668,16 to 24,52,12,0,12,40,40,0,0,0,0
S01009668,25 to 34,60,41,31,10,19,18,0,0,1,0
S01009668,35 to 49,150,121,103,18,29,6,1,9,13,0
S01009668,50 to 64,117,93,80,13,24,3,0,5,11,5
S01009668,65 to 74,41,30,27,3,11,1,2,0,5,3
S01009668,75 to 84,35,28,28,0,7,0,1,0,0,6
S01009668,85 and over,7,3,3,0,4,0,0,0,0,4
S01009669,All people aged 16 and over in households,438,290,252,38,148,72,0,6,18,52
S01009669,16 to 24,39,6,0,6,33,33,0,0,0,0
S01009669,25 to 34,27,22,15,7,5,5,0,0,0,0
S01009669,35 to 49,103,81,65,16,22,14,0,2,4,2
S01009669,50 to 64,120,91,83,8,29,10,0,2,12,5
S01009669,65 to 74,72,59,58,1,13,4,0,1,2,6
S01009669,75 to 84,57,26,26,0,31,4,0,1,0,26
S01009669,85 and over,20,5,5,0,15,2,0,0,0,13
S01009670,All people aged 16 and over in households,651,384,336,48,267,149,6,17,44,51
S01009670,16 to 24,97,6,2,4,91,90,0,0,1,0
S01009670,25 to 34,57,36,24,12,21,19,0,2,0,0
S01009670,35 to 49,165,117,100,17,48,21,0,7,18,2
S01009670,50 to 64,197,148,136,12,49,12,5,8,16,8
S01009670,65 to 74,70,48,45,3,22,4,1,0,8,9
S01009670,75 to 84,46,20,20,0,26,2,0,0,0,24
S01009670,85 and over,19,9,9,0,10,1,0,0,1,8
S01009671,All people aged 16 and over in households,518,334,260,74,184,106,2,13,34,29
S01009671,16 to 24,65,1,1,0,64,64,0,0,0,0
S01009671,25 to 34,47,34,13,21,13,13,0,0,0,0
S01009671,35 to 49,166,131,97,34,35,14,1,8,12,0
S01009671,50 to 64,146,108,92,16,38,10,1,5,16,6
S01009671,65 to 74,55,43,40,3,12,1,0,0,6,5
S01009671,75 to 84,29,14,14,0,15,2,0,0,0,13
S01009671,85 and over,10,3,3,0,7,2,0,0,0,5
S01009672,All people aged 16 and over in households,650,420,330,90,230,133,2,8,49,38
S01009672,16 to 24,64,8,0,8,56,56,0,0,0,0
S01009672,25 to 34,87,55,31,24,32,32,0,0,0,0
S01009672,35 to 49,171,132,102,30,39,26,0,4,9,0
S01009672,50 to 64,185,133,114,19,52,15,2,2,30,3
S01009672,65 to 74,74,55,54,1,19,2,0,2,7,8
S01009672,75 to 84,51,27,20,7,24,1,0,0,3,20
S01009672,85 and over,18,10,9,1,8,1,0,0,0,7
S01009673,All people aged 16 and over in households,643,420,334,86,223,121,4,13,40,45
S01009673,16 to 24,55,2,0,2,53,53,0,0,0,0
S01009673,25 to 34,81,55,25,30,26,24,1,0,1,0
S01009673,35 to 49,179,146,112,34,33,21,0,5,7,0
S01009673,50 to 64,177,122,105,17,55,13,3,6,24,9
S01009673,65 to 74,92,66,64,2,26,5,0,2,4,15
S01009673,75 to 84,39,24,24,0,15,2,0,0,3,10
S01009673,85 and over,20,5,4,1,15,3,0,0,1,11
S01009674,All people aged 16 and over in households,728,488,424,64,240,128,5,18,46,43
S01009674,16 to 24,65,8,0,8,57,57,0,0,0,0
S01009674,25 to 34,63,39,24,15,24,22,1,0,1,0
S01009674,35 to 49,185,137,116,21,48,27,2,11,8,0
S01009674,50 to 64,228,181,164,17,47,14,1,7,22,3
S01009674,65 to 74,110,81,80,1,29,7,0,0,10,12
S01009674,75 to 84,65,38,36,2,27,1,1,0,5,20
S01009674,85 and over,12,4,4,0,8,0,0,0,0,8
S01009675,All people aged 16 and over in households,748,502,428,74,246,148,7,11,27,53
S01009675,16 to 24,89,6,0,6,83,83,0,0,0,0
S01009675,25 to 34,52,32,12,20,20,19,0,0,1,0
S01009675,35 to 49,202,160,127,33,42,18,7,5,11,1
S01009675,50 to 64,224,178,167,11,46,22,0,5,13,6
S01009675,65 to 74,115,95,91,4,20,4,0,1,1,14
S01009675,75 to 84,52,29,29,0,23,2,0,0,1,20
S01009675,85 and over,14,2,2,0,12,0,0,0,0,12
S01009676,All people aged 16 and over in households,659,428,382,46,231,121,6,9,39,56
S01009676,16 to 24,62,4,0,4,58,58,0,0,0,0
S01009676,25 to 34,55,34,24,10,21,21,0,0,0,0
S01009676,35 to 49,184,137,116,21,47,26,2,6,13,0
S01009676,50 to 64,202,167,158,9,35,6,2,1,18,8
S01009676,65 to 74,82,56,54,2,26,4,2,1,7,12
S01009676,75 to 84,63,30,30,0,33,5,0,1,1,26
S01009676,85 and over,11,0,0,0,11,1,0,0,0,10
S01009677,All people aged 16 and over in households,484,322,270,52,162,85,2,13,30,32
S01009677,16 to 24,36,1,0,1,35,35,0,0,0,0
S01009677,25 to 34,39,24,10,14,15,13,0,2,0,0
S01009677,35 to 49,136,105,89,16,31,15,2,5,7,2
S01009677,50 to 64,165,126,106,20,39,15,0,5,17,2
S01009677,65 to 74,70,47,46,1,23,4,0,1,6,12
S01009677,75 to 84,31,19,19,0,12,1,0,0,0,11
S01009677,85 and over,7,0,0,0,7,2,0,0,0,5
S01009678,All people aged 16 and over in households,509,322,272,50,187,95,3,12,30,47
S01009678,16 to 24,55,8,0,8,47,47,0,0,0,0
S01009678,25 to 34,45,17,9,8,28,24,0,3,1,0
S01009678,35 to 49,118,89,73,16,29,15,0,5,8,1
S01009678,50 to 64,142,111,98,13,31,4,0,3,18,6
S01009678,65 to 74,82,61,56,5,21,4,0,1,3,13
S01009678,75 to 84,58,35,35,0,23,1,3,0,0,19
S01009678,85 and over,9,1,1,0,8,0,0,0,0,8
S01009679,All people aged 16 and over in households,728,434,340,94,294,163,3,24,48,56
S01009679,16 to 24,68,8,1,7,60,58,0,1,0,1
S01009679,25 to 34,98,55,23,32,43,41,0,1,1,0
S01009679,35 to 49,207,142,110,32,65,36,1,11,16,1
S01009679,50 to 64,196,142,124,18,54,17,0,6,22,9
S01009679,65 to 74,100,64,59,5,36,2,1,4,8,21
S01009679,75 to 84,47,21,21,0,26,7,1,1,1,16
S01009679,85 and over,12,2,2,0,10,2,0,0,0,8
S01009680,All people aged 16 and over in households,667,412,318,94,255,156,3,13,40,43
S01009680,16 to 24,95,19,0,19,76,76,0,0,0,0
S01009680,25 to 34,84,47,21,26,37,34,0,1,2,0
S01009680,35 to 49,180,133,102,31,47,25,1,4,14,3
S01009680,50 to 64,165,130,114,16,35,13,0,6,14,2
S01009680,65 to 74,82,58,56,2,24,2,0,2,6,14
S01009680,75 to 84,48,20,20,0,28,5,2,0,4,17
S01009680,85 and over,13,5,5,0,8,1,0,0,0,7
S01009681,All people aged 16 and over in households,469,288,240,48,181,108,7,11,25,30
S01009681,16 to 24,57,3,0,3,54,54,0,0,0,0
S01009681,25 to 34,61,32,18,14,29,25,1,0,3,0
S01009681,35 to 49,155,119,100,19,36,20,4,6,6,0
S01009681,50 to 64,140,99,87,12,41,9,1,5,15,11
S01009681,65 to 74,28,20,20,0,8,0,1,0,1,6
S01009681,75 to 84,26,14,14,0,12,0,0,0,0,12
S01009681,85 and over,2,1,1,0,1,0,0,0,0,1
S01009682,All people aged 16 and over in households,505,356,312,44,149,77,2,7,30,33
S01009682,16 to 24,38,5,1,4,33,33,0,0,0,0
S01009682,25 to 34,70,50,34,16,20,19,0,1,0,0
S01009682,35 to 49,122,93,78,15,29,15,0,3,11,0
S01009682,50 to 64,144,122,114,8,22,6,0,2,10,4
S01009682,65 to 74,84,62,61,1,22,3,2,1,5,11
S01009682,75 to 84,37,21,21,0,16,0,0,0,4,12
S01009682,85 and over,10,3,3,0,7,1,0,0,0,6
S01009683,All people aged 16 and over in households,660,410,360,50,250,130,2,13,34,71
S01009683,16 to 24,59,7,0,7,52,52,0,0,0,0
S01009683,25 to 34,64,30,21,9,34,31,0,2,0,1
S01009683,35 to 49,136,100,85,15,36,21,0,6,8,1
S01009683,50 to 64,200,163,150,13,37,14,0,3,16,4
S01009683,65 to 74,93,68,63,5,25,7,0,0,6,12
S01009683,75 to 84,68,29,28,1,39,4,0,1,3,31
S01009683,85 and over,40,13,13,0,27,1,2,1,1,22
S01009684,All people aged 16 and over in households,840,602,520,82,238,160,7,16,33,22
S01009684,16 to 24,108,4,1,3,104,104,0,0,0,0
S01009684,25 to 34,70,42,22,20,28,26,0,0,2,0
S01009684,35 to 49,299,257,225,32,42,18,3,11,10,0
S01009684,50 to 64,239,206,184,22,33,8,0,4,17,4
S01009684,65 to 74,77,66,62,4,11,1,0,1,4,5
S01009684,75 to 84,41,26,25,1,15,2,4,0,0,9
S01009684,85 and over,6,1,1,0,5,1,0,0,0,4
S01009685,All people aged 16 and over in households,487,316,256,60,171,91,6,12,37,25
S01009685,16 to 24,46,6,1,5,40,40,0,0,0,0
S01009685,25 to 34,68,39,17,22,29,24,1,2,2,0
S01009685,35 to 49,136,107,83,24,29,18,1,5,5,0
S01009685,50 to 64,144,104,96,8,40,6,4,5,22,3
S01009685,65 to 74,59,42,41,1,17,1,0,0,8,8
S01009685,75 to 84,27,18,18,0,9,2,0,0,0,7
S01009685,85 and over,7,0,0,0,7,0,0,0,0,7
S01009686,All people aged 16 and over in households,923,470,340,130,453,268,15,23,76,71
S01009686,16 to 24,150,30,2,28,120,120,0,0,0,0
S01009686,25 to 34,162,84,40,44,78,62,5,7,4,0
S01009686,35 to 49,250,155,110,45,95,49,7,10,25,4
S01009686,50 to 64,156,94,82,12,62,26,2,5,24,5
S01009686,65 to 74,98,65,64,1,33,2,1,1,13,16
S01009686,75 to 84,80,39,39,0,41,4,0,0,9,28
S01009686,85 and over,27,3,3,0,24,5,0,0,1,18
S01009687,All people aged 16 and over in households,572,392,316,76,180,107,1,9,29,34
S01009687,16 to 24,69,17,6,11,52,52,0,0,0,0
S01009687,25 to 34,91,76,58,18,15,14,0,1,0,0
S01009687,35 to 49,159,122,101,21,37,17,0,5,15,0
S01009687,50 to 64,135,108,88,20,27,14,1,0,10,2
S01009687,65 to 74,69,46,41,5,23,8,0,2,3,10
S01009687,75 to 84,35,21,20,1,14,1,0,1,1,11
S01009687,85 and over,14,2,2,0,12,1,0,0,0,11
S01009688,All people aged 16 and over in households,706,318,206,112,388,218,12,25,78,55
S01009688,16 to 24,132,35,2,33,97,96,0,1,0,0
S01009688,25 to 34,118,67,28,39,51,38,3,3,7,0
S01009688,35 to 49,202,95,78,17,107,51,5,15,35,1
S01009688,50 to 64,106,52,35,17,54,19,0,6,25,4
S01009688,65 to 74,78,41,37,4,37,11,1,0,8,17
S01009688,75 to 84,54,27,25,2,27,3,2,0,3,19
S01009688,85 and over,16,1,1,0,15,0,1,0,0,14
S01009689,All people aged 16 and over in households,519,248,172,76,271,151,6,17,47,50
S01009689,16 to 24,85,22,2,20,63,62,0,1,0,0
S01009689,25 to 34,96,60,23,37,36,32,3,1,0,0
S01009689,35 to 49,136,73,63,10,63,33,1,9,19,1
S01009689,50 to 64,100,57,50,7,43,17,0,5,18,3
S01009689,65 to 74,35,16,15,1,19,0,1,1,7,10
S01009689,75 to 84,30,15,14,1,15,3,0,0,2,10
S01009689,85 and over,37,5,5,0,32,4,1,0,1,26
S01009690,All people aged 16 and over in households,586,332,248,84,254,136,5,21,50,42
S01009690,16 to 24,71,19,1,18,52,51,0,0,1,0
S01009690,25 to 34,73,44,15,29,29,26,0,2,1,0
S01009690,35 to 49,201,129,102,27,72,45,3,10,13,1
S01009690,50 to 64,130,80,70,10,50,9,0,7,26,8
S01009690,65 to 74,49,31,31,0,18,2,2,2,5,7
S01009690,75 to 84,47,22,22,0,25,3,0,0,3,19
S01009690,85 and over,15,7,7,0,8,0,0,0,1,7
S01009691,All people aged 16 and over in households,502,338,292,46,164,89,0,4,25,46
S01009691,16 to 24,64,6,3,3,58,58,0,0,0,0
S01009691,25 to 34,42,27,15,12,15,12,0,1,2,0
S01009691,35 to 49,127,109,91,18,18,4,0,0,11,3
S01009691,50 to 64,124,104,93,11,20,7,0,3,8,2
S01009691,65 to 74,67,55,53,2,12,2,0,0,4,6
S01009691,75 to 84,56,34,34,0,22,3,0,0,0,19
S01009691,85 and over,22,3,3,0,19,3,0,0,0,16
S01009692,All people aged 16 and over in households,890,602,536,66,288,140,9,20,37,82
S01009692,16 to 24,77,8,3,5,69,69,0,0,0,0
S01009692,25 to 34,66,42,26,16,24,21,1,1,1,0
S01009692,35 to 49,198,152,131,21,46,24,2,9,10,1
S01009692,50 to 64,244,199,178,21,45,11,1,7,19,7
S01009692,65 to 74,163,125,122,3,38,9,1,2,4,22
S01009692,75 to 84,107,63,63,0,44,6,2,1,2,33
S01009692,85 and over,35,13,13,0,22,0,2,0,1,19
S01009693,All people aged 16 and over in households,522,358,322,36,164,95,1,6,21,41
S01009693,16 to 24,61,4,1,3,57,57,0,0,0,0
S01009693,25 to 34,54,33,22,11,21,18,0,2,1,0
S01009693,35 to 49,138,116,103,13,22,11,0,3,8,0
S01009693,50 to 64,138,122,115,7,16,6,0,0,7,3
S01009693,65 to 74,70,55,53,2,15,2,0,0,4,9
S01009693,75 to 84,48,26,26,0,22,1,1,1,0,19
S01009693,85 and over,13,2,2,0,11,0,0,0,1,10
S01009694,All people aged 16 and over in households,835,581,528,53,254,116,0,12,42,84
S01009694,16 to 24,67,5,0,5,62,62,0,0,0,0
S01009694,25 to 34,42,30,24,6,12,12,0,0,0,0
S01009694,35 to 49,199,165,147,18,34,16,0,6,12,0
S01009694,50 to 64,231,186,164,22,45,14,0,5,17,9
S01009694,65 to 74,150,107,105,2,43,8,0,1,11,23
S01009694,75 to 84,113,70,70,0,43,2,0,0,2,39
S01009694,85 and over,33,18,18,0,15,2,0,0,0,13
S01009695,All people aged 16 and over in households,521,380,332,48,141,73,1,15,25,27
S01009695,16 to 24,35,9,2,7,26,26,0,0,0,0
S01009695,25 to 34,40,21,15,6,19,15,0,3,1,0
S01009695,35 to 49,133,100,80,20,33,18,0,7,7,1
S01009695,50 to 64,153,136,125,11,17,5,1,2,9,0
S01009695,65 to 74,102,77,74,3,25,6,0,3,6,10
S01009695,75 to 84,50,31,31,0,19,3,0,0,2,14
S01009695,85 and over,8,6,5,1,2,0,0,0,0,2
S01009696,All people aged 16 and over in households,785,518,464,54,267,131,8,11,40,77
S01009696,16 to 24,65,5,0,5,60,60,0,0,0,0
S01009696,25 to 34,65,50,35,15,15,13,0,2,0,0
S01009696,35 to 49,208,168,148,20,40,24,2,4,10,0
S01009696,50 to 64,226,175,164,11,51,15,3,3,19,11
S01009696,65 to 74,126,87,84,3,39,10,1,1,7,20
S01009696,75 to 84,73,29,29,0,44,7,1,1,3,32
S01009696,85 and over,22,4,4,0,18,2,1,0,1,14
S01009697,All people aged 16 and over in households,589,410,338,72,179,98,5,6,28,42
S01009697,16 to 24,41,8,4,4,33,33,0,0,0,0
S01009697,25 to 34,66,38,27,11,28,25,2,1,0,0
S01009697,35 to 49,148,117,77,40,31,22,0,2,7,0
S01009697,50 to 64,174,150,137,13,24,7,2,0,14,1
S01009697,65 to 74,96,65,63,2,31,7,1,3,6,14
S01009697,75 to 84,47,27,26,1,20,3,0,0,1,16
S01009697,85 and over,17,5,4,1,12,1,0,0,0,11
S01009698,All people aged 16 and over in households,481,330,284,46,151,109,8,3,15,16
S01009698,16 to 24,59,6,0,6,53,53,0,0,0,0
S01009698,25 to 34,50,22,12,10,28,27,0,0,1,0
S01009698,35 to 49,121,96,77,19,25,16,4,2,3,0
S01009698,50 to 64,167,137,128,9,30,12,4,1,11,2
S01009698,65 to 74,56,49,47,2,7,1,0,0,0,6
S01009698,75 to 84,25,20,20,0,5,0,0,0,0,5
S01009698,85 and over,3,0,0,0,3,0,0,0,0,3
S01009699,All people aged 16 and over in households,412,262,228,34,150,69,4,12,23,42
S01009699,16 to 24,33,5,0,5,28,28,0,0,0,0
S01009699,25 to 34,30,18,5,13,12,12,0,0,0,0
S01009699,35 to 49,77,50,42,8,27,15,0,6,5,1
S01009699,50 to 64,107,77,71,6,30,6,3,3,12,6
S01009699,65 to 74,83,67,66,1,16,1,1,3,4,7
S01009699,75 to 84,67,40,39,1,27,5,0,0,2,20
S01009699,85 and over,15,5,5,0,10,2,0,0,0,8
S01009700,All people aged 16 and over in households,551,350,288,62,201,104,3,11,40,43
S01009700,16 to 24,58,4,2,2,54,54,0,0,0,0
S01009700,25 to 34,50,33,11,22,17,14,0,0,3,0
S01009700,35 to 49,137,93,73,20,44,26,1,9,7,1
S01009700,50 to 64,151,120,110,10,31,7,1,2,16,5
S01009700,65 to 74,92,64,58,6,28,2,1,0,12,13
S01009700,75 to 84,51,29,27,2,22,1,0,0,2,19
S01009700,85 and over,12,7,7,0,5,0,0,0,0,5
S01009701,All people aged 16 and over in households,383,234,216,18,149,61,12,7,27,42
S01009701,16 to 24,24,2,2,0,22,22,0,0,0,0
S01009701,25 to 34,22,10,6,4,12,10,0,1,1,0
S01009701,35 to 49,59,35,24,11,24,12,5,2,5,0
S01009701,50 to 64,94,78,75,3,16,6,1,2,4,3
S01009701,65 to 74,86,58,58,0,28,3,3,1,9,12
S01009701,75 to 84,72,43,43,0,29,5,1,1,6,16
S01009701,85 and over,26,8,8,0,18,3,2,0,2,11
S01009702,All people aged 16 and over in households,518,354,290,64,164,113,4,10,16,21
S01009702,16 to 24,61,7,1,6,54,53,0,0,0,1
S01009702,25 to 34,59,32,13,19,27,25,0,1,1,0
S01009702,35 to 49,146,110,87,23,36,20,3,5,8,0
S01009702,50 to 64,125,105,92,13,20,11,1,1,3,4
S01009702,65 to 74,81,67,66,1,14,4,0,2,3,5
S01009702,75 to 84,33,28,26,2,5,0,0,1,1,3
S01009702,85 and over,13,5,5,0,8,0,0,0,0,8
S01009703,All people aged 16 and over in households,485,274,242,32,211,93,6,9,33,70
S01009703,16 to 24,47,3,1,2,44,43,0,0,1,0
S01009703,25 to 34,38,21,13,8,17,16,0,1,0,0
S01009703,35 to 49,119,85,76,9,34,18,2,3,10,1
S01009703,50 to 64,137,103,92,11,34,7,3,2,16,6
S01009703,65 to 74,73,40,39,1,33,3,1,2,4,23
S01009703,75 to 84,39,15,14,1,24,3,0,1,2,18
S01009703,85 and over,32,7,7,0,25,3,0,0,0,22
S01009704,All people aged 16 and over in households,784,504,444,60,280,136,6,22,57,59
S01009704,16 to 24,72,10,2,8,62,61,1,0,0,0
S01009704,25 to 34,63,34,22,12,29,25,1,1,2,0
S01009704,35 to 49,199,148,124,24,51,24,1,13,12,1
S01009704,50 to 64,222,167,153,14,55,8,2,7,23,15
S01009704,65 to 74,150,109,107,2,41,8,0,1,13,19
S01009704,75 to 84,56,25,25,0,31,7,1,0,7,16
S01009704,85 and over,22,11,11,0,11,3,0,0,0,8
S01009705,All people aged 16 and over in households,618,358,288,70,260,129,3,23,53,52
S01009705,16 to 24,58,16,3,13,42,41,0,0,0,1
S01009705,25 to 34,83,48,26,22,35,27,0,1,7,0
S01009705,35 to 49,151,92,76,16,59,28,1,8,22,0
S01009705,50 to 64,169,127,108,19,42,16,0,8,13,5
S01009705,65 to 74,88,43,43,0,45,11,2,6,8,18
S01009705,75 to 84,47,26,26,0,21,4,0,0,3,14
S01009705,85 and over,22,6,6,0,16,2,0,0,0,14
S01009706,All people aged 16 and over in households,509,294,238,56,215,112,7,19,29,48
S01009706,16 to 24,51,11,3,8,40,40,0,0,0,0
S01009706,25 to 34,65,33,22,11,32,26,1,3,2,0
S01009706,35 to 49,135,96,68,28,39,22,3,8,5,1
S01009706,50 to 64,117,85,76,9,32,13,1,6,10,2
S01009706,65 to 74,72,42,42,0,30,4,2,2,10,12
S01009706,75 to 84,57,25,25,0,32,6,0,0,2,24
S01009706,85 and over,12,2,2,0,10,1,0,0,0,9
S01009707,All people aged 16 and over in households,404,242,194,48,162,94,7,7,30,24
S01009707,16 to 24,49,6,2,4,43,43,0,0,0,0
S01009707,25 to 34,52,26,17,9,26,26,0,0,0,0
S01009707,35 to 49,115,83,65,18,32,15,4,4,9,0
S01009707,50 to 64,111,86,72,14,25,6,1,3,11,4
S01009707,65 to 74,32,22,19,3,10,0,0,0,7,3
S01009707,75 to 84,32,15,15,0,17,3,2,0,3,9
S01009707,85 and over,13,4,4,0,9,1,0,0,0,8
S01009708,All people aged 16 and over in households,483,330,290,40,153,79,3,8,24,39
S01009708,16 to 24,48,4,1,3,44,44,0,0,0,0
S01009708,25 to 34,47,33,26,7,14,12,0,2,0,0
S01009708,35 to 49,122,90,75,15,32,17,0,3,11,1
S01009708,50 to 64,141,119,107,12,22,3,2,2,10,5
S01009708,65 to 74,77,60,58,2,17,1,0,1,2,13
S01009708,75 to 84,34,21,20,1,13,2,0,0,1,10
S01009708,85 and over,14,3,3,0,11,0,1,0,0,10
S01009709,All people aged 16 and over in households,691,422,372,50,269,134,5,28,38,64
S01009709,16 to 24,51,6,0,6,45,45,0,0,0,0
S01009709,25 to 34,69,34,24,10,35,31,1,3,0,0
S01009709,35 to 49,146,96,75,21,50,34,0,7,8,1
S01009709,50 to 64,223,174,164,10,49,12,1,10,20,6
S01009709,65 to 74,127,84,82,2,43,7,1,8,6,21
S01009709,75 to 84,63,26,25,1,37,2,2,0,4,29
S01009709,85 and over,12,2,2,0,10,3,0,0,0,7
S01009710,All people aged 16 and over in households,442,270,216,54,172,85,10,13,30,34
S01009710,16 to 24,55,12,2,10,43,41,2,0,0,0
S01009710,25 to 34,55,33,18,15,22,22,0,0,0,0
S01009710,35 to 49,148,106,85,21,42,12,4,8,18,0
S01009710,50 to 64,102,75,69,6,27,6,0,4,8,9
S01009710,65 to 74,46,32,30,2,14,4,1,1,3,5
S01009710,75 to 84,29,11,11,0,18,0,3,0,1,14
S01009710,85 and over,7,1,1,0,6,0,0,0,0,6
S01009711,All people aged 16 and over in households,630,343,288,55,287,159,3,14,55,56
S01009711,16 to 24,86,7,1,6,79,78,0,1,0,0
S01009711,25 to 34,70,29,9,20,41,39,1,0,1,0
S01009711,35 to 49,144,100,79,21,44,18,0,6,19,1
S01009711,50 to 64,171,121,114,7,50,11,0,5,26,8
S01009711,65 to 74,76,52,51,1,24,7,2,1,6,8
S01009711,75 to 84,49,22,22,0,27,4,0,1,2,20
S01009711,85 and over,34,12,12,0,22,2,0,0,1,19
S01009712,All people aged 16 and over in households,502,302,268,34,200,106,6,21,28,39
S01009712,16 to 24,52,3,0,3,49,49,0,0,0,0
S01009712,25 to 34,51,26,12,14,25,22,2,1,0,0
S01009712,35 to 49,124,77,66,11,47,24,2,8,12,1
S01009712,50 to 64,144,104,99,5,40,10,1,11,11,7
S01009712,65 to 74,85,67,66,1,18,1,0,1,4,12
S01009712,75 to 84,39,24,24,0,15,0,1,0,1,13
S01009712,85 and over,7,1,1,0,6,0,0,0,0,6
S01009713,All people aged 16 and over in households,773,468,400,68,305,147,2,23,50,83
S01009713,16 to 24,80,11,3,8,69,69,0,0,0,0
S01009713,25 to 34,55,35,18,17,20,20,0,0,0,0
S01009713,35 to 49,168,112,95,17,56,29,0,13,14,0
S01009713,50 to 64,191,136,115,21,55,17,0,6,20,12
S01009713,65 to 74,157,114,110,4,43,6,1,3,15,18
S01009713,75 to 84,91,56,55,1,35,2,1,1,1,30
S01009713,85 and over,31,4,4,0,27,4,0,0,0,23
S01009714,All people aged 16 and over in households,795,510,434,76,285,134,9,18,42,82
S01009714,16 to 24,81,21,5,16,60,60,0,0,0,0
S01009714,25 to 34,65,33,15,18,32,32,0,0,0,0
S01009714,35 to 49,159,123,102,21,36,19,1,5,10,1
S01009714,50 to 64,202,154,140,14,48,8,4,8,20,8
S01009714,65 to 74,148,110,108,2,38,4,3,5,7,19
S01009714,75 to 84,107,58,53,5,49,9,1,0,5,34
S01009714,85 and over,33,11,11,0,22,2,0,0,0,20
S01009715,All people aged 16 and over in households,564,330,282,48,234,111,4,15,56,48
S01009715,16 to 24,40,8,1,7,32,32,0,0,0,0
S01009715,25 to 34,54,25,13,12,29,27,1,1,0,0
S01009715,35 to 49,131,78,64,14,53,29,1,7,14,2
S01009715,50 to 64,188,125,112,13,63,17,0,7,31,8
S01009715,65 to 74,87,63,61,2,24,3,1,0,9,11
S01009715,75 to 84,48,28,28,0,20,2,1,0,2,15
S01009715,85 and over,16,3,3,0,13,1,0,0,0,12
S01009716,All people aged 16 and over in households,651,362,332,30,289,187,12,8,23,59
S01009716,16 to 24,109,2,2,0,107,107,0,0,0,0
S01009716,25 to 34,66,25,17,8,41,36,3,0,2,0
S01009716,35 to 49,109,81,68,13,28,18,3,3,4,0
S01009716,50 to 64,154,120,114,6,34,9,4,3,14,4
S01009716,65 to 74,94,70,68,2,24,5,1,1,2,15
S01009716,75 to 84,95,53,52,1,42,10,0,1,1,30
S01009716,85 and over,24,11,11,0,13,2,1,0,0,10
S01009717,All people aged 16 and over in households,597,238,180,58,359,282,3,9,34,31
S01009717,16 to 24,194,7,2,5,187,187,0,0,0,0
S01009717,25 to 34,78,39,20,19,39,37,0,1,1,0
S01009717,35 to 49,135,79,54,25,56,35,2,5,13,1
S01009717,50 to 64,78,43,36,7,35,15,1,2,12,5
S01009717,65 to 74,66,50,48,2,16,4,0,1,6,5
S01009717,75 to 84,35,14,14,0,21,3,0,0,2,16
S01009717,85 and over,11,6,6,0,5,1,0,0,0,4
S01009718,All people aged 16 and over in households,626,274,198,76,352,240,2,10,37,63
S01009718,16 to 24,146,17,1,16,129,128,1,0,0,0
S01009718,25 to 34,119,58,20,38,61,59,0,0,2,0
S01009718,35 to 49,122,68,50,18,54,27,1,8,16,2
S01009718,50 to 64,122,77,74,3,45,17,0,2,15,11
S01009718,65 to 74,54,33,32,1,21,4,0,0,2,15
S01009718,75 to 84,47,16,16,0,31,4,0,0,2,25
S01009718,85 and over,16,5,5,0,11,1,0,0,0,10
S01009719,All people aged 16 and over in households,647,312,254,58,335,212,7,16,30,70
S01009719,16 to 24,129,8,2,6,121,121,0,0,0,0
S01009719,25 to 34,85,44,16,28,41,36,1,4,0,0
S01009719,35 to 49,144,83,67,16,61,37,3,9,10,2
S01009719,50 to 64,130,89,84,5,41,12,3,3,14,9
S01009719,65 to 74,83,56,53,3,27,2,0,0,4,21
S01009719,75 to 84,56,22,22,0,34,3,0,0,2,29
S01009719,85 and over,20,10,10,0,10,1,0,0,0,9
S01009720,All people aged 16 and over in households,711,338,258,80,373,220,10,6,47,90
S01009720,16 to 24,139,15,0,15,124,123,0,0,0,1
S01009720,25 to 34,125,69,49,20,56,55,0,0,1,0
S01009720,35 to 49,99,52,35,17,47,23,6,4,13,1
S01009720,50 to 64,154,112,90,22,42,11,1,2,18,10
S01009720,65 to 74,94,63,58,5,31,4,1,0,8,18
S01009720,75 to 84,73,25,24,1,48,3,1,0,7,37
S01009720,85 and over,27,2,2,0,25,1,1,0,0,23
S01009721,All people aged 16 and over in households,564,78,48,30,486,470,5,4,2,5
S01009721,16 to 24,419,12,2,10,407,407,0,0,0,0
S01009721,25 to 34,83,25,12,13,58,54,3,0,1,0
S01009721,35 to 49,21,15,12,3,6,3,0,2,1,0
S01009721,50 to 64,18,11,9,2,7,4,1,2,0,0
S01009721,65 to 74,10,9,7,2,1,1,0,0,0,0
S01009721,75 to 84,4,2,2,0,2,0,1,0,0,1
S01009721,85 and over,9,4,4,0,5,1,0,0,0,4
S01009722,All people aged 16 and over in households,808,146,114,32,662,580,12,6,26,38
S01009722,16 to 24,498,17,3,14,481,480,0,0,1,0
S01009722,25 to 34,76,18,6,12,58,58,0,0,0,0
S01009722,35 to 49,48,21,20,1,27,18,3,1,4,1
S01009722,50 to 64,67,40,36,4,27,11,3,2,11,0
S01009722,65 to 74,53,25,24,1,28,8,1,3,7,9
S01009722,75 to 84,45,15,15,0,30,4,4,0,3,19
S01009722,85 and over,21,10,10,0,11,1,1,0,0,9
S01009723,All people aged 16 and over in households,622,122,88,34,500,428,6,8,26,32
S01009723,16 to 24,376,21,3,18,355,355,0,0,0,0
S01009723,25 to 34,72,30,20,10,42,41,0,0,1,0
S01009723,35 to 49,32,14,13,1,18,12,1,0,5,0
S01009723,50 to 64,49,30,27,3,19,5,2,2,9,1
S01009723,65 to 74,40,17,16,1,23,4,2,3,7,7
S01009723,75 to 84,41,9,8,1,32,11,1,3,3,14
S01009723,85 and over,12,1,1,0,11,0,0,0,1,10
S01009724,All people aged 16 and over in households,870,258,176,82,612,460,9,15,68,60
S01009724,16 to 24,335,30,4,26,305,305,0,0,0,0
S01009724,25 to 34,142,55,29,26,87,81,4,1,1,0
S01009724,35 to 49,132,57,41,16,75,37,4,10,24,0
S01009724,50 to 64,109,63,50,13,46,20,0,2,21,3
S01009724,65 to 74,74,25,24,1,49,12,1,1,16,19
S01009724,75 to 84,50,22,22,0,28,4,0,1,5,18
S01009724,85 and over,28,6,6,0,22,1,0,0,1,20
S01009725,All people aged 16 and over in households,659,136,86,50,523,478,3,6,16,20
S01009725,16 to 24,448,25,0,25,423,423,0,0,0,0
S01009725,25 to 34,48,23,8,15,25,22,1,0,2,0
S01009725,35 to 49,49,15,10,5,34,25,1,3,4,1
S01009725,50 to 64,39,28,24,4,11,3,0,3,4,1
S01009725,65 to 74,43,33,32,1,10,4,1,0,3,2
S01009725,75 to 84,23,11,11,0,12,1,0,0,2,9
S01009725,85 and over,9,1,1,0,8,0,0,0,1,7
S01009726,All people aged 16 and over in households,542,94,68,26,448,426,4,4,8,6
S01009726,16 to 24,397,10,0,10,387,386,1,0,0,0
S01009726,25 to 34,30,10,4,6,20,20,0,0,0,0
S01009726,35 to 49,34,18,8,10,16,13,1,0,2,0
S01009726,50 to 64,32,22,22,0,10,3,2,0,4,1
S01009726,65 to 74,26,20,20,0,6,2,0,3,1,0
S01009726,75 to 84,20,14,14,0,6,1,0,1,1,3
S01009726,85 and over,3,0,0,0,3,1,0,0,0,2
S01009727,All people aged 16 and over in households,668,434,360,74,234,167,12,5,28,22
S01009727,16 to 24,119,8,0,8,111,111,0,0,0,0
S01009727,25 to 34,91,55,36,19,36,32,4,0,0,0
S01009727,35 to 49,166,138,108,30,28,13,2,0,12,1
S01009727,50 to 64,180,152,138,14,28,3,4,3,14,4
S01009727,65 to 74,73,61,59,2,12,5,1,1,1,4
S01009727,75 to 84,27,15,14,1,12,3,0,1,1,7
S01009727,85 and over,12,5,5,0,7,0,1,0,0,6
S01009728,All people aged 16 and over in households,640,408,376,32,232,133,4,17,23,55
S01009728,16 to 24,70,7,0,7,63,63,0,0,0,0
S01009728,25 to 34,80,38,28,10,42,39,1,0,2,0
S01009728,35 to 49,113,89,82,7,24,9,0,9,6,0
S01009728,50 to 64,213,174,167,7,39,15,1,8,10,5
S01009728,65 to 74,86,72,71,1,14,3,0,0,4,7
S01009728,75 to 84,49,25,25,0,24,4,1,0,0,19
S01009728,85 and over,29,3,3,0,26,0,1,0,1,24
S01009729,All people aged 16 and over in households,554,388,350,38,166,90,2,4,11,59
S01009729,16 to 24,47,4,0,4,43,43,0,0,0,0
S01009729,25 to 34,42,27,15,12,15,15,0,0,0,0
S01009729,35 to 49,97,77,64,13,20,12,0,3,4,1
S01009729,50 to 64,169,150,143,7,19,10,1,1,3,4
S01009729,65 to 74,99,80,79,1,19,3,1,0,2,13
S01009729,75 to 84,68,40,39,1,28,2,0,0,2,24
S01009729,85 and over,32,10,10,0,22,5,0,0,0,17
S01009730,All people aged 16 and over in households,454,244,198,46,210,155,3,10,20,22
S01009730,16 to 24,101,11,3,8,90,89,1,0,0,0
S01009730,25 to 34,99,59,38,21,40,37,0,2,1,0
S01009730,35 to 49,72,44,30,14,28,18,0,4,6,0
S01009730,50 to 64,102,80,77,3,22,7,1,4,7,3
S01009730,65 to 74,44,36,36,0,8,3,0,0,4,1
S01009730,75 to 84,25,12,12,0,13,0,0,0,0,13
S01009730,85 and over,11,2,2,0,9,1,1,0,2,5
S01009731,All people aged 16 and over in households,530,320,300,20,210,122,6,4,12,66
S01009731,16 to 24,84,2,0,2,82,82,0,0,0,0
S01009731,25 to 34,38,17,14,3,21,21,0,0,0,0
S01009731,35 to 49,60,46,33,13,14,10,3,0,1,0
S01009731,50 to 64,127,106,104,2,21,6,1,3,7,4
S01009731,65 to 74,101,83,83,0,18,2,1,1,1,13
S01009731,75 to 84,91,56,56,0,35,1,1,0,2,31
S01009731,85 and over,29,10,10,0,19,0,0,0,1,18
S01009732,All people aged 16 and over in households,744,278,234,44,466,397,6,9,17,37
S01009732,16 to 24,337,21,1,20,316,316,0,0,0,0
S01009732,25 to 34,71,24,13,11,47,44,0,1,1,1
S01009732,35 to 49,78,51,44,7,27,22,1,2,2,0
S01009732,50 to 64,110,84,79,5,26,8,3,2,8,5
S01009732,65 to 74,65,50,49,1,15,2,0,1,5,7
S01009732,75 to 84,61,38,38,0,23,4,1,3,1,14
S01009732,85 and over,22,10,10,0,12,1,1,0,0,10
S01009733,All people aged 16 and over in households,418,282,248,34,136,74,1,10,21,30
S01009733,16 to 24,39,6,3,3,33,33,0,0,0,0
S01009733,25 to 34,26,11,4,7,15,15,0,0,0,0
S01009733,35 to 49,102,85,74,11,17,10,1,5,0,1
S01009733,50 to 64,155,118,105,13,37,12,0,5,13,7
S01009733,65 to 74,72,52,52,0,20,4,0,0,4,12
S01009733,75 to 84,21,10,10,0,11,0,0,0,4,7
S01009733,85 and over,3,0,0,0,3,0,0,0,0,3
S01009734,All people aged 16 and over in households,724,452,392,60,272,160,10,12,34,56
S01009734,16 to 24,103,12,0,12,91,91,0,0,0,0
S01009734,25 to 34,63,31,10,21,32,30,1,0,1,0
S01009734,35 to 49,189,142,128,14,47,21,7,7,9,3
S01009734,50 to 64,197,154,144,10,43,12,1,4,16,10
S01009734,65 to 74,92,69,67,2,23,4,0,1,7,11
S01009734,75 to 84,71,41,41,0,30,2,1,0,1,26
S01009734,85 and over,9,3,2,1,6,0,0,0,0,6
S01009735,All people aged 16 and over in households,644,426,400,26,218,131,14,5,14,54
S01009735,16 to 24,88,5,2,3,83,83,0,0,0,0
S01009735,25 to 34,35,15,6,9,20,20,0,0,0,0
S01009735,35 to 49,97,84,79,5,13,5,6,0,2,0
S01009735,50 to 64,190,158,152,6,32,12,6,4,7,3
S01009735,65 to 74,106,88,87,1,18,6,2,1,3,6
S01009735,75 to 84,96,69,67,2,27,3,0,0,1,23
S01009735,85 and over,32,7,7,0,25,2,0,0,1,22
S01009736,All people aged 16 and over in households,680,146,110,36,534,430,14,6,16,68
S01009736,16 to 24,395,13,1,12,382,382,0,0,0,0
S01009736,25 to 34,45,21,10,11,24,21,3,0,0,0
S01009736,35 to 49,34,23,16,7,11,7,0,2,2,0
S01009736,50 to 64,54,31,30,1,23,7,4,0,7,5
S01009736,65 to 74,47,26,25,1,21,4,3,4,3,7
S01009736,75 to 84,45,14,14,0,31,4,3,0,2,22
S01009736,85 and over,60,18,14,4,42,5,1,0,2,34
S01009737,All people aged 16 and over in households,636,472,432,40,164,92,1,16,21,34
S01009737,16 to 24,91,43,38,5,48,48,0,0,0,0
S01009737,25 to 34,166,138,130,8,28,26,0,1,1,0
S01009737,35 to 49,162,128,113,15,34,14,1,11,8,0
S01009737,50 to 64,111,92,81,11,19,2,0,2,9,6
S01009737,65 to 74,60,46,45,1,14,0,0,2,3,9
S01009737,75 to 84,39,21,21,0,18,2,0,0,0,16
S01009737,85 and over,7,4,4,0,3,0,0,0,0,3
S01009738,All people aged 16 and over in households,371,226,180,46,145,83,4,10,18,30
S01009738,16 to 24,40,13,2,11,27,27,0,0,0,0
S01009738,25 to 34,70,38,29,9,32,27,2,3,0,0
S01009738,35 to 49,94,61,43,18,33,20,0,1,10,2
S01009738,50 to 64,103,80,72,8,23,8,1,3,5,6
S01009738,65 to 74,36,24,24,0,12,1,0,1,2,8
S01009738,75 to 84,19,8,8,0,11,0,1,2,1,7
S01009738,85 and over,9,2,2,0,7,0,0,0,0,7
S01009739,All people aged 16 and over in households,570,412,366,46,158,106,6,16,17,13
S01009739,16 to 24,84,10,2,8,74,74,0,0,0,0
S01009739,25 to 34,138,113,94,19,25,20,3,0,2,0
S01009739,35 to 49,241,210,198,12,31,11,2,11,5,2
S01009739,50 to 64,78,57,53,4,21,0,1,5,9,6
S01009739,65 to 74,23,20,17,3,3,1,0,0,0,2
S01009739,75 to 84,5,2,2,0,3,0,0,0,1,2
S01009739,85 and over,1,0,0,0,1,0,0,0,0,1
S01009740,All people aged 16 and over in households,447,254,198,56,193,114,5,17,25,32
S01009740,16 to 24,60,10,1,9,50,49,1,0,0,0
S01009740,25 to 34,79,49,26,23,30,29,0,1,0,0
S01009740,35 to 49,130,77,60,17,53,21,2,13,17,0
S01009740,50 to 64,65,45,38,7,20,9,0,3,5,3
S01009740,65 to 74,68,49,49,0,19,3,0,0,2,14
S01009740,75 to 84,37,21,21,0,16,3,1,0,1,11
S01009740,85 and over,8,3,3,0,5,0,1,0,0,4
S01009741,All people aged 16 and over in households,341,284,274,10,57,36,0,11,7,3
S01009741,16 to 24,43,14,10,4,29,29,0,0,0,0
S01009741,25 to 34,110,98,95,3,12,5,0,6,1,0
S01009741,35 to 49,140,134,133,1,6,1,0,3,2,0
S01009741,50 to 64,27,22,20,2,5,1,0,1,3,0
S01009741,65 to 74,6,5,5,0,1,0,0,1,0,0
S01009741,75 to 84,14,11,11,0,3,0,0,0,1,2
S01009741,85 and over,1,0,0,0,1,0,0,0,0,1
S01009742,All people aged 16 and over in households,418,304,270,34,114,75,3,7,14,15
S01009742,16 to 24,44,1,1,0,43,43,0,0,0,0
S01009742,25 to 34,21,7,5,2,14,12,0,0,2,0
S01009742,35 to 49,120,100,85,15,20,12,1,4,2,1
S01009742,50 to 64,144,124,110,14,20,7,1,3,7,2
S01009742,65 to 74,62,55,54,1,7,1,0,0,3,3
S01009742,75 to 84,21,16,15,1,5,0,1,0,0,4
S01009742,85 and over,6,1,0,1,5,0,0,0,0,5
S01009743,All people aged 16 and over in households,795,554,508,46,241,126,1,9,41,64
S01009743,16 to 24,58,4,0,4,54,53,1,0,0,0
S01009743,25 to 34,65,38,27,11,27,27,0,0,0,0
S01009743,35 to 49,193,153,132,21,40,27,0,3,8,2
S01009743,50 to 64,250,206,198,8,44,11,0,5,23,5
S01009743,65 to 74,128,104,102,2,24,5,0,1,5,13
S01009743,75 to 84,74,44,44,0,30,3,0,0,4,23
S01009743,85 and over,27,5,5,0,22,0,0,0,1,21
S01009744,All people aged 16 and over in households,594,412,366,46,182,102,3,12,19,46
S01009744,16 to 24,59,4,2,2,55,55,0,0,0,0
S01009744,25 to 34,42,25,15,10,17,14,1,2,0,0
S01009744,35 to 49,145,125,99,26,20,12,1,3,4,0
S01009744,50 to 64,201,155,147,8,46,13,1,7,14,11
S01009744,65 to 74,89,80,80,0,9,2,0,0,1,6
S01009744,75 to 84,42,20,20,0,22,5,0,0,0,17
S01009744,85 and over,16,3,3,0,13,1,0,0,0,12
S01009745,All people aged 16 and over in households,871,638,566,72,233,123,3,20,35,52
S01009745,16 to 24,76,9,1,8,67,67,0,0,0,0
S01009745,25 to 34,79,52,35,17,27,25,1,0,1,0
S01009745,35 to 49,258,223,189,34,35,14,1,13,7,0
S01009745,50 to 64,256,213,201,12,43,10,1,5,20,7
S01009745,65 to 74,134,109,108,1,25,2,0,2,4,17
S01009745,75 to 84,54,28,28,0,26,2,0,0,3,21
S01009745,85 and over,14,4,4,0,10,3,0,0,0,7
S01009746,All people aged 16 and over in households,457,324,282,42,133,80,4,11,19,19
S01009746,16 to 24,37,3,0,3,34,34,0,0,0,0
S01009746,25 to 34,31,19,15,4,12,10,0,1,1,0
S01009746,35 to 49,151,119,98,21,32,21,0,4,6,1
S01009746,50 to 64,161,128,114,14,33,14,3,5,8,3
S01009746,65 to 74,51,42,42,0,9,0,1,1,4,3
S01009746,75 to 84,17,12,12,0,5,1,0,0,0,4
S01009746,85 and over,9,1,1,0,8,0,0,0,0,8
S01009747,All people aged 16 and over in households,558,312,226,86,246,130,5,24,41,46
S01009747,16 to 24,52,10,4,6,42,42,0,0,0,0
S01009747,25 to 34,85,46,22,24,39,35,0,2,0,2
S01009747,35 to 49,172,109,74,35,63,37,4,11,11,0
S01009747,50 to 64,134,94,74,20,40,8,0,9,18,5
S01009747,65 to 74,63,35,34,1,28,5,1,1,8,13
S01009747,75 to 84,32,13,13,0,19,3,0,1,4,11
S01009747,85 and over,20,5,5,0,15,0,0,0,0,15
S01009748,All people aged 16 and over in households,588,428,380,48,160,93,7,11,23,26
S01009748,16 to 24,53,3,0,3,50,50,0,0,0,0
S01009748,25 to 34,50,33,20,13,17,17,0,0,0,0
S01009748,35 to 49,167,138,123,15,29,16,1,6,4,2
S01009748,50 to 64,186,159,144,15,27,5,2,4,11,5
S01009748,65 to 74,94,71,69,2,23,2,2,1,8,10
S01009748,75 to 84,29,22,22,0,7,2,2,0,0,3
S01009748,85 and over,9,2,2,0,7,1,0,0,0,6
S01009749,All people aged 16 and over in households,815,524,444,80,291,159,8,10,40,74
S01009749,16 to 24,92,7,1,6,85,84,1,0,0,0
S01009749,25 to 34,72,40,31,9,32,30,0,2,0,0
S01009749,35 to 49,218,169,129,40,49,26,4,4,15,0
S01009749,50 to 64,234,188,167,21,46,13,0,3,17,13
S01009749,65 to 74,105,74,72,2,31,3,1,1,7,19
S01009749,75 to 84,72,43,41,2,29,2,2,0,1,24
S01009749,85 and over,22,3,3,0,19,1,0,0,0,18
S01009750,All people aged 16 and over in households,560,338,258,80,222,120,0,15,37,50
S01009750,16 to 24,74,17,4,13,57,57,0,0,0,0
S01009750,25 to 34,79,51,14,37,28,24,0,2,2,0
S01009750,35 to 49,151,119,101,18,32,20,0,5,7,0
S01009750,50 to 64,127,86,75,11,41,9,0,7,19,6
S01009750,65 to 74,57,39,39,0,18,3,0,1,5,9
S01009750,75 to 84,50,23,22,1,27,5,0,0,2,20
S01009750,85 and over,22,3,3,0,19,2,0,0,2,15
S01009751,All people aged 16 and over in households,637,346,252,94,291,179,6,12,41,53
S01009751,16 to 24,92,11,0,11,81,81,0,0,0,0
S01009751,25 to 34,93,57,28,29,36,33,1,0,1,1
S01009751,35 to 49,166,102,73,29,64,41,1,7,14,1
S01009751,50 to 64,180,129,106,23,51,20,2,4,19,6
S01009751,65 to 74,59,39,37,2,20,1,0,1,3,15
S01009751,75 to 84,37,6,6,0,31,2,2,0,4,23
S01009751,85 and over,10,2,2,0,8,1,0,0,0,7
S01009752,All people aged 16 and over in households,493,344,306,38,149,74,6,11,23,35
S01009752,16 to 24,44,5,0,5,39,39,0,0,0,0
S01009752,25 to 34,42,25,21,4,17,15,0,0,2,0
S01009752,35 to 49,115,91,74,17,24,10,2,7,5,0
S01009752,50 to 64,159,133,121,12,26,3,1,3,13,6
S01009752,65 to 74,78,62,62,0,16,2,1,1,2,10
S01009752,75 to 84,46,27,27,0,19,5,2,0,1,11
S01009752,85 and over,9,1,1,0,8,0,0,0,0,8
S01009753,All people aged 16 and over in households,581,364,310,54,217,86,6,12,25,88
S01009753,16 to 24,37,3,2,1,34,34,0,0,0,0
S01009753,25 to 34,55,39,24,15,16,14,0,2,0,0
S01009753,35 to 49,134,108,84,24,26,16,2,5,3,0
S01009753,50 to 64,159,125,111,14,34,9,4,3,16,2
S01009753,65 to 74,76,53,53,0,23,5,0,2,4,12
S01009753,75 to 84,71,23,23,0,48,4,0,0,1,43
S01009753,85 and over,49,13,13,0,36,4,0,0,1,31
S01009754,All people aged 16 and over in households,672,412,314,98,260,145,2,25,38,50
S01009754,16 to 24,86,22,0,22,64,63,0,0,1,0
S01009754,25 to 34,104,59,18,41,45,40,0,5,0,0
S01009754,35 to 49,134,94,78,16,40,21,0,7,12,0
S01009754,50 to 64,183,138,121,17,45,12,2,9,17,5
S01009754,65 to 74,84,60,58,2,24,4,0,4,6,10
S01009754,75 to 84,51,31,31,0,20,4,0,0,1,15
S01009754,85 and over,30,8,8,0,22,1,0,0,1,20
S01009755,All people aged 16 and over in households,534,348,294,54,186,113,0,12,28,33
S01009755,16 to 24,62,5,4,1,57,57,0,0,0,0
S01009755,25 to 34,67,45,23,22,22,21,0,0,1,0
S01009755,35 to 49,158,120,98,22,38,20,0,6,11,1
S01009755,50 to 64,146,119,110,9,27,7,0,4,10,6
S01009755,65 to 74,60,46,46,0,14,6,0,0,4,4
S01009755,75 to 84,31,11,11,0,20,1,0,2,2,15
S01009755,85 and over,10,2,2,0,8,1,0,0,0,7
S01009756,All people aged 16 and over in households,622,422,374,48,200,118,0,7,32,43
S01009756,16 to 24,66,2,0,2,64,64,0,0,0,0
S01009756,25 to 34,46,24,10,14,22,22,0,0,0,0
S01009756,35 to 49,175,145,124,21,30,20,0,5,5,0
S01009756,50 to 64,182,146,137,9,36,9,0,0,20,7
S01009756,65 to 74,97,77,77,0,20,1,0,2,4,13
S01009756,75 to 84,43,25,23,2,18,1,0,0,2,15
S01009756,85 and over,13,3,3,0,10,1,0,0,1,8
S01009757,All people aged 16 and over in households,539,392,366,26,147,93,7,9,12,26
S01009757,16 to 24,52,2,0,2,50,50,0,0,0,0
S01009757,25 to 34,38,23,14,9,15,14,0,1,0,0
S01009757,35 to 49,142,118,111,7,24,14,2,3,3,2
S01009757,50 to 64,176,149,141,8,27,10,2,4,5,6
S01009757,65 to 74,87,71,71,0,16,2,0,1,4,9
S01009757,75 to 84,34,26,26,0,8,0,3,0,0,5
S01009757,85 and over,10,3,3,0,7,3,0,0,0,4
S01009758,All people aged 16 and over in households,463,260,214,46,203,141,4,11,32,15
S01009758,16 to 24,70,10,0,10,60,60,0,0,0,0
S01009758,25 to 34,70,26,9,17,44,41,2,1,0,0
S01009758,35 to 49,138,92,80,12,46,27,2,4,12,1
S01009758,50 to 64,132,96,90,6,36,9,0,6,18,3
S01009758,65 to 74,31,23,23,0,8,0,0,0,2,6
S01009758,75 to 84,20,12,12,0,8,4,0,0,0,4
S01009758,85 and over,2,1,0,1,1,0,0,0,0,1
S01009759,All people aged 16 and over in households,676,262,154,108,414,281,5,37,64,27
S01009759,16 to 24,161,35,4,31,126,126,0,0,0,0
S01009759,25 to 34,162,83,43,40,79,71,0,1,7,0
S01009759,35 to 49,200,78,50,28,122,68,4,26,23,1
S01009759,50 to 64,95,38,29,9,57,14,0,10,23,10
S01009759,65 to 74,37,18,18,0,19,2,1,0,10,6
S01009759,75 to 84,17,9,9,0,8,0,0,0,1,7
S01009759,85 and over,4,1,1,0,3,0,0,0,0,3
S01009760,All people aged 16 and over in households,682,274,218,56,408,266,9,28,53,52
S01009760,16 to 24,116,16,5,11,100,98,1,0,0,1
S01009760,25 to 34,123,50,29,21,73,66,1,4,2,0
S01009760,35 to 49,188,82,68,14,106,67,6,14,18,1
S01009760,50 to 64,134,74,66,8,60,21,0,9,22,8
S01009760,65 to 74,54,26,24,2,28,7,0,0,8,13
S01009760,75 to 84,55,25,25,0,30,6,1,1,2,20
S01009760,85 and over,12,1,1,0,11,1,0,0,1,9
S01009761,All people aged 16 and over in households,741,428,348,80,313,206,7,23,37,40
S01009761,16 to 24,110,7,2,5,103,101,1,0,0,1
S01009761,25 to 34,111,64,30,34,47,36,3,5,3,0
S01009761,35 to 49,223,149,118,31,74,44,2,10,16,2
S01009761,50 to 64,185,141,133,8,44,17,1,5,13,8
S01009761,65 to 74,70,47,45,2,23,7,0,2,4,10
S01009761,75 to 84,37,17,17,0,20,1,0,1,1,17
S01009761,85 and over,5,3,3,0,2,0,0,0,0,2
S01009762,All people aged 16 and over in households,729,292,218,74,437,280,13,27,73,44
S01009762,16 to 24,149,28,6,22,121,120,1,0,0,0
S01009762,25 to 34,152,72,51,21,80,74,1,4,1,0
S01009762,35 to 49,197,89,70,19,108,63,7,12,26,0
S01009762,50 to 64,162,83,72,11,79,14,3,9,38,15
S01009762,65 to 74,46,14,13,1,32,8,0,2,6,16
S01009762,75 to 84,20,6,6,0,14,0,1,0,2,11
S01009762,85 and over,3,0,0,0,3,1,0,0,0,2
S01009763,All people aged 16 and over in households,587,374,342,32,213,148,15,15,19,16
S01009763,16 to 24,104,6,2,4,98,98,0,0,0,0
S01009763,25 to 34,91,50,42,8,41,29,10,2,0,0
S01009763,35 to 49,196,159,149,10,37,12,4,7,12,2
S01009763,50 to 64,147,124,114,10,23,5,0,6,7,5
S01009763,65 to 74,34,26,26,0,8,4,0,0,0,4
S01009763,75 to 84,11,7,7,0,4,0,0,0,0,4
S01009763,85 and over,4,2,2,0,2,0,1,0,0,1
S01009764,All people aged 16 and over in households,499,228,184,44,271,177,3,17,45,29
S01009764,16 to 24,74,7,4,3,67,67,0,0,0,0
S01009764,25 to 34,101,49,38,11,52,48,2,1,1,0
S01009764,35 to 49,185,107,83,24,78,48,1,10,17,2
S01009764,50 to 64,95,50,45,5,45,12,0,4,19,10
S01009764,65 to 74,28,6,6,0,22,2,0,2,6,12
S01009764,75 to 84,13,7,6,1,6,0,0,0,2,4
S01009764,85 and over,3,2,2,0,1,0,0,0,0,1
S01009765,All people aged 16 and over in households,718,382,320,62,336,205,7,29,41,54
S01009765,16 to 24,96,6,1,5,90,90,0,0,0,0
S01009765,25 to 34,126,62,49,13,64,59,3,0,1,1
S01009765,35 to 49,252,185,156,29,67,35,3,15,11,3
S01009765,50 to 64,142,94,80,14,48,13,1,8,18,8
S01009765,65 to 74,44,20,19,1,24,4,0,4,4,12
S01009765,75 to 84,46,14,14,0,32,4,0,2,6,20
S01009765,85 and over,12,1,1,0,11,0,0,0,1,10
S01009766,All people aged 16 and over in households,458,284,236,48,174,117,1,19,21,16
S01009766,16 to 24,72,3,1,2,69,69,0,0,0,0
S01009766,25 to 34,78,46,29,17,32,27,0,5,0,0
S01009766,35 to 49,140,109,89,20,31,14,0,6,11,0
S01009766,50 to 64,129,104,96,8,25,4,1,6,9,5
S01009766,65 to 74,26,17,16,1,9,2,0,2,0,5
S01009766,75 to 84,12,5,5,0,7,0,0,0,1,6
S01009766,85 and over,1,0,0,0,1,1,0,0,0,0
S01009767,All people aged 16 and over in households,422,186,148,38,236,147,3,24,35,27
S01009767,16 to 24,60,0,0,0,60,60,0,0,0,0
S01009767,25 to 34,70,17,10,7,53,48,1,4,0,0
S01009767,35 to 49,118,74,49,25,44,27,0,12,4,1
S01009767,50 to 64,109,69,63,6,40,9,0,7,20,4
S01009767,65 to 74,47,21,21,0,26,2,2,1,7,14
S01009767,75 to 84,15,5,5,0,10,1,0,0,4,5
S01009767,85 and over,3,0,0,0,3,0,0,0,0,3
S01009768,All people aged 16 and over in households,465,236,178,58,229,153,3,17,41,15
S01009768,16 to 24,74,11,0,11,63,63,0,0,0,0
S01009768,25 to 34,119,81,58,23,38,31,3,0,4,0
S01009768,35 to 49,159,96,79,17,63,42,0,9,10,2
S01009768,50 to 64,88,42,35,7,46,13,0,8,22,3
S01009768,65 to 74,16,4,4,0,12,3,0,0,4,5
S01009768,75 to 84,8,2,2,0,6,1,0,0,1,4
S01009768,85 and over,1,0,0,0,1,0,0,0,0,1
S01009769,All people aged 16 and over in households,468,306,204,102,162,127,2,12,17,4
S01009769,16 to 24,73,19,2,17,54,54,0,0,0,0
S01009769,25 to 34,150,102,57,45,48,46,1,1,0,0
S01009769,35 to 49,169,131,103,28,38,20,1,6,11,0
S01009769,50 to 64,61,45,35,10,16,6,0,4,5,1
S01009769,65 to 74,11,8,6,2,3,0,0,1,0,2
S01009769,75 to 84,4,1,1,0,3,1,0,0,1,1
S01009769,85 and over,0,0,0,0,0,0,0,0,0,0
S01009770,All people aged 16 and over in households,562,354,318,36,208,141,12,18,17,20
S01009770,16 to 24,95,6,4,2,89,89,0,0,0,0
S01009770,25 to 34,72,47,38,9,25,20,2,0,3,0
S01009770,35 to 49,194,149,128,21,45,26,6,10,3,0
S01009770,50 to 64,138,113,110,3,25,4,3,6,10,2
S01009770,65 to 74,46,34,33,1,12,1,1,1,1,8
S01009770,75 to 84,13,5,5,0,8,1,0,1,0,6
S01009770,85 and over,4,0,0,0,4,0,0,0,0,4
S01009771,All people aged 16 and over in households,671,424,384,40,247,172,14,16,25,20
S01009771,16 to 24,121,5,2,3,116,112,3,1,0,0
S01009771,25 to 34,98,61,48,13,37,32,0,3,2,0
S01009771,35 to 49,227,191,173,18,36,16,5,8,7,0
S01009771,50 to 64,170,136,131,5,34,9,5,3,13,4
S01009771,65 to 74,36,23,22,1,13,3,0,1,2,7
S01009771,75 to 84,17,7,7,0,10,0,1,0,1,8
S01009771,85 and over,2,1,1,0,1,0,0,0,0,1
S01009772,All people aged 16 and over in households,503,288,228,60,215,144,6,13,29,23
S01009772,16 to 24,73,5,0,5,68,68,0,0,0,0
S01009772,25 to 34,93,51,27,24,42,38,0,4,0,0
S01009772,35 to 49,167,125,99,26,42,27,0,4,8,3
S01009772,50 to 64,113,76,71,5,37,8,4,4,15,6
S01009772,65 to 74,42,25,25,0,17,2,1,1,4,9
S01009772,75 to 84,15,6,6,0,9,1,1,0,2,5
S01009772,85 and over,0,0,0,0,0,0,0,0,0,0
S01009773,All people aged 16 and over in households,421,305,260,45,116,94,4,8,6,4
S01009773,16 to 24,92,17,4,13,75,74,1,0,0,0
S01009773,25 to 34,74,62,53,9,12,11,1,0,0,0
S01009773,35 to 49,201,179,156,23,22,8,1,7,5,1
S01009773,50 to 64,43,39,39,0,4,0,1,1,1,1
S01009773,65 to 74,5,5,5,0,0,0,0,0,0,0
S01009773,75 to 84,6,3,3,0,3,1,0,0,0,2
S01009773,85 and over,0,0,0,0,0,0,0,0,0,0
S01009774,All people aged 16 and over in households,355,259,245,14,96,70,5,7,9,5
S01009774,16 to 24,50,0,0,0,50,50,0,0,0,0
S01009774,25 to 34,100,84,78,6,16,12,1,2,1,0
S01009774,35 to 49,154,134,128,6,20,8,3,4,5,0
S01009774,50 to 64,44,38,36,2,6,0,1,0,2,3
S01009774,65 to 74,5,3,3,0,2,0,0,1,1,0
S01009774,75 to 84,2,0,0,0,2,0,0,0,0,2
S01009774,85 and over,0,0,0,0,0,0,0,0,0,0
S01009775,All people aged 16 and over in households,677,248,176,72,429,270,8,24,58,69
S01009775,16 to 24,125,19,1,18,106,106,0,0,0,0
S01009775,25 to 34,96,27,13,14,69,66,1,2,0,0
S01009775,35 to 49,165,68,44,24,97,65,1,9,18,4
S01009775,50 to 64,160,85,75,10,75,27,2,8,30,8
S01009775,65 to 74,80,28,24,4,52,3,2,5,7,35
S01009775,75 to 84,46,20,18,2,26,3,2,0,3,18
S01009775,85 and over,5,1,1,0,4,0,0,0,0,4
S01009776,All people aged 16 and over in households,468,134,92,42,334,239,3,24,46,22
S01009776,16 to 24,103,2,0,2,101,101,0,0,0,0
S01009776,25 to 34,90,19,5,14,71,63,1,6,1,0
S01009776,35 to 49,133,46,28,18,87,60,0,10,15,2
S01009776,50 to 64,92,45,38,7,47,14,1,6,22,4
S01009776,65 to 74,24,10,10,0,14,1,1,2,5,5
S01009776,75 to 84,24,12,11,1,12,0,0,0,3,9
S01009776,85 and over,2,0,0,0,2,0,0,0,0,2
S01009777,All people aged 16 and over in households,387,142,70,72,245,152,3,20,41,29
S01009777,16 to 24,61,13,0,13,48,48,0,0,0,0
S01009777,25 to 34,99,48,16,32,51,47,1,1,2,0
S01009777,35 to 49,114,39,18,21,75,46,0,14,13,2
S01009777,50 to 64,63,31,25,6,32,9,0,2,16,5
S01009777,65 to 74,29,10,10,0,19,2,2,2,6,7
S01009777,75 to 84,18,1,1,0,17,0,0,1,4,12
S01009777,85 and over,3,0,0,0,3,0,0,0,0,3
S01009778,All people aged 16 and over in households,711,302,230,72,409,212,6,27,64,100
S01009778,16 to 24,93,13,0,13,80,80,0,0,0,0
S01009778,25 to 34,63,28,11,17,35,32,3,0,0,0
S01009778,35 to 49,147,68,45,23,79,49,0,15,13,2
S01009778,50 to 64,179,84,66,18,95,37,1,9,35,13
S01009778,65 to 74,141,79,78,1,62,12,1,3,14,32
S01009778,75 to 84,72,30,30,0,42,1,1,0,1,39
S01009778,85 and over,16,0,0,0,16,1,0,0,1,14
S01009779,All people aged 16 and over in households,447,164,112,52,283,141,4,25,42,71
S01009779,16 to 24,65,13,0,13,52,51,0,1,0,0
S01009779,25 to 34,64,22,8,14,42,38,2,2,0,0
S01009779,35 to 49,88,41,25,16,47,27,1,7,11,1
S01009779,50 to 64,106,65,57,8,41,12,0,9,17,3
S01009779,65 to 74,50,9,8,1,41,5,1,6,8,21
S01009779,75 to 84,58,12,12,0,46,6,0,0,6,34
S01009779,85 and over,16,2,2,0,14,2,0,0,0,12
S01009780,All people aged 16 and over in households,445,168,116,52,277,207,1,17,34,18
S01009780,16 to 24,110,8,2,6,102,102,0,0,0,0
S01009780,25 to 34,72,24,9,15,48,45,0,0,3,0
S01009780,35 to 49,129,53,38,15,76,46,1,10,17,2
S01009780,50 to 64,106,69,54,15,37,13,0,6,10,8
S01009780,65 to 74,18,9,8,1,9,1,0,1,4,3
S01009780,75 to 84,10,5,5,0,5,0,0,0,0,5
S01009780,85 and over,0,0,0,0,0,0,0,0,0,0
S01009781,All people aged 16 and over in households,426,160,120,40,266,164,1,20,37,44
S01009781,16 to 24,64,2,0,2,62,62,0,0,0,0
S01009781,25 to 34,64,23,12,11,41,38,0,2,1,0
S01009781,35 to 49,116,47,31,16,69,43,0,12,13,1
S01009781,50 to 64,94,52,44,8,42,16,1,3,12,10
S01009781,65 to 74,54,25,22,3,29,4,0,3,7,15
S01009781,75 to 84,32,11,11,0,21,1,0,0,4,16
S01009781,85 and over,2,0,0,0,2,0,0,0,0,2
S01009782,All people aged 16 and over in households,396,218,156,62,178,131,6,21,12,8
S01009782,16 to 24,63,7,0,7,56,56,0,0,0,0
S01009782,25 to 34,121,77,48,29,44,39,0,5,0,0
S01009782,35 to 49,127,79,57,22,48,29,6,7,5,1
S01009782,50 to 64,74,52,48,4,22,6,0,9,6,1
S01009782,65 to 74,7,1,1,0,6,0,0,0,1,5
S01009782,75 to 84,3,2,2,0,1,1,0,0,0,0
S01009782,85 and over,1,0,0,0,1,0,0,0,0,1
S01009783,All people aged 16 and over in households,566,254,156,98,312,203,3,38,39,29
S01009783,16 to 24,99,6,2,4,93,92,0,0,0,1
S01009783,25 to 34,99,47,26,21,52,46,1,4,1,0
S01009783,35 to 49,197,103,53,50,94,50,1,21,21,1
S01009783,50 to 64,109,69,52,17,40,8,1,13,12,6
S01009783,65 to 74,40,21,18,3,19,3,0,0,4,12
S01009783,75 to 84,20,7,5,2,13,3,0,0,1,9
S01009783,85 and over,2,1,0,1,1,1,0,0,0,0
S01009784,All people aged 16 and over in households,584,222,172,50,362,231,8,25,52,46
S01009784,16 to 24,105,2,0,2,103,103,0,0,0,0
S01009784,25 to 34,96,33,22,11,63,54,5,4,0,0
S01009784,35 to 49,161,84,62,22,77,52,0,11,12,2
S01009784,50 to 64,128,62,48,14,66,16,3,8,28,11
S01009784,65 to 74,62,31,30,1,31,5,0,2,10,14
S01009784,75 to 84,27,10,10,0,17,1,0,0,2,14
S01009784,85 and over,5,0,0,0,5,0,0,0,0,5
S01009785,All people aged 16 and over in households,652,234,178,56,418,266,8,24,52,68
S01009785,16 to 24,105,6,2,4,99,99,0,0,0,0
S01009785,25 to 34,81,27,7,20,54,49,2,3,0,0
S01009785,35 to 49,176,67,49,18,109,78,3,12,16,0
S01009785,50 to 64,160,77,66,11,83,33,3,6,24,17
S01009785,65 to 74,66,35,33,2,31,2,0,2,10,17
S01009785,75 to 84,58,22,21,1,36,5,0,1,2,28
S01009785,85 and over,6,0,0,0,6,0,0,0,0,6
S01009786,All people aged 16 and over in households,708,224,160,64,484,314,3,51,58,58
S01009786,16 to 24,125,4,0,4,121,119,0,1,0,1
S01009786,25 to 34,101,24,11,13,77,75,1,0,1,0
S01009786,35 to 49,218,96,63,33,122,75,2,25,17,3
S01009786,50 to 64,151,64,52,12,87,30,0,16,30,11
S01009786,65 to 74,75,29,27,2,46,9,0,9,7,21
S01009786,75 to 84,35,7,7,0,28,5,0,0,3,20
S01009786,85 and over,3,0,0,0,3,1,0,0,0,2
S01009787,All people aged 16 and over in households,700,262,188,74,438,274,6,36,51,71
S01009787,16 to 24,113,5,0,5,108,107,0,0,1,0
S01009787,25 to 34,92,27,9,18,65,58,0,4,3,0
S01009787,35 to 49,179,68,38,30,111,79,0,17,11,4
S01009787,50 to 64,164,92,71,21,72,24,3,8,25,12
S01009787,65 to 74,94,51,51,0,43,4,1,6,10,22
S01009787,75 to 84,44,18,18,0,26,1,2,1,1,21
S01009787,85 and over,14,1,1,0,13,1,0,0,0,12
S01009788,All people aged 16 and over in households,716,322,274,48,394,228,5,23,38,100
S01009788,16 to 24,86,4,2,2,82,82,0,0,0,0
S01009788,25 to 34,67,27,15,12,40,38,1,1,0,0
S01009788,35 to 49,163,93,66,27,70,48,1,12,9,0
S01009788,50 to 64,177,111,104,7,66,30,1,8,19,8
S01009788,65 to 74,106,53,53,0,53,19,2,1,5,26
S01009788,75 to 84,99,31,31,0,68,8,0,1,5,54
S01009788,85 and over,18,3,3,0,15,3,0,0,0,12
S01009789,All people aged 16 and over in households,748,322,244,78,426,265,6,24,39,92
S01009789,16 to 24,109,8,0,8,101,100,0,0,0,1
S01009789,25 to 34,84,24,8,16,60,57,0,1,2,0
S01009789,35 to 49,192,109,70,39,83,60,2,14,5,2
S01009789,50 to 64,176,114,103,11,62,32,0,7,15,8
S01009789,65 to 74,87,36,32,4,51,9,2,1,12,27
S01009789,75 to 84,85,30,30,0,55,7,2,1,4,41
S01009789,85 and over,15,1,1,0,14,0,0,0,1,13
S01009790,All people aged 16 and over in households,519,210,184,26,309,201,6,23,29,50
S01009790,16 to 24,87,2,0,2,85,85,0,0,0,0
S01009790,25 to 34,51,16,7,9,35,33,0,2,0,0
S01009790,35 to 49,163,89,77,12,74,48,1,13,12,0
S01009790,50 to 64,106,65,62,3,41,18,1,6,11,5
S01009790,65 to 74,61,30,30,0,31,9,2,2,6,12
S01009790,75 to 84,38,5,5,0,33,8,2,0,0,23
S01009790,85 and over,13,3,3,0,10,0,0,0,0,10
S01009791,All people aged 16 and over in households,528,212,166,46,316,209,7,17,31,52
S01009791,16 to 24,104,10,1,9,94,94,0,0,0,0
S01009791,25 to 34,65,17,6,11,48,45,2,1,0,0
S01009791,35 to 49,143,72,55,17,71,48,2,9,12,0
S01009791,50 to 64,108,68,61,7,40,15,0,5,14,6
S01009791,65 to 74,56,28,26,2,28,3,1,2,5,17
S01009791,75 to 84,40,17,17,0,23,4,2,0,0,17
S01009791,85 and over,12,0,0,0,12,0,0,0,0,12
S01009792,All people aged 16 and over in households,718,462,392,70,256,185,15,22,21,13
S01009792,16 to 24,128,8,0,8,120,118,1,0,0,1
S01009792,25 to 34,119,73,44,29,46,36,4,6,0,0
S01009792,35 to 49,298,246,221,25,52,21,9,11,9,2
S01009792,50 to 64,140,109,102,7,31,9,1,5,12,4
S01009792,65 to 74,21,18,18,0,3,1,0,0,0,2
S01009792,75 to 84,11,8,7,1,3,0,0,0,0,3
S01009792,85 and over,1,0,0,0,1,0,0,0,0,1
S01009793,All people aged 16 and over in households,761,436,344,92,325,210,2,12,42,59
S01009793,16 to 24,80,9,0,9,71,71,0,0,0,0
S01009793,25 to 34,119,59,32,27,60,55,0,2,2,1
S01009793,35 to 49,172,117,90,27,55,33,2,6,14,0
S01009793,50 to 64,215,159,135,24,56,29,0,4,18,5
S01009793,65 to 74,98,65,61,4,33,10,0,0,6,17
S01009793,75 to 84,55,22,21,1,33,8,0,0,2,23
S01009793,85 and over,22,5,5,0,17,4,0,0,0,13
S01009794,All people aged 16 and over in households,399,292,238,54,107,73,4,7,14,9
S01009794,16 to 24,46,4,0,4,42,42,0,0,0,0
S01009794,25 to 34,70,59,37,22,11,9,1,1,0,0
S01009794,35 to 49,179,152,134,18,27,15,1,2,9,0
S01009794,50 to 64,77,64,56,8,13,5,0,4,4,0
S01009794,65 to 74,15,6,5,1,9,2,1,0,1,5
S01009794,75 to 84,12,7,6,1,5,0,1,0,0,4
S01009794,85 and over,0,0,0,0,0,0,0,0,0,0
S01009795,All people aged 16 and over in households,645,420,370,50,225,170,6,14,17,18
S01009795,16 to 24,111,2,0,2,109,108,1,0,0,0
S01009795,25 to 34,60,27,23,4,33,31,0,1,1,0
S01009795,35 to 49,271,232,205,27,39,18,3,9,8,1
S01009795,50 to 64,164,138,121,17,26,10,2,2,8,4
S01009795,65 to 74,26,18,18,0,8,1,0,2,0,5
S01009795,75 to 84,13,3,3,0,10,2,0,0,0,8
S01009795,85 and over,0,0,0,0,0,0,0,0,0,0
S01009796,All people aged 16 and over in households,623,410,362,48,213,125,6,10,25,47
S01009796,16 to 24,66,4,0,4,62,62,0,0,0,0
S01009796,25 to 34,88,56,49,7,32,30,0,2,0,0
S01009796,35 to 49,177,147,122,25,30,13,5,6,5,1
S01009796,50 to 64,170,145,135,10,25,5,0,1,15,4
S01009796,65 to 74,64,35,34,1,29,8,1,0,4,16
S01009796,75 to 84,48,19,18,1,29,6,0,1,1,21
S01009796,85 and over,10,4,4,0,6,1,0,0,0,5
S01009797,All people aged 16 and over in households,630,376,336,40,254,174,8,16,22,34
S01009797,16 to 24,98,8,3,5,90,90,0,0,0,0
S01009797,25 to 34,100,55,40,15,45,42,1,2,0,0
S01009797,35 to 49,198,156,143,13,42,23,1,11,5,2
S01009797,50 to 64,141,105,98,7,36,13,2,3,12,6
S01009797,65 to 74,53,36,36,0,17,4,0,0,4,9
S01009797,75 to 84,36,16,16,0,20,2,4,0,0,14
S01009797,85 and over,4,0,0,0,4,0,0,0,1,3
S01009798,All people aged 16 and over in households,555,366,318,48,189,133,3,11,18,24
S01009798,16 to 24,98,1,1,0,97,97,0,0,0,0
S01009798,25 to 34,49,29,18,11,20,18,0,1,1,0
S01009798,35 to 49,232,203,180,23,29,13,1,7,5,3
S01009798,50 to 64,131,110,98,12,21,5,1,3,8,4
S01009798,65 to 74,28,16,16,0,12,0,0,0,4,8
S01009798,75 to 84,12,6,4,2,6,0,0,0,0,6
S01009798,85 and over,5,1,1,0,4,0,1,0,0,3
S01009799,All people aged 16 and over in households,662,218,150,68,444,279,4,27,57,77
S01009799,16 to 24,115,5,1,4,110,109,0,1,0,0
S01009799,25 to 34,111,37,13,24,74,68,1,3,2,0
S01009799,35 to 49,163,60,33,27,103,68,0,14,20,1
S01009799,50 to 64,150,73,64,9,77,28,1,8,30,10
S01009799,65 to 74,59,26,22,4,33,4,0,1,3,25
S01009799,75 to 84,51,17,17,0,34,1,1,0,2,30
S01009799,85 and over,13,0,0,0,13,1,1,0,0,11
S01009800,All people aged 16 and over in households,846,406,302,104,440,309,4,32,53,42
S01009800,16 to 24,145,3,0,3,142,142,0,0,0,0
S01009800,25 to 34,140,79,36,43,61,57,1,3,0,0
S01009800,35 to 49,251,131,87,44,120,80,1,20,17,2
S01009800,50 to 64,188,122,108,14,66,24,2,6,30,4
S01009800,65 to 74,83,54,54,0,29,5,0,3,6,15
S01009800,75 to 84,34,17,17,0,17,1,0,0,0,16
S01009800,85 and over,5,0,0,0,5,0,0,0,0,5
S01009801,All people aged 16 and over in households,698,306,242,64,392,255,7,30,39,61
S01009801,16 to 24,132,6,2,4,126,124,1,1,0,0
S01009801,25 to 34,82,29,19,10,53,49,0,3,0,1
S01009801,35 to 49,198,103,63,40,95,58,5,14,15,3
S01009801,50 to 64,158,101,91,10,57,16,1,10,19,11
S01009801,65 to 74,70,38,38,0,32,7,0,1,3,21
S01009801,75 to 84,50,28,28,0,22,1,0,1,2,18
S01009801,85 and over,8,1,1,0,7,0,0,0,0,7
S01009802,All people aged 16 and over in households,772,356,252,104,416,284,2,22,61,47
S01009802,16 to 24,126,5,1,4,121,120,1,0,0,0
S01009802,25 to 34,157,81,39,42,76,73,0,2,1,0
S01009802,35 to 49,265,162,112,50,103,67,1,11,21,3
S01009802,50 to 64,131,68,60,8,63,21,0,7,29,6
S01009802,65 to 74,56,28,28,0,28,2,0,1,7,18
S01009802,75 to 84,32,12,12,0,20,1,0,1,3,15
S01009802,85 and over,5,0,0,0,5,0,0,0,0,5
S01009803,All people aged 16 and over in households,636,242,186,56,394,246,5,17,49,77
S01009803,16 to 24,110,5,0,5,105,103,0,0,2,0
S01009803,25 to 34,90,45,21,24,45,44,0,1,0,0
S01009803,35 to 49,173,88,69,19,85,66,2,6,9,2
S01009803,50 to 64,125,74,67,7,51,17,2,7,16,9
S01009803,65 to 74,78,21,20,1,57,11,0,2,16,28
S01009803,75 to 84,46,9,9,0,37,5,1,1,5,25
S01009803,85 and over,14,0,0,0,14,0,0,0,1,13
S01009804,All people aged 16 and over in households,330,174,118,56,156,90,4,20,25,17
S01009804,16 to 24,34,6,0,6,28,28,0,0,0,0
S01009804,25 to 34,107,76,44,32,31,27,2,2,0,0
S01009804,35 to 49,101,53,37,16,48,23,2,11,11,1
S01009804,50 to 64,66,35,33,2,31,7,0,7,12,5
S01009804,65 to 74,10,1,1,0,9,2,0,0,2,5
S01009804,75 to 84,10,2,2,0,8,2,0,0,0,6
S01009804,85 and over,2,1,1,0,1,1,0,0,0,0
S01009805,All people aged 16 and over in households,742,300,226,74,442,298,4,36,47,57
S01009805,16 to 24,152,8,1,7,144,144,0,0,0,0
S01009805,25 to 34,82,28,11,17,54,54,0,0,0,0
S01009805,35 to 49,220,112,74,38,108,61,2,26,18,1
S01009805,50 to 64,167,98,90,8,69,28,1,9,21,10
S01009805,65 to 74,74,39,35,4,35,7,1,0,7,20
S01009805,75 to 84,41,14,14,0,27,4,0,1,1,21
S01009805,85 and over,6,1,1,0,5,0,0,0,0,5
S01009806,All people aged 16 and over in households,713,280,220,60,433,218,8,42,72,93
S01009806,16 to 24,85,14,6,8,71,71,0,0,0,0
S01009806,25 to 34,131,68,29,39,63,59,0,4,0,0
S01009806,35 to 49,127,60,53,7,67,37,2,8,20,0
S01009806,50 to 64,169,78,74,4,91,27,2,24,31,7
S01009806,65 to 74,83,33,31,2,50,9,0,4,16,21
S01009806,75 to 84,91,22,22,0,69,12,1,2,5,49
S01009806,85 and over,27,5,5,0,22,3,3,0,0,16
S01009807,All people aged 16 and over in households,795,374,274,100,421,257,2,34,65,63
S01009807,16 to 24,112,9,0,9,103,103,0,0,0,0
S01009807,25 to 34,162,88,44,44,74,69,0,3,2,0
S01009807,35 to 49,210,123,90,33,87,54,0,15,18,0
S01009807,50 to 64,178,106,96,10,72,16,1,11,30,14
S01009807,65 to 74,65,30,26,4,35,5,0,4,11,15
S01009807,75 to 84,54,14,14,0,40,10,0,1,4,25
S01009807,85 and over,14,4,4,0,10,0,1,0,0,9
S01009808,All people aged 16 and over in households,664,264,190,74,400,284,13,33,40,30
S01009808,16 to 24,109,16,5,11,93,91,0,1,0,1
S01009808,25 to 34,152,53,25,28,99,76,9,11,1,2
S01009808,35 to 49,237,106,77,29,131,95,2,15,16,3
S01009808,50 to 64,94,51,50,1,43,18,2,6,14,3
S01009808,65 to 74,39,22,21,1,17,3,0,0,7,7
S01009808,75 to 84,29,16,12,4,13,1,0,0,2,10
S01009808,85 and over,4,0,0,0,4,0,0,0,0,4
S01009809,All people aged 16 and over in households,562,258,188,70,304,177,2,23,52,50
S01009809,16 to 24,74,6,4,2,68,67,0,0,1,0
S01009809,25 to 34,118,60,34,26,58,50,0,6,2,0
S01009809,35 to 49,133,77,46,31,56,28,1,5,20,2
S01009809,50 to 64,142,76,68,8,66,21,1,9,21,14
S01009809,65 to 74,42,26,24,2,16,4,0,2,3,7
S01009809,75 to 84,43,13,12,1,30,7,0,1,3,19
S01009809,85 and over,10,0,0,0,10,0,0,0,2,8
S01009810,All people aged 16 and over in households,671,256,192,64,415,226,3,34,80,72
S01009810,16 to 24,67,5,2,3,62,62,0,0,0,0
S01009810,25 to 34,144,66,36,30,78,71,0,4,1,2
S01009810,35 to 49,145,63,43,20,82,48,1,15,17,1
S01009810,50 to 64,163,77,70,7,86,26,1,13,39,7
S01009810,65 to 74,77,28,26,2,49,11,0,2,17,19
S01009810,75 to 84,50,15,13,2,35,3,1,0,3,28
S01009810,85 and over,25,2,2,0,23,5,0,0,3,15
S01009811,All people aged 16 and over in households,893,352,272,80,541,301,7,52,89,92
S01009811,16 to 24,118,8,2,6,110,110,0,0,0,0
S01009811,25 to 34,118,47,23,24,71,65,0,6,0,0
S01009811,35 to 49,235,115,84,31,120,72,3,22,22,1
S01009811,50 to 64,194,91,75,16,103,35,1,17,39,11
S01009811,65 to 74,113,62,59,3,51,5,0,6,22,18
S01009811,75 to 84,91,28,28,0,63,12,2,1,6,42
S01009811,85 and over,24,1,1,0,23,2,1,0,0,20
S01009812,All people aged 16 and over in households,627,266,188,78,361,205,4,25,52,75
S01009812,16 to 24,73,5,0,5,68,68,0,0,0,0
S01009812,25 to 34,89,38,18,20,51,47,0,2,1,1
S01009812,35 to 49,159,84,47,37,75,44,0,15,15,1
S01009812,50 to 64,141,74,61,13,67,23,2,6,26,10
S01009812,65 to 74,76,33,30,3,43,17,0,0,7,19
S01009812,75 to 84,64,25,25,0,39,4,2,2,3,28
S01009812,85 and over,25,7,7,0,18,2,0,0,0,16
S01009813,All people aged 16 and over in households,562,184,158,26,378,204,9,28,70,67
S01009813,16 to 24,102,5,1,4,97,97,0,0,0,0
S01009813,25 to 34,68,31,24,7,37,33,1,3,0,0
S01009813,35 to 49,152,84,75,9,68,33,6,11,16,2
S01009813,50 to 64,128,41,38,3,87,21,2,12,42,10
S01009813,65 to 74,44,19,16,3,25,5,0,2,6,12
S01009813,75 to 84,43,4,4,0,39,10,0,0,6,23
S01009813,85 and over,25,0,0,0,25,5,0,0,0,20
S01009814,All people aged 16 and over in households,696,352,296,56,344,223,3,17,33,68
S01009814,16 to 24,113,15,7,8,98,98,0,0,0,0
S01009814,25 to 34,79,24,12,12,55,52,0,2,1,0
S01009814,35 to 49,165,105,87,18,60,39,1,9,11,0
S01009814,50 to 64,172,121,107,14,51,24,0,3,14,10
S01009814,65 to 74,85,59,56,3,26,3,1,3,5,14
S01009814,75 to 84,49,24,24,0,25,4,0,0,2,19
S01009814,85 and over,33,4,3,1,29,3,1,0,0,25
S01009815,All people aged 16 and over in households,590,268,202,66,322,191,7,20,59,45
S01009815,16 to 24,75,5,0,5,70,70,0,0,0,0
S01009815,25 to 34,121,57,30,27,64,58,3,2,1,0
S01009815,35 to 49,154,88,59,29,66,34,2,12,18,0
S01009815,50 to 64,145,88,83,5,57,18,0,2,29,8
S01009815,65 to 74,52,21,21,0,31,6,1,3,7,14
S01009815,75 to 84,31,8,8,0,23,2,1,1,3,16
S01009815,85 and over,12,1,1,0,11,3,0,0,1,7
S01009816,All people aged 16 and over in households,587,310,228,82,277,179,4,23,35,36
S01009816,16 to 24,84,4,1,3,80,80,0,0,0,0
S01009816,25 to 34,115,64,33,31,51,48,0,2,1,0
S01009816,35 to 49,170,110,78,32,60,27,2,15,14,2
S01009816,50 to 64,130,87,71,16,43,16,1,6,15,5
S01009816,65 to 74,46,29,29,0,17,7,0,0,2,8
S01009816,75 to 84,30,12,12,0,18,1,0,0,3,14
S01009816,85 and over,12,4,4,0,8,0,1,0,0,7
S01009817,All people aged 16 and over in households,585,256,218,38,329,174,1,23,58,73
S01009817,16 to 24,71,2,0,2,69,69,0,0,0,0
S01009817,25 to 34,56,26,11,15,30,30,0,0,0,0
S01009817,35 to 49,137,80,66,14,57,31,1,7,17,1
S01009817,50 to 64,142,80,75,5,62,23,0,12,23,4
S01009817,65 to 74,80,41,39,2,39,8,0,4,14,13
S01009817,75 to 84,76,24,24,0,52,11,0,0,3,38
S01009817,85 and over,23,3,3,0,20,2,0,0,1,17
S01009818,All people aged 16 and over in households,852,502,472,30,350,217,6,11,23,93
S01009818,16 to 24,95,0,0,0,95,95,0,0,0,0
S01009818,25 to 34,87,27,15,12,60,60,0,0,0,0
S01009818,35 to 49,125,91,81,10,34,22,0,5,6,1
S01009818,50 to 64,245,200,192,8,45,24,0,4,7,10
S01009818,65 to 74,164,121,121,0,43,6,1,2,7,27
S01009818,75 to 84,120,62,62,0,58,9,5,0,2,42
S01009818,85 and over,16,1,1,0,15,1,0,0,1,13
S01009819,All people aged 16 and over in households,521,260,232,28,261,139,4,18,34,66
S01009819,16 to 24,46,0,0,0,46,46,0,0,0,0
S01009819,25 to 34,50,19,11,8,31,27,2,2,0,0
S01009819,35 to 49,124,77,67,10,47,30,0,10,5,2
S01009819,50 to 64,138,84,76,8,54,16,2,5,22,9
S01009819,65 to 74,93,61,61,0,32,13,0,1,4,14
S01009819,75 to 84,51,18,17,1,33,4,0,0,3,26
S01009819,85 and over,19,1,0,1,18,3,0,0,0,15
S01009820,All people aged 16 and over in households,790,374,332,42,416,234,8,22,64,88
S01009820,16 to 24,90,6,2,4,84,83,1,0,0,0
S01009820,25 to 34,98,39,25,14,59,54,1,2,2,0
S01009820,35 to 49,203,126,111,15,77,48,3,9,17,0
S01009820,50 to 64,199,131,124,7,68,19,0,9,31,9
S01009820,65 to 74,96,47,46,1,49,12,1,2,12,22
S01009820,75 to 84,77,23,22,1,54,12,2,0,2,38
S01009820,85 and over,27,2,2,0,25,6,0,0,0,19
S01009821,All people aged 16 and over in households,533,286,240,46,247,164,4,15,15,49
S01009821,16 to 24,93,5,0,5,88,88,0,0,0,0
S01009821,25 to 34,73,34,27,7,39,37,1,1,0,0
S01009821,35 to 49,142,100,74,26,42,22,2,8,8,2
S01009821,50 to 64,108,88,81,7,20,9,0,3,5,3
S01009821,65 to 74,74,44,43,1,30,3,0,3,2,22
S01009821,75 to 84,31,13,13,0,18,4,0,0,0,14
S01009821,85 and over,12,2,2,0,10,1,1,0,0,8
S01009822,All people aged 16 and over in households,360,188,148,40,172,109,5,15,19,24
S01009822,16 to 24,47,2,0,2,45,45,0,0,0,0
S01009822,25 to 34,75,43,34,9,32,29,0,3,0,0
S01009822,35 to 49,106,70,52,18,36,19,2,8,6,1
S01009822,50 to 64,65,41,34,7,24,8,0,2,9,5
S01009822,65 to 74,41,23,19,4,18,6,2,1,2,7
S01009822,75 to 84,19,6,6,0,13,2,1,1,2,7
S01009822,85 and over,7,3,3,0,4,0,0,0,0,4
S01009823,All people aged 16 and over in households,552,210,160,50,342,210,11,26,30,65
S01009823,16 to 24,86,6,0,6,80,77,2,0,0,1
S01009823,25 to 34,99,34,15,19,65,61,2,1,1,0
S01009823,35 to 49,126,58,42,16,68,37,3,15,9,4
S01009823,50 to 64,131,75,67,8,56,22,2,6,16,10
S01009823,65 to 74,53,24,23,1,29,5,2,3,3,16
S01009823,75 to 84,41,12,12,0,29,6,0,1,1,21
S01009823,85 and over,16,1,1,0,15,2,0,0,0,13
S01009824,All people aged 16 and over in households,659,332,242,90,327,194,12,28,27,66
S01009824,16 to 24,72,4,0,4,68,68,0,0,0,0
S01009824,25 to 34,110,60,34,26,50,48,1,0,1,0
S01009824,35 to 49,245,154,112,42,91,59,8,14,8,2
S01009824,50 to 64,100,63,47,16,37,9,0,7,9,12
S01009824,65 to 74,67,28,27,1,39,8,2,7,5,17
S01009824,75 to 84,58,22,21,1,36,2,1,0,4,29
S01009824,85 and over,7,1,1,0,6,0,0,0,0,6
S01009825,All people aged 16 and over in households,806,352,258,94,454,289,3,29,58,75
S01009825,16 to 24,129,13,3,10,116,115,0,1,0,0
S01009825,25 to 34,135,68,35,33,67,63,0,1,3,0
S01009825,35 to 49,214,117,84,33,97,71,2,8,13,3
S01009825,50 to 64,178,95,81,14,83,26,0,16,33,8
S01009825,65 to 74,67,32,31,1,35,7,1,2,8,17
S01009825,75 to 84,67,21,18,3,46,5,0,1,1,39
S01009825,85 and over,16,6,6,0,10,2,0,0,0,8
S01009826,All people aged 16 and over in households,456,182,146,36,274,170,4,22,36,42
S01009826,16 to 24,77,3,0,3,74,73,1,0,0,0
S01009826,25 to 34,62,23,15,8,39,35,0,4,0,0
S01009826,35 to 49,128,68,50,18,60,38,0,8,14,0
S01009826,50 to 64,95,48,42,6,47,14,2,6,15,10
S01009826,65 to 74,40,17,16,1,23,5,0,3,6,9
S01009826,75 to 84,44,19,19,0,25,5,1,1,0,18
S01009826,85 and over,10,4,4,0,6,0,0,0,1,5
S01009827,All people aged 16 and over in households,695,302,236,66,393,249,7,26,42,69
S01009827,16 to 24,109,0,0,0,109,109,0,0,0,0
S01009827,25 to 34,97,38,23,15,59,55,2,0,2,0
S01009827,35 to 49,179,110,84,26,69,40,1,14,12,2
S01009827,50 to 64,163,86,71,15,77,31,3,11,22,10
S01009827,65 to 74,76,48,39,9,28,7,0,0,5,16
S01009827,75 to 84,55,17,17,0,38,6,1,1,1,29
S01009827,85 and over,16,3,2,1,13,1,0,0,0,12
S01009828,All people aged 16 and over in households,658,188,160,28,470,252,11,44,72,91
S01009828,16 to 24,73,3,2,1,70,69,1,0,0,0
S01009828,25 to 34,94,22,11,11,72,63,7,1,1,0
S01009828,35 to 49,164,57,43,14,107,64,0,14,20,9
S01009828,50 to 64,137,46,46,0,91,32,2,18,29,10
S01009828,65 to 74,83,30,28,2,53,6,1,10,13,23
S01009828,75 to 84,90,28,28,0,62,15,0,1,9,37
S01009828,85 and over,17,2,2,0,15,3,0,0,0,12
S01009829,All people aged 16 and over in households,793,372,234,138,421,263,7,33,52,66
S01009829,16 to 24,100,28,5,23,72,72,0,0,0,0
S01009829,25 to 34,211,122,50,72,89,79,2,5,3,0
S01009829,35 to 49,192,81,50,31,111,80,3,14,13,1
S01009829,50 to 64,143,78,66,12,65,15,1,12,30,7
S01009829,65 to 74,66,39,39,0,27,6,0,2,4,15
S01009829,75 to 84,52,15,15,0,37,6,1,0,1,29
S01009829,85 and over,29,9,9,0,20,5,0,0,1,14
S01009830,All people aged 16 and over in households,619,310,238,72,309,197,0,14,47,51
S01009830,16 to 24,99,9,0,9,90,90,0,0,0,0
S01009830,25 to 34,125,74,41,33,51,49,0,2,0,0
S01009830,35 to 49,151,91,69,22,60,34,0,5,20,1
S01009830,50 to 64,135,83,76,7,52,15,0,3,23,11
S01009830,65 to 74,66,39,38,1,27,7,0,3,2,15
S01009830,75 to 84,36,14,14,0,22,2,0,1,2,17
S01009830,85 and over,7,0,0,0,7,0,0,0,0,7
S01009831,All people aged 16 and over in households,594,320,226,94,274,190,1,22,30,31
S01009831,16 to 24,98,14,0,14,84,83,0,1,0,0
S01009831,25 to 34,124,59,24,35,65,60,0,5,0,0
S01009831,35 to 49,170,116,83,33,54,36,0,6,11,1
S01009831,50 to 64,125,93,81,12,32,6,0,9,15,2
S01009831,65 to 74,43,30,30,0,13,4,0,1,4,4
S01009831,75 to 84,24,7,7,0,17,1,1,0,0,15
S01009831,85 and over,10,1,1,0,9,0,0,0,0,9
S01009832,All people aged 16 and over in households,825,418,324,94,407,231,4,29,53,90
S01009832,16 to 24,97,10,2,8,87,86,1,0,0,0
S01009832,25 to 34,131,72,32,40,59,52,3,0,4,0
S01009832,35 to 49,215,134,99,35,81,50,0,13,16,2
S01009832,50 to 64,188,124,115,9,64,18,0,15,19,12
S01009832,65 to 74,86,44,42,2,42,12,0,1,9,20
S01009832,75 to 84,79,26,26,0,53,12,0,0,3,38
S01009832,85 and over,29,8,8,0,21,1,0,0,2,18
S01009833,All people aged 16 and over in households,432,258,190,68,174,112,4,8,25,25
S01009833,16 to 24,55,12,2,10,43,42,1,0,0,0
S01009833,25 to 34,69,46,17,29,23,23,0,0,0,0
S01009833,35 to 49,135,88,63,25,47,35,2,1,9,0
S01009833,50 to 64,121,89,85,4,32,10,0,6,11,5
S01009833,65 to 74,31,16,16,0,15,1,0,0,4,10
S01009833,75 to 84,18,7,7,0,11,1,1,1,1,7
S01009833,85 and over,3,0,0,0,3,0,0,0,0,3
S01009834,All people aged 16 and over in households,630,280,194,86,350,229,6,41,52,22
S01009834,16 to 24,91,3,0,3,88,87,0,1,0,0
S01009834,25 to 34,159,86,52,34,73,61,0,9,3,0
S01009834,35 to 49,210,117,81,36,93,60,6,15,9,3
S01009834,50 to 64,119,53,43,10,66,16,0,11,36,3
S01009834,65 to 74,27,13,11,2,14,1,0,4,4,5
S01009834,75 to 84,21,8,7,1,13,3,0,1,0,9
S01009834,85 and over,3,0,0,0,3,1,0,0,0,2
S01009835,All people aged 16 and over in households,417,141,90,51,276,182,2,17,36,39
S01009835,16 to 24,68,5,1,4,63,63,0,0,0,0
S01009835,25 to 34,70,18,4,14,52,47,2,0,3,0
S01009835,35 to 49,123,48,25,23,75,55,0,8,10,2
S01009835,50 to 64,76,43,37,6,33,10,0,7,14,2
S01009835,65 to 74,39,18,14,4,21,4,0,1,5,11
S01009835,75 to 84,35,9,9,0,26,2,0,1,3,20
S01009835,85 and over,6,0,0,0,6,1,0,0,1,4
S01009836,All people aged 16 and over in households,805,424,346,78,381,239,10,25,30,77
S01009836,16 to 24,100,10,0,10,90,90,0,0,0,0
S01009836,25 to 34,100,50,26,24,50,42,3,4,1,0
S01009836,35 to 49,213,128,102,26,85,58,4,10,12,1
S01009836,50 to 64,222,153,141,12,69,36,0,9,12,12
S01009836,65 to 74,84,54,49,5,30,6,0,1,3,20
S01009836,75 to 84,58,22,21,1,36,3,3,1,2,27
S01009836,85 and over,28,7,7,0,21,4,0,0,0,17
S01009837,All people aged 16 and over in households,573,208,146,62,365,175,5,26,64,95
S01009837,16 to 24,49,6,2,4,43,43,0,0,0,0
S01009837,25 to 34,89,34,6,28,55,52,2,1,0,0
S01009837,35 to 49,106,47,29,18,59,34,2,9,14,0
S01009837,50 to 64,167,83,74,9,84,30,0,11,35,8
S01009837,65 to 74,66,23,21,2,43,11,0,2,10,20
S01009837,75 to 84,60,13,13,0,47,3,1,3,2,38
S01009837,85 and over,36,2,1,1,34,2,0,0,3,29
S01009838,All people aged 16 and over in households,635,208,150,58,427,260,7,32,51,77
S01009838,16 to 24,72,5,3,2,67,65,0,2,0,0
S01009838,25 to 34,125,47,24,23,78,72,1,2,1,2
S01009838,35 to 49,174,58,38,20,116,77,4,16,19,0
S01009838,50 to 64,118,60,49,11,58,22,0,9,18,9
S01009838,65 to 74,74,28,27,1,46,12,0,3,7,24
S01009838,75 to 84,55,9,9,0,46,11,1,0,3,31
S01009838,85 and over,17,1,0,1,16,1,1,0,3,11
S01009839,All people aged 16 and over in households,818,209,100,109,609,426,9,32,106,36
S01009839,16 to 24,153,23,4,19,130,130,0,0,0,0
S01009839,25 to 34,223,66,29,37,157,143,6,5,2,1
S01009839,35 to 49,200,55,20,35,145,100,1,15,28,1
S01009839,50 to 64,170,48,33,15,122,39,1,10,60,12
S01009839,65 to 74,49,12,9,3,37,9,1,2,13,12
S01009839,75 to 84,19,5,5,0,14,3,0,0,3,8
S01009839,85 and over,4,0,0,0,4,2,0,0,0,2
S01009840,All people aged 16 and over in households,848,354,296,58,494,285,6,35,65,103
S01009840,16 to 24,101,6,0,6,95,95,0,0,0,0
S01009840,25 to 34,103,35,19,16,68,67,0,1,0,0
S01009840,35 to 49,169,81,62,19,88,57,3,14,12,2
S01009840,50 to 64,226,129,114,15,97,34,0,13,36,14
S01009840,65 to 74,132,70,68,2,62,14,0,6,9,33
S01009840,75 to 84,87,30,30,0,57,15,3,1,8,30
S01009840,85 and over,30,3,3,0,27,3,0,0,0,24
S01009841,All people aged 16 and over in households,640,196,102,94,444,280,20,34,84,26
S01009841,16 to 24,109,28,2,26,81,81,0,0,0,0
S01009841,25 to 34,166,58,21,37,108,87,14,5,2,0
S01009841,35 to 49,172,53,29,24,119,76,5,14,22,2
S01009841,50 to 64,125,35,28,7,90,26,1,12,42,9
S01009841,65 to 74,54,20,20,0,34,8,0,2,15,9
S01009841,75 to 84,10,2,2,0,8,2,0,1,1,4
S01009841,85 and over,4,0,0,0,4,0,0,0,2,2
S01009842,All people aged 16 and over in households,515,210,142,68,305,208,14,20,49,14
S01009842,16 to 24,87,20,7,13,67,67,0,0,0,0
S01009842,25 to 34,145,53,27,26,92,71,10,4,3,4
S01009842,35 to 49,159,76,55,21,83,54,2,8,18,1
S01009842,50 to 64,97,50,42,8,47,12,2,6,23,4
S01009842,65 to 74,14,5,5,0,9,2,0,2,5,0
S01009842,75 to 84,10,5,5,0,5,2,0,0,0,3
S01009842,85 and over,3,1,1,0,2,0,0,0,0,2
S01009843,All people aged 16 and over in households,496,154,100,54,342,224,10,29,38,41
S01009843,16 to 24,63,1,0,1,62,62,0,0,0,0
S01009843,25 to 34,108,48,20,28,60,57,3,0,0,0
S01009843,35 to 49,148,57,39,18,91,58,5,13,14,1
S01009843,50 to 64,99,32,26,6,67,30,0,10,21,6
S01009843,65 to 74,49,14,13,1,35,10,1,4,3,17
S01009843,75 to 84,27,2,2,0,25,7,1,2,0,15
S01009843,85 and over,2,0,0,0,2,0,0,0,0,2
S01009844,All people aged 16 and over in households,477,109,72,37,368,233,10,17,66,42
S01009844,16 to 24,83,10,3,7,73,72,0,0,1,0
S01009844,25 to 34,105,49,27,22,56,52,0,1,3,0
S01009844,35 to 49,130,28,22,6,102,71,7,7,15,2
S01009844,50 to 64,78,18,16,2,60,16,1,4,34,5
S01009844,65 to 74,30,1,1,0,29,14,1,2,9,3
S01009844,75 to 84,33,2,2,0,31,6,1,3,4,17
S01009844,85 and over,18,1,1,0,17,2,0,0,0,15
S01009845,All people aged 16 and over in households,612,164,104,60,448,318,27,24,68,11
S01009845,16 to 24,119,15,4,11,104,102,2,0,0,0
S01009845,25 to 34,190,72,45,27,118,94,16,3,5,0
S01009845,35 to 49,173,52,35,17,121,85,4,10,21,1
S01009845,50 to 64,108,25,20,5,83,31,5,10,33,4
S01009845,65 to 74,13,0,0,0,13,3,0,0,9,1
S01009845,75 to 84,8,0,0,0,8,3,0,1,0,4
S01009845,85 and over,1,0,0,0,1,0,0,0,0,1
S01009846,All people aged 16 and over in households,714,286,226,60,428,282,7,32,63,44
S01009846,16 to 24,108,18,8,10,90,90,0,0,0,0
S01009846,25 to 34,133,60,35,25,73,65,1,2,2,3
S01009846,35 to 49,193,66,49,17,127,86,4,12,23,2
S01009846,50 to 64,194,112,104,8,82,33,0,13,22,14
S01009846,65 to 74,63,25,25,0,38,7,2,5,12,12
S01009846,75 to 84,18,4,4,0,14,0,0,0,4,10
S01009846,85 and over,5,1,1,0,4,1,0,0,0,3
S01009847,All people aged 16 and over in households,456,158,96,62,298,214,1,18,42,23
S01009847,16 to 24,71,15,3,12,56,56,0,0,0,0
S01009847,25 to 34,141,56,22,34,85,79,1,4,1,0
S01009847,35 to 49,108,36,23,13,72,52,0,8,11,1
S01009847,50 to 64,98,43,40,3,55,19,0,6,24,6
S01009847,65 to 74,22,3,3,0,19,5,0,0,6,8
S01009847,75 to 84,15,4,4,0,11,3,0,0,0,8
S01009847,85 and over,1,1,1,0,0,0,0,0,0,0
S01009848,All people aged 16 and over in households,738,314,254,60,424,273,3,29,39,80
S01009848,16 to 24,123,2,1,1,121,121,0,0,0,0
S01009848,25 to 34,96,43,24,19,53,50,0,2,1,0
S01009848,35 to 49,178,95,59,36,83,55,1,16,8,3
S01009848,50 to 64,192,109,105,4,83,35,0,10,21,17
S01009848,65 to 74,77,48,48,0,29,6,0,1,6,16
S01009848,75 to 84,59,17,17,0,42,6,2,0,2,32
S01009848,85 and over,13,0,0,0,13,0,0,0,1,12
S01009849,All people aged 16 and over in households,662,250,170,80,412,221,5,27,61,98
S01009849,16 to 24,49,8,1,7,41,41,0,0,0,0
S01009849,25 to 34,125,65,18,47,60,56,2,1,1,0
S01009849,35 to 49,150,66,47,19,84,59,1,9,12,3
S01009849,50 to 64,121,40,35,5,81,29,0,16,28,8
S01009849,65 to 74,73,29,28,1,44,14,0,1,11,18
S01009849,75 to 84,104,31,31,0,73,17,1,0,9,46
S01009849,85 and over,40,11,10,1,29,5,1,0,0,23
S01009850,All people aged 16 and over in households,765,332,242,90,433,250,9,16,74,84
S01009850,16 to 24,86,12,1,11,74,72,1,0,1,0
S01009850,25 to 34,120,60,26,34,60,57,2,0,1,0
S01009850,35 to 49,203,105,81,24,98,64,1,8,25,0
S01009850,50 to 64,148,74,60,14,74,32,2,4,28,8
S01009850,65 to 74,97,46,44,2,51,12,0,4,11,24
S01009850,75 to 84,76,32,27,5,44,7,1,0,7,29
S01009850,85 and over,35,3,3,0,32,6,2,0,1,23
S01009851,All people aged 16 and over in households,739,290,232,58,449,246,6,32,55,110
S01009851,16 to 24,73,9,1,8,64,63,0,1,0,0
S01009851,25 to 34,73,26,9,17,47,46,0,0,1,0
S01009851,35 to 49,162,83,68,15,79,58,1,14,5,1
S01009851,50 to 64,187,89,75,14,98,41,1,14,30,12
S01009851,65 to 74,100,36,32,4,64,20,2,3,12,27
S01009851,75 to 84,117,41,41,0,76,14,1,0,7,54
S01009851,85 and over,27,6,6,0,21,4,1,0,0,16
S01009852,All people aged 16 and over in households,488,226,192,34,262,150,5,14,26,67
S01009852,16 to 24,63,0,0,0,63,63,0,0,0,0
S01009852,25 to 34,67,37,17,20,30,26,2,1,1,0
S01009852,35 to 49,118,73,61,12,45,31,1,4,8,1
S01009852,50 to 64,100,60,59,1,40,20,1,4,11,4
S01009852,65 to 74,61,33,32,1,28,6,0,4,3,15
S01009852,75 to 84,50,18,18,0,32,3,1,1,2,25
S01009852,85 and over,29,5,5,0,24,1,0,0,1,22
S01009853,All people aged 16 and over in households,708,324,232,92,384,211,4,19,54,96
S01009853,16 to 24,81,2,0,2,79,79,0,0,0,0
S01009853,25 to 34,107,68,34,34,39,33,1,3,2,0
S01009853,35 to 49,177,108,74,34,69,43,0,11,14,1
S01009853,50 to 64,159,82,62,20,77,35,0,4,26,12
S01009853,65 to 74,68,38,37,1,30,9,0,0,6,15
S01009853,75 to 84,86,26,25,1,60,12,1,1,6,40
S01009853,85 and over,30,0,0,0,30,0,2,0,0,28
S01009854,All people aged 16 and over in households,690,324,248,76,366,214,5,36,71,40
S01009854,16 to 24,90,6,1,5,84,79,3,0,1,1
S01009854,25 to 34,146,80,47,33,66,61,0,3,2,0
S01009854,35 to 49,205,117,88,29,88,45,1,18,24,0
S01009854,50 to 64,154,89,81,8,65,18,0,12,30,5
S01009854,65 to 74,62,25,24,1,37,4,1,3,10,19
S01009854,75 to 84,28,7,7,0,21,5,0,0,4,12
S01009854,85 and over,5,0,0,0,5,2,0,0,0,3
S01009855,All people aged 16 and over in households,490,236,198,38,254,159,0,10,35,50
S01009855,16 to 24,72,2,0,2,70,70,0,0,0,0
S01009855,25 to 34,53,20,14,6,33,30,0,2,1,0
S01009855,35 to 49,135,85,63,22,50,27,0,6,17,0
S01009855,50 to 64,125,85,79,6,40,19,0,2,11,8
S01009855,65 to 74,41,24,22,2,17,4,0,0,3,10
S01009855,75 to 84,47,20,20,0,27,6,0,0,3,18
S01009855,85 and over,17,0,0,0,17,3,0,0,0,14
S01009856,All people aged 16 and over in households,548,206,154,52,342,203,7,23,36,73
S01009856,16 to 24,82,2,0,2,80,79,1,0,0,0
S01009856,25 to 34,55,20,7,13,35,34,1,0,0,0
S01009856,35 to 49,126,68,41,27,58,36,1,12,8,1
S01009856,50 to 64,133,70,62,8,63,29,2,8,17,7
S01009856,65 to 74,64,30,28,2,34,5,1,2,9,17
S01009856,75 to 84,55,12,12,0,43,16,1,1,2,23
S01009856,85 and over,33,4,4,0,29,4,0,0,0,25
S01009857,All people aged 16 and over in households,732,364,292,72,368,225,6,11,44,82
S01009857,16 to 24,106,8,0,8,98,98,0,0,0,0
S01009857,25 to 34,84,47,33,14,37,35,1,1,0,0
S01009857,35 to 49,194,132,98,34,62,42,2,5,12,1
S01009857,50 to 64,165,106,95,11,59,27,0,3,21,8
S01009857,65 to 74,80,37,32,5,43,13,1,2,7,20
S01009857,75 to 84,74,29,29,0,45,7,1,0,4,33
S01009857,85 and over,29,5,5,0,24,3,1,0,0,20
S01009858,All people aged 16 and over in households,633,312,252,60,321,193,10,18,19,81
S01009858,16 to 24,94,14,5,9,80,79,1,0,0,0
S01009858,25 to 34,74,44,30,14,30,24,1,3,2,0
S01009858,35 to 49,150,82,60,22,68,51,4,8,1,4
S01009858,50 to 64,164,116,103,13,48,26,2,5,9,6
S01009858,65 to 74,68,28,27,1,40,11,1,1,5,22
S01009858,75 to 84,61,24,24,0,37,1,0,1,2,33
S01009858,85 and over,22,4,3,1,18,1,1,0,0,16
S01009859,All people aged 16 and over in households,884,286,198,88,598,394,6,40,84,74
S01009859,16 to 24,132,11,2,9,121,118,2,0,0,1
S01009859,25 to 34,159,54,25,29,105,97,0,5,2,1
S01009859,35 to 49,201,66,37,29,135,105,0,12,15,3
S01009859,50 to 64,203,80,69,11,123,49,3,15,39,17
S01009859,65 to 74,111,50,44,6,61,14,0,7,24,16
S01009859,75 to 84,57,21,18,3,36,8,0,1,4,23
S01009859,85 and over,21,4,3,1,17,3,1,0,0,13
S01009860,All people aged 16 and over in households,793,232,172,60,561,339,6,42,77,97
S01009860,16 to 24,128,6,1,5,122,120,0,1,0,1
S01009860,25 to 34,107,26,11,15,81,74,2,3,2,0
S01009860,35 to 49,193,66,42,24,127,96,3,12,9,7
S01009860,50 to 64,173,77,68,9,96,26,1,19,35,15
S01009860,65 to 74,114,38,33,5,76,16,0,4,23,33
S01009860,75 to 84,65,19,17,2,46,4,0,3,8,31
S01009860,85 and over,13,0,0,0,13,3,0,0,0,10
S01009861,All people aged 16 and over in households,817,270,180,90,547,384,18,42,55,48
S01009861,16 to 24,145,9,2,7,136,133,2,1,0,0
S01009861,25 to 34,199,92,52,40,107,92,8,6,1,0
S01009861,35 to 49,231,79,48,31,152,117,5,15,12,3
S01009861,50 to 64,141,52,43,9,89,34,2,14,29,10
S01009861,65 to 74,51,23,21,2,28,5,1,6,8,8
S01009861,75 to 84,40,12,11,1,28,2,0,0,4,22
S01009861,85 and over,10,3,3,0,7,1,0,0,1,5
S01009862,All people aged 16 and over in households,859,274,164,110,585,371,34,44,86,50
S01009862,16 to 24,112,19,6,13,93,88,4,1,0,0
S01009862,25 to 34,272,107,57,50,165,150,6,6,3,0
S01009862,35 to 49,226,76,42,34,150,90,17,21,18,4
S01009862,50 to 64,173,59,48,11,114,24,5,14,54,17
S01009862,65 to 74,47,11,10,1,36,12,2,2,10,10
S01009862,75 to 84,26,2,1,1,24,6,0,0,1,17
S01009862,85 and over,3,0,0,0,3,1,0,0,0,2
S01009863,All people aged 16 and over in households,680,236,176,60,444,322,4,24,55,39
S01009863,16 to 24,108,17,4,13,91,90,1,0,0,0
S01009863,25 to 34,206,89,58,31,117,101,2,2,12,0
S01009863,35 to 49,192,71,62,9,121,95,0,12,13,1
S01009863,50 to 64,117,42,35,7,75,31,1,7,22,14
S01009863,65 to 74,33,10,10,0,23,3,0,3,7,10
S01009863,75 to 84,16,7,7,0,9,1,0,0,0,8
S01009863,85 and over,8,0,0,0,8,1,0,0,1,6
S01009864,All people aged 16 and over in households,513,166,102,64,347,256,5,19,43,24
S01009864,16 to 24,111,11,1,10,100,100,0,0,0,0
S01009864,25 to 34,134,65,30,35,69,65,2,0,2,0
S01009864,35 to 49,141,48,33,15,93,58,3,13,15,4
S01009864,50 to 64,77,25,21,4,52,22,0,4,20,6
S01009864,65 to 74,31,12,12,0,19,7,0,2,6,4
S01009864,75 to 84,16,5,5,0,11,3,0,0,0,8
S01009864,85 and over,3,0,0,0,3,1,0,0,0,2
S01009865,All people aged 16 and over in households,394,148,100,48,246,175,4,9,44,14
S01009865,16 to 24,59,11,3,8,48,46,1,0,1,0
S01009865,25 to 34,111,46,26,20,65,64,0,0,1,0
S01009865,35 to 49,115,45,29,16,70,46,1,6,17,0
S01009865,50 to 64,64,27,23,4,37,13,0,2,17,5
S01009865,65 to 74,25,8,8,0,17,3,1,1,6,6
S01009865,75 to 84,17,8,8,0,9,3,1,0,2,3
S01009865,85 and over,3,3,3,0,0,0,0,0,0,0
S01009866,All people aged 16 and over in households,782,346,248,98,436,285,13,19,53,66
S01009866,16 to 24,122,20,1,19,102,102,0,0,0,0
S01009866,25 to 34,169,86,42,44,83,79,0,1,3,0
S01009866,35 to 49,173,89,69,20,84,62,1,8,11,2
S01009866,50 to 64,180,100,85,15,80,27,6,8,28,11
S01009866,65 to 74,79,32,32,0,47,11,3,2,7,24
S01009866,75 to 84,44,17,17,0,27,3,3,0,4,17
S01009866,85 and over,15,2,2,0,13,1,0,0,0,12
S01009867,All people aged 16 and over in households,928,374,208,166,554,387,19,37,68,43
S01009867,16 to 24,150,39,3,36,111,110,1,0,0,0
S01009867,25 to 34,277,125,47,78,152,135,8,3,6,0
S01009867,35 to 49,250,107,66,41,143,99,7,14,23,0
S01009867,50 to 64,135,56,47,9,79,27,3,14,28,7
S01009867,65 to 74,64,26,25,1,38,11,0,5,8,14
S01009867,75 to 84,43,19,18,1,24,4,0,1,3,16
S01009867,85 and over,9,2,2,0,7,1,0,0,0,6
S01009868,All people aged 16 and over in households,555,250,146,104,305,241,15,12,23,14
S01009868,16 to 24,105,23,2,21,82,81,1,0,0,0
S01009868,25 to 34,215,102,45,57,113,103,7,2,1,0
S01009868,35 to 49,129,64,42,22,65,43,6,4,10,2
S01009868,50 to 64,75,46,42,4,29,13,1,4,9,2
S01009868,65 to 74,17,12,12,0,5,0,0,2,1,2
S01009868,75 to 84,8,1,1,0,7,0,0,0,1,6
S01009868,85 and over,6,2,2,0,4,1,0,0,1,2
S01009869,All people aged 16 and over in households,464,186,108,78,278,196,33,14,23,12
S01009869,16 to 24,90,28,7,21,62,60,2,0,0,0
S01009869,25 to 34,201,89,41,48,112,83,23,5,1,0
S01009869,35 to 49,107,46,39,7,61,37,5,7,10,2
S01009869,50 to 64,39,12,11,1,27,15,1,2,6,3
S01009869,65 to 74,18,7,6,1,11,1,1,0,5,4
S01009869,75 to 84,8,4,4,0,4,0,1,0,1,2
S01009869,85 and over,1,0,0,0,1,0,0,0,0,1
S01009870,All people aged 16 and over in households,492,186,120,66,306,207,20,16,35,28
S01009870,16 to 24,85,10,2,8,75,69,6,0,0,0
S01009870,25 to 34,147,60,34,26,87,71,10,4,2,0
S01009870,35 to 49,130,62,43,19,68,41,3,5,17,2
S01009870,50 to 64,88,43,33,10,45,18,1,6,14,6
S01009870,65 to 74,25,9,7,2,16,6,0,1,1,8
S01009870,75 to 84,12,2,1,1,10,0,0,0,0,10
S01009870,85 and over,5,0,0,0,5,2,0,0,1,2
S01009871,All people aged 16 and over in households,853,320,260,60,533,302,19,30,86,96
S01009871,16 to 24,78,6,2,4,72,72,0,0,0,0
S01009871,25 to 34,137,65,39,26,72,56,10,3,3,0
S01009871,35 to 49,233,88,67,21,145,98,8,9,23,7
S01009871,50 to 64,161,64,58,6,97,52,1,8,32,4
S01009871,65 to 74,110,45,45,0,65,13,0,5,19,28
S01009871,75 to 84,95,38,35,3,57,9,0,4,8,36
S01009871,85 and over,39,14,14,0,25,2,0,1,1,21
S01009872,All people aged 16 and over in households,605,274,196,78,331,255,15,17,19,25
S01009872,16 to 24,101,23,4,19,78,76,2,0,0,0
S01009872,25 to 34,200,91,60,31,109,98,5,1,4,1
S01009872,35 to 49,160,87,70,17,73,56,1,6,9,1
S01009872,50 to 64,84,44,39,5,40,13,4,8,5,10
S01009872,65 to 74,35,17,14,3,18,8,3,1,1,5
S01009872,75 to 84,20,12,9,3,8,2,0,1,0,5
S01009872,85 and over,5,0,0,0,5,2,0,0,0,3
S01009873,All people aged 16 and over in households,788,386,308,78,402,229,26,23,61,63
S01009873,16 to 24,84,7,4,3,77,75,1,0,1,0
S01009873,25 to 34,122,52,32,20,70,55,13,1,1,0
S01009873,35 to 49,215,152,112,40,63,36,5,4,15,3
S01009873,50 to 64,166,92,86,6,74,33,2,11,20,8
S01009873,65 to 74,97,43,36,7,54,20,0,7,19,8
S01009873,75 to 84,72,34,32,2,38,6,5,0,4,23
S01009873,85 and over,32,6,6,0,26,4,0,0,1,21
S01009874,All people aged 16 and over in households,864,408,328,80,456,291,16,31,60,58
S01009874,16 to 24,108,4,1,3,104,104,0,0,0,0
S01009874,25 to 34,121,39,23,16,82,73,7,1,1,0
S01009874,35 to 49,212,130,96,34,82,49,2,15,14,2
S01009874,50 to 64,247,157,132,25,90,37,3,12,30,8
S01009874,65 to 74,90,42,40,2,48,15,1,3,13,16
S01009874,75 to 84,66,31,31,0,35,9,2,0,1,23
S01009874,85 and over,20,5,5,0,15,4,1,0,1,9
S01009875,All people aged 16 and over in households,517,224,176,48,293,223,13,14,24,19
S01009875,16 to 24,136,23,13,10,113,107,4,0,0,2
S01009875,25 to 34,173,100,71,29,73,61,4,3,4,1
S01009875,35 to 49,110,57,51,6,53,40,1,1,8,3
S01009875,50 to 64,65,36,33,3,29,11,2,5,6,5
S01009875,65 to 74,20,5,5,0,15,1,2,5,6,1
S01009875,75 to 84,9,1,1,0,8,2,0,0,0,6
S01009875,85 and over,4,2,2,0,2,1,0,0,0,1
S01009876,All people aged 16 and over in households,526,178,132,46,348,223,20,34,48,23
S01009876,16 to 24,111,11,2,9,100,98,2,0,0,0
S01009876,25 to 34,132,54,32,22,78,63,3,4,8,0
S01009876,35 to 49,173,73,61,12,100,46,13,19,18,4
S01009876,50 to 64,67,22,21,1,45,11,2,8,17,7
S01009876,65 to 74,23,10,8,2,13,4,0,3,4,2
S01009876,75 to 84,17,7,7,0,10,1,0,0,1,8
S01009876,85 and over,3,1,1,0,2,0,0,0,0,2
S01009877,All people aged 16 and over in households,741,426,354,72,315,194,17,13,28,63
S01009877,16 to 24,96,11,6,5,85,81,2,0,2,0
S01009877,25 to 34,117,69,47,22,48,37,6,3,2,0
S01009877,35 to 49,186,129,99,30,57,38,5,6,6,2
S01009877,50 to 64,179,139,130,9,40,16,2,3,10,9
S01009877,65 to 74,87,53,48,5,34,10,2,0,6,16
S01009877,75 to 84,49,20,19,1,29,10,0,1,0,18
S01009877,85 and over,27,5,5,0,22,2,0,0,2,18
S01009878,All people aged 16 and over in households,542,258,214,44,284,189,32,14,28,21
S01009878,16 to 24,102,8,3,5,94,90,2,1,1,0
S01009878,25 to 34,135,61,48,13,74,51,17,1,5,0
S01009878,35 to 49,167,96,74,22,71,38,12,8,11,2
S01009878,50 to 64,75,55,53,2,20,6,0,2,10,2
S01009878,65 to 74,38,25,25,0,13,2,0,2,1,8
S01009878,75 to 84,21,11,11,0,10,1,1,0,0,8
S01009878,85 and over,4,2,0,2,2,1,0,0,0,1
S01009879,All people aged 16 and over in households,715,488,428,60,227,151,14,13,24,25
S01009879,16 to 24,79,2,2,0,77,77,0,0,0,0
S01009879,25 to 34,71,30,15,15,41,34,6,0,1,0
S01009879,35 to 49,226,186,158,28,40,16,4,10,10,0
S01009879,50 to 64,213,179,165,14,34,13,2,3,12,4
S01009879,65 to 74,70,59,56,3,11,3,0,0,1,7
S01009879,75 to 84,47,29,29,0,18,7,2,0,0,9
S01009879,85 and over,9,3,3,0,6,1,0,0,0,5
S01009880,All people aged 16 and over in households,603,349,310,39,254,185,14,15,15,25
S01009880,16 to 24,107,5,3,2,102,101,1,0,0,0
S01009880,25 to 34,117,74,61,13,43,34,7,1,1,0
S01009880,35 to 49,165,124,108,16,41,28,2,3,7,1
S01009880,50 to 64,126,91,83,8,35,14,2,8,5,6
S01009880,65 to 74,45,33,33,0,12,2,2,1,2,5
S01009880,75 to 84,34,18,18,0,16,5,0,2,0,9
S01009880,85 and over,9,4,4,0,5,1,0,0,0,4
S01009881,All people aged 16 and over in households,402,174,146,28,228,164,28,8,17,11
S01009881,16 to 24,87,6,6,0,81,78,3,0,0,0
S01009881,25 to 34,129,67,52,15,62,47,13,2,0,0
S01009881,35 to 49,107,55,45,10,52,27,7,4,11,3
S01009881,50 to 64,60,38,35,3,22,9,4,2,6,1
S01009881,65 to 74,8,2,2,0,6,3,0,0,0,3
S01009881,75 to 84,11,6,6,0,5,0,1,0,0,4
S01009881,85 and over,0,0,0,0,0,0,0,0,0,0
S01009882,All people aged 16 and over in households,936,400,228,172,536,402,19,39,51,25
S01009882,16 to 24,149,33,13,20,116,109,2,4,1,0
S01009882,25 to 34,455,227,116,111,228,202,10,13,3,0
S01009882,35 to 49,223,100,64,36,123,77,3,15,25,3
S01009882,50 to 64,83,35,30,5,48,14,3,7,16,8
S01009882,65 to 74,15,5,5,0,10,0,0,0,6,4
S01009882,75 to 84,6,0,0,0,6,0,0,0,0,6
S01009882,85 and over,5,0,0,0,5,0,1,0,0,4
S01009883,All people aged 16 and over in households,602,328,252,76,274,191,29,19,22,13
S01009883,16 to 24,111,17,3,14,94,90,3,0,1,0
S01009883,25 to 34,213,121,87,34,92,70,11,6,5,0
S01009883,35 to 49,158,110,89,21,48,22,11,7,7,1
S01009883,50 to 64,88,60,53,7,28,7,4,6,7,4
S01009883,65 to 74,20,16,16,0,4,0,0,0,0,4
S01009883,75 to 84,8,2,2,0,6,1,0,0,2,3
S01009883,85 and over,4,2,2,0,2,1,0,0,0,1
S01009884,All people aged 16 and over in households,634,322,240,82,312,226,22,17,23,24
S01009884,16 to 24,87,7,4,3,80,80,0,0,0,0
S01009884,25 to 34,211,119,80,39,92,82,8,1,1,0
S01009884,35 to 49,221,137,104,33,84,50,12,12,8,2
S01009884,50 to 64,72,44,37,7,28,9,1,2,10,6
S01009884,65 to 74,24,13,13,0,11,4,1,2,2,2
S01009884,75 to 84,14,2,2,0,12,1,0,0,1,10
S01009884,85 and over,5,0,0,0,5,0,0,0,1,4
S01009885,All people aged 16 and over in households,634,353,293,60,281,197,18,20,26,20
S01009885,16 to 24,125,7,6,1,118,115,2,0,1,0
S01009885,25 to 34,181,102,77,25,79,62,7,5,5,0
S01009885,35 to 49,164,131,105,26,33,12,8,8,5,0
S01009885,50 to 64,110,81,74,7,29,6,1,5,10,7
S01009885,65 to 74,29,23,23,0,6,2,0,1,2,1
S01009885,75 to 84,20,9,8,1,11,0,0,1,3,7
S01009885,85 and over,5,0,0,0,5,0,0,0,0,5
S01009886,All people aged 16 and over in households,626,278,236,42,348,241,13,22,32,40
S01009886,16 to 24,129,8,2,6,121,121,0,0,0,0
S01009886,25 to 34,138,59,46,13,79,68,6,2,3,0
S01009886,35 to 49,153,106,88,18,47,23,4,6,10,4
S01009886,50 to 64,107,67,62,5,40,19,2,9,8,2
S01009886,65 to 74,44,21,21,0,23,1,1,5,7,9
S01009886,75 to 84,46,16,16,0,30,9,0,0,3,18
S01009886,85 and over,9,1,1,0,8,0,0,0,1,7
S01009887,All people aged 16 and over in households,774,264,202,62,510,356,34,28,63,29
S01009887,16 to 24,138,14,3,11,124,118,6,0,0,0
S01009887,25 to 34,217,89,56,33,128,107,9,5,7,0
S01009887,35 to 49,263,101,87,14,162,104,16,13,24,5
S01009887,50 to 64,94,39,35,4,55,19,3,8,19,6
S01009887,65 to 74,37,14,14,0,23,5,0,2,11,5
S01009887,75 to 84,19,7,7,0,12,1,0,0,2,9
S01009887,85 and over,6,0,0,0,6,2,0,0,0,4
S01009888,All people aged 16 and over in households,527,238,196,42,289,187,37,17,30,18
S01009888,16 to 24,89,15,6,9,74,69,3,0,1,1
S01009888,25 to 34,143,71,57,14,72,60,10,1,1,0
S01009888,35 to 49,184,98,84,14,86,43,18,11,14,0
S01009888,50 to 64,66,32,27,5,34,12,2,3,12,5
S01009888,65 to 74,24,16,16,0,8,0,2,2,0,4
S01009888,75 to 84,19,6,6,0,13,3,2,0,2,6
S01009888,85 and over,2,0,0,0,2,0,0,0,0,2
S01009889,All people aged 16 and over in households,643,254,184,70,389,270,23,24,36,36
S01009889,16 to 24,107,16,6,10,91,89,2,0,0,0
S01009889,25 to 34,202,90,50,40,112,95,8,2,7,0
S01009889,35 to 49,186,90,75,15,96,54,10,17,13,2
S01009889,50 to 64,69,28,26,2,41,20,2,5,10,4
S01009889,65 to 74,37,20,17,3,17,6,0,0,5,6
S01009889,75 to 84,33,8,8,0,25,6,1,0,1,17
S01009889,85 and over,9,2,2,0,7,0,0,0,0,7
S01009890,All people aged 16 and over in households,421,176,116,60,245,152,29,21,28,15
S01009890,16 to 24,68,24,8,16,44,40,2,2,0,0
S01009890,25 to 34,109,52,37,15,57,43,11,3,0,0
S01009890,35 to 49,141,53,33,20,88,55,12,9,11,1
S01009890,50 to 64,68,31,24,7,37,8,3,7,12,7
S01009890,65 to 74,27,14,13,1,13,6,0,0,2,5
S01009890,75 to 84,6,2,1,1,4,0,1,0,3,0
S01009890,85 and over,2,0,0,0,2,0,0,0,0,2
S01009891,All people aged 16 and over in households,634,250,188,62,384,243,10,21,63,47
S01009891,16 to 24,83,27,15,12,56,55,1,0,0,0
S01009891,25 to 34,159,66,37,29,93,87,1,1,4,0
S01009891,35 to 49,151,54,42,12,97,68,6,14,9,0
S01009891,50 to 64,125,56,52,4,69,22,2,5,39,1
S01009891,65 to 74,58,28,25,3,30,6,0,1,10,13
S01009891,75 to 84,40,17,15,2,23,2,0,0,1,20
S01009891,85 and over,18,2,2,0,16,3,0,0,0,13
S01009892,All people aged 16 and over in households,693,266,182,84,427,263,21,27,74,42
S01009892,16 to 24,72,10,4,6,62,60,2,0,0,0
S01009892,25 to 34,182,86,61,25,96,80,12,1,3,0
S01009892,35 to 49,217,80,42,38,137,93,5,15,20,4
S01009892,50 to 64,135,55,45,10,80,26,1,10,39,4
S01009892,65 to 74,54,26,22,4,28,2,0,1,9,16
S01009892,75 to 84,25,8,7,1,17,0,1,0,3,13
S01009892,85 and over,8,1,1,0,7,2,0,0,0,5
S01009893,All people aged 16 and over in households,672,268,174,94,404,301,15,20,48,20
S01009893,16 to 24,105,16,4,12,89,86,3,0,0,0
S01009893,25 to 34,220,103,46,57,117,104,3,7,3,0
S01009893,35 to 49,192,86,67,19,106,74,4,7,20,1
S01009893,50 to 64,98,42,38,4,56,28,3,6,17,2
S01009893,65 to 74,35,14,12,2,21,7,1,0,5,8
S01009893,75 to 84,18,7,7,0,11,2,0,0,1,8
S01009893,85 and over,4,0,0,0,4,0,1,0,2,1
S01009894,All people aged 16 and over in households,689,242,188,54,447,284,5,32,58,68
S01009894,16 to 24,68,7,5,2,61,61,0,0,0,0
S01009894,25 to 34,179,84,59,25,95,92,1,2,0,0
S01009894,35 to 49,177,53,43,10,124,87,3,13,19,2
S01009894,50 to 64,130,50,36,14,80,26,1,10,31,12
S01009894,65 to 74,69,26,23,3,43,11,0,5,7,20
S01009894,75 to 84,52,21,21,0,31,6,0,2,1,22
S01009894,85 and over,14,1,1,0,13,1,0,0,0,12
S01009895,All people aged 16 and over in households,613,214,156,58,399,241,22,27,73,36
S01009895,16 to 24,75,13,6,7,62,62,0,0,0,0
S01009895,25 to 34,118,52,27,25,66,56,6,2,2,0
S01009895,35 to 49,214,81,62,19,133,82,13,12,23,3
S01009895,50 to 64,140,51,45,6,89,26,3,11,34,15
S01009895,65 to 74,41,12,11,1,29,10,0,2,10,7
S01009895,75 to 84,18,3,3,0,15,5,0,0,3,7
S01009895,85 and over,7,2,2,0,5,0,0,0,1,4
S01009896,All people aged 16 and over in households,760,272,204,68,488,319,7,49,71,42
S01009896,16 to 24,108,7,4,3,101,98,0,3,0,0
S01009896,25 to 34,153,65,45,20,88,81,2,4,1,0
S01009896,35 to 49,222,95,72,23,127,91,3,14,16,3
S01009896,50 to 64,176,73,58,15,103,39,1,20,37,6
S01009896,65 to 74,59,18,14,4,41,4,0,8,13,16
S01009896,75 to 84,34,11,9,2,23,5,1,0,4,13
S01009896,85 and over,8,3,2,1,5,1,0,0,0,4
S01009897,All people aged 16 and over in households,810,382,276,106,428,256,21,25,53,73
S01009897,16 to 24,92,20,9,11,72,71,1,0,0,0
S01009897,25 to 34,195,103,50,53,92,79,11,1,1,0
S01009897,35 to 49,186,103,71,32,83,54,7,8,14,0
S01009897,50 to 64,161,89,83,6,72,26,1,11,27,7
S01009897,65 to 74,81,41,39,2,40,11,0,5,7,17
S01009897,75 to 84,63,18,17,1,45,9,1,0,4,31
S01009897,85 and over,32,8,7,1,24,6,0,0,0,18
S01009898,All people aged 16 and over in households,475,188,164,24,287,172,19,30,30,36
S01009898,16 to 24,70,1,0,1,69,68,1,0,0,0
S01009898,25 to 34,79,39,30,9,40,29,6,4,1,0
S01009898,35 to 49,113,58,51,7,55,34,2,9,10,0
S01009898,50 to 64,108,43,39,4,65,22,6,13,16,8
S01009898,65 to 74,47,28,26,2,19,9,0,2,2,6
S01009898,75 to 84,45,14,13,1,31,9,3,2,1,16
S01009898,85 and over,13,5,5,0,8,1,1,0,0,6
S01009899,All people aged 16 and over in households,684,308,182,126,376,266,6,14,41,49
S01009899,16 to 24,49,11,3,8,38,38,0,0,0,0
S01009899,25 to 34,259,141,60,81,118,111,2,4,1,0
S01009899,35 to 49,181,84,55,29,97,83,0,4,9,1
S01009899,50 to 64,100,45,39,6,55,22,3,3,21,6
S01009899,65 to 74,43,17,15,2,26,6,1,2,8,9
S01009899,75 to 84,32,8,8,0,24,2,0,1,1,20
S01009899,85 and over,20,2,2,0,18,4,0,0,1,13
S01009900,All people aged 16 and over in households,741,332,166,166,409,321,2,21,43,22
S01009900,16 to 24,56,16,4,12,40,40,0,0,0,0
S01009900,25 to 34,310,162,67,95,148,147,0,1,0,0
S01009900,35 to 49,221,94,44,50,127,101,1,8,17,0
S01009900,50 to 64,109,39,31,8,70,28,0,10,20,12
S01009900,65 to 74,19,11,10,1,8,3,0,0,4,1
S01009900,75 to 84,24,10,10,0,14,1,1,2,2,8
S01009900,85 and over,2,0,0,0,2,1,0,0,0,1
S01009901,All people aged 16 and over in households,741,404,190,214,337,249,8,24,33,23
S01009901,16 to 24,66,22,1,21,44,44,0,0,0,0
S01009901,25 to 34,295,185,62,123,110,103,2,3,2,0
S01009901,35 to 49,238,126,68,58,112,80,3,14,14,1
S01009901,50 to 64,87,50,40,10,37,15,2,3,15,2
S01009901,65 to 74,31,13,11,2,18,4,1,4,2,7
S01009901,75 to 84,15,6,6,0,9,2,0,0,0,7
S01009901,85 and over,9,2,2,0,7,1,0,0,0,6
S01009902,All people aged 16 and over in households,798,308,246,62,490,269,12,33,55,121
S01009902,16 to 24,86,12,7,5,74,72,2,0,0,0
S01009902,25 to 34,105,49,33,16,56,51,1,1,2,1
S01009902,35 to 49,166,89,60,29,77,53,2,9,13,0
S01009902,50 to 64,202,92,84,8,110,54,2,14,29,11
S01009902,65 to 74,115,39,37,2,76,21,4,7,11,33
S01009902,75 to 84,74,24,22,2,50,9,1,2,0,38
S01009902,85 and over,50,3,3,0,47,9,0,0,0,38
S01009903,All people aged 16 and over in households,642,332,248,84,310,218,33,18,23,18
S01009903,16 to 24,115,11,4,7,104,95,9,0,0,0
S01009903,25 to 34,179,88,54,34,91,70,14,5,2,0
S01009903,35 to 49,207,136,106,30,71,43,8,7,9,4
S01009903,50 to 64,97,69,57,12,28,6,2,5,9,6
S01009903,65 to 74,31,20,19,1,11,4,0,1,3,3
S01009903,75 to 84,11,6,6,0,5,0,0,0,0,5
S01009903,85 and over,2,2,2,0,0,0,0,0,0,0
S01009904,All people aged 16 and over in households,696,316,180,136,380,253,2,12,52,61
S01009904,16 to 24,75,18,4,14,57,57,0,0,0,0
S01009904,25 to 34,220,123,44,79,97,93,0,1,3,0
S01009904,35 to 49,176,89,59,30,87,61,0,4,19,3
S01009904,50 to 64,106,59,46,13,47,23,0,5,17,2
S01009904,65 to 74,37,11,11,0,26,9,0,2,9,6
S01009904,75 to 84,45,15,15,0,30,7,0,0,4,19
S01009904,85 and over,37,1,1,0,36,3,2,0,0,31
S01009905,All people aged 16 and over in households,622,254,158,96,368,272,25,16,35,20
S01009905,16 to 24,114,28,8,20,86,86,0,0,0,0
S01009905,25 to 34,211,96,54,42,115,102,6,5,2,0
S01009905,35 to 49,187,100,72,28,87,61,9,6,8,3
S01009905,50 to 64,68,18,14,4,50,17,8,4,19,2
S01009905,65 to 74,25,8,7,1,17,2,2,1,5,7
S01009905,75 to 84,15,4,3,1,11,4,0,0,0,7
S01009905,85 and over,2,0,0,0,2,0,0,0,1,1
S01009906,All people aged 16 and over in households,557,252,152,100,305,228,17,16,33,11
S01009906,16 to 24,91,13,5,8,78,76,2,0,0,0
S01009906,25 to 34,188,96,42,54,92,80,6,3,3,0
S01009906,35 to 49,164,83,56,27,81,54,6,8,12,1
S01009906,50 to 64,75,38,28,10,37,10,3,3,14,7
S01009906,65 to 74,25,15,14,1,10,4,0,2,2,2
S01009906,75 to 84,14,7,7,0,7,4,0,0,2,1
S01009906,85 and over,0,0,0,0,0,0,0,0,0,0
S01009907,All people aged 16 and over in households,730,174,84,90,556,388,25,37,70,36
S01009907,16 to 24,125,21,7,14,104,92,2,0,0,10
S01009907,25 to 34,248,72,25,47,176,150,17,7,2,0
S01009907,35 to 49,189,42,21,21,147,115,0,5,25,2
S01009907,50 to 64,123,33,26,7,90,23,5,22,35,5
S01009907,65 to 74,26,4,3,1,22,3,0,1,7,11
S01009907,75 to 84,14,1,1,0,13,4,1,2,1,5
S01009907,85 and over,5,1,1,0,4,1,0,0,0,3
S01009908,All people aged 16 and over in households,856,476,284,192,380,284,12,19,49,16
S01009908,16 to 24,122,27,5,22,95,91,4,0,0,0
S01009908,25 to 34,240,152,60,92,88,83,1,3,1,0
S01009908,35 to 49,274,173,120,53,101,74,4,7,16,0
S01009908,50 to 64,152,88,68,20,64,25,3,9,26,1
S01009908,65 to 74,39,23,18,5,16,5,0,0,3,8
S01009908,75 to 84,21,11,11,0,10,4,0,0,2,4
S01009908,85 and over,8,2,2,0,6,2,0,0,1,3
S01009909,All people aged 16 and over in households,739,324,180,144,415,310,16,28,40,21
S01009909,16 to 24,96,16,5,11,80,80,0,0,0,0
S01009909,25 to 34,273,139,66,73,134,123,8,2,1,0
S01009909,35 to 49,209,99,52,47,110,71,4,16,18,1
S01009909,50 to 64,108,52,41,11,56,24,4,8,15,5
S01009909,65 to 74,29,10,8,2,19,7,0,2,4,6
S01009909,75 to 84,16,8,8,0,8,3,0,0,2,3
S01009909,85 and over,8,0,0,0,8,2,0,0,0,6
S01009910,All people aged 16 and over in households,455,208,98,110,247,201,2,13,22,9
S01009910,16 to 24,62,21,0,21,41,40,0,1,0,0
S01009910,25 to 34,177,77,29,48,100,99,1,0,0,0
S01009910,35 to 49,144,78,46,32,66,48,1,6,8,3
S01009910,50 to 64,51,24,15,9,27,9,0,3,12,3
S01009910,65 to 74,10,4,4,0,6,2,0,2,1,1
S01009910,75 to 84,10,4,4,0,6,2,0,1,1,2
S01009910,85 and over,1,0,0,0,1,1,0,0,0,0
S01009911,All people aged 16 and over in households,772,458,350,108,314,202,6,19,49,38
S01009911,16 to 24,83,5,2,3,78,74,3,0,0,1
S01009911,25 to 34,148,97,58,39,51,50,0,1,0,0
S01009911,35 to 49,239,169,119,50,70,47,1,10,12,0
S01009911,50 to 64,197,135,120,15,62,19,1,8,28,6
S01009911,65 to 74,68,39,38,1,29,7,0,0,7,15
S01009911,75 to 84,28,11,11,0,17,5,1,0,2,9
S01009911,85 and over,9,2,2,0,7,0,0,0,0,7
S01009912,All people aged 16 and over in households,708,422,364,58,286,184,7,12,31,52
S01009912,16 to 24,83,4,1,3,79,79,0,0,0,0
S01009912,25 to 34,95,45,33,12,50,45,4,0,1,0
S01009912,35 to 49,215,173,140,33,42,29,2,4,6,1
S01009912,50 to 64,165,130,121,9,35,17,1,4,8,5
S01009912,65 to 74,84,51,51,0,33,5,0,3,13,12
S01009912,75 to 84,49,13,12,1,36,8,0,1,2,25
S01009912,85 and over,17,6,6,0,11,1,0,0,1,9
S01009913,All people aged 16 and over in households,591,362,330,32,229,167,20,12,15,15
S01009913,16 to 24,108,9,8,1,99,99,0,0,0,0
S01009913,25 to 34,103,55,42,13,48,40,7,0,1,0
S01009913,35 to 49,135,103,91,12,32,13,3,7,8,1
S01009913,50 to 64,179,147,141,6,32,10,7,5,5,5
S01009913,65 to 74,43,34,34,0,9,2,1,0,1,5
S01009913,75 to 84,19,11,11,0,8,2,2,0,0,4
S01009913,85 and over,4,3,3,0,1,1,0,0,0,0
S01009914,All people aged 16 and over in households,818,488,426,62,330,207,15,11,43,54
S01009914,16 to 24,97,0,0,0,97,96,1,0,0,0
S01009914,25 to 34,96,41,33,8,55,48,4,2,1,0
S01009914,35 to 49,214,164,135,29,50,31,3,2,11,3
S01009914,50 to 64,225,163,146,17,62,19,7,7,23,6
S01009914,65 to 74,100,78,73,5,22,7,0,0,5,10
S01009914,75 to 84,73,41,38,3,32,6,0,0,2,24
S01009914,85 and over,13,1,1,0,12,0,0,0,1,11
S01009915,All people aged 16 and over in households,752,414,346,68,338,208,15,29,37,49
S01009915,16 to 24,94,5,1,4,89,88,1,0,0,0
S01009915,25 to 34,116,61,42,19,55,48,2,1,4,0
S01009915,35 to 49,198,137,107,30,61,36,4,13,7,1
S01009915,50 to 64,208,141,129,12,67,27,4,10,21,5
S01009915,65 to 74,70,42,39,3,28,6,2,5,3,12
S01009915,75 to 84,44,24,24,0,20,2,0,0,2,16
S01009915,85 and over,22,4,4,0,18,1,2,0,0,15
S01009916,All people aged 16 and over in households,776,468,424,44,308,193,29,16,25,45
S01009916,16 to 24,115,7,7,0,108,102,6,0,0,0
S01009916,25 to 34,128,63,57,6,65,43,15,3,4,0
S01009916,35 to 49,207,152,126,26,55,31,4,7,13,0
S01009916,50 to 64,188,155,145,10,33,10,1,5,7,10
S01009916,65 to 74,65,43,42,1,22,4,3,1,0,14
S01009916,75 to 84,59,40,39,1,19,2,0,0,1,16
S01009916,85 and over,14,8,8,0,6,1,0,0,0,5
S01009917,All people aged 16 and over in households,592,350,266,84,242,151,11,5,28,47
S01009917,16 to 24,47,10,3,7,37,37,0,0,0,0
S01009917,25 to 34,125,76,36,40,49,45,4,0,0,0
S01009917,35 to 49,174,127,105,22,47,34,3,2,7,1
S01009917,50 to 64,149,99,84,15,50,20,3,3,19,5
S01009917,65 to 74,41,16,16,0,25,9,0,0,1,15
S01009917,75 to 84,42,21,21,0,21,6,1,0,1,13
S01009917,85 and over,14,1,1,0,13,0,0,0,0,13
S01009918,All people aged 16 and over in households,578,382,324,58,196,143,5,9,13,26
S01009918,16 to 24,66,4,2,2,62,62,0,0,0,0
S01009918,25 to 34,69,31,16,15,38,33,3,1,1,0
S01009918,35 to 49,163,127,95,32,36,29,1,4,2,0
S01009918,50 to 64,186,156,147,9,30,13,1,3,6,7
S01009918,65 to 74,62,49,49,0,13,3,0,1,3,6
S01009918,75 to 84,26,12,12,0,14,2,0,0,1,11
S01009918,85 and over,6,3,3,0,3,1,0,0,0,2
S01009919,All people aged 16 and over in households,948,390,260,130,558,377,8,36,58,79
S01009919,16 to 24,125,28,9,19,97,97,0,0,0,0
S01009919,25 to 34,300,170,78,92,130,120,2,7,1,0
S01009919,35 to 49,182,71,56,15,111,78,4,9,16,4
S01009919,50 to 64,153,46,42,4,107,58,1,17,24,7
S01009919,65 to 74,91,45,45,0,46,16,1,2,11,16
S01009919,75 to 84,70,25,25,0,45,7,0,1,4,33
S01009919,85 and over,27,5,5,0,22,1,0,0,2,19
S01009920,All people aged 16 and over in households,782,362,148,214,420,320,3,17,47,33
S01009920,16 to 24,79,40,4,36,39,39,0,0,0,0
S01009920,25 to 34,331,195,53,142,136,135,0,0,1,0
S01009920,35 to 49,189,62,32,30,127,100,3,4,20,0
S01009920,50 to 64,100,35,29,6,65,29,0,12,17,7
S01009920,65 to 74,42,20,20,0,22,5,0,1,7,9
S01009920,75 to 84,25,9,9,0,16,8,0,0,1,7
S01009920,85 and over,16,1,1,0,15,4,0,0,1,10
S01009921,All people aged 16 and over in households,593,272,106,166,321,241,5,21,36,18
S01009921,16 to 24,60,26,1,25,34,34,0,0,0,0
S01009921,25 to 34,252,143,39,104,109,102,2,4,1,0
S01009921,35 to 49,158,69,35,34,89,69,1,9,9,1
S01009921,50 to 64,76,20,17,3,56,27,2,6,19,2
S01009921,65 to 74,30,10,10,0,20,6,0,2,5,7
S01009921,75 to 84,15,4,4,0,11,3,0,0,2,6
S01009921,85 and over,2,0,0,0,2,0,0,0,0,2
S01009922,All people aged 16 and over in households,940,388,214,174,552,427,8,26,51,40
S01009922,16 to 24,95,20,0,20,75,75,0,0,0,0
S01009922,25 to 34,396,188,74,114,208,197,6,1,4,0
S01009922,35 to 49,217,87,54,33,130,101,1,11,17,0
S01009922,50 to 64,144,59,52,7,85,39,0,12,23,11
S01009922,65 to 74,41,20,20,0,21,9,0,2,4,6
S01009922,75 to 84,30,10,10,0,20,3,1,0,2,14
S01009922,85 and over,17,4,4,0,13,3,0,0,1,9
S01009923,All people aged 16 and over in households,788,284,162,122,504,338,9,26,85,46
S01009923,16 to 24,67,12,2,10,55,53,1,0,1,0
S01009923,25 to 34,225,97,34,63,128,121,2,3,2,0
S01009923,35 to 49,208,79,48,31,129,106,4,3,15,1
S01009923,50 to 64,161,61,48,13,100,40,2,15,34,9
S01009923,65 to 74,67,20,18,2,47,11,0,5,18,13
S01009923,75 to 84,54,14,11,3,40,7,0,0,13,20
S01009923,85 and over,6,1,1,0,5,0,0,0,2,3
S01009924,All people aged 16 and over in households,896,350,196,154,546,396,17,24,62,47
S01009924,16 to 24,107,17,2,15,90,87,3,0,0,0
S01009924,25 to 34,351,154,59,95,197,175,7,7,8,0
S01009924,35 to 49,214,101,65,36,113,86,4,10,12,1
S01009924,50 to 64,131,55,47,8,76,33,3,3,29,8
S01009924,65 to 74,47,12,12,0,35,10,0,2,11,12
S01009924,75 to 84,32,9,9,0,23,4,0,1,2,16
S01009924,85 and over,14,2,2,0,12,1,0,1,0,10
S01009925,All people aged 16 and over in households,602,270,116,154,332,273,3,14,26,16
S01009925,16 to 24,63,15,2,13,48,48,0,0,0,0
S01009925,25 to 34,287,158,49,109,129,125,0,2,2,0
S01009925,35 to 49,157,62,34,28,95,74,2,4,14,1
S01009925,50 to 64,64,26,23,3,38,18,1,7,7,5
S01009925,65 to 74,13,8,8,0,5,3,0,1,1,0
S01009925,75 to 84,11,1,0,1,10,4,0,0,2,4
S01009925,85 and over,7,0,0,0,7,1,0,0,0,6
S01009926,All people aged 16 and over in households,660,314,182,132,346,247,8,18,39,34
S01009926,16 to 24,81,18,1,17,63,61,1,1,0,0
S01009926,25 to 34,219,119,43,76,100,91,3,5,1,0
S01009926,35 to 49,189,102,67,35,87,67,2,5,12,1
S01009926,50 to 64,81,42,40,2,39,15,1,4,16,3
S01009926,65 to 74,36,16,14,2,20,4,0,1,9,6
S01009926,75 to 84,42,14,14,0,28,6,0,2,1,19
S01009926,85 and over,12,3,3,0,9,3,1,0,0,5
S01009927,All people aged 16 and over in households,443,210,134,76,233,139,7,15,40,32
S01009927,16 to 24,48,11,1,10,37,37,0,0,0,0
S01009927,25 to 34,121,60,24,36,61,53,3,0,5,0
S01009927,35 to 49,104,60,41,19,44,29,2,3,9,1
S01009927,50 to 64,76,39,33,6,37,9,2,6,17,3
S01009927,65 to 74,50,26,23,3,24,5,0,4,7,8
S01009927,75 to 84,35,14,12,2,21,3,0,2,2,14
S01009927,85 and over,9,0,0,0,9,3,0,0,0,6
S01009928,All people aged 16 and over in households,704,390,258,132,314,215,5,19,55,20
S01009928,16 to 24,61,9,0,9,52,52,0,0,0,0
S01009928,25 to 34,171,102,51,51,69,69,0,0,0,0
S01009928,35 to 49,228,146,87,59,82,55,1,9,16,1
S01009928,50 to 64,180,106,94,12,74,29,3,9,27,6
S01009928,65 to 74,44,21,20,1,23,5,1,1,8,8
S01009928,75 to 84,16,5,5,0,11,4,0,0,4,3
S01009928,85 and over,4,1,1,0,3,1,0,0,0,2
S01009929,All people aged 16 and over in households,423,260,206,54,163,98,6,12,12,35
S01009929,16 to 24,34,3,0,3,31,31,0,0,0,0
S01009929,25 to 34,74,47,26,21,27,26,0,0,1,0
S01009929,35 to 49,130,99,79,20,31,23,1,5,2,0
S01009929,50 to 64,100,72,65,7,28,10,3,5,7,3
S01009929,65 to 74,40,20,19,1,20,3,1,2,2,12
S01009929,75 to 84,33,13,11,2,20,3,1,0,0,16
S01009929,85 and over,12,6,6,0,6,2,0,0,0,4
S01009930,All people aged 16 and over in households,758,394,188,206,364,266,9,29,34,26
S01009930,16 to 24,75,15,0,15,60,60,0,0,0,0
S01009930,25 to 34,309,178,41,137,131,124,4,1,2,0
S01009930,35 to 49,187,118,75,43,69,51,1,9,6,2
S01009930,50 to 64,118,61,52,9,57,21,1,13,20,2
S01009930,65 to 74,37,15,13,2,22,5,2,6,3,6
S01009930,75 to 84,25,6,6,0,19,4,1,0,2,12
S01009930,85 and over,7,1,1,0,6,1,0,0,1,4
S01009931,All people aged 16 and over in households,692,350,152,198,342,264,7,23,31,17
S01009931,16 to 24,69,25,1,24,44,44,0,0,0,0
S01009931,25 to 34,290,176,53,123,114,108,3,2,1,0
S01009931,35 to 49,190,92,54,38,98,76,1,13,8,0
S01009931,50 to 64,96,40,29,11,56,25,2,7,17,5
S01009931,65 to 74,26,8,7,1,18,9,1,0,4,4
S01009931,75 to 84,17,7,6,1,10,1,0,1,1,7
S01009931,85 and over,4,2,2,0,2,1,0,0,0,1
S01009932,All people aged 16 and over in households,576,284,130,154,292,205,4,10,44,29
S01009932,16 to 24,51,16,1,15,35,35,0,0,0,0
S01009932,25 to 34,235,154,49,105,81,78,0,3,0,0
S01009932,35 to 49,142,61,36,25,81,62,1,3,15,0
S01009932,50 to 64,77,35,28,7,42,13,2,4,20,3
S01009932,65 to 74,34,12,12,0,22,7,0,0,7,8
S01009932,75 to 84,22,5,4,1,17,7,1,0,1,8
S01009932,85 and over,15,1,0,1,14,3,0,0,1,10
S01009933,All people aged 16 and over in households,762,248,176,72,514,330,13,42,86,43
S01009933,16 to 24,78,12,2,10,66,65,0,1,0,0
S01009933,25 to 34,202,87,60,27,115,100,4,7,4,0
S01009933,35 to 49,251,79,54,25,172,121,7,20,21,3
S01009933,50 to 64,138,43,36,7,95,29,2,12,47,5
S01009933,65 to 74,52,18,15,3,34,11,0,1,9,13
S01009933,75 to 84,27,5,5,0,22,1,0,1,4,16
S01009933,85 and over,14,4,4,0,10,3,0,0,1,6
S01009934,All people aged 16 and over in households,753,420,294,126,333,224,9,25,29,46
S01009934,16 to 24,84,17,4,13,67,67,0,0,0,0
S01009934,25 to 34,210,133,66,67,77,72,0,5,0,0
S01009934,35 to 49,197,134,104,30,63,43,5,9,4,2
S01009934,50 to 64,150,95,82,13,55,17,3,9,19,7
S01009934,65 to 74,55,30,27,3,25,11,1,2,3,8
S01009934,75 to 84,43,10,10,0,33,13,0,0,1,19
S01009934,85 and over,14,1,1,0,13,1,0,0,2,10
S01009935,All people aged 16 and over in households,502,134,94,40,368,177,8,26,68,89
S01009935,16 to 24,31,3,0,3,28,27,1,0,0,0
S01009935,25 to 34,56,18,5,13,38,34,0,3,1,0
S01009935,35 to 49,114,25,14,11,89,62,3,9,15,0
S01009935,50 to 64,121,35,27,8,86,33,2,8,30,13
S01009935,65 to 74,77,29,26,3,48,8,1,4,15,20
S01009935,75 to 84,83,24,22,2,59,11,1,2,7,38
S01009935,85 and over,20,0,0,0,20,2,0,0,0,18
S01009936,All people aged 16 and over in households,554,196,120,76,358,216,6,32,57,47
S01009936,16 to 24,55,10,1,9,45,44,1,0,0,0
S01009936,25 to 34,115,60,25,35,55,50,3,1,1,0
S01009936,35 to 49,154,65,40,25,89,70,2,6,11,0
S01009936,50 to 64,134,45,40,5,89,40,0,15,30,4
S01009936,65 to 74,57,12,10,2,45,11,0,7,12,15
S01009936,75 to 84,28,4,4,0,24,1,0,3,3,17
S01009936,85 and over,11,0,0,0,11,0,0,0,0,11
S01009937,All people aged 16 and over in households,401,112,98,14,289,164,14,26,29,56
S01009937,16 to 24,73,6,1,5,67,61,4,2,0,0
S01009937,25 to 34,57,19,12,7,38,25,5,6,2,0
S01009937,35 to 49,97,38,36,2,59,34,1,15,5,4
S01009937,50 to 64,74,28,28,0,46,19,3,3,15,6
S01009937,65 to 74,35,7,7,0,28,12,0,0,6,10
S01009937,75 to 84,45,13,13,0,32,9,0,0,1,22
S01009937,85 and over,20,1,1,0,19,4,1,0,0,14
S01009938,All people aged 16 and over in households,818,288,214,74,530,267,12,40,106,105
S01009938,16 to 24,76,3,0,3,73,71,0,1,0,1
S01009938,25 to 34,115,49,18,31,66,59,1,3,3,0
S01009938,35 to 49,161,80,54,26,81,55,2,9,15,0
S01009938,50 to 64,194,72,60,12,122,36,6,15,55,10
S01009938,65 to 74,135,48,46,2,87,25,0,8,29,25
S01009938,75 to 84,99,28,28,0,71,18,3,3,4,43
S01009938,85 and over,38,8,8,0,30,3,0,1,0,26
S01009939,All people aged 16 and over in households,687,174,92,82,513,351,24,54,62,22
S01009939,16 to 24,137,24,1,23,113,106,2,5,0,0
S01009939,25 to 34,154,50,20,30,104,99,1,3,1,0
S01009939,35 to 49,245,59,37,22,186,113,16,32,24,1
S01009939,50 to 64,94,27,20,7,67,26,2,11,24,4
S01009939,65 to 74,34,11,11,0,23,5,1,2,11,4
S01009939,75 to 84,20,3,3,0,17,2,1,1,2,11
S01009939,85 and over,3,0,0,0,3,0,1,0,0,2
S01009940,All people aged 16 and over in households,678,232,172,60,446,259,4,34,82,67
S01009940,16 to 24,96,11,1,10,85,84,0,0,1,0
S01009940,25 to 34,95,26,12,14,69,64,1,3,1,0
S01009940,35 to 49,157,59,38,21,98,63,2,11,21,1
S01009940,50 to 64,193,84,71,13,109,42,1,16,39,11
S01009940,65 to 74,95,44,42,2,51,5,0,4,16,26
S01009940,75 to 84,38,8,8,0,30,1,0,0,3,26
S01009940,85 and over,4,0,0,0,4,0,0,0,1,3
S01009941,All people aged 16 and over in households,754,476,434,42,278,208,13,21,20,16
S01009941,16 to 24,152,9,3,6,143,141,2,0,0,0
S01009941,25 to 34,122,70,62,8,52,46,3,3,0,0
S01009941,35 to 49,275,234,217,17,41,13,4,12,10,2
S01009941,50 to 64,159,133,123,10,26,7,2,6,7,4
S01009941,65 to 74,31,22,21,1,9,1,1,0,2,5
S01009941,75 to 84,14,7,7,0,7,0,1,0,1,5
S01009941,85 and over,1,1,1,0,0,0,0,0,0,0
S01009942,All people aged 16 and over in households,836,310,232,78,526,319,14,35,74,84
S01009942,16 to 24,138,15,1,14,123,122,0,1,0,0
S01009942,25 to 34,137,58,31,27,79,70,5,3,1,0
S01009942,35 to 49,235,103,72,31,132,83,3,21,21,4
S01009942,50 to 64,158,63,57,6,95,34,4,10,33,14
S01009942,65 to 74,95,41,41,0,54,5,2,0,15,32
S01009942,75 to 84,62,24,24,0,38,5,0,0,4,29
S01009942,85 and over,11,6,6,0,5,0,0,0,0,5
S01009943,All people aged 16 and over in households,671,258,198,60,413,257,2,24,63,67
S01009943,16 to 24,108,13,3,10,95,95,0,0,0,0
S01009943,25 to 34,101,39,15,24,62,58,0,4,0,0
S01009943,35 to 49,163,71,49,22,92,61,1,10,17,3
S01009943,50 to 64,155,73,69,4,82,29,0,7,32,14
S01009943,65 to 74,104,52,52,0,52,10,0,3,12,27
S01009943,75 to 84,33,10,10,0,23,3,1,0,1,18
S01009943,85 and over,7,0,0,0,7,1,0,0,1,5
S01009944,All people aged 16 and over in households,658,290,240,50,368,229,9,21,51,58
S01009944,16 to 24,109,5,3,2,104,103,1,0,0,0
S01009944,25 to 34,111,47,20,27,64,60,1,1,2,0
S01009944,35 to 49,145,84,69,15,61,31,4,6,18,2
S01009944,50 to 64,145,80,77,3,65,27,3,9,23,3
S01009944,65 to 74,80,48,46,2,32,3,0,5,7,17
S01009944,75 to 84,51,25,24,1,26,4,0,0,1,21
S01009944,85 and over,17,1,1,0,16,1,0,0,0,15
S01009945,All people aged 16 and over in households,790,276,192,84,514,304,7,34,72,97
S01009945,16 to 24,113,11,2,9,102,101,1,0,0,0
S01009945,25 to 34,153,58,24,34,95,87,1,1,6,0
S01009945,35 to 49,200,84,59,25,116,77,2,11,20,6
S01009945,50 to 64,147,61,50,11,86,20,1,17,35,13
S01009945,65 to 74,70,30,26,4,40,9,0,3,9,19
S01009945,75 to 84,79,28,27,1,51,4,1,2,2,42
S01009945,85 and over,28,4,4,0,24,6,1,0,0,17
S01009946,All people aged 16 and over in households,672,320,244,76,352,217,7,27,47,54
S01009946,16 to 24,119,12,7,5,107,105,1,0,1,0
S01009946,25 to 34,84,40,23,17,44,36,1,6,1,0
S01009946,35 to 49,188,115,77,38,73,41,2,10,20,0
S01009946,50 to 64,148,92,79,13,56,18,1,10,14,13
S01009946,65 to 74,80,41,38,3,39,12,2,1,8,16
S01009946,75 to 84,42,20,20,0,22,3,0,0,3,16
S01009946,85 and over,11,0,0,0,11,2,0,0,0,9
S01009947,All people aged 16 and over in households,470,230,178,52,240,148,6,12,27,47
S01009947,16 to 24,49,0,0,0,49,48,1,0,0,0
S01009947,25 to 34,86,46,21,25,40,38,0,1,1,0
S01009947,35 to 49,106,56,34,22,50,32,2,5,9,2
S01009947,50 to 64,117,71,66,5,46,20,2,4,11,9
S01009947,65 to 74,58,31,31,0,27,6,0,2,5,14
S01009947,75 to 84,43,23,23,0,20,3,1,0,1,15
S01009947,85 and over,11,3,3,0,8,1,0,0,0,7
S01009948,All people aged 16 and over in households,671,238,178,60,433,225,10,40,80,78
S01009948,16 to 24,87,8,2,6,79,79,0,0,0,0
S01009948,25 to 34,91,43,24,19,48,41,1,6,0,0
S01009948,35 to 49,172,63,47,16,109,60,6,15,25,3
S01009948,50 to 64,154,69,57,12,85,28,1,12,36,8
S01009948,65 to 74,91,39,34,5,52,9,1,6,13,23
S01009948,75 to 84,54,16,14,2,38,7,0,1,5,25
S01009948,85 and over,22,0,0,0,22,1,1,0,1,19
S01009949,All people aged 16 and over in households,667,288,222,66,379,228,7,27,50,67
S01009949,16 to 24,95,5,0,5,90,89,1,0,0,0
S01009949,25 to 34,120,56,31,25,64,58,2,3,1,0
S01009949,35 to 49,162,90,65,25,72,45,1,10,15,1
S01009949,50 to 64,136,69,62,7,67,24,3,13,22,5
S01009949,65 to 74,77,40,36,4,37,6,0,1,9,21
S01009949,75 to 84,58,20,20,0,38,5,0,0,2,31
S01009949,85 and over,19,8,8,0,11,1,0,0,1,9
S01009950,All people aged 16 and over in households,593,382,348,34,211,149,5,8,11,38
S01009950,16 to 24,87,3,1,2,84,83,1,0,0,0
S01009950,25 to 34,78,36,27,9,42,39,2,0,1,0
S01009950,35 to 49,152,129,114,15,23,13,1,5,4,0
S01009950,50 to 64,168,143,137,6,25,8,1,3,5,8
S01009950,65 to 74,62,53,52,1,9,3,0,0,1,5
S01009950,75 to 84,36,14,14,0,22,1,0,0,0,21
S01009950,85 and over,10,4,3,1,6,2,0,0,0,4
S01009951,All people aged 16 and over in households,615,412,390,22,203,148,13,7,10,25
S01009951,16 to 24,97,1,1,0,96,95,1,0,0,0
S01009951,25 to 34,59,28,23,5,31,28,2,0,1,0
S01009951,35 to 49,153,129,117,12,24,11,3,4,5,1
S01009951,50 to 64,209,182,178,4,27,11,7,2,4,3
S01009951,65 to 74,58,49,48,1,9,2,0,1,0,6
S01009951,75 to 84,32,21,21,0,11,1,0,0,0,10
S01009951,85 and over,7,2,2,0,5,0,0,0,0,5
S01009952,All people aged 16 and over in households,599,368,312,56,231,127,10,13,21,60
S01009952,16 to 24,65,2,1,1,63,63,0,0,0,0
S01009952,25 to 34,67,50,29,21,17,16,1,0,0,0
S01009952,35 to 49,165,129,106,23,36,24,2,6,3,1
S01009952,50 to 64,156,128,119,9,28,14,1,5,7,1
S01009952,65 to 74,72,44,43,1,28,7,3,0,6,12
S01009952,75 to 84,51,14,13,1,37,1,2,2,5,27
S01009952,85 and over,23,1,1,0,22,2,1,0,0,19
S01009953,All people aged 16 and over in households,734,462,384,78,272,172,9,18,28,45
S01009953,16 to 24,90,7,4,3,83,80,2,0,1,0
S01009953,25 to 34,117,80,45,35,37,34,1,2,0,0
S01009953,35 to 49,172,120,92,28,52,31,1,5,10,5
S01009953,50 to 64,205,156,144,12,49,17,5,11,12,4
S01009953,65 to 74,85,64,64,0,21,7,0,0,5,9
S01009953,75 to 84,53,33,33,0,20,3,0,0,0,17
S01009953,85 and over,12,2,2,0,10,0,0,0,0,10
S01009954,All people aged 16 and over in households,507,318,290,28,189,144,6,7,17,15
S01009954,16 to 24,87,5,3,2,82,82,0,0,0,0
S01009954,25 to 34,67,37,29,8,30,24,3,1,2,0
S01009954,35 to 49,142,113,102,11,29,19,1,3,5,1
S01009954,50 to 64,138,115,110,5,23,13,1,1,5,3
S01009954,65 to 74,55,37,35,2,18,5,1,2,4,6
S01009954,75 to 84,15,11,11,0,4,0,0,0,1,3
S01009954,85 and over,3,0,0,0,3,1,0,0,0,2
S01009955,All people aged 16 and over in households,796,402,332,70,394,252,10,15,42,75
S01009955,16 to 24,98,4,1,3,94,94,0,0,0,0
S01009955,25 to 34,116,51,24,27,65,57,6,1,1,0
S01009955,35 to 49,215,140,115,25,75,54,1,2,13,5
S01009955,50 to 64,186,123,109,14,63,28,2,9,17,7
S01009955,65 to 74,86,53,52,1,33,6,0,3,8,16
S01009955,75 to 84,66,24,24,0,42,8,1,0,3,30
S01009955,85 and over,29,7,7,0,22,5,0,0,0,17
S01009956,All people aged 16 and over in households,617,292,228,64,325,208,10,24,35,48
S01009956,16 to 24,82,6,0,6,76,76,0,0,0,0
S01009956,25 to 34,128,51,23,28,77,66,8,2,1,0
S01009956,35 to 49,124,77,55,22,47,27,2,10,8,0
S01009956,50 to 64,153,93,85,8,60,27,0,11,18,4
S01009956,65 to 74,52,32,32,0,20,7,0,0,4,9
S01009956,75 to 84,57,27,27,0,30,5,0,1,4,20
S01009956,85 and over,21,6,6,0,15,0,0,0,0,15
S01009957,All people aged 16 and over in households,611,416,376,40,195,135,3,9,17,31
S01009957,16 to 24,57,2,0,2,55,55,0,0,0,0
S01009957,25 to 34,76,36,26,10,40,39,0,0,0,1
S01009957,35 to 49,168,142,128,14,26,18,1,4,3,0
S01009957,50 to 64,188,153,141,12,35,15,1,4,11,4
S01009957,65 to 74,69,57,55,2,12,2,0,1,1,8
S01009957,75 to 84,39,21,21,0,18,5,0,0,2,11
S01009957,85 and over,14,5,5,0,9,1,1,0,0,7
S01009958,All people aged 16 and over in households,747,500,418,82,247,163,10,19,19,36
S01009958,16 to 24,67,7,1,6,60,60,0,0,0,0
S01009958,25 to 34,119,66,39,27,53,48,4,1,0,0
S01009958,35 to 49,229,186,148,38,43,28,2,7,5,1
S01009958,50 to 64,210,160,149,11,50,23,4,9,10,4
S01009958,65 to 74,69,57,57,0,12,1,0,2,3,6
S01009958,75 to 84,35,16,16,0,19,2,0,0,1,16
S01009958,85 and over,18,8,8,0,10,1,0,0,0,9
S01009959,All people aged 16 and over in households,556,330,302,28,226,123,11,13,23,56
S01009959,16 to 24,64,0,0,0,64,62,2,0,0,0
S01009959,25 to 34,57,22,17,5,35,27,3,2,3,0
S01009959,35 to 49,108,87,76,11,21,12,1,4,4,0
S01009959,50 to 64,176,138,129,9,38,11,0,6,10,11
S01009959,65 to 74,63,42,40,2,21,5,3,0,2,11
S01009959,75 to 84,70,37,36,1,33,5,0,1,4,23
S01009959,85 and over,18,4,4,0,14,1,2,0,0,11
S01009960,All people aged 16 and over in households,758,414,378,36,344,192,10,10,26,106
S01009960,16 to 24,99,5,0,5,94,91,3,0,0,0
S01009960,25 to 34,96,53,36,17,43,40,2,1,0,0
S01009960,35 to 49,158,123,114,9,35,24,0,6,4,1
S01009960,50 to 64,186,149,145,4,37,14,3,2,13,5
S01009960,65 to 74,72,50,50,0,22,8,0,1,4,9
S01009960,75 to 84,96,29,28,1,67,9,2,0,2,54
S01009960,85 and over,51,5,5,0,46,6,0,0,3,37
S01009961,All people aged 16 and over in households,580,276,224,52,304,199,5,12,25,63
S01009961,16 to 24,88,3,0,3,85,85,0,0,0,0
S01009961,25 to 34,63,30,16,14,33,31,1,1,0,0
S01009961,35 to 49,135,81,59,22,54,40,0,3,8,3
S01009961,50 to 64,151,102,93,9,49,26,3,3,13,4
S01009961,65 to 74,71,34,34,0,37,10,1,3,4,19
S01009961,75 to 84,49,21,18,3,28,4,0,0,0,24
S01009961,85 and over,23,5,4,1,18,3,0,2,0,13
S01009962,All people aged 16 and over in households,888,372,226,146,516,340,16,34,68,58
S01009962,16 to 24,95,30,6,24,65,65,0,0,0,0
S01009962,25 to 34,217,112,35,77,105,95,3,2,5,0
S01009962,35 to 49,267,92,55,37,175,129,4,17,23,2
S01009962,50 to 64,155,69,61,8,86,31,3,12,31,9
S01009962,65 to 74,76,43,43,0,33,9,2,2,7,13
S01009962,75 to 84,59,23,23,0,36,8,3,1,2,22
S01009962,85 and over,19,3,3,0,16,3,1,0,0,12
S01009963,All people aged 16 and over in households,665,424,380,44,241,159,2,12,22,46
S01009963,16 to 24,94,3,0,3,91,89,0,2,0,0
S01009963,25 to 34,89,49,35,14,40,40,0,0,0,0
S01009963,35 to 49,175,148,125,23,27,12,0,6,7,2
S01009963,50 to 64,183,152,148,4,31,12,1,4,10,4
S01009963,65 to 74,64,42,42,0,22,4,0,0,2,16
S01009963,75 to 84,43,24,24,0,19,1,1,0,3,14
S01009963,85 and over,17,6,6,0,11,1,0,0,0,10
S01009964,All people aged 16 and over in households,743,464,380,84,279,192,16,19,20,32
S01009964,16 to 24,108,7,2,5,101,101,0,0,0,0
S01009964,25 to 34,122,67,45,22,55,46,7,1,1,0
S01009964,35 to 49,228,184,134,50,44,24,5,9,6,0
S01009964,50 to 64,184,142,137,5,42,11,4,9,12,6
S01009964,65 to 74,59,41,39,2,18,6,0,0,1,11
S01009964,75 to 84,26,18,18,0,8,0,0,0,0,8
S01009964,85 and over,16,5,5,0,11,4,0,0,0,7
S01009965,All people aged 16 and over in households,613,388,364,24,225,131,3,8,27,56
S01009965,16 to 24,75,1,0,1,74,74,0,0,0,0
S01009965,25 to 34,50,21,13,8,29,23,2,4,0,0
S01009965,35 to 49,141,115,104,11,26,19,0,1,5,1
S01009965,50 to 64,198,164,160,4,34,9,0,3,13,9
S01009965,65 to 74,82,57,57,0,25,4,0,0,7,14
S01009965,75 to 84,51,26,26,0,25,0,1,0,1,23
S01009965,85 and over,16,4,4,0,12,2,0,0,1,9
S01009966,All people aged 16 and over in households,645,420,386,34,225,155,4,15,16,35
S01009966,16 to 24,83,0,0,0,83,83,0,0,0,0
S01009966,25 to 34,84,40,23,17,44,42,1,1,0,0
S01009966,35 to 49,156,119,109,10,37,19,1,9,8,0
S01009966,50 to 64,211,185,178,7,26,7,1,3,7,8
S01009966,65 to 74,63,45,45,0,18,3,0,2,1,12
S01009966,75 to 84,39,25,25,0,14,0,1,0,0,13
S01009966,85 and over,9,6,6,0,3,1,0,0,0,2
S01009967,All people aged 16 and over in households,700,400,360,40,300,181,5,20,37,57
S01009967,16 to 24,74,0,0,0,74,74,0,0,0,0
S01009967,25 to 34,81,41,24,17,40,38,1,0,1,0
S01009967,35 to 49,173,118,98,20,55,36,0,9,10,0
S01009967,50 to 64,208,144,143,1,64,25,2,8,19,10
S01009967,65 to 74,90,62,62,0,28,6,2,3,5,12
S01009967,75 to 84,58,29,27,2,29,2,0,0,1,26
S01009967,85 and over,16,6,6,0,10,0,0,0,1,9
S01009968,All people aged 16 and over in households,523,306,284,22,217,150,4,7,18,38
S01009968,16 to 24,85,2,1,1,83,83,0,0,0,0
S01009968,25 to 34,57,20,12,8,37,36,0,0,1,0
S01009968,35 to 49,116,85,74,11,31,21,0,5,4,1
S01009968,50 to 64,157,133,131,2,24,7,3,2,6,6
S01009968,65 to 74,53,37,37,0,16,2,0,0,6,8
S01009968,75 to 84,37,21,21,0,16,0,0,0,1,15
S01009968,85 and over,18,8,8,0,10,1,1,0,0,8
S01009969,All people aged 16 and over in households,700,418,378,40,282,160,6,12,33,71
S01009969,16 to 24,89,2,2,0,87,87,0,0,0,0
S01009969,25 to 34,53,28,18,10,25,23,1,0,0,1
S01009969,35 to 49,193,153,131,22,40,23,2,6,5,4
S01009969,50 to 64,185,133,125,8,52,16,1,4,22,9
S01009969,65 to 74,106,74,74,0,32,5,1,2,5,19
S01009969,75 to 84,53,24,24,0,29,6,1,0,1,21
S01009969,85 and over,21,4,4,0,17,0,0,0,0,17
S01009970,All people aged 16 and over in households,733,222,156,66,511,308,6,40,68,89
S01009970,16 to 24,103,12,6,6,91,90,0,0,1,0
S01009970,25 to 34,149,41,24,17,108,97,2,7,0,2
S01009970,35 to 49,184,67,39,28,117,81,1,12,23,0
S01009970,50 to 64,149,65,54,11,84,28,0,16,30,10
S01009970,65 to 74,70,28,24,4,42,10,0,4,9,19
S01009970,75 to 84,55,7,7,0,48,2,3,1,4,38
S01009970,85 and over,23,2,2,0,21,0,0,0,1,20
S01009971,All people aged 16 and over in households,860,400,296,104,460,297,5,38,57,63
S01009971,16 to 24,136,14,1,13,122,121,0,0,1,0
S01009971,25 to 34,115,50,24,26,65,63,0,0,2,0
S01009971,35 to 49,311,169,131,38,142,88,2,20,24,8
S01009971,50 to 64,187,114,95,19,73,21,2,14,24,12
S01009971,65 to 74,85,47,39,8,38,2,1,3,2,30
S01009971,75 to 84,23,6,6,0,17,2,0,1,3,11
S01009971,85 and over,3,0,0,0,3,0,0,0,1,2
S01009972,All people aged 16 and over in households,648,362,280,82,286,160,3,16,41,66
S01009972,16 to 24,80,8,1,7,72,72,0,0,0,0
S01009972,25 to 34,122,79,42,37,43,40,0,1,2,0
S01009972,35 to 49,166,110,84,26,56,31,1,7,14,3
S01009972,50 to 64,145,105,93,12,40,10,2,5,18,5
S01009972,65 to 74,57,34,34,0,23,2,0,2,7,12
S01009972,75 to 84,55,26,26,0,29,4,0,0,0,25
S01009972,85 and over,23,0,0,0,23,1,0,1,0,21
S01009973,All people aged 16 and over in households,565,302,256,46,263,181,4,18,30,30
S01009973,16 to 24,90,6,0,6,84,83,1,0,0,0
S01009973,25 to 34,76,36,27,9,40,37,0,2,0,1
S01009973,35 to 49,202,136,115,21,66,47,3,8,6,2
S01009973,50 to 64,153,104,96,8,49,13,0,5,20,11
S01009973,65 to 74,32,18,16,2,14,0,0,3,0,11
S01009973,75 to 84,10,2,2,0,8,1,0,0,4,3
S01009973,85 and over,2,0,0,0,2,0,0,0,0,2
S01009974,All people aged 16 and over in households,468,166,104,62,302,184,4,20,55,39
S01009974,16 to 24,70,11,1,10,59,59,0,0,0,0
S01009974,25 to 34,96,38,15,23,58,54,1,2,1,0
S01009974,35 to 49,114,40,20,20,74,50,0,6,15,3
S01009974,50 to 64,120,56,52,4,64,13,2,9,31,9
S01009974,65 to 74,34,15,12,3,19,6,0,3,5,5
S01009974,75 to 84,28,6,4,2,22,2,1,0,3,16
S01009974,85 and over,6,0,0,0,6,0,0,0,0,6
S01009975,All people aged 16 and over in households,629,178,128,50,451,279,1,33,64,74
S01009975,16 to 24,100,2,0,2,98,98,0,0,0,0
S01009975,25 to 34,77,19,4,15,58,57,0,1,0,0
S01009975,35 to 49,172,65,45,20,107,79,1,16,9,2
S01009975,50 to 64,155,65,57,8,90,31,0,10,36,13
S01009975,65 to 74,76,18,17,1,58,5,0,6,18,29
S01009975,75 to 84,35,5,5,0,30,8,0,0,1,21
S01009975,85 and over,14,4,0,4,10,1,0,0,0,9
S01009976,All people aged 16 and over in households,385,136,84,52,249,151,1,20,42,35
S01009976,16 to 24,53,6,1,5,47,47,0,0,0,0
S01009976,25 to 34,81,41,10,31,40,36,0,3,1,0
S01009976,35 to 49,109,35,25,10,74,50,0,8,13,3
S01009976,50 to 64,94,42,36,6,52,18,1,7,19,7
S01009976,65 to 74,35,10,10,0,25,0,0,2,9,14
S01009976,75 to 84,10,2,2,0,8,0,0,0,0,8
S01009976,85 and over,3,0,0,0,3,0,0,0,0,3
S01009977,All people aged 16 and over in households,813,214,148,66,599,310,10,59,127,93
S01009977,16 to 24,79,3,0,3,76,76,0,0,0,0
S01009977,25 to 34,99,19,6,13,80,72,1,3,3,1
S01009977,35 to 49,193,49,26,23,144,99,4,18,23,0
S01009977,50 to 64,246,83,65,18,163,47,3,30,66,17
S01009977,65 to 74,121,38,29,9,83,14,0,7,22,40
S01009977,75 to 84,68,19,19,0,49,2,2,1,12,32
S01009977,85 and over,7,3,3,0,4,0,0,0,1,3
S01009978,All people aged 16 and over in households,773,294,198,96,479,336,4,38,61,40
S01009978,16 to 24,147,12,3,9,135,135,0,0,0,0
S01009978,25 to 34,128,55,28,27,73,68,0,3,2,0
S01009978,35 to 49,260,123,81,42,137,91,3,17,23,3
S01009978,50 to 64,177,84,69,15,93,37,1,15,34,6
S01009978,65 to 74,35,14,12,2,21,5,0,3,2,11
S01009978,75 to 84,25,6,5,1,19,0,0,0,0,19
S01009978,85 and over,1,0,0,0,1,0,0,0,0,1
S01009979,All people aged 16 and over in households,413,140,110,30,273,147,2,22,61,41
S01009979,16 to 24,50,4,0,4,46,45,0,0,1,0
S01009979,25 to 34,47,7,0,7,40,37,0,1,2,0
S01009979,35 to 49,100,38,27,11,62,40,1,11,10,0
S01009979,50 to 64,128,60,52,8,68,19,0,8,33,8
S01009979,65 to 74,57,26,26,0,31,4,0,1,11,15
S01009979,75 to 84,27,5,5,0,22,2,1,1,4,14
S01009979,85 and over,4,0,0,0,4,0,0,0,0,4
S01009980,All people aged 16 and over in households,463,148,110,38,315,211,3,17,38,46
S01009980,16 to 24,102,6,0,6,96,95,0,1,0,0
S01009980,25 to 34,57,9,1,8,48,44,2,0,2,0
S01009980,35 to 49,123,49,34,15,74,51,0,10,12,1
S01009980,50 to 64,110,60,52,8,50,18,1,4,19,8
S01009980,65 to 74,41,14,13,1,27,3,0,1,5,18
S01009980,75 to 84,27,10,10,0,17,0,0,1,0,16
S01009980,85 and over,3,0,0,0,3,0,0,0,0,3
S01009981,All people aged 16 and over in households,532,192,130,62,340,225,1,18,62,34
S01009981,16 to 24,88,10,0,10,78,78,0,0,0,0
S01009981,25 to 34,100,41,19,22,59,55,0,3,1,0
S01009981,35 to 49,157,61,45,16,96,66,0,8,21,1
S01009981,50 to 64,113,56,43,13,57,19,0,5,26,7
S01009981,65 to 74,38,16,15,1,22,4,1,2,6,9
S01009981,75 to 84,32,8,8,0,24,3,0,0,8,13
S01009981,85 and over,4,0,0,0,4,0,0,0,0,4
S01009982,All people aged 16 and over in households,767,336,238,98,431,296,3,52,52,28
S01009982,16 to 24,135,11,3,8,124,124,0,0,0,0
S01009982,25 to 34,159,68,39,29,91,83,0,7,0,1
S01009982,35 to 49,255,136,103,33,119,72,2,26,18,1
S01009982,50 to 64,153,92,68,24,61,14,0,14,25,8
S01009982,65 to 74,46,23,19,4,23,1,1,4,8,9
S01009982,75 to 84,16,6,6,0,10,1,0,1,1,7
S01009982,85 and over,3,0,0,0,3,1,0,0,0,2
S01009983,All people aged 16 and over in households,426,100,64,36,326,216,5,33,41,31
S01009983,16 to 24,92,6,3,3,86,86,0,0,0,0
S01009983,25 to 34,109,34,18,16,75,63,1,5,4,2
S01009983,35 to 49,125,37,27,10,88,48,4,19,14,3
S01009983,50 to 64,69,16,10,6,53,17,0,7,20,9
S01009983,65 to 74,23,7,6,1,16,1,0,2,3,10
S01009983,75 to 84,4,0,0,0,4,1,0,0,0,3
S01009983,85 and over,4,0,0,0,4,0,0,0,0,4
S01009984,All people aged 16 and over in households,574,272,174,98,302,191,5,27,46,33
S01009984,16 to 24,84,13,1,12,71,71,0,0,0,0
S01009984,25 to 34,143,70,40,30,73,65,3,4,1,0
S01009984,35 to 49,181,111,73,38,70,40,1,10,11,8
S01009984,50 to 64,117,65,50,15,52,12,0,8,25,7
S01009984,65 to 74,36,11,8,3,25,2,0,5,8,10
S01009984,75 to 84,12,2,2,0,10,1,0,0,1,8
S01009984,85 and over,1,0,0,0,1,0,1,0,0,0
S01009985,All people aged 16 and over in households,463,164,90,74,299,216,4,21,40,18
S01009985,16 to 24,97,16,1,15,81,81,0,0,0,0
S01009985,25 to 34,105,38,11,27,67,59,1,6,1,0
S01009985,35 to 49,137,49,26,23,88,61,3,11,11,2
S01009985,50 to 64,83,42,35,7,41,11,0,3,25,2
S01009985,65 to 74,30,17,16,1,13,2,0,1,2,8
S01009985,75 to 84,7,2,1,1,5,1,0,0,1,3
S01009985,85 and over,4,0,0,0,4,1,0,0,0,3
S01009986,All people aged 16 and over in households,446,140,106,34,306,189,2,21,53,41
S01009986,16 to 24,57,4,1,3,53,53,0,0,0,0
S01009986,25 to 34,61,20,8,12,41,39,0,1,1,0
S01009986,35 to 49,118,26,14,12,92,68,0,8,16,0
S01009986,50 to 64,121,48,47,1,73,21,1,10,32,9
S01009986,65 to 74,52,29,23,6,23,7,1,2,3,10
S01009986,75 to 84,31,11,11,0,20,1,0,0,1,18
S01009986,85 and over,6,2,2,0,4,0,0,0,0,4
S01009987,All people aged 16 and over in households,747,288,224,64,459,221,7,43,67,121
S01009987,16 to 24,73,5,0,5,68,67,1,0,0,0
S01009987,25 to 34,97,42,17,25,55,50,1,4,0,0
S01009987,35 to 49,157,71,53,18,86,59,1,15,10,1
S01009987,50 to 64,198,108,96,12,90,27,1,16,38,8
S01009987,65 to 74,93,42,39,3,51,9,0,6,13,23
S01009987,75 to 84,96,18,17,1,78,8,2,0,5,63
S01009987,85 and over,33,2,2,0,31,1,1,2,1,26
S01009988,All people aged 16 and over in households,447,144,100,44,303,164,5,25,54,55
S01009988,16 to 24,57,6,0,6,51,48,2,0,1,0
S01009988,25 to 34,56,17,3,14,39,35,0,3,1,0
S01009988,35 to 49,98,33,19,14,65,50,0,5,10,0
S01009988,50 to 64,112,46,36,10,66,22,2,14,24,4
S01009988,65 to 74,65,26,26,0,39,5,0,2,13,19
S01009988,75 to 84,42,12,12,0,30,3,1,1,5,20
S01009988,85 and over,17,4,4,0,13,1,0,0,0,12
S01009989,All people aged 16 and over in households,665,305,226,79,360,234,5,22,36,63
S01009989,16 to 24,110,11,3,8,99,99,0,0,0,0
S01009989,25 to 34,118,58,25,33,60,54,1,5,0,0
S01009989,35 to 49,171,90,65,25,81,51,2,10,14,4
S01009989,50 to 64,153,98,85,13,55,26,1,5,17,6
S01009989,65 to 74,55,31,31,0,24,2,1,2,2,17
S01009989,75 to 84,47,15,15,0,32,2,0,0,1,29
S01009989,85 and over,11,2,2,0,9,0,0,0,2,7
S01009990,All people aged 16 and over in households,553,282,214,68,271,187,5,18,28,33
S01009990,16 to 24,95,9,1,8,86,86,0,0,0,0
S01009990,25 to 34,129,62,28,34,67,64,1,1,1,0
S01009990,35 to 49,148,92,68,24,56,27,0,13,15,1
S01009990,50 to 64,108,72,70,2,36,8,1,3,12,12
S01009990,65 to 74,44,38,38,0,6,0,0,0,0,6
S01009990,75 to 84,19,8,8,0,11,1,3,0,0,7
S01009990,85 and over,10,1,1,0,9,1,0,1,0,7
S01009991,All people aged 16 and over in households,625,318,234,84,307,215,6,31,32,23
S01009991,16 to 24,121,11,0,11,110,109,0,1,0,0
S01009991,25 to 34,122,67,23,44,55,49,0,6,0,0
S01009991,35 to 49,184,103,79,24,81,46,4,15,15,1
S01009991,50 to 64,139,101,97,4,38,9,1,8,16,4
S01009991,65 to 74,35,26,25,1,9,2,0,0,1,6
S01009991,75 to 84,19,10,10,0,9,0,1,1,0,7
S01009991,85 and over,5,0,0,0,5,0,0,0,0,5
S01009992,All people aged 16 and over in households,573,200,142,58,373,221,5,22,59,66
S01009992,16 to 24,73,15,1,14,58,58,0,0,0,0
S01009992,25 to 34,75,20,6,14,55,51,1,0,3,0
S01009992,35 to 49,149,60,41,19,89,68,3,2,14,2
S01009992,50 to 64,138,54,46,8,84,31,0,13,33,7
S01009992,65 to 74,77,32,29,3,45,10,1,6,8,20
S01009992,75 to 84,44,19,19,0,25,3,0,1,1,20
S01009992,85 and over,17,0,0,0,17,0,0,0,0,17
S01009993,All people aged 16 and over in households,659,370,264,106,289,177,0,35,47,30
S01009993,16 to 24,101,21,3,18,80,80,0,0,0,0
S01009993,25 to 34,151,93,44,49,58,48,0,6,3,1
S01009993,35 to 49,187,118,81,37,69,40,0,11,17,1
S01009993,50 to 64,136,86,86,0,50,6,0,17,20,7
S01009993,65 to 74,51,31,29,2,20,2,0,1,6,11
S01009993,75 to 84,28,18,18,0,10,1,0,0,1,8
S01009993,85 and over,5,3,3,0,2,0,0,0,0,2
S01009994,All people aged 16 and over in households,532,286,212,74,246,172,1,15,32,26
S01009994,16 to 24,87,14,3,11,73,73,0,0,0,0
S01009994,25 to 34,113,68,38,30,45,42,0,3,0,0
S01009994,35 to 49,169,108,85,23,61,43,1,8,9,0
S01009994,50 to 64,106,62,54,8,44,12,0,4,22,6
S01009994,65 to 74,37,29,28,1,8,2,0,0,1,5
S01009994,75 to 84,15,4,4,0,11,0,0,0,0,11
S01009994,85 and over,5,1,0,1,4,0,0,0,0,4
S01009995,All people aged 16 and over in households,535,280,204,76,255,176,2,18,37,22
S01009995,16 to 24,120,21,1,20,99,99,0,0,0,0
S01009995,25 to 34,93,48,21,27,45,37,0,5,3,0
S01009995,35 to 49,146,102,82,20,44,31,0,3,9,1
S01009995,50 to 64,122,79,73,6,43,6,1,8,21,7
S01009995,65 to 74,36,28,25,3,8,2,0,2,1,3
S01009995,75 to 84,16,2,2,0,14,1,1,0,3,9
S01009995,85 and over,2,0,0,0,2,0,0,0,0,2
S01009996,All people aged 16 and over in households,572,286,226,60,286,185,3,33,26,39
S01009996,16 to 24,102,8,2,6,94,94,0,0,0,0
S01009996,25 to 34,140,79,41,38,61,53,0,6,2,0
S01009996,35 to 49,141,82,70,12,59,29,3,15,11,1
S01009996,50 to 64,127,96,92,4,31,5,0,7,9,10
S01009996,65 to 74,32,14,14,0,18,3,0,4,2,9
S01009996,75 to 84,15,6,6,0,9,0,0,1,2,6
S01009996,85 and over,15,1,1,0,14,1,0,0,0,13
S01009997,All people aged 16 and over in households,470,252,182,70,218,151,3,9,35,20
S01009997,16 to 24,76,4,0,4,72,71,1,0,0,0
S01009997,25 to 34,115,70,35,35,45,43,0,2,0,0
S01009997,35 to 49,119,76,52,24,43,22,1,5,14,1
S01009997,50 to 64,100,68,61,7,32,8,0,2,17,5
S01009997,65 to 74,31,19,19,0,12,5,0,0,3,4
S01009997,75 to 84,22,12,12,0,10,1,1,0,1,7
S01009997,85 and over,7,3,3,0,4,1,0,0,0,3
S01009998,All people aged 16 and over in households,524,312,284,28,212,141,2,10,8,51
S01009998,16 to 24,68,3,3,0,65,65,0,0,0,0
S01009998,25 to 34,63,31,18,13,32,29,0,2,1,0
S01009998,35 to 49,117,91,82,9,26,19,1,4,1,1
S01009998,50 to 64,135,105,100,5,30,12,1,3,4,10
S01009998,65 to 74,75,48,47,1,27,6,0,1,2,18
S01009998,75 to 84,53,26,26,0,27,8,0,0,0,19
S01009998,85 and over,13,8,8,0,5,2,0,0,0,3
S01009999,All people aged 16 and over in households,597,354,328,26,243,160,10,16,24,33
S01009999,16 to 24,95,3,0,3,92,92,0,0,0,0
S01009999,25 to 34,71,31,20,11,40,33,1,3,2,1
S01009999,35 to 49,147,108,100,8,39,19,2,9,9,0
S01009999,50 to 64,158,130,127,3,28,9,5,2,9,3
S01009999,65 to 74,69,53,52,1,16,1,1,2,3,9
S01009999,75 to 84,44,25,25,0,19,5,0,0,1,13
S01009999,85 and over,13,4,4,0,9,1,1,0,0,7
S01010000,All people aged 16 and over in households,491,268,200,68,223,152,1,19,30,21
S01010000,16 to 24,79,11,0,11,68,68,0,0,0,0
S01010000,25 to 34,119,72,37,35,47,44,0,2,1,0
S01010000,35 to 49,130,77,64,13,53,28,0,13,12,0
S01010000,50 to 64,114,78,70,8,36,10,1,2,13,10
S01010000,65 to 74,34,23,22,1,11,2,0,1,3,5
S01010000,75 to 84,11,7,7,0,4,0,0,1,0,3
S01010000,85 and over,4,0,0,0,4,0,0,0,1,3
S01010001,All people aged 16 and over in households,617,342,270,72,275,183,3,14,39,36
S01010001,16 to 24,99,9,4,5,90,89,1,0,0,0
S01010001,25 to 34,124,78,50,28,46,42,0,1,1,2
S01010001,35 to 49,177,120,90,30,57,32,0,8,16,1
S01010001,50 to 64,128,97,89,8,31,7,0,5,16,3
S01010001,65 to 74,39,20,19,1,19,8,1,0,2,8
S01010001,75 to 84,34,17,17,0,17,2,1,0,1,13
S01010001,85 and over,16,1,1,0,15,3,0,0,3,9
S01010002,All people aged 16 and over in households,644,334,272,62,310,201,7,24,35,43
S01010002,16 to 24,112,8,0,8,104,104,0,0,0,0
S01010002,25 to 34,105,54,31,23,51,43,1,6,1,0
S01010002,35 to 49,188,118,94,24,70,38,4,11,16,1
S01010002,50 to 64,156,119,115,4,37,12,2,7,12,4
S01010002,65 to 74,47,27,24,3,20,2,0,0,4,14
S01010002,75 to 84,32,8,8,0,24,2,0,0,2,20
S01010002,85 and over,4,0,0,0,4,0,0,0,0,4
S01010003,All people aged 16 and over in households,571,358,314,44,213,151,2,13,20,27
S01010003,16 to 24,82,3,0,3,79,79,0,0,0,0
S01010003,25 to 34,71,35,30,5,36,33,1,2,0,0
S01010003,35 to 49,148,115,91,24,33,22,1,5,5,0
S01010003,50 to 64,172,137,125,12,35,17,0,3,8,7
S01010003,65 to 74,73,53,53,0,20,0,0,3,6,11
S01010003,75 to 84,23,15,15,0,8,0,0,0,1,7
S01010003,85 and over,2,0,0,0,2,0,0,0,0,2
S01010004,All people aged 16 and over in households,617,386,350,36,231,170,5,5,10,41
S01010004,16 to 24,100,1,1,0,99,99,0,0,0,0
S01010004,25 to 34,68,28,21,7,40,38,1,1,0,0
S01010004,35 to 49,132,111,98,13,21,17,1,0,3,0
S01010004,50 to 64,182,159,144,15,23,9,1,3,5,5
S01010004,65 to 74,64,47,46,1,17,4,1,1,1,10
S01010004,75 to 84,55,31,31,0,24,3,1,0,1,19
S01010004,85 and over,16,9,9,0,7,0,0,0,0,7
S01010005,All people aged 16 and over in households,682,230,132,98,452,315,3,27,55,52
S01010005,16 to 24,84,12,0,12,72,71,1,0,0,0
S01010005,25 to 34,184,92,39,53,92,89,0,3,0,0
S01010005,35 to 49,203,57,35,22,146,111,2,14,18,1
S01010005,50 to 64,116,39,31,8,77,34,0,9,28,6
S01010005,65 to 74,33,14,11,3,19,2,0,1,4,12
S01010005,75 to 84,36,10,10,0,26,5,0,0,5,16
S01010005,85 and over,26,6,6,0,20,3,0,0,0,17
S01010006,All people aged 16 and over in households,810,272,164,108,538,369,8,29,60,72
S01010006,16 to 24,78,14,0,14,64,62,0,1,1,0
S01010006,25 to 34,272,121,44,77,151,145,0,4,2,0
S01010006,35 to 49,180,46,35,11,134,110,7,7,8,2
S01010006,50 to 64,139,51,45,6,88,31,0,13,37,7
S01010006,65 to 74,58,22,22,0,36,12,0,2,10,12
S01010006,75 to 84,57,16,16,0,41,7,0,2,2,30
S01010006,85 and over,26,2,2,0,24,2,1,0,0,21
S01010007,All people aged 16 and over in households,805,464,390,74,341,232,6,15,33,55
S01010007,16 to 24,118,13,3,10,105,103,2,0,0,0
S01010007,25 to 34,134,71,39,32,63,62,1,0,0,0
S01010007,35 to 49,215,161,135,26,54,36,1,8,9,0
S01010007,50 to 64,193,139,133,6,54,21,1,5,16,11
S01010007,65 to 74,59,43,43,0,16,4,0,1,3,8
S01010007,75 to 84,65,35,35,0,30,4,1,1,4,20
S01010007,85 and over,21,2,2,0,19,2,0,0,1,16
S01010008,All people aged 16 and over in households,567,198,108,90,369,262,6,27,44,30
S01010008,16 to 24,60,16,3,13,44,44,0,0,0,0
S01010008,25 to 34,201,89,31,58,112,111,0,1,0,0
S01010008,35 to 49,136,34,23,11,102,69,4,13,16,0
S01010008,50 to 64,113,43,36,7,70,29,1,13,21,6
S01010008,65 to 74,27,11,11,0,16,4,0,0,6,6
S01010008,75 to 84,20,3,2,1,17,4,1,0,1,11
S01010008,85 and over,10,2,2,0,8,1,0,0,0,7
S01010009,All people aged 16 and over in households,527,164,74,90,363,283,1,23,40,16
S01010009,16 to 24,59,15,2,13,44,44,0,0,0,0
S01010009,25 to 34,204,87,33,54,117,110,0,6,1,0
S01010009,35 to 49,153,41,21,20,112,95,1,5,9,2
S01010009,50 to 64,73,14,11,3,59,26,0,6,25,2
S01010009,65 to 74,15,5,5,0,10,4,0,3,3,0
S01010009,75 to 84,17,0,0,0,17,3,0,3,1,10
S01010009,85 and over,6,2,2,0,4,1,0,0,1,2
S01010010,All people aged 16 and over in households,858,526,452,74,332,220,10,16,40,46
S01010010,16 to 24,105,14,3,11,91,89,2,0,0,0
S01010010,25 to 34,133,77,49,28,56,53,0,0,3,0
S01010010,35 to 49,236,163,141,22,73,44,5,10,14,0
S01010010,50 to 64,206,154,142,12,52,22,2,5,14,9
S01010010,65 to 74,93,67,66,1,26,6,0,1,6,13
S01010010,75 to 84,62,39,39,0,23,3,1,0,3,16
S01010010,85 and over,23,12,12,0,11,3,0,0,0,8
S01010011,All people aged 16 and over in households,703,240,124,116,463,286,4,30,71,72
S01010011,16 to 24,37,12,0,12,25,25,0,0,0,0
S01010011,25 to 34,191,99,21,78,92,86,0,3,3,0
S01010011,35 to 49,147,42,25,17,105,93,2,4,6,0
S01010011,50 to 64,139,29,24,5,110,48,2,15,35,10
S01010011,65 to 74,87,25,22,3,62,21,0,5,21,15
S01010011,75 to 84,82,31,30,1,51,9,0,3,6,33
S01010011,85 and over,20,2,2,0,18,4,0,0,0,14
S01010012,All people aged 16 and over in households,685,379,329,50,306,185,9,19,26,67
S01010012,16 to 24,109,11,2,9,98,93,2,1,0,2
S01010012,25 to 34,83,42,27,15,41,37,1,2,0,1
S01010012,35 to 49,167,113,98,15,54,34,4,10,5,1
S01010012,50 to 64,188,143,136,7,45,14,1,6,14,10
S01010012,65 to 74,77,47,46,1,30,5,0,0,3,22
S01010012,75 to 84,52,21,18,3,31,1,1,0,1,28
S01010012,85 and over,9,2,2,0,7,1,0,0,3,3
S01010013,All people aged 16 and over in households,698,314,214,100,384,274,4,23,60,23
S01010013,16 to 24,83,20,7,13,63,62,0,0,0,1
S01010013,25 to 34,186,89,46,43,97,91,1,4,1,0
S01010013,35 to 49,215,88,56,32,127,94,2,6,24,1
S01010013,50 to 64,109,63,53,10,46,16,0,10,17,3
S01010013,65 to 74,66,39,37,2,27,7,0,2,13,5
S01010013,75 to 84,34,14,14,0,20,3,1,1,4,11
S01010013,85 and over,5,1,1,0,4,1,0,0,1,2
S01010014,All people aged 16 and over in households,874,452,310,142,422,274,15,33,61,39
S01010014,16 to 24,89,9,2,7,80,76,4,0,0,0
S01010014,25 to 34,183,110,54,56,73,68,2,3,0,0
S01010014,35 to 49,296,182,129,53,114,81,5,9,17,2
S01010014,50 to 64,192,106,85,21,86,40,2,16,23,5
S01010014,65 to 74,70,34,29,5,36,6,1,4,15,10
S01010014,75 to 84,33,11,11,0,22,3,1,1,3,14
S01010014,85 and over,11,0,0,0,11,0,0,0,3,8
S01010015,All people aged 16 and over in households,686,356,182,174,330,253,13,19,24,21
S01010015,16 to 24,77,10,0,10,67,66,1,0,0,0
S01010015,25 to 34,263,156,70,86,107,101,2,3,1,0
S01010015,35 to 49,218,128,67,61,90,62,5,13,8,2
S01010015,50 to 64,90,52,36,16,38,17,4,2,12,3
S01010015,65 to 74,23,10,9,1,13,5,1,1,2,4
S01010015,75 to 84,11,0,0,0,11,2,0,0,1,8
S01010015,85 and over,4,0,0,0,4,0,0,0,0,4
S01010016,All people aged 16 and over in households,610,280,234,46,330,186,10,19,36,79
S01010016,16 to 24,82,3,0,3,79,79,0,0,0,0
S01010016,25 to 34,82,39,26,13,43,40,1,1,1,0
S01010016,35 to 49,135,86,68,18,49,31,3,7,8,0
S01010016,50 to 64,136,83,75,8,53,23,0,6,13,11
S01010016,65 to 74,77,31,29,2,46,7,3,5,10,21
S01010016,75 to 84,78,35,33,2,43,2,2,0,3,36
S01010016,85 and over,20,3,3,0,17,4,1,0,1,11
S01010017,All people aged 16 and over in households,606,196,152,44,410,260,2,24,63,61
S01010017,16 to 24,115,5,3,2,110,110,0,0,0,0
S01010017,25 to 34,84,32,18,14,52,46,0,5,1,0
S01010017,35 to 49,174,71,52,19,103,60,0,11,29,3
S01010017,50 to 64,109,45,37,8,64,30,0,5,24,5
S01010017,65 to 74,73,28,27,1,45,10,0,3,8,24
S01010017,75 to 84,37,13,13,0,24,4,0,0,1,19
S01010017,85 and over,14,2,2,0,12,0,2,0,0,10
S01010018,All people aged 16 and over in households,798,324,212,112,474,243,11,36,77,107
S01010018,16 to 24,102,15,5,10,87,86,0,0,0,1
S01010018,25 to 34,151,96,35,61,55,42,4,7,2,0
S01010018,35 to 49,202,98,63,35,104,68,4,11,19,2
S01010018,50 to 64,142,48,43,5,94,31,2,15,35,11
S01010018,65 to 74,98,42,42,0,56,9,0,2,14,31
S01010018,75 to 84,72,20,19,1,52,6,0,1,6,39
S01010018,85 and over,31,5,5,0,26,1,1,0,1,23
S01010019,All people aged 16 and over in households,586,152,104,48,434,274,3,28,76,53
S01010019,16 to 24,85,11,4,7,74,74,0,0,0,0
S01010019,25 to 34,88,24,10,14,64,59,2,0,1,2
S01010019,35 to 49,148,30,18,12,118,87,1,9,21,0
S01010019,50 to 64,134,40,28,12,94,37,0,14,34,9
S01010019,65 to 74,67,26,24,2,41,12,0,4,11,14
S01010019,75 to 84,56,19,18,1,37,5,0,1,9,22
S01010019,85 and over,8,2,2,0,6,0,0,0,0,6
S01010020,All people aged 16 and over in households,627,246,196,50,381,225,3,38,41,74
S01010020,16 to 24,89,3,1,2,86,86,0,0,0,0
S01010020,25 to 34,64,26,10,16,38,37,0,1,0,0
S01010020,35 to 49,161,86,63,23,75,55,1,10,8,1
S01010020,50 to 64,149,66,63,3,83,31,1,21,25,5
S01010020,65 to 74,84,40,38,2,44,8,1,4,6,25
S01010020,75 to 84,65,23,19,4,42,6,0,2,2,32
S01010020,85 and over,15,2,2,0,13,2,0,0,0,11
S01010021,All people aged 16 and over in households,624,172,140,32,452,297,18,31,70,36
S01010021,16 to 24,128,7,2,5,121,119,0,0,2,0
S01010021,25 to 34,120,38,28,10,82,64,8,4,2,4
S01010021,35 to 49,190,63,51,12,127,77,5,16,21,8
S01010021,50 to 64,112,43,38,5,69,27,1,9,27,5
S01010021,65 to 74,47,11,11,0,36,7,2,1,15,11
S01010021,75 to 84,23,8,8,0,15,3,2,1,2,7
S01010021,85 and over,4,2,2,0,2,0,0,0,1,1
S01010022,All people aged 16 and over in households,773,298,192,106,475,337,7,25,62,44
S01010022,16 to 24,118,14,5,9,104,103,0,1,0,0
S01010022,25 to 34,187,89,47,42,98,92,0,4,2,0
S01010022,35 to 49,205,92,56,36,113,89,5,8,11,0
S01010022,50 to 64,150,67,51,16,83,31,1,7,35,9
S01010022,65 to 74,75,28,27,1,47,16,1,4,12,14
S01010022,75 to 84,31,7,5,2,24,5,0,1,2,16
S01010022,85 and over,7,1,1,0,6,1,0,0,0,5
S01010023,All people aged 16 and over in households,536,137,78,59,399,212,1,34,66,86
S01010023,16 to 24,53,4,0,4,49,48,0,1,0,0
S01010023,25 to 34,71,17,6,11,54,49,1,2,2,0
S01010023,35 to 49,115,30,10,20,85,64,0,8,12,1
S01010023,50 to 64,119,48,33,15,71,23,0,13,28,7
S01010023,65 to 74,97,27,23,4,70,15,0,9,19,27
S01010023,75 to 84,65,9,4,5,56,9,0,1,5,41
S01010023,85 and over,16,2,2,0,14,4,0,0,0,10
S01010024,All people aged 16 and over in households,609,197,120,77,412,277,9,30,59,37
S01010024,16 to 24,103,10,0,10,93,92,0,1,0,0
S01010024,25 to 34,130,50,11,39,80,75,2,1,2,0
S01010024,35 to 49,170,69,55,14,101,67,2,10,22,0
S01010024,50 to 64,127,52,41,11,75,27,3,13,26,6
S01010024,65 to 74,52,15,12,3,37,16,0,3,7,11
S01010024,75 to 84,18,1,1,0,17,0,2,2,2,11
S01010024,85 and over,9,0,0,0,9,0,0,0,0,9
S01010025,All people aged 16 and over in households,457,124,80,44,333,214,10,23,52,34
S01010025,16 to 24,61,5,1,4,56,55,1,0,0,0
S01010025,25 to 34,84,32,18,14,52,45,3,3,1,0
S01010025,35 to 49,142,40,26,14,102,75,3,10,14,0
S01010025,50 to 64,105,28,19,9,77,31,2,9,30,5
S01010025,65 to 74,32,11,9,2,21,2,0,0,6,13
S01010025,75 to 84,23,7,7,0,16,4,1,1,0,10
S01010025,85 and over,10,1,0,1,9,2,0,0,1,6
S01010026,All people aged 16 and over in households,758,264,154,110,494,342,11,33,74,34
S01010026,16 to 24,130,19,0,19,111,110,0,1,0,0
S01010026,25 to 34,184,81,40,41,103,95,4,4,0,0
S01010026,35 to 49,241,97,61,36,144,92,5,12,30,5
S01010026,50 to 64,134,41,31,10,93,35,1,12,35,10
S01010026,65 to 74,36,15,12,3,21,8,0,0,7,6
S01010026,75 to 84,25,9,8,1,16,0,1,4,2,9
S01010026,85 and over,8,2,2,0,6,2,0,0,0,4
S01010027,All people aged 16 and over in households,761,230,138,92,531,390,9,26,54,52
S01010027,16 to 24,158,20,4,16,138,137,0,0,1,0
S01010027,25 to 34,206,66,27,39,140,131,4,4,1,0
S01010027,35 to 49,194,81,54,27,113,85,3,5,18,2
S01010027,50 to 64,110,47,38,9,63,25,0,10,22,6
S01010027,65 to 74,51,13,12,1,38,5,2,6,7,18
S01010027,75 to 84,31,3,3,0,28,5,0,1,5,17
S01010027,85 and over,11,0,0,0,11,2,0,0,0,9
S01010028,All people aged 16 and over in households,547,170,112,58,377,220,5,29,57,66
S01010028,16 to 24,65,14,1,13,51,51,0,0,0,0
S01010028,25 to 34,116,44,24,20,72,54,2,12,3,1
S01010028,35 to 49,137,46,26,20,91,66,2,9,13,1
S01010028,50 to 64,91,25,24,1,66,27,1,4,30,4
S01010028,65 to 74,62,17,15,2,45,16,0,2,5,22
S01010028,75 to 84,53,21,20,1,32,4,0,1,5,22
S01010028,85 and over,23,3,2,1,20,2,0,1,1,16
S01010029,All people aged 16 and over in households,574,174,130,44,400,216,4,36,57,87
S01010029,16 to 24,53,7,1,6,46,45,0,0,1,0
S01010029,25 to 34,67,22,9,13,45,39,0,4,1,1
S01010029,35 to 49,122,36,21,15,86,61,1,8,14,2
S01010029,50 to 64,133,43,34,9,90,41,2,13,26,8
S01010029,65 to 74,110,45,44,1,65,18,0,6,10,31
S01010029,75 to 84,77,19,19,0,58,11,1,5,5,36
S01010029,85 and over,12,2,2,0,10,1,0,0,0,9
S01010030,All people aged 16 and over in households,704,302,168,134,402,292,13,23,44,30
S01010030,16 to 24,121,22,0,22,99,98,1,0,0,0
S01010030,25 to 34,216,101,38,63,115,107,6,2,0,0
S01010030,35 to 49,201,102,64,38,99,65,3,11,18,2
S01010030,50 to 64,96,52,43,9,44,15,2,8,17,2
S01010030,65 to 74,42,18,16,2,24,6,0,1,5,12
S01010030,75 to 84,27,7,7,0,20,1,1,1,4,13
S01010030,85 and over,1,0,0,0,1,0,0,0,0,1
S01010031,All people aged 16 and over in households,666,206,102,104,460,401,15,17,21,6
S01010031,16 to 24,198,21,1,20,177,176,0,1,0,0
S01010031,25 to 34,298,123,60,63,175,166,5,4,0,0
S01010031,35 to 49,98,32,18,14,66,44,7,7,7,1
S01010031,50 to 64,53,19,13,6,34,12,3,5,13,1
S01010031,65 to 74,14,9,9,0,5,1,0,0,1,3
S01010031,75 to 84,4,2,1,1,2,1,0,0,0,1
S01010031,85 and over,1,0,0,0,1,1,0,0,0,0
S01010032,All people aged 16 and over in households,482,180,66,114,302,270,16,2,12,2
S01010032,16 to 24,158,39,1,38,119,119,0,0,0,0
S01010032,25 to 34,228,98,38,60,130,121,4,1,4,0
S01010032,35 to 49,70,30,16,14,40,24,10,1,5,0
S01010032,50 to 64,22,12,11,1,10,5,2,0,2,1
S01010032,65 to 74,3,1,0,1,2,0,0,0,1,1
S01010032,75 to 84,1,0,0,0,1,1,0,0,0,0
S01010032,85 and over,0,0,0,0,0,0,0,0,0,0
S01010033,All people aged 16 and over in households,751,282,204,78,469,320,18,22,56,53
S01010033,16 to 24,107,15,8,7,92,91,0,0,0,1
S01010033,25 to 34,216,110,64,46,106,92,6,3,5,0
S01010033,35 to 49,209,93,78,15,116,88,6,6,16,0
S01010033,50 to 64,131,40,33,7,91,41,2,12,23,13
S01010033,65 to 74,47,19,16,3,28,6,3,1,7,11
S01010033,75 to 84,30,3,3,0,27,2,1,0,5,19
S01010033,85 and over,11,2,2,0,9,0,0,0,0,9
S01010034,All people aged 16 and over in households,736,230,146,84,506,287,15,30,76,98
S01010034,16 to 24,80,16,2,14,64,64,0,0,0,0
S01010034,25 to 34,144,59,28,31,85,78,1,6,0,0
S01010034,35 to 49,163,47,24,23,116,90,3,8,14,1
S01010034,50 to 64,156,50,41,9,106,42,6,9,37,12
S01010034,65 to 74,110,42,37,5,68,6,1,5,19,37
S01010034,75 to 84,60,11,10,1,49,4,3,2,4,36
S01010034,85 and over,23,5,4,1,18,3,1,0,2,12
S01010035,All people aged 16 and over in households,572,162,88,74,410,274,15,38,52,31
S01010035,16 to 24,99,16,2,14,83,78,2,3,0,0
S01010035,25 to 34,134,41,20,21,93,82,4,1,3,3
S01010035,35 to 49,184,59,28,31,125,82,6,19,18,0
S01010035,50 to 64,85,23,18,5,62,15,3,10,22,12
S01010035,65 to 74,42,17,14,3,25,13,0,2,7,3
S01010035,75 to 84,26,5,5,0,21,4,0,3,2,12
S01010035,85 and over,2,1,1,0,1,0,0,0,0,1
S01010036,All people aged 16 and over in households,767,174,86,88,593,552,21,5,14,1
S01010036,16 to 24,374,46,12,34,328,327,0,1,0,0
S01010036,25 to 34,298,88,49,39,210,194,11,2,3,0
S01010036,35 to 49,72,30,19,11,42,28,7,1,6,0
S01010036,50 to 64,23,10,6,4,13,3,3,1,5,1
S01010036,65 to 74,0,0,0,0,0,0,0,0,0,0
S01010036,75 to 84,0,0,0,0,0,0,0,0,0,0
S01010036,85 and over,0,0,0,0,0,0,0,0,0,0
S01010037,All people aged 16 and over in households,565,206,158,48,359,200,3,28,51,77
S01010037,16 to 24,61,7,2,5,54,54,0,0,0,0
S01010037,25 to 34,92,37,16,21,55,51,1,1,2,0
S01010037,35 to 49,114,44,31,13,70,56,0,5,8,1
S01010037,50 to 64,110,43,39,4,67,23,0,12,24,8
S01010037,65 to 74,99,46,43,3,53,8,0,8,11,26
S01010037,75 to 84,68,26,24,2,42,7,2,2,4,27
S01010037,85 and over,21,3,3,0,18,1,0,0,2,15
S01010038,All people aged 16 and over in households,867,288,184,104,579,369,14,35,78,83
S01010038,16 to 24,162,23,2,21,139,139,0,0,0,0
S01010038,25 to 34,165,66,26,40,99,94,3,2,0,0
S01010038,35 to 49,191,71,48,23,120,76,2,17,24,1
S01010038,50 to 64,192,88,70,18,104,40,5,11,38,10
S01010038,65 to 74,72,25,25,0,47,8,0,5,9,25
S01010038,75 to 84,67,12,11,1,55,8,3,0,6,38
S01010038,85 and over,18,3,2,1,15,4,1,0,1,9
S01010039,All people aged 16 and over in households,912,282,112,170,630,561,6,15,33,15
S01010039,16 to 24,337,49,2,47,288,288,0,0,0,0
S01010039,25 to 34,338,138,57,81,200,193,4,2,1,0
S01010039,35 to 49,155,69,37,32,86,67,2,9,8,0
S01010039,50 to 64,60,19,10,9,41,12,0,2,20,7
S01010039,65 to 74,12,3,3,0,9,1,0,2,3,3
S01010039,75 to 84,8,4,3,1,4,0,0,0,1,3
S01010039,85 and over,2,0,0,0,2,0,0,0,0,2
S01010040,All people aged 16 and over in households,650,272,158,114,378,272,18,22,48,18
S01010040,16 to 24,81,14,2,12,67,65,1,0,0,1
S01010040,25 to 34,233,108,46,62,125,113,7,3,2,0
S01010040,35 to 49,182,83,55,28,99,69,3,11,15,1
S01010040,50 to 64,110,49,40,9,61,17,6,7,26,5
S01010040,65 to 74,30,13,10,3,17,7,1,1,4,4
S01010040,75 to 84,12,5,5,0,7,1,0,0,1,5
S01010040,85 and over,2,0,0,0,2,0,0,0,0,2
S01010041,All people aged 16 and over in households,626,182,78,104,444,343,17,18,46,20
S01010041,16 to 24,146,23,1,22,123,122,1,0,0,0
S01010041,25 to 34,163,69,22,47,94,91,0,2,1,0
S01010041,35 to 49,177,48,23,25,129,97,10,10,11,1
S01010041,50 to 64,89,22,15,7,67,24,5,4,25,9
S01010041,65 to 74,32,13,10,3,19,7,0,2,7,3
S01010041,75 to 84,19,7,7,0,12,2,1,0,2,7
S01010041,85 and over,0,0,0,0,0,0,0,0,0,0
S01010042,All people aged 16 and over in households,974,352,158,194,622,489,15,35,64,19
S01010042,16 to 24,217,51,0,51,166,166,0,0,0,0
S01010042,25 to 34,425,175,66,109,250,224,8,11,6,1
S01010042,35 to 49,186,71,42,29,115,72,4,16,22,1
S01010042,50 to 64,97,36,31,5,61,20,3,6,29,3
S01010042,65 to 74,30,13,13,0,17,1,0,2,6,8
S01010042,75 to 84,16,6,6,0,10,5,0,0,1,4
S01010042,85 and over,3,0,0,0,3,1,0,0,0,2
S01010043,All people aged 16 and over in households,656,198,116,82,458,301,5,39,72,41
S01010043,16 to 24,91,17,5,12,74,74,0,0,0,0
S01010043,25 to 34,171,65,19,46,106,98,2,6,0,0
S01010043,35 to 49,179,39,27,12,140,94,2,17,22,5
S01010043,50 to 64,128,51,39,12,77,26,0,11,35,5
S01010043,65 to 74,46,15,15,0,31,3,0,4,14,10
S01010043,75 to 84,36,10,10,0,26,6,0,1,1,18
S01010043,85 and over,5,1,1,0,4,0,1,0,0,3
S01010044,All people aged 16 and over in households,956,376,230,146,580,373,13,40,76,78
S01010044,16 to 24,126,39,5,34,87,87,0,0,0,0
S01010044,25 to 34,287,127,58,69,160,141,2,11,4,2
S01010044,35 to 49,201,73,45,28,128,94,1,11,18,4
S01010044,50 to 64,165,70,59,11,95,32,4,13,35,11
S01010044,65 to 74,105,40,38,2,65,14,6,4,15,26
S01010044,75 to 84,60,24,23,1,36,2,0,1,4,29
S01010044,85 and over,12,3,2,1,9,3,0,0,0,6
S01010045,All people aged 16 and over in households,418,112,78,34,306,178,5,38,37,48
S01010045,16 to 24,75,2,0,2,73,72,0,1,0,0
S01010045,25 to 34,68,22,8,14,46,45,1,0,0,0
S01010045,35 to 49,90,23,13,10,67,38,0,15,12,2
S01010045,50 to 64,89,40,32,8,49,9,2,16,15,7
S01010045,65 to 74,59,20,20,0,39,11,2,4,8,14
S01010045,75 to 84,31,5,5,0,26,3,0,2,2,19
S01010045,85 and over,6,0,0,0,6,0,0,0,0,6
S01010046,All people aged 16 and over in households,647,218,138,80,429,287,5,21,63,53
S01010046,16 to 24,80,7,1,6,73,73,0,0,0,0
S01010046,25 to 34,142,51,12,39,91,91,0,0,0,0
S01010046,35 to 49,163,52,28,24,111,74,1,8,27,1
S01010046,50 to 64,150,69,60,9,81,32,2,7,26,14
S01010046,65 to 74,71,29,27,2,42,10,2,5,10,15
S01010046,75 to 84,31,7,7,0,24,7,0,1,0,16
S01010046,85 and over,10,3,3,0,7,0,0,0,0,7
S01010047,All people aged 16 and over in households,694,194,134,60,500,285,6,51,90,68
S01010047,16 to 24,90,6,1,5,84,84,0,0,0,0
S01010047,25 to 34,101,31,10,21,70,68,1,1,0,0
S01010047,35 to 49,191,62,44,18,129,78,2,24,22,3
S01010047,50 to 64,143,38,25,13,105,34,2,16,46,7
S01010047,65 to 74,90,36,33,3,54,14,0,10,14,16
S01010047,75 to 84,61,16,16,0,45,4,1,0,8,32
S01010047,85 and over,18,5,5,0,13,3,0,0,0,10
S01010048,All people aged 16 and over in households,808,248,182,66,560,331,13,46,80,90
S01010048,16 to 24,116,17,4,13,99,98,0,0,0,1
S01010048,25 to 34,129,40,24,16,89,80,3,2,3,1
S01010048,35 to 49,182,63,42,21,119,82,5,12,16,4
S01010048,50 to 64,203,67,56,11,136,51,1,21,41,22
S01010048,65 to 74,95,40,37,3,55,13,3,10,12,17
S01010048,75 to 84,68,21,19,2,47,5,1,1,7,33
S01010048,85 and over,15,0,0,0,15,2,0,0,1,12
S01010049,All people aged 16 and over in households,604,156,112,44,448,271,11,35,69,62
S01010049,16 to 24,99,5,1,4,94,94,0,0,0,0
S01010049,25 to 34,126,51,30,21,75,68,0,5,2,0
S01010049,35 to 49,168,48,31,17,120,77,6,16,18,3
S01010049,50 to 64,127,40,38,2,87,23,3,11,35,15
S01010049,65 to 74,41,12,12,0,29,4,1,1,10,13
S01010049,75 to 84,34,0,0,0,34,3,0,2,4,25
S01010049,85 and over,9,0,0,0,9,2,1,0,0,6
S01010050,All people aged 16 and over in households,793,219,130,89,574,375,4,42,89,64
S01010050,16 to 24,133,24,3,21,109,108,0,0,0,1
S01010050,25 to 34,159,60,27,33,99,91,2,6,0,0
S01010050,35 to 49,191,47,16,31,144,114,1,13,12,4
S01010050,50 to 64,174,51,48,3,123,44,1,11,51,16
S01010050,65 to 74,62,15,14,1,47,12,0,8,15,12
S01010050,75 to 84,66,21,21,0,45,4,0,2,11,28
S01010050,85 and over,8,1,1,0,7,2,0,2,0,3
S01010051,All people aged 16 and over in households,606,144,110,34,462,257,15,29,79,82
S01010051,16 to 24,65,7,1,6,58,57,0,0,1,0
S01010051,25 to 34,93,28,15,13,65,53,4,5,3,0
S01010051,35 to 49,142,22,19,3,120,82,3,8,19,8
S01010051,50 to 64,149,53,45,8,96,42,2,10,32,10
S01010051,65 to 74,79,19,16,3,60,15,3,5,18,19
S01010051,75 to 84,62,12,11,1,50,6,3,1,4,36
S01010051,85 and over,16,3,3,0,13,2,0,0,2,9
S01010052,All people aged 16 and over in households,534,150,90,60,384,246,7,34,59,38
S01010052,16 to 24,64,9,0,9,55,54,0,0,1,0
S01010052,25 to 34,135,48,18,30,87,76,3,6,2,0
S01010052,35 to 49,149,32,17,15,117,78,3,15,20,1
S01010052,50 to 64,120,42,37,5,78,27,1,10,29,11
S01010052,65 to 74,35,12,11,1,23,5,0,2,6,10
S01010052,75 to 84,24,5,5,0,19,4,0,1,1,13
S01010052,85 and over,7,2,2,0,5,2,0,0,0,3
S01010053,All people aged 16 and over in households,700,254,160,94,446,282,17,25,75,47
S01010053,16 to 24,160,35,6,29,125,119,4,0,2,0
S01010053,25 to 34,179,73,36,37,106,95,6,4,1,0
S01010053,35 to 49,153,52,31,21,101,53,1,13,32,2
S01010053,50 to 64,109,52,47,5,57,13,4,6,27,7
S01010053,65 to 74,65,32,30,2,33,2,1,1,11,18
S01010053,75 to 84,28,10,10,0,18,0,0,1,2,15
S01010053,85 and over,6,0,0,0,6,0,1,0,0,5
S01010054,All people aged 16 and over in households,411,128,88,40,283,200,3,22,38,20
S01010054,16 to 24,70,7,1,6,63,62,1,0,0,0
S01010054,25 to 34,87,37,16,21,50,48,0,2,0,0
S01010054,35 to 49,119,37,28,9,82,64,1,7,9,1
S01010054,50 to 64,96,39,35,4,57,21,1,8,19,8
S01010054,65 to 74,26,6,6,0,20,3,0,4,7,6
S01010054,75 to 84,12,2,2,0,10,2,0,1,3,4
S01010054,85 and over,1,0,0,0,1,0,0,0,0,1
S01010055,All people aged 16 and over in households,783,294,202,92,489,323,12,32,66,56
S01010055,16 to 24,138,24,2,22,114,111,0,0,3,0
S01010055,25 to 34,143,59,21,38,84,72,6,4,1,1
S01010055,35 to 49,218,83,65,18,135,93,2,10,25,5
S01010055,50 to 64,171,89,77,12,82,26,4,14,25,13
S01010055,65 to 74,60,24,24,0,36,12,0,4,8,12
S01010055,75 to 84,45,15,13,2,30,9,0,0,4,17
S01010055,85 and over,8,0,0,0,8,0,0,0,0,8
S01010056,All people aged 16 and over in households,360,124,76,48,236,159,3,20,33,21
S01010056,16 to 24,65,5,0,5,60,59,0,0,0,1
S01010056,25 to 34,60,20,11,9,40,38,2,0,0,0
S01010056,35 to 49,117,53,27,26,64,47,0,5,12,0
S01010056,50 to 64,83,37,30,7,46,8,1,12,19,6
S01010056,65 to 74,26,9,8,1,17,6,0,2,1,8
S01010056,75 to 84,7,0,0,0,7,0,0,1,1,5
S01010056,85 and over,2,0,0,0,2,1,0,0,0,1
S01010057,All people aged 16 and over in households,334,118,72,46,216,149,1,10,23,33
S01010057,16 to 24,58,7,2,5,51,51,0,0,0,0
S01010057,25 to 34,85,40,16,24,45,45,0,0,0,0
S01010057,35 to 49,83,36,21,15,47,35,1,4,6,1
S01010057,50 to 64,46,19,18,1,27,11,0,4,10,2
S01010057,65 to 74,21,8,7,1,13,2,0,1,4,6
S01010057,75 to 84,31,6,6,0,25,4,0,1,3,17
S01010057,85 and over,10,2,2,0,8,1,0,0,0,7
S01010058,All people aged 16 and over in households,613,204,124,80,409,284,9,28,59,29
S01010058,16 to 24,111,12,0,12,99,98,1,0,0,0
S01010058,25 to 34,129,46,16,30,83,78,3,2,0,0
S01010058,35 to 49,196,75,50,25,121,82,4,9,25,1
S01010058,50 to 64,109,46,35,11,63,19,0,14,22,8
S01010058,65 to 74,45,23,21,2,22,3,0,2,10,7
S01010058,75 to 84,18,2,2,0,16,3,1,0,2,10
S01010058,85 and over,5,0,0,0,5,1,0,1,0,3
S01010059,All people aged 16 and over in households,533,206,102,104,327,230,7,23,36,31
S01010059,16 to 24,97,20,7,13,77,75,0,1,1,0
S01010059,25 to 34,146,73,12,61,73,67,4,2,0,0
S01010059,35 to 49,134,43,21,22,91,64,0,8,17,2
S01010059,50 to 64,93,48,41,7,45,17,2,9,13,4
S01010059,65 to 74,27,12,11,1,15,2,1,3,3,6
S01010059,75 to 84,26,7,7,0,19,5,0,0,1,13
S01010059,85 and over,10,3,3,0,7,0,0,0,1,6
S01010060,All people aged 16 and over in households,761,270,170,100,491,328,7,28,72,56
S01010060,16 to 24,106,10,2,8,96,96,0,0,0,0
S01010060,25 to 34,135,46,19,27,89,83,0,4,2,0
S01010060,35 to 49,225,95,47,48,130,98,2,7,21,2
S01010060,50 to 64,186,83,70,13,103,40,1,13,37,12
S01010060,65 to 74,56,23,21,2,33,6,2,3,6,16
S01010060,75 to 84,38,11,9,2,27,3,2,0,5,17
S01010060,85 and over,15,2,2,0,13,2,0,1,1,9
S01010061,All people aged 16 and over in households,419,212,116,96,207,144,7,12,23,21
S01010061,16 to 24,65,6,1,5,59,58,1,0,0,0
S01010061,25 to 34,122,75,24,51,47,41,1,2,3,0
S01010061,35 to 49,119,73,49,24,46,30,2,5,9,0
S01010061,50 to 64,65,44,31,13,21,7,0,3,9,2
S01010061,65 to 74,24,12,9,3,12,1,2,2,2,5
S01010061,75 to 84,14,1,1,0,13,5,0,0,0,8
S01010061,85 and over,10,1,1,0,9,2,1,0,0,6
S01010062,All people aged 16 and over in households,594,256,192,64,338,217,5,25,40,51
S01010062,16 to 24,82,10,0,10,72,72,0,0,0,0
S01010062,25 to 34,105,39,12,27,66,61,3,1,1,0
S01010062,35 to 49,156,82,65,17,74,45,1,12,13,3
S01010062,50 to 64,121,58,49,9,63,24,0,11,18,10
S01010062,65 to 74,61,39,38,1,22,7,0,1,5,9
S01010062,75 to 84,61,26,26,0,35,7,1,0,1,26
S01010062,85 and over,8,2,2,0,6,1,0,0,2,3
S01010063,All people aged 16 and over in households,795,246,140,106,549,349,10,45,92,53
S01010063,16 to 24,132,20,0,20,112,111,0,1,0,0
S01010063,25 to 34,157,59,15,44,98,93,2,3,0,0
S01010063,35 to 49,207,65,42,23,142,106,3,13,20,0
S01010063,50 to 64,183,71,54,17,112,26,5,22,50,9
S01010063,65 to 74,67,20,18,2,47,5,0,3,18,21
S01010063,75 to 84,35,11,11,0,24,5,0,3,3,13
S01010063,85 and over,14,0,0,0,14,3,0,0,1,10
S01010064,All people aged 16 and over in households,434,202,136,66,232,140,7,23,28,34
S01010064,16 to 24,59,11,4,7,48,48,0,0,0,0
S01010064,25 to 34,86,40,18,22,46,38,5,2,1,0
S01010064,35 to 49,115,64,39,25,51,33,1,13,4,0
S01010064,50 to 64,107,66,54,12,41,12,0,8,17,4
S01010064,65 to 74,23,8,8,0,15,5,0,0,4,6
S01010064,75 to 84,37,13,13,0,24,3,1,0,2,18
S01010064,85 and over,7,0,0,0,7,1,0,0,0,6
S01010065,All people aged 16 and over in households,709,248,200,48,461,285,9,31,57,79
S01010065,16 to 24,99,2,1,1,97,97,0,0,0,0
S01010065,25 to 34,111,33,13,20,78,73,1,3,1,0
S01010065,35 to 49,152,60,45,15,92,58,3,14,15,2
S01010065,50 to 64,192,90,81,9,102,40,2,11,33,16
S01010065,65 to 74,81,41,41,0,40,11,2,3,6,18
S01010065,75 to 84,64,21,19,2,43,4,1,0,2,36
S01010065,85 and over,10,1,0,1,9,2,0,0,0,7
S01010066,All people aged 16 and over in households,608,216,150,66,392,262,4,33,41,52
S01010066,16 to 24,125,6,1,5,119,119,0,0,0,0
S01010066,25 to 34,89,28,11,17,61,54,3,2,2,0
S01010066,35 to 49,170,73,41,32,97,57,0,20,15,5
S01010066,50 to 64,121,64,55,9,57,21,0,6,17,13
S01010066,65 to 74,65,33,31,2,32,7,0,5,5,15
S01010066,75 to 84,33,12,11,1,21,1,1,0,2,17
S01010066,85 and over,5,0,0,0,5,3,0,0,0,2
S01010067,All people aged 16 and over in households,468,132,74,58,336,224,3,25,41,43
S01010067,16 to 24,92,9,0,9,83,83,0,0,0,0
S01010067,25 to 34,95,30,11,19,65,61,1,3,0,0
S01010067,35 to 49,121,43,27,16,78,53,1,8,13,3
S01010067,50 to 64,98,43,30,13,55,15,1,12,21,6
S01010067,65 to 74,32,7,6,1,25,9,0,2,4,10
S01010067,75 to 84,21,0,0,0,21,1,0,0,2,18
S01010067,85 and over,9,0,0,0,9,2,0,0,1,6
S01010068,All people aged 16 and over in households,524,230,134,96,294,189,11,18,31,45
S01010068,16 to 24,96,26,2,24,70,69,1,0,0,0
S01010068,25 to 34,141,74,34,40,67,61,3,2,0,1
S01010068,35 to 49,117,65,43,22,52,30,5,6,11,0
S01010068,50 to 64,79,41,36,5,38,16,0,7,11,4
S01010068,65 to 74,41,13,10,3,28,9,2,3,4,10
S01010068,75 to 84,33,9,7,2,24,3,0,0,1,20
S01010068,85 and over,17,2,2,0,15,1,0,0,4,10
S01010069,All people aged 16 and over in households,687,422,354,68,265,185,5,17,20,38
S01010069,16 to 24,101,10,2,8,91,91,0,0,0,0
S01010069,25 to 34,132,67,45,22,65,62,0,3,0,0
S01010069,35 to 49,174,132,109,23,42,22,2,12,5,1
S01010069,50 to 64,189,158,149,9,31,6,2,2,13,8
S01010069,65 to 74,49,31,29,2,18,2,1,0,2,13
S01010069,75 to 84,35,21,17,4,14,0,0,0,0,14
S01010069,85 and over,7,3,3,0,4,2,0,0,0,2
S01010070,All people aged 16 and over in households,556,340,296,44,216,163,4,17,15,17
S01010070,16 to 24,105,4,1,3,101,100,1,0,0,0
S01010070,25 to 34,73,31,19,12,42,41,0,0,1,0
S01010070,35 to 49,145,112,94,18,33,17,0,10,6,0
S01010070,50 to 64,193,169,158,11,24,3,0,7,7,7
S01010070,65 to 74,30,19,19,0,11,2,1,0,1,7
S01010070,75 to 84,9,5,5,0,4,0,1,0,0,3
S01010070,85 and over,1,0,0,0,1,0,1,0,0,0
S01010071,All people aged 16 and over in households,667,330,268,62,337,195,8,24,33,77
S01010071,16 to 24,81,4,0,4,77,76,1,0,0,0
S01010071,25 to 34,83,36,17,19,47,42,2,1,2,0
S01010071,35 to 49,189,124,95,29,65,44,3,10,7,1
S01010071,50 to 64,157,105,97,8,52,24,0,10,11,7
S01010071,65 to 74,72,37,35,2,35,3,2,3,7,20
S01010071,75 to 84,59,22,22,0,37,4,0,0,4,29
S01010071,85 and over,26,2,2,0,24,2,0,0,2,20
S01010072,All people aged 16 and over in households,693,360,318,42,333,210,5,20,33,65
S01010072,16 to 24,80,2,0,2,78,78,0,0,0,0
S01010072,25 to 34,84,35,24,11,49,45,1,2,0,1
S01010072,35 to 49,162,96,81,15,66,44,1,6,11,4
S01010072,50 to 64,203,142,131,11,61,30,0,6,16,9
S01010072,65 to 74,81,51,48,3,30,8,1,6,3,12
S01010072,75 to 84,63,29,29,0,34,3,2,0,2,27
S01010072,85 and over,20,5,5,0,15,2,0,0,1,12
S01010073,All people aged 16 and over in households,671,402,358,44,269,149,2,13,22,83
S01010073,16 to 24,69,2,0,2,67,67,0,0,0,0
S01010073,25 to 34,57,24,18,6,33,32,0,1,0,0
S01010073,35 to 49,164,126,105,21,38,19,0,9,7,3
S01010073,50 to 64,178,140,128,12,38,20,0,3,11,4
S01010073,65 to 74,87,58,55,3,29,5,0,0,1,23
S01010073,75 to 84,85,48,48,0,37,5,2,0,3,27
S01010073,85 and over,31,4,4,0,27,1,0,0,0,26
S01010074,All people aged 16 and over in households,628,376,332,44,252,164,4,19,21,44
S01010074,16 to 24,76,4,1,3,72,72,0,0,0,0
S01010074,25 to 34,73,31,20,11,42,39,0,3,0,0
S01010074,35 to 49,129,75,61,14,54,29,1,5,15,4
S01010074,50 to 64,176,135,126,9,41,19,3,9,5,5
S01010074,65 to 74,110,88,81,7,22,5,0,2,1,14
S01010074,75 to 84,61,43,43,0,18,0,0,0,0,18
S01010074,85 and over,3,0,0,0,3,0,0,0,0,3
S01010075,All people aged 16 and over in households,541,292,242,50,249,130,2,18,32,67
S01010075,16 to 24,52,7,2,5,45,45,0,0,0,0
S01010075,25 to 34,64,31,17,14,33,33,0,0,0,0
S01010075,35 to 49,93,51,30,21,42,24,1,5,11,1
S01010075,50 to 64,139,96,89,7,43,15,1,11,12,4
S01010075,65 to 74,96,64,62,2,32,6,0,1,7,18
S01010075,75 to 84,81,38,37,1,43,5,0,1,1,36
S01010075,85 and over,16,5,5,0,11,2,0,0,1,8
S01010076,All people aged 16 and over in households,553,294,230,64,259,176,2,18,24,39
S01010076,16 to 24,75,8,0,8,67,67,0,0,0,0
S01010076,25 to 34,93,38,18,20,55,53,0,2,0,0
S01010076,35 to 49,148,90,59,31,58,38,1,9,10,0
S01010076,50 to 64,135,103,99,4,32,12,0,5,9,6
S01010076,65 to 74,56,33,32,1,23,4,1,2,4,12
S01010076,75 to 84,41,21,21,0,20,1,0,0,1,18
S01010076,85 and over,5,1,1,0,4,1,0,0,0,3
S01010077,All people aged 16 and over in households,511,202,170,32,309,178,3,16,53,59
S01010077,16 to 24,65,3,3,0,62,62,0,0,0,0
S01010077,25 to 34,63,20,10,10,43,39,2,2,0,0
S01010077,35 to 49,138,61,52,9,77,52,0,7,17,1
S01010077,50 to 64,139,83,72,11,56,19,1,5,24,7
S01010077,65 to 74,67,30,28,2,37,6,0,2,11,18
S01010077,75 to 84,30,1,1,0,29,0,0,0,1,28
S01010077,85 and over,9,4,4,0,5,0,0,0,0,5
S01010078,All people aged 16 and over in households,510,334,296,38,176,116,2,10,25,23
S01010078,16 to 24,72,4,0,4,68,68,0,0,0,0
S01010078,25 to 34,51,16,10,6,35,33,2,0,0,0
S01010078,35 to 49,137,112,87,25,25,12,0,6,6,1
S01010078,50 to 64,185,164,161,3,21,3,0,4,11,3
S01010078,65 to 74,45,30,30,0,15,0,0,0,6,9
S01010078,75 to 84,15,8,8,0,7,0,0,0,2,5
S01010078,85 and over,5,0,0,0,5,0,0,0,0,5
S01010079,All people aged 16 and over in households,793,540,492,48,253,186,3,12,14,38
S01010079,16 to 24,126,4,3,1,122,121,0,0,1,0
S01010079,25 to 34,48,17,6,11,31,31,0,0,0,0
S01010079,35 to 49,211,176,157,19,35,19,1,5,8,2
S01010079,50 to 64,226,205,193,12,21,9,1,7,1,3
S01010079,65 to 74,99,84,83,1,15,2,0,0,2,11
S01010079,75 to 84,62,44,40,4,18,4,1,0,2,11
S01010079,85 and over,21,10,10,0,11,0,0,0,0,11
S01010080,All people aged 16 and over in households,577,378,342,36,199,116,5,5,15,58
S01010080,16 to 24,71,5,0,5,66,66,0,0,0,0
S01010080,25 to 34,36,16,10,6,20,20,0,0,0,0
S01010080,35 to 49,127,101,86,15,26,21,0,1,3,1
S01010080,50 to 64,162,133,124,9,29,6,3,4,8,8
S01010080,65 to 74,103,82,81,1,21,2,1,0,2,16
S01010080,75 to 84,71,40,40,0,31,1,1,0,2,27
S01010080,85 and over,7,1,1,0,6,0,0,0,0,6
S01010081,All people aged 16 and over in households,617,376,346,30,241,151,6,17,17,50
S01010081,16 to 24,89,1,1,0,88,88,0,0,0,0
S01010081,25 to 34,39,11,8,3,28,27,1,0,0,0
S01010081,35 to 49,130,100,85,15,30,16,4,4,6,0
S01010081,50 to 64,172,139,132,7,33,11,1,9,6,6
S01010081,65 to 74,116,91,86,5,25,5,0,4,2,14
S01010081,75 to 84,49,31,31,0,18,2,0,0,3,13
S01010081,85 and over,22,3,3,0,19,2,0,0,0,17
S01010082,All people aged 16 and over in households,736,404,316,88,332,197,7,25,37,66
S01010082,16 to 24,107,11,0,11,96,96,0,0,0,0
S01010082,25 to 34,108,57,23,34,51,45,1,4,1,0
S01010082,35 to 49,193,137,108,29,56,33,4,8,11,0
S01010082,50 to 64,175,127,114,13,48,11,2,11,18,6
S01010082,65 to 74,67,42,41,1,25,5,0,0,4,16
S01010082,75 to 84,62,26,26,0,36,4,0,2,3,27
S01010082,85 and over,24,4,4,0,20,3,0,0,0,17
S01010083,All people aged 16 and over in households,609,270,218,52,339,188,17,21,46,67
S01010083,16 to 24,90,8,0,8,82,80,1,0,1,0
S01010083,25 to 34,82,33,14,19,49,41,5,2,1,0
S01010083,35 to 49,136,69,54,15,67,45,3,9,8,2
S01010083,50 to 64,137,89,82,7,48,14,3,5,19,7
S01010083,65 to 74,96,54,51,3,42,1,4,5,14,18
S01010083,75 to 84,55,16,16,0,39,5,0,0,3,31
S01010083,85 and over,13,1,1,0,12,2,1,0,0,9
S01010084,All people aged 16 and over in households,750,318,258,60,432,242,7,31,63,89
S01010084,16 to 24,96,11,0,11,85,85,0,0,0,0
S01010084,25 to 34,101,43,20,23,58,55,0,3,0,0
S01010084,35 to 49,187,83,66,17,104,65,2,13,23,1
S01010084,50 to 64,174,87,81,6,87,32,1,13,28,13
S01010084,65 to 74,96,64,61,3,32,3,0,1,9,19
S01010084,75 to 84,83,26,26,0,57,1,3,1,2,50
S01010084,85 and over,13,4,4,0,9,1,1,0,1,6
S01010085,All people aged 16 and over in households,657,414,376,38,243,154,2,22,11,54
S01010085,16 to 24,86,2,0,2,84,84,0,0,0,0
S01010085,25 to 34,62,28,17,11,34,31,0,3,0,0
S01010085,35 to 49,161,123,108,15,38,25,1,5,6,1
S01010085,50 to 64,191,155,145,10,36,10,0,10,5,11
S01010085,65 to 74,99,80,80,0,19,3,1,2,0,13
S01010085,75 to 84,48,24,24,0,24,1,0,2,0,21
S01010085,85 and over,10,2,2,0,8,0,0,0,0,8
S01010086,All people aged 16 and over in households,778,320,254,66,458,264,4,30,55,105
S01010086,16 to 24,121,7,0,7,114,114,0,0,0,0
S01010086,25 to 34,85,26,6,20,59,56,0,2,1,0
S01010086,35 to 49,196,108,87,21,88,61,2,10,11,4
S01010086,50 to 64,202,121,103,18,81,22,0,13,31,15
S01010086,65 to 74,98,42,42,0,56,8,2,2,10,34
S01010086,75 to 84,58,12,12,0,46,3,0,3,2,38
S01010086,85 and over,18,4,4,0,14,0,0,0,0,14
S01010087,All people aged 16 and over in households,506,338,328,10,168,91,4,6,10,57
S01010087,16 to 24,52,1,1,0,51,51,0,0,0,0
S01010087,25 to 34,25,5,3,2,20,17,0,3,0,0
S01010087,35 to 49,118,95,89,6,23,15,0,1,6,1
S01010087,50 to 64,156,134,132,2,22,6,3,2,3,8
S01010087,65 to 74,98,74,74,0,24,2,0,0,0,22
S01010087,75 to 84,52,29,29,0,23,0,1,0,1,21
S01010087,85 and over,5,0,0,0,5,0,0,0,0,5
S01010088,All people aged 16 and over in households,608,426,354,72,182,135,7,14,17,9
S01010088,16 to 24,76,0,0,0,76,76,0,0,0,0
S01010088,25 to 34,137,101,69,32,36,31,2,1,2,0
S01010088,35 to 49,302,256,218,38,46,22,5,9,9,1
S01010088,50 to 64,69,53,51,2,16,5,0,4,5,2
S01010088,65 to 74,16,11,11,0,5,1,0,0,1,3
S01010088,75 to 84,8,5,5,0,3,0,0,0,0,3
S01010088,85 and over,0,0,0,0,0,0,0,0,0,0
S01010089,All people aged 16 and over in households,618,284,216,68,334,190,12,23,39,70
S01010089,16 to 24,94,18,0,18,76,76,0,0,0,0
S01010089,25 to 34,91,36,10,26,55,50,4,0,1,0
S01010089,35 to 49,133,76,58,18,57,37,3,10,6,1
S01010089,50 to 64,147,89,84,5,58,17,2,6,23,10
S01010089,65 to 74,81,47,46,1,34,4,1,5,8,16
S01010089,75 to 84,58,17,17,0,41,6,1,2,1,31
S01010089,85 and over,14,1,1,0,13,0,1,0,0,12
S01010090,All people aged 16 and over in households,842,478,378,100,364,241,7,30,38,48
S01010090,16 to 24,158,26,2,24,132,132,0,0,0,0
S01010090,25 to 34,104,56,19,37,48,42,4,1,1,0
S01010090,35 to 49,257,186,161,25,71,39,2,15,13,2
S01010090,50 to 64,223,167,156,11,56,19,1,12,19,5
S01010090,65 to 74,58,32,30,2,26,4,0,1,5,16
S01010090,75 to 84,34,11,10,1,23,4,0,1,0,18
S01010090,85 and over,8,0,0,0,8,1,0,0,0,7
S01010091,All people aged 16 and over in households,674,432,326,106,242,177,4,21,25,15
S01010091,16 to 24,105,15,1,14,90,89,0,1,0,0
S01010091,25 to 34,136,95,54,41,41,39,1,1,0,0
S01010091,35 to 49,247,192,153,39,55,38,1,8,7,1
S01010091,50 to 64,131,96,85,11,35,6,1,9,17,2
S01010091,65 to 74,35,23,22,1,12,4,0,2,0,6
S01010091,75 to 84,16,9,9,0,7,0,1,0,1,5
S01010091,85 and over,4,2,2,0,2,1,0,0,0,1
S01010092,All people aged 16 and over in households,797,366,310,56,431,247,17,34,55,78
S01010092,16 to 24,104,8,2,6,96,96,0,0,0,0
S01010092,25 to 34,93,45,26,19,48,39,3,6,0,0
S01010092,35 to 49,190,83,65,18,107,69,5,19,9,5
S01010092,50 to 64,196,128,118,10,68,29,3,3,26,7
S01010092,65 to 74,128,72,70,2,56,9,3,4,17,23
S01010092,75 to 84,70,29,28,1,41,3,3,1,3,31
S01010092,85 and over,16,1,1,0,15,2,0,1,0,12
S01010093,All people aged 16 and over in households,731,394,302,92,337,212,1,21,48,55
S01010093,16 to 24,127,22,0,22,105,103,0,0,2,0
S01010093,25 to 34,104,56,23,33,48,42,0,6,0,0
S01010093,35 to 49,191,123,101,22,68,41,0,6,20,1
S01010093,50 to 64,187,124,110,14,63,15,0,8,23,17
S01010093,65 to 74,67,49,49,0,18,4,1,1,2,10
S01010093,75 to 84,41,19,18,1,22,3,0,0,1,18
S01010093,85 and over,14,1,1,0,13,4,0,0,0,9
S01010094,All people aged 16 and over in households,564,302,280,22,262,144,7,23,20,68
S01010094,16 to 24,77,2,0,2,75,75,0,0,0,0
S01010094,25 to 34,58,27,22,5,31,27,1,3,0,0
S01010094,35 to 49,136,90,79,11,46,20,4,11,8,3
S01010094,50 to 64,151,114,110,4,37,15,2,8,9,3
S01010094,65 to 74,75,53,53,0,22,1,0,1,2,18
S01010094,75 to 84,46,10,10,0,36,6,0,0,0,30
S01010094,85 and over,21,6,6,0,15,0,0,0,1,14
S01010095,All people aged 16 and over in households,594,382,354,28,212,143,0,7,24,38
S01010095,16 to 24,88,3,1,2,85,85,0,0,0,0
S01010095,25 to 34,53,25,18,7,28,28,0,0,0,0
S01010095,35 to 49,154,120,107,13,34,16,0,2,15,1
S01010095,50 to 64,162,137,132,5,25,8,0,4,9,4
S01010095,65 to 74,77,57,56,1,20,5,0,1,0,14
S01010095,75 to 84,42,30,30,0,12,0,0,0,0,12
S01010095,85 and over,18,10,10,0,8,1,0,0,0,7
S01010096,All people aged 16 and over in households,617,372,304,68,245,164,4,16,24,37
S01010096,16 to 24,97,3,2,1,94,94,0,0,0,0
S01010096,25 to 34,59,33,19,14,26,23,1,1,1,0
S01010096,35 to 49,207,155,121,34,52,25,1,12,12,2
S01010096,50 to 64,154,124,107,17,30,12,1,3,8,6
S01010096,65 to 74,50,34,32,2,16,7,1,0,2,6
S01010096,75 to 84,42,23,23,0,19,2,0,0,1,16
S01010096,85 and over,8,0,0,0,8,1,0,0,0,7
S01010097,All people aged 16 and over in households,599,344,308,36,255,167,7,14,18,49
S01010097,16 to 24,94,2,0,2,92,90,2,0,0,0
S01010097,25 to 34,54,12,8,4,42,41,1,0,0,0
S01010097,35 to 49,182,140,118,22,42,23,2,9,8,0
S01010097,50 to 64,141,115,111,4,26,6,2,5,6,7
S01010097,65 to 74,70,50,48,2,20,4,0,0,3,13
S01010097,75 to 84,48,25,23,2,23,1,0,0,1,21
S01010097,85 and over,10,0,0,0,10,2,0,0,0,8
S01010098,All people aged 16 and over in households,600,388,342,46,212,141,1,11,17,42
S01010098,16 to 24,83,3,0,3,80,80,0,0,0,0
S01010098,25 to 34,49,21,19,2,28,26,0,1,1,0
S01010098,35 to 49,176,143,112,31,33,21,0,4,7,1
S01010098,50 to 64,161,140,134,6,21,6,0,4,8,3
S01010098,65 to 74,65,45,41,4,20,5,0,2,1,12
S01010098,75 to 84,53,35,35,0,18,0,0,0,0,18
S01010098,85 and over,13,1,1,0,12,3,1,0,0,8
S01010099,All people aged 16 and over in households,592,350,316,34,242,143,5,8,24,62
S01010099,16 to 24,81,0,0,0,81,80,1,0,0,0
S01010099,25 to 34,44,20,13,7,24,24,0,0,0,0
S01010099,35 to 49,162,117,102,15,45,30,2,3,8,2
S01010099,50 to 64,150,113,103,10,37,7,0,2,15,13
S01010099,65 to 74,74,61,61,0,13,2,0,1,1,9
S01010099,75 to 84,62,35,33,2,27,0,1,2,0,24
S01010099,85 and over,19,4,4,0,15,0,1,0,0,14
S01010100,All people aged 16 and over in households,766,444,398,46,322,212,4,18,26,62
S01010100,16 to 24,96,1,1,0,95,94,0,0,1,0
S01010100,25 to 34,72,30,17,13,42,38,0,3,0,1
S01010100,35 to 49,187,133,117,16,54,41,0,5,8,0
S01010100,50 to 64,226,181,164,17,45,20,1,5,12,7
S01010100,65 to 74,94,60,60,0,34,11,0,4,3,16
S01010100,75 to 84,70,31,31,0,39,7,2,1,2,27
S01010100,85 and over,21,8,8,0,13,1,1,0,0,11
S01010101,All people aged 16 and over in households,619,386,342,44,233,141,4,14,25,49
S01010101,16 to 24,80,4,2,2,76,76,0,0,0,0
S01010101,25 to 34,65,25,13,12,40,37,1,2,0,0
S01010101,35 to 49,141,103,91,12,38,18,1,7,8,4
S01010101,50 to 64,200,177,161,16,23,5,2,4,7,5
S01010101,65 to 74,76,52,50,2,24,2,0,1,7,14
S01010101,75 to 84,43,22,22,0,21,3,0,0,3,15
S01010101,85 and over,14,3,3,0,11,0,0,0,0,11
S01010102,All people aged 16 and over in households,749,472,410,62,277,217,2,20,27,11
S01010102,16 to 24,150,3,2,1,147,146,0,1,0,0
S01010102,25 to 34,100,57,40,17,43,41,1,0,1,0
S01010102,35 to 49,258,212,185,27,46,17,0,14,13,2
S01010102,50 to 64,200,177,160,17,23,8,1,2,10,2
S01010102,65 to 74,30,20,20,0,10,4,0,3,2,1
S01010102,75 to 84,8,3,3,0,5,0,0,0,1,4
S01010102,85 and over,3,0,0,0,3,1,0,0,0,2
S01010103,All people aged 16 and over in households,774,474,378,96,300,211,7,25,27,30
S01010103,16 to 24,146,4,0,4,142,142,0,0,0,0
S01010103,25 to 34,101,66,33,33,35,32,1,0,2,0
S01010103,35 to 49,303,245,204,41,58,22,3,18,11,4
S01010103,50 to 64,177,133,116,17,44,13,3,7,12,9
S01010103,65 to 74,31,20,19,1,11,1,0,0,2,8
S01010103,75 to 84,13,6,6,0,7,1,0,0,0,6
S01010103,85 and over,3,0,0,0,3,0,0,0,0,3
S01010104,All people aged 16 and over in households,554,350,266,84,204,144,4,17,22,17
S01010104,16 to 24,96,3,0,3,93,93,0,0,0,0
S01010104,25 to 34,95,59,21,38,36,26,1,6,2,1
S01010104,35 to 49,237,196,160,36,41,20,3,8,10,0
S01010104,50 to 64,102,83,77,6,19,3,0,3,8,5
S01010104,65 to 74,18,7,6,1,11,2,0,0,2,7
S01010104,75 to 84,6,2,2,0,4,0,0,0,0,4
S01010104,85 and over,0,0,0,0,0,0,0,0,0,0
S01010105,All people aged 16 and over in households,313,114,64,50,199,148,2,20,23,6
S01010105,16 to 24,81,8,1,7,73,71,1,1,0,0
S01010105,25 to 34,67,23,5,18,44,39,0,4,0,1
S01010105,35 to 49,85,39,25,14,46,30,0,8,8,0
S01010105,50 to 64,65,40,30,10,25,8,1,5,10,1
S01010105,65 to 74,13,4,3,1,9,0,0,2,5,2
S01010105,75 to 84,1,0,0,0,1,0,0,0,0,1
S01010105,85 and over,1,0,0,0,1,0,0,0,0,1
S01010106,All people aged 16 and over in households,357,128,94,34,229,141,3,15,28,42
S01010106,16 to 24,49,6,0,6,43,43,0,0,0,0
S01010106,25 to 34,59,16,9,7,43,41,1,1,0,0
S01010106,35 to 49,97,46,30,16,51,37,0,7,7,0
S01010106,50 to 64,73,34,33,1,39,15,2,5,14,3
S01010106,65 to 74,38,15,13,2,23,5,0,1,6,11
S01010106,75 to 84,35,10,8,2,25,0,0,1,1,23
S01010106,85 and over,6,1,1,0,5,0,0,0,0,5
S01010107,All people aged 16 and over in households,647,228,154,74,419,279,6,26,60,48
S01010107,16 to 24,130,19,0,19,111,109,0,1,0,1
S01010107,25 to 34,107,34,16,18,73,67,2,2,2,0
S01010107,35 to 49,183,74,53,21,109,82,0,9,15,3
S01010107,50 to 64,146,74,62,12,72,21,4,8,29,10
S01010107,65 to 74,38,16,15,1,22,0,0,5,10,7
S01010107,75 to 84,31,9,6,3,22,0,0,1,4,17
S01010107,85 and over,12,2,2,0,10,0,0,0,0,10
S01010108,All people aged 16 and over in households,623,276,222,54,347,186,5,21,51,84
S01010108,16 to 24,61,1,0,1,60,60,0,0,0,0
S01010108,25 to 34,88,27,17,10,61,56,1,2,0,2
S01010108,35 to 49,142,75,47,28,67,47,2,5,12,1
S01010108,50 to 64,222,141,127,14,81,14,2,12,32,21
S01010108,65 to 74,58,22,21,1,36,6,0,1,7,22
S01010108,75 to 84,46,10,10,0,36,3,0,1,0,32
S01010108,85 and over,6,0,0,0,6,0,0,0,0,6
S01010109,All people aged 16 and over in households,581,266,158,108,315,235,4,24,33,19
S01010109,16 to 24,135,23,3,20,112,112,0,0,0,0
S01010109,25 to 34,126,67,31,36,59,57,1,1,0,0
S01010109,35 to 49,162,83,43,40,79,50,2,14,13,0
S01010109,50 to 64,117,72,61,11,45,11,1,9,16,8
S01010109,65 to 74,28,16,15,1,12,5,0,0,3,4
S01010109,75 to 84,11,5,5,0,6,0,0,0,1,5
S01010109,85 and over,2,0,0,0,2,0,0,0,0,2
S01010110,All people aged 16 and over in households,684,258,196,62,426,231,4,30,68,93
S01010110,16 to 24,86,11,2,9,75,75,0,0,0,0
S01010110,25 to 34,81,27,13,14,54,52,1,0,1,0
S01010110,35 to 49,174,66,42,24,108,70,1,9,25,3
S01010110,50 to 64,176,90,78,12,86,26,1,14,33,12
S01010110,65 to 74,78,38,35,3,40,5,0,6,5,24
S01010110,75 to 84,80,26,26,0,54,3,1,1,4,45
S01010110,85 and over,9,0,0,0,9,0,0,0,0,9
S01010111,All people aged 16 and over in households,754,260,174,86,494,327,2,33,81,51
S01010111,16 to 24,139,8,0,8,131,130,0,0,0,1
S01010111,25 to 34,121,51,20,31,70,66,1,2,1,0
S01010111,35 to 49,206,75,45,30,131,98,0,11,18,4
S01010111,50 to 64,188,96,84,12,92,28,0,15,43,6
S01010111,65 to 74,68,23,19,4,45,2,0,5,17,21
S01010111,75 to 84,26,7,6,1,19,2,1,0,2,14
S01010111,85 and over,6,0,0,0,6,1,0,0,0,5
S01010112,All people aged 16 and over in households,728,232,130,102,496,343,4,37,66,46
S01010112,16 to 24,155,12,1,11,143,142,0,1,0,0
S01010112,25 to 34,114,34,11,23,80,79,0,1,0,0
S01010112,35 to 49,228,84,43,41,144,96,1,20,24,3
S01010112,50 to 64,159,80,55,25,79,20,2,12,33,12
S01010112,65 to 74,55,19,17,2,36,5,1,3,8,19
S01010112,75 to 84,13,2,2,0,11,1,0,0,1,9
S01010112,85 and over,4,1,1,0,3,0,0,0,0,3
S01010113,All people aged 16 and over in households,395,170,112,58,225,164,3,13,24,21
S01010113,16 to 24,58,10,0,10,48,47,1,0,0,0
S01010113,25 to 34,92,36,16,20,56,52,1,2,0,1
S01010113,35 to 49,117,45,27,18,72,54,1,6,11,0
S01010113,50 to 64,79,51,44,7,28,10,0,5,10,3
S01010113,65 to 74,28,18,17,1,10,1,0,0,3,6
S01010113,75 to 84,20,9,7,2,11,0,0,0,0,11
S01010113,85 and over,1,1,1,0,0,0,0,0,0,0
S01010114,All people aged 16 and over in households,614,218,156,62,396,265,3,35,48,45
S01010114,16 to 24,97,11,0,11,86,86,0,0,0,0
S01010114,25 to 34,107,37,17,20,70,66,0,2,2,0
S01010114,35 to 49,163,58,45,13,105,75,1,12,15,2
S01010114,50 to 64,152,74,59,15,78,28,2,17,22,9
S01010114,65 to 74,50,21,20,1,29,9,0,2,6,12
S01010114,75 to 84,36,14,13,1,22,0,0,2,2,18
S01010114,85 and over,9,3,2,1,6,1,0,0,1,4
S01010115,All people aged 16 and over in households,486,266,210,56,220,164,4,18,19,15
S01010115,16 to 24,86,2,0,2,84,83,0,0,1,0
S01010115,25 to 34,78,33,17,16,45,39,3,3,0,0
S01010115,35 to 49,173,116,87,29,57,40,1,11,4,1
S01010115,50 to 64,110,92,85,7,18,2,0,3,10,3
S01010115,65 to 74,26,16,15,1,10,0,0,1,3,6
S01010115,75 to 84,10,7,6,1,3,0,0,0,1,2
S01010115,85 and over,3,0,0,0,3,0,0,0,0,3
S01010116,All people aged 16 and over in households,794,452,318,134,342,267,5,20,26,24
S01010116,16 to 24,160,24,3,21,136,136,0,0,0,0
S01010116,25 to 34,229,139,75,64,90,77,3,7,2,1
S01010116,35 to 49,237,163,123,40,74,49,1,9,14,1
S01010116,50 to 64,129,102,94,8,27,4,1,4,8,10
S01010116,65 to 74,24,16,15,1,8,1,0,0,1,6
S01010116,75 to 84,14,8,8,0,6,0,0,0,1,5
S01010116,85 and over,1,0,0,0,1,0,0,0,0,1
S01010117,All people aged 16 and over in households,502,298,214,84,204,147,2,20,20,15
S01010117,16 to 24,62,6,0,6,56,56,0,0,0,0
S01010117,25 to 34,137,99,66,33,38,34,0,4,0,0
S01010117,35 to 49,192,133,100,33,59,44,0,7,8,0
S01010117,50 to 64,76,46,36,10,30,9,2,6,11,2
S01010117,65 to 74,21,9,8,1,12,1,0,3,1,7
S01010117,75 to 84,11,5,4,1,6,2,0,0,0,4
S01010117,85 and over,3,0,0,0,3,1,0,0,0,2
S01010118,All people aged 16 and over in households,478,128,70,58,350,234,1,25,56,34
S01010118,16 to 24,94,5,0,5,89,89,0,0,0,0
S01010118,25 to 34,76,26,5,21,50,49,0,1,0,0
S01010118,35 to 49,147,52,29,23,95,66,0,10,18,1
S01010118,50 to 64,107,34,27,7,73,27,1,8,31,6
S01010118,65 to 74,32,8,6,2,24,2,0,5,5,12
S01010118,75 to 84,16,3,3,0,13,1,0,1,2,9
S01010118,85 and over,6,0,0,0,6,0,0,0,0,6
S01010119,All people aged 16 and over in households,389,158,100,58,231,169,3,20,27,12
S01010119,16 to 24,83,7,1,6,76,76,0,0,0,0
S01010119,25 to 34,90,44,25,19,46,44,1,1,0,0
S01010119,35 to 49,123,59,35,24,64,40,2,9,9,4
S01010119,50 to 64,67,37,28,9,30,6,0,7,15,2
S01010119,65 to 74,17,8,8,0,9,2,0,2,2,3
S01010119,75 to 84,7,3,3,0,4,0,0,1,1,2
S01010119,85 and over,2,0,0,0,2,1,0,0,0,1
S01010120,All people aged 16 and over in households,772,236,170,66,536,379,1,36,73,47
S01010120,16 to 24,159,3,1,2,156,154,0,0,1,1
S01010120,25 to 34,130,32,17,15,98,93,1,4,0,0
S01010120,35 to 49,257,101,64,37,156,103,0,21,28,4
S01010120,50 to 64,151,79,67,12,72,21,0,10,33,8
S01010120,65 to 74,47,14,14,0,33,7,0,1,9,16
S01010120,75 to 84,27,7,7,0,20,1,0,0,2,17
S01010120,85 and over,1,0,0,0,1,0,0,0,0,1
S01010121,All people aged 16 and over in households,532,182,116,66,350,235,3,20,54,38
S01010121,16 to 24,112,13,0,13,99,98,0,1,0,0
S01010121,25 to 34,85,31,12,19,54,53,0,1,0,0
S01010121,35 to 49,139,58,36,22,81,58,2,8,10,3
S01010121,50 to 64,125,64,52,12,61,19,1,7,29,5
S01010121,65 to 74,36,11,11,0,25,4,0,2,10,9
S01010121,75 to 84,28,4,4,0,24,2,0,1,5,16
S01010121,85 and over,7,1,1,0,6,1,0,0,0,5
S01010122,All people aged 16 and over in households,341,114,76,38,227,143,1,23,38,22
S01010122,16 to 24,57,6,0,6,51,50,1,0,0,0
S01010122,25 to 34,37,9,2,7,28,27,0,1,0,0
S01010122,35 to 49,100,35,16,19,65,44,0,10,11,0
S01010122,50 to 64,94,44,38,6,50,20,0,7,21,2
S01010122,65 to 74,26,13,13,0,13,1,0,3,3,6
S01010122,75 to 84,24,7,7,0,17,1,0,2,3,11
S01010122,85 and over,3,0,0,0,3,0,0,0,0,3
S01010123,All people aged 16 and over in households,535,190,120,70,345,242,6,17,47,33
S01010123,16 to 24,100,10,3,7,90,90,0,0,0,0
S01010123,25 to 34,126,50,22,28,76,68,3,2,3,0
S01010123,35 to 49,154,74,43,31,80,51,2,9,16,2
S01010123,50 to 64,89,27,23,4,62,29,1,6,20,6
S01010123,65 to 74,44,24,24,0,20,3,0,0,7,10
S01010123,75 to 84,19,5,5,0,14,1,0,0,1,12
S01010123,85 and over,3,0,0,0,3,0,0,0,0,3
S01010124,All people aged 16 and over in households,506,230,144,86,276,189,3,27,38,19
S01010124,16 to 24,83,6,0,6,77,77,0,0,0,0
S01010124,25 to 34,129,66,26,40,63,55,1,6,1,0
S01010124,35 to 49,156,81,55,26,75,40,0,12,22,1
S01010124,50 to 64,107,66,53,13,41,17,1,6,11,6
S01010124,65 to 74,20,11,10,1,9,0,0,0,4,5
S01010124,75 to 84,9,0,0,0,9,0,1,3,0,5
S01010124,85 and over,2,0,0,0,2,0,0,0,0,2
S01010125,All people aged 16 and over in households,402,172,122,50,230,161,5,21,27,16
S01010125,16 to 24,60,3,0,3,57,55,1,0,1,0
S01010125,25 to 34,99,42,20,22,57,52,1,3,1,0
S01010125,35 to 49,136,74,56,18,62,42,2,8,10,0
S01010125,50 to 64,81,41,35,6,40,12,0,10,11,7
S01010125,65 to 74,19,9,8,1,10,0,1,0,2,7
S01010125,75 to 84,7,3,3,0,4,0,0,0,2,2
S01010125,85 and over,0,0,0,0,0,0,0,0,0,0
S01010126,All people aged 16 and over in households,593,302,240,62,291,186,4,30,27,44
S01010126,16 to 24,90,1,0,1,89,89,0,0,0,0
S01010126,25 to 34,83,40,25,15,43,40,1,2,0,0
S01010126,35 to 49,208,140,106,34,68,42,1,13,12,0
S01010126,50 to 64,147,98,87,11,49,13,0,14,13,9
S01010126,65 to 74,35,16,15,1,19,1,1,1,1,15
S01010126,75 to 84,18,6,6,0,12,0,1,0,1,10
S01010126,85 and over,12,1,1,0,11,1,0,0,0,10
S01010127,All people aged 16 and over in households,526,196,168,28,330,186,4,20,57,63
S01010127,16 to 24,64,2,0,2,62,62,0,0,0,0
S01010127,25 to 34,58,16,12,4,42,40,0,1,0,1
S01010127,35 to 49,129,59,46,13,70,47,1,8,14,0
S01010127,50 to 64,142,74,67,7,68,20,3,8,34,3
S01010127,65 to 74,69,33,32,1,36,14,0,1,9,12
S01010127,75 to 84,40,9,8,1,31,2,0,2,0,27
S01010127,85 and over,24,3,3,0,21,1,0,0,0,20
S01010128,All people aged 16 and over in households,343,102,52,50,241,173,1,24,32,11
S01010128,16 to 24,85,7,1,6,78,76,0,0,2,0
S01010128,25 to 34,58,27,10,17,31,29,0,1,1,0
S01010128,35 to 49,107,35,18,17,72,52,1,12,7,0
S01010128,50 to 64,60,18,12,6,42,14,0,8,14,6
S01010128,65 to 74,26,13,10,3,13,1,0,3,5,4
S01010128,75 to 84,7,2,1,1,5,1,0,0,3,1
S01010128,85 and over,0,0,0,0,0,0,0,0,0,0
S01010129,All people aged 16 and over in households,550,176,116,60,374,257,5,28,47,37
S01010129,16 to 24,119,13,0,13,106,106,0,0,0,0
S01010129,25 to 34,90,23,8,15,67,66,0,0,1,0
S01010129,35 to 49,173,69,45,24,104,67,2,14,18,3
S01010129,50 to 64,104,43,40,3,61,15,2,11,22,11
S01010129,65 to 74,44,21,17,4,23,2,0,3,5,13
S01010129,75 to 84,19,7,6,1,12,1,1,0,1,9
S01010129,85 and over,1,0,0,0,1,0,0,0,0,1
S01010130,All people aged 16 and over in households,341,146,120,26,195,103,1,19,30,42
S01010130,16 to 24,53,8,0,8,45,45,0,0,0,0
S01010130,25 to 34,33,15,8,7,18,15,0,0,3,0
S01010130,35 to 49,82,39,28,11,43,28,0,7,8,0
S01010130,50 to 64,76,41,41,0,35,10,0,8,11,6
S01010130,65 to 74,55,31,31,0,24,3,1,3,8,9
S01010130,75 to 84,36,12,12,0,24,2,0,1,0,21
S01010130,85 and over,6,0,0,0,6,0,0,0,0,6
S01010131,All people aged 16 and over in households,774,484,440,44,290,173,3,14,26,74
S01010131,16 to 24,112,2,0,2,110,110,0,0,0,0
S01010131,25 to 34,54,25,13,12,29,27,0,1,1,0
S01010131,35 to 49,212,181,164,17,31,17,0,5,8,1
S01010131,50 to 64,244,196,185,11,48,11,1,7,13,16
S01010131,65 to 74,98,67,66,1,31,4,1,1,3,22
S01010131,75 to 84,43,12,11,1,31,4,1,0,1,25
S01010131,85 and over,11,1,1,0,10,0,0,0,0,10
S01010132,All people aged 16 and over in households,809,298,224,74,511,287,6,48,77,93
S01010132,16 to 24,123,12,1,11,111,111,0,0,0,0
S01010132,25 to 34,95,31,7,24,64,58,1,2,3,0
S01010132,35 to 49,201,81,47,34,120,74,3,26,16,1
S01010132,50 to 64,171,84,81,3,87,28,1,11,36,11
S01010132,65 to 74,123,56,55,1,67,7,0,8,16,36
S01010132,75 to 84,86,32,31,1,54,8,1,1,5,39
S01010132,85 and over,10,2,2,0,8,1,0,0,1,6
S01010133,All people aged 16 and over in households,607,218,158,60,389,208,3,26,74,78
S01010133,16 to 24,73,4,2,2,69,69,0,0,0,0
S01010133,25 to 34,76,34,7,27,42,41,0,1,0,0
S01010133,35 to 49,142,51,34,17,91,62,3,10,15,1
S01010133,50 to 64,143,54,44,10,89,26,0,10,38,15
S01010133,65 to 74,96,47,43,4,49,3,0,5,15,26
S01010133,75 to 84,52,26,26,0,26,2,0,0,6,18
S01010133,85 and over,25,2,2,0,23,5,0,0,0,18
S01010134,All people aged 16 and over in households,840,322,238,84,518,280,9,41,74,114
S01010134,16 to 24,97,19,0,19,78,75,0,2,1,0
S01010134,25 to 34,118,50,23,27,68,63,1,2,2,0
S01010134,35 to 49,204,79,56,23,125,91,3,13,15,3
S01010134,50 to 64,178,87,78,9,91,32,1,12,29,17
S01010134,65 to 74,146,66,61,5,80,10,0,11,22,37
S01010134,75 to 84,78,21,20,1,57,7,4,1,5,40
S01010134,85 and over,19,0,0,0,19,2,0,0,0,17
S01010135,All people aged 16 and over in households,639,268,202,66,371,213,11,28,33,86
S01010135,16 to 24,81,4,0,4,77,77,0,0,0,0
S01010135,25 to 34,62,22,11,11,40,36,3,0,0,1
S01010135,35 to 49,165,80,53,27,85,62,1,11,10,1
S01010135,50 to 64,145,86,62,24,59,25,1,11,14,8
S01010135,65 to 74,91,43,43,0,48,6,2,5,6,29
S01010135,75 to 84,73,28,28,0,45,5,3,1,3,33
S01010135,85 and over,22,5,5,0,17,2,1,0,0,14
S01010136,All people aged 16 and over in households,679,340,268,72,339,214,7,12,42,64
S01010136,16 to 24,101,4,0,4,97,97,0,0,0,0
S01010136,25 to 34,71,30,14,16,41,39,1,0,1,0
S01010136,35 to 49,189,126,86,40,63,44,1,6,11,1
S01010136,50 to 64,168,110,101,9,58,24,1,4,23,6
S01010136,65 to 74,79,48,46,2,31,8,0,0,4,19
S01010136,75 to 84,57,17,16,1,40,2,4,1,3,30
S01010136,85 and over,14,5,5,0,9,0,0,1,0,8
S01010137,All people aged 16 and over in households,849,284,200,84,565,291,9,38,82,145
S01010137,16 to 24,97,8,0,8,89,89,0,0,0,0
S01010137,25 to 34,125,65,26,39,60,57,1,2,0,0
S01010137,35 to 49,181,61,37,24,120,77,0,16,26,1
S01010137,50 to 64,131,48,40,8,83,34,2,9,28,10
S01010137,65 to 74,132,64,62,2,68,17,0,5,22,24
S01010137,75 to 84,114,33,30,3,81,12,3,6,6,54
S01010137,85 and over,69,5,5,0,64,5,3,0,0,56
S01010138,All people aged 16 and over in households,841,196,150,46,645,341,13,64,142,85
S01010138,16 to 24,71,6,3,3,65,64,0,0,1,0
S01010138,25 to 34,107,21,10,11,86,79,4,1,2,0
S01010138,35 to 49,215,42,24,18,173,118,7,16,32,0
S01010138,50 to 64,255,75,64,11,180,56,1,31,73,19
S01010138,65 to 74,112,28,27,1,84,12,0,15,27,30
S01010138,75 to 84,63,20,18,2,43,8,1,1,7,26
S01010138,85 and over,18,4,4,0,14,4,0,0,0,10
S01010139,All people aged 16 and over in households,897,340,252,88,557,329,6,40,75,107
S01010139,16 to 24,112,15,0,15,97,95,1,1,0,0
S01010139,25 to 34,143,52,25,27,91,84,1,5,1,0
S01010139,35 to 49,204,88,55,33,116,83,2,9,22,0
S01010139,50 to 64,196,100,89,11,96,31,0,20,35,10
S01010139,65 to 74,125,52,50,2,73,24,2,5,16,26
S01010139,75 to 84,77,31,31,0,46,8,0,0,1,37
S01010139,85 and over,40,2,2,0,38,4,0,0,0,34
S01010140,All people aged 16 and over in households,596,282,158,124,314,222,5,29,36,22
S01010140,16 to 24,92,20,2,18,72,72,0,0,0,0
S01010140,25 to 34,172,89,33,56,83,76,2,5,0,0
S01010140,35 to 49,193,94,54,40,99,63,2,16,17,1
S01010140,50 to 64,102,66,57,9,36,10,0,5,15,6
S01010140,65 to 74,23,11,10,1,12,0,1,3,1,7
S01010140,75 to 84,10,2,2,0,8,1,0,0,1,6
S01010140,85 and over,4,0,0,0,4,0,0,0,2,2
S01010141,All people aged 16 and over in households,662,192,122,70,470,285,4,28,81,72
S01010141,16 to 24,110,14,3,11,96,96,0,0,0,0
S01010141,25 to 34,114,51,22,29,63,61,0,1,1,0
S01010141,35 to 49,153,39,21,18,114,78,1,10,23,2
S01010141,50 to 64,153,49,42,7,104,33,3,11,44,13
S01010141,65 to 74,83,27,24,3,56,12,0,4,10,30
S01010141,75 to 84,42,10,8,2,32,5,0,2,3,22
S01010141,85 and over,7,2,2,0,5,0,0,0,0,5
S01010142,All people aged 16 and over in households,491,190,140,50,301,193,8,23,43,34
S01010142,16 to 24,95,9,0,9,86,86,0,0,0,0
S01010142,25 to 34,73,26,8,18,47,43,1,0,3,0
S01010142,35 to 49,132,64,50,14,68,38,6,11,12,1
S01010142,50 to 64,129,70,61,9,59,22,1,8,22,6
S01010142,65 to 74,29,12,12,0,17,2,0,4,4,7
S01010142,75 to 84,25,8,8,0,17,2,0,0,1,14
S01010142,85 and over,8,1,1,0,7,0,0,0,1,6
S01010143,All people aged 16 and over in households,632,264,216,48,368,184,5,29,57,93
S01010143,16 to 24,62,4,1,3,58,57,1,0,0,0
S01010143,25 to 34,68,28,13,15,40,35,1,4,0,0
S01010143,35 to 49,145,79,60,19,66,41,1,8,15,1
S01010143,50 to 64,149,74,67,7,75,31,0,11,28,5
S01010143,65 to 74,93,46,46,0,47,7,2,4,8,26
S01010143,75 to 84,85,28,25,3,57,7,0,2,4,44
S01010143,85 and over,30,5,4,1,25,6,0,0,2,17
S01010144,All people aged 16 and over in households,575,214,130,84,361,231,9,33,60,28
S01010144,16 to 24,77,16,2,14,61,57,1,3,0,0
S01010144,25 to 34,157,76,29,47,81,72,0,7,2,0
S01010144,35 to 49,171,58,39,19,113,76,5,12,15,5
S01010144,50 to 64,119,46,42,4,73,19,3,10,34,7
S01010144,65 to 74,33,16,16,0,17,4,0,1,7,5
S01010144,75 to 84,14,2,2,0,12,1,0,0,2,9
S01010144,85 and over,4,0,0,0,4,2,0,0,0,2
S01010145,All people aged 16 and over in households,650,288,206,82,362,213,3,32,53,61
S01010145,16 to 24,90,14,0,14,76,76,0,0,0,0
S01010145,25 to 34,156,81,37,44,75,67,1,4,3,0
S01010145,35 to 49,132,65,46,19,67,38,2,8,16,3
S01010145,50 to 64,147,90,87,3,57,16,0,15,18,8
S01010145,65 to 74,61,27,26,1,34,8,0,2,8,16
S01010145,75 to 84,49,10,9,1,39,4,0,2,8,25
S01010145,85 and over,15,1,1,0,14,4,0,1,0,9
S01010146,All people aged 16 and over in households,627,202,122,80,425,284,6,33,65,37
S01010146,16 to 24,108,19,1,18,89,88,1,0,0,0
S01010146,25 to 34,124,44,9,35,80,79,0,1,0,0
S01010146,35 to 49,199,59,40,19,140,92,3,16,26,3
S01010146,50 to 64,137,64,58,6,73,21,1,15,31,5
S01010146,65 to 74,46,14,12,2,32,3,1,1,6,21
S01010146,75 to 84,10,2,2,0,8,0,0,0,2,6
S01010146,85 and over,3,0,0,0,3,1,0,0,0,2
S01010147,All people aged 16 and over in households,746,218,120,98,528,369,5,56,59,39
S01010147,16 to 24,148,18,1,17,130,129,1,0,0,0
S01010147,25 to 34,147,50,12,38,97,90,0,5,1,1
S01010147,35 to 49,220,63,40,23,157,102,2,25,25,3
S01010147,50 to 64,151,63,46,17,88,35,2,18,26,7
S01010147,65 to 74,52,13,12,1,39,10,0,8,6,15
S01010147,75 to 84,25,11,9,2,14,2,0,0,1,11
S01010147,85 and over,3,0,0,0,3,1,0,0,0,2
S01010148,All people aged 16 and over in households,601,207,148,59,394,272,3,25,51,43
S01010148,16 to 24,115,15,0,15,100,98,1,1,0,0
S01010148,25 to 34,111,35,20,15,76,73,1,2,0,0
S01010148,35 to 49,165,55,39,16,110,72,1,15,21,1
S01010148,50 to 64,117,56,48,8,61,21,0,7,22,11
S01010148,65 to 74,57,40,35,5,17,4,0,0,6,7
S01010148,75 to 84,26,6,6,0,20,3,0,0,2,15
S01010148,85 and over,10,0,0,0,10,1,0,0,0,9
S01010149,All people aged 16 and over in households,396,228,124,104,168,118,2,12,23,13
S01010149,16 to 24,86,30,3,27,56,56,0,0,0,0
S01010149,25 to 34,114,79,32,47,35,33,1,1,0,0
S01010149,35 to 49,117,78,54,24,39,24,0,8,7,0
S01010149,50 to 64,40,23,19,4,17,1,0,1,14,1
S01010149,65 to 74,24,14,12,2,10,3,0,1,1,5
S01010149,75 to 84,10,2,2,0,8,1,1,1,0,5
S01010149,85 and over,5,2,2,0,3,0,0,0,1,2
S01010150,All people aged 16 and over in households,532,210,160,50,322,182,4,16,37,83
S01010150,16 to 24,60,9,0,9,51,51,0,0,0,0
S01010150,25 to 34,45,9,2,7,36,35,0,1,0,0
S01010150,35 to 49,114,48,32,16,66,57,0,4,4,1
S01010150,50 to 64,145,73,63,10,72,26,2,9,26,9
S01010150,65 to 74,92,46,38,8,46,7,2,2,5,30
S01010150,75 to 84,65,24,24,0,41,3,0,0,2,36
S01010150,85 and over,11,1,1,0,10,3,0,0,0,7
S01010151,All people aged 16 and over in households,550,208,166,42,342,166,10,13,58,95
S01010151,16 to 24,59,8,2,6,51,51,0,0,0,0
S01010151,25 to 34,47,16,4,12,31,25,0,2,4,0
S01010151,35 to 49,105,48,31,17,57,39,1,5,10,2
S01010151,50 to 64,114,43,37,6,71,29,4,3,24,11
S01010151,65 to 74,106,51,50,1,55,10,4,3,13,25
S01010151,75 to 84,92,37,37,0,55,7,1,0,6,41
S01010151,85 and over,27,5,5,0,22,5,0,0,1,16
S01010152,All people aged 16 and over in households,736,350,270,80,386,237,6,19,45,79
S01010152,16 to 24,87,9,0,9,78,78,0,0,0,0
S01010152,25 to 34,102,48,17,31,54,52,0,2,0,0
S01010152,35 to 49,154,91,57,34,63,45,4,10,4,0
S01010152,50 to 64,169,103,98,5,66,34,1,7,22,2
S01010152,65 to 74,108,65,64,1,43,11,1,0,13,18
S01010152,75 to 84,92,33,33,0,59,13,0,0,6,40
S01010152,85 and over,24,1,1,0,23,4,0,0,0,19
S01010153,All people aged 16 and over in households,792,312,246,66,480,246,11,30,78,115
S01010153,16 to 24,100,11,0,11,89,89,0,0,0,0
S01010153,25 to 34,68,22,10,12,46,41,1,2,2,0
S01010153,35 to 49,185,96,68,28,89,56,3,9,19,2
S01010153,50 to 64,178,95,85,10,83,28,3,12,30,10
S01010153,65 to 74,126,53,50,3,73,19,0,6,19,29
S01010153,75 to 84,105,32,30,2,73,9,4,1,7,52
S01010153,85 and over,30,3,3,0,27,4,0,0,1,22
S01010154,All people aged 16 and over in households,732,286,236,50,446,240,6,23,58,119
S01010154,16 to 24,62,2,0,2,60,60,0,0,0,0
S01010154,25 to 34,77,27,6,21,50,48,0,0,2,0
S01010154,35 to 49,136,56,39,17,80,54,3,5,14,4
S01010154,50 to 64,194,101,92,9,93,46,1,12,23,11
S01010154,65 to 74,129,63,62,1,66,17,1,5,13,30
S01010154,75 to 84,103,35,35,0,68,11,1,0,6,50
S01010154,85 and over,31,2,2,0,29,4,0,1,0,24
S01010155,All people aged 16 and over in households,620,264,228,36,356,188,6,16,44,102
S01010155,16 to 24,62,0,0,0,62,62,0,0,0,0
S01010155,25 to 34,56,17,8,9,39,39,0,0,0,0
S01010155,35 to 49,116,73,55,18,43,25,1,5,11,1
S01010155,50 to 64,180,110,102,8,70,31,2,8,22,7
S01010155,65 to 74,84,36,35,1,48,16,1,3,7,21
S01010155,75 to 84,80,22,22,0,58,13,2,0,2,41
S01010155,85 and over,42,6,6,0,36,2,0,0,2,32
S01010156,All people aged 16 and over in households,477,188,148,40,289,156,4,26,40,63
S01010156,16 to 24,53,2,1,1,51,50,0,0,1,0
S01010156,25 to 34,61,26,15,11,35,35,0,0,0,0
S01010156,35 to 49,95,46,29,17,49,32,2,9,5,1
S01010156,50 to 64,114,56,48,8,58,19,0,10,23,6
S01010156,65 to 74,73,31,29,2,42,6,2,6,10,18
S01010156,75 to 84,59,23,22,1,36,11,0,1,1,23
S01010156,85 and over,22,4,4,0,18,3,0,0,0,15
S01010157,All people aged 16 and over in households,487,172,144,28,315,186,3,25,40,61
S01010157,16 to 24,82,4,0,4,78,78,0,0,0,0
S01010157,25 to 34,47,18,12,6,29,28,0,1,0,0
S01010157,35 to 49,122,44,27,17,78,59,0,6,11,2
S01010157,50 to 64,120,58,57,1,62,18,1,14,20,9
S01010157,65 to 74,52,24,24,0,28,1,0,4,4,19
S01010157,75 to 84,59,24,24,0,35,2,2,0,5,26
S01010157,85 and over,5,0,0,0,5,0,0,0,0,5
S01010158,All people aged 16 and over in households,790,338,270,68,452,248,7,29,57,111
S01010158,16 to 24,92,10,2,8,82,81,1,0,0,0
S01010158,25 to 34,98,40,17,23,58,53,1,3,1,0
S01010158,35 to 49,168,84,59,25,84,56,2,9,14,3
S01010158,50 to 64,194,97,86,11,97,36,0,11,32,18
S01010158,65 to 74,115,67,67,0,48,9,2,4,6,27
S01010158,75 to 84,94,30,30,0,64,10,1,1,4,48
S01010158,85 and over,29,10,9,1,19,3,0,1,0,15
S01010159,All people aged 16 and over in households,616,270,222,48,346,202,8,15,46,75
S01010159,16 to 24,53,2,0,2,51,51,0,0,0,0
S01010159,25 to 34,75,28,13,15,47,46,0,1,0,0
S01010159,35 to 49,138,60,41,19,78,61,0,7,10,0
S01010159,50 to 64,142,80,70,10,62,27,0,5,23,7
S01010159,65 to 74,103,57,56,1,46,4,6,1,13,22
S01010159,75 to 84,81,38,38,0,43,8,2,1,0,32
S01010159,85 and over,24,5,4,1,19,5,0,0,0,14
S01010160,All people aged 16 and over in households,473,202,124,78,271,176,6,22,49,18
S01010160,16 to 24,98,37,10,27,61,61,0,0,0,0
S01010160,25 to 34,124,68,43,25,56,49,2,4,1,0
S01010160,35 to 49,142,75,50,25,67,45,2,8,9,3
S01010160,50 to 64,80,22,21,1,58,19,1,7,27,4
S01010160,65 to 74,21,0,0,0,21,2,0,3,10,6
S01010160,75 to 84,8,0,0,0,8,0,1,0,2,5
S01010160,85 and over,0,0,0,0,0,0,0,0,0,0
S01010161,All people aged 16 and over in households,484,236,166,70,248,179,4,11,31,23
S01010161,16 to 24,84,5,0,5,79,79,0,0,0,0
S01010161,25 to 34,68,31,19,12,37,37,0,0,0,0
S01010161,35 to 49,191,123,84,39,68,44,3,5,16,0
S01010161,50 to 64,96,59,46,13,37,14,0,3,12,8
S01010161,65 to 74,30,13,12,1,17,3,1,3,3,7
S01010161,75 to 84,14,5,5,0,9,2,0,0,0,7
S01010161,85 and over,1,0,0,0,1,0,0,0,0,1
S01010162,All people aged 16 and over in households,562,126,72,54,436,283,6,27,74,46
S01010162,16 to 24,116,5,0,5,111,110,1,0,0,0
S01010162,25 to 34,133,48,13,35,85,77,2,4,2,0
S01010162,35 to 49,147,29,17,12,118,72,1,12,31,2
S01010162,50 to 64,103,32,30,2,71,21,0,10,28,12
S01010162,65 to 74,32,7,7,0,25,0,1,1,12,11
S01010162,75 to 84,22,5,5,0,17,3,0,0,1,13
S01010162,85 and over,9,0,0,0,9,0,1,0,0,8
S01010163,All people aged 16 and over in households,465,194,146,48,271,195,5,13,35,23
S01010163,16 to 24,92,4,0,4,88,88,0,0,0,0
S01010163,25 to 34,76,32,14,18,44,42,0,2,0,0
S01010163,35 to 49,139,59,44,15,80,50,2,7,20,1
S01010163,50 to 64,85,55,50,5,30,11,1,3,12,3
S01010163,65 to 74,50,31,30,1,19,4,1,0,2,12
S01010163,75 to 84,19,12,8,4,7,0,1,0,0,6
S01010163,85 and over,4,1,0,1,3,0,0,1,1,1
S01010164,All people aged 16 and over in households,578,250,192,58,328,219,5,24,32,48
S01010164,16 to 24,102,1,0,1,101,101,0,0,0,0
S01010164,25 to 34,92,42,20,22,50,49,0,0,1,0
S01010164,35 to 49,141,71,44,27,70,48,1,11,10,0
S01010164,50 to 64,142,91,83,8,51,16,2,11,12,10
S01010164,65 to 74,65,34,34,0,31,4,1,2,8,16
S01010164,75 to 84,32,11,11,0,21,1,1,0,1,18
S01010164,85 and over,4,0,0,0,4,0,0,0,0,4
S01010165,All people aged 16 and over in households,490,156,116,40,334,244,1,22,27,40
S01010165,16 to 24,99,11,1,10,88,88,0,0,0,0
S01010165,25 to 34,85,18,9,9,67,66,0,0,1,0
S01010165,35 to 49,107,25,11,14,82,61,1,11,8,1
S01010165,50 to 64,114,58,52,6,56,23,0,9,12,12
S01010165,65 to 74,54,33,33,0,21,5,0,2,4,10
S01010165,75 to 84,24,9,8,1,15,1,0,0,2,12
S01010165,85 and over,7,2,2,0,5,0,0,0,0,5
S01010166,All people aged 16 and over in households,606,258,210,48,348,212,1,28,42,65
S01010166,16 to 24,69,1,0,1,68,68,0,0,0,0
S01010166,25 to 34,84,36,19,17,48,47,0,1,0,0
S01010166,35 to 49,144,62,40,22,82,61,0,13,8,0
S01010166,50 to 64,172,98,91,7,74,27,1,9,27,10
S01010166,65 to 74,82,44,43,1,38,4,0,2,6,26
S01010166,75 to 84,44,17,17,0,27,5,0,2,1,19
S01010166,85 and over,11,0,0,0,11,0,0,1,0,10
S01010167,All people aged 16 and over in households,692,270,224,46,422,226,1,29,77,89
S01010167,16 to 24,58,6,1,5,52,52,0,0,0,0
S01010167,25 to 34,85,25,10,15,60,55,0,2,2,1
S01010167,35 to 49,131,38,19,19,93,79,1,4,9,0
S01010167,50 to 64,207,101,94,7,106,28,0,17,40,21
S01010167,65 to 74,131,76,76,0,55,6,0,5,18,26
S01010167,75 to 84,52,17,17,0,35,1,0,1,8,25
S01010167,85 and over,28,7,7,0,21,5,0,0,0,16
S01010168,All people aged 16 and over in households,397,176,110,66,221,143,0,21,21,36
S01010168,16 to 24,62,6,0,6,56,56,0,0,0,0
S01010168,25 to 34,89,52,23,29,37,34,0,3,0,0
S01010168,35 to 49,110,56,34,22,54,36,0,9,6,3
S01010168,50 to 64,76,40,33,7,36,11,0,7,13,5
S01010168,65 to 74,38,18,16,2,20,5,0,2,1,12
S01010168,75 to 84,18,4,4,0,14,1,0,0,1,12
S01010168,85 and over,4,0,0,0,4,0,0,0,0,4
S01010169,All people aged 16 and over in households,618,274,168,106,344,232,7,28,49,28
S01010169,16 to 24,127,25,0,25,102,102,0,0,0,0
S01010169,25 to 34,130,68,21,47,62,57,0,2,3,0
S01010169,35 to 49,198,95,68,27,103,59,7,15,22,0
S01010169,50 to 64,102,59,52,7,43,11,0,11,18,3
S01010169,65 to 74,45,25,25,0,20,2,0,0,5,13
S01010169,75 to 84,12,1,1,0,11,0,0,0,1,10
S01010169,85 and over,4,1,1,0,3,1,0,0,0,2
S01010170,All people aged 16 and over in households,435,164,112,52,271,179,3,16,39,34
S01010170,16 to 24,64,11,2,9,53,53,0,0,0,0
S01010170,25 to 34,74,18,3,15,56,52,1,2,1,0
S01010170,35 to 49,118,38,20,18,80,56,1,6,12,5
S01010170,50 to 64,117,67,57,10,50,16,1,7,21,5
S01010170,65 to 74,43,26,26,0,17,1,0,1,3,12
S01010170,75 to 84,13,3,3,0,10,1,0,0,1,8
S01010170,85 and over,6,1,1,0,5,0,0,0,1,4
S01010171,All people aged 16 and over in households,783,228,142,86,555,364,6,50,67,68
S01010171,16 to 24,170,23,5,18,147,147,0,0,0,0
S01010171,25 to 34,112,36,10,26,76,72,0,3,1,0
S01010171,35 to 49,216,76,44,32,140,101,3,20,11,5
S01010171,50 to 64,149,54,45,9,95,32,1,19,31,12
S01010171,65 to 74,79,27,26,1,52,7,1,5,20,19
S01010171,75 to 84,43,8,8,0,35,4,1,3,2,25
S01010171,85 and over,14,4,4,0,10,1,0,0,2,7
S01010172,All people aged 16 and over in households,624,194,124,70,430,224,3,38,71,94
S01010172,16 to 24,28,4,0,4,24,24,0,0,0,0
S01010172,25 to 34,98,40,13,27,58,54,0,3,1,0
S01010172,35 to 49,120,32,16,16,88,61,0,11,16,0
S01010172,50 to 64,152,52,40,12,100,42,1,6,40,11
S01010172,65 to 74,103,37,30,7,66,17,0,10,12,27
S01010172,75 to 84,91,24,20,4,67,20,0,8,1,38
S01010172,85 and over,32,5,5,0,27,6,2,0,1,18
S01010173,All people aged 16 and over in households,639,286,236,50,353,209,14,13,41,76
S01010173,16 to 24,82,4,0,4,78,78,0,0,0,0
S01010173,25 to 34,72,34,14,20,38,31,4,1,2,0
S01010173,35 to 49,169,86,68,18,83,57,6,6,11,3
S01010173,50 to 64,131,78,71,7,53,27,1,5,17,3
S01010173,65 to 74,75,41,40,1,34,8,2,0,7,17
S01010173,75 to 84,85,36,36,0,49,5,1,1,4,38
S01010173,85 and over,25,7,7,0,18,3,0,0,0,15
S01010174,All people aged 16 and over in households,485,240,204,36,245,153,4,14,22,52
S01010174,16 to 24,67,1,0,1,66,66,0,0,0,0
S01010174,25 to 34,61,26,10,16,35,34,0,0,1,0
S01010174,35 to 49,111,76,62,14,35,21,1,6,4,3
S01010174,50 to 64,134,90,85,5,44,18,0,7,13,6
S01010174,65 to 74,55,31,31,0,24,7,0,0,3,14
S01010174,75 to 84,39,14,14,0,25,5,2,1,1,16
S01010174,85 and over,18,2,2,0,16,2,1,0,0,13
S01010175,All people aged 16 and over in households,384,168,128,40,216,131,4,23,29,29
S01010175,16 to 24,56,4,2,2,52,52,0,0,0,0
S01010175,25 to 34,47,18,13,5,29,26,1,1,1,0
S01010175,35 to 49,109,68,45,23,41,28,1,7,5,0
S01010175,50 to 64,94,47,40,7,47,15,0,10,16,6
S01010175,65 to 74,38,24,22,2,14,2,0,3,4,5
S01010175,75 to 84,24,5,4,1,19,5,2,2,3,7
S01010175,85 and over,16,2,2,0,14,3,0,0,0,11
S01010176,All people aged 16 and over in households,590,228,178,50,362,192,6,20,60,84
S01010176,16 to 24,54,2,0,2,52,51,0,1,0,0
S01010176,25 to 34,70,27,14,13,43,39,3,1,0,0
S01010176,35 to 49,141,73,46,27,68,43,0,8,16,1
S01010176,50 to 64,152,70,63,7,82,37,1,9,28,7
S01010176,65 to 74,78,39,38,1,39,6,0,0,9,24
S01010176,75 to 84,73,14,14,0,59,11,2,0,6,40
S01010176,85 and over,22,3,3,0,19,5,0,1,1,12
S01010177,All people aged 16 and over in households,571,194,140,54,377,257,9,20,41,50
S01010177,16 to 24,116,5,2,3,111,110,1,0,0,0
S01010177,25 to 34,101,31,23,8,70,65,2,3,0,0
S01010177,35 to 49,155,66,35,31,89,60,2,7,15,5
S01010177,50 to 64,118,63,52,11,55,16,4,9,17,9
S01010177,65 to 74,51,25,24,1,26,1,0,1,6,18
S01010177,75 to 84,22,4,4,0,18,4,0,0,2,12
S01010177,85 and over,8,0,0,0,8,1,0,0,1,6
S01010178,All people aged 16 and over in households,739,252,174,78,487,336,2,32,59,58
S01010178,16 to 24,159,4,0,4,155,155,0,0,0,0
S01010178,25 to 34,123,44,20,24,79,69,0,4,5,1
S01010178,35 to 49,205,86,56,30,119,84,1,11,20,3
S01010178,50 to 64,158,79,64,15,79,22,1,16,23,17
S01010178,65 to 74,63,35,30,5,28,2,0,1,8,17
S01010178,75 to 84,26,2,2,0,24,4,0,0,3,17
S01010178,85 and over,5,2,2,0,3,0,0,0,0,3
S01010179,All people aged 16 and over in households,690,248,190,58,442,285,10,47,43,57
S01010179,16 to 24,101,0,0,0,101,101,0,0,0,0
S01010179,25 to 34,118,41,13,28,77,69,5,1,2,0
S01010179,35 to 49,169,69,43,26,100,65,1,16,15,3
S01010179,50 to 64,184,84,80,4,100,39,2,26,19,14
S01010179,65 to 74,68,35,35,0,33,7,1,3,4,18
S01010179,75 to 84,45,18,18,0,27,2,0,1,3,21
S01010179,85 and over,5,1,1,0,4,2,1,0,0,1
S01010180,All people aged 16 and over in households,399,224,154,70,175,129,5,15,12,14
S01010180,16 to 24,58,7,2,5,51,50,0,1,0,0
S01010180,25 to 34,130,86,52,34,44,36,3,4,1,0
S01010180,35 to 49,138,86,60,26,52,39,1,5,5,2
S01010180,50 to 64,48,32,29,3,16,2,1,5,5,3
S01010180,65 to 74,12,7,5,2,5,2,0,0,1,2
S01010180,75 to 84,13,6,6,0,7,0,0,0,0,7
S01010180,85 and over,0,0,0,0,0,0,0,0,0,0
S01010181,All people aged 16 and over in households,489,170,138,32,319,184,8,31,46,50
S01010181,16 to 24,65,3,0,3,62,62,0,0,0,0
S01010181,25 to 34,66,19,13,6,47,45,0,1,1,0
S01010181,35 to 49,124,39,22,17,85,55,5,9,15,1
S01010181,50 to 64,125,63,59,4,62,19,2,14,17,10
S01010181,65 to 74,70,34,32,2,36,3,1,6,8,18
S01010181,75 to 84,36,12,12,0,24,0,0,1,5,18
S01010181,85 and over,3,0,0,0,3,0,0,0,0,3
S01010182,All people aged 16 and over in households,580,356,290,66,224,146,6,14,24,34
S01010182,16 to 24,63,7,1,6,56,56,0,0,0,0
S01010182,25 to 34,102,63,39,24,39,37,2,0,0,0
S01010182,35 to 49,140,85,62,23,55,31,1,7,12,4
S01010182,50 to 64,181,140,130,10,41,12,3,7,9,10
S01010182,65 to 74,66,47,44,3,19,6,0,0,2,11
S01010182,75 to 84,24,14,14,0,10,2,0,0,1,7
S01010182,85 and over,4,0,0,0,4,2,0,0,0,2
S01010183,All people aged 16 and over in households,391,148,124,24,243,137,4,18,26,58
S01010183,16 to 24,46,0,0,0,46,45,0,0,0,1
S01010183,25 to 34,38,11,5,6,27,25,2,0,0,0
S01010183,35 to 49,94,38,32,6,56,37,1,9,7,2
S01010183,50 to 64,103,55,43,12,48,20,1,7,12,8
S01010183,65 to 74,39,22,22,0,17,1,0,1,4,11
S01010183,75 to 84,56,22,22,0,34,7,0,1,3,23
S01010183,85 and over,15,0,0,0,15,2,0,0,0,13
S01010184,All people aged 16 and over in households,511,166,134,32,345,220,3,23,44,55
S01010184,16 to 24,88,7,0,7,81,81,0,0,0,0
S01010184,25 to 34,79,15,5,10,64,61,0,1,2,0
S01010184,35 to 49,126,48,40,8,78,54,0,9,14,1
S01010184,50 to 64,110,56,50,6,54,17,2,9,18,8
S01010184,65 to 74,56,28,27,1,28,5,0,4,6,13
S01010184,75 to 84,43,11,11,0,32,2,1,0,4,25
S01010184,85 and over,9,1,1,0,8,0,0,0,0,8
S01010185,All people aged 16 and over in households,487,182,130,52,305,199,7,23,36,40
S01010185,16 to 24,74,3,1,2,71,71,0,0,0,0
S01010185,25 to 34,76,35,15,20,41,40,1,0,0,0
S01010185,35 to 49,147,58,37,21,89,60,4,7,16,2
S01010185,50 to 64,88,39,30,9,49,22,2,10,8,7
S01010185,65 to 74,60,35,35,0,25,2,0,3,7,13
S01010185,75 to 84,35,12,12,0,23,3,0,2,5,13
S01010185,85 and over,7,0,0,0,7,1,0,1,0,5
S01010186,All people aged 16 and over in households,523,314,270,44,209,142,10,21,16,20
S01010186,16 to 24,85,4,2,2,81,80,1,0,0,0
S01010186,25 to 34,79,47,33,14,32,28,1,2,1,0
S01010186,35 to 49,156,102,83,19,54,22,4,14,12,2
S01010186,50 to 64,141,123,117,6,18,10,2,2,2,2
S01010186,65 to 74,40,25,24,1,15,1,0,2,1,11
S01010186,75 to 84,18,11,9,2,7,0,2,1,0,4
S01010186,85 and over,4,2,2,0,2,1,0,0,0,1
S01010187,All people aged 16 and over in households,548,304,248,56,244,164,2,24,31,23
S01010187,16 to 24,82,7,2,5,75,74,0,1,0,0
S01010187,25 to 34,93,59,30,29,34,31,1,2,0,0
S01010187,35 to 49,160,92,76,16,68,44,1,10,10,3
S01010187,50 to 64,152,112,106,6,40,10,0,8,15,7
S01010187,65 to 74,41,23,23,0,18,4,0,2,6,6
S01010187,75 to 84,18,11,11,0,7,1,0,1,0,5
S01010187,85 and over,2,0,0,0,2,0,0,0,0,2
S01010188,All people aged 16 and over in households,577,330,262,68,247,159,7,17,32,32
S01010188,16 to 24,78,3,0,3,75,74,1,0,0,0
S01010188,25 to 34,95,47,24,23,48,44,0,3,1,0
S01010188,35 to 49,187,135,104,31,52,31,1,6,12,2
S01010188,50 to 64,145,101,91,10,44,9,5,7,16,7
S01010188,65 to 74,49,34,34,0,15,1,0,0,2,12
S01010188,75 to 84,19,10,9,1,9,0,0,1,1,7
S01010188,85 and over,4,0,0,0,4,0,0,0,0,4
S01010189,All people aged 16 and over in households,739,508,428,80,231,177,5,14,19,16
S01010189,16 to 24,120,2,0,2,118,117,1,0,0,0
S01010189,25 to 34,134,92,71,21,42,38,2,1,1,0
S01010189,35 to 49,317,275,230,45,42,18,2,10,10,2
S01010189,50 to 64,143,124,112,12,19,4,0,3,7,5
S01010189,65 to 74,16,13,13,0,3,0,0,0,0,3
S01010189,75 to 84,9,2,2,0,7,0,0,0,1,6
S01010189,85 and over,0,0,0,0,0,0,0,0,0,0
S01010190,All people aged 16 and over in households,581,402,330,72,179,131,6,18,14,10
S01010190,16 to 24,91,2,2,0,89,88,0,0,0,1
S01010190,25 to 34,125,88,64,24,37,29,2,4,2,0
S01010190,35 to 49,239,207,171,36,32,8,4,10,6,4
S01010190,50 to 64,106,92,80,12,14,4,0,4,6,0
S01010190,65 to 74,12,9,9,0,3,1,0,0,0,2
S01010190,75 to 84,7,4,4,0,3,1,0,0,0,2
S01010190,85 and over,1,0,0,0,1,0,0,0,0,1
S01010191,All people aged 16 and over in households,531,338,280,58,193,135,1,18,26,13
S01010191,16 to 24,70,3,1,2,67,67,0,0,0,0
S01010191,25 to 34,101,69,43,26,32,28,0,1,2,1
S01010191,35 to 49,219,166,149,17,53,30,0,15,7,1
S01010191,50 to 64,112,88,75,13,24,8,0,2,12,2
S01010191,65 to 74,19,10,10,0,9,0,1,0,2,6
S01010191,75 to 84,8,1,1,0,7,2,0,0,3,2
S01010191,85 and over,2,1,1,0,1,0,0,0,0,1
S01010192,All people aged 16 and over in households,631,434,368,66,197,141,9,17,19,11
S01010192,16 to 24,74,5,0,5,69,66,2,1,0,0
S01010192,25 to 34,126,75,56,19,51,45,3,3,0,0
S01010192,35 to 49,279,232,202,30,47,20,3,10,13,1
S01010192,50 to 64,135,115,103,12,20,7,1,3,6,3
S01010192,65 to 74,13,7,7,0,6,1,0,0,0,5
S01010192,75 to 84,3,0,0,0,3,1,0,0,0,2
S01010192,85 and over,1,0,0,0,1,1,0,0,0,0
S01010193,All people aged 16 and over in households,616,347,278,69,269,177,6,26,30,30
S01010193,16 to 24,92,10,0,10,82,81,1,0,0,0
S01010193,25 to 34,88,49,27,22,39,34,2,0,3,0
S01010193,35 to 49,199,139,113,26,60,28,1,14,17,0
S01010193,50 to 64,134,97,90,7,37,10,1,10,9,7
S01010193,65 to 74,55,36,33,3,19,8,0,2,1,8
S01010193,75 to 84,34,13,12,1,21,11,0,0,0,10
S01010193,85 and over,14,3,3,0,11,5,1,0,0,5
S01010194,All people aged 16 and over in households,548,208,176,32,340,201,14,22,22,81
S01010194,16 to 24,85,4,0,4,81,80,1,0,0,0
S01010194,25 to 34,42,9,4,5,33,31,1,1,0,0
S01010194,35 to 49,145,71,57,14,74,49,7,11,6,1
S01010194,50 to 64,118,66,60,6,52,24,3,8,12,5
S01010194,65 to 74,82,41,38,3,41,8,2,1,2,28
S01010194,75 to 84,60,16,16,0,44,7,0,0,2,35
S01010194,85 and over,16,1,1,0,15,2,0,1,0,12
S01010195,All people aged 16 and over in households,431,196,164,32,235,146,8,18,23,40
S01010195,16 to 24,71,1,0,1,70,70,0,0,0,0
S01010195,25 to 34,45,10,4,6,35,32,1,2,0,0
S01010195,35 to 49,138,86,64,22,52,33,3,8,7,1
S01010195,50 to 64,90,57,56,1,33,6,2,7,12,6
S01010195,65 to 74,46,34,32,2,12,2,0,1,3,6
S01010195,75 to 84,35,7,7,0,28,2,1,0,1,24
S01010195,85 and over,6,1,1,0,5,1,1,0,0,3
S01010196,All people aged 16 and over in households,592,252,214,38,340,225,3,19,38,55
S01010196,16 to 24,92,1,0,1,91,91,0,0,0,0
S01010196,25 to 34,79,17,6,11,62,59,0,2,1,0
S01010196,35 to 49,126,56,42,14,70,52,1,8,9,0
S01010196,50 to 64,165,109,100,9,56,18,0,7,20,11
S01010196,65 to 74,91,56,53,3,35,3,2,2,5,23
S01010196,75 to 84,33,13,13,0,20,2,0,0,3,15
S01010196,85 and over,6,0,0,0,6,0,0,0,0,6
S01010197,All people aged 16 and over in households,548,204,146,58,344,232,3,26,32,51
S01010197,16 to 24,99,3,0,3,96,96,0,0,0,0
S01010197,25 to 34,84,18,1,17,66,65,1,0,0,0
S01010197,35 to 49,130,62,46,16,68,46,0,13,8,1
S01010197,50 to 64,139,86,66,20,53,17,1,11,16,8
S01010197,65 to 74,48,21,19,2,27,5,0,1,6,15
S01010197,75 to 84,42,13,13,0,29,2,1,1,2,23
S01010197,85 and over,6,1,1,0,5,1,0,0,0,4
S01010198,All people aged 16 and over in households,772,320,256,64,452,271,6,33,55,87
S01010198,16 to 24,125,6,0,6,119,119,0,0,0,0
S01010198,25 to 34,84,33,12,21,51,44,2,4,0,1
S01010198,35 to 49,207,108,83,25,99,68,1,13,16,1
S01010198,50 to 64,165,94,87,7,71,19,1,10,28,13
S01010198,65 to 74,105,50,47,3,55,13,1,5,10,26
S01010198,75 to 84,75,25,23,2,50,8,1,1,1,39
S01010198,85 and over,11,4,4,0,7,0,0,0,0,7
S01010199,All people aged 16 and over in households,412,142,112,30,270,169,6,23,36,36
S01010199,16 to 24,72,1,1,0,71,71,0,0,0,0
S01010199,25 to 34,59,19,4,15,40,36,1,2,1,0
S01010199,35 to 49,114,40,27,13,74,47,1,13,12,1
S01010199,50 to 64,86,47,45,2,39,11,3,5,14,6
S01010199,65 to 74,44,20,20,0,24,3,0,3,7,11
S01010199,75 to 84,32,15,15,0,17,1,1,0,2,13
S01010199,85 and over,5,0,0,0,5,0,0,0,0,5
S01010200,All people aged 16 and over in households,580,258,210,48,322,184,7,17,43,71
S01010200,16 to 24,69,2,0,2,67,67,0,0,0,0
S01010200,25 to 34,57,20,8,12,37,33,0,4,0,0
S01010200,35 to 49,137,68,44,24,69,54,2,3,9,1
S01010200,50 to 64,130,88,80,8,42,16,1,5,18,2
S01010200,65 to 74,94,53,53,0,41,6,2,3,13,17
S01010200,75 to 84,72,26,24,2,46,5,1,2,2,36
S01010200,85 and over,21,1,1,0,20,3,1,0,1,15
S01010201,All people aged 16 and over in households,511,288,232,56,223,138,7,18,21,39
S01010201,16 to 24,63,3,1,2,60,60,0,0,0,0
S01010201,25 to 34,72,31,16,15,41,39,2,0,0,0
S01010201,35 to 49,153,109,85,24,44,25,0,11,7,1
S01010201,50 to 64,99,66,56,10,33,12,1,5,9,6
S01010201,65 to 74,66,46,42,4,20,1,2,1,2,14
S01010201,75 to 84,44,31,30,1,13,1,2,1,1,8
S01010201,85 and over,14,2,2,0,12,0,0,0,2,10
S01010202,All people aged 16 and over in households,535,156,82,74,379,255,8,44,43,29
S01010202,16 to 24,97,15,2,13,82,81,1,0,0,0
S01010202,25 to 34,152,51,26,25,101,92,2,7,0,0
S01010202,35 to 49,170,57,34,23,113,70,3,22,17,1
S01010202,50 to 64,73,20,10,10,53,9,1,13,21,9
S01010202,65 to 74,28,11,9,2,17,3,1,2,4,7
S01010202,75 to 84,15,2,1,1,13,0,0,0,1,12
S01010202,85 and over,0,0,0,0,0,0,0,0,0,0
S01010203,All people aged 16 and over in households,517,324,246,78,193,136,9,19,18,11
S01010203,16 to 24,83,9,4,5,74,73,1,0,0,0
S01010203,25 to 34,84,58,27,31,26,23,1,2,0,0
S01010203,35 to 49,204,145,115,30,59,32,5,13,8,1
S01010203,50 to 64,99,77,66,11,22,7,2,3,8,2
S01010203,65 to 74,34,29,28,1,5,0,0,1,2,2
S01010203,75 to 84,13,6,6,0,7,1,0,0,0,6
S01010203,85 and over,0,0,0,0,0,0,0,0,0,0
S01010204,All people aged 16 and over in households,628,190,124,66,438,285,10,32,52,59
S01010204,16 to 24,113,4,0,4,109,108,1,0,0,0
S01010204,25 to 34,98,30,8,22,68,62,1,4,0,1
S01010204,35 to 49,173,69,42,27,104,72,6,11,13,2
S01010204,50 to 64,142,58,50,8,84,29,1,13,26,15
S01010204,65 to 74,63,22,20,2,41,8,1,4,11,17
S01010204,75 to 84,28,6,4,2,22,4,0,0,2,16
S01010204,85 and over,11,1,0,1,10,2,0,0,0,8
S01010205,All people aged 16 and over in households,568,218,148,70,350,208,22,21,40,59
S01010205,16 to 24,64,10,0,10,54,54,0,0,0,0
S01010205,25 to 34,113,41,13,28,72,67,1,2,2,0
S01010205,35 to 49,158,67,39,28,91,60,5,9,13,4
S01010205,50 to 64,132,69,65,4,63,17,9,8,15,14
S01010205,65 to 74,67,25,25,0,42,4,4,2,7,25
S01010205,75 to 84,29,6,6,0,23,3,3,0,3,14
S01010205,85 and over,5,0,0,0,5,3,0,0,0,2
S01010206,All people aged 16 and over in households,341,98,66,32,243,158,45,14,18,8
S01010206,16 to 24,81,15,9,6,66,57,8,1,0,0
S01010206,25 to 34,165,53,31,22,112,71,29,6,5,1
S01010206,35 to 49,78,24,20,4,54,28,7,5,10,4
S01010206,50 to 64,12,6,6,0,6,1,1,1,2,1
S01010206,65 to 74,2,0,0,0,2,1,0,1,0,0
S01010206,75 to 84,2,0,0,0,2,0,0,0,1,1
S01010206,85 and over,1,0,0,0,1,0,0,0,0,1
S01010207,All people aged 16 and over in households,476,158,136,22,318,198,28,34,36,22
S01010207,16 to 24,105,4,0,4,101,100,0,1,0,0
S01010207,25 to 34,99,34,29,5,65,44,8,7,3,3
S01010207,35 to 49,161,73,64,9,88,43,15,19,9,2
S01010207,50 to 64,59,28,27,1,31,6,2,4,15,4
S01010207,65 to 74,35,16,13,3,19,3,1,3,7,5
S01010207,75 to 84,13,3,3,0,10,2,2,0,2,4
S01010207,85 and over,4,0,0,0,4,0,0,0,0,4
S01010208,All people aged 16 and over in households,794,277,180,97,517,316,4,38,97,62
S01010208,16 to 24,95,15,1,14,80,80,0,0,0,0
S01010208,25 to 34,190,83,41,42,107,94,0,6,7,0
S01010208,35 to 49,245,83,55,28,162,112,3,12,34,1
S01010208,50 to 64,151,62,50,12,89,23,1,14,40,11
S01010208,65 to 74,64,25,25,0,39,4,0,3,12,20
S01010208,75 to 84,44,9,8,1,35,3,0,3,4,25
S01010208,85 and over,5,0,0,0,5,0,0,0,0,5
S01010209,All people aged 16 and over in households,737,286,198,88,451,280,12,34,52,73
S01010209,16 to 24,89,6,1,5,83,83,0,0,0,0
S01010209,25 to 34,123,53,22,31,70,63,4,3,0,0
S01010209,35 to 49,215,89,51,38,126,87,5,17,15,2
S01010209,50 to 64,151,73,65,8,78,32,2,9,24,11
S01010209,65 to 74,75,37,35,2,38,7,0,5,6,20
S01010209,75 to 84,63,24,20,4,39,6,1,0,6,26
S01010209,85 and over,21,4,4,0,17,2,0,0,1,14
S01010210,All people aged 16 and over in households,753,362,282,80,391,244,4,21,39,83
S01010210,16 to 24,95,16,1,15,79,79,0,0,0,0
S01010210,25 to 34,89,25,6,19,64,60,0,1,3,0
S01010210,35 to 49,186,115,88,27,71,54,1,7,6,3
S01010210,50 to 64,170,110,94,16,60,27,2,8,19,4
S01010210,65 to 74,101,53,50,3,48,7,0,3,9,29
S01010210,75 to 84,91,35,35,0,56,15,1,2,2,36
S01010210,85 and over,21,8,8,0,13,2,0,0,0,11
S01010211,All people aged 16 and over in households,713,264,194,70,449,274,1,28,66,80
S01010211,16 to 24,116,9,2,7,107,107,0,0,0,0
S01010211,25 to 34,84,34,7,27,50,48,1,0,1,0
S01010211,35 to 49,177,78,54,24,99,68,0,14,17,0
S01010211,50 to 64,145,66,55,11,79,30,0,8,26,15
S01010211,65 to 74,112,56,55,1,56,11,0,2,16,27
S01010211,75 to 84,71,21,21,0,50,9,0,4,6,31
S01010211,85 and over,8,0,0,0,8,1,0,0,0,7
S01010212,All people aged 16 and over in households,824,244,164,80,580,376,23,44,86,51
S01010212,16 to 24,143,19,5,14,124,117,6,1,0,0
S01010212,25 to 34,150,46,21,25,104,98,4,1,1,0
S01010212,35 to 49,229,70,49,21,159,106,7,18,23,5
S01010212,50 to 64,167,65,52,13,102,34,5,19,37,7
S01010212,65 to 74,79,27,21,6,52,14,0,3,20,15
S01010212,75 to 84,51,15,14,1,36,7,1,2,5,21
S01010212,85 and over,5,2,2,0,3,0,0,0,0,3
S01010213,All people aged 16 and over in households,796,350,248,102,446,237,12,26,58,113
S01010213,16 to 24,78,14,1,13,64,63,0,0,1,0
S01010213,25 to 34,106,54,23,31,52,47,3,1,1,0
S01010213,35 to 49,189,87,47,40,102,63,6,15,15,3
S01010213,50 to 64,177,93,80,13,84,36,1,9,28,10
S01010213,65 to 74,107,55,51,4,52,11,0,1,4,36
S01010213,75 to 84,105,38,37,1,67,14,2,0,9,42
S01010213,85 and over,34,9,9,0,25,3,0,0,0,22
S01010214,All people aged 16 and over in households,800,430,356,74,370,235,9,20,42,64
S01010214,16 to 24,118,2,1,1,116,116,0,0,0,0
S01010214,25 to 34,79,34,24,10,45,39,1,4,1,0
S01010214,35 to 49,225,146,102,44,79,50,3,7,15,4
S01010214,50 to 64,193,143,127,16,50,19,4,5,16,6
S01010214,65 to 74,102,65,62,3,37,7,0,3,7,20
S01010214,75 to 84,64,35,35,0,29,3,0,0,3,23
S01010214,85 and over,19,5,5,0,14,1,1,1,0,11
S01010215,All people aged 16 and over in households,697,186,130,56,511,250,13,35,102,111
S01010215,16 to 24,80,6,0,6,74,73,0,0,0,1
S01010215,25 to 34,94,29,13,16,65,55,4,4,2,0
S01010215,35 to 49,172,49,28,21,123,78,5,12,28,0
S01010215,50 to 64,137,43,36,7,94,22,4,10,43,15
S01010215,65 to 74,117,37,33,4,80,9,0,6,20,45
S01010215,75 to 84,83,20,18,2,63,11,0,3,9,40
S01010215,85 and over,14,2,2,0,12,2,0,0,0,10
S01010216,All people aged 16 and over in households,528,158,100,58,370,226,8,33,56,47
S01010216,16 to 24,76,10,1,9,66,64,0,1,0,1
S01010216,25 to 34,104,47,27,20,57,52,1,3,1,0
S01010216,35 to 49,127,38,23,15,89,62,5,8,13,1
S01010216,50 to 64,107,30,24,6,77,29,0,16,25,7
S01010216,65 to 74,50,13,7,6,37,12,0,5,13,7
S01010216,75 to 84,57,20,18,2,37,7,2,0,4,24
S01010216,85 and over,7,0,0,0,7,0,0,0,0,7
S01010217,All people aged 16 and over in households,622,180,92,88,442,322,17,24,54,25
S01010217,16 to 24,136,18,4,14,118,117,0,0,1,0
S01010217,25 to 34,167,53,24,29,114,94,9,5,5,1
S01010217,35 to 49,182,63,27,36,119,84,7,10,18,0
S01010217,50 to 64,89,29,20,9,60,22,1,9,21,7
S01010217,65 to 74,24,5,5,0,19,3,0,0,7,9
S01010217,75 to 84,21,10,10,0,11,2,0,0,2,7
S01010217,85 and over,3,2,2,0,1,0,0,0,0,1
S01010218,All people aged 16 and over in households,839,296,162,134,543,370,5,42,78,48
S01010218,16 to 24,102,18,0,18,84,84,0,0,0,0
S01010218,25 to 34,223,109,48,61,114,112,1,0,1,0
S01010218,35 to 49,278,85,45,40,193,135,1,16,39,2
S01010218,50 to 64,123,45,31,14,78,25,2,16,29,6
S01010218,65 to 74,64,23,22,1,41,12,0,9,5,15
S01010218,75 to 84,40,16,16,0,24,2,1,1,4,16
S01010218,85 and over,9,0,0,0,9,0,0,0,0,9
S01010219,All people aged 16 and over in households,400,106,78,28,294,182,28,25,32,27
S01010219,16 to 24,60,11,5,6,49,48,0,1,0,0
S01010219,25 to 34,127,34,23,11,93,76,11,5,0,1
S01010219,35 to 49,119,40,31,9,79,45,17,8,8,1
S01010219,50 to 64,49,10,9,1,39,10,0,8,16,5
S01010219,65 to 74,27,7,6,1,20,3,0,2,6,9
S01010219,75 to 84,14,4,4,0,10,0,0,1,2,7
S01010219,85 and over,4,0,0,0,4,0,0,0,0,4
S01010220,All people aged 16 and over in households,434,202,110,92,232,186,14,8,17,7
S01010220,16 to 24,94,23,3,20,71,69,0,2,0,0
S01010220,25 to 34,194,106,54,52,88,81,4,2,0,1
S01010220,35 to 49,99,49,33,16,50,32,9,2,7,0
S01010220,50 to 64,41,22,18,4,19,4,1,2,9,3
S01010220,65 to 74,5,1,1,0,4,0,0,0,1,3
S01010220,75 to 84,1,1,1,0,0,0,0,0,0,0
S01010220,85 and over,0,0,0,0,0,0,0,0,0,0
S01010221,All people aged 16 and over in households,389,94,60,34,295,191,8,9,40,47
S01010221,16 to 24,70,6,0,6,64,63,1,0,0,0
S01010221,25 to 34,59,17,6,11,42,40,1,0,1,0
S01010221,35 to 49,96,25,13,12,71,57,4,3,6,1
S01010221,50 to 64,79,30,26,4,49,17,2,4,17,9
S01010221,65 to 74,50,13,12,1,37,8,0,2,9,18
S01010221,75 to 84,24,1,1,0,23,4,0,0,7,12
S01010221,85 and over,11,2,2,0,9,2,0,0,0,7
S01010222,All people aged 16 and over in households,437,172,98,74,265,184,2,18,32,29
S01010222,16 to 24,77,19,1,18,58,58,0,0,0,0
S01010222,25 to 34,96,31,9,22,65,58,0,4,3,0
S01010222,35 to 49,111,46,23,23,65,48,0,7,7,3
S01010222,50 to 64,83,37,29,8,46,17,0,4,18,7
S01010222,65 to 74,47,28,27,1,19,2,2,3,3,9
S01010222,75 to 84,19,10,8,2,9,1,0,0,1,7
S01010222,85 and over,4,1,1,0,3,0,0,0,0,3
S01010223,All people aged 16 and over in households,492,154,100,54,338,199,3,28,64,44
S01010223,16 to 24,66,3,0,3,63,62,1,0,0,0
S01010223,25 to 34,80,25,7,18,55,55,0,0,0,0
S01010223,35 to 49,133,49,27,22,84,57,1,12,11,3
S01010223,50 to 64,120,51,40,11,69,16,1,7,34,11
S01010223,65 to 74,60,18,18,0,42,5,0,7,16,14
S01010223,75 to 84,23,7,7,0,16,4,0,1,3,8
S01010223,85 and over,10,1,1,0,9,0,0,1,0,8
S01010224,All people aged 16 and over in households,752,224,158,66,528,339,14,54,60,61
S01010224,16 to 24,141,8,2,6,133,133,0,0,0,0
S01010224,25 to 34,159,64,35,29,95,89,0,4,2,0
S01010224,35 to 49,208,76,53,23,132,76,14,22,16,4
S01010224,50 to 64,161,63,55,8,98,30,0,28,28,12
S01010224,65 to 74,50,12,12,0,38,6,0,0,13,19
S01010224,75 to 84,25,0,0,0,25,5,0,0,0,20
S01010224,85 and over,8,1,1,0,7,0,0,0,1,6
S01010225,All people aged 16 and over in households,664,234,168,66,430,280,17,32,56,45
S01010225,16 to 24,114,16,5,11,98,97,0,1,0,0
S01010225,25 to 34,155,53,33,20,102,89,9,2,1,1
S01010225,35 to 49,178,71,45,26,107,64,6,15,19,3
S01010225,50 to 64,133,66,58,8,67,26,2,6,25,8
S01010225,65 to 74,56,23,23,0,33,2,0,6,8,17
S01010225,75 to 84,23,4,4,0,19,1,0,2,3,13
S01010225,85 and over,5,1,0,1,4,1,0,0,0,3
S01010226,All people aged 16 and over in households,589,200,174,26,389,222,50,32,55,30
S01010226,16 to 24,100,6,1,5,94,88,5,1,0,0
S01010226,25 to 34,130,59,49,10,71,42,16,8,3,2
S01010226,35 to 49,232,106,98,8,126,65,19,15,18,9
S01010226,50 to 64,78,20,18,2,58,20,7,6,24,1
S01010226,65 to 74,25,6,5,1,19,4,3,2,6,4
S01010226,75 to 84,20,3,3,0,17,2,0,0,2,13
S01010226,85 and over,4,0,0,0,4,1,0,0,2,1
S01010227,All people aged 16 and over in households,466,182,142,40,284,195,35,16,28,10
S01010227,16 to 24,94,12,3,9,82,78,2,2,0,0
S01010227,25 to 34,110,56,39,17,54,37,14,1,1,1
S01010227,35 to 49,178,95,81,14,83,55,12,8,8,0
S01010227,50 to 64,54,15,15,0,39,14,5,4,14,2
S01010227,65 to 74,18,2,2,0,16,8,1,1,4,2
S01010227,75 to 84,10,1,1,0,9,2,1,0,1,5
S01010227,85 and over,2,1,1,0,1,1,0,0,0,0
S01010228,All people aged 16 and over in households,562,198,146,52,364,221,9,19,49,66
S01010228,16 to 24,64,5,3,2,59,58,1,0,0,0
S01010228,25 to 34,90,36,10,26,54,50,2,2,0,0
S01010228,35 to 49,133,48,34,14,85,65,1,5,14,0
S01010228,50 to 64,117,51,44,7,66,27,2,5,22,10
S01010228,65 to 74,83,33,31,2,50,11,1,5,12,21
S01010228,75 to 84,58,23,22,1,35,8,2,2,1,22
S01010228,85 and over,17,2,2,0,15,2,0,0,0,13
S01010229,All people aged 16 and over in households,827,322,248,74,505,346,7,41,50,61
S01010229,16 to 24,117,6,1,5,111,110,0,1,0,0
S01010229,25 to 34,131,45,31,14,86,82,1,2,1,0
S01010229,35 to 49,265,137,95,42,128,94,6,11,13,4
S01010229,50 to 64,198,98,88,10,100,45,0,19,24,12
S01010229,65 to 74,76,27,24,3,49,11,0,7,11,20
S01010229,75 to 84,28,7,7,0,21,2,0,1,1,17
S01010229,85 and over,12,2,2,0,10,2,0,0,0,8
S01010230,All people aged 16 and over in households,834,242,176,66,592,356,45,40,78,73
S01010230,16 to 24,96,14,8,6,82,79,2,1,0,0
S01010230,25 to 34,253,117,87,30,136,104,19,2,4,7
S01010230,35 to 49,232,53,35,18,179,117,17,16,28,1
S01010230,50 to 64,125,31,20,11,94,36,5,12,28,13
S01010230,65 to 74,66,20,19,1,46,8,2,4,12,20
S01010230,75 to 84,48,7,7,0,41,8,0,5,6,22
S01010230,85 and over,14,0,0,0,14,4,0,0,0,10
S01010231,All people aged 16 and over in households,782,232,172,60,550,337,20,44,63,86
S01010231,16 to 24,122,15,1,14,107,106,0,1,0,0
S01010231,25 to 34,162,58,37,21,104,82,14,8,0,0
S01010231,35 to 49,224,87,66,21,137,93,2,20,18,4
S01010231,50 to 64,121,39,35,4,82,30,1,12,27,12
S01010231,65 to 74,83,23,23,0,60,15,3,3,15,24
S01010231,75 to 84,55,9,9,0,46,10,0,0,3,33
S01010231,85 and over,15,1,1,0,14,1,0,0,0,13
S01010232,All people aged 16 and over in households,805,280,208,72,525,365,29,37,64,30
S01010232,16 to 24,163,13,4,9,150,145,2,1,2,0
S01010232,25 to 34,173,60,38,22,113,94,13,4,2,0
S01010232,35 to 49,281,131,100,31,150,104,8,16,21,1
S01010232,50 to 64,138,62,53,9,76,19,6,12,29,10
S01010232,65 to 74,37,12,11,1,25,2,0,3,10,10
S01010232,75 to 84,12,2,2,0,10,1,0,0,0,9
S01010232,85 and over,1,0,0,0,1,0,0,1,0,0
S01010233,All people aged 16 and over in households,738,260,182,78,478,315,30,19,58,56
S01010233,16 to 24,115,21,2,19,94,92,1,0,1,0
S01010233,25 to 34,195,67,48,19,128,104,18,0,3,3
S01010233,35 to 49,223,93,62,31,130,86,10,10,15,9
S01010233,50 to 64,119,48,43,5,71,25,0,7,29,10
S01010233,65 to 74,53,23,19,4,30,5,1,0,8,16
S01010233,75 to 84,28,8,8,0,20,2,0,2,2,14
S01010233,85 and over,5,0,0,0,5,1,0,0,0,4
S01010234,All people aged 16 and over in households,868,294,190,104,574,435,8,28,47,56
S01010234,16 to 24,164,24,4,20,140,139,0,0,0,1
S01010234,25 to 34,278,108,45,63,170,159,4,3,4,0
S01010234,35 to 49,176,61,45,16,115,87,2,11,13,2
S01010234,50 to 64,97,41,37,4,56,23,2,6,20,5
S01010234,65 to 74,78,40,39,1,38,16,0,3,10,9
S01010234,75 to 84,57,15,15,0,42,9,0,5,0,28
S01010234,85 and over,18,5,5,0,13,2,0,0,0,11
S01010235,All people aged 16 and over in households,735,246,108,138,489,442,17,9,18,3
S01010235,16 to 24,274,39,1,38,235,235,0,0,0,0
S01010235,25 to 34,324,152,63,89,172,162,6,0,4,0
S01010235,35 to 49,107,37,29,8,70,43,10,6,10,1
S01010235,50 to 64,21,11,8,3,10,1,1,3,4,1
S01010235,65 to 74,4,4,4,0,0,0,0,0,0,0
S01010235,75 to 84,2,1,1,0,1,1,0,0,0,0
S01010235,85 and over,3,2,2,0,1,0,0,0,0,1
S01010236,All people aged 16 and over in households,642,262,158,104,380,286,7,14,45,28
S01010236,16 to 24,127,17,1,16,110,108,0,2,0,0
S01010236,25 to 34,209,100,44,56,109,102,1,0,5,1
S01010236,35 to 49,132,62,41,21,70,48,6,5,9,2
S01010236,50 to 64,103,52,42,10,51,20,0,6,19,6
S01010236,65 to 74,37,19,18,1,18,4,0,1,6,7
S01010236,75 to 84,22,11,11,0,11,1,0,0,5,5
S01010236,85 and over,12,1,1,0,11,3,0,0,1,7
S01010237,All people aged 16 and over in households,575,228,136,92,347,265,11,8,33,30
S01010237,16 to 24,87,13,3,10,74,74,0,0,0,0
S01010237,25 to 34,203,90,34,56,113,102,3,4,4,0
S01010237,35 to 49,133,62,39,23,71,55,7,1,8,0
S01010237,50 to 64,85,37,34,3,48,26,1,3,14,4
S01010237,65 to 74,35,18,18,0,17,7,0,0,5,5
S01010237,75 to 84,29,6,6,0,23,1,0,0,2,20
S01010237,85 and over,3,2,2,0,1,0,0,0,0,1
S01010238,All people aged 16 and over in households,744,298,178,120,446,348,7,19,36,36
S01010238,16 to 24,149,29,2,27,120,119,0,0,0,1
S01010238,25 to 34,228,105,38,67,123,121,0,1,1,0
S01010238,35 to 49,160,65,46,19,95,68,6,10,10,1
S01010238,50 to 64,111,60,53,7,51,24,1,3,18,5
S01010238,65 to 74,56,27,27,0,29,8,0,5,7,9
S01010238,75 to 84,31,12,12,0,19,5,0,0,0,14
S01010238,85 and over,9,0,0,0,9,3,0,0,0,6
S01010239,All people aged 16 and over in households,674,182,106,76,492,311,5,36,73,67
S01010239,16 to 24,92,5,2,3,87,87,0,0,0,0
S01010239,25 to 34,158,66,22,44,92,87,2,2,1,0
S01010239,35 to 49,127,31,15,16,96,75,1,9,11,0
S01010239,50 to 64,169,46,35,11,123,46,2,23,43,9
S01010239,65 to 74,66,26,24,2,40,8,0,0,15,17
S01010239,75 to 84,52,8,8,0,44,6,0,2,3,33
S01010239,85 and over,10,0,0,0,10,2,0,0,0,8
S01010240,All people aged 16 and over in households,616,240,132,108,376,260,5,16,65,30
S01010240,16 to 24,103,22,5,17,81,81,0,0,0,0
S01010240,25 to 34,162,77,32,45,85,80,0,1,4,0
S01010240,35 to 49,142,58,26,32,84,61,3,5,13,2
S01010240,50 to 64,135,54,45,9,81,30,1,6,37,7
S01010240,65 to 74,38,16,12,4,22,5,1,4,5,7
S01010240,75 to 84,25,10,9,1,15,2,0,0,4,9
S01010240,85 and over,11,3,3,0,8,1,0,0,2,5
S01010241,All people aged 16 and over in households,897,316,178,138,581,395,6,32,79,69
S01010241,16 to 24,94,21,1,20,73,73,0,0,0,0
S01010241,25 to 34,292,110,40,70,182,173,1,2,6,0
S01010241,35 to 49,201,88,49,39,113,92,1,7,12,1
S01010241,50 to 64,160,51,46,5,109,37,3,18,40,11
S01010241,65 to 74,77,26,22,4,51,13,1,3,15,19
S01010241,75 to 84,60,19,19,0,41,5,0,2,3,31
S01010241,85 and over,13,1,1,0,12,2,0,0,3,7
S01010242,All people aged 16 and over in households,656,196,110,86,460,333,5,28,76,18
S01010242,16 to 24,126,16,2,14,110,109,0,1,0,0
S01010242,25 to 34,180,70,26,44,110,105,1,2,2,0
S01010242,35 to 49,200,64,44,20,136,88,3,14,27,4
S01010242,50 to 64,102,36,31,5,66,23,1,5,34,3
S01010242,65 to 74,36,8,6,2,28,6,0,6,13,3
S01010242,75 to 84,8,2,1,1,6,2,0,0,0,4
S01010242,85 and over,4,0,0,0,4,0,0,0,0,4
S01010243,All people aged 16 and over in households,848,242,122,120,606,474,6,35,66,25
S01010243,16 to 24,189,49,10,39,140,140,0,0,0,0
S01010243,25 to 34,244,77,27,50,167,152,3,4,6,2
S01010243,35 to 49,250,70,46,24,180,136,3,15,24,2
S01010243,50 to 64,112,26,21,5,86,40,0,13,27,6
S01010243,65 to 74,38,18,16,2,20,4,0,3,7,6
S01010243,75 to 84,12,2,2,0,10,2,0,0,2,6
S01010243,85 and over,3,0,0,0,3,0,0,0,0,3
S01010244,All people aged 16 and over in households,633,156,94,62,477,321,9,34,64,49
S01010244,16 to 24,104,9,0,9,95,95,0,0,0,0
S01010244,25 to 34,132,27,5,22,105,99,6,0,0,0
S01010244,35 to 49,172,41,25,16,131,93,2,14,19,3
S01010244,50 to 64,129,49,35,14,80,26,0,18,26,10
S01010244,65 to 74,54,14,13,1,40,4,0,2,15,19
S01010244,75 to 84,38,15,15,0,23,3,1,0,4,15
S01010244,85 and over,4,1,1,0,3,1,0,0,0,2
S01010245,All people aged 16 and over in households,784,202,134,68,582,401,8,41,75,57
S01010245,16 to 24,141,9,0,9,132,132,0,0,0,0
S01010245,25 to 34,138,46,22,24,92,90,0,2,0,0
S01010245,35 to 49,213,58,41,17,155,115,4,16,17,3
S01010245,50 to 64,182,67,53,14,115,44,2,16,35,18
S01010245,65 to 74,67,18,14,4,49,11,1,7,15,15
S01010245,75 to 84,40,4,4,0,36,8,1,0,8,19
S01010245,85 and over,3,0,0,0,3,1,0,0,0,2
S01010246,All people aged 16 and over in households,678,184,118,66,494,337,9,31,70,47
S01010246,16 to 24,143,15,0,15,128,128,0,0,0,0
S01010246,25 to 34,133,46,25,21,87,77,6,3,1,0
S01010246,35 to 49,181,50,34,16,131,89,3,13,22,4
S01010246,50 to 64,144,57,46,11,87,29,0,14,28,16
S01010246,65 to 74,48,12,11,1,36,10,0,1,13,12
S01010246,75 to 84,24,4,2,2,20,3,0,0,6,11
S01010246,85 and over,5,0,0,0,5,1,0,0,0,4
S01010247,All people aged 16 and over in households,647,326,260,66,321,195,9,25,28,64
S01010247,16 to 24,82,9,3,6,73,72,1,0,0,0
S01010247,25 to 34,96,44,28,16,52,47,1,2,1,1
S01010247,35 to 49,134,84,57,27,50,38,1,7,4,0
S01010247,50 to 64,195,135,121,14,60,26,3,11,14,6
S01010247,65 to 74,74,38,36,2,36,8,1,4,4,19
S01010247,75 to 84,55,16,15,1,39,3,2,1,4,29
S01010247,85 and over,11,0,0,0,11,1,0,0,1,9
S01010248,All people aged 16 and over in households,778,308,142,166,470,366,7,13,38,46
S01010248,16 to 24,180,28,2,26,152,151,1,0,0,0
S01010248,25 to 34,277,143,34,109,134,129,2,2,0,1
S01010248,35 to 49,132,56,30,26,76,57,4,4,11,0
S01010248,50 to 64,96,44,40,4,52,18,0,6,19,9
S01010248,65 to 74,53,28,27,1,25,6,0,0,6,13
S01010248,75 to 84,29,9,9,0,20,3,0,1,2,14
S01010248,85 and over,11,0,0,0,11,2,0,0,0,9
S01010249,All people aged 16 and over in households,634,212,108,104,422,349,3,12,28,30
S01010249,16 to 24,173,27,2,25,146,145,0,0,0,1
S01010249,25 to 34,199,83,27,56,116,114,1,1,0,0
S01010249,35 to 49,130,52,32,20,78,66,1,5,6,0
S01010249,50 to 64,65,28,25,3,37,14,1,6,10,6
S01010249,65 to 74,50,21,21,0,29,9,0,0,11,9
S01010249,75 to 84,10,1,1,0,9,0,0,0,1,8
S01010249,85 and over,7,0,0,0,7,1,0,0,0,6
S01010250,All people aged 16 and over in households,700,266,120,146,434,363,3,14,28,26
S01010250,16 to 24,221,34,1,33,187,186,1,0,0,0
S01010250,25 to 34,249,115,37,78,134,127,0,6,1,0
S01010250,35 to 49,122,69,36,33,53,38,2,2,10,1
S01010250,50 to 64,54,28,26,2,26,10,0,6,6,4
S01010250,65 to 74,30,13,13,0,17,2,0,0,8,7
S01010250,75 to 84,21,6,6,0,15,0,0,0,3,12
S01010250,85 and over,3,1,1,0,2,0,0,0,0,2
S01010251,All people aged 16 and over in households,566,226,116,110,340,296,4,16,12,12
S01010251,16 to 24,172,23,1,22,149,149,0,0,0,0
S01010251,25 to 34,241,124,48,76,117,110,3,3,1,0
S01010251,35 to 49,96,48,39,9,48,32,1,9,5,1
S01010251,50 to 64,43,28,25,3,15,4,0,4,5,2
S01010251,65 to 74,6,3,3,0,3,1,0,0,1,1
S01010251,75 to 84,6,0,0,0,6,0,0,0,0,6
S01010251,85 and over,2,0,0,0,2,0,0,0,0,2
S01010252,All people aged 16 and over in households,531,236,132,104,295,223,11,12,26,23
S01010252,16 to 24,110,19,2,17,91,88,3,0,0,0
S01010252,25 to 34,167,86,27,59,81,77,2,1,1,0
S01010252,35 to 49,117,63,40,23,54,33,6,4,10,1
S01010252,50 to 64,86,45,41,4,41,19,0,5,11,6
S01010252,65 to 74,29,17,16,1,12,1,0,1,3,7
S01010252,75 to 84,19,5,5,0,14,4,0,1,1,8
S01010252,85 and over,3,1,1,0,2,1,0,0,0,1
S01010253,All people aged 16 and over in households,527,144,82,62,383,244,7,31,59,42
S01010253,16 to 24,89,17,0,17,72,71,0,1,0,0
S01010253,25 to 34,103,22,4,18,81,74,3,4,0,0
S01010253,35 to 49,125,37,19,18,88,64,0,6,16,2
S01010253,50 to 64,114,44,37,7,70,20,3,14,26,7
S01010253,65 to 74,50,16,14,2,34,4,0,5,9,16
S01010253,75 to 84,38,8,8,0,30,7,1,1,8,13
S01010253,85 and over,8,0,0,0,8,4,0,0,0,4
S01010254,All people aged 16 and over in households,933,334,208,126,599,383,9,47,73,87
S01010254,16 to 24,157,21,2,19,136,135,0,0,0,1
S01010254,25 to 34,219,90,25,65,129,118,5,3,2,1
S01010254,35 to 49,171,68,38,30,103,72,0,14,15,2
S01010254,50 to 64,198,95,85,10,103,34,3,23,36,7
S01010254,65 to 74,96,39,37,2,57,17,0,5,16,19
S01010254,75 to 84,70,20,20,0,50,5,1,2,3,39
S01010254,85 and over,22,1,1,0,21,2,0,0,1,18
S01010255,All people aged 16 and over in households,558,184,110,74,374,246,8,32,41,47
S01010255,16 to 24,105,17,2,15,88,87,0,1,0,0
S01010255,25 to 34,132,62,37,25,70,65,0,4,1,0
S01010255,35 to 49,153,51,26,25,102,67,5,14,14,2
S01010255,50 to 64,91,31,27,4,60,19,2,12,15,12
S01010255,65 to 74,42,17,13,4,25,2,0,1,8,14
S01010255,75 to 84,26,5,4,1,21,6,0,0,2,13
S01010255,85 and over,9,1,1,0,8,0,1,0,1,6
S01010256,All people aged 16 and over in households,721,194,106,88,527,354,3,33,83,54
S01010256,16 to 24,123,16,2,14,107,107,0,0,0,0
S01010256,25 to 34,162,56,14,42,106,104,0,0,2,0
S01010256,35 to 49,180,45,28,17,135,100,2,14,17,2
S01010256,50 to 64,148,49,36,13,99,29,0,17,45,8
S01010256,65 to 74,63,17,16,1,46,9,1,2,15,19
S01010256,75 to 84,30,10,9,1,20,1,0,0,4,15
S01010256,85 and over,15,1,1,0,14,4,0,0,0,10
S01010257,All people aged 16 and over in households,756,142,50,92,614,503,21,28,47,15
S01010257,16 to 24,335,40,5,35,295,294,0,1,0,0
S01010257,25 to 34,216,65,24,41,151,130,14,2,5,0
S01010257,35 to 49,98,18,5,13,80,52,4,12,11,1
S01010257,50 to 64,66,12,9,3,54,16,2,10,25,1
S01010257,65 to 74,19,1,1,0,18,6,0,3,4,5
S01010257,75 to 84,11,2,2,0,9,2,1,0,2,4
S01010257,85 and over,11,4,4,0,7,3,0,0,0,4
S01010258,All people aged 16 and over in households,712,150,66,84,562,528,11,8,12,3
S01010258,16 to 24,398,38,5,33,360,360,0,0,0,0
S01010258,25 to 34,207,71,33,38,136,122,8,1,5,0
S01010258,35 to 49,66,20,10,10,46,38,2,1,4,1
S01010258,50 to 64,32,15,12,3,17,6,0,6,3,2
S01010258,65 to 74,4,2,2,0,2,1,1,0,0,0
S01010258,75 to 84,5,4,4,0,1,1,0,0,0,0
S01010258,85 and over,0,0,0,0,0,0,0,0,0,0
S01010259,All people aged 16 and over in households,663,154,100,54,509,323,21,30,80,55
S01010259,16 to 24,123,13,3,10,110,108,0,1,1,0
S01010259,25 to 34,129,52,37,15,77,67,5,5,0,0
S01010259,35 to 49,169,40,20,20,129,86,8,11,23,1
S01010259,50 to 64,109,21,12,9,88,35,8,8,31,6
S01010259,65 to 74,59,19,19,0,40,6,0,3,12,19
S01010259,75 to 84,51,7,7,0,44,10,0,2,11,21
S01010259,85 and over,23,2,2,0,21,11,0,0,2,8
S01010260,All people aged 16 and over in households,966,292,118,174,674,552,11,22,57,32
S01010260,16 to 24,288,61,5,56,227,225,0,1,1,0
S01010260,25 to 34,294,117,38,79,177,168,2,5,2,0
S01010260,35 to 49,189,56,28,28,133,107,6,6,9,5
S01010260,50 to 64,105,37,28,9,68,29,3,5,29,2
S01010260,65 to 74,43,9,9,0,34,11,0,3,13,7
S01010260,75 to 84,36,9,8,1,27,11,0,2,2,12
S01010260,85 and over,11,3,2,1,8,1,0,0,1,6
S01010261,All people aged 16 and over in households,827,206,140,66,621,423,12,27,75,84
S01010261,16 to 24,248,32,4,28,216,216,0,0,0,0
S01010261,25 to 34,152,50,32,18,102,99,2,1,0,0
S01010261,35 to 49,134,38,25,13,96,66,4,6,19,1
S01010261,50 to 64,97,27,21,6,70,16,2,15,27,10
S01010261,65 to 74,101,42,41,1,59,11,1,3,20,24
S01010261,75 to 84,77,16,16,0,61,14,3,2,9,33
S01010261,85 and over,18,1,1,0,17,1,0,0,0,16
S01010262,All people aged 16 and over in households,810,202,162,40,608,365,11,33,104,95
S01010262,16 to 24,164,8,1,7,156,155,1,0,0,0
S01010262,25 to 34,56,6,2,4,50,45,3,1,1,0
S01010262,35 to 49,120,30,24,6,90,63,5,5,17,0
S01010262,50 to 64,195,64,54,10,131,52,1,17,53,8
S01010262,65 to 74,140,61,50,11,79,21,1,8,25,24
S01010262,75 to 84,111,33,31,2,78,22,0,2,8,46
S01010262,85 and over,24,0,0,0,24,7,0,0,0,17
S01010263,All people aged 16 and over in households,632,206,70,136,426,374,8,17,22,5
S01010263,16 to 24,193,38,2,36,155,155,0,0,0,0
S01010263,25 to 34,262,113,31,82,149,142,3,3,1,0
S01010263,35 to 49,102,31,18,13,71,55,1,10,5,0
S01010263,50 to 64,52,15,13,2,37,20,4,2,10,1
S01010263,65 to 74,16,6,4,2,10,2,0,2,4,2
S01010263,75 to 84,5,2,2,0,3,0,0,0,2,1
S01010263,85 and over,2,1,0,1,1,0,0,0,0,1
S01010264,All people aged 16 and over in households,754,204,90,114,550,461,12,21,43,13
S01010264,16 to 24,209,40,6,34,169,168,1,0,0,0
S01010264,25 to 34,258,96,35,61,162,153,3,5,1,0
S01010264,35 to 49,156,34,24,10,122,98,4,9,11,0
S01010264,50 to 64,79,22,17,5,57,23,2,6,24,2
S01010264,65 to 74,25,7,4,3,18,8,0,1,5,4
S01010264,75 to 84,25,5,4,1,20,10,2,0,2,6
S01010264,85 and over,2,0,0,0,2,1,0,0,0,1
S01010265,All people aged 16 and over in households,841,272,102,170,569,497,21,12,35,4
S01010265,16 to 24,343,75,4,71,268,268,0,0,0,0
S01010265,25 to 34,303,126,51,75,177,164,5,2,5,1
S01010265,35 to 49,140,48,30,18,92,57,9,4,22,0
S01010265,50 to 64,47,20,14,6,27,7,7,5,8,0
S01010265,65 to 74,3,1,1,0,2,0,0,1,0,1
S01010265,75 to 84,5,2,2,0,3,1,0,0,0,2
S01010265,85 and over,0,0,0,0,0,0,0,0,0,0
S01010266,All people aged 16 and over in households,456,134,76,58,322,277,9,11,14,11
S01010266,16 to 24,200,19,5,14,181,181,0,0,0,0
S01010266,25 to 34,108,44,18,26,64,59,2,1,1,1
S01010266,35 to 49,83,38,25,13,45,32,3,5,4,1
S01010266,50 to 64,34,21,16,5,13,3,2,4,2,2
S01010266,65 to 74,16,6,6,0,10,2,0,1,6,1
S01010266,75 to 84,13,5,5,0,8,0,2,0,1,5
S01010266,85 and over,2,1,1,0,1,0,0,0,0,1
S01010267,All people aged 16 and over in households,581,99,43,56,482,434,24,4,16,4
S01010267,16 to 24,308,18,1,17,290,288,1,0,1,0
S01010267,25 to 34,196,55,23,32,141,123,16,1,1,0
S01010267,35 to 49,61,20,13,7,41,21,6,1,10,3
S01010267,50 to 64,12,4,4,0,8,2,1,1,4,0
S01010267,65 to 74,3,1,1,0,2,0,0,1,0,1
S01010267,75 to 84,1,1,1,0,0,0,0,0,0,0
S01010267,85 and over,0,0,0,0,0,0,0,0,0,0
S01010268,All people aged 16 and over in households,670,202,142,60,468,405,12,10,19,22
S01010268,16 to 24,207,19,6,13,188,184,0,2,1,1
S01010268,25 to 34,198,74,46,28,124,116,5,1,2,0
S01010268,35 to 49,129,57,40,17,72,60,4,3,5,0
S01010268,50 to 64,78,33,31,2,45,31,1,2,8,3
S01010268,65 to 74,38,16,16,0,22,10,1,2,0,9
S01010268,75 to 84,19,3,3,0,16,4,1,0,2,9
S01010268,85 and over,1,0,0,0,1,0,0,0,1,0
S01010269,All people aged 16 and over in households,500,128,72,56,372,320,10,9,23,10
S01010269,16 to 24,184,28,6,22,156,156,0,0,0,0
S01010269,25 to 34,168,55,28,27,113,105,5,0,2,1
S01010269,35 to 49,80,30,24,6,50,40,2,4,4,0
S01010269,50 to 64,45,13,12,1,32,14,3,4,10,1
S01010269,65 to 74,15,2,2,0,13,4,0,1,7,1
S01010269,75 to 84,4,0,0,0,4,0,0,0,0,4
S01010269,85 and over,4,0,0,0,4,1,0,0,0,3
S01010270,All people aged 16 and over in households,1069,226,164,62,843,513,16,50,137,127
S01010270,16 to 24,181,17,3,14,164,162,1,0,0,1
S01010270,25 to 34,177,48,29,19,129,117,8,2,1,1
S01010270,35 to 49,167,41,24,17,126,92,2,10,22,0
S01010270,50 to 64,255,50,44,6,205,100,2,20,68,15
S01010270,65 to 74,142,43,37,6,99,26,0,12,36,25
S01010270,75 to 84,101,21,21,0,80,13,2,5,8,52
S01010270,85 and over,46,6,6,0,40,3,1,1,2,33
S01010271,All people aged 16 and over in households,675,170,104,66,505,433,14,12,25,21
S01010271,16 to 24,328,28,4,24,300,292,7,1,0,0
S01010271,25 to 34,141,53,24,29,88,82,4,2,0,0
S01010271,35 to 49,96,40,29,11,56,42,1,2,10,1
S01010271,50 to 64,57,20,18,2,37,17,0,5,7,8
S01010271,65 to 74,31,17,17,0,14,0,1,1,6,6
S01010271,75 to 84,21,11,11,0,10,0,1,1,2,6
S01010271,85 and over,1,1,1,0,0,0,0,0,0,0
S01010272,All people aged 16 and over in households,928,222,102,120,706,516,21,36,102,31
S01010272,16 to 24,206,45,6,39,161,160,0,0,1,0
S01010272,25 to 34,236,88,46,42,148,131,8,2,7,0
S01010272,35 to 49,247,44,26,18,203,148,10,9,29,7
S01010272,50 to 64,141,26,9,17,115,44,1,21,41,8
S01010272,65 to 74,61,15,11,4,46,17,1,4,18,6
S01010272,75 to 84,27,3,3,0,24,13,1,0,5,5
S01010272,85 and over,10,1,1,0,9,3,0,0,1,5
S01010273,All people aged 16 and over in households,639,196,58,138,443,386,20,17,17,3
S01010273,16 to 24,271,63,3,60,208,208,0,0,0,0
S01010273,25 to 34,254,104,39,65,150,140,5,5,0,0
S01010273,35 to 49,90,25,14,11,65,34,12,11,8,0
S01010273,50 to 64,16,2,0,2,14,3,3,0,7,1
S01010273,65 to 74,6,2,2,0,4,0,0,1,1,2
S01010273,75 to 84,2,0,0,0,2,1,0,0,1,0
S01010273,85 and over,0,0,0,0,0,0,0,0,0,0
S01010274,All people aged 16 and over in households,528,168,70,98,360,319,10,3,21,7
S01010274,16 to 24,190,24,0,24,166,166,0,0,0,0
S01010274,25 to 34,198,87,26,61,111,106,4,1,0,0
S01010274,35 to 49,83,34,23,11,49,36,4,1,8,0
S01010274,50 to 64,39,18,16,2,21,6,2,1,12,0
S01010274,65 to 74,15,5,5,0,10,5,0,0,1,4
S01010274,75 to 84,3,0,0,0,3,0,0,0,0,3
S01010274,85 and over,0,0,0,0,0,0,0,0,0,0
S01010275,All people aged 16 and over in households,571,172,62,110,399,360,12,7,12,8
S01010275,16 to 24,248,39,1,38,209,206,2,0,0,1
S01010275,25 to 34,206,83,25,58,123,113,5,2,3,0
S01010275,35 to 49,75,32,22,10,43,31,2,4,4,2
S01010275,50 to 64,35,16,12,4,19,9,2,1,5,2
S01010275,65 to 74,4,2,2,0,2,1,1,0,0,0
S01010275,75 to 84,0,0,0,0,0,0,0,0,0,0
S01010275,85 and over,3,0,0,0,3,0,0,0,0,3
S01010276,All people aged 16 and over in households,926,338,196,142,588,454,32,37,61,4
S01010276,16 to 24,214,24,2,22,190,190,0,0,0,0
S01010276,25 to 34,372,156,78,78,216,194,7,5,10,0
S01010276,35 to 49,200,78,51,27,122,56,15,25,26,0
S01010276,50 to 64,118,66,51,15,52,13,10,7,20,2
S01010276,65 to 74,16,10,10,0,6,0,0,0,5,1
S01010276,75 to 84,6,4,4,0,2,1,0,0,0,1
S01010276,85 and over,0,0,0,0,0,0,0,0,0,0
S01010277,All people aged 16 and over in households,521,204,154,50,317,207,12,14,35,49
S01010277,16 to 24,109,18,0,18,91,91,0,0,0,0
S01010277,25 to 34,85,39,22,17,46,43,1,2,0,0
S01010277,35 to 49,107,45,37,8,62,41,4,5,9,3
S01010277,50 to 64,101,45,42,3,56,23,4,6,18,5
S01010277,65 to 74,62,40,38,2,22,4,1,0,4,13
S01010277,75 to 84,47,16,14,2,31,4,2,1,4,20
S01010277,85 and over,10,1,1,0,9,1,0,0,0,8
S01010278,All people aged 16 and over in households,508,152,116,36,356,241,12,27,39,37
S01010278,16 to 24,92,9,2,7,83,83,0,0,0,0
S01010278,25 to 34,130,56,40,16,74,63,4,4,3,0
S01010278,35 to 49,137,41,32,9,96,56,5,17,16,2
S01010278,50 to 64,84,30,26,4,54,24,2,6,15,7
S01010278,65 to 74,29,11,11,0,18,6,0,0,4,8
S01010278,75 to 84,20,3,3,0,17,6,1,0,0,10
S01010278,85 and over,16,2,2,0,14,3,0,0,1,10
S01010279,All people aged 16 and over in households,537,144,98,46,393,306,14,10,39,24
S01010279,16 to 24,163,12,4,8,151,150,1,0,0,0
S01010279,25 to 34,147,54,24,30,93,86,7,0,0,0
S01010279,35 to 49,117,31,26,5,86,59,4,3,19,1
S01010279,50 to 64,71,33,30,3,38,8,1,7,17,5
S01010279,65 to 74,28,9,9,0,19,3,1,0,3,12
S01010279,75 to 84,10,5,5,0,5,0,0,0,0,5
S01010279,85 and over,1,0,0,0,1,0,0,0,0,1
S01010280,All people aged 16 and over in households,729,208,112,96,521,454,12,11,31,13
S01010280,16 to 24,228,24,3,21,204,197,0,0,5,2
S01010280,25 to 34,266,91,44,47,175,166,7,2,0,0
S01010280,35 to 49,135,55,32,23,80,63,3,5,8,1
S01010280,50 to 64,74,31,26,5,43,21,1,4,14,3
S01010280,65 to 74,15,5,5,0,10,4,1,0,3,2
S01010280,75 to 84,9,1,1,0,8,3,0,0,1,4
S01010280,85 and over,2,1,1,0,1,0,0,0,0,1
S01010281,All people aged 16 and over in households,731,258,142,116,473,405,21,15,20,12
S01010281,16 to 24,214,31,9,22,183,182,0,0,1,0
S01010281,25 to 34,291,140,71,69,151,139,10,2,0,0
S01010281,35 to 49,140,64,47,17,76,59,6,6,3,2
S01010281,50 to 64,67,20,15,5,47,19,5,6,15,2
S01010281,65 to 74,7,1,0,1,6,4,0,0,1,1
S01010281,75 to 84,11,2,0,2,9,2,0,1,0,6
S01010281,85 and over,1,0,0,0,1,0,0,0,0,1
S01010282,All people aged 16 and over in households,902,260,126,134,642,496,21,12,68,45
S01010282,16 to 24,197,27,4,23,170,170,0,0,0,0
S01010282,25 to 34,271,123,42,81,148,134,10,1,2,1
S01010282,35 to 49,216,60,39,21,156,131,8,3,13,1
S01010282,50 to 64,115,28,21,7,87,40,3,4,36,4
S01010282,65 to 74,42,7,6,1,35,9,0,3,13,10
S01010282,75 to 84,48,13,12,1,35,10,0,1,4,20
S01010282,85 and over,13,2,2,0,11,2,0,0,0,9
S01010283,All people aged 16 and over in households,496,146,74,72,350,309,8,9,16,8
S01010283,16 to 24,142,17,3,14,125,123,2,0,0,0
S01010283,25 to 34,213,81,31,50,132,129,0,1,2,0
S01010283,35 to 49,85,27,19,8,58,43,5,1,9,0
S01010283,50 to 64,40,16,16,0,24,13,1,4,3,3
S01010283,65 to 74,9,2,2,0,7,0,0,3,1,3
S01010283,75 to 84,7,3,3,0,4,1,0,0,1,2
S01010283,85 and over,0,0,0,0,0,0,0,0,0,0
S01010284,All people aged 16 and over in households,951,328,124,204,623,540,4,21,48,10
S01010284,16 to 24,252,49,2,47,203,202,0,1,0,0
S01010284,25 to 34,393,167,49,118,226,215,1,6,4,0
S01010284,35 to 49,179,83,53,30,96,76,2,6,12,0
S01010284,50 to 64,87,17,12,5,70,32,1,5,26,6
S01010284,65 to 74,25,10,7,3,15,9,0,3,3,0
S01010284,75 to 84,11,2,1,1,9,3,0,0,3,3
S01010284,85 and over,4,0,0,0,4,3,0,0,0,1
S01010285,All people aged 16 and over in households,736,206,126,80,530,450,10,12,38,20
S01010285,16 to 24,285,24,3,21,261,261,0,0,0,0
S01010285,25 to 34,172,70,41,29,102,96,2,1,2,1
S01010285,35 to 49,175,78,56,22,97,72,7,5,12,1
S01010285,50 to 64,64,24,17,7,40,12,0,5,17,6
S01010285,65 to 74,23,7,6,1,16,5,1,1,5,4
S01010285,75 to 84,12,3,3,0,9,3,0,0,2,4
S01010285,85 and over,5,0,0,0,5,1,0,0,0,4
S01010286,All people aged 16 and over in households,670,208,114,94,462,400,15,9,27,11
S01010286,16 to 24,243,17,3,14,226,225,0,1,0,0
S01010286,25 to 34,239,102,45,57,137,131,4,0,2,0
S01010286,35 to 49,120,65,45,20,55,33,5,5,11,1
S01010286,50 to 64,53,19,16,3,34,10,6,3,13,2
S01010286,65 to 74,8,2,2,0,6,1,0,0,1,4
S01010286,75 to 84,6,2,2,0,4,0,0,0,0,4
S01010286,85 and over,1,1,1,0,0,0,0,0,0,0
S01010287,All people aged 16 and over in households,826,234,106,128,592,536,16,6,23,11
S01010287,16 to 24,388,22,1,21,366,365,1,0,0,0
S01010287,25 to 34,223,88,32,56,135,131,2,1,1,0
S01010287,35 to 49,124,81,39,42,43,27,6,2,7,1
S01010287,50 to 64,49,29,23,6,20,4,5,1,8,2
S01010287,65 to 74,25,8,6,2,17,5,2,1,5,4
S01010287,75 to 84,14,4,3,1,10,4,0,1,2,3
S01010287,85 and over,3,2,2,0,1,0,0,0,0,1
S01010288,All people aged 16 and over in households,752,250,130,120,502,453,3,14,20,12
S01010288,16 to 24,314,22,0,22,292,291,0,0,0,1
S01010288,25 to 34,210,93,37,56,117,112,1,1,3,0
S01010288,35 to 49,133,86,52,34,47,36,0,4,7,0
S01010288,50 to 64,70,36,29,7,34,11,2,7,9,5
S01010288,65 to 74,16,10,9,1,6,2,0,2,1,1
S01010288,75 to 84,9,3,3,0,6,1,0,0,0,5
S01010288,85 and over,0,0,0,0,0,0,0,0,0,0
S01010289,All people aged 16 and over in households,635,350,234,116,285,226,15,11,27,6
S01010289,16 to 24,81,13,0,13,68,68,0,0,0,0
S01010289,25 to 34,186,101,50,51,85,81,3,0,1,0
S01010289,35 to 49,235,150,109,41,85,58,7,7,13,0
S01010289,50 to 64,114,74,63,11,40,18,5,4,11,2
S01010289,65 to 74,17,11,11,0,6,1,0,0,1,4
S01010289,75 to 84,1,1,1,0,0,0,0,0,0,0
S01010289,85 and over,1,0,0,0,1,0,0,0,1,0
S01010290,All people aged 16 and over in households,493,152,96,56,341,281,16,7,23,14
S01010290,16 to 24,173,15,2,13,158,153,5,0,0,0
S01010290,25 to 34,140,51,29,22,89,83,5,0,1,0
S01010290,35 to 49,104,56,40,16,48,31,3,5,6,3
S01010290,50 to 64,57,23,20,3,34,13,3,1,15,2
S01010290,65 to 74,11,5,4,1,6,1,0,1,0,4
S01010290,75 to 84,7,2,1,1,5,0,0,0,0,5
S01010290,85 and over,1,0,0,0,1,0,0,0,1,0
S01010291,All people aged 16 and over in households,925,210,126,84,715,597,23,13,43,39
S01010291,16 to 24,405,24,5,19,381,377,4,0,0,0
S01010291,25 to 34,220,71,27,44,149,135,9,3,2,0
S01010291,35 to 49,148,70,51,19,78,60,4,3,11,0
S01010291,50 to 64,74,26,25,1,48,15,3,3,19,8
S01010291,65 to 74,57,16,15,1,41,9,2,3,10,17
S01010291,75 to 84,18,3,3,0,15,0,1,1,1,12
S01010291,85 and over,3,0,0,0,3,1,0,0,0,2
S01010292,All people aged 16 and over in households,844,212,144,68,632,562,24,12,20,14
S01010292,16 to 24,351,14,2,12,337,334,2,1,0,0
S01010292,25 to 34,242,79,44,35,163,145,15,1,2,0
S01010292,35 to 49,139,68,54,14,71,53,5,7,6,0
S01010292,50 to 64,72,35,30,5,37,22,1,1,9,4
S01010292,65 to 74,27,9,9,0,18,6,1,2,3,6
S01010292,75 to 84,8,5,5,0,3,2,0,0,0,1
S01010292,85 and over,5,2,0,2,3,0,0,0,0,3
S01010293,All people aged 16 and over in households,756,178,106,72,578,510,11,10,23,24
S01010293,16 to 24,350,19,3,16,331,330,1,0,0,0
S01010293,25 to 34,210,75,26,49,135,131,3,0,1,0
S01010293,35 to 49,92,46,40,6,46,33,2,4,5,2
S01010293,50 to 64,49,25,24,1,24,10,1,2,8,3
S01010293,65 to 74,22,6,6,0,16,5,3,2,3,3
S01010293,75 to 84,28,4,4,0,24,1,1,2,6,14
S01010293,85 and over,5,3,3,0,2,0,0,0,0,2
S01010294,All people aged 16 and over in households,643,126,78,48,517,461,19,6,13,18
S01010294,16 to 24,347,12,1,11,335,332,2,0,0,1
S01010294,25 to 34,148,41,18,23,107,99,3,2,3,0
S01010294,35 to 49,76,46,33,13,30,15,10,2,3,0
S01010294,50 to 64,43,18,17,1,25,10,2,1,6,6
S01010294,65 to 74,17,8,8,0,9,3,2,1,1,2
S01010294,75 to 84,8,1,1,0,7,1,0,0,0,6
S01010294,85 and over,4,0,0,0,4,1,0,0,0,3
S01010295,All people aged 16 and over in households,892,226,114,112,666,600,23,8,18,17
S01010295,16 to 24,430,29,0,29,401,400,1,0,0,0
S01010295,25 to 34,251,87,30,57,164,150,11,0,3,0
S01010295,35 to 49,115,63,40,23,52,32,7,6,5,2
S01010295,50 to 64,57,27,25,2,30,14,2,1,9,4
S01010295,65 to 74,17,11,10,1,6,2,1,1,1,1
S01010295,75 to 84,20,8,8,0,12,1,1,0,0,10
S01010295,85 and over,2,1,1,0,1,1,0,0,0,0
S01010296,All people aged 16 and over in households,575,158,106,52,417,350,15,10,24,18
S01010296,16 to 24,217,8,1,7,209,209,0,0,0,0
S01010296,25 to 34,145,50,25,25,95,87,5,1,2,0
S01010296,35 to 49,103,48,33,15,55,34,3,6,12,0
S01010296,50 to 64,74,40,35,5,34,14,6,2,7,5
S01010296,65 to 74,21,8,8,0,13,3,1,1,3,5
S01010296,75 to 84,11,4,4,0,7,3,0,0,0,4
S01010296,85 and over,4,0,0,0,4,0,0,0,0,4
S01010297,All people aged 16 and over in households,989,302,184,118,687,481,17,37,63,89
S01010297,16 to 24,181,31,3,28,150,140,0,0,1,9
S01010297,25 to 34,238,78,22,56,160,147,5,3,4,1
S01010297,35 to 49,201,61,45,16,140,115,4,8,10,3
S01010297,50 to 64,175,68,57,11,107,49,3,16,29,10
S01010297,65 to 74,99,34,29,5,65,18,3,8,15,21
S01010297,75 to 84,68,25,23,2,43,5,0,1,4,33
S01010297,85 and over,27,5,5,0,22,7,2,1,0,12
S01010298,All people aged 16 and over in households,783,238,142,96,545,358,15,31,68,73
S01010298,16 to 24,183,19,2,17,164,161,2,0,0,1
S01010298,25 to 34,167,76,34,42,91,86,1,4,0,0
S01010298,35 to 49,135,61,35,26,74,52,2,6,14,0
S01010298,50 to 64,104,40,30,10,64,23,2,7,25,7
S01010298,65 to 74,84,22,21,1,62,15,3,10,20,14
S01010298,75 to 84,77,16,16,0,61,18,2,3,7,31
S01010298,85 and over,33,4,4,0,29,3,3,1,2,20
S01010299,All people aged 16 and over in households,456,136,110,26,320,191,13,11,46,59
S01010299,16 to 24,79,7,3,4,72,72,0,0,0,0
S01010299,25 to 34,74,26,16,10,48,43,4,0,1,0
S01010299,35 to 49,100,39,31,8,61,35,7,6,10,3
S01010299,50 to 64,101,41,39,2,60,27,1,1,23,8
S01010299,65 to 74,50,13,11,2,37,8,0,1,9,19
S01010299,75 to 84,36,8,8,0,28,5,1,3,3,16
S01010299,85 and over,16,2,2,0,14,1,0,0,0,13
S01010300,All people aged 16 and over in households,792,214,144,70,578,440,13,22,56,47
S01010300,16 to 24,234,25,4,21,209,207,1,0,1,0
S01010300,25 to 34,211,71,36,35,140,125,9,1,5,0
S01010300,35 to 49,144,47,43,4,97,66,2,11,18,0
S01010300,50 to 64,100,47,39,8,53,19,1,9,17,7
S01010300,65 to 74,51,15,14,1,36,14,0,1,10,11
S01010300,75 to 84,41,7,6,1,34,8,0,0,5,21
S01010300,85 and over,11,2,2,0,9,1,0,0,0,8
S01010301,All people aged 16 and over in households,460,154,92,62,306,263,13,8,17,5
S01010301,16 to 24,170,28,9,19,142,142,0,0,0,0
S01010301,25 to 34,150,62,30,32,88,80,6,0,2,0
S01010301,35 to 49,87,38,29,9,49,31,6,7,5,0
S01010301,50 to 64,29,11,9,2,18,10,1,1,6,0
S01010301,65 to 74,15,9,9,0,6,0,0,0,4,2
S01010301,75 to 84,5,3,3,0,2,0,0,0,0,2
S01010301,85 and over,4,3,3,0,1,0,0,0,0,1
S01010302,All people aged 16 and over in households,546,148,100,48,398,270,9,24,49,46
S01010302,16 to 24,75,6,1,5,69,69,0,0,0,0
S01010302,25 to 34,119,34,15,19,85,77,4,0,2,2
S01010302,35 to 49,146,38,26,12,108,79,3,11,15,0
S01010302,50 to 64,82,25,18,7,57,26,0,9,14,8
S01010302,65 to 74,62,24,20,4,38,9,1,3,15,10
S01010302,75 to 84,51,19,19,0,32,8,1,1,3,19
S01010302,85 and over,11,2,1,1,9,2,0,0,0,7
S01010303,All people aged 16 and over in households,398,156,120,36,242,158,10,21,33,20
S01010303,16 to 24,67,2,1,1,65,61,4,0,0,0
S01010303,25 to 34,107,48,32,16,59,48,2,5,3,1
S01010303,35 to 49,136,74,60,14,62,33,3,10,13,3
S01010303,50 to 64,60,25,22,3,35,12,1,3,16,3
S01010303,65 to 74,17,5,3,2,12,2,0,3,1,6
S01010303,75 to 84,10,2,2,0,8,2,0,0,0,6
S01010303,85 and over,1,0,0,0,1,0,0,0,0,1
S01010304,All people aged 16 and over in households,481,120,74,46,361,271,9,15,40,26
S01010304,16 to 24,109,13,2,11,96,96,0,0,0,0
S01010304,25 to 34,138,57,34,23,81,73,5,1,2,0
S01010304,35 to 49,105,19,14,5,86,66,4,8,8,0
S01010304,50 to 64,72,19,17,2,53,23,0,4,25,1
S01010304,65 to 74,32,6,2,4,26,11,0,2,4,9
S01010304,75 to 84,16,4,3,1,12,2,0,0,1,9
S01010304,85 and over,9,2,2,0,7,0,0,0,0,7
S01010305,All people aged 16 and over in households,756,258,146,112,498,348,12,14,55,69
S01010305,16 to 24,147,38,2,36,109,107,2,0,0,0
S01010305,25 to 34,165,62,14,48,103,100,1,1,1,0
S01010305,35 to 49,168,63,42,21,105,87,3,6,8,1
S01010305,50 to 64,127,49,44,5,78,31,3,5,33,6
S01010305,65 to 74,77,31,29,2,46,12,1,2,9,22
S01010305,75 to 84,55,15,15,0,40,7,2,0,4,27
S01010305,85 and over,17,0,0,0,17,4,0,0,0,13
S01010306,All people aged 16 and over in households,692,234,88,146,458,381,8,15,39,15
S01010306,16 to 24,189,48,2,46,141,141,0,0,0,0
S01010306,25 to 34,239,103,32,71,136,128,3,3,2,0
S01010306,35 to 49,156,51,28,23,105,78,4,10,13,0
S01010306,50 to 64,75,19,14,5,56,29,1,2,16,8
S01010306,65 to 74,16,9,8,1,7,2,0,0,3,2
S01010306,75 to 84,13,2,2,0,11,2,0,0,5,4
S01010306,85 and over,4,2,2,0,2,1,0,0,0,1
S01010307,All people aged 16 and over in households,754,304,150,154,450,386,9,13,24,18
S01010307,16 to 24,204,22,3,19,182,182,0,0,0,0
S01010307,25 to 34,240,119,37,82,121,119,2,0,0,0
S01010307,35 to 49,160,92,49,43,68,52,6,4,6,0
S01010307,50 to 64,94,46,37,9,48,29,0,4,11,4
S01010307,65 to 74,34,14,13,1,20,3,1,3,7,6
S01010307,75 to 84,15,8,8,0,7,1,0,2,0,4
S01010307,85 and over,7,3,3,0,4,0,0,0,0,4
S01010308,All people aged 16 and over in households,860,294,148,146,566,484,8,16,39,19
S01010308,16 to 24,237,29,3,26,208,208,0,0,0,0
S01010308,25 to 34,295,101,31,70,194,184,2,7,1,0
S01010308,35 to 49,171,99,58,41,72,64,0,5,2,1
S01010308,50 to 64,103,51,42,9,52,21,4,3,19,5
S01010308,65 to 74,36,10,10,0,26,4,1,1,13,7
S01010308,75 to 84,16,4,4,0,12,1,1,0,4,6
S01010308,85 and over,2,0,0,0,2,2,0,0,0,0
S01010309,All people aged 16 and over in households,388,140,104,36,248,149,8,10,40,41
S01010309,16 to 24,42,10,6,4,32,31,1,0,0,0
S01010309,25 to 34,53,22,14,8,31,28,3,0,0,0
S01010309,35 to 49,96,33,21,12,63,50,1,5,7,0
S01010309,50 to 64,113,51,42,9,62,28,2,4,20,8
S01010309,65 to 74,52,17,15,2,35,9,1,1,9,15
S01010309,75 to 84,30,7,6,1,23,3,0,0,4,16
S01010309,85 and over,2,0,0,0,2,0,0,0,0,2
S01010310,All people aged 16 and over in households,556,176,132,44,380,277,20,24,36,23
S01010310,16 to 24,96,16,5,11,80,77,0,1,0,2
S01010310,25 to 34,144,47,36,11,97,84,9,3,1,0
S01010310,35 to 49,184,68,49,19,116,86,8,11,7,4
S01010310,50 to 64,97,42,40,2,55,17,3,8,22,5
S01010310,65 to 74,19,3,2,1,16,6,0,1,3,6
S01010310,75 to 84,14,0,0,0,14,7,0,0,2,5
S01010310,85 and over,2,0,0,0,2,0,0,0,1,1
S01010311,All people aged 16 and over in households,575,180,132,48,395,261,12,26,47,49
S01010311,16 to 24,89,2,0,2,87,85,0,0,2,0
S01010311,25 to 34,105,24,10,14,81,76,3,2,0,0
S01010311,35 to 49,159,59,33,26,100,70,8,12,7,3
S01010311,50 to 64,129,63,59,4,66,20,0,6,27,13
S01010311,65 to 74,67,29,27,2,38,6,1,4,10,17
S01010311,75 to 84,22,3,3,0,19,3,0,1,1,14
S01010311,85 and over,4,0,0,0,4,1,0,1,0,2
S01010312,All people aged 16 and over in households,665,180,122,58,485,318,8,40,79,40
S01010312,16 to 24,143,5,2,3,138,136,2,0,0,0
S01010312,25 to 34,80,18,6,12,62,58,0,4,0,0
S01010312,35 to 49,200,74,44,30,126,88,1,15,21,1
S01010312,50 to 64,153,50,40,10,103,30,3,18,44,8
S01010312,65 to 74,64,27,24,3,37,4,0,2,13,18
S01010312,75 to 84,22,6,6,0,16,1,2,1,1,11
S01010312,85 and over,3,0,0,0,3,1,0,0,0,2
S01010313,All people aged 16 and over in households,530,162,108,54,368,264,5,21,47,31
S01010313,16 to 24,94,11,0,11,83,83,0,0,0,0
S01010313,25 to 34,94,30,11,19,64,62,0,2,0,0
S01010313,35 to 49,156,51,33,18,105,83,4,6,12,0
S01010313,50 to 64,100,40,35,5,60,21,1,7,25,6
S01010313,65 to 74,67,25,24,1,42,12,0,6,8,16
S01010313,75 to 84,19,5,5,0,14,3,0,0,2,9
S01010313,85 and over,0,0,0,0,0,0,0,0,0,0
S01010314,All people aged 16 and over in households,822,243,162,81,579,414,0,33,84,48
S01010314,16 to 24,190,7,0,7,183,183,0,0,0,0
S01010314,25 to 34,156,49,16,33,107,101,0,1,5,0
S01010314,35 to 49,173,67,46,21,106,78,0,10,17,1
S01010314,50 to 64,178,76,61,15,102,35,0,16,38,13
S01010314,65 to 74,78,29,26,3,49,8,0,6,17,18
S01010314,75 to 84,43,14,12,2,29,7,0,0,7,15
S01010314,85 and over,4,1,1,0,3,2,0,0,0,1
S01010315,All people aged 16 and over in households,703,292,190,102,411,291,8,36,42,34
S01010315,16 to 24,155,21,1,20,134,132,1,1,0,0
S01010315,25 to 34,168,85,45,40,83,73,2,4,4,0
S01010315,35 to 49,191,105,77,28,86,61,2,13,9,1
S01010315,50 to 64,122,64,51,13,58,18,1,14,22,3
S01010315,65 to 74,42,13,12,1,29,4,1,3,5,16
S01010315,75 to 84,22,4,4,0,18,3,0,1,1,13
S01010315,85 and over,3,0,0,0,3,0,1,0,1,1
S01010316,All people aged 16 and over in households,422,96,44,52,326,255,2,17,45,7
S01010316,16 to 24,94,13,1,12,81,81,0,0,0,0
S01010316,25 to 34,117,30,11,19,87,81,1,1,4,0
S01010316,35 to 49,116,28,14,14,88,62,1,8,16,1
S01010316,50 to 64,68,18,15,3,50,26,0,5,18,1
S01010316,65 to 74,19,3,3,0,16,4,0,3,7,2
S01010316,75 to 84,7,4,0,4,3,1,0,0,0,2
S01010316,85 and over,1,0,0,0,1,0,0,0,0,1
S01010317,All people aged 16 and over in households,690,266,118,148,424,355,5,10,25,29
S01010317,16 to 24,209,38,2,36,171,171,0,0,0,0
S01010317,25 to 34,232,118,29,89,114,111,2,0,1,0
S01010317,35 to 49,128,66,50,16,62,54,0,4,4,0
S01010317,50 to 64,58,22,17,5,36,15,1,2,13,5
S01010317,65 to 74,33,13,11,2,20,3,1,3,5,8
S01010317,75 to 84,19,9,9,0,10,1,1,1,2,5
S01010317,85 and over,11,0,0,0,11,0,0,0,0,11
S01010318,All people aged 16 and over in households,434,120,50,70,314,223,2,20,51,18
S01010318,16 to 24,96,14,2,12,82,81,1,0,0,0
S01010318,25 to 34,117,48,14,34,69,64,0,2,3,0
S01010318,35 to 49,120,28,12,16,92,56,1,8,27,0
S01010318,50 to 64,60,17,10,7,43,19,0,7,12,5
S01010318,65 to 74,25,11,10,1,14,1,0,2,6,5
S01010318,75 to 84,11,2,2,0,9,0,0,1,3,5
S01010318,85 and over,5,0,0,0,5,2,0,0,0,3
S01010319,All people aged 16 and over in households,647,242,136,106,405,294,15,25,36,35
S01010319,16 to 24,126,23,3,20,103,103,0,0,0,0
S01010319,25 to 34,211,91,47,44,120,113,2,3,2,0
S01010319,35 to 49,149,61,34,27,88,57,7,10,13,1
S01010319,50 to 64,106,54,41,13,52,18,5,11,12,6
S01010319,65 to 74,32,11,9,2,21,3,0,0,7,11
S01010319,75 to 84,17,2,2,0,15,0,1,1,2,11
S01010319,85 and over,6,0,0,0,6,0,0,0,0,6
S01010320,All people aged 16 and over in households,622,170,58,112,452,330,16,32,40,34
S01010320,16 to 24,131,19,1,18,112,108,0,4,0,0
S01010320,25 to 34,216,88,15,73,128,111,10,5,2,0
S01010320,35 to 49,116,26,14,12,90,75,4,4,7,0
S01010320,50 to 64,91,21,17,4,70,27,2,11,23,7
S01010320,65 to 74,38,11,9,2,27,6,0,8,6,7
S01010320,75 to 84,24,4,2,2,20,1,0,0,2,17
S01010320,85 and over,6,1,0,1,5,2,0,0,0,3
S01010321,All people aged 16 and over in households,642,192,80,112,450,333,3,27,49,38
S01010321,16 to 24,124,18,0,18,106,106,0,0,0,0
S01010321,25 to 34,210,84,24,60,126,120,1,2,3,0
S01010321,35 to 49,133,40,17,23,93,71,2,9,11,0
S01010321,50 to 64,121,33,22,11,88,32,0,12,30,14
S01010321,65 to 74,24,10,10,0,14,3,0,2,3,6
S01010321,75 to 84,23,7,7,0,16,1,0,1,1,13
S01010321,85 and over,7,0,0,0,7,0,0,1,1,5
S01010322,All people aged 16 and over in households,952,428,232,196,524,427,8,22,37,30
S01010322,16 to 24,194,38,1,37,156,156,0,0,0,0
S01010322,25 to 34,308,147,55,92,161,156,4,1,0,0
S01010322,35 to 49,219,121,63,58,98,71,1,13,13,0
S01010322,50 to 64,129,76,68,8,53,32,1,4,11,5
S01010322,65 to 74,64,33,32,1,31,7,2,3,10,9
S01010322,75 to 84,31,13,13,0,18,3,0,1,3,11
S01010322,85 and over,7,0,0,0,7,2,0,0,0,5
S01010323,All people aged 16 and over in households,512,100,64,36,412,259,7,30,60,56
S01010323,16 to 24,78,6,1,5,72,72,0,0,0,0
S01010323,25 to 34,98,22,7,15,76,69,2,5,0,0
S01010323,35 to 49,122,24,15,9,98,78,2,12,6,0
S01010323,50 to 64,98,33,27,6,65,18,0,6,29,12
S01010323,65 to 74,70,13,12,1,57,9,1,4,24,19
S01010323,75 to 84,33,2,2,0,31,7,1,3,1,19
S01010323,85 and over,13,0,0,0,13,6,1,0,0,6
S01010324,All people aged 16 and over in households,663,244,194,50,419,235,6,33,52,93
S01010324,16 to 24,67,4,1,3,63,60,0,1,0,2
S01010324,25 to 34,80,19,4,15,61,58,1,2,0,0
S01010324,35 to 49,133,56,39,17,77,48,0,13,14,2
S01010324,50 to 64,151,69,58,11,82,38,3,14,17,10
S01010324,65 to 74,135,67,63,4,68,17,0,2,17,32
S01010324,75 to 84,77,27,27,0,50,10,2,1,3,34
S01010324,85 and over,20,2,2,0,18,4,0,0,1,13
S01010325,All people aged 16 and over in households,824,338,264,74,486,254,7,31,62,132
S01010325,16 to 24,73,2,0,2,71,71,0,0,0,0
S01010325,25 to 34,82,34,9,25,48,48,0,0,0,0
S01010325,35 to 49,160,75,51,24,85,64,1,9,10,1
S01010325,50 to 64,198,106,92,14,92,27,5,14,30,16
S01010325,65 to 74,153,81,74,7,72,20,0,3,9,40
S01010325,75 to 84,130,35,33,2,95,23,1,5,13,53
S01010325,85 and over,28,5,5,0,23,1,0,0,0,22
S01010326,All people aged 16 and over in households,741,222,134,88,519,335,4,39,78,63
S01010326,16 to 24,128,12,3,9,116,115,0,0,0,1
S01010326,25 to 34,134,56,21,35,78,73,0,2,2,1
S01010326,35 to 49,218,74,41,33,144,104,1,12,23,4
S01010326,50 to 64,165,57,49,8,108,34,3,18,36,17
S01010326,65 to 74,61,15,12,3,46,6,0,7,14,19
S01010326,75 to 84,30,7,7,0,23,3,0,0,2,18
S01010326,85 and over,5,1,1,0,4,0,0,0,1,3
S01010327,All people aged 16 and over in households,655,300,224,76,355,250,1,37,35,32
S01010327,16 to 24,103,4,2,2,99,98,0,0,0,1
S01010327,25 to 34,164,83,62,21,81,77,0,4,0,0
S01010327,35 to 49,195,117,81,36,78,53,1,13,10,1
S01010327,50 to 64,143,82,66,16,61,15,0,18,18,10
S01010327,65 to 74,35,13,12,1,22,5,0,1,6,10
S01010327,75 to 84,12,1,1,0,11,2,0,0,1,8
S01010327,85 and over,3,0,0,0,3,0,0,1,0,2
S01010328,All people aged 16 and over in households,811,398,312,86,413,253,10,27,45,78
S01010328,16 to 24,95,12,1,11,83,82,0,0,0,1
S01010328,25 to 34,172,84,50,34,88,78,2,6,2,0
S01010328,35 to 49,178,104,77,27,74,48,3,9,11,3
S01010328,50 to 64,173,111,99,12,62,22,0,9,24,7
S01010328,65 to 74,88,50,48,2,38,11,0,2,6,19
S01010328,75 to 84,83,34,34,0,49,11,5,1,1,31
S01010328,85 and over,22,3,3,0,19,1,0,0,1,17
S01010329,All people aged 16 and over in households,495,218,160,58,277,160,3,20,39,55
S01010329,16 to 24,53,3,0,3,50,50,0,0,0,0
S01010329,25 to 34,72,34,17,17,38,31,2,5,0,0
S01010329,35 to 49,112,57,34,23,55,35,0,8,9,3
S01010329,50 to 64,128,60,50,10,68,27,0,6,21,14
S01010329,65 to 74,70,39,34,5,31,7,0,1,7,16
S01010329,75 to 84,51,22,22,0,29,8,1,0,2,18
S01010329,85 and over,9,3,3,0,6,2,0,0,0,4
S01010330,All people aged 16 and over in households,506,168,124,44,338,214,4,32,44,44
S01010330,16 to 24,71,7,1,6,64,64,0,0,0,0
S01010330,25 to 34,110,22,8,14,88,75,0,6,7,0
S01010330,35 to 49,133,50,33,17,83,56,1,13,12,1
S01010330,50 to 64,99,56,49,7,43,12,1,9,14,7
S01010330,65 to 74,61,19,19,0,42,6,0,4,9,23
S01010330,75 to 84,28,13,13,0,15,1,1,0,2,11
S01010330,85 and over,4,1,1,0,3,0,1,0,0,2
S01010331,All people aged 16 and over in households,776,248,194,54,528,298,12,32,82,104
S01010331,16 to 24,82,6,0,6,76,74,0,0,1,1
S01010331,25 to 34,101,27,12,15,74,72,1,1,0,0
S01010331,35 to 49,181,58,34,24,123,86,1,11,23,2
S01010331,50 to 64,174,77,74,3,97,36,3,14,33,11
S01010331,65 to 74,105,37,32,5,68,11,2,6,19,30
S01010331,75 to 84,101,34,33,1,67,17,4,0,6,40
S01010331,85 and over,32,9,9,0,23,2,1,0,0,20
S01010332,All people aged 16 and over in households,578,222,176,46,356,242,7,25,33,49
S01010332,16 to 24,109,3,1,2,106,103,3,0,0,0
S01010332,25 to 34,70,7,4,3,63,58,1,3,1,0
S01010332,35 to 49,160,81,55,26,79,60,2,7,10,0
S01010332,50 to 64,141,87,76,11,54,19,1,12,12,10
S01010332,65 to 74,69,36,32,4,33,1,0,3,7,22
S01010332,75 to 84,26,8,8,0,18,1,0,0,3,14
S01010332,85 and over,3,0,0,0,3,0,0,0,0,3
S01010333,All people aged 16 and over in households,793,308,206,102,485,300,5,49,44,87
S01010333,16 to 24,119,17,1,16,102,102,0,0,0,0
S01010333,25 to 34,127,53,18,35,74,66,3,4,1,0
S01010333,35 to 49,205,81,56,25,124,88,1,27,8,0
S01010333,50 to 64,164,85,70,15,79,31,1,14,25,8
S01010333,65 to 74,97,47,38,9,50,5,0,3,7,35
S01010333,75 to 84,62,21,19,2,41,5,0,1,1,34
S01010333,85 and over,19,4,4,0,15,3,0,0,2,10
S01010334,All people aged 16 and over in households,736,350,258,92,386,240,7,35,42,62
S01010334,16 to 24,99,17,1,16,82,79,1,0,0,2
S01010334,25 to 34,128,55,28,27,73,60,5,7,0,1
S01010334,35 to 49,221,125,85,40,96,65,0,15,14,2
S01010334,50 to 64,138,73,65,8,65,25,0,11,19,10
S01010334,65 to 74,88,50,49,1,38,9,0,1,8,20
S01010334,75 to 84,54,29,29,0,25,2,1,0,1,21
S01010334,85 and over,8,1,1,0,7,0,0,1,0,6
S01010335,All people aged 16 and over in households,657,262,196,66,395,239,8,27,39,82
S01010335,16 to 24,111,6,1,5,105,105,0,0,0,0
S01010335,25 to 34,81,30,12,18,51,47,0,3,1,0
S01010335,35 to 49,148,72,51,21,76,51,1,11,10,3
S01010335,50 to 64,145,86,70,16,59,23,4,6,16,10
S01010335,65 to 74,80,42,37,5,38,7,2,5,7,17
S01010335,75 to 84,68,21,20,1,47,6,0,2,5,34
S01010335,85 and over,24,5,5,0,19,0,1,0,0,18
S01010336,All people aged 16 and over in households,502,134,66,68,368,248,4,21,53,42
S01010336,16 to 24,92,20,0,20,72,71,0,0,0,1
S01010336,25 to 34,91,19,5,14,72,66,0,3,3,0
S01010336,35 to 49,164,40,16,24,124,94,3,10,16,1
S01010336,50 to 64,86,32,24,8,54,15,0,5,28,6
S01010336,65 to 74,38,15,14,1,23,1,0,2,4,16
S01010336,75 to 84,25,8,7,1,17,0,0,1,2,14
S01010336,85 and over,6,0,0,0,6,1,1,0,0,4
S01010337,All people aged 16 and over in households,529,228,180,48,301,188,1,20,40,52
S01010337,16 to 24,79,4,0,4,75,75,0,0,0,0
S01010337,25 to 34,61,27,14,13,34,32,1,1,0,0
S01010337,35 to 49,138,63,42,21,75,51,0,11,13,0
S01010337,50 to 64,137,83,74,9,54,24,0,7,15,8
S01010337,65 to 74,70,36,36,0,34,4,0,0,9,21
S01010337,75 to 84,34,11,11,0,23,2,0,1,3,17
S01010337,85 and over,10,4,3,1,6,0,0,0,0,6
S01010338,All people aged 16 and over in households,570,194,136,58,376,247,5,38,37,49
S01010338,16 to 24,91,7,0,7,84,84,0,0,0,0
S01010338,25 to 34,109,42,14,28,67,64,0,1,2,0
S01010338,35 to 49,162,51,36,15,111,74,3,23,10,1
S01010338,50 to 64,117,58,52,6,59,18,1,12,18,10
S01010338,65 to 74,58,27,25,2,31,6,1,1,5,18
S01010338,75 to 84,21,7,7,0,14,0,0,1,2,11
S01010338,85 and over,12,2,2,0,10,1,0,0,0,9
S01010339,All people aged 16 and over in households,552,246,196,50,306,185,5,24,31,61
S01010339,16 to 24,75,1,0,1,74,74,0,0,0,0
S01010339,25 to 34,70,29,13,16,41,38,0,2,1,0
S01010339,35 to 49,138,69,44,25,69,51,2,7,5,4
S01010339,50 to 64,116,68,61,7,48,14,2,10,15,7
S01010339,65 to 74,90,52,52,0,38,3,0,5,10,20
S01010339,75 to 84,53,27,26,1,26,4,1,0,0,21
S01010339,85 and over,10,0,0,0,10,1,0,0,0,9
S01010340,All people aged 16 and over in households,595,228,176,52,367,246,2,38,40,41
S01010340,16 to 24,110,4,0,4,106,104,0,0,1,1
S01010340,25 to 34,101,36,18,18,65,55,0,10,0,0
S01010340,35 to 49,161,76,55,21,85,58,0,15,11,1
S01010340,50 to 64,112,55,50,5,57,18,2,10,22,5
S01010340,65 to 74,67,33,31,2,34,8,0,3,4,19
S01010340,75 to 84,37,22,20,2,15,2,0,0,2,11
S01010340,85 and over,7,2,2,0,5,1,0,0,0,4
S01010341,All people aged 16 and over in households,468,232,186,46,236,139,8,19,27,43
S01010341,16 to 24,64,1,0,1,63,63,0,0,0,0
S01010341,25 to 34,56,20,12,8,36,29,1,2,4,0
S01010341,35 to 49,132,80,59,21,52,29,3,13,7,0
S01010341,50 to 64,126,90,81,9,36,12,1,3,12,8
S01010341,65 to 74,63,35,28,7,28,6,2,1,3,16
S01010341,75 to 84,23,6,6,0,17,0,1,0,1,15
S01010341,85 and over,4,0,0,0,4,0,0,0,0,4
S01010342,All people aged 16 and over in households,532,278,222,56,254,167,4,26,27,30
S01010342,16 to 24,77,8,3,5,69,68,1,0,0,0
S01010342,25 to 34,69,32,17,15,37,34,0,3,0,0
S01010342,35 to 49,186,121,94,27,65,46,1,13,5,0
S01010342,50 to 64,131,87,78,9,44,14,2,9,12,7
S01010342,65 to 74,43,20,20,0,23,3,0,1,7,12
S01010342,75 to 84,23,9,9,0,14,2,0,0,3,9
S01010342,85 and over,3,1,1,0,2,0,0,0,0,2
S01010343,All people aged 16 and over in households,757,452,362,90,305,221,6,19,37,22
S01010343,16 to 24,131,11,1,10,120,120,0,0,0,0
S01010343,25 to 34,124,61,22,39,63,60,0,3,0,0
S01010343,35 to 49,256,191,163,28,65,31,5,10,18,1
S01010343,50 to 64,198,159,147,12,39,9,1,5,16,8
S01010343,65 to 74,36,27,27,0,9,1,0,0,1,7
S01010343,75 to 84,10,3,2,1,7,0,0,1,2,4
S01010343,85 and over,2,0,0,0,2,0,0,0,0,2
S01010344,All people aged 16 and over in households,584,160,100,60,424,267,6,40,63,48
S01010344,16 to 24,80,9,0,9,71,71,0,0,0,0
S01010344,25 to 34,95,24,5,19,71,68,1,2,0,0
S01010344,35 to 49,173,39,18,21,134,91,1,17,24,1
S01010344,50 to 64,115,46,36,10,69,24,1,12,25,7
S01010344,65 to 74,77,29,28,1,48,8,2,8,12,18
S01010344,75 to 84,37,13,13,0,24,5,1,1,2,15
S01010344,85 and over,7,0,0,0,7,0,0,0,0,7
S01010345,All people aged 16 and over in households,350,216,182,34,134,102,3,9,9,11
S01010345,16 to 24,66,1,0,1,65,65,0,0,0,0
S01010345,25 to 34,55,32,19,13,23,21,0,1,1,0
S01010345,35 to 49,157,133,119,14,24,12,0,7,5,0
S01010345,50 to 64,51,40,34,6,11,2,2,1,3,3
S01010345,65 to 74,10,7,7,0,3,0,1,0,0,2
S01010345,75 to 84,8,3,3,0,5,0,0,0,0,5
S01010345,85 and over,3,0,0,0,3,2,0,0,0,1
S01010346,All people aged 16 and over in households,814,484,388,96,330,215,10,18,46,41
S01010346,16 to 24,105,5,0,5,100,99,0,0,0,1
S01010346,25 to 34,109,50,28,22,59,55,1,2,1,0
S01010346,35 to 49,225,158,118,40,67,37,5,9,16,0
S01010346,50 to 64,258,202,174,28,56,16,3,7,23,7
S01010346,65 to 74,73,48,47,1,25,5,0,0,4,16
S01010346,75 to 84,35,17,17,0,18,2,1,0,2,13
S01010346,85 and over,9,4,4,0,5,1,0,0,0,4
S01010347,All people aged 16 and over in households,733,270,182,88,463,302,8,38,65,50
S01010347,16 to 24,120,20,0,20,100,100,0,0,0,0
S01010347,25 to 34,143,61,23,38,82,76,2,0,4,0
S01010347,35 to 49,188,65,48,17,123,79,4,13,24,3
S01010347,50 to 64,142,67,55,12,75,31,2,14,23,5
S01010347,65 to 74,86,36,35,1,50,11,0,11,11,17
S01010347,75 to 84,44,20,20,0,24,4,0,0,2,18
S01010347,85 and over,10,1,1,0,9,1,0,0,1,7
S01010348,All people aged 16 and over in households,806,392,300,92,414,231,7,33,50,93
S01010348,16 to 24,82,15,3,12,67,67,0,0,0,0
S01010348,25 to 34,162,79,34,45,83,79,0,4,0,0
S01010348,35 to 49,142,70,46,24,72,49,1,9,12,1
S01010348,50 to 64,209,124,113,11,85,26,3,15,26,15
S01010348,65 to 74,112,64,64,0,48,6,0,5,8,29
S01010348,75 to 84,81,36,36,0,45,3,3,0,4,35
S01010348,85 and over,18,4,4,0,14,1,0,0,0,13
S01010349,All people aged 16 and over in households,745,326,250,76,419,231,2,26,63,97
S01010349,16 to 24,83,2,0,2,81,81,0,0,0,0
S01010349,25 to 34,105,39,20,19,66,60,0,4,2,0
S01010349,35 to 49,182,86,48,38,96,72,2,10,11,1
S01010349,50 to 64,193,125,114,11,68,10,0,9,31,18
S01010349,65 to 74,103,55,49,6,48,3,0,3,9,33
S01010349,75 to 84,64,19,19,0,45,3,0,0,8,34
S01010349,85 and over,15,0,0,0,15,2,0,0,2,11
S01010350,All people aged 16 and over in households,729,243,178,65,486,305,5,25,75,76
S01010350,16 to 24,107,6,0,6,101,101,0,0,0,0
S01010350,25 to 34,102,22,11,11,80,75,0,2,3,0
S01010350,35 to 49,206,89,58,31,117,78,1,11,27,0
S01010350,50 to 64,158,82,67,15,76,28,1,11,24,12
S01010350,65 to 74,95,32,31,1,63,15,1,1,17,29
S01010350,75 to 84,48,10,9,1,38,8,2,0,4,24
S01010350,85 and over,13,2,2,0,11,0,0,0,0,11
S01010351,All people aged 16 and over in households,691,276,170,106,415,287,7,38,33,50
S01010351,16 to 24,144,10,2,8,134,134,0,0,0,0
S01010351,25 to 34,133,58,14,44,75,68,2,4,0,1
S01010351,35 to 49,198,100,65,35,98,59,2,21,15,1
S01010351,50 to 64,120,72,57,15,48,14,3,12,14,5
S01010351,65 to 74,41,19,16,3,22,4,0,1,3,14
S01010351,75 to 84,41,16,16,0,25,5,0,0,1,19
S01010351,85 and over,14,1,0,1,13,3,0,0,0,10
S01010352,All people aged 16 and over in households,454,179,120,59,275,158,8,26,32,51
S01010352,16 to 24,60,10,1,9,50,50,0,0,0,0
S01010352,25 to 34,68,17,4,13,51,47,4,0,0,0
S01010352,35 to 49,105,43,23,20,62,38,2,10,12,0
S01010352,50 to 64,97,47,33,14,50,13,1,13,13,10
S01010352,65 to 74,65,39,36,3,26,9,1,3,4,9
S01010352,75 to 84,41,19,19,0,22,1,0,0,2,19
S01010352,85 and over,18,4,4,0,14,0,0,0,1,13
S01010353,All people aged 16 and over in households,764,227,138,89,537,319,19,39,95,65
S01010353,16 to 24,119,19,4,15,100,100,0,0,0,0
S01010353,25 to 34,172,75,33,42,97,88,3,3,1,2
S01010353,35 to 49,199,52,31,21,147,95,10,10,28,4
S01010353,50 to 64,143,47,37,10,96,23,3,18,41,11
S01010353,65 to 74,73,18,17,1,55,10,0,6,17,22
S01010353,75 to 84,52,15,15,0,37,3,3,2,8,21
S01010353,85 and over,6,1,1,0,5,0,0,0,0,5
S01010354,All people aged 16 and over in households,613,216,140,76,397,269,4,28,42,54
S01010354,16 to 24,99,12,4,8,87,84,0,1,0,2
S01010354,25 to 34,134,62,32,30,72,66,1,5,0,0
S01010354,35 to 49,146,52,30,22,94,73,2,7,10,2
S01010354,50 to 64,127,61,46,15,66,30,0,11,19,6
S01010354,65 to 74,56,23,22,1,33,9,0,2,9,13
S01010354,75 to 84,36,5,5,0,31,6,1,1,4,19
S01010354,85 and over,15,1,1,0,14,1,0,1,0,12
S01010355,All people aged 16 and over in households,621,204,138,66,417,269,8,38,56,46
S01010355,16 to 24,110,16,0,16,94,89,3,0,0,2
S01010355,25 to 34,128,42,17,25,86,78,2,4,2,0
S01010355,35 to 49,166,49,33,16,117,70,3,20,22,2
S01010355,50 to 64,112,51,44,7,61,21,0,11,22,7
S01010355,65 to 74,66,32,30,2,34,7,0,3,9,15
S01010355,75 to 84,32,12,12,0,20,2,0,0,1,17
S01010355,85 and over,7,2,2,0,5,2,0,0,0,3
S01010356,All people aged 16 and over in households,549,252,162,90,297,218,8,20,33,18
S01010356,16 to 24,82,9,1,8,73,73,0,0,0,0
S01010356,25 to 34,127,59,28,31,68,63,0,2,3,0
S01010356,35 to 49,199,109,81,28,90,61,5,13,11,0
S01010356,50 to 64,108,64,46,18,44,20,2,4,14,4
S01010356,65 to 74,23,8,3,5,15,1,1,1,4,8
S01010356,75 to 84,7,3,3,0,4,0,0,0,1,3
S01010356,85 and over,3,0,0,0,3,0,0,0,0,3
S01010357,All people aged 16 and over in households,503,158,112,46,345,235,8,28,47,27
S01010357,16 to 24,86,13,2,11,73,72,0,1,0,0
S01010357,25 to 34,79,29,12,17,50,47,0,2,1,0
S01010357,35 to 49,124,33,25,8,91,65,3,11,10,2
S01010357,50 to 64,120,45,39,6,75,30,5,9,26,5
S01010357,65 to 74,59,27,23,4,32,14,0,5,7,6
S01010357,75 to 84,28,11,11,0,17,4,0,0,3,10
S01010357,85 and over,7,0,0,0,7,3,0,0,0,4
S01010358,All people aged 16 and over in households,714,192,118,74,522,296,4,35,94,93
S01010358,16 to 24,92,9,0,9,83,83,0,0,0,0
S01010358,25 to 34,105,34,6,28,71,67,2,2,0,0
S01010358,35 to 49,179,59,37,22,120,85,1,18,13,3
S01010358,50 to 64,173,42,31,11,131,41,1,13,61,15
S01010358,65 to 74,72,17,15,2,55,11,0,1,16,27
S01010358,75 to 84,73,30,28,2,43,5,0,1,4,33
S01010358,85 and over,20,1,1,0,19,4,0,0,0,15
S01010359,All people aged 16 and over in households,648,158,112,46,490,277,15,26,71,101
S01010359,16 to 24,99,8,0,8,91,90,1,0,0,0
S01010359,25 to 34,117,27,14,13,90,81,4,2,2,1
S01010359,35 to 49,139,32,18,14,107,64,8,14,18,3
S01010359,50 to 64,142,59,51,8,83,28,1,9,31,14
S01010359,65 to 74,56,12,10,2,44,9,0,1,16,18
S01010359,75 to 84,70,18,17,1,52,5,0,0,3,44
S01010359,85 and over,25,2,2,0,23,0,1,0,1,21
S01010360,All people aged 16 and over in households,445,154,100,54,291,190,4,16,53,28
S01010360,16 to 24,80,15,3,12,65,65,0,0,0,0
S01010360,25 to 34,80,39,21,18,41,39,1,0,1,0
S01010360,35 to 49,141,53,32,21,88,59,3,9,15,2
S01010360,50 to 64,110,41,38,3,69,22,0,7,31,9
S01010360,65 to 74,19,5,5,0,14,3,0,0,5,6
S01010360,75 to 84,12,1,1,0,11,1,0,0,1,9
S01010360,85 and over,3,0,0,0,3,1,0,0,0,2
S01010361,All people aged 16 and over in households,518,106,60,46,412,268,8,27,70,39
S01010361,16 to 24,71,2,0,2,69,68,0,0,1,0
S01010361,25 to 34,102,20,10,10,82,76,3,2,1,0
S01010361,35 to 49,156,31,13,18,125,91,4,17,13,0
S01010361,50 to 64,105,29,17,12,76,22,0,6,40,8
S01010361,65 to 74,51,18,15,3,33,4,1,2,11,15
S01010361,75 to 84,25,6,5,1,19,5,0,0,3,11
S01010361,85 and over,8,0,0,0,8,2,0,0,1,5
S01010362,All people aged 16 and over in households,742,144,98,46,598,399,16,47,85,51
S01010362,16 to 24,116,5,2,3,111,110,1,0,0,0
S01010362,25 to 34,129,26,11,15,103,95,2,2,3,1
S01010362,35 to 49,222,38,25,13,184,130,7,26,21,0
S01010362,50 to 64,143,39,27,12,104,44,2,13,43,2
S01010362,65 to 74,62,17,16,1,45,11,3,4,11,16
S01010362,75 to 84,58,19,17,2,39,5,0,2,7,25
S01010362,85 and over,12,0,0,0,12,4,1,0,0,7
S01010363,All people aged 16 and over in households,655,298,214,84,357,250,5,18,47,37
S01010363,16 to 24,92,6,0,6,86,86,0,0,0,0
S01010363,25 to 34,143,72,37,35,71,67,2,0,2,0
S01010363,35 to 49,173,91,71,20,82,58,0,10,14,0
S01010363,50 to 64,156,91,71,20,65,25,2,6,24,8
S01010363,65 to 74,43,21,19,2,22,6,0,2,7,7
S01010363,75 to 84,34,14,13,1,20,4,1,0,0,15
S01010363,85 and over,14,3,3,0,11,4,0,0,0,7
S01010364,All people aged 16 and over in households,762,494,416,78,268,193,7,6,17,45
S01010364,16 to 24,104,1,0,1,103,103,0,0,0,0
S01010364,25 to 34,93,41,18,23,52,48,2,0,2,0
S01010364,35 to 49,201,176,137,39,25,19,0,3,3,0
S01010364,50 to 64,226,194,181,13,32,14,3,3,7,5
S01010364,65 to 74,76,56,54,2,20,3,0,0,5,12
S01010364,75 to 84,43,21,21,0,22,5,2,0,0,15
S01010364,85 and over,19,5,5,0,14,1,0,0,0,13
S01010365,All people aged 16 and over in households,832,468,368,100,364,243,8,18,45,50
S01010365,16 to 24,99,3,0,3,96,96,0,0,0,0
S01010365,25 to 34,110,45,21,24,65,59,3,1,2,0
S01010365,35 to 49,236,162,118,44,74,43,2,13,16,0
S01010365,50 to 64,253,188,161,27,65,29,2,4,22,8
S01010365,65 to 74,77,51,49,2,26,6,0,0,3,17
S01010365,75 to 84,39,15,15,0,24,6,1,0,0,17
S01010365,85 and over,18,4,4,0,14,4,0,0,2,8
S01010366,All people aged 16 and over in households,909,480,360,120,429,309,20,15,43,42
S01010366,16 to 24,150,22,1,21,128,126,2,0,0,0
S01010366,25 to 34,223,115,60,55,108,102,5,1,0,0
S01010366,35 to 49,203,123,95,28,80,50,7,6,15,2
S01010366,50 to 64,194,137,123,14,57,21,4,8,19,5
S01010366,65 to 74,80,59,57,2,21,7,1,0,7,6
S01010366,75 to 84,44,21,21,0,23,2,1,0,2,18
S01010366,85 and over,15,3,3,0,12,1,0,0,0,11
S01010367,All people aged 16 and over in households,875,481,372,109,394,254,16,19,53,52
S01010367,16 to 24,111,17,2,15,94,93,0,0,0,1
S01010367,25 to 34,171,84,40,44,87,82,3,0,2,0
S01010367,35 to 49,221,149,121,28,72,43,6,7,15,1
S01010367,50 to 64,217,148,132,16,69,25,4,12,22,6
S01010367,65 to 74,80,52,47,5,28,2,2,0,10,14
S01010367,75 to 84,60,27,26,1,33,7,1,0,4,21
S01010367,85 and over,15,4,4,0,11,2,0,0,0,9
S01010368,All people aged 16 and over in households,586,322,246,76,264,168,10,17,30,39
S01010368,16 to 24,67,4,0,4,63,63,0,0,0,0
S01010368,25 to 34,93,42,23,19,51,45,4,1,1,0
S01010368,35 to 49,148,101,73,28,47,30,1,8,6,2
S01010368,50 to 64,172,119,95,24,53,18,5,6,17,7
S01010368,65 to 74,56,38,37,1,18,6,0,0,2,10
S01010368,75 to 84,36,15,15,0,21,4,0,2,4,11
S01010368,85 and over,14,3,3,0,11,2,0,0,0,9
S01010369,All people aged 16 and over in households,672,286,170,116,386,294,3,20,54,15
S01010369,16 to 24,111,16,0,16,95,95,0,0,0,0
S01010369,25 to 34,224,117,47,70,107,103,1,0,3,0
S01010369,35 to 49,172,84,61,23,88,61,2,11,13,1
S01010369,50 to 64,117,54,49,5,63,25,0,7,27,4
S01010369,65 to 74,30,11,9,2,19,9,0,1,6,3
S01010369,75 to 84,14,4,4,0,10,1,0,1,3,5
S01010369,85 and over,4,0,0,0,4,0,0,0,2,2
S01010370,All people aged 16 and over in households,630,312,182,130,318,266,5,14,18,15
S01010370,16 to 24,137,15,2,13,122,122,0,0,0,0
S01010370,25 to 34,162,74,23,51,88,84,2,1,1,0
S01010370,35 to 49,182,122,73,49,60,41,3,7,9,0
S01010370,50 to 64,110,81,65,16,29,14,0,6,5,4
S01010370,65 to 74,27,17,16,1,10,3,0,0,2,5
S01010370,75 to 84,11,2,2,0,9,2,0,0,1,6
S01010370,85 and over,1,1,1,0,0,0,0,0,0,0
S01010371,All people aged 16 and over in households,891,376,238,138,515,439,6,11,29,30
S01010371,16 to 24,252,24,0,24,228,227,1,0,0,0
S01010371,25 to 34,228,104,41,63,124,124,0,0,0,0
S01010371,35 to 49,215,137,97,40,78,61,2,7,7,1
S01010371,50 to 64,120,72,65,7,48,23,3,4,10,8
S01010371,65 to 74,40,22,20,2,18,3,0,0,7,8
S01010371,75 to 84,25,14,12,2,11,0,0,0,4,7
S01010371,85 and over,11,3,3,0,8,1,0,0,1,6
S01010372,All people aged 16 and over in households,454,222,148,74,232,174,10,11,27,10
S01010372,16 to 24,77,14,1,13,63,63,0,0,0,0
S01010372,25 to 34,96,35,19,16,61,58,1,1,1,0
S01010372,35 to 49,135,94,64,30,41,30,6,2,3,0
S01010372,50 to 64,87,49,35,14,38,13,2,6,15,2
S01010372,65 to 74,36,21,21,0,15,4,1,2,4,4
S01010372,75 to 84,17,9,8,1,8,4,0,0,3,1
S01010372,85 and over,6,0,0,0,6,2,0,0,1,3
S01010373,All people aged 16 and over in households,687,272,166,106,415,324,8,14,41,28
S01010373,16 to 24,150,13,0,13,137,136,1,0,0,0
S01010373,25 to 34,211,93,40,53,118,109,2,4,3,0
S01010373,35 to 49,151,86,55,31,65,45,4,4,11,1
S01010373,50 to 64,96,47,39,8,49,25,1,6,15,2
S01010373,65 to 74,46,22,21,1,24,7,0,0,9,8
S01010373,75 to 84,21,9,9,0,12,0,0,0,3,9
S01010373,85 and over,12,2,2,0,10,2,0,0,0,8
S01010374,All people aged 16 and over in households,830,368,234,134,462,366,10,14,43,29
S01010374,16 to 24,219,23,2,21,196,196,0,0,0,0
S01010374,25 to 34,183,92,35,57,91,90,0,0,0,1
S01010374,35 to 49,197,129,89,40,68,45,6,3,14,0
S01010374,50 to 64,140,79,64,15,61,27,2,8,19,5
S01010374,65 to 74,53,28,27,1,25,3,2,2,6,12
S01010374,75 to 84,31,13,13,0,18,5,0,1,2,10
S01010374,85 and over,7,4,4,0,3,0,0,0,2,1
S01010375,All people aged 16 and over in households,501,84,40,44,417,380,6,5,14,12
S01010375,16 to 24,313,16,1,15,297,296,0,0,0,1
S01010375,25 to 34,81,33,13,20,48,44,1,0,2,1
S01010375,35 to 49,56,19,11,8,37,28,3,2,4,0
S01010375,50 to 64,28,11,10,1,17,6,2,3,5,1
S01010375,65 to 74,14,5,5,0,9,5,0,0,3,1
S01010375,75 to 84,3,0,0,0,3,0,0,0,0,3
S01010375,85 and over,6,0,0,0,6,1,0,0,0,5
S01010376,All people aged 16 and over in households,667,192,102,90,475,432,9,15,16,3
S01010376,16 to 24,284,22,5,17,262,262,0,0,0,0
S01010376,25 to 34,188,76,27,49,112,105,4,3,0,0
S01010376,35 to 49,112,61,43,18,51,42,3,3,3,0
S01010376,50 to 64,55,27,22,5,28,13,2,5,8,0
S01010376,65 to 74,20,4,3,1,16,6,0,4,5,1
S01010376,75 to 84,6,2,2,0,4,3,0,0,0,1
S01010376,85 and over,2,0,0,0,2,1,0,0,0,1
S01010377,All people aged 16 and over in households,779,196,114,82,583,522,14,16,22,9
S01010377,16 to 24,374,22,3,19,352,349,2,0,1,0
S01010377,25 to 34,188,69,36,33,119,105,4,8,2,0
S01010377,35 to 49,124,53,35,18,71,54,5,5,7,0
S01010377,50 to 64,61,37,26,11,24,8,3,2,8,3
S01010377,65 to 74,26,12,11,1,14,6,0,1,4,3
S01010377,75 to 84,3,2,2,0,1,0,0,0,0,1
S01010377,85 and over,3,1,1,0,2,0,0,0,0,2
S01010378,All people aged 16 and over in households,689,126,68,58,563,531,6,4,20,2
S01010378,16 to 24,433,19,0,19,414,414,0,0,0,0
S01010378,25 to 34,121,42,15,27,79,77,1,0,1,0
S01010378,35 to 49,65,35,28,7,30,22,0,2,6,0
S01010378,50 to 64,48,19,16,3,29,14,4,2,8,1
S01010378,65 to 74,11,6,5,1,5,3,0,0,2,0
S01010378,75 to 84,7,3,2,1,4,1,0,0,3,0
S01010378,85 and over,4,2,2,0,2,0,1,0,0,1
S01010379,All people aged 16 and over in households,946,222,126,96,724,638,13,15,38,20
S01010379,16 to 24,476,34,0,34,442,442,0,0,0,0
S01010379,25 to 34,183,58,31,27,125,116,2,4,2,1
S01010379,35 to 49,120,55,39,16,65,50,7,4,4,0
S01010379,50 to 64,111,56,41,15,55,22,2,6,21,4
S01010379,65 to 74,26,11,8,3,15,5,1,1,7,1
S01010379,75 to 84,20,7,6,1,13,3,1,0,4,5
S01010379,85 and over,10,1,1,0,9,0,0,0,0,9
S01010380,All people aged 16 and over in households,883,360,210,150,523,440,3,16,38,26
S01010380,16 to 24,226,32,4,28,194,194,0,0,0,0
S01010380,25 to 34,234,116,36,80,118,117,0,1,0,0
S01010380,35 to 49,176,96,66,30,80,70,2,2,6,0
S01010380,50 to 64,152,78,66,12,74,39,1,12,18,4
S01010380,65 to 74,58,23,23,0,35,16,0,1,11,7
S01010380,75 to 84,26,13,13,0,13,1,0,0,2,10
S01010380,85 and over,11,2,2,0,9,3,0,0,1,5
S01010381,All people aged 16 and over in households,569,172,54,118,397,340,7,12,29,9
S01010381,16 to 24,216,46,6,40,170,168,2,0,0,0
S01010381,25 to 34,210,88,25,63,122,116,3,1,2,0
S01010381,35 to 49,86,23,14,9,63,44,1,6,11,1
S01010381,50 to 64,42,11,6,5,31,11,1,5,14,0
S01010381,65 to 74,7,3,2,1,4,1,0,0,2,1
S01010381,75 to 84,8,1,1,0,7,0,0,0,0,7
S01010381,85 and over,0,0,0,0,0,0,0,0,0,0
S01010382,All people aged 16 and over in households,793,274,134,140,519,456,5,17,19,22
S01010382,16 to 24,216,21,3,18,195,194,0,1,0,0
S01010382,25 to 34,274,135,49,86,139,134,3,0,1,1
S01010382,35 to 49,146,60,38,22,86,81,1,3,0,1
S01010382,50 to 64,93,34,20,14,59,34,0,9,13,3
S01010382,65 to 74,34,12,12,0,22,8,0,2,5,7
S01010382,75 to 84,27,12,12,0,15,5,1,2,0,7
S01010382,85 and over,3,0,0,0,3,0,0,0,0,3
S01010383,All people aged 16 and over in households,595,162,84,78,433,331,6,15,58,23
S01010383,16 to 24,160,15,0,15,145,143,0,0,1,1
S01010383,25 to 34,133,53,13,40,80,76,1,2,1,0
S01010383,35 to 49,136,43,27,16,93,65,3,5,19,1
S01010383,50 to 64,100,34,28,6,66,34,1,5,24,2
S01010383,65 to 74,46,14,13,1,32,9,0,3,10,10
S01010383,75 to 84,20,3,3,0,17,4,1,0,3,9
S01010383,85 and over,0,0,0,0,0,0,0,0,0,0
S01010384,All people aged 16 and over in households,767,278,128,150,489,407,9,11,37,25
S01010384,16 to 24,216,30,4,26,186,185,1,0,0,0
S01010384,25 to 34,237,104,31,73,133,131,1,0,1,0
S01010384,35 to 49,157,74,37,37,83,60,3,8,12,0
S01010384,50 to 64,95,43,32,11,52,23,3,3,19,4
S01010384,65 to 74,30,17,15,2,13,3,1,0,5,4
S01010384,75 to 84,26,10,9,1,16,5,0,0,0,11
S01010384,85 and over,6,0,0,0,6,0,0,0,0,6
S01010385,All people aged 16 and over in households,783,286,118,168,497,390,4,16,52,35
S01010385,16 to 24,196,35,3,32,161,160,0,1,0,0
S01010385,25 to 34,248,117,27,90,131,127,1,2,1,0
S01010385,35 to 49,157,64,30,34,93,71,0,5,14,3
S01010385,50 to 64,95,40,30,10,55,21,1,6,21,6
S01010385,65 to 74,53,26,24,2,27,4,1,2,9,11
S01010385,75 to 84,24,4,4,0,20,3,1,0,6,10
S01010385,85 and over,10,0,0,0,10,4,0,0,1,5
S01010386,All people aged 16 and over in households,806,236,124,112,570,421,9,17,69,54
S01010386,16 to 24,182,18,1,17,164,164,0,0,0,0
S01010386,25 to 34,203,70,19,51,133,127,1,0,4,1
S01010386,35 to 49,197,70,38,32,127,95,0,8,21,3
S01010386,50 to 64,113,43,36,7,70,27,2,8,28,5
S01010386,65 to 74,62,29,24,5,33,3,0,1,10,19
S01010386,75 to 84,35,6,6,0,29,4,3,0,5,17
S01010386,85 and over,14,0,0,0,14,1,3,0,1,9
S01010387,All people aged 16 and over in households,972,310,148,162,662,539,11,17,57,38
S01010387,16 to 24,250,28,3,25,222,221,0,0,1,0
S01010387,25 to 34,343,132,53,79,211,203,4,0,4,0
S01010387,35 to 49,169,74,37,37,95,72,2,6,13,2
S01010387,50 to 64,134,51,35,16,83,34,2,10,35,2
S01010387,65 to 74,44,19,14,5,25,5,3,1,3,13
S01010387,75 to 84,25,3,3,0,22,3,0,0,1,18
S01010387,85 and over,7,3,3,0,4,1,0,0,0,3
S01010388,All people aged 16 and over in households,923,314,186,128,609,433,8,22,86,60
S01010388,16 to 24,176,33,0,33,143,142,1,0,0,0
S01010388,25 to 34,216,74,15,59,142,132,1,1,8,0
S01010388,35 to 49,214,68,40,28,146,108,4,8,19,7
S01010388,50 to 64,172,75,70,5,97,39,2,7,41,8
S01010388,65 to 74,87,46,43,3,41,9,0,5,14,13
S01010388,75 to 84,52,17,17,0,35,3,0,1,4,27
S01010388,85 and over,6,1,1,0,5,0,0,0,0,5
S01010389,All people aged 16 and over in households,973,364,152,212,609,477,45,36,41,10
S01010389,16 to 24,263,76,7,69,187,183,0,4,0,0
S01010389,25 to 34,375,148,53,95,227,198,15,7,6,1
S01010389,35 to 49,215,81,41,40,134,72,24,17,18,3
S01010389,50 to 64,103,54,46,8,49,22,5,8,13,1
S01010389,65 to 74,11,4,4,0,7,1,1,0,3,2
S01010389,75 to 84,6,1,1,0,5,1,0,0,1,3
S01010389,85 and over,0,0,0,0,0,0,0,0,0,0
S01010390,All people aged 16 and over in households,1002,374,134,240,628,498,11,25,69,25
S01010390,16 to 24,146,43,2,41,103,103,0,0,0,0
S01010390,25 to 34,377,182,43,139,195,187,3,2,3,0
S01010390,35 to 49,289,110,59,51,179,146,2,10,21,0
S01010390,50 to 64,140,31,24,7,109,51,6,11,35,6
S01010390,65 to 74,29,7,6,1,22,6,0,2,6,8
S01010390,75 to 84,15,1,0,1,14,4,0,0,4,6
S01010390,85 and over,6,0,0,0,6,1,0,0,0,5
S01010391,All people aged 16 and over in households,737,252,106,146,485,382,8,22,52,21
S01010391,16 to 24,118,34,6,28,84,83,1,0,0,0
S01010391,25 to 34,283,125,31,94,158,154,1,3,0,0
S01010391,35 to 49,165,44,25,19,121,96,2,7,16,0
S01010391,50 to 64,104,27,23,4,77,41,1,9,23,3
S01010391,65 to 74,37,14,13,1,23,4,2,3,10,4
S01010391,75 to 84,22,7,7,0,15,4,1,0,3,7
S01010391,85 and over,8,1,1,0,7,0,0,0,0,7
S01010392,All people aged 16 and over in households,634,304,168,136,330,222,30,39,30,9
S01010392,16 to 24,113,30,6,24,83,83,0,0,0,0
S01010392,25 to 34,245,136,59,77,109,86,13,4,6,0
S01010392,35 to 49,189,88,62,26,101,45,16,26,14,0
S01010392,50 to 64,69,39,31,8,30,8,0,9,10,3
S01010392,65 to 74,14,10,9,1,4,0,1,0,0,3
S01010392,75 to 84,3,1,1,0,2,0,0,0,0,2
S01010392,85 and over,1,0,0,0,1,0,0,0,0,1
S01010393,All people aged 16 and over in households,936,368,162,206,568,441,11,16,43,57
S01010393,16 to 24,174,51,2,49,123,123,0,0,0,0
S01010393,25 to 34,322,151,35,116,171,168,1,2,0,0
S01010393,35 to 49,181,62,41,21,119,95,4,8,12,0
S01010393,50 to 64,135,68,51,17,67,33,4,5,18,7
S01010393,65 to 74,53,23,21,2,30,10,0,1,7,12
S01010393,75 to 84,47,9,9,0,38,9,2,0,6,21
S01010393,85 and over,24,4,3,1,20,3,0,0,0,17
S01010394,All people aged 16 and over in households,731,198,120,78,533,333,9,37,88,66
S01010394,16 to 24,105,10,0,10,95,95,0,0,0,0
S01010394,25 to 34,114,44,10,34,70,60,5,2,3,0
S01010394,35 to 49,210,62,37,25,148,113,2,16,16,1
S01010394,50 to 64,143,42,36,6,101,34,0,12,48,7
S01010394,65 to 74,68,20,17,3,48,11,0,6,15,16
S01010394,75 to 84,66,12,12,0,54,15,2,1,5,31
S01010394,85 and over,25,8,8,0,17,5,0,0,1,11
S01010395,All people aged 16 and over in households,917,316,186,130,601,419,9,30,88,55
S01010395,16 to 24,148,32,6,26,116,116,0,0,0,0
S01010395,25 to 34,273,117,55,62,156,145,7,1,1,2
S01010395,35 to 49,203,76,41,35,127,95,1,11,20,0
S01010395,50 to 64,147,52,45,7,95,39,0,11,38,7
S01010395,65 to 74,69,19,19,0,50,12,0,2,18,18
S01010395,75 to 84,54,16,16,0,38,6,0,4,8,20
S01010395,85 and over,23,4,4,0,19,6,1,1,3,8
S01010396,All people aged 16 and over in households,945,374,210,164,571,402,11,11,78,69
S01010396,16 to 24,189,29,1,28,160,160,0,0,0,0
S01010396,25 to 34,250,132,44,88,118,112,3,0,3,0
S01010396,35 to 49,192,76,51,25,116,80,4,1,28,3
S01010396,50 to 64,156,74,56,18,82,33,4,7,31,7
S01010396,65 to 74,76,42,39,3,34,7,0,0,10,17
S01010396,75 to 84,50,17,15,2,33,5,0,2,5,21
S01010396,85 and over,32,4,4,0,28,5,0,1,1,21
S01010397,All people aged 16 and over in households,500,192,106,86,308,243,1,12,35,17
S01010397,16 to 24,136,13,0,13,123,123,0,0,0,0
S01010397,25 to 34,113,59,27,32,54,52,0,2,0,0
S01010397,35 to 49,121,67,38,29,54,35,1,5,12,1
S01010397,50 to 64,78,36,24,12,42,27,0,4,10,1
S01010397,65 to 74,27,8,8,0,19,2,0,1,13,3
S01010397,75 to 84,11,4,4,0,7,3,0,0,0,4
S01010397,85 and over,14,5,5,0,9,1,0,0,0,8
S01010398,All people aged 16 and over in households,962,448,246,202,514,382,13,13,60,46
S01010398,16 to 24,166,23,0,23,143,142,0,0,1,0
S01010398,25 to 34,332,194,68,126,138,132,1,2,3,0
S01010398,35 to 49,201,108,72,36,93,58,11,6,18,0
S01010398,50 to 64,143,79,63,16,64,31,0,4,25,4
S01010398,65 to 74,64,29,28,1,35,9,1,1,8,16
S01010398,75 to 84,43,9,9,0,34,9,0,0,3,22
S01010398,85 and over,13,6,6,0,7,1,0,0,2,4
S01010399,All people aged 16 and over in households,979,468,238,230,511,421,7,20,38,25
S01010399,16 to 24,174,36,3,33,138,138,0,0,0,0
S01010399,25 to 34,383,221,77,144,162,156,2,1,3,0
S01010399,35 to 49,208,112,68,44,96,70,2,10,13,1
S01010399,50 to 64,131,65,56,9,66,36,2,9,13,6
S01010399,65 to 74,50,23,23,0,27,15,0,0,5,7
S01010399,75 to 84,20,10,10,0,10,3,1,0,3,3
S01010399,85 and over,13,1,1,0,12,3,0,0,1,8
S01010400,All people aged 16 and over in households,949,465,314,151,484,352,20,19,47,46
S01010400,16 to 24,160,19,2,17,141,141,0,0,0,0
S01010400,25 to 34,198,88,38,50,110,101,8,1,0,0
S01010400,35 to 49,234,149,98,51,85,53,4,12,14,2
S01010400,50 to 64,219,148,121,27,71,42,5,3,15,6
S01010400,65 to 74,80,43,39,4,37,9,2,1,15,10
S01010400,75 to 84,38,15,14,1,23,4,0,2,3,14
S01010400,85 and over,20,3,2,1,17,2,1,0,0,14
S01010401,All people aged 16 and over in households,669,254,168,86,415,289,13,15,43,55
S01010401,16 to 24,142,18,1,17,124,124,0,0,0,0
S01010401,25 to 34,147,53,20,33,94,86,4,0,4,0
S01010401,35 to 49,110,58,41,17,52,38,3,7,3,1
S01010401,50 to 64,134,76,60,16,58,26,3,5,19,5
S01010401,65 to 74,59,29,26,3,30,8,0,3,12,7
S01010401,75 to 84,56,17,17,0,39,6,2,0,4,27
S01010401,85 and over,21,3,3,0,18,1,1,0,1,15
S01010402,All people aged 16 and over in households,921,506,332,174,415,323,8,12,38,34
S01010402,16 to 24,136,15,1,14,121,121,0,0,0,0
S01010402,25 to 34,218,126,44,82,92,90,2,0,0,0
S01010402,35 to 49,254,180,126,54,74,58,2,8,4,2
S01010402,50 to 64,191,128,109,19,63,30,2,2,22,7
S01010402,65 to 74,56,31,29,2,25,7,2,1,9,6
S01010402,75 to 84,44,16,14,2,28,12,0,0,1,15
S01010402,85 and over,22,10,9,1,12,5,0,1,2,4
S01010403,All people aged 16 and over in households,884,470,346,124,414,303,11,18,37,45
S01010403,16 to 24,137,15,0,15,122,122,0,0,0,0
S01010403,25 to 34,180,105,50,55,75,70,1,2,2,0
S01010403,35 to 49,250,160,120,40,90,67,2,6,15,0
S01010403,50 to 64,190,126,113,13,64,31,4,8,12,9
S01010403,65 to 74,70,43,42,1,27,6,4,2,7,8
S01010403,75 to 84,42,19,19,0,23,5,0,0,1,17
S01010403,85 and over,15,2,2,0,13,2,0,0,0,11
S01010404,All people aged 16 and over in households,688,368,266,102,320,211,9,18,42,40
S01010404,16 to 24,78,6,1,5,72,72,0,0,0,0
S01010404,25 to 34,116,66,30,36,50,48,2,0,0,0
S01010404,35 to 49,185,119,86,33,66,41,3,12,8,2
S01010404,50 to 64,174,116,92,24,58,28,2,3,21,4
S01010404,65 to 74,66,39,36,3,27,8,2,3,9,5
S01010404,75 to 84,49,17,16,1,32,12,0,0,4,16
S01010404,85 and over,20,5,5,0,15,2,0,0,0,13
S01010405,All people aged 16 and over in households,689,378,268,110,311,239,7,10,33,22
S01010405,16 to 24,67,7,2,5,60,60,0,0,0,0
S01010405,25 to 34,143,83,36,47,60,56,1,0,2,1
S01010405,35 to 49,228,127,87,40,101,80,3,7,11,0
S01010405,50 to 64,182,132,116,16,50,29,2,2,13,4
S01010405,65 to 74,40,19,17,2,21,9,1,1,7,3
S01010405,75 to 84,24,8,8,0,16,5,0,0,0,11
S01010405,85 and over,5,2,2,0,3,0,0,0,0,3
S01010406,All people aged 16 and over in households,750,312,172,140,438,357,7,13,45,16
S01010406,16 to 24,191,19,0,19,172,172,0,0,0,0
S01010406,25 to 34,210,108,30,78,102,98,1,0,3,0
S01010406,35 to 49,179,106,73,33,73,54,5,3,11,0
S01010406,50 to 64,110,49,41,8,61,25,1,9,24,2
S01010406,65 to 74,37,23,22,1,14,5,0,1,4,4
S01010406,75 to 84,17,7,6,1,10,1,0,0,3,6
S01010406,85 and over,6,0,0,0,6,2,0,0,0,4
S01010407,All people aged 16 and over in households,844,208,118,90,636,576,10,4,25,21
S01010407,16 to 24,417,29,2,27,388,388,0,0,0,0
S01010407,25 to 34,185,59,20,39,126,120,3,1,2,0
S01010407,35 to 49,100,58,43,15,42,33,2,1,4,2
S01010407,50 to 64,91,48,39,9,43,20,4,2,11,6
S01010407,65 to 74,26,8,8,0,18,7,1,0,6,4
S01010407,75 to 84,21,6,6,0,15,7,0,0,2,6
S01010407,85 and over,4,0,0,0,4,1,0,0,0,3
S01010408,All people aged 16 and over in households,436,216,184,32,220,122,3,13,41,41
S01010408,16 to 24,42,2,1,1,40,40,0,0,0,0
S01010408,25 to 34,66,41,25,16,25,24,0,1,0,0
S01010408,35 to 49,124,84,75,9,40,21,1,6,10,2
S01010408,50 to 64,97,52,47,5,45,20,1,4,17,3
S01010408,65 to 74,40,20,19,1,20,11,1,0,8,0
S01010408,75 to 84,48,15,15,0,33,6,0,2,5,20
S01010408,85 and over,19,2,2,0,17,0,0,0,1,16
S01010409,All people aged 16 and over in households,541,352,326,26,189,122,7,14,16,30
S01010409,16 to 24,79,0,0,0,79,78,1,0,0,0
S01010409,25 to 34,40,16,16,0,24,20,1,2,1,0
S01010409,35 to 49,171,145,133,12,26,10,1,7,7,1
S01010409,50 to 64,144,124,111,13,20,7,2,1,7,3
S01010409,65 to 74,57,42,41,1,15,5,2,1,0,7
S01010409,75 to 84,39,19,19,0,20,1,0,2,1,16
S01010409,85 and over,11,6,6,0,5,1,0,1,0,3
S01010410,All people aged 16 and over in households,470,284,254,30,186,128,3,10,21,24
S01010410,16 to 24,64,0,0,0,64,64,0,0,0,0
S01010410,25 to 34,52,32,26,6,20,19,0,1,0,0
S01010410,35 to 49,149,113,100,13,36,24,1,2,8,1
S01010410,50 to 64,125,91,81,10,34,15,1,7,9,2
S01010410,65 to 74,34,18,17,1,16,2,0,0,4,10
S01010410,75 to 84,34,22,22,0,12,1,1,0,0,10
S01010410,85 and over,12,8,8,0,4,3,0,0,0,1
S01010411,All people aged 16 and over in households,798,550,522,28,248,165,12,12,22,37
S01010411,16 to 24,120,2,0,2,118,116,2,0,0,0
S01010411,25 to 34,55,28,21,7,27,24,1,1,1,0
S01010411,35 to 49,255,231,220,11,24,7,3,6,7,1
S01010411,50 to 64,237,206,199,7,31,11,3,5,10,2
S01010411,65 to 74,71,57,57,0,14,3,1,0,3,7
S01010411,75 to 84,46,24,23,1,22,4,2,0,1,15
S01010411,85 and over,14,2,2,0,12,0,0,0,0,12
S01010412,All people aged 16 and over in households,676,316,204,112,360,247,25,28,33,27
S01010412,16 to 24,87,13,0,13,74,73,1,0,0,0
S01010412,25 to 34,196,100,45,55,96,85,9,1,1,0
S01010412,35 to 49,192,95,65,30,97,52,9,22,14,0
S01010412,50 to 64,124,65,56,9,59,28,5,5,16,5
S01010412,65 to 74,39,23,21,2,16,4,1,0,2,9
S01010412,75 to 84,30,20,17,3,10,5,0,0,0,5
S01010412,85 and over,8,0,0,0,8,0,0,0,0,8
S01010413,All people aged 16 and over in households,612,362,332,30,250,144,10,12,25,59
S01010413,16 to 24,63,4,1,3,59,59,0,0,0,0
S01010413,25 to 34,70,45,34,11,25,24,1,0,0,0
S01010413,35 to 49,124,87,79,8,37,22,2,5,7,1
S01010413,50 to 64,150,100,96,4,50,19,3,5,16,7
S01010413,65 to 74,96,73,72,1,23,10,3,2,2,6
S01010413,75 to 84,73,40,38,2,33,6,0,0,0,27
S01010413,85 and over,36,13,12,1,23,4,1,0,0,18
S01010414,All people aged 16 and over in households,872,480,396,84,392,241,13,15,49,74
S01010414,16 to 24,100,6,0,6,94,93,1,0,0,0
S01010414,25 to 34,127,73,41,32,54,49,4,0,1,0
S01010414,35 to 49,225,164,133,31,61,43,2,6,8,2
S01010414,50 to 64,217,150,135,15,67,32,2,3,22,8
S01010414,65 to 74,102,54,54,0,48,12,2,4,14,16
S01010414,75 to 84,70,27,27,0,43,8,0,2,4,29
S01010414,85 and over,31,6,6,0,25,4,2,0,0,19
S01010415,All people aged 16 and over in households,873,378,268,110,495,291,10,34,73,87
S01010415,16 to 24,127,16,0,16,111,109,1,0,1,0
S01010415,25 to 34,102,55,17,38,47,44,1,2,0,0
S01010415,35 to 49,239,124,84,40,115,79,4,14,18,0
S01010415,50 to 64,189,97,85,12,92,37,1,12,32,10
S01010415,65 to 74,106,52,50,2,54,8,2,6,16,22
S01010415,75 to 84,83,33,31,2,50,9,0,0,4,37
S01010415,85 and over,27,1,1,0,26,5,1,0,2,18
S01010416,All people aged 16 and over in households,586,364,308,56,222,147,3,10,26,36
S01010416,16 to 24,67,10,8,2,57,57,0,0,0,0
S01010416,25 to 34,93,49,35,14,44,38,2,2,2,0
S01010416,35 to 49,154,113,83,30,41,26,0,8,7,0
S01010416,50 to 64,142,107,99,8,35,16,1,0,15,3
S01010416,65 to 74,67,56,56,0,11,4,0,0,1,6
S01010416,75 to 84,50,28,26,2,22,2,0,0,1,19
S01010416,85 and over,13,1,1,0,12,4,0,0,0,8
S01010417,All people aged 16 and over in households,488,264,196,68,224,152,9,7,19,37
S01010417,16 to 24,52,7,2,5,45,45,0,0,0,0
S01010417,25 to 34,93,46,16,30,47,45,1,1,0,0
S01010417,35 to 49,144,102,79,23,42,30,2,4,6,0
S01010417,50 to 64,106,77,67,10,29,16,1,2,7,3
S01010417,65 to 74,33,23,23,0,10,3,0,0,5,2
S01010417,75 to 84,35,6,6,0,29,6,1,0,0,22
S01010417,85 and over,25,3,3,0,22,7,4,0,1,10
S01010418,All people aged 16 and over in households,921,498,306,192,423,323,9,15,44,32
S01010418,16 to 24,129,33,1,32,96,95,1,0,0,0
S01010418,25 to 34,220,133,49,84,87,83,1,1,1,1
S01010418,35 to 49,287,178,125,53,109,81,4,9,14,1
S01010418,50 to 64,195,117,97,20,78,44,2,5,20,7
S01010418,65 to 74,47,24,21,3,23,8,0,0,9,6
S01010418,75 to 84,28,11,11,0,17,6,1,0,0,10
S01010418,85 and over,15,2,2,0,13,6,0,0,0,7
S01010419,All people aged 16 and over in households,836,460,346,114,376,266,5,17,41,47
S01010419,16 to 24,90,3,0,3,87,86,0,0,1,0
S01010419,25 to 34,165,106,43,63,59,56,0,1,2,0
S01010419,35 to 49,237,162,134,28,75,58,1,9,7,0
S01010419,50 to 64,206,129,111,18,77,41,2,5,24,5
S01010419,65 to 74,74,44,42,2,30,17,2,2,3,6
S01010419,75 to 84,38,13,13,0,25,6,0,0,2,17
S01010419,85 and over,26,3,3,0,23,2,0,0,2,19
S01010420,All people aged 16 and over in households,578,316,280,36,262,149,4,8,23,78
S01010420,16 to 24,91,1,1,0,90,90,0,0,0,0
S01010420,25 to 34,45,16,8,8,29,29,0,0,0,0
S01010420,35 to 49,135,110,88,22,25,11,1,5,6,2
S01010420,50 to 64,142,119,113,6,23,6,1,2,11,3
S01010420,65 to 74,63,38,38,0,25,4,2,0,3,16
S01010420,75 to 84,64,28,28,0,36,4,0,1,3,28
S01010420,85 and over,38,4,4,0,34,5,0,0,0,29
S01010421,All people aged 16 and over in households,697,444,396,48,253,170,9,15,21,38
S01010421,16 to 24,99,3,3,0,96,95,1,0,0,0
S01010421,25 to 34,71,43,27,16,28,26,1,0,1,0
S01010421,35 to 49,212,183,162,21,29,19,3,6,1,0
S01010421,50 to 64,188,158,147,11,30,11,2,5,8,4
S01010421,65 to 74,67,36,36,0,31,6,1,2,11,11
S01010421,75 to 84,40,13,13,0,27,10,0,2,0,15
S01010421,85 and over,20,8,8,0,12,3,1,0,0,8
S01010422,All people aged 16 and over in households,892,504,428,76,388,232,2,23,42,89
S01010422,16 to 24,117,7,0,7,110,110,0,0,0,0
S01010422,25 to 34,104,62,38,24,42,38,2,2,0,0
S01010422,35 to 49,275,215,178,37,60,40,0,7,10,3
S01010422,50 to 64,202,144,136,8,58,23,0,7,20,8
S01010422,65 to 74,77,39,39,0,38,5,0,4,12,17
S01010422,75 to 84,79,35,35,0,44,9,0,3,0,32
S01010422,85 and over,38,2,2,0,36,7,0,0,0,29
S01010423,All people aged 16 and over in households,702,202,112,90,500,322,16,41,75,46
S01010423,16 to 24,115,22,2,20,93,93,0,0,0,0
S01010423,25 to 34,163,54,21,33,109,96,0,10,3,0
S01010423,35 to 49,203,70,45,25,133,85,10,16,20,2
S01010423,50 to 64,132,41,30,11,91,30,6,11,36,8
S01010423,65 to 74,48,10,9,1,38,11,0,4,12,11
S01010423,75 to 84,25,5,5,0,20,5,0,0,2,13
S01010423,85 and over,16,0,0,0,16,2,0,0,2,12
S01010424,All people aged 16 and over in households,707,230,140,90,477,305,7,34,66,65
S01010424,16 to 24,118,24,3,21,94,94,0,0,0,0
S01010424,25 to 34,142,55,21,34,87,81,2,3,1,0
S01010424,35 to 49,193,71,51,20,122,78,2,20,21,1
S01010424,50 to 64,118,46,36,10,72,30,0,6,23,13
S01010424,65 to 74,64,20,19,1,44,14,0,2,17,11
S01010424,75 to 84,58,13,10,3,45,7,2,2,3,31
S01010424,85 and over,14,1,0,1,13,1,1,1,1,9
S01010425,All people aged 16 and over in households,875,280,180,100,595,398,4,35,101,57
S01010425,16 to 24,120,22,5,17,98,96,0,1,0,1
S01010425,25 to 34,179,63,25,38,116,108,0,4,4,0
S01010425,35 to 49,290,98,59,39,192,138,2,15,33,4
S01010425,50 to 64,178,65,60,5,113,38,2,14,49,10
S01010425,65 to 74,52,22,21,1,30,9,0,1,11,9
S01010425,75 to 84,37,8,8,0,29,8,0,0,3,18
S01010425,85 and over,19,2,2,0,17,1,0,0,1,15
S01010426,All people aged 16 and over in households,603,254,140,114,349,236,4,28,56,25
S01010426,16 to 24,73,25,4,21,48,46,1,1,0,0
S01010426,25 to 34,161,90,30,60,71,66,3,1,1,0
S01010426,35 to 49,168,63,33,30,105,77,0,11,17,0
S01010426,50 to 64,149,55,52,3,94,41,0,11,33,9
S01010426,65 to 74,31,17,17,0,14,3,0,3,4,4
S01010426,75 to 84,11,4,4,0,7,2,0,0,1,4
S01010426,85 and over,10,0,0,0,10,1,0,1,0,8
S01010427,All people aged 16 and over in households,802,330,226,104,472,267,21,33,63,88
S01010427,16 to 24,91,7,1,6,84,83,0,0,1,0
S01010427,25 to 34,154,84,34,50,70,57,4,6,3,0
S01010427,35 to 49,233,116,86,30,117,75,12,7,21,2
S01010427,50 to 64,160,73,58,15,87,35,2,14,24,12
S01010427,65 to 74,65,29,26,3,36,8,2,4,11,11
S01010427,75 to 84,68,17,17,0,51,6,1,2,3,39
S01010427,85 and over,31,4,4,0,27,3,0,0,0,24
S01010428,All people aged 16 and over in households,575,330,292,38,245,144,6,13,34,48
S01010428,16 to 24,61,3,0,3,58,58,0,0,0,0
S01010428,25 to 34,69,31,18,13,38,33,2,3,0,0
S01010428,35 to 49,159,122,115,7,37,26,2,3,6,0
S01010428,50 to 64,146,97,83,14,49,17,2,6,17,7
S01010428,65 to 74,70,44,43,1,26,6,0,0,8,12
S01010428,75 to 84,55,27,27,0,28,4,0,1,3,20
S01010428,85 and over,15,6,6,0,9,0,0,0,0,9
S01010429,All people aged 16 and over in households,761,520,420,100,241,163,2,16,20,40
S01010429,16 to 24,79,4,0,4,75,75,0,0,0,0
S01010429,25 to 34,159,118,80,38,41,37,2,2,0,0
S01010429,35 to 49,209,174,129,45,35,22,0,11,2,0
S01010429,50 to 64,203,162,149,13,41,17,0,3,16,5
S01010429,65 to 74,64,46,46,0,18,6,0,0,2,10
S01010429,75 to 84,30,14,14,0,16,3,0,0,0,13
S01010429,85 and over,17,2,2,0,15,3,0,0,0,12
S01010430,All people aged 16 and over in households,698,246,172,74,452,300,22,20,60,50
S01010430,16 to 24,124,17,6,11,107,107,0,0,0,0
S01010430,25 to 34,166,54,31,23,112,87,18,1,5,1
S01010430,35 to 49,188,86,61,25,102,63,1,12,15,11
S01010430,50 to 64,108,37,27,10,71,26,1,5,34,5
S01010430,65 to 74,59,36,31,5,23,8,0,2,4,9
S01010430,75 to 84,41,15,15,0,26,7,1,0,2,16
S01010430,85 and over,12,1,1,0,11,2,1,0,0,8
S01010431,All people aged 16 and over in households,549,364,328,36,185,125,5,11,16,28
S01010431,16 to 24,69,0,0,0,69,69,0,0,0,0
S01010431,25 to 34,52,29,23,6,23,21,0,2,0,0
S01010431,35 to 49,177,148,127,21,29,20,3,1,5,0
S01010431,50 to 64,170,135,128,7,35,11,2,8,9,5
S01010431,65 to 74,46,36,34,2,10,1,0,0,1,8
S01010431,75 to 84,25,13,13,0,12,2,0,0,1,9
S01010431,85 and over,10,3,3,0,7,1,0,0,0,6
S01010432,All people aged 16 and over in households,727,249,160,89,478,319,6,48,71,34
S01010432,16 to 24,139,16,4,12,123,120,0,0,3,0
S01010432,25 to 34,159,58,23,35,101,92,2,5,2,0
S01010432,35 to 49,193,76,44,32,117,68,4,23,21,1
S01010432,50 to 64,161,77,67,10,84,31,0,17,31,5
S01010432,65 to 74,46,17,17,0,29,7,0,2,10,10
S01010432,75 to 84,24,5,5,0,19,1,0,1,4,13
S01010432,85 and over,5,0,0,0,5,0,0,0,0,5
S01010433,All people aged 16 and over in households,546,208,134,74,338,228,30,27,40,13
S01010433,16 to 24,106,9,3,6,97,95,1,1,0,0
S01010433,25 to 34,177,87,41,46,90,70,9,7,4,0
S01010433,35 to 49,171,79,62,17,92,44,19,16,10,3
S01010433,50 to 64,72,28,24,4,44,15,1,3,22,3
S01010433,65 to 74,11,5,4,1,6,2,0,0,2,2
S01010433,75 to 84,7,0,0,0,7,2,0,0,2,3
S01010433,85 and over,2,0,0,0,2,0,0,0,0,2
S01010434,All people aged 16 and over in households,493,148,90,58,345,241,5,22,43,34
S01010434,16 to 24,89,13,3,10,76,75,1,0,0,0
S01010434,25 to 34,141,64,32,32,77,71,0,5,1,0
S01010434,35 to 49,117,33,23,10,84,58,2,6,13,5
S01010434,50 to 64,89,29,24,5,60,25,0,10,20,5
S01010434,65 to 74,37,6,6,0,31,6,1,1,9,14
S01010434,75 to 84,10,2,1,1,8,3,0,0,0,5
S01010434,85 and over,10,1,1,0,9,3,1,0,0,5
S01010435,All people aged 16 and over in households,528,250,202,48,278,147,5,18,48,60
S01010435,16 to 24,68,7,1,6,61,61,0,0,0,0
S01010435,25 to 34,54,20,12,8,34,29,2,1,2,0
S01010435,35 to 49,135,77,53,24,58,30,1,11,13,3
S01010435,50 to 64,128,83,74,9,45,14,0,6,18,7
S01010435,65 to 74,58,26,25,1,32,8,2,0,9,13
S01010435,75 to 84,62,26,26,0,36,4,0,0,6,26
S01010435,85 and over,23,11,11,0,12,1,0,0,0,11
S01010436,All people aged 16 and over in households,660,224,126,98,436,293,9,27,62,45
S01010436,16 to 24,81,10,0,10,71,71,0,0,0,0
S01010436,25 to 34,173,81,25,56,92,88,1,2,1,0
S01010436,35 to 49,201,65,40,25,136,98,7,10,18,3
S01010436,50 to 64,126,39,33,6,87,27,1,14,36,9
S01010436,65 to 74,53,21,20,1,32,6,0,1,7,18
S01010436,75 to 84,24,8,8,0,16,2,0,0,0,14
S01010436,85 and over,2,0,0,0,2,1,0,0,0,1
S01010437,All people aged 16 and over in households,467,204,172,32,263,169,4,19,31,40
S01010437,16 to 24,65,5,1,4,60,60,0,0,0,0
S01010437,25 to 34,72,28,17,11,44,41,2,1,0,0
S01010437,35 to 49,114,57,55,2,57,37,1,6,11,2
S01010437,50 to 64,101,54,45,9,47,17,1,11,16,2
S01010437,65 to 74,54,34,30,4,20,5,0,0,4,11
S01010437,75 to 84,40,17,16,1,23,6,0,1,0,16
S01010437,85 and over,21,9,8,1,12,3,0,0,0,9
S01010438,All people aged 16 and over in households,610,254,188,66,356,255,8,20,45,28
S01010438,16 to 24,107,5,0,5,102,102,0,0,0,0
S01010438,25 to 34,124,59,35,24,65,60,1,2,2,0
S01010438,35 to 49,224,121,92,29,103,72,4,10,16,1
S01010438,50 to 64,119,63,55,8,56,14,3,5,22,12
S01010438,65 to 74,18,2,2,0,16,4,0,3,5,4
S01010438,75 to 84,15,4,4,0,11,3,0,0,0,8
S01010438,85 and over,3,0,0,0,3,0,0,0,0,3
S01010439,All people aged 16 and over in households,785,286,136,150,499,362,4,37,65,31
S01010439,16 to 24,142,27,1,26,115,115,0,0,0,0
S01010439,25 to 34,250,113,35,78,137,126,1,9,1,0
S01010439,35 to 49,227,93,57,36,134,94,2,11,25,2
S01010439,50 to 64,118,44,36,8,74,23,0,12,33,6
S01010439,65 to 74,26,6,4,2,20,3,0,4,5,8
S01010439,75 to 84,18,2,2,0,16,0,1,1,1,13
S01010439,85 and over,4,1,1,0,3,1,0,0,0,2
S01010440,All people aged 16 and over in households,534,226,164,62,308,198,3,17,46,44
S01010440,16 to 24,89,19,0,19,70,70,0,0,0,0
S01010440,25 to 34,76,31,15,16,45,44,0,0,0,1
S01010440,35 to 49,143,56,41,15,87,61,1,7,16,2
S01010440,50 to 64,130,80,68,12,50,15,1,7,22,5
S01010440,65 to 74,52,28,28,0,24,4,1,2,7,10
S01010440,75 to 84,37,12,12,0,25,4,0,0,1,20
S01010440,85 and over,7,0,0,0,7,0,0,1,0,6
S01010441,All people aged 16 and over in households,694,286,136,150,408,309,5,38,44,12
S01010441,16 to 24,114,35,4,31,79,79,0,0,0,0
S01010441,25 to 34,249,123,46,77,126,116,1,5,4,0
S01010441,35 to 49,198,69,40,29,129,94,2,21,12,0
S01010441,50 to 64,103,50,38,12,53,14,2,12,20,5
S01010441,65 to 74,22,6,6,0,16,6,0,0,7,3
S01010441,75 to 84,6,2,2,0,4,0,0,0,1,3
S01010441,85 and over,2,1,0,1,1,0,0,0,0,1
S01010442,All people aged 16 and over in households,595,212,128,84,383,267,8,28,60,20
S01010442,16 to 24,103,19,2,17,84,84,0,0,0,0
S01010442,25 to 34,171,59,24,35,112,108,1,1,2,0
S01010442,35 to 49,182,72,46,26,110,67,3,15,23,2
S01010442,50 to 64,115,55,49,6,60,7,2,11,31,9
S01010442,65 to 74,16,4,4,0,12,1,0,1,4,6
S01010442,75 to 84,6,3,3,0,3,0,1,0,0,2
S01010442,85 and over,2,0,0,0,2,0,1,0,0,1
S01010443,All people aged 16 and over in households,436,220,178,42,216,127,2,15,31,41
S01010443,16 to 24,59,1,0,1,58,58,0,0,0,0
S01010443,25 to 34,49,23,14,9,26,23,0,2,1,0
S01010443,35 to 49,124,76,50,26,48,28,0,9,10,1
S01010443,50 to 64,102,70,65,5,32,13,1,3,12,3
S01010443,65 to 74,44,28,28,0,16,1,0,1,5,9
S01010443,75 to 84,45,22,21,1,23,3,1,0,3,16
S01010443,85 and over,13,0,0,0,13,1,0,0,0,12
S01010444,All people aged 16 and over in households,558,256,214,42,302,182,2,17,34,67
S01010444,16 to 24,75,4,0,4,71,70,0,0,1,0
S01010444,25 to 34,69,18,15,3,51,47,0,3,0,1
S01010444,35 to 49,153,82,53,29,71,43,0,11,14,3
S01010444,50 to 64,123,81,75,6,42,17,1,2,14,8
S01010444,65 to 74,76,49,49,0,27,3,1,1,4,18
S01010444,75 to 84,37,15,15,0,22,2,0,0,0,20
S01010444,85 and over,25,7,7,0,18,0,0,0,1,17
S01010445,All people aged 16 and over in households,605,290,242,48,315,196,5,19,47,48
S01010445,16 to 24,79,6,0,6,73,73,0,0,0,0
S01010445,25 to 34,111,53,31,22,58,57,1,0,0,0
S01010445,35 to 49,168,90,79,11,78,46,3,12,15,2
S01010445,50 to 64,140,98,91,7,42,10,0,7,19,6
S01010445,65 to 74,63,30,28,2,33,8,0,0,12,13
S01010445,75 to 84,37,12,12,0,25,2,1,0,1,21
S01010445,85 and over,7,1,1,0,6,0,0,0,0,6
S01010446,All people aged 16 and over in households,700,390,346,44,310,188,4,25,32,61
S01010446,16 to 24,107,5,1,4,102,102,0,0,0,0
S01010446,25 to 34,62,21,14,7,41,38,0,1,2,0
S01010446,35 to 49,185,142,117,25,43,20,1,10,10,2
S01010446,50 to 64,206,147,141,6,59,19,2,13,15,10
S01010446,65 to 74,89,60,58,2,29,4,0,0,3,22
S01010446,75 to 84,39,13,13,0,26,5,0,1,2,18
S01010446,85 and over,12,2,2,0,10,0,1,0,0,9
S01010447,All people aged 16 and over in households,816,300,232,68,516,297,16,46,86,71
S01010447,16 to 24,105,4,0,4,101,101,0,0,0,0
S01010447,25 to 34,124,58,36,22,66,55,4,6,1,0
S01010447,35 to 49,248,113,88,25,135,85,6,20,24,0
S01010447,50 to 64,184,73,59,14,111,42,2,13,41,13
S01010447,65 to 74,86,30,29,1,56,8,1,6,18,23
S01010447,75 to 84,52,21,19,2,31,4,2,0,2,23
S01010447,85 and over,17,1,1,0,16,2,1,1,0,12
S01010448,All people aged 16 and over in households,710,378,308,70,332,199,3,24,41,65
S01010448,16 to 24,110,6,1,5,104,104,0,0,0,0
S01010448,25 to 34,82,41,22,19,41,37,0,3,0,1
S01010448,35 to 49,211,152,119,33,59,31,1,13,13,1
S01010448,50 to 64,164,114,103,11,50,15,2,4,21,8
S01010448,65 to 74,77,41,39,2,36,9,0,4,3,20
S01010448,75 to 84,45,16,16,0,29,1,0,0,4,24
S01010448,85 and over,21,8,8,0,13,2,0,0,0,11
S01010449,All people aged 16 and over in households,654,312,264,48,342,194,6,18,48,76
S01010449,16 to 24,70,7,0,7,63,63,0,0,0,0
S01010449,25 to 34,87,44,28,16,43,40,1,0,0,2
S01010449,35 to 49,160,84,67,17,76,51,3,6,12,4
S01010449,50 to 64,145,85,79,6,60,18,2,9,23,8
S01010449,65 to 74,109,61,60,1,48,10,0,3,9,26
S01010449,75 to 84,66,30,29,1,36,8,0,0,2,26
S01010449,85 and over,17,1,1,0,16,4,0,0,2,10
S01010450,All people aged 16 and over in households,691,282,234,48,409,239,8,25,62,75
S01010450,16 to 24,76,8,0,8,68,67,0,0,1,0
S01010450,25 to 34,95,48,24,24,47,43,3,0,1,0
S01010450,35 to 49,167,65,51,14,102,70,1,14,12,5
S01010450,50 to 64,166,68,66,2,98,41,4,9,35,9
S01010450,65 to 74,101,62,62,0,39,12,0,1,11,15
S01010450,75 to 84,69,29,29,0,40,4,0,1,2,33
S01010450,85 and over,17,2,2,0,15,2,0,0,0,13
S01010451,All people aged 16 and over in households,668,268,212,56,400,261,7,24,57,51
S01010451,16 to 24,93,12,3,9,81,81,0,0,0,0
S01010451,25 to 34,119,49,33,16,70,62,4,2,2,0
S01010451,35 to 49,194,82,69,13,112,78,0,10,17,7
S01010451,50 to 64,133,72,59,13,61,20,2,11,23,5
S01010451,65 to 74,59,27,23,4,32,12,0,0,11,9
S01010451,75 to 84,50,23,22,1,27,6,1,1,4,15
S01010451,85 and over,20,3,3,0,17,2,0,0,0,15
S01010452,All people aged 16 and over in households,701,308,258,50,393,200,9,27,48,109
S01010452,16 to 24,88,9,3,6,79,79,0,0,0,0
S01010452,25 to 34,77,34,24,10,43,43,0,0,0,0
S01010452,35 to 49,164,97,72,25,67,42,1,9,15,0
S01010452,50 to 64,145,81,73,8,64,22,3,11,21,7
S01010452,65 to 74,95,46,45,1,49,6,1,4,8,30
S01010452,75 to 84,98,31,31,0,67,6,4,1,2,54
S01010452,85 and over,34,10,10,0,24,2,0,2,2,18
S01010453,All people aged 16 and over in households,537,192,118,74,345,242,3,34,43,23
S01010453,16 to 24,90,18,4,14,72,72,0,0,0,0
S01010453,25 to 34,135,57,29,28,78,71,2,3,2,0
S01010453,35 to 49,167,58,32,26,109,65,1,22,19,2
S01010453,50 to 64,84,31,28,3,53,26,0,9,15,3
S01010453,65 to 74,35,16,13,3,19,3,0,0,7,9
S01010453,75 to 84,17,7,7,0,10,3,0,0,0,7
S01010453,85 and over,9,5,5,0,4,2,0,0,0,2
S01010454,All people aged 16 and over in households,672,322,252,70,350,193,7,21,38,91
S01010454,16 to 24,81,6,0,6,75,75,0,0,0,0
S01010454,25 to 34,81,38,16,22,43,40,0,2,0,1
S01010454,35 to 49,157,107,83,24,50,29,0,11,7,3
S01010454,50 to 64,160,94,79,15,66,27,1,7,23,8
S01010454,65 to 74,90,48,46,2,42,10,3,1,7,21
S01010454,75 to 84,73,25,24,1,48,9,3,0,1,35
S01010454,85 and over,30,4,4,0,26,3,0,0,0,23
S01010455,All people aged 16 and over in households,833,252,180,72,581,280,11,50,104,136
S01010455,16 to 24,92,16,4,12,76,76,0,0,0,0
S01010455,25 to 34,123,52,25,27,71,62,3,4,1,1
S01010455,35 to 49,169,42,29,13,127,71,5,26,25,0
S01010455,50 to 64,218,68,56,12,150,56,1,15,55,23
S01010455,65 to 74,95,37,31,6,58,10,2,5,15,26
S01010455,75 to 84,90,27,26,1,63,4,0,0,8,51
S01010455,85 and over,46,10,9,1,36,1,0,0,0,35
S01010456,All people aged 16 and over in households,487,220,180,40,267,130,6,17,40,74
S01010456,16 to 24,43,2,0,2,41,40,0,0,1,0
S01010456,25 to 34,58,38,16,22,20,18,1,1,0,0
S01010456,35 to 49,117,63,55,8,54,34,3,8,7,2
S01010456,50 to 64,106,61,53,8,45,16,0,6,17,6
S01010456,65 to 74,62,33,33,0,29,9,1,1,9,9
S01010456,75 to 84,63,20,20,0,43,8,0,1,4,30
S01010456,85 and over,38,3,3,0,35,5,1,0,2,27
S01010457,All people aged 16 and over in households,535,226,164,62,309,185,10,16,35,63
S01010457,16 to 24,53,9,1,8,44,44,0,0,0,0
S01010457,25 to 34,81,40,21,19,41,36,4,1,0,0
S01010457,35 to 49,159,83,63,20,76,53,3,4,15,1
S01010457,50 to 64,111,50,38,12,61,33,2,10,12,4
S01010457,65 to 74,62,29,26,3,33,12,0,0,4,17
S01010457,75 to 84,49,15,15,0,34,5,1,1,3,24
S01010457,85 and over,20,0,0,0,20,2,0,0,1,17
S01010458,All people aged 16 and over in households,650,262,216,46,388,216,5,22,57,88
S01010458,16 to 24,86,4,2,2,82,81,0,0,1,0
S01010458,25 to 34,94,38,24,14,56,45,2,5,4,0
S01010458,35 to 49,149,76,57,19,73,47,0,8,16,2
S01010458,50 to 64,126,58,49,9,68,29,1,6,23,9
S01010458,65 to 74,102,54,52,2,48,8,0,3,12,25
S01010458,75 to 84,62,28,28,0,34,5,1,0,1,27
S01010458,85 and over,31,4,4,0,27,1,1,0,0,25
S01010459,All people aged 16 and over in households,474,192,158,34,282,163,5,15,31,68
S01010459,16 to 24,71,2,0,2,69,69,0,0,0,0
S01010459,25 to 34,43,15,10,5,28,27,1,0,0,0
S01010459,35 to 49,115,64,47,17,51,34,2,7,7,1
S01010459,50 to 64,112,62,54,8,50,16,1,5,19,9
S01010459,65 to 74,68,35,33,2,33,10,1,1,5,16
S01010459,75 to 84,49,13,13,0,36,7,0,2,0,27
S01010459,85 and over,16,1,1,0,15,0,0,0,0,15
S01010460,All people aged 16 and over in households,592,324,260,64,268,155,10,16,34,53
S01010460,16 to 24,66,5,3,2,61,61,0,0,0,0
S01010460,25 to 34,124,81,47,34,43,41,1,0,1,0
S01010460,35 to 49,185,132,114,18,53,31,3,7,10,2
S01010460,50 to 64,112,63,57,6,49,16,2,6,18,7
S01010460,65 to 74,45,19,16,3,26,5,1,2,5,13
S01010460,75 to 84,42,18,18,0,24,1,1,0,0,22
S01010460,85 and over,18,6,5,1,12,0,2,1,0,9
S01010461,All people aged 16 and over in households,616,258,184,74,358,203,8,20,52,75
S01010461,16 to 24,70,4,0,4,66,64,1,0,1,0
S01010461,25 to 34,92,58,29,29,34,32,2,0,0,0
S01010461,35 to 49,146,69,42,27,77,50,1,5,19,2
S01010461,50 to 64,139,64,51,13,75,38,2,10,20,5
S01010461,65 to 74,72,36,35,1,36,6,0,4,7,19
S01010461,75 to 84,68,23,23,0,45,7,2,1,3,32
S01010461,85 and over,29,4,4,0,25,6,0,0,2,17
S01010462,All people aged 16 and over in households,626,156,100,56,470,285,46,46,61,32
S01010462,16 to 24,111,9,5,4,102,100,0,0,0,2
S01010462,25 to 34,178,59,30,29,119,75,23,14,5,2
S01010462,35 to 49,214,61,44,17,153,80,20,20,27,6
S01010462,50 to 64,96,25,19,6,71,24,2,10,26,9
S01010462,65 to 74,15,2,2,0,13,3,1,2,2,5
S01010462,75 to 84,10,0,0,0,10,3,0,0,0,7
S01010462,85 and over,2,0,0,0,2,0,0,0,1,1
S01010463,All people aged 16 and over in households,665,316,274,42,349,200,4,16,44,85
S01010463,16 to 24,83,2,1,1,81,81,0,0,0,0
S01010463,25 to 34,64,35,25,10,29,28,0,1,0,0
S01010463,35 to 49,184,124,104,20,60,33,3,7,11,6
S01010463,50 to 64,158,92,81,11,66,30,0,6,22,8
S01010463,65 to 74,78,34,34,0,44,17,0,1,8,18
S01010463,75 to 84,61,27,27,0,34,8,1,0,2,23
S01010463,85 and over,37,2,2,0,35,3,0,1,1,30
S01010464,All people aged 16 and over in households,448,220,182,38,228,124,3,16,24,61
S01010464,16 to 24,48,4,1,3,44,44,0,0,0,0
S01010464,25 to 34,68,40,23,17,28,27,0,1,0,0
S01010464,35 to 49,114,66,54,12,48,33,0,8,6,1
S01010464,50 to 64,103,66,60,6,37,14,0,6,11,6
S01010464,65 to 74,36,13,13,0,23,5,2,0,3,13
S01010464,75 to 84,58,26,26,0,32,1,1,1,4,25
S01010464,85 and over,21,5,5,0,16,0,0,0,0,16
S01010465,All people aged 16 and over in households,798,450,328,122,348,239,7,20,49,33
S01010465,16 to 24,98,11,0,11,87,87,0,0,0,0
S01010465,25 to 34,170,99,51,48,71,64,2,2,3,0
S01010465,35 to 49,279,191,140,51,88,58,3,9,16,2
S01010465,50 to 64,159,95,83,12,64,25,0,7,25,7
S01010465,65 to 74,63,40,40,0,23,3,1,2,5,12
S01010465,75 to 84,26,13,13,0,13,2,0,0,0,11
S01010465,85 and over,3,1,1,0,2,0,1,0,0,1
S01010466,All people aged 16 and over in households,780,386,254,132,394,309,6,18,41,20
S01010466,16 to 24,136,23,8,15,113,113,0,0,0,0
S01010466,25 to 34,232,109,49,60,123,113,4,2,4,0
S01010466,35 to 49,191,118,83,35,73,51,1,9,11,1
S01010466,50 to 64,149,97,78,19,52,24,1,3,22,2
S01010466,65 to 74,45,30,27,3,15,4,0,2,2,7
S01010466,75 to 84,22,8,8,0,14,4,0,2,1,7
S01010466,85 and over,5,1,1,0,4,0,0,0,1,3
S01010467,All people aged 16 and over in households,740,352,288,64,388,234,11,8,47,88
S01010467,16 to 24,61,3,0,3,58,58,0,0,0,0
S01010467,25 to 34,119,58,36,22,61,57,1,1,2,0
S01010467,35 to 49,147,90,68,22,57,44,2,1,10,0
S01010467,50 to 64,173,102,85,17,71,40,4,3,17,7
S01010467,65 to 74,92,48,48,0,44,13,0,2,12,17
S01010467,75 to 84,101,41,41,0,60,15,3,1,4,37
S01010467,85 and over,47,10,10,0,37,7,1,0,2,27
S01010468,All people aged 16 and over in households,783,380,298,82,403,280,19,14,34,56
S01010468,16 to 24,134,12,0,12,122,121,1,0,0,0
S01010468,25 to 34,163,82,47,35,81,74,7,0,0,0
S01010468,35 to 49,193,131,112,19,62,40,2,9,10,1
S01010468,50 to 64,176,116,105,11,60,21,9,4,15,11
S01010468,65 to 74,60,30,27,3,30,12,0,0,6,12
S01010468,75 to 84,42,7,7,0,35,10,0,1,2,22
S01010468,85 and over,15,2,0,2,13,2,0,0,1,10
S01010469,All people aged 16 and over in households,520,130,84,46,390,266,11,16,68,29
S01010469,16 to 24,66,5,0,5,61,61,0,0,0,0
S01010469,25 to 34,128,50,24,26,78,78,0,0,0,0
S01010469,35 to 49,142,41,27,14,101,70,3,8,18,2
S01010469,50 to 64,99,18,17,1,81,38,6,5,31,1
S01010469,65 to 74,38,9,9,0,29,8,1,2,15,3
S01010469,75 to 84,29,5,5,0,24,8,1,0,3,12
S01010469,85 and over,18,2,2,0,16,3,0,1,1,11
S01010470,All people aged 16 and over in households,612,273,210,63,339,197,4,23,39,76
S01010470,16 to 24,78,17,2,15,61,61,0,0,0,0
S01010470,25 to 34,74,33,15,18,41,39,0,2,0,0
S01010470,35 to 49,167,92,77,15,75,42,2,11,17,3
S01010470,50 to 64,127,66,54,12,61,33,1,9,13,5
S01010470,65 to 74,78,39,39,0,39,13,1,0,7,18
S01010470,75 to 84,71,19,17,2,52,8,0,1,2,41
S01010470,85 and over,17,7,6,1,10,1,0,0,0,9
S01010471,All people aged 16 and over in households,536,244,184,60,292,164,9,13,36,70
S01010471,16 to 24,58,6,2,4,52,51,1,0,0,0
S01010471,25 to 34,94,41,21,20,53,49,3,1,0,0
S01010471,35 to 49,136,83,65,18,53,35,5,2,9,2
S01010471,50 to 64,123,73,61,12,50,17,0,7,18,8
S01010471,65 to 74,61,24,20,4,37,9,0,3,6,19
S01010471,75 to 84,44,12,10,2,32,1,0,0,3,28
S01010471,85 and over,20,5,5,0,15,2,0,0,0,13
S01010472,All people aged 16 and over in households,455,208,116,92,247,186,3,10,31,17
S01010472,16 to 24,73,18,3,15,55,55,0,0,0,0
S01010472,25 to 34,178,107,50,57,71,67,1,2,1,0
S01010472,35 to 49,111,49,31,18,62,43,0,3,15,1
S01010472,50 to 64,60,23,21,2,37,17,2,4,9,5
S01010472,65 to 74,20,8,8,0,12,1,0,1,5,5
S01010472,75 to 84,10,2,2,0,8,3,0,0,1,4
S01010472,85 and over,3,1,1,0,2,0,0,0,0,2
S01010473,All people aged 16 and over in households,668,282,192,90,386,283,4,17,46,36
S01010473,16 to 24,86,10,1,9,76,75,1,0,0,0
S01010473,25 to 34,177,76,28,48,101,99,0,2,0,0
S01010473,35 to 49,154,73,55,18,81,63,2,4,12,0
S01010473,50 to 64,148,77,63,14,71,31,1,11,21,7
S01010473,65 to 74,65,36,35,1,29,7,0,0,12,10
S01010473,75 to 84,25,5,5,0,20,5,0,0,1,14
S01010473,85 and over,13,5,5,0,8,3,0,0,0,5
S01010474,All people aged 16 and over in households,714,216,130,86,498,395,6,13,37,47
S01010474,16 to 24,154,16,3,13,138,138,0,0,0,0
S01010474,25 to 34,219,91,34,57,128,122,3,0,3,0
S01010474,35 to 49,160,60,44,16,100,80,1,6,13,0
S01010474,50 to 64,99,32,32,0,67,39,2,7,16,3
S01010474,65 to 74,40,11,11,0,29,13,0,0,4,12
S01010474,75 to 84,32,4,4,0,28,3,0,0,1,24
S01010474,85 and over,10,2,2,0,8,0,0,0,0,8
S01010475,All people aged 16 and over in households,591,304,184,120,287,208,4,12,34,29
S01010475,16 to 24,81,27,2,25,54,54,0,0,0,0
S01010475,25 to 34,210,147,78,69,63,61,0,1,0,1
S01010475,35 to 49,150,79,60,19,71,48,1,6,15,1
S01010475,50 to 64,92,32,27,5,60,33,3,5,15,4
S01010475,65 to 74,27,10,8,2,17,6,0,0,3,8
S01010475,75 to 84,21,7,7,0,14,4,0,0,1,9
S01010475,85 and over,10,2,2,0,8,2,0,0,0,6
S01010476,All people aged 16 and over in households,895,371,282,89,524,286,7,27,71,133
S01010476,16 to 24,143,20,7,13,123,122,0,0,1,0
S01010476,25 to 34,161,83,43,40,78,73,2,1,2,0
S01010476,35 to 49,205,122,93,29,83,45,3,17,17,1
S01010476,50 to 64,146,71,64,7,75,28,1,5,33,8
S01010476,65 to 74,83,34,34,0,49,6,0,4,11,28
S01010476,75 to 84,96,33,33,0,63,4,0,0,5,54
S01010476,85 and over,61,8,8,0,53,8,1,0,2,42
S01010477,All people aged 16 and over in households,628,294,226,68,334,189,7,23,40,75
S01010477,16 to 24,77,8,2,6,69,69,0,0,0,0
S01010477,25 to 34,85,41,19,22,44,41,1,1,1,0
S01010477,35 to 49,160,96,64,32,64,36,2,11,13,2
S01010477,50 to 64,154,89,81,8,65,32,2,7,18,6
S01010477,65 to 74,83,47,47,0,36,6,0,4,4,22
S01010477,75 to 84,48,11,11,0,37,4,1,0,4,28
S01010477,85 and over,21,2,2,0,19,1,1,0,0,17
S01010478,All people aged 16 and over in households,864,302,186,116,562,352,8,35,92,75
S01010478,16 to 24,96,30,4,26,66,66,0,0,0,0
S01010478,25 to 34,164,67,27,40,97,90,1,4,2,0
S01010478,35 to 49,260,92,60,32,168,119,4,17,23,5
S01010478,50 to 64,175,59,49,10,116,46,2,11,44,13
S01010478,65 to 74,81,30,28,2,51,19,0,1,12,19
S01010478,75 to 84,69,24,18,6,45,9,1,2,10,23
S01010478,85 and over,19,0,0,0,19,3,0,0,1,15
S01010479,All people aged 16 and over in households,839,402,298,104,437,260,7,30,62,78
S01010479,16 to 24,97,8,0,8,89,89,0,0,0,0
S01010479,25 to 34,133,79,38,41,54,49,1,4,0,0
S01010479,35 to 49,212,120,92,28,92,61,3,15,12,1
S01010479,50 to 64,184,111,95,16,73,32,1,6,29,5
S01010479,65 to 74,109,53,46,7,56,16,0,5,18,17
S01010479,75 to 84,77,27,23,4,50,13,1,0,2,34
S01010479,85 and over,27,4,4,0,23,0,1,0,1,21
S01010480,All people aged 16 and over in households,503,254,216,38,249,129,2,22,37,59
S01010480,16 to 24,49,2,1,1,47,47,0,0,0,0
S01010480,25 to 34,52,28,19,9,24,22,2,0,0,0
S01010480,35 to 49,151,94,78,16,57,30,0,11,16,0
S01010480,50 to 64,107,69,59,10,38,12,0,8,10,8
S01010480,65 to 74,56,28,28,0,28,4,0,3,8,13
S01010480,75 to 84,65,28,26,2,37,9,0,0,1,27
S01010480,85 and over,23,5,5,0,18,5,0,0,2,11
S01010481,All people aged 16 and over in households,476,178,130,48,298,204,2,19,37,36
S01010481,16 to 24,90,9,3,6,81,80,1,0,0,0
S01010481,25 to 34,107,47,24,23,60,59,0,1,0,0
S01010481,35 to 49,131,55,39,16,76,46,0,13,14,3
S01010481,50 to 64,87,46,43,3,41,12,1,4,16,8
S01010481,65 to 74,44,18,18,0,26,5,0,1,5,15
S01010481,75 to 84,14,3,3,0,11,1,0,0,2,8
S01010481,85 and over,3,0,0,0,3,1,0,0,0,2
S01010482,All people aged 16 and over in households,655,306,244,62,349,185,8,24,41,91
S01010482,16 to 24,73,3,2,1,70,70,0,0,0,0
S01010482,25 to 34,62,38,20,18,24,23,1,0,0,0
S01010482,35 to 49,203,122,89,33,81,48,1,11,16,5
S01010482,50 to 64,132,72,62,10,60,24,4,11,14,7
S01010482,65 to 74,77,37,37,0,40,13,0,2,5,20
S01010482,75 to 84,87,32,32,0,55,7,2,0,6,40
S01010482,85 and over,21,2,2,0,19,0,0,0,0,19
S01010483,All people aged 16 and over in households,858,412,300,112,446,240,4,31,69,102
S01010483,16 to 24,60,5,1,4,55,55,0,0,0,0
S01010483,25 to 34,134,75,39,36,59,56,2,1,0,0
S01010483,35 to 49,254,148,100,48,106,70,2,14,17,3
S01010483,50 to 64,198,109,93,16,89,36,0,9,30,14
S01010483,65 to 74,112,54,49,5,58,10,0,6,17,25
S01010483,75 to 84,75,20,17,3,55,10,0,0,4,41
S01010483,85 and over,25,1,1,0,24,3,0,1,1,19
S01010484,All people aged 16 and over in households,460,196,152,44,264,171,1,18,27,47
S01010484,16 to 24,73,7,1,6,66,66,0,0,0,0
S01010484,25 to 34,61,22,14,8,39,38,0,0,1,0
S01010484,35 to 49,122,58,43,15,64,45,0,8,10,1
S01010484,50 to 64,119,72,61,11,47,18,0,8,10,11
S01010484,65 to 74,53,27,23,4,26,1,1,2,5,17
S01010484,75 to 84,24,7,7,0,17,3,0,0,1,13
S01010484,85 and over,8,3,3,0,5,0,0,0,0,5
S01010485,All people aged 16 and over in households,794,426,356,70,368,214,10,29,31,84
S01010485,16 to 24,118,4,0,4,114,114,0,0,0,0
S01010485,25 to 34,73,34,16,18,39,34,2,2,1,0
S01010485,35 to 49,235,175,138,37,60,32,5,13,9,1
S01010485,50 to 64,198,137,126,11,61,24,2,9,16,10
S01010485,65 to 74,60,29,29,0,31,5,0,1,4,21
S01010485,75 to 84,77,40,40,0,37,4,1,4,0,28
S01010485,85 and over,33,7,7,0,26,1,0,0,1,24
S01010486,All people aged 16 and over in households,784,510,440,70,274,178,5,14,19,58
S01010486,16 to 24,111,6,0,6,105,105,0,0,0,0
S01010486,25 to 34,70,38,23,15,32,32,0,0,0,0
S01010486,35 to 49,231,193,158,35,38,21,1,8,7,1
S01010486,50 to 64,231,204,190,14,27,10,1,6,8,2
S01010486,65 to 74,66,37,37,0,29,4,1,0,2,22
S01010486,75 to 84,63,31,31,0,32,5,2,0,2,23
S01010486,85 and over,12,1,1,0,11,1,0,0,0,10
S01010487,All people aged 16 and over in households,815,410,338,72,405,218,7,25,38,117
S01010487,16 to 24,93,1,1,0,92,92,0,0,0,0
S01010487,25 to 34,97,47,35,12,50,43,2,4,1,0
S01010487,35 to 49,213,150,121,29,63,33,4,11,14,1
S01010487,50 to 64,200,134,109,25,66,36,1,9,14,6
S01010487,65 to 74,80,49,44,5,31,3,0,1,6,21
S01010487,75 to 84,87,26,25,1,61,8,0,0,3,50
S01010487,85 and over,45,3,3,0,42,3,0,0,0,39
S01010488,All people aged 16 and over in households,583,224,134,90,359,248,4,33,37,37
S01010488,16 to 24,107,12,0,12,95,94,1,0,0,0
S01010488,25 to 34,136,51,14,37,85,73,3,6,2,1
S01010488,35 to 49,169,72,43,29,97,69,0,14,12,2
S01010488,50 to 64,122,69,57,12,53,12,0,12,19,10
S01010488,65 to 74,25,13,13,0,12,0,0,1,3,8
S01010488,75 to 84,21,6,6,0,15,0,0,0,1,14
S01010488,85 and over,3,1,1,0,2,0,0,0,0,2
S01010489,All people aged 16 and over in households,757,309,203,106,448,267,3,32,76,70
S01010489,16 to 24,116,13,2,11,103,103,0,0,0,0
S01010489,25 to 34,139,66,19,47,73,68,2,3,0,0
S01010489,35 to 49,186,98,56,42,88,55,1,10,19,3
S01010489,50 to 64,168,86,81,5,82,25,0,11,35,11
S01010489,65 to 74,89,30,29,1,59,10,0,8,19,22
S01010489,75 to 84,37,12,12,0,25,4,0,0,2,19
S01010489,85 and over,22,4,4,0,18,2,0,0,1,15
S01010490,All people aged 16 and over in households,526,172,110,62,354,268,6,22,30,28
S01010490,16 to 24,123,8,0,8,115,115,0,0,0,0
S01010490,25 to 34,131,50,18,32,81,79,2,0,0,0
S01010490,35 to 49,147,60,38,22,87,59,4,12,11,1
S01010490,50 to 64,74,36,36,0,38,14,0,7,14,3
S01010490,65 to 74,33,16,16,0,17,1,0,2,5,9
S01010490,75 to 84,12,2,2,0,10,0,0,1,0,9
S01010490,85 and over,6,0,0,0,6,0,0,0,0,6
S01010491,All people aged 16 and over in households,633,214,130,84,419,286,5,28,69,31
S01010491,16 to 24,116,17,3,14,99,98,0,1,0,0
S01010491,25 to 34,170,68,23,45,102,94,0,4,4,0
S01010491,35 to 49,173,66,46,20,107,77,2,9,19,0
S01010491,50 to 64,110,47,43,4,63,13,2,9,33,6
S01010491,65 to 74,41,14,13,1,27,2,1,5,12,7
S01010491,75 to 84,16,2,2,0,14,1,0,0,1,12
S01010491,85 and over,7,0,0,0,7,1,0,0,0,6
S01010492,All people aged 16 and over in households,425,118,84,34,307,193,1,26,48,39
S01010492,16 to 24,85,2,0,2,83,83,0,0,0,0
S01010492,25 to 34,58,18,10,8,40,37,0,3,0,0
S01010492,35 to 49,121,42,25,17,79,53,1,12,12,1
S01010492,50 to 64,77,38,31,7,39,11,0,7,18,3
S01010492,65 to 74,54,14,14,0,40,8,0,4,13,15
S01010492,75 to 84,19,2,2,0,17,1,0,0,3,13
S01010492,85 and over,11,2,2,0,9,0,0,0,2,7
S01010493,All people aged 16 and over in households,487,164,90,74,323,235,2,24,37,25
S01010493,16 to 24,97,17,0,17,80,80,0,0,0,0
S01010493,25 to 34,113,42,17,25,71,68,0,3,0,0
S01010493,35 to 49,159,52,28,24,107,74,1,13,14,5
S01010493,50 to 64,86,44,37,7,42,10,1,2,19,10
S01010493,65 to 74,18,3,3,0,15,3,0,6,3,3
S01010493,75 to 84,12,4,4,0,8,0,0,0,1,7
S01010493,85 and over,2,2,1,1,0,0,0,0,0,0
S01010494,All people aged 16 and over in households,467,220,174,46,247,183,0,8,37,19
S01010494,16 to 24,91,6,1,5,85,85,0,0,0,0
S01010494,25 to 34,83,40,20,20,43,42,0,1,0,0
S01010494,35 to 49,160,90,73,17,70,47,0,4,17,2
S01010494,50 to 64,103,71,67,4,32,9,0,3,13,7
S01010494,65 to 74,27,12,12,0,15,0,0,0,7,8
S01010494,75 to 84,0,0,0,0,0,0,0,0,0,0
S01010494,85 and over,3,1,1,0,2,0,0,0,0,2
S01010495,All people aged 16 and over in households,644,180,114,66,464,317,3,34,79,31
S01010495,16 to 24,120,9,2,7,111,111,0,0,0,0
S01010495,25 to 34,153,41,14,27,112,105,0,3,4,0
S01010495,35 to 49,174,54,38,16,120,82,1,13,22,2
S01010495,50 to 64,136,61,47,14,75,14,0,12,43,6
S01010495,65 to 74,43,11,9,2,32,3,0,6,8,15
S01010495,75 to 84,15,3,3,0,12,1,2,0,2,7
S01010495,85 and over,3,1,1,0,2,1,0,0,0,1
S01010496,All people aged 16 and over in households,620,200,130,70,420,275,5,35,55,50
S01010496,16 to 24,127,13,2,11,114,113,0,0,0,1
S01010496,25 to 34,115,43,20,23,72,66,3,2,1,0
S01010496,35 to 49,165,67,45,22,98,71,1,14,10,2
S01010496,50 to 64,132,50,40,10,82,22,1,14,37,8
S01010496,65 to 74,41,15,11,4,26,2,0,4,4,16
S01010496,75 to 84,29,9,9,0,20,1,0,1,3,15
S01010496,85 and over,11,3,3,0,8,0,0,0,0,8
S01010497,All people aged 16 and over in households,552,244,160,84,308,223,4,23,40,18
S01010497,16 to 24,108,7,2,5,101,101,0,0,0,0
S01010497,25 to 34,106,48,26,22,58,50,1,4,3,0
S01010497,35 to 49,178,106,65,41,72,50,2,8,11,1
S01010497,50 to 64,129,74,63,11,55,19,0,8,22,6
S01010497,65 to 74,26,7,2,5,19,3,1,3,4,8
S01010497,75 to 84,5,2,2,0,3,0,0,0,0,3
S01010497,85 and over,0,0,0,0,0,0,0,0,0,0
S01010498,All people aged 16 and over in households,642,232,148,84,410,283,3,27,51,46
S01010498,16 to 24,113,6,0,6,107,106,0,1,0,0
S01010498,25 to 34,120,40,18,22,80,77,1,2,0,0
S01010498,35 to 49,182,73,40,33,109,76,1,13,18,1
S01010498,50 to 64,155,88,68,20,67,17,1,9,30,10
S01010498,65 to 74,54,23,20,3,31,3,0,2,3,23
S01010498,75 to 84,13,2,2,0,11,2,0,0,0,9
S01010498,85 and over,5,0,0,0,5,2,0,0,0,3
S01010499,All people aged 16 and over in households,640,160,102,58,480,319,8,28,69,56
S01010499,16 to 24,116,18,3,15,98,96,2,0,0,0
S01010499,25 to 34,134,32,12,20,102,98,2,1,1,0
S01010499,35 to 49,153,38,26,12,115,81,3,13,17,1
S01010499,50 to 64,116,39,33,6,77,31,0,8,34,4
S01010499,65 to 74,59,18,15,3,41,8,0,6,13,14
S01010499,75 to 84,38,10,10,0,28,5,1,0,4,18
S01010499,85 and over,24,5,3,2,19,0,0,0,0,19
S01010500,All people aged 16 and over in households,747,298,206,92,449,324,3,36,51,35
S01010500,16 to 24,146,9,1,8,137,137,0,0,0,0
S01010500,25 to 34,152,62,33,29,90,84,0,4,2,0
S01010500,35 to 49,246,124,83,41,122,77,0,18,24,3
S01010500,50 to 64,140,79,69,10,61,22,2,9,17,11
S01010500,65 to 74,48,19,15,4,29,4,1,4,7,13
S01010500,75 to 84,13,5,5,0,8,0,0,1,1,6
S01010500,85 and over,2,0,0,0,2,0,0,0,0,2
S01010501,All people aged 16 and over in households,728,310,218,92,418,265,2,35,55,61
S01010501,16 to 24,106,15,3,12,91,91,0,0,0,0
S01010501,25 to 34,145,62,32,30,83,75,0,7,1,0
S01010501,35 to 49,198,110,75,35,88,58,1,9,19,1
S01010501,50 to 64,159,86,76,10,73,30,0,13,24,6
S01010501,65 to 74,65,28,24,4,37,5,0,6,9,17
S01010501,75 to 84,32,7,6,1,25,4,1,0,2,18
S01010501,85 and over,23,2,2,0,21,2,0,0,0,19
S01010502,All people aged 16 and over in households,612,302,216,86,310,201,3,30,53,23
S01010502,16 to 24,103,12,0,12,91,91,0,0,0,0
S01010502,25 to 34,115,57,34,23,58,52,2,4,0,0
S01010502,35 to 49,211,136,100,36,75,44,1,13,17,0
S01010502,50 to 64,142,82,70,12,60,13,0,10,28,9
S01010502,65 to 74,28,13,10,3,15,0,0,3,7,5
S01010502,75 to 84,10,1,1,0,9,1,0,0,1,7
S01010502,85 and over,3,1,1,0,2,0,0,0,0,2
S01010503,All people aged 16 and over in households,547,184,126,58,363,218,7,24,52,62
S01010503,16 to 24,85,10,0,10,75,74,0,1,0,0
S01010503,25 to 34,81,20,5,15,61,54,3,4,0,0
S01010503,35 to 49,149,59,35,24,90,64,1,6,17,2
S01010503,50 to 64,120,55,49,6,65,17,1,9,27,11
S01010503,65 to 74,68,27,26,1,41,9,1,4,6,21
S01010503,75 to 84,35,11,11,0,24,0,1,0,2,21
S01010503,85 and over,9,2,0,2,7,0,0,0,0,7
S01010504,All people aged 16 and over in households,433,284,228,56,149,71,8,15,23,32
S01010504,16 to 24,28,3,0,3,25,25,0,0,0,0
S01010504,25 to 34,28,12,2,10,16,15,0,0,0,1
S01010504,35 to 49,110,80,66,14,30,15,1,7,6,1
S01010504,50 to 64,153,116,93,23,37,7,7,6,12,5
S01010504,65 to 74,70,46,42,4,24,6,0,2,5,11
S01010504,75 to 84,33,24,22,2,9,1,0,0,0,8
S01010504,85 and over,11,3,3,0,8,2,0,0,0,6
S01010505,All people aged 16 and over in households,453,288,222,66,165,96,8,9,23,29
S01010505,16 to 24,40,2,0,2,38,37,0,1,0,0
S01010505,25 to 34,39,21,7,14,18,18,0,0,0,0
S01010505,35 to 49,130,98,71,27,32,22,2,5,3,0
S01010505,50 to 64,140,105,85,20,35,9,3,1,13,9
S01010505,65 to 74,74,55,52,3,19,5,3,1,6,4
S01010505,75 to 84,23,6,6,0,17,3,0,1,1,12
S01010505,85 and over,7,1,1,0,6,2,0,0,0,4
S01010506,All people aged 16 and over in households,682,416,356,60,266,154,11,11,42,48
S01010506,16 to 24,61,4,1,3,57,57,0,0,0,0
S01010506,25 to 34,60,30,18,12,30,29,0,1,0,0
S01010506,35 to 49,192,132,104,28,60,37,3,6,13,1
S01010506,50 to 64,207,150,134,16,57,19,4,4,21,9
S01010506,65 to 74,102,73,72,1,29,8,1,0,8,12
S01010506,75 to 84,48,25,25,0,23,4,2,0,0,17
S01010506,85 and over,12,2,2,0,10,0,1,0,0,9
S01010507,All people aged 16 and over in households,641,360,292,68,281,175,3,18,41,44
S01010507,16 to 24,87,5,0,5,82,80,0,2,0,0
S01010507,25 to 34,98,54,29,25,44,38,0,4,2,0
S01010507,35 to 49,179,125,101,24,54,35,3,6,10,0
S01010507,50 to 64,156,107,98,9,49,10,0,6,23,10
S01010507,65 to 74,66,38,34,4,28,6,0,0,5,17
S01010507,75 to 84,48,30,29,1,18,5,0,0,1,12
S01010507,85 and over,7,1,1,0,6,1,0,0,0,5
S01010508,All people aged 16 and over in households,793,500,398,102,293,153,11,13,50,66
S01010508,16 to 24,53,4,0,4,49,48,0,1,0,0
S01010508,25 to 34,73,37,23,14,36,34,2,0,0,0
S01010508,35 to 49,214,163,110,53,51,31,5,3,11,1
S01010508,50 to 64,237,166,145,21,71,32,1,8,24,6
S01010508,65 to 74,138,95,89,6,43,3,2,1,10,27
S01010508,75 to 84,65,32,30,2,33,3,1,0,5,24
S01010508,85 and over,13,3,1,2,10,2,0,0,0,8
S01010509,All people aged 16 and over in households,776,532,434,98,244,159,6,9,29,41
S01010509,16 to 24,70,5,0,5,65,65,0,0,0,0
S01010509,25 to 34,86,47,25,22,39,39,0,0,0,0
S01010509,35 to 49,237,186,137,49,51,34,2,6,8,1
S01010509,50 to 64,238,199,180,19,39,11,3,3,13,9
S01010509,65 to 74,87,66,64,2,21,5,0,0,7,9
S01010509,75 to 84,46,26,25,1,20,3,1,0,1,15
S01010509,85 and over,12,3,3,0,9,2,0,0,0,7
S01010510,All people aged 16 and over in households,653,410,352,58,243,124,2,11,36,70
S01010510,16 to 24,55,3,0,3,52,52,0,0,0,0
S01010510,25 to 34,81,41,22,19,40,36,0,1,3,0
S01010510,35 to 49,135,104,88,16,31,18,1,5,6,1
S01010510,50 to 64,185,141,124,17,44,8,0,5,18,13
S01010510,65 to 74,106,74,73,1,32,8,0,0,5,19
S01010510,75 to 84,73,40,39,1,33,1,1,0,3,28
S01010510,85 and over,18,7,6,1,11,1,0,0,1,9
S01010511,All people aged 16 and over in households,669,354,272,82,315,166,8,19,67,55
S01010511,16 to 24,100,18,3,15,82,80,2,0,0,0
S01010511,25 to 34,88,50,31,19,38,35,1,2,0,0
S01010511,35 to 49,186,121,90,31,65,34,3,9,18,1
S01010511,50 to 64,179,121,111,10,58,11,0,5,31,11
S01010511,65 to 74,67,32,28,4,35,5,1,3,12,14
S01010511,75 to 84,38,12,9,3,26,1,1,0,6,18
S01010511,85 and over,11,0,0,0,11,0,0,0,0,11
S01010512,All people aged 16 and over in households,501,280,224,56,221,106,9,4,40,62
S01010512,16 to 24,51,8,2,6,43,43,0,0,0,0
S01010512,25 to 34,71,43,26,17,28,24,3,0,1,0
S01010512,35 to 49,120,84,62,22,36,20,0,1,15,0
S01010512,50 to 64,111,74,65,9,37,15,2,3,11,6
S01010512,65 to 74,67,41,39,2,26,2,1,0,9,14
S01010512,75 to 84,62,29,29,0,33,1,3,0,3,26
S01010512,85 and over,19,1,1,0,18,1,0,0,1,16
S01010513,All people aged 16 and over in households,608,426,358,68,182,104,5,5,30,38
S01010513,16 to 24,61,9,0,9,52,52,0,0,0,0
S01010513,25 to 34,60,32,15,17,28,25,0,3,0,0
S01010513,35 to 49,177,148,124,24,29,14,1,0,13,1
S01010513,50 to 64,176,153,138,15,23,7,2,1,10,3
S01010513,65 to 74,92,66,63,3,26,5,1,1,6,13
S01010513,75 to 84,33,15,15,0,18,1,1,0,1,15
S01010513,85 and over,9,3,3,0,6,0,0,0,0,6
S01010514,All people aged 16 and over in households,558,328,260,68,230,122,7,16,31,54
S01010514,16 to 24,78,13,3,10,65,65,0,0,0,0
S01010514,25 to 34,72,45,20,25,27,25,0,0,2,0
S01010514,35 to 49,162,119,101,18,43,19,2,10,12,0
S01010514,50 to 64,135,96,83,13,39,9,5,5,12,8
S01010514,65 to 74,57,45,44,1,12,2,0,0,4,6
S01010514,75 to 84,44,10,9,1,34,2,0,1,1,30
S01010514,85 and over,10,0,0,0,10,0,0,0,0,10
S01010515,All people aged 16 and over in households,662,388,304,84,274,142,8,20,43,61
S01010515,16 to 24,83,13,2,11,70,68,2,0,0,0
S01010515,25 to 34,91,50,26,24,41,34,2,4,1,0
S01010515,35 to 49,181,129,99,30,52,24,1,10,15,2
S01010515,50 to 64,167,114,100,14,53,12,2,4,20,15
S01010515,65 to 74,78,51,48,3,27,1,1,2,4,19
S01010515,75 to 84,54,28,26,2,26,3,0,0,3,20
S01010515,85 and over,8,3,3,0,5,0,0,0,0,5
S01010516,All people aged 16 and over in households,462,284,234,50,178,95,6,17,26,34
S01010516,16 to 24,35,9,3,6,26,26,0,0,0,0
S01010516,25 to 34,58,22,9,13,36,33,0,3,0,0
S01010516,35 to 49,119,75,55,20,44,24,1,7,12,0
S01010516,50 to 64,148,117,109,8,31,5,2,5,11,8
S01010516,65 to 74,65,42,40,2,23,2,2,2,2,15
S01010516,75 to 84,26,16,16,0,10,3,0,0,1,6
S01010516,85 and over,11,3,2,1,8,2,1,0,0,5
S01010517,All people aged 16 and over in households,675,364,272,92,311,209,6,11,44,41
S01010517,16 to 24,106,16,4,12,90,90,0,0,0,0
S01010517,25 to 34,114,61,31,30,53,47,2,2,2,0
S01010517,35 to 49,199,127,89,38,72,49,2,6,15,0
S01010517,50 to 64,151,105,96,9,46,13,2,3,17,11
S01010517,65 to 74,62,41,38,3,21,4,0,0,6,11
S01010517,75 to 84,36,14,14,0,22,3,0,0,2,17
S01010517,85 and over,7,0,0,0,7,3,0,0,2,2
S01010518,All people aged 16 and over in households,543,310,230,80,233,148,6,15,32,32
S01010518,16 to 24,99,26,6,20,73,72,1,0,0,0
S01010518,25 to 34,104,61,25,36,43,39,2,2,0,0
S01010518,35 to 49,111,80,62,18,31,17,0,5,8,1
S01010518,50 to 64,143,96,90,6,47,15,2,7,16,7
S01010518,65 to 74,53,32,32,0,21,2,1,1,7,10
S01010518,75 to 84,25,13,13,0,12,3,0,0,1,8
S01010518,85 and over,8,2,2,0,6,0,0,0,0,6
S01010519,All people aged 16 and over in households,568,342,278,64,226,143,4,13,42,24
S01010519,16 to 24,90,8,1,7,82,81,1,0,0,0
S01010519,25 to 34,88,53,38,15,35,31,1,1,2,0
S01010519,35 to 49,169,123,94,29,46,20,1,8,15,2
S01010519,50 to 64,131,94,82,12,37,10,1,3,18,5
S01010519,65 to 74,64,48,47,1,16,1,0,1,6,8
S01010519,75 to 84,24,16,16,0,8,0,0,0,0,8
S01010519,85 and over,2,0,0,0,2,0,0,0,1,1
S01010520,All people aged 16 and over in households,755,466,346,120,289,147,7,14,43,78
S01010520,16 to 24,79,16,0,16,63,63,0,0,0,0
S01010520,25 to 34,100,71,27,44,29,25,0,2,2,0
S01010520,35 to 49,223,169,127,42,54,30,3,7,14,0
S01010520,50 to 64,171,115,105,10,56,22,1,4,20,9
S01010520,65 to 74,94,57,53,4,37,4,3,1,5,24
S01010520,75 to 84,64,34,30,4,30,3,0,0,2,25
S01010520,85 and over,24,4,4,0,20,0,0,0,0,20
S01010521,All people aged 16 and over in households,594,338,252,86,256,142,4,15,49,46
S01010521,16 to 24,68,15,4,11,53,53,0,0,0,0
S01010521,25 to 34,103,65,28,37,38,36,0,1,1,0
S01010521,35 to 49,158,111,89,22,47,26,0,4,17,0
S01010521,50 to 64,141,93,80,13,48,18,3,5,18,4
S01010521,65 to 74,79,41,38,3,38,7,1,5,10,15
S01010521,75 to 84,43,13,13,0,30,2,0,0,2,26
S01010521,85 and over,2,0,0,0,2,0,0,0,1,1
S01010522,All people aged 16 and over in households,478,243,180,63,235,151,2,8,39,35
S01010522,16 to 24,67,15,0,15,52,50,0,0,2,0
S01010522,25 to 34,77,45,23,22,32,30,0,1,1,0
S01010522,35 to 49,151,93,75,18,58,41,0,3,13,1
S01010522,50 to 64,93,58,51,7,35,20,1,0,11,3
S01010522,65 to 74,39,22,21,1,17,3,0,1,6,7
S01010522,75 to 84,38,10,10,0,28,4,0,3,5,16
S01010522,85 and over,13,0,0,0,13,3,1,0,1,8
S01010523,All people aged 16 and over in households,457,256,168,88,201,123,3,15,36,24
S01010523,16 to 24,65,18,5,13,47,45,0,2,0,0
S01010523,25 to 34,107,65,26,39,42,38,1,3,0,0
S01010523,35 to 49,136,80,54,26,56,32,1,6,16,1
S01010523,50 to 64,89,58,48,10,31,4,1,3,15,8
S01010523,65 to 74,36,22,22,0,14,2,0,1,4,7
S01010523,75 to 84,22,13,13,0,9,2,0,0,1,6
S01010523,85 and over,2,0,0,0,2,0,0,0,0,2
S01010524,All people aged 16 and over in households,450,318,272,46,132,85,4,4,16,23
S01010524,16 to 24,27,4,0,4,23,23,0,0,0,0
S01010524,25 to 34,37,14,8,6,23,22,0,0,1,0
S01010524,35 to 49,94,73,61,12,21,16,1,2,1,1
S01010524,50 to 64,185,154,133,21,31,12,1,2,10,6
S01010524,65 to 74,61,48,45,3,13,7,0,0,3,3
S01010524,75 to 84,40,23,23,0,17,2,2,0,1,12
S01010524,85 and over,6,2,2,0,4,3,0,0,0,1
S01010525,All people aged 16 and over in households,513,354,310,44,159,89,9,6,24,31
S01010525,16 to 24,53,1,0,1,52,52,0,0,0,0
S01010525,25 to 34,30,18,8,10,12,10,2,0,0,0
S01010525,35 to 49,137,111,95,16,26,15,3,2,6,0
S01010525,50 to 64,142,115,105,10,27,5,2,3,10,7
S01010525,65 to 74,92,79,74,5,13,3,1,0,4,5
S01010525,75 to 84,45,23,21,2,22,4,1,1,4,12
S01010525,85 and over,14,7,7,0,7,0,0,0,0,7
S01010526,All people aged 16 and over in households,648,390,302,88,258,148,5,12,39,54
S01010526,16 to 24,57,5,0,5,52,52,0,0,0,0
S01010526,25 to 34,81,55,26,29,26,23,0,0,2,1
S01010526,35 to 49,174,122,90,32,52,32,2,4,14,0
S01010526,50 to 64,189,142,126,16,47,25,3,5,10,4
S01010526,65 to 74,73,44,38,6,29,10,0,3,10,6
S01010526,75 to 84,56,20,20,0,36,5,0,0,3,28
S01010526,85 and over,18,2,2,0,16,1,0,0,0,15
S01010527,All people aged 16 and over in households,735,390,290,100,345,160,5,28,61,91
S01010527,16 to 24,65,14,3,11,51,51,0,0,0,0
S01010527,25 to 34,96,45,27,18,51,47,2,0,2,0
S01010527,35 to 49,176,112,75,37,64,32,1,12,17,2
S01010527,50 to 64,210,136,112,24,74,20,2,14,24,14
S01010527,65 to 74,104,60,50,10,44,1,0,2,16,25
S01010527,75 to 84,54,16,16,0,38,7,0,0,2,29
S01010527,85 and over,30,7,7,0,23,2,0,0,0,21
S01010528,All people aged 16 and over in households,496,318,282,36,178,111,3,4,27,33
S01010528,16 to 24,49,3,1,2,46,46,0,0,0,0
S01010528,25 to 34,56,32,19,13,24,24,0,0,0,0
S01010528,35 to 49,141,116,102,14,25,15,0,2,8,0
S01010528,50 to 64,144,110,103,7,34,11,2,2,12,7
S01010528,65 to 74,48,38,38,0,10,2,0,0,1,7
S01010528,75 to 84,47,17,17,0,30,10,1,0,5,14
S01010528,85 and over,11,2,2,0,9,3,0,0,1,5
S01010529,All people aged 16 and over in households,571,382,326,56,189,118,6,9,21,35
S01010529,16 to 24,55,4,2,2,51,51,0,0,0,0
S01010529,25 to 34,60,42,27,15,18,18,0,0,0,0
S01010529,35 to 49,140,115,97,18,25,18,0,4,3,0
S01010529,50 to 64,179,129,110,19,50,24,6,4,12,4
S01010529,65 to 74,81,71,69,2,10,1,0,1,4,4
S01010529,75 to 84,43,20,20,0,23,4,0,0,1,18
S01010529,85 and over,13,1,1,0,12,2,0,0,1,9
S01010530,All people aged 16 and over in households,532,374,310,64,158,81,5,7,23,42
S01010530,16 to 24,40,4,0,4,36,36,0,0,0,0
S01010530,25 to 34,50,34,20,14,16,15,0,1,0,0
S01010530,35 to 49,122,95,72,23,27,15,3,5,1,3
S01010530,50 to 64,193,164,144,20,29,9,2,1,10,7
S01010530,65 to 74,82,54,51,3,28,4,0,0,9,15
S01010530,75 to 84,39,21,21,0,18,2,0,0,3,13
S01010530,85 and over,6,2,2,0,4,0,0,0,0,4
S01010531,All people aged 16 and over in households,906,580,482,98,326,168,8,14,47,89
S01010531,16 to 24,80,7,1,6,73,73,0,0,0,0
S01010531,25 to 34,102,56,32,24,46,42,2,0,2,0
S01010531,35 to 49,209,163,130,33,46,20,2,10,12,2
S01010531,50 to 64,265,204,183,21,61,17,2,4,24,14
S01010531,65 to 74,123,96,87,9,27,8,1,0,3,15
S01010531,75 to 84,91,46,44,2,45,5,0,0,4,36
S01010531,85 and over,36,8,5,3,28,3,1,0,2,22
S01010532,All people aged 16 and over in households,457,316,262,54,141,84,2,9,14,32
S01010532,16 to 24,45,6,0,6,39,39,0,0,0,0
S01010532,25 to 34,35,20,7,13,15,14,0,1,0,0
S01010532,35 to 49,114,98,80,18,16,14,0,1,1,0
S01010532,50 to 64,139,102,88,14,37,14,2,5,8,8
S01010532,65 to 74,73,58,56,2,15,3,0,2,3,7
S01010532,75 to 84,44,30,29,1,14,0,0,0,2,12
S01010532,85 and over,7,2,2,0,5,0,0,0,0,5
S01010533,All people aged 16 and over in households,488,294,248,46,194,97,3,13,27,54
S01010533,16 to 24,50,7,0,7,43,42,0,0,1,0
S01010533,25 to 34,40,20,6,14,20,19,0,0,1,0
S01010533,35 to 49,110,85,75,10,25,13,0,7,4,1
S01010533,50 to 64,131,99,87,12,32,12,1,5,8,6
S01010533,65 to 74,74,53,52,1,21,1,1,1,6,12
S01010533,75 to 84,60,25,23,2,35,8,1,0,5,21
S01010533,85 and over,23,5,5,0,18,2,0,0,2,14
S01010534,All people aged 16 and over in households,703,438,356,82,265,146,6,15,46,52
S01010534,16 to 24,82,7,1,6,75,74,0,0,1,0
S01010534,25 to 34,84,46,24,22,38,32,0,2,3,1
S01010534,35 to 49,200,148,106,42,52,28,2,5,14,3
S01010534,50 to 64,201,160,148,12,41,5,3,7,19,7
S01010534,65 to 74,84,62,62,0,22,3,0,1,5,13
S01010534,75 to 84,36,11,11,0,25,1,0,0,4,20
S01010534,85 and over,16,4,4,0,12,3,1,0,0,8
S01010535,All people aged 16 and over in households,556,372,318,54,184,94,9,17,37,27
S01010535,16 to 24,51,4,1,3,47,47,0,0,0,0
S01010535,25 to 34,50,31,11,20,19,13,0,4,2,0
S01010535,35 to 49,156,118,101,17,38,18,1,5,13,1
S01010535,50 to 64,159,122,110,12,37,10,3,7,12,5
S01010535,65 to 74,92,73,71,2,19,3,0,1,6,9
S01010535,75 to 84,44,22,22,0,22,3,4,0,4,11
S01010535,85 and over,4,2,2,0,2,0,1,0,0,1
S01010536,All people aged 16 and over in households,695,396,282,114,299,159,2,18,54,66
S01010536,16 to 24,78,15,4,11,63,63,0,0,0,0
S01010536,25 to 34,105,62,38,24,43,36,1,3,3,0
S01010536,35 to 49,189,143,92,51,46,28,0,6,9,3
S01010536,50 to 64,156,97,74,23,59,22,0,9,23,5
S01010536,65 to 74,95,49,44,5,46,8,1,0,17,20
S01010536,75 to 84,49,28,28,0,21,0,0,0,2,19
S01010536,85 and over,23,2,2,0,21,2,0,0,0,19
S01010537,All people aged 16 and over in households,570,302,214,88,268,165,5,12,39,47
S01010537,16 to 24,77,15,1,14,62,62,0,0,0,0
S01010537,25 to 34,86,42,13,29,44,42,0,1,1,0
S01010537,35 to 49,130,80,61,19,50,30,3,5,11,1
S01010537,50 to 64,165,101,82,19,64,25,2,6,17,14
S01010537,65 to 74,70,48,43,5,22,4,0,0,6,12
S01010537,75 to 84,31,12,10,2,19,1,0,0,4,14
S01010537,85 and over,11,4,4,0,7,1,0,0,0,6
S01010538,All people aged 16 and over in households,598,376,266,110,222,157,3,15,33,14
S01010538,16 to 24,84,17,7,10,67,67,0,0,0,0
S01010538,25 to 34,134,73,37,36,61,57,0,1,3,0
S01010538,35 to 49,215,169,118,51,46,27,1,5,12,1
S01010538,50 to 64,121,86,74,12,35,5,1,9,16,4
S01010538,65 to 74,29,21,20,1,8,1,0,0,2,5
S01010538,75 to 84,11,8,8,0,3,0,0,0,0,3
S01010538,85 and over,4,2,2,0,2,0,1,0,0,1
S01010539,All people aged 16 and over in households,859,531,356,175,328,200,11,22,46,49
S01010539,16 to 24,83,23,3,20,60,58,0,1,1,0
S01010539,25 to 34,177,114,47,67,63,58,2,0,3,0
S01010539,35 to 49,210,149,95,54,61,42,2,9,7,1
S01010539,50 to 64,246,159,127,32,87,31,7,9,30,10
S01010539,65 to 74,94,64,63,1,30,6,0,3,3,18
S01010539,75 to 84,42,21,20,1,21,5,0,0,2,14
S01010539,85 and over,7,1,1,0,6,0,0,0,0,6
S01010540,All people aged 16 and over in households,538,344,272,72,194,109,9,11,25,40
S01010540,16 to 24,58,5,0,5,53,53,0,0,0,0
S01010540,25 to 34,49,27,13,14,22,18,2,0,2,0
S01010540,35 to 49,137,103,65,38,34,22,2,3,6,1
S01010540,50 to 64,143,109,95,14,34,9,4,2,14,5
S01010540,65 to 74,86,65,64,1,21,3,0,5,2,11
S01010540,75 to 84,54,32,32,0,22,4,1,1,1,15
S01010540,85 and over,11,3,3,0,8,0,0,0,0,8
S01010541,All people aged 16 and over in households,687,474,394,80,213,122,6,14,39,32
S01010541,16 to 24,68,10,1,9,58,57,1,0,0,0
S01010541,25 to 34,75,42,19,23,33,30,0,3,0,0
S01010541,35 to 49,180,144,114,30,36,16,1,5,12,2
S01010541,50 to 64,210,157,143,14,53,12,4,6,25,6
S01010541,65 to 74,99,87,83,4,12,4,0,0,2,6
S01010541,75 to 84,46,30,30,0,16,3,0,0,0,13
S01010541,85 and over,9,4,4,0,5,0,0,0,0,5
S01010542,All people aged 16 and over in households,730,480,412,68,250,138,8,19,35,50
S01010542,16 to 24,65,6,3,3,59,59,0,0,0,0
S01010542,25 to 34,65,33,16,17,32,31,0,0,1,0
S01010542,35 to 49,159,124,107,17,35,23,0,9,3,0
S01010542,50 to 64,251,200,178,22,51,12,6,10,19,4
S01010542,65 to 74,108,87,80,7,21,2,1,0,8,10
S01010542,75 to 84,58,27,26,1,31,8,1,0,4,18
S01010542,85 and over,24,3,2,1,21,3,0,0,0,18
S01010543,All people aged 16 and over in households,502,350,294,56,152,93,4,9,17,29
S01010543,16 to 24,45,4,1,3,41,41,0,0,0,0
S01010543,25 to 34,50,32,13,19,18,16,0,2,0,0
S01010543,35 to 49,141,117,97,20,24,17,0,3,3,1
S01010543,50 to 64,151,125,115,10,26,9,1,2,9,5
S01010543,65 to 74,77,52,49,3,25,7,1,0,3,14
S01010543,75 to 84,27,16,15,1,11,2,2,0,2,5
S01010543,85 and over,11,4,4,0,7,1,0,2,0,4
S01010544,All people aged 16 and over in households,678,424,348,76,254,131,3,18,43,59
S01010544,16 to 24,72,10,0,10,62,62,0,0,0,0
S01010544,25 to 34,94,58,29,29,36,33,2,0,1,0
S01010544,35 to 49,172,132,107,25,40,19,0,9,11,1
S01010544,50 to 64,182,135,127,8,47,10,0,9,20,8
S01010544,65 to 74,91,63,60,3,28,3,1,0,8,16
S01010544,75 to 84,49,24,23,1,25,4,0,0,2,19
S01010544,85 and over,18,2,2,0,16,0,0,0,1,15
S01010545,All people aged 16 and over in households,577,348,278,70,229,106,6,23,30,64
S01010545,16 to 24,46,5,0,5,41,41,0,0,0,0
S01010545,25 to 34,74,48,22,26,26,20,1,5,0,0
S01010545,35 to 49,149,106,76,30,43,29,1,7,6,0
S01010545,50 to 64,149,107,98,9,42,8,3,8,18,5
S01010545,65 to 74,82,59,59,0,23,5,1,2,5,10
S01010545,75 to 84,48,17,17,0,31,2,0,1,1,27
S01010545,85 and over,29,6,6,0,23,1,0,0,0,22
S01010546,All people aged 16 and over in households,631,380,290,90,251,125,12,13,39,62
S01010546,16 to 24,65,10,3,7,55,54,0,1,0,0
S01010546,25 to 34,78,48,18,30,30,26,3,1,0,0
S01010546,35 to 49,153,110,81,29,43,24,4,6,9,0
S01010546,50 to 64,156,119,99,20,37,11,0,5,14,7
S01010546,65 to 74,75,46,44,2,29,3,2,0,12,12
S01010546,75 to 84,73,35,33,2,38,7,3,0,3,25
S01010546,85 and over,31,12,12,0,19,0,0,0,1,18
S01010547,All people aged 16 and over in households,619,426,338,88,193,119,3,9,29,33
S01010547,16 to 24,68,13,4,9,55,55,0,0,0,0
S01010547,25 to 34,52,29,11,18,23,23,0,0,0,0
S01010547,35 to 49,179,142,104,38,37,23,2,5,6,1
S01010547,50 to 64,170,139,127,12,31,8,0,2,16,5
S01010547,65 to 74,95,66,61,5,29,7,1,2,6,13
S01010547,75 to 84,45,32,27,5,13,3,0,0,1,9
S01010547,85 and over,10,5,4,1,5,0,0,0,0,5
S01010548,All people aged 16 and over in households,572,414,348,66,158,70,7,6,26,49
S01010548,16 to 24,39,1,0,1,38,38,0,0,0,0
S01010548,25 to 34,38,28,9,19,10,9,0,1,0,0
S01010548,35 to 49,110,96,75,21,14,7,0,2,5,0
S01010548,50 to 64,171,137,117,20,34,9,3,3,13,6
S01010548,65 to 74,127,103,100,3,24,5,1,0,5,13
S01010548,75 to 84,63,39,38,1,24,2,1,0,3,18
S01010548,85 and over,24,10,9,1,14,0,2,0,0,12
S01010549,All people aged 16 and over in households,703,546,466,80,157,82,3,11,36,25
S01010549,16 to 24,62,16,2,14,46,46,0,0,0,0
S01010549,25 to 34,100,86,62,24,14,13,0,1,0,0
S01010549,35 to 49,244,211,190,21,33,11,0,6,15,1
S01010549,50 to 64,168,141,126,15,27,7,1,3,12,4
S01010549,65 to 74,79,60,56,4,19,2,0,1,8,8
S01010549,75 to 84,42,28,26,2,14,3,1,0,1,9
S01010549,85 and over,8,4,4,0,4,0,1,0,0,3
S01010550,All people aged 16 and over in households,447,266,222,44,181,106,1,10,26,38
S01010550,16 to 24,61,9,0,9,52,52,0,0,0,0
S01010550,25 to 34,56,33,18,15,23,22,0,0,1,0
S01010550,35 to 49,124,87,77,10,37,18,0,4,13,2
S01010550,50 to 64,106,82,73,9,24,7,0,6,6,5
S01010550,65 to 74,50,30,29,1,20,3,0,0,5,12
S01010550,75 to 84,42,23,23,0,19,3,1,0,1,14
S01010550,85 and over,8,2,2,0,6,1,0,0,0,5
S01010551,All people aged 16 and over in households,511,362,320,42,149,90,2,11,26,20
S01010551,16 to 24,43,4,3,1,39,39,0,0,0,0
S01010551,25 to 34,57,29,24,5,28,20,0,7,1,0
S01010551,35 to 49,175,138,118,20,37,22,0,4,11,0
S01010551,50 to 64,163,137,123,14,26,6,2,0,11,7
S01010551,65 to 74,47,37,37,0,10,2,0,0,2,6
S01010551,75 to 84,17,13,12,1,4,1,0,0,0,3
S01010551,85 and over,9,4,3,1,5,0,0,0,1,4
S01010552,All people aged 16 and over in households,630,420,368,52,210,117,3,12,33,45
S01010552,16 to 24,53,3,1,2,50,50,0,0,0,0
S01010552,25 to 34,61,39,24,15,22,22,0,0,0,0
S01010552,35 to 49,189,143,127,16,46,24,0,6,14,2
S01010552,50 to 64,196,151,137,14,45,16,2,3,13,11
S01010552,65 to 74,83,63,61,2,20,3,0,3,3,11
S01010552,75 to 84,38,18,15,3,20,2,0,0,3,15
S01010552,85 and over,10,3,3,0,7,0,1,0,0,6
S01010553,All people aged 16 and over in households,514,368,304,64,146,84,4,17,23,18
S01010553,16 to 24,55,4,1,3,51,51,0,0,0,0
S01010553,25 to 34,31,24,12,12,7,6,1,0,0,0
S01010553,35 to 49,162,127,100,27,35,17,2,10,6,0
S01010553,50 to 64,175,144,127,17,31,7,1,6,13,4
S01010553,65 to 74,63,54,50,4,9,2,0,1,2,4
S01010553,75 to 84,26,15,14,1,11,1,0,0,1,9
S01010553,85 and over,2,0,0,0,2,0,0,0,1,1
S01010554,All people aged 16 and over in households,637,332,236,96,305,124,14,22,76,69
S01010554,16 to 24,53,11,0,11,42,42,0,0,0,0
S01010554,25 to 34,86,46,19,27,40,28,5,6,1,0
S01010554,35 to 49,188,128,86,42,60,28,1,7,23,1
S01010554,50 to 64,157,91,77,14,66,14,1,6,32,13
S01010554,65 to 74,79,36,35,1,43,7,5,0,14,17
S01010554,75 to 84,53,16,15,1,37,3,1,3,6,24
S01010554,85 and over,21,4,4,0,17,2,1,0,0,14
S01010555,All people aged 16 and over in households,765,410,278,132,355,193,11,24,74,53
S01010555,16 to 24,120,41,3,38,79,77,1,0,1,0
S01010555,25 to 34,146,84,35,49,62,53,3,4,2,0
S01010555,35 to 49,179,114,89,25,65,32,2,8,20,3
S01010555,50 to 64,186,110,94,16,76,19,4,8,36,9
S01010555,65 to 74,74,37,33,4,37,6,1,4,10,16
S01010555,75 to 84,42,20,20,0,22,5,0,0,4,13
S01010555,85 and over,18,4,4,0,14,1,0,0,1,12
S01010556,All people aged 16 and over in households,705,358,264,94,347,179,12,23,58,75
S01010556,16 to 24,105,15,0,15,90,90,0,0,0,0
S01010556,25 to 34,101,71,35,36,30,26,2,2,0,0
S01010556,35 to 49,189,126,98,28,63,30,2,17,12,2
S01010556,50 to 64,145,79,70,9,66,20,5,3,29,9
S01010556,65 to 74,82,48,42,6,34,9,1,1,12,11
S01010556,75 to 84,57,18,18,0,39,2,2,0,5,30
S01010556,85 and over,26,1,1,0,25,2,0,0,0,23
S01010557,All people aged 16 and over in households,510,290,240,50,220,110,7,22,28,53
S01010557,16 to 24,71,16,7,9,55,55,0,0,0,0
S01010557,25 to 34,45,24,18,6,21,17,0,3,1,0
S01010557,35 to 49,156,111,81,30,45,20,1,12,11,1
S01010557,50 to 64,93,64,59,5,29,12,3,6,6,2
S01010557,65 to 74,75,48,48,0,27,4,0,1,8,14
S01010557,75 to 84,53,23,23,0,30,2,3,0,2,23
S01010557,85 and over,17,4,4,0,13,0,0,0,0,13
S01010558,All people aged 16 and over in households,669,418,348,70,251,124,4,20,40,63
S01010558,16 to 24,62,12,1,11,50,47,0,2,1,0
S01010558,25 to 34,69,43,23,20,26,22,0,2,2,0
S01010558,35 to 49,148,94,76,18,54,33,2,10,9,0
S01010558,50 to 64,155,117,99,18,38,8,2,4,16,8
S01010558,65 to 74,152,111,108,3,41,9,0,2,11,19
S01010558,75 to 84,67,32,32,0,35,4,0,0,1,30
S01010558,85 and over,16,9,9,0,7,1,0,0,0,6
S01010559,All people aged 16 and over in households,611,404,372,32,207,84,7,5,32,79
S01010559,16 to 24,44,6,0,6,38,38,0,0,0,0
S01010559,25 to 34,33,15,3,12,18,15,1,0,2,0
S01010559,35 to 49,136,115,109,6,21,6,1,2,8,4
S01010559,50 to 64,169,138,132,6,31,12,1,1,12,5
S01010559,65 to 74,91,66,64,2,25,5,0,0,6,14
S01010559,75 to 84,92,49,49,0,43,6,2,2,2,31
S01010559,85 and over,46,15,15,0,31,2,2,0,2,25
S01010560,All people aged 16 and over in households,564,374,328,46,190,107,4,11,24,44
S01010560,16 to 24,56,3,0,3,53,53,0,0,0,0
S01010560,25 to 34,36,17,10,7,19,18,0,1,0,0
S01010560,35 to 49,127,89,73,16,38,19,2,5,11,1
S01010560,50 to 64,168,136,122,14,32,9,2,5,11,5
S01010560,65 to 74,100,82,80,2,18,2,0,0,1,15
S01010560,75 to 84,61,39,35,4,22,6,0,0,1,15
S01010560,85 and over,16,8,8,0,8,0,0,0,0,8
S01010561,All people aged 16 and over in households,577,408,350,58,169,87,2,5,20,55
S01010561,16 to 24,48,10,0,10,38,38,0,0,0,0
S01010561,25 to 34,63,36,12,24,27,23,2,1,1,0
S01010561,35 to 49,115,94,83,11,21,15,0,1,5,0
S01010561,50 to 64,190,168,161,7,22,5,0,2,9,6
S01010561,65 to 74,75,57,52,5,18,2,0,0,2,14
S01010561,75 to 84,64,38,37,1,26,1,0,1,3,21
S01010561,85 and over,22,5,5,0,17,3,0,0,0,14
S01010562,All people aged 16 and over in households,623,402,354,48,221,128,3,11,26,53
S01010562,16 to 24,64,5,1,4,59,58,0,1,0,0
S01010562,25 to 34,73,36,23,13,37,35,1,1,0,0
S01010562,35 to 49,148,115,96,19,33,17,0,4,11,1
S01010562,50 to 64,185,151,143,8,34,10,0,3,10,11
S01010562,65 to 74,83,63,60,3,20,2,1,2,1,14
S01010562,75 to 84,63,30,29,1,33,4,1,0,3,25
S01010562,85 and over,7,2,2,0,5,2,0,0,1,2
S01010563,All people aged 16 and over in households,415,232,168,64,183,104,2,10,31,36
S01010563,16 to 24,66,6,0,6,60,60,0,0,0,0
S01010563,25 to 34,54,29,11,18,25,23,0,1,1,0
S01010563,35 to 49,116,86,57,29,30,11,1,5,11,2
S01010563,50 to 64,112,82,73,9,30,4,0,4,12,10
S01010563,65 to 74,42,20,19,1,22,3,1,0,6,12
S01010563,75 to 84,20,8,7,1,12,2,0,0,1,9
S01010563,85 and over,5,1,1,0,4,1,0,0,0,3
S01010564,All people aged 16 and over in households,442,202,164,38,240,126,2,5,61,46
S01010564,16 to 24,45,6,1,5,39,38,0,0,0,1
S01010564,25 to 34,48,22,7,15,26,25,0,0,1,0
S01010564,35 to 49,103,46,37,9,57,41,0,1,13,2
S01010564,50 to 64,135,79,74,5,56,18,1,3,29,5
S01010564,65 to 74,55,28,26,2,27,3,1,1,14,8
S01010564,75 to 84,45,19,17,2,26,1,0,0,4,21
S01010564,85 and over,11,2,2,0,9,0,0,0,0,9
S01010565,All people aged 16 and over in households,543,324,270,54,219,123,2,8,34,52
S01010565,16 to 24,78,10,0,10,68,67,0,1,0,0
S01010565,25 to 34,61,39,17,22,22,21,0,0,1,0
S01010565,35 to 49,125,92,74,18,33,20,0,5,8,0
S01010565,50 to 64,147,106,103,3,41,13,2,1,18,7
S01010565,65 to 74,81,55,54,1,26,2,0,1,5,18
S01010565,75 to 84,38,19,19,0,19,0,0,0,2,17
S01010565,85 and over,13,3,3,0,10,0,0,0,0,10
S01010566,All people aged 16 and over in households,874,594,494,100,280,165,5,16,36,58
S01010566,16 to 24,100,10,3,7,90,90,0,0,0,0
S01010566,25 to 34,89,56,38,18,33,32,1,0,0,0
S01010566,35 to 49,254,198,159,39,56,28,1,10,14,3
S01010566,50 to 64,257,221,191,30,36,6,2,3,20,5
S01010566,65 to 74,96,66,60,6,30,5,0,3,2,20
S01010566,75 to 84,61,34,34,0,27,3,1,0,0,23
S01010566,85 and over,17,9,9,0,8,1,0,0,0,7
S01010567,All people aged 16 and over in households,794,560,498,62,234,158,4,12,29,31
S01010567,16 to 24,104,6,2,4,98,98,0,0,0,0
S01010567,25 to 34,66,35,22,13,31,29,1,1,0,0
S01010567,35 to 49,253,217,191,26,36,14,3,4,14,1
S01010567,50 to 64,258,219,205,14,39,13,0,5,14,7
S01010567,65 to 74,60,53,48,5,7,2,0,2,0,3
S01010567,75 to 84,37,26,26,0,11,1,0,0,1,9
S01010567,85 and over,16,4,4,0,12,1,0,0,0,11
S01010568,All people aged 16 and over in households,770,532,424,108,238,144,4,19,41,30
S01010568,16 to 24,79,10,3,7,69,68,1,0,0,0
S01010568,25 to 34,99,62,32,30,37,35,0,2,0,0
S01010568,35 to 49,250,195,147,48,55,23,2,10,17,3
S01010568,50 to 64,210,171,154,17,39,9,1,6,17,6
S01010568,65 to 74,85,68,64,4,17,2,0,0,6,9
S01010568,75 to 84,39,23,21,2,16,5,0,1,1,9
S01010568,85 and over,8,3,3,0,5,2,0,0,0,3
S01010569,All people aged 16 and over in households,603,410,334,76,193,116,2,9,39,27
S01010569,16 to 24,63,2,0,2,61,61,0,0,0,0
S01010569,25 to 34,72,46,23,23,26,21,0,3,2,0
S01010569,35 to 49,187,142,117,25,45,28,0,6,11,0
S01010569,50 to 64,177,149,129,20,28,3,1,0,20,4
S01010569,65 to 74,59,50,44,6,9,1,1,0,5,2
S01010569,75 to 84,34,18,18,0,16,1,0,0,1,14
S01010569,85 and over,11,3,3,0,8,1,0,0,0,7
S01010570,All people aged 16 and over in households,860,470,356,114,390,220,3,30,66,71
S01010570,16 to 24,119,9,2,7,110,110,0,0,0,0
S01010570,25 to 34,96,53,22,31,43,36,0,4,3,0
S01010570,35 to 49,248,166,115,51,82,38,0,15,26,3
S01010570,50 to 64,222,156,135,21,66,24,1,6,24,11
S01010570,65 to 74,92,58,55,3,34,6,1,4,8,15
S01010570,75 to 84,64,26,25,1,38,5,1,0,3,29
S01010570,85 and over,19,2,2,0,17,1,0,1,2,13
S01010571,All people aged 16 and over in households,655,366,256,110,289,171,2,16,60,40
S01010571,16 to 24,75,19,3,16,56,56,0,0,0,0
S01010571,25 to 34,118,66,27,39,52,50,0,0,2,0
S01010571,35 to 49,198,126,96,30,72,41,2,9,18,2
S01010571,50 to 64,175,113,95,18,62,17,0,7,32,6
S01010571,65 to 74,60,34,28,6,26,6,0,0,7,13
S01010571,75 to 84,23,8,7,1,15,0,0,0,1,14
S01010571,85 and over,6,0,0,0,6,1,0,0,0,5
S01010572,All people aged 16 and over in households,613,314,196,118,299,191,3,19,62,24
S01010572,16 to 24,109,25,7,18,84,84,0,0,0,0
S01010572,25 to 34,155,84,33,51,71,63,0,4,4,0
S01010572,35 to 49,133,82,50,32,51,27,1,5,17,1
S01010572,50 to 64,146,92,80,12,54,10,1,6,29,8
S01010572,65 to 74,47,25,23,2,22,4,0,3,9,6
S01010572,75 to 84,20,5,3,2,15,3,1,1,3,7
S01010572,85 and over,3,1,0,1,2,0,0,0,0,2
S01010573,All people aged 16 and over in households,426,248,196,52,178,108,2,14,26,28
S01010573,16 to 24,44,7,4,3,37,37,0,0,0,0
S01010573,25 to 34,104,62,33,29,42,38,0,2,2,0
S01010573,35 to 49,116,76,61,15,40,28,0,4,8,0
S01010573,50 to 64,100,64,59,5,36,4,0,7,12,13
S01010573,65 to 74,42,27,27,0,15,0,2,1,4,8
S01010573,75 to 84,16,11,11,0,5,1,0,0,0,4
S01010573,85 and over,4,1,1,0,3,0,0,0,0,3
S01010574,All people aged 16 and over in households,473,344,300,44,129,71,6,4,21,27
S01010574,16 to 24,44,3,0,3,41,41,0,0,0,0
S01010574,25 to 34,57,44,24,20,13,12,0,1,0,0
S01010574,35 to 49,149,130,111,19,19,5,3,2,9,0
S01010574,50 to 64,130,109,107,2,21,8,1,1,8,3
S01010574,65 to 74,36,27,27,0,9,2,0,0,1,6
S01010574,75 to 84,41,27,27,0,14,2,0,0,3,9
S01010574,85 and over,16,4,4,0,12,1,2,0,0,9
S01010575,All people aged 16 and over in households,577,414,382,32,163,90,3,5,22,43
S01010575,16 to 24,61,5,2,3,56,56,0,0,0,0
S01010575,25 to 34,40,23,16,7,17,16,0,0,1,0
S01010575,35 to 49,122,100,91,9,22,12,0,1,6,3
S01010575,50 to 64,197,172,160,12,25,2,3,3,11,6
S01010575,65 to 74,91,73,72,1,18,3,0,1,3,11
S01010575,75 to 84,56,40,40,0,16,1,0,0,0,15
S01010575,85 and over,10,1,1,0,9,0,0,0,1,8
S01010576,All people aged 16 and over in households,680,482,426,56,198,117,5,5,21,50
S01010576,16 to 24,68,1,0,1,67,67,0,0,0,0
S01010576,25 to 34,42,23,12,11,19,19,0,0,0,0
S01010576,35 to 49,191,163,127,36,28,16,2,2,7,1
S01010576,50 to 64,222,189,182,7,33,8,2,3,10,10
S01010576,65 to 74,90,72,71,1,18,4,1,0,2,11
S01010576,75 to 84,50,29,29,0,21,3,0,0,2,16
S01010576,85 and over,17,5,5,0,12,0,0,0,0,12
S01010577,All people aged 16 and over in households,691,344,256,88,347,200,3,21,84,39
S01010577,16 to 24,115,16,4,12,99,99,0,0,0,0
S01010577,25 to 34,134,76,32,44,58,47,0,5,6,0
S01010577,35 to 49,172,97,75,22,75,40,0,5,28,2
S01010577,50 to 64,167,99,91,8,68,12,2,10,36,8
S01010577,65 to 74,71,40,38,2,31,2,1,1,11,16
S01010577,75 to 84,25,13,13,0,12,0,0,0,3,9
S01010577,85 and over,7,3,3,0,4,0,0,0,0,4
S01010578,All people aged 16 and over in households,461,266,214,52,195,144,0,9,27,15
S01010578,16 to 24,86,2,0,2,84,84,0,0,0,0
S01010578,25 to 34,58,28,19,9,30,25,0,2,3,0
S01010578,35 to 49,169,124,90,34,45,29,0,3,12,1
S01010578,50 to 64,97,78,72,6,19,3,0,3,7,6
S01010578,65 to 74,26,20,19,1,6,1,0,1,3,1
S01010578,75 to 84,24,14,14,0,10,2,0,0,2,6
S01010578,85 and over,1,0,0,0,1,0,0,0,0,1
S01010579,All people aged 16 and over in households,631,402,332,70,229,143,1,16,25,44
S01010579,16 to 24,82,8,3,5,74,74,0,0,0,0
S01010579,25 to 34,87,58,25,33,29,25,0,4,0,0
S01010579,35 to 49,168,128,107,21,40,23,0,8,7,2
S01010579,50 to 64,173,135,128,7,38,11,1,4,12,10
S01010579,65 to 74,70,50,46,4,20,5,0,0,5,10
S01010579,75 to 84,42,20,20,0,22,5,0,0,0,17
S01010579,85 and over,9,3,3,0,6,0,0,0,1,5
S01010580,All people aged 16 and over in households,464,252,164,88,212,140,6,12,35,19
S01010580,16 to 24,65,30,5,25,35,35,0,0,0,0
S01010580,25 to 34,150,81,40,41,69,66,0,3,0,0
S01010580,35 to 49,97,44,33,11,53,28,4,3,17,1
S01010580,50 to 64,92,57,52,5,35,11,1,6,14,3
S01010580,65 to 74,40,30,26,4,10,0,1,0,4,5
S01010580,75 to 84,18,10,8,2,8,0,0,0,0,8
S01010580,85 and over,2,0,0,0,2,0,0,0,0,2
S01010581,All people aged 16 and over in households,423,258,210,48,165,107,4,14,27,13
S01010581,16 to 24,56,9,2,7,47,47,0,0,0,0
S01010581,25 to 34,117,77,50,27,40,36,1,3,0,0
S01010581,35 to 49,120,88,82,6,32,16,1,3,10,2
S01010581,50 to 64,93,66,58,8,27,5,1,7,13,1
S01010581,65 to 74,16,6,6,0,10,1,0,1,4,4
S01010581,75 to 84,17,11,11,0,6,2,1,0,0,3
S01010581,85 and over,4,1,1,0,3,0,0,0,0,3
S01010582,All people aged 16 and over in households,365,256,202,54,109,67,4,6,13,19
S01010582,16 to 24,33,3,0,3,30,30,0,0,0,0
S01010582,25 to 34,58,37,17,20,21,17,2,1,1,0
S01010582,35 to 49,116,96,71,25,20,15,0,2,3,0
S01010582,50 to 64,103,86,81,5,17,5,2,3,5,2
S01010582,65 to 74,25,16,16,0,9,0,0,0,2,7
S01010582,75 to 84,19,13,12,1,6,0,0,0,2,4
S01010582,85 and over,11,5,5,0,6,0,0,0,0,6
S01010583,All people aged 16 and over in households,810,552,458,94,258,148,3,19,36,52
S01010583,16 to 24,92,12,0,12,80,79,0,1,0,0
S01010583,25 to 34,99,67,38,29,32,27,1,4,0,0
S01010583,35 to 49,266,211,175,36,55,31,2,7,13,2
S01010583,50 to 64,199,154,144,10,45,11,0,6,20,8
S01010583,65 to 74,86,68,62,6,18,0,0,1,3,14
S01010583,75 to 84,54,36,35,1,18,0,0,0,0,18
S01010583,85 and over,14,4,4,0,10,0,0,0,0,10
S01010584,All people aged 16 and over in households,596,406,310,96,190,130,2,14,26,18
S01010584,16 to 24,95,23,4,19,72,71,0,0,1,0
S01010584,25 to 34,135,99,61,38,36,32,1,0,2,1
S01010584,35 to 49,217,170,139,31,47,22,1,10,13,1
S01010584,50 to 64,105,85,77,8,20,5,0,2,8,5
S01010584,65 to 74,28,24,24,0,4,0,0,1,0,3
S01010584,75 to 84,14,5,5,0,9,0,0,1,2,6
S01010584,85 and over,2,0,0,0,2,0,0,0,0,2
S01010585,All people aged 16 and over in households,599,436,290,146,163,112,3,11,25,12
S01010585,16 to 24,76,15,2,13,61,61,0,0,0,0
S01010585,25 to 34,193,156,76,80,37,31,1,4,1,0
S01010585,35 to 49,264,218,173,45,46,18,2,5,16,5
S01010585,50 to 64,48,35,28,7,13,1,0,1,6,5
S01010585,65 to 74,14,10,10,0,4,0,0,1,2,1
S01010585,75 to 84,4,2,1,1,2,1,0,0,0,1
S01010585,85 and over,0,0,0,0,0,0,0,0,0,0
S01010586,All people aged 16 and over in households,621,460,390,70,161,89,7,11,21,33
S01010586,16 to 24,50,4,0,4,46,46,0,0,0,0
S01010586,25 to 34,85,61,36,25,24,23,0,1,0,0
S01010586,35 to 49,204,171,140,31,33,13,4,6,8,2
S01010586,50 to 64,175,148,138,10,27,5,1,4,10,7
S01010586,65 to 74,77,65,65,0,12,0,0,0,2,10
S01010586,75 to 84,24,10,10,0,14,2,1,0,1,10
S01010586,85 and over,6,1,1,0,5,0,1,0,0,4
S01010587,All people aged 16 and over in households,588,416,354,62,172,105,4,6,21,36
S01010587,16 to 24,73,11,0,11,62,62,0,0,0,0
S01010587,25 to 34,53,35,26,9,18,17,0,0,1,0
S01010587,35 to 49,154,118,92,26,36,16,1,5,13,1
S01010587,50 to 64,169,152,139,13,17,5,1,0,3,8
S01010587,65 to 74,78,62,61,1,16,3,1,0,3,9
S01010587,75 to 84,46,29,27,2,17,1,0,0,1,15
S01010587,85 and over,15,9,9,0,6,1,1,1,0,3
S01010588,All people aged 16 and over in households,509,342,282,60,167,101,6,8,25,27
S01010588,16 to 24,51,7,2,5,44,44,0,0,0,0
S01010588,25 to 34,73,51,30,21,22,20,0,1,1,0
S01010588,35 to 49,168,124,104,20,44,26,1,6,11,0
S01010588,50 to 64,119,92,83,9,27,7,3,1,10,6
S01010588,65 to 74,49,35,31,4,14,2,1,0,3,8
S01010588,75 to 84,39,28,27,1,11,1,1,0,0,9
S01010588,85 and over,10,5,5,0,5,1,0,0,0,4
S01010589,All people aged 16 and over in households,504,272,190,82,232,141,3,16,52,20
S01010589,16 to 24,68,20,6,14,48,48,0,0,0,0
S01010589,25 to 34,97,55,30,25,42,39,0,2,1,0
S01010589,35 to 49,161,99,75,24,62,39,0,6,16,1
S01010589,50 to 64,119,69,52,17,50,14,2,5,27,2
S01010589,65 to 74,37,21,19,2,16,0,1,3,6,6
S01010589,75 to 84,14,6,6,0,8,1,0,0,1,6
S01010589,85 and over,8,2,2,0,6,0,0,0,1,5
S01010590,All people aged 16 and over in households,627,488,450,38,139,93,5,8,15,18
S01010590,16 to 24,59,2,2,0,57,56,0,1,0,0
S01010590,25 to 34,78,55,46,9,23,21,0,2,0,0
S01010590,35 to 49,264,238,219,19,26,11,1,4,10,0
S01010590,50 to 64,157,145,139,6,12,1,3,1,2,5
S01010590,65 to 74,42,35,31,4,7,3,1,0,0,3
S01010590,75 to 84,22,12,12,0,10,1,0,0,3,6
S01010590,85 and over,5,1,1,0,4,0,0,0,0,4
S01010591,All people aged 16 and over in households,540,386,270,116,154,104,3,15,26,6
S01010591,16 to 24,55,16,2,14,39,39,0,0,0,0
S01010591,25 to 34,227,178,110,68,49,41,2,3,3,0
S01010591,35 to 49,175,137,109,28,38,19,0,8,11,0
S01010591,50 to 64,62,40,35,5,22,5,1,4,10,2
S01010591,65 to 74,12,7,6,1,5,0,0,0,2,3
S01010591,75 to 84,9,8,8,0,1,0,0,0,0,1
S01010591,85 and over,0,0,0,0,0,0,0,0,0,0
S01010592,All people aged 16 and over in households,429,242,168,74,187,121,3,14,29,20
S01010592,16 to 24,43,15,4,11,28,28,0,0,0,0
S01010592,25 to 34,108,56,16,40,52,48,1,0,3,0
S01010592,35 to 49,124,69,50,19,55,32,1,10,11,1
S01010592,50 to 64,90,59,56,3,31,9,1,4,13,4
S01010592,65 to 74,37,28,27,1,9,3,0,0,1,5
S01010592,75 to 84,23,15,15,0,8,1,0,0,1,6
S01010592,85 and over,4,0,0,0,4,0,0,0,0,4
S01010593,All people aged 16 and over in households,506,364,320,44,142,80,3,7,23,29
S01010593,16 to 24,40,3,1,2,37,37,0,0,0,0
S01010593,25 to 34,61,38,29,9,23,20,0,2,1,0
S01010593,35 to 49,175,148,122,26,27,13,1,1,12,0
S01010593,50 to 64,124,102,97,5,22,5,1,3,5,8
S01010593,65 to 74,59,44,42,2,15,3,1,0,3,8
S01010593,75 to 84,41,28,28,0,13,2,0,1,1,9
S01010593,85 and over,6,1,1,0,5,0,0,0,1,4
S01010594,All people aged 16 and over in households,508,324,222,102,184,121,3,12,30,18
S01010594,16 to 24,77,27,1,26,50,50,0,0,0,0
S01010594,25 to 34,146,89,42,47,57,48,2,3,3,1
S01010594,35 to 49,155,119,100,19,36,17,1,5,13,0
S01010594,50 to 64,76,53,43,10,23,3,0,4,12,4
S01010594,65 to 74,34,24,24,0,10,2,0,0,2,6
S01010594,75 to 84,17,12,12,0,5,0,0,0,0,5
S01010594,85 and over,3,0,0,0,3,1,0,0,0,2
S01010595,All people aged 16 and over in households,561,372,268,104,189,122,8,13,36,10
S01010595,16 to 24,68,14,0,14,54,54,0,0,0,0
S01010595,25 to 34,181,129,81,48,52,39,3,4,4,2
S01010595,35 to 49,230,177,143,34,53,25,5,7,16,0
S01010595,50 to 64,59,36,28,8,23,3,0,2,14,4
S01010595,65 to 74,17,13,13,0,4,1,0,0,2,1
S01010595,75 to 84,3,1,1,0,2,0,0,0,0,2
S01010595,85 and over,3,2,2,0,1,0,0,0,0,1
S01010596,All people aged 16 and over in households,628,470,366,104,158,108,4,9,17,20
S01010596,16 to 24,73,11,1,10,62,62,0,0,0,0
S01010596,25 to 34,109,80,39,41,29,23,1,4,1,0
S01010596,35 to 49,202,176,138,38,26,15,2,3,5,1
S01010596,50 to 64,179,157,145,12,22,4,1,2,9,6
S01010596,65 to 74,46,36,33,3,10,0,0,0,2,8
S01010596,75 to 84,18,10,10,0,8,4,0,0,0,4
S01010596,85 and over,1,0,0,0,1,0,0,0,0,1
S01010597,All people aged 16 and over in households,485,310,190,120,175,124,3,22,19,7
S01010597,16 to 24,81,22,1,21,59,57,1,1,0,0
S01010597,25 to 34,175,125,57,68,50,44,0,3,3,0
S01010597,35 to 49,157,112,85,27,45,19,1,12,9,4
S01010597,50 to 64,53,38,35,3,15,3,0,4,7,1
S01010597,65 to 74,15,10,9,1,5,1,1,2,0,1
S01010597,75 to 84,3,2,2,0,1,0,0,0,0,1
S01010597,85 and over,1,1,1,0,0,0,0,0,0,0
S01010598,All people aged 16 and over in households,740,492,354,138,248,175,4,24,34,11
S01010598,16 to 24,114,28,4,24,86,86,0,0,0,0
S01010598,25 to 34,219,156,88,68,63,53,1,5,3,1
S01010598,35 to 49,294,223,182,41,71,28,2,17,23,1
S01010598,50 to 64,83,65,60,5,18,6,1,1,8,2
S01010598,65 to 74,18,12,12,0,6,2,0,1,0,3
S01010598,75 to 84,12,8,8,0,4,0,0,0,0,4
S01010598,85 and over,0,0,0,0,0,0,0,0,0,0
S01010599,All people aged 16 and over in households,474,340,290,50,134,95,4,8,13,14
S01010599,16 to 24,64,9,2,7,55,55,0,0,0,0
S01010599,25 to 34,78,55,41,14,23,21,0,2,0,0
S01010599,35 to 49,161,137,113,24,24,15,2,3,4,0
S01010599,50 to 64,93,76,72,4,17,4,2,2,6,3
S01010599,65 to 74,51,44,43,1,7,0,0,0,3,4
S01010599,75 to 84,22,15,15,0,7,0,0,1,0,6
S01010599,85 and over,5,4,4,0,1,0,0,0,0,1
S01010600,All people aged 16 and over in households,808,519,450,69,289,162,9,16,44,58
S01010600,16 to 24,92,15,1,14,77,77,0,0,0,0
S01010600,25 to 34,80,36,14,22,44,43,0,1,0,0
S01010600,35 to 49,179,130,109,21,49,32,0,2,13,2
S01010600,50 to 64,231,182,175,7,49,7,6,10,23,3
S01010600,65 to 74,116,93,88,5,23,1,1,1,6,14
S01010600,75 to 84,83,53,53,0,30,0,1,2,0,27
S01010600,85 and over,27,10,10,0,17,2,1,0,2,12
S01010601,All people aged 16 and over in households,572,394,352,42,178,88,1,9,30,50
S01010601,16 to 24,48,4,1,3,44,44,0,0,0,0
S01010601,25 to 34,46,27,15,12,19,18,0,1,0,0
S01010601,35 to 49,126,100,84,16,26,11,0,5,10,0
S01010601,50 to 64,136,106,100,6,30,8,0,3,11,8
S01010601,65 to 74,93,73,72,1,20,4,0,0,7,9
S01010601,75 to 84,99,69,65,4,30,2,1,0,2,25
S01010601,85 and over,24,15,15,0,9,1,0,0,0,8
S01010602,All people aged 16 and over in households,449,260,196,64,189,118,6,11,28,26
S01010602,16 to 24,64,18,2,16,46,46,0,0,0,0
S01010602,25 to 34,81,48,26,22,33,29,0,3,1,0
S01010602,35 to 49,123,85,69,16,38,22,1,6,9,0
S01010602,50 to 64,118,73,63,10,45,19,4,1,13,8
S01010602,65 to 74,36,24,24,0,12,1,0,1,5,5
S01010602,75 to 84,18,10,10,0,8,1,1,0,0,6
S01010602,85 and over,9,2,2,0,7,0,0,0,0,7
S01010603,All people aged 16 and over in households,697,450,374,76,247,150,6,10,26,55
S01010603,16 to 24,77,15,1,14,62,62,0,0,0,0
S01010603,25 to 34,71,45,19,26,26,24,1,0,1,0
S01010603,35 to 49,167,122,101,21,45,33,0,2,7,3
S01010603,50 to 64,193,155,142,13,38,16,1,6,13,2
S01010603,65 to 74,92,70,68,2,22,5,1,2,3,11
S01010603,75 to 84,73,38,38,0,35,8,3,0,1,23
S01010603,85 and over,24,5,5,0,19,2,0,0,1,16
S01010604,All people aged 16 and over in households,393,274,246,28,119,71,3,5,21,19
S01010604,16 to 24,45,5,0,5,40,40,0,0,0,0
S01010604,25 to 34,31,21,10,11,10,9,1,0,0,0
S01010604,35 to 49,136,108,97,11,28,14,2,4,7,1
S01010604,50 to 64,92,75,74,1,17,4,0,1,10,2
S01010604,65 to 74,40,33,33,0,7,1,0,0,3,3
S01010604,75 to 84,39,25,25,0,14,3,0,0,1,10
S01010604,85 and over,10,7,7,0,3,0,0,0,0,3
S01010605,All people aged 16 and over in households,765,498,448,50,267,156,12,4,26,69
S01010605,16 to 24,82,3,1,2,79,79,0,0,0,0
S01010605,25 to 34,84,52,31,21,32,29,2,0,1,0
S01010605,35 to 49,168,135,117,18,33,19,1,2,10,1
S01010605,50 to 64,213,173,165,8,40,15,3,1,11,10
S01010605,65 to 74,121,91,90,1,30,8,2,1,2,17
S01010605,75 to 84,78,40,40,0,38,5,4,0,2,27
S01010605,85 and over,19,4,4,0,15,1,0,0,0,14
S01010606,All people aged 16 and over in households,659,376,272,104,283,160,7,15,45,56
S01010606,16 to 24,82,19,5,14,63,63,0,0,0,0
S01010606,25 to 34,114,57,29,28,57,50,1,2,4,0
S01010606,35 to 49,159,107,72,35,52,27,2,10,12,1
S01010606,50 to 64,137,102,82,20,35,13,3,2,13,4
S01010606,65 to 74,89,60,56,4,29,4,1,1,12,11
S01010606,75 to 84,55,24,22,2,31,3,0,0,4,24
S01010606,85 and over,23,7,6,1,16,0,0,0,0,16
S01010607,All people aged 16 and over in households,695,458,386,72,237,143,7,12,25,50
S01010607,16 to 24,68,5,0,5,63,63,0,0,0,0
S01010607,25 to 34,82,39,19,20,43,39,2,2,0,0
S01010607,35 to 49,200,163,129,34,37,21,2,6,7,1
S01010607,50 to 64,182,149,136,13,33,11,1,2,15,4
S01010607,65 to 74,71,52,52,0,19,2,2,1,2,12
S01010607,75 to 84,65,40,40,0,25,4,0,1,1,19
S01010607,85 and over,27,10,10,0,17,3,0,0,0,14
S01010608,All people aged 16 and over in households,503,190,136,54,313,189,6,23,62,33
S01010608,16 to 24,87,11,3,8,76,76,0,0,0,0
S01010608,25 to 34,109,36,19,17,73,60,2,7,4,0
S01010608,35 to 49,125,54,35,19,71,37,0,9,23,2
S01010608,50 to 64,109,55,49,6,54,13,1,7,24,9
S01010608,65 to 74,47,24,20,4,23,1,3,0,9,10
S01010608,75 to 84,20,10,10,0,10,1,0,0,2,7
S01010608,85 and over,6,0,0,0,6,1,0,0,0,5
S01010609,All people aged 16 and over in households,452,228,152,76,224,142,2,12,37,31
S01010609,16 to 24,70,6,1,5,64,64,0,0,0,0
S01010609,25 to 34,99,53,22,31,46,38,1,4,3,0
S01010609,35 to 49,125,77,47,30,48,27,1,5,14,1
S01010609,50 to 64,90,54,45,9,36,11,0,2,15,8
S01010609,65 to 74,45,30,30,0,15,0,0,1,4,10
S01010609,75 to 84,17,8,7,1,9,1,0,0,1,7
S01010609,85 and over,6,0,0,0,6,1,0,0,0,5
S01010610,All people aged 16 and over in households,565,352,296,56,213,97,8,10,32,66
S01010610,16 to 24,44,6,0,6,38,38,0,0,0,0
S01010610,25 to 34,49,27,14,13,22,19,0,3,0,0
S01010610,35 to 49,122,93,64,29,29,20,0,1,8,0
S01010610,50 to 64,172,124,116,8,48,17,1,3,18,9
S01010610,65 to 74,89,61,61,0,28,2,1,3,5,17
S01010610,75 to 84,69,36,36,0,33,1,3,0,1,28
S01010610,85 and over,20,5,5,0,15,0,3,0,0,12
S01010611,All people aged 16 and over in households,779,372,276,96,407,240,4,22,73,68
S01010611,16 to 24,94,25,3,22,69,68,0,1,0,0
S01010611,25 to 34,148,69,38,31,79,77,1,1,0,0
S01010611,35 to 49,212,109,83,26,103,59,1,10,31,2
S01010611,50 to 64,171,91,77,14,80,29,0,8,33,10
S01010611,65 to 74,92,51,49,2,41,5,2,2,6,26
S01010611,75 to 84,47,22,21,1,25,2,0,0,3,20
S01010611,85 and over,15,5,5,0,10,0,0,0,0,10
S01010612,All people aged 16 and over in households,620,406,338,68,214,130,7,14,32,31
S01010612,16 to 24,69,5,1,4,64,64,0,0,0,0
S01010612,25 to 34,98,65,41,24,33,30,0,3,0,0
S01010612,35 to 49,162,113,81,32,49,24,3,8,13,1
S01010612,50 to 64,164,133,127,6,31,6,3,1,15,6
S01010612,65 to 74,74,58,57,1,16,3,0,1,4,8
S01010612,75 to 84,42,27,26,1,15,1,1,1,0,12
S01010612,85 and over,11,5,5,0,6,2,0,0,0,4
S01010613,All people aged 16 and over in households,602,310,256,54,292,151,3,19,48,71
S01010613,16 to 24,65,9,2,7,56,55,1,0,0,0
S01010613,25 to 34,82,35,17,18,47,45,1,1,0,0
S01010613,35 to 49,130,74,57,17,56,31,0,9,15,1
S01010613,50 to 64,156,109,99,10,47,10,0,5,25,7
S01010613,65 to 74,89,55,53,2,34,5,1,1,5,22
S01010613,75 to 84,60,25,25,0,35,5,0,3,1,26
S01010613,85 and over,20,3,3,0,17,0,0,0,2,15
S01010614,All people aged 16 and over in households,443,206,148,58,237,125,2,24,55,31
S01010614,16 to 24,63,9,0,9,54,54,0,0,0,0
S01010614,25 to 34,75,46,25,21,29,24,0,4,1,0
S01010614,35 to 49,120,61,42,19,59,32,0,12,15,0
S01010614,50 to 64,97,55,46,9,42,6,2,6,23,5
S01010614,65 to 74,56,28,28,0,28,5,0,1,12,10
S01010614,75 to 84,24,7,7,0,17,3,0,1,4,9
S01010614,85 and over,8,0,0,0,8,1,0,0,0,7
S01010615,All people aged 16 and over in households,658,368,256,112,290,185,9,24,56,16
S01010615,16 to 24,94,24,3,21,70,67,2,0,1,0
S01010615,25 to 34,168,102,49,53,66,51,3,7,5,0
S01010615,35 to 49,213,133,102,31,80,51,2,11,16,0
S01010615,50 to 64,120,75,69,6,45,15,2,6,19,3
S01010615,65 to 74,44,26,25,1,18,1,0,0,11,6
S01010615,75 to 84,16,8,8,0,8,0,0,0,4,4
S01010615,85 and over,3,0,0,0,3,0,0,0,0,3
S01010616,All people aged 16 and over in households,731,460,382,78,271,169,3,7,38,54
S01010616,16 to 24,90,8,0,8,82,82,0,0,0,0
S01010616,25 to 34,80,46,25,21,34,33,1,0,0,0
S01010616,35 to 49,202,146,114,32,56,29,1,4,22,0
S01010616,50 to 64,174,143,127,16,31,7,1,3,12,8
S01010616,65 to 74,94,69,68,1,25,4,0,0,3,18
S01010616,75 to 84,63,38,38,0,25,8,0,0,0,17
S01010616,85 and over,28,10,10,0,18,6,0,0,1,11
S01010617,All people aged 16 and over in households,737,488,414,74,249,159,7,13,30,40
S01010617,16 to 24,87,2,0,2,85,84,0,1,0,0
S01010617,25 to 34,93,51,31,20,42,38,1,1,2,0
S01010617,35 to 49,223,177,142,35,46,19,3,6,17,1
S01010617,50 to 64,191,160,148,12,31,10,2,5,9,5
S01010617,65 to 74,94,76,71,5,18,5,0,0,1,12
S01010617,75 to 84,36,17,17,0,19,2,1,0,1,15
S01010617,85 and over,13,5,5,0,8,1,0,0,0,7
S01010618,All people aged 16 and over in households,633,420,350,70,213,147,1,9,34,22
S01010618,16 to 24,76,6,0,6,70,69,0,0,1,0
S01010618,25 to 34,104,62,42,20,42,41,0,0,1,0
S01010618,35 to 49,169,125,101,24,44,23,1,6,14,0
S01010618,50 to 64,196,165,147,18,31,8,0,3,14,6
S01010618,65 to 74,55,42,41,1,13,4,0,0,4,5
S01010618,75 to 84,27,18,17,1,9,1,0,0,0,8
S01010618,85 and over,6,2,2,0,4,1,0,0,0,3
S01010619,All people aged 16 and over in households,516,232,102,130,284,197,10,20,43,14
S01010619,16 to 24,91,22,0,22,69,68,0,0,0,1
S01010619,25 to 34,164,90,21,69,74,68,3,2,1,0
S01010619,35 to 49,136,52,25,27,84,49,5,13,17,0
S01010619,50 to 64,85,48,37,11,37,10,2,5,17,3
S01010619,65 to 74,20,12,12,0,8,1,0,0,4,3
S01010619,75 to 84,14,5,5,0,9,1,0,0,4,4
S01010619,85 and over,6,3,2,1,3,0,0,0,0,3
S01010620,All people aged 16 and over in households,543,192,58,134,351,260,10,23,42,16
S01010620,16 to 24,155,57,4,53,98,93,0,5,0,0
S01010620,25 to 34,174,63,16,47,111,106,2,3,0,0
S01010620,35 to 49,125,50,18,32,75,41,4,8,20,2
S01010620,50 to 64,52,11,9,2,41,15,3,6,16,1
S01010620,65 to 74,22,6,6,0,16,4,1,1,5,5
S01010620,75 to 84,10,5,5,0,5,1,0,0,1,3
S01010620,85 and over,5,0,0,0,5,0,0,0,0,5
S01010621,All people aged 16 and over in households,763,440,328,112,323,217,7,12,49,38
S01010621,16 to 24,109,24,2,22,85,84,0,0,0,1
S01010621,25 to 34,154,82,29,53,72,67,0,2,3,0
S01010621,35 to 49,183,120,94,26,63,44,3,3,12,1
S01010621,50 to 64,185,131,121,10,54,16,3,6,26,3
S01010621,65 to 74,77,56,55,1,21,6,0,0,5,10
S01010621,75 to 84,42,22,22,0,20,0,0,1,2,17
S01010621,85 and over,13,5,5,0,8,0,1,0,1,6
S01010622,All people aged 16 and over in households,520,214,146,68,306,188,5,16,50,47
S01010622,16 to 24,67,10,2,8,57,57,0,0,0,0
S01010622,25 to 34,133,65,32,33,68,60,1,4,3,0
S01010622,35 to 49,119,63,44,19,56,39,0,5,12,0
S01010622,50 to 64,110,45,38,7,65,27,2,4,27,5
S01010622,65 to 74,40,17,16,1,23,2,0,3,3,15
S01010622,75 to 84,36,11,11,0,25,2,1,0,4,18
S01010622,85 and over,15,3,3,0,12,1,1,0,1,9
S01010623,All people aged 16 and over in households,554,418,388,30,136,86,5,20,14,11
S01010623,16 to 24,98,46,44,2,52,48,1,3,0,0
S01010623,25 to 34,207,169,156,13,38,27,3,6,2,0
S01010623,35 to 49,163,136,124,12,27,9,1,11,6,0
S01010623,50 to 64,69,58,55,3,11,1,0,0,6,4
S01010623,65 to 74,11,8,8,0,3,1,0,0,0,2
S01010623,75 to 84,4,1,1,0,3,0,0,0,0,3
S01010623,85 and over,2,0,0,0,2,0,0,0,0,2
S01010624,All people aged 16 and over in households,441,246,206,40,195,115,4,11,34,31
S01010624,16 to 24,56,9,2,7,47,46,0,0,1,0
S01010624,25 to 34,69,41,26,15,28,27,0,1,0,0
S01010624,35 to 49,126,82,66,16,44,26,4,6,5,3
S01010624,50 to 64,114,64,64,0,50,12,0,3,25,10
S01010624,65 to 74,42,33,32,1,9,1,0,1,2,5
S01010624,75 to 84,31,17,16,1,14,3,0,0,1,10
S01010624,85 and over,3,0,0,0,3,0,0,0,0,3
S01010625,All people aged 16 and over in households,662,446,408,38,216,127,3,5,18,63
S01010625,16 to 24,56,1,0,1,55,53,1,0,1,0
S01010625,25 to 34,75,26,17,9,49,47,1,1,0,0
S01010625,35 to 49,146,121,105,16,25,14,1,3,5,2
S01010625,50 to 64,179,152,141,11,27,10,0,1,10,6
S01010625,65 to 74,119,96,95,1,23,2,0,0,2,19
S01010625,75 to 84,67,41,41,0,26,1,0,0,0,25
S01010625,85 and over,20,9,9,0,11,0,0,0,0,11
S01010626,All people aged 16 and over in households,704,466,424,42,238,119,6,9,35,69
S01010626,16 to 24,58,5,4,1,53,53,0,0,0,0
S01010626,25 to 34,49,25,19,6,24,23,0,1,0,0
S01010626,35 to 49,146,114,95,19,32,20,2,2,6,2
S01010626,50 to 64,208,162,151,11,46,11,2,3,23,7
S01010626,65 to 74,122,90,86,4,32,7,2,2,3,18
S01010626,75 to 84,91,58,57,1,33,3,0,1,3,26
S01010626,85 and over,30,12,12,0,18,2,0,0,0,16
S01010627,All people aged 16 and over in households,669,316,228,88,353,228,14,11,54,46
S01010627,16 to 24,77,13,3,10,64,64,0,0,0,0
S01010627,25 to 34,159,73,35,38,86,77,5,4,0,0
S01010627,35 to 49,156,85,61,24,71,51,3,2,15,0
S01010627,50 to 64,141,87,72,15,54,20,2,2,24,6
S01010627,65 to 74,67,37,36,1,30,2,3,3,12,10
S01010627,75 to 84,52,17,17,0,35,10,1,0,3,21
S01010627,85 and over,17,4,4,0,13,4,0,0,0,9
S01010628,All people aged 16 and over in households,789,364,256,108,425,272,13,20,38,82
S01010628,16 to 24,106,26,4,22,80,80,0,0,0,0
S01010628,25 to 34,158,69,29,40,89,82,4,3,0,0
S01010628,35 to 49,209,116,86,30,93,66,3,11,13,0
S01010628,50 to 64,147,93,79,14,54,28,3,5,15,3
S01010628,65 to 74,68,42,40,2,26,5,3,1,5,12
S01010628,75 to 84,66,16,16,0,50,8,0,0,4,38
S01010628,85 and over,35,2,2,0,33,3,0,0,1,29
S01010629,All people aged 16 and over in households,749,390,322,68,359,192,8,23,55,81
S01010629,16 to 24,75,6,1,5,69,69,0,0,0,0
S01010629,25 to 34,96,47,22,25,49,44,3,2,0,0
S01010629,35 to 49,184,116,89,27,68,34,3,10,19,2
S01010629,50 to 64,193,137,128,9,56,23,1,6,20,6
S01010629,65 to 74,94,56,54,2,38,8,0,4,11,15
S01010629,75 to 84,76,26,26,0,50,10,1,1,2,36
S01010629,85 and over,31,2,2,0,29,4,0,0,3,22
S01010630,All people aged 16 and over in households,451,228,170,58,223,154,4,14,25,26
S01010630,16 to 24,68,8,2,6,60,60,0,0,0,0
S01010630,25 to 34,92,52,21,31,40,39,1,0,0,0
S01010630,35 to 49,116,58,47,11,58,38,3,5,12,0
S01010630,50 to 64,116,83,75,8,33,12,0,5,10,6
S01010630,65 to 74,35,18,17,1,17,3,0,3,3,8
S01010630,75 to 84,20,8,8,0,12,2,0,1,0,9
S01010630,85 and over,4,1,0,1,3,0,0,0,0,3
S01010631,All people aged 16 and over in households,530,244,130,114,286,184,5,17,40,40
S01010631,16 to 24,85,31,2,29,54,54,0,0,0,0
S01010631,25 to 34,132,65,15,50,67,62,2,1,2,0
S01010631,35 to 49,110,54,31,23,56,37,0,7,12,0
S01010631,50 to 64,90,52,43,9,38,12,0,6,17,3
S01010631,65 to 74,40,19,16,3,21,8,2,0,6,5
S01010631,75 to 84,50,16,16,0,34,8,1,3,2,20
S01010631,85 and over,23,7,7,0,16,3,0,0,1,12
S01010632,All people aged 16 and over in households,803,385,276,109,418,218,3,32,73,92
S01010632,16 to 24,89,24,2,22,65,65,0,0,0,0
S01010632,25 to 34,120,60,24,36,60,51,0,6,3,0
S01010632,35 to 49,189,106,73,33,83,48,2,11,20,2
S01010632,50 to 64,162,95,80,15,67,25,0,10,26,6
S01010632,65 to 74,119,62,61,1,57,15,0,3,19,20
S01010632,75 to 84,90,32,30,2,58,8,1,2,5,42
S01010632,85 and over,34,6,6,0,28,6,0,0,0,22
S01010633,All people aged 16 and over in households,814,368,260,108,446,240,9,22,81,94
S01010633,16 to 24,118,22,6,16,96,96,0,0,0,0
S01010633,25 to 34,142,70,31,39,72,66,0,3,3,0
S01010633,35 to 49,183,108,76,32,75,41,3,11,15,5
S01010633,50 to 64,179,100,81,19,79,24,5,7,40,3
S01010633,65 to 74,82,38,36,2,44,5,1,1,18,19
S01010633,75 to 84,75,25,25,0,50,6,0,0,4,40
S01010633,85 and over,35,5,5,0,30,2,0,0,1,27
S01010634,All people aged 16 and over in households,535,270,206,64,265,161,6,9,41,48
S01010634,16 to 24,91,18,4,14,73,72,0,0,1,0
S01010634,25 to 34,93,49,26,23,44,41,1,1,1,0
S01010634,35 to 49,114,77,60,17,37,24,0,4,7,2
S01010634,50 to 64,122,67,57,10,55,19,4,3,22,7
S01010634,65 to 74,56,32,32,0,24,3,0,1,7,13
S01010634,75 to 84,46,25,25,0,21,2,1,0,3,15
S01010634,85 and over,13,2,2,0,11,0,0,0,0,11
S01010635,All people aged 16 and over in households,641,310,234,76,331,179,9,14,69,60
S01010635,16 to 24,82,13,1,12,69,68,1,0,0,0
S01010635,25 to 34,87,45,20,25,42,38,0,2,2,0
S01010635,35 to 49,183,106,78,28,77,42,2,9,22,2
S01010635,50 to 64,131,77,73,4,54,13,1,2,27,11
S01010635,65 to 74,94,48,42,6,46,15,1,1,16,13
S01010635,75 to 84,50,19,18,1,31,2,3,0,2,24
S01010635,85 and over,14,2,2,0,12,1,1,0,0,10
S01010636,All people aged 16 and over in households,683,396,300,96,287,172,2,15,45,53
S01010636,16 to 24,73,13,4,9,60,60,0,0,0,0
S01010636,25 to 34,103,63,25,38,40,37,0,2,1,0
S01010636,35 to 49,181,128,102,26,53,31,0,8,14,0
S01010636,50 to 64,168,106,94,12,62,25,2,5,19,11
S01010636,65 to 74,91,56,47,9,35,12,0,0,9,14
S01010636,75 to 84,51,24,22,2,27,4,0,0,2,21
S01010636,85 and over,16,6,6,0,10,3,0,0,0,7
S01010637,All people aged 16 and over in households,491,172,102,70,319,181,8,26,57,47
S01010637,16 to 24,55,23,2,21,32,32,0,0,0,0
S01010637,25 to 34,94,45,14,31,49,48,0,1,0,0
S01010637,35 to 49,113,34,24,10,79,56,5,4,12,2
S01010637,50 to 64,109,36,29,7,73,30,1,15,22,5
S01010637,65 to 74,56,20,20,0,36,6,2,5,11,12
S01010637,75 to 84,49,14,13,1,35,7,0,1,11,16
S01010637,85 and over,15,0,0,0,15,2,0,0,1,12
S01010638,All people aged 16 and over in households,690,336,256,80,354,182,6,14,53,99
S01010638,16 to 24,74,11,2,9,63,63,0,0,0,0
S01010638,25 to 34,93,45,23,22,48,48,0,0,0,0
S01010638,35 to 49,140,86,62,24,54,30,0,5,19,0
S01010638,50 to 64,150,94,73,21,56,16,3,6,21,10
S01010638,65 to 74,100,56,53,3,44,9,2,3,8,22
S01010638,75 to 84,101,40,39,1,61,13,1,0,4,43
S01010638,85 and over,32,4,4,0,28,3,0,0,1,24
S01010639,All people aged 16 and over in households,933,442,262,180,491,302,12,27,91,59
S01010639,16 to 24,141,40,2,38,101,99,0,0,2,0
S01010639,25 to 34,208,105,31,74,103,88,3,7,5,0
S01010639,35 to 49,240,119,69,50,121,71,3,9,35,3
S01010639,50 to 64,189,103,91,12,86,26,4,10,35,11
S01010639,65 to 74,74,42,36,6,32,10,1,1,8,12
S01010639,75 to 84,58,29,29,0,29,5,1,0,5,18
S01010639,85 and over,23,4,4,0,19,3,0,0,1,15
S01010640,All people aged 16 and over in households,703,314,192,122,389,273,6,27,50,33
S01010640,16 to 24,115,29,2,27,86,84,1,1,0,0
S01010640,25 to 34,170,76,31,45,94,84,2,4,4,0
S01010640,35 to 49,191,77,52,25,114,78,1,12,22,1
S01010640,50 to 64,145,94,74,20,51,21,2,9,10,9
S01010640,65 to 74,49,24,20,4,25,6,0,1,13,5
S01010640,75 to 84,27,10,9,1,17,0,0,0,1,16
S01010640,85 and over,6,4,4,0,2,0,0,0,0,2
S01010641,All people aged 16 and over in households,782,334,166,168,448,258,9,37,89,55
S01010641,16 to 24,108,39,3,36,69,69,0,0,0,0
S01010641,25 to 34,211,120,50,70,91,71,6,5,9,0
S01010641,35 to 49,208,87,45,42,121,77,0,14,29,1
S01010641,50 to 64,140,51,36,15,89,28,2,12,35,12
S01010641,65 to 74,59,21,17,4,38,8,1,6,12,11
S01010641,75 to 84,41,13,12,1,28,3,0,0,2,23
S01010641,85 and over,15,3,3,0,12,2,0,0,2,8
S01010642,All people aged 16 and over in households,736,316,216,100,420,261,11,27,61,60
S01010642,16 to 24,103,14,4,10,89,89,0,0,0,0
S01010642,25 to 34,169,73,32,41,96,88,2,1,4,1
S01010642,35 to 49,211,110,73,37,101,60,1,15,21,4
S01010642,50 to 64,137,71,60,11,66,17,2,11,25,11
S01010642,65 to 74,66,34,33,1,32,4,3,0,8,17
S01010642,75 to 84,44,12,12,0,32,3,2,0,3,24
S01010642,85 and over,6,2,2,0,4,0,1,0,0,3
S01010643,All people aged 16 and over in households,520,250,144,106,270,188,1,18,46,17
S01010643,16 to 24,114,32,3,29,82,82,0,0,0,0
S01010643,25 to 34,94,44,22,22,50,44,0,3,3,0
S01010643,35 to 49,159,92,56,36,67,40,0,10,16,1
S01010643,50 to 64,116,69,52,17,47,15,0,5,21,6
S01010643,65 to 74,28,10,8,2,18,6,1,0,6,5
S01010643,75 to 84,7,2,2,0,5,1,0,0,0,4
S01010643,85 and over,2,1,1,0,1,0,0,0,0,1
S01010644,All people aged 16 and over in households,508,184,116,68,324,194,1,29,67,33
S01010644,16 to 24,84,14,2,12,70,70,0,0,0,0
S01010644,25 to 34,96,43,15,28,53,46,0,3,3,1
S01010644,35 to 49,142,55,41,14,87,53,1,9,21,3
S01010644,50 to 64,116,43,31,12,73,18,0,13,34,8
S01010644,65 to 74,50,21,19,2,29,6,0,4,7,12
S01010644,75 to 84,19,8,8,0,11,1,0,0,2,8
S01010644,85 and over,1,0,0,0,1,0,0,0,0,1
S01010645,All people aged 16 and over in households,476,288,208,80,188,116,2,11,32,27
S01010645,16 to 24,56,15,2,13,41,41,0,0,0,0
S01010645,25 to 34,67,44,13,31,23,20,1,2,0,0
S01010645,35 to 49,145,90,60,30,55,37,1,7,10,0
S01010645,50 to 64,139,103,99,4,36,14,0,1,17,4
S01010645,65 to 74,38,25,23,2,13,3,0,0,3,7
S01010645,75 to 84,23,10,10,0,13,0,0,1,2,10
S01010645,85 and over,8,1,1,0,7,1,0,0,0,6
S01010646,All people aged 16 and over in households,577,374,328,46,203,131,5,8,30,29
S01010646,16 to 24,69,9,1,8,60,60,0,0,0,0
S01010646,25 to 34,77,38,14,24,39,37,2,0,0,0
S01010646,35 to 49,130,95,86,9,35,21,1,3,10,0
S01010646,50 to 64,192,158,153,5,34,9,1,3,15,6
S01010646,65 to 74,52,41,41,0,11,2,0,1,2,6
S01010646,75 to 84,44,26,26,0,18,2,1,1,3,11
S01010646,85 and over,13,7,7,0,6,0,0,0,0,6
S01010647,All people aged 16 and over in households,553,316,254,62,237,149,4,11,31,42
S01010647,16 to 24,77,7,0,7,70,70,0,0,0,0
S01010647,25 to 34,73,41,20,21,32,30,0,0,2,0
S01010647,35 to 49,132,84,58,26,48,31,0,7,7,3
S01010647,50 to 64,185,140,132,8,45,16,2,3,14,10
S01010647,65 to 74,44,27,27,0,17,1,0,1,6,9
S01010647,75 to 84,32,15,15,0,17,1,1,0,2,13
S01010647,85 and over,10,2,2,0,8,0,1,0,0,7
S01010648,All people aged 16 and over in households,561,320,258,62,241,152,1,9,48,31
S01010648,16 to 24,78,13,1,12,65,64,0,0,1,0
S01010648,25 to 34,90,51,23,28,39,36,0,1,2,0
S01010648,35 to 49,133,94,80,14,39,30,0,3,6,0
S01010648,50 to 64,157,109,101,8,48,17,1,2,27,1
S01010648,65 to 74,64,34,34,0,30,4,0,3,8,15
S01010648,75 to 84,31,17,17,0,14,1,0,0,2,11
S01010648,85 and over,8,2,2,0,6,0,0,0,2,4
S01010649,All people aged 16 and over in households,482,300,224,76,182,84,1,13,26,58
S01010649,16 to 24,47,13,3,10,34,34,0,0,0,0
S01010649,25 to 34,71,46,21,25,25,22,0,2,1,0
S01010649,35 to 49,113,83,49,34,30,17,0,6,7,0
S01010649,50 to 64,103,77,74,3,26,4,0,3,14,5
S01010649,65 to 74,71,56,55,1,15,3,0,1,1,10
S01010649,75 to 84,55,19,18,1,36,4,0,1,2,29
S01010649,85 and over,22,6,4,2,16,0,1,0,1,14
S01010650,All people aged 16 and over in households,370,222,166,56,148,91,6,6,33,12
S01010650,16 to 24,52,6,1,5,46,46,0,0,0,0
S01010650,25 to 34,58,42,20,22,16,14,1,1,0,0
S01010650,35 to 49,121,93,72,21,28,15,1,2,8,2
S01010650,50 to 64,94,56,49,7,38,14,1,3,19,1
S01010650,65 to 74,29,19,18,1,10,1,1,0,5,3
S01010650,75 to 84,14,6,6,0,8,1,2,0,1,4
S01010650,85 and over,2,0,0,0,2,0,0,0,0,2
S01010651,All people aged 16 and over in households,557,300,240,60,257,138,2,16,54,47
S01010651,16 to 24,61,3,1,2,58,58,0,0,0,0
S01010651,25 to 34,92,45,23,22,47,43,0,1,3,0
S01010651,35 to 49,136,87,64,23,49,27,0,7,15,0
S01010651,50 to 64,187,126,113,13,61,10,2,8,28,13
S01010651,65 to 74,48,29,29,0,19,0,0,0,6,13
S01010651,75 to 84,21,10,10,0,11,0,0,0,1,10
S01010651,85 and over,12,0,0,0,12,0,0,0,1,11
S01010652,All people aged 16 and over in households,596,372,294,78,224,140,0,26,41,17
S01010652,16 to 24,74,13,1,12,61,59,0,2,0,0
S01010652,25 to 34,97,60,34,26,37,36,0,1,0,0
S01010652,35 to 49,167,111,89,22,56,27,0,12,16,1
S01010652,50 to 64,165,119,101,18,46,13,0,9,19,5
S01010652,65 to 74,69,54,54,0,15,3,0,1,6,5
S01010652,75 to 84,23,15,15,0,8,2,0,1,0,5
S01010652,85 and over,1,0,0,0,1,0,0,0,0,1
S01010653,All people aged 16 and over in households,534,314,228,86,220,131,3,9,41,36
S01010653,16 to 24,61,7,0,7,54,53,0,0,1,0
S01010653,25 to 34,63,37,13,24,26,23,0,2,1,0
S01010653,35 to 49,130,84,51,33,46,33,0,2,11,0
S01010653,50 to 64,161,123,104,19,38,13,0,3,19,3
S01010653,65 to 74,67,41,38,3,26,7,1,2,7,9
S01010653,75 to 84,42,21,21,0,21,2,2,0,2,15
S01010653,85 and over,10,1,1,0,9,0,0,0,0,9
S01010654,All people aged 16 and over in households,638,312,240,72,326,192,1,20,75,38
S01010654,16 to 24,96,19,7,12,77,77,0,0,0,0
S01010654,25 to 34,114,49,22,27,65,62,0,2,1,0
S01010654,35 to 49,152,96,79,17,56,27,0,10,18,1
S01010654,50 to 64,177,103,92,11,74,20,1,7,36,10
S01010654,65 to 74,64,35,30,5,29,4,0,0,13,12
S01010654,75 to 84,27,8,8,0,19,1,0,1,7,10
S01010654,85 and over,8,2,2,0,6,1,0,0,0,5
S01010655,All people aged 16 and over in households,724,496,414,82,228,120,6,13,33,56
S01010655,16 to 24,51,3,1,2,48,46,1,0,0,1
S01010655,25 to 34,74,50,29,21,24,23,0,0,1,0
S01010655,35 to 49,228,182,146,36,46,26,3,6,10,1
S01010655,50 to 64,218,177,158,19,41,13,1,5,13,9
S01010655,65 to 74,81,51,48,3,30,5,0,1,7,17
S01010655,75 to 84,51,26,25,1,25,5,1,1,2,16
S01010655,85 and over,21,7,7,0,14,2,0,0,0,12
S01010656,All people aged 16 and over in households,364,236,200,36,128,69,6,16,19,18
S01010656,16 to 24,36,1,1,0,35,35,0,0,0,0
S01010656,25 to 34,54,32,26,6,22,17,0,2,3,0
S01010656,35 to 49,95,69,52,17,26,9,4,6,6,1
S01010656,50 to 64,96,74,64,10,22,4,0,7,7,4
S01010656,65 to 74,54,43,40,3,11,3,2,1,2,3
S01010656,75 to 84,19,16,16,0,3,1,0,0,1,1
S01010656,85 and over,10,1,1,0,9,0,0,0,0,9
S01010657,All people aged 16 and over in households,534,392,342,50,142,95,4,5,12,26
S01010657,16 to 24,61,7,1,6,54,54,0,0,0,0
S01010657,25 to 34,61,40,26,14,21,20,0,1,0,0
S01010657,35 to 49,138,116,96,20,22,12,2,2,6,0
S01010657,50 to 64,162,146,140,6,16,7,1,1,4,3
S01010657,65 to 74,76,64,60,4,12,2,0,1,2,7
S01010657,75 to 84,29,19,19,0,10,0,1,0,0,9
S01010657,85 and over,7,0,0,0,7,0,0,0,0,7
S01010658,All people aged 16 and over in households,602,404,348,56,198,119,6,12,25,36
S01010658,16 to 24,60,3,0,3,57,57,0,0,0,0
S01010658,25 to 34,40,19,12,7,21,20,0,0,1,0
S01010658,35 to 49,165,121,91,30,44,25,1,5,11,2
S01010658,50 to 64,198,167,153,14,31,9,4,3,7,8
S01010658,65 to 74,99,71,70,1,28,6,1,4,4,13
S01010658,75 to 84,29,19,18,1,10,2,0,0,2,6
S01010658,85 and over,11,4,4,0,7,0,0,0,0,7
S01010659,All people aged 16 and over in households,544,374,324,50,170,98,6,10,21,35
S01010659,16 to 24,49,6,1,5,43,43,0,0,0,0
S01010659,25 to 34,43,24,18,6,19,18,1,0,0,0
S01010659,35 to 49,151,113,89,24,38,22,3,5,8,0
S01010659,50 to 64,169,134,123,11,35,10,1,5,13,6
S01010659,65 to 74,89,78,75,3,11,3,1,0,0,7
S01010659,75 to 84,35,18,17,1,17,2,0,0,0,15
S01010659,85 and over,8,1,1,0,7,0,0,0,0,7
S01010660,All people aged 16 and over in households,509,280,226,54,229,125,1,9,37,57
S01010660,16 to 24,63,8,0,8,55,55,0,0,0,0
S01010660,25 to 34,60,36,22,14,24,24,0,0,0,0
S01010660,35 to 49,126,87,66,21,39,25,0,4,8,2
S01010660,50 to 64,124,83,75,8,41,11,0,5,21,4
S01010660,65 to 74,62,32,31,1,30,5,0,0,5,20
S01010660,75 to 84,55,28,26,2,27,5,1,0,1,20
S01010660,85 and over,19,6,6,0,13,0,0,0,2,11
S01010661,All people aged 16 and over in households,508,276,186,90,232,116,3,12,39,62
S01010661,16 to 24,44,13,1,12,31,30,0,0,0,1
S01010661,25 to 34,67,35,13,22,32,31,0,1,0,0
S01010661,35 to 49,121,76,42,34,45,26,0,3,15,1
S01010661,50 to 64,139,98,83,15,41,13,2,6,12,8
S01010661,65 to 74,68,37,30,7,31,6,0,2,7,16
S01010661,75 to 84,54,17,17,0,37,8,1,0,5,23
S01010661,85 and over,15,0,0,0,15,2,0,0,0,13
S01010662,All people aged 16 and over in households,614,402,350,52,212,123,7,14,30,38
S01010662,16 to 24,70,2,2,0,68,68,0,0,0,0
S01010662,25 to 34,54,39,27,12,15,14,0,0,1,0
S01010662,35 to 49,173,127,100,27,46,20,3,10,10,3
S01010662,50 to 64,192,155,143,12,37,14,1,3,12,7
S01010662,65 to 74,65,50,49,1,15,2,0,0,6,7
S01010662,75 to 84,49,26,26,0,23,4,1,1,1,16
S01010662,85 and over,11,3,3,0,8,1,2,0,0,5
S01010663,All people aged 16 and over in households,777,552,504,48,225,133,6,18,22,46
S01010663,16 to 24,74,5,0,5,69,69,0,0,0,0
S01010663,25 to 34,64,44,36,8,20,16,1,3,0,0
S01010663,35 to 49,194,158,145,13,36,22,1,5,7,1
S01010663,50 to 64,258,214,201,13,44,13,2,9,11,9
S01010663,65 to 74,119,95,91,4,24,4,2,1,3,14
S01010663,75 to 84,51,31,26,5,20,7,0,0,0,13
S01010663,85 and over,17,5,5,0,12,2,0,0,1,9
S01010664,All people aged 16 and over in households,678,474,390,84,204,125,8,10,27,34
S01010664,16 to 24,75,8,1,7,67,67,0,0,0,0
S01010664,25 to 34,52,33,16,17,19,18,1,0,0,0
S01010664,35 to 49,190,148,118,30,42,21,2,4,12,3
S01010664,50 to 64,209,177,152,25,32,11,2,5,9,5
S01010664,65 to 74,93,73,71,2,20,5,1,1,4,9
S01010664,75 to 84,46,31,29,2,15,2,1,0,2,10
S01010664,85 and over,13,4,3,1,9,1,1,0,0,7
S01010665,All people aged 16 and over in households,772,492,402,90,280,128,10,23,61,58
S01010665,16 to 24,53,2,0,2,51,51,0,0,0,0
S01010665,25 to 34,57,29,12,17,28,22,3,3,0,0
S01010665,35 to 49,224,169,132,37,55,29,1,9,15,1
S01010665,50 to 64,244,180,157,23,64,18,3,8,25,10
S01010665,65 to 74,106,69,63,6,37,5,0,3,13,16
S01010665,75 to 84,69,40,35,5,29,1,3,0,7,18
S01010665,85 and over,19,3,3,0,16,2,0,0,1,13
S01010666,All people aged 16 and over in households,764,486,390,96,278,126,9,16,50,77
S01010666,16 to 24,73,5,0,5,68,68,0,0,0,0
S01010666,25 to 34,60,40,14,26,20,18,1,1,0,0
S01010666,35 to 49,233,188,142,46,45,26,1,6,9,3
S01010666,50 to 64,198,150,134,16,48,7,4,5,22,10
S01010666,65 to 74,111,75,73,2,36,5,0,3,11,17
S01010666,75 to 84,67,21,20,1,46,2,2,1,7,34
S01010666,85 and over,22,7,7,0,15,0,1,0,1,13
S01010667,All people aged 16 and over in households,568,394,332,62,174,107,10,12,25,20
S01010667,16 to 24,53,4,0,4,49,49,0,0,0,0
S01010667,25 to 34,66,39,23,16,27,26,1,0,0,0
S01010667,35 to 49,152,120,96,24,32,17,3,5,7,0
S01010667,50 to 64,181,150,132,18,31,10,1,7,11,2
S01010667,65 to 74,69,53,53,0,16,2,2,0,6,6
S01010667,75 to 84,37,20,20,0,17,3,3,0,1,10
S01010667,85 and over,10,8,8,0,2,0,0,0,0,2
S01010668,All people aged 16 and over in households,925,624,496,128,301,153,7,13,44,84
S01010668,16 to 24,92,19,1,18,73,73,0,0,0,0
S01010668,25 to 34,77,43,17,26,34,33,1,0,0,0
S01010668,35 to 49,225,181,129,52,44,27,3,3,9,2
S01010668,50 to 64,290,238,212,26,52,8,3,5,23,13
S01010668,65 to 74,135,92,86,6,43,6,0,4,9,24
S01010668,75 to 84,83,41,41,0,42,3,0,1,3,35
S01010668,85 and over,23,10,10,0,13,3,0,0,0,10
S01010669,All people aged 16 and over in households,485,312,254,58,173,89,8,5,28,43
S01010669,16 to 24,29,1,0,1,28,28,0,0,0,0
S01010669,25 to 34,43,19,6,13,24,24,0,0,0,0
S01010669,35 to 49,132,103,79,24,29,19,2,2,5,1
S01010669,50 to 64,148,122,106,16,26,3,0,1,17,5
S01010669,65 to 74,61,32,28,4,29,6,4,1,3,15
S01010669,75 to 84,49,25,25,0,24,5,0,1,2,16
S01010669,85 and over,23,10,10,0,13,4,2,0,1,6
S01010670,All people aged 16 and over in households,567,368,308,60,199,112,6,16,26,39
S01010670,16 to 24,65,7,0,7,58,58,0,0,0,0
S01010670,25 to 34,40,25,13,12,15,14,0,1,0,0
S01010670,35 to 49,148,116,96,20,32,19,0,4,9,0
S01010670,50 to 64,193,141,123,18,52,16,5,11,13,7
S01010670,65 to 74,67,54,51,3,13,4,1,0,3,5
S01010670,75 to 84,43,20,20,0,23,0,0,0,1,22
S01010670,85 and over,11,5,5,0,6,1,0,0,0,5
S01010671,All people aged 16 and over in households,596,368,316,52,228,124,12,9,42,41
S01010671,16 to 24,59,5,1,4,54,54,0,0,0,0
S01010671,25 to 34,44,20,11,9,24,23,0,0,1,0
S01010671,35 to 49,151,99,77,22,52,23,2,5,21,1
S01010671,50 to 64,206,155,145,10,51,14,9,4,13,11
S01010671,65 to 74,85,65,60,5,20,4,0,0,5,11
S01010671,75 to 84,44,23,21,2,21,5,1,0,2,13
S01010671,85 and over,7,1,1,0,6,1,0,0,0,5
S01010672,All people aged 16 and over in households,531,258,210,48,273,148,9,18,40,58
S01010672,16 to 24,65,7,3,4,58,58,0,0,0,0
S01010672,25 to 34,60,24,11,13,36,29,3,2,2,0
S01010672,35 to 49,150,79,58,21,71,41,2,8,14,6
S01010672,50 to 64,144,88,80,8,56,12,2,7,20,15
S01010672,65 to 74,48,28,27,1,20,5,0,0,1,14
S01010672,75 to 84,52,27,26,1,25,3,2,1,2,17
S01010672,85 and over,12,5,5,0,7,0,0,0,1,6
S01010673,All people aged 16 and over in households,740,454,340,114,286,156,7,20,51,52
S01010673,16 to 24,67,17,1,16,50,50,0,0,0,0
S01010673,25 to 34,78,37,12,25,41,39,1,1,0,0
S01010673,35 to 49,181,124,91,33,57,33,2,11,10,1
S01010673,50 to 64,234,160,130,30,74,22,1,8,32,11
S01010673,65 to 74,118,87,79,8,31,7,2,0,6,16
S01010673,75 to 84,45,22,20,2,23,3,1,0,3,16
S01010673,85 and over,17,7,7,0,10,2,0,0,0,8
S01010674,All people aged 16 and over in households,754,476,396,80,278,161,11,21,39,46
S01010674,16 to 24,70,7,0,7,63,62,0,1,0,0
S01010674,25 to 34,75,48,27,21,27,23,4,0,0,0
S01010674,35 to 49,234,173,134,39,61,37,1,12,10,1
S01010674,50 to 64,232,162,151,11,70,25,3,8,24,10
S01010674,65 to 74,99,72,70,2,27,12,0,0,5,10
S01010674,75 to 84,30,11,11,0,19,1,1,0,0,17
S01010674,85 and over,14,3,3,0,11,1,2,0,0,8
S01010675,All people aged 16 and over in households,533,370,308,62,163,100,2,8,22,31
S01010675,16 to 24,37,6,0,6,31,31,0,0,0,0
S01010675,25 to 34,42,22,11,11,20,20,0,0,0,0
S01010675,35 to 49,137,114,84,30,23,16,1,2,4,0
S01010675,50 to 64,170,139,126,13,31,13,0,4,11,3
S01010675,65 to 74,93,67,65,2,26,9,1,1,4,11
S01010675,75 to 84,37,20,20,0,17,4,0,1,2,10
S01010675,85 and over,17,2,2,0,15,7,0,0,1,7
S01010676,All people aged 16 and over in households,704,456,392,64,248,144,5,16,39,44
S01010676,16 to 24,59,3,0,3,56,56,0,0,0,0
S01010676,25 to 34,71,36,25,11,35,33,0,0,2,0
S01010676,35 to 49,170,137,108,29,33,23,1,3,5,1
S01010676,50 to 64,229,168,151,17,61,19,3,6,24,9
S01010676,65 to 74,118,88,85,3,30,7,0,5,6,12
S01010676,75 to 84,46,21,20,1,25,5,1,2,1,16
S01010676,85 and over,11,3,3,0,8,1,0,0,1,6
S01010677,All people aged 16 and over in households,418,278,256,22,140,73,4,13,13,37
S01010677,16 to 24,43,4,2,2,39,39,0,0,0,0
S01010677,25 to 34,25,14,14,0,11,9,1,1,0,0
S01010677,35 to 49,86,67,59,8,19,7,1,7,4,0
S01010677,50 to 64,149,116,107,9,33,12,1,4,8,8
S01010677,65 to 74,58,47,44,3,11,4,0,1,1,5
S01010677,75 to 84,41,24,24,0,17,2,1,0,0,14
S01010677,85 and over,16,6,6,0,10,0,0,0,0,10
S01010678,All people aged 16 and over in households,515,322,294,28,193,107,9,8,23,46
S01010678,16 to 24,44,4,4,0,40,40,0,0,0,0
S01010678,25 to 34,28,18,11,7,10,10,0,0,0,0
S01010678,35 to 49,151,113,104,9,38,25,3,4,5,1
S01010678,50 to 64,166,122,112,10,44,18,4,2,13,7
S01010678,65 to 74,71,46,44,2,25,7,1,1,4,12
S01010678,75 to 84,41,15,15,0,26,7,1,1,1,16
S01010678,85 and over,14,4,4,0,10,0,0,0,0,10
S01010679,All people aged 16 and over in households,478,266,222,44,212,119,6,14,32,41
S01010679,16 to 24,52,9,1,8,43,43,0,0,0,0
S01010679,25 to 34,54,30,20,10,24,20,0,3,1,0
S01010679,35 to 49,103,54,43,11,49,33,1,6,7,2
S01010679,50 to 64,153,110,97,13,43,11,1,5,22,4
S01010679,65 to 74,54,40,38,2,14,1,0,0,1,12
S01010679,75 to 84,51,21,21,0,30,9,4,0,1,16
S01010679,85 and over,11,2,2,0,9,2,0,0,0,7
S01010680,All people aged 16 and over in households,521,272,220,52,249,116,6,19,50,58
S01010680,16 to 24,55,11,2,9,44,44,0,0,0,0
S01010680,25 to 34,52,28,13,15,24,22,0,2,0,0
S01010680,35 to 49,122,79,69,10,43,22,0,6,14,1
S01010680,50 to 64,172,105,90,15,67,18,3,9,26,11
S01010680,65 to 74,59,36,34,2,23,6,1,2,5,9
S01010680,75 to 84,40,10,10,0,30,2,0,0,3,25
S01010680,85 and over,21,3,2,1,18,2,2,0,2,12
S01010681,All people aged 16 and over in households,795,452,326,126,343,215,0,25,60,43
S01010681,16 to 24,114,22,2,20,92,91,0,1,0,0
S01010681,25 to 34,157,103,68,35,54,48,0,5,1,0
S01010681,35 to 49,245,170,117,53,75,41,0,12,21,1
S01010681,50 to 64,189,118,100,18,71,26,0,5,31,9
S01010681,65 to 74,48,21,21,0,27,6,0,1,6,14
S01010681,75 to 84,27,12,12,0,15,2,0,1,1,11
S01010681,85 and over,15,6,6,0,9,1,0,0,0,8
S01010682,All people aged 16 and over in households,773,540,484,56,233,135,9,13,37,39
S01010682,16 to 24,68,9,0,9,59,59,0,0,0,0
S01010682,25 to 34,90,60,40,20,30,25,3,0,2,0
S01010682,35 to 49,219,179,164,15,40,24,2,5,9,0
S01010682,50 to 64,243,191,181,10,52,21,2,7,17,5
S01010682,65 to 74,107,78,76,2,29,5,1,1,7,15
S01010682,75 to 84,33,19,19,0,14,0,1,0,0,13
S01010682,85 and over,13,4,4,0,9,1,0,0,2,6
S01010683,All people aged 16 and over in households,814,542,456,86,272,162,13,6,24,67
S01010683,16 to 24,72,12,5,7,60,60,0,0,0,0
S01010683,25 to 34,75,46,27,19,29,28,1,0,0,0
S01010683,35 to 49,193,160,124,36,33,24,5,2,2,0
S01010683,50 to 64,273,212,193,19,61,28,2,3,17,11
S01010683,65 to 74,118,79,75,4,39,11,3,1,3,21
S01010683,75 to 84,63,30,29,1,33,7,2,0,2,22
S01010683,85 and over,20,3,3,0,17,4,0,0,0,13
S01010684,All people aged 16 and over in households,669,450,400,50,219,112,5,14,26,62
S01010684,16 to 24,52,6,1,5,46,46,0,0,0,0
S01010684,25 to 34,50,24,13,11,26,24,0,2,0,0
S01010684,35 to 49,136,100,89,11,36,23,2,0,7,4
S01010684,50 to 64,232,194,177,17,38,6,3,9,9,11
S01010684,65 to 74,127,92,86,6,35,7,0,3,10,15
S01010684,75 to 84,55,29,29,0,26,5,0,0,0,21
S01010684,85 and over,17,5,5,0,12,1,0,0,0,11
S01010685,All people aged 16 and over in households,532,356,292,64,176,83,6,9,31,47
S01010685,16 to 24,43,8,1,7,35,35,0,0,0,0
S01010685,25 to 34,38,22,13,9,16,13,1,2,0,0
S01010685,35 to 49,104,77,49,28,27,18,1,4,3,1
S01010685,50 to 64,203,167,150,17,36,5,3,2,18,8
S01010685,65 to 74,84,58,57,1,26,9,1,1,6,9
S01010685,75 to 84,38,18,17,1,20,2,0,0,4,14
S01010685,85 and over,22,6,5,1,16,1,0,0,0,15
S01010686,All people aged 16 and over in households,574,368,316,52,206,116,6,9,27,48
S01010686,16 to 24,50,7,2,5,43,43,0,0,0,0
S01010686,25 to 34,42,22,12,10,20,19,0,0,1,0
S01010686,35 to 49,157,125,105,20,32,21,2,3,5,1
S01010686,50 to 64,180,135,122,13,45,17,1,3,18,6
S01010686,65 to 74,83,54,51,3,29,7,2,2,1,17
S01010686,75 to 84,50,23,23,0,27,6,1,1,0,19
S01010686,85 and over,12,2,1,1,10,3,0,0,2,5
S01010687,All people aged 16 and over in households,668,434,368,66,234,124,13,12,32,53
S01010687,16 to 24,45,6,0,6,39,39,0,0,0,0
S01010687,25 to 34,70,46,27,19,24,21,2,1,0,0
S01010687,35 to 49,134,106,86,20,28,18,1,1,6,2
S01010687,50 to 64,223,161,147,14,62,28,5,7,18,4
S01010687,65 to 74,117,82,76,6,35,10,4,2,8,11
S01010687,75 to 84,53,25,24,1,28,8,0,1,0,19
S01010687,85 and over,26,8,8,0,18,0,1,0,0,17
S01010688,All people aged 16 and over in households,599,360,284,76,239,132,10,15,44,38
S01010688,16 to 24,49,3,2,1,46,46,0,0,0,0
S01010688,25 to 34,48,24,15,9,24,23,0,1,0,0
S01010688,35 to 49,140,95,66,29,45,28,3,5,8,1
S01010688,50 to 64,185,120,93,27,65,22,4,8,23,8
S01010688,65 to 74,118,84,78,6,34,9,1,1,12,11
S01010688,75 to 84,43,25,21,4,18,3,1,0,0,14
S01010688,85 and over,16,9,9,0,7,1,1,0,1,4
S01010689,All people aged 16 and over in households,666,452,382,70,214,94,5,13,32,70
S01010689,16 to 24,39,2,0,2,37,37,0,0,0,0
S01010689,25 to 34,43,32,15,17,11,11,0,0,0,0
S01010689,35 to 49,126,90,57,33,36,18,2,6,10,0
S01010689,50 to 64,222,182,168,14,40,15,3,5,10,7
S01010689,65 to 74,124,88,85,3,36,6,0,2,7,21
S01010689,75 to 84,89,54,53,1,35,6,0,0,5,24
S01010689,85 and over,23,4,4,0,19,1,0,0,0,18
S01010690,All people aged 16 and over in households,536,298,224,74,238,105,2,16,49,66
S01010690,16 to 24,44,14,3,11,30,30,0,0,0,0
S01010690,25 to 34,70,46,25,21,24,21,1,0,2,0
S01010690,35 to 49,125,82,55,27,43,24,0,6,12,1
S01010690,50 to 64,148,97,89,8,51,19,0,8,19,5
S01010690,65 to 74,56,33,28,5,23,4,0,0,12,7
S01010690,75 to 84,66,25,23,2,41,5,1,2,4,29
S01010690,85 and over,27,1,1,0,26,2,0,0,0,24
S01010691,All people aged 16 and over in households,620,426,350,76,194,99,11,19,22,43
S01010691,16 to 24,41,4,1,3,37,37,0,0,0,0
S01010691,25 to 34,58,36,15,21,22,19,2,1,0,0
S01010691,35 to 49,155,120,85,35,35,23,2,6,2,2
S01010691,50 to 64,215,169,155,14,46,8,4,10,18,6
S01010691,65 to 74,92,67,64,3,25,9,1,2,0,13
S01010691,75 to 84,46,25,25,0,21,3,2,0,2,14
S01010691,85 and over,13,5,5,0,8,0,0,0,0,8
S01010692,All people aged 16 and over in households,563,347,268,79,216,132,2,14,39,29
S01010692,16 to 24,80,13,3,10,67,67,0,0,0,0
S01010692,25 to 34,77,49,26,23,28,24,0,2,2,0
S01010692,35 to 49,176,128,94,34,48,26,0,4,13,5
S01010692,50 to 64,139,105,97,8,34,8,1,6,12,7
S01010692,65 to 74,46,29,26,3,17,1,1,2,9,4
S01010692,75 to 84,35,20,19,1,15,5,0,0,2,8
S01010692,85 and over,10,3,3,0,7,1,0,0,1,5
S01010693,All people aged 16 and over in households,395,270,244,26,125,65,2,4,29,25
S01010693,16 to 24,25,0,0,0,25,25,0,0,0,0
S01010693,25 to 34,22,9,8,1,13,12,0,1,0,0
S01010693,35 to 49,113,83,71,12,30,18,0,2,10,0
S01010693,50 to 64,125,102,90,12,23,7,0,0,12,4
S01010693,65 to 74,76,57,56,1,19,2,2,1,6,8
S01010693,75 to 84,28,16,16,0,12,0,0,0,1,11
S01010693,85 and over,6,3,3,0,3,1,0,0,0,2
S01010694,All people aged 16 and over in households,497,318,282,36,179,90,6,7,29,47
S01010694,16 to 24,41,1,1,0,40,40,0,0,0,0
S01010694,25 to 34,30,17,11,6,13,12,0,1,0,0
S01010694,35 to 49,95,67,59,8,28,14,0,2,10,2
S01010694,50 to 64,166,130,113,17,36,16,3,2,11,4
S01010694,65 to 74,92,65,62,3,27,4,1,2,7,13
S01010694,75 to 84,63,36,34,2,27,3,2,0,1,21
S01010694,85 and over,10,2,2,0,8,1,0,0,0,7
S01010695,All people aged 16 and over in households,597,402,342,60,195,127,2,13,29,24
S01010695,16 to 24,60,2,0,2,58,58,0,0,0,0
S01010695,25 to 34,52,24,11,13,28,25,0,3,0,0
S01010695,35 to 49,149,116,80,36,33,22,1,5,4,1
S01010695,50 to 64,197,157,149,8,40,12,1,5,19,3
S01010695,65 to 74,82,70,69,1,12,4,0,0,4,4
S01010695,75 to 84,51,32,32,0,19,4,0,0,2,13
S01010695,85 and over,6,1,1,0,5,2,0,0,0,3
S01010696,All people aged 16 and over in households,772,509,400,109,263,162,5,21,28,47
S01010696,16 to 24,95,10,0,10,85,85,0,0,0,0
S01010696,25 to 34,92,59,31,28,33,29,0,3,1,0
S01010696,35 to 49,221,179,138,41,42,21,1,12,8,0
S01010696,50 to 64,182,142,119,23,40,15,4,6,8,7
S01010696,65 to 74,90,72,67,5,18,4,0,0,7,7
S01010696,75 to 84,66,45,43,2,21,4,0,0,3,14
S01010696,85 and over,26,2,2,0,24,4,0,0,1,19
S01010697,All people aged 16 and over in households,873,590,500,90,283,161,6,20,31,65
S01010697,16 to 24,81,8,6,2,73,73,0,0,0,0
S01010697,25 to 34,70,41,22,19,29,28,0,0,1,0
S01010697,35 to 49,253,199,146,53,54,32,0,7,10,5
S01010697,50 to 64,231,173,163,10,58,20,5,13,13,7
S01010697,65 to 74,162,120,114,6,42,5,1,0,6,30
S01010697,75 to 84,59,43,43,0,16,3,0,0,0,13
S01010697,85 and over,17,6,6,0,11,0,0,0,1,10
S01010698,All people aged 16 and over in households,603,370,298,72,233,121,7,27,29,49
S01010698,16 to 24,51,7,0,7,44,44,0,0,0,0
S01010698,25 to 34,54,29,23,6,25,19,1,4,0,1
S01010698,35 to 49,154,103,70,33,51,24,1,13,11,2
S01010698,50 to 64,198,145,123,22,53,22,3,5,14,9
S01010698,65 to 74,96,66,64,2,30,8,2,5,2,13
S01010698,75 to 84,38,17,15,2,21,2,0,0,2,17
S01010698,85 and over,12,3,3,0,9,2,0,0,0,7
S01010699,All people aged 16 and over in households,491,336,272,64,155,94,4,11,26,20
S01010699,16 to 24,55,7,0,7,48,48,0,0,0,0
S01010699,25 to 34,52,29,10,19,23,21,0,0,1,1
S01010699,35 to 49,153,120,99,21,33,18,2,6,6,1
S01010699,50 to 64,151,123,106,17,28,5,2,4,15,2
S01010699,65 to 74,52,41,41,0,11,1,0,1,3,6
S01010699,75 to 84,20,12,12,0,8,0,0,0,1,7
S01010699,85 and over,8,4,4,0,4,1,0,0,0,3
S01010700,All people aged 16 and over in households,503,342,302,40,161,88,3,13,22,35
S01010700,16 to 24,39,3,0,3,36,36,0,0,0,0
S01010700,25 to 34,60,31,19,12,29,26,1,2,0,0
S01010700,35 to 49,138,109,93,16,29,16,1,5,7,0
S01010700,50 to 64,153,127,118,9,26,4,0,4,11,7
S01010700,65 to 74,67,53,53,0,14,2,1,2,0,9
S01010700,75 to 84,33,15,15,0,18,3,0,0,4,11
S01010700,85 and over,13,4,4,0,9,1,0,0,0,8
S01010701,All people aged 16 and over in households,841,540,412,128,301,179,3,16,50,53
S01010701,16 to 24,110,17,0,17,93,93,0,0,0,0
S01010701,25 to 34,115,79,27,52,36,34,0,1,1,0
S01010701,35 to 49,233,188,149,39,45,24,1,5,13,2
S01010701,50 to 64,227,169,153,16,58,18,1,7,25,7
S01010701,65 to 74,89,57,53,4,32,6,0,3,8,15
S01010701,75 to 84,43,23,23,0,20,3,1,0,3,13
S01010701,85 and over,24,7,7,0,17,1,0,0,0,16
S01010702,All people aged 16 and over in households,833,594,502,92,239,139,4,12,35,49
S01010702,16 to 24,71,6,2,4,65,65,0,0,0,0
S01010702,25 to 34,81,49,20,29,32,31,0,1,0,0
S01010702,35 to 49,183,147,121,26,36,22,0,3,10,1
S01010702,50 to 64,295,245,221,24,50,14,4,7,20,5
S01010702,65 to 74,115,97,89,8,18,4,0,1,4,9
S01010702,75 to 84,67,40,39,1,27,3,0,0,1,23
S01010702,85 and over,21,10,10,0,11,0,0,0,0,11
S01010703,All people aged 16 and over in households,705,490,422,68,215,132,2,12,22,47
S01010703,16 to 24,76,6,1,5,70,70,0,0,0,0
S01010703,25 to 34,65,46,22,24,19,15,0,3,1,0
S01010703,35 to 49,176,134,115,19,42,30,1,5,5,1
S01010703,50 to 64,213,178,162,16,35,10,1,3,12,9
S01010703,65 to 74,109,89,86,3,20,1,0,1,2,16
S01010703,75 to 84,55,35,34,1,20,4,0,0,2,14
S01010703,85 and over,11,2,2,0,9,2,0,0,0,7
S01010704,All people aged 16 and over in households,537,322,274,48,215,122,2,10,35,46
S01010704,16 to 24,49,3,1,2,46,46,0,0,0,0
S01010704,25 to 34,67,37,22,15,30,28,0,0,2,0
S01010704,35 to 49,140,103,77,26,37,18,0,3,13,3
S01010704,50 to 64,125,88,84,4,37,12,1,6,14,4
S01010704,65 to 74,90,60,60,0,30,11,0,1,5,13
S01010704,75 to 84,49,25,24,1,24,5,1,0,1,17
S01010704,85 and over,17,6,6,0,11,2,0,0,0,9
S01010705,All people aged 16 and over in households,897,590,468,122,307,189,3,13,44,58
S01010705,16 to 24,119,28,2,26,91,91,0,0,0,0
S01010705,25 to 34,129,82,38,44,47,40,0,4,3,0
S01010705,35 to 49,271,211,176,35,60,31,3,6,20,0
S01010705,50 to 64,201,163,152,11,38,16,0,3,15,4
S01010705,65 to 74,99,77,73,4,22,4,0,0,4,14
S01010705,75 to 84,55,21,20,1,34,6,0,0,2,26
S01010705,85 and over,23,8,7,1,15,1,0,0,0,14
S01010706,All people aged 16 and over in households,525,324,258,66,201,113,4,13,39,32
S01010706,16 to 24,65,13,3,10,52,52,0,0,0,0
S01010706,25 to 34,108,80,42,38,28,22,2,1,3,0
S01010706,35 to 49,144,90,75,15,54,26,2,6,19,1
S01010706,50 to 64,123,90,88,2,33,7,0,5,14,7
S01010706,65 to 74,45,34,33,1,11,4,0,1,1,5
S01010706,75 to 84,34,13,13,0,21,2,0,0,2,17
S01010706,85 and over,6,4,4,0,2,0,0,0,0,2
S01010707,All people aged 16 and over in households,581,409,352,57,172,114,3,9,11,35
S01010707,16 to 24,77,8,2,6,69,68,1,0,0,0
S01010707,25 to 34,48,33,18,15,15,14,0,1,0,0
S01010707,35 to 49,148,128,105,23,20,12,2,4,2,0
S01010707,50 to 64,171,147,139,8,24,8,0,3,4,9
S01010707,65 to 74,84,68,65,3,16,2,0,1,1,12
S01010707,75 to 84,45,23,22,1,22,9,0,0,4,9
S01010707,85 and over,8,2,1,1,6,1,0,0,0,5
S01010708,All people aged 16 and over in households,463,260,204,56,203,114,3,11,23,52
S01010708,16 to 24,57,3,0,3,54,53,1,0,0,0
S01010708,25 to 34,58,37,20,17,21,19,1,1,0,0
S01010708,35 to 49,104,73,54,19,31,17,0,6,6,2
S01010708,50 to 64,135,93,81,12,42,15,0,4,14,9
S01010708,65 to 74,57,35,33,2,22,8,1,0,3,10
S01010708,75 to 84,39,17,14,3,22,0,0,0,0,22
S01010708,85 and over,13,2,2,0,11,2,0,0,0,9
S01010709,All people aged 16 and over in households,591,392,314,78,199,115,1,11,21,51
S01010709,16 to 24,72,8,0,8,64,64,0,0,0,0
S01010709,25 to 34,84,58,30,28,26,26,0,0,0,0
S01010709,35 to 49,181,153,123,30,28,13,1,7,6,1
S01010709,50 to 64,142,112,104,8,30,8,0,4,10,8
S01010709,65 to 74,55,31,27,4,24,4,0,0,4,16
S01010709,75 to 84,43,28,28,0,15,0,0,0,1,14
S01010709,85 and over,14,2,2,0,12,0,0,0,0,12
S01010710,All people aged 16 and over in households,610,342,266,76,268,161,3,13,36,55
S01010710,16 to 24,100,13,2,11,87,87,0,0,0,0
S01010710,25 to 34,89,52,23,29,37,34,0,3,0,0
S01010710,35 to 49,127,84,57,27,43,24,1,4,13,1
S01010710,50 to 64,172,123,114,9,49,11,1,5,18,14
S01010710,65 to 74,65,48,48,0,17,0,1,0,3,13
S01010710,75 to 84,43,22,22,0,21,3,0,1,1,16
S01010710,85 and over,14,0,0,0,14,2,0,0,1,11
S01010711,All people aged 16 and over in households,618,438,402,36,180,94,5,9,16,56
S01010711,16 to 24,55,3,0,3,52,51,1,0,0,0
S01010711,25 to 34,61,37,30,7,24,22,1,1,0,0
S01010711,35 to 49,169,147,129,18,22,12,1,4,4,1
S01010711,50 to 64,188,163,155,8,25,7,1,4,7,6
S01010711,65 to 74,71,51,51,0,20,0,0,0,4,16
S01010711,75 to 84,57,33,33,0,24,2,1,0,1,20
S01010711,85 and over,17,4,4,0,13,0,0,0,0,13
S01010712,All people aged 16 and over in households,556,332,254,78,224,144,2,10,36,32
S01010712,16 to 24,102,22,6,16,80,80,0,0,0,0
S01010712,25 to 34,73,41,22,19,32,30,1,1,0,0
S01010712,35 to 49,174,134,103,31,40,20,1,6,13,0
S01010712,50 to 64,127,87,76,11,40,11,0,3,18,8
S01010712,65 to 74,49,36,35,1,13,1,0,0,2,10
S01010712,75 to 84,23,11,11,0,12,2,0,0,3,7
S01010712,85 and over,8,1,1,0,7,0,0,0,0,7
S01010713,All people aged 16 and over in households,633,390,274,116,243,140,4,10,46,43
S01010713,16 to 24,77,17,3,14,60,60,0,0,0,0
S01010713,25 to 34,140,97,49,48,43,39,2,2,0,0
S01010713,35 to 49,137,91,55,36,46,24,2,3,16,1
S01010713,50 to 64,179,134,116,18,45,12,0,3,23,7
S01010713,65 to 74,52,27,27,0,25,3,0,2,5,15
S01010713,75 to 84,41,23,23,0,18,1,0,0,2,15
S01010713,85 and over,7,1,1,0,6,1,0,0,0,5
S01010714,All people aged 16 and over in households,613,280,192,88,333,167,6,16,71,73
S01010714,16 to 24,80,20,3,17,60,59,0,1,0,0
S01010714,25 to 34,90,51,15,36,39,32,0,5,2,0
S01010714,35 to 49,136,73,53,20,63,39,2,2,19,1
S01010714,50 to 64,144,74,65,9,70,23,2,6,27,12
S01010714,65 to 74,81,39,33,6,42,8,1,1,17,15
S01010714,75 to 84,60,20,20,0,40,5,1,1,6,27
S01010714,85 and over,22,3,3,0,19,1,0,0,0,18
S01010715,All people aged 16 and over in households,588,322,252,70,266,133,3,18,59,53
S01010715,16 to 24,60,6,0,6,54,54,0,0,0,0
S01010715,25 to 34,79,48,20,28,31,27,0,3,1,0
S01010715,35 to 49,133,89,64,25,44,19,2,6,17,0
S01010715,50 to 64,150,87,78,9,63,23,1,6,27,6
S01010715,65 to 74,89,60,59,1,29,4,0,2,12,11
S01010715,75 to 84,64,26,25,1,38,6,0,1,1,30
S01010715,85 and over,13,6,6,0,7,0,0,0,1,6
S01010716,All people aged 16 and over in households,728,362,232,130,366,210,11,22,58,65
S01010716,16 to 24,97,33,3,30,64,62,2,0,0,0
S01010716,25 to 34,140,72,24,48,68,64,1,2,1,0
S01010716,35 to 49,179,93,62,31,86,52,5,5,23,1
S01010716,50 to 64,155,86,69,17,69,20,1,15,26,7
S01010716,65 to 74,63,46,42,4,17,3,0,0,5,9
S01010716,75 to 84,58,25,25,0,33,7,1,0,1,24
S01010716,85 and over,36,7,7,0,29,2,1,0,2,24
S01010717,All people aged 16 and over in households,539,360,314,46,179,109,1,6,17,46
S01010717,16 to 24,60,8,1,7,52,52,0,0,0,0
S01010717,25 to 34,52,31,17,14,21,20,0,1,0,0
S01010717,35 to 49,104,84,66,18,20,10,0,2,7,1
S01010717,50 to 64,163,135,130,5,28,11,1,2,7,7
S01010717,65 to 74,93,72,70,2,21,9,0,0,3,9
S01010717,75 to 84,55,28,28,0,27,5,0,1,0,21
S01010717,85 and over,12,2,2,0,10,2,0,0,0,8
S01010718,All people aged 16 and over in households,755,494,416,78,261,168,8,13,37,35
S01010718,16 to 24,97,21,6,15,76,76,0,0,0,0
S01010718,25 to 34,113,66,34,32,47,44,1,2,0,0
S01010718,35 to 49,196,146,127,19,50,26,3,6,14,1
S01010718,50 to 64,223,179,169,10,44,15,2,4,17,6
S01010718,65 to 74,73,57,56,1,16,3,1,1,5,6
S01010718,75 to 84,42,19,18,1,23,3,1,0,1,18
S01010718,85 and over,11,6,6,0,5,1,0,0,0,4
S01010719,All people aged 16 and over in households,518,326,268,58,192,99,4,10,30,49
S01010719,16 to 24,55,9,1,8,46,46,0,0,0,0
S01010719,25 to 34,57,33,18,15,24,21,2,1,0,0
S01010719,35 to 49,116,93,71,22,23,12,0,4,7,0
S01010719,50 to 64,157,110,98,12,47,13,1,5,18,10
S01010719,65 to 74,71,53,53,0,18,3,1,0,5,9
S01010719,75 to 84,46,26,25,1,20,4,0,0,0,16
S01010719,85 and over,16,2,2,0,14,0,0,0,0,14
S01010720,All people aged 16 and over in households,626,384,346,38,242,120,5,2,37,78
S01010720,16 to 24,55,3,3,0,52,52,0,0,0,0
S01010720,25 to 34,40,18,12,6,22,22,0,0,0,0
S01010720,35 to 49,138,105,89,16,33,21,1,0,10,1
S01010720,50 to 64,174,136,129,7,38,16,4,2,14,2
S01010720,65 to 74,110,73,67,6,37,4,0,0,11,22
S01010720,75 to 84,76,42,39,3,34,5,0,0,2,27
S01010720,85 and over,33,7,7,0,26,0,0,0,0,26
S01010721,All people aged 16 and over in households,544,368,302,66,176,81,8,15,36,36
S01010721,16 to 24,45,11,4,7,34,34,0,0,0,0
S01010721,25 to 34,42,27,13,14,15,13,1,1,0,0
S01010721,35 to 49,129,103,76,27,26,17,0,6,3,0
S01010721,50 to 64,172,127,117,10,45,10,2,8,19,6
S01010721,65 to 74,87,64,59,5,23,7,0,0,8,8
S01010721,75 to 84,55,29,26,3,26,0,5,0,6,15
S01010721,85 and over,14,7,7,0,7,0,0,0,0,7
S01010722,All people aged 16 and over in households,710,418,340,78,292,165,7,14,47,59
S01010722,16 to 24,67,5,2,3,62,62,0,0,0,0
S01010722,25 to 34,88,47,22,25,41,39,0,1,1,0
S01010722,35 to 49,184,144,107,37,40,20,1,6,13,0
S01010722,50 to 64,174,125,119,6,49,17,2,5,19,6
S01010722,65 to 74,92,55,50,5,37,10,0,1,10,16
S01010722,75 to 84,75,32,32,0,43,14,4,1,2,22
S01010722,85 and over,30,10,8,2,20,3,0,0,2,15
S01010723,All people aged 16 and over in households,710,502,434,68,208,131,3,14,27,33
S01010723,16 to 24,100,6,1,5,94,94,0,0,0,0
S01010723,25 to 34,44,19,8,11,25,22,0,0,3,0
S01010723,35 to 49,235,210,173,37,25,9,1,4,7,4
S01010723,50 to 64,219,186,174,12,33,2,2,9,12,8
S01010723,65 to 74,73,59,56,3,14,1,0,1,3,9
S01010723,75 to 84,35,20,20,0,15,3,0,0,2,10
S01010723,85 and over,4,2,2,0,2,0,0,0,0,2
S01010724,All people aged 16 and over in households,706,489,416,73,217,115,6,17,27,52
S01010724,16 to 24,67,6,1,5,61,60,1,0,0,0
S01010724,25 to 34,87,60,34,26,27,23,0,2,2,0
S01010724,35 to 49,184,160,138,22,24,10,0,9,4,1
S01010724,50 to 64,220,173,157,16,47,17,2,4,20,4
S01010724,65 to 74,77,57,55,2,20,2,1,2,0,15
S01010724,75 to 84,54,28,26,2,26,3,1,0,0,22
S01010724,85 and over,17,5,5,0,12,0,1,0,1,10
S01010725,All people aged 16 and over in households,600,412,364,48,188,121,5,8,18,36
S01010725,16 to 24,69,8,1,7,61,60,1,0,0,0
S01010725,25 to 34,49,22,11,11,27,24,0,1,2,0
S01010725,35 to 49,122,98,84,14,24,15,1,2,6,0
S01010725,50 to 64,214,177,170,7,37,15,2,4,8,8
S01010725,65 to 74,100,87,82,5,13,3,0,1,2,7
S01010725,75 to 84,30,14,10,4,16,3,1,0,0,12
S01010725,85 and over,16,6,6,0,10,1,0,0,0,9
S01010726,All people aged 16 and over in households,794,516,438,78,278,145,2,24,36,71
S01010726,16 to 24,75,11,0,11,64,64,0,0,0,0
S01010726,25 to 34,69,34,18,16,35,32,0,2,1,0
S01010726,35 to 49,171,123,101,22,48,29,0,11,8,0
S01010726,50 to 64,232,182,157,25,50,13,1,9,17,10
S01010726,65 to 74,150,119,117,2,31,4,0,2,7,18
S01010726,75 to 84,71,39,37,2,32,1,1,0,2,28
S01010726,85 and over,26,8,8,0,18,2,0,0,1,15
S01010727,All people aged 16 and over in households,528,386,338,48,142,98,0,4,12,28
S01010727,16 to 24,61,1,0,1,60,60,0,0,0,0
S01010727,25 to 34,39,24,16,8,15,15,0,0,0,0
S01010727,35 to 49,147,132,115,17,15,12,0,0,2,1
S01010727,50 to 64,157,141,126,15,16,5,0,2,5,4
S01010727,65 to 74,87,71,65,6,16,4,0,2,3,7
S01010727,75 to 84,28,16,15,1,12,1,0,0,2,9
S01010727,85 and over,9,1,1,0,8,1,0,0,0,7
S01010728,All people aged 16 and over in households,418,314,286,28,104,58,3,9,13,21
S01010728,16 to 24,35,1,0,1,34,34,0,0,0,0
S01010728,25 to 34,23,13,9,4,10,10,0,0,0,0
S01010728,35 to 49,141,124,112,12,17,7,0,6,3,1
S01010728,50 to 64,117,94,87,7,23,7,2,2,7,5
S01010728,65 to 74,72,66,62,4,6,0,0,1,2,3
S01010728,75 to 84,27,16,16,0,11,0,1,0,0,10
S01010728,85 and over,3,0,0,0,3,0,0,0,1,2
S01010729,All people aged 16 and over in households,590,420,364,56,170,129,5,8,11,17
S01010729,16 to 24,63,2,0,2,61,61,0,0,0,0
S01010729,25 to 34,53,25,20,5,28,28,0,0,0,0
S01010729,35 to 49,160,127,95,32,33,21,2,3,7,0
S01010729,50 to 64,196,180,167,13,16,9,2,1,3,1
S01010729,65 to 74,86,66,62,4,20,9,1,2,0,8
S01010729,75 to 84,27,19,19,0,8,1,0,0,1,6
S01010729,85 and over,5,1,1,0,4,0,0,2,0,2
S01010730,All people aged 16 and over in households,698,478,424,54,220,135,5,10,29,41
S01010730,16 to 24,69,1,0,1,68,68,0,0,0,0
S01010730,25 to 34,63,35,22,13,28,24,0,1,3,0
S01010730,35 to 49,182,147,119,28,35,16,1,6,11,1
S01010730,50 to 64,246,199,191,8,47,17,3,3,11,13
S01010730,65 to 74,91,71,68,3,20,7,1,0,3,9
S01010730,75 to 84,39,23,22,1,16,3,0,0,0,13
S01010730,85 and over,8,2,2,0,6,0,0,0,1,5
S01010731,All people aged 16 and over in households,737,448,368,80,289,165,1,24,42,57
S01010731,16 to 24,86,10,1,9,76,76,0,0,0,0
S01010731,25 to 34,58,31,20,11,27,23,0,2,2,0
S01010731,35 to 49,213,159,125,34,54,40,0,6,7,1
S01010731,50 to 64,227,171,147,24,56,17,0,13,15,11
S01010731,65 to 74,92,55,53,2,37,6,0,2,14,15
S01010731,75 to 84,35,14,14,0,21,3,0,1,3,14
S01010731,85 and over,26,8,8,0,18,0,1,0,1,16
S01010732,All people aged 16 and over in households,651,356,284,72,295,175,10,27,51,32
S01010732,16 to 24,101,14,2,12,87,87,0,0,0,0
S01010732,25 to 34,85,48,23,25,37,32,1,3,1,0
S01010732,35 to 49,155,91,66,25,64,37,4,10,13,0
S01010732,50 to 64,213,146,137,9,67,18,4,10,26,9
S01010732,65 to 74,67,42,41,1,25,0,1,2,7,15
S01010732,75 to 84,27,15,15,0,12,1,0,2,3,6
S01010732,85 and over,3,0,0,0,3,0,0,0,1,2
S01010733,All people aged 16 and over in households,437,222,154,68,215,123,7,15,37,33
S01010733,16 to 24,62,8,0,8,54,52,1,0,1,0
S01010733,25 to 34,73,42,24,18,31,24,3,3,1,0
S01010733,35 to 49,122,75,49,26,47,30,1,4,12,0
S01010733,50 to 64,116,67,56,11,49,15,2,7,18,7
S01010733,65 to 74,41,27,23,4,14,2,0,1,4,7
S01010733,75 to 84,19,3,2,1,16,0,0,0,1,15
S01010733,85 and over,4,0,0,0,4,0,0,0,0,4
S01010734,All people aged 16 and over in households,680,362,256,106,318,194,4,24,55,41
S01010734,16 to 24,127,20,0,20,107,105,0,0,2,0
S01010734,25 to 34,115,52,25,27,63,46,2,6,9,0
S01010734,35 to 49,214,152,111,41,62,31,1,12,17,1
S01010734,50 to 64,139,94,76,18,45,9,1,4,24,7
S01010734,65 to 74,64,35,35,0,29,1,0,2,2,24
S01010734,75 to 84,17,7,7,0,10,2,0,0,1,7
S01010734,85 and over,4,2,2,0,2,0,0,0,0,2
S01010735,All people aged 16 and over in households,455,266,180,86,189,124,2,10,34,19
S01010735,16 to 24,79,12,2,10,67,64,0,3,0,0
S01010735,25 to 34,115,78,45,33,37,33,0,0,4,0
S01010735,35 to 49,135,92,62,30,43,24,0,5,13,1
S01010735,50 to 64,88,63,50,13,25,3,1,2,13,6
S01010735,65 to 74,30,18,18,0,12,0,1,0,3,8
S01010735,75 to 84,7,2,2,0,5,0,0,0,1,4
S01010735,85 and over,1,1,1,0,0,0,0,0,0,0
S01010736,All people aged 16 and over in households,419,304,250,54,115,60,2,5,12,36
S01010736,16 to 24,39,7,2,5,32,32,0,0,0,0
S01010736,25 to 34,58,41,21,20,17,16,0,0,1,0
S01010736,35 to 49,91,82,66,16,9,8,0,1,0,0
S01010736,50 to 64,127,105,95,10,22,2,2,3,7,8
S01010736,65 to 74,76,59,56,3,17,1,0,1,3,12
S01010736,75 to 84,21,10,10,0,11,0,0,0,1,10
S01010736,85 and over,7,0,0,0,7,1,0,0,0,6
S01010737,All people aged 16 and over in households,863,508,408,100,355,176,13,16,60,90
S01010737,16 to 24,112,20,5,15,92,92,0,0,0,0
S01010737,25 to 34,96,60,34,26,36,25,5,3,3,0
S01010737,35 to 49,216,164,127,37,52,25,2,7,15,3
S01010737,50 to 64,205,138,122,16,67,19,3,3,24,18
S01010737,65 to 74,153,92,87,5,61,8,1,3,14,35
S01010737,75 to 84,58,29,28,1,29,5,0,0,3,21
S01010737,85 and over,23,5,5,0,18,2,2,0,1,13
S01010738,All people aged 16 and over in households,458,274,224,50,184,104,3,10,25,42
S01010738,16 to 24,45,10,2,8,35,35,0,0,0,0
S01010738,25 to 34,54,25,9,16,29,27,0,1,1,0
S01010738,35 to 49,108,71,56,15,37,26,0,4,6,1
S01010738,50 to 64,128,89,81,8,39,14,1,3,13,8
S01010738,65 to 74,76,54,51,3,22,1,1,2,5,13
S01010738,75 to 84,41,24,24,0,17,1,1,0,0,15
S01010738,85 and over,6,1,1,0,5,0,0,0,0,5
S01010739,All people aged 16 and over in households,695,424,298,126,271,155,3,26,46,41
S01010739,16 to 24,75,22,1,21,53,53,0,0,0,0
S01010739,25 to 34,115,72,26,46,43,38,0,4,1,0
S01010739,35 to 49,188,126,95,31,62,40,0,9,12,1
S01010739,50 to 64,183,122,104,18,61,19,0,10,23,9
S01010739,65 to 74,82,53,45,8,29,5,1,3,8,12
S01010739,75 to 84,45,26,25,1,19,0,2,0,2,15
S01010739,85 and over,7,3,2,1,4,0,0,0,0,4
S01010740,All people aged 16 and over in households,387,152,106,46,235,135,2,17,42,39
S01010740,16 to 24,54,2,0,2,52,52,0,0,0,0
S01010740,25 to 34,69,25,11,14,44,38,0,3,2,1
S01010740,35 to 49,82,39,22,17,43,21,1,5,13,3
S01010740,50 to 64,105,60,50,10,45,15,0,7,17,6
S01010740,65 to 74,51,19,17,2,32,7,1,0,9,15
S01010740,75 to 84,23,7,6,1,16,2,0,2,1,11
S01010740,85 and over,3,0,0,0,3,0,0,0,0,3
S01010741,All people aged 16 and over in households,476,310,250,60,166,95,2,7,20,42
S01010741,16 to 24,58,10,0,10,48,48,0,0,0,0
S01010741,25 to 34,56,32,11,21,24,22,1,1,0,0
S01010741,35 to 49,102,76,58,18,26,14,0,3,6,3
S01010741,50 to 64,136,112,107,5,24,8,1,3,8,4
S01010741,65 to 74,78,56,51,5,22,1,0,0,4,17
S01010741,75 to 84,38,22,21,1,16,2,0,0,1,13
S01010741,85 and over,8,2,2,0,6,0,0,0,1,5
S01010742,All people aged 16 and over in households,571,350,258,92,221,126,4,18,31,42
S01010742,16 to 24,78,23,7,16,55,55,0,0,0,0
S01010742,25 to 34,102,63,29,34,39,36,0,3,0,0
S01010742,35 to 49,160,114,84,30,46,24,1,9,11,1
S01010742,50 to 64,100,78,70,8,22,9,0,3,9,1
S01010742,65 to 74,76,48,44,4,28,0,0,3,10,15
S01010742,75 to 84,42,22,22,0,20,2,1,0,1,16
S01010742,85 and over,13,2,2,0,11,0,2,0,0,9
S01010743,All people aged 16 and over in households,531,292,216,76,239,148,1,14,42,34
S01010743,16 to 24,95,14,2,12,81,81,0,0,0,0
S01010743,25 to 34,86,53,21,32,33,33,0,0,0,0
S01010743,35 to 49,156,105,80,25,51,23,1,10,16,1
S01010743,50 to 64,105,70,65,5,35,11,0,3,18,3
S01010743,65 to 74,57,34,33,1,23,0,0,1,7,15
S01010743,75 to 84,28,14,13,1,14,0,0,0,1,13
S01010743,85 and over,4,2,2,0,2,0,0,0,0,2
S01010744,All people aged 16 and over in households,854,540,432,108,314,195,7,13,42,57
S01010744,16 to 24,113,18,0,18,95,95,0,0,0,0
S01010744,25 to 34,99,57,24,33,42,41,0,0,0,1
S01010744,35 to 49,219,162,126,36,57,36,1,5,14,1
S01010744,50 to 64,241,195,176,19,46,14,3,3,18,8
S01010744,65 to 74,119,79,77,2,40,3,1,4,6,26
S01010744,75 to 84,52,27,27,0,25,5,2,1,3,14
S01010744,85 and over,11,2,2,0,9,1,0,0,1,7
S01010745,All people aged 16 and over in households,529,274,212,62,255,130,2,15,52,56
S01010745,16 to 24,68,10,0,10,58,58,0,0,0,0
S01010745,25 to 34,65,35,19,16,30,30,0,0,0,0
S01010745,35 to 49,110,65,49,16,45,29,0,5,10,1
S01010745,50 to 64,142,94,81,13,48,7,1,10,26,4
S01010745,65 to 74,80,48,44,4,32,4,1,0,7,20
S01010745,75 to 84,54,19,16,3,35,2,0,0,8,25
S01010745,85 and over,10,3,3,0,7,0,0,0,1,6
S01010746,All people aged 16 and over in households,842,550,424,126,292,167,5,19,44,57
S01010746,16 to 24,100,22,5,17,78,77,0,0,1,0
S01010746,25 to 34,104,66,29,37,38,33,0,4,1,0
S01010746,35 to 49,242,187,141,46,55,30,1,6,16,2
S01010746,50 to 64,222,163,144,19,59,23,1,6,19,10
S01010746,65 to 74,109,80,74,6,29,4,1,2,6,16
S01010746,75 to 84,55,28,27,1,27,0,2,1,1,23
S01010746,85 and over,10,4,4,0,6,0,0,0,0,6
S01010747,All people aged 16 and over in households,660,372,314,58,288,164,2,18,64,40
S01010747,16 to 24,98,11,2,9,87,87,0,0,0,0
S01010747,25 to 34,71,37,20,17,34,31,0,1,2,0
S01010747,35 to 49,170,111,88,23,59,28,1,11,19,0
S01010747,50 to 64,198,139,133,6,59,11,1,6,31,10
S01010747,65 to 74,85,54,51,3,31,5,0,0,11,15
S01010747,75 to 84,33,18,18,0,15,2,0,0,1,12
S01010747,85 and over,5,2,2,0,3,0,0,0,0,3
S01010748,All people aged 16 and over in households,526,360,304,56,166,90,3,12,21,40
S01010748,16 to 24,46,5,1,4,41,41,0,0,0,0
S01010748,25 to 34,59,44,32,12,15,15,0,0,0,0
S01010748,35 to 49,107,80,65,15,27,13,3,6,3,2
S01010748,50 to 64,180,148,130,18,32,11,0,4,9,8
S01010748,65 to 74,87,61,54,7,26,7,0,2,9,8
S01010748,75 to 84,38,21,21,0,17,2,0,0,0,15
S01010748,85 and over,9,1,1,0,8,1,0,0,0,7
S01010749,All people aged 16 and over in households,504,342,298,44,162,96,1,10,18,37
S01010749,16 to 24,51,7,1,6,44,44,0,0,0,0
S01010749,25 to 34,56,34,23,11,22,20,0,2,0,0
S01010749,35 to 49,122,101,85,16,21,16,0,2,3,0
S01010749,50 to 64,156,121,113,8,35,13,0,5,9,8
S01010749,65 to 74,82,63,60,3,19,2,1,1,5,10
S01010749,75 to 84,28,16,16,0,12,1,0,0,1,10
S01010749,85 and over,9,0,0,0,9,0,0,0,0,9
S01010750,All people aged 16 and over in households,540,398,334,64,142,73,5,10,21,33
S01010750,16 to 24,33,5,0,5,28,28,0,0,0,0
S01010750,25 to 34,51,32,23,9,19,19,0,0,0,0
S01010750,35 to 49,105,81,61,20,24,13,0,6,5,0
S01010750,50 to 64,175,147,129,18,28,7,3,3,10,5
S01010750,65 to 74,115,95,87,8,20,2,2,1,6,9
S01010750,75 to 84,46,29,27,2,17,2,0,0,0,15
S01010750,85 and over,15,9,7,2,6,2,0,0,0,4
S01010751,All people aged 16 and over in households,583,316,236,80,267,139,4,21,52,51
S01010751,16 to 24,91,27,3,24,64,64,0,0,0,0
S01010751,25 to 34,66,30,15,15,36,33,0,0,3,0
S01010751,35 to 49,148,100,74,26,48,21,3,8,11,5
S01010751,50 to 64,158,94,83,11,64,17,0,10,27,10
S01010751,65 to 74,71,46,42,4,25,2,1,3,9,10
S01010751,75 to 84,34,17,17,0,17,1,0,0,2,14
S01010751,85 and over,15,2,2,0,13,1,0,0,0,12
S01010752,All people aged 16 and over in households,584,324,242,82,260,144,7,23,41,45
S01010752,16 to 24,85,22,2,20,63,63,0,0,0,0
S01010752,25 to 34,104,59,32,27,45,35,2,5,2,1
S01010752,35 to 49,139,87,63,24,52,32,0,7,12,1
S01010752,50 to 64,156,108,98,10,48,8,2,8,23,7
S01010752,65 to 74,58,39,38,1,19,1,2,2,3,11
S01010752,75 to 84,31,8,8,0,23,5,1,1,0,16
S01010752,85 and over,11,1,1,0,10,0,0,0,1,9
S01010753,All people aged 16 and over in households,799,476,366,110,323,217,2,17,51,36
S01010753,16 to 24,121,17,3,14,104,103,0,1,0,0
S01010753,25 to 34,125,72,38,34,53,48,0,3,2,0
S01010753,35 to 49,227,160,120,40,67,33,1,10,23,0
S01010753,50 to 64,217,164,149,15,53,24,1,2,15,11
S01010753,65 to 74,75,48,44,4,27,5,0,1,11,10
S01010753,75 to 84,24,13,11,2,11,3,0,0,0,8
S01010753,85 and over,10,2,1,1,8,1,0,0,0,7
S01010754,All people aged 16 and over in households,572,298,240,58,274,127,8,19,49,71
S01010754,16 to 24,74,29,2,27,45,45,0,0,0,0
S01010754,25 to 34,74,38,22,16,36,34,0,0,2,0
S01010754,35 to 49,107,63,52,11,44,16,3,11,13,1
S01010754,50 to 64,156,97,95,2,59,17,2,8,23,9
S01010754,65 to 74,62,37,35,2,25,3,0,0,6,16
S01010754,75 to 84,68,31,31,0,37,5,2,0,5,25
S01010754,85 and over,31,3,3,0,28,7,1,0,0,20
S01010755,All people aged 16 and over in households,522,307,236,71,215,126,4,4,32,49
S01010755,16 to 24,67,24,3,21,43,43,0,0,0,0
S01010755,25 to 34,67,39,14,25,28,25,0,1,2,0
S01010755,35 to 49,111,72,55,17,39,29,1,1,7,1
S01010755,50 to 64,131,94,87,7,37,14,1,1,17,4
S01010755,65 to 74,75,51,50,1,24,6,2,0,6,10
S01010755,75 to 84,54,26,26,0,28,5,0,1,0,22
S01010755,85 and over,17,1,1,0,16,4,0,0,0,12
S01010756,All people aged 16 and over in households,542,370,326,44,172,99,1,13,10,49
S01010756,16 to 24,58,6,4,2,52,52,0,0,0,0
S01010756,25 to 34,57,39,24,15,18,16,0,2,0,0
S01010756,35 to 49,126,106,87,19,20,10,0,5,4,1
S01010756,50 to 64,156,134,126,8,22,9,1,5,2,5
S01010756,65 to 74,78,53,53,0,25,7,0,1,3,14
S01010756,75 to 84,57,26,26,0,31,5,0,0,0,26
S01010756,85 and over,10,6,6,0,4,0,0,0,1,3
S01010757,All people aged 16 and over in households,655,432,372,60,223,99,5,18,38,63
S01010757,16 to 24,40,3,1,2,37,37,0,0,0,0
S01010757,25 to 34,52,28,21,7,24,21,0,1,2,0
S01010757,35 to 49,147,115,89,26,32,14,0,9,8,1
S01010757,50 to 64,208,159,141,18,49,10,4,6,19,10
S01010757,65 to 74,118,87,82,5,31,10,1,1,4,15
S01010757,75 to 84,70,38,36,2,32,7,0,0,4,21
S01010757,85 and over,20,2,2,0,18,0,0,1,1,16
S01010758,All people aged 16 and over in households,579,360,312,48,219,116,4,8,40,51
S01010758,16 to 24,59,1,1,0,58,58,0,0,0,0
S01010758,25 to 34,54,24,19,5,30,29,0,0,0,1
S01010758,35 to 49,122,91,72,19,31,9,2,2,16,2
S01010758,50 to 64,167,137,114,23,30,8,1,2,15,4
S01010758,65 to 74,101,72,71,1,29,5,1,3,7,13
S01010758,75 to 84,57,30,30,0,27,7,0,1,1,18
S01010758,85 and over,19,5,5,0,14,0,0,0,1,13
S01010759,All people aged 16 and over in households,494,262,214,48,232,134,10,11,30,47
S01010759,16 to 24,64,2,0,2,62,62,0,0,0,0
S01010759,25 to 34,83,37,22,15,46,39,4,3,0,0
S01010759,35 to 49,104,70,50,20,34,19,2,4,8,1
S01010759,50 to 64,116,88,80,8,28,9,2,1,9,7
S01010759,65 to 74,72,39,36,3,33,4,1,3,9,16
S01010759,75 to 84,42,21,21,0,21,1,1,0,2,17
S01010759,85 and over,13,5,5,0,8,0,0,0,2,6
S01010760,All people aged 16 and over in households,498,300,254,46,198,77,3,11,36,71
S01010760,16 to 24,42,12,0,12,30,30,0,0,0,0
S01010760,25 to 34,54,40,20,20,14,13,0,0,0,1
S01010760,35 to 49,76,53,45,8,23,12,1,3,5,2
S01010760,50 to 64,127,87,85,2,40,6,1,7,17,9
S01010760,65 to 74,95,57,55,2,38,11,1,1,9,16
S01010760,75 to 84,74,41,40,1,33,5,0,0,3,25
S01010760,85 and over,30,10,9,1,20,0,0,0,2,18
S01010761,All people aged 16 and over in households,434,284,232,52,150,82,8,10,22,28
S01010761,16 to 24,46,4,1,3,42,42,0,0,0,0
S01010761,25 to 34,40,22,13,9,18,13,0,1,4,0
S01010761,35 to 49,102,87,67,20,15,6,2,4,3,0
S01010761,50 to 64,134,102,83,19,32,8,4,4,11,5
S01010761,65 to 74,71,51,50,1,20,7,0,1,4,8
S01010761,75 to 84,35,16,16,0,19,6,2,0,0,11
S01010761,85 and over,6,2,2,0,4,0,0,0,0,4
S01010762,All people aged 16 and over in households,500,334,260,74,166,93,5,17,19,32
S01010762,16 to 24,44,5,0,5,39,38,0,0,0,1
S01010762,25 to 34,39,26,8,18,13,12,0,1,0,0
S01010762,35 to 49,131,103,76,27,28,17,1,6,4,0
S01010762,50 to 64,141,110,95,15,31,15,1,4,10,1
S01010762,65 to 74,80,58,53,5,22,6,2,5,3,6
S01010762,75 to 84,53,27,24,3,26,4,1,1,2,18
S01010762,85 and over,12,5,4,1,7,1,0,0,0,6
S01010763,All people aged 16 and over in households,544,318,258,60,226,123,6,18,30,49
S01010763,16 to 24,53,6,1,5,47,47,0,0,0,0
S01010763,25 to 34,60,30,18,12,30,26,0,4,0,0
S01010763,35 to 49,112,82,57,25,30,15,0,7,8,0
S01010763,50 to 64,169,126,109,17,43,17,3,4,11,8
S01010763,65 to 74,79,44,43,1,35,9,2,2,6,16
S01010763,75 to 84,55,25,25,0,30,3,1,1,4,21
S01010763,85 and over,16,5,5,0,11,6,0,0,1,4
S01010764,All people aged 16 and over in households,497,318,278,40,179,87,10,16,28,38
S01010764,16 to 24,33,5,0,5,28,28,0,0,0,0
S01010764,25 to 34,21,11,3,8,10,9,0,0,1,0
S01010764,35 to 49,108,78,69,9,30,12,1,6,9,2
S01010764,50 to 64,174,126,115,11,48,21,6,7,11,3
S01010764,65 to 74,93,67,64,3,26,6,2,3,5,10
S01010764,75 to 84,47,23,20,3,24,6,0,0,2,16
S01010764,85 and over,21,8,7,1,13,5,1,0,0,7
S01010765,All people aged 16 and over in households,851,546,450,96,305,159,7,17,44,78
S01010765,16 to 24,72,11,1,10,61,61,0,0,0,0
S01010765,25 to 34,74,41,14,27,33,28,2,0,3,0
S01010765,35 to 49,177,122,90,32,55,27,2,12,14,0
S01010765,50 to 64,268,214,198,16,54,22,2,3,17,10
S01010765,65 to 74,151,107,97,10,44,7,1,2,8,26
S01010765,75 to 84,87,46,45,1,41,7,0,0,2,32
S01010765,85 and over,22,5,5,0,17,7,0,0,0,10
S01010766,All people aged 16 and over in households,648,384,308,76,264,134,7,17,34,72
S01010766,16 to 24,79,10,0,10,69,68,0,0,1,0
S01010766,25 to 34,56,33,21,12,23,18,1,3,1,0
S01010766,35 to 49,128,98,68,30,30,13,2,7,7,1
S01010766,50 to 64,186,130,112,18,56,21,0,3,20,12
S01010766,65 to 74,108,75,74,1,33,8,2,3,4,16
S01010766,75 to 84,66,32,27,5,34,5,2,1,1,25
S01010766,85 and over,25,6,6,0,19,1,0,0,0,18
S01010767,All people aged 16 and over in households,582,331,264,67,251,117,6,23,48,57
S01010767,16 to 24,74,23,3,20,51,51,0,0,0,0
S01010767,25 to 34,64,38,22,16,26,26,0,0,0,0
S01010767,35 to 49,122,71,56,15,51,24,2,9,12,4
S01010767,50 to 64,145,98,84,14,47,13,1,7,22,4
S01010767,65 to 74,101,64,63,1,37,0,1,7,12,17
S01010767,75 to 84,60,33,32,1,27,3,2,0,2,20
S01010767,85 and over,16,4,4,0,12,0,0,0,0,12
S01010768,All people aged 16 and over in households,490,282,232,50,208,107,4,9,34,54
S01010768,16 to 24,61,8,1,7,53,53,0,0,0,0
S01010768,25 to 34,36,26,13,13,10,10,0,0,0,0
S01010768,35 to 49,103,73,51,22,30,15,2,7,5,1
S01010768,50 to 64,114,81,73,8,33,17,0,1,13,2
S01010768,65 to 74,96,63,63,0,33,8,1,1,13,10
S01010768,75 to 84,56,27,27,0,29,4,1,0,1,23
S01010768,85 and over,24,4,4,0,20,0,0,0,2,18
S01010769,All people aged 16 and over in households,424,296,264,32,128,72,4,9,12,31
S01010769,16 to 24,39,2,1,1,37,37,0,0,0,0
S01010769,25 to 34,25,16,12,4,9,9,0,0,0,0
S01010769,35 to 49,74,62,49,13,12,5,2,2,3,0
S01010769,50 to 64,168,139,129,10,29,15,1,5,5,3
S01010769,65 to 74,75,60,57,3,15,4,1,0,4,6
S01010769,75 to 84,33,15,14,1,18,1,0,2,0,15
S01010769,85 and over,10,2,2,0,8,1,0,0,0,7
S01010770,All people aged 16 and over in households,705,452,368,84,253,138,3,12,46,54
S01010770,16 to 24,78,19,4,15,59,59,0,0,0,0
S01010770,25 to 34,88,62,28,34,26,24,0,0,2,0
S01010770,35 to 49,169,120,99,21,49,32,0,5,10,2
S01010770,50 to 64,217,160,150,10,57,15,3,7,23,9
S01010770,65 to 74,92,60,57,3,32,3,0,0,8,21
S01010770,75 to 84,45,25,24,1,20,3,0,0,2,15
S01010770,85 and over,16,6,6,0,10,2,0,0,1,7
S01010771,All people aged 16 and over in households,749,426,362,64,323,155,4,19,53,92
S01010771,16 to 24,58,9,3,6,49,48,1,0,0,0
S01010771,25 to 34,54,34,16,18,20,20,0,0,0,0
S01010771,35 to 49,157,100,85,15,57,37,0,7,12,1
S01010771,50 to 64,224,151,132,19,73,29,1,10,26,7
S01010771,65 to 74,128,80,80,0,48,10,0,2,12,24
S01010771,75 to 84,97,41,36,5,56,8,2,0,3,43
S01010771,85 and over,31,11,10,1,20,3,0,0,0,17
S01010772,All people aged 16 and over in households,672,418,356,62,254,142,3,13,44,52
S01010772,16 to 24,60,9,1,8,51,51,0,0,0,0
S01010772,25 to 34,42,17,7,10,25,21,0,3,1,0
S01010772,35 to 49,156,105,82,23,51,29,0,3,17,2
S01010772,50 to 64,206,157,141,16,49,21,1,5,17,5
S01010772,65 to 74,134,95,90,5,39,11,0,2,7,19
S01010772,75 to 84,49,27,27,0,22,4,1,0,2,15
S01010772,85 and over,25,8,8,0,17,5,1,0,0,11
S01010773,All people aged 16 and over in households,651,434,366,68,217,123,5,18,31,40
S01010773,16 to 24,50,6,2,4,44,44,0,0,0,0
S01010773,25 to 34,62,37,24,13,25,23,0,0,2,0
S01010773,35 to 49,184,140,101,39,44,25,1,11,6,1
S01010773,50 to 64,199,157,147,10,42,16,2,4,10,10
S01010773,65 to 74,109,73,71,2,36,8,2,2,13,11
S01010773,75 to 84,35,19,19,0,16,5,0,1,0,10
S01010773,85 and over,12,2,2,0,10,2,0,0,0,8
S01010774,All people aged 16 and over in households,590,340,268,72,250,125,6,21,39,59
S01010774,16 to 24,66,9,1,8,57,56,1,0,0,0
S01010774,25 to 34,47,23,10,13,24,23,0,1,0,0
S01010774,35 to 49,149,98,70,28,51,20,1,11,18,1
S01010774,50 to 64,183,135,114,21,48,10,4,5,16,13
S01010774,65 to 74,84,55,55,0,29,11,0,3,2,13
S01010774,75 to 84,45,14,13,1,31,4,0,1,3,23
S01010774,85 and over,16,6,5,1,10,1,0,0,0,9
S01010775,All people aged 16 and over in households,526,382,298,84,144,95,0,8,19,22
S01010775,16 to 24,64,14,1,13,50,49,0,1,0,0
S01010775,25 to 34,63,51,28,23,12,9,0,2,1,0
S01010775,35 to 49,163,129,97,32,34,25,0,1,6,2
S01010775,50 to 64,145,122,111,11,23,7,0,4,9,3
S01010775,65 to 74,59,49,45,4,10,2,0,0,3,5
S01010775,75 to 84,28,16,15,1,12,3,0,0,0,9
S01010775,85 and over,4,1,1,0,3,0,0,0,0,3
S01010776,All people aged 16 and over in households,452,246,202,44,206,118,3,11,26,48
S01010776,16 to 24,52,6,2,4,46,46,0,0,0,0
S01010776,25 to 34,84,47,30,17,37,32,1,1,3,0
S01010776,35 to 49,95,60,46,14,35,22,1,3,9,0
S01010776,50 to 64,110,78,71,7,32,11,0,5,11,5
S01010776,65 to 74,57,36,34,2,21,5,0,1,2,13
S01010776,75 to 84,42,15,15,0,27,1,1,1,1,23
S01010776,85 and over,12,4,4,0,8,1,0,0,0,7
S01010777,All people aged 16 and over in households,431,204,148,56,227,130,1,6,30,60
S01010777,16 to 24,72,11,4,7,61,57,0,0,2,2
S01010777,25 to 34,57,31,9,22,26,26,0,0,0,0
S01010777,35 to 49,88,54,40,14,34,25,0,2,5,2
S01010777,50 to 64,115,70,59,11,45,14,0,3,12,16
S01010777,65 to 74,48,25,25,0,23,2,1,1,6,13
S01010777,75 to 84,40,9,8,1,31,5,0,0,3,23
S01010777,85 and over,11,4,3,1,7,1,0,0,2,4
S01010778,All people aged 16 and over in households,371,164,108,56,207,131,1,11,38,26
S01010778,16 to 24,79,20,2,18,59,58,0,1,0,0
S01010778,25 to 34,64,35,11,24,29,25,0,2,2,0
S01010778,35 to 49,102,46,35,11,56,36,1,4,13,2
S01010778,50 to 64,85,46,43,3,39,12,0,3,19,5
S01010778,65 to 74,26,13,13,0,13,0,0,1,4,8
S01010778,75 to 84,13,4,4,0,9,0,0,0,0,9
S01010778,85 and over,2,0,0,0,2,0,0,0,0,2
S01010779,All people aged 16 and over in households,612,320,250,70,292,168,5,19,47,53
S01010779,16 to 24,104,23,0,23,81,78,2,0,1,0
S01010779,25 to 34,86,38,19,19,48,44,0,4,0,0
S01010779,35 to 49,146,98,85,13,48,23,1,8,14,2
S01010779,50 to 64,140,88,77,11,52,9,1,7,28,7
S01010779,65 to 74,88,57,54,3,31,6,1,0,4,20
S01010779,75 to 84,36,13,12,1,23,2,0,0,0,21
S01010779,85 and over,12,3,3,0,9,6,0,0,0,3
S01010780,All people aged 16 and over in households,471,274,224,50,197,107,3,8,28,51
S01010780,16 to 24,49,8,2,6,41,41,0,0,0,0
S01010780,25 to 34,51,22,8,14,29,25,1,2,1,0
S01010780,35 to 49,121,93,73,20,28,19,0,2,5,2
S01010780,50 to 64,124,83,73,10,41,10,1,3,20,7
S01010780,65 to 74,58,35,35,0,23,6,0,1,2,14
S01010780,75 to 84,57,31,31,0,26,5,1,0,0,20
S01010780,85 and over,11,2,2,0,9,1,0,0,0,8
S01010781,All people aged 16 and over in households,644,396,318,78,248,159,2,6,39,42
S01010781,16 to 24,96,20,2,18,76,76,0,0,0,0
S01010781,25 to 34,93,55,27,28,38,37,0,1,0,0
S01010781,35 to 49,166,125,108,17,41,23,1,5,12,0
S01010781,50 to 64,168,131,117,14,37,14,1,0,18,4
S01010781,65 to 74,75,45,44,1,30,5,0,0,8,17
S01010781,75 to 84,35,18,18,0,17,2,0,0,0,15
S01010781,85 and over,11,2,2,0,9,2,0,0,1,6
S01010782,All people aged 16 and over in households,481,268,204,64,213,108,10,10,34,51
S01010782,16 to 24,58,14,1,13,44,43,0,1,0,0
S01010782,25 to 34,69,37,23,14,32,29,1,1,1,0
S01010782,35 to 49,118,84,59,25,34,15,3,5,11,0
S01010782,50 to 64,125,78,68,10,47,16,3,1,18,9
S01010782,65 to 74,56,36,34,2,20,3,1,1,1,14
S01010782,75 to 84,43,15,15,0,28,2,1,1,3,21
S01010782,85 and over,12,4,4,0,8,0,1,0,0,7
S01010783,All people aged 16 and over in households,464,234,174,60,230,129,2,10,45,44
S01010783,16 to 24,86,9,1,8,77,76,0,0,1,0
S01010783,25 to 34,67,46,20,26,21,18,0,1,2,0
S01010783,35 to 49,99,67,49,18,32,15,0,4,12,1
S01010783,50 to 64,103,62,54,8,41,13,1,5,17,5
S01010783,65 to 74,64,38,38,0,26,2,1,0,11,12
S01010783,75 to 84,37,12,12,0,25,4,0,0,2,19
S01010783,85 and over,8,0,0,0,8,1,0,0,0,7
S01010784,All people aged 16 and over in households,582,290,198,92,292,164,6,10,46,66
S01010784,16 to 24,98,22,5,17,76,75,0,1,0,0
S01010784,25 to 34,103,49,20,29,54,52,0,1,1,0
S01010784,35 to 49,151,101,65,36,50,26,1,6,16,1
S01010784,50 to 64,125,80,70,10,45,5,3,2,22,13
S01010784,65 to 74,52,24,24,0,28,5,1,0,5,17
S01010784,75 to 84,41,10,10,0,31,1,1,0,2,27
S01010784,85 and over,12,4,4,0,8,0,0,0,0,8
S01010785,All people aged 16 and over in households,580,386,332,54,194,109,7,14,17,47
S01010785,16 to 24,67,13,2,11,54,54,0,0,0,0
S01010785,25 to 34,68,47,28,19,21,19,0,1,1,0
S01010785,35 to 49,126,96,86,10,30,20,1,3,5,1
S01010785,50 to 64,193,154,143,11,39,10,4,8,8,9
S01010785,65 to 74,78,50,47,3,28,5,1,0,2,20
S01010785,75 to 84,43,25,25,0,18,0,1,2,1,14
S01010785,85 and over,5,1,1,0,4,1,0,0,0,3
S01010786,All people aged 16 and over in households,500,330,280,50,170,104,1,14,24,27
S01010786,16 to 24,67,8,0,8,59,59,0,0,0,0
S01010786,25 to 34,68,48,39,9,20,17,1,1,1,0
S01010786,35 to 49,164,137,116,21,27,11,0,8,7,1
S01010786,50 to 64,130,93,82,11,37,12,0,4,16,5
S01010786,65 to 74,46,34,33,1,12,2,0,1,0,9
S01010786,75 to 84,22,8,8,0,14,3,0,0,0,11
S01010786,85 and over,3,2,2,0,1,0,0,0,0,1
S01010787,All people aged 16 and over in households,733,506,434,72,227,139,2,10,29,47
S01010787,16 to 24,71,2,1,1,69,68,0,0,1,0
S01010787,25 to 34,77,56,34,22,21,19,0,2,0,0
S01010787,35 to 49,193,160,127,33,33,25,0,4,4,0
S01010787,50 to 64,216,171,159,12,45,17,1,3,17,7
S01010787,65 to 74,98,79,76,3,19,4,0,1,4,10
S01010787,75 to 84,66,36,35,1,30,6,1,0,3,20
S01010787,85 and over,12,2,2,0,10,0,0,0,0,10
S01010788,All people aged 16 and over in households,506,330,262,68,176,94,5,13,28,36
S01010788,16 to 24,51,6,0,6,45,45,0,0,0,0
S01010788,25 to 34,75,48,17,31,27,26,0,1,0,0
S01010788,35 to 49,135,105,87,18,30,12,2,4,11,1
S01010788,50 to 64,150,118,108,10,32,7,2,6,12,5
S01010788,65 to 74,50,33,30,3,17,2,1,1,3,10
S01010788,75 to 84,38,18,18,0,20,2,0,1,1,16
S01010788,85 and over,7,2,2,0,5,0,0,0,1,4
S01010789,All people aged 16 and over in households,590,388,322,66,202,129,4,13,21,35
S01010789,16 to 24,81,12,1,11,69,69,0,0,0,0
S01010789,25 to 34,76,44,25,19,32,29,0,2,1,0
S01010789,35 to 49,153,128,105,23,25,14,0,4,7,0
S01010789,50 to 64,155,123,112,11,32,9,3,4,9,7
S01010789,65 to 74,86,64,62,2,22,6,0,2,2,12
S01010789,75 to 84,28,16,16,0,12,1,1,1,1,8
S01010789,85 and over,11,1,1,0,10,1,0,0,1,8
S01010790,All people aged 16 and over in households,568,374,334,40,194,109,6,9,24,46
S01010790,16 to 24,64,8,0,8,56,56,0,0,0,0
S01010790,25 to 34,49,30,19,11,19,18,0,1,0,0
S01010790,35 to 49,140,116,106,10,24,13,2,2,5,2
S01010790,50 to 64,171,143,135,8,28,7,1,4,11,5
S01010790,65 to 74,86,56,53,3,30,9,1,2,5,13
S01010790,75 to 84,45,17,17,0,28,5,2,0,3,18
S01010790,85 and over,13,4,4,0,9,1,0,0,0,8
S01010791,All people aged 16 and over in households,718,504,430,74,214,113,3,11,41,46
S01010791,16 to 24,65,10,1,9,55,55,0,0,0,0
S01010791,25 to 34,71,47,29,18,24,21,0,2,1,0
S01010791,35 to 49,157,135,105,30,22,7,1,2,12,0
S01010791,50 to 64,220,172,159,13,48,18,2,4,16,8
S01010791,65 to 74,127,100,96,4,27,6,0,3,8,10
S01010791,75 to 84,67,38,38,0,29,6,0,0,4,19
S01010791,85 and over,11,2,2,0,9,0,0,0,0,9
S01010792,All people aged 16 and over in households,490,276,214,62,214,136,1,21,24,32
S01010792,16 to 24,65,7,1,6,58,58,0,0,0,0
S01010792,25 to 34,75,36,22,14,39,35,0,3,1,0
S01010792,35 to 49,131,85,62,23,46,29,0,6,11,0
S01010792,50 to 64,127,92,76,16,35,10,1,9,9,6
S01010792,65 to 74,63,42,39,3,21,4,0,3,2,12
S01010792,75 to 84,23,14,14,0,9,0,0,0,1,8
S01010792,85 and over,6,0,0,0,6,0,0,0,0,6
S01010793,All people aged 16 and over in households,530,368,312,56,162,90,2,12,25,33
S01010793,16 to 24,41,2,1,1,39,39,0,0,0,0
S01010793,25 to 34,48,29,20,9,19,17,0,0,2,0
S01010793,35 to 49,170,133,105,28,37,18,1,7,10,1
S01010793,50 to 64,149,125,111,14,24,7,1,3,10,3
S01010793,65 to 74,77,58,54,4,19,7,0,1,2,9
S01010793,75 to 84,36,19,19,0,17,1,0,1,1,14
S01010793,85 and over,9,2,2,0,7,1,0,0,0,6
S01010794,All people aged 16 and over in households,435,292,238,54,143,89,2,8,19,25
S01010794,16 to 24,50,7,0,7,43,43,0,0,0,0
S01010794,25 to 34,77,48,21,27,29,28,1,0,0,0
S01010794,35 to 49,141,113,99,14,28,11,1,5,10,1
S01010794,50 to 64,91,70,64,6,21,5,0,3,8,5
S01010794,65 to 74,53,43,43,0,10,0,0,0,1,9
S01010794,75 to 84,19,11,11,0,8,1,0,0,0,7
S01010794,85 and over,4,0,0,0,4,1,0,0,0,3
S01010795,All people aged 16 and over in households,821,543,450,93,278,155,6,23,32,62
S01010795,16 to 24,77,8,0,8,69,67,1,0,1,0
S01010795,25 to 34,91,48,21,27,43,35,1,5,1,1
S01010795,35 to 49,208,164,132,32,44,23,1,13,6,1
S01010795,50 to 64,215,171,153,18,44,10,1,4,19,10
S01010795,65 to 74,136,109,102,7,27,5,1,1,4,16
S01010795,75 to 84,71,36,35,1,35,10,1,0,1,23
S01010795,85 and over,23,7,7,0,16,5,0,0,0,11
S01010796,All people aged 16 and over in households,680,488,386,102,192,121,2,11,23,35
S01010796,16 to 24,61,5,0,5,56,56,0,0,0,0
S01010796,25 to 34,74,49,19,30,25,20,0,3,2,0
S01010796,35 to 49,192,166,130,36,26,20,1,0,5,0
S01010796,50 to 64,199,166,141,25,33,11,1,4,10,7
S01010796,65 to 74,104,69,67,2,35,11,0,4,4,16
S01010796,75 to 84,41,28,25,3,13,3,0,0,2,8
S01010796,85 and over,9,5,4,1,4,0,0,0,0,4
S01010797,All people aged 16 and over in households,633,454,392,62,179,111,0,14,18,36
S01010797,16 to 24,60,10,2,8,50,50,0,0,0,0
S01010797,25 to 34,78,56,38,18,22,19,0,3,0,0
S01010797,35 to 49,192,155,128,27,37,26,0,4,6,1
S01010797,50 to 64,181,149,144,5,32,11,0,7,7,7
S01010797,65 to 74,70,54,52,2,16,3,0,0,4,9
S01010797,75 to 84,46,28,26,2,18,1,0,0,1,16
S01010797,85 and over,6,2,2,0,4,1,0,0,0,3
S01010798,All people aged 16 and over in households,552,379,336,43,173,99,4,8,26,36
S01010798,16 to 24,40,2,0,2,38,38,0,0,0,0
S01010798,25 to 34,52,32,21,11,20,16,0,2,2,0
S01010798,35 to 49,147,117,99,18,30,15,2,2,11,0
S01010798,50 to 64,172,135,126,9,37,17,1,2,10,7
S01010798,65 to 74,82,65,63,2,17,4,0,2,0,11
S01010798,75 to 84,46,25,24,1,21,7,1,0,3,10
S01010798,85 and over,13,3,3,0,10,2,0,0,0,8
S01010799,All people aged 16 and over in households,812,398,292,106,414,199,9,40,58,108
S01010799,16 to 24,84,28,1,27,56,55,0,1,0,0
S01010799,25 to 34,117,62,29,33,55,51,2,2,0,0
S01010799,35 to 49,167,85,60,25,82,47,2,16,17,0
S01010799,50 to 64,189,112,96,16,77,24,3,13,22,15
S01010799,65 to 74,119,61,56,5,58,11,2,6,9,30
S01010799,75 to 84,98,44,44,0,54,8,0,1,7,38
S01010799,85 and over,38,6,6,0,32,3,0,1,3,25
S01010800,All people aged 16 and over in households,608,348,256,92,260,147,1,20,39,53
S01010800,16 to 24,75,12,0,12,63,63,0,0,0,0
S01010800,25 to 34,97,51,23,28,46,42,0,4,0,0
S01010800,35 to 49,153,109,73,36,44,25,0,9,10,0
S01010800,50 to 64,144,95,82,13,49,14,1,6,25,3
S01010800,65 to 74,68,49,47,2,19,3,0,0,3,13
S01010800,75 to 84,60,28,28,0,32,0,0,1,1,30
S01010800,85 and over,11,4,3,1,7,0,0,0,0,7
S01010801,All people aged 16 and over in households,603,356,290,66,247,137,5,7,38,60
S01010801,16 to 24,58,12,0,12,46,46,0,0,0,0
S01010801,25 to 34,79,47,19,28,32,29,2,1,0,0
S01010801,35 to 49,133,88,69,19,45,27,0,5,12,1
S01010801,50 to 64,150,112,106,6,38,15,2,1,15,5
S01010801,65 to 74,105,67,66,1,38,12,1,0,8,17
S01010801,75 to 84,54,28,28,0,26,2,0,0,3,21
S01010801,85 and over,24,2,2,0,22,6,0,0,0,16
S01010802,All people aged 16 and over in households,475,290,208,82,185,116,2,10,24,33
S01010802,16 to 24,70,10,2,8,60,60,0,0,0,0
S01010802,25 to 34,83,49,12,37,34,34,0,0,0,0
S01010802,35 to 49,111,81,61,20,30,14,0,6,8,2
S01010802,50 to 64,103,79,65,14,24,6,1,3,11,3
S01010802,65 to 74,52,37,36,1,15,2,0,1,3,9
S01010802,75 to 84,47,31,29,2,16,0,1,0,2,13
S01010802,85 and over,9,3,3,0,6,0,0,0,0,6
S01010803,All people aged 16 and over in households,477,226,182,44,251,151,7,12,35,46
S01010803,16 to 24,83,9,3,6,74,74,0,0,0,0
S01010803,25 to 34,83,44,25,19,39,38,0,0,1,0
S01010803,35 to 49,115,62,49,13,53,28,3,7,13,2
S01010803,50 to 64,95,56,50,6,39,6,3,5,16,9
S01010803,65 to 74,50,31,31,0,19,1,0,0,4,14
S01010803,75 to 84,43,23,23,0,20,4,1,0,1,14
S01010803,85 and over,8,1,1,0,7,0,0,0,0,7
S01010804,All people aged 16 and over in households,497,296,266,30,201,107,2,10,31,51
S01010804,16 to 24,57,1,0,1,56,56,0,0,0,0
S01010804,25 to 34,43,19,13,6,24,23,1,0,0,0
S01010804,35 to 49,123,85,76,9,38,14,1,8,14,1
S01010804,50 to 64,136,104,90,14,32,9,0,1,15,7
S01010804,65 to 74,72,56,56,0,16,3,0,0,2,11
S01010804,75 to 84,53,28,28,0,25,1,0,1,0,23
S01010804,85 and over,13,3,3,0,10,1,0,0,0,9
S01010805,All people aged 16 and over in households,705,426,356,70,279,170,7,12,44,46
S01010805,16 to 24,106,10,1,9,96,94,2,0,0,0
S01010805,25 to 34,82,42,21,21,40,37,0,3,0,0
S01010805,35 to 49,172,119,92,27,53,24,0,7,21,1
S01010805,50 to 64,181,148,135,13,33,11,1,2,17,2
S01010805,65 to 74,96,79,79,0,17,2,0,0,3,12
S01010805,75 to 84,59,28,28,0,31,2,4,0,3,22
S01010805,85 and over,9,0,0,0,9,0,0,0,0,9
S01010806,All people aged 16 and over in households,741,360,254,106,381,233,4,28,52,64
S01010806,16 to 24,123,31,3,28,92,91,0,0,0,1
S01010806,25 to 34,117,54,18,36,63,55,0,6,1,1
S01010806,35 to 49,179,98,70,28,81,43,1,15,17,5
S01010806,50 to 64,181,114,100,14,67,27,1,7,22,10
S01010806,65 to 74,78,39,39,0,39,9,0,0,10,20
S01010806,75 to 84,47,22,22,0,25,5,0,0,2,18
S01010806,85 and over,16,2,2,0,14,3,2,0,0,9
S01010807,All people aged 16 and over in households,450,290,238,52,160,84,3,10,32,31
S01010807,16 to 24,48,11,1,10,37,37,0,0,0,0
S01010807,25 to 34,79,51,27,24,28,25,1,1,1,0
S01010807,35 to 49,117,80,63,17,37,15,1,6,14,1
S01010807,50 to 64,94,73,72,1,21,5,0,3,9,4
S01010807,65 to 74,70,48,48,0,22,1,0,0,7,14
S01010807,75 to 84,38,26,26,0,12,1,0,0,1,10
S01010807,85 and over,4,1,1,0,3,0,1,0,0,2
S01010808,All people aged 16 and over in households,422,286,240,46,136,72,1,8,30,25
S01010808,16 to 24,49,10,3,7,39,39,0,0,0,0
S01010808,25 to 34,67,45,21,24,22,18,0,2,2,0
S01010808,35 to 49,111,85,76,9,26,8,0,4,14,0
S01010808,50 to 64,111,88,84,4,23,6,0,0,11,6
S01010808,65 to 74,50,43,41,2,7,1,0,1,1,4
S01010808,75 to 84,22,11,11,0,11,0,1,0,2,8
S01010808,85 and over,12,4,4,0,8,0,0,1,0,7
S01010809,All people aged 16 and over in households,628,420,332,88,208,137,3,12,21,35
S01010809,16 to 24,66,4,0,4,62,62,0,0,0,0
S01010809,25 to 34,88,53,19,34,35,32,0,1,2,0
S01010809,35 to 49,156,120,93,27,36,24,1,5,5,1
S01010809,50 to 64,192,157,137,20,35,12,0,5,12,6
S01010809,65 to 74,77,61,59,2,16,3,1,1,1,10
S01010809,75 to 84,38,22,21,1,16,4,0,0,1,11
S01010809,85 and over,11,3,3,0,8,0,1,0,0,7
S01010810,All people aged 16 and over in households,420,236,196,40,184,105,1,11,27,40
S01010810,16 to 24,40,9,0,9,31,31,0,0,0,0
S01010810,25 to 34,30,15,9,6,15,14,0,0,1,0
S01010810,35 to 49,86,56,43,13,30,18,0,3,8,1
S01010810,50 to 64,128,87,76,11,41,16,0,7,11,7
S01010810,65 to 74,82,48,47,1,34,17,0,0,4,13
S01010810,75 to 84,40,17,17,0,23,8,1,1,2,11
S01010810,85 and over,14,4,4,0,10,1,0,0,1,8
S01010811,All people aged 16 and over in households,738,460,382,78,278,153,8,21,32,64
S01010811,16 to 24,73,13,2,11,60,57,0,3,0,0
S01010811,25 to 34,72,49,23,26,23,22,0,0,1,0
S01010811,35 to 49,182,136,112,24,46,29,4,5,8,0
S01010811,50 to 64,215,154,138,16,61,26,3,8,16,8
S01010811,65 to 74,110,73,72,1,37,14,0,3,5,15
S01010811,75 to 84,64,32,32,0,32,3,1,1,1,26
S01010811,85 and over,22,3,3,0,19,2,0,1,1,15
S01010812,All people aged 16 and over in households,427,247,203,44,180,94,1,12,33,40
S01010812,16 to 24,37,4,1,3,33,33,0,0,0,0
S01010812,25 to 34,36,16,8,8,20,19,0,0,1,0
S01010812,35 to 49,110,81,64,17,29,16,0,2,10,1
S01010812,50 to 64,133,94,85,9,39,14,0,3,15,7
S01010812,65 to 74,54,31,26,5,23,5,0,6,5,7
S01010812,75 to 84,40,19,17,2,21,3,1,1,2,14
S01010812,85 and over,17,2,2,0,15,4,0,0,0,11
S01010813,All people aged 16 and over in households,449,268,220,48,181,102,2,16,25,36
S01010813,16 to 24,48,5,0,5,43,43,0,0,0,0
S01010813,25 to 34,56,27,11,16,29,29,0,0,0,0
S01010813,35 to 49,108,70,58,12,38,16,1,10,11,0
S01010813,50 to 64,143,111,99,12,32,9,0,6,10,7
S01010813,65 to 74,64,44,42,2,20,4,1,0,4,11
S01010813,75 to 84,22,10,10,0,12,1,0,0,0,11
S01010813,85 and over,8,1,0,1,7,0,0,0,0,7
S01010814,All people aged 16 and over in households,526,302,270,32,224,116,10,16,40,42
S01010814,16 to 24,39,0,0,0,39,39,0,0,0,0
S01010814,25 to 34,36,13,7,6,23,21,1,1,0,0
S01010814,35 to 49,138,90,79,11,48,28,3,7,9,1
S01010814,50 to 64,184,132,122,10,52,17,6,7,18,4
S01010814,65 to 74,78,47,42,5,31,6,0,1,9,15
S01010814,75 to 84,40,18,18,0,22,4,0,0,4,14
S01010814,85 and over,11,2,2,0,9,1,0,0,0,8
S01010815,All people aged 16 and over in households,369,232,192,40,137,76,3,10,21,27
S01010815,16 to 24,34,4,0,4,30,30,0,0,0,0
S01010815,25 to 34,33,19,12,7,14,14,0,0,0,0
S01010815,35 to 49,78,57,44,13,21,10,0,5,6,0
S01010815,50 to 64,138,109,97,12,29,14,1,4,9,1
S01010815,65 to 74,50,29,26,3,21,4,2,1,5,9
S01010815,75 to 84,29,14,13,1,15,4,0,0,1,10
S01010815,85 and over,7,0,0,0,7,0,0,0,0,7
S01010816,All people aged 16 and over in households,523,314,296,18,209,82,6,10,33,78
S01010816,16 to 24,56,4,0,4,52,51,0,1,0,0
S01010816,25 to 34,41,28,20,8,13,12,1,0,0,0
S01010816,35 to 49,114,89,84,5,25,9,1,5,9,1
S01010816,50 to 64,123,95,94,1,28,6,3,4,8,7
S01010816,65 to 74,85,60,60,0,25,2,0,0,12,11
S01010816,75 to 84,65,26,26,0,39,2,1,0,3,33
S01010816,85 and over,39,12,12,0,27,0,0,0,1,26
S01010817,All people aged 16 and over in households,712,494,460,34,218,128,6,15,31,38
S01010817,16 to 24,62,0,0,0,62,62,0,0,0,0
S01010817,25 to 34,57,32,24,8,25,23,0,0,2,0
S01010817,35 to 49,207,167,148,19,40,24,0,9,5,2
S01010817,50 to 64,237,184,177,7,53,14,4,5,19,11
S01010817,65 to 74,93,78,78,0,15,2,1,1,4,7
S01010817,75 to 84,45,30,30,0,15,2,1,0,1,11
S01010817,85 and over,11,3,3,0,8,1,0,0,0,7
S01010818,All people aged 16 and over in households,826,500,456,44,326,140,11,19,61,95
S01010818,16 to 24,56,7,2,5,49,49,0,0,0,0
S01010818,25 to 34,59,31,20,11,28,27,0,1,0,0
S01010818,35 to 49,268,186,163,23,82,43,5,10,24,0
S01010818,50 to 64,217,172,169,3,45,11,3,4,19,8
S01010818,65 to 74,98,67,65,2,31,2,1,2,13,13
S01010818,75 to 84,89,33,33,0,56,7,2,2,4,41
S01010818,85 and over,39,4,4,0,35,1,0,0,1,33
S01010819,All people aged 16 and over in households,676,424,364,60,252,135,8,10,38,61
S01010819,16 to 24,54,4,0,4,50,50,0,0,0,0
S01010819,25 to 34,55,30,20,10,25,25,0,0,0,0
S01010819,35 to 49,156,114,98,16,42,25,2,5,10,0
S01010819,50 to 64,204,149,129,20,55,17,2,5,17,14
S01010819,65 to 74,112,78,74,4,34,10,1,0,8,15
S01010819,75 to 84,74,44,38,6,30,6,3,0,2,19
S01010819,85 and over,21,5,5,0,16,2,0,0,1,13
S01010820,All people aged 16 and over in households,420,288,262,26,132,78,3,9,18,24
S01010820,16 to 24,36,1,0,1,35,35,0,0,0,0
S01010820,25 to 34,33,19,15,4,14,14,0,0,0,0
S01010820,35 to 49,124,101,82,19,23,12,0,5,6,0
S01010820,50 to 64,127,99,98,1,28,9,3,3,10,3
S01010820,65 to 74,65,53,52,1,12,4,0,0,1,7
S01010820,75 to 84,27,13,13,0,14,2,0,1,1,10
S01010820,85 and over,8,2,2,0,6,2,0,0,0,4
S01010821,All people aged 16 and over in households,499,370,360,10,129,77,3,4,11,34
S01010821,16 to 24,47,2,1,1,45,45,0,0,0,0
S01010821,25 to 34,25,12,11,1,13,13,0,0,0,0
S01010821,35 to 49,109,92,88,4,17,13,0,0,3,1
S01010821,50 to 64,153,136,134,2,17,3,1,3,8,2
S01010821,65 to 74,102,86,84,2,16,2,1,0,0,13
S01010821,75 to 84,46,36,36,0,10,1,1,1,0,7
S01010821,85 and over,17,6,6,0,11,0,0,0,0,11
S01010822,All people aged 16 and over in households,535,356,334,22,179,119,4,14,27,15
S01010822,16 to 24,46,0,0,0,46,46,0,0,0,0
S01010822,25 to 34,50,23,21,2,27,25,0,0,2,0
S01010822,35 to 49,202,149,138,11,53,32,1,9,10,1
S01010822,50 to 64,175,142,133,9,33,12,3,4,13,1
S01010822,65 to 74,40,31,31,0,9,2,0,0,1,6
S01010822,75 to 84,19,11,11,0,8,2,0,1,1,4
S01010822,85 and over,3,0,0,0,3,0,0,0,0,3
S01010823,All people aged 16 and over in households,310,218,162,56,92,68,2,10,9,3
S01010823,16 to 24,51,8,0,8,43,43,0,0,0,0
S01010823,25 to 34,75,59,33,26,16,13,0,2,0,1
S01010823,35 to 49,118,94,78,16,24,10,1,6,7,0
S01010823,50 to 64,56,51,45,6,5,2,0,2,1,0
S01010823,65 to 74,5,3,3,0,2,0,0,0,0,2
S01010823,75 to 84,4,3,3,0,1,0,1,0,0,0
S01010823,85 and over,1,0,0,0,1,0,0,0,1,0
S01010824,All people aged 16 and over in households,535,392,344,48,143,102,4,7,19,11
S01010824,16 to 24,69,2,0,2,67,67,0,0,0,0
S01010824,25 to 34,58,42,36,6,16,15,1,0,0,0
S01010824,35 to 49,275,250,219,31,25,10,1,5,9,0
S01010824,50 to 64,90,65,58,7,25,7,2,1,10,5
S01010824,65 to 74,32,29,28,1,3,2,0,1,0,0
S01010824,75 to 84,10,4,3,1,6,1,0,0,0,5
S01010824,85 and over,1,0,0,0,1,0,0,0,0,1
S01010825,All people aged 16 and over in households,252,200,182,18,52,27,2,6,6,11
S01010825,16 to 24,15,1,1,0,14,14,0,0,0,0
S01010825,25 to 34,52,42,32,10,10,8,1,1,0,0
S01010825,35 to 49,116,104,98,6,12,4,1,5,2,0
S01010825,50 to 64,38,33,31,2,5,0,0,0,2,3
S01010825,65 to 74,17,14,14,0,3,0,0,0,2,1
S01010825,75 to 84,11,6,6,0,5,1,0,0,0,4
S01010825,85 and over,3,0,0,0,3,0,0,0,0,3
S01010826,All people aged 16 and over in households,620,396,362,34,224,137,3,18,25,41
S01010826,16 to 24,82,4,0,4,78,78,0,0,0,0
S01010826,25 to 34,55,21,17,4,34,28,1,4,1,0
S01010826,35 to 49,162,128,118,10,34,20,0,7,7,0
S01010826,50 to 64,202,166,151,15,36,9,2,5,12,8
S01010826,65 to 74,80,60,59,1,20,1,0,1,3,15
S01010826,75 to 84,28,14,14,0,14,0,0,1,1,12
S01010826,85 and over,11,3,3,0,8,1,0,0,1,6
S01010827,All people aged 16 and over in households,491,348,312,36,143,102,0,3,24,14
S01010827,16 to 24,66,1,0,1,65,65,0,0,0,0
S01010827,25 to 34,49,26,16,10,23,23,0,0,0,0
S01010827,35 to 49,150,131,118,13,19,7,0,0,12,0
S01010827,50 to 64,158,139,128,11,19,5,0,3,7,4
S01010827,65 to 74,53,42,41,1,11,0,0,0,4,7
S01010827,75 to 84,12,8,8,0,4,1,0,0,1,2
S01010827,85 and over,3,1,1,0,2,1,0,0,0,1
S01010828,All people aged 16 and over in households,961,678,610,68,283,198,2,13,36,34
S01010828,16 to 24,154,4,0,4,150,150,0,0,0,0
S01010828,25 to 34,69,38,33,5,31,28,2,0,1,0
S01010828,35 to 49,368,339,297,42,29,11,0,6,11,1
S01010828,50 to 64,281,238,223,15,43,8,0,6,21,8
S01010828,65 to 74,56,43,41,2,13,1,0,1,2,9
S01010828,75 to 84,28,16,16,0,12,0,0,0,0,12
S01010828,85 and over,5,0,0,0,5,0,0,0,1,4
S01010829,All people aged 16 and over in households,809,482,412,70,327,176,8,17,55,71
S01010829,16 to 24,76,1,0,1,75,75,0,0,0,0
S01010829,25 to 34,93,44,23,21,49,45,0,1,3,0
S01010829,35 to 49,182,127,99,28,55,32,1,4,15,3
S01010829,50 to 64,267,195,179,16,72,17,5,11,26,13
S01010829,65 to 74,113,79,77,2,34,4,1,1,7,21
S01010829,75 to 84,63,33,31,2,30,2,0,0,4,24
S01010829,85 and over,15,3,3,0,12,1,1,0,0,10
S01010830,All people aged 16 and over in households,476,278,238,40,198,125,1,9,32,31
S01010830,16 to 24,80,7,0,7,73,73,0,0,0,0
S01010830,25 to 34,57,27,12,15,30,29,0,1,0,0
S01010830,35 to 49,112,80,71,9,32,19,0,3,8,2
S01010830,50 to 64,134,106,99,7,28,2,1,3,17,5
S01010830,65 to 74,59,43,42,1,16,1,0,1,5,9
S01010830,75 to 84,26,13,12,1,13,1,0,1,2,9
S01010830,85 and over,8,2,2,0,6,0,0,0,0,6
S01010831,All people aged 16 and over in households,436,318,296,22,118,79,5,7,20,7
S01010831,16 to 24,65,2,0,2,63,62,1,0,0,0
S01010831,25 to 34,44,35,28,7,9,6,0,2,1,0
S01010831,35 to 49,234,206,194,12,28,7,3,3,14,1
S01010831,50 to 64,71,60,59,1,11,3,1,1,4,2
S01010831,65 to 74,18,11,11,0,7,1,0,1,1,4
S01010831,75 to 84,3,3,3,0,0,0,0,0,0,0
S01010831,85 and over,1,1,1,0,0,0,0,0,0,0
S01010832,All people aged 16 and over in households,613,372,300,72,241,182,3,11,23,22
S01010832,16 to 24,104,2,0,2,102,102,0,0,0,0
S01010832,25 to 34,102,52,22,30,50,47,1,0,2,0
S01010832,35 to 49,179,141,111,30,38,23,2,6,7,0
S01010832,50 to 64,165,136,129,7,29,8,0,3,8,10
S01010832,65 to 74,43,31,28,3,12,1,0,2,4,5
S01010832,75 to 84,17,9,9,0,8,1,0,0,2,5
S01010832,85 and over,3,1,1,0,2,0,0,0,0,2
S01010833,All people aged 16 and over in households,739,520,466,54,219,160,6,5,24,24
S01010833,16 to 24,106,2,0,2,104,104,0,0,0,0
S01010833,25 to 34,61,35,20,15,26,26,0,0,0,0
S01010833,35 to 49,237,212,189,23,25,19,2,3,1,0
S01010833,50 to 64,222,193,180,13,29,7,3,2,12,5
S01010833,65 to 74,75,55,54,1,20,1,1,0,8,10
S01010833,75 to 84,33,20,20,0,13,3,0,0,2,8
S01010833,85 and over,5,3,3,0,2,0,0,0,1,1
S01010834,All people aged 16 and over in households,794,544,502,42,250,143,2,11,30,64
S01010834,16 to 24,77,3,0,3,74,74,0,0,0,0
S01010834,25 to 34,65,36,26,10,29,29,0,0,0,0
S01010834,35 to 49,178,138,117,21,40,20,0,8,9,3
S01010834,50 to 64,243,201,194,7,42,12,2,3,17,8
S01010834,65 to 74,139,114,113,1,25,5,0,0,3,17
S01010834,75 to 84,78,44,44,0,34,3,0,0,1,30
S01010834,85 and over,14,8,8,0,6,0,0,0,0,6
S01010835,All people aged 16 and over in households,576,390,368,22,186,128,1,5,17,35
S01010835,16 to 24,83,0,0,0,83,83,0,0,0,0
S01010835,25 to 34,29,8,8,0,21,20,0,1,0,0
S01010835,35 to 49,121,105,90,15,16,10,0,2,4,0
S01010835,50 to 64,172,141,137,4,31,9,0,2,13,7
S01010835,65 to 74,105,95,92,3,10,1,0,0,0,9
S01010835,75 to 84,53,37,37,0,16,3,0,0,0,13
S01010835,85 and over,13,4,4,0,9,2,1,0,0,6
S01010836,All people aged 16 and over in households,669,376,316,60,293,167,6,15,53,52
S01010836,16 to 24,60,7,0,7,53,53,0,0,0,0
S01010836,25 to 34,77,35,22,13,42,40,1,0,1,0
S01010836,35 to 49,196,118,92,26,78,47,1,9,21,0
S01010836,50 to 64,193,139,131,8,54,20,1,5,20,8
S01010836,65 to 74,82,52,46,6,30,4,1,1,7,17
S01010836,75 to 84,53,25,25,0,28,2,2,0,4,20
S01010836,85 and over,8,0,0,0,8,1,0,0,0,7
S01010837,All people aged 16 and over in households,560,316,290,26,244,140,1,9,30,64
S01010837,16 to 24,77,2,0,2,75,75,0,0,0,0
S01010837,25 to 34,40,18,11,7,22,19,0,1,1,1
S01010837,35 to 49,137,86,76,10,51,30,1,7,12,1
S01010837,50 to 64,141,107,104,3,34,12,0,1,11,10
S01010837,65 to 74,106,78,74,4,28,2,0,0,4,22
S01010837,75 to 84,46,22,22,0,24,2,0,0,2,20
S01010837,85 and over,13,3,3,0,10,0,0,0,0,10
S01010838,All people aged 16 and over in households,664,376,306,70,288,179,4,6,42,57
S01010838,16 to 24,90,3,1,2,87,87,0,0,0,0
S01010838,25 to 34,87,47,26,21,40,38,0,1,1,0
S01010838,35 to 49,210,154,123,31,56,32,2,3,18,1
S01010838,50 to 64,149,105,89,16,44,17,2,2,15,8
S01010838,65 to 74,74,51,51,0,23,3,0,0,4,16
S01010838,75 to 84,39,16,16,0,23,2,0,0,3,18
S01010838,85 and over,15,0,0,0,15,0,0,0,1,14
S01010839,All people aged 16 and over in households,593,314,272,42,279,146,2,11,50,70
S01010839,16 to 24,74,2,0,2,72,71,0,0,1,0
S01010839,25 to 34,62,32,17,15,30,29,0,0,0,1
S01010839,35 to 49,186,131,108,23,55,29,1,6,18,1
S01010839,50 to 64,114,66,64,2,48,12,0,2,26,8
S01010839,65 to 74,68,46,46,0,22,3,0,2,1,16
S01010839,75 to 84,72,34,34,0,38,2,1,1,3,31
S01010839,85 and over,17,3,3,0,14,0,0,0,1,13
S01010840,All people aged 16 and over in households,448,192,146,46,256,129,2,12,41,72
S01010840,16 to 24,41,3,1,2,38,38,0,0,0,0
S01010840,25 to 34,70,30,20,10,40,40,0,0,0,0
S01010840,35 to 49,109,55,33,22,54,32,1,4,17,0
S01010840,50 to 64,100,65,55,10,35,10,1,4,16,4
S01010840,65 to 74,56,26,24,2,30,6,0,3,3,18
S01010840,75 to 84,56,10,10,0,46,3,0,1,4,38
S01010840,85 and over,16,3,3,0,13,0,0,0,1,12
S01010841,All people aged 16 and over in households,657,350,272,78,307,182,7,16,48,54
S01010841,16 to 24,70,9,2,7,61,61,0,0,0,0
S01010841,25 to 34,111,61,26,35,50,47,2,0,1,0
S01010841,35 to 49,174,97,74,23,77,48,1,7,19,2
S01010841,50 to 64,156,105,92,13,51,16,2,6,19,8
S01010841,65 to 74,92,54,54,0,38,4,0,2,9,23
S01010841,75 to 84,43,23,23,0,20,3,2,1,0,14
S01010841,85 and over,11,1,1,0,10,3,0,0,0,7
S01010842,All people aged 16 and over in households,808,260,192,68,548,262,10,37,106,133
S01010842,16 to 24,62,8,2,6,54,54,0,0,0,0
S01010842,25 to 34,111,40,19,21,71,64,2,2,3,0
S01010842,35 to 49,183,64,47,17,119,65,1,22,30,1
S01010842,50 to 64,170,50,36,14,120,55,4,7,45,9
S01010842,65 to 74,133,55,50,5,78,11,2,4,23,38
S01010842,75 to 84,101,38,33,5,63,7,1,2,3,50
S01010842,85 and over,48,5,5,0,43,6,0,0,2,35
S01010843,All people aged 16 and over in households,582,236,182,54,346,179,2,13,64,88
S01010843,16 to 24,54,10,1,9,44,44,0,0,0,0
S01010843,25 to 34,85,35,16,19,50,48,0,1,1,0
S01010843,35 to 49,127,54,35,19,73,50,0,3,19,1
S01010843,50 to 64,119,66,61,5,53,14,0,6,25,8
S01010843,65 to 74,95,48,47,1,47,12,2,2,16,15
S01010843,75 to 84,69,22,21,1,47,8,0,1,2,36
S01010843,85 and over,33,1,1,0,32,3,0,0,1,28
S01010844,All people aged 16 and over in households,571,370,336,34,201,123,4,12,19,43
S01010844,16 to 24,78,3,0,3,75,75,0,0,0,0
S01010844,25 to 34,34,18,10,8,16,14,1,1,0,0
S01010844,35 to 49,135,109,91,18,26,13,0,6,7,0
S01010844,50 to 64,179,148,145,3,31,9,2,5,8,7
S01010844,65 to 74,86,66,65,1,20,7,0,0,3,10
S01010844,75 to 84,46,23,22,1,23,2,1,0,1,19
S01010844,85 and over,13,3,3,0,10,3,0,0,0,7
S01010845,All people aged 16 and over in households,528,334,310,24,194,129,6,1,22,36
S01010845,16 to 24,60,0,0,0,60,60,0,0,0,0
S01010845,25 to 34,61,27,21,6,34,32,2,0,0,0
S01010845,35 to 49,122,87,80,7,35,25,2,0,8,0
S01010845,50 to 64,145,123,114,9,22,8,0,1,9,4
S01010845,65 to 74,89,66,64,2,23,2,1,0,5,15
S01010845,75 to 84,46,27,27,0,19,2,1,0,0,16
S01010845,85 and over,5,4,4,0,1,0,0,0,0,1
S01010846,All people aged 16 and over in households,620,280,226,54,340,238,3,20,47,32
S01010846,16 to 24,129,2,0,2,127,127,0,0,0,0
S01010846,25 to 34,85,35,19,16,50,46,1,2,1,0
S01010846,35 to 49,177,95,69,26,82,43,1,10,24,4
S01010846,50 to 64,163,112,106,6,51,20,0,5,17,9
S01010846,65 to 74,42,27,23,4,15,2,0,2,4,7
S01010846,75 to 84,21,8,8,0,13,0,1,1,1,10
S01010846,85 and over,3,1,1,0,2,0,0,0,0,2
S01010847,All people aged 16 and over in households,518,340,298,42,178,124,3,7,29,15
S01010847,16 to 24,71,3,0,3,68,68,0,0,0,0
S01010847,25 to 34,87,54,36,18,33,29,1,1,2,0
S01010847,35 to 49,160,127,119,8,33,21,0,1,10,1
S01010847,50 to 64,143,116,105,11,27,4,2,5,13,3
S01010847,65 to 74,48,36,34,2,12,2,0,0,4,6
S01010847,75 to 84,6,2,2,0,4,0,0,0,0,4
S01010847,85 and over,3,2,2,0,1,0,0,0,0,1
S01010848,All people aged 16 and over in households,519,206,170,36,313,209,3,16,49,36
S01010848,16 to 24,98,2,1,1,96,96,0,0,0,0
S01010848,25 to 34,75,15,8,7,60,55,0,0,5,0
S01010848,35 to 49,163,96,78,18,67,39,1,11,15,1
S01010848,50 to 64,122,68,60,8,54,11,1,4,23,15
S01010848,65 to 74,45,18,16,2,27,6,1,0,6,14
S01010848,75 to 84,16,7,7,0,9,2,0,1,0,6
S01010848,85 and over,0,0,0,0,0,0,0,0,0,0
S01010849,All people aged 16 and over in households,732,312,254,58,420,286,3,28,54,49
S01010849,16 to 24,141,3,1,2,138,138,0,0,0,0
S01010849,25 to 34,94,25,12,13,69,66,1,1,1,0
S01010849,35 to 49,206,114,83,31,92,54,1,13,23,1
S01010849,50 to 64,177,115,107,8,62,14,0,13,24,11
S01010849,65 to 74,69,36,34,2,33,11,0,1,4,17
S01010849,75 to 84,40,19,17,2,21,2,1,0,2,16
S01010849,85 and over,5,0,0,0,5,1,0,0,0,4
S01010850,All people aged 16 and over in households,640,268,216,52,372,236,2,18,59,57
S01010850,16 to 24,102,2,1,1,100,98,0,1,1,0
S01010850,25 to 34,91,31,15,16,60,59,0,1,0,0
S01010850,35 to 49,166,74,54,20,92,55,2,10,23,2
S01010850,50 to 64,185,115,102,13,70,22,0,5,29,14
S01010850,65 to 74,56,30,28,2,26,2,0,0,5,19
S01010850,75 to 84,38,16,16,0,22,0,0,1,1,20
S01010850,85 and over,2,0,0,0,2,0,0,0,0,2
S01010851,All people aged 16 and over in households,608,286,202,84,322,215,2,14,49,42
S01010851,16 to 24,91,8,0,8,83,82,0,0,0,1
S01010851,25 to 34,116,49,19,30,67,62,0,3,2,0
S01010851,35 to 49,185,102,69,33,83,53,1,6,22,1
S01010851,50 to 64,136,88,76,12,48,16,1,3,17,11
S01010851,65 to 74,46,21,20,1,25,2,0,2,7,14
S01010851,75 to 84,34,18,18,0,16,0,0,0,1,15
S01010851,85 and over,0,0,0,0,0,0,0,0,0,0
S01010852,All people aged 16 and over in households,612,328,278,50,284,175,1,10,43,55
S01010852,16 to 24,84,4,0,4,80,80,0,0,0,0
S01010852,25 to 34,67,25,13,12,42,40,0,0,2,0
S01010852,35 to 49,169,117,96,21,52,35,0,5,12,0
S01010852,50 to 64,168,119,108,11,49,13,0,3,23,10
S01010852,65 to 74,77,45,44,1,32,4,1,2,6,19
S01010852,75 to 84,35,16,15,1,19,2,0,0,0,17
S01010852,85 and over,12,2,2,0,10,1,0,0,0,9
S01010853,All people aged 16 and over in households,726,406,338,68,320,200,4,21,39,56
S01010853,16 to 24,97,4,0,4,93,92,1,0,0,0
S01010853,25 to 34,104,44,24,20,60,55,0,4,1,0
S01010853,35 to 49,161,111,87,24,50,32,1,8,9,0
S01010853,50 to 64,221,158,143,15,63,17,1,8,26,11
S01010853,65 to 74,80,56,52,4,24,3,1,0,2,18
S01010853,75 to 84,50,31,31,0,19,1,0,1,1,16
S01010853,85 and over,13,2,1,1,11,0,0,0,0,11
S01010854,All people aged 16 and over in households,701,326,240,86,375,245,2,30,52,46
S01010854,16 to 24,129,13,0,13,116,116,0,0,0,0
S01010854,25 to 34,109,42,17,25,67,58,1,8,0,0
S01010854,35 to 49,221,135,95,40,86,51,0,11,23,1
S01010854,50 to 64,155,97,89,8,58,16,1,9,26,6
S01010854,65 to 74,46,22,22,0,24,3,0,1,3,17
S01010854,75 to 84,38,16,16,0,22,1,0,1,0,20
S01010854,85 and over,3,1,1,0,2,0,0,0,0,2
S01010855,All people aged 16 and over in households,449,230,188,42,219,136,2,15,21,45
S01010855,16 to 24,71,6,1,5,65,65,0,0,0,0
S01010855,25 to 34,64,34,23,11,30,27,0,2,1,0
S01010855,35 to 49,94,45,32,13,49,34,1,7,7,0
S01010855,50 to 64,118,86,77,9,32,6,1,6,7,12
S01010855,65 to 74,65,41,38,3,24,3,0,0,5,16
S01010855,75 to 84,32,17,16,1,15,1,0,0,1,13
S01010855,85 and over,5,1,1,0,4,0,0,0,0,4
S01010856,All people aged 16 and over in households,721,314,260,54,407,216,2,28,72,89
S01010856,16 to 24,76,8,0,8,68,68,0,0,0,0
S01010856,25 to 34,97,32,17,15,65,62,0,2,1,0
S01010856,35 to 49,198,117,94,23,81,51,0,9,20,1
S01010856,50 to 64,175,84,78,6,91,27,0,15,34,15
S01010856,65 to 74,77,35,33,2,42,6,0,0,14,22
S01010856,75 to 84,85,36,36,0,49,2,1,2,3,41
S01010856,85 and over,13,2,2,0,11,0,1,0,0,10
S01010857,All people aged 16 and over in households,644,362,310,52,282,206,3,18,27,28
S01010857,16 to 24,114,2,0,2,112,112,0,0,0,0
S01010857,25 to 34,89,45,31,14,44,44,0,0,0,0
S01010857,35 to 49,237,172,146,26,65,36,1,12,16,0
S01010857,50 to 64,148,111,103,8,37,11,2,5,8,11
S01010857,65 to 74,41,25,23,2,16,3,0,1,3,9
S01010857,75 to 84,11,5,5,0,6,0,0,0,0,6
S01010857,85 and over,4,2,2,0,2,0,0,0,0,2
S01010858,All people aged 16 and over in households,592,278,224,54,314,191,1,14,49,59
S01010858,16 to 24,87,6,0,6,81,81,0,0,0,0
S01010858,25 to 34,84,44,23,21,40,39,0,1,0,0
S01010858,35 to 49,177,96,76,20,81,51,0,8,21,1
S01010858,50 to 64,102,57,54,3,45,12,0,4,19,10
S01010858,65 to 74,72,42,38,4,30,6,0,1,4,19
S01010858,75 to 84,64,33,33,0,31,2,1,0,4,24
S01010858,85 and over,6,0,0,0,6,0,0,0,1,5
S01010859,All people aged 16 and over in households,586,256,228,28,330,199,7,24,44,56
S01010859,16 to 24,103,4,0,4,99,98,1,0,0,0
S01010859,25 to 34,77,25,15,10,52,46,3,2,1,0
S01010859,35 to 49,140,78,68,10,62,33,0,10,19,0
S01010859,50 to 64,143,96,92,4,47,9,2,8,18,10
S01010859,65 to 74,75,42,42,0,33,8,0,4,5,16
S01010859,75 to 84,38,11,11,0,27,2,0,0,1,24
S01010859,85 and over,10,0,0,0,10,3,1,0,0,6
S01010860,All people aged 16 and over in households,528,272,236,36,256,167,4,14,39,32
S01010860,16 to 24,79,1,0,1,78,78,0,0,0,0
S01010860,25 to 34,60,21,14,7,39,37,2,0,0,0
S01010860,35 to 49,135,80,65,15,55,34,2,5,12,2
S01010860,50 to 64,150,107,96,11,43,12,0,5,20,6
S01010860,65 to 74,63,45,43,2,18,3,0,3,5,7
S01010860,75 to 84,39,18,18,0,21,3,0,1,2,15
S01010860,85 and over,2,0,0,0,2,0,0,0,0,2
S01010861,All people aged 16 and over in households,533,208,170,38,325,191,7,17,57,53
S01010861,16 to 24,77,7,0,7,70,69,0,0,0,1
S01010861,25 to 34,76,25,16,9,51,47,1,1,2,0
S01010861,35 to 49,136,62,46,16,74,46,2,8,16,2
S01010861,50 to 64,119,49,43,6,70,20,1,5,30,14
S01010861,65 to 74,69,43,43,0,26,3,1,3,7,12
S01010861,75 to 84,42,17,17,0,25,4,2,0,2,17
S01010861,85 and over,14,5,5,0,9,2,0,0,0,7
S01010862,All people aged 16 and over in households,439,114,92,22,325,228,1,19,45,32
S01010862,16 to 24,106,3,0,3,103,103,0,0,0,0
S01010862,25 to 34,71,10,3,7,61,61,0,0,0,0
S01010862,35 to 49,115,47,39,8,68,42,1,10,12,3
S01010862,50 to 64,87,28,24,4,59,15,0,9,24,11
S01010862,65 to 74,41,21,21,0,20,3,0,0,9,8
S01010862,75 to 84,17,5,5,0,12,4,0,0,0,8
S01010862,85 and over,2,0,0,0,2,0,0,0,0,2
S01010863,All people aged 16 and over in households,624,376,338,38,248,153,0,14,28,53
S01010863,16 to 24,78,1,0,1,77,77,0,0,0,0
S01010863,25 to 34,56,25,17,8,31,29,0,0,2,0
S01010863,35 to 49,153,117,99,18,36,21,0,4,10,1
S01010863,50 to 64,186,143,132,11,43,17,0,5,11,10
S01010863,65 to 74,89,60,60,0,29,6,0,5,4,14
S01010863,75 to 84,47,28,28,0,19,1,0,0,1,17
S01010863,85 and over,15,2,2,0,13,2,0,0,0,11
S01010864,All people aged 16 and over in households,487,316,302,14,171,112,1,9,18,31
S01010864,16 to 24,53,1,0,1,52,52,0,0,0,0
S01010864,25 to 34,55,25,19,6,30,27,0,1,1,1
S01010864,35 to 49,101,75,72,3,26,15,0,5,5,1
S01010864,50 to 64,149,120,116,4,29,13,1,3,8,4
S01010864,65 to 74,73,60,60,0,13,2,0,0,3,8
S01010864,75 to 84,49,32,32,0,17,1,0,0,1,15
S01010864,85 and over,7,3,3,0,4,2,0,0,0,2
S01010865,All people aged 16 and over in households,636,398,366,32,238,138,9,3,18,70
S01010865,16 to 24,66,0,0,0,66,66,0,0,0,0
S01010865,25 to 34,46,21,15,6,25,23,1,0,1,0
S01010865,35 to 49,98,70,56,14,28,16,3,2,6,1
S01010865,50 to 64,188,149,139,10,39,25,3,0,7,4
S01010865,65 to 74,131,103,101,2,28,4,1,1,2,20
S01010865,75 to 84,77,40,40,0,37,4,1,0,2,30
S01010865,85 and over,30,15,15,0,15,0,0,0,0,15
S01010866,All people aged 16 and over in households,578,346,320,26,232,112,6,9,25,80
S01010866,16 to 24,58,1,0,1,57,57,0,0,0,0
S01010866,25 to 34,39,13,9,4,26,25,1,0,0,0
S01010866,35 to 49,100,81,70,11,19,11,0,2,5,1
S01010866,50 to 64,166,131,123,8,35,11,2,3,13,6
S01010866,65 to 74,87,67,65,2,20,1,1,3,4,11
S01010866,75 to 84,88,47,47,0,41,6,0,1,0,34
S01010866,85 and over,40,6,6,0,34,1,2,0,3,28
S01010867,All people aged 16 and over in households,549,332,298,34,217,138,6,7,18,48
S01010867,16 to 24,72,3,0,3,69,69,0,0,0,0
S01010867,25 to 34,54,25,18,7,29,27,1,0,1,0
S01010867,35 to 49,121,96,80,16,25,20,0,2,3,0
S01010867,50 to 64,143,113,105,8,30,11,1,4,9,5
S01010867,65 to 74,81,61,61,0,20,5,1,1,4,9
S01010867,75 to 84,39,22,22,0,17,3,2,0,0,12
S01010867,85 and over,39,12,12,0,27,3,1,0,1,22
S01010868,All people aged 16 and over in households,606,376,322,54,230,153,4,7,21,45
S01010868,16 to 24,69,2,0,2,67,67,0,0,0,0
S01010868,25 to 34,47,18,11,7,29,27,0,0,2,0
S01010868,35 to 49,155,114,94,20,41,28,2,6,4,1
S01010868,50 to 64,172,138,123,15,34,14,1,1,11,7
S01010868,65 to 74,83,62,58,4,21,7,1,0,3,10
S01010868,75 to 84,62,37,31,6,25,7,0,0,0,18
S01010868,85 and over,18,5,5,0,13,3,0,0,1,9
S01010869,All people aged 16 and over in households,632,386,352,34,246,170,6,7,13,50
S01010869,16 to 24,100,0,0,0,100,99,1,0,0,0
S01010869,25 to 34,52,14,9,5,38,36,1,0,1,0
S01010869,35 to 49,160,132,115,17,28,18,2,4,2,2
S01010869,50 to 64,182,150,140,10,32,10,1,3,9,9
S01010869,65 to 74,71,52,50,2,19,2,0,0,1,16
S01010869,75 to 84,49,34,34,0,15,3,1,0,0,11
S01010869,85 and over,18,4,4,0,14,2,0,0,0,12
S01010870,All people aged 16 and over in households,663,314,254,60,349,180,7,24,47,91
S01010870,16 to 24,81,16,0,16,65,65,0,0,0,0
S01010870,25 to 34,92,38,26,12,54,48,0,4,2,0
S01010870,35 to 49,152,97,80,17,55,31,1,7,16,0
S01010870,50 to 64,145,79,67,12,66,17,3,13,21,12
S01010870,65 to 74,94,54,51,3,40,7,1,0,7,25
S01010870,75 to 84,65,24,24,0,41,8,1,0,0,32
S01010870,85 and over,34,6,6,0,28,4,1,0,1,22
S01010871,All people aged 16 and over in households,714,352,298,54,362,220,3,15,47,77
S01010871,16 to 24,100,11,3,8,89,89,0,0,0,0
S01010871,25 to 34,117,57,35,22,60,56,0,3,1,0
S01010871,35 to 49,175,117,99,18,58,42,1,5,10,0
S01010871,50 to 64,157,98,93,5,59,21,0,6,26,6
S01010871,65 to 74,71,41,40,1,30,4,1,1,6,18
S01010871,75 to 84,66,27,27,0,39,6,0,0,3,30
S01010871,85 and over,28,1,1,0,27,2,1,0,1,23
S01010872,All people aged 16 and over in households,624,272,214,58,352,205,6,25,64,52
S01010872,16 to 24,75,4,1,3,71,71,0,0,0,0
S01010872,25 to 34,110,44,14,30,66,60,1,4,1,0
S01010872,35 to 49,158,82,63,19,76,42,2,12,18,2
S01010872,50 to 64,150,87,83,4,63,24,0,6,29,4
S01010872,65 to 74,78,38,37,1,40,5,2,3,13,17
S01010872,75 to 84,41,15,14,1,26,2,0,0,2,22
S01010872,85 and over,12,2,2,0,10,1,1,0,1,7
S01010873,All people aged 16 and over in households,497,126,86,40,371,165,3,28,64,111
S01010873,16 to 24,39,4,0,4,35,35,0,0,0,0
S01010873,25 to 34,65,26,7,19,39,35,1,0,2,1
S01010873,35 to 49,98,24,16,8,74,50,0,12,12,0
S01010873,50 to 64,96,31,24,7,65,23,0,7,30,5
S01010873,65 to 74,66,18,18,0,48,9,1,4,12,22
S01010873,75 to 84,87,20,19,1,67,7,0,5,8,47
S01010873,85 and over,46,3,2,1,43,6,1,0,0,36
S01010874,All people aged 16 and over in households,632,340,290,50,292,203,5,17,35,32
S01010874,16 to 24,116,2,0,2,114,114,0,0,0,0
S01010874,25 to 34,90,38,19,19,52,48,0,3,0,1
S01010874,35 to 49,182,132,113,19,50,30,0,6,14,0
S01010874,50 to 64,151,118,109,9,33,8,2,7,11,5
S01010874,65 to 74,50,33,32,1,17,0,1,1,9,6
S01010874,75 to 84,32,14,14,0,18,3,1,0,1,13
S01010874,85 and over,11,3,3,0,8,0,1,0,0,7
S01010875,All people aged 16 and over in households,426,206,156,50,220,135,1,14,36,34
S01010875,16 to 24,61,8,1,7,53,53,0,0,0,0
S01010875,25 to 34,94,37,16,21,57,51,0,4,2,0
S01010875,35 to 49,125,81,64,17,44,21,1,6,15,1
S01010875,50 to 64,81,56,51,5,25,6,0,2,12,5
S01010875,65 to 74,34,20,20,0,14,1,0,2,4,7
S01010875,75 to 84,21,4,4,0,17,0,0,0,3,14
S01010875,85 and over,10,0,0,0,10,3,0,0,0,7
S01010876,All people aged 16 and over in households,608,236,150,86,372,238,4,23,57,50
S01010876,16 to 24,99,15,0,15,84,84,0,0,0,0
S01010876,25 to 34,133,66,23,43,67,63,0,3,1,0
S01010876,35 to 49,147,57,39,18,90,60,1,9,18,2
S01010876,50 to 64,133,64,56,8,69,20,1,10,33,5
S01010876,65 to 74,40,17,15,2,23,5,0,1,3,14
S01010876,75 to 84,45,17,17,0,28,4,2,0,2,20
S01010876,85 and over,11,0,0,0,11,2,0,0,0,9
S01010877,All people aged 16 and over in households,792,376,306,70,416,269,1,24,73,49
S01010877,16 to 24,113,10,1,9,103,103,0,0,0,0
S01010877,25 to 34,135,57,28,29,78,73,0,1,4,0
S01010877,35 to 49,187,94,79,15,93,64,1,12,16,0
S01010877,50 to 64,212,129,114,15,83,21,0,10,41,11
S01010877,65 to 74,86,60,58,2,26,6,0,1,11,8
S01010877,75 to 84,45,23,23,0,22,2,0,0,1,19
S01010877,85 and over,14,3,3,0,11,0,0,0,0,11
S01010878,All people aged 16 and over in households,836,414,354,60,422,224,5,25,46,122
S01010878,16 to 24,88,10,2,8,78,75,1,1,0,1
S01010878,25 to 34,91,35,25,10,56,52,1,2,1,0
S01010878,35 to 49,199,114,89,25,85,47,1,20,17,0
S01010878,50 to 64,194,145,129,16,49,26,0,1,16,6
S01010878,65 to 74,109,59,58,1,50,8,1,0,10,31
S01010878,75 to 84,114,44,44,0,70,10,1,1,2,56
S01010878,85 and over,41,7,7,0,34,6,0,0,0,28
S01010879,All people aged 16 and over in households,705,400,324,76,305,207,1,9,42,46
S01010879,16 to 24,87,5,2,3,82,81,1,0,0,0
S01010879,25 to 34,105,44,18,26,61,55,0,2,3,1
S01010879,35 to 49,186,129,102,27,57,40,0,4,12,1
S01010879,50 to 64,200,147,131,16,53,18,0,3,20,12
S01010879,65 to 74,77,50,50,0,27,10,0,0,4,13
S01010879,75 to 84,40,20,18,2,20,3,0,0,3,14
S01010879,85 and over,10,5,3,2,5,0,0,0,0,5
S01010880,All people aged 16 and over in households,444,182,144,38,262,163,2,13,35,49
S01010880,16 to 24,65,6,0,6,59,59,0,0,0,0
S01010880,25 to 34,81,27,12,15,54,50,1,2,1,0
S01010880,35 to 49,117,50,40,10,67,44,0,10,12,1
S01010880,50 to 64,92,60,57,3,32,4,0,1,19,8
S01010880,65 to 74,48,24,22,2,24,3,0,0,3,18
S01010880,75 to 84,33,14,12,2,19,2,1,0,0,16
S01010880,85 and over,8,1,1,0,7,1,0,0,0,6
S01010881,All people aged 16 and over in households,542,284,250,34,258,153,1,5,25,74
S01010881,16 to 24,78,5,0,5,73,73,0,0,0,0
S01010881,25 to 34,52,23,8,15,29,28,0,0,1,0
S01010881,35 to 49,119,87,81,6,32,21,0,2,8,1
S01010881,50 to 64,109,75,69,6,34,17,0,3,7,7
S01010881,65 to 74,97,69,68,1,28,5,0,0,5,18
S01010881,75 to 84,66,22,21,1,44,7,1,0,4,32
S01010881,85 and over,21,3,3,0,18,2,0,0,0,16
S01010882,All people aged 16 and over in households,457,258,236,22,199,142,1,14,19,23
S01010882,16 to 24,82,0,0,0,82,82,0,0,0,0
S01010882,25 to 34,48,8,5,3,40,37,1,0,2,0
S01010882,35 to 49,150,117,102,15,33,20,0,7,6,0
S01010882,50 to 64,118,96,92,4,22,3,0,6,9,4
S01010882,65 to 74,43,30,30,0,13,0,0,1,2,10
S01010882,75 to 84,13,7,7,0,6,0,0,0,0,6
S01010882,85 and over,3,0,0,0,3,0,0,0,0,3
S01010883,All people aged 16 and over in households,704,388,350,38,316,218,8,12,39,39
S01010883,16 to 24,139,6,0,6,133,132,1,0,0,0
S01010883,25 to 34,57,21,14,7,36,33,1,1,1,0
S01010883,35 to 49,234,187,167,20,47,26,4,4,11,2
S01010883,50 to 64,192,135,131,4,57,19,1,6,25,6
S01010883,65 to 74,37,22,21,1,15,5,0,1,1,8
S01010883,75 to 84,33,14,14,0,19,1,1,0,1,16
S01010883,85 and over,12,3,3,0,9,2,0,0,0,7
S01010884,All people aged 16 and over in households,582,203,172,31,379,221,1,28,68,61
S01010884,16 to 24,69,5,0,5,64,64,0,0,0,0
S01010884,25 to 34,71,17,10,7,54,50,0,2,2,0
S01010884,35 to 49,161,51,40,11,110,76,1,13,19,1
S01010884,50 to 64,142,74,68,6,68,17,0,10,32,9
S01010884,65 to 74,91,43,41,2,48,10,0,3,14,21
S01010884,75 to 84,38,13,13,0,25,2,0,0,1,22
S01010884,85 and over,10,0,0,0,10,2,0,0,0,8
S01010885,All people aged 16 and over in households,766,258,176,82,508,320,2,31,88,67
S01010885,16 to 24,115,14,0,14,101,100,0,0,1,0
S01010885,25 to 34,140,66,31,35,74,74,0,0,0,0
S01010885,35 to 49,205,74,48,26,131,89,0,19,18,5
S01010885,50 to 64,170,63,57,6,107,42,2,8,48,7
S01010885,65 to 74,70,25,24,1,45,6,0,2,18,19
S01010885,75 to 84,52,14,14,0,38,6,0,2,3,27
S01010885,85 and over,14,2,2,0,12,3,0,0,0,9
S01010886,All people aged 16 and over in households,399,160,106,54,239,149,1,19,45,25
S01010886,16 to 24,73,6,0,6,67,65,0,2,0,0
S01010886,25 to 34,59,28,7,21,31,30,0,0,1,0
S01010886,35 to 49,121,56,39,17,65,40,1,7,15,2
S01010886,50 to 64,93,45,35,10,48,13,0,8,24,3
S01010886,65 to 74,37,22,22,0,15,0,0,2,2,11
S01010886,75 to 84,15,3,3,0,12,1,0,0,3,8
S01010886,85 and over,1,0,0,0,1,0,0,0,0,1
S01010887,All people aged 16 and over in households,707,244,194,50,463,263,4,12,87,97
S01010887,16 to 24,95,6,0,6,89,89,0,0,0,0
S01010887,25 to 34,103,33,17,16,70,64,2,1,3,0
S01010887,35 to 49,157,60,42,18,97,68,1,5,23,0
S01010887,50 to 64,148,67,59,8,81,30,0,5,38,8
S01010887,65 to 74,101,44,42,2,57,6,0,0,15,36
S01010887,75 to 84,84,34,34,0,50,5,1,1,8,35
S01010887,85 and over,19,0,0,0,19,1,0,0,0,18
S01010888,All people aged 16 and over in households,682,306,218,88,376,237,1,25,56,57
S01010888,16 to 24,76,14,0,14,62,62,0,0,0,0
S01010888,25 to 34,121,51,18,33,70,65,0,5,0,0
S01010888,35 to 49,180,74,49,25,106,71,0,12,22,1
S01010888,50 to 64,160,95,82,13,65,27,0,6,24,8
S01010888,65 to 74,93,56,53,3,37,11,0,2,8,16
S01010888,75 to 84,46,15,15,0,31,1,1,0,2,27
S01010888,85 and over,6,1,1,0,5,0,0,0,0,5
S01010889,All people aged 16 and over in households,472,162,106,56,310,198,3,17,46,46
S01010889,16 to 24,46,8,1,7,38,38,0,0,0,0
S01010889,25 to 34,97,32,7,25,65,63,1,1,0,0
S01010889,35 to 49,126,38,18,20,88,69,1,8,10,0
S01010889,50 to 64,111,48,44,4,63,22,1,4,31,5
S01010889,65 to 74,58,28,28,0,30,3,0,2,1,24
S01010889,75 to 84,25,6,6,0,19,2,0,2,4,11
S01010889,85 and over,9,2,2,0,7,1,0,0,0,6
S01010890,All people aged 16 and over in households,713,220,156,64,493,221,12,22,87,151
S01010890,16 to 24,43,12,1,11,31,31,0,0,0,0
S01010890,25 to 34,79,35,17,18,44,41,1,2,0,0
S01010890,35 to 49,131,37,24,13,94,68,0,6,20,0
S01010890,50 to 64,153,54,42,12,99,36,1,10,42,10
S01010890,65 to 74,109,42,36,6,67,16,2,3,16,30
S01010890,75 to 84,161,36,32,4,125,26,7,0,9,83
S01010890,85 and over,37,4,4,0,33,3,1,1,0,28
S01010891,All people aged 16 and over in households,362,92,74,18,270,147,1,13,37,72
S01010891,16 to 24,46,3,0,3,43,43,0,0,0,0
S01010891,25 to 34,37,6,2,4,31,29,0,1,1,0
S01010891,35 to 49,67,26,21,5,41,25,0,5,11,0
S01010891,50 to 64,84,26,23,3,58,34,0,4,14,6
S01010891,65 to 74,46,16,13,3,30,7,0,0,8,15
S01010891,75 to 84,68,14,14,0,54,8,1,3,3,39
S01010891,85 and over,14,1,1,0,13,1,0,0,0,12
S01010892,All people aged 16 and over in households,743,262,190,72,481,225,2,25,134,95
S01010892,16 to 24,63,12,2,10,51,51,0,0,0,0
S01010892,25 to 34,109,50,16,34,59,54,0,3,2,0
S01010892,35 to 49,155,56,38,18,99,59,0,8,32,0
S01010892,50 to 64,189,79,71,8,110,29,0,9,64,8
S01010892,65 to 74,115,45,43,2,70,18,0,4,23,25
S01010892,75 to 84,88,20,20,0,68,7,0,1,12,48
S01010892,85 and over,24,0,0,0,24,7,2,0,1,14
S01010893,All people aged 16 and over in households,456,142,104,38,314,163,4,30,55,62
S01010893,16 to 24,38,4,1,3,34,34,0,0,0,0
S01010893,25 to 34,66,28,12,16,38,36,0,2,0,0
S01010893,35 to 49,106,32,20,12,74,40,1,15,18,0
S01010893,50 to 64,114,34,30,4,80,34,2,7,25,12
S01010893,65 to 74,55,26,25,1,29,5,1,4,9,10
S01010893,75 to 84,60,18,16,2,42,8,0,2,1,31
S01010893,85 and over,17,0,0,0,17,6,0,0,2,9
S01010894,All people aged 16 and over in households,487,234,142,92,253,169,2,12,40,30
S01010894,16 to 24,70,17,1,16,53,53,0,0,0,0
S01010894,25 to 34,148,87,42,45,61,58,0,1,2,0
S01010894,35 to 49,110,50,32,18,60,37,1,6,13,3
S01010894,50 to 64,79,41,31,10,38,12,1,4,17,4
S01010894,65 to 74,45,23,20,3,22,5,0,1,6,10
S01010894,75 to 84,32,14,14,0,18,4,0,0,2,12
S01010894,85 and over,3,2,2,0,1,0,0,0,0,1
S01010895,All people aged 16 and over in households,358,114,82,32,244,132,2,21,49,40
S01010895,16 to 24,47,1,0,1,46,46,0,0,0,0
S01010895,25 to 34,54,20,6,14,34,33,0,1,0,0
S01010895,35 to 49,77,29,16,13,48,31,0,4,12,1
S01010895,50 to 64,103,42,38,4,61,16,0,15,24,6
S01010895,65 to 74,43,9,9,0,34,6,0,1,10,17
S01010895,75 to 84,24,9,9,0,15,0,2,0,3,10
S01010895,85 and over,10,4,4,0,6,0,0,0,0,6
S01010896,All people aged 16 and over in households,568,228,188,40,340,209,5,23,52,51
S01010896,16 to 24,88,6,0,6,82,82,0,0,0,0
S01010896,25 to 34,69,18,9,9,51,44,3,3,1,0
S01010896,35 to 49,140,58,47,11,82,48,0,10,23,1
S01010896,50 to 64,155,88,77,11,67,24,1,8,20,14
S01010896,65 to 74,73,41,40,1,32,5,1,2,5,19
S01010896,75 to 84,38,17,15,2,21,6,0,0,2,13
S01010896,85 and over,5,0,0,0,5,0,0,0,1,4
S01010897,All people aged 16 and over in households,670,272,198,74,398,257,1,20,61,59
S01010897,16 to 24,110,5,0,5,105,105,0,0,0,0
S01010897,25 to 34,93,34,13,21,59,55,0,4,0,0
S01010897,35 to 49,180,77,45,32,103,75,0,9,18,1
S01010897,50 to 64,182,106,92,14,76,15,1,5,36,19
S01010897,65 to 74,57,32,32,0,25,5,0,2,4,14
S01010897,75 to 84,40,18,16,2,22,2,0,0,1,19
S01010897,85 and over,8,0,0,0,8,0,0,0,2,6
S01010898,All people aged 16 and over in households,505,212,174,38,293,202,2,9,31,49
S01010898,16 to 24,93,8,0,8,85,85,0,0,0,0
S01010898,25 to 34,65,16,7,9,49,46,0,1,2,0
S01010898,35 to 49,143,90,75,15,53,43,0,4,5,1
S01010898,50 to 64,124,71,69,2,53,23,1,4,19,6
S01010898,65 to 74,48,20,18,2,28,4,1,0,3,20
S01010898,75 to 84,27,7,5,2,20,0,0,0,2,18
S01010898,85 and over,5,0,0,0,5,1,0,0,0,4
S01010899,All people aged 16 and over in households,478,284,234,50,194,145,3,8,13,25
S01010899,16 to 24,81,4,1,3,77,77,0,0,0,0
S01010899,25 to 34,90,40,19,21,50,45,0,4,1,0
S01010899,35 to 49,149,124,107,17,25,16,0,2,4,3
S01010899,50 to 64,102,88,80,8,14,2,0,1,5,6
S01010899,65 to 74,33,20,19,1,13,4,1,1,2,5
S01010899,75 to 84,21,8,8,0,13,1,2,0,1,9
S01010899,85 and over,2,0,0,0,2,0,0,0,0,2
S01010900,All people aged 16 and over in households,508,228,166,62,280,199,3,22,34,22
S01010900,16 to 24,84,9,0,9,75,74,0,0,0,1
S01010900,25 to 34,117,48,16,32,69,66,1,2,0,0
S01010900,35 to 49,150,67,49,18,83,50,1,14,17,1
S01010900,50 to 64,95,61,58,3,34,7,0,6,13,8
S01010900,65 to 74,47,35,35,0,12,0,1,0,3,8
S01010900,75 to 84,14,8,8,0,6,2,0,0,1,3
S01010900,85 and over,1,0,0,0,1,0,0,0,0,1
S01010901,All people aged 16 and over in households,351,140,110,30,211,138,2,16,26,29
S01010901,16 to 24,51,1,0,1,50,50,0,0,0,0
S01010901,25 to 34,59,14,5,9,45,42,1,1,1,0
S01010901,35 to 49,104,51,37,14,53,32,1,8,10,2
S01010901,50 to 64,79,47,42,5,32,10,0,5,12,5
S01010901,65 to 74,32,15,14,1,17,1,0,2,3,11
S01010901,75 to 84,23,11,11,0,12,3,0,0,0,9
S01010901,85 and over,3,1,1,0,2,0,0,0,0,2
S01010902,All people aged 16 and over in households,825,418,340,78,407,246,7,23,61,70
S01010902,16 to 24,99,8,0,8,91,90,0,1,0,0
S01010902,25 to 34,111,49,22,27,62,60,0,1,1,0
S01010902,35 to 49,215,136,101,35,79,49,3,13,14,0
S01010902,50 to 64,200,126,120,6,74,31,2,5,30,6
S01010902,65 to 74,117,70,68,2,47,7,0,2,10,28
S01010902,75 to 84,67,25,25,0,42,4,2,1,6,29
S01010902,85 and over,16,4,4,0,12,5,0,0,0,7
S01010903,All people aged 16 and over in households,667,254,214,40,413,241,6,26,63,77
S01010903,16 to 24,95,7,1,6,88,87,0,1,0,0
S01010903,25 to 34,89,25,12,13,64,59,2,3,0,0
S01010903,35 to 49,162,58,44,14,104,66,1,15,21,1
S01010903,50 to 64,162,106,99,7,56,13,2,2,24,15
S01010903,65 to 74,95,36,36,0,59,10,1,5,15,28
S01010903,75 to 84,52,22,22,0,30,4,0,0,3,23
S01010903,85 and over,12,0,0,0,12,2,0,0,0,10
S01010904,All people aged 16 and over in households,436,182,134,48,254,181,0,22,34,17
S01010904,16 to 24,82,6,0,6,76,75,0,1,0,0
S01010904,25 to 34,51,22,11,11,29,26,0,3,0,0
S01010904,35 to 49,154,88,69,19,66,44,0,10,12,0
S01010904,50 to 64,102,48,37,11,54,28,0,7,14,5
S01010904,65 to 74,37,17,16,1,20,8,0,1,6,5
S01010904,75 to 84,8,1,1,0,7,0,0,0,2,5
S01010904,85 and over,2,0,0,0,2,0,0,0,0,2
S01010905,All people aged 16 and over in households,499,238,162,76,261,190,2,17,29,23
S01010905,16 to 24,90,16,3,13,74,74,0,0,0,0
S01010905,25 to 34,126,74,34,40,52,48,0,3,1,0
S01010905,35 to 49,147,67,52,15,80,59,2,8,11,0
S01010905,50 to 64,91,58,52,6,33,7,0,5,16,5
S01010905,65 to 74,29,16,15,1,13,1,0,1,1,10
S01010905,75 to 84,13,5,4,1,8,0,0,0,0,8
S01010905,85 and over,3,2,2,0,1,1,0,0,0,0
S01010906,All people aged 16 and over in households,736,378,290,88,358,252,4,27,42,33
S01010906,16 to 24,127,12,0,12,115,114,0,1,0,0
S01010906,25 to 34,146,67,43,24,79,74,0,4,1,0
S01010906,35 to 49,233,152,121,31,81,51,2,14,12,2
S01010906,50 to 64,177,127,106,21,50,10,1,7,23,9
S01010906,65 to 74,32,13,13,0,19,2,0,1,6,10
S01010906,75 to 84,15,5,5,0,10,0,1,0,0,9
S01010906,85 and over,6,2,2,0,4,1,0,0,0,3
S01010907,All people aged 16 and over in households,394,292,214,78,102,67,0,11,15,9
S01010907,16 to 24,49,10,1,9,39,39,0,0,0,0
S01010907,25 to 34,119,97,54,43,22,16,0,5,1,0
S01010907,35 to 49,146,123,105,18,23,10,0,4,9,0
S01010907,50 to 64,59,48,40,8,11,2,0,2,4,3
S01010907,65 to 74,18,13,13,0,5,0,0,0,1,4
S01010907,75 to 84,3,1,1,0,2,0,0,0,0,2
S01010907,85 and over,0,0,0,0,0,0,0,0,0,0
S01010908,All people aged 16 and over in households,512,276,224,52,236,146,5,15,23,47
S01010908,16 to 24,66,5,0,5,61,60,1,0,0,0
S01010908,25 to 34,70,29,10,19,41,40,0,1,0,0
S01010908,35 to 49,119,75,54,21,44,29,1,7,7,0
S01010908,50 to 64,147,112,105,7,35,11,0,5,11,8
S01010908,65 to 74,53,40,40,0,13,2,1,2,4,4
S01010908,75 to 84,34,15,15,0,19,2,1,0,1,15
S01010908,85 and over,23,0,0,0,23,2,1,0,0,20
S01010909,All people aged 16 and over in households,574,346,314,32,228,165,2,11,17,33
S01010909,16 to 24,97,10,2,8,87,87,0,0,0,0
S01010909,25 to 34,66,32,17,15,34,33,0,0,1,0
S01010909,35 to 49,149,103,97,6,46,28,2,5,10,1
S01010909,50 to 64,159,124,121,3,35,16,0,4,5,10
S01010909,65 to 74,74,62,62,0,12,0,0,2,0,10
S01010909,75 to 84,24,13,13,0,11,1,0,0,1,9
S01010909,85 and over,5,2,2,0,3,0,0,0,0,3
S01010910,All people aged 16 and over in households,405,142,78,64,263,166,1,17,46,33
S01010910,16 to 24,64,13,0,13,51,51,0,0,0,0
S01010910,25 to 34,77,23,3,20,54,48,0,3,3,0
S01010910,35 to 49,113,48,21,27,65,36,0,7,20,2
S01010910,50 to 64,94,41,37,4,53,20,0,5,20,8
S01010910,65 to 74,28,8,8,0,20,5,0,2,3,10
S01010910,75 to 84,21,9,9,0,12,3,1,0,0,8
S01010910,85 and over,8,0,0,0,8,3,0,0,0,5
S01010911,All people aged 16 and over in households,495,148,116,32,347,164,4,19,65,95
S01010911,16 to 24,38,5,1,4,33,33,0,0,0,0
S01010911,25 to 34,54,18,10,8,36,34,0,0,2,0
S01010911,35 to 49,89,26,18,8,63,37,0,11,13,2
S01010911,50 to 64,144,51,45,6,93,42,2,5,36,8
S01010911,65 to 74,74,30,25,5,44,8,1,1,13,21
S01010911,75 to 84,70,17,16,1,53,8,1,2,1,41
S01010911,85 and over,26,1,1,0,25,2,0,0,0,23
S01010912,All people aged 16 and over in households,593,222,186,36,371,206,4,17,59,85
S01010912,16 to 24,66,5,1,4,61,61,0,0,0,0
S01010912,25 to 34,74,20,11,9,54,51,1,1,1,0
S01010912,35 to 49,112,47,29,18,65,50,1,5,8,1
S01010912,50 to 64,148,72,68,4,76,24,1,8,33,10
S01010912,65 to 74,83,44,43,1,39,11,0,2,11,15
S01010912,75 to 84,73,27,27,0,46,8,1,0,2,35
S01010912,85 and over,37,7,7,0,30,1,0,1,4,24
S01010913,All people aged 16 and over in households,537,292,260,32,245,162,5,16,28,34
S01010913,16 to 24,74,6,0,6,68,68,0,0,0,0
S01010913,25 to 34,78,42,28,14,36,31,2,3,0,0
S01010913,35 to 49,149,96,88,8,53,36,1,8,8,0
S01010913,50 to 64,156,106,102,4,50,18,1,5,14,12
S01010913,65 to 74,47,28,28,0,19,7,0,0,5,7
S01010913,75 to 84,28,14,14,0,14,2,1,0,1,10
S01010913,85 and over,5,0,0,0,5,0,0,0,0,5
S01010914,All people aged 16 and over in households,539,308,254,54,231,143,1,21,35,31
S01010914,16 to 24,99,7,1,6,92,92,0,0,0,0
S01010914,25 to 34,80,44,22,22,36,34,0,2,0,0
S01010914,35 to 49,152,105,85,20,47,15,0,13,18,1
S01010914,50 to 64,148,110,104,6,38,2,1,6,15,14
S01010914,65 to 74,49,39,39,0,10,0,0,0,2,8
S01010914,75 to 84,10,3,3,0,7,0,0,0,0,7
S01010914,85 and over,1,0,0,0,1,0,0,0,0,1
S01010915,All people aged 16 and over in households,592,344,304,40,248,172,2,13,30,31
S01010915,16 to 24,90,2,0,2,88,88,0,0,0,0
S01010915,25 to 34,110,46,34,12,64,61,0,3,0,0
S01010915,35 to 49,147,111,92,19,36,16,0,7,10,3
S01010915,50 to 64,180,144,138,6,36,5,1,3,14,13
S01010915,65 to 74,48,33,32,1,15,1,0,0,6,8
S01010915,75 to 84,13,7,7,0,6,1,1,0,0,4
S01010915,85 and over,4,1,1,0,3,0,0,0,0,3
S01010916,All people aged 16 and over in households,486,152,120,32,334,221,0,25,58,30
S01010916,16 to 24,74,1,0,1,73,73,0,0,0,0
S01010916,25 to 34,81,17,8,9,64,61,0,3,0,0
S01010916,35 to 49,131,49,39,10,82,51,0,13,18,0
S01010916,50 to 64,114,49,39,10,65,23,0,5,33,4
S01010916,65 to 74,33,15,14,1,18,3,0,4,4,7
S01010916,75 to 84,42,18,17,1,24,9,0,0,3,12
S01010916,85 and over,11,3,3,0,8,1,0,0,0,7
S01010917,All people aged 16 and over in households,620,286,236,50,334,192,3,30,50,59
S01010917,16 to 24,74,5,1,4,69,69,0,0,0,0
S01010917,25 to 34,79,34,18,16,45,39,1,4,1,0
S01010917,35 to 49,147,72,59,13,75,46,0,10,18,1
S01010917,50 to 64,170,104,92,12,66,23,2,15,25,1
S01010917,65 to 74,67,40,37,3,27,7,0,1,4,15
S01010917,75 to 84,63,25,23,2,38,7,0,0,2,29
S01010917,85 and over,20,6,6,0,14,1,0,0,0,13
S01010918,All people aged 16 and over in households,609,318,266,52,291,168,7,16,25,75
S01010918,16 to 24,82,2,0,2,80,79,1,0,0,0
S01010918,25 to 34,76,41,17,24,35,33,1,1,0,0
S01010918,35 to 49,144,85,73,12,59,34,2,14,8,1
S01010918,50 to 64,123,97,90,7,26,12,2,1,6,5
S01010918,65 to 74,104,63,58,5,41,6,0,0,8,27
S01010918,75 to 84,66,28,27,1,38,4,1,0,2,31
S01010918,85 and over,14,2,1,1,12,0,0,0,1,11
S01010919,All people aged 16 and over in households,658,330,282,48,328,209,3,18,43,55
S01010919,16 to 24,101,0,0,0,101,101,0,0,0,0
S01010919,25 to 34,97,46,29,17,51,47,0,3,1,0
S01010919,35 to 49,160,92,71,21,68,43,1,8,14,2
S01010919,50 to 64,158,107,100,7,51,12,0,6,19,14
S01010919,65 to 74,97,61,58,3,36,6,1,1,8,20
S01010919,75 to 84,40,23,23,0,17,0,0,0,1,16
S01010919,85 and over,5,1,1,0,4,0,1,0,0,3
S01010920,All people aged 16 and over in households,452,170,138,32,282,178,3,24,53,24
S01010920,16 to 24,81,4,0,4,77,76,0,0,1,0
S01010920,25 to 34,71,20,11,9,51,48,0,2,1,0
S01010920,35 to 49,144,67,51,16,77,45,2,12,18,0
S01010920,50 to 64,106,56,54,2,50,7,1,10,26,6
S01010920,65 to 74,37,18,17,1,19,1,0,0,6,12
S01010920,75 to 84,6,2,2,0,4,0,0,0,1,3
S01010920,85 and over,7,3,3,0,4,1,0,0,0,3
S01010921,All people aged 16 and over in households,521,254,206,48,267,170,4,12,36,45
S01010921,16 to 24,72,4,1,3,68,66,1,0,1,0
S01010921,25 to 34,79,27,10,17,52,46,2,4,0,0
S01010921,35 to 49,137,79,57,22,58,41,1,4,11,1
S01010921,50 to 64,144,102,98,4,42,12,0,3,17,10
S01010921,65 to 74,54,31,30,1,23,2,0,1,6,14
S01010921,75 to 84,30,8,8,0,22,2,0,0,1,19
S01010921,85 and over,5,3,2,1,2,1,0,0,0,1
S01010922,All people aged 16 and over in households,677,302,266,36,375,235,3,21,52,64
S01010922,16 to 24,118,4,0,4,114,114,0,0,0,0
S01010922,25 to 34,81,26,17,9,55,52,0,2,1,0
S01010922,35 to 49,144,81,67,14,63,35,2,10,14,2
S01010922,50 to 64,194,130,123,7,64,21,0,9,23,11
S01010922,65 to 74,90,44,42,2,46,12,0,0,8,26
S01010922,75 to 84,32,11,11,0,21,1,1,0,3,16
S01010922,85 and over,18,6,6,0,12,0,0,0,3,9
S01010923,All people aged 16 and over in households,729,374,306,68,355,217,1,14,59,64
S01010923,16 to 24,88,6,1,5,82,82,0,0,0,0
S01010923,25 to 34,111,47,20,27,64,63,0,1,0,0
S01010923,35 to 49,188,101,74,27,87,54,0,7,23,3
S01010923,50 to 64,191,146,138,8,45,10,0,3,21,11
S01010923,65 to 74,109,60,60,0,49,5,1,2,13,28
S01010923,75 to 84,35,12,11,1,23,3,0,1,1,18
S01010923,85 and over,7,2,2,0,5,0,0,0,1,4
S01010924,All people aged 16 and over in households,512,252,212,40,260,153,1,13,39,54
S01010924,16 to 24,70,6,4,2,64,64,0,0,0,0
S01010924,25 to 34,52,14,6,8,38,36,0,1,1,0
S01010924,35 to 49,130,84,63,21,46,32,0,6,8,0
S01010924,50 to 64,147,92,84,8,55,18,0,4,21,12
S01010924,65 to 74,73,44,43,1,29,2,1,2,7,17
S01010924,75 to 84,35,12,12,0,23,1,0,0,2,20
S01010924,85 and over,5,0,0,0,5,0,0,0,0,5
S01010925,All people aged 16 and over in households,678,304,236,68,374,242,3,16,53,60
S01010925,16 to 24,105,6,0,6,99,98,1,0,0,0
S01010925,25 to 34,89,37,14,23,52,48,0,4,0,0
S01010925,35 to 49,182,84,60,24,98,69,0,10,15,4
S01010925,50 to 64,128,72,63,9,56,17,2,0,31,6
S01010925,65 to 74,115,77,73,4,38,5,0,1,6,26
S01010925,75 to 84,51,27,25,2,24,4,0,1,1,18
S01010925,85 and over,8,1,1,0,7,1,0,0,0,6
S01010926,All people aged 16 and over in households,649,322,290,32,327,205,5,15,46,56
S01010926,16 to 24,100,4,0,4,96,94,2,0,0,0
S01010926,25 to 34,86,21,13,8,65,61,0,2,2,0
S01010926,35 to 49,140,83,73,10,57,38,0,5,12,2
S01010926,50 to 64,193,141,131,10,52,10,1,7,22,12
S01010926,65 to 74,95,58,58,0,37,2,0,1,8,26
S01010926,75 to 84,30,14,14,0,16,0,2,0,2,12
S01010926,85 and over,5,1,1,0,4,0,0,0,0,4
S01010927,All people aged 16 and over in households,461,238,208,30,223,132,2,15,23,51
S01010927,16 to 24,39,1,0,1,38,38,0,0,0,0
S01010927,25 to 34,79,35,22,13,44,41,0,1,2,0
S01010927,35 to 49,118,64,54,10,54,43,0,7,4,0
S01010927,50 to 64,132,93,87,6,39,5,2,7,13,12
S01010927,65 to 74,50,31,31,0,19,2,0,0,4,13
S01010927,75 to 84,33,12,12,0,21,3,0,0,0,18
S01010927,85 and over,10,2,2,0,8,0,0,0,0,8
S01010928,All people aged 16 and over in households,561,274,236,38,287,181,1,28,42,35
S01010928,16 to 24,81,2,0,2,79,79,0,0,0,0
S01010928,25 to 34,106,45,25,20,61,50,0,10,1,0
S01010928,35 to 49,145,77,63,14,68,35,1,13,18,1
S01010928,50 to 64,134,94,92,2,40,10,0,3,21,6
S01010928,65 to 74,60,43,43,0,17,5,0,2,2,8
S01010928,75 to 84,31,13,13,0,18,2,0,0,0,16
S01010928,85 and over,4,0,0,0,4,0,0,0,0,4
S01010929,All people aged 16 and over in households,516,218,182,36,298,191,3,24,37,43
S01010929,16 to 24,86,6,1,5,80,80,0,0,0,0
S01010929,25 to 34,67,19,9,10,48,48,0,0,0,0
S01010929,35 to 49,142,69,53,16,73,40,3,16,11,3
S01010929,50 to 64,142,90,85,5,52,17,0,8,19,8
S01010929,65 to 74,46,24,24,0,22,3,0,0,6,13
S01010929,75 to 84,31,10,10,0,21,3,0,0,1,17
S01010929,85 and over,2,0,0,0,2,0,0,0,0,2
S01010930,All people aged 16 and over in households,710,536,442,94,174,107,2,11,22,32
S01010930,16 to 24,58,5,1,4,53,53,0,0,0,0
S01010930,25 to 34,105,82,51,31,23,22,0,1,0,0
S01010930,35 to 49,262,222,183,39,40,22,2,4,10,2
S01010930,50 to 64,169,143,124,19,26,7,0,6,6,7
S01010930,65 to 74,70,58,57,1,12,1,0,0,5,6
S01010930,75 to 84,39,25,25,0,14,1,0,0,1,12
S01010930,85 and over,7,1,1,0,6,1,0,0,0,5
S01010931,All people aged 16 and over in households,370,234,200,34,136,74,7,12,18,25
S01010931,16 to 24,31,0,0,0,31,30,1,0,0,0
S01010931,25 to 34,28,19,13,6,9,9,0,0,0,0
S01010931,35 to 49,113,77,60,17,36,20,2,6,7,1
S01010931,50 to 64,109,85,74,11,24,11,2,4,6,1
S01010931,65 to 74,48,33,33,0,15,0,2,2,4,7
S01010931,75 to 84,32,19,19,0,13,4,0,0,1,8
S01010931,85 and over,9,1,1,0,8,0,0,0,0,8
S01010932,All people aged 16 and over in households,456,256,198,58,200,110,0,13,35,42
S01010932,16 to 24,40,6,0,6,34,34,0,0,0,0
S01010932,25 to 34,64,45,28,17,19,16,0,3,0,0
S01010932,35 to 49,124,72,58,14,52,36,0,5,9,2
S01010932,50 to 64,134,96,77,19,38,9,0,3,22,4
S01010932,65 to 74,43,30,29,1,13,5,0,2,0,6
S01010932,75 to 84,33,7,6,1,26,5,0,0,4,17
S01010932,85 and over,18,0,0,0,18,5,0,0,0,13
S01010933,All people aged 16 and over in households,570,436,372,64,134,86,5,14,14,15
S01010933,16 to 24,54,8,0,8,46,46,0,0,0,0
S01010933,25 to 34,70,60,46,14,10,9,0,1,0,0
S01010933,35 to 49,226,194,164,30,32,16,1,6,9,0
S01010933,50 to 64,151,130,118,12,21,10,0,5,3,3
S01010933,65 to 74,53,39,39,0,14,3,2,1,2,6
S01010933,75 to 84,14,5,5,0,9,2,2,1,0,4
S01010933,85 and over,2,0,0,0,2,0,0,0,0,2
S01010934,All people aged 16 and over in households,827,594,490,104,233,153,2,14,25,39
S01010934,16 to 24,98,17,0,17,81,81,0,0,0,0
S01010934,25 to 34,101,65,34,31,36,34,0,2,0,0
S01010934,35 to 49,233,193,162,31,40,25,1,4,10,0
S01010934,50 to 64,238,206,189,17,32,10,1,4,10,7
S01010934,65 to 74,101,83,75,8,18,0,0,3,2,13
S01010934,75 to 84,47,28,28,0,19,2,0,1,3,13
S01010934,85 and over,9,2,2,0,7,1,0,0,0,6
S01010935,All people aged 16 and over in households,574,358,314,44,216,106,7,11,28,64
S01010935,16 to 24,54,9,1,8,45,45,0,0,0,0
S01010935,25 to 34,46,28,18,10,18,16,0,2,0,0
S01010935,35 to 49,99,72,62,10,27,16,0,4,6,1
S01010935,50 to 64,155,120,110,10,35,19,1,4,8,3
S01010935,65 to 74,118,86,82,4,32,3,3,1,11,14
S01010935,75 to 84,78,36,36,0,42,4,2,0,3,33
S01010935,85 and over,24,7,5,2,17,3,1,0,0,13
S01010936,All people aged 16 and over in households,620,302,216,86,318,151,10,16,64,77
S01010936,16 to 24,62,26,4,22,36,36,0,0,0,0
S01010936,25 to 34,92,43,14,29,49,47,2,0,0,0
S01010936,35 to 49,135,71,55,16,64,43,0,6,14,1
S01010936,50 to 64,147,82,69,13,65,19,2,7,27,10
S01010936,65 to 74,83,44,40,4,39,3,1,2,16,17
S01010936,75 to 84,64,26,24,2,38,3,3,1,7,24
S01010936,85 and over,37,10,10,0,27,0,2,0,0,25
S01010937,All people aged 16 and over in households,627,400,340,60,227,134,1,13,34,45
S01010937,16 to 24,91,13,3,10,78,78,0,0,0,0
S01010937,25 to 34,58,28,11,17,30,29,0,0,1,0
S01010937,35 to 49,155,117,94,23,38,16,0,8,12,2
S01010937,50 to 64,208,171,162,9,37,9,0,4,16,8
S01010937,65 to 74,61,46,45,1,15,1,0,1,3,10
S01010937,75 to 84,45,25,25,0,20,0,1,0,2,17
S01010937,85 and over,9,0,0,0,9,1,0,0,0,8
S01010938,All people aged 16 and over in households,636,292,218,74,344,197,3,20,66,58
S01010938,16 to 24,85,8,0,8,77,77,0,0,0,0
S01010938,25 to 34,99,52,15,37,47,41,1,4,1,0
S01010938,35 to 49,178,87,64,23,91,51,2,11,24,3
S01010938,50 to 64,142,82,76,6,60,22,0,5,30,3
S01010938,65 to 74,68,40,40,0,28,4,0,0,9,15
S01010938,75 to 84,47,21,21,0,26,2,0,0,2,22
S01010938,85 and over,17,2,2,0,15,0,0,0,0,15
S01010939,All people aged 16 and over in households,421,284,226,58,137,90,2,10,17,18
S01010939,16 to 24,67,8,0,8,59,59,0,0,0,0
S01010939,25 to 34,59,38,17,21,21,18,1,1,1,0
S01010939,35 to 49,94,74,51,23,20,9,0,4,6,1
S01010939,50 to 64,140,119,113,6,21,4,1,5,8,3
S01010939,65 to 74,42,36,36,0,6,0,0,0,1,5
S01010939,75 to 84,11,7,7,0,4,0,0,0,1,3
S01010939,85 and over,8,2,2,0,6,0,0,0,0,6
S01010940,All people aged 16 and over in households,587,428,404,24,159,103,1,7,13,35
S01010940,16 to 24,75,0,0,0,75,75,0,0,0,0
S01010940,25 to 34,45,23,16,7,22,20,1,1,0,0
S01010940,35 to 49,118,104,97,7,14,4,0,4,3,3
S01010940,50 to 64,190,177,169,8,13,3,0,2,6,2
S01010940,65 to 74,92,79,77,2,13,0,0,0,4,9
S01010940,75 to 84,56,42,42,0,14,0,0,0,0,14
S01010940,85 and over,11,3,3,0,8,1,0,0,0,7
S01010941,All people aged 16 and over in households,716,514,488,26,202,139,5,7,19,32
S01010941,16 to 24,103,2,0,2,101,101,0,0,0,0
S01010941,25 to 34,60,35,28,7,25,25,0,0,0,0
S01010941,35 to 49,180,156,145,11,24,7,2,6,6,3
S01010941,50 to 64,220,200,194,6,20,4,1,1,9,5
S01010941,65 to 74,105,90,90,0,15,1,2,0,3,9
S01010941,75 to 84,42,30,30,0,12,1,0,0,1,10
S01010941,85 and over,6,1,1,0,5,0,0,0,0,5
S01010942,All people aged 16 and over in households,563,412,384,28,151,85,2,8,23,33
S01010942,16 to 24,62,2,0,2,60,60,0,0,0,0
S01010942,25 to 34,51,31,25,6,20,15,0,1,4,0
S01010942,35 to 49,119,105,92,13,14,4,0,4,5,1
S01010942,50 to 64,185,165,159,6,20,3,1,2,6,8
S01010942,65 to 74,106,87,86,1,19,2,1,1,3,12
S01010942,75 to 84,33,19,19,0,14,1,0,0,5,8
S01010942,85 and over,7,3,3,0,4,0,0,0,0,4
S01010943,All people aged 16 and over in households,486,272,212,60,214,130,1,12,45,26
S01010943,16 to 24,78,10,1,9,68,68,0,0,0,0
S01010943,25 to 34,93,49,24,25,44,38,1,3,1,1
S01010943,35 to 49,120,74,60,14,46,19,0,5,22,0
S01010943,50 to 64,128,95,84,11,33,4,0,3,18,8
S01010943,65 to 74,50,39,38,1,11,1,0,1,4,5
S01010943,75 to 84,13,5,5,0,8,0,0,0,0,8
S01010943,85 and over,4,0,0,0,4,0,0,0,0,4
S01010944,All people aged 16 and over in households,480,230,158,72,250,138,3,15,50,44
S01010944,16 to 24,64,11,2,9,53,52,0,1,0,0
S01010944,25 to 34,91,49,23,26,42,38,1,2,1,0
S01010944,35 to 49,92,49,23,26,43,25,0,5,12,1
S01010944,50 to 64,116,63,54,9,53,16,1,6,23,7
S01010944,65 to 74,63,36,34,2,27,4,0,1,10,12
S01010944,75 to 84,44,19,19,0,25,3,0,0,4,18
S01010944,85 and over,10,3,3,0,7,0,1,0,0,6
S01010945,All people aged 16 and over in households,441,264,220,44,177,103,3,15,29,27
S01010945,16 to 24,50,2,0,2,48,48,0,0,0,0
S01010945,25 to 34,65,38,24,14,27,25,0,2,0,0
S01010945,35 to 49,109,66,52,14,43,22,1,8,11,1
S01010945,50 to 64,132,101,89,12,31,6,1,5,12,7
S01010945,65 to 74,59,42,40,2,17,2,0,0,4,11
S01010945,75 to 84,24,14,14,0,10,0,1,0,2,7
S01010945,85 and over,2,1,1,0,1,0,0,0,0,1
S01010946,All people aged 16 and over in households,673,380,298,82,293,167,4,19,37,66
S01010946,16 to 24,94,8,1,7,86,86,0,0,0,0
S01010946,25 to 34,91,45,19,26,46,40,2,3,1,0
S01010946,35 to 49,176,129,93,36,47,25,1,9,12,0
S01010946,50 to 64,160,120,107,13,40,14,1,6,15,4
S01010946,65 to 74,71,47,47,0,24,1,0,1,6,16
S01010946,75 to 84,65,29,29,0,36,1,0,0,3,32
S01010946,85 and over,16,2,2,0,14,0,0,0,0,14
S01010947,All people aged 16 and over in households,440,240,188,52,200,103,4,9,48,36
S01010947,16 to 24,66,14,2,12,52,52,0,0,0,0
S01010947,25 to 34,52,23,9,14,29,29,0,0,0,0
S01010947,35 to 49,109,68,56,12,41,12,2,8,19,0
S01010947,50 to 64,121,82,74,8,39,7,1,1,23,7
S01010947,65 to 74,56,37,33,4,19,1,0,0,4,14
S01010947,75 to 84,27,12,11,1,15,2,1,0,1,11
S01010947,85 and over,9,4,3,1,5,0,0,0,1,4
S01010948,All people aged 16 and over in households,553,344,300,44,209,128,5,14,34,28
S01010948,16 to 24,58,3,0,3,55,55,0,0,0,0
S01010948,25 to 34,82,41,26,15,41,35,2,2,2,0
S01010948,35 to 49,154,105,87,18,49,28,2,9,10,0
S01010948,50 to 64,145,110,102,8,35,8,1,1,18,7
S01010948,65 to 74,71,57,57,0,14,0,0,2,3,9
S01010948,75 to 84,38,27,27,0,11,1,0,0,1,9
S01010948,85 and over,5,1,1,0,4,1,0,0,0,3
S01010949,All people aged 16 and over in households,764,540,492,48,224,144,4,6,29,41
S01010949,16 to 24,107,8,0,8,99,99,0,0,0,0
S01010949,25 to 34,73,40,28,12,33,33,0,0,0,0
S01010949,35 to 49,193,170,152,18,23,9,1,2,10,1
S01010949,50 to 64,260,226,218,8,34,2,3,4,16,9
S01010949,65 to 74,92,74,73,1,18,0,0,0,3,15
S01010949,75 to 84,35,21,20,1,14,1,0,0,0,13
S01010949,85 and over,4,1,1,0,3,0,0,0,0,3
S01010950,All people aged 16 and over in households,695,420,354,66,275,153,8,20,44,50
S01010950,16 to 24,76,5,0,5,71,71,0,0,0,0
S01010950,25 to 34,95,41,21,20,54,47,2,4,1,0
S01010950,35 to 49,181,132,105,27,49,24,0,11,13,1
S01010950,50 to 64,147,98,86,12,49,10,5,5,24,5
S01010950,65 to 74,117,92,90,2,25,0,0,0,6,19
S01010950,75 to 84,75,52,52,0,23,1,0,0,0,22
S01010950,85 and over,4,0,0,0,4,0,1,0,0,3
S01010951,All people aged 16 and over in households,507,314,252,62,193,118,1,12,36,26
S01010951,16 to 24,73,3,0,3,70,70,0,0,0,0
S01010951,25 to 34,59,37,15,22,22,18,0,1,3,0
S01010951,35 to 49,153,114,82,32,39,25,0,8,6,0
S01010951,50 to 64,115,91,86,5,24,1,0,3,20,0
S01010951,65 to 74,69,51,51,0,18,3,1,0,6,8
S01010951,75 to 84,31,16,16,0,15,1,0,0,1,13
S01010951,85 and over,7,2,2,0,5,0,0,0,0,5
S01010952,All people aged 16 and over in households,410,284,234,50,126,87,2,11,16,10
S01010952,16 to 24,61,10,1,9,51,51,0,0,0,0
S01010952,25 to 34,62,43,21,22,19,18,0,1,0,0
S01010952,35 to 49,130,102,89,13,28,12,0,9,7,0
S01010952,50 to 64,108,98,93,5,10,3,1,1,5,0
S01010952,65 to 74,31,22,21,1,9,2,1,0,3,3
S01010952,75 to 84,16,9,9,0,7,0,0,0,1,6
S01010952,85 and over,2,0,0,0,2,1,0,0,0,1
S01010953,All people aged 16 and over in households,467,270,220,50,197,118,6,11,37,25
S01010953,16 to 24,78,10,1,9,68,67,0,0,1,0
S01010953,25 to 34,75,40,17,23,35,34,1,0,0,0
S01010953,35 to 49,119,88,76,12,31,12,1,8,8,2
S01010953,50 to 64,121,89,84,5,32,4,3,3,18,4
S01010953,65 to 74,45,28,28,0,17,1,0,0,7,9
S01010953,75 to 84,24,13,12,1,11,0,1,0,3,7
S01010953,85 and over,5,2,2,0,3,0,0,0,0,3
S01010954,All people aged 16 and over in households,431,296,264,32,135,92,0,4,18,21
S01010954,16 to 24,71,6,0,6,65,65,0,0,0,0
S01010954,25 to 34,56,40,31,9,16,16,0,0,0,0
S01010954,35 to 49,107,86,73,13,21,6,0,4,9,2
S01010954,50 to 64,144,129,125,4,15,4,0,0,3,8
S01010954,65 to 74,42,28,28,0,14,0,0,0,6,8
S01010954,75 to 84,9,5,5,0,4,1,0,0,0,3
S01010954,85 and over,2,2,2,0,0,0,0,0,0,0
S01010955,All people aged 16 and over in households,720,546,492,54,174,116,4,12,22,20
S01010955,16 to 24,107,35,21,14,72,71,1,0,0,0
S01010955,25 to 34,164,130,108,22,34,28,0,5,1,0
S01010955,35 to 49,214,191,178,13,23,12,2,4,4,1
S01010955,50 to 64,159,136,132,4,23,5,1,2,14,1
S01010955,65 to 74,47,43,42,1,4,0,0,1,2,1
S01010955,75 to 84,20,9,9,0,11,0,0,0,1,10
S01010955,85 and over,9,2,2,0,7,0,0,0,0,7
S01010956,All people aged 16 and over in households,575,378,298,80,197,123,9,16,22,27
S01010956,16 to 24,54,5,0,5,49,49,0,0,0,0
S01010956,25 to 34,77,37,19,18,40,37,2,0,1,0
S01010956,35 to 49,171,132,100,32,39,23,3,8,5,0
S01010956,50 to 64,176,138,116,22,38,7,3,6,14,8
S01010956,65 to 74,67,50,47,3,17,7,1,1,1,7
S01010956,75 to 84,24,15,15,0,9,0,0,1,0,8
S01010956,85 and over,6,1,1,0,5,0,0,0,1,4
S01010957,All people aged 16 and over in households,473,338,308,30,135,75,4,6,16,34
S01010957,16 to 24,44,0,0,0,44,44,0,0,0,0
S01010957,25 to 34,47,26,19,7,21,17,1,2,1,0
S01010957,35 to 49,126,103,89,14,23,10,2,3,8,0
S01010957,50 to 64,148,134,126,8,14,0,0,1,6,7
S01010957,65 to 74,78,60,59,1,18,3,0,0,1,14
S01010957,75 to 84,20,12,12,0,8,1,1,0,0,6
S01010957,85 and over,10,3,3,0,7,0,0,0,0,7
S01010958,All people aged 16 and over in households,424,272,246,26,152,84,4,7,21,36
S01010958,16 to 24,41,5,0,5,36,36,0,0,0,0
S01010958,25 to 34,41,22,11,11,19,19,0,0,0,0
S01010958,35 to 49,75,53,44,9,22,12,2,3,5,0
S01010958,50 to 64,121,95,94,1,26,11,2,4,9,0
S01010958,65 to 74,86,75,75,0,11,2,0,0,4,5
S01010958,75 to 84,41,21,21,0,20,4,0,0,2,14
S01010958,85 and over,19,1,1,0,18,0,0,0,1,17
S01010959,All people aged 16 and over in households,486,266,196,70,220,116,2,17,45,40
S01010959,16 to 24,60,12,2,10,48,47,0,1,0,0
S01010959,25 to 34,69,47,17,30,22,21,1,0,0,0
S01010959,35 to 49,144,91,71,20,53,25,1,9,17,1
S01010959,50 to 64,111,80,73,7,31,11,0,4,11,5
S01010959,65 to 74,58,25,22,3,33,5,0,2,14,12
S01010959,75 to 84,26,5,5,0,21,7,0,1,3,10
S01010959,85 and over,18,6,6,0,12,0,0,0,0,12
S01010960,All people aged 16 and over in households,872,534,416,118,338,217,1,22,47,51
S01010960,16 to 24,115,14,2,12,101,101,0,0,0,0
S01010960,25 to 34,124,67,31,36,57,48,1,4,4,0
S01010960,35 to 49,253,186,148,38,67,42,0,8,15,2
S01010960,50 to 64,234,182,158,24,52,15,0,8,17,12
S01010960,65 to 74,82,56,51,5,26,5,0,1,9,11
S01010960,75 to 84,52,28,25,3,24,6,0,1,2,15
S01010960,85 and over,12,1,1,0,11,0,0,0,0,11
S01010961,All people aged 16 and over in households,472,260,208,52,212,124,2,18,26,42
S01010961,16 to 24,72,6,1,5,66,65,0,1,0,0
S01010961,25 to 34,55,23,12,11,32,27,1,2,2,0
S01010961,35 to 49,108,74,53,21,34,18,0,9,6,1
S01010961,50 to 64,117,89,76,13,28,9,0,4,9,6
S01010961,65 to 74,59,41,39,2,18,4,0,2,5,7
S01010961,75 to 84,53,26,26,0,27,1,0,0,3,23
S01010961,85 and over,8,1,1,0,7,0,1,0,1,5
S01010962,All people aged 16 and over in households,508,280,220,60,228,103,3,16,67,39
S01010962,16 to 24,27,2,0,2,25,25,0,0,0,0
S01010962,25 to 34,33,10,3,7,23,21,1,1,0,0
S01010962,35 to 49,82,53,35,18,29,22,1,1,5,0
S01010962,50 to 64,212,133,114,19,79,24,0,10,38,7
S01010962,65 to 74,108,65,53,12,43,8,1,4,14,16
S01010962,75 to 84,43,16,14,2,27,3,0,0,10,14
S01010962,85 and over,3,1,1,0,2,0,0,0,0,2
S01010963,All people aged 16 and over in households,766,466,376,90,300,186,0,17,45,52
S01010963,16 to 24,98,8,2,6,90,90,0,0,0,0
S01010963,25 to 34,90,44,28,16,46,43,0,2,1,0
S01010963,35 to 49,258,204,159,45,54,34,0,8,12,0
S01010963,50 to 64,174,135,120,15,39,9,0,6,18,6
S01010963,65 to 74,79,45,37,8,34,5,0,1,12,16
S01010963,75 to 84,57,27,27,0,30,3,0,0,2,25
S01010963,85 and over,10,3,3,0,7,2,0,0,0,5
S01010964,All people aged 16 and over in households,444,314,270,44,130,82,2,4,19,23
S01010964,16 to 24,44,4,0,4,40,40,0,0,0,0
S01010964,25 to 34,42,22,11,11,20,18,0,0,2,0
S01010964,35 to 49,98,75,60,15,23,15,0,2,6,0
S01010964,50 to 64,135,114,106,8,21,4,2,2,7,6
S01010964,65 to 74,87,76,72,4,11,3,0,0,3,5
S01010964,75 to 84,31,18,17,1,13,2,0,0,1,10
S01010964,85 and over,7,5,4,1,2,0,0,0,0,2
S01010965,All people aged 16 and over in households,419,198,128,70,221,123,5,26,38,29
S01010965,16 to 24,69,15,0,15,54,52,1,1,0,0
S01010965,25 to 34,65,28,7,21,37,36,1,0,0,0
S01010965,35 to 49,106,52,37,15,54,22,2,14,15,1
S01010965,50 to 64,115,77,63,14,38,5,1,8,16,8
S01010965,65 to 74,38,19,16,3,19,3,0,1,5,10
S01010965,75 to 84,22,7,5,2,15,4,0,2,1,8
S01010965,85 and over,4,0,0,0,4,1,0,0,1,2
S01010966,All people aged 16 and over in households,576,370,296,74,206,112,1,17,35,41
S01010966,16 to 24,75,6,1,5,69,69,0,0,0,0
S01010966,25 to 34,72,46,24,22,26,21,1,4,0,0
S01010966,35 to 49,144,107,80,27,37,14,0,7,15,1
S01010966,50 to 64,148,124,107,17,24,4,0,4,12,4
S01010966,65 to 74,91,65,62,3,26,4,0,2,5,15
S01010966,75 to 84,32,21,21,0,11,0,0,0,2,9
S01010966,85 and over,14,1,1,0,13,0,0,0,1,12
S01010967,All people aged 16 and over in households,552,274,198,76,278,163,2,20,51,42
S01010967,16 to 24,91,9,3,6,82,81,0,0,1,0
S01010967,25 to 34,87,56,33,23,31,27,1,2,1,0
S01010967,35 to 49,160,91,67,24,69,33,1,13,22,0
S01010967,50 to 64,110,67,50,17,43,14,0,4,19,6
S01010967,65 to 74,39,22,18,4,17,5,0,0,6,6
S01010967,75 to 84,47,24,22,2,23,2,0,1,2,18
S01010967,85 and over,18,5,5,0,13,1,0,0,0,12
S01010968,All people aged 16 and over in households,603,378,326,52,225,128,4,13,33,47
S01010968,16 to 24,59,5,1,4,54,53,1,0,0,0
S01010968,25 to 34,72,46,18,28,26,25,0,1,0,0
S01010968,35 to 49,158,100,84,16,58,32,0,6,19,1
S01010968,50 to 64,146,115,111,4,31,8,2,3,11,7
S01010968,65 to 74,100,76,76,0,24,5,0,3,3,13
S01010968,75 to 84,54,33,33,0,21,4,1,0,0,16
S01010968,85 and over,14,3,3,0,11,1,0,0,0,10
S01010969,All people aged 16 and over in households,472,302,274,28,170,88,2,11,28,41
S01010969,16 to 24,48,1,1,0,47,47,0,0,0,0
S01010969,25 to 34,44,24,17,7,20,19,0,0,1,0
S01010969,35 to 49,87,64,49,15,23,13,1,1,7,1
S01010969,50 to 64,160,130,124,6,30,3,1,7,11,8
S01010969,65 to 74,75,54,54,0,21,3,0,2,5,11
S01010969,75 to 84,44,28,28,0,16,2,0,1,2,11
S01010969,85 and over,14,1,1,0,13,1,0,0,2,10
S01010970,All people aged 16 and over in households,790,476,386,90,314,183,7,18,45,61
S01010970,16 to 24,107,12,0,12,95,95,0,0,0,0
S01010970,25 to 34,82,55,26,29,27,25,0,0,2,0
S01010970,35 to 49,211,149,117,32,62,36,4,9,11,2
S01010970,50 to 64,212,166,151,15,46,14,0,5,20,7
S01010970,65 to 74,92,59,57,2,33,4,0,3,3,23
S01010970,75 to 84,70,32,32,0,38,5,2,1,8,22
S01010970,85 and over,16,3,3,0,13,4,1,0,1,7
S01010971,All people aged 16 and over in households,825,556,480,76,269,180,4,22,35,28
S01010971,16 to 24,132,11,1,10,121,121,0,0,0,0
S01010971,25 to 34,95,64,31,33,31,28,1,1,1,0
S01010971,35 to 49,245,184,159,25,61,27,0,13,19,2
S01010971,50 to 64,218,186,180,6,32,4,3,8,12,5
S01010971,65 to 74,82,74,72,2,8,0,0,0,2,6
S01010971,75 to 84,48,34,34,0,14,0,0,0,1,13
S01010971,85 and over,5,3,3,0,2,0,0,0,0,2
S01010972,All people aged 16 and over in households,643,368,256,112,275,168,1,19,44,43
S01010972,16 to 24,130,30,1,29,100,99,0,1,0,0
S01010972,25 to 34,120,76,30,46,44,42,0,0,2,0
S01010972,35 to 49,147,93,73,20,54,21,1,12,18,2
S01010972,50 to 64,149,112,96,16,37,4,0,4,20,9
S01010972,65 to 74,67,47,46,1,20,1,0,2,0,17
S01010972,75 to 84,18,8,8,0,10,0,0,0,2,8
S01010972,85 and over,12,2,2,0,10,1,0,0,2,7
S01010973,All people aged 16 and over in households,419,272,230,42,147,82,2,13,26,24
S01010973,16 to 24,63,10,0,10,53,52,0,1,0,0
S01010973,25 to 34,30,15,7,8,15,12,0,3,0,0
S01010973,35 to 49,103,81,65,16,22,11,0,5,5,1
S01010973,50 to 64,116,91,85,6,25,6,1,2,14,2
S01010973,65 to 74,77,59,59,0,18,1,0,2,4,11
S01010973,75 to 84,26,15,14,1,11,0,1,0,1,9
S01010973,85 and over,4,1,0,1,3,0,0,0,2,1
S01010974,All people aged 16 and over in households,593,342,304,38,251,143,4,12,40,52
S01010974,16 to 24,76,8,1,7,68,68,0,0,0,0
S01010974,25 to 34,67,29,21,8,38,34,1,3,0,0
S01010974,35 to 49,128,91,81,10,37,22,0,7,8,0
S01010974,50 to 64,176,124,114,10,52,13,1,1,29,8
S01010974,65 to 74,75,55,54,1,20,4,1,1,2,12
S01010974,75 to 84,54,31,31,0,23,2,1,0,0,20
S01010974,85 and over,17,4,2,2,13,0,0,0,1,12
S01010975,All people aged 16 and over in households,380,216,168,48,164,99,2,5,26,32
S01010975,16 to 24,58,8,0,8,50,50,0,0,0,0
S01010975,25 to 34,53,30,13,17,23,21,0,1,1,0
S01010975,35 to 49,114,86,67,19,28,14,1,1,11,1
S01010975,50 to 64,74,54,50,4,20,7,0,1,10,2
S01010975,65 to 74,51,32,32,0,19,3,1,1,3,11
S01010975,75 to 84,18,5,5,0,13,3,0,1,1,8
S01010975,85 and over,12,1,1,0,11,1,0,0,0,10
S01010976,All people aged 16 and over in households,419,250,200,50,169,104,2,4,31,28
S01010976,16 to 24,59,8,2,6,51,51,0,0,0,0
S01010976,25 to 34,63,45,22,23,18,17,1,0,0,0
S01010976,35 to 49,115,79,68,11,36,23,0,2,8,3
S01010976,50 to 64,102,69,63,6,33,9,1,1,17,5
S01010976,65 to 74,51,34,30,4,17,2,0,0,5,10
S01010976,75 to 84,22,15,15,0,7,2,0,1,0,4
S01010976,85 and over,7,0,0,0,7,0,0,0,1,6
S01010977,All people aged 16 and over in households,597,366,296,70,231,141,1,12,29,48
S01010977,16 to 24,101,13,1,12,88,88,0,0,0,0
S01010977,25 to 34,47,33,15,18,14,14,0,0,0,0
S01010977,35 to 49,170,125,101,24,45,26,0,7,11,1
S01010977,50 to 64,142,113,100,13,29,7,0,4,11,7
S01010977,65 to 74,69,46,43,3,23,2,0,0,5,16
S01010977,75 to 84,61,33,33,0,28,4,1,1,2,20
S01010977,85 and over,7,3,3,0,4,0,0,0,0,4
S01010978,All people aged 16 and over in households,599,272,192,80,327,175,2,20,52,78
S01010978,16 to 24,95,16,1,15,79,79,0,0,0,0
S01010978,25 to 34,96,51,25,26,45,42,1,2,0,0
S01010978,35 to 49,131,68,43,25,63,30,1,12,15,5
S01010978,50 to 64,143,90,78,12,53,18,0,5,23,7
S01010978,65 to 74,53,20,20,0,33,3,0,1,11,18
S01010978,75 to 84,59,27,25,2,32,1,0,0,3,28
S01010978,85 and over,22,0,0,0,22,2,0,0,0,20
S01010979,All people aged 16 and over in households,651,368,286,82,283,165,6,23,43,46
S01010979,16 to 24,110,13,1,12,97,96,0,0,1,0
S01010979,25 to 34,101,62,37,25,39,34,0,4,1,0
S01010979,35 to 49,177,125,96,29,52,19,2,10,20,1
S01010979,50 to 64,142,104,91,13,38,8,4,9,13,4
S01010979,65 to 74,62,42,39,3,20,5,0,0,5,10
S01010979,75 to 84,41,16,16,0,25,2,0,0,3,20
S01010979,85 and over,18,6,6,0,12,1,0,0,0,11
S01010980,All people aged 16 and over in households,601,316,246,70,285,166,2,16,48,53
S01010980,16 to 24,85,10,2,8,75,74,0,0,1,0
S01010980,25 to 34,72,34,21,13,38,38,0,0,0,0
S01010980,35 to 49,140,88,63,25,52,27,0,11,13,1
S01010980,50 to 64,164,108,93,15,56,21,1,4,25,5
S01010980,65 to 74,77,57,50,7,20,4,1,1,6,8
S01010980,75 to 84,47,18,16,2,29,2,0,0,3,24
S01010980,85 and over,16,1,1,0,15,0,0,0,0,15
S01010981,All people aged 16 and over in households,612,353,292,61,259,139,5,19,48,48
S01010981,16 to 24,71,14,2,12,57,57,0,0,0,0
S01010981,25 to 34,78,36,20,16,42,37,2,3,0,0
S01010981,35 to 49,130,89,62,27,41,22,1,6,11,1
S01010981,50 to 64,173,121,116,5,52,11,1,5,28,7
S01010981,65 to 74,83,54,53,1,29,4,1,5,9,10
S01010981,75 to 84,59,33,33,0,26,8,0,0,0,18
S01010981,85 and over,18,6,6,0,12,0,0,0,0,12
S01010982,All people aged 16 and over in households,883,612,538,74,271,151,13,16,40,51
S01010982,16 to 24,77,11,1,10,66,66,0,0,0,0
S01010982,25 to 34,102,51,31,20,51,46,3,1,1,0
S01010982,35 to 49,203,170,144,26,33,21,3,4,5,0
S01010982,50 to 64,320,260,244,16,60,9,6,9,25,11
S01010982,65 to 74,115,90,88,2,25,6,1,1,7,10
S01010982,75 to 84,51,25,25,0,26,3,0,1,2,20
S01010982,85 and over,15,5,5,0,10,0,0,0,0,10
S01010983,All people aged 16 and over in households,665,412,354,58,253,136,2,13,36,66
S01010983,16 to 24,62,4,0,4,58,58,0,0,0,0
S01010983,25 to 34,69,38,27,11,31,29,0,1,1,0
S01010983,35 to 49,177,133,114,19,44,28,1,6,8,1
S01010983,50 to 64,172,131,111,20,41,9,1,5,21,5
S01010983,65 to 74,98,65,63,2,33,6,0,1,4,22
S01010983,75 to 84,66,38,36,2,28,3,0,0,2,23
S01010983,85 and over,21,3,3,0,18,3,0,0,0,15
S01010984,All people aged 16 and over in households,573,400,368,32,173,75,3,5,30,60
S01010984,16 to 24,44,1,0,1,43,43,0,0,0,0
S01010984,25 to 34,41,23,18,5,18,17,1,0,0,0
S01010984,35 to 49,124,97,76,21,27,9,1,3,13,1
S01010984,50 to 64,158,138,136,2,20,3,0,1,11,5
S01010984,65 to 74,134,107,104,3,27,2,0,1,3,21
S01010984,75 to 84,54,30,30,0,24,1,1,0,3,19
S01010984,85 and over,18,4,4,0,14,0,0,0,0,14
S01010985,All people aged 16 and over in households,503,270,232,38,233,139,2,19,36,37
S01010985,16 to 24,79,3,1,2,76,73,2,0,1,0
S01010985,25 to 34,62,30,20,10,32,26,0,2,4,0
S01010985,35 to 49,137,89,75,14,48,22,0,15,10,1
S01010985,50 to 64,108,75,68,7,33,13,0,2,16,2
S01010985,65 to 74,58,49,47,2,9,2,0,0,2,5
S01010985,75 to 84,43,21,19,2,22,2,0,0,3,17
S01010985,85 and over,16,3,2,1,13,1,0,0,0,12
S01010986,All people aged 16 and over in households,397,302,268,34,95,70,2,3,8,12
S01010986,16 to 24,54,3,0,3,51,51,0,0,0,0
S01010986,25 to 34,71,62,55,7,9,8,1,0,0,0
S01010986,35 to 49,146,139,126,13,7,5,0,2,0,0
S01010986,50 to 64,83,72,61,11,11,1,1,1,5,3
S01010986,65 to 74,32,24,24,0,8,1,0,0,2,5
S01010986,75 to 84,11,2,2,0,9,4,0,0,1,4
S01010986,85 and over,0,0,0,0,0,0,0,0,0,0
S01010987,All people aged 16 and over in households,453,358,308,50,95,57,4,10,8,16
S01010987,16 to 24,48,0,0,0,48,48,0,0,0,0
S01010987,25 to 34,41,36,19,17,5,2,3,0,0,0
S01010987,35 to 49,233,217,197,20,16,5,0,7,4,0
S01010987,50 to 64,89,80,68,12,9,2,1,3,2,1
S01010987,65 to 74,22,15,14,1,7,0,0,0,1,6
S01010987,75 to 84,17,10,10,0,7,0,0,0,1,6
S01010987,85 and over,3,0,0,0,3,0,0,0,0,3
S01010988,All people aged 16 and over in households,450,338,296,42,112,84,2,11,9,6
S01010988,16 to 24,67,3,0,3,64,64,0,0,0,0
S01010988,25 to 34,52,39,27,12,13,11,1,0,1,0
S01010988,35 to 49,206,188,167,21,18,6,1,6,5,0
S01010988,50 to 64,95,82,78,4,13,3,0,5,3,2
S01010988,65 to 74,22,21,20,1,1,0,0,0,0,1
S01010988,75 to 84,6,3,2,1,3,0,0,0,0,3
S01010988,85 and over,2,2,2,0,0,0,0,0,0,0
S01010989,All people aged 16 and over in households,692,552,310,242,140,102,2,13,17,6
S01010989,16 to 24,104,60,5,55,44,44,0,0,0,0
S01010989,25 to 34,279,237,112,125,42,39,0,1,2,0
S01010989,35 to 49,230,198,150,48,32,16,2,7,7,0
S01010989,50 to 64,66,49,37,12,17,1,0,5,7,4
S01010989,65 to 74,10,7,5,2,3,2,0,0,1,0
S01010989,75 to 84,3,1,1,0,2,0,0,0,0,2
S01010989,85 and over,0,0,0,0,0,0,0,0,0,0
S01010990,All people aged 16 and over in households,636,400,338,62,236,127,7,13,40,49
S01010990,16 to 24,79,8,0,8,71,71,0,0,0,0
S01010990,25 to 34,81,53,32,21,28,22,3,1,2,0
S01010990,35 to 49,172,119,93,26,53,27,2,7,16,1
S01010990,50 to 64,165,137,133,4,28,4,1,3,13,7
S01010990,65 to 74,99,73,71,2,26,1,1,2,6,16
S01010990,75 to 84,33,10,9,1,23,2,0,0,3,18
S01010990,85 and over,7,0,0,0,7,0,0,0,0,7
S01010991,All people aged 16 and over in households,435,300,260,40,135,88,5,6,19,17
S01010991,16 to 24,62,4,0,4,58,58,0,0,0,0
S01010991,25 to 34,55,38,21,17,17,15,2,0,0,0
S01010991,35 to 49,122,94,83,11,28,9,1,6,11,1
S01010991,50 to 64,122,108,103,5,14,5,1,0,4,4
S01010991,65 to 74,52,44,42,2,8,1,0,0,3,4
S01010991,75 to 84,20,11,11,0,9,0,1,0,1,7
S01010991,85 and over,2,1,0,1,1,0,0,0,0,1
S01010992,All people aged 16 and over in households,402,322,260,62,80,60,2,5,8,5
S01010992,16 to 24,43,4,0,4,39,39,0,0,0,0
S01010992,25 to 34,55,45,27,18,10,10,0,0,0,0
S01010992,35 to 49,228,212,179,33,16,7,2,3,4,0
S01010992,50 to 64,61,52,45,7,9,3,0,2,3,1
S01010992,65 to 74,7,5,5,0,2,0,0,0,0,2
S01010992,75 to 84,7,4,4,0,3,1,0,0,1,1
S01010992,85 and over,1,0,0,0,1,0,0,0,0,1
S01010993,All people aged 16 and over in households,508,358,302,56,150,91,1,9,20,29
S01010993,16 to 24,56,3,0,3,53,53,0,0,0,0
S01010993,25 to 34,51,36,25,11,15,11,0,1,2,1
S01010993,35 to 49,166,141,113,28,25,13,0,6,5,1
S01010993,50 to 64,143,118,105,13,25,11,0,1,8,5
S01010993,65 to 74,55,41,40,1,14,2,1,1,4,6
S01010993,75 to 84,27,17,17,0,10,1,0,0,1,8
S01010993,85 and over,10,2,2,0,8,0,0,0,0,8
S01010994,All people aged 16 and over in households,786,590,504,86,196,130,3,12,25,26
S01010994,16 to 24,71,7,0,7,64,64,0,0,0,0
S01010994,25 to 34,119,83,53,30,36,36,0,0,0,0
S01010994,35 to 49,261,217,182,35,44,22,2,8,12,0
S01010994,50 to 64,199,176,163,13,23,7,1,1,9,5
S01010994,65 to 74,95,82,81,1,13,0,0,2,4,7
S01010994,75 to 84,35,23,23,0,12,1,0,1,0,10
S01010994,85 and over,6,2,2,0,4,0,0,0,0,4
S01010995,All people aged 16 and over in households,608,444,400,44,164,110,6,10,18,20
S01010995,16 to 24,72,2,1,1,70,69,0,0,0,1
S01010995,25 to 34,60,35,20,15,25,25,0,0,0,0
S01010995,35 to 49,133,112,93,19,21,8,1,7,4,1
S01010995,50 to 64,242,210,202,8,32,5,5,3,11,8
S01010995,65 to 74,68,60,59,1,8,2,0,0,3,3
S01010995,75 to 84,29,25,25,0,4,1,0,0,0,3
S01010995,85 and over,4,0,0,0,4,0,0,0,0,4
S01010996,All people aged 16 and over in households,462,334,278,56,128,76,0,10,11,31
S01010996,16 to 24,49,6,3,3,43,43,0,0,0,0
S01010996,25 to 34,44,36,18,18,8,8,0,0,0,0
S01010996,35 to 49,143,118,93,25,25,18,0,4,3,0
S01010996,50 to 64,141,121,111,10,20,4,0,6,5,5
S01010996,65 to 74,47,33,33,0,14,2,0,0,2,10
S01010996,75 to 84,32,19,19,0,13,0,0,0,1,12
S01010996,85 and over,6,1,1,0,5,1,0,0,0,4
S01010997,All people aged 16 and over in households,561,402,380,22,159,80,4,6,15,54
S01010997,16 to 24,49,0,0,0,49,48,1,0,0,0
S01010997,25 to 34,25,11,9,2,14,14,0,0,0,0
S01010997,35 to 49,109,95,85,10,14,9,0,5,0,0
S01010997,50 to 64,193,171,163,8,22,6,1,0,10,5
S01010997,65 to 74,106,87,86,1,19,2,1,1,3,12
S01010997,75 to 84,57,32,31,1,25,0,0,0,2,23
S01010997,85 and over,22,6,6,0,16,1,1,0,0,14
S01010998,All people aged 16 and over in households,458,334,302,32,124,75,2,3,18,26
S01010998,16 to 24,59,4,0,4,55,55,0,0,0,0
S01010998,25 to 34,27,17,16,1,10,10,0,0,0,0
S01010998,35 to 49,141,127,112,15,14,7,0,1,5,1
S01010998,50 to 64,137,120,108,12,17,1,2,2,9,3
S01010998,65 to 74,49,38,38,0,11,0,0,0,4,7
S01010998,75 to 84,35,25,25,0,10,2,0,0,0,8
S01010998,85 and over,10,3,3,0,7,0,0,0,0,7
S01010999,All people aged 16 and over in households,729,504,444,60,225,111,7,11,35,61
S01010999,16 to 24,53,5,3,2,48,47,0,1,0,0
S01010999,25 to 34,73,55,33,22,18,14,1,0,3,0
S01010999,35 to 49,176,144,124,20,32,23,1,3,5,0
S01010999,50 to 64,172,130,118,12,42,15,2,4,15,6
S01010999,65 to 74,159,122,120,2,37,8,1,3,8,17
S01010999,75 to 84,75,43,41,2,32,3,2,0,3,24
S01010999,85 and over,21,5,5,0,16,1,0,0,1,14
S01011000,All people aged 16 and over in households,680,432,354,78,248,155,6,18,37,32
S01011000,16 to 24,73,4,0,4,69,68,0,0,1,0
S01011000,25 to 34,80,33,22,11,47,42,2,2,1,0
S01011000,35 to 49,206,161,117,44,45,27,2,6,9,1
S01011000,50 to 64,202,159,141,18,43,10,2,7,19,5
S01011000,65 to 74,84,59,59,0,25,4,0,1,6,14
S01011000,75 to 84,31,15,14,1,16,4,0,2,0,10
S01011000,85 and over,4,1,1,0,3,0,0,0,1,2
S01011001,All people aged 16 and over in households,525,320,272,48,205,104,8,15,26,52
S01011001,16 to 24,65,7,2,5,58,58,0,0,0,0
S01011001,25 to 34,64,31,18,13,33,26,3,3,1,0
S01011001,35 to 49,118,90,76,14,28,12,0,6,9,1
S01011001,50 to 64,149,114,102,12,35,7,0,3,11,14
S01011001,65 to 74,77,59,56,3,18,0,2,2,4,10
S01011001,75 to 84,41,18,17,1,23,1,3,1,1,17
S01011001,85 and over,11,1,1,0,10,0,0,0,0,10
S01011002,All people aged 16 and over in households,594,326,262,64,268,152,4,12,45,55
S01011002,16 to 24,59,2,0,2,57,57,0,0,0,0
S01011002,25 to 34,72,26,13,13,46,43,2,0,1,0
S01011002,35 to 49,151,103,72,31,48,31,1,6,10,0
S01011002,50 to 64,163,116,103,13,47,17,0,4,20,6
S01011002,65 to 74,76,47,43,4,29,3,0,2,9,15
S01011002,75 to 84,58,29,28,1,29,1,1,0,3,24
S01011002,85 and over,15,3,3,0,12,0,0,0,2,10
S01011003,All people aged 16 and over in households,553,312,252,60,241,143,5,8,34,51
S01011003,16 to 24,84,11,1,10,73,73,0,0,0,0
S01011003,25 to 34,71,38,17,21,33,26,4,1,2,0
S01011003,35 to 49,141,103,83,20,38,21,0,5,10,2
S01011003,50 to 64,141,97,92,5,44,15,1,2,19,7
S01011003,65 to 74,48,32,28,4,16,3,0,0,2,11
S01011003,75 to 84,53,27,27,0,26,3,0,0,1,22
S01011003,85 and over,15,4,4,0,11,2,0,0,0,9
S01011004,All people aged 16 and over in households,486,342,274,68,144,84,1,13,23,23
S01011004,16 to 24,53,6,0,6,47,47,0,0,0,0
S01011004,25 to 34,62,41,17,24,21,19,1,0,1,0
S01011004,35 to 49,158,131,106,25,27,10,0,9,8,0
S01011004,50 to 64,129,105,95,10,24,7,0,2,13,2
S01011004,65 to 74,50,42,40,2,8,1,0,1,1,5
S01011004,75 to 84,27,17,16,1,10,0,0,0,0,10
S01011004,85 and over,7,0,0,0,7,0,0,1,0,6
S01011005,All people aged 16 and over in households,556,304,224,80,252,150,3,17,47,35
S01011005,16 to 24,66,18,1,17,48,48,0,0,0,0
S01011005,25 to 34,101,52,17,35,49,43,2,0,2,2
S01011005,35 to 49,118,60,47,13,58,33,0,12,13,0
S01011005,50 to 64,141,93,81,12,48,15,0,5,22,6
S01011005,65 to 74,74,55,52,3,19,5,0,0,8,6
S01011005,75 to 84,47,22,22,0,25,5,0,0,1,19
S01011005,85 and over,9,4,4,0,5,1,1,0,1,2
S01011006,All people aged 16 and over in households,804,538,384,154,266,160,7,23,31,45
S01011006,16 to 24,112,45,6,39,67,67,0,0,0,0
S01011006,25 to 34,179,118,57,61,61,55,3,0,3,0
S01011006,35 to 49,219,172,130,42,47,19,1,18,9,0
S01011006,50 to 64,161,122,114,8,39,15,2,5,13,4
S01011006,65 to 74,75,58,55,3,17,1,1,0,4,11
S01011006,75 to 84,49,23,22,1,26,2,0,0,2,22
S01011006,85 and over,9,0,0,0,9,1,0,0,0,8
S01011007,All people aged 16 and over in households,542,302,238,64,240,131,6,13,38,52
S01011007,16 to 24,71,8,1,7,63,62,0,0,1,0
S01011007,25 to 34,64,34,14,20,30,26,2,1,1,0
S01011007,35 to 49,138,96,70,26,42,20,1,9,11,1
S01011007,50 to 64,144,99,90,9,45,17,3,3,16,6
S01011007,65 to 74,63,40,38,2,23,4,0,0,7,12
S01011007,75 to 84,54,24,24,0,30,2,0,0,1,27
S01011007,85 and over,8,1,1,0,7,0,0,0,1,6
S01011008,All people aged 16 and over in households,653,404,344,60,249,138,2,20,42,47
S01011008,16 to 24,73,3,0,3,70,69,0,0,1,0
S01011008,25 to 34,75,35,19,16,40,38,1,1,0,0
S01011008,35 to 49,165,116,93,23,49,19,1,11,17,1
S01011008,50 to 64,180,143,129,14,37,9,0,7,16,5
S01011008,65 to 74,107,84,80,4,23,2,0,0,5,16
S01011008,75 to 84,46,22,22,0,24,1,0,0,3,20
S01011008,85 and over,7,1,1,0,6,0,0,1,0,5
S01011009,All people aged 16 and over in households,416,230,184,46,186,112,1,13,38,22
S01011009,16 to 24,61,12,4,8,49,49,0,0,0,0
S01011009,25 to 34,54,23,11,12,31,28,0,1,2,0
S01011009,35 to 49,124,73,59,14,51,28,0,6,15,2
S01011009,50 to 64,127,98,90,8,29,5,0,5,14,5
S01011009,65 to 74,29,15,14,1,14,1,1,1,6,5
S01011009,75 to 84,15,8,5,3,7,1,0,0,1,5
S01011009,85 and over,6,1,1,0,5,0,0,0,0,5
S01011010,All people aged 16 and over in households,499,196,112,84,303,161,7,23,62,50
S01011010,16 to 24,62,23,2,21,39,39,0,0,0,0
S01011010,25 to 34,93,47,17,30,46,40,0,2,4,0
S01011010,35 to 49,138,47,29,18,91,65,1,10,14,1
S01011010,50 to 64,100,39,25,14,61,12,4,10,33,2
S01011010,65 to 74,47,24,23,1,23,3,0,1,8,11
S01011010,75 to 84,44,12,12,0,32,2,1,0,2,27
S01011010,85 and over,15,4,4,0,11,0,1,0,1,9
S01011011,All people aged 16 and over in households,648,274,166,108,374,205,8,22,73,66
S01011011,16 to 24,94,27,2,25,67,65,2,0,0,0
S01011011,25 to 34,119,43,14,29,76,63,0,5,8,0
S01011011,35 to 49,145,74,47,27,71,45,1,11,14,0
S01011011,50 to 64,145,79,63,16,66,23,5,4,29,5
S01011011,65 to 74,68,32,24,8,36,5,0,1,14,16
S01011011,75 to 84,56,18,15,3,38,3,0,1,6,28
S01011011,85 and over,21,1,1,0,20,1,0,0,2,17
S01011012,All people aged 16 and over in households,540,249,172,77,291,188,6,20,48,29
S01011012,16 to 24,110,16,2,14,94,94,0,0,0,0
S01011012,25 to 34,91,50,22,28,41,37,2,1,1,0
S01011012,35 to 49,145,75,51,24,70,43,0,12,15,0
S01011012,50 to 64,112,61,55,6,51,11,4,3,26,7
S01011012,65 to 74,48,28,23,5,20,2,0,4,5,9
S01011012,75 to 84,27,15,15,0,12,1,0,0,1,10
S01011012,85 and over,7,4,4,0,3,0,0,0,0,3
S01011013,All people aged 16 and over in households,668,394,330,64,274,128,3,17,44,82
S01011013,16 to 24,75,17,0,17,58,58,0,0,0,0
S01011013,25 to 34,74,49,29,20,25,23,1,1,0,0
S01011013,35 to 49,167,114,97,17,53,24,0,12,16,1
S01011013,50 to 64,166,113,105,8,53,16,0,4,19,14
S01011013,65 to 74,101,71,69,2,30,7,1,0,7,15
S01011013,75 to 84,61,25,25,0,36,0,1,0,2,33
S01011013,85 and over,24,5,5,0,19,0,0,0,0,19
S01011014,All people aged 16 and over in households,691,416,358,58,275,167,9,22,47,30
S01011014,16 to 24,102,8,1,7,94,93,1,0,0,0
S01011014,25 to 34,83,45,24,21,38,34,1,1,1,1
S01011014,35 to 49,175,124,105,19,51,29,0,7,15,0
S01011014,50 to 64,231,171,161,10,60,9,7,11,27,6
S01011014,65 to 74,66,50,49,1,16,1,0,2,2,11
S01011014,75 to 84,28,17,17,0,11,0,0,1,2,8
S01011014,85 and over,6,1,1,0,5,1,0,0,0,4
S01011015,All people aged 16 and over in households,380,232,206,26,148,86,4,7,17,34
S01011015,16 to 24,55,4,0,4,51,50,1,0,0,0
S01011015,25 to 34,30,11,5,6,19,19,0,0,0,0
S01011015,35 to 49,83,68,56,12,15,6,2,1,6,0
S01011015,50 to 64,141,119,115,4,22,4,0,4,7,7
S01011015,65 to 74,41,27,27,0,14,2,0,2,2,8
S01011015,75 to 84,19,3,3,0,16,4,1,0,2,9
S01011015,85 and over,11,0,0,0,11,1,0,0,0,10
S01011016,All people aged 16 and over in households,632,462,340,122,170,115,7,6,31,11
S01011016,16 to 24,97,26,6,20,71,71,0,0,0,0
S01011016,25 to 34,156,126,79,47,30,24,3,0,2,1
S01011016,35 to 49,260,217,175,42,43,16,4,5,17,1
S01011016,50 to 64,97,79,66,13,18,3,0,0,11,4
S01011016,65 to 74,16,12,12,0,4,1,0,1,1,1
S01011016,75 to 84,5,2,2,0,3,0,0,0,0,3
S01011016,85 and over,1,0,0,0,1,0,0,0,0,1
S01011017,All people aged 16 and over in households,690,512,450,62,178,109,3,16,22,28
S01011017,16 to 24,71,9,0,9,62,62,0,0,0,0
S01011017,25 to 34,41,25,15,10,16,16,0,0,0,0
S01011017,35 to 49,198,159,139,20,39,16,1,10,11,1
S01011017,50 to 64,216,185,167,18,31,10,0,4,9,8
S01011017,65 to 74,102,91,88,3,11,4,0,1,2,4
S01011017,75 to 84,53,41,39,2,12,1,0,1,0,10
S01011017,85 and over,9,2,2,0,7,0,2,0,0,5
S01011018,All people aged 16 and over in households,709,428,356,72,281,159,6,18,37,61
S01011018,16 to 24,92,10,2,8,82,81,1,0,0,0
S01011018,25 to 34,71,49,26,23,22,21,0,1,0,0
S01011018,35 to 49,205,153,125,28,52,26,0,9,17,0
S01011018,50 to 64,181,130,118,12,51,18,2,6,14,11
S01011018,65 to 74,76,44,43,1,32,9,1,2,3,17
S01011018,75 to 84,66,36,36,0,30,1,1,0,3,25
S01011018,85 and over,18,6,6,0,12,3,1,0,0,8
S01011019,All people aged 16 and over in households,794,560,448,112,234,146,4,18,30,36
S01011019,16 to 24,81,10,3,7,71,71,0,0,0,0
S01011019,25 to 34,152,108,55,53,44,41,0,1,2,0
S01011019,35 to 49,240,201,158,43,39,19,0,11,9,0
S01011019,50 to 64,187,151,142,9,36,11,1,6,14,4
S01011019,65 to 74,76,59,59,0,17,4,1,0,4,8
S01011019,75 to 84,52,29,29,0,23,0,2,0,1,20
S01011019,85 and over,6,2,2,0,4,0,0,0,0,4
S01011020,All people aged 16 and over in households,377,272,234,38,105,58,2,6,20,19
S01011020,16 to 24,20,1,0,1,19,19,0,0,0,0
S01011020,25 to 34,47,36,28,8,11,11,0,0,0,0
S01011020,35 to 49,124,103,83,20,21,15,0,0,5,1
S01011020,50 to 64,119,88,80,8,31,11,1,4,10,5
S01011020,65 to 74,40,34,33,1,6,0,1,0,3,2
S01011020,75 to 84,21,9,9,0,12,2,0,2,2,6
S01011020,85 and over,6,1,1,0,5,0,0,0,0,5
S01011021,All people aged 16 and over in households,719,390,320,70,329,202,7,13,37,70
S01011021,16 to 24,131,16,3,13,115,115,0,0,0,0
S01011021,25 to 34,94,52,36,16,42,37,3,0,1,1
S01011021,35 to 49,171,119,94,25,52,26,1,9,14,2
S01011021,50 to 64,157,117,102,15,40,13,1,4,12,10
S01011021,65 to 74,93,56,55,1,37,7,1,0,8,21
S01011021,75 to 84,49,25,25,0,24,3,1,0,2,18
S01011021,85 and over,24,5,5,0,19,1,0,0,0,18
S01011022,All people aged 16 and over in households,451,250,170,80,201,126,3,10,29,33
S01011022,16 to 24,76,10,0,10,66,66,0,0,0,0
S01011022,25 to 34,72,45,19,26,27,22,2,1,2,0
S01011022,35 to 49,110,71,44,27,39,23,0,6,9,1
S01011022,50 to 64,119,87,71,16,32,14,0,3,13,2
S01011022,65 to 74,37,22,21,1,15,1,1,0,4,9
S01011022,75 to 84,34,15,15,0,19,0,0,0,1,18
S01011022,85 and over,3,0,0,0,3,0,0,0,0,3
S01011023,All people aged 16 and over in households,665,400,318,82,265,149,8,18,46,44
S01011023,16 to 24,98,14,3,11,84,84,0,0,0,0
S01011023,25 to 34,101,62,35,27,39,33,2,3,0,1
S01011023,35 to 49,169,125,101,24,44,23,2,7,12,0
S01011023,50 to 64,183,140,122,18,43,5,2,6,27,3
S01011023,65 to 74,63,41,40,1,22,2,0,2,6,12
S01011023,75 to 84,40,16,15,1,24,1,1,0,0,22
S01011023,85 and over,11,2,2,0,9,1,1,0,1,6
S01011024,All people aged 16 and over in households,586,298,216,82,288,171,4,25,54,34
S01011024,16 to 24,101,10,1,9,91,89,1,1,0,0
S01011024,25 to 34,120,64,31,33,56,50,1,3,2,0
S01011024,35 to 49,162,95,68,27,67,21,1,15,29,1
S01011024,50 to 64,116,79,66,13,37,9,0,3,19,6
S01011024,65 to 74,48,34,34,0,14,2,1,3,3,5
S01011024,75 to 84,34,16,16,0,18,0,0,0,1,17
S01011024,85 and over,5,0,0,0,5,0,0,0,0,5
S01011025,All people aged 16 and over in households,556,300,212,88,256,166,2,16,43,29
S01011025,16 to 24,100,8,0,8,92,92,0,0,0,0
S01011025,25 to 34,96,48,21,27,48,39,1,6,2,0
S01011025,35 to 49,154,102,63,39,52,26,0,4,20,2
S01011025,50 to 64,145,108,95,13,37,8,1,6,16,6
S01011025,65 to 74,41,28,27,1,13,0,0,0,5,8
S01011025,75 to 84,17,6,6,0,11,0,0,0,0,11
S01011025,85 and over,3,0,0,0,3,1,0,0,0,2
S01011026,All people aged 16 and over in households,456,282,206,76,174,120,1,14,29,10
S01011026,16 to 24,75,18,3,15,57,57,0,0,0,0
S01011026,25 to 34,81,49,24,25,32,31,1,0,0,0
S01011026,35 to 49,125,81,53,28,44,27,0,5,11,1
S01011026,50 to 64,117,86,81,5,31,3,0,8,16,4
S01011026,65 to 74,51,45,43,2,6,1,0,1,2,2
S01011026,75 to 84,6,2,2,0,4,1,0,0,0,3
S01011026,85 and over,1,1,0,1,0,0,0,0,0,0
S01011027,All people aged 16 and over in households,706,348,248,100,358,191,3,25,73,66
S01011027,16 to 24,108,20,2,18,88,87,0,1,0,0
S01011027,25 to 34,141,80,45,35,61,51,0,2,8,0
S01011027,35 to 49,179,112,75,37,67,33,1,12,21,0
S01011027,50 to 64,139,79,73,6,60,11,2,3,36,8
S01011027,65 to 74,59,30,28,2,29,3,0,5,4,17
S01011027,75 to 84,63,26,24,2,37,4,0,2,4,27
S01011027,85 and over,17,1,1,0,16,2,0,0,0,14
S01011028,All people aged 16 and over in households,739,368,240,128,371,198,6,29,62,76
S01011028,16 to 24,122,24,2,22,98,96,2,0,0,0
S01011028,25 to 34,134,64,21,43,70,61,1,4,4,0
S01011028,35 to 49,190,115,77,38,75,31,2,13,27,2
S01011028,50 to 64,132,77,56,21,55,7,1,12,24,11
S01011028,65 to 74,111,74,73,1,37,2,0,0,6,29
S01011028,75 to 84,46,13,10,3,33,1,0,0,1,31
S01011028,85 and over,4,1,1,0,3,0,0,0,0,3
S01011029,All people aged 16 and over in households,503,297,222,75,206,128,1,15,30,32
S01011029,16 to 24,82,13,0,13,69,69,0,0,0,0
S01011029,25 to 34,81,49,23,26,32,31,0,1,0,0
S01011029,35 to 49,129,94,69,25,35,17,1,7,10,0
S01011029,50 to 64,117,82,75,7,35,7,0,5,12,11
S01011029,65 to 74,59,35,34,1,24,3,0,2,6,13
S01011029,75 to 84,31,22,19,3,9,1,0,0,2,6
S01011029,85 and over,4,2,2,0,2,0,0,0,0,2
S01011030,All people aged 16 and over in households,798,536,444,92,262,178,5,21,36,22
S01011030,16 to 24,131,13,5,8,118,118,0,0,0,0
S01011030,25 to 34,100,67,33,34,33,28,2,2,1,0
S01011030,35 to 49,259,208,175,33,51,24,2,13,12,0
S01011030,50 to 64,197,160,149,11,37,8,0,4,20,5
S01011030,65 to 74,79,70,66,4,9,0,0,1,3,5
S01011030,75 to 84,27,16,14,2,11,0,0,1,0,10
S01011030,85 and over,5,2,2,0,3,0,1,0,0,2
S01011031,All people aged 16 and over in households,576,330,256,74,246,139,5,16,33,53
S01011031,16 to 24,73,11,1,10,62,62,0,0,0,0
S01011031,25 to 34,78,43,19,24,35,31,2,1,1,0
S01011031,35 to 49,151,101,77,24,50,31,1,6,12,0
S01011031,50 to 64,123,89,74,15,34,10,1,5,12,6
S01011031,65 to 74,90,69,68,1,21,2,0,2,4,13
S01011031,75 to 84,54,17,17,0,37,2,1,2,4,28
S01011031,85 and over,7,0,0,0,7,1,0,0,0,6
S01011032,All people aged 16 and over in households,648,322,270,52,326,194,3,10,57,62
S01011032,16 to 24,107,10,4,6,97,96,0,1,0,0
S01011032,25 to 34,88,41,24,17,47,45,0,0,2,0
S01011032,35 to 49,153,93,70,23,60,28,1,7,21,3
S01011032,50 to 64,166,114,110,4,52,12,0,2,26,12
S01011032,65 to 74,76,47,45,2,29,5,2,0,6,16
S01011032,75 to 84,44,15,15,0,29,7,0,0,2,20
S01011032,85 and over,14,2,2,0,12,1,0,0,0,11
S01011033,All people aged 16 and over in households,524,340,260,80,184,104,9,14,26,31
S01011033,16 to 24,60,3,0,3,57,57,0,0,0,0
S01011033,25 to 34,70,47,18,29,23,18,1,2,2,0
S01011033,35 to 49,172,138,102,36,34,19,0,7,8,0
S01011033,50 to 64,134,96,87,9,38,9,4,4,16,5
S01011033,65 to 74,44,29,27,2,15,1,2,1,0,11
S01011033,75 to 84,36,25,24,1,11,0,2,0,0,9
S01011033,85 and over,8,2,2,0,6,0,0,0,0,6
S01011034,All people aged 16 and over in households,558,316,248,68,242,104,1,15,46,76
S01011034,16 to 24,60,13,5,8,47,46,0,0,1,0
S01011034,25 to 34,56,48,26,22,8,6,0,2,0,0
S01011034,35 to 49,150,106,77,29,44,24,0,9,9,2
S01011034,50 to 64,125,76,72,4,49,13,0,3,23,10
S01011034,65 to 74,81,47,42,5,34,7,0,1,8,18
S01011034,75 to 84,63,21,21,0,42,4,0,0,5,33
S01011034,85 and over,23,5,5,0,18,4,1,0,0,13
S01011035,All people aged 16 and over in households,517,308,232,76,209,137,2,5,39,26
S01011035,16 to 24,93,16,2,14,77,76,1,0,0,0
S01011035,25 to 34,70,36,18,18,34,32,0,1,1,0
S01011035,35 to 49,140,114,89,25,26,14,0,3,8,1
S01011035,50 to 64,158,108,93,15,50,14,0,1,28,7
S01011035,65 to 74,25,17,15,2,8,1,0,0,1,6
S01011035,75 to 84,22,13,12,1,9,0,0,0,1,8
S01011035,85 and over,9,4,3,1,5,0,1,0,0,4
S01011036,All people aged 16 and over in households,541,344,276,68,197,104,2,16,40,35
S01011036,16 to 24,74,9,1,8,65,65,0,0,0,0
S01011036,25 to 34,70,54,28,26,16,13,0,3,0,0
S01011036,35 to 49,160,121,104,17,39,18,1,4,14,2
S01011036,50 to 64,143,99,84,15,44,5,1,9,22,7
S01011036,65 to 74,48,35,33,2,13,2,0,0,2,9
S01011036,75 to 84,40,22,22,0,18,1,0,0,2,15
S01011036,85 and over,6,4,4,0,2,0,0,0,0,2
S01011037,All people aged 16 and over in households,742,416,278,138,326,202,6,27,43,48
S01011037,16 to 24,129,30,5,25,99,99,0,0,0,0
S01011037,25 to 34,155,95,37,58,60,55,0,3,2,0
S01011037,35 to 49,183,123,91,32,60,26,1,15,18,0
S01011037,50 to 64,161,104,84,20,57,18,1,8,20,10
S01011037,65 to 74,57,40,38,2,17,2,1,0,1,13
S01011037,75 to 84,41,19,18,1,22,2,1,1,2,16
S01011037,85 and over,16,5,5,0,11,0,2,0,0,9
S01011038,All people aged 16 and over in households,663,346,246,100,317,183,6,22,52,54
S01011038,16 to 24,110,13,1,12,97,95,0,2,0,0
S01011038,25 to 34,107,60,24,36,47,44,0,2,1,0
S01011038,35 to 49,179,116,77,39,63,26,1,13,21,2
S01011038,50 to 64,169,118,105,13,51,10,3,5,26,7
S01011038,65 to 74,57,28,28,0,29,6,0,0,3,20
S01011038,75 to 84,28,10,10,0,18,2,2,0,1,13
S01011038,85 and over,13,1,1,0,12,0,0,0,0,12
S01011039,All people aged 16 and over in households,676,384,284,100,292,163,1,18,41,69
S01011039,16 to 24,91,28,5,23,63,63,0,0,0,0
S01011039,25 to 34,113,77,35,42,36,32,0,4,0,0
S01011039,35 to 49,170,109,83,26,61,42,0,9,9,1
S01011039,50 to 64,155,104,95,9,51,18,0,3,22,8
S01011039,65 to 74,69,40,40,0,29,4,1,2,8,14
S01011039,75 to 84,58,24,24,0,34,2,0,0,2,30
S01011039,85 and over,20,2,2,0,18,2,0,0,0,16
S01011040,All people aged 16 and over in households,562,312,238,74,250,166,4,8,38,34
S01011040,16 to 24,114,9,0,9,105,104,1,0,0,0
S01011040,25 to 34,74,37,23,14,37,33,0,1,2,1
S01011040,35 to 49,171,123,86,37,48,22,1,7,17,1
S01011040,50 to 64,109,87,77,10,22,4,2,0,13,3
S01011040,65 to 74,55,39,35,4,16,1,0,0,6,9
S01011040,75 to 84,29,15,15,0,14,1,0,0,0,13
S01011040,85 and over,10,2,2,0,8,1,0,0,0,7
S01011041,All people aged 16 and over in households,568,302,234,68,266,166,4,21,44,31
S01011041,16 to 24,110,13,2,11,97,97,0,0,0,0
S01011041,25 to 34,103,54,28,26,49,42,1,4,2,0
S01011041,35 to 49,152,101,82,19,51,16,1,12,20,2
S01011041,50 to 64,100,71,63,8,29,6,1,3,16,3
S01011041,65 to 74,50,36,33,3,14,3,0,1,2,8
S01011041,75 to 84,35,18,17,1,17,2,1,1,4,9
S01011041,85 and over,18,9,9,0,9,0,0,0,0,9
S01011042,All people aged 16 and over in households,640,456,344,112,184,123,5,21,19,16
S01011042,16 to 24,85,14,0,14,71,70,1,0,0,0
S01011042,25 to 34,94,68,28,40,26,22,1,2,0,1
S01011042,35 to 49,222,187,142,45,35,16,2,12,4,1
S01011042,50 to 64,152,124,111,13,28,10,1,7,9,1
S01011042,65 to 74,48,40,40,0,8,0,0,0,4,4
S01011042,75 to 84,32,20,20,0,12,4,0,0,2,6
S01011042,85 and over,7,3,3,0,4,1,0,0,0,3
S01011043,All people aged 16 and over in households,559,326,276,50,233,133,4,14,37,45
S01011043,16 to 24,68,4,0,4,64,64,0,0,0,0
S01011043,25 to 34,76,39,19,20,37,31,1,3,2,0
S01011043,35 to 49,153,112,97,15,41,22,0,6,12,1
S01011043,50 to 64,132,91,82,9,41,10,2,5,19,5
S01011043,65 to 74,73,49,47,2,24,2,0,0,4,18
S01011043,75 to 84,46,28,28,0,18,1,1,0,0,16
S01011043,85 and over,11,3,3,0,8,3,0,0,0,5
S01011044,All people aged 16 and over in households,568,294,224,70,274,184,2,25,34,29
S01011044,16 to 24,96,10,1,9,86,85,1,0,0,0
S01011044,25 to 34,77,33,14,19,44,39,1,4,0,0
S01011044,35 to 49,152,94,69,25,58,35,0,8,15,0
S01011044,50 to 64,139,97,83,14,42,12,0,12,12,6
S01011044,65 to 74,66,42,39,3,24,8,0,0,7,9
S01011044,75 to 84,25,13,13,0,12,4,0,1,0,7
S01011044,85 and over,13,5,5,0,8,1,0,0,0,7
S01011045,All people aged 16 and over in households,642,414,332,82,228,122,7,18,39,42
S01011045,16 to 24,68,13,3,10,55,55,0,0,0,0
S01011045,25 to 34,73,49,23,26,24,22,0,2,0,0
S01011045,35 to 49,171,121,96,25,50,19,3,10,18,0
S01011045,50 to 64,160,124,111,13,36,12,1,6,12,5
S01011045,65 to 74,108,79,72,7,29,7,3,0,4,15
S01011045,75 to 84,50,26,25,1,24,6,0,0,5,13
S01011045,85 and over,12,2,2,0,10,1,0,0,0,9
S01011046,All people aged 16 and over in households,717,488,440,48,229,138,7,16,31,37
S01011046,16 to 24,76,2,0,2,74,71,0,0,0,3
S01011046,25 to 34,59,30,26,4,29,28,0,1,0,0
S01011046,35 to 49,204,165,142,23,39,18,1,12,7,1
S01011046,50 to 64,230,192,179,13,38,11,4,3,16,4
S01011046,65 to 74,111,80,76,4,31,7,1,0,8,15
S01011046,75 to 84,31,18,16,2,13,2,1,0,0,10
S01011046,85 and over,6,1,1,0,5,1,0,0,0,4
S01011047,All people aged 16 and over in households,789,582,502,80,207,123,4,8,30,42
S01011047,16 to 24,77,6,1,5,71,71,0,0,0,0
S01011047,25 to 34,90,71,37,34,19,19,0,0,0,0
S01011047,35 to 49,203,169,142,27,34,16,1,5,11,1
S01011047,50 to 64,226,188,181,7,38,11,2,3,15,7
S01011047,65 to 74,128,102,98,4,26,4,1,0,4,17
S01011047,75 to 84,46,34,33,1,12,1,0,0,0,11
S01011047,85 and over,19,12,10,2,7,1,0,0,0,6
S01011048,All people aged 16 and over in households,796,496,408,88,300,152,4,14,51,79
S01011048,16 to 24,92,10,0,10,82,82,0,0,0,0
S01011048,25 to 34,81,53,31,22,28,24,0,2,2,0
S01011048,35 to 49,214,170,131,39,44,20,0,6,18,0
S01011048,50 to 64,182,134,122,12,48,14,0,5,22,7
S01011048,65 to 74,131,96,95,1,35,5,0,1,7,22
S01011048,75 to 84,72,30,28,2,42,5,0,0,2,35
S01011048,85 and over,24,3,1,2,21,2,4,0,0,15
S01011049,All people aged 16 and over in households,579,368,334,34,211,121,1,10,27,52
S01011049,16 to 24,53,8,2,6,45,45,0,0,0,0
S01011049,25 to 34,55,31,18,13,24,24,0,0,0,0
S01011049,35 to 49,150,108,101,7,42,22,0,5,14,1
S01011049,50 to 64,155,114,107,7,41,21,0,5,11,4
S01011049,65 to 74,98,73,72,1,25,4,1,0,0,20
S01011049,75 to 84,55,29,29,0,26,5,0,0,2,19
S01011049,85 and over,13,5,5,0,8,0,0,0,0,8
S01011050,All people aged 16 and over in households,649,450,384,66,199,121,2,9,33,34
S01011050,16 to 24,73,6,0,6,67,67,0,0,0,0
S01011050,25 to 34,60,38,18,20,22,20,1,0,1,0
S01011050,35 to 49,184,150,128,22,34,17,0,6,9,2
S01011050,50 to 64,184,147,136,11,37,12,1,2,17,5
S01011050,65 to 74,92,78,71,7,14,3,0,1,5,5
S01011050,75 to 84,42,25,25,0,17,2,0,0,1,14
S01011050,85 and over,14,6,6,0,8,0,0,0,0,8
S01011051,All people aged 16 and over in households,779,494,412,82,285,149,3,14,38,81
S01011051,16 to 24,72,2,0,2,70,70,0,0,0,0
S01011051,25 to 34,68,46,23,23,22,22,0,0,0,0
S01011051,35 to 49,225,176,142,34,49,27,1,6,13,2
S01011051,50 to 64,217,165,142,23,52,15,1,7,17,12
S01011051,65 to 74,104,71,71,0,33,7,1,1,4,20
S01011051,75 to 84,67,31,31,0,36,4,0,0,2,30
S01011051,85 and over,26,3,3,0,23,4,0,0,2,17
S01011052,All people aged 16 and over in households,668,438,374,64,230,105,7,12,46,60
S01011052,16 to 24,69,9,1,8,60,59,0,1,0,0
S01011052,25 to 34,71,47,28,19,24,20,0,2,2,0
S01011052,35 to 49,164,131,111,20,33,11,4,3,15,0
S01011052,50 to 64,146,111,100,11,35,7,1,5,16,6
S01011052,65 to 74,112,84,79,5,28,1,1,1,11,14
S01011052,75 to 84,82,48,47,1,34,3,1,0,2,28
S01011052,85 and over,24,8,8,0,16,4,0,0,0,12
S01011053,All people aged 16 and over in households,531,314,246,68,217,126,1,15,39,36
S01011053,16 to 24,62,11,0,11,51,50,0,0,0,1
S01011053,25 to 34,86,44,24,20,42,35,0,5,1,1
S01011053,35 to 49,124,74,57,17,50,26,0,7,15,2
S01011053,50 to 64,134,101,83,18,33,11,0,3,16,3
S01011053,65 to 74,68,52,50,2,16,3,0,0,4,9
S01011053,75 to 84,46,27,27,0,19,0,1,0,3,15
S01011053,85 and over,11,5,5,0,6,1,0,0,0,5
S01011054,All people aged 16 and over in households,442,296,242,54,146,73,1,15,19,38
S01011054,16 to 24,42,5,0,5,37,37,0,0,0,0
S01011054,25 to 34,45,28,11,17,17,14,0,2,1,0
S01011054,35 to 49,116,92,68,24,24,11,0,7,5,1
S01011054,50 to 64,128,103,96,7,25,6,1,6,7,5
S01011054,65 to 74,69,46,45,1,23,3,0,0,6,14
S01011054,75 to 84,32,20,20,0,12,1,0,0,0,11
S01011054,85 and over,10,2,2,0,8,1,0,0,0,7
S01011055,All people aged 16 and over in households,451,306,248,58,145,90,3,9,17,26
S01011055,16 to 24,51,3,0,3,48,48,0,0,0,0
S01011055,25 to 34,41,26,14,12,15,13,0,2,0,0
S01011055,35 to 49,138,117,88,29,21,14,0,1,6,0
S01011055,50 to 64,139,109,98,11,30,9,2,6,9,4
S01011055,65 to 74,57,41,38,3,16,3,0,0,2,11
S01011055,75 to 84,22,8,8,0,14,3,1,0,0,10
S01011055,85 and over,3,2,2,0,1,0,0,0,0,1
S01011056,All people aged 16 and over in households,555,400,324,76,155,93,3,12,26,21
S01011056,16 to 24,61,5,0,5,56,55,1,0,0,0
S01011056,25 to 34,64,47,24,23,17,14,1,1,1,0
S01011056,35 to 49,164,142,115,27,22,10,0,6,4,2
S01011056,50 to 64,147,123,102,21,24,4,1,5,10,4
S01011056,65 to 74,65,48,48,0,17,3,0,0,9,5
S01011056,75 to 84,44,30,30,0,14,7,0,0,2,5
S01011056,85 and over,10,5,5,0,5,0,0,0,0,5
S01011057,All people aged 16 and over in households,475,302,234,68,173,107,2,8,26,30
S01011057,16 to 24,56,6,1,5,50,50,0,0,0,0
S01011057,25 to 34,54,36,17,19,18,17,0,1,0,0
S01011057,35 to 49,126,89,63,26,37,22,0,5,8,2
S01011057,50 to 64,137,111,97,14,26,8,2,1,11,4
S01011057,65 to 74,66,46,43,3,20,6,0,1,6,7
S01011057,75 to 84,31,13,12,1,18,3,0,0,1,14
S01011057,85 and over,5,1,1,0,4,1,0,0,0,3
S01011058,All people aged 16 and over in households,523,368,320,48,155,89,1,16,19,30
S01011058,16 to 24,55,5,2,3,50,50,0,0,0,0
S01011058,25 to 34,52,34,19,15,18,16,0,2,0,0
S01011058,35 to 49,152,129,109,20,23,14,0,3,6,0
S01011058,50 to 64,168,138,128,10,30,3,0,10,10,7
S01011058,65 to 74,60,47,47,0,13,2,0,1,3,7
S01011058,75 to 84,26,13,13,0,13,2,1,0,0,10
S01011058,85 and over,10,2,2,0,8,2,0,0,0,6
S01011059,All people aged 16 and over in households,510,364,302,62,146,96,3,11,12,24
S01011059,16 to 24,60,10,7,3,50,50,0,0,0,0
S01011059,25 to 34,47,36,19,17,11,11,0,0,0,0
S01011059,35 to 49,136,120,94,26,16,9,1,3,2,1
S01011059,50 to 64,177,140,124,16,37,20,1,5,6,5
S01011059,65 to 74,56,41,41,0,15,4,0,3,3,5
S01011059,75 to 84,27,14,14,0,13,2,0,0,1,10
S01011059,85 and over,7,3,3,0,4,0,1,0,0,3
S01011060,All people aged 16 and over in households,706,434,370,64,272,132,3,15,34,88
S01011060,16 to 24,75,14,4,10,61,60,0,1,0,0
S01011060,25 to 34,64,36,14,22,28,27,0,1,0,0
S01011060,35 to 49,163,126,102,24,37,22,0,4,10,1
S01011060,50 to 64,178,133,126,7,45,10,0,8,19,8
S01011060,65 to 74,102,61,61,0,41,9,2,0,4,26
S01011060,75 to 84,94,58,57,1,36,3,0,1,1,31
S01011060,85 and over,30,6,6,0,24,1,1,0,0,22
S01011061,All people aged 16 and over in households,697,390,272,118,307,168,5,13,60,61
S01011061,16 to 24,93,22,0,22,71,71,0,0,0,0
S01011061,25 to 34,95,49,20,29,46,43,1,1,1,0
S01011061,35 to 49,193,134,91,43,59,27,4,5,23,0
S01011061,50 to 64,159,106,91,15,53,12,0,6,28,7
S01011061,65 to 74,77,49,43,6,28,9,0,1,6,12
S01011061,75 to 84,63,28,25,3,35,5,0,0,1,29
S01011061,85 and over,17,2,2,0,15,1,0,0,1,13
S01011062,All people aged 16 and over in households,754,432,360,72,322,170,4,20,61,67
S01011062,16 to 24,106,9,0,9,97,97,0,0,0,0
S01011062,25 to 34,70,39,15,24,31,29,0,1,1,0
S01011062,35 to 49,221,170,143,27,51,23,2,7,16,3
S01011062,50 to 64,191,128,121,7,63,12,2,12,32,5
S01011062,65 to 74,71,53,48,5,18,4,0,0,6,8
S01011062,75 to 84,79,30,30,0,49,5,0,0,6,38
S01011062,85 and over,16,3,3,0,13,0,0,0,0,13
S01011063,All people aged 16 and over in households,855,480,382,98,375,207,2,17,61,88
S01011063,16 to 24,108,8,3,5,100,100,0,0,0,0
S01011063,25 to 34,117,66,38,28,51,46,1,1,3,0
S01011063,35 to 49,191,135,103,32,56,26,0,9,20,1
S01011063,50 to 64,200,136,116,20,64,21,0,6,26,11
S01011063,65 to 74,120,82,73,9,38,6,0,1,7,24
S01011063,75 to 84,100,46,43,3,54,7,1,0,5,41
S01011063,85 and over,19,7,6,1,12,1,0,0,0,11
S01011064,All people aged 16 and over in households,856,542,456,86,314,152,7,17,49,89
S01011064,16 to 24,94,21,4,17,73,73,0,0,0,0
S01011064,25 to 34,102,69,38,31,33,29,0,2,2,0
S01011064,35 to 49,187,132,110,22,55,25,2,8,18,2
S01011064,50 to 64,236,184,171,13,52,12,2,5,23,10
S01011064,65 to 74,127,86,85,1,41,7,1,2,4,27
S01011064,75 to 84,83,44,42,2,39,5,0,0,2,32
S01011064,85 and over,27,6,6,0,21,1,2,0,0,18
S01011065,All people aged 16 and over in households,569,378,316,62,191,114,11,12,24,30
S01011065,16 to 24,59,4,0,4,55,55,0,0,0,0
S01011065,25 to 34,55,25,16,9,30,27,3,0,0,0
S01011065,35 to 49,160,129,101,28,31,15,3,7,6,0
S01011065,50 to 64,167,134,114,20,33,8,4,3,15,3
S01011065,65 to 74,77,61,60,1,16,3,0,2,2,9
S01011065,75 to 84,42,24,24,0,18,3,1,0,1,13
S01011065,85 and over,9,1,1,0,8,3,0,0,0,5
S01011066,All people aged 16 and over in households,422,268,220,48,154,75,3,11,20,45
S01011066,16 to 24,30,2,0,2,28,28,0,0,0,0
S01011066,25 to 34,54,35,20,15,19,15,0,4,0,0
S01011066,35 to 49,90,67,41,26,23,13,0,5,5,0
S01011066,50 to 64,117,95,90,5,22,4,1,2,12,3
S01011066,65 to 74,78,50,50,0,28,8,0,0,2,18
S01011066,75 to 84,32,14,14,0,18,6,1,0,1,10
S01011066,85 and over,21,5,5,0,16,1,1,0,0,14
S01011067,All people aged 16 and over in households,474,280,234,46,194,88,5,11,39,51
S01011067,16 to 24,50,12,3,9,38,38,0,0,0,0
S01011067,25 to 34,49,35,19,16,14,11,0,3,0,0
S01011067,35 to 49,94,70,59,11,24,12,1,3,8,0
S01011067,50 to 64,116,79,73,6,37,8,2,4,18,5
S01011067,65 to 74,81,54,50,4,27,10,0,1,8,8
S01011067,75 to 84,58,22,22,0,36,5,2,0,4,25
S01011067,85 and over,26,8,8,0,18,4,0,0,1,13
S01011068,All people aged 16 and over in households,419,266,222,44,153,88,3,10,24,28
S01011068,16 to 24,46,8,1,7,38,38,0,0,0,0
S01011068,25 to 34,45,25,17,8,20,16,0,3,1,0
S01011068,35 to 49,119,93,73,20,26,12,1,7,6,0
S01011068,50 to 64,105,82,73,9,23,10,0,0,8,5
S01011068,65 to 74,72,47,47,0,25,6,2,0,7,10
S01011068,75 to 84,29,11,11,0,18,6,0,0,2,10
S01011068,85 and over,3,0,0,0,3,0,0,0,0,3
S01011069,All people aged 16 and over in households,467,271,232,39,196,105,6,18,28,39
S01011069,16 to 24,51,5,2,3,46,46,0,0,0,0
S01011069,25 to 34,38,16,12,4,22,22,0,0,0,0
S01011069,35 to 49,142,106,84,22,36,14,2,8,11,1
S01011069,50 to 64,110,76,70,6,34,12,1,5,12,4
S01011069,65 to 74,77,40,36,4,37,7,2,5,5,18
S01011069,75 to 84,35,23,23,0,12,2,1,0,0,9
S01011069,85 and over,14,5,5,0,9,2,0,0,0,7
S01011070,All people aged 16 and over in households,504,342,308,34,162,93,3,12,18,36
S01011070,16 to 24,47,10,4,6,37,37,0,0,0,0
S01011070,25 to 34,73,46,33,13,27,25,0,0,2,0
S01011070,35 to 49,110,87,81,6,23,13,0,6,2,2
S01011070,50 to 64,154,131,123,8,23,7,1,3,11,1
S01011070,65 to 74,67,45,44,1,22,6,0,3,2,11
S01011070,75 to 84,38,19,19,0,19,4,2,0,0,13
S01011070,85 and over,15,4,4,0,11,1,0,0,1,9
S01011071,All people aged 16 and over in households,726,465,433,32,261,169,7,11,26,48
S01011071,16 to 24,94,10,1,9,84,82,0,2,0,0
S01011071,25 to 34,69,30,25,5,39,34,1,4,0,0
S01011071,35 to 49,149,118,107,11,31,23,1,2,5,0
S01011071,50 to 64,212,181,174,7,31,10,2,3,12,4
S01011071,65 to 74,113,88,88,0,25,10,2,0,4,9
S01011071,75 to 84,65,34,34,0,31,2,1,0,4,24
S01011071,85 and over,24,4,4,0,20,8,0,0,1,11
S01011072,All people aged 16 and over in households,801,552,452,100,249,147,2,21,36,43
S01011072,16 to 24,105,22,4,18,83,83,0,0,0,0
S01011072,25 to 34,109,77,53,24,32,26,0,6,0,0
S01011072,35 to 49,214,171,142,29,43,16,0,13,13,1
S01011072,50 to 64,227,190,164,26,37,11,0,2,15,9
S01011072,65 to 74,85,61,58,3,24,5,0,0,5,14
S01011072,75 to 84,49,27,27,0,22,4,2,0,3,13
S01011072,85 and over,12,4,4,0,8,2,0,0,0,6
S01011073,All people aged 16 and over in households,579,374,332,42,205,122,5,15,34,29
S01011073,16 to 24,91,12,0,12,79,78,0,1,0,0
S01011073,25 to 34,55,36,30,6,19,14,0,3,2,0
S01011073,35 to 49,158,130,112,18,28,11,1,5,11,0
S01011073,50 to 64,148,113,109,4,35,10,1,5,13,6
S01011073,65 to 74,67,49,47,2,18,3,3,1,2,9
S01011073,75 to 84,45,23,23,0,22,4,0,0,6,12
S01011073,85 and over,15,11,11,0,4,2,0,0,0,2
S01011074,All people aged 16 and over in households,509,320,260,60,189,97,6,7,28,51
S01011074,16 to 24,62,17,2,15,45,45,0,0,0,0
S01011074,25 to 34,64,37,19,18,27,24,0,2,1,0
S01011074,35 to 49,140,95,81,14,45,23,4,5,11,2
S01011074,50 to 64,129,106,95,11,23,3,1,0,10,9
S01011074,65 to 74,61,45,44,1,16,2,0,0,3,11
S01011074,75 to 84,37,17,16,1,20,0,1,0,3,16
S01011074,85 and over,16,3,3,0,13,0,0,0,0,13
S01011075,All people aged 16 and over in households,566,326,252,74,240,142,1,11,35,51
S01011075,16 to 24,68,17,7,10,51,51,0,0,0,0
S01011075,25 to 34,87,50,23,27,37,34,0,1,2,0
S01011075,35 to 49,155,102,78,24,53,35,0,8,8,2
S01011075,50 to 64,124,83,70,13,41,10,0,2,20,9
S01011075,65 to 74,69,44,44,0,25,6,1,0,3,15
S01011075,75 to 84,53,27,27,0,26,6,0,0,1,19
S01011075,85 and over,10,3,3,0,7,0,0,0,1,6
S01011076,All people aged 16 and over in households,603,340,274,66,263,137,2,11,44,69
S01011076,16 to 24,65,12,3,9,53,53,0,0,0,0
S01011076,25 to 34,90,53,30,23,37,36,0,1,0,0
S01011076,35 to 49,159,118,97,21,41,22,0,6,12,1
S01011076,50 to 64,128,91,79,12,37,12,1,2,16,6
S01011076,65 to 74,73,35,34,1,38,8,0,2,13,15
S01011076,75 to 84,68,28,28,0,40,4,1,0,3,32
S01011076,85 and over,20,3,3,0,17,2,0,0,0,15
S01011077,All people aged 16 and over in households,586,310,234,76,276,158,3,26,49,40
S01011077,16 to 24,98,20,1,19,78,77,1,0,0,0
S01011077,25 to 34,95,46,21,25,49,42,2,4,1,0
S01011077,35 to 49,130,83,61,22,47,24,0,9,13,1
S01011077,50 to 64,114,71,65,6,43,7,0,7,22,7
S01011077,65 to 74,100,63,59,4,37,6,0,2,13,16
S01011077,75 to 84,48,26,26,0,22,2,0,4,0,16
S01011077,85 and over,1,1,1,0,0,0,0,0,0,0
S01011078,All people aged 16 and over in households,896,602,540,62,294,170,7,15,36,66
S01011078,16 to 24,116,15,5,10,101,99,1,0,0,1
S01011078,25 to 34,88,61,41,20,27,27,0,0,0,0
S01011078,35 to 49,256,207,185,22,49,24,2,8,14,1
S01011078,50 to 64,189,150,142,8,39,10,3,5,16,5
S01011078,65 to 74,136,107,105,2,29,8,1,1,5,14
S01011078,75 to 84,94,56,56,0,38,2,0,1,1,34
S01011078,85 and over,17,6,6,0,11,0,0,0,0,11
S01011079,All people aged 16 and over in households,880,532,446,86,348,205,8,16,38,81
S01011079,16 to 24,101,21,4,17,80,80,0,0,0,0
S01011079,25 to 34,160,97,59,38,63,61,0,2,0,0
S01011079,35 to 49,225,165,144,21,60,35,4,7,13,1
S01011079,50 to 64,197,143,133,10,54,17,1,5,19,12
S01011079,65 to 74,91,63,63,0,28,3,1,1,3,20
S01011079,75 to 84,81,40,40,0,41,5,2,1,3,30
S01011079,85 and over,25,3,3,0,22,4,0,0,0,18
S01011080,All people aged 16 and over in households,830,496,404,92,334,190,7,15,48,74
S01011080,16 to 24,97,14,0,14,83,83,0,0,0,0
S01011080,25 to 34,103,57,28,29,46,44,0,0,2,0
S01011080,35 to 49,190,133,105,28,57,38,1,8,9,1
S01011080,50 to 64,213,157,139,18,56,14,2,7,25,8
S01011080,65 to 74,123,85,82,3,38,5,2,0,8,23
S01011080,75 to 84,87,43,43,0,44,5,1,0,4,34
S01011080,85 and over,17,7,7,0,10,1,1,0,0,8
S01011081,All people aged 16 and over in households,662,392,304,88,270,152,2,21,46,49
S01011081,16 to 24,106,16,1,15,90,90,0,0,0,0
S01011081,25 to 34,96,65,33,32,31,27,0,4,0,0
S01011081,35 to 49,178,123,95,28,55,24,2,10,16,3
S01011081,50 to 64,134,91,80,11,43,8,0,6,24,5
S01011081,65 to 74,84,63,61,2,21,2,0,1,5,13
S01011081,75 to 84,53,30,30,0,23,1,0,0,1,21
S01011081,85 and over,11,4,4,0,7,0,0,0,0,7
S01011082,All people aged 16 and over in households,442,204,164,40,238,103,4,12,38,81
S01011082,16 to 24,53,5,1,4,48,48,0,0,0,0
S01011082,25 to 34,51,27,18,9,24,19,2,2,1,0
S01011082,35 to 49,61,47,31,16,14,7,1,3,1,2
S01011082,50 to 64,129,81,73,8,48,15,0,5,22,6
S01011082,65 to 74,39,13,11,2,26,2,0,1,6,17
S01011082,75 to 84,90,30,29,1,60,10,1,1,8,40
S01011082,85 and over,19,1,1,0,18,2,0,0,0,16
S01011083,All people aged 16 and over in households,648,412,342,70,236,128,5,19,35,49
S01011083,16 to 24,57,4,1,3,53,53,0,0,0,0
S01011083,25 to 34,73,45,23,22,28,25,0,2,1,0
S01011083,35 to 49,157,104,79,25,53,29,3,8,13,0
S01011083,50 to 64,183,153,137,16,30,9,2,4,11,4
S01011083,65 to 74,100,72,69,3,28,4,0,5,7,12
S01011083,75 to 84,68,31,31,0,37,6,0,0,2,29
S01011083,85 and over,10,3,2,1,7,2,0,0,1,4
S01011084,All people aged 16 and over in households,654,444,394,50,210,121,0,20,20,49
S01011084,16 to 24,66,3,1,2,63,63,0,0,0,0
S01011084,25 to 34,55,31,14,17,24,23,0,1,0,0
S01011084,35 to 49,165,134,117,17,31,18,0,8,4,1
S01011084,50 to 64,203,164,151,13,39,7,0,10,14,8
S01011084,65 to 74,102,82,81,1,20,5,0,1,1,13
S01011084,75 to 84,47,26,26,0,21,4,0,0,1,16
S01011084,85 and over,16,4,4,0,12,1,0,0,0,11
S01011085,All people aged 16 and over in households,743,528,466,62,215,114,8,10,34,49
S01011085,16 to 24,72,5,0,5,67,67,0,0,0,0
S01011085,25 to 34,58,45,24,21,13,12,0,0,1,0
S01011085,35 to 49,198,162,133,29,36,14,3,6,13,0
S01011085,50 to 64,228,191,186,5,37,10,2,3,14,8
S01011085,65 to 74,118,99,99,0,19,3,1,1,4,10
S01011085,75 to 84,49,22,20,2,27,7,2,0,2,16
S01011085,85 and over,20,4,4,0,16,1,0,0,0,15
S01011086,All people aged 16 and over in households,546,380,334,46,166,95,2,4,22,43
S01011086,16 to 24,65,9,0,9,56,56,0,0,0,0
S01011086,25 to 34,40,20,8,12,20,20,0,0,0,0
S01011086,35 to 49,133,118,99,19,15,6,1,2,5,1
S01011086,50 to 64,155,135,129,6,20,6,0,2,9,3
S01011086,65 to 74,82,65,65,0,17,4,0,0,5,8
S01011086,75 to 84,49,26,26,0,23,1,1,0,1,20
S01011086,85 and over,22,7,7,0,15,2,0,0,2,11
S01011087,All people aged 16 and over in households,479,302,250,52,177,95,1,13,45,23
S01011087,16 to 24,47,4,2,2,43,42,0,0,1,0
S01011087,25 to 34,65,41,21,20,24,21,0,2,1,0
S01011087,35 to 49,136,91,75,16,45,20,0,7,17,1
S01011087,50 to 64,108,76,67,9,32,6,0,3,17,6
S01011087,65 to 74,73,57,54,3,16,2,0,0,8,6
S01011087,75 to 84,42,28,26,2,14,3,1,1,1,8
S01011087,85 and over,8,5,5,0,3,1,0,0,0,2
S01011088,All people aged 16 and over in households,801,462,388,74,339,165,3,34,54,83
S01011088,16 to 24,88,11,1,10,77,77,0,0,0,0
S01011088,25 to 34,90,54,25,29,36,32,0,3,1,0
S01011088,35 to 49,201,144,130,14,57,24,1,14,17,1
S01011088,50 to 64,219,153,145,8,66,16,1,16,24,9
S01011088,65 to 74,97,63,54,9,34,8,0,1,7,18
S01011088,75 to 84,79,32,28,4,47,5,1,0,3,38
S01011088,85 and over,27,5,5,0,22,3,0,0,2,17
S01011089,All people aged 16 and over in households,537,332,276,56,205,104,0,13,38,50
S01011089,16 to 24,60,10,2,8,50,49,0,1,0,0
S01011089,25 to 34,68,41,20,21,27,25,0,2,0,0
S01011089,35 to 49,102,72,58,14,30,13,0,4,12,1
S01011089,50 to 64,151,109,106,3,42,13,0,4,15,10
S01011089,65 to 74,76,55,47,8,21,2,0,1,8,10
S01011089,75 to 84,57,36,35,1,21,0,0,1,3,17
S01011089,85 and over,23,9,8,1,14,2,0,0,0,12
S01011090,All people aged 16 and over in households,610,436,380,56,174,104,6,15,20,29
S01011090,16 to 24,57,8,0,8,49,49,0,0,0,0
S01011090,25 to 34,58,42,27,15,16,16,0,0,0,0
S01011090,35 to 49,161,127,109,18,34,19,1,6,7,1
S01011090,50 to 64,179,153,141,12,26,9,1,5,7,4
S01011090,65 to 74,91,71,69,2,20,4,1,1,6,8
S01011090,75 to 84,52,31,30,1,21,7,3,1,0,10
S01011090,85 and over,12,4,4,0,8,0,0,2,0,6
S01011091,All people aged 16 and over in households,526,388,340,48,138,79,2,11,23,23
S01011091,16 to 24,40,2,0,2,38,38,0,0,0,0
S01011091,25 to 34,50,31,22,9,19,19,0,0,0,0
S01011091,35 to 49,149,119,101,18,30,12,0,8,10,0
S01011091,50 to 64,186,162,147,15,24,8,0,3,10,3
S01011091,65 to 74,66,47,43,4,19,1,1,0,2,15
S01011091,75 to 84,26,21,21,0,5,0,0,0,1,4
S01011091,85 and over,9,6,6,0,3,1,1,0,0,1
S01011092,All people aged 16 and over in households,320,172,110,62,148,109,2,11,19,7
S01011092,16 to 24,62,11,3,8,51,50,1,0,0,0
S01011092,25 to 34,79,43,17,26,36,34,0,1,1,0
S01011092,35 to 49,105,63,43,20,42,22,0,6,12,2
S01011092,50 to 64,52,38,32,6,14,2,1,3,6,2
S01011092,65 to 74,18,15,13,2,3,1,0,0,0,2
S01011092,75 to 84,4,2,2,0,2,0,0,1,0,1
S01011092,85 and over,0,0,0,0,0,0,0,0,0,0
S01011093,All people aged 16 and over in households,502,388,336,52,114,72,4,5,13,20
S01011093,16 to 24,52,4,0,4,48,48,0,0,0,0
S01011093,25 to 34,43,27,19,8,16,12,2,2,0,0
S01011093,35 to 49,168,151,127,24,17,9,2,1,5,0
S01011093,50 to 64,137,125,111,14,12,2,0,0,7,3
S01011093,65 to 74,75,65,63,2,10,1,0,2,1,6
S01011093,75 to 84,21,14,14,0,7,0,0,0,0,7
S01011093,85 and over,6,2,2,0,4,0,0,0,0,4
S01011094,All people aged 16 and over in households,387,288,244,44,99,49,2,8,22,18
S01011094,16 to 24,35,2,0,2,33,33,0,0,0,0
S01011094,25 to 34,41,30,18,12,11,10,0,1,0,0
S01011094,35 to 49,134,115,95,20,19,5,1,3,7,3
S01011094,50 to 64,116,98,91,7,18,0,1,3,10,4
S01011094,65 to 74,34,31,28,3,3,1,0,0,1,1
S01011094,75 to 84,23,12,12,0,11,0,0,1,4,6
S01011094,85 and over,4,0,0,0,4,0,0,0,0,4
S01011095,All people aged 16 and over in households,648,468,408,60,180,112,5,8,21,34
S01011095,16 to 24,79,3,0,3,76,76,0,0,0,0
S01011095,25 to 34,31,22,12,10,9,9,0,0,0,0
S01011095,35 to 49,210,177,145,32,33,15,2,8,7,1
S01011095,50 to 64,205,184,174,10,21,7,1,0,9,4
S01011095,65 to 74,70,55,51,4,15,2,2,0,4,7
S01011095,75 to 84,40,21,20,1,19,2,0,0,1,16
S01011095,85 and over,13,6,6,0,7,1,0,0,0,6
S01011096,All people aged 16 and over in households,453,288,224,64,165,98,6,15,26,20
S01011096,16 to 24,75,11,1,10,64,64,0,0,0,0
S01011096,25 to 34,59,48,26,22,11,9,1,1,0,0
S01011096,35 to 49,150,117,95,22,33,11,1,10,11,0
S01011096,50 to 64,100,74,67,7,26,6,0,4,13,3
S01011096,65 to 74,45,30,27,3,15,7,1,0,1,6
S01011096,75 to 84,16,8,8,0,8,1,1,0,1,5
S01011096,85 and over,8,0,0,0,8,0,2,0,0,6
S01011097,All people aged 16 and over in households,559,410,346,64,149,81,2,12,28,26
S01011097,16 to 24,52,2,2,0,50,50,0,0,0,0
S01011097,25 to 34,52,34,16,18,18,14,2,2,0,0
S01011097,35 to 49,180,154,126,28,26,10,0,7,9,0
S01011097,50 to 64,182,151,139,12,31,5,0,3,16,7
S01011097,65 to 74,52,44,42,2,8,1,0,0,3,4
S01011097,75 to 84,37,25,21,4,12,1,0,0,0,11
S01011097,85 and over,4,0,0,0,4,0,0,0,0,4
S01011098,All people aged 16 and over in households,635,438,326,112,197,104,2,9,37,45
S01011098,16 to 24,75,17,3,14,58,57,0,1,0,0
S01011098,25 to 34,103,81,38,43,22,19,0,1,2,0
S01011098,35 to 49,160,127,95,32,33,15,1,4,12,1
S01011098,50 to 64,156,122,107,15,34,6,0,3,17,8
S01011098,65 to 74,83,64,57,7,19,7,1,0,5,6
S01011098,75 to 84,40,23,22,1,17,0,0,0,1,16
S01011098,85 and over,18,4,4,0,14,0,0,0,0,14
S01011099,All people aged 16 and over in households,651,354,260,94,297,195,4,22,52,24
S01011099,16 to 24,113,25,2,23,88,86,0,0,2,0
S01011099,25 to 34,106,57,25,32,49,45,0,2,2,0
S01011099,35 to 49,180,94,71,23,86,49,2,14,18,3
S01011099,50 to 64,173,133,119,14,40,9,0,5,22,4
S01011099,65 to 74,55,34,32,2,21,4,2,0,6,9
S01011099,75 to 84,20,10,10,0,10,1,0,1,2,6
S01011099,85 and over,4,1,1,0,3,1,0,0,0,2
S01011100,All people aged 16 and over in households,392,240,204,36,152,83,1,13,15,40
S01011100,16 to 24,39,4,0,4,35,35,0,0,0,0
S01011100,25 to 34,45,28,13,15,17,15,0,2,0,0
S01011100,35 to 49,81,55,44,11,26,12,1,8,4,1
S01011100,50 to 64,103,75,72,3,28,13,0,2,9,4
S01011100,65 to 74,53,43,41,2,10,3,0,1,1,5
S01011100,75 to 84,60,31,30,1,29,4,0,0,1,24
S01011100,85 and over,11,4,4,0,7,1,0,0,0,6
S01011101,All people aged 16 and over in households,482,260,194,66,222,134,1,19,37,31
S01011101,16 to 24,82,8,1,7,74,72,0,2,0,0
S01011101,25 to 34,77,40,18,22,37,34,0,2,1,0
S01011101,35 to 49,137,91,63,28,46,22,0,9,15,0
S01011101,50 to 64,103,77,69,8,26,5,1,6,11,3
S01011101,65 to 74,60,34,33,1,26,1,0,0,8,17
S01011101,75 to 84,21,10,10,0,11,0,0,0,2,9
S01011101,85 and over,2,0,0,0,2,0,0,0,0,2
S01011102,All people aged 16 and over in households,534,264,144,120,270,152,3,25,61,29
S01011102,16 to 24,81,29,3,26,52,52,0,0,0,0
S01011102,25 to 34,107,53,14,39,54,48,0,4,2,0
S01011102,35 to 49,131,61,39,22,70,32,0,13,24,1
S01011102,50 to 64,115,63,38,25,52,15,3,6,26,2
S01011102,65 to 74,69,46,39,7,23,3,0,2,7,11
S01011102,75 to 84,25,12,11,1,13,2,0,0,2,9
S01011102,85 and over,6,0,0,0,6,0,0,0,0,6
S01011103,All people aged 16 and over in households,497,228,140,88,269,154,1,17,51,46
S01011103,16 to 24,71,25,0,25,46,45,1,0,0,0
S01011103,25 to 34,101,50,14,36,51,45,0,3,3,0
S01011103,35 to 49,93,55,40,15,38,26,0,3,9,0
S01011103,50 to 64,114,55,43,12,59,23,0,6,22,8
S01011103,65 to 74,56,28,28,0,28,7,0,4,9,8
S01011103,75 to 84,45,13,13,0,32,4,0,1,8,19
S01011103,85 and over,17,2,2,0,15,4,0,0,0,11
S01011104,All people aged 16 and over in households,507,280,226,54,227,123,1,15,37,51
S01011104,16 to 24,57,7,0,7,50,50,0,0,0,0
S01011104,25 to 34,63,30,15,15,33,32,0,0,1,0
S01011104,35 to 49,115,83,62,21,32,21,0,7,4,0
S01011104,50 to 64,119,74,70,4,45,13,0,7,15,10
S01011104,65 to 74,87,54,50,4,33,5,1,0,13,14
S01011104,75 to 84,57,27,24,3,30,1,0,1,4,24
S01011104,85 and over,9,5,5,0,4,1,0,0,0,3
S01011105,All people aged 16 and over in households,679,396,268,128,283,162,7,14,55,45
S01011105,16 to 24,90,34,10,24,56,56,0,0,0,0
S01011105,25 to 34,151,91,43,48,60,53,2,2,3,0
S01011105,35 to 49,128,72,44,28,56,30,1,6,19,0
S01011105,50 to 64,144,91,71,20,53,14,2,6,22,9
S01011105,65 to 74,97,76,69,7,21,5,0,0,6,10
S01011105,75 to 84,58,31,30,1,27,4,2,0,5,16
S01011105,85 and over,11,1,1,0,10,0,0,0,0,10
S01011106,All people aged 16 and over in households,644,474,370,104,170,103,5,29,18,15
S01011106,16 to 24,104,52,25,27,52,52,0,0,0,0
S01011106,25 to 34,264,218,165,53,46,27,3,11,5,0
S01011106,35 to 49,182,137,119,18,45,20,1,15,7,2
S01011106,50 to 64,56,45,39,6,11,3,0,3,3,2
S01011106,65 to 74,31,18,18,0,13,1,0,0,3,9
S01011106,75 to 84,6,4,4,0,2,0,1,0,0,1
S01011106,85 and over,1,0,0,0,1,0,0,0,0,1
S01011107,All people aged 16 and over in households,636,430,278,152,206,147,3,15,34,7
S01011107,16 to 24,119,32,2,30,87,87,0,0,0,0
S01011107,25 to 34,191,148,75,73,43,36,1,2,4,0
S01011107,35 to 49,242,190,148,42,52,22,2,10,18,0
S01011107,50 to 64,69,54,47,7,15,1,0,3,10,1
S01011107,65 to 74,12,6,6,0,6,1,0,0,2,3
S01011107,75 to 84,3,0,0,0,3,0,0,0,0,3
S01011107,85 and over,0,0,0,0,0,0,0,0,0,0
S01011108,All people aged 16 and over in households,445,250,202,48,195,115,2,13,34,31
S01011108,16 to 24,85,8,5,3,77,77,0,0,0,0
S01011108,25 to 34,54,30,24,6,24,22,0,1,1,0
S01011108,35 to 49,141,104,82,22,37,10,1,8,15,3
S01011108,50 to 64,97,76,62,14,21,4,0,3,12,2
S01011108,65 to 74,39,22,19,3,17,2,0,1,5,9
S01011108,75 to 84,18,7,7,0,11,0,1,0,1,9
S01011108,85 and over,11,3,3,0,8,0,0,0,0,8
S01011109,All people aged 16 and over in households,690,454,356,98,236,128,3,20,39,46
S01011109,16 to 24,77,21,5,16,56,56,0,0,0,0
S01011109,25 to 34,95,62,30,32,33,30,0,2,1,0
S01011109,35 to 49,169,120,88,32,49,25,0,11,11,2
S01011109,50 to 64,174,141,125,16,33,9,2,5,13,4
S01011109,65 to 74,104,75,73,2,29,3,0,0,12,14
S01011109,75 to 84,57,31,31,0,26,4,1,2,2,17
S01011109,85 and over,14,4,4,0,10,1,0,0,0,9
S01011110,All people aged 16 and over in households,568,330,256,74,238,148,6,11,40,33
S01011110,16 to 24,80,9,0,9,71,71,0,0,0,0
S01011110,25 to 34,109,72,40,32,37,34,0,2,1,0
S01011110,35 to 49,151,108,85,23,43,25,1,2,13,2
S01011110,50 to 64,153,93,83,10,60,17,4,5,24,10
S01011110,65 to 74,46,34,34,0,12,1,1,2,2,6
S01011110,75 to 84,22,12,12,0,10,0,0,0,0,10
S01011110,85 and over,7,2,2,0,5,0,0,0,0,5
S01011111,All people aged 16 and over in households,699,356,256,100,343,197,4,18,81,43
S01011111,16 to 24,99,24,1,23,75,75,0,0,0,0
S01011111,25 to 34,114,54,27,27,60,52,1,2,5,0
S01011111,35 to 49,199,109,80,29,90,45,3,13,28,1
S01011111,50 to 64,174,116,100,16,58,17,0,2,34,5
S01011111,65 to 74,62,36,33,3,26,4,0,0,11,11
S01011111,75 to 84,41,14,12,2,27,3,0,1,3,20
S01011111,85 and over,10,3,3,0,7,1,0,0,0,6
S01011112,All people aged 16 and over in households,648,454,336,118,194,122,5,14,28,25
S01011112,16 to 24,85,22,1,21,63,63,0,0,0,0
S01011112,25 to 34,166,128,76,52,38,33,2,3,0,0
S01011112,35 to 49,254,210,175,35,44,21,1,9,11,2
S01011112,50 to 64,95,64,57,7,31,4,0,2,17,8
S01011112,65 to 74,24,18,15,3,6,1,1,0,0,4
S01011112,75 to 84,14,8,8,0,6,0,0,0,0,6
S01011112,85 and over,10,4,4,0,6,0,1,0,0,5
S01011113,All people aged 16 and over in households,821,484,428,56,337,191,2,14,43,87
S01011113,16 to 24,96,13,3,10,83,82,0,0,1,0
S01011113,25 to 34,86,46,30,16,40,36,0,3,1,0
S01011113,35 to 49,177,128,105,23,49,32,1,5,9,2
S01011113,50 to 64,222,162,155,7,60,26,0,2,23,9
S01011113,65 to 74,115,83,83,0,32,7,1,1,6,17
S01011113,75 to 84,93,45,45,0,48,6,0,2,2,38
S01011113,85 and over,32,7,7,0,25,2,0,1,1,21
S01011114,All people aged 16 and over in households,615,418,372,46,197,125,3,8,26,35
S01011114,16 to 24,84,7,2,5,77,77,0,0,0,0
S01011114,25 to 34,59,33,18,15,26,24,1,0,0,1
S01011114,35 to 49,148,120,99,21,28,12,1,4,10,1
S01011114,50 to 64,218,187,184,3,31,6,0,4,11,10
S01011114,65 to 74,66,47,45,2,19,2,1,0,3,13
S01011114,75 to 84,33,20,20,0,13,3,0,0,1,9
S01011114,85 and over,7,4,4,0,3,1,0,0,1,1
S01011115,All people aged 16 and over in households,751,428,314,114,323,189,1,20,56,57
S01011115,16 to 24,107,26,0,26,81,81,0,0,0,0
S01011115,25 to 34,108,64,29,35,44,41,0,3,0,0
S01011115,35 to 49,216,140,97,43,76,44,1,10,19,2
S01011115,50 to 64,182,128,122,6,54,10,0,6,24,14
S01011115,65 to 74,78,53,49,4,25,4,0,0,8,13
S01011115,75 to 84,45,17,17,0,28,6,0,0,4,18
S01011115,85 and over,15,0,0,0,15,3,0,1,1,10
S01011116,All people aged 16 and over in households,540,376,300,76,164,99,2,13,21,29
S01011116,16 to 24,64,11,3,8,53,53,0,0,0,0
S01011116,25 to 34,81,62,30,32,19,16,0,1,1,1
S01011116,35 to 49,139,104,85,19,35,19,1,7,8,0
S01011116,50 to 64,141,119,107,12,22,6,1,5,6,4
S01011116,65 to 74,72,58,54,4,14,0,0,0,4,10
S01011116,75 to 84,35,17,16,1,18,4,0,0,2,12
S01011116,85 and over,8,5,5,0,3,1,0,0,0,2
S01011117,All people aged 16 and over in households,621,382,314,68,239,134,7,12,31,55
S01011117,16 to 24,67,14,4,10,53,52,0,0,1,0
S01011117,25 to 34,92,49,18,31,43,40,2,1,0,0
S01011117,35 to 49,147,106,86,20,41,21,2,7,10,1
S01011117,50 to 64,138,108,104,4,30,9,1,3,9,8
S01011117,65 to 74,88,61,59,2,27,4,1,0,9,13
S01011117,75 to 84,67,41,40,1,26,3,1,1,2,19
S01011117,85 and over,22,3,3,0,19,5,0,0,0,14
S01011118,All people aged 16 and over in households,718,448,374,74,270,134,6,18,41,71
S01011118,16 to 24,75,7,1,6,68,66,1,1,0,0
S01011118,25 to 34,85,53,26,27,32,28,1,1,2,0
S01011118,35 to 49,193,150,117,33,43,19,1,11,10,2
S01011118,50 to 64,157,121,115,6,36,6,3,3,17,7
S01011118,65 to 74,81,54,53,1,27,4,0,2,7,14
S01011118,75 to 84,97,54,53,1,43,4,0,0,4,35
S01011118,85 and over,30,9,9,0,21,7,0,0,1,13
S01011119,All people aged 16 and over in households,786,526,456,70,260,137,11,16,26,70
S01011119,16 to 24,65,5,0,5,60,59,1,0,0,0
S01011119,25 to 34,57,29,14,15,28,22,3,2,1,0
S01011119,35 to 49,203,148,116,32,55,29,5,11,9,1
S01011119,50 to 64,233,204,189,15,29,10,2,1,6,10
S01011119,65 to 74,105,76,74,2,29,4,0,2,7,16
S01011119,75 to 84,91,58,57,1,33,9,0,0,3,21
S01011119,85 and over,32,6,6,0,26,4,0,0,0,22
S01011120,All people aged 16 and over in households,603,464,438,26,139,79,0,6,6,48
S01011120,16 to 24,45,1,0,1,44,43,0,0,1,0
S01011120,25 to 34,23,9,5,4,14,13,0,0,1,0
S01011120,35 to 49,111,98,87,11,13,11,0,0,2,0
S01011120,50 to 64,197,180,172,8,17,6,0,5,1,5
S01011120,65 to 74,129,112,110,2,17,2,0,1,0,14
S01011120,75 to 84,78,57,57,0,21,2,0,0,1,18
S01011120,85 and over,20,7,7,0,13,2,0,0,0,11
S01011121,All people aged 16 and over in households,473,206,118,88,267,148,5,17,53,44
S01011121,16 to 24,78,36,2,34,42,41,1,0,0,0
S01011121,25 to 34,97,41,13,28,56,52,0,0,4,0
S01011121,35 to 49,98,46,28,18,52,26,2,11,12,1
S01011121,50 to 64,97,50,46,4,47,20,2,4,18,3
S01011121,65 to 74,38,12,10,2,26,2,0,1,14,9
S01011121,75 to 84,49,17,15,2,32,4,0,1,5,22
S01011121,85 and over,16,4,4,0,12,3,0,0,0,9
S01011122,All people aged 16 and over in households,541,322,226,96,219,128,2,19,30,40
S01011122,16 to 24,67,13,0,13,54,54,0,0,0,0
S01011122,25 to 34,82,49,19,30,33,29,0,3,1,0
S01011122,35 to 49,142,100,73,27,42,28,1,4,9,0
S01011122,50 to 64,140,97,80,17,43,10,0,9,15,9
S01011122,65 to 74,49,34,28,6,15,2,0,3,4,6
S01011122,75 to 84,53,27,24,3,26,5,1,0,1,19
S01011122,85 and over,8,2,2,0,6,0,0,0,0,6
S01011123,All people aged 16 and over in households,916,532,418,114,384,209,4,22,53,96
S01011123,16 to 24,116,27,1,26,89,88,0,1,0,0
S01011123,25 to 34,142,89,57,32,53,45,0,7,1,0
S01011123,35 to 49,247,165,137,28,82,49,2,10,17,4
S01011123,50 to 64,189,138,119,19,51,19,1,4,18,9
S01011123,65 to 74,117,72,63,9,45,6,0,0,12,27
S01011123,75 to 84,86,38,38,0,48,2,0,0,5,41
S01011123,85 and over,19,3,3,0,16,0,1,0,0,15
S01011124,All people aged 16 and over in households,505,310,230,80,195,97,3,17,39,39
S01011124,16 to 24,56,7,2,5,49,49,0,0,0,0
S01011124,25 to 34,85,62,34,28,23,18,0,2,3,0
S01011124,35 to 49,174,138,104,34,36,14,0,9,13,0
S01011124,50 to 64,101,56,43,13,45,13,0,6,17,9
S01011124,65 to 74,33,23,23,0,10,1,0,0,4,5
S01011124,75 to 84,45,18,18,0,27,2,2,0,2,21
S01011124,85 and over,11,6,6,0,5,0,1,0,0,4
S01011125,All people aged 16 and over in households,392,184,120,64,208,130,2,17,39,20
S01011125,16 to 24,87,8,0,8,79,79,0,0,0,0
S01011125,25 to 34,65,36,16,20,29,21,0,4,3,1
S01011125,35 to 49,125,71,42,29,54,24,1,7,18,4
S01011125,50 to 64,79,49,42,7,30,6,1,5,15,3
S01011125,65 to 74,18,11,11,0,7,0,0,1,2,4
S01011125,75 to 84,18,9,9,0,9,0,0,0,1,8
S01011125,85 and over,0,0,0,0,0,0,0,0,0,0
S01011126,All people aged 16 and over in households,379,270,228,42,109,62,2,4,11,30
S01011126,16 to 24,53,23,13,10,30,30,0,0,0,0
S01011126,25 to 34,92,67,58,9,25,22,0,2,1,0
S01011126,35 to 49,90,84,74,10,6,4,0,1,1,0
S01011126,50 to 64,78,65,55,10,13,2,2,1,6,2
S01011126,65 to 74,24,20,17,3,4,0,0,0,1,3
S01011126,75 to 84,28,9,9,0,19,2,0,0,2,15
S01011126,85 and over,14,2,2,0,12,2,0,0,0,10
S01011127,All people aged 16 and over in households,327,294,284,10,33,25,1,4,0,3
S01011127,16 to 24,66,42,41,1,24,24,0,0,0,0
S01011127,25 to 34,140,136,134,2,4,1,1,2,0,0
S01011127,35 to 49,108,107,100,7,1,0,0,1,0,0
S01011127,50 to 64,8,6,6,0,2,0,0,1,0,1
S01011127,65 to 74,2,1,1,0,1,0,0,0,0,1
S01011127,75 to 84,1,0,0,0,1,0,0,0,0,1
S01011127,85 and over,2,2,2,0,0,0,0,0,0,0
S01011128,All people aged 16 and over in households,592,364,284,80,228,133,2,13,41,39
S01011128,16 to 24,73,16,0,16,57,56,0,1,0,0
S01011128,25 to 34,97,75,44,31,22,18,0,2,2,0
S01011128,35 to 49,172,116,98,18,56,33,1,6,16,0
S01011128,50 to 64,144,99,87,12,45,20,1,4,13,7
S01011128,65 to 74,68,45,42,3,23,4,0,0,6,13
S01011128,75 to 84,31,11,11,0,20,2,0,0,4,14
S01011128,85 and over,7,2,2,0,5,0,0,0,0,5
S01011129,All people aged 16 and over in households,721,576,536,40,145,83,7,4,16,35
S01011129,16 to 24,63,9,2,7,54,51,2,0,1,0
S01011129,25 to 34,138,123,115,8,15,13,1,1,0,0
S01011129,35 to 49,262,239,219,20,23,13,3,1,6,0
S01011129,50 to 64,145,131,128,3,14,3,0,2,6,3
S01011129,65 to 74,60,41,39,2,19,1,1,0,2,15
S01011129,75 to 84,46,29,29,0,17,2,0,0,1,14
S01011129,85 and over,7,4,4,0,3,0,0,0,0,3
S01011130,All people aged 16 and over in households,498,306,232,74,192,85,2,8,41,56
S01011130,16 to 24,52,21,1,20,31,30,0,0,1,0
S01011130,25 to 34,82,53,28,25,29,27,1,0,1,0
S01011130,35 to 49,123,87,66,21,36,15,0,3,16,2
S01011130,50 to 64,109,84,81,3,25,9,0,0,14,2
S01011130,65 to 74,78,41,37,4,37,4,1,5,8,19
S01011130,75 to 84,43,15,14,1,28,0,0,0,1,27
S01011130,85 and over,11,5,5,0,6,0,0,0,0,6
S01011131,All people aged 16 and over in households,565,332,270,62,233,147,2,12,27,45
S01011131,16 to 24,77,16,3,13,61,61,0,0,0,0
S01011131,25 to 34,96,46,22,24,50,44,0,3,3,0
S01011131,35 to 49,140,99,80,19,41,29,1,5,5,1
S01011131,50 to 64,141,113,107,6,28,6,1,4,11,6
S01011131,65 to 74,54,35,35,0,19,6,0,0,7,6
S01011131,75 to 84,45,19,19,0,26,0,0,0,1,25
S01011131,85 and over,12,4,4,0,8,1,0,0,0,7
S01011132,All people aged 16 and over in households,745,496,416,80,249,144,4,6,36,59
S01011132,16 to 24,87,17,0,17,70,69,1,0,0,0
S01011132,25 to 34,107,67,30,37,40,37,1,0,2,0
S01011132,35 to 49,209,164,149,15,45,17,1,5,19,3
S01011132,50 to 64,170,146,138,8,24,6,0,1,11,6
S01011132,65 to 74,110,79,79,0,31,8,0,0,3,20
S01011132,75 to 84,43,22,19,3,21,5,1,0,1,14
S01011132,85 and over,19,1,1,0,18,2,0,0,0,16
S01011133,All people aged 16 and over in households,375,222,200,22,153,88,4,6,21,34
S01011133,16 to 24,46,1,0,1,45,45,0,0,0,0
S01011133,25 to 34,56,32,23,9,24,23,0,1,0,0
S01011133,35 to 49,82,63,54,9,19,9,0,1,7,2
S01011133,50 to 64,90,67,64,3,23,7,2,4,6,4
S01011133,65 to 74,64,42,42,0,22,3,1,0,7,11
S01011133,75 to 84,32,16,16,0,16,1,1,0,1,13
S01011133,85 and over,5,1,1,0,4,0,0,0,0,4
S01011134,All people aged 16 and over in households,663,374,296,78,289,141,1,27,60,60
S01011134,16 to 24,70,16,3,13,54,54,0,0,0,0
S01011134,25 to 34,89,47,19,28,42,37,0,4,1,0
S01011134,35 to 49,162,101,79,22,61,25,0,12,23,1
S01011134,50 to 64,156,111,102,9,45,12,0,6,22,5
S01011134,65 to 74,110,75,69,6,35,9,0,4,6,16
S01011134,75 to 84,58,23,23,0,35,3,0,1,7,24
S01011134,85 and over,18,1,1,0,17,1,1,0,1,14
S01011135,All people aged 16 and over in households,625,366,276,90,259,140,3,19,41,56
S01011135,16 to 24,87,24,1,23,63,63,0,0,0,0
S01011135,25 to 34,101,53,18,35,48,40,0,6,2,0
S01011135,35 to 49,128,91,74,17,37,19,0,8,9,1
S01011135,50 to 64,162,120,109,11,42,8,2,5,22,5
S01011135,65 to 74,81,52,50,2,29,4,0,0,4,21
S01011135,75 to 84,57,25,23,2,32,6,1,0,3,22
S01011135,85 and over,9,1,1,0,8,0,0,0,1,7
S01011136,All people aged 16 and over in households,549,346,286,60,203,116,3,16,21,47
S01011136,16 to 24,76,20,2,18,56,56,0,0,0,0
S01011136,25 to 34,77,49,26,23,28,26,0,2,0,0
S01011136,35 to 49,130,92,79,13,38,19,1,8,10,0
S01011136,50 to 64,134,101,98,3,33,14,2,4,8,5
S01011136,65 to 74,70,57,54,3,13,1,0,2,2,8
S01011136,75 to 84,39,22,22,0,17,0,0,0,0,17
S01011136,85 and over,23,5,5,0,18,0,0,0,1,17
S01011137,All people aged 16 and over in households,369,223,174,49,146,81,4,20,24,17
S01011137,16 to 24,58,11,2,9,47,47,0,0,0,0
S01011137,25 to 34,66,47,23,24,19,16,0,2,1,0
S01011137,35 to 49,116,71,61,10,45,14,3,13,14,1
S01011137,50 to 64,74,57,53,4,17,4,1,4,5,3
S01011137,65 to 74,29,22,21,1,7,0,0,1,3,3
S01011137,75 to 84,21,14,13,1,7,0,0,0,0,7
S01011137,85 and over,5,1,1,0,4,0,0,0,1,3
S01011138,All people aged 16 and over in households,476,288,236,52,188,109,1,15,35,28
S01011138,16 to 24,80,26,10,16,54,54,0,0,0,0
S01011138,25 to 34,104,82,62,20,22,21,0,1,0,0
S01011138,35 to 49,137,91,79,12,46,20,1,10,15,0
S01011138,50 to 64,93,57,53,4,36,13,0,4,17,2
S01011138,65 to 74,30,22,22,0,8,0,0,0,3,5
S01011138,75 to 84,21,9,9,0,12,1,0,0,0,11
S01011138,85 and over,11,1,1,0,10,0,0,0,0,10
S01011139,All people aged 16 and over in households,546,410,354,56,136,84,1,14,22,15
S01011139,16 to 24,74,30,14,16,44,43,0,0,0,1
S01011139,25 to 34,175,141,128,13,34,28,0,1,5,0
S01011139,35 to 49,181,160,140,20,21,9,0,8,4,0
S01011139,50 to 64,74,59,52,7,15,2,1,3,8,1
S01011139,65 to 74,30,17,17,0,13,2,0,2,4,5
S01011139,75 to 84,9,2,2,0,7,0,0,0,1,6
S01011139,85 and over,3,1,1,0,2,0,0,0,0,2
S01011140,All people aged 16 and over in households,428,254,190,64,174,108,2,7,38,19
S01011140,16 to 24,72,14,4,10,58,58,0,0,0,0
S01011140,25 to 34,92,65,37,28,27,26,0,0,1,0
S01011140,35 to 49,117,91,73,18,26,11,1,1,12,1
S01011140,50 to 64,89,52,46,6,37,10,0,5,18,4
S01011140,65 to 74,37,26,25,1,11,0,1,1,6,3
S01011140,75 to 84,18,3,2,1,15,3,0,0,1,11
S01011140,85 and over,3,3,3,0,0,0,0,0,0,0
S01011141,All people aged 16 and over in households,435,258,204,54,177,102,3,11,39,22
S01011141,16 to 24,69,16,2,14,53,53,0,0,0,0
S01011141,25 to 34,86,55,32,23,31,28,0,1,2,0
S01011141,35 to 49,116,80,69,11,36,14,1,6,14,1
S01011141,50 to 64,108,82,77,5,26,3,0,4,13,6
S01011141,65 to 74,35,18,18,0,17,2,1,0,8,6
S01011141,75 to 84,16,6,5,1,10,1,1,0,2,6
S01011141,85 and over,5,1,1,0,4,1,0,0,0,3
S01011142,All people aged 16 and over in households,685,496,432,64,189,126,7,10,21,25
S01011142,16 to 24,89,9,2,7,80,80,0,0,0,0
S01011142,25 to 34,53,36,21,15,17,17,0,0,0,0
S01011142,35 to 49,224,191,165,26,33,20,2,7,2,2
S01011142,50 to 64,182,151,136,15,31,6,3,2,14,6
S01011142,65 to 74,77,63,62,1,14,2,0,1,4,7
S01011142,75 to 84,53,45,45,0,8,0,1,0,1,6
S01011142,85 and over,7,1,1,0,6,1,1,0,0,4
S01011143,All people aged 16 and over in households,777,536,480,56,241,139,2,15,32,53
S01011143,16 to 24,86,7,1,6,79,78,1,0,0,0
S01011143,25 to 34,75,51,36,15,24,21,0,2,1,0
S01011143,35 to 49,218,183,158,25,35,14,0,8,12,1
S01011143,50 to 64,196,164,157,7,32,10,1,3,15,3
S01011143,65 to 74,116,87,84,3,29,3,0,1,3,22
S01011143,75 to 84,75,41,41,0,34,11,0,1,1,21
S01011143,85 and over,11,3,3,0,8,2,0,0,0,6
S01011144,All people aged 16 and over in households,597,406,352,54,191,109,2,13,26,41
S01011144,16 to 24,67,19,5,14,48,48,0,0,0,0
S01011144,25 to 34,69,44,20,24,25,20,0,4,1,0
S01011144,35 to 49,176,133,124,9,43,21,1,3,15,3
S01011144,50 to 64,159,127,123,4,32,12,1,5,7,7
S01011144,65 to 74,63,56,53,3,7,1,0,1,2,3
S01011144,75 to 84,43,18,18,0,25,6,0,0,1,18
S01011144,85 and over,20,9,9,0,11,1,0,0,0,10
S01011145,All people aged 16 and over in households,541,390,336,54,151,96,1,6,18,30
S01011145,16 to 24,50,4,0,4,46,46,0,0,0,0
S01011145,25 to 34,46,29,9,20,17,17,0,0,0,0
S01011145,35 to 49,163,135,117,18,28,15,1,4,8,0
S01011145,50 to 64,158,133,121,12,25,12,0,2,7,4
S01011145,65 to 74,65,51,51,0,14,3,0,0,2,9
S01011145,75 to 84,47,31,31,0,16,2,0,0,1,13
S01011145,85 and over,12,7,7,0,5,1,0,0,0,4
S01011146,All people aged 16 and over in households,586,390,324,66,196,105,0,16,41,34
S01011146,16 to 24,70,15,1,14,55,55,0,0,0,0
S01011146,25 to 34,76,51,28,23,25,22,0,2,0,1
S01011146,35 to 49,163,114,93,21,49,17,0,7,22,3
S01011146,50 to 64,163,130,124,6,33,7,0,7,13,6
S01011146,65 to 74,81,61,59,2,20,2,0,0,6,12
S01011146,75 to 84,29,16,16,0,13,2,0,0,0,11
S01011146,85 and over,4,3,3,0,1,0,0,0,0,1
S01011147,All people aged 16 and over in households,833,496,404,92,337,184,4,25,52,72
S01011147,16 to 24,100,15,2,13,85,85,0,0,0,0
S01011147,25 to 34,99,56,32,24,43,38,0,3,2,0
S01011147,35 to 49,233,181,147,34,52,28,3,7,12,2
S01011147,50 to 64,236,164,147,17,72,26,1,11,25,9
S01011147,65 to 74,94,61,57,4,33,5,0,4,7,17
S01011147,75 to 84,52,15,15,0,37,2,0,0,6,29
S01011147,85 and over,19,4,4,0,15,0,0,0,0,15
S01011148,All people aged 16 and over in households,628,414,338,76,214,115,5,30,28,36
S01011148,16 to 24,70,11,5,6,59,57,1,1,0,0
S01011148,25 to 34,70,39,28,11,31,25,0,6,0,0
S01011148,35 to 49,178,128,88,40,50,23,2,13,10,2
S01011148,50 to 64,177,144,126,18,33,8,0,8,11,6
S01011148,65 to 74,91,72,71,1,19,1,1,1,6,10
S01011148,75 to 84,34,17,17,0,17,1,1,1,1,13
S01011148,85 and over,8,3,3,0,5,0,0,0,0,5
S01011149,All people aged 16 and over in households,509,322,278,44,187,112,5,11,44,15
S01011149,16 to 24,50,10,9,1,40,40,0,0,0,0
S01011149,25 to 34,99,82,76,6,17,12,0,2,2,1
S01011149,35 to 49,175,129,111,18,46,32,1,5,8,0
S01011149,50 to 64,124,77,59,18,47,19,3,3,19,3
S01011149,65 to 74,50,20,19,1,30,8,1,1,13,7
S01011149,75 to 84,9,4,4,0,5,1,0,0,1,3
S01011149,85 and over,2,0,0,0,2,0,0,0,1,1
S01011150,All people aged 16 and over in households,319,236,170,66,83,39,0,17,27,0
S01011150,16 to 24,36,18,6,12,18,18,0,0,0,0
S01011150,25 to 34,136,117,72,45,19,12,0,4,3,0
S01011150,35 to 49,116,82,73,9,34,8,0,11,15,0
S01011150,50 to 64,27,15,15,0,12,1,0,2,9,0
S01011150,65 to 74,3,3,3,0,0,0,0,0,0,0
S01011150,75 to 84,1,1,1,0,0,0,0,0,0,0
S01011150,85 and over,0,0,0,0,0,0,0,0,0,0
S01011151,All people aged 16 and over in households,429,304,270,34,125,76,3,11,24,11
S01011151,16 to 24,73,26,22,4,47,47,0,0,0,0
S01011151,25 to 34,95,78,71,7,17,14,0,1,2,0
S01011151,35 to 49,152,127,116,11,25,7,3,8,7,0
S01011151,50 to 64,70,50,40,10,20,4,0,2,13,1
S01011151,65 to 74,22,15,13,2,7,1,0,0,1,5
S01011151,75 to 84,12,7,7,0,5,2,0,0,1,2
S01011151,85 and over,5,1,1,0,4,1,0,0,0,3
S01011152,All people aged 16 and over in households,587,348,308,40,239,113,7,10,62,47
S01011152,16 to 24,44,4,3,1,40,40,0,0,0,0
S01011152,25 to 34,65,41,28,13,24,22,0,1,1,0
S01011152,35 to 49,114,76,62,14,38,22,1,4,9,2
S01011152,50 to 64,192,128,119,9,64,19,5,3,32,5
S01011152,65 to 74,92,63,60,3,29,5,0,0,15,9
S01011152,75 to 84,68,29,29,0,39,5,1,2,5,26
S01011152,85 and over,12,7,7,0,5,0,0,0,0,5
S01011153,All people aged 16 and over in households,728,384,314,70,344,159,8,20,79,78
S01011153,16 to 24,84,24,5,19,60,60,0,0,0,0
S01011153,25 to 34,78,35,21,14,43,34,3,2,4,0
S01011153,35 to 49,171,115,92,23,56,32,2,4,18,0
S01011153,50 to 64,195,111,98,13,84,17,3,11,40,13
S01011153,65 to 74,94,53,52,1,41,6,0,3,13,19
S01011153,75 to 84,81,42,42,0,39,8,0,0,3,28
S01011153,85 and over,25,4,4,0,21,2,0,0,1,18
S01011154,All people aged 16 and over in households,493,202,156,46,291,146,3,21,70,51
S01011154,16 to 24,52,12,2,10,40,38,0,1,1,0
S01011154,25 to 34,53,14,6,8,39,35,0,1,3,0
S01011154,35 to 49,108,48,41,7,60,40,0,10,9,1
S01011154,50 to 64,127,64,43,21,63,18,2,6,32,5
S01011154,65 to 74,76,37,37,0,39,10,0,3,15,11
S01011154,75 to 84,56,24,24,0,32,5,0,0,10,17
S01011154,85 and over,21,3,3,0,18,0,1,0,0,17
S01011155,All people aged 16 and over in households,556,276,224,52,280,131,2,20,54,73
S01011155,16 to 24,54,6,3,3,48,48,0,0,0,0
S01011155,25 to 34,56,26,13,13,30,25,0,3,2,0
S01011155,35 to 49,124,82,63,19,42,25,0,7,9,1
S01011155,50 to 64,145,83,70,13,62,18,2,8,26,8
S01011155,65 to 74,78,44,40,4,34,6,0,2,9,17
S01011155,75 to 84,68,29,29,0,39,6,0,0,6,27
S01011155,85 and over,31,6,6,0,25,3,0,0,2,20
S01011156,All people aged 16 and over in households,488,332,294,38,156,97,1,10,25,23
S01011156,16 to 24,62,6,0,6,56,56,0,0,0,0
S01011156,25 to 34,44,23,12,11,21,17,0,3,1,0
S01011156,35 to 49,129,110,100,10,19,10,0,2,5,2
S01011156,50 to 64,146,116,109,7,30,8,1,4,15,2
S01011156,65 to 74,70,55,51,4,15,4,0,1,1,9
S01011156,75 to 84,31,20,20,0,11,1,0,0,3,7
S01011156,85 and over,6,2,2,0,4,1,0,0,0,3
S01011157,All people aged 16 and over in households,513,352,306,46,161,80,3,9,27,42
S01011157,16 to 24,42,7,1,6,35,35,0,0,0,0
S01011157,25 to 34,43,27,16,11,16,16,0,0,0,0
S01011157,35 to 49,120,92,73,19,28,14,0,2,10,2
S01011157,50 to 64,165,125,117,8,40,12,0,6,11,11
S01011157,65 to 74,90,70,69,1,20,1,2,1,5,11
S01011157,75 to 84,45,28,27,1,17,1,1,0,1,14
S01011157,85 and over,8,3,3,0,5,1,0,0,0,4
S01011158,All people aged 16 and over in households,444,310,294,16,134,62,6,3,19,44
S01011158,16 to 24,35,3,1,2,32,32,0,0,0,0
S01011158,25 to 34,20,8,6,2,12,12,0,0,0,0
S01011158,35 to 49,68,51,42,9,17,8,2,1,3,3
S01011158,50 to 64,164,143,140,3,21,3,2,2,10,4
S01011158,65 to 74,85,68,68,0,17,3,0,0,5,9
S01011158,75 to 84,51,30,30,0,21,2,1,0,1,17
S01011158,85 and over,21,7,7,0,14,2,1,0,0,11
S01011159,All people aged 16 and over in households,471,258,190,68,213,94,5,13,36,65
S01011159,16 to 24,40,8,0,8,32,32,0,0,0,0
S01011159,25 to 34,48,34,12,22,14,12,0,0,1,1
S01011159,35 to 49,96,59,40,19,37,18,1,10,8,0
S01011159,50 to 64,122,79,69,10,43,19,0,3,14,7
S01011159,65 to 74,83,49,42,7,34,6,1,0,13,14
S01011159,75 to 84,65,24,22,2,41,6,3,0,0,32
S01011159,85 and over,17,5,5,0,12,1,0,0,0,11
S01011160,All people aged 16 and over in households,746,468,346,122,278,155,7,23,47,46
S01011160,16 to 24,114,26,4,22,88,84,2,2,0,0
S01011160,25 to 34,126,82,40,42,44,36,0,5,3,0
S01011160,35 to 49,179,127,88,39,52,24,2,13,13,0
S01011160,50 to 64,191,147,130,17,44,8,1,3,25,7
S01011160,65 to 74,70,54,52,2,16,3,1,0,4,8
S01011160,75 to 84,40,22,22,0,18,0,1,0,2,15
S01011160,85 and over,26,10,10,0,16,0,0,0,0,16
S01011161,All people aged 16 and over in households,496,298,236,62,198,117,1,15,40,25
S01011161,16 to 24,63,10,0,10,53,53,0,0,0,0
S01011161,25 to 34,80,47,26,21,33,30,0,1,2,0
S01011161,35 to 49,136,87,62,25,49,22,0,14,13,0
S01011161,50 to 64,112,84,78,6,28,8,1,0,16,3
S01011161,65 to 74,78,58,58,0,20,3,0,0,8,9
S01011161,75 to 84,21,11,11,0,10,1,0,0,1,8
S01011161,85 and over,6,1,1,0,5,0,0,0,0,5
S01011162,All people aged 16 and over in households,366,210,166,44,156,93,2,14,22,25
S01011162,16 to 24,65,4,0,4,61,61,0,0,0,0
S01011162,25 to 34,43,23,14,9,20,13,1,3,2,1
S01011162,35 to 49,114,81,56,25,33,14,0,9,8,2
S01011162,50 to 64,84,64,59,5,20,4,0,2,8,6
S01011162,65 to 74,37,28,27,1,9,1,0,0,1,7
S01011162,75 to 84,18,10,10,0,8,0,1,0,3,4
S01011162,85 and over,5,0,0,0,5,0,0,0,0,5
S01011163,All people aged 16 and over in households,671,346,286,60,325,199,5,14,52,55
S01011163,16 to 24,106,7,1,6,99,99,0,0,0,0
S01011163,25 to 34,80,33,15,18,47,44,1,1,1,0
S01011163,35 to 49,165,102,76,26,63,34,1,6,18,4
S01011163,50 to 64,190,126,118,8,64,15,2,6,26,15
S01011163,65 to 74,78,57,55,2,21,3,1,1,6,10
S01011163,75 to 84,40,21,21,0,19,4,0,0,1,14
S01011163,85 and over,12,0,0,0,12,0,0,0,0,12
S01011164,All people aged 16 and over in households,537,350,288,62,187,105,4,17,34,27
S01011164,16 to 24,78,10,1,9,68,68,0,0,0,0
S01011164,25 to 34,63,46,17,29,17,13,0,3,1,0
S01011164,35 to 49,171,139,122,17,32,10,1,10,11,0
S01011164,50 to 64,146,104,99,5,42,11,2,4,20,5
S01011164,65 to 74,52,40,40,0,12,2,0,0,2,8
S01011164,75 to 84,23,11,9,2,12,1,1,0,0,10
S01011164,85 and over,4,0,0,0,4,0,0,0,0,4
S01011165,All people aged 16 and over in households,608,328,242,86,280,148,2,20,57,53
S01011165,16 to 24,66,13,1,12,53,53,0,0,0,0
S01011165,25 to 34,110,66,24,42,44,37,0,2,5,0
S01011165,35 to 49,138,75,57,18,63,37,0,10,13,3
S01011165,50 to 64,150,94,80,14,56,15,1,6,24,10
S01011165,65 to 74,76,50,50,0,26,2,1,2,12,9
S01011165,75 to 84,48,24,24,0,24,4,0,0,3,17
S01011165,85 and over,20,6,6,0,14,0,0,0,0,14
S01011166,All people aged 16 and over in households,434,306,276,30,128,62,1,7,15,43
S01011166,16 to 24,37,0,0,0,37,37,0,0,0,0
S01011166,25 to 34,29,21,13,8,8,7,0,1,0,0
S01011166,35 to 49,102,90,78,12,12,4,0,3,3,2
S01011166,50 to 64,131,105,101,4,26,7,1,2,10,6
S01011166,65 to 74,74,55,50,5,19,5,0,1,1,12
S01011166,75 to 84,46,31,30,1,15,1,0,0,1,13
S01011166,85 and over,15,4,4,0,11,1,0,0,0,10
S01011167,All people aged 16 and over in households,556,424,378,46,132,84,2,7,13,26
S01011167,16 to 24,49,5,1,4,44,44,0,0,0,0
S01011167,25 to 34,30,16,10,6,14,13,0,0,1,0
S01011167,35 to 49,131,113,93,20,18,13,0,2,2,1
S01011167,50 to 64,204,176,167,9,28,9,2,5,9,3
S01011167,65 to 74,97,87,81,6,10,3,0,0,1,6
S01011167,75 to 84,36,25,24,1,11,0,0,0,0,11
S01011167,85 and over,9,2,2,0,7,2,0,0,0,5
S01011168,All people aged 16 and over in households,707,476,418,58,231,148,3,7,38,35
S01011168,16 to 24,75,7,1,6,68,68,0,0,0,0
S01011168,25 to 34,60,36,30,6,24,23,0,0,1,0
S01011168,35 to 49,199,160,136,24,39,18,1,4,16,0
S01011168,50 to 64,213,168,153,15,45,24,2,2,14,3
S01011168,65 to 74,109,82,76,6,27,10,0,1,5,11
S01011168,75 to 84,39,18,18,0,21,4,0,0,2,15
S01011168,85 and over,12,5,4,1,7,1,0,0,0,6
S01011169,All people aged 16 and over in households,706,506,396,110,200,133,3,19,30,15
S01011169,16 to 24,110,16,1,15,94,94,0,0,0,0
S01011169,25 to 34,103,82,41,41,21,20,0,1,0,0
S01011169,35 to 49,331,288,243,45,43,15,2,13,13,0
S01011169,50 to 64,101,78,71,7,23,3,0,5,12,3
S01011169,65 to 74,37,29,27,2,8,0,1,0,5,2
S01011169,75 to 84,16,10,10,0,6,0,0,0,0,6
S01011169,85 and over,8,3,3,0,5,1,0,0,0,4
S01011170,All people aged 16 and over in households,755,498,414,84,257,132,7,22,47,49
S01011170,16 to 24,70,5,1,4,65,65,0,0,0,0
S01011170,25 to 34,66,42,24,18,24,21,0,3,0,0
S01011170,35 to 49,203,155,123,32,48,26,4,9,7,2
S01011170,50 to 64,254,196,171,25,58,14,0,8,29,7
S01011170,65 to 74,98,68,63,5,30,3,1,2,8,16
S01011170,75 to 84,47,28,28,0,19,1,1,0,3,14
S01011170,85 and over,17,4,4,0,13,2,1,0,0,10
S01011171,All people aged 16 and over in households,761,496,432,64,265,140,14,14,33,64
S01011171,16 to 24,66,6,5,1,60,60,0,0,0,0
S01011171,25 to 34,44,23,15,8,21,20,0,1,0,0
S01011171,35 to 49,153,111,90,21,42,22,9,3,7,1
S01011171,50 to 64,247,192,170,22,55,21,3,8,16,7
S01011171,65 to 74,139,112,103,9,27,9,1,0,5,12
S01011171,75 to 84,91,46,43,3,45,7,1,2,5,30
S01011171,85 and over,21,6,6,0,15,1,0,0,0,14
S01011172,All people aged 16 and over in households,616,384,330,54,232,110,10,9,41,62
S01011172,16 to 24,44,3,0,3,41,41,0,0,0,0
S01011172,25 to 34,43,27,15,12,16,16,0,0,0,0
S01011172,35 to 49,112,80,63,17,32,24,2,4,1,1
S01011172,50 to 64,216,151,133,18,65,23,5,5,25,7
S01011172,65 to 74,124,90,87,3,34,5,2,0,10,17
S01011172,75 to 84,56,31,30,1,25,1,0,0,4,20
S01011172,85 and over,21,2,2,0,19,0,1,0,1,17
S01011173,All people aged 16 and over in households,428,298,254,44,130,64,2,7,17,40
S01011173,16 to 24,36,1,1,0,35,35,0,0,0,0
S01011173,25 to 34,25,16,10,6,9,8,0,1,0,0
S01011173,35 to 49,91,76,55,21,15,11,1,1,2,0
S01011173,50 to 64,112,95,82,13,17,8,0,2,4,3
S01011173,65 to 74,95,65,61,4,30,2,0,3,10,15
S01011173,75 to 84,49,37,37,0,12,0,1,0,1,10
S01011173,85 and over,20,8,8,0,12,0,0,0,0,12
S01011174,All people aged 16 and over in households,383,228,182,46,155,68,8,9,32,38
S01011174,16 to 24,33,5,0,5,28,28,0,0,0,0
S01011174,25 to 34,31,14,3,11,17,17,0,0,0,0
S01011174,35 to 49,64,41,21,20,23,9,2,2,10,0
S01011174,50 to 64,100,77,72,5,23,10,2,4,6,1
S01011174,65 to 74,86,53,50,3,33,3,4,3,8,15
S01011174,75 to 84,47,30,30,0,17,1,0,0,5,11
S01011174,85 and over,22,8,6,2,14,0,0,0,3,11
S01011175,All people aged 16 and over in households,439,240,204,36,199,92,3,15,41,48
S01011175,16 to 24,47,3,1,2,44,44,0,0,0,0
S01011175,25 to 34,27,11,7,4,16,13,0,3,0,0
S01011175,35 to 49,105,82,59,23,23,12,1,6,4,0
S01011175,50 to 64,109,67,63,4,42,14,1,4,16,7
S01011175,65 to 74,78,44,41,3,34,3,1,2,16,12
S01011175,75 to 84,55,29,29,0,26,4,0,0,5,17
S01011175,85 and over,18,4,4,0,14,2,0,0,0,12
S01011176,All people aged 16 and over in households,488,306,262,44,182,82,4,12,21,63
S01011176,16 to 24,48,11,1,10,37,37,0,0,0,0
S01011176,25 to 34,31,16,10,6,15,15,0,0,0,0
S01011176,35 to 49,65,46,37,9,19,13,0,4,2,0
S01011176,50 to 64,139,103,95,8,36,10,2,7,10,7
S01011176,65 to 74,110,87,80,7,23,2,0,1,8,12
S01011176,75 to 84,71,38,35,3,33,4,2,0,1,26
S01011176,85 and over,24,5,4,1,19,1,0,0,0,18
S01011177,All people aged 16 and over in households,714,418,342,76,296,139,13,22,49,73
S01011177,16 to 24,63,8,0,8,55,54,0,0,1,0
S01011177,25 to 34,67,32,15,17,35,28,4,3,0,0
S01011177,35 to 49,157,101,71,30,56,28,3,10,15,0
S01011177,50 to 64,186,137,121,16,49,15,1,8,13,12
S01011177,65 to 74,128,91,87,4,37,6,2,1,14,14
S01011177,75 to 84,84,42,41,1,42,7,3,0,6,26
S01011177,85 and over,29,7,7,0,22,1,0,0,0,21
S01011178,All people aged 16 and over in households,394,258,198,60,136,77,0,12,22,25
S01011178,16 to 24,50,3,1,2,47,47,0,0,0,0
S01011178,25 to 34,65,54,32,22,11,9,0,2,0,0
S01011178,35 to 49,107,84,61,23,23,13,0,5,5,0
S01011178,50 to 64,101,73,64,9,28,5,0,5,13,5
S01011178,65 to 74,36,28,24,4,8,2,0,0,2,4
S01011178,75 to 84,30,16,16,0,14,1,0,0,2,11
S01011178,85 and over,5,0,0,0,5,0,0,0,0,5
S01011179,All people aged 16 and over in households,509,276,238,38,233,139,2,11,43,38
S01011179,16 to 24,71,3,1,2,68,68,0,0,0,0
S01011179,25 to 34,60,22,10,12,38,35,0,3,0,0
S01011179,35 to 49,125,75,67,8,50,21,1,8,18,2
S01011179,50 to 64,145,113,103,10,32,12,0,0,13,7
S01011179,65 to 74,75,51,46,5,24,1,0,0,10,13
S01011179,75 to 84,28,12,11,1,16,2,1,0,2,11
S01011179,85 and over,5,0,0,0,5,0,0,0,0,5
S01011180,All people aged 16 and over in households,540,288,210,78,252,156,1,20,28,47
S01011180,16 to 24,94,19,1,18,75,74,1,0,0,0
S01011180,25 to 34,65,36,11,25,29,27,0,1,1,0
S01011180,35 to 49,146,94,69,25,52,33,0,10,9,0
S01011180,50 to 64,110,70,65,5,40,13,0,7,12,8
S01011180,65 to 74,87,55,54,1,32,6,0,2,6,18
S01011180,75 to 84,26,14,10,4,12,2,0,0,0,10
S01011180,85 and over,12,0,0,0,12,1,0,0,0,11
S01011181,All people aged 16 and over in households,399,282,260,22,117,72,2,10,16,17
S01011181,16 to 24,39,2,0,2,37,37,0,0,0,0
S01011181,25 to 34,32,14,9,5,18,18,0,0,0,0
S01011181,35 to 49,107,86,75,11,21,9,1,6,4,1
S01011181,50 to 64,134,107,104,3,27,8,1,4,8,6
S01011181,65 to 74,68,61,60,1,7,0,0,0,4,3
S01011181,75 to 84,11,8,8,0,3,0,0,0,0,3
S01011181,85 and over,8,4,4,0,4,0,0,0,0,4
S01011182,All people aged 16 and over in households,348,268,248,20,80,57,1,1,7,14
S01011182,16 to 24,27,0,0,0,27,27,0,0,0,0
S01011182,25 to 34,21,9,8,1,12,12,0,0,0,0
S01011182,35 to 49,79,63,55,8,16,11,0,1,3,1
S01011182,50 to 64,147,136,128,8,11,6,0,0,3,2
S01011182,65 to 74,55,48,46,2,7,1,1,0,0,5
S01011182,75 to 84,16,12,11,1,4,0,0,0,1,3
S01011182,85 and over,3,0,0,0,3,0,0,0,0,3
S01011183,All people aged 16 and over in households,475,296,272,24,179,113,2,12,14,38
S01011183,16 to 24,64,2,2,0,62,62,0,0,0,0
S01011183,25 to 34,48,23,19,4,25,20,2,2,1,0
S01011183,35 to 49,132,100,90,10,32,20,0,7,5,0
S01011183,50 to 64,133,108,101,7,25,9,0,3,5,8
S01011183,65 to 74,53,38,36,2,15,1,0,0,0,14
S01011183,75 to 84,40,24,23,1,16,1,0,0,3,12
S01011183,85 and over,5,1,1,0,4,0,0,0,0,4
S01011184,All people aged 16 and over in households,650,486,446,40,164,101,2,10,21,30
S01011184,16 to 24,73,6,0,6,67,67,0,0,0,0
S01011184,25 to 34,65,44,35,9,21,19,0,1,1,0
S01011184,35 to 49,236,212,195,17,24,10,0,5,7,2
S01011184,50 to 64,158,135,128,7,23,3,2,4,9,5
S01011184,65 to 74,73,59,59,0,14,1,0,0,3,10
S01011184,75 to 84,36,26,25,1,10,1,0,0,1,8
S01011184,85 and over,9,4,4,0,5,0,0,0,0,5
S01011185,All people aged 16 and over in households,600,388,344,44,212,125,6,9,17,55
S01011185,16 to 24,79,7,3,4,72,72,0,0,0,0
S01011185,25 to 34,46,18,12,6,28,25,0,2,1,0
S01011185,35 to 49,125,106,89,17,19,9,0,3,5,2
S01011185,50 to 64,185,158,143,15,27,13,1,4,3,6
S01011185,65 to 74,83,57,56,1,26,1,4,0,6,15
S01011185,75 to 84,73,40,39,1,33,3,1,0,2,27
S01011185,85 and over,9,2,2,0,7,2,0,0,0,5
S01011186,All people aged 16 and over in households,790,448,376,72,342,173,7,19,66,77
S01011186,16 to 24,75,4,0,4,71,70,1,0,0,0
S01011186,25 to 34,71,30,11,19,41,36,0,1,4,0
S01011186,35 to 49,187,123,93,30,64,33,3,13,14,1
S01011186,50 to 64,214,157,140,17,57,16,0,4,26,11
S01011186,65 to 74,139,91,90,1,48,12,0,0,16,20
S01011186,75 to 84,74,33,32,1,41,4,2,1,6,28
S01011186,85 and over,30,10,10,0,20,2,1,0,0,17
S01011187,All people aged 16 and over in households,599,416,370,46,183,118,2,8,20,35
S01011187,16 to 24,74,5,0,5,69,69,0,0,0,0
S01011187,25 to 34,62,30,12,18,32,30,1,1,0,0
S01011187,35 to 49,122,97,82,15,25,12,0,6,7,0
S01011187,50 to 64,216,192,185,7,24,6,1,1,8,8
S01011187,65 to 74,99,79,78,1,20,1,0,0,5,14
S01011187,75 to 84,24,12,12,0,12,0,0,0,0,12
S01011187,85 and over,2,1,1,0,1,0,0,0,0,1
S01011188,All people aged 16 and over in households,785,438,342,96,347,172,1,29,68,77
S01011188,16 to 24,95,11,1,10,84,83,0,1,0,0
S01011188,25 to 34,108,62,24,38,46,44,0,1,1,0
S01011188,35 to 49,226,144,110,34,82,35,0,17,25,5
S01011188,50 to 64,180,126,112,14,54,7,1,10,25,11
S01011188,65 to 74,105,68,68,0,37,3,0,0,10,24
S01011188,75 to 84,52,24,24,0,28,0,0,0,7,21
S01011188,85 and over,19,3,3,0,16,0,0,0,0,16
S01011189,All people aged 16 and over in households,653,386,306,80,267,137,4,21,51,54
S01011189,16 to 24,98,24,2,22,74,72,2,0,0,0
S01011189,25 to 34,94,55,28,27,39,37,0,1,0,1
S01011189,35 to 49,179,118,95,23,61,24,2,9,23,3
S01011189,50 to 64,156,110,107,3,46,2,0,10,23,11
S01011189,65 to 74,82,59,54,5,23,1,0,1,4,17
S01011189,75 to 84,37,18,18,0,19,1,0,0,1,17
S01011189,85 and over,7,2,2,0,5,0,0,0,0,5
S01011190,All people aged 16 and over in households,522,282,200,82,240,124,4,21,41,50
S01011190,16 to 24,81,15,4,11,66,66,0,0,0,0
S01011190,25 to 34,74,44,13,31,30,25,1,2,1,1
S01011190,35 to 49,136,92,63,29,44,15,1,11,16,1
S01011190,50 to 64,111,76,70,6,35,9,1,8,13,4
S01011190,65 to 74,61,32,30,2,29,6,0,0,7,16
S01011190,75 to 84,42,21,18,3,21,3,0,0,2,16
S01011190,85 and over,17,2,2,0,15,0,1,0,2,12
S01011191,All people aged 16 and over in households,436,254,206,48,182,109,0,14,24,35
S01011191,16 to 24,62,9,4,5,53,53,0,0,0,0
S01011191,25 to 34,61,36,21,15,25,24,0,0,1,0
S01011191,35 to 49,100,59,44,15,41,20,0,8,12,1
S01011191,50 to 64,121,97,87,10,24,6,0,4,6,8
S01011191,65 to 74,54,38,35,3,16,3,0,1,4,8
S01011191,75 to 84,33,12,12,0,21,2,0,1,1,17
S01011191,85 and over,5,3,3,0,2,1,0,0,0,1
S01011192,All people aged 16 and over in households,554,336,264,72,218,130,1,21,43,23
S01011192,16 to 24,79,15,3,12,64,64,0,0,0,0
S01011192,25 to 34,87,43,20,23,44,38,0,6,0,0
S01011192,35 to 49,165,113,86,27,52,22,0,10,18,2
S01011192,50 to 64,155,124,115,9,31,5,0,4,18,4
S01011192,65 to 74,51,34,33,1,17,1,0,1,6,9
S01011192,75 to 84,12,6,6,0,6,0,0,0,1,5
S01011192,85 and over,5,1,1,0,4,0,1,0,0,3
S01011193,All people aged 16 and over in households,540,290,214,76,250,171,2,17,40,20
S01011193,16 to 24,96,13,3,10,83,83,0,0,0,0
S01011193,25 to 34,104,60,30,30,44,38,0,3,2,1
S01011193,35 to 49,158,92,71,21,66,40,2,8,14,2
S01011193,50 to 64,136,100,87,13,36,5,0,6,19,6
S01011193,65 to 74,37,25,23,2,12,4,0,0,5,3
S01011193,75 to 84,7,0,0,0,7,1,0,0,0,6
S01011193,85 and over,2,0,0,0,2,0,0,0,0,2
S01011194,All people aged 16 and over in households,553,286,212,74,267,160,3,30,42,32
S01011194,16 to 24,103,15,1,14,88,86,0,2,0,0
S01011194,25 to 34,99,54,25,29,45,37,1,2,5,0
S01011194,35 to 49,149,84,65,19,65,29,0,19,16,1
S01011194,50 to 64,139,95,85,10,44,6,1,6,16,15
S01011194,65 to 74,43,26,24,2,17,2,0,0,3,12
S01011194,75 to 84,17,11,11,0,6,0,1,1,2,2
S01011194,85 and over,3,1,1,0,2,0,0,0,0,2
S01011195,All people aged 16 and over in households,588,334,258,76,254,149,2,30,42,31
S01011195,16 to 24,92,14,2,12,78,78,0,0,0,0
S01011195,25 to 34,106,57,35,22,49,43,0,5,1,0
S01011195,35 to 49,160,101,76,25,59,26,2,15,15,1
S01011195,50 to 64,164,120,110,10,44,1,0,10,21,12
S01011195,65 to 74,48,34,29,5,14,0,0,0,3,11
S01011195,75 to 84,15,8,6,2,7,1,0,0,1,5
S01011195,85 and over,3,0,0,0,3,0,0,0,1,2
S01011196,All people aged 16 and over in households,704,372,282,90,332,169,5,26,74,58
S01011196,16 to 24,95,18,3,15,77,77,0,0,0,0
S01011196,25 to 34,119,61,31,30,58,46,3,8,1,0
S01011196,35 to 49,171,108,77,31,63,29,0,11,21,2
S01011196,50 to 64,204,137,125,12,67,12,0,5,41,9
S01011196,65 to 74,68,36,34,2,32,4,0,2,9,17
S01011196,75 to 84,32,10,10,0,22,1,0,0,1,20
S01011196,85 and over,15,2,2,0,13,0,2,0,1,10
S01011197,All people aged 16 and over in households,657,360,274,86,297,184,0,26,56,31
S01011197,16 to 24,109,8,1,7,101,101,0,0,0,0
S01011197,25 to 34,106,61,24,37,45,38,0,6,1,0
S01011197,35 to 49,181,110,81,29,71,41,0,12,17,1
S01011197,50 to 64,176,131,118,13,45,4,0,6,26,9
S01011197,65 to 74,58,39,39,0,19,0,0,1,10,8
S01011197,75 to 84,18,9,9,0,9,0,0,1,2,6
S01011197,85 and over,9,2,2,0,7,0,0,0,0,7
S01011198,All people aged 16 and over in households,486,266,214,52,220,144,0,15,33,28
S01011198,16 to 24,94,9,1,8,85,85,0,0,0,0
S01011198,25 to 34,69,34,26,8,35,30,0,4,0,1
S01011198,35 to 49,138,94,72,22,44,25,0,5,14,0
S01011198,50 to 64,116,90,79,11,26,4,0,5,14,3
S01011198,65 to 74,46,35,32,3,11,0,0,1,4,6
S01011198,75 to 84,17,4,4,0,13,0,0,0,1,12
S01011198,85 and over,6,0,0,0,6,0,0,0,0,6
S01011199,All people aged 16 and over in households,639,368,270,98,271,162,5,22,49,33
S01011199,16 to 24,99,12,1,11,87,86,1,0,0,0
S01011199,25 to 34,90,45,22,23,45,37,1,6,1,0
S01011199,35 to 49,201,137,85,52,64,33,1,7,21,2
S01011199,50 to 64,159,118,107,11,41,2,1,7,20,11
S01011199,65 to 74,46,30,29,1,16,2,0,2,7,5
S01011199,75 to 84,38,26,26,0,12,2,1,0,0,9
S01011199,85 and over,6,0,0,0,6,0,0,0,0,6
S01011200,All people aged 16 and over in households,620,370,286,84,250,127,5,26,51,41
S01011200,16 to 24,74,19,3,16,55,55,0,0,0,0
S01011200,25 to 34,95,54,23,31,41,34,1,4,2,0
S01011200,35 to 49,151,87,62,25,64,26,1,16,21,0
S01011200,50 to 64,187,138,128,10,49,10,2,6,17,14
S01011200,65 to 74,75,50,49,1,25,1,0,0,9,15
S01011200,75 to 84,33,21,20,1,12,1,1,0,2,8
S01011200,85 and over,5,1,1,0,4,0,0,0,0,4
S01011201,All people aged 16 and over in households,508,300,262,38,208,110,1,14,32,51
S01011201,16 to 24,63,3,0,3,60,60,0,0,0,0
S01011201,25 to 34,74,42,22,20,32,32,0,0,0,0
S01011201,35 to 49,110,82,69,13,28,12,0,8,8,0
S01011201,50 to 64,153,126,124,2,27,4,1,3,15,4
S01011201,65 to 74,72,40,40,0,32,2,0,3,7,20
S01011201,75 to 84,29,7,7,0,22,0,0,0,2,20
S01011201,85 and over,7,0,0,0,7,0,0,0,0,7
S01011202,All people aged 16 and over in households,689,390,292,98,299,174,0,30,55,40
S01011202,16 to 24,94,11,3,8,83,82,0,0,1,0
S01011202,25 to 34,107,58,23,35,49,41,0,5,3,0
S01011202,35 to 49,191,119,88,31,72,35,0,14,23,0
S01011202,50 to 64,169,122,104,18,47,11,0,10,21,5
S01011202,65 to 74,69,49,44,5,20,3,0,1,2,14
S01011202,75 to 84,49,27,26,1,22,2,0,0,4,16
S01011202,85 and over,10,4,4,0,6,0,0,0,1,5
S01011203,All people aged 16 and over in households,664,390,314,76,274,147,1,13,42,71
S01011203,16 to 24,91,6,0,6,85,85,0,0,0,0
S01011203,25 to 34,100,69,39,30,31,28,0,2,1,0
S01011203,35 to 49,164,124,93,31,40,16,1,4,18,1
S01011203,50 to 64,159,112,107,5,47,14,0,5,17,11
S01011203,65 to 74,82,51,47,4,31,2,0,1,5,23
S01011203,75 to 84,57,28,28,0,29,2,0,1,1,25
S01011203,85 and over,11,0,0,0,11,0,0,0,0,11
S01011204,All people aged 16 and over in households,474,314,284,30,160,100,4,10,14,32
S01011204,16 to 24,60,0,0,0,60,59,1,0,0,0
S01011204,25 to 34,33,11,8,3,22,21,0,1,0,0
S01011204,35 to 49,118,97,78,19,21,11,0,5,5,0
S01011204,50 to 64,160,137,129,8,23,5,0,3,8,7
S01011204,65 to 74,65,50,50,0,15,3,0,1,1,10
S01011204,75 to 84,34,16,16,0,18,1,3,0,0,14
S01011204,85 and over,4,3,3,0,1,0,0,0,0,1
S01011205,All people aged 16 and over in households,496,362,312,50,134,100,1,5,25,3
S01011205,16 to 24,70,3,0,3,67,67,0,0,0,0
S01011205,25 to 34,123,100,80,20,23,20,0,1,2,0
S01011205,35 to 49,220,194,172,22,26,12,0,4,10,0
S01011205,50 to 64,76,59,54,5,17,1,1,0,12,3
S01011205,65 to 74,6,5,5,0,1,0,0,0,1,0
S01011205,75 to 84,1,1,1,0,0,0,0,0,0,0
S01011205,85 and over,0,0,0,0,0,0,0,0,0,0
S01011206,All people aged 16 and over in households,567,376,314,62,191,126,2,22,23,18
S01011206,16 to 24,89,4,2,2,85,85,0,0,0,0
S01011206,25 to 34,85,55,41,14,30,21,1,5,3,0
S01011206,35 to 49,201,163,132,31,38,14,1,10,12,1
S01011206,50 to 64,143,123,111,12,20,4,0,6,7,3
S01011206,65 to 74,30,21,20,1,9,0,0,1,1,7
S01011206,75 to 84,15,8,6,2,7,2,0,0,0,5
S01011206,85 and over,4,2,2,0,2,0,0,0,0,2
S01011207,All people aged 16 and over in households,622,368,316,52,254,145,5,19,32,53
S01011207,16 to 24,94,10,3,7,84,84,0,0,0,0
S01011207,25 to 34,58,27,19,8,31,30,0,0,0,1
S01011207,35 to 49,202,152,125,27,50,24,1,11,13,1
S01011207,50 to 64,162,128,120,8,34,5,2,5,11,11
S01011207,65 to 74,54,32,30,2,22,1,1,3,7,10
S01011207,75 to 84,37,16,16,0,21,1,0,0,1,19
S01011207,85 and over,15,3,3,0,12,0,1,0,0,11
S01011208,All people aged 16 and over in households,728,482,420,62,246,172,2,15,27,30
S01011208,16 to 24,115,5,0,5,110,110,0,0,0,0
S01011208,25 to 34,106,61,36,25,45,40,2,2,1,0
S01011208,35 to 49,252,210,184,26,42,15,0,11,13,3
S01011208,50 to 64,174,150,144,6,24,6,0,2,9,7
S01011208,65 to 74,44,35,35,0,9,0,0,0,4,5
S01011208,75 to 84,31,16,16,0,15,1,0,0,0,14
S01011208,85 and over,6,5,5,0,1,0,0,0,0,1
S01011209,All people aged 16 and over in households,514,288,214,74,226,123,0,16,45,42
S01011209,16 to 24,71,7,0,7,64,64,0,0,0,0
S01011209,25 to 34,79,46,22,24,33,27,0,3,3,0
S01011209,35 to 49,137,101,71,30,36,20,0,6,10,0
S01011209,50 to 64,129,86,74,12,43,10,0,5,22,6
S01011209,65 to 74,61,36,35,1,25,0,0,2,8,15
S01011209,75 to 84,30,11,11,0,19,2,0,0,2,15
S01011209,85 and over,7,1,1,0,6,0,0,0,0,6
S01011210,All people aged 16 and over in households,602,404,372,32,198,139,3,10,27,19
S01011210,16 to 24,100,3,1,2,97,97,0,0,0,0
S01011210,25 to 34,48,21,18,3,27,25,0,0,2,0
S01011210,35 to 49,190,167,145,22,23,11,2,5,5,0
S01011210,50 to 64,183,155,150,5,28,4,0,5,13,6
S01011210,65 to 74,62,47,47,0,15,2,1,0,5,7
S01011210,75 to 84,15,8,8,0,7,0,0,0,2,5
S01011210,85 and over,4,3,3,0,1,0,0,0,0,1
S01011211,All people aged 16 and over in households,547,366,318,48,181,121,4,15,22,19
S01011211,16 to 24,89,1,0,1,88,88,0,0,0,0
S01011211,25 to 34,52,30,14,16,22,18,1,1,2,0
S01011211,35 to 49,217,178,154,24,39,11,2,11,12,3
S01011211,50 to 64,131,113,107,6,18,4,1,2,8,3
S01011211,65 to 74,38,30,30,0,8,0,0,1,0,7
S01011211,75 to 84,13,10,10,0,3,0,0,0,0,3
S01011211,85 and over,7,4,3,1,3,0,0,0,0,3
S01011212,All people aged 16 and over in households,419,248,212,36,171,116,1,6,25,23
S01011212,16 to 24,70,6,2,4,64,63,0,1,0,0
S01011212,25 to 34,46,18,7,11,28,24,0,2,2,0
S01011212,35 to 49,109,75,63,12,34,20,0,2,10,2
S01011212,50 to 64,124,99,91,8,25,7,1,1,11,5
S01011212,65 to 74,57,44,43,1,13,2,0,0,2,9
S01011212,75 to 84,13,6,6,0,7,0,0,0,0,7
S01011212,85 and over,0,0,0,0,0,0,0,0,0,0
S01011213,All people aged 16 and over in households,795,440,342,98,355,217,2,27,61,48
S01011213,16 to 24,144,22,2,20,122,120,1,1,0,0
S01011213,25 to 34,110,50,22,28,60,51,0,5,4,0
S01011213,35 to 49,202,123,89,34,79,40,0,12,25,2
S01011213,50 to 64,211,162,153,9,49,4,1,8,23,13
S01011213,65 to 74,95,69,64,5,26,2,0,1,8,15
S01011213,75 to 84,29,13,11,2,16,0,0,0,1,15
S01011213,85 and over,4,1,1,0,3,0,0,0,0,3
S01011214,All people aged 16 and over in households,648,358,274,84,290,181,4,22,43,40
S01011214,16 to 24,101,14,1,13,87,85,1,1,0,0
S01011214,25 to 34,113,60,27,33,53,44,0,5,3,1
S01011214,35 to 49,169,98,76,22,71,39,2,13,16,1
S01011214,50 to 64,124,91,78,13,33,10,0,3,13,7
S01011214,65 to 74,101,71,68,3,30,2,1,0,8,19
S01011214,75 to 84,39,23,23,0,16,1,0,0,3,12
S01011214,85 and over,1,1,1,0,0,0,0,0,0,0
S01011215,All people aged 16 and over in households,459,234,180,54,225,148,0,11,38,28
S01011215,16 to 24,83,7,0,7,76,76,0,0,0,0
S01011215,25 to 34,71,40,18,22,31,28,0,1,1,1
S01011215,35 to 49,142,86,67,19,56,31,0,6,18,1
S01011215,50 to 64,78,56,50,6,22,8,0,3,8,3
S01011215,65 to 74,58,36,36,0,22,2,0,0,8,12
S01011215,75 to 84,25,8,8,0,17,3,0,1,3,10
S01011215,85 and over,2,1,1,0,1,0,0,0,0,1
S01011216,All people aged 16 and over in households,376,158,96,62,218,118,3,14,46,37
S01011216,16 to 24,58,13,0,13,45,45,0,0,0,0
S01011216,25 to 34,82,43,11,32,39,34,2,0,3,0
S01011216,35 to 49,97,47,30,17,50,25,0,7,17,1
S01011216,50 to 64,73,30,30,0,43,10,1,5,22,5
S01011216,65 to 74,31,14,14,0,17,4,0,0,3,10
S01011216,75 to 84,33,11,11,0,22,0,0,2,1,19
S01011216,85 and over,2,0,0,0,2,0,0,0,0,2
S01011217,All people aged 16 and over in households,643,272,208,64,371,220,5,29,53,64
S01011217,16 to 24,118,12,0,12,106,104,1,0,1,0
S01011217,25 to 34,88,37,14,23,51,48,0,2,1,0
S01011217,35 to 49,185,94,72,22,91,51,3,16,19,2
S01011217,50 to 64,136,81,75,6,55,13,1,9,26,6
S01011217,65 to 74,58,32,31,1,26,3,0,2,4,17
S01011217,75 to 84,48,15,15,0,33,1,0,0,2,30
S01011217,85 and over,10,1,1,0,9,0,0,0,0,9
S01011218,All people aged 16 and over in households,502,226,158,68,276,165,3,18,50,40
S01011218,16 to 24,96,16,1,15,80,78,0,1,1,0
S01011218,25 to 34,100,45,20,25,55,47,0,6,2,0
S01011218,35 to 49,117,55,34,21,62,30,3,5,21,3
S01011218,50 to 64,109,64,58,6,45,8,0,4,19,14
S01011218,65 to 74,47,31,31,0,16,0,0,2,6,8
S01011218,75 to 84,27,15,14,1,12,2,0,0,1,9
S01011218,85 and over,6,0,0,0,6,0,0,0,0,6
S01011219,All people aged 16 and over in households,644,338,260,78,306,179,8,13,57,49
S01011219,16 to 24,95,12,2,10,83,82,0,0,1,0
S01011219,25 to 34,92,43,18,25,49,47,0,0,2,0
S01011219,35 to 49,185,122,88,34,63,36,4,7,15,1
S01011219,50 to 64,157,103,94,9,54,9,0,6,29,10
S01011219,65 to 74,71,42,42,0,29,5,1,0,6,17
S01011219,75 to 84,38,15,15,0,23,0,3,0,3,17
S01011219,85 and over,6,1,1,0,5,0,0,0,1,4
S01011220,All people aged 16 and over in households,737,373,288,85,364,208,4,22,75,55
S01011220,16 to 24,107,17,6,11,90,90,0,0,0,0
S01011220,25 to 34,112,48,25,23,64,59,0,4,0,1
S01011220,35 to 49,201,111,75,36,90,45,4,9,28,4
S01011220,50 to 64,158,104,90,14,54,7,0,8,31,8
S01011220,65 to 74,99,68,67,1,31,3,0,1,9,18
S01011220,75 to 84,48,24,24,0,24,4,0,0,5,15
S01011220,85 and over,12,1,1,0,11,0,0,0,2,9
S01011221,All people aged 16 and over in households,767,380,300,80,387,226,2,22,64,73
S01011221,16 to 24,118,16,5,11,102,100,0,1,0,1
S01011221,25 to 34,110,49,31,18,61,56,0,2,3,0
S01011221,35 to 49,220,141,105,36,79,42,1,8,23,5
S01011221,50 to 64,170,103,89,14,67,21,1,8,23,14
S01011221,65 to 74,78,50,49,1,28,3,0,3,9,13
S01011221,75 to 84,59,19,19,0,40,3,0,0,5,32
S01011221,85 and over,12,2,2,0,10,1,0,0,1,8
S01011222,All people aged 16 and over in households,555,306,266,40,249,131,1,17,48,52
S01011222,16 to 24,66,5,1,4,61,61,0,0,0,0
S01011222,25 to 34,66,30,19,11,36,34,1,0,1,0
S01011222,35 to 49,133,88,70,18,45,26,0,7,11,1
S01011222,50 to 64,148,110,103,7,38,3,0,7,26,2
S01011222,65 to 74,83,48,48,0,35,6,0,3,7,19
S01011222,75 to 84,49,23,23,0,26,1,0,0,3,22
S01011222,85 and over,10,2,2,0,8,0,0,0,0,8
S01011223,All people aged 16 and over in households,646,398,312,86,248,126,3,25,38,56
S01011223,16 to 24,78,16,0,16,62,62,0,0,0,0
S01011223,25 to 34,98,63,31,32,35,26,0,7,2,0
S01011223,35 to 49,159,112,85,27,47,22,1,12,12,0
S01011223,50 to 64,157,118,108,10,39,9,1,4,14,11
S01011223,65 to 74,78,58,57,1,20,3,0,2,4,11
S01011223,75 to 84,58,25,25,0,33,4,1,0,6,22
S01011223,85 and over,18,6,6,0,12,0,0,0,0,12
S01011224,All people aged 16 and over in households,598,286,242,44,312,168,5,16,53,70
S01011224,16 to 24,69,4,2,2,65,64,1,0,0,0
S01011224,25 to 34,69,33,17,16,36,32,0,2,1,1
S01011224,35 to 49,126,64,50,14,62,41,2,5,13,1
S01011224,50 to 64,165,105,98,7,60,18,1,5,29,7
S01011224,65 to 74,77,43,40,3,34,5,0,4,6,19
S01011224,75 to 84,73,32,30,2,41,5,1,0,3,32
S01011224,85 and over,19,5,5,0,14,3,0,0,1,10
S01011225,All people aged 16 and over in households,564,272,190,82,292,183,2,14,46,47
S01011225,16 to 24,92,11,4,7,81,81,0,0,0,0
S01011225,25 to 34,80,33,9,24,47,42,0,2,3,0
S01011225,35 to 49,122,70,43,27,52,27,1,5,16,3
S01011225,50 to 64,157,100,80,20,57,25,0,7,17,8
S01011225,65 to 74,62,36,32,4,26,6,0,0,8,12
S01011225,75 to 84,43,20,20,0,23,2,1,0,2,18
S01011225,85 and over,8,2,2,0,6,0,0,0,0,6
S01011226,All people aged 16 and over in households,831,530,492,38,301,135,5,18,35,108
S01011226,16 to 24,73,9,4,5,64,64,0,0,0,0
S01011226,25 to 34,65,25,17,8,40,37,0,3,0,0
S01011226,35 to 49,187,139,126,13,48,21,1,8,14,4
S01011226,50 to 64,228,190,180,10,38,10,2,5,15,6
S01011226,65 to 74,143,114,112,2,29,1,1,2,5,20
S01011226,75 to 84,95,45,45,0,50,1,0,0,1,48
S01011226,85 and over,40,8,8,0,32,1,1,0,0,30
S01011227,All people aged 16 and over in households,603,260,204,56,343,203,3,24,61,52
S01011227,16 to 24,97,21,3,18,76,76,0,0,0,0
S01011227,25 to 34,79,22,6,16,57,53,0,2,2,0
S01011227,35 to 49,149,74,56,18,75,46,0,8,19,2
S01011227,50 to 64,153,80,77,3,73,22,2,10,31,8
S01011227,65 to 74,67,42,41,1,25,3,0,3,7,12
S01011227,75 to 84,44,17,17,0,27,2,0,1,2,22
S01011227,85 and over,14,4,4,0,10,1,1,0,0,8
S01011228,All people aged 16 and over in households,674,290,218,72,384,173,11,27,86,87
S01011228,16 to 24,89,14,3,11,75,72,1,2,0,0
S01011228,25 to 34,89,47,25,22,42,35,3,0,4,0
S01011228,35 to 49,172,87,63,24,85,39,2,15,29,0
S01011228,50 to 64,123,66,58,8,57,13,1,6,26,11
S01011228,65 to 74,122,56,50,6,66,8,3,4,23,28
S01011228,75 to 84,57,16,15,1,41,4,1,0,4,32
S01011228,85 and over,22,4,4,0,18,2,0,0,0,16
S01011229,All people aged 16 and over in households,420,172,124,48,248,132,0,17,46,53
S01011229,16 to 24,52,9,0,9,43,41,0,2,0,0
S01011229,25 to 34,73,32,13,19,41,38,0,1,2,0
S01011229,35 to 49,82,33,17,16,49,32,0,8,7,2
S01011229,50 to 64,96,43,39,4,53,13,0,5,25,10
S01011229,65 to 74,55,30,30,0,25,4,0,1,9,11
S01011229,75 to 84,53,23,23,0,30,3,0,0,3,24
S01011229,85 and over,9,2,2,0,7,1,0,0,0,6
S01011230,All people aged 16 and over in households,731,228,138,90,503,283,4,36,111,69
S01011230,16 to 24,111,13,3,10,98,98,0,0,0,0
S01011230,25 to 34,120,34,6,28,86,79,1,3,3,0
S01011230,35 to 49,176,60,35,25,116,70,0,14,30,2
S01011230,50 to 64,180,73,54,19,107,20,3,11,56,17
S01011230,65 to 74,100,38,30,8,62,13,0,7,17,25
S01011230,75 to 84,36,8,8,0,28,3,0,1,5,19
S01011230,85 and over,8,2,2,0,6,0,0,0,0,6
S01011231,All people aged 16 and over in households,503,248,188,60,255,126,2,25,41,61
S01011231,16 to 24,63,6,0,6,57,57,0,0,0,0
S01011231,25 to 34,82,47,23,24,35,30,0,3,2,0
S01011231,35 to 49,111,71,52,19,40,20,0,8,10,2
S01011231,50 to 64,119,75,66,9,44,10,2,11,14,7
S01011231,65 to 74,65,35,33,2,30,2,0,3,11,14
S01011231,75 to 84,54,14,14,0,40,6,0,0,4,30
S01011231,85 and over,9,0,0,0,9,1,0,0,0,8
S01011232,All people aged 16 and over in households,780,386,256,130,394,224,4,31,85,50
S01011232,16 to 24,92,32,6,26,60,60,0,0,0,0
S01011232,25 to 34,142,52,12,40,90,89,0,1,0,0
S01011232,35 to 49,208,115,75,40,93,53,1,15,24,0
S01011232,50 to 64,208,114,98,16,94,19,2,11,50,12
S01011232,65 to 74,86,60,54,6,26,0,0,4,7,15
S01011232,75 to 84,37,12,10,2,25,1,1,0,4,19
S01011232,85 and over,7,1,1,0,6,2,0,0,0,4
S01011233,All people aged 16 and over in households,299,166,152,14,133,87,3,9,14,20
S01011233,16 to 24,48,2,2,0,46,46,0,0,0,0
S01011233,25 to 34,38,16,10,6,22,19,0,2,1,0
S01011233,35 to 49,78,51,46,5,27,18,1,2,6,0
S01011233,50 to 64,76,63,60,3,13,1,1,3,3,5
S01011233,65 to 74,43,29,29,0,14,3,0,2,4,5
S01011233,75 to 84,16,5,5,0,11,0,1,0,0,10
S01011233,85 and over,0,0,0,0,0,0,0,0,0,0
S01011234,All people aged 16 and over in households,788,363,260,103,425,263,3,27,68,64
S01011234,16 to 24,146,24,5,19,122,122,0,0,0,0
S01011234,25 to 34,127,70,36,34,57,55,0,1,1,0
S01011234,35 to 49,218,120,85,35,98,54,2,12,25,5
S01011234,50 to 64,198,112,99,13,86,25,1,13,33,14
S01011234,65 to 74,62,26,24,2,36,4,0,1,7,24
S01011234,75 to 84,29,10,10,0,19,3,0,0,2,14
S01011234,85 and over,8,1,1,0,7,0,0,0,0,7
S01011235,All people aged 16 and over in households,311,130,96,34,181,106,5,15,28,27
S01011235,16 to 24,46,3,0,3,43,42,0,0,0,1
S01011235,25 to 34,52,25,5,20,27,22,0,2,3,0
S01011235,35 to 49,76,27,22,5,49,32,2,8,6,1
S01011235,50 to 64,77,42,37,5,35,10,3,4,15,3
S01011235,65 to 74,46,28,27,1,18,0,0,1,3,14
S01011235,75 to 84,13,5,5,0,8,0,0,0,1,7
S01011235,85 and over,1,0,0,0,1,0,0,0,0,1
S01011236,All people aged 16 and over in households,461,222,178,44,239,141,0,9,47,42
S01011236,16 to 24,59,1,0,1,58,58,0,0,0,0
S01011236,25 to 34,56,28,9,19,28,26,0,0,2,0
S01011236,35 to 49,115,66,48,18,49,33,0,3,12,1
S01011236,50 to 64,120,73,69,4,47,15,0,5,20,7
S01011236,65 to 74,73,39,37,2,34,8,0,1,9,16
S01011236,75 to 84,31,14,14,0,17,1,0,0,4,12
S01011236,85 and over,7,1,1,0,6,0,0,0,0,6
S01011237,All people aged 16 and over in households,596,276,200,76,320,205,4,18,50,43
S01011237,16 to 24,97,10,0,10,87,85,2,0,0,0
S01011237,25 to 34,92,35,16,19,57,53,0,2,2,0
S01011237,35 to 49,164,99,62,37,65,37,0,9,18,1
S01011237,50 to 64,134,77,69,8,57,22,1,6,18,10
S01011237,65 to 74,65,33,31,2,32,3,0,1,10,18
S01011237,75 to 84,34,17,17,0,17,3,1,0,2,11
S01011237,85 and over,10,5,5,0,5,2,0,0,0,3
S01011238,All people aged 16 and over in households,516,192,126,66,324,186,0,30,70,38
S01011238,16 to 24,89,20,2,18,69,69,0,0,0,0
S01011238,25 to 34,88,31,11,20,57,52,0,1,4,0
S01011238,35 to 49,149,67,46,21,82,43,0,16,21,2
S01011238,50 to 64,112,52,47,5,60,11,0,10,30,9
S01011238,65 to 74,42,13,12,1,29,7,0,1,12,9
S01011238,75 to 84,27,7,6,1,20,3,0,2,2,13
S01011238,85 and over,9,2,2,0,7,1,0,0,1,5
S01011239,All people aged 16 and over in households,600,238,164,74,362,170,3,25,93,71
S01011239,16 to 24,72,20,2,18,52,52,0,0,0,0
S01011239,25 to 34,88,40,10,30,48,44,0,2,2,0
S01011239,35 to 49,124,43,33,10,81,40,0,9,29,3
S01011239,50 to 64,167,92,82,10,75,20,1,6,35,13
S01011239,65 to 74,90,37,32,5,53,8,0,5,19,21
S01011239,75 to 84,44,5,4,1,39,4,1,3,7,24
S01011239,85 and over,15,1,1,0,14,2,1,0,1,10
S01011240,All people aged 16 and over in households,627,200,130,70,427,231,3,34,97,62
S01011240,16 to 24,71,12,1,11,59,59,0,0,0,0
S01011240,25 to 34,107,37,15,22,70,69,0,1,0,0
S01011240,35 to 49,130,38,16,22,92,61,0,11,20,0
S01011240,50 to 64,179,61,52,9,118,34,1,17,60,6
S01011240,65 to 74,71,36,31,5,35,4,0,5,13,13
S01011240,75 to 84,42,15,15,0,27,2,1,0,3,21
S01011240,85 and over,27,1,0,1,26,2,1,0,1,22
S01011241,All people aged 16 and over in households,869,404,356,48,465,244,6,42,81,92
S01011241,16 to 24,108,12,3,9,96,95,1,0,0,0
S01011241,25 to 34,96,27,14,13,69,66,1,0,2,0
S01011241,35 to 49,190,107,98,9,83,38,2,17,26,0
S01011241,50 to 64,256,162,150,12,94,29,1,15,39,10
S01011241,65 to 74,127,64,63,1,63,9,1,7,10,36
S01011241,75 to 84,70,26,23,3,44,5,0,3,4,32
S01011241,85 and over,22,6,5,1,16,2,0,0,0,14
S01011242,All people aged 16 and over in households,643,332,280,52,311,167,6,14,57,67
S01011242,16 to 24,77,12,5,7,65,65,0,0,0,0
S01011242,25 to 34,55,27,14,13,28,28,0,0,0,0
S01011242,35 to 49,169,97,78,19,72,43,3,8,15,3
S01011242,50 to 64,177,116,110,6,61,14,2,5,30,10
S01011242,65 to 74,88,50,47,3,38,12,1,1,10,14
S01011242,75 to 84,58,29,25,4,29,1,0,0,2,26
S01011242,85 and over,19,1,1,0,18,4,0,0,0,14
S01011243,All people aged 16 and over in households,738,242,162,80,496,252,6,32,118,88
S01011243,16 to 24,115,23,0,23,92,92,0,0,0,0
S01011243,25 to 34,98,39,14,25,59,50,2,4,3,0
S01011243,35 to 49,173,53,38,15,120,75,0,12,30,3
S01011243,50 to 64,178,73,60,13,105,26,2,12,56,9
S01011243,65 to 74,92,38,34,4,54,7,0,2,27,18
S01011243,75 to 84,57,15,15,0,42,1,2,1,2,36
S01011243,85 and over,25,1,1,0,24,1,0,1,0,22
S01011244,All people aged 16 and over in households,576,200,128,72,376,230,3,28,73,42
S01011244,16 to 24,102,28,5,23,74,73,1,0,0,0
S01011244,25 to 34,106,30,10,20,76,69,1,3,3,0
S01011244,35 to 49,132,50,33,17,82,53,0,9,18,2
S01011244,50 to 64,147,58,46,12,89,24,1,14,41,9
S01011244,65 to 74,48,19,19,0,29,4,0,2,9,14
S01011244,75 to 84,36,14,14,0,22,6,0,0,2,14
S01011244,85 and over,5,1,1,0,4,1,0,0,0,3
S01011245,All people aged 16 and over in households,718,324,260,64,394,235,7,23,64,65
S01011245,16 to 24,82,8,1,7,74,74,0,0,0,0
S01011245,25 to 34,111,42,14,28,69,65,2,1,1,0
S01011245,35 to 49,171,79,56,23,92,56,2,13,20,1
S01011245,50 to 64,187,103,98,5,84,37,0,9,27,11
S01011245,65 to 74,106,67,66,1,39,2,0,0,13,24
S01011245,75 to 84,43,22,22,0,21,1,2,0,3,15
S01011245,85 and over,18,3,3,0,15,0,1,0,0,14
S01011246,All people aged 16 and over in households,747,444,364,80,303,164,3,26,46,64
S01011246,16 to 24,64,6,1,5,58,58,0,0,0,0
S01011246,25 to 34,95,57,31,26,38,35,1,1,1,0
S01011246,35 to 49,192,118,87,31,74,41,0,11,16,6
S01011246,50 to 64,235,165,152,13,70,22,0,13,21,14
S01011246,65 to 74,95,69,65,4,26,4,1,0,5,16
S01011246,75 to 84,53,26,25,1,27,3,1,1,3,19
S01011246,85 and over,13,3,3,0,10,1,0,0,0,9
S01011247,All people aged 16 and over in households,685,462,420,42,223,118,4,10,36,55
S01011247,16 to 24,59,5,0,5,54,54,0,0,0,0
S01011247,25 to 34,39,22,15,7,17,14,0,1,2,0
S01011247,35 to 49,162,115,93,22,47,27,1,5,12,2
S01011247,50 to 64,201,162,156,6,39,16,2,4,14,3
S01011247,65 to 74,122,97,97,0,25,2,0,0,6,17
S01011247,75 to 84,79,53,51,2,26,2,0,0,2,22
S01011247,85 and over,23,8,8,0,15,3,1,0,0,11
S01011248,All people aged 16 and over in households,630,390,340,50,240,137,0,14,38,51
S01011248,16 to 24,87,9,2,7,78,76,0,0,0,2
S01011248,25 to 34,71,40,20,20,31,29,0,0,2,0
S01011248,35 to 49,169,120,102,18,49,25,0,7,15,2
S01011248,50 to 64,187,154,150,4,33,5,0,3,14,11
S01011248,65 to 74,74,44,43,1,30,1,0,4,7,18
S01011248,75 to 84,30,20,20,0,10,0,0,0,0,10
S01011248,85 and over,12,3,3,0,9,1,0,0,0,8
S01011249,All people aged 16 and over in households,617,400,362,38,217,134,0,11,32,40
S01011249,16 to 24,92,6,0,6,86,86,0,0,0,0
S01011249,25 to 34,44,21,13,8,23,22,0,1,0,0
S01011249,35 to 49,191,154,137,17,37,15,0,6,14,2
S01011249,50 to 64,151,117,110,7,34,8,0,4,11,11
S01011249,65 to 74,90,76,76,0,14,3,0,0,6,5
S01011249,75 to 84,37,22,22,0,15,0,0,0,1,14
S01011249,85 and over,12,4,4,0,8,0,0,0,0,8
S01011250,All people aged 16 and over in households,800,378,242,136,422,262,8,37,77,38
S01011250,16 to 24,150,23,0,23,127,123,2,2,0,0
S01011250,25 to 34,146,82,33,49,64,57,0,4,3,0
S01011250,35 to 49,248,125,75,50,123,66,4,16,33,4
S01011250,50 to 64,161,91,77,14,70,12,1,14,36,7
S01011250,65 to 74,62,40,40,0,22,3,0,0,4,15
S01011250,75 to 84,29,16,16,0,13,1,1,1,1,9
S01011250,85 and over,4,1,1,0,3,0,0,0,0,3
S01011251,All people aged 16 and over in households,700,360,290,70,340,215,5,17,45,58
S01011251,16 to 24,117,15,3,12,102,102,0,0,0,0
S01011251,25 to 34,99,52,33,19,47,43,1,2,1,0
S01011251,35 to 49,185,114,87,27,71,41,1,6,22,1
S01011251,50 to 64,178,123,112,11,55,20,3,8,12,12
S01011251,65 to 74,80,48,47,1,32,4,0,1,7,20
S01011251,75 to 84,28,6,6,0,22,3,0,0,3,16
S01011251,85 and over,13,2,2,0,11,2,0,0,0,9
S01011252,All people aged 16 and over in households,632,294,210,84,338,220,2,18,61,37
S01011252,16 to 24,112,7,0,7,105,104,1,0,0,0
S01011252,25 to 34,120,66,25,41,54,49,0,3,2,0
S01011252,35 to 49,168,86,61,25,82,49,0,8,24,1
S01011252,50 to 64,147,87,76,11,60,13,1,7,28,11
S01011252,65 to 74,65,45,45,0,20,1,0,0,5,14
S01011252,75 to 84,15,3,3,0,12,4,0,0,1,7
S01011252,85 and over,5,0,0,0,5,0,0,0,1,4
S01011253,All people aged 16 and over in households,692,288,222,66,404,235,6,25,67,71
S01011253,16 to 24,124,9,1,8,115,113,2,0,0,0
S01011253,25 to 34,97,43,23,20,54,44,3,5,2,0
S01011253,35 to 49,194,104,79,25,90,50,1,12,24,3
S01011253,50 to 64,159,88,75,13,71,20,0,7,29,15
S01011253,65 to 74,64,31,31,0,33,6,0,1,7,19
S01011253,75 to 84,38,11,11,0,27,2,0,0,5,20
S01011253,85 and over,16,2,2,0,14,0,0,0,0,14
S01011254,All people aged 16 and over in households,791,552,492,60,239,174,1,15,18,31
S01011254,16 to 24,119,4,0,4,115,115,0,0,0,0
S01011254,25 to 34,105,67,48,19,38,36,1,1,0,0
S01011254,35 to 49,217,181,156,25,36,15,0,9,11,1
S01011254,50 to 64,236,214,202,12,22,5,0,3,6,8
S01011254,65 to 74,79,63,63,0,16,2,0,2,1,11
S01011254,75 to 84,30,20,20,0,10,1,0,0,0,9
S01011254,85 and over,5,3,3,0,2,0,0,0,0,2
S01011255,All people aged 16 and over in households,576,434,390,44,142,103,7,8,12,12
S01011255,16 to 24,71,2,0,2,69,69,0,0,0,0
S01011255,25 to 34,93,71,59,12,22,20,0,1,1,0
S01011255,35 to 49,253,227,200,27,26,13,1,5,6,1
S01011255,50 to 64,109,95,92,3,14,1,4,2,4,3
S01011255,65 to 74,41,35,35,0,6,0,1,0,1,4
S01011255,75 to 84,8,4,4,0,4,0,1,0,0,3
S01011255,85 and over,1,0,0,0,1,0,0,0,0,1
S01011256,All people aged 16 and over in households,336,252,206,46,84,56,2,7,12,7
S01011256,16 to 24,39,5,0,5,34,34,0,0,0,0
S01011256,25 to 34,56,45,37,8,11,8,0,1,2,0
S01011256,35 to 49,162,139,112,27,23,9,1,5,7,1
S01011256,50 to 64,53,46,42,4,7,3,0,1,2,1
S01011256,65 to 74,21,15,13,2,6,2,1,0,1,2
S01011256,75 to 84,4,2,2,0,2,0,0,0,0,2
S01011256,85 and over,1,0,0,0,1,0,0,0,0,1
S01011257,All people aged 16 and over in households,372,256,240,16,116,61,1,1,13,40
S01011257,16 to 24,32,0,0,0,32,32,0,0,0,0
S01011257,25 to 34,23,11,6,5,12,12,0,0,0,0
S01011257,35 to 49,51,40,33,7,11,7,0,0,4,0
S01011257,50 to 64,133,109,105,4,24,7,0,1,4,12
S01011257,65 to 74,86,70,70,0,16,0,1,0,3,12
S01011257,75 to 84,41,24,24,0,17,3,0,0,2,12
S01011257,85 and over,6,2,2,0,4,0,0,0,0,4
S01011258,All people aged 16 and over in households,478,290,270,20,188,119,2,13,26,28
S01011258,16 to 24,69,0,0,0,69,69,0,0,0,0
S01011258,25 to 34,35,8,5,3,27,27,0,0,0,0
S01011258,35 to 49,118,92,81,11,26,13,0,7,6,0
S01011258,50 to 64,146,120,114,6,26,6,1,5,13,1
S01011258,65 to 74,75,57,57,0,18,1,1,0,3,13
S01011258,75 to 84,29,13,13,0,16,3,0,1,2,10
S01011258,85 and over,6,0,0,0,6,0,0,0,2,4
S01011259,All people aged 16 and over in households,664,353,281,72,311,169,4,17,40,81
S01011259,16 to 24,81,16,0,16,65,64,0,0,0,1
S01011259,25 to 34,76,31,8,23,45,43,0,1,0,1
S01011259,35 to 49,126,83,64,19,43,30,0,6,6,1
S01011259,50 to 64,184,127,115,12,57,17,1,8,23,8
S01011259,65 to 74,97,64,62,2,33,4,2,2,6,19
S01011259,75 to 84,70,27,27,0,43,7,1,0,3,32
S01011259,85 and over,30,5,5,0,25,4,0,0,2,19
S01011260,All people aged 16 and over in households,633,384,348,36,249,149,2,16,23,59
S01011260,16 to 24,81,3,2,1,78,78,0,0,0,0
S01011260,25 to 34,48,19,7,12,29,29,0,0,0,0
S01011260,35 to 49,153,116,100,16,37,18,1,8,9,1
S01011260,50 to 64,166,132,127,5,34,12,0,4,10,8
S01011260,65 to 74,101,73,73,0,28,7,0,4,2,15
S01011260,75 to 84,67,36,34,2,31,4,1,0,2,24
S01011260,85 and over,17,5,5,0,12,1,0,0,0,11
S01011261,All people aged 16 and over in households,614,271,204,67,343,217,6,18,48,54
S01011261,16 to 24,114,5,4,1,109,109,0,0,0,0
S01011261,25 to 34,97,43,25,18,54,44,0,5,5,0
S01011261,35 to 49,157,85,60,25,72,39,3,10,19,1
S01011261,50 to 64,138,87,69,18,51,21,0,2,17,11
S01011261,65 to 74,73,40,35,5,33,2,2,1,7,21
S01011261,75 to 84,25,10,10,0,15,0,0,0,0,15
S01011261,85 and over,10,1,1,0,9,2,1,0,0,6
S01011262,All people aged 16 and over in households,403,198,156,42,205,115,1,14,35,40
S01011262,16 to 24,54,1,0,1,53,53,0,0,0,0
S01011262,25 to 34,50,20,6,14,30,25,1,3,1,0
S01011262,35 to 49,110,67,49,18,43,23,0,6,12,2
S01011262,50 to 64,108,69,61,8,39,11,0,5,19,4
S01011262,65 to 74,45,29,28,1,16,1,0,0,2,13
S01011262,75 to 84,23,11,11,0,12,0,0,0,1,11
S01011262,85 and over,13,1,1,0,12,2,0,0,0,10
S01011263,All people aged 16 and over in households,799,486,368,118,313,198,6,17,58,34
S01011263,16 to 24,130,29,8,21,101,99,0,2,0,0
S01011263,25 to 34,190,142,92,50,48,44,0,1,3,0
S01011263,35 to 49,253,178,140,38,75,40,1,9,24,1
S01011263,50 to 64,126,81,72,9,45,9,1,5,18,12
S01011263,65 to 74,69,44,44,0,25,3,3,0,7,12
S01011263,75 to 84,22,11,11,0,11,2,1,0,5,3
S01011263,85 and over,9,1,1,0,8,1,0,0,1,6
S01011264,All people aged 16 and over in households,510,268,214,54,242,157,0,15,47,23
S01011264,16 to 24,85,4,3,1,81,81,0,0,0,0
S01011264,25 to 34,78,35,16,19,43,36,0,2,5,0
S01011264,35 to 49,154,101,83,18,53,27,0,7,19,0
S01011264,50 to 64,121,85,74,11,36,9,0,6,16,5
S01011264,65 to 74,47,35,30,5,12,2,0,0,6,4
S01011264,75 to 84,21,8,8,0,13,2,0,0,1,10
S01011264,85 and over,4,0,0,0,4,0,0,0,0,4
S01011265,All people aged 16 and over in households,799,344,234,110,455,285,5,28,81,56
S01011265,16 to 24,141,13,1,12,128,127,1,0,0,0
S01011265,25 to 34,148,67,24,43,81,71,1,4,4,1
S01011265,35 to 49,253,137,99,38,116,66,1,16,31,2
S01011265,50 to 64,147,83,67,16,64,19,0,7,28,10
S01011265,65 to 74,61,31,30,1,30,1,1,1,12,15
S01011265,75 to 84,43,13,13,0,30,0,0,0,4,26
S01011265,85 and over,6,0,0,0,6,1,1,0,2,2
S01011266,All people aged 16 and over in households,745,426,362,64,319,179,6,20,46,68
S01011266,16 to 24,94,4,1,3,90,89,0,1,0,0
S01011266,25 to 34,96,48,32,16,48,45,1,2,0,0
S01011266,35 to 49,194,135,99,36,59,35,1,7,15,1
S01011266,50 to 64,171,127,118,9,44,7,1,8,18,10
S01011266,65 to 74,107,64,64,0,43,2,0,2,11,28
S01011266,75 to 84,73,44,44,0,29,1,3,0,2,23
S01011266,85 and over,10,4,4,0,6,0,0,0,0,6
S01011267,All people aged 16 and over in households,500,306,280,26,194,109,5,9,29,42
S01011267,16 to 24,53,4,2,2,49,49,0,0,0,0
S01011267,25 to 34,45,13,10,3,32,31,0,1,0,0
S01011267,35 to 49,114,89,78,11,25,13,0,4,7,1
S01011267,50 to 64,144,108,102,6,36,9,3,2,17,5
S01011267,65 to 74,89,66,63,3,23,3,1,2,4,13
S01011267,75 to 84,45,23,22,1,22,4,1,0,1,16
S01011267,85 and over,10,3,3,0,7,0,0,0,0,7
S01011268,All people aged 16 and over in households,333,200,180,20,133,73,1,8,17,34
S01011268,16 to 24,29,2,2,0,27,27,0,0,0,0
S01011268,25 to 34,35,16,4,12,19,18,0,1,0,0
S01011268,35 to 49,75,52,50,2,23,15,1,4,3,0
S01011268,50 to 64,102,79,74,5,23,9,0,3,9,2
S01011268,65 to 74,52,37,36,1,15,1,0,0,3,11
S01011268,75 to 84,29,12,12,0,17,3,0,0,2,12
S01011268,85 and over,11,2,2,0,9,0,0,0,0,9
S01011269,All people aged 16 and over in households,441,222,182,40,219,112,3,15,42,47
S01011269,16 to 24,47,4,0,4,43,43,0,0,0,0
S01011269,25 to 34,46,16,6,10,30,26,1,3,0,0
S01011269,35 to 49,90,51,35,16,39,27,1,2,9,0
S01011269,50 to 64,123,83,74,9,40,9,1,9,17,4
S01011269,65 to 74,83,49,48,1,34,4,0,1,13,16
S01011269,75 to 84,45,18,18,0,27,2,0,0,3,22
S01011269,85 and over,7,1,1,0,6,1,0,0,0,5
S01011270,All people aged 16 and over in households,569,266,176,90,303,164,3,27,57,52
S01011270,16 to 24,88,19,0,19,69,69,0,0,0,0
S01011270,25 to 34,88,46,14,32,42,39,0,2,1,0
S01011270,35 to 49,154,78,55,23,76,43,1,14,16,2
S01011270,50 to 64,131,73,59,14,58,10,1,8,29,10
S01011270,65 to 74,62,32,30,2,30,0,0,3,5,22
S01011270,75 to 84,34,15,15,0,19,3,0,0,5,11
S01011270,85 and over,12,3,3,0,9,0,1,0,1,7
S01011271,All people aged 16 and over in households,653,366,310,56,287,160,7,19,36,65
S01011271,16 to 24,85,9,0,9,76,76,0,0,0,0
S01011271,25 to 34,60,20,9,11,40,38,1,0,1,0
S01011271,35 to 49,155,94,67,27,61,31,5,13,9,3
S01011271,50 to 64,196,153,146,7,43,8,0,6,16,13
S01011271,65 to 74,95,63,61,2,32,4,0,0,9,19
S01011271,75 to 84,51,24,24,0,27,3,1,0,1,22
S01011271,85 and over,11,3,3,0,8,0,0,0,0,8
S01011272,All people aged 16 and over in households,628,274,198,76,354,211,5,15,64,59
S01011272,16 to 24,88,12,0,12,76,73,2,1,0,0
S01011272,25 to 34,95,33,14,19,62,55,1,2,2,2
S01011272,35 to 49,146,69,45,24,77,44,0,8,23,2
S01011272,50 to 64,161,96,79,17,65,25,2,3,30,5
S01011272,65 to 74,86,53,49,4,33,7,0,1,6,19
S01011272,75 to 84,40,10,10,0,30,6,0,0,2,22
S01011272,85 and over,12,1,1,0,11,1,0,0,1,9
S01011273,All people aged 16 and over in households,648,324,254,70,324,213,1,28,49,33
S01011273,16 to 24,115,10,3,7,105,105,0,0,0,0
S01011273,25 to 34,98,38,18,20,60,53,0,5,2,0
S01011273,35 to 49,185,108,80,28,77,44,0,15,18,0
S01011273,50 to 64,160,115,103,12,45,8,1,8,19,9
S01011273,65 to 74,68,42,39,3,26,2,0,0,7,17
S01011273,75 to 84,20,11,11,0,9,1,0,0,3,5
S01011273,85 and over,2,0,0,0,2,0,0,0,0,2
S01011274,All people aged 16 and over in households,676,324,216,108,352,227,4,33,52,36
S01011274,16 to 24,123,19,3,16,104,102,0,2,0,0
S01011274,25 to 34,124,55,22,33,69,61,1,3,4,0
S01011274,35 to 49,196,119,85,34,77,44,3,14,15,1
S01011274,50 to 64,143,84,66,18,59,15,0,12,24,8
S01011274,65 to 74,51,33,27,6,18,2,0,1,7,8
S01011274,75 to 84,32,10,9,1,22,3,0,0,2,17
S01011274,85 and over,7,4,4,0,3,0,0,1,0,2
S01011275,All people aged 16 and over in households,514,266,180,86,248,169,1,25,27,26
S01011275,16 to 24,94,12,1,11,82,82,0,0,0,0
S01011275,25 to 34,86,47,16,31,39,34,0,3,2,0
S01011275,35 to 49,159,92,65,27,67,41,0,14,11,1
S01011275,50 to 64,107,73,60,13,34,12,1,6,10,5
S01011275,65 to 74,50,32,30,2,18,0,0,2,2,14
S01011275,75 to 84,16,9,7,2,7,0,0,0,2,5
S01011275,85 and over,2,1,1,0,1,0,0,0,0,1
S01011276,All people aged 16 and over in households,769,410,338,72,359,216,2,30,54,57
S01011276,16 to 24,127,9,2,7,118,116,0,2,0,0
S01011276,25 to 34,98,49,19,30,49,36,0,9,4,0
S01011276,35 to 49,223,138,113,25,85,51,1,13,20,0
S01011276,50 to 64,179,126,116,10,53,10,0,4,28,11
S01011276,65 to 74,71,52,52,0,19,2,0,2,2,13
S01011276,75 to 84,63,35,35,0,28,1,1,0,0,26
S01011276,85 and over,8,1,1,0,7,0,0,0,0,7
S01011277,All people aged 16 and over in households,579,380,324,56,199,134,5,9,21,30
S01011277,16 to 24,77,3,0,3,74,73,1,0,0,0
S01011277,25 to 34,90,54,23,31,36,32,1,2,1,0
S01011277,35 to 49,136,103,81,22,33,16,2,6,8,1
S01011277,50 to 64,183,161,161,0,22,4,1,1,10,6
S01011277,65 to 74,68,48,48,0,20,4,0,0,2,14
S01011277,75 to 84,19,11,11,0,8,4,0,0,0,4
S01011277,85 and over,6,0,0,0,6,1,0,0,0,5
S01011278,All people aged 16 and over in households,417,276,230,46,141,92,0,12,20,17
S01011278,16 to 24,44,6,1,5,38,38,0,0,0,0
S01011278,25 to 34,84,55,38,17,29,28,0,0,1,0
S01011278,35 to 49,121,92,72,20,29,18,0,8,3,0
S01011278,50 to 64,124,97,93,4,27,6,0,4,9,8
S01011278,65 to 74,27,20,20,0,7,1,0,0,5,1
S01011278,75 to 84,13,5,5,0,8,1,0,0,2,5
S01011278,85 and over,4,1,1,0,3,0,0,0,0,3
S01011279,All people aged 16 and over in households,561,356,298,58,205,123,0,11,26,45
S01011279,16 to 24,60,6,1,5,54,54,0,0,0,0
S01011279,25 to 34,94,45,19,26,49,45,0,3,1,0
S01011279,35 to 49,108,85,66,19,23,11,0,5,6,1
S01011279,50 to 64,166,137,131,6,29,9,0,3,10,7
S01011279,65 to 74,76,63,61,2,13,2,0,0,5,6
S01011279,75 to 84,45,20,20,0,25,2,0,0,4,19
S01011279,85 and over,12,0,0,0,12,0,0,0,0,12
S01011280,All people aged 16 and over in households,517,376,352,24,141,100,3,7,10,21
S01011280,16 to 24,68,0,0,0,68,68,0,0,0,0
S01011280,25 to 34,38,16,12,4,22,22,0,0,0,0
S01011280,35 to 49,100,83,74,9,17,7,2,5,2,1
S01011280,50 to 64,202,186,176,10,16,1,1,1,7,6
S01011280,65 to 74,79,68,67,1,11,1,0,0,1,9
S01011280,75 to 84,29,22,22,0,7,1,0,1,0,5
S01011280,85 and over,1,1,1,0,0,0,0,0,0,0
S01011281,All people aged 16 and over in households,519,344,314,30,175,127,1,10,18,19
S01011281,16 to 24,89,3,1,2,86,86,0,0,0,0
S01011281,25 to 34,62,37,19,18,25,24,0,1,0,0
S01011281,35 to 49,184,151,143,8,33,11,1,8,12,1
S01011281,50 to 64,121,109,108,1,12,2,0,1,6,3
S01011281,65 to 74,39,32,31,1,7,2,0,0,0,5
S01011281,75 to 84,19,11,11,0,8,1,0,0,0,7
S01011281,85 and over,5,1,1,0,4,1,0,0,0,3
S01011282,All people aged 16 and over in households,695,496,434,62,199,126,0,18,20,35
S01011282,16 to 24,84,2,0,2,82,82,0,0,0,0
S01011282,25 to 34,108,80,59,21,28,25,0,2,0,1
S01011282,35 to 49,273,241,212,29,32,15,0,11,5,1
S01011282,50 to 64,156,134,124,10,22,4,0,5,12,1
S01011282,65 to 74,50,33,33,0,17,0,0,0,2,15
S01011282,75 to 84,21,6,6,0,15,0,0,0,1,14
S01011282,85 and over,3,0,0,0,3,0,0,0,0,3
S01011283,All people aged 16 and over in households,549,428,366,62,121,95,1,9,11,5
S01011283,16 to 24,72,3,1,2,69,69,0,0,0,0
S01011283,25 to 34,96,84,54,30,12,10,0,2,0,0
S01011283,35 to 49,226,204,181,23,22,12,0,5,5,0
S01011283,50 to 64,130,116,110,6,14,4,1,2,6,1
S01011283,65 to 74,19,17,16,1,2,0,0,0,0,2
S01011283,75 to 84,5,4,4,0,1,0,0,0,0,1
S01011283,85 and over,1,0,0,0,1,0,0,0,0,1
S01011284,All people aged 16 and over in households,410,334,306,28,76,56,2,4,8,6
S01011284,16 to 24,37,0,0,0,37,37,0,0,0,0
S01011284,25 to 34,75,59,47,12,16,13,0,1,2,0
S01011284,35 to 49,215,202,189,13,13,4,1,2,5,1
S01011284,50 to 64,71,63,60,3,8,2,1,1,1,3
S01011284,65 to 74,8,8,8,0,0,0,0,0,0,0
S01011284,75 to 84,1,1,1,0,0,0,0,0,0,0
S01011284,85 and over,3,1,1,0,2,0,0,0,0,2
S01011285,All people aged 16 and over in households,549,286,202,84,263,144,4,27,49,39
S01011285,16 to 24,87,12,0,12,75,75,0,0,0,0
S01011285,25 to 34,110,59,23,36,51,44,1,4,2,0
S01011285,35 to 49,126,79,56,23,47,19,0,12,14,2
S01011285,50 to 64,143,93,82,11,50,5,3,10,22,10
S01011285,65 to 74,62,35,33,2,27,0,0,1,7,19
S01011285,75 to 84,17,6,6,0,11,1,0,0,3,7
S01011285,85 and over,4,2,2,0,2,0,0,0,1,1
S01011286,All people aged 16 and over in households,551,268,212,56,283,177,2,19,42,43
S01011286,16 to 24,107,10,0,10,97,97,0,0,0,0
S01011286,25 to 34,89,47,31,16,42,38,0,3,0,1
S01011286,35 to 49,167,102,78,24,65,36,2,9,17,1
S01011286,50 to 64,111,72,68,4,39,5,0,7,18,9
S01011286,65 to 74,41,24,24,0,17,0,0,0,6,11
S01011286,75 to 84,31,11,9,2,20,1,0,0,1,18
S01011286,85 and over,5,2,2,0,3,0,0,0,0,3
S01011287,All people aged 16 and over in households,633,314,258,56,319,205,2,23,58,31
S01011287,16 to 24,100,3,0,3,97,97,0,0,0,0
S01011287,25 to 34,118,53,32,21,65,60,0,1,4,0
S01011287,35 to 49,166,104,81,23,62,31,0,14,17,0
S01011287,50 to 64,156,106,97,9,50,15,1,8,21,5
S01011287,65 to 74,61,38,38,0,23,1,0,0,12,10
S01011287,75 to 84,26,10,10,0,16,0,1,0,4,11
S01011287,85 and over,6,0,0,0,6,1,0,0,0,5
S01011288,All people aged 16 and over in households,595,316,254,62,279,174,5,19,39,42
S01011288,16 to 24,108,11,2,9,97,97,0,0,0,0
S01011288,25 to 34,93,47,24,23,46,39,0,3,4,0
S01011288,35 to 49,141,89,70,19,52,31,2,8,7,4
S01011288,50 to 64,135,95,88,7,40,6,2,6,20,6
S01011288,65 to 74,78,57,55,2,21,0,1,2,5,13
S01011288,75 to 84,33,14,12,2,19,1,0,0,3,15
S01011288,85 and over,7,3,3,0,4,0,0,0,0,4
S01011289,All people aged 16 and over in households,753,386,324,62,367,196,9,21,72,69
S01011289,16 to 24,109,5,2,3,104,104,0,0,0,0
S01011289,25 to 34,108,59,32,27,49,43,4,0,2,0
S01011289,35 to 49,184,122,105,17,62,31,1,10,18,2
S01011289,50 to 64,208,136,125,11,72,12,2,10,40,8
S01011289,65 to 74,73,47,43,4,26,2,0,1,9,14
S01011289,75 to 84,62,17,17,0,45,4,0,0,3,38
S01011289,85 and over,9,0,0,0,9,0,2,0,0,7
S01011290,All people aged 16 and over in households,886,454,348,106,432,248,5,37,68,74
S01011290,16 to 24,141,26,1,25,115,115,0,0,0,0
S01011290,25 to 34,126,66,31,35,60,56,0,3,1,0
S01011290,35 to 49,209,114,87,27,95,48,1,21,22,3
S01011290,50 to 64,225,150,137,13,75,19,2,9,33,12
S01011290,65 to 74,103,66,60,6,37,1,0,4,9,23
S01011290,75 to 84,62,28,28,0,34,8,1,0,2,23
S01011290,85 and over,20,4,4,0,16,1,1,0,1,13
S01011291,All people aged 16 and over in households,673,357,260,97,316,181,1,27,46,61
S01011291,16 to 24,77,14,0,14,63,63,0,0,0,0
S01011291,25 to 34,102,55,21,34,47,39,1,5,2,0
S01011291,35 to 49,178,101,67,34,77,54,0,11,12,0
S01011291,50 to 64,167,110,97,13,57,16,0,10,19,12
S01011291,65 to 74,95,55,55,0,40,6,0,1,11,22
S01011291,75 to 84,47,22,20,2,25,2,0,0,2,21
S01011291,85 and over,7,0,0,0,7,1,0,0,0,6
S01011292,All people aged 16 and over in households,567,244,176,68,323,188,2,25,52,56
S01011292,16 to 24,121,23,2,21,98,98,0,0,0,0
S01011292,25 to 34,73,32,12,20,41,36,0,5,0,0
S01011292,35 to 49,121,62,41,21,59,35,0,9,15,0
S01011292,50 to 64,145,90,84,6,55,12,2,6,29,6
S01011292,65 to 74,47,20,20,0,27,3,0,4,6,14
S01011292,75 to 84,40,16,16,0,24,2,0,1,2,19
S01011292,85 and over,20,1,1,0,19,2,0,0,0,17
S01011293,All people aged 16 and over in households,591,314,242,72,277,149,2,17,46,63
S01011293,16 to 24,83,15,2,13,68,68,0,0,0,0
S01011293,25 to 34,80,30,13,17,50,42,1,1,5,1
S01011293,35 to 49,150,110,84,26,40,24,0,9,7,0
S01011293,50 to 64,138,87,75,12,51,9,0,6,20,16
S01011293,65 to 74,78,46,43,3,32,4,0,0,10,18
S01011293,75 to 84,53,25,24,1,28,2,1,1,4,20
S01011293,85 and over,9,1,1,0,8,0,0,0,0,8
S01011294,All people aged 16 and over in households,720,308,250,58,412,201,9,24,74,104
S01011294,16 to 24,77,7,0,7,70,69,1,0,0,0
S01011294,25 to 34,100,38,20,18,62,57,1,4,0,0
S01011294,35 to 49,133,61,46,15,72,47,1,8,16,0
S01011294,50 to 64,172,99,86,13,73,22,1,8,29,13
S01011294,65 to 74,121,72,67,5,49,0,2,4,16,27
S01011294,75 to 84,91,29,29,0,62,5,2,0,13,42
S01011294,85 and over,26,2,2,0,24,1,1,0,0,22
S01011295,All people aged 16 and over in households,821,528,456,72,293,176,2,13,36,66
S01011295,16 to 24,93,9,0,9,84,84,0,0,0,0
S01011295,25 to 34,99,52,28,24,47,45,0,1,1,0
S01011295,35 to 49,206,163,136,27,43,29,0,4,7,3
S01011295,50 to 64,199,156,148,8,43,14,1,7,17,4
S01011295,65 to 74,144,113,110,3,31,1,1,1,10,18
S01011295,75 to 84,63,31,30,1,32,2,0,0,1,29
S01011295,85 and over,17,4,4,0,13,1,0,0,0,12
S01011296,All people aged 16 and over in households,492,274,234,40,218,117,2,20,22,57
S01011296,16 to 24,66,7,0,7,59,59,0,0,0,0
S01011296,25 to 34,30,10,4,6,20,17,0,2,1,0
S01011296,35 to 49,113,77,62,15,36,18,1,9,6,2
S01011296,50 to 64,152,115,106,9,37,16,0,6,10,5
S01011296,65 to 74,73,49,47,2,24,4,0,2,5,13
S01011296,75 to 84,42,15,14,1,27,3,1,1,0,22
S01011296,85 and over,16,1,1,0,15,0,0,0,0,15
S01011297,All people aged 16 and over in households,650,340,250,90,310,208,3,19,43,37
S01011297,16 to 24,139,14,2,12,125,124,0,1,0,0
S01011297,25 to 34,99,54,22,32,45,43,0,1,1,0
S01011297,35 to 49,175,110,74,36,65,30,1,9,22,3
S01011297,50 to 64,149,111,102,9,38,6,1,8,14,9
S01011297,65 to 74,60,37,36,1,23,2,0,0,6,15
S01011297,75 to 84,26,12,12,0,14,3,1,0,0,10
S01011297,85 and over,2,2,2,0,0,0,0,0,0,0
S01011298,All people aged 16 and over in households,480,242,192,50,238,168,2,15,28,25
S01011298,16 to 24,98,8,4,4,90,89,0,1,0,0
S01011298,25 to 34,68,28,18,10,40,39,0,1,0,0
S01011298,35 to 49,150,93,66,27,57,29,2,9,15,2
S01011298,50 to 64,107,87,78,9,20,7,0,2,9,2
S01011298,65 to 74,37,24,24,0,13,2,0,2,3,6
S01011298,75 to 84,13,2,2,0,11,2,0,0,1,8
S01011298,85 and over,7,0,0,0,7,0,0,0,0,7
S01011299,All people aged 16 and over in households,414,276,248,28,138,85,4,9,15,25
S01011299,16 to 24,33,1,0,1,32,31,1,0,0,0
S01011299,25 to 34,46,21,15,6,25,25,0,0,0,0
S01011299,35 to 49,98,73,61,12,25,17,1,5,2,0
S01011299,50 to 64,146,117,111,6,29,6,1,2,11,9
S01011299,65 to 74,64,50,47,3,14,4,1,2,2,5
S01011299,75 to 84,24,14,14,0,10,2,0,0,0,8
S01011299,85 and over,3,0,0,0,3,0,0,0,0,3
S01011300,All people aged 16 and over in households,767,402,312,90,365,210,2,26,63,64
S01011300,16 to 24,105,6,0,6,99,99,0,0,0,0
S01011300,25 to 34,105,51,14,37,54,47,0,6,0,1
S01011300,35 to 49,207,134,100,34,73,43,1,6,22,1
S01011300,50 to 64,200,130,119,11,70,18,1,10,33,8
S01011300,65 to 74,91,57,55,2,34,2,0,2,6,24
S01011300,75 to 84,47,24,24,0,23,0,0,2,2,19
S01011300,85 and over,12,0,0,0,12,1,0,0,0,11
S01011301,All people aged 16 and over in households,594,390,346,44,204,118,4,13,23,46
S01011301,16 to 24,74,8,1,7,66,66,0,0,0,0
S01011301,25 to 34,52,24,13,11,28,24,0,2,1,1
S01011301,35 to 49,146,111,99,12,35,16,2,7,9,1
S01011301,50 to 64,188,157,145,12,31,5,1,3,12,10
S01011301,65 to 74,83,61,59,2,22,4,0,1,1,16
S01011301,75 to 84,45,29,29,0,16,2,1,0,0,13
S01011301,85 and over,6,0,0,0,6,1,0,0,0,5
S01011302,All people aged 16 and over in households,765,318,248,70,447,218,3,37,80,109
S01011302,16 to 24,75,13,2,11,62,62,0,0,0,0
S01011302,25 to 34,90,40,21,19,50,46,0,2,2,0
S01011302,35 to 49,166,75,51,24,91,58,0,13,19,1
S01011302,50 to 64,176,93,79,14,83,22,1,18,37,5
S01011302,65 to 74,132,66,64,2,66,19,2,1,15,29
S01011302,75 to 84,90,28,28,0,62,5,0,2,5,50
S01011302,85 and over,36,3,3,0,33,6,0,1,2,24
S01011303,All people aged 16 and over in households,827,556,492,64,271,164,3,15,33,56
S01011303,16 to 24,92,7,1,6,85,85,0,0,0,0
S01011303,25 to 34,118,71,50,21,47,38,1,2,6,0
S01011303,35 to 49,231,185,162,23,46,24,1,9,9,3
S01011303,50 to 64,215,178,167,11,37,13,1,2,12,9
S01011303,65 to 74,95,74,73,1,21,1,0,2,4,14
S01011303,75 to 84,65,40,38,2,25,2,0,0,1,22
S01011303,85 and over,11,1,1,0,10,1,0,0,1,8
S01011304,All people aged 16 and over in households,540,262,202,60,278,168,1,29,35,45
S01011304,16 to 24,80,3,1,2,77,77,0,0,0,0
S01011304,25 to 34,78,27,14,13,51,48,0,3,0,0
S01011304,35 to 49,149,91,66,25,58,32,0,10,14,2
S01011304,50 to 64,139,98,83,15,41,8,0,10,17,6
S01011304,65 to 74,51,30,26,4,21,1,0,2,3,15
S01011304,75 to 84,34,11,10,1,23,2,1,4,1,15
S01011304,85 and over,9,2,2,0,7,0,0,0,0,7
S01011305,All people aged 16 and over in households,641,366,296,70,275,169,1,22,53,30
S01011305,16 to 24,96,10,1,9,86,86,0,0,0,0
S01011305,25 to 34,100,60,45,15,40,37,0,0,3,0
S01011305,35 to 49,234,163,128,35,71,38,0,14,18,1
S01011305,50 to 64,125,83,74,9,42,6,1,7,24,4
S01011305,65 to 74,53,36,36,0,17,2,0,1,4,10
S01011305,75 to 84,27,12,10,2,15,0,0,0,4,11
S01011305,85 and over,6,2,2,0,4,0,0,0,0,4
S01011306,All people aged 16 and over in households,474,272,218,54,202,104,4,23,27,44
S01011306,16 to 24,63,17,4,13,46,46,0,0,0,0
S01011306,25 to 34,60,24,9,15,36,32,1,2,1,0
S01011306,35 to 49,94,58,43,15,36,19,2,10,4,1
S01011306,50 to 64,135,99,90,9,36,3,0,10,19,4
S01011306,65 to 74,59,42,40,2,17,2,0,0,2,13
S01011306,75 to 84,51,29,29,0,22,2,0,1,1,18
S01011306,85 and over,12,3,3,0,9,0,1,0,0,8
S01011307,All people aged 16 and over in households,380,266,238,28,114,68,2,8,12,24
S01011307,16 to 24,29,2,0,2,27,27,0,0,0,0
S01011307,25 to 34,45,22,16,6,23,19,0,4,0,0
S01011307,35 to 49,105,81,69,12,24,14,0,3,7,0
S01011307,50 to 64,110,101,96,5,9,2,1,1,2,3
S01011307,65 to 74,59,50,48,2,9,1,0,0,2,6
S01011307,75 to 84,23,9,8,1,14,4,1,0,1,8
S01011307,85 and over,9,1,1,0,8,1,0,0,0,7
S01011308,All people aged 16 and over in households,374,250,226,24,124,80,2,8,19,15
S01011308,16 to 24,49,3,0,3,46,46,0,0,0,0
S01011308,25 to 34,26,11,7,4,15,15,0,0,0,0
S01011308,35 to 49,89,72,65,7,17,11,0,4,2,0
S01011308,50 to 64,128,106,99,7,22,4,2,3,11,2
S01011308,65 to 74,66,48,45,3,18,1,0,1,5,11
S01011308,75 to 84,14,9,9,0,5,3,0,0,1,1
S01011308,85 and over,2,1,1,0,1,0,0,0,0,1
S01011309,All people aged 16 and over in households,616,430,398,32,186,97,1,15,24,49
S01011309,16 to 24,45,2,0,2,43,43,0,0,0,0
S01011309,25 to 34,21,6,3,3,15,15,0,0,0,0
S01011309,35 to 49,140,109,86,23,31,23,1,5,2,0
S01011309,50 to 64,209,176,172,4,33,11,0,5,13,4
S01011309,65 to 74,105,72,72,0,33,4,0,5,7,17
S01011309,75 to 84,76,56,56,0,20,0,0,0,2,18
S01011309,85 and over,20,9,9,0,11,1,0,0,0,10
S01011310,All people aged 16 and over in households,591,342,280,62,249,129,3,21,40,56
S01011310,16 to 24,64,7,0,7,57,57,0,0,0,0
S01011310,25 to 34,57,27,11,16,30,28,0,1,1,0
S01011310,35 to 49,137,89,65,24,48,21,0,12,14,1
S01011310,50 to 64,161,123,111,12,38,7,2,6,17,6
S01011310,65 to 74,83,64,61,3,19,3,0,1,4,11
S01011310,75 to 84,72,30,30,0,42,10,1,0,4,27
S01011310,85 and over,17,2,2,0,15,3,0,1,0,11
S01011311,All people aged 16 and over in households,583,420,382,38,163,85,2,10,17,49
S01011311,16 to 24,36,3,1,2,33,33,0,0,0,0
S01011311,25 to 34,54,35,27,8,19,17,0,1,1,0
S01011311,35 to 49,106,82,66,16,24,15,0,6,3,0
S01011311,50 to 64,181,155,146,9,26,11,1,2,7,5
S01011311,65 to 74,127,106,103,3,21,3,0,1,3,14
S01011311,75 to 84,61,31,31,0,30,4,1,0,3,22
S01011311,85 and over,18,8,8,0,10,2,0,0,0,8
S01011312,All people aged 16 and over in households,955,696,648,48,259,136,6,18,35,64
S01011312,16 to 24,81,2,0,2,79,78,0,0,1,0
S01011312,25 to 34,47,26,13,13,21,20,1,0,0,0
S01011312,35 to 49,201,162,148,14,39,19,0,12,7,1
S01011312,50 to 64,311,267,256,11,44,9,3,5,20,7
S01011312,65 to 74,188,160,152,8,28,4,1,0,7,16
S01011312,75 to 84,103,68,68,0,35,5,0,1,0,29
S01011312,85 and over,24,11,11,0,13,1,1,0,0,11
S01011313,All people aged 16 and over in households,614,342,290,52,272,141,6,17,45,63
S01011313,16 to 24,56,1,0,1,55,55,0,0,0,0
S01011313,25 to 34,56,26,19,7,30,27,0,2,1,0
S01011313,35 to 49,171,122,93,29,49,27,1,8,12,1
S01011313,50 to 64,162,107,94,13,55,18,0,5,22,10
S01011313,65 to 74,79,53,51,2,26,6,2,2,7,9
S01011313,75 to 84,61,27,27,0,34,6,3,0,2,23
S01011313,85 and over,29,6,6,0,23,2,0,0,1,20
S01011314,All people aged 16 and over in households,876,562,492,70,314,187,4,26,49,48
S01011314,16 to 24,95,7,0,7,88,87,0,1,0,0
S01011314,25 to 34,77,41,26,15,36,36,0,0,0,0
S01011314,35 to 49,272,199,179,20,73,41,0,16,14,2
S01011314,50 to 64,247,201,179,22,46,10,3,7,22,4
S01011314,65 to 74,116,82,78,4,34,8,0,2,10,14
S01011314,75 to 84,54,31,29,2,23,5,1,0,1,16
S01011314,85 and over,15,1,1,0,14,0,0,0,2,12
S01011315,All people aged 16 and over in households,320,198,142,56,122,70,3,7,19,23
S01011315,16 to 24,41,7,0,7,34,34,0,0,0,0
S01011315,25 to 34,43,28,8,20,15,13,0,2,0,0
S01011315,35 to 49,93,67,48,19,26,15,0,2,9,0
S01011315,50 to 64,72,51,43,8,21,7,1,3,7,3
S01011315,65 to 74,40,29,29,0,11,0,2,0,3,6
S01011315,75 to 84,25,13,12,1,12,1,0,0,0,11
S01011315,85 and over,6,3,2,1,3,0,0,0,0,3
S01011316,All people aged 16 and over in households,574,312,268,44,262,158,0,23,40,41
S01011316,16 to 24,90,6,2,4,84,84,0,0,0,0
S01011316,25 to 34,73,35,21,14,38,34,0,3,1,0
S01011316,35 to 49,144,95,75,20,49,25,0,13,11,0
S01011316,50 to 64,149,104,99,5,45,11,0,6,23,5
S01011316,65 to 74,65,44,43,1,21,1,0,1,3,16
S01011316,75 to 84,46,26,26,0,20,3,0,0,2,15
S01011316,85 and over,7,2,2,0,5,0,0,0,0,5
S01011317,All people aged 16 and over in households,669,430,402,28,239,100,8,12,32,87
S01011317,16 to 24,52,1,1,0,51,51,0,0,0,0
S01011317,25 to 34,32,16,10,6,16,15,0,1,0,0
S01011317,35 to 49,110,97,85,12,13,7,0,2,4,0
S01011317,50 to 64,183,147,139,8,36,12,4,4,10,6
S01011317,65 to 74,136,93,93,0,43,7,0,4,14,18
S01011317,75 to 84,121,69,67,2,52,7,2,1,2,40
S01011317,85 and over,35,7,7,0,28,1,2,0,2,23
S01011318,All people aged 16 and over in households,826,464,402,62,362,155,9,16,59,123
S01011318,16 to 24,64,10,1,9,54,54,0,0,0,0
S01011318,25 to 34,56,25,17,8,31,28,0,0,3,0
S01011318,35 to 49,149,95,70,25,54,31,3,8,10,2
S01011318,50 to 64,188,130,114,16,58,16,2,6,30,4
S01011318,65 to 74,167,117,113,4,50,9,2,1,11,27
S01011318,75 to 84,136,71,71,0,65,12,1,1,4,47
S01011318,85 and over,66,16,16,0,50,5,1,0,1,43
S01011319,All people aged 16 and over in households,747,496,462,34,251,128,8,6,17,92
S01011319,16 to 24,70,2,0,2,68,68,0,0,0,0
S01011319,25 to 34,30,10,10,0,20,19,0,1,0,0
S01011319,35 to 49,138,122,104,18,16,10,3,1,2,0
S01011319,50 to 64,219,190,181,9,29,14,0,3,5,7
S01011319,65 to 74,109,85,83,2,24,6,4,0,4,10
S01011319,75 to 84,119,73,70,3,46,7,1,1,4,33
S01011319,85 and over,62,14,14,0,48,4,0,0,2,42
S01011320,All people aged 16 and over in households,466,218,188,30,248,105,6,22,49,66
S01011320,16 to 24,42,3,0,3,39,39,0,0,0,0
S01011320,25 to 34,50,27,12,15,23,22,1,0,0,0
S01011320,35 to 49,94,60,53,7,34,19,0,5,9,1
S01011320,50 to 64,103,53,49,4,50,8,3,9,23,7
S01011320,65 to 74,87,49,48,1,38,5,0,6,12,15
S01011320,75 to 84,67,23,23,0,44,9,1,2,5,27
S01011320,85 and over,23,3,3,0,20,3,1,0,0,16
S01011321,All people aged 16 and over in households,487,306,254,52,181,116,0,13,29,23
S01011321,16 to 24,71,4,0,4,67,67,0,0,0,0
S01011321,25 to 34,63,38,22,16,25,25,0,0,0,0
S01011321,35 to 49,142,110,89,21,32,15,0,8,8,1
S01011321,50 to 64,137,108,102,6,29,8,0,3,14,4
S01011321,65 to 74,52,36,33,3,16,1,0,1,6,8
S01011321,75 to 84,16,6,4,2,10,0,0,1,1,8
S01011321,85 and over,6,4,4,0,2,0,0,0,0,2
S01011322,All people aged 16 and over in households,494,304,270,34,190,123,1,14,23,29
S01011322,16 to 24,69,2,1,1,67,67,0,0,0,0
S01011322,25 to 34,60,29,21,8,31,31,0,0,0,0
S01011322,35 to 49,162,133,118,15,29,17,0,5,7,0
S01011322,50 to 64,129,98,92,6,31,4,0,5,13,9
S01011322,65 to 74,48,32,30,2,16,4,1,3,2,6
S01011322,75 to 84,23,10,8,2,13,0,0,1,1,11
S01011322,85 and over,3,0,0,0,3,0,0,0,0,3
S01011323,All people aged 16 and over in households,703,394,318,76,309,190,5,20,63,31
S01011323,16 to 24,111,12,2,10,99,99,0,0,0,0
S01011323,25 to 34,102,57,41,16,45,42,0,0,3,0
S01011323,35 to 49,224,156,118,38,68,35,0,13,19,1
S01011323,50 to 64,159,103,91,12,56,9,2,7,29,9
S01011323,65 to 74,75,50,50,0,25,4,1,0,8,12
S01011323,75 to 84,28,16,16,0,12,1,1,0,4,6
S01011323,85 and over,4,0,0,0,4,0,1,0,0,3
S01011324,All people aged 16 and over in households,363,210,164,46,153,88,0,7,26,32
S01011324,16 to 24,47,13,2,11,34,34,0,0,0,0
S01011324,25 to 34,41,19,10,9,22,21,0,1,0,0
S01011324,35 to 49,98,69,57,12,29,20,0,1,6,2
S01011324,50 to 64,91,60,47,13,31,8,0,5,15,3
S01011324,65 to 74,53,36,35,1,17,3,0,0,4,10
S01011324,75 to 84,27,12,12,0,15,1,0,0,1,13
S01011324,85 and over,6,1,1,0,5,1,0,0,0,4
S01011325,All people aged 16 and over in households,652,230,152,78,422,215,5,29,93,80
S01011325,16 to 24,74,14,2,12,60,60,0,0,0,0
S01011325,25 to 34,74,32,12,20,42,38,0,2,2,0
S01011325,35 to 49,158,51,23,28,107,66,1,8,30,2
S01011325,50 to 64,170,75,59,16,95,29,2,13,40,11
S01011325,65 to 74,87,35,33,2,52,10,2,4,15,21
S01011325,75 to 84,63,19,19,0,44,6,0,2,6,30
S01011325,85 and over,26,4,4,0,22,6,0,0,0,16
S01011326,All people aged 16 and over in households,686,226,164,62,460,221,9,36,88,106
S01011326,16 to 24,82,19,0,19,63,63,0,0,0,0
S01011326,25 to 34,82,31,11,20,51,46,0,1,4,0
S01011326,35 to 49,119,33,21,12,86,58,2,9,17,0
S01011326,50 to 64,155,62,52,10,93,26,2,18,38,9
S01011326,65 to 74,106,31,30,1,75,13,0,8,21,33
S01011326,75 to 84,97,38,38,0,59,11,4,0,7,37
S01011326,85 and over,45,12,12,0,33,4,1,0,1,27
S01011327,All people aged 16 and over in households,594,312,260,52,282,117,8,22,57,78
S01011327,16 to 24,38,9,0,9,29,29,0,0,0,0
S01011327,25 to 34,37,18,13,5,19,18,0,1,0,0
S01011327,35 to 49,114,69,51,18,45,28,1,6,9,1
S01011327,50 to 64,175,106,90,16,69,25,4,7,28,5
S01011327,65 to 74,126,66,62,4,60,12,2,5,13,28
S01011327,75 to 84,85,38,38,0,47,5,1,3,4,34
S01011327,85 and over,19,6,6,0,13,0,0,0,3,10
S01011328,All people aged 16 and over in households,594,358,304,54,236,111,10,18,36,61
S01011328,16 to 24,39,2,1,1,37,37,0,0,0,0
S01011328,25 to 34,45,21,7,14,24,22,0,1,1,0
S01011328,35 to 49,127,83,59,24,44,25,3,7,8,1
S01011328,50 to 64,176,126,115,11,50,21,2,6,16,5
S01011328,65 to 74,113,84,81,3,29,3,3,3,7,13
S01011328,75 to 84,70,35,35,0,35,3,1,1,4,26
S01011328,85 and over,24,7,6,1,17,0,1,0,0,16
S01011329,All people aged 16 and over in households,796,414,382,32,382,185,2,23,61,111
S01011329,16 to 24,76,3,1,2,73,72,1,0,0,0
S01011329,25 to 34,67,22,16,6,45,41,0,3,1,0
S01011329,35 to 49,146,86,73,13,60,32,1,7,17,3
S01011329,50 to 64,206,143,134,9,63,19,0,7,30,7
S01011329,65 to 74,139,91,90,1,48,9,0,4,7,28
S01011329,75 to 84,118,58,57,1,60,8,0,2,5,45
S01011329,85 and over,44,11,11,0,33,4,0,0,1,28
S01011330,All people aged 16 and over in households,616,418,374,44,198,98,0,7,27,66
S01011330,16 to 24,50,2,0,2,48,48,0,0,0,0
S01011330,25 to 34,53,30,18,12,23,23,0,0,0,0
S01011330,35 to 49,139,114,94,20,25,16,0,2,6,1
S01011330,50 to 64,183,153,146,7,30,4,0,4,15,7
S01011330,65 to 74,94,73,72,1,21,4,0,1,2,14
S01011330,75 to 84,80,40,39,1,40,2,0,0,3,35
S01011330,85 and over,17,6,5,1,11,1,0,0,1,9
S01011331,All people aged 16 and over in households,636,462,426,36,174,91,3,4,17,59
S01011331,16 to 24,43,1,0,1,42,42,0,0,0,0
S01011331,25 to 34,51,32,27,5,19,19,0,0,0,0
S01011331,35 to 49,116,101,88,13,15,9,1,1,3,1
S01011331,50 to 64,191,171,159,12,20,8,0,2,5,5
S01011331,65 to 74,126,98,93,5,28,5,1,1,8,13
S01011331,75 to 84,84,50,50,0,34,7,0,0,1,26
S01011331,85 and over,25,9,9,0,16,1,1,0,0,14
S01011332,All people aged 16 and over in households,754,562,504,58,192,110,1,6,24,51
S01011332,16 to 24,56,4,0,4,52,52,0,0,0,0
S01011332,25 to 34,53,31,20,11,22,21,0,0,1,0
S01011332,35 to 49,173,152,132,20,21,12,0,2,6,1
S01011332,50 to 64,214,183,167,16,31,8,0,4,10,9
S01011332,65 to 74,137,110,105,5,27,5,0,0,6,16
S01011332,75 to 84,97,65,63,2,32,10,1,0,1,20
S01011332,85 and over,24,17,17,0,7,2,0,0,0,5
S01011333,All people aged 16 and over in households,672,434,412,22,238,107,14,9,16,92
S01011333,16 to 24,48,0,0,0,48,47,1,0,0,0
S01011333,25 to 34,31,10,6,4,21,21,0,0,0,0
S01011333,35 to 49,79,59,52,7,20,11,4,2,3,0
S01011333,50 to 64,203,175,166,9,28,10,2,5,8,3
S01011333,65 to 74,159,113,111,2,46,7,3,2,3,31
S01011333,75 to 84,105,63,63,0,42,9,2,0,2,29
S01011333,85 and over,47,14,14,0,33,2,2,0,0,29
S01011334,All people aged 16 and over in households,589,400,334,66,189,112,1,14,25,37
S01011334,16 to 24,54,5,1,4,49,48,0,0,0,1
S01011334,25 to 34,66,41,29,12,25,25,0,0,0,0
S01011334,35 to 49,168,134,98,36,34,21,0,8,4,1
S01011334,50 to 64,163,137,124,13,26,9,1,5,7,4
S01011334,65 to 74,97,67,67,0,30,5,0,1,11,13
S01011334,75 to 84,31,14,13,1,17,2,0,0,3,12
S01011334,85 and over,10,2,2,0,8,2,0,0,0,6
S01011335,All people aged 16 and over in households,825,578,530,48,247,122,8,12,35,70
S01011335,16 to 24,76,3,0,3,73,73,0,0,0,0
S01011335,25 to 34,33,16,11,5,17,14,0,2,1,0
S01011335,35 to 49,171,141,120,21,30,10,1,8,10,1
S01011335,50 to 64,255,221,208,13,34,8,3,2,12,9
S01011335,65 to 74,167,136,133,3,31,7,2,0,9,13
S01011335,75 to 84,88,53,50,3,35,7,1,0,2,25
S01011335,85 and over,35,8,8,0,27,3,1,0,1,22
S01011336,All people aged 16 and over in households,482,276,204,72,206,118,8,10,23,47
S01011336,16 to 24,59,4,1,3,55,55,0,0,0,0
S01011336,25 to 34,63,35,13,22,28,28,0,0,0,0
S01011336,35 to 49,148,110,77,33,38,22,3,6,4,3
S01011336,50 to 64,97,65,53,12,32,7,1,3,12,9
S01011336,65 to 74,70,45,43,2,25,3,1,0,7,14
S01011336,75 to 84,38,15,15,0,23,3,3,1,0,16
S01011336,85 and over,7,2,2,0,5,0,0,0,0,5
S01011337,All people aged 16 and over in households,588,446,402,44,142,92,4,8,16,22
S01011337,16 to 24,53,7,1,6,46,46,0,0,0,0
S01011337,25 to 34,38,17,10,7,21,21,0,0,0,0
S01011337,35 to 49,130,110,96,14,20,10,0,3,7,0
S01011337,50 to 64,206,185,171,14,21,7,1,4,4,5
S01011337,65 to 74,118,98,95,3,20,6,2,0,4,8
S01011337,75 to 84,37,25,25,0,12,2,1,1,1,7
S01011337,85 and over,6,4,4,0,2,0,0,0,0,2
S01011338,All people aged 16 and over in households,510,325,256,69,185,118,0,12,33,22
S01011338,16 to 24,70,11,0,11,59,59,0,0,0,0
S01011338,25 to 34,72,40,20,20,32,29,0,2,1,0
S01011338,35 to 49,143,100,76,24,43,20,0,8,12,3
S01011338,50 to 64,149,122,110,12,27,5,0,1,16,5
S01011338,65 to 74,54,39,39,0,15,4,0,1,4,6
S01011338,75 to 84,18,13,11,2,5,1,0,0,0,4
S01011338,85 and over,4,0,0,0,4,0,0,0,0,4
S01011339,All people aged 16 and over in households,432,224,174,50,208,130,3,16,29,30
S01011339,16 to 24,70,5,1,4,65,65,0,0,0,0
S01011339,25 to 34,66,28,16,12,38,33,2,3,0,0
S01011339,35 to 49,110,71,44,27,39,20,0,8,11,0
S01011339,50 to 64,110,83,76,7,27,6,0,3,13,5
S01011339,65 to 74,43,27,27,0,16,2,0,2,4,8
S01011339,75 to 84,22,6,6,0,16,4,1,0,0,11
S01011339,85 and over,11,4,4,0,7,0,0,0,1,6
S01011340,All people aged 16 and over in households,553,276,220,56,277,162,4,21,36,54
S01011340,16 to 24,83,8,0,8,75,75,0,0,0,0
S01011340,25 to 34,72,30,17,13,42,36,0,4,2,0
S01011340,35 to 49,140,87,61,26,53,29,1,10,12,1
S01011340,50 to 64,136,89,80,9,47,15,1,4,18,9
S01011340,65 to 74,73,44,44,0,29,5,0,2,2,20
S01011340,75 to 84,35,14,14,0,21,2,2,1,1,15
S01011340,85 and over,14,4,4,0,10,0,0,0,1,9
S01011341,All people aged 16 and over in households,595,294,218,76,301,195,3,16,44,43
S01011341,16 to 24,110,27,0,27,83,83,0,0,0,0
S01011341,25 to 34,110,49,20,29,61,58,0,2,1,0
S01011341,35 to 49,139,91,74,17,48,29,1,5,12,1
S01011341,50 to 64,143,91,88,3,52,19,0,6,22,5
S01011341,65 to 74,50,26,26,0,24,4,0,2,6,12
S01011341,75 to 84,34,10,10,0,24,1,2,1,2,18
S01011341,85 and over,9,0,0,0,9,1,0,0,1,7
S01011342,All people aged 16 and over in households,583,354,294,60,229,140,2,15,34,38
S01011342,16 to 24,77,9,0,9,68,68,0,0,0,0
S01011342,25 to 34,88,40,22,18,48,40,0,4,4,0
S01011342,35 to 49,157,117,95,22,40,23,1,6,10,0
S01011342,50 to 64,128,107,102,5,21,7,0,2,8,4
S01011342,65 to 74,89,64,60,4,25,1,0,3,10,11
S01011342,75 to 84,32,13,11,2,19,1,1,0,2,15
S01011342,85 and over,12,4,4,0,8,0,0,0,0,8
S01011343,All people aged 16 and over in households,698,324,230,94,374,201,4,23,77,69
S01011343,16 to 24,77,17,1,16,60,60,0,0,0,0
S01011343,25 to 34,95,43,17,26,52,47,2,3,0,0
S01011343,35 to 49,192,90,57,33,102,59,1,11,28,3
S01011343,50 to 64,169,97,82,15,72,20,0,6,38,8
S01011343,65 to 74,93,50,46,4,43,8,1,1,8,25
S01011343,75 to 84,55,25,25,0,30,4,0,2,2,22
S01011343,85 and over,17,2,2,0,15,3,0,0,1,11
S01011344,All people aged 16 and over in households,696,358,280,78,338,207,1,27,61,42
S01011344,16 to 24,101,8,1,7,93,92,0,0,1,0
S01011344,25 to 34,92,39,14,25,53,49,0,3,1,0
S01011344,35 to 49,204,118,92,26,86,47,0,19,19,1
S01011344,50 to 64,150,104,88,16,46,12,0,3,27,4
S01011344,65 to 74,89,59,55,4,30,4,0,2,12,12
S01011344,75 to 84,57,30,30,0,27,3,1,0,1,22
S01011344,85 and over,3,0,0,0,3,0,0,0,0,3
S01011345,All people aged 16 and over in households,598,260,178,82,338,209,1,29,49,50
S01011345,16 to 24,97,5,1,4,92,92,0,0,0,0
S01011345,25 to 34,106,45,12,33,61,55,0,3,3,0
S01011345,35 to 49,170,97,67,30,73,42,0,14,13,4
S01011345,50 to 64,137,80,66,14,57,16,0,11,22,8
S01011345,65 to 74,48,21,20,1,27,4,0,1,10,12
S01011345,75 to 84,33,11,11,0,22,0,1,0,1,20
S01011345,85 and over,7,1,1,0,6,0,0,0,0,6
S01011346,All people aged 16 and over in households,569,320,262,58,249,142,1,14,37,55
S01011346,16 to 24,59,6,1,5,53,53,0,0,0,0
S01011346,25 to 34,78,43,27,16,35,31,0,3,1,0
S01011346,35 to 49,160,105,80,25,55,38,0,4,13,0
S01011346,50 to 64,133,93,81,12,40,13,0,5,12,10
S01011346,65 to 74,79,49,49,0,30,6,0,1,9,14
S01011346,75 to 84,48,22,22,0,26,0,1,1,2,22
S01011346,85 and over,12,2,2,0,10,1,0,0,0,9
S01011347,All people aged 16 and over in households,886,460,376,84,426,241,9,27,67,82
S01011347,16 to 24,83,9,3,6,74,74,0,0,0,0
S01011347,25 to 34,122,54,26,28,68,63,2,3,0,0
S01011347,35 to 49,237,144,105,39,93,55,0,17,21,0
S01011347,50 to 64,212,139,130,9,73,24,2,3,30,14
S01011347,65 to 74,126,75,73,2,51,12,2,1,12,24
S01011347,75 to 84,77,37,37,0,40,8,3,2,4,23
S01011347,85 and over,29,2,2,0,27,5,0,1,0,21
S01011348,All people aged 16 and over in households,738,408,306,102,330,186,4,24,57,59
S01011348,16 to 24,92,12,1,11,80,79,0,0,1,0
S01011348,25 to 34,88,47,20,27,41,37,1,2,1,0
S01011348,35 to 49,229,153,106,47,76,43,2,9,22,0
S01011348,50 to 64,178,120,104,16,58,13,1,10,22,12
S01011348,65 to 74,82,54,53,1,28,4,0,3,5,16
S01011348,75 to 84,50,19,19,0,31,4,0,0,5,22
S01011348,85 and over,19,3,3,0,16,6,0,0,1,9
S01011349,All people aged 16 and over in households,741,496,410,86,245,166,1,10,39,29
S01011349,16 to 24,103,8,1,7,95,95,0,0,0,0
S01011349,25 to 34,106,68,39,29,38,34,0,3,0,1
S01011349,35 to 49,255,211,175,36,44,24,0,5,12,3
S01011349,50 to 64,199,157,146,11,42,10,0,2,21,9
S01011349,65 to 74,54,43,40,3,11,2,0,0,4,5
S01011349,75 to 84,17,8,8,0,9,1,1,0,2,5
S01011349,85 and over,7,1,1,0,6,0,0,0,0,6
S01011350,All people aged 16 and over in households,560,386,348,38,174,96,7,10,15,46
S01011350,16 to 24,68,4,0,4,64,64,0,0,0,0
S01011350,25 to 34,53,30,24,6,23,21,0,1,1,0
S01011350,35 to 49,117,103,77,26,14,6,0,2,5,1
S01011350,50 to 64,177,153,151,2,24,2,3,7,4,8
S01011350,65 to 74,86,63,63,0,23,0,4,0,4,15
S01011350,75 to 84,45,27,27,0,18,3,0,0,1,14
S01011350,85 and over,14,6,6,0,8,0,0,0,0,8
S01011351,All people aged 16 and over in households,576,278,222,56,298,166,3,23,54,52
S01011351,16 to 24,85,12,2,10,73,70,0,3,0,0
S01011351,25 to 34,87,37,19,18,50,45,1,3,1,0
S01011351,35 to 49,159,92,71,21,67,36,0,9,22,0
S01011351,50 to 64,134,84,81,3,50,14,0,7,21,8
S01011351,65 to 74,61,40,36,4,21,1,0,0,8,12
S01011351,75 to 84,36,8,8,0,28,0,1,1,2,24
S01011351,85 and over,14,5,5,0,9,0,1,0,0,8
S01011352,All people aged 16 and over in households,536,278,196,82,258,136,3,20,39,60
S01011352,16 to 24,67,12,1,11,55,55,0,0,0,0
S01011352,25 to 34,84,44,19,25,40,40,0,0,0,0
S01011352,35 to 49,127,84,56,28,43,18,0,10,15,0
S01011352,50 to 64,130,79,67,12,51,16,0,9,17,9
S01011352,65 to 74,50,35,29,6,15,2,2,0,4,7
S01011352,75 to 84,58,21,21,0,37,3,1,0,3,30
S01011352,85 and over,20,3,3,0,17,2,0,1,0,14
S01011353,All people aged 16 and over in households,516,308,246,62,208,123,2,7,33,43
S01011353,16 to 24,53,4,0,4,49,48,0,1,0,0
S01011353,25 to 34,62,32,12,20,30,30,0,0,0,0
S01011353,35 to 49,129,79,59,20,50,29,1,3,15,2
S01011353,50 to 64,166,128,113,15,38,12,1,1,13,11
S01011353,65 to 74,65,54,51,3,11,0,0,1,2,8
S01011353,75 to 84,31,11,11,0,20,2,0,1,3,14
S01011353,85 and over,10,0,0,0,10,2,0,0,0,8
S01011354,All people aged 16 and over in households,608,366,308,58,242,135,7,16,26,58
S01011354,16 to 24,80,6,0,6,74,74,0,0,0,0
S01011354,25 to 34,56,26,9,17,30,27,0,3,0,0
S01011354,35 to 49,168,116,91,25,52,24,2,8,15,3
S01011354,50 to 64,152,118,110,8,34,5,0,5,11,13
S01011354,65 to 74,86,61,59,2,25,3,3,0,0,19
S01011354,75 to 84,60,36,36,0,24,2,1,0,0,21
S01011354,85 and over,6,3,3,0,3,0,1,0,0,2
S01011355,All people aged 16 and over in households,781,460,388,72,321,165,3,20,53,80
S01011355,16 to 24,75,1,0,1,74,74,0,0,0,0
S01011355,25 to 34,97,58,24,34,39,37,0,1,0,1
S01011355,35 to 49,200,137,106,31,63,31,2,10,17,3
S01011355,50 to 64,199,150,144,6,49,14,0,7,20,8
S01011355,65 to 74,116,79,79,0,37,3,0,2,9,23
S01011355,75 to 84,68,29,29,0,39,3,1,0,5,30
S01011355,85 and over,26,6,6,0,20,3,0,0,2,15
S01011356,All people aged 16 and over in households,791,538,458,80,253,155,4,14,29,51
S01011356,16 to 24,89,5,1,4,84,83,0,0,0,1
S01011356,25 to 34,73,43,27,16,30,28,0,1,0,1
S01011356,35 to 49,245,198,156,42,47,24,2,9,9,3
S01011356,50 to 64,229,185,169,16,44,16,0,3,14,11
S01011356,65 to 74,99,76,76,0,23,4,0,1,5,13
S01011356,75 to 84,44,25,23,2,19,0,2,0,1,16
S01011356,85 and over,12,6,6,0,6,0,0,0,0,6
S01011357,All people aged 16 and over in households,711,456,400,56,255,157,3,13,32,50
S01011357,16 to 24,86,2,0,2,84,84,0,0,0,0
S01011357,25 to 34,65,33,14,19,32,29,0,2,1,0
S01011357,35 to 49,186,150,125,25,36,22,0,7,7,0
S01011357,50 to 64,190,149,141,8,41,13,1,4,14,9
S01011357,65 to 74,119,99,97,2,20,3,1,0,5,11
S01011357,75 to 84,53,23,23,0,30,5,0,0,5,20
S01011357,85 and over,12,0,0,0,12,1,1,0,0,10
S01011358,All people aged 16 and over in households,434,290,254,36,144,105,1,8,18,12
S01011358,16 to 24,81,0,0,0,81,81,0,0,0,0
S01011358,25 to 34,50,36,22,14,14,12,0,1,1,0
S01011358,35 to 49,164,143,125,18,21,7,0,4,8,2
S01011358,50 to 64,115,94,90,4,21,5,1,3,7,5
S01011358,65 to 74,16,13,13,0,3,0,0,0,2,1
S01011358,75 to 84,8,4,4,0,4,0,0,0,0,4
S01011358,85 and over,0,0,0,0,0,0,0,0,0,0
S01011359,All people aged 16 and over in households,646,382,324,58,264,134,3,16,47,64
S01011359,16 to 24,60,8,3,5,52,52,0,0,0,0
S01011359,25 to 34,81,40,12,28,41,40,0,1,0,0
S01011359,35 to 49,139,97,83,14,42,22,0,6,12,2
S01011359,50 to 64,177,127,120,7,50,10,0,4,21,15
S01011359,65 to 74,107,78,76,2,29,4,1,3,9,12
S01011359,75 to 84,67,30,28,2,37,4,1,1,4,27
S01011359,85 and over,15,2,2,0,13,2,1,1,1,8
S01011360,All people aged 16 and over in households,573,282,186,96,291,183,3,35,44,26
S01011360,16 to 24,111,34,6,28,77,76,0,0,1,0
S01011360,25 to 34,138,88,49,39,50,47,0,0,3,0
S01011360,35 to 49,181,91,66,25,90,52,2,19,15,2
S01011360,50 to 64,100,42,40,2,58,7,1,16,22,12
S01011360,65 to 74,35,24,22,2,11,1,0,0,3,7
S01011360,75 to 84,8,3,3,0,5,0,0,0,0,5
S01011360,85 and over,0,0,0,0,0,0,0,0,0,0
S01011361,All people aged 16 and over in households,464,154,90,64,310,176,7,21,68,38
S01011361,16 to 24,82,18,3,15,64,62,0,0,2,0
S01011361,25 to 34,94,51,21,30,43,38,1,2,1,1
S01011361,35 to 49,126,34,22,12,92,60,3,5,22,2
S01011361,50 to 64,97,24,20,4,73,15,2,11,35,10
S01011361,65 to 74,28,14,12,2,14,1,0,3,3,7
S01011361,75 to 84,33,13,12,1,20,0,1,0,5,14
S01011361,85 and over,4,0,0,0,4,0,0,0,0,4
S01011362,All people aged 16 and over in households,428,322,266,56,106,71,2,9,6,18
S01011362,16 to 24,42,3,2,1,39,39,0,0,0,0
S01011362,25 to 34,103,83,54,29,20,17,0,2,1,0
S01011362,35 to 49,140,126,104,22,14,10,0,3,1,0
S01011362,50 to 64,87,75,71,4,12,2,2,4,3,1
S01011362,65 to 74,31,27,27,0,4,1,0,0,1,2
S01011362,75 to 84,21,8,8,0,13,1,0,0,0,12
S01011362,85 and over,4,0,0,0,4,1,0,0,0,3
S01011363,All people aged 16 and over in households,742,404,326,78,338,181,6,22,51,78
S01011363,16 to 24,76,11,3,8,65,64,0,1,0,0
S01011363,25 to 34,92,43,15,28,49,47,0,1,1,0
S01011363,35 to 49,181,122,96,26,59,29,1,13,14,2
S01011363,50 to 64,214,141,130,11,73,29,1,5,23,15
S01011363,65 to 74,87,49,45,4,38,7,3,2,10,16
S01011363,75 to 84,76,34,33,1,42,5,1,0,3,33
S01011363,85 and over,16,4,4,0,12,0,0,0,0,12
S01011364,All people aged 16 and over in households,521,350,288,62,171,101,2,14,22,32
S01011364,16 to 24,56,7,1,6,49,49,0,0,0,0
S01011364,25 to 34,90,60,42,18,30,30,0,0,0,0
S01011364,35 to 49,146,114,91,23,32,10,1,10,10,1
S01011364,50 to 64,105,78,71,7,27,10,0,2,9,6
S01011364,65 to 74,78,66,60,6,12,0,0,2,3,7
S01011364,75 to 84,38,21,19,2,17,2,1,0,0,14
S01011364,85 and over,8,4,4,0,4,0,0,0,0,4
S01011365,All people aged 16 and over in households,449,332,278,54,117,80,1,8,10,18
S01011365,16 to 24,56,3,0,3,53,53,0,0,0,0
S01011365,25 to 34,60,46,34,12,14,12,0,2,0,0
S01011365,35 to 49,204,181,152,29,23,13,0,3,7,0
S01011365,50 to 64,94,79,71,8,15,1,1,2,3,8
S01011365,65 to 74,28,23,21,2,5,1,0,1,0,3
S01011365,75 to 84,6,0,0,0,6,0,0,0,0,6
S01011365,85 and over,1,0,0,0,1,0,0,0,0,1
S01011366,All people aged 16 and over in households,389,220,174,46,169,88,3,11,22,45
S01011366,16 to 24,27,3,0,3,24,24,0,0,0,0
S01011366,25 to 34,57,35,13,22,22,18,2,1,1,0
S01011366,35 to 49,86,43,30,13,43,32,0,4,6,1
S01011366,50 to 64,100,69,61,8,31,9,0,5,11,6
S01011366,65 to 74,68,49,49,0,19,4,0,0,4,11
S01011366,75 to 84,43,19,19,0,24,1,1,1,0,21
S01011366,85 and over,8,2,2,0,6,0,0,0,0,6
S01011367,All people aged 16 and over in households,688,364,274,90,324,180,1,26,48,69
S01011367,16 to 24,86,14,0,14,72,72,0,0,0,0
S01011367,25 to 34,105,59,18,41,46,40,0,4,2,0
S01011367,35 to 49,188,117,94,23,71,47,0,13,11,0
S01011367,50 to 64,151,98,89,9,53,14,0,8,24,7
S01011367,65 to 74,98,59,57,2,39,6,0,1,9,23
S01011367,75 to 84,45,16,15,1,29,1,0,0,2,26
S01011367,85 and over,15,1,1,0,14,0,1,0,0,13
S01011368,All people aged 16 and over in households,628,464,358,106,164,127,4,13,12,8
S01011368,16 to 24,95,12,1,11,83,83,0,0,0,0
S01011368,25 to 34,181,145,91,54,36,28,3,4,1,0
S01011368,35 to 49,238,215,179,36,23,12,1,5,4,1
S01011368,50 to 64,95,77,72,5,18,3,0,4,7,4
S01011368,65 to 74,19,15,15,0,4,1,0,0,0,3
S01011368,75 to 84,0,0,0,0,0,0,0,0,0,0
S01011368,85 and over,0,0,0,0,0,0,0,0,0,0
S01011369,All people aged 16 and over in households,677,346,276,70,331,199,8,15,49,60
S01011369,16 to 24,109,18,2,16,91,91,0,0,0,0
S01011369,25 to 34,98,53,31,22,45,41,1,0,3,0
S01011369,35 to 49,191,123,102,21,68,39,2,10,16,1
S01011369,50 to 64,117,69,64,5,48,16,3,2,22,5
S01011369,65 to 74,91,53,48,5,38,8,1,1,5,23
S01011369,75 to 84,62,28,27,1,34,2,1,2,3,26
S01011369,85 and over,9,2,2,0,7,2,0,0,0,5
S01011370,All people aged 16 and over in households,631,440,306,134,191,125,1,14,18,33
S01011370,16 to 24,85,19,4,15,66,66,0,0,0,0
S01011370,25 to 34,189,163,99,64,26,22,1,1,2,0
S01011370,35 to 49,185,152,104,48,33,21,0,6,5,1
S01011370,50 to 64,92,64,58,6,28,12,0,4,9,3
S01011370,65 to 74,47,31,30,1,16,2,0,3,2,9
S01011370,75 to 84,27,9,9,0,18,2,0,0,0,16
S01011370,85 and over,6,2,2,0,4,0,0,0,0,4
S01011371,All people aged 16 and over in households,763,326,208,118,437,250,2,36,77,72
S01011371,16 to 24,124,20,1,19,104,103,0,0,1,0
S01011371,25 to 34,146,71,24,47,75,64,1,7,2,1
S01011371,35 to 49,210,118,84,34,92,46,0,19,26,1
S01011371,50 to 64,142,65,47,18,77,21,1,8,31,16
S01011371,65 to 74,58,26,26,0,32,3,0,1,9,19
S01011371,75 to 84,70,25,25,0,45,10,0,1,7,27
S01011371,85 and over,13,1,1,0,12,3,0,0,1,8
S01011372,All people aged 16 and over in households,574,208,122,86,366,204,8,35,64,55
S01011372,16 to 24,104,37,4,33,67,67,0,0,0,0
S01011372,25 to 34,122,47,17,30,75,67,3,2,3,0
S01011372,35 to 49,136,49,30,19,87,46,2,14,23,2
S01011372,50 to 64,83,27,23,4,56,16,1,15,22,2
S01011372,65 to 74,59,22,22,0,37,7,2,3,14,11
S01011372,75 to 84,59,25,25,0,34,1,0,1,2,30
S01011372,85 and over,11,1,1,0,10,0,0,0,0,10
S01011373,All people aged 16 and over in households,554,238,170,68,316,193,5,31,52,35
S01011373,16 to 24,92,18,0,18,74,73,1,0,0,0
S01011373,25 to 34,106,42,20,22,64,59,2,2,1,0
S01011373,35 to 49,155,71,55,16,84,37,0,16,30,1
S01011373,50 to 64,106,65,56,9,41,14,2,11,13,1
S01011373,65 to 74,50,30,28,2,20,7,0,2,3,8
S01011373,75 to 84,39,11,11,0,28,2,0,0,5,21
S01011373,85 and over,6,1,0,1,5,1,0,0,0,4
S01011374,All people aged 16 and over in households,537,342,262,80,195,129,1,19,27,19
S01011374,16 to 24,86,14,3,11,72,72,0,0,0,0
S01011374,25 to 34,116,85,54,31,31,27,0,2,2,0
S01011374,35 to 49,214,168,141,27,46,20,0,10,13,3
S01011374,50 to 64,85,58,47,11,27,5,1,7,9,5
S01011374,65 to 74,25,15,15,0,10,1,0,0,3,6
S01011374,75 to 84,7,2,2,0,5,2,0,0,0,3
S01011374,85 and over,4,0,0,0,4,2,0,0,0,2
S01011375,All people aged 16 and over in households,535,272,228,44,263,168,1,22,36,36
S01011375,16 to 24,87,8,0,8,79,79,0,0,0,0
S01011375,25 to 34,87,44,27,17,43,36,0,4,3,0
S01011375,35 to 49,152,94,81,13,58,33,0,15,10,0
S01011375,50 to 64,110,72,67,5,38,16,1,2,14,5
S01011375,65 to 74,57,38,37,1,19,2,0,1,8,8
S01011375,75 to 84,32,13,13,0,19,1,0,0,1,17
S01011375,85 and over,10,3,3,0,7,1,0,0,0,6
S01011376,All people aged 16 and over in households,431,158,106,52,273,123,4,22,50,74
S01011376,16 to 24,30,8,0,8,22,22,0,0,0,0
S01011376,25 to 34,73,35,4,31,38,37,0,1,0,0
S01011376,35 to 49,83,28,22,6,55,35,1,5,13,1
S01011376,50 to 64,96,35,31,4,61,19,2,10,23,7
S01011376,65 to 74,70,30,28,2,40,6,0,5,10,19
S01011376,75 to 84,54,18,17,1,36,3,1,1,3,28
S01011376,85 and over,25,4,4,0,21,1,0,0,1,19
S01011377,All people aged 16 and over in households,506,324,286,38,182,111,1,10,21,39
S01011377,16 to 24,65,2,1,1,63,63,0,0,0,0
S01011377,25 to 34,61,45,25,20,16,15,0,1,0,0
S01011377,35 to 49,124,95,84,11,29,18,0,6,4,1
S01011377,50 to 64,146,114,108,6,32,7,1,3,16,5
S01011377,65 to 74,55,42,42,0,13,4,0,0,1,8
S01011377,75 to 84,36,18,18,0,18,3,0,0,0,15
S01011377,85 and over,19,8,8,0,11,1,0,0,0,10
S01011378,All people aged 16 and over in households,676,432,390,42,244,137,0,9,35,63
S01011378,16 to 24,63,2,0,2,61,61,0,0,0,0
S01011378,25 to 34,77,44,30,14,33,30,0,2,1,0
S01011378,35 to 49,140,110,96,14,30,17,0,3,10,0
S01011378,50 to 64,153,119,112,7,34,12,0,1,16,5
S01011378,65 to 74,137,102,98,4,35,7,0,2,7,19
S01011378,75 to 84,87,50,49,1,37,8,0,1,1,27
S01011378,85 and over,19,5,5,0,14,2,0,0,0,12
S01011379,All people aged 16 and over in households,740,500,450,50,240,170,1,12,22,35
S01011379,16 to 24,114,1,0,1,113,113,0,0,0,0
S01011379,25 to 34,80,47,33,14,33,33,0,0,0,0
S01011379,35 to 49,218,186,165,21,32,15,0,10,7,0
S01011379,50 to 64,218,188,176,12,30,6,1,1,12,10
S01011379,65 to 74,73,59,57,2,14,1,0,1,2,10
S01011379,75 to 84,29,15,15,0,14,2,0,0,1,11
S01011379,85 and over,8,4,4,0,4,0,0,0,0,4
S01011380,All people aged 16 and over in households,578,282,212,70,296,171,1,14,47,63
S01011380,16 to 24,65,8,1,7,57,57,0,0,0,0
S01011380,25 to 34,80,37,15,22,43,43,0,0,0,0
S01011380,35 to 49,170,105,74,31,65,43,1,8,13,0
S01011380,50 to 64,128,67,60,7,61,19,0,6,27,9
S01011380,65 to 74,77,41,38,3,36,4,0,0,6,26
S01011380,75 to 84,50,22,22,0,28,3,0,0,1,24
S01011380,85 and over,8,2,2,0,6,2,0,0,0,4
S01011381,All people aged 16 and over in households,528,306,264,42,222,129,4,23,32,34
S01011381,16 to 24,64,7,1,6,57,56,0,1,0,0
S01011381,25 to 34,77,37,28,9,40,39,0,1,0,0
S01011381,35 to 49,127,84,75,9,43,24,1,10,7,1
S01011381,50 to 64,143,108,93,15,35,5,1,5,19,5
S01011381,65 to 74,71,45,42,3,26,4,0,6,3,13
S01011381,75 to 84,40,23,23,0,17,0,2,0,3,12
S01011381,85 and over,6,2,2,0,4,1,0,0,0,3
S01011382,All people aged 16 and over in households,437,190,110,80,247,154,5,26,41,21
S01011382,16 to 24,75,24,2,22,51,49,0,2,0,0
S01011382,25 to 34,117,62,26,36,55,50,3,2,0,0
S01011382,35 to 49,127,62,42,20,65,38,2,14,10,1
S01011382,50 to 64,71,30,28,2,41,9,0,6,22,4
S01011382,65 to 74,32,8,8,0,24,5,0,2,8,9
S01011382,75 to 84,14,4,4,0,10,3,0,0,1,6
S01011382,85 and over,1,0,0,0,1,0,0,0,0,1
S01011383,All people aged 16 and over in households,568,198,142,56,370,213,0,30,68,59
S01011383,16 to 24,68,8,1,7,60,60,0,0,0,0
S01011383,25 to 34,100,36,12,24,64,59,0,5,0,0
S01011383,35 to 49,130,45,28,17,85,53,0,12,17,3
S01011383,50 to 64,147,63,55,8,84,26,0,11,33,14
S01011383,65 to 74,78,35,35,0,43,12,0,1,14,16
S01011383,75 to 84,41,11,11,0,30,3,0,1,4,22
S01011383,85 and over,4,0,0,0,4,0,0,0,0,4
S01011384,All people aged 16 and over in households,522,212,126,86,310,202,4,21,44,39
S01011384,16 to 24,82,18,2,16,64,63,0,0,1,0
S01011384,25 to 34,113,56,18,38,57,50,2,4,1,0
S01011384,35 to 49,148,60,37,23,88,60,0,8,18,2
S01011384,50 to 64,119,54,46,8,65,18,2,6,21,18
S01011384,65 to 74,40,22,21,1,18,3,0,3,2,10
S01011384,75 to 84,18,1,1,0,17,7,0,0,1,9
S01011384,85 and over,2,1,1,0,1,1,0,0,0,0
S01011385,All people aged 16 and over in households,770,318,258,60,452,267,5,27,67,86
S01011385,16 to 24,105,9,3,6,96,96,0,0,0,0
S01011385,25 to 34,132,46,26,20,86,82,1,3,0,0
S01011385,35 to 49,192,91,71,20,101,66,0,13,18,4
S01011385,50 to 64,195,117,105,12,78,17,3,7,31,20
S01011385,65 to 74,78,39,37,2,39,3,0,3,12,21
S01011385,75 to 84,50,13,13,0,37,2,1,1,6,27
S01011385,85 and over,18,3,3,0,15,1,0,0,0,14
S01011386,All people aged 16 and over in households,408,184,134,50,224,159,0,22,21,22
S01011386,16 to 24,80,6,0,6,74,74,0,0,0,0
S01011386,25 to 34,77,34,12,22,43,40,0,1,2,0
S01011386,35 to 49,124,64,47,17,60,34,0,13,11,2
S01011386,50 to 64,83,54,49,5,29,9,0,6,7,7
S01011386,65 to 74,32,22,22,0,10,0,0,1,1,8
S01011386,75 to 84,10,4,4,0,6,1,0,1,0,4
S01011386,85 and over,2,0,0,0,2,1,0,0,0,1
S01011387,All people aged 16 and over in households,633,272,210,62,361,218,4,36,54,49
S01011387,16 to 24,103,8,0,8,95,93,0,1,1,0
S01011387,25 to 34,101,43,24,19,58,56,0,1,1,0
S01011387,35 to 49,175,100,72,28,75,42,0,16,16,1
S01011387,50 to 64,140,76,70,6,64,18,0,14,25,7
S01011387,65 to 74,66,36,35,1,30,5,1,4,8,12
S01011387,75 to 84,36,9,9,0,27,2,1,0,3,21
S01011387,85 and over,12,0,0,0,12,2,2,0,0,8
S01011388,All people aged 16 and over in households,816,570,454,116,246,175,3,19,30,19
S01011388,16 to 24,101,15,6,9,86,85,1,0,0,0
S01011388,25 to 34,214,167,110,57,47,44,0,3,0,0
S01011388,35 to 49,329,270,231,39,59,33,0,10,15,1
S01011388,50 to 64,115,87,77,10,28,11,2,4,8,3
S01011388,65 to 74,38,25,24,1,13,1,0,2,3,7
S01011388,75 to 84,16,6,6,0,10,0,0,0,3,7
S01011388,85 and over,3,0,0,0,3,1,0,0,1,1
S01011389,All people aged 16 and over in households,667,290,192,98,377,229,3,22,59,64
S01011389,16 to 24,125,29,0,29,96,96,0,0,0,0
S01011389,25 to 34,130,55,16,39,75,72,0,2,1,0
S01011389,35 to 49,141,73,53,20,68,44,3,7,14,0
S01011389,50 to 64,135,83,73,10,52,13,0,10,24,5
S01011389,65 to 74,59,30,30,0,29,1,0,1,12,15
S01011389,75 to 84,52,16,16,0,36,3,0,2,8,23
S01011389,85 and over,25,4,4,0,21,0,0,0,0,21
S01011390,All people aged 16 and over in households,666,350,272,78,316,173,3,22,52,66
S01011390,16 to 24,92,15,1,14,77,77,0,0,0,0
S01011390,25 to 34,84,32,8,24,52,46,0,5,1,0
S01011390,35 to 49,172,106,78,28,66,34,1,6,24,1
S01011390,50 to 64,166,120,112,8,46,10,0,7,17,12
S01011390,65 to 74,95,55,53,2,40,3,2,4,8,23
S01011390,75 to 84,41,20,18,2,21,2,0,0,2,17
S01011390,85 and over,16,2,2,0,14,1,0,0,0,13
S01011391,All people aged 16 and over in households,509,276,210,66,233,163,2,15,22,31
S01011391,16 to 24,88,4,0,4,84,84,0,0,0,0
S01011391,25 to 34,77,35,11,24,42,40,1,1,0,0
S01011391,35 to 49,154,100,71,29,54,29,0,10,13,2
S01011391,50 to 64,113,89,81,8,24,10,1,3,8,2
S01011391,65 to 74,52,38,37,1,14,0,0,1,1,12
S01011391,75 to 84,23,10,10,0,13,0,0,0,0,13
S01011391,85 and over,2,0,0,0,2,0,0,0,0,2
S01011392,All people aged 16 and over in households,542,288,218,70,254,161,3,17,39,34
S01011392,16 to 24,84,15,0,15,69,69,0,0,0,0
S01011392,25 to 34,88,45,24,21,43,37,0,3,3,0
S01011392,35 to 49,148,89,71,18,59,40,0,8,11,0
S01011392,50 to 64,138,87,73,14,51,13,3,6,22,7
S01011392,65 to 74,53,40,38,2,13,2,0,0,2,9
S01011392,75 to 84,23,12,12,0,11,0,0,0,1,10
S01011392,85 and over,8,0,0,0,8,0,0,0,0,8
S01011393,All people aged 16 and over in households,695,372,314,58,323,181,8,23,40,71
S01011393,16 to 24,85,8,1,7,77,77,0,0,0,0
S01011393,25 to 34,87,37,17,20,50,46,2,2,0,0
S01011393,35 to 49,173,113,91,22,60,31,1,13,13,2
S01011393,50 to 64,166,116,109,7,50,14,4,7,20,5
S01011393,65 to 74,92,63,61,2,29,5,0,0,4,20
S01011393,75 to 84,82,33,33,0,49,8,1,1,3,36
S01011393,85 and over,10,2,2,0,8,0,0,0,0,8
S01011394,All people aged 16 and over in households,419,282,250,32,137,92,3,12,16,14
S01011394,16 to 24,62,1,1,0,61,61,0,0,0,0
S01011394,25 to 34,44,34,29,5,10,7,2,0,1,0
S01011394,35 to 49,207,181,162,19,26,16,1,5,3,1
S01011394,50 to 64,67,59,52,7,8,2,0,1,5,0
S01011394,65 to 74,19,3,2,1,16,4,0,4,5,3
S01011394,75 to 84,14,3,3,0,11,2,0,2,2,5
S01011394,85 and over,6,1,1,0,5,0,0,0,0,5
S01011395,All people aged 16 and over in households,646,284,198,86,362,199,2,26,60,75
S01011395,16 to 24,73,12,0,12,61,61,0,0,0,0
S01011395,25 to 34,90,32,4,28,58,53,1,2,2,0
S01011395,35 to 49,154,74,52,22,80,45,1,13,19,2
S01011395,50 to 64,185,106,87,19,79,25,0,6,35,13
S01011395,65 to 74,65,34,29,5,31,8,0,5,1,17
S01011395,75 to 84,57,20,20,0,37,4,0,0,2,31
S01011395,85 and over,22,6,6,0,16,3,0,0,1,12
S01011396,All people aged 16 and over in households,646,270,216,54,376,201,4,27,67,77
S01011396,16 to 24,79,6,0,6,73,73,0,0,0,0
S01011396,25 to 34,97,41,20,21,56,51,1,2,2,0
S01011396,35 to 49,133,70,55,15,63,38,1,8,15,1
S01011396,50 to 64,154,91,81,10,63,14,0,9,34,6
S01011396,65 to 74,90,33,33,0,57,16,0,8,9,24
S01011396,75 to 84,78,26,24,2,52,9,2,0,6,35
S01011396,85 and over,15,3,3,0,12,0,0,0,1,11
S01011397,All people aged 16 and over in households,602,268,208,60,334,203,2,24,54,51
S01011397,16 to 24,103,10,2,8,93,93,0,0,0,0
S01011397,25 to 34,90,42,20,22,48,38,0,7,3,0
S01011397,35 to 49,165,97,77,20,68,42,0,10,15,1
S01011397,50 to 64,106,62,54,8,44,15,0,3,20,6
S01011397,65 to 74,68,38,36,2,30,6,0,4,9,11
S01011397,75 to 84,55,19,19,0,36,5,2,0,7,22
S01011397,85 and over,15,0,0,0,15,4,0,0,0,11
S01011398,All people aged 16 and over in households,587,278,216,62,309,172,3,26,47,61
S01011398,16 to 24,84,10,0,10,74,74,0,0,0,0
S01011398,25 to 34,106,52,29,23,54,45,1,4,4,0
S01011398,35 to 49,153,85,63,22,68,36,1,12,17,2
S01011398,50 to 64,136,87,84,3,49,10,0,9,19,11
S01011398,65 to 74,57,31,27,4,26,3,0,0,6,17
S01011398,75 to 84,41,13,13,0,28,3,1,1,1,22
S01011398,85 and over,10,0,0,0,10,1,0,0,0,9
S01011399,All people aged 16 and over in households,423,216,150,66,207,112,1,11,50,33
S01011399,16 to 24,58,15,1,14,43,41,0,1,1,0
S01011399,25 to 34,79,37,11,26,42,41,0,0,1,0
S01011399,35 to 49,92,55,40,15,37,20,0,3,14,0
S01011399,50 to 64,113,65,57,8,48,8,1,7,25,7
S01011399,65 to 74,49,30,27,3,19,2,0,0,7,10
S01011399,75 to 84,30,13,13,0,17,0,0,0,2,15
S01011399,85 and over,2,1,1,0,1,0,0,0,0,1
S01011400,All people aged 16 and over in households,581,294,226,68,287,178,3,19,44,43
S01011400,16 to 24,71,12,1,11,59,59,0,0,0,0
S01011400,25 to 34,138,72,36,36,66,64,0,1,1,0
S01011400,35 to 49,141,75,59,16,66,35,0,12,19,0
S01011400,50 to 64,134,90,85,5,44,11,1,5,20,7
S01011400,65 to 74,45,24,24,0,21,3,0,0,3,15
S01011400,75 to 84,42,19,19,0,23,6,1,0,1,15
S01011400,85 and over,10,2,2,0,8,0,1,1,0,6
S01011401,All people aged 16 and over in households,519,308,246,62,211,106,5,18,41,41
S01011401,16 to 24,52,5,3,2,47,47,0,0,0,0
S01011401,25 to 34,63,38,22,16,25,23,1,0,1,0
S01011401,35 to 49,149,104,77,27,45,18,3,13,10,1
S01011401,50 to 64,132,96,83,13,36,10,1,4,18,3
S01011401,65 to 74,70,43,39,4,27,2,0,1,10,14
S01011401,75 to 84,41,17,17,0,24,4,0,0,2,18
S01011401,85 and over,12,5,5,0,7,2,0,0,0,5
S01011402,All people aged 16 and over in households,840,430,364,66,410,191,9,17,47,146
S01011402,16 to 24,72,6,1,5,66,66,0,0,0,0
S01011402,25 to 34,84,41,17,24,43,38,2,1,2,0
S01011402,35 to 49,143,85,67,18,58,31,0,11,14,2
S01011402,50 to 64,195,131,117,14,64,24,3,5,19,13
S01011402,65 to 74,153,88,85,3,65,19,3,0,8,35
S01011402,75 to 84,137,65,64,1,72,6,1,0,4,61
S01011402,85 and over,56,14,13,1,42,7,0,0,0,35
S01011403,All people aged 16 and over in households,424,242,210,32,182,120,1,16,24,21
S01011403,16 to 24,70,7,2,5,63,63,0,0,0,0
S01011403,25 to 34,65,27,18,9,38,30,0,4,4,0
S01011403,35 to 49,115,87,76,11,28,17,1,8,2,0
S01011403,50 to 64,124,94,87,7,30,8,0,4,16,2
S01011403,65 to 74,26,18,18,0,8,1,0,0,2,5
S01011403,75 to 84,21,9,9,0,12,1,0,0,0,11
S01011403,85 and over,3,0,0,0,3,0,0,0,0,3
S01011404,All people aged 16 and over in households,797,376,310,66,421,250,2,23,52,94
S01011404,16 to 24,111,23,6,17,88,87,0,1,0,0
S01011404,25 to 34,108,44,20,24,64,60,0,3,1,0
S01011404,35 to 49,200,112,95,17,88,64,1,5,16,2
S01011404,50 to 64,184,111,107,4,73,21,0,12,22,18
S01011404,65 to 74,107,60,57,3,47,13,0,2,7,25
S01011404,75 to 84,67,22,21,1,45,5,1,0,5,34
S01011404,85 and over,20,4,4,0,16,0,0,0,1,15
S01011405,All people aged 16 and over in households,525,300,256,44,225,137,1,13,25,49
S01011405,16 to 24,72,6,2,4,66,66,0,0,0,0
S01011405,25 to 34,67,34,24,10,33,30,0,1,1,1
S01011405,35 to 49,121,83,62,21,38,20,1,8,8,1
S01011405,50 to 64,118,84,76,8,34,15,0,4,11,4
S01011405,65 to 74,65,52,51,1,13,2,0,0,4,7
S01011405,75 to 84,68,38,38,0,30,3,0,0,1,26
S01011405,85 and over,14,3,3,0,11,1,0,0,0,10
S01011406,All people aged 16 and over in households,551,308,248,60,243,138,0,16,24,65
S01011406,16 to 24,82,7,0,7,75,74,0,1,0,0
S01011406,25 to 34,60,33,11,22,27,23,0,2,2,0
S01011406,35 to 49,135,96,73,23,39,26,0,5,8,0
S01011406,50 to 64,127,94,87,7,33,12,0,3,11,7
S01011406,65 to 74,71,44,43,1,27,2,0,3,3,19
S01011406,75 to 84,58,29,29,0,29,1,0,2,0,26
S01011406,85 and over,18,5,5,0,13,0,0,0,0,13
S01011407,All people aged 16 and over in households,936,554,454,100,382,218,10,21,44,89
S01011407,16 to 24,124,13,0,13,111,109,0,2,0,0
S01011407,25 to 34,128,75,49,26,53,46,2,3,2,0
S01011407,35 to 49,230,171,122,49,59,35,0,8,14,2
S01011407,50 to 64,229,173,162,11,56,20,3,6,18,9
S01011407,65 to 74,96,61,60,1,35,3,0,2,9,21
S01011407,75 to 84,107,53,53,0,54,5,4,0,1,44
S01011407,85 and over,22,8,8,0,14,0,1,0,0,13
S01011408,All people aged 16 and over in households,691,354,300,54,337,196,3,18,41,79
S01011408,16 to 24,106,9,1,8,97,97,0,0,0,0
S01011408,25 to 34,104,49,25,24,55,50,1,1,3,0
S01011408,35 to 49,140,84,67,17,56,26,0,13,14,3
S01011408,50 to 64,182,122,119,3,60,21,2,4,22,11
S01011408,65 to 74,57,44,43,1,13,1,0,0,2,10
S01011408,75 to 84,78,34,34,0,44,1,0,0,0,43
S01011408,85 and over,24,12,11,1,12,0,0,0,0,12
S01011409,All people aged 16 and over in households,631,316,222,94,315,191,3,26,56,39
S01011409,16 to 24,112,26,2,24,86,85,0,1,0,0
S01011409,25 to 34,118,56,30,26,62,56,1,3,2,0
S01011409,35 to 49,167,99,74,25,68,33,1,12,21,1
S01011409,50 to 64,143,93,75,18,50,14,1,4,27,4
S01011409,65 to 74,47,28,28,0,19,2,0,3,4,10
S01011409,75 to 84,44,14,13,1,30,1,0,3,2,24
S01011409,85 and over,0,0,0,0,0,0,0,0,0,0
S01011410,All people aged 16 and over in households,540,288,208,80,252,129,1,10,41,71
S01011410,16 to 24,62,11,0,11,51,51,0,0,0,0
S01011410,25 to 34,101,57,11,46,44,38,0,5,1,0
S01011410,35 to 49,99,64,49,15,35,20,0,3,11,1
S01011410,50 to 64,136,91,84,7,45,9,0,2,22,12
S01011410,65 to 74,57,33,32,1,24,4,0,0,5,15
S01011410,75 to 84,75,32,32,0,43,4,0,0,2,37
S01011410,85 and over,10,0,0,0,10,3,1,0,0,6
S01011411,All people aged 16 and over in households,555,306,244,62,249,130,1,18,28,72
S01011411,16 to 24,78,6,3,3,72,72,0,0,0,0
S01011411,25 to 34,82,50,24,26,32,27,0,4,1,0
S01011411,35 to 49,127,92,74,18,35,19,0,8,7,1
S01011411,50 to 64,129,98,83,15,31,8,0,3,13,7
S01011411,65 to 74,54,32,32,0,22,2,0,2,5,13
S01011411,75 to 84,70,25,25,0,45,2,1,1,2,39
S01011411,85 and over,15,3,3,0,12,0,0,0,0,12
S01011412,All people aged 16 and over in households,751,500,454,46,251,149,3,10,22,67
S01011412,16 to 24,102,8,0,8,94,93,1,0,0,0
S01011412,25 to 34,59,27,17,10,32,31,1,0,0,0
S01011412,35 to 49,162,138,123,15,24,14,0,3,6,1
S01011412,50 to 64,222,189,182,7,33,8,1,6,8,10
S01011412,65 to 74,114,87,82,5,27,2,0,1,6,18
S01011412,75 to 84,80,49,48,1,31,1,0,0,2,28
S01011412,85 and over,12,2,2,0,10,0,0,0,0,10
S01011413,All people aged 16 and over in households,459,310,250,60,149,107,1,13,16,12
S01011413,16 to 24,81,18,0,18,63,63,0,0,0,0
S01011413,25 to 34,75,46,27,19,29,28,0,0,1,0
S01011413,35 to 49,158,128,111,17,30,14,1,10,5,0
S01011413,50 to 64,105,88,84,4,17,2,0,2,10,3
S01011413,65 to 74,26,23,23,0,3,0,0,1,0,2
S01011413,75 to 84,10,5,5,0,5,0,0,0,0,5
S01011413,85 and over,4,2,0,2,2,0,0,0,0,2
S01011414,All people aged 16 and over in households,668,352,282,70,316,192,1,23,44,56
S01011414,16 to 24,86,5,1,4,81,81,0,0,0,0
S01011414,25 to 34,113,49,25,24,64,59,0,4,1,0
S01011414,35 to 49,157,96,70,26,61,33,0,12,15,1
S01011414,50 to 64,165,116,104,12,49,11,1,6,21,10
S01011414,65 to 74,84,63,60,3,21,4,0,0,5,12
S01011414,75 to 84,39,17,17,0,22,4,0,1,2,15
S01011414,85 and over,24,6,5,1,18,0,0,0,0,18
S01011415,All people aged 16 and over in households,726,406,330,76,320,177,3,21,68,51
S01011415,16 to 24,91,8,0,8,83,82,0,0,1,0
S01011415,25 to 34,105,64,35,29,41,37,0,1,3,0
S01011415,35 to 49,215,156,128,28,59,32,2,7,17,1
S01011415,50 to 64,179,114,110,4,65,16,1,11,29,8
S01011415,65 to 74,75,47,42,5,28,3,0,2,9,14
S01011415,75 to 84,46,13,11,2,33,4,0,0,8,21
S01011415,85 and over,15,4,4,0,11,3,0,0,1,7
S01011416,All people aged 16 and over in households,530,372,348,24,158,111,1,9,14,23
S01011416,16 to 24,79,7,3,4,72,72,0,0,0,0
S01011416,25 to 34,65,35,23,12,30,27,1,0,2,0
S01011416,35 to 49,133,114,108,6,19,9,0,6,3,1
S01011416,50 to 64,174,152,150,2,22,1,0,3,8,10
S01011416,65 to 74,66,55,55,0,11,2,0,0,0,9
S01011416,75 to 84,12,9,9,0,3,0,0,0,1,2
S01011416,85 and over,1,0,0,0,1,0,0,0,0,1
S01011417,All people aged 16 and over in households,684,394,322,72,290,159,4,14,40,73
S01011417,16 to 24,77,18,3,15,59,59,0,0,0,0
S01011417,25 to 34,92,45,20,25,47,45,0,2,0,0
S01011417,35 to 49,142,90,70,20,52,31,1,5,14,1
S01011417,50 to 64,167,127,115,12,40,12,0,5,16,7
S01011417,65 to 74,114,78,78,0,36,6,0,1,8,21
S01011417,75 to 84,71,32,32,0,39,5,1,1,2,30
S01011417,85 and over,21,4,4,0,17,1,2,0,0,14
S01011418,All people aged 16 and over in households,463,236,174,62,227,123,2,15,34,53
S01011418,16 to 24,56,10,1,9,46,45,0,1,0,0
S01011418,25 to 34,62,35,9,26,27,24,0,2,1,0
S01011418,35 to 49,106,63,48,15,43,33,0,5,4,1
S01011418,50 to 64,131,76,65,11,55,13,1,6,20,15
S01011418,65 to 74,74,40,39,1,34,5,0,1,8,20
S01011418,75 to 84,30,9,9,0,21,3,1,0,1,16
S01011418,85 and over,4,3,3,0,1,0,0,0,0,1
S01011419,All people aged 16 and over in households,471,258,214,44,213,128,1,16,23,45
S01011419,16 to 24,65,4,2,2,61,61,0,0,0,0
S01011419,25 to 34,41,22,9,13,19,18,0,0,1,0
S01011419,35 to 49,148,100,82,18,48,29,0,11,8,0
S01011419,50 to 64,118,83,77,6,35,16,0,4,9,6
S01011419,65 to 74,53,34,31,3,19,3,0,1,4,11
S01011419,75 to 84,42,15,13,2,27,0,1,0,1,25
S01011419,85 and over,4,0,0,0,4,1,0,0,0,3
S01011420,All people aged 16 and over in households,405,164,120,44,241,137,2,20,49,33
S01011420,16 to 24,69,14,0,14,55,55,0,0,0,0
S01011420,25 to 34,74,28,12,16,46,41,0,2,3,0
S01011420,35 to 49,99,41,31,10,58,27,2,10,19,0
S01011420,50 to 64,90,50,46,4,40,11,0,4,18,7
S01011420,65 to 74,48,27,27,0,21,3,0,4,5,9
S01011420,75 to 84,21,4,4,0,17,0,0,0,4,13
S01011420,85 and over,4,0,0,0,4,0,0,0,0,4
S01011421,All people aged 16 and over in households,427,310,200,110,117,85,0,10,16,6
S01011421,16 to 24,60,24,5,19,36,36,0,0,0,0
S01011421,25 to 34,139,109,52,57,30,26,0,3,1,0
S01011421,35 to 49,164,129,97,32,35,19,0,7,9,0
S01011421,50 to 64,42,33,32,1,9,2,0,0,4,3
S01011421,65 to 74,18,14,13,1,4,1,0,0,2,1
S01011421,75 to 84,2,1,1,0,1,0,0,0,0,1
S01011421,85 and over,2,0,0,0,2,1,0,0,0,1
S01011422,All people aged 16 and over in households,540,294,244,50,246,151,2,25,26,42
S01011422,16 to 24,83,10,4,6,73,72,0,1,0,0
S01011422,25 to 34,65,33,17,16,32,26,0,4,2,0
S01011422,35 to 49,147,90,71,19,57,36,0,11,9,1
S01011422,50 to 64,141,102,94,8,39,14,0,7,9,9
S01011422,65 to 74,69,46,45,1,23,2,0,2,4,15
S01011422,75 to 84,32,12,12,0,20,1,2,0,2,15
S01011422,85 and over,3,1,1,0,2,0,0,0,0,2
S01011423,All people aged 16 and over in households,416,224,156,68,192,124,3,19,17,29
S01011423,16 to 24,51,4,0,4,47,46,1,0,0,0
S01011423,25 to 34,87,51,16,35,36,33,1,2,0,0
S01011423,35 to 49,131,79,58,21,52,36,0,10,5,1
S01011423,50 to 64,75,47,39,8,28,3,1,7,8,9
S01011423,65 to 74,37,25,25,0,12,2,0,0,3,7
S01011423,75 to 84,31,17,17,0,14,4,0,0,1,9
S01011423,85 and over,4,1,1,0,3,0,0,0,0,3
S01011424,All people aged 16 and over in households,466,272,226,46,194,122,1,10,26,35
S01011424,16 to 24,54,8,2,6,46,46,0,0,0,0
S01011424,25 to 34,81,43,25,18,38,35,0,3,0,0
S01011424,35 to 49,118,90,78,12,28,17,1,3,7,0
S01011424,50 to 64,114,76,71,5,38,14,0,2,15,7
S01011424,65 to 74,57,38,33,5,19,6,0,1,4,8
S01011424,75 to 84,29,13,13,0,16,4,0,0,0,12
S01011424,85 and over,13,4,4,0,9,0,0,1,0,8
S01011425,All people aged 16 and over in households,691,384,326,58,307,188,7,26,31,55
S01011425,16 to 24,105,11,2,9,94,92,1,1,0,0
S01011425,25 to 34,99,43,16,27,56,46,4,4,2,0
S01011425,35 to 49,186,125,106,19,61,33,2,14,11,1
S01011425,50 to 64,165,119,116,3,46,10,0,6,15,15
S01011425,65 to 74,85,57,57,0,28,5,0,0,2,21
S01011425,75 to 84,46,28,28,0,18,2,0,1,1,14
S01011425,85 and over,5,1,1,0,4,0,0,0,0,4
S01011426,All people aged 16 and over in households,745,550,442,108,195,133,3,12,26,21
S01011426,16 to 24,78,8,2,6,70,70,0,0,0,0
S01011426,25 to 34,175,135,88,47,40,35,2,2,1,0
S01011426,35 to 49,283,245,197,48,38,16,1,6,14,1
S01011426,50 to 64,114,93,86,7,21,6,0,4,9,2
S01011426,65 to 74,66,52,52,0,14,4,0,0,2,8
S01011426,75 to 84,25,17,17,0,8,2,0,0,0,6
S01011426,85 and over,4,0,0,0,4,0,0,0,0,4
S01011427,All people aged 16 and over in households,562,322,244,78,240,153,2,17,28,40
S01011427,16 to 24,75,5,0,5,70,70,0,0,0,0
S01011427,25 to 34,93,53,19,34,40,34,0,5,1,0
S01011427,35 to 49,163,116,84,32,47,27,0,8,10,2
S01011427,50 to 64,126,91,86,5,35,13,0,2,15,5
S01011427,65 to 74,67,43,41,2,24,3,1,1,2,17
S01011427,75 to 84,32,14,14,0,18,5,1,1,0,11
S01011427,85 and over,6,0,0,0,6,1,0,0,0,5
S01011428,All people aged 16 and over in households,433,260,214,46,173,89,3,12,29,40
S01011428,16 to 24,46,10,3,7,36,36,0,0,0,0
S01011428,25 to 34,69,34,17,17,35,29,2,2,2,0
S01011428,35 to 49,88,60,50,10,28,14,0,5,8,1
S01011428,50 to 64,124,96,91,5,28,5,0,3,14,6
S01011428,65 to 74,60,40,35,5,20,2,0,2,5,11
S01011428,75 to 84,37,20,18,2,17,2,0,0,0,15
S01011428,85 and over,9,0,0,0,9,1,1,0,0,7
S01011429,All people aged 16 and over in households,514,334,296,38,180,120,6,11,15,28
S01011429,16 to 24,82,7,0,7,75,75,0,0,0,0
S01011429,25 to 34,56,30,21,9,26,24,1,1,0,0
S01011429,35 to 49,200,171,153,18,29,14,4,4,7,0
S01011429,50 to 64,118,92,89,3,26,4,1,6,7,8
S01011429,65 to 74,33,22,21,1,11,2,0,0,0,9
S01011429,75 to 84,22,12,12,0,10,1,0,0,1,8
S01011429,85 and over,3,0,0,0,3,0,0,0,0,3
S01011430,All people aged 16 and over in households,720,490,366,124,230,152,3,20,20,35
S01011430,16 to 24,96,24,1,23,72,71,0,1,0,0
S01011430,25 to 34,140,91,32,59,49,45,1,1,1,1
S01011430,35 to 49,195,143,110,33,52,26,0,15,10,1
S01011430,50 to 64,178,154,146,8,24,7,0,3,7,7
S01011430,65 to 74,69,52,51,1,17,3,1,0,2,11
S01011430,75 to 84,36,23,23,0,13,0,1,0,0,12
S01011430,85 and over,6,3,3,0,3,0,0,0,0,3
S01011431,All people aged 16 and over in households,911,464,360,104,447,271,6,23,61,86
S01011431,16 to 24,118,18,6,12,100,100,0,0,0,0
S01011431,25 to 34,132,61,20,41,71,67,0,2,2,0
S01011431,35 to 49,219,128,90,38,91,60,2,14,15,0
S01011431,50 to 64,212,145,136,9,67,24,2,4,28,9
S01011431,65 to 74,117,61,58,3,56,11,1,2,12,30
S01011431,75 to 84,88,46,45,1,42,6,1,1,4,30
S01011431,85 and over,25,5,5,0,20,3,0,0,0,17
S01011432,All people aged 16 and over in households,872,504,426,78,368,213,3,13,58,81
S01011432,16 to 24,115,17,2,15,98,98,0,0,0,0
S01011432,25 to 34,117,55,22,33,62,59,0,3,0,0
S01011432,35 to 49,209,144,122,22,65,38,0,3,21,3
S01011432,50 to 64,240,170,163,7,70,12,1,6,31,20
S01011432,65 to 74,138,101,100,1,37,3,2,1,3,28
S01011432,75 to 84,41,14,14,0,27,2,0,0,3,22
S01011432,85 and over,12,3,3,0,9,1,0,0,0,8
S01011433,All people aged 16 and over in households,666,302,200,102,364,237,7,26,51,43
S01011433,16 to 24,134,22,1,21,112,109,1,0,1,1
S01011433,25 to 34,128,52,14,38,76,64,2,6,3,1
S01011433,35 to 49,222,131,101,30,91,44,4,15,26,2
S01011433,50 to 64,108,67,58,9,41,10,0,4,17,10
S01011433,65 to 74,48,22,18,4,26,10,0,1,4,11
S01011433,75 to 84,22,7,7,0,15,0,0,0,0,15
S01011433,85 and over,4,1,1,0,3,0,0,0,0,3
S01011434,All people aged 16 and over in households,484,278,236,42,206,124,6,9,24,43
S01011434,16 to 24,56,3,0,3,53,51,0,0,1,1
S01011434,25 to 34,68,28,15,13,40,37,1,1,1,0
S01011434,35 to 49,116,80,67,13,36,20,0,3,11,2
S01011434,50 to 64,125,97,91,6,28,9,2,5,8,4
S01011434,65 to 74,58,40,36,4,18,3,0,0,3,12
S01011434,75 to 84,49,26,23,3,23,3,2,0,0,18
S01011434,85 and over,12,4,4,0,8,1,1,0,0,6
S01011435,All people aged 16 and over in households,765,494,410,84,271,179,0,16,20,56
S01011435,16 to 24,117,18,4,14,99,99,0,0,0,0
S01011435,25 to 34,102,52,29,23,50,48,0,2,0,0
S01011435,35 to 49,230,198,163,35,32,18,0,9,4,1
S01011435,50 to 64,190,156,144,12,34,7,0,2,13,12
S01011435,65 to 74,73,50,50,0,23,6,0,2,3,12
S01011435,75 to 84,42,18,18,0,24,1,0,1,0,22
S01011435,85 and over,11,2,2,0,9,0,0,0,0,9
S01011436,All people aged 16 and over in households,604,292,206,86,312,190,5,22,46,49
S01011436,16 to 24,94,23,3,20,71,69,0,2,0,0
S01011436,25 to 34,117,65,29,36,52,48,2,1,1,0
S01011436,35 to 49,160,84,66,18,76,46,1,10,17,2
S01011436,50 to 64,119,62,56,6,57,21,1,4,21,10
S01011436,65 to 74,54,30,26,4,24,2,1,3,6,12
S01011436,75 to 84,51,26,24,2,25,3,0,2,0,20
S01011436,85 and over,9,2,2,0,7,1,0,0,1,5
S01011437,All people aged 16 and over in households,610,308,234,74,302,175,1,21,54,51
S01011437,16 to 24,88,20,4,16,68,68,0,0,0,0
S01011437,25 to 34,102,45,14,31,57,53,0,2,2,0
S01011437,35 to 49,144,78,60,18,66,29,0,10,23,4
S01011437,50 to 64,150,100,93,7,50,17,0,6,19,8
S01011437,65 to 74,68,37,35,2,31,7,1,3,8,12
S01011437,75 to 84,48,24,24,0,24,1,0,0,2,21
S01011437,85 and over,10,4,4,0,6,0,0,0,0,6
S01011438,All people aged 16 and over in households,427,196,118,78,231,154,3,13,38,23
S01011438,16 to 24,86,15,1,14,71,71,0,0,0,0
S01011438,25 to 34,83,38,9,29,45,43,0,0,2,0
S01011438,35 to 49,113,61,38,23,52,24,3,12,11,2
S01011438,50 to 64,86,50,42,8,36,8,0,1,21,6
S01011438,65 to 74,38,22,20,2,16,5,0,0,4,7
S01011438,75 to 84,17,7,5,2,10,3,0,0,0,7
S01011438,85 and over,4,3,3,0,1,0,0,0,0,1
S01011439,All people aged 16 and over in households,739,426,340,86,313,180,2,25,48,58
S01011439,16 to 24,82,9,1,8,73,73,0,0,0,0
S01011439,25 to 34,115,57,31,26,58,49,0,6,2,1
S01011439,35 to 49,180,119,86,33,61,34,0,11,14,2
S01011439,50 to 64,203,153,139,14,50,14,1,7,25,3
S01011439,65 to 74,77,54,50,4,23,6,1,0,3,13
S01011439,75 to 84,59,29,28,1,30,2,0,1,1,26
S01011439,85 and over,23,5,5,0,18,2,0,0,3,13
S01011440,All people aged 16 and over in households,485,290,210,80,195,102,5,18,20,50
S01011440,16 to 24,62,16,4,12,46,45,0,1,0,0
S01011440,25 to 34,70,47,17,30,23,22,1,0,0,0
S01011440,35 to 49,133,84,66,18,49,22,2,13,10,2
S01011440,50 to 64,124,98,84,14,26,6,0,4,6,10
S01011440,65 to 74,54,37,32,5,17,3,1,0,2,11
S01011440,75 to 84,34,8,7,1,26,4,0,0,2,20
S01011440,85 and over,8,0,0,0,8,0,1,0,0,7
S01011441,All people aged 16 and over in households,640,354,280,74,286,177,2,28,43,36
S01011441,16 to 24,103,14,2,12,89,89,0,0,0,0
S01011441,25 to 34,87,54,28,26,33,29,0,4,0,0
S01011441,35 to 49,172,96,79,17,76,42,1,11,21,1
S01011441,50 to 64,168,129,111,18,39,9,0,11,13,6
S01011441,65 to 74,73,47,46,1,26,4,1,2,9,10
S01011441,75 to 84,26,12,12,0,14,3,0,0,0,11
S01011441,85 and over,11,2,2,0,9,1,0,0,0,8
S01011442,All people aged 16 and over in households,567,284,232,52,283,151,2,20,49,61
S01011442,16 to 24,74,11,5,6,63,63,0,0,0,0
S01011442,25 to 34,75,43,23,20,32,29,0,1,2,0
S01011442,35 to 49,152,85,61,24,67,41,1,8,16,1
S01011442,50 to 64,129,73,71,2,56,14,0,10,23,9
S01011442,65 to 74,62,42,42,0,20,4,0,0,5,11
S01011442,75 to 84,69,30,30,0,39,0,1,1,3,34
S01011442,85 and over,6,0,0,0,6,0,0,0,0,6
S01011443,All people aged 16 and over in households,513,270,218,52,243,132,1,19,38,53
S01011443,16 to 24,69,5,2,3,64,64,0,0,0,0
S01011443,25 to 34,52,29,14,15,23,21,0,1,1,0
S01011443,35 to 49,141,88,65,23,53,30,0,13,9,1
S01011443,50 to 64,125,91,82,9,34,6,0,2,17,9
S01011443,65 to 74,77,45,43,2,32,4,1,1,10,16
S01011443,75 to 84,37,12,12,0,25,5,0,2,1,17
S01011443,85 and over,12,0,0,0,12,2,0,0,0,10
S01011444,All people aged 16 and over in households,611,316,244,72,295,171,2,24,42,56
S01011444,16 to 24,71,1,1,0,70,69,0,0,1,0
S01011444,25 to 34,100,48,23,25,52,48,0,3,1,0
S01011444,35 to 49,169,102,70,32,67,32,1,13,18,3
S01011444,50 to 64,144,96,83,13,48,14,1,6,17,10
S01011444,65 to 74,86,62,60,2,24,2,0,2,4,16
S01011444,75 to 84,29,6,6,0,23,3,0,0,1,19
S01011444,85 and over,12,1,1,0,11,3,0,0,0,8
S01011445,All people aged 16 and over in households,431,250,176,74,181,100,3,12,36,30
S01011445,16 to 24,49,13,0,13,36,36,0,0,0,0
S01011445,25 to 34,80,53,25,28,27,25,1,1,0,0
S01011445,35 to 49,128,88,63,25,40,22,2,9,7,0
S01011445,50 to 64,100,57,50,7,43,9,0,2,25,7
S01011445,65 to 74,49,25,24,1,24,4,0,0,4,16
S01011445,75 to 84,15,10,10,0,5,2,0,0,0,3
S01011445,85 and over,10,4,4,0,6,2,0,0,0,4
S01011446,All people aged 16 and over in households,421,234,196,38,187,108,3,20,20,36
S01011446,16 to 24,47,4,2,2,43,42,1,0,0,0
S01011446,25 to 34,61,31,12,19,30,27,0,2,1,0
S01011446,35 to 49,117,77,68,9,40,23,1,10,6,0
S01011446,50 to 64,109,81,73,8,28,5,1,6,8,8
S01011446,65 to 74,49,28,28,0,21,7,0,1,4,9
S01011446,75 to 84,28,10,10,0,18,3,0,1,0,14
S01011446,85 and over,10,3,3,0,7,1,0,0,1,5
S01011447,All people aged 16 and over in households,682,360,294,66,322,206,3,16,54,43
S01011447,16 to 24,95,9,5,4,86,85,1,0,0,0
S01011447,25 to 34,117,54,30,24,63,61,0,2,0,0
S01011447,35 to 49,206,139,111,28,67,31,0,8,25,3
S01011447,50 to 64,179,118,108,10,61,20,2,6,23,10
S01011447,65 to 74,39,20,20,0,19,4,0,0,5,10
S01011447,75 to 84,34,16,16,0,18,5,0,0,1,12
S01011447,85 and over,12,4,4,0,8,0,0,0,0,8
S01011448,All people aged 16 and over in households,744,440,376,64,304,205,4,20,33,42
S01011448,16 to 24,109,12,2,10,97,97,0,0,0,0
S01011448,25 to 34,116,53,29,24,63,60,0,0,2,1
S01011448,35 to 49,189,144,122,22,45,23,2,8,11,1
S01011448,50 to 64,202,155,147,8,47,14,1,10,15,7
S01011448,65 to 74,78,51,51,0,27,3,1,2,5,16
S01011448,75 to 84,40,22,22,0,18,5,0,0,0,13
S01011448,85 and over,10,3,3,0,7,3,0,0,0,4
S01011449,All people aged 16 and over in households,451,192,150,42,259,144,2,15,35,63
S01011449,16 to 24,49,9,2,7,40,40,0,0,0,0
S01011449,25 to 34,77,27,9,18,50,45,1,3,1,0
S01011449,35 to 49,98,55,46,9,43,26,0,7,10,0
S01011449,50 to 64,119,63,59,4,56,22,1,5,16,12
S01011449,65 to 74,50,24,21,3,26,5,0,0,6,15
S01011449,75 to 84,45,12,11,1,33,4,0,0,2,27
S01011449,85 and over,13,2,2,0,11,2,0,0,0,9
S01011450,All people aged 16 and over in households,493,308,282,26,185,117,9,11,19,29
S01011450,16 to 24,69,7,2,5,62,62,0,0,0,0
S01011450,25 to 34,72,40,29,11,32,26,5,1,0,0
S01011450,35 to 49,175,145,135,10,30,16,2,4,5,3
S01011450,50 to 64,97,72,72,0,25,2,0,6,11,6
S01011450,65 to 74,58,36,36,0,22,8,2,0,3,9
S01011450,75 to 84,21,8,8,0,13,3,0,0,0,10
S01011450,85 and over,1,0,0,0,1,0,0,0,0,1
S01011451,All people aged 16 and over in households,525,342,300,42,183,149,4,9,15,6
S01011451,16 to 24,109,0,0,0,109,109,0,0,0,0
S01011451,25 to 34,59,34,22,12,25,23,1,1,0,0
S01011451,35 to 49,196,167,144,23,29,11,2,8,8,0
S01011451,50 to 64,134,121,114,7,13,4,1,0,7,1
S01011451,65 to 74,19,16,16,0,3,2,0,0,0,1
S01011451,75 to 84,8,4,4,0,4,0,0,0,0,4
S01011451,85 and over,0,0,0,0,0,0,0,0,0,0
S01011452,All people aged 16 and over in households,778,436,364,72,342,226,7,23,41,45
S01011452,16 to 24,106,3,0,3,103,102,1,0,0,0
S01011452,25 to 34,142,69,40,29,73,67,2,3,1,0
S01011452,35 to 49,220,155,121,34,65,34,2,12,13,4
S01011452,50 to 64,211,158,152,6,53,16,2,6,22,7
S01011452,65 to 74,58,38,38,0,20,6,0,1,4,9
S01011452,75 to 84,38,13,13,0,25,1,0,1,0,23
S01011452,85 and over,3,0,0,0,3,0,0,0,1,2
S01011453,All people aged 16 and over in households,585,326,260,66,259,151,2,19,26,61
S01011453,16 to 24,90,19,2,17,71,70,0,1,0,0
S01011453,25 to 34,76,38,27,11,38,35,2,0,1,0
S01011453,35 to 49,153,107,83,24,46,25,0,12,9,0
S01011453,50 to 64,137,98,88,10,39,17,0,4,11,7
S01011453,65 to 74,69,45,42,3,24,1,0,2,3,18
S01011453,75 to 84,46,19,18,1,27,3,0,0,2,22
S01011453,85 and over,14,0,0,0,14,0,0,0,0,14
S01011454,All people aged 16 and over in households,634,322,262,60,312,178,3,26,47,58
S01011454,16 to 24,94,7,4,3,87,86,1,0,0,0
S01011454,25 to 34,93,53,35,18,40,34,1,5,0,0
S01011454,35 to 49,159,100,74,26,59,31,1,11,14,2
S01011454,50 to 64,150,103,91,12,47,17,0,6,19,5
S01011454,65 to 74,75,36,35,1,39,6,0,4,10,19
S01011454,75 to 84,50,19,19,0,31,3,0,0,4,24
S01011454,85 and over,13,4,4,0,9,1,0,0,0,8
S01011455,All people aged 16 and over in households,623,305,240,65,318,195,6,10,32,75
S01011455,16 to 24,96,14,3,11,82,81,0,0,0,1
S01011455,25 to 34,60,18,7,11,42,41,0,0,0,1
S01011455,35 to 49,157,104,72,32,53,36,1,5,10,1
S01011455,50 to 64,177,109,101,8,68,23,3,5,15,22
S01011455,65 to 74,69,40,37,3,29,6,2,0,4,17
S01011455,75 to 84,53,20,20,0,33,5,0,0,3,25
S01011455,85 and over,11,0,0,0,11,3,0,0,0,8
S01011456,All people aged 16 and over in households,690,332,284,48,358,212,5,29,48,64
S01011456,16 to 24,113,8,3,5,105,105,0,0,0,0
S01011456,25 to 34,89,41,22,19,48,40,3,4,1,0
S01011456,35 to 49,151,86,71,15,65,36,0,14,13,2
S01011456,50 to 64,199,122,113,9,77,25,0,7,26,19
S01011456,65 to 74,90,56,56,0,34,2,2,4,5,21
S01011456,75 to 84,38,19,19,0,19,2,0,0,3,14
S01011456,85 and over,10,0,0,0,10,2,0,0,0,8
S01011457,All people aged 16 and over in households,731,354,256,98,377,229,10,32,55,51
S01011457,16 to 24,120,13,0,13,107,106,1,0,0,0
S01011457,25 to 34,115,57,21,36,58,56,0,2,0,0
S01011457,35 to 49,188,93,68,25,95,40,7,19,26,3
S01011457,50 to 64,204,134,112,22,70,23,1,6,27,13
S01011457,65 to 74,64,40,38,2,24,2,0,5,2,15
S01011457,75 to 84,36,17,17,0,19,2,1,0,0,16
S01011457,85 and over,4,0,0,0,4,0,0,0,0,4
S01011458,All people aged 16 and over in households,873,552,468,84,321,244,9,17,22,29
S01011458,16 to 24,176,10,1,9,166,166,0,0,0,0
S01011458,25 to 34,122,76,41,35,46,45,0,1,0,0
S01011458,35 to 49,314,268,238,30,46,20,4,11,9,2
S01011458,50 to 64,207,174,167,7,33,7,3,5,9,9
S01011458,65 to 74,36,20,18,2,16,4,2,0,2,8
S01011458,75 to 84,15,4,3,1,11,1,0,0,2,8
S01011458,85 and over,3,0,0,0,3,1,0,0,0,2
S01011459,All people aged 16 and over in households,787,478,346,132,309,204,9,25,35,36
S01011459,16 to 24,105,23,1,22,82,82,0,0,0,0
S01011459,25 to 34,212,151,100,51,61,53,0,5,3,0
S01011459,35 to 49,291,202,156,46,89,53,4,13,18,1
S01011459,50 to 64,108,72,64,8,36,7,5,5,12,7
S01011459,65 to 74,49,23,18,5,26,7,0,2,2,15
S01011459,75 to 84,17,6,6,0,11,2,0,0,0,9
S01011459,85 and over,5,1,1,0,4,0,0,0,0,4
S01011460,All people aged 16 and over in households,554,312,254,58,242,152,2,18,33,37
S01011460,16 to 24,80,7,2,5,73,73,0,0,0,0
S01011460,25 to 34,110,68,42,26,42,38,0,4,0,0
S01011460,35 to 49,178,125,104,21,53,27,1,9,15,1
S01011460,50 to 64,120,87,81,6,33,8,1,5,13,6
S01011460,65 to 74,37,17,17,0,20,4,0,0,4,12
S01011460,75 to 84,24,7,7,0,17,2,0,0,1,14
S01011460,85 and over,5,1,1,0,4,0,0,0,0,4
S01011461,All people aged 16 and over in households,580,238,182,56,342,217,14,34,42,35
S01011461,16 to 24,99,7,1,6,92,92,0,0,0,0
S01011461,25 to 34,118,38,17,21,80,67,9,4,0,0
S01011461,35 to 49,171,97,73,24,74,41,4,15,10,4
S01011461,50 to 64,136,74,69,5,62,15,1,12,27,7
S01011461,65 to 74,24,11,11,0,13,2,0,2,5,4
S01011461,75 to 84,27,10,10,0,17,0,0,1,0,16
S01011461,85 and over,5,1,1,0,4,0,0,0,0,4
S01011462,All people aged 16 and over in households,760,424,350,74,336,202,5,25,45,59
S01011462,16 to 24,118,12,1,11,106,106,0,0,0,0
S01011462,25 to 34,99,50,21,29,49,47,0,2,0,0
S01011462,35 to 49,222,157,129,28,65,32,1,15,17,0
S01011462,50 to 64,169,126,121,5,43,12,0,7,20,4
S01011462,65 to 74,93,56,55,1,37,3,3,1,7,23
S01011462,75 to 84,50,21,21,0,29,2,1,0,1,25
S01011462,85 and over,9,2,2,0,7,0,0,0,0,7
S01011463,All people aged 16 and over in households,556,340,268,72,216,118,2,21,31,44
S01011463,16 to 24,69,18,3,15,51,50,0,1,0,0
S01011463,25 to 34,85,53,25,28,32,25,0,6,1,0
S01011463,35 to 49,157,106,85,21,51,23,1,12,14,1
S01011463,50 to 64,136,105,97,8,31,8,1,2,12,8
S01011463,65 to 74,66,45,45,0,21,6,0,0,3,12
S01011463,75 to 84,32,11,11,0,21,4,0,0,1,16
S01011463,85 and over,11,2,2,0,9,2,0,0,0,7
S01011464,All people aged 16 and over in households,436,290,204,86,146,109,2,10,13,12
S01011464,16 to 24,82,16,0,16,66,66,0,0,0,0
S01011464,25 to 34,128,95,57,38,33,31,0,2,0,0
S01011464,35 to 49,164,136,107,29,28,11,2,8,7,0
S01011464,50 to 64,47,35,32,3,12,0,0,0,6,6
S01011464,65 to 74,10,8,8,0,2,0,0,0,0,2
S01011464,75 to 84,4,0,0,0,4,1,0,0,0,3
S01011464,85 and over,1,0,0,0,1,0,0,0,0,1
S01011465,All people aged 16 and over in households,406,166,120,46,240,148,6,15,34,37
S01011465,16 to 24,62,6,3,3,56,56,0,0,0,0
S01011465,25 to 34,60,19,8,11,41,37,1,0,0,3
S01011465,35 to 49,126,65,47,18,61,34,3,7,14,3
S01011465,50 to 64,91,55,45,10,36,11,1,7,11,6
S01011465,65 to 74,44,18,15,3,26,6,1,1,8,10
S01011465,75 to 84,22,3,2,1,19,4,0,0,1,14
S01011465,85 and over,1,0,0,0,1,0,0,0,0,1
S01011466,All people aged 16 and over in households,494,222,164,58,272,153,1,22,49,47
S01011466,16 to 24,65,12,2,10,53,53,0,0,0,0
S01011466,25 to 34,80,41,15,26,39,31,0,4,4,0
S01011466,35 to 49,120,57,44,13,63,42,1,6,14,0
S01011466,50 to 64,123,65,58,7,58,19,0,11,19,9
S01011466,65 to 74,60,31,30,1,29,4,0,1,11,13
S01011466,75 to 84,39,15,14,1,24,4,0,0,1,19
S01011466,85 and over,7,1,1,0,6,0,0,0,0,6
S01011467,All people aged 16 and over in households,418,214,180,34,204,133,0,17,31,23
S01011467,16 to 24,60,7,0,7,53,53,0,0,0,0
S01011467,25 to 34,60,24,16,8,36,34,0,0,2,0
S01011467,35 to 49,151,97,84,13,54,31,0,12,10,1
S01011467,50 to 64,97,64,58,6,33,8,0,4,15,6
S01011467,65 to 74,35,18,18,0,17,6,0,1,4,6
S01011467,75 to 84,12,4,4,0,8,1,0,0,0,7
S01011467,85 and over,3,0,0,0,3,0,0,0,0,3
S01011468,All people aged 16 and over in households,623,466,374,92,157,110,3,21,11,12
S01011468,16 to 24,76,13,4,9,63,61,1,1,0,0
S01011468,25 to 34,182,150,100,50,32,27,0,3,1,1
S01011468,35 to 49,276,236,206,30,40,20,0,15,5,0
S01011468,50 to 64,73,61,58,3,12,2,0,2,5,3
S01011468,65 to 74,7,4,4,0,3,0,2,0,0,1
S01011468,75 to 84,6,1,1,0,5,0,0,0,0,5
S01011468,85 and over,3,1,1,0,2,0,0,0,0,2
S01011469,All people aged 16 and over in households,639,302,236,66,337,237,7,25,41,27
S01011469,16 to 24,144,12,4,8,132,132,0,0,0,0
S01011469,25 to 34,119,46,19,27,73,59,3,7,4,0
S01011469,35 to 49,200,132,107,25,68,32,1,15,19,1
S01011469,50 to 64,115,73,69,4,42,12,3,2,16,9
S01011469,65 to 74,42,29,28,1,13,2,0,0,2,9
S01011469,75 to 84,17,10,9,1,7,0,0,1,0,6
S01011469,85 and over,2,0,0,0,2,0,0,0,0,2
S01011470,All people aged 16 and over in households,928,504,418,86,424,268,4,29,47,76
S01011470,16 to 24,134,14,3,11,120,120,0,0,0,0
S01011470,25 to 34,137,65,34,31,72,65,1,6,0,0
S01011470,35 to 49,247,157,129,28,90,52,0,14,23,1
S01011470,50 to 64,203,149,138,11,54,12,1,8,20,13
S01011470,65 to 74,119,86,83,3,33,11,1,1,3,17
S01011470,75 to 84,69,30,28,2,39,6,1,0,1,31
S01011470,85 and over,19,3,3,0,16,2,0,0,0,14
S01011471,All people aged 16 and over in households,776,394,350,44,382,188,7,13,62,112
S01011471,16 to 24,76,3,0,3,73,73,0,0,0,0
S01011471,25 to 34,91,35,23,12,56,48,2,2,4,0
S01011471,35 to 49,181,118,94,24,63,35,3,7,16,2
S01011471,50 to 64,184,133,128,5,51,15,1,3,23,9
S01011471,65 to 74,132,74,74,0,58,10,0,1,15,32
S01011471,75 to 84,76,28,28,0,48,4,0,0,3,41
S01011471,85 and over,36,3,3,0,33,3,1,0,1,28
S01011472,All people aged 16 and over in households,768,302,222,80,466,301,4,26,63,72
S01011472,16 to 24,103,15,0,15,88,87,0,1,0,0
S01011472,25 to 34,139,51,20,31,88,85,0,1,2,0
S01011472,35 to 49,197,72,49,23,125,88,2,15,20,0
S01011472,50 to 64,145,76,71,5,69,26,1,6,22,14
S01011472,65 to 74,109,62,58,4,47,9,0,3,15,20
S01011472,75 to 84,55,23,21,2,32,6,0,0,3,23
S01011472,85 and over,20,3,3,0,17,0,1,0,1,15
S01011473,All people aged 16 and over in households,609,218,186,32,391,185,8,22,79,97
S01011473,16 to 24,51,9,1,8,42,42,0,0,0,0
S01011473,25 to 34,56,19,9,10,37,35,0,2,0,0
S01011473,35 to 49,107,34,28,6,73,54,1,3,15,0
S01011473,50 to 64,150,69,61,8,81,26,1,9,39,6
S01011473,65 to 74,125,49,49,0,76,13,2,8,20,33
S01011473,75 to 84,91,34,34,0,57,12,3,0,4,38
S01011473,85 and over,29,4,4,0,25,3,1,0,1,20
S01011474,All people aged 16 and over in households,690,264,204,60,426,196,3,47,81,99
S01011474,16 to 24,65,9,2,7,56,55,0,1,0,0
S01011474,25 to 34,115,48,25,23,67,61,2,2,2,0
S01011474,35 to 49,148,57,42,15,91,47,0,16,24,4
S01011474,50 to 64,130,52,46,6,78,20,1,19,30,8
S01011474,65 to 74,124,72,67,5,52,3,0,5,24,20
S01011474,75 to 84,68,22,18,4,46,8,0,4,1,33
S01011474,85 and over,40,4,4,0,36,2,0,0,0,34
S01011475,All people aged 16 and over in households,520,174,140,34,346,164,3,27,69,83
S01011475,16 to 24,42,4,1,3,38,37,0,0,0,1
S01011475,25 to 34,75,28,11,17,47,39,0,6,2,0
S01011475,35 to 49,106,35,24,11,71,40,2,8,20,1
S01011475,50 to 64,113,46,43,3,67,21,1,9,30,6
S01011475,65 to 74,73,34,34,0,39,9,0,2,11,17
S01011475,75 to 84,82,23,23,0,59,13,0,2,4,40
S01011475,85 and over,29,4,4,0,25,5,0,0,2,18
S01011476,All people aged 16 and over in households,413,272,246,26,141,89,1,5,17,29
S01011476,16 to 24,59,3,0,3,56,56,0,0,0,0
S01011476,25 to 34,39,25,14,11,14,14,0,0,0,0
S01011476,35 to 49,112,90,82,8,22,10,0,2,7,3
S01011476,50 to 64,118,100,96,4,18,5,0,3,8,2
S01011476,65 to 74,51,38,38,0,13,4,1,0,2,6
S01011476,75 to 84,28,16,16,0,12,0,0,0,0,12
S01011476,85 and over,6,0,0,0,6,0,0,0,0,6
S01011477,All people aged 16 and over in households,710,508,476,32,202,133,5,8,21,35
S01011477,16 to 24,92,3,0,3,89,89,0,0,0,0
S01011477,25 to 34,49,25,19,6,24,24,0,0,0,0
S01011477,35 to 49,172,142,131,11,30,10,2,7,10,1
S01011477,50 to 64,235,206,197,9,29,9,2,1,8,9
S01011477,65 to 74,122,103,100,3,19,0,1,0,3,15
S01011477,75 to 84,35,28,28,0,7,1,0,0,0,6
S01011477,85 and over,5,1,1,0,4,0,0,0,0,4
S01011478,All people aged 16 and over in households,861,560,502,58,301,189,3,15,25,69
S01011478,16 to 24,100,3,0,3,97,97,0,0,0,0
S01011478,25 to 34,106,54,32,22,52,51,0,1,0,0
S01011478,35 to 49,257,213,193,20,44,20,0,11,10,3
S01011478,50 to 64,233,193,181,12,40,12,1,2,14,11
S01011478,65 to 74,88,66,66,0,22,1,1,1,0,19
S01011478,75 to 84,61,27,26,1,34,6,1,0,1,26
S01011478,85 and over,16,4,4,0,12,2,0,0,0,10
S01011479,All people aged 16 and over in households,693,440,350,90,253,143,6,19,35,50
S01011479,16 to 24,67,12,3,9,55,55,0,0,0,0
S01011479,25 to 34,98,48,16,32,50,44,1,2,3,0
S01011479,35 to 49,158,117,83,34,41,18,1,10,10,2
S01011479,50 to 64,194,146,134,12,48,17,3,5,18,5
S01011479,65 to 74,99,77,74,3,22,4,1,2,4,11
S01011479,75 to 84,56,36,36,0,20,1,0,0,0,19
S01011479,85 and over,21,4,4,0,17,4,0,0,0,13
S01011480,All people aged 16 and over in households,845,536,460,76,309,187,9,15,21,77
S01011480,16 to 24,87,14,0,14,73,73,0,0,0,0
S01011480,25 to 34,112,64,33,31,48,46,1,1,0,0
S01011480,35 to 49,245,183,164,19,62,45,1,9,7,0
S01011480,50 to 64,193,159,149,10,34,12,4,3,8,7
S01011480,65 to 74,98,67,67,0,31,4,1,1,2,23
S01011480,75 to 84,81,40,39,1,41,4,0,1,4,32
S01011480,85 and over,29,9,8,1,20,3,2,0,0,15
S01011481,All people aged 16 and over in households,637,414,334,80,223,133,5,21,27,37
S01011481,16 to 24,72,14,1,13,58,58,0,0,0,0
S01011481,25 to 34,138,94,61,33,44,37,2,4,1,0
S01011481,35 to 49,231,179,157,22,52,24,2,12,13,1
S01011481,50 to 64,98,73,65,8,25,5,0,3,11,6
S01011481,65 to 74,58,35,33,2,23,7,0,2,2,12
S01011481,75 to 84,29,17,15,2,12,0,1,0,0,11
S01011481,85 and over,11,2,2,0,9,2,0,0,0,7
S01011482,All people aged 16 and over in households,747,378,316,62,369,211,4,24,52,78
S01011482,16 to 24,96,15,1,14,81,79,0,2,0,0
S01011482,25 to 34,130,62,39,23,68,61,1,6,0,0
S01011482,35 to 49,163,89,71,18,74,40,0,9,23,2
S01011482,50 to 64,146,102,96,6,44,13,2,7,17,5
S01011482,65 to 74,131,89,88,1,42,8,0,0,9,25
S01011482,75 to 84,60,18,18,0,42,9,1,0,2,30
S01011482,85 and over,21,3,3,0,18,1,0,0,1,16
S01011483,All people aged 16 and over in households,438,280,238,42,158,106,0,15,23,14
S01011483,16 to 24,49,5,2,3,44,44,0,0,0,0
S01011483,25 to 34,62,32,22,10,30,26,0,2,2,0
S01011483,35 to 49,121,84,67,17,37,25,0,6,6,0
S01011483,50 to 64,142,112,101,11,30,9,0,4,11,6
S01011483,65 to 74,47,34,33,1,13,1,0,3,4,5
S01011483,75 to 84,16,13,13,0,3,1,0,0,0,2
S01011483,85 and over,1,0,0,0,1,0,0,0,0,1
S01011484,All people aged 16 and over in households,710,346,268,78,364,215,1,24,51,73
S01011484,16 to 24,102,14,2,12,88,88,0,0,0,0
S01011484,25 to 34,104,50,28,22,54,50,0,1,3,0
S01011484,35 to 49,172,100,74,26,72,39,0,13,19,1
S01011484,50 to 64,192,124,107,17,68,25,1,8,22,12
S01011484,65 to 74,72,35,34,1,37,7,0,0,5,25
S01011484,75 to 84,49,21,21,0,28,4,0,2,1,21
S01011484,85 and over,19,2,2,0,17,2,0,0,1,14
S01011485,All people aged 16 and over in households,754,342,272,70,412,258,6,26,53,69
S01011485,16 to 24,136,5,1,4,131,131,0,0,0,0
S01011485,25 to 34,90,30,10,20,60,56,0,2,2,0
S01011485,35 to 49,208,128,99,29,80,44,2,13,19,2
S01011485,50 to 64,169,106,91,15,63,9,2,8,22,22
S01011485,65 to 74,102,61,61,0,41,9,1,3,9,19
S01011485,75 to 84,38,11,9,2,27,5,1,0,1,20
S01011485,85 and over,11,1,1,0,10,4,0,0,0,6
S01011486,All people aged 16 and over in households,435,198,156,42,237,149,4,18,26,40
S01011486,16 to 24,68,6,0,6,62,61,1,0,0,0
S01011486,25 to 34,67,19,10,9,48,45,1,2,0,0
S01011486,35 to 49,112,62,41,21,50,30,1,9,8,2
S01011486,50 to 64,90,64,58,6,26,5,1,4,12,4
S01011486,65 to 74,50,32,32,0,18,4,0,2,5,7
S01011486,75 to 84,31,10,10,0,21,3,0,1,1,16
S01011486,85 and over,17,5,5,0,12,1,0,0,0,11
S01011487,All people aged 16 and over in households,830,390,286,104,440,292,3,38,63,44
S01011487,16 to 24,154,15,0,15,139,139,0,0,0,0
S01011487,25 to 34,170,84,47,37,86,76,0,7,3,0
S01011487,35 to 49,258,151,110,41,107,53,2,21,30,1
S01011487,50 to 64,141,87,79,8,54,18,1,9,17,9
S01011487,65 to 74,80,46,43,3,34,3,0,1,13,17
S01011487,75 to 84,20,7,7,0,13,2,0,0,0,11
S01011487,85 and over,7,0,0,0,7,1,0,0,0,6
S01011488,All people aged 16 and over in households,519,264,210,54,255,163,5,11,33,43
S01011488,16 to 24,75,13,5,8,62,61,0,1,0,0
S01011488,25 to 34,102,55,27,28,47,44,0,1,2,0
S01011488,35 to 49,137,69,56,13,68,44,2,6,13,3
S01011488,50 to 64,94,63,59,4,31,8,2,3,13,5
S01011488,65 to 74,76,47,46,1,29,5,1,0,4,19
S01011488,75 to 84,27,14,14,0,13,1,0,0,1,11
S01011488,85 and over,8,3,3,0,5,0,0,0,0,5
S01011489,All people aged 16 and over in households,543,342,288,54,201,148,6,15,21,11
S01011489,16 to 24,90,2,0,2,88,87,0,1,0,0
S01011489,25 to 34,105,69,50,19,36,29,1,4,2,0
S01011489,35 to 49,255,206,180,26,49,25,5,6,10,3
S01011489,50 to 64,83,62,57,5,21,6,0,3,9,3
S01011489,65 to 74,7,1,1,0,6,1,0,1,0,4
S01011489,75 to 84,2,2,0,2,0,0,0,0,0,0
S01011489,85 and over,1,0,0,0,1,0,0,0,0,1
S01011490,All people aged 16 and over in households,792,438,320,118,354,212,0,25,55,62
S01011490,16 to 24,85,16,3,13,69,69,0,0,0,0
S01011490,25 to 34,148,88,36,52,60,55,0,3,2,0
S01011490,35 to 49,228,147,109,38,81,50,0,12,14,5
S01011490,50 to 64,188,114,104,10,74,29,0,5,29,11
S01011490,65 to 74,87,54,50,4,33,7,0,5,5,16
S01011490,75 to 84,36,17,16,1,19,2,0,0,4,13
S01011490,85 and over,20,2,2,0,18,0,0,0,1,17
S01011491,All people aged 16 and over in households,415,174,130,44,241,138,2,18,44,39
S01011491,16 to 24,52,7,0,7,45,45,0,0,0,0
S01011491,25 to 34,69,29,13,16,40,38,1,1,0,0
S01011491,35 to 49,114,60,47,13,54,33,0,4,17,0
S01011491,50 to 64,104,48,40,8,56,16,1,11,20,8
S01011491,65 to 74,46,20,20,0,26,4,0,2,7,13
S01011491,75 to 84,26,10,10,0,16,2,0,0,0,14
S01011491,85 and over,4,0,0,0,4,0,0,0,0,4
S01011492,All people aged 16 and over in households,597,252,128,124,345,191,15,27,83,29
S01011492,16 to 24,94,38,1,37,56,53,2,0,1,0
S01011492,25 to 34,212,98,46,52,114,89,2,6,17,0
S01011492,35 to 49,135,54,31,23,81,40,5,17,19,0
S01011492,50 to 64,91,45,35,10,46,2,6,4,32,2
S01011492,65 to 74,34,15,13,2,19,3,0,0,9,7
S01011492,75 to 84,19,2,2,0,17,2,0,0,5,10
S01011492,85 and over,12,0,0,0,12,2,0,0,0,10
S01011493,All people aged 16 and over in households,398,292,262,30,106,85,2,9,5,5
S01011493,16 to 24,70,3,0,3,67,67,0,0,0,0
S01011493,25 to 34,57,44,36,8,13,12,1,0,0,0
S01011493,35 to 49,168,150,133,17,18,6,1,7,4,0
S01011493,50 to 64,85,81,79,2,4,0,0,1,1,2
S01011493,65 to 74,14,10,10,0,4,0,0,1,0,3
S01011493,75 to 84,3,3,3,0,0,0,0,0,0,0
S01011493,85 and over,1,1,1,0,0,0,0,0,0,0
S01011494,All people aged 16 and over in households,617,368,290,78,249,123,11,12,33,70
S01011494,16 to 24,59,6,0,6,53,53,0,0,0,0
S01011494,25 to 34,95,58,28,30,37,34,3,0,0,0
S01011494,35 to 49,160,118,90,28,42,23,1,8,8,2
S01011494,50 to 64,153,115,106,9,38,5,3,3,20,7
S01011494,65 to 74,77,44,39,5,33,4,3,1,3,22
S01011494,75 to 84,46,15,15,0,31,3,0,0,2,26
S01011494,85 and over,27,12,12,0,15,1,1,0,0,13
S01011495,All people aged 16 and over in households,664,304,250,54,360,202,5,33,45,75
S01011495,16 to 24,96,5,4,1,91,89,0,2,0,0
S01011495,25 to 34,108,45,31,14,63,55,1,3,4,0
S01011495,35 to 49,164,83,57,26,81,41,2,19,16,3
S01011495,50 to 64,152,102,92,10,50,13,2,7,17,11
S01011495,65 to 74,85,52,51,1,33,1,0,2,5,25
S01011495,75 to 84,47,16,14,2,31,3,0,0,3,25
S01011495,85 and over,12,1,1,0,11,0,0,0,0,11
S01011496,All people aged 16 and over in households,494,198,132,66,296,188,3,26,43,36
S01011496,16 to 24,83,9,3,6,74,73,0,1,0,0
S01011496,25 to 34,106,54,31,23,52,47,0,3,2,0
S01011496,35 to 49,165,76,46,30,89,58,0,15,15,1
S01011496,50 to 64,88,45,39,6,43,8,1,6,20,8
S01011496,65 to 74,30,12,11,1,18,1,0,1,5,11
S01011496,75 to 84,16,2,2,0,14,1,0,0,1,12
S01011496,85 and over,6,0,0,0,6,0,2,0,0,4
S01011497,All people aged 16 and over in households,492,311,234,77,181,136,1,10,20,14
S01011497,16 to 24,85,14,3,11,71,71,0,0,0,0
S01011497,25 to 34,108,64,27,37,44,41,1,2,0,0
S01011497,35 to 49,168,138,109,29,30,18,0,6,4,2
S01011497,50 to 64,97,73,73,0,24,5,0,2,13,4
S01011497,65 to 74,25,19,19,0,6,0,0,0,3,3
S01011497,75 to 84,7,3,3,0,4,0,0,0,0,4
S01011497,85 and over,2,0,0,0,2,1,0,0,0,1
S01011498,All people aged 16 and over in households,539,348,290,58,191,150,0,14,16,11
S01011498,16 to 24,103,2,0,2,101,101,0,0,0,0
S01011498,25 to 34,89,51,20,31,38,35,0,3,0,0
S01011498,35 to 49,210,183,159,24,27,9,0,8,10,0
S01011498,50 to 64,110,93,92,1,17,4,0,3,6,4
S01011498,65 to 74,21,18,18,0,3,1,0,0,0,2
S01011498,75 to 84,3,1,1,0,2,0,0,0,0,2
S01011498,85 and over,3,0,0,0,3,0,0,0,0,3
S01011499,All people aged 16 and over in households,676,368,292,76,308,195,6,19,45,43
S01011499,16 to 24,114,12,5,7,102,101,1,0,0,0
S01011499,25 to 34,125,70,33,37,55,48,2,4,1,0
S01011499,35 to 49,160,109,83,26,51,22,3,12,14,0
S01011499,50 to 64,175,124,121,3,51,14,0,3,21,13
S01011499,65 to 74,45,27,25,2,18,2,0,0,7,9
S01011499,75 to 84,48,25,24,1,23,5,0,0,2,16
S01011499,85 and over,9,1,1,0,8,3,0,0,0,5
S01011500,All people aged 16 and over in households,424,252,220,32,172,113,3,12,19,25
S01011500,16 to 24,51,4,1,3,47,47,0,0,0,0
S01011500,25 to 34,70,28,12,16,42,37,1,3,1,0
S01011500,35 to 49,108,81,73,8,27,19,0,4,4,0
S01011500,50 to 64,117,93,90,3,24,6,1,4,9,4
S01011500,65 to 74,45,34,33,1,11,0,0,0,3,8
S01011500,75 to 84,27,12,11,1,15,3,0,1,1,10
S01011500,85 and over,6,0,0,0,6,1,1,0,1,3
S01011501,All people aged 16 and over in households,537,232,178,54,305,175,0,23,56,51
S01011501,16 to 24,83,13,2,11,70,70,0,0,0,0
S01011501,25 to 34,80,28,10,18,52,46,0,4,2,0
S01011501,35 to 49,142,68,49,19,74,43,0,10,21,0
S01011501,50 to 64,124,72,68,4,52,13,0,6,21,12
S01011501,65 to 74,69,38,36,2,31,2,0,2,10,17
S01011501,75 to 84,31,11,11,0,20,1,0,1,1,17
S01011501,85 and over,8,2,2,0,6,0,0,0,1,5
S01011502,All people aged 16 and over in households,610,383,278,105,227,143,5,13,22,44
S01011502,16 to 24,87,17,3,14,70,70,0,0,0,0
S01011502,25 to 34,116,75,25,50,41,38,0,3,0,0
S01011502,35 to 49,133,93,63,30,40,26,1,6,7,0
S01011502,50 to 64,148,117,108,9,31,5,2,4,11,9
S01011502,65 to 74,82,60,59,1,22,1,0,0,3,18
S01011502,75 to 84,37,20,20,0,17,3,1,0,1,12
S01011502,85 and over,7,1,0,1,6,0,1,0,0,5
S01011503,All people aged 16 and over in households,508,278,236,42,230,146,0,25,20,39
S01011503,16 to 24,72,2,0,2,70,69,0,1,0,0
S01011503,25 to 34,74,32,15,17,42,39,0,3,0,0
S01011503,35 to 49,144,100,87,13,44,26,0,12,6,0
S01011503,50 to 64,128,94,87,7,34,10,0,7,11,6
S01011503,65 to 74,61,40,38,2,21,1,0,2,2,16
S01011503,75 to 84,16,7,7,0,9,0,0,0,0,9
S01011503,85 and over,13,3,2,1,10,1,0,0,1,8
S01011504,All people aged 16 and over in households,483,256,216,40,227,138,1,11,32,45
S01011504,16 to 24,73,1,0,1,72,72,0,0,0,0
S01011504,25 to 34,45,24,16,8,21,19,0,2,0,0
S01011504,35 to 49,138,101,75,26,37,23,0,5,6,3
S01011504,50 to 64,121,79,74,5,42,13,0,3,15,11
S01011504,65 to 74,57,31,31,0,26,5,0,1,11,9
S01011504,75 to 84,41,20,20,0,21,4,1,0,0,16
S01011504,85 and over,8,0,0,0,8,2,0,0,0,6
S01011505,All people aged 16 and over in households,552,256,176,80,296,186,4,27,45,34
S01011505,16 to 24,87,14,3,11,73,73,0,0,0,0
S01011505,25 to 34,96,48,17,31,48,46,0,2,0,0
S01011505,35 to 49,194,104,78,26,90,47,2,15,26,0
S01011505,50 to 64,106,66,54,12,40,11,1,9,15,4
S01011505,65 to 74,35,17,17,0,18,6,0,0,2,10
S01011505,75 to 84,22,5,5,0,17,2,1,1,2,11
S01011505,85 and over,12,2,2,0,10,1,0,0,0,9
S01011506,All people aged 16 and over in households,432,248,210,38,184,95,4,15,21,49
S01011506,16 to 24,51,3,0,3,48,48,0,0,0,0
S01011506,25 to 34,46,30,16,14,16,14,0,2,0,0
S01011506,35 to 49,85,57,42,15,28,14,3,4,6,1
S01011506,50 to 64,116,83,77,6,33,12,0,8,10,3
S01011506,65 to 74,60,41,41,0,19,3,0,0,5,11
S01011506,75 to 84,64,31,31,0,33,4,1,1,0,27
S01011506,85 and over,10,3,3,0,7,0,0,0,0,7
S01011507,All people aged 16 and over in households,514,250,198,52,264,145,4,17,43,55
S01011507,16 to 24,48,2,0,2,46,46,0,0,0,0
S01011507,25 to 34,74,31,11,20,43,40,2,0,1,0
S01011507,35 to 49,132,82,59,23,50,31,0,9,9,1
S01011507,50 to 64,145,89,83,6,56,16,1,8,27,4
S01011507,65 to 74,64,34,33,1,30,5,0,0,6,19
S01011507,75 to 84,36,10,10,0,26,4,0,0,0,22
S01011507,85 and over,15,2,2,0,13,3,1,0,0,9
S01011508,All people aged 16 and over in households,788,424,314,110,364,251,6,36,39,32
S01011508,16 to 24,111,28,6,22,83,83,0,0,0,0
S01011508,25 to 34,186,98,47,51,88,81,1,4,2,0
S01011508,35 to 49,255,155,131,24,100,65,2,25,7,1
S01011508,50 to 64,157,102,89,13,55,15,2,5,24,9
S01011508,65 to 74,46,31,31,0,15,2,0,2,4,7
S01011508,75 to 84,28,10,10,0,18,4,1,0,2,11
S01011508,85 and over,5,0,0,0,5,1,0,0,0,4
S01011509,All people aged 16 and over in households,521,277,226,51,244,164,1,20,24,35
S01011509,16 to 24,91,7,0,7,84,84,0,0,0,0
S01011509,25 to 34,69,24,9,15,45,43,0,2,0,0
S01011509,35 to 49,119,81,61,20,38,20,1,12,5,0
S01011509,50 to 64,161,119,112,7,42,13,0,6,16,7
S01011509,65 to 74,49,35,33,2,14,3,0,0,3,8
S01011509,75 to 84,26,9,9,0,17,1,0,0,0,16
S01011509,85 and over,6,2,2,0,4,0,0,0,0,4
S01011510,All people aged 16 and over in households,840,401,326,75,439,298,2,27,62,50
S01011510,16 to 24,155,7,0,7,148,148,0,0,0,0
S01011510,25 to 34,135,64,30,34,71,65,1,0,4,1
S01011510,35 to 49,249,153,126,27,96,54,0,18,20,4
S01011510,50 to 64,159,103,96,7,56,21,0,7,23,5
S01011510,65 to 74,81,50,50,0,31,6,0,1,10,14
S01011510,75 to 84,53,22,22,0,31,3,1,1,5,21
S01011510,85 and over,8,2,2,0,6,1,0,0,0,5
S01011511,All people aged 16 and over in households,435,216,144,72,219,121,1,17,42,38
S01011511,16 to 24,57,15,2,13,42,42,0,0,0,0
S01011511,25 to 34,73,33,13,20,40,32,0,4,4,0
S01011511,35 to 49,113,58,29,29,55,32,0,5,18,0
S01011511,50 to 64,101,64,56,8,37,9,0,8,14,6
S01011511,65 to 74,50,30,29,1,20,3,0,0,5,12
S01011511,75 to 84,26,10,10,0,16,1,1,0,1,13
S01011511,85 and over,15,6,5,1,9,2,0,0,0,7
S01011512,All people aged 16 and over in households,693,284,196,88,409,241,3,31,82,52
S01011512,16 to 24,118,27,4,23,91,90,0,1,0,0
S01011512,25 to 34,134,62,34,28,72,63,1,3,5,0
S01011512,35 to 49,206,95,68,27,111,69,0,15,26,1
S01011512,50 to 64,147,70,63,7,77,16,1,7,39,14
S01011512,65 to 74,64,26,23,3,38,2,0,4,8,24
S01011512,75 to 84,21,3,3,0,18,1,1,1,4,11
S01011512,85 and over,3,1,1,0,2,0,0,0,0,2
S01011513,All people aged 16 and over in households,609,258,204,54,351,211,3,23,63,51
S01011513,16 to 24,100,13,0,13,87,87,0,0,0,0
S01011513,25 to 34,102,41,19,22,61,57,0,3,1,0
S01011513,35 to 49,151,73,59,14,78,44,2,10,22,0
S01011513,50 to 64,166,102,97,5,64,14,0,9,28,13
S01011513,65 to 74,53,21,21,0,32,2,0,1,12,17
S01011513,75 to 84,30,7,7,0,23,7,1,0,0,15
S01011513,85 and over,7,1,1,0,6,0,0,0,0,6
S01011514,All people aged 16 and over in households,732,354,284,70,378,249,2,29,41,57
S01011514,16 to 24,130,4,0,4,126,125,0,1,0,0
S01011514,25 to 34,122,53,24,29,69,61,1,6,1,0
S01011514,35 to 49,182,115,89,26,67,35,1,16,13,2
S01011514,50 to 64,185,130,121,9,55,19,0,6,18,12
S01011514,65 to 74,66,38,38,0,28,4,0,0,7,17
S01011514,75 to 84,33,12,11,1,21,3,0,0,1,17
S01011514,85 and over,14,2,1,1,12,2,0,0,1,9
S01011515,All people aged 16 and over in households,451,244,170,74,207,137,1,17,32,20
S01011515,16 to 24,63,18,2,16,45,45,0,0,0,0
S01011515,25 to 34,75,33,18,15,42,39,0,0,3,0
S01011515,35 to 49,149,91,63,28,58,37,0,10,11,0
S01011515,50 to 64,117,76,61,15,41,12,1,7,15,6
S01011515,65 to 74,32,18,18,0,14,4,0,0,3,7
S01011515,75 to 84,14,7,7,0,7,0,0,0,0,7
S01011515,85 and over,1,1,1,0,0,0,0,0,0,0
S01011516,All people aged 16 and over in households,718,498,402,96,220,159,4,14,23,20
S01011516,16 to 24,97,7,3,4,90,90,0,0,0,0
S01011516,25 to 34,118,82,44,38,36,33,1,1,1,0
S01011516,35 to 49,258,204,162,42,54,30,3,7,11,3
S01011516,50 to 64,189,164,154,10,25,5,0,5,11,4
S01011516,65 to 74,43,37,35,2,6,0,0,1,0,5
S01011516,75 to 84,10,4,4,0,6,1,0,0,0,5
S01011516,85 and over,3,0,0,0,3,0,0,0,0,3
S01011517,All people aged 16 and over in households,453,262,218,44,191,103,8,19,24,37
S01011517,16 to 24,64,7,3,4,57,56,1,0,0,0
S01011517,25 to 34,53,32,18,14,21,18,2,1,0,0
S01011517,35 to 49,114,85,67,18,29,14,2,9,3,1
S01011517,50 to 64,120,85,77,8,35,10,1,8,13,3
S01011517,65 to 74,55,39,39,0,16,3,0,1,5,7
S01011517,75 to 84,33,13,13,0,20,2,1,0,2,15
S01011517,85 and over,14,1,1,0,13,0,1,0,1,11
S01011518,All people aged 16 and over in households,552,264,216,48,288,151,2,22,43,70
S01011518,16 to 24,72,5,2,3,67,67,0,0,0,0
S01011518,25 to 34,65,32,11,21,33,31,0,1,1,0
S01011518,35 to 49,123,70,55,15,53,25,0,17,11,0
S01011518,50 to 64,138,93,86,7,45,16,1,4,13,11
S01011518,65 to 74,89,44,42,2,45,8,1,0,13,23
S01011518,75 to 84,50,17,17,0,33,3,0,0,5,25
S01011518,85 and over,15,3,3,0,12,1,0,0,0,11
S01011519,All people aged 16 and over in households,642,356,282,74,286,183,3,19,35,46
S01011519,16 to 24,97,4,0,4,93,93,0,0,0,0
S01011519,25 to 34,92,47,19,28,45,42,1,2,0,0
S01011519,35 to 49,152,112,81,31,40,22,0,8,10,0
S01011519,50 to 64,183,138,128,10,45,17,2,6,15,5
S01011519,65 to 74,69,43,43,0,26,6,0,2,8,10
S01011519,75 to 84,30,9,8,1,21,3,0,1,2,15
S01011519,85 and over,19,3,3,0,16,0,0,0,0,16
S01011520,All people aged 16 and over in households,470,208,122,86,262,165,3,16,27,51
S01011520,16 to 24,72,8,0,8,64,64,0,0,0,0
S01011520,25 to 34,77,42,17,25,35,35,0,0,0,0
S01011520,35 to 49,124,73,35,38,51,31,1,10,9,0
S01011520,50 to 64,101,54,42,12,47,17,0,6,15,9
S01011520,65 to 74,48,23,21,2,25,15,1,0,2,7
S01011520,75 to 84,31,6,5,1,25,2,0,0,1,22
S01011520,85 and over,17,2,2,0,15,1,1,0,0,13
S01011521,All people aged 16 and over in households,753,346,236,110,407,253,5,29,57,63
S01011521,16 to 24,121,27,1,26,94,94,0,0,0,0
S01011521,25 to 34,161,70,33,37,91,82,0,4,2,3
S01011521,35 to 49,192,109,73,36,83,46,2,18,17,0
S01011521,50 to 64,168,90,79,11,78,24,1,6,31,16
S01011521,65 to 74,58,32,32,0,26,4,0,1,4,17
S01011521,75 to 84,42,17,17,0,25,1,0,0,3,21
S01011521,85 and over,11,1,1,0,10,2,2,0,0,6
S01011522,All people aged 16 and over in households,744,322,252,70,422,218,3,38,86,77
S01011522,16 to 24,96,8,2,6,88,87,0,1,0,0
S01011522,25 to 34,111,53,29,24,58,53,0,2,3,0
S01011522,35 to 49,207,122,100,22,85,37,1,17,28,2
S01011522,50 to 64,179,84,72,12,95,26,1,14,39,15
S01011522,65 to 74,88,40,36,4,48,8,0,4,10,26
S01011522,75 to 84,42,14,13,1,28,4,0,0,6,18
S01011522,85 and over,21,1,0,1,20,3,1,0,0,16
S01011523,All people aged 16 and over in households,611,310,212,98,301,198,1,24,38,40
S01011523,16 to 24,90,13,2,11,77,77,0,0,0,0
S01011523,25 to 34,113,49,17,32,64,57,0,5,2,0
S01011523,35 to 49,191,120,84,36,71,42,0,13,15,1
S01011523,50 to 64,139,87,73,14,52,16,1,4,16,15
S01011523,65 to 74,53,30,25,5,23,5,0,2,3,13
S01011523,75 to 84,19,11,11,0,8,1,0,0,1,6
S01011523,85 and over,6,0,0,0,6,0,0,0,1,5
S01011524,All people aged 16 and over in households,762,464,382,82,298,194,4,24,39,37
S01011524,16 to 24,94,5,0,5,89,89,0,0,0,0
S01011524,25 to 34,106,62,37,25,44,39,0,4,1,0
S01011524,35 to 49,214,151,119,32,63,38,2,12,11,0
S01011524,50 to 64,239,183,166,17,56,14,0,8,21,13
S01011524,65 to 74,67,45,43,2,22,6,1,0,4,11
S01011524,75 to 84,31,17,16,1,14,3,1,0,2,8
S01011524,85 and over,11,1,1,0,10,5,0,0,0,5
S01011525,All people aged 16 and over in households,681,454,394,60,227,141,3,23,29,31
S01011525,16 to 24,74,3,1,2,71,71,0,0,0,0
S01011525,25 to 34,90,49,30,19,41,38,1,1,1,0
S01011525,35 to 49,225,181,155,26,44,21,2,15,6,0
S01011525,50 to 64,214,177,165,12,37,6,0,6,16,9
S01011525,65 to 74,50,34,34,0,16,2,0,1,6,7
S01011525,75 to 84,23,10,9,1,13,1,0,0,0,12
S01011525,85 and over,5,0,0,0,5,2,0,0,0,3
S01011526,All people aged 16 and over in households,814,458,402,56,356,221,4,29,49,53
S01011526,16 to 24,121,5,0,5,116,116,0,0,0,0
S01011526,25 to 34,113,52,33,19,61,55,0,4,2,0
S01011526,35 to 49,231,161,134,27,70,38,0,16,16,0
S01011526,50 to 64,197,143,138,5,54,11,2,8,22,11
S01011526,65 to 74,119,86,86,0,33,0,2,1,8,22
S01011526,75 to 84,30,11,11,0,19,1,0,0,1,17
S01011526,85 and over,3,0,0,0,3,0,0,0,0,3
S01011527,All people aged 16 and over in households,610,394,366,28,216,128,5,15,26,42
S01011527,16 to 24,76,3,1,2,73,73,0,0,0,0
S01011527,25 to 34,58,24,18,6,34,32,0,1,1,0
S01011527,35 to 49,134,94,85,9,40,17,3,3,15,2
S01011527,50 to 64,174,148,140,8,26,3,2,10,7,4
S01011527,65 to 74,115,95,93,2,20,3,0,1,2,14
S01011527,75 to 84,43,27,26,1,16,0,0,0,1,15
S01011527,85 and over,10,3,3,0,7,0,0,0,0,7
S01011528,All people aged 16 and over in households,830,412,328,84,418,239,8,20,70,81
S01011528,16 to 24,110,18,2,16,92,92,0,0,0,0
S01011528,25 to 34,123,61,35,26,62,56,4,1,1,0
S01011528,35 to 49,193,102,72,30,91,57,0,14,17,3
S01011528,50 to 64,194,114,103,11,80,25,0,2,40,13
S01011528,65 to 74,99,66,65,1,33,4,1,3,8,17
S01011528,75 to 84,80,43,43,0,37,5,2,0,3,27
S01011528,85 and over,31,8,8,0,23,0,1,0,1,21
S01011529,All people aged 16 and over in households,422,168,112,56,254,134,2,19,47,52
S01011529,16 to 24,52,14,0,14,38,37,0,1,0,0
S01011529,25 to 34,77,34,15,19,43,41,0,1,1,0
S01011529,35 to 49,94,35,21,14,59,32,1,12,14,0
S01011529,50 to 64,98,50,43,7,48,14,1,4,25,4
S01011529,65 to 74,41,20,18,2,21,6,0,0,4,11
S01011529,75 to 84,51,13,13,0,38,2,0,1,3,32
S01011529,85 and over,9,2,2,0,7,2,0,0,0,5
S01011530,All people aged 16 and over in households,810,392,294,98,418,244,3,29,63,79
S01011530,16 to 24,122,14,0,14,108,106,0,1,1,0
S01011530,25 to 34,124,66,22,44,58,55,0,2,1,0
S01011530,35 to 49,193,114,88,26,79,49,0,14,15,1
S01011530,50 to 64,206,121,107,14,85,29,2,8,35,11
S01011530,65 to 74,83,46,46,0,37,4,0,4,6,23
S01011530,75 to 84,71,31,31,0,40,0,1,0,5,34
S01011530,85 and over,11,0,0,0,11,1,0,0,0,10
S01011531,All people aged 16 and over in households,910,554,448,106,356,203,4,28,34,87
S01011531,16 to 24,112,19,2,17,93,92,0,0,1,0
S01011531,25 to 34,179,116,65,51,63,59,1,1,2,0
S01011531,35 to 49,224,164,134,30,60,26,1,17,13,3
S01011531,50 to 64,195,147,139,8,48,17,2,6,13,10
S01011531,65 to 74,93,65,65,0,28,3,0,4,4,17
S01011531,75 to 84,81,41,41,0,40,3,0,0,1,36
S01011531,85 and over,26,2,2,0,24,3,0,0,0,21
S01011532,All people aged 16 and over in households,475,322,262,60,153,110,1,13,20,9
S01011532,16 to 24,64,8,2,6,56,56,0,0,0,0
S01011532,25 to 34,82,51,32,19,31,29,0,2,0,0
S01011532,35 to 49,204,170,140,30,34,16,1,8,9,0
S01011532,50 to 64,93,70,65,5,23,5,0,3,11,4
S01011532,65 to 74,25,20,20,0,5,1,0,0,0,4
S01011532,75 to 84,7,3,3,0,4,3,0,0,0,1
S01011532,85 and over,0,0,0,0,0,0,0,0,0,0
S01011533,All people aged 16 and over in households,513,208,148,60,305,167,2,21,63,52
S01011533,16 to 24,82,14,0,14,68,68,0,0,0,0
S01011533,25 to 34,72,33,16,17,39,34,1,2,2,0
S01011533,35 to 49,135,61,44,17,74,49,0,7,18,0
S01011533,50 to 64,132,75,67,8,57,6,0,10,29,12
S01011533,65 to 74,51,19,17,2,32,5,0,2,11,14
S01011533,75 to 84,36,6,4,2,30,5,1,0,3,21
S01011533,85 and over,5,0,0,0,5,0,0,0,0,5
S01011534,All people aged 16 and over in households,596,318,260,58,278,154,10,18,40,56
S01011534,16 to 24,64,4,1,3,60,60,0,0,0,0
S01011534,25 to 34,91,51,31,20,40,31,4,2,3,0
S01011534,35 to 49,187,125,102,23,62,39,2,11,9,1
S01011534,50 to 64,135,84,72,12,51,15,2,3,18,13
S01011534,65 to 74,76,45,45,0,31,5,1,2,8,15
S01011534,75 to 84,33,9,9,0,24,4,1,0,1,18
S01011534,85 and over,10,0,0,0,10,0,0,0,1,9
S01011535,All people aged 16 and over in households,687,250,174,76,437,256,6,34,60,81
S01011535,16 to 24,86,9,0,9,77,77,0,0,0,0
S01011535,25 to 34,129,48,11,37,81,78,0,1,2,0
S01011535,35 to 49,189,71,47,24,118,67,0,22,27,2
S01011535,50 to 64,110,49,45,4,61,21,2,7,21,10
S01011535,65 to 74,103,57,55,2,46,11,4,4,6,21
S01011535,75 to 84,52,13,13,0,39,2,0,0,4,33
S01011535,85 and over,18,3,3,0,15,0,0,0,0,15
S01011536,All people aged 16 and over in households,573,362,322,40,211,148,1,8,25,29
S01011536,16 to 24,82,1,0,1,81,81,0,0,0,0
S01011536,25 to 34,82,34,19,15,48,48,0,0,0,0
S01011536,35 to 49,126,106,90,16,20,10,0,5,3,2
S01011536,50 to 64,210,175,170,5,35,7,1,2,18,7
S01011536,65 to 74,55,40,37,3,15,1,0,1,3,10
S01011536,75 to 84,16,6,6,0,10,1,0,0,1,8
S01011536,85 and over,2,0,0,0,2,0,0,0,0,2
S01011537,All people aged 16 and over in households,445,266,194,72,179,117,1,12,31,18
S01011537,16 to 24,70,14,2,12,56,56,0,0,0,0
S01011537,25 to 34,93,68,35,33,25,23,0,1,1,0
S01011537,35 to 49,161,109,90,19,52,27,1,6,15,3
S01011537,50 to 64,84,55,47,8,29,9,0,5,12,3
S01011537,65 to 74,27,17,17,0,10,2,0,0,3,5
S01011537,75 to 84,9,3,3,0,6,0,0,0,0,6
S01011537,85 and over,1,0,0,0,1,0,0,0,0,1
S01011538,All people aged 16 and over in households,559,370,320,50,189,130,2,11,20,26
S01011538,16 to 24,83,0,0,0,83,83,0,0,0,0
S01011538,25 to 34,80,49,31,18,31,28,0,1,2,0
S01011538,35 to 49,137,116,98,18,21,13,1,3,4,0
S01011538,50 to 64,170,142,130,12,28,3,0,6,12,7
S01011538,65 to 74,62,47,45,2,15,1,0,1,1,12
S01011538,75 to 84,25,14,14,0,11,2,1,0,1,7
S01011538,85 and over,2,2,2,0,0,0,0,0,0,0
S01011539,All people aged 16 and over in households,619,292,224,68,327,199,4,22,35,67
S01011539,16 to 24,98,6,0,6,92,91,1,0,0,0
S01011539,25 to 34,104,51,26,25,53,49,2,2,0,0
S01011539,35 to 49,141,80,54,26,61,34,0,12,13,2
S01011539,50 to 64,148,94,84,10,54,13,0,6,17,18
S01011539,65 to 74,77,45,44,1,32,3,1,1,5,22
S01011539,75 to 84,42,14,14,0,28,7,0,1,0,20
S01011539,85 and over,9,2,2,0,7,2,0,0,0,5
S01011540,All people aged 16 and over in households,849,472,392,80,377,226,5,31,56,59
S01011540,16 to 24,103,9,0,9,94,93,1,0,0,0
S01011540,25 to 34,135,76,58,18,59,55,0,4,0,0
S01011540,35 to 49,233,144,115,29,89,52,3,14,18,2
S01011540,50 to 64,212,150,130,20,62,17,0,10,26,9
S01011540,65 to 74,108,63,61,2,45,8,1,3,11,22
S01011540,75 to 84,42,25,23,2,17,1,0,0,1,15
S01011540,85 and over,16,5,5,0,11,0,0,0,0,11
S01011541,All people aged 16 and over in households,716,358,242,116,358,235,0,28,57,38
S01011541,16 to 24,131,20,2,18,111,111,0,0,0,0
S01011541,25 to 34,126,61,21,40,65,57,0,5,3,0
S01011541,35 to 49,219,134,93,41,85,47,0,16,21,1
S01011541,50 to 64,159,103,88,15,56,14,0,5,25,12
S01011541,65 to 74,43,23,21,2,20,4,0,2,5,9
S01011541,75 to 84,32,14,14,0,18,2,0,0,2,14
S01011541,85 and over,6,3,3,0,3,0,0,0,1,2
S01011542,All people aged 16 and over in households,735,408,332,76,327,201,1,30,47,48
S01011542,16 to 24,102,10,1,9,92,92,0,0,0,0
S01011542,25 to 34,115,55,34,21,60,54,0,5,1,0
S01011542,35 to 49,223,144,109,35,79,41,0,14,23,1
S01011542,50 to 64,179,130,119,11,49,12,0,10,16,11
S01011542,65 to 74,80,56,56,0,24,1,0,0,4,19
S01011542,75 to 84,28,12,12,0,16,1,0,1,3,11
S01011542,85 and over,8,1,1,0,7,0,1,0,0,6
S01011543,All people aged 16 and over in households,611,302,208,94,309,208,3,23,36,39
S01011543,16 to 24,108,11,0,11,97,97,0,0,0,0
S01011543,25 to 34,108,46,20,26,62,60,0,2,0,0
S01011543,35 to 49,189,123,81,42,66,38,1,16,10,1
S01011543,50 to 64,141,91,80,11,50,11,2,3,23,11
S01011543,65 to 74,45,26,23,3,19,2,0,2,3,12
S01011543,75 to 84,18,5,4,1,13,0,0,0,0,13
S01011543,85 and over,2,0,0,0,2,0,0,0,0,2
S01011544,All people aged 16 and over in households,550,288,254,34,262,162,0,11,35,54
S01011544,16 to 24,71,4,0,4,67,67,0,0,0,0
S01011544,25 to 34,81,33,18,15,48,45,0,1,2,0
S01011544,35 to 49,126,88,80,8,38,24,0,4,10,0
S01011544,50 to 64,164,116,109,7,48,13,0,5,20,10
S01011544,65 to 74,73,37,37,0,36,10,0,0,3,23
S01011544,75 to 84,23,8,8,0,15,2,0,1,0,12
S01011544,85 and over,12,2,2,0,10,1,0,0,0,9
S01011545,All people aged 16 and over in households,488,240,190,50,248,147,4,12,27,58
S01011545,16 to 24,70,11,1,10,59,58,0,0,1,0
S01011545,25 to 34,83,37,18,19,46,43,1,1,1,0
S01011545,35 to 49,98,58,48,10,40,30,0,3,4,3
S01011545,50 to 64,121,87,78,9,34,9,0,6,12,7
S01011545,65 to 74,80,39,37,2,41,4,2,1,8,26
S01011545,75 to 84,27,8,8,0,19,1,1,1,1,15
S01011545,85 and over,9,0,0,0,9,2,0,0,0,7
S01011546,All people aged 16 and over in households,550,370,342,28,180,149,4,10,12,5
S01011546,16 to 24,111,3,2,1,108,108,0,0,0,0
S01011546,25 to 34,59,34,26,8,25,25,0,0,0,0
S01011546,35 to 49,232,198,186,12,34,13,4,7,8,2
S01011546,50 to 64,133,122,115,7,11,3,0,2,4,2
S01011546,65 to 74,12,11,11,0,1,0,0,1,0,0
S01011546,75 to 84,2,2,2,0,0,0,0,0,0,0
S01011546,85 and over,1,0,0,0,1,0,0,0,0,1
S01011547,All people aged 16 and over in households,434,294,234,60,140,102,2,13,16,7
S01011547,16 to 24,73,8,0,8,65,64,0,0,0,1
S01011547,25 to 34,77,55,31,24,22,20,0,1,1,0
S01011547,35 to 49,195,164,144,20,31,12,1,7,10,1
S01011547,50 to 64,72,53,45,8,19,6,1,5,4,3
S01011547,65 to 74,15,13,13,0,2,0,0,0,1,1
S01011547,75 to 84,2,1,1,0,1,0,0,0,0,1
S01011547,85 and over,0,0,0,0,0,0,0,0,0,0
S01011548,All people aged 16 and over in households,614,348,294,54,266,143,1,17,41,64
S01011548,16 to 24,71,3,2,1,68,68,0,0,0,0
S01011548,25 to 34,93,62,30,32,31,30,0,1,0,0
S01011548,35 to 49,157,108,95,13,49,24,0,11,14,0
S01011548,50 to 64,126,87,80,7,39,8,0,3,23,5
S01011548,65 to 74,96,59,58,1,37,6,1,2,4,24
S01011548,75 to 84,63,27,27,0,36,6,0,0,0,30
S01011548,85 and over,8,2,2,0,6,1,0,0,0,5
S01011549,All people aged 16 and over in households,678,460,420,40,218,142,1,10,27,38
S01011549,16 to 24,84,0,0,0,84,84,0,0,0,0
S01011549,25 to 34,72,44,27,17,28,27,0,0,1,0
S01011549,35 to 49,144,118,111,7,26,11,0,7,8,0
S01011549,50 to 64,235,194,180,14,41,13,1,2,15,10
S01011549,65 to 74,90,71,69,2,19,4,0,1,2,12
S01011549,75 to 84,42,28,28,0,14,2,0,0,1,11
S01011549,85 and over,11,5,5,0,6,1,0,0,0,5
S01011550,All people aged 16 and over in households,607,420,396,24,187,130,1,4,19,33
S01011550,16 to 24,80,0,0,0,80,80,0,0,0,0
S01011550,25 to 34,65,26,18,8,39,38,1,0,0,0
S01011550,35 to 49,115,101,95,6,14,8,0,2,4,0
S01011550,50 to 64,231,206,198,8,25,2,0,2,11,10
S01011550,65 to 74,73,58,56,2,15,0,0,0,2,13
S01011550,75 to 84,32,26,26,0,6,2,0,0,2,2
S01011550,85 and over,11,3,3,0,8,0,0,0,0,8
S01011551,All people aged 16 and over in households,450,260,224,36,190,121,4,7,26,32
S01011551,16 to 24,65,6,4,2,59,58,0,0,1,0
S01011551,25 to 34,54,19,6,13,35,30,1,1,3,0
S01011551,35 to 49,119,86,69,17,33,18,0,2,12,1
S01011551,50 to 64,117,89,85,4,28,6,1,4,8,9
S01011551,65 to 74,51,38,38,0,13,1,0,0,1,11
S01011551,75 to 84,39,20,20,0,19,7,2,0,1,9
S01011551,85 and over,5,2,2,0,3,1,0,0,0,2
S01011552,All people aged 16 and over in households,602,372,332,40,230,161,3,12,26,28
S01011552,16 to 24,103,3,0,3,100,100,0,0,0,0
S01011552,25 to 34,60,26,15,11,34,33,0,1,0,0
S01011552,35 to 49,172,134,118,16,38,21,3,6,7,1
S01011552,50 to 64,176,143,138,5,33,6,0,5,16,6
S01011552,65 to 74,57,44,40,4,13,1,0,0,2,10
S01011552,75 to 84,25,18,17,1,7,0,0,0,1,6
S01011552,85 and over,9,4,4,0,5,0,0,0,0,5
S01011553,All people aged 16 and over in households,618,430,390,40,188,139,6,13,17,13
S01011553,16 to 24,103,3,1,2,100,100,0,0,0,0
S01011553,25 to 34,96,64,54,10,32,24,3,2,2,1
S01011553,35 to 49,275,243,221,22,32,13,2,7,8,2
S01011553,50 to 64,128,111,107,4,17,2,1,3,7,4
S01011553,65 to 74,13,8,7,1,5,0,0,1,0,4
S01011553,75 to 84,2,1,0,1,1,0,0,0,0,1
S01011553,85 and over,1,0,0,0,1,0,0,0,0,1
S01011554,All people aged 16 and over in households,716,390,322,68,326,185,2,11,35,93
S01011554,16 to 24,89,6,0,6,83,83,0,0,0,0
S01011554,25 to 34,76,31,14,17,45,44,0,1,0,0
S01011554,35 to 49,183,123,104,19,60,40,0,6,12,2
S01011554,50 to 64,179,135,121,14,44,14,0,4,17,9
S01011554,65 to 74,128,72,63,9,56,3,1,0,5,47
S01011554,75 to 84,48,22,19,3,26,1,1,0,1,23
S01011554,85 and over,13,1,1,0,12,0,0,0,0,12
S01011555,All people aged 16 and over in households,458,210,154,56,248,155,4,15,40,34
S01011555,16 to 24,98,12,3,9,86,86,0,0,0,0
S01011555,25 to 34,78,37,19,18,41,37,0,4,0,0
S01011555,35 to 49,137,82,62,20,55,17,1,7,26,4
S01011555,50 to 64,90,58,51,7,32,11,1,4,9,7
S01011555,65 to 74,35,17,15,2,18,2,2,0,2,12
S01011555,75 to 84,16,4,4,0,12,2,0,0,3,7
S01011555,85 and over,4,0,0,0,4,0,0,0,0,4
S01011556,All people aged 16 and over in households,400,158,104,54,242,154,2,15,40,31
S01011556,16 to 24,53,7,0,7,46,46,0,0,0,0
S01011556,25 to 34,71,32,14,18,39,37,0,2,0,0
S01011556,35 to 49,127,59,39,20,68,50,0,8,10,0
S01011556,50 to 64,87,40,31,9,47,15,0,4,21,7
S01011556,65 to 74,38,12,12,0,26,4,1,1,6,14
S01011556,75 to 84,20,6,6,0,14,2,1,0,3,8
S01011556,85 and over,4,2,2,0,2,0,0,0,0,2
S01011557,All people aged 16 and over in households,594,318,254,64,276,185,2,16,27,46
S01011557,16 to 24,84,8,0,8,76,76,0,0,0,0
S01011557,25 to 34,97,50,21,29,47,45,0,2,0,0
S01011557,35 to 49,170,110,89,21,60,41,1,8,8,2
S01011557,50 to 64,152,107,103,4,45,17,1,6,12,9
S01011557,65 to 74,47,31,29,2,16,2,0,0,5,9
S01011557,75 to 84,30,11,11,0,19,3,0,0,1,15
S01011557,85 and over,14,1,1,0,13,1,0,0,1,11
S01011558,All people aged 16 and over in households,457,246,206,40,211,142,2,14,25,28
S01011558,16 to 24,71,9,1,8,62,61,1,0,0,0
S01011558,25 to 34,73,35,22,13,38,34,1,2,1,0
S01011558,35 to 49,131,83,71,12,48,34,0,6,7,1
S01011558,50 to 64,118,78,71,7,40,11,0,6,16,7
S01011558,65 to 74,35,25,25,0,10,1,0,0,1,8
S01011558,75 to 84,19,11,11,0,8,0,0,0,0,8
S01011558,85 and over,10,5,5,0,5,1,0,0,0,4
S01011559,All people aged 16 and over in households,494,252,200,52,242,166,6,15,26,29
S01011559,16 to 24,79,2,1,1,77,76,1,0,0,0
S01011559,25 to 34,89,39,15,24,50,44,2,4,0,0
S01011559,35 to 49,118,69,52,17,49,33,1,8,6,1
S01011559,50 to 64,131,92,84,8,39,8,1,3,18,9
S01011559,65 to 74,54,40,38,2,14,4,1,0,0,9
S01011559,75 to 84,21,10,10,0,11,1,0,0,2,8
S01011559,85 and over,2,0,0,0,2,0,0,0,0,2
S01011560,All people aged 16 and over in households,618,312,254,58,306,186,0,15,43,62
S01011560,16 to 24,93,6,0,6,87,87,0,0,0,0
S01011560,25 to 34,96,58,29,29,38,35,0,3,0,0
S01011560,35 to 49,170,104,88,16,66,43,0,6,14,3
S01011560,50 to 64,163,110,103,7,53,13,0,2,26,12
S01011560,65 to 74,58,25,25,0,33,5,0,1,3,24
S01011560,75 to 84,36,9,9,0,27,3,0,3,0,21
S01011560,85 and over,2,0,0,0,2,0,0,0,0,2
S01011561,All people aged 16 and over in households,646,302,236,66,344,230,5,27,33,49
S01011561,16 to 24,112,11,0,11,101,101,0,0,0,0
S01011561,25 to 34,99,34,13,21,65,60,0,5,0,0
S01011561,35 to 49,176,108,85,23,68,40,3,16,9,0
S01011561,50 to 64,140,90,81,9,50,17,1,5,17,10
S01011561,65 to 74,75,41,40,1,34,7,1,1,5,20
S01011561,75 to 84,36,18,17,1,18,4,0,0,2,12
S01011561,85 and over,8,0,0,0,8,1,0,0,0,7
S01011562,All people aged 16 and over in households,485,172,112,60,313,196,4,25,55,33
S01011562,16 to 24,92,1,0,1,91,89,1,0,1,0
S01011562,25 to 34,84,34,14,20,50,44,1,4,1,0
S01011562,35 to 49,175,91,61,30,84,44,2,12,23,3
S01011562,50 to 64,78,31,24,7,47,16,0,6,19,6
S01011562,65 to 74,37,11,9,2,26,2,0,3,9,12
S01011562,75 to 84,14,3,3,0,11,1,0,0,1,9
S01011562,85 and over,5,1,1,0,4,0,0,0,1,3
S01011563,All people aged 16 and over in households,585,246,182,64,339,229,6,22,43,39
S01011563,16 to 24,112,4,1,3,108,107,0,0,1,0
S01011563,25 to 34,101,46,20,26,55,46,2,5,1,1
S01011563,35 to 49,189,105,77,28,84,50,2,12,18,2
S01011563,50 to 64,106,53,46,7,53,16,1,4,15,17
S01011563,65 to 74,48,26,26,0,22,6,1,1,6,8
S01011563,75 to 84,22,12,12,0,10,2,0,0,1,7
S01011563,85 and over,7,0,0,0,7,2,0,0,1,4
S01011564,All people aged 16 and over in households,771,446,362,84,325,195,5,17,46,62
S01011564,16 to 24,99,18,3,15,81,80,0,1,0,0
S01011564,25 to 34,129,73,32,41,56,53,0,2,1,0
S01011564,35 to 49,223,165,145,20,58,36,2,6,14,0
S01011564,50 to 64,179,124,119,5,55,17,2,8,17,11
S01011564,65 to 74,81,47,44,3,34,8,0,0,12,14
S01011564,75 to 84,45,16,16,0,29,1,0,0,2,26
S01011564,85 and over,15,3,3,0,12,0,1,0,0,11
S01011565,All people aged 16 and over in households,743,414,316,98,329,222,3,26,34,44
S01011565,16 to 24,114,12,2,10,102,102,0,0,0,0
S01011565,25 to 34,151,82,45,37,69,61,0,7,1,0
S01011565,35 to 49,222,157,118,39,65,36,2,15,12,0
S01011565,50 to 64,165,124,113,11,41,17,0,3,14,7
S01011565,65 to 74,53,28,27,1,25,5,0,1,6,13
S01011565,75 to 84,33,11,11,0,22,1,1,0,1,19
S01011565,85 and over,5,0,0,0,5,0,0,0,0,5
S01011566,All people aged 16 and over in households,695,330,266,64,365,247,8,29,49,32
S01011566,16 to 24,114,10,3,7,104,104,0,0,0,0
S01011566,25 to 34,138,57,28,29,81,70,2,5,2,2
S01011566,35 to 49,194,100,81,19,94,50,4,17,22,1
S01011566,50 to 64,173,118,111,7,55,20,1,4,24,6
S01011566,65 to 74,54,37,35,2,17,2,0,3,1,11
S01011566,75 to 84,20,8,8,0,12,0,1,0,0,11
S01011566,85 and over,2,0,0,0,2,1,0,0,0,1
S01011567,All people aged 16 and over in households,831,424,360,64,407,229,2,30,48,98
S01011567,16 to 24,88,8,0,8,80,80,0,0,0,0
S01011567,25 to 34,133,67,44,23,66,61,1,2,2,0
S01011567,35 to 49,159,91,75,16,68,41,0,12,14,1
S01011567,50 to 64,224,148,135,13,76,37,0,8,19,12
S01011567,65 to 74,111,58,55,3,53,5,0,6,11,31
S01011567,75 to 84,97,49,49,0,48,4,1,2,1,40
S01011567,85 and over,19,3,2,1,16,1,0,0,1,14
S01011568,All people aged 16 and over in households,652,402,328,74,250,158,7,18,28,39
S01011568,16 to 24,73,2,0,2,71,70,0,1,0,0
S01011568,25 to 34,117,68,48,20,49,43,3,2,0,1
S01011568,35 to 49,220,176,130,46,44,25,0,8,11,0
S01011568,50 to 64,127,87,81,6,40,16,4,6,14,0
S01011568,65 to 74,75,54,54,0,21,4,0,1,3,13
S01011568,75 to 84,31,13,13,0,18,0,0,0,0,18
S01011568,85 and over,9,2,2,0,7,0,0,0,0,7
S01011569,All people aged 16 and over in households,804,464,404,60,340,213,2,10,41,74
S01011569,16 to 24,98,5,2,3,93,93,0,0,0,0
S01011569,25 to 34,109,68,43,25,41,38,1,0,2,0
S01011569,35 to 49,216,154,136,18,62,40,1,6,13,2
S01011569,50 to 64,222,165,151,14,57,22,0,4,18,13
S01011569,65 to 74,98,51,51,0,47,17,0,0,6,24
S01011569,75 to 84,48,19,19,0,29,3,0,0,2,24
S01011569,85 and over,13,2,2,0,11,0,0,0,0,11
S01011570,All people aged 16 and over in households,570,278,230,48,292,176,1,29,41,45
S01011570,16 to 24,69,7,0,7,62,62,0,0,0,0
S01011570,25 to 34,81,38,18,20,43,39,1,3,0,0
S01011570,35 to 49,158,79,66,13,79,42,0,18,19,0
S01011570,50 to 64,129,86,78,8,43,16,0,7,15,5
S01011570,65 to 74,80,44,44,0,36,9,0,0,7,20
S01011570,75 to 84,44,22,22,0,22,5,0,1,0,16
S01011570,85 and over,9,2,2,0,7,3,0,0,0,4
S01011571,All people aged 16 and over in households,572,180,134,46,392,220,8,23,83,58
S01011571,16 to 24,63,7,3,4,56,55,1,0,0,0
S01011571,25 to 34,113,47,20,27,66,59,2,1,4,0
S01011571,35 to 49,130,41,36,5,89,52,1,6,28,2
S01011571,50 to 64,121,35,31,4,86,29,1,9,37,10
S01011571,65 to 74,71,30,27,3,41,10,1,6,8,16
S01011571,75 to 84,64,20,17,3,44,11,1,1,6,25
S01011571,85 and over,10,0,0,0,10,4,1,0,0,5
S01011572,All people aged 16 and over in households,486,220,168,52,266,162,2,16,45,41
S01011572,16 to 24,65,10,1,9,55,55,0,0,0,0
S01011572,25 to 34,93,39,11,28,54,51,0,1,2,0
S01011572,35 to 49,128,62,54,8,66,35,1,9,19,2
S01011572,50 to 64,107,67,61,6,40,14,1,2,18,5
S01011572,65 to 74,58,31,30,1,27,7,0,4,5,11
S01011572,75 to 84,33,11,11,0,22,0,0,0,1,21
S01011572,85 and over,2,0,0,0,2,0,0,0,0,2
S01011573,All people aged 16 and over in households,842,508,406,102,334,201,0,29,52,52
S01011573,16 to 24,106,12,1,11,94,93,0,0,0,1
S01011573,25 to 34,136,94,54,40,42,42,0,0,0,0
S01011573,35 to 49,321,245,200,45,76,37,0,18,20,1
S01011573,50 to 64,163,114,108,6,49,17,0,9,20,3
S01011573,65 to 74,57,29,29,0,28,5,0,2,10,11
S01011573,75 to 84,46,13,13,0,33,6,0,0,2,25
S01011573,85 and over,13,1,1,0,12,1,0,0,0,11
S01011574,All people aged 16 and over in households,606,368,310,58,238,161,4,20,19,34
S01011574,16 to 24,82,4,0,4,78,78,0,0,0,0
S01011574,25 to 34,86,52,33,19,34,29,0,5,0,0
S01011574,35 to 49,220,167,140,27,53,38,0,9,4,2
S01011574,50 to 64,139,108,101,7,31,8,1,4,14,4
S01011574,65 to 74,43,26,25,1,17,5,1,2,1,8
S01011574,75 to 84,29,9,9,0,20,3,2,0,0,15
S01011574,85 and over,7,2,2,0,5,0,0,0,0,5
S01011575,All people aged 16 and over in households,408,222,162,60,186,113,1,12,27,33
S01011575,16 to 24,60,6,2,4,54,54,0,0,0,0
S01011575,25 to 34,63,44,21,23,19,18,0,1,0,0
S01011575,35 to 49,128,81,58,23,47,30,0,6,11,0
S01011575,50 to 64,78,51,46,5,27,9,0,1,9,8
S01011575,65 to 74,52,30,26,4,22,2,1,4,4,11
S01011575,75 to 84,23,10,9,1,13,0,0,0,3,10
S01011575,85 and over,4,0,0,0,4,0,0,0,0,4
S01011576,All people aged 16 and over in households,620,196,156,40,424,248,3,27,77,69
S01011576,16 to 24,88,2,0,2,86,86,0,0,0,0
S01011576,25 to 34,76,17,12,5,59,53,0,3,2,1
S01011576,35 to 49,174,73,49,24,101,60,2,13,22,4
S01011576,50 to 64,157,58,54,4,99,30,1,10,41,17
S01011576,65 to 74,63,27,26,1,36,9,0,1,10,16
S01011576,75 to 84,47,17,13,4,30,5,0,0,2,23
S01011576,85 and over,15,2,2,0,13,5,0,0,0,8
S01011577,All people aged 16 and over in households,572,286,230,56,286,193,5,22,33,33
S01011577,16 to 24,72,8,0,8,64,64,0,0,0,0
S01011577,25 to 34,117,55,28,27,62,57,1,3,1,0
S01011577,35 to 49,169,90,76,14,79,51,2,11,14,1
S01011577,50 to 64,156,109,102,7,47,17,2,7,13,8
S01011577,65 to 74,33,17,17,0,16,2,0,1,5,8
S01011577,75 to 84,20,7,7,0,13,2,0,0,0,11
S01011577,85 and over,5,0,0,0,5,0,0,0,0,5
S01011578,All people aged 16 and over in households,657,296,222,74,361,261,4,20,41,35
S01011578,16 to 24,146,11,3,8,135,134,0,0,0,1
S01011578,25 to 34,128,53,22,31,75,69,0,2,4,0
S01011578,35 to 49,178,111,86,25,67,44,2,10,10,1
S01011578,50 to 64,142,91,81,10,51,11,1,8,24,7
S01011578,65 to 74,43,26,26,0,17,2,1,0,3,11
S01011578,75 to 84,18,4,4,0,14,1,0,0,0,13
S01011578,85 and over,2,0,0,0,2,0,0,0,0,2
S01011579,All people aged 16 and over in households,906,582,554,28,324,227,3,11,20,63
S01011579,16 to 24,136,0,0,0,136,136,0,0,0,0
S01011579,25 to 34,96,40,28,12,56,52,2,2,0,0
S01011579,35 to 49,232,196,186,10,36,20,1,6,6,3
S01011579,50 to 64,258,226,221,5,32,12,0,3,8,9
S01011579,65 to 74,98,79,78,1,19,4,0,0,3,12
S01011579,75 to 84,65,35,35,0,30,3,0,0,3,24
S01011579,85 and over,21,6,6,0,15,0,0,0,0,15
S01011580,All people aged 16 and over in households,557,290,204,86,267,174,2,18,41,32
S01011580,16 to 24,88,10,1,9,78,78,0,0,0,0
S01011580,25 to 34,136,92,46,46,44,39,0,1,4,0
S01011580,35 to 49,187,124,104,20,63,36,1,10,13,3
S01011580,50 to 64,82,39,29,10,43,12,1,6,16,8
S01011580,65 to 74,44,21,20,1,23,6,0,1,5,11
S01011580,75 to 84,19,4,4,0,15,3,0,0,3,9
S01011580,85 and over,1,0,0,0,1,0,0,0,0,1
S01011581,All people aged 16 and over in households,683,248,196,52,435,211,9,35,63,117
S01011581,16 to 24,69,8,0,8,61,61,0,0,0,0
S01011581,25 to 34,94,34,14,20,60,52,2,6,0,0
S01011581,35 to 49,157,80,63,17,77,53,0,11,13,0
S01011581,50 to 64,139,55,48,7,84,24,1,14,31,14
S01011581,65 to 74,105,43,43,0,62,11,1,1,16,33
S01011581,75 to 84,89,23,23,0,66,7,4,3,3,49
S01011581,85 and over,30,5,5,0,25,3,1,0,0,21
S01011582,All people aged 16 and over in households,925,562,476,86,363,224,5,21,45,68
S01011582,16 to 24,110,13,0,13,97,97,0,0,0,0
S01011582,25 to 34,118,54,25,29,64,60,1,0,2,1
S01011582,35 to 49,252,188,161,27,64,43,0,8,13,0
S01011582,50 to 64,254,183,166,17,71,16,2,11,25,17
S01011582,65 to 74,105,78,78,0,27,5,0,2,5,15
S01011582,75 to 84,65,42,42,0,23,2,2,0,0,19
S01011582,85 and over,21,4,4,0,17,1,0,0,0,16
S01011583,All people aged 16 and over in households,559,266,180,86,293,186,3,26,38,40
S01011583,16 to 24,79,15,1,14,64,64,0,0,0,0
S01011583,25 to 34,143,68,26,42,75,70,1,4,0,0
S01011583,35 to 49,135,72,54,18,63,35,1,16,10,1
S01011583,50 to 64,123,78,72,6,45,12,1,3,21,8
S01011583,65 to 74,44,29,23,6,15,0,0,2,5,8
S01011583,75 to 84,31,4,4,0,27,4,0,1,2,20
S01011583,85 and over,4,0,0,0,4,1,0,0,0,3
S01011584,All people aged 16 and over in households,591,314,238,76,277,176,1,11,43,46
S01011584,16 to 24,85,16,1,15,69,69,0,0,0,0
S01011584,25 to 34,98,49,20,29,49,43,0,4,2,0
S01011584,35 to 49,134,77,56,21,57,39,1,2,14,1
S01011584,50 to 64,159,113,103,10,46,17,0,4,19,6
S01011584,65 to 74,60,39,38,1,21,6,0,1,7,7
S01011584,75 to 84,42,18,18,0,24,1,0,0,1,22
S01011584,85 and over,13,2,2,0,11,1,0,0,0,10
S01011585,All people aged 16 and over in households,585,268,196,72,317,204,0,24,36,53
S01011585,16 to 24,85,10,0,10,75,75,0,0,0,0
S01011585,25 to 34,101,42,17,25,59,56,0,3,0,0
S01011585,35 to 49,146,79,52,27,67,43,0,12,12,0
S01011585,50 to 64,124,73,67,6,51,21,0,8,18,4
S01011585,65 to 74,57,32,28,4,25,3,0,1,5,16
S01011585,75 to 84,61,29,29,0,32,6,0,0,1,25
S01011585,85 and over,11,3,3,0,8,0,0,0,0,8
S01011586,All people aged 16 and over in households,460,232,170,62,228,146,4,15,37,26
S01011586,16 to 24,70,2,0,2,68,68,0,0,0,0
S01011586,25 to 34,81,43,13,30,38,37,0,0,1,0
S01011586,35 to 49,129,80,56,24,49,26,1,10,11,1
S01011586,50 to 64,98,63,59,4,35,7,0,4,21,3
S01011586,65 to 74,45,28,27,1,17,5,2,1,3,6
S01011586,75 to 84,25,14,13,1,11,1,1,0,1,8
S01011586,85 and over,12,2,2,0,10,2,0,0,0,8
S01011587,All people aged 16 and over in households,451,196,158,38,255,148,2,22,41,42
S01011587,16 to 24,79,8,1,7,71,70,0,1,0,0
S01011587,25 to 34,68,32,17,15,36,33,0,2,1,0
S01011587,35 to 49,142,64,52,12,78,33,0,14,23,8
S01011587,50 to 64,85,49,45,4,36,6,2,5,14,9
S01011587,65 to 74,43,24,24,0,19,4,0,0,2,13
S01011587,75 to 84,27,15,15,0,12,1,0,0,1,10
S01011587,85 and over,7,4,4,0,3,1,0,0,0,2
S01011588,All people aged 16 and over in households,609,278,224,54,331,203,6,30,37,55
S01011588,16 to 24,115,3,0,3,112,111,0,1,0,0
S01011588,25 to 34,80,31,17,14,49,42,2,2,3,0
S01011588,35 to 49,169,110,81,29,59,32,2,13,12,0
S01011588,50 to 64,141,87,79,8,54,11,1,11,18,13
S01011588,65 to 74,63,31,31,0,32,5,1,3,4,19
S01011588,75 to 84,33,16,16,0,17,1,0,0,0,16
S01011588,85 and over,8,0,0,0,8,1,0,0,0,7
S01011589,All people aged 16 and over in households,707,408,342,66,299,178,3,18,33,67
S01011589,16 to 24,102,13,2,11,89,89,0,0,0,0
S01011589,25 to 34,84,46,21,25,38,34,0,2,2,0
S01011589,35 to 49,189,128,109,19,61,34,2,6,17,2
S01011589,50 to 64,152,116,107,9,36,8,1,6,9,12
S01011589,65 to 74,110,73,71,2,37,6,0,2,4,25
S01011589,75 to 84,60,28,28,0,32,4,0,2,1,25
S01011589,85 and over,10,4,4,0,6,3,0,0,0,3
S01011590,All people aged 16 and over in households,552,288,226,62,264,152,2,15,37,58
S01011590,16 to 24,71,7,2,5,64,64,0,0,0,0
S01011590,25 to 34,83,40,15,25,43,41,0,1,1,0
S01011590,35 to 49,148,102,80,22,46,28,2,5,9,2
S01011590,50 to 64,142,89,79,10,53,11,0,8,19,15
S01011590,65 to 74,67,33,33,0,34,8,0,0,7,19
S01011590,75 to 84,33,17,17,0,16,0,0,1,1,14
S01011590,85 and over,8,0,0,0,8,0,0,0,0,8
S01011591,All people aged 16 and over in households,501,234,182,52,267,173,1,19,48,26
S01011591,16 to 24,83,11,1,10,72,72,0,0,0,0
S01011591,25 to 34,83,37,18,19,46,44,0,0,2,0
S01011591,35 to 49,133,70,51,19,63,34,0,11,15,3
S01011591,50 to 64,129,81,79,2,48,11,1,7,24,5
S01011591,65 to 74,49,27,26,1,22,5,0,1,5,11
S01011591,75 to 84,20,8,7,1,12,7,0,0,2,3
S01011591,85 and over,4,0,0,0,4,0,0,0,0,4
S01011592,All people aged 16 and over in households,563,246,172,74,317,189,1,27,54,46
S01011592,16 to 24,83,23,4,19,60,60,0,0,0,0
S01011592,25 to 34,114,49,12,37,65,62,0,2,1,0
S01011592,35 to 49,145,66,52,14,79,45,0,15,19,0
S01011592,50 to 64,114,57,53,4,57,15,1,7,30,4
S01011592,65 to 74,52,33,33,0,19,3,0,3,4,9
S01011592,75 to 84,46,16,16,0,30,4,0,0,0,26
S01011592,85 and over,9,2,2,0,7,0,0,0,0,7
S01011593,All people aged 16 and over in households,601,324,272,52,277,163,3,23,32,56
S01011593,16 to 24,75,5,1,4,70,70,0,0,0,0
S01011593,25 to 34,93,51,34,17,42,38,1,3,0,0
S01011593,35 to 49,164,122,103,19,42,25,0,10,6,1
S01011593,50 to 64,131,80,70,10,51,20,1,6,16,8
S01011593,65 to 74,73,34,33,1,39,7,1,4,9,18
S01011593,75 to 84,56,31,30,1,25,3,0,0,0,22
S01011593,85 and over,9,1,1,0,8,0,0,0,1,7
S01011594,All people aged 16 and over in households,385,202,156,46,183,94,1,15,34,39
S01011594,16 to 24,49,10,0,10,39,39,0,0,0,0
S01011594,25 to 34,46,22,4,18,24,21,0,1,2,0
S01011594,35 to 49,96,54,42,12,42,24,0,8,10,0
S01011594,50 to 64,92,67,61,6,25,4,1,3,14,3
S01011594,65 to 74,61,38,38,0,23,1,0,1,8,13
S01011594,75 to 84,31,9,9,0,22,4,0,2,0,16
S01011594,85 and over,10,2,2,0,8,1,0,0,0,7
S01011595,All people aged 16 and over in households,513,282,220,62,231,166,3,11,33,18
S01011595,16 to 24,64,14,2,12,50,49,1,0,0,0
S01011595,25 to 34,110,52,26,26,58,54,1,0,3,0
S01011595,35 to 49,130,73,55,18,57,39,1,8,9,0
S01011595,50 to 64,122,81,75,6,41,20,0,3,16,2
S01011595,65 to 74,49,36,36,0,13,3,0,0,5,5
S01011595,75 to 84,33,22,22,0,11,1,0,0,0,10
S01011595,85 and over,5,4,4,0,1,0,0,0,0,1
S01011596,All people aged 16 and over in households,848,410,320,90,438,294,3,26,50,65
S01011596,16 to 24,124,21,1,20,103,103,0,0,0,0
S01011596,25 to 34,178,79,32,47,99,95,0,4,0,0
S01011596,35 to 49,201,109,94,15,92,57,2,10,21,2
S01011596,50 to 64,184,123,117,6,61,23,0,7,22,9
S01011596,65 to 74,83,48,48,0,35,11,0,4,6,14
S01011596,75 to 84,59,27,27,0,32,3,1,1,1,26
S01011596,85 and over,19,3,1,2,16,2,0,0,0,14
S01011597,All people aged 16 and over in households,451,220,180,40,231,149,3,15,31,33
S01011597,16 to 24,75,12,2,10,63,63,0,0,0,0
S01011597,25 to 34,84,31,18,13,53,50,0,1,2,0
S01011597,35 to 49,131,81,69,12,50,26,1,11,10,2
S01011597,50 to 64,111,77,74,3,34,9,0,2,18,5
S01011597,65 to 74,25,13,11,2,12,1,0,1,1,9
S01011597,75 to 84,21,6,6,0,15,0,2,0,0,13
S01011597,85 and over,4,0,0,0,4,0,0,0,0,4
S01011598,All people aged 16 and over in households,682,148,66,82,534,340,3,51,101,39
S01011598,16 to 24,126,14,2,12,112,112,0,0,0,0
S01011598,25 to 34,132,42,10,32,90,78,0,8,4,0
S01011598,35 to 49,199,46,25,21,153,102,1,17,31,2
S01011598,50 to 64,144,33,16,17,111,27,2,19,53,10
S01011598,65 to 74,45,8,8,0,37,10,0,6,10,11
S01011598,75 to 84,29,3,3,0,26,11,0,1,3,11
S01011598,85 and over,7,2,2,0,5,0,0,0,0,5
S01011599,All people aged 16 and over in households,662,342,286,56,320,191,0,23,42,64
S01011599,16 to 24,88,9,2,7,79,78,0,0,1,0
S01011599,25 to 34,99,46,25,21,53,50,0,1,1,1
S01011599,35 to 49,154,96,79,17,58,29,0,13,15,1
S01011599,50 to 64,173,118,109,9,55,25,0,5,17,8
S01011599,65 to 74,82,47,45,2,35,5,0,3,8,19
S01011599,75 to 84,57,25,25,0,32,4,0,1,0,27
S01011599,85 and over,9,1,1,0,8,0,0,0,0,8
S01011600,All people aged 16 and over in households,644,310,236,74,334,185,6,19,45,79
S01011600,16 to 24,88,15,5,10,73,72,0,1,0,0
S01011600,25 to 34,104,52,25,27,52,47,3,0,1,1
S01011600,35 to 49,145,80,52,28,65,43,2,5,15,0
S01011600,50 to 64,129,78,69,9,51,11,1,11,18,10
S01011600,65 to 74,95,56,56,0,39,5,0,2,11,21
S01011600,75 to 84,62,26,26,0,36,3,0,0,0,33
S01011600,85 and over,21,3,3,0,18,4,0,0,0,14
S01011601,All people aged 16 and over in households,656,436,366,70,220,154,4,17,29,16
S01011601,16 to 24,95,5,0,5,90,89,1,0,0,0
S01011601,25 to 34,114,72,43,29,42,36,1,3,2,0
S01011601,35 to 49,234,188,165,23,46,22,2,9,12,1
S01011601,50 to 64,157,133,121,12,24,7,0,2,14,1
S01011601,65 to 74,44,35,34,1,9,0,0,2,1,6
S01011601,75 to 84,12,3,3,0,9,0,0,1,0,8
S01011601,85 and over,0,0,0,0,0,0,0,0,0,0
S01011602,All people aged 16 and over in households,495,258,204,54,237,151,2,13,31,40
S01011602,16 to 24,62,4,0,4,58,58,0,0,0,0
S01011602,25 to 34,85,41,18,23,44,43,0,1,0,0
S01011602,35 to 49,130,81,60,21,49,29,2,6,12,0
S01011602,50 to 64,114,81,75,6,33,9,0,4,16,4
S01011602,65 to 74,51,31,31,0,20,7,0,2,2,9
S01011602,75 to 84,46,20,20,0,26,3,0,0,1,22
S01011602,85 and over,7,0,0,0,7,2,0,0,0,5
S01011603,All people aged 16 and over in households,673,262,210,52,411,205,4,28,69,105
S01011603,16 to 24,63,8,2,6,55,55,0,0,0,0
S01011603,25 to 34,89,42,15,27,47,46,0,1,0,0
S01011603,35 to 49,160,72,61,11,88,63,1,8,15,1
S01011603,50 to 64,157,72,67,5,85,22,2,10,40,11
S01011603,65 to 74,97,36,34,2,61,8,0,6,14,33
S01011603,75 to 84,89,27,26,1,62,9,0,3,0,50
S01011603,85 and over,18,5,5,0,13,2,1,0,0,10
S01011604,All people aged 16 and over in households,528,260,222,38,268,176,5,10,27,50
S01011604,16 to 24,90,7,1,6,83,83,0,0,0,0
S01011604,25 to 34,93,38,24,14,55,50,1,1,2,1
S01011604,35 to 49,137,88,72,16,49,29,1,6,13,0
S01011604,50 to 64,90,59,57,2,31,8,1,2,11,9
S01011604,65 to 74,50,37,37,0,13,2,0,0,0,11
S01011604,75 to 84,46,26,26,0,20,1,1,1,1,16
S01011604,85 and over,22,5,5,0,17,3,1,0,0,13
S01011605,All people aged 16 and over in households,715,384,346,38,331,186,2,19,33,91
S01011605,16 to 24,92,4,0,4,88,87,0,1,0,0
S01011605,25 to 34,86,34,24,10,52,48,0,3,1,0
S01011605,35 to 49,156,110,93,17,46,26,1,7,10,2
S01011605,50 to 64,186,129,122,7,57,20,1,6,18,12
S01011605,65 to 74,102,76,76,0,26,2,0,2,2,20
S01011605,75 to 84,77,28,28,0,49,2,0,0,2,45
S01011605,85 and over,16,3,3,0,13,1,0,0,0,12
S01011606,All people aged 16 and over in households,730,506,426,80,224,164,5,18,18,19
S01011606,16 to 24,110,6,0,6,104,104,0,0,0,0
S01011606,25 to 34,142,107,71,36,35,33,0,1,1,0
S01011606,35 to 49,328,277,246,31,51,19,5,13,11,3
S01011606,50 to 64,127,103,96,7,24,8,0,3,6,7
S01011606,65 to 74,18,12,12,0,6,0,0,1,0,5
S01011606,75 to 84,5,1,1,0,4,0,0,0,0,4
S01011606,85 and over,0,0,0,0,0,0,0,0,0,0
S01011607,All people aged 16 and over in households,477,308,284,24,169,128,2,11,12,16
S01011607,16 to 24,61,3,1,2,58,58,0,0,0,0
S01011607,25 to 34,83,41,28,13,42,40,1,0,1,0
S01011607,35 to 49,132,93,87,6,39,25,1,8,5,0
S01011607,50 to 64,156,138,135,3,18,3,0,2,6,7
S01011607,65 to 74,37,28,28,0,9,1,0,1,0,7
S01011607,75 to 84,6,5,5,0,1,1,0,0,0,0
S01011607,85 and over,2,0,0,0,2,0,0,0,0,2
S01011608,All people aged 16 and over in households,741,502,414,88,239,169,6,18,27,19
S01011608,16 to 24,103,8,1,7,95,95,0,0,0,0
S01011608,25 to 34,140,86,52,34,54,43,3,6,2,0
S01011608,35 to 49,272,230,189,41,42,19,1,6,13,3
S01011608,50 to 64,175,145,139,6,30,9,1,5,10,5
S01011608,65 to 74,36,26,26,0,10,2,0,1,2,5
S01011608,75 to 84,12,7,7,0,5,1,1,0,0,3
S01011608,85 and over,3,0,0,0,3,0,0,0,0,3
S01011609,All people aged 16 and over in households,762,266,196,70,496,312,4,44,86,50
S01011609,16 to 24,137,21,4,17,116,116,0,0,0,0
S01011609,25 to 34,142,61,42,19,81,76,0,4,1,0
S01011609,35 to 49,221,85,59,26,136,84,1,20,29,2
S01011609,50 to 64,155,61,54,7,94,28,2,13,43,8
S01011609,65 to 74,67,24,24,0,43,3,1,6,10,23
S01011609,75 to 84,28,14,13,1,14,3,0,1,2,8
S01011609,85 and over,12,0,0,0,12,2,0,0,1,9
S01011610,All people aged 16 and over in households,653,296,222,74,357,224,3,26,49,55
S01011610,16 to 24,113,12,2,10,101,101,0,0,0,0
S01011610,25 to 34,116,60,31,29,56,50,2,3,1,0
S01011610,35 to 49,191,110,87,23,81,44,0,11,24,2
S01011610,50 to 64,130,74,66,8,56,24,1,8,16,7
S01011610,65 to 74,48,26,25,1,22,3,0,0,5,14
S01011610,75 to 84,49,14,11,3,35,1,0,4,3,27
S01011610,85 and over,6,0,0,0,6,1,0,0,0,5
S01011611,All people aged 16 and over in households,519,318,268,50,201,142,1,8,21,29
S01011611,16 to 24,85,9,0,9,76,76,0,0,0,0
S01011611,25 to 34,78,42,27,15,36,34,0,1,1,0
S01011611,35 to 49,133,105,89,16,28,18,0,3,6,1
S01011611,50 to 64,166,130,121,9,36,11,0,4,10,11
S01011611,65 to 74,42,27,26,1,15,3,1,0,3,8
S01011611,75 to 84,15,5,5,0,10,0,0,0,1,9
S01011611,85 and over,0,0,0,0,0,0,0,0,0,0
S01011612,All people aged 16 and over in households,453,348,266,82,105,78,0,16,7,4
S01011612,16 to 24,58,5,1,4,53,53,0,0,0,0
S01011612,25 to 34,113,97,68,29,16,13,0,1,2,0
S01011612,35 to 49,228,201,161,40,27,11,0,12,3,1
S01011612,50 to 64,45,41,32,9,4,0,0,1,2,1
S01011612,65 to 74,7,4,4,0,3,1,0,1,0,1
S01011612,75 to 84,2,0,0,0,2,0,0,1,0,1
S01011612,85 and over,0,0,0,0,0,0,0,0,0,0
S01011613,All people aged 16 and over in households,798,562,522,40,236,158,4,13,28,33
S01011613,16 to 24,101,6,2,4,95,95,0,0,0,0
S01011613,25 to 34,83,39,22,17,44,41,0,2,1,0
S01011613,35 to 49,172,136,127,9,36,13,2,6,15,0
S01011613,50 to 64,279,252,246,6,27,9,1,5,7,5
S01011613,65 to 74,118,99,95,4,19,0,0,0,4,15
S01011613,75 to 84,39,28,28,0,11,0,1,0,1,9
S01011613,85 and over,6,2,2,0,4,0,0,0,0,4
S01011614,All people aged 16 and over in households,379,232,190,42,147,89,0,9,14,35
S01011614,16 to 24,52,5,0,5,47,47,0,0,0,0
S01011614,25 to 34,50,24,9,15,26,21,0,5,0,0
S01011614,35 to 49,100,78,60,18,22,11,0,2,5,4
S01011614,50 to 64,101,78,75,3,23,6,0,2,9,6
S01011614,65 to 74,36,26,25,1,10,2,0,0,0,8
S01011614,75 to 84,27,16,16,0,11,2,0,0,0,9
S01011614,85 and over,13,5,5,0,8,0,0,0,0,8
S01011615,All people aged 16 and over in households,559,296,224,72,263,162,5,19,37,40
S01011615,16 to 24,96,11,1,10,85,85,0,0,0,0
S01011615,25 to 34,96,50,20,30,46,42,1,2,0,1
S01011615,35 to 49,155,92,71,21,63,25,3,12,21,2
S01011615,50 to 64,128,97,90,7,31,5,0,4,14,8
S01011615,65 to 74,51,33,29,4,18,2,1,1,2,12
S01011615,75 to 84,30,13,13,0,17,3,0,0,0,14
S01011615,85 and over,3,0,0,0,3,0,0,0,0,3
S01011616,All people aged 16 and over in households,343,162,130,32,181,104,3,18,21,35
S01011616,16 to 24,31,3,0,3,28,28,0,0,0,0
S01011616,25 to 34,61,28,16,12,33,31,0,2,0,0
S01011616,35 to 49,71,33,24,9,38,22,0,7,7,2
S01011616,50 to 64,99,58,50,8,41,15,0,7,12,7
S01011616,65 to 74,45,28,28,0,17,3,1,2,2,9
S01011616,75 to 84,32,12,12,0,20,4,2,0,0,14
S01011616,85 and over,4,0,0,0,4,1,0,0,0,3
S01011617,All people aged 16 and over in households,711,342,288,54,369,209,5,16,61,78
S01011617,16 to 24,102,3,0,3,99,99,0,0,0,0
S01011617,25 to 34,90,32,20,12,58,55,0,1,2,0
S01011617,35 to 49,169,101,77,24,68,34,1,8,24,1
S01011617,50 to 64,194,122,112,10,72,17,2,6,29,18
S01011617,65 to 74,90,63,60,3,27,3,1,0,5,18
S01011617,75 to 84,47,19,17,2,28,1,1,1,0,25
S01011617,85 and over,19,2,2,0,17,0,0,0,1,16
S01011618,All people aged 16 and over in households,491,250,198,52,241,135,7,19,33,47
S01011618,16 to 24,64,9,1,8,55,54,1,0,0,0
S01011618,25 to 34,82,40,21,19,42,35,0,3,4,0
S01011618,35 to 49,136,91,71,20,45,25,2,8,10,0
S01011618,50 to 64,109,67,62,5,42,11,1,8,13,9
S01011618,65 to 74,46,26,26,0,20,7,1,0,3,9
S01011618,75 to 84,42,14,14,0,28,2,2,0,2,22
S01011618,85 and over,12,3,3,0,9,1,0,0,1,7
S01011619,All people aged 16 and over in households,813,532,460,72,281,172,8,29,39,33
S01011619,16 to 24,102,4,0,4,98,98,0,0,0,0
S01011619,25 to 34,140,90,62,28,50,43,1,2,4,0
S01011619,35 to 49,317,254,218,36,63,24,4,15,17,3
S01011619,50 to 64,186,142,138,4,44,6,2,10,13,13
S01011619,65 to 74,50,31,31,0,19,1,1,2,4,11
S01011619,75 to 84,14,9,9,0,5,0,0,0,1,4
S01011619,85 and over,4,2,2,0,2,0,0,0,0,2
S01011620,All people aged 16 and over in households,806,600,468,132,206,143,5,16,34,8
S01011620,16 to 24,99,12,3,9,87,87,0,0,0,0
S01011620,25 to 34,202,162,99,63,40,34,2,2,2,0
S01011620,35 to 49,359,304,251,53,55,16,2,10,25,2
S01011620,50 to 64,103,87,82,5,16,5,1,4,5,1
S01011620,65 to 74,33,30,28,2,3,1,0,0,1,1
S01011620,75 to 84,7,2,2,0,5,0,0,0,1,4
S01011620,85 and over,3,3,3,0,0,0,0,0,0,0
S01011621,All people aged 16 and over in households,591,356,290,66,235,152,3,20,28,32
S01011621,16 to 24,98,11,2,9,87,87,0,0,0,0
S01011621,25 to 34,90,50,26,24,40,38,0,0,2,0
S01011621,35 to 49,160,115,87,28,45,19,1,14,9,2
S01011621,50 to 64,160,130,125,5,30,5,0,3,14,8
S01011621,65 to 74,64,43,43,0,21,3,2,3,2,11
S01011621,75 to 84,17,7,7,0,10,0,0,0,1,9
S01011621,85 and over,2,0,0,0,2,0,0,0,0,2
S01011622,All people aged 16 and over in households,482,346,286,60,136,86,1,15,16,18
S01011622,16 to 24,55,4,1,3,51,50,0,1,0,0
S01011622,25 to 34,92,65,47,18,27,25,0,2,0,0
S01011622,35 to 49,195,174,150,24,21,2,1,8,10,0
S01011622,50 to 64,98,77,62,15,21,4,0,4,5,8
S01011622,65 to 74,28,20,20,0,8,3,0,0,1,4
S01011622,75 to 84,14,6,6,0,8,2,0,0,0,6
S01011622,85 and over,0,0,0,0,0,0,0,0,0,0
S01011623,All people aged 16 and over in households,563,296,242,54,267,143,4,21,42,57
S01011623,16 to 24,72,7,0,7,65,65,0,0,0,0
S01011623,25 to 34,82,47,29,18,35,30,1,1,3,0
S01011623,35 to 49,143,85,67,18,58,27,0,15,14,2
S01011623,50 to 64,129,85,76,9,44,14,1,3,19,7
S01011623,65 to 74,88,57,55,2,31,4,2,2,5,18
S01011623,75 to 84,34,11,11,0,23,1,0,0,1,21
S01011623,85 and over,15,4,4,0,11,2,0,0,0,9
S01011624,All people aged 16 and over in households,550,340,262,78,210,140,0,20,24,26
S01011624,16 to 24,74,10,0,10,64,64,0,0,0,0
S01011624,25 to 34,110,70,32,38,40,38,0,0,2,0
S01011624,35 to 49,207,159,132,27,48,24,0,13,10,1
S01011624,50 to 64,99,67,64,3,32,9,0,6,10,7
S01011624,65 to 74,38,25,25,0,13,3,0,1,2,7
S01011624,75 to 84,15,8,8,0,7,1,0,0,0,6
S01011624,85 and over,7,1,1,0,6,1,0,0,0,5
S01011625,All people aged 16 and over in households,443,258,216,42,185,108,1,16,31,29
S01011625,16 to 24,56,10,4,6,46,46,0,0,0,0
S01011625,25 to 34,65,35,21,14,30,26,0,3,1,0
S01011625,35 to 49,124,78,64,14,46,28,0,7,11,0
S01011625,50 to 64,134,104,97,7,30,4,1,6,12,7
S01011625,65 to 74,49,27,26,1,22,4,0,0,6,12
S01011625,75 to 84,9,3,3,0,6,0,0,0,1,5
S01011625,85 and over,6,1,1,0,5,0,0,0,0,5
S01011626,All people aged 16 and over in households,634,398,344,54,236,179,2,18,20,17
S01011626,16 to 24,136,7,0,7,129,129,0,0,0,0
S01011626,25 to 34,90,62,32,30,28,28,0,0,0,0
S01011626,35 to 49,232,186,173,13,46,16,2,12,15,1
S01011626,50 to 64,133,112,108,4,21,5,0,6,5,5
S01011626,65 to 74,26,21,21,0,5,0,0,0,0,5
S01011626,75 to 84,16,9,9,0,7,1,0,0,0,6
S01011626,85 and over,1,1,1,0,0,0,0,0,0,0
S01011627,All people aged 16 and over in households,532,382,330,52,150,111,1,8,17,13
S01011627,16 to 24,63,6,1,5,57,57,0,0,0,0
S01011627,25 to 34,112,79,52,27,33,29,0,2,2,0
S01011627,35 to 49,232,198,182,16,34,21,0,5,6,2
S01011627,50 to 64,94,79,75,4,15,3,1,1,9,1
S01011627,65 to 74,15,12,12,0,3,1,0,0,0,2
S01011627,75 to 84,12,6,6,0,6,0,0,0,0,6
S01011627,85 and over,4,2,2,0,2,0,0,0,0,2
S01011628,All people aged 16 and over in households,876,606,546,60,270,177,5,15,32,41
S01011628,16 to 24,115,5,4,1,110,110,0,0,0,0
S01011628,25 to 34,91,52,32,20,39,35,1,0,3,0
S01011628,35 to 49,283,228,192,36,55,25,2,10,16,2
S01011628,50 to 64,216,188,186,2,28,5,1,5,11,6
S01011628,65 to 74,113,96,95,1,17,2,0,0,1,14
S01011628,75 to 84,47,31,31,0,16,0,1,0,1,14
S01011628,85 and over,11,6,6,0,5,0,0,0,0,5
S01011629,All people aged 16 and over in households,490,242,206,36,248,145,2,22,40,39
S01011629,16 to 24,74,3,0,3,71,71,0,0,0,0
S01011629,25 to 34,51,23,9,14,28,27,0,1,0,0
S01011629,35 to 49,145,85,71,14,60,29,0,14,17,0
S01011629,50 to 64,126,81,76,5,45,15,2,6,20,2
S01011629,65 to 74,54,34,34,0,20,2,0,1,3,14
S01011629,75 to 84,34,16,16,0,18,1,0,0,0,17
S01011629,85 and over,6,0,0,0,6,0,0,0,0,6
S01011630,All people aged 16 and over in households,506,284,236,48,222,148,1,10,22,41
S01011630,16 to 24,69,4,0,4,65,65,0,0,0,0
S01011630,25 to 34,70,34,20,14,36,35,0,0,1,0
S01011630,35 to 49,141,93,69,24,48,35,0,7,6,0
S01011630,50 to 64,124,99,93,6,25,7,0,2,7,9
S01011630,65 to 74,65,40,40,0,25,4,0,1,6,14
S01011630,75 to 84,23,10,10,0,13,2,1,0,2,8
S01011630,85 and over,14,4,4,0,10,0,0,0,0,10
S01011631,All people aged 16 and over in households,455,194,156,38,261,174,7,20,37,23
S01011631,16 to 24,89,7,5,2,82,80,0,0,1,1
S01011631,25 to 34,82,31,25,6,51,48,0,2,1,0
S01011631,35 to 49,133,67,46,21,66,32,2,12,17,3
S01011631,50 to 64,108,67,58,9,41,10,3,4,17,7
S01011631,65 to 74,27,12,12,0,15,2,2,2,1,8
S01011631,75 to 84,16,10,10,0,6,2,0,0,0,4
S01011631,85 and over,0,0,0,0,0,0,0,0,0,0
S01011632,All people aged 16 and over in households,580,278,204,74,302,183,4,17,45,53
S01011632,16 to 24,87,8,2,6,79,79,0,0,0,0
S01011632,25 to 34,98,41,19,22,57,51,3,2,1,0
S01011632,35 to 49,174,107,68,39,67,40,0,9,14,4
S01011632,50 to 64,144,94,87,7,50,9,1,4,20,16
S01011632,65 to 74,38,19,19,0,19,3,0,1,6,9
S01011632,75 to 84,35,9,9,0,26,1,0,1,4,20
S01011632,85 and over,4,0,0,0,4,0,0,0,0,4
S01011633,All people aged 16 and over in households,592,316,258,58,276,161,0,25,35,55
S01011633,16 to 24,88,12,1,11,76,76,0,0,0,0
S01011633,25 to 34,100,49,27,22,51,49,0,1,1,0
S01011633,35 to 49,132,78,62,16,54,22,0,19,12,1
S01011633,50 to 64,134,96,89,7,38,11,0,3,15,9
S01011633,65 to 74,61,41,39,2,20,0,0,2,4,14
S01011633,75 to 84,64,40,40,0,24,3,0,0,3,18
S01011633,85 and over,13,0,0,0,13,0,0,0,0,13
S01011634,All people aged 16 and over in households,435,214,174,40,221,143,4,25,25,24
S01011634,16 to 24,70,9,2,7,61,61,0,0,0,0
S01011634,25 to 34,76,22,14,8,54,43,3,7,1,0
S01011634,35 to 49,126,75,54,21,51,33,1,7,9,1
S01011634,50 to 64,93,62,58,4,31,4,0,8,13,6
S01011634,65 to 74,52,38,38,0,14,1,0,2,2,9
S01011634,75 to 84,16,8,8,0,8,0,0,1,0,7
S01011634,85 and over,2,0,0,0,2,1,0,0,0,1
S01011635,All people aged 16 and over in households,523,276,222,54,247,154,1,22,39,31
S01011635,16 to 24,65,4,1,3,61,61,0,0,0,0
S01011635,25 to 34,106,48,26,22,58,55,0,0,3,0
S01011635,35 to 49,143,86,64,22,57,28,1,9,18,1
S01011635,50 to 64,142,99,93,6,43,7,0,10,16,10
S01011635,65 to 74,50,35,34,1,15,3,0,3,1,8
S01011635,75 to 84,13,4,4,0,9,0,0,0,1,8
S01011635,85 and over,4,0,0,0,4,0,0,0,0,4
S01011636,All people aged 16 and over in households,550,268,228,40,282,201,2,17,23,39
S01011636,16 to 24,93,7,2,5,86,86,0,0,0,0
S01011636,25 to 34,86,34,19,15,52,43,0,5,4,0
S01011636,35 to 49,157,94,81,13,63,43,1,8,9,2
S01011636,50 to 64,116,76,70,6,40,17,0,3,8,12
S01011636,65 to 74,68,44,43,1,24,10,1,0,1,12
S01011636,75 to 84,22,8,8,0,14,2,0,1,1,10
S01011636,85 and over,8,5,5,0,3,0,0,0,0,3
S01011637,All people aged 16 and over in households,560,264,212,52,296,186,4,25,38,43
S01011637,16 to 24,93,5,0,5,88,88,0,0,0,0
S01011637,25 to 34,88,42,23,19,46,40,0,4,2,0
S01011637,35 to 49,139,75,56,19,64,38,0,11,13,2
S01011637,50 to 64,146,94,89,5,52,16,2,8,14,12
S01011637,65 to 74,59,41,38,3,18,1,1,1,7,8
S01011637,75 to 84,26,5,4,1,21,2,0,1,2,16
S01011637,85 and over,9,2,2,0,7,1,1,0,0,5
S01011638,All people aged 16 and over in households,429,212,172,40,217,107,7,9,38,56
S01011638,16 to 24,51,8,0,8,43,43,0,0,0,0
S01011638,25 to 34,45,23,10,13,22,22,0,0,0,0
S01011638,35 to 49,105,59,42,17,46,23,4,6,11,2
S01011638,50 to 64,111,70,68,2,41,12,2,2,19,6
S01011638,65 to 74,70,40,40,0,30,7,0,0,7,16
S01011638,75 to 84,34,12,12,0,22,0,0,1,1,20
S01011638,85 and over,13,0,0,0,13,0,1,0,0,12
S01011639,All people aged 16 and over in households,455,192,148,44,263,155,2,21,42,43
S01011639,16 to 24,75,2,1,1,73,73,0,0,0,0
S01011639,25 to 34,73,36,13,23,37,30,0,2,4,1
S01011639,35 to 49,112,54,43,11,58,28,1,10,17,2
S01011639,50 to 64,101,58,51,7,43,15,0,5,15,8
S01011639,65 to 74,59,30,28,2,29,3,0,2,6,18
S01011639,75 to 84,30,12,12,0,18,6,1,2,0,9
S01011639,85 and over,5,0,0,0,5,0,0,0,0,5
S01011640,All people aged 16 and over in households,535,297,234,63,238,149,6,10,37,36
S01011640,16 to 24,90,9,1,8,81,80,1,0,0,0
S01011640,25 to 34,78,45,21,24,33,31,0,2,0,0
S01011640,35 to 49,138,90,70,20,48,27,1,4,13,3
S01011640,50 to 64,138,106,96,10,32,6,0,3,15,8
S01011640,65 to 74,64,37,37,0,27,4,1,1,7,14
S01011640,75 to 84,23,10,9,1,13,1,3,0,2,7
S01011640,85 and over,4,0,0,0,4,0,0,0,0,4
S01011641,All people aged 16 and over in households,406,278,270,8,128,78,2,7,14,27
S01011641,16 to 24,50,0,0,0,50,50,0,0,0,0
S01011641,25 to 34,46,28,24,4,18,15,0,2,1,0
S01011641,35 to 49,103,90,88,2,13,7,0,4,2,0
S01011641,50 to 64,117,101,100,1,16,3,1,1,7,4
S01011641,65 to 74,51,40,39,1,11,2,0,0,1,8
S01011641,75 to 84,31,19,19,0,12,1,0,0,3,8
S01011641,85 and over,8,0,0,0,8,0,1,0,0,7
S01011642,All people aged 16 and over in households,668,410,348,62,258,161,5,18,35,39
S01011642,16 to 24,107,19,0,19,88,87,0,0,1,0
S01011642,25 to 34,82,33,21,12,49,44,3,0,2,0
S01011642,35 to 49,174,127,107,20,47,24,1,7,14,1
S01011642,50 to 64,182,145,134,11,37,5,1,11,12,8
S01011642,65 to 74,77,57,57,0,20,0,0,0,5,15
S01011642,75 to 84,41,26,26,0,15,1,0,0,1,13
S01011642,85 and over,5,3,3,0,2,0,0,0,0,2
S01011643,All people aged 16 and over in households,460,318,256,62,142,84,2,6,18,32
S01011643,16 to 24,66,18,2,16,48,48,0,0,0,0
S01011643,25 to 34,81,65,45,20,16,16,0,0,0,0
S01011643,35 to 49,140,119,96,23,21,8,0,3,7,3
S01011643,50 to 64,86,70,67,3,16,5,1,3,5,2
S01011643,65 to 74,49,33,33,0,16,3,1,0,4,8
S01011643,75 to 84,28,12,12,0,16,3,0,0,2,11
S01011643,85 and over,10,1,1,0,9,1,0,0,0,8
S01011644,All people aged 16 and over in households,602,360,314,46,242,123,4,7,23,85
S01011644,16 to 24,52,3,0,3,49,49,0,0,0,0
S01011644,25 to 34,76,39,23,16,37,35,0,1,1,0
S01011644,35 to 49,141,116,101,15,25,13,1,6,5,0
S01011644,50 to 64,150,122,112,10,28,12,0,0,10,6
S01011644,65 to 74,68,42,42,0,26,4,0,0,3,19
S01011644,75 to 84,84,30,29,1,54,7,2,0,4,41
S01011644,85 and over,31,8,7,1,23,3,1,0,0,19
S01011645,All people aged 16 and over in households,452,248,208,40,204,117,4,10,28,45
S01011645,16 to 24,35,6,1,5,29,29,0,0,0,0
S01011645,25 to 34,65,30,16,14,35,34,0,0,1,0
S01011645,35 to 49,101,59,49,10,42,27,2,7,5,1
S01011645,50 to 64,97,63,54,9,34,13,0,1,16,4
S01011645,65 to 74,84,59,57,2,25,7,0,2,4,12
S01011645,75 to 84,60,31,31,0,29,7,2,0,2,18
S01011645,85 and over,10,0,0,0,10,0,0,0,0,10
S01011646,All people aged 16 and over in households,589,424,396,28,165,117,4,10,11,23
S01011646,16 to 24,83,3,1,2,80,80,0,0,0,0
S01011646,25 to 34,53,25,21,4,28,25,0,2,0,1
S01011646,35 to 49,123,105,89,16,18,10,1,4,3,0
S01011646,50 to 64,211,192,188,4,19,2,1,4,7,5
S01011646,65 to 74,80,69,68,1,11,0,1,0,1,9
S01011646,75 to 84,37,29,28,1,8,0,1,0,0,7
S01011646,85 and over,2,1,1,0,1,0,0,0,0,1
S01011647,All people aged 16 and over in households,701,460,380,80,241,165,8,14,27,27
S01011647,16 to 24,109,6,0,6,103,102,1,0,0,0
S01011647,25 to 34,113,75,44,31,38,35,2,1,0,0
S01011647,35 to 49,250,200,168,32,50,23,3,10,13,1
S01011647,50 to 64,153,125,116,9,28,3,2,3,12,8
S01011647,65 to 74,48,36,35,1,12,2,0,0,2,8
S01011647,75 to 84,26,18,17,1,8,0,0,0,0,8
S01011647,85 and over,2,0,0,0,2,0,0,0,0,2
S01011648,All people aged 16 and over in households,514,340,236,104,174,117,3,8,31,15
S01011648,16 to 24,62,12,2,10,50,48,0,0,2,0
S01011648,25 to 34,155,116,65,51,39,35,0,1,3,0
S01011648,35 to 49,183,144,109,35,39,28,1,4,6,0
S01011648,50 to 64,71,41,35,6,30,6,2,2,17,3
S01011648,65 to 74,31,21,19,2,10,0,0,0,3,7
S01011648,75 to 84,10,5,5,0,5,0,0,1,0,4
S01011648,85 and over,2,1,1,0,1,0,0,0,0,1
S01011649,All people aged 16 and over in households,395,198,130,68,197,102,4,15,36,40
S01011649,16 to 24,50,10,0,10,40,39,0,0,1,0
S01011649,25 to 34,86,54,17,37,32,30,0,1,1,0
S01011649,35 to 49,109,62,46,16,47,24,1,7,14,1
S01011649,50 to 64,71,38,33,5,33,8,2,5,14,4
S01011649,65 to 74,44,26,26,0,18,1,0,2,5,10
S01011649,75 to 84,24,6,6,0,18,0,1,0,1,16
S01011649,85 and over,11,2,2,0,9,0,0,0,0,9
S01011650,All people aged 16 and over in households,583,357,306,51,226,118,2,18,35,53
S01011650,16 to 24,62,9,1,8,53,53,0,0,0,0
S01011650,25 to 34,83,43,18,25,40,37,0,2,1,0
S01011650,35 to 49,147,112,102,10,35,14,0,11,10,0
S01011650,50 to 64,165,119,112,7,46,11,1,5,22,7
S01011650,65 to 74,71,48,47,1,23,3,0,0,1,19
S01011650,75 to 84,47,25,25,0,22,0,1,0,1,20
S01011650,85 and over,8,1,1,0,7,0,0,0,0,7
S01011651,All people aged 16 and over in households,772,394,316,78,378,235,4,21,40,78
S01011651,16 to 24,89,10,7,3,79,79,0,0,0,0
S01011651,25 to 34,141,61,30,31,80,77,1,0,1,1
S01011651,35 to 49,212,128,98,30,84,49,0,11,19,5
S01011651,50 to 64,141,95,85,10,46,14,2,7,15,8
S01011651,65 to 74,110,65,63,2,45,10,1,3,5,26
S01011651,75 to 84,62,30,28,2,32,5,0,0,0,27
S01011651,85 and over,17,5,5,0,12,1,0,0,0,11
S01011652,All people aged 16 and over in households,629,362,312,50,267,188,3,18,22,36
S01011652,16 to 24,121,14,2,12,107,107,0,0,0,0
S01011652,25 to 34,94,49,30,19,45,41,0,4,0,0
S01011652,35 to 49,146,106,91,15,40,26,2,8,3,1
S01011652,50 to 64,182,140,136,4,42,8,1,6,17,10
S01011652,65 to 74,58,43,43,0,15,4,0,0,2,9
S01011652,75 to 84,23,10,10,0,13,2,0,0,0,11
S01011652,85 and over,5,0,0,0,5,0,0,0,0,5
S01011653,All people aged 16 and over in households,719,372,304,68,347,232,4,17,40,54
S01011653,16 to 24,131,7,0,7,124,124,0,0,0,0
S01011653,25 to 34,87,46,29,17,41,39,1,1,0,0
S01011653,35 to 49,206,143,110,33,63,36,2,11,13,1
S01011653,50 to 64,163,110,101,9,53,13,1,4,23,12
S01011653,65 to 74,74,41,39,2,33,13,0,1,3,16
S01011653,75 to 84,41,20,20,0,21,4,0,0,1,16
S01011653,85 and over,17,5,5,0,12,3,0,0,0,9
S01011654,All people aged 16 and over in households,827,390,306,84,437,261,7,31,50,88
S01011654,16 to 24,98,15,2,13,83,83,0,0,0,0
S01011654,25 to 34,157,80,41,39,77,77,0,0,0,0
S01011654,35 to 49,194,109,84,25,85,53,1,17,11,3
S01011654,50 to 64,180,104,98,6,76,31,2,14,22,7
S01011654,65 to 74,94,46,46,0,48,9,1,0,11,27
S01011654,75 to 84,84,33,32,1,51,6,3,0,6,36
S01011654,85 and over,20,3,3,0,17,2,0,0,0,15
S01011655,All people aged 16 and over in households,718,264,222,42,454,256,3,34,76,85
S01011655,16 to 24,109,7,0,7,102,102,0,0,0,0
S01011655,25 to 34,117,49,34,15,68,66,0,1,1,0
S01011655,35 to 49,155,56,42,14,99,51,2,18,28,0
S01011655,50 to 64,182,103,97,6,79,24,1,12,34,8
S01011655,65 to 74,83,37,37,0,46,7,0,0,11,28
S01011655,75 to 84,54,12,12,0,42,4,0,2,2,34
S01011655,85 and over,18,0,0,0,18,2,0,1,0,15
S01011656,All people aged 16 and over in households,492,198,140,58,294,184,5,19,51,35
S01011656,16 to 24,91,18,0,18,73,71,2,0,0,0
S01011656,25 to 34,95,32,20,12,63,60,0,1,0,2
S01011656,35 to 49,126,58,45,13,68,39,2,10,15,2
S01011656,50 to 64,118,63,50,13,55,11,1,8,30,5
S01011656,65 to 74,34,17,16,1,17,2,0,0,5,10
S01011656,75 to 84,24,10,9,1,14,1,0,0,1,12
S01011656,85 and over,4,0,0,0,4,0,0,0,0,4
S01011657,All people aged 16 and over in households,426,158,108,50,268,166,2,22,43,35
S01011657,16 to 24,87,25,1,24,62,62,0,0,0,0
S01011657,25 to 34,74,25,10,15,49,45,0,2,2,0
S01011657,35 to 49,104,48,42,6,56,35,0,7,13,1
S01011657,50 to 64,106,45,40,5,61,22,2,8,19,10
S01011657,65 to 74,34,12,12,0,22,1,0,4,7,10
S01011657,75 to 84,15,3,3,0,12,0,0,1,2,9
S01011657,85 and over,6,0,0,0,6,1,0,0,0,5
S01011658,All people aged 16 and over in households,552,292,242,50,260,158,2,10,35,55
S01011658,16 to 24,83,8,1,7,75,75,0,0,0,0
S01011658,25 to 34,75,29,14,15,46,44,0,2,0,0
S01011658,35 to 49,131,84,68,16,47,32,1,6,7,1
S01011658,50 to 64,151,106,97,9,45,6,1,1,24,13
S01011658,65 to 74,58,39,38,1,19,0,0,1,2,16
S01011658,75 to 84,49,24,22,2,25,1,0,0,2,22
S01011658,85 and over,5,2,2,0,3,0,0,0,0,3
S01011659,All people aged 16 and over in households,639,336,284,52,303,189,5,24,30,55
S01011659,16 to 24,108,23,0,23,85,85,0,0,0,0
S01011659,25 to 34,68,23,13,10,45,44,0,0,1,0
S01011659,35 to 49,158,85,67,18,73,41,0,17,13,2
S01011659,50 to 64,142,103,102,1,39,11,1,4,15,8
S01011659,65 to 74,100,74,74,0,26,4,3,2,1,16
S01011659,75 to 84,56,26,26,0,30,4,1,1,0,24
S01011659,85 and over,7,2,2,0,5,0,0,0,0,5
S01011660,All people aged 16 and over in households,790,474,406,68,316,211,9,21,26,49
S01011660,16 to 24,126,9,0,9,117,117,0,0,0,0
S01011660,25 to 34,100,46,25,21,54,49,2,2,1,0
S01011660,35 to 49,181,124,105,19,57,32,3,14,6,2
S01011660,50 to 64,234,195,178,17,39,8,2,5,16,8
S01011660,65 to 74,92,66,64,2,26,5,1,0,2,18
S01011660,75 to 84,51,30,30,0,21,0,1,0,1,19
S01011660,85 and over,6,4,4,0,2,0,0,0,0,2
S01011661,All people aged 16 and over in households,434,234,190,44,200,117,4,14,28,37
S01011661,16 to 24,65,6,0,6,59,59,0,0,0,0
S01011661,25 to 34,42,18,8,10,24,20,1,1,2,0
S01011661,35 to 49,135,84,65,19,51,28,1,7,12,3
S01011661,50 to 64,80,54,46,8,26,6,1,5,11,3
S01011661,65 to 74,84,62,61,1,22,2,1,0,2,17
S01011661,75 to 84,28,10,10,0,18,2,0,1,1,14
S01011661,85 and over,0,0,0,0,0,0,0,0,0,0
S01011662,All people aged 16 and over in households,487,340,294,46,147,94,3,16,16,18
S01011662,16 to 24,60,2,0,2,58,58,0,0,0,0
S01011662,25 to 34,84,59,41,18,25,20,1,1,3,0
S01011662,35 to 49,185,159,139,20,26,11,0,7,6,2
S01011662,50 to 64,111,92,86,6,19,3,2,8,6,0
S01011662,65 to 74,33,22,22,0,11,1,0,0,1,9
S01011662,75 to 84,12,6,6,0,6,1,0,0,0,5
S01011662,85 and over,2,0,0,0,2,0,0,0,0,2
S01011663,All people aged 16 and over in households,753,334,232,102,419,274,5,36,74,30
S01011663,16 to 24,132,11,2,9,121,118,0,1,1,1
S01011663,25 to 34,182,78,34,44,104,95,2,4,3,0
S01011663,35 to 49,247,139,101,38,108,49,2,20,33,4
S01011663,50 to 64,127,74,63,11,53,12,1,7,24,9
S01011663,65 to 74,47,24,24,0,23,0,0,2,12,9
S01011663,75 to 84,16,8,8,0,8,0,0,2,0,6
S01011663,85 and over,2,0,0,0,2,0,0,0,1,1
S01011664,All people aged 16 and over in households,834,404,328,76,430,270,4,31,42,83
S01011664,16 to 24,119,6,2,4,113,113,0,0,0,0
S01011664,25 to 34,118,48,26,22,70,65,2,3,0,0
S01011664,35 to 49,229,133,97,36,96,59,0,16,18,3
S01011664,50 to 64,195,135,121,14,60,21,0,10,19,10
S01011664,65 to 74,128,68,68,0,60,8,1,1,5,45
S01011664,75 to 84,34,12,12,0,22,2,1,0,0,19
S01011664,85 and over,11,2,2,0,9,2,0,1,0,6
S01011665,All people aged 16 and over in households,718,316,234,82,402,245,3,31,56,67
S01011665,16 to 24,120,19,0,19,101,100,0,0,0,1
S01011665,25 to 34,116,53,24,29,63,59,1,3,0,0
S01011665,35 to 49,167,86,63,23,81,51,1,10,17,2
S01011665,50 to 64,161,92,82,10,69,21,1,13,27,7
S01011665,65 to 74,93,43,43,0,50,11,0,3,10,26
S01011665,75 to 84,46,20,19,1,26,2,0,2,2,20
S01011665,85 and over,15,3,3,0,12,1,0,0,0,11
S01011666,All people aged 16 and over in households,736,310,252,58,426,243,5,26,66,86
S01011666,16 to 24,87,11,0,11,76,76,0,0,0,0
S01011666,25 to 34,110,37,18,19,73,67,0,4,2,0
S01011666,35 to 49,193,88,74,14,105,63,3,15,21,3
S01011666,50 to 64,154,90,78,12,64,23,1,3,23,14
S01011666,65 to 74,111,55,54,1,56,8,0,4,16,28
S01011666,75 to 84,60,26,26,0,34,5,1,0,3,25
S01011666,85 and over,21,3,2,1,18,1,0,0,1,16
S01011667,All people aged 16 and over in households,607,302,224,78,305,167,3,23,64,48
S01011667,16 to 24,79,20,3,17,59,59,0,0,0,0
S01011667,25 to 34,95,53,23,30,42,37,1,2,1,1
S01011667,35 to 49,160,91,65,26,69,40,1,13,14,1
S01011667,50 to 64,150,82,78,4,68,25,1,6,30,6
S01011667,65 to 74,74,41,40,1,33,4,0,1,13,15
S01011667,75 to 84,42,13,13,0,29,1,0,1,6,21
S01011667,85 and over,7,2,2,0,5,1,0,0,0,4
S01011668,All people aged 16 and over in households,782,360,256,104,422,272,5,47,51,47
S01011668,16 to 24,146,21,4,17,125,124,0,0,1,0
S01011668,25 to 34,150,64,27,37,86,69,4,8,4,1
S01011668,35 to 49,220,110,79,31,110,59,1,28,21,1
S01011668,50 to 64,171,118,102,16,53,13,0,6,21,13
S01011668,65 to 74,69,38,35,3,31,4,0,3,3,21
S01011668,75 to 84,22,9,9,0,13,0,0,2,1,10
S01011668,85 and over,4,0,0,0,4,3,0,0,0,1
S01011669,All people aged 16 and over in households,558,318,272,46,240,134,6,13,35,52
S01011669,16 to 24,49,2,0,2,47,46,0,1,0,0
S01011669,25 to 34,68,31,14,17,37,33,2,1,1,0
S01011669,35 to 49,130,81,64,17,49,35,2,5,6,1
S01011669,50 to 64,147,105,97,8,42,12,1,3,20,6
S01011669,65 to 74,100,70,68,2,30,4,1,0,8,17
S01011669,75 to 84,53,25,25,0,28,4,0,1,0,23
S01011669,85 and over,11,4,4,0,7,0,0,2,0,5
S01011670,All people aged 16 and over in households,406,190,136,54,216,139,0,15,25,37
S01011670,16 to 24,57,5,1,4,52,52,0,0,0,0
S01011670,25 to 34,100,51,28,23,49,44,0,1,2,2
S01011670,35 to 49,122,67,48,19,55,29,0,12,11,3
S01011670,50 to 64,76,45,38,7,31,10,0,2,11,8
S01011670,65 to 74,24,13,12,1,11,2,0,0,0,9
S01011670,75 to 84,18,7,7,0,11,2,0,0,1,8
S01011670,85 and over,9,2,2,0,7,0,0,0,0,7
S01011671,All people aged 16 and over in households,568,336,294,42,232,126,6,14,32,54
S01011671,16 to 24,48,5,1,4,43,43,0,0,0,0
S01011671,25 to 34,67,29,20,9,38,38,0,0,0,0
S01011671,35 to 49,146,96,78,18,50,25,4,9,10,2
S01011671,50 to 64,153,122,113,9,31,8,1,4,16,2
S01011671,65 to 74,79,54,52,2,25,4,0,1,4,16
S01011671,75 to 84,60,27,27,0,33,6,1,0,2,24
S01011671,85 and over,15,3,3,0,12,2,0,0,0,10
S01011672,All people aged 16 and over in households,489,266,222,44,223,108,2,20,35,58
S01011672,16 to 24,52,3,1,2,49,49,0,0,0,0
S01011672,25 to 34,76,42,24,18,34,31,0,3,0,0
S01011672,35 to 49,106,68,55,13,38,11,0,11,15,1
S01011672,50 to 64,131,95,86,9,36,10,0,4,15,7
S01011672,65 to 74,62,32,31,1,30,5,2,2,4,17
S01011672,75 to 84,54,25,24,1,29,2,0,0,1,26
S01011672,85 and over,8,1,1,0,7,0,0,0,0,7
S01011673,All people aged 16 and over in households,537,284,226,58,253,160,4,17,37,35
S01011673,16 to 24,79,10,1,9,69,69,0,0,0,0
S01011673,25 to 34,93,38,14,24,55,49,2,3,1,0
S01011673,35 to 49,138,90,70,20,48,25,1,8,14,0
S01011673,50 to 64,139,102,98,4,37,14,1,5,13,4
S01011673,65 to 74,53,33,33,0,20,3,0,1,6,10
S01011673,75 to 84,30,9,8,1,21,0,0,0,3,18
S01011673,85 and over,5,2,2,0,3,0,0,0,0,3
S01011674,All people aged 16 and over in households,821,524,408,116,297,175,4,17,50,51
S01011674,16 to 24,103,17,0,17,86,86,0,0,0,0
S01011674,25 to 34,181,135,73,62,46,42,1,2,1,0
S01011674,35 to 49,220,163,131,32,57,25,1,8,23,0
S01011674,50 to 64,172,129,124,5,43,16,0,5,16,6
S01011674,65 to 74,81,54,54,0,27,2,0,2,9,14
S01011674,75 to 84,46,23,23,0,23,3,0,0,0,20
S01011674,85 and over,18,3,3,0,15,1,2,0,1,11
S01011675,All people aged 16 and over in households,735,402,330,72,333,204,6,33,32,58
S01011675,16 to 24,89,8,3,5,81,80,1,0,0,0
S01011675,25 to 34,97,46,24,22,51,43,1,6,0,1
S01011675,35 to 49,207,116,87,29,91,56,3,17,14,1
S01011675,50 to 64,180,129,116,13,51,13,1,10,15,12
S01011675,65 to 74,110,80,78,2,30,8,0,0,3,19
S01011675,75 to 84,46,22,21,1,24,4,0,0,0,20
S01011675,85 and over,6,1,1,0,5,0,0,0,0,5
S01011676,All people aged 16 and over in households,567,266,224,42,301,187,2,31,29,52
S01011676,16 to 24,82,1,1,0,81,81,0,0,0,0
S01011676,25 to 34,87,29,20,9,58,50,0,7,1,0
S01011676,35 to 49,158,83,65,18,75,41,2,15,15,2
S01011676,50 to 64,119,87,76,11,32,11,0,7,11,3
S01011676,65 to 74,70,50,46,4,20,2,0,2,0,16
S01011676,75 to 84,41,15,15,0,26,1,0,0,2,23
S01011676,85 and over,10,1,1,0,9,1,0,0,0,8
S01011677,All people aged 16 and over in households,463,256,178,78,207,136,2,30,27,12
S01011677,16 to 24,75,8,2,6,67,67,0,0,0,0
S01011677,25 to 34,112,57,26,31,55,46,2,7,0,0
S01011677,35 to 49,155,111,80,31,44,15,0,14,15,0
S01011677,50 to 64,87,64,54,10,23,5,0,8,8,2
S01011677,65 to 74,20,11,11,0,9,3,0,1,3,2
S01011677,75 to 84,13,5,5,0,8,0,0,0,1,7
S01011677,85 and over,1,0,0,0,1,0,0,0,0,1
S01011678,All people aged 16 and over in households,380,170,136,34,210,127,1,17,23,42
S01011678,16 to 24,58,6,1,5,52,52,0,0,0,0
S01011678,25 to 34,46,17,4,13,29,25,0,1,1,2
S01011678,35 to 49,101,58,47,11,43,26,1,5,8,3
S01011678,50 to 64,86,45,40,5,41,14,0,11,10,6
S01011678,65 to 74,61,31,31,0,30,7,0,0,4,19
S01011678,75 to 84,22,13,13,0,9,3,0,0,0,6
S01011678,85 and over,6,0,0,0,6,0,0,0,0,6
S01011679,All people aged 16 and over in households,417,304,230,74,113,75,1,14,12,11
S01011679,16 to 24,48,10,1,9,38,38,0,0,0,0
S01011679,25 to 34,118,92,58,34,26,23,0,2,1,0
S01011679,35 to 49,157,129,105,24,28,9,1,11,7,0
S01011679,50 to 64,66,57,50,7,9,4,0,1,3,1
S01011679,65 to 74,18,10,10,0,8,1,0,0,1,6
S01011679,75 to 84,10,6,6,0,4,0,0,0,0,4
S01011679,85 and over,0,0,0,0,0,0,0,0,0,0
S01011680,All people aged 16 and over in households,864,424,334,90,440,265,11,22,48,94
S01011680,16 to 24,121,6,2,4,115,113,0,0,1,1
S01011680,25 to 34,115,54,22,32,61,59,0,1,1,0
S01011680,35 to 49,251,163,131,32,88,52,3,13,19,1
S01011680,50 to 64,182,118,100,18,64,23,4,4,20,13
S01011680,65 to 74,102,53,51,2,49,9,3,3,6,28
S01011680,75 to 84,69,26,24,2,43,7,1,1,0,34
S01011680,85 and over,24,4,4,0,20,2,0,0,1,17
S01011681,All people aged 16 and over in households,667,404,320,84,263,159,5,19,34,46
S01011681,16 to 24,77,6,0,6,71,70,1,0,0,0
S01011681,25 to 34,129,79,40,39,50,48,0,1,1,0
S01011681,35 to 49,174,126,103,23,48,25,2,8,13,0
S01011681,50 to 64,171,125,109,16,46,10,1,6,19,10
S01011681,65 to 74,64,43,43,0,21,4,0,4,0,13
S01011681,75 to 84,42,23,23,0,19,1,1,0,1,16
S01011681,85 and over,10,2,2,0,8,1,0,0,0,7
S01011682,All people aged 16 and over in households,356,220,206,14,136,84,7,13,15,17
S01011682,16 to 24,41,1,0,1,40,40,0,0,0,0
S01011682,25 to 34,39,18,13,5,21,18,0,1,2,0
S01011682,35 to 49,116,88,81,7,28,17,2,6,3,0
S01011682,50 to 64,88,63,62,1,25,6,1,4,9,5
S01011682,65 to 74,49,37,37,0,12,1,3,2,1,5
S01011682,75 to 84,21,13,13,0,8,2,1,0,0,5
S01011682,85 and over,2,0,0,0,2,0,0,0,0,2
S01011683,All people aged 16 and over in households,613,350,280,70,263,168,3,18,39,35
S01011683,16 to 24,109,15,3,12,94,94,0,0,0,0
S01011683,25 to 34,78,41,25,16,37,36,0,0,1,0
S01011683,35 to 49,173,120,93,27,53,26,0,7,17,3
S01011683,50 to 64,152,112,97,15,40,5,0,9,18,8
S01011683,65 to 74,65,45,45,0,20,1,1,2,3,13
S01011683,75 to 84,26,16,16,0,10,3,0,0,0,7
S01011683,85 and over,10,1,1,0,9,3,2,0,0,4
S01011684,All people aged 16 and over in households,437,258,238,20,179,101,1,14,20,43
S01011684,16 to 24,51,3,2,1,48,47,1,0,0,0
S01011684,25 to 34,58,36,27,9,22,22,0,0,0,0
S01011684,35 to 49,120,90,82,8,30,13,0,9,7,1
S01011684,50 to 64,105,72,72,0,33,11,0,5,9,8
S01011684,65 to 74,66,46,44,2,20,7,0,0,2,11
S01011684,75 to 84,29,10,10,0,19,1,0,0,2,16
S01011684,85 and over,8,1,1,0,7,0,0,0,0,7
S01011685,All people aged 16 and over in households,602,406,332,74,196,145,3,13,22,13
S01011685,16 to 24,87,5,2,3,82,82,0,0,0,0
S01011685,25 to 34,119,85,57,28,34,33,0,0,1,0
S01011685,35 to 49,241,198,165,33,43,23,2,8,9,1
S01011685,50 to 64,98,80,70,10,18,3,1,4,9,1
S01011685,65 to 74,40,30,30,0,10,2,0,1,3,4
S01011685,75 to 84,12,8,8,0,4,0,0,0,0,4
S01011685,85 and over,5,0,0,0,5,2,0,0,0,3
S01011686,All people aged 16 and over in households,703,476,410,66,227,150,1,9,29,38
S01011686,16 to 24,89,2,0,2,87,87,0,0,0,0
S01011686,25 to 34,97,49,24,25,48,42,0,3,2,1
S01011686,35 to 49,188,160,134,26,28,16,0,2,9,1
S01011686,50 to 64,210,179,172,7,31,4,1,4,15,7
S01011686,65 to 74,73,54,51,3,19,1,0,0,2,16
S01011686,75 to 84,42,31,28,3,11,0,0,0,1,10
S01011686,85 and over,4,1,1,0,3,0,0,0,0,3
S01011687,All people aged 16 and over in households,702,370,292,78,332,179,3,22,47,81
S01011687,16 to 24,100,12,2,10,88,88,0,0,0,0
S01011687,25 to 34,110,58,23,35,52,48,0,1,3,0
S01011687,35 to 49,188,131,103,28,57,24,2,12,16,3
S01011687,50 to 64,171,115,110,5,56,13,1,8,18,16
S01011687,65 to 74,80,44,44,0,36,4,0,1,9,22
S01011687,75 to 84,37,7,7,0,30,1,0,0,1,28
S01011687,85 and over,16,3,3,0,13,1,0,0,0,12
S01011688,All people aged 16 and over in households,631,432,362,70,199,134,0,13,21,31
S01011688,16 to 24,97,12,1,11,85,84,0,0,0,1
S01011688,25 to 34,77,56,35,21,21,16,0,2,3,0
S01011688,35 to 49,258,210,184,26,48,25,0,10,12,1
S01011688,50 to 64,118,99,89,10,19,7,0,1,4,7
S01011688,65 to 74,52,41,41,0,11,1,0,0,2,8
S01011688,75 to 84,28,14,12,2,14,1,0,0,0,13
S01011688,85 and over,1,0,0,0,1,0,0,0,0,1
S01011689,All people aged 16 and over in households,538,390,342,48,148,102,5,7,11,23
S01011689,16 to 24,65,1,0,1,64,64,0,0,0,0
S01011689,25 to 34,72,56,41,15,16,16,0,0,0,0
S01011689,35 to 49,188,161,135,26,27,13,2,6,4,2
S01011689,50 to 64,134,118,114,4,16,6,0,1,6,3
S01011689,65 to 74,50,41,41,0,9,2,0,0,1,6
S01011689,75 to 84,26,12,11,1,14,1,3,0,0,10
S01011689,85 and over,3,1,0,1,2,0,0,0,0,2
S01011690,All people aged 16 and over in households,747,508,378,130,239,151,5,21,28,34
S01011690,16 to 24,79,16,3,13,63,63,0,0,0,0
S01011690,25 to 34,163,122,77,45,41,37,1,3,0,0
S01011690,35 to 49,288,226,165,61,62,36,0,12,12,2
S01011690,50 to 64,138,105,95,10,33,10,1,6,12,4
S01011690,65 to 74,47,28,27,1,19,2,1,0,4,12
S01011690,75 to 84,25,11,11,0,14,3,0,0,0,11
S01011690,85 and over,7,0,0,0,7,0,2,0,0,5
S01011691,All people aged 16 and over in households,456,304,246,58,152,102,3,6,18,23
S01011691,16 to 24,50,3,0,3,47,47,0,0,0,0
S01011691,25 to 34,90,57,37,20,33,30,0,1,2,0
S01011691,35 to 49,175,142,119,23,33,19,1,5,7,1
S01011691,50 to 64,86,69,59,10,17,5,2,0,6,4
S01011691,65 to 74,43,29,27,2,14,0,0,0,3,11
S01011691,75 to 84,10,4,4,0,6,1,0,0,0,5
S01011691,85 and over,2,0,0,0,2,0,0,0,0,2
S01011692,All people aged 16 and over in households,860,452,336,116,408,260,0,22,54,72
S01011692,16 to 24,119,15,0,15,104,104,0,0,0,0
S01011692,25 to 34,117,56,21,35,61,59,0,2,0,0
S01011692,35 to 49,236,151,109,42,85,44,0,16,23,2
S01011692,50 to 64,208,136,117,19,72,36,0,3,20,13
S01011692,65 to 74,133,76,72,4,57,15,0,1,9,32
S01011692,75 to 84,42,16,16,0,26,2,0,0,1,23
S01011692,85 and over,5,2,1,1,3,0,0,0,1,2
S01011693,All people aged 16 and over in households,664,414,318,96,250,149,1,20,32,48
S01011693,16 to 24,82,24,1,23,58,55,0,3,0,0
S01011693,25 to 34,139,82,54,28,57,49,0,5,3,0
S01011693,35 to 49,176,118,86,32,58,36,0,8,12,2
S01011693,50 to 64,157,131,120,11,26,5,0,1,12,8
S01011693,65 to 74,70,44,42,2,26,2,1,3,4,16
S01011693,75 to 84,36,14,14,0,22,2,0,0,1,19
S01011693,85 and over,4,1,1,0,3,0,0,0,0,3
S01011694,All people aged 16 and over in households,383,270,222,48,113,74,3,8,18,10
S01011694,16 to 24,35,2,0,2,33,33,0,0,0,0
S01011694,25 to 34,98,74,52,22,24,22,0,1,0,1
S01011694,35 to 49,167,136,113,23,31,14,2,5,8,2
S01011694,50 to 64,65,46,45,1,19,4,1,2,9,3
S01011694,65 to 74,11,11,11,0,0,0,0,0,0,0
S01011694,75 to 84,6,1,1,0,5,1,0,0,1,3
S01011694,85 and over,1,0,0,0,1,0,0,0,0,1
S01011695,All people aged 16 and over in households,689,516,446,70,173,116,0,17,22,18
S01011695,16 to 24,62,2,2,0,60,60,0,0,0,0
S01011695,25 to 34,130,97,65,32,33,27,0,5,1,0
S01011695,35 to 49,280,236,210,26,44,20,0,9,14,1
S01011695,50 to 64,156,141,134,7,15,5,0,3,6,1
S01011695,65 to 74,34,25,23,2,9,1,0,0,1,7
S01011695,75 to 84,25,14,11,3,11,3,0,0,0,8
S01011695,85 and over,2,1,1,0,1,0,0,0,0,1
S01011696,All people aged 16 and over in households,728,576,500,76,152,107,6,14,19,6
S01011696,16 to 24,69,4,3,1,65,65,0,0,0,0
S01011696,25 to 34,129,108,91,17,21,19,0,1,1,0
S01011696,35 to 49,368,322,274,48,46,15,6,11,13,1
S01011696,50 to 64,144,129,119,10,15,6,0,2,4,3
S01011696,65 to 74,12,8,8,0,4,2,0,0,1,1
S01011696,75 to 84,5,5,5,0,0,0,0,0,0,0
S01011696,85 and over,1,0,0,0,1,0,0,0,0,1
S01011697,All people aged 16 and over in households,757,492,404,88,265,159,3,33,42,28
S01011697,16 to 24,85,6,0,6,79,79,0,0,0,0
S01011697,25 to 34,158,112,82,30,46,42,0,3,1,0
S01011697,35 to 49,298,229,184,45,69,26,3,22,18,0
S01011697,50 to 64,129,96,89,7,33,8,0,7,14,4
S01011697,65 to 74,53,34,34,0,19,2,0,1,6,10
S01011697,75 to 84,25,12,12,0,13,2,0,0,2,9
S01011697,85 and over,9,3,3,0,6,0,0,0,1,5
S01011698,All people aged 16 and over in households,537,284,232,52,253,156,3,16,24,54
S01011698,16 to 24,76,6,0,6,70,70,0,0,0,0
S01011698,25 to 34,81,34,17,17,47,45,1,1,0,0
S01011698,35 to 49,141,100,79,21,41,28,0,6,5,2
S01011698,50 to 64,142,99,91,8,43,9,1,5,12,16
S01011698,65 to 74,65,35,35,0,30,0,1,4,6,19
S01011698,75 to 84,23,6,6,0,17,4,0,0,1,12
S01011698,85 and over,9,4,4,0,5,0,0,0,0,5
S01011699,All people aged 16 and over in households,764,484,428,56,280,183,5,21,34,37
S01011699,16 to 24,105,5,0,5,100,100,0,0,0,0
S01011699,25 to 34,94,47,33,14,47,44,0,3,0,0
S01011699,35 to 49,196,156,136,20,40,23,3,9,5,0
S01011699,50 to 64,216,163,146,17,53,12,2,9,21,9
S01011699,65 to 74,96,76,76,0,20,2,0,0,6,12
S01011699,75 to 84,47,31,31,0,16,1,0,0,2,13
S01011699,85 and over,10,6,6,0,4,1,0,0,0,3
S01011700,All people aged 16 and over in households,661,348,302,46,313,185,11,17,36,64
S01011700,16 to 24,88,5,0,5,83,81,2,0,0,0
S01011700,25 to 34,73,32,10,22,41,32,4,5,0,0
S01011700,35 to 49,152,98,85,13,54,33,3,3,12,3
S01011700,50 to 64,179,123,117,6,56,23,2,5,16,10
S01011700,65 to 74,86,49,49,0,37,5,0,3,6,23
S01011700,75 to 84,67,34,34,0,33,8,0,1,2,22
S01011700,85 and over,16,7,7,0,9,3,0,0,0,6
S01011701,All people aged 16 and over in households,822,522,440,82,300,177,3,33,34,53
S01011701,16 to 24,103,20,2,18,83,82,0,1,0,0
S01011701,25 to 34,112,54,31,23,58,49,1,4,4,0
S01011701,35 to 49,240,177,160,17,63,33,1,13,14,2
S01011701,50 to 64,212,170,151,19,42,10,0,12,16,4
S01011701,65 to 74,90,69,65,4,21,1,0,3,0,17
S01011701,75 to 84,54,26,25,1,28,2,1,0,0,25
S01011701,85 and over,11,6,6,0,5,0,0,0,0,5
S01011702,All people aged 16 and over in households,626,390,340,50,236,136,1,6,34,59
S01011702,16 to 24,71,5,0,5,66,66,0,0,0,0
S01011702,25 to 34,62,36,24,12,26,26,0,0,0,0
S01011702,35 to 49,141,113,91,22,28,15,0,4,9,0
S01011702,50 to 64,200,147,140,7,53,20,0,2,20,11
S01011702,65 to 74,74,54,50,4,20,2,1,0,4,13
S01011702,75 to 84,58,30,30,0,28,6,0,0,0,22
S01011702,85 and over,20,5,5,0,15,1,0,0,1,13
S01011703,All people aged 16 and over in households,502,332,298,34,170,102,4,12,15,37
S01011703,16 to 24,58,5,0,5,53,53,0,0,0,0
S01011703,25 to 34,52,31,18,13,21,19,0,2,0,0
S01011703,35 to 49,136,111,99,12,25,16,0,5,4,0
S01011703,50 to 64,151,126,122,4,25,11,0,3,8,3
S01011703,65 to 74,56,39,39,0,17,2,1,2,1,11
S01011703,75 to 84,33,20,20,0,13,0,0,0,2,11
S01011703,85 and over,16,0,0,0,16,1,3,0,0,12
S01011704,All people aged 16 and over in households,555,362,318,44,193,140,3,8,17,25
S01011704,16 to 24,75,2,0,2,73,73,0,0,0,0
S01011704,25 to 34,60,39,24,15,21,19,0,1,1,0
S01011704,35 to 49,239,199,178,21,40,25,1,3,7,4
S01011704,50 to 64,107,75,69,6,32,17,1,1,8,5
S01011704,65 to 74,34,24,24,0,10,2,0,3,0,5
S01011704,75 to 84,31,20,20,0,11,3,0,0,1,7
S01011704,85 and over,9,3,3,0,6,1,1,0,0,4
S01011705,All people aged 16 and over in households,602,298,236,62,304,206,6,30,30,32
S01011705,16 to 24,116,7,1,6,109,107,0,2,0,0
S01011705,25 to 34,84,42,22,20,42,37,0,4,1,0
S01011705,35 to 49,198,125,93,32,73,37,2,16,18,0
S01011705,50 to 64,113,83,79,4,30,9,2,6,9,4
S01011705,65 to 74,47,27,27,0,20,5,2,2,2,9
S01011705,75 to 84,38,14,14,0,24,10,0,0,0,14
S01011705,85 and over,6,0,0,0,6,1,0,0,0,5
S01011706,All people aged 16 and over in households,842,452,382,70,390,236,3,21,49,81
S01011706,16 to 24,104,12,2,10,92,92,0,0,0,0
S01011706,25 to 34,103,41,19,22,62,58,0,2,2,0
S01011706,35 to 49,231,153,130,23,78,51,0,13,12,2
S01011706,50 to 64,190,143,131,12,47,17,1,3,19,7
S01011706,65 to 74,120,67,64,3,53,8,1,1,10,33
S01011706,75 to 84,69,29,29,0,40,7,1,2,6,24
S01011706,85 and over,25,7,7,0,18,3,0,0,0,15
S01011707,All people aged 16 and over in households,584,408,372,36,176,105,3,9,21,38
S01011707,16 to 24,58,4,1,3,54,54,0,0,0,0
S01011707,25 to 34,59,33,23,10,26,26,0,0,0,0
S01011707,35 to 49,153,124,109,15,29,19,1,2,7,0
S01011707,50 to 64,163,133,125,8,30,4,2,5,8,11
S01011707,65 to 74,115,94,94,0,21,1,0,2,5,13
S01011707,75 to 84,31,18,18,0,13,1,0,0,1,11
S01011707,85 and over,5,2,2,0,3,0,0,0,0,3
S01011708,All people aged 16 and over in households,797,374,314,60,423,245,3,40,57,78
S01011708,16 to 24,103,11,1,10,92,92,0,0,0,0
S01011708,25 to 34,101,41,16,25,60,57,0,3,0,0
S01011708,35 to 49,190,108,94,14,82,44,2,13,21,2
S01011708,50 to 64,220,138,129,9,82,31,1,14,23,13
S01011708,65 to 74,112,58,57,1,54,12,0,6,11,25
S01011708,75 to 84,57,18,17,1,39,4,0,3,2,30
S01011708,85 and over,14,0,0,0,14,5,0,1,0,8
S01011709,All people aged 16 and over in households,782,474,382,92,308,213,6,20,25,44
S01011709,16 to 24,118,9,1,8,109,109,0,0,0,0
S01011709,25 to 34,101,53,26,27,48,47,0,1,0,0
S01011709,35 to 49,240,180,137,43,60,37,1,10,11,1
S01011709,50 to 64,181,135,126,9,46,14,4,7,13,8
S01011709,65 to 74,89,70,66,4,19,3,1,1,1,13
S01011709,75 to 84,43,23,22,1,20,3,0,1,0,16
S01011709,85 and over,10,4,4,0,6,0,0,0,0,6
S01011710,All people aged 16 and over in households,477,241,170,71,236,144,4,13,44,31
S01011710,16 to 24,86,16,1,15,70,70,0,0,0,0
S01011710,25 to 34,88,53,18,35,35,31,2,2,0,0
S01011710,35 to 49,130,64,54,10,66,34,1,7,24,0
S01011710,50 to 64,108,79,69,10,29,4,1,4,13,7
S01011710,65 to 74,47,25,24,1,22,4,0,0,6,12
S01011710,75 to 84,14,4,4,0,10,1,0,0,1,8
S01011710,85 and over,4,0,0,0,4,0,0,0,0,4
S01011711,All people aged 16 and over in households,551,244,152,92,307,176,2,26,41,62
S01011711,16 to 24,88,15,0,15,73,73,0,0,0,0
S01011711,25 to 34,93,46,13,33,47,44,0,2,0,1
S01011711,35 to 49,138,71,41,30,67,37,1,12,17,0
S01011711,50 to 64,116,60,47,13,56,15,0,12,19,10
S01011711,65 to 74,62,34,33,1,28,6,1,0,5,16
S01011711,75 to 84,35,15,15,0,20,1,0,0,0,19
S01011711,85 and over,19,3,3,0,16,0,0,0,0,16
S01011712,All people aged 16 and over in households,461,213,136,77,248,137,7,19,32,53
S01011712,16 to 24,57,14,1,13,43,43,0,0,0,0
S01011712,25 to 34,93,45,20,25,48,40,5,3,0,0
S01011712,35 to 49,130,71,43,28,59,37,1,7,12,2
S01011712,50 to 64,97,47,36,11,50,14,0,8,17,11
S01011712,65 to 74,45,23,23,0,22,3,0,1,2,16
S01011712,75 to 84,29,10,10,0,19,0,1,0,1,17
S01011712,85 and over,10,3,3,0,7,0,0,0,0,7
S01011713,All people aged 16 and over in households,759,478,406,72,281,160,8,16,24,73
S01011713,16 to 24,88,6,1,5,82,80,1,1,0,0
S01011713,25 to 34,95,53,28,25,42,40,1,1,0,0
S01011713,35 to 49,165,127,100,27,38,19,2,7,9,1
S01011713,50 to 64,248,201,186,15,47,16,3,5,11,12
S01011713,65 to 74,94,61,61,0,33,2,0,2,4,25
S01011713,75 to 84,60,29,29,0,31,2,1,0,0,28
S01011713,85 and over,9,1,1,0,8,1,0,0,0,7
S01011714,All people aged 16 and over in households,396,298,244,54,98,67,0,14,13,4
S01011714,16 to 24,43,3,1,2,40,40,0,0,0,0
S01011714,25 to 34,76,65,41,24,11,10,0,1,0,0
S01011714,35 to 49,187,158,133,25,29,13,0,9,7,0
S01011714,50 to 64,75,62,59,3,13,3,0,2,6,2
S01011714,65 to 74,9,6,6,0,3,0,0,2,0,1
S01011714,75 to 84,5,3,3,0,2,1,0,0,0,1
S01011714,85 and over,1,1,1,0,0,0,0,0,0,0
S01011715,All people aged 16 and over in households,493,248,188,60,245,151,0,24,35,35
S01011715,16 to 24,70,12,2,10,58,58,0,0,0,0
S01011715,25 to 34,84,41,20,21,43,34,0,8,0,1
S01011715,35 to 49,144,83,56,27,61,42,0,6,12,1
S01011715,50 to 64,95,58,56,2,37,9,0,5,16,7
S01011715,65 to 74,63,38,38,0,25,5,0,2,5,13
S01011715,75 to 84,30,16,16,0,14,1,0,3,2,8
S01011715,85 and over,7,0,0,0,7,2,0,0,0,5
S01011716,All people aged 16 and over in households,701,468,382,86,233,171,0,15,23,24
S01011716,16 to 24,110,11,0,11,99,99,0,0,0,0
S01011716,25 to 34,138,97,65,32,41,38,0,2,1,0
S01011716,35 to 49,247,203,176,27,44,29,0,6,9,0
S01011716,50 to 64,142,110,99,11,32,4,0,6,11,11
S01011716,65 to 74,49,42,37,5,7,1,0,0,0,6
S01011716,75 to 84,12,4,4,0,8,0,0,1,2,5
S01011716,85 and over,3,1,1,0,2,0,0,0,0,2
S01011717,All people aged 16 and over in households,615,422,368,54,193,112,3,15,23,40
S01011717,16 to 24,65,3,0,3,62,61,0,0,1,0
S01011717,25 to 34,70,36,19,17,34,32,1,1,0,0
S01011717,35 to 49,146,126,102,24,20,11,1,5,1,2
S01011717,50 to 64,207,169,159,10,38,5,1,5,17,10
S01011717,65 to 74,96,70,70,0,26,3,0,4,4,15
S01011717,75 to 84,26,18,18,0,8,0,0,0,0,8
S01011717,85 and over,5,0,0,0,5,0,0,0,0,5
S01011718,All people aged 16 and over in households,577,414,338,76,163,116,5,14,17,11
S01011718,16 to 24,62,4,0,4,58,58,0,0,0,0
S01011718,25 to 34,160,118,89,29,42,37,0,4,1,0
S01011718,35 to 49,251,216,180,36,35,15,2,9,8,1
S01011718,50 to 64,81,64,57,7,17,5,1,0,7,4
S01011718,65 to 74,13,8,8,0,5,0,1,1,1,2
S01011718,75 to 84,9,4,4,0,5,1,1,0,0,3
S01011718,85 and over,1,0,0,0,1,0,0,0,0,1
S01011719,All people aged 16 and over in households,529,344,288,56,185,147,4,7,14,13
S01011719,16 to 24,108,5,0,5,103,103,0,0,0,0
S01011719,25 to 34,56,28,17,11,28,27,0,0,1,0
S01011719,35 to 49,194,165,135,30,29,13,2,4,8,2
S01011719,50 to 64,148,132,122,10,16,3,2,3,4,4
S01011719,65 to 74,18,13,13,0,5,1,0,0,1,3
S01011719,75 to 84,3,1,1,0,2,0,0,0,0,2
S01011719,85 and over,2,0,0,0,2,0,0,0,0,2
S01011720,All people aged 16 and over in households,465,320,288,32,145,102,2,7,10,24
S01011720,16 to 24,63,6,0,6,57,57,0,0,0,0
S01011720,25 to 34,48,20,13,7,28,26,0,2,0,0
S01011720,35 to 49,99,77,63,14,22,14,1,3,2,2
S01011720,50 to 64,164,142,137,5,22,5,1,2,6,8
S01011720,65 to 74,68,60,60,0,8,0,0,0,2,6
S01011720,75 to 84,18,12,12,0,6,0,0,0,0,6
S01011720,85 and over,5,3,3,0,2,0,0,0,0,2
S01011721,All people aged 16 and over in households,586,354,314,40,232,123,1,23,36,49
S01011721,16 to 24,60,3,1,2,57,57,0,0,0,0
S01011721,25 to 34,90,51,32,19,39,31,1,5,2,0
S01011721,35 to 49,125,85,75,10,40,25,0,6,9,0
S01011721,50 to 64,182,132,124,8,50,6,0,11,22,11
S01011721,65 to 74,83,57,56,1,26,4,0,1,1,20
S01011721,75 to 84,38,26,26,0,12,0,0,0,2,10
S01011721,85 and over,8,0,0,0,8,0,0,0,0,8
S01011722,All people aged 16 and over in households,589,318,250,68,271,134,7,17,40,73
S01011722,16 to 24,66,4,0,4,62,60,1,0,1,0
S01011722,25 to 34,76,34,13,21,42,38,0,2,2,0
S01011722,35 to 49,128,85,54,31,43,27,0,8,8,0
S01011722,50 to 64,177,125,115,10,52,8,5,5,21,13
S01011722,65 to 74,78,50,49,1,28,0,1,1,6,20
S01011722,75 to 84,53,20,19,1,33,0,0,1,2,30
S01011722,85 and over,11,0,0,0,11,1,0,0,0,10
S01011723,All people aged 16 and over in households,767,500,430,70,267,151,2,22,39,53
S01011723,16 to 24,77,9,1,8,68,68,0,0,0,0
S01011723,25 to 34,113,70,42,28,43,40,0,2,1,0
S01011723,35 to 49,218,168,142,26,50,29,1,11,9,0
S01011723,50 to 64,209,155,149,6,54,11,1,7,23,12
S01011723,65 to 74,98,77,75,2,21,1,0,1,5,14
S01011723,75 to 84,45,21,21,0,24,1,0,1,1,21
S01011723,85 and over,7,0,0,0,7,1,0,0,0,6
S01011724,All people aged 16 and over in households,525,316,228,88,209,144,3,22,25,15
S01011724,16 to 24,95,7,3,4,88,88,0,0,0,0
S01011724,25 to 34,109,69,39,30,40,30,1,8,1,0
S01011724,35 to 49,218,171,126,45,47,23,2,7,12,3
S01011724,50 to 64,88,63,55,8,25,3,0,7,11,4
S01011724,65 to 74,9,5,4,1,4,0,0,0,1,3
S01011724,75 to 84,5,1,1,0,4,0,0,0,0,4
S01011724,85 and over,1,0,0,0,1,0,0,0,0,1
S01011725,All people aged 16 and over in households,498,354,290,64,144,108,1,9,18,8
S01011725,16 to 24,92,5,1,4,87,87,0,0,0,0
S01011725,25 to 34,72,56,33,23,16,13,1,2,0,0
S01011725,35 to 49,194,172,146,26,22,6,0,6,8,2
S01011725,50 to 64,112,101,90,11,11,1,0,1,7,2
S01011725,65 to 74,19,12,12,0,7,1,0,0,3,3
S01011725,75 to 84,9,8,8,0,1,0,0,0,0,1
S01011725,85 and over,0,0,0,0,0,0,0,0,0,0
S01011726,All people aged 16 and over in households,424,300,268,32,124,85,0,11,20,8
S01011726,16 to 24,45,1,0,1,44,44,0,0,0,0
S01011726,25 to 34,84,63,48,15,21,20,0,0,1,0
S01011726,35 to 49,158,123,110,13,35,15,0,7,12,1
S01011726,50 to 64,110,92,89,3,18,6,0,3,7,2
S01011726,65 to 74,21,18,18,0,3,0,0,1,0,2
S01011726,75 to 84,5,3,3,0,2,0,0,0,0,2
S01011726,85 and over,1,0,0,0,1,0,0,0,0,1
S01011727,All people aged 16 and over in households,558,402,352,50,156,112,1,16,19,8
S01011727,16 to 24,76,5,3,2,71,71,0,0,0,0
S01011727,25 to 34,108,80,61,19,28,26,0,2,0,0
S01011727,35 to 49,249,220,197,23,29,9,1,11,8,0
S01011727,50 to 64,95,78,73,5,17,4,0,3,10,0
S01011727,65 to 74,25,17,16,1,8,2,0,0,1,5
S01011727,75 to 84,3,0,0,0,3,0,0,0,0,3
S01011727,85 and over,2,2,2,0,0,0,0,0,0,0
S01011728,All people aged 16 and over in households,767,398,314,84,369,237,8,24,39,61
S01011728,16 to 24,123,13,2,11,110,110,0,0,0,0
S01011728,25 to 34,140,70,31,39,70,62,0,7,1,0
S01011728,35 to 49,176,97,73,24,79,46,4,8,19,2
S01011728,50 to 64,201,144,136,8,57,13,2,7,19,16
S01011728,65 to 74,77,58,57,1,19,2,1,0,0,16
S01011728,75 to 84,42,16,15,1,26,4,0,2,0,20
S01011728,85 and over,8,0,0,0,8,0,1,0,0,7
S01011729,All people aged 16 and over in households,562,254,208,46,308,192,3,16,47,50
S01011729,16 to 24,79,3,0,3,76,74,1,1,0,0
S01011729,25 to 34,87,31,13,18,56,52,0,1,2,1
S01011729,35 to 49,142,77,62,15,65,44,1,4,16,0
S01011729,50 to 64,134,85,76,9,49,16,0,10,18,5
S01011729,65 to 74,76,43,43,0,33,3,1,0,9,20
S01011729,75 to 84,35,13,12,1,22,3,0,0,2,17
S01011729,85 and over,9,2,2,0,7,0,0,0,0,7
S01011730,All people aged 16 and over in households,782,476,430,46,306,163,9,29,37,68
S01011730,16 to 24,66,2,0,2,64,64,0,0,0,0
S01011730,25 to 34,91,34,14,20,57,52,2,0,3,0
S01011730,35 to 49,137,84,70,14,53,33,0,12,7,1
S01011730,50 to 64,287,228,219,9,59,12,2,13,18,14
S01011730,65 to 74,132,101,100,1,31,1,1,4,6,19
S01011730,75 to 84,62,26,26,0,36,1,4,0,3,28
S01011730,85 and over,7,1,1,0,6,0,0,0,0,6
S01011731,All people aged 16 and over in households,678,382,326,56,296,152,7,17,49,71
S01011731,16 to 24,82,8,0,8,74,74,0,0,0,0
S01011731,25 to 34,88,51,28,23,37,37,0,0,0,0
S01011731,35 to 49,168,108,90,18,60,28,6,7,17,2
S01011731,50 to 64,175,125,119,6,50,11,0,7,22,10
S01011731,65 to 74,112,71,71,0,41,0,1,3,8,29
S01011731,75 to 84,41,16,16,0,25,2,0,0,1,22
S01011731,85 and over,12,3,2,1,9,0,0,0,1,8
S01011732,All people aged 16 and over in households,680,490,448,42,190,143,2,7,11,27
S01011732,16 to 24,85,1,0,1,84,84,0,0,0,0
S01011732,25 to 34,73,34,24,10,39,38,0,1,0,0
S01011732,35 to 49,142,124,105,19,18,12,1,2,2,1
S01011732,50 to 64,270,242,232,10,28,6,1,4,8,9
S01011732,65 to 74,88,75,73,2,13,1,0,0,1,11
S01011732,75 to 84,20,13,13,0,7,1,0,0,0,6
S01011732,85 and over,2,1,1,0,1,1,0,0,0,0
S01011733,All people aged 16 and over in households,705,436,366,70,269,175,4,11,28,51
S01011733,16 to 24,85,8,2,6,77,76,1,0,0,0
S01011733,25 to 34,105,47,18,29,58,55,0,0,3,0
S01011733,35 to 49,157,111,88,23,46,33,1,4,7,1
S01011733,50 to 64,186,159,148,11,27,10,0,5,8,4
S01011733,65 to 74,117,83,82,1,34,1,1,1,10,21
S01011733,75 to 84,49,28,28,0,21,0,1,1,0,19
S01011733,85 and over,6,0,0,0,6,0,0,0,0,6
S01011734,All people aged 16 and over in households,646,368,326,42,278,169,3,27,34,45
S01011734,16 to 24,79,2,0,2,77,77,0,0,0,0
S01011734,25 to 34,81,32,20,12,49,47,0,2,0,0
S01011734,35 to 49,166,101,85,16,65,32,2,18,12,1
S01011734,50 to 64,154,126,118,8,28,6,0,4,13,5
S01011734,65 to 74,105,77,74,3,28,5,1,0,8,14
S01011734,75 to 84,54,28,28,0,26,1,0,3,1,21
S01011734,85 and over,7,2,1,1,5,1,0,0,0,4
S01011735,All people aged 16 and over in households,621,434,398,36,187,115,4,11,17,40
S01011735,16 to 24,67,2,0,2,65,65,0,0,0,0
S01011735,25 to 34,53,22,15,7,31,27,0,2,2,0
S01011735,35 to 49,142,114,96,18,28,18,0,6,3,1
S01011735,50 to 64,200,177,168,9,23,5,3,3,9,3
S01011735,65 to 74,114,96,96,0,18,0,0,0,3,15
S01011735,75 to 84,41,22,22,0,19,0,1,0,0,18
S01011735,85 and over,4,1,1,0,3,0,0,0,0,3
S01011736,All people aged 16 and over in households,578,304,226,78,274,161,4,23,47,39
S01011736,16 to 24,91,14,2,12,77,77,0,0,0,0
S01011736,25 to 34,104,56,26,30,48,39,3,3,3,0
S01011736,35 to 49,188,120,90,30,68,40,1,15,12,0
S01011736,50 to 64,108,73,67,6,35,4,0,4,22,5
S01011736,65 to 74,58,34,34,0,24,0,0,1,8,15
S01011736,75 to 84,27,7,7,0,20,1,0,0,2,17
S01011736,85 and over,2,0,0,0,2,0,0,0,0,2
S01011737,All people aged 16 and over in households,552,290,240,50,262,167,0,20,28,47
S01011737,16 to 24,94,8,0,8,86,86,0,0,0,0
S01011737,25 to 34,77,40,22,18,37,36,0,1,0,0
S01011737,35 to 49,163,105,88,17,58,33,0,13,12,0
S01011737,50 to 64,108,78,76,2,30,8,0,4,12,6
S01011737,65 to 74,63,47,44,3,16,2,0,2,2,10
S01011737,75 to 84,39,11,10,1,28,0,0,0,1,27
S01011737,85 and over,8,1,0,1,7,2,0,0,1,4
S01011738,All people aged 16 and over in households,812,406,314,92,406,259,7,41,62,37
S01011738,16 to 24,143,21,4,17,122,122,0,0,0,0
S01011738,25 to 34,137,72,31,41,65,57,1,6,1,0
S01011738,35 to 49,229,126,101,25,103,57,1,18,24,3
S01011738,50 to 64,192,124,115,9,68,16,3,16,29,4
S01011738,65 to 74,63,38,38,0,25,4,1,1,7,12
S01011738,75 to 84,43,25,25,0,18,2,1,0,1,14
S01011738,85 and over,5,0,0,0,5,1,0,0,0,4
S01011739,All people aged 16 and over in households,430,222,176,46,208,111,5,17,32,43
S01011739,16 to 24,54,1,0,1,53,52,1,0,0,0
S01011739,25 to 34,52,28,10,18,24,23,0,1,0,0
S01011739,35 to 49,126,69,49,20,57,31,1,8,15,2
S01011739,50 to 64,99,70,63,7,29,4,1,6,12,6
S01011739,65 to 74,52,30,30,0,22,0,1,2,3,16
S01011739,75 to 84,42,21,21,0,21,0,1,0,2,18
S01011739,85 and over,5,3,3,0,2,1,0,0,0,1
S01011740,All people aged 16 and over in households,602,256,176,80,346,187,20,28,69,42
S01011740,16 to 24,98,20,3,17,78,77,1,0,0,0
S01011740,25 to 34,114,39,15,24,75,49,17,6,2,1
S01011740,35 to 49,166,84,56,28,82,45,2,7,26,2
S01011740,50 to 64,124,56,45,11,68,12,0,8,34,14
S01011740,65 to 74,70,45,45,0,25,4,0,6,6,9
S01011740,75 to 84,26,11,11,0,15,0,0,1,1,13
S01011740,85 and over,4,1,1,0,3,0,0,0,0,3
S01011741,All people aged 16 and over in households,536,256,212,44,280,171,2,25,35,47
S01011741,16 to 24,83,4,1,3,79,78,0,1,0,0
S01011741,25 to 34,79,29,11,18,50,42,1,4,3,0
S01011741,35 to 49,143,81,67,14,62,39,0,11,10,2
S01011741,50 to 64,118,75,69,6,43,6,0,8,20,9
S01011741,65 to 74,70,42,39,3,28,6,1,0,2,19
S01011741,75 to 84,38,24,24,0,14,0,0,1,0,13
S01011741,85 and over,5,1,1,0,4,0,0,0,0,4
S01011742,All people aged 16 and over in households,614,342,284,58,272,151,3,25,40,53
S01011742,16 to 24,84,6,2,4,78,78,0,0,0,0
S01011742,25 to 34,82,44,27,17,38,35,1,2,0,0
S01011742,35 to 49,160,100,80,20,60,29,1,14,12,4
S01011742,50 to 64,151,109,98,11,42,8,0,7,19,8
S01011742,65 to 74,84,56,51,5,28,0,1,2,7,18
S01011742,75 to 84,49,26,25,1,23,0,0,0,2,21
S01011742,85 and over,4,1,1,0,3,1,0,0,0,2
S01011743,All people aged 16 and over in households,657,366,256,110,291,147,6,29,52,57
S01011743,16 to 24,85,16,4,12,69,69,0,0,0,0
S01011743,25 to 34,131,89,31,58,42,38,1,2,0,1
S01011743,35 to 49,144,88,63,25,56,27,1,16,11,1
S01011743,50 to 64,143,92,82,10,51,10,0,11,26,4
S01011743,65 to 74,92,56,55,1,36,2,0,0,11,23
S01011743,75 to 84,52,25,21,4,27,1,3,0,3,20
S01011743,85 and over,10,0,0,0,10,0,1,0,1,8
S01011744,All people aged 16 and over in households,715,342,228,114,373,178,8,25,67,95
S01011744,16 to 24,84,23,3,20,61,59,0,0,0,2
S01011744,25 to 34,134,81,23,58,53,48,2,3,0,0
S01011744,35 to 49,149,70,48,22,79,51,2,6,16,4
S01011744,50 to 64,149,83,73,10,66,13,2,12,29,10
S01011744,65 to 74,87,49,47,2,38,2,1,3,11,21
S01011744,75 to 84,72,26,25,1,46,5,0,1,6,34
S01011744,85 and over,40,10,9,1,30,0,1,0,5,24
S01011745,All people aged 16 and over in households,633,282,232,50,351,144,9,18,44,136
S01011745,16 to 24,62,6,2,4,56,56,0,0,0,0
S01011745,25 to 34,72,40,26,14,32,30,1,1,0,0
S01011745,35 to 49,140,72,55,17,68,37,3,12,14,2
S01011745,50 to 64,97,60,52,8,37,11,2,3,16,5
S01011745,65 to 74,117,59,53,6,58,4,0,1,13,40
S01011745,75 to 84,113,42,41,1,71,4,3,1,1,62
S01011745,85 and over,32,3,3,0,29,2,0,0,0,27
S01011746,All people aged 16 and over in households,412,206,164,42,206,115,8,18,38,27
S01011746,16 to 24,59,7,2,5,52,52,0,0,0,0
S01011746,25 to 34,58,24,8,16,34,32,2,0,0,0
S01011746,35 to 49,117,70,52,18,47,15,1,10,20,1
S01011746,50 to 64,105,67,64,3,38,12,5,4,12,5
S01011746,65 to 74,49,27,27,0,22,3,0,4,5,10
S01011746,75 to 84,23,11,11,0,12,1,0,0,1,10
S01011746,85 and over,1,0,0,0,1,0,0,0,0,1
S01011747,All people aged 16 and over in households,754,320,252,68,434,269,14,36,63,52
S01011747,16 to 24,147,15,3,12,132,131,0,1,0,0
S01011747,25 to 34,108,38,18,20,70,60,4,4,2,0
S01011747,35 to 49,215,102,79,23,113,60,5,19,27,2
S01011747,50 to 64,169,103,96,7,66,17,3,10,26,10
S01011747,65 to 74,65,35,31,4,30,1,0,2,6,21
S01011747,75 to 84,48,25,23,2,23,0,2,0,2,19
S01011747,85 and over,2,2,2,0,0,0,0,0,0,0
S01011748,All people aged 16 and over in households,647,276,204,72,371,233,7,36,58,37
S01011748,16 to 24,107,12,1,11,95,95,0,0,0,0
S01011748,25 to 34,142,55,23,32,87,78,1,4,4,0
S01011748,35 to 49,188,95,75,20,93,49,2,22,20,0
S01011748,50 to 64,125,81,73,8,44,10,4,8,19,3
S01011748,65 to 74,57,26,26,0,31,1,0,2,9,19
S01011748,75 to 84,27,7,6,1,20,0,0,0,5,15
S01011748,85 and over,1,0,0,0,1,0,0,0,1,0
S01011749,All people aged 16 and over in households,560,202,102,100,358,205,9,54,70,20
S01011749,16 to 24,146,42,0,42,104,104,0,0,0,0
S01011749,25 to 34,120,51,18,33,69,47,5,6,11,0
S01011749,35 to 49,174,68,45,23,106,41,2,30,32,1
S01011749,50 to 64,84,22,20,2,62,12,2,17,22,9
S01011749,65 to 74,28,17,17,0,11,0,0,1,4,6
S01011749,75 to 84,6,2,2,0,4,1,0,0,1,2
S01011749,85 and over,2,0,0,0,2,0,0,0,0,2
S01011750,All people aged 16 and over in households,709,352,290,62,357,195,10,30,58,64
S01011750,16 to 24,99,7,1,6,92,92,0,0,0,0
S01011750,25 to 34,111,57,38,19,54,50,0,3,1,0
S01011750,35 to 49,189,109,85,24,80,38,1,17,23,1
S01011750,50 to 64,140,86,76,10,54,11,4,6,25,8
S01011750,65 to 74,103,62,59,3,41,2,1,4,9,25
S01011750,75 to 84,58,30,30,0,28,2,4,0,0,22
S01011750,85 and over,9,1,1,0,8,0,0,0,0,8
S01011751,All people aged 16 and over in households,780,270,152,118,510,301,8,42,112,47
S01011751,16 to 24,139,29,4,25,110,110,0,0,0,0
S01011751,25 to 34,182,84,28,56,98,87,4,2,4,1
S01011751,35 to 49,223,70,43,27,153,81,2,24,41,5
S01011751,50 to 64,153,61,53,8,92,18,2,11,54,7
S01011751,65 to 74,48,13,12,1,35,5,0,4,9,17
S01011751,75 to 84,30,11,10,1,19,0,0,1,4,14
S01011751,85 and over,5,2,2,0,3,0,0,0,0,3
S01011752,All people aged 16 and over in households,750,352,242,110,398,229,6,32,64,67
S01011752,16 to 24,88,18,1,17,70,70,0,0,0,0
S01011752,25 to 34,166,87,35,52,79,69,3,2,3,2
S01011752,35 to 49,210,94,66,28,116,69,2,19,23,3
S01011752,50 to 64,152,87,76,11,65,18,1,8,29,9
S01011752,65 to 74,71,44,42,2,27,2,0,2,5,18
S01011752,75 to 84,56,21,21,0,35,0,0,1,4,30
S01011752,85 and over,7,1,1,0,6,1,0,0,0,5
S01011753,All people aged 16 and over in households,660,404,312,92,256,154,0,13,36,53
S01011753,16 to 24,74,14,0,14,60,60,0,0,0,0
S01011753,25 to 34,107,59,18,41,48,47,0,1,0,0
S01011753,35 to 49,161,104,74,30,57,39,0,6,11,1
S01011753,50 to 64,160,128,122,6,32,7,0,2,18,5
S01011753,65 to 74,100,68,67,1,32,0,0,3,5,24
S01011753,75 to 84,49,28,28,0,21,1,0,0,1,19
S01011753,85 and over,9,3,3,0,6,0,0,1,1,4
S01011754,All people aged 16 and over in households,619,348,302,46,271,149,5,15,45,57
S01011754,16 to 24,91,5,0,5,86,86,0,0,0,0
S01011754,25 to 34,74,46,37,9,28,26,0,1,1,0
S01011754,35 to 49,143,100,73,27,43,22,3,6,12,0
S01011754,50 to 64,151,101,98,3,50,13,1,7,22,7
S01011754,65 to 74,84,58,57,1,26,0,1,1,7,17
S01011754,75 to 84,64,37,36,1,27,2,0,0,3,22
S01011754,85 and over,12,1,1,0,11,0,0,0,0,11
S01011755,All people aged 16 and over in households,761,378,290,88,383,249,4,32,55,43
S01011755,16 to 24,106,15,2,13,91,91,0,0,0,0
S01011755,25 to 34,150,71,30,41,79,67,3,7,2,0
S01011755,35 to 49,242,125,101,24,117,77,0,18,21,1
S01011755,50 to 64,166,115,109,6,51,10,0,5,24,12
S01011755,65 to 74,64,42,40,2,22,3,1,2,8,8
S01011755,75 to 84,27,10,8,2,17,1,0,0,0,16
S01011755,85 and over,6,0,0,0,6,0,0,0,0,6
S01011756,All people aged 16 and over in households,783,398,312,86,385,249,2,22,71,41
S01011756,16 to 24,129,14,1,13,115,115,0,0,0,0
S01011756,25 to 34,141,63,33,30,78,73,0,4,1,0
S01011756,35 to 49,220,133,106,27,87,47,0,12,28,0
S01011756,50 to 64,176,122,106,16,54,10,2,6,30,6
S01011756,65 to 74,79,50,50,0,29,3,0,0,12,14
S01011756,75 to 84,32,14,14,0,18,1,0,0,0,17
S01011756,85 and over,6,2,2,0,4,0,0,0,0,4
S01011757,All people aged 16 and over in households,572,300,216,84,272,146,2,25,32,67
S01011757,16 to 24,76,14,2,12,62,62,0,0,0,0
S01011757,25 to 34,105,54,23,31,51,46,0,3,1,1
S01011757,35 to 49,138,91,61,30,47,24,1,11,10,1
S01011757,50 to 64,143,95,86,9,48,11,0,9,14,14
S01011757,65 to 74,57,33,32,1,24,0,0,2,7,15
S01011757,75 to 84,38,12,11,1,26,2,0,0,0,24
S01011757,85 and over,15,1,1,0,14,1,1,0,0,12
S01011758,All people aged 16 and over in households,498,282,232,50,216,133,0,16,41,26
S01011758,16 to 24,76,4,0,4,72,72,0,0,0,0
S01011758,25 to 34,77,45,26,19,32,29,0,2,1,0
S01011758,35 to 49,141,90,67,23,51,29,0,7,15,0
S01011758,50 to 64,128,94,90,4,34,1,0,3,20,10
S01011758,65 to 74,57,40,40,0,17,1,0,4,5,7
S01011758,75 to 84,18,9,9,0,9,1,0,0,0,8
S01011758,85 and over,1,0,0,0,1,0,0,0,0,1
S01011759,All people aged 16 and over in households,670,416,356,60,254,139,2,14,52,47
S01011759,16 to 24,78,1,0,1,77,77,0,0,0,0
S01011759,25 to 34,78,37,18,19,41,35,1,2,2,1
S01011759,35 to 49,168,122,89,33,46,21,0,7,17,1
S01011759,50 to 64,187,145,138,7,42,5,0,4,21,12
S01011759,65 to 74,116,84,84,0,32,1,0,1,12,18
S01011759,75 to 84,32,23,23,0,9,0,0,0,0,9
S01011759,85 and over,11,4,4,0,7,0,1,0,0,6
S01011760,All people aged 16 and over in households,729,392,274,118,337,199,5,23,63,47
S01011760,16 to 24,106,18,0,18,88,88,0,0,0,0
S01011760,25 to 34,144,76,27,49,68,62,0,4,2,0
S01011760,35 to 49,183,108,73,35,75,36,0,10,28,1
S01011760,50 to 64,155,109,95,14,46,9,2,5,25,5
S01011760,65 to 74,109,67,65,2,42,3,2,4,5,28
S01011760,75 to 84,28,13,13,0,15,1,1,0,3,10
S01011760,85 and over,4,1,1,0,3,0,0,0,0,3
S01011761,All people aged 16 and over in households,507,280,198,82,227,142,1,29,27,28
S01011761,16 to 24,68,12,4,8,56,56,0,0,0,0
S01011761,25 to 34,129,67,33,34,62,54,1,7,0,0
S01011761,35 to 49,172,116,86,30,56,26,0,14,16,0
S01011761,50 to 64,93,65,55,10,28,5,0,7,9,7
S01011761,65 to 74,30,17,17,0,13,0,0,1,2,10
S01011761,75 to 84,11,3,3,0,8,1,0,0,0,7
S01011761,85 and over,4,0,0,0,4,0,0,0,0,4
S01011762,All people aged 16 and over in households,532,214,148,66,318,204,2,21,47,44
S01011762,16 to 24,105,12,3,9,93,93,0,0,0,0
S01011762,25 to 34,115,50,15,35,65,61,0,3,1,0
S01011762,35 to 49,131,60,42,18,71,38,0,10,23,0
S01011762,50 to 64,92,47,43,4,45,9,2,6,19,9
S01011762,65 to 74,60,35,35,0,25,1,0,2,4,18
S01011762,75 to 84,28,10,10,0,18,2,0,0,0,16
S01011762,85 and over,1,0,0,0,1,0,0,0,0,1
S01011763,All people aged 16 and over in households,653,386,342,44,267,151,4,22,25,65
S01011763,16 to 24,74,1,0,1,73,72,1,0,0,0
S01011763,25 to 34,86,51,33,18,35,31,1,3,0,0
S01011763,35 to 49,153,103,86,17,50,34,1,8,6,1
S01011763,50 to 64,216,166,160,6,50,7,1,9,16,17
S01011763,65 to 74,74,49,49,0,25,4,0,2,3,16
S01011763,75 to 84,31,15,13,2,16,1,0,0,0,15
S01011763,85 and over,19,1,1,0,18,2,0,0,0,16
S01011764,All people aged 16 and over in households,332,198,182,16,134,93,7,7,11,16
S01011764,16 to 24,62,1,0,1,61,61,0,0,0,0
S01011764,25 to 34,40,20,15,5,20,19,0,1,0,0
S01011764,35 to 49,86,63,54,9,23,10,5,4,4,0
S01011764,50 to 64,98,79,78,1,19,3,1,2,6,7
S01011764,65 to 74,40,31,31,0,9,0,1,0,1,7
S01011764,75 to 84,4,4,4,0,0,0,0,0,0,0
S01011764,85 and over,2,0,0,0,2,0,0,0,0,2
S01011765,All people aged 16 and over in households,818,534,468,66,284,207,3,23,23,28
S01011765,16 to 24,149,5,0,5,144,143,1,0,0,0
S01011765,25 to 34,111,66,37,29,45,40,0,4,1,0
S01011765,35 to 49,237,195,170,25,42,19,1,12,9,1
S01011765,50 to 64,246,212,206,6,34,5,0,6,9,14
S01011765,65 to 74,56,44,43,1,12,0,0,0,4,8
S01011765,75 to 84,17,11,11,0,6,0,1,1,0,4
S01011765,85 and over,2,1,1,0,1,0,0,0,0,1
S01011766,All people aged 16 and over in households,416,300,272,28,116,68,3,7,20,18
S01011766,16 to 24,48,2,0,2,46,46,0,0,0,0
S01011766,25 to 34,30,20,15,5,10,8,2,0,0,0
S01011766,35 to 49,135,109,97,12,26,11,1,4,9,1
S01011766,50 to 64,136,118,109,9,18,2,0,3,9,4
S01011766,65 to 74,46,37,37,0,9,0,0,0,2,7
S01011766,75 to 84,20,13,13,0,7,1,0,0,0,6
S01011766,85 and over,1,1,1,0,0,0,0,0,0,0
S01011767,All people aged 16 and over in households,744,352,296,56,392,216,5,20,70,81
S01011767,16 to 24,107,16,8,8,91,89,0,0,0,2
S01011767,25 to 34,95,32,15,17,63,55,2,5,1,0
S01011767,35 to 49,150,79,62,17,71,56,0,4,11,0
S01011767,50 to 64,210,135,122,13,75,10,1,11,41,12
S01011767,65 to 74,101,61,60,1,40,1,1,0,11,27
S01011767,75 to 84,64,26,26,0,38,4,0,0,5,29
S01011767,85 and over,17,3,3,0,14,1,1,0,1,11
S01011768,All people aged 16 and over in households,547,266,202,64,281,180,0,30,55,16
S01011768,16 to 24,84,16,3,13,68,67,0,1,0,0
S01011768,25 to 34,114,48,19,29,66,61,0,4,1,0
S01011768,35 to 49,169,96,77,19,73,38,0,13,22,0
S01011768,50 to 64,100,57,56,1,43,10,0,7,21,5
S01011768,65 to 74,54,36,34,2,18,2,0,5,7,4
S01011768,75 to 84,24,13,13,0,11,2,0,0,3,6
S01011768,85 and over,2,0,0,0,2,0,0,0,1,1
S01011769,All people aged 16 and over in households,522,254,208,46,268,131,3,29,52,53
S01011769,16 to 24,57,12,4,8,45,44,0,0,1,0
S01011769,25 to 34,70,36,17,19,34,32,0,2,0,0
S01011769,35 to 49,117,43,30,13,74,37,1,18,18,0
S01011769,50 to 64,120,69,65,4,51,10,1,8,24,8
S01011769,65 to 74,96,68,66,2,28,5,0,1,8,14
S01011769,75 to 84,54,23,23,0,31,2,1,0,1,27
S01011769,85 and over,8,3,3,0,5,1,0,0,0,4
S01011770,All people aged 16 and over in households,680,306,242,64,374,211,2,34,64,63
S01011770,16 to 24,90,13,2,11,77,77,0,0,0,0
S01011770,25 to 34,127,69,35,34,58,55,1,2,0,0
S01011770,35 to 49,153,76,60,16,77,40,0,16,19,2
S01011770,50 to 64,150,73,70,3,77,25,0,10,32,10
S01011770,65 to 74,86,42,42,0,44,6,1,4,13,20
S01011770,75 to 84,56,26,26,0,30,5,0,1,0,24
S01011770,85 and over,18,7,7,0,11,3,0,1,0,7
S01011771,All people aged 16 and over in households,531,376,336,40,155,109,2,14,20,10
S01011771,16 to 24,79,2,0,2,77,77,0,0,0,0
S01011771,25 to 34,72,49,39,10,23,20,0,0,3,0
S01011771,35 to 49,177,155,138,17,22,7,1,9,4,1
S01011771,50 to 64,158,138,128,10,20,4,1,4,10,1
S01011771,65 to 74,36,28,27,1,8,0,0,0,3,5
S01011771,75 to 84,7,4,4,0,3,0,0,1,0,2
S01011771,85 and over,2,0,0,0,2,1,0,0,0,1
S01011772,All people aged 16 and over in households,886,644,602,42,242,172,5,16,11,38
S01011772,16 to 24,140,2,0,2,138,138,0,0,0,0
S01011772,25 to 34,48,30,23,7,18,15,2,1,0,0
S01011772,35 to 49,269,239,219,20,30,11,0,12,7,0
S01011772,50 to 64,286,267,256,11,19,4,2,3,3,7
S01011772,65 to 74,105,88,86,2,17,2,0,0,1,14
S01011772,75 to 84,36,18,18,0,18,2,1,0,0,15
S01011772,85 and over,2,0,0,0,2,0,0,0,0,2
S01011773,All people aged 16 and over in households,447,320,276,44,127,99,1,10,11,6
S01011773,16 to 24,73,2,1,1,71,71,0,0,0,0
S01011773,25 to 34,67,46,30,16,21,18,0,2,1,0
S01011773,35 to 49,192,174,153,21,18,8,0,4,5,1
S01011773,50 to 64,92,83,77,6,9,2,1,3,1,2
S01011773,65 to 74,15,9,9,0,6,0,0,1,4,1
S01011773,75 to 84,7,6,6,0,1,0,0,0,0,1
S01011773,85 and over,1,0,0,0,1,0,0,0,0,1
S01011774,All people aged 16 and over in households,692,428,374,54,264,171,3,31,41,18
S01011774,16 to 24,112,1,0,1,111,111,0,0,0,0
S01011774,25 to 34,92,58,40,18,34,31,0,3,0,0
S01011774,35 to 49,298,242,214,28,56,22,2,20,12,0
S01011774,50 to 64,150,113,106,7,37,5,0,5,23,4
S01011774,65 to 74,26,10,10,0,16,0,0,3,6,7
S01011774,75 to 84,13,4,4,0,9,2,1,0,0,6
S01011774,85 and over,1,0,0,0,1,0,0,0,0,1
S01011775,All people aged 16 and over in households,480,346,304,42,134,87,4,17,21,5
S01011775,16 to 24,62,0,0,0,62,61,1,0,0,0
S01011775,25 to 34,59,41,37,4,18,15,0,3,0,0
S01011775,35 to 49,236,207,174,33,29,8,1,9,10,1
S01011775,50 to 64,85,68,65,3,17,2,2,3,9,1
S01011775,65 to 74,21,16,14,2,5,0,0,2,2,1
S01011775,75 to 84,16,14,14,0,2,1,0,0,0,1
S01011775,85 and over,1,0,0,0,1,0,0,0,0,1
S01011776,All people aged 16 and over in households,733,580,506,74,153,105,12,14,7,15
S01011776,16 to 24,86,9,0,9,77,77,0,0,0,0
S01011776,25 to 34,95,75,51,24,20,14,5,1,0,0
S01011776,35 to 49,381,352,318,34,29,9,3,11,2,4
S01011776,50 to 64,128,112,105,7,16,4,4,2,5,1
S01011776,65 to 74,30,25,25,0,5,1,0,0,0,4
S01011776,75 to 84,13,7,7,0,6,0,0,0,0,6
S01011776,85 and over,0,0,0,0,0,0,0,0,0,0
S01011777,All people aged 16 and over in households,477,328,266,62,149,85,2,15,27,20
S01011777,16 to 24,41,6,0,6,35,35,0,0,0,0
S01011777,25 to 34,73,52,34,18,21,19,1,0,1,0
S01011777,35 to 49,209,166,138,28,43,24,1,8,8,2
S01011777,50 to 64,95,70,61,9,25,3,0,7,11,4
S01011777,65 to 74,42,27,26,1,15,2,0,0,6,7
S01011777,75 to 84,14,7,7,0,7,1,0,0,1,5
S01011777,85 and over,3,0,0,0,3,1,0,0,0,2
S01011778,All people aged 16 and over in households,493,300,250,50,193,115,1,14,37,26
S01011778,16 to 24,74,6,0,6,68,68,0,0,0,0
S01011778,25 to 34,86,57,34,23,29,29,0,0,0,0
S01011778,35 to 49,170,139,123,16,31,12,0,8,11,0
S01011778,50 to 64,102,77,74,3,25,4,1,3,14,3
S01011778,65 to 74,33,14,14,0,19,2,0,2,8,7
S01011778,75 to 84,23,7,5,2,16,0,0,1,4,11
S01011778,85 and over,5,0,0,0,5,0,0,0,0,5
S01011779,All people aged 16 and over in households,640,458,410,48,182,111,5,7,19,40
S01011779,16 to 24,66,1,0,1,65,65,0,0,0,0
S01011779,25 to 34,86,61,35,26,25,23,2,0,0,0
S01011779,35 to 49,197,170,158,12,27,14,1,4,7,1
S01011779,50 to 64,163,145,136,9,18,7,0,0,6,5
S01011779,65 to 74,83,59,59,0,24,2,1,3,4,14
S01011779,75 to 84,42,20,20,0,22,0,1,0,2,19
S01011779,85 and over,3,2,2,0,1,0,0,0,0,1
S01011780,All people aged 16 and over in households,728,520,472,48,208,154,8,1,18,27
S01011780,16 to 24,110,2,1,1,108,108,0,0,0,0
S01011780,25 to 34,56,27,18,9,29,27,1,0,1,0
S01011780,35 to 49,252,226,204,22,26,16,1,1,7,1
S01011780,50 to 64,231,210,196,14,21,3,3,0,8,7
S01011780,65 to 74,60,47,46,1,13,0,1,0,2,10
S01011780,75 to 84,17,8,7,1,9,0,2,0,0,7
S01011780,85 and over,2,0,0,0,2,0,0,0,0,2
S01011781,All people aged 16 and over in households,459,312,278,34,147,100,2,8,15,22
S01011781,16 to 24,75,2,0,2,73,73,0,0,0,0
S01011781,25 to 34,25,14,8,6,11,11,0,0,0,0
S01011781,35 to 49,160,140,120,20,20,9,1,6,3,1
S01011781,50 to 64,131,113,108,5,18,4,0,0,8,6
S01011781,65 to 74,46,31,31,0,15,3,1,1,3,7
S01011781,75 to 84,19,12,11,1,7,0,0,1,0,6
S01011781,85 and over,3,0,0,0,3,0,0,0,1,2
S01011782,All people aged 16 and over in households,582,390,368,22,192,124,1,8,28,31
S01011782,16 to 24,85,3,0,3,82,82,0,0,0,0
S01011782,25 to 34,59,29,22,7,30,28,0,0,2,0
S01011782,35 to 49,124,110,104,6,14,6,0,2,5,1
S01011782,50 to 64,214,178,174,4,36,7,1,6,15,7
S01011782,65 to 74,74,57,55,2,17,0,0,0,4,13
S01011782,75 to 84,21,10,10,0,11,0,0,0,2,9
S01011782,85 and over,5,3,3,0,2,1,0,0,0,1
S01011783,All people aged 16 and over in households,486,334,298,36,152,115,0,10,10,17
S01011783,16 to 24,76,2,0,2,74,74,0,0,0,0
S01011783,25 to 34,57,29,17,12,28,28,0,0,0,0
S01011783,35 to 49,111,95,82,13,16,11,0,2,3,0
S01011783,50 to 64,172,153,144,9,19,2,0,7,5,5
S01011783,65 to 74,48,39,39,0,9,0,0,1,2,6
S01011783,75 to 84,20,14,14,0,6,0,0,0,0,6
S01011783,85 and over,2,2,2,0,0,0,0,0,0,0
S01011784,All people aged 16 and over in households,660,350,278,72,310,189,3,18,47,53
S01011784,16 to 24,93,7,0,7,86,86,0,0,0,0
S01011784,25 to 34,100,44,21,23,56,51,0,3,2,0
S01011784,35 to 49,163,98,75,23,65,36,2,9,17,1
S01011784,50 to 64,208,159,143,16,49,14,0,3,19,13
S01011784,65 to 74,51,23,21,2,28,2,0,3,8,15
S01011784,75 to 84,35,18,17,1,17,0,0,0,1,16
S01011784,85 and over,10,1,1,0,9,0,1,0,0,8
S01011785,All people aged 16 and over in households,711,402,358,44,309,159,4,17,50,79
S01011785,16 to 24,67,2,0,2,65,65,0,0,0,0
S01011785,25 to 34,109,47,24,23,62,59,1,0,1,1
S01011785,35 to 49,144,98,84,14,46,23,0,10,13,0
S01011785,50 to 64,230,176,171,5,54,8,2,7,24,13
S01011785,65 to 74,84,50,50,0,34,3,0,0,9,22
S01011785,75 to 84,60,27,27,0,33,1,1,0,3,28
S01011785,85 and over,17,2,2,0,15,0,0,0,0,15
S01011786,All people aged 16 and over in households,296,218,174,44,78,57,3,5,7,6
S01011786,16 to 24,50,2,0,2,48,47,0,0,0,1
S01011786,25 to 34,80,75,54,21,5,4,0,1,0,0
S01011786,35 to 49,123,107,93,14,16,5,1,4,5,1
S01011786,50 to 64,33,29,23,6,4,1,1,0,0,2
S01011786,65 to 74,7,4,3,1,3,0,1,0,1,1
S01011786,75 to 84,2,1,1,0,1,0,0,0,1,0
S01011786,85 and over,1,0,0,0,1,0,0,0,0,1
S01011787,All people aged 16 and over in households,822,360,292,68,462,290,10,22,52,88
S01011787,16 to 24,131,7,1,6,124,124,0,0,0,0
S01011787,25 to 34,113,50,28,22,63,56,2,4,1,0
S01011787,35 to 49,240,129,102,27,111,72,3,12,22,2
S01011787,50 to 64,164,103,90,13,61,20,0,5,24,12
S01011787,65 to 74,103,53,53,0,50,11,1,1,5,32
S01011787,75 to 84,57,17,17,0,40,6,4,0,0,30
S01011787,85 and over,14,1,1,0,13,1,0,0,0,12
S01011788,All people aged 16 and over in households,513,406,366,40,107,82,1,7,5,12
S01011788,16 to 24,68,2,0,2,66,66,0,0,0,0
S01011788,25 to 34,38,26,25,1,12,11,0,1,0,0
S01011788,35 to 49,223,212,188,24,11,4,1,3,1,2
S01011788,50 to 64,141,132,121,11,9,1,0,3,3,2
S01011788,65 to 74,26,25,23,2,1,0,0,0,1,0
S01011788,75 to 84,15,9,9,0,6,0,0,0,0,6
S01011788,85 and over,2,0,0,0,2,0,0,0,0,2
S01011789,All people aged 16 and over in households,550,342,312,30,208,117,3,8,33,47
S01011789,16 to 24,60,8,0,8,52,50,1,0,0,1
S01011789,25 to 34,51,21,16,5,30,28,1,0,1,0
S01011789,35 to 49,145,97,90,7,48,25,0,6,15,2
S01011789,50 to 64,162,134,128,6,28,6,0,2,12,8
S01011789,65 to 74,83,65,62,3,18,3,1,0,5,9
S01011789,75 to 84,40,16,15,1,24,3,0,0,0,21
S01011789,85 and over,9,1,1,0,8,2,0,0,0,6
S01011790,All people aged 16 and over in households,778,452,358,94,326,214,4,22,43,43
S01011790,16 to 24,123,13,1,12,110,107,0,0,0,3
S01011790,25 to 34,136,76,45,31,60,47,1,8,3,1
S01011790,35 to 49,217,151,117,34,66,42,0,7,11,6
S01011790,50 to 64,203,153,137,16,50,8,1,7,22,12
S01011790,65 to 74,70,49,48,1,21,7,0,0,6,8
S01011790,75 to 84,26,10,10,0,16,3,2,0,1,10
S01011790,85 and over,3,0,0,0,3,0,0,0,0,3
S01011791,All people aged 16 and over in households,610,326,254,72,284,170,3,21,44,46
S01011791,16 to 24,90,19,2,17,71,71,0,0,0,0
S01011791,25 to 34,100,50,21,29,50,42,1,5,1,1
S01011791,35 to 49,139,95,80,15,44,24,0,7,12,1
S01011791,50 to 64,153,91,84,7,62,23,0,8,25,6
S01011791,65 to 74,65,37,36,1,28,5,1,1,5,16
S01011791,75 to 84,52,29,26,3,23,5,0,0,1,17
S01011791,85 and over,11,5,5,0,6,0,1,0,0,5
S01011792,All people aged 16 and over in households,784,376,306,70,408,185,6,28,57,132
S01011792,16 to 24,63,13,3,10,50,50,0,0,0,0
S01011792,25 to 34,101,46,22,24,55,50,1,3,1,0
S01011792,35 to 49,167,101,86,15,66,42,2,10,11,1
S01011792,50 to 64,177,113,101,12,64,19,1,7,21,16
S01011792,65 to 74,130,65,59,6,65,11,1,5,18,30
S01011792,75 to 84,111,32,29,3,79,10,1,3,6,59
S01011792,85 and over,35,6,6,0,29,3,0,0,0,26
S01011793,All people aged 16 and over in households,586,342,270,72,244,132,3,11,33,65
S01011793,16 to 24,60,6,0,6,54,54,0,0,0,0
S01011793,25 to 34,90,54,25,29,36,36,0,0,0,0
S01011793,35 to 49,135,100,76,24,35,16,2,6,9,2
S01011793,50 to 64,162,125,114,11,37,14,0,2,14,7
S01011793,65 to 74,68,37,37,0,31,10,1,1,4,15
S01011793,75 to 84,55,19,17,2,36,2,0,2,6,26
S01011793,85 and over,16,1,1,0,15,0,0,0,0,15
S01011794,All people aged 16 and over in households,709,400,328,72,309,159,6,22,67,55
S01011794,16 to 24,79,11,3,8,68,68,0,0,0,0
S01011794,25 to 34,113,61,34,27,52,42,0,6,3,1
S01011794,35 to 49,195,130,106,24,65,32,3,11,19,0
S01011794,50 to 64,180,119,110,9,61,8,1,5,28,19
S01011794,65 to 74,102,60,56,4,42,7,1,0,14,20
S01011794,75 to 84,32,15,15,0,17,0,1,0,3,13
S01011794,85 and over,8,4,4,0,4,2,0,0,0,2
S01011795,All people aged 16 and over in households,515,274,216,58,241,156,1,19,37,28
S01011795,16 to 24,63,7,1,6,56,56,0,0,0,0
S01011795,25 to 34,89,34,14,20,55,51,0,3,1,0
S01011795,35 to 49,122,71,47,24,51,29,0,7,13,2
S01011795,50 to 64,147,108,100,8,39,11,0,9,13,6
S01011795,65 to 74,56,39,39,0,17,2,0,0,10,5
S01011795,75 to 84,31,14,14,0,17,5,1,0,0,11
S01011795,85 and over,7,1,1,0,6,2,0,0,0,4
S01011796,All people aged 16 and over in households,599,260,186,74,339,199,2,26,58,54
S01011796,16 to 24,100,14,2,12,86,86,0,0,0,0
S01011796,25 to 34,108,48,20,28,60,53,0,5,2,0
S01011796,35 to 49,168,98,77,21,70,30,0,10,26,4
S01011796,50 to 64,118,62,51,11,56,18,1,8,20,9
S01011796,65 to 74,60,25,23,2,35,9,0,2,9,15
S01011796,75 to 84,36,12,12,0,24,3,1,1,1,18
S01011796,85 and over,9,1,1,0,8,0,0,0,0,8
S01011797,All people aged 16 and over in households,855,592,542,50,263,184,4,15,14,46
S01011797,16 to 24,136,4,0,4,132,132,0,0,0,0
S01011797,25 to 34,71,43,38,5,28,22,1,5,0,0
S01011797,35 to 49,238,210,190,20,28,14,2,4,6,2
S01011797,50 to 64,259,233,214,19,26,9,1,6,7,3
S01011797,65 to 74,96,73,71,2,23,6,0,0,1,16
S01011797,75 to 84,46,27,27,0,19,1,0,0,0,18
S01011797,85 and over,9,2,2,0,7,0,0,0,0,7
S01011798,All people aged 16 and over in households,453,244,162,82,209,124,1,21,24,39
S01011798,16 to 24,68,12,0,12,56,56,0,0,0,0
S01011798,25 to 34,79,37,11,26,42,39,0,3,0,0
S01011798,35 to 49,117,76,44,32,41,19,1,8,11,2
S01011798,50 to 64,105,73,63,10,32,8,0,10,11,3
S01011798,65 to 74,42,28,26,2,14,0,0,0,1,13
S01011798,75 to 84,34,17,17,0,17,2,0,0,1,14
S01011798,85 and over,8,1,1,0,7,0,0,0,0,7
S01011799,All people aged 16 and over in households,757,484,444,40,273,174,1,18,34,46
S01011799,16 to 24,103,7,0,7,96,96,0,0,0,0
S01011799,25 to 34,75,27,22,5,48,44,0,2,2,0
S01011799,35 to 49,188,137,121,16,51,29,1,9,11,1
S01011799,50 to 64,231,199,191,8,32,3,0,6,15,8
S01011799,65 to 74,107,86,83,3,21,2,0,1,5,13
S01011799,75 to 84,43,28,27,1,15,0,0,0,1,14
S01011799,85 and over,10,0,0,0,10,0,0,0,0,10
S01011800,All people aged 16 and over in households,425,258,224,34,167,96,3,10,22,36
S01011800,16 to 24,43,6,0,6,37,37,0,0,0,0
S01011800,25 to 34,50,25,13,12,25,22,0,3,0,0
S01011800,35 to 49,111,78,65,13,33,18,1,4,8,2
S01011800,50 to 64,114,91,88,3,23,10,0,2,8,3
S01011800,65 to 74,60,38,38,0,22,7,0,1,6,8
S01011800,75 to 84,37,20,20,0,17,1,0,0,0,16
S01011800,85 and over,10,0,0,0,10,1,2,0,0,7
S01011801,All people aged 16 and over in households,456,246,198,48,210,145,1,17,29,18
S01011801,16 to 24,81,11,0,11,70,70,0,0,0,0
S01011801,25 to 34,88,50,31,19,38,32,1,4,1,0
S01011801,35 to 49,116,66,55,11,50,29,0,8,12,1
S01011801,50 to 64,108,81,78,3,27,8,0,5,13,1
S01011801,65 to 74,47,31,28,3,16,4,0,0,3,9
S01011801,75 to 84,12,7,6,1,5,2,0,0,0,3
S01011801,85 and over,4,0,0,0,4,0,0,0,0,4
S01011802,All people aged 16 and over in households,582,288,248,40,294,151,1,29,35,78
S01011802,16 to 24,61,6,5,1,55,54,0,1,0,0
S01011802,25 to 34,96,45,27,18,51,44,0,6,1,0
S01011802,35 to 49,150,82,68,14,68,39,0,12,17,0
S01011802,50 to 64,102,66,61,5,36,9,1,7,10,9
S01011802,65 to 74,85,54,52,2,31,3,0,3,6,19
S01011802,75 to 84,69,31,31,0,38,2,0,0,1,35
S01011802,85 and over,19,4,4,0,15,0,0,0,0,15
S01011803,All people aged 16 and over in households,465,268,240,28,197,117,4,23,28,25
S01011803,16 to 24,67,3,3,0,64,64,0,0,0,0
S01011803,25 to 34,52,26,23,3,26,21,0,4,1,0
S01011803,35 to 49,134,96,77,19,38,19,2,10,7,0
S01011803,50 to 64,126,90,87,3,36,9,1,7,15,4
S01011803,65 to 74,56,43,41,2,13,3,1,1,2,6
S01011803,75 to 84,24,9,8,1,15,1,0,1,3,10
S01011803,85 and over,6,1,1,0,5,0,0,0,0,5
S01011804,All people aged 16 and over in households,603,308,216,92,295,146,3,25,62,59
S01011804,16 to 24,55,8,2,6,47,47,0,0,0,0
S01011804,25 to 34,87,52,15,37,35,31,0,3,0,1
S01011804,35 to 49,158,83,52,31,75,37,1,11,24,2
S01011804,50 to 64,166,107,92,15,59,21,1,8,22,7
S01011804,65 to 74,79,38,35,3,41,8,1,1,14,17
S01011804,75 to 84,38,15,15,0,23,1,0,1,2,19
S01011804,85 and over,20,5,5,0,15,1,0,1,0,13
S01011805,All people aged 16 and over in households,468,236,192,44,232,130,7,15,41,39
S01011805,16 to 24,58,4,0,4,54,54,0,0,0,0
S01011805,25 to 34,60,24,6,18,36,36,0,0,0,0
S01011805,35 to 49,120,81,65,16,39,22,1,7,8,1
S01011805,50 to 64,114,65,60,5,49,13,5,7,21,3
S01011805,65 to 74,65,39,38,1,26,2,1,1,8,14
S01011805,75 to 84,40,20,20,0,20,2,0,0,4,14
S01011805,85 and over,11,3,3,0,8,1,0,0,0,7
S01011806,All people aged 16 and over in households,627,404,332,72,223,119,3,15,35,51
S01011806,16 to 24,66,16,8,8,50,50,0,0,0,0
S01011806,25 to 34,66,33,16,17,33,31,0,1,1,0
S01011806,35 to 49,158,127,99,28,31,12,1,9,8,1
S01011806,50 to 64,165,124,109,15,41,14,0,5,15,7
S01011806,65 to 74,105,77,73,4,28,5,1,0,9,13
S01011806,75 to 84,51,26,26,0,25,3,0,0,2,20
S01011806,85 and over,16,1,1,0,15,4,1,0,0,10
S01011807,All people aged 16 and over in households,886,594,492,102,292,177,12,15,28,60
S01011807,16 to 24,97,17,1,16,80,79,0,0,1,0
S01011807,25 to 34,68,35,21,14,33,32,0,0,0,1
S01011807,35 to 49,225,174,138,36,51,35,3,8,5,0
S01011807,50 to 64,283,226,199,27,57,18,1,6,18,14
S01011807,65 to 74,149,114,107,7,35,10,3,1,4,17
S01011807,75 to 84,52,26,24,2,26,3,5,0,0,18
S01011807,85 and over,12,2,2,0,10,0,0,0,0,10
S01011808,All people aged 16 and over in households,521,310,248,62,211,119,2,17,27,46
S01011808,16 to 24,77,15,0,15,62,61,0,0,0,1
S01011808,25 to 34,68,34,20,14,34,27,0,7,0,0
S01011808,35 to 49,138,113,90,23,25,18,0,4,3,0
S01011808,50 to 64,110,80,74,6,30,8,1,6,12,3
S01011808,65 to 74,62,38,34,4,24,1,0,0,9,14
S01011808,75 to 84,54,28,28,0,26,2,1,0,3,20
S01011808,85 and over,12,2,2,0,10,2,0,0,0,8
S01011809,All people aged 16 and over in households,593,416,348,68,177,113,4,7,17,36
S01011809,16 to 24,65,15,1,14,50,50,0,0,0,0
S01011809,25 to 34,50,30,19,11,20,19,0,1,0,0
S01011809,35 to 49,176,144,114,30,32,20,1,1,7,3
S01011809,50 to 64,178,153,142,11,25,13,0,4,6,2
S01011809,65 to 74,85,61,59,2,24,7,1,1,4,11
S01011809,75 to 84,29,13,13,0,16,3,1,0,0,12
S01011809,85 and over,10,0,0,0,10,1,1,0,0,8
S01011810,All people aged 16 and over in households,783,534,456,78,249,135,5,12,33,64
S01011810,16 to 24,66,12,5,7,54,54,0,0,0,0
S01011810,25 to 34,96,71,43,28,25,21,0,1,3,0
S01011810,35 to 49,198,150,127,23,48,28,1,6,10,3
S01011810,50 to 64,242,188,170,18,54,19,2,3,14,16
S01011810,65 to 74,105,83,81,2,22,5,2,2,4,9
S01011810,75 to 84,61,28,28,0,33,7,0,0,2,24
S01011810,85 and over,15,2,2,0,13,1,0,0,0,12
S01011811,All people aged 16 and over in households,847,596,518,78,251,141,4,9,31,66
S01011811,16 to 24,78,10,3,7,68,68,0,0,0,0
S01011811,25 to 34,99,66,45,21,33,32,0,0,1,0
S01011811,35 to 49,231,192,166,26,39,20,1,4,13,1
S01011811,50 to 64,234,195,179,16,39,12,2,2,12,11
S01011811,65 to 74,130,99,93,6,31,3,0,2,3,23
S01011811,75 to 84,64,32,30,2,32,5,1,1,2,23
S01011811,85 and over,11,2,2,0,9,1,0,0,0,8
S01011812,All people aged 16 and over in households,545,384,340,44,161,86,1,10,22,42
S01011812,16 to 24,52,3,0,3,49,49,0,0,0,0
S01011812,25 to 34,51,36,29,7,15,12,0,3,0,0
S01011812,35 to 49,145,127,106,21,18,8,0,4,3,3
S01011812,50 to 64,184,153,144,9,31,11,0,2,11,7
S01011812,65 to 74,59,38,36,2,21,5,1,0,8,7
S01011812,75 to 84,39,22,20,2,17,1,0,0,0,16
S01011812,85 and over,15,5,5,0,10,0,0,1,0,9
S01011813,All people aged 16 and over in households,613,426,348,78,187,112,3,10,28,34
S01011813,16 to 24,85,18,4,14,67,67,0,0,0,0
S01011813,25 to 34,71,48,25,23,23,19,0,2,2,0
S01011813,35 to 49,174,145,116,29,29,13,2,8,5,1
S01011813,50 to 64,162,137,127,10,25,6,1,0,15,3
S01011813,65 to 74,75,53,51,2,22,6,0,0,5,11
S01011813,75 to 84,33,20,20,0,13,1,0,0,1,11
S01011813,85 and over,13,5,5,0,8,0,0,0,0,8
S01011814,All people aged 16 and over in households,575,406,364,42,169,107,3,6,21,32
S01011814,16 to 24,58,4,0,4,54,54,0,0,0,0
S01011814,25 to 34,54,39,31,8,15,14,0,1,0,0
S01011814,35 to 49,173,145,130,15,28,18,0,2,8,0
S01011814,50 to 64,152,126,113,13,26,9,2,3,9,3
S01011814,65 to 74,80,56,56,0,24,6,1,0,1,16
S01011814,75 to 84,41,30,28,2,11,4,0,0,2,5
S01011814,85 and over,17,6,6,0,11,2,0,0,1,8
S01011815,All people aged 16 and over in households,612,396,316,80,216,141,5,18,14,38
S01011815,16 to 24,89,11,0,11,78,76,0,2,0,0
S01011815,25 to 34,111,83,48,35,28,24,1,2,1,0
S01011815,35 to 49,176,138,115,23,38,21,2,9,5,1
S01011815,50 to 64,127,94,83,11,33,14,2,5,6,6
S01011815,65 to 74,74,55,55,0,19,5,0,0,1,13
S01011815,75 to 84,30,15,15,0,15,1,0,0,1,13
S01011815,85 and over,5,0,0,0,5,0,0,0,0,5
S01011816,All people aged 16 and over in households,520,378,344,34,142,83,2,8,20,29
S01011816,16 to 24,55,2,1,1,53,53,0,0,0,0
S01011816,25 to 34,55,34,24,10,21,19,0,1,0,1
S01011816,35 to 49,144,124,106,18,20,6,1,6,7,0
S01011816,50 to 64,157,136,131,5,21,3,1,1,12,4
S01011816,65 to 74,55,52,52,0,3,1,0,0,0,2
S01011816,75 to 84,43,28,28,0,15,1,0,0,1,13
S01011816,85 and over,11,2,2,0,9,0,0,0,0,9
S01011817,All people aged 16 and over in households,589,396,342,54,193,120,5,4,28,36
S01011817,16 to 24,83,7,0,7,76,75,1,0,0,0
S01011817,25 to 34,68,47,26,21,21,19,0,0,2,0
S01011817,35 to 49,180,153,130,23,27,17,3,2,3,2
S01011817,50 to 64,146,119,116,3,27,7,0,1,15,4
S01011817,65 to 74,70,49,49,0,21,2,0,1,6,12
S01011817,75 to 84,31,18,18,0,13,0,0,0,2,11
S01011817,85 and over,11,3,3,0,8,0,1,0,0,7
S01011818,All people aged 16 and over in households,890,574,460,114,316,190,2,16,48,60
S01011818,16 to 24,115,25,2,23,90,90,0,0,0,0
S01011818,25 to 34,108,67,39,28,41,37,0,3,1,0
S01011818,35 to 49,240,179,146,33,61,43,1,5,12,0
S01011818,50 to 64,220,169,147,22,51,11,0,8,26,6
S01011818,65 to 74,113,81,74,7,32,3,0,0,7,22
S01011818,75 to 84,73,46,45,1,27,3,1,0,2,21
S01011818,85 and over,21,7,7,0,14,3,0,0,0,11
S01011819,All people aged 16 and over in households,728,368,278,90,360,190,6,19,63,82
S01011819,16 to 24,115,31,9,22,84,83,1,0,0,0
S01011819,25 to 34,101,53,24,29,48,42,1,4,1,0
S01011819,35 to 49,182,116,89,27,66,37,2,4,20,3
S01011819,50 to 64,168,97,86,11,71,20,1,8,26,16
S01011819,65 to 74,98,51,50,1,47,6,0,1,13,27
S01011819,75 to 84,46,19,19,0,27,2,1,2,2,20
S01011819,85 and over,18,1,1,0,17,0,0,0,1,16
S01011820,All people aged 16 and over in households,592,356,276,80,236,129,5,11,29,62
S01011820,16 to 24,101,28,2,26,73,73,0,0,0,0
S01011820,25 to 34,82,50,24,26,32,27,2,0,3,0
S01011820,35 to 49,149,107,90,17,42,22,1,8,9,2
S01011820,50 to 64,109,90,84,6,19,1,2,3,7,6
S01011820,65 to 74,70,45,42,3,25,3,0,0,7,15
S01011820,75 to 84,46,24,22,2,22,0,0,0,1,21
S01011820,85 and over,35,12,12,0,23,3,0,0,2,18
S01011821,All people aged 16 and over in households,350,168,90,78,182,117,1,11,30,23
S01011821,16 to 24,76,27,0,27,49,49,0,0,0,0
S01011821,25 to 34,58,34,10,24,24,23,0,1,0,0
S01011821,35 to 49,113,65,38,27,48,30,1,5,12,0
S01011821,50 to 64,49,19,19,0,30,9,0,4,12,5
S01011821,65 to 74,35,19,19,0,16,4,0,1,6,5
S01011821,75 to 84,15,4,4,0,11,1,0,0,0,10
S01011821,85 and over,4,0,0,0,4,1,0,0,0,3
S01011822,All people aged 16 and over in households,615,266,158,108,349,213,8,21,61,46
S01011822,16 to 24,131,43,2,41,88,87,1,0,0,0
S01011822,25 to 34,115,43,11,32,72,70,0,1,1,0
S01011822,35 to 49,120,71,45,26,49,24,2,8,14,1
S01011822,50 to 64,111,54,45,9,57,18,0,12,26,1
S01011822,65 to 74,67,40,40,0,27,4,1,0,12,10
S01011822,75 to 84,50,12,12,0,38,7,1,0,8,22
S01011822,85 and over,21,3,3,0,18,3,3,0,0,12
S01011823,All people aged 16 and over in households,506,296,230,66,210,124,2,10,32,42
S01011823,16 to 24,62,7,0,7,55,55,0,0,0,0
S01011823,25 to 34,73,36,15,21,37,33,0,1,2,1
S01011823,35 to 49,124,92,71,21,32,15,0,8,9,0
S01011823,50 to 64,133,94,79,15,39,14,1,1,15,8
S01011823,65 to 74,64,46,44,2,18,4,0,0,3,11
S01011823,75 to 84,41,21,21,0,20,3,0,0,2,15
S01011823,85 and over,9,0,0,0,9,0,1,0,1,7
S01011824,All people aged 16 and over in households,553,308,224,84,245,138,4,20,43,40
S01011824,16 to 24,91,27,2,25,64,63,1,0,0,0
S01011824,25 to 34,95,61,33,28,34,32,0,2,0,0
S01011824,35 to 49,131,78,61,17,53,21,2,8,21,1
S01011824,50 to 64,154,107,93,14,47,8,1,9,15,14
S01011824,65 to 74,49,24,24,0,25,8,0,0,6,11
S01011824,75 to 84,28,10,10,0,18,6,0,1,1,10
S01011824,85 and over,5,1,1,0,4,0,0,0,0,4
S01011825,All people aged 16 and over in households,462,262,206,56,200,116,2,16,21,45
S01011825,16 to 24,69,21,1,20,48,47,0,0,0,1
S01011825,25 to 34,64,35,22,13,29,25,0,4,0,0
S01011825,35 to 49,107,64,50,14,43,26,1,8,8,0
S01011825,50 to 64,106,81,75,6,25,10,0,4,9,2
S01011825,65 to 74,63,41,38,3,22,2,1,0,2,17
S01011825,75 to 84,39,20,20,0,19,3,0,0,1,15
S01011825,85 and over,14,0,0,0,14,3,0,0,1,10
S01011826,All people aged 16 and over in households,549,328,236,92,221,138,2,10,31,40
S01011826,16 to 24,91,27,1,26,64,64,0,0,0,0
S01011826,25 to 34,85,49,17,32,36,35,0,0,1,0
S01011826,35 to 49,137,102,82,20,35,23,1,3,8,0
S01011826,50 to 64,128,93,80,13,35,11,1,3,17,3
S01011826,65 to 74,53,40,39,1,13,2,0,1,4,6
S01011826,75 to 84,39,14,14,0,25,2,0,2,1,20
S01011826,85 and over,16,3,3,0,13,1,0,1,0,11
S01011827,All people aged 16 and over in households,472,280,236,44,192,92,7,6,45,42
S01011827,16 to 24,25,1,1,0,24,24,0,0,0,0
S01011827,25 to 34,27,9,3,6,18,17,0,1,0,0
S01011827,35 to 49,92,63,44,19,29,18,1,2,7,1
S01011827,50 to 64,168,117,105,12,51,14,2,2,23,10
S01011827,65 to 74,105,75,68,7,30,6,2,1,11,10
S01011827,75 to 84,41,15,15,0,26,6,2,0,3,15
S01011827,85 and over,14,0,0,0,14,7,0,0,1,6
S01011828,All people aged 16 and over in households,759,506,410,96,253,143,9,11,34,56
S01011828,16 to 24,74,18,4,14,56,56,0,0,0,0
S01011828,25 to 34,77,61,32,29,16,14,0,0,2,0
S01011828,35 to 49,195,144,118,26,51,34,2,5,9,1
S01011828,50 to 64,224,176,152,24,48,20,1,4,15,8
S01011828,65 to 74,117,82,79,3,35,7,2,2,5,19
S01011828,75 to 84,56,23,23,0,33,10,4,0,3,16
S01011828,85 and over,16,2,2,0,14,2,0,0,0,12
S01011829,All people aged 16 and over in households,357,242,186,56,115,66,0,4,25,20
S01011829,16 to 24,28,6,1,5,22,22,0,0,0,0
S01011829,25 to 34,50,34,13,21,16,15,0,1,0,0
S01011829,35 to 49,87,65,51,14,22,15,0,1,5,1
S01011829,50 to 64,112,88,80,8,24,6,0,0,17,1
S01011829,65 to 74,44,31,24,7,13,4,0,1,2,6
S01011829,75 to 84,28,16,15,1,12,3,0,1,1,7
S01011829,85 and over,8,2,2,0,6,1,0,0,0,5
S01011830,All people aged 16 and over in households,474,292,244,48,182,89,6,22,26,39
S01011830,16 to 24,24,4,0,4,20,20,0,0,0,0
S01011830,25 to 34,47,29,21,8,18,14,0,3,1,0
S01011830,35 to 49,110,66,44,22,44,27,0,9,8,0
S01011830,50 to 64,161,119,110,9,42,14,0,8,14,6
S01011830,65 to 74,91,55,51,4,36,8,5,2,3,18
S01011830,75 to 84,28,15,14,1,13,5,1,0,0,7
S01011830,85 and over,13,4,4,0,9,1,0,0,0,8
S01011831,All people aged 16 and over in households,732,460,396,64,272,124,14,22,43,69
S01011831,16 to 24,53,5,1,4,48,48,0,0,0,0
S01011831,25 to 34,42,23,14,9,19,13,2,3,1,0
S01011831,35 to 49,162,126,104,22,36,17,5,5,8,1
S01011831,50 to 64,242,178,159,19,64,22,5,12,18,7
S01011831,65 to 74,145,99,89,10,46,14,1,2,12,17
S01011831,75 to 84,72,28,28,0,44,5,1,0,4,34
S01011831,85 and over,16,1,1,0,15,5,0,0,0,10
S01011832,All people aged 16 and over in households,715,466,404,62,249,137,7,14,32,59
S01011832,16 to 24,74,21,3,18,53,53,0,0,0,0
S01011832,25 to 34,65,41,31,10,24,21,2,0,1,0
S01011832,35 to 49,153,124,105,19,29,17,0,5,6,1
S01011832,50 to 64,211,155,142,13,56,23,5,4,11,13
S01011832,65 to 74,121,81,79,2,40,12,0,5,9,14
S01011832,75 to 84,66,39,39,0,27,6,0,0,4,17
S01011832,85 and over,25,5,5,0,20,5,0,0,1,14
S01011833,All people aged 16 and over in households,764,548,508,40,216,139,6,7,24,40
S01011833,16 to 24,86,3,2,1,83,83,0,0,0,0
S01011833,25 to 34,50,23,15,8,27,27,0,0,0,0
S01011833,35 to 49,213,187,165,22,26,13,3,4,6,0
S01011833,50 to 64,246,212,204,8,34,8,2,2,13,9
S01011833,65 to 74,98,80,80,0,18,5,1,1,1,10
S01011833,75 to 84,59,39,39,0,20,2,0,0,4,14
S01011833,85 and over,12,4,3,1,8,1,0,0,0,7
S01011834,All people aged 16 and over in households,369,302,292,10,67,41,1,5,11,9
S01011834,16 to 24,33,2,2,0,31,31,0,0,0,0
S01011834,25 to 34,19,18,15,3,1,1,0,0,0,0
S01011834,35 to 49,151,141,136,5,10,4,0,1,5,0
S01011834,50 to 64,102,91,91,0,11,0,1,4,5,1
S01011834,65 to 74,36,32,32,0,4,0,0,0,1,3
S01011834,75 to 84,26,17,15,2,9,5,0,0,0,4
S01011834,85 and over,2,1,1,0,1,0,0,0,0,1
S01011835,All people aged 16 and over in households,549,398,338,60,151,86,1,13,23,28
S01011835,16 to 24,45,1,0,1,44,44,0,0,0,0
S01011835,25 to 34,40,24,12,12,16,16,0,0,0,0
S01011835,35 to 49,190,164,134,30,26,12,1,6,5,2
S01011835,50 to 64,184,155,138,17,29,7,0,4,12,6
S01011835,65 to 74,57,33,33,0,24,4,0,3,4,13
S01011835,75 to 84,31,20,20,0,11,3,0,0,2,6
S01011835,85 and over,2,1,1,0,1,0,0,0,0,1
S01011836,All people aged 16 and over in households,657,466,418,48,191,107,4,13,29,38
S01011836,16 to 24,71,8,0,8,63,63,0,0,0,0
S01011836,25 to 34,34,16,10,6,18,17,0,0,1,0
S01011836,35 to 49,153,126,103,23,27,13,0,7,7,0
S01011836,50 to 64,241,207,196,11,34,7,1,5,14,7
S01011836,65 to 74,106,83,83,0,23,3,1,1,7,11
S01011836,75 to 84,41,24,24,0,17,4,1,0,0,12
S01011836,85 and over,11,2,2,0,9,0,1,0,0,8
S01011837,All people aged 16 and over in households,520,396,358,38,124,77,2,7,14,24
S01011837,16 to 24,55,1,1,0,54,54,0,0,0,0
S01011837,25 to 34,25,18,10,8,7,7,0,0,0,0
S01011837,35 to 49,155,134,119,15,21,11,2,4,4,0
S01011837,50 to 64,175,158,145,13,17,2,0,1,8,6
S01011837,65 to 74,77,65,64,1,12,3,0,2,2,5
S01011837,75 to 84,29,20,19,1,9,0,0,0,0,9
S01011837,85 and over,4,0,0,0,4,0,0,0,0,4
S01011838,All people aged 16 and over in households,679,490,444,46,189,117,3,6,21,42
S01011838,16 to 24,80,6,1,5,74,74,0,0,0,0
S01011838,25 to 34,45,23,16,7,22,22,0,0,0,0
S01011838,35 to 49,183,158,142,16,25,9,1,6,8,1
S01011838,50 to 64,201,179,165,14,22,6,1,0,9,6
S01011838,65 to 74,118,96,94,2,22,4,0,0,3,15
S01011838,75 to 84,36,24,22,2,12,2,0,0,1,9
S01011838,85 and over,16,4,4,0,12,0,1,0,0,11
S01011839,All people aged 16 and over in households,825,564,472,92,261,126,4,16,40,75
S01011839,16 to 24,94,15,0,15,79,79,0,0,0,0
S01011839,25 to 34,91,63,34,29,28,23,0,2,3,0
S01011839,35 to 49,184,156,127,29,28,11,0,10,7,0
S01011839,50 to 64,249,204,191,13,45,10,2,3,22,8
S01011839,65 to 74,117,81,75,6,36,2,0,1,7,26
S01011839,75 to 84,70,42,42,0,28,0,0,0,1,27
S01011839,85 and over,20,3,3,0,17,1,2,0,0,14
S01011840,All people aged 16 and over in households,788,520,454,66,268,140,8,21,51,48
S01011840,16 to 24,90,10,1,9,80,80,0,0,0,0
S01011840,25 to 34,89,48,34,14,41,34,0,2,5,0
S01011840,35 to 49,228,186,163,23,42,13,0,13,13,3
S01011840,50 to 64,241,189,173,16,52,7,3,4,28,10
S01011840,65 to 74,90,65,61,4,25,4,3,1,3,14
S01011840,75 to 84,35,19,19,0,16,2,1,1,2,10
S01011840,85 and over,15,3,3,0,12,0,1,0,0,11
S01011841,All people aged 16 and over in households,745,460,390,70,285,147,6,20,41,71
S01011841,16 to 24,82,10,5,5,72,72,0,0,0,0
S01011841,25 to 34,81,51,36,15,30,28,0,1,1,0
S01011841,35 to 49,208,153,128,25,55,25,2,9,17,2
S01011841,50 to 64,189,143,124,19,46,19,2,5,14,6
S01011841,65 to 74,102,77,72,5,25,1,0,3,4,17
S01011841,75 to 84,65,25,24,1,40,2,2,2,4,30
S01011841,85 and over,18,1,1,0,17,0,0,0,1,16
S01011842,All people aged 16 and over in households,790,418,338,80,372,179,0,37,68,88
S01011842,16 to 24,93,17,4,13,76,76,0,0,0,0
S01011842,25 to 34,92,48,26,22,44,39,0,4,1,0
S01011842,35 to 49,195,129,103,26,66,29,0,21,15,1
S01011842,50 to 64,201,130,115,15,71,19,0,6,33,13
S01011842,65 to 74,118,73,70,3,45,8,0,4,10,23
S01011842,75 to 84,68,19,18,1,49,5,0,2,8,34
S01011842,85 and over,23,2,2,0,21,3,0,0,1,17
S01011843,All people aged 16 and over in households,805,578,514,64,227,125,2,16,40,44
S01011843,16 to 24,66,2,1,1,64,62,0,0,0,2
S01011843,25 to 34,54,33,22,11,21,20,0,0,1,0
S01011843,35 to 49,238,195,163,32,43,22,1,7,9,4
S01011843,50 to 64,267,222,208,14,45,12,0,6,19,8
S01011843,65 to 74,122,97,91,6,25,4,1,1,9,10
S01011843,75 to 84,47,26,26,0,21,4,0,1,2,14
S01011843,85 and over,11,3,3,0,8,1,0,1,0,6
S01011844,All people aged 16 and over in households,578,420,368,52,158,86,3,7,22,40
S01011844,16 to 24,61,5,0,5,56,56,0,0,0,0
S01011844,25 to 34,33,22,4,18,11,10,1,0,0,0
S01011844,35 to 49,209,185,163,22,24,11,2,6,4,1
S01011844,50 to 64,126,108,102,6,18,2,0,0,11,5
S01011844,65 to 74,80,66,65,1,14,2,0,1,5,6
S01011844,75 to 84,53,30,30,0,23,4,0,0,1,18
S01011844,85 and over,16,4,4,0,12,1,0,0,1,10
S01011845,All people aged 16 and over in households,674,415,352,63,259,125,8,18,56,52
S01011845,16 to 24,75,11,0,11,64,63,1,0,0,0
S01011845,25 to 34,80,49,30,19,31,27,1,1,2,0
S01011845,35 to 49,184,133,117,16,51,20,0,12,19,0
S01011845,50 to 64,163,122,108,14,41,8,2,5,23,3
S01011845,65 to 74,112,81,78,3,31,4,1,0,9,17
S01011845,75 to 84,47,17,17,0,30,2,3,0,3,22
S01011845,85 and over,13,2,2,0,11,1,0,0,0,10
S01011846,All people aged 16 and over in households,724,482,426,56,242,141,3,16,34,48
S01011846,16 to 24,77,2,0,2,75,75,0,0,0,0
S01011846,25 to 34,65,41,21,20,24,22,0,1,1,0
S01011846,35 to 49,189,148,123,25,41,18,1,8,12,2
S01011846,50 to 64,221,178,171,7,43,17,2,5,15,4
S01011846,65 to 74,96,73,71,2,23,5,0,1,5,12
S01011846,75 to 84,66,38,38,0,28,4,0,1,1,22
S01011846,85 and over,10,2,2,0,8,0,0,0,0,8
S01011847,All people aged 16 and over in households,343,268,242,26,75,50,1,4,12,8
S01011847,16 to 24,22,1,1,0,21,21,0,0,0,0
S01011847,25 to 34,25,14,9,5,11,11,0,0,0,0
S01011847,35 to 49,117,102,92,10,15,9,0,2,4,0
S01011847,50 to 64,109,95,88,7,14,5,1,0,6,2
S01011847,65 to 74,54,47,44,3,7,1,0,1,1,4
S01011847,75 to 84,12,9,8,1,3,1,0,0,0,2
S01011847,85 and over,4,0,0,0,4,2,0,1,1,0
S01011848,All people aged 16 and over in households,588,420,354,66,168,93,9,5,21,40
S01011848,16 to 24,52,7,0,7,45,45,0,0,0,0
S01011848,25 to 34,63,47,27,20,16,10,3,2,1,0
S01011848,35 to 49,152,124,98,26,28,21,2,0,4,1
S01011848,50 to 64,172,140,130,10,32,11,4,3,8,6
S01011848,65 to 74,93,72,70,2,21,4,0,0,6,11
S01011848,75 to 84,46,27,27,0,19,2,0,0,2,15
S01011848,85 and over,10,3,2,1,7,0,0,0,0,7
S01011849,All people aged 16 and over in households,650,420,360,60,230,127,5,17,46,35
S01011849,16 to 24,63,9,1,8,54,54,0,0,0,0
S01011849,25 to 34,91,53,33,20,38,33,2,2,1,0
S01011849,35 to 49,197,149,127,22,48,20,1,9,18,0
S01011849,50 to 64,175,130,121,9,45,13,1,6,19,6
S01011849,65 to 74,71,51,51,0,20,4,1,0,7,8
S01011849,75 to 84,48,27,26,1,21,2,0,0,1,18
S01011849,85 and over,5,1,1,0,4,1,0,0,0,3
S01011850,All people aged 16 and over in households,560,368,316,52,192,103,8,10,33,38
S01011850,16 to 24,47,3,0,3,44,43,0,0,0,1
S01011850,25 to 34,67,35,21,14,32,31,0,0,1,0
S01011850,35 to 49,161,124,105,19,37,19,2,7,9,0
S01011850,50 to 64,151,121,108,13,30,6,6,0,17,1
S01011850,65 to 74,75,59,57,2,16,1,0,2,5,8
S01011850,75 to 84,52,22,21,1,30,2,0,1,1,26
S01011850,85 and over,7,4,4,0,3,1,0,0,0,2
S01011851,All people aged 16 and over in households,707,454,346,108,253,153,10,11,37,42
S01011851,16 to 24,84,18,4,14,66,66,0,0,0,0
S01011851,25 to 34,82,44,14,30,38,33,4,1,0,0
S01011851,35 to 49,202,163,125,38,39,23,0,4,11,1
S01011851,50 to 64,187,138,117,21,49,14,4,5,20,6
S01011851,65 to 74,80,60,56,4,20,9,2,1,4,4
S01011851,75 to 84,56,25,24,1,31,7,0,0,0,24
S01011851,85 and over,16,6,6,0,10,1,0,0,2,7
S01011852,All people aged 16 and over in households,811,470,376,94,341,186,5,25,39,86
S01011852,16 to 24,115,19,0,19,96,96,0,0,0,0
S01011852,25 to 34,108,62,25,37,46,43,0,2,1,0
S01011852,35 to 49,203,151,127,24,52,20,1,17,13,1
S01011852,50 to 64,174,135,124,11,39,10,3,4,16,6
S01011852,65 to 74,95,60,59,1,35,8,0,2,7,18
S01011852,75 to 84,77,32,30,2,45,5,1,0,1,38
S01011852,85 and over,39,11,11,0,28,4,0,0,1,23
S01011853,All people aged 16 and over in households,571,366,282,84,205,127,3,15,36,24
S01011853,16 to 24,77,15,0,15,62,62,0,0,0,0
S01011853,25 to 34,78,44,16,28,34,33,0,0,1,0
S01011853,35 to 49,160,108,83,25,52,26,0,9,16,1
S01011853,50 to 64,140,113,103,10,27,4,2,4,12,5
S01011853,65 to 74,70,57,51,6,13,2,0,1,6,4
S01011853,75 to 84,34,25,25,0,9,0,0,1,1,7
S01011853,85 and over,12,4,4,0,8,0,1,0,0,7
S01011854,All people aged 16 and over in households,650,414,362,52,236,116,8,16,28,68
S01011854,16 to 24,57,7,0,7,50,50,0,0,0,0
S01011854,25 to 34,60,28,13,15,32,28,1,1,2,0
S01011854,35 to 49,120,80,61,19,40,27,2,7,3,1
S01011854,50 to 64,178,142,132,10,36,8,2,6,14,6
S01011854,65 to 74,117,90,89,1,27,0,1,2,6,18
S01011854,75 to 84,92,60,60,0,32,1,1,0,2,28
S01011854,85 and over,26,7,7,0,19,2,1,0,1,15
S01011855,All people aged 16 and over in households,706,420,348,72,286,167,1,16,47,55
S01011855,16 to 24,100,14,4,10,86,86,0,0,0,0
S01011855,25 to 34,79,45,26,19,34,33,0,1,0,0
S01011855,35 to 49,173,126,99,27,47,23,0,8,15,1
S01011855,50 to 64,166,115,101,14,51,16,0,5,21,9
S01011855,65 to 74,97,70,68,2,27,4,1,0,7,15
S01011855,75 to 84,71,43,43,0,28,2,0,1,4,21
S01011855,85 and over,20,7,7,0,13,3,0,1,0,9
S01011856,All people aged 16 and over in households,597,432,392,40,165,85,3,6,12,59
S01011856,16 to 24,51,1,0,1,50,50,0,0,0,0
S01011856,25 to 34,37,23,16,7,14,12,0,1,1,0
S01011856,35 to 49,135,121,99,22,14,9,1,2,2,0
S01011856,50 to 64,144,129,121,8,15,2,0,2,5,6
S01011856,65 to 74,127,98,96,2,29,7,2,1,4,15
S01011856,75 to 84,77,52,52,0,25,3,0,0,0,22
S01011856,85 and over,26,8,8,0,18,2,0,0,0,16
S01011857,All people aged 16 and over in households,571,384,334,50,187,106,3,12,21,45
S01011857,16 to 24,59,8,2,6,51,51,0,0,0,0
S01011857,25 to 34,50,32,16,16,18,18,0,0,0,0
S01011857,35 to 49,149,121,105,16,28,15,0,6,4,3
S01011857,50 to 64,152,119,108,11,33,17,0,3,12,1
S01011857,65 to 74,83,69,68,1,14,3,0,0,2,9
S01011857,75 to 84,56,30,30,0,26,0,1,3,3,19
S01011857,85 and over,22,5,5,0,17,2,2,0,0,13
S01011858,All people aged 16 and over in households,735,510,470,40,225,110,3,13,37,62
S01011858,16 to 24,58,0,0,0,58,58,0,0,0,0
S01011858,25 to 34,30,17,9,8,13,11,0,0,2,0
S01011858,35 to 49,168,135,112,23,33,15,0,10,8,0
S01011858,50 to 64,176,149,140,9,27,11,0,1,11,4
S01011858,65 to 74,132,110,110,0,22,4,2,0,6,10
S01011858,75 to 84,124,80,80,0,44,8,1,2,7,26
S01011858,85 and over,47,19,19,0,28,3,0,0,3,22
S01011859,All people aged 16 and over in households,752,438,386,52,314,138,8,19,42,107
S01011859,16 to 24,56,6,3,3,50,50,0,0,0,0
S01011859,25 to 34,44,31,19,12,13,13,0,0,0,0
S01011859,35 to 49,136,88,71,17,48,30,0,11,7,0
S01011859,50 to 64,197,139,127,12,58,22,2,5,20,9
S01011859,65 to 74,153,102,96,6,51,9,1,1,10,30
S01011859,75 to 84,113,60,58,2,53,11,3,2,5,32
S01011859,85 and over,53,12,12,0,41,3,2,0,0,36
S01011860,All people aged 16 and over in households,408,280,240,40,128,68,12,7,26,15
S01011860,16 to 24,34,0,0,0,34,34,0,0,0,0
S01011860,25 to 34,29,19,14,5,10,8,1,1,0,0
S01011860,35 to 49,117,86,67,19,31,17,1,3,10,0
S01011860,50 to 64,138,117,102,15,21,3,3,0,14,1
S01011860,65 to 74,45,34,33,1,11,2,1,3,1,4
S01011860,75 to 84,35,22,22,0,13,3,3,0,1,6
S01011860,85 and over,10,2,2,0,8,1,3,0,0,4
S01011861,All people aged 16 and over in households,615,398,332,66,217,111,3,21,36,46
S01011861,16 to 24,56,0,0,0,56,56,0,0,0,0
S01011861,25 to 34,39,22,12,10,17,17,0,0,0,0
S01011861,35 to 49,153,108,77,31,45,18,0,8,17,2
S01011861,50 to 64,197,149,125,24,48,16,3,8,12,9
S01011861,65 to 74,100,75,74,1,25,1,0,4,6,14
S01011861,75 to 84,54,39,39,0,15,2,0,1,1,11
S01011861,85 and over,16,5,5,0,11,1,0,0,0,10
S01011862,All people aged 16 and over in households,805,576,540,36,229,120,3,7,36,63
S01011862,16 to 24,68,2,1,1,66,66,0,0,0,0
S01011862,25 to 34,45,33,31,2,12,10,1,1,0,0
S01011862,35 to 49,178,155,145,10,23,13,1,2,6,1
S01011862,50 to 64,224,188,172,16,36,10,0,2,19,5
S01011862,65 to 74,162,123,119,4,39,12,1,2,7,17
S01011862,75 to 84,96,63,60,3,33,7,0,0,4,22
S01011862,85 and over,32,12,12,0,20,2,0,0,0,18
S01011863,All people aged 16 and over in households,623,386,342,44,237,146,8,13,30,40
S01011863,16 to 24,90,6,0,6,84,84,0,0,0,0
S01011863,25 to 34,47,22,9,13,25,22,1,2,0,0
S01011863,35 to 49,139,106,94,12,33,15,0,4,13,1
S01011863,50 to 64,164,129,118,11,35,13,2,6,12,2
S01011863,65 to 74,97,79,77,2,18,5,1,0,5,7
S01011863,75 to 84,70,37,37,0,33,6,4,0,0,23
S01011863,85 and over,16,7,7,0,9,1,0,1,0,7
S01011864,All people aged 16 and over in households,608,432,386,46,176,105,3,7,17,44
S01011864,16 to 24,61,5,3,2,56,56,0,0,0,0
S01011864,25 to 34,38,23,18,5,15,15,0,0,0,0
S01011864,35 to 49,155,126,105,21,29,18,2,5,3,1
S01011864,50 to 64,173,149,136,13,24,10,0,2,6,6
S01011864,65 to 74,90,72,68,4,18,1,0,0,3,14
S01011864,75 to 84,72,48,47,1,24,2,1,0,5,16
S01011864,85 and over,19,9,9,0,10,3,0,0,0,7
S01011865,All people aged 16 and over in households,504,284,236,48,220,112,3,11,35,59
S01011865,16 to 24,53,5,0,5,48,46,1,0,1,0
S01011865,25 to 34,43,19,10,9,24,22,0,1,0,1
S01011865,35 to 49,115,80,62,18,35,20,0,7,8,0
S01011865,50 to 64,135,100,91,9,35,13,2,2,12,6
S01011865,65 to 74,80,50,45,5,30,5,0,1,10,14
S01011865,75 to 84,58,26,24,2,32,5,0,0,4,23
S01011865,85 and over,20,4,4,0,16,1,0,0,0,15
S01011866,All people aged 16 and over in households,636,442,384,58,194,96,3,11,31,53
S01011866,16 to 24,55,8,1,7,47,47,0,0,0,0
S01011866,25 to 34,76,54,38,16,22,18,0,0,4,0
S01011866,35 to 49,177,145,122,23,32,19,0,5,6,2
S01011866,50 to 64,159,128,117,11,31,4,2,6,16,3
S01011866,65 to 74,96,71,70,1,25,4,1,0,2,18
S01011866,75 to 84,58,31,31,0,27,4,0,0,2,21
S01011866,85 and over,15,5,5,0,10,0,0,0,1,9
S01011867,All people aged 16 and over in households,766,424,344,80,342,178,4,24,55,81
S01011867,16 to 24,100,19,4,15,81,81,0,0,0,0
S01011867,25 to 34,109,75,46,29,34,31,1,2,0,0
S01011867,35 to 49,215,152,125,27,63,32,1,10,20,0
S01011867,50 to 64,156,86,77,9,70,28,0,7,27,8
S01011867,65 to 74,86,57,57,0,29,3,0,3,5,18
S01011867,75 to 84,81,30,30,0,51,3,1,2,3,42
S01011867,85 and over,19,5,5,0,14,0,1,0,0,13
S01011868,All people aged 16 and over in households,702,396,300,96,306,165,3,21,48,69
S01011868,16 to 24,88,19,1,18,69,69,0,0,0,0
S01011868,25 to 34,107,65,34,31,42,39,0,3,0,0
S01011868,35 to 49,178,130,104,26,48,29,1,6,11,1
S01011868,50 to 64,166,108,93,15,58,11,1,9,30,7
S01011868,65 to 74,68,38,33,5,30,8,0,3,4,15
S01011868,75 to 84,63,26,26,0,37,5,1,0,3,28
S01011868,85 and over,32,10,9,1,22,4,0,0,0,18
S01011869,All people aged 16 and over in households,664,348,270,78,316,171,7,22,68,48
S01011869,16 to 24,96,17,5,12,79,78,0,1,0,0
S01011869,25 to 34,95,57,24,33,38,37,0,0,1,0
S01011869,35 to 49,175,107,89,18,68,28,2,10,27,1
S01011869,50 to 64,150,97,88,9,53,15,3,4,26,5
S01011869,65 to 74,83,50,44,6,33,6,2,7,5,13
S01011869,75 to 84,42,13,13,0,29,5,0,0,8,16
S01011869,85 and over,23,7,7,0,16,2,0,0,1,13
S01011870,All people aged 16 and over in households,561,320,252,68,241,143,3,22,41,32
S01011870,16 to 24,80,14,2,12,66,65,0,0,1,0
S01011870,25 to 34,66,34,15,19,32,29,1,0,2,0
S01011870,35 to 49,163,96,70,26,67,29,1,17,19,1
S01011870,50 to 64,132,104,96,8,28,14,0,3,10,1
S01011870,65 to 74,64,46,46,0,18,2,1,1,4,10
S01011870,75 to 84,48,23,20,3,25,4,0,1,5,15
S01011870,85 and over,8,3,3,0,5,0,0,0,0,5
S01011871,All people aged 16 and over in households,864,586,480,106,278,170,3,16,43,46
S01011871,16 to 24,109,14,4,10,95,93,0,0,0,2
S01011871,25 to 34,106,76,41,35,30,27,0,3,0,0
S01011871,35 to 49,248,194,152,42,54,29,1,7,16,1
S01011871,50 to 64,251,206,188,18,45,12,1,5,20,7
S01011871,65 to 74,83,66,65,1,17,4,0,1,5,7
S01011871,75 to 84,50,27,27,0,23,5,1,0,1,16
S01011871,85 and over,17,3,3,0,14,0,0,0,1,13
S01011872,All people aged 16 and over in households,723,548,462,86,175,108,4,9,34,20
S01011872,16 to 24,67,4,0,4,63,63,0,0,0,0
S01011872,25 to 34,63,45,18,27,18,18,0,0,0,0
S01011872,35 to 49,230,203,176,27,27,10,2,5,10,0
S01011872,50 to 64,220,182,163,19,38,12,2,4,17,3
S01011872,65 to 74,94,79,71,8,15,2,0,0,5,8
S01011872,75 to 84,41,31,30,1,10,3,0,0,2,5
S01011872,85 and over,8,4,4,0,4,0,0,0,0,4
S01011873,All people aged 16 and over in households,646,456,368,88,190,116,4,12,29,29
S01011873,16 to 24,71,15,4,11,56,55,0,1,0,0
S01011873,25 to 34,65,49,23,26,16,14,0,1,1,0
S01011873,35 to 49,213,168,137,31,45,25,2,5,12,1
S01011873,50 to 64,195,149,130,19,46,17,2,5,12,10
S01011873,65 to 74,64,49,48,1,15,3,0,0,4,8
S01011873,75 to 84,35,25,25,0,10,2,0,0,0,8
S01011873,85 and over,3,1,1,0,2,0,0,0,0,2
S01011874,All people aged 16 and over in households,542,370,296,74,172,99,2,9,28,34
S01011874,16 to 24,60,9,2,7,51,51,0,0,0,0
S01011874,25 to 34,56,39,21,18,17,15,0,0,2,0
S01011874,35 to 49,174,140,105,35,34,16,0,6,11,1
S01011874,50 to 64,153,120,109,11,33,9,1,3,14,6
S01011874,65 to 74,53,38,37,1,15,5,1,0,1,8
S01011874,75 to 84,35,21,19,2,14,1,0,0,0,13
S01011874,85 and over,11,3,3,0,8,2,0,0,0,6
S01011875,All people aged 16 and over in households,571,358,286,72,213,100,5,10,38,60
S01011875,16 to 24,47,8,0,8,39,39,0,0,0,0
S01011875,25 to 34,55,38,24,14,17,17,0,0,0,0
S01011875,35 to 49,127,92,58,34,35,22,1,6,6,0
S01011875,50 to 64,151,110,96,14,41,14,1,3,21,2
S01011875,65 to 74,90,61,59,2,29,4,2,1,6,16
S01011875,75 to 84,81,45,45,0,36,3,1,0,5,27
S01011875,85 and over,20,4,4,0,16,1,0,0,0,15
S01011876,All people aged 16 and over in households,751,518,440,78,233,123,5,25,43,37
S01011876,16 to 24,70,9,0,9,61,61,0,0,0,0
S01011876,25 to 34,87,58,33,25,29,29,0,0,0,0
S01011876,35 to 49,218,186,157,29,32,11,2,7,9,3
S01011876,50 to 64,228,165,153,12,63,16,2,14,26,5
S01011876,65 to 74,83,63,60,3,20,4,1,0,5,10
S01011876,75 to 84,48,29,29,0,19,1,0,4,2,12
S01011876,85 and over,17,8,8,0,9,1,0,0,1,7
S01011877,All people aged 16 and over in households,469,308,260,48,161,72,2,12,38,37
S01011877,16 to 24,39,9,1,8,30,29,1,0,0,0
S01011877,25 to 34,48,31,15,16,17,16,0,0,1,0
S01011877,35 to 49,112,73,59,14,39,18,0,4,15,2
S01011877,50 to 64,133,100,90,10,33,6,0,6,13,8
S01011877,65 to 74,86,66,66,0,20,3,0,1,6,10
S01011877,75 to 84,48,27,27,0,21,0,1,1,3,16
S01011877,85 and over,3,2,2,0,1,0,0,0,0,1
S01011878,All people aged 16 and over in households,759,550,476,74,209,125,4,14,25,41
S01011878,16 to 24,84,13,3,10,71,70,0,1,0,0
S01011878,25 to 34,49,25,15,10,24,24,0,0,0,0
S01011878,35 to 49,214,172,144,28,42,14,4,9,13,2
S01011878,50 to 64,227,201,180,21,26,8,0,2,10,6
S01011878,65 to 74,126,106,101,5,20,2,0,2,2,14
S01011878,75 to 84,52,32,32,0,20,6,0,0,0,14
S01011878,85 and over,7,1,1,0,6,1,0,0,0,5
S01011879,All people aged 16 and over in households,441,297,269,28,144,93,5,9,18,19
S01011879,16 to 24,74,6,2,4,68,68,0,0,0,0
S01011879,25 to 34,21,17,12,5,4,4,0,0,0,0
S01011879,35 to 49,132,109,98,11,23,12,0,4,5,2
S01011879,50 to 64,135,116,109,7,19,3,4,5,6,1
S01011879,65 to 74,50,34,33,1,16,4,1,0,4,7
S01011879,75 to 84,19,11,11,0,8,1,0,0,3,4
S01011879,85 and over,10,4,4,0,6,1,0,0,0,5
S01011880,All people aged 16 and over in households,482,364,314,50,118,67,4,8,16,23
S01011880,16 to 24,43,4,1,3,39,39,0,0,0,0
S01011880,25 to 34,32,22,11,11,10,9,0,0,0,1
S01011880,35 to 49,168,147,128,19,21,11,1,4,5,0
S01011880,50 to 64,131,113,103,10,18,4,2,3,7,2
S01011880,65 to 74,70,54,47,7,16,4,1,1,3,7
S01011880,75 to 84,31,22,22,0,9,0,0,0,0,9
S01011880,85 and over,7,2,2,0,5,0,0,0,1,4
S01011881,All people aged 16 and over in households,638,402,294,108,236,117,6,15,40,58
S01011881,16 to 24,77,23,7,16,54,54,0,0,0,0
S01011881,25 to 34,90,60,22,38,30,28,0,0,2,0
S01011881,35 to 49,184,141,101,40,43,18,0,12,13,0
S01011881,50 to 64,139,108,96,12,31,9,2,1,15,4
S01011881,65 to 74,58,40,38,2,18,0,2,2,9,5
S01011881,75 to 84,61,25,25,0,36,6,1,0,1,28
S01011881,85 and over,29,5,5,0,24,2,1,0,0,21
S01011882,All people aged 16 and over in households,810,482,418,64,328,159,6,17,48,98
S01011882,16 to 24,83,9,2,7,74,74,0,0,0,0
S01011882,25 to 34,84,53,32,21,31,28,0,3,0,0
S01011882,35 to 49,170,128,103,25,42,21,1,7,11,2
S01011882,50 to 64,213,165,154,11,48,18,2,4,18,6
S01011882,65 to 74,129,75,75,0,54,10,0,3,15,26
S01011882,75 to 84,101,46,46,0,55,5,2,0,4,44
S01011882,85 and over,30,6,6,0,24,3,1,0,0,20
S01011883,All people aged 16 and over in households,837,604,510,94,233,132,6,12,36,47
S01011883,16 to 24,75,7,2,5,68,68,0,0,0,0
S01011883,25 to 34,97,70,40,30,27,25,0,1,1,0
S01011883,35 to 49,215,180,144,36,35,16,0,7,11,1
S01011883,50 to 64,279,237,214,23,42,12,4,3,16,7
S01011883,65 to 74,112,81,81,0,31,9,2,1,4,15
S01011883,75 to 84,42,21,21,0,21,1,0,0,4,16
S01011883,85 and over,17,8,8,0,9,1,0,0,0,8
S01011884,All people aged 16 and over in households,345,238,210,28,107,71,3,2,11,20
S01011884,16 to 24,29,1,0,1,28,28,0,0,0,0
S01011884,25 to 34,31,17,14,3,14,14,0,0,0,0
S01011884,35 to 49,108,88,74,14,20,16,1,0,3,0
S01011884,50 to 64,113,92,85,7,21,8,0,2,7,4
S01011884,65 to 74,43,29,26,3,14,5,2,0,0,7
S01011884,75 to 84,15,9,9,0,6,0,0,0,1,5
S01011884,85 and over,6,2,2,0,4,0,0,0,0,4
S01011885,All people aged 16 and over in households,527,414,338,76,113,68,4,8,10,23
S01011885,16 to 24,33,2,1,1,31,31,0,0,0,0
S01011885,25 to 34,80,63,39,24,17,16,0,1,0,0
S01011885,35 to 49,205,185,157,28,20,9,2,4,5,0
S01011885,50 to 64,119,103,82,21,16,5,1,3,5,2
S01011885,65 to 74,42,37,35,2,5,1,0,0,0,4
S01011885,75 to 84,34,21,21,0,13,3,1,0,0,9
S01011885,85 and over,14,3,3,0,11,3,0,0,0,8
S01011886,All people aged 16 and over in households,703,474,402,72,229,127,5,12,35,50
S01011886,16 to 24,76,7,2,5,69,69,0,0,0,0
S01011886,25 to 34,64,38,27,11,26,25,0,1,0,0
S01011886,35 to 49,188,150,111,39,38,16,3,6,13,0
S01011886,50 to 64,221,180,169,11,41,13,1,5,17,5
S01011886,65 to 74,88,64,58,6,24,2,1,0,4,17
S01011886,75 to 84,45,29,29,0,16,1,0,0,1,14
S01011886,85 and over,21,6,6,0,15,1,0,0,0,14
S01011887,All people aged 16 and over in households,468,276,216,60,192,111,5,10,29,37
S01011887,16 to 24,49,1,0,1,48,48,0,0,0,0
S01011887,25 to 34,66,36,20,16,30,29,0,1,0,0
S01011887,35 to 49,142,107,81,26,35,17,2,6,10,0
S01011887,50 to 64,111,89,75,14,22,7,1,3,9,2
S01011887,65 to 74,51,28,26,2,23,6,1,0,6,10
S01011887,75 to 84,38,14,13,1,24,4,0,0,4,16
S01011887,85 and over,11,1,1,0,10,0,1,0,0,9
S01011888,All people aged 16 and over in households,665,338,260,78,327,178,4,31,62,52
S01011888,16 to 24,87,5,1,4,82,81,1,0,0,0
S01011888,25 to 34,103,66,37,29,37,31,0,4,1,1
S01011888,35 to 49,208,133,107,26,75,39,0,18,16,2
S01011888,50 to 64,156,89,73,16,67,18,2,9,33,5
S01011888,65 to 74,48,31,29,2,17,3,0,0,7,7
S01011888,75 to 84,48,12,11,1,36,5,1,0,3,27
S01011888,85 and over,15,2,2,0,13,1,0,0,2,10
S01011889,All people aged 16 and over in households,742,446,378,68,296,130,9,21,43,93
S01011889,16 to 24,69,7,1,6,62,62,0,0,0,0
S01011889,25 to 34,62,35,13,22,27,22,0,4,1,0
S01011889,35 to 49,194,154,135,19,40,16,4,9,9,2
S01011889,50 to 64,195,149,131,18,46,15,3,5,17,6
S01011889,65 to 74,103,60,57,3,43,10,1,3,11,18
S01011889,75 to 84,83,36,36,0,47,3,1,0,5,38
S01011889,85 and over,36,5,5,0,31,2,0,0,0,29
S01011890,All people aged 16 and over in households,570,358,280,78,212,130,3,11,41,27
S01011890,16 to 24,64,5,0,5,59,59,0,0,0,0
S01011890,25 to 34,81,51,26,25,30,28,0,1,1,0
S01011890,35 to 49,165,124,93,31,41,21,2,5,13,0
S01011890,50 to 64,142,104,87,17,38,10,1,3,22,2
S01011890,65 to 74,62,43,43,0,19,9,0,1,4,5
S01011890,75 to 84,41,28,28,0,13,2,0,1,1,9
S01011890,85 and over,15,3,3,0,12,1,0,0,0,11
S01011891,All people aged 16 and over in households,602,280,198,82,322,177,3,18,66,58
S01011891,16 to 24,85,14,2,12,71,71,0,0,0,0
S01011891,25 to 34,120,67,30,37,53,50,0,1,2,0
S01011891,35 to 49,154,85,68,17,69,34,0,9,25,1
S01011891,50 to 64,114,68,57,11,46,8,1,5,26,6
S01011891,65 to 74,58,34,31,3,24,4,0,3,7,10
S01011891,75 to 84,36,10,8,2,26,6,1,0,4,15
S01011891,85 and over,35,2,2,0,33,4,1,0,2,26
S01011892,All people aged 16 and over in households,817,446,290,156,371,240,11,35,55,30
S01011892,16 to 24,125,42,4,38,83,79,1,2,1,0
S01011892,25 to 34,190,111,58,53,79,75,1,3,0,0
S01011892,35 to 49,243,141,95,46,102,64,4,16,18,0
S01011892,50 to 64,157,93,76,17,64,15,3,13,28,5
S01011892,65 to 74,56,41,39,2,15,1,2,0,6,6
S01011892,75 to 84,31,16,16,0,15,4,0,1,2,8
S01011892,85 and over,15,2,2,0,13,2,0,0,0,11
S01011893,All people aged 16 and over in households,798,458,290,168,340,202,4,23,58,53
S01011893,16 to 24,93,37,0,37,56,55,0,1,0,0
S01011893,25 to 34,163,89,31,58,74,65,0,7,2,0
S01011893,35 to 49,199,124,86,38,75,40,1,6,27,1
S01011893,50 to 64,173,118,92,26,55,27,2,5,17,4
S01011893,65 to 74,80,54,48,6,26,4,0,3,8,11
S01011893,75 to 84,70,34,31,3,36,8,0,1,4,23
S01011893,85 and over,20,2,2,0,18,3,1,0,0,14
S01011894,All people aged 16 and over in households,530,294,212,82,236,158,3,11,32,32
S01011894,16 to 24,76,17,5,12,59,59,0,0,0,0
S01011894,25 to 34,89,46,19,27,43,42,0,1,0,0
S01011894,35 to 49,139,92,66,26,47,30,2,5,9,1
S01011894,50 to 64,137,93,78,15,44,16,0,5,21,2
S01011894,65 to 74,41,23,21,2,18,8,0,0,2,8
S01011894,75 to 84,33,19,19,0,14,2,0,0,0,12
S01011894,85 and over,15,4,4,0,11,1,1,0,0,9
S01011895,All people aged 16 and over in households,547,372,322,50,175,87,4,8,19,57
S01011895,16 to 24,53,7,0,7,46,46,0,0,0,0
S01011895,25 to 34,45,30,18,12,15,14,0,1,0,0
S01011895,35 to 49,118,89,70,19,29,13,1,4,9,2
S01011895,50 to 64,146,119,108,11,27,5,3,3,9,7
S01011895,65 to 74,81,67,66,1,14,3,0,0,1,10
S01011895,75 to 84,73,44,44,0,29,4,0,0,0,25
S01011895,85 and over,31,16,16,0,15,2,0,0,0,13
S01011896,All people aged 16 and over in households,727,450,372,78,277,134,7,15,54,67
S01011896,16 to 24,63,13,1,12,50,50,0,0,0,0
S01011896,25 to 34,105,67,48,19,38,36,0,1,1,0
S01011896,35 to 49,192,140,114,26,52,23,2,8,19,0
S01011896,50 to 64,175,121,101,20,54,11,5,5,26,7
S01011896,65 to 74,90,69,68,1,21,3,0,1,5,12
S01011896,75 to 84,71,33,33,0,38,9,0,0,3,26
S01011896,85 and over,31,7,7,0,24,2,0,0,0,22
S01011897,All people aged 16 and over in households,826,558,470,88,268,150,2,20,36,60
S01011897,16 to 24,82,3,0,3,79,78,0,0,1,0
S01011897,25 to 34,85,58,40,18,27,22,0,3,2,0
S01011897,35 to 49,225,186,143,43,39,16,0,8,14,1
S01011897,50 to 64,216,177,156,21,39,10,1,9,15,4
S01011897,65 to 74,102,75,72,3,27,7,1,0,3,16
S01011897,75 to 84,89,53,53,0,36,11,0,0,1,24
S01011897,85 and over,27,6,6,0,21,6,0,0,0,15
S01011898,All people aged 16 and over in households,518,380,340,40,138,90,0,10,19,19
S01011898,16 to 24,65,4,0,4,61,61,0,0,0,0
S01011898,25 to 34,36,21,15,6,15,13,0,1,1,0
S01011898,35 to 49,170,149,134,15,21,8,0,5,8,0
S01011898,50 to 64,159,142,130,12,17,4,0,3,9,1
S01011898,65 to 74,62,55,52,3,7,2,0,1,0,4
S01011898,75 to 84,23,9,9,0,14,0,0,0,1,13
S01011898,85 and over,3,0,0,0,3,2,0,0,0,1
S01011899,All people aged 16 and over in households,662,484,434,50,178,90,3,6,33,46
S01011899,16 to 24,55,7,0,7,48,48,0,0,0,0
S01011899,25 to 34,64,41,25,16,23,21,0,1,1,0
S01011899,35 to 49,134,116,103,13,18,11,0,2,5,0
S01011899,50 to 64,206,173,160,13,33,6,1,2,20,4
S01011899,65 to 74,142,111,111,0,31,3,1,1,6,20
S01011899,75 to 84,48,33,32,1,15,0,0,0,1,14
S01011899,85 and over,13,3,3,0,10,1,1,0,0,8
S01011900,All people aged 16 and over in households,602,422,376,46,180,112,4,7,28,29
S01011900,16 to 24,66,3,1,2,63,63,0,0,0,0
S01011900,25 to 34,43,20,16,4,23,22,0,1,0,0
S01011900,35 to 49,164,134,111,23,30,14,2,3,9,2
S01011900,50 to 64,175,150,134,16,25,5,0,2,16,2
S01011900,65 to 74,101,85,85,0,16,5,1,0,2,8
S01011900,75 to 84,44,29,28,1,15,3,1,1,1,9
S01011900,85 and over,9,1,1,0,8,0,0,0,0,8
S01011901,All people aged 16 and over in households,727,476,378,98,251,149,3,16,30,53
S01011901,16 to 24,78,11,0,11,67,66,0,1,0,0
S01011901,25 to 34,95,65,27,38,30,28,0,1,1,0
S01011901,35 to 49,213,160,128,32,53,29,1,10,11,2
S01011901,50 to 64,167,122,110,12,45,18,0,3,16,8
S01011901,65 to 74,96,74,69,5,22,3,1,0,0,18
S01011901,75 to 84,64,39,39,0,25,5,0,1,2,17
S01011901,85 and over,14,5,5,0,9,0,1,0,0,8
S01011902,All people aged 16 and over in households,899,614,562,52,285,154,8,15,26,82
S01011902,16 to 24,92,7,1,6,85,85,0,0,0,0
S01011902,25 to 34,59,29,22,7,30,27,0,2,1,0
S01011902,35 to 49,218,185,163,22,33,16,3,7,6,1
S01011902,50 to 64,246,205,191,14,41,9,0,6,13,13
S01011902,65 to 74,164,123,122,1,41,10,3,0,1,27
S01011902,75 to 84,85,50,50,0,35,5,1,0,4,25
S01011902,85 and over,35,15,13,2,20,2,1,0,1,16
S01011903,All people aged 16 and over in households,678,486,450,36,192,102,2,6,20,62
S01011903,16 to 24,55,3,1,2,52,52,0,0,0,0
S01011903,25 to 34,61,36,20,16,25,24,0,0,1,0
S01011903,35 to 49,131,112,100,12,19,7,0,4,8,0
S01011903,50 to 64,208,188,183,5,20,8,1,2,6,3
S01011903,65 to 74,118,90,89,1,28,8,0,0,4,16
S01011903,75 to 84,74,49,49,0,25,1,1,0,1,22
S01011903,85 and over,31,8,8,0,23,2,0,0,0,21
S01011904,All people aged 16 and over in households,623,458,416,42,165,85,3,7,23,47
S01011904,16 to 24,58,6,3,3,52,52,0,0,0,0
S01011904,25 to 34,55,43,31,12,12,12,0,0,0,0
S01011904,35 to 49,145,124,108,16,21,8,0,3,8,2
S01011904,50 to 64,199,172,161,11,27,5,1,3,12,6
S01011904,65 to 74,91,73,73,0,18,7,0,0,3,8
S01011904,75 to 84,59,36,36,0,23,1,2,1,0,19
S01011904,85 and over,16,4,4,0,12,0,0,0,0,12
S01011905,All people aged 16 and over in households,612,440,412,28,172,118,8,7,13,26
S01011905,16 to 24,83,1,0,1,82,82,0,0,0,0
S01011905,25 to 34,40,21,18,3,19,16,2,1,0,0
S01011905,35 to 49,214,187,174,13,27,15,1,4,7,0
S01011905,50 to 64,161,145,137,8,16,3,3,2,5,3
S01011905,65 to 74,61,52,49,3,9,2,1,0,0,6
S01011905,75 to 84,43,31,31,0,12,0,0,0,1,11
S01011905,85 and over,10,3,3,0,7,0,1,0,0,6
S01011906,All people aged 16 and over in households,370,268,224,44,102,51,2,5,23,21
S01011906,16 to 24,30,6,0,6,24,24,0,0,0,0
S01011906,25 to 34,33,27,11,16,6,6,0,0,0,0
S01011906,35 to 49,103,78,67,11,25,13,2,2,6,2
S01011906,50 to 64,109,89,82,7,20,4,0,2,10,4
S01011906,65 to 74,50,33,31,2,17,3,0,1,6,7
S01011906,75 to 84,38,31,29,2,7,1,0,0,1,5
S01011906,85 and over,7,4,4,0,3,0,0,0,0,3
S01011907,All people aged 16 and over in households,632,410,326,84,222,143,4,10,34,31
S01011907,16 to 24,89,15,1,14,74,72,0,0,2,0
S01011907,25 to 34,86,54,25,29,32,27,0,3,2,0
S01011907,35 to 49,173,128,101,27,45,26,0,2,17,0
S01011907,50 to 64,175,140,128,12,35,13,4,4,7,7
S01011907,65 to 74,62,50,48,2,12,1,0,1,5,5
S01011907,75 to 84,37,22,22,0,15,3,0,0,1,11
S01011907,85 and over,10,1,1,0,9,1,0,0,0,8
S01011908,All people aged 16 and over in households,294,210,166,44,84,48,3,6,18,9
S01011908,16 to 24,30,3,2,1,27,27,0,0,0,0
S01011908,25 to 34,63,45,23,22,18,10,3,1,2,2
S01011908,35 to 49,85,70,53,17,15,7,0,2,6,0
S01011908,50 to 64,82,67,63,4,15,3,0,3,7,2
S01011908,65 to 74,26,21,21,0,5,0,0,0,2,3
S01011908,75 to 84,5,3,3,0,2,0,0,0,1,1
S01011908,85 and over,3,1,1,0,2,1,0,0,0,1
S01011909,All people aged 16 and over in households,783,569,410,159,214,151,2,14,33,14
S01011909,16 to 24,94,21,2,19,73,71,0,2,0,0
S01011909,25 to 34,200,159,88,71,41,36,0,5,0,0
S01011909,35 to 49,324,257,203,54,67,38,1,5,21,2
S01011909,50 to 64,132,110,95,15,22,5,1,2,10,4
S01011909,65 to 74,25,18,18,0,7,1,0,0,2,4
S01011909,75 to 84,5,3,3,0,2,0,0,0,0,2
S01011909,85 and over,3,1,1,0,2,0,0,0,0,2
S01011910,All people aged 16 and over in households,720,332,200,132,388,236,4,23,68,57
S01011910,16 to 24,132,33,6,27,99,99,0,0,0,0
S01011910,25 to 34,153,77,34,43,76,71,1,2,1,1
S01011910,35 to 49,169,98,54,44,71,37,1,14,17,2
S01011910,50 to 64,145,76,59,17,69,21,0,6,35,7
S01011910,65 to 74,60,36,36,0,24,2,1,1,7,13
S01011910,75 to 84,48,12,11,1,36,4,1,0,7,24
S01011910,85 and over,13,0,0,0,13,2,0,0,1,10
S01011911,All people aged 16 and over in households,538,304,244,60,234,113,2,16,43,60
S01011911,16 to 24,65,8,6,2,57,57,0,0,0,0
S01011911,25 to 34,74,53,30,23,21,20,0,0,0,1
S01011911,35 to 49,123,81,62,19,42,19,0,6,15,2
S01011911,50 to 64,132,81,69,12,51,16,1,8,19,7
S01011911,65 to 74,68,42,40,2,26,1,0,1,6,18
S01011911,75 to 84,65,34,33,1,31,0,1,1,3,26
S01011911,85 and over,11,5,4,1,6,0,0,0,0,6
S01011912,All people aged 16 and over in households,578,296,206,90,282,141,7,23,60,51
S01011912,16 to 24,76,16,1,15,60,60,0,0,0,0
S01011912,25 to 34,101,56,35,21,45,42,0,2,1,0
S01011912,35 to 49,157,92,59,33,65,21,4,13,26,1
S01011912,50 to 64,130,83,63,20,47,11,3,6,21,6
S01011912,65 to 74,51,27,26,1,24,2,0,1,7,14
S01011912,75 to 84,49,17,17,0,32,5,0,1,5,21
S01011912,85 and over,14,5,5,0,9,0,0,0,0,9
S01011913,All people aged 16 and over in households,581,308,186,122,273,151,4,22,58,38
S01011913,16 to 24,92,27,2,25,65,65,0,0,0,0
S01011913,25 to 34,108,67,22,45,41,34,2,4,1,0
S01011913,35 to 49,139,85,51,34,54,34,1,4,15,0
S01011913,50 to 64,143,80,65,15,63,15,1,11,31,5
S01011913,65 to 74,52,26,24,2,26,3,0,3,11,9
S01011913,75 to 84,35,22,21,1,13,0,0,0,0,13
S01011913,85 and over,12,1,1,0,11,0,0,0,0,11
S01011914,All people aged 16 and over in households,608,286,166,120,322,197,3,18,66,38
S01011914,16 to 24,110,22,2,20,88,87,1,0,0,0
S01011914,25 to 34,145,87,39,48,58,54,0,2,2,0
S01011914,35 to 49,178,101,74,27,77,32,1,13,29,2
S01011914,50 to 64,103,54,32,22,49,14,1,2,23,9
S01011914,65 to 74,37,11,10,1,26,6,0,1,10,9
S01011914,75 to 84,28,11,9,2,17,3,0,0,2,12
S01011914,85 and over,7,0,0,0,7,1,0,0,0,6
S01011915,All people aged 16 and over in households,643,360,266,94,283,155,3,20,52,53
S01011915,16 to 24,96,19,1,18,77,77,0,0,0,0
S01011915,25 to 34,99,58,27,31,41,30,0,5,6,0
S01011915,35 to 49,149,91,63,28,58,27,0,12,17,2
S01011915,50 to 64,182,137,123,14,45,15,2,2,18,8
S01011915,65 to 74,65,38,36,2,27,2,1,1,8,15
S01011915,75 to 84,35,12,11,1,23,2,0,0,2,19
S01011915,85 and over,17,5,5,0,12,2,0,0,1,9
S01011916,All people aged 16 and over in households,459,260,202,58,199,119,2,9,32,37
S01011916,16 to 24,72,11,3,8,61,61,0,0,0,0
S01011916,25 to 34,58,34,14,20,24,19,2,1,2,0
S01011916,35 to 49,148,93,74,19,55,34,0,4,14,3
S01011916,50 to 64,96,75,64,11,21,4,0,1,11,5
S01011916,65 to 74,46,30,30,0,16,1,0,2,2,11
S01011916,75 to 84,28,14,14,0,14,0,0,1,2,11
S01011916,85 and over,11,3,3,0,8,0,0,0,1,7
S01011917,All people aged 16 and over in households,421,222,184,38,199,109,4,13,37,36
S01011917,16 to 24,57,5,0,5,52,50,0,2,0,0
S01011917,25 to 34,56,32,16,16,24,23,0,0,1,0
S01011917,35 to 49,113,66,53,13,47,23,0,8,16,0
S01011917,50 to 64,103,71,68,3,32,9,1,3,14,5
S01011917,65 to 74,43,28,28,0,15,4,1,0,4,6
S01011917,75 to 84,38,18,17,1,20,0,2,0,1,17
S01011917,85 and over,11,2,2,0,9,0,0,0,1,8
S01011918,All people aged 16 and over in households,582,262,172,90,320,194,1,24,68,33
S01011918,16 to 24,105,23,5,18,82,82,0,0,0,0
S01011918,25 to 34,117,63,36,27,54,44,1,4,4,1
S01011918,35 to 49,173,91,60,31,82,48,0,9,23,2
S01011918,50 to 64,113,53,41,12,60,15,0,9,30,6
S01011918,65 to 74,56,25,24,1,31,5,0,2,9,15
S01011918,75 to 84,16,7,6,1,9,0,0,0,2,7
S01011918,85 and over,2,0,0,0,2,0,0,0,0,2
S01011919,All people aged 16 and over in households,677,352,218,134,325,228,3,23,44,27
S01011919,16 to 24,129,39,4,35,90,90,0,0,0,0
S01011919,25 to 34,169,79,21,58,90,88,2,0,0,0
S01011919,35 to 49,159,96,70,26,63,32,0,13,17,1
S01011919,50 to 64,132,86,72,14,46,11,0,10,20,5
S01011919,65 to 74,54,36,35,1,18,3,0,0,7,8
S01011919,75 to 84,28,15,15,0,13,4,0,0,0,9
S01011919,85 and over,6,1,1,0,5,0,1,0,0,4
S01011920,All people aged 16 and over in households,521,260,180,80,261,148,8,20,35,50
S01011920,16 to 24,80,12,0,12,68,68,0,0,0,0
S01011920,25 to 34,86,41,12,29,45,33,2,8,2,0
S01011920,35 to 49,122,69,45,24,53,32,0,8,10,3
S01011920,50 to 64,125,83,68,15,42,12,4,2,16,8
S01011920,65 to 74,62,38,38,0,24,2,0,2,7,13
S01011920,75 to 84,32,14,14,0,18,1,2,0,0,15
S01011920,85 and over,14,3,3,0,11,0,0,0,0,11
S01011921,All people aged 16 and over in households,465,226,160,66,239,123,5,23,51,37
S01011921,16 to 24,60,10,3,7,50,50,0,0,0,0
S01011921,25 to 34,78,43,14,29,35,30,2,0,3,0
S01011921,35 to 49,122,58,40,18,64,28,2,14,19,1
S01011921,50 to 64,104,67,58,9,37,10,0,5,21,1
S01011921,65 to 74,55,37,34,3,18,3,1,4,2,8
S01011921,75 to 84,37,10,10,0,27,2,0,0,6,19
S01011921,85 and over,9,1,1,0,8,0,0,0,0,8
S01011922,All people aged 16 and over in households,620,326,240,86,294,181,3,19,55,36
S01011922,16 to 24,97,28,6,22,69,69,0,0,0,0
S01011922,25 to 34,115,56,35,21,59,53,1,2,3,0
S01011922,35 to 49,166,94,61,33,72,39,0,12,21,0
S01011922,50 to 64,139,94,84,10,45,13,2,3,19,8
S01011922,65 to 74,64,42,42,0,22,3,0,1,8,10
S01011922,75 to 84,32,12,12,0,20,3,0,1,4,12
S01011922,85 and over,7,0,0,0,7,1,0,0,0,6
S01011923,All people aged 16 and over in households,672,358,226,132,314,193,8,17,54,42
S01011923,16 to 24,113,31,2,29,82,81,0,0,0,1
S01011923,25 to 34,137,86,35,51,51,43,2,3,3,0
S01011923,35 to 49,193,119,79,40,74,42,3,6,22,1
S01011923,50 to 64,146,88,78,10,58,21,2,6,21,8
S01011923,65 to 74,48,23,21,2,25,3,1,2,5,14
S01011923,75 to 84,29,9,9,0,20,2,0,0,3,15
S01011923,85 and over,6,2,2,0,4,1,0,0,0,3
S01011924,All people aged 16 and over in households,354,210,156,54,144,74,1,12,38,19
S01011924,16 to 24,48,11,0,11,37,36,1,0,0,0
S01011924,25 to 34,65,47,35,12,18,16,0,2,0,0
S01011924,35 to 49,81,53,28,25,28,14,0,5,9,0
S01011924,50 to 64,85,52,47,5,33,6,0,2,22,3
S01011924,65 to 74,50,33,32,1,17,1,0,2,5,9
S01011924,75 to 84,23,14,14,0,9,0,0,1,2,6
S01011924,85 and over,2,0,0,0,2,1,0,0,0,1
S01011925,All people aged 16 and over in households,551,386,310,76,165,124,4,11,19,7
S01011925,16 to 24,79,7,0,7,72,72,0,0,0,0
S01011925,25 to 34,120,89,54,35,31,29,1,1,0,0
S01011925,35 to 49,217,182,152,30,35,19,2,6,7,1
S01011925,50 to 64,113,93,89,4,20,4,1,3,10,2
S01011925,65 to 74,15,11,11,0,4,0,0,1,2,1
S01011925,75 to 84,3,3,3,0,0,0,0,0,0,0
S01011925,85 and over,4,1,1,0,3,0,0,0,0,3
S01011926,All people aged 16 and over in households,523,284,222,62,239,139,5,10,57,28
S01011926,16 to 24,67,12,3,9,55,55,0,0,0,0
S01011926,25 to 34,80,39,19,20,41,37,1,1,2,0
S01011926,35 to 49,137,88,66,22,49,32,1,2,14,0
S01011926,50 to 64,152,101,93,8,51,11,1,5,27,7
S01011926,65 to 74,47,29,28,1,18,1,2,1,11,3
S01011926,75 to 84,34,13,11,2,21,2,0,0,3,16
S01011926,85 and over,6,2,2,0,4,1,0,1,0,2
S01011927,All people aged 16 and over in households,502,260,196,64,242,136,0,15,56,35
S01011927,16 to 24,69,11,0,11,58,58,0,0,0,0
S01011927,25 to 34,70,32,22,10,38,36,0,0,2,0
S01011927,35 to 49,120,74,52,22,46,25,0,8,10,3
S01011927,50 to 64,152,100,84,16,52,11,0,7,29,5
S01011927,65 to 74,57,33,29,4,24,4,0,0,13,7
S01011927,75 to 84,29,9,8,1,20,2,0,0,2,16
S01011927,85 and over,5,1,1,0,4,0,0,0,0,4
S01011928,All people aged 16 and over in households,603,352,266,86,251,141,0,13,47,50
S01011928,16 to 24,73,16,3,13,57,57,0,0,0,0
S01011928,25 to 34,88,53,30,23,35,32,0,2,1,0
S01011928,35 to 49,136,91,58,33,45,34,0,3,8,0
S01011928,50 to 64,188,130,119,11,58,14,0,8,28,8
S01011928,65 to 74,78,51,48,3,27,2,0,0,7,18
S01011928,75 to 84,35,11,8,3,24,2,0,0,3,19
S01011928,85 and over,5,0,0,0,5,0,0,0,0,5
S01011929,All people aged 16 and over in households,588,302,226,76,286,146,3,18,56,63
S01011929,16 to 24,85,12,1,11,73,71,0,2,0,0
S01011929,25 to 34,93,59,27,32,34,32,0,0,2,0
S01011929,35 to 49,135,85,68,17,50,25,2,11,11,1
S01011929,50 to 64,142,90,76,14,52,13,1,3,23,12
S01011929,65 to 74,76,46,44,2,30,2,0,2,13,13
S01011929,75 to 84,36,9,9,0,27,1,0,0,7,19
S01011929,85 and over,21,1,1,0,20,2,0,0,0,18
S01011930,All people aged 16 and over in households,508,274,200,74,234,124,5,10,50,45
S01011930,16 to 24,63,8,2,6,55,55,0,0,0,0
S01011930,25 to 34,90,51,21,30,39,30,2,3,4,0
S01011930,35 to 49,125,83,65,18,42,24,3,5,10,0
S01011930,50 to 64,124,82,66,16,42,9,0,1,22,10
S01011930,65 to 74,74,43,39,4,31,1,0,1,12,17
S01011930,75 to 84,26,7,7,0,19,4,0,0,1,14
S01011930,85 and over,6,0,0,0,6,1,0,0,1,4
S01011931,All people aged 16 and over in households,474,222,150,72,252,167,2,21,40,22
S01011931,16 to 24,86,12,2,10,74,73,0,1,0,0
S01011931,25 to 34,82,39,20,19,43,40,2,1,0,0
S01011931,35 to 49,151,93,60,33,58,34,0,13,9,2
S01011931,50 to 64,107,60,51,9,47,13,0,5,23,6
S01011931,65 to 74,31,16,15,1,15,3,0,1,6,5
S01011931,75 to 84,11,1,1,0,10,3,0,0,1,6
S01011931,85 and over,6,1,1,0,5,1,0,0,1,3
S01011932,All people aged 16 and over in households,512,282,152,130,230,169,4,13,30,14
S01011932,16 to 24,109,44,1,43,65,63,0,0,2,0
S01011932,25 to 34,184,129,59,70,55,49,1,3,2,0
S01011932,35 to 49,103,50,44,6,53,39,1,4,9,0
S01011932,50 to 64,77,40,32,8,37,15,1,5,14,2
S01011932,65 to 74,24,16,15,1,8,0,1,0,3,4
S01011932,75 to 84,11,3,1,2,8,2,0,1,0,5
S01011932,85 and over,4,0,0,0,4,1,0,0,0,3
S01011933,All people aged 16 and over in households,561,266,174,92,295,180,9,17,60,29
S01011933,16 to 24,94,21,1,20,73,70,2,0,1,0
S01011933,25 to 34,128,68,31,37,60,54,2,2,2,0
S01011933,35 to 49,135,80,55,25,55,35,3,7,9,1
S01011933,50 to 64,114,52,46,6,62,17,2,6,33,4
S01011933,65 to 74,45,28,25,3,17,3,0,2,7,5
S01011933,75 to 84,33,13,12,1,20,0,0,0,8,12
S01011933,85 and over,12,4,4,0,8,1,0,0,0,7
S01011934,All people aged 16 and over in households,908,520,378,142,388,234,13,25,62,54
S01011934,16 to 24,135,36,3,33,99,98,0,0,0,1
S01011934,25 to 34,174,104,54,50,70,63,1,4,2,0
S01011934,35 to 49,227,140,112,28,87,40,4,16,27,0
S01011934,50 to 64,174,130,105,25,44,15,4,1,21,3
S01011934,65 to 74,104,69,65,4,35,8,1,3,9,14
S01011934,75 to 84,69,34,33,1,35,9,1,1,3,21
S01011934,85 and over,25,7,6,1,18,1,2,0,0,15
S01011935,All people aged 16 and over in households,721,302,202,100,419,260,16,25,68,50
S01011935,16 to 24,125,34,0,34,91,89,1,0,1,0
S01011935,25 to 34,197,96,65,31,101,87,6,3,4,1
S01011935,35 to 49,153,65,43,22,88,54,5,9,18,2
S01011935,50 to 64,127,57,46,11,70,21,3,11,29,6
S01011935,65 to 74,54,24,22,2,30,6,0,2,15,7
S01011935,75 to 84,43,18,18,0,25,2,1,0,1,21
S01011935,85 and over,22,8,8,0,14,1,0,0,0,13
S01011936,All people aged 16 and over in households,597,258,160,98,339,223,11,17,57,31
S01011936,16 to 24,111,32,4,28,79,79,0,0,0,0
S01011936,25 to 34,136,70,25,45,66,65,1,0,0,0
S01011936,35 to 49,136,58,39,19,78,50,5,9,13,1
S01011936,50 to 64,115,49,46,3,66,19,2,7,30,8
S01011936,65 to 74,49,28,27,1,21,3,0,0,11,7
S01011936,75 to 84,35,16,14,2,19,7,2,1,2,7
S01011936,85 and over,15,5,5,0,10,0,1,0,1,8
S01011937,All people aged 16 and over in households,615,246,122,124,369,220,17,27,65,40
S01011937,16 to 24,115,44,2,42,71,69,1,1,0,0
S01011937,25 to 34,174,82,28,54,92,82,4,1,5,0
S01011937,35 to 49,114,35,19,16,79,43,3,17,15,1
S01011937,50 to 64,89,35,26,9,54,13,5,5,28,3
S01011937,65 to 74,50,25,22,3,25,4,1,3,9,8
S01011937,75 to 84,52,17,17,0,35,7,2,0,6,20
S01011937,85 and over,21,8,8,0,13,2,1,0,2,8
S01011938,All people aged 16 and over in households,601,300,196,104,301,159,10,25,59,48
S01011938,16 to 24,64,18,3,15,46,44,0,1,1,0
S01011938,25 to 34,144,87,42,45,57,51,1,2,2,1
S01011938,35 to 49,132,70,44,26,62,33,2,8,18,1
S01011938,50 to 64,113,53,38,15,60,17,6,11,22,4
S01011938,65 to 74,76,41,39,2,35,4,1,3,10,17
S01011938,75 to 84,55,24,23,1,31,8,0,0,6,17
S01011938,85 and over,17,7,7,0,10,2,0,0,0,8
S01011939,All people aged 16 and over in households,639,220,126,94,419,305,7,24,64,19
S01011939,16 to 24,147,30,3,27,117,112,1,1,2,1
S01011939,25 to 34,183,75,27,48,108,97,3,4,4,0
S01011939,35 to 49,131,39,27,12,92,61,2,8,21,0
S01011939,50 to 64,117,48,43,5,69,29,0,9,24,7
S01011939,65 to 74,36,17,15,2,19,3,1,1,10,4
S01011939,75 to 84,21,9,9,0,12,3,0,1,2,6
S01011939,85 and over,4,2,2,0,2,0,0,0,1,1
S01011940,All people aged 16 and over in households,381,146,80,66,235,166,11,10,15,33
S01011940,16 to 24,71,18,3,15,53,52,0,1,0,0
S01011940,25 to 34,146,71,34,37,75,70,4,1,0,0
S01011940,35 to 49,65,22,14,8,43,30,1,6,5,1
S01011940,50 to 64,41,17,14,3,24,6,5,2,10,1
S01011940,65 to 74,15,5,5,0,10,4,0,0,0,6
S01011940,75 to 84,30,13,10,3,17,3,1,0,0,13
S01011940,85 and over,13,0,0,0,13,1,0,0,0,12
S01011941,All people aged 16 and over in households,623,220,76,144,403,271,14,27,67,24
S01011941,16 to 24,136,49,0,49,87,87,0,0,0,0
S01011941,25 to 34,216,88,24,64,128,115,9,0,4,0
S01011941,35 to 49,134,41,22,19,93,51,4,14,24,0
S01011941,50 to 64,93,31,21,10,62,12,0,12,34,4
S01011941,65 to 74,21,7,5,2,14,2,1,1,5,5
S01011941,75 to 84,17,2,2,0,15,3,0,0,0,12
S01011941,85 and over,6,2,2,0,4,1,0,0,0,3
S01011942,All people aged 16 and over in households,784,266,122,144,518,330,8,20,75,85
S01011942,16 to 24,158,56,6,50,102,101,1,0,0,0
S01011942,25 to 34,224,86,21,65,138,130,3,2,3,0
S01011942,35 to 49,133,44,26,18,89,62,1,7,19,0
S01011942,50 to 64,103,25,15,10,78,24,1,11,41,1
S01011942,65 to 74,43,21,20,1,22,7,1,0,6,8
S01011942,75 to 84,71,19,19,0,52,2,1,0,5,44
S01011942,85 and over,52,15,15,0,37,4,0,0,1,32
S01011943,All people aged 16 and over in households,1001,334,168,166,667,410,19,40,117,81
S01011943,16 to 24,188,51,6,45,137,135,2,0,0,0
S01011943,25 to 34,260,114,48,66,146,130,8,5,3,0
S01011943,35 to 49,215,76,31,45,139,83,2,21,32,1
S01011943,50 to 64,154,43,37,6,111,37,4,10,52,8
S01011943,65 to 74,75,24,23,1,51,10,0,4,21,16
S01011943,75 to 84,85,24,21,3,61,14,3,0,8,36
S01011943,85 and over,24,2,2,0,22,1,0,0,1,20
S01011944,All people aged 16 and over in households,384,280,250,30,104,62,2,7,11,22
S01011944,16 to 24,38,1,0,1,37,37,0,0,0,0
S01011944,25 to 34,22,11,6,5,11,11,0,0,0,0
S01011944,35 to 49,84,68,58,10,16,8,0,4,3,1
S01011944,50 to 64,134,118,105,13,16,5,1,2,7,1
S01011944,65 to 74,62,55,54,1,7,1,0,0,1,5
S01011944,75 to 84,35,24,24,0,11,0,0,1,0,10
S01011944,85 and over,9,3,3,0,6,0,1,0,0,5
S01011945,All people aged 16 and over in households,639,492,464,28,147,81,6,5,14,41
S01011945,16 to 24,49,2,1,1,47,47,0,0,0,0
S01011945,25 to 34,39,20,11,9,19,17,1,1,0,0
S01011945,35 to 49,125,116,106,10,9,6,0,0,3,0
S01011945,50 to 64,216,193,187,6,23,7,1,3,6,6
S01011945,65 to 74,125,101,99,2,24,4,2,1,5,12
S01011945,75 to 84,66,49,49,0,17,0,2,0,0,15
S01011945,85 and over,19,11,11,0,8,0,0,0,0,8
S01011946,All people aged 16 and over in households,656,374,312,62,282,149,7,12,56,58
S01011946,16 to 24,72,6,0,6,66,65,1,0,0,0
S01011946,25 to 34,53,29,9,20,24,23,0,0,1,0
S01011946,35 to 49,156,109,84,25,47,29,1,5,12,0
S01011946,50 to 64,155,96,87,9,59,21,2,4,29,3
S01011946,65 to 74,111,76,74,2,35,2,3,3,11,16
S01011946,75 to 84,85,51,51,0,34,8,0,0,3,23
S01011946,85 and over,24,7,7,0,17,1,0,0,0,16
S01011947,All people aged 16 and over in households,415,290,276,14,125,62,3,8,13,39
S01011947,16 to 24,43,1,1,0,42,42,0,0,0,0
S01011947,25 to 34,17,5,4,1,12,11,0,1,0,0
S01011947,35 to 49,83,68,60,8,15,3,0,6,6,0
S01011947,50 to 64,126,111,106,5,15,4,0,1,7,3
S01011947,65 to 74,85,67,67,0,18,1,2,0,0,15
S01011947,75 to 84,48,35,35,0,13,1,0,0,0,12
S01011947,85 and over,13,3,3,0,10,0,1,0,0,9
S01011948,All people aged 16 and over in households,879,510,442,68,369,171,5,21,62,110
S01011948,16 to 24,83,15,7,8,68,68,0,0,0,0
S01011948,25 to 34,77,46,27,19,31,31,0,0,0,0
S01011948,35 to 49,204,147,125,22,57,29,0,11,14,3
S01011948,50 to 64,228,163,147,16,65,20,2,5,31,7
S01011948,65 to 74,127,83,80,3,44,6,2,5,11,20
S01011948,75 to 84,109,48,48,0,61,10,1,0,5,45
S01011948,85 and over,51,8,8,0,43,7,0,0,1,35
S01011949,All people aged 16 and over in households,713,498,458,40,215,86,3,8,28,90
S01011949,16 to 24,45,4,1,3,41,41,0,0,0,0
S01011949,25 to 34,30,17,12,5,13,11,1,1,0,0
S01011949,35 to 49,128,110,94,16,18,9,0,2,4,3
S01011949,50 to 64,199,156,148,8,43,16,0,4,15,8
S01011949,65 to 74,143,116,111,5,27,3,0,0,9,15
S01011949,75 to 84,135,80,78,2,55,5,2,1,0,47
S01011949,85 and over,33,15,14,1,18,1,0,0,0,17
S01011950,All people aged 16 and over in households,631,403,356,47,228,107,4,7,37,73
S01011950,16 to 24,49,3,1,2,46,46,0,0,0,0
S01011950,25 to 34,47,24,11,13,23,23,0,0,0,0
S01011950,35 to 49,123,98,83,15,25,10,0,4,10,1
S01011950,50 to 64,168,126,115,11,42,16,0,1,18,7
S01011950,65 to 74,119,89,85,4,30,3,1,1,7,18
S01011950,75 to 84,100,55,53,2,45,8,1,1,2,33
S01011950,85 and over,25,8,8,0,17,1,2,0,0,14
S01011951,All people aged 16 and over in households,563,350,288,62,213,109,2,11,29,62
S01011951,16 to 24,55,10,3,7,45,44,0,1,0,0
S01011951,25 to 34,76,45,24,21,31,28,0,2,1,0
S01011951,35 to 49,133,100,76,24,33,17,1,2,12,1
S01011951,50 to 64,127,99,92,7,28,10,0,5,11,2
S01011951,65 to 74,93,65,63,2,28,6,0,1,3,18
S01011951,75 to 84,63,30,29,1,33,2,0,0,1,30
S01011951,85 and over,16,1,1,0,15,2,1,0,1,11
S01011952,All people aged 16 and over in households,393,324,286,38,69,37,1,1,10,20
S01011952,16 to 24,22,0,0,0,22,22,0,0,0,0
S01011952,25 to 34,56,50,44,6,6,6,0,0,0,0
S01011952,35 to 49,122,113,88,25,9,5,0,0,2,2
S01011952,50 to 64,97,82,76,6,15,4,1,0,7,3
S01011952,65 to 74,57,50,49,1,7,0,0,1,1,5
S01011952,75 to 84,34,25,25,0,9,0,0,0,0,9
S01011952,85 and over,5,4,4,0,1,0,0,0,0,1
S01011953,All people aged 16 and over in households,609,406,362,44,203,99,8,16,25,55
S01011953,16 to 24,63,7,3,4,56,56,0,0,0,0
S01011953,25 to 34,48,27,15,12,21,20,0,1,0,0
S01011953,35 to 49,162,132,116,16,30,12,0,9,5,4
S01011953,50 to 64,179,153,143,10,26,4,2,5,8,7
S01011953,65 to 74,72,44,43,1,28,2,2,1,11,12
S01011953,75 to 84,63,36,35,1,27,4,1,0,1,21
S01011953,85 and over,22,7,7,0,15,1,3,0,0,11
S01011954,All people aged 16 and over in households,402,238,202,36,164,75,5,8,30,46
S01011954,16 to 24,32,5,0,5,27,26,0,0,1,0
S01011954,25 to 34,56,35,21,14,21,17,0,2,2,0
S01011954,35 to 49,100,71,57,14,29,18,2,4,4,1
S01011954,50 to 64,97,68,65,3,29,11,3,2,10,3
S01011954,65 to 74,65,43,43,0,22,1,0,0,10,11
S01011954,75 to 84,33,14,14,0,19,2,0,0,3,14
S01011954,85 and over,19,2,2,0,17,0,0,0,0,17
S01011955,All people aged 16 and over in households,820,472,386,86,348,168,8,30,63,79
S01011955,16 to 24,77,7,2,5,70,70,0,0,0,0
S01011955,25 to 34,98,53,19,34,45,43,0,0,2,0
S01011955,35 to 49,169,118,86,32,51,27,3,10,10,1
S01011955,50 to 64,233,164,155,9,69,17,3,13,31,5
S01011955,65 to 74,108,73,70,3,35,4,0,7,6,18
S01011955,75 to 84,95,48,45,3,47,5,0,0,10,32
S01011955,85 and over,40,9,9,0,31,2,2,0,4,23
S01011956,All people aged 16 and over in households,783,576,524,52,207,121,5,14,26,41
S01011956,16 to 24,67,2,1,1,65,64,0,0,1,0
S01011956,25 to 34,91,59,41,18,32,29,0,3,0,0
S01011956,35 to 49,261,232,215,17,29,12,2,5,8,2
S01011956,50 to 64,204,171,158,13,33,9,2,5,13,4
S01011956,65 to 74,94,79,76,3,15,2,0,1,3,9
S01011956,75 to 84,53,29,29,0,24,4,1,0,1,18
S01011956,85 and over,13,4,4,0,9,1,0,0,0,8
S01011957,All people aged 16 and over in households,607,394,352,42,213,122,6,14,35,36
S01011957,16 to 24,57,3,1,2,54,54,0,0,0,0
S01011957,25 to 34,58,32,26,6,26,24,0,0,2,0
S01011957,35 to 49,182,137,124,13,45,28,3,5,8,1
S01011957,50 to 64,173,130,110,20,43,6,2,8,18,9
S01011957,65 to 74,93,70,69,1,23,9,1,0,6,7
S01011957,75 to 84,29,19,19,0,10,1,0,0,0,9
S01011957,85 and over,15,3,3,0,12,0,0,1,1,10
S01011958,All people aged 16 and over in households,896,602,514,88,294,159,5,19,52,59
S01011958,16 to 24,81,15,6,9,66,66,0,0,0,0
S01011958,25 to 34,88,48,28,20,40,38,0,1,1,0
S01011958,35 to 49,212,167,136,31,45,22,1,11,11,0
S01011958,50 to 64,283,228,206,22,55,23,1,3,22,6
S01011958,65 to 74,128,89,84,5,39,6,2,3,14,14
S01011958,75 to 84,85,51,50,1,34,1,1,1,4,27
S01011958,85 and over,19,4,4,0,15,3,0,0,0,12
S01011959,All people aged 16 and over in households,711,484,422,62,227,134,2,19,28,44
S01011959,16 to 24,83,10,1,9,73,72,0,1,0,0
S01011959,25 to 34,43,28,12,16,15,14,0,1,0,0
S01011959,35 to 49,216,176,150,26,40,25,1,8,6,0
S01011959,50 to 64,196,154,146,8,42,14,1,5,17,5
S01011959,65 to 74,90,67,65,2,23,4,0,3,4,12
S01011959,75 to 84,65,40,39,1,25,5,0,1,1,18
S01011959,85 and over,18,9,9,0,9,0,0,0,0,9
S01011960,All people aged 16 and over in households,633,488,414,74,145,91,1,11,21,21
S01011960,16 to 24,55,11,7,4,44,43,1,0,0,0
S01011960,25 to 34,101,86,65,21,15,15,0,0,0,0
S01011960,35 to 49,193,166,139,27,27,15,0,3,9,0
S01011960,50 to 64,183,148,128,20,35,15,0,8,7,5
S01011960,65 to 74,67,54,54,0,13,2,0,0,4,7
S01011960,75 to 84,25,19,17,2,6,1,0,0,1,4
S01011960,85 and over,9,4,4,0,5,0,0,0,0,5
S01011961,All people aged 16 and over in households,573,394,312,82,179,94,2,20,24,39
S01011961,16 to 24,63,17,2,15,46,46,0,0,0,0
S01011961,25 to 34,114,86,56,30,28,23,1,2,1,1
S01011961,35 to 49,147,107,79,28,40,18,0,12,8,2
S01011961,50 to 64,155,129,120,9,26,6,1,5,8,6
S01011961,65 to 74,52,36,36,0,16,1,0,1,6,8
S01011961,75 to 84,36,19,19,0,17,0,0,0,1,16
S01011961,85 and over,6,0,0,0,6,0,0,0,0,6
S01011962,All people aged 16 and over in households,541,426,368,58,115,80,2,7,14,12
S01011962,16 to 24,39,1,0,1,38,38,0,0,0,0
S01011962,25 to 34,67,46,28,18,21,18,2,1,0,0
S01011962,35 to 49,190,168,143,25,22,13,0,5,4,0
S01011962,50 to 64,140,127,119,8,13,4,0,1,6,2
S01011962,65 to 74,76,66,62,4,10,4,0,0,3,3
S01011962,75 to 84,25,16,14,2,9,2,0,0,1,6
S01011962,85 and over,4,2,2,0,2,1,0,0,0,1
S01011963,All people aged 16 and over in households,414,264,212,52,150,65,3,12,25,45
S01011963,16 to 24,33,3,0,3,30,30,0,0,0,0
S01011963,25 to 34,72,59,40,19,13,12,1,0,0,0
S01011963,35 to 49,115,93,69,24,22,11,1,6,3,1
S01011963,50 to 64,94,57,53,4,37,12,0,4,16,5
S01011963,65 to 74,45,30,28,2,15,0,0,2,4,9
S01011963,75 to 84,42,19,19,0,23,0,1,0,2,20
S01011963,85 and over,13,3,3,0,10,0,0,0,0,10
S01011964,All people aged 16 and over in households,824,566,480,86,258,146,7,11,48,46
S01011964,16 to 24,75,11,4,7,64,64,0,0,0,0
S01011964,25 to 34,118,78,57,21,40,37,0,0,3,0
S01011964,35 to 49,230,176,138,38,54,26,4,9,15,0
S01011964,50 to 64,199,155,141,14,44,13,3,2,22,4
S01011964,65 to 74,134,110,105,5,24,5,0,0,8,11
S01011964,75 to 84,56,35,34,1,21,1,0,0,0,20
S01011964,85 and over,12,1,1,0,11,0,0,0,0,11
S01011965,All people aged 16 and over in households,678,410,366,44,268,134,5,13,33,83
S01011965,16 to 24,61,0,0,0,61,60,1,0,0,0
S01011965,25 to 34,55,27,13,14,28,27,0,0,1,0
S01011965,35 to 49,150,116,101,15,34,21,1,8,4,0
S01011965,50 to 64,175,129,119,10,46,13,1,3,19,10
S01011965,65 to 74,108,81,78,3,27,4,1,2,2,18
S01011965,75 to 84,100,52,50,2,48,7,0,0,5,36
S01011965,85 and over,29,5,5,0,24,2,1,0,2,19
S01011966,All people aged 16 and over in households,673,468,410,58,205,113,11,6,28,47
S01011966,16 to 24,61,6,1,5,55,54,1,0,0,0
S01011966,25 to 34,57,31,22,9,26,25,0,0,1,0
S01011966,35 to 49,206,168,138,30,38,18,3,4,12,1
S01011966,50 to 64,173,142,131,11,31,9,6,2,9,5
S01011966,65 to 74,101,83,82,1,18,2,1,0,5,10
S01011966,75 to 84,54,29,27,2,25,5,0,0,1,19
S01011966,85 and over,21,9,9,0,12,0,0,0,0,12
S01011967,All people aged 16 and over in households,805,566,472,94,239,131,5,20,41,42
S01011967,16 to 24,68,1,1,0,67,67,0,0,0,0
S01011967,25 to 34,79,54,38,16,25,22,0,2,1,0
S01011967,35 to 49,251,197,152,45,54,23,4,9,18,0
S01011967,50 to 64,241,205,179,26,36,7,1,6,16,6
S01011967,65 to 74,112,85,80,5,27,6,0,3,5,13
S01011967,75 to 84,45,23,21,2,22,5,0,0,1,16
S01011967,85 and over,9,1,1,0,8,1,0,0,0,7
S01011968,All people aged 16 and over in households,832,498,364,134,334,189,3,16,55,71
S01011968,16 to 24,97,25,2,23,72,72,0,0,0,0
S01011968,25 to 34,158,94,43,51,64,55,1,5,3,0
S01011968,35 to 49,205,140,97,43,65,38,2,6,16,3
S01011968,50 to 64,185,127,116,11,58,14,0,5,26,13
S01011968,65 to 74,107,75,73,2,32,6,0,0,8,18
S01011968,75 to 84,70,35,31,4,35,3,0,0,2,30
S01011968,85 and over,10,2,2,0,8,1,0,0,0,7
S01011969,All people aged 16 and over in households,873,562,440,122,311,170,7,25,44,65
S01011969,16 to 24,72,15,0,15,57,56,1,0,0,0
S01011969,25 to 34,120,79,41,38,41,34,3,2,2,0
S01011969,35 to 49,205,133,91,42,72,41,1,16,14,0
S01011969,50 to 64,244,189,169,20,55,17,0,6,19,13
S01011969,65 to 74,121,94,91,3,27,7,0,0,7,13
S01011969,75 to 84,84,42,38,4,42,13,1,1,2,25
S01011969,85 and over,27,10,10,0,17,2,1,0,0,14
S01011970,All people aged 16 and over in households,761,442,294,148,319,187,4,24,59,45
S01011970,16 to 24,95,24,6,18,71,70,0,0,1,0
S01011970,25 to 34,159,107,44,63,52,50,1,1,0,0
S01011970,35 to 49,197,123,75,48,74,44,1,7,21,1
S01011970,50 to 64,178,123,107,16,55,12,1,12,27,3
S01011970,65 to 74,82,47,45,2,35,7,0,3,9,16
S01011970,75 to 84,41,18,17,1,23,3,0,1,1,18
S01011970,85 and over,9,0,0,0,9,1,1,0,0,7
S01011971,All people aged 16 and over in households,444,290,254,36,154,78,0,14,28,34
S01011971,16 to 24,44,3,2,1,41,40,0,0,1,0
S01011971,25 to 34,54,35,23,12,19,15,0,3,1,0
S01011971,35 to 49,130,108,89,19,22,10,0,3,8,1
S01011971,50 to 64,107,75,73,2,32,9,0,8,13,2
S01011971,65 to 74,57,40,39,1,17,1,0,0,5,11
S01011971,75 to 84,37,22,21,1,15,1,0,0,0,14
S01011971,85 and over,15,7,7,0,8,2,0,0,0,6
S01011972,All people aged 16 and over in households,978,648,554,94,330,178,4,26,54,68
S01011972,16 to 24,87,6,0,6,81,80,1,0,0,0
S01011972,25 to 34,83,42,30,12,41,36,0,5,0,0
S01011972,35 to 49,232,177,124,53,55,25,0,7,22,1
S01011972,50 to 64,330,267,249,18,63,26,2,9,18,8
S01011972,65 to 74,154,113,108,5,41,10,0,1,11,19
S01011972,75 to 84,69,39,39,0,30,0,0,3,2,25
S01011972,85 and over,23,4,4,0,19,1,1,1,1,15
S01011973,All people aged 16 and over in households,512,366,310,56,146,88,0,11,20,27
S01011973,16 to 24,43,7,2,5,36,36,0,0,0,0
S01011973,25 to 34,57,35,20,15,22,22,0,0,0,0
S01011973,35 to 49,132,101,83,18,31,17,0,7,7,0
S01011973,50 to 64,146,127,112,15,19,4,0,3,6,6
S01011973,65 to 74,78,58,55,3,20,7,0,1,4,8
S01011973,75 to 84,50,36,36,0,14,1,0,0,3,10
S01011973,85 and over,6,2,2,0,4,1,0,0,0,3
S01011974,All people aged 16 and over in households,625,452,386,66,173,105,3,9,21,35
S01011974,16 to 24,56,8,0,8,48,48,0,0,0,0
S01011974,25 to 34,55,33,18,15,22,20,0,1,1,0
S01011974,35 to 49,156,131,101,30,25,14,0,4,6,1
S01011974,50 to 64,202,173,162,11,29,13,1,2,8,5
S01011974,65 to 74,99,78,76,2,21,6,0,2,4,9
S01011974,75 to 84,44,28,28,0,16,4,1,0,2,9
S01011974,85 and over,13,1,1,0,12,0,1,0,0,11
S01011975,All people aged 16 and over in households,393,270,218,52,123,73,3,4,18,25
S01011975,16 to 24,43,5,1,4,38,38,0,0,0,0
S01011975,25 to 34,42,28,20,8,14,14,0,0,0,0
S01011975,35 to 49,84,68,51,17,16,7,1,0,7,1
S01011975,50 to 64,126,108,86,22,18,7,0,3,6,2
S01011975,65 to 74,57,44,43,1,13,3,0,1,2,7
S01011975,75 to 84,33,17,17,0,16,3,0,0,2,11
S01011975,85 and over,8,0,0,0,8,1,2,0,1,4
S01011976,All people aged 16 and over in households,644,432,344,88,212,114,1,11,38,48
S01011976,16 to 24,75,12,3,9,63,63,0,0,0,0
S01011976,25 to 34,69,51,19,32,18,16,0,1,1,0
S01011976,35 to 49,166,133,105,28,33,13,0,5,12,3
S01011976,50 to 64,158,122,103,19,36,14,0,2,14,6
S01011976,65 to 74,104,80,80,0,24,3,0,3,8,10
S01011976,75 to 84,50,28,28,0,22,3,1,0,3,15
S01011976,85 and over,22,6,6,0,16,2,0,0,0,14
S01011977,All people aged 16 and over in households,947,576,466,110,371,216,4,17,53,81
S01011977,16 to 24,120,14,0,14,106,106,0,0,0,0
S01011977,25 to 34,104,58,25,33,46,46,0,0,0,0
S01011977,35 to 49,222,158,120,38,64,31,0,13,18,2
S01011977,50 to 64,271,214,191,23,57,18,1,3,24,11
S01011977,65 to 74,146,107,105,2,39,9,0,1,7,22
S01011977,75 to 84,66,22,22,0,44,6,3,0,4,31
S01011977,85 and over,18,3,3,0,15,0,0,0,0,15
S01011978,All people aged 16 and over in households,587,346,280,66,241,109,1,15,40,76
S01011978,16 to 24,59,8,3,5,51,51,0,0,0,0
S01011978,25 to 34,61,42,20,22,19,18,0,1,0,0
S01011978,35 to 49,115,80,62,18,35,19,0,6,9,1
S01011978,50 to 64,138,99,88,11,39,10,0,6,16,7
S01011978,65 to 74,97,64,57,7,33,6,1,1,9,16
S01011978,75 to 84,91,47,45,2,44,2,0,1,5,36
S01011978,85 and over,26,6,5,1,20,3,0,0,1,16
S01011979,All people aged 16 and over in households,768,572,492,80,196,105,4,15,16,56
S01011979,16 to 24,57,4,1,3,53,52,1,0,0,0
S01011979,25 to 34,88,67,44,23,21,19,1,0,1,0
S01011979,35 to 49,211,181,150,31,30,18,1,6,4,1
S01011979,50 to 64,222,189,171,18,33,9,1,4,9,10
S01011979,65 to 74,116,92,88,4,24,6,0,2,2,14
S01011979,75 to 84,56,37,36,1,19,1,0,2,0,16
S01011979,85 and over,18,2,2,0,16,0,0,1,0,15
S01011980,All people aged 16 and over in households,342,240,196,44,102,55,3,3,19,22
S01011980,16 to 24,39,9,3,6,30,30,0,0,0,0
S01011980,25 to 34,38,30,18,12,8,7,0,1,0,0
S01011980,35 to 49,80,66,56,10,14,9,1,0,3,1
S01011980,50 to 64,110,85,75,10,25,7,1,1,10,6
S01011980,65 to 74,51,36,32,4,15,2,0,1,6,6
S01011980,75 to 84,19,12,10,2,7,0,1,0,0,6
S01011980,85 and over,5,2,2,0,3,0,0,0,0,3
S01011981,All people aged 16 and over in households,738,494,402,92,244,134,10,21,36,43
S01011981,16 to 24,90,17,4,13,73,73,0,0,0,0
S01011981,25 to 34,64,37,23,14,27,24,0,1,1,1
S01011981,35 to 49,167,134,105,29,33,18,3,6,6,0
S01011981,50 to 64,234,182,154,28,52,14,3,11,20,4
S01011981,65 to 74,110,87,83,4,23,3,3,2,6,9
S01011981,75 to 84,60,34,30,4,26,2,0,1,3,20
S01011981,85 and over,13,3,3,0,10,0,1,0,0,9
S01011982,All people aged 16 and over in households,783,552,474,78,231,140,4,12,35,40
S01011982,16 to 24,68,3,1,2,65,64,0,1,0,0
S01011982,25 to 34,80,46,26,20,34,31,0,2,1,0
S01011982,35 to 49,211,170,133,37,41,24,0,4,11,2
S01011982,50 to 64,243,195,179,16,48,16,2,3,18,9
S01011982,65 to 74,112,90,87,3,22,4,1,2,3,12
S01011982,75 to 84,56,41,41,0,15,1,0,0,2,12
S01011982,85 and over,13,7,7,0,6,0,1,0,0,5
S01011983,All people aged 16 and over in households,624,406,342,64,218,107,3,8,36,64
S01011983,16 to 24,43,4,0,4,39,39,0,0,0,0
S01011983,25 to 34,36,17,12,5,19,16,0,1,1,1
S01011983,35 to 49,136,95,65,30,41,27,0,2,11,1
S01011983,50 to 64,187,146,127,19,41,12,1,5,17,6
S01011983,65 to 74,117,90,84,6,27,7,2,0,6,12
S01011983,75 to 84,80,46,46,0,34,5,0,0,1,28
S01011983,85 and over,25,8,8,0,17,1,0,0,0,16
S01011984,All people aged 16 and over in households,537,278,226,52,259,140,9,21,31,58
S01011984,16 to 24,64,6,0,6,58,55,2,0,1,0
S01011984,25 to 34,88,50,29,21,38,33,0,4,1,0
S01011984,35 to 49,126,82,61,21,44,26,4,7,6,1
S01011984,50 to 64,128,89,85,4,39,17,0,3,12,7
S01011984,65 to 74,60,34,34,0,26,3,2,6,6,9
S01011984,75 to 84,43,14,14,0,29,5,0,0,4,20
S01011984,85 and over,28,3,3,0,25,1,1,1,1,21
S01011985,All people aged 16 and over in households,567,378,304,74,189,111,4,9,27,38
S01011985,16 to 24,85,18,3,15,67,66,0,1,0,0
S01011985,25 to 34,54,30,16,14,24,21,3,0,0,0
S01011985,35 to 49,137,114,86,28,23,12,1,6,3,1
S01011985,50 to 64,151,127,113,14,24,4,0,2,14,4
S01011985,65 to 74,76,55,52,3,21,7,0,0,7,7
S01011985,75 to 84,52,27,27,0,25,0,0,0,3,22
S01011985,85 and over,12,7,7,0,5,1,0,0,0,4
S01011986,All people aged 16 and over in households,528,272,198,74,256,144,10,11,48,43
S01011986,16 to 24,74,16,3,13,58,56,0,1,0,1
S01011986,25 to 34,98,62,37,25,36,34,0,2,0,0
S01011986,35 to 49,120,58,35,23,62,36,4,6,15,1
S01011986,50 to 64,126,77,66,11,49,10,6,2,25,6
S01011986,65 to 74,60,38,36,2,22,4,0,0,5,13
S01011986,75 to 84,45,21,21,0,24,2,0,0,3,19
S01011986,85 and over,5,0,0,0,5,2,0,0,0,3
S01011987,All people aged 16 and over in households,771,492,418,74,279,163,6,13,48,49
S01011987,16 to 24,91,9,1,8,82,81,0,1,0,0
S01011987,25 to 34,120,82,52,30,38,36,1,1,0,0
S01011987,35 to 49,180,124,107,17,56,30,1,7,18,0
S01011987,50 to 64,190,147,134,13,43,11,3,2,19,8
S01011987,65 to 74,122,97,93,4,25,3,0,1,8,13
S01011987,75 to 84,51,29,27,2,22,1,1,1,3,16
S01011987,85 and over,17,4,4,0,13,1,0,0,0,12
S01011988,All people aged 16 and over in households,557,386,350,36,171,85,3,10,19,54
S01011988,16 to 24,50,1,0,1,49,49,0,0,0,0
S01011988,25 to 34,41,26,18,8,15,14,1,0,0,0
S01011988,35 to 49,92,76,63,13,16,9,0,4,2,1
S01011988,50 to 64,187,158,151,7,29,7,0,5,11,6
S01011988,65 to 74,98,73,67,6,25,3,2,0,4,16
S01011988,75 to 84,66,43,42,1,23,1,0,1,2,19
S01011988,85 and over,23,9,9,0,14,2,0,0,0,12
S01011989,All people aged 16 and over in households,719,460,390,70,259,126,4,18,48,63
S01011989,16 to 24,89,10,1,9,79,78,0,1,0,0
S01011989,25 to 34,70,45,25,20,25,21,0,2,2,0
S01011989,35 to 49,175,130,104,26,45,14,1,6,20,4
S01011989,50 to 64,177,139,128,11,38,9,2,6,14,7
S01011989,65 to 74,105,80,79,1,25,2,1,1,6,15
S01011989,75 to 84,88,51,48,3,37,2,0,2,6,27
S01011989,85 and over,15,5,5,0,10,0,0,0,0,10
S01011990,All people aged 16 and over in households,654,442,408,34,212,95,4,10,27,76
S01011990,16 to 24,54,8,1,7,46,46,0,0,0,0
S01011990,25 to 34,49,29,20,9,20,19,0,1,0,0
S01011990,35 to 49,122,96,83,13,26,18,0,1,7,0
S01011990,50 to 64,174,137,133,4,37,8,2,7,12,8
S01011990,65 to 74,128,107,106,1,21,2,0,1,4,14
S01011990,75 to 84,91,52,52,0,39,2,1,0,3,33
S01011990,85 and over,36,13,13,0,23,0,1,0,1,21
S01011991,All people aged 16 and over in households,587,354,302,52,233,132,4,8,29,60
S01011991,16 to 24,81,12,2,10,69,69,0,0,0,0
S01011991,25 to 34,60,37,22,15,23,23,0,0,0,0
S01011991,35 to 49,139,102,86,16,37,17,0,4,13,3
S01011991,50 to 64,165,126,118,8,39,17,1,4,11,6
S01011991,65 to 74,75,59,57,2,16,2,2,0,3,9
S01011991,75 to 84,53,18,17,1,35,3,1,0,2,29
S01011991,85 and over,14,0,0,0,14,1,0,0,0,13
S01011992,All people aged 16 and over in households,827,512,422,90,315,158,5,15,55,82
S01011992,16 to 24,80,12,5,7,68,68,0,0,0,0
S01011992,25 to 34,86,46,25,21,40,37,0,2,1,0
S01011992,35 to 49,167,127,92,35,40,18,0,6,15,1
S01011992,50 to 64,212,153,140,13,59,19,2,7,24,7
S01011992,65 to 74,126,92,89,3,34,11,0,0,10,13
S01011992,75 to 84,118,68,58,10,50,4,2,0,5,39
S01011992,85 and over,38,14,13,1,24,1,1,0,0,22
S01011993,All people aged 16 and over in households,714,334,202,132,380,183,8,22,81,86
S01011993,16 to 24,111,36,3,33,75,74,1,0,0,0
S01011993,25 to 34,149,99,42,57,50,44,2,0,4,0
S01011993,35 to 49,151,84,61,23,67,44,0,10,11,2
S01011993,50 to 64,107,48,37,11,59,6,3,9,33,8
S01011993,65 to 74,106,42,35,7,64,7,2,3,23,29
S01011993,75 to 84,67,20,19,1,47,6,0,0,9,32
S01011993,85 and over,23,5,5,0,18,2,0,0,1,15
S01011994,All people aged 16 and over in households,619,478,450,28,141,74,3,5,10,49
S01011994,16 to 24,36,0,0,0,36,36,0,0,0,0
S01011994,25 to 34,30,14,7,7,16,15,0,1,0,0
S01011994,35 to 49,82,73,63,10,9,8,0,1,0,0
S01011994,50 to 64,219,200,193,7,19,4,1,3,5,6
S01011994,65 to 74,139,116,114,2,23,6,1,0,5,11
S01011994,75 to 84,89,69,67,2,20,5,0,0,0,15
S01011994,85 and over,24,6,6,0,18,0,1,0,0,17
S01011995,All people aged 16 and over in households,652,482,414,68,170,105,5,11,21,28
S01011995,16 to 24,60,5,0,5,55,55,0,0,0,0
S01011995,25 to 34,56,35,16,19,21,19,0,0,2,0
S01011995,35 to 49,208,172,144,28,36,18,4,7,7,0
S01011995,50 to 64,201,177,161,16,24,8,1,4,9,2
S01011995,65 to 74,76,65,65,0,11,4,0,0,1,6
S01011995,75 to 84,45,26,26,0,19,1,0,0,2,16
S01011995,85 and over,6,2,2,0,4,0,0,0,0,4
S01011996,All people aged 16 and over in households,460,254,220,34,206,102,3,8,40,53
S01011996,16 to 24,65,9,0,9,56,56,0,0,0,0
S01011996,25 to 34,46,26,15,11,20,19,0,1,0,0
S01011996,35 to 49,116,79,70,9,37,15,1,5,16,0
S01011996,50 to 64,124,85,82,3,39,6,2,1,19,11
S01011996,65 to 74,51,35,34,1,16,2,0,1,3,10
S01011996,75 to 84,45,18,17,1,27,3,0,0,2,22
S01011996,85 and over,13,2,2,0,11,1,0,0,0,10
S01011997,All people aged 16 and over in households,745,434,338,96,311,187,0,22,49,53
S01011997,16 to 24,92,12,0,12,80,80,0,0,0,0
S01011997,25 to 34,108,55,24,31,53,48,0,2,2,1
S01011997,35 to 49,193,137,97,40,56,35,0,8,12,1
S01011997,50 to 64,192,137,128,9,55,18,0,11,21,5
S01011997,65 to 74,83,60,56,4,23,1,0,0,11,11
S01011997,75 to 84,58,28,28,0,30,2,0,0,2,26
S01011997,85 and over,19,5,5,0,14,3,0,1,1,9
S01011998,All people aged 16 and over in households,426,336,312,24,90,49,2,6,10,23
S01011998,16 to 24,27,0,0,0,27,27,0,0,0,0
S01011998,25 to 34,30,22,15,7,8,7,0,0,1,0
S01011998,35 to 49,136,115,101,14,21,10,0,4,5,2
S01011998,50 to 64,113,105,102,3,8,2,0,1,2,3
S01011998,65 to 74,76,66,66,0,10,1,0,1,2,6
S01011998,75 to 84,34,23,23,0,11,1,1,0,0,9
S01011998,85 and over,10,5,5,0,5,1,1,0,0,3
S01011999,All people aged 16 and over in households,527,334,266,68,193,97,8,11,36,41
S01011999,16 to 24,50,2,0,2,48,47,0,1,0,0
S01011999,25 to 34,55,35,10,25,20,18,0,1,1,0
S01011999,35 to 49,145,100,73,27,45,18,4,8,13,2
S01011999,50 to 64,152,115,102,13,37,11,2,1,12,11
S01011999,65 to 74,75,60,59,1,15,1,2,0,5,7
S01011999,75 to 84,43,22,22,0,21,2,0,0,5,14
S01011999,85 and over,7,0,0,0,7,0,0,0,0,7
S01012000,All people aged 16 and over in households,375,281,226,55,94,49,0,6,11,28
S01012000,16 to 24,27,10,1,9,17,17,0,0,0,0
S01012000,25 to 34,59,45,26,19,14,12,0,2,0,0
S01012000,35 to 49,101,83,64,19,18,9,0,3,5,1
S01012000,50 to 64,97,81,74,7,16,6,0,1,4,5
S01012000,65 to 74,51,41,40,1,10,3,0,0,2,5
S01012000,75 to 84,30,18,18,0,12,2,0,0,0,10
S01012000,85 and over,10,3,3,0,7,0,0,0,0,7
S01012001,All people aged 16 and over in households,522,342,274,68,180,94,1,8,36,41
S01012001,16 to 24,43,7,2,5,36,36,0,0,0,0
S01012001,25 to 34,68,50,27,23,18,17,0,0,1,0
S01012001,35 to 49,137,105,79,26,32,23,0,4,5,0
S01012001,50 to 64,145,106,96,10,39,13,0,3,18,5
S01012001,65 to 74,66,42,38,4,24,2,0,1,8,13
S01012001,75 to 84,50,29,29,0,21,2,1,0,2,16
S01012001,85 and over,13,3,3,0,10,1,0,0,2,7
S01012002,All people aged 16 and over in households,462,308,280,28,154,78,2,7,23,44
S01012002,16 to 24,44,2,0,2,42,42,0,0,0,0
S01012002,25 to 34,37,18,12,6,19,17,0,2,0,0
S01012002,35 to 49,89,73,68,5,16,9,0,3,4,0
S01012002,50 to 64,142,117,104,13,25,5,0,1,14,5
S01012002,65 to 74,77,55,54,1,22,3,1,1,3,14
S01012002,75 to 84,56,36,35,1,20,2,1,0,2,15
S01012002,85 and over,17,7,7,0,10,0,0,0,0,10
S01012003,All people aged 16 and over in households,457,270,210,60,187,99,4,12,39,33
S01012003,16 to 24,58,7,2,5,51,50,0,1,0,0
S01012003,25 to 34,43,24,14,10,19,17,0,1,0,1
S01012003,35 to 49,130,88,58,30,42,20,1,6,14,1
S01012003,50 to 64,117,84,69,15,33,7,0,4,17,5
S01012003,65 to 74,71,50,50,0,21,3,1,0,4,13
S01012003,75 to 84,30,14,14,0,16,1,2,0,3,10
S01012003,85 and over,8,3,3,0,5,1,0,0,1,3
S01012004,All people aged 16 and over in households,721,476,384,92,245,121,0,16,39,69
S01012004,16 to 24,69,7,1,6,62,62,0,0,0,0
S01012004,25 to 34,66,46,17,29,20,17,0,2,1,0
S01012004,35 to 49,179,138,109,29,41,19,0,7,13,2
S01012004,50 to 64,198,168,143,25,30,7,0,4,16,3
S01012004,65 to 74,119,80,78,2,39,8,0,2,8,21
S01012004,75 to 84,75,33,32,1,42,7,0,1,1,33
S01012004,85 and over,15,4,4,0,11,1,0,0,0,10
S01012005,All people aged 16 and over in households,675,478,420,58,197,131,3,15,27,21
S01012005,16 to 24,87,8,0,8,79,79,0,0,0,0
S01012005,25 to 34,61,36,25,11,25,21,0,3,1,0
S01012005,35 to 49,229,191,168,23,38,14,1,9,11,3
S01012005,50 to 64,197,165,153,12,32,10,2,3,13,4
S01012005,65 to 74,70,59,56,3,11,6,0,0,1,4
S01012005,75 to 84,23,15,14,1,8,0,0,0,0,8
S01012005,85 and over,8,4,4,0,4,1,0,0,1,2
S01012006,All people aged 16 and over in households,523,368,312,56,155,94,10,10,15,26
S01012006,16 to 24,40,6,1,5,34,34,0,0,0,0
S01012006,25 to 34,65,41,24,17,24,20,2,2,0,0
S01012006,35 to 49,135,107,89,18,28,18,0,5,5,0
S01012006,50 to 64,175,145,131,14,30,15,4,2,4,5
S01012006,65 to 74,71,54,52,2,17,4,2,0,2,9
S01012006,75 to 84,29,13,13,0,16,0,2,1,4,9
S01012006,85 and over,8,2,2,0,6,3,0,0,0,3
S01012007,All people aged 16 and over in households,681,430,360,70,251,115,7,11,46,72
S01012007,16 to 24,49,10,4,6,39,39,0,0,0,0
S01012007,25 to 34,63,31,18,13,32,29,2,1,0,0
S01012007,35 to 49,149,119,87,32,30,17,0,4,9,0
S01012007,50 to 64,208,156,142,14,52,13,4,4,25,6
S01012007,65 to 74,105,69,66,3,36,5,0,1,8,22
S01012007,75 to 84,73,39,37,2,34,9,1,1,4,19
S01012007,85 and over,34,6,6,0,28,3,0,0,0,25
S01012008,All people aged 16 and over in households,732,461,369,92,271,145,7,14,50,55
S01012008,16 to 24,63,8,0,8,55,54,0,0,0,1
S01012008,25 to 34,83,48,16,32,35,33,0,1,1,0
S01012008,35 to 49,208,141,104,37,67,36,1,5,22,3
S01012008,50 to 64,190,141,130,11,49,12,4,7,17,9
S01012008,65 to 74,91,70,68,2,21,4,1,1,9,6
S01012008,75 to 84,77,46,45,1,31,4,0,0,1,26
S01012008,85 and over,20,7,6,1,13,2,1,0,0,10
S01012009,All people aged 16 and over in households,537,340,266,74,197,107,7,18,26,39
S01012009,16 to 24,51,9,0,9,42,42,0,0,0,0
S01012009,25 to 34,54,25,12,13,29,24,0,4,1,0
S01012009,35 to 49,147,109,82,27,38,25,2,6,3,2
S01012009,50 to 64,148,106,85,21,42,11,5,5,12,9
S01012009,65 to 74,76,56,53,3,20,3,0,2,7,8
S01012009,75 to 84,45,30,29,1,15,2,0,1,2,10
S01012009,85 and over,16,5,5,0,11,0,0,0,1,10
S01012010,All people aged 16 and over in households,945,588,486,102,357,194,15,10,51,87
S01012010,16 to 24,81,17,1,16,64,61,2,1,0,0
S01012010,25 to 34,116,61,27,34,55,52,0,1,2,0
S01012010,35 to 49,179,116,92,24,63,42,3,5,12,1
S01012010,50 to 64,252,196,172,24,56,21,3,2,25,5
S01012010,65 to 74,151,109,106,3,42,7,3,1,10,21
S01012010,75 to 84,123,73,72,1,50,8,4,0,2,36
S01012010,85 and over,43,16,16,0,27,3,0,0,0,24
S01012011,All people aged 16 and over in households,909,500,396,104,409,232,8,27,53,89
S01012011,16 to 24,104,12,1,11,92,92,0,0,0,0
S01012011,25 to 34,114,45,17,28,69,65,0,2,2,0
S01012011,35 to 49,215,147,110,37,68,32,1,16,19,0
S01012011,50 to 64,212,159,134,25,53,18,5,6,13,11
S01012011,65 to 74,129,73,70,3,56,16,2,1,13,24
S01012011,75 to 84,99,53,53,0,46,7,0,2,5,32
S01012011,85 and over,36,11,11,0,25,2,0,0,1,22
S01012012,All people aged 16 and over in households,571,388,338,50,183,75,3,8,35,62
S01012012,16 to 24,40,8,0,8,32,32,0,0,0,0
S01012012,25 to 34,34,16,3,13,18,17,0,0,1,0
S01012012,35 to 49,95,81,62,19,14,6,0,4,3,1
S01012012,50 to 64,186,155,149,6,31,6,0,3,19,3
S01012012,65 to 74,105,82,79,3,23,5,2,1,6,9
S01012012,75 to 84,81,40,39,1,41,5,0,0,5,31
S01012012,85 and over,30,6,6,0,24,4,1,0,1,18
S01012013,All people aged 16 and over in households,645,430,370,60,215,110,8,16,38,43
S01012013,16 to 24,58,12,1,11,46,45,1,0,0,0
S01012013,25 to 34,63,41,29,12,22,22,0,0,0,0
S01012013,35 to 49,128,97,82,15,31,15,3,5,8,0
S01012013,50 to 64,211,154,136,18,57,15,3,9,24,6
S01012013,65 to 74,116,92,89,3,24,8,1,1,4,10
S01012013,75 to 84,56,30,29,1,26,3,0,1,1,21
S01012013,85 and over,13,4,4,0,9,2,0,0,1,6
S01012014,All people aged 16 and over in households,682,368,272,96,314,177,14,12,50,61
S01012014,16 to 24,72,9,1,8,63,63,0,0,0,0
S01012014,25 to 34,102,58,18,40,44,41,0,2,1,0
S01012014,35 to 49,168,109,78,31,59,38,5,5,10,1
S01012014,50 to 64,171,113,97,16,58,23,5,5,20,5
S01012014,65 to 74,79,49,48,1,30,6,1,0,13,10
S01012014,75 to 84,69,28,28,0,41,5,2,0,5,29
S01012014,85 and over,21,2,2,0,19,1,1,0,1,16
S01012015,All people aged 16 and over in households,778,496,390,106,282,152,1,23,39,67
S01012015,16 to 24,93,9,1,8,84,84,0,0,0,0
S01012015,25 to 34,87,58,31,27,29,27,0,2,0,0
S01012015,35 to 49,212,157,114,43,55,24,1,17,12,1
S01012015,50 to 64,154,118,108,10,36,8,0,4,18,6
S01012015,65 to 74,107,79,67,12,28,6,0,0,7,15
S01012015,75 to 84,92,61,55,6,31,3,0,0,1,27
S01012015,85 and over,33,14,14,0,19,0,0,0,1,18
S01012016,All people aged 16 and over in households,670,463,398,65,207,116,5,15,25,46
S01012016,16 to 24,53,4,0,4,49,49,0,0,0,0
S01012016,25 to 34,59,36,19,17,23,22,1,0,0,0
S01012016,35 to 49,166,127,103,24,39,20,3,7,9,0
S01012016,50 to 64,225,191,172,19,34,14,0,6,9,5
S01012016,65 to 74,94,70,69,1,24,6,0,1,6,11
S01012016,75 to 84,56,32,32,0,24,5,0,1,1,17
S01012016,85 and over,17,3,3,0,14,0,1,0,0,13
S01012017,All people aged 16 and over in households,423,302,254,48,121,78,4,5,10,24
S01012017,16 to 24,29,3,1,2,26,26,0,0,0,0
S01012017,25 to 34,42,18,12,6,24,23,1,0,0,0
S01012017,35 to 49,103,82,58,24,21,18,0,1,2,0
S01012017,50 to 64,143,121,110,11,22,8,1,2,6,5
S01012017,65 to 74,74,62,58,4,12,1,2,1,1,7
S01012017,75 to 84,25,14,13,1,11,2,0,1,1,7
S01012017,85 and over,7,2,2,0,5,0,0,0,0,5
S01012018,All people aged 16 and over in households,693,472,416,56,221,123,9,15,37,37
S01012018,16 to 24,62,7,1,6,55,55,0,0,0,0
S01012018,25 to 34,63,38,28,10,25,22,1,1,1,0
S01012018,35 to 49,175,136,112,24,39,18,1,6,13,1
S01012018,50 to 64,214,164,148,16,50,20,6,5,15,4
S01012018,65 to 74,111,91,91,0,20,5,0,2,3,10
S01012018,75 to 84,52,31,31,0,21,1,1,0,4,15
S01012018,85 and over,16,5,5,0,11,2,0,1,1,7
S01012019,All people aged 16 and over in households,661,428,362,66,233,135,8,22,33,35
S01012019,16 to 24,66,6,2,4,60,60,0,0,0,0
S01012019,25 to 34,100,59,40,19,41,39,1,0,1,0
S01012019,35 to 49,212,161,128,33,51,27,7,11,6,0
S01012019,50 to 64,174,132,122,10,42,5,0,9,22,6
S01012019,65 to 74,64,47,47,0,17,3,0,2,3,9
S01012019,75 to 84,36,21,21,0,15,1,0,0,1,13
S01012019,85 and over,9,2,2,0,7,0,0,0,0,7
S01012020,All people aged 16 and over in households,586,316,262,54,270,136,2,12,51,69
S01012020,16 to 24,59,4,1,3,55,54,0,0,1,0
S01012020,25 to 34,57,29,12,17,28,27,0,0,1,0
S01012020,35 to 49,147,101,82,19,46,33,0,3,7,3
S01012020,50 to 64,169,121,109,12,48,12,0,5,24,7
S01012020,65 to 74,77,41,38,3,36,3,2,2,14,15
S01012020,75 to 84,55,16,16,0,39,4,0,1,4,30
S01012020,85 and over,22,4,4,0,18,3,0,1,0,14
S01012021,All people aged 16 and over in households,472,298,254,44,174,127,1,6,21,19
S01012021,16 to 24,74,2,0,2,72,72,0,0,0,0
S01012021,25 to 34,35,14,5,9,21,21,0,0,0,0
S01012021,35 to 49,136,103,83,20,33,21,1,2,9,0
S01012021,50 to 64,149,121,110,11,28,11,0,2,7,8
S01012021,65 to 74,43,37,37,0,6,1,0,2,2,1
S01012021,75 to 84,28,19,17,2,9,1,0,0,3,5
S01012021,85 and over,7,2,2,0,5,0,0,0,0,5
S01012022,All people aged 16 and over in households,529,338,284,54,191,112,2,11,27,39
S01012022,16 to 24,44,5,0,5,39,39,0,0,0,0
S01012022,25 to 34,75,43,26,17,32,30,0,1,1,0
S01012022,35 to 49,166,120,97,23,46,30,1,5,8,2
S01012022,50 to 64,154,112,105,7,42,11,0,5,13,13
S01012022,65 to 74,56,46,45,1,10,0,0,0,4,6
S01012022,75 to 84,27,12,11,1,15,2,1,0,1,11
S01012022,85 and over,7,0,0,0,7,0,0,0,0,7
S01012023,All people aged 16 and over in households,441,296,240,56,145,84,3,11,16,31
S01012023,16 to 24,45,2,0,2,43,43,0,0,0,0
S01012023,25 to 34,26,14,6,8,12,12,0,0,0,0
S01012023,35 to 49,144,118,90,28,26,14,1,4,2,5
S01012023,50 to 64,128,93,77,16,35,10,2,6,11,6
S01012023,65 to 74,67,50,48,2,17,5,0,1,3,8
S01012023,75 to 84,29,18,18,0,11,0,0,0,0,11
S01012023,85 and over,2,1,1,0,1,0,0,0,0,1
S01012024,All people aged 16 and over in households,690,480,426,54,210,120,3,14,38,35
S01012024,16 to 24,59,2,0,2,57,57,0,0,0,0
S01012024,25 to 34,94,65,48,17,29,27,1,1,0,0
S01012024,35 to 49,253,214,188,26,39,16,1,10,11,1
S01012024,50 to 64,176,126,119,7,50,18,1,2,23,6
S01012024,65 to 74,72,59,57,2,13,1,0,1,2,9
S01012024,75 to 84,29,14,14,0,15,1,0,0,2,12
S01012024,85 and over,7,0,0,0,7,0,0,0,0,7
S01012025,All people aged 16 and over in households,560,366,326,40,194,117,1,11,25,40
S01012025,16 to 24,58,2,0,2,56,56,0,0,0,0
S01012025,25 to 34,65,34,20,14,31,28,0,2,1,0
S01012025,35 to 49,182,143,126,17,39,22,0,5,11,1
S01012025,50 to 64,144,120,113,7,24,2,0,3,11,8
S01012025,65 to 74,72,53,53,0,19,4,1,1,2,11
S01012025,75 to 84,29,13,13,0,16,5,0,0,0,11
S01012025,85 and over,10,1,1,0,9,0,0,0,0,9
S01012026,All people aged 16 and over in households,465,334,300,34,131,96,2,11,13,9
S01012026,16 to 24,69,4,1,3,65,65,0,0,0,0
S01012026,25 to 34,68,47,36,11,21,15,0,5,1,0
S01012026,35 to 49,200,175,160,15,25,14,0,5,4,2
S01012026,50 to 64,91,80,75,5,11,1,1,1,6,2
S01012026,65 to 74,26,21,21,0,5,1,0,0,2,2
S01012026,75 to 84,11,7,7,0,4,0,1,0,0,3
S01012026,85 and over,0,0,0,0,0,0,0,0,0,0
S01012027,All people aged 16 and over in households,641,460,394,66,181,124,2,5,23,27
S01012027,16 to 24,72,7,2,5,65,65,0,0,0,0
S01012027,25 to 34,118,87,64,23,31,28,0,0,3,0
S01012027,35 to 49,196,170,140,30,26,16,2,2,5,1
S01012027,50 to 64,156,125,119,6,31,12,0,3,6,10
S01012027,65 to 74,62,48,46,2,14,2,0,0,8,4
S01012027,75 to 84,36,23,23,0,13,1,0,0,1,11
S01012027,85 and over,1,0,0,0,1,0,0,0,0,1
S01012028,All people aged 16 and over in households,780,558,510,48,222,146,4,13,21,38
S01012028,16 to 24,91,1,1,0,90,90,0,0,0,0
S01012028,25 to 34,47,19,14,5,28,25,0,2,0,1
S01012028,35 to 49,202,176,144,32,26,15,1,4,5,1
S01012028,50 to 64,277,242,231,11,35,7,2,6,11,9
S01012028,65 to 74,94,78,78,0,16,5,0,1,3,7
S01012028,75 to 84,59,38,38,0,21,3,1,0,2,15
S01012028,85 and over,10,4,4,0,6,1,0,0,0,5
S01012029,All people aged 16 and over in households,825,484,404,80,341,215,8,26,41,51
S01012029,16 to 24,119,5,1,4,114,114,0,0,0,0
S01012029,25 to 34,78,37,23,14,41,38,1,1,1,0
S01012029,35 to 49,241,187,149,38,54,31,0,12,10,1
S01012029,50 to 64,245,178,156,22,67,24,6,9,21,7
S01012029,65 to 74,79,48,47,1,31,5,1,4,7,14
S01012029,75 to 84,48,29,28,1,19,1,0,0,0,18
S01012029,85 and over,15,0,0,0,15,2,0,0,2,11
S01012030,All people aged 16 and over in households,528,334,284,50,194,136,4,13,25,16
S01012030,16 to 24,76,3,0,3,73,73,0,0,0,0
S01012030,25 to 34,62,28,14,14,34,31,0,2,1,0
S01012030,35 to 49,161,126,106,20,35,20,2,6,6,1
S01012030,50 to 64,141,108,96,12,33,8,2,5,14,4
S01012030,65 to 74,66,55,54,1,11,3,0,0,3,5
S01012030,75 to 84,18,14,14,0,4,1,0,0,1,2
S01012030,85 and over,4,0,0,0,4,0,0,0,0,4
S01012031,All people aged 16 and over in households,461,350,312,38,111,65,1,5,13,27
S01012031,16 to 24,33,1,0,1,32,32,0,0,0,0
S01012031,25 to 34,38,19,15,4,19,18,0,0,1,0
S01012031,35 to 49,116,102,78,24,14,9,0,2,1,2
S01012031,50 to 64,130,116,110,6,14,1,0,1,7,5
S01012031,65 to 74,101,88,85,3,13,3,1,1,3,5
S01012031,75 to 84,36,22,22,0,14,1,0,1,1,11
S01012031,85 and over,7,2,2,0,5,1,0,0,0,4
S01012032,All people aged 16 and over in households,295,186,168,18,109,69,1,3,13,23
S01012032,16 to 24,35,0,0,0,35,35,0,0,0,0
S01012032,25 to 34,18,7,2,5,11,11,0,0,0,0
S01012032,35 to 49,75,57,49,8,18,8,0,3,5,2
S01012032,50 to 64,98,79,76,3,19,10,1,0,6,2
S01012032,65 to 74,41,33,31,2,8,0,0,0,2,6
S01012032,75 to 84,18,10,10,0,8,1,0,0,0,7
S01012032,85 and over,10,0,0,0,10,4,0,0,0,6
S01012033,All people aged 16 and over in households,696,406,338,68,290,157,0,18,36,79
S01012033,16 to 24,80,9,4,5,71,71,0,0,0,0
S01012033,25 to 34,81,41,15,26,40,39,0,1,0,0
S01012033,35 to 49,152,104,75,29,48,31,0,6,9,2
S01012033,50 to 64,208,154,147,7,54,12,0,9,20,13
S01012033,65 to 74,101,69,68,1,32,1,0,2,5,24
S01012033,75 to 84,54,28,28,0,26,3,0,0,1,22
S01012033,85 and over,20,1,1,0,19,0,0,0,1,18
S01012034,All people aged 16 and over in households,658,370,296,74,288,157,6,18,51,56
S01012034,16 to 24,76,9,1,8,67,67,0,0,0,0
S01012034,25 to 34,85,41,26,15,44,41,0,3,0,0
S01012034,35 to 49,207,149,114,35,58,27,3,9,19,0
S01012034,50 to 64,152,105,91,14,47,11,3,4,21,8
S01012034,65 to 74,82,49,47,2,33,7,0,0,8,18
S01012034,75 to 84,37,15,15,0,22,4,0,1,1,16
S01012034,85 and over,19,2,2,0,17,0,0,1,2,14
S01012035,All people aged 16 and over in households,768,472,396,76,296,172,2,27,42,53
S01012035,16 to 24,79,10,0,10,69,69,0,0,0,0
S01012035,25 to 34,89,40,26,14,49,47,0,2,0,0
S01012035,35 to 49,187,125,90,35,62,36,0,12,14,0
S01012035,50 to 64,229,183,166,17,46,12,1,12,12,9
S01012035,65 to 74,106,75,75,0,31,5,0,0,11,15
S01012035,75 to 84,63,37,37,0,26,3,0,1,5,17
S01012035,85 and over,15,2,2,0,13,0,1,0,0,12
S01012036,All people aged 16 and over in households,735,450,420,30,285,183,5,14,36,47
S01012036,16 to 24,104,8,3,5,96,96,0,0,0,0
S01012036,25 to 34,65,29,19,10,36,35,0,1,0,0
S01012036,35 to 49,161,113,103,10,48,26,2,5,14,1
S01012036,50 to 64,227,182,177,5,45,14,2,7,14,8
S01012036,65 to 74,108,83,83,0,25,7,0,1,6,11
S01012036,75 to 84,62,32,32,0,30,4,1,0,2,23
S01012036,85 and over,8,3,3,0,5,1,0,0,0,4
S01012037,All people aged 16 and over in households,757,391,314,77,366,217,2,34,50,63
S01012037,16 to 24,110,14,4,10,96,96,0,0,0,0
S01012037,25 to 34,137,76,47,29,61,55,0,6,0,0
S01012037,35 to 49,205,120,93,27,85,49,1,9,22,4
S01012037,50 to 64,142,87,79,8,55,16,0,12,22,5
S01012037,65 to 74,98,60,57,3,38,1,1,4,4,28
S01012037,75 to 84,58,31,31,0,27,0,0,3,2,22
S01012037,85 and over,7,3,3,0,4,0,0,0,0,4
S01012038,All people aged 16 and over in households,630,236,154,82,394,270,5,25,56,38
S01012038,16 to 24,136,14,2,12,122,120,1,0,0,1
S01012038,25 to 34,118,44,17,27,74,66,0,4,4,0
S01012038,35 to 49,191,87,52,35,104,66,2,9,23,4
S01012038,50 to 64,115,56,50,6,59,15,2,9,21,12
S01012038,65 to 74,47,25,23,2,22,3,0,3,6,10
S01012038,75 to 84,22,10,10,0,12,0,0,0,2,10
S01012038,85 and over,1,0,0,0,1,0,0,0,0,1
S01012039,All people aged 16 and over in households,801,428,350,78,373,226,4,20,34,89
S01012039,16 to 24,115,4,1,3,111,111,0,0,0,0
S01012039,25 to 34,105,55,26,29,50,47,0,2,1,0
S01012039,35 to 49,211,137,99,38,74,44,2,11,13,4
S01012039,50 to 64,186,136,129,7,50,18,1,3,14,14
S01012039,65 to 74,123,77,76,1,46,4,1,2,5,34
S01012039,75 to 84,54,17,17,0,37,2,0,2,1,32
S01012039,85 and over,7,2,2,0,5,0,0,0,0,5
S01012040,All people aged 16 and over in households,555,334,298,36,221,144,5,19,25,28
S01012040,16 to 24,98,1,1,0,97,96,0,0,1,0
S01012040,25 to 34,66,38,29,9,28,26,0,2,0,0
S01012040,35 to 49,175,136,117,19,39,16,0,10,11,2
S01012040,50 to 64,137,113,106,7,24,6,3,4,10,1
S01012040,65 to 74,45,28,27,1,17,0,1,2,3,11
S01012040,75 to 84,25,15,15,0,10,0,1,1,0,8
S01012040,85 and over,9,3,3,0,6,0,0,0,0,6
S01012041,All people aged 16 and over in households,721,410,334,76,311,185,5,14,54,53
S01012041,16 to 24,94,5,2,3,89,89,0,0,0,0
S01012041,25 to 34,106,54,20,34,52,47,0,2,3,0
S01012041,35 to 49,214,146,113,33,68,36,2,6,24,0
S01012041,50 to 64,144,94,88,6,50,13,2,6,24,5
S01012041,65 to 74,88,72,72,0,16,0,1,0,2,13
S01012041,75 to 84,65,35,35,0,30,0,0,0,1,29
S01012041,85 and over,10,4,4,0,6,0,0,0,0,6
S01012042,All people aged 16 and over in households,754,388,326,62,366,211,2,22,39,92
S01012042,16 to 24,98,7,0,7,91,91,0,0,0,0
S01012042,25 to 34,76,22,12,10,54,52,0,2,0,0
S01012042,35 to 49,206,128,98,30,78,48,0,9,18,3
S01012042,50 to 64,181,139,129,10,42,15,0,3,16,8
S01012042,65 to 74,114,62,59,3,52,5,2,7,5,33
S01012042,75 to 84,70,30,28,2,40,0,0,1,0,39
S01012042,85 and over,9,0,0,0,9,0,0,0,0,9
S01012043,All people aged 16 and over in households,687,342,258,84,345,225,7,27,51,35
S01012043,16 to 24,112,20,1,19,92,92,0,0,0,0
S01012043,25 to 34,99,37,19,18,62,51,2,5,4,0
S01012043,35 to 49,209,120,87,33,89,57,2,13,15,2
S01012043,50 to 64,167,104,90,14,63,21,1,7,28,6
S01012043,65 to 74,71,46,46,0,25,4,1,2,4,14
S01012043,75 to 84,23,14,14,0,9,0,1,0,0,8
S01012043,85 and over,6,1,1,0,5,0,0,0,0,5
S01012044,All people aged 16 and over in households,756,336,260,76,420,238,4,28,61,89
S01012044,16 to 24,101,14,1,13,87,86,0,1,0,0
S01012044,25 to 34,73,25,12,13,48,46,1,0,1,0
S01012044,35 to 49,191,107,73,34,84,56,1,11,14,2
S01012044,50 to 64,165,90,78,12,75,25,1,12,27,10
S01012044,65 to 74,124,72,69,3,52,11,1,3,10,27
S01012044,75 to 84,82,24,23,1,58,14,0,1,9,34
S01012044,85 and over,20,4,4,0,16,0,0,0,0,16
S01012045,All people aged 16 and over in households,894,408,274,134,486,293,2,38,81,72
S01012045,16 to 24,130,30,4,26,100,99,0,0,1,0
S01012045,25 to 34,172,96,40,56,76,71,0,2,3,0
S01012045,35 to 49,244,121,87,34,123,84,1,16,21,1
S01012045,50 to 64,197,96,82,14,101,27,1,20,37,16
S01012045,65 to 74,76,38,37,1,38,6,0,0,16,16
S01012045,75 to 84,61,27,24,3,34,5,0,0,3,26
S01012045,85 and over,14,0,0,0,14,1,0,0,0,13
S01012046,All people aged 16 and over in households,571,212,160,52,359,205,2,26,66,60
S01012046,16 to 24,84,7,0,7,77,77,0,0,0,0
S01012046,25 to 34,82,37,14,23,45,41,1,1,2,0
S01012046,35 to 49,139,61,45,16,78,50,0,11,17,0
S01012046,50 to 64,116,46,42,4,70,22,1,8,28,11
S01012046,65 to 74,81,37,36,1,44,8,0,5,12,19
S01012046,75 to 84,57,22,21,1,35,6,0,1,5,23
S01012046,85 and over,12,2,2,0,10,1,0,0,2,7
S01012047,All people aged 16 and over in households,805,310,240,70,495,251,3,32,86,123
S01012047,16 to 24,91,12,2,10,79,79,0,0,0,0
S01012047,25 to 34,112,43,18,25,69,64,1,3,1,0
S01012047,35 to 49,187,81,61,20,106,65,1,12,28,0
S01012047,50 to 64,171,84,74,10,87,26,1,14,35,11
S01012047,65 to 74,106,62,58,4,44,6,0,2,11,25
S01012047,75 to 84,101,25,24,1,76,9,0,1,10,56
S01012047,85 and over,37,3,3,0,34,2,0,0,1,31
S01012048,All people aged 16 and over in households,586,232,164,68,354,172,6,25,72,79
S01012048,16 to 24,68,11,2,9,57,57,0,0,0,0
S01012048,25 to 34,104,58,29,29,46,44,1,1,0,0
S01012048,35 to 49,155,69,44,25,86,42,3,13,26,2
S01012048,50 to 64,110,42,38,4,68,17,0,9,35,7
S01012048,65 to 74,66,36,36,0,30,5,0,2,8,15
S01012048,75 to 84,57,16,15,1,41,6,0,0,3,32
S01012048,85 and over,26,0,0,0,26,1,2,0,0,23
S01012049,All people aged 16 and over in households,575,292,214,78,283,161,12,18,45,47
S01012049,16 to 24,67,14,0,14,53,52,0,0,0,1
S01012049,25 to 34,93,48,18,30,45,42,2,1,0,0
S01012049,35 to 49,150,87,64,23,63,43,1,7,12,0
S01012049,50 to 64,145,87,77,10,58,21,2,9,19,7
S01012049,65 to 74,72,41,40,1,31,1,2,1,13,14
S01012049,75 to 84,40,14,14,0,26,1,5,0,1,19
S01012049,85 and over,8,1,1,0,7,1,0,0,0,6
S01012050,All people aged 16 and over in households,801,476,398,78,325,209,8,25,51,32
S01012050,16 to 24,107,5,0,5,102,102,0,0,0,0
S01012050,25 to 34,134,84,63,21,50,44,1,4,1,0
S01012050,35 to 49,286,197,164,33,89,48,4,13,22,2
S01012050,50 to 64,184,134,115,19,50,9,0,7,24,10
S01012050,65 to 74,65,47,47,0,18,4,1,1,3,9
S01012050,75 to 84,22,9,9,0,13,2,2,0,1,8
S01012050,85 and over,3,0,0,0,3,0,0,0,0,3
S01012051,All people aged 16 and over in households,427,214,192,22,213,113,1,12,31,56
S01012051,16 to 24,59,7,0,7,52,52,0,0,0,0
S01012051,25 to 34,38,13,10,3,25,23,1,1,0,0
S01012051,35 to 49,89,59,51,8,30,19,0,4,6,1
S01012051,50 to 64,119,84,80,4,35,15,0,5,10,5
S01012051,65 to 74,60,36,36,0,24,2,0,1,8,13
S01012051,75 to 84,46,10,10,0,36,1,0,1,7,27
S01012051,85 and over,16,5,5,0,11,1,0,0,0,10
S01012052,All people aged 16 and over in households,763,356,310,46,407,222,3,22,66,94
S01012052,16 to 24,99,5,1,4,94,93,0,1,0,0
S01012052,25 to 34,105,39,23,16,66,63,1,2,0,0
S01012052,35 to 49,189,115,100,15,74,38,1,11,21,3
S01012052,50 to 64,166,104,95,9,62,15,0,5,36,6
S01012052,65 to 74,101,59,58,1,42,10,0,2,7,23
S01012052,75 to 84,83,30,29,1,53,3,0,1,2,47
S01012052,85 and over,20,4,4,0,16,0,1,0,0,15
S01012053,All people aged 16 and over in households,750,350,278,72,400,239,5,21,67,68
S01012053,16 to 24,104,9,1,8,95,95,0,0,0,0
S01012053,25 to 34,122,46,19,27,76,70,0,6,0,0
S01012053,35 to 49,177,100,76,24,77,49,0,10,18,0
S01012053,50 to 64,176,104,96,8,72,20,1,4,34,13
S01012053,65 to 74,83,60,56,4,23,3,3,1,8,8
S01012053,75 to 84,73,30,29,1,43,2,0,0,6,35
S01012053,85 and over,15,1,1,0,14,0,1,0,1,12
S01012054,All people aged 16 and over in households,650,238,142,96,412,270,1,31,71,39
S01012054,16 to 24,121,17,1,16,104,104,0,0,0,0
S01012054,25 to 34,171,84,28,56,87,80,1,2,4,0
S01012054,35 to 49,163,54,40,14,109,62,0,20,26,1
S01012054,50 to 64,130,62,52,10,68,22,0,7,33,6
S01012054,65 to 74,30,12,12,0,18,2,0,1,6,9
S01012054,75 to 84,28,8,8,0,20,0,0,0,1,19
S01012054,85 and over,7,1,1,0,6,0,0,1,1,4
S01012055,All people aged 16 and over in households,735,330,252,78,405,214,5,24,74,88
S01012055,16 to 24,97,12,1,11,85,84,1,0,0,0
S01012055,25 to 34,96,40,18,22,56,55,0,1,0,0
S01012055,35 to 49,173,87,62,25,86,51,0,11,22,2
S01012055,50 to 64,180,108,94,14,72,18,1,8,36,9
S01012055,65 to 74,76,43,41,2,33,6,1,2,7,17
S01012055,75 to 84,92,35,31,4,57,0,2,2,8,45
S01012055,85 and over,21,5,5,0,16,0,0,0,1,15
S01012056,All people aged 16 and over in households,667,400,352,48,267,144,2,19,43,59
S01012056,16 to 24,95,2,1,1,93,93,0,0,0,0
S01012056,25 to 34,41,29,20,9,12,12,0,0,0,0
S01012056,35 to 49,187,148,124,24,39,20,1,5,11,2
S01012056,50 to 64,167,126,115,11,41,6,0,7,23,5
S01012056,65 to 74,102,64,61,3,38,7,1,6,7,17
S01012056,75 to 84,60,29,29,0,31,3,0,1,2,25
S01012056,85 and over,15,2,2,0,13,3,0,0,0,10
S01012057,All people aged 16 and over in households,639,426,388,38,213,124,3,17,20,49
S01012057,16 to 24,87,2,0,2,85,85,0,0,0,0
S01012057,25 to 34,45,21,12,9,24,23,0,0,1,0
S01012057,35 to 49,163,141,125,16,22,11,0,7,4,0
S01012057,50 to 64,198,168,158,10,30,2,1,9,11,7
S01012057,65 to 74,76,58,57,1,18,2,0,1,3,12
S01012057,75 to 84,63,36,36,0,27,0,2,0,1,24
S01012057,85 and over,7,0,0,0,7,1,0,0,0,6
S01012058,All people aged 16 and over in households,633,374,342,32,259,156,4,12,36,51
S01012058,16 to 24,89,4,0,4,85,85,0,0,0,0
S01012058,25 to 34,62,28,18,10,34,30,1,2,1,0
S01012058,35 to 49,149,109,96,13,40,20,1,7,12,0
S01012058,50 to 64,170,126,121,5,44,16,0,3,16,9
S01012058,65 to 74,88,69,69,0,19,3,0,0,4,12
S01012058,75 to 84,53,29,29,0,24,0,1,0,3,20
S01012058,85 and over,22,9,9,0,13,2,1,0,0,10
S01012059,All people aged 16 and over in households,706,338,268,70,368,206,6,18,50,88
S01012059,16 to 24,87,8,0,8,79,79,0,0,0,0
S01012059,25 to 34,99,38,19,19,61,59,0,2,0,0
S01012059,35 to 49,164,93,67,26,71,47,2,8,12,2
S01012059,50 to 64,197,123,108,15,74,16,2,6,31,19
S01012059,65 to 74,81,57,55,2,24,1,0,1,5,17
S01012059,75 to 84,64,18,18,0,46,3,2,1,2,38
S01012059,85 and over,14,1,1,0,13,1,0,0,0,12
S01012060,All people aged 16 and over in households,705,356,294,62,349,198,5,11,47,88
S01012060,16 to 24,81,4,0,4,77,76,0,1,0,0
S01012060,25 to 34,89,48,30,18,41,39,0,0,1,1
S01012060,35 to 49,183,114,93,21,69,48,1,5,14,1
S01012060,50 to 64,168,113,101,12,55,19,1,2,23,10
S01012060,65 to 74,91,51,49,2,40,10,2,1,7,20
S01012060,75 to 84,72,24,20,4,48,5,1,2,2,38
S01012060,85 and over,21,2,1,1,19,1,0,0,0,18
S01012061,All people aged 16 and over in households,815,500,426,74,315,210,4,16,34,51
S01012061,16 to 24,87,6,2,4,81,81,0,0,0,0
S01012061,25 to 34,102,46,24,22,56,51,2,1,2,0
S01012061,35 to 49,222,153,114,39,69,48,2,7,12,0
S01012061,50 to 64,230,175,166,9,55,20,0,8,18,9
S01012061,65 to 74,104,82,82,0,22,7,0,0,1,14
S01012061,75 to 84,55,30,30,0,25,3,0,0,1,21
S01012061,85 and over,15,8,8,0,7,0,0,0,0,7
S01012062,All people aged 16 and over in households,692,442,384,58,250,172,3,13,31,31
S01012062,16 to 24,107,8,0,8,99,99,0,0,0,0
S01012062,25 to 34,109,70,44,26,39,38,0,0,1,0
S01012062,35 to 49,213,167,154,13,46,22,0,9,12,3
S01012062,50 to 64,164,135,124,11,29,8,0,3,13,5
S01012062,65 to 74,63,44,44,0,19,4,1,0,3,11
S01012062,75 to 84,30,16,16,0,14,1,1,1,2,9
S01012062,85 and over,6,2,2,0,4,0,1,0,0,3
S01012063,All people aged 16 and over in households,406,240,178,62,166,110,0,16,31,9
S01012063,16 to 24,48,2,1,1,46,46,0,0,0,0
S01012063,25 to 34,88,59,37,22,29,26,0,2,0,1
S01012063,35 to 49,166,111,78,33,55,35,0,9,11,0
S01012063,50 to 64,76,48,43,5,28,3,0,4,19,2
S01012063,65 to 74,20,16,16,0,4,0,0,0,1,3
S01012063,75 to 84,6,3,3,0,3,0,0,1,0,2
S01012063,85 and over,2,1,0,1,1,0,0,0,0,1
S01012064,All people aged 16 and over in households,473,188,120,68,285,207,1,31,30,16
S01012064,16 to 24,82,6,2,4,76,75,0,0,1,0
S01012064,25 to 34,122,66,27,39,56,52,0,4,0,0
S01012064,35 to 49,148,66,46,20,82,59,0,10,13,0
S01012064,50 to 64,89,42,39,3,47,19,0,14,10,4
S01012064,65 to 74,27,7,5,2,20,1,0,3,6,10
S01012064,75 to 84,3,0,0,0,3,0,1,0,0,2
S01012064,85 and over,2,1,1,0,1,1,0,0,0,0
S01012065,All people aged 16 and over in households,416,130,86,44,286,191,5,24,46,20
S01012065,16 to 24,88,4,2,2,84,84,0,0,0,0
S01012065,25 to 34,91,41,19,22,50,46,0,2,2,0
S01012065,35 to 49,113,40,24,16,73,40,4,10,16,3
S01012065,50 to 64,93,33,29,4,60,21,1,9,22,7
S01012065,65 to 74,24,9,9,0,15,0,0,3,6,6
S01012065,75 to 84,7,3,3,0,4,0,0,0,0,4
S01012065,85 and over,0,0,0,0,0,0,0,0,0,0
S01012066,All people aged 16 and over in households,635,264,186,78,371,251,4,34,53,29
S01012066,16 to 24,95,7,1,6,88,88,0,0,0,0
S01012066,25 to 34,144,66,38,28,78,75,0,3,0,0
S01012066,35 to 49,203,95,70,25,108,67,2,15,23,1
S01012066,50 to 64,149,81,63,18,68,18,1,13,26,10
S01012066,65 to 74,28,12,11,1,16,2,0,2,3,9
S01012066,75 to 84,14,1,1,0,13,1,1,1,1,9
S01012066,85 and over,2,2,2,0,0,0,0,0,0,0
S01012067,All people aged 16 and over in households,419,114,78,36,305,205,3,30,39,28
S01012067,16 to 24,75,3,0,3,72,72,0,0,0,0
S01012067,25 to 34,74,21,5,16,53,50,1,2,0,0
S01012067,35 to 49,129,41,35,6,88,62,1,15,8,2
S01012067,50 to 64,100,36,25,11,64,18,1,11,25,9
S01012067,65 to 74,27,9,9,0,18,1,0,2,5,10
S01012067,75 to 84,14,4,4,0,10,2,0,0,1,7
S01012067,85 and over,0,0,0,0,0,0,0,0,0,0
S01012068,All people aged 16 and over in households,433,116,72,44,317,218,1,21,38,39
S01012068,16 to 24,86,6,2,4,80,80,0,0,0,0
S01012068,25 to 34,78,22,7,15,56,54,0,2,0,0
S01012068,35 to 49,120,50,33,17,70,54,0,6,10,0
S01012068,50 to 64,77,17,11,6,60,19,0,9,18,14
S01012068,65 to 74,42,12,10,2,30,8,0,4,7,11
S01012068,75 to 84,27,7,7,0,20,2,1,0,3,14
S01012068,85 and over,3,2,2,0,1,1,0,0,0,0
S01012069,All people aged 16 and over in households,403,132,70,62,271,177,3,19,49,23
S01012069,16 to 24,50,11,0,11,39,38,0,0,0,1
S01012069,25 to 34,91,40,16,24,51,51,0,0,0,0
S01012069,35 to 49,129,48,24,24,81,55,2,8,16,0
S01012069,50 to 64,82,19,17,2,63,25,0,10,24,4
S01012069,65 to 74,35,11,11,0,24,6,1,0,6,11
S01012069,75 to 84,14,3,2,1,11,1,0,1,2,7
S01012069,85 and over,2,0,0,0,2,1,0,0,1,0
S01012070,All people aged 16 and over in households,615,172,112,60,443,253,4,28,86,72
S01012070,16 to 24,84,9,2,7,75,75,0,0,0,0
S01012070,25 to 34,121,45,10,35,76,68,2,2,4,0
S01012070,35 to 49,142,45,31,14,97,65,0,13,17,2
S01012070,50 to 64,135,39,35,4,96,35,2,11,39,9
S01012070,65 to 74,64,18,18,0,46,5,0,1,18,22
S01012070,75 to 84,52,16,16,0,36,2,0,1,7,26
S01012070,85 and over,17,0,0,0,17,3,0,0,1,13
S01012071,All people aged 16 and over in households,915,276,146,130,639,412,11,41,111,64
S01012071,16 to 24,158,39,4,35,119,115,0,4,0,0
S01012071,25 to 34,218,74,25,49,144,129,6,5,4,0
S01012071,35 to 49,209,62,33,29,147,104,3,11,26,3
S01012071,50 to 64,178,47,39,8,131,47,1,16,57,10
S01012071,65 to 74,73,31,26,5,42,7,1,3,17,14
S01012071,75 to 84,55,17,15,2,38,6,0,2,5,25
S01012071,85 and over,24,6,4,2,18,4,0,0,2,12
S01012072,All people aged 16 and over in households,971,298,188,110,673,436,7,45,100,85
S01012072,16 to 24,163,26,5,21,137,135,0,2,0,0
S01012072,25 to 34,201,88,41,47,113,102,1,7,3,0
S01012072,35 to 49,231,75,49,26,156,116,2,14,19,5
S01012072,50 to 64,197,58,43,15,139,57,1,20,52,9
S01012072,65 to 74,71,22,21,1,49,10,1,2,15,21
S01012072,75 to 84,81,23,23,0,58,11,1,0,11,35
S01012072,85 and over,27,6,6,0,21,5,1,0,0,15
S01012073,All people aged 16 and over in households,554,324,212,112,230,151,3,20,27,29
S01012073,16 to 24,75,19,0,19,56,56,0,0,0,0
S01012073,25 to 34,130,89,39,50,41,35,0,4,2,0
S01012073,35 to 49,192,123,94,29,69,44,1,13,9,2
S01012073,50 to 64,107,71,58,13,36,13,2,2,14,5
S01012073,65 to 74,34,19,18,1,15,2,0,1,2,10
S01012073,75 to 84,14,3,3,0,11,0,0,0,0,11
S01012073,85 and over,2,0,0,0,2,1,0,0,0,1
S01012074,All people aged 16 and over in households,588,336,254,82,252,163,5,12,42,30
S01012074,16 to 24,80,9,1,8,71,71,0,0,0,0
S01012074,25 to 34,112,67,38,29,45,41,0,3,1,0
S01012074,35 to 49,207,138,108,30,69,40,1,6,22,0
S01012074,50 to 64,105,75,60,15,30,9,3,3,11,4
S01012074,65 to 74,41,22,22,0,19,1,0,0,6,12
S01012074,75 to 84,36,21,21,0,15,1,0,0,2,12
S01012074,85 and over,7,4,4,0,3,0,1,0,0,2
S01012075,All people aged 16 and over in households,582,392,340,52,190,141,1,13,22,13
S01012075,16 to 24,111,5,1,4,106,106,0,0,0,0
S01012075,25 to 34,53,32,24,8,21,20,0,1,0,0
S01012075,35 to 49,228,198,170,28,30,13,1,5,11,0
S01012075,50 to 64,158,137,125,12,21,2,0,4,10,5
S01012075,65 to 74,24,15,15,0,9,0,0,3,1,5
S01012075,75 to 84,8,5,5,0,3,0,0,0,0,3
S01012075,85 and over,0,0,0,0,0,0,0,0,0,0
S01012076,All people aged 16 and over in households,615,324,272,52,291,163,2,14,44,68
S01012076,16 to 24,71,11,3,8,60,60,0,0,0,0
S01012076,25 to 34,96,50,27,23,46,46,0,0,0,0
S01012076,35 to 49,159,109,96,13,50,28,0,9,9,4
S01012076,50 to 64,135,82,74,8,53,20,0,2,23,8
S01012076,65 to 74,70,41,41,0,29,2,0,3,10,14
S01012076,75 to 84,70,27,27,0,43,5,2,0,2,34
S01012076,85 and over,14,4,4,0,10,2,0,0,0,8
S01012077,All people aged 16 and over in households,587,274,180,94,313,206,2,28,47,30
S01012077,16 to 24,107,22,3,19,85,85,0,0,0,0
S01012077,25 to 34,130,58,24,34,72,66,1,2,3,0
S01012077,35 to 49,146,76,51,25,70,38,0,12,19,1
S01012077,50 to 64,139,88,75,13,51,11,1,14,18,7
S01012077,65 to 74,39,21,18,3,18,4,0,0,5,9
S01012077,75 to 84,18,9,9,0,9,0,0,0,0,9
S01012077,85 and over,8,0,0,0,8,2,0,0,2,4
S01012078,All people aged 16 and over in households,677,386,314,72,291,199,2,20,50,20
S01012078,16 to 24,107,10,0,10,97,97,0,0,0,0
S01012078,25 to 34,115,59,37,22,56,52,0,2,2,0
S01012078,35 to 49,238,161,134,27,77,39,2,13,23,0
S01012078,50 to 64,157,118,106,12,39,8,0,5,23,3
S01012078,65 to 74,38,29,28,1,9,2,0,0,0,7
S01012078,75 to 84,16,8,8,0,8,1,0,0,2,5
S01012078,85 and over,6,1,1,0,5,0,0,0,0,5
S01012079,All people aged 16 and over in households,763,360,284,76,403,235,6,21,60,81
S01012079,16 to 24,92,9,2,7,83,83,0,0,0,0
S01012079,25 to 34,111,50,21,29,61,57,0,1,2,1
S01012079,35 to 49,180,88,67,21,92,57,1,11,18,5
S01012079,50 to 64,187,122,105,17,65,23,2,5,25,10
S01012079,65 to 74,101,55,55,0,46,5,2,3,14,22
S01012079,75 to 84,64,30,28,2,34,6,0,0,1,27
S01012079,85 and over,28,6,6,0,22,4,1,1,0,16
S01012080,All people aged 16 and over in households,564,254,164,90,310,207,2,31,46,24
S01012080,16 to 24,95,18,2,16,77,76,0,0,1,0
S01012080,25 to 34,144,59,20,39,85,71,0,9,5,0
S01012080,35 to 49,186,107,83,24,79,48,1,14,15,1
S01012080,50 to 64,93,54,45,9,39,8,0,7,17,7
S01012080,65 to 74,31,11,9,2,20,4,1,1,6,8
S01012080,75 to 84,8,4,4,0,4,0,0,0,1,3
S01012080,85 and over,7,1,1,0,6,0,0,0,1,5
S01012081,All people aged 16 and over in households,581,218,140,78,363,233,3,27,60,40
S01012081,16 to 24,77,19,6,13,58,58,0,0,0,0
S01012081,25 to 34,127,45,15,30,82,78,0,2,2,0
S01012081,35 to 49,164,70,48,22,94,65,2,12,13,2
S01012081,50 to 64,126,52,41,11,74,25,0,10,33,6
S01012081,65 to 74,48,20,18,2,28,2,0,3,11,12
S01012081,75 to 84,30,11,11,0,19,5,0,0,1,13
S01012081,85 and over,9,1,1,0,8,0,1,0,0,7
S01012082,All people aged 16 and over in households,512,206,160,46,306,184,2,23,39,58
S01012082,16 to 24,81,5,1,4,76,76,0,0,0,0
S01012082,25 to 34,60,21,10,11,39,36,0,1,1,1
S01012082,35 to 49,137,68,50,18,69,41,0,12,13,3
S01012082,50 to 64,129,65,54,11,64,27,1,9,20,7
S01012082,65 to 74,44,24,24,0,20,2,0,1,3,14
S01012082,75 to 84,53,22,20,2,31,2,1,0,1,27
S01012082,85 and over,8,1,1,0,7,0,0,0,1,6
S01012083,All people aged 16 and over in households,584,224,164,60,360,201,3,22,72,62
S01012083,16 to 24,81,11,2,9,70,69,0,0,1,0
S01012083,25 to 34,71,27,9,18,44,43,0,0,0,1
S01012083,35 to 49,152,57,38,19,95,65,1,11,17,1
S01012083,50 to 64,144,66,54,12,78,22,1,7,40,8
S01012083,65 to 74,80,40,39,1,40,2,1,1,10,26
S01012083,75 to 84,49,22,21,1,27,0,0,3,4,20
S01012083,85 and over,7,1,1,0,6,0,0,0,0,6
S01012084,All people aged 16 and over in households,487,302,254,48,185,112,2,13,24,34
S01012084,16 to 24,77,6,0,6,71,71,0,0,0,0
S01012084,25 to 34,51,25,13,12,26,23,1,1,1,0
S01012084,35 to 49,128,104,76,28,24,8,1,7,6,2
S01012084,50 to 64,128,99,97,2,29,6,0,4,13,6
S01012084,65 to 74,56,41,41,0,15,2,0,1,1,11
S01012084,75 to 84,41,24,24,0,17,1,0,0,3,13
S01012084,85 and over,6,3,3,0,3,1,0,0,0,2
S01012085,All people aged 16 and over in households,588,350,310,40,238,136,2,18,32,50
S01012085,16 to 24,80,1,0,1,79,79,0,0,0,0
S01012085,25 to 34,52,21,9,12,31,27,2,2,0,0
S01012085,35 to 49,136,99,79,20,37,20,0,8,9,0
S01012085,50 to 64,182,145,141,4,37,7,0,4,15,11
S01012085,65 to 74,89,57,56,1,32,2,0,4,7,19
S01012085,75 to 84,42,25,23,2,17,1,0,0,0,16
S01012085,85 and over,7,2,2,0,5,0,0,0,1,4
S01012086,All people aged 16 and over in households,750,340,254,86,410,243,9,29,66,63
S01012086,16 to 24,109,11,2,9,98,98,0,0,0,0
S01012086,25 to 34,114,57,26,31,57,48,0,7,1,1
S01012086,35 to 49,208,93,61,32,115,74,7,8,24,2
S01012086,50 to 64,149,84,72,12,65,18,0,9,32,6
S01012086,65 to 74,90,54,53,1,36,3,0,3,6,24
S01012086,75 to 84,62,35,34,1,27,1,1,0,3,22
S01012086,85 and over,18,6,6,0,12,1,1,2,0,8
S01012087,All people aged 16 and over in households,608,298,242,56,310,170,1,23,50,66
S01012087,16 to 24,67,6,1,5,61,61,0,0,0,0
S01012087,25 to 34,88,39,14,25,49,44,1,3,1,0
S01012087,35 to 49,171,99,76,23,72,41,0,14,17,0
S01012087,50 to 64,114,66,63,3,48,18,0,4,22,4
S01012087,65 to 74,64,38,38,0,26,4,0,1,6,15
S01012087,75 to 84,88,45,45,0,43,2,0,1,2,38
S01012087,85 and over,16,5,5,0,11,0,0,0,2,9
S01012088,All people aged 16 and over in households,555,350,290,60,205,138,6,16,26,19
S01012088,16 to 24,79,5,0,5,74,73,1,0,0,0
S01012088,25 to 34,72,46,22,24,26,24,0,2,0,0
S01012088,35 to 49,211,162,141,21,49,26,1,8,13,1
S01012088,50 to 64,137,104,96,8,33,12,2,5,11,3
S01012088,65 to 74,36,24,23,1,12,1,2,1,1,7
S01012088,75 to 84,20,9,8,1,11,2,0,0,1,8
S01012088,85 and over,0,0,0,0,0,0,0,0,0,0
S01012089,All people aged 16 and over in households,692,450,420,30,242,164,7,8,28,35
S01012089,16 to 24,68,0,0,0,68,67,1,0,0,0
S01012089,25 to 34,86,38,27,11,48,46,1,0,1,0
S01012089,35 to 49,216,154,139,15,62,41,1,5,12,3
S01012089,50 to 64,187,159,155,4,28,8,3,3,8,6
S01012089,65 to 74,91,71,71,0,20,0,0,0,5,15
S01012089,75 to 84,37,27,27,0,10,1,0,0,1,8
S01012089,85 and over,7,1,1,0,6,1,1,0,1,3
S01012090,All people aged 16 and over in households,758,546,514,32,212,144,2,10,16,40
S01012090,16 to 24,84,2,0,2,82,82,0,0,0,0
S01012090,25 to 34,52,18,14,4,34,34,0,0,0,0
S01012090,35 to 49,167,142,125,17,25,14,0,7,4,0
S01012090,50 to 64,280,250,241,9,30,7,1,3,8,11
S01012090,65 to 74,113,96,96,0,17,5,1,0,3,8
S01012090,75 to 84,51,36,36,0,15,2,0,0,0,13
S01012090,85 and over,11,2,2,0,9,0,0,0,1,8
S01012091,All people aged 16 and over in households,465,276,238,38,189,111,10,12,20,36
S01012091,16 to 24,64,3,0,3,61,61,0,0,0,0
S01012091,25 to 34,42,21,8,13,21,20,1,0,0,0
S01012091,35 to 49,111,67,54,13,44,23,4,7,9,1
S01012091,50 to 64,151,121,112,9,30,7,3,3,7,10
S01012091,65 to 74,61,47,47,0,14,0,1,2,3,8
S01012091,75 to 84,29,14,14,0,15,0,1,0,1,13
S01012091,85 and over,7,3,3,0,4,0,0,0,0,4
S01012092,All people aged 16 and over in households,433,288,256,32,145,80,7,15,22,21
S01012092,16 to 24,43,2,0,2,41,41,0,0,0,0
S01012092,25 to 34,41,20,10,10,21,17,1,2,1,0
S01012092,35 to 49,113,85,68,17,28,13,3,5,7,0
S01012092,50 to 64,146,114,111,3,32,6,3,8,11,4
S01012092,65 to 74,64,53,53,0,11,2,0,0,2,7
S01012092,75 to 84,23,14,14,0,9,0,0,0,1,8
S01012092,85 and over,3,0,0,0,3,1,0,0,0,2
S01012093,All people aged 16 and over in households,478,256,216,40,222,136,5,19,24,38
S01012093,16 to 24,51,8,1,7,43,43,0,0,0,0
S01012093,25 to 34,59,28,16,12,31,30,0,1,0,0
S01012093,35 to 49,117,67,53,14,50,31,2,9,8,0
S01012093,50 to 64,135,86,80,6,49,24,1,8,9,7
S01012093,65 to 74,73,49,48,1,24,4,0,1,4,15
S01012093,75 to 84,36,18,18,0,18,2,2,0,2,12
S01012093,85 and over,7,0,0,0,7,2,0,0,1,4
S01012094,All people aged 16 and over in households,646,438,406,32,208,121,4,17,20,46
S01012094,16 to 24,71,1,1,0,70,70,0,0,0,0
S01012094,25 to 34,52,21,13,8,31,26,3,1,1,0
S01012094,35 to 49,169,140,127,13,29,12,0,8,8,1
S01012094,50 to 64,194,161,152,9,33,8,0,8,8,9
S01012094,65 to 74,92,75,74,1,17,3,0,0,3,11
S01012094,75 to 84,55,37,36,1,18,2,1,0,0,15
S01012094,85 and over,13,3,3,0,10,0,0,0,0,10
S01012095,All people aged 16 and over in households,827,472,374,98,355,256,4,20,45,30
S01012095,16 to 24,152,10,0,10,142,141,0,0,1,0
S01012095,25 to 34,121,60,31,29,61,53,0,3,5,0
S01012095,35 to 49,285,211,171,40,74,46,1,11,12,4
S01012095,50 to 64,194,147,132,15,47,13,3,5,22,4
S01012095,65 to 74,53,34,32,2,19,2,0,1,4,12
S01012095,75 to 84,19,8,7,1,11,1,0,0,1,9
S01012095,85 and over,3,2,1,1,1,0,0,0,0,1
S01012096,All people aged 16 and over in households,725,346,252,94,379,215,4,21,63,76
S01012096,16 to 24,109,9,1,8,100,100,0,0,0,0
S01012096,25 to 34,82,44,21,23,38,37,0,0,0,1
S01012096,35 to 49,192,99,62,37,93,48,2,14,23,6
S01012096,50 to 64,160,100,81,19,60,20,0,6,19,15
S01012096,65 to 74,124,68,63,5,56,9,2,1,19,25
S01012096,75 to 84,46,24,22,2,22,1,0,0,2,19
S01012096,85 and over,12,2,2,0,10,0,0,0,0,10
S01012097,All people aged 16 and over in households,537,310,240,70,227,138,2,12,35,40
S01012097,16 to 24,65,7,1,6,58,58,0,0,0,0
S01012097,25 to 34,73,43,17,26,30,29,0,1,0,0
S01012097,35 to 49,148,93,71,22,55,33,0,7,15,0
S01012097,50 to 64,136,106,90,16,30,11,0,3,11,5
S01012097,65 to 74,67,42,42,0,25,4,0,1,8,12
S01012097,75 to 84,34,15,15,0,19,3,1,0,1,14
S01012097,85 and over,14,4,4,0,10,0,1,0,0,9
S01012098,All people aged 16 and over in households,509,228,178,50,281,172,3,11,40,55
S01012098,16 to 24,81,7,1,6,74,74,0,0,0,0
S01012098,25 to 34,50,21,10,11,29,26,0,0,3,0
S01012098,35 to 49,149,81,60,21,68,42,2,4,17,3
S01012098,50 to 64,130,72,61,11,58,23,1,7,17,10
S01012098,65 to 74,56,33,32,1,23,4,0,0,1,18
S01012098,75 to 84,38,13,13,0,25,2,0,0,2,21
S01012098,85 and over,5,1,1,0,4,1,0,0,0,3
S01012099,All people aged 16 and over in households,642,282,234,48,360,217,6,20,49,68
S01012099,16 to 24,98,1,0,1,97,97,0,0,0,0
S01012099,25 to 34,94,34,22,12,60,57,1,1,0,1
S01012099,35 to 49,147,77,59,18,70,38,2,11,14,5
S01012099,50 to 64,164,101,90,11,63,16,2,7,28,10
S01012099,65 to 74,68,46,43,3,22,4,0,1,5,12
S01012099,75 to 84,51,19,16,3,32,5,0,0,2,25
S01012099,85 and over,20,4,4,0,16,0,1,0,0,15
S01012100,All people aged 16 and over in households,876,440,352,88,436,243,6,22,63,102
S01012100,16 to 24,105,10,3,7,95,93,0,1,0,1
S01012100,25 to 34,101,42,28,14,59,56,1,1,1,0
S01012100,35 to 49,230,140,92,48,90,55,0,15,19,1
S01012100,50 to 64,211,141,123,18,70,23,2,5,29,11
S01012100,65 to 74,112,67,66,1,45,7,1,0,10,27
S01012100,75 to 84,91,36,36,0,55,9,2,0,4,40
S01012100,85 and over,26,4,4,0,22,0,0,0,0,22
S01012101,All people aged 16 and over in households,661,416,372,44,245,167,2,7,25,44
S01012101,16 to 24,110,4,2,2,106,106,0,0,0,0
S01012101,25 to 34,56,28,19,9,28,28,0,0,0,0
S01012101,35 to 49,163,136,113,23,27,14,0,3,9,1
S01012101,50 to 64,179,143,134,9,36,13,2,4,10,7
S01012101,65 to 74,95,71,70,1,24,3,0,0,4,17
S01012101,75 to 84,49,32,32,0,17,2,0,0,2,13
S01012101,85 and over,9,2,2,0,7,1,0,0,0,6
S01012102,All people aged 16 and over in households,501,206,146,60,295,203,2,22,41,27
S01012102,16 to 24,89,10,0,10,79,79,0,0,0,0
S01012102,25 to 34,92,37,15,22,55,50,0,3,2,0
S01012102,35 to 49,152,64,47,17,88,55,1,10,19,3
S01012102,50 to 64,106,65,56,9,41,13,0,9,15,4
S01012102,65 to 74,35,17,15,2,18,2,1,0,4,11
S01012102,75 to 84,18,11,11,0,7,1,0,0,1,5
S01012102,85 and over,9,2,2,0,7,3,0,0,0,4
S01012103,All people aged 16 and over in households,763,421,321,100,342,215,4,23,66,34
S01012103,16 to 24,95,4,2,2,91,91,0,0,0,0
S01012103,25 to 34,137,79,33,46,58,51,0,3,4,0
S01012103,35 to 49,251,160,121,39,91,52,2,14,21,2
S01012103,50 to 64,173,111,102,9,62,21,0,5,31,5
S01012103,65 to 74,66,42,38,4,24,0,1,0,10,13
S01012103,75 to 84,32,20,20,0,12,0,1,1,0,10
S01012103,85 and over,9,5,5,0,4,0,0,0,0,4
S01012104,All people aged 16 and over in households,700,486,436,50,214,140,1,13,29,31
S01012104,16 to 24,98,4,0,4,94,94,0,0,0,0
S01012104,25 to 34,78,57,36,21,21,19,0,1,1,0
S01012104,35 to 49,308,266,250,16,42,19,0,6,11,6
S01012104,50 to 64,139,115,108,7,24,5,0,6,12,1
S01012104,65 to 74,53,36,35,1,17,0,0,0,4,13
S01012104,75 to 84,20,7,6,1,13,2,1,0,1,9
S01012104,85 and over,4,1,1,0,3,1,0,0,0,2
S01012105,All people aged 16 and over in households,923,542,468,74,381,212,11,29,53,76
S01012105,16 to 24,114,7,1,6,107,106,1,0,0,0
S01012105,25 to 34,115,62,32,30,53,48,1,3,1,0
S01012105,35 to 49,240,183,158,25,57,25,2,7,20,3
S01012105,50 to 64,273,192,181,11,81,24,4,14,29,10
S01012105,65 to 74,94,66,64,2,28,4,1,4,3,16
S01012105,75 to 84,64,26,26,0,38,2,2,1,0,33
S01012105,85 and over,23,6,6,0,17,3,0,0,0,14
S01012106,All people aged 16 and over in households,897,560,430,130,337,236,9,21,36,35
S01012106,16 to 24,103,17,1,16,86,86,0,0,0,0
S01012106,25 to 34,151,86,30,56,65,61,3,0,1,0
S01012106,35 to 49,300,220,178,42,80,55,4,12,8,1
S01012106,50 to 64,202,149,141,8,53,18,2,6,22,5
S01012106,65 to 74,76,53,48,5,23,11,0,0,2,10
S01012106,75 to 84,54,32,29,3,22,3,0,3,2,14
S01012106,85 and over,11,3,3,0,8,2,0,0,1,5
S01012107,All people aged 16 and over in households,541,348,302,46,193,126,3,9,23,32
S01012107,16 to 24,62,1,0,1,61,61,0,0,0,0
S01012107,25 to 34,56,23,9,14,33,31,1,1,0,0
S01012107,35 to 49,132,107,93,14,25,17,1,1,6,0
S01012107,50 to 64,186,148,134,14,38,13,1,6,12,6
S01012107,65 to 74,62,45,42,3,17,1,0,1,2,13
S01012107,75 to 84,35,24,24,0,11,2,0,0,2,7
S01012107,85 and over,8,0,0,0,8,1,0,0,1,6
S01012108,All people aged 16 and over in households,852,274,220,54,578,253,6,32,108,179
S01012108,16 to 24,59,5,2,3,54,53,0,1,0,0
S01012108,25 to 34,89,34,9,25,55,52,0,1,2,0
S01012108,35 to 49,143,45,33,12,98,63,0,16,16,3
S01012108,50 to 64,176,63,57,6,113,42,1,9,45,16
S01012108,65 to 74,143,52,47,5,91,19,3,3,28,38
S01012108,75 to 84,193,68,65,3,125,15,2,2,16,90
S01012108,85 and over,49,7,7,0,42,9,0,0,1,32
S01012109,All people aged 16 and over in households,766,260,164,96,506,312,7,50,83,54
S01012109,16 to 24,117,24,5,19,93,92,0,0,0,1
S01012109,25 to 34,178,75,35,40,103,97,1,2,3,0
S01012109,35 to 49,227,73,50,23,154,88,6,34,19,7
S01012109,50 to 64,152,55,45,10,97,24,0,13,48,12
S01012109,65 to 74,40,16,15,1,24,4,0,1,8,11
S01012109,75 to 84,39,14,11,3,25,5,0,0,4,16
S01012109,85 and over,13,3,3,0,10,2,0,0,1,7
S01012110,All people aged 16 and over in households,635,266,176,90,369,188,4,18,78,81
S01012110,16 to 24,46,13,0,13,33,33,0,0,0,0
S01012110,25 to 34,126,66,19,47,60,56,1,3,0,0
S01012110,35 to 49,140,43,27,16,97,71,0,6,20,0
S01012110,50 to 64,138,75,65,10,63,11,1,7,36,8
S01012110,65 to 74,91,43,42,1,48,8,1,2,17,20
S01012110,75 to 84,68,21,20,1,47,7,0,0,3,37
S01012110,85 and over,26,5,3,2,21,2,1,0,2,16
S01012111,All people aged 16 and over in households,461,170,100,70,291,180,3,19,44,45
S01012111,16 to 24,81,12,1,11,69,68,0,1,0,0
S01012111,25 to 34,87,42,15,27,45,43,0,1,1,0
S01012111,35 to 49,134,67,46,21,67,41,1,11,14,0
S01012111,50 to 64,82,28,19,9,54,19,0,5,23,7
S01012111,65 to 74,33,15,13,2,18,3,1,1,5,8
S01012111,75 to 84,28,5,5,0,23,5,0,0,1,17
S01012111,85 and over,16,1,1,0,15,1,1,0,0,13
S01012112,All people aged 16 and over in households,666,332,288,44,334,153,1,14,51,115
S01012112,16 to 24,50,5,3,2,45,45,0,0,0,0
S01012112,25 to 34,89,46,24,22,43,40,0,0,1,2
S01012112,35 to 49,128,76,64,12,52,35,0,7,10,0
S01012112,50 to 64,154,103,95,8,51,13,0,5,21,12
S01012112,65 to 74,114,64,64,0,50,12,1,1,15,21
S01012112,75 to 84,100,34,34,0,66,7,0,1,4,54
S01012112,85 and over,31,4,4,0,27,1,0,0,0,26
S01012113,All people aged 16 and over in households,866,474,376,98,392,210,4,25,70,83
S01012113,16 to 24,101,12,3,9,89,89,0,0,0,0
S01012113,25 to 34,85,45,20,25,40,38,0,2,0,0
S01012113,35 to 49,215,149,110,39,66,43,2,7,13,1
S01012113,50 to 64,203,128,111,17,75,23,0,11,34,7
S01012113,65 to 74,134,82,76,6,52,11,1,3,18,19
S01012113,75 to 84,109,54,52,2,55,6,0,2,5,42
S01012113,85 and over,19,4,4,0,15,0,1,0,0,14
S01012114,All people aged 16 and over in households,673,424,364,60,249,147,4,17,27,54
S01012114,16 to 24,91,8,0,8,83,82,1,0,0,0
S01012114,25 to 34,70,39,16,23,31,25,1,1,4,0
S01012114,35 to 49,176,133,112,21,43,24,0,8,10,1
S01012114,50 to 64,176,143,137,6,33,7,2,6,11,7
S01012114,65 to 74,83,60,58,2,23,8,0,1,1,13
S01012114,75 to 84,55,34,34,0,21,1,0,1,1,18
S01012114,85 and over,22,7,7,0,15,0,0,0,0,15
S01012115,All people aged 16 and over in households,429,216,174,42,213,109,3,22,31,48
S01012115,16 to 24,46,4,0,4,42,42,0,0,0,0
S01012115,25 to 34,47,23,10,13,24,22,0,0,2,0
S01012115,35 to 49,132,72,52,20,60,30,1,13,16,0
S01012115,50 to 64,70,41,37,4,29,8,1,7,9,4
S01012115,65 to 74,84,54,53,1,30,4,1,2,4,19
S01012115,75 to 84,41,19,19,0,22,3,0,0,0,19
S01012115,85 and over,9,3,3,0,6,0,0,0,0,6
S01012116,All people aged 16 and over in households,498,280,232,48,218,124,1,12,35,46
S01012116,16 to 24,64,6,0,6,58,58,0,0,0,0
S01012116,25 to 34,50,28,16,12,22,22,0,0,0,0
S01012116,35 to 49,147,109,89,20,38,24,0,7,6,1
S01012116,50 to 64,93,52,43,9,41,14,0,4,21,2
S01012116,65 to 74,77,53,53,0,24,2,0,0,6,16
S01012116,75 to 84,54,28,28,0,26,3,1,1,2,19
S01012116,85 and over,13,4,3,1,9,1,0,0,0,8
S01012117,All people aged 16 and over in households,575,438,360,78,137,86,1,15,22,13
S01012117,16 to 24,56,2,1,1,54,54,0,0,0,0
S01012117,25 to 34,127,108,83,25,19,16,1,2,0,0
S01012117,35 to 49,258,225,185,40,33,12,0,10,11,0
S01012117,50 to 64,93,80,69,11,13,2,0,3,7,1
S01012117,65 to 74,25,16,15,1,9,1,0,0,3,5
S01012117,75 to 84,15,7,7,0,8,1,0,0,1,6
S01012117,85 and over,1,0,0,0,1,0,0,0,0,1
S01012118,All people aged 16 and over in households,494,350,320,30,144,108,0,11,19,6
S01012118,16 to 24,72,5,0,5,67,67,0,0,0,0
S01012118,25 to 34,40,21,16,5,19,19,0,0,0,0
S01012118,35 to 49,197,165,152,13,32,21,0,5,6,0
S01012118,50 to 64,147,126,119,7,21,1,0,6,11,3
S01012118,65 to 74,26,23,23,0,3,0,0,0,2,1
S01012118,75 to 84,12,10,10,0,2,0,0,0,0,2
S01012118,85 and over,0,0,0,0,0,0,0,0,0,0
S01012119,All people aged 16 and over in households,741,522,468,54,219,142,3,10,24,40
S01012119,16 to 24,98,3,1,2,95,95,0,0,0,0
S01012119,25 to 34,51,28,21,7,23,22,1,0,0,0
S01012119,35 to 49,206,171,143,28,35,20,0,5,10,0
S01012119,50 to 64,219,189,178,11,30,5,1,4,11,9
S01012119,65 to 74,131,113,108,5,18,0,1,1,3,13
S01012119,75 to 84,33,18,17,1,15,0,0,0,0,15
S01012119,85 and over,3,0,0,0,3,0,0,0,0,3
S01012120,All people aged 16 and over in households,468,226,178,48,242,170,1,22,20,29
S01012120,16 to 24,73,2,0,2,71,71,0,0,0,0
S01012120,25 to 34,71,35,14,21,36,33,0,3,0,0
S01012120,35 to 49,144,82,64,18,62,47,1,11,3,0
S01012120,50 to 64,99,64,58,6,35,10,0,6,13,6
S01012120,65 to 74,48,28,27,1,20,5,0,2,3,10
S01012120,75 to 84,26,15,15,0,11,2,0,0,1,8
S01012120,85 and over,7,0,0,0,7,2,0,0,0,5
S01012121,All people aged 16 and over in households,737,374,316,58,363,234,4,19,40,66
S01012121,16 to 24,103,7,1,6,96,95,1,0,0,0
S01012121,25 to 34,107,44,19,25,63,60,1,0,2,0
S01012121,35 to 49,166,87,71,16,79,56,1,8,11,3
S01012121,50 to 64,197,144,133,11,53,17,0,10,22,4
S01012121,65 to 74,90,61,61,0,29,4,1,0,4,20
S01012121,75 to 84,58,27,27,0,31,1,0,1,1,28
S01012121,85 and over,16,4,4,0,12,1,0,0,0,11
S01012122,All people aged 16 and over in households,669,340,280,60,329,223,3,17,33,53
S01012122,16 to 24,115,4,0,4,111,111,0,0,0,0
S01012122,25 to 34,72,18,9,9,54,52,0,1,1,0
S01012122,35 to 49,166,110,73,37,56,42,0,5,8,1
S01012122,50 to 64,168,115,107,8,53,11,2,8,19,13
S01012122,65 to 74,94,74,72,2,20,2,1,3,3,11
S01012122,75 to 84,43,17,17,0,26,4,0,0,2,20
S01012122,85 and over,11,2,2,0,9,1,0,0,0,8
S01012123,All people aged 16 and over in households,424,212,180,32,212,146,3,12,27,24
S01012123,16 to 24,77,9,1,8,68,68,0,0,0,0
S01012123,25 to 34,77,29,18,11,48,45,0,0,3,0
S01012123,35 to 49,92,56,50,6,36,21,0,6,8,1
S01012123,50 to 64,111,81,74,7,30,9,1,6,11,3
S01012123,65 to 74,31,23,23,0,8,1,0,0,1,6
S01012123,75 to 84,32,14,14,0,18,2,2,0,4,10
S01012123,85 and over,4,0,0,0,4,0,0,0,0,4
S01012124,All people aged 16 and over in households,447,230,190,40,217,145,5,15,30,22
S01012124,16 to 24,70,7,3,4,63,63,0,0,0,0
S01012124,25 to 34,78,38,13,25,40,38,0,1,1,0
S01012124,35 to 49,114,64,53,11,50,32,2,6,8,2
S01012124,50 to 64,135,92,92,0,43,11,1,8,16,7
S01012124,65 to 74,33,20,20,0,13,1,2,0,4,6
S01012124,75 to 84,13,8,8,0,5,0,0,0,1,4
S01012124,85 and over,4,1,1,0,3,0,0,0,0,3
S01012125,All people aged 16 and over in households,665,194,108,86,471,269,11,37,91,63
S01012125,16 to 24,89,15,0,15,74,72,2,0,0,0
S01012125,25 to 34,148,51,13,38,97,88,3,4,0,2
S01012125,35 to 49,183,57,39,18,126,78,1,17,28,2
S01012125,50 to 64,142,53,39,14,89,21,3,12,44,9
S01012125,65 to 74,56,12,11,1,44,7,2,4,16,15
S01012125,75 to 84,35,4,4,0,31,1,0,0,2,28
S01012125,85 and over,12,2,2,0,10,2,0,0,1,7
S01012126,All people aged 16 and over in households,634,320,218,102,314,216,5,23,51,19
S01012126,16 to 24,81,15,1,14,66,63,2,1,0,0
S01012126,25 to 34,175,83,29,54,92,87,2,2,1,0
S01012126,35 to 49,235,137,109,28,98,55,0,15,26,2
S01012126,50 to 64,100,61,57,4,39,10,1,5,18,5
S01012126,65 to 74,27,18,16,2,9,1,0,0,3,5
S01012126,75 to 84,13,6,6,0,7,0,0,0,1,6
S01012126,85 and over,3,0,0,0,3,0,0,0,2,1
S01012127,All people aged 16 and over in households,744,236,116,120,508,369,5,32,68,34
S01012127,16 to 24,150,37,2,35,113,113,0,0,0,0
S01012127,25 to 34,216,83,32,51,133,129,0,3,1,0
S01012127,35 to 49,187,52,23,29,135,97,2,7,25,4
S01012127,50 to 64,128,41,38,3,87,26,0,18,35,8
S01012127,65 to 74,31,9,9,0,22,1,2,4,7,8
S01012127,75 to 84,23,13,11,2,10,3,1,0,0,6
S01012127,85 and over,9,1,1,0,8,0,0,0,0,8
S01012128,All people aged 16 and over in households,421,170,84,86,251,180,8,23,25,15
S01012128,16 to 24,72,15,0,15,57,57,0,0,0,0
S01012128,25 to 34,165,81,35,46,84,78,1,4,1,0
S01012128,35 to 49,106,44,24,20,62,35,3,11,9,4
S01012128,50 to 64,50,23,18,5,27,7,3,6,7,4
S01012128,65 to 74,21,5,5,0,16,3,0,2,6,5
S01012128,75 to 84,6,2,2,0,4,0,1,0,2,1
S01012128,85 and over,1,0,0,0,1,0,0,0,0,1
S01012129,All people aged 16 and over in households,607,204,138,66,403,267,7,24,72,33
S01012129,16 to 24,90,19,4,15,71,71,0,0,0,0
S01012129,25 to 34,116,41,14,27,75,72,0,1,2,0
S01012129,35 to 49,166,54,37,17,112,78,3,10,18,3
S01012129,50 to 64,143,59,54,5,84,26,2,12,39,5
S01012129,65 to 74,43,13,11,2,30,11,1,0,9,9
S01012129,75 to 84,31,13,13,0,18,5,1,1,2,9
S01012129,85 and over,18,5,5,0,13,4,0,0,2,7
S01012130,All people aged 16 and over in households,916,358,258,100,558,280,10,38,103,127
S01012130,16 to 24,83,24,0,24,59,58,0,0,0,1
S01012130,25 to 34,137,73,41,32,64,62,2,0,0,0
S01012130,35 to 49,214,89,68,21,125,89,3,18,14,1
S01012130,50 to 64,205,80,66,14,125,44,1,16,56,8
S01012130,65 to 74,131,62,56,6,69,13,1,2,22,31
S01012130,75 to 84,108,25,23,2,83,10,3,1,9,60
S01012130,85 and over,38,5,4,1,33,4,0,1,2,26
S01012131,All people aged 16 and over in households,853,298,196,102,555,361,9,32,97,56
S01012131,16 to 24,138,20,1,19,118,117,0,1,0,0
S01012131,25 to 34,184,66,25,41,118,104,3,6,5,0
S01012131,35 to 49,236,92,59,33,144,107,4,11,21,1
S01012131,50 to 64,165,60,53,7,105,26,1,14,56,8
S01012131,65 to 74,68,34,32,2,34,2,0,0,11,21
S01012131,75 to 84,51,24,24,0,27,5,1,0,3,18
S01012131,85 and over,11,2,2,0,9,0,0,0,1,8
S01012132,All people aged 16 and over in households,590,196,112,84,394,257,17,18,69,33
S01012132,16 to 24,131,23,0,23,108,105,3,0,0,0
S01012132,25 to 34,150,59,31,28,91,83,4,1,3,0
S01012132,35 to 49,138,52,31,21,86,41,6,12,26,1
S01012132,50 to 64,96,29,21,8,67,19,3,4,35,6
S01012132,65 to 74,44,24,22,2,20,5,1,1,4,9
S01012132,75 to 84,27,8,7,1,19,3,0,0,1,15
S01012132,85 and over,4,1,0,1,3,1,0,0,0,2
S01012133,All people aged 16 and over in households,635,280,174,106,355,230,5,34,63,23
S01012133,16 to 24,86,12,3,9,74,73,1,0,0,0
S01012133,25 to 34,197,104,54,50,93,85,0,5,3,0
S01012133,35 to 49,167,85,52,33,82,49,3,17,13,0
S01012133,50 to 64,134,57,43,14,77,20,1,10,39,7
S01012133,65 to 74,41,20,20,0,21,2,0,1,7,11
S01012133,75 to 84,10,2,2,0,8,1,0,1,1,5
S01012133,85 and over,0,0,0,0,0,0,0,0,0,0
S01012134,All people aged 16 and over in households,967,512,392,120,455,254,8,32,53,108
S01012134,16 to 24,98,12,1,11,86,85,1,0,0,0
S01012134,25 to 34,145,73,31,42,72,65,0,5,2,0
S01012134,35 to 49,228,139,100,39,89,55,2,13,19,0
S01012134,50 to 64,212,147,124,23,65,25,2,9,18,11
S01012134,65 to 74,117,71,66,5,46,13,0,3,12,18
S01012134,75 to 84,120,61,61,0,59,6,3,2,2,46
S01012134,85 and over,47,9,9,0,38,5,0,0,0,33
S01012135,All people aged 16 and over in households,744,190,98,92,554,351,1,32,118,52
S01012135,16 to 24,123,33,2,31,90,90,0,0,0,0
S01012135,25 to 34,141,48,15,33,93,83,1,5,4,0
S01012135,35 to 49,204,36,16,20,168,116,0,17,33,2
S01012135,50 to 64,173,55,48,7,118,40,0,8,59,11
S01012135,65 to 74,61,9,9,0,52,12,0,1,20,19
S01012135,75 to 84,30,8,8,0,22,5,0,1,2,14
S01012135,85 and over,12,1,0,1,11,5,0,0,0,6
S01012136,All people aged 16 and over in households,715,198,88,110,517,371,6,42,73,25
S01012136,16 to 24,156,28,3,25,128,127,0,1,0,0
S01012136,25 to 34,182,70,24,46,112,107,1,4,0,0
S01012136,35 to 49,207,54,30,24,153,108,2,19,22,2
S01012136,50 to 64,126,37,23,14,89,21,2,15,41,10
S01012136,65 to 74,28,6,5,1,22,7,0,3,6,6
S01012136,75 to 84,14,3,3,0,11,1,1,0,4,5
S01012136,85 and over,2,0,0,0,2,0,0,0,0,2
S01012137,All people aged 16 and over in households,608,190,128,62,418,246,8,20,65,79
S01012137,16 to 24,75,14,6,8,61,59,0,1,1,0
S01012137,25 to 34,111,54,30,24,57,55,2,0,0,0
S01012137,35 to 49,143,35,18,17,108,82,2,5,19,0
S01012137,50 to 64,122,42,32,10,80,34,1,11,31,3
S01012137,65 to 74,63,26,23,3,37,8,0,3,8,18
S01012137,75 to 84,61,13,13,0,48,7,2,0,6,33
S01012137,85 and over,33,6,6,0,27,1,1,0,0,25
S01012138,All people aged 16 and over in households,785,396,306,90,389,241,4,20,53,71
S01012138,16 to 24,101,7,1,6,94,94,0,0,0,0
S01012138,25 to 34,125,61,22,39,64,62,0,2,0,0
S01012138,35 to 49,187,122,88,34,65,32,0,12,20,1
S01012138,50 to 64,193,125,116,9,68,31,1,4,26,6
S01012138,65 to 74,75,45,44,1,30,9,2,2,6,11
S01012138,75 to 84,72,26,25,1,46,10,1,0,1,34
S01012138,85 and over,32,10,10,0,22,3,0,0,0,19
S01012139,All people aged 16 and over in households,783,424,340,84,359,177,7,21,55,99
S01012139,16 to 24,72,7,0,7,65,64,0,0,1,0
S01012139,25 to 34,98,61,35,26,37,31,1,1,4,0
S01012139,35 to 49,183,127,93,34,56,34,2,12,8,0
S01012139,50 to 64,212,139,124,15,73,30,1,4,31,7
S01012139,65 to 74,91,55,53,2,36,7,0,4,10,15
S01012139,75 to 84,82,25,25,0,57,7,2,0,1,47
S01012139,85 and over,45,10,10,0,35,4,1,0,0,30
S01012140,All people aged 16 and over in households,441,308,288,20,133,85,4,3,13,28
S01012140,16 to 24,50,0,0,0,50,50,0,0,0,0
S01012140,25 to 34,39,18,16,2,21,20,0,0,0,1
S01012140,35 to 49,113,99,88,11,14,9,0,1,4,0
S01012140,50 to 64,141,118,112,6,23,3,3,2,7,8
S01012140,65 to 74,54,46,45,1,8,1,1,0,2,4
S01012140,75 to 84,29,20,20,0,9,1,0,0,0,8
S01012140,85 and over,15,7,7,0,8,1,0,0,0,7
S01012141,All people aged 16 and over in households,829,538,490,48,291,169,3,19,37,63
S01012141,16 to 24,95,3,0,3,92,92,0,0,0,0
S01012141,25 to 34,74,32,24,8,42,37,1,4,0,0
S01012141,35 to 49,224,183,160,23,41,20,1,9,8,3
S01012141,50 to 64,246,202,190,12,44,10,0,5,22,7
S01012141,65 to 74,116,87,85,2,29,8,1,1,4,15
S01012141,75 to 84,64,31,31,0,33,2,0,0,3,28
S01012141,85 and over,10,0,0,0,10,0,0,0,0,10
S01012142,All people aged 16 and over in households,800,550,504,46,250,143,3,8,18,78
S01012142,16 to 24,77,2,0,2,75,75,0,0,0,0
S01012142,25 to 34,53,27,20,7,26,25,0,1,0,0
S01012142,35 to 49,193,156,140,16,37,19,1,6,8,3
S01012142,50 to 64,242,212,194,18,30,15,0,1,6,8
S01012142,65 to 74,128,98,97,1,30,2,0,0,4,24
S01012142,75 to 84,79,45,43,2,34,5,2,0,0,27
S01012142,85 and over,28,10,10,0,18,2,0,0,0,16
S01012143,All people aged 16 and over in households,766,476,450,26,290,171,4,5,18,92
S01012143,16 to 24,99,0,0,0,99,99,0,0,0,0
S01012143,25 to 34,45,17,14,3,28,28,0,0,0,0
S01012143,35 to 49,142,108,97,11,34,18,2,3,11,0
S01012143,50 to 64,247,215,207,8,32,15,0,2,5,10
S01012143,65 to 74,100,80,77,3,20,7,1,0,2,10
S01012143,75 to 84,107,49,48,1,58,3,0,0,0,55
S01012143,85 and over,26,7,7,0,19,1,1,0,0,17
S01012144,All people aged 16 and over in households,874,556,496,60,318,173,1,21,27,96
S01012144,16 to 24,95,2,0,2,93,91,0,1,0,1
S01012144,25 to 34,72,33,22,11,39,35,0,3,1,0
S01012144,35 to 49,230,191,158,33,39,19,0,12,6,2
S01012144,50 to 64,236,195,181,14,41,13,0,3,18,7
S01012144,65 to 74,110,81,81,0,29,8,1,2,2,16
S01012144,75 to 84,95,46,46,0,49,6,0,0,0,43
S01012144,85 and over,36,8,8,0,28,1,0,0,0,27
S01012145,All people aged 16 and over in households,832,554,510,44,278,171,4,13,16,74
S01012145,16 to 24,108,7,0,7,101,101,0,0,0,0
S01012145,25 to 34,53,25,22,3,28,27,0,1,0,0
S01012145,35 to 49,227,190,168,22,37,17,2,8,7,3
S01012145,50 to 64,234,206,195,11,28,10,1,2,7,8
S01012145,65 to 74,106,79,78,1,27,8,0,2,0,17
S01012145,75 to 84,76,36,36,0,40,6,1,0,2,31
S01012145,85 and over,28,11,11,0,17,2,0,0,0,15
S01012146,All people aged 16 and over in households,819,286,198,88,533,300,12,38,94,89
S01012146,16 to 24,111,17,3,14,94,93,0,1,0,0
S01012146,25 to 34,147,72,39,33,75,68,6,1,0,0
S01012146,35 to 49,200,49,33,16,151,99,1,16,31,4
S01012146,50 to 64,159,72,56,16,87,20,2,14,42,9
S01012146,65 to 74,84,36,33,3,48,6,2,4,14,22
S01012146,75 to 84,86,32,27,5,54,8,1,2,7,36
S01012146,85 and over,32,8,7,1,24,6,0,0,0,18
S01012147,All people aged 16 and over in households,622,212,140,72,410,237,7,16,87,63
S01012147,16 to 24,96,9,0,9,87,86,1,0,0,0
S01012147,25 to 34,120,50,22,28,70,68,1,1,0,0
S01012147,35 to 49,149,59,42,17,90,55,3,6,25,1
S01012147,50 to 64,129,53,43,10,76,14,1,7,38,16
S01012147,65 to 74,78,29,23,6,49,6,1,2,19,21
S01012147,75 to 84,39,12,10,2,27,5,0,0,3,19
S01012147,85 and over,11,0,0,0,11,3,0,0,2,6
S01012148,All people aged 16 and over in households,574,252,156,96,322,208,4,21,43,46
S01012148,16 to 24,87,14,1,13,73,73,0,0,0,0
S01012148,25 to 34,101,43,14,29,58,53,0,4,1,0
S01012148,35 to 49,163,74,38,36,89,54,1,8,26,0
S01012148,50 to 64,121,69,60,9,52,20,2,9,13,8
S01012148,65 to 74,68,43,36,7,25,4,0,0,3,18
S01012148,75 to 84,25,8,6,2,17,4,1,0,0,12
S01012148,85 and over,9,1,1,0,8,0,0,0,0,8
S01012149,All people aged 16 and over in households,638,352,278,74,286,207,5,15,35,24
S01012149,16 to 24,115,8,0,8,107,107,0,0,0,0
S01012149,25 to 34,102,54,32,22,48,47,0,1,0,0
S01012149,35 to 49,186,125,97,28,61,31,2,10,16,2
S01012149,50 to 64,144,108,95,13,36,13,1,4,15,3
S01012149,65 to 74,64,42,40,2,22,8,1,0,4,9
S01012149,75 to 84,21,14,13,1,7,1,1,0,0,5
S01012149,85 and over,6,1,1,0,5,0,0,0,0,5
S01012150,All people aged 16 and over in households,623,304,250,54,319,182,5,16,43,73
S01012150,16 to 24,93,7,0,7,86,79,0,1,0,6
S01012150,25 to 34,78,43,23,20,35,34,0,1,0,0
S01012150,35 to 49,156,84,73,11,72,47,2,8,14,1
S01012150,50 to 64,132,83,71,12,49,17,1,4,20,7
S01012150,65 to 74,94,66,62,4,28,2,1,2,5,18
S01012150,75 to 84,51,18,18,0,33,3,1,0,3,26
S01012150,85 and over,19,3,3,0,16,0,0,0,1,15
S01012151,All people aged 16 and over in households,626,279,228,51,347,179,6,23,72,67
S01012151,16 to 24,88,13,3,10,75,73,1,1,0,0
S01012151,25 to 34,67,36,18,18,31,31,0,0,0,0
S01012151,35 to 49,168,81,64,17,87,52,1,8,25,1
S01012151,50 to 64,117,59,53,6,58,15,0,7,29,7
S01012151,65 to 74,112,65,65,0,47,5,3,5,13,21
S01012151,75 to 84,49,23,23,0,26,2,0,2,4,18
S01012151,85 and over,25,2,2,0,23,1,1,0,1,20
S01012152,All people aged 16 and over in households,601,242,174,68,359,246,1,14,58,40
S01012152,16 to 24,104,5,0,5,99,99,0,0,0,0
S01012152,25 to 34,103,46,18,28,57,53,0,1,3,0
S01012152,35 to 49,174,77,50,27,97,63,1,12,20,1
S01012152,50 to 64,127,67,61,6,60,23,0,1,29,7
S01012152,65 to 74,57,31,29,2,26,3,0,0,3,20
S01012152,75 to 84,32,13,13,0,19,5,0,0,3,11
S01012152,85 and over,4,3,3,0,1,0,0,0,0,1
S01012153,All people aged 16 and over in households,447,128,52,76,319,213,1,27,61,17
S01012153,16 to 24,78,20,1,19,58,58,0,0,0,0
S01012153,25 to 34,114,42,15,27,72,70,0,2,0,0
S01012153,35 to 49,123,36,14,22,87,56,1,12,18,0
S01012153,50 to 64,93,23,15,8,70,21,0,11,31,7
S01012153,65 to 74,25,5,5,0,20,5,0,2,8,5
S01012153,75 to 84,13,2,2,0,11,3,0,0,3,5
S01012153,85 and over,1,0,0,0,1,0,0,0,1,0
S01012154,All people aged 16 and over in households,688,234,130,104,454,308,8,25,66,47
S01012154,16 to 24,105,28,5,23,77,77,0,0,0,0
S01012154,25 to 34,164,75,33,42,89,87,0,0,2,0
S01012154,35 to 49,189,59,31,28,130,99,7,9,15,0
S01012154,50 to 64,122,38,30,8,84,33,1,15,33,2
S01012154,65 to 74,57,18,17,1,39,5,0,1,10,23
S01012154,75 to 84,39,16,14,2,23,5,0,0,4,14
S01012154,85 and over,12,0,0,0,12,2,0,0,2,8
S01012155,All people aged 16 and over in households,497,170,106,64,327,203,6,24,69,25
S01012155,16 to 24,69,10,2,8,59,59,0,0,0,0
S01012155,25 to 34,94,37,21,16,57,54,0,2,1,0
S01012155,35 to 49,145,46,19,27,99,71,3,9,15,1
S01012155,50 to 64,110,48,35,13,62,13,1,11,35,2
S01012155,65 to 74,43,20,20,0,23,3,0,2,13,5
S01012155,75 to 84,33,9,9,0,24,3,2,0,4,15
S01012155,85 and over,3,0,0,0,3,0,0,0,1,2
S01012156,All people aged 16 and over in households,528,170,122,48,358,204,4,26,67,57
S01012156,16 to 24,60,6,2,4,54,54,0,0,0,0
S01012156,25 to 34,75,24,11,13,51,44,1,6,0,0
S01012156,35 to 49,141,44,24,20,97,66,0,7,22,2
S01012156,50 to 64,131,55,46,9,76,26,2,9,29,10
S01012156,65 to 74,66,28,26,2,38,9,0,4,9,16
S01012156,75 to 84,39,12,12,0,27,5,1,0,4,17
S01012156,85 and over,16,1,1,0,15,0,0,0,3,12
S01012157,All people aged 16 and over in households,802,380,268,112,422,262,5,34,65,56
S01012157,16 to 24,115,18,4,14,97,96,0,0,0,1
S01012157,25 to 34,182,104,52,52,78,75,0,2,1,0
S01012157,35 to 49,218,123,93,30,95,60,2,15,18,0
S01012157,50 to 64,144,70,60,10,74,24,2,15,24,9
S01012157,65 to 74,83,47,41,6,36,4,1,1,14,16
S01012157,75 to 84,49,15,15,0,34,2,0,1,8,23
S01012157,85 and over,11,3,3,0,8,1,0,0,0,7
S01012158,All people aged 16 and over in households,854,506,372,134,348,222,12,32,52,30
S01012158,16 to 24,117,19,7,12,98,98,0,0,0,0
S01012158,25 to 34,209,129,71,58,80,68,3,5,4,0
S01012158,35 to 49,283,193,144,49,90,46,7,16,19,2
S01012158,50 to 64,156,121,108,13,35,5,2,9,16,3
S01012158,65 to 74,56,29,29,0,27,3,0,2,11,11
S01012158,75 to 84,25,12,10,2,13,2,0,0,2,9
S01012158,85 and over,8,3,3,0,5,0,0,0,0,5
S01012159,All people aged 16 and over in households,454,306,278,28,148,84,2,8,9,45
S01012159,16 to 24,46,2,1,1,44,44,0,0,0,0
S01012159,25 to 34,42,19,11,8,23,21,0,1,1,0
S01012159,35 to 49,106,88,76,12,18,11,1,4,2,0
S01012159,50 to 64,136,117,111,6,19,6,1,3,4,5
S01012159,65 to 74,81,60,59,1,21,1,0,0,1,19
S01012159,75 to 84,39,19,19,0,20,1,0,0,1,18
S01012159,85 and over,4,1,1,0,3,0,0,0,0,3
S01012160,All people aged 16 and over in households,569,368,316,52,201,114,4,14,20,49
S01012160,16 to 24,56,1,1,0,55,54,1,0,0,0
S01012160,25 to 34,52,24,12,12,28,26,1,1,0,0
S01012160,35 to 49,143,108,82,26,35,20,0,5,9,1
S01012160,50 to 64,186,149,136,13,37,12,2,6,8,9
S01012160,65 to 74,88,69,68,1,19,2,0,1,3,13
S01012160,75 to 84,34,17,17,0,17,0,0,0,0,17
S01012160,85 and over,10,0,0,0,10,0,0,1,0,9
S01012161,All people aged 16 and over in households,343,142,106,36,201,127,3,14,32,25
S01012161,16 to 24,62,11,5,6,51,49,2,0,0,0
S01012161,25 to 34,79,34,17,17,45,43,0,2,0,0
S01012161,35 to 49,75,30,17,13,45,24,1,5,14,1
S01012161,50 to 64,75,43,43,0,32,8,0,5,12,7
S01012161,65 to 74,31,14,14,0,17,2,0,2,5,8
S01012161,75 to 84,16,10,10,0,6,1,0,0,0,5
S01012161,85 and over,5,0,0,0,5,0,0,0,1,4
S01012162,All people aged 16 and over in households,645,314,210,104,331,224,1,31,56,19
S01012162,16 to 24,97,9,2,7,88,88,0,0,0,0
S01012162,25 to 34,170,100,62,38,70,64,0,4,2,0
S01012162,35 to 49,231,127,83,44,104,59,1,20,23,1
S01012162,50 to 64,96,54,42,12,42,11,0,4,20,7
S01012162,65 to 74,35,15,14,1,20,1,0,3,9,7
S01012162,75 to 84,15,9,7,2,6,1,0,0,2,3
S01012162,85 and over,1,0,0,0,1,0,0,0,0,1
S01012163,All people aged 16 and over in households,586,272,208,64,314,216,6,21,49,22
S01012163,16 to 24,74,9,1,8,65,64,0,1,0,0
S01012163,25 to 34,158,74,45,29,84,79,0,2,3,0
S01012163,35 to 49,174,103,86,17,71,48,3,5,15,0
S01012163,50 to 64,112,54,44,10,58,17,2,11,19,9
S01012163,65 to 74,43,20,20,0,23,5,1,1,11,5
S01012163,75 to 84,18,9,9,0,9,2,0,1,1,5
S01012163,85 and over,7,3,3,0,4,1,0,0,0,3
S01012164,All people aged 16 and over in households,804,562,450,112,242,161,4,28,27,22
S01012164,16 to 24,95,8,1,7,87,87,0,0,0,0
S01012164,25 to 34,201,160,111,49,41,36,1,4,0,0
S01012164,35 to 49,354,290,245,45,64,28,2,19,15,0
S01012164,50 to 64,123,87,77,10,36,6,1,4,12,13
S01012164,65 to 74,21,16,15,1,5,2,0,0,0,3
S01012164,75 to 84,6,1,1,0,5,2,0,0,0,3
S01012164,85 and over,4,0,0,0,4,0,0,1,0,3
S01012165,All people aged 16 and over in households,712,276,178,98,436,256,8,37,81,54
S01012165,16 to 24,124,13,3,10,111,109,0,1,1,0
S01012165,25 to 34,122,56,17,39,66,57,2,6,1,0
S01012165,35 to 49,207,90,54,36,117,68,0,20,24,5
S01012165,50 to 64,160,74,65,9,86,17,4,10,44,11
S01012165,65 to 74,57,26,24,2,31,5,1,0,9,16
S01012165,75 to 84,34,17,15,2,17,0,1,0,2,14
S01012165,85 and over,8,0,0,0,8,0,0,0,0,8
S01012166,All people aged 16 and over in households,490,198,158,40,292,192,5,19,50,26
S01012166,16 to 24,93,18,3,15,75,75,0,0,0,0
S01012166,25 to 34,95,30,16,14,65,62,0,3,0,0
S01012166,35 to 49,122,52,48,4,70,40,2,6,21,1
S01012166,50 to 64,125,69,62,7,56,13,1,9,24,9
S01012166,65 to 74,38,23,23,0,15,1,0,1,5,8
S01012166,75 to 84,15,6,6,0,9,1,2,0,0,6
S01012166,85 and over,2,0,0,0,2,0,0,0,0,2
S01012167,All people aged 16 and over in households,689,336,272,64,353,219,2,25,60,47
S01012167,16 to 24,91,8,4,4,83,83,0,0,0,0
S01012167,25 to 34,105,48,25,23,57,51,0,4,1,1
S01012167,35 to 49,178,86,67,19,92,60,2,13,17,0
S01012167,50 to 64,159,98,88,10,61,20,0,2,32,7
S01012167,65 to 74,115,76,71,5,39,3,0,6,8,22
S01012167,75 to 84,38,20,17,3,18,2,0,0,2,14
S01012167,85 and over,3,0,0,0,3,0,0,0,0,3
S01012168,All people aged 16 and over in households,714,422,368,54,292,160,6,20,29,77
S01012168,16 to 24,75,4,1,3,71,71,0,0,0,0
S01012168,25 to 34,70,27,20,7,43,39,2,1,1,0
S01012168,35 to 49,160,120,100,20,40,22,1,10,7,0
S01012168,50 to 64,217,162,142,20,55,21,2,5,16,11
S01012168,65 to 74,89,64,60,4,25,2,0,1,4,18
S01012168,75 to 84,80,40,40,0,40,4,1,3,1,31
S01012168,85 and over,23,5,5,0,18,1,0,0,0,17
S01012169,All people aged 16 and over in households,725,396,330,66,329,181,6,30,55,57
S01012169,16 to 24,68,5,0,5,63,63,0,0,0,0
S01012169,25 to 34,112,61,37,24,51,48,0,2,1,0
S01012169,35 to 49,158,90,67,23,68,38,2,13,15,0
S01012169,50 to 64,202,136,122,14,66,21,1,13,25,6
S01012169,65 to 74,99,62,62,0,37,7,2,1,9,18
S01012169,75 to 84,68,38,38,0,30,3,0,1,5,21
S01012169,85 and over,18,4,4,0,14,1,1,0,0,12
S01012170,All people aged 16 and over in households,849,404,316,88,445,199,8,36,77,125
S01012170,16 to 24,58,6,0,6,52,52,0,0,0,0
S01012170,25 to 34,116,56,26,30,60,53,0,5,2,0
S01012170,35 to 49,186,109,79,30,77,42,2,15,17,1
S01012170,50 to 64,206,107,93,14,99,29,2,10,39,19
S01012170,65 to 74,131,69,64,5,62,8,1,6,17,30
S01012170,75 to 84,120,52,49,3,68,11,2,0,1,54
S01012170,85 and over,32,5,5,0,27,4,1,0,1,21
S01012171,All people aged 16 and over in households,832,442,348,94,390,211,6,25,64,84
S01012171,16 to 24,104,15,3,12,89,89,0,0,0,0
S01012171,25 to 34,125,66,29,37,59,53,1,3,1,1
S01012171,35 to 49,206,122,90,32,84,50,2,12,15,5
S01012171,50 to 64,197,138,126,12,59,11,2,6,33,7
S01012171,65 to 74,130,84,84,0,46,3,1,3,11,28
S01012171,75 to 84,62,17,16,1,45,5,0,1,4,35
S01012171,85 and over,8,0,0,0,8,0,0,0,0,8
S01012172,All people aged 16 and over in households,611,304,240,64,307,183,4,23,32,65
S01012172,16 to 24,89,20,1,19,69,66,0,3,0,0
S01012172,25 to 34,98,43,24,19,55,52,0,1,0,2
S01012172,35 to 49,131,62,43,19,69,43,1,11,13,1
S01012172,50 to 64,127,82,76,6,45,14,2,7,13,9
S01012172,65 to 74,105,73,72,1,32,5,1,1,5,20
S01012172,75 to 84,52,23,23,0,29,2,0,0,1,26
S01012172,85 and over,9,1,1,0,8,1,0,0,0,7
S01012173,All people aged 16 and over in households,570,358,340,18,212,112,7,18,11,64
S01012173,16 to 24,66,0,0,0,66,66,0,0,0,0
S01012173,25 to 34,40,18,18,0,22,19,2,0,1,0
S01012173,35 to 49,116,86,74,12,30,17,2,9,2,0
S01012173,50 to 64,156,132,126,6,24,5,0,7,6,6
S01012173,65 to 74,97,72,72,0,25,1,1,2,1,20
S01012173,75 to 84,71,41,41,0,30,3,1,0,1,25
S01012173,85 and over,24,9,9,0,15,1,1,0,0,13
S01012174,All people aged 16 and over in households,665,444,408,36,221,156,1,15,30,19
S01012174,16 to 24,106,0,0,0,106,106,0,0,0,0
S01012174,25 to 34,78,37,26,11,41,41,0,0,0,0
S01012174,35 to 49,281,245,226,19,36,6,0,12,14,4
S01012174,50 to 64,170,142,137,5,28,3,1,3,12,9
S01012174,65 to 74,22,17,16,1,5,0,0,0,4,1
S01012174,75 to 84,5,3,3,0,2,0,0,0,0,2
S01012174,85 and over,3,0,0,0,3,0,0,0,0,3
S01012175,All people aged 16 and over in households,686,412,338,74,274,172,4,21,44,33
S01012175,16 to 24,80,7,2,5,73,73,0,0,0,0
S01012175,25 to 34,124,71,30,41,53,50,0,1,2,0
S01012175,35 to 49,160,108,91,17,52,31,0,12,9,0
S01012175,50 to 64,220,162,154,8,58,12,2,7,27,10
S01012175,65 to 74,72,54,52,2,18,4,1,1,5,7
S01012175,75 to 84,24,10,9,1,14,2,1,0,1,10
S01012175,85 and over,6,0,0,0,6,0,0,0,0,6
S01012176,All people aged 16 and over in households,727,428,374,54,299,207,2,15,33,42
S01012176,16 to 24,104,7,0,7,97,96,1,0,0,0
S01012176,25 to 34,121,60,43,17,61,60,1,0,0,0
S01012176,35 to 49,156,110,96,14,46,28,0,7,10,1
S01012176,50 to 64,253,201,188,13,52,17,0,7,17,11
S01012176,65 to 74,70,48,45,3,22,5,0,1,4,12
S01012176,75 to 84,16,2,2,0,14,1,0,0,1,12
S01012176,85 and over,7,0,0,0,7,0,0,0,1,6
S01012177,All people aged 16 and over in households,523,352,336,16,171,121,3,11,16,20
S01012177,16 to 24,76,3,1,2,73,72,1,0,0,0
S01012177,25 to 34,59,37,31,6,22,21,0,1,0,0
S01012177,35 to 49,112,81,77,4,31,20,1,6,3,1
S01012177,50 to 64,178,157,154,3,21,7,0,3,8,3
S01012177,65 to 74,77,63,62,1,14,1,0,1,5,7
S01012177,75 to 84,16,11,11,0,5,0,0,0,0,5
S01012177,85 and over,5,0,0,0,5,0,1,0,0,4
S01012178,All people aged 16 and over in households,451,326,290,36,125,82,1,6,6,30
S01012178,16 to 24,54,1,0,1,53,53,0,0,0,0
S01012178,25 to 34,40,20,8,12,20,19,0,1,0,0
S01012178,35 to 49,98,84,66,18,14,6,0,2,3,3
S01012178,50 to 64,182,166,161,5,16,4,1,2,3,6
S01012178,65 to 74,57,47,47,0,10,0,0,1,0,9
S01012178,75 to 84,16,8,8,0,8,0,0,0,0,8
S01012178,85 and over,4,0,0,0,4,0,0,0,0,4
S01012179,All people aged 16 and over in households,517,254,216,38,263,138,5,11,38,71
S01012179,16 to 24,61,5,1,4,56,56,0,0,0,0
S01012179,25 to 34,58,26,12,14,32,32,0,0,0,0
S01012179,35 to 49,105,67,54,13,38,24,1,4,9,0
S01012179,50 to 64,130,83,76,7,47,11,1,4,22,9
S01012179,65 to 74,72,48,48,0,24,7,1,1,4,11
S01012179,75 to 84,57,23,23,0,34,4,1,1,1,27
S01012179,85 and over,34,2,2,0,32,4,1,1,2,24
S01012180,All people aged 16 and over in households,480,258,230,28,222,118,6,13,20,65
S01012180,16 to 24,46,4,0,4,42,42,0,0,0,0
S01012180,25 to 34,58,28,17,11,30,27,0,2,1,0
S01012180,35 to 49,103,63,51,12,40,24,3,6,6,1
S01012180,50 to 64,107,75,74,1,32,10,2,5,8,7
S01012180,65 to 74,93,62,62,0,31,11,0,0,5,15
S01012180,75 to 84,49,23,23,0,26,1,1,0,0,24
S01012180,85 and over,24,3,3,0,21,3,0,0,0,18
S01012181,All people aged 16 and over in households,648,298,262,36,350,190,12,28,38,82
S01012181,16 to 24,69,2,2,0,67,67,0,0,0,0
S01012181,25 to 34,89,39,27,12,50,45,3,1,1,0
S01012181,35 to 49,156,86,76,10,70,40,3,17,10,0
S01012181,50 to 64,151,101,94,7,50,19,2,5,18,6
S01012181,65 to 74,88,48,44,4,40,9,0,4,7,20
S01012181,75 to 84,62,19,16,3,43,4,2,1,2,34
S01012181,85 and over,33,3,3,0,30,6,2,0,0,22
S01012182,All people aged 16 and over in households,853,546,420,126,307,224,4,25,31,23
S01012182,16 to 24,144,14,2,12,130,130,0,0,0,0
S01012182,25 to 34,204,142,81,61,62,55,4,2,1,0
S01012182,35 to 49,271,210,173,37,61,29,0,13,16,3
S01012182,50 to 64,171,135,121,14,36,10,0,9,12,5
S01012182,65 to 74,41,34,34,0,7,0,0,1,0,6
S01012182,75 to 84,18,10,8,2,8,0,0,0,2,6
S01012182,85 and over,4,1,1,0,3,0,0,0,0,3
S01012183,All people aged 16 and over in households,616,276,162,114,340,204,2,26,67,41
S01012183,16 to 24,93,26,5,21,67,67,0,0,0,0
S01012183,25 to 34,166,96,36,60,70,64,0,3,2,1
S01012183,35 to 49,140,68,48,20,72,44,0,6,22,0
S01012183,50 to 64,123,41,34,7,82,22,0,14,35,11
S01012183,65 to 74,49,24,20,4,25,3,2,1,7,12
S01012183,75 to 84,36,19,18,1,17,3,0,2,0,12
S01012183,85 and over,9,2,1,1,7,1,0,0,1,5
S01012184,All people aged 16 and over in households,447,226,140,86,221,150,4,27,31,9
S01012184,16 to 24,76,25,4,21,51,51,0,0,0,0
S01012184,25 to 34,171,89,42,47,82,69,4,5,4,0
S01012184,35 to 49,103,56,42,14,47,22,0,10,15,0
S01012184,50 to 64,65,36,32,4,29,8,0,11,9,1
S01012184,65 to 74,20,14,14,0,6,0,0,1,3,2
S01012184,75 to 84,11,6,6,0,5,0,0,0,0,5
S01012184,85 and over,1,0,0,0,1,0,0,0,0,1
S01012185,All people aged 16 and over in households,626,158,74,84,468,294,6,43,102,23
S01012185,16 to 24,60,13,0,13,47,46,0,0,1,0
S01012185,25 to 34,168,62,26,36,106,103,1,0,2,0
S01012185,35 to 49,206,38,17,21,168,106,2,22,37,1
S01012185,50 to 64,141,32,22,10,109,35,3,19,48,4
S01012185,65 to 74,38,11,8,3,27,3,0,2,11,11
S01012185,75 to 84,9,2,1,1,7,1,0,0,3,3
S01012185,85 and over,4,0,0,0,4,0,0,0,0,4
S01012186,All people aged 16 and over in households,581,298,248,50,283,144,3,24,36,76
S01012186,16 to 24,50,2,1,1,48,47,0,1,0,0
S01012186,25 to 34,85,39,25,14,46,42,0,1,3,0
S01012186,35 to 49,115,65,46,19,50,31,0,11,7,1
S01012186,50 to 64,162,105,96,9,57,17,1,10,20,9
S01012186,65 to 74,77,48,44,4,29,3,0,0,3,23
S01012186,75 to 84,67,34,31,3,33,4,2,1,3,23
S01012186,85 and over,25,5,5,0,20,0,0,0,0,20
S01012187,All people aged 16 and over in households,584,226,176,50,358,206,5,21,60,66
S01012187,16 to 24,78,12,1,11,66,66,0,0,0,0
S01012187,25 to 34,84,22,10,12,62,57,1,2,2,0
S01012187,35 to 49,125,56,38,18,69,51,1,8,8,1
S01012187,50 to 64,162,82,76,6,80,26,1,6,38,9
S01012187,65 to 74,68,34,33,1,34,3,0,2,10,19
S01012187,75 to 84,43,15,13,2,28,2,2,3,2,19
S01012187,85 and over,24,5,5,0,19,1,0,0,0,18
S01012188,All people aged 16 and over in households,464,294,256,38,170,85,6,9,21,49
S01012188,16 to 24,45,3,0,3,42,42,0,0,0,0
S01012188,25 to 34,49,29,10,19,20,19,0,1,0,0
S01012188,35 to 49,98,72,59,13,26,14,1,4,6,1
S01012188,50 to 64,144,119,116,3,25,6,1,3,12,3
S01012188,65 to 74,60,45,45,0,15,4,1,1,0,9
S01012188,75 to 84,49,21,21,0,28,0,1,0,3,24
S01012188,85 and over,19,5,5,0,14,0,2,0,0,12
S01012189,All people aged 16 and over in households,469,288,236,52,181,109,1,8,25,38
S01012189,16 to 24,46,1,0,1,45,45,0,0,0,0
S01012189,25 to 34,65,46,26,20,19,18,0,0,1,0
S01012189,35 to 49,148,108,83,25,40,29,0,3,7,1
S01012189,50 to 64,129,89,83,6,40,13,0,5,14,8
S01012189,65 to 74,33,24,24,0,9,0,0,0,2,7
S01012189,75 to 84,37,18,18,0,19,4,1,0,1,13
S01012189,85 and over,11,2,2,0,9,0,0,0,0,9
S01012190,All people aged 16 and over in households,402,304,264,40,98,68,0,7,14,9
S01012190,16 to 24,40,5,2,3,35,35,0,0,0,0
S01012190,25 to 34,82,67,56,11,15,14,0,1,0,0
S01012190,35 to 49,155,131,122,9,24,13,0,3,7,1
S01012190,50 to 64,86,72,56,16,14,4,0,2,6,2
S01012190,65 to 74,30,24,23,1,6,1,0,1,1,3
S01012190,75 to 84,9,5,5,0,4,1,0,0,0,3
S01012190,85 and over,0,0,0,0,0,0,0,0,0,0
S01012191,All people aged 16 and over in households,718,470,436,34,248,177,4,13,23,31
S01012191,16 to 24,125,2,0,2,123,122,0,0,0,1
S01012191,25 to 34,57,26,17,9,31,29,0,1,1,0
S01012191,35 to 49,195,160,148,12,35,21,1,7,6,0
S01012191,50 to 64,236,205,194,11,31,3,3,3,14,8
S01012191,65 to 74,80,64,64,0,16,1,0,2,1,12
S01012191,75 to 84,21,11,11,0,10,1,0,0,1,8
S01012191,85 and over,4,2,2,0,2,0,0,0,0,2
S01012192,All people aged 16 and over in households,426,282,260,22,144,110,6,1,10,17
S01012192,16 to 24,70,2,2,0,68,67,1,0,0,0
S01012192,25 to 34,44,19,15,4,25,24,1,0,0,0
S01012192,35 to 49,118,103,92,11,15,11,1,0,3,0
S01012192,50 to 64,105,93,88,5,12,5,0,1,4,2
S01012192,65 to 74,60,47,47,0,13,1,2,0,1,9
S01012192,75 to 84,29,18,16,2,11,2,1,0,2,6
S01012192,85 and over,0,0,0,0,0,0,0,0,0,0
S01012193,All people aged 16 and over in households,427,304,278,26,123,99,2,9,6,7
S01012193,16 to 24,78,1,0,1,77,77,0,0,0,0
S01012193,25 to 34,56,38,24,14,18,18,0,0,0,0
S01012193,35 to 49,154,140,130,10,14,3,1,7,3,0
S01012193,50 to 64,120,110,109,1,10,0,1,2,2,5
S01012193,65 to 74,14,11,11,0,3,1,0,0,1,1
S01012193,75 to 84,5,4,4,0,1,0,0,0,0,1
S01012193,85 and over,0,0,0,0,0,0,0,0,0,0
S01012194,All people aged 16 and over in households,427,282,274,8,145,116,0,8,14,7
S01012194,16 to 24,96,1,0,1,95,95,0,0,0,0
S01012194,25 to 34,45,31,30,1,14,14,0,0,0,0
S01012194,35 to 49,152,134,130,4,18,4,0,4,10,0
S01012194,50 to 64,107,93,91,2,14,3,0,4,4,3
S01012194,65 to 74,25,23,23,0,2,0,0,0,0,2
S01012194,75 to 84,2,0,0,0,2,0,0,0,0,2
S01012194,85 and over,0,0,0,0,0,0,0,0,0,0
S01012195,All people aged 16 and over in households,899,582,520,62,317,212,2,16,35,52
S01012195,16 to 24,136,5,2,3,131,131,0,0,0,0
S01012195,25 to 34,100,51,33,18,49,45,0,2,2,0
S01012195,35 to 49,296,245,217,28,51,26,1,9,15,0
S01012195,50 to 64,218,188,178,10,30,7,1,4,13,5
S01012195,65 to 74,93,71,68,3,22,2,0,1,5,14
S01012195,75 to 84,39,20,20,0,19,1,0,0,0,18
S01012195,85 and over,17,2,2,0,15,0,0,0,0,15
S01012196,All people aged 16 and over in households,438,272,244,28,166,103,5,11,25,22
S01012196,16 to 24,70,4,1,3,66,66,0,0,0,0
S01012196,25 to 34,68,40,32,8,28,24,1,3,0,0
S01012196,35 to 49,152,131,117,14,21,7,2,3,9,0
S01012196,50 to 64,118,90,87,3,28,4,2,4,15,3
S01012196,65 to 74,16,7,7,0,9,2,0,0,1,6
S01012196,75 to 84,9,0,0,0,9,0,0,1,0,8
S01012196,85 and over,5,0,0,0,5,0,0,0,0,5
S01012197,All people aged 16 and over in households,579,312,276,36,267,143,4,22,44,54
S01012197,16 to 24,68,5,1,4,63,63,0,0,0,0
S01012197,25 to 34,80,41,27,14,39,37,0,0,2,0
S01012197,35 to 49,148,102,90,12,46,27,0,8,11,0
S01012197,50 to 64,155,99,95,4,56,10,0,12,25,9
S01012197,65 to 74,78,50,50,0,28,4,2,2,5,15
S01012197,75 to 84,38,13,12,1,25,2,2,0,0,21
S01012197,85 and over,12,2,1,1,10,0,0,0,1,9
S01012198,All people aged 16 and over in households,696,376,326,50,320,174,6,24,61,55
S01012198,16 to 24,78,6,0,6,72,72,0,0,0,0
S01012198,25 to 34,93,41,31,10,52,48,2,1,1,0
S01012198,35 to 49,219,156,133,23,63,28,1,14,20,0
S01012198,50 to 64,197,127,118,9,70,20,1,8,34,7
S01012198,65 to 74,53,30,28,2,23,4,1,1,5,12
S01012198,75 to 84,32,14,14,0,18,1,1,0,1,15
S01012198,85 and over,24,2,2,0,22,1,0,0,0,21
S01012199,All people aged 16 and over in households,602,332,290,42,270,162,3,26,31,48
S01012199,16 to 24,87,3,0,3,84,84,0,0,0,0
S01012199,25 to 34,72,28,18,10,44,43,0,1,0,0
S01012199,35 to 49,161,103,83,20,58,26,3,15,13,1
S01012199,50 to 64,155,117,111,6,38,8,0,6,16,8
S01012199,65 to 74,93,72,70,2,21,1,0,4,2,14
S01012199,75 to 84,27,9,8,1,18,0,0,0,0,18
S01012199,85 and over,7,0,0,0,7,0,0,0,0,7
S01012200,All people aged 16 and over in households,516,276,256,20,240,138,7,14,36,45
S01012200,16 to 24,66,1,0,1,65,65,0,0,0,0
S01012200,25 to 34,67,33,22,11,34,31,1,1,0,1
S01012200,35 to 49,145,95,88,7,50,25,2,8,15,0
S01012200,50 to 64,133,91,90,1,42,11,2,4,14,11
S01012200,65 to 74,75,44,44,0,31,5,2,1,7,16
S01012200,75 to 84,20,7,7,0,13,1,0,0,0,12
S01012200,85 and over,10,5,5,0,5,0,0,0,0,5
S01012201,All people aged 16 and over in households,610,376,316,60,234,143,1,13,35,42
S01012201,16 to 24,79,7,2,5,72,72,0,0,0,0
S01012201,25 to 34,77,40,17,23,37,34,0,1,2,0
S01012201,35 to 49,170,120,100,20,50,28,1,8,12,1
S01012201,50 to 64,159,127,119,8,32,8,0,4,17,3
S01012201,65 to 74,71,52,48,4,19,1,0,0,4,14
S01012201,75 to 84,44,27,27,0,17,0,0,0,0,17
S01012201,85 and over,10,3,3,0,7,0,0,0,0,7
S01012202,All people aged 16 and over in households,473,290,254,36,183,115,4,9,24,31
S01012202,16 to 24,66,4,0,4,62,62,0,0,0,0
S01012202,25 to 34,66,30,24,6,36,30,3,0,1,2
S01012202,35 to 49,132,99,76,23,33,17,0,8,7,1
S01012202,50 to 64,104,80,77,3,24,4,0,1,13,6
S01012202,65 to 74,73,64,64,0,9,1,0,0,3,5
S01012202,75 to 84,24,11,11,0,13,0,1,0,0,12
S01012202,85 and over,8,2,2,0,6,1,0,0,0,5
S01012203,All people aged 16 and over in households,676,454,418,36,222,144,6,12,24,36
S01012203,16 to 24,88,3,0,3,85,85,0,0,0,0
S01012203,25 to 34,51,24,15,9,27,24,2,1,0,0
S01012203,35 to 49,128,96,85,11,32,19,2,5,6,0
S01012203,50 to 64,252,210,200,10,42,12,1,5,15,9
S01012203,65 to 74,98,84,81,3,14,1,0,1,2,10
S01012203,75 to 84,52,34,34,0,18,1,1,0,1,15
S01012203,85 and over,7,3,3,0,4,2,0,0,0,2
S01012204,All people aged 16 and over in households,662,438,404,34,224,179,7,7,18,13
S01012204,16 to 24,138,3,0,3,135,133,1,0,1,0
S01012204,25 to 34,62,29,11,18,33,29,0,2,2,0
S01012204,35 to 49,174,159,148,11,15,8,2,2,3,0
S01012204,50 to 64,239,211,209,2,28,7,4,3,12,2
S01012204,65 to 74,33,29,29,0,4,2,0,0,0,2
S01012204,75 to 84,12,6,6,0,6,0,0,0,0,6
S01012204,85 and over,4,1,1,0,3,0,0,0,0,3
S01012205,All people aged 16 and over in households,572,384,344,40,188,129,2,14,24,19
S01012205,16 to 24,76,5,2,3,71,71,0,0,0,0
S01012205,25 to 34,81,38,26,12,43,37,0,5,1,0
S01012205,35 to 49,137,112,99,13,25,12,2,4,7,0
S01012205,50 to 64,205,171,160,11,34,8,0,5,14,7
S01012205,65 to 74,49,43,42,1,6,1,0,0,1,4
S01012205,75 to 84,14,9,9,0,5,0,0,0,1,4
S01012205,85 and over,10,6,6,0,4,0,0,0,0,4
S01012206,All people aged 16 and over in households,682,426,372,54,256,177,2,13,27,37
S01012206,16 to 24,112,6,0,6,106,106,0,0,0,0
S01012206,25 to 34,88,45,21,24,43,40,1,2,0,0
S01012206,35 to 49,224,177,160,17,47,22,1,7,15,2
S01012206,50 to 64,165,138,131,7,27,6,0,4,10,7
S01012206,65 to 74,61,45,45,0,16,2,0,0,2,12
S01012206,75 to 84,29,15,15,0,14,1,0,0,0,13
S01012206,85 and over,3,0,0,0,3,0,0,0,0,3
S01012207,All people aged 16 and over in households,724,376,324,52,348,183,3,32,50,80
S01012207,16 to 24,94,6,1,5,88,87,0,0,1,0
S01012207,25 to 34,89,39,22,17,50,47,0,3,0,0
S01012207,35 to 49,208,131,109,22,77,35,1,17,18,6
S01012207,50 to 64,148,104,100,4,44,6,1,10,19,8
S01012207,65 to 74,103,60,59,1,43,4,0,2,12,25
S01012207,75 to 84,51,26,24,2,25,3,1,0,0,21
S01012207,85 and over,31,10,9,1,21,1,0,0,0,20
S01012208,All people aged 16 and over in households,830,436,356,80,394,213,5,27,62,87
S01012208,16 to 24,93,8,3,5,85,84,0,1,0,0
S01012208,25 to 34,134,74,43,31,60,49,1,3,7,0
S01012208,35 to 49,212,126,97,29,86,47,3,13,22,1
S01012208,50 to 64,195,120,107,13,75,25,1,9,21,19
S01012208,65 to 74,97,66,66,0,31,6,0,0,6,19
S01012208,75 to 84,73,34,32,2,39,2,0,1,6,30
S01012208,85 and over,26,8,8,0,18,0,0,0,0,18
S01012209,All people aged 16 and over in households,588,320,264,56,268,163,3,18,37,47
S01012209,16 to 24,81,8,0,8,73,73,0,0,0,0
S01012209,25 to 34,73,40,24,16,33,31,0,2,0,0
S01012209,35 to 49,167,120,94,26,47,28,2,8,7,2
S01012209,50 to 64,142,95,90,5,47,15,0,8,19,5
S01012209,65 to 74,74,36,36,0,38,11,1,0,10,16
S01012209,75 to 84,37,18,17,1,19,5,0,0,1,13
S01012209,85 and over,14,3,3,0,11,0,0,0,0,11
S01012210,All people aged 16 and over in households,647,320,256,64,327,178,2,18,43,86
S01012210,16 to 24,84,12,0,12,72,72,0,0,0,0
S01012210,25 to 34,95,52,28,24,43,42,0,0,1,0
S01012210,35 to 49,155,94,73,21,61,41,1,9,9,1
S01012210,50 to 64,92,59,53,6,33,11,0,6,14,2
S01012210,65 to 74,101,59,59,0,42,5,0,3,10,24
S01012210,75 to 84,71,36,35,1,35,6,1,0,9,19
S01012210,85 and over,49,8,8,0,41,1,0,0,0,40
S01012211,All people aged 16 and over in households,739,422,376,46,317,176,11,29,44,57
S01012211,16 to 24,86,3,0,3,83,83,0,0,0,0
S01012211,25 to 34,94,47,27,20,47,42,3,2,0,0
S01012211,35 to 49,217,166,150,16,51,28,2,12,7,2
S01012211,50 to 64,188,130,126,4,58,13,2,14,22,7
S01012211,65 to 74,79,48,46,2,31,3,1,0,15,12
S01012211,75 to 84,49,23,22,1,26,6,1,1,0,18
S01012211,85 and over,26,5,5,0,21,1,2,0,0,18
S01012212,All people aged 16 and over in households,665,470,442,28,195,142,1,8,10,34
S01012212,16 to 24,81,0,0,0,81,81,0,0,0,0
S01012212,25 to 34,61,26,22,4,35,34,0,1,0,0
S01012212,35 to 49,145,123,102,21,22,15,1,2,4,0
S01012212,50 to 64,224,203,200,3,21,8,0,4,5,4
S01012212,65 to 74,108,92,92,0,16,4,0,1,0,11
S01012212,75 to 84,39,23,23,0,16,0,0,0,1,15
S01012212,85 and over,7,3,3,0,4,0,0,0,0,4
S01012213,All people aged 16 and over in households,707,486,448,38,221,142,5,15,22,37
S01012213,16 to 24,91,2,0,2,89,89,0,0,0,0
S01012213,25 to 34,59,29,18,11,30,26,1,1,2,0
S01012213,35 to 49,155,127,108,19,28,17,1,5,5,0
S01012213,50 to 64,266,228,223,5,38,6,2,8,14,8
S01012213,65 to 74,98,80,79,1,18,4,0,1,0,13
S01012213,75 to 84,35,20,20,0,15,0,1,0,0,14
S01012213,85 and over,3,0,0,0,3,0,0,0,1,2
S01012214,All people aged 16 and over in households,567,394,366,28,173,101,3,2,16,51
S01012214,16 to 24,59,1,0,1,58,58,0,0,0,0
S01012214,25 to 34,41,13,10,3,28,28,0,0,0,0
S01012214,35 to 49,129,120,107,13,9,5,0,2,2,0
S01012214,50 to 64,187,165,158,7,22,8,0,0,10,4
S01012214,65 to 74,86,67,65,2,19,1,0,0,1,17
S01012214,75 to 84,43,20,20,0,23,1,3,0,2,17
S01012214,85 and over,22,8,6,2,14,0,0,0,1,13
S01012215,All people aged 16 and over in households,722,478,454,24,244,175,0,8,27,34
S01012215,16 to 24,108,1,0,1,107,107,0,0,0,0
S01012215,25 to 34,93,47,40,7,46,46,0,0,0,0
S01012215,35 to 49,157,130,119,11,27,14,0,3,9,1
S01012215,50 to 64,237,205,200,5,32,7,0,5,15,5
S01012215,65 to 74,92,75,75,0,17,0,0,0,2,15
S01012215,75 to 84,26,17,17,0,9,1,0,0,1,7
S01012215,85 and over,9,3,3,0,6,0,0,0,0,6
S01012216,All people aged 16 and over in households,586,398,374,24,188,133,1,11,11,32
S01012216,16 to 24,86,1,0,1,85,85,0,0,0,0
S01012216,25 to 34,44,26,18,8,18,18,0,0,0,0
S01012216,35 to 49,164,140,134,6,24,15,0,7,2,0
S01012216,50 to 64,189,163,155,8,26,7,1,3,7,8
S01012216,65 to 74,68,51,50,1,17,2,0,1,2,12
S01012216,75 to 84,30,16,16,0,14,3,0,0,0,11
S01012216,85 and over,5,1,1,0,4,3,0,0,0,1
S01012217,All people aged 16 and over in households,440,184,114,70,256,179,5,17,19,36
S01012217,16 to 24,62,5,0,5,57,57,0,0,0,0
S01012217,25 to 34,106,49,17,32,57,55,0,2,0,0
S01012217,35 to 49,128,51,28,23,77,57,4,10,4,2
S01012217,50 to 64,79,47,37,10,32,10,1,5,11,5
S01012217,65 to 74,35,21,21,0,14,0,0,0,3,11
S01012217,75 to 84,28,11,11,0,17,0,0,0,1,16
S01012217,85 and over,2,0,0,0,2,0,0,0,0,2
S01012218,All people aged 16 and over in households,354,136,102,34,218,137,3,22,35,21
S01012218,16 to 24,61,3,2,1,58,56,1,0,0,1
S01012218,25 to 34,79,28,12,16,51,48,1,0,2,0
S01012218,35 to 49,99,42,33,9,57,29,0,16,12,0
S01012218,50 to 64,62,33,27,6,29,4,0,5,18,2
S01012218,65 to 74,31,18,16,2,13,0,0,1,2,10
S01012218,75 to 84,19,11,11,0,8,0,1,0,1,6
S01012218,85 and over,3,1,1,0,2,0,0,0,0,2
S01012219,All people aged 16 and over in households,721,336,272,64,385,217,3,22,60,83
S01012219,16 to 24,95,11,0,11,84,84,0,0,0,0
S01012219,25 to 34,98,45,22,23,53,53,0,0,0,0
S01012219,35 to 49,142,60,42,18,82,50,0,10,22,0
S01012219,50 to 64,157,89,83,6,68,24,0,10,24,10
S01012219,65 to 74,119,72,68,4,47,3,0,1,8,35
S01012219,75 to 84,91,54,52,2,37,3,0,1,5,28
S01012219,85 and over,19,5,5,0,14,0,3,0,1,10
S01012220,All people aged 16 and over in households,544,194,134,60,350,181,3,25,74,67
S01012220,16 to 24,73,19,0,19,54,54,0,0,0,0
S01012220,25 to 34,72,23,1,22,49,45,0,2,2,0
S01012220,35 to 49,116,33,21,12,83,59,1,12,10,1
S01012220,50 to 64,130,54,47,7,76,17,1,9,38,11
S01012220,65 to 74,79,37,37,0,42,5,1,2,17,17
S01012220,75 to 84,60,28,28,0,32,1,0,0,7,24
S01012220,85 and over,14,0,0,0,14,0,0,0,0,14
S01012221,All people aged 16 and over in households,546,244,196,48,302,146,1,20,45,90
S01012221,16 to 24,63,1,0,1,62,62,0,0,0,0
S01012221,25 to 34,78,33,17,16,45,42,1,1,0,1
S01012221,35 to 49,107,56,37,19,51,28,0,8,12,3
S01012221,50 to 64,110,69,59,10,41,7,0,1,23,10
S01012221,65 to 74,110,57,55,2,53,2,0,10,7,34
S01012221,75 to 84,61,28,28,0,33,5,0,0,2,26
S01012221,85 and over,17,0,0,0,17,0,0,0,1,16
S01012222,All people aged 16 and over in households,685,350,302,48,335,183,2,16,61,73
S01012222,16 to 24,82,11,2,9,71,71,0,0,0,0
S01012222,25 to 34,72,40,24,16,32,30,0,0,2,0
S01012222,35 to 49,154,74,65,9,80,53,0,7,19,1
S01012222,50 to 64,180,113,102,11,67,19,1,8,27,12
S01012222,65 to 74,114,75,72,3,39,6,0,0,8,25
S01012222,75 to 84,69,34,34,0,35,3,1,1,5,25
S01012222,85 and over,14,3,3,0,11,1,0,0,0,10
S01012223,All people aged 16 and over in households,584,256,196,60,328,181,2,23,48,74
S01012223,16 to 24,88,10,2,8,78,75,0,3,0,0
S01012223,25 to 34,76,28,8,20,48,46,0,2,0,0
S01012223,35 to 49,138,75,52,23,63,35,0,11,13,4
S01012223,50 to 64,102,50,45,5,52,15,0,4,31,2
S01012223,65 to 74,106,63,61,2,43,6,0,2,2,33
S01012223,75 to 84,65,30,28,2,35,4,2,1,2,26
S01012223,85 and over,9,0,0,0,9,0,0,0,0,9
S01012224,All people aged 16 and over in households,589,308,242,66,281,174,2,20,36,49
S01012224,16 to 24,92,9,0,9,83,83,0,0,0,0
S01012224,25 to 34,95,44,20,24,51,47,1,3,0,0
S01012224,35 to 49,186,118,93,25,68,36,0,13,18,1
S01012224,50 to 64,110,80,72,8,30,8,0,3,10,9
S01012224,65 to 74,61,36,36,0,25,0,1,0,6,18
S01012224,75 to 84,40,21,21,0,19,0,0,1,2,16
S01012224,85 and over,5,0,0,0,5,0,0,0,0,5
S01012225,All people aged 16 and over in households,817,383,278,105,434,270,3,24,56,81
S01012225,16 to 24,146,11,3,8,135,135,0,0,0,0
S01012225,25 to 34,111,52,24,28,59,57,0,2,0,0
S01012225,35 to 49,262,168,110,58,94,50,1,11,28,4
S01012225,50 to 64,136,77,67,10,59,23,0,9,19,8
S01012225,65 to 74,95,49,49,0,46,4,0,1,8,33
S01012225,75 to 84,63,25,24,1,38,1,2,1,1,33
S01012225,85 and over,4,1,1,0,3,0,0,0,0,3
S01012226,All people aged 16 and over in households,580,338,298,40,242,146,1,18,35,42
S01012226,16 to 24,84,2,0,2,82,82,0,0,0,0
S01012226,25 to 34,65,31,19,12,34,30,1,2,1,0
S01012226,35 to 49,168,118,101,17,50,26,0,11,10,3
S01012226,50 to 64,142,104,95,9,38,6,0,5,20,7
S01012226,65 to 74,79,60,60,0,19,2,0,0,4,13
S01012226,75 to 84,37,22,22,0,15,0,0,0,0,15
S01012226,85 and over,5,1,1,0,4,0,0,0,0,4
S01012227,All people aged 16 and over in households,527,292,256,36,235,154,3,18,31,29
S01012227,16 to 24,85,1,1,0,84,83,1,0,0,0
S01012227,25 to 34,67,23,18,5,44,39,1,3,1,0
S01012227,35 to 49,168,118,91,27,50,27,1,10,10,2
S01012227,50 to 64,102,76,73,3,26,5,0,4,14,3
S01012227,65 to 74,74,55,54,1,19,0,0,1,6,12
S01012227,75 to 84,27,15,15,0,12,0,0,0,0,12
S01012227,85 and over,4,4,4,0,0,0,0,0,0,0
S01012228,All people aged 16 and over in households,542,334,286,48,208,131,1,18,26,32
S01012228,16 to 24,78,4,2,2,74,74,0,0,0,0
S01012228,25 to 34,77,40,29,11,37,35,0,2,0,0
S01012228,35 to 49,164,121,93,28,43,19,1,12,11,0
S01012228,50 to 64,133,108,102,6,25,3,0,3,11,8
S01012228,65 to 74,59,43,42,1,16,0,0,0,3,13
S01012228,75 to 84,27,17,17,0,10,0,0,1,1,8
S01012228,85 and over,4,1,1,0,3,0,0,0,0,3
S01012229,All people aged 16 and over in households,580,376,322,54,204,130,1,15,27,31
S01012229,16 to 24,62,8,1,7,54,53,0,0,1,0
S01012229,25 to 34,89,61,36,25,28,26,0,1,1,0
S01012229,35 to 49,152,107,94,13,45,33,0,4,8,0
S01012229,50 to 64,192,142,134,8,50,17,0,10,14,9
S01012229,65 to 74,47,34,34,0,13,1,1,0,2,9
S01012229,75 to 84,35,21,20,1,14,0,0,0,1,13
S01012229,85 and over,3,3,3,0,0,0,0,0,0,0
S01012230,All people aged 16 and over in households,735,496,432,64,239,157,1,12,33,36
S01012230,16 to 24,89,4,1,3,85,85,0,0,0,0
S01012230,25 to 34,81,59,34,25,22,21,0,1,0,0
S01012230,35 to 49,237,186,158,28,51,31,1,9,7,3
S01012230,50 to 64,204,165,158,7,39,15,0,1,21,2
S01012230,65 to 74,81,62,61,1,19,4,0,1,3,11
S01012230,75 to 84,39,20,20,0,19,1,0,0,2,16
S01012230,85 and over,4,0,0,0,4,0,0,0,0,4
S01012231,All people aged 16 and over in households,645,450,426,24,195,132,6,13,18,26
S01012231,16 to 24,104,3,1,2,101,101,0,0,0,0
S01012231,25 to 34,57,30,28,2,27,20,3,3,1,0
S01012231,35 to 49,187,171,162,9,16,7,1,2,5,1
S01012231,50 to 64,215,189,178,11,26,2,1,7,11,5
S01012231,65 to 74,56,41,41,0,15,1,0,0,1,13
S01012231,75 to 84,24,16,16,0,8,1,1,1,0,5
S01012231,85 and over,2,0,0,0,2,0,0,0,0,2
S01012232,All people aged 16 and over in households,674,460,416,44,214,144,2,14,20,34
S01012232,16 to 24,102,1,0,1,101,101,0,0,0,0
S01012232,25 to 34,49,29,15,14,20,19,0,1,0,0
S01012232,35 to 49,226,199,181,18,27,10,0,6,9,2
S01012232,50 to 64,195,163,154,9,32,9,1,6,10,6
S01012232,65 to 74,65,54,52,2,11,2,0,0,0,9
S01012232,75 to 84,32,11,11,0,21,3,0,1,1,16
S01012232,85 and over,5,3,3,0,2,0,1,0,0,1
S01012233,All people aged 16 and over in households,753,548,512,36,205,154,3,9,21,18
S01012233,16 to 24,96,2,0,2,94,94,0,0,0,0
S01012233,25 to 34,69,29,27,2,40,37,1,0,2,0
S01012233,35 to 49,217,186,167,19,31,14,2,6,9,0
S01012233,50 to 64,228,207,195,12,21,5,0,3,8,5
S01012233,65 to 74,104,92,91,1,12,3,0,0,2,7
S01012233,75 to 84,33,28,28,0,5,1,0,0,0,4
S01012233,85 and over,6,4,4,0,2,0,0,0,0,2
S01012234,All people aged 16 and over in households,843,574,510,64,269,193,3,13,32,28
S01012234,16 to 24,130,5,0,5,125,125,0,0,0,0
S01012234,25 to 34,90,57,40,17,33,30,0,1,2,0
S01012234,35 to 49,273,229,204,25,44,25,1,9,9,0
S01012234,50 to 64,244,212,199,13,32,9,0,1,14,8
S01012234,65 to 74,74,54,50,4,20,3,0,2,6,9
S01012234,75 to 84,24,16,16,0,8,1,2,0,1,4
S01012234,85 and over,8,1,1,0,7,0,0,0,0,7
S01012235,All people aged 16 and over in households,407,294,286,8,113,77,0,2,6,28
S01012235,16 to 24,43,0,0,0,43,43,0,0,0,0
S01012235,25 to 34,21,4,4,0,17,16,0,0,1,0
S01012235,35 to 49,68,58,52,6,10,7,0,2,1,0
S01012235,50 to 64,144,132,132,0,12,5,0,0,3,4
S01012235,65 to 74,80,71,69,2,9,3,0,0,1,5
S01012235,75 to 84,35,24,24,0,11,2,0,0,0,9
S01012235,85 and over,16,5,5,0,11,1,0,0,0,10
S01012236,All people aged 16 and over in households,500,286,258,28,214,122,1,18,28,45
S01012236,16 to 24,59,4,0,4,55,55,0,0,0,0
S01012236,25 to 34,43,19,11,8,24,21,1,1,1,0
S01012236,35 to 49,152,104,96,8,48,28,0,9,11,0
S01012236,50 to 64,127,94,89,5,33,11,0,6,11,5
S01012236,65 to 74,70,49,48,1,21,3,0,2,5,11
S01012236,75 to 84,39,15,13,2,24,3,0,0,0,21
S01012236,85 and over,10,1,1,0,9,1,0,0,0,8
S01012237,All people aged 16 and over in households,635,442,412,30,193,114,3,13,25,38
S01012237,16 to 24,78,5,2,3,73,73,0,0,0,0
S01012237,25 to 34,46,26,18,8,20,19,0,0,1,0
S01012237,35 to 49,184,159,146,13,25,10,0,8,6,1
S01012237,50 to 64,172,145,139,6,27,4,2,3,13,5
S01012237,65 to 74,100,81,81,0,19,3,1,2,5,8
S01012237,75 to 84,44,25,25,0,19,4,0,0,0,15
S01012237,85 and over,11,1,1,0,10,1,0,0,0,9
S01012238,All people aged 16 and over in households,509,260,178,82,249,124,5,25,47,48
S01012238,16 to 24,61,9,0,9,52,51,0,1,0,0
S01012238,25 to 34,84,55,21,34,29,29,0,0,0,0
S01012238,35 to 49,141,81,59,22,60,34,2,10,14,0
S01012238,50 to 64,106,61,44,17,45,4,0,14,23,4
S01012238,65 to 74,63,39,39,0,24,2,3,0,8,11
S01012238,75 to 84,39,13,13,0,26,2,0,0,2,22
S01012238,85 and over,15,2,2,0,13,2,0,0,0,11
S01012239,All people aged 16 and over in households,485,228,160,68,257,153,2,13,52,37
S01012239,16 to 24,66,5,0,5,61,61,0,0,0,0
S01012239,25 to 34,59,23,7,16,36,35,0,0,1,0
S01012239,35 to 49,142,70,42,28,72,36,2,4,28,2
S01012239,50 to 64,126,83,70,13,43,15,0,8,18,2
S01012239,65 to 74,51,31,26,5,20,6,0,0,5,9
S01012239,75 to 84,29,15,14,1,14,0,0,0,0,14
S01012239,85 and over,12,1,1,0,11,0,0,1,0,10
S01012240,All people aged 16 and over in households,701,396,324,72,305,175,7,19,40,64
S01012240,16 to 24,84,3,0,3,81,80,1,0,0,0
S01012240,25 to 34,70,37,13,24,33,33,0,0,0,0
S01012240,35 to 49,176,120,90,30,56,34,2,10,8,2
S01012240,50 to 64,175,123,111,12,52,15,3,7,20,7
S01012240,65 to 74,111,76,74,2,35,6,1,2,8,18
S01012240,75 to 84,61,31,31,0,30,5,0,0,4,21
S01012240,85 and over,24,6,5,1,18,2,0,0,0,16
S01012241,All people aged 16 and over in households,444,342,314,28,102,60,4,7,19,12
S01012241,16 to 24,27,1,0,1,26,26,0,0,0,0
S01012241,25 to 34,36,22,11,11,14,12,2,0,0,0
S01012241,35 to 49,136,113,99,14,23,15,1,4,3,0
S01012241,50 to 64,153,135,133,2,18,7,1,2,7,1
S01012241,65 to 74,66,55,55,0,11,0,0,1,8,2
S01012241,75 to 84,23,14,14,0,9,0,0,0,1,8
S01012241,85 and over,3,2,2,0,1,0,0,0,0,1
S01012242,All people aged 16 and over in households,639,450,418,32,189,110,6,9,30,34
S01012242,16 to 24,85,2,0,2,83,83,0,0,0,0
S01012242,25 to 34,30,16,11,5,14,13,1,0,0,0
S01012242,35 to 49,178,150,138,12,28,8,3,6,10,1
S01012242,50 to 64,205,182,169,13,23,3,1,1,10,8
S01012242,65 to 74,89,66,66,0,23,2,0,2,10,9
S01012242,75 to 84,37,26,26,0,11,0,0,0,0,11
S01012242,85 and over,15,8,8,0,7,1,1,0,0,5
S01012243,All people aged 16 and over in households,485,338,296,42,147,87,1,11,16,32
S01012243,16 to 24,53,4,0,4,49,48,1,0,0,0
S01012243,25 to 34,50,30,22,8,20,20,0,0,0,0
S01012243,35 to 49,146,123,101,22,23,12,0,6,3,2
S01012243,50 to 64,129,110,104,6,19,4,0,2,4,9
S01012243,65 to 74,71,49,47,2,22,1,0,3,9,9
S01012243,75 to 84,28,20,20,0,8,1,0,0,0,7
S01012243,85 and over,8,2,2,0,6,1,0,0,0,5
S01012244,All people aged 16 and over in households,699,538,456,82,161,95,5,6,32,23
S01012244,16 to 24,67,3,0,3,64,64,0,0,0,0
S01012244,25 to 34,56,40,30,10,16,13,1,1,1,0
S01012244,35 to 49,236,218,188,30,18,5,3,1,6,3
S01012244,50 to 64,215,179,145,34,36,9,0,3,20,4
S01012244,65 to 74,85,74,69,5,11,1,0,0,4,6
S01012244,75 to 84,36,21,21,0,15,3,1,1,1,9
S01012244,85 and over,4,3,3,0,1,0,0,0,0,1
S01012245,All people aged 16 and over in households,587,394,350,44,193,83,5,8,37,60
S01012245,16 to 24,40,2,1,1,38,38,0,0,0,0
S01012245,25 to 34,38,25,12,13,13,12,0,1,0,0
S01012245,35 to 49,155,133,116,17,22,13,0,2,7,0
S01012245,50 to 64,181,144,134,10,37,14,2,3,16,2
S01012245,65 to 74,89,55,52,3,34,3,2,2,11,16
S01012245,75 to 84,61,32,32,0,29,3,1,0,1,24
S01012245,85 and over,23,3,3,0,20,0,0,0,2,18
S01012246,All people aged 16 and over in households,581,424,390,34,157,82,3,11,21,40
S01012246,16 to 24,50,0,0,0,50,50,0,0,0,0
S01012246,25 to 34,39,23,16,7,16,14,0,1,1,0
S01012246,35 to 49,221,197,177,20,24,8,1,5,10,0
S01012246,50 to 64,176,148,141,7,28,8,1,5,7,7
S01012246,65 to 74,64,45,45,0,19,1,0,0,3,15
S01012246,75 to 84,18,7,7,0,11,1,0,0,0,10
S01012246,85 and over,13,4,4,0,9,0,1,0,0,8
S01012247,All people aged 16 and over in households,584,418,348,70,166,94,6,14,21,31
S01012247,16 to 24,50,4,1,3,46,45,0,1,0,0
S01012247,25 to 34,42,27,14,13,15,13,0,2,0,0
S01012247,35 to 49,189,152,127,25,37,20,1,6,10,0
S01012247,50 to 64,176,151,127,24,25,7,3,2,5,8
S01012247,65 to 74,84,62,57,5,22,7,1,3,3,8
S01012247,75 to 84,28,18,18,0,10,0,1,0,3,6
S01012247,85 and over,15,4,4,0,11,2,0,0,0,9
S01012248,All people aged 16 and over in households,653,460,400,60,193,109,12,14,29,29
S01012248,16 to 24,70,8,1,7,62,62,0,0,0,0
S01012248,25 to 34,56,29,21,8,27,23,3,1,0,0
S01012248,35 to 49,229,196,164,32,33,17,5,3,8,0
S01012248,50 to 64,180,146,136,10,34,2,3,3,17,9
S01012248,65 to 74,69,56,53,3,13,2,0,6,1,4
S01012248,75 to 84,37,23,23,0,14,3,1,1,3,6
S01012248,85 and over,12,2,2,0,10,0,0,0,0,10
S01012249,All people aged 16 and over in households,694,480,426,54,214,121,9,14,36,34
S01012249,16 to 24,66,7,0,7,59,59,0,0,0,0
S01012249,25 to 34,53,24,14,10,29,23,0,2,4,0
S01012249,35 to 49,232,186,168,18,46,24,3,5,10,4
S01012249,50 to 64,200,157,140,17,43,12,3,4,17,7
S01012249,65 to 74,90,75,73,2,15,2,2,2,2,7
S01012249,75 to 84,38,26,26,0,12,1,1,1,2,7
S01012249,85 and over,15,5,5,0,10,0,0,0,1,9
S01012250,All people aged 16 and over in households,553,402,324,78,151,84,6,7,26,28
S01012250,16 to 24,36,5,0,5,31,31,0,0,0,0
S01012250,25 to 34,47,25,10,15,22,20,1,0,1,0
S01012250,35 to 49,165,141,107,34,24,11,2,2,9,0
S01012250,50 to 64,176,141,121,20,35,13,3,3,11,5
S01012250,65 to 74,77,57,54,3,20,7,0,2,3,8
S01012250,75 to 84,37,28,27,1,9,1,0,0,2,6
S01012250,85 and over,15,5,5,0,10,1,0,0,0,9
S01012251,All people aged 16 and over in households,778,428,338,90,350,195,4,18,62,71
S01012251,16 to 24,96,20,0,20,76,76,0,0,0,0
S01012251,25 to 34,88,50,23,27,38,37,0,0,1,0
S01012251,35 to 49,220,151,120,31,69,42,3,8,16,0
S01012251,50 to 64,193,125,116,9,68,22,1,9,28,8
S01012251,65 to 74,72,44,41,3,28,7,0,0,6,15
S01012251,75 to 84,78,30,30,0,48,7,0,1,8,32
S01012251,85 and over,31,8,8,0,23,4,0,0,3,16
S01012252,All people aged 16 and over in households,563,326,230,96,237,122,1,17,47,50
S01012252,16 to 24,73,17,2,15,56,56,0,0,0,0
S01012252,25 to 34,73,54,26,28,19,19,0,0,0,0
S01012252,35 to 49,169,124,87,37,45,25,0,10,10,0
S01012252,50 to 64,135,82,66,16,53,19,1,6,23,4
S01012252,65 to 74,57,30,30,0,27,3,0,1,13,10
S01012252,75 to 84,40,16,16,0,24,0,0,0,1,23
S01012252,85 and over,16,3,3,0,13,0,0,0,0,13
S01012253,All people aged 16 and over in households,786,376,292,84,410,207,8,22,77,96
S01012253,16 to 24,83,14,0,14,69,69,0,0,0,0
S01012253,25 to 34,88,42,18,24,46,42,0,0,4,0
S01012253,35 to 49,174,105,79,26,69,39,2,11,15,2
S01012253,50 to 64,229,142,124,18,87,32,3,9,34,9
S01012253,65 to 74,88,51,49,2,37,8,0,2,12,15
S01012253,75 to 84,75,16,16,0,59,9,1,0,10,39
S01012253,85 and over,49,6,6,0,43,8,2,0,2,31
S01012254,All people aged 16 and over in households,700,426,344,82,274,157,3,14,47,53
S01012254,16 to 24,71,11,2,9,60,60,0,0,0,0
S01012254,25 to 34,96,52,23,29,44,41,0,2,1,0
S01012254,35 to 49,192,155,125,30,37,22,1,4,9,1
S01012254,50 to 64,174,125,112,13,49,18,1,6,21,3
S01012254,65 to 74,88,55,54,1,33,8,0,0,13,12
S01012254,75 to 84,52,27,27,0,25,5,0,2,3,15
S01012254,85 and over,27,1,1,0,26,3,1,0,0,22
S01012255,All people aged 16 and over in households,750,440,360,80,310,137,9,19,61,84
S01012255,16 to 24,70,20,1,19,50,49,1,0,0,0
S01012255,25 to 34,62,42,22,20,20,16,1,2,1,0
S01012255,35 to 49,190,125,105,20,65,34,2,9,20,0
S01012255,50 to 64,160,105,91,14,55,18,3,7,20,7
S01012255,65 to 74,111,74,72,2,37,5,2,1,12,17
S01012255,75 to 84,118,67,62,5,51,8,0,0,7,36
S01012255,85 and over,39,7,7,0,32,7,0,0,1,24
S01012256,All people aged 16 and over in households,671,482,412,70,189,111,3,17,28,30
S01012256,16 to 24,79,5,2,3,74,74,0,0,0,0
S01012256,25 to 34,73,54,34,20,19,19,0,0,0,0
S01012256,35 to 49,210,173,149,24,37,12,2,11,10,2
S01012256,50 to 64,187,159,143,16,28,5,1,4,13,5
S01012256,65 to 74,70,57,52,5,13,1,0,1,4,7
S01012256,75 to 84,45,30,28,2,15,0,0,1,1,13
S01012256,85 and over,7,4,4,0,3,0,0,0,0,3
S01012257,All people aged 16 and over in households,761,482,428,54,279,148,4,28,49,50
S01012257,16 to 24,80,5,1,4,75,75,0,0,0,0
S01012257,25 to 34,75,37,22,15,38,32,1,3,2,0
S01012257,35 to 49,199,142,116,26,57,21,0,17,18,1
S01012257,50 to 64,208,158,151,7,50,12,2,7,20,9
S01012257,65 to 74,133,104,102,2,29,5,0,1,9,14
S01012257,75 to 84,50,29,29,0,21,2,0,0,0,19
S01012257,85 and over,16,7,7,0,9,1,1,0,0,7
S01012258,All people aged 16 and over in households,585,452,426,26,133,70,4,13,15,31
S01012258,16 to 24,46,1,1,0,45,45,0,0,0,0
S01012258,25 to 34,28,19,13,6,9,9,0,0,0,0
S01012258,35 to 49,193,170,158,12,23,8,0,8,7,0
S01012258,50 to 64,166,150,143,7,16,6,1,4,3,2
S01012258,65 to 74,84,71,70,1,13,1,1,1,3,7
S01012258,75 to 84,51,35,35,0,16,1,1,0,2,12
S01012258,85 and over,17,6,6,0,11,0,1,0,0,10
S01012259,All people aged 16 and over in households,518,378,356,22,140,68,6,7,16,43
S01012259,16 to 24,43,3,0,3,40,40,0,0,0,0
S01012259,25 to 34,22,12,8,4,10,8,2,0,0,0
S01012259,35 to 49,92,79,69,10,13,6,2,3,2,0
S01012259,50 to 64,161,138,135,3,23,2,1,4,10,6
S01012259,65 to 74,110,93,91,2,17,3,1,0,2,11
S01012259,75 to 84,73,48,48,0,25,5,0,0,2,18
S01012259,85 and over,17,5,5,0,12,4,0,0,0,8
S01012260,All people aged 16 and over in households,686,444,386,58,242,120,6,14,38,64
S01012260,16 to 24,72,7,1,6,65,65,0,0,0,0
S01012260,25 to 34,46,26,18,8,20,19,1,0,0,0
S01012260,35 to 49,212,179,151,28,33,16,0,8,8,1
S01012260,50 to 64,163,125,112,13,38,10,0,5,17,6
S01012260,65 to 74,102,70,67,3,32,4,2,0,10,16
S01012260,75 to 84,64,27,27,0,37,4,3,1,2,27
S01012260,85 and over,27,10,10,0,17,2,0,0,1,14
S01012261,All people aged 16 and over in households,632,488,432,56,144,82,5,14,21,22
S01012261,16 to 24,58,2,0,2,56,56,0,0,0,0
S01012261,25 to 34,53,40,25,15,13,12,0,1,0,0
S01012261,35 to 49,271,241,208,33,30,8,3,10,9,0
S01012261,50 to 64,143,123,119,4,20,4,2,2,10,2
S01012261,65 to 74,71,56,56,0,15,2,0,1,2,10
S01012261,75 to 84,30,24,23,1,6,0,0,0,0,6
S01012261,85 and over,6,2,1,1,4,0,0,0,0,4
S01012262,All people aged 16 and over in households,648,464,370,94,184,109,7,12,26,30
S01012262,16 to 24,53,3,2,1,50,50,0,0,0,0
S01012262,25 to 34,46,26,17,9,20,16,1,2,1,0
S01012262,35 to 49,190,155,122,33,35,21,3,4,7,0
S01012262,50 to 64,230,189,149,40,41,16,2,5,11,7
S01012262,65 to 74,85,64,54,10,21,3,1,1,7,9
S01012262,75 to 84,34,23,22,1,11,2,0,0,0,9
S01012262,85 and over,10,4,4,0,6,1,0,0,0,5
S01012263,All people aged 16 and over in households,595,308,222,86,287,161,6,22,53,45
S01012263,16 to 24,73,9,2,7,64,63,0,1,0,0
S01012263,25 to 34,75,38,18,20,37,33,1,2,1,0
S01012263,35 to 49,164,99,64,35,65,32,4,7,19,3
S01012263,50 to 64,155,90,77,13,65,26,0,10,23,6
S01012263,65 to 74,79,48,38,10,31,6,1,1,9,14
S01012263,75 to 84,38,23,22,1,15,1,0,0,1,13
S01012263,85 and over,11,1,1,0,10,0,0,1,0,9
S01012264,All people aged 16 and over in households,385,242,212,30,143,85,2,8,27,21
S01012264,16 to 24,32,3,0,3,29,29,0,0,0,0
S01012264,25 to 34,43,17,6,11,26,25,1,0,0,0
S01012264,35 to 49,106,80,70,10,26,13,1,5,7,0
S01012264,50 to 64,103,77,71,6,26,10,0,2,13,1
S01012264,65 to 74,55,43,43,0,12,2,0,0,6,4
S01012264,75 to 84,33,19,19,0,14,6,0,0,1,7
S01012264,85 and over,13,3,3,0,10,0,0,1,0,9
S01012265,All people aged 16 and over in households,638,376,316,60,262,148,1,21,37,55
S01012265,16 to 24,78,3,0,3,75,75,0,0,0,0
S01012265,25 to 34,77,44,22,22,33,29,0,3,1,0
S01012265,35 to 49,178,126,102,24,52,29,0,10,10,3
S01012265,50 to 64,159,122,113,9,37,8,0,6,19,4
S01012265,65 to 74,72,42,40,2,30,5,1,2,3,19
S01012265,75 to 84,60,33,33,0,27,1,0,0,4,22
S01012265,85 and over,14,6,6,0,8,1,0,0,0,7
S01012266,All people aged 16 and over in households,902,572,472,100,330,174,1,12,60,83
S01012266,16 to 24,78,14,2,12,64,64,0,0,0,0
S01012266,25 to 34,106,73,43,30,33,31,1,0,1,0
S01012266,35 to 49,237,172,137,35,65,36,0,8,20,1
S01012266,50 to 64,204,156,136,20,48,17,0,0,21,10
S01012266,65 to 74,143,92,90,2,51,18,0,3,13,17
S01012266,75 to 84,102,59,58,1,43,7,0,1,3,32
S01012266,85 and over,32,6,6,0,26,1,0,0,2,23
S01012267,All people aged 16 and over in households,567,400,334,66,167,98,2,14,20,33
S01012267,16 to 24,42,8,1,7,34,34,0,0,0,0
S01012267,25 to 34,47,27,13,14,20,20,0,0,0,0
S01012267,35 to 49,169,126,98,28,43,23,2,11,6,1
S01012267,50 to 64,172,141,127,14,31,15,0,2,10,4
S01012267,65 to 74,93,75,72,3,18,5,0,1,3,9
S01012267,75 to 84,39,21,21,0,18,1,0,0,1,16
S01012267,85 and over,5,2,2,0,3,0,0,0,0,3
S01012268,All people aged 16 and over in households,504,344,296,48,160,95,2,13,22,28
S01012268,16 to 24,49,3,0,3,46,46,0,0,0,0
S01012268,25 to 34,52,33,17,16,19,19,0,0,0,0
S01012268,35 to 49,147,112,98,14,35,18,0,10,6,1
S01012268,50 to 64,166,141,131,10,25,6,2,2,12,3
S01012268,65 to 74,56,42,39,3,14,4,0,1,3,6
S01012268,75 to 84,30,13,11,2,17,2,0,0,0,15
S01012268,85 and over,4,0,0,0,4,0,0,0,1,3
S01012269,All people aged 16 and over in households,827,528,448,80,299,144,5,20,39,91
S01012269,16 to 24,80,9,1,8,71,71,0,0,0,0
S01012269,25 to 34,74,46,20,26,28,19,1,5,3,0
S01012269,35 to 49,208,166,136,30,42,25,1,6,9,1
S01012269,50 to 64,227,175,161,14,52,16,2,8,18,8
S01012269,65 to 74,119,91,89,2,28,7,0,1,8,12
S01012269,75 to 84,86,36,36,0,50,3,1,0,0,46
S01012269,85 and over,33,5,5,0,28,3,0,0,1,24
S01012270,All people aged 16 and over in households,624,360,288,72,264,138,3,26,52,45
S01012270,16 to 24,84,11,2,9,73,73,0,0,0,0
S01012270,25 to 34,73,45,27,18,28,24,0,3,1,0
S01012270,35 to 49,192,130,101,29,62,25,2,18,13,4
S01012270,50 to 64,131,89,78,11,42,8,1,3,28,2
S01012270,65 to 74,68,46,43,3,22,4,0,2,7,9
S01012270,75 to 84,63,37,35,2,26,3,0,0,2,21
S01012270,85 and over,13,2,2,0,11,1,0,0,1,9
S01012271,All people aged 16 and over in households,817,612,494,118,205,122,7,13,35,28
S01012271,16 to 24,70,8,2,6,62,62,0,0,0,0
S01012271,25 to 34,89,60,35,25,29,25,0,1,3,0
S01012271,35 to 49,274,238,187,51,36,16,3,7,9,1
S01012271,50 to 64,252,209,177,32,43,13,1,3,19,7
S01012271,65 to 74,95,76,72,4,19,4,1,2,2,10
S01012271,75 to 84,27,18,18,0,9,1,2,0,2,4
S01012271,85 and over,10,3,3,0,7,1,0,0,0,6
S01012272,All people aged 16 and over in households,569,380,302,78,189,111,1,19,21,37
S01012272,16 to 24,61,5,0,5,56,56,0,0,0,0
S01012272,25 to 34,55,28,10,18,27,19,1,6,0,1
S01012272,35 to 49,180,140,100,40,40,21,0,5,12,2
S01012272,50 to 64,161,139,125,14,22,6,0,6,6,4
S01012272,65 to 74,56,39,38,1,17,5,0,2,1,9
S01012272,75 to 84,44,26,26,0,18,3,0,0,2,13
S01012272,85 and over,12,3,3,0,9,1,0,0,0,8
S01012273,All people aged 16 and over in households,592,430,390,40,162,98,1,5,21,37
S01012273,16 to 24,65,6,0,6,59,59,0,0,0,0
S01012273,25 to 34,40,26,16,10,14,14,0,0,0,0
S01012273,35 to 49,160,135,123,12,25,12,0,3,9,1
S01012273,50 to 64,176,158,147,11,18,4,1,2,7,4
S01012273,65 to 74,102,76,75,1,26,5,0,0,5,16
S01012273,75 to 84,37,26,26,0,11,3,0,0,0,8
S01012273,85 and over,12,3,3,0,9,1,0,0,0,8
S01012274,All people aged 16 and over in households,763,480,374,106,283,169,4,23,51,36
S01012274,16 to 24,86,18,1,17,68,68,0,0,0,0
S01012274,25 to 34,98,52,24,28,46,44,0,1,1,0
S01012274,35 to 49,218,158,118,40,60,33,0,11,14,2
S01012274,50 to 64,247,186,166,20,61,16,3,9,27,6
S01012274,65 to 74,69,46,45,1,23,5,1,2,7,8
S01012274,75 to 84,33,17,17,0,16,2,0,0,2,12
S01012274,85 and over,12,3,3,0,9,1,0,0,0,8
S01012275,All people aged 16 and over in households,717,300,178,122,417,312,8,21,48,28
S01012275,16 to 24,205,46,2,44,159,158,0,0,1,0
S01012275,25 to 34,146,69,27,42,77,74,1,1,1,0
S01012275,35 to 49,143,75,49,26,68,44,3,11,10,0
S01012275,50 to 64,130,68,61,7,62,25,3,8,24,2
S01012275,65 to 74,50,28,25,3,22,7,1,0,8,6
S01012275,75 to 84,32,11,11,0,21,3,0,1,4,13
S01012275,85 and over,11,3,3,0,8,1,0,0,0,7
S01012276,All people aged 16 and over in households,769,440,354,86,329,201,1,21,52,54
S01012276,16 to 24,99,19,2,17,80,80,0,0,0,0
S01012276,25 to 34,133,73,42,31,60,55,0,3,2,0
S01012276,35 to 49,187,127,98,29,60,35,0,7,18,0
S01012276,50 to 64,214,156,147,9,58,19,1,8,21,9
S01012276,65 to 74,66,38,38,0,28,7,0,3,8,10
S01012276,75 to 84,47,19,19,0,28,3,0,0,2,23
S01012276,85 and over,23,8,8,0,15,2,0,0,1,12
S01012277,All people aged 16 and over in households,836,514,360,154,322,198,8,17,62,37
S01012277,16 to 24,109,28,1,27,81,81,0,0,0,0
S01012277,25 to 34,171,123,63,60,48,45,2,0,1,0
S01012277,35 to 49,246,156,108,48,90,47,1,14,26,2
S01012277,50 to 64,175,126,111,15,49,14,3,1,27,4
S01012277,65 to 74,67,51,49,2,16,5,0,1,7,3
S01012277,75 to 84,54,27,25,2,27,4,1,1,1,20
S01012277,85 and over,14,3,3,0,11,2,1,0,0,8
S01012278,All people aged 16 and over in households,617,252,200,52,365,207,17,14,67,60
S01012278,16 to 24,137,23,3,20,114,114,0,0,0,0
S01012278,25 to 34,72,36,17,19,36,29,2,0,5,0
S01012278,35 to 49,141,74,63,11,67,35,6,6,20,0
S01012278,50 to 64,120,54,52,2,66,17,4,7,35,3
S01012278,65 to 74,55,36,36,0,19,4,0,0,4,11
S01012278,75 to 84,47,20,20,0,27,3,2,1,1,20
S01012278,85 and over,45,9,9,0,36,5,3,0,2,26
S01012279,All people aged 16 and over in households,639,306,212,94,333,228,9,12,57,27
S01012279,16 to 24,121,26,4,22,95,93,0,1,1,0
S01012279,25 to 34,125,56,17,39,69,64,1,1,3,0
S01012279,35 to 49,168,90,66,24,78,41,4,7,24,2
S01012279,50 to 64,140,90,81,9,50,18,4,3,22,3
S01012279,65 to 74,46,31,31,0,15,6,0,0,4,5
S01012279,75 to 84,25,9,9,0,16,4,0,0,2,10
S01012279,85 and over,14,4,4,0,10,2,0,0,1,7
S01012280,All people aged 16 and over in households,764,436,336,100,328,192,7,23,58,48
S01012280,16 to 24,117,19,1,18,98,97,1,0,0,0
S01012280,25 to 34,99,54,22,32,45,40,1,4,0,0
S01012280,35 to 49,207,145,112,33,62,30,2,12,14,4
S01012280,50 to 64,213,152,137,15,61,17,2,6,31,5
S01012280,65 to 74,62,37,36,1,25,4,0,0,8,13
S01012280,75 to 84,48,23,22,1,25,4,0,1,5,15
S01012280,85 and over,18,6,6,0,12,0,1,0,0,11
S01012281,All people aged 16 and over in households,617,324,220,104,293,183,2,15,41,52
S01012281,16 to 24,87,18,0,18,69,69,0,0,0,0
S01012281,25 to 34,120,53,14,39,67,60,0,4,3,0
S01012281,35 to 49,151,99,71,28,52,35,1,6,10,0
S01012281,50 to 64,116,81,66,15,35,9,0,4,17,5
S01012281,65 to 74,53,35,32,3,18,3,1,0,8,6
S01012281,75 to 84,60,26,25,1,34,5,0,1,2,26
S01012281,85 and over,30,12,12,0,18,2,0,0,1,15
S01012282,All people aged 16 and over in households,795,484,430,54,311,145,5,16,51,94
S01012282,16 to 24,75,2,0,2,73,72,1,0,0,0
S01012282,25 to 34,68,40,30,10,28,28,0,0,0,0
S01012282,35 to 49,175,142,119,23,33,17,1,6,9,0
S01012282,50 to 64,207,155,142,13,52,16,1,3,21,11
S01012282,65 to 74,126,83,77,6,43,6,0,5,11,21
S01012282,75 to 84,104,58,58,0,46,6,1,1,9,29
S01012282,85 and over,40,4,4,0,36,0,1,1,1,33
S01012283,All people aged 16 and over in households,687,420,346,74,267,162,3,20,50,32
S01012283,16 to 24,103,10,2,8,93,93,0,0,0,0
S01012283,25 to 34,67,38,18,20,29,27,0,2,0,0
S01012283,35 to 49,185,137,106,31,48,15,1,13,19,0
S01012283,50 to 64,204,161,148,13,43,15,2,5,19,2
S01012283,65 to 74,63,40,39,1,23,7,0,0,10,6
S01012283,75 to 84,54,30,30,0,24,4,0,0,2,18
S01012283,85 and over,11,4,3,1,7,1,0,0,0,6
S01012284,All people aged 16 and over in households,665,306,214,92,359,197,4,16,53,89
S01012284,16 to 24,114,22,0,22,92,92,0,0,0,0
S01012284,25 to 34,88,46,13,33,42,37,1,2,2,0
S01012284,35 to 49,154,85,65,20,69,42,3,8,13,3
S01012284,50 to 64,132,80,65,15,52,15,0,5,27,5
S01012284,65 to 74,77,49,47,2,28,5,0,1,5,17
S01012284,75 to 84,69,18,18,0,51,3,0,0,6,42
S01012284,85 and over,31,6,6,0,25,3,0,0,0,22
S01012285,All people aged 16 and over in households,487,334,310,24,153,84,2,4,21,42
S01012285,16 to 24,39,3,0,3,36,36,0,0,0,0
S01012285,25 to 34,24,12,9,3,12,12,0,0,0,0
S01012285,35 to 49,88,62,54,8,26,19,0,1,6,0
S01012285,50 to 64,192,165,157,8,27,8,2,3,12,2
S01012285,65 to 74,73,55,53,2,18,4,0,0,1,13
S01012285,75 to 84,53,35,35,0,18,2,0,0,2,14
S01012285,85 and over,18,2,2,0,16,3,0,0,0,13
S01012286,All people aged 16 and over in households,879,484,386,98,395,252,5,21,59,58
S01012286,16 to 24,155,26,3,23,129,129,0,0,0,0
S01012286,25 to 34,119,55,26,29,64,56,2,2,2,2
S01012286,35 to 49,213,130,99,31,83,42,1,11,28,1
S01012286,50 to 64,226,167,156,11,59,21,2,7,18,11
S01012286,65 to 74,108,76,74,2,32,1,0,1,9,21
S01012286,75 to 84,44,26,24,2,18,1,0,0,1,16
S01012286,85 and over,14,4,4,0,10,2,0,0,1,7
S01012287,All people aged 16 and over in households,764,391,256,135,373,204,8,19,83,59
S01012287,16 to 24,111,33,8,25,78,77,1,0,0,0
S01012287,25 to 34,167,104,59,45,63,53,1,4,4,1
S01012287,35 to 49,202,111,70,41,91,41,5,11,31,3
S01012287,50 to 64,144,77,62,15,67,25,1,3,33,5
S01012287,65 to 74,74,43,34,9,31,7,0,1,13,10
S01012287,75 to 84,48,18,18,0,30,1,0,0,2,27
S01012287,85 and over,18,5,5,0,13,0,0,0,0,13
S01012288,All people aged 16 and over in households,623,308,228,80,315,182,9,24,52,48
S01012288,16 to 24,95,18,4,14,77,77,0,0,0,0
S01012288,25 to 34,104,48,24,24,56,45,1,3,7,0
S01012288,35 to 49,161,86,58,28,75,40,4,9,20,2
S01012288,50 to 64,134,86,79,7,48,13,3,10,19,3
S01012288,65 to 74,79,55,50,5,24,4,1,2,5,12
S01012288,75 to 84,35,11,9,2,24,3,0,0,0,21
S01012288,85 and over,15,4,4,0,11,0,0,0,1,10
S01012289,All people aged 16 and over in households,719,474,430,44,245,119,6,23,26,71
S01012289,16 to 24,43,1,0,1,42,41,0,1,0,0
S01012289,25 to 34,50,28,17,11,22,21,1,0,0,0
S01012289,35 to 49,132,100,84,16,32,16,2,9,4,1
S01012289,50 to 64,241,181,170,11,60,29,2,12,13,4
S01012289,65 to 74,136,104,102,2,32,5,0,1,7,19
S01012289,75 to 84,92,54,52,2,38,6,1,0,2,29
S01012289,85 and over,25,6,5,1,19,1,0,0,0,18
S01012290,All people aged 16 and over in households,474,262,208,54,212,97,1,8,37,69
S01012290,16 to 24,34,7,0,7,27,27,0,0,0,0
S01012290,25 to 34,53,34,17,17,19,18,0,0,0,1
S01012290,35 to 49,128,85,68,17,43,23,0,6,13,1
S01012290,50 to 64,109,75,64,11,34,12,1,1,15,5
S01012290,65 to 74,56,34,32,2,22,3,0,0,6,13
S01012290,75 to 84,54,19,19,0,35,9,0,0,3,23
S01012290,85 and over,40,8,8,0,32,5,0,1,0,26
S01012291,All people aged 16 and over in households,731,470,396,74,261,128,6,31,55,41
S01012291,16 to 24,76,5,0,5,71,71,0,0,0,0
S01012291,25 to 34,81,53,32,21,28,22,1,5,0,0
S01012291,35 to 49,272,201,168,33,71,20,3,18,26,4
S01012291,50 to 64,177,135,120,15,42,8,0,7,20,7
S01012291,65 to 74,78,58,58,0,20,4,1,1,6,8
S01012291,75 to 84,35,14,14,0,21,1,1,0,3,16
S01012291,85 and over,12,4,4,0,8,2,0,0,0,6
S01012292,All people aged 16 and over in households,587,386,354,32,201,93,6,16,22,64
S01012292,16 to 24,32,5,1,4,27,27,0,0,0,0
S01012292,25 to 34,42,21,13,8,21,18,0,3,0,0
S01012292,35 to 49,135,99,88,11,36,19,1,10,5,1
S01012292,50 to 64,136,109,104,5,27,10,0,1,11,5
S01012292,65 to 74,122,94,93,1,28,8,1,1,3,15
S01012292,75 to 84,76,45,42,3,31,5,4,1,1,20
S01012292,85 and over,44,13,13,0,31,6,0,0,2,23
S01012293,All people aged 16 and over in households,380,264,220,44,116,64,3,6,23,20
S01012293,16 to 24,30,4,0,4,26,26,0,0,0,0
S01012293,25 to 34,52,39,21,18,13,11,0,1,1,0
S01012293,35 to 49,90,66,51,15,24,10,1,4,9,0
S01012293,50 to 64,119,96,90,6,23,9,2,1,9,2
S01012293,65 to 74,53,39,38,1,14,4,0,0,3,7
S01012293,75 to 84,28,20,20,0,8,3,0,0,1,4
S01012293,85 and over,8,0,0,0,8,1,0,0,0,7
S01012294,All people aged 16 and over in households,704,441,370,71,263,159,2,19,44,39
S01012294,16 to 24,88,5,2,3,83,83,0,0,0,0
S01012294,25 to 34,73,40,23,17,33,29,0,3,1,0
S01012294,35 to 49,223,161,130,31,62,31,0,12,18,1
S01012294,50 to 64,210,170,155,15,40,12,1,2,16,9
S01012294,65 to 74,73,48,44,4,25,2,1,2,7,13
S01012294,75 to 84,32,15,14,1,17,2,0,0,2,13
S01012294,85 and over,5,2,2,0,3,0,0,0,0,3
S01012295,All people aged 16 and over in households,546,372,286,86,174,105,4,12,36,17
S01012295,16 to 24,76,15,1,14,61,61,0,0,0,0
S01012295,25 to 34,108,83,52,31,25,22,1,1,1,0
S01012295,35 to 49,228,185,145,40,43,16,1,7,18,1
S01012295,50 to 64,92,61,60,1,31,6,1,4,14,6
S01012295,65 to 74,28,21,21,0,7,0,0,0,2,5
S01012295,75 to 84,12,5,5,0,7,0,1,0,1,5
S01012295,85 and over,2,2,2,0,0,0,0,0,0,0
S01012296,All people aged 16 and over in households,631,460,380,80,171,97,2,16,31,25
S01012296,16 to 24,51,3,1,2,48,48,0,0,0,0
S01012296,25 to 34,73,50,34,16,23,21,0,2,0,0
S01012296,35 to 49,282,240,195,45,42,16,0,13,12,1
S01012296,50 to 64,158,125,108,17,33,9,0,1,15,8
S01012296,65 to 74,42,29,29,0,13,1,0,0,4,8
S01012296,75 to 84,23,13,13,0,10,1,1,0,0,8
S01012296,85 and over,2,0,0,0,2,1,1,0,0,0
S01012297,All people aged 16 and over in households,476,360,298,62,116,51,3,11,26,25
S01012297,16 to 24,27,2,1,1,25,25,0,0,0,0
S01012297,25 to 34,44,34,23,11,10,9,0,1,0,0
S01012297,35 to 49,146,124,93,31,22,10,0,3,8,1
S01012297,50 to 64,156,132,115,17,24,3,2,5,10,4
S01012297,65 to 74,66,48,48,0,18,4,1,1,6,6
S01012297,75 to 84,31,19,17,2,12,0,0,1,1,10
S01012297,85 and over,6,1,1,0,5,0,0,0,1,4
S01012298,All people aged 16 and over in households,678,444,382,62,234,118,1,12,42,61
S01012298,16 to 24,56,7,2,5,49,49,0,0,0,0
S01012298,25 to 34,64,36,19,17,28,26,0,2,0,0
S01012298,35 to 49,180,148,124,24,32,19,0,7,5,1
S01012298,50 to 64,203,156,140,16,47,14,0,2,25,6
S01012298,65 to 74,96,62,62,0,34,7,0,1,9,17
S01012298,75 to 84,54,28,28,0,26,3,1,0,2,20
S01012298,85 and over,25,7,7,0,18,0,0,0,1,17
S01012299,All people aged 16 and over in households,505,376,302,74,129,83,5,10,13,18
S01012299,16 to 24,46,1,0,1,45,45,0,0,0,0
S01012299,25 to 34,48,34,18,16,14,14,0,0,0,0
S01012299,35 to 49,159,135,107,28,24,12,3,7,2,0
S01012299,50 to 64,161,139,115,24,22,9,0,2,10,1
S01012299,65 to 74,60,48,43,5,12,3,0,1,1,7
S01012299,75 to 84,25,15,15,0,10,0,2,0,0,8
S01012299,85 and over,6,4,4,0,2,0,0,0,0,2
S01012300,All people aged 16 and over in households,533,336,284,52,197,104,1,13,32,47
S01012300,16 to 24,61,7,0,7,54,53,0,1,0,0
S01012300,25 to 34,39,28,16,12,11,11,0,0,0,0
S01012300,35 to 49,162,127,105,22,35,19,1,5,7,3
S01012300,50 to 64,138,104,96,8,34,9,0,6,15,4
S01012300,65 to 74,76,51,48,3,25,4,0,1,7,13
S01012300,75 to 84,45,18,18,0,27,6,0,0,3,18
S01012300,85 and over,12,1,1,0,11,2,0,0,0,9
S01012301,All people aged 16 and over in households,786,556,468,88,230,130,10,10,36,44
S01012301,16 to 24,78,6,0,6,72,72,0,0,0,0
S01012301,25 to 34,70,44,25,19,26,26,0,0,0,0
S01012301,35 to 49,200,162,135,27,38,15,3,7,8,5
S01012301,50 to 64,264,219,190,29,45,11,5,3,19,7
S01012301,65 to 74,104,80,73,7,24,2,0,0,8,14
S01012301,75 to 84,58,36,36,0,22,3,2,0,1,16
S01012301,85 and over,12,9,9,0,3,1,0,0,0,2
S01012302,All people aged 16 and over in households,455,324,276,48,131,79,7,6,19,20
S01012302,16 to 24,41,9,3,6,32,32,0,0,0,0
S01012302,25 to 34,56,35,18,17,21,21,0,0,0,0
S01012302,35 to 49,137,109,91,18,28,15,5,2,4,2
S01012302,50 to 64,139,110,104,6,29,7,1,3,13,5
S01012302,65 to 74,55,42,41,1,13,3,1,1,1,7
S01012302,75 to 84,22,17,17,0,5,1,0,0,0,4
S01012302,85 and over,5,2,2,0,3,0,0,0,1,2
S01012303,All people aged 16 and over in households,720,528,464,64,192,104,6,11,30,41
S01012303,16 to 24,57,9,2,7,48,48,0,0,0,0
S01012303,25 to 34,78,52,31,21,26,23,1,2,0,0
S01012303,35 to 49,210,180,166,14,30,16,1,4,8,1
S01012303,50 to 64,212,176,155,21,36,8,1,3,14,10
S01012303,65 to 74,107,78,77,1,29,8,3,1,7,10
S01012303,75 to 84,46,31,31,0,15,1,0,1,0,13
S01012303,85 and over,10,2,2,0,8,0,0,0,1,7
S01012304,All people aged 16 and over in households,789,542,462,80,247,134,2,16,44,51
S01012304,16 to 24,69,9,2,7,60,60,0,0,0,0
S01012304,25 to 34,68,32,20,12,36,29,0,3,3,1
S01012304,35 to 49,218,176,146,30,42,22,0,4,15,1
S01012304,50 to 64,229,188,168,20,41,11,1,9,14,6
S01012304,65 to 74,143,112,102,10,31,7,1,0,9,14
S01012304,75 to 84,51,23,22,1,28,4,0,0,2,22
S01012304,85 and over,11,2,2,0,9,1,0,0,1,7
S01012305,All people aged 16 and over in households,591,346,294,52,245,123,2,16,45,59
S01012305,16 to 24,70,6,0,6,64,64,0,0,0,0
S01012305,25 to 34,46,26,17,9,20,18,0,0,2,0
S01012305,35 to 49,129,88,65,23,41,19,0,9,12,1
S01012305,50 to 64,170,118,112,6,52,14,2,7,20,9
S01012305,65 to 74,90,63,56,7,27,6,0,0,10,11
S01012305,75 to 84,58,38,37,1,20,1,0,0,1,18
S01012305,85 and over,28,7,7,0,21,1,0,0,0,20
S01012306,All people aged 16 and over in households,486,252,208,44,234,103,1,10,41,79
S01012306,16 to 24,39,2,1,1,37,37,0,0,0,0
S01012306,25 to 34,60,34,21,13,26,24,1,0,1,0
S01012306,35 to 49,99,68,50,18,31,14,0,5,12,0
S01012306,50 to 64,118,75,65,10,43,12,0,4,20,7
S01012306,65 to 74,71,41,40,1,30,6,0,1,6,17
S01012306,75 to 84,81,31,30,1,50,8,0,0,2,40
S01012306,85 and over,18,1,1,0,17,2,0,0,0,15
S01012307,All people aged 16 and over in households,526,296,258,38,230,124,8,12,47,39
S01012307,16 to 24,53,5,2,3,48,48,0,0,0,0
S01012307,25 to 34,57,24,13,11,33,29,2,1,1,0
S01012307,35 to 49,142,85,75,10,57,25,1,8,22,1
S01012307,50 to 64,132,94,88,6,38,14,4,1,15,4
S01012307,65 to 74,67,46,42,4,21,4,1,1,5,10
S01012307,75 to 84,63,37,34,3,26,3,0,1,4,18
S01012307,85 and over,12,5,4,1,7,1,0,0,0,6
S01012308,All people aged 16 and over in households,677,460,408,52,217,129,5,10,27,46
S01012308,16 to 24,87,8,3,5,79,77,2,0,0,0
S01012308,25 to 34,73,50,41,9,23,21,0,0,1,1
S01012308,35 to 49,211,174,143,31,37,20,2,6,8,1
S01012308,50 to 64,169,140,133,7,29,6,1,4,13,5
S01012308,65 to 74,80,59,59,0,21,3,0,0,4,14
S01012308,75 to 84,46,26,26,0,20,2,0,0,1,17
S01012308,85 and over,11,3,3,0,8,0,0,0,0,8
S01012309,All people aged 16 and over in households,465,306,256,50,159,78,1,14,25,41
S01012309,16 to 24,50,7,0,7,43,43,0,0,0,0
S01012309,25 to 34,47,30,18,12,17,14,0,2,1,0
S01012309,35 to 49,93,70,55,15,23,11,0,8,3,1
S01012309,50 to 64,137,109,98,11,28,7,1,2,13,5
S01012309,65 to 74,71,58,55,3,13,1,0,0,6,6
S01012309,75 to 84,51,27,25,2,24,2,0,2,2,18
S01012309,85 and over,16,5,5,0,11,0,0,0,0,11
S01012310,All people aged 16 and over in households,766,510,404,106,256,125,4,13,56,58
S01012310,16 to 24,57,10,0,10,47,47,0,0,0,0
S01012310,25 to 34,51,33,11,22,18,16,0,0,2,0
S01012310,35 to 49,199,147,106,41,52,26,1,7,16,2
S01012310,50 to 64,237,177,150,27,60,17,2,5,26,10
S01012310,65 to 74,136,102,96,6,34,8,0,0,10,16
S01012310,75 to 84,62,34,34,0,28,7,0,1,2,18
S01012310,85 and over,24,7,7,0,17,4,1,0,0,12
S01012311,All people aged 16 and over in households,492,300,262,38,192,100,2,6,32,52
S01012311,16 to 24,51,2,0,2,49,49,0,0,0,0
S01012311,25 to 34,21,9,4,5,12,12,0,0,0,0
S01012311,35 to 49,116,88,70,18,28,16,1,3,8,0
S01012311,50 to 64,141,114,105,9,27,10,1,3,10,3
S01012311,65 to 74,84,55,53,2,29,3,0,0,11,15
S01012311,75 to 84,56,28,26,2,28,3,0,0,2,23
S01012311,85 and over,23,4,4,0,19,7,0,0,1,11
S01012312,All people aged 16 and over in households,859,572,500,72,287,163,11,21,50,42
S01012312,16 to 24,107,12,2,10,95,95,0,0,0,0
S01012312,25 to 34,80,50,31,19,30,26,2,1,1,0
S01012312,35 to 49,181,144,122,22,37,19,1,7,10,0
S01012312,50 to 64,288,224,207,17,64,14,5,8,22,15
S01012312,65 to 74,126,101,97,4,25,2,2,5,12,4
S01012312,75 to 84,59,35,35,0,24,6,1,0,5,12
S01012312,85 and over,18,6,6,0,12,1,0,0,0,11
S01012313,All people aged 16 and over in households,640,432,356,76,208,108,5,18,39,38
S01012313,16 to 24,63,8,0,8,55,55,0,0,0,0
S01012313,25 to 34,65,44,21,23,21,20,1,0,0,0
S01012313,35 to 49,170,136,102,34,34,17,2,5,8,2
S01012313,50 to 64,198,150,141,9,48,11,1,8,23,5
S01012313,65 to 74,99,71,69,2,28,4,0,2,8,14
S01012313,75 to 84,37,20,20,0,17,1,0,3,0,13
S01012313,85 and over,8,3,3,0,5,0,1,0,0,4
S01012314,All people aged 16 and over in households,673,392,320,72,281,149,2,12,47,71
S01012314,16 to 24,89,11,2,9,78,77,1,0,0,0
S01012314,25 to 34,88,56,32,24,32,29,0,2,1,0
S01012314,35 to 49,165,117,87,30,48,24,1,3,18,2
S01012314,50 to 64,160,108,102,6,52,13,0,5,18,16
S01012314,65 to 74,103,70,68,2,33,3,0,2,7,21
S01012314,75 to 84,54,27,26,1,27,2,0,0,1,24
S01012314,85 and over,14,3,3,0,11,1,0,0,2,8
S01012315,All people aged 16 and over in households,629,326,258,68,303,148,5,17,46,87
S01012315,16 to 24,64,5,1,4,59,59,0,0,0,0
S01012315,25 to 34,62,29,9,20,33,31,0,0,2,0
S01012315,35 to 49,114,73,52,21,41,20,3,3,14,1
S01012315,50 to 64,184,117,98,19,67,21,1,11,24,10
S01012315,65 to 74,94,64,60,4,30,6,1,2,4,17
S01012315,75 to 84,68,31,31,0,37,7,0,1,0,29
S01012315,85 and over,43,7,7,0,36,4,0,0,2,30
S01012316,All people aged 16 and over in households,517,296,240,56,221,125,1,8,48,39
S01012316,16 to 24,55,11,4,7,44,44,0,0,0,0
S01012316,25 to 34,70,42,25,17,28,27,0,0,1,0
S01012316,35 to 49,104,60,38,22,44,23,1,5,14,1
S01012316,50 to 64,140,102,95,7,38,17,0,1,18,2
S01012316,65 to 74,87,50,48,2,37,8,0,1,13,15
S01012316,75 to 84,51,30,29,1,21,4,0,1,1,15
S01012316,85 and over,10,1,1,0,9,2,0,0,1,6
S01012317,All people aged 16 and over in households,406,288,246,42,118,57,2,15,17,27
S01012317,16 to 24,44,6,3,3,38,38,0,0,0,0
S01012317,25 to 34,47,36,19,17,11,8,0,2,1,0
S01012317,35 to 49,142,119,99,20,23,4,1,8,8,2
S01012317,50 to 64,88,72,70,2,16,2,1,4,5,4
S01012317,65 to 74,45,38,38,0,7,2,0,0,2,3
S01012317,75 to 84,30,17,17,0,13,1,0,1,1,10
S01012317,85 and over,10,0,0,0,10,2,0,0,0,8
S01012318,All people aged 16 and over in households,646,426,312,114,220,131,1,18,34,36
S01012318,16 to 24,102,25,1,24,77,76,0,0,0,1
S01012318,25 to 34,94,70,30,40,24,21,0,3,0,0
S01012318,35 to 49,168,129,90,39,39,16,0,10,13,0
S01012318,50 to 64,179,138,130,8,41,10,0,4,17,10
S01012318,65 to 74,59,41,39,2,18,2,1,1,3,11
S01012318,75 to 84,36,22,21,1,14,4,0,0,1,9
S01012318,85 and over,8,1,1,0,7,2,0,0,0,5
S01012319,All people aged 16 and over in households,642,424,336,88,218,128,4,14,33,39
S01012319,16 to 24,67,5,2,3,62,61,1,0,0,0
S01012319,25 to 34,85,47,21,26,38,34,1,1,2,0
S01012319,35 to 49,166,137,100,37,29,14,0,5,9,1
S01012319,50 to 64,184,141,123,18,43,12,1,5,18,7
S01012319,65 to 74,76,60,58,2,16,4,0,2,2,8
S01012319,75 to 84,47,29,27,2,18,1,0,1,2,14
S01012319,85 and over,17,5,5,0,12,2,1,0,0,9
S01012320,All people aged 16 and over in households,554,354,284,70,200,125,2,15,20,38
S01012320,16 to 24,83,11,4,7,72,72,0,0,0,0
S01012320,25 to 34,65,43,26,17,22,20,0,2,0,0
S01012320,35 to 49,155,127,99,28,28,14,1,5,7,1
S01012320,50 to 64,123,98,85,13,25,10,0,4,8,3
S01012320,65 to 74,66,48,43,5,18,4,0,4,3,7
S01012320,75 to 84,46,21,21,0,25,3,1,0,2,19
S01012320,85 and over,16,6,6,0,10,2,0,0,0,8
S01012321,All people aged 16 and over in households,623,424,342,82,199,108,6,13,21,51
S01012321,16 to 24,81,19,4,15,62,62,0,0,0,0
S01012321,25 to 34,77,65,39,26,12,10,0,1,1,0
S01012321,35 to 49,140,115,91,24,25,17,1,3,3,1
S01012321,50 to 64,160,127,114,13,33,10,3,5,9,6
S01012321,65 to 74,88,65,61,4,23,2,0,3,5,13
S01012321,75 to 84,57,29,29,0,28,4,2,1,2,19
S01012321,85 and over,20,4,4,0,16,3,0,0,1,12
S01012322,All people aged 16 and over in households,833,588,510,78,245,121,13,18,44,49
S01012322,16 to 24,70,8,1,7,62,62,0,0,0,0
S01012322,25 to 34,65,42,18,24,23,21,1,1,0,0
S01012322,35 to 49,212,182,154,28,30,11,4,4,9,2
S01012322,50 to 64,254,198,181,17,56,18,4,9,21,4
S01012322,65 to 74,141,112,110,2,29,4,0,4,9,12
S01012322,75 to 84,76,41,41,0,35,5,2,0,4,24
S01012322,85 and over,15,5,5,0,10,0,2,0,1,7
S01012323,All people aged 16 and over in households,761,548,480,68,213,117,8,11,34,43
S01012323,16 to 24,59,4,3,1,55,55,0,0,0,0
S01012323,25 to 34,55,36,19,17,19,18,0,0,1,0
S01012323,35 to 49,167,132,109,23,35,16,3,5,9,2
S01012323,50 to 64,254,216,196,20,38,11,4,3,17,3
S01012323,65 to 74,139,117,111,6,22,8,0,2,2,10
S01012323,75 to 84,66,38,37,1,28,8,1,1,4,14
S01012323,85 and over,21,5,5,0,16,1,0,0,1,14
S01012324,All people aged 16 and over in households,675,458,370,88,217,103,6,13,47,48
S01012324,16 to 24,55,6,0,6,49,49,0,0,0,0
S01012324,25 to 34,44,26,13,13,18,17,0,0,1,0
S01012324,35 to 49,170,131,91,40,39,19,0,8,12,0
S01012324,50 to 64,226,176,153,23,50,12,2,3,24,9
S01012324,65 to 74,105,80,76,4,25,4,2,1,7,11
S01012324,75 to 84,55,30,28,2,25,1,2,1,2,19
S01012324,85 and over,20,9,9,0,11,1,0,0,1,9
S01012325,All people aged 16 and over in households,533,374,334,40,159,72,3,5,29,50
S01012325,16 to 24,34,5,1,4,29,29,0,0,0,0
S01012325,25 to 34,28,13,4,9,15,13,0,0,2,0
S01012325,35 to 49,97,72,57,15,25,9,1,4,11,0
S01012325,50 to 64,130,103,92,11,27,12,1,0,8,6
S01012325,65 to 74,133,111,110,1,22,3,1,0,5,13
S01012325,75 to 84,93,64,64,0,29,5,0,1,3,20
S01012325,85 and over,18,6,6,0,12,1,0,0,0,11
S01012326,All people aged 16 and over in households,475,238,194,44,237,124,2,13,42,56
S01012326,16 to 24,49,6,2,4,43,43,0,0,0,0
S01012326,25 to 34,53,21,12,9,32,30,0,0,2,0
S01012326,35 to 49,90,54,40,14,36,21,0,5,10,0
S01012326,50 to 64,138,95,82,13,43,14,0,4,21,4
S01012326,65 to 74,78,47,43,4,31,8,0,3,9,11
S01012326,75 to 84,46,12,12,0,34,5,2,1,0,26
S01012326,85 and over,21,3,3,0,18,3,0,0,0,15
S01012327,All people aged 16 and over in households,659,410,330,80,249,120,4,18,38,69
S01012327,16 to 24,74,12,2,10,62,61,1,0,0,0
S01012327,25 to 34,67,42,21,21,25,20,1,4,0,0
S01012327,35 to 49,150,102,82,20,48,18,1,12,14,3
S01012327,50 to 64,169,136,116,20,33,8,1,2,14,8
S01012327,65 to 74,110,79,72,7,31,7,0,0,7,17
S01012327,75 to 84,62,32,30,2,30,4,0,0,3,23
S01012327,85 and over,27,7,7,0,20,2,0,0,0,18
S01012328,All people aged 16 and over in households,487,294,262,32,193,83,10,10,30,60
S01012328,16 to 24,31,3,1,2,28,28,0,0,0,0
S01012328,25 to 34,33,17,7,10,16,12,0,0,3,1
S01012328,35 to 49,75,51,44,7,24,14,2,4,4,0
S01012328,50 to 64,144,106,96,10,38,10,6,5,14,3
S01012328,65 to 74,120,87,84,3,33,9,2,0,6,16
S01012328,75 to 84,52,19,19,0,33,7,0,0,2,24
S01012328,85 and over,32,11,11,0,21,3,0,1,1,16
S01012329,All people aged 16 and over in households,694,482,412,70,212,117,1,16,42,36
S01012329,16 to 24,53,5,0,5,48,48,0,0,0,0
S01012329,25 to 34,66,37,25,12,29,22,0,6,1,0
S01012329,35 to 49,172,136,106,30,36,20,1,5,9,1
S01012329,50 to 64,198,161,145,16,37,11,0,3,17,6
S01012329,65 to 74,124,89,85,4,35,12,0,2,9,12
S01012329,75 to 84,62,46,43,3,16,1,0,0,5,10
S01012329,85 and over,19,8,8,0,11,3,0,0,1,7
S01012330,All people aged 16 and over in households,508,360,312,48,148,72,0,14,23,39
S01012330,16 to 24,44,4,0,4,40,40,0,0,0,0
S01012330,25 to 34,41,31,23,8,10,7,0,3,0,0
S01012330,35 to 49,108,87,63,24,21,9,0,6,5,1
S01012330,50 to 64,151,122,115,7,29,8,0,4,15,2
S01012330,65 to 74,85,73,70,3,12,2,0,1,1,8
S01012330,75 to 84,54,33,31,2,21,5,0,0,1,15
S01012330,85 and over,25,10,10,0,15,1,0,0,1,13
S01012331,All people aged 16 and over in households,492,358,306,52,134,67,1,7,30,29
S01012331,16 to 24,35,1,0,1,34,34,0,0,0,0
S01012331,25 to 34,58,46,29,17,12,10,0,0,1,1
S01012331,35 to 49,180,155,138,17,25,16,0,4,5,0
S01012331,50 to 64,129,99,87,12,30,5,0,3,20,2
S01012331,65 to 74,44,32,30,2,12,2,0,0,2,8
S01012331,75 to 84,38,24,21,3,14,0,0,0,1,13
S01012331,85 and over,8,1,1,0,7,0,1,0,1,5
S01012332,All people aged 16 and over in households,830,602,500,102,228,136,5,13,32,42
S01012332,16 to 24,84,11,0,11,73,73,0,0,0,0
S01012332,25 to 34,57,45,18,27,12,11,0,1,0,0
S01012332,35 to 49,216,174,145,29,42,22,1,7,12,0
S01012332,50 to 64,263,214,187,27,49,22,3,3,16,5
S01012332,65 to 74,124,102,94,8,22,4,1,1,4,12
S01012332,75 to 84,74,53,53,0,21,3,0,1,0,17
S01012332,85 and over,12,3,3,0,9,1,0,0,0,8
S01012333,All people aged 16 and over in households,817,596,498,98,221,104,2,20,35,60
S01012333,16 to 24,51,4,2,2,47,47,0,0,0,0
S01012333,25 to 34,69,46,27,19,23,19,0,3,0,1
S01012333,35 to 49,212,169,129,40,43,15,0,12,15,1
S01012333,50 to 64,258,223,200,23,35,10,2,4,13,6
S01012333,65 to 74,130,101,94,7,29,7,0,0,6,16
S01012333,75 to 84,72,44,38,6,28,3,0,1,0,24
S01012333,85 and over,25,9,8,1,16,3,0,0,1,12
S01012334,All people aged 16 and over in households,678,442,374,68,236,129,2,11,44,50
S01012334,16 to 24,70,10,0,10,60,60,0,0,0,0
S01012334,25 to 34,70,38,18,20,32,29,0,1,2,0
S01012334,35 to 49,151,105,80,25,46,18,0,6,22,0
S01012334,50 to 64,171,129,118,11,42,12,1,4,15,10
S01012334,65 to 74,123,101,101,0,22,5,0,0,3,14
S01012334,75 to 84,81,55,53,2,26,3,0,0,2,21
S01012334,85 and over,12,4,4,0,8,2,1,0,0,5
S01012335,All people aged 16 and over in households,799,518,426,92,281,157,2,24,55,43
S01012335,16 to 24,98,7,1,6,91,91,0,0,0,0
S01012335,25 to 34,91,63,42,21,28,25,0,1,2,0
S01012335,35 to 49,241,174,134,40,67,25,1,16,24,1
S01012335,50 to 64,223,180,165,15,43,11,0,7,20,5
S01012335,65 to 74,92,68,59,9,24,2,1,0,9,12
S01012335,75 to 84,47,25,24,1,22,3,0,0,0,19
S01012335,85 and over,7,1,1,0,6,0,0,0,0,6
S01012336,All people aged 16 and over in households,512,344,308,36,168,88,2,7,22,49
S01012336,16 to 24,40,4,2,2,36,36,0,0,0,0
S01012336,25 to 34,51,31,16,15,20,20,0,0,0,0
S01012336,35 to 49,116,83,73,10,33,18,1,6,8,0
S01012336,50 to 64,125,102,96,6,23,7,0,0,7,9
S01012336,65 to 74,95,76,74,2,19,5,0,1,5,8
S01012336,75 to 84,70,44,43,1,26,2,1,0,2,21
S01012336,85 and over,15,4,4,0,11,0,0,0,0,11
S01012337,All people aged 16 and over in households,725,366,288,78,359,166,7,25,54,107
S01012337,16 to 24,85,22,3,19,63,63,0,0,0,0
S01012337,25 to 34,90,52,23,29,38,32,0,4,1,1
S01012337,35 to 49,134,74,63,11,60,24,4,13,17,2
S01012337,50 to 64,191,124,113,11,67,25,0,6,27,9
S01012337,65 to 74,93,52,47,5,41,14,0,2,6,19
S01012337,75 to 84,90,36,34,2,54,6,2,0,1,45
S01012337,85 and over,42,6,5,1,36,2,1,0,2,31
S01012338,All people aged 16 and over in households,611,326,246,80,285,157,4,14,51,59
S01012338,16 to 24,62,12,0,12,50,50,0,0,0,0
S01012338,25 to 34,76,33,8,25,43,38,1,3,1,0
S01012338,35 to 49,124,65,51,14,59,37,0,5,17,0
S01012338,50 to 64,140,92,78,14,48,19,2,4,19,4
S01012338,65 to 74,99,73,63,10,26,5,0,1,9,11
S01012338,75 to 84,85,49,44,5,36,6,1,1,5,23
S01012338,85 and over,25,2,2,0,23,2,0,0,0,21
S01012339,All people aged 16 and over in households,522,216,146,70,306,169,4,19,41,73
S01012339,16 to 24,80,22,2,20,58,56,0,0,2,0
S01012339,25 to 34,91,41,12,29,50,44,1,4,1,0
S01012339,35 to 49,81,38,25,13,43,32,1,5,4,1
S01012339,50 to 64,97,51,47,4,46,17,1,4,20,4
S01012339,65 to 74,81,40,37,3,41,8,0,4,11,18
S01012339,75 to 84,58,19,19,0,39,7,1,2,2,27
S01012339,85 and over,34,5,4,1,29,5,0,0,1,23
S01012340,All people aged 16 and over in households,830,520,438,82,310,153,8,18,45,86
S01012340,16 to 24,79,4,1,3,75,75,0,0,0,0
S01012340,25 to 34,91,60,37,23,31,28,0,1,2,0
S01012340,35 to 49,191,142,106,36,49,27,1,8,12,1
S01012340,50 to 64,234,185,171,14,49,11,3,9,18,8
S01012340,65 to 74,101,75,69,6,26,2,2,0,8,14
S01012340,75 to 84,91,48,48,0,43,5,1,0,3,34
S01012340,85 and over,43,6,6,0,37,5,1,0,2,29
S01012341,All people aged 16 and over in households,788,590,514,76,198,118,5,11,41,23
S01012341,16 to 24,80,12,0,12,68,68,0,0,0,0
S01012341,25 to 34,64,49,35,14,15,14,0,0,1,0
S01012341,35 to 49,232,194,171,23,38,18,1,6,11,2
S01012341,50 to 64,253,208,189,19,45,14,4,4,21,2
S01012341,65 to 74,104,86,79,7,18,2,0,1,6,9
S01012341,75 to 84,46,38,37,1,8,1,0,0,2,5
S01012341,85 and over,9,3,3,0,6,1,0,0,0,5
S01012342,All people aged 16 and over in households,741,492,410,82,249,140,2,12,38,57
S01012342,16 to 24,74,3,0,3,71,70,0,0,1,0
S01012342,25 to 34,59,33,18,15,26,24,0,1,1,0
S01012342,35 to 49,185,144,104,40,41,23,0,4,14,0
S01012342,50 to 64,228,188,170,18,40,12,0,4,13,11
S01012342,65 to 74,109,86,82,4,23,2,0,2,5,14
S01012342,75 to 84,64,32,31,1,32,6,2,1,3,20
S01012342,85 and over,22,6,5,1,16,3,0,0,1,12
S01012343,All people aged 16 and over in households,821,594,494,100,227,105,7,18,52,45
S01012343,16 to 24,58,12,0,12,46,46,0,0,0,0
S01012343,25 to 34,66,41,15,26,25,22,1,1,1,0
S01012343,35 to 49,232,182,134,48,50,25,1,7,17,0
S01012343,50 to 64,272,219,207,12,53,9,2,9,24,9
S01012343,65 to 74,132,109,107,2,23,1,2,1,9,10
S01012343,75 to 84,48,28,28,0,20,2,1,0,1,16
S01012343,85 and over,13,3,3,0,10,0,0,0,0,10
S01012344,All people aged 16 and over in households,483,286,198,88,197,94,6,16,42,39
S01012344,16 to 24,53,21,2,19,32,32,0,0,0,0
S01012344,25 to 34,59,43,17,26,16,11,1,2,0,2
S01012344,35 to 49,134,78,56,22,56,33,1,7,14,1
S01012344,50 to 64,145,96,79,17,49,12,3,7,24,3
S01012344,65 to 74,63,38,34,4,25,5,1,0,4,15
S01012344,75 to 84,18,7,7,0,11,0,0,0,0,11
S01012344,85 and over,11,3,3,0,8,1,0,0,0,7
S01012345,All people aged 16 and over in households,586,394,328,66,192,109,1,9,42,31
S01012345,16 to 24,56,2,1,1,54,54,0,0,0,0
S01012345,25 to 34,52,33,18,15,19,15,0,2,2,0
S01012345,35 to 49,166,128,97,31,38,22,0,5,11,0
S01012345,50 to 64,162,130,115,15,32,12,1,2,15,2
S01012345,65 to 74,84,63,59,4,21,3,0,0,12,6
S01012345,75 to 84,51,30,30,0,21,3,0,0,2,16
S01012345,85 and over,15,8,8,0,7,0,0,0,0,7
S01012346,All people aged 16 and over in households,654,436,358,78,218,110,6,13,44,45
S01012346,16 to 24,58,8,0,8,50,50,0,0,0,0
S01012346,25 to 34,61,34,15,19,27,26,0,1,0,0
S01012346,35 to 49,185,145,115,30,40,20,1,4,13,2
S01012346,50 to 64,187,140,126,14,47,12,5,5,22,3
S01012346,65 to 74,107,81,76,5,26,1,0,2,9,14
S01012346,75 to 84,42,27,25,2,15,0,0,0,0,15
S01012346,85 and over,14,1,1,0,13,1,0,1,0,11
S01012347,All people aged 16 and over in households,639,410,346,64,229,100,5,12,39,73
S01012347,16 to 24,46,10,3,7,36,36,0,0,0,0
S01012347,25 to 34,64,37,24,13,27,24,1,0,2,0
S01012347,35 to 49,170,133,110,23,37,18,0,8,11,0
S01012347,50 to 64,174,143,125,18,31,9,2,1,11,8
S01012347,65 to 74,98,58,56,2,40,6,1,3,13,17
S01012347,75 to 84,60,24,23,1,36,5,1,0,1,29
S01012347,85 and over,27,5,5,0,22,2,0,0,1,19
S01012348,All people aged 16 and over in households,586,416,364,52,170,84,2,10,36,38
S01012348,16 to 24,43,5,2,3,38,38,0,0,0,0
S01012348,25 to 34,51,31,18,13,20,18,0,0,2,0
S01012348,35 to 49,152,127,102,25,25,11,0,4,9,1
S01012348,50 to 64,150,118,111,7,32,7,1,5,15,4
S01012348,65 to 74,112,84,80,4,28,5,0,1,10,12
S01012348,75 to 84,63,47,47,0,16,4,1,0,0,11
S01012348,85 and over,15,4,4,0,11,1,0,0,0,10
S01012349,All people aged 16 and over in households,746,480,388,92,266,145,3,21,38,59
S01012349,16 to 24,94,16,0,16,78,78,0,0,0,0
S01012349,25 to 34,92,68,37,31,24,16,1,5,1,1
S01012349,35 to 49,179,125,95,30,54,27,1,11,15,0
S01012349,50 to 64,187,150,137,13,37,15,0,4,12,6
S01012349,65 to 74,127,93,91,2,34,7,0,0,5,22
S01012349,75 to 84,55,28,28,0,27,1,1,1,3,21
S01012349,85 and over,12,0,0,0,12,1,0,0,2,9
S01012350,All people aged 16 and over in households,623,394,328,66,229,123,7,20,29,50
S01012350,16 to 24,77,10,0,10,67,67,0,0,0,0
S01012350,25 to 34,66,37,20,17,29,26,0,1,2,0
S01012350,35 to 49,144,100,73,27,44,17,2,14,10,1
S01012350,50 to 64,152,123,112,11,29,8,1,3,10,7
S01012350,65 to 74,112,87,86,1,25,3,0,1,6,15
S01012350,75 to 84,57,33,33,0,24,2,1,1,1,19
S01012350,85 and over,15,4,4,0,11,0,3,0,0,8
S01012351,All people aged 16 and over in households,674,412,324,88,262,140,2,30,43,47
S01012351,16 to 24,88,12,3,9,76,76,0,0,0,0
S01012351,25 to 34,93,62,36,26,31,25,1,4,1,0
S01012351,35 to 49,203,154,118,36,49,19,0,15,13,2
S01012351,50 to 64,146,109,97,12,37,9,0,8,16,4
S01012351,65 to 74,80,50,45,5,30,7,0,2,11,10
S01012351,75 to 84,48,22,22,0,26,3,1,1,1,20
S01012351,85 and over,16,3,3,0,13,1,0,0,1,11
S01012352,All people aged 16 and over in households,608,378,320,58,230,125,5,10,35,55
S01012352,16 to 24,57,8,0,8,49,49,0,0,0,0
S01012352,25 to 34,68,38,21,17,30,28,0,2,0,0
S01012352,35 to 49,168,136,116,20,32,19,1,2,10,0
S01012352,50 to 64,153,106,96,10,47,19,3,6,13,6
S01012352,65 to 74,95,64,61,3,31,5,0,0,11,15
S01012352,75 to 84,52,22,22,0,30,5,1,0,1,23
S01012352,85 and over,15,4,4,0,11,0,0,0,0,11
S01012353,All people aged 16 and over in households,665,296,216,80,369,179,4,26,63,97
S01012353,16 to 24,102,23,1,22,79,78,0,0,0,1
S01012353,25 to 34,88,36,13,23,52,46,0,4,0,2
S01012353,35 to 49,140,80,60,20,60,32,0,11,17,0
S01012353,50 to 64,151,88,74,14,63,9,3,10,33,8
S01012353,65 to 74,75,40,39,1,35,4,0,1,11,19
S01012353,75 to 84,72,27,27,0,45,6,1,0,0,38
S01012353,85 and over,37,2,2,0,35,4,0,0,2,29
S01012354,All people aged 16 and over in households,663,400,340,60,263,121,5,10,37,90
S01012354,16 to 24,55,15,4,11,40,40,0,0,0,0
S01012354,25 to 34,54,25,16,9,29,25,1,1,1,1
S01012354,35 to 49,159,123,98,25,36,22,0,5,8,1
S01012354,50 to 64,161,115,107,8,46,19,1,4,17,5
S01012354,65 to 74,112,70,64,6,42,10,2,0,8,22
S01012354,75 to 84,94,44,43,1,50,4,1,0,3,42
S01012354,85 and over,28,8,8,0,20,1,0,0,0,19
S01012355,All people aged 16 and over in households,732,494,442,52,238,134,5,10,44,45
S01012355,16 to 24,77,5,1,4,72,72,0,0,0,0
S01012355,25 to 34,50,25,12,13,25,21,0,0,4,0
S01012355,35 to 49,161,127,106,21,34,20,0,1,13,0
S01012355,50 to 64,288,236,226,10,52,15,1,9,19,8
S01012355,65 to 74,102,77,73,4,25,5,3,0,5,12
S01012355,75 to 84,45,22,22,0,23,1,1,0,2,19
S01012355,85 and over,9,2,2,0,7,0,0,0,1,6
S01012356,All people aged 16 and over in households,555,367,300,67,188,86,3,10,33,56
S01012356,16 to 24,38,3,0,3,35,35,0,0,0,0
S01012356,25 to 34,39,29,14,15,10,10,0,0,0,0
S01012356,35 to 49,141,110,81,29,31,16,0,7,8,0
S01012356,50 to 64,159,116,101,15,43,14,2,3,17,7
S01012356,65 to 74,101,75,70,5,26,6,0,0,7,13
S01012356,75 to 84,59,29,29,0,30,2,1,0,1,26
S01012356,85 and over,18,5,5,0,13,3,0,0,0,10
S01012357,All people aged 16 and over in households,712,532,450,82,180,101,4,5,33,37
S01012357,16 to 24,65,1,1,0,64,64,0,0,0,0
S01012357,25 to 34,33,21,6,15,12,12,0,0,0,0
S01012357,35 to 49,147,119,94,25,28,14,0,2,12,0
S01012357,50 to 64,289,257,224,33,32,9,4,2,15,2
S01012357,65 to 74,113,100,94,6,13,0,0,1,5,7
S01012357,75 to 84,55,31,28,3,24,1,0,0,1,22
S01012357,85 and over,10,3,3,0,7,1,0,0,0,6
S01012358,All people aged 16 and over in households,670,490,412,78,180,107,11,6,15,41
S01012358,16 to 24,63,8,0,8,55,55,0,0,0,0
S01012358,25 to 34,58,40,19,21,18,17,1,0,0,0
S01012358,35 to 49,160,134,115,19,26,15,1,2,7,1
S01012358,50 to 64,220,187,167,20,33,13,8,3,5,4
S01012358,65 to 74,105,84,76,8,21,2,1,0,3,15
S01012358,75 to 84,49,33,31,2,16,4,0,1,0,11
S01012358,85 and over,15,4,4,0,11,1,0,0,0,10
S01012359,All people aged 16 and over in households,619,356,260,96,263,138,7,27,48,43
S01012359,16 to 24,65,7,1,6,58,57,1,0,0,0
S01012359,25 to 34,76,44,26,18,32,29,1,2,0,0
S01012359,35 to 49,165,102,61,41,63,34,2,14,13,0
S01012359,50 to 64,180,126,101,25,54,12,1,8,25,8
S01012359,65 to 74,84,56,50,6,28,1,0,3,8,16
S01012359,75 to 84,38,18,18,0,20,4,1,0,2,13
S01012359,85 and over,11,3,3,0,8,1,1,0,0,6
S01012360,All people aged 16 and over in households,590,327,230,97,263,162,4,22,43,32
S01012360,16 to 24,108,17,2,15,91,90,0,0,1,0
S01012360,25 to 34,100,64,37,27,36,27,4,3,2,0
S01012360,35 to 49,168,110,69,41,58,29,0,14,15,0
S01012360,50 to 64,127,86,77,9,41,11,0,4,20,6
S01012360,65 to 74,58,37,33,4,21,4,0,1,5,11
S01012360,75 to 84,25,11,10,1,14,1,0,0,0,13
S01012360,85 and over,4,2,2,0,2,0,0,0,0,2
S01012361,All people aged 16 and over in households,487,272,192,80,215,118,1,13,46,37
S01012361,16 to 24,73,14,5,9,59,59,0,0,0,0
S01012361,25 to 34,67,39,12,27,28,22,1,4,1,0
S01012361,35 to 49,132,95,62,33,37,22,0,3,12,0
S01012361,50 to 64,127,76,68,8,51,11,0,6,25,9
S01012361,65 to 74,48,36,36,0,12,2,0,0,3,7
S01012361,75 to 84,30,12,9,3,18,0,0,0,4,14
S01012361,85 and over,10,0,0,0,10,2,0,0,1,7
S01012362,All people aged 16 and over in households,579,316,194,122,263,161,3,19,46,34
S01012362,16 to 24,113,18,4,14,95,94,1,0,0,0
S01012362,25 to 34,120,85,32,53,35,33,0,0,2,0
S01012362,35 to 49,181,119,81,38,62,24,1,16,19,2
S01012362,50 to 64,97,57,48,9,40,6,1,3,22,8
S01012362,65 to 74,45,35,27,8,10,2,0,0,1,7
S01012362,75 to 84,17,2,2,0,15,1,0,0,1,13
S01012362,85 and over,6,0,0,0,6,1,0,0,1,4
S01012363,All people aged 16 and over in households,845,370,276,94,475,259,5,36,93,82
S01012363,16 to 24,106,20,2,18,86,86,0,0,0,0
S01012363,25 to 34,115,53,19,34,62,56,0,5,1,0
S01012363,35 to 49,207,103,77,26,104,59,1,15,29,0
S01012363,50 to 64,193,96,82,14,97,30,0,14,38,15
S01012363,65 to 74,108,59,58,1,49,6,3,1,22,17
S01012363,75 to 84,91,37,36,1,54,18,1,1,3,31
S01012363,85 and over,25,2,2,0,23,4,0,0,0,19
S01012364,All people aged 16 and over in households,595,318,232,86,277,149,0,12,52,64
S01012364,16 to 24,71,16,3,13,55,55,0,0,0,0
S01012364,25 to 34,79,38,17,21,41,39,0,1,1,0
S01012364,35 to 49,133,93,59,34,40,21,0,4,14,1
S01012364,50 to 64,151,91,74,17,60,22,0,5,22,11
S01012364,65 to 74,76,48,47,1,28,4,0,2,9,13
S01012364,75 to 84,61,28,28,0,33,5,0,0,4,24
S01012364,85 and over,24,4,4,0,20,3,0,0,2,15
S01012365,All people aged 16 and over in households,792,528,440,88,264,137,7,13,48,59
S01012365,16 to 24,70,7,1,6,63,63,0,0,0,0
S01012365,25 to 34,85,57,31,26,28,22,4,0,0,2
S01012365,35 to 49,210,162,129,33,48,26,0,7,14,1
S01012365,50 to 64,214,159,144,15,55,19,0,6,24,6
S01012365,65 to 74,117,86,80,6,31,2,1,0,7,21
S01012365,75 to 84,77,47,45,2,30,3,2,0,3,22
S01012365,85 and over,19,10,10,0,9,2,0,0,0,7
S01012366,All people aged 16 and over in households,781,406,298,108,375,205,6,22,55,87
S01012366,16 to 24,83,18,0,18,65,65,0,0,0,0
S01012366,25 to 34,110,49,21,28,61,57,2,1,1,0
S01012366,35 to 49,163,90,57,33,73,41,0,11,21,0
S01012366,50 to 64,186,134,113,21,52,18,3,8,15,8
S01012366,65 to 74,127,77,72,5,50,10,0,2,14,24
S01012366,75 to 84,75,32,30,2,43,5,1,0,3,34
S01012366,85 and over,37,6,5,1,31,9,0,0,1,21
S01012367,All people aged 16 and over in households,785,512,452,60,273,150,2,15,41,65
S01012367,16 to 24,84,8,5,3,76,76,0,0,0,0
S01012367,25 to 34,62,35,19,16,27,24,0,2,1,0
S01012367,35 to 49,188,138,115,23,50,24,0,9,15,2
S01012367,50 to 64,223,178,168,10,45,16,1,3,19,6
S01012367,65 to 74,126,104,97,7,22,6,0,0,5,11
S01012367,75 to 84,85,45,44,1,40,4,1,0,1,34
S01012367,85 and over,17,4,4,0,13,0,0,1,0,12
S01012368,All people aged 16 and over in households,500,352,322,30,148,83,2,10,16,37
S01012368,16 to 24,32,1,1,0,31,31,0,0,0,0
S01012368,25 to 34,39,17,12,5,22,22,0,0,0,0
S01012368,35 to 49,116,90,71,19,26,15,1,4,6,0
S01012368,50 to 64,163,135,131,4,28,12,0,3,8,5
S01012368,65 to 74,95,77,76,1,18,2,1,3,0,12
S01012368,75 to 84,46,27,26,1,19,1,0,0,1,17
S01012368,85 and over,9,5,5,0,4,0,0,0,1,3
S01012369,All people aged 16 and over in households,723,488,416,72,235,135,4,12,35,49
S01012369,16 to 24,84,11,4,7,73,73,0,0,0,0
S01012369,25 to 34,61,34,21,13,27,22,0,3,2,0
S01012369,35 to 49,189,151,117,34,38,23,0,4,11,0
S01012369,50 to 64,195,154,139,15,41,11,2,5,17,6
S01012369,65 to 74,126,102,100,2,24,5,0,0,3,16
S01012369,75 to 84,52,31,30,1,21,1,2,0,2,16
S01012369,85 and over,16,5,5,0,11,0,0,0,0,11
S01012370,All people aged 16 and over in households,811,452,350,102,359,168,4,23,70,94
S01012370,16 to 24,73,17,1,16,56,55,0,0,1,0
S01012370,25 to 34,90,53,23,30,37,36,0,1,0,0
S01012370,35 to 49,203,140,113,27,63,33,0,12,18,0
S01012370,50 to 64,204,138,113,25,66,18,2,8,29,9
S01012370,65 to 74,134,75,71,4,59,16,0,2,17,24
S01012370,75 to 84,67,24,24,0,43,4,1,0,4,34
S01012370,85 and over,40,5,5,0,35,6,1,0,1,27
S01012371,All people aged 16 and over in households,753,398,298,100,355,195,3,19,68,70
S01012371,16 to 24,93,15,0,15,78,78,0,0,0,0
S01012371,25 to 34,116,74,41,33,42,38,0,2,2,0
S01012371,35 to 49,186,103,77,26,83,48,1,9,24,1
S01012371,50 to 64,156,94,74,20,62,19,0,5,28,10
S01012371,65 to 74,109,79,75,4,30,4,0,3,8,15
S01012371,75 to 84,72,29,27,2,43,6,1,0,5,31
S01012371,85 and over,21,4,4,0,17,2,1,0,1,13
S01012372,All people aged 16 and over in households,655,284,208,76,371,204,5,25,61,76
S01012372,16 to 24,87,14,1,13,73,73,0,0,0,0
S01012372,25 to 34,77,39,12,27,38,33,0,3,2,0
S01012372,35 to 49,160,82,56,26,78,45,3,9,21,0
S01012372,50 to 64,130,61,51,10,69,33,1,6,20,9
S01012372,65 to 74,95,53,53,0,42,11,0,5,11,15
S01012372,75 to 84,75,30,30,0,45,7,1,2,5,30
S01012372,85 and over,31,5,5,0,26,2,0,0,2,22
S01012373,All people aged 16 and over in households,837,528,422,106,309,169,8,26,36,70
S01012373,16 to 24,103,25,1,24,78,78,0,0,0,0
S01012373,25 to 34,90,48,22,26,42,38,0,3,1,0
S01012373,35 to 49,211,166,123,43,45,24,0,11,10,0
S01012373,50 to 64,224,159,148,11,65,20,6,12,19,8
S01012373,65 to 74,111,84,83,1,27,1,0,0,4,22
S01012373,75 to 84,85,46,45,1,39,8,2,0,2,27
S01012373,85 and over,13,0,0,0,13,0,0,0,0,13
S01012374,All people aged 16 and over in households,742,475,364,111,267,138,1,18,48,62
S01012374,16 to 24,72,6,1,5,66,66,0,0,0,0
S01012374,25 to 34,88,54,15,39,34,28,0,3,3,0
S01012374,35 to 49,208,157,113,44,51,20,1,9,17,4
S01012374,50 to 64,211,166,150,16,45,14,0,5,20,6
S01012374,65 to 74,80,55,51,4,25,7,0,1,5,12
S01012374,75 to 84,66,33,30,3,33,3,0,0,2,28
S01012374,85 and over,17,4,4,0,13,0,0,0,1,12
S01012375,All people aged 16 and over in households,755,442,348,94,313,171,4,19,50,69
S01012375,16 to 24,104,21,3,18,83,82,0,1,0,0
S01012375,25 to 34,107,66,38,28,41,38,0,3,0,0
S01012375,35 to 49,201,135,96,39,66,30,0,7,29,0
S01012375,50 to 64,169,129,122,7,40,11,1,7,11,10
S01012375,65 to 74,87,56,54,2,31,2,0,1,7,21
S01012375,75 to 84,74,34,34,0,40,6,3,0,2,29
S01012375,85 and over,13,1,1,0,12,2,0,0,1,9
S01012376,All people aged 16 and over in households,787,544,492,52,243,146,9,18,32,38
S01012376,16 to 24,79,7,1,6,72,72,0,0,0,0
S01012376,25 to 34,44,18,15,3,26,22,0,4,0,0
S01012376,35 to 49,226,169,154,15,57,28,6,7,10,6
S01012376,50 to 64,266,220,202,18,46,19,2,5,15,5
S01012376,65 to 74,115,100,92,8,15,1,0,1,5,8
S01012376,75 to 84,48,27,26,1,21,4,1,1,2,13
S01012376,85 and over,9,3,2,1,6,0,0,0,0,6
S01012377,All people aged 16 and over in households,593,391,354,37,202,116,4,12,38,32
S01012377,16 to 24,46,2,0,2,44,43,0,0,1,0
S01012377,25 to 34,55,23,15,8,32,30,0,0,2,0
S01012377,35 to 49,131,93,81,12,38,21,4,6,6,1
S01012377,50 to 64,203,161,149,12,42,18,0,4,14,6
S01012377,65 to 74,102,78,76,2,24,3,0,1,11,9
S01012377,75 to 84,39,26,26,0,13,0,0,1,3,9
S01012377,85 and over,17,8,7,1,9,1,0,0,1,7
S01012378,All people aged 16 and over in households,491,362,316,46,129,75,1,13,16,24
S01012378,16 to 24,50,1,0,1,49,49,0,0,0,0
S01012378,25 to 34,40,27,15,12,13,11,0,0,2,0
S01012378,35 to 49,112,90,72,18,22,12,0,6,3,1
S01012378,50 to 64,171,147,136,11,24,1,0,5,10,8
S01012378,65 to 74,80,70,66,4,10,1,0,1,1,7
S01012378,75 to 84,31,22,22,0,9,1,1,1,0,6
S01012378,85 and over,7,5,5,0,2,0,0,0,0,2
S01012379,All people aged 16 and over in households,424,298,222,76,126,71,3,13,17,22
S01012379,16 to 24,48,10,0,10,38,38,0,0,0,0
S01012379,25 to 34,36,27,5,22,9,9,0,0,0,0
S01012379,35 to 49,115,93,67,26,22,10,0,7,5,0
S01012379,50 to 64,119,98,85,13,21,9,2,3,5,2
S01012379,65 to 74,77,57,52,5,20,5,1,2,5,7
S01012379,75 to 84,24,12,12,0,12,0,0,1,2,9
S01012379,85 and over,5,1,1,0,4,0,0,0,0,4
S01012380,All people aged 16 and over in households,731,432,338,94,299,178,1,21,57,42
S01012380,16 to 24,88,16,5,11,72,72,0,0,0,0
S01012380,25 to 34,94,61,27,34,33,32,0,1,0,0
S01012380,35 to 49,220,139,99,40,81,44,1,10,24,2
S01012380,50 to 64,193,136,128,8,57,16,0,7,25,9
S01012380,65 to 74,78,48,47,1,30,7,0,2,6,15
S01012380,75 to 84,51,28,28,0,23,7,0,1,2,13
S01012380,85 and over,7,4,4,0,3,0,0,0,0,3
S01012381,All people aged 16 and over in households,711,366,310,56,345,162,4,21,59,99
S01012381,16 to 24,70,15,1,14,55,55,0,0,0,0
S01012381,25 to 34,69,27,14,13,42,37,0,5,0,0
S01012381,35 to 49,163,107,89,18,56,34,2,7,13,0
S01012381,50 to 64,154,102,92,10,52,18,0,6,23,5
S01012381,65 to 74,115,74,73,1,41,3,0,3,14,21
S01012381,75 to 84,91,31,31,0,60,10,2,0,9,39
S01012381,85 and over,49,10,10,0,39,5,0,0,0,34
S01012382,All people aged 16 and over in households,811,558,500,58,253,132,1,22,35,63
S01012382,16 to 24,65,3,1,2,62,62,0,0,0,0
S01012382,25 to 34,71,36,24,12,35,32,0,3,0,0
S01012382,35 to 49,200,174,147,27,26,12,1,6,7,0
S01012382,50 to 64,273,215,206,9,58,16,0,9,20,13
S01012382,65 to 74,116,90,85,5,26,6,0,2,6,12
S01012382,75 to 84,70,39,37,2,31,1,0,2,2,26
S01012382,85 and over,16,1,0,1,15,3,0,0,0,12
S01012383,All people aged 16 and over in households,712,466,392,74,246,113,7,16,36,74
S01012383,16 to 24,45,9,2,7,36,36,0,0,0,0
S01012383,25 to 34,69,49,23,26,20,20,0,0,0,0
S01012383,35 to 49,140,99,79,20,41,25,2,7,7,0
S01012383,50 to 64,227,169,155,14,58,15,1,9,22,11
S01012383,65 to 74,120,90,83,7,30,6,1,0,6,17
S01012383,75 to 84,82,45,45,0,37,7,3,0,1,26
S01012383,85 and over,29,5,5,0,24,4,0,0,0,20
S01012384,All people aged 16 and over in households,433,258,194,64,175,93,2,12,27,41
S01012384,16 to 24,51,12,0,12,39,39,0,0,0,0
S01012384,25 to 34,58,35,15,20,23,22,0,1,0,0
S01012384,35 to 49,100,75,53,22,25,14,0,5,6,0
S01012384,50 to 64,113,78,71,7,35,11,1,5,16,2
S01012384,65 to 74,58,41,40,1,17,3,1,1,4,8
S01012384,75 to 84,31,9,9,0,22,1,0,0,1,20
S01012384,85 and over,22,8,6,2,14,3,0,0,0,11
S01012385,All people aged 16 and over in households,590,376,304,72,214,147,3,10,32,22
S01012385,16 to 24,79,14,2,12,65,65,0,0,0,0
S01012385,25 to 34,73,34,16,18,39,37,0,0,2,0
S01012385,35 to 49,166,123,97,26,43,31,0,5,7,0
S01012385,50 to 64,171,135,122,13,36,10,2,5,19,0
S01012385,65 to 74,60,50,47,3,10,2,0,0,2,6
S01012385,75 to 84,31,15,15,0,16,2,1,0,1,12
S01012385,85 and over,10,5,5,0,5,0,0,0,1,4
S01012386,All people aged 16 and over in households,762,420,330,90,342,198,5,24,67,48
S01012386,16 to 24,107,18,4,14,89,87,1,0,1,0
S01012386,25 to 34,117,60,30,30,57,47,0,2,8,0
S01012386,35 to 49,223,143,108,35,80,37,2,17,23,1
S01012386,50 to 64,182,126,117,9,56,14,1,3,25,13
S01012386,65 to 74,75,49,49,0,26,8,0,1,7,10
S01012386,75 to 84,42,20,20,0,22,5,0,1,2,14
S01012386,85 and over,16,4,2,2,12,0,1,0,1,10
S01012387,All people aged 16 and over in households,751,500,412,88,251,142,7,16,45,41
S01012387,16 to 24,72,11,0,11,61,61,0,0,0,0
S01012387,25 to 34,93,61,24,37,32,27,0,4,1,0
S01012387,35 to 49,202,165,134,31,37,19,1,3,13,1
S01012387,50 to 64,212,155,148,7,57,19,4,8,22,4
S01012387,65 to 74,109,73,72,1,36,10,1,1,9,15
S01012387,75 to 84,46,29,28,1,17,4,1,0,0,12
S01012387,85 and over,17,6,6,0,11,2,0,0,0,9
S01012388,All people aged 16 and over in households,566,396,346,50,170,108,0,13,24,25
S01012388,16 to 24,56,10,4,6,46,46,0,0,0,0
S01012388,25 to 34,62,47,28,19,15,15,0,0,0,0
S01012388,35 to 49,153,117,104,13,36,24,0,5,7,0
S01012388,50 to 64,180,148,139,9,32,9,0,5,13,5
S01012388,65 to 74,65,46,45,1,19,6,0,2,3,8
S01012388,75 to 84,39,23,23,0,16,7,0,1,1,7
S01012388,85 and over,11,5,3,2,6,1,0,0,0,5
S01012389,All people aged 16 and over in households,661,434,354,80,227,154,2,11,31,29
S01012389,16 to 24,88,14,3,11,74,74,0,0,0,0
S01012389,25 to 34,88,53,31,22,35,34,0,1,0,0
S01012389,35 to 49,225,182,142,40,43,28,0,3,11,1
S01012389,50 to 64,169,129,125,4,40,12,1,7,17,3
S01012389,65 to 74,60,44,41,3,16,5,0,0,3,8
S01012389,75 to 84,24,11,11,0,13,0,1,0,0,12
S01012389,85 and over,7,1,1,0,6,1,0,0,0,5
S01012390,All people aged 16 and over in households,620,392,324,68,228,146,5,10,27,40
S01012390,16 to 24,91,13,3,10,78,78,0,0,0,0
S01012390,25 to 34,63,40,19,21,23,21,0,2,0,0
S01012390,35 to 49,191,152,128,24,39,28,2,1,7,1
S01012390,50 to 64,173,130,123,7,43,16,1,5,12,9
S01012390,65 to 74,65,42,36,6,23,3,2,2,7,9
S01012390,75 to 84,27,14,14,0,13,0,0,0,1,12
S01012390,85 and over,10,1,1,0,9,0,0,0,0,9
S01012391,All people aged 16 and over in households,785,576,466,110,209,136,2,17,25,29
S01012391,16 to 24,86,21,3,18,65,65,0,0,0,0
S01012391,25 to 34,111,83,43,40,28,23,2,0,3,0
S01012391,35 to 49,303,263,229,34,40,23,0,7,9,1
S01012391,50 to 64,171,129,112,17,42,17,0,9,11,5
S01012391,65 to 74,81,64,63,1,17,3,0,1,2,11
S01012391,75 to 84,27,14,14,0,13,5,0,0,0,8
S01012391,85 and over,6,2,2,0,4,0,0,0,0,4
S01012392,All people aged 16 and over in households,606,360,296,64,246,165,4,13,35,29
S01012392,16 to 24,96,9,2,7,87,87,0,0,0,0
S01012392,25 to 34,95,53,25,28,42,36,0,5,1,0
S01012392,35 to 49,162,116,90,26,46,25,1,4,16,0
S01012392,50 to 64,153,117,114,3,36,12,1,3,14,6
S01012392,65 to 74,63,43,43,0,20,5,2,1,4,8
S01012392,75 to 84,26,16,16,0,10,0,0,0,0,10
S01012392,85 and over,11,6,6,0,5,0,0,0,0,5
S01012393,All people aged 16 and over in households,728,452,360,92,276,159,15,16,45,41
S01012393,16 to 24,86,14,1,13,72,72,0,0,0,0
S01012393,25 to 34,105,55,31,24,50,41,3,1,5,0
S01012393,35 to 49,193,130,93,37,63,31,7,8,17,0
S01012393,50 to 64,215,171,155,16,44,8,5,7,17,7
S01012393,65 to 74,85,68,66,2,17,5,0,0,3,9
S01012393,75 to 84,38,14,14,0,24,2,0,0,2,20
S01012393,85 and over,6,0,0,0,6,0,0,0,1,5
S01012394,All people aged 16 and over in households,498,270,186,84,228,151,1,12,41,23
S01012394,16 to 24,106,21,2,19,85,84,0,0,0,1
S01012394,25 to 34,70,41,23,18,29,23,0,2,3,1
S01012394,35 to 49,128,76,45,31,52,33,0,6,12,1
S01012394,50 to 64,116,77,64,13,39,8,1,4,20,6
S01012394,65 to 74,45,34,33,1,11,0,0,0,5,6
S01012394,75 to 84,23,15,15,0,8,2,0,0,1,5
S01012394,85 and over,10,6,4,2,4,1,0,0,0,3
S01012395,All people aged 16 and over in households,503,278,212,66,225,139,5,10,26,45
S01012395,16 to 24,66,5,0,5,61,60,1,0,0,0
S01012395,25 to 34,83,46,20,26,37,34,1,1,1,0
S01012395,35 to 49,124,85,65,20,39,24,2,7,6,0
S01012395,50 to 64,104,69,60,9,35,11,0,2,16,6
S01012395,65 to 74,62,39,36,3,23,6,0,0,3,14
S01012395,75 to 84,51,32,29,3,19,3,1,0,0,15
S01012395,85 and over,13,2,2,0,11,1,0,0,0,10
S01012396,All people aged 16 and over in households,527,294,182,112,233,141,4,10,34,44
S01012396,16 to 24,72,27,1,26,45,45,0,0,0,0
S01012396,25 to 34,84,45,10,35,39,36,0,0,2,1
S01012396,35 to 49,132,85,45,40,47,24,3,7,13,0
S01012396,50 to 64,114,65,56,9,49,23,1,3,15,7
S01012396,65 to 74,60,41,40,1,19,7,0,0,2,10
S01012396,75 to 84,52,27,26,1,25,6,0,0,1,18
S01012396,85 and over,13,4,4,0,9,0,0,0,1,8
S01012397,All people aged 16 and over in households,718,398,312,86,320,164,6,27,49,74
S01012397,16 to 24,75,14,3,11,61,61,0,0,0,0
S01012397,25 to 34,85,41,15,26,44,44,0,0,0,0
S01012397,35 to 49,163,99,66,33,64,31,3,14,15,1
S01012397,50 to 64,176,119,103,16,57,13,2,9,23,10
S01012397,65 to 74,125,82,82,0,43,12,1,4,8,18
S01012397,75 to 84,64,34,34,0,30,2,0,0,3,25
S01012397,85 and over,30,9,9,0,21,1,0,0,0,20
S01012398,All people aged 16 and over in households,741,374,262,112,367,235,16,16,41,59
S01012398,16 to 24,123,28,1,27,95,93,2,0,0,0
S01012398,25 to 34,134,73,27,46,61,56,2,2,1,0
S01012398,35 to 49,186,105,84,21,81,54,5,7,15,0
S01012398,50 to 64,162,109,93,16,53,17,3,7,18,8
S01012398,65 to 74,54,28,27,1,26,5,2,0,5,14
S01012398,75 to 84,55,25,24,1,30,9,2,0,2,17
S01012398,85 and over,27,6,6,0,21,1,0,0,0,20
S01012399,All people aged 16 and over in households,505,274,174,100,231,128,3,13,45,42
S01012399,16 to 24,77,19,0,19,58,57,0,1,0,0
S01012399,25 to 34,74,45,17,28,29,26,0,2,0,1
S01012399,35 to 49,127,76,49,27,51,25,0,7,19,0
S01012399,50 to 64,111,75,52,23,36,13,3,1,16,3
S01012399,65 to 74,62,33,30,3,29,3,0,2,7,17
S01012399,75 to 84,38,21,21,0,17,2,0,0,3,12
S01012399,85 and over,16,5,5,0,11,2,0,0,0,9
S01012400,All people aged 16 and over in households,487,248,180,68,239,151,11,11,45,21
S01012400,16 to 24,104,22,2,20,82,80,0,2,0,0
S01012400,25 to 34,78,42,19,23,36,33,0,1,2,0
S01012400,35 to 49,145,82,60,22,63,32,10,3,17,1
S01012400,50 to 64,78,49,46,3,29,4,1,4,17,3
S01012400,65 to 74,50,34,34,0,16,1,0,1,6,8
S01012400,75 to 84,26,17,17,0,9,0,0,0,3,6
S01012400,85 and over,6,2,2,0,4,1,0,0,0,3
S01012401,All people aged 16 and over in households,662,334,222,112,328,220,11,10,52,35
S01012401,16 to 24,113,36,3,33,77,77,0,0,0,0
S01012401,25 to 34,112,50,21,29,62,55,2,2,3,0
S01012401,35 to 49,162,76,52,24,86,62,5,4,13,2
S01012401,50 to 64,162,102,83,19,60,21,3,4,24,8
S01012401,65 to 74,70,49,44,5,21,2,1,0,9,9
S01012401,75 to 84,37,19,17,2,18,2,0,0,3,13
S01012401,85 and over,6,2,2,0,4,1,0,0,0,3
S01012402,All people aged 16 and over in households,352,226,182,44,126,78,5,12,11,20
S01012402,16 to 24,31,3,1,2,28,28,0,0,0,0
S01012402,25 to 34,63,34,21,13,29,26,2,0,1,0
S01012402,35 to 49,114,90,71,19,24,14,2,6,1,1
S01012402,50 to 64,104,78,70,8,26,8,1,5,8,4
S01012402,65 to 74,23,16,14,2,7,1,0,1,1,4
S01012402,75 to 84,16,5,5,0,11,1,0,0,0,10
S01012402,85 and over,1,0,0,0,1,0,0,0,0,1
S01012403,All people aged 16 and over in households,860,562,454,108,298,194,10,12,33,49
S01012403,16 to 24,107,21,4,17,86,83,2,0,1,0
S01012403,25 to 34,137,92,44,48,45,38,3,2,2,0
S01012403,35 to 49,221,161,131,30,60,44,0,5,11,0
S01012403,50 to 64,254,209,196,13,45,16,3,5,15,6
S01012403,65 to 74,74,53,53,0,21,8,0,0,3,10
S01012403,75 to 84,51,24,24,0,27,2,1,0,1,23
S01012403,85 and over,16,2,2,0,14,3,1,0,0,10
S01012404,All people aged 16 and over in households,810,436,310,126,374,231,20,18,50,55
S01012404,16 to 24,98,13,1,12,85,83,2,0,0,0
S01012404,25 to 34,154,91,31,60,63,54,4,1,3,1
S01012404,35 to 49,186,114,82,32,72,44,7,8,13,0
S01012404,50 to 64,224,142,122,20,82,30,4,9,26,13
S01012404,65 to 74,73,44,42,2,29,15,1,0,6,7
S01012404,75 to 84,57,28,28,0,29,4,2,0,1,22
S01012404,85 and over,18,4,4,0,14,1,0,0,1,12
S01012405,All people aged 16 and over in households,554,392,322,70,162,98,2,13,23,26
S01012405,16 to 24,66,9,2,7,57,57,0,0,0,0
S01012405,25 to 34,71,47,29,18,24,22,0,0,2,0
S01012405,35 to 49,213,177,144,33,36,14,2,6,14,0
S01012405,50 to 64,120,97,91,6,23,3,0,7,7,6
S01012405,65 to 74,59,54,50,4,5,0,0,0,0,5
S01012405,75 to 84,14,7,6,1,7,1,0,0,0,6
S01012405,85 and over,11,1,0,1,10,1,0,0,0,9
S01012406,All people aged 16 and over in households,500,326,264,62,174,115,4,8,20,27
S01012406,16 to 24,58,2,0,2,56,56,0,0,0,0
S01012406,25 to 34,81,55,30,25,26,23,1,1,1,0
S01012406,35 to 49,123,105,87,18,18,11,0,3,4,0
S01012406,50 to 64,140,105,92,13,35,15,3,4,11,2
S01012406,65 to 74,59,38,35,3,21,6,0,0,4,11
S01012406,75 to 84,31,18,17,1,13,4,0,0,0,9
S01012406,85 and over,8,3,3,0,5,0,0,0,0,5
S01012407,All people aged 16 and over in households,639,404,330,74,235,141,9,10,36,39
S01012407,16 to 24,84,13,0,13,71,70,0,1,0,0
S01012407,25 to 34,95,61,41,20,34,33,0,0,1,0
S01012407,35 to 49,196,154,131,23,42,18,3,5,16,0
S01012407,50 to 64,145,110,96,14,35,10,2,3,13,7
S01012407,65 to 74,69,51,48,3,18,3,1,1,6,7
S01012407,75 to 84,31,13,12,1,18,4,2,0,0,12
S01012407,85 and over,19,2,2,0,17,3,1,0,0,13
S01012408,All people aged 16 and over in households,502,332,276,56,170,111,3,8,20,28
S01012408,16 to 24,78,10,2,8,68,68,0,0,0,0
S01012408,25 to 34,44,32,25,7,12,12,0,0,0,0
S01012408,35 to 49,152,126,101,25,26,11,1,4,8,2
S01012408,50 to 64,125,95,80,15,30,10,2,4,9,5
S01012408,65 to 74,61,45,44,1,16,6,0,0,2,8
S01012408,75 to 84,35,22,22,0,13,4,0,0,1,8
S01012408,85 and over,7,2,2,0,5,0,0,0,0,5
S01012409,All people aged 16 and over in households,551,340,274,66,211,124,8,8,27,44
S01012409,16 to 24,59,9,4,5,50,50,0,0,0,0
S01012409,25 to 34,81,51,31,20,30,30,0,0,0,0
S01012409,35 to 49,136,103,79,24,33,14,2,5,10,2
S01012409,50 to 64,150,110,98,12,40,19,4,2,12,3
S01012409,65 to 74,67,43,42,1,24,9,1,0,3,11
S01012409,75 to 84,46,20,17,3,26,2,0,1,2,21
S01012409,85 and over,12,4,3,1,8,0,1,0,0,7
S01012410,All people aged 16 and over in households,825,524,384,140,301,199,16,16,41,29
S01012410,16 to 24,138,31,3,28,107,107,0,0,0,0
S01012410,25 to 34,128,82,46,36,46,43,0,2,1,0
S01012410,35 to 49,227,179,128,51,48,17,6,7,16,2
S01012410,50 to 64,215,157,136,21,58,20,9,5,22,2
S01012410,65 to 74,81,61,57,4,20,6,0,1,2,11
S01012410,75 to 84,25,12,12,0,13,4,1,1,0,7
S01012410,85 and over,11,2,2,0,9,2,0,0,0,7
S01012411,All people aged 16 and over in households,763,438,342,96,325,201,7,27,53,37
S01012411,16 to 24,122,22,3,19,100,100,0,0,0,0
S01012411,25 to 34,121,73,42,31,48,43,0,2,3,0
S01012411,35 to 49,218,141,120,21,77,38,4,13,22,0
S01012411,50 to 64,197,139,123,16,58,13,1,10,20,14
S01012411,65 to 74,60,36,29,7,24,4,1,2,7,10
S01012411,75 to 84,35,21,19,2,14,3,1,0,1,9
S01012411,85 and over,10,6,6,0,4,0,0,0,0,4
S01012412,All people aged 16 and over in households,537,328,274,54,209,130,6,8,28,37
S01012412,16 to 24,65,13,4,9,52,52,0,0,0,0
S01012412,25 to 34,80,45,33,12,35,32,0,2,1,0
S01012412,35 to 49,114,88,66,22,26,17,3,1,4,1
S01012412,50 to 64,168,123,113,10,45,17,1,5,18,4
S01012412,65 to 74,57,40,39,1,17,6,0,0,5,6
S01012412,75 to 84,35,16,16,0,19,2,1,0,0,16
S01012412,85 and over,18,3,3,0,15,4,1,0,0,10
S01012413,All people aged 16 and over in households,788,550,462,88,238,150,2,10,14,62
S01012413,16 to 24,53,8,3,5,45,45,0,0,0,0
S01012413,25 to 34,92,62,38,24,30,30,0,0,0,0
S01012413,35 to 49,194,161,125,36,33,23,1,7,1,1
S01012413,50 to 64,224,179,163,16,45,25,1,3,10,6
S01012413,65 to 74,132,101,95,6,31,11,0,0,3,17
S01012413,75 to 84,77,36,35,1,41,13,0,0,0,28
S01012413,85 and over,16,3,3,0,13,3,0,0,0,10
S01012414,All people aged 16 and over in households,580,356,314,42,224,119,2,10,32,61
S01012414,16 to 24,48,8,0,8,40,40,0,0,0,0
S01012414,25 to 34,47,28,19,9,19,18,0,1,0,0
S01012414,35 to 49,134,101,89,12,33,26,0,1,5,1
S01012414,50 to 64,186,136,125,11,50,18,2,5,17,8
S01012414,65 to 74,103,65,65,0,38,7,0,3,5,23
S01012414,75 to 84,39,15,13,2,24,7,0,0,4,13
S01012414,85 and over,23,3,3,0,20,3,0,0,1,16
S01012415,All people aged 16 and over in households,441,296,260,36,145,109,3,3,7,23
S01012415,16 to 24,62,6,0,6,56,56,0,0,0,0
S01012415,25 to 34,65,39,24,15,26,25,0,0,1,0
S01012415,35 to 49,109,94,79,15,15,11,0,1,2,1
S01012415,50 to 64,99,82,82,0,17,11,1,0,2,3
S01012415,65 to 74,66,56,56,0,10,3,1,1,2,3
S01012415,75 to 84,31,19,19,0,12,1,0,1,0,10
S01012415,85 and over,9,0,0,0,9,2,1,0,0,6
S01012416,All people aged 16 and over in households,456,306,268,38,150,106,7,5,7,25
S01012416,16 to 24,55,6,0,6,49,49,0,0,0,0
S01012416,25 to 34,57,34,20,14,23,23,0,0,0,0
S01012416,35 to 49,101,85,72,13,16,13,0,2,0,1
S01012416,50 to 64,113,92,89,3,21,11,3,1,5,1
S01012416,65 to 74,82,64,62,2,18,6,1,2,2,7
S01012416,75 to 84,40,23,23,0,17,4,2,0,0,11
S01012416,85 and over,8,2,2,0,6,0,1,0,0,5
S01012417,All people aged 16 and over in households,539,346,302,44,193,101,3,14,23,52
S01012417,16 to 24,40,7,2,5,33,33,0,0,0,0
S01012417,25 to 34,57,36,27,9,21,19,1,0,1,0
S01012417,35 to 49,99,71,63,8,28,18,1,1,8,0
S01012417,50 to 64,160,116,106,10,44,18,1,8,10,7
S01012417,65 to 74,108,85,73,12,23,4,0,4,2,13
S01012417,75 to 84,55,28,28,0,27,3,0,1,2,21
S01012417,85 and over,20,3,3,0,17,6,0,0,0,11
S01012418,All people aged 16 and over in households,664,446,386,60,218,125,3,15,27,48
S01012418,16 to 24,68,8,0,8,60,60,0,0,0,0
S01012418,25 to 34,53,36,20,16,17,16,0,1,0,0
S01012418,35 to 49,146,104,89,15,42,29,0,7,5,1
S01012418,50 to 64,209,170,152,18,39,11,2,7,13,6
S01012418,65 to 74,118,94,92,2,24,3,1,0,7,13
S01012418,75 to 84,52,30,29,1,22,2,0,0,2,18
S01012418,85 and over,18,4,4,0,14,4,0,0,0,10
S01012419,All people aged 16 and over in households,632,440,372,68,192,108,5,11,26,42
S01012419,16 to 24,58,3,1,2,55,55,0,0,0,0
S01012419,25 to 34,60,37,20,17,23,21,0,2,0,0
S01012419,35 to 49,164,138,108,30,26,14,2,7,3,0
S01012419,50 to 64,170,137,121,16,33,9,3,2,16,3
S01012419,65 to 74,115,92,91,1,23,4,0,0,6,13
S01012419,75 to 84,51,29,28,1,22,5,0,0,1,16
S01012419,85 and over,14,4,3,1,10,0,0,0,0,10
S01012420,All people aged 16 and over in households,693,418,326,92,275,162,4,17,33,59
S01012420,16 to 24,102,24,5,19,78,78,0,0,0,0
S01012420,25 to 34,71,33,21,12,38,36,0,2,0,0
S01012420,35 to 49,176,129,99,30,47,30,0,9,6,2
S01012420,50 to 64,184,144,120,24,40,10,1,6,17,6
S01012420,65 to 74,91,65,60,5,26,5,0,0,5,16
S01012420,75 to 84,52,18,16,2,34,2,3,0,5,24
S01012420,85 and over,17,5,5,0,12,1,0,0,0,11
S01012421,All people aged 16 and over in households,614,364,318,46,250,144,7,21,25,53
S01012421,16 to 24,76,4,0,4,72,72,0,0,0,0
S01012421,25 to 34,51,25,19,6,26,21,2,3,0,0
S01012421,35 to 49,158,102,86,16,56,31,2,10,13,0
S01012421,50 to 64,157,126,109,17,31,9,3,8,8,3
S01012421,65 to 74,98,80,77,3,18,5,0,0,2,11
S01012421,75 to 84,44,22,22,0,22,3,0,0,0,19
S01012421,85 and over,30,5,5,0,25,3,0,0,2,20
S01012422,All people aged 16 and over in households,721,446,372,74,275,132,9,27,42,65
S01012422,16 to 24,65,8,1,7,57,56,1,0,0,0
S01012422,25 to 34,66,37,23,14,29,25,0,3,1,0
S01012422,35 to 49,172,113,88,25,59,29,3,15,12,0
S01012422,50 to 64,231,180,155,25,51,15,4,9,15,8
S01012422,65 to 74,107,75,74,1,32,4,0,0,9,19
S01012422,75 to 84,59,30,28,2,29,2,1,0,4,22
S01012422,85 and over,21,3,3,0,18,1,0,0,1,16
S01012423,All people aged 16 and over in households,695,468,382,86,227,137,5,8,31,46
S01012423,16 to 24,80,12,2,10,68,68,0,0,0,0
S01012423,25 to 34,60,32,8,24,28,27,0,1,0,0
S01012423,35 to 49,173,138,106,32,35,23,2,6,4,0
S01012423,50 to 64,216,181,165,16,35,11,1,1,14,8
S01012423,65 to 74,94,65,62,3,29,6,0,0,9,14
S01012423,75 to 84,59,36,35,1,23,0,2,0,3,18
S01012423,85 and over,13,4,4,0,9,2,0,0,1,6
S01012424,All people aged 16 and over in households,752,466,360,106,286,157,3,12,46,68
S01012424,16 to 24,83,11,2,9,72,72,0,0,0,0
S01012424,25 to 34,120,76,40,36,44,39,0,3,2,0
S01012424,35 to 49,186,130,85,45,56,31,2,5,15,3
S01012424,50 to 64,201,154,144,10,47,14,1,3,22,7
S01012424,65 to 74,81,68,62,6,13,1,0,0,6,6
S01012424,75 to 84,69,27,27,0,42,0,0,1,1,40
S01012424,85 and over,12,0,0,0,12,0,0,0,0,12
S01012425,All people aged 16 and over in households,497,246,194,52,251,142,0,15,49,45
S01012425,16 to 24,56,6,1,5,50,50,0,0,0,0
S01012425,25 to 34,66,41,22,19,25,25,0,0,0,0
S01012425,35 to 49,114,58,44,14,56,36,0,7,12,1
S01012425,50 to 64,120,73,66,7,47,16,0,4,22,5
S01012425,65 to 74,77,48,42,6,29,7,0,3,10,9
S01012425,75 to 84,51,19,18,1,32,6,0,1,4,21
S01012425,85 and over,13,1,1,0,12,2,0,0,1,9
S01012426,All people aged 16 and over in households,383,192,140,52,191,119,2,8,29,33
S01012426,16 to 24,60,13,0,13,47,47,0,0,0,0
S01012426,25 to 34,57,29,15,14,28,26,0,1,1,0
S01012426,35 to 49,101,61,43,18,40,26,0,5,8,1
S01012426,50 to 64,81,42,35,7,39,15,1,1,16,6
S01012426,65 to 74,44,25,25,0,19,4,1,1,4,9
S01012426,75 to 84,31,20,20,0,11,1,0,0,0,10
S01012426,85 and over,9,2,2,0,7,0,0,0,0,7
S01012427,All people aged 16 and over in households,523,292,192,100,231,129,1,26,40,35
S01012427,16 to 24,82,28,0,28,54,53,0,1,0,0
S01012427,25 to 34,78,51,12,39,27,20,0,7,0,0
S01012427,35 to 49,135,79,57,22,56,37,1,6,11,1
S01012427,50 to 64,116,74,66,8,42,10,0,10,17,5
S01012427,65 to 74,74,44,41,3,30,4,0,1,9,16
S01012427,75 to 84,33,16,16,0,17,3,0,1,2,11
S01012427,85 and over,5,0,0,0,5,2,0,0,1,2
S01012428,All people aged 16 and over in households,539,358,280,78,181,88,4,16,27,46
S01012428,16 to 24,58,18,2,16,40,40,0,0,0,0
S01012428,25 to 34,59,30,14,16,29,24,1,3,1,0
S01012428,35 to 49,137,104,67,37,33,17,3,7,6,0
S01012428,50 to 64,148,121,112,9,27,5,0,4,13,5
S01012428,65 to 74,84,60,60,0,24,1,0,2,4,17
S01012428,75 to 84,47,24,24,0,23,1,0,0,2,20
S01012428,85 and over,6,1,1,0,5,0,0,0,1,4
S01012429,All people aged 16 and over in households,466,260,208,52,206,103,1,4,39,59
S01012429,16 to 24,45,9,0,9,36,36,0,0,0,0
S01012429,25 to 34,40,14,9,5,26,24,0,1,1,0
S01012429,35 to 49,98,70,51,19,28,14,0,1,13,0
S01012429,50 to 64,138,99,86,13,39,13,1,2,19,4
S01012429,65 to 74,86,48,44,4,38,10,0,0,5,23
S01012429,75 to 84,41,17,15,2,24,3,0,0,1,20
S01012429,85 and over,18,3,3,0,15,3,0,0,0,12
S01012430,All people aged 16 and over in households,475,260,216,44,215,110,0,14,41,50
S01012430,16 to 24,47,6,2,4,41,41,0,0,0,0
S01012430,25 to 34,45,23,13,10,22,22,0,0,0,0
S01012430,35 to 49,131,86,66,20,45,23,0,10,11,1
S01012430,50 to 64,114,73,67,6,41,13,0,3,19,6
S01012430,65 to 74,77,50,48,2,27,3,0,1,9,14
S01012430,75 to 84,41,18,16,2,23,5,0,0,1,17
S01012430,85 and over,20,4,4,0,16,3,0,0,1,12
S01012431,All people aged 16 and over in households,768,442,374,68,326,166,10,16,35,99
S01012431,16 to 24,86,11,1,10,75,75,0,0,0,0
S01012431,25 to 34,52,30,14,16,22,20,0,1,1,0
S01012431,35 to 49,153,111,92,19,42,15,3,10,14,0
S01012431,50 to 64,216,163,144,19,53,28,2,3,10,10
S01012431,65 to 74,134,82,80,2,52,16,1,1,7,27
S01012431,75 to 84,83,39,37,2,44,8,4,0,3,29
S01012431,85 and over,44,6,6,0,38,4,0,1,0,33
S01012432,All people aged 16 and over in households,621,376,318,58,245,118,5,12,42,68
S01012432,16 to 24,70,13,0,13,57,55,1,0,0,1
S01012432,25 to 34,41,28,10,18,13,11,2,0,0,0
S01012432,35 to 49,130,93,77,16,37,21,1,4,10,1
S01012432,50 to 64,162,110,104,6,52,17,0,4,24,7
S01012432,65 to 74,109,76,71,5,33,6,1,4,6,16
S01012432,75 to 84,85,45,45,0,40,5,0,0,2,33
S01012432,85 and over,24,11,11,0,13,3,0,0,0,10
S01012433,All people aged 16 and over in households,438,248,198,50,190,105,1,9,34,41
S01012433,16 to 24,45,11,0,11,34,34,0,0,0,0
S01012433,25 to 34,46,25,10,15,21,20,0,1,0,0
S01012433,35 to 49,108,71,51,20,37,21,0,6,10,0
S01012433,50 to 64,110,75,72,3,35,16,0,1,12,6
S01012433,65 to 74,80,44,43,1,36,9,1,1,8,17
S01012433,75 to 84,40,20,20,0,20,3,0,0,3,14
S01012433,85 and over,9,2,2,0,7,2,0,0,1,4
S01012434,All people aged 16 and over in households,578,290,218,72,288,167,4,13,39,65
S01012434,16 to 24,78,15,3,12,63,63,0,0,0,0
S01012434,25 to 34,94,44,21,23,50,49,0,0,1,0
S01012434,35 to 49,147,89,68,21,58,39,0,6,11,2
S01012434,50 to 64,125,82,69,13,43,9,2,7,17,8
S01012434,65 to 74,68,35,34,1,33,4,1,0,9,19
S01012434,75 to 84,47,19,17,2,28,1,1,0,0,26
S01012434,85 and over,19,6,6,0,13,2,0,0,1,10
S01012435,All people aged 16 and over in households,527,272,216,56,255,149,2,15,43,46
S01012435,16 to 24,86,14,2,12,72,72,0,0,0,0
S01012435,25 to 34,85,46,24,22,39,37,0,1,1,0
S01012435,35 to 49,136,88,73,15,48,25,0,8,15,0
S01012435,50 to 64,124,83,79,4,41,9,0,6,18,8
S01012435,65 to 74,54,26,23,3,28,4,0,0,8,16
S01012435,75 to 84,36,15,15,0,21,2,2,0,1,16
S01012435,85 and over,6,0,0,0,6,0,0,0,0,6
S01012436,All people aged 16 and over in households,595,316,242,74,279,175,0,14,50,40
S01012436,16 to 24,90,12,0,12,78,78,0,0,0,0
S01012436,25 to 34,84,44,16,28,40,40,0,0,0,0
S01012436,35 to 49,169,92,69,23,77,47,0,7,21,2
S01012436,50 to 64,131,89,80,9,42,6,0,6,22,8
S01012436,65 to 74,68,56,54,2,12,1,0,1,4,6
S01012436,75 to 84,45,21,21,0,24,2,0,0,2,20
S01012436,85 and over,8,2,2,0,6,1,0,0,1,4
S01012437,All people aged 16 and over in households,616,360,292,68,256,141,6,14,47,48
S01012437,16 to 24,79,13,1,12,66,65,0,1,0,0
S01012437,25 to 34,69,42,21,21,27,23,1,2,1,0
S01012437,35 to 49,146,104,81,23,42,25,0,4,11,2
S01012437,50 to 64,177,130,120,10,47,12,2,6,17,10
S01012437,65 to 74,94,53,52,1,41,12,1,1,15,12
S01012437,75 to 84,41,16,15,1,25,3,1,0,2,19
S01012437,85 and over,10,2,2,0,8,1,1,0,1,5
S01012438,All people aged 16 and over in households,528,364,312,52,164,111,0,9,18,26
S01012438,16 to 24,77,8,2,6,69,68,0,1,0,0
S01012438,25 to 34,90,70,44,26,20,18,0,2,0,0
S01012438,35 to 49,152,118,104,14,34,20,0,3,8,3
S01012438,50 to 64,135,116,110,6,19,3,0,3,9,4
S01012438,65 to 74,46,35,35,0,11,0,0,0,1,10
S01012438,75 to 84,21,15,15,0,6,1,0,0,0,5
S01012438,85 and over,7,2,2,0,5,1,0,0,0,4
S01012439,All people aged 16 and over in households,615,370,296,74,245,138,5,19,38,45
S01012439,16 to 24,79,20,2,18,59,59,0,0,0,0
S01012439,25 to 34,104,62,23,39,42,38,0,2,2,0
S01012439,35 to 49,135,94,81,13,41,22,0,9,9,1
S01012439,50 to 64,161,123,120,3,38,8,1,5,23,1
S01012439,65 to 74,77,55,54,1,22,3,0,3,3,13
S01012439,75 to 84,34,11,11,0,23,8,4,0,1,10
S01012439,85 and over,25,5,5,0,20,0,0,0,0,20
S01012440,All people aged 16 and over in households,444,298,272,26,146,88,8,4,14,32
S01012440,16 to 24,47,0,0,0,47,47,0,0,0,0
S01012440,25 to 34,41,15,8,7,26,25,0,1,0,0
S01012440,35 to 49,96,78,66,12,18,10,1,2,4,1
S01012440,50 to 64,162,140,133,7,22,4,5,1,8,4
S01012440,65 to 74,61,47,47,0,14,1,1,0,0,12
S01012440,75 to 84,31,18,18,0,13,1,1,0,2,9
S01012440,85 and over,6,0,0,0,6,0,0,0,0,6
S01012441,All people aged 16 and over in households,764,536,460,76,228,131,5,15,29,48
S01012441,16 to 24,79,3,0,3,76,75,0,1,0,0
S01012441,25 to 34,59,33,13,20,26,23,1,1,1,0
S01012441,35 to 49,163,133,103,30,30,12,3,6,9,0
S01012441,50 to 64,301,266,243,23,35,11,0,5,12,7
S01012441,65 to 74,86,71,71,0,15,2,0,2,4,7
S01012441,75 to 84,46,23,23,0,23,6,0,0,1,16
S01012441,85 and over,30,7,7,0,23,2,1,0,2,18
S01012442,All people aged 16 and over in households,773,496,420,76,277,144,6,25,56,46
S01012442,16 to 24,66,4,1,3,62,60,0,2,0,0
S01012442,25 to 34,94,58,37,21,36,30,0,4,2,0
S01012442,35 to 49,236,166,139,27,70,35,3,14,16,2
S01012442,50 to 64,212,159,137,22,53,13,2,5,26,7
S01012442,65 to 74,106,77,75,2,29,4,1,0,11,13
S01012442,75 to 84,47,28,27,1,19,2,0,0,1,16
S01012442,85 and over,12,4,4,0,8,0,0,0,0,8
S01012443,All people aged 16 and over in households,616,414,344,70,202,122,3,6,26,45
S01012443,16 to 24,68,3,2,1,65,65,0,0,0,0
S01012443,25 to 34,76,45,27,18,31,29,0,1,1,0
S01012443,35 to 49,191,159,120,39,32,16,3,3,9,1
S01012443,50 to 64,160,135,124,11,25,6,0,2,10,7
S01012443,65 to 74,76,49,48,1,27,4,0,0,6,17
S01012443,75 to 84,39,21,21,0,18,2,0,0,0,16
S01012443,85 and over,6,2,2,0,4,0,0,0,0,4
S01012444,All people aged 16 and over in households,582,404,374,30,178,108,5,6,20,39
S01012444,16 to 24,62,4,3,1,58,58,0,0,0,0
S01012444,25 to 34,50,25,16,9,25,23,1,0,1,0
S01012444,35 to 49,131,109,101,8,22,13,2,5,2,0
S01012444,50 to 64,177,150,141,9,27,7,1,1,11,7
S01012444,65 to 74,95,81,78,3,14,0,0,0,5,9
S01012444,75 to 84,49,31,31,0,18,3,0,0,1,14
S01012444,85 and over,18,4,4,0,14,4,1,0,0,9
S01012445,All people aged 16 and over in households,403,296,268,28,107,82,6,7,4,8
S01012445,16 to 24,57,1,1,0,56,56,0,0,0,0
S01012445,25 to 34,50,38,27,11,12,10,0,1,1,0
S01012445,35 to 49,146,132,118,14,14,7,1,3,1,2
S01012445,50 to 64,92,78,75,3,14,7,3,3,1,0
S01012445,65 to 74,42,39,39,0,3,2,0,0,1,0
S01012445,75 to 84,14,8,8,0,6,0,1,0,0,5
S01012445,85 and over,2,0,0,0,2,0,1,0,0,1
S01012446,All people aged 16 and over in households,427,206,148,58,221,111,2,15,43,50
S01012446,16 to 24,54,10,0,10,44,44,0,0,0,0
S01012446,25 to 34,65,31,7,24,34,31,0,0,3,0
S01012446,35 to 49,95,49,36,13,46,21,2,8,13,2
S01012446,50 to 64,103,62,54,8,41,12,0,6,18,5
S01012446,65 to 74,50,29,26,3,21,2,0,0,6,13
S01012446,75 to 84,43,22,22,0,21,1,0,1,1,18
S01012446,85 and over,17,3,3,0,14,0,0,0,2,12
S01012447,All people aged 16 and over in households,725,486,442,44,239,142,2,14,31,50
S01012447,16 to 24,88,2,0,2,86,86,0,0,0,0
S01012447,25 to 34,84,52,35,17,32,30,0,0,2,0
S01012447,35 to 49,194,157,143,14,37,13,1,9,13,1
S01012447,50 to 64,187,152,148,4,35,9,0,4,11,11
S01012447,65 to 74,96,76,74,2,20,1,1,1,3,14
S01012447,75 to 84,66,44,39,5,22,3,0,0,1,18
S01012447,85 and over,10,3,3,0,7,0,0,0,1,6
S01012448,All people aged 16 and over in households,710,500,442,58,210,128,5,14,31,32
S01012448,16 to 24,69,6,0,6,63,63,0,0,0,0
S01012448,25 to 34,87,62,43,19,25,24,0,1,0,0
S01012448,35 to 49,242,189,171,18,53,29,0,8,15,1
S01012448,50 to 64,178,148,136,12,30,9,1,3,12,5
S01012448,65 to 74,89,69,68,1,20,1,2,2,4,11
S01012448,75 to 84,37,24,22,2,13,2,0,0,0,11
S01012448,85 and over,8,2,2,0,6,0,2,0,0,4
S01012449,All people aged 16 and over in households,482,294,234,60,188,112,1,16,24,35
S01012449,16 to 24,68,10,0,10,58,58,0,0,0,0
S01012449,25 to 34,84,56,29,27,28,28,0,0,0,0
S01012449,35 to 49,134,93,77,16,41,18,0,11,12,0
S01012449,50 to 64,106,83,78,5,23,5,0,5,8,5
S01012449,65 to 74,52,36,34,2,16,2,1,0,3,10
S01012449,75 to 84,33,15,15,0,18,0,0,0,1,17
S01012449,85 and over,5,1,1,0,4,1,0,0,0,3
S01012450,All people aged 16 and over in households,680,452,410,42,228,144,4,9,34,37
S01012450,16 to 24,84,3,2,1,81,81,0,0,0,0
S01012450,25 to 34,59,35,21,14,24,22,0,1,1,0
S01012450,35 to 49,204,167,150,17,37,20,2,5,8,2
S01012450,50 to 64,200,160,153,7,40,14,1,3,15,7
S01012450,65 to 74,89,70,67,3,19,4,1,0,6,8
S01012450,75 to 84,32,15,15,0,17,3,0,0,2,12
S01012450,85 and over,12,2,2,0,10,0,0,0,2,8
S01012451,All people aged 16 and over in households,739,524,494,30,215,99,2,9,22,83
S01012451,16 to 24,49,2,0,2,47,47,0,0,0,0
S01012451,25 to 34,27,10,9,1,17,17,0,0,0,0
S01012451,35 to 49,150,133,118,15,17,9,1,3,4,0
S01012451,50 to 64,205,167,162,5,38,16,1,4,9,8
S01012451,65 to 74,180,144,141,3,36,5,0,0,6,25
S01012451,75 to 84,98,62,58,4,36,4,0,1,3,28
S01012451,85 and over,30,6,6,0,24,1,0,1,0,22
S01012452,All people aged 16 and over in households,505,298,270,28,207,96,3,9,30,69
S01012452,16 to 24,42,2,1,1,40,40,0,0,0,0
S01012452,25 to 34,47,21,18,3,26,22,0,3,1,0
S01012452,35 to 49,100,71,62,9,29,17,1,3,8,0
S01012452,50 to 64,128,99,86,13,29,11,1,1,12,4
S01012452,65 to 74,87,59,57,2,28,2,0,2,5,19
S01012452,75 to 84,80,40,40,0,40,4,0,0,2,34
S01012452,85 and over,21,6,6,0,15,0,1,0,2,12
S01012453,All people aged 16 and over in households,662,536,510,26,126,71,4,5,6,40
S01012453,16 to 24,52,5,1,4,47,47,0,0,0,0
S01012453,25 to 34,48,33,24,9,15,14,1,0,0,0
S01012453,35 to 49,164,153,140,13,11,6,1,1,1,2
S01012453,50 to 64,223,211,211,0,12,1,0,2,2,7
S01012453,65 to 74,104,92,92,0,12,0,1,2,2,7
S01012453,75 to 84,47,33,33,0,14,0,1,0,1,12
S01012453,85 and over,24,9,9,0,15,3,0,0,0,12
S01012454,All people aged 16 and over in households,578,394,372,22,184,96,5,8,15,60
S01012454,16 to 24,54,2,0,2,52,52,0,0,0,0
S01012454,25 to 34,21,6,4,2,15,13,1,1,0,0
S01012454,35 to 49,117,101,88,13,16,6,3,5,2,0
S01012454,50 to 64,159,127,122,5,32,13,0,2,7,10
S01012454,65 to 74,123,102,102,0,21,4,0,0,4,13
S01012454,75 to 84,88,51,51,0,37,6,0,0,2,29
S01012454,85 and over,16,5,5,0,11,2,1,0,0,8
S01012455,All people aged 16 and over in households,498,384,368,16,114,65,3,3,8,35
S01012455,16 to 24,39,1,1,0,38,38,0,0,0,0
S01012455,25 to 34,28,14,11,3,14,13,1,0,0,0
S01012455,35 to 49,122,112,105,7,10,6,0,1,3,0
S01012455,50 to 64,155,138,132,6,17,5,0,2,3,7
S01012455,65 to 74,86,78,78,0,8,2,1,0,2,3
S01012455,75 to 84,53,35,35,0,18,0,1,0,0,17
S01012455,85 and over,15,6,6,0,9,1,0,0,0,8
S01012456,All people aged 16 and over in households,615,458,434,24,157,92,2,6,10,47
S01012456,16 to 24,59,1,0,1,58,58,0,0,0,0
S01012456,25 to 34,36,23,15,8,13,13,0,0,0,0
S01012456,35 to 49,127,105,97,8,22,11,2,5,2,2
S01012456,50 to 64,202,183,179,4,19,7,0,0,4,8
S01012456,65 to 74,119,99,96,3,20,2,0,0,1,17
S01012456,75 to 84,53,38,38,0,15,1,0,1,3,10
S01012456,85 and over,19,9,9,0,10,0,0,0,0,10
S01012457,All people aged 16 and over in households,757,584,562,22,173,83,4,8,20,58
S01012457,16 to 24,49,1,1,0,48,48,0,0,0,0
S01012457,25 to 34,33,16,13,3,17,16,0,0,1,0
S01012457,35 to 49,118,99,93,6,19,9,2,3,5,0
S01012457,50 to 64,272,242,231,11,30,8,0,4,9,9
S01012457,65 to 74,186,166,165,1,20,1,1,1,3,14
S01012457,75 to 84,89,57,57,0,32,1,1,0,2,28
S01012457,85 and over,10,3,2,1,7,0,0,0,0,7
S01012458,All people aged 16 and over in households,669,482,456,26,187,113,4,5,18,47
S01012458,16 to 24,73,0,0,0,73,73,0,0,0,0
S01012458,25 to 34,34,20,17,3,14,14,0,0,0,0
S01012458,35 to 49,157,135,122,13,22,11,0,3,7,1
S01012458,50 to 64,192,168,158,10,24,9,1,1,6,7
S01012458,65 to 74,110,93,93,0,17,2,1,0,3,11
S01012458,75 to 84,87,57,57,0,30,3,2,1,1,23
S01012458,85 and over,16,9,9,0,7,1,0,0,1,5
S01012459,All people aged 16 and over in households,584,412,358,54,172,105,8,10,18,31
S01012459,16 to 24,75,2,1,1,73,71,0,0,0,2
S01012459,25 to 34,72,49,33,16,23,20,0,2,1,0
S01012459,35 to 49,179,160,132,28,19,5,2,6,4,2
S01012459,50 to 64,151,130,123,7,21,3,3,1,9,5
S01012459,65 to 74,63,46,44,2,17,2,2,1,4,8
S01012459,75 to 84,35,23,23,0,12,4,1,0,0,7
S01012459,85 and over,9,2,2,0,7,0,0,0,0,7
S01012460,All people aged 16 and over in households,473,326,302,24,147,76,1,8,11,51
S01012460,16 to 24,41,2,0,2,39,39,0,0,0,0
S01012460,25 to 34,35,18,10,8,17,17,0,0,0,0
S01012460,35 to 49,93,83,75,8,10,5,0,4,0,1
S01012460,50 to 64,142,117,111,6,25,9,0,3,6,7
S01012460,65 to 74,99,75,75,0,24,4,0,0,5,15
S01012460,75 to 84,49,29,29,0,20,1,0,1,0,18
S01012460,85 and over,14,2,2,0,12,1,1,0,0,10
S01012461,All people aged 16 and over in households,450,250,206,44,200,110,2,12,38,38
S01012461,16 to 24,53,2,0,2,51,51,0,0,0,0
S01012461,25 to 34,69,40,25,15,29,26,0,0,3,0
S01012461,35 to 49,108,68,52,16,40,19,0,7,13,1
S01012461,50 to 64,101,68,59,9,33,9,1,3,16,4
S01012461,65 to 74,45,28,26,2,17,1,0,1,3,12
S01012461,75 to 84,61,40,40,0,21,3,1,1,2,14
S01012461,85 and over,13,4,4,0,9,1,0,0,1,7
S01012462,All people aged 16 and over in households,653,316,244,72,337,192,4,23,54,64
S01012462,16 to 24,97,13,0,13,84,84,0,0,0,0
S01012462,25 to 34,74,31,14,17,43,40,1,1,1,0
S01012462,35 to 49,169,92,62,30,77,40,1,16,17,3
S01012462,50 to 64,142,92,82,10,50,19,2,6,18,5
S01012462,65 to 74,74,43,41,2,31,4,0,0,9,18
S01012462,75 to 84,90,44,44,0,46,4,0,0,9,33
S01012462,85 and over,7,1,1,0,6,1,0,0,0,5
S01012463,All people aged 16 and over in households,480,262,180,82,218,134,3,14,47,20
S01012463,16 to 24,76,12,3,9,64,64,0,0,0,0
S01012463,25 to 34,69,35,9,26,34,29,2,1,2,0
S01012463,35 to 49,131,73,43,30,58,34,1,7,16,0
S01012463,50 to 64,115,83,69,14,32,4,0,5,21,2
S01012463,65 to 74,60,41,39,2,19,2,0,1,6,10
S01012463,75 to 84,25,15,14,1,10,1,0,0,2,7
S01012463,85 and over,4,3,3,0,1,0,0,0,0,1
S01012464,All people aged 16 and over in households,491,270,212,58,221,143,2,17,34,25
S01012464,16 to 24,76,5,2,3,71,71,0,0,0,0
S01012464,25 to 34,83,36,17,19,47,46,0,0,1,0
S01012464,35 to 49,134,92,69,23,42,22,2,5,11,2
S01012464,50 to 64,150,110,101,9,40,3,0,12,21,4
S01012464,65 to 74,33,21,17,4,12,1,0,0,1,10
S01012464,75 to 84,14,6,6,0,8,0,0,0,0,8
S01012464,85 and over,1,0,0,0,1,0,0,0,0,1
S01012465,All people aged 16 and over in households,566,336,270,66,230,143,2,16,34,35
S01012465,16 to 24,76,5,0,5,71,70,0,0,1,0
S01012465,25 to 34,99,51,29,22,48,41,1,3,3,0
S01012465,35 to 49,139,92,63,29,47,25,0,9,11,2
S01012465,50 to 64,161,125,119,6,36,5,1,3,15,12
S01012465,65 to 74,67,50,46,4,17,1,0,1,4,11
S01012465,75 to 84,18,8,8,0,10,1,0,0,0,9
S01012465,85 and over,6,5,5,0,1,0,0,0,0,1
S01012466,All people aged 16 and over in households,673,376,334,42,297,179,7,16,35,60
S01012466,16 to 24,97,5,2,3,92,92,0,0,0,0
S01012466,25 to 34,68,27,10,17,41,40,0,0,1,0
S01012466,35 to 49,131,86,75,11,45,21,2,7,11,4
S01012466,50 to 64,186,143,133,10,43,16,2,5,16,4
S01012466,65 to 74,100,72,71,1,28,2,0,4,6,16
S01012466,75 to 84,68,35,35,0,33,4,2,0,1,26
S01012466,85 and over,23,8,8,0,15,4,1,0,0,10
S01012467,All people aged 16 and over in households,562,328,260,68,234,137,4,15,34,44
S01012467,16 to 24,69,10,1,9,59,59,0,0,0,0
S01012467,25 to 34,81,39,19,20,42,40,1,0,1,0
S01012467,35 to 49,154,108,81,27,46,21,0,11,13,1
S01012467,50 to 64,123,90,79,11,33,9,2,4,11,7
S01012467,65 to 74,69,50,49,1,19,5,0,0,5,9
S01012467,75 to 84,47,25,25,0,22,3,1,0,3,15
S01012467,85 and over,19,6,6,0,13,0,0,0,1,12
S01012468,All people aged 16 and over in households,618,366,298,68,252,139,3,14,39,57
S01012468,16 to 24,79,6,0,6,73,73,0,0,0,0
S01012468,25 to 34,73,35,18,17,38,36,0,1,1,0
S01012468,35 to 49,159,118,93,25,41,19,1,6,14,1
S01012468,50 to 64,158,120,104,16,38,8,2,7,12,9
S01012468,65 to 74,81,53,49,4,28,3,0,0,10,15
S01012468,75 to 84,50,30,30,0,20,0,0,0,2,18
S01012468,85 and over,18,4,4,0,14,0,0,0,0,14
S01012469,All people aged 16 and over in households,646,458,416,42,188,94,3,7,20,64
S01012469,16 to 24,53,0,0,0,53,53,0,0,0,0
S01012469,25 to 34,36,20,13,7,16,16,0,0,0,0
S01012469,35 to 49,139,119,102,17,20,10,1,3,6,0
S01012469,50 to 64,226,194,181,13,32,6,2,4,12,8
S01012469,65 to 74,93,78,75,3,15,4,0,0,2,9
S01012469,75 to 84,77,42,40,2,35,3,0,0,0,32
S01012469,85 and over,22,5,5,0,17,2,0,0,0,15
S01012470,All people aged 16 and over in households,827,438,356,82,389,203,3,21,61,101
S01012470,16 to 24,87,10,0,10,77,76,0,0,0,1
S01012470,25 to 34,95,49,18,31,46,45,0,0,1,0
S01012470,35 to 49,179,102,78,24,77,44,1,11,17,4
S01012470,50 to 64,218,140,126,14,78,24,0,8,33,13
S01012470,65 to 74,104,75,73,2,29,6,0,1,6,16
S01012470,75 to 84,124,58,57,1,66,5,2,1,4,54
S01012470,85 and over,20,4,4,0,16,3,0,0,0,13
S01012471,All people aged 16 and over in households,702,518,488,30,184,105,9,7,20,43
S01012471,16 to 24,70,4,2,2,66,66,0,0,0,0
S01012471,25 to 34,30,18,13,5,12,10,1,1,0,0
S01012471,35 to 49,146,123,112,11,23,13,2,3,4,1
S01012471,50 to 64,220,195,186,9,25,6,4,3,9,3
S01012471,65 to 74,136,111,109,2,25,5,1,0,4,15
S01012471,75 to 84,79,54,53,1,25,5,1,0,3,16
S01012471,85 and over,21,13,13,0,8,0,0,0,0,8
S01012472,All people aged 16 and over in households,614,442,402,40,172,85,1,9,21,56
S01012472,16 to 24,48,3,0,3,45,45,0,0,0,0
S01012472,25 to 34,41,24,12,12,17,15,0,2,0,0
S01012472,35 to 49,110,92,79,13,18,9,1,4,4,0
S01012472,50 to 64,170,142,131,11,28,9,0,2,9,8
S01012472,65 to 74,129,108,107,1,21,3,0,0,6,12
S01012472,75 to 84,90,60,60,0,30,3,0,1,1,25
S01012472,85 and over,26,13,13,0,13,1,0,0,1,11
S01012473,All people aged 16 and over in households,470,344,306,38,126,82,4,5,13,22
S01012473,16 to 24,54,3,0,3,51,51,0,0,0,0
S01012473,25 to 34,32,20,11,9,12,10,2,0,0,0
S01012473,35 to 49,109,91,78,13,18,8,2,4,4,0
S01012473,50 to 64,157,138,126,12,19,10,0,1,7,1
S01012473,65 to 74,62,55,54,1,7,1,0,0,1,5
S01012473,75 to 84,47,34,34,0,13,2,0,0,1,10
S01012473,85 and over,9,3,3,0,6,0,0,0,0,6
S01012474,All people aged 16 and over in households,629,322,282,40,307,155,10,8,57,77
S01012474,16 to 24,68,0,0,0,68,68,0,0,0,0
S01012474,25 to 34,45,21,10,11,24,22,0,0,1,1
S01012474,35 to 49,134,87,71,16,47,26,1,6,13,1
S01012474,50 to 64,183,125,118,7,58,17,3,1,27,10
S01012474,65 to 74,104,64,61,3,40,10,1,1,9,19
S01012474,75 to 84,67,21,18,3,46,7,3,0,7,29
S01012474,85 and over,28,4,4,0,24,5,2,0,0,17
S01012475,All people aged 16 and over in households,558,348,324,24,210,107,3,9,29,62
S01012475,16 to 24,59,1,0,1,58,58,0,0,0,0
S01012475,25 to 34,42,21,12,9,21,21,0,0,0,0
S01012475,35 to 49,112,78,72,6,34,16,0,4,13,1
S01012475,50 to 64,152,120,114,6,32,11,1,4,11,5
S01012475,65 to 74,85,71,69,2,14,1,1,1,2,9
S01012475,75 to 84,79,47,47,0,32,0,1,0,2,29
S01012475,85 and over,29,10,10,0,19,0,0,0,1,18
S01012476,All people aged 16 and over in households,770,436,358,78,334,184,2,16,57,75
S01012476,16 to 24,97,6,0,6,91,91,0,0,0,0
S01012476,25 to 34,120,66,36,30,54,49,0,3,2,0
S01012476,35 to 49,179,125,95,30,54,27,1,7,18,1
S01012476,50 to 64,177,125,115,10,52,7,0,5,27,13
S01012476,65 to 74,103,74,74,0,29,4,0,1,8,16
S01012476,75 to 84,58,30,28,2,28,6,0,0,1,21
S01012476,85 and over,36,10,10,0,26,0,1,0,1,24
S01012477,All people aged 16 and over in households,571,398,358,40,173,103,5,12,19,34
S01012477,16 to 24,65,3,0,3,62,61,0,1,0,0
S01012477,25 to 34,56,33,18,15,23,19,2,2,0,0
S01012477,35 to 49,130,98,87,11,32,14,0,7,10,1
S01012477,50 to 64,195,172,161,11,23,6,0,2,6,9
S01012477,65 to 74,78,66,66,0,12,1,0,0,3,8
S01012477,75 to 84,39,24,24,0,15,1,3,0,0,11
S01012477,85 and over,8,2,2,0,6,1,0,0,0,5
S01012478,All people aged 16 and over in households,690,390,326,64,300,174,4,14,42,66
S01012478,16 to 24,90,4,4,0,86,86,0,0,0,0
S01012478,25 to 34,95,44,21,23,51,48,0,3,0,0
S01012478,35 to 49,173,129,104,25,44,20,0,9,14,1
S01012478,50 to 64,172,122,107,15,50,13,1,2,24,10
S01012478,65 to 74,77,59,58,1,18,4,1,0,3,10
S01012478,75 to 84,55,25,25,0,30,2,2,0,1,25
S01012478,85 and over,28,7,7,0,21,1,0,0,0,20
S01012479,All people aged 16 and over in households,554,378,320,58,176,116,1,6,28,25
S01012479,16 to 24,75,3,0,3,72,72,0,0,0,0
S01012479,25 to 34,65,31,17,14,34,31,0,2,1,0
S01012479,35 to 49,171,151,122,29,20,11,0,1,4,4
S01012479,50 to 64,160,137,126,11,23,2,0,3,14,4
S01012479,65 to 74,62,47,46,1,15,0,0,0,8,7
S01012479,75 to 84,19,9,9,0,10,0,1,0,1,8
S01012479,85 and over,2,0,0,0,2,0,0,0,0,2
S01012480,All people aged 16 and over in households,480,204,116,88,276,143,7,33,61,32
S01012480,16 to 24,72,16,0,16,56,55,0,0,1,0
S01012480,25 to 34,99,59,16,43,40,39,0,1,0,0
S01012480,35 to 49,99,36,18,18,63,28,2,17,16,0
S01012480,50 to 64,127,55,45,10,72,17,4,13,31,7
S01012480,65 to 74,53,29,28,1,24,2,1,2,10,9
S01012480,75 to 84,20,7,7,0,13,1,0,0,3,9
S01012480,85 and over,10,2,2,0,8,1,0,0,0,7
S01012481,All people aged 16 and over in households,686,286,188,98,400,246,14,16,75,49
S01012481,16 to 24,102,11,2,9,91,90,0,0,1,0
S01012481,25 to 34,146,69,23,46,77,70,4,0,3,0
S01012481,35 to 49,165,83,56,27,82,50,3,12,14,3
S01012481,50 to 64,158,72,58,14,86,23,7,3,45,8
S01012481,65 to 74,72,42,40,2,30,7,0,1,11,11
S01012481,75 to 84,28,9,9,0,19,4,0,0,1,14
S01012481,85 and over,15,0,0,0,15,2,0,0,0,13
S01012482,All people aged 16 and over in households,690,322,250,72,368,163,8,8,54,135
S01012482,16 to 24,75,24,2,22,51,50,1,0,0,0
S01012482,25 to 34,87,39,14,25,48,45,0,0,3,0
S01012482,35 to 49,103,65,47,18,38,22,4,3,8,1
S01012482,50 to 64,141,83,79,4,58,20,2,3,25,8
S01012482,65 to 74,104,60,58,2,44,9,0,1,8,26
S01012482,75 to 84,113,46,45,1,67,13,0,1,6,47
S01012482,85 and over,67,5,5,0,62,4,1,0,4,53
S01012483,All people aged 16 and over in households,811,300,214,86,511,295,16,24,91,85
S01012483,16 to 24,136,34,3,31,102,102,0,0,0,0
S01012483,25 to 34,121,43,18,25,78,73,3,1,1,0
S01012483,35 to 49,159,57,42,15,102,58,8,8,26,2
S01012483,50 to 64,196,95,85,10,101,39,2,13,42,5
S01012483,65 to 74,86,41,36,5,45,9,3,1,15,17
S01012483,75 to 84,73,25,25,0,48,8,0,1,5,34
S01012483,85 and over,40,5,5,0,35,6,0,0,2,27
S01012484,All people aged 16 and over in households,636,386,346,40,250,129,6,12,41,62
S01012484,16 to 24,57,2,0,2,55,55,0,0,0,0
S01012484,25 to 34,58,35,22,13,23,21,1,1,0,0
S01012484,35 to 49,176,125,115,10,51,31,0,7,13,0
S01012484,50 to 64,172,127,116,11,45,14,1,4,19,7
S01012484,65 to 74,101,74,71,3,27,4,0,0,6,17
S01012484,75 to 84,49,16,15,1,33,3,3,0,2,25
S01012484,85 and over,23,7,7,0,16,1,1,0,1,13
S01012485,All people aged 16 and over in households,665,436,370,66,229,107,4,20,37,61
S01012485,16 to 24,58,12,0,12,46,46,0,0,0,0
S01012485,25 to 34,55,27,9,18,28,25,0,0,3,0
S01012485,35 to 49,159,109,96,13,50,25,2,12,10,1
S01012485,50 to 64,201,161,144,17,40,7,2,6,17,8
S01012485,65 to 74,102,81,77,4,21,2,0,1,6,12
S01012485,75 to 84,69,40,38,2,29,1,0,1,1,26
S01012485,85 and over,21,6,6,0,15,1,0,0,0,14
S01012486,All people aged 16 and over in households,464,292,280,12,172,72,5,13,21,61
S01012486,16 to 24,33,1,1,0,32,32,0,0,0,0
S01012486,25 to 34,18,12,8,4,6,6,0,0,0,0
S01012486,35 to 49,89,61,58,3,28,14,1,6,5,2
S01012486,50 to 64,110,83,78,5,27,9,0,7,9,2
S01012486,65 to 74,102,78,78,0,24,8,2,0,5,9
S01012486,75 to 84,79,49,49,0,30,0,1,0,2,27
S01012486,85 and over,33,8,8,0,25,3,1,0,0,21
S01012487,All people aged 16 and over in households,529,284,218,66,245,145,1,21,41,37
S01012487,16 to 24,61,5,2,3,56,56,0,0,0,0
S01012487,25 to 34,71,45,15,30,26,25,0,1,0,0
S01012487,35 to 49,145,90,69,21,55,35,0,12,8,0
S01012487,50 to 64,145,87,77,10,58,18,1,7,27,5
S01012487,65 to 74,54,38,36,2,16,6,0,1,5,4
S01012487,75 to 84,35,17,17,0,18,3,0,0,1,14
S01012487,85 and over,18,2,2,0,16,2,0,0,0,14
S01012488,All people aged 16 and over in households,807,446,354,92,361,198,7,24,41,91
S01012488,16 to 24,90,13,2,11,77,77,0,0,0,0
S01012488,25 to 34,94,50,30,20,44,42,0,2,0,0
S01012488,35 to 49,180,108,73,35,72,48,0,13,11,0
S01012488,50 to 64,232,180,163,17,52,21,2,8,14,7
S01012488,65 to 74,97,62,55,7,35,6,1,1,10,17
S01012488,75 to 84,92,30,28,2,62,4,4,0,5,49
S01012488,85 and over,22,3,3,0,19,0,0,0,1,18
S01012489,All people aged 16 and over in households,818,322,182,140,496,303,5,47,94,47
S01012489,16 to 24,139,37,2,35,102,101,1,0,0,0
S01012489,25 to 34,194,88,21,67,106,94,0,9,3,0
S01012489,35 to 49,210,72,43,29,138,78,2,23,33,2
S01012489,50 to 64,170,83,75,8,87,23,1,12,41,10
S01012489,65 to 74,61,29,28,1,32,2,0,3,15,12
S01012489,75 to 84,33,13,13,0,20,4,1,0,1,14
S01012489,85 and over,11,0,0,0,11,1,0,0,1,9
S01012490,All people aged 16 and over in households,860,300,162,138,560,317,19,41,117,66
S01012490,16 to 24,139,40,5,35,99,99,0,0,0,0
S01012490,25 to 34,187,76,23,53,111,97,5,3,5,1
S01012490,35 to 49,195,73,43,30,122,75,4,18,25,0
S01012490,50 to 64,165,57,44,13,108,29,6,15,50,8
S01012490,65 to 74,93,27,22,5,66,13,0,5,27,21
S01012490,75 to 84,63,23,22,1,40,2,1,0,9,28
S01012490,85 and over,18,4,3,1,14,2,3,0,1,8
S01012491,All people aged 16 and over in households,359,134,68,66,225,142,2,14,52,15
S01012491,16 to 24,70,23,3,20,47,47,0,0,0,0
S01012491,25 to 34,85,41,15,26,44,41,1,0,2,0
S01012491,35 to 49,89,29,15,14,60,28,0,8,23,1
S01012491,50 to 64,69,24,21,3,45,15,1,6,21,2
S01012491,65 to 74,30,14,11,3,16,6,0,0,5,5
S01012491,75 to 84,9,3,3,0,6,2,0,0,1,3
S01012491,85 and over,7,0,0,0,7,3,0,0,0,4
S01012492,All people aged 16 and over in households,699,236,132,104,463,293,12,23,85,50
S01012492,16 to 24,132,35,2,33,97,96,0,1,0,0
S01012492,25 to 34,119,40,8,32,79,69,2,3,5,0
S01012492,35 to 49,165,50,23,27,115,81,6,9,19,0
S01012492,50 to 64,136,52,43,9,84,28,3,7,42,4
S01012492,65 to 74,79,33,31,2,46,13,1,2,12,18
S01012492,75 to 84,52,22,21,1,30,5,0,0,7,18
S01012492,85 and over,16,4,4,0,12,1,0,1,0,10
S01012493,All people aged 16 and over in households,603,260,214,46,343,130,8,23,89,93
S01012493,16 to 24,46,3,0,3,43,43,0,0,0,0
S01012493,25 to 34,37,13,1,12,24,23,1,0,0,0
S01012493,35 to 49,85,57,39,18,28,17,0,5,6,0
S01012493,50 to 64,187,106,95,11,81,19,3,6,40,13
S01012493,65 to 74,106,46,46,0,60,10,1,6,29,14
S01012493,75 to 84,106,32,31,1,74,14,2,5,14,39
S01012493,85 and over,36,3,2,1,33,4,1,1,0,27
S01012494,All people aged 16 and over in households,714,394,328,66,320,189,2,25,35,69
S01012494,16 to 24,95,6,0,6,89,88,1,0,0,0
S01012494,25 to 34,87,45,25,20,42,34,1,5,2,0
S01012494,35 to 49,181,114,86,28,67,39,0,15,13,0
S01012494,50 to 64,161,119,109,10,42,18,0,5,15,4
S01012494,65 to 74,109,78,78,0,31,5,0,0,5,21
S01012494,75 to 84,53,24,22,2,29,4,0,0,0,25
S01012494,85 and over,28,8,8,0,20,1,0,0,0,19
S01012495,All people aged 16 and over in households,862,418,324,94,444,250,7,30,66,91
S01012495,16 to 24,135,14,3,11,121,120,1,0,0,0
S01012495,25 to 34,100,47,27,20,53,52,0,1,0,0
S01012495,35 to 49,210,122,81,41,88,49,3,14,22,0
S01012495,50 to 64,226,145,128,17,81,24,2,15,31,9
S01012495,65 to 74,86,58,55,3,28,1,0,0,7,20
S01012495,75 to 84,75,26,25,1,49,4,1,0,6,38
S01012495,85 and over,30,6,5,1,24,0,0,0,0,24
S01012496,All people aged 16 and over in households,639,320,254,66,319,188,1,21,39,70
S01012496,16 to 24,101,9,0,9,92,92,0,0,0,0
S01012496,25 to 34,76,34,17,17,42,39,0,2,1,0
S01012496,35 to 49,158,101,77,24,57,27,0,14,14,2
S01012496,50 to 64,157,112,98,14,45,19,0,3,18,5
S01012496,65 to 74,79,40,38,2,39,10,0,1,5,23
S01012496,75 to 84,53,22,22,0,31,1,0,1,1,28
S01012496,85 and over,15,2,2,0,13,0,1,0,0,12
S01012497,All people aged 16 and over in households,426,208,168,40,218,130,1,16,32,39
S01012497,16 to 24,59,6,3,3,53,53,0,0,0,0
S01012497,25 to 34,55,20,8,12,35,33,0,0,2,0
S01012497,35 to 49,105,53,38,15,52,30,0,10,11,1
S01012497,50 to 64,112,82,75,7,30,9,0,5,11,5
S01012497,65 to 74,47,30,27,3,17,1,0,1,6,9
S01012497,75 to 84,36,16,16,0,20,2,1,0,2,15
S01012497,85 and over,12,1,1,0,11,2,0,0,0,9
S01012498,All people aged 16 and over in households,637,304,214,90,333,197,5,26,60,45
S01012498,16 to 24,117,11,0,11,106,106,0,0,0,0
S01012498,25 to 34,95,42,8,34,53,48,1,1,3,0
S01012498,35 to 49,168,96,69,27,72,32,1,17,19,3
S01012498,50 to 64,150,93,80,13,57,8,1,8,30,10
S01012498,65 to 74,62,42,37,5,20,1,1,0,5,13
S01012498,75 to 84,33,17,17,0,16,2,1,0,3,10
S01012498,85 and over,12,3,3,0,9,0,0,0,0,9
S01012499,All people aged 16 and over in households,514,250,176,74,264,161,7,23,37,36
S01012499,16 to 24,84,9,1,8,75,75,0,0,0,0
S01012499,25 to 34,106,52,20,32,54,43,3,3,3,2
S01012499,35 to 49,154,90,67,23,64,33,0,13,18,0
S01012499,50 to 64,111,74,65,9,37,6,2,6,13,10
S01012499,65 to 74,34,18,16,2,16,3,0,0,2,11
S01012499,75 to 84,19,6,6,0,13,1,1,1,1,9
S01012499,85 and over,6,1,1,0,5,0,1,0,0,4
S01012500,All people aged 16 and over in households,377,188,148,40,189,126,0,12,32,19
S01012500,16 to 24,68,5,1,4,63,62,0,1,0,0
S01012500,25 to 34,55,18,1,17,37,33,0,3,1,0
S01012500,35 to 49,100,56,47,9,44,27,0,4,12,1
S01012500,50 to 64,86,61,52,9,25,4,0,3,16,2
S01012500,65 to 74,38,33,32,1,5,0,0,1,0,4
S01012500,75 to 84,28,14,14,0,14,0,0,0,3,11
S01012500,85 and over,2,1,1,0,1,0,0,0,0,1
S01012501,All people aged 16 and over in households,449,178,108,70,271,181,1,20,46,23
S01012501,16 to 24,106,19,2,17,87,87,0,0,0,0
S01012501,25 to 34,83,32,19,13,51,48,1,2,0,0
S01012501,35 to 49,129,68,35,33,61,27,0,12,19,3
S01012501,50 to 64,75,41,35,6,34,11,0,4,17,2
S01012501,65 to 74,35,16,15,1,19,4,0,2,8,5
S01012501,75 to 84,17,2,2,0,15,2,0,0,2,11
S01012501,85 and over,4,0,0,0,4,2,0,0,0,2
S01012502,All people aged 16 and over in households,602,256,150,106,346,230,2,21,52,41
S01012502,16 to 24,132,35,1,34,97,96,0,1,0,0
S01012502,25 to 34,111,48,26,22,63,56,2,1,1,3
S01012502,35 to 49,178,72,41,31,106,64,0,11,29,2
S01012502,50 to 64,114,68,49,19,46,11,0,8,17,10
S01012502,65 to 74,39,20,20,0,19,1,0,0,5,13
S01012502,75 to 84,27,13,13,0,14,2,0,0,0,12
S01012502,85 and over,1,0,0,0,1,0,0,0,0,1
S01012503,All people aged 16 and over in households,523,232,178,54,291,173,4,20,32,62
S01012503,16 to 24,92,8,0,8,84,83,1,0,0,0
S01012503,25 to 34,81,30,14,16,51,43,0,7,1,0
S01012503,35 to 49,123,72,57,15,51,34,0,7,8,2
S01012503,50 to 64,103,66,54,12,37,8,1,3,19,6
S01012503,65 to 74,68,41,38,3,27,4,1,1,3,18
S01012503,75 to 84,45,14,14,0,31,1,1,2,1,26
S01012503,85 and over,11,1,1,0,10,0,0,0,0,10
S01012504,All people aged 16 and over in households,489,232,168,64,257,149,1,23,48,36
S01012504,16 to 24,74,8,2,6,66,66,0,0,0,0
S01012504,25 to 34,80,36,10,26,44,42,0,1,1,0
S01012504,35 to 49,123,69,46,23,54,23,1,13,16,1
S01012504,50 to 64,115,68,59,9,47,13,0,7,20,7
S01012504,65 to 74,54,31,31,0,23,2,0,0,7,14
S01012504,75 to 84,37,18,18,0,19,2,0,2,4,11
S01012504,85 and over,6,2,2,0,4,1,0,0,0,3
S01012505,All people aged 16 and over in households,866,412,308,104,454,272,9,23,69,81
S01012505,16 to 24,136,16,3,13,120,114,1,5,0,0
S01012505,25 to 34,121,54,18,36,67,62,2,1,2,0
S01012505,35 to 49,195,108,73,35,87,62,2,6,17,0
S01012505,50 to 64,214,133,119,14,81,17,3,6,37,18
S01012505,65 to 74,114,66,62,4,48,11,0,4,12,21
S01012505,75 to 84,71,32,30,2,39,6,1,1,1,30
S01012505,85 and over,15,3,3,0,12,0,0,0,0,12
S01012506,All people aged 16 and over in households,419,246,208,38,173,97,6,10,26,34
S01012506,16 to 24,47,4,0,4,43,42,1,0,0,0
S01012506,25 to 34,33,16,3,13,17,16,0,0,1,0
S01012506,35 to 49,95,60,48,12,35,22,1,5,7,0
S01012506,50 to 64,114,89,81,8,25,9,2,3,10,1
S01012506,65 to 74,70,46,45,1,24,6,0,2,6,10
S01012506,75 to 84,47,28,28,0,19,1,1,0,2,15
S01012506,85 and over,13,3,3,0,10,1,1,0,0,8
S01012507,All people aged 16 and over in households,815,438,338,100,377,207,5,22,59,84
S01012507,16 to 24,92,18,4,14,74,74,0,0,0,0
S01012507,25 to 34,123,70,35,35,53,50,1,0,2,0
S01012507,35 to 49,196,121,92,29,75,43,3,12,15,2
S01012507,50 to 64,203,129,110,19,74,24,0,7,32,11
S01012507,65 to 74,116,70,67,3,46,11,0,2,8,25
S01012507,75 to 84,65,29,29,0,36,4,1,1,2,28
S01012507,85 and over,20,1,1,0,19,1,0,0,0,18
S01012508,All people aged 16 and over in households,653,347,282,65,306,174,1,20,49,62
S01012508,16 to 24,65,11,2,9,54,54,0,0,0,0
S01012508,25 to 34,95,46,22,24,49,47,1,1,0,0
S01012508,35 to 49,187,118,95,23,69,44,0,9,14,2
S01012508,50 to 64,156,102,94,8,54,16,0,9,24,5
S01012508,65 to 74,55,32,31,1,23,4,0,1,7,11
S01012508,75 to 84,71,28,28,0,43,5,0,0,4,34
S01012508,85 and over,24,10,10,0,14,4,0,0,0,10
S01012509,All people aged 16 and over in households,459,254,218,36,205,111,1,14,23,56
S01012509,16 to 24,48,2,0,2,46,46,0,0,0,0
S01012509,25 to 34,45,18,11,7,27,26,0,1,0,0
S01012509,35 to 49,124,85,68,17,39,25,0,10,4,0
S01012509,50 to 64,121,94,89,5,27,7,0,2,11,7
S01012509,65 to 74,63,38,33,5,25,2,1,1,7,14
S01012509,75 to 84,47,16,16,0,31,4,0,0,1,26
S01012509,85 and over,11,1,1,0,10,1,0,0,0,9
S01012510,All people aged 16 and over in households,710,472,404,68,238,137,1,16,41,43
S01012510,16 to 24,68,8,3,5,60,60,0,0,0,0
S01012510,25 to 34,123,72,46,26,51,47,0,3,1,0
S01012510,35 to 49,201,168,140,28,33,16,0,5,12,0
S01012510,50 to 64,180,130,125,5,50,10,0,8,24,8
S01012510,65 to 74,87,67,63,4,20,3,1,0,4,12
S01012510,75 to 84,42,24,24,0,18,1,0,0,0,17
S01012510,85 and over,9,3,3,0,6,0,0,0,0,6
S01012511,All people aged 16 and over in households,552,316,260,56,236,133,3,12,44,44
S01012511,16 to 24,66,13,2,11,53,53,0,0,0,0
S01012511,25 to 34,75,36,21,15,39,36,0,1,2,0
S01012511,35 to 49,135,87,66,21,48,22,0,7,17,2
S01012511,50 to 64,165,123,118,5,42,11,2,3,19,7
S01012511,65 to 74,73,48,45,3,25,7,0,1,6,11
S01012511,75 to 84,29,9,8,1,20,2,1,0,0,17
S01012511,85 and over,9,0,0,0,9,2,0,0,0,7
S01012512,All people aged 16 and over in households,515,308,272,36,207,132,2,14,30,29
S01012512,16 to 24,76,12,2,10,64,64,0,0,0,0
S01012512,25 to 34,65,37,28,9,28,27,0,0,0,1
S01012512,35 to 49,161,114,104,10,47,24,2,9,12,0
S01012512,50 to 64,122,88,81,7,34,12,0,4,14,4
S01012512,65 to 74,56,39,39,0,17,3,0,1,3,10
S01012512,75 to 84,26,15,15,0,11,2,0,0,1,8
S01012512,85 and over,9,3,3,0,6,0,0,0,0,6
S01012513,All people aged 16 and over in households,446,300,264,36,146,87,3,13,22,21
S01012513,16 to 24,50,3,0,3,47,47,0,0,0,0
S01012513,25 to 34,59,36,21,15,23,23,0,0,0,0
S01012513,35 to 49,123,92,80,12,31,7,1,9,13,1
S01012513,50 to 64,138,118,113,5,20,7,2,3,6,2
S01012513,65 to 74,53,44,43,1,9,1,0,1,3,4
S01012513,75 to 84,16,7,7,0,9,1,0,0,0,8
S01012513,85 and over,7,0,0,0,7,1,0,0,0,6
S01012514,All people aged 16 and over in households,738,496,398,98,242,155,2,29,37,19
S01012514,16 to 24,83,5,1,4,78,78,0,0,0,0
S01012514,25 to 34,135,87,56,31,48,40,1,4,3,0
S01012514,35 to 49,340,269,221,48,71,30,1,20,19,1
S01012514,50 to 64,130,102,87,15,28,6,0,4,12,6
S01012514,65 to 74,31,21,21,0,10,1,0,1,3,5
S01012514,75 to 84,17,11,11,0,6,0,0,0,0,6
S01012514,85 and over,2,1,1,0,1,0,0,0,0,1
S01012515,All people aged 16 and over in households,529,246,196,50,283,135,3,13,63,69
S01012515,16 to 24,52,4,0,4,48,46,0,1,1,0
S01012515,25 to 34,83,35,11,24,48,42,0,1,5,0
S01012515,35 to 49,112,65,51,14,47,26,0,4,16,1
S01012515,50 to 64,125,79,72,7,46,9,1,5,27,4
S01012515,65 to 74,62,36,35,1,26,4,0,1,10,11
S01012515,75 to 84,64,23,23,0,41,3,2,1,4,31
S01012515,85 and over,31,4,4,0,27,5,0,0,0,22
S01012516,All people aged 16 and over in households,536,336,292,44,200,100,6,13,37,44
S01012516,16 to 24,58,5,0,5,53,53,0,0,0,0
S01012516,25 to 34,63,41,30,11,22,19,1,2,0,0
S01012516,35 to 49,144,108,88,20,36,15,2,8,11,0
S01012516,50 to 64,125,87,81,6,38,8,1,2,18,9
S01012516,65 to 74,76,59,58,1,17,2,1,1,4,9
S01012516,75 to 84,49,29,28,1,20,2,1,0,2,15
S01012516,85 and over,21,7,7,0,14,1,0,0,2,11
S01012517,All people aged 16 and over in households,694,376,294,82,318,189,6,19,53,51
S01012517,16 to 24,106,18,4,14,88,87,0,0,1,0
S01012517,25 to 34,119,64,40,24,55,50,0,4,1,0
S01012517,35 to 49,184,124,92,32,60,36,0,5,18,1
S01012517,50 to 64,151,103,92,11,48,9,4,8,21,6
S01012517,65 to 74,80,52,51,1,28,3,2,0,9,14
S01012517,75 to 84,44,15,15,0,29,1,0,2,3,23
S01012517,85 and over,10,0,0,0,10,3,0,0,0,7
S01012518,All people aged 16 and over in households,486,290,260,30,196,104,6,11,36,39
S01012518,16 to 24,57,4,3,1,53,53,0,0,0,0
S01012518,25 to 34,45,31,18,13,14,13,0,1,0,0
S01012518,35 to 49,108,78,68,10,30,19,2,3,6,0
S01012518,50 to 64,138,95,90,5,43,14,2,6,19,2
S01012518,65 to 74,78,53,52,1,25,4,1,1,8,11
S01012518,75 to 84,43,26,26,0,17,1,1,0,3,12
S01012518,85 and over,17,3,3,0,14,0,0,0,0,14
S01012519,All people aged 16 and over in households,460,252,210,42,208,103,5,15,40,45
S01012519,16 to 24,58,15,2,13,43,43,0,0,0,0
S01012519,25 to 34,37,20,16,4,17,15,1,1,0,0
S01012519,35 to 49,113,63,51,12,50,24,1,9,16,0
S01012519,50 to 64,105,78,65,13,27,9,2,2,11,3
S01012519,65 to 74,73,50,50,0,23,3,0,3,9,8
S01012519,75 to 84,55,23,23,0,32,7,1,0,3,21
S01012519,85 and over,19,3,3,0,16,2,0,0,1,13
S01012520,All people aged 16 and over in households,672,430,354,76,242,138,4,8,30,62
S01012520,16 to 24,71,3,1,2,68,68,0,0,0,0
S01012520,25 to 34,59,32,10,22,27,26,0,1,0,0
S01012520,35 to 49,148,125,90,35,23,14,0,2,7,0
S01012520,50 to 64,193,161,147,14,32,10,2,4,13,3
S01012520,65 to 74,87,58,56,2,29,6,2,1,7,13
S01012520,75 to 84,77,44,43,1,33,3,0,0,2,28
S01012520,85 and over,37,7,7,0,30,11,0,0,1,18
S01012521,All people aged 16 and over in households,437,232,182,50,205,107,7,13,31,47
S01012521,16 to 24,39,8,0,8,31,31,0,0,0,0
S01012521,25 to 34,58,24,13,11,34,34,0,0,0,0
S01012521,35 to 49,132,85,65,20,47,23,0,11,12,1
S01012521,50 to 64,96,63,52,11,33,13,3,1,12,4
S01012521,65 to 74,46,28,28,0,18,2,0,0,6,10
S01012521,75 to 84,48,21,21,0,27,3,2,1,1,20
S01012521,85 and over,18,3,3,0,15,1,2,0,0,12
S01012522,All people aged 16 and over in households,737,512,470,42,225,144,5,9,22,45
S01012522,16 to 24,76,1,0,1,75,75,0,0,0,0
S01012522,25 to 34,43,20,12,8,23,23,0,0,0,0
S01012522,35 to 49,169,136,118,18,33,16,1,8,7,1
S01012522,50 to 64,238,204,189,15,34,15,2,0,12,5
S01012522,65 to 74,125,107,107,0,18,7,1,1,1,8
S01012522,75 to 84,64,39,39,0,25,6,0,0,2,17
S01012522,85 and over,22,5,5,0,17,2,1,0,0,14
S01012523,All people aged 16 and over in households,749,456,398,58,293,153,6,20,38,76
S01012523,16 to 24,90,5,1,4,85,83,0,1,1,0
S01012523,25 to 34,86,56,36,20,30,29,0,1,0,0
S01012523,35 to 49,162,122,103,19,40,16,3,6,13,2
S01012523,50 to 64,205,154,143,11,51,13,0,10,20,8
S01012523,65 to 74,94,73,69,4,21,2,2,2,3,12
S01012523,75 to 84,79,43,43,0,36,7,1,0,1,27
S01012523,85 and over,33,3,3,0,30,3,0,0,0,27
S01012524,All people aged 16 and over in households,777,458,428,30,319,139,6,9,45,120
S01012524,16 to 24,52,2,0,2,50,48,2,0,0,0
S01012524,25 to 34,53,21,14,7,32,29,0,2,1,0
S01012524,35 to 49,163,116,101,15,47,33,0,2,11,1
S01012524,50 to 64,207,170,164,6,37,8,2,4,12,11
S01012524,65 to 74,148,82,82,0,66,13,0,1,15,37
S01012524,75 to 84,113,55,55,0,58,5,2,0,5,46
S01012524,85 and over,41,12,12,0,29,3,0,0,1,25
S01012525,All people aged 16 and over in households,632,412,374,38,220,112,7,12,39,50
S01012525,16 to 24,56,2,1,1,54,54,0,0,0,0
S01012525,25 to 34,52,34,23,11,18,17,0,0,1,0
S01012525,35 to 49,169,135,119,16,34,16,2,7,9,0
S01012525,50 to 64,206,158,150,8,48,15,3,2,22,6
S01012525,65 to 74,81,56,56,0,25,2,2,2,5,14
S01012525,75 to 84,44,22,20,2,22,3,0,1,2,16
S01012525,85 and over,24,5,5,0,19,5,0,0,0,14
S01012526,All people aged 16 and over in households,665,456,420,36,209,115,2,15,22,55
S01012526,16 to 24,65,2,0,2,63,63,0,0,0,0
S01012526,25 to 34,53,27,17,10,26,22,0,1,3,0
S01012526,35 to 49,155,124,109,15,31,12,0,9,9,1
S01012526,50 to 64,184,165,157,8,19,7,0,4,5,3
S01012526,65 to 74,117,93,93,0,24,7,2,1,4,10
S01012526,75 to 84,64,37,36,1,27,4,0,0,1,22
S01012526,85 and over,27,8,8,0,19,0,0,0,0,19
S01012527,All people aged 16 and over in households,539,372,338,34,167,89,2,6,20,50
S01012527,16 to 24,40,4,0,4,36,36,0,0,0,0
S01012527,25 to 34,36,16,10,6,20,18,1,0,1,0
S01012527,35 to 49,106,85,69,16,21,16,0,2,3,0
S01012527,50 to 64,189,150,144,6,39,15,1,2,13,8
S01012527,65 to 74,77,59,58,1,18,3,0,2,1,12
S01012527,75 to 84,71,49,48,1,22,0,0,0,2,20
S01012527,85 and over,20,9,9,0,11,1,0,0,0,10
S01012528,All people aged 16 and over in households,660,363,289,74,297,174,4,19,52,48
S01012528,16 to 24,111,18,0,18,93,92,0,1,0,0
S01012528,25 to 34,85,53,31,22,32,30,0,0,2,0
S01012528,35 to 49,177,116,94,22,61,29,1,10,17,4
S01012528,50 to 64,163,107,96,11,56,15,0,8,27,6
S01012528,65 to 74,80,57,56,1,23,2,1,0,4,16
S01012528,75 to 84,30,10,10,0,20,3,0,0,2,15
S01012528,85 and over,14,2,2,0,12,3,2,0,0,7
S01012529,All people aged 16 and over in households,599,320,280,40,279,161,3,17,44,54
S01012529,16 to 24,83,4,1,3,79,79,0,0,0,0
S01012529,25 to 34,66,34,20,14,32,28,0,3,1,0
S01012529,35 to 49,150,106,91,15,44,27,2,5,10,0
S01012529,50 to 64,163,108,100,8,55,15,0,8,24,8
S01012529,65 to 74,70,45,45,0,25,7,0,1,6,11
S01012529,75 to 84,53,19,19,0,34,4,1,0,3,26
S01012529,85 and over,14,4,4,0,10,1,0,0,0,9
S01012530,All people aged 16 and over in households,759,500,440,60,259,130,4,14,20,91
S01012530,16 to 24,72,3,0,3,69,69,0,0,0,0
S01012530,25 to 34,47,23,12,11,24,23,0,1,0,0
S01012530,35 to 49,169,140,107,33,29,14,2,7,5,1
S01012530,50 to 64,206,170,161,9,36,15,1,3,9,8
S01012530,65 to 74,114,88,87,1,26,3,1,3,2,17
S01012530,75 to 84,114,68,65,3,46,3,0,0,2,41
S01012530,85 and over,37,8,8,0,29,3,0,0,2,24
S01012531,All people aged 16 and over in households,616,402,338,64,214,120,2,17,33,42
S01012531,16 to 24,69,8,3,5,61,61,0,0,0,0
S01012531,25 to 34,79,55,33,22,24,23,1,0,0,0
S01012531,35 to 49,195,149,126,23,46,23,1,9,13,0
S01012531,50 to 64,139,107,97,10,32,8,0,7,12,5
S01012531,65 to 74,79,59,55,4,20,3,0,1,7,9
S01012531,75 to 84,43,18,18,0,25,2,0,0,1,22
S01012531,85 and over,12,6,6,0,6,0,0,0,0,6
S01012532,All people aged 16 and over in households,660,450,372,78,210,116,1,8,38,47
S01012532,16 to 24,70,8,0,8,62,62,0,0,0,0
S01012532,25 to 34,74,48,24,24,26,23,0,1,2,0
S01012532,35 to 49,182,148,116,32,34,18,0,3,13,0
S01012532,50 to 64,177,143,129,14,34,9,1,4,15,5
S01012532,65 to 74,94,64,64,0,30,4,0,0,8,18
S01012532,75 to 84,55,35,35,0,20,0,0,0,0,20
S01012532,85 and over,8,4,4,0,4,0,0,0,0,4
S01012533,All people aged 16 and over in households,467,254,202,52,213,117,5,15,30,46
S01012533,16 to 24,51,5,1,4,46,45,0,0,1,0
S01012533,25 to 34,90,49,24,25,41,39,0,2,0,0
S01012533,35 to 49,96,61,45,16,35,19,3,7,6,0
S01012533,50 to 64,101,66,59,7,35,7,1,4,14,9
S01012533,65 to 74,82,53,53,0,29,3,0,2,7,17
S01012533,75 to 84,36,17,17,0,19,3,1,0,2,13
S01012533,85 and over,11,3,3,0,8,1,0,0,0,7
S01012534,All people aged 16 and over in households,479,246,194,52,233,124,1,12,43,53
S01012534,16 to 24,53,6,2,4,47,46,0,1,0,0
S01012534,25 to 34,64,29,14,15,35,33,0,1,1,0
S01012534,35 to 49,132,93,76,17,39,20,0,7,12,0
S01012534,50 to 64,105,67,55,12,38,14,1,2,15,6
S01012534,65 to 74,61,33,29,4,28,8,0,1,8,11
S01012534,75 to 84,38,13,13,0,25,2,0,0,6,17
S01012534,85 and over,26,5,5,0,21,1,0,0,1,19
S01012535,All people aged 16 and over in households,685,386,298,88,299,167,4,18,46,64
S01012535,16 to 24,99,14,0,14,85,85,0,0,0,0
S01012535,25 to 34,98,61,22,39,37,33,2,1,1,0
S01012535,35 to 49,181,129,102,27,52,25,1,12,14,0
S01012535,50 to 64,161,112,107,5,49,12,0,5,24,8
S01012535,65 to 74,87,53,51,2,34,8,1,0,5,20
S01012535,75 to 84,53,17,16,1,36,4,0,0,2,30
S01012535,85 and over,6,0,0,0,6,0,0,0,0,6
S01012536,All people aged 16 and over in households,623,358,310,48,265,167,0,14,36,48
S01012536,16 to 24,106,15,0,15,91,90,0,1,0,0
S01012536,25 to 34,80,33,19,14,47,44,0,1,1,1
S01012536,35 to 49,163,117,110,7,46,24,0,6,16,0
S01012536,50 to 64,148,108,102,6,40,7,0,6,17,10
S01012536,65 to 74,79,60,54,6,19,1,0,0,1,17
S01012536,75 to 84,35,21,21,0,14,1,0,0,1,12
S01012536,85 and over,12,4,4,0,8,0,0,0,0,8
S01012537,All people aged 16 and over in households,619,344,274,70,275,161,4,9,42,59
S01012537,16 to 24,89,14,4,10,75,74,1,0,0,0
S01012537,25 to 34,85,41,21,20,44,40,0,2,2,0
S01012537,35 to 49,134,85,59,26,49,30,1,3,14,1
S01012537,50 to 64,154,110,98,12,44,11,2,2,17,12
S01012537,65 to 74,103,71,69,2,32,4,0,2,8,18
S01012537,75 to 84,47,23,23,0,24,2,0,0,1,21
S01012537,85 and over,7,0,0,0,7,0,0,0,0,7
S01012538,All people aged 16 and over in households,862,500,362,138,362,205,6,25,60,66
S01012538,16 to 24,114,15,1,14,99,97,1,0,1,0
S01012538,25 to 34,149,93,37,56,56,49,0,1,6,0
S01012538,35 to 49,231,152,106,46,79,38,2,13,22,4
S01012538,50 to 64,170,111,95,16,59,11,2,9,27,10
S01012538,65 to 74,121,90,87,3,31,6,1,1,3,20
S01012538,75 to 84,65,35,33,2,30,3,0,1,0,26
S01012538,85 and over,12,4,3,1,8,1,0,0,1,6
S01012539,All people aged 16 and over in households,584,342,284,58,242,126,2,22,36,56
S01012539,16 to 24,70,3,0,3,67,67,0,0,0,0
S01012539,25 to 34,58,31,19,12,27,22,0,5,0,0
S01012539,35 to 49,155,114,82,32,41,19,1,10,9,2
S01012539,50 to 64,160,113,102,11,47,13,1,4,17,12
S01012539,65 to 74,80,54,54,0,26,3,0,2,8,13
S01012539,75 to 84,52,25,25,0,27,2,0,1,2,22
S01012539,85 and over,9,2,2,0,7,0,0,0,0,7
S01012540,All people aged 16 and over in households,568,322,262,60,246,144,2,14,39,47
S01012540,16 to 24,94,11,4,7,83,83,0,0,0,0
S01012540,25 to 34,75,39,29,10,36,34,0,2,0,0
S01012540,35 to 49,166,124,95,29,42,17,0,7,18,0
S01012540,50 to 64,116,89,77,12,27,5,0,3,15,4
S01012540,65 to 74,77,46,44,2,31,5,2,1,5,18
S01012540,75 to 84,32,13,13,0,19,0,0,1,1,17
S01012540,85 and over,8,0,0,0,8,0,0,0,0,8
S01012541,All people aged 16 and over in households,859,534,450,84,325,211,6,14,49,45
S01012541,16 to 24,93,9,3,6,84,84,0,0,0,0
S01012541,25 to 34,124,59,29,30,65,60,0,3,2,0
S01012541,35 to 49,247,180,150,30,67,39,2,6,17,3
S01012541,50 to 64,228,186,169,17,42,11,1,5,20,5
S01012541,65 to 74,116,75,74,1,41,13,1,0,10,17
S01012541,75 to 84,43,25,25,0,18,3,1,0,0,14
S01012541,85 and over,8,0,0,0,8,1,1,0,0,6
S01012542,All people aged 16 and over in households,724,458,416,42,266,142,5,14,40,65
S01012542,16 to 24,81,7,2,5,74,74,0,0,0,0
S01012542,25 to 34,55,29,17,12,26,22,2,2,0,0
S01012542,35 to 49,185,141,121,20,44,23,1,6,13,1
S01012542,50 to 64,200,159,155,4,41,13,0,5,17,6
S01012542,65 to 74,117,84,83,1,33,2,1,0,8,22
S01012542,75 to 84,66,35,35,0,31,7,0,1,2,21
S01012542,85 and over,20,3,3,0,17,1,1,0,0,15
S01012543,All people aged 16 and over in households,549,386,330,56,163,99,6,7,25,26
S01012543,16 to 24,56,2,0,2,54,54,0,0,0,0
S01012543,25 to 34,46,29,18,11,17,16,1,0,0,0
S01012543,35 to 49,188,151,125,26,37,16,3,4,12,2
S01012543,50 to 64,163,138,125,13,25,11,1,3,6,4
S01012543,65 to 74,69,46,42,4,23,2,1,0,7,13
S01012543,75 to 84,23,19,19,0,4,0,0,0,0,4
S01012543,85 and over,4,1,1,0,3,0,0,0,0,3
S01012544,All people aged 16 and over in households,624,418,358,60,206,126,3,11,29,37
S01012544,16 to 24,52,4,0,4,48,47,0,1,0,0
S01012544,25 to 34,75,38,22,16,37,36,0,0,1,0
S01012544,35 to 49,206,153,128,25,53,28,1,7,15,2
S01012544,50 to 64,162,135,122,13,27,11,0,1,9,6
S01012544,65 to 74,80,62,60,2,18,3,1,1,4,9
S01012544,75 to 84,40,22,22,0,18,1,1,1,0,15
S01012544,85 and over,9,4,4,0,5,0,0,0,0,5
S01012545,All people aged 16 and over in households,377,222,152,70,155,77,0,8,23,47
S01012545,16 to 24,41,8,2,6,33,32,0,0,0,1
S01012545,25 to 34,53,32,13,19,21,18,0,1,0,2
S01012545,35 to 49,104,77,50,27,27,17,0,2,8,0
S01012545,50 to 64,96,74,59,15,22,9,0,2,7,4
S01012545,65 to 74,41,22,19,3,19,1,0,3,7,8
S01012545,75 to 84,29,9,9,0,20,0,0,0,1,19
S01012545,85 and over,13,0,0,0,13,0,0,0,0,13
S01012546,All people aged 16 and over in households,648,424,330,94,224,132,5,16,34,37
S01012546,16 to 24,80,7,0,7,73,73,0,0,0,0
S01012546,25 to 34,84,47,19,28,37,34,1,2,0,0
S01012546,35 to 49,200,159,121,38,41,18,2,11,10,0
S01012546,50 to 64,162,129,110,19,33,5,1,3,19,5
S01012546,65 to 74,76,55,53,2,21,2,1,0,4,14
S01012546,75 to 84,41,25,25,0,16,0,0,0,1,15
S01012546,85 and over,5,2,2,0,3,0,0,0,0,3
S01012547,All people aged 16 and over in households,627,426,394,32,201,113,3,11,29,45
S01012547,16 to 24,54,0,0,0,54,54,0,0,0,0
S01012547,25 to 34,50,15,10,5,35,33,0,1,1,0
S01012547,35 to 49,153,129,111,18,24,14,0,6,2,2
S01012547,50 to 64,183,153,146,7,30,4,1,3,16,6
S01012547,65 to 74,125,95,93,2,30,5,2,1,10,12
S01012547,75 to 84,47,31,31,0,16,3,0,0,0,13
S01012547,85 and over,15,3,3,0,12,0,0,0,0,12
S01012548,All people aged 16 and over in households,712,472,400,72,240,120,8,14,29,69
S01012548,16 to 24,46,0,0,0,46,45,1,0,0,0
S01012548,25 to 34,51,21,10,11,30,28,0,1,1,0
S01012548,35 to 49,182,140,108,32,42,25,1,6,9,1
S01012548,50 to 64,215,178,158,20,37,13,0,7,7,10
S01012548,65 to 74,136,95,86,9,41,4,3,0,8,26
S01012548,75 to 84,70,35,35,0,35,5,2,0,4,24
S01012548,85 and over,12,3,3,0,9,0,1,0,0,8
S01012549,All people aged 16 and over in households,438,226,180,46,212,126,1,17,38,30
S01012549,16 to 24,60,8,1,7,52,52,0,0,0,0
S01012549,25 to 34,89,58,35,23,31,30,0,1,0,0
S01012549,35 to 49,115,62,51,11,53,29,0,6,18,0
S01012549,50 to 64,92,58,53,5,34,8,0,7,16,3
S01012549,65 to 74,43,25,25,0,18,3,0,3,1,11
S01012549,75 to 84,33,13,13,0,20,3,1,0,3,13
S01012549,85 and over,6,2,2,0,4,1,0,0,0,3
S01012550,All people aged 16 and over in households,670,378,314,64,292,161,3,26,51,51
S01012550,16 to 24,100,8,4,4,92,92,0,0,0,0
S01012550,25 to 34,73,41,31,10,32,28,0,2,1,1
S01012550,35 to 49,177,119,88,31,58,21,1,16,18,2
S01012550,50 to 64,174,134,118,16,40,8,2,5,18,7
S01012550,65 to 74,97,59,56,3,38,6,0,3,12,17
S01012550,75 to 84,33,15,15,0,18,5,0,0,2,11
S01012550,85 and over,16,2,2,0,14,1,0,0,0,13
S01012551,All people aged 16 and over in households,677,476,422,54,201,132,2,7,27,33
S01012551,16 to 24,86,8,2,6,78,78,0,0,0,0
S01012551,25 to 34,69,40,23,17,29,24,0,3,1,1
S01012551,35 to 49,171,141,118,23,30,16,0,3,11,0
S01012551,50 to 64,199,171,165,6,28,7,1,1,8,11
S01012551,65 to 74,99,80,78,2,19,3,1,0,6,9
S01012551,75 to 84,42,29,29,0,13,2,0,0,1,10
S01012551,85 and over,11,7,7,0,4,2,0,0,0,2
S01012552,All people aged 16 and over in households,761,568,512,56,193,133,1,14,14,31
S01012552,16 to 24,91,6,2,4,85,85,0,0,0,0
S01012552,25 to 34,61,28,18,10,33,27,0,5,1,0
S01012552,35 to 49,192,168,143,25,24,12,1,5,6,0
S01012552,50 to 64,250,231,216,15,19,6,0,3,4,6
S01012552,65 to 74,112,98,97,1,14,1,0,0,2,11
S01012552,75 to 84,49,34,33,1,15,2,0,1,1,11
S01012552,85 and over,6,3,3,0,3,0,0,0,0,3
S01012553,All people aged 16 and over in households,652,444,368,76,208,139,1,11,35,22
S01012553,16 to 24,79,9,1,8,70,70,0,0,0,0
S01012553,25 to 34,105,73,44,29,32,31,0,0,1,0
S01012553,35 to 49,228,184,158,26,44,25,0,5,13,1
S01012553,50 to 64,176,140,128,12,36,12,0,3,17,4
S01012553,65 to 74,35,24,23,1,11,0,1,3,1,6
S01012553,75 to 84,23,11,11,0,12,1,0,0,2,9
S01012553,85 and over,6,3,3,0,3,0,0,0,1,2
S01012554,All people aged 16 and over in households,387,260,228,32,127,76,1,11,24,15
S01012554,16 to 24,53,1,0,1,52,51,1,0,0,0
S01012554,25 to 34,33,17,11,6,16,15,0,1,0,0
S01012554,35 to 49,95,80,60,20,15,3,0,4,8,0
S01012554,50 to 64,123,95,90,5,28,3,0,6,14,5
S01012554,65 to 74,53,44,44,0,9,2,0,0,1,6
S01012554,75 to 84,28,23,23,0,5,2,0,0,1,2
S01012554,85 and over,2,0,0,0,2,0,0,0,0,2
S01012555,All people aged 16 and over in households,437,308,272,36,129,84,4,11,17,13
S01012555,16 to 24,58,5,0,5,53,53,0,0,0,0
S01012555,25 to 34,48,31,23,8,17,14,1,2,0,0
S01012555,35 to 49,124,103,89,14,21,8,3,6,4,0
S01012555,50 to 64,139,115,107,8,24,9,0,3,9,3
S01012555,65 to 74,47,42,41,1,5,0,0,0,3,2
S01012555,75 to 84,13,7,7,0,6,0,0,0,1,5
S01012555,85 and over,8,5,5,0,3,0,0,0,0,3
S01012556,All people aged 16 and over in households,486,340,314,26,146,96,1,3,15,31
S01012556,16 to 24,68,0,0,0,68,68,0,0,0,0
S01012556,25 to 34,34,13,11,2,21,21,0,0,0,0
S01012556,35 to 49,84,74,65,9,10,3,0,2,4,1
S01012556,50 to 64,192,176,165,11,16,2,1,1,8,4
S01012556,65 to 74,59,48,45,3,11,0,0,0,2,9
S01012556,75 to 84,36,21,20,1,15,2,0,0,1,12
S01012556,85 and over,13,8,8,0,5,0,0,0,0,5
S01012557,All people aged 16 and over in households,533,376,346,30,157,89,11,5,13,39
S01012557,16 to 24,55,4,0,4,51,51,0,0,0,0
S01012557,25 to 34,32,12,6,6,20,19,1,0,0,0
S01012557,35 to 49,109,87,73,14,22,8,6,2,5,1
S01012557,50 to 64,173,151,145,6,22,9,0,2,6,5
S01012557,65 to 74,78,69,69,0,9,2,0,1,1,5
S01012557,75 to 84,61,40,40,0,21,0,3,0,1,17
S01012557,85 and over,25,13,13,0,12,0,1,0,0,11
S01012558,All people aged 16 and over in households,489,242,180,62,247,142,1,14,60,30
S01012558,16 to 24,69,11,1,10,58,58,0,0,0,0
S01012558,25 to 34,78,41,16,25,37,35,0,1,1,0
S01012558,35 to 49,140,73,55,18,67,30,1,10,26,0
S01012558,50 to 64,117,75,66,9,42,15,0,2,22,3
S01012558,65 to 74,50,26,26,0,24,2,0,1,9,12
S01012558,75 to 84,28,14,14,0,14,2,0,0,2,10
S01012558,85 and over,7,2,2,0,5,0,0,0,0,5
S01012559,All people aged 16 and over in households,661,298,216,82,363,166,4,28,74,91
S01012559,16 to 24,58,13,2,11,45,45,0,0,0,0
S01012559,25 to 34,109,54,21,33,55,51,0,2,2,0
S01012559,35 to 49,130,62,42,20,68,34,1,9,23,1
S01012559,50 to 64,147,75,65,10,72,24,1,12,31,4
S01012559,65 to 74,94,57,50,7,37,5,0,3,10,19
S01012559,75 to 84,77,32,31,1,45,6,1,1,7,30
S01012559,85 and over,46,5,5,0,41,1,1,1,1,37
S01012560,All people aged 16 and over in households,446,278,222,56,168,69,0,9,39,51
S01012560,16 to 24,36,4,0,4,32,32,0,0,0,0
S01012560,25 to 34,50,30,11,19,20,19,0,1,0,0
S01012560,35 to 49,104,81,57,24,23,11,0,1,9,2
S01012560,50 to 64,94,64,60,4,30,3,0,4,13,10
S01012560,65 to 74,108,78,74,4,30,3,0,3,11,13
S01012560,75 to 84,34,17,16,1,17,1,0,0,4,12
S01012560,85 and over,20,4,4,0,16,0,0,0,2,14
S01012561,All people aged 16 and over in households,626,348,292,56,278,141,3,28,50,56
S01012561,16 to 24,69,2,1,1,67,67,0,0,0,0
S01012561,25 to 34,61,31,18,13,30,28,0,0,1,1
S01012561,35 to 49,165,115,92,23,50,26,0,15,9,0
S01012561,50 to 64,169,118,105,13,51,13,1,7,24,6
S01012561,65 to 74,85,52,47,5,33,6,0,2,10,15
S01012561,75 to 84,52,25,24,1,27,0,0,4,3,20
S01012561,85 and over,25,5,5,0,20,1,2,0,3,14
S01012562,All people aged 16 and over in households,641,310,196,114,331,178,3,28,57,65
S01012562,16 to 24,69,20,2,18,49,48,0,1,0,0
S01012562,25 to 34,126,70,20,50,56,53,0,2,1,0
S01012562,35 to 49,153,71,38,33,82,51,1,8,21,1
S01012562,50 to 64,147,83,72,11,64,18,1,14,25,6
S01012562,65 to 74,73,45,44,1,28,4,0,2,5,17
S01012562,75 to 84,53,20,19,1,33,1,1,1,5,25
S01012562,85 and over,20,1,1,0,19,3,0,0,0,16
S01012563,All people aged 16 and over in households,560,398,390,8,162,100,2,5,8,47
S01012563,16 to 24,61,0,0,0,61,61,0,0,0,0
S01012563,25 to 34,22,9,9,0,13,12,0,0,0,1
S01012563,35 to 49,108,92,91,1,16,12,0,1,2,1
S01012563,50 to 64,170,157,151,6,13,6,0,1,2,4
S01012563,65 to 74,114,96,95,1,18,7,0,2,3,6
S01012563,75 to 84,56,31,31,0,25,1,2,1,1,20
S01012563,85 and over,29,13,13,0,16,1,0,0,0,15
S01012564,All people aged 16 and over in households,703,472,440,32,231,118,1,8,32,72
S01012564,16 to 24,61,2,2,0,59,59,0,0,0,0
S01012564,25 to 34,44,21,16,5,23,20,0,1,2,0
S01012564,35 to 49,165,138,123,15,27,13,1,3,9,1
S01012564,50 to 64,202,166,155,11,36,13,0,4,12,7
S01012564,65 to 74,136,101,100,1,35,3,0,0,7,25
S01012564,75 to 84,74,42,42,0,32,6,0,0,1,25
S01012564,85 and over,21,2,2,0,19,4,0,0,1,14
S01012565,All people aged 16 and over in households,663,396,360,36,267,120,6,15,40,86
S01012565,16 to 24,55,8,1,7,47,47,0,0,0,0
S01012565,25 to 34,44,20,11,9,24,24,0,0,0,0
S01012565,35 to 49,150,109,97,12,41,25,2,6,8,0
S01012565,50 to 64,176,135,129,6,41,8,4,2,19,8
S01012565,65 to 74,113,73,71,2,40,8,0,6,9,17
S01012565,75 to 84,86,39,39,0,47,4,0,1,4,38
S01012565,85 and over,39,12,12,0,27,4,0,0,0,23
S01012566,All people aged 16 and over in households,642,300,226,74,342,174,4,29,65,70
S01012566,16 to 24,61,18,3,15,43,43,0,0,0,0
S01012566,25 to 34,93,47,24,23,46,39,0,5,2,0
S01012566,35 to 49,153,76,53,23,77,55,0,11,11,0
S01012566,50 to 64,151,77,67,10,74,18,1,12,35,8
S01012566,65 to 74,86,46,44,2,40,9,1,1,9,20
S01012566,75 to 84,66,28,28,0,38,7,1,0,7,23
S01012566,85 and over,32,8,7,1,24,3,1,0,1,19
S01012567,All people aged 16 and over in households,875,436,314,122,439,225,4,41,87,82
S01012567,16 to 24,103,28,1,27,75,73,0,2,0,0
S01012567,25 to 34,124,64,18,46,60,58,0,2,0,0
S01012567,35 to 49,221,115,82,33,106,60,4,17,24,1
S01012567,50 to 64,231,136,121,15,95,24,0,17,44,10
S01012567,65 to 74,113,59,59,0,54,7,0,3,16,28
S01012567,75 to 84,60,28,27,1,32,3,0,0,3,26
S01012567,85 and over,23,6,6,0,17,0,0,0,0,17
S01012568,All people aged 16 and over in households,519,344,320,24,175,93,8,7,24,43
S01012568,16 to 24,53,1,0,1,52,52,0,0,0,0
S01012568,25 to 34,20,11,10,1,9,8,1,0,0,0
S01012568,35 to 49,108,88,78,10,20,9,2,3,5,1
S01012568,50 to 64,162,123,115,8,39,12,2,3,15,7
S01012568,65 to 74,93,77,77,0,16,7,1,0,3,5
S01012568,75 to 84,63,38,35,3,25,4,1,1,1,18
S01012568,85 and over,20,6,5,1,14,1,1,0,0,12
S01012569,All people aged 16 and over in households,641,428,396,32,213,127,6,11,13,56
S01012569,16 to 24,80,1,0,1,79,78,0,0,0,1
S01012569,25 to 34,38,15,13,2,23,22,0,1,0,0
S01012569,35 to 49,130,104,87,17,26,13,1,7,4,1
S01012569,50 to 64,181,158,150,8,23,8,2,2,5,6
S01012569,65 to 74,121,98,97,1,23,3,0,1,4,15
S01012569,75 to 84,59,42,41,1,17,1,1,0,0,15
S01012569,85 and over,32,10,8,2,22,2,2,0,0,18
S01012570,All people aged 16 and over in households,390,262,212,50,128,76,4,8,16,24
S01012570,16 to 24,48,6,0,6,42,42,0,0,0,0
S01012570,25 to 34,36,20,9,11,16,15,1,0,0,0
S01012570,35 to 49,112,92,70,22,20,11,2,3,4,0
S01012570,50 to 64,124,105,98,7,19,4,0,5,9,1
S01012570,65 to 74,45,27,25,2,18,4,0,0,3,11
S01012570,75 to 84,19,10,9,1,9,0,1,0,0,8
S01012570,85 and over,6,2,1,1,4,0,0,0,0,4
S01012571,All people aged 16 and over in households,670,420,344,76,250,141,9,23,41,36
S01012571,16 to 24,80,8,1,7,72,72,0,0,0,0
S01012571,25 to 34,64,44,34,10,20,16,3,0,0,1
S01012571,35 to 49,220,161,125,36,59,34,0,12,13,0
S01012571,50 to 64,184,146,124,22,38,8,2,7,16,5
S01012571,65 to 74,74,47,47,0,27,6,2,2,9,8
S01012571,75 to 84,36,12,11,1,24,5,1,1,3,14
S01012571,85 and over,12,2,2,0,10,0,1,1,0,8
S01012572,All people aged 16 and over in households,430,282,230,52,148,79,4,9,16,40
S01012572,16 to 24,48,7,2,5,41,41,0,0,0,0
S01012572,25 to 34,34,18,11,7,16,16,0,0,0,0
S01012572,35 to 49,123,93,75,18,30,16,1,5,8,0
S01012572,50 to 64,137,112,90,22,25,4,1,3,8,9
S01012572,65 to 74,61,39,39,0,22,1,1,1,0,19
S01012572,75 to 84,23,12,12,0,11,1,1,0,0,9
S01012572,85 and over,4,1,1,0,3,0,0,0,0,3
S01012573,All people aged 16 and over in households,664,498,438,60,166,99,2,10,20,35
S01012573,16 to 24,42,1,0,1,41,41,0,0,0,0
S01012573,25 to 34,57,33,20,13,24,23,0,0,1,0
S01012573,35 to 49,204,173,145,28,31,18,0,5,8,0
S01012573,50 to 64,248,219,206,13,29,10,2,3,6,8
S01012573,65 to 74,69,52,49,3,17,4,0,1,3,9
S01012573,75 to 84,35,16,15,1,19,3,0,1,2,13
S01012573,85 and over,9,4,3,1,5,0,0,0,0,5
S01012574,All people aged 16 and over in households,715,506,448,58,209,119,4,10,24,52
S01012574,16 to 24,68,5,1,4,63,62,0,1,0,0
S01012574,25 to 34,67,39,22,17,28,27,0,0,1,0
S01012574,35 to 49,207,179,162,17,28,15,2,4,7,0
S01012574,50 to 64,204,170,155,15,34,11,1,5,13,4
S01012574,65 to 74,108,79,78,1,29,2,1,0,3,23
S01012574,75 to 84,52,32,28,4,20,2,0,0,0,18
S01012574,85 and over,9,2,2,0,7,0,0,0,0,7
S01012575,All people aged 16 and over in households,540,356,316,40,184,100,5,14,32,33
S01012575,16 to 24,56,6,0,6,50,50,0,0,0,0
S01012575,25 to 34,47,22,13,9,25,22,2,1,0,0
S01012575,35 to 49,158,125,113,12,33,12,0,12,8,1
S01012575,50 to 64,148,114,104,10,34,8,1,1,17,7
S01012575,65 to 74,63,49,48,1,14,2,0,0,5,7
S01012575,75 to 84,58,36,34,2,22,5,2,0,1,14
S01012575,85 and over,10,4,4,0,6,1,0,0,1,4
S01012576,All people aged 16 and over in households,623,376,326,50,247,128,3,21,32,63
S01012576,16 to 24,46,3,0,3,43,42,0,1,0,0
S01012576,25 to 34,79,38,23,15,41,37,0,4,0,0
S01012576,35 to 49,154,118,95,23,36,21,1,4,9,1
S01012576,50 to 64,167,120,112,8,47,8,1,9,15,14
S01012576,65 to 74,96,66,65,1,30,11,0,3,5,11
S01012576,75 to 84,64,27,27,0,37,8,1,0,2,26
S01012576,85 and over,17,4,4,0,13,1,0,0,1,11
S01012577,All people aged 16 and over in households,616,416,344,72,200,109,3,8,43,37
S01012577,16 to 24,50,9,0,9,41,40,1,0,0,0
S01012577,25 to 34,60,36,23,13,24,23,0,1,0,0
S01012577,35 to 49,183,134,108,26,49,30,2,4,12,1
S01012577,50 to 64,179,140,123,17,39,12,0,2,21,4
S01012577,65 to 74,95,72,67,5,23,3,0,0,7,13
S01012577,75 to 84,37,22,21,1,15,1,0,1,3,10
S01012577,85 and over,12,3,2,1,9,0,0,0,0,9
S01012578,All people aged 16 and over in households,793,470,412,58,323,153,5,19,46,100
S01012578,16 to 24,72,5,0,5,67,67,0,0,0,0
S01012578,25 to 34,77,40,25,15,37,36,0,1,0,0
S01012578,35 to 49,185,144,115,29,41,20,1,10,10,0
S01012578,50 to 64,197,150,144,6,47,14,0,5,21,7
S01012578,65 to 74,126,85,83,2,41,10,2,3,10,16
S01012578,75 to 84,89,43,43,0,46,4,1,0,1,40
S01012578,85 and over,47,3,2,1,44,2,1,0,4,37
S01012579,All people aged 16 and over in households,547,360,306,54,187,106,3,15,32,31
S01012579,16 to 24,76,13,2,11,63,63,0,0,0,0
S01012579,25 to 34,52,33,20,13,19,17,0,2,0,0
S01012579,35 to 49,162,122,105,17,40,16,2,7,15,0
S01012579,50 to 64,172,136,125,11,36,7,1,4,17,7
S01012579,65 to 74,60,49,48,1,11,2,0,2,0,7
S01012579,75 to 84,18,6,6,0,12,1,0,0,0,11
S01012579,85 and over,7,1,0,1,6,0,0,0,0,6
S01012580,All people aged 16 and over in households,620,438,350,88,182,111,5,13,24,29
S01012580,16 to 24,57,7,3,4,50,50,0,0,0,0
S01012580,25 to 34,75,53,28,25,22,21,0,1,0,0
S01012580,35 to 49,186,154,115,39,32,21,1,5,5,0
S01012580,50 to 64,205,160,143,17,45,13,3,6,14,9
S01012580,65 to 74,65,48,46,2,17,4,1,1,5,6
S01012580,75 to 84,24,13,12,1,11,2,0,0,0,9
S01012580,85 and over,8,3,3,0,5,0,0,0,0,5
S01012581,All people aged 16 and over in households,577,286,214,72,291,173,8,19,29,62
S01012581,16 to 24,96,13,2,11,83,81,0,2,0,0
S01012581,25 to 34,62,34,17,17,28,25,0,3,0,0
S01012581,35 to 49,170,106,73,33,64,43,4,10,5,2
S01012581,50 to 64,152,101,92,9,51,17,1,4,21,8
S01012581,65 to 74,41,18,16,2,23,4,2,0,3,14
S01012581,75 to 84,42,12,12,0,30,3,1,0,0,26
S01012581,85 and over,14,2,2,0,12,0,0,0,0,12
S01012582,All people aged 16 and over in households,728,502,420,82,226,142,3,15,28,38
S01012582,16 to 24,84,7,4,3,77,76,0,1,0,0
S01012582,25 to 34,108,77,47,30,31,29,1,1,0,0
S01012582,35 to 49,232,182,146,36,50,28,0,9,12,1
S01012582,50 to 64,178,142,133,9,36,8,2,4,12,10
S01012582,65 to 74,84,70,66,4,14,1,0,0,3,10
S01012582,75 to 84,37,24,24,0,13,0,0,0,1,12
S01012582,85 and over,5,0,0,0,5,0,0,0,0,5
S01012583,All people aged 16 and over in households,584,346,280,66,238,138,3,24,23,50
S01012583,16 to 24,74,4,1,3,70,70,0,0,0,0
S01012583,25 to 34,88,57,35,22,31,26,1,3,1,0
S01012583,35 to 49,148,106,81,25,42,22,2,8,7,3
S01012583,50 to 64,157,116,104,12,41,14,0,6,14,7
S01012583,65 to 74,58,42,38,4,16,1,0,6,1,8
S01012583,75 to 84,48,20,20,0,28,4,0,1,0,23
S01012583,85 and over,11,1,1,0,10,1,0,0,0,9
S01012584,All people aged 16 and over in households,619,380,332,48,239,125,3,22,35,54
S01012584,16 to 24,68,5,3,2,63,63,0,0,0,0
S01012584,25 to 34,64,35,21,14,29,26,0,2,1,0
S01012584,35 to 49,188,134,112,22,54,27,2,12,11,2
S01012584,50 to 64,151,116,109,7,35,5,0,5,16,9
S01012584,65 to 74,82,58,58,0,24,2,0,1,5,16
S01012584,75 to 84,54,27,24,3,27,2,0,2,2,21
S01012584,85 and over,12,5,5,0,7,0,1,0,0,6
S01012585,All people aged 16 and over in households,676,352,258,94,324,176,6,22,55,65
S01012585,16 to 24,94,13,1,12,81,80,0,1,0,0
S01012585,25 to 34,91,50,18,32,41,38,1,1,1,0
S01012585,35 to 49,195,115,81,34,80,40,1,16,22,1
S01012585,50 to 64,147,105,93,12,42,13,2,2,20,5
S01012585,65 to 74,83,46,43,3,37,1,1,1,7,27
S01012585,75 to 84,46,18,17,1,28,2,1,1,3,21
S01012585,85 and over,20,5,5,0,15,2,0,0,2,11
S01012586,All people aged 16 and over in households,657,466,394,72,191,134,2,10,19,26
S01012586,16 to 24,90,13,5,8,77,77,0,0,0,0
S01012586,25 to 34,66,37,19,18,29,28,0,0,1,0
S01012586,35 to 49,227,188,155,33,39,19,1,7,11,1
S01012586,50 to 64,180,158,146,12,22,9,0,1,7,5
S01012586,65 to 74,55,42,41,1,13,1,0,2,0,10
S01012586,75 to 84,36,28,28,0,8,0,1,0,0,7
S01012586,85 and over,3,0,0,0,3,0,0,0,0,3
S01012587,All people aged 16 and over in households,708,482,428,54,226,147,5,15,25,34
S01012587,16 to 24,85,0,0,0,85,83,0,2,0,0
S01012587,25 to 34,53,30,21,9,23,23,0,0,0,0
S01012587,35 to 49,242,202,175,27,40,21,0,8,9,2
S01012587,50 to 64,217,182,165,17,35,14,2,4,12,3
S01012587,65 to 74,58,44,43,1,14,1,3,1,3,6
S01012587,75 to 84,37,20,20,0,17,3,0,0,1,13
S01012587,85 and over,16,4,4,0,12,2,0,0,0,10
S01012588,All people aged 16 and over in households,520,352,308,44,168,107,2,8,25,26
S01012588,16 to 24,60,7,2,5,53,53,0,0,0,0
S01012588,25 to 34,50,26,19,7,24,24,0,0,0,0
S01012588,35 to 49,182,155,127,28,27,17,0,3,5,2
S01012588,50 to 64,139,109,105,4,30,7,2,5,14,2
S01012588,65 to 74,62,39,39,0,23,6,0,0,4,13
S01012588,75 to 84,22,14,14,0,8,0,0,0,1,7
S01012588,85 and over,5,2,2,0,3,0,0,0,1,2
S01012589,All people aged 16 and over in households,565,340,286,54,225,139,9,9,24,44
S01012589,16 to 24,83,9,2,7,74,74,0,0,0,0
S01012589,25 to 34,64,32,13,19,32,27,2,0,3,0
S01012589,35 to 49,153,115,93,22,38,18,5,7,7,1
S01012589,50 to 64,150,111,105,6,39,12,1,2,13,11
S01012589,65 to 74,60,44,44,0,16,6,0,0,0,10
S01012589,75 to 84,47,28,28,0,19,2,1,0,1,15
S01012589,85 and over,8,1,1,0,7,0,0,0,0,7
S01012590,All people aged 16 and over in households,653,362,276,86,291,172,10,21,39,49
S01012590,16 to 24,92,12,0,12,80,79,1,0,0,0
S01012590,25 to 34,100,48,14,34,52,45,2,4,1,0
S01012590,35 to 49,158,116,89,27,42,22,2,11,6,1
S01012590,50 to 64,158,114,104,10,44,13,2,6,17,6
S01012590,65 to 74,84,46,45,1,38,8,2,0,11,17
S01012590,75 to 84,50,25,23,2,25,4,1,0,3,17
S01012590,85 and over,11,1,1,0,10,1,0,0,1,8
S01012591,All people aged 16 and over in households,653,372,312,60,281,152,2,19,40,68
S01012591,16 to 24,69,11,0,11,58,58,0,0,0,0
S01012591,25 to 34,70,34,21,13,36,29,0,4,3,0
S01012591,35 to 49,148,94,69,25,54,32,2,5,13,2
S01012591,50 to 64,145,94,84,10,51,17,0,7,17,10
S01012591,65 to 74,145,105,104,1,40,11,0,3,5,21
S01012591,75 to 84,64,31,31,0,33,5,0,0,2,26
S01012591,85 and over,12,3,3,0,9,0,0,0,0,9
S01012592,All people aged 16 and over in households,455,336,296,40,119,81,1,9,13,15
S01012592,16 to 24,46,1,0,1,45,45,0,0,0,0
S01012592,25 to 34,67,50,34,16,17,16,0,1,0,0
S01012592,35 to 49,141,122,108,14,19,12,0,3,4,0
S01012592,50 to 64,128,106,102,4,22,7,1,5,6,3
S01012592,65 to 74,49,42,39,3,7,0,0,0,3,4
S01012592,75 to 84,23,15,13,2,8,1,0,0,0,7
S01012592,85 and over,1,0,0,0,1,0,0,0,0,1
S01012593,All people aged 16 and over in households,676,482,428,54,194,120,0,18,18,38
S01012593,16 to 24,91,9,1,8,82,80,0,2,0,0
S01012593,25 to 34,93,67,45,22,26,22,0,2,1,1
S01012593,35 to 49,194,171,156,15,23,7,0,8,7,1
S01012593,50 to 64,207,171,166,5,36,10,0,5,8,13
S01012593,65 to 74,62,47,45,2,15,0,0,1,2,12
S01012593,75 to 84,24,15,15,0,9,1,0,0,0,8
S01012593,85 and over,5,2,0,2,3,0,0,0,0,3
S01012594,All people aged 16 and over in households,395,234,214,20,161,88,0,10,27,36
S01012594,16 to 24,50,2,0,2,48,48,0,0,0,0
S01012594,25 to 34,57,35,30,5,22,20,0,2,0,0
S01012594,35 to 49,89,63,53,10,26,11,0,5,10,0
S01012594,50 to 64,115,90,88,2,25,4,0,2,12,7
S01012594,65 to 74,50,36,35,1,14,2,0,0,5,7
S01012594,75 to 84,27,7,7,0,20,2,0,1,0,17
S01012594,85 and over,7,1,1,0,6,1,0,0,0,5
S01012595,All people aged 16 and over in households,532,300,248,52,232,139,6,14,31,42
S01012595,16 to 24,63,6,0,6,57,57,0,0,0,0
S01012595,25 to 34,72,24,10,14,48,43,1,3,1,0
S01012595,35 to 49,138,95,80,15,43,22,2,6,12,1
S01012595,50 to 64,147,115,102,13,32,12,1,3,10,6
S01012595,65 to 74,72,44,40,4,28,4,0,1,6,17
S01012595,75 to 84,33,15,15,0,18,1,1,1,1,14
S01012595,85 and over,7,1,1,0,6,0,1,0,1,4
S01012596,All people aged 16 and over in households,614,352,280,72,262,146,2,26,43,45
S01012596,16 to 24,73,5,0,5,68,67,0,0,0,1
S01012596,25 to 34,98,63,36,27,35,29,0,4,2,0
S01012596,35 to 49,198,120,95,25,78,40,1,14,22,1
S01012596,50 to 64,138,102,87,15,36,9,0,8,14,5
S01012596,65 to 74,59,41,41,0,18,1,0,0,2,15
S01012596,75 to 84,42,21,21,0,21,0,1,0,3,17
S01012596,85 and over,6,0,0,0,6,0,0,0,0,6
S01012597,All people aged 16 and over in households,351,260,196,64,91,54,3,9,17,8
S01012597,16 to 24,43,10,2,8,33,33,0,0,0,0
S01012597,25 to 34,102,90,54,36,12,8,1,3,0,0
S01012597,35 to 49,110,97,80,17,13,6,0,4,3,0
S01012597,50 to 64,60,45,42,3,15,4,0,1,10,0
S01012597,65 to 74,19,11,11,0,8,1,1,0,4,2
S01012597,75 to 84,13,7,7,0,6,2,1,0,0,3
S01012597,85 and over,4,0,0,0,4,0,0,1,0,3
S01012598,All people aged 16 and over in households,582,384,318,66,198,125,2,9,20,42
S01012598,16 to 24,74,12,1,11,62,61,1,0,0,0
S01012598,25 to 34,87,51,27,24,36,34,0,1,1,0
S01012598,35 to 49,125,98,81,17,27,15,0,6,5,1
S01012598,50 to 64,186,154,140,14,32,9,1,2,11,9
S01012598,65 to 74,55,45,45,0,10,1,0,0,1,8
S01012598,75 to 84,46,22,22,0,24,5,0,0,1,18
S01012598,85 and over,9,2,2,0,7,0,0,0,1,6
S01012599,All people aged 16 and over in households,565,338,292,46,227,135,5,15,26,46
S01012599,16 to 24,57,4,1,3,53,53,0,0,0,0
S01012599,25 to 34,70,30,15,15,40,37,0,2,1,0
S01012599,35 to 49,127,96,78,18,31,19,0,8,4,0
S01012599,50 to 64,170,130,121,9,40,14,1,4,17,4
S01012599,65 to 74,70,50,49,1,20,5,2,1,3,9
S01012599,75 to 84,52,23,23,0,29,1,0,0,1,27
S01012599,85 and over,19,5,5,0,14,6,2,0,0,6
S01012600,All people aged 16 and over in households,595,370,322,48,225,150,3,3,33,36
S01012600,16 to 24,69,2,0,2,67,67,0,0,0,0
S01012600,25 to 34,99,53,24,29,46,44,0,0,2,0
S01012600,35 to 49,139,105,98,7,34,20,1,2,11,0
S01012600,50 to 64,212,176,167,9,36,13,2,1,15,5
S01012600,65 to 74,52,30,29,1,22,3,0,0,5,14
S01012600,75 to 84,14,2,2,0,12,2,0,0,0,10
S01012600,85 and over,10,2,2,0,8,1,0,0,0,7
S01012601,All people aged 16 and over in households,724,500,452,48,224,138,3,17,27,39
S01012601,16 to 24,89,6,2,4,83,83,0,0,0,0
S01012601,25 to 34,104,70,48,22,34,31,0,2,1,0
S01012601,35 to 49,217,180,167,13,37,11,2,12,10,2
S01012601,50 to 64,207,174,168,6,33,5,1,2,13,12
S01012601,65 to 74,74,52,49,3,22,6,0,1,3,12
S01012601,75 to 84,25,15,15,0,10,1,0,0,0,9
S01012601,85 and over,8,3,3,0,5,1,0,0,0,4
S01012602,All people aged 16 and over in households,507,230,182,48,277,143,4,21,50,59
S01012602,16 to 24,72,16,1,15,56,56,0,0,0,0
S01012602,25 to 34,71,29,9,20,42,38,0,1,3,0
S01012602,35 to 49,96,49,41,8,47,23,2,6,15,1
S01012602,50 to 64,130,75,70,5,55,15,2,11,19,8
S01012602,65 to 74,63,33,33,0,30,3,0,2,12,13
S01012602,75 to 84,54,23,23,0,31,6,0,1,1,23
S01012602,85 and over,21,5,5,0,16,2,0,0,0,14
S01012603,All people aged 16 and over in households,588,314,252,62,274,162,1,11,54,46
S01012603,16 to 24,68,2,0,2,66,66,0,0,0,0
S01012603,25 to 34,79,40,11,29,39,37,0,1,1,0
S01012603,35 to 49,133,79,62,17,54,33,1,5,15,0
S01012603,50 to 64,167,110,100,10,57,21,0,2,25,9
S01012603,65 to 74,84,62,58,4,22,2,0,2,10,8
S01012603,75 to 84,50,21,21,0,29,1,0,0,3,25
S01012603,85 and over,7,0,0,0,7,2,0,1,0,4
S01012604,All people aged 16 and over in households,561,342,280,62,219,135,3,12,30,39
S01012604,16 to 24,84,7,0,7,77,75,0,1,0,1
S01012604,25 to 34,75,42,17,25,33,29,2,1,1,0
S01012604,35 to 49,111,76,58,18,35,16,1,6,11,1
S01012604,50 to 64,164,127,117,10,37,11,0,4,13,9
S01012604,65 to 74,80,67,65,2,13,2,0,0,3,8
S01012604,75 to 84,45,23,23,0,22,2,0,0,2,18
S01012604,85 and over,2,0,0,0,2,0,0,0,0,2
S01012605,All people aged 16 and over in households,436,267,232,35,169,92,1,11,26,39
S01012605,16 to 24,49,5,1,4,44,44,0,0,0,0
S01012605,25 to 34,51,31,19,12,20,19,0,1,0,0
S01012605,35 to 49,91,62,46,16,29,16,0,5,8,0
S01012605,50 to 64,120,90,87,3,30,8,1,4,12,5
S01012605,65 to 74,75,53,53,0,22,2,0,1,6,13
S01012605,75 to 84,38,25,25,0,13,0,0,0,0,13
S01012605,85 and over,12,1,1,0,11,3,0,0,0,8
S01012606,All people aged 16 and over in households,550,456,384,72,94,75,3,3,9,4
S01012606,16 to 24,64,3,1,2,61,61,0,0,0,0
S01012606,25 to 34,131,116,87,29,15,12,1,1,0,1
S01012606,35 to 49,273,263,227,36,10,2,2,2,4,0
S01012606,50 to 64,68,62,57,5,6,0,0,0,5,1
S01012606,65 to 74,11,10,10,0,1,0,0,0,0,1
S01012606,75 to 84,2,1,1,0,1,0,0,0,0,1
S01012606,85 and over,1,1,1,0,0,0,0,0,0,0
S01012607,All people aged 16 and over in households,624,402,348,54,222,144,2,14,31,31
S01012607,16 to 24,84,7,1,6,77,77,0,0,0,0
S01012607,25 to 34,92,48,30,18,44,41,0,1,2,0
S01012607,35 to 49,156,127,110,17,29,14,0,9,6,0
S01012607,50 to 64,190,147,136,11,43,7,1,4,21,10
S01012607,65 to 74,74,55,53,2,19,4,0,0,2,13
S01012607,75 to 84,24,15,15,0,9,1,1,0,0,7
S01012607,85 and over,4,3,3,0,1,0,0,0,0,1
S01012608,All people aged 16 and over in households,674,392,322,70,282,164,1,9,40,68
S01012608,16 to 24,96,8,2,6,88,88,0,0,0,0
S01012608,25 to 34,103,63,33,30,40,38,0,1,1,0
S01012608,35 to 49,169,132,107,25,37,21,1,5,9,1
S01012608,50 to 64,167,123,115,8,44,10,0,3,19,12
S01012608,65 to 74,78,42,41,1,36,2,0,0,10,24
S01012608,75 to 84,50,23,23,0,27,3,0,0,1,23
S01012608,85 and over,11,1,1,0,10,2,0,0,0,8
S01012609,All people aged 16 and over in households,680,362,296,66,318,185,6,22,46,59
S01012609,16 to 24,84,7,4,3,77,77,0,0,0,0
S01012609,25 to 34,104,45,21,24,59,54,0,4,1,0
S01012609,35 to 49,195,122,93,29,73,39,4,13,15,2
S01012609,50 to 64,150,94,87,7,56,12,2,5,21,16
S01012609,65 to 74,81,62,60,2,19,3,0,0,5,11
S01012609,75 to 84,53,27,26,1,26,0,0,0,4,22
S01012609,85 and over,13,5,5,0,8,0,0,0,0,8
S01012610,All people aged 16 and over in households,719,356,244,112,363,212,8,38,56,49
S01012610,16 to 24,109,20,1,19,89,89,0,0,0,0
S01012610,25 to 34,138,67,20,47,71,59,2,6,4,0
S01012610,35 to 49,191,110,86,24,81,38,2,21,18,2
S01012610,50 to 64,176,116,96,20,60,13,3,10,26,8
S01012610,65 to 74,63,33,31,2,30,9,1,1,6,13
S01012610,75 to 84,36,9,9,0,27,4,0,0,2,21
S01012610,85 and over,6,1,1,0,5,0,0,0,0,5
S01012611,All people aged 16 and over in households,697,430,384,46,267,166,1,11,40,49
S01012611,16 to 24,101,9,0,9,92,92,0,0,0,0
S01012611,25 to 34,98,44,23,21,54,50,1,3,0,0
S01012611,35 to 49,144,114,102,12,30,13,0,6,11,0
S01012611,50 to 64,217,178,177,1,39,6,0,2,18,13
S01012611,65 to 74,99,76,73,3,23,3,0,0,10,10
S01012611,75 to 84,24,8,8,0,16,2,0,0,0,14
S01012611,85 and over,14,1,1,0,13,0,0,0,1,12
S01012612,All people aged 16 and over in households,606,364,316,48,242,145,5,17,29,46
S01012612,16 to 24,95,1,0,1,94,91,2,1,0,0
S01012612,25 to 34,69,44,26,18,25,24,0,1,0,0
S01012612,35 to 49,154,118,98,20,36,17,1,8,9,1
S01012612,50 to 64,157,125,120,5,32,5,0,7,13,7
S01012612,65 to 74,94,63,60,3,31,3,1,0,7,20
S01012612,75 to 84,30,12,11,1,18,4,0,0,0,14
S01012612,85 and over,7,1,1,0,6,1,1,0,0,4
S01012613,All people aged 16 and over in households,549,328,266,62,221,145,0,18,26,32
S01012613,16 to 24,78,5,1,4,73,73,0,0,0,0
S01012613,25 to 34,78,41,12,29,37,36,0,0,1,0
S01012613,35 to 49,148,96,72,24,52,28,0,12,10,2
S01012613,50 to 64,156,127,123,4,29,7,0,5,12,5
S01012613,65 to 74,61,47,46,1,14,0,0,1,3,10
S01012613,75 to 84,21,12,12,0,9,0,0,0,0,9
S01012613,85 and over,7,0,0,0,7,1,0,0,0,6
S01012614,All people aged 16 and over in households,853,522,430,92,331,201,1,28,42,59
S01012614,16 to 24,136,21,2,19,115,114,0,1,0,0
S01012614,25 to 34,123,73,43,30,50,46,0,0,4,0
S01012614,35 to 49,180,125,103,22,55,29,0,13,12,1
S01012614,50 to 64,242,198,180,18,44,5,0,9,18,12
S01012614,65 to 74,116,84,81,3,32,5,0,3,8,16
S01012614,75 to 84,38,17,17,0,21,1,0,2,0,18
S01012614,85 and over,18,4,4,0,14,1,1,0,0,12
S01012615,All people aged 16 and over in households,572,366,310,56,206,111,2,14,31,48
S01012615,16 to 24,66,5,2,3,61,61,0,0,0,0
S01012615,25 to 34,35,19,13,6,16,14,1,1,0,0
S01012615,35 to 49,145,110,87,23,35,20,1,8,5,1
S01012615,50 to 64,177,137,118,19,40,11,0,4,16,9
S01012615,65 to 74,92,67,64,3,25,3,0,1,9,12
S01012615,75 to 84,44,25,24,1,19,1,0,0,1,17
S01012615,85 and over,13,3,2,1,10,1,0,0,0,9
S01012616,All people aged 16 and over in households,753,510,450,60,243,147,2,11,34,49
S01012616,16 to 24,93,9,4,5,84,84,0,0,0,0
S01012616,25 to 34,76,46,38,8,30,27,0,1,2,0
S01012616,35 to 49,209,175,147,28,34,19,0,5,9,1
S01012616,50 to 64,211,176,165,11,35,12,0,5,13,5
S01012616,65 to 74,95,72,68,4,23,2,1,0,8,12
S01012616,75 to 84,55,32,28,4,23,1,1,0,2,19
S01012616,85 and over,14,0,0,0,14,2,0,0,0,12
S01012617,All people aged 16 and over in households,329,228,196,32,101,68,3,8,7,15
S01012617,16 to 24,47,5,3,2,42,42,0,0,0,0
S01012617,25 to 34,41,28,15,13,13,11,2,0,0,0
S01012617,35 to 49,84,69,57,12,15,4,1,5,5,0
S01012617,50 to 64,98,86,81,5,12,5,0,3,2,2
S01012617,65 to 74,33,24,24,0,9,2,0,0,0,7
S01012617,75 to 84,20,14,14,0,6,2,0,0,0,4
S01012617,85 and over,6,2,2,0,4,2,0,0,0,2
S01012618,All people aged 16 and over in households,443,274,242,32,169,114,1,12,16,26
S01012618,16 to 24,70,3,1,2,67,67,0,0,0,0
S01012618,25 to 34,45,26,15,11,19,18,0,0,1,0
S01012618,35 to 49,125,96,83,13,29,16,1,7,5,0
S01012618,50 to 64,152,123,118,5,29,9,0,5,8,7
S01012618,65 to 74,28,18,17,1,10,1,0,0,2,7
S01012618,75 to 84,18,7,7,0,11,3,0,0,0,8
S01012618,85 and over,5,1,1,0,4,0,0,0,0,4
S01012619,All people aged 16 and over in households,457,224,178,46,233,127,0,22,45,39
S01012619,16 to 24,32,2,0,2,30,29,0,1,0,0
S01012619,25 to 34,80,33,12,21,47,44,0,1,1,1
S01012619,35 to 49,72,37,27,10,35,19,0,7,9,0
S01012619,50 to 64,150,96,85,11,54,22,0,10,19,3
S01012619,65 to 74,64,35,34,1,29,7,0,1,8,13
S01012619,75 to 84,44,20,19,1,24,3,0,1,7,13
S01012619,85 and over,15,1,1,0,14,3,0,1,1,9
S01012620,All people aged 16 and over in households,646,446,420,26,200,115,6,7,20,52
S01012620,16 to 24,62,1,0,1,61,61,0,0,0,0
S01012620,25 to 34,47,18,14,4,29,29,0,0,0,0
S01012620,35 to 49,133,108,101,7,25,12,3,3,5,2
S01012620,50 to 64,219,188,178,10,31,10,1,3,10,7
S01012620,65 to 74,105,87,83,4,18,2,0,1,4,11
S01012620,75 to 84,63,41,41,0,22,1,1,0,1,19
S01012620,85 and over,17,3,3,0,14,0,1,0,0,13
S01012621,All people aged 16 and over in households,497,314,268,46,183,95,2,14,26,46
S01012621,16 to 24,46,5,0,5,41,41,0,0,0,0
S01012621,25 to 34,50,25,8,17,25,23,0,2,0,0
S01012621,35 to 49,95,66,52,14,29,18,0,9,1,1
S01012621,50 to 64,148,120,111,9,28,7,1,2,16,2
S01012621,65 to 74,83,65,64,1,18,2,1,1,5,9
S01012621,75 to 84,65,32,32,0,33,3,0,0,4,26
S01012621,85 and over,10,1,1,0,9,1,0,0,0,8
S01012622,All people aged 16 and over in households,600,352,298,54,248,133,1,18,50,46
S01012622,16 to 24,52,2,0,2,50,50,0,0,0,0
S01012622,25 to 34,89,52,23,29,37,33,0,3,1,0
S01012622,35 to 49,173,111,90,21,62,27,1,12,22,0
S01012622,50 to 64,146,101,99,2,45,14,0,3,21,7
S01012622,65 to 74,80,62,62,0,18,5,0,0,2,11
S01012622,75 to 84,44,18,18,0,26,3,0,0,3,20
S01012622,85 and over,16,6,6,0,10,1,0,0,1,8
S01012623,All people aged 16 and over in households,555,280,224,56,275,157,6,13,41,58
S01012623,16 to 24,55,5,0,5,50,50,0,0,0,0
S01012623,25 to 34,97,46,22,24,51,45,1,2,2,1
S01012623,35 to 49,123,58,42,16,65,42,2,7,12,2
S01012623,50 to 64,162,108,98,10,54,17,2,4,21,10
S01012623,65 to 74,69,51,50,1,18,1,0,0,6,11
S01012623,75 to 84,38,11,11,0,27,2,0,0,0,25
S01012623,85 and over,11,1,1,0,10,0,1,0,0,9
S01012624,All people aged 16 and over in households,588,310,254,56,278,145,3,15,54,61
S01012624,16 to 24,68,15,0,15,53,53,0,0,0,0
S01012624,25 to 34,92,45,23,22,47,40,0,1,6,0
S01012624,35 to 49,154,97,85,12,57,30,2,9,16,0
S01012624,50 to 64,140,90,85,5,50,13,1,3,26,7
S01012624,65 to 74,68,42,41,1,26,5,0,2,2,17
S01012624,75 to 84,56,19,18,1,37,4,0,0,4,29
S01012624,85 and over,10,2,2,0,8,0,0,0,0,8
S01012625,All people aged 16 and over in households,455,248,194,54,207,117,1,9,43,37
S01012625,16 to 24,74,14,2,12,60,58,0,0,0,2
S01012625,25 to 34,57,31,19,12,26,24,0,1,1,0
S01012625,35 to 49,119,74,51,23,45,23,0,6,16,0
S01012625,50 to 64,106,72,67,5,34,8,0,2,17,7
S01012625,65 to 74,45,30,28,2,15,1,0,0,8,6
S01012625,75 to 84,48,26,26,0,22,3,0,0,1,18
S01012625,85 and over,6,1,1,0,5,0,1,0,0,4
S01012626,All people aged 16 and over in households,412,268,232,36,144,77,3,11,20,33
S01012626,16 to 24,48,8,1,7,40,40,0,0,0,0
S01012626,25 to 34,42,27,15,12,15,12,0,2,1,0
S01012626,35 to 49,99,74,63,11,25,15,1,5,4,0
S01012626,50 to 64,128,97,92,5,31,9,0,3,13,6
S01012626,65 to 74,57,49,48,1,8,0,1,1,1,5
S01012626,75 to 84,32,12,12,0,20,1,1,0,1,17
S01012626,85 and over,6,1,1,0,5,0,0,0,0,5
S01012627,All people aged 16 and over in households,429,240,192,48,189,100,5,19,41,24
S01012627,16 to 24,64,9,0,9,55,55,0,0,0,0
S01012627,25 to 34,36,16,10,6,20,16,0,1,3,0
S01012627,35 to 49,127,79,56,23,48,20,2,10,15,1
S01012627,50 to 64,121,85,76,9,36,7,3,4,19,3
S01012627,65 to 74,62,47,46,1,15,0,0,3,2,10
S01012627,75 to 84,9,4,4,0,5,0,0,1,2,2
S01012627,85 and over,10,0,0,0,10,2,0,0,0,8
S01012628,All people aged 16 and over in households,706,520,452,68,186,128,2,12,18,26
S01012628,16 to 24,82,3,0,3,79,78,0,0,0,1
S01012628,25 to 34,98,73,57,16,25,21,0,3,1,0
S01012628,35 to 49,264,231,196,35,33,16,1,5,10,1
S01012628,50 to 64,150,126,114,12,24,6,1,4,7,6
S01012628,65 to 74,71,62,61,1,9,1,0,0,0,8
S01012628,75 to 84,32,24,23,1,8,4,0,0,0,4
S01012628,85 and over,9,1,1,0,8,2,0,0,0,6
S01012629,All people aged 16 and over in households,386,252,228,24,134,72,2,10,20,30
S01012629,16 to 24,44,1,0,1,43,43,0,0,0,0
S01012629,25 to 34,32,15,13,2,17,15,0,1,1,0
S01012629,35 to 49,126,110,94,16,16,5,1,5,5,0
S01012629,50 to 64,102,81,76,5,21,4,1,2,8,6
S01012629,65 to 74,41,27,27,0,14,2,0,2,3,7
S01012629,75 to 84,33,13,13,0,20,3,0,0,3,14
S01012629,85 and over,8,5,5,0,3,0,0,0,0,3
S01012630,All people aged 16 and over in households,769,350,264,86,419,187,12,30,77,113
S01012630,16 to 24,81,22,0,22,59,59,0,0,0,0
S01012630,25 to 34,81,36,9,27,45,43,0,2,0,0
S01012630,35 to 49,142,64,45,19,78,38,2,13,24,1
S01012630,50 to 64,189,110,94,16,79,20,4,9,36,10
S01012630,65 to 74,121,67,66,1,54,15,3,3,9,24
S01012630,75 to 84,123,47,46,1,76,10,1,2,7,56
S01012630,85 and over,32,4,4,0,28,2,2,1,1,22
S01012631,All people aged 16 and over in households,727,370,282,88,357,233,10,25,54,35
S01012631,16 to 24,118,16,0,16,102,101,1,0,0,0
S01012631,25 to 34,92,48,29,19,44,39,1,2,2,0
S01012631,35 to 49,239,137,111,26,102,62,4,15,20,1
S01012631,50 to 64,171,110,89,21,61,22,1,7,27,4
S01012631,65 to 74,61,37,31,6,24,6,3,1,4,10
S01012631,75 to 84,40,22,22,0,18,2,0,0,1,15
S01012631,85 and over,6,0,0,0,6,1,0,0,0,5
S01012632,All people aged 16 and over in households,590,414,374,40,176,114,4,8,31,19
S01012632,16 to 24,47,0,0,0,47,47,0,0,0,0
S01012632,25 to 34,59,35,26,9,24,21,0,2,1,0
S01012632,35 to 49,186,145,123,22,41,24,1,4,12,0
S01012632,50 to 64,183,146,137,9,37,17,0,1,16,3
S01012632,65 to 74,76,63,63,0,13,4,3,1,1,4
S01012632,75 to 84,30,23,23,0,7,0,0,0,0,7
S01012632,85 and over,9,2,2,0,7,1,0,0,1,5
S01012633,All people aged 16 and over in households,568,396,354,42,172,110,4,17,19,22
S01012633,16 to 24,60,1,0,1,59,58,1,0,0,0
S01012633,25 to 34,46,26,13,13,20,20,0,0,0,0
S01012633,35 to 49,151,118,107,11,33,17,1,10,5,0
S01012633,50 to 64,189,165,155,10,24,9,0,4,9,2
S01012633,65 to 74,81,64,58,6,17,5,2,2,4,4
S01012633,75 to 84,35,21,20,1,14,1,0,0,1,12
S01012633,85 and over,6,1,1,0,5,0,0,1,0,4
S01012634,All people aged 16 and over in households,574,304,248,56,270,141,2,16,63,48
S01012634,16 to 24,53,3,2,1,50,50,0,0,0,0
S01012634,25 to 34,63,19,6,13,44,39,0,1,4,0
S01012634,35 to 49,148,95,68,27,53,34,0,5,13,1
S01012634,50 to 64,167,113,106,7,54,12,1,8,27,6
S01012634,65 to 74,95,60,54,6,35,5,0,2,14,14
S01012634,75 to 84,40,13,11,2,27,1,1,0,5,20
S01012634,85 and over,8,1,1,0,7,0,0,0,0,7
S01012635,All people aged 16 and over in households,873,614,532,82,259,160,5,15,32,47
S01012635,16 to 24,100,12,2,10,88,86,2,0,0,0
S01012635,25 to 34,102,52,31,21,50,48,0,1,1,0
S01012635,35 to 49,269,225,197,28,44,17,1,10,13,3
S01012635,50 to 64,222,189,172,17,33,6,1,1,15,10
S01012635,65 to 74,126,108,102,6,18,2,0,3,2,11
S01012635,75 to 84,46,25,25,0,21,1,1,0,1,18
S01012635,85 and over,8,3,3,0,5,0,0,0,0,5
S01012636,All people aged 16 and over in households,502,352,284,68,150,89,5,10,19,27
S01012636,16 to 24,56,11,0,11,45,45,0,0,0,0
S01012636,25 to 34,52,27,16,11,25,22,0,2,1,0
S01012636,35 to 49,165,138,108,30,27,11,2,6,5,3
S01012636,50 to 64,129,105,91,14,24,9,0,2,8,5
S01012636,65 to 74,64,50,48,2,14,1,3,0,4,6
S01012636,75 to 84,29,19,19,0,10,1,0,0,1,8
S01012636,85 and over,7,2,2,0,5,0,0,0,0,5
S01012637,All people aged 16 and over in households,664,356,260,96,308,184,1,24,43,56
S01012637,16 to 24,103,11,2,9,92,91,0,1,0,0
S01012637,25 to 34,118,73,27,46,45,38,0,4,3,0
S01012637,35 to 49,178,116,89,27,62,25,0,14,19,4
S01012637,50 to 64,139,96,86,10,43,15,0,4,14,10
S01012637,65 to 74,74,45,43,2,29,9,1,1,7,11
S01012637,75 to 84,40,14,13,1,26,5,0,0,0,21
S01012637,85 and over,12,1,0,1,11,1,0,0,0,10
S01012638,All people aged 16 and over in households,718,416,352,64,302,137,8,35,34,88
S01012638,16 to 24,78,16,0,16,62,61,1,0,0,0
S01012638,25 to 34,76,44,31,13,32,27,0,2,3,0
S01012638,35 to 49,189,141,113,28,48,22,2,15,9,0
S01012638,50 to 64,187,133,126,7,54,15,0,13,16,10
S01012638,65 to 74,96,56,56,0,40,8,3,1,2,26
S01012638,75 to 84,63,22,22,0,41,4,1,4,3,29
S01012638,85 and over,29,4,4,0,25,0,1,0,1,23
S01012639,All people aged 16 and over in households,683,404,344,60,279,181,1,12,33,52
S01012639,16 to 24,93,8,1,7,85,85,0,0,0,0
S01012639,25 to 34,114,73,47,26,41,38,0,2,1,0
S01012639,35 to 49,184,133,112,21,51,26,1,7,13,4
S01012639,50 to 64,141,111,107,4,30,11,0,2,11,6
S01012639,65 to 74,88,58,58,0,30,12,0,0,7,11
S01012639,75 to 84,47,18,17,1,29,5,0,0,1,23
S01012639,85 and over,16,3,2,1,13,4,0,1,0,8
S01012640,All people aged 16 and over in households,774,424,296,128,350,209,6,20,64,51
S01012640,16 to 24,93,14,0,14,79,79,0,0,0,0
S01012640,25 to 34,118,56,15,41,62,57,2,1,2,0
S01012640,35 to 49,177,102,63,39,75,43,3,9,19,1
S01012640,50 to 64,212,150,122,28,62,14,1,8,31,8
S01012640,65 to 74,102,72,67,5,30,8,0,2,6,14
S01012640,75 to 84,60,29,28,1,31,5,0,0,6,20
S01012640,85 and over,12,1,1,0,11,3,0,0,0,8
S01012641,All people aged 16 and over in households,826,470,388,82,356,185,10,26,33,102
S01012641,16 to 24,103,20,2,18,83,82,0,0,0,1
S01012641,25 to 34,100,51,24,27,49,45,0,3,1,0
S01012641,35 to 49,193,143,123,20,50,21,3,16,10,0
S01012641,50 to 64,167,122,111,11,45,11,2,6,19,7
S01012641,65 to 74,104,72,66,6,32,10,0,1,3,18
S01012641,75 to 84,96,48,48,0,48,8,2,0,0,38
S01012641,85 and over,63,14,14,0,49,8,3,0,0,38
S01012642,All people aged 16 and over in households,653,320,240,80,333,188,0,28,46,71
S01012642,16 to 24,100,18,3,15,82,81,0,0,0,1
S01012642,25 to 34,90,46,19,27,44,42,0,2,0,0
S01012642,35 to 49,163,81,63,18,82,42,0,15,21,4
S01012642,50 to 64,158,106,94,12,52,15,0,9,16,12
S01012642,65 to 74,90,50,43,7,40,7,0,1,7,25
S01012642,75 to 84,42,16,16,0,26,1,0,1,2,22
S01012642,85 and over,10,3,2,1,7,0,0,0,0,7
S01012643,All people aged 16 and over in households,375,246,200,46,129,78,1,9,14,27
S01012643,16 to 24,43,8,2,6,35,35,0,0,0,0
S01012643,25 to 34,55,34,10,24,21,19,0,2,0,0
S01012643,35 to 49,89,61,53,8,28,15,1,5,5,2
S01012643,50 to 64,108,89,86,3,19,6,0,2,7,4
S01012643,65 to 74,44,38,35,3,6,1,0,0,2,3
S01012643,75 to 84,29,12,10,2,17,2,0,0,0,15
S01012643,85 and over,7,4,4,0,3,0,0,0,0,3
S01012644,All people aged 16 and over in households,536,300,238,62,236,133,1,19,28,55
S01012644,16 to 24,64,9,3,6,55,55,0,0,0,0
S01012644,25 to 34,82,47,25,22,35,33,0,2,0,0
S01012644,35 to 49,168,114,93,21,54,27,1,13,13,0
S01012644,50 to 64,103,72,63,9,31,9,0,4,10,8
S01012644,65 to 74,60,40,36,4,20,7,0,0,2,11
S01012644,75 to 84,50,16,16,0,34,2,0,0,3,29
S01012644,85 and over,9,2,2,0,7,0,0,0,0,7
S01012645,All people aged 16 and over in households,639,388,338,50,251,125,5,18,37,66
S01012645,16 to 24,54,2,0,2,52,52,0,0,0,0
S01012645,25 to 34,83,47,35,12,36,34,1,0,0,1
S01012645,35 to 49,186,148,128,20,38,16,0,7,13,2
S01012645,50 to 64,170,123,107,16,47,14,2,10,16,5
S01012645,65 to 74,77,51,51,0,26,4,2,1,7,12
S01012645,75 to 84,42,15,15,0,27,2,0,0,1,24
S01012645,85 and over,27,2,2,0,25,3,0,0,0,22
S01012646,All people aged 16 and over in households,764,518,448,70,246,145,0,26,33,42
S01012646,16 to 24,79,7,0,7,72,71,0,1,0,0
S01012646,25 to 34,72,44,30,14,28,24,0,4,0,0
S01012646,35 to 49,263,205,175,30,58,27,0,14,16,1
S01012646,50 to 64,210,166,147,19,44,15,0,7,13,9
S01012646,65 to 74,82,62,62,0,20,3,0,0,4,13
S01012646,75 to 84,46,31,31,0,15,2,0,0,0,13
S01012646,85 and over,12,3,3,0,9,3,0,0,0,6
S01012647,All people aged 16 and over in households,529,398,300,98,131,85,1,15,22,8
S01012647,16 to 24,71,18,1,17,53,53,0,0,0,0
S01012647,25 to 34,141,121,83,38,20,16,0,1,2,1
S01012647,35 to 49,221,188,152,36,33,10,1,13,8,1
S01012647,50 to 64,78,58,53,5,20,5,0,1,12,2
S01012647,65 to 74,14,11,11,0,3,0,0,0,0,3
S01012647,75 to 84,2,1,0,1,1,0,0,0,0,1
S01012647,85 and over,2,1,0,1,1,1,0,0,0,0
S01012648,All people aged 16 and over in households,438,220,176,44,218,133,2,18,27,38
S01012648,16 to 24,73,3,0,3,70,69,0,0,0,1
S01012648,25 to 34,63,26,9,17,37,34,0,0,3,0
S01012648,35 to 49,114,73,56,17,41,20,1,11,9,0
S01012648,50 to 64,100,69,62,7,31,7,1,6,10,7
S01012648,65 to 74,61,39,39,0,22,3,0,1,5,13
S01012648,75 to 84,19,8,8,0,11,0,0,0,0,11
S01012648,85 and over,8,2,2,0,6,0,0,0,0,6
S01012649,All people aged 16 and over in households,517,310,266,44,207,144,3,8,17,35
S01012649,16 to 24,75,6,0,6,69,69,0,0,0,0
S01012649,25 to 34,67,30,23,7,37,35,0,0,2,0
S01012649,35 to 49,138,103,87,16,35,20,0,6,7,2
S01012649,50 to 64,124,101,88,13,23,10,1,1,7,4
S01012649,65 to 74,68,52,50,2,16,6,1,1,1,7
S01012649,75 to 84,37,17,17,0,20,4,0,0,0,16
S01012649,85 and over,8,1,1,0,7,0,1,0,0,6
S01012650,All people aged 16 and over in households,497,328,292,36,169,103,2,3,28,33
S01012650,16 to 24,39,4,1,3,35,35,0,0,0,0
S01012650,25 to 34,62,29,15,14,33,32,0,0,1,0
S01012650,35 to 49,142,105,90,15,37,22,1,1,12,1
S01012650,50 to 64,155,128,124,4,27,7,0,2,11,7
S01012650,65 to 74,68,51,51,0,17,4,0,0,1,12
S01012650,75 to 84,23,9,9,0,14,3,1,0,3,7
S01012650,85 and over,8,2,2,0,6,0,0,0,0,6
S01012651,All people aged 16 and over in households,523,261,202,59,262,131,4,17,52,58
S01012651,16 to 24,58,17,5,12,41,40,0,1,0,0
S01012651,25 to 34,79,38,13,25,41,39,0,1,1,0
S01012651,35 to 49,144,74,56,18,70,34,1,8,24,3
S01012651,50 to 64,112,69,68,1,43,9,2,4,21,7
S01012651,65 to 74,79,44,41,3,35,7,1,3,5,19
S01012651,75 to 84,41,15,15,0,26,2,0,0,1,23
S01012651,85 and over,10,4,4,0,6,0,0,0,0,6
S01012652,All people aged 16 and over in households,883,618,556,62,265,180,1,10,22,52
S01012652,16 to 24,112,6,0,6,106,106,0,0,0,0
S01012652,25 to 34,97,53,28,25,44,43,0,0,1,0
S01012652,35 to 49,230,195,166,29,35,20,0,7,7,1
S01012652,50 to 64,287,258,256,2,29,9,0,3,9,8
S01012652,65 to 74,102,76,76,0,26,1,0,0,5,20
S01012652,75 to 84,43,27,27,0,16,1,1,0,0,14
S01012652,85 and over,12,3,3,0,9,0,0,0,0,9
S01012653,All people aged 16 and over in households,704,384,288,96,320,219,10,20,32,39
S01012653,16 to 24,122,10,1,9,112,112,0,0,0,0
S01012653,25 to 34,104,53,23,30,51,49,0,0,2,0
S01012653,35 to 49,218,145,104,41,73,39,3,17,13,1
S01012653,50 to 64,175,133,122,11,42,12,6,3,11,10
S01012653,65 to 74,52,35,32,3,17,4,1,0,4,8
S01012653,75 to 84,26,7,6,1,19,2,0,0,2,15
S01012653,85 and over,7,1,0,1,6,1,0,0,0,5
S01012654,All people aged 16 and over in households,614,408,352,56,206,131,3,20,20,32
S01012654,16 to 24,71,7,2,5,64,64,0,0,0,0
S01012654,25 to 34,62,37,24,13,25,25,0,0,0,0
S01012654,35 to 49,212,164,133,31,48,28,1,10,8,1
S01012654,50 to 64,153,113,108,5,40,11,1,7,10,11
S01012654,65 to 74,78,64,63,1,14,3,1,2,1,7
S01012654,75 to 84,30,19,18,1,11,0,0,1,1,9
S01012654,85 and over,8,4,4,0,4,0,0,0,0,4
S01012655,All people aged 16 and over in households,864,520,430,90,344,203,6,23,38,74
S01012655,16 to 24,105,13,0,13,92,89,0,3,0,0
S01012655,25 to 34,113,53,26,27,60,53,0,6,1,0
S01012655,35 to 49,219,152,117,35,67,34,4,9,17,3
S01012655,50 to 64,251,193,180,13,58,21,2,3,12,20
S01012655,65 to 74,108,74,72,2,34,3,0,2,8,21
S01012655,75 to 84,56,31,31,0,25,2,0,0,0,23
S01012655,85 and over,12,4,4,0,8,1,0,0,0,7
S01012656,All people aged 16 and over in households,673,344,266,78,329,176,3,25,54,71
S01012656,16 to 24,67,12,0,12,55,55,0,0,0,0
S01012656,25 to 34,101,51,21,30,50,48,0,2,0,0
S01012656,35 to 49,168,96,75,21,72,46,0,7,19,0
S01012656,50 to 64,164,101,88,13,63,16,2,9,25,11
S01012656,65 to 74,95,57,55,2,38,9,0,2,8,19
S01012656,75 to 84,59,25,25,0,34,0,1,5,2,26
S01012656,85 and over,19,2,2,0,17,2,0,0,0,15
S01012657,All people aged 16 and over in households,455,232,194,38,223,131,1,17,25,49
S01012657,16 to 24,64,8,3,5,56,56,0,0,0,0
S01012657,25 to 34,63,31,17,14,32,31,0,1,0,0
S01012657,35 to 49,118,72,58,14,46,25,1,10,7,3
S01012657,50 to 64,86,55,52,3,31,11,0,5,12,3
S01012657,65 to 74,64,40,38,2,24,4,0,1,4,15
S01012657,75 to 84,48,23,23,0,25,2,0,0,2,21
S01012657,85 and over,12,3,3,0,9,2,0,0,0,7
S01012658,All people aged 16 and over in households,818,530,474,56,288,170,3,8,34,73
S01012658,16 to 24,96,11,0,11,85,85,0,0,0,0
S01012658,25 to 34,84,42,27,15,42,36,0,2,4,0
S01012658,35 to 49,200,152,133,19,48,30,1,4,9,4
S01012658,50 to 64,248,209,201,8,39,14,0,1,12,12
S01012658,65 to 74,119,85,84,1,34,3,0,1,7,23
S01012658,75 to 84,59,30,28,2,29,1,1,0,2,25
S01012658,85 and over,12,1,1,0,11,1,1,0,0,9
S01012659,All people aged 16 and over in households,771,576,512,64,195,141,3,19,17,15
S01012659,16 to 24,89,1,0,1,88,87,1,0,0,0
S01012659,25 to 34,115,85,57,28,30,24,0,4,2,0
S01012659,35 to 49,345,298,271,27,47,25,2,13,7,0
S01012659,50 to 64,151,134,127,7,17,4,0,2,7,4
S01012659,65 to 74,46,39,38,1,7,1,0,0,1,5
S01012659,75 to 84,22,18,18,0,4,0,0,0,0,4
S01012659,85 and over,3,1,1,0,2,0,0,0,0,2
S01012660,All people aged 16 and over in households,591,304,264,40,287,159,4,9,39,76
S01012660,16 to 24,79,2,0,2,77,77,0,0,0,0
S01012660,25 to 34,83,42,23,19,41,36,2,1,0,2
S01012660,35 to 49,154,110,95,15,44,26,0,5,12,1
S01012660,50 to 64,155,107,103,4,48,14,0,2,19,13
S01012660,65 to 74,61,34,34,0,27,1,0,1,6,19
S01012660,75 to 84,48,9,9,0,39,5,2,0,0,32
S01012660,85 and over,11,0,0,0,11,0,0,0,2,9
S01012661,All people aged 16 and over in households,645,390,326,64,255,148,3,25,37,42
S01012661,16 to 24,99,11,0,11,88,86,0,2,0,0
S01012661,25 to 34,61,28,14,14,33,29,1,1,2,0
S01012661,35 to 49,181,129,110,19,52,27,2,12,10,1
S01012661,50 to 64,169,133,118,15,36,2,0,9,18,7
S01012661,65 to 74,72,61,58,3,11,1,0,1,3,6
S01012661,75 to 84,52,26,25,1,26,3,0,0,4,19
S01012661,85 and over,11,2,1,1,9,0,0,0,0,9
S01012662,All people aged 16 and over in households,633,336,274,62,297,157,1,23,46,70
S01012662,16 to 24,74,7,3,4,67,67,0,0,0,0
S01012662,25 to 34,89,41,12,29,48,39,0,8,1,0
S01012662,35 to 49,139,86,68,18,53,29,0,10,12,2
S01012662,50 to 64,165,124,116,8,41,8,0,4,21,8
S01012662,65 to 74,100,58,55,3,42,3,1,1,8,29
S01012662,75 to 84,52,19,19,0,33,8,0,0,3,22
S01012662,85 and over,14,1,1,0,13,3,0,0,1,9
S01012663,All people aged 16 and over in households,597,404,356,48,193,124,3,9,25,32
S01012663,16 to 24,65,3,0,3,62,62,0,0,0,0
S01012663,25 to 34,62,29,12,17,33,31,0,2,0,0
S01012663,35 to 49,142,116,102,14,26,15,1,5,4,1
S01012663,50 to 64,172,141,132,9,31,9,2,2,13,5
S01012663,65 to 74,104,84,80,4,20,3,0,0,6,11
S01012663,75 to 84,41,29,28,1,12,1,0,0,2,9
S01012663,85 and over,11,2,2,0,9,3,0,0,0,6
S01012664,All people aged 16 and over in households,769,414,344,70,355,188,4,28,62,73
S01012664,16 to 24,87,8,0,8,79,78,0,0,1,0
S01012664,25 to 34,107,57,33,24,50,46,0,3,1,0
S01012664,35 to 49,214,128,101,27,86,41,3,14,28,0
S01012664,50 to 64,179,127,118,9,52,11,0,7,26,8
S01012664,65 to 74,95,71,69,2,24,2,1,3,3,15
S01012664,75 to 84,64,21,21,0,43,6,0,1,3,33
S01012664,85 and over,23,2,2,0,21,4,0,0,0,17
S01012665,All people aged 16 and over in households,565,294,238,56,271,163,2,19,42,45
S01012665,16 to 24,78,18,6,12,60,60,0,0,0,0
S01012665,25 to 34,83,33,10,23,50,46,0,4,0,0
S01012665,35 to 49,153,87,74,13,66,34,1,11,20,0
S01012665,50 to 64,119,79,75,4,40,14,1,4,14,7
S01012665,65 to 74,88,58,56,2,30,5,0,0,7,18
S01012665,75 to 84,35,16,15,1,19,2,0,0,1,16
S01012665,85 and over,9,3,2,1,6,2,0,0,0,4
S01012666,All people aged 16 and over in households,553,284,232,52,269,131,2,25,38,73
S01012666,16 to 24,54,8,1,7,46,45,0,1,0,0
S01012666,25 to 34,72,29,13,16,43,40,1,1,1,0
S01012666,35 to 49,133,71,49,22,62,32,1,12,13,4
S01012666,50 to 64,147,100,96,4,47,12,0,5,16,14
S01012666,65 to 74,91,58,55,3,33,2,0,2,5,24
S01012666,75 to 84,44,18,18,0,26,0,0,2,3,21
S01012666,85 and over,12,0,0,0,12,0,0,2,0,10
S01012667,All people aged 16 and over in households,482,232,184,48,250,161,0,14,43,32
S01012667,16 to 24,79,7,1,6,72,70,0,0,2,0
S01012667,25 to 34,71,27,9,18,44,42,0,0,2,0
S01012667,35 to 49,122,60,45,15,62,32,0,10,18,2
S01012667,50 to 64,97,70,63,7,27,8,0,2,12,5
S01012667,65 to 74,76,51,49,2,25,6,0,2,8,9
S01012667,75 to 84,35,16,16,0,19,3,0,0,1,15
S01012667,85 and over,2,1,1,0,1,0,0,0,0,1
S01012668,All people aged 16 and over in households,597,298,230,68,299,164,5,20,52,58
S01012668,16 to 24,89,18,0,18,71,70,0,1,0,0
S01012668,25 to 34,91,41,25,16,50,45,0,2,3,0
S01012668,35 to 49,167,104,79,25,63,26,1,8,26,2
S01012668,50 to 64,141,85,80,5,56,16,3,8,19,10
S01012668,65 to 74,59,36,32,4,23,3,0,1,2,17
S01012668,75 to 84,39,12,12,0,27,3,0,0,2,22
S01012668,85 and over,11,2,2,0,9,1,1,0,0,7
S01012669,All people aged 16 and over in households,618,422,390,32,196,124,3,12,21,36
S01012669,16 to 24,82,3,0,3,79,79,0,0,0,0
S01012669,25 to 34,61,37,27,10,24,22,0,0,1,1
S01012669,35 to 49,153,118,102,16,35,16,1,8,9,1
S01012669,50 to 64,177,157,154,3,20,3,1,4,7,5
S01012669,65 to 74,96,74,74,0,22,2,1,0,3,16
S01012669,75 to 84,44,33,33,0,11,0,0,0,1,10
S01012669,85 and over,5,0,0,0,5,2,0,0,0,3
S01012670,All people aged 16 and over in households,613,426,380,46,187,118,2,11,16,40
S01012670,16 to 24,84,12,2,10,72,72,0,0,0,0
S01012670,25 to 34,49,21,17,4,28,27,0,1,0,0
S01012670,35 to 49,128,105,83,22,23,12,0,4,7,0
S01012670,50 to 64,182,164,159,5,18,5,1,4,4,4
S01012670,65 to 74,102,85,80,5,17,2,0,2,4,9
S01012670,75 to 84,51,33,33,0,18,0,1,0,1,16
S01012670,85 and over,17,6,6,0,11,0,0,0,0,11
S01012671,All people aged 16 and over in households,729,440,368,72,289,171,1,13,39,65
S01012671,16 to 24,87,4,2,2,83,83,0,0,0,0
S01012671,25 to 34,108,59,37,22,49,44,0,3,2,0
S01012671,35 to 49,189,144,108,36,45,22,0,5,13,5
S01012671,50 to 64,205,157,146,11,48,13,1,5,16,13
S01012671,65 to 74,69,50,49,1,19,3,0,0,4,12
S01012671,75 to 84,48,22,22,0,26,4,0,0,4,18
S01012671,85 and over,23,4,4,0,19,2,0,0,0,17
S01012672,All people aged 16 and over in households,588,260,188,72,328,173,3,27,71,54
S01012672,16 to 24,70,13,1,12,57,56,0,0,1,0
S01012672,25 to 34,86,30,10,20,56,52,1,1,2,0
S01012672,35 to 49,158,88,61,27,70,35,2,12,18,3
S01012672,50 to 64,150,81,70,11,69,13,0,11,30,15
S01012672,65 to 74,83,39,38,1,44,12,0,3,16,13
S01012672,75 to 84,38,9,8,1,29,4,0,0,4,21
S01012672,85 and over,3,0,0,0,3,1,0,0,0,2
S01012673,All people aged 16 and over in households,478,216,168,48,262,169,3,15,35,40
S01012673,16 to 24,87,8,0,8,79,78,0,0,1,0
S01012673,25 to 34,60,20,6,14,40,38,0,0,2,0
S01012673,35 to 49,121,59,41,18,62,32,0,9,19,2
S01012673,50 to 64,139,95,89,6,44,15,3,4,10,12
S01012673,65 to 74,49,29,28,1,20,5,0,1,3,11
S01012673,75 to 84,17,4,4,0,13,0,0,1,0,12
S01012673,85 and over,5,1,0,1,4,1,0,0,0,3
S01012674,All people aged 16 and over in households,441,198,154,44,243,145,2,19,37,40
S01012674,16 to 24,68,2,0,2,66,66,0,0,0,0
S01012674,25 to 34,74,30,14,16,44,37,0,3,3,1
S01012674,35 to 49,127,78,59,19,49,29,0,6,13,1
S01012674,50 to 64,99,60,53,7,39,6,0,8,12,13
S01012674,65 to 74,46,22,22,0,24,2,2,2,6,12
S01012674,75 to 84,22,6,6,0,16,3,0,0,2,11
S01012674,85 and over,5,0,0,0,5,2,0,0,1,2
S01012675,All people aged 16 and over in households,641,312,232,80,329,205,3,23,52,46
S01012675,16 to 24,102,7,0,7,95,95,0,0,0,0
S01012675,25 to 34,90,40,10,30,50,44,2,3,1,0
S01012675,35 to 49,169,96,71,25,73,41,1,12,17,2
S01012675,50 to 64,172,117,104,13,55,15,0,5,25,10
S01012675,65 to 74,71,45,40,5,26,6,0,3,7,10
S01012675,75 to 84,25,6,6,0,19,3,0,0,2,14
S01012675,85 and over,12,1,1,0,11,1,0,0,0,10
S01012676,All people aged 16 and over in households,634,370,310,60,264,177,1,14,34,38
S01012676,16 to 24,109,9,0,9,100,96,0,2,0,2
S01012676,25 to 34,93,51,31,20,42,39,0,2,1,0
S01012676,35 to 49,203,153,129,24,50,27,0,5,18,0
S01012676,50 to 64,137,96,91,5,41,13,1,5,15,7
S01012676,65 to 74,53,43,41,2,10,1,0,0,0,9
S01012676,75 to 84,28,16,16,0,12,1,0,0,0,11
S01012676,85 and over,11,2,2,0,9,0,0,0,0,9
S01012677,All people aged 16 and over in households,476,262,202,60,214,121,2,15,42,34
S01012677,16 to 24,72,11,1,10,61,61,0,0,0,0
S01012677,25 to 34,58,26,9,17,32,29,0,1,2,0
S01012677,35 to 49,115,71,51,20,44,25,0,8,11,0
S01012677,50 to 64,137,99,89,10,38,5,1,6,19,7
S01012677,65 to 74,57,37,35,2,20,1,0,0,5,14
S01012677,75 to 84,29,14,13,1,15,0,1,0,5,9
S01012677,85 and over,8,4,4,0,4,0,0,0,0,4
S01012678,All people aged 16 and over in households,559,384,318,66,175,116,0,15,21,23
S01012678,16 to 24,77,6,2,4,71,71,0,0,0,0
S01012678,25 to 34,85,57,29,28,28,24,0,2,2,0
S01012678,35 to 49,178,145,128,17,33,13,0,10,9,1
S01012678,50 to 64,154,128,111,17,26,7,0,3,8,8
S01012678,65 to 74,53,42,42,0,11,0,0,0,1,10
S01012678,75 to 84,10,6,6,0,4,1,0,0,0,3
S01012678,85 and over,2,0,0,0,2,0,0,0,1,1
S01012679,All people aged 16 and over in households,668,414,344,70,254,149,8,11,34,52
S01012679,16 to 24,66,4,0,4,62,62,0,0,0,0
S01012679,25 to 34,80,47,30,17,33,31,1,0,1,0
S01012679,35 to 49,160,113,89,24,47,32,3,2,10,0
S01012679,50 to 64,189,145,126,19,44,20,1,5,16,2
S01012679,65 to 74,99,66,60,6,33,3,0,3,6,21
S01012679,75 to 84,51,34,34,0,17,1,0,1,0,15
S01012679,85 and over,23,5,5,0,18,0,3,0,1,14
S01012680,All people aged 16 and over in households,437,308,274,34,129,85,4,9,7,24
S01012680,16 to 24,48,1,0,1,47,47,0,0,0,0
S01012680,25 to 34,68,43,34,9,25,23,0,2,0,0
S01012680,35 to 49,159,141,120,21,18,10,1,5,2,0
S01012680,50 to 64,84,67,64,3,17,2,3,2,5,5
S01012680,65 to 74,47,41,41,0,6,1,0,0,0,5
S01012680,75 to 84,20,14,14,0,6,0,0,0,0,6
S01012680,85 and over,11,1,1,0,10,2,0,0,0,8
S01012681,All people aged 16 and over in households,568,330,268,62,238,132,6,20,27,53
S01012681,16 to 24,82,11,4,7,71,69,1,1,0,0
S01012681,25 to 34,81,47,24,23,34,30,1,3,0,0
S01012681,35 to 49,144,102,82,20,42,21,0,7,13,1
S01012681,50 to 64,137,102,93,9,35,9,2,7,7,10
S01012681,65 to 74,74,42,39,3,32,2,1,2,7,20
S01012681,75 to 84,37,22,22,0,15,0,0,0,0,15
S01012681,85 and over,13,4,4,0,9,1,1,0,0,7
S01012682,All people aged 16 and over in households,590,388,332,56,202,99,0,12,29,62
S01012682,16 to 24,58,3,0,3,55,55,0,0,0,0
S01012682,25 to 34,66,46,18,28,20,15,0,4,1,0
S01012682,35 to 49,130,95,81,14,35,15,0,6,13,1
S01012682,50 to 64,166,141,132,9,25,7,0,1,8,9
S01012682,65 to 74,91,66,65,1,25,4,0,1,4,16
S01012682,75 to 84,60,31,30,1,29,3,0,0,3,23
S01012682,85 and over,19,6,6,0,13,0,0,0,0,13
S01012683,All people aged 16 and over in households,604,338,262,76,266,163,2,22,42,37
S01012683,16 to 24,96,12,0,12,84,84,0,0,0,0
S01012683,25 to 34,95,49,15,34,46,41,1,4,0,0
S01012683,35 to 49,173,120,94,26,53,21,0,16,12,4
S01012683,50 to 64,174,124,120,4,50,14,1,1,24,10
S01012683,65 to 74,30,22,22,0,8,0,0,1,2,5
S01012683,75 to 84,32,11,11,0,21,1,0,0,3,17
S01012683,85 and over,4,0,0,0,4,2,0,0,1,1
S01012684,All people aged 16 and over in households,396,254,228,26,142,81,3,9,30,19
S01012684,16 to 24,37,1,1,0,36,36,0,0,0,0
S01012684,25 to 34,45,31,22,9,14,14,0,0,0,0
S01012684,35 to 49,165,123,109,14,42,20,3,5,14,0
S01012684,50 to 64,86,57,54,3,29,8,0,4,12,5
S01012684,65 to 74,41,31,31,0,10,1,0,0,3,6
S01012684,75 to 84,17,9,9,0,8,2,0,0,1,5
S01012684,85 and over,5,2,2,0,3,0,0,0,0,3
S01012685,All people aged 16 and over in households,623,352,284,68,271,154,4,11,57,45
S01012685,16 to 24,87,4,0,4,83,82,0,1,0,0
S01012685,25 to 34,68,47,26,21,21,18,0,2,1,0
S01012685,35 to 49,199,133,106,27,66,27,2,7,27,3
S01012685,50 to 64,164,117,103,14,47,17,0,1,22,7
S01012685,65 to 74,61,37,35,2,24,6,1,0,6,11
S01012685,75 to 84,34,13,13,0,21,3,1,0,1,16
S01012685,85 and over,10,1,1,0,9,1,0,0,0,8
S01012686,All people aged 16 and over in households,786,498,430,68,288,166,5,24,36,57
S01012686,16 to 24,86,7,1,6,79,79,0,0,0,0
S01012686,25 to 34,104,63,38,25,41,38,1,2,0,0
S01012686,35 to 49,216,158,127,31,58,27,1,13,16,1
S01012686,50 to 64,205,163,157,6,42,13,1,8,15,5
S01012686,65 to 74,100,75,75,0,25,3,1,1,3,17
S01012686,75 to 84,56,26,26,0,30,4,0,0,2,24
S01012686,85 and over,19,6,6,0,13,2,1,0,0,10
S01012687,All people aged 16 and over in households,456,328,312,16,128,65,4,2,10,47
S01012687,16 to 24,35,1,0,1,34,34,0,0,0,0
S01012687,25 to 34,25,10,6,4,15,14,0,0,1,0
S01012687,35 to 49,76,62,52,10,14,7,2,1,4,0
S01012687,50 to 64,128,110,109,1,18,6,1,1,3,7
S01012687,65 to 74,120,99,99,0,21,3,0,0,1,17
S01012687,75 to 84,62,42,42,0,20,0,1,0,1,18
S01012687,85 and over,10,4,4,0,6,1,0,0,0,5
S01012688,All people aged 16 and over in households,692,334,250,84,358,192,9,23,63,71
S01012688,16 to 24,59,12,0,12,47,46,1,0,0,0
S01012688,25 to 34,111,41,12,29,70,67,0,1,2,0
S01012688,35 to 49,171,100,73,27,71,40,4,9,17,1
S01012688,50 to 64,157,97,83,14,60,20,2,9,25,4
S01012688,65 to 74,93,52,50,2,41,6,1,2,15,17
S01012688,75 to 84,71,28,28,0,43,11,0,2,3,27
S01012688,85 and over,30,4,4,0,26,2,1,0,1,22
S01012689,All people aged 16 and over in households,388,270,248,22,118,75,2,14,11,16
S01012689,16 to 24,52,3,1,2,49,49,0,0,0,0
S01012689,25 to 34,29,13,10,3,16,14,0,1,1,0
S01012689,35 to 49,100,85,74,11,15,7,0,5,3,0
S01012689,50 to 64,125,110,108,2,15,1,1,6,5,2
S01012689,65 to 74,48,33,29,4,15,2,1,1,2,9
S01012689,75 to 84,30,23,23,0,7,2,0,1,0,4
S01012689,85 and over,4,3,3,0,1,0,0,0,0,1
S01012690,All people aged 16 and over in households,424,306,280,26,118,76,1,5,15,21
S01012690,16 to 24,50,1,1,0,49,49,0,0,0,0
S01012690,25 to 34,34,19,15,4,15,13,0,2,0,0
S01012690,35 to 49,116,99,85,14,17,9,0,2,5,1
S01012690,50 to 64,139,119,116,3,20,2,1,1,9,7
S01012690,65 to 74,52,45,41,4,7,0,0,0,0,7
S01012690,75 to 84,25,19,18,1,6,3,0,0,1,2
S01012690,85 and over,8,4,4,0,4,0,0,0,0,4
S01012691,All people aged 16 and over in households,595,396,372,24,199,126,4,22,19,28
S01012691,16 to 24,72,2,1,1,70,70,0,0,0,0
S01012691,25 to 34,58,29,27,2,29,28,0,1,0,0
S01012691,35 to 49,184,154,141,13,30,7,0,15,6,2
S01012691,50 to 64,154,123,116,7,31,10,2,3,11,5
S01012691,65 to 74,80,65,64,1,15,3,0,3,2,7
S01012691,75 to 84,39,21,21,0,18,5,2,0,0,11
S01012691,85 and over,8,2,2,0,6,3,0,0,0,3
S01012692,All people aged 16 and over in households,607,360,316,44,247,138,2,12,30,65
S01012692,16 to 24,64,2,0,2,62,62,0,0,0,0
S01012692,25 to 34,71,37,20,17,34,31,0,1,2,0
S01012692,35 to 49,166,128,105,23,38,18,0,6,13,1
S01012692,50 to 64,152,117,115,2,35,11,0,3,11,10
S01012692,65 to 74,89,63,63,0,26,12,0,1,3,10
S01012692,75 to 84,33,11,11,0,22,2,0,0,1,19
S01012692,85 and over,32,2,2,0,30,2,2,1,0,25
S01012693,All people aged 16 and over in households,701,508,470,38,193,136,4,13,19,21
S01012693,16 to 24,100,1,0,1,99,99,0,0,0,0
S01012693,25 to 34,45,23,12,11,22,20,0,2,0,0
S01012693,35 to 49,245,213,193,20,32,11,1,9,9,2
S01012693,50 to 64,218,199,196,3,19,3,0,2,8,6
S01012693,65 to 74,54,48,46,2,6,0,0,0,1,5
S01012693,75 to 84,35,22,21,1,13,2,3,0,1,7
S01012693,85 and over,4,2,2,0,2,1,0,0,0,1
S01012694,All people aged 16 and over in households,363,258,214,44,105,52,6,3,17,27
S01012694,16 to 24,24,1,0,1,23,23,0,0,0,0
S01012694,25 to 34,39,33,19,14,6,6,0,0,0,0
S01012694,35 to 49,124,97,80,17,27,16,1,1,8,1
S01012694,50 to 64,96,74,63,11,22,4,2,2,7,7
S01012694,65 to 74,45,36,36,0,9,0,1,0,1,7
S01012694,75 to 84,28,15,15,0,13,2,2,0,1,8
S01012694,85 and over,7,2,1,1,5,1,0,0,0,4
S01012695,All people aged 16 and over in households,651,466,402,64,185,124,4,12,17,28
S01012695,16 to 24,73,7,2,5,66,66,0,0,0,0
S01012695,25 to 34,83,52,37,15,31,27,0,1,2,1
S01012695,35 to 49,188,152,131,21,36,17,0,8,9,2
S01012695,50 to 64,196,173,155,18,23,8,3,2,6,4
S01012695,65 to 74,72,59,54,5,13,3,0,1,0,9
S01012695,75 to 84,31,23,23,0,8,2,1,0,0,5
S01012695,85 and over,8,0,0,0,8,1,0,0,0,7
S01012696,All people aged 16 and over in households,562,388,344,44,174,112,4,13,18,27
S01012696,16 to 24,62,0,0,0,62,60,0,2,0,0
S01012696,25 to 34,44,24,14,10,20,18,0,2,0,0
S01012696,35 to 49,195,155,135,20,40,21,3,6,9,1
S01012696,50 to 64,160,140,128,12,20,5,0,3,7,5
S01012696,65 to 74,69,52,50,2,17,5,0,0,1,11
S01012696,75 to 84,30,17,17,0,13,3,1,0,1,8
S01012696,85 and over,2,0,0,0,2,0,0,0,0,2
S01012697,All people aged 16 and over in households,405,290,272,18,115,70,1,6,16,22
S01012697,16 to 24,36,0,0,0,36,36,0,0,0,0
S01012697,25 to 34,38,22,18,4,16,16,0,0,0,0
S01012697,35 to 49,126,107,96,11,19,9,1,3,6,0
S01012697,50 to 64,115,92,90,2,23,9,0,3,8,3
S01012697,65 to 74,65,55,54,1,10,0,0,0,2,8
S01012697,75 to 84,21,13,13,0,8,0,0,0,0,8
S01012697,85 and over,4,1,1,0,3,0,0,0,0,3
S01012698,All people aged 16 and over in households,653,452,398,54,201,114,2,13,22,50
S01012698,16 to 24,67,11,4,7,56,56,0,0,0,0
S01012698,25 to 34,56,29,18,11,27,25,1,0,1,0
S01012698,35 to 49,147,107,87,20,40,18,0,7,12,3
S01012698,50 to 64,226,190,176,14,36,11,0,6,8,11
S01012698,65 to 74,94,75,73,2,19,3,1,0,1,14
S01012698,75 to 84,52,36,36,0,16,1,0,0,0,15
S01012698,85 and over,11,4,4,0,7,0,0,0,0,7
S01012699,All people aged 16 and over in households,847,524,472,52,323,194,4,26,36,63
S01012699,16 to 24,99,3,1,2,96,96,0,0,0,0
S01012699,25 to 34,85,36,27,9,49,46,0,2,1,0
S01012699,35 to 49,256,195,170,25,61,27,1,17,14,2
S01012699,50 to 64,250,205,191,14,45,14,3,6,12,10
S01012699,65 to 74,96,61,59,2,35,8,0,1,5,21
S01012699,75 to 84,43,19,19,0,24,1,0,0,4,19
S01012699,85 and over,18,5,5,0,13,2,0,0,0,11
S01012700,All people aged 16 and over in households,655,440,398,42,215,137,1,19,25,33
S01012700,16 to 24,93,5,0,5,88,86,0,2,0,0
S01012700,25 to 34,54,30,16,14,24,21,0,3,0,0
S01012700,35 to 49,201,162,150,12,39,16,1,10,10,2
S01012700,50 to 64,170,143,135,8,27,7,0,4,9,7
S01012700,65 to 74,95,73,70,3,22,6,0,0,6,10
S01012700,75 to 84,31,22,22,0,9,1,0,0,0,8
S01012700,85 and over,11,5,5,0,6,0,0,0,0,6
S01012701,All people aged 16 and over in households,467,326,298,28,141,90,1,6,13,31
S01012701,16 to 24,54,3,0,3,51,51,0,0,0,0
S01012701,25 to 34,30,10,9,1,20,20,0,0,0,0
S01012701,35 to 49,115,93,83,10,22,10,1,5,6,0
S01012701,50 to 64,139,119,107,12,20,7,0,1,6,6
S01012701,65 to 74,93,78,77,1,15,0,0,0,1,14
S01012701,75 to 84,30,22,21,1,8,1,0,0,0,7
S01012701,85 and over,6,1,1,0,5,1,0,0,0,4
S01012702,All people aged 16 and over in households,483,306,244,62,177,107,3,11,24,32
S01012702,16 to 24,56,11,0,11,45,44,0,0,1,0
S01012702,25 to 34,106,73,40,33,33,31,0,2,0,0
S01012702,35 to 49,140,103,88,15,37,20,1,6,10,0
S01012702,50 to 64,94,73,72,1,21,6,2,3,7,3
S01012702,65 to 74,55,37,35,2,18,2,0,0,5,11
S01012702,75 to 84,29,9,9,0,20,4,0,0,1,15
S01012702,85 and over,3,0,0,0,3,0,0,0,0,3
S01012703,All people aged 16 and over in households,464,316,282,34,148,115,3,9,17,4
S01012703,16 to 24,80,0,0,0,80,80,0,0,0,0
S01012703,25 to 34,48,32,23,9,16,15,1,0,0,0
S01012703,35 to 49,191,165,151,14,26,12,0,5,9,0
S01012703,50 to 64,116,104,93,11,12,4,1,4,3,0
S01012703,65 to 74,21,12,12,0,9,2,0,0,5,2
S01012703,75 to 84,8,3,3,0,5,2,1,0,0,2
S01012703,85 and over,0,0,0,0,0,0,0,0,0,0
S01012704,All people aged 16 and over in households,597,324,262,62,273,190,1,8,36,38
S01012704,16 to 24,81,4,0,4,77,77,0,0,0,0
S01012704,25 to 34,124,73,49,24,51,47,0,4,0,0
S01012704,35 to 49,173,126,98,28,47,35,0,4,7,1
S01012704,50 to 64,125,78,73,5,47,20,0,0,18,9
S01012704,65 to 74,60,31,30,1,29,9,0,0,8,12
S01012704,75 to 84,25,11,11,0,14,1,0,0,2,11
S01012704,85 and over,9,1,1,0,8,1,1,0,1,5
S01012705,All people aged 16 and over in households,584,417,381,36,167,128,4,11,9,15
S01012705,16 to 24,96,2,1,1,94,94,0,0,0,0
S01012705,25 to 34,60,42,34,8,18,17,1,0,0,0
S01012705,35 to 49,238,213,197,16,25,10,1,6,7,1
S01012705,50 to 64,148,129,122,7,19,6,0,4,2,7
S01012705,65 to 74,32,28,25,3,4,0,0,0,0,4
S01012705,75 to 84,10,3,2,1,7,1,2,1,0,3
S01012705,85 and over,0,0,0,0,0,0,0,0,0,0
S01012706,All people aged 16 and over in households,557,290,254,36,267,164,4,16,34,49
S01012706,16 to 24,71,5,0,5,66,66,0,0,0,0
S01012706,25 to 34,96,41,26,15,55,51,1,0,3,0
S01012706,35 to 49,155,95,87,8,60,33,1,13,13,0
S01012706,50 to 64,140,103,97,6,37,12,2,3,16,4
S01012706,65 to 74,54,38,37,1,16,0,0,0,1,15
S01012706,75 to 84,27,5,5,0,22,1,0,0,1,20
S01012706,85 and over,14,3,2,1,11,1,0,0,0,10
S01012707,All people aged 16 and over in households,728,516,486,30,212,152,4,11,21,24
S01012707,16 to 24,99,2,0,2,97,97,0,0,0,0
S01012707,25 to 34,81,46,36,10,35,32,1,2,0,0
S01012707,35 to 49,203,169,155,14,34,18,2,5,8,1
S01012707,50 to 64,239,215,213,2,24,3,0,4,11,6
S01012707,65 to 74,77,65,64,1,12,1,0,0,1,10
S01012707,75 to 84,26,17,17,0,9,1,1,0,1,6
S01012707,85 and over,3,2,1,1,1,0,0,0,0,1
S01012708,All people aged 16 and over in households,595,284,234,50,311,168,5,21,66,51
S01012708,16 to 24,82,4,0,4,78,76,0,2,0,0
S01012708,25 to 34,84,46,25,21,38,34,0,2,1,1
S01012708,35 to 49,157,85,66,19,72,33,3,12,24,0
S01012708,50 to 64,152,89,84,5,63,16,1,3,34,9
S01012708,65 to 74,73,41,40,1,32,5,0,2,5,20
S01012708,75 to 84,42,19,19,0,23,3,0,0,1,19
S01012708,85 and over,5,0,0,0,5,1,1,0,1,2
S01012709,All people aged 16 and over in households,430,232,198,34,198,91,4,19,36,48
S01012709,16 to 24,44,5,1,4,39,39,0,0,0,0
S01012709,25 to 34,59,29,14,15,30,26,1,1,2,0
S01012709,35 to 49,95,57,45,12,38,15,0,11,12,0
S01012709,50 to 64,110,74,71,3,36,4,0,6,15,11
S01012709,65 to 74,71,51,51,0,20,2,2,1,6,9
S01012709,75 to 84,41,14,14,0,27,4,1,0,1,21
S01012709,85 and over,10,2,2,0,8,1,0,0,0,7
S01012710,All people aged 16 and over in households,601,298,242,56,303,170,5,16,56,56
S01012710,16 to 24,70,3,0,3,67,66,1,0,0,0
S01012710,25 to 34,77,36,15,21,41,35,0,5,0,1
S01012710,35 to 49,164,106,84,22,58,35,0,4,18,1
S01012710,50 to 64,147,94,87,7,53,17,2,5,23,6
S01012710,65 to 74,72,43,41,2,29,9,1,2,7,10
S01012710,75 to 84,56,13,12,1,43,6,0,0,7,30
S01012710,85 and over,15,3,3,0,12,2,1,0,1,8
S01012711,All people aged 16 and over in households,663,270,224,46,393,228,3,36,77,49
S01012711,16 to 24,75,6,0,6,69,67,0,2,0,0
S01012711,25 to 34,107,29,11,18,78,73,1,3,1,0
S01012711,35 to 49,160,67,53,14,93,54,0,16,22,1
S01012711,50 to 64,176,94,88,6,82,23,2,14,35,8
S01012711,65 to 74,97,57,55,2,40,8,0,1,16,15
S01012711,75 to 84,41,16,16,0,25,3,0,0,3,19
S01012711,85 and over,7,1,1,0,6,0,0,0,0,6
S01012712,All people aged 16 and over in households,695,482,452,30,213,115,11,19,11,57
S01012712,16 to 24,83,4,0,4,79,77,2,0,0,0
S01012712,25 to 34,59,34,25,9,25,21,2,2,0,0
S01012712,35 to 49,168,142,126,16,26,12,1,10,3,0
S01012712,50 to 64,183,161,160,1,22,4,1,5,6,6
S01012712,65 to 74,120,94,94,0,26,1,1,2,2,20
S01012712,75 to 84,70,40,40,0,30,0,4,0,0,26
S01012712,85 and over,12,7,7,0,5,0,0,0,0,5
S01012713,All people aged 16 and over in households,614,374,342,32,240,126,3,14,21,76
S01012713,16 to 24,60,0,0,0,60,59,0,1,0,0
S01012713,25 to 34,59,33,21,12,26,26,0,0,0,0
S01012713,35 to 49,151,119,104,15,32,21,2,4,3,2
S01012713,50 to 64,159,122,117,5,37,13,0,9,10,5
S01012713,65 to 74,97,69,69,0,28,4,1,0,5,18
S01012713,75 to 84,67,31,31,0,36,2,0,0,2,32
S01012713,85 and over,21,0,0,0,21,1,0,0,1,19
S01012714,All people aged 16 and over in households,516,356,336,20,160,84,5,8,15,48
S01012714,16 to 24,40,2,1,1,38,38,0,0,0,0
S01012714,25 to 34,40,15,7,8,25,23,0,1,1,0
S01012714,35 to 49,118,95,91,4,23,12,0,4,7,0
S01012714,50 to 64,140,115,108,7,25,5,3,2,6,9
S01012714,65 to 74,103,84,84,0,19,2,1,1,1,14
S01012714,75 to 84,64,41,41,0,23,3,1,0,0,19
S01012714,85 and over,11,4,4,0,7,1,0,0,0,6
S01012715,All people aged 16 and over in households,624,262,196,66,362,190,9,36,56,71
S01012715,16 to 24,74,19,1,18,55,54,0,1,0,0
S01012715,25 to 34,106,45,21,24,61,59,1,1,0,0
S01012715,35 to 49,137,60,48,12,77,38,2,15,16,6
S01012715,50 to 64,142,60,52,8,82,26,6,13,28,9
S01012715,65 to 74,97,58,54,4,39,6,0,5,8,20
S01012715,75 to 84,49,17,17,0,32,4,0,0,4,24
S01012715,85 and over,19,3,3,0,16,3,0,1,0,12
S01012716,All people aged 16 and over in households,699,446,412,34,253,145,3,15,28,62
S01012716,16 to 24,68,2,0,2,66,66,0,0,0,0
S01012716,25 to 34,66,29,17,12,37,36,1,0,0,0
S01012716,35 to 49,136,86,81,5,50,27,1,10,11,1
S01012716,50 to 64,219,182,171,11,37,11,1,3,14,8
S01012716,65 to 74,120,102,99,3,18,3,0,1,2,12
S01012716,75 to 84,70,43,43,0,27,1,0,1,1,24
S01012716,85 and over,20,2,1,1,18,1,0,0,0,17
S01012717,All people aged 16 and over in households,869,374,292,82,495,253,8,45,71,118
S01012717,16 to 24,82,12,1,11,70,70,0,0,0,0
S01012717,25 to 34,122,46,11,35,76,71,0,4,1,0
S01012717,35 to 49,184,95,74,21,89,49,1,15,23,1
S01012717,50 to 64,213,117,105,12,96,39,3,16,28,10
S01012717,65 to 74,124,61,59,2,63,14,0,7,13,29
S01012717,75 to 84,107,34,33,1,73,5,4,3,6,55
S01012717,85 and over,37,9,9,0,28,5,0,0,0,23
S01012718,All people aged 16 and over in households,821,442,350,92,379,209,17,30,58,65
S01012718,16 to 24,84,5,0,5,79,79,0,0,0,0
S01012718,25 to 34,143,76,34,42,67,56,4,6,1,0
S01012718,35 to 49,191,122,91,31,69,31,7,15,15,1
S01012718,50 to 64,220,144,132,12,76,32,2,6,29,7
S01012718,65 to 74,84,52,51,1,32,1,2,3,10,16
S01012718,75 to 84,66,35,34,1,31,6,2,0,3,20
S01012718,85 and over,33,8,8,0,25,4,0,0,0,21
S01012719,All people aged 16 and over in households,688,306,222,84,382,231,6,35,64,46
S01012719,16 to 24,123,38,6,32,85,85,0,0,0,0
S01012719,25 to 34,120,58,27,31,62,57,0,3,2,0
S01012719,35 to 49,176,68,55,13,108,64,4,17,21,2
S01012719,50 to 64,138,75,69,6,63,18,2,10,28,5
S01012719,65 to 74,80,50,48,2,30,4,0,5,7,14
S01012719,75 to 84,43,17,17,0,26,3,0,0,5,18
S01012719,85 and over,8,0,0,0,8,0,0,0,1,7
S01012720,All people aged 16 and over in households,464,190,108,82,274,198,8,23,32,13
S01012720,16 to 24,85,21,2,19,64,64,0,0,0,0
S01012720,25 to 34,124,50,20,30,74,70,0,2,2,0
S01012720,35 to 49,112,47,25,22,65,42,4,10,9,0
S01012720,50 to 64,91,45,37,8,46,17,3,9,14,3
S01012720,65 to 74,35,21,18,3,14,3,0,2,6,3
S01012720,75 to 84,15,6,6,0,9,2,1,0,1,5
S01012720,85 and over,2,0,0,0,2,0,0,0,0,2
S01012721,All people aged 16 and over in households,538,338,276,62,200,108,5,13,19,55
S01012721,16 to 24,55,2,0,2,53,51,2,0,0,0
S01012721,25 to 34,66,44,18,26,22,21,0,1,0,0
S01012721,35 to 49,140,108,84,24,32,21,1,7,3,0
S01012721,50 to 64,135,108,100,8,27,7,1,2,11,6
S01012721,65 to 74,76,45,44,1,31,6,1,3,3,18
S01012721,75 to 84,52,27,26,1,25,0,0,0,2,23
S01012721,85 and over,14,4,4,0,10,2,0,0,0,8
S01012722,All people aged 16 and over in households,631,258,204,54,373,200,0,33,79,61
S01012722,16 to 24,61,3,0,3,58,57,0,1,0,0
S01012722,25 to 34,124,52,28,24,72,65,0,5,2,0
S01012722,35 to 49,143,72,51,21,71,33,0,10,28,0
S01012722,50 to 64,158,64,61,3,94,32,0,11,37,14
S01012722,65 to 74,90,46,44,2,44,9,0,4,10,21
S01012722,75 to 84,39,19,18,1,20,2,0,2,2,14
S01012722,85 and over,16,2,2,0,14,2,0,0,0,12
S01012723,All people aged 16 and over in households,572,230,176,54,342,196,7,32,51,56
S01012723,16 to 24,83,5,0,5,78,78,0,0,0,0
S01012723,25 to 34,79,20,6,14,59,50,1,6,2,0
S01012723,35 to 49,146,79,53,26,67,45,2,9,8,3
S01012723,50 to 64,129,68,63,5,61,18,2,11,23,7
S01012723,65 to 74,73,35,35,0,38,0,0,4,17,17
S01012723,75 to 84,49,20,16,4,29,5,2,2,1,19
S01012723,85 and over,13,3,3,0,10,0,0,0,0,10
S01012724,All people aged 16 and over in households,631,312,226,86,319,156,5,29,49,80
S01012724,16 to 24,61,15,1,14,46,44,0,0,2,0
S01012724,25 to 34,119,65,20,45,54,50,0,4,0,0
S01012724,35 to 49,145,73,54,19,72,38,2,12,18,2
S01012724,50 to 64,138,85,80,5,53,10,2,12,22,7
S01012724,65 to 74,88,49,48,1,39,9,1,0,5,24
S01012724,75 to 84,57,21,19,2,36,5,0,1,2,28
S01012724,85 and over,23,4,4,0,19,0,0,0,0,19
S01012725,All people aged 16 and over in households,767,336,264,72,431,267,6,35,68,55
S01012725,16 to 24,92,10,1,9,82,82,0,0,0,0
S01012725,25 to 34,165,74,37,37,91,86,0,3,2,0
S01012725,35 to 49,227,114,93,21,113,72,1,15,22,3
S01012725,50 to 64,139,71,68,3,68,18,1,12,33,4
S01012725,65 to 74,75,41,39,2,34,3,2,4,8,17
S01012725,75 to 84,50,21,21,0,29,6,1,1,3,18
S01012725,85 and over,19,5,5,0,14,0,1,0,0,13
S01012726,All people aged 16 and over in households,519,272,242,30,247,126,4,18,36,63
S01012726,16 to 24,65,4,2,2,61,61,0,0,0,0
S01012726,25 to 34,53,27,20,7,26,22,0,3,1,0
S01012726,35 to 49,138,83,69,14,55,25,4,10,16,0
S01012726,50 to 64,94,60,56,4,34,12,0,4,12,6
S01012726,65 to 74,81,58,56,2,23,3,0,1,3,16
S01012726,75 to 84,65,33,33,0,32,3,0,0,3,26
S01012726,85 and over,23,7,6,1,16,0,0,0,1,15
S01012727,All people aged 16 and over in households,566,262,226,36,304,205,2,28,31,38
S01012727,16 to 24,90,1,0,1,89,89,0,0,0,0
S01012727,25 to 34,83,39,22,17,44,43,0,1,0,0
S01012727,35 to 49,146,68,55,13,78,50,1,12,13,2
S01012727,50 to 64,142,91,87,4,51,18,1,12,13,7
S01012727,65 to 74,67,43,42,1,24,5,0,2,4,13
S01012727,75 to 84,37,20,20,0,17,0,0,1,1,15
S01012727,85 and over,1,0,0,0,1,0,0,0,0,1
S01012728,All people aged 16 and over in households,572,224,148,76,348,221,7,30,55,35
S01012728,16 to 24,102,11,0,11,91,90,0,0,1,0
S01012728,25 to 34,113,46,19,27,67,61,2,4,0,0
S01012728,35 to 49,193,95,64,31,98,55,1,17,22,3
S01012728,50 to 64,97,41,34,7,56,12,2,8,27,7
S01012728,65 to 74,51,27,27,0,24,2,2,1,5,14
S01012728,75 to 84,15,3,3,0,12,1,0,0,0,11
S01012728,85 and over,1,1,1,0,0,0,0,0,0,0
S01012729,All people aged 16 and over in households,671,388,350,38,283,175,6,21,41,40
S01012729,16 to 24,89,4,4,0,85,85,0,0,0,0
S01012729,25 to 34,106,54,39,15,52,47,0,4,1,0
S01012729,35 to 49,194,131,116,15,63,28,2,13,17,3
S01012729,50 to 64,173,131,125,6,42,9,2,4,16,11
S01012729,65 to 74,76,54,52,2,22,3,1,0,6,12
S01012729,75 to 84,29,14,14,0,15,3,0,0,1,11
S01012729,85 and over,4,0,0,0,4,0,1,0,0,3
S01012730,All people aged 16 and over in households,451,246,170,76,205,116,0,19,35,35
S01012730,16 to 24,51,15,0,15,36,36,0,0,0,0
S01012730,25 to 34,89,53,20,33,36,30,0,4,0,2
S01012730,35 to 49,119,58,38,20,61,41,0,10,9,1
S01012730,50 to 64,115,69,61,8,46,9,0,4,23,10
S01012730,65 to 74,54,39,39,0,15,0,0,0,2,13
S01012730,75 to 84,20,12,12,0,8,0,0,1,1,6
S01012730,85 and over,3,0,0,0,3,0,0,0,0,3
S01012731,All people aged 16 and over in households,626,354,302,52,272,164,4,27,35,42
S01012731,16 to 24,82,2,0,2,80,80,0,0,0,0
S01012731,25 to 34,103,49,30,19,54,48,2,3,0,1
S01012731,35 to 49,177,125,97,28,52,20,0,15,17,0
S01012731,50 to 64,136,100,97,3,36,11,1,7,13,4
S01012731,65 to 74,73,54,54,0,19,3,0,2,4,10
S01012731,75 to 84,42,23,23,0,19,2,1,0,1,15
S01012731,85 and over,13,1,1,0,12,0,0,0,0,12
S01012732,All people aged 16 and over in households,550,332,280,52,218,133,3,28,29,25
S01012732,16 to 24,58,5,1,4,53,53,0,0,0,0
S01012732,25 to 34,86,50,21,29,36,31,1,4,0,0
S01012732,35 to 49,163,86,72,14,77,44,1,16,16,0
S01012732,50 to 64,134,108,103,5,26,4,1,7,9,5
S01012732,65 to 74,79,66,66,0,13,0,0,1,2,10
S01012732,75 to 84,27,17,17,0,10,0,0,0,2,8
S01012732,85 and over,3,0,0,0,3,1,0,0,0,2
S01012733,All people aged 16 and over in households,764,570,474,96,194,139,3,18,17,17
S01012733,16 to 24,92,6,0,6,86,86,0,0,0,0
S01012733,25 to 34,199,162,124,38,37,30,1,5,1,0
S01012733,35 to 49,345,300,256,44,45,16,2,12,11,4
S01012733,50 to 64,97,80,72,8,17,6,0,1,5,5
S01012733,65 to 74,22,18,18,0,4,0,0,0,0,4
S01012733,75 to 84,7,4,4,0,3,1,0,0,0,2
S01012733,85 and over,2,0,0,0,2,0,0,0,0,2
S01012734,All people aged 16 and over in households,425,344,300,44,81,60,1,8,6,6
S01012734,16 to 24,46,1,0,1,45,45,0,0,0,0
S01012734,25 to 34,87,78,54,24,9,8,0,1,0,0
S01012734,35 to 49,228,209,192,17,19,5,1,6,4,3
S01012734,50 to 64,53,46,44,2,7,2,0,1,2,2
S01012734,65 to 74,8,8,8,0,0,0,0,0,0,0
S01012734,75 to 84,2,2,2,0,0,0,0,0,0,0
S01012734,85 and over,1,0,0,0,1,0,0,0,0,1
S01012735,All people aged 16 and over in households,401,232,194,38,169,106,1,8,29,25
S01012735,16 to 24,50,2,0,2,48,46,0,0,2,0
S01012735,25 to 34,52,23,8,15,29,27,0,2,0,0
S01012735,35 to 49,123,78,60,18,45,26,1,5,12,1
S01012735,50 to 64,71,47,44,3,24,7,0,1,13,3
S01012735,65 to 74,80,64,64,0,16,0,0,0,2,14
S01012735,75 to 84,23,18,18,0,5,0,0,0,0,5
S01012735,85 and over,2,0,0,0,2,0,0,0,0,2
S01012736,All people aged 16 and over in households,739,452,370,82,287,171,0,39,36,41
S01012736,16 to 24,86,13,2,11,73,73,0,0,0,0
S01012736,25 to 34,113,66,42,24,47,45,0,2,0,0
S01012736,35 to 49,273,183,149,34,90,41,0,29,19,1
S01012736,50 to 64,172,133,123,10,39,11,0,7,14,7
S01012736,65 to 74,63,46,45,1,17,1,0,1,2,13
S01012736,75 to 84,26,10,8,2,16,0,0,0,1,15
S01012736,85 and over,6,1,1,0,5,0,0,0,0,5
S01012737,All people aged 16 and over in households,634,432,342,90,202,127,3,24,21,27
S01012737,16 to 24,65,15,3,12,50,50,0,0,0,0
S01012737,25 to 34,128,92,55,37,36,32,0,2,2,0
S01012737,35 to 49,230,165,135,30,65,33,0,19,10,3
S01012737,50 to 64,128,101,90,11,27,11,3,2,7,4
S01012737,65 to 74,57,47,47,0,10,1,0,1,2,6
S01012737,75 to 84,22,11,11,0,11,0,0,0,0,11
S01012737,85 and over,4,1,1,0,3,0,0,0,0,3
S01012738,All people aged 16 and over in households,506,250,218,32,256,167,0,14,32,43
S01012738,16 to 24,78,1,0,1,77,77,0,0,0,0
S01012738,25 to 34,65,36,23,13,29,28,0,0,1,0
S01012738,35 to 49,146,81,69,12,65,43,0,4,13,5
S01012738,50 to 64,129,81,77,4,48,15,0,8,13,12
S01012738,65 to 74,56,37,36,1,19,4,0,2,5,8
S01012738,75 to 84,25,12,11,1,13,0,0,0,0,13
S01012738,85 and over,7,2,2,0,5,0,0,0,0,5
S01012739,All people aged 16 and over in households,614,480,380,100,134,104,3,9,13,5
S01012739,16 to 24,67,4,2,2,63,63,0,0,0,0
S01012739,25 to 34,169,137,98,39,32,28,1,1,2,0
S01012739,35 to 49,275,245,197,48,30,13,1,7,8,1
S01012739,50 to 64,88,83,72,11,5,0,1,0,3,1
S01012739,65 to 74,13,11,11,0,2,0,0,1,0,1
S01012739,75 to 84,2,0,0,0,2,0,0,0,0,2
S01012739,85 and over,0,0,0,0,0,0,0,0,0,0
S01012740,All people aged 16 and over in households,624,462,378,84,162,108,2,20,21,11
S01012740,16 to 24,73,7,3,4,66,66,0,0,0,0
S01012740,25 to 34,162,140,102,38,22,19,0,2,1,0
S01012740,35 to 49,266,220,188,32,46,21,2,9,11,3
S01012740,50 to 64,105,86,76,10,19,2,0,6,9,2
S01012740,65 to 74,15,9,9,0,6,0,0,3,0,3
S01012740,75 to 84,1,0,0,0,1,0,0,0,0,1
S01012740,85 and over,2,0,0,0,2,0,0,0,0,2
S01012741,All people aged 16 and over in households,489,302,260,42,187,120,4,12,31,20
S01012741,16 to 24,60,6,2,4,54,54,0,0,0,0
S01012741,25 to 34,84,54,34,20,30,27,1,1,0,1
S01012741,35 to 49,156,99,83,16,57,29,2,9,16,1
S01012741,50 to 64,140,119,117,2,21,10,1,1,6,3
S01012741,65 to 74,31,18,18,0,13,0,0,0,7,6
S01012741,75 to 84,13,5,5,0,8,0,0,0,2,6
S01012741,85 and over,5,1,1,0,4,0,0,1,0,3
S01012742,All people aged 16 and over in households,593,422,394,28,171,110,2,10,19,30
S01012742,16 to 24,71,2,0,2,69,69,0,0,0,0
S01012742,25 to 34,74,37,24,13,37,32,1,4,0,0
S01012742,35 to 49,120,102,96,6,18,5,0,3,8,2
S01012742,50 to 64,210,191,186,5,19,3,0,3,9,4
S01012742,65 to 74,76,62,60,2,14,1,0,0,2,11
S01012742,75 to 84,38,26,26,0,12,0,1,0,0,11
S01012742,85 and over,4,2,2,0,2,0,0,0,0,2
S01012743,All people aged 16 and over in households,506,334,312,22,172,111,1,13,15,32
S01012743,16 to 24,75,2,0,2,73,73,0,0,0,0
S01012743,25 to 34,37,17,8,9,20,15,0,2,3,0
S01012743,35 to 49,103,82,74,8,21,14,0,4,3,0
S01012743,50 to 64,171,147,144,3,24,5,1,6,8,4
S01012743,65 to 74,63,49,49,0,14,3,0,1,1,9
S01012743,75 to 84,45,30,30,0,15,1,0,0,0,14
S01012743,85 and over,12,7,7,0,5,0,0,0,0,5
S01012744,All people aged 16 and over in households,575,402,350,52,173,117,3,9,26,18
S01012744,16 to 24,80,10,3,7,70,70,0,0,0,0
S01012744,25 to 34,79,49,34,15,30,26,1,0,3,0
S01012744,35 to 49,161,130,107,23,31,15,1,6,8,1
S01012744,50 to 64,193,170,163,7,23,4,1,2,13,3
S01012744,65 to 74,43,35,35,0,8,2,0,1,1,4
S01012744,75 to 84,15,8,8,0,7,0,0,0,1,6
S01012744,85 and over,4,0,0,0,4,0,0,0,0,4
S01012745,All people aged 16 and over in households,602,424,390,34,178,106,0,10,17,45
S01012745,16 to 24,58,0,0,0,58,58,0,0,0,0
S01012745,25 to 34,75,50,36,14,25,24,0,0,1,0
S01012745,35 to 49,150,122,106,16,28,13,0,5,9,1
S01012745,50 to 64,159,139,135,4,20,9,0,4,4,3
S01012745,65 to 74,90,74,74,0,16,2,0,1,1,12
S01012745,75 to 84,56,34,34,0,22,0,0,0,2,20
S01012745,85 and over,14,5,5,0,9,0,0,0,0,9
S01012746,All people aged 16 and over in households,630,432,346,86,198,135,2,15,29,17
S01012746,16 to 24,84,11,4,7,73,73,0,0,0,0
S01012746,25 to 34,116,76,40,36,40,36,0,2,2,0
S01012746,35 to 49,205,168,132,36,37,16,0,10,10,1
S01012746,50 to 64,147,124,117,7,23,8,0,2,8,5
S01012746,65 to 74,62,47,47,0,15,1,1,1,9,3
S01012746,75 to 84,13,6,6,0,7,1,1,0,0,5
S01012746,85 and over,3,0,0,0,3,0,0,0,0,3
S01012747,All people aged 16 and over in households,684,386,330,56,298,178,2,30,36,52
S01012747,16 to 24,96,2,0,2,94,94,0,0,0,0
S01012747,25 to 34,102,54,25,29,48,43,0,4,1,0
S01012747,35 to 49,157,109,92,17,48,30,1,10,6,1
S01012747,50 to 64,202,147,141,6,55,7,0,15,26,7
S01012747,65 to 74,72,48,46,2,24,2,0,1,2,19
S01012747,75 to 84,46,25,25,0,21,2,1,0,1,17
S01012747,85 and over,9,1,1,0,8,0,0,0,0,8
S01012748,All people aged 16 and over in households,648,240,184,56,408,242,7,34,59,66
S01012748,16 to 24,107,6,3,3,101,101,0,0,0,0
S01012748,25 to 34,111,42,21,21,69,59,2,6,2,0
S01012748,35 to 49,173,72,47,25,101,54,2,16,24,5
S01012748,50 to 64,148,79,74,5,69,21,2,10,20,16
S01012748,65 to 74,52,23,22,1,29,4,1,2,10,12
S01012748,75 to 84,50,17,16,1,33,3,0,0,3,27
S01012748,85 and over,7,1,1,0,6,0,0,0,0,6
S01012749,All people aged 16 and over in households,685,320,226,94,365,242,7,31,47,38
S01012749,16 to 24,132,15,1,14,117,114,0,3,0,0
S01012749,25 to 34,145,78,42,36,67,64,2,1,0,0
S01012749,35 to 49,167,83,54,29,84,41,4,19,17,3
S01012749,50 to 64,162,98,85,13,64,18,1,8,25,12
S01012749,65 to 74,39,20,20,0,19,5,0,0,3,11
S01012749,75 to 84,35,24,22,2,11,0,0,0,2,9
S01012749,85 and over,5,2,2,0,3,0,0,0,0,3
S01012750,All people aged 16 and over in households,615,290,200,90,325,201,8,32,48,36
S01012750,16 to 24,102,19,1,18,83,81,2,0,0,0
S01012750,25 to 34,138,67,32,35,71,64,0,4,3,0
S01012750,35 to 49,162,84,58,26,78,43,5,17,13,0
S01012750,50 to 64,138,80,70,10,58,9,0,10,27,12
S01012750,65 to 74,48,29,28,1,19,3,1,1,4,10
S01012750,75 to 84,23,11,11,0,12,1,0,0,1,10
S01012750,85 and over,4,0,0,0,4,0,0,0,0,4
S01012751,All people aged 16 and over in households,706,384,322,62,322,168,6,19,46,83
S01012751,16 to 24,63,7,0,7,56,56,0,0,0,0
S01012751,25 to 34,102,53,23,30,49,45,0,1,3,0
S01012751,35 to 49,182,105,84,21,77,48,2,13,12,2
S01012751,50 to 64,132,85,81,4,47,15,2,4,20,6
S01012751,65 to 74,117,80,80,0,37,4,1,0,8,24
S01012751,75 to 84,101,52,52,0,49,0,1,1,3,44
S01012751,85 and over,9,2,2,0,7,0,0,0,0,7
S01012752,All people aged 16 and over in households,670,348,284,64,322,198,12,25,47,40
S01012752,16 to 24,86,6,2,4,80,80,0,0,0,0
S01012752,25 to 34,128,56,28,28,72,62,2,4,3,1
S01012752,35 to 49,184,111,87,24,73,32,3,15,18,5
S01012752,50 to 64,174,123,117,6,51,14,5,5,19,8
S01012752,65 to 74,66,37,35,2,29,7,2,1,7,12
S01012752,75 to 84,25,14,14,0,11,2,0,0,0,9
S01012752,85 and over,7,1,1,0,6,1,0,0,0,5
S01012753,All people aged 16 and over in households,386,168,120,48,218,123,3,19,32,41
S01012753,16 to 24,48,5,1,4,43,42,0,1,0,0
S01012753,25 to 34,79,30,19,11,49,44,0,4,1,0
S01012753,35 to 49,81,42,23,19,39,25,0,3,7,4
S01012753,50 to 64,114,62,52,10,52,10,2,9,17,14
S01012753,65 to 74,49,23,20,3,26,2,1,2,5,16
S01012753,75 to 84,12,6,5,1,6,0,0,0,2,4
S01012753,85 and over,3,0,0,0,3,0,0,0,0,3
S01012754,All people aged 16 and over in households,476,246,202,44,230,137,4,16,32,41
S01012754,16 to 24,75,6,0,6,69,67,2,0,0,0
S01012754,25 to 34,68,35,21,14,33,32,0,1,0,0
S01012754,35 to 49,92,60,40,20,32,17,0,7,8,0
S01012754,50 to 64,141,101,97,4,40,9,1,6,16,8
S01012754,65 to 74,62,34,34,0,28,7,0,2,6,13
S01012754,75 to 84,31,10,10,0,21,5,1,0,2,13
S01012754,85 and over,7,0,0,0,7,0,0,0,0,7
S01012755,All people aged 16 and over in households,417,150,118,32,267,148,2,22,49,46
S01012755,16 to 24,50,4,2,2,46,45,0,0,1,0
S01012755,25 to 34,85,33,19,14,52,47,0,3,2,0
S01012755,35 to 49,87,39,29,10,48,30,1,8,8,1
S01012755,50 to 64,102,44,39,5,58,12,1,7,26,12
S01012755,65 to 74,59,18,17,1,41,6,0,4,9,22
S01012755,75 to 84,30,12,12,0,18,8,0,0,2,8
S01012755,85 and over,4,0,0,0,4,0,0,0,1,3
S01012756,All people aged 16 and over in households,460,224,204,20,236,115,4,11,37,69
S01012756,16 to 24,38,2,1,1,36,36,0,0,0,0
S01012756,25 to 34,35,14,4,10,21,18,0,3,0,0
S01012756,35 to 49,94,48,40,8,46,36,0,2,8,0
S01012756,50 to 64,114,77,76,1,37,12,3,3,15,4
S01012756,65 to 74,97,66,66,0,31,6,0,2,6,17
S01012756,75 to 84,63,17,17,0,46,6,1,1,7,31
S01012756,85 and over,19,0,0,0,19,1,0,0,1,17
S01012757,All people aged 16 and over in households,400,196,162,34,204,113,4,10,36,41
S01012757,16 to 24,36,8,0,8,28,28,0,0,0,0
S01012757,25 to 34,56,19,8,11,37,35,1,1,0,0
S01012757,35 to 49,101,48,36,12,53,32,1,7,13,0
S01012757,50 to 64,108,77,75,2,31,8,0,2,16,5
S01012757,65 to 74,58,29,28,1,29,4,2,0,7,16
S01012757,75 to 84,36,15,15,0,21,5,0,0,0,16
S01012757,85 and over,5,0,0,0,5,1,0,0,0,4
S01012758,All people aged 16 and over in households,499,256,206,50,243,133,7,21,45,37
S01012758,16 to 24,67,9,2,7,58,58,0,0,0,0
S01012758,25 to 34,71,29,14,15,42,40,0,0,2,0
S01012758,35 to 49,130,81,61,20,49,27,4,6,12,0
S01012758,50 to 64,139,95,88,7,44,6,2,12,20,4
S01012758,65 to 74,43,22,21,1,21,2,0,2,8,9
S01012758,75 to 84,44,19,19,0,25,0,1,1,3,20
S01012758,85 and over,5,1,1,0,4,0,0,0,0,4
S01012759,All people aged 16 and over in households,585,258,190,68,327,187,2,28,58,52
S01012759,16 to 24,72,5,0,5,67,66,1,0,0,0
S01012759,25 to 34,99,42,23,19,57,51,0,3,2,1
S01012759,35 to 49,158,74,44,30,84,43,0,15,23,3
S01012759,50 to 64,139,87,77,10,52,17,0,9,18,8
S01012759,65 to 74,81,37,33,4,44,6,0,1,14,23
S01012759,75 to 84,32,13,13,0,19,4,1,0,1,13
S01012759,85 and over,4,0,0,0,4,0,0,0,0,4
S01012760,All people aged 16 and over in households,735,310,230,80,425,269,9,23,65,59
S01012760,16 to 24,113,6,0,6,107,107,0,0,0,0
S01012760,25 to 34,131,53,23,30,78,73,0,3,1,1
S01012760,35 to 49,222,112,82,30,110,59,6,11,32,2
S01012760,50 to 64,149,86,73,13,63,19,2,9,24,9
S01012760,65 to 74,70,34,33,1,36,8,0,0,5,23
S01012760,75 to 84,41,18,18,0,23,3,1,0,2,17
S01012760,85 and over,9,1,1,0,8,0,0,0,1,7
S01012761,All people aged 16 and over in households,654,360,286,74,294,184,2,11,46,51
S01012761,16 to 24,73,5,1,4,68,68,0,0,0,0
S01012761,25 to 34,118,66,33,33,52,50,0,1,1,0
S01012761,35 to 49,154,96,70,26,58,34,1,3,20,0
S01012761,50 to 64,168,114,103,11,54,24,0,5,18,7
S01012761,65 to 74,86,55,55,0,31,5,1,0,6,19
S01012761,75 to 84,48,21,21,0,27,3,0,2,1,21
S01012761,85 and over,7,3,3,0,4,0,0,0,0,4
S01012762,All people aged 16 and over in households,609,352,304,48,257,153,0,14,31,59
S01012762,16 to 24,78,2,0,2,76,76,0,0,0,0
S01012762,25 to 34,68,30,14,16,38,35,0,1,2,0
S01012762,35 to 49,133,81,60,21,52,31,0,8,10,3
S01012762,50 to 64,170,135,126,9,35,7,0,4,13,11
S01012762,65 to 74,118,80,80,0,38,4,0,1,6,27
S01012762,75 to 84,38,21,21,0,17,0,0,0,0,17
S01012762,85 and over,4,3,3,0,1,0,0,0,0,1
S01012763,All people aged 16 and over in households,349,160,138,22,189,115,0,15,30,29
S01012763,16 to 24,56,3,2,1,53,53,0,0,0,0
S01012763,25 to 34,44,16,4,12,28,26,0,1,1,0
S01012763,35 to 49,88,47,41,6,41,24,0,7,9,1
S01012763,50 to 64,91,59,56,3,32,7,0,4,15,6
S01012763,65 to 74,47,28,28,0,19,5,0,3,2,9
S01012763,75 to 84,16,7,7,0,9,0,0,0,3,6
S01012763,85 and over,7,0,0,0,7,0,0,0,0,7
S01012764,All people aged 16 and over in households,623,298,250,48,325,196,6,23,39,61
S01012764,16 to 24,93,6,0,6,87,86,0,1,0,0
S01012764,25 to 34,92,42,28,14,50,44,1,3,1,1
S01012764,35 to 49,166,105,90,15,61,33,2,11,11,4
S01012764,50 to 64,145,88,77,11,57,21,2,8,14,12
S01012764,65 to 74,73,41,40,1,32,6,1,0,10,15
S01012764,75 to 84,42,13,12,1,29,6,0,0,3,20
S01012764,85 and over,12,3,3,0,9,0,0,0,0,9
S01012765,All people aged 16 and over in households,585,330,296,34,255,163,2,12,32,46
S01012765,16 to 24,83,2,0,2,81,80,1,0,0,0
S01012765,25 to 34,57,27,19,8,30,30,0,0,0,0
S01012765,35 to 49,153,107,91,16,46,27,0,6,13,0
S01012765,50 to 64,183,134,126,8,49,23,1,5,12,8
S01012765,65 to 74,76,52,52,0,24,3,0,1,6,14
S01012765,75 to 84,27,8,8,0,19,0,0,0,1,18
S01012765,85 and over,6,0,0,0,6,0,0,0,0,6
S01012766,All people aged 16 and over in households,693,386,326,60,307,195,3,15,51,43
S01012766,16 to 24,101,4,1,3,97,97,0,0,0,0
S01012766,25 to 34,96,43,33,10,53,50,0,1,2,0
S01012766,35 to 49,231,165,130,35,66,34,1,6,24,1
S01012766,50 to 64,173,118,106,12,55,14,2,8,20,11
S01012766,65 to 74,41,28,28,0,13,0,0,0,5,8
S01012766,75 to 84,43,25,25,0,18,0,0,0,0,18
S01012766,85 and over,8,3,3,0,5,0,0,0,0,5
S01012767,All people aged 16 and over in households,483,350,296,54,133,87,0,11,6,29
S01012767,16 to 24,47,2,0,2,45,45,0,0,0,0
S01012767,25 to 34,62,36,18,18,26,25,0,1,0,0
S01012767,35 to 49,122,102,79,23,20,14,0,5,0,1
S01012767,50 to 64,163,144,136,8,19,2,0,5,5,7
S01012767,65 to 74,64,51,48,3,13,1,0,0,1,11
S01012767,75 to 84,22,15,15,0,7,0,0,0,0,7
S01012767,85 and over,3,0,0,0,3,0,0,0,0,3
S01012768,All people aged 16 and over in households,616,440,418,22,176,118,1,17,12,28
S01012768,16 to 24,72,0,0,0,72,72,0,0,0,0
S01012768,25 to 34,56,24,17,7,32,32,0,0,0,0
S01012768,35 to 49,148,123,113,10,25,10,0,10,4,1
S01012768,50 to 64,233,204,199,5,29,3,1,7,7,11
S01012768,65 to 74,83,73,73,0,10,0,0,0,1,9
S01012768,75 to 84,23,16,16,0,7,1,0,0,0,6
S01012768,85 and over,1,0,0,0,1,0,0,0,0,1
S01012769,All people aged 16 and over in households,330,228,208,20,102,74,4,1,7,16
S01012769,16 to 24,51,5,1,4,46,45,1,0,0,0
S01012769,25 to 34,28,13,9,4,15,15,0,0,0,0
S01012769,35 to 49,142,127,117,10,15,8,2,1,4,0
S01012769,50 to 64,83,65,63,2,18,5,1,0,3,9
S01012769,65 to 74,21,16,16,0,5,1,0,0,0,4
S01012769,75 to 84,5,2,2,0,3,0,0,0,0,3
S01012769,85 and over,0,0,0,0,0,0,0,0,0,0
S01012770,All people aged 16 and over in households,698,372,306,66,326,181,2,15,53,75
S01012770,16 to 24,80,14,3,11,66,66,0,0,0,0
S01012770,25 to 34,96,48,21,27,48,44,0,2,0,2
S01012770,35 to 49,190,118,101,17,72,40,1,8,21,2
S01012770,50 to 64,171,119,110,9,52,20,1,3,23,5
S01012770,65 to 74,91,57,55,2,34,6,0,2,7,19
S01012770,75 to 84,59,16,16,0,43,4,0,0,2,37
S01012770,85 and over,11,0,0,0,11,1,0,0,0,10
S01012771,All people aged 16 and over in households,602,278,222,56,324,193,3,25,47,56
S01012771,16 to 24,67,3,0,3,64,64,0,0,0,0
S01012771,25 to 34,92,35,10,25,57,50,0,4,3,0
S01012771,35 to 49,160,89,70,19,71,40,2,10,17,2
S01012771,50 to 64,156,94,85,9,62,24,0,10,17,11
S01012771,65 to 74,79,44,44,0,35,9,0,0,9,17
S01012771,75 to 84,36,10,10,0,26,5,0,1,1,19
S01012771,85 and over,12,3,3,0,9,1,1,0,0,7
S01012772,All people aged 16 and over in households,544,262,230,32,282,176,1,22,44,39
S01012772,16 to 24,80,2,0,2,78,78,0,0,0,0
S01012772,25 to 34,86,34,15,19,52,49,0,3,0,0
S01012772,35 to 49,116,61,53,8,55,28,0,8,19,0
S01012772,50 to 64,162,111,109,2,51,15,1,9,19,7
S01012772,65 to 74,61,36,35,1,25,4,0,2,6,13
S01012772,75 to 84,31,18,18,0,13,1,0,0,0,12
S01012772,85 and over,8,0,0,0,8,1,0,0,0,7
S01012773,All people aged 16 and over in households,731,382,318,64,349,198,9,27,47,68
S01012773,16 to 24,77,1,1,0,76,76,0,0,0,0
S01012773,25 to 34,99,41,13,28,58,54,2,1,0,1
S01012773,35 to 49,171,98,76,22,73,40,0,12,20,1
S01012773,50 to 64,219,155,141,14,64,20,4,12,20,8
S01012773,65 to 74,108,62,62,0,46,5,3,1,7,30
S01012773,75 to 84,44,23,23,0,21,2,0,1,0,18
S01012773,85 and over,13,2,2,0,11,1,0,0,0,10
S01012774,All people aged 16 and over in households,711,384,278,106,327,202,7,30,47,41
S01012774,16 to 24,111,36,0,36,75,74,0,0,0,1
S01012774,25 to 34,127,60,23,37,67,57,2,5,3,0
S01012774,35 to 49,197,113,88,25,84,48,1,17,16,2
S01012774,50 to 64,179,122,116,6,57,17,2,8,22,8
S01012774,65 to 74,54,35,35,0,19,4,1,0,4,10
S01012774,75 to 84,33,18,16,2,15,0,1,0,1,13
S01012774,85 and over,10,0,0,0,10,2,0,0,1,7
S01012775,All people aged 16 and over in households,369,182,156,26,187,108,2,13,28,36
S01012775,16 to 24,53,3,0,3,50,50,0,0,0,0
S01012775,25 to 34,41,15,9,6,26,25,0,0,1,0
S01012775,35 to 49,92,58,51,7,34,18,1,4,10,1
S01012775,50 to 64,93,56,49,7,37,11,1,6,15,4
S01012775,65 to 74,50,30,29,1,20,4,0,2,1,13
S01012775,75 to 84,33,16,14,2,17,0,0,1,1,15
S01012775,85 and over,7,4,4,0,3,0,0,0,0,3
S01012776,All people aged 16 and over in households,637,332,240,92,305,189,1,23,45,47
S01012776,16 to 24,81,9,2,7,72,72,0,0,0,0
S01012776,25 to 34,108,52,17,35,56,54,0,2,0,0
S01012776,35 to 49,164,101,63,38,63,39,0,12,12,0
S01012776,50 to 64,170,109,98,11,61,11,1,8,30,11
S01012776,65 to 74,71,44,43,1,27,6,0,1,2,18
S01012776,75 to 84,37,16,16,0,21,6,0,0,1,14
S01012776,85 and over,6,1,1,0,5,1,0,0,0,4
S01012777,All people aged 16 and over in households,710,478,366,112,232,161,5,26,26,14
S01012777,16 to 24,106,11,1,10,95,95,0,0,0,0
S01012777,25 to 34,166,141,98,43,25,21,1,3,0,0
S01012777,35 to 49,286,225,175,50,61,26,3,19,12,1
S01012777,50 to 64,117,86,78,8,31,14,0,3,10,4
S01012777,65 to 74,24,12,11,1,12,2,1,0,4,5
S01012777,75 to 84,8,2,2,0,6,1,0,1,0,4
S01012777,85 and over,3,1,1,0,2,2,0,0,0,0
S01012778,All people aged 16 and over in households,543,300,228,72,243,150,3,27,43,20
S01012778,16 to 24,75,8,2,6,67,67,0,0,0,0
S01012778,25 to 34,106,67,36,31,39,34,0,2,3,0
S01012778,35 to 49,219,140,111,29,79,38,2,20,17,2
S01012778,50 to 64,94,62,57,5,32,10,0,4,15,3
S01012778,65 to 74,33,16,15,1,17,1,0,1,7,8
S01012778,75 to 84,13,7,7,0,6,0,1,0,0,5
S01012778,85 and over,3,0,0,0,3,0,0,0,1,2
S01012779,All people aged 16 and over in households,340,156,114,42,184,126,2,17,26,13
S01012779,16 to 24,52,5,2,3,47,47,0,0,0,0
S01012779,25 to 34,72,38,20,18,34,32,0,2,0,0
S01012779,35 to 49,120,71,55,16,49,34,1,7,7,0
S01012779,50 to 64,72,35,32,3,37,10,1,6,15,5
S01012779,65 to 74,16,5,5,0,11,2,0,2,3,4
S01012779,75 to 84,7,2,0,2,5,0,0,0,1,4
S01012779,85 and over,1,0,0,0,1,1,0,0,0,0
S01012780,All people aged 16 and over in households,567,248,186,62,319,201,3,25,49,41
S01012780,16 to 24,89,6,1,5,83,83,0,0,0,0
S01012780,25 to 34,113,54,26,28,59,54,1,3,0,1
S01012780,35 to 49,155,84,61,23,71,43,1,10,15,2
S01012780,50 to 64,107,53,47,6,54,11,1,10,26,6
S01012780,65 to 74,60,34,34,0,26,7,0,1,7,11
S01012780,75 to 84,31,14,14,0,17,2,0,1,1,13
S01012780,85 and over,12,3,3,0,9,1,0,0,0,8
S01012781,All people aged 16 and over in households,553,352,288,64,201,128,2,11,28,32
S01012781,16 to 24,61,8,0,8,53,53,0,0,0,0
S01012781,25 to 34,87,51,25,26,36,34,1,1,0,0
S01012781,35 to 49,139,99,83,16,40,20,1,9,10,0
S01012781,50 to 64,160,121,110,11,39,14,0,1,15,9
S01012781,65 to 74,66,56,55,1,10,1,0,0,3,6
S01012781,75 to 84,28,14,12,2,14,4,0,0,0,10
S01012781,85 and over,12,3,3,0,9,2,0,0,0,7
S01012782,All people aged 16 and over in households,509,198,156,42,311,184,5,29,41,52
S01012782,16 to 24,72,8,0,8,64,64,0,0,0,0
S01012782,25 to 34,86,38,22,16,48,48,0,0,0,0
S01012782,35 to 49,113,42,32,10,71,38,0,20,13,0
S01012782,50 to 64,136,66,60,6,70,23,2,8,23,14
S01012782,65 to 74,57,27,27,0,30,7,2,1,5,15
S01012782,75 to 84,37,15,14,1,22,4,0,0,0,18
S01012782,85 and over,8,2,1,1,6,0,1,0,0,5
S01012783,All people aged 16 and over in households,558,260,178,82,298,180,4,25,52,37
S01012783,16 to 24,90,12,3,9,78,78,0,0,0,0
S01012783,25 to 34,106,55,21,34,51,48,0,1,1,1
S01012783,35 to 49,165,86,59,27,79,29,1,18,28,3
S01012783,50 to 64,112,65,61,4,47,19,1,6,13,8
S01012783,65 to 74,51,27,21,6,24,4,1,0,9,10
S01012783,75 to 84,22,9,8,1,13,2,1,0,1,9
S01012783,85 and over,12,6,5,1,6,0,0,0,0,6
S01012784,All people aged 16 and over in households,629,310,222,88,319,178,4,23,58,56
S01012784,16 to 24,72,21,3,18,51,50,1,0,0,0
S01012784,25 to 34,140,72,36,36,68,62,2,3,1,0
S01012784,35 to 49,173,97,75,22,76,46,0,11,19,0
S01012784,50 to 64,137,76,65,11,61,14,1,4,31,11
S01012784,65 to 74,43,25,24,1,18,3,0,5,7,3
S01012784,75 to 84,55,19,19,0,36,2,0,0,0,34
S01012784,85 and over,9,0,0,0,9,1,0,0,0,8
S01012785,All people aged 16 and over in households,595,218,144,74,377,204,6,26,84,57
S01012785,16 to 24,70,13,0,13,57,57,0,0,0,0
S01012785,25 to 34,120,42,10,32,78,72,0,4,2,0
S01012785,35 to 49,147,49,32,17,98,49,3,14,30,2
S01012785,50 to 64,125,68,61,7,57,12,2,4,32,7
S01012785,65 to 74,79,36,33,3,43,10,0,1,15,17
S01012785,75 to 84,48,9,8,1,39,3,0,3,5,28
S01012785,85 and over,6,1,0,1,5,1,1,0,0,3
S01012786,All people aged 16 and over in households,589,166,110,56,423,255,5,44,77,42
S01012786,16 to 24,98,10,0,10,88,88,0,0,0,0
S01012786,25 to 34,131,49,24,25,82,73,1,5,3,0
S01012786,35 to 49,135,30,18,12,105,59,3,13,30,0
S01012786,50 to 64,134,49,41,8,85,25,0,21,31,8
S01012786,65 to 74,53,18,18,0,35,7,1,5,9,13
S01012786,75 to 84,28,8,8,0,20,3,0,0,4,13
S01012786,85 and over,10,2,1,1,8,0,0,0,0,8
S01012787,All people aged 16 and over in households,447,258,194,64,189,133,5,12,20,19
S01012787,16 to 24,72,18,2,16,54,53,1,0,0,0
S01012787,25 to 34,132,83,57,26,49,45,1,1,2,0
S01012787,35 to 49,116,77,62,15,39,24,1,8,4,2
S01012787,50 to 64,86,62,57,5,24,8,0,3,10,3
S01012787,65 to 74,27,15,15,0,12,3,2,0,4,3
S01012787,75 to 84,11,3,1,2,8,0,0,0,0,8
S01012787,85 and over,3,0,0,0,3,0,0,0,0,3
S01012788,All people aged 16 and over in households,495,228,172,56,267,171,5,29,27,35
S01012788,16 to 24,73,4,0,4,69,69,0,0,0,0
S01012788,25 to 34,105,42,25,17,63,55,0,6,1,1
S01012788,35 to 49,125,70,47,23,55,27,3,14,9,2
S01012788,50 to 64,131,85,73,12,46,13,2,5,12,14
S01012788,65 to 74,43,20,20,0,23,7,0,3,3,10
S01012788,75 to 84,17,7,7,0,10,0,0,1,2,7
S01012788,85 and over,1,0,0,0,1,0,0,0,0,1
S01012789,All people aged 16 and over in households,619,362,330,32,257,161,5,13,40,38
S01012789,16 to 24,80,3,1,2,77,75,1,0,0,1
S01012789,25 to 34,78,33,24,9,45,43,2,0,0,0
S01012789,35 to 49,174,115,101,14,59,38,1,7,13,0
S01012789,50 to 64,157,120,115,5,37,2,1,4,18,12
S01012789,65 to 74,97,72,70,2,25,1,0,2,7,15
S01012789,75 to 84,32,19,19,0,13,2,0,0,2,9
S01012789,85 and over,1,0,0,0,1,0,0,0,0,1
S01012790,All people aged 16 and over in households,485,290,234,56,195,120,3,15,23,34
S01012790,16 to 24,73,14,2,12,59,59,0,0,0,0
S01012790,25 to 34,121,74,48,26,47,42,0,1,4,0
S01012790,35 to 49,135,101,89,12,34,11,1,12,9,1
S01012790,50 to 64,78,66,62,4,12,2,0,2,6,2
S01012790,65 to 74,28,18,16,2,10,3,1,0,1,5
S01012790,75 to 84,32,12,12,0,20,1,1,0,3,15
S01012790,85 and over,18,5,5,0,13,2,0,0,0,11
S01012791,All people aged 16 and over in households,607,388,352,36,219,118,5,7,29,60
S01012791,16 to 24,54,0,0,0,54,54,0,0,0,0
S01012791,25 to 34,52,24,10,14,28,28,0,0,0,0
S01012791,35 to 49,139,108,92,16,31,15,1,5,9,1
S01012791,50 to 64,165,129,125,4,36,12,2,1,15,6
S01012791,65 to 74,113,86,84,2,27,5,2,1,3,16
S01012791,75 to 84,71,37,37,0,34,2,0,0,2,30
S01012791,85 and over,13,4,4,0,9,2,0,0,0,7
S01012792,All people aged 16 and over in households,757,356,280,76,401,208,7,37,66,83
S01012792,16 to 24,70,10,0,10,60,60,0,0,0,0
S01012792,25 to 34,121,56,29,27,65,60,2,1,2,0
S01012792,35 to 49,186,98,72,26,88,54,2,16,15,1
S01012792,50 to 64,178,100,91,9,78,19,2,13,33,11
S01012792,65 to 74,99,58,56,2,41,5,0,7,11,18
S01012792,75 to 84,69,29,27,2,40,6,0,0,5,29
S01012792,85 and over,34,5,5,0,29,4,1,0,0,24
S01012793,All people aged 16 and over in households,558,198,156,42,360,205,9,25,65,56
S01012793,16 to 24,56,5,2,3,51,50,0,1,0,0
S01012793,25 to 34,98,28,16,12,70,60,1,7,1,1
S01012793,35 to 49,138,55,37,18,83,57,4,7,15,0
S01012793,50 to 64,153,71,64,7,82,24,4,10,35,9
S01012793,65 to 74,49,23,21,2,26,6,0,0,11,9
S01012793,75 to 84,52,13,13,0,39,7,0,0,3,29
S01012793,85 and over,12,3,3,0,9,1,0,0,0,8
S01012794,All people aged 16 and over in households,551,258,188,70,293,151,9,30,59,44
S01012794,16 to 24,50,12,0,12,38,38,0,0,0,0
S01012794,25 to 34,101,47,20,27,54,50,1,3,0,0
S01012794,35 to 49,129,53,34,19,76,33,2,17,22,2
S01012794,50 to 64,153,88,77,11,65,16,6,7,28,8
S01012794,65 to 74,61,37,36,1,24,6,0,2,6,10
S01012794,75 to 84,44,16,16,0,28,7,0,1,1,19
S01012794,85 and over,13,5,5,0,8,1,0,0,2,5
S01012795,All people aged 16 and over in households,845,380,312,68,465,298,7,43,66,51
S01012795,16 to 24,141,3,1,2,138,137,0,1,0,0
S01012795,25 to 34,123,39,19,20,84,77,3,3,1,0
S01012795,35 to 49,228,122,88,34,106,59,1,24,20,2
S01012795,50 to 64,183,115,106,9,68,13,3,13,30,9
S01012795,65 to 74,110,71,68,3,39,4,0,2,13,20
S01012795,75 to 84,51,26,26,0,25,7,0,0,2,16
S01012795,85 and over,9,4,4,0,5,1,0,0,0,4
S01012796,All people aged 16 and over in households,611,346,252,94,265,175,0,15,43,32
S01012796,16 to 24,87,16,1,15,71,69,0,0,2,0
S01012796,25 to 34,154,103,67,36,51,45,0,3,2,1
S01012796,35 to 49,185,117,91,26,68,48,0,9,10,1
S01012796,50 to 64,109,72,61,11,37,8,0,2,20,7
S01012796,65 to 74,46,24,19,5,22,5,0,1,6,10
S01012796,75 to 84,26,11,10,1,15,0,0,0,3,12
S01012796,85 and over,4,3,3,0,1,0,0,0,0,1
S01012797,All people aged 16 and over in households,548,310,218,92,238,159,5,19,33,22
S01012797,16 to 24,92,10,1,9,82,82,0,0,0,0
S01012797,25 to 34,113,74,33,41,39,35,2,1,1,0
S01012797,35 to 49,179,119,82,37,60,28,2,11,16,3
S01012797,50 to 64,104,65,60,5,39,10,1,5,12,11
S01012797,65 to 74,40,29,29,0,11,4,0,1,2,4
S01012797,75 to 84,19,13,13,0,6,0,0,0,2,4
S01012797,85 and over,1,0,0,0,1,0,0,1,0,0
S01012798,All people aged 16 and over in households,593,350,320,30,243,135,3,17,41,47
S01012798,16 to 24,69,4,0,4,65,65,0,0,0,0
S01012798,25 to 34,57,20,15,5,37,33,0,2,2,0
S01012798,35 to 49,175,135,124,11,40,21,0,5,12,2
S01012798,50 to 64,159,126,116,10,33,8,3,9,13,0
S01012798,65 to 74,58,34,34,0,24,5,0,1,8,10
S01012798,75 to 84,59,31,31,0,28,2,0,0,4,22
S01012798,85 and over,16,0,0,0,16,1,0,0,2,13
S01012799,All people aged 16 and over in households,666,392,360,32,274,128,8,18,34,86
S01012799,16 to 24,61,3,0,3,58,58,0,0,0,0
S01012799,25 to 34,72,29,16,13,43,34,2,5,2,0
S01012799,35 to 49,148,107,98,9,41,19,1,6,14,1
S01012799,50 to 64,189,148,142,6,41,11,3,7,12,8
S01012799,65 to 74,85,59,58,1,26,1,2,0,5,18
S01012799,75 to 84,78,41,41,0,37,4,0,0,1,32
S01012799,85 and over,33,5,5,0,28,1,0,0,0,27
S01012800,All people aged 16 and over in households,734,472,408,64,262,152,6,19,35,50
S01012800,16 to 24,80,8,0,8,72,72,0,0,0,0
S01012800,25 to 34,80,41,27,14,39,37,1,0,1,0
S01012800,35 to 49,208,161,135,26,47,24,1,8,13,1
S01012800,50 to 64,211,155,142,13,56,15,3,11,16,11
S01012800,65 to 74,95,83,80,3,12,0,0,0,2,10
S01012800,75 to 84,41,20,20,0,21,1,0,0,2,18
S01012800,85 and over,19,4,4,0,15,3,1,0,1,10
S01012801,All people aged 16 and over in households,390,214,186,28,176,73,8,18,20,57
S01012801,16 to 24,29,6,0,6,23,23,0,0,0,0
S01012801,25 to 34,44,16,7,9,28,24,2,2,0,0
S01012801,35 to 49,78,40,36,4,38,18,2,8,10,0
S01012801,50 to 64,82,61,53,8,21,6,2,5,4,4
S01012801,65 to 74,64,46,45,1,18,1,0,3,4,10
S01012801,75 to 84,69,35,35,0,34,1,2,0,1,30
S01012801,85 and over,24,10,10,0,14,0,0,0,1,13
S01012802,All people aged 16 and over in households,486,334,326,8,152,116,3,10,13,10
S01012802,16 to 24,80,0,0,0,80,80,0,0,0,0
S01012802,25 to 34,39,16,16,0,23,23,0,0,0,0
S01012802,35 to 49,136,119,115,4,17,6,0,4,7,0
S01012802,50 to 64,165,147,143,4,18,2,1,6,5,4
S01012802,65 to 74,41,35,35,0,6,3,2,0,0,1
S01012802,75 to 84,21,15,15,0,6,2,0,0,1,3
S01012802,85 and over,4,2,2,0,2,0,0,0,0,2
S01012803,All people aged 16 and over in households,573,366,344,22,207,142,4,10,20,31
S01012803,16 to 24,93,1,0,1,92,92,0,0,0,0
S01012803,25 to 34,51,21,10,11,30,29,1,0,0,0
S01012803,35 to 49,131,103,97,6,28,14,0,5,9,0
S01012803,50 to 64,203,178,175,3,25,4,1,5,7,8
S01012803,65 to 74,66,49,48,1,17,2,2,0,3,10
S01012803,75 to 84,22,13,13,0,9,1,0,0,1,7
S01012803,85 and over,7,1,1,0,6,0,0,0,0,6
S01012804,All people aged 16 and over in households,624,294,252,42,330,200,4,21,41,64
S01012804,16 to 24,84,2,0,2,82,81,1,0,0,0
S01012804,25 to 34,107,45,21,24,62,56,0,3,2,1
S01012804,35 to 49,149,83,74,9,66,44,1,7,14,0
S01012804,50 to 64,156,108,103,5,48,16,1,5,21,5
S01012804,65 to 74,65,41,39,2,24,2,0,4,3,15
S01012804,75 to 84,43,11,11,0,32,0,0,2,1,29
S01012804,85 and over,20,4,4,0,16,1,1,0,0,14
S01012805,All people aged 16 and over in households,742,376,308,68,366,222,4,28,45,67
S01012805,16 to 24,98,6,2,4,92,90,1,0,0,1
S01012805,25 to 34,115,50,16,34,65,62,0,1,2,0
S01012805,35 to 49,201,123,95,28,78,48,0,13,16,1
S01012805,50 to 64,185,121,119,2,64,16,0,13,22,13
S01012805,65 to 74,65,45,45,0,20,1,0,1,4,14
S01012805,75 to 84,65,28,28,0,37,4,2,0,1,30
S01012805,85 and over,13,3,3,0,10,1,1,0,0,8
S01012806,All people aged 16 and over in households,564,328,282,46,236,146,0,15,41,34
S01012806,16 to 24,75,4,2,2,71,71,0,0,0,0
S01012806,25 to 34,93,49,31,18,44,39,0,2,3,0
S01012806,35 to 49,162,117,101,16,45,23,0,8,14,0
S01012806,50 to 64,147,110,104,6,37,11,0,3,16,7
S01012806,65 to 74,59,40,36,4,19,2,0,2,6,9
S01012806,75 to 84,23,6,6,0,17,0,0,0,2,15
S01012806,85 and over,5,2,2,0,3,0,0,0,0,3
S01012807,All people aged 16 and over in households,474,330,314,16,144,108,0,8,10,18
S01012807,16 to 24,77,3,3,0,74,74,0,0,0,0
S01012807,25 to 34,37,17,14,3,20,20,0,0,0,0
S01012807,35 to 49,142,125,119,6,17,10,0,4,2,1
S01012807,50 to 64,139,123,116,7,16,3,0,3,6,4
S01012807,65 to 74,41,34,34,0,7,1,0,1,1,4
S01012807,75 to 84,29,22,22,0,7,0,0,0,0,7
S01012807,85 and over,9,6,6,0,3,0,0,0,1,2
S01012808,All people aged 16 and over in households,873,524,472,52,349,184,7,17,53,88
S01012808,16 to 24,91,3,0,3,88,88,0,0,0,0
S01012808,25 to 34,91,43,23,20,48,45,0,0,3,0
S01012808,35 to 49,238,186,173,13,52,26,0,7,17,2
S01012808,50 to 64,223,174,159,15,49,12,3,6,19,9
S01012808,65 to 74,114,80,80,0,34,5,1,2,10,16
S01012808,75 to 84,80,31,31,0,49,6,2,2,4,35
S01012808,85 and over,36,7,6,1,29,2,1,0,0,26
S01012809,All people aged 16 and over in households,530,262,204,58,268,171,3,22,39,33
S01012809,16 to 24,55,8,1,7,47,47,0,0,0,0
S01012809,25 to 34,135,51,20,31,84,79,0,1,4,0
S01012809,35 to 49,119,69,53,16,50,28,1,7,13,1
S01012809,50 to 64,121,74,70,4,47,12,1,11,15,8
S01012809,65 to 74,63,46,46,0,17,2,0,3,6,6
S01012809,75 to 84,26,12,12,0,14,1,1,0,0,12
S01012809,85 and over,11,2,2,0,9,2,0,0,1,6
S01012810,All people aged 16 and over in households,724,282,224,58,442,255,3,24,70,90
S01012810,16 to 24,83,7,1,6,76,76,0,0,0,0
S01012810,25 to 34,131,39,14,25,92,88,0,2,1,1
S01012810,35 to 49,173,88,71,17,85,47,1,9,25,3
S01012810,50 to 64,180,104,98,6,76,28,1,9,29,9
S01012810,65 to 74,77,27,23,4,50,7,1,3,11,28
S01012810,75 to 84,55,14,14,0,41,5,0,1,4,31
S01012810,85 and over,25,3,3,0,22,4,0,0,0,18
S01012811,All people aged 16 and over in households,663,366,334,32,297,166,7,18,35,71
S01012811,16 to 24,77,3,1,2,74,74,0,0,0,0
S01012811,25 to 34,69,38,30,8,31,26,1,3,1,0
S01012811,35 to 49,153,88,78,10,65,41,1,7,12,4
S01012811,50 to 64,166,129,119,10,37,16,1,3,11,6
S01012811,65 to 74,122,75,73,2,47,4,3,2,9,29
S01012811,75 to 84,60,28,28,0,32,3,1,2,2,24
S01012811,85 and over,16,5,5,0,11,2,0,1,0,8
S01012812,All people aged 16 and over in households,557,330,278,52,227,150,6,7,32,32
S01012812,16 to 24,72,3,0,3,69,69,0,0,0,0
S01012812,25 to 34,90,45,30,15,45,42,2,1,0,0
S01012812,35 to 49,163,118,91,27,45,23,1,3,18,0
S01012812,50 to 64,154,120,113,7,34,8,3,2,11,10
S01012812,65 to 74,41,25,25,0,16,4,0,0,2,10
S01012812,75 to 84,34,19,19,0,15,4,0,1,1,9
S01012812,85 and over,3,0,0,0,3,0,0,0,0,3
S01012813,All people aged 16 and over in households,768,548,506,42,220,144,2,10,16,48
S01012813,16 to 24,85,3,0,3,82,82,0,0,0,0
S01012813,25 to 34,60,32,15,17,28,28,0,0,0,0
S01012813,35 to 49,187,155,142,13,32,19,0,6,4,3
S01012813,50 to 64,223,191,187,4,32,10,2,4,10,6
S01012813,65 to 74,138,121,117,4,17,1,0,0,1,15
S01012813,75 to 84,63,41,40,1,22,4,0,0,1,17
S01012813,85 and over,12,5,5,0,7,0,0,0,0,7
S01012814,All people aged 16 and over in households,640,438,360,78,202,136,1,17,26,22
S01012814,16 to 24,65,1,0,1,64,63,0,1,0,0
S01012814,25 to 34,129,92,58,34,37,33,0,3,1,0
S01012814,35 to 49,256,203,166,37,53,29,1,10,12,1
S01012814,50 to 64,134,109,104,5,25,11,0,3,10,1
S01012814,65 to 74,40,27,26,1,13,0,0,0,2,11
S01012814,75 to 84,13,5,5,0,8,0,0,0,1,7
S01012814,85 and over,3,1,1,0,2,0,0,0,0,2
S01012815,All people aged 16 and over in households,625,446,364,82,179,119,2,22,19,17
S01012815,16 to 24,75,7,3,4,68,67,0,1,0,0
S01012815,25 to 34,160,116,76,40,44,31,1,10,2,0
S01012815,35 to 49,268,230,202,28,38,16,0,9,11,2
S01012815,50 to 64,97,80,71,9,17,4,1,2,6,4
S01012815,65 to 74,20,12,11,1,8,1,0,0,0,7
S01012815,75 to 84,5,1,1,0,4,0,0,0,0,4
S01012815,85 and over,0,0,0,0,0,0,0,0,0,0
S01012816,All people aged 16 and over in households,434,272,210,62,162,100,2,18,23,19
S01012816,16 to 24,53,7,4,3,46,46,0,0,0,0
S01012816,25 to 34,92,62,37,25,30,24,0,6,0,0
S01012816,35 to 49,171,131,100,31,40,24,1,6,9,0
S01012816,50 to 64,80,51,49,2,29,5,1,6,13,4
S01012816,65 to 74,29,20,19,1,9,1,0,0,0,8
S01012816,75 to 84,6,1,1,0,5,0,0,0,1,4
S01012816,85 and over,3,0,0,0,3,0,0,0,0,3
S01012817,All people aged 16 and over in households,383,280,242,38,103,70,5,12,12,4
S01012817,16 to 24,54,1,0,1,53,53,0,0,0,0
S01012817,25 to 34,60,45,32,13,15,13,2,0,0,0
S01012817,35 to 49,195,171,159,12,24,3,3,10,6,2
S01012817,50 to 64,64,54,42,12,10,1,0,2,6,1
S01012817,65 to 74,9,8,8,0,1,0,0,0,0,1
S01012817,75 to 84,1,1,1,0,0,0,0,0,0,0
S01012817,85 and over,0,0,0,0,0,0,0,0,0,0
S01012818,All people aged 16 and over in households,627,440,396,44,187,140,5,9,16,17
S01012818,16 to 24,100,4,0,4,96,96,0,0,0,0
S01012818,25 to 34,79,48,30,18,31,25,3,1,2,0
S01012818,35 to 49,247,221,201,20,26,13,1,5,4,3
S01012818,50 to 64,144,121,119,2,23,6,1,3,10,3
S01012818,65 to 74,44,38,38,0,6,0,0,0,0,6
S01012818,75 to 84,12,8,8,0,4,0,0,0,0,4
S01012818,85 and over,1,0,0,0,1,0,0,0,0,1
S01012819,All people aged 16 and over in households,606,252,204,48,354,186,3,34,58,73
S01012819,16 to 24,83,9,1,8,74,74,0,0,0,0
S01012819,25 to 34,86,31,14,17,55,51,1,3,0,0
S01012819,35 to 49,140,71,55,16,69,44,1,12,11,1
S01012819,50 to 64,162,81,75,6,81,12,1,15,33,20
S01012819,65 to 74,84,52,51,1,32,2,0,4,10,16
S01012819,75 to 84,42,8,8,0,34,3,0,0,4,27
S01012819,85 and over,9,0,0,0,9,0,0,0,0,9
S01012820,All people aged 16 and over in households,778,544,434,110,234,167,6,18,32,11
S01012820,16 to 24,114,18,2,16,96,95,1,0,0,0
S01012820,25 to 34,163,118,60,58,45,37,2,5,1,0
S01012820,35 to 49,304,250,222,28,54,32,0,9,13,0
S01012820,50 to 64,172,141,135,6,31,2,3,4,16,6
S01012820,65 to 74,19,15,14,1,4,1,0,0,2,1
S01012820,75 to 84,5,2,1,1,3,0,0,0,0,3
S01012820,85 and over,1,0,0,0,1,0,0,0,0,1
S01012821,All people aged 16 and over in households,553,378,280,98,175,105,19,24,19,8
S01012821,16 to 24,78,7,1,6,71,69,2,0,0,0
S01012821,25 to 34,159,116,85,31,43,21,13,5,4,0
S01012821,35 to 49,226,190,141,49,36,14,1,13,5,3
S01012821,50 to 64,72,55,44,11,17,0,3,4,10,0
S01012821,65 to 74,14,9,8,1,5,1,0,2,0,2
S01012821,75 to 84,4,1,1,0,3,0,0,0,0,3
S01012821,85 and over,0,0,0,0,0,0,0,0,0,0
S01012822,All people aged 16 and over in households,365,112,78,34,253,146,2,33,43,29
S01012822,16 to 24,43,5,0,5,38,38,0,0,0,0
S01012822,25 to 34,93,22,10,12,71,63,0,5,3,0
S01012822,35 to 49,104,31,18,13,73,37,2,17,15,2
S01012822,50 to 64,81,40,37,3,41,5,0,10,22,4
S01012822,65 to 74,24,12,11,1,12,1,0,1,1,9
S01012822,75 to 84,17,2,2,0,15,2,0,0,2,11
S01012822,85 and over,3,0,0,0,3,0,0,0,0,3
S01012823,All people aged 16 and over in households,622,428,354,74,194,134,10,14,20,16
S01012823,16 to 24,99,4,1,3,95,93,2,0,0,0
S01012823,25 to 34,103,74,41,33,29,22,4,3,0,0
S01012823,35 to 49,271,233,203,30,38,11,3,10,10,4
S01012823,50 to 64,123,98,91,7,25,8,0,1,10,6
S01012823,65 to 74,18,14,13,1,4,0,0,0,0,4
S01012823,75 to 84,6,5,5,0,1,0,1,0,0,0
S01012823,85 and over,2,0,0,0,2,0,0,0,0,2
S01012824,All people aged 16 and over in households,521,310,246,64,211,141,3,14,24,29
S01012824,16 to 24,63,2,0,2,61,61,0,0,0,0
S01012824,25 to 34,105,67,39,28,38,37,0,0,0,1
S01012824,35 to 49,168,117,90,27,51,28,1,8,14,0
S01012824,50 to 64,106,71,65,6,35,14,2,5,9,5
S01012824,65 to 74,50,36,36,0,14,0,0,1,1,12
S01012824,75 to 84,22,14,13,1,8,0,0,0,0,8
S01012824,85 and over,7,3,3,0,4,1,0,0,0,3
S01012825,All people aged 16 and over in households,418,188,150,38,230,126,2,25,46,31
S01012825,16 to 24,35,3,0,3,32,32,0,0,0,0
S01012825,25 to 34,67,25,9,16,42,40,1,1,0,0
S01012825,35 to 49,99,53,44,9,46,27,1,9,9,0
S01012825,50 to 64,128,63,54,9,65,22,0,13,25,5
S01012825,65 to 74,49,30,29,1,19,2,0,2,7,8
S01012825,75 to 84,35,14,14,0,21,2,0,0,5,14
S01012825,85 and over,5,0,0,0,5,1,0,0,0,4
S01012826,All people aged 16 and over in households,439,150,86,64,289,204,4,23,48,10
S01012826,16 to 24,110,8,0,8,102,102,0,0,0,0
S01012826,25 to 34,90,27,8,19,63,58,2,3,0,0
S01012826,35 to 49,154,76,44,32,78,36,2,15,24,1
S01012826,50 to 64,68,31,27,4,37,6,0,4,22,5
S01012826,65 to 74,14,8,7,1,6,1,0,1,2,2
S01012826,75 to 84,2,0,0,0,2,1,0,0,0,1
S01012826,85 and over,1,0,0,0,1,0,0,0,0,1
S01012827,All people aged 16 and over in households,478,354,276,78,124,84,10,14,11,5
S01012827,16 to 24,56,10,4,6,46,44,2,0,0,0
S01012827,25 to 34,147,116,83,33,31,21,5,3,2,0
S01012827,35 to 49,216,183,151,32,33,18,0,9,6,0
S01012827,50 to 64,45,35,31,4,10,1,2,2,3,2
S01012827,65 to 74,11,8,5,3,3,0,0,0,0,3
S01012827,75 to 84,3,2,2,0,1,0,1,0,0,0
S01012827,85 and over,0,0,0,0,0,0,0,0,0,0
S01012828,All people aged 16 and over in households,462,328,244,84,134,88,2,19,12,13
S01012828,16 to 24,49,12,3,9,37,37,0,0,0,0
S01012828,25 to 34,156,123,78,45,33,31,1,1,0,0
S01012828,35 to 49,157,125,98,27,32,17,0,8,6,1
S01012828,50 to 64,76,54,51,3,22,3,0,9,5,5
S01012828,65 to 74,18,14,14,0,4,0,0,0,1,3
S01012828,75 to 84,5,0,0,0,5,0,1,1,0,3
S01012828,85 and over,1,0,0,0,1,0,0,0,0,1
S01012829,All people aged 16 and over in households,653,318,244,74,335,209,3,27,47,49
S01012829,16 to 24,93,11,1,10,82,81,0,1,0,0
S01012829,25 to 34,113,49,29,20,64,60,0,4,0,0
S01012829,35 to 49,197,110,79,31,87,47,2,13,25,0
S01012829,50 to 64,138,88,76,12,50,17,0,9,16,8
S01012829,65 to 74,66,38,37,1,28,2,1,0,6,19
S01012829,75 to 84,37,20,20,0,17,2,0,0,0,15
S01012829,85 and over,9,2,2,0,7,0,0,0,0,7
S01012830,All people aged 16 and over in households,565,310,262,48,255,144,6,18,37,50
S01012830,16 to 24,64,2,0,2,62,62,0,0,0,0
S01012830,25 to 34,66,29,14,15,37,34,3,0,0,0
S01012830,35 to 49,148,113,88,25,35,23,0,9,3,0
S01012830,50 to 64,170,114,109,5,56,16,1,7,21,11
S01012830,65 to 74,78,47,46,1,31,6,1,2,8,14
S01012830,75 to 84,32,5,5,0,27,2,0,0,4,21
S01012830,85 and over,7,0,0,0,7,1,1,0,1,4
S01012831,All people aged 16 and over in households,560,256,222,34,304,141,4,28,47,84
S01012831,16 to 24,35,5,0,5,30,30,0,0,0,0
S01012831,25 to 34,66,24,13,11,42,38,1,1,2,0
S01012831,35 to 49,102,43,35,8,59,37,1,12,8,1
S01012831,50 to 64,176,111,101,10,65,19,1,10,27,8
S01012831,65 to 74,87,50,50,0,37,9,0,5,7,16
S01012831,75 to 84,72,17,17,0,55,8,1,0,3,43
S01012831,85 and over,22,6,6,0,16,0,0,0,0,16
S01012832,All people aged 16 and over in households,436,234,192,42,202,131,2,13,22,34
S01012832,16 to 24,74,4,2,2,70,70,0,0,0,0
S01012832,25 to 34,54,27,14,13,27,27,0,0,0,0
S01012832,35 to 49,110,78,59,19,32,25,0,2,5,0
S01012832,50 to 64,118,85,80,5,33,4,1,8,12,8
S01012832,65 to 74,51,32,29,3,19,4,0,3,4,8
S01012832,75 to 84,24,7,7,0,17,1,1,0,0,15
S01012832,85 and over,5,1,1,0,4,0,0,0,1,3
S01012833,All people aged 16 and over in households,572,228,182,46,344,207,5,37,53,42
S01012833,16 to 24,77,2,0,2,75,75,0,0,0,0
S01012833,25 to 34,86,33,16,17,53,47,1,3,2,0
S01012833,35 to 49,156,49,35,14,107,60,3,23,20,1
S01012833,50 to 64,139,78,67,11,61,16,1,8,26,10
S01012833,65 to 74,71,47,46,1,24,6,0,3,5,10
S01012833,75 to 84,30,17,16,1,13,1,0,0,0,12
S01012833,85 and over,13,2,2,0,11,2,0,0,0,9
S01012834,All people aged 16 and over in households,502,242,198,44,260,148,2,37,37,36
S01012834,16 to 24,58,6,0,6,52,52,0,0,0,0
S01012834,25 to 34,77,28,11,17,49,40,0,9,0,0
S01012834,35 to 49,131,64,54,10,67,44,0,11,11,1
S01012834,50 to 64,153,101,90,11,52,6,0,15,21,10
S01012834,65 to 74,44,31,31,0,13,3,1,2,3,4
S01012834,75 to 84,29,12,12,0,17,1,1,0,1,14
S01012834,85 and over,10,0,0,0,10,2,0,0,1,7
S01012835,All people aged 16 and over in households,696,370,290,80,326,196,4,28,33,65
S01012835,16 to 24,71,8,0,8,63,63,0,0,0,0
S01012835,25 to 34,114,60,30,30,54,51,2,1,0,0
S01012835,35 to 49,177,108,82,26,69,46,0,12,11,0
S01012835,50 to 64,185,122,109,13,63,17,0,13,21,12
S01012835,65 to 74,79,48,47,1,31,11,0,1,0,19
S01012835,75 to 84,52,22,20,2,30,5,0,1,1,23
S01012835,85 and over,18,2,2,0,16,3,2,0,0,11
S01012836,All people aged 16 and over in households,487,334,290,44,153,115,2,18,11,7
S01012836,16 to 24,78,3,2,1,75,74,1,0,0,0
S01012836,25 to 34,109,76,63,13,33,26,1,3,3,0
S01012836,35 to 49,193,174,154,20,19,6,0,10,2,1
S01012836,50 to 64,98,78,68,10,20,9,0,3,6,2
S01012836,65 to 74,9,3,3,0,6,0,0,2,0,4
S01012836,75 to 84,0,0,0,0,0,0,0,0,0,0
S01012836,85 and over,0,0,0,0,0,0,0,0,0,0
S01012837,All people aged 16 and over in households,579,168,98,70,411,247,5,38,88,33
S01012837,16 to 24,112,15,0,15,97,92,0,3,2,0
S01012837,25 to 34,125,43,18,25,82,75,2,4,1,0
S01012837,35 to 49,175,49,33,16,126,67,1,20,36,2
S01012837,50 to 64,106,46,33,13,60,10,0,9,30,11
S01012837,65 to 74,47,15,14,1,32,2,2,2,16,10
S01012837,75 to 84,11,0,0,0,11,1,0,0,3,7
S01012837,85 and over,3,0,0,0,3,0,0,0,0,3
S01012838,All people aged 16 and over in households,708,192,114,78,516,331,5,54,88,38
S01012838,16 to 24,129,19,2,17,110,109,0,0,1,0
S01012838,25 to 34,173,42,12,30,131,119,0,10,2,0
S01012838,35 to 49,214,66,45,21,148,80,1,33,32,2
S01012838,50 to 64,141,51,43,8,90,20,4,11,44,11
S01012838,65 to 74,29,8,8,0,21,1,0,0,8,12
S01012838,75 to 84,19,5,3,2,14,2,0,0,1,11
S01012838,85 and over,3,1,1,0,2,0,0,0,0,2
S01012839,All people aged 16 and over in households,578,376,320,56,202,132,6,16,28,20
S01012839,16 to 24,59,6,3,3,53,53,0,0,0,0
S01012839,25 to 34,102,54,29,25,48,42,0,5,1,0
S01012839,35 to 49,119,88,74,14,31,22,2,1,6,0
S01012839,50 to 64,219,174,162,12,45,10,4,9,16,6
S01012839,65 to 74,52,36,35,1,16,4,0,1,5,6
S01012839,75 to 84,21,16,15,1,5,0,0,0,0,5
S01012839,85 and over,6,2,2,0,4,1,0,0,0,3
S01012840,All people aged 16 and over in households,584,426,362,64,158,103,6,13,29,7
S01012840,16 to 24,65,7,1,6,58,58,0,0,0,0
S01012840,25 to 34,122,84,65,19,38,30,5,2,1,0
S01012840,35 to 49,246,215,182,33,31,10,1,7,13,0
S01012840,50 to 64,122,99,93,6,23,4,0,3,14,2
S01012840,65 to 74,25,20,20,0,5,1,0,1,1,2
S01012840,75 to 84,4,1,1,0,3,0,0,0,0,3
S01012840,85 and over,0,0,0,0,0,0,0,0,0,0
S01012841,All people aged 16 and over in households,497,346,318,28,151,94,1,16,20,20
S01012841,16 to 24,51,7,0,7,44,44,0,0,0,0
S01012841,25 to 34,47,24,17,7,23,21,0,1,1,0
S01012841,35 to 49,140,102,93,9,38,22,0,7,7,2
S01012841,50 to 64,183,157,152,5,26,6,0,8,9,3
S01012841,65 to 74,40,33,33,0,7,1,0,0,3,3
S01012841,75 to 84,33,21,21,0,12,0,1,0,0,11
S01012841,85 and over,3,2,2,0,1,0,0,0,0,1
S01012842,All people aged 16 and over in households,407,272,230,42,135,89,3,9,16,18
S01012842,16 to 24,51,7,2,5,44,44,0,0,0,0
S01012842,25 to 34,60,29,17,12,31,28,0,2,0,1
S01012842,35 to 49,98,74,58,16,24,12,2,4,6,0
S01012842,50 to 64,150,127,118,9,23,3,1,2,9,8
S01012842,65 to 74,34,24,24,0,10,2,0,1,0,7
S01012842,75 to 84,13,11,11,0,2,0,0,0,1,1
S01012842,85 and over,1,0,0,0,1,0,0,0,0,1
S01012843,All people aged 16 and over in households,774,554,488,66,220,153,3,6,13,45
S01012843,16 to 24,81,6,0,6,75,75,0,0,0,0
S01012843,25 to 34,71,38,24,14,33,33,0,0,0,0
S01012843,35 to 49,248,212,184,28,36,22,1,3,8,2
S01012843,50 to 64,202,180,168,12,22,11,0,3,4,4
S01012843,65 to 74,105,86,81,5,19,6,1,0,0,12
S01012843,75 to 84,51,23,22,1,28,6,1,0,1,20
S01012843,85 and over,16,9,9,0,7,0,0,0,0,7
S01012844,All people aged 16 and over in households,561,382,356,26,179,121,4,8,14,32
S01012844,16 to 24,74,3,1,2,71,70,0,1,0,0
S01012844,25 to 34,59,21,13,8,38,33,1,4,0,0
S01012844,35 to 49,167,146,138,8,21,11,1,1,6,2
S01012844,50 to 64,183,163,155,8,20,4,1,1,7,7
S01012844,65 to 74,38,31,31,0,7,1,1,0,1,4
S01012844,75 to 84,32,16,16,0,16,1,0,1,0,14
S01012844,85 and over,8,2,2,0,6,1,0,0,0,5
S01012845,All people aged 16 and over in households,554,334,300,34,220,151,0,7,26,36
S01012845,16 to 24,77,0,0,0,77,77,0,0,0,0
S01012845,25 to 34,44,16,11,5,28,28,0,0,0,0
S01012845,35 to 49,174,137,121,16,37,24,0,4,7,2
S01012845,50 to 64,163,120,110,10,43,20,0,2,12,9
S01012845,65 to 74,53,37,35,2,16,1,0,1,6,8
S01012845,75 to 84,33,21,20,1,12,0,0,0,1,11
S01012845,85 and over,10,3,3,0,7,1,0,0,0,6
S01012846,All people aged 16 and over in households,807,316,240,76,491,274,5,48,57,107
S01012846,16 to 24,93,18,1,17,75,75,0,0,0,0
S01012846,25 to 34,123,42,14,28,81,78,0,1,2,0
S01012846,35 to 49,160,75,55,20,85,58,2,16,5,4
S01012846,50 to 64,191,85,79,6,106,38,1,22,29,16
S01012846,65 to 74,128,59,55,4,69,14,1,6,15,33
S01012846,75 to 84,86,31,30,1,55,10,1,3,6,35
S01012846,85 and over,26,6,6,0,20,1,0,0,0,19
S01012847,All people aged 16 and over in households,456,258,232,26,198,111,5,14,23,45
S01012847,16 to 24,57,1,0,1,56,56,0,0,0,0
S01012847,25 to 34,55,26,19,7,29,26,0,1,2,0
S01012847,35 to 49,118,90,75,15,28,15,2,5,6,0
S01012847,50 to 64,125,99,96,3,26,7,1,5,7,6
S01012847,65 to 74,48,27,27,0,21,4,1,2,6,8
S01012847,75 to 84,43,13,13,0,30,1,1,1,2,25
S01012847,85 and over,10,2,2,0,8,2,0,0,0,6
S01012848,All people aged 16 and over in households,582,390,314,76,192,126,11,8,19,28
S01012848,16 to 24,64,2,1,1,62,62,0,0,0,0
S01012848,25 to 34,121,92,69,23,29,27,2,0,0,0
S01012848,35 to 49,174,146,112,34,28,13,3,6,5,1
S01012848,50 to 64,134,93,79,14,41,18,6,2,11,4
S01012848,65 to 74,48,32,29,3,16,3,0,0,2,11
S01012848,75 to 84,24,17,16,1,7,2,0,0,0,5
S01012848,85 and over,17,8,8,0,9,1,0,0,1,7
S01012849,All people aged 16 and over in households,564,304,198,106,260,157,2,25,44,32
S01012849,16 to 24,84,30,5,25,54,54,0,0,0,0
S01012849,25 to 34,166,106,49,57,60,49,0,8,1,2
S01012849,35 to 49,129,72,55,17,57,37,0,8,11,1
S01012849,50 to 64,100,51,45,6,49,11,1,8,23,6
S01012849,65 to 74,49,31,30,1,18,2,0,1,7,8
S01012849,75 to 84,29,14,14,0,15,4,1,0,0,10
S01012849,85 and over,7,0,0,0,7,0,0,0,2,5
S01012850,All people aged 16 and over in households,623,294,232,62,329,164,7,32,44,82
S01012850,16 to 24,60,4,2,2,56,56,0,0,0,0
S01012850,25 to 34,59,17,7,10,42,40,1,1,0,0
S01012850,35 to 49,144,78,52,26,66,36,1,12,16,1
S01012850,50 to 64,172,104,85,19,68,21,3,11,18,15
S01012850,65 to 74,94,59,54,5,35,3,2,6,7,17
S01012850,75 to 84,78,31,31,0,47,4,0,2,3,38
S01012850,85 and over,16,1,1,0,15,4,0,0,0,11
S01012851,All people aged 16 and over in households,698,381,340,41,317,174,7,24,38,74
S01012851,16 to 24,77,0,0,0,77,77,0,0,0,0
S01012851,25 to 34,61,21,15,6,40,35,2,3,0,0
S01012851,35 to 49,162,115,94,21,47,32,0,6,9,0
S01012851,50 to 64,215,153,143,10,62,19,3,9,22,9
S01012851,65 to 74,96,60,56,4,36,7,1,5,4,19
S01012851,75 to 84,66,28,28,0,38,4,1,1,2,30
S01012851,85 and over,21,4,4,0,17,0,0,0,1,16
S01012852,All people aged 16 and over in households,592,378,338,40,214,129,7,11,23,44
S01012852,16 to 24,70,1,1,0,69,68,1,0,0,0
S01012852,25 to 34,65,39,26,13,26,23,1,0,2,0
S01012852,35 to 49,148,112,94,18,36,16,3,5,7,5
S01012852,50 to 64,176,149,140,9,27,5,1,5,11,5
S01012852,65 to 74,75,53,53,0,22,6,0,0,3,13
S01012852,75 to 84,44,21,21,0,23,8,1,1,0,13
S01012852,85 and over,14,3,3,0,11,3,0,0,0,8
S01012853,All people aged 16 and over in households,688,440,408,32,248,161,6,6,16,59
S01012853,16 to 24,80,2,0,2,78,78,0,0,0,0
S01012853,25 to 34,52,11,6,5,41,39,1,1,0,0
S01012853,35 to 49,132,104,90,14,28,20,1,3,4,0
S01012853,50 to 64,226,194,183,11,32,15,2,0,6,9
S01012853,65 to 74,103,77,77,0,26,2,1,2,4,17
S01012853,75 to 84,68,40,40,0,28,4,1,0,2,21
S01012853,85 and over,27,12,12,0,15,3,0,0,0,12
S01012854,All people aged 16 and over in households,695,398,328,70,297,191,8,26,21,51
S01012854,16 to 24,81,6,0,6,75,75,0,0,0,0
S01012854,25 to 34,122,64,44,20,58,55,0,3,0,0
S01012854,35 to 49,184,133,107,26,51,33,2,9,5,2
S01012854,50 to 64,197,135,117,18,62,23,2,13,14,10
S01012854,65 to 74,62,43,43,0,19,1,0,1,1,16
S01012854,75 to 84,36,15,15,0,21,1,2,0,1,17
S01012854,85 and over,13,2,2,0,11,3,2,0,0,6
S01012855,All people aged 16 and over in households,539,320,246,74,219,160,3,14,23,19
S01012855,16 to 24,81,13,1,12,68,66,2,0,0,0
S01012855,25 to 34,119,68,27,41,51,51,0,0,0,0
S01012855,35 to 49,150,106,88,18,44,28,1,8,7,0
S01012855,50 to 64,144,103,100,3,41,11,0,6,15,9
S01012855,65 to 74,23,18,18,0,5,3,0,0,0,2
S01012855,75 to 84,16,10,10,0,6,1,0,0,1,4
S01012855,85 and over,6,2,2,0,4,0,0,0,0,4
S01012856,All people aged 16 and over in households,608,258,188,70,350,169,3,23,54,101
S01012856,16 to 24,58,14,0,14,44,44,0,0,0,0
S01012856,25 to 34,95,38,15,23,57,50,1,3,3,0
S01012856,35 to 49,143,77,52,25,66,41,0,8,17,0
S01012856,50 to 64,133,81,73,8,52,18,0,9,18,7
S01012856,65 to 74,77,30,30,0,47,7,1,2,10,27
S01012856,75 to 84,70,16,16,0,54,4,1,1,6,42
S01012856,85 and over,32,2,2,0,30,5,0,0,0,25
S01012857,All people aged 16 and over in households,713,306,252,54,407,219,4,24,58,102
S01012857,16 to 24,57,6,0,6,51,50,1,0,0,0
S01012857,25 to 34,87,41,23,18,46,45,0,0,1,0
S01012857,35 to 49,157,77,61,16,80,57,0,9,12,2
S01012857,50 to 64,175,80,74,6,95,38,0,12,30,15
S01012857,65 to 74,101,52,48,4,49,12,0,1,11,25
S01012857,75 to 84,105,45,41,4,60,9,3,1,2,45
S01012857,85 and over,31,5,5,0,26,8,0,1,2,15
S01012858,All people aged 16 and over in households,614,214,152,62,400,248,2,32,64,54
S01012858,16 to 24,65,8,0,8,57,57,0,0,0,0
S01012858,25 to 34,131,43,11,32,88,85,0,2,1,0
S01012858,35 to 49,150,48,34,14,102,72,2,10,18,0
S01012858,50 to 64,155,75,68,7,80,23,0,17,31,9
S01012858,65 to 74,63,31,30,1,32,3,0,2,11,16
S01012858,75 to 84,38,9,9,0,29,5,0,0,3,21
S01012858,85 and over,12,0,0,0,12,3,0,1,0,8
S01012859,All people aged 16 and over in households,845,420,282,138,425,284,4,34,51,52
S01012859,16 to 24,135,38,3,35,97,96,1,0,0,0
S01012859,25 to 34,205,107,40,67,98,89,0,5,4,0
S01012859,35 to 49,233,128,105,23,105,73,2,17,12,1
S01012859,50 to 64,158,87,79,8,71,19,1,10,28,13
S01012859,65 to 74,66,45,43,2,21,3,0,1,5,12
S01012859,75 to 84,33,12,9,3,21,4,0,0,1,16
S01012859,85 and over,15,3,3,0,12,0,0,1,1,10
S01012860,All people aged 16 and over in households,689,380,340,40,309,168,7,14,31,89
S01012860,16 to 24,97,4,0,4,93,92,1,0,0,0
S01012860,25 to 34,61,26,21,5,35,34,0,0,1,0
S01012860,35 to 49,151,117,96,21,34,20,0,6,7,1
S01012860,50 to 64,184,150,142,8,34,10,0,6,13,5
S01012860,65 to 74,70,39,37,2,31,4,1,2,6,18
S01012860,75 to 84,88,38,38,0,50,8,4,0,3,35
S01012860,85 and over,38,6,6,0,32,0,1,0,1,30
S01012861,All people aged 16 and over in households,592,338,284,54,254,158,9,12,29,46
S01012861,16 to 24,70,1,0,1,69,68,1,0,0,0
S01012861,25 to 34,85,46,21,25,39,35,3,0,1,0
S01012861,35 to 49,163,115,94,21,48,31,2,6,8,1
S01012861,50 to 64,156,117,112,5,39,17,0,4,14,4
S01012861,65 to 74,65,44,42,2,21,4,0,2,6,9
S01012861,75 to 84,39,13,13,0,26,2,0,0,0,24
S01012861,85 and over,14,2,2,0,12,1,3,0,0,8
S01012862,All people aged 16 and over in households,519,148,120,28,371,213,5,27,70,56
S01012862,16 to 24,69,1,0,1,68,67,0,1,0,0
S01012862,25 to 34,76,25,17,8,51,49,0,2,0,0
S01012862,35 to 49,134,41,31,10,93,62,3,9,15,4
S01012862,50 to 64,117,49,40,9,68,20,0,12,30,6
S01012862,65 to 74,65,24,24,0,41,5,1,2,16,17
S01012862,75 to 84,40,5,5,0,35,6,1,1,6,21
S01012862,85 and over,18,3,3,0,15,4,0,0,3,8
S01012863,All people aged 16 and over in households,556,148,90,58,408,244,5,38,83,38
S01012863,16 to 24,63,12,0,12,51,48,2,1,0,0
S01012863,25 to 34,143,38,21,17,105,97,1,3,4,0
S01012863,35 to 49,130,31,18,13,99,60,1,15,22,1
S01012863,50 to 64,147,48,36,12,99,25,0,17,47,10
S01012863,65 to 74,44,13,11,2,31,13,1,0,7,10
S01012863,75 to 84,22,5,3,2,17,1,0,2,2,12
S01012863,85 and over,7,1,1,0,6,0,0,0,1,5
S01012864,All people aged 16 and over in households,660,218,132,86,442,298,1,31,75,37
S01012864,16 to 24,78,9,0,9,69,68,0,1,0,0
S01012864,25 to 34,162,54,14,40,108,101,1,3,3,0
S01012864,35 to 49,211,74,49,25,137,104,0,9,22,2
S01012864,50 to 64,118,45,36,9,73,21,0,13,30,9
S01012864,65 to 74,66,29,26,3,37,2,0,5,15,15
S01012864,75 to 84,20,7,7,0,13,1,0,0,4,8
S01012864,85 and over,5,0,0,0,5,1,0,0,1,3
S01012865,All people aged 16 and over in households,670,348,294,54,322,161,5,19,51,86
S01012865,16 to 24,69,3,0,3,66,66,0,0,0,0
S01012865,25 to 34,65,31,20,11,34,33,0,1,0,0
S01012865,35 to 49,146,106,86,20,40,26,0,4,9,1
S01012865,50 to 64,177,119,109,10,58,15,2,11,21,9
S01012865,65 to 74,100,57,52,5,43,9,0,2,15,17
S01012865,75 to 84,80,28,23,5,52,6,2,1,5,38
S01012865,85 and over,33,4,4,0,29,6,1,0,1,21
S01012866,All people aged 16 and over in households,638,310,236,74,328,191,4,27,44,62
S01012866,16 to 24,94,9,0,9,85,85,0,0,0,0
S01012866,25 to 34,92,55,22,33,37,37,0,0,0,0
S01012866,35 to 49,167,98,75,23,69,39,0,11,16,3
S01012866,50 to 64,166,105,98,7,61,19,2,12,20,8
S01012866,65 to 74,70,29,27,2,41,6,1,3,6,25
S01012866,75 to 84,39,13,13,0,26,4,1,1,2,18
S01012866,85 and over,10,1,1,0,9,1,0,0,0,8
S01012867,All people aged 16 and over in households,645,272,228,44,373,193,5,31,53,91
S01012867,16 to 24,60,8,1,7,52,51,1,0,0,0
S01012867,25 to 34,78,33,15,18,45,43,0,1,0,1
S01012867,35 to 49,136,53,46,7,83,57,0,14,9,3
S01012867,50 to 64,179,86,76,10,93,28,1,11,32,21
S01012867,65 to 74,106,65,65,0,41,8,0,5,6,22
S01012867,75 to 84,74,26,24,2,48,5,3,0,4,36
S01012867,85 and over,12,1,1,0,11,1,0,0,2,8
S01012868,All people aged 16 and over in households,501,194,144,50,307,162,4,33,55,53
S01012868,16 to 24,54,9,0,9,45,45,0,0,0,0
S01012868,25 to 34,67,19,4,15,48,42,2,3,1,0
S01012868,35 to 49,135,50,34,16,85,45,2,16,20,2
S01012868,50 to 64,130,70,61,9,60,25,0,12,20,3
S01012868,65 to 74,72,31,31,0,41,4,0,2,11,24
S01012868,75 to 84,37,14,14,0,23,1,0,0,2,20
S01012868,85 and over,6,1,0,1,5,0,0,0,1,4
S01012869,All people aged 16 and over in households,424,126,84,42,298,204,0,22,37,35
S01012869,16 to 24,95,7,0,7,88,87,0,1,0,0
S01012869,25 to 34,74,22,6,16,52,52,0,0,0,0
S01012869,35 to 49,124,46,33,13,78,48,0,12,16,2
S01012869,50 to 64,77,30,26,4,47,14,0,6,18,9
S01012869,65 to 74,35,16,15,1,19,1,0,2,2,14
S01012869,75 to 84,17,5,4,1,12,2,0,1,1,8
S01012869,85 and over,2,0,0,0,2,0,0,0,0,2
S01012870,All people aged 16 and over in households,806,466,424,42,340,197,1,20,48,74
S01012870,16 to 24,79,2,0,2,77,77,0,0,0,0
S01012870,25 to 34,77,38,25,13,39,39,0,0,0,0
S01012870,35 to 49,187,127,106,21,60,39,0,3,18,0
S01012870,50 to 64,260,190,186,4,70,27,0,14,20,9
S01012870,65 to 74,126,76,75,1,50,8,0,2,10,30
S01012870,75 to 84,60,30,29,1,30,5,0,1,0,24
S01012870,85 and over,17,3,3,0,14,2,1,0,0,11
S01012871,All people aged 16 and over in households,699,408,346,62,291,170,7,23,35,56
S01012871,16 to 24,71,7,3,4,64,63,0,1,0,0
S01012871,25 to 34,108,61,38,23,47,41,2,3,1,0
S01012871,35 to 49,157,100,79,21,57,34,3,11,7,2
S01012871,50 to 64,209,157,143,14,52,18,2,6,20,6
S01012871,65 to 74,90,54,54,0,36,10,0,2,5,19
S01012871,75 to 84,54,27,27,0,27,3,0,0,1,23
S01012871,85 and over,10,2,2,0,8,1,0,0,1,6
S01012872,All people aged 16 and over in households,577,294,238,56,283,197,5,20,31,30
S01012872,16 to 24,99,6,0,6,93,92,0,1,0,0
S01012872,25 to 34,120,60,33,27,60,56,3,0,0,1
S01012872,35 to 49,160,102,87,15,58,30,1,13,12,2
S01012872,50 to 64,119,81,73,8,38,13,0,6,13,6
S01012872,65 to 74,54,35,35,0,19,6,1,0,3,9
S01012872,75 to 84,22,9,9,0,13,0,0,0,3,10
S01012872,85 and over,3,1,1,0,2,0,0,0,0,2
S01012873,All people aged 16 and over in households,655,372,294,78,283,183,4,19,43,34
S01012873,16 to 24,94,8,1,7,86,86,0,0,0,0
S01012873,25 to 34,139,74,33,41,65,60,2,2,1,0
S01012873,35 to 49,151,92,71,21,59,25,1,12,16,5
S01012873,50 to 64,191,150,142,8,41,8,1,5,20,7
S01012873,65 to 74,46,36,35,1,10,1,0,0,3,6
S01012873,75 to 84,27,12,12,0,15,3,0,0,2,10
S01012873,85 and over,7,0,0,0,7,0,0,0,1,6
S01012874,All people aged 16 and over in households,637,258,222,36,379,215,6,35,62,61
S01012874,16 to 24,99,11,5,6,88,88,0,0,0,0
S01012874,25 to 34,83,22,12,10,61,48,0,6,6,1
S01012874,35 to 49,147,69,55,14,78,52,3,12,9,2
S01012874,50 to 64,179,98,92,6,81,24,1,15,33,8
S01012874,65 to 74,74,41,41,0,33,3,1,2,10,17
S01012874,75 to 84,40,15,15,0,25,0,0,0,3,22
S01012874,85 and over,15,2,2,0,13,0,1,0,1,11
S01012875,All people aged 16 and over in households,486,212,150,62,274,170,4,24,39,37
S01012875,16 to 24,80,3,2,1,77,76,0,0,1,0
S01012875,25 to 34,87,42,13,29,45,40,0,4,1,0
S01012875,35 to 49,132,64,45,19,68,41,2,11,13,1
S01012875,50 to 64,107,69,56,13,38,10,0,5,18,5
S01012875,65 to 74,49,27,27,0,22,2,2,4,6,8
S01012875,75 to 84,21,5,5,0,16,0,0,0,0,16
S01012875,85 and over,10,2,2,0,8,1,0,0,0,7
S01012876,All people aged 16 and over in households,665,302,246,56,363,203,4,37,56,63
S01012876,16 to 24,101,12,2,10,89,89,0,0,0,0
S01012876,25 to 34,77,23,11,12,54,45,1,6,1,1
S01012876,35 to 49,159,83,62,21,76,46,1,12,17,0
S01012876,50 to 64,141,73,62,11,68,18,1,14,26,9
S01012876,65 to 74,106,76,75,1,30,3,0,5,10,12
S01012876,75 to 84,70,35,34,1,35,1,1,0,2,31
S01012876,85 and over,11,0,0,0,11,1,0,0,0,10
S01012877,All people aged 16 and over in households,631,304,272,32,327,171,8,19,48,81
S01012877,16 to 24,71,0,0,0,71,71,0,0,0,0
S01012877,25 to 34,54,17,12,5,37,34,1,1,1,0
S01012877,35 to 49,160,95,75,20,65,42,2,10,10,1
S01012877,50 to 64,171,103,98,5,68,17,1,6,25,19
S01012877,65 to 74,96,56,56,0,40,5,0,1,7,27
S01012877,75 to 84,62,27,25,2,35,1,4,1,5,24
S01012877,85 and over,17,6,6,0,11,1,0,0,0,10
S01012878,All people aged 16 and over in households,774,506,452,54,268,199,1,17,19,32
S01012878,16 to 24,115,7,1,6,108,108,0,0,0,0
S01012878,25 to 34,103,60,40,20,43,42,0,1,0,0
S01012878,35 to 49,213,172,153,19,41,22,1,10,8,0
S01012878,50 to 64,219,189,180,9,30,12,0,6,9,3
S01012878,65 to 74,76,54,54,0,22,9,0,0,1,12
S01012878,75 to 84,39,21,21,0,18,4,0,0,1,13
S01012878,85 and over,9,3,3,0,6,2,0,0,0,4
S01012879,All people aged 16 and over in households,609,352,312,40,257,158,4,13,20,62
S01012879,16 to 24,89,1,0,1,88,88,0,0,0,0
S01012879,25 to 34,78,45,28,17,33,32,0,1,0,0
S01012879,35 to 49,148,116,101,15,32,19,0,6,7,0
S01012879,50 to 64,153,121,114,7,32,10,2,6,11,3
S01012879,65 to 74,67,47,47,0,20,3,0,0,2,15
S01012879,75 to 84,50,18,18,0,32,3,2,0,0,27
S01012879,85 and over,24,4,4,0,20,3,0,0,0,17
S01012880,All people aged 16 and over in households,759,474,448,26,285,180,8,8,26,63
S01012880,16 to 24,108,0,0,0,108,106,2,0,0,0
S01012880,25 to 34,57,23,12,11,34,33,1,0,0,0
S01012880,35 to 49,184,145,134,11,39,22,2,3,10,2
S01012880,50 to 64,203,175,172,3,28,8,2,4,10,4
S01012880,65 to 74,107,84,83,1,23,4,0,1,3,15
S01012880,75 to 84,79,42,42,0,37,6,1,0,3,27
S01012880,85 and over,21,5,5,0,16,1,0,0,0,15
S01012881,All people aged 16 and over in households,742,422,376,46,320,181,5,12,32,90
S01012881,16 to 24,76,3,0,3,73,73,0,0,0,0
S01012881,25 to 34,70,27,19,8,43,39,2,2,0,0
S01012881,35 to 49,157,120,103,17,37,26,0,2,9,0
S01012881,50 to 64,189,132,120,12,57,26,2,4,16,9
S01012881,65 to 74,112,68,64,4,44,7,0,3,6,28
S01012881,75 to 84,101,59,58,1,42,5,1,1,1,34
S01012881,85 and over,37,13,12,1,24,5,0,0,0,19
S01012882,All people aged 16 and over in households,494,230,188,42,264,160,2,26,35,41
S01012882,16 to 24,67,7,1,6,60,60,0,0,0,0
S01012882,25 to 34,87,22,4,18,65,58,2,4,1,0
S01012882,35 to 49,112,56,43,13,56,32,0,14,10,0
S01012882,50 to 64,127,81,76,5,46,9,0,8,21,8
S01012882,65 to 74,59,42,42,0,17,1,0,0,3,13
S01012882,75 to 84,34,21,21,0,13,0,0,0,0,13
S01012882,85 and over,8,1,1,0,7,0,0,0,0,7
S01012883,All people aged 16 and over in households,529,178,142,36,351,156,3,33,80,79
S01012883,16 to 24,50,4,1,3,46,46,0,0,0,0
S01012883,25 to 34,89,37,21,16,52,48,0,3,1,0
S01012883,35 to 49,117,44,36,8,73,39,2,10,22,0
S01012883,50 to 64,133,45,39,6,88,19,0,18,40,11
S01012883,65 to 74,67,26,25,1,41,2,0,2,12,25
S01012883,75 to 84,61,19,17,2,42,2,1,0,4,35
S01012883,85 and over,12,3,3,0,9,0,0,0,1,8
S01012884,All people aged 16 and over in households,451,218,192,26,233,119,5,16,33,60
S01012884,16 to 24,49,1,0,1,48,46,0,2,0,0
S01012884,25 to 34,57,26,15,11,31,29,0,0,2,0
S01012884,35 to 49,89,58,48,10,31,19,0,8,4,0
S01012884,50 to 64,108,73,69,4,35,8,0,5,16,6
S01012884,65 to 74,49,24,24,0,25,7,1,1,8,8
S01012884,75 to 84,73,28,28,0,45,8,3,0,2,32
S01012884,85 and over,26,8,8,0,18,2,1,0,1,14
S01012885,All people aged 16 and over in households,391,132,82,50,259,145,2,30,39,43
S01012885,16 to 24,64,5,0,5,59,59,0,0,0,0
S01012885,25 to 34,53,21,4,17,32,30,0,2,0,0
S01012885,35 to 49,94,37,22,15,57,37,0,8,10,2
S01012885,50 to 64,99,47,34,13,52,13,0,12,21,6
S01012885,65 to 74,37,12,12,0,25,3,1,3,7,11
S01012885,75 to 84,37,9,9,0,28,2,1,5,1,19
S01012885,85 and over,7,1,1,0,6,1,0,0,0,5
S01012886,All people aged 16 and over in households,651,436,382,54,215,136,2,13,16,48
S01012886,16 to 24,62,1,0,1,61,61,0,0,0,0
S01012886,25 to 34,85,43,26,17,42,40,0,1,0,1
S01012886,35 to 49,170,136,109,27,34,23,1,4,5,1
S01012886,50 to 64,169,143,136,7,26,9,1,4,9,3
S01012886,65 to 74,87,74,73,1,13,1,0,4,1,7
S01012886,75 to 84,66,39,38,1,27,1,0,0,1,25
S01012886,85 and over,12,0,0,0,12,1,0,0,0,11
S01012887,All people aged 16 and over in households,631,400,344,56,231,134,5,12,19,61
S01012887,16 to 24,54,4,0,4,50,50,0,0,0,0
S01012887,25 to 34,54,35,20,15,19,19,0,0,0,0
S01012887,35 to 49,155,122,98,24,33,24,1,5,3,0
S01012887,50 to 64,178,118,105,13,60,25,3,7,12,13
S01012887,65 to 74,101,72,72,0,29,5,0,0,4,20
S01012887,75 to 84,69,38,38,0,31,10,1,0,0,20
S01012887,85 and over,20,11,11,0,9,1,0,0,0,8
S01012888,All people aged 16 and over in households,676,460,432,28,216,130,5,7,19,55
S01012888,16 to 24,77,2,1,1,75,75,0,0,0,0
S01012888,25 to 34,51,20,14,6,31,28,1,1,1,0
S01012888,35 to 49,178,153,140,13,25,14,1,1,8,1
S01012888,50 to 64,191,163,157,6,28,7,1,5,8,7
S01012888,65 to 74,89,72,70,2,17,1,1,0,1,14
S01012888,75 to 84,73,44,44,0,29,2,1,0,1,25
S01012888,85 and over,17,6,6,0,11,3,0,0,0,8
S01012889,All people aged 16 and over in households,661,462,376,86,199,124,1,17,38,19
S01012889,16 to 24,65,4,0,4,61,61,0,0,0,0
S01012889,25 to 34,143,109,69,40,34,31,0,1,2,0
S01012889,35 to 49,244,192,165,27,52,25,0,8,15,4
S01012889,50 to 64,158,121,106,15,37,7,0,8,17,5
S01012889,65 to 74,41,31,31,0,10,0,1,0,4,5
S01012889,75 to 84,8,4,4,0,4,0,0,0,0,4
S01012889,85 and over,2,1,1,0,1,0,0,0,0,1
S01012890,All people aged 16 and over in households,549,262,206,56,287,191,3,17,42,34
S01012890,16 to 24,95,5,0,5,90,90,0,0,0,0
S01012890,25 to 34,94,39,25,14,55,47,0,2,6,0
S01012890,35 to 49,162,98,68,30,64,40,2,6,14,2
S01012890,50 to 64,116,75,69,6,41,13,0,7,13,8
S01012890,65 to 74,62,35,34,1,27,1,1,2,9,14
S01012890,75 to 84,15,9,9,0,6,0,0,0,0,6
S01012890,85 and over,5,1,1,0,4,0,0,0,0,4
S01012891,All people aged 16 and over in households,456,234,192,42,222,122,5,11,35,49
S01012891,16 to 24,45,5,3,2,40,39,0,0,1,0
S01012891,25 to 34,60,28,15,13,32,30,0,0,2,0
S01012891,35 to 49,127,82,64,18,45,32,2,7,2,2
S01012891,50 to 64,106,58,53,5,48,16,2,2,23,5
S01012891,65 to 74,70,47,43,4,23,4,1,2,5,11
S01012891,75 to 84,35,14,14,0,21,0,0,0,1,20
S01012891,85 and over,13,0,0,0,13,1,0,0,1,11
S01012892,All people aged 16 and over in households,930,354,300,54,576,342,9,38,73,114
S01012892,16 to 24,124,6,2,4,118,116,0,0,0,2
S01012892,25 to 34,125,33,15,18,92,85,0,5,1,1
S01012892,35 to 49,217,81,66,15,136,94,3,17,19,3
S01012892,50 to 64,261,148,134,14,113,36,5,13,41,18
S01012892,65 to 74,107,59,56,3,48,6,1,1,10,30
S01012892,75 to 84,74,22,22,0,52,3,0,2,1,46
S01012892,85 and over,22,5,5,0,17,2,0,0,1,14
S01012893,All people aged 16 and over in households,598,246,214,32,352,195,1,17,62,77
S01012893,16 to 24,67,8,0,8,59,59,0,0,0,0
S01012893,25 to 34,97,34,23,11,63,61,0,2,0,0
S01012893,35 to 49,137,43,35,8,94,57,1,6,29,1
S01012893,50 to 64,155,94,90,4,61,16,0,8,28,9
S01012893,65 to 74,73,44,43,1,29,2,0,1,4,22
S01012893,75 to 84,51,19,19,0,32,0,0,0,1,31
S01012893,85 and over,18,4,4,0,14,0,0,0,0,14
S01012894,All people aged 16 and over in households,606,378,316,62,228,150,1,24,26,27
S01012894,16 to 24,89,5,1,4,84,84,0,0,0,0
S01012894,25 to 34,105,75,52,23,30,25,0,3,2,0
S01012894,35 to 49,214,172,149,23,42,22,0,7,13,0
S01012894,50 to 64,131,97,85,12,34,14,1,9,9,1
S01012894,65 to 74,29,16,16,0,13,4,0,4,0,5
S01012894,75 to 84,30,13,13,0,17,1,0,0,2,14
S01012894,85 and over,8,0,0,0,8,0,0,1,0,7
S01012895,All people aged 16 and over in households,411,278,236,42,133,92,2,9,12,18
S01012895,16 to 24,56,0,0,0,56,56,0,0,0,0
S01012895,25 to 34,68,42,29,13,26,24,1,1,0,0
S01012895,35 to 49,155,131,105,26,24,8,1,6,8,1
S01012895,50 to 64,86,76,73,3,10,3,0,2,2,3
S01012895,65 to 74,23,16,16,0,7,1,0,0,2,4
S01012895,75 to 84,19,13,13,0,6,0,0,0,0,6
S01012895,85 and over,4,0,0,0,4,0,0,0,0,4
S01012896,All people aged 16 and over in households,761,354,292,62,407,174,2,43,125,63
S01012896,16 to 24,77,5,0,5,72,72,0,0,0,0
S01012896,25 to 34,41,22,9,13,19,19,0,0,0,0
S01012896,35 to 49,174,82,54,28,92,43,0,19,29,1
S01012896,50 to 64,245,126,111,15,119,30,1,13,66,9
S01012896,65 to 74,144,79,78,1,65,6,1,10,27,21
S01012896,75 to 84,67,36,36,0,31,3,0,1,3,24
S01012896,85 and over,13,4,4,0,9,1,0,0,0,8
S01012897,All people aged 16 and over in households,473,326,278,48,147,94,3,10,17,23
S01012897,16 to 24,53,5,1,4,48,48,0,0,0,0
S01012897,25 to 34,97,66,53,13,31,28,1,2,0,0
S01012897,35 to 49,148,121,101,20,27,12,1,5,5,4
S01012897,50 to 64,110,88,78,10,22,4,1,3,8,6
S01012897,65 to 74,43,36,35,1,7,0,0,0,2,5
S01012897,75 to 84,19,10,10,0,9,1,0,0,2,6
S01012897,85 and over,3,0,0,0,3,1,0,0,0,2
S01012898,All people aged 16 and over in households,401,292,250,42,109,86,1,8,7,7
S01012898,16 to 24,61,0,0,0,61,61,0,0,0,0
S01012898,25 to 34,48,36,29,7,12,11,0,0,1,0
S01012898,35 to 49,224,199,168,31,25,14,0,6,3,2
S01012898,50 to 64,59,52,48,4,7,0,1,1,3,2
S01012898,65 to 74,5,3,3,0,2,0,0,1,0,1
S01012898,75 to 84,4,2,2,0,2,0,0,0,0,2
S01012898,85 and over,0,0,0,0,0,0,0,0,0,0
S01012899,All people aged 16 and over in households,477,180,144,36,297,123,5,39,92,38
S01012899,16 to 24,49,4,1,3,45,45,0,0,0,0
S01012899,25 to 34,40,14,6,8,26,23,1,1,1,0
S01012899,35 to 49,113,51,36,15,62,28,2,18,13,1
S01012899,50 to 64,165,66,58,8,99,22,1,15,54,7
S01012899,65 to 74,77,33,31,2,44,2,0,4,22,16
S01012899,75 to 84,24,11,11,0,13,0,1,1,2,9
S01012899,85 and over,9,1,1,0,8,3,0,0,0,5
S01012900,All people aged 16 and over in households,459,310,280,30,149,96,2,7,17,27
S01012900,16 to 24,59,5,1,4,54,54,0,0,0,0
S01012900,25 to 34,49,27,17,10,22,21,0,1,0,0
S01012900,35 to 49,129,101,85,16,28,15,2,5,4,2
S01012900,50 to 64,133,111,111,0,22,5,0,1,11,5
S01012900,65 to 74,55,51,51,0,4,0,0,0,0,4
S01012900,75 to 84,32,15,15,0,17,1,0,0,2,14
S01012900,85 and over,2,0,0,0,2,0,0,0,0,2
S01012901,All people aged 16 and over in households,569,300,230,70,269,162,10,12,40,45
S01012901,16 to 24,70,13,1,12,57,57,0,0,0,0
S01012901,25 to 34,99,55,28,27,44,40,0,1,3,0
S01012901,35 to 49,169,100,76,24,69,44,4,9,11,1
S01012901,50 to 64,115,64,59,5,51,14,5,2,19,11
S01012901,65 to 74,70,48,47,1,22,3,0,0,7,12
S01012901,75 to 84,35,18,17,1,17,4,1,0,0,12
S01012901,85 and over,11,2,2,0,9,0,0,0,0,9
S01012902,All people aged 16 and over in households,629,372,292,80,257,160,4,24,31,38
S01012902,16 to 24,85,11,1,10,74,73,0,0,0,1
S01012902,25 to 34,116,71,33,38,45,36,0,7,1,1
S01012902,35 to 49,175,118,92,26,57,37,2,8,9,1
S01012902,50 to 64,131,91,87,4,40,10,2,9,13,6
S01012902,65 to 74,78,59,57,2,19,3,0,0,7,9
S01012902,75 to 84,37,19,19,0,18,0,0,0,1,17
S01012902,85 and over,7,3,3,0,4,1,0,0,0,3
S01012903,All people aged 16 and over in households,683,352,286,66,331,195,2,32,48,54
S01012903,16 to 24,99,18,1,17,81,81,0,0,0,0
S01012903,25 to 34,129,62,39,23,67,58,0,2,7,0
S01012903,35 to 49,178,102,82,20,76,38,1,21,15,1
S01012903,50 to 64,137,83,77,6,54,14,1,6,22,11
S01012903,65 to 74,76,59,59,0,17,1,0,3,3,10
S01012903,75 to 84,58,27,27,0,31,2,0,0,1,28
S01012903,85 and over,6,1,1,0,5,1,0,0,0,4
S01012904,All people aged 16 and over in households,633,324,266,58,309,186,4,27,48,44
S01012904,16 to 24,98,12,0,12,86,86,0,0,0,0
S01012904,25 to 34,109,62,38,24,47,38,1,7,1,0
S01012904,35 to 49,173,99,89,10,74,43,2,13,15,1
S01012904,50 to 64,135,87,77,10,48,14,1,7,19,7
S01012904,65 to 74,58,35,33,2,23,2,0,0,11,10
S01012904,75 to 84,48,28,28,0,20,1,0,0,1,18
S01012904,85 and over,12,1,1,0,11,2,0,0,1,8
S01012905,All people aged 16 and over in households,490,206,146,60,284,171,1,29,59,24
S01012905,16 to 24,109,9,3,6,100,99,0,1,0,0
S01012905,25 to 34,72,31,17,14,41,38,0,3,0,0
S01012905,35 to 49,159,77,48,29,82,29,1,21,31,0
S01012905,50 to 64,86,53,42,11,33,5,0,4,21,3
S01012905,65 to 74,39,28,28,0,11,0,0,0,5,6
S01012905,75 to 84,20,6,6,0,14,0,0,0,2,12
S01012905,85 and over,5,2,2,0,3,0,0,0,0,3
S01012906,All people aged 16 and over in households,783,386,296,90,397,204,4,43,75,71
S01012906,16 to 24,97,15,2,13,82,82,0,0,0,0
S01012906,25 to 34,124,72,36,36,52,49,0,1,2,0
S01012906,35 to 49,209,123,90,33,86,44,1,19,21,1
S01012906,50 to 64,190,106,100,6,84,23,0,15,37,9
S01012906,65 to 74,73,42,42,0,31,2,0,5,10,14
S01012906,75 to 84,74,28,26,2,46,4,3,3,5,31
S01012906,85 and over,16,0,0,0,16,0,0,0,0,16
S01012907,All people aged 16 and over in households,736,382,328,54,354,187,3,21,51,92
S01012907,16 to 24,68,3,0,3,65,65,0,0,0,0
S01012907,25 to 34,108,55,33,22,53,50,0,2,1,0
S01012907,35 to 49,188,109,83,26,79,52,1,13,10,3
S01012907,50 to 64,148,93,92,1,55,12,0,6,26,11
S01012907,65 to 74,95,62,61,1,33,4,0,0,9,20
S01012907,75 to 84,107,53,52,1,54,3,2,0,5,44
S01012907,85 and over,22,7,7,0,15,1,0,0,0,14
S01012908,All people aged 16 and over in households,603,310,258,52,293,154,1,15,61,62
S01012908,16 to 24,92,7,1,6,85,85,0,0,0,0
S01012908,25 to 34,75,50,25,25,25,24,0,0,1,0
S01012908,35 to 49,138,78,69,9,60,29,0,6,25,0
S01012908,50 to 64,131,76,67,9,55,12,0,7,30,6
S01012908,65 to 74,88,69,66,3,19,3,0,2,3,11
S01012908,75 to 84,65,27,27,0,38,0,1,0,2,35
S01012908,85 and over,14,3,3,0,11,1,0,0,0,10
S01012909,All people aged 16 and over in households,512,254,184,70,258,99,0,30,54,75
S01012909,16 to 24,50,16,1,15,34,34,0,0,0,0
S01012909,25 to 34,79,37,16,21,42,35,0,4,2,1
S01012909,35 to 49,122,67,52,15,55,19,0,13,23,0
S01012909,50 to 64,99,64,49,15,35,6,0,10,12,7
S01012909,65 to 74,61,34,30,4,27,2,0,3,14,8
S01012909,75 to 84,78,29,29,0,49,2,0,0,2,45
S01012909,85 and over,23,7,7,0,16,1,0,0,1,14
S01012910,All people aged 16 and over in households,729,288,228,60,441,211,7,41,110,72
S01012910,16 to 24,70,5,3,2,65,65,0,0,0,0
S01012910,25 to 34,96,41,20,21,55,52,0,2,1,0
S01012910,35 to 49,189,88,68,20,101,56,0,15,29,1
S01012910,50 to 64,207,84,71,13,123,28,4,19,62,10
S01012910,65 to 74,81,44,42,2,37,2,0,4,16,15
S01012910,75 to 84,70,22,20,2,48,6,2,1,2,37
S01012910,85 and over,16,4,4,0,12,2,1,0,0,9
S01012911,All people aged 16 and over in households,631,370,322,48,261,145,5,23,33,55
S01012911,16 to 24,85,6,2,4,79,79,0,0,0,0
S01012911,25 to 34,67,36,19,17,31,26,2,1,2,0
S01012911,35 to 49,152,102,82,20,50,25,1,11,12,1
S01012911,50 to 64,147,116,110,6,31,8,0,7,15,1
S01012911,65 to 74,85,64,64,0,21,4,0,3,3,11
S01012911,75 to 84,74,41,40,1,33,2,2,1,1,27
S01012911,85 and over,21,5,5,0,16,1,0,0,0,15
S01012912,All people aged 16 and over in households,580,290,238,52,290,159,5,17,41,68
S01012912,16 to 24,62,5,2,3,57,56,0,0,1,0
S01012912,25 to 34,78,32,15,17,46,43,1,1,1,0
S01012912,35 to 49,125,65,43,22,60,37,0,12,11,0
S01012912,50 to 64,126,84,77,7,42,14,1,3,19,5
S01012912,65 to 74,85,55,53,2,30,3,0,0,8,19
S01012912,75 to 84,82,40,39,1,42,4,3,1,1,33
S01012912,85 and over,22,9,9,0,13,2,0,0,0,11
S01012913,All people aged 16 and over in households,732,378,320,58,354,185,7,18,64,80
S01012913,16 to 24,106,10,1,9,96,96,0,0,0,0
S01012913,25 to 34,82,45,25,20,37,35,1,1,0,0
S01012913,35 to 49,164,108,91,17,56,28,2,9,16,1
S01012913,50 to 64,175,115,110,5,60,19,1,6,28,6
S01012913,65 to 74,96,60,55,5,36,4,0,2,11,19
S01012913,75 to 84,91,38,36,2,53,3,2,0,7,41
S01012913,85 and over,18,2,2,0,16,0,1,0,2,13
S01012914,All people aged 16 and over in households,711,382,294,88,329,189,3,28,61,48
S01012914,16 to 24,90,22,2,20,68,68,0,0,0,0
S01012914,25 to 34,120,57,24,33,63,58,0,4,1,0
S01012914,35 to 49,174,103,79,24,71,35,1,14,20,1
S01012914,50 to 64,195,121,112,9,74,20,1,10,34,9
S01012914,65 to 74,57,41,40,1,16,4,0,0,3,9
S01012914,75 to 84,57,33,32,1,24,2,1,0,3,18
S01012914,85 and over,18,5,5,0,13,2,0,0,0,11
S01012915,All people aged 16 and over in households,808,482,388,94,326,199,1,23,37,66
S01012915,16 to 24,103,14,1,13,89,89,0,0,0,0
S01012915,25 to 34,142,95,56,39,47,43,0,3,1,0
S01012915,35 to 49,282,206,169,37,76,48,1,13,14,0
S01012915,50 to 64,154,106,101,5,48,18,0,6,18,6
S01012915,65 to 74,62,43,43,0,19,1,0,1,3,14
S01012915,75 to 84,40,14,14,0,26,0,0,0,0,26
S01012915,85 and over,25,4,4,0,21,0,0,0,1,20
S01012916,All people aged 16 and over in households,571,314,268,46,257,148,4,15,40,50
S01012916,16 to 24,77,6,1,5,71,71,0,0,0,0
S01012916,25 to 34,60,30,10,20,30,29,1,0,0,0
S01012916,35 to 49,129,74,64,10,55,32,0,9,12,2
S01012916,50 to 64,133,88,80,8,45,12,2,4,18,9
S01012916,65 to 74,110,84,81,3,26,4,0,2,6,14
S01012916,75 to 84,49,30,30,0,19,0,1,0,2,16
S01012916,85 and over,13,2,2,0,11,0,0,0,2,9
S01012917,All people aged 16 and over in households,587,374,358,16,213,138,1,9,19,46
S01012917,16 to 24,95,0,0,0,95,95,0,0,0,0
S01012917,25 to 34,35,17,15,2,18,18,0,0,0,0
S01012917,35 to 49,160,130,121,9,30,15,1,6,4,4
S01012917,50 to 64,170,143,138,5,27,7,0,3,11,6
S01012917,65 to 74,77,56,56,0,21,2,0,0,3,16
S01012917,75 to 84,42,27,27,0,15,1,0,0,1,13
S01012917,85 and over,8,1,1,0,7,0,0,0,0,7
S01012918,All people aged 16 and over in households,417,204,150,54,213,116,1,15,27,54
S01012918,16 to 24,61,12,3,9,49,49,0,0,0,0
S01012918,25 to 34,60,33,11,22,27,24,0,2,1,0
S01012918,35 to 49,119,61,48,13,58,31,0,9,13,5
S01012918,50 to 64,73,50,42,8,23,10,1,3,8,1
S01012918,65 to 74,39,26,24,2,13,0,0,1,3,9
S01012918,75 to 84,55,20,20,0,35,2,0,0,2,31
S01012918,85 and over,10,2,2,0,8,0,0,0,0,8
S01012919,All people aged 16 and over in households,397,212,184,28,185,98,2,8,20,57
S01012919,16 to 24,43,4,2,2,39,39,0,0,0,0
S01012919,25 to 34,50,28,15,13,22,22,0,0,0,0
S01012919,35 to 49,91,53,42,11,38,24,1,7,6,0
S01012919,50 to 64,68,48,46,2,20,8,0,1,9,2
S01012919,65 to 74,82,57,57,0,25,3,0,0,4,18
S01012919,75 to 84,46,21,21,0,25,2,1,0,0,22
S01012919,85 and over,17,1,1,0,16,0,0,0,1,15
S01012920,All people aged 16 and over in households,506,338,316,22,168,89,4,14,19,42
S01012920,16 to 24,56,0,0,0,56,56,0,0,0,0
S01012920,25 to 34,26,9,6,3,17,17,0,0,0,0
S01012920,35 to 49,100,77,67,10,23,10,1,7,5,0
S01012920,50 to 64,156,129,122,7,27,5,2,5,7,8
S01012920,65 to 74,128,102,100,2,26,0,1,2,5,18
S01012920,75 to 84,34,21,21,0,13,1,0,0,2,10
S01012920,85 and over,6,0,0,0,6,0,0,0,0,6
S01012921,All people aged 16 and over in households,594,308,258,50,286,161,3,23,47,52
S01012921,16 to 24,98,10,2,8,88,87,0,0,1,0
S01012921,25 to 34,64,37,19,18,27,24,1,0,2,0
S01012921,35 to 49,161,90,76,14,71,35,1,14,20,1
S01012921,50 to 64,110,71,61,10,39,10,1,7,20,1
S01012921,65 to 74,78,55,55,0,23,4,0,2,2,15
S01012921,75 to 84,68,39,39,0,29,1,0,0,2,26
S01012921,85 and over,15,6,6,0,9,0,0,0,0,9
S01012922,All people aged 16 and over in households,784,452,372,80,332,190,5,26,56,55
S01012922,16 to 24,115,19,0,19,96,96,0,0,0,0
S01012922,25 to 34,107,73,44,29,34,32,0,1,1,0
S01012922,35 to 49,284,185,162,23,99,49,4,21,23,2
S01012922,50 to 64,123,79,71,8,44,11,1,3,23,6
S01012922,65 to 74,90,70,69,1,20,1,0,1,3,15
S01012922,75 to 84,55,21,21,0,34,1,0,0,6,27
S01012922,85 and over,10,5,5,0,5,0,0,0,0,5
S01012923,All people aged 16 and over in households,578,314,266,48,264,160,3,14,39,48
S01012923,16 to 24,98,12,2,10,86,86,0,0,0,0
S01012923,25 to 34,78,36,19,17,42,40,1,1,0,0
S01012923,35 to 49,169,106,96,10,63,28,1,9,22,3
S01012923,50 to 64,120,97,87,10,23,5,1,4,10,3
S01012923,65 to 74,76,52,51,1,24,1,0,0,4,19
S01012923,75 to 84,33,10,10,0,23,0,0,0,3,20
S01012923,85 and over,4,1,1,0,3,0,0,0,0,3
S01012924,All people aged 16 and over in households,422,236,200,36,186,115,3,15,28,25
S01012924,16 to 24,59,11,0,11,48,47,0,0,0,1
S01012924,25 to 34,75,43,25,18,32,29,0,1,2,0
S01012924,35 to 49,117,69,64,5,48,29,0,10,8,1
S01012924,50 to 64,87,59,58,1,28,8,0,3,12,5
S01012924,65 to 74,57,40,39,1,17,1,1,1,5,9
S01012924,75 to 84,25,14,14,0,11,0,2,0,1,8
S01012924,85 and over,2,0,0,0,2,1,0,0,0,1
S01012925,All people aged 16 and over in households,413,276,254,22,137,98,1,7,12,19
S01012925,16 to 24,67,4,0,4,63,63,0,0,0,0
S01012925,25 to 34,39,10,4,6,29,27,0,1,1,0
S01012925,35 to 49,95,84,72,12,11,4,1,1,5,0
S01012925,50 to 64,123,106,106,0,17,3,0,5,5,4
S01012925,65 to 74,54,51,51,0,3,0,0,0,1,2
S01012925,75 to 84,27,21,21,0,6,0,0,0,0,6
S01012925,85 and over,8,0,0,0,8,1,0,0,0,7
S01012926,All people aged 16 and over in households,593,328,264,64,265,171,4,22,31,37
S01012926,16 to 24,89,10,0,10,79,79,0,0,0,0
S01012926,25 to 34,98,43,18,25,55,51,0,3,1,0
S01012926,35 to 49,148,99,77,22,49,25,3,13,7,1
S01012926,50 to 64,145,104,99,5,41,12,1,6,14,8
S01012926,65 to 74,78,60,58,2,18,1,0,0,5,12
S01012926,75 to 84,30,10,10,0,20,2,0,0,4,14
S01012926,85 and over,5,2,2,0,3,1,0,0,0,2
S01012927,All people aged 16 and over in households,628,356,300,56,272,179,5,18,35,35
S01012927,16 to 24,84,9,0,9,75,75,0,0,0,0
S01012927,25 to 34,107,48,27,21,59,57,0,0,2,0
S01012927,35 to 49,173,101,85,16,72,39,4,15,13,1
S01012927,50 to 64,134,107,101,6,27,5,0,2,16,4
S01012927,65 to 74,84,69,65,4,15,3,0,1,1,10
S01012927,75 to 84,38,17,17,0,21,0,1,0,2,18
S01012927,85 and over,8,5,5,0,3,0,0,0,1,2
S01012928,All people aged 16 and over in households,675,384,328,56,291,168,5,12,33,73
S01012928,16 to 24,100,0,0,0,100,100,0,0,0,0
S01012928,25 to 34,66,36,20,16,30,29,0,1,0,0
S01012928,35 to 49,196,153,126,27,43,21,1,6,14,1
S01012928,50 to 64,148,119,111,8,29,7,0,5,9,8
S01012928,65 to 74,86,47,44,3,39,7,2,0,7,23
S01012928,75 to 84,60,27,25,2,33,3,1,0,2,27
S01012928,85 and over,19,2,2,0,17,1,1,0,1,14
S01012929,All people aged 16 and over in households,641,392,352,40,249,156,4,11,26,52
S01012929,16 to 24,78,1,1,0,77,75,2,0,0,0
S01012929,25 to 34,88,51,35,16,37,36,0,1,0,0
S01012929,35 to 49,131,88,76,12,43,28,0,4,10,1
S01012929,50 to 64,139,109,102,7,30,12,0,5,10,3
S01012929,65 to 74,105,84,79,5,21,1,0,1,6,13
S01012929,75 to 84,83,58,58,0,25,3,1,0,0,21
S01012929,85 and over,17,1,1,0,16,1,1,0,0,14
S01012930,All people aged 16 and over in households,739,328,254,74,411,182,15,31,64,119
S01012930,16 to 24,63,21,2,19,42,42,0,0,0,0
S01012930,25 to 34,119,64,29,35,55,47,5,1,2,0
S01012930,35 to 49,161,70,58,12,91,60,2,16,13,0
S01012930,50 to 64,143,67,60,7,76,19,3,11,35,8
S01012930,65 to 74,106,59,58,1,47,9,2,3,11,22
S01012930,75 to 84,111,44,44,0,67,4,1,0,3,59
S01012930,85 and over,36,3,3,0,33,1,2,0,0,30
S01012931,All people aged 16 and over in households,730,394,286,108,336,170,4,24,70,68
S01012931,16 to 24,76,12,4,8,64,64,0,0,0,0
S01012931,25 to 34,110,69,25,44,41,40,0,1,0,0
S01012931,35 to 49,194,118,90,28,76,34,3,14,23,2
S01012931,50 to 64,177,109,84,25,68,22,0,5,35,6
S01012931,65 to 74,92,58,55,3,34,5,1,3,10,15
S01012931,75 to 84,57,23,23,0,34,5,0,1,1,27
S01012931,85 and over,24,5,5,0,19,0,0,0,1,18
S01012932,All people aged 16 and over in households,423,256,242,14,167,106,6,8,18,29
S01012932,16 to 24,63,2,0,2,61,61,0,0,0,0
S01012932,25 to 34,38,19,12,7,19,18,0,1,0,0
S01012932,35 to 49,111,81,76,5,30,12,2,4,10,2
S01012932,50 to 64,118,99,99,0,19,9,2,3,4,1
S01012932,65 to 74,38,29,29,0,9,3,0,0,1,5
S01012932,75 to 84,41,22,22,0,19,3,1,0,3,12
S01012932,85 and over,14,4,4,0,10,0,1,0,0,9
S01012933,All people aged 16 and over in households,675,360,304,56,315,185,2,20,40,68
S01012933,16 to 24,95,3,1,2,92,90,0,2,0,0
S01012933,25 to 34,79,39,17,22,40,39,0,1,0,0
S01012933,35 to 49,184,116,100,16,68,34,1,13,18,2
S01012933,50 to 64,162,120,106,14,42,17,0,3,17,5
S01012933,65 to 74,77,57,57,0,20,3,1,0,3,13
S01012933,75 to 84,54,21,20,1,33,2,0,0,2,29
S01012933,85 and over,24,4,3,1,20,0,0,1,0,19
S01012934,All people aged 16 and over in households,605,312,270,42,293,149,6,24,51,63
S01012934,16 to 24,57,8,1,7,49,49,0,0,0,0
S01012934,25 to 34,77,41,26,15,36,32,0,2,1,1
S01012934,35 to 49,121,57,45,12,64,35,0,12,17,0
S01012934,50 to 64,159,95,88,7,64,25,2,10,22,5
S01012934,65 to 74,86,57,56,1,29,6,0,0,8,15
S01012934,75 to 84,80,50,50,0,30,1,3,0,3,23
S01012934,85 and over,25,4,4,0,21,1,1,0,0,19
S01012935,All people aged 16 and over in households,717,426,362,64,291,166,2,11,39,73
S01012935,16 to 24,107,7,5,2,100,98,0,0,2,0
S01012935,25 to 34,98,61,41,20,37,33,0,1,3,0
S01012935,35 to 49,187,144,115,29,43,23,1,6,11,2
S01012935,50 to 64,164,132,120,12,32,9,0,2,17,4
S01012935,65 to 74,60,45,44,1,15,2,0,0,4,9
S01012935,75 to 84,74,29,29,0,45,1,1,2,1,40
S01012935,85 and over,27,8,8,0,19,0,0,0,1,18
S01012936,All people aged 16 and over in households,619,328,274,54,291,149,5,26,47,64
S01012936,16 to 24,76,12,3,9,64,64,0,0,0,0
S01012936,25 to 34,80,33,21,12,47,41,2,3,1,0
S01012936,35 to 49,148,90,71,19,58,25,2,11,17,3
S01012936,50 to 64,151,102,90,12,49,10,0,9,22,8
S01012936,65 to 74,69,46,44,2,23,4,1,1,4,13
S01012936,75 to 84,72,40,40,0,32,3,0,2,2,25
S01012936,85 and over,23,5,5,0,18,2,0,0,1,15
S01012937,All people aged 16 and over in households,581,318,258,60,263,156,5,24,34,44
S01012937,16 to 24,94,4,0,4,90,88,0,2,0,0
S01012937,25 to 34,67,42,21,21,25,21,1,3,0,0
S01012937,35 to 49,167,111,88,23,56,28,3,10,15,0
S01012937,50 to 64,145,107,97,10,38,11,0,7,15,5
S01012937,65 to 74,53,32,30,2,21,3,0,2,3,13
S01012937,75 to 84,42,20,20,0,22,4,1,0,1,16
S01012937,85 and over,13,2,2,0,11,1,0,0,0,10
S01012938,All people aged 16 and over in households,600,380,354,26,220,110,6,19,22,63
S01012938,16 to 24,79,1,0,1,78,78,0,0,0,0
S01012938,25 to 34,35,24,16,8,11,11,0,0,0,0
S01012938,35 to 49,132,112,105,7,20,5,1,10,4,0
S01012938,50 to 64,189,153,149,4,36,10,3,6,14,3
S01012938,65 to 74,93,69,64,5,24,3,0,2,2,17
S01012938,75 to 84,51,14,14,0,37,2,2,1,2,30
S01012938,85 and over,21,7,6,1,14,1,0,0,0,13
S01012939,All people aged 16 and over in households,500,350,324,26,150,118,2,8,5,17
S01012939,16 to 24,90,0,0,0,90,90,0,0,0,0
S01012939,25 to 34,42,26,19,7,16,15,1,0,0,0
S01012939,35 to 49,159,145,131,14,14,7,0,3,3,1
S01012939,50 to 64,137,121,117,4,16,5,0,5,2,4
S01012939,65 to 74,49,44,43,1,5,1,0,0,0,4
S01012939,75 to 84,19,14,14,0,5,0,1,0,0,4
S01012939,85 and over,4,0,0,0,4,0,0,0,0,4
S01012940,All people aged 16 and over in households,579,400,350,50,179,128,5,5,18,23
S01012940,16 to 24,85,3,1,2,82,82,0,0,0,0
S01012940,25 to 34,58,30,21,9,28,25,1,2,0,0
S01012940,35 to 49,162,142,116,26,20,10,0,2,7,1
S01012940,50 to 64,200,173,160,13,27,9,3,1,7,7
S01012940,65 to 74,50,37,37,0,13,1,0,0,3,9
S01012940,75 to 84,19,13,13,0,6,1,0,0,1,4
S01012940,85 and over,5,2,2,0,3,0,1,0,0,2
S01012941,All people aged 16 and over in households,600,432,396,36,168,131,2,9,17,9
S01012941,16 to 24,105,0,0,0,105,105,0,0,0,0
S01012941,25 to 34,51,34,27,7,17,17,0,0,0,0
S01012941,35 to 49,216,190,175,15,26,5,2,6,12,1
S01012941,50 to 64,186,173,159,14,13,4,0,3,5,1
S01012941,65 to 74,34,29,29,0,5,0,0,0,0,5
S01012941,75 to 84,7,5,5,0,2,0,0,0,0,2
S01012941,85 and over,1,1,1,0,0,0,0,0,0,0
S01012942,All people aged 16 and over in households,624,300,234,66,324,172,8,29,51,64
S01012942,16 to 24,101,18,3,15,83,83,0,0,0,0
S01012942,25 to 34,101,55,34,21,46,39,3,3,1,0
S01012942,35 to 49,176,95,79,16,81,36,2,15,26,2
S01012942,50 to 64,129,86,72,14,43,11,3,9,13,7
S01012942,65 to 74,48,27,27,0,21,3,0,1,9,8
S01012942,75 to 84,56,17,17,0,39,0,0,1,2,36
S01012942,85 and over,13,2,2,0,11,0,0,0,0,11
S01012943,All people aged 16 and over in households,575,388,334,54,187,113,1,14,32,27
S01012943,16 to 24,80,6,0,6,74,73,1,0,0,0
S01012943,25 to 34,83,60,34,26,23,21,0,1,1,0
S01012943,35 to 49,191,152,141,11,39,13,0,11,14,1
S01012943,50 to 64,136,114,104,10,22,4,0,2,13,3
S01012943,65 to 74,48,35,34,1,13,2,0,0,4,7
S01012943,75 to 84,28,17,17,0,11,0,0,0,0,11
S01012943,85 and over,9,4,4,0,5,0,0,0,0,5
S01012944,All people aged 16 and over in households,418,292,274,18,126,75,4,11,15,21
S01012944,16 to 24,50,2,0,2,48,48,0,0,0,0
S01012944,25 to 34,36,26,18,8,10,10,0,0,0,0
S01012944,35 to 49,129,103,97,6,26,8,2,9,5,2
S01012944,50 to 64,103,82,80,2,21,8,0,2,8,3
S01012944,65 to 74,61,54,54,0,7,0,1,0,2,4
S01012944,75 to 84,36,24,24,0,12,1,1,0,0,10
S01012944,85 and over,3,1,1,0,2,0,0,0,0,2
S01012945,All people aged 16 and over in households,543,402,380,22,141,105,3,9,15,9
S01012945,16 to 24,76,1,1,0,75,74,0,0,1,0
S01012945,25 to 34,49,28,24,4,21,18,0,3,0,0
S01012945,35 to 49,220,201,189,12,19,7,1,4,5,2
S01012945,50 to 64,156,137,131,6,19,5,2,2,8,2
S01012945,65 to 74,33,27,27,0,6,1,0,0,1,4
S01012945,75 to 84,9,8,8,0,1,0,0,0,0,1
S01012945,85 and over,0,0,0,0,0,0,0,0,0,0
S01012946,All people aged 16 and over in households,691,468,414,54,223,159,2,16,23,23
S01012946,16 to 24,106,8,3,5,98,98,0,0,0,0
S01012946,25 to 34,88,51,33,18,37,36,0,0,1,0
S01012946,35 to 49,223,184,165,19,39,18,0,10,9,2
S01012946,50 to 64,195,167,157,10,28,6,2,5,11,4
S01012946,65 to 74,46,36,34,2,10,0,0,1,1,8
S01012946,75 to 84,29,20,20,0,9,1,0,0,1,7
S01012946,85 and over,4,2,2,0,2,0,0,0,0,2
S01012947,All people aged 16 and over in households,372,260,248,12,112,89,4,2,8,9
S01012947,16 to 24,75,0,0,0,75,72,2,1,0,0
S01012947,25 to 34,19,5,5,0,14,13,0,0,1,0
S01012947,35 to 49,103,95,89,6,8,4,0,0,4,0
S01012947,50 to 64,142,133,127,6,9,0,2,1,3,3
S01012947,65 to 74,26,21,21,0,5,0,0,0,0,5
S01012947,75 to 84,5,5,5,0,0,0,0,0,0,0
S01012947,85 and over,2,1,1,0,1,0,0,0,0,1
S01012948,All people aged 16 and over in households,572,390,350,40,182,131,4,10,25,12
S01012948,16 to 24,96,1,0,1,95,94,1,0,0,0
S01012948,25 to 34,64,39,25,14,25,24,0,0,1,0
S01012948,35 to 49,161,133,116,17,28,9,1,7,9,2
S01012948,50 to 64,176,150,142,8,26,2,2,3,13,6
S01012948,65 to 74,56,50,50,0,6,2,0,0,2,2
S01012948,75 to 84,15,14,14,0,1,0,0,0,0,1
S01012948,85 and over,4,3,3,0,1,0,0,0,0,1
S01012949,All people aged 16 and over in households,595,390,360,30,205,143,0,16,21,25
S01012949,16 to 24,101,4,0,4,97,97,0,0,0,0
S01012949,25 to 34,53,26,17,9,27,22,0,4,1,0
S01012949,35 to 49,123,101,95,6,22,11,0,4,6,1
S01012949,50 to 64,226,192,184,8,34,8,0,7,12,7
S01012949,65 to 74,59,49,46,3,10,2,0,1,1,6
S01012949,75 to 84,29,15,15,0,14,3,0,0,1,10
S01012949,85 and over,4,3,3,0,1,0,0,0,0,1
S01012950,All people aged 16 and over in households,678,478,442,36,200,171,2,12,9,6
S01012950,16 to 24,139,6,1,5,133,133,0,0,0,0
S01012950,25 to 34,59,31,27,4,28,25,0,3,0,0
S01012950,35 to 49,253,228,211,17,25,10,0,7,7,1
S01012950,50 to 64,190,181,172,9,9,3,1,2,2,1
S01012950,65 to 74,31,27,26,1,4,0,1,0,0,3
S01012950,75 to 84,6,5,5,0,1,0,0,0,0,1
S01012950,85 and over,0,0,0,0,0,0,0,0,0,0
S01012951,All people aged 16 and over in households,649,518,442,76,131,101,2,8,14,6
S01012951,16 to 24,83,8,3,5,75,73,0,0,2,0
S01012951,25 to 34,125,103,86,17,22,18,2,1,1,0
S01012951,35 to 49,319,302,255,47,17,9,0,5,2,1
S01012951,50 to 64,102,90,83,7,12,1,0,2,8,1
S01012951,65 to 74,17,14,14,0,3,0,0,0,0,3
S01012951,75 to 84,3,1,1,0,2,0,0,0,1,1
S01012951,85 and over,0,0,0,0,0,0,0,0,0,0
S01012952,All people aged 16 and over in households,525,374,354,20,151,96,4,12,10,29
S01012952,16 to 24,74,4,2,2,70,70,0,0,0,0
S01012952,25 to 34,30,15,11,4,15,12,1,2,0,0
S01012952,35 to 49,133,115,104,11,18,11,1,4,2,0
S01012952,50 to 64,145,127,125,2,18,2,1,5,8,2
S01012952,65 to 74,81,72,71,1,9,0,0,1,0,8
S01012952,75 to 84,54,39,39,0,15,1,0,0,0,14
S01012952,85 and over,8,2,2,0,6,0,1,0,0,5
S01012953,All people aged 16 and over in households,568,374,330,44,194,125,2,17,26,24
S01012953,16 to 24,67,1,0,1,66,66,0,0,0,0
S01012953,25 to 34,74,35,20,15,39,34,1,3,1,0
S01012953,35 to 49,154,118,96,22,36,19,1,8,7,1
S01012953,50 to 64,192,157,153,4,35,5,0,5,17,8
S01012953,65 to 74,54,48,46,2,6,1,0,1,1,3
S01012953,75 to 84,21,13,13,0,8,0,0,0,0,8
S01012953,85 and over,6,2,2,0,4,0,0,0,0,4
S01012954,All people aged 16 and over in households,392,268,226,42,124,90,2,5,13,14
S01012954,16 to 24,66,4,2,2,62,62,0,0,0,0
S01012954,25 to 34,48,27,15,12,21,19,1,0,1,0
S01012954,35 to 49,125,108,86,22,17,9,0,4,4,0
S01012954,50 to 64,113,101,95,6,12,0,0,1,7,4
S01012954,65 to 74,28,23,23,0,5,0,1,0,1,3
S01012954,75 to 84,10,5,5,0,5,0,0,0,0,5
S01012954,85 and over,2,0,0,0,2,0,0,0,0,2
S01012955,All people aged 16 and over in households,721,482,416,66,239,166,2,24,21,26
S01012955,16 to 24,112,13,0,13,99,99,0,0,0,0
S01012955,25 to 34,98,59,41,18,39,38,0,1,0,0
S01012955,35 to 49,235,189,168,21,46,16,0,17,13,0
S01012955,50 to 64,177,148,142,6,29,9,2,6,8,4
S01012955,65 to 74,53,45,39,6,8,3,0,0,0,5
S01012955,75 to 84,40,27,25,2,13,1,0,0,0,12
S01012955,85 and over,6,1,1,0,5,0,0,0,0,5
S01012956,All people aged 16 and over in households,783,408,342,66,375,205,7,20,55,88
S01012956,16 to 24,101,7,0,7,94,94,0,0,0,0
S01012956,25 to 34,88,54,28,26,34,31,1,2,0,0
S01012956,35 to 49,198,114,92,22,84,49,2,5,27,1
S01012956,50 to 64,158,107,96,11,51,22,2,9,15,3
S01012956,65 to 74,123,77,77,0,46,1,1,4,10,30
S01012956,75 to 84,92,48,48,0,44,3,1,0,3,37
S01012956,85 and over,23,1,1,0,22,5,0,0,0,17
S01012957,All people aged 16 and over in households,540,288,244,44,252,146,3,16,41,46
S01012957,16 to 24,76,10,0,10,66,66,0,0,0,0
S01012957,25 to 34,74,36,17,19,38,36,1,0,1,0
S01012957,35 to 49,143,96,86,10,47,25,1,6,13,2
S01012957,50 to 64,114,76,71,5,38,16,0,2,15,5
S01012957,65 to 74,76,46,46,0,30,3,0,4,7,16
S01012957,75 to 84,47,22,22,0,25,0,0,4,5,16
S01012957,85 and over,10,2,2,0,8,0,1,0,0,7
S01012958,All people aged 16 and over in households,435,260,230,30,175,120,1,11,17,26
S01012958,16 to 24,60,0,0,0,60,60,0,0,0,0
S01012958,25 to 34,67,30,23,7,37,34,0,2,1,0
S01012958,35 to 49,110,83,67,16,27,18,1,5,3,0
S01012958,50 to 64,138,113,107,6,25,6,0,3,12,4
S01012958,65 to 74,41,27,26,1,14,1,0,1,1,11
S01012958,75 to 84,16,7,7,0,9,1,0,0,0,8
S01012958,85 and over,3,0,0,0,3,0,0,0,0,3
S01012959,All people aged 16 and over in households,466,278,230,48,188,137,2,15,23,11
S01012959,16 to 24,88,2,1,1,86,86,0,0,0,0
S01012959,25 to 34,61,36,20,16,25,23,0,1,1,0
S01012959,35 to 49,183,139,109,30,44,22,1,9,11,1
S01012959,50 to 64,102,82,81,1,20,6,1,5,7,1
S01012959,65 to 74,21,12,12,0,9,0,0,0,4,5
S01012959,75 to 84,9,7,7,0,2,0,0,0,0,2
S01012959,85 and over,2,0,0,0,2,0,0,0,0,2
S01012960,All people aged 16 and over in households,502,300,254,46,202,131,2,15,25,29
S01012960,16 to 24,85,1,0,1,84,84,0,0,0,0
S01012960,25 to 34,70,29,17,12,41,38,0,2,1,0
S01012960,35 to 49,122,91,73,18,31,7,1,10,11,2
S01012960,50 to 64,155,129,115,14,26,1,1,3,13,8
S01012960,65 to 74,46,36,35,1,10,0,0,0,0,10
S01012960,75 to 84,22,14,14,0,8,0,0,0,0,8
S01012960,85 and over,2,0,0,0,2,1,0,0,0,1
S01012961,All people aged 16 and over in households,416,288,252,36,128,93,0,7,17,11
S01012961,16 to 24,58,1,0,1,57,57,0,0,0,0
S01012961,25 to 34,45,29,25,4,16,15,0,1,0,0
S01012961,35 to 49,119,91,70,21,28,17,0,4,7,0
S01012961,50 to 64,139,125,117,8,14,1,0,1,8,4
S01012961,65 to 74,39,32,32,0,7,2,0,1,2,2
S01012961,75 to 84,13,10,8,2,3,1,0,0,0,2
S01012961,85 and over,3,0,0,0,3,0,0,0,0,3
S01012962,All people aged 16 and over in households,555,388,346,42,167,125,2,4,17,19
S01012962,16 to 24,93,2,0,2,91,91,0,0,0,0
S01012962,25 to 34,52,21,11,10,31,27,1,2,1,0
S01012962,35 to 49,115,106,89,17,9,3,0,2,3,1
S01012962,50 to 64,191,175,165,10,16,2,0,0,11,3
S01012962,65 to 74,75,63,60,3,12,1,1,0,2,8
S01012962,75 to 84,26,19,19,0,7,1,0,0,0,6
S01012962,85 and over,3,2,2,0,1,0,0,0,0,1
S01012963,All people aged 16 and over in households,616,444,402,42,172,129,2,13,16,12
S01012963,16 to 24,93,0,0,0,93,93,0,0,0,0
S01012963,25 to 34,58,39,26,13,19,18,0,1,0,0
S01012963,35 to 49,249,223,196,27,26,11,0,6,9,0
S01012963,50 to 64,166,142,140,2,24,7,1,6,6,4
S01012963,65 to 74,24,23,23,0,1,0,0,0,0,1
S01012963,75 to 84,24,17,17,0,7,0,1,0,1,5
S01012963,85 and over,2,0,0,0,2,0,0,0,0,2
S01012964,All people aged 16 and over in households,449,322,272,50,127,97,0,9,13,8
S01012964,16 to 24,79,5,4,1,74,74,0,0,0,0
S01012964,25 to 34,63,51,37,14,12,10,0,1,1,0
S01012964,35 to 49,206,180,156,24,26,11,0,6,7,2
S01012964,50 to 64,82,76,65,11,6,0,0,1,5,0
S01012964,65 to 74,13,8,8,0,5,2,0,1,0,2
S01012964,75 to 84,6,2,2,0,4,0,0,0,0,4
S01012964,85 and over,0,0,0,0,0,0,0,0,0,0
S01012965,All people aged 16 and over in households,466,290,238,52,176,128,2,11,23,12
S01012965,16 to 24,87,5,0,5,82,82,0,0,0,0
S01012965,25 to 34,66,44,31,13,22,22,0,0,0,0
S01012965,35 to 49,185,148,121,27,37,14,1,8,14,0
S01012965,50 to 64,99,74,67,7,25,7,1,3,8,6
S01012965,65 to 74,14,10,10,0,4,0,0,0,1,3
S01012965,75 to 84,12,8,8,0,4,2,0,0,0,2
S01012965,85 and over,3,1,1,0,2,1,0,0,0,1
S01012966,All people aged 16 and over in households,529,332,284,48,197,125,2,19,28,23
S01012966,16 to 24,76,4,2,2,72,70,0,2,0,0
S01012966,25 to 34,79,44,26,18,35,28,0,4,3,0
S01012966,35 to 49,181,142,116,26,39,22,1,8,7,1
S01012966,50 to 64,132,101,99,2,31,4,0,4,13,10
S01012966,65 to 74,45,34,34,0,11,0,1,1,2,7
S01012966,75 to 84,14,6,6,0,8,1,0,0,3,4
S01012966,85 and over,2,1,1,0,1,0,0,0,0,1
S01012967,All people aged 16 and over in households,397,230,202,28,167,111,0,10,22,24
S01012967,16 to 24,70,2,0,2,68,67,0,0,0,1
S01012967,25 to 34,57,30,18,12,27,26,0,1,0,0
S01012967,35 to 49,102,74,67,7,28,15,0,6,7,0
S01012967,50 to 64,123,91,86,5,32,3,0,2,15,12
S01012967,65 to 74,31,23,21,2,8,0,0,1,0,7
S01012967,75 to 84,12,10,10,0,2,0,0,0,0,2
S01012967,85 and over,2,0,0,0,2,0,0,0,0,2
S01012968,All people aged 16 and over in households,517,308,260,48,209,139,4,16,33,17
S01012968,16 to 24,78,7,2,5,71,71,0,0,0,0
S01012968,25 to 34,92,53,34,19,39,35,1,2,1,0
S01012968,35 to 49,139,86,68,18,53,28,0,9,16,0
S01012968,50 to 64,144,114,108,6,30,3,2,5,12,8
S01012968,65 to 74,51,42,42,0,9,1,1,0,2,5
S01012968,75 to 84,12,6,6,0,6,1,0,0,2,3
S01012968,85 and over,1,0,0,0,1,0,0,0,0,1
S01012969,All people aged 16 and over in households,570,332,272,60,238,129,3,13,42,51
S01012969,16 to 24,67,6,1,5,61,61,0,0,0,0
S01012969,25 to 34,83,50,30,20,33,31,0,2,0,0
S01012969,35 to 49,145,100,75,25,45,26,0,6,13,0
S01012969,50 to 64,140,98,88,10,42,7,3,5,22,5
S01012969,65 to 74,77,57,57,0,20,2,0,0,5,13
S01012969,75 to 84,46,19,19,0,27,1,0,0,2,24
S01012969,85 and over,12,2,2,0,10,1,0,0,0,9
S01012970,All people aged 16 and over in households,489,298,254,44,191,117,3,9,30,32
S01012970,16 to 24,57,3,1,2,54,53,1,0,0,0
S01012970,25 to 34,73,27,18,9,46,41,1,3,1,0
S01012970,35 to 49,128,98,82,16,30,12,1,4,11,2
S01012970,50 to 64,143,116,104,12,27,7,0,1,13,6
S01012970,65 to 74,48,36,31,5,12,2,0,0,4,6
S01012970,75 to 84,31,14,14,0,17,1,0,1,1,14
S01012970,85 and over,9,4,4,0,5,1,0,0,0,4
S01012971,All people aged 16 and over in households,638,333,282,51,305,219,2,22,40,22
S01012971,16 to 24,134,1,0,1,133,132,0,1,0,0
S01012971,25 to 34,119,60,37,23,59,55,0,4,0,0
S01012971,35 to 49,194,128,109,19,66,27,1,12,23,3
S01012971,50 to 64,132,99,95,4,33,4,0,5,17,7
S01012971,65 to 74,49,42,39,3,7,0,1,0,0,6
S01012971,75 to 84,10,3,2,1,7,1,0,0,0,6
S01012971,85 and over,0,0,0,0,0,0,0,0,0,0
S01012972,All people aged 16 and over in households,612,342,264,78,270,168,3,26,36,37
S01012972,16 to 24,96,12,4,8,84,84,0,0,0,0
S01012972,25 to 34,111,61,33,28,50,46,1,2,1,0
S01012972,35 to 49,151,96,66,30,55,28,1,12,14,0
S01012972,50 to 64,145,110,100,10,35,8,0,7,14,6
S01012972,65 to 74,69,48,46,2,21,0,0,5,3,13
S01012972,75 to 84,26,11,11,0,15,1,0,0,2,12
S01012972,85 and over,14,4,4,0,10,1,1,0,2,6
S01012973,All people aged 16 and over in households,647,392,320,72,255,138,2,17,33,65
S01012973,16 to 24,83,6,0,6,77,77,0,0,0,0
S01012973,25 to 34,95,63,40,23,32,30,0,1,1,0
S01012973,35 to 49,166,126,100,26,40,24,0,8,7,1
S01012973,50 to 64,153,118,110,8,35,6,0,7,13,9
S01012973,65 to 74,90,59,52,7,31,0,0,1,7,23
S01012973,75 to 84,42,18,16,2,24,0,1,0,4,19
S01012973,85 and over,18,2,2,0,16,1,1,0,1,13
S01012974,All people aged 16 and over in households,781,434,360,74,347,191,2,29,44,81
S01012974,16 to 24,77,7,4,3,70,69,0,0,1,0
S01012974,25 to 34,117,59,30,29,58,53,0,3,2,0
S01012974,35 to 49,187,113,86,27,74,47,0,13,10,4
S01012974,50 to 64,203,145,136,9,58,20,0,9,18,11
S01012974,65 to 74,96,71,66,5,25,0,1,2,8,14
S01012974,75 to 84,76,29,28,1,47,2,0,2,4,39
S01012974,85 and over,25,10,10,0,15,0,1,0,1,13
S01012975,All people aged 16 and over in households,491,274,216,58,217,110,3,15,30,59
S01012975,16 to 24,59,3,1,2,56,56,0,0,0,0
S01012975,25 to 34,69,40,17,23,29,27,0,1,1,0
S01012975,35 to 49,129,86,67,19,43,18,2,11,10,2
S01012975,50 to 64,111,85,74,11,26,5,1,2,11,7
S01012975,65 to 74,63,37,34,3,26,1,0,0,7,18
S01012975,75 to 84,46,21,21,0,25,2,0,0,1,22
S01012975,85 and over,14,2,2,0,12,1,0,1,0,10
S01012976,All people aged 16 and over in households,427,247,186,61,180,108,0,13,27,32
S01012976,16 to 24,59,9,0,9,50,50,0,0,0,0
S01012976,25 to 34,80,45,15,30,35,30,0,5,0,0
S01012976,35 to 49,94,63,51,12,31,19,0,3,8,1
S01012976,50 to 64,97,69,63,6,28,6,0,5,10,7
S01012976,65 to 74,71,47,44,3,24,2,0,0,7,15
S01012976,75 to 84,22,12,11,1,10,1,0,0,2,7
S01012976,85 and over,4,2,2,0,2,0,0,0,0,2
S01012977,All people aged 16 and over in households,559,294,216,78,265,165,4,34,33,29
S01012977,16 to 24,97,11,1,10,86,85,1,0,0,0
S01012977,25 to 34,109,50,21,29,59,49,0,10,0,0
S01012977,35 to 49,166,103,69,34,63,24,2,18,17,2
S01012977,50 to 64,121,91,88,3,30,5,1,4,14,6
S01012977,65 to 74,48,29,28,1,19,0,0,2,1,16
S01012977,75 to 84,17,10,9,1,7,2,0,0,1,4
S01012977,85 and over,1,0,0,0,1,0,0,0,0,1
S01012978,All people aged 16 and over in households,647,324,254,70,323,194,1,31,62,35
S01012978,16 to 24,114,5,0,5,109,108,0,0,1,0
S01012978,25 to 34,98,44,22,22,54,49,0,3,2,0
S01012978,35 to 49,174,96,69,27,78,32,1,18,25,2
S01012978,50 to 64,166,118,106,12,48,4,0,7,28,9
S01012978,65 to 74,66,52,48,4,14,0,0,2,4,8
S01012978,75 to 84,22,9,9,0,13,0,0,1,2,10
S01012978,85 and over,7,0,0,0,7,1,0,0,0,6
S01012979,All people aged 16 and over in households,487,320,280,40,167,104,4,10,25,24
S01012979,16 to 24,77,6,2,4,71,70,0,1,0,0
S01012979,25 to 34,67,42,24,18,25,21,1,0,1,2
S01012979,35 to 49,164,137,122,15,27,13,1,6,6,1
S01012979,50 to 64,127,102,99,3,25,0,0,3,12,10
S01012979,65 to 74,39,29,29,0,10,0,1,0,6,3
S01012979,75 to 84,9,4,4,0,5,0,1,0,0,4
S01012979,85 and over,4,0,0,0,4,0,0,0,0,4
S01012980,All people aged 16 and over in households,527,280,204,76,247,164,0,18,35,30
S01012980,16 to 24,80,9,1,8,71,71,0,0,0,0
S01012980,25 to 34,122,78,34,44,44,39,0,4,1,0
S01012980,35 to 49,143,80,65,15,63,37,0,10,15,1
S01012980,50 to 64,95,59,51,8,36,13,0,3,13,7
S01012980,65 to 74,54,36,35,1,18,2,0,1,6,9
S01012980,75 to 84,26,16,16,0,10,0,0,0,0,10
S01012980,85 and over,7,2,2,0,5,2,0,0,0,3
S01012981,All people aged 16 and over in households,622,294,226,68,328,202,1,25,63,37
S01012981,16 to 24,108,9,0,9,99,99,0,0,0,0
S01012981,25 to 34,97,47,27,20,50,46,0,0,4,0
S01012981,35 to 49,204,123,95,28,81,38,1,14,28,0
S01012981,50 to 64,130,77,70,7,53,14,0,10,22,7
S01012981,65 to 74,46,24,22,2,22,3,0,1,5,13
S01012981,75 to 84,30,14,12,2,16,2,0,0,4,10
S01012981,85 and over,7,0,0,0,7,0,0,0,0,7
S01012982,All people aged 16 and over in households,662,386,306,80,276,154,4,19,59,40
S01012982,16 to 24,92,17,5,12,75,74,1,0,0,0
S01012982,25 to 34,107,66,36,30,41,36,0,3,2,0
S01012982,35 to 49,198,127,99,28,71,34,3,10,23,1
S01012982,50 to 64,130,80,76,4,50,9,0,5,29,7
S01012982,65 to 74,92,70,64,6,22,0,0,1,3,18
S01012982,75 to 84,40,25,25,0,15,1,0,0,1,13
S01012982,85 and over,3,1,1,0,2,0,0,0,1,1
S01012983,All people aged 16 and over in households,633,388,338,50,245,147,2,13,28,55
S01012983,16 to 24,91,2,1,1,89,89,0,0,0,0
S01012983,25 to 34,43,15,5,10,28,26,0,0,2,0
S01012983,35 to 49,184,146,123,23,38,21,0,9,8,0
S01012983,50 to 64,163,129,116,13,34,9,0,4,15,6
S01012983,65 to 74,85,63,61,2,22,2,1,0,2,17
S01012983,75 to 84,62,30,29,1,32,0,0,0,1,31
S01012983,85 and over,5,3,3,0,2,0,1,0,0,1
S01012984,All people aged 16 and over in households,530,286,228,58,244,148,2,16,32,46
S01012984,16 to 24,78,8,1,7,70,69,0,1,0,0
S01012984,25 to 34,76,33,18,15,43,42,0,0,1,0
S01012984,35 to 49,166,115,92,23,51,28,1,7,13,2
S01012984,50 to 64,108,78,67,11,30,9,0,7,11,3
S01012984,65 to 74,44,26,24,2,18,0,0,1,7,10
S01012984,75 to 84,51,24,24,0,27,0,1,0,0,26
S01012984,85 and over,7,2,2,0,5,0,0,0,0,5
S01012985,All people aged 16 and over in households,659,402,374,28,257,153,0,16,31,57
S01012985,16 to 24,99,3,0,3,96,96,0,0,0,0
S01012985,25 to 34,77,38,30,8,39,35,0,1,3,0
S01012985,35 to 49,179,142,129,13,37,13,0,12,11,1
S01012985,50 to 64,161,136,133,3,25,9,0,3,9,4
S01012985,65 to 74,58,43,42,1,15,0,0,0,6,9
S01012985,75 to 84,75,37,37,0,38,0,0,0,2,36
S01012985,85 and over,10,3,3,0,7,0,0,0,0,7
S01012986,All people aged 16 and over in households,626,304,242,62,322,180,1,21,54,66
S01012986,16 to 24,68,8,1,7,60,60,0,0,0,0
S01012986,25 to 34,121,61,35,26,60,56,1,1,2,0
S01012986,35 to 49,169,98,72,26,71,35,0,13,22,1
S01012986,50 to 64,141,73,70,3,68,27,0,5,22,14
S01012986,65 to 74,61,38,38,0,23,1,0,2,5,15
S01012986,75 to 84,58,24,24,0,34,0,0,0,3,31
S01012986,85 and over,8,2,2,0,6,1,0,0,0,5
S01012987,All people aged 16 and over in households,632,336,268,68,296,157,7,18,37,77
S01012987,16 to 24,88,8,0,8,80,80,0,0,0,0
S01012987,25 to 34,74,44,22,22,30,26,3,0,1,0
S01012987,35 to 49,168,118,85,33,50,27,1,9,10,3
S01012987,50 to 64,129,84,79,5,45,16,0,5,20,4
S01012987,65 to 74,80,52,52,0,28,3,2,2,1,20
S01012987,75 to 84,68,26,26,0,42,1,1,1,5,34
S01012987,85 and over,25,4,4,0,21,4,0,1,0,16
S01012988,All people aged 16 and over in households,744,382,326,56,362,182,3,18,58,101
S01012988,16 to 24,88,13,1,12,75,75,0,0,0,0
S01012988,25 to 34,93,53,35,18,40,38,1,0,1,0
S01012988,35 to 49,171,107,90,17,64,31,1,9,22,1
S01012988,50 to 64,162,98,89,9,64,28,1,7,19,9
S01012988,65 to 74,106,72,72,0,34,4,0,1,8,21
S01012988,75 to 84,100,37,37,0,63,4,0,1,8,50
S01012988,85 and over,24,2,2,0,22,2,0,0,0,20
S01012989,All people aged 16 and over in households,767,422,360,62,345,202,2,22,51,68
S01012989,16 to 24,104,10,1,9,94,94,0,0,0,0
S01012989,25 to 34,131,63,45,18,68,62,0,3,3,0
S01012989,35 to 49,160,97,72,25,63,31,2,11,15,4
S01012989,50 to 64,187,137,127,10,50,12,0,8,22,8
S01012989,65 to 74,77,51,51,0,26,3,0,0,7,16
S01012989,75 to 84,92,60,60,0,32,0,0,0,4,28
S01012989,85 and over,16,4,4,0,12,0,0,0,0,12
S01012990,All people aged 16 and over in households,516,234,206,28,282,134,6,18,47,77
S01012990,16 to 24,71,3,0,3,68,68,0,0,0,0
S01012990,25 to 34,47,24,14,10,23,23,0,0,0,0
S01012990,35 to 49,130,82,72,10,48,28,1,12,6,1
S01012990,50 to 64,128,83,80,3,45,13,1,4,23,4
S01012990,65 to 74,53,24,24,0,29,1,0,1,12,15
S01012990,75 to 84,56,16,15,1,40,1,4,1,5,29
S01012990,85 and over,31,2,1,1,29,0,0,0,1,28
S01012991,All people aged 16 and over in households,644,362,296,66,282,164,1,29,28,60
S01012991,16 to 24,83,5,2,3,78,78,0,0,0,0
S01012991,25 to 34,77,44,18,26,33,29,0,2,2,0
S01012991,35 to 49,189,121,98,23,68,39,1,16,11,1
S01012991,50 to 64,142,103,92,11,39,15,0,10,10,4
S01012991,65 to 74,66,41,40,1,25,2,0,1,3,19
S01012991,75 to 84,63,38,36,2,25,1,0,0,2,22
S01012991,85 and over,24,10,10,0,14,0,0,0,0,14
S01012992,All people aged 16 and over in households,659,330,276,54,329,175,3,22,47,82
S01012992,16 to 24,90,11,0,11,79,79,0,0,0,0
S01012992,25 to 34,88,46,23,23,42,39,0,2,1,0
S01012992,35 to 49,173,107,91,16,66,39,0,12,14,1
S01012992,50 to 64,130,86,84,2,44,12,0,7,22,3
S01012992,65 to 74,68,44,44,0,24,2,1,1,6,14
S01012992,75 to 84,93,33,31,2,60,4,1,0,4,51
S01012992,85 and over,17,3,3,0,14,0,1,0,0,13
S01012993,All people aged 16 and over in households,585,280,208,72,305,166,7,16,44,72
S01012993,16 to 24,73,18,0,18,55,55,0,0,0,0
S01012993,25 to 34,86,36,17,19,50,46,1,1,1,1
S01012993,35 to 49,142,69,46,23,73,46,1,9,12,5
S01012993,50 to 64,138,95,86,9,43,14,1,3,22,3
S01012993,65 to 74,55,35,34,1,20,1,0,1,5,13
S01012993,75 to 84,75,24,22,2,51,4,3,2,3,39
S01012993,85 and over,16,3,3,0,13,0,1,0,1,11
S01012994,All people aged 16 and over in households,760,290,206,84,470,257,11,30,88,84
S01012994,16 to 24,113,20,3,17,93,90,3,0,0,0
S01012994,25 to 34,123,56,18,38,67,63,4,0,0,0
S01012994,35 to 49,188,84,66,18,104,59,3,10,30,2
S01012994,50 to 64,170,78,69,9,92,29,1,12,42,8
S01012994,65 to 74,62,26,24,2,36,6,0,3,13,14
S01012994,75 to 84,72,17,17,0,55,4,0,5,3,43
S01012994,85 and over,32,9,9,0,23,6,0,0,0,17
S01012995,All people aged 16 and over in households,662,418,344,74,244,162,1,15,36,30
S01012995,16 to 24,90,4,1,3,86,84,0,1,0,1
S01012995,25 to 34,111,65,39,26,46,41,1,3,1,0
S01012995,35 to 49,182,134,98,36,48,23,0,7,18,0
S01012995,50 to 64,181,143,135,8,38,13,0,4,14,7
S01012995,65 to 74,64,54,54,0,10,0,0,0,1,9
S01012995,75 to 84,28,16,15,1,12,1,0,0,2,9
S01012995,85 and over,6,2,2,0,4,0,0,0,0,4
S01012996,All people aged 16 and over in households,550,288,250,38,262,185,3,10,39,25
S01012996,16 to 24,124,4,0,4,120,119,1,0,0,0
S01012996,25 to 34,82,36,29,7,46,44,0,1,1,0
S01012996,35 to 49,149,106,85,21,43,16,2,8,16,1
S01012996,50 to 64,144,114,108,6,30,3,0,1,16,10
S01012996,65 to 74,34,23,23,0,11,2,0,0,3,6
S01012996,75 to 84,17,5,5,0,12,1,0,0,3,8
S01012996,85 and over,0,0,0,0,0,0,0,0,0,0
S01012997,All people aged 16 and over in households,392,218,186,32,174,96,4,14,28,32
S01012997,16 to 24,47,3,1,2,44,43,1,0,0,0
S01012997,25 to 34,52,21,13,8,31,28,0,2,1,0
S01012997,35 to 49,105,76,57,19,29,19,1,2,7,0
S01012997,50 to 64,86,61,58,3,25,4,1,3,12,5
S01012997,65 to 74,74,46,46,0,28,1,1,5,8,13
S01012997,75 to 84,23,11,11,0,12,1,0,2,0,9
S01012997,85 and over,5,0,0,0,5,0,0,0,0,5
S01012998,All people aged 16 and over in households,836,526,444,82,310,208,7,16,37,42
S01012998,16 to 24,139,16,1,15,123,123,0,0,0,0
S01012998,25 to 34,114,66,36,30,48,45,0,3,0,0
S01012998,35 to 49,279,216,191,25,63,31,5,8,19,0
S01012998,50 to 64,182,147,137,10,35,9,1,4,16,5
S01012998,65 to 74,56,47,45,2,9,0,1,0,0,8
S01012998,75 to 84,54,27,27,0,27,0,0,1,2,24
S01012998,85 and over,12,7,7,0,5,0,0,0,0,5
S01012999,All people aged 16 and over in households,397,218,184,34,179,109,2,15,21,32
S01012999,16 to 24,51,3,0,3,48,48,0,0,0,0
S01012999,25 to 34,59,31,13,18,28,23,2,2,0,1
S01012999,35 to 49,121,86,75,11,35,23,0,9,3,0
S01012999,50 to 64,77,49,48,1,28,11,0,1,11,5
S01012999,65 to 74,38,25,24,1,13,2,0,1,4,6
S01012999,75 to 84,39,20,20,0,19,0,0,2,3,14
S01012999,85 and over,12,4,4,0,8,2,0,0,0,6
S01013000,All people aged 16 and over in households,549,294,248,46,255,139,4,18,43,51
S01013000,16 to 24,57,4,1,3,53,53,0,0,0,0
S01013000,25 to 34,81,44,25,19,37,33,0,2,2,0
S01013000,35 to 49,139,77,67,10,62,37,0,10,14,1
S01013000,50 to 64,119,78,68,10,41,11,1,5,19,5
S01013000,65 to 74,79,58,54,4,21,2,1,1,4,13
S01013000,75 to 84,61,29,29,0,32,3,1,0,4,24
S01013000,85 and over,13,4,4,0,9,0,1,0,0,8
S01013001,All people aged 16 and over in households,320,226,210,16,94,58,5,11,9,11
S01013001,16 to 24,32,1,0,1,31,31,0,0,0,0
S01013001,25 to 34,20,8,3,5,12,11,0,1,0,0
S01013001,35 to 49,77,63,54,9,14,8,1,4,1,0
S01013001,50 to 64,114,92,91,1,22,7,0,6,7,2
S01013001,65 to 74,38,33,33,0,5,0,2,0,0,3
S01013001,75 to 84,32,24,24,0,8,1,1,0,1,5
S01013001,85 and over,7,5,5,0,2,0,1,0,0,1
S01013002,All people aged 16 and over in households,402,278,246,32,124,75,1,11,21,16
S01013002,16 to 24,45,3,1,2,42,42,0,0,0,0
S01013002,25 to 34,20,12,8,4,8,8,0,0,0,0
S01013002,35 to 49,124,97,80,17,27,12,0,7,8,0
S01013002,50 to 64,111,90,85,5,21,10,0,2,8,1
S01013002,65 to 74,64,51,48,3,13,2,1,2,5,3
S01013002,75 to 84,33,24,23,1,9,0,0,0,0,9
S01013002,85 and over,5,1,1,0,4,1,0,0,0,3
S01013003,All people aged 16 and over in households,522,404,384,20,118,79,0,4,5,30
S01013003,16 to 24,54,1,1,0,53,53,0,0,0,0
S01013003,25 to 34,19,5,5,0,14,14,0,0,0,0
S01013003,35 to 49,130,114,102,12,16,9,0,3,2,2
S01013003,50 to 64,168,158,151,7,10,0,0,1,2,7
S01013003,65 to 74,83,77,76,1,6,1,0,0,1,4
S01013003,75 to 84,49,38,38,0,11,1,0,0,0,10
S01013003,85 and over,19,11,11,0,8,1,0,0,0,7
S01013004,All people aged 16 and over in households,526,372,348,24,154,85,3,9,22,35
S01013004,16 to 24,59,6,1,5,53,52,0,1,0,0
S01013004,25 to 34,28,15,8,7,13,12,1,0,0,0
S01013004,35 to 49,139,116,106,10,23,8,1,5,9,0
S01013004,50 to 64,182,149,147,2,33,10,1,3,10,9
S01013004,65 to 74,66,51,51,0,15,2,0,0,1,12
S01013004,75 to 84,47,33,33,0,14,1,0,0,2,11
S01013004,85 and over,5,2,2,0,3,0,0,0,0,3
S01013005,All people aged 16 and over in households,572,384,346,38,188,107,7,19,14,41
S01013005,16 to 24,56,1,0,1,55,55,0,0,0,0
S01013005,25 to 34,40,23,14,9,17,16,1,0,0,0
S01013005,35 to 49,144,109,95,14,35,15,2,10,5,3
S01013005,50 to 64,179,147,136,11,32,13,2,6,5,6
S01013005,65 to 74,95,70,68,2,25,5,1,3,3,13
S01013005,75 to 84,41,24,23,1,17,2,1,0,1,13
S01013005,85 and over,17,10,10,0,7,1,0,0,0,6
S01013006,All people aged 16 and over in households,500,366,328,38,134,96,4,2,14,18
S01013006,16 to 24,57,0,0,0,57,57,0,0,0,0
S01013006,25 to 34,30,15,10,5,15,15,0,0,0,0
S01013006,35 to 49,142,116,99,17,26,15,2,2,6,1
S01013006,50 to 64,160,143,128,15,17,8,1,0,6,2
S01013006,65 to 74,65,58,57,1,7,0,1,0,1,5
S01013006,75 to 84,36,27,27,0,9,1,0,0,1,7
S01013006,85 and over,10,7,7,0,3,0,0,0,0,3
S01013007,All people aged 16 and over in households,758,522,464,58,236,140,0,8,33,55
S01013007,16 to 24,69,0,0,0,69,69,0,0,0,0
S01013007,25 to 34,49,22,12,10,27,27,0,0,0,0
S01013007,35 to 49,189,156,126,30,33,19,0,6,7,1
S01013007,50 to 64,198,164,147,17,34,10,0,1,13,10
S01013007,65 to 74,143,118,117,1,25,3,0,1,10,11
S01013007,75 to 84,85,54,54,0,31,10,0,0,3,18
S01013007,85 and over,25,8,8,0,17,2,0,0,0,15
S01013008,All people aged 16 and over in households,615,404,340,64,211,121,6,17,29,38
S01013008,16 to 24,57,3,0,3,54,54,0,0,0,0
S01013008,25 to 34,53,24,14,10,29,26,0,2,1,0
S01013008,35 to 49,173,130,104,26,43,21,3,7,11,1
S01013008,50 to 64,175,144,124,20,31,9,1,7,9,5
S01013008,65 to 74,111,84,80,4,27,4,2,1,4,16
S01013008,75 to 84,35,16,15,1,19,3,0,0,4,12
S01013008,85 and over,11,3,3,0,8,4,0,0,0,4
S01013009,All people aged 16 and over in households,526,300,256,44,226,101,3,21,49,52
S01013009,16 to 24,51,3,0,3,48,48,0,0,0,0
S01013009,25 to 34,50,22,11,11,28,23,2,0,3,0
S01013009,35 to 49,140,101,80,21,39,15,1,10,13,0
S01013009,50 to 64,106,68,59,9,38,10,0,2,21,5
S01013009,65 to 74,92,67,67,0,25,3,0,9,6,7
S01013009,75 to 84,63,34,34,0,29,1,0,0,4,24
S01013009,85 and over,24,5,5,0,19,1,0,0,2,16
S01013010,All people aged 16 and over in households,478,324,282,42,154,83,7,9,13,42
S01013010,16 to 24,46,4,0,4,42,41,0,0,1,0
S01013010,25 to 34,28,10,6,4,18,18,0,0,0,0
S01013010,35 to 49,135,119,101,18,16,9,1,3,2,1
S01013010,50 to 64,154,121,107,14,33,9,3,3,9,9
S01013010,65 to 74,73,58,56,2,15,2,2,1,1,9
S01013010,75 to 84,26,9,9,0,17,4,0,2,0,11
S01013010,85 and over,16,3,3,0,13,0,1,0,0,12
S01013011,All people aged 16 and over in households,512,360,310,50,152,90,4,12,21,25
S01013011,16 to 24,55,2,0,2,53,53,0,0,0,0
S01013011,25 to 34,52,38,25,13,14,13,1,0,0,0
S01013011,35 to 49,214,181,151,30,33,17,0,9,7,0
S01013011,50 to 64,110,90,85,5,20,3,2,1,9,5
S01013011,65 to 74,46,32,32,0,14,1,1,2,4,6
S01013011,75 to 84,32,17,17,0,15,2,0,0,0,13
S01013011,85 and over,3,0,0,0,3,1,0,0,1,1
S01013012,All people aged 16 and over in households,531,298,242,56,233,143,1,9,38,42
S01013012,16 to 24,71,6,0,6,65,65,0,0,0,0
S01013012,25 to 34,61,26,11,15,35,33,0,1,1,0
S01013012,35 to 49,149,111,93,18,38,20,0,3,12,3
S01013012,50 to 64,132,92,78,14,40,11,1,4,19,5
S01013012,65 to 74,62,47,46,1,15,5,0,0,5,5
S01013012,75 to 84,30,14,12,2,16,3,0,1,1,11
S01013012,85 and over,26,2,2,0,24,6,0,0,0,18
S01013013,All people aged 16 and over in households,566,374,320,54,192,104,2,14,17,55
S01013013,16 to 24,59,2,0,2,57,57,0,0,0,0
S01013013,25 to 34,46,23,9,14,23,23,0,0,0,0
S01013013,35 to 49,152,123,97,26,29,17,1,8,3,0
S01013013,50 to 64,174,149,138,11,25,5,1,5,7,7
S01013013,65 to 74,79,61,60,1,18,1,0,1,4,12
S01013013,75 to 84,40,15,15,0,25,1,0,0,3,21
S01013013,85 and over,16,1,1,0,15,0,0,0,0,15
S01013014,All people aged 16 and over in households,607,368,302,66,239,127,4,14,38,56
S01013014,16 to 24,56,7,1,6,49,49,0,0,0,0
S01013014,25 to 34,44,19,10,9,25,24,0,0,1,0
S01013014,35 to 49,156,124,99,25,32,19,1,5,7,0
S01013014,50 to 64,183,130,104,26,53,22,2,4,19,6
S01013014,65 to 74,84,55,55,0,29,9,1,2,5,12
S01013014,75 to 84,63,32,32,0,31,2,0,3,4,22
S01013014,85 and over,21,1,1,0,20,2,0,0,2,16
S01013015,All people aged 16 and over in households,607,420,374,46,187,107,1,13,23,43
S01013015,16 to 24,64,0,0,0,64,64,0,0,0,0
S01013015,25 to 34,46,25,15,10,21,20,0,1,0,0
S01013015,35 to 49,161,139,119,20,22,12,0,4,5,1
S01013015,50 to 64,178,141,127,14,37,5,0,6,15,11
S01013015,65 to 74,81,66,64,2,15,2,0,2,3,8
S01013015,75 to 84,66,46,46,0,20,3,1,0,0,16
S01013015,85 and over,11,3,3,0,8,1,0,0,0,7
S01013016,All people aged 16 and over in households,496,358,332,26,138,83,8,12,16,19
S01013016,16 to 24,48,2,2,0,46,46,0,0,0,0
S01013016,25 to 34,31,16,11,5,15,15,0,0,0,0
S01013016,35 to 49,130,103,92,11,27,12,3,5,6,1
S01013016,50 to 64,187,161,151,10,26,6,3,7,8,2
S01013016,65 to 74,62,55,55,0,7,2,0,0,2,3
S01013016,75 to 84,27,19,19,0,8,1,0,0,0,7
S01013016,85 and over,11,2,2,0,9,1,2,0,0,6
S01013017,All people aged 16 and over in households,659,410,370,40,249,135,3,17,45,49
S01013017,16 to 24,65,5,0,5,60,60,0,0,0,0
S01013017,25 to 34,56,31,26,5,25,23,0,0,1,1
S01013017,35 to 49,195,139,126,13,56,32,2,7,12,3
S01013017,50 to 64,173,137,121,16,36,13,0,5,12,6
S01013017,65 to 74,107,74,74,0,33,3,0,4,14,12
S01013017,75 to 84,44,21,20,1,23,2,1,0,5,15
S01013017,85 and over,19,3,3,0,16,2,0,1,1,12
S01013018,All people aged 16 and over in households,770,540,490,50,230,130,3,20,31,46
S01013018,16 to 24,69,2,2,0,67,67,0,0,0,0
S01013018,25 to 34,50,25,18,7,25,23,1,1,0,0
S01013018,35 to 49,229,186,160,26,43,21,1,8,9,4
S01013018,50 to 64,233,187,170,17,46,13,0,11,14,8
S01013018,65 to 74,106,89,89,0,17,4,0,0,7,6
S01013018,75 to 84,62,45,45,0,17,2,1,0,0,14
S01013018,85 and over,21,6,6,0,15,0,0,0,1,14
S01013019,All people aged 16 and over in households,687,474,400,74,213,142,7,11,21,32
S01013019,16 to 24,84,13,0,13,71,71,0,0,0,0
S01013019,25 to 34,96,65,40,25,31,28,1,1,1,0
S01013019,35 to 49,247,202,181,21,45,27,1,6,10,1
S01013019,50 to 64,145,118,104,14,27,9,3,4,6,5
S01013019,65 to 74,62,45,44,1,17,2,0,0,2,13
S01013019,75 to 84,43,27,27,0,16,4,1,0,2,9
S01013019,85 and over,10,4,4,0,6,1,1,0,0,4
S01013020,All people aged 16 and over in households,405,228,172,56,177,80,7,4,34,52
S01013020,16 to 24,41,6,0,6,35,35,0,0,0,0
S01013020,25 to 34,54,36,14,22,18,16,0,1,1,0
S01013020,35 to 49,79,55,44,11,24,15,0,1,8,0
S01013020,50 to 64,103,73,60,13,30,4,4,2,16,4
S01013020,65 to 74,56,32,30,2,24,5,1,0,7,11
S01013020,75 to 84,56,26,24,2,30,2,2,0,2,24
S01013020,85 and over,16,0,0,0,16,3,0,0,0,13
S01013021,All people aged 16 and over in households,376,242,206,36,134,82,1,8,23,20
S01013021,16 to 24,42,5,0,5,37,37,0,0,0,0
S01013021,25 to 34,61,41,29,12,20,18,1,1,0,0
S01013021,35 to 49,109,73,58,15,36,18,0,5,12,1
S01013021,50 to 64,89,74,72,2,15,3,0,2,8,2
S01013021,65 to 74,41,32,30,2,9,4,0,0,2,3
S01013021,75 to 84,24,13,13,0,11,1,0,0,0,10
S01013021,85 and over,10,4,4,0,6,1,0,0,1,4
S01013022,All people aged 16 and over in households,324,170,126,44,154,105,6,6,22,15
S01013022,16 to 24,52,8,1,7,44,44,0,0,0,0
S01013022,25 to 34,82,50,28,22,32,30,1,0,1,0
S01013022,35 to 49,97,59,45,14,38,16,2,4,15,1
S01013022,50 to 64,53,29,29,0,24,12,3,2,4,3
S01013022,65 to 74,26,19,19,0,7,2,0,0,2,3
S01013022,75 to 84,11,4,4,0,7,1,0,0,0,6
S01013022,85 and over,3,1,0,1,2,0,0,0,0,2
S01013023,All people aged 16 and over in households,706,520,488,32,186,114,7,13,15,37
S01013023,16 to 24,64,1,0,1,63,63,0,0,0,0
S01013023,25 to 34,59,25,14,11,34,31,0,1,1,1
S01013023,35 to 49,183,155,139,16,28,9,4,9,5,1
S01013023,50 to 64,224,202,199,3,22,4,2,3,5,8
S01013023,65 to 74,112,96,96,0,16,6,0,0,3,7
S01013023,75 to 84,54,39,38,1,15,1,1,0,1,12
S01013023,85 and over,10,2,2,0,8,0,0,0,0,8
S01013024,All people aged 16 and over in households,422,282,248,34,140,74,4,7,18,37
S01013024,16 to 24,44,1,0,1,43,43,0,0,0,0
S01013024,25 to 34,39,27,15,12,12,11,0,1,0,0
S01013024,35 to 49,113,92,83,9,21,9,1,3,8,0
S01013024,50 to 64,112,93,81,12,19,6,1,2,8,2
S01013024,65 to 74,57,42,42,0,15,2,1,0,2,10
S01013024,75 to 84,35,22,22,0,13,2,1,1,0,9
S01013024,85 and over,22,5,5,0,17,1,0,0,0,16
S01013025,All people aged 16 and over in households,435,288,248,40,147,92,9,8,16,22
S01013025,16 to 24,44,2,0,2,42,42,0,0,0,0
S01013025,25 to 34,40,15,8,7,25,23,0,0,2,0
S01013025,35 to 49,114,86,70,16,28,16,4,3,5,0
S01013025,50 to 64,158,127,115,12,31,11,4,4,8,4
S01013025,65 to 74,45,38,35,3,7,0,0,1,1,5
S01013025,75 to 84,25,18,18,0,7,0,0,0,0,7
S01013025,85 and over,9,2,2,0,7,0,1,0,0,6
S01013026,All people aged 16 and over in households,767,478,380,98,289,172,5,25,40,47
S01013026,16 to 24,81,11,3,8,70,69,0,0,0,1
S01013026,25 to 34,160,113,76,37,47,40,0,4,3,0
S01013026,35 to 49,235,154,120,34,81,44,3,15,17,2
S01013026,50 to 64,176,127,117,10,49,15,0,6,18,10
S01013026,65 to 74,68,48,43,5,20,3,2,0,2,13
S01013026,75 to 84,44,25,21,4,19,1,0,0,0,18
S01013026,85 and over,3,0,0,0,3,0,0,0,0,3
S01013027,All people aged 16 and over in households,794,392,308,84,402,239,5,23,60,75
S01013027,16 to 24,128,14,2,12,114,113,0,0,0,1
S01013027,25 to 34,111,50,23,27,61,56,1,1,3,0
S01013027,35 to 49,218,121,90,31,97,53,3,11,28,2
S01013027,50 to 64,175,125,113,12,50,8,0,10,25,7
S01013027,65 to 74,94,61,60,1,33,2,1,1,4,25
S01013027,75 to 84,54,21,20,1,33,5,0,0,0,28
S01013027,85 and over,14,0,0,0,14,2,0,0,0,12
S01013028,All people aged 16 and over in households,393,250,196,54,143,92,1,6,21,23
S01013028,16 to 24,51,8,2,6,43,43,0,0,0,0
S01013028,25 to 34,54,32,13,19,22,21,0,1,0,0
S01013028,35 to 49,116,85,71,14,31,17,0,4,9,1
S01013028,50 to 64,109,85,73,12,24,8,1,1,12,2
S01013028,65 to 74,37,28,25,3,9,1,0,0,0,8
S01013028,75 to 84,21,12,12,0,9,1,0,0,0,8
S01013028,85 and over,5,0,0,0,5,1,0,0,0,4
S01013029,All people aged 16 and over in households,490,268,208,60,222,125,3,19,29,46
S01013029,16 to 24,66,17,4,13,49,49,0,0,0,0
S01013029,25 to 34,59,33,14,19,26,23,0,2,1,0
S01013029,35 to 49,113,63,45,18,50,33,1,6,10,0
S01013029,50 to 64,107,70,61,9,37,13,1,9,10,4
S01013029,65 to 74,90,62,61,1,28,3,1,2,5,17
S01013029,75 to 84,48,21,21,0,27,3,0,0,3,21
S01013029,85 and over,7,2,2,0,5,1,0,0,0,4
S01013030,All people aged 16 and over in households,481,280,202,78,201,139,2,16,22,22
S01013030,16 to 24,82,10,1,9,72,72,0,0,0,0
S01013030,25 to 34,68,34,18,16,34,33,0,0,1,0
S01013030,35 to 49,131,86,48,38,45,24,0,13,7,1
S01013030,50 to 64,131,109,99,10,22,7,1,2,7,5
S01013030,65 to 74,42,28,26,2,14,2,1,1,4,6
S01013030,75 to 84,24,12,9,3,12,1,0,0,3,8
S01013030,85 and over,3,1,1,0,2,0,0,0,0,2
S01013031,All people aged 16 and over in households,505,232,178,54,273,163,2,25,43,40
S01013031,16 to 24,87,15,2,13,72,72,0,0,0,0
S01013031,25 to 34,84,35,21,14,49,41,0,6,2,0
S01013031,35 to 49,136,78,63,15,58,33,0,12,13,0
S01013031,50 to 64,118,65,58,7,53,13,2,6,22,10
S01013031,65 to 74,54,29,24,5,25,3,0,1,6,15
S01013031,75 to 84,21,10,10,0,11,0,0,0,0,11
S01013031,85 and over,5,0,0,0,5,1,0,0,0,4
S01013032,All people aged 16 and over in households,571,416,320,96,155,104,6,21,16,8
S01013032,16 to 24,51,5,1,4,46,46,0,0,0,0
S01013032,25 to 34,146,103,62,41,43,37,2,3,1,0
S01013032,35 to 49,248,205,170,35,43,18,1,17,6,1
S01013032,50 to 64,96,79,65,14,17,3,3,1,8,2
S01013032,65 to 74,23,18,18,0,5,0,0,0,1,4
S01013032,75 to 84,5,5,3,2,0,0,0,0,0,0
S01013032,85 and over,2,1,1,0,1,0,0,0,0,1
S01013033,All people aged 16 and over in households,512,336,242,94,176,121,4,15,17,19
S01013033,16 to 24,65,12,1,11,53,53,0,0,0,0
S01013033,25 to 34,156,113,71,42,43,37,2,4,0,0
S01013033,35 to 49,170,128,101,27,42,29,0,6,6,1
S01013033,50 to 64,81,58,47,11,23,2,2,4,10,5
S01013033,65 to 74,24,19,16,3,5,0,0,1,1,3
S01013033,75 to 84,13,6,6,0,7,0,0,0,0,7
S01013033,85 and over,3,0,0,0,3,0,0,0,0,3
S01013034,All people aged 16 and over in households,576,340,264,76,236,146,1,10,39,40
S01013034,16 to 24,78,9,0,9,69,69,0,0,0,0
S01013034,25 to 34,101,56,28,28,45,44,0,0,1,0
S01013034,35 to 49,142,95,75,20,47,23,0,5,16,3
S01013034,50 to 64,128,99,82,17,29,7,1,4,14,3
S01013034,65 to 74,88,64,62,2,24,3,0,0,7,14
S01013034,75 to 84,36,17,17,0,19,0,0,1,1,17
S01013034,85 and over,3,0,0,0,3,0,0,0,0,3
S01013035,All people aged 16 and over in households,548,276,190,86,272,155,4,23,47,43
S01013035,16 to 24,89,12,2,10,77,77,0,0,0,0
S01013035,25 to 34,88,46,14,32,42,37,0,3,1,1
S01013035,35 to 49,143,78,50,28,65,30,1,12,19,3
S01013035,50 to 64,128,83,70,13,45,8,1,7,19,10
S01013035,65 to 74,58,41,39,2,17,2,1,1,5,8
S01013035,75 to 84,38,16,15,1,22,1,1,0,3,17
S01013035,85 and over,4,0,0,0,4,0,0,0,0,4
S01013036,All people aged 16 and over in households,605,298,234,64,307,206,5,19,37,40
S01013036,16 to 24,126,10,1,9,116,116,0,0,0,0
S01013036,25 to 34,91,41,27,14,50,44,1,2,3,0
S01013036,35 to 49,165,107,77,30,58,27,0,11,19,1
S01013036,50 to 64,154,110,102,8,44,16,4,5,11,8
S01013036,65 to 74,49,24,23,1,25,2,0,1,4,18
S01013036,75 to 84,16,6,4,2,10,0,0,0,0,10
S01013036,85 and over,4,0,0,0,4,1,0,0,0,3
S01013037,All people aged 16 and over in households,596,406,340,66,190,127,4,13,23,23
S01013037,16 to 24,84,14,1,13,70,70,0,0,0,0
S01013037,25 to 34,69,40,18,22,29,28,0,1,0,0
S01013037,35 to 49,187,149,126,23,38,16,3,7,7,5
S01013037,50 to 64,165,132,124,8,33,11,1,5,13,3
S01013037,65 to 74,57,50,50,0,7,1,0,0,1,5
S01013037,75 to 84,27,20,20,0,7,1,0,0,2,4
S01013037,85 and over,7,1,1,0,6,0,0,0,0,6
S01013038,All people aged 16 and over in households,801,415,324,91,386,229,7,32,47,71
S01013038,16 to 24,126,18,1,17,108,107,1,0,0,0
S01013038,25 to 34,101,41,15,26,60,54,0,4,2,0
S01013038,35 to 49,231,161,125,36,70,37,1,15,16,1
S01013038,50 to 64,170,111,104,7,59,22,2,9,18,8
S01013038,65 to 74,72,44,39,5,28,4,1,4,8,11
S01013038,75 to 84,75,36,36,0,39,5,1,0,3,30
S01013038,85 and over,26,4,4,0,22,0,1,0,0,21
S01013039,All people aged 16 and over in households,427,292,254,38,135,108,0,4,10,13
S01013039,16 to 24,88,2,0,2,86,86,0,0,0,0
S01013039,25 to 34,41,27,16,11,14,13,0,1,0,0
S01013039,35 to 49,147,132,113,19,15,6,0,2,7,0
S01013039,50 to 64,120,108,104,4,12,3,0,1,3,5
S01013039,65 to 74,20,17,15,2,3,0,0,0,0,3
S01013039,75 to 84,10,6,6,0,4,0,0,0,0,4
S01013039,85 and over,1,0,0,0,1,0,0,0,0,1
S01013040,All people aged 16 and over in households,544,284,230,54,260,124,9,18,40,69
S01013040,16 to 24,59,6,0,6,53,53,0,0,0,0
S01013040,25 to 34,72,33,5,28,39,35,2,1,1,0
S01013040,35 to 49,124,84,72,12,40,27,1,4,8,0
S01013040,50 to 64,128,87,81,6,41,5,2,6,20,8
S01013040,65 to 74,97,56,54,2,41,1,3,5,8,24
S01013040,75 to 84,52,17,17,0,35,1,1,2,2,29
S01013040,85 and over,12,1,1,0,11,2,0,0,1,8
S01013041,All people aged 16 and over in households,485,280,222,58,205,126,0,12,30,37
S01013041,16 to 24,68,11,0,11,57,57,0,0,0,0
S01013041,25 to 34,74,45,17,28,29,27,0,2,0,0
S01013041,35 to 49,124,91,74,17,33,25,0,1,6,1
S01013041,50 to 64,134,87,85,2,47,9,0,8,24,6
S01013041,65 to 74,45,30,30,0,15,5,0,1,0,9
S01013041,75 to 84,31,15,15,0,16,1,0,0,0,15
S01013041,85 and over,9,1,1,0,8,2,0,0,0,6
S01013042,All people aged 16 and over in households,650,396,304,92,254,168,3,17,33,33
S01013042,16 to 24,102,6,0,6,96,95,1,0,0,0
S01013042,25 to 34,106,68,38,30,38,31,1,3,2,1
S01013042,35 to 49,237,184,138,46,53,31,1,11,9,1
S01013042,50 to 64,124,97,87,10,27,9,0,2,16,0
S01013042,65 to 74,44,23,23,0,21,2,0,1,4,14
S01013042,75 to 84,32,18,18,0,14,0,0,0,2,12
S01013042,85 and over,5,0,0,0,5,0,0,0,0,5
S01013043,All people aged 16 and over in households,558,280,222,58,278,164,9,14,39,52
S01013043,16 to 24,103,12,2,10,91,89,2,0,0,0
S01013043,25 to 34,78,43,17,26,35,31,1,2,1,0
S01013043,35 to 49,144,92,80,12,52,30,1,6,14,1
S01013043,50 to 64,134,88,80,8,46,12,2,6,18,8
S01013043,65 to 74,51,31,31,0,20,1,0,0,4,15
S01013043,75 to 84,41,12,11,1,29,1,3,0,2,23
S01013043,85 and over,7,2,1,1,5,0,0,0,0,5
S01013044,All people aged 16 and over in households,644,348,274,74,296,182,5,26,47,36
S01013044,16 to 24,99,8,2,6,91,91,0,0,0,0
S01013044,25 to 34,96,43,25,18,53,47,2,2,2,0
S01013044,35 to 49,161,100,71,29,61,22,3,16,19,1
S01013044,50 to 64,167,124,106,18,43,14,0,7,16,6
S01013044,65 to 74,82,52,49,3,30,5,0,1,7,17
S01013044,75 to 84,36,21,21,0,15,3,0,0,3,9
S01013044,85 and over,3,0,0,0,3,0,0,0,0,3
S01013045,All people aged 16 and over in households,541,330,284,46,211,125,1,15,38,32
S01013045,16 to 24,63,3,0,3,60,60,0,0,0,0
S01013045,25 to 34,88,49,36,13,39,32,0,3,3,1
S01013045,35 to 49,167,131,112,19,36,19,0,8,8,1
S01013045,50 to 64,136,100,91,9,36,11,1,3,19,2
S01013045,65 to 74,36,20,19,1,16,3,0,1,6,6
S01013045,75 to 84,38,23,22,1,15,0,0,0,1,14
S01013045,85 and over,13,4,4,0,9,0,0,0,1,8
S01013046,All people aged 16 and over in households,420,230,176,54,190,107,1,18,31,33
S01013046,16 to 24,64,7,0,7,57,57,0,0,0,0
S01013046,25 to 34,60,34,18,16,26,23,0,2,1,0
S01013046,35 to 49,98,60,46,14,38,16,0,10,11,1
S01013046,50 to 64,105,77,66,11,28,7,1,6,9,5
S01013046,65 to 74,64,41,38,3,23,3,0,0,7,13
S01013046,75 to 84,25,10,7,3,15,1,0,0,3,11
S01013046,85 and over,4,1,1,0,3,0,0,0,0,3
S01013047,All people aged 16 and over in households,703,520,444,76,183,126,2,7,24,24
S01013047,16 to 24,80,9,2,7,71,71,0,0,0,0
S01013047,25 to 34,124,99,66,33,25,25,0,0,0,0
S01013047,35 to 49,282,246,220,26,36,18,2,5,11,0
S01013047,50 to 64,151,127,118,9,24,8,0,2,9,5
S01013047,65 to 74,48,35,34,1,13,2,0,0,4,7
S01013047,75 to 84,14,4,4,0,10,2,0,0,0,8
S01013047,85 and over,4,0,0,0,4,0,0,0,0,4
S01013048,All people aged 16 and over in households,684,412,318,94,272,179,2,20,41,30
S01013048,16 to 24,78,15,2,13,63,63,0,0,0,0
S01013048,25 to 34,149,83,33,50,66,62,1,1,2,0
S01013048,35 to 49,212,141,118,23,71,39,0,10,22,0
S01013048,50 to 64,148,113,106,7,35,9,0,8,13,5
S01013048,65 to 74,59,44,44,0,15,2,1,1,2,9
S01013048,75 to 84,31,15,14,1,16,3,0,0,2,11
S01013048,85 and over,7,1,1,0,6,1,0,0,0,5
S01013049,All people aged 16 and over in households,685,438,376,62,247,159,1,18,31,38
S01013049,16 to 24,72,5,2,3,67,67,0,0,0,0
S01013049,25 to 34,111,60,33,27,51,46,1,1,3,0
S01013049,35 to 49,175,125,103,22,50,27,0,12,10,1
S01013049,50 to 64,188,155,146,9,33,9,0,4,13,7
S01013049,65 to 74,93,65,64,1,28,6,0,1,4,17
S01013049,75 to 84,40,26,26,0,14,3,0,0,1,10
S01013049,85 and over,6,2,2,0,4,1,0,0,0,3
S01013050,All people aged 16 and over in households,629,324,266,58,305,182,6,16,46,55
S01013050,16 to 24,82,11,0,11,71,69,2,0,0,0
S01013050,25 to 34,91,39,17,22,52,47,2,1,2,0
S01013050,35 to 49,141,74,55,19,67,44,0,7,16,0
S01013050,50 to 64,186,123,119,4,63,17,1,6,24,15
S01013050,65 to 74,89,60,58,2,29,3,0,1,4,21
S01013050,75 to 84,33,16,16,0,17,1,1,1,0,14
S01013050,85 and over,7,1,1,0,6,1,0,0,0,5
S01013051,All people aged 16 and over in households,763,392,310,82,371,214,5,20,63,69
S01013051,16 to 24,116,16,2,14,100,100,0,0,0,0
S01013051,25 to 34,85,46,28,18,39,32,0,7,0,0
S01013051,35 to 49,204,130,97,33,74,41,2,9,22,0
S01013051,50 to 64,182,119,106,13,63,23,1,4,28,7
S01013051,65 to 74,80,46,44,2,34,10,0,0,9,15
S01013051,75 to 84,72,32,31,1,40,7,2,0,3,28
S01013051,85 and over,24,3,2,1,21,1,0,0,1,19
S01013052,All people aged 16 and over in households,637,310,252,58,327,151,7,34,45,90
S01013052,16 to 24,80,9,0,9,71,71,0,0,0,0
S01013052,25 to 34,73,36,12,24,37,31,0,4,2,0
S01013052,35 to 49,138,75,62,13,63,32,1,13,16,1
S01013052,50 to 64,157,104,94,10,53,11,2,12,15,13
S01013052,65 to 74,74,41,41,0,33,4,2,4,6,17
S01013052,75 to 84,87,37,35,2,50,1,1,1,5,42
S01013052,85 and over,28,8,8,0,20,1,1,0,1,17
S01013053,All people aged 16 and over in households,523,204,150,54,319,180,11,23,64,41
S01013053,16 to 24,65,12,0,12,53,51,2,0,0,0
S01013053,25 to 34,82,25,13,12,57,49,4,1,3,0
S01013053,35 to 49,132,60,43,17,72,38,3,11,20,0
S01013053,50 to 64,120,59,48,11,61,25,2,8,23,3
S01013053,65 to 74,63,30,28,2,33,7,0,3,10,13
S01013053,75 to 84,50,16,16,0,34,9,0,0,8,17
S01013053,85 and over,11,2,2,0,9,1,0,0,0,8
S01013054,All people aged 16 and over in households,572,343,257,86,229,121,4,9,31,64
S01013054,16 to 24,68,6,2,4,62,61,0,1,0,0
S01013054,25 to 34,69,39,18,21,30,29,0,1,0,0
S01013054,35 to 49,160,122,82,40,38,21,2,2,11,2
S01013054,50 to 64,130,99,83,16,31,5,1,3,15,7
S01013054,65 to 74,72,46,42,4,26,1,1,2,3,19
S01013054,75 to 84,56,23,22,1,33,4,0,0,2,27
S01013054,85 and over,17,8,8,0,9,0,0,0,0,9
S01013055,All people aged 16 and over in households,581,274,188,86,307,177,3,15,47,65
S01013055,16 to 24,76,8,0,8,68,68,0,0,0,0
S01013055,25 to 34,103,53,19,34,50,45,1,1,3,0
S01013055,35 to 49,147,94,64,30,53,29,0,4,19,1
S01013055,50 to 64,116,71,61,10,45,22,0,4,14,5
S01013055,65 to 74,70,36,32,4,34,9,0,5,6,14
S01013055,75 to 84,51,11,11,0,40,3,2,1,5,29
S01013055,85 and over,18,1,1,0,17,1,0,0,0,16
S01013056,All people aged 16 and over in households,774,395,315,80,379,223,4,23,54,75
S01013056,16 to 24,102,17,4,13,85,85,0,0,0,0
S01013056,25 to 34,102,48,30,18,54,51,0,3,0,0
S01013056,35 to 49,207,112,84,28,95,56,1,11,26,1
S01013056,50 to 64,166,114,101,13,52,21,2,7,17,5
S01013056,65 to 74,100,69,63,6,31,6,0,1,8,16
S01013056,75 to 84,79,33,31,2,46,3,1,1,3,38
S01013056,85 and over,18,2,2,0,16,1,0,0,0,15
S01013057,All people aged 16 and over in households,641,280,196,84,361,233,5,21,66,36
S01013057,16 to 24,110,18,2,16,92,91,0,1,0,0
S01013057,25 to 34,119,50,25,25,69,59,4,4,2,0
S01013057,35 to 49,197,86,61,25,111,63,1,9,33,5
S01013057,50 to 64,122,72,55,17,50,15,0,5,25,5
S01013057,65 to 74,54,30,29,1,24,2,0,2,5,15
S01013057,75 to 84,35,22,22,0,13,3,0,0,1,9
S01013057,85 and over,4,2,2,0,2,0,0,0,0,2
S01013058,All people aged 16 and over in households,420,316,260,56,104,69,5,6,14,10
S01013058,16 to 24,46,10,3,7,36,34,2,0,0,0
S01013058,25 to 34,102,81,55,26,21,20,1,0,0,0
S01013058,35 to 49,186,158,140,18,28,13,1,4,6,4
S01013058,50 to 64,69,58,53,5,11,2,1,2,6,0
S01013058,65 to 74,11,6,6,0,5,0,0,0,2,3
S01013058,75 to 84,5,3,3,0,2,0,0,0,0,2
S01013058,85 and over,1,0,0,0,1,0,0,0,0,1
S01013059,All people aged 16 and over in households,669,400,342,58,269,125,11,10,28,95
S01013059,16 to 24,41,10,0,10,31,31,0,0,0,0
S01013059,25 to 34,77,29,10,19,48,45,0,1,2,0
S01013059,35 to 49,155,112,97,15,43,28,6,2,7,0
S01013059,50 to 64,136,107,98,9,29,7,2,4,10,6
S01013059,65 to 74,112,79,75,4,33,5,1,2,7,18
S01013059,75 to 84,108,53,52,1,55,7,2,1,1,44
S01013059,85 and over,40,10,10,0,30,2,0,0,1,27
S01013060,All people aged 16 and over in households,425,266,236,30,159,101,7,4,17,30
S01013060,16 to 24,44,5,0,5,39,39,0,0,0,0
S01013060,25 to 34,52,30,15,15,22,20,1,1,0,0
S01013060,35 to 49,90,62,56,6,28,22,2,1,3,0
S01013060,50 to 64,132,103,99,4,29,13,2,1,10,3
S01013060,65 to 74,59,43,43,0,16,4,1,1,2,8
S01013060,75 to 84,37,21,21,0,16,3,1,0,1,11
S01013060,85 and over,11,2,2,0,9,0,0,0,1,8
S01013061,All people aged 16 and over in households,683,492,460,32,191,94,10,6,24,57
S01013061,16 to 24,47,5,0,5,42,42,0,0,0,0
S01013061,25 to 34,59,36,29,7,23,21,1,1,0,0
S01013061,35 to 49,148,120,104,16,28,18,3,2,3,2
S01013061,50 to 64,184,153,149,4,31,7,3,2,14,5
S01013061,65 to 74,125,99,99,0,26,4,2,1,2,17
S01013061,75 to 84,99,71,71,0,28,1,0,0,5,22
S01013061,85 and over,21,8,8,0,13,1,1,0,0,11
S01013062,All people aged 16 and over in households,692,436,370,66,256,143,7,9,23,74
S01013062,16 to 24,69,10,4,6,59,58,1,0,0,0
S01013062,25 to 34,62,38,20,18,24,24,0,0,0,0
S01013062,35 to 49,177,132,110,22,45,26,6,4,7,2
S01013062,50 to 64,170,135,124,11,35,22,0,4,5,4
S01013062,65 to 74,93,69,63,6,24,5,0,1,6,12
S01013062,75 to 84,91,47,44,3,44,5,0,0,5,34
S01013062,85 and over,30,5,5,0,25,3,0,0,0,22
S01013063,All people aged 16 and over in households,665,408,362,46,257,145,8,12,35,57
S01013063,16 to 24,86,6,0,6,80,80,0,0,0,0
S01013063,25 to 34,42,16,10,6,26,23,1,0,2,0
S01013063,35 to 49,163,131,110,21,32,17,3,3,9,0
S01013063,50 to 64,193,156,143,13,37,8,3,7,16,3
S01013063,65 to 74,92,58,58,0,34,10,1,0,6,17
S01013063,75 to 84,66,40,40,0,26,5,0,1,2,18
S01013063,85 and over,23,1,1,0,22,2,0,1,0,19
S01013064,All people aged 16 and over in households,714,434,358,76,280,153,3,11,46,67
S01013064,16 to 24,82,9,2,7,73,73,0,0,0,0
S01013064,25 to 34,96,65,32,33,31,28,0,2,1,0
S01013064,35 to 49,182,129,106,23,53,30,2,6,14,1
S01013064,50 to 64,143,99,87,12,44,13,0,3,20,8
S01013064,65 to 74,131,93,92,1,38,4,1,0,7,26
S01013064,75 to 84,66,33,33,0,33,4,0,0,4,25
S01013064,85 and over,14,6,6,0,8,1,0,0,0,7
S01013065,All people aged 16 and over in households,731,346,260,86,385,252,2,22,49,60
S01013065,16 to 24,125,21,1,20,104,104,0,0,0,0
S01013065,25 to 34,153,90,46,44,63,57,0,4,2,0
S01013065,35 to 49,170,83,65,18,87,54,0,12,19,2
S01013065,50 to 64,118,59,58,1,59,22,0,5,22,10
S01013065,65 to 74,95,61,58,3,34,5,0,1,3,25
S01013065,75 to 84,52,27,27,0,25,8,1,0,3,13
S01013065,85 and over,18,5,5,0,13,2,1,0,0,10
S01013066,All people aged 16 and over in households,576,312,248,64,264,167,4,20,41,32
S01013066,16 to 24,69,15,4,11,54,54,0,0,0,0
S01013066,25 to 34,118,52,30,22,66,55,1,4,5,1
S01013066,35 to 49,164,98,78,20,66,40,2,13,11,0
S01013066,50 to 64,133,93,82,11,40,14,0,2,18,6
S01013066,65 to 74,55,41,41,0,14,2,0,1,5,6
S01013066,75 to 84,27,9,9,0,18,1,1,0,2,14
S01013066,85 and over,10,4,4,0,6,1,0,0,0,5
S01013067,All people aged 16 and over in households,761,178,62,116,583,516,15,9,34,9
S01013067,16 to 24,395,53,3,50,342,342,0,0,0,0
S01013067,25 to 34,195,63,23,40,132,118,11,1,2,0
S01013067,35 to 49,102,40,20,20,62,43,2,4,13,0
S01013067,50 to 64,48,16,10,6,32,10,1,3,17,1
S01013067,65 to 74,15,6,6,0,9,3,1,1,2,2
S01013067,75 to 84,3,0,0,0,3,0,0,0,0,3
S01013067,85 and over,3,0,0,0,3,0,0,0,0,3
S01013068,All people aged 16 and over in households,654,188,96,92,466,345,15,24,56,26
S01013068,16 to 24,219,31,2,29,188,188,0,0,0,0
S01013068,25 to 34,140,48,21,27,92,82,4,4,2,0
S01013068,35 to 49,139,51,29,22,88,49,5,14,19,1
S01013068,50 to 64,97,38,28,10,59,18,4,4,28,5
S01013068,65 to 74,36,15,12,3,21,6,0,2,5,8
S01013068,75 to 84,18,5,4,1,13,1,1,0,2,9
S01013068,85 and over,5,0,0,0,5,1,1,0,0,3
S01013069,All people aged 16 and over in households,668,184,102,82,484,426,5,12,23,18
S01013069,16 to 24,323,32,0,32,291,291,0,0,0,0
S01013069,25 to 34,122,59,31,28,63,60,2,0,1,0
S01013069,35 to 49,113,41,26,15,72,52,2,7,11,0
S01013069,50 to 64,74,36,30,6,38,16,1,5,11,5
S01013069,65 to 74,14,7,6,1,7,5,0,0,0,2
S01013069,75 to 84,17,8,8,0,9,1,0,0,0,8
S01013069,85 and over,5,1,1,0,4,1,0,0,0,3
S01013070,All people aged 16 and over in households,498,156,68,88,342,276,6,14,33,13
S01013070,16 to 24,207,39,3,36,168,167,1,0,0,0
S01013070,25 to 34,107,42,16,26,65,60,2,2,0,1
S01013070,35 to 49,96,45,27,18,51,32,2,7,10,0
S01013070,50 to 64,48,20,12,8,28,10,0,3,14,1
S01013070,65 to 74,25,7,7,0,18,4,1,1,6,6
S01013070,75 to 84,13,3,3,0,10,3,0,1,3,3
S01013070,85 and over,2,0,0,0,2,0,0,0,0,2
S01013071,All people aged 16 and over in households,713,166,60,106,547,484,10,13,28,12
S01013071,16 to 24,389,49,1,48,340,340,0,0,0,0
S01013071,25 to 34,147,60,24,36,87,80,4,3,0,0
S01013071,35 to 49,95,26,13,13,69,42,3,5,18,1
S01013071,50 to 64,60,26,17,9,34,18,3,4,7,2
S01013071,65 to 74,12,4,4,0,8,1,0,1,2,4
S01013071,75 to 84,8,1,1,0,7,3,0,0,1,3
S01013071,85 and over,2,0,0,0,2,0,0,0,0,2
S01013072,All people aged 16 and over in households,433,212,162,50,221,124,2,17,38,40
S01013072,16 to 24,68,8,0,8,60,60,0,0,0,0
S01013072,25 to 34,53,22,9,13,31,24,2,4,1,0
S01013072,35 to 49,110,69,46,23,41,21,0,6,12,2
S01013072,50 to 64,128,81,75,6,47,17,0,4,17,9
S01013072,65 to 74,49,28,28,0,21,1,0,2,7,11
S01013072,75 to 84,22,4,4,0,18,0,0,1,1,16
S01013072,85 and over,3,0,0,0,3,1,0,0,0,2
S01013073,All people aged 16 and over in households,591,242,138,104,349,254,8,26,40,21
S01013073,16 to 24,148,36,5,31,112,109,3,0,0,0
S01013073,25 to 34,172,88,37,51,84,80,0,3,1,0
S01013073,35 to 49,137,55,43,12,82,42,1,15,22,2
S01013073,50 to 64,87,45,39,6,42,13,2,7,16,4
S01013073,65 to 74,30,14,11,3,16,6,1,1,0,8
S01013073,75 to 84,16,4,3,1,12,4,1,0,1,6
S01013073,85 and over,1,0,0,0,1,0,0,0,0,1
S01013074,All people aged 16 and over in households,522,204,140,64,318,191,2,32,44,49
S01013074,16 to 24,89,10,2,8,79,79,0,0,0,0
S01013074,25 to 34,90,27,10,17,63,57,1,5,0,0
S01013074,35 to 49,141,72,46,26,69,35,1,16,13,4
S01013074,50 to 64,134,75,64,11,59,17,0,9,24,9
S01013074,65 to 74,35,13,12,1,22,2,0,1,4,15
S01013074,75 to 84,21,5,4,1,16,1,0,1,3,11
S01013074,85 and over,12,2,2,0,10,0,0,0,0,10
S01013075,All people aged 16 and over in households,748,256,178,78,492,275,5,28,88,96
S01013075,16 to 24,108,10,1,9,98,98,0,0,0,0
S01013075,25 to 34,80,16,11,5,64,56,3,0,5,0
S01013075,35 to 49,169,82,49,33,87,59,1,16,10,1
S01013075,50 to 64,184,73,49,24,111,40,0,9,45,17
S01013075,65 to 74,114,43,37,6,71,16,1,2,21,31
S01013075,75 to 84,74,28,27,1,46,5,0,1,7,33
S01013075,85 and over,19,4,4,0,15,1,0,0,0,14
S01013076,All people aged 16 and over in households,365,200,144,56,165,117,3,10,17,18
S01013076,16 to 24,91,10,2,8,81,81,0,0,0,0
S01013076,25 to 34,76,52,30,22,24,21,2,0,1,0
S01013076,35 to 49,103,76,53,23,27,10,0,6,5,6
S01013076,50 to 64,63,45,42,3,18,4,1,3,7,3
S01013076,65 to 74,21,12,12,0,9,0,0,1,3,5
S01013076,75 to 84,10,5,5,0,5,1,0,0,1,3
S01013076,85 and over,1,0,0,0,1,0,0,0,0,1
S01013077,All people aged 16 and over in households,544,262,202,60,282,154,5,25,50,48
S01013077,16 to 24,80,8,2,6,72,72,0,0,0,0
S01013077,25 to 34,82,40,20,20,42,35,3,4,0,0
S01013077,35 to 49,137,76,61,15,61,29,2,16,13,1
S01013077,50 to 64,127,70,57,13,57,16,0,2,33,6
S01013077,65 to 74,78,53,47,6,25,1,0,2,4,18
S01013077,75 to 84,33,13,13,0,20,1,0,1,0,18
S01013077,85 and over,7,2,2,0,5,0,0,0,0,5
S01013078,All people aged 16 and over in households,436,200,142,58,236,152,0,19,40,25
S01013078,16 to 24,84,13,0,13,71,69,0,0,1,1
S01013078,25 to 34,84,46,24,22,38,36,0,2,0,0
S01013078,35 to 49,120,58,44,14,62,35,0,10,16,1
S01013078,50 to 64,101,62,54,8,39,8,0,5,21,5
S01013078,65 to 74,28,17,16,1,11,1,0,2,1,7
S01013078,75 to 84,8,2,2,0,6,1,0,0,0,5
S01013078,85 and over,11,2,2,0,9,2,0,0,1,6
S01013079,All people aged 16 and over in households,785,500,414,86,285,200,7,20,36,22
S01013079,16 to 24,120,16,1,15,104,104,0,0,0,0
S01013079,25 to 34,124,63,43,20,61,54,2,2,3,0
S01013079,35 to 49,332,273,231,42,59,28,2,11,15,3
S01013079,50 to 64,135,104,96,8,31,10,0,6,13,2
S01013079,65 to 74,59,38,37,1,21,3,3,1,4,10
S01013079,75 to 84,12,6,6,0,6,1,0,0,1,4
S01013079,85 and over,3,0,0,0,3,0,0,0,0,3
S01013080,All people aged 16 and over in households,723,400,326,74,323,205,7,13,40,58
S01013080,16 to 24,148,11,0,11,137,137,0,0,0,0
S01013080,25 to 34,87,43,23,20,44,37,3,2,2,0
S01013080,35 to 49,167,143,117,26,24,9,1,6,8,0
S01013080,50 to 64,156,117,102,15,39,12,2,3,19,3
S01013080,65 to 74,72,50,48,2,22,2,0,2,9,9
S01013080,75 to 84,58,26,26,0,32,6,1,0,1,24
S01013080,85 and over,35,10,10,0,25,2,0,0,1,22
S01013081,All people aged 16 and over in households,548,382,340,42,166,95,4,5,20,42
S01013081,16 to 24,54,1,0,1,53,53,0,0,0,0
S01013081,25 to 34,53,34,26,8,19,17,0,0,2,0
S01013081,35 to 49,133,114,93,21,19,9,1,3,6,0
S01013081,50 to 64,172,140,131,9,32,11,2,2,8,9
S01013081,65 to 74,86,68,65,3,18,3,0,0,3,12
S01013081,75 to 84,42,24,24,0,18,1,1,0,1,15
S01013081,85 and over,8,1,1,0,7,1,0,0,0,6
S01013082,All people aged 16 and over in households,736,480,434,46,256,147,3,13,26,67
S01013082,16 to 24,81,6,2,4,75,75,0,0,0,0
S01013082,25 to 34,78,43,34,9,35,34,1,0,0,0
S01013082,35 to 49,167,128,111,17,39,24,1,3,8,3
S01013082,50 to 64,226,197,185,12,29,7,0,7,9,6
S01013082,65 to 74,108,76,73,3,32,6,0,3,5,18
S01013082,75 to 84,56,22,21,1,34,0,0,0,4,30
S01013082,85 and over,20,8,8,0,12,1,1,0,0,10
S01013083,All people aged 16 and over in households,379,268,240,28,111,65,1,6,17,22
S01013083,16 to 24,37,0,0,0,37,35,0,1,1,0
S01013083,25 to 34,38,18,13,5,20,18,1,0,1,0
S01013083,35 to 49,114,96,87,9,18,10,0,2,5,1
S01013083,50 to 64,98,82,71,11,16,1,0,3,8,4
S01013083,65 to 74,51,39,37,2,12,1,0,0,2,9
S01013083,75 to 84,36,29,28,1,7,0,0,0,0,7
S01013083,85 and over,5,4,4,0,1,0,0,0,0,1
S01013084,All people aged 16 and over in households,624,456,418,38,168,100,3,11,8,46
S01013084,16 to 24,61,2,0,2,59,59,0,0,0,0
S01013084,25 to 34,46,23,17,6,23,20,1,0,1,1
S01013084,35 to 49,144,126,105,21,18,6,0,6,3,3
S01013084,50 to 64,179,159,152,7,20,9,1,3,1,6
S01013084,65 to 74,100,83,81,2,17,1,0,2,1,13
S01013084,75 to 84,68,49,49,0,19,4,1,0,2,12
S01013084,85 and over,26,14,14,0,12,1,0,0,0,11
S01013085,All people aged 16 and over in households,419,206,164,42,213,79,5,11,41,77
S01013085,16 to 24,31,3,1,2,28,28,0,0,0,0
S01013085,25 to 34,56,34,19,15,22,22,0,0,0,0
S01013085,35 to 49,95,63,44,19,32,15,2,7,8,0
S01013085,50 to 64,82,53,47,6,29,7,0,2,15,5
S01013085,65 to 74,60,30,30,0,30,1,0,2,12,15
S01013085,75 to 84,58,19,19,0,39,5,2,0,6,26
S01013085,85 and over,37,4,4,0,33,1,1,0,0,31
S01013086,All people aged 16 and over in households,749,368,288,80,381,246,12,15,51,57
S01013086,16 to 24,129,13,2,11,116,114,0,1,1,0
S01013086,25 to 34,127,67,30,37,60,52,5,1,2,0
S01013086,35 to 49,184,122,98,24,62,39,5,6,11,1
S01013086,50 to 64,158,89,84,5,69,22,2,6,29,10
S01013086,65 to 74,75,51,49,2,24,11,0,0,6,7
S01013086,75 to 84,48,22,21,1,26,4,0,1,2,19
S01013086,85 and over,28,4,4,0,24,4,0,0,0,20
S01013087,All people aged 16 and over in households,619,430,394,36,189,126,8,6,24,25
S01013087,16 to 24,78,3,1,2,75,75,0,0,0,0
S01013087,25 to 34,50,26,19,7,24,19,5,0,0,0
S01013087,35 to 49,170,143,124,19,27,21,1,0,5,0
S01013087,50 to 64,175,151,143,8,24,9,1,5,8,1
S01013087,65 to 74,91,78,78,0,13,0,0,1,8,4
S01013087,75 to 84,45,25,25,0,20,2,1,0,3,14
S01013087,85 and over,10,4,4,0,6,0,0,0,0,6
S01013088,All people aged 16 and over in households,773,574,544,30,199,120,10,7,20,42
S01013088,16 to 24,67,0,0,0,67,67,0,0,0,0
S01013088,25 to 34,55,29,24,5,26,23,1,1,1,0
S01013088,35 to 49,179,147,135,12,32,17,2,4,7,2
S01013088,50 to 64,239,219,208,11,20,6,5,0,5,4
S01013088,65 to 74,147,128,126,2,19,4,1,1,2,11
S01013088,75 to 84,59,36,36,0,23,1,1,1,4,16
S01013088,85 and over,27,15,15,0,12,2,0,0,1,9
S01013089,All people aged 16 and over in households,633,354,286,68,279,166,2,23,38,50
S01013089,16 to 24,84,15,0,15,69,64,0,5,0,0
S01013089,25 to 34,96,50,28,22,46,43,0,2,1,0
S01013089,35 to 49,136,90,76,14,46,29,1,10,6,0
S01013089,50 to 64,144,108,93,15,36,13,0,2,17,4
S01013089,65 to 74,103,63,62,1,40,9,0,2,10,19
S01013089,75 to 84,54,24,23,1,30,6,1,2,3,18
S01013089,85 and over,16,4,4,0,12,2,0,0,1,9
S01013090,All people aged 16 and over in households,688,320,226,94,368,305,7,12,21,23
S01013090,16 to 24,225,37,0,37,188,187,0,0,1,0
S01013090,25 to 34,136,60,25,35,76,73,3,0,0,0
S01013090,35 to 49,155,111,93,18,44,28,1,9,6,0
S01013090,50 to 64,101,71,67,4,30,10,2,3,12,3
S01013090,65 to 74,34,23,23,0,11,3,1,0,2,5
S01013090,75 to 84,25,13,13,0,12,1,0,0,0,11
S01013090,85 and over,12,5,5,0,7,3,0,0,0,4
S01013091,All people aged 16 and over in households,427,166,66,100,261,207,8,12,16,18
S01013091,16 to 24,171,46,2,44,125,124,0,0,1,0
S01013091,25 to 34,133,73,32,41,60,56,1,0,1,2
S01013091,35 to 49,58,22,10,12,36,19,2,8,5,2
S01013091,50 to 64,41,20,17,3,21,5,3,4,6,3
S01013091,65 to 74,10,3,3,0,7,2,0,0,3,2
S01013091,75 to 84,7,2,2,0,5,1,0,0,0,4
S01013091,85 and over,7,0,0,0,7,0,2,0,0,5
S01013092,All people aged 16 and over in households,741,380,262,118,361,231,9,15,50,56
S01013092,16 to 24,119,25,2,23,94,93,0,0,0,1
S01013092,25 to 34,154,86,39,47,68,62,1,1,4,0
S01013092,35 to 49,208,125,87,38,83,48,6,7,21,1
S01013092,50 to 64,144,93,85,8,51,19,2,7,16,7
S01013092,65 to 74,51,33,31,2,18,3,0,0,4,11
S01013092,75 to 84,47,17,17,0,30,4,0,0,4,22
S01013092,85 and over,18,1,1,0,17,2,0,0,1,14
S01013093,All people aged 16 and over in households,409,278,234,44,131,73,2,9,14,33
S01013093,16 to 24,44,5,1,4,39,39,0,0,0,0
S01013093,25 to 34,17,9,5,4,8,7,0,1,0,0
S01013093,35 to 49,99,73,53,20,26,15,1,4,4,2
S01013093,50 to 64,117,92,79,13,25,10,1,4,7,3
S01013093,65 to 74,79,67,64,3,12,2,0,0,2,8
S01013093,75 to 84,46,29,29,0,17,0,0,0,1,16
S01013093,85 and over,7,3,3,0,4,0,0,0,0,4
S01013094,All people aged 16 and over in households,477,360,348,12,117,74,3,3,17,20
S01013094,16 to 24,44,0,0,0,44,44,0,0,0,0
S01013094,25 to 34,23,5,4,1,18,18,0,0,0,0
S01013094,35 to 49,136,124,117,7,12,3,0,2,7,0
S01013094,50 to 64,149,130,126,4,19,6,0,1,7,5
S01013094,65 to 74,94,82,82,0,12,2,2,0,3,5
S01013094,75 to 84,29,17,17,0,12,1,1,0,0,10
S01013094,85 and over,2,2,2,0,0,0,0,0,0,0
S01013095,All people aged 16 and over in households,632,510,498,12,122,98,2,3,9,10
S01013095,16 to 24,77,0,0,0,77,77,0,0,0,0
S01013095,25 to 34,26,14,12,2,12,11,0,0,1,0
S01013095,35 to 49,257,245,235,10,12,6,0,3,3,0
S01013095,50 to 64,192,182,182,0,10,3,2,0,4,1
S01013095,65 to 74,55,50,50,0,5,0,0,0,1,4
S01013095,75 to 84,20,15,15,0,5,1,0,0,0,4
S01013095,85 and over,5,4,4,0,1,0,0,0,0,1
S01013096,All people aged 16 and over in households,379,208,178,30,171,92,1,10,37,31
S01013096,16 to 24,50,4,1,3,46,45,0,1,0,0
S01013096,25 to 34,50,34,28,6,16,14,0,1,1,0
S01013096,35 to 49,97,62,44,18,35,19,1,6,8,1
S01013096,50 to 64,108,77,74,3,31,12,0,1,14,4
S01013096,65 to 74,46,21,21,0,25,2,0,1,12,10
S01013096,75 to 84,25,9,9,0,16,0,0,0,2,14
S01013096,85 and over,3,1,1,0,2,0,0,0,0,2
S01013097,All people aged 16 and over in households,492,366,322,44,126,81,2,3,19,21
S01013097,16 to 24,49,7,0,7,42,42,0,0,0,0
S01013097,25 to 34,39,34,23,11,5,5,0,0,0,0
S01013097,35 to 49,161,141,124,17,20,17,0,1,1,1
S01013097,50 to 64,167,129,120,9,38,12,2,1,13,10
S01013097,65 to 74,48,38,38,0,10,3,0,0,4,3
S01013097,75 to 84,24,16,16,0,8,2,0,1,1,4
S01013097,85 and over,4,1,1,0,3,0,0,0,0,3
S01013098,All people aged 16 and over in households,421,356,338,18,65,52,5,3,2,3
S01013098,16 to 24,47,0,0,0,47,47,0,0,0,0
S01013098,25 to 34,28,26,25,1,2,1,1,0,0,0
S01013098,35 to 49,261,252,247,5,9,3,3,1,2,0
S01013098,50 to 64,67,63,53,10,4,0,1,2,0,1
S01013098,65 to 74,13,10,8,2,3,1,0,0,0,2
S01013098,75 to 84,4,4,4,0,0,0,0,0,0,0
S01013098,85 and over,1,1,1,0,0,0,0,0,0,0
S01013099,All people aged 16 and over in households,737,430,360,70,307,164,13,22,47,61
S01013099,16 to 24,65,11,1,10,54,54,0,0,0,0
S01013099,25 to 34,112,68,47,21,44,40,2,2,0,0
S01013099,35 to 49,177,121,91,30,56,38,3,9,6,0
S01013099,50 to 64,183,121,113,8,62,17,4,8,27,6
S01013099,65 to 74,100,67,66,1,33,6,3,2,9,13
S01013099,75 to 84,72,38,38,0,34,7,0,1,4,22
S01013099,85 and over,28,4,4,0,24,2,1,0,1,20
S01013100,All people aged 16 and over in households,485,370,348,22,115,45,3,6,15,46
S01013100,16 to 24,29,3,0,3,26,26,0,0,0,0
S01013100,25 to 34,21,11,6,5,10,8,0,1,1,0
S01013100,35 to 49,128,115,104,11,13,5,2,3,3,0
S01013100,50 to 64,126,111,108,3,15,1,1,2,9,2
S01013100,65 to 74,102,84,84,0,18,3,0,0,2,13
S01013100,75 to 84,63,40,40,0,23,2,0,0,0,21
S01013100,85 and over,16,6,6,0,10,0,0,0,0,10
S01013101,All people aged 16 and over in households,835,432,332,100,403,228,3,18,72,82
S01013101,16 to 24,104,17,5,12,87,86,0,0,0,1
S01013101,25 to 34,115,59,27,32,56,52,0,3,1,0
S01013101,35 to 49,193,107,75,32,86,52,1,5,26,2
S01013101,50 to 64,200,143,125,18,57,17,0,6,26,8
S01013101,65 to 74,104,62,60,2,42,9,2,4,10,17
S01013101,75 to 84,92,38,35,3,54,11,0,0,9,34
S01013101,85 and over,27,6,5,1,21,1,0,0,0,20
S01013102,All people aged 16 and over in households,501,316,290,26,185,83,6,9,22,65
S01013102,16 to 24,38,0,0,0,38,38,0,0,0,0
S01013102,25 to 34,17,5,0,5,12,12,0,0,0,0
S01013102,35 to 49,126,105,95,10,21,16,1,3,1,0
S01013102,50 to 64,139,114,111,3,25,8,3,2,9,3
S01013102,65 to 74,89,60,56,4,29,3,1,3,7,15
S01013102,75 to 84,63,31,27,4,32,3,1,1,4,23
S01013102,85 and over,29,1,1,0,28,3,0,0,1,24
S01013103,All people aged 16 and over in households,619,462,426,36,157,104,1,15,19,18
S01013103,16 to 24,81,0,0,0,81,81,0,0,0,0
S01013103,25 to 34,38,27,23,4,11,10,0,1,0,0
S01013103,35 to 49,251,224,202,22,27,8,0,10,8,1
S01013103,50 to 64,160,145,140,5,15,1,1,4,7,2
S01013103,65 to 74,60,47,43,4,13,2,0,0,3,8
S01013103,75 to 84,26,19,18,1,7,2,0,0,1,4
S01013103,85 and over,3,0,0,0,3,0,0,0,0,3
S01013104,All people aged 16 and over in households,795,552,496,56,243,133,1,15,36,58
S01013104,16 to 24,76,0,0,0,76,76,0,0,0,0
S01013104,25 to 34,59,29,18,11,30,29,0,1,0,0
S01013104,35 to 49,212,183,158,25,29,12,0,7,9,1
S01013104,50 to 64,245,210,191,19,35,7,0,6,16,6
S01013104,65 to 74,126,94,93,1,32,4,1,1,8,18
S01013104,75 to 84,61,30,30,0,31,5,0,0,3,23
S01013104,85 and over,16,6,6,0,10,0,0,0,0,10
S01013105,All people aged 16 and over in households,720,498,462,36,222,110,8,16,35,53
S01013105,16 to 24,62,2,1,1,60,60,0,0,0,0
S01013105,25 to 34,58,33,23,10,25,19,2,4,0,0
S01013105,35 to 49,191,165,150,15,26,12,1,6,7,0
S01013105,50 to 64,227,181,173,8,46,10,5,6,12,13
S01013105,65 to 74,108,78,76,2,30,5,0,0,12,13
S01013105,75 to 84,56,34,34,0,22,3,0,0,4,15
S01013105,85 and over,18,5,5,0,13,1,0,0,0,12
S01013106,All people aged 16 and over in households,656,390,338,52,266,158,7,18,31,52
S01013106,16 to 24,87,13,2,11,74,74,0,0,0,0
S01013106,25 to 34,73,37,18,19,36,33,0,2,1,0
S01013106,35 to 49,177,125,107,18,52,27,3,11,11,0
S01013106,50 to 64,152,110,107,3,42,18,2,5,13,4
S01013106,65 to 74,85,64,63,1,21,5,1,0,5,10
S01013106,75 to 84,64,39,39,0,25,1,1,0,1,22
S01013106,85 and over,18,2,2,0,16,0,0,0,0,16
S01013107,All people aged 16 and over in households,554,426,382,44,128,76,3,10,16,23
S01013107,16 to 24,50,4,0,4,46,46,0,0,0,0
S01013107,25 to 34,37,23,15,8,14,14,0,0,0,0
S01013107,35 to 49,128,111,94,17,17,8,0,7,2,0
S01013107,50 to 64,190,170,161,9,20,4,2,3,9,2
S01013107,65 to 74,105,90,87,3,15,2,0,0,5,8
S01013107,75 to 84,34,26,23,3,8,1,1,0,0,6
S01013107,85 and over,10,2,2,0,8,1,0,0,0,7
S01013108,All people aged 16 and over in households,478,314,278,36,164,91,4,8,27,34
S01013108,16 to 24,46,5,0,5,41,41,0,0,0,0
S01013108,25 to 34,46,29,16,13,17,14,0,1,2,0
S01013108,35 to 49,136,101,93,8,35,21,0,4,10,0
S01013108,50 to 64,135,105,96,9,30,12,2,1,11,4
S01013108,65 to 74,73,56,55,1,17,2,0,1,4,10
S01013108,75 to 84,29,15,15,0,14,0,2,1,0,11
S01013108,85 and over,13,3,3,0,10,1,0,0,0,9
S01013109,All people aged 16 and over in households,835,554,490,64,281,165,14,13,33,56
S01013109,16 to 24,85,5,0,5,80,79,1,0,0,0
S01013109,25 to 34,69,28,20,8,41,36,3,2,0,0
S01013109,35 to 49,249,203,175,28,46,22,3,9,11,1
S01013109,50 to 64,263,212,195,17,51,15,7,1,18,10
S01013109,65 to 74,105,79,74,5,26,7,0,1,2,16
S01013109,75 to 84,46,22,21,1,24,2,0,0,2,20
S01013109,85 and over,18,5,5,0,13,4,0,0,0,9
S01013110,All people aged 16 and over in households,487,328,282,46,159,83,12,8,21,35
S01013110,16 to 24,39,6,0,6,33,33,0,0,0,0
S01013110,25 to 34,40,17,13,4,23,18,4,0,1,0
S01013110,35 to 49,131,95,76,19,36,19,3,6,7,1
S01013110,50 to 64,154,123,110,13,31,8,2,1,10,10
S01013110,65 to 74,72,58,56,2,14,2,2,1,3,6
S01013110,75 to 84,40,24,22,2,16,3,1,0,0,12
S01013110,85 and over,11,5,5,0,6,0,0,0,0,6
S01013111,All people aged 16 and over in households,366,240,208,32,126,71,4,10,22,19
S01013111,16 to 24,43,2,0,2,41,41,0,0,0,0
S01013111,25 to 34,21,14,10,4,7,7,0,0,0,0
S01013111,35 to 49,97,77,60,17,20,8,1,5,6,0
S01013111,50 to 64,109,88,81,7,21,7,2,3,7,2
S01013111,65 to 74,61,42,40,2,19,4,1,2,6,6
S01013111,75 to 84,21,12,12,0,9,4,0,0,2,3
S01013111,85 and over,14,5,5,0,9,0,0,0,1,8
S01013112,All people aged 16 and over in households,485,326,250,76,159,91,3,15,25,25
S01013112,16 to 24,55,14,1,13,41,41,0,0,0,0
S01013112,25 to 34,55,36,14,22,19,17,1,1,0,0
S01013112,35 to 49,177,132,105,27,45,23,0,7,13,2
S01013112,50 to 64,114,91,81,10,23,7,2,4,7,3
S01013112,65 to 74,52,40,37,3,12,1,0,2,3,6
S01013112,75 to 84,30,13,12,1,17,2,0,1,2,12
S01013112,85 and over,2,0,0,0,2,0,0,0,0,2
S01013113,All people aged 16 and over in households,677,410,340,70,267,135,1,10,43,78
S01013113,16 to 24,69,8,0,8,61,61,0,0,0,0
S01013113,25 to 34,59,33,21,12,26,24,1,1,0,0
S01013113,35 to 49,173,129,101,28,44,25,0,5,13,1
S01013113,50 to 64,166,119,102,17,47,17,0,2,19,9
S01013113,65 to 74,102,70,67,3,32,6,0,1,9,16
S01013113,75 to 84,81,42,40,2,39,2,0,1,2,34
S01013113,85 and over,27,9,9,0,18,0,0,0,0,18
S01013114,All people aged 16 and over in households,638,414,350,64,224,133,6,8,34,43
S01013114,16 to 24,66,8,2,6,58,58,0,0,0,0
S01013114,25 to 34,69,42,31,11,27,23,3,0,1,0
S01013114,35 to 49,181,133,112,21,48,30,0,5,13,0
S01013114,50 to 64,169,141,125,16,28,15,1,3,7,2
S01013114,65 to 74,97,65,57,8,32,6,1,0,11,14
S01013114,75 to 84,37,23,21,2,14,0,1,0,2,11
S01013114,85 and over,19,2,2,0,17,1,0,0,0,16
S01013115,All people aged 16 and over in households,513,258,194,64,255,124,5,25,55,46
S01013115,16 to 24,68,15,0,15,53,53,0,0,0,0
S01013115,25 to 34,68,27,12,15,41,35,0,4,2,0
S01013115,35 to 49,102,62,45,17,40,21,0,8,11,0
S01013115,50 to 64,118,80,67,13,38,3,3,7,22,3
S01013115,65 to 74,80,46,42,4,34,6,1,5,12,10
S01013115,75 to 84,49,22,22,0,27,3,0,1,7,16
S01013115,85 and over,28,6,6,0,22,3,1,0,1,17
S01013116,All people aged 16 and over in households,641,442,418,24,199,112,2,2,26,57
S01013116,16 to 24,49,0,0,0,49,49,0,0,0,0
S01013116,25 to 34,34,11,10,1,23,23,0,0,0,0
S01013116,35 to 49,133,112,97,15,21,16,1,0,4,0
S01013116,50 to 64,195,162,156,6,33,8,1,2,15,7
S01013116,65 to 74,120,93,91,2,27,9,0,0,6,12
S01013116,75 to 84,80,54,54,0,26,6,0,0,1,19
S01013116,85 and over,30,10,10,0,20,1,0,0,0,19
S01013117,All people aged 16 and over in households,478,284,220,64,194,111,2,14,41,26
S01013117,16 to 24,53,8,0,8,45,45,0,0,0,0
S01013117,25 to 34,75,38,22,16,37,33,0,1,3,0
S01013117,35 to 49,147,108,86,22,39,21,0,6,12,0
S01013117,50 to 64,131,95,81,14,36,9,0,3,22,2
S01013117,65 to 74,41,22,20,2,19,3,0,3,3,10
S01013117,75 to 84,20,9,8,1,11,0,0,1,1,9
S01013117,85 and over,11,4,3,1,7,0,2,0,0,5
S01013118,All people aged 16 and over in households,377,274,248,26,103,61,1,8,16,17
S01013118,16 to 24,29,1,0,1,28,28,0,0,0,0
S01013118,25 to 34,27,12,11,1,15,14,0,0,1,0
S01013118,35 to 49,109,94,81,13,15,7,0,4,3,1
S01013118,50 to 64,123,103,94,9,20,7,0,3,8,2
S01013118,65 to 74,53,43,41,2,10,3,1,1,2,3
S01013118,75 to 84,27,18,18,0,9,1,0,0,1,7
S01013118,85 and over,9,3,3,0,6,1,0,0,1,4
S01013119,All people aged 16 and over in households,628,426,346,80,202,99,7,14,42,40
S01013119,16 to 24,48,7,1,6,41,41,0,0,0,0
S01013119,25 to 34,49,31,18,13,18,17,1,0,0,0
S01013119,35 to 49,141,100,69,31,41,21,2,3,15,0
S01013119,50 to 64,227,181,159,22,46,12,3,4,19,8
S01013119,65 to 74,102,76,72,4,26,5,0,7,5,9
S01013119,75 to 84,53,29,26,3,24,3,1,0,3,17
S01013119,85 and over,8,2,1,1,6,0,0,0,0,6
S01013120,All people aged 16 and over in households,771,476,386,90,295,146,14,31,46,58
S01013120,16 to 24,80,13,3,10,67,67,0,0,0,0
S01013120,25 to 34,82,41,22,19,41,32,3,5,1,0
S01013120,35 to 49,183,132,103,29,51,20,4,13,13,1
S01013120,50 to 64,228,170,146,24,58,19,5,5,20,9
S01013120,65 to 74,111,78,72,6,33,4,0,7,6,16
S01013120,75 to 84,67,35,33,2,32,3,2,1,4,22
S01013120,85 and over,20,7,7,0,13,1,0,0,2,10
S01013121,All people aged 16 and over in households,273,184,148,36,89,51,3,1,11,23
S01013121,16 to 24,30,3,0,3,27,27,0,0,0,0
S01013121,25 to 34,33,22,10,12,11,10,1,0,0,0
S01013121,35 to 49,103,85,67,18,18,9,1,0,7,1
S01013121,50 to 64,55,43,41,2,12,4,1,1,3,3
S01013121,65 to 74,34,21,20,1,13,1,0,0,1,11
S01013121,75 to 84,14,8,8,0,6,0,0,0,0,6
S01013121,85 and over,4,2,2,0,2,0,0,0,0,2
S01013122,All people aged 16 and over in households,481,182,124,58,299,176,7,21,60,35
S01013122,16 to 24,64,13,3,10,51,50,0,0,0,1
S01013122,25 to 34,96,46,22,24,50,46,2,1,1,0
S01013122,35 to 49,154,62,44,18,92,50,4,9,26,3
S01013122,50 to 64,95,31,25,6,64,22,0,9,24,9
S01013122,65 to 74,37,13,13,0,24,6,1,2,9,6
S01013122,75 to 84,25,14,14,0,11,2,0,0,0,9
S01013122,85 and over,10,3,3,0,7,0,0,0,0,7
S01013123,All people aged 16 and over in households,614,246,182,64,368,230,4,17,71,46
S01013123,16 to 24,75,8,1,7,67,67,0,0,0,0
S01013123,25 to 34,140,54,23,31,86,79,1,4,2,0
S01013123,35 to 49,163,75,54,21,88,55,1,7,23,2
S01013123,50 to 64,130,63,58,5,67,21,0,4,36,6
S01013123,65 to 74,60,37,37,0,23,1,2,2,9,9
S01013123,75 to 84,38,9,9,0,29,6,0,0,1,22
S01013123,85 and over,8,0,0,0,8,1,0,0,0,7
S01013124,All people aged 16 and over in households,597,314,258,56,283,164,0,18,49,52
S01013124,16 to 24,70,7,0,7,63,63,0,0,0,0
S01013124,25 to 34,64,32,28,4,32,30,0,2,0,0
S01013124,35 to 49,177,110,87,23,67,40,0,7,18,2
S01013124,50 to 64,160,100,81,19,60,20,0,9,22,9
S01013124,65 to 74,66,41,39,2,25,8,0,0,7,10
S01013124,75 to 84,50,23,22,1,27,3,0,0,2,22
S01013124,85 and over,10,1,1,0,9,0,0,0,0,9
S01013125,All people aged 16 and over in households,652,318,274,44,334,188,10,16,46,74
S01013125,16 to 24,79,9,2,7,70,69,1,0,0,0
S01013125,25 to 34,65,24,9,15,41,37,1,2,1,0
S01013125,35 to 49,162,82,70,12,80,62,2,4,12,0
S01013125,50 to 64,177,126,118,8,51,14,2,5,23,7
S01013125,65 to 74,90,55,53,2,35,3,2,5,6,19
S01013125,75 to 84,62,21,21,0,41,1,1,0,3,36
S01013125,85 and over,17,1,1,0,16,2,1,0,1,12
S01013126,All people aged 16 and over in households,580,234,172,62,346,217,6,38,57,28
S01013126,16 to 24,110,7,0,7,103,100,0,2,1,0
S01013126,25 to 34,95,40,11,29,55,50,1,1,3,0
S01013126,35 to 49,181,85,69,16,96,53,3,22,17,1
S01013126,50 to 64,130,73,65,8,57,13,0,13,25,6
S01013126,65 to 74,31,14,13,1,17,0,0,0,8,9
S01013126,75 to 84,26,15,14,1,11,1,1,0,3,6
S01013126,85 and over,7,0,0,0,7,0,1,0,0,6
S01013127,All people aged 16 and over in households,625,230,162,68,395,250,3,37,60,45
S01013127,16 to 24,99,9,0,9,90,90,0,0,0,0
S01013127,25 to 34,105,38,14,24,67,58,0,3,5,1
S01013127,35 to 49,182,67,48,19,115,76,0,20,17,2
S01013127,50 to 64,132,67,56,11,65,17,3,7,32,6
S01013127,65 to 74,67,30,27,3,37,6,0,6,6,19
S01013127,75 to 84,33,16,14,2,17,2,0,1,0,14
S01013127,85 and over,7,3,3,0,4,1,0,0,0,3
S01013128,All people aged 16 and over in households,559,154,92,62,405,268,3,31,64,39
S01013128,16 to 24,62,14,2,12,48,48,0,0,0,0
S01013128,25 to 34,143,47,18,29,96,88,0,5,2,1
S01013128,35 to 49,183,39,21,18,144,99,1,13,28,3
S01013128,50 to 64,94,29,26,3,65,23,2,11,25,4
S01013128,65 to 74,35,14,14,0,21,3,0,2,8,8
S01013128,75 to 84,31,11,11,0,20,5,0,0,1,14
S01013128,85 and over,11,0,0,0,11,2,0,0,0,9
S01013129,All people aged 16 and over in households,899,442,322,120,457,277,10,36,61,73
S01013129,16 to 24,126,19,1,18,107,107,0,0,0,0
S01013129,25 to 34,199,117,49,68,82,76,1,5,0,0
S01013129,35 to 49,224,124,102,22,100,67,3,12,18,0
S01013129,50 to 64,192,112,102,10,80,18,3,15,32,12
S01013129,65 to 74,88,48,46,2,40,4,1,4,7,24
S01013129,75 to 84,58,20,20,0,38,3,2,0,4,29
S01013129,85 and over,12,2,2,0,10,2,0,0,0,8
S01013130,All people aged 16 and over in households,541,188,130,58,353,239,2,33,52,27
S01013130,16 to 24,107,9,1,8,98,98,0,0,0,0
S01013130,25 to 34,119,64,31,33,55,49,0,5,1,0
S01013130,35 to 49,185,70,56,14,115,68,2,16,25,4
S01013130,50 to 64,71,26,23,3,45,14,0,11,19,1
S01013130,65 to 74,33,17,17,0,16,2,0,1,3,10
S01013130,75 to 84,18,2,2,0,16,7,0,0,4,5
S01013130,85 and over,8,0,0,0,8,1,0,0,0,7
S01013131,All people aged 16 and over in households,507,222,168,54,285,176,4,30,54,21
S01013131,16 to 24,92,14,2,12,78,77,1,0,0,0
S01013131,25 to 34,108,62,39,23,46,41,1,4,0,0
S01013131,35 to 49,147,75,65,10,72,40,0,13,18,1
S01013131,50 to 64,102,45,37,8,57,15,0,10,30,2
S01013131,65 to 74,35,19,18,1,16,1,2,3,4,6
S01013131,75 to 84,17,5,5,0,12,1,0,0,2,9
S01013131,85 and over,6,2,2,0,4,1,0,0,0,3
S01013132,All people aged 16 and over in households,481,160,110,50,321,196,3,21,55,46
S01013132,16 to 24,75,7,0,7,68,68,0,0,0,0
S01013132,25 to 34,90,35,14,21,55,51,0,4,0,0
S01013132,35 to 49,121,45,32,13,76,48,1,10,16,1
S01013132,50 to 64,108,53,46,7,55,16,1,5,24,9
S01013132,65 to 74,35,6,6,0,29,6,0,2,10,11
S01013132,75 to 84,40,13,12,1,27,6,0,0,4,17
S01013132,85 and over,12,1,0,1,11,1,1,0,1,8
S01013133,All people aged 16 and over in households,636,270,184,86,366,235,0,32,59,40
S01013133,16 to 24,78,18,3,15,60,60,0,0,0,0
S01013133,25 to 34,117,57,22,35,60,57,0,1,2,0
S01013133,35 to 49,202,93,70,23,109,84,0,8,15,2
S01013133,50 to 64,140,62,54,8,78,24,0,17,30,7
S01013133,65 to 74,51,22,17,5,29,4,0,5,12,8
S01013133,75 to 84,29,14,14,0,15,3,0,1,0,11
S01013133,85 and over,19,4,4,0,15,3,0,0,0,12
S01013134,All people aged 16 and over in households,669,348,296,52,321,190,8,16,44,63
S01013134,16 to 24,82,6,1,5,76,74,0,0,0,2
S01013134,25 to 34,94,40,25,15,54,51,1,1,1,0
S01013134,35 to 49,185,126,99,27,59,34,1,9,14,1
S01013134,50 to 64,163,109,105,4,54,20,1,5,21,7
S01013134,65 to 74,77,47,46,1,30,7,2,0,4,17
S01013134,75 to 84,53,19,19,0,34,2,2,1,4,25
S01013134,85 and over,15,1,1,0,14,2,1,0,0,11
S01013135,All people aged 16 and over in households,604,220,150,70,384,242,3,22,66,51
S01013135,16 to 24,92,5,1,4,87,87,0,0,0,0
S01013135,25 to 34,124,52,26,26,72,65,0,3,4,0
S01013135,35 to 49,154,68,39,29,86,57,0,9,19,1
S01013135,50 to 64,144,67,58,9,77,22,0,9,39,7
S01013135,65 to 74,45,18,16,2,27,5,1,1,4,16
S01013135,75 to 84,26,8,8,0,18,2,2,0,0,14
S01013135,85 and over,19,2,2,0,17,4,0,0,0,13
S01013136,All people aged 16 and over in households,787,410,340,70,377,222,7,18,56,74
S01013136,16 to 24,118,7,0,7,111,110,1,0,0,0
S01013136,25 to 34,79,36,16,20,43,41,0,1,1,0
S01013136,35 to 49,190,123,96,27,67,47,1,8,8,3
S01013136,50 to 64,178,116,103,13,62,15,3,7,30,7
S01013136,65 to 74,134,90,87,3,44,4,1,2,9,28
S01013136,75 to 84,72,33,33,0,39,3,1,0,6,29
S01013136,85 and over,16,5,5,0,11,2,0,0,2,7
S01013137,All people aged 16 and over in households,627,316,270,46,311,184,7,18,35,67
S01013137,16 to 24,89,1,0,1,88,87,1,0,0,0
S01013137,25 to 34,67,27,16,11,40,37,2,1,0,0
S01013137,35 to 49,170,111,90,21,59,35,1,5,16,2
S01013137,50 to 64,150,96,84,12,54,20,1,9,12,12
S01013137,65 to 74,89,56,55,1,33,5,2,3,5,18
S01013137,75 to 84,54,24,24,0,30,0,0,0,1,29
S01013137,85 and over,8,1,1,0,7,0,0,0,1,6
S01013138,All people aged 16 and over in households,517,182,134,48,335,208,6,25,59,37
S01013138,16 to 24,92,12,2,10,80,80,0,0,0,0
S01013138,25 to 34,96,34,19,15,62,57,2,3,0,0
S01013138,35 to 49,154,63,48,15,91,53,4,8,25,1
S01013138,50 to 64,116,52,44,8,64,16,0,12,28,8
S01013138,65 to 74,34,19,19,0,15,2,0,1,3,9
S01013138,75 to 84,17,2,2,0,15,0,0,1,3,11
S01013138,85 and over,8,0,0,0,8,0,0,0,0,8
S01013139,All people aged 16 and over in households,710,264,216,48,446,272,3,32,71,68
S01013139,16 to 24,104,7,0,7,97,97,0,0,0,0
S01013139,25 to 34,85,22,10,12,63,61,0,0,2,0
S01013139,35 to 49,198,81,63,18,117,72,1,14,30,0
S01013139,50 to 64,163,82,75,7,81,23,1,13,30,14
S01013139,65 to 74,97,50,47,3,47,13,0,5,7,22
S01013139,75 to 84,50,22,21,1,28,4,1,0,0,23
S01013139,85 and over,13,0,0,0,13,2,0,0,2,9
S01013140,All people aged 16 and over in households,672,275,234,41,397,232,11,34,49,71
S01013140,16 to 24,118,2,0,2,116,115,1,0,0,0
S01013140,25 to 34,83,34,25,9,49,42,2,4,1,0
S01013140,35 to 49,159,83,58,25,76,46,2,14,11,3
S01013140,50 to 64,157,80,75,5,77,23,1,14,28,11
S01013140,65 to 74,81,45,45,0,36,5,2,1,6,22
S01013140,75 to 84,59,29,29,0,30,1,1,1,2,25
S01013140,85 and over,15,2,2,0,13,0,2,0,1,10
S01013141,All people aged 16 and over in households,539,230,172,58,309,176,8,16,44,65
S01013141,16 to 24,69,11,1,10,58,58,0,0,0,0
S01013141,25 to 34,80,40,21,19,40,36,1,0,2,1
S01013141,35 to 49,107,48,32,16,59,43,2,7,7,0
S01013141,50 to 64,127,56,44,12,71,25,5,7,29,5
S01013141,65 to 74,78,49,48,1,29,6,0,2,5,16
S01013141,75 to 84,54,23,23,0,31,5,0,0,1,25
S01013141,85 and over,24,3,3,0,21,3,0,0,0,18
S01013142,All people aged 16 and over in households,750,236,182,54,514,230,6,47,103,128
S01013142,16 to 24,85,9,2,7,76,75,1,0,0,0
S01013142,25 to 34,85,29,13,16,56,54,1,0,1,0
S01013142,35 to 49,146,36,19,17,110,63,0,19,25,3
S01013142,50 to 64,173,59,50,9,114,28,1,17,55,13
S01013142,65 to 74,77,26,21,5,51,5,0,7,15,24
S01013142,75 to 84,141,68,68,0,73,3,0,4,5,61
S01013142,85 and over,43,9,9,0,34,2,3,0,2,27
S01013143,All people aged 16 and over in households,728,356,282,74,372,208,5,25,61,73
S01013143,16 to 24,101,10,3,7,91,91,0,0,0,0
S01013143,25 to 34,115,57,32,25,58,53,0,4,1,0
S01013143,35 to 49,181,106,79,27,75,40,1,9,23,2
S01013143,50 to 64,149,92,80,12,57,13,1,8,25,10
S01013143,65 to 74,105,60,57,3,45,5,2,3,10,25
S01013143,75 to 84,63,25,25,0,38,6,1,1,0,30
S01013143,85 and over,14,6,6,0,8,0,0,0,2,6
S01013144,All people aged 16 and over in households,782,396,320,76,386,227,5,19,41,94
S01013144,16 to 24,94,5,0,5,89,89,0,0,0,0
S01013144,25 to 34,87,42,17,25,45,44,0,1,0,0
S01013144,35 to 49,173,96,65,31,77,54,2,10,11,0
S01013144,50 to 64,194,126,115,11,68,29,0,6,18,15
S01013144,65 to 74,118,81,79,2,37,3,2,2,9,21
S01013144,75 to 84,91,39,37,2,52,5,1,0,3,43
S01013144,85 and over,25,7,7,0,18,3,0,0,0,15
S01013145,All people aged 16 and over in households,608,294,248,46,314,184,1,19,40,70
S01013145,16 to 24,81,4,0,4,77,75,0,0,0,2
S01013145,25 to 34,86,40,23,17,46,45,0,1,0,0
S01013145,35 to 49,149,85,70,15,64,40,0,11,10,3
S01013145,50 to 64,134,95,86,9,39,10,0,5,14,10
S01013145,65 to 74,78,45,44,1,33,9,0,1,9,14
S01013145,75 to 84,61,20,20,0,41,5,1,0,6,29
S01013145,85 and over,19,5,5,0,14,0,0,1,1,12
S01013146,All people aged 16 and over in households,369,212,176,36,157,89,4,8,22,34
S01013146,16 to 24,33,1,1,0,32,32,0,0,0,0
S01013146,25 to 34,49,33,15,18,16,16,0,0,0,0
S01013146,35 to 49,106,75,63,12,31,20,0,5,5,1
S01013146,50 to 64,87,56,53,3,31,13,1,1,12,4
S01013146,65 to 74,52,29,26,3,23,5,1,2,3,12
S01013146,75 to 84,38,16,16,0,22,2,2,0,2,16
S01013146,85 and over,4,2,2,0,2,1,0,0,0,1
S01013147,All people aged 16 and over in households,595,321,284,37,274,159,4,12,32,67
S01013147,16 to 24,88,4,0,4,84,82,0,0,2,0
S01013147,25 to 34,54,25,17,8,29,27,1,0,0,1
S01013147,35 to 49,170,133,118,15,37,22,1,7,5,2
S01013147,50 to 64,137,92,86,6,45,17,2,4,17,5
S01013147,65 to 74,66,40,36,4,26,6,0,1,4,15
S01013147,75 to 84,57,25,25,0,32,4,0,0,2,26
S01013147,85 and over,23,2,2,0,21,1,0,0,2,18
S01013148,All people aged 16 and over in households,649,366,300,66,283,164,2,25,33,59
S01013148,16 to 24,71,15,2,13,56,56,0,0,0,0
S01013148,25 to 34,118,66,36,30,52,50,0,2,0,0
S01013148,35 to 49,132,73,62,11,59,36,1,14,6,2
S01013148,50 to 64,160,114,103,11,46,16,0,6,15,9
S01013148,65 to 74,84,60,59,1,24,3,1,3,10,7
S01013148,75 to 84,64,30,30,0,34,3,0,0,2,29
S01013148,85 and over,20,8,8,0,12,0,0,0,0,12
S01013149,All people aged 16 and over in households,692,332,262,70,360,212,9,27,43,69
S01013149,16 to 24,105,12,2,10,93,93,0,0,0,0
S01013149,25 to 34,113,57,32,25,56,51,3,0,2,0
S01013149,35 to 49,172,99,73,26,73,42,4,12,15,0
S01013149,50 to 64,166,106,97,9,60,20,2,11,17,10
S01013149,65 to 74,63,35,35,0,28,2,0,1,6,19
S01013149,75 to 84,56,22,22,0,34,2,0,3,2,27
S01013149,85 and over,17,1,1,0,16,2,0,0,1,13
S01013150,All people aged 16 and over in households,729,392,340,52,337,191,6,15,54,71
S01013150,16 to 24,83,5,3,2,78,78,0,0,0,0
S01013150,25 to 34,91,47,24,23,44,41,0,0,2,1
S01013150,35 to 49,167,85,71,14,82,52,2,9,18,1
S01013150,50 to 64,178,128,117,11,50,13,2,5,20,10
S01013150,65 to 74,127,90,89,1,37,5,1,1,13,17
S01013150,75 to 84,53,25,24,1,28,2,1,0,1,24
S01013150,85 and over,30,12,12,0,18,0,0,0,0,18
S01013151,All people aged 16 and over in households,473,280,238,42,193,118,1,13,16,45
S01013151,16 to 24,55,6,0,6,49,49,0,0,0,0
S01013151,25 to 34,62,28,19,9,34,33,0,0,0,1
S01013151,35 to 49,134,95,74,21,39,22,0,9,6,2
S01013151,50 to 64,127,105,99,6,22,7,0,3,8,4
S01013151,65 to 74,43,25,25,0,18,5,1,1,0,11
S01013151,75 to 84,42,19,19,0,23,1,0,0,2,20
S01013151,85 and over,10,2,2,0,8,1,0,0,0,7
S01013152,All people aged 16 and over in households,736,434,378,56,302,188,2,17,37,58
S01013152,16 to 24,91,6,2,4,85,85,0,0,0,0
S01013152,25 to 34,105,68,49,19,37,36,0,1,0,0
S01013152,35 to 49,209,148,123,25,61,40,0,9,12,0
S01013152,50 to 64,163,114,107,7,49,16,1,7,16,9
S01013152,65 to 74,91,67,66,1,24,7,0,0,5,12
S01013152,75 to 84,58,28,28,0,30,4,1,0,4,21
S01013152,85 and over,19,3,3,0,16,0,0,0,0,16
S01013153,All people aged 16 and over in households,677,296,208,88,381,236,1,22,70,52
S01013153,16 to 24,105,13,0,13,92,91,0,1,0,0
S01013153,25 to 34,116,46,17,29,70,63,0,6,1,0
S01013153,35 to 49,189,99,69,30,90,52,1,7,27,3
S01013153,50 to 64,155,81,68,13,74,27,0,6,33,8
S01013153,65 to 74,56,32,29,3,24,2,0,2,5,15
S01013153,75 to 84,40,20,20,0,20,0,0,0,4,16
S01013153,85 and over,16,5,5,0,11,1,0,0,0,10
S01013154,All people aged 16 and over in households,783,340,282,58,443,278,8,30,59,68
S01013154,16 to 24,129,6,0,6,123,123,0,0,0,0
S01013154,25 to 34,132,44,23,21,88,80,2,3,1,2
S01013154,35 to 49,205,104,86,18,101,56,2,17,24,2
S01013154,50 to 64,172,106,97,9,66,15,1,9,28,13
S01013154,65 to 74,64,41,37,4,23,2,1,1,4,15
S01013154,75 to 84,55,27,27,0,28,1,1,0,1,25
S01013154,85 and over,26,12,12,0,14,1,1,0,1,11
S01013155,All people aged 16 and over in households,666,230,152,78,436,294,6,27,77,32
S01013155,16 to 24,141,19,2,17,122,122,0,0,0,0
S01013155,25 to 34,158,58,29,29,100,97,0,1,2,0
S01013155,35 to 49,193,75,51,24,118,62,4,17,34,1
S01013155,50 to 64,133,67,59,8,66,10,1,8,36,11
S01013155,65 to 74,26,9,9,0,17,2,1,1,4,9
S01013155,75 to 84,9,2,2,0,7,0,0,0,1,6
S01013155,85 and over,6,0,0,0,6,1,0,0,0,5
S01013156,All people aged 16 and over in households,647,244,178,66,403,260,3,34,75,31
S01013156,16 to 24,131,8,1,7,123,122,0,1,0,0
S01013156,25 to 34,117,38,14,24,79,69,0,5,5,0
S01013156,35 to 49,198,89,65,24,109,56,1,17,34,1
S01013156,50 to 64,127,73,64,9,54,9,2,10,27,6
S01013156,65 to 74,46,23,21,2,23,4,0,1,9,9
S01013156,75 to 84,21,11,11,0,10,0,0,0,0,10
S01013156,85 and over,7,2,2,0,5,0,0,0,0,5
S01013157,All people aged 16 and over in households,740,296,206,90,444,281,7,39,56,61
S01013157,16 to 24,157,10,2,8,147,147,0,0,0,0
S01013157,25 to 34,132,63,30,33,69,66,0,2,1,0
S01013157,35 to 49,200,99,65,34,101,52,4,21,21,3
S01013157,50 to 64,163,93,80,13,70,12,1,13,28,16
S01013157,65 to 74,42,23,21,2,19,3,0,3,6,7
S01013157,75 to 84,33,6,6,0,27,0,1,0,0,26
S01013157,85 and over,13,2,2,0,11,1,1,0,0,9
S01013158,All people aged 16 and over in households,450,302,268,34,148,101,0,7,11,29
S01013158,16 to 24,60,3,0,3,57,57,0,0,0,0
S01013158,25 to 34,39,24,17,7,15,14,0,0,1,0
S01013158,35 to 49,130,101,89,12,29,19,0,6,4,0
S01013158,50 to 64,139,120,109,11,19,9,0,1,3,6
S01013158,65 to 74,46,37,36,1,9,0,0,0,1,8
S01013158,75 to 84,29,15,15,0,14,1,0,0,2,11
S01013158,85 and over,7,2,2,0,5,1,0,0,0,4
S01013159,All people aged 16 and over in households,604,384,342,42,220,139,4,15,25,37
S01013159,16 to 24,86,0,0,0,86,82,0,4,0,0
S01013159,25 to 34,70,39,23,16,31,28,0,1,2,0
S01013159,35 to 49,121,90,74,16,31,18,2,5,5,1
S01013159,50 to 64,192,164,155,9,28,10,0,4,10,4
S01013159,65 to 74,84,63,62,1,21,0,1,1,6,13
S01013159,75 to 84,45,28,28,0,17,1,1,0,2,13
S01013159,85 and over,6,0,0,0,6,0,0,0,0,6
S01013160,All people aged 16 and over in households,581,426,388,38,155,111,1,4,12,27
S01013160,16 to 24,68,2,0,2,66,65,0,0,1,0
S01013160,25 to 34,61,33,23,10,28,28,0,0,0,0
S01013160,35 to 49,167,144,120,24,23,17,1,1,4,0
S01013160,50 to 64,174,159,157,2,15,0,0,2,7,6
S01013160,65 to 74,88,71,71,0,17,1,0,1,0,15
S01013160,75 to 84,20,15,15,0,5,0,0,0,0,5
S01013160,85 and over,3,2,2,0,1,0,0,0,0,1
S01013161,All people aged 16 and over in households,836,436,308,128,400,242,3,30,56,69
S01013161,16 to 24,112,14,3,11,98,98,0,0,0,0
S01013161,25 to 34,174,108,42,66,66,61,0,3,2,0
S01013161,35 to 49,219,128,94,34,91,51,3,16,21,0
S01013161,50 to 64,168,111,100,11,57,17,0,9,21,10
S01013161,65 to 74,92,46,41,5,46,6,0,2,10,28
S01013161,75 to 84,62,27,26,1,35,9,0,0,2,24
S01013161,85 and over,9,2,2,0,7,0,0,0,0,7
S01013162,All people aged 16 and over in households,704,292,238,54,412,222,8,30,49,103
S01013162,16 to 24,66,6,0,6,60,60,0,0,0,0
S01013162,25 to 34,92,33,17,16,59,55,2,2,0,0
S01013162,35 to 49,169,78,57,21,91,62,2,16,9,2
S01013162,50 to 64,161,81,73,8,80,27,1,9,31,12
S01013162,65 to 74,122,67,64,3,55,11,0,2,8,34
S01013162,75 to 84,71,24,24,0,47,6,3,0,1,37
S01013162,85 and over,23,3,3,0,20,1,0,1,0,18
S01013163,All people aged 16 and over in households,577,402,358,44,175,138,1,6,11,19
S01013163,16 to 24,94,8,0,8,86,86,0,0,0,0
S01013163,25 to 34,67,32,22,10,35,35,0,0,0,0
S01013163,35 to 49,141,115,100,15,26,17,1,4,3,1
S01013163,50 to 64,188,173,163,10,15,0,0,2,8,5
S01013163,65 to 74,71,62,62,0,9,0,0,0,0,9
S01013163,75 to 84,15,11,11,0,4,0,0,0,0,4
S01013163,85 and over,1,1,0,1,0,0,0,0,0,0
S01013164,All people aged 16 and over in households,858,428,384,44,430,258,4,30,67,71
S01013164,16 to 24,109,4,2,2,105,105,0,0,0,0
S01013164,25 to 34,81,40,27,13,41,40,0,1,0,0
S01013164,35 to 49,236,147,130,17,89,63,2,5,17,2
S01013164,50 to 64,254,147,140,7,107,39,1,19,36,12
S01013164,65 to 74,103,62,61,1,41,5,0,5,9,22
S01013164,75 to 84,48,20,18,2,28,3,0,0,5,20
S01013164,85 and over,27,8,6,2,19,3,1,0,0,15
S01013165,All people aged 16 and over in households,748,406,358,48,342,184,7,20,39,92
S01013165,16 to 24,96,11,2,9,85,85,0,0,0,0
S01013165,25 to 34,75,28,20,8,47,45,0,2,0,0
S01013165,35 to 49,181,130,107,23,51,31,0,5,14,1
S01013165,50 to 64,196,149,145,4,47,14,2,11,13,7
S01013165,65 to 74,88,48,47,1,40,5,2,1,4,28
S01013165,75 to 84,81,32,29,3,49,2,2,1,5,39
S01013165,85 and over,31,8,8,0,23,2,1,0,3,17
S01013166,All people aged 16 and over in households,531,146,74,72,385,234,0,36,74,41
S01013166,16 to 24,96,11,0,11,85,84,0,1,0,0
S01013166,25 to 34,83,30,10,20,53,49,0,4,0,0
S01013166,35 to 49,143,52,19,33,91,60,0,9,21,1
S01013166,50 to 64,133,36,32,4,97,32,0,18,38,9
S01013166,65 to 74,47,13,9,4,34,5,0,4,14,11
S01013166,75 to 84,21,4,4,0,17,3,0,0,1,13
S01013166,85 and over,8,0,0,0,8,1,0,0,0,7
S01013167,All people aged 16 and over in households,529,182,108,74,347,232,5,30,56,24
S01013167,16 to 24,85,19,3,16,66,66,0,0,0,0
S01013167,25 to 34,121,49,17,32,72,67,0,3,1,1
S01013167,35 to 49,158,51,34,17,107,70,3,9,24,1
S01013167,50 to 64,112,43,36,7,69,24,2,16,21,6
S01013167,65 to 74,27,13,11,2,14,1,0,2,7,4
S01013167,75 to 84,21,6,6,0,15,4,0,0,3,8
S01013167,85 and over,5,1,1,0,4,0,0,0,0,4
S01013168,All people aged 16 and over in households,729,334,276,58,395,230,6,35,45,79
S01013168,16 to 24,103,11,1,10,92,92,0,0,0,0
S01013168,25 to 34,107,43,30,13,64,58,1,5,0,0
S01013168,35 to 49,168,92,70,22,76,48,0,16,11,1
S01013168,50 to 64,172,102,97,5,70,25,2,12,20,11
S01013168,65 to 74,97,49,44,5,48,5,2,1,11,29
S01013168,75 to 84,65,32,31,1,33,1,0,1,3,28
S01013168,85 and over,17,5,3,2,12,1,1,0,0,10
S01013169,All people aged 16 and over in households,723,330,272,58,393,197,6,17,65,108
S01013169,16 to 24,85,3,0,3,82,82,0,0,0,0
S01013169,25 to 34,79,39,20,19,40,38,1,1,0,0
S01013169,35 to 49,159,98,73,25,61,34,1,5,20,1
S01013169,50 to 64,186,110,101,9,76,23,2,10,29,12
S01013169,65 to 74,87,45,45,0,42,11,0,1,9,21
S01013169,75 to 84,90,32,30,2,58,5,2,0,6,45
S01013169,85 and over,37,3,3,0,34,4,0,0,1,29
S01013170,All people aged 16 and over in households,437,174,126,48,263,156,0,15,49,43
S01013170,16 to 24,69,7,0,7,62,62,0,0,0,0
S01013170,25 to 34,57,19,4,15,38,35,0,2,1,0
S01013170,35 to 49,119,65,45,20,54,35,0,5,13,1
S01013170,50 to 64,99,56,50,6,43,12,0,7,18,6
S01013170,65 to 74,43,17,17,0,26,5,0,1,9,11
S01013170,75 to 84,40,10,10,0,30,5,0,0,7,18
S01013170,85 and over,10,0,0,0,10,2,0,0,1,7
S01013171,All people aged 16 and over in households,523,318,286,32,205,144,5,13,26,17
S01013171,16 to 24,85,4,0,4,81,81,0,0,0,0
S01013171,25 to 34,49,24,17,7,25,23,1,1,0,0
S01013171,35 to 49,192,151,137,14,41,22,2,7,10,0
S01013171,50 to 64,129,94,88,6,35,13,0,5,14,3
S01013171,65 to 74,38,30,29,1,8,4,2,0,0,2
S01013171,75 to 84,21,14,14,0,7,0,0,0,2,5
S01013171,85 and over,9,1,1,0,8,1,0,0,0,7
S01013172,All people aged 16 and over in households,613,328,276,52,285,183,4,21,43,34
S01013172,16 to 24,91,5,2,3,86,84,0,2,0,0
S01013172,25 to 34,77,34,14,20,43,39,1,3,0,0
S01013172,35 to 49,156,104,85,19,52,35,1,5,9,2
S01013172,50 to 64,173,117,107,10,56,15,2,9,22,8
S01013172,65 to 74,77,47,47,0,30,7,0,2,8,13
S01013172,75 to 84,31,19,19,0,12,3,0,0,3,6
S01013172,85 and over,8,2,2,0,6,0,0,0,1,5
S01013173,All people aged 16 and over in households,658,384,318,66,274,177,4,21,36,36
S01013173,16 to 24,94,10,0,10,84,84,0,0,0,0
S01013173,25 to 34,96,55,25,30,41,37,0,4,0,0
S01013173,35 to 49,187,136,125,11,51,34,1,8,8,0
S01013173,50 to 64,188,130,118,12,58,13,2,9,20,14
S01013173,65 to 74,59,39,37,2,20,6,0,0,5,9
S01013173,75 to 84,31,14,13,1,17,3,0,0,3,11
S01013173,85 and over,3,0,0,0,3,0,1,0,0,2
S01013174,All people aged 16 and over in households,625,422,402,20,203,140,5,14,17,27
S01013174,16 to 24,91,2,1,1,89,88,1,0,0,0
S01013174,25 to 34,75,37,30,7,38,36,1,1,0,0
S01013174,35 to 49,220,192,184,8,28,7,1,10,9,1
S01013174,50 to 64,175,152,148,4,23,6,1,3,6,7
S01013174,65 to 74,39,26,26,0,13,3,1,0,1,8
S01013174,75 to 84,22,13,13,0,9,0,0,0,0,9
S01013174,85 and over,3,0,0,0,3,0,0,0,1,2
S01013175,All people aged 16 and over in households,659,440,380,60,219,132,3,22,22,40
S01013175,16 to 24,76,2,0,2,74,74,0,0,0,0
S01013175,25 to 34,70,46,22,24,24,22,1,1,0,0
S01013175,35 to 49,247,204,182,22,43,21,2,8,9,3
S01013175,50 to 64,165,128,117,11,37,12,0,11,8,6
S01013175,65 to 74,55,39,39,0,16,1,0,1,3,11
S01013175,75 to 84,38,18,18,0,20,2,0,1,2,15
S01013175,85 and over,8,3,2,1,5,0,0,0,0,5
S01013176,All people aged 16 and over in households,670,350,286,64,320,163,9,32,37,79
S01013176,16 to 24,69,4,1,3,65,63,1,1,0,0
S01013176,25 to 34,90,42,14,28,48,43,0,4,0,1
S01013176,35 to 49,140,81,66,15,59,35,2,14,6,2
S01013176,50 to 64,191,128,115,13,63,10,2,12,23,16
S01013176,65 to 74,93,58,57,1,35,5,3,1,4,22
S01013176,75 to 84,56,30,26,4,26,6,0,0,2,18
S01013176,85 and over,31,7,7,0,24,1,1,0,2,20
S01013177,All people aged 16 and over in households,532,310,264,46,222,149,3,10,23,37
S01013177,16 to 24,60,1,0,1,59,59,0,0,0,0
S01013177,25 to 34,92,47,27,20,45,45,0,0,0,0
S01013177,35 to 49,128,90,69,21,38,28,0,7,3,0
S01013177,50 to 64,145,109,106,3,36,8,3,1,12,12
S01013177,65 to 74,60,39,39,0,21,6,0,2,7,6
S01013177,75 to 84,37,22,22,0,15,1,0,0,1,13
S01013177,85 and over,10,2,1,1,8,2,0,0,0,6
S01013178,All people aged 16 and over in households,623,350,256,94,273,159,0,27,38,49
S01013178,16 to 24,77,9,0,9,68,68,0,0,0,0
S01013178,25 to 34,96,53,17,36,43,41,0,0,2,0
S01013178,35 to 49,155,103,73,30,52,34,0,7,10,1
S01013178,50 to 64,157,109,93,16,48,12,0,17,14,5
S01013178,65 to 74,90,57,54,3,33,2,0,2,12,17
S01013178,75 to 84,39,18,18,0,21,2,0,1,0,18
S01013178,85 and over,9,1,1,0,8,0,0,0,0,8
S01013179,All people aged 16 and over in households,698,396,350,46,302,192,2,18,35,55
S01013179,16 to 24,106,5,0,5,101,100,0,0,0,1
S01013179,25 to 34,86,34,24,10,52,48,1,2,1,0
S01013179,35 to 49,139,95,76,19,44,27,0,8,9,0
S01013179,50 to 64,229,178,171,7,51,9,1,8,22,11
S01013179,65 to 74,85,61,59,2,24,7,0,0,3,14
S01013179,75 to 84,46,22,19,3,24,1,0,0,0,23
S01013179,85 and over,7,1,1,0,6,0,0,0,0,6
S01013180,All people aged 16 and over in households,360,232,204,28,128,85,5,13,12,13
S01013180,16 to 24,57,5,0,5,52,51,0,1,0,0
S01013180,25 to 34,44,25,15,10,19,19,0,0,0,0
S01013180,35 to 49,113,90,78,12,23,10,2,7,3,1
S01013180,50 to 64,112,93,92,1,19,3,2,4,6,4
S01013180,65 to 74,28,17,17,0,11,1,1,1,2,6
S01013180,75 to 84,6,2,2,0,4,1,0,0,1,2
S01013180,85 and over,0,0,0,0,0,0,0,0,0,0
S01013181,All people aged 16 and over in households,611,376,328,48,235,125,6,15,29,60
S01013181,16 to 24,67,1,0,1,66,65,0,1,0,0
S01013181,25 to 34,55,32,20,12,23,21,0,2,0,0
S01013181,35 to 49,175,134,106,28,41,22,0,8,9,2
S01013181,50 to 64,181,141,135,6,40,13,3,4,16,4
S01013181,65 to 74,68,47,46,1,21,1,0,0,4,16
S01013181,75 to 84,51,20,20,0,31,3,2,0,0,26
S01013181,85 and over,14,1,1,0,13,0,1,0,0,12
S01013182,All people aged 16 and over in households,633,276,224,52,357,202,3,23,55,74
S01013182,16 to 24,78,7,0,7,71,71,0,0,0,0
S01013182,25 to 34,86,33,13,20,53,49,1,2,1,0
S01013182,35 to 49,134,83,69,14,51,27,0,9,15,0
S01013182,50 to 64,157,83,74,9,74,31,0,8,25,10
S01013182,65 to 74,81,41,39,2,40,7,1,4,8,20
S01013182,75 to 84,73,27,27,0,46,14,1,0,4,27
S01013182,85 and over,24,2,2,0,22,3,0,0,2,17
S01013183,All people aged 16 and over in households,706,470,432,38,236,156,3,9,37,31
S01013183,16 to 24,85,2,0,2,83,83,0,0,0,0
S01013183,25 to 34,87,43,31,12,44,41,0,1,2,0
S01013183,35 to 49,182,150,129,21,32,16,3,3,8,2
S01013183,50 to 64,239,199,196,3,40,11,0,4,21,4
S01013183,65 to 74,64,45,45,0,19,3,0,1,3,12
S01013183,75 to 84,46,30,30,0,16,2,0,0,3,11
S01013183,85 and over,3,1,1,0,2,0,0,0,0,2
S01013184,All people aged 16 and over in households,439,148,90,58,291,185,1,21,51,33
S01013184,16 to 24,78,4,1,3,74,74,0,0,0,0
S01013184,25 to 34,97,40,20,20,57,51,1,3,2,0
S01013184,35 to 49,122,46,20,26,76,48,0,5,22,1
S01013184,50 to 64,97,43,34,9,54,10,0,12,20,12
S01013184,65 to 74,22,9,9,0,13,0,0,1,6,6
S01013184,75 to 84,17,4,4,0,13,2,0,0,1,10
S01013184,85 and over,6,2,2,0,4,0,0,0,0,4
S01013185,All people aged 16 and over in households,618,290,206,84,328,180,5,24,60,59
S01013185,16 to 24,93,11,1,10,82,81,0,1,0,0
S01013185,25 to 34,102,55,21,34,47,44,1,2,0,0
S01013185,35 to 49,173,101,74,27,72,33,3,13,23,0
S01013185,50 to 64,127,65,55,10,62,16,1,8,25,12
S01013185,65 to 74,67,39,38,1,28,4,0,0,6,18
S01013185,75 to 84,39,18,16,2,21,0,0,0,6,15
S01013185,85 and over,17,1,1,0,16,2,0,0,0,14
S01013186,All people aged 16 and over in households,522,226,142,84,296,188,2,24,45,37
S01013186,16 to 24,115,17,3,14,98,96,1,0,1,0
S01013186,25 to 34,89,44,21,23,45,40,1,3,1,0
S01013186,35 to 49,138,78,47,31,60,33,0,12,13,2
S01013186,50 to 64,115,63,48,15,52,14,0,9,24,5
S01013186,65 to 74,39,19,18,1,20,3,0,0,5,12
S01013186,75 to 84,18,5,5,0,13,2,0,0,1,10
S01013186,85 and over,8,0,0,0,8,0,0,0,0,8
S01013187,All people aged 16 and over in households,659,300,202,98,359,211,9,29,56,54
S01013187,16 to 24,104,19,0,19,85,84,1,0,0,0
S01013187,25 to 34,136,75,26,49,61,57,3,1,0,0
S01013187,35 to 49,174,90,65,25,84,47,2,15,18,2
S01013187,50 to 64,133,66,61,5,67,18,3,10,30,6
S01013187,65 to 74,70,35,35,0,35,5,0,3,6,21
S01013187,75 to 84,37,15,15,0,22,0,0,0,2,20
S01013187,85 and over,5,0,0,0,5,0,0,0,0,5
S01013188,All people aged 16 and over in households,733,432,376,56,301,203,4,21,34,39
S01013188,16 to 24,112,5,0,5,107,107,0,0,0,0
S01013188,25 to 34,112,58,36,22,54,52,0,1,1,0
S01013188,35 to 49,199,144,126,18,55,28,2,13,11,1
S01013188,50 to 64,173,132,123,9,41,11,2,7,14,7
S01013188,65 to 74,79,63,61,2,16,1,0,0,6,9
S01013188,75 to 84,50,29,29,0,21,4,0,0,2,15
S01013188,85 and over,8,1,1,0,7,0,0,0,0,7
S01013189,All people aged 16 and over in households,524,320,290,30,204,138,2,9,16,39
S01013189,16 to 24,78,6,1,5,72,72,0,0,0,0
S01013189,25 to 34,52,26,17,9,26,25,0,1,0,0
S01013189,35 to 49,133,102,96,6,31,21,2,5,1,2
S01013189,50 to 64,142,115,109,6,27,14,0,2,11,0
S01013189,65 to 74,75,47,44,3,28,4,0,1,4,19
S01013189,75 to 84,35,21,20,1,14,2,0,0,0,12
S01013189,85 and over,9,3,3,0,6,0,0,0,0,6
S01013190,All people aged 16 and over in households,652,332,282,50,320,176,11,21,47,65
S01013190,16 to 24,87,7,2,5,80,80,0,0,0,0
S01013190,25 to 34,85,53,30,23,32,28,1,2,1,0
S01013190,35 to 49,200,137,120,17,63,36,3,8,12,4
S01013190,50 to 64,145,80,77,3,65,19,7,7,23,9
S01013190,65 to 74,79,40,39,1,39,10,0,4,10,15
S01013190,75 to 84,41,12,11,1,29,2,0,0,1,26
S01013190,85 and over,15,3,3,0,12,1,0,0,0,11
S01013191,All people aged 16 and over in households,834,590,524,66,244,169,3,11,24,37
S01013191,16 to 24,115,3,0,3,112,112,0,0,0,0
S01013191,25 to 34,88,59,48,11,29,27,1,1,0,0
S01013191,35 to 49,311,273,225,48,38,17,2,8,10,1
S01013191,50 to 64,214,189,185,4,25,8,0,1,10,6
S01013191,65 to 74,61,45,45,0,16,5,0,0,4,7
S01013191,75 to 84,36,17,17,0,19,0,0,0,0,19
S01013191,85 and over,9,4,4,0,5,0,0,1,0,4
S01013192,All people aged 16 and over in households,762,416,338,78,346,204,6,25,46,65
S01013192,16 to 24,104,10,3,7,94,94,0,0,0,0
S01013192,25 to 34,103,49,20,29,54,52,2,0,0,0
S01013192,35 to 49,176,127,102,25,49,25,3,13,8,0
S01013192,50 to 64,214,147,135,12,67,19,0,9,27,12
S01013192,65 to 74,87,55,50,5,32,9,0,2,6,15
S01013192,75 to 84,57,25,25,0,32,4,1,1,3,23
S01013192,85 and over,21,3,3,0,18,1,0,0,2,15
S01013193,All people aged 16 and over in households,557,280,212,68,277,159,1,24,50,43
S01013193,16 to 24,70,16,4,12,54,54,0,0,0,0
S01013193,25 to 34,100,47,22,25,53,51,0,2,0,0
S01013193,35 to 49,135,72,56,16,63,32,1,12,17,1
S01013193,50 to 64,141,90,78,12,51,15,0,8,24,4
S01013193,65 to 74,58,32,30,2,26,5,0,1,5,15
S01013193,75 to 84,45,23,22,1,22,1,0,1,4,16
S01013193,85 and over,8,0,0,0,8,1,0,0,0,7
S01013194,All people aged 16 and over in households,495,234,162,72,261,155,2,23,50,31
S01013194,16 to 24,67,20,1,19,47,47,0,0,0,0
S01013194,25 to 34,109,56,18,38,53,49,0,4,0,0
S01013194,35 to 49,144,63,49,14,81,44,0,14,22,1
S01013194,50 to 64,103,62,61,1,41,8,2,2,23,6
S01013194,65 to 74,48,22,22,0,26,6,0,2,4,14
S01013194,75 to 84,17,9,9,0,8,0,0,1,1,6
S01013194,85 and over,7,2,2,0,5,1,0,0,0,4
S01013195,All people aged 16 and over in households,877,362,228,134,515,318,3,35,73,86
S01013195,16 to 24,140,34,3,31,106,105,0,0,1,0
S01013195,25 to 34,169,97,34,63,72,70,1,0,1,0
S01013195,35 to 49,224,99,77,22,125,77,0,20,26,2
S01013195,50 to 64,160,74,59,15,86,40,1,10,33,2
S01013195,65 to 74,68,35,32,3,33,10,0,1,8,14
S01013195,75 to 84,81,21,21,0,60,14,0,3,4,39
S01013195,85 and over,35,2,2,0,33,2,1,1,0,29
S01013196,All people aged 16 and over in households,563,262,172,90,301,185,4,29,42,41
S01013196,16 to 24,56,14,0,14,42,42,0,0,0,0
S01013196,25 to 34,131,67,29,38,64,62,0,2,0,0
S01013196,35 to 49,147,73,49,24,74,47,1,10,15,1
S01013196,50 to 64,122,56,46,10,66,19,3,14,21,9
S01013196,65 to 74,48,31,28,3,17,3,0,3,5,6
S01013196,75 to 84,48,19,18,1,29,9,0,0,1,19
S01013196,85 and over,11,2,2,0,9,3,0,0,0,6
S01013197,All people aged 16 and over in households,480,266,246,20,214,109,1,18,30,56
S01013197,16 to 24,51,3,1,2,48,48,0,0,0,0
S01013197,25 to 34,38,14,10,4,24,23,0,1,0,0
S01013197,35 to 49,107,75,67,8,32,22,0,2,8,0
S01013197,50 to 64,143,108,103,5,35,10,0,8,13,4
S01013197,65 to 74,70,41,40,1,29,4,0,6,4,15
S01013197,75 to 84,55,24,24,0,31,1,1,1,5,23
S01013197,85 and over,16,1,1,0,15,1,0,0,0,14
S01013198,All people aged 16 and over in households,666,318,268,50,348,183,2,25,57,81
S01013198,16 to 24,86,9,0,9,77,77,0,0,0,0
S01013198,25 to 34,89,40,17,23,49,47,0,1,1,0
S01013198,35 to 49,137,75,68,7,62,34,0,13,15,0
S01013198,50 to 64,202,133,123,10,69,12,1,9,34,13
S01013198,65 to 74,73,35,34,1,38,8,0,2,3,25
S01013198,75 to 84,59,26,26,0,33,3,1,0,3,26
S01013198,85 and over,20,0,0,0,20,2,0,0,1,17
S01013199,All people aged 16 and over in households,806,398,344,54,408,197,5,28,66,112
S01013199,16 to 24,66,1,0,1,65,65,0,0,0,0
S01013199,25 to 34,103,51,28,23,52,47,1,3,1,0
S01013199,35 to 49,160,105,89,16,55,35,1,5,14,0
S01013199,50 to 64,241,162,150,12,79,19,1,17,32,10
S01013199,65 to 74,112,52,50,2,60,17,2,3,14,24
S01013199,75 to 84,94,25,25,0,69,11,0,0,4,54
S01013199,85 and over,30,2,2,0,28,3,0,0,1,24
S01013200,All people aged 16 and over in households,565,282,234,48,283,162,4,33,32,52
S01013200,16 to 24,78,7,1,6,71,68,2,1,0,0
S01013200,25 to 34,90,46,22,24,44,37,1,6,0,0
S01013200,35 to 49,146,84,70,14,62,37,0,12,10,3
S01013200,50 to 64,139,94,90,4,45,9,0,10,16,10
S01013200,65 to 74,74,40,40,0,34,7,1,4,6,16
S01013200,75 to 84,30,10,10,0,20,3,0,0,0,17
S01013200,85 and over,8,1,1,0,7,1,0,0,0,6
S01013201,All people aged 16 and over in households,600,198,156,42,402,241,2,31,79,49
S01013201,16 to 24,88,7,2,5,81,81,0,0,0,0
S01013201,25 to 34,93,27,7,20,66,62,0,3,1,0
S01013201,35 to 49,182,72,57,15,110,54,1,13,38,4
S01013201,50 to 64,137,54,52,2,83,31,0,12,32,8
S01013201,65 to 74,57,26,26,0,31,6,0,2,6,17
S01013201,75 to 84,38,10,10,0,28,7,0,1,2,18
S01013201,85 and over,5,2,2,0,3,0,1,0,0,2
S01013202,All people aged 16 and over in households,444,208,176,32,236,169,3,21,29,14
S01013202,16 to 24,92,6,2,4,86,85,0,1,0,0
S01013202,25 to 34,61,19,8,11,42,38,1,2,1,0
S01013202,35 to 49,119,60,48,12,59,31,1,10,16,1
S01013202,50 to 64,100,67,62,5,33,11,0,6,11,5
S01013202,65 to 74,48,40,40,0,8,2,1,2,0,3
S01013202,75 to 84,19,14,14,0,5,0,0,0,1,4
S01013202,85 and over,5,2,2,0,3,2,0,0,0,1
S01013203,All people aged 16 and over in households,576,266,194,72,310,178,1,24,53,54
S01013203,16 to 24,97,17,2,15,80,79,0,0,1,0
S01013203,25 to 34,79,45,22,23,34,30,1,3,0,0
S01013203,35 to 49,155,85,59,26,70,44,0,8,18,0
S01013203,50 to 64,152,82,76,6,70,19,0,11,28,12
S01013203,65 to 74,55,29,28,1,26,5,0,1,4,16
S01013203,75 to 84,22,3,3,0,19,1,0,1,2,15
S01013203,85 and over,16,5,4,1,11,0,0,0,0,11
S01013204,All people aged 16 and over in households,633,408,352,56,225,140,2,20,41,22
S01013204,16 to 24,80,6,3,3,74,72,1,1,0,0
S01013204,25 to 34,77,56,40,16,21,21,0,0,0,0
S01013204,35 to 49,245,178,153,25,67,37,0,12,18,0
S01013204,50 to 64,156,119,108,11,37,8,1,5,14,9
S01013204,65 to 74,52,38,37,1,14,1,0,1,6,6
S01013204,75 to 84,21,10,10,0,11,1,0,1,2,7
S01013204,85 and over,2,1,1,0,1,0,0,0,1,0
S01013205,All people aged 16 and over in households,463,210,150,60,253,171,3,20,35,24
S01013205,16 to 24,84,5,1,4,79,79,0,0,0,0
S01013205,25 to 34,88,34,9,25,54,46,1,4,3,0
S01013205,35 to 49,115,67,46,21,48,27,0,9,11,1
S01013205,50 to 64,111,69,59,10,42,16,1,4,17,4
S01013205,65 to 74,42,23,23,0,19,3,1,3,4,8
S01013205,75 to 84,18,12,12,0,6,0,0,0,0,6
S01013205,85 and over,5,0,0,0,5,0,0,0,0,5
S01013206,All people aged 16 and over in households,519,232,168,64,287,173,3,16,58,37
S01013206,16 to 24,81,8,1,7,73,72,0,1,0,0
S01013206,25 to 34,80,36,12,24,44,38,2,2,2,0
S01013206,35 to 49,139,73,52,21,66,43,1,3,18,1
S01013206,50 to 64,130,74,62,12,56,15,0,8,26,7
S01013206,65 to 74,59,33,33,0,26,3,0,2,10,11
S01013206,75 to 84,20,7,7,0,13,0,0,0,2,11
S01013206,85 and over,10,1,1,0,9,2,0,0,0,7
S01013207,All people aged 16 and over in households,643,314,246,68,329,187,4,28,65,45
S01013207,16 to 24,79,11,1,10,68,68,0,0,0,0
S01013207,25 to 34,102,45,24,21,57,53,1,1,2,0
S01013207,35 to 49,144,79,63,16,65,42,0,14,7,2
S01013207,50 to 64,184,116,99,17,68,16,3,7,33,9
S01013207,65 to 74,81,41,38,3,40,6,0,4,19,11
S01013207,75 to 84,37,18,17,1,19,2,0,2,2,13
S01013207,85 and over,16,4,4,0,12,0,0,0,2,10
S01013208,All people aged 16 and over in households,741,336,246,90,405,268,1,30,71,35
S01013208,16 to 24,121,8,0,8,113,113,0,0,0,0
S01013208,25 to 34,100,50,20,30,50,48,0,1,1,0
S01013208,35 to 49,238,130,104,26,108,69,1,12,20,6
S01013208,50 to 64,194,97,76,21,97,31,0,14,42,10
S01013208,65 to 74,64,42,37,5,22,4,0,2,7,9
S01013208,75 to 84,22,9,9,0,13,3,0,0,1,9
S01013208,85 and over,2,0,0,0,2,0,0,1,0,1
S01013209,All people aged 16 and over in households,708,348,260,88,360,201,4,30,71,54
S01013209,16 to 24,89,19,1,18,70,70,0,0,0,0
S01013209,25 to 34,91,43,17,26,48,46,1,1,0,0
S01013209,35 to 49,175,87,57,30,88,55,1,9,22,1
S01013209,50 to 64,182,114,105,9,68,10,2,15,33,8
S01013209,65 to 74,84,44,41,3,40,13,0,3,9,15
S01013209,75 to 84,68,35,34,1,33,5,0,2,6,20
S01013209,85 and over,19,6,5,1,13,2,0,0,1,10
S01013210,All people aged 16 and over in households,512,318,286,32,194,122,1,6,26,39
S01013210,16 to 24,68,2,1,1,66,66,0,0,0,0
S01013210,25 to 34,58,22,4,18,36,34,0,0,2,0
S01013210,35 to 49,122,93,81,12,29,19,0,3,7,0
S01013210,50 to 64,161,130,129,1,31,3,1,3,15,9
S01013210,65 to 74,66,49,49,0,17,0,0,0,2,15
S01013210,75 to 84,27,19,19,0,8,0,0,0,0,8
S01013210,85 and over,10,3,3,0,7,0,0,0,0,7
S01013211,All people aged 16 and over in households,733,404,312,92,329,183,2,31,55,58
S01013211,16 to 24,95,17,1,16,78,78,0,0,0,0
S01013211,25 to 34,110,59,20,39,51,48,0,2,1,0
S01013211,35 to 49,199,115,95,20,84,44,1,11,25,3
S01013211,50 to 64,202,149,134,15,53,10,0,16,18,9
S01013211,65 to 74,74,45,44,1,29,1,1,1,9,17
S01013211,75 to 84,40,15,14,1,25,1,0,1,1,22
S01013211,85 and over,13,4,4,0,9,1,0,0,1,7
S01013212,All people aged 16 and over in households,473,310,284,26,163,127,3,9,16,8
S01013212,16 to 24,109,2,1,1,107,107,0,0,0,0
S01013212,25 to 34,36,24,22,2,12,11,0,0,1,0
S01013212,35 to 49,157,133,121,12,24,7,3,8,5,1
S01013212,50 to 64,153,138,127,11,15,2,0,1,9,3
S01013212,65 to 74,13,11,11,0,2,0,0,0,1,1
S01013212,75 to 84,5,2,2,0,3,0,0,0,0,3
S01013212,85 and over,0,0,0,0,0,0,0,0,0,0
S01013213,All people aged 16 and over in households,459,318,276,42,141,108,5,7,12,9
S01013213,16 to 24,87,2,1,1,85,85,0,0,0,0
S01013213,25 to 34,38,25,18,7,13,10,2,1,0,0
S01013213,35 to 49,154,134,111,23,20,7,1,6,6,0
S01013213,50 to 64,141,128,119,9,13,5,0,0,5,3
S01013213,65 to 74,29,23,22,1,6,1,1,0,1,3
S01013213,75 to 84,10,6,5,1,4,0,1,0,0,3
S01013213,85 and over,0,0,0,0,0,0,0,0,0,0
S01013214,All people aged 16 and over in households,348,240,204,36,108,75,4,4,12,13
S01013214,16 to 24,52,2,0,2,50,50,0,0,0,0
S01013214,25 to 34,52,36,21,15,16,13,2,1,0,0
S01013214,35 to 49,138,119,107,12,19,7,1,3,8,0
S01013214,50 to 64,78,65,58,7,13,4,1,0,3,5
S01013214,65 to 74,19,16,16,0,3,0,0,0,0,3
S01013214,75 to 84,9,2,2,0,7,1,0,0,1,5
S01013214,85 and over,0,0,0,0,0,0,0,0,0,0
S01013215,All people aged 16 and over in households,650,360,282,78,290,175,7,28,50,30
S01013215,16 to 24,96,19,2,17,77,77,0,0,0,0
S01013215,25 to 34,115,72,35,37,43,38,0,2,3,0
S01013215,35 to 49,186,99,85,14,87,54,4,12,15,2
S01013215,50 to 64,176,119,111,8,57,6,1,12,29,9
S01013215,65 to 74,63,45,43,2,18,0,1,1,2,14
S01013215,75 to 84,13,6,6,0,7,0,1,1,1,4
S01013215,85 and over,1,0,0,0,1,0,0,0,0,1
S01013216,All people aged 16 and over in households,442,216,158,58,226,144,3,16,42,21
S01013216,16 to 24,78,9,1,8,69,69,0,0,0,0
S01013216,25 to 34,87,52,27,25,35,28,0,4,3,0
S01013216,35 to 49,119,60,48,12,59,39,2,5,11,2
S01013216,50 to 64,121,76,64,12,45,7,1,6,23,8
S01013216,65 to 74,27,15,14,1,12,1,0,1,5,5
S01013216,75 to 84,7,4,4,0,3,0,0,0,0,3
S01013216,85 and over,3,0,0,0,3,0,0,0,0,3
S01013217,All people aged 16 and over in households,542,310,272,38,232,150,4,14,32,32
S01013217,16 to 24,83,6,2,4,77,77,0,0,0,0
S01013217,25 to 34,92,49,34,15,43,39,2,0,2,0
S01013217,35 to 49,138,90,80,10,48,27,0,9,9,3
S01013217,50 to 64,152,113,104,9,39,7,1,5,19,7
S01013217,65 to 74,56,40,40,0,16,0,1,0,2,13
S01013217,75 to 84,19,12,12,0,7,0,0,0,0,7
S01013217,85 and over,2,0,0,0,2,0,0,0,0,2
S01013218,All people aged 16 and over in households,455,220,152,68,235,162,2,13,37,21
S01013218,16 to 24,81,11,0,11,70,70,0,0,0,0
S01013218,25 to 34,94,42,14,28,52,46,1,3,2,0
S01013218,35 to 49,116,58,40,18,58,34,0,4,19,1
S01013218,50 to 64,109,73,65,8,36,10,1,5,13,7
S01013218,65 to 74,45,30,27,3,15,2,0,1,3,9
S01013218,75 to 84,10,6,6,0,4,0,0,0,0,4
S01013218,85 and over,0,0,0,0,0,0,0,0,0,0
S01013219,All people aged 16 and over in households,424,224,168,56,200,138,1,16,30,15
S01013219,16 to 24,64,3,2,1,61,61,0,0,0,0
S01013219,25 to 34,77,31,16,15,46,44,0,2,0,0
S01013219,35 to 49,101,61,39,22,40,25,0,6,7,2
S01013219,50 to 64,132,99,85,14,33,7,0,5,17,4
S01013219,65 to 74,31,19,16,3,12,1,1,3,3,4
S01013219,75 to 84,16,11,10,1,5,0,0,0,3,2
S01013219,85 and over,3,0,0,0,3,0,0,0,0,3
S01013220,All people aged 16 and over in households,524,228,186,42,296,179,6,22,57,32
S01013220,16 to 24,94,9,2,7,85,85,0,0,0,0
S01013220,25 to 34,67,32,17,15,35,32,0,2,1,0
S01013220,35 to 49,153,68,56,12,85,48,2,12,23,0
S01013220,50 to 64,97,64,59,5,33,9,1,3,16,4
S01013220,65 to 74,80,44,42,2,36,3,0,4,16,13
S01013220,75 to 84,26,11,10,1,15,0,3,1,1,10
S01013220,85 and over,7,0,0,0,7,2,0,0,0,5
S01013221,All people aged 16 and over in households,721,378,302,76,343,200,11,25,69,38
S01013221,16 to 24,106,9,0,9,97,97,0,0,0,0
S01013221,25 to 34,101,53,27,26,48,47,1,0,0,0
S01013221,35 to 49,199,121,94,27,78,35,2,8,31,2
S01013221,50 to 64,179,109,98,11,70,17,4,14,28,7
S01013221,65 to 74,92,62,61,1,30,4,2,3,9,12
S01013221,75 to 84,39,22,20,2,17,0,2,0,1,14
S01013221,85 and over,5,2,2,0,3,0,0,0,0,3
S01013222,All people aged 16 and over in households,477,186,134,52,291,155,3,21,56,56
S01013222,16 to 24,70,8,0,8,62,62,0,0,0,0
S01013222,25 to 34,59,32,14,18,27,23,0,1,2,1
S01013222,35 to 49,124,57,45,12,67,39,2,5,16,5
S01013222,50 to 64,122,53,47,6,69,25,1,10,24,9
S01013222,65 to 74,58,24,20,4,34,3,0,4,10,17
S01013222,75 to 84,36,12,8,4,24,2,0,1,3,18
S01013222,85 and over,8,0,0,0,8,1,0,0,1,6
S01013223,All people aged 16 and over in households,928,396,302,94,532,258,11,39,84,140
S01013223,16 to 24,118,31,4,27,87,85,0,2,0,0
S01013223,25 to 34,154,77,39,38,77,76,0,0,1,0
S01013223,35 to 49,224,125,109,16,99,55,4,16,23,1
S01013223,50 to 64,170,81,73,8,89,27,4,14,32,12
S01013223,65 to 74,109,50,45,5,59,6,1,4,16,32
S01013223,75 to 84,101,28,28,0,73,7,1,3,11,51
S01013223,85 and over,52,4,4,0,48,2,1,0,1,44
S01013224,All people aged 16 and over in households,674,346,284,62,328,199,3,24,58,44
S01013224,16 to 24,105,12,3,9,93,93,0,0,0,0
S01013224,25 to 34,97,53,26,27,44,43,0,0,1,0
S01013224,35 to 49,196,113,96,17,83,46,0,15,21,1
S01013224,50 to 64,188,129,122,7,59,14,3,9,21,12
S01013224,65 to 74,52,30,30,0,22,2,0,0,9,11
S01013224,75 to 84,30,9,7,2,21,1,0,0,5,15
S01013224,85 and over,6,0,0,0,6,0,0,0,1,5
S01013225,All people aged 16 and over in households,620,290,228,62,330,204,7,28,51,40
S01013225,16 to 24,98,7,1,6,91,91,0,0,0,0
S01013225,25 to 34,92,35,19,16,57,52,2,3,0,0
S01013225,35 to 49,179,97,74,23,82,37,2,19,22,2
S01013225,50 to 64,155,106,92,14,49,13,1,4,21,10
S01013225,65 to 74,65,39,36,3,26,7,1,2,4,12
S01013225,75 to 84,24,6,6,0,18,3,0,0,3,12
S01013225,85 and over,7,0,0,0,7,1,1,0,1,4
S01013226,All people aged 16 and over in households,400,258,222,36,142,89,0,20,22,11
S01013226,16 to 24,48,3,0,3,45,45,0,0,0,0
S01013226,25 to 34,72,51,35,16,21,17,0,4,0,0
S01013226,35 to 49,137,98,88,10,39,19,0,9,9,2
S01013226,50 to 64,105,80,73,7,25,6,0,6,12,1
S01013226,65 to 74,24,21,21,0,3,1,0,0,0,2
S01013226,75 to 84,13,5,5,0,8,1,0,1,1,5
S01013226,85 and over,1,0,0,0,1,0,0,0,0,1
S01013227,All people aged 16 and over in households,564,230,178,52,334,191,6,16,57,64
S01013227,16 to 24,76,7,0,7,69,69,0,0,0,0
S01013227,25 to 34,88,32,13,19,56,51,2,2,1,0
S01013227,35 to 49,150,82,63,19,68,49,1,9,8,1
S01013227,50 to 64,124,65,60,5,59,18,2,3,28,8
S01013227,65 to 74,69,28,27,1,41,4,0,2,13,22
S01013227,75 to 84,49,16,15,1,33,0,1,0,6,26
S01013227,85 and over,8,0,0,0,8,0,0,0,1,7
S01013228,All people aged 16 and over in households,597,244,196,48,353,215,7,26,63,42
S01013228,16 to 24,78,10,1,9,68,66,2,0,0,0
S01013228,25 to 34,124,51,32,19,73,69,1,3,0,0
S01013228,35 to 49,162,70,58,12,92,60,1,10,19,2
S01013228,50 to 64,146,76,69,7,70,14,2,8,36,10
S01013228,65 to 74,62,32,31,1,30,2,1,5,7,15
S01013228,75 to 84,16,5,5,0,11,2,0,0,1,8
S01013228,85 and over,9,0,0,0,9,2,0,0,0,7
S01013229,All people aged 16 and over in households,620,286,220,66,334,198,2,23,56,55
S01013229,16 to 24,84,13,0,13,71,70,0,0,1,0
S01013229,25 to 34,100,42,19,23,58,56,1,1,0,0
S01013229,35 to 49,162,91,78,13,71,40,1,10,19,1
S01013229,50 to 64,157,91,80,11,66,21,0,6,27,12
S01013229,65 to 74,77,37,31,6,40,9,0,6,6,19
S01013229,75 to 84,32,11,11,0,21,1,0,0,3,17
S01013229,85 and over,8,1,1,0,7,1,0,0,0,6
S01013230,All people aged 16 and over in households,563,296,236,60,267,143,1,23,40,60
S01013230,16 to 24,55,8,0,8,47,47,0,0,0,0
S01013230,25 to 34,67,31,11,20,36,33,0,2,1,0
S01013230,35 to 49,121,74,55,19,47,29,1,9,8,0
S01013230,50 to 64,144,92,85,7,52,20,0,6,17,9
S01013230,65 to 74,92,56,52,4,36,5,0,5,13,13
S01013230,75 to 84,69,35,33,2,34,6,0,1,1,26
S01013230,85 and over,15,0,0,0,15,3,0,0,0,12
S01013231,All people aged 16 and over in households,622,310,244,66,312,166,3,18,64,61
S01013231,16 to 24,83,12,2,10,71,70,0,0,1,0
S01013231,25 to 34,80,44,22,22,36,30,1,5,0,0
S01013231,35 to 49,156,107,84,23,49,31,0,4,14,0
S01013231,50 to 64,174,100,89,11,74,24,1,6,31,12
S01013231,65 to 74,66,33,33,0,33,7,0,3,10,13
S01013231,75 to 84,56,14,14,0,42,3,1,0,8,30
S01013231,85 and over,7,0,0,0,7,1,0,0,0,6
S01013232,All people aged 16 and over in households,603,296,246,50,307,174,2,18,49,64
S01013232,16 to 24,69,2,0,2,67,66,0,0,0,1
S01013232,25 to 34,85,36,23,13,49,46,0,2,1,0
S01013232,35 to 49,126,70,52,18,56,30,0,9,16,1
S01013232,50 to 64,160,115,102,13,45,17,0,5,16,7
S01013232,65 to 74,87,47,45,2,40,7,2,2,9,20
S01013232,75 to 84,63,26,24,2,37,7,0,0,5,25
S01013232,85 and over,13,0,0,0,13,1,0,0,2,10
S01013233,All people aged 16 and over in households,510,298,260,38,212,132,5,11,24,40
S01013233,16 to 24,60,1,0,1,59,59,0,0,0,0
S01013233,25 to 34,48,15,3,12,33,30,3,0,0,0
S01013233,35 to 49,99,70,56,14,29,16,0,5,8,0
S01013233,50 to 64,169,139,131,8,30,12,1,4,9,4
S01013233,65 to 74,59,39,36,3,20,4,0,1,5,10
S01013233,75 to 84,64,32,32,0,32,6,1,1,2,22
S01013233,85 and over,11,2,2,0,9,5,0,0,0,4
S01013234,All people aged 16 and over in households,311,218,196,22,93,64,3,3,16,7
S01013234,16 to 24,46,0,0,0,46,46,0,0,0,0
S01013234,25 to 34,26,12,9,3,14,13,1,0,0,0
S01013234,35 to 49,102,93,80,13,9,3,0,1,5,0
S01013234,50 to 64,102,89,83,6,13,2,0,2,8,1
S01013234,65 to 74,27,17,17,0,10,0,1,0,3,6
S01013234,75 to 84,8,7,7,0,1,0,1,0,0,0
S01013234,85 and over,0,0,0,0,0,0,0,0,0,0
S01013235,All people aged 16 and over in households,673,356,284,72,317,175,5,16,48,73
S01013235,16 to 24,82,10,1,9,72,72,0,0,0,0
S01013235,25 to 34,81,48,23,25,33,30,1,2,0,0
S01013235,35 to 49,177,108,82,26,69,47,2,7,13,0
S01013235,50 to 64,170,113,102,11,57,18,1,4,23,11
S01013235,65 to 74,94,59,58,1,35,3,1,1,10,20
S01013235,75 to 84,55,17,17,0,38,4,0,2,2,30
S01013235,85 and over,14,1,1,0,13,1,0,0,0,12
S01013236,All people aged 16 and over in households,758,502,446,56,256,163,5,5,28,55
S01013236,16 to 24,70,5,1,4,65,65,0,0,0,0
S01013236,25 to 34,70,26,18,8,44,43,1,0,0,0
S01013236,35 to 49,180,132,99,33,48,31,3,3,10,1
S01013236,50 to 64,219,169,158,11,50,15,1,2,16,16
S01013236,65 to 74,131,111,111,0,20,6,0,0,2,12
S01013236,75 to 84,76,57,57,0,19,3,0,0,0,16
S01013236,85 and over,12,2,2,0,10,0,0,0,0,10
S01013237,All people aged 16 and over in households,647,360,296,64,287,190,8,18,36,35
S01013237,16 to 24,92,5,1,4,87,87,0,0,0,0
S01013237,25 to 34,113,64,35,29,49,47,1,0,1,0
S01013237,35 to 49,221,147,127,20,74,42,1,12,17,2
S01013237,50 to 64,140,103,95,8,37,10,2,4,16,5
S01013237,65 to 74,50,32,30,2,18,3,2,1,1,11
S01013237,75 to 84,23,7,6,1,16,1,0,1,0,14
S01013237,85 and over,8,2,2,0,6,0,2,0,1,3
S01013238,All people aged 16 and over in households,627,240,186,54,387,216,7,29,77,58
S01013238,16 to 24,92,7,0,7,85,84,0,0,1,0
S01013238,25 to 34,94,51,21,30,43,38,0,2,3,0
S01013238,35 to 49,165,73,63,10,92,60,2,13,16,1
S01013238,50 to 64,152,63,56,7,89,24,2,12,43,8
S01013238,65 to 74,60,24,24,0,36,4,2,2,13,15
S01013238,75 to 84,47,16,16,0,31,6,0,0,1,24
S01013238,85 and over,17,6,6,0,11,0,1,0,0,10
S01013239,All people aged 16 and over in households,709,316,226,90,393,236,5,23,59,70
S01013239,16 to 24,105,12,0,12,93,93,0,0,0,0
S01013239,25 to 34,107,61,31,30,46,44,0,2,0,0
S01013239,35 to 49,205,102,63,39,103,63,4,11,23,2
S01013239,50 to 64,168,84,75,9,84,30,1,8,24,21
S01013239,65 to 74,75,40,40,0,35,4,0,1,10,20
S01013239,75 to 84,39,13,13,0,26,2,0,1,2,21
S01013239,85 and over,10,4,4,0,6,0,0,0,0,6
S01013240,All people aged 16 and over in households,433,164,114,50,269,159,2,21,60,27
S01013240,16 to 24,79,10,2,8,69,69,0,0,0,0
S01013240,25 to 34,72,29,13,16,43,36,2,4,1,0
S01013240,35 to 49,117,44,23,21,73,34,0,12,23,4
S01013240,50 to 64,101,48,43,5,53,17,0,3,30,3
S01013240,65 to 74,34,22,22,0,12,1,0,2,5,4
S01013240,75 to 84,20,10,10,0,10,1,0,0,1,8
S01013240,85 and over,10,1,1,0,9,1,0,0,0,8
S01013241,All people aged 16 and over in households,715,512,468,44,203,129,7,7,16,44
S01013241,16 to 24,86,2,0,2,84,84,0,0,0,0
S01013241,25 to 34,49,29,22,7,20,18,1,1,0,0
S01013241,35 to 49,174,156,134,22,18,10,1,2,4,1
S01013241,50 to 64,255,222,209,13,33,9,1,3,11,9
S01013241,65 to 74,100,74,74,0,26,5,2,1,1,17
S01013241,75 to 84,42,26,26,0,16,2,2,0,0,12
S01013241,85 and over,9,3,3,0,6,1,0,0,0,5
S01013242,All people aged 16 and over in households,496,328,294,34,168,108,4,3,15,38
S01013242,16 to 24,61,5,3,2,56,56,0,0,0,0
S01013242,25 to 34,43,23,18,5,20,20,0,0,0,0
S01013242,35 to 49,113,93,82,11,20,13,2,1,3,1
S01013242,50 to 64,153,136,124,12,17,6,0,1,7,3
S01013242,65 to 74,69,46,42,4,23,7,1,1,4,10
S01013242,75 to 84,43,23,23,0,20,3,1,0,1,15
S01013242,85 and over,14,2,2,0,12,3,0,0,0,9
S01013243,All people aged 16 and over in households,600,356,282,74,244,150,3,18,33,40
S01013243,16 to 24,77,11,1,10,66,66,0,0,0,0
S01013243,25 to 34,94,46,19,27,48,42,0,4,2,0
S01013243,35 to 49,168,115,90,25,53,33,3,8,9,0
S01013243,50 to 64,163,120,111,9,43,7,0,4,21,11
S01013243,65 to 74,67,50,49,1,17,0,0,2,1,14
S01013243,75 to 84,28,13,11,2,15,2,0,0,0,13
S01013243,85 and over,3,1,1,0,2,0,0,0,0,2
S01013244,All people aged 16 and over in households,617,302,260,42,315,177,3,18,54,63
S01013244,16 to 24,76,3,0,3,73,72,0,0,1,0
S01013244,25 to 34,80,27,10,17,53,51,0,2,0,0
S01013244,35 to 49,128,81,69,12,47,20,2,7,14,4
S01013244,50 to 64,157,101,92,9,56,20,0,5,23,8
S01013244,65 to 74,103,58,57,1,45,8,1,3,14,19
S01013244,75 to 84,55,31,31,0,24,4,0,1,2,17
S01013244,85 and over,18,1,1,0,17,2,0,0,0,15
S01013245,All people aged 16 and over in households,797,524,446,78,273,162,2,18,39,52
S01013245,16 to 24,99,18,5,13,81,81,0,0,0,0
S01013245,25 to 34,114,67,39,28,47,43,0,3,1,0
S01013245,35 to 49,262,211,185,26,51,24,0,9,17,1
S01013245,50 to 64,178,143,137,6,35,4,1,3,15,12
S01013245,65 to 74,100,67,64,3,33,7,0,3,5,18
S01013245,75 to 84,36,17,16,1,19,2,1,0,1,15
S01013245,85 and over,8,1,0,1,7,1,0,0,0,6
S01013246,All people aged 16 and over in households,366,226,186,40,140,83,3,16,14,24
S01013246,16 to 24,49,6,0,6,43,43,0,0,0,0
S01013246,25 to 34,50,28,14,14,22,20,0,1,1,0
S01013246,35 to 49,116,89,74,15,27,12,1,8,5,1
S01013246,50 to 64,99,79,75,4,20,3,2,7,5,3
S01013246,65 to 74,31,17,16,1,14,4,0,0,3,7
S01013246,75 to 84,18,6,6,0,12,1,0,0,0,11
S01013246,85 and over,3,1,1,0,2,0,0,0,0,2
S01013247,All people aged 16 and over in households,579,290,198,92,289,163,2,22,62,40
S01013247,16 to 24,105,28,9,19,77,75,0,0,2,0
S01013247,25 to 34,94,45,15,30,49,48,0,1,0,0
S01013247,35 to 49,175,102,68,34,73,28,1,16,27,1
S01013247,50 to 64,120,71,64,7,49,9,0,3,26,11
S01013247,65 to 74,57,34,32,2,23,1,0,2,7,13
S01013247,75 to 84,21,10,10,0,11,2,0,0,0,9
S01013247,85 and over,7,0,0,0,7,0,1,0,0,6
S01013248,All people aged 16 and over in households,511,234,170,64,277,157,4,26,39,51
S01013248,16 to 24,77,10,1,9,67,67,0,0,0,0
S01013248,25 to 34,85,38,12,26,47,41,0,2,4,0
S01013248,35 to 49,134,67,46,21,67,32,4,17,14,0
S01013248,50 to 64,114,69,62,7,45,15,0,4,18,8
S01013248,65 to 74,61,34,33,1,27,0,0,0,2,25
S01013248,75 to 84,32,14,14,0,18,2,0,2,1,13
S01013248,85 and over,8,2,2,0,6,0,0,1,0,5
S01013249,All people aged 16 and over in households,375,230,196,34,145,89,1,8,21,26
S01013249,16 to 24,42,4,1,3,38,37,0,1,0,0
S01013249,25 to 34,43,22,12,10,21,18,1,2,0,0
S01013249,35 to 49,121,85,70,15,36,21,0,3,12,0
S01013249,50 to 64,99,74,68,6,25,9,0,2,4,10
S01013249,65 to 74,32,22,22,0,10,3,0,0,4,3
S01013249,75 to 84,35,22,22,0,13,1,0,0,1,11
S01013249,85 and over,3,1,1,0,2,0,0,0,0,2
S01013250,All people aged 16 and over in households,705,462,390,72,243,167,1,21,24,30
S01013250,16 to 24,102,9,0,9,93,90,0,3,0,0
S01013250,25 to 34,87,41,28,13,46,44,0,2,0,0
S01013250,35 to 49,195,164,135,29,31,16,0,7,7,1
S01013250,50 to 64,208,173,153,20,35,9,1,6,13,6
S01013250,65 to 74,76,54,53,1,22,5,0,2,3,12
S01013250,75 to 84,27,18,18,0,9,3,0,1,0,5
S01013250,85 and over,10,3,3,0,7,0,0,0,1,6
S01013251,All people aged 16 and over in households,558,314,230,84,244,153,6,17,40,28
S01013251,16 to 24,78,17,5,12,61,61,0,0,0,0
S01013251,25 to 34,133,82,38,44,51,39,3,8,1,0
S01013251,35 to 49,161,107,84,23,54,30,1,7,16,0
S01013251,50 to 64,114,70,66,4,44,14,2,2,19,7
S01013251,65 to 74,45,27,26,1,18,5,0,0,2,11
S01013251,75 to 84,26,11,11,0,15,4,0,0,2,9
S01013251,85 and over,1,0,0,0,1,0,0,0,0,1
S01013252,All people aged 16 and over in households,546,316,256,60,230,158,0,13,26,33
S01013252,16 to 24,72,10,5,5,62,62,0,0,0,0
S01013252,25 to 34,84,33,19,14,51,49,0,2,0,0
S01013252,35 to 49,142,98,76,22,44,27,0,8,8,1
S01013252,50 to 64,157,117,104,13,40,17,0,3,11,9
S01013252,65 to 74,66,45,39,6,21,3,0,0,6,12
S01013252,75 to 84,21,13,13,0,8,0,0,0,1,7
S01013252,85 and over,4,0,0,0,4,0,0,0,0,4
S01013253,All people aged 16 and over in households,585,358,290,68,227,137,1,10,33,46
S01013253,16 to 24,75,11,2,9,64,64,0,0,0,0
S01013253,25 to 34,95,61,28,33,34,33,0,1,0,0
S01013253,35 to 49,140,99,79,20,41,24,0,5,11,1
S01013253,50 to 64,146,108,102,6,38,8,0,3,17,10
S01013253,65 to 74,81,58,58,0,23,4,0,1,4,14
S01013253,75 to 84,31,16,16,0,15,3,1,0,1,10
S01013253,85 and over,17,5,5,0,12,1,0,0,0,11
S01013254,All people aged 16 and over in households,499,256,196,60,243,148,0,18,35,42
S01013254,16 to 24,69,18,3,15,51,51,0,0,0,0
S01013254,25 to 34,101,43,28,15,58,50,0,7,1,0
S01013254,35 to 49,114,65,48,17,49,28,0,5,15,1
S01013254,50 to 64,118,85,75,10,33,14,0,4,8,7
S01013254,65 to 74,67,38,36,2,29,3,0,1,8,17
S01013254,75 to 84,25,5,4,1,20,2,0,1,3,14
S01013254,85 and over,5,2,2,0,3,0,0,0,0,3
S01013255,All people aged 16 and over in households,684,416,346,70,268,168,4,21,36,39
S01013255,16 to 24,99,7,1,6,92,92,0,0,0,0
S01013255,25 to 34,77,39,19,20,38,30,1,7,0,0
S01013255,35 to 49,188,138,116,22,50,29,1,6,10,4
S01013255,50 to 64,184,145,131,14,39,11,1,6,17,4
S01013255,65 to 74,94,65,59,6,29,5,0,2,8,14
S01013255,75 to 84,28,16,14,2,12,1,1,0,1,9
S01013255,85 and over,14,6,6,0,8,0,0,0,0,8
S01013256,All people aged 16 and over in households,560,342,286,56,218,121,2,16,37,42
S01013256,16 to 24,58,5,1,4,53,53,0,0,0,0
S01013256,25 to 34,79,54,33,21,25,25,0,0,0,0
S01013256,35 to 49,176,132,109,23,44,26,1,7,9,1
S01013256,50 to 64,124,82,75,7,42,12,0,5,22,3
S01013256,65 to 74,59,43,42,1,16,2,1,2,2,9
S01013256,75 to 84,51,21,21,0,30,3,0,0,4,23
S01013256,85 and over,13,5,5,0,8,0,0,2,0,6
S01013257,All people aged 16 and over in households,696,388,308,80,308,146,10,22,43,87
S01013257,16 to 24,81,15,4,11,66,66,0,0,0,0
S01013257,25 to 34,96,65,23,42,31,29,1,0,1,0
S01013257,35 to 49,152,102,79,23,50,25,1,12,10,2
S01013257,50 to 64,157,112,109,3,45,13,3,7,17,5
S01013257,65 to 74,88,50,49,1,38,1,1,3,9,24
S01013257,75 to 84,87,37,37,0,50,8,3,0,5,34
S01013257,85 and over,35,7,7,0,28,4,1,0,1,22
S01013258,All people aged 16 and over in households,631,437,380,57,194,116,7,16,17,38
S01013258,16 to 24,72,8,0,8,64,64,0,0,0,0
S01013258,25 to 34,72,41,21,20,31,28,1,1,1,0
S01013258,35 to 49,139,114,99,15,25,10,0,7,6,2
S01013258,50 to 64,226,193,179,14,33,9,5,7,6,6
S01013258,65 to 74,72,54,54,0,18,2,0,1,4,11
S01013258,75 to 84,38,24,24,0,14,2,1,0,0,11
S01013258,85 and over,12,3,3,0,9,1,0,0,0,8
S01013259,All people aged 16 and over in households,678,385,318,67,293,176,1,22,44,50
S01013259,16 to 24,92,15,0,15,77,77,0,0,0,0
S01013259,25 to 34,93,39,20,19,54,48,0,4,2,0
S01013259,35 to 49,181,109,94,15,72,31,1,14,22,4
S01013259,50 to 64,164,126,113,13,38,13,0,4,14,7
S01013259,65 to 74,92,67,64,3,25,3,0,0,4,18
S01013259,75 to 84,47,27,25,2,20,2,0,0,2,16
S01013259,85 and over,9,2,2,0,7,2,0,0,0,5
S01013260,All people aged 16 and over in households,677,368,274,94,309,202,1,17,49,40
S01013260,16 to 24,112,12,4,8,100,100,0,0,0,0
S01013260,25 to 34,105,58,26,32,47,44,1,1,1,0
S01013260,35 to 49,190,117,90,27,73,38,0,8,24,3
S01013260,50 to 64,169,121,98,23,48,15,0,8,17,8
S01013260,65 to 74,57,40,36,4,17,3,0,0,7,7
S01013260,75 to 84,32,16,16,0,16,0,0,0,0,16
S01013260,85 and over,12,4,4,0,8,2,0,0,0,6
S01013261,All people aged 16 and over in households,622,348,262,86,274,147,1,34,45,47
S01013261,16 to 24,85,16,3,13,69,67,0,2,0,0
S01013261,25 to 34,99,61,21,40,38,34,0,3,0,1
S01013261,35 to 49,197,130,103,27,67,26,0,21,18,2
S01013261,50 to 64,137,98,93,5,39,10,0,7,19,3
S01013261,65 to 74,57,30,30,0,27,6,0,1,6,14
S01013261,75 to 84,36,13,12,1,23,3,1,0,1,18
S01013261,85 and over,11,0,0,0,11,1,0,0,1,9
S01013262,All people aged 16 and over in households,529,304,248,56,225,125,3,17,37,43
S01013262,16 to 24,81,6,1,5,75,75,0,0,0,0
S01013262,25 to 34,59,33,16,17,26,22,0,2,2,0
S01013262,35 to 49,163,116,86,30,47,20,2,6,16,3
S01013262,50 to 64,124,89,85,4,35,4,0,7,16,8
S01013262,65 to 74,58,41,41,0,17,3,0,1,2,11
S01013262,75 to 84,41,19,19,0,22,1,1,1,1,18
S01013262,85 and over,3,0,0,0,3,0,0,0,0,3
S01013263,All people aged 16 and over in households,407,306,276,30,101,59,2,10,10,20
S01013263,16 to 24,44,4,0,4,40,39,0,0,1,0
S01013263,25 to 34,33,19,15,4,14,10,0,4,0,0
S01013263,35 to 49,155,141,125,16,14,4,1,5,3,1
S01013263,50 to 64,123,112,107,5,11,3,1,1,5,1
S01013263,65 to 74,33,22,22,0,11,2,0,0,1,8
S01013263,75 to 84,17,8,7,1,9,0,0,0,0,9
S01013263,85 and over,2,0,0,0,2,1,0,0,0,1
S01013264,All people aged 16 and over in households,381,286,266,20,95,74,2,5,9,5
S01013264,16 to 24,62,3,0,3,59,59,0,0,0,0
S01013264,25 to 34,35,22,16,6,13,11,2,0,0,0
S01013264,35 to 49,167,155,145,10,12,3,0,4,4,1
S01013264,50 to 64,93,86,85,1,7,1,0,1,3,2
S01013264,65 to 74,15,14,14,0,1,0,0,0,1,0
S01013264,75 to 84,8,5,5,0,3,0,0,0,1,2
S01013264,85 and over,1,1,1,0,0,0,0,0,0,0
S01013265,All people aged 16 and over in households,485,360,332,28,125,102,4,3,12,4
S01013265,16 to 24,85,0,0,0,85,85,0,0,0,0
S01013265,25 to 34,29,17,13,4,12,10,2,0,0,0
S01013265,35 to 49,238,221,206,15,17,3,2,3,9,0
S01013265,50 to 64,111,105,96,9,6,4,0,0,2,0
S01013265,65 to 74,15,13,13,0,2,0,0,0,1,1
S01013265,75 to 84,6,4,4,0,2,0,0,0,0,2
S01013265,85 and over,1,0,0,0,1,0,0,0,0,1
S01013266,All people aged 16 and over in households,425,312,268,44,113,84,2,3,17,7
S01013266,16 to 24,55,0,0,0,55,55,0,0,0,0
S01013266,25 to 34,47,28,15,13,19,17,0,1,1,0
S01013266,35 to 49,195,175,157,18,20,8,1,0,11,0
S01013266,50 to 64,97,86,75,11,11,4,1,1,4,1
S01013266,65 to 74,21,17,15,2,4,0,0,1,1,2
S01013266,75 to 84,8,6,6,0,2,0,0,0,0,2
S01013266,85 and over,2,0,0,0,2,0,0,0,0,2
S01013267,All people aged 16 and over in households,430,240,188,52,190,114,2,16,36,22
S01013267,16 to 24,58,5,0,5,53,53,0,0,0,0
S01013267,25 to 34,44,24,10,14,20,17,0,1,2,0
S01013267,35 to 49,146,81,59,22,65,36,0,9,20,0
S01013267,50 to 64,111,89,81,8,22,3,1,6,6,6
S01013267,65 to 74,44,28,26,2,16,3,0,0,6,7
S01013267,75 to 84,21,12,11,1,9,2,0,0,1,6
S01013267,85 and over,6,1,1,0,5,0,1,0,1,3
S01013268,All people aged 16 and over in households,657,392,316,76,265,154,2,27,32,50
S01013268,16 to 24,99,15,4,11,84,84,0,0,0,0
S01013268,25 to 34,102,60,33,27,42,36,0,4,0,2
S01013268,35 to 49,174,118,91,27,56,23,1,17,13,2
S01013268,50 to 64,186,140,131,9,46,10,0,6,15,15
S01013268,65 to 74,52,39,38,1,13,0,0,0,3,10
S01013268,75 to 84,35,18,17,1,17,1,1,0,1,14
S01013268,85 and over,9,2,2,0,7,0,0,0,0,7
S01013269,All people aged 16 and over in households,748,526,412,114,222,146,7,19,28,22
S01013269,16 to 24,88,12,1,11,76,75,1,0,0,0
S01013269,25 to 34,135,86,44,42,49,39,3,5,2,0
S01013269,35 to 49,271,215,170,45,56,28,2,11,12,3
S01013269,50 to 64,184,162,146,16,22,2,1,3,12,4
S01013269,65 to 74,52,39,39,0,13,2,0,0,1,10
S01013269,75 to 84,15,11,11,0,4,0,0,0,1,3
S01013269,85 and over,3,1,1,0,2,0,0,0,0,2
S01013270,All people aged 16 and over in households,611,470,434,36,141,105,1,4,19,12
S01013270,16 to 24,76,1,0,1,75,75,0,0,0,0
S01013270,25 to 34,55,42,30,12,13,13,0,0,0,0
S01013270,35 to 49,271,249,231,18,22,9,1,2,9,1
S01013270,50 to 64,154,137,133,4,17,6,0,2,8,1
S01013270,65 to 74,37,30,29,1,7,2,0,0,1,4
S01013270,75 to 84,15,11,11,0,4,0,0,0,1,3
S01013270,85 and over,3,0,0,0,3,0,0,0,0,3
S01013271,All people aged 16 and over in households,501,388,358,30,113,69,1,5,10,28
S01013271,16 to 24,33,1,0,1,32,32,0,0,0,0
S01013271,25 to 34,39,19,18,1,20,20,0,0,0,0
S01013271,35 to 49,137,115,99,16,22,12,0,4,4,2
S01013271,50 to 64,181,170,165,5,11,3,0,1,4,3
S01013271,65 to 74,79,71,65,6,8,1,0,0,1,6
S01013271,75 to 84,28,12,11,1,16,1,1,0,1,13
S01013271,85 and over,4,0,0,0,4,0,0,0,0,4
S01013272,All people aged 16 and over in households,565,420,384,36,145,103,0,8,17,17
S01013272,16 to 24,85,7,1,6,78,78,0,0,0,0
S01013272,25 to 34,51,35,29,6,16,16,0,0,0,0
S01013272,35 to 49,239,219,205,14,20,4,0,7,8,1
S01013272,50 to 64,151,134,126,8,17,3,0,1,7,6
S01013272,65 to 74,27,19,17,2,8,2,0,0,2,4
S01013272,75 to 84,11,6,6,0,5,0,0,0,0,5
S01013272,85 and over,1,0,0,0,1,0,0,0,0,1
S01013273,All people aged 16 and over in households,641,502,454,48,139,94,4,16,13,12
S01013273,16 to 24,86,8,0,8,78,78,0,0,0,0
S01013273,25 to 34,75,63,48,15,12,9,0,2,0,1
S01013273,35 to 49,343,317,300,17,26,5,2,9,8,2
S01013273,50 to 64,102,89,83,6,13,2,1,5,4,1
S01013273,65 to 74,29,23,21,2,6,0,0,0,0,6
S01013273,75 to 84,5,2,2,0,3,0,1,0,0,2
S01013273,85 and over,1,0,0,0,1,0,0,0,1,0
S01013274,All people aged 16 and over in households,686,438,380,58,248,153,6,16,35,38
S01013274,16 to 24,113,18,0,18,95,94,0,1,0,0
S01013274,25 to 34,89,47,36,11,42,37,2,3,0,0
S01013274,35 to 49,168,122,102,20,46,17,2,11,12,4
S01013274,50 to 64,209,174,165,9,35,4,1,1,19,10
S01013274,65 to 74,72,61,61,0,11,1,1,0,3,6
S01013274,75 to 84,22,13,13,0,9,0,0,0,0,9
S01013274,85 and over,13,3,3,0,10,0,0,0,1,9
S01013275,All people aged 16 and over in households,513,364,320,44,149,84,3,16,22,24
S01013275,16 to 24,61,5,0,5,56,56,0,0,0,0
S01013275,25 to 34,61,38,21,17,23,20,1,2,0,0
S01013275,35 to 49,155,138,123,15,17,2,0,5,8,2
S01013275,50 to 64,183,147,142,5,36,4,2,9,11,10
S01013275,65 to 74,43,31,30,1,12,1,0,0,3,8
S01013275,75 to 84,10,5,4,1,5,1,0,0,0,4
S01013275,85 and over,0,0,0,0,0,0,0,0,0,0
S01013276,All people aged 16 and over in households,501,344,296,48,157,111,6,12,14,14
S01013276,16 to 24,72,1,0,1,71,71,0,0,0,0
S01013276,25 to 34,56,34,15,19,22,21,0,1,0,0
S01013276,35 to 49,171,140,119,21,31,14,2,8,5,2
S01013276,50 to 64,153,135,129,6,18,4,1,3,7,3
S01013276,65 to 74,36,26,26,0,10,1,2,0,2,5
S01013276,75 to 84,10,6,6,0,4,0,1,0,0,3
S01013276,85 and over,3,2,1,1,1,0,0,0,0,1
S01013277,All people aged 16 and over in households,719,404,344,60,315,173,6,31,51,54
S01013277,16 to 24,104,7,0,7,97,97,0,0,0,0
S01013277,25 to 34,102,56,39,17,46,42,2,2,0,0
S01013277,35 to 49,199,131,110,21,68,25,1,17,22,3
S01013277,50 to 64,203,151,142,9,52,8,3,10,22,9
S01013277,65 to 74,73,49,43,6,24,1,0,2,3,18
S01013277,75 to 84,31,9,9,0,22,0,0,0,3,19
S01013277,85 and over,7,1,1,0,6,0,0,0,1,5
S01013278,All people aged 16 and over in households,606,322,244,78,284,169,4,30,55,26
S01013278,16 to 24,91,17,3,14,74,73,1,0,0,0
S01013278,25 to 34,110,57,32,25,53,45,0,8,0,0
S01013278,35 to 49,159,95,76,19,64,37,0,11,14,2
S01013278,50 to 64,152,99,85,14,53,10,2,6,28,7
S01013278,65 to 74,67,45,41,4,22,2,0,4,10,6
S01013278,75 to 84,23,9,7,2,14,2,0,1,3,8
S01013278,85 and over,4,0,0,0,4,0,1,0,0,3
S01013279,All people aged 16 and over in households,550,260,190,70,290,177,6,17,61,29
S01013279,16 to 24,101,13,2,11,88,88,0,0,0,0
S01013279,25 to 34,84,49,24,25,35,33,1,1,0,0
S01013279,35 to 49,165,89,66,23,76,39,5,10,19,3
S01013279,50 to 64,130,75,64,11,55,14,0,6,29,6
S01013279,65 to 74,47,29,29,0,18,2,0,0,8,8
S01013279,75 to 84,19,5,5,0,14,1,0,0,5,8
S01013279,85 and over,4,0,0,0,4,0,0,0,0,4
S01013280,All people aged 16 and over in households,456,290,252,38,166,103,1,13,19,30
S01013280,16 to 24,59,4,3,1,55,55,0,0,0,0
S01013280,25 to 34,77,45,31,14,32,28,1,2,1,0
S01013280,35 to 49,121,98,81,17,23,10,0,7,6,0
S01013280,50 to 64,101,82,79,3,19,7,0,3,7,2
S01013280,65 to 74,54,42,41,1,12,0,0,1,4,7
S01013280,75 to 84,38,18,16,2,20,1,0,0,1,18
S01013280,85 and over,6,1,1,0,5,2,0,0,0,3
S01013281,All people aged 16 and over in households,741,414,328,86,327,184,7,26,50,60
S01013281,16 to 24,100,11,3,8,89,89,0,0,0,0
S01013281,25 to 34,102,53,32,21,49,42,1,5,1,0
S01013281,35 to 49,210,140,115,25,70,37,4,13,16,0
S01013281,50 to 64,174,122,96,26,52,9,1,6,20,16
S01013281,65 to 74,91,62,58,4,29,1,0,2,11,15
S01013281,75 to 84,43,23,21,2,20,4,1,0,2,13
S01013281,85 and over,21,3,3,0,18,2,0,0,0,16
S01013282,All people aged 16 and over in households,629,306,204,102,323,207,7,20,63,26
S01013282,16 to 24,124,23,4,19,101,98,1,2,0,0
S01013282,25 to 34,121,61,31,30,60,55,0,3,2,0
S01013282,35 to 49,209,141,98,43,68,37,3,10,17,1
S01013282,50 to 64,128,71,62,9,57,11,2,1,33,10
S01013282,65 to 74,29,9,8,1,20,2,1,3,9,5
S01013282,75 to 84,15,1,1,0,14,4,0,1,2,7
S01013282,85 and over,3,0,0,0,3,0,0,0,0,3
S01013283,All people aged 16 and over in households,535,286,172,114,249,178,7,19,36,9
S01013283,16 to 24,94,36,6,30,58,58,0,0,0,0
S01013283,25 to 34,190,103,57,46,87,77,6,3,1,0
S01013283,35 to 49,135,67,45,22,68,36,1,12,19,0
S01013283,50 to 64,82,58,46,12,24,6,0,3,12,3
S01013283,65 to 74,23,20,16,4,3,0,0,1,1,1
S01013283,75 to 84,9,2,2,0,7,1,0,0,3,3
S01013283,85 and over,2,0,0,0,2,0,0,0,0,2
S01013284,All people aged 16 and over in households,538,354,282,72,184,118,0,13,37,16
S01013284,16 to 24,68,16,1,15,52,52,0,0,0,0
S01013284,25 to 34,98,64,36,28,34,30,0,2,1,1
S01013284,35 to 49,161,122,102,20,39,25,0,2,11,1
S01013284,50 to 64,148,109,103,6,39,8,0,8,19,4
S01013284,65 to 74,41,30,29,1,11,2,0,1,5,3
S01013284,75 to 84,20,12,11,1,8,1,0,0,1,6
S01013284,85 and over,2,1,0,1,1,0,0,0,0,1
S01013285,All people aged 16 and over in households,542,336,260,76,206,127,2,17,39,21
S01013285,16 to 24,84,12,0,12,72,72,0,0,0,0
S01013285,25 to 34,93,54,27,27,39,35,1,3,0,0
S01013285,35 to 49,155,119,92,27,36,12,0,4,20,0
S01013285,50 to 64,146,109,101,8,37,7,1,10,14,5
S01013285,65 to 74,44,29,27,2,15,1,0,0,5,9
S01013285,75 to 84,20,13,13,0,7,0,0,0,0,7
S01013285,85 and over,0,0,0,0,0,0,0,0,0,0
S01013286,All people aged 16 and over in households,556,368,304,64,188,122,0,11,33,22
S01013286,16 to 24,74,8,1,7,66,66,0,0,0,0
S01013286,25 to 34,71,47,22,25,24,22,0,2,0,0
S01013286,35 to 49,172,128,110,18,44,24,0,4,14,2
S01013286,50 to 64,168,133,121,12,35,9,0,2,17,7
S01013286,65 to 74,49,39,38,1,10,0,0,3,2,5
S01013286,75 to 84,21,13,12,1,8,1,0,0,0,7
S01013286,85 and over,1,0,0,0,1,0,0,0,0,1
S01013287,All people aged 16 and over in households,634,426,370,56,208,155,2,11,20,20
S01013287,16 to 24,124,5,0,5,119,119,0,0,0,0
S01013287,25 to 34,33,17,13,4,16,16,0,0,0,0
S01013287,35 to 49,229,198,161,37,31,13,1,7,8,2
S01013287,50 to 64,200,173,165,8,27,6,1,4,9,7
S01013287,65 to 74,32,26,25,1,6,1,0,0,1,4
S01013287,75 to 84,14,6,6,0,8,0,0,0,2,6
S01013287,85 and over,2,1,0,1,1,0,0,0,0,1
S01013288,All people aged 16 and over in households,544,314,240,74,230,116,3,17,31,63
S01013288,16 to 24,54,8,1,7,46,46,0,0,0,0
S01013288,25 to 34,70,40,17,23,30,28,0,2,0,0
S01013288,35 to 49,148,108,88,20,40,20,1,7,12,0
S01013288,50 to 64,147,97,81,16,50,15,1,7,14,13
S01013288,65 to 74,63,40,36,4,23,3,0,0,3,17
S01013288,75 to 84,41,17,14,3,24,2,1,1,2,18
S01013288,85 and over,21,4,3,1,17,2,0,0,0,15
S01013289,All people aged 16 and over in households,593,420,372,48,173,104,4,8,28,29
S01013289,16 to 24,59,7,1,6,52,52,0,0,0,0
S01013289,25 to 34,44,23,17,6,21,20,0,1,0,0
S01013289,35 to 49,200,157,137,20,43,21,2,5,13,2
S01013289,50 to 64,171,150,136,14,21,7,0,2,9,3
S01013289,65 to 74,87,67,65,2,20,3,0,0,5,12
S01013289,75 to 84,23,13,13,0,10,1,2,0,1,6
S01013289,85 and over,9,3,3,0,6,0,0,0,0,6
S01013290,All people aged 16 and over in households,692,426,356,70,266,160,1,17,49,39
S01013290,16 to 24,93,6,0,6,87,87,0,0,0,0
S01013290,25 to 34,73,50,35,15,23,23,0,0,0,0
S01013290,35 to 49,294,218,187,31,76,38,1,16,21,0
S01013290,50 to 64,147,104,90,14,43,9,0,1,23,10
S01013290,65 to 74,48,36,33,3,12,1,0,0,2,9
S01013290,75 to 84,33,12,11,1,21,2,0,0,3,16
S01013290,85 and over,4,0,0,0,4,0,0,0,0,4
S01013291,All people aged 16 and over in households,527,364,304,60,163,110,1,13,24,15
S01013291,16 to 24,63,5,0,5,58,58,0,0,0,0
S01013291,25 to 34,86,47,32,15,39,36,0,2,1,0
S01013291,35 to 49,230,192,161,31,38,15,1,10,12,0
S01013291,50 to 64,120,99,91,8,21,1,0,1,8,11
S01013291,65 to 74,23,19,18,1,4,0,0,0,1,3
S01013291,75 to 84,5,2,2,0,3,0,0,0,2,1
S01013291,85 and over,0,0,0,0,0,0,0,0,0,0
S01013292,All people aged 16 and over in households,617,404,354,50,213,145,1,20,21,26
S01013292,16 to 24,117,13,2,11,104,104,0,0,0,0
S01013292,25 to 34,69,43,26,17,26,21,1,4,0,0
S01013292,35 to 49,179,137,125,12,42,16,0,10,14,2
S01013292,50 to 64,175,157,149,8,18,3,0,6,4,5
S01013292,65 to 74,61,45,43,2,16,1,0,0,3,12
S01013292,75 to 84,13,9,9,0,4,0,0,0,0,4
S01013292,85 and over,3,0,0,0,3,0,0,0,0,3
S01013293,All people aged 16 and over in households,582,410,364,46,172,116,0,9,22,25
S01013293,16 to 24,81,1,0,1,80,80,0,0,0,0
S01013293,25 to 34,57,38,30,8,19,18,0,0,1,0
S01013293,35 to 49,186,156,136,20,30,12,0,7,10,1
S01013293,50 to 64,179,155,140,15,24,5,0,1,7,11
S01013293,65 to 74,56,48,47,1,8,0,0,1,3,4
S01013293,75 to 84,18,11,10,1,7,1,0,0,1,5
S01013293,85 and over,5,1,1,0,4,0,0,0,0,4
S01013294,All people aged 16 and over in households,599,348,284,64,251,156,6,20,40,29
S01013294,16 to 24,96,7,0,7,89,89,0,0,0,0
S01013294,25 to 34,93,57,35,22,36,33,0,2,1,0
S01013294,35 to 49,179,122,97,25,57,23,2,14,16,2
S01013294,50 to 64,158,119,113,6,39,7,4,4,17,7
S01013294,65 to 74,47,35,33,2,12,3,0,0,4,5
S01013294,75 to 84,23,8,6,2,15,1,0,0,2,12
S01013294,85 and over,3,0,0,0,3,0,0,0,0,3
S01013295,All people aged 16 and over in households,627,378,314,64,249,173,3,15,41,17
S01013295,16 to 24,104,10,1,9,94,94,0,0,0,0
S01013295,25 to 34,97,55,31,24,42,39,2,1,0,0
S01013295,35 to 49,179,126,104,22,53,31,0,6,16,0
S01013295,50 to 64,179,140,132,8,39,6,0,6,20,7
S01013295,65 to 74,50,38,37,1,12,1,0,2,4,5
S01013295,75 to 84,14,9,9,0,5,0,1,0,1,3
S01013295,85 and over,4,0,0,0,4,2,0,0,0,2
S01013296,All people aged 16 and over in households,597,292,246,46,305,169,3,22,51,60
S01013296,16 to 24,83,9,1,8,74,73,1,0,0,0
S01013296,25 to 34,68,19,8,11,49,45,0,2,1,1
S01013296,35 to 49,153,90,77,13,63,30,1,17,14,1
S01013296,50 to 64,161,107,96,11,54,14,1,2,27,10
S01013296,65 to 74,69,46,43,3,23,2,0,0,8,13
S01013296,75 to 84,52,20,20,0,32,5,0,1,1,25
S01013296,85 and over,11,1,1,0,10,0,0,0,0,10
S01013297,All people aged 16 and over in households,575,330,264,66,245,138,2,20,38,47
S01013297,16 to 24,86,13,0,13,73,73,0,0,0,0
S01013297,25 to 34,50,27,15,12,23,19,0,2,2,0
S01013297,35 to 49,182,123,95,28,59,36,2,11,10,0
S01013297,50 to 64,132,101,91,10,31,5,0,5,14,7
S01013297,65 to 74,74,46,43,3,28,1,0,2,9,16
S01013297,75 to 84,39,16,16,0,23,4,0,0,3,16
S01013297,85 and over,12,4,4,0,8,0,0,0,0,8
S01013298,All people aged 16 and over in households,565,322,272,50,243,123,2,18,42,58
S01013298,16 to 24,65,3,1,2,62,62,0,0,0,0
S01013298,25 to 34,60,30,18,12,30,24,0,4,2,0
S01013298,35 to 49,147,97,76,21,50,20,0,11,17,2
S01013298,50 to 64,129,90,84,6,39,14,0,3,19,3
S01013298,65 to 74,88,64,57,7,24,3,1,0,4,16
S01013298,75 to 84,59,32,31,1,27,0,1,0,0,26
S01013298,85 and over,17,6,5,1,11,0,0,0,0,11
S01013299,All people aged 16 and over in households,822,500,418,82,322,198,4,25,43,52
S01013299,16 to 24,118,12,4,8,106,106,0,0,0,0
S01013299,25 to 34,107,66,43,23,41,39,0,2,0,0
S01013299,35 to 49,279,202,165,37,77,33,1,21,21,1
S01013299,50 to 64,174,132,122,10,42,15,1,2,18,6
S01013299,65 to 74,85,62,59,3,23,3,1,0,2,17
S01013299,75 to 84,47,20,19,1,27,2,1,0,2,22
S01013299,85 and over,12,6,6,0,6,0,0,0,0,6
S01013300,All people aged 16 and over in households,485,272,216,56,213,101,3,19,37,53
S01013300,16 to 24,51,6,0,6,45,45,0,0,0,0
S01013300,25 to 34,61,30,10,20,31,30,0,1,0,0
S01013300,35 to 49,133,96,77,19,37,18,0,8,9,2
S01013300,50 to 64,128,83,75,8,45,3,3,7,19,13
S01013300,65 to 74,72,47,45,2,25,3,0,2,4,16
S01013300,75 to 84,30,9,8,1,21,2,0,0,2,17
S01013300,85 and over,10,1,1,0,9,0,0,1,3,5
S01013301,All people aged 16 and over in households,404,226,178,48,178,108,4,8,26,32
S01013301,16 to 24,47,9,0,9,38,37,0,0,0,1
S01013301,25 to 34,56,28,11,17,28,27,1,0,0,0
S01013301,35 to 49,103,62,48,14,41,24,0,7,10,0
S01013301,50 to 64,109,78,72,6,31,13,1,1,11,5
S01013301,65 to 74,53,35,33,2,18,4,1,0,4,9
S01013301,75 to 84,32,13,13,0,19,2,1,0,1,15
S01013301,85 and over,4,1,1,0,3,1,0,0,0,2
S01013302,All people aged 16 and over in households,515,350,292,58,165,99,2,15,21,28
S01013302,16 to 24,59,11,3,8,48,47,0,1,0,0
S01013302,25 to 34,64,37,18,19,27,22,0,5,0,0
S01013302,35 to 49,146,113,85,28,33,19,1,6,7,0
S01013302,50 to 64,157,128,125,3,29,9,1,3,8,8
S01013302,65 to 74,55,38,38,0,17,1,0,0,5,11
S01013302,75 to 84,31,20,20,0,11,1,0,0,1,9
S01013302,85 and over,3,3,3,0,0,0,0,0,0,0
S01013303,All people aged 16 and over in households,761,476,400,76,285,149,8,11,43,74
S01013303,16 to 24,89,10,4,6,79,78,1,0,0,0
S01013303,25 to 34,54,24,9,15,30,27,1,1,1,0
S01013303,35 to 49,217,166,132,34,51,33,2,3,13,0
S01013303,50 to 64,192,151,135,16,41,7,4,7,18,5
S01013303,65 to 74,127,90,85,5,37,2,0,0,6,29
S01013303,75 to 84,67,33,33,0,34,2,0,0,4,28
S01013303,85 and over,15,2,2,0,13,0,0,0,1,12
S01013304,All people aged 16 and over in households,747,354,252,102,393,244,8,41,67,33
S01013304,16 to 24,130,23,5,18,107,107,0,0,0,0
S01013304,25 to 34,151,72,35,37,79,61,3,15,0,0
S01013304,35 to 49,231,130,89,41,101,57,4,9,31,0
S01013304,50 to 64,137,72,67,5,65,15,1,14,25,10
S01013304,65 to 74,61,36,35,1,25,4,0,2,10,9
S01013304,75 to 84,31,19,19,0,12,0,0,1,1,10
S01013304,85 and over,6,2,2,0,4,0,0,0,0,4
S01013305,All people aged 16 and over in households,790,434,282,152,356,199,15,25,63,54
S01013305,16 to 24,112,31,3,28,81,80,1,0,0,0
S01013305,25 to 34,158,88,32,56,70,60,7,3,0,0
S01013305,35 to 49,221,141,88,53,80,41,4,9,26,0
S01013305,50 to 64,164,107,95,12,57,14,1,11,25,6
S01013305,65 to 74,85,49,46,3,36,4,0,1,10,21
S01013305,75 to 84,42,17,17,0,25,0,2,1,1,21
S01013305,85 and over,8,1,1,0,7,0,0,0,1,6
S01013306,All people aged 16 and over in households,745,276,138,138,469,283,12,25,103,46
S01013306,16 to 24,149,55,7,48,94,92,1,0,0,1
S01013306,25 to 34,155,58,20,38,97,88,2,5,2,0
S01013306,35 to 49,218,82,44,38,136,78,2,14,38,4
S01013306,50 to 64,140,60,48,12,80,17,5,6,44,8
S01013306,65 to 74,69,18,16,2,51,7,2,0,19,23
S01013306,75 to 84,10,3,3,0,7,0,0,0,0,7
S01013306,85 and over,4,0,0,0,4,1,0,0,0,3
S01013307,All people aged 16 and over in households,815,437,284,153,378,236,17,30,54,41
S01013307,16 to 24,141,34,4,30,107,106,1,0,0,0
S01013307,25 to 34,205,123,65,58,82,69,6,5,2,0
S01013307,35 to 49,225,137,92,45,88,45,2,18,19,4
S01013307,50 to 64,157,106,89,17,51,13,5,3,22,8
S01013307,65 to 74,64,28,25,3,36,3,3,3,11,16
S01013307,75 to 84,21,8,8,0,13,0,0,1,0,12
S01013307,85 and over,2,1,1,0,1,0,0,0,0,1
S01013308,All people aged 16 and over in households,657,288,186,102,369,242,5,37,61,24
S01013308,16 to 24,141,24,3,21,117,117,0,0,0,0
S01013308,25 to 34,161,76,31,45,85,74,1,7,3,0
S01013308,35 to 49,197,110,78,32,87,42,2,18,25,0
S01013308,50 to 64,100,45,43,2,55,8,1,9,27,10
S01013308,65 to 74,41,28,28,0,13,1,1,3,3,5
S01013308,75 to 84,13,5,3,2,8,0,0,0,3,5
S01013308,85 and over,4,0,0,0,4,0,0,0,0,4
S01013309,All people aged 16 and over in households,475,300,252,48,175,119,3,12,25,16
S01013309,16 to 24,71,5,0,5,66,66,0,0,0,0
S01013309,25 to 34,77,47,24,23,30,27,0,0,3,0
S01013309,35 to 49,182,135,120,15,47,20,3,10,14,0
S01013309,50 to 64,102,83,79,4,19,5,0,2,7,5
S01013309,65 to 74,26,19,18,1,7,0,0,0,1,6
S01013309,75 to 84,14,10,10,0,4,0,0,0,0,4
S01013309,85 and over,3,1,1,0,2,1,0,0,0,1
S01013310,All people aged 16 and over in households,506,316,244,72,190,110,4,13,31,32
S01013310,16 to 24,71,9,1,8,62,62,0,0,0,0
S01013310,25 to 34,99,62,32,30,37,32,2,0,3,0
S01013310,35 to 49,148,113,84,29,35,14,1,7,12,1
S01013310,50 to 64,111,84,79,5,27,0,1,5,13,8
S01013310,65 to 74,54,33,33,0,21,1,0,1,3,16
S01013310,75 to 84,22,15,15,0,7,1,0,0,0,6
S01013310,85 and over,1,0,0,0,1,0,0,0,0,1
S01013311,All people aged 16 and over in households,616,344,270,74,272,162,4,28,50,28
S01013311,16 to 24,89,7,1,6,82,82,0,0,0,0
S01013311,25 to 34,106,50,31,19,56,47,2,7,0,0
S01013311,35 to 49,179,116,85,31,63,28,1,12,20,2
S01013311,50 to 64,166,128,115,13,38,5,0,6,22,5
S01013311,65 to 74,62,37,33,4,25,0,0,3,7,15
S01013311,75 to 84,11,5,4,1,6,0,1,0,1,4
S01013311,85 and over,3,1,1,0,2,0,0,0,0,2
S01013312,All people aged 16 and over in households,833,438,330,108,395,240,2,35,70,48
S01013312,16 to 24,108,19,4,15,89,89,0,0,0,0
S01013312,25 to 34,162,85,54,31,77,67,0,7,3,0
S01013312,35 to 49,250,151,98,53,99,62,1,12,22,2
S01013312,50 to 64,172,95,88,7,77,21,1,12,31,12
S01013312,65 to 74,96,70,69,1,26,1,0,4,8,13
S01013312,75 to 84,41,18,17,1,23,0,0,0,6,17
S01013312,85 and over,4,0,0,0,4,0,0,0,0,4
S01013313,All people aged 16 and over in households,538,300,206,94,238,135,10,17,45,31
S01013313,16 to 24,98,20,4,16,78,73,1,3,1,0
S01013313,25 to 34,85,49,19,30,36,29,2,3,2,0
S01013313,35 to 49,161,103,72,31,58,25,5,6,20,2
S01013313,50 to 64,96,69,54,15,27,8,2,5,10,2
S01013313,65 to 74,69,48,46,2,21,0,0,0,10,11
S01013313,75 to 84,24,10,10,0,14,0,0,0,2,12
S01013313,85 and over,5,1,1,0,4,0,0,0,0,4
S01013314,All people aged 16 and over in households,537,258,188,70,279,138,10,27,47,57
S01013314,16 to 24,73,15,3,12,58,57,0,1,0,0
S01013314,25 to 34,93,47,14,33,46,37,3,5,1,0
S01013314,35 to 49,136,66,49,17,70,33,4,12,18,3
S01013314,50 to 64,112,65,59,6,47,5,1,5,19,17
S01013314,65 to 74,81,52,52,0,29,2,1,3,7,16
S01013314,75 to 84,34,10,9,1,24,4,1,1,2,16
S01013314,85 and over,8,3,2,1,5,0,0,0,0,5
S01013315,All people aged 16 and over in households,382,328,298,30,54,43,1,5,5,0
S01013315,16 to 24,40,3,1,2,37,37,0,0,0,0
S01013315,25 to 34,64,57,51,6,7,5,0,1,1,0
S01013315,35 to 49,207,199,180,19,8,1,1,4,2,0
S01013315,50 to 64,55,53,50,3,2,0,0,0,2,0
S01013315,65 to 74,13,13,13,0,0,0,0,0,0,0
S01013315,75 to 84,3,3,3,0,0,0,0,0,0,0
S01013315,85 and over,0,0,0,0,0,0,0,0,0,0
S01013316,All people aged 16 and over in households,548,382,344,38,166,95,3,10,20,38
S01013316,16 to 24,53,5,1,4,48,47,1,0,0,0
S01013316,25 to 34,63,29,21,8,34,30,0,3,1,0
S01013316,35 to 49,111,93,77,16,18,11,0,3,4,0
S01013316,50 to 64,186,160,151,9,26,5,1,4,9,7
S01013316,65 to 74,85,70,69,1,15,1,0,0,4,10
S01013316,75 to 84,41,22,22,0,19,1,1,0,1,16
S01013316,85 and over,9,3,3,0,6,0,0,0,1,5
S01013317,All people aged 16 and over in households,459,294,254,40,165,90,2,12,26,35
S01013317,16 to 24,55,9,2,7,46,46,0,0,0,0
S01013317,25 to 34,51,34,24,10,17,14,1,1,1,0
S01013317,35 to 49,122,80,64,16,42,26,0,6,10,0
S01013317,50 to 64,138,107,104,3,31,4,1,5,11,10
S01013317,65 to 74,64,53,50,3,11,0,0,0,4,7
S01013317,75 to 84,21,9,8,1,12,0,0,0,0,12
S01013317,85 and over,8,2,2,0,6,0,0,0,0,6
S01013318,All people aged 16 and over in households,480,342,276,66,138,88,4,10,19,17
S01013318,16 to 24,40,7,1,6,33,33,0,0,0,0
S01013318,25 to 34,102,71,49,22,31,28,0,1,2,0
S01013318,35 to 49,178,138,113,25,40,21,3,5,10,1
S01013318,50 to 64,109,92,82,10,17,5,1,2,7,2
S01013318,65 to 74,37,27,25,2,10,1,0,2,0,7
S01013318,75 to 84,12,6,5,1,6,0,0,0,0,6
S01013318,85 and over,2,1,1,0,1,0,0,0,0,1
S01013319,All people aged 16 and over in households,426,270,234,36,156,100,6,9,26,15
S01013319,16 to 24,64,3,3,0,61,59,2,0,0,0
S01013319,25 to 34,63,41,30,11,22,21,0,1,0,0
S01013319,35 to 49,181,144,128,16,37,17,2,5,12,1
S01013319,50 to 64,80,65,56,9,15,3,2,3,6,1
S01013319,65 to 74,30,15,15,0,15,0,0,0,8,7
S01013319,75 to 84,8,2,2,0,6,0,0,0,0,6
S01013319,85 and over,0,0,0,0,0,0,0,0,0,0
S01013320,All people aged 16 and over in households,733,540,438,102,193,140,7,18,19,9
S01013320,16 to 24,91,13,0,13,78,78,0,0,0,0
S01013320,25 to 34,176,130,90,40,46,37,4,4,1,0
S01013320,35 to 49,339,289,248,41,50,21,2,10,15,2
S01013320,50 to 64,106,94,86,8,12,4,1,4,3,0
S01013320,65 to 74,14,11,11,0,3,0,0,0,0,3
S01013320,75 to 84,7,3,3,0,4,0,0,0,0,4
S01013320,85 and over,0,0,0,0,0,0,0,0,0,0
S01013321,All people aged 16 and over in households,368,186,124,62,182,98,3,13,39,29
S01013321,16 to 24,37,6,0,6,31,31,0,0,0,0
S01013321,25 to 34,56,29,15,14,27,25,0,2,0,0
S01013321,35 to 49,115,67,35,32,48,30,2,4,12,0
S01013321,50 to 64,82,46,39,7,36,9,0,5,20,2
S01013321,65 to 74,41,25,23,2,16,2,1,2,5,6
S01013321,75 to 84,31,13,12,1,18,1,0,0,2,15
S01013321,85 and over,6,0,0,0,6,0,0,0,0,6
S01013322,All people aged 16 and over in households,565,336,282,54,229,155,5,17,28,24
S01013322,16 to 24,104,3,2,1,101,101,0,0,0,0
S01013322,25 to 34,76,40,21,19,36,32,1,3,0,0
S01013322,35 to 49,159,125,103,22,34,14,2,9,9,0
S01013322,50 to 64,161,129,120,9,32,8,2,5,12,5
S01013322,65 to 74,42,27,25,2,15,0,0,0,7,8
S01013322,75 to 84,20,12,11,1,8,0,0,0,0,8
S01013322,85 and over,3,0,0,0,3,0,0,0,0,3
S01013323,All people aged 16 and over in households,770,408,310,98,362,213,8,40,56,45
S01013323,16 to 24,117,15,1,14,102,102,0,0,0,0
S01013323,25 to 34,141,80,53,27,61,53,1,5,2,0
S01013323,35 to 49,226,133,97,36,93,47,3,16,24,3
S01013323,50 to 64,179,121,104,17,58,8,4,17,25,4
S01013323,65 to 74,75,47,43,4,28,1,0,2,4,21
S01013323,75 to 84,29,12,12,0,17,2,0,0,0,15
S01013323,85 and over,3,0,0,0,3,0,0,0,1,2
S01013324,All people aged 16 and over in households,500,236,182,54,264,162,5,23,50,24
S01013324,16 to 24,105,19,3,16,86,85,1,0,0,0
S01013324,25 to 34,82,34,24,10,48,42,0,4,2,0
S01013324,35 to 49,142,83,61,22,59,28,1,11,17,2
S01013324,50 to 64,110,71,66,5,39,7,1,7,17,7
S01013324,65 to 74,42,23,22,1,19,0,1,1,10,7
S01013324,75 to 84,16,5,5,0,11,0,1,0,4,6
S01013324,85 and over,3,1,1,0,2,0,0,0,0,2
S01013325,All people aged 16 and over in households,652,308,228,80,344,216,7,36,63,22
S01013325,16 to 24,123,10,0,10,113,111,0,2,0,0
S01013325,25 to 34,104,45,21,24,59,49,0,7,3,0
S01013325,35 to 49,197,112,83,29,85,42,3,13,27,0
S01013325,50 to 64,143,88,71,17,55,11,2,12,22,8
S01013325,65 to 74,66,42,42,0,24,3,1,2,9,9
S01013325,75 to 84,17,9,9,0,8,0,1,0,2,5
S01013325,85 and over,2,2,2,0,0,0,0,0,0,0
S01013326,All people aged 16 and over in households,429,194,136,58,235,146,4,18,30,37
S01013326,16 to 24,98,14,1,13,84,84,0,0,0,0
S01013326,25 to 34,69,33,15,18,36,29,3,3,1,0
S01013326,35 to 49,115,64,46,18,51,25,1,9,14,2
S01013326,50 to 64,93,58,50,8,35,8,0,5,13,9
S01013326,65 to 74,34,19,18,1,15,0,0,1,1,13
S01013326,75 to 84,17,6,6,0,11,0,0,0,1,10
S01013326,85 and over,3,0,0,0,3,0,0,0,0,3
S01013327,All people aged 16 and over in households,542,262,210,52,280,174,6,20,52,28
S01013327,16 to 24,99,7,1,6,92,92,0,0,0,0
S01013327,25 to 34,81,38,22,16,43,37,0,2,4,0
S01013327,35 to 49,176,93,73,20,83,42,4,13,24,0
S01013327,50 to 64,127,96,86,10,31,3,1,4,20,3
S01013327,65 to 74,46,25,25,0,21,0,0,1,2,18
S01013327,75 to 84,9,2,2,0,7,0,0,0,1,6
S01013327,85 and over,4,1,1,0,3,0,1,0,1,1
S01013328,All people aged 16 and over in households,480,236,188,48,244,147,3,23,46,25
S01013328,16 to 24,87,8,1,7,79,78,0,1,0,0
S01013328,25 to 34,82,37,23,14,45,39,1,5,0,0
S01013328,35 to 49,147,95,68,27,52,22,1,11,17,1
S01013328,50 to 64,114,72,72,0,42,6,1,5,20,10
S01013328,65 to 74,35,15,15,0,20,2,0,1,7,10
S01013328,75 to 84,15,9,9,0,6,0,0,0,2,4
S01013328,85 and over,0,0,0,0,0,0,0,0,0,0
S01013329,All people aged 16 and over in households,435,232,176,56,203,108,6,22,17,50
S01013329,16 to 24,81,15,1,14,66,63,2,0,1,0
S01013329,25 to 34,54,32,20,12,22,18,2,2,0,0
S01013329,35 to 49,107,67,51,16,40,20,0,13,6,1
S01013329,50 to 64,113,82,70,12,31,6,1,6,8,10
S01013329,65 to 74,47,28,26,2,19,1,1,1,2,14
S01013329,75 to 84,28,7,7,0,21,0,0,0,0,21
S01013329,85 and over,5,1,1,0,4,0,0,0,0,4
S01013330,All people aged 16 and over in households,816,536,360,176,280,189,4,31,40,16
S01013330,16 to 24,141,53,6,47,88,88,0,0,0,0
S01013330,25 to 34,210,141,68,73,69,58,1,6,4,0
S01013330,35 to 49,281,207,165,42,74,35,1,17,20,1
S01013330,50 to 64,143,108,96,12,35,6,1,8,14,6
S01013330,65 to 74,29,21,20,1,8,2,0,0,1,5
S01013330,75 to 84,10,6,5,1,4,0,0,0,1,3
S01013330,85 and over,2,0,0,0,2,0,1,0,0,1
S01013331,All people aged 16 and over in households,481,321,224,97,160,106,5,11,25,13
S01013331,16 to 24,97,33,4,29,64,64,0,0,0,0
S01013331,25 to 34,104,79,42,37,25,24,0,0,1,0
S01013331,35 to 49,190,153,132,21,37,12,1,9,12,3
S01013331,50 to 64,71,50,42,8,21,4,3,2,11,1
S01013331,65 to 74,13,5,4,1,8,2,1,0,1,4
S01013331,75 to 84,4,1,0,1,3,0,0,0,0,3
S01013331,85 and over,2,0,0,0,2,0,0,0,0,2
S01013332,All people aged 16 and over in households,536,310,252,58,226,127,4,14,39,42
S01013332,16 to 24,81,8,1,7,73,73,0,0,0,0
S01013332,25 to 34,71,40,21,19,31,25,2,3,1,0
S01013332,35 to 49,141,108,86,22,33,17,2,5,9,0
S01013332,50 to 64,140,102,92,10,38,9,0,6,14,9
S01013332,65 to 74,66,33,33,0,33,3,0,0,12,18
S01013332,75 to 84,34,19,19,0,15,0,0,0,2,13
S01013332,85 and over,3,0,0,0,3,0,0,0,1,2
S01013333,All people aged 16 and over in households,643,422,342,80,221,138,3,24,27,29
S01013333,16 to 24,93,18,5,13,75,75,0,0,0,0
S01013333,25 to 34,104,74,49,25,30,29,0,1,0,0
S01013333,35 to 49,234,176,148,28,58,29,1,18,10,0
S01013333,50 to 64,135,113,105,8,22,4,2,2,10,4
S01013333,65 to 74,56,39,33,6,17,0,0,1,5,11
S01013333,75 to 84,18,2,2,0,16,0,0,2,2,12
S01013333,85 and over,3,0,0,0,3,1,0,0,0,2
S01013334,All people aged 16 and over in households,570,312,230,82,258,183,3,12,37,23
S01013334,16 to 24,113,24,5,19,89,89,0,0,0,0
S01013334,25 to 34,111,55,29,26,56,53,0,1,2,0
S01013334,35 to 49,159,92,70,22,67,38,1,6,20,2
S01013334,50 to 64,136,108,94,14,28,3,2,4,9,10
S01013334,65 to 74,36,24,23,1,12,0,0,1,5,6
S01013334,75 to 84,11,7,7,0,4,0,0,0,1,3
S01013334,85 and over,4,2,2,0,2,0,0,0,0,2
S01013335,All people aged 16 and over in households,571,296,212,84,275,177,0,24,50,24
S01013335,16 to 24,110,16,2,14,94,94,0,0,0,0
S01013335,25 to 34,119,58,29,29,61,45,0,8,8,0
S01013335,35 to 49,175,120,88,32,55,31,0,10,14,0
S01013335,50 to 64,123,87,78,9,36,4,0,4,19,9
S01013335,65 to 74,33,15,15,0,18,2,0,2,5,9
S01013335,75 to 84,8,0,0,0,8,1,0,0,3,4
S01013335,85 and over,3,0,0,0,3,0,0,0,1,2
S01013336,All people aged 16 and over in households,660,312,220,92,348,223,5,31,57,32
S01013336,16 to 24,130,15,0,15,115,115,0,0,0,0
S01013336,25 to 34,130,67,23,44,63,58,1,2,2,0
S01013336,35 to 49,184,95,68,27,89,42,3,18,24,2
S01013336,50 to 64,155,106,100,6,49,8,1,9,20,11
S01013336,65 to 74,49,24,24,0,25,0,0,2,9,14
S01013336,75 to 84,11,4,4,0,7,0,0,0,2,5
S01013336,85 and over,1,1,1,0,0,0,0,0,0,0
S01013337,All people aged 16 and over in households,784,536,456,80,248,161,9,20,24,34
S01013337,16 to 24,93,6,0,6,87,87,0,0,0,0
S01013337,25 to 34,97,51,24,27,46,43,0,2,1,0
S01013337,35 to 49,219,174,145,29,45,20,5,12,7,1
S01013337,50 to 64,226,186,172,14,40,9,4,5,15,7
S01013337,65 to 74,97,86,84,2,11,2,0,1,0,8
S01013337,75 to 84,42,30,28,2,12,0,0,0,1,11
S01013337,85 and over,10,3,3,0,7,0,0,0,0,7
S01013338,All people aged 16 and over in households,388,294,250,44,94,66,7,7,8,6
S01013338,16 to 24,59,4,1,3,55,55,0,0,0,0
S01013338,25 to 34,46,37,29,8,9,7,2,0,0,0
S01013338,35 to 49,220,205,174,31,15,3,2,6,3,1
S01013338,50 to 64,45,36,34,2,9,1,2,1,3,2
S01013338,65 to 74,11,9,9,0,2,0,0,0,2,0
S01013338,75 to 84,7,3,3,0,4,0,1,0,0,3
S01013338,85 and over,0,0,0,0,0,0,0,0,0,0
S01013339,All people aged 16 and over in households,473,332,276,56,141,87,1,13,24,16
S01013339,16 to 24,57,6,1,5,51,50,1,0,0,0
S01013339,25 to 34,75,54,28,26,21,19,0,2,0,0
S01013339,35 to 49,134,101,85,16,33,13,0,7,13,0
S01013339,50 to 64,146,124,117,7,22,4,0,4,9,5
S01013339,65 to 74,44,41,40,1,3,0,0,0,2,1
S01013339,75 to 84,15,6,5,1,9,1,0,0,0,8
S01013339,85 and over,2,0,0,0,2,0,0,0,0,2
S01013340,All people aged 16 and over in households,695,504,440,64,191,127,2,15,23,24
S01013340,16 to 24,95,3,0,3,92,91,0,1,0,0
S01013340,25 to 34,62,41,15,26,21,18,0,0,3,0
S01013340,35 to 49,170,135,111,24,35,13,1,8,11,2
S01013340,50 to 64,246,220,210,10,26,4,0,5,9,8
S01013340,65 to 74,83,77,76,1,6,1,0,1,0,4
S01013340,75 to 84,31,24,24,0,7,0,1,0,0,6
S01013340,85 and over,8,4,4,0,4,0,0,0,0,4
S01013341,All people aged 16 and over in households,726,484,402,82,242,127,19,31,40,25
S01013341,16 to 24,59,8,1,7,51,48,3,0,0,0
S01013341,25 to 34,137,83,48,35,54,46,5,1,2,0
S01013341,35 to 49,260,185,151,34,75,28,4,21,19,3
S01013341,50 to 64,185,148,143,5,37,4,5,8,11,9
S01013341,65 to 74,60,46,45,1,14,0,1,1,7,5
S01013341,75 to 84,22,13,13,0,9,1,1,0,1,6
S01013341,85 and over,3,1,1,0,2,0,0,0,0,2
S01013342,All people aged 16 and over in households,516,248,172,76,268,159,0,19,52,38
S01013342,16 to 24,74,9,1,8,65,64,0,1,0,0
S01013342,25 to 34,98,46,16,30,52,48,0,2,2,0
S01013342,35 to 49,126,67,42,25,59,37,0,7,14,1
S01013342,50 to 64,114,71,63,8,43,4,0,9,25,5
S01013342,65 to 74,63,37,34,3,26,5,0,0,8,13
S01013342,75 to 84,36,17,15,2,19,1,0,0,3,15
S01013342,85 and over,5,1,1,0,4,0,0,0,0,4
S01013343,All people aged 16 and over in households,526,322,260,62,204,117,1,15,35,36
S01013343,16 to 24,74,14,3,11,60,60,0,0,0,0
S01013343,25 to 34,106,68,37,31,38,29,1,4,4,0
S01013343,35 to 49,156,119,107,12,37,19,0,7,11,0
S01013343,50 to 64,117,85,80,5,32,7,0,4,12,9
S01013343,65 to 74,51,26,23,3,25,2,0,0,7,16
S01013343,75 to 84,18,10,10,0,8,0,0,0,1,7
S01013343,85 and over,4,0,0,0,4,0,0,0,0,4
S01013344,All people aged 16 and over in households,644,310,246,64,334,183,5,21,68,57
S01013344,16 to 24,98,7,3,4,91,91,0,0,0,0
S01013344,25 to 34,94,44,27,17,50,44,1,4,1,0
S01013344,35 to 49,154,96,65,31,58,27,1,9,21,0
S01013344,50 to 64,144,89,80,9,55,13,1,7,27,7
S01013344,65 to 74,93,55,53,2,38,6,1,1,15,15
S01013344,75 to 84,50,16,15,1,34,2,1,0,4,27
S01013344,85 and over,11,3,3,0,8,0,0,0,0,8
S01013345,All people aged 16 and over in households,575,324,250,74,251,151,9,19,41,31
S01013345,16 to 24,85,13,2,11,72,72,0,0,0,0
S01013345,25 to 34,107,57,33,24,50,44,2,3,1,0
S01013345,35 to 49,167,108,85,23,59,26,3,9,20,1
S01013345,50 to 64,140,106,91,15,34,6,3,7,12,6
S01013345,65 to 74,49,31,31,0,18,1,0,0,5,12
S01013345,75 to 84,20,8,7,1,12,1,1,0,3,7
S01013345,85 and over,7,1,1,0,6,1,0,0,0,5
S01013346,All people aged 16 and over in households,621,450,382,68,171,120,4,10,26,11
S01013346,16 to 24,99,14,2,12,85,85,0,0,0,0
S01013346,25 to 34,81,56,40,16,25,22,0,2,1,0
S01013346,35 to 49,274,239,208,31,35,11,2,5,16,1
S01013346,50 to 64,131,114,105,9,17,2,1,3,8,3
S01013346,65 to 74,31,25,25,0,6,0,1,0,1,4
S01013346,75 to 84,5,2,2,0,3,0,0,0,0,3
S01013346,85 and over,0,0,0,0,0,0,0,0,0,0
S01013347,All people aged 16 and over in households,575,352,264,88,223,121,13,21,46,22
S01013347,16 to 24,65,8,1,7,57,56,1,0,0,0
S01013347,25 to 34,94,65,30,35,29,27,0,1,1,0
S01013347,35 to 49,208,138,110,28,70,26,9,12,22,1
S01013347,50 to 64,141,97,84,13,44,9,3,7,16,9
S01013347,65 to 74,52,37,33,4,15,3,0,1,6,5
S01013347,75 to 84,11,7,6,1,4,0,0,0,1,3
S01013347,85 and over,4,0,0,0,4,0,0,0,0,4
S01013348,All people aged 16 and over in households,343,258,214,44,85,56,2,10,8,9
S01013348,16 to 24,40,2,0,2,38,38,0,0,0,0
S01013348,25 to 34,51,44,30,14,7,6,0,1,0,0
S01013348,35 to 49,174,150,124,26,24,10,2,6,5,1
S01013348,50 to 64,62,56,54,2,6,1,0,2,2,1
S01013348,65 to 74,11,5,5,0,6,0,0,1,1,4
S01013348,75 to 84,3,1,1,0,2,0,0,0,0,2
S01013348,85 and over,2,0,0,0,2,1,0,0,0,1
S01013349,All people aged 16 and over in households,615,357,194,163,258,182,7,30,32,7
S01013349,16 to 24,117,54,11,43,63,63,0,0,0,0
S01013349,25 to 34,248,152,72,80,96,85,0,7,4,0
S01013349,35 to 49,186,112,75,37,74,33,6,16,19,0
S01013349,50 to 64,48,30,27,3,18,1,1,7,6,3
S01013349,65 to 74,12,9,9,0,3,0,0,0,3,0
S01013349,75 to 84,3,0,0,0,3,0,0,0,0,3
S01013349,85 and over,1,0,0,0,1,0,0,0,0,1
S01013350,All people aged 16 and over in households,551,304,200,104,247,154,3,21,26,43
S01013350,16 to 24,93,19,4,15,74,74,0,0,0,0
S01013350,25 to 34,107,56,24,32,51,46,0,4,1,0
S01013350,35 to 49,152,102,62,40,50,28,3,11,7,1
S01013350,50 to 64,111,94,78,16,17,3,0,2,11,1
S01013350,65 to 74,43,21,20,1,22,2,0,4,7,9
S01013350,75 to 84,31,11,11,0,20,1,0,0,0,19
S01013350,85 and over,14,1,1,0,13,0,0,0,0,13
S01013351,All people aged 16 and over in households,631,393,296,97,238,126,1,16,53,42
S01013351,16 to 24,85,19,1,18,66,66,0,0,0,0
S01013351,25 to 34,122,76,36,40,46,42,0,3,1,0
S01013351,35 to 49,169,126,97,29,43,12,1,6,22,2
S01013351,50 to 64,170,126,118,8,44,3,0,6,24,11
S01013351,65 to 74,50,34,32,2,16,3,0,0,3,10
S01013351,75 to 84,28,12,12,0,16,0,0,1,2,13
S01013351,85 and over,7,0,0,0,7,0,0,0,1,6
S01013352,All people aged 16 and over in households,715,424,338,86,291,180,4,21,49,37
S01013352,16 to 24,101,11,0,11,90,88,0,0,2,0
S01013352,25 to 34,134,68,44,24,66,61,0,3,2,0
S01013352,35 to 49,171,119,91,28,52,21,1,10,20,0
S01013352,50 to 64,196,154,136,18,42,5,1,6,19,11
S01013352,65 to 74,72,56,52,4,16,1,1,1,3,10
S01013352,75 to 84,32,15,14,1,17,1,1,1,3,11
S01013352,85 and over,9,1,1,0,8,3,0,0,0,5
S01013353,All people aged 16 and over in households,510,250,188,62,260,142,3,18,57,40
S01013353,16 to 24,86,13,0,13,73,73,0,0,0,0
S01013353,25 to 34,83,46,28,18,37,33,0,2,2,0
S01013353,35 to 49,143,87,64,23,56,27,0,11,18,0
S01013353,50 to 64,134,79,75,4,55,6,1,4,30,14
S01013353,65 to 74,42,21,18,3,21,3,1,1,5,11
S01013353,75 to 84,15,4,3,1,11,0,1,0,1,9
S01013353,85 and over,7,0,0,0,7,0,0,0,1,6
S01013354,All people aged 16 and over in households,589,410,372,38,179,89,2,13,34,41
S01013354,16 to 24,48,7,3,4,41,41,0,0,0,0
S01013354,25 to 34,65,33,21,12,32,27,0,4,0,1
S01013354,35 to 49,194,160,147,13,34,12,1,8,13,0
S01013354,50 to 64,155,125,120,5,30,4,1,1,12,12
S01013354,65 to 74,93,67,63,4,26,5,0,0,9,12
S01013354,75 to 84,29,16,16,0,13,0,0,0,0,13
S01013354,85 and over,5,2,2,0,3,0,0,0,0,3
S01013355,All people aged 16 and over in households,522,324,270,54,198,112,3,12,34,37
S01013355,16 to 24,63,6,2,4,57,57,0,0,0,0
S01013355,25 to 34,52,24,14,10,28,25,1,1,0,1
S01013355,35 to 49,175,140,111,29,35,17,0,5,11,2
S01013355,50 to 64,126,95,85,10,31,8,1,4,14,4
S01013355,65 to 74,66,46,45,1,20,3,0,1,6,10
S01013355,75 to 84,34,13,13,0,21,2,0,1,3,15
S01013355,85 and over,6,0,0,0,6,0,1,0,0,5
S01013356,All people aged 16 and over in households,583,320,236,84,263,161,3,16,48,35
S01013356,16 to 24,74,12,2,10,62,62,0,0,0,0
S01013356,25 to 34,118,54,27,27,64,55,2,3,4,0
S01013356,35 to 49,171,99,78,21,72,36,1,9,24,2
S01013356,50 to 64,122,85,64,21,37,5,0,4,16,12
S01013356,65 to 74,78,65,61,4,13,2,0,0,3,8
S01013356,75 to 84,17,5,4,1,12,1,0,0,1,10
S01013356,85 and over,3,0,0,0,3,0,0,0,0,3
S01013357,All people aged 16 and over in households,658,450,364,86,208,124,5,23,24,32
S01013357,16 to 24,76,9,1,8,67,66,0,1,0,0
S01013357,25 to 34,88,54,26,28,34,27,0,5,2,0
S01013357,35 to 49,224,173,141,32,51,23,3,12,11,2
S01013357,50 to 64,152,129,114,15,23,3,0,4,9,7
S01013357,65 to 74,73,56,53,3,17,2,0,0,1,14
S01013357,75 to 84,39,28,28,0,11,2,2,0,1,6
S01013357,85 and over,6,1,1,0,5,1,0,1,0,3
S01013358,All people aged 16 and over in households,677,400,318,82,277,142,3,18,46,68
S01013358,16 to 24,79,15,5,10,64,64,0,0,0,0
S01013358,25 to 34,87,59,32,27,28,26,0,2,0,0
S01013358,35 to 49,184,136,114,22,48,25,0,7,16,0
S01013358,50 to 64,143,104,91,13,39,12,1,4,16,6
S01013358,65 to 74,114,70,64,6,44,8,1,3,13,19
S01013358,75 to 84,51,12,8,4,39,7,1,2,1,28
S01013358,85 and over,19,4,4,0,15,0,0,0,0,15
S01013359,All people aged 16 and over in households,503,252,188,64,251,133,3,25,44,46
S01013359,16 to 24,66,7,0,7,59,59,0,0,0,0
S01013359,25 to 34,87,47,13,34,40,32,0,5,3,0
S01013359,35 to 49,118,71,55,16,47,24,0,9,11,3
S01013359,50 to 64,122,70,63,7,52,14,2,7,21,8
S01013359,65 to 74,60,37,37,0,23,2,1,3,7,10
S01013359,75 to 84,38,15,15,0,23,2,0,1,2,18
S01013359,85 and over,12,5,5,0,7,0,0,0,0,7
S01013360,All people aged 16 and over in households,573,302,250,52,271,152,4,17,48,50
S01013360,16 to 24,79,6,1,5,73,73,0,0,0,0
S01013360,25 to 34,67,27,10,17,40,36,0,3,1,0
S01013360,35 to 49,138,91,72,19,47,22,0,8,16,1
S01013360,50 to 64,158,102,92,10,56,15,3,6,27,5
S01013360,65 to 74,79,60,59,1,19,4,0,0,2,13
S01013360,75 to 84,42,14,14,0,28,2,1,0,2,23
S01013360,85 and over,10,2,2,0,8,0,0,0,0,8
S01013361,All people aged 16 and over in households,477,234,182,52,243,133,2,26,52,30
S01013361,16 to 24,60,12,1,11,48,48,0,0,0,0
S01013361,25 to 34,76,34,16,18,42,38,1,2,1,0
S01013361,35 to 49,129,69,51,18,60,33,0,16,11,0
S01013361,50 to 64,118,70,65,5,48,9,0,5,27,7
S01013361,65 to 74,60,37,37,0,23,3,1,3,10,6
S01013361,75 to 84,30,12,12,0,18,2,0,0,3,13
S01013361,85 and over,4,0,0,0,4,0,0,0,0,4
S01013362,All people aged 16 and over in households,389,190,160,30,199,108,4,8,32,47
S01013362,16 to 24,50,3,0,3,47,47,0,0,0,0
S01013362,25 to 34,68,40,34,6,28,27,0,0,1,0
S01013362,35 to 49,86,52,41,11,34,20,1,4,9,0
S01013362,50 to 64,81,49,45,4,32,12,1,3,12,4
S01013362,65 to 74,56,32,26,6,24,2,0,0,6,16
S01013362,75 to 84,38,13,13,0,25,0,2,1,3,19
S01013362,85 and over,10,1,1,0,9,0,0,0,1,8
S01013363,All people aged 16 and over in households,610,264,194,70,346,211,7,26,57,45
S01013363,16 to 24,101,14,4,10,87,87,0,0,0,0
S01013363,25 to 34,113,44,17,27,69,52,6,6,5,0
S01013363,35 to 49,160,76,46,30,84,53,1,9,20,1
S01013363,50 to 64,116,71,68,3,45,14,0,10,16,5
S01013363,65 to 74,78,48,48,0,30,3,0,1,13,13
S01013363,75 to 84,34,9,9,0,25,1,0,0,3,21
S01013363,85 and over,8,2,2,0,6,1,0,0,0,5
S01013364,All people aged 16 and over in households,719,472,386,86,247,152,1,16,38,40
S01013364,16 to 24,95,14,0,14,81,81,0,0,0,0
S01013364,25 to 34,95,63,43,20,32,27,1,3,1,0
S01013364,35 to 49,242,190,147,43,52,25,0,9,16,2
S01013364,50 to 64,160,124,119,5,36,11,0,3,15,7
S01013364,65 to 74,98,64,60,4,34,7,0,1,4,22
S01013364,75 to 84,24,17,17,0,7,1,0,0,2,4
S01013364,85 and over,5,0,0,0,5,0,0,0,0,5
S01013365,All people aged 16 and over in households,668,432,350,82,236,143,2,12,43,36
S01013365,16 to 24,67,14,1,13,53,53,0,0,0,0
S01013365,25 to 34,91,51,25,26,40,39,0,1,0,0
S01013365,35 to 49,180,122,95,27,58,35,1,7,14,1
S01013365,50 to 64,211,165,153,12,46,13,1,3,21,8
S01013365,65 to 74,92,67,65,2,25,2,0,1,8,14
S01013365,75 to 84,25,13,11,2,12,1,0,0,0,11
S01013365,85 and over,2,0,0,0,2,0,0,0,0,2
S01013366,All people aged 16 and over in households,699,460,382,78,239,164,4,19,34,18
S01013366,16 to 24,103,9,1,8,94,94,0,0,0,0
S01013366,25 to 34,117,74,46,28,43,37,2,2,2,0
S01013366,35 to 49,248,196,159,37,52,26,1,7,17,1
S01013366,50 to 64,155,126,121,5,29,4,1,8,11,5
S01013366,65 to 74,64,49,49,0,15,2,0,1,4,8
S01013366,75 to 84,11,6,6,0,5,1,0,1,0,3
S01013366,85 and over,1,0,0,0,1,0,0,0,0,1
S01013367,All people aged 16 and over in households,470,312,262,50,158,100,1,11,25,21
S01013367,16 to 24,71,5,0,5,66,66,0,0,0,0
S01013367,25 to 34,48,33,16,17,15,15,0,0,0,0
S01013367,35 to 49,181,155,131,24,26,10,0,3,12,1
S01013367,50 to 64,122,93,90,3,29,7,1,5,8,8
S01013367,65 to 74,30,18,17,1,12,1,0,3,3,5
S01013367,75 to 84,17,8,8,0,9,1,0,0,2,6
S01013367,85 and over,1,0,0,0,1,0,0,0,0,1
S01013368,All people aged 16 and over in households,593,370,320,50,223,143,9,12,25,34
S01013368,16 to 24,87,2,0,2,85,84,1,0,0,0
S01013368,25 to 34,58,30,21,9,28,24,1,3,0,0
S01013368,35 to 49,184,146,120,26,38,18,4,4,9,3
S01013368,50 to 64,154,125,114,11,29,7,3,2,12,5
S01013368,65 to 74,66,46,44,2,20,4,0,3,4,9
S01013368,75 to 84,40,20,20,0,20,6,0,0,0,14
S01013368,85 and over,4,1,1,0,3,0,0,0,0,3
S01013369,All people aged 16 and over in households,711,358,270,88,353,176,6,26,75,70
S01013369,16 to 24,94,20,2,18,74,74,0,0,0,0
S01013369,25 to 34,105,53,24,29,52,44,1,6,1,0
S01013369,35 to 49,185,109,81,28,76,42,2,10,20,2
S01013369,50 to 64,156,100,92,8,56,9,0,7,34,6
S01013369,65 to 74,96,55,50,5,41,4,1,1,17,18
S01013369,75 to 84,56,20,20,0,36,3,2,2,2,27
S01013369,85 and over,19,1,1,0,18,0,0,0,1,17
S01013370,All people aged 16 and over in households,466,238,170,68,228,129,3,18,45,33
S01013370,16 to 24,83,16,2,14,67,67,0,0,0,0
S01013370,25 to 34,69,37,16,21,32,26,0,3,3,0
S01013370,35 to 49,122,66,46,20,56,25,1,11,18,1
S01013370,50 to 64,103,63,56,7,40,9,0,1,20,10
S01013370,65 to 74,57,42,36,6,15,1,1,1,2,10
S01013370,75 to 84,29,13,13,0,16,1,1,2,2,10
S01013370,85 and over,3,1,1,0,2,0,0,0,0,2
S01013371,All people aged 16 and over in households,558,312,276,36,246,105,4,18,38,81
S01013371,16 to 24,66,8,4,4,58,58,0,0,0,0
S01013371,25 to 34,48,24,15,9,24,22,0,1,1,0
S01013371,35 to 49,118,68,55,13,50,19,0,8,22,1
S01013371,50 to 64,114,90,83,7,24,1,2,6,9,6
S01013371,65 to 74,121,82,81,1,39,2,1,2,4,30
S01013371,75 to 84,76,39,37,2,37,3,1,0,1,32
S01013371,85 and over,15,1,1,0,14,0,0,1,1,12
S01013372,All people aged 16 and over in households,843,410,302,108,433,273,8,28,80,44
S01013372,16 to 24,156,21,3,18,135,133,1,0,1,0
S01013372,25 to 34,127,66,26,40,61,58,2,1,0,0
S01013372,35 to 49,258,142,109,33,116,62,2,15,34,3
S01013372,50 to 64,171,111,96,15,60,11,2,9,30,8
S01013372,65 to 74,79,44,42,2,35,5,1,3,13,13
S01013372,75 to 84,44,22,22,0,22,4,0,0,2,16
S01013372,85 and over,8,4,4,0,4,0,0,0,0,4
S01013373,All people aged 16 and over in households,757,402,328,74,355,195,5,28,70,57
S01013373,16 to 24,83,14,0,14,69,69,0,0,0,0
S01013373,25 to 34,109,50,30,20,59,54,1,4,0,0
S01013373,35 to 49,217,115,87,28,102,58,0,15,27,2
S01013373,50 to 64,162,108,97,11,54,10,3,7,28,6
S01013373,65 to 74,96,64,64,0,32,1,1,2,11,17
S01013373,75 to 84,79,47,46,1,32,1,0,0,4,27
S01013373,85 and over,11,4,4,0,7,2,0,0,0,5
S01013374,All people aged 16 and over in households,747,320,214,106,427,235,1,32,75,84
S01013374,16 to 24,128,17,1,16,111,109,0,2,0,0
S01013374,25 to 34,130,62,29,33,68,61,0,6,1,0
S01013374,35 to 49,174,84,50,34,90,44,0,16,29,1
S01013374,50 to 64,145,81,63,18,64,13,0,7,27,17
S01013374,65 to 74,90,58,53,5,32,6,0,0,11,15
S01013374,75 to 84,52,15,15,0,37,1,1,1,7,27
S01013374,85 and over,28,3,3,0,25,1,0,0,0,24
S01013375,All people aged 16 and over in households,467,258,190,68,209,120,1,13,34,41
S01013375,16 to 24,59,13,3,10,46,45,0,0,1,0
S01013375,25 to 34,76,36,10,26,40,39,0,0,1,0
S01013375,35 to 49,114,66,43,23,48,29,0,5,10,4
S01013375,50 to 64,102,75,70,5,27,5,1,6,10,5
S01013375,65 to 74,78,52,49,3,26,1,0,2,10,13
S01013375,75 to 84,33,15,14,1,18,1,0,0,1,16
S01013375,85 and over,5,1,1,0,4,0,0,0,1,3
S01013376,All people aged 16 and over in households,480,260,230,30,220,120,4,15,37,44
S01013376,16 to 24,57,7,0,7,50,50,0,0,0,0
S01013376,25 to 34,55,26,23,3,29,24,1,3,1,0
S01013376,35 to 49,113,73,61,12,40,23,2,5,9,1
S01013376,50 to 64,124,80,73,7,44,14,0,6,16,8
S01013376,65 to 74,86,52,51,1,34,5,0,1,9,19
S01013376,75 to 84,40,21,21,0,19,4,1,0,2,12
S01013376,85 and over,5,1,1,0,4,0,0,0,0,4
S01013377,All people aged 16 and over in households,654,366,296,70,288,150,3,15,40,80
S01013377,16 to 24,74,14,2,12,60,60,0,0,0,0
S01013377,25 to 34,79,42,20,22,37,32,1,3,1,0
S01013377,35 to 49,149,89,71,18,60,38,0,9,12,1
S01013377,50 to 64,165,121,105,16,44,14,1,3,13,13
S01013377,65 to 74,91,57,56,1,34,5,0,0,12,17
S01013377,75 to 84,77,38,37,1,39,0,0,0,1,38
S01013377,85 and over,19,5,5,0,14,1,1,0,1,11
S01013378,All people aged 16 and over in households,788,438,344,94,350,225,4,24,51,46
S01013378,16 to 24,131,10,0,10,121,120,0,1,0,0
S01013378,25 to 34,112,52,26,26,60,55,0,3,2,0
S01013378,35 to 49,226,155,115,40,71,41,1,11,13,5
S01013378,50 to 64,190,149,135,14,41,6,3,6,22,4
S01013378,65 to 74,91,57,55,2,34,3,0,1,9,21
S01013378,75 to 84,30,12,10,2,18,0,0,1,5,12
S01013378,85 and over,8,3,3,0,5,0,0,1,0,4
S01013379,All people aged 16 and over in households,705,462,400,62,243,161,3,14,29,36
S01013379,16 to 24,85,6,2,4,79,79,0,0,0,0
S01013379,25 to 34,90,46,28,18,44,41,2,0,1,0
S01013379,35 to 49,192,134,107,27,58,36,0,8,11,3
S01013379,50 to 64,214,185,175,10,29,5,0,5,12,7
S01013379,65 to 74,83,67,64,3,16,0,1,0,3,12
S01013379,75 to 84,36,22,22,0,14,0,0,1,2,11
S01013379,85 and over,5,2,2,0,3,0,0,0,0,3
S01013380,All people aged 16 and over in households,87,52,50,2,35,24,0,2,3,6
S01013380,16 to 24,18,0,0,0,18,18,0,0,0,0
S01013380,25 to 34,5,3,1,2,2,2,0,0,0,0
S01013380,35 to 49,23,17,17,0,6,2,0,2,2,0
S01013380,50 to 64,20,17,17,0,3,2,0,0,1,0
S01013380,65 to 74,12,9,9,0,3,0,0,0,0,3
S01013380,75 to 84,6,5,5,0,1,0,0,0,0,1
S01013380,85 and over,3,1,1,0,2,0,0,0,0,2
S01013381,All people aged 16 and over in households,403,234,192,42,169,93,4,12,21,39
S01013381,16 to 24,54,9,0,9,45,45,0,0,0,0
S01013381,25 to 34,53,28,12,16,25,19,1,3,1,1
S01013381,35 to 49,109,74,61,13,35,19,2,4,9,1
S01013381,50 to 64,90,67,63,4,23,4,0,4,9,6
S01013381,65 to 74,74,53,53,0,21,5,0,0,2,14
S01013381,75 to 84,18,3,3,0,15,1,1,1,0,12
S01013381,85 and over,5,0,0,0,5,0,0,0,0,5
S01013382,All people aged 16 and over in households,446,298,232,66,148,95,1,13,8,31
S01013382,16 to 24,54,7,0,7,47,46,0,1,0,0
S01013382,25 to 34,81,51,26,25,30,28,0,2,0,0
S01013382,35 to 49,135,109,84,25,26,14,1,6,3,2
S01013382,50 to 64,105,87,79,8,18,6,0,2,5,5
S01013382,65 to 74,46,34,34,0,12,1,0,2,0,9
S01013382,75 to 84,16,7,7,0,9,0,0,0,0,9
S01013382,85 and over,9,3,2,1,6,0,0,0,0,6
S01013383,All people aged 16 and over in households,581,282,216,66,299,158,2,17,57,65
S01013383,16 to 24,88,25,2,23,63,63,0,0,0,0
S01013383,25 to 34,58,25,14,11,33,25,1,5,2,0
S01013383,35 to 49,150,93,70,23,57,39,0,1,15,2
S01013383,50 to 64,118,59,56,3,59,21,1,8,21,8
S01013383,65 to 74,91,53,49,4,38,3,0,1,13,21
S01013383,75 to 84,63,27,25,2,36,5,0,2,4,25
S01013383,85 and over,13,0,0,0,13,2,0,0,2,9
S01013384,All people aged 16 and over in households,616,358,272,86,258,128,2,19,47,62
S01013384,16 to 24,72,17,0,17,55,55,0,0,0,0
S01013384,25 to 34,77,49,21,28,28,27,0,1,0,0
S01013384,35 to 49,168,116,85,31,52,25,0,14,11,2
S01013384,50 to 64,142,100,91,9,42,9,0,3,24,6
S01013384,65 to 74,85,57,56,1,28,5,0,1,6,16
S01013384,75 to 84,54,14,14,0,40,6,2,0,5,27
S01013384,85 and over,18,5,5,0,13,1,0,0,1,11
S01013385,All people aged 16 and over in households,402,254,216,38,148,82,3,12,23,28
S01013385,16 to 24,42,8,1,7,34,34,0,0,0,0
S01013385,25 to 34,67,51,29,22,16,16,0,0,0,0
S01013385,35 to 49,94,60,52,8,34,19,0,6,7,2
S01013385,50 to 64,113,84,83,1,29,8,2,4,12,3
S01013385,65 to 74,51,34,34,0,17,4,0,2,3,8
S01013385,75 to 84,32,16,16,0,16,1,1,0,1,13
S01013385,85 and over,3,1,1,0,2,0,0,0,0,2
S01013386,All people aged 16 and over in households,684,508,444,64,176,118,0,5,25,28
S01013386,16 to 24,86,7,3,4,79,79,0,0,0,0
S01013386,25 to 34,80,58,40,18,22,22,0,0,0,0
S01013386,35 to 49,208,184,157,27,24,11,0,1,11,1
S01013386,50 to 64,192,162,149,13,30,5,0,4,13,8
S01013386,65 to 74,88,75,73,2,13,0,0,0,1,12
S01013386,75 to 84,26,21,21,0,5,0,0,0,0,5
S01013386,85 and over,4,1,1,0,3,1,0,0,0,2
S01013387,All people aged 16 and over in households,471,246,182,64,225,116,3,18,34,54
S01013387,16 to 24,60,10,1,9,50,50,0,0,0,0
S01013387,25 to 34,72,42,18,24,30,26,0,2,2,0
S01013387,35 to 49,122,75,55,20,47,21,1,11,12,2
S01013387,50 to 64,106,68,60,8,38,12,1,5,10,10
S01013387,65 to 74,47,27,24,3,20,5,0,0,8,7
S01013387,75 to 84,58,24,24,0,34,2,1,0,2,29
S01013387,85 and over,6,0,0,0,6,0,0,0,0,6
S01013388,All people aged 16 and over in households,617,324,266,58,293,120,3,21,49,100
S01013388,16 to 24,56,5,1,4,51,48,0,1,2,0
S01013388,25 to 34,73,44,22,22,29,28,0,0,1,0
S01013388,35 to 49,145,95,76,19,50,27,0,11,11,1
S01013388,50 to 64,134,87,77,10,47,10,1,7,22,7
S01013388,65 to 74,122,73,70,3,49,4,0,2,10,33
S01013388,75 to 84,63,20,20,0,43,1,0,0,2,40
S01013388,85 and over,24,0,0,0,24,2,2,0,1,19
S01013389,All people aged 16 and over in households,623,366,276,90,257,158,1,23,42,33
S01013389,16 to 24,80,12,0,12,68,68,0,0,0,0
S01013389,25 to 34,115,69,26,43,46,40,0,4,2,0
S01013389,35 to 49,170,107,83,24,63,35,0,13,14,1
S01013389,50 to 64,160,118,110,8,42,11,0,5,17,9
S01013389,65 to 74,63,46,43,3,17,2,1,1,6,7
S01013389,75 to 84,27,14,14,0,13,2,0,0,2,9
S01013389,85 and over,8,0,0,0,8,0,0,0,1,7
S01013390,All people aged 16 and over in households,382,217,178,39,165,90,1,13,24,37
S01013390,16 to 24,35,7,1,6,28,28,0,0,0,0
S01013390,25 to 34,53,18,6,12,35,34,0,1,0,0
S01013390,35 to 49,103,68,56,12,35,19,0,8,6,2
S01013390,50 to 64,116,82,74,8,34,9,0,4,14,7
S01013390,65 to 74,46,32,31,1,14,0,0,0,2,12
S01013390,75 to 84,22,8,8,0,14,0,1,0,2,11
S01013390,85 and over,7,2,2,0,5,0,0,0,0,5
S01013391,All people aged 16 and over in households,356,230,178,52,126,66,5,5,21,29
S01013391,16 to 24,38,5,0,5,33,33,0,0,0,0
S01013391,25 to 34,57,35,12,23,22,17,0,2,2,1
S01013391,35 to 49,85,64,50,14,21,12,3,0,6,0
S01013391,50 to 64,100,82,72,10,18,4,1,3,7,3
S01013391,65 to 74,38,28,28,0,10,0,0,0,5,5
S01013391,75 to 84,25,13,13,0,12,0,1,0,1,10
S01013391,85 and over,13,3,3,0,10,0,0,0,0,10
S01013392,All people aged 16 and over in households,549,428,340,88,121,80,5,9,20,7
S01013392,16 to 24,53,6,1,5,47,47,0,0,0,0
S01013392,25 to 34,139,115,78,37,24,22,0,1,0,1
S01013392,35 to 49,264,230,195,35,34,10,4,8,11,1
S01013392,50 to 64,72,60,50,10,12,1,1,0,9,1
S01013392,65 to 74,21,17,16,1,4,0,0,0,0,4
S01013392,75 to 84,0,0,0,0,0,0,0,0,0,0
S01013392,85 and over,0,0,0,0,0,0,0,0,0,0
S01013393,All people aged 16 and over in households,563,318,242,76,245,139,7,16,33,50
S01013393,16 to 24,69,11,1,10,58,58,0,0,0,0
S01013393,25 to 34,108,72,36,36,36,34,1,0,1,0
S01013393,35 to 49,160,107,85,22,53,32,2,8,10,1
S01013393,50 to 64,106,74,68,6,32,4,2,4,11,11
S01013393,65 to 74,78,47,47,0,31,6,1,3,8,13
S01013393,75 to 84,35,6,4,2,29,5,0,1,3,20
S01013393,85 and over,7,1,1,0,6,0,1,0,0,5
S01013394,All people aged 16 and over in households,534,290,230,60,244,156,3,10,37,38
S01013394,16 to 24,83,13,0,13,70,69,1,0,0,0
S01013394,25 to 34,78,31,14,17,47,43,1,3,0,0
S01013394,35 to 49,152,93,69,24,59,38,0,2,15,4
S01013394,50 to 64,125,93,89,4,32,3,0,5,16,8
S01013394,65 to 74,62,46,46,0,16,2,1,0,3,10
S01013394,75 to 84,27,11,9,2,16,1,0,0,3,12
S01013394,85 and over,7,3,3,0,4,0,0,0,0,4
S01013395,All people aged 16 and over in households,518,224,112,112,294,186,1,25,54,28
S01013395,16 to 24,109,43,5,38,66,64,0,2,0,0
S01013395,25 to 34,135,57,20,37,78,72,0,5,1,0
S01013395,35 to 49,133,63,42,21,70,37,0,13,17,3
S01013395,50 to 64,86,41,29,12,45,8,1,4,28,4
S01013395,65 to 74,30,17,14,3,13,2,0,0,4,7
S01013395,75 to 84,22,3,2,1,19,3,0,1,3,12
S01013395,85 and over,3,0,0,0,3,0,0,0,1,2
S01013396,All people aged 16 and over in households,501,410,312,98,91,62,1,8,8,12
S01013396,16 to 24,55,27,2,25,28,28,0,0,0,0
S01013396,25 to 34,185,162,128,34,23,22,0,1,0,0
S01013396,35 to 49,202,179,141,38,23,11,1,5,4,2
S01013396,50 to 64,49,38,37,1,11,1,0,2,4,4
S01013396,65 to 74,5,3,3,0,2,0,0,0,0,2
S01013396,75 to 84,4,1,1,0,3,0,0,0,0,3
S01013396,85 and over,1,0,0,0,1,0,0,0,0,1
S01013397,All people aged 16 and over in households,705,438,340,98,267,145,3,29,40,50
S01013397,16 to 24,91,16,3,13,75,75,0,0,0,0
S01013397,25 to 34,125,85,41,44,40,37,0,3,0,0
S01013397,35 to 49,192,133,109,24,59,23,0,19,16,1
S01013397,50 to 64,169,128,117,11,41,8,2,4,16,11
S01013397,65 to 74,72,53,48,5,19,1,1,1,7,9
S01013397,75 to 84,46,20,19,1,26,1,0,2,1,22
S01013397,85 and over,10,3,3,0,7,0,0,0,0,7
S01013398,All people aged 16 and over in households,446,320,290,30,126,103,3,7,6,7
S01013398,16 to 24,86,4,1,3,82,82,0,0,0,0
S01013398,25 to 34,62,50,42,8,12,12,0,0,0,0
S01013398,35 to 49,207,190,174,16,17,5,1,6,4,1
S01013398,50 to 64,70,62,59,3,8,2,1,1,2,2
S01013398,65 to 74,13,10,10,0,3,1,1,0,0,1
S01013398,75 to 84,8,4,4,0,4,1,0,0,0,3
S01013398,85 and over,0,0,0,0,0,0,0,0,0,0
S01013399,All people aged 16 and over in households,777,574,446,128,203,109,9,21,36,28
S01013399,16 to 24,76,15,3,12,61,61,0,0,0,0
S01013399,25 to 34,208,183,120,63,25,22,0,2,1,0
S01013399,35 to 49,287,233,187,46,54,16,3,12,22,1
S01013399,50 to 64,125,98,91,7,27,8,3,5,8,3
S01013399,65 to 74,58,38,38,0,20,1,2,2,3,12
S01013399,75 to 84,21,7,7,0,14,1,1,0,1,11
S01013399,85 and over,2,0,0,0,2,0,0,0,1,1
S01013400,All people aged 16 and over in households,537,290,208,82,247,155,3,20,37,32
S01013400,16 to 24,72,17,3,14,55,55,0,0,0,0
S01013400,25 to 34,111,58,27,31,53,49,1,3,0,0
S01013400,35 to 49,140,82,59,23,58,27,1,11,18,1
S01013400,50 to 64,131,81,74,7,50,18,1,5,18,8
S01013400,65 to 74,50,41,37,4,9,2,0,1,1,5
S01013400,75 to 84,29,11,8,3,18,3,0,0,0,15
S01013400,85 and over,4,0,0,0,4,1,0,0,0,3
S01013401,All people aged 16 and over in households,616,448,292,156,168,127,4,9,17,11
S01013401,16 to 24,88,29,1,28,59,58,1,0,0,0
S01013401,25 to 34,210,167,91,76,43,40,1,1,1,0
S01013401,35 to 49,238,193,146,47,45,26,0,4,13,2
S01013401,50 to 64,62,48,43,5,14,2,2,4,3,3
S01013401,65 to 74,13,11,11,0,2,0,0,0,0,2
S01013401,75 to 84,5,0,0,0,5,1,0,0,0,4
S01013401,85 and over,0,0,0,0,0,0,0,0,0,0
S01013402,All people aged 16 and over in households,769,564,386,178,205,142,2,18,35,8
S01013402,16 to 24,91,39,6,33,52,52,0,0,0,0
S01013402,25 to 34,298,237,144,93,61,51,0,6,4,0
S01013402,35 to 49,308,241,193,48,67,36,1,8,22,0
S01013402,50 to 64,59,41,37,4,18,2,1,3,9,3
S01013402,65 to 74,7,2,2,0,5,1,0,1,0,3
S01013402,75 to 84,5,4,4,0,1,0,0,0,0,1
S01013402,85 and over,1,0,0,0,1,0,0,0,0,1
S01013403,All people aged 16 and over in households,622,452,318,134,170,123,1,16,26,4
S01013403,16 to 24,97,40,0,40,57,57,0,0,0,0
S01013403,25 to 34,188,147,89,58,41,33,1,3,4,0
S01013403,35 to 49,263,210,176,34,53,27,0,11,15,0
S01013403,50 to 64,56,44,42,2,12,5,0,2,4,1
S01013403,65 to 74,18,11,11,0,7,1,0,0,3,3
S01013403,75 to 84,0,0,0,0,0,0,0,0,0,0
S01013403,85 and over,0,0,0,0,0,0,0,0,0,0
S01013404,All people aged 16 and over in households,422,282,208,74,140,97,0,19,20,4
S01013404,16 to 24,72,19,1,18,53,53,0,0,0,0
S01013404,25 to 34,102,75,49,26,27,23,0,3,1,0
S01013404,35 to 49,171,131,106,25,40,17,0,14,9,0
S01013404,50 to 64,61,44,39,5,17,4,0,2,9,2
S01013404,65 to 74,10,8,8,0,2,0,0,0,1,1
S01013404,75 to 84,2,2,2,0,0,0,0,0,0,0
S01013404,85 and over,4,3,3,0,1,0,0,0,0,1
S01013405,All people aged 16 and over in households,571,364,284,80,207,100,3,12,30,62
S01013405,16 to 24,62,20,3,17,42,42,0,0,0,0
S01013405,25 to 34,75,44,19,25,31,26,0,2,1,2
S01013405,35 to 49,142,108,80,28,34,15,1,4,14,0
S01013405,50 to 64,121,85,76,9,36,9,2,6,10,9
S01013405,65 to 74,98,71,70,1,27,4,0,0,4,19
S01013405,75 to 84,62,34,34,0,28,3,0,0,1,24
S01013405,85 and over,11,2,2,0,9,1,0,0,0,8
S01013406,All people aged 16 and over in households,505,282,208,74,223,133,1,15,45,29
S01013406,16 to 24,69,5,0,5,64,64,0,0,0,0
S01013406,25 to 34,89,52,31,21,37,36,0,0,1,0
S01013406,35 to 49,138,90,54,36,48,26,1,5,16,0
S01013406,50 to 64,103,64,53,11,39,5,0,8,23,3
S01013406,65 to 74,57,43,42,1,14,1,0,1,2,10
S01013406,75 to 84,39,22,22,0,17,0,0,1,3,13
S01013406,85 and over,10,6,6,0,4,1,0,0,0,3
S01013407,All people aged 16 and over in households,436,234,168,66,202,96,4,14,44,44
S01013407,16 to 24,48,8,1,7,40,40,0,0,0,0
S01013407,25 to 34,66,41,15,26,25,20,0,3,0,2
S01013407,35 to 49,131,68,47,21,63,29,2,9,22,1
S01013407,50 to 64,92,61,50,11,31,6,2,2,17,4
S01013407,65 to 74,49,32,31,1,17,0,0,0,4,13
S01013407,75 to 84,44,24,24,0,20,0,0,0,1,19
S01013407,85 and over,6,0,0,0,6,1,0,0,0,5
S01013408,All people aged 16 and over in households,519,262,184,78,257,138,1,16,43,59
S01013408,16 to 24,97,20,1,19,77,77,0,0,0,0
S01013408,25 to 34,80,49,15,34,31,30,0,1,0,0
S01013408,35 to 49,122,64,46,18,58,25,0,10,19,4
S01013408,50 to 64,81,54,48,6,27,4,0,4,14,5
S01013408,65 to 74,74,45,44,1,29,1,0,0,6,22
S01013408,75 to 84,57,30,30,0,27,1,1,1,3,21
S01013408,85 and over,8,0,0,0,8,0,0,0,1,7
S01013409,All people aged 16 and over in households,831,494,390,104,337,219,7,36,50,25
S01013409,16 to 24,143,24,1,23,119,118,0,1,0,0
S01013409,25 to 34,137,68,29,39,69,63,2,3,1,0
S01013409,35 to 49,248,178,145,33,70,27,1,20,21,1
S01013409,50 to 64,193,142,135,7,51,7,2,12,22,8
S01013409,65 to 74,81,63,63,0,18,3,1,0,5,9
S01013409,75 to 84,24,19,17,2,5,0,0,0,1,4
S01013409,85 and over,5,0,0,0,5,1,1,0,0,3
S01013410,All people aged 16 and over in households,486,242,122,120,244,149,3,23,46,23
S01013410,16 to 24,102,37,6,31,65,63,1,1,0,0
S01013410,25 to 34,149,85,24,61,64,56,0,6,2,0
S01013410,35 to 49,120,57,35,22,63,26,1,9,23,4
S01013410,50 to 64,70,36,31,5,34,3,1,6,19,5
S01013410,65 to 74,30,18,17,1,12,0,0,1,2,9
S01013410,75 to 84,13,9,9,0,4,0,0,0,0,4
S01013410,85 and over,2,0,0,0,2,1,0,0,0,1
S01013411,All people aged 16 and over in households,604,360,284,76,244,143,7,16,47,31
S01013411,16 to 24,86,30,3,27,56,56,0,0,0,0
S01013411,25 to 34,102,53,30,23,49,46,1,0,2,0
S01013411,35 to 49,177,108,88,20,69,29,3,11,24,2
S01013411,50 to 64,131,90,86,4,41,11,3,5,17,5
S01013411,65 to 74,54,45,43,2,9,0,0,0,4,5
S01013411,75 to 84,44,32,32,0,12,1,0,0,0,11
S01013411,85 and over,10,2,2,0,8,0,0,0,0,8
S01013412,All people aged 16 and over in households,661,362,280,82,299,193,4,21,47,34
S01013412,16 to 24,112,20,5,15,92,91,0,1,0,0
S01013412,25 to 34,105,65,39,26,40,37,0,2,0,1
S01013412,35 to 49,210,136,105,31,74,45,0,8,17,4
S01013412,50 to 64,138,91,83,8,47,12,3,7,23,2
S01013412,65 to 74,58,34,32,2,24,5,1,3,4,11
S01013412,75 to 84,32,12,12,0,20,3,0,0,3,14
S01013412,85 and over,6,4,4,0,2,0,0,0,0,2
S01013413,All people aged 16 and over in households,636,452,378,74,184,103,4,15,29,33
S01013413,16 to 24,59,6,0,6,53,53,0,0,0,0
S01013413,25 to 34,71,53,25,28,18,16,1,1,0,0
S01013413,35 to 49,188,159,131,28,29,13,0,9,7,0
S01013413,50 to 64,158,134,122,12,24,10,1,2,9,2
S01013413,65 to 74,76,52,52,0,24,7,0,1,11,5
S01013413,75 to 84,63,42,42,0,21,2,1,2,2,14
S01013413,85 and over,21,6,6,0,15,2,1,0,0,12
S01013414,All people aged 16 and over in households,713,318,230,88,395,194,9,31,65,96
S01013414,16 to 24,90,26,3,23,64,64,0,0,0,0
S01013414,25 to 34,129,77,28,49,52,45,0,2,5,0
S01013414,35 to 49,147,61,50,11,86,53,5,13,15,0
S01013414,50 to 64,133,70,67,3,63,13,3,9,34,4
S01013414,65 to 74,95,42,41,1,53,12,0,2,8,31
S01013414,75 to 84,89,37,36,1,52,5,0,3,2,42
S01013414,85 and over,30,5,5,0,25,2,1,2,1,19
S01013415,All people aged 16 and over in households,566,206,148,58,360,200,4,22,73,61
S01013415,16 to 24,67,15,0,15,52,52,0,0,0,0
S01013415,25 to 34,102,35,17,18,67,60,0,6,1,0
S01013415,35 to 49,116,49,31,18,67,48,0,8,11,0
S01013415,50 to 64,124,49,43,6,75,21,2,5,38,9
S01013415,65 to 74,80,38,38,0,42,10,0,1,19,12
S01013415,75 to 84,57,19,18,1,38,8,2,2,2,24
S01013415,85 and over,20,1,1,0,19,1,0,0,2,16
S01013416,All people aged 16 and over in households,491,240,176,64,251,140,12,15,39,45
S01013416,16 to 24,64,8,1,7,56,56,0,0,0,0
S01013416,25 to 34,78,43,19,24,35,35,0,0,0,0
S01013416,35 to 49,133,77,55,22,56,31,3,10,11,1
S01013416,50 to 64,125,74,64,10,51,10,6,5,21,9
S01013416,65 to 74,52,27,26,1,25,4,1,0,6,14
S01013416,75 to 84,31,9,9,0,22,3,2,0,1,16
S01013416,85 and over,8,2,2,0,6,1,0,0,0,5
S01013417,All people aged 16 and over in households,721,368,250,118,353,216,7,17,75,38
S01013417,16 to 24,97,36,2,34,61,61,0,0,0,0
S01013417,25 to 34,140,67,27,40,73,68,1,2,2,0
S01013417,35 to 49,173,87,55,32,86,56,3,7,20,0
S01013417,50 to 64,170,91,79,12,79,22,2,7,40,8
S01013417,65 to 74,84,59,59,0,25,6,1,1,5,12
S01013417,75 to 84,50,27,27,0,23,2,0,0,6,15
S01013417,85 and over,7,1,1,0,6,1,0,0,2,3
S01013418,All people aged 16 and over in households,510,286,234,52,224,145,6,11,27,35
S01013418,16 to 24,67,2,1,1,65,65,0,0,0,0
S01013418,25 to 34,93,43,27,16,50,42,4,2,2,0
S01013418,35 to 49,151,112,86,26,39,25,0,5,9,0
S01013418,50 to 64,120,83,75,8,37,10,2,4,16,5
S01013418,65 to 74,45,29,28,1,16,3,0,0,0,13
S01013418,75 to 84,31,17,17,0,14,0,0,0,0,14
S01013418,85 and over,3,0,0,0,3,0,0,0,0,3
S01013419,All people aged 16 and over in households,387,266,238,28,121,81,2,8,14,16
S01013419,16 to 24,47,1,0,1,46,45,1,0,0,0
S01013419,25 to 34,44,22,15,7,22,22,0,0,0,0
S01013419,35 to 49,116,101,89,12,15,5,0,5,4,1
S01013419,50 to 64,108,89,83,6,19,7,0,1,9,2
S01013419,65 to 74,48,37,36,1,11,1,0,1,1,8
S01013419,75 to 84,24,16,15,1,8,1,1,1,0,5
S01013419,85 and over,0,0,0,0,0,0,0,0,0,0
S01013420,All people aged 16 and over in households,468,280,238,42,188,119,1,11,30,27
S01013420,16 to 24,62,11,4,7,51,51,0,0,0,0
S01013420,25 to 34,71,44,30,14,27,23,0,0,4,0
S01013420,35 to 49,142,96,83,13,46,31,0,3,12,0
S01013420,50 to 64,102,71,68,3,31,7,0,7,12,5
S01013420,65 to 74,48,35,32,3,13,4,0,1,1,7
S01013420,75 to 84,35,19,17,2,16,2,0,0,1,13
S01013420,85 and over,8,4,4,0,4,1,1,0,0,2
S01013421,All people aged 16 and over in households,565,430,364,66,135,89,0,22,17,7
S01013421,16 to 24,62,2,0,2,60,60,0,0,0,0
S01013421,25 to 34,111,93,70,23,18,14,0,4,0,0
S01013421,35 to 49,264,232,208,24,32,10,0,12,9,1
S01013421,50 to 64,97,78,65,13,19,5,0,5,7,2
S01013421,65 to 74,22,17,14,3,5,0,0,1,1,3
S01013421,75 to 84,9,8,7,1,1,0,0,0,0,1
S01013421,85 and over,0,0,0,0,0,0,0,0,0,0
S01013422,All people aged 16 and over in households,591,362,284,78,229,131,3,14,29,52
S01013422,16 to 24,78,9,1,8,69,69,0,0,0,0
S01013422,25 to 34,89,64,34,30,25,21,1,1,2,0
S01013422,35 to 49,166,122,99,23,44,25,0,9,10,0
S01013422,50 to 64,141,104,91,13,37,13,2,4,13,5
S01013422,65 to 74,66,49,46,3,17,3,0,0,3,11
S01013422,75 to 84,33,10,10,0,23,0,0,0,1,22
S01013422,85 and over,18,4,3,1,14,0,0,0,0,14
S01013423,All people aged 16 and over in households,668,418,368,50,250,146,7,14,26,57
S01013423,16 to 24,94,1,0,1,93,92,1,0,0,0
S01013423,25 to 34,67,40,17,23,27,23,1,2,1,0
S01013423,35 to 49,214,173,147,26,41,18,3,8,7,5
S01013423,50 to 64,171,135,135,0,36,11,1,3,15,6
S01013423,65 to 74,82,54,54,0,28,1,1,1,3,22
S01013423,75 to 84,30,13,13,0,17,1,0,0,0,16
S01013423,85 and over,10,2,2,0,8,0,0,0,0,8
S01013424,All people aged 16 and over in households,386,265,246,19,121,77,4,6,18,16
S01013424,16 to 24,50,5,0,5,45,44,1,0,0,0
S01013424,25 to 34,34,17,13,4,17,16,1,0,0,0
S01013424,35 to 49,148,120,111,9,28,14,1,4,9,0
S01013424,50 to 64,96,82,81,1,14,2,0,2,8,2
S01013424,65 to 74,42,34,34,0,8,1,0,0,1,6
S01013424,75 to 84,13,7,7,0,6,0,0,0,0,6
S01013424,85 and over,3,0,0,0,3,0,1,0,0,2
S01013425,All people aged 16 and over in households,358,216,192,24,142,74,2,14,22,30
S01013425,16 to 24,36,1,0,1,35,35,0,0,0,0
S01013425,25 to 34,50,28,19,9,22,20,1,0,1,0
S01013425,35 to 49,98,74,61,13,24,11,1,6,6,0
S01013425,50 to 64,102,76,75,1,26,7,0,4,13,2
S01013425,65 to 74,46,29,29,0,17,0,0,4,1,12
S01013425,75 to 84,20,8,8,0,12,1,0,0,1,10
S01013425,85 and over,6,0,0,0,6,0,0,0,0,6
S01013426,All people aged 16 and over in households,667,364,290,74,303,176,6,22,44,55
S01013426,16 to 24,77,9,2,7,68,68,0,0,0,0
S01013426,25 to 34,98,40,19,21,58,52,3,2,1,0
S01013426,35 to 49,166,102,72,30,64,40,0,10,12,2
S01013426,50 to 64,178,137,123,14,41,10,1,5,19,6
S01013426,65 to 74,92,56,55,1,36,4,0,5,10,17
S01013426,75 to 84,40,15,14,1,25,1,2,0,2,20
S01013426,85 and over,16,5,5,0,11,1,0,0,0,10
S01013427,All people aged 16 and over in households,348,234,192,42,114,67,0,13,19,15
S01013427,16 to 24,47,4,1,3,43,43,0,0,0,0
S01013427,25 to 34,47,41,22,19,6,6,0,0,0,0
S01013427,35 to 49,166,131,118,13,35,15,0,12,7,1
S01013427,50 to 64,60,44,37,7,16,3,0,1,11,1
S01013427,65 to 74,12,8,8,0,4,0,0,0,0,4
S01013427,75 to 84,13,6,6,0,7,0,0,0,1,6
S01013427,85 and over,3,0,0,0,3,0,0,0,0,3
S01013428,All people aged 16 and over in households,739,396,274,122,343,219,6,22,53,43
S01013428,16 to 24,145,30,4,26,115,114,0,1,0,0
S01013428,25 to 34,133,74,31,43,59,55,0,2,1,1
S01013428,35 to 49,211,135,93,42,76,36,2,13,22,3
S01013428,50 to 64,160,108,97,11,52,11,3,5,20,13
S01013428,65 to 74,70,45,45,0,25,1,0,1,10,13
S01013428,75 to 84,18,4,4,0,14,2,1,0,0,11
S01013428,85 and over,2,0,0,0,2,0,0,0,0,2
S01013429,All people aged 16 and over in households,549,338,256,82,211,131,0,12,35,33
S01013429,16 to 24,72,17,1,16,55,55,0,0,0,0
S01013429,25 to 34,110,66,34,32,44,44,0,0,0,0
S01013429,35 to 49,163,115,88,27,48,27,0,6,13,2
S01013429,50 to 64,120,91,84,7,29,4,0,4,15,6
S01013429,65 to 74,60,37,37,0,23,1,0,2,7,13
S01013429,75 to 84,20,12,12,0,8,0,0,0,0,8
S01013429,85 and over,4,0,0,0,4,0,0,0,0,4
S01013430,All people aged 16 and over in households,552,392,334,58,160,90,2,13,26,29
S01013430,16 to 24,66,12,1,11,54,54,0,0,0,0
S01013430,25 to 34,77,61,43,18,16,14,0,2,0,0
S01013430,35 to 49,165,130,113,17,35,14,0,10,10,1
S01013430,50 to 64,153,127,116,11,26,5,1,1,11,8
S01013430,65 to 74,60,47,46,1,13,2,0,0,3,8
S01013430,75 to 84,23,9,9,0,14,1,1,0,2,10
S01013430,85 and over,8,6,6,0,2,0,0,0,0,2
S01013431,All people aged 16 and over in households,563,308,247,61,255,124,7,18,48,58
S01013431,16 to 24,90,12,0,12,78,78,0,0,0,0
S01013431,25 to 34,59,34,23,11,25,21,0,1,3,0
S01013431,35 to 49,153,99,74,25,54,21,0,12,19,2
S01013431,50 to 64,130,92,85,7,38,3,2,5,19,9
S01013431,65 to 74,78,52,47,5,26,1,0,0,6,19
S01013431,75 to 84,47,18,17,1,29,0,5,0,1,23
S01013431,85 and over,6,1,1,0,5,0,0,0,0,5
S01013432,All people aged 16 and over in households,566,372,312,60,194,121,2,14,33,24
S01013432,16 to 24,61,8,1,7,53,53,0,0,0,0
S01013432,25 to 34,77,44,31,13,33,32,0,1,0,0
S01013432,35 to 49,180,140,116,24,40,22,1,8,9,0
S01013432,50 to 64,163,126,110,16,37,10,0,4,17,6
S01013432,65 to 74,61,41,41,0,20,3,0,1,5,11
S01013432,75 to 84,20,13,13,0,7,1,1,0,2,3
S01013432,85 and over,4,0,0,0,4,0,0,0,0,4
S01013433,All people aged 16 and over in households,601,430,380,50,171,93,3,7,31,37
S01013433,16 to 24,57,3,1,2,54,54,0,0,0,0
S01013433,25 to 34,44,29,27,2,15,14,0,1,0,0
S01013433,35 to 49,183,151,117,34,32,16,1,4,10,1
S01013433,50 to 64,182,162,153,9,20,5,0,1,11,3
S01013433,65 to 74,83,61,58,3,22,2,0,1,7,12
S01013433,75 to 84,46,24,24,0,22,1,2,0,3,16
S01013433,85 and over,6,0,0,0,6,1,0,0,0,5
S01013434,All people aged 16 and over in households,421,302,272,30,119,75,1,5,18,20
S01013434,16 to 24,54,2,0,2,52,52,0,0,0,0
S01013434,25 to 34,32,22,14,8,10,8,0,0,2,0
S01013434,35 to 49,150,135,120,15,15,8,1,1,4,1
S01013434,50 to 64,124,106,101,5,18,1,0,4,10,3
S01013434,65 to 74,38,27,27,0,11,4,0,0,2,5
S01013434,75 to 84,18,10,10,0,8,1,0,0,0,7
S01013434,85 and over,5,0,0,0,5,1,0,0,0,4
S01013435,All people aged 16 and over in households,488,366,336,30,122,95,2,6,12,7
S01013435,16 to 24,76,3,0,3,73,73,0,0,0,0
S01013435,25 to 34,30,16,8,8,14,12,1,0,1,0
S01013435,35 to 49,191,182,172,10,9,2,1,3,3,0
S01013435,50 to 64,157,137,130,7,20,6,0,3,8,3
S01013435,65 to 74,26,21,19,2,5,2,0,0,0,3
S01013435,75 to 84,7,6,6,0,1,0,0,0,0,1
S01013435,85 and over,1,1,1,0,0,0,0,0,0,0
S01013436,All people aged 16 and over in households,662,378,344,34,284,166,1,24,37,56
S01013436,16 to 24,91,3,0,3,88,88,0,0,0,0
S01013436,25 to 34,64,33,25,8,31,25,0,4,2,0
S01013436,35 to 49,231,165,150,15,66,34,1,14,14,3
S01013436,50 to 64,162,118,113,5,44,16,0,4,18,6
S01013436,65 to 74,67,42,40,2,25,3,0,2,3,17
S01013436,75 to 84,37,17,16,1,20,0,0,0,0,20
S01013436,85 and over,10,0,0,0,10,0,0,0,0,10
S01013437,All people aged 16 and over in households,561,324,228,96,237,153,2,22,31,29
S01013437,16 to 24,74,18,1,17,56,56,0,0,0,0
S01013437,25 to 34,118,79,32,47,39,36,0,3,0,0
S01013437,35 to 49,150,84,64,20,66,41,1,12,9,3
S01013437,50 to 64,132,91,81,10,41,14,1,5,15,6
S01013437,65 to 74,49,32,31,1,17,4,0,0,6,7
S01013437,75 to 84,34,20,19,1,14,2,0,2,0,10
S01013437,85 and over,4,0,0,0,4,0,0,0,1,3
S01013438,All people aged 16 and over in households,469,246,180,66,223,118,4,16,43,42
S01013438,16 to 24,50,13,2,11,37,37,0,0,0,0
S01013438,25 to 34,86,49,20,29,37,32,0,3,2,0
S01013438,35 to 49,130,77,63,14,53,29,4,5,15,0
S01013438,50 to 64,103,66,58,8,37,12,0,4,18,3
S01013438,65 to 74,61,37,33,4,24,5,0,2,7,10
S01013438,75 to 84,27,3,3,0,24,3,0,0,1,20
S01013438,85 and over,12,1,1,0,11,0,0,2,0,9
S01013439,All people aged 16 and over in households,738,580,528,52,158,99,1,4,16,38
S01013439,16 to 24,70,2,0,2,68,68,0,0,0,0
S01013439,25 to 34,41,28,22,6,13,13,0,0,0,0
S01013439,35 to 49,198,180,148,32,18,13,0,1,4,0
S01013439,50 to 64,241,220,208,12,21,4,1,2,10,4
S01013439,65 to 74,144,120,120,0,24,1,0,1,2,20
S01013439,75 to 84,43,30,30,0,13,0,0,0,0,13
S01013439,85 and over,1,0,0,0,1,0,0,0,0,1
S01013440,All people aged 16 and over in households,821,630,600,30,191,132,2,6,24,27
S01013440,16 to 24,96,4,0,4,92,92,0,0,0,0
S01013440,25 to 34,53,29,26,3,24,24,0,0,0,0
S01013440,35 to 49,215,196,183,13,19,11,1,2,4,1
S01013440,50 to 64,281,251,243,8,30,4,1,4,14,7
S01013440,65 to 74,122,108,106,2,14,1,0,0,5,8
S01013440,75 to 84,53,42,42,0,11,0,0,0,1,10
S01013440,85 and over,1,0,0,0,1,0,0,0,0,1
S01013441,All people aged 16 and over in households,613,444,392,52,169,97,3,11,24,34
S01013441,16 to 24,46,3,0,3,43,43,0,0,0,0
S01013441,25 to 34,78,55,26,29,23,23,0,0,0,0
S01013441,35 to 49,165,138,126,12,27,16,1,3,7,0
S01013441,50 to 64,185,149,143,6,36,10,1,7,14,4
S01013441,65 to 74,79,68,66,2,11,1,0,0,1,9
S01013441,75 to 84,48,28,28,0,20,4,1,1,2,12
S01013441,85 and over,12,3,3,0,9,0,0,0,0,9
S01013442,All people aged 16 and over in households,633,408,364,44,225,147,1,12,41,24
S01013442,16 to 24,85,6,2,4,79,78,1,0,0,0
S01013442,25 to 34,103,65,45,20,38,36,0,0,2,0
S01013442,35 to 49,175,129,115,14,46,22,0,8,15,1
S01013442,50 to 64,178,148,142,6,30,6,0,2,19,3
S01013442,65 to 74,66,48,48,0,18,3,0,1,4,10
S01013442,75 to 84,23,12,12,0,11,2,0,1,1,7
S01013442,85 and over,3,0,0,0,3,0,0,0,0,3
S01013443,All people aged 16 and over in households,509,314,270,44,195,103,2,14,38,38
S01013443,16 to 24,49,8,0,8,41,41,0,0,0,0
S01013443,25 to 34,76,49,31,18,27,26,0,0,1,0
S01013443,35 to 49,152,102,85,17,50,23,2,11,12,2
S01013443,50 to 64,126,95,94,1,31,8,0,2,18,3
S01013443,65 to 74,54,40,40,0,14,3,0,1,3,7
S01013443,75 to 84,37,17,17,0,20,1,0,0,1,18
S01013443,85 and over,15,3,3,0,12,1,0,0,3,8
S01013444,All people aged 16 and over in households,814,394,274,120,420,210,4,27,78,101
S01013444,16 to 24,98,29,10,19,69,68,1,0,0,0
S01013444,25 to 34,139,74,38,36,65,55,1,3,5,1
S01013444,35 to 49,193,118,75,43,75,47,1,14,13,0
S01013444,50 to 64,199,123,103,20,76,22,0,8,34,12
S01013444,65 to 74,74,28,26,2,46,12,1,2,17,14
S01013444,75 to 84,76,17,17,0,59,4,0,0,8,47
S01013444,85 and over,35,5,5,0,30,2,0,0,1,27
S01013445,All people aged 16 and over in households,487,336,318,18,151,86,1,4,8,52
S01013445,16 to 24,45,0,0,0,45,45,0,0,0,0
S01013445,25 to 34,27,10,7,3,17,17,0,0,0,0
S01013445,35 to 49,140,127,122,5,13,10,0,1,2,0
S01013445,50 to 64,148,139,130,9,9,2,1,0,4,2
S01013445,65 to 74,44,33,32,1,11,5,0,1,0,5
S01013445,75 to 84,59,24,24,0,35,4,0,1,0,30
S01013445,85 and over,24,3,3,0,21,3,0,1,2,15
S01013446,All people aged 16 and over in households,578,362,304,58,216,108,4,16,32,56
S01013446,16 to 24,54,6,0,6,48,48,0,0,0,0
S01013446,25 to 34,64,33,13,20,31,29,0,2,0,0
S01013446,35 to 49,151,116,98,18,35,16,0,11,8,0
S01013446,50 to 64,169,131,120,11,38,9,1,3,19,6
S01013446,65 to 74,70,52,51,1,18,4,1,0,4,9
S01013446,75 to 84,57,23,22,1,34,2,2,0,0,30
S01013446,85 and over,13,1,0,1,12,0,0,0,1,11
S01013447,All people aged 16 and over in households,421,324,294,30,97,71,1,12,9,4
S01013447,16 to 24,60,3,1,2,57,57,0,0,0,0
S01013447,25 to 34,38,31,23,8,7,6,1,0,0,0
S01013447,35 to 49,232,213,194,19,19,6,0,7,5,1
S01013447,50 to 64,80,69,68,1,11,2,0,5,3,1
S01013447,65 to 74,9,6,6,0,3,0,0,0,1,2
S01013447,75 to 84,2,2,2,0,0,0,0,0,0,0
S01013447,85 and over,0,0,0,0,0,0,0,0,0,0
S01013448,All people aged 16 and over in households,688,434,396,38,254,119,2,16,30,87
S01013448,16 to 24,51,3,0,3,48,48,0,0,0,0
S01013448,25 to 34,73,44,35,9,29,28,0,0,1,0
S01013448,35 to 49,141,106,86,20,35,25,0,6,4,0
S01013448,50 to 64,206,165,161,4,41,11,2,4,16,8
S01013448,65 to 74,106,81,79,2,25,2,0,5,4,14
S01013448,75 to 84,80,30,30,0,50,5,0,1,3,41
S01013448,85 and over,31,5,5,0,26,0,0,0,2,24
S01013449,All people aged 16 and over in households,524,354,316,38,170,96,1,8,30,35
S01013449,16 to 24,59,2,0,2,57,57,0,0,0,0
S01013449,25 to 34,61,40,23,17,21,19,0,0,2,0
S01013449,35 to 49,146,117,108,9,29,14,1,7,6,1
S01013449,50 to 64,162,134,124,10,28,5,0,1,16,6
S01013449,65 to 74,71,46,46,0,25,0,0,0,6,19
S01013449,75 to 84,19,12,12,0,7,1,0,0,0,6
S01013449,85 and over,6,3,3,0,3,0,0,0,0,3
S01013450,All people aged 16 and over in households,470,322,280,42,148,103,0,9,22,14
S01013450,16 to 24,55,5,0,5,50,50,0,0,0,0
S01013450,25 to 34,85,56,36,20,29,28,0,0,1,0
S01013450,35 to 49,141,113,101,12,28,18,0,2,7,1
S01013450,50 to 64,130,106,101,5,24,6,0,6,9,3
S01013450,65 to 74,40,31,31,0,9,0,0,1,4,4
S01013450,75 to 84,16,9,9,0,7,1,0,0,1,5
S01013450,85 and over,3,2,2,0,1,0,0,0,0,1
S01013451,All people aged 16 and over in households,668,478,436,42,190,152,1,10,15,12
S01013451,16 to 24,118,5,0,5,113,113,0,0,0,0
S01013451,25 to 34,54,34,28,6,20,19,0,1,0,0
S01013451,35 to 49,238,208,197,11,30,16,0,8,5,1
S01013451,50 to 64,221,201,183,18,20,4,1,1,8,6
S01013451,65 to 74,25,23,22,1,2,0,0,0,2,0
S01013451,75 to 84,6,4,4,0,2,0,0,0,0,2
S01013451,85 and over,6,3,2,1,3,0,0,0,0,3
S01013452,All people aged 16 and over in households,606,434,376,58,172,118,2,16,20,16
S01013452,16 to 24,78,7,1,6,71,71,0,0,0,0
S01013452,25 to 34,69,51,25,26,18,18,0,0,0,0
S01013452,35 to 49,209,175,159,16,34,15,1,11,7,0
S01013452,50 to 64,173,150,140,10,23,9,0,2,9,3
S01013452,65 to 74,47,36,36,0,11,4,0,2,3,2
S01013452,75 to 84,18,9,9,0,9,1,1,1,1,5
S01013452,85 and over,12,6,6,0,6,0,0,0,0,6
S01013453,All people aged 16 and over in households,599,328,238,90,271,152,4,24,37,54
S01013453,16 to 24,88,20,0,20,68,68,0,0,0,0
S01013453,25 to 34,101,55,21,34,46,41,1,2,2,0
S01013453,35 to 49,176,114,86,28,62,28,1,17,16,0
S01013453,50 to 64,125,87,81,6,38,8,1,4,14,11
S01013453,65 to 74,57,36,34,2,21,5,0,0,3,13
S01013453,75 to 84,37,14,14,0,23,1,0,0,2,20
S01013453,85 and over,15,2,2,0,13,1,1,1,0,10
S01013454,All people aged 16 and over in households,600,432,378,54,168,93,3,12,21,39
S01013454,16 to 24,43,2,0,2,41,41,0,0,0,0
S01013454,25 to 34,75,50,34,16,25,20,1,4,0,0
S01013454,35 to 49,201,173,155,18,28,18,1,5,4,0
S01013454,50 to 64,166,136,119,17,30,9,0,2,12,7
S01013454,65 to 74,87,64,64,0,23,3,1,1,4,14
S01013454,75 to 84,22,7,6,1,15,1,0,0,1,13
S01013454,85 and over,6,0,0,0,6,1,0,0,0,5
S01013455,All people aged 16 and over in households,467,304,236,68,163,92,1,13,31,26
S01013455,16 to 24,39,11,4,7,28,27,0,0,1,0
S01013455,25 to 34,77,53,31,22,24,23,0,1,0,0
S01013455,35 to 49,125,87,65,22,38,25,0,7,6,0
S01013455,50 to 64,118,86,75,11,32,6,0,2,19,5
S01013455,65 to 74,68,50,44,6,18,6,0,2,4,6
S01013455,75 to 84,33,15,15,0,18,4,1,1,1,11
S01013455,85 and over,7,2,2,0,5,1,0,0,0,4
S01013456,All people aged 16 and over in households,649,370,276,94,279,144,5,26,45,59
S01013456,16 to 24,74,20,1,19,54,54,0,0,0,0
S01013456,25 to 34,107,76,36,40,31,29,0,2,0,0
S01013456,35 to 49,174,115,86,29,59,33,4,14,8,0
S01013456,50 to 64,141,88,84,4,53,16,1,8,18,10
S01013456,65 to 74,95,52,51,1,43,6,0,2,12,23
S01013456,75 to 84,44,18,17,1,26,5,0,0,5,16
S01013456,85 and over,14,1,1,0,13,1,0,0,2,10
S01013457,All people aged 16 and over in households,728,404,310,94,324,206,5,19,39,55
S01013457,16 to 24,118,17,5,12,101,100,1,0,0,0
S01013457,25 to 34,94,50,30,20,44,39,1,3,1,0
S01013457,35 to 49,188,123,78,45,65,37,1,10,16,1
S01013457,50 to 64,175,133,119,14,42,16,1,4,12,9
S01013457,65 to 74,80,46,43,3,34,9,0,2,7,16
S01013457,75 to 84,60,33,33,0,27,5,1,0,3,18
S01013457,85 and over,13,2,2,0,11,0,0,0,0,11
S01013458,All people aged 16 and over in households,588,340,272,68,248,161,2,17,42,26
S01013458,16 to 24,71,9,0,9,62,62,0,0,0,0
S01013458,25 to 34,82,43,30,13,39,35,1,2,1,0
S01013458,35 to 49,164,97,76,21,67,44,0,10,12,1
S01013458,50 to 64,169,127,104,23,42,14,0,2,21,5
S01013458,65 to 74,78,51,49,2,27,4,1,2,7,13
S01013458,75 to 84,23,13,13,0,10,2,0,1,1,6
S01013458,85 and over,1,0,0,0,1,0,0,0,0,1
S01013459,All people aged 16 and over in households,683,338,242,96,345,173,12,30,52,78
S01013459,16 to 24,74,14,0,14,60,58,2,0,0,0
S01013459,25 to 34,97,55,23,32,42,39,0,2,1,0
S01013459,35 to 49,186,117,87,30,69,39,5,13,9,3
S01013459,50 to 64,178,106,89,17,72,24,2,11,25,10
S01013459,65 to 74,69,31,29,2,38,7,1,2,13,15
S01013459,75 to 84,44,13,12,1,31,2,2,2,4,21
S01013459,85 and over,35,2,2,0,33,4,0,0,0,29
S01013460,All people aged 16 and over in households,653,348,292,56,305,180,6,27,47,45
S01013460,16 to 24,93,8,2,6,85,83,2,0,0,0
S01013460,25 to 34,81,39,25,14,42,39,0,2,1,0
S01013460,35 to 49,186,119,96,23,67,32,0,17,17,1
S01013460,50 to 64,147,106,97,9,41,10,0,6,18,7
S01013460,65 to 74,90,53,49,4,37,11,0,2,8,16
S01013460,75 to 84,45,22,22,0,23,5,4,0,3,11
S01013460,85 and over,11,1,1,0,10,0,0,0,0,10
S01013461,All people aged 16 and over in households,829,498,368,130,331,207,2,20,54,48
S01013461,16 to 24,116,21,1,20,95,95,0,0,0,0
S01013461,25 to 34,172,124,74,50,48,45,0,1,2,0
S01013461,35 to 49,291,208,162,46,83,49,1,14,18,1
S01013461,50 to 64,154,103,89,14,51,13,1,3,25,9
S01013461,65 to 74,48,31,31,0,17,1,0,0,7,9
S01013461,75 to 84,36,8,8,0,28,3,0,1,2,22
S01013461,85 and over,12,3,3,0,9,1,0,1,0,7
S01013462,All people aged 16 and over in households,681,468,370,98,213,133,1,23,43,13
S01013462,16 to 24,82,15,2,13,67,67,0,0,0,0
S01013462,25 to 34,117,83,53,30,34,31,0,1,2,0
S01013462,35 to 49,241,182,147,35,59,28,1,11,17,2
S01013462,50 to 64,172,138,119,19,34,5,0,10,17,2
S01013462,65 to 74,45,35,34,1,10,2,0,1,3,4
S01013462,75 to 84,19,12,12,0,7,0,0,0,3,4
S01013462,85 and over,5,3,3,0,2,0,0,0,1,1
S01013463,All people aged 16 and over in households,404,238,182,56,166,107,4,16,25,14
S01013463,16 to 24,49,2,0,2,47,46,0,1,0,0
S01013463,25 to 34,104,64,40,24,40,33,3,0,4,0
S01013463,35 to 49,163,113,86,27,50,24,0,13,11,2
S01013463,50 to 64,67,53,50,3,14,3,1,1,6,3
S01013463,65 to 74,14,4,4,0,10,1,0,0,3,6
S01013463,75 to 84,5,0,0,0,5,0,0,1,1,3
S01013463,85 and over,2,2,2,0,0,0,0,0,0,0
S01013464,All people aged 16 and over in households,612,384,322,62,228,124,1,12,36,55
S01013464,16 to 24,68,4,0,4,64,64,0,0,0,0
S01013464,25 to 34,63,37,20,17,26,26,0,0,0,0
S01013464,35 to 49,147,112,83,29,35,16,0,8,10,1
S01013464,50 to 64,168,134,126,8,34,11,0,2,16,5
S01013464,65 to 74,82,54,52,2,28,3,1,2,8,14
S01013464,75 to 84,75,41,39,2,34,3,0,0,2,29
S01013464,85 and over,9,2,2,0,7,1,0,0,0,6
S01013465,All people aged 16 and over in households,587,344,284,60,243,122,7,15,37,62
S01013465,16 to 24,51,1,0,1,50,50,0,0,0,0
S01013465,25 to 34,66,37,22,15,29,26,1,2,0,0
S01013465,35 to 49,141,101,75,26,40,23,2,4,10,1
S01013465,50 to 64,157,115,100,15,42,9,0,7,14,12
S01013465,65 to 74,99,57,54,3,42,8,1,1,10,22
S01013465,75 to 84,57,31,31,0,26,2,1,1,3,19
S01013465,85 and over,16,2,2,0,14,4,2,0,0,8
S01013466,All people aged 16 and over in households,243,174,150,24,69,44,2,7,4,12
S01013466,16 to 24,27,2,0,2,25,25,0,0,0,0
S01013466,25 to 34,28,16,11,5,12,10,1,1,0,0
S01013466,35 to 49,61,55,43,12,6,3,1,2,0,0
S01013466,50 to 64,79,66,63,3,13,4,0,2,4,3
S01013466,65 to 74,23,19,19,0,4,0,0,2,0,2
S01013466,75 to 84,23,15,14,1,8,2,0,0,0,6
S01013466,85 and over,2,1,0,1,1,0,0,0,0,1
S01013467,All people aged 16 and over in households,721,556,484,72,165,104,0,9,19,33
S01013467,16 to 24,58,5,1,4,53,53,0,0,0,0
S01013467,25 to 34,122,100,71,29,22,19,0,1,1,1
S01013467,35 to 49,271,241,214,27,30,20,0,5,4,1
S01013467,50 to 64,138,116,104,12,22,6,0,2,9,5
S01013467,65 to 74,82,68,68,0,14,2,0,1,4,7
S01013467,75 to 84,40,26,26,0,14,2,0,0,1,11
S01013467,85 and over,10,0,0,0,10,2,0,0,0,8
S01013468,All people aged 16 and over in households,515,244,198,46,271,140,4,15,58,54
S01013468,16 to 24,57,2,0,2,55,54,0,0,1,0
S01013468,25 to 34,74,31,22,9,43,40,1,2,0,0
S01013468,35 to 49,137,84,59,25,53,22,0,6,23,2
S01013468,50 to 64,118,73,65,8,45,13,1,3,20,8
S01013468,65 to 74,76,40,38,2,36,4,2,4,14,12
S01013468,75 to 84,42,13,13,0,29,5,0,0,0,24
S01013468,85 and over,11,1,1,0,10,2,0,0,0,8
S01013469,All people aged 16 and over in households,645,428,380,48,217,111,10,18,35,43
S01013469,16 to 24,60,6,1,5,54,54,0,0,0,0
S01013469,25 to 34,64,37,24,13,27,24,1,2,0,0
S01013469,35 to 49,149,100,87,13,49,24,4,10,11,0
S01013469,50 to 64,191,156,145,11,35,5,2,4,15,9
S01013469,65 to 74,121,97,91,6,24,1,2,1,7,13
S01013469,75 to 84,50,27,27,0,23,3,1,0,1,18
S01013469,85 and over,10,5,5,0,5,0,0,1,1,3
S01013470,All people aged 16 and over in households,577,304,212,92,273,162,6,17,59,29
S01013470,16 to 24,79,18,4,14,61,61,0,0,0,0
S01013470,25 to 34,106,57,25,32,49,41,3,1,4,0
S01013470,35 to 49,166,88,59,29,78,42,2,13,20,1
S01013470,50 to 64,139,99,84,15,40,8,1,1,24,6
S01013470,65 to 74,60,35,33,2,25,4,0,2,9,10
S01013470,75 to 84,22,6,6,0,16,5,0,0,2,9
S01013470,85 and over,5,1,1,0,4,1,0,0,0,3
S01013471,All people aged 16 and over in households,743,418,304,114,325,197,6,20,55,47
S01013471,16 to 24,119,20,2,18,99,98,0,1,0,0
S01013471,25 to 34,120,74,30,44,46,42,0,3,1,0
S01013471,35 to 49,185,120,82,38,65,31,2,5,26,1
S01013471,50 to 64,194,134,121,13,60,17,2,10,21,10
S01013471,65 to 74,84,56,55,1,28,6,0,0,7,15
S01013471,75 to 84,32,14,14,0,18,2,2,1,0,13
S01013471,85 and over,9,0,0,0,9,1,0,0,0,8
S01013472,All people aged 16 and over in households,445,344,294,50,101,67,0,8,18,8
S01013472,16 to 24,47,4,0,4,43,43,0,0,0,0
S01013472,25 to 34,82,66,46,20,16,14,0,1,0,1
S01013472,35 to 49,212,186,165,21,26,7,0,4,14,1
S01013472,50 to 64,79,68,65,3,11,1,0,3,3,4
S01013472,65 to 74,20,18,16,2,2,1,0,0,1,0
S01013472,75 to 84,4,2,2,0,2,1,0,0,0,1
S01013472,85 and over,1,0,0,0,1,0,0,0,0,1
S01013473,All people aged 16 and over in households,469,372,328,44,97,69,4,4,12,8
S01013473,16 to 24,55,2,2,0,53,53,0,0,0,0
S01013473,25 to 34,74,63,53,10,11,10,1,0,0,0
S01013473,35 to 49,253,231,202,29,22,4,3,3,9,3
S01013473,50 to 64,66,59,54,5,7,1,0,1,2,3
S01013473,65 to 74,18,15,15,0,3,1,0,0,1,1
S01013473,75 to 84,2,1,1,0,1,0,0,0,0,1
S01013473,85 and over,1,1,1,0,0,0,0,0,0,0
S01013474,All people aged 16 and over in households,465,344,290,54,121,77,4,9,16,15
S01013474,16 to 24,49,10,2,8,39,39,0,0,0,0
S01013474,25 to 34,81,61,51,10,20,19,1,0,0,0
S01013474,35 to 49,200,176,151,25,24,10,1,8,5,0
S01013474,50 to 64,86,65,55,10,21,8,2,1,8,2
S01013474,65 to 74,27,20,20,0,7,0,0,0,3,4
S01013474,75 to 84,18,9,9,0,9,1,0,0,0,8
S01013474,85 and over,4,3,2,1,1,0,0,0,0,1
S01013475,All people aged 16 and over in households,511,344,302,42,167,121,2,10,14,20
S01013475,16 to 24,85,8,1,7,77,77,0,0,0,0
S01013475,25 to 34,53,31,25,6,22,19,0,2,1,0
S01013475,35 to 49,142,115,93,22,27,16,0,7,4,0
S01013475,50 to 64,147,125,119,6,22,8,2,1,6,5
S01013475,65 to 74,65,53,53,0,12,1,0,0,3,8
S01013475,75 to 84,17,11,11,0,6,0,0,0,0,6
S01013475,85 and over,2,1,0,1,1,0,0,0,0,1
S01013476,All people aged 16 and over in households,538,346,288,58,192,117,3,14,28,30
S01013476,16 to 24,75,11,0,11,64,64,0,0,0,0
S01013476,25 to 34,56,29,10,19,27,23,0,1,3,0
S01013476,35 to 49,135,95,76,19,40,18,0,5,15,2
S01013476,50 to 64,138,115,108,7,23,5,0,7,6,5
S01013476,65 to 74,92,72,70,2,20,4,0,1,4,11
S01013476,75 to 84,32,20,20,0,12,2,3,0,0,7
S01013476,85 and over,10,4,4,0,6,1,0,0,0,5
S01013477,All people aged 16 and over in households,512,272,200,72,240,125,15,20,38,42
S01013477,16 to 24,62,15,1,14,47,45,0,2,0,0
S01013477,25 to 34,76,39,14,25,37,29,3,3,2,0
S01013477,35 to 49,128,72,46,26,56,33,8,6,8,1
S01013477,50 to 64,137,99,93,6,38,10,1,5,20,2
S01013477,65 to 74,56,33,32,1,23,3,2,4,4,10
S01013477,75 to 84,37,12,12,0,25,4,1,0,4,16
S01013477,85 and over,16,2,2,0,14,1,0,0,0,13
S01013478,All people aged 16 and over in households,662,384,276,108,278,184,5,13,49,27
S01013478,16 to 24,104,8,2,6,96,96,0,0,0,0
S01013478,25 to 34,108,64,35,29,44,40,1,1,2,0
S01013478,35 to 49,236,174,122,52,62,33,2,9,17,1
S01013478,50 to 64,156,112,95,17,44,13,2,3,21,5
S01013478,65 to 74,30,18,16,2,12,2,0,0,7,3
S01013478,75 to 84,24,8,6,2,16,0,0,0,2,14
S01013478,85 and over,4,0,0,0,4,0,0,0,0,4
S01013479,All people aged 16 and over in households,678,326,228,98,352,192,10,23,49,78
S01013479,16 to 24,78,26,1,25,52,52,0,0,0,0
S01013479,25 to 34,120,58,22,36,62,58,0,2,2,0
S01013479,35 to 49,149,73,58,15,76,47,8,9,10,2
S01013479,50 to 64,152,92,75,17,60,14,1,12,28,5
S01013479,65 to 74,96,53,49,4,43,11,0,0,7,25
S01013479,75 to 84,58,20,19,1,38,5,1,0,1,31
S01013479,85 and over,25,4,4,0,21,5,0,0,1,15
S01013480,All people aged 16 and over in households,566,336,256,80,230,104,7,10,42,67
S01013480,16 to 24,63,13,2,11,50,49,1,0,0,0
S01013480,25 to 34,87,53,25,28,34,27,2,0,5,0
S01013480,35 to 49,124,93,65,28,31,12,3,7,8,1
S01013480,50 to 64,123,91,81,10,32,7,0,3,17,5
S01013480,65 to 74,97,55,53,2,42,6,1,0,12,23
S01013480,75 to 84,57,29,28,1,28,1,0,0,0,27
S01013480,85 and over,15,2,2,0,13,2,0,0,0,11
S01013481,All people aged 16 and over in households,393,240,212,28,153,94,6,8,21,24
S01013481,16 to 24,51,2,1,1,49,48,0,0,1,0
S01013481,25 to 34,41,23,12,11,18,13,4,0,0,1
S01013481,35 to 49,102,75,66,9,27,19,1,4,3,0
S01013481,50 to 64,93,68,62,6,25,8,0,3,10,4
S01013481,65 to 74,66,45,45,0,21,3,1,1,6,10
S01013481,75 to 84,37,26,25,1,11,3,0,0,1,7
S01013481,85 and over,3,1,1,0,2,0,0,0,0,2
