,,All HRPs,Living in a couple: Total,Living in a couple: Married or in a registered same-sex civil partnership,Living in a couple: Cohabiting,Not living in a couple: Total,Not living in a couple: Single (never married or never registered a same-sex civil partnership),Not living in a couple: Married or in a registered same-sex civil partnership,Not living in a couple: Separated (but still legally married or still legally in a same-sex civil partnership),Not living in a couple: Divorced or formerly in a same-sex civil partnership which is now legally dissolved,Not living in a couple: Widowed or surviving partner from a same-sex civil partnership
S92000003,All HRPs,2372777,1195643,961973,233670,1177134,511000,23693,106070,244544,291827
S92000003,24 and under,103962,24037,2653,21384,79925,78546,287,601,288,203
S92000003,25 to 34,328435,156845,76068,80777,171590,151112,3502,10072,6289,615
S92000003,35 to 49,682582,379537,296015,83522,303045,163056,7049,49770,75552,7618
S92000003,50 to 64,650060,384260,345079,39181,265800,71454,6388,34711,111164,42083
S92000003,65 to 74,304087,154862,148781,6081,149225,23887,2431,8318,36863,77726
S92000003,75 to 84,225351,81644,79309,2335,143707,16558,2922,2310,12412,109505
S92000003,85 and over,78300,14458,14068,390,63842,6387,1114,288,1976,54077
S01006506,All HRPs,424,223,170,53,201,106,9,12,33,41
S01006506,24 and under,15,5,0,5,10,10,0,0,0,0
S01006506,25 to 34,78,39,20,19,39,37,1,1,0,0
S01006506,35 to 49,129,76,56,20,53,34,1,6,11,1
S01006506,50 to 64,111,67,59,8,44,13,3,3,16,9
S01006506,65 to 74,46,22,21,1,24,6,1,2,4,11
S01006506,75 to 84,32,11,11,0,21,2,3,0,2,14
S01006506,85 and over,13,3,3,0,10,4,0,0,0,6
S01006507,All HRPs,364,217,177,40,147,49,3,15,26,54
S01006507,24 and under,3,1,0,1,2,2,0,0,0,0
S01006507,25 to 34,28,21,7,14,7,6,0,0,1,0
S01006507,35 to 49,99,55,43,12,44,27,0,9,4,4
S01006507,50 to 64,130,96,88,8,34,10,1,4,12,7
S01006507,65 to 74,59,30,25,5,29,1,0,1,8,19
S01006507,75 to 84,38,13,13,0,25,3,1,1,1,19
S01006507,85 and over,7,1,1,0,6,0,1,0,0,5
S01006508,All HRPs,340,156,102,54,184,89,9,13,53,20
S01006508,24 and under,15,9,1,8,6,6,0,0,0,0
S01006508,25 to 34,69,32,12,20,37,32,2,2,1,0
S01006508,35 to 49,113,49,35,14,64,34,1,7,22,0
S01006508,50 to 64,98,54,42,12,44,10,4,3,23,4
S01006508,65 to 74,26,10,10,0,16,3,1,1,5,6
S01006508,75 to 84,14,2,2,0,12,2,1,0,2,7
S01006508,85 and over,5,0,0,0,5,2,0,0,0,3
S01006509,All HRPs,274,145,123,22,129,44,5,4,32,44
S01006509,24 and under,4,1,0,1,3,3,0,0,0,0
S01006509,25 to 34,33,20,12,8,13,12,0,0,1,0
S01006509,35 to 49,81,51,42,9,30,14,2,4,10,0
S01006509,50 to 64,79,46,43,3,33,10,1,0,16,6
S01006509,65 to 74,27,17,16,1,10,2,0,0,3,5
S01006509,75 to 84,39,9,9,0,30,3,2,0,2,23
S01006509,85 and over,11,1,1,0,10,0,0,0,0,10
S01006510,All HRPs,256,146,120,26,110,40,3,5,21,41
S01006510,24 and under,2,0,0,0,2,2,0,0,0,0
S01006510,25 to 34,28,19,10,9,9,9,0,0,0,0
S01006510,35 to 49,75,50,40,10,25,16,0,3,4,2
S01006510,50 to 64,71,43,37,6,28,6,2,0,14,6
S01006510,65 to 74,39,17,16,1,22,4,1,2,3,12
S01006510,75 to 84,25,13,13,0,12,0,0,0,0,12
S01006510,85 and over,16,4,4,0,12,3,0,0,0,9
S01006511,All HRPs,315,218,198,20,97,25,1,6,20,45
S01006511,24 and under,1,1,0,1,0,0,0,0,0,0
S01006511,25 to 34,19,11,7,4,8,8,0,0,0,0
S01006511,35 to 49,74,55,48,7,19,8,0,0,10,1
S01006511,50 to 64,102,80,72,8,22,7,0,4,5,6
S01006511,65 to 74,59,41,41,0,18,1,1,2,3,11
S01006511,75 to 84,44,26,26,0,18,1,0,0,1,16
S01006511,85 and over,16,4,4,0,12,0,0,0,1,11
S01006512,All HRPs,170,136,129,7,34,8,1,5,13,7
S01006512,24 and under,0,0,0,0,0,0,0,0,0,0
S01006512,25 to 34,4,2,2,0,2,1,0,1,0,0
S01006512,35 to 49,74,63,59,4,11,3,0,4,3,1
S01006512,50 to 64,61,49,47,2,12,3,1,0,8,0
S01006512,65 to 74,18,14,13,1,4,1,0,0,2,1
S01006512,75 to 84,12,8,8,0,4,0,0,0,0,4
S01006512,85 and over,1,0,0,0,1,0,0,0,0,1
S01006513,All HRPs,230,153,132,21,77,13,4,5,20,35
S01006513,24 and under,1,1,0,1,0,0,0,0,0,0
S01006513,25 to 34,11,10,3,7,1,1,0,0,0,0
S01006513,35 to 49,69,57,51,6,12,4,0,1,5,2
S01006513,50 to 64,65,45,39,6,20,4,1,4,8,3
S01006513,65 to 74,46,23,23,0,23,3,1,0,7,12
S01006513,75 to 84,31,16,15,1,15,1,1,0,0,13
S01006513,85 and over,7,1,1,0,6,0,1,0,0,5
S01006514,All HRPs,339,268,256,12,71,15,2,7,18,29
S01006514,24 and under,2,1,1,0,1,1,0,0,0,0
S01006514,25 to 34,18,9,9,0,9,7,0,1,1,0
S01006514,35 to 49,108,100,92,8,8,1,0,4,3,0
S01006514,50 to 64,124,105,102,3,19,3,2,2,9,3
S01006514,65 to 74,50,35,34,1,15,2,0,0,1,12
S01006514,75 to 84,32,17,17,0,15,1,0,0,3,11
S01006514,85 and over,5,1,1,0,4,0,0,0,1,3
S01006515,All HRPs,271,212,196,16,59,15,3,5,12,24
S01006515,24 and under,3,2,0,2,1,1,0,0,0,0
S01006515,25 to 34,16,9,8,1,7,6,0,1,0,0
S01006515,35 to 49,86,75,66,9,11,3,0,4,3,1
S01006515,50 to 64,105,89,85,4,16,4,2,0,6,4
S01006515,65 to 74,36,28,28,0,8,1,0,0,2,5
S01006515,75 to 84,22,7,7,0,15,0,1,0,1,13
S01006515,85 and over,3,2,2,0,1,0,0,0,0,1
S01006516,All HRPs,185,133,113,20,52,17,0,4,11,20
S01006516,24 and under,1,0,0,0,1,1,0,0,0,0
S01006516,25 to 34,10,9,6,3,1,0,0,1,0,0
S01006516,35 to 49,49,43,35,8,6,5,0,0,1,0
S01006516,50 to 64,67,56,49,7,11,2,0,1,6,2
S01006516,65 to 74,35,16,15,1,19,6,0,1,3,9
S01006516,75 to 84,19,7,6,1,12,2,0,1,1,8
S01006516,85 and over,4,2,2,0,2,1,0,0,0,1
S01006517,All HRPs,403,274,244,30,129,32,6,7,39,45
S01006517,24 and under,0,0,0,0,0,0,0,0,0,0
S01006517,25 to 34,23,17,10,7,6,3,0,0,3,0
S01006517,35 to 49,112,81,71,10,31,11,2,2,16,0
S01006517,50 to 64,146,111,100,11,35,9,2,4,15,5
S01006517,65 to 74,61,39,38,1,22,4,1,1,3,13
S01006517,75 to 84,46,21,20,1,25,3,1,0,2,19
S01006517,85 and over,15,5,5,0,10,2,0,0,0,8
S01006518,All HRPs,247,187,177,10,60,11,6,4,14,25
S01006518,24 and under,1,1,1,0,0,0,0,0,0,0
S01006518,25 to 34,9,7,5,2,2,2,0,0,0,0
S01006518,35 to 49,55,44,41,3,11,5,0,1,4,1
S01006518,50 to 64,101,82,79,3,19,3,4,2,7,3
S01006518,65 to 74,42,33,31,2,9,1,0,1,2,5
S01006518,75 to 84,32,17,17,0,15,0,1,0,1,13
S01006518,85 and over,7,3,3,0,4,0,1,0,0,3
S01006519,All HRPs,281,226,217,9,55,8,8,7,22,10
S01006519,24 and under,0,0,0,0,0,0,0,0,0,0
S01006519,25 to 34,9,7,6,1,2,2,0,0,0,0
S01006519,35 to 49,89,77,71,6,12,2,2,4,3,1
S01006519,50 to 64,125,99,97,2,26,2,4,2,15,3
S01006519,65 to 74,38,29,29,0,9,2,1,1,2,3
S01006519,75 to 84,15,9,9,0,6,0,1,0,2,3
S01006519,85 and over,5,5,5,0,0,0,0,0,0,0
S01006520,All HRPs,222,194,177,17,28,2,0,6,10,10
S01006520,24 and under,0,0,0,0,0,0,0,0,0,0
S01006520,25 to 34,4,3,1,2,1,1,0,0,0,0
S01006520,35 to 49,97,90,79,11,7,0,0,5,2,0
S01006520,50 to 64,98,84,80,4,14,1,0,0,8,5
S01006520,65 to 74,17,14,14,0,3,0,0,1,0,2
S01006520,75 to 84,5,2,2,0,3,0,0,0,0,3
S01006520,85 and over,1,1,1,0,0,0,0,0,0,0
S01006521,All HRPs,243,192,172,20,51,11,4,10,12,14
S01006521,24 and under,3,0,0,0,3,2,0,1,0,0
S01006521,25 to 34,19,16,11,5,3,2,1,0,0,0
S01006521,35 to 49,95,80,69,11,15,4,3,4,4,0
S01006521,50 to 64,91,71,67,4,20,3,0,4,8,5
S01006521,65 to 74,23,17,17,0,6,0,0,0,0,6
S01006521,75 to 84,9,7,7,0,2,0,0,0,0,2
S01006521,85 and over,3,1,1,0,2,0,0,1,0,1
S01006522,All HRPs,218,167,161,6,51,11,1,5,10,24
S01006522,24 and under,1,0,0,0,1,1,0,0,0,0
S01006522,25 to 34,16,15,15,0,1,1,0,0,0,0
S01006522,35 to 49,75,61,56,5,14,5,1,2,5,1
S01006522,50 to 64,70,59,58,1,11,2,0,2,4,3
S01006522,65 to 74,28,18,18,0,10,2,0,1,1,6
S01006522,75 to 84,23,13,13,0,10,0,0,0,0,10
S01006522,85 and over,5,1,1,0,4,0,0,0,0,4
S01006523,All HRPs,427,237,208,29,190,62,6,13,37,72
S01006523,24 and under,8,2,0,2,6,6,0,0,0,0
S01006523,25 to 34,41,22,12,10,19,17,0,2,0,0
S01006523,35 to 49,113,75,63,12,38,16,3,3,13,3
S01006523,50 to 64,120,81,76,5,39,13,1,7,15,3
S01006523,65 to 74,58,30,30,0,28,4,1,1,7,15
S01006523,75 to 84,57,21,21,0,36,4,0,0,1,31
S01006523,85 and over,30,6,6,0,24,2,1,0,1,20
S01006524,All HRPs,314,177,150,27,137,37,10,11,25,54
S01006524,24 and under,2,0,0,0,2,2,0,0,0,0
S01006524,25 to 34,28,20,6,14,8,7,1,0,0,0
S01006524,35 to 49,68,46,39,7,22,15,2,3,2,0
S01006524,50 to 64,101,67,61,6,34,5,4,6,17,2
S01006524,65 to 74,41,20,20,0,21,5,2,1,2,11
S01006524,75 to 84,48,17,17,0,31,1,1,1,4,24
S01006524,85 and over,26,7,7,0,19,2,0,0,0,17
S01006525,All HRPs,339,220,211,9,119,35,3,12,30,39
S01006525,24 and under,5,1,0,1,4,4,0,0,0,0
S01006525,25 to 34,17,10,8,2,7,7,0,0,0,0
S01006525,35 to 49,91,63,63,0,28,12,1,7,6,2
S01006525,50 to 64,108,75,70,5,33,7,1,4,16,5
S01006525,65 to 74,57,38,37,1,19,4,0,1,5,9
S01006525,75 to 84,50,31,31,0,19,1,1,0,3,14
S01006525,85 and over,11,2,2,0,9,0,0,0,0,9
S01006526,All HRPs,439,171,127,44,268,110,4,15,63,76
S01006526,24 and under,48,5,0,5,43,43,0,0,0,0
S01006526,25 to 34,67,40,21,19,27,23,0,0,2,2
S01006526,35 to 49,94,48,33,15,46,23,0,5,17,1
S01006526,50 to 64,97,40,35,5,57,11,3,8,30,5
S01006526,65 to 74,42,15,15,0,27,5,1,1,8,12
S01006526,75 to 84,53,16,16,0,37,5,0,0,5,27
S01006526,85 and over,38,7,7,0,31,0,0,1,1,29
S01006527,All HRPs,286,137,103,34,149,59,1,13,32,44
S01006527,24 and under,19,7,0,7,12,12,0,0,0,0
S01006527,25 to 34,36,19,6,13,17,12,0,4,0,1
S01006527,35 to 49,72,41,31,10,31,18,0,5,7,1
S01006527,50 to 64,74,41,37,4,33,12,1,3,13,4
S01006527,65 to 74,37,17,17,0,20,0,0,1,7,12
S01006527,75 to 84,36,9,9,0,27,4,0,0,4,19
S01006527,85 and over,12,3,3,0,9,1,0,0,1,7
S01006528,All HRPs,433,200,158,42,233,111,9,9,46,58
S01006528,24 and under,33,7,1,6,26,26,0,0,0,0
S01006528,25 to 34,71,34,19,15,37,33,1,2,1,0
S01006528,35 to 49,98,62,47,15,36,21,2,1,12,0
S01006528,50 to 64,98,48,43,5,50,21,4,3,20,2
S01006528,65 to 74,73,34,34,0,39,6,0,2,10,21
S01006528,75 to 84,42,14,13,1,28,4,1,1,2,20
S01006528,85 and over,18,1,1,0,17,0,1,0,1,15
S01006529,All HRPs,496,158,113,45,338,185,17,22,54,60
S01006529,24 and under,46,6,2,4,40,35,5,0,0,0
S01006529,25 to 34,125,45,21,24,80,74,3,3,0,0
S01006529,35 to 49,105,45,34,11,60,31,4,12,13,0
S01006529,50 to 64,92,31,26,5,61,21,5,6,25,4
S01006529,65 to 74,47,14,13,1,33,7,0,1,9,16
S01006529,75 to 84,51,12,12,0,39,10,0,0,6,23
S01006529,85 and over,30,5,5,0,25,7,0,0,1,17
S01006530,All HRPs,356,138,105,33,218,96,6,20,44,52
S01006530,24 and under,26,3,0,3,23,23,0,0,0,0
S01006530,25 to 34,47,20,10,10,27,25,1,1,0,0
S01006530,35 to 49,80,37,22,15,43,21,2,8,10,2
S01006530,50 to 64,112,46,42,4,66,18,2,9,26,11
S01006530,65 to 74,49,22,22,0,27,6,1,1,8,11
S01006530,75 to 84,31,8,8,0,23,2,0,1,0,20
S01006530,85 and over,11,2,1,1,9,1,0,0,0,8
S01006531,All HRPs,429,168,130,38,261,119,12,10,67,53
S01006531,24 and under,33,7,1,6,26,26,0,0,0,0
S01006531,25 to 34,72,35,21,14,37,25,5,2,5,0
S01006531,35 to 49,98,46,35,11,52,31,2,4,12,3
S01006531,50 to 64,103,42,35,7,61,16,3,4,32,6
S01006531,65 to 74,45,12,12,0,33,12,1,0,10,10
S01006531,75 to 84,63,21,21,0,42,9,0,0,7,26
S01006531,85 and over,15,5,5,0,10,0,1,0,1,8
S01006532,All HRPs,337,176,151,25,161,64,6,6,22,63
S01006532,24 and under,14,1,1,0,13,13,0,0,0,0
S01006532,25 to 34,34,21,15,6,13,12,1,0,0,0
S01006532,35 to 49,85,54,37,17,31,14,4,5,6,2
S01006532,50 to 64,81,54,52,2,27,10,1,1,12,3
S01006532,65 to 74,44,31,31,0,13,3,0,0,3,7
S01006532,75 to 84,46,11,11,0,35,7,0,0,1,27
S01006532,85 and over,33,4,4,0,29,5,0,0,0,24
S01006533,All HRPs,305,194,169,25,111,52,4,4,26,25
S01006533,24 and under,6,0,0,0,6,6,0,0,0,0
S01006533,25 to 34,26,12,8,4,14,12,0,1,1,0
S01006533,35 to 49,92,69,54,15,23,13,1,2,7,0
S01006533,50 to 64,98,70,64,6,28,8,0,1,16,3
S01006533,65 to 74,44,29,29,0,15,6,1,0,1,7
S01006533,75 to 84,28,11,11,0,17,5,2,0,1,9
S01006533,85 and over,11,3,3,0,8,2,0,0,0,6
S01006534,All HRPs,398,252,201,51,146,75,9,12,21,29
S01006534,24 and under,8,0,0,0,8,8,0,0,0,0
S01006534,25 to 34,64,32,12,20,32,31,0,0,1,0
S01006534,35 to 49,133,97,76,21,36,21,2,8,5,0
S01006534,50 to 64,106,75,66,9,31,8,5,4,11,3
S01006534,65 to 74,37,26,25,1,11,2,1,0,1,7
S01006534,75 to 84,32,17,17,0,15,1,0,0,3,11
S01006534,85 and over,18,5,5,0,13,4,1,0,0,8
S01006535,All HRPs,564,247,151,96,317,214,13,15,48,27
S01006535,24 and under,50,10,2,8,40,40,0,0,0,0
S01006535,25 to 34,177,76,25,51,101,98,1,1,1,0
S01006535,35 to 49,153,78,48,30,75,48,6,5,16,0
S01006535,50 to 64,116,54,49,5,62,15,6,8,27,6
S01006535,65 to 74,35,16,16,0,19,6,0,1,4,8
S01006535,75 to 84,27,10,8,2,17,6,0,0,0,11
S01006535,85 and over,6,3,3,0,3,1,0,0,0,2
S01006536,All HRPs,589,223,119,104,366,255,10,19,50,32
S01006536,24 and under,74,18,0,18,56,56,0,0,0,0
S01006536,25 to 34,207,96,33,63,111,101,2,5,3,0
S01006536,35 to 49,150,58,41,17,92,59,3,9,21,0
S01006536,50 to 64,91,32,26,6,59,24,4,4,20,7
S01006536,65 to 74,33,14,14,0,19,7,1,1,4,6
S01006536,75 to 84,19,3,3,0,16,6,0,0,2,8
S01006536,85 and over,15,2,2,0,13,2,0,0,0,11
S01006537,All HRPs,341,221,210,11,120,35,1,9,21,54
S01006537,24 and under,3,1,0,1,2,2,0,0,0,0
S01006537,25 to 34,16,13,10,3,3,3,0,0,0,0
S01006537,35 to 49,91,65,61,4,26,14,0,2,6,4
S01006537,50 to 64,91,66,64,2,25,5,1,3,12,4
S01006537,65 to 74,69,37,36,1,32,6,0,3,3,20
S01006537,75 to 84,52,34,34,0,18,3,0,1,0,14
S01006537,85 and over,19,5,5,0,14,2,0,0,0,12
S01006538,All HRPs,240,170,145,25,70,14,1,8,15,32
S01006538,24 and under,1,1,0,1,0,0,0,0,0,0
S01006538,25 to 34,13,12,6,6,1,1,0,0,0,0
S01006538,35 to 49,62,52,41,11,10,5,0,4,1,0
S01006538,50 to 64,78,59,53,6,19,4,1,2,11,1
S01006538,65 to 74,36,24,23,1,12,3,0,2,1,6
S01006538,75 to 84,45,22,22,0,23,1,0,0,1,21
S01006538,85 and over,5,0,0,0,5,0,0,0,1,4
S01006539,All HRPs,330,199,160,39,131,45,3,13,24,46
S01006539,24 and under,7,1,0,1,6,6,0,0,0,0
S01006539,25 to 34,31,21,7,14,10,9,0,1,0,0
S01006539,35 to 49,85,67,52,15,18,9,0,4,5,0
S01006539,50 to 64,102,64,55,9,38,11,3,8,14,2
S01006539,65 to 74,41,24,24,0,17,5,0,0,3,9
S01006539,75 to 84,49,22,22,0,27,3,0,0,1,23
S01006539,85 and over,15,0,0,0,15,2,0,0,1,12
S01006540,All HRPs,451,272,234,38,179,89,10,9,30,41
S01006540,24 and under,14,2,0,2,12,12,0,0,0,0
S01006540,25 to 34,75,45,26,19,30,29,0,0,1,0
S01006540,35 to 49,127,82,68,14,45,25,6,3,10,1
S01006540,50 to 64,125,84,82,2,41,13,4,6,13,5
S01006540,65 to 74,42,23,22,1,19,7,0,0,3,9
S01006540,75 to 84,41,22,22,0,19,2,0,0,2,15
S01006540,85 and over,27,14,14,0,13,1,0,0,1,11
S01006541,All HRPs,392,217,187,30,175,44,5,3,23,100
S01006541,24 and under,0,0,0,0,0,0,0,0,0,0
S01006541,25 to 34,31,26,15,11,5,5,0,0,0,0
S01006541,35 to 49,95,77,61,16,18,10,1,0,6,1
S01006541,50 to 64,80,60,58,2,20,6,2,0,7,5
S01006541,65 to 74,45,20,19,1,25,6,0,1,5,13
S01006541,75 to 84,82,29,29,0,53,10,2,2,4,35
S01006541,85 and over,59,5,5,0,54,7,0,0,1,46
S01006542,All HRPs,496,292,255,37,204,81,4,14,35,70
S01006542,24 and under,7,1,0,1,6,6,0,0,0,0
S01006542,25 to 34,44,27,15,12,17,17,0,0,0,0
S01006542,35 to 49,120,75,64,11,45,26,1,8,8,2
S01006542,50 to 64,135,88,80,8,47,12,3,6,20,6
S01006542,65 to 74,65,40,36,4,25,8,0,0,4,13
S01006542,75 to 84,104,52,52,0,52,10,0,0,3,39
S01006542,85 and over,21,9,8,1,12,2,0,0,0,10
S01006543,All HRPs,363,238,216,22,125,44,3,4,20,54
S01006543,24 and under,1,1,0,1,0,0,0,0,0,0
S01006543,25 to 34,23,17,13,4,6,4,1,1,0,0
S01006543,35 to 49,92,69,59,10,23,12,0,2,8,1
S01006543,50 to 64,88,70,64,6,18,8,0,1,8,1
S01006543,65 to 74,51,31,30,1,20,8,1,0,3,8
S01006543,75 to 84,75,37,37,0,38,7,0,0,1,30
S01006543,85 and over,33,13,13,0,20,5,1,0,0,14
S01006544,All HRPs,507,265,217,48,242,119,35,29,28,31
S01006544,24 and under,23,3,0,3,20,20,0,0,0,0
S01006544,25 to 34,108,55,31,24,53,51,2,0,0,0
S01006544,35 to 49,147,85,73,12,62,28,12,12,10,0
S01006544,50 to 64,139,77,68,9,62,11,20,13,15,3
S01006544,65 to 74,37,20,20,0,17,4,1,4,3,5
S01006544,75 to 84,36,21,21,0,15,3,0,0,0,12
S01006544,85 and over,17,4,4,0,13,2,0,0,0,11
S01006545,All HRPs,586,259,218,41,327,133,14,22,63,95
S01006545,24 and under,15,4,0,4,11,11,0,0,0,0
S01006545,25 to 34,85,47,28,19,38,29,3,4,2,0
S01006545,35 to 49,129,73,60,13,56,32,3,5,16,0
S01006545,50 to 64,150,66,62,4,84,31,3,11,32,7
S01006545,65 to 74,61,28,28,0,33,11,1,1,7,13
S01006545,75 to 84,81,29,28,1,52,9,3,1,4,35
S01006545,85 and over,65,12,12,0,53,10,1,0,2,40
S01006546,All HRPs,262,177,158,19,85,34,5,1,12,33
S01006546,24 and under,0,0,0,0,0,0,0,0,0,0
S01006546,25 to 34,17,12,9,3,5,5,0,0,0,0
S01006546,35 to 49,71,56,45,11,15,8,1,0,2,4
S01006546,50 to 64,84,68,63,5,16,8,2,1,5,0
S01006546,65 to 74,44,26,26,0,18,5,1,0,4,8
S01006546,75 to 84,33,12,12,0,21,4,0,0,0,17
S01006546,85 and over,13,3,3,0,10,4,1,0,1,4
S01006547,All HRPs,442,221,190,31,221,78,5,15,27,96
S01006547,24 and under,13,3,0,3,10,10,0,0,0,0
S01006547,25 to 34,46,23,13,10,23,21,0,2,0,0
S01006547,35 to 49,94,61,51,10,33,19,0,7,7,0
S01006547,50 to 64,114,72,67,5,42,19,3,3,10,7
S01006547,65 to 74,71,35,33,2,36,2,0,3,9,22
S01006547,75 to 84,65,20,19,1,45,5,0,0,1,39
S01006547,85 and over,39,7,7,0,32,2,2,0,0,28
S01006548,All HRPs,312,226,209,17,86,18,0,8,10,50
S01006548,24 and under,0,0,0,0,0,0,0,0,0,0
S01006548,25 to 34,26,24,16,8,2,2,0,0,0,0
S01006548,35 to 49,65,53,46,7,12,6,0,3,2,1
S01006548,50 to 64,81,67,66,1,14,2,0,4,5,3
S01006548,65 to 74,57,38,38,0,19,2,0,1,2,14
S01006548,75 to 84,63,36,35,1,27,6,0,0,0,21
S01006548,85 and over,20,8,8,0,12,0,0,0,1,11
S01006549,All HRPs,366,241,206,35,125,53,4,4,16,48
S01006549,24 and under,2,0,0,0,2,2,0,0,0,0
S01006549,25 to 34,31,17,6,11,14,12,0,1,0,1
S01006549,35 to 49,98,69,52,17,29,21,0,1,7,0
S01006549,50 to 64,108,79,75,4,29,9,4,2,7,7
S01006549,65 to 74,58,41,40,1,17,3,0,0,1,13
S01006549,75 to 84,49,27,26,1,22,4,0,0,1,17
S01006549,85 and over,20,8,7,1,12,2,0,0,0,10
S01006550,All HRPs,389,290,259,31,99,20,7,7,15,50
S01006550,24 and under,2,0,0,0,2,2,0,0,0,0
S01006550,25 to 34,20,17,12,5,3,3,0,0,0,0
S01006550,35 to 49,88,72,58,14,16,6,1,2,6,1
S01006550,50 to 64,132,107,95,12,25,3,6,2,9,5
S01006550,65 to 74,50,35,35,0,15,2,0,1,0,12
S01006550,75 to 84,69,44,44,0,25,3,0,2,0,20
S01006550,85 and over,28,15,15,0,13,1,0,0,0,12
S01006551,All HRPs,392,133,104,29,259,93,3,26,74,63
S01006551,24 and under,8,2,1,1,6,4,0,1,0,1
S01006551,25 to 34,45,15,7,8,30,25,1,2,2,0
S01006551,35 to 49,105,42,31,11,63,25,2,13,22,1
S01006551,50 to 64,91,32,26,6,59,17,0,8,29,5
S01006551,65 to 74,64,17,17,0,47,14,0,0,16,17
S01006551,75 to 84,56,21,19,2,35,8,0,2,4,21
S01006551,85 and over,23,4,3,1,19,0,0,0,1,18
S01006552,All HRPs,417,225,185,40,192,74,3,17,47,51
S01006552,24 and under,4,1,0,1,3,3,0,0,0,0
S01006552,25 to 34,75,43,19,24,32,27,0,5,0,0
S01006552,35 to 49,101,49,40,9,52,28,0,7,17,0
S01006552,50 to 64,143,87,81,6,56,12,3,4,29,8
S01006552,65 to 74,48,25,25,0,23,1,0,1,1,20
S01006552,75 to 84,36,17,17,0,19,3,0,0,0,16
S01006552,85 and over,10,3,3,0,7,0,0,0,0,7
S01006553,All HRPs,407,217,184,33,190,41,4,10,48,87
S01006553,24 and under,1,1,0,1,0,0,0,0,0,0
S01006553,25 to 34,26,18,15,3,8,6,1,1,0,0
S01006553,35 to 49,79,55,42,13,24,11,0,5,7,1
S01006553,50 to 64,101,69,58,11,32,7,0,2,16,7
S01006553,65 to 74,71,38,35,3,33,6,0,1,15,11
S01006553,75 to 84,97,33,32,1,64,8,3,1,9,43
S01006553,85 and over,32,3,2,1,29,3,0,0,1,25
S01006554,All HRPs,330,186,145,41,144,57,7,16,28,36
S01006554,24 and under,9,6,1,5,3,3,0,0,0,0
S01006554,25 to 34,55,29,10,19,26,25,1,0,0,0
S01006554,35 to 49,81,51,40,11,30,13,2,8,7,0
S01006554,50 to 64,89,51,47,4,38,11,1,7,16,3
S01006554,65 to 74,37,22,21,1,15,2,1,1,2,9
S01006554,75 to 84,46,23,22,1,23,2,1,0,3,17
S01006554,85 and over,13,4,4,0,9,1,1,0,0,7
S01006555,All HRPs,374,146,101,45,228,130,3,19,53,23
S01006555,24 and under,27,5,0,5,22,22,0,0,0,0
S01006555,25 to 34,87,32,16,16,55,49,0,4,2,0
S01006555,35 to 49,126,55,39,16,71,42,0,9,20,0
S01006555,50 to 64,87,35,27,8,52,14,2,5,26,5
S01006555,65 to 74,26,12,12,0,14,3,0,1,5,5
S01006555,75 to 84,20,7,7,0,13,0,1,0,0,12
S01006555,85 and over,1,0,0,0,1,0,0,0,0,1
S01006556,All HRPs,399,194,156,38,205,75,6,11,38,75
S01006556,24 and under,9,4,0,4,5,5,0,0,0,0
S01006556,25 to 34,61,28,16,12,33,30,1,0,2,0
S01006556,35 to 49,88,53,41,12,35,22,2,3,6,2
S01006556,50 to 64,102,60,53,7,42,9,0,6,20,7
S01006556,65 to 74,31,14,13,1,17,3,0,1,4,9
S01006556,75 to 84,83,31,29,2,52,5,2,1,4,40
S01006556,85 and over,25,4,4,0,21,1,1,0,2,17
S01006557,All HRPs,338,147,108,39,191,70,2,22,51,46
S01006557,24 and under,17,6,0,6,11,11,0,0,0,0
S01006557,25 to 34,42,20,9,11,22,21,0,0,1,0
S01006557,35 to 49,108,55,37,18,53,24,1,11,16,1
S01006557,50 to 64,89,42,38,4,47,8,0,10,26,3
S01006557,65 to 74,34,13,13,0,21,4,0,1,6,10
S01006557,75 to 84,39,10,10,0,29,2,0,0,2,25
S01006557,85 and over,9,1,1,0,8,0,1,0,0,7
S01006558,All HRPs,354,143,96,47,211,134,2,9,31,35
S01006558,24 and under,22,5,0,5,17,17,0,0,0,0
S01006558,25 to 34,92,37,12,25,55,55,0,0,0,0
S01006558,35 to 49,94,43,28,15,51,35,1,3,11,1
S01006558,50 to 64,72,40,38,2,32,13,0,4,11,4
S01006558,65 to 74,27,12,12,0,15,4,0,1,3,7
S01006558,75 to 84,33,5,5,0,28,7,1,1,6,13
S01006558,85 and over,14,1,1,0,13,3,0,0,0,10
S01006559,All HRPs,272,154,126,28,118,61,3,7,21,26
S01006559,24 and under,10,1,0,1,9,9,0,0,0,0
S01006559,25 to 34,55,31,13,18,24,23,0,0,1,0
S01006559,35 to 49,64,47,43,4,17,8,1,1,6,1
S01006559,50 to 64,92,61,56,5,31,11,2,4,9,5
S01006559,65 to 74,17,5,5,0,12,4,0,2,3,3
S01006559,75 to 84,27,9,9,0,18,5,0,0,1,12
S01006559,85 and over,7,0,0,0,7,1,0,0,1,5
S01006560,All HRPs,432,237,210,27,195,77,12,11,31,64
S01006560,24 and under,6,1,1,0,5,5,0,0,0,0
S01006560,25 to 34,58,29,19,10,29,26,2,0,1,0
S01006560,35 to 49,131,97,87,10,34,19,3,5,7,0
S01006560,50 to 64,116,72,65,7,44,15,4,5,14,6
S01006560,65 to 74,37,20,20,0,17,4,1,1,4,7
S01006560,75 to 84,44,10,10,0,34,4,1,0,3,26
S01006560,85 and over,40,8,8,0,32,4,1,0,2,25
S01006561,All HRPs,323,202,174,28,121,50,5,12,24,30
S01006561,24 and under,5,1,0,1,4,4,0,0,0,0
S01006561,25 to 34,33,24,12,12,9,7,1,0,1,0
S01006561,35 to 49,103,67,54,13,36,17,1,7,11,0
S01006561,50 to 64,99,72,70,2,27,9,1,5,10,2
S01006561,65 to 74,37,21,21,0,16,5,1,0,1,9
S01006561,75 to 84,30,13,13,0,17,7,1,0,0,9
S01006561,85 and over,16,4,4,0,12,1,0,0,1,10
S01006562,All HRPs,334,178,153,25,156,63,6,9,38,40
S01006562,24 and under,6,1,0,1,5,5,0,0,0,0
S01006562,25 to 34,29,12,7,5,17,16,0,1,0,0
S01006562,35 to 49,88,51,40,11,37,16,3,5,12,1
S01006562,50 to 64,106,65,58,7,41,16,2,2,15,6
S01006562,65 to 74,47,25,24,1,22,3,1,1,6,11
S01006562,75 to 84,45,19,19,0,26,5,0,0,5,16
S01006562,85 and over,13,5,5,0,8,2,0,0,0,6
S01006563,All HRPs,366,207,176,31,159,66,8,8,30,47
S01006563,24 and under,9,2,0,2,7,7,0,0,0,0
S01006563,25 to 34,40,20,12,8,20,13,3,3,1,0
S01006563,35 to 49,112,79,64,15,33,21,2,3,5,2
S01006563,50 to 64,101,56,51,5,45,15,2,2,19,7
S01006563,65 to 74,51,30,29,1,21,4,0,0,4,13
S01006563,75 to 84,39,16,16,0,23,6,1,0,0,16
S01006563,85 and over,14,4,4,0,10,0,0,0,1,9
S01006564,All HRPs,578,150,87,63,428,299,7,15,59,48
S01006564,24 and under,82,8,0,8,74,74,0,0,0,0
S01006564,25 to 34,157,59,19,40,98,95,1,1,1,0
S01006564,35 to 49,158,39,30,9,119,86,3,6,21,3
S01006564,50 to 64,98,21,15,6,77,34,3,7,26,7
S01006564,65 to 74,27,6,6,0,21,6,0,0,8,7
S01006564,75 to 84,37,13,13,0,24,3,0,1,3,17
S01006564,85 and over,19,4,4,0,15,1,0,0,0,14
S01006565,All HRPs,565,138,75,63,427,335,7,16,49,20
S01006565,24 and under,95,17,1,16,78,78,0,0,0,0
S01006565,25 to 34,222,70,36,34,152,144,3,3,2,0
S01006565,35 to 49,131,23,14,9,108,82,2,4,18,2
S01006565,50 to 64,70,18,15,3,52,21,1,8,19,3
S01006565,65 to 74,23,6,5,1,17,7,1,1,5,3
S01006565,75 to 84,19,3,3,0,16,3,0,0,5,8
S01006565,85 and over,5,1,1,0,4,0,0,0,0,4
S01006566,All HRPs,437,155,91,64,282,212,8,8,38,16
S01006566,24 and under,39,13,0,13,26,26,0,0,0,0
S01006566,25 to 34,156,59,23,36,97,90,3,3,1,0
S01006566,35 to 49,112,36,26,10,76,61,3,2,10,0
S01006566,50 to 64,88,30,25,5,58,27,2,3,22,4
S01006566,65 to 74,24,13,13,0,11,3,0,0,5,3
S01006566,75 to 84,11,3,3,0,8,4,0,0,0,4
S01006566,85 and over,7,1,1,0,6,1,0,0,0,5
S01006567,All HRPs,552,130,67,63,422,307,16,8,59,32
S01006567,24 and under,90,14,3,11,76,76,0,0,0,0
S01006567,25 to 34,187,64,23,41,123,116,3,1,3,0
S01006567,35 to 49,114,19,11,8,95,76,6,2,11,0
S01006567,50 to 64,83,18,15,3,65,28,4,2,27,4
S01006567,65 to 74,30,7,7,0,23,8,0,2,10,3
S01006567,75 to 84,27,5,5,0,22,2,3,1,7,9
S01006567,85 and over,21,3,3,0,18,1,0,0,1,16
S01006568,All HRPs,575,193,90,103,382,311,9,16,37,9
S01006568,24 and under,92,25,3,22,67,67,0,0,0,0
S01006568,25 to 34,266,97,36,61,169,158,2,4,5,0
S01006568,35 to 49,131,47,29,18,84,62,3,7,11,1
S01006568,50 to 64,65,17,16,1,48,19,4,5,20,0
S01006568,65 to 74,10,5,5,0,5,3,0,0,0,2
S01006568,75 to 84,8,2,1,1,6,1,0,0,1,4
S01006568,85 and over,3,0,0,0,3,1,0,0,0,2
S01006569,All HRPs,311,121,77,44,190,132,8,9,23,18
S01006569,24 and under,29,9,2,7,20,20,0,0,0,0
S01006569,25 to 34,104,40,18,22,64,61,3,0,0,0
S01006569,35 to 49,79,30,21,9,49,32,5,6,6,0
S01006569,50 to 64,55,28,22,6,27,10,0,3,10,4
S01006569,65 to 74,22,11,11,0,11,3,0,0,3,5
S01006569,75 to 84,19,3,3,0,16,6,0,0,3,7
S01006569,85 and over,3,0,0,0,3,0,0,0,1,2
S01006570,All HRPs,371,186,138,48,185,117,7,7,29,25
S01006570,24 and under,28,3,0,3,25,25,0,0,0,0
S01006570,25 to 34,86,43,22,21,43,41,2,0,0,0
S01006570,35 to 49,116,64,50,14,52,35,3,3,11,0
S01006570,50 to 64,72,47,39,8,25,9,2,2,11,1
S01006570,65 to 74,33,16,14,2,17,3,0,2,6,6
S01006570,75 to 84,25,10,10,0,15,3,0,0,0,12
S01006570,85 and over,11,3,3,0,8,1,0,0,1,6
S01006571,All HRPs,427,218,173,45,209,125,8,13,38,25
S01006571,24 and under,24,3,1,2,21,21,0,0,0,0
S01006571,25 to 34,80,31,15,16,49,41,2,3,3,0
S01006571,35 to 49,144,84,65,19,60,38,4,5,13,0
S01006571,50 to 64,109,71,64,7,38,9,2,5,19,3
S01006571,65 to 74,30,17,16,1,13,4,0,0,1,8
S01006571,75 to 84,30,11,11,0,19,7,0,0,1,11
S01006571,85 and over,10,1,1,0,9,5,0,0,1,3
S01006572,All HRPs,374,244,221,23,130,37,11,11,26,45
S01006572,24 and under,5,1,0,1,4,4,0,0,0,0
S01006572,25 to 34,26,10,7,3,16,12,0,4,0,0
S01006572,35 to 49,114,94,86,8,20,8,1,2,8,1
S01006572,50 to 64,130,82,74,8,48,10,9,5,17,7
S01006572,65 to 74,45,34,32,2,11,1,0,0,1,9
S01006572,75 to 84,41,19,18,1,22,2,1,0,0,19
S01006572,85 and over,13,4,4,0,9,0,0,0,0,9
S01006573,All HRPs,290,184,156,28,106,42,4,13,27,20
S01006573,24 and under,4,0,0,0,4,4,0,0,0,0
S01006573,25 to 34,35,24,12,12,11,10,1,0,0,0
S01006573,35 to 49,111,79,66,13,32,15,2,9,6,0
S01006573,50 to 64,87,61,58,3,26,8,1,4,13,0
S01006573,65 to 74,28,13,13,0,15,3,0,0,5,7
S01006573,75 to 84,20,6,6,0,14,1,0,0,3,10
S01006573,85 and over,5,1,1,0,4,1,0,0,0,3
S01006574,All HRPs,427,246,210,36,181,73,13,18,41,36
S01006574,24 and under,15,1,1,0,14,14,0,0,0,0
S01006574,25 to 34,55,25,11,14,30,25,0,3,2,0
S01006574,35 to 49,125,79,70,9,46,25,6,4,11,0
S01006574,50 to 64,155,103,92,11,52,5,6,10,23,8
S01006574,65 to 74,41,27,25,2,14,1,0,1,3,9
S01006574,75 to 84,31,10,10,0,21,2,0,0,2,17
S01006574,85 and over,5,1,1,0,4,1,1,0,0,2
S01006575,All HRPs,399,224,173,51,175,102,9,16,24,24
S01006575,24 and under,26,8,0,8,18,18,0,0,0,0
S01006575,25 to 34,74,39,16,23,35,32,0,2,1,0
S01006575,35 to 49,134,83,68,15,51,25,3,9,13,1
S01006575,50 to 64,95,60,57,3,35,18,5,3,8,1
S01006575,65 to 74,34,21,19,2,13,5,1,2,1,4
S01006575,75 to 84,29,11,11,0,18,4,0,0,1,13
S01006575,85 and over,7,2,2,0,5,0,0,0,0,5
S01006576,All HRPs,325,174,138,36,151,88,7,12,26,18
S01006576,24 and under,17,3,0,3,14,14,0,0,0,0
S01006576,25 to 34,81,32,15,17,49,46,0,1,2,0
S01006576,35 to 49,110,71,58,13,39,20,2,4,11,2
S01006576,50 to 64,69,46,43,3,23,2,4,6,6,5
S01006576,65 to 74,23,12,12,0,11,2,1,0,6,2
S01006576,75 to 84,19,8,8,0,11,2,0,1,1,7
S01006576,85 and over,6,2,2,0,4,2,0,0,0,2
S01006577,All HRPs,430,185,126,59,245,176,8,7,36,18
S01006577,24 and under,41,14,1,13,27,25,0,0,2,0
S01006577,25 to 34,147,51,23,28,96,89,3,2,2,0
S01006577,35 to 49,101,55,41,14,46,35,1,2,8,0
S01006577,50 to 64,91,50,46,4,41,14,4,2,18,3
S01006577,65 to 74,27,8,8,0,19,8,0,1,5,5
S01006577,75 to 84,16,6,6,0,10,3,0,0,1,6
S01006577,85 and over,7,1,1,0,6,2,0,0,0,4
S01006578,All HRPs,633,195,102,93,438,352,10,12,46,18
S01006578,24 and under,84,14,1,13,70,70,0,0,0,0
S01006578,25 to 34,270,87,31,56,183,176,4,2,1,0
S01006578,35 to 49,153,50,30,20,103,79,2,4,18,0
S01006578,50 to 64,86,32,28,4,54,23,3,5,21,2
S01006578,65 to 74,18,7,7,0,11,1,1,1,4,4
S01006578,75 to 84,16,5,5,0,11,3,0,0,2,6
S01006578,85 and over,6,0,0,0,6,0,0,0,0,6
S01006579,All HRPs,640,168,79,89,472,367,23,24,44,14
S01006579,24 and under,96,22,0,22,74,74,0,0,0,0
S01006579,25 to 34,285,85,31,54,200,182,8,6,4,0
S01006579,35 to 49,147,40,30,10,107,74,12,8,13,0
S01006579,50 to 64,71,12,9,3,59,29,3,8,18,1
S01006579,65 to 74,15,1,1,0,14,4,0,1,6,3
S01006579,75 to 84,20,6,6,0,14,4,0,1,2,7
S01006579,85 and over,6,2,2,0,4,0,0,0,1,3
S01006580,All HRPs,422,147,85,62,275,196,10,7,41,21
S01006580,24 and under,31,9,0,9,22,22,0,0,0,0
S01006580,25 to 34,152,53,16,37,99,89,3,1,5,1
S01006580,35 to 49,114,39,29,10,75,56,3,2,14,0
S01006580,50 to 64,79,33,28,5,46,18,4,4,16,4
S01006580,65 to 74,23,9,8,1,14,6,0,0,4,4
S01006580,75 to 84,15,4,4,0,11,4,0,0,2,5
S01006580,85 and over,8,0,0,0,8,1,0,0,0,7
S01006581,All HRPs,402,240,205,35,162,69,11,4,28,50
S01006581,24 and under,5,2,1,1,3,3,0,0,0,0
S01006581,25 to 34,40,22,11,11,18,17,0,1,0,0
S01006581,35 to 49,121,83,63,20,38,26,3,1,6,2
S01006581,50 to 64,133,90,87,3,43,12,7,2,18,4
S01006581,65 to 74,41,22,22,0,19,4,0,0,2,13
S01006581,75 to 84,40,15,15,0,25,6,1,0,1,17
S01006581,85 and over,22,6,6,0,16,1,0,0,1,14
S01006582,All HRPs,466,121,55,66,345,244,22,22,42,15
S01006582,24 and under,80,12,1,11,68,68,0,0,0,0
S01006582,25 to 34,192,54,19,35,138,121,6,7,3,1
S01006582,35 to 49,92,36,24,12,56,31,5,7,12,1
S01006582,50 to 64,75,17,9,8,58,18,10,8,20,2
S01006582,65 to 74,9,1,1,0,8,2,1,0,1,4
S01006582,75 to 84,17,1,1,0,16,4,0,0,5,7
S01006582,85 and over,1,0,0,0,1,0,0,0,1,0
S01006583,All HRPs,404,95,40,55,309,260,8,9,25,7
S01006583,24 and under,94,10,0,10,84,84,0,0,0,0
S01006583,25 to 34,162,58,21,37,104,100,2,2,0,0
S01006583,35 to 49,99,21,14,7,78,61,1,6,10,0
S01006583,50 to 64,31,2,1,1,29,11,5,1,11,1
S01006583,65 to 74,6,3,3,0,3,0,0,0,2,1
S01006583,75 to 84,8,1,1,0,7,2,0,0,2,3
S01006583,85 and over,4,0,0,0,4,2,0,0,0,2
S01006584,All HRPs,354,106,52,54,248,184,8,13,33,10
S01006584,24 and under,67,11,0,11,56,56,0,0,0,0
S01006584,25 to 34,126,46,16,30,80,76,2,0,2,0
S01006584,35 to 49,92,31,20,11,61,36,3,8,14,0
S01006584,50 to 64,50,14,12,2,36,10,2,5,14,5
S01006584,65 to 74,8,2,2,0,6,0,1,0,3,2
S01006584,75 to 84,9,2,2,0,7,5,0,0,0,2
S01006584,85 and over,2,0,0,0,2,1,0,0,0,1
S01006585,All HRPs,465,121,67,54,344,215,17,14,61,37
S01006585,24 and under,67,11,0,11,56,56,0,0,0,0
S01006585,25 to 34,127,42,8,34,85,72,7,4,2,0
S01006585,35 to 49,101,24,19,5,77,55,5,2,14,1
S01006585,50 to 64,95,26,24,2,69,20,4,6,34,5
S01006585,65 to 74,35,12,11,1,23,4,1,2,8,8
S01006585,75 to 84,32,5,5,0,27,6,0,0,3,18
S01006585,85 and over,8,1,0,1,7,2,0,0,0,5
S01006586,All HRPs,650,152,77,75,498,329,15,24,86,44
S01006586,24 and under,94,10,1,9,84,84,0,0,0,0
S01006586,25 to 34,222,64,19,45,158,146,1,4,7,0
S01006586,35 to 49,112,27,12,15,85,57,7,5,15,1
S01006586,50 to 64,122,21,18,3,101,28,5,14,45,9
S01006586,65 to 74,52,14,12,2,38,9,1,1,17,10
S01006586,75 to 84,39,16,15,1,23,3,1,0,2,17
S01006586,85 and over,9,0,0,0,9,2,0,0,0,7
S01006587,All HRPs,318,89,37,52,229,189,5,5,26,4
S01006587,24 and under,66,11,1,10,55,55,0,0,0,0
S01006587,25 to 34,130,47,15,32,83,82,0,1,0,0
S01006587,35 to 49,74,18,13,5,56,41,5,2,8,0
S01006587,50 to 64,36,11,7,4,25,6,0,2,14,3
S01006587,65 to 74,10,2,1,1,8,3,0,0,4,1
S01006587,75 to 84,1,0,0,0,1,1,0,0,0,0
S01006587,85 and over,1,0,0,0,1,1,0,0,0,0
S01006588,All HRPs,338,84,38,46,254,217,14,7,16,0
S01006588,24 and under,79,11,1,10,68,68,0,0,0,0
S01006588,25 to 34,162,52,21,31,110,101,4,4,1,0
S01006588,35 to 49,68,13,8,5,55,45,3,2,5,0
S01006588,50 to 64,29,8,8,0,21,3,7,1,10,0
S01006588,65 to 74,0,0,0,0,0,0,0,0,0,0
S01006588,75 to 84,0,0,0,0,0,0,0,0,0,0
S01006588,85 and over,0,0,0,0,0,0,0,0,0,0
S01006589,All HRPs,367,102,42,60,265,203,14,15,26,7
S01006589,24 and under,88,20,2,18,68,68,0,0,0,0
S01006589,25 to 34,137,43,16,27,94,82,6,5,1,0
S01006589,35 to 49,76,18,10,8,58,38,6,6,8,0
S01006589,50 to 64,51,16,11,5,35,12,2,4,16,1
S01006589,65 to 74,10,4,2,2,6,2,0,0,1,3
S01006589,75 to 84,3,1,1,0,2,1,0,0,0,1
S01006589,85 and over,2,0,0,0,2,0,0,0,0,2
S01006590,All HRPs,379,106,49,57,273,219,13,8,29,4
S01006590,24 and under,63,6,3,3,57,57,0,0,0,0
S01006590,25 to 34,167,50,18,32,117,109,3,2,3,0
S01006590,35 to 49,88,29,12,17,59,38,4,6,11,0
S01006590,50 to 64,43,12,7,5,31,12,5,0,12,2
S01006590,65 to 74,9,5,5,0,4,2,0,0,2,0
S01006590,75 to 84,9,4,4,0,5,1,1,0,1,2
S01006590,85 and over,0,0,0,0,0,0,0,0,0,0
S01006591,All HRPs,367,131,70,61,236,170,14,12,31,9
S01006591,24 and under,55,12,2,10,43,43,0,0,0,0
S01006591,25 to 34,135,57,25,32,78,68,8,1,1,0
S01006591,35 to 49,98,33,19,14,65,47,1,8,9,0
S01006591,50 to 64,67,27,22,5,40,10,5,3,18,4
S01006591,65 to 74,7,1,1,0,6,1,0,0,2,3
S01006591,75 to 84,4,1,1,0,3,1,0,0,1,1
S01006591,85 and over,1,0,0,0,1,0,0,0,0,1
S01006592,All HRPs,374,149,79,70,225,179,9,8,18,11
S01006592,24 and under,34,8,0,8,26,26,0,0,0,0
S01006592,25 to 34,183,70,24,46,113,109,1,2,1,0
S01006592,35 to 49,90,45,34,11,45,33,4,1,6,1
S01006592,50 to 64,47,19,14,5,28,9,4,4,9,2
S01006592,65 to 74,14,4,4,0,10,1,0,1,2,6
S01006592,75 to 84,5,3,3,0,2,1,0,0,0,1
S01006592,85 and over,1,0,0,0,1,0,0,0,0,1
S01006593,All HRPs,411,157,84,73,254,189,10,12,29,14
S01006593,24 and under,58,15,3,12,43,43,0,0,0,0
S01006593,25 to 34,165,65,19,46,100,95,1,2,2,0
S01006593,35 to 49,102,42,30,12,60,38,6,4,12,0
S01006593,50 to 64,58,27,24,3,31,7,3,5,13,3
S01006593,65 to 74,16,7,7,0,9,3,0,1,2,3
S01006593,75 to 84,7,0,0,0,7,2,0,0,0,5
S01006593,85 and over,5,1,1,0,4,1,0,0,0,3
S01006594,All HRPs,345,105,63,42,240,139,11,6,37,47
S01006594,24 and under,32,7,0,7,25,25,0,0,0,0
S01006594,25 to 34,95,37,15,22,58,50,5,2,1,0
S01006594,35 to 49,63,24,16,8,39,30,2,0,7,0
S01006594,50 to 64,64,16,13,3,48,23,4,3,14,4
S01006594,65 to 74,38,11,9,2,27,4,0,1,12,10
S01006594,75 to 84,34,7,7,0,27,4,0,0,3,20
S01006594,85 and over,19,3,3,0,16,3,0,0,0,13
S01006595,All HRPs,555,176,96,80,379,280,20,17,46,16
S01006595,24 and under,68,10,0,10,58,56,2,0,0,0
S01006595,25 to 34,230,76,28,48,154,147,2,2,2,1
S01006595,35 to 49,145,53,36,17,92,62,10,6,14,0
S01006595,50 to 64,77,29,24,5,48,10,5,6,25,2
S01006595,65 to 74,19,3,3,0,16,2,1,3,4,6
S01006595,75 to 84,10,2,2,0,8,2,0,0,1,5
S01006595,85 and over,6,3,3,0,3,1,0,0,0,2
S01006596,All HRPs,359,166,106,60,193,139,9,11,18,16
S01006596,24 and under,28,2,0,2,26,26,0,0,0,0
S01006596,25 to 34,119,57,24,33,62,58,0,3,1,0
S01006596,35 to 49,106,63,43,20,43,30,2,3,7,1
S01006596,50 to 64,69,33,28,5,36,17,4,5,7,3
S01006596,65 to 74,16,6,6,0,10,5,1,0,2,2
S01006596,75 to 84,14,4,4,0,10,3,2,0,1,4
S01006596,85 and over,7,1,1,0,6,0,0,0,0,6
S01006597,All HRPs,352,93,23,70,259,204,8,11,28,8
S01006597,24 and under,61,14,0,14,47,46,1,0,0,0
S01006597,25 to 34,156,60,11,49,96,89,4,1,2,0
S01006597,35 to 49,82,11,6,5,71,55,2,5,9,0
S01006597,50 to 64,31,5,4,1,26,9,1,5,10,1
S01006597,65 to 74,12,2,1,1,10,3,0,0,6,1
S01006597,75 to 84,6,1,1,0,5,2,0,0,1,2
S01006597,85 and over,4,0,0,0,4,0,0,0,0,4
S01006598,All HRPs,435,261,207,54,174,103,14,8,23,26
S01006598,24 and under,9,1,0,1,8,8,0,0,0,0
S01006598,25 to 34,91,47,25,22,44,43,0,0,0,1
S01006598,35 to 49,135,88,67,21,47,29,6,2,9,1
S01006598,50 to 64,127,85,76,9,42,17,5,4,13,3
S01006598,65 to 74,41,26,25,1,15,3,1,1,1,9
S01006598,75 to 84,26,13,13,0,13,2,2,1,0,8
S01006598,85 and over,6,1,1,0,5,1,0,0,0,4
S01006599,All HRPs,499,149,97,52,350,190,8,21,72,59
S01006599,24 and under,48,8,0,8,40,39,0,1,0,0
S01006599,25 to 34,115,42,14,28,73,68,1,1,2,1
S01006599,35 to 49,106,34,26,8,72,44,3,9,15,1
S01006599,50 to 64,102,36,29,7,66,21,3,6,35,1
S01006599,65 to 74,38,11,11,0,27,4,0,3,9,11
S01006599,75 to 84,65,15,14,1,50,11,1,1,10,27
S01006599,85 and over,25,3,3,0,22,3,0,0,1,18
S01006600,All HRPs,587,235,172,63,352,169,18,21,61,83
S01006600,24 and under,34,3,0,3,31,31,0,0,0,0
S01006600,25 to 34,117,51,19,32,66,60,2,0,4,0
S01006600,35 to 49,155,75,52,23,80,39,6,14,19,2
S01006600,50 to 64,113,56,52,4,57,17,6,6,22,6
S01006600,65 to 74,52,19,19,0,33,5,2,1,11,14
S01006600,75 to 84,80,25,24,1,55,8,2,0,3,42
S01006600,85 and over,36,6,6,0,30,9,0,0,2,19
S01006601,All HRPs,572,215,142,73,357,233,12,23,59,30
S01006601,24 and under,51,9,1,8,42,40,0,2,0,0
S01006601,25 to 34,154,58,24,34,96,90,5,1,0,0
S01006601,35 to 49,175,65,42,23,110,70,3,10,26,1
S01006601,50 to 64,102,48,40,8,54,24,2,8,19,1
S01006601,65 to 74,49,21,21,0,28,3,1,2,12,10
S01006601,75 to 84,33,14,14,0,19,4,1,0,2,12
S01006601,85 and over,8,0,0,0,8,2,0,0,0,6
S01006602,All HRPs,414,207,169,38,207,79,15,6,36,71
S01006602,24 and under,7,2,0,2,5,5,0,0,0,0
S01006602,25 to 34,56,31,15,16,25,24,0,0,1,0
S01006602,35 to 49,121,76,61,15,45,25,11,3,5,1
S01006602,50 to 64,103,64,59,5,39,8,3,3,20,5
S01006602,65 to 74,35,15,15,0,20,4,1,0,5,10
S01006602,75 to 84,57,14,14,0,43,10,0,0,5,28
S01006602,85 and over,35,5,5,0,30,3,0,0,0,27
S01006603,All HRPs,385,177,128,49,208,65,2,18,52,71
S01006603,24 and under,7,2,0,2,5,5,0,0,0,0
S01006603,25 to 34,57,32,13,19,25,22,0,2,1,0
S01006603,35 to 49,101,50,33,17,51,24,1,9,14,3
S01006603,50 to 64,104,49,40,9,55,10,1,6,26,12
S01006603,65 to 74,53,23,22,1,30,4,0,1,9,16
S01006603,75 to 84,51,19,18,1,32,0,0,0,2,30
S01006603,85 and over,12,2,2,0,10,0,0,0,0,10
S01006604,All HRPs,291,176,144,32,115,38,1,8,28,40
S01006604,24 and under,6,4,0,4,2,2,0,0,0,0
S01006604,25 to 34,27,18,9,9,9,8,0,0,1,0
S01006604,35 to 49,79,53,43,10,26,16,0,4,6,0
S01006604,50 to 64,98,59,51,8,39,11,0,2,18,8
S01006604,65 to 74,45,26,25,1,19,0,0,2,2,15
S01006604,75 to 84,26,14,14,0,12,1,0,0,1,10
S01006604,85 and over,10,2,2,0,8,0,1,0,0,7
S01006605,All HRPs,409,152,106,46,257,92,3,17,64,81
S01006605,24 and under,11,4,1,3,7,7,0,0,0,0
S01006605,25 to 34,76,36,15,21,40,33,0,5,2,0
S01006605,35 to 49,99,38,25,13,61,37,0,5,18,1
S01006605,50 to 64,84,34,25,9,50,8,0,3,28,11
S01006605,65 to 74,46,20,20,0,26,2,2,2,9,11
S01006605,75 to 84,60,15,15,0,45,4,1,1,3,36
S01006605,85 and over,33,5,5,0,28,1,0,1,4,22
S01006606,All HRPs,390,210,182,28,180,58,5,10,40,67
S01006606,24 and under,4,1,0,1,3,3,0,0,0,0
S01006606,25 to 34,32,16,9,7,16,13,0,2,1,0
S01006606,35 to 49,95,61,49,12,34,21,1,3,9,0
S01006606,50 to 64,99,67,60,7,32,5,1,4,16,6
S01006606,65 to 74,64,41,40,1,23,7,0,0,6,10
S01006606,75 to 84,68,21,21,0,47,6,1,1,6,33
S01006606,85 and over,28,3,3,0,25,3,2,0,2,18
S01006607,All HRPs,385,220,167,53,165,59,0,11,39,56
S01006607,24 and under,4,0,0,0,4,4,0,0,0,0
S01006607,25 to 34,40,27,13,14,13,12,0,0,1,0
S01006607,35 to 49,119,75,52,23,44,22,0,8,14,0
S01006607,50 to 64,110,66,53,13,44,14,0,3,18,9
S01006607,65 to 74,58,33,32,1,25,3,0,0,5,17
S01006607,75 to 84,42,17,15,2,25,4,0,0,1,20
S01006607,85 and over,12,2,2,0,10,0,0,0,0,10
S01006608,All HRPs,284,201,172,29,83,15,6,12,13,37
S01006608,24 and under,4,3,1,2,1,1,0,0,0,0
S01006608,25 to 34,30,24,16,8,6,3,0,2,1,0
S01006608,35 to 49,87,67,56,11,20,3,3,5,6,3
S01006608,50 to 64,82,63,57,6,19,5,1,3,6,4
S01006608,65 to 74,52,32,30,2,20,2,1,1,0,16
S01006608,75 to 84,28,12,12,0,16,1,1,1,0,13
S01006608,85 and over,1,0,0,0,1,0,0,0,0,1
S01006609,All HRPs,490,244,186,58,246,84,4,18,52,88
S01006609,24 and under,12,6,2,4,6,6,0,0,0,0
S01006609,25 to 34,59,33,13,20,26,23,0,2,1,0
S01006609,35 to 49,121,65,46,19,56,32,0,10,13,1
S01006609,50 to 64,143,83,70,13,60,19,2,5,25,9
S01006609,65 to 74,67,34,33,1,33,3,1,0,6,23
S01006609,75 to 84,76,22,21,1,54,1,1,1,7,44
S01006609,85 and over,12,1,1,0,11,0,0,0,0,11
S01006610,All HRPs,212,96,76,20,116,35,3,6,26,46
S01006610,24 and under,5,1,0,1,4,4,0,0,0,0
S01006610,25 to 34,32,18,6,12,14,12,1,0,1,0
S01006610,35 to 49,43,21,16,5,22,11,1,4,6,0
S01006610,50 to 64,58,34,32,2,24,6,1,2,12,3
S01006610,65 to 74,25,6,6,0,19,1,0,0,3,15
S01006610,75 to 84,41,15,15,0,26,1,0,0,3,22
S01006610,85 and over,8,1,1,0,7,0,0,0,1,6
S01006611,All HRPs,425,208,162,46,217,81,3,21,44,68
S01006611,24 and under,10,0,0,0,10,8,0,2,0,0
S01006611,25 to 34,66,40,17,23,26,24,0,1,1,0
S01006611,35 to 49,109,55,41,14,54,29,2,13,9,1
S01006611,50 to 64,113,62,54,8,51,15,0,3,25,8
S01006611,65 to 74,39,15,14,1,24,2,0,2,4,16
S01006611,75 to 84,67,25,25,0,42,1,1,0,5,35
S01006611,85 and over,21,11,11,0,10,2,0,0,0,8
S01006612,All HRPs,373,227,183,44,146,53,7,12,24,50
S01006612,24 and under,5,1,0,1,4,4,0,0,0,0
S01006612,25 to 34,46,30,21,9,16,16,0,0,0,0
S01006612,35 to 49,112,77,55,22,35,19,2,4,6,4
S01006612,50 to 64,110,74,64,10,36,11,4,8,9,4
S01006612,65 to 74,46,22,20,2,24,2,0,0,8,14
S01006612,75 to 84,44,21,21,0,23,1,0,0,1,21
S01006612,85 and over,10,2,2,0,8,0,1,0,0,7
S01006613,All HRPs,259,178,139,39,81,43,3,11,14,10
S01006613,24 and under,9,6,0,6,3,3,0,0,0,0
S01006613,25 to 34,49,29,14,15,20,19,0,1,0,0
S01006613,35 to 49,105,72,59,13,33,17,2,4,9,1
S01006613,50 to 64,67,49,44,5,18,4,1,5,5,3
S01006613,65 to 74,13,10,10,0,3,0,0,1,0,2
S01006613,75 to 84,16,12,12,0,4,0,0,0,0,4
S01006613,85 and over,0,0,0,0,0,0,0,0,0,0
S01006614,All HRPs,265,186,145,41,79,35,4,13,20,7
S01006614,24 and under,1,1,0,1,0,0,0,0,0,0
S01006614,25 to 34,55,44,28,16,11,6,1,3,1,0
S01006614,35 to 49,140,96,78,18,44,26,1,6,11,0
S01006614,50 to 64,52,35,30,5,17,3,2,4,8,0
S01006614,65 to 74,11,7,6,1,4,0,0,0,0,4
S01006614,75 to 84,5,2,2,0,3,0,0,0,0,3
S01006614,85 and over,1,1,1,0,0,0,0,0,0,0
S01006615,All HRPs,270,228,176,52,42,18,2,4,11,7
S01006615,24 and under,6,1,1,0,5,5,0,0,0,0
S01006615,25 to 34,56,48,30,18,8,7,0,0,1,0
S01006615,35 to 49,132,115,88,27,17,6,1,3,5,2
S01006615,50 to 64,56,49,44,5,7,0,0,1,4,2
S01006615,65 to 74,12,11,9,2,1,0,0,0,0,1
S01006615,75 to 84,8,4,4,0,4,0,1,0,1,2
S01006615,85 and over,0,0,0,0,0,0,0,0,0,0
S01006616,All HRPs,337,220,162,58,117,70,1,16,20,10
S01006616,24 and under,15,6,0,6,9,9,0,0,0,0
S01006616,25 to 34,81,59,25,34,22,20,1,1,0,0
S01006616,35 to 49,117,72,58,14,45,25,0,10,10,0
S01006616,50 to 64,101,69,65,4,32,13,0,5,9,5
S01006616,65 to 74,15,10,10,0,5,3,0,0,0,2
S01006616,75 to 84,7,4,4,0,3,0,0,0,1,2
S01006616,85 and over,1,0,0,0,1,0,0,0,0,1
S01006617,All HRPs,297,177,146,31,120,40,2,7,31,40
S01006617,24 and under,4,2,0,2,2,2,0,0,0,0
S01006617,25 to 34,28,19,9,10,9,8,0,0,1,0
S01006617,35 to 49,87,56,44,12,31,13,1,6,9,2
S01006617,50 to 64,100,66,59,7,34,8,0,1,15,10
S01006617,65 to 74,36,19,19,0,17,6,0,0,4,7
S01006617,75 to 84,34,14,14,0,20,1,1,0,2,16
S01006617,85 and over,8,1,1,0,7,2,0,0,0,5
S01006618,All HRPs,246,159,131,28,87,30,3,4,24,26
S01006618,24 and under,4,2,0,2,2,2,0,0,0,0
S01006618,25 to 34,22,16,4,12,6,6,0,0,0,0
S01006618,35 to 49,61,45,39,6,16,8,1,1,5,1
S01006618,50 to 64,95,63,58,5,32,11,0,3,14,4
S01006618,65 to 74,40,27,26,1,13,2,0,0,5,6
S01006618,75 to 84,20,5,3,2,15,1,2,0,0,12
S01006618,85 and over,4,1,1,0,3,0,0,0,0,3
S01006619,All HRPs,372,243,194,49,129,47,2,11,32,37
S01006619,24 and under,4,1,0,1,3,3,0,0,0,0
S01006619,25 to 34,49,27,8,19,22,20,0,2,0,0
S01006619,35 to 49,117,82,64,18,35,17,0,7,8,3
S01006619,50 to 64,137,94,86,8,43,5,2,2,21,13
S01006619,65 to 74,38,29,26,3,9,2,0,0,1,6
S01006619,75 to 84,24,9,9,0,15,0,0,0,2,13
S01006619,85 and over,3,1,1,0,2,0,0,0,0,2
S01006620,All HRPs,390,239,196,43,151,47,4,15,36,49
S01006620,24 and under,5,2,0,2,3,2,0,0,0,1
S01006620,25 to 34,68,45,23,22,23,18,1,1,3,0
S01006620,35 to 49,98,66,51,15,32,21,0,4,7,0
S01006620,50 to 64,131,83,80,3,48,6,3,7,15,17
S01006620,65 to 74,45,27,26,1,18,0,0,2,8,8
S01006620,75 to 84,35,15,15,0,20,0,0,1,3,16
S01006620,85 and over,8,1,1,0,7,0,0,0,0,7
S01006621,All HRPs,235,145,112,33,90,46,0,7,20,17
S01006621,24 and under,10,4,0,4,6,6,0,0,0,0
S01006621,25 to 34,35,26,13,13,9,8,0,1,0,0
S01006621,35 to 49,72,43,37,6,29,17,0,3,8,1
S01006621,50 to 64,77,49,39,10,28,14,0,1,9,4
S01006621,65 to 74,29,17,17,0,12,1,0,2,2,7
S01006621,75 to 84,12,6,6,0,6,0,0,0,1,5
S01006621,85 and over,0,0,0,0,0,0,0,0,0,0
S01006622,All HRPs,292,186,141,45,106,59,1,9,25,12
S01006622,24 and under,4,1,0,1,3,3,0,0,0,0
S01006622,25 to 34,73,49,28,21,24,22,0,2,0,0
S01006622,35 to 49,119,77,60,17,42,29,0,4,7,2
S01006622,50 to 64,76,49,44,5,27,5,1,2,15,4
S01006622,65 to 74,14,6,5,1,8,0,0,1,3,4
S01006622,75 to 84,6,4,4,0,2,0,0,0,0,2
S01006622,85 and over,0,0,0,0,0,0,0,0,0,0
S01006623,All HRPs,359,153,107,46,206,97,8,14,47,40
S01006623,24 and under,12,4,0,4,8,8,0,0,0,0
S01006623,25 to 34,61,34,13,21,27,24,2,0,1,0
S01006623,35 to 49,108,48,32,16,60,37,3,6,12,2
S01006623,50 to 64,101,44,40,4,57,17,2,6,27,5
S01006623,65 to 74,46,11,11,0,35,11,1,1,3,19
S01006623,75 to 84,25,12,11,1,13,0,0,0,3,10
S01006623,85 and over,6,0,0,0,6,0,0,1,1,4
S01006624,All HRPs,481,157,101,56,324,213,18,12,58,23
S01006624,24 and under,40,9,3,6,31,31,0,0,0,0
S01006624,25 to 34,129,43,12,31,86,76,8,1,1,0
S01006624,35 to 49,146,39,28,11,107,79,4,8,16,0
S01006624,50 to 64,105,38,31,7,67,22,5,3,31,6
S01006624,65 to 74,35,17,17,0,18,3,0,0,8,7
S01006624,75 to 84,21,11,10,1,10,2,0,0,2,6
S01006624,85 and over,5,0,0,0,5,0,1,0,0,4
S01006625,All HRPs,288,147,117,30,141,60,5,18,25,33
S01006625,24 and under,13,7,0,7,6,6,0,0,0,0
S01006625,25 to 34,38,25,14,11,13,12,0,1,0,0
S01006625,35 to 49,81,33,28,5,48,34,2,9,2,1
S01006625,50 to 64,89,56,50,6,33,3,2,7,15,6
S01006625,65 to 74,35,19,18,1,16,4,1,1,3,7
S01006625,75 to 84,26,6,6,0,20,1,0,0,4,15
S01006625,85 and over,6,1,1,0,5,0,0,0,1,4
S01006626,All HRPs,377,146,86,60,231,116,4,15,49,47
S01006626,24 and under,23,7,0,7,16,15,0,1,0,0
S01006626,25 to 34,67,36,15,21,31,28,0,2,1,0
S01006626,35 to 49,104,44,26,18,60,41,3,4,10,2
S01006626,50 to 64,83,31,22,9,52,16,0,6,20,10
S01006626,65 to 74,45,15,13,2,30,8,0,1,11,10
S01006626,75 to 84,41,12,9,3,29,6,1,1,5,16
S01006626,85 and over,14,1,1,0,13,2,0,0,2,9
S01006627,All HRPs,511,153,86,67,358,226,15,28,65,24
S01006627,24 and under,59,12,1,11,47,47,0,0,0,0
S01006627,25 to 34,148,64,29,35,84,71,8,4,1,0
S01006627,35 to 49,161,33,26,7,128,82,6,15,24,1
S01006627,50 to 64,95,37,23,14,58,16,1,7,30,4
S01006627,65 to 74,29,5,5,0,24,8,0,2,9,5
S01006627,75 to 84,11,2,2,0,9,2,0,0,1,6
S01006627,85 and over,8,0,0,0,8,0,0,0,0,8
S01006628,All HRPs,635,214,108,106,421,277,25,26,75,18
S01006628,24 and under,81,29,1,28,52,50,0,2,0,0
S01006628,25 to 34,202,96,48,48,106,99,7,0,0,0
S01006628,35 to 49,201,52,31,21,149,97,6,11,30,5
S01006628,50 to 64,121,29,20,9,92,25,12,13,38,4
S01006628,65 to 74,9,3,3,0,6,2,0,0,3,1
S01006628,75 to 84,18,5,5,0,13,3,0,0,4,6
S01006628,85 and over,3,0,0,0,3,1,0,0,0,2
S01006629,All HRPs,315,137,95,42,178,85,5,19,41,28
S01006629,24 and under,28,8,1,7,20,20,0,0,0,0
S01006629,25 to 34,54,23,14,9,31,26,2,0,3,0
S01006629,35 to 49,106,51,35,16,55,26,1,13,12,3
S01006629,50 to 64,86,42,32,10,44,10,1,5,24,4
S01006629,65 to 74,24,9,9,0,15,3,1,1,1,9
S01006629,75 to 84,12,3,3,0,9,0,0,0,1,8
S01006629,85 and over,5,1,1,0,4,0,0,0,0,4
S01006630,All HRPs,256,119,88,31,137,52,2,11,41,31
S01006630,24 and under,8,2,0,2,6,6,0,0,0,0
S01006630,25 to 34,27,13,7,6,14,14,0,0,0,0
S01006630,35 to 49,72,34,26,8,38,16,1,8,10,3
S01006630,50 to 64,95,48,34,14,47,15,1,2,24,5
S01006630,65 to 74,31,10,10,0,21,1,0,1,7,12
S01006630,75 to 84,21,11,11,0,10,0,0,0,0,10
S01006630,85 and over,2,1,0,1,1,0,0,0,0,1
S01006631,All HRPs,493,184,119,65,309,154,3,22,70,60
S01006631,24 and under,23,8,0,8,15,15,0,0,0,0
S01006631,25 to 34,90,42,19,23,48,45,0,0,2,1
S01006631,35 to 49,138,52,30,22,86,57,1,9,16,3
S01006631,50 to 64,120,47,38,9,73,25,0,7,35,6
S01006631,65 to 74,66,22,20,2,44,6,1,6,11,20
S01006631,75 to 84,41,12,11,1,29,4,1,0,4,20
S01006631,85 and over,15,1,1,0,14,2,0,0,2,10
S01006632,All HRPs,423,159,90,69,264,143,8,17,69,27
S01006632,24 and under,20,6,1,5,14,13,0,0,1,0
S01006632,25 to 34,99,53,19,34,46,38,1,5,2,0
S01006632,35 to 49,127,40,26,14,87,55,2,5,25,0
S01006632,50 to 64,110,39,26,13,71,28,4,6,28,5
S01006632,65 to 74,37,11,9,2,26,6,0,1,10,9
S01006632,75 to 84,24,8,7,1,16,2,1,0,3,10
S01006632,85 and over,6,2,2,0,4,1,0,0,0,3
S01006633,All HRPs,288,125,92,33,163,76,4,13,40,30
S01006633,24 and under,10,4,0,4,6,5,0,1,0,0
S01006633,25 to 34,60,27,14,13,33,28,1,2,2,0
S01006633,35 to 49,85,38,30,8,47,29,1,7,10,0
S01006633,50 to 64,85,45,38,7,40,11,1,1,22,5
S01006633,65 to 74,30,9,8,1,21,2,1,2,5,11
S01006633,75 to 84,11,2,2,0,9,1,0,0,1,7
S01006633,85 and over,7,0,0,0,7,0,0,0,0,7
S01006634,All HRPs,291,96,61,35,195,108,4,18,46,19
S01006634,24 and under,21,5,0,5,16,16,0,0,0,0
S01006634,25 to 34,64,28,13,15,36,30,0,5,1,0
S01006634,35 to 49,102,29,19,10,73,46,1,7,16,3
S01006634,50 to 64,70,24,20,4,46,14,2,5,20,5
S01006634,65 to 74,19,4,3,1,15,1,1,1,7,5
S01006634,75 to 84,14,6,6,0,8,0,0,0,2,6
S01006634,85 and over,1,0,0,0,1,1,0,0,0,0
S01006635,All HRPs,289,145,115,30,144,61,7,12,40,24
S01006635,24 and under,18,4,2,2,14,14,0,0,0,0
S01006635,25 to 34,41,21,10,11,20,17,2,0,1,0
S01006635,35 to 49,97,47,37,10,50,22,5,6,17,0
S01006635,50 to 64,68,40,34,6,28,4,0,5,15,4
S01006635,65 to 74,39,22,21,1,17,4,0,0,6,7
S01006635,75 to 84,20,10,10,0,10,0,0,1,1,8
S01006635,85 and over,6,1,1,0,5,0,0,0,0,5
S01006636,All HRPs,386,164,98,66,222,102,5,20,60,35
S01006636,24 and under,24,9,0,9,15,15,0,0,0,0
S01006636,25 to 34,68,35,13,22,33,30,1,0,2,0
S01006636,35 to 49,143,68,44,24,75,39,1,15,15,5
S01006636,50 to 64,87,28,20,8,59,13,2,4,32,8
S01006636,65 to 74,32,13,12,1,19,1,0,0,7,11
S01006636,75 to 84,26,8,6,2,18,4,1,1,4,8
S01006636,85 and over,6,3,3,0,3,0,0,0,0,3
S01006637,All HRPs,413,122,75,47,291,183,18,16,38,36
S01006637,24 and under,58,7,0,7,51,50,0,1,0,0
S01006637,25 to 34,110,31,13,18,79,68,7,2,1,1
S01006637,35 to 49,95,31,19,12,64,46,3,4,10,1
S01006637,50 to 64,87,37,28,9,50,12,6,8,15,9
S01006637,65 to 74,23,9,8,1,14,2,1,0,8,3
S01006637,75 to 84,27,6,6,0,21,4,1,1,3,12
S01006637,85 and over,13,1,1,0,12,1,0,0,1,10
S01006638,All HRPs,504,138,65,73,366,272,4,18,43,29
S01006638,24 and under,94,20,1,19,74,73,1,0,0,0
S01006638,25 to 34,166,57,19,38,109,108,0,1,0,0
S01006638,35 to 49,111,24,16,8,87,58,1,9,18,1
S01006638,50 to 64,77,22,15,7,55,20,2,7,18,8
S01006638,65 to 74,25,9,9,0,16,5,0,1,4,6
S01006638,75 to 84,18,6,5,1,12,5,0,0,2,5
S01006638,85 and over,13,0,0,0,13,3,0,0,1,9
S01006639,All HRPs,592,136,63,73,456,286,13,16,69,72
S01006639,24 and under,104,19,0,19,85,85,0,0,0,0
S01006639,25 to 34,153,57,18,39,96,90,2,0,4,0
S01006639,35 to 49,103,25,13,12,78,57,4,2,15,0
S01006639,50 to 64,103,10,8,2,93,40,5,8,35,5
S01006639,65 to 74,45,13,12,1,32,7,0,3,7,15
S01006639,75 to 84,53,10,10,0,43,5,2,2,5,29
S01006639,85 and over,31,2,2,0,29,2,0,1,3,23
S01006640,All HRPs,376,106,54,52,270,224,14,7,18,7
S01006640,24 and under,103,14,0,14,89,88,1,0,0,0
S01006640,25 to 34,167,61,35,26,106,100,4,1,1,0
S01006640,35 to 49,64,21,11,10,43,26,6,4,7,0
S01006640,50 to 64,36,10,8,2,26,9,3,2,9,3
S01006640,65 to 74,5,0,0,0,5,1,0,0,1,3
S01006640,75 to 84,1,0,0,0,1,0,0,0,0,1
S01006640,85 and over,0,0,0,0,0,0,0,0,0,0
S01006641,All HRPs,602,161,82,79,441,345,11,20,53,12
S01006641,24 and under,146,22,0,22,124,124,0,0,0,0
S01006641,25 to 34,233,77,34,43,156,139,4,4,7,2
S01006641,35 to 49,122,36,26,10,86,56,2,9,18,1
S01006641,50 to 64,84,23,19,4,61,23,5,5,25,3
S01006641,65 to 74,11,3,3,0,8,3,0,2,2,1
S01006641,75 to 84,4,0,0,0,4,0,0,0,1,3
S01006641,85 and over,2,0,0,0,2,0,0,0,0,2
S01006642,All HRPs,492,124,64,60,368,297,6,12,35,18
S01006642,24 and under,134,22,2,20,112,112,0,0,0,0
S01006642,25 to 34,158,50,21,29,108,104,1,3,0,0
S01006642,35 to 49,102,21,14,7,81,59,4,7,8,3
S01006642,50 to 64,69,21,17,4,48,18,1,2,23,4
S01006642,65 to 74,10,3,3,0,7,2,0,0,2,3
S01006642,75 to 84,16,6,6,0,10,2,0,0,2,6
S01006642,85 and over,3,1,1,0,2,0,0,0,0,2
S01006643,All HRPs,419,101,46,55,318,270,11,9,27,1
S01006643,24 and under,153,19,1,18,134,133,1,0,0,0
S01006643,25 to 34,151,49,23,26,102,97,2,2,1,0
S01006643,35 to 49,59,22,12,10,37,20,4,5,8,0
S01006643,50 to 64,40,7,6,1,33,14,4,1,14,0
S01006643,65 to 74,10,3,3,0,7,2,0,1,3,1
S01006643,75 to 84,2,1,1,0,1,1,0,0,0,0
S01006643,85 and over,4,0,0,0,4,3,0,0,1,0
S01006644,All HRPs,553,153,69,84,400,300,11,26,42,21
S01006644,24 and under,158,22,0,22,136,132,1,1,0,2
S01006644,25 to 34,178,69,24,45,109,101,5,1,2,0
S01006644,35 to 49,120,31,21,10,89,53,2,14,18,2
S01006644,50 to 64,63,20,14,6,43,10,3,8,18,4
S01006644,65 to 74,14,6,5,1,8,0,0,1,3,4
S01006644,75 to 84,17,5,5,0,12,4,0,0,1,7
S01006644,85 and over,3,0,0,0,3,0,0,1,0,2
S01006645,All HRPs,393,115,63,52,278,179,1,17,53,28
S01006645,24 and under,47,11,0,11,36,35,0,1,0,0
S01006645,25 to 34,106,46,18,28,60,56,0,2,2,0
S01006645,35 to 49,108,24,17,7,84,64,1,5,14,0
S01006645,50 to 64,77,20,16,4,57,18,0,5,33,1
S01006645,65 to 74,30,8,7,1,22,5,0,4,2,11
S01006645,75 to 84,16,5,4,1,11,1,0,0,1,9
S01006645,85 and over,9,1,1,0,8,0,0,0,1,7
S01006646,All HRPs,340,65,34,31,275,214,10,7,15,29
S01006646,24 and under,84,8,2,6,76,76,0,0,0,0
S01006646,25 to 34,123,31,13,18,92,87,4,1,0,0
S01006646,35 to 49,48,11,9,2,37,29,2,2,4,0
S01006646,50 to 64,39,8,4,4,31,14,1,4,10,2
S01006646,65 to 74,14,2,2,0,12,4,1,0,0,7
S01006646,75 to 84,24,3,2,1,21,3,2,0,0,16
S01006646,85 and over,8,2,2,0,6,1,0,0,1,4
S01006647,All HRPs,341,98,60,38,243,144,7,10,60,22
S01006647,24 and under,56,5,1,4,51,51,0,0,0,0
S01006647,25 to 34,76,28,14,14,48,45,1,1,1,0
S01006647,35 to 49,87,36,22,14,51,28,3,3,17,0
S01006647,50 to 64,69,19,14,5,50,11,3,4,26,6
S01006647,65 to 74,36,7,6,1,29,6,0,1,15,7
S01006647,75 to 84,14,2,2,0,12,2,0,1,1,8
S01006647,85 and over,3,1,1,0,2,1,0,0,0,1
S01006648,All HRPs,651,174,77,97,477,391,10,24,45,7
S01006648,24 and under,155,35,1,34,120,120,0,0,0,0
S01006648,25 to 34,227,74,28,46,153,145,5,3,0,0
S01006648,35 to 49,166,42,26,16,124,89,4,15,16,0
S01006648,50 to 64,82,18,17,1,64,32,0,5,26,1
S01006648,65 to 74,11,3,3,0,8,4,0,0,3,1
S01006648,75 to 84,4,1,1,0,3,0,1,1,0,1
S01006648,85 and over,6,1,1,0,5,1,0,0,0,4
S01006649,All HRPs,583,165,74,91,418,320,6,22,60,10
S01006649,24 and under,157,32,1,31,125,124,0,0,1,0
S01006649,25 to 34,191,79,38,41,112,105,3,1,3,0
S01006649,35 to 49,121,28,17,11,93,67,2,12,12,0
S01006649,50 to 64,87,20,15,5,67,21,0,8,36,2
S01006649,65 to 74,19,3,0,3,16,2,1,1,7,5
S01006649,75 to 84,5,2,2,0,3,0,0,0,1,2
S01006649,85 and over,3,1,1,0,2,1,0,0,0,1
S01006650,All HRPs,481,130,70,60,351,282,8,12,37,12
S01006650,24 and under,125,21,3,18,104,102,2,0,0,0
S01006650,25 to 34,168,50,21,29,118,114,2,1,1,0
S01006650,35 to 49,95,28,20,8,67,46,3,5,11,2
S01006650,50 to 64,64,22,17,5,42,16,1,6,15,4
S01006650,65 to 74,13,5,5,0,8,3,0,0,5,0
S01006650,75 to 84,12,4,4,0,8,0,0,0,4,4
S01006650,85 and over,4,0,0,0,4,1,0,0,1,2
S01006651,All HRPs,382,110,56,54,272,181,14,6,45,26
S01006651,24 and under,84,18,0,18,66,66,0,0,0,0
S01006651,25 to 34,107,43,17,26,64,57,5,2,0,0
S01006651,35 to 49,55,12,8,4,43,32,5,0,6,0
S01006651,50 to 64,75,20,15,5,55,19,3,4,27,2
S01006651,65 to 74,23,5,5,0,18,2,0,0,8,8
S01006651,75 to 84,32,11,10,1,21,3,1,0,4,13
S01006651,85 and over,6,1,1,0,5,2,0,0,0,3
S01006652,All HRPs,308,93,38,55,215,169,4,10,26,6
S01006652,24 and under,80,9,0,9,71,71,0,0,0,0
S01006652,25 to 34,110,48,12,36,62,60,1,1,0,0
S01006652,35 to 49,64,25,16,9,39,25,0,5,9,0
S01006652,50 to 64,26,5,4,1,21,7,2,3,7,2
S01006652,65 to 74,19,3,3,0,16,4,1,0,9,2
S01006652,75 to 84,8,3,3,0,5,2,0,0,1,2
S01006652,85 and over,1,0,0,0,1,0,0,1,0,0
S01006653,All HRPs,296,118,73,45,178,133,3,3,25,14
S01006653,24 and under,56,10,2,8,46,46,0,0,0,0
S01006653,25 to 34,99,44,18,26,55,52,1,0,2,0
S01006653,35 to 49,66,26,19,7,40,29,1,2,7,1
S01006653,50 to 64,51,27,23,4,24,3,1,0,16,4
S01006653,65 to 74,12,8,8,0,4,1,0,1,0,2
S01006653,75 to 84,10,2,2,0,8,2,0,0,0,6
S01006653,85 and over,2,1,1,0,1,0,0,0,0,1
S01006654,All HRPs,504,148,88,60,356,203,10,22,63,58
S01006654,24 and under,58,10,1,9,48,48,0,0,0,0
S01006654,25 to 34,99,41,19,22,58,48,7,2,1,0
S01006654,35 to 49,137,36,19,17,101,69,2,11,17,2
S01006654,50 to 64,102,35,26,9,67,23,1,9,28,6
S01006654,65 to 74,49,12,11,1,37,9,0,0,12,16
S01006654,75 to 84,42,10,9,1,32,5,0,0,5,22
S01006654,85 and over,17,4,3,1,13,1,0,0,0,12
S01006655,All HRPs,334,138,91,47,196,120,10,16,34,16
S01006655,24 and under,42,7,0,7,35,35,0,0,0,0
S01006655,25 to 34,77,38,15,23,39,39,0,0,0,0
S01006655,35 to 49,101,48,36,12,53,32,6,5,9,1
S01006655,50 to 64,73,30,26,4,43,12,4,8,16,3
S01006655,65 to 74,26,10,9,1,16,1,0,2,9,4
S01006655,75 to 84,12,4,4,0,8,1,0,1,0,6
S01006655,85 and over,3,1,1,0,2,0,0,0,0,2
S01006656,All HRPs,524,165,88,77,359,264,6,17,54,18
S01006656,24 and under,90,20,2,18,70,69,0,0,1,0
S01006656,25 to 34,178,62,25,37,116,111,1,1,3,0
S01006656,35 to 49,137,46,31,15,91,59,4,5,23,0
S01006656,50 to 64,76,28,21,7,48,16,1,8,19,4
S01006656,65 to 74,21,4,4,0,17,7,0,1,5,4
S01006656,75 to 84,14,5,5,0,9,0,0,2,3,4
S01006656,85 and over,8,0,0,0,8,2,0,0,0,6
S01006657,All HRPs,286,99,43,56,187,132,8,13,27,7
S01006657,24 and under,56,10,1,9,46,46,0,0,0,0
S01006657,25 to 34,90,40,11,29,50,43,6,1,0,0
S01006657,35 to 49,86,31,16,15,55,32,1,7,12,3
S01006657,50 to 64,39,15,12,3,24,6,1,5,12,0
S01006657,65 to 74,9,2,2,0,7,4,0,0,3,0
S01006657,75 to 84,5,1,1,0,4,1,0,0,0,3
S01006657,85 and over,1,0,0,0,1,0,0,0,0,1
S01006658,All HRPs,525,156,89,67,369,274,10,24,37,24
S01006658,24 and under,113,22,1,21,91,90,0,0,1,0
S01006658,25 to 34,184,60,25,35,124,114,3,6,1,0
S01006658,35 to 49,129,49,41,8,80,48,3,12,14,3
S01006658,50 to 64,65,17,15,2,48,17,3,6,16,6
S01006658,65 to 74,13,2,2,0,11,3,0,0,3,5
S01006658,75 to 84,17,6,5,1,11,1,1,0,2,7
S01006658,85 and over,4,0,0,0,4,1,0,0,0,3
S01006659,All HRPs,287,96,62,34,191,142,4,7,15,23
S01006659,24 and under,77,6,0,6,71,71,0,0,0,0
S01006659,25 to 34,67,26,9,17,41,40,1,0,0,0
S01006659,35 to 49,49,24,18,6,25,14,3,4,4,0
S01006659,50 to 64,52,24,20,4,28,13,0,3,8,4
S01006659,65 to 74,19,9,8,1,10,3,0,0,2,5
S01006659,75 to 84,17,7,7,0,10,1,0,0,1,8
S01006659,85 and over,6,0,0,0,6,0,0,0,0,6
S01006660,All HRPs,247,74,34,40,173,130,7,10,19,7
S01006660,24 and under,65,11,1,10,54,53,0,0,0,1
S01006660,25 to 34,83,30,9,21,53,49,2,1,0,1
S01006660,35 to 49,74,29,20,9,45,22,4,6,12,1
S01006660,50 to 64,20,3,3,0,17,5,1,3,5,3
S01006660,65 to 74,2,1,1,0,1,0,0,0,0,1
S01006660,75 to 84,2,0,0,0,2,1,0,0,1,0
S01006660,85 and over,1,0,0,0,1,0,0,0,1,0
S01006661,All HRPs,301,111,79,32,190,142,5,3,17,23
S01006661,24 and under,75,11,2,9,64,62,1,1,0,0
S01006661,25 to 34,77,32,13,19,45,45,0,0,0,0
S01006661,35 to 49,47,21,19,2,26,20,2,0,4,0
S01006661,50 to 64,63,28,26,2,35,13,2,2,10,8
S01006661,65 to 74,22,13,13,0,9,2,0,0,2,5
S01006661,75 to 84,11,5,5,0,6,0,0,0,1,5
S01006661,85 and over,6,1,1,0,5,0,0,0,0,5
S01006662,All HRPs,285,87,56,31,198,152,3,5,34,4
S01006662,24 and under,55,8,1,7,47,47,0,0,0,0
S01006662,25 to 34,97,29,10,19,68,63,1,1,3,0
S01006662,35 to 49,81,26,23,3,55,36,2,2,15,0
S01006662,50 to 64,39,17,16,1,22,6,0,2,12,2
S01006662,65 to 74,9,5,4,1,4,0,0,0,2,2
S01006662,75 to 84,3,1,1,0,2,0,0,0,2,0
S01006662,85 and over,1,1,1,0,0,0,0,0,0,0
S01006663,All HRPs,245,70,38,32,175,142,3,6,13,11
S01006663,24 and under,86,10,0,10,76,76,0,0,0,0
S01006663,25 to 34,70,26,11,15,44,41,2,1,0,0
S01006663,35 to 49,37,13,8,5,24,16,0,2,6,0
S01006663,50 to 64,34,15,13,2,19,7,1,3,5,3
S01006663,65 to 74,9,4,4,0,5,1,0,0,2,2
S01006663,75 to 84,7,2,2,0,5,1,0,0,0,4
S01006663,85 and over,2,0,0,0,2,0,0,0,0,2
S01006664,All HRPs,237,80,46,34,157,127,1,3,14,12
S01006664,24 and under,75,13,1,12,62,62,0,0,0,0
S01006664,25 to 34,64,27,11,16,37,37,0,0,0,0
S01006664,35 to 49,39,18,14,4,21,17,0,0,4,0
S01006664,50 to 64,40,14,13,1,26,10,1,3,7,5
S01006664,65 to 74,10,4,4,0,6,1,0,0,3,2
S01006664,75 to 84,6,3,2,1,3,0,0,0,0,3
S01006664,85 and over,3,1,1,0,2,0,0,0,0,2
S01006665,All HRPs,316,89,51,38,227,172,7,10,15,23
S01006665,24 and under,89,16,1,15,73,73,0,0,0,0
S01006665,25 to 34,91,27,12,15,64,59,4,1,0,0
S01006665,35 to 49,57,18,16,2,39,27,0,7,4,1
S01006665,50 to 64,39,18,15,3,21,7,2,1,7,4
S01006665,65 to 74,17,5,3,2,12,2,1,1,3,5
S01006665,75 to 84,18,5,4,1,13,3,0,0,1,9
S01006665,85 and over,5,0,0,0,5,1,0,0,0,4
S01006666,All HRPs,499,151,103,48,348,139,10,35,89,75
S01006666,24 and under,35,6,0,6,29,29,0,0,0,0
S01006666,25 to 34,95,47,23,24,48,44,0,1,1,2
S01006666,35 to 49,94,32,24,8,62,29,1,13,16,3
S01006666,50 to 64,131,36,30,6,95,25,7,14,44,5
S01006666,65 to 74,62,15,12,3,47,5,0,7,21,14
S01006666,75 to 84,58,12,11,1,46,6,2,0,4,34
S01006666,85 and over,24,3,3,0,21,1,0,0,3,17
S01006667,All HRPs,447,126,74,52,321,205,6,18,71,21
S01006667,24 and under,52,10,0,10,42,41,0,0,1,0
S01006667,25 to 34,94,42,16,26,52,46,0,4,2,0
S01006667,35 to 49,122,29,21,8,93,66,2,6,18,1
S01006667,50 to 64,108,20,14,6,88,37,3,7,34,7
S01006667,65 to 74,38,16,15,1,22,6,0,1,9,6
S01006667,75 to 84,27,7,6,1,20,8,1,0,6,5
S01006667,85 and over,6,2,2,0,4,1,0,0,1,2
S01006668,All HRPs,413,90,51,39,323,252,10,17,25,19
S01006668,24 and under,112,6,0,6,106,106,0,0,0,0
S01006668,25 to 34,138,46,21,25,92,87,2,2,1,0
S01006668,35 to 49,72,15,11,4,57,38,4,8,7,0
S01006668,50 to 64,56,15,11,4,41,12,3,7,16,3
S01006668,65 to 74,11,3,3,0,8,3,1,0,1,3
S01006668,75 to 84,18,5,5,0,13,6,0,0,0,7
S01006668,85 and over,6,0,0,0,6,0,0,0,0,6
S01006669,All HRPs,444,142,95,47,302,142,9,15,78,58
S01006669,24 and under,46,10,3,7,36,36,0,0,0,0
S01006669,25 to 34,82,42,22,20,40,34,2,1,3,0
S01006669,35 to 49,86,24,15,9,62,39,1,3,19,0
S01006669,50 to 64,121,31,22,9,90,26,6,6,41,11
S01006669,65 to 74,59,20,18,2,39,4,0,5,9,21
S01006669,75 to 84,43,15,15,0,28,3,0,0,6,19
S01006669,85 and over,7,0,0,0,7,0,0,0,0,7
S01006670,All HRPs,347,116,54,62,231,138,6,8,38,41
S01006670,24 and under,49,14,0,14,35,35,0,0,0,0
S01006670,25 to 34,96,37,13,24,59,55,3,1,0,0
S01006670,35 to 49,76,26,10,16,50,35,1,1,12,1
S01006670,50 to 64,51,16,11,5,35,7,2,5,20,1
S01006670,65 to 74,24,12,10,2,12,0,0,0,4,8
S01006670,75 to 84,41,7,6,1,34,5,0,1,2,26
S01006670,85 and over,10,4,4,0,6,1,0,0,0,5
S01006671,All HRPs,233,87,68,19,146,87,9,7,24,19
S01006671,24 and under,40,1,0,1,39,39,0,0,0,0
S01006671,25 to 34,41,18,9,9,23,21,0,1,1,0
S01006671,35 to 49,57,27,21,6,30,18,6,3,3,0
S01006671,50 to 64,44,24,22,2,20,5,2,1,12,0
S01006671,65 to 74,29,8,8,0,21,3,1,1,8,8
S01006671,75 to 84,16,7,6,1,9,1,0,1,0,7
S01006671,85 and over,6,2,2,0,4,0,0,0,0,4
S01006672,All HRPs,366,119,67,52,247,119,8,22,59,39
S01006672,24 and under,37,9,0,9,28,27,0,1,0,0
S01006672,25 to 34,101,49,24,25,52,38,1,7,6,0
S01006672,35 to 49,93,26,14,12,67,34,2,8,21,2
S01006672,50 to 64,60,17,13,4,43,8,4,5,19,7
S01006672,65 to 74,44,14,12,2,30,11,0,1,10,8
S01006672,75 to 84,22,2,2,0,20,1,0,0,3,16
S01006672,85 and over,9,2,2,0,7,0,1,0,0,6
S01006673,All HRPs,367,129,85,44,238,163,9,15,37,14
S01006673,24 and under,56,9,2,7,47,47,0,0,0,0
S01006673,25 to 34,90,27,14,13,63,53,4,3,3,0
S01006673,35 to 49,107,45,30,15,62,44,3,5,10,0
S01006673,50 to 64,77,34,27,7,43,12,2,7,19,3
S01006673,65 to 74,17,8,6,2,9,3,0,0,4,2
S01006673,75 to 84,15,4,4,0,11,1,0,0,1,9
S01006673,85 and over,5,2,2,0,3,3,0,0,0,0
S01006674,All HRPs,544,160,116,44,384,162,3,18,111,90
S01006674,24 and under,48,5,2,3,43,41,1,1,0,0
S01006674,25 to 34,97,49,29,20,48,45,0,2,1,0
S01006674,35 to 49,121,41,26,15,80,45,0,7,26,2
S01006674,50 to 64,119,32,27,5,87,18,1,7,54,7
S01006674,65 to 74,55,11,11,0,44,4,1,1,21,17
S01006674,75 to 84,76,19,19,0,57,6,0,0,8,43
S01006674,85 and over,28,3,2,1,25,3,0,0,1,21
S01006675,All HRPs,315,119,76,43,196,100,8,26,54,8
S01006675,24 and under,31,10,2,8,21,21,0,0,0,0
S01006675,25 to 34,84,42,27,15,42,33,0,4,5,0
S01006675,35 to 49,119,47,34,13,72,36,7,15,13,1
S01006675,50 to 64,71,17,10,7,54,10,1,7,33,3
S01006675,65 to 74,6,3,3,0,3,0,0,0,2,1
S01006675,75 to 84,2,0,0,0,2,0,0,0,1,1
S01006675,85 and over,2,0,0,0,2,0,0,0,0,2
S01006676,All HRPs,358,141,112,29,217,107,6,15,48,41
S01006676,24 and under,33,4,0,4,29,26,2,1,0,0
S01006676,25 to 34,77,32,21,11,45,39,1,1,3,1
S01006676,35 to 49,88,41,33,8,47,31,2,5,7,2
S01006676,50 to 64,82,40,34,6,42,9,1,5,23,4
S01006676,65 to 74,46,17,17,0,29,0,0,3,11,15
S01006676,75 to 84,25,5,5,0,20,2,0,0,3,15
S01006676,85 and over,7,2,2,0,5,0,0,0,1,4
S01006677,All HRPs,398,126,84,42,272,167,6,17,56,26
S01006677,24 and under,59,7,1,6,52,52,0,0,0,0
S01006677,25 to 34,85,31,14,17,54,48,2,2,2,0
S01006677,35 to 49,108,37,23,14,71,48,2,4,14,3
S01006677,50 to 64,95,37,34,3,58,11,2,11,27,7
S01006677,65 to 74,29,10,8,2,19,6,0,0,8,5
S01006677,75 to 84,17,4,4,0,13,2,0,0,3,8
S01006677,85 and over,5,0,0,0,5,0,0,0,2,3
S01006678,All HRPs,525,229,164,65,296,137,12,24,80,43
S01006678,24 and under,51,12,2,10,39,37,1,0,1,0
S01006678,25 to 34,123,62,34,28,61,46,0,4,9,2
S01006678,35 to 49,149,62,46,16,87,38,7,14,24,4
S01006678,50 to 64,124,56,47,9,68,10,4,6,34,14
S01006678,65 to 74,46,24,23,1,22,5,0,0,10,7
S01006678,75 to 84,25,10,9,1,15,1,0,0,1,13
S01006678,85 and over,7,3,3,0,4,0,0,0,1,3
S01006679,All HRPs,315,183,146,37,132,66,1,10,33,22
S01006679,24 and under,15,7,0,7,8,8,0,0,0,0
S01006679,25 to 34,34,18,9,9,16,13,0,1,2,0
S01006679,35 to 49,91,49,37,12,42,30,1,3,8,0
S01006679,50 to 64,91,61,55,6,30,10,0,3,14,3
S01006679,65 to 74,58,37,35,2,21,2,0,3,8,8
S01006679,75 to 84,24,10,10,0,14,3,0,0,1,10
S01006679,85 and over,2,1,0,1,1,0,0,0,0,1
S01006680,All HRPs,416,153,96,57,263,126,7,28,61,41
S01006680,24 and under,16,5,0,5,11,11,0,0,0,0
S01006680,25 to 34,124,64,33,31,60,50,4,5,0,1
S01006680,35 to 49,129,44,30,14,85,54,0,10,20,1
S01006680,50 to 64,79,22,17,5,57,11,1,9,30,6
S01006680,65 to 74,34,11,11,0,23,0,1,4,6,12
S01006680,75 to 84,29,6,4,2,23,0,1,0,4,18
S01006680,85 and over,5,1,1,0,4,0,0,0,1,3
S01006681,All HRPs,464,133,74,59,331,172,6,29,58,66
S01006681,24 and under,36,12,2,10,24,24,0,0,0,0
S01006681,25 to 34,108,37,8,29,71,61,4,3,3,0
S01006681,35 to 49,110,28,15,13,82,51,1,11,18,1
S01006681,50 to 64,79,32,26,6,47,10,0,9,21,7
S01006681,65 to 74,43,14,13,1,29,7,0,4,8,10
S01006681,75 to 84,58,8,8,0,50,11,1,2,6,30
S01006681,85 and over,30,2,2,0,28,8,0,0,2,18
S01006682,All HRPs,384,139,98,41,245,119,6,24,68,28
S01006682,24 and under,33,13,1,12,20,20,0,0,0,0
S01006682,25 to 34,81,36,27,9,45,37,0,2,6,0
S01006682,35 to 49,118,51,37,14,67,40,0,10,15,2
S01006682,50 to 64,86,32,26,6,54,11,5,6,29,3
S01006682,65 to 74,33,6,6,0,27,6,1,4,11,5
S01006682,75 to 84,29,1,1,0,28,3,0,2,7,16
S01006682,85 and over,4,0,0,0,4,2,0,0,0,2
S01006683,All HRPs,370,155,102,53,215,134,4,17,47,13
S01006683,24 and under,34,10,0,10,24,24,0,0,0,0
S01006683,25 to 34,117,59,35,24,58,45,3,6,4,0
S01006683,35 to 49,139,53,38,15,86,52,1,5,26,2
S01006683,50 to 64,52,23,20,3,29,11,0,5,10,3
S01006683,65 to 74,18,8,8,0,10,1,0,1,5,3
S01006683,75 to 84,9,2,1,1,7,1,0,0,1,5
S01006683,85 and over,1,0,0,0,1,0,0,0,1,0
S01006684,All HRPs,401,121,79,42,280,181,3,15,62,19
S01006684,24 and under,45,12,2,10,33,33,0,0,0,0
S01006684,25 to 34,106,37,21,16,69,64,2,1,2,0
S01006684,35 to 49,125,33,26,7,92,61,1,4,25,1
S01006684,50 to 64,88,31,22,9,57,19,0,7,26,5
S01006684,65 to 74,22,6,6,0,16,2,0,3,7,4
S01006684,75 to 84,11,2,2,0,9,1,0,0,2,6
S01006684,85 and over,4,0,0,0,4,1,0,0,0,3
S01006685,All HRPs,427,131,86,45,296,178,8,15,61,34
S01006685,24 and under,37,1,0,1,36,35,0,1,0,0
S01006685,25 to 34,114,45,22,23,69,63,2,0,4,0
S01006685,35 to 49,121,34,25,9,87,51,4,9,22,1
S01006685,50 to 64,86,32,22,10,54,16,1,4,30,3
S01006685,65 to 74,37,9,8,1,28,9,1,1,5,12
S01006685,75 to 84,23,9,8,1,14,3,0,0,0,11
S01006685,85 and over,9,1,1,0,8,1,0,0,0,7
S01006686,All HRPs,305,137,98,39,168,75,0,14,42,37
S01006686,24 and under,16,3,1,2,13,13,0,0,0,0
S01006686,25 to 34,62,39,22,17,23,21,0,1,1,0
S01006686,35 to 49,83,43,26,17,40,23,0,4,9,4
S01006686,50 to 64,79,29,26,3,50,11,0,8,25,6
S01006686,65 to 74,25,9,9,0,16,5,0,1,5,5
S01006686,75 to 84,32,14,14,0,18,2,0,0,2,14
S01006686,85 and over,8,0,0,0,8,0,0,0,0,8
S01006687,All HRPs,419,170,110,60,249,126,3,16,59,45
S01006687,24 and under,28,5,2,3,23,23,0,0,0,0
S01006687,25 to 34,84,45,19,26,39,38,0,0,1,0
S01006687,35 to 49,92,36,18,18,56,33,1,7,14,1
S01006687,50 to 64,105,44,33,11,61,16,1,5,33,6
S01006687,65 to 74,49,24,22,2,25,3,0,4,7,11
S01006687,75 to 84,49,15,15,0,34,10,1,0,3,20
S01006687,85 and over,12,1,1,0,11,3,0,0,1,7
S01006688,All HRPs,510,229,189,40,281,82,4,17,55,123
S01006688,24 and under,19,5,1,4,14,13,0,0,1,0
S01006688,25 to 34,43,25,11,14,18,16,0,2,0,0
S01006688,35 to 49,79,50,42,8,29,17,1,4,7,0
S01006688,50 to 64,127,77,66,11,50,13,1,7,23,6
S01006688,65 to 74,93,41,40,1,52,10,0,1,14,27
S01006688,75 to 84,105,25,24,1,80,8,2,2,9,59
S01006688,85 and over,44,6,5,1,38,5,0,1,1,31
S01006689,All HRPs,288,174,124,50,114,74,8,6,11,15
S01006689,24 and under,28,5,0,5,23,23,0,0,0,0
S01006689,25 to 34,76,47,20,27,29,27,1,1,0,0
S01006689,35 to 49,79,50,41,9,29,17,3,3,4,2
S01006689,50 to 64,70,50,41,9,20,5,4,2,7,2
S01006689,65 to 74,21,14,14,0,7,1,0,0,0,6
S01006689,75 to 84,10,8,8,0,2,0,0,0,0,2
S01006689,85 and over,4,0,0,0,4,1,0,0,0,3
S01006690,All HRPs,308,110,78,32,198,110,7,11,34,36
S01006690,24 and under,32,2,0,2,30,30,0,0,0,0
S01006690,25 to 34,67,30,14,16,37,33,2,1,1,0
S01006690,35 to 49,68,34,23,11,34,20,3,4,7,0
S01006690,50 to 64,67,21,19,2,46,17,0,4,19,6
S01006690,65 to 74,24,8,7,1,16,4,1,2,5,4
S01006690,75 to 84,37,12,12,0,25,4,1,0,2,18
S01006690,85 and over,13,3,3,0,10,2,0,0,0,8
S01006691,All HRPs,271,127,88,39,144,95,4,4,20,21
S01006691,24 and under,35,4,0,4,31,31,0,0,0,0
S01006691,25 to 34,73,42,20,22,31,30,1,0,0,0
S01006691,35 to 49,69,35,26,9,34,26,1,3,4,0
S01006691,50 to 64,45,25,23,2,20,5,1,1,10,3
S01006691,65 to 74,24,12,11,1,12,1,0,0,3,8
S01006691,75 to 84,18,8,7,1,10,2,1,0,2,5
S01006691,85 and over,7,1,1,0,6,0,0,0,1,5
S01006692,All HRPs,361,174,140,34,187,105,3,7,32,40
S01006692,24 and under,29,2,0,2,27,27,0,0,0,0
S01006692,25 to 34,54,24,16,8,30,30,0,0,0,0
S01006692,35 to 49,71,40,24,16,31,20,1,2,7,1
S01006692,50 to 64,110,63,55,8,47,15,1,5,19,7
S01006692,65 to 74,38,27,27,0,11,2,0,0,3,6
S01006692,75 to 84,44,16,16,0,28,8,1,0,3,16
S01006692,85 and over,15,2,2,0,13,3,0,0,0,10
S01006693,All HRPs,497,204,132,72,293,184,9,19,41,40
S01006693,24 and under,62,20,6,14,42,42,0,0,0,0
S01006693,25 to 34,121,62,31,31,59,53,1,2,3,0
S01006693,35 to 49,128,61,45,16,67,48,3,10,5,1
S01006693,50 to 64,107,37,30,7,70,27,5,6,26,6
S01006693,65 to 74,34,12,12,0,22,8,0,1,4,9
S01006693,75 to 84,32,11,7,4,21,4,0,0,2,15
S01006693,85 and over,13,1,1,0,12,2,0,0,1,9
S01006694,All HRPs,480,184,151,33,296,107,4,12,68,105
S01006694,24 and under,34,12,4,8,22,21,0,1,0,0
S01006694,25 to 34,54,24,12,12,30,29,0,0,1,0
S01006694,35 to 49,69,20,18,2,49,22,1,6,20,0
S01006694,50 to 64,96,44,37,7,52,12,0,4,29,7
S01006694,65 to 74,79,37,35,2,42,11,3,0,8,20
S01006694,75 to 84,113,38,36,2,75,9,0,1,9,56
S01006694,85 and over,35,9,9,0,26,3,0,0,1,22
S01006695,All HRPs,346,177,142,35,169,59,3,13,36,58
S01006695,24 and under,11,6,1,5,5,5,0,0,0,0
S01006695,25 to 34,34,16,6,10,18,17,0,1,0,0
S01006695,35 to 49,89,48,36,12,41,19,1,9,11,1
S01006695,50 to 64,93,54,49,5,39,10,1,3,14,11
S01006695,65 to 74,56,31,30,1,25,4,0,0,7,14
S01006695,75 to 84,51,22,20,2,29,3,1,0,4,21
S01006695,85 and over,12,0,0,0,12,1,0,0,0,11
S01006696,All HRPs,390,154,118,36,236,97,7,17,55,60
S01006696,24 and under,25,5,2,3,20,19,0,1,0,0
S01006696,25 to 34,58,25,18,7,33,30,2,1,0,0
S01006696,35 to 49,100,45,32,13,55,29,2,7,16,1
S01006696,50 to 64,93,42,30,12,51,13,1,8,23,6
S01006696,65 to 74,47,14,13,1,33,2,0,0,12,19
S01006696,75 to 84,52,19,19,0,33,2,2,0,3,26
S01006696,85 and over,15,4,4,0,11,2,0,0,1,8
S01006697,All HRPs,435,194,163,31,241,110,5,22,38,66
S01006697,24 and under,30,3,0,3,27,27,0,0,0,0
S01006697,25 to 34,59,28,16,12,31,27,0,2,2,0
S01006697,35 to 49,124,66,57,9,58,29,2,11,12,4
S01006697,50 to 64,98,52,46,6,46,18,1,7,11,9
S01006697,65 to 74,58,22,21,1,36,7,2,1,12,14
S01006697,75 to 84,47,17,17,0,30,2,0,1,0,27
S01006697,85 and over,19,6,6,0,13,0,0,0,1,12
S01006698,All HRPs,409,124,73,51,285,131,3,17,64,70
S01006698,24 and under,36,9,0,9,27,27,0,0,0,0
S01006698,25 to 34,92,41,16,25,51,47,2,2,0,0
S01006698,35 to 49,70,25,17,8,45,23,0,5,17,0
S01006698,50 to 64,75,17,10,7,58,18,0,5,31,4
S01006698,65 to 74,47,17,17,0,30,5,0,4,11,10
S01006698,75 to 84,60,14,12,2,46,6,1,1,4,34
S01006698,85 and over,29,1,1,0,28,5,0,0,1,22
S01006699,All HRPs,209,111,91,20,98,47,1,9,19,22
S01006699,24 and under,17,5,1,4,12,12,0,0,0,0
S01006699,25 to 34,29,15,11,4,14,13,0,1,0,0
S01006699,35 to 49,58,36,27,9,22,10,1,4,4,3
S01006699,50 to 64,49,28,26,2,21,3,0,2,13,3
S01006699,65 to 74,33,17,16,1,16,6,0,2,2,6
S01006699,75 to 84,19,8,8,0,11,3,0,0,0,8
S01006699,85 and over,4,2,2,0,2,0,0,0,0,2
S01006700,All HRPs,431,189,158,31,242,112,5,15,55,55
S01006700,24 and under,28,8,1,7,20,20,0,0,0,0
S01006700,25 to 34,76,35,22,13,41,37,1,1,2,0
S01006700,35 to 49,86,31,27,4,55,29,1,8,16,1
S01006700,50 to 64,101,53,46,7,48,15,0,5,23,5
S01006700,65 to 74,66,34,34,0,32,4,1,1,12,14
S01006700,75 to 84,54,24,24,0,30,5,0,0,2,23
S01006700,85 and over,20,4,4,0,16,2,2,0,0,12
S01006701,All HRPs,321,144,104,40,177,86,3,14,42,32
S01006701,24 and under,13,3,2,1,10,10,0,0,0,0
S01006701,25 to 34,60,27,13,14,33,31,0,1,1,0
S01006701,35 to 49,104,49,33,16,55,28,0,5,21,1
S01006701,50 to 64,77,36,28,8,41,12,2,6,16,5
S01006701,65 to 74,31,15,14,1,16,4,0,2,3,7
S01006701,75 to 84,31,11,11,0,20,1,1,0,1,17
S01006701,85 and over,5,3,3,0,2,0,0,0,0,2
S01006702,All HRPs,332,196,154,42,136,34,2,15,28,57
S01006702,24 and under,5,3,0,3,2,1,0,1,0,0
S01006702,25 to 34,38,28,15,13,10,8,0,1,1,0
S01006702,35 to 49,79,57,41,16,22,8,1,4,7,2
S01006702,50 to 64,101,61,54,7,40,12,1,6,11,10
S01006702,65 to 74,48,29,27,2,19,3,0,3,7,6
S01006702,75 to 84,44,16,15,1,28,1,0,0,2,25
S01006702,85 and over,17,2,2,0,15,1,0,0,0,14
S01006703,All HRPs,301,140,104,36,161,46,4,12,45,54
S01006703,24 and under,10,5,0,5,5,5,0,0,0,0
S01006703,25 to 34,41,22,13,9,19,17,1,0,1,0
S01006703,35 to 49,88,49,37,12,39,18,1,8,8,4
S01006703,50 to 64,88,44,36,8,44,6,2,3,24,9
S01006703,65 to 74,30,10,9,1,20,0,0,0,10,10
S01006703,75 to 84,31,7,6,1,24,0,0,1,2,21
S01006703,85 and over,13,3,3,0,10,0,0,0,0,10
S01006704,All HRPs,301,112,80,32,189,92,2,17,42,36
S01006704,24 and under,24,4,0,4,20,20,0,0,0,0
S01006704,25 to 34,57,22,9,13,35,31,1,2,1,0
S01006704,35 to 49,77,35,25,10,42,23,1,5,12,1
S01006704,50 to 64,86,31,27,4,55,13,0,10,24,8
S01006704,65 to 74,26,11,11,0,15,2,0,0,4,9
S01006704,75 to 84,27,8,7,1,19,3,0,0,1,15
S01006704,85 and over,4,1,1,0,3,0,0,0,0,3
S01006705,All HRPs,364,164,125,39,200,63,1,16,50,70
S01006705,24 and under,4,2,1,1,2,2,0,0,0,0
S01006705,25 to 34,39,20,12,8,19,17,0,1,1,0
S01006705,35 to 49,84,48,30,18,36,15,0,9,10,2
S01006705,50 to 64,114,58,48,10,56,19,0,4,26,7
S01006705,65 to 74,54,18,17,1,36,7,1,1,10,17
S01006705,75 to 84,55,16,15,1,39,2,0,1,3,33
S01006705,85 and over,14,2,2,0,12,1,0,0,0,11
S01006706,All HRPs,272,138,107,31,134,55,1,13,33,32
S01006706,24 and under,10,2,0,2,8,8,0,0,0,0
S01006706,25 to 34,44,28,14,14,16,14,0,1,1,0
S01006706,35 to 49,88,42,34,8,46,22,1,8,14,1
S01006706,50 to 64,68,43,37,6,25,8,0,3,13,1
S01006706,65 to 74,28,13,12,1,15,1,0,1,5,8
S01006706,75 to 84,21,6,6,0,15,2,0,0,0,13
S01006706,85 and over,13,4,4,0,9,0,0,0,0,9
S01006707,All HRPs,311,143,100,43,168,70,5,14,49,30
S01006707,24 and under,12,3,0,3,9,9,0,0,0,0
S01006707,25 to 34,59,27,13,14,32,29,0,2,1,0
S01006707,35 to 49,103,52,33,19,51,19,4,7,20,1
S01006707,50 to 64,77,36,31,5,41,12,1,5,19,4
S01006707,65 to 74,31,15,13,2,16,1,0,0,6,9
S01006707,75 to 84,26,9,9,0,17,0,0,0,3,14
S01006707,85 and over,3,1,1,0,2,0,0,0,0,2
S01006708,All HRPs,364,196,168,28,168,55,1,6,26,80
S01006708,24 and under,5,3,2,1,2,2,0,0,0,0
S01006708,25 to 34,32,19,9,10,13,13,0,0,0,0
S01006708,35 to 49,91,57,46,11,34,19,0,3,10,2
S01006708,50 to 64,93,62,58,4,31,6,1,2,10,12
S01006708,65 to 74,53,27,26,1,26,10,0,0,5,11
S01006708,75 to 84,66,23,22,1,43,4,0,1,1,37
S01006708,85 and over,24,5,5,0,19,1,0,0,0,18
S01006709,All HRPs,376,190,157,33,186,69,3,15,48,51
S01006709,24 and under,23,7,1,6,16,16,0,0,0,0
S01006709,25 to 34,61,28,12,16,33,26,0,5,2,0
S01006709,35 to 49,95,56,52,4,39,16,1,3,18,1
S01006709,50 to 64,102,59,53,6,43,9,1,5,21,7
S01006709,65 to 74,48,24,23,1,24,1,1,1,5,16
S01006709,75 to 84,38,13,13,0,25,1,0,1,2,21
S01006709,85 and over,9,3,3,0,6,0,0,0,0,6
S01006710,All HRPs,415,229,190,39,186,27,6,14,55,84
S01006710,24 and under,3,1,0,1,2,2,0,0,0,0
S01006710,25 to 34,26,17,7,10,9,8,0,0,1,0
S01006710,35 to 49,86,63,51,12,23,7,0,5,11,0
S01006710,50 to 64,135,87,75,12,48,5,2,8,26,7
S01006710,65 to 74,74,35,33,2,39,3,1,1,11,23
S01006710,75 to 84,71,22,20,2,49,2,2,0,6,39
S01006710,85 and over,20,4,4,0,16,0,1,0,0,15
S01006711,All HRPs,511,203,155,48,308,106,6,24,74,98
S01006711,24 and under,25,7,0,7,18,18,0,0,0,0
S01006711,25 to 34,49,27,8,19,22,21,1,0,0,0
S01006711,35 to 49,114,49,37,12,65,40,1,7,17,0
S01006711,50 to 64,159,86,78,8,73,17,0,14,31,11
S01006711,65 to 74,68,20,18,2,48,5,1,3,15,24
S01006711,75 to 84,62,10,10,0,52,2,1,0,10,39
S01006711,85 and over,34,4,4,0,30,3,2,0,1,24
S01006712,All HRPs,250,136,121,15,114,24,0,7,30,53
S01006712,24 and under,3,2,0,2,1,1,0,0,0,0
S01006712,25 to 34,21,19,10,9,2,2,0,0,0,0
S01006712,35 to 49,59,32,28,4,27,15,0,3,9,0
S01006712,50 to 64,75,51,51,0,24,3,0,1,15,5
S01006712,65 to 74,36,16,16,0,20,2,0,3,2,13
S01006712,75 to 84,44,12,12,0,32,1,0,0,3,28
S01006712,85 and over,12,4,4,0,8,0,0,0,1,7
S01006713,All HRPs,420,221,175,46,199,70,5,17,45,62
S01006713,24 and under,8,7,0,7,1,1,0,0,0,0
S01006713,25 to 34,53,25,11,14,28,25,0,3,0,0
S01006713,35 to 49,116,59,43,16,57,27,2,12,14,2
S01006713,50 to 64,123,83,75,8,40,11,0,2,19,8
S01006713,65 to 74,42,19,18,1,23,2,1,0,6,14
S01006713,75 to 84,63,22,22,0,41,4,2,0,5,30
S01006713,85 and over,15,6,6,0,9,0,0,0,1,8
S01006714,All HRPs,304,164,132,32,140,39,2,7,42,50
S01006714,24 and under,10,3,0,3,7,7,0,0,0,0
S01006714,25 to 34,18,13,6,7,5,3,1,1,0,0
S01006714,35 to 49,69,47,36,11,22,8,0,2,11,1
S01006714,50 to 64,99,60,50,10,39,13,0,4,16,6
S01006714,65 to 74,44,26,25,1,18,3,0,0,9,6
S01006714,75 to 84,40,10,10,0,30,4,1,0,5,20
S01006714,85 and over,24,5,5,0,19,1,0,0,1,17
S01006715,All HRPs,218,117,86,31,101,45,2,7,27,20
S01006715,24 and under,6,2,1,1,4,4,0,0,0,0
S01006715,25 to 34,31,15,6,9,16,14,0,0,2,0
S01006715,35 to 49,89,52,37,15,37,18,2,4,11,2
S01006715,50 to 64,56,32,28,4,24,7,0,3,11,3
S01006715,65 to 74,19,10,8,2,9,2,0,0,3,4
S01006715,75 to 84,13,5,5,0,8,0,0,0,0,8
S01006715,85 and over,4,1,1,0,3,0,0,0,0,3
S01006716,All HRPs,242,132,109,23,110,43,1,9,38,19
S01006716,24 and under,8,1,0,1,7,7,0,0,0,0
S01006716,25 to 34,30,13,7,6,17,14,1,0,2,0
S01006716,35 to 49,78,47,34,13,31,12,0,6,12,1
S01006716,50 to 64,81,47,44,3,34,6,0,3,19,6
S01006716,65 to 74,30,16,16,0,14,2,0,0,5,7
S01006716,75 to 84,12,8,8,0,4,2,0,0,0,2
S01006716,85 and over,3,0,0,0,3,0,0,0,0,3
S01006717,All HRPs,445,226,179,47,219,50,4,19,56,90
S01006717,24 and under,4,1,0,1,3,3,0,0,0,0
S01006717,25 to 34,55,42,19,23,13,12,0,1,0,0
S01006717,35 to 49,102,59,45,14,43,17,0,11,13,2
S01006717,50 to 64,127,75,67,8,52,9,1,5,24,13
S01006717,65 to 74,60,26,25,1,34,3,0,1,13,17
S01006717,75 to 84,71,17,17,0,54,6,1,1,6,40
S01006717,85 and over,26,6,6,0,20,0,2,0,0,18
S01006718,All HRPs,248,139,119,20,109,25,4,12,20,48
S01006718,24 and under,4,2,0,2,2,2,0,0,0,0
S01006718,25 to 34,16,9,3,6,7,6,0,1,0,0
S01006718,35 to 49,76,43,34,9,33,10,2,7,10,4
S01006718,50 to 64,79,56,53,3,23,3,2,4,7,7
S01006718,65 to 74,34,18,18,0,16,3,0,0,0,13
S01006718,75 to 84,32,10,10,0,22,1,0,0,3,18
S01006718,85 and over,7,1,1,0,6,0,0,0,0,6
S01006719,All HRPs,350,213,167,46,137,44,2,19,30,42
S01006719,24 and under,5,3,1,2,2,2,0,0,0,0
S01006719,25 to 34,46,30,15,15,16,15,0,1,0,0
S01006719,35 to 49,123,71,49,22,52,23,1,13,10,5
S01006719,50 to 64,106,77,70,7,29,4,0,4,14,7
S01006719,65 to 74,42,22,22,0,20,0,0,1,3,16
S01006719,75 to 84,18,10,10,0,8,0,0,0,2,6
S01006719,85 and over,10,0,0,0,10,0,1,0,1,8
S01006720,All HRPs,242,139,118,21,103,22,1,12,44,24
S01006720,24 and under,2,1,0,1,1,1,0,0,0,0
S01006720,25 to 34,31,22,15,7,9,4,0,3,2,0
S01006720,35 to 49,73,40,35,5,33,9,0,7,17,0
S01006720,50 to 64,83,54,47,7,29,4,1,2,18,4
S01006720,65 to 74,28,13,12,1,15,3,0,0,5,7
S01006720,75 to 84,17,8,8,0,9,1,0,0,2,6
S01006720,85 and over,8,1,1,0,7,0,0,0,0,7
S01006721,All HRPs,386,201,163,38,185,58,1,22,49,55
S01006721,24 and under,5,1,0,1,4,4,0,0,0,0
S01006721,25 to 34,55,34,22,12,21,17,1,2,1,0
S01006721,35 to 49,101,58,45,13,43,21,0,8,14,0
S01006721,50 to 64,132,77,66,11,55,11,0,9,24,11
S01006721,65 to 74,50,20,20,0,30,1,0,3,8,18
S01006721,75 to 84,29,7,6,1,22,4,0,0,1,17
S01006721,85 and over,14,4,4,0,10,0,0,0,1,9
S01006722,All HRPs,312,161,133,28,151,49,2,21,43,36
S01006722,24 and under,10,2,0,2,8,8,0,0,0,0
S01006722,25 to 34,40,26,15,11,14,9,1,2,2,0
S01006722,35 to 49,77,41,36,5,36,17,0,10,8,1
S01006722,50 to 64,107,60,51,9,47,9,1,7,26,4
S01006722,65 to 74,51,21,20,1,30,6,0,2,4,18
S01006722,75 to 84,18,10,10,0,8,0,0,0,2,6
S01006722,85 and over,9,1,1,0,8,0,0,0,1,7
S01006723,All HRPs,283,147,125,22,136,34,2,13,41,46
S01006723,24 and under,4,1,1,0,3,3,0,0,0,0
S01006723,25 to 34,31,22,14,8,9,6,0,0,2,1
S01006723,35 to 49,79,42,35,7,37,15,0,9,11,2
S01006723,50 to 64,95,57,50,7,38,8,0,4,20,6
S01006723,65 to 74,36,13,13,0,23,0,1,0,8,14
S01006723,75 to 84,25,10,10,0,15,2,1,0,0,12
S01006723,85 and over,13,2,2,0,11,0,0,0,0,11
S01006724,All HRPs,343,168,116,52,175,93,2,22,39,19
S01006724,24 and under,18,4,0,4,14,13,0,1,0,0
S01006724,25 to 34,72,30,9,21,42,27,0,6,8,1
S01006724,35 to 49,151,76,61,15,75,43,2,9,20,1
S01006724,50 to 64,74,46,35,11,28,9,0,5,10,4
S01006724,65 to 74,18,8,8,0,10,1,0,1,0,8
S01006724,75 to 84,10,4,3,1,6,0,0,0,1,5
S01006724,85 and over,0,0,0,0,0,0,0,0,0,0
S01006725,All HRPs,265,156,120,36,109,44,1,8,33,23
S01006725,24 and under,14,6,0,6,8,8,0,0,0,0
S01006725,25 to 34,36,22,8,14,14,12,0,1,1,0
S01006725,35 to 49,71,44,39,5,27,12,0,3,10,2
S01006725,50 to 64,99,60,51,9,39,9,0,3,19,8
S01006725,65 to 74,23,12,11,1,11,3,0,1,2,5
S01006725,75 to 84,17,8,7,1,9,0,1,0,1,7
S01006725,85 and over,5,4,4,0,1,0,0,0,0,1
S01006726,All HRPs,505,215,144,71,290,152,8,40,73,17
S01006726,24 and under,32,6,0,6,26,26,0,0,0,0
S01006726,25 to 34,128,57,20,37,71,62,0,5,4,0
S01006726,35 to 49,199,83,68,15,116,46,4,26,35,5
S01006726,50 to 64,108,56,43,13,52,13,4,8,25,2
S01006726,65 to 74,30,11,11,0,19,3,0,1,8,7
S01006726,75 to 84,6,2,2,0,4,2,0,0,1,1
S01006726,85 and over,2,0,0,0,2,0,0,0,0,2
S01006727,All HRPs,395,170,117,53,225,97,3,27,58,40
S01006727,24 and under,18,6,0,6,12,12,0,0,0,0
S01006727,25 to 34,85,48,25,23,37,26,2,5,4,0
S01006727,35 to 49,128,64,48,16,64,33,0,13,17,1
S01006727,50 to 64,101,40,33,7,61,16,1,7,27,10
S01006727,65 to 74,31,8,7,1,23,5,0,2,6,10
S01006727,75 to 84,25,3,3,0,22,5,0,0,4,13
S01006727,85 and over,7,1,1,0,6,0,0,0,0,6
S01006728,All HRPs,334,156,115,41,178,62,2,18,47,49
S01006728,24 and under,17,7,0,7,10,9,0,1,0,0
S01006728,25 to 34,56,30,22,8,26,21,1,2,1,1
S01006728,35 to 49,93,49,33,16,44,18,1,7,16,2
S01006728,50 to 64,91,42,32,10,49,12,0,6,23,8
S01006728,65 to 74,38,18,18,0,20,1,0,2,6,11
S01006728,75 to 84,38,10,10,0,28,0,0,0,1,27
S01006728,85 and over,1,0,0,0,1,1,0,0,0,0
S01006729,All HRPs,349,147,116,31,202,93,2,17,49,41
S01006729,24 and under,17,2,0,2,15,14,0,1,0,0
S01006729,25 to 34,49,19,8,11,30,23,1,3,3,0
S01006729,35 to 49,116,58,48,10,58,32,0,11,15,0
S01006729,50 to 64,90,50,43,7,40,12,1,1,19,7
S01006729,65 to 74,39,11,11,0,28,5,0,1,10,12
S01006729,75 to 84,33,7,6,1,26,7,0,0,2,17
S01006729,85 and over,5,0,0,0,5,0,0,0,0,5
S01006730,All HRPs,276,187,149,38,89,21,3,10,36,19
S01006730,24 and under,4,3,0,3,1,1,0,0,0,0
S01006730,25 to 34,37,26,12,14,11,9,0,1,1,0
S01006730,35 to 49,82,56,44,12,26,6,2,5,12,1
S01006730,50 to 64,100,71,62,9,29,3,1,2,19,4
S01006730,65 to 74,28,20,20,0,8,1,0,2,3,2
S01006730,75 to 84,22,10,10,0,12,1,0,0,1,10
S01006730,85 and over,3,1,1,0,2,0,0,0,0,2
S01006731,All HRPs,257,127,97,30,130,47,2,8,43,30
S01006731,24 and under,9,4,0,4,5,5,0,0,0,0
S01006731,25 to 34,33,17,6,11,16,15,0,1,0,0
S01006731,35 to 49,64,30,22,8,34,20,0,4,10,0
S01006731,50 to 64,106,55,49,6,51,4,0,3,29,15
S01006731,65 to 74,35,19,18,1,16,3,2,0,2,9
S01006731,75 to 84,9,2,2,0,7,0,0,0,2,5
S01006731,85 and over,1,0,0,0,1,0,0,0,0,1
S01006732,All HRPs,353,255,206,49,98,43,9,7,23,16
S01006732,24 and under,11,4,1,3,7,7,0,0,0,0
S01006732,25 to 34,40,28,16,12,12,11,0,1,0,0
S01006732,35 to 49,133,92,76,16,41,19,5,3,13,1
S01006732,50 to 64,110,88,75,13,22,5,2,2,9,4
S01006732,65 to 74,40,32,27,5,8,1,0,1,1,5
S01006732,75 to 84,18,11,11,0,7,0,2,0,0,5
S01006732,85 and over,1,0,0,0,1,0,0,0,0,1
S01006733,All HRPs,309,253,236,17,56,15,0,4,22,15
S01006733,24 and under,0,0,0,0,0,0,0,0,0,0
S01006733,25 to 34,26,23,20,3,3,3,0,0,0,0
S01006733,35 to 49,165,139,128,11,26,8,0,3,13,2
S01006733,50 to 64,84,68,66,2,16,4,0,1,8,3
S01006733,65 to 74,21,14,14,0,7,0,0,0,1,6
S01006733,75 to 84,11,8,7,1,3,0,0,0,0,3
S01006733,85 and over,2,1,1,0,1,0,0,0,0,1
S01006734,All HRPs,352,258,218,40,94,35,3,8,28,20
S01006734,24 and under,2,0,0,0,2,2,0,0,0,0
S01006734,25 to 34,50,39,26,13,11,10,0,1,0,0
S01006734,35 to 49,151,117,97,20,34,20,1,2,10,1
S01006734,50 to 64,98,78,71,7,20,1,2,2,12,3
S01006734,65 to 74,33,17,17,0,16,1,0,3,4,8
S01006734,75 to 84,17,7,7,0,10,1,0,0,2,7
S01006734,85 and over,1,0,0,0,1,0,0,0,0,1
S01006735,All HRPs,245,193,179,14,52,8,3,4,14,23
S01006735,24 and under,0,0,0,0,0,0,0,0,0,0
S01006735,25 to 34,14,12,9,3,2,2,0,0,0,0
S01006735,35 to 49,59,52,44,8,7,2,1,1,3,0
S01006735,50 to 64,86,72,70,2,14,2,1,3,7,1
S01006735,65 to 74,38,27,26,1,11,2,0,0,2,7
S01006735,75 to 84,42,26,26,0,16,0,1,0,2,13
S01006735,85 and over,6,4,4,0,2,0,0,0,0,2
S01006736,All HRPs,395,303,234,69,92,35,5,14,28,10
S01006736,24 and under,6,4,1,3,2,2,0,0,0,0
S01006736,25 to 34,86,73,47,26,13,8,2,3,0,0
S01006736,35 to 49,187,147,116,31,40,17,2,8,13,0
S01006736,50 to 64,96,65,56,9,31,8,0,3,14,6
S01006736,65 to 74,12,10,10,0,2,0,0,0,1,1
S01006736,75 to 84,4,2,2,0,2,0,0,0,0,2
S01006736,85 and over,4,2,2,0,2,0,1,0,0,1
S01006737,All HRPs,265,191,166,25,74,17,5,7,17,28
S01006737,24 and under,0,0,0,0,0,0,0,0,0,0
S01006737,25 to 34,26,21,11,10,5,3,1,1,0,0
S01006737,35 to 49,81,69,59,10,12,5,0,1,6,0
S01006737,50 to 64,85,57,52,5,28,5,3,5,8,7
S01006737,65 to 74,37,26,26,0,11,1,1,0,2,7
S01006737,75 to 84,29,15,15,0,14,2,0,0,0,12
S01006737,85 and over,7,3,3,0,4,1,0,0,1,2
S01006738,All HRPs,453,173,92,81,280,154,10,29,66,21
S01006738,24 and under,29,12,1,11,17,17,0,0,0,0
S01006738,25 to 34,124,55,12,43,69,66,0,2,1,0
S01006738,35 to 49,145,51,33,18,94,48,4,15,27,0
S01006738,50 to 64,102,36,29,7,66,20,3,10,29,4
S01006738,65 to 74,30,11,10,1,19,3,1,1,8,6
S01006738,75 to 84,20,8,7,1,12,0,2,1,1,8
S01006738,85 and over,3,0,0,0,3,0,0,0,0,3
S01006739,All HRPs,309,159,105,54,150,77,8,16,32,17
S01006739,24 and under,14,3,0,3,11,11,0,0,0,0
S01006739,25 to 34,82,47,16,31,35,27,2,4,2,0
S01006739,35 to 49,91,49,34,15,42,27,3,6,5,1
S01006739,50 to 64,75,41,37,4,34,7,3,6,17,1
S01006739,65 to 74,31,12,11,1,19,2,0,0,7,10
S01006739,75 to 84,15,7,7,0,8,3,0,0,1,4
S01006739,85 and over,1,0,0,0,1,0,0,0,0,1
S01006740,All HRPs,335,182,142,40,153,53,2,14,32,52
S01006740,24 and under,10,5,0,5,5,5,0,0,0,0
S01006740,25 to 34,42,21,13,8,21,20,0,1,0,0
S01006740,35 to 49,82,43,29,14,39,15,1,10,12,1
S01006740,50 to 64,101,73,60,13,28,9,0,3,12,4
S01006740,65 to 74,37,17,17,0,20,3,0,0,7,10
S01006740,75 to 84,53,20,20,0,33,1,1,0,1,30
S01006740,85 and over,10,3,3,0,7,0,0,0,0,7
S01006741,All HRPs,342,182,150,32,160,36,2,9,43,70
S01006741,24 and under,2,1,0,1,1,1,0,0,0,0
S01006741,25 to 34,34,25,15,10,9,7,0,1,1,0
S01006741,35 to 49,55,36,27,9,19,12,0,1,6,0
S01006741,50 to 64,97,57,47,10,40,7,1,4,19,9
S01006741,65 to 74,77,33,33,0,44,6,1,3,15,19
S01006741,75 to 84,63,25,23,2,38,3,0,0,2,33
S01006741,85 and over,14,5,5,0,9,0,0,0,0,9
S01006742,All HRPs,233,117,91,26,116,31,5,8,29,43
S01006742,24 and under,4,2,0,2,2,2,0,0,0,0
S01006742,25 to 34,28,23,11,12,5,3,0,1,1,0
S01006742,35 to 49,55,33,27,6,22,10,0,5,6,1
S01006742,50 to 64,42,19,14,5,23,7,3,1,10,2
S01006742,65 to 74,53,26,25,1,27,0,2,1,8,16
S01006742,75 to 84,38,12,12,0,26,6,0,0,4,16
S01006742,85 and over,13,2,2,0,11,3,0,0,0,8
S01006743,All HRPs,271,140,98,42,131,56,3,11,23,38
S01006743,24 and under,9,3,0,3,6,6,0,0,0,0
S01006743,25 to 34,47,25,7,18,22,19,0,1,2,0
S01006743,35 to 49,68,35,23,12,33,19,1,5,8,0
S01006743,50 to 64,69,44,39,5,25,6,2,5,9,3
S01006743,65 to 74,34,19,15,4,15,1,0,0,3,11
S01006743,75 to 84,36,12,12,0,24,4,0,0,1,19
S01006743,85 and over,8,2,2,0,6,1,0,0,0,5
S01006744,All HRPs,302,153,106,47,149,72,5,6,35,31
S01006744,24 and under,12,4,0,4,8,8,0,0,0,0
S01006744,25 to 34,54,31,9,22,23,21,1,0,1,0
S01006744,35 to 49,86,48,33,15,38,27,0,3,8,0
S01006744,50 to 64,93,44,39,5,49,14,4,1,23,7
S01006744,65 to 74,36,21,20,1,15,1,0,2,2,10
S01006744,75 to 84,13,4,4,0,9,1,0,0,0,8
S01006744,85 and over,8,1,1,0,7,0,0,0,1,6
S01006745,All HRPs,409,183,132,51,226,70,4,23,49,80
S01006745,24 and under,12,5,0,5,7,6,0,1,0,0
S01006745,25 to 34,42,24,7,17,18,17,0,1,0,0
S01006745,35 to 49,108,51,34,17,57,24,1,14,16,2
S01006745,50 to 64,103,64,54,10,39,10,0,4,16,9
S01006745,65 to 74,54,19,18,1,35,2,0,2,11,20
S01006745,75 to 84,53,18,17,1,35,4,1,1,5,24
S01006745,85 and over,37,2,2,0,35,7,2,0,1,25
S01006746,All HRPs,350,195,156,39,155,47,2,16,35,55
S01006746,24 and under,3,3,2,1,0,0,0,0,0,0
S01006746,25 to 34,51,33,12,21,18,16,1,1,0,0
S01006746,35 to 49,95,55,44,11,40,18,1,7,14,0
S01006746,50 to 64,88,56,51,5,32,7,0,8,14,3
S01006746,65 to 74,44,25,24,1,19,3,0,0,4,12
S01006746,75 to 84,51,19,19,0,32,3,0,0,3,26
S01006746,85 and over,18,4,4,0,14,0,0,0,0,14
S01006747,All HRPs,368,259,235,24,109,27,3,3,25,51
S01006747,24 and under,4,3,0,3,1,1,0,0,0,0
S01006747,25 to 34,15,7,4,3,8,6,1,0,0,1
S01006747,35 to 49,85,59,48,11,26,12,1,2,9,2
S01006747,50 to 64,101,81,75,6,20,3,0,1,12,4
S01006747,65 to 74,85,65,64,1,20,2,0,0,2,16
S01006747,75 to 84,61,38,38,0,23,3,0,0,1,19
S01006747,85 and over,17,6,6,0,11,0,1,0,1,9
S01006748,All HRPs,408,265,232,33,143,48,9,5,30,51
S01006748,24 and under,9,6,0,6,3,3,0,0,0,0
S01006748,25 to 34,39,23,11,12,16,13,1,1,1,0
S01006748,35 to 49,109,78,66,12,31,21,3,2,5,0
S01006748,50 to 64,118,84,82,2,34,6,4,2,12,10
S01006748,65 to 74,76,50,49,1,26,3,0,0,8,15
S01006748,75 to 84,44,17,17,0,27,1,1,0,4,21
S01006748,85 and over,13,7,7,0,6,1,0,0,0,5
S01006749,All HRPs,419,242,197,45,177,49,7,6,51,64
S01006749,24 and under,9,5,2,3,4,4,0,0,0,0
S01006749,25 to 34,52,30,13,17,22,18,3,0,1,0
S01006749,35 to 49,106,67,53,14,39,21,1,2,15,0
S01006749,50 to 64,134,96,87,9,38,4,3,2,21,8
S01006749,65 to 74,57,33,31,2,24,2,0,1,9,12
S01006749,75 to 84,46,9,9,0,37,0,0,1,5,31
S01006749,85 and over,15,2,2,0,13,0,0,0,0,13
S01006750,All HRPs,292,169,142,27,123,38,6,10,20,49
S01006750,24 and under,6,3,2,1,3,2,0,0,0,1
S01006750,25 to 34,30,15,7,8,15,13,1,1,0,0
S01006750,35 to 49,64,40,29,11,24,11,1,5,7,0
S01006750,50 to 64,94,65,61,4,29,10,1,3,9,6
S01006750,65 to 74,56,35,33,2,21,0,1,1,3,16
S01006750,75 to 84,31,9,8,1,22,2,2,0,0,18
S01006750,85 and over,11,2,2,0,9,0,0,0,1,8
S01006751,All HRPs,241,126,106,20,115,24,2,8,18,63
S01006751,24 and under,2,1,0,1,1,1,0,0,0,0
S01006751,25 to 34,19,12,8,4,7,6,1,0,0,0
S01006751,35 to 49,56,40,30,10,16,7,0,4,5,0
S01006751,50 to 64,66,39,35,4,27,8,1,4,9,5
S01006751,65 to 74,33,17,16,1,16,0,0,0,2,14
S01006751,75 to 84,36,12,12,0,24,1,0,0,2,21
S01006751,85 and over,29,5,5,0,24,1,0,0,0,23
S01006752,All HRPs,339,172,149,23,167,46,6,18,37,60
S01006752,24 and under,7,1,0,1,6,6,0,0,0,0
S01006752,25 to 34,38,21,13,8,17,12,2,1,1,1
S01006752,35 to 49,84,42,33,9,42,16,2,10,12,2
S01006752,50 to 64,94,50,48,2,44,9,2,6,17,10
S01006752,65 to 74,56,34,32,2,22,0,0,1,4,17
S01006752,75 to 84,49,23,22,1,26,2,0,0,0,24
S01006752,85 and over,11,1,1,0,10,1,0,0,3,6
S01006753,All HRPs,410,256,217,39,154,52,10,15,28,49
S01006753,24 and under,7,1,0,1,6,6,0,0,0,0
S01006753,25 to 34,36,22,11,11,14,11,0,0,2,1
S01006753,35 to 49,100,67,53,14,33,14,4,7,7,1
S01006753,50 to 64,120,81,70,11,39,13,5,8,9,4
S01006753,65 to 74,88,59,58,1,29,3,1,0,6,19
S01006753,75 to 84,48,23,22,1,25,4,0,0,4,17
S01006753,85 and over,11,3,3,0,8,1,0,0,0,7
S01006754,All HRPs,400,282,248,34,118,38,7,8,25,40
S01006754,24 and under,4,1,0,1,3,3,0,0,0,0
S01006754,25 to 34,28,20,5,15,8,8,0,0,0,0
S01006754,35 to 49,109,70,59,11,39,17,4,5,13,0
S01006754,50 to 64,125,93,89,4,32,9,3,2,7,11
S01006754,65 to 74,86,68,66,2,18,1,0,1,4,12
S01006754,75 to 84,42,27,26,1,15,0,0,0,0,15
S01006754,85 and over,6,3,3,0,3,0,0,0,1,2
S01006755,All HRPs,289,192,151,41,97,43,7,6,13,28
S01006755,24 and under,5,1,0,1,4,4,0,0,0,0
S01006755,25 to 34,53,36,24,12,17,16,0,1,0,0
S01006755,35 to 49,114,82,64,18,32,16,1,4,10,1
S01006755,50 to 64,70,51,43,8,19,6,6,1,2,4
S01006755,65 to 74,26,15,13,2,11,1,0,0,0,10
S01006755,75 to 84,17,6,6,0,11,0,0,0,1,10
S01006755,85 and over,4,1,1,0,3,0,0,0,0,3
S01006756,All HRPs,286,167,115,52,119,73,9,11,23,3
S01006756,24 and under,20,9,1,8,11,11,0,0,0,0
S01006756,25 to 34,107,49,19,30,58,51,0,3,4,0
S01006756,35 to 49,99,66,52,14,33,11,4,4,12,2
S01006756,50 to 64,55,39,39,0,16,0,5,4,7,0
S01006756,65 to 74,1,1,1,0,0,0,0,0,0,0
S01006756,75 to 84,4,3,3,0,1,0,0,0,0,1
S01006756,85 and over,0,0,0,0,0,0,0,0,0,0
S01006757,All HRPs,343,207,163,44,136,70,4,9,33,20
S01006757,24 and under,5,2,0,2,3,3,0,0,0,0
S01006757,25 to 34,69,38,16,22,31,28,0,2,1,0
S01006757,35 to 49,105,63,47,16,42,26,2,5,9,0
S01006757,50 to 64,107,70,67,3,37,12,1,2,21,1
S01006757,65 to 74,24,16,16,0,8,1,0,0,1,6
S01006757,75 to 84,28,17,16,1,11,0,1,0,1,9
S01006757,85 and over,5,1,1,0,4,0,0,0,0,4
S01006758,All HRPs,318,200,172,28,118,71,0,11,22,14
S01006758,24 and under,1,0,0,0,1,1,0,0,0,0
S01006758,25 to 34,60,23,9,14,37,34,0,2,1,0
S01006758,35 to 49,100,58,48,10,42,26,0,7,8,1
S01006758,50 to 64,111,84,80,4,27,10,0,2,9,6
S01006758,65 to 74,30,26,26,0,4,0,0,0,3,1
S01006758,75 to 84,14,9,9,0,5,0,0,0,1,4
S01006758,85 and over,2,0,0,0,2,0,0,0,0,2
S01006759,All HRPs,251,172,149,23,79,33,3,11,13,19
S01006759,24 and under,3,1,0,1,2,2,0,0,0,0
S01006759,25 to 34,31,18,8,10,13,11,0,2,0,0
S01006759,35 to 49,76,51,44,7,25,15,0,5,5,0
S01006759,50 to 64,85,68,63,5,17,4,2,1,5,5
S01006759,65 to 74,38,27,27,0,11,0,1,3,2,5
S01006759,75 to 84,15,6,6,0,9,1,0,0,1,7
S01006759,85 and over,3,1,1,0,2,0,0,0,0,2
S01006760,All HRPs,235,141,108,33,94,56,0,8,23,7
S01006760,24 and under,12,3,0,3,9,9,0,0,0,0
S01006760,25 to 34,59,33,16,17,26,23,0,1,2,0
S01006760,35 to 49,67,40,29,11,27,16,0,4,7,0
S01006760,50 to 64,66,45,43,2,21,6,0,2,11,2
S01006760,65 to 74,16,11,11,0,5,1,0,0,3,1
S01006760,75 to 84,14,9,9,0,5,1,0,1,0,3
S01006760,85 and over,1,0,0,0,1,0,0,0,0,1
S01006761,All HRPs,334,220,184,36,114,45,2,10,23,34
S01006761,24 and under,9,6,0,6,3,3,0,0,0,0
S01006761,25 to 34,36,20,8,12,16,15,0,0,1,0
S01006761,35 to 49,73,42,36,6,31,19,1,5,6,0
S01006761,50 to 64,128,103,92,11,25,5,0,5,13,2
S01006761,65 to 74,50,31,30,1,19,1,0,0,3,15
S01006761,75 to 84,33,16,16,0,17,2,0,0,0,15
S01006761,85 and over,5,2,2,0,3,0,1,0,0,2
S01006762,All HRPs,416,235,207,28,181,34,4,6,30,107
S01006762,24 and under,2,1,0,1,1,1,0,0,0,0
S01006762,25 to 34,28,21,10,11,7,6,0,0,1,0
S01006762,35 to 49,68,49,41,8,19,8,0,3,7,1
S01006762,50 to 64,133,93,88,5,40,11,0,2,14,13
S01006762,65 to 74,69,35,33,2,34,2,0,1,7,24
S01006762,75 to 84,73,30,29,1,43,2,3,0,1,37
S01006762,85 and over,43,6,6,0,37,4,1,0,0,32
S01006763,All HRPs,334,232,179,53,102,47,6,15,26,8
S01006763,24 and under,2,0,0,0,2,2,0,0,0,0
S01006763,25 to 34,86,62,35,27,24,20,1,1,2,0
S01006763,35 to 49,157,111,89,22,46,20,5,6,13,2
S01006763,50 to 64,74,51,47,4,23,4,0,8,9,2
S01006763,65 to 74,10,7,7,0,3,1,0,0,1,1
S01006763,75 to 84,4,1,1,0,3,0,0,0,1,2
S01006763,85 and over,1,0,0,0,1,0,0,0,0,1
S01006764,All HRPs,345,218,169,49,127,76,0,4,32,15
S01006764,24 and under,12,6,1,5,6,6,0,0,0,0
S01006764,25 to 34,76,48,23,25,28,24,0,1,3,0
S01006764,35 to 49,117,67,56,11,50,32,0,3,14,1
S01006764,50 to 64,116,82,77,5,34,11,0,0,13,10
S01006764,65 to 74,16,10,8,2,6,2,0,0,1,3
S01006764,75 to 84,7,4,4,0,3,1,0,0,1,1
S01006764,85 and over,1,1,0,1,0,0,0,0,0,0
S01006765,All HRPs,273,158,123,35,115,69,1,10,29,6
S01006765,24 and under,11,3,0,3,8,8,0,0,0,0
S01006765,25 to 34,67,38,16,22,29,23,0,3,3,0
S01006765,35 to 49,85,47,41,6,38,28,0,4,6,0
S01006765,50 to 64,85,54,51,3,31,9,1,2,17,2
S01006765,65 to 74,18,10,9,1,8,1,0,1,3,3
S01006765,75 to 84,6,5,5,0,1,0,0,0,0,1
S01006765,85 and over,1,1,1,0,0,0,0,0,0,0
S01006766,All HRPs,240,172,140,32,68,26,3,2,21,16
S01006766,24 and under,7,1,0,1,6,5,1,0,0,0
S01006766,25 to 34,33,25,11,14,8,6,0,0,2,0
S01006766,35 to 49,79,56,46,10,23,13,0,0,8,2
S01006766,50 to 64,95,74,70,4,21,0,2,2,10,7
S01006766,65 to 74,14,9,7,2,5,2,0,0,0,3
S01006766,75 to 84,11,7,6,1,4,0,0,0,1,3
S01006766,85 and over,1,0,0,0,1,0,0,0,0,1
S01006767,All HRPs,283,187,165,22,96,20,6,11,25,34
S01006767,24 and under,4,3,1,2,1,1,0,0,0,0
S01006767,25 to 34,26,22,13,9,4,3,0,0,1,0
S01006767,35 to 49,80,54,50,4,26,13,2,6,4,1
S01006767,50 to 64,96,70,66,4,26,3,4,3,12,4
S01006767,65 to 74,43,23,22,1,20,0,0,2,8,10
S01006767,75 to 84,25,13,11,2,12,0,0,0,0,12
S01006767,85 and over,9,2,2,0,7,0,0,0,0,7
S01006768,All HRPs,212,187,170,17,25,2,1,5,4,13
S01006768,24 and under,0,0,0,0,0,0,0,0,0,0
S01006768,25 to 34,16,16,11,5,0,0,0,0,0,0
S01006768,35 to 49,65,61,56,5,4,2,0,2,0,0
S01006768,50 to 64,101,87,81,6,14,0,1,3,4,6
S01006768,65 to 74,19,17,16,1,2,0,0,0,0,2
S01006768,75 to 84,9,6,6,0,3,0,0,0,0,3
S01006768,85 and over,2,0,0,0,2,0,0,0,0,2
S01006769,All HRPs,392,259,228,31,133,37,1,17,34,44
S01006769,24 and under,3,2,1,1,1,1,0,0,0,0
S01006769,25 to 34,45,34,22,12,11,9,0,1,1,0
S01006769,35 to 49,105,72,62,10,33,15,0,8,8,2
S01006769,50 to 64,146,104,99,5,42,8,1,8,16,9
S01006769,65 to 74,57,37,34,3,20,3,0,0,8,9
S01006769,75 to 84,26,9,9,0,17,0,0,0,1,16
S01006769,85 and over,10,1,1,0,9,1,0,0,0,8
S01006770,All HRPs,273,214,188,26,59,11,4,3,17,24
S01006770,24 and under,0,0,0,0,0,0,0,0,0,0
S01006770,25 to 34,24,21,10,11,3,3,0,0,0,0
S01006770,35 to 49,54,44,37,7,10,2,1,3,2,2
S01006770,50 to 64,129,104,99,5,25,5,1,0,13,6
S01006770,65 to 74,49,34,31,3,15,1,0,0,2,12
S01006770,75 to 84,13,9,9,0,4,0,2,0,0,2
S01006770,85 and over,4,2,2,0,2,0,0,0,0,2
S01006771,All HRPs,150,126,115,11,24,7,0,5,4,8
S01006771,24 and under,3,1,0,1,2,2,0,0,0,0
S01006771,25 to 34,14,13,10,3,1,1,0,0,0,0
S01006771,35 to 49,53,48,42,6,5,1,0,2,2,0
S01006771,50 to 64,65,54,54,0,11,2,0,3,2,4
S01006771,65 to 74,10,6,5,1,4,1,0,0,0,3
S01006771,75 to 84,5,4,4,0,1,0,0,0,0,1
S01006771,85 and over,0,0,0,0,0,0,0,0,0,0
S01006772,All HRPs,375,244,207,37,131,56,7,10,30,28
S01006772,24 and under,9,3,0,3,6,6,0,0,0,0
S01006772,25 to 34,46,25,7,18,21,20,0,1,0,0
S01006772,35 to 49,108,72,61,11,36,18,1,5,12,0
S01006772,50 to 64,145,106,102,4,39,9,3,4,13,10
S01006772,65 to 74,37,21,20,1,16,3,2,0,2,9
S01006772,75 to 84,27,16,16,0,11,0,1,0,3,7
S01006772,85 and over,3,1,1,0,2,0,0,0,0,2
S01006773,All HRPs,255,190,173,17,65,19,2,5,24,15
S01006773,24 and under,3,1,0,1,2,2,0,0,0,0
S01006773,25 to 34,15,13,10,3,2,2,0,0,0,0
S01006773,35 to 49,91,69,63,6,22,9,1,1,11,0
S01006773,50 to 64,101,79,74,5,22,4,0,4,12,2
S01006773,65 to 74,24,14,13,1,10,2,1,0,0,7
S01006773,75 to 84,18,13,12,1,5,0,0,0,1,4
S01006773,85 and over,3,1,1,0,2,0,0,0,0,2
S01006774,All HRPs,221,189,181,8,32,7,3,6,8,8
S01006774,24 and under,1,0,0,0,1,1,0,0,0,0
S01006774,25 to 34,13,12,8,4,1,1,0,0,0,0
S01006774,35 to 49,63,56,54,2,7,1,1,2,3,0
S01006774,50 to 64,119,99,97,2,20,3,2,4,4,7
S01006774,65 to 74,23,20,20,0,3,1,0,0,1,1
S01006774,75 to 84,1,1,1,0,0,0,0,0,0,0
S01006774,85 and over,1,1,1,0,0,0,0,0,0,0
S01006775,All HRPs,319,145,106,39,174,79,0,16,38,41
S01006775,24 and under,10,2,0,2,8,8,0,0,0,0
S01006775,25 to 34,56,26,11,15,30,29,0,1,0,0
S01006775,35 to 49,100,46,32,14,54,30,0,7,16,1
S01006775,50 to 64,75,43,37,6,32,10,0,4,15,3
S01006775,65 to 74,45,18,16,2,27,2,0,4,7,14
S01006775,75 to 84,22,7,7,0,15,0,0,0,0,15
S01006775,85 and over,11,3,3,0,8,0,0,0,0,8
S01006776,All HRPs,271,115,98,17,156,35,3,11,36,71
S01006776,24 and under,6,2,1,1,4,4,0,0,0,0
S01006776,25 to 34,21,11,4,7,10,8,0,2,0,0
S01006776,35 to 49,40,21,18,3,19,10,0,3,6,0
S01006776,50 to 64,81,44,40,4,37,5,1,4,19,8
S01006776,65 to 74,39,19,17,2,20,4,0,2,6,8
S01006776,75 to 84,53,12,12,0,41,2,0,0,3,36
S01006776,85 and over,31,6,6,0,25,2,2,0,2,19
S01006777,All HRPs,262,208,192,16,54,5,3,7,13,26
S01006777,24 and under,2,2,0,2,0,0,0,0,0,0
S01006777,25 to 34,19,17,13,4,2,2,0,0,0,0
S01006777,35 to 49,53,40,32,8,13,2,1,3,7,0
S01006777,50 to 64,126,107,105,2,19,1,2,4,2,10
S01006777,65 to 74,47,34,34,0,13,0,0,0,4,9
S01006777,75 to 84,13,7,7,0,6,0,0,0,0,6
S01006777,85 and over,2,1,1,0,1,0,0,0,0,1
S01006778,All HRPs,287,189,168,21,98,35,2,4,23,34
S01006778,24 and under,7,4,3,1,3,3,0,0,0,0
S01006778,25 to 34,25,16,11,5,9,8,0,0,1,0
S01006778,35 to 49,66,45,40,5,21,14,0,2,4,1
S01006778,50 to 64,107,74,68,6,33,8,2,1,14,8
S01006778,65 to 74,51,34,32,2,17,1,0,0,4,12
S01006778,75 to 84,22,14,12,2,8,1,0,0,0,7
S01006778,85 and over,9,2,2,0,7,0,0,1,0,6
S01006779,All HRPs,293,120,96,24,173,39,7,15,39,73
S01006779,24 and under,6,2,1,1,4,4,0,0,0,0
S01006779,25 to 34,24,9,4,5,15,14,1,0,0,0
S01006779,35 to 49,69,39,25,14,30,10,3,4,12,1
S01006779,50 to 64,78,39,36,3,39,5,1,8,16,9
S01006779,65 to 74,40,17,17,0,23,2,0,3,5,13
S01006779,75 to 84,51,12,11,1,39,3,0,0,5,31
S01006779,85 and over,25,2,2,0,23,1,2,0,1,19
S01006780,All HRPs,254,150,121,29,104,23,3,13,29,36
S01006780,24 and under,7,2,0,2,5,5,0,0,0,0
S01006780,25 to 34,22,19,10,9,3,2,0,1,0,0
S01006780,35 to 49,50,31,23,8,19,7,0,6,6,0
S01006780,50 to 64,101,66,56,10,35,6,1,5,16,7
S01006780,65 to 74,40,19,19,0,21,0,1,1,7,12
S01006780,75 to 84,29,11,11,0,18,3,1,0,0,14
S01006780,85 and over,5,2,2,0,3,0,0,0,0,3
S01006781,All HRPs,295,198,173,25,97,17,2,7,22,49
S01006781,24 and under,1,0,0,0,1,1,0,0,0,0
S01006781,25 to 34,17,10,7,3,7,7,0,0,0,0
S01006781,35 to 49,61,47,35,12,14,4,1,4,5,0
S01006781,50 to 64,95,76,67,9,19,1,1,2,8,7
S01006781,65 to 74,73,43,42,1,30,4,0,1,4,21
S01006781,75 to 84,37,18,18,0,19,0,0,0,4,15
S01006781,85 and over,11,4,4,0,7,0,0,0,1,6
S01006782,All HRPs,341,191,156,35,150,77,2,14,30,27
S01006782,24 and under,13,5,0,5,8,8,0,0,0,0
S01006782,25 to 34,57,24,11,13,33,32,0,1,0,0
S01006782,35 to 49,110,64,57,7,46,27,1,6,11,1
S01006782,50 to 64,99,70,63,7,29,6,1,6,14,2
S01006782,65 to 74,30,19,17,2,11,2,0,1,4,4
S01006782,75 to 84,22,9,8,1,13,0,0,0,1,12
S01006782,85 and over,10,0,0,0,10,2,0,0,0,8
S01006783,All HRPs,299,195,169,26,104,28,3,5,20,48
S01006783,24 and under,4,1,1,0,3,3,0,0,0,0
S01006783,25 to 34,17,8,4,4,9,5,1,1,2,0
S01006783,35 to 49,72,54,36,18,18,11,0,0,5,2
S01006783,50 to 64,81,59,56,3,22,2,0,2,11,7
S01006783,65 to 74,67,44,44,0,23,3,1,2,1,16
S01006783,75 to 84,49,27,26,1,22,4,1,0,1,16
S01006783,85 and over,9,2,2,0,7,0,0,0,0,7
S01006784,All HRPs,302,167,132,35,135,78,3,9,18,27
S01006784,24 and under,17,6,1,5,11,11,0,0,0,0
S01006784,25 to 34,54,21,14,7,33,30,0,3,0,0
S01006784,35 to 49,75,50,35,15,25,16,2,4,3,0
S01006784,50 to 64,81,55,48,7,26,11,0,2,10,3
S01006784,65 to 74,39,22,21,1,17,5,0,0,5,7
S01006784,75 to 84,26,12,12,0,14,2,1,0,0,11
S01006784,85 and over,10,1,1,0,9,3,0,0,0,6
S01006785,All HRPs,223,181,158,23,42,21,1,4,7,9
S01006785,24 and under,0,0,0,0,0,0,0,0,0,0
S01006785,25 to 34,38,30,15,15,8,6,1,0,1,0
S01006785,35 to 49,83,65,58,7,18,10,0,4,3,1
S01006785,50 to 64,66,60,59,1,6,3,0,0,2,1
S01006785,65 to 74,30,24,24,0,6,1,0,0,1,4
S01006785,75 to 84,6,2,2,0,4,1,0,0,0,3
S01006785,85 and over,0,0,0,0,0,0,0,0,0,0
S01006786,All HRPs,339,235,200,35,104,46,3,7,17,31
S01006786,24 and under,9,3,0,3,6,5,0,0,0,1
S01006786,25 to 34,55,34,17,17,21,21,0,0,0,0
S01006786,35 to 49,106,78,66,12,28,17,1,4,5,1
S01006786,50 to 64,119,92,89,3,27,2,1,3,11,10
S01006786,65 to 74,29,19,19,0,10,1,0,0,1,8
S01006786,75 to 84,18,9,9,0,9,0,1,0,0,8
S01006786,85 and over,3,0,0,0,3,0,0,0,0,3
S01006787,All HRPs,281,196,173,23,85,18,2,12,23,30
S01006787,24 and under,4,3,1,2,1,1,0,0,0,0
S01006787,25 to 34,22,16,12,4,6,4,0,2,0,0
S01006787,35 to 49,59,39,31,8,20,8,1,2,9,0
S01006787,50 to 64,116,88,81,7,28,4,1,4,10,9
S01006787,65 to 74,45,33,31,2,12,1,0,2,4,5
S01006787,75 to 84,33,17,17,0,16,0,0,2,0,14
S01006787,85 and over,2,0,0,0,2,0,0,0,0,2
S01006788,All HRPs,302,204,165,39,98,34,2,16,36,10
S01006788,24 and under,9,4,1,3,5,5,0,0,0,0
S01006788,25 to 34,52,38,23,15,14,13,0,0,1,0
S01006788,35 to 49,122,91,77,14,31,9,2,7,12,1
S01006788,50 to 64,88,50,44,6,38,6,0,9,21,2
S01006788,65 to 74,23,17,17,0,6,1,0,0,2,3
S01006788,75 to 84,7,4,3,1,3,0,0,0,0,3
S01006788,85 and over,1,0,0,0,1,0,0,0,0,1
S01006789,All HRPs,290,161,128,33,129,39,6,7,25,52
S01006789,24 and under,4,1,0,1,3,3,0,0,0,0
S01006789,25 to 34,19,8,2,6,11,10,0,1,0,0
S01006789,35 to 49,75,43,27,16,32,13,1,5,10,3
S01006789,50 to 64,80,56,49,7,24,5,4,1,10,4
S01006789,65 to 74,52,31,29,2,21,3,0,0,3,15
S01006789,75 to 84,41,19,18,1,22,1,0,0,2,19
S01006789,85 and over,19,3,3,0,16,4,1,0,0,11
S01006790,All HRPs,444,225,195,30,219,68,4,19,37,91
S01006790,24 and under,13,7,1,6,6,6,0,0,0,0
S01006790,25 to 34,19,8,4,4,11,9,0,2,0,0
S01006790,35 to 49,103,61,46,15,42,25,0,5,10,2
S01006790,50 to 64,105,61,58,3,44,14,1,10,15,4
S01006790,65 to 74,80,46,44,2,34,3,3,1,8,19
S01006790,75 to 84,86,36,36,0,50,7,0,1,4,38
S01006790,85 and over,38,6,6,0,32,4,0,0,0,28
S01006791,All HRPs,253,143,113,30,110,36,3,3,37,31
S01006791,24 and under,12,3,0,3,9,9,0,0,0,0
S01006791,25 to 34,14,6,2,4,8,8,0,0,0,0
S01006791,35 to 49,67,46,32,14,21,10,1,1,9,0
S01006791,50 to 64,86,54,48,6,32,2,1,0,21,8
S01006791,65 to 74,30,21,18,3,9,2,0,0,3,4
S01006791,75 to 84,31,10,10,0,21,4,1,2,3,11
S01006791,85 and over,13,3,3,0,10,1,0,0,1,8
S01006792,All HRPs,214,149,122,27,65,23,1,5,22,14
S01006792,24 and under,2,2,0,2,0,0,0,0,0,0
S01006792,25 to 34,9,5,3,2,4,3,0,1,0,0
S01006792,35 to 49,69,51,35,16,18,9,0,0,8,1
S01006792,50 to 64,59,46,42,4,13,3,0,2,7,1
S01006792,65 to 74,48,32,29,3,16,2,1,2,6,5
S01006792,75 to 84,16,9,9,0,7,3,0,0,1,3
S01006792,85 and over,11,4,4,0,7,3,0,0,0,4
S01006793,All HRPs,245,143,122,21,102,28,3,3,27,41
S01006793,24 and under,9,4,0,4,5,5,0,0,0,0
S01006793,25 to 34,15,10,6,4,5,3,1,1,0,0
S01006793,35 to 49,48,31,25,6,17,6,0,1,8,2
S01006793,50 to 64,81,53,47,6,28,5,1,1,13,8
S01006793,65 to 74,45,27,26,1,18,4,0,0,5,9
S01006793,75 to 84,29,13,13,0,16,2,0,0,0,14
S01006793,85 and over,18,5,5,0,13,3,1,0,1,8
S01006794,All HRPs,280,149,130,19,131,34,4,14,35,44
S01006794,24 and under,7,2,0,2,5,5,0,0,0,0
S01006794,25 to 34,19,12,5,7,7,5,0,1,1,0
S01006794,35 to 49,53,31,26,5,22,11,1,2,6,2
S01006794,50 to 64,99,63,58,5,36,6,0,9,17,4
S01006794,65 to 74,50,24,24,0,26,3,2,2,8,11
S01006794,75 to 84,41,14,14,0,27,4,1,0,2,20
S01006794,85 and over,11,3,3,0,8,0,0,0,1,7
S01006795,All HRPs,319,206,178,28,113,34,5,12,23,39
S01006795,24 and under,8,5,0,5,3,3,0,0,0,0
S01006795,25 to 34,30,18,11,7,12,10,0,2,0,0
S01006795,35 to 49,83,61,51,10,22,9,1,4,8,0
S01006795,50 to 64,98,76,70,6,22,3,3,4,8,4
S01006795,65 to 74,45,26,26,0,19,3,0,2,4,10
S01006795,75 to 84,42,15,15,0,27,5,1,0,2,19
S01006795,85 and over,13,5,5,0,8,1,0,0,1,6
S01006796,All HRPs,222,165,123,42,57,17,2,13,5,20
S01006796,24 and under,8,5,0,5,3,3,0,0,0,0
S01006796,25 to 34,33,30,11,19,3,2,1,0,0,0
S01006796,35 to 49,70,55,42,13,15,6,0,8,1,0
S01006796,50 to 64,57,42,37,5,15,4,0,4,2,5
S01006796,65 to 74,28,19,19,0,9,1,0,0,1,7
S01006796,75 to 84,20,12,12,0,8,1,1,0,1,5
S01006796,85 and over,6,2,2,0,4,0,0,1,0,3
S01006797,All HRPs,243,179,145,34,64,22,3,10,15,14
S01006797,24 and under,3,2,0,2,1,1,0,0,0,0
S01006797,25 to 34,18,11,6,5,7,5,0,2,0,0
S01006797,35 to 49,82,66,49,17,16,9,0,5,2,0
S01006797,50 to 64,89,69,60,9,20,6,2,1,9,2
S01006797,65 to 74,35,22,21,1,13,0,1,2,3,7
S01006797,75 to 84,14,8,8,0,6,1,0,0,1,4
S01006797,85 and over,2,1,1,0,1,0,0,0,0,1
S01006798,All HRPs,225,185,158,27,40,5,1,5,12,17
S01006798,24 and under,0,0,0,0,0,0,0,0,0,0
S01006798,25 to 34,11,9,6,3,2,2,0,0,0,0
S01006798,35 to 49,66,64,48,16,2,0,0,2,0,0
S01006798,50 to 64,92,79,72,7,13,2,1,2,7,1
S01006798,65 to 74,30,17,16,1,13,1,0,1,4,7
S01006798,75 to 84,22,15,15,0,7,0,0,0,1,6
S01006798,85 and over,4,1,1,0,3,0,0,0,0,3
S01006799,All HRPs,403,221,176,45,182,53,9,8,40,72
S01006799,24 and under,8,5,0,5,3,3,0,0,0,0
S01006799,25 to 34,37,29,16,13,8,7,0,0,1,0
S01006799,35 to 49,105,67,52,15,38,16,5,5,12,0
S01006799,50 to 64,116,69,59,10,47,15,1,2,16,13
S01006799,65 to 74,55,29,27,2,26,8,0,1,5,12
S01006799,75 to 84,54,18,18,0,36,3,3,0,3,27
S01006799,85 and over,28,4,4,0,24,1,0,0,3,20
S01006800,All HRPs,320,247,229,18,73,15,5,8,16,29
S01006800,24 and under,2,2,0,2,0,0,0,0,0,0
S01006800,25 to 34,20,14,10,4,6,6,0,0,0,0
S01006800,35 to 49,79,63,58,5,16,3,2,4,4,3
S01006800,50 to 64,137,112,107,5,25,4,3,3,9,6
S01006800,65 to 74,46,33,31,2,13,2,0,1,3,7
S01006800,75 to 84,26,18,18,0,8,0,0,0,0,8
S01006800,85 and over,10,5,5,0,5,0,0,0,0,5
S01006801,All HRPs,353,279,230,49,74,25,4,11,12,22
S01006801,24 and under,3,3,0,3,0,0,0,0,0,0
S01006801,25 to 34,29,25,7,18,4,3,0,1,0,0
S01006801,35 to 49,113,89,72,17,24,12,3,5,4,0
S01006801,50 to 64,119,95,86,9,24,5,0,4,7,8
S01006801,65 to 74,54,45,44,1,9,2,0,0,1,6
S01006801,75 to 84,30,20,19,1,10,3,1,1,0,5
S01006801,85 and over,5,2,2,0,3,0,0,0,0,3
S01006802,All HRPs,298,177,139,38,121,37,1,8,21,54
S01006802,24 and under,4,1,1,0,3,3,0,0,0,0
S01006802,25 to 34,29,22,8,14,7,6,0,1,0,0
S01006802,35 to 49,89,65,47,18,24,14,0,2,6,2
S01006802,50 to 64,83,58,52,6,25,7,1,3,9,5
S01006802,65 to 74,39,17,17,0,22,5,0,2,3,12
S01006802,75 to 84,38,14,14,0,24,1,0,0,2,21
S01006802,85 and over,16,0,0,0,16,1,0,0,1,14
S01006803,All HRPs,313,177,143,34,136,36,2,10,21,67
S01006803,24 and under,7,5,1,4,2,2,0,0,0,0
S01006803,25 to 34,32,21,11,10,11,10,0,1,0,0
S01006803,35 to 49,73,55,42,13,18,9,0,5,3,1
S01006803,50 to 64,73,52,47,5,21,3,0,4,10,4
S01006803,65 to 74,48,25,24,1,23,6,1,0,5,11
S01006803,75 to 84,54,18,17,1,36,5,1,0,1,29
S01006803,85 and over,26,1,1,0,25,1,0,0,2,22
S01006804,All HRPs,295,217,180,37,78,26,1,9,13,29
S01006804,24 and under,3,1,1,0,2,2,0,0,0,0
S01006804,25 to 34,50,39,28,11,11,9,0,1,1,0
S01006804,35 to 49,104,90,69,21,14,5,0,5,4,0
S01006804,50 to 64,69,52,47,5,17,3,1,3,7,3
S01006804,65 to 74,37,25,25,0,12,4,0,0,1,7
S01006804,75 to 84,24,10,10,0,14,1,0,0,0,13
S01006804,85 and over,8,0,0,0,8,2,0,0,0,6
S01006805,All HRPs,442,278,228,50,164,49,5,16,38,56
S01006805,24 and under,13,7,0,7,6,6,0,0,0,0
S01006805,25 to 34,53,33,19,14,20,17,1,1,1,0
S01006805,35 to 49,144,100,83,17,44,16,3,6,18,1
S01006805,50 to 64,123,92,81,11,31,3,0,9,15,4
S01006805,65 to 74,50,31,30,1,19,4,0,0,4,11
S01006805,75 to 84,38,10,10,0,28,2,1,0,0,25
S01006805,85 and over,21,5,5,0,16,1,0,0,0,15
S01006806,All HRPs,429,297,254,43,132,43,3,9,31,46
S01006806,24 and under,8,5,1,4,3,3,0,0,0,0
S01006806,25 to 34,42,34,25,9,8,6,0,2,0,0
S01006806,35 to 49,122,96,76,20,26,15,1,2,7,1
S01006806,50 to 64,150,104,95,9,46,17,2,3,16,8
S01006806,65 to 74,63,43,43,0,20,2,0,2,6,10
S01006806,75 to 84,34,13,12,1,21,0,0,0,1,20
S01006806,85 and over,10,2,2,0,8,0,0,0,1,7
S01006807,All HRPs,243,181,147,34,62,19,5,13,16,9
S01006807,24 and under,1,1,1,0,0,0,0,0,0,0
S01006807,25 to 34,24,20,13,7,4,2,0,1,1,0
S01006807,35 to 49,96,65,46,19,31,14,2,7,6,2
S01006807,50 to 64,83,66,60,6,17,2,2,3,8,2
S01006807,65 to 74,31,25,23,2,6,1,1,2,1,1
S01006807,75 to 84,8,4,4,0,4,0,0,0,0,4
S01006807,85 and over,0,0,0,0,0,0,0,0,0,0
S01006808,All HRPs,248,185,166,19,63,14,4,5,16,24
S01006808,24 and under,2,0,0,0,2,2,0,0,0,0
S01006808,25 to 34,19,14,8,6,5,4,0,1,0,0
S01006808,35 to 49,74,58,49,9,16,2,2,4,7,1
S01006808,50 to 64,92,77,73,4,15,3,2,0,6,4
S01006808,65 to 74,31,22,22,0,9,2,0,0,2,5
S01006808,75 to 84,23,12,12,0,11,1,0,0,1,9
S01006808,85 and over,7,2,2,0,5,0,0,0,0,5
S01006809,All HRPs,354,209,176,33,145,38,6,17,30,54
S01006809,24 and under,3,2,0,2,1,1,0,0,0,0
S01006809,25 to 34,26,16,8,8,10,9,0,1,0,0
S01006809,35 to 49,88,61,48,13,27,10,1,8,8,0
S01006809,50 to 64,121,80,71,9,41,12,3,8,13,5
S01006809,65 to 74,60,29,28,1,31,2,1,0,5,23
S01006809,75 to 84,37,14,14,0,23,3,1,0,3,16
S01006809,85 and over,19,7,7,0,12,1,0,0,1,10
S01006810,All HRPs,370,230,191,39,140,40,7,17,41,35
S01006810,24 and under,6,3,1,2,3,3,0,0,0,0
S01006810,25 to 34,26,22,14,8,4,1,0,1,2,0
S01006810,35 to 49,116,76,57,19,40,18,4,8,9,1
S01006810,50 to 64,128,81,73,8,47,15,1,5,19,7
S01006810,65 to 74,56,30,29,1,26,1,1,3,11,10
S01006810,75 to 84,23,15,14,1,8,1,1,0,0,6
S01006810,85 and over,15,3,3,0,12,1,0,0,0,11
S01006811,All HRPs,430,314,254,60,116,31,6,17,30,32
S01006811,24 and under,6,3,0,3,3,3,0,0,0,0
S01006811,25 to 34,38,25,14,11,13,10,2,0,1,0
S01006811,35 to 49,165,132,105,27,33,12,0,12,7,2
S01006811,50 to 64,131,100,83,17,31,4,2,5,15,5
S01006811,65 to 74,49,34,32,2,15,0,0,0,6,9
S01006811,75 to 84,33,19,19,0,14,1,2,0,0,11
S01006811,85 and over,8,1,1,0,7,1,0,0,1,5
S01006812,All HRPs,304,213,171,42,91,41,0,13,19,18
S01006812,24 and under,6,4,0,4,2,2,0,0,0,0
S01006812,25 to 34,44,27,14,13,17,14,0,2,1,0
S01006812,35 to 49,108,81,64,17,27,12,0,8,5,2
S01006812,50 to 64,97,73,66,7,24,6,0,3,11,4
S01006812,65 to 74,28,17,17,0,11,3,0,0,2,6
S01006812,75 to 84,15,8,7,1,7,4,0,0,0,3
S01006812,85 and over,6,3,3,0,3,0,0,0,0,3
S01006813,All HRPs,322,201,157,44,121,37,4,9,34,37
S01006813,24 and under,8,5,0,5,3,3,0,0,0,0
S01006813,25 to 34,45,35,22,13,10,6,0,2,2,0
S01006813,35 to 49,104,79,62,17,25,13,1,3,7,1
S01006813,50 to 64,81,52,44,8,29,7,1,3,14,4
S01006813,65 to 74,43,19,18,1,24,5,1,1,7,10
S01006813,75 to 84,24,8,8,0,16,3,0,0,3,10
S01006813,85 and over,17,3,3,0,14,0,1,0,1,12
S01006814,All HRPs,282,223,196,27,59,8,1,10,15,25
S01006814,24 and under,0,0,0,0,0,0,0,0,0,0
S01006814,25 to 34,22,19,12,7,3,3,0,0,0,0
S01006814,35 to 49,102,87,76,11,15,2,1,7,4,1
S01006814,50 to 64,106,85,76,9,21,2,0,3,9,7
S01006814,65 to 74,28,23,23,0,5,1,0,0,1,3
S01006814,75 to 84,19,9,9,0,10,0,0,0,1,9
S01006814,85 and over,5,0,0,0,5,0,0,0,0,5
S01006815,All HRPs,285,131,101,30,154,48,5,9,31,61
S01006815,24 and under,7,2,0,2,5,5,0,0,0,0
S01006815,25 to 34,46,27,12,15,19,16,0,2,1,0
S01006815,35 to 49,58,29,20,9,29,15,1,1,12,0
S01006815,50 to 64,78,47,43,4,31,6,1,6,14,4
S01006815,65 to 74,31,17,17,0,14,1,2,0,3,8
S01006815,75 to 84,38,6,6,0,32,2,1,0,1,28
S01006815,85 and over,27,3,3,0,24,3,0,0,0,21
S01006816,All HRPs,298,195,163,32,103,35,4,8,22,34
S01006816,24 and under,6,4,0,4,2,2,0,0,0,0
S01006816,25 to 34,32,21,11,10,11,9,0,0,1,1
S01006816,35 to 49,91,68,54,14,23,11,3,2,7,0
S01006816,50 to 64,96,67,65,2,29,7,1,6,9,6
S01006816,65 to 74,44,29,28,1,15,4,0,0,5,6
S01006816,75 to 84,18,4,3,1,14,1,0,0,0,13
S01006816,85 and over,11,2,2,0,9,1,0,0,0,8
S01006817,All HRPs,261,169,125,44,92,29,4,13,23,23
S01006817,24 and under,3,2,0,2,1,1,0,0,0,0
S01006817,25 to 34,35,22,10,12,13,10,1,0,1,1
S01006817,35 to 49,90,60,43,17,30,10,1,7,11,1
S01006817,50 to 64,82,58,48,10,24,5,2,5,10,2
S01006817,65 to 74,29,20,18,2,9,1,0,1,1,6
S01006817,75 to 84,13,6,5,1,7,0,0,0,0,7
S01006817,85 and over,9,1,1,0,8,2,0,0,0,6
S01006818,All HRPs,278,206,184,22,72,22,5,5,16,24
S01006818,24 and under,3,2,0,2,1,1,0,0,0,0
S01006818,25 to 34,22,17,13,4,5,4,1,0,0,0
S01006818,35 to 49,94,73,59,14,21,7,2,4,8,0
S01006818,50 to 64,98,80,78,2,18,5,2,1,8,2
S01006818,65 to 74,31,18,18,0,13,4,0,0,0,9
S01006818,75 to 84,25,13,13,0,12,0,0,0,0,12
S01006818,85 and over,5,3,3,0,2,1,0,0,0,1
S01006819,All HRPs,313,229,208,21,84,27,4,9,14,30
S01006819,24 and under,0,0,0,0,0,0,0,0,0,0
S01006819,25 to 34,22,16,10,6,6,5,1,0,0,0
S01006819,35 to 49,120,104,94,10,16,6,0,5,2,3
S01006819,50 to 64,123,81,76,5,42,14,1,4,11,12
S01006819,65 to 74,26,15,15,0,11,1,2,0,1,7
S01006819,75 to 84,16,10,10,0,6,0,0,0,0,6
S01006819,85 and over,6,3,3,0,3,1,0,0,0,2
S01006820,All HRPs,180,140,114,26,40,18,0,4,8,10
S01006820,24 and under,0,0,0,0,0,0,0,0,0,0
S01006820,25 to 34,12,9,6,3,3,3,0,0,0,0
S01006820,35 to 49,71,57,37,20,14,9,0,2,3,0
S01006820,50 to 64,52,41,39,2,11,3,0,2,4,2
S01006820,65 to 74,24,20,19,1,4,0,0,0,0,4
S01006820,75 to 84,18,11,11,0,7,2,0,0,1,4
S01006820,85 and over,3,2,2,0,1,1,0,0,0,0
S01006821,All HRPs,229,165,142,23,64,19,2,10,17,16
S01006821,24 and under,0,0,0,0,0,0,0,0,0,0
S01006821,25 to 34,23,19,6,13,4,2,0,1,1,0
S01006821,35 to 49,72,51,43,8,21,9,0,4,8,0
S01006821,50 to 64,80,60,58,2,20,4,1,4,5,6
S01006821,65 to 74,40,27,27,0,13,4,1,0,3,5
S01006821,75 to 84,11,7,7,0,4,0,0,1,0,3
S01006821,85 and over,3,1,1,0,2,0,0,0,0,2
S01006822,All HRPs,279,213,182,31,66,17,5,6,19,19
S01006822,24 and under,1,0,0,0,1,1,0,0,0,0
S01006822,25 to 34,15,11,6,5,4,3,0,1,0,0
S01006822,35 to 49,96,77,64,13,19,7,4,3,5,0
S01006822,50 to 64,112,90,79,11,22,4,1,2,13,2
S01006822,65 to 74,36,28,26,2,8,0,0,0,1,7
S01006822,75 to 84,11,4,4,0,7,1,0,0,0,6
S01006822,85 and over,8,3,3,0,5,1,0,0,0,4
S01006823,All HRPs,302,182,156,26,120,33,7,13,35,32
S01006823,24 and under,4,1,0,1,3,3,0,0,0,0
S01006823,25 to 34,20,14,7,7,6,4,0,2,0,0
S01006823,35 to 49,83,57,43,14,26,11,2,6,6,1
S01006823,50 to 64,119,73,69,4,46,10,4,5,23,4
S01006823,65 to 74,50,28,28,0,22,4,1,0,4,13
S01006823,75 to 84,17,7,7,0,10,0,0,0,2,8
S01006823,85 and over,9,2,2,0,7,1,0,0,0,6
S01006824,All HRPs,367,163,110,53,204,89,2,17,57,39
S01006824,24 and under,20,4,0,4,16,16,0,0,0,0
S01006824,25 to 34,61,35,14,21,26,23,0,1,2,0
S01006824,35 to 49,110,50,32,18,60,22,2,12,24,0
S01006824,50 to 64,100,46,36,10,54,20,0,4,22,8
S01006824,65 to 74,37,16,16,0,21,6,0,0,5,10
S01006824,75 to 84,25,10,10,0,15,0,0,0,3,12
S01006824,85 and over,14,2,2,0,12,2,0,0,1,9
S01006825,All HRPs,333,220,189,31,113,27,4,12,35,35
S01006825,24 and under,3,2,0,2,1,1,0,0,0,0
S01006825,25 to 34,41,31,15,16,10,8,1,1,0,0
S01006825,35 to 49,78,52,49,3,26,11,0,6,9,0
S01006825,50 to 64,122,86,80,6,36,5,0,3,21,7
S01006825,65 to 74,60,38,35,3,22,1,1,2,5,13
S01006825,75 to 84,23,11,10,1,12,0,1,0,0,11
S01006825,85 and over,6,0,0,0,6,1,1,0,0,4
S01006826,All HRPs,344,254,232,22,90,17,1,11,25,36
S01006826,24 and under,1,1,0,1,0,0,0,0,0,0
S01006826,25 to 34,15,10,7,3,5,4,0,1,0,0
S01006826,35 to 49,125,101,86,15,24,12,0,5,7,0
S01006826,50 to 64,116,92,89,3,24,1,1,3,12,7
S01006826,65 to 74,46,29,29,0,17,0,0,2,5,10
S01006826,75 to 84,35,20,20,0,15,0,0,0,1,14
S01006826,85 and over,6,1,1,0,5,0,0,0,0,5
S01006827,All HRPs,419,219,154,65,200,64,7,15,47,67
S01006827,24 and under,9,6,0,6,3,3,0,0,0,0
S01006827,25 to 34,59,38,10,28,21,20,0,1,0,0
S01006827,35 to 49,113,64,46,18,49,23,1,9,14,2
S01006827,50 to 64,110,67,60,7,43,11,3,5,20,4
S01006827,65 to 74,67,31,28,3,36,5,1,0,9,21
S01006827,75 to 84,45,8,6,2,37,2,2,0,3,30
S01006827,85 and over,16,5,4,1,11,0,0,0,1,10
S01006828,All HRPs,485,224,167,57,261,120,9,24,55,53
S01006828,24 and under,23,6,1,5,17,17,0,0,0,0
S01006828,25 to 34,70,32,13,19,38,31,3,4,0,0
S01006828,35 to 49,137,67,48,19,70,35,4,13,17,1
S01006828,50 to 64,113,63,51,12,50,14,2,3,22,9
S01006828,65 to 74,66,26,25,1,40,11,0,4,11,14
S01006828,75 to 84,56,24,23,1,32,9,0,0,4,19
S01006828,85 and over,20,6,6,0,14,3,0,0,1,10
S01006829,All HRPs,139,118,101,17,21,9,2,1,3,6
S01006829,24 and under,1,1,0,1,0,0,0,0,0,0
S01006829,25 to 34,22,18,14,4,4,3,1,0,0,0
S01006829,35 to 49,80,69,60,9,11,4,1,1,3,2
S01006829,50 to 64,26,24,21,3,2,1,0,0,0,1
S01006829,65 to 74,6,5,5,0,1,0,0,0,0,1
S01006829,75 to 84,3,1,1,0,2,0,0,0,0,2
S01006829,85 and over,1,0,0,0,1,1,0,0,0,0
S01006830,All HRPs,301,191,163,28,110,26,3,13,31,37
S01006830,24 and under,3,3,0,3,0,0,0,0,0,0
S01006830,25 to 34,25,16,8,8,9,9,0,0,0,0
S01006830,35 to 49,86,56,48,8,30,11,1,8,9,1
S01006830,50 to 64,103,65,57,8,38,6,1,4,17,10
S01006830,65 to 74,42,27,26,1,15,0,1,1,3,10
S01006830,75 to 84,34,20,20,0,14,0,0,0,2,12
S01006830,85 and over,8,4,4,0,4,0,0,0,0,4
S01006831,All HRPs,221,163,156,7,58,9,0,6,8,35
S01006831,24 and under,0,0,0,0,0,0,0,0,0,0
S01006831,25 to 34,6,5,4,1,1,1,0,0,0,0
S01006831,35 to 49,55,47,43,4,8,2,0,3,1,2
S01006831,50 to 64,87,73,72,1,14,3,0,2,2,7
S01006831,65 to 74,49,29,28,1,20,2,0,1,3,14
S01006831,75 to 84,20,7,7,0,13,1,0,0,2,10
S01006831,85 and over,4,2,2,0,2,0,0,0,0,2
S01006832,All HRPs,424,275,240,35,149,38,7,13,39,52
S01006832,24 and under,10,3,1,2,7,7,0,0,0,0
S01006832,25 to 34,47,34,22,12,13,12,0,1,0,0
S01006832,35 to 49,106,80,69,11,26,7,1,6,11,1
S01006832,50 to 64,140,97,88,9,43,5,4,6,20,8
S01006832,65 to 74,61,39,38,1,22,2,0,0,7,13
S01006832,75 to 84,38,13,13,0,25,5,2,0,1,17
S01006832,85 and over,22,9,9,0,13,0,0,0,0,13
S01006833,All HRPs,175,127,118,9,48,9,5,4,8,22
S01006833,24 and under,2,1,0,1,1,1,0,0,0,0
S01006833,25 to 34,8,8,6,2,0,0,0,0,0,0
S01006833,35 to 49,47,37,32,5,10,5,0,1,4,0
S01006833,50 to 64,52,43,43,0,9,0,3,2,2,2
S01006833,65 to 74,34,23,23,0,11,1,0,1,2,7
S01006833,75 to 84,22,14,13,1,8,0,1,0,0,7
S01006833,85 and over,10,1,1,0,9,2,1,0,0,6
S01006834,All HRPs,163,131,108,23,32,12,1,5,10,4
S01006834,24 and under,0,0,0,0,0,0,0,0,0,0
S01006834,25 to 34,21,17,14,3,4,4,0,0,0,0
S01006834,35 to 49,93,77,65,12,16,7,1,4,3,1
S01006834,50 to 64,45,34,26,8,11,1,0,1,7,2
S01006834,65 to 74,3,3,3,0,0,0,0,0,0,0
S01006834,75 to 84,1,0,0,0,1,0,0,0,0,1
S01006834,85 and over,0,0,0,0,0,0,0,0,0,0
S01006835,All HRPs,478,187,140,47,291,88,6,21,61,115
S01006835,24 and under,10,3,1,2,7,7,0,0,0,0
S01006835,25 to 34,63,37,13,24,26,23,0,1,2,0
S01006835,35 to 49,99,44,33,11,55,29,3,7,13,3
S01006835,50 to 64,110,53,45,8,57,10,2,10,27,8
S01006835,65 to 74,57,20,19,1,37,6,0,2,10,19
S01006835,75 to 84,84,20,19,1,64,5,0,1,9,49
S01006835,85 and over,55,10,10,0,45,8,1,0,0,36
S01006836,All HRPs,210,128,102,26,82,31,7,15,21,8
S01006836,24 and under,6,1,0,1,5,5,0,0,0,0
S01006836,25 to 34,39,23,12,11,16,14,0,2,0,0
S01006836,35 to 49,99,66,55,11,33,7,5,10,11,0
S01006836,50 to 64,49,32,30,2,17,3,2,3,8,1
S01006836,65 to 74,13,5,4,1,8,2,0,0,2,4
S01006836,75 to 84,3,0,0,0,3,0,0,0,0,3
S01006836,85 and over,1,1,1,0,0,0,0,0,0,0
S01006837,All HRPs,230,156,134,22,74,23,2,5,24,20
S01006837,24 and under,0,0,0,0,0,0,0,0,0,0
S01006837,25 to 34,24,16,13,3,8,8,0,0,0,0
S01006837,35 to 49,85,64,48,16,21,5,0,4,12,0
S01006837,50 to 64,63,42,40,2,21,8,1,0,11,1
S01006837,65 to 74,36,27,27,0,9,1,1,0,1,6
S01006837,75 to 84,18,7,6,1,11,1,0,1,0,9
S01006837,85 and over,4,0,0,0,4,0,0,0,0,4
S01006838,All HRPs,249,175,156,19,74,13,3,9,25,24
S01006838,24 and under,0,0,0,0,0,0,0,0,0,0
S01006838,25 to 34,21,17,15,2,4,2,0,1,1,0
S01006838,35 to 49,95,73,66,7,22,5,1,6,9,1
S01006838,50 to 64,91,68,59,9,23,5,2,1,11,4
S01006838,65 to 74,21,11,10,1,10,0,0,1,3,6
S01006838,75 to 84,14,6,6,0,8,1,0,0,1,6
S01006838,85 and over,7,0,0,0,7,0,0,0,0,7
S01006839,All HRPs,450,283,234,49,167,47,1,19,47,53
S01006839,24 and under,8,4,0,4,4,4,0,0,0,0
S01006839,25 to 34,44,30,19,11,14,13,0,1,0,0
S01006839,35 to 49,118,76,64,12,42,16,0,9,16,1
S01006839,50 to 64,148,101,84,17,47,6,0,8,22,11
S01006839,65 to 74,70,48,43,5,22,6,0,1,6,9
S01006839,75 to 84,51,23,23,0,28,2,0,0,3,23
S01006839,85 and over,11,1,1,0,10,0,1,0,0,9
S01006840,All HRPs,366,298,273,25,68,13,1,8,21,25
S01006840,24 and under,1,0,0,0,1,1,0,0,0,0
S01006840,25 to 34,28,23,16,7,5,3,0,1,1,0
S01006840,35 to 49,138,118,109,9,20,5,0,5,9,1
S01006840,50 to 64,115,96,87,9,19,1,1,2,11,4
S01006840,65 to 74,53,43,43,0,10,0,0,0,0,10
S01006840,75 to 84,23,14,14,0,9,3,0,0,0,6
S01006840,85 and over,8,4,4,0,4,0,0,0,0,4
S01006841,All HRPs,344,251,206,45,93,26,1,12,26,28
S01006841,24 and under,3,1,0,1,2,2,0,0,0,0
S01006841,25 to 34,45,38,19,19,7,5,0,2,0,0
S01006841,35 to 49,141,112,95,17,29,13,0,7,6,3
S01006841,50 to 64,105,71,64,7,34,4,1,3,17,9
S01006841,65 to 74,33,22,22,0,11,0,0,0,3,8
S01006841,75 to 84,15,7,6,1,8,2,0,0,0,6
S01006841,85 and over,2,0,0,0,2,0,0,0,0,2
S01006842,All HRPs,308,236,211,25,72,8,1,11,21,31
S01006842,24 and under,2,1,0,1,1,1,0,0,0,0
S01006842,25 to 34,17,13,8,5,4,2,0,2,0,0
S01006842,35 to 49,100,84,71,13,16,2,0,5,7,2
S01006842,50 to 64,115,94,88,6,21,3,0,3,12,3
S01006842,65 to 74,45,31,31,0,14,0,1,1,0,12
S01006842,75 to 84,27,13,13,0,14,0,0,0,2,12
S01006842,85 and over,2,0,0,0,2,0,0,0,0,2
S01006843,All HRPs,312,240,203,37,72,17,4,7,26,18
S01006843,24 and under,2,1,0,1,1,1,0,0,0,0
S01006843,25 to 34,34,23,10,13,11,9,0,2,0,0
S01006843,35 to 49,136,105,87,18,31,7,2,4,16,2
S01006843,50 to 64,91,81,77,4,10,0,0,1,6,3
S01006843,65 to 74,29,21,20,1,8,0,1,0,3,4
S01006843,75 to 84,16,8,8,0,8,0,0,0,1,7
S01006843,85 and over,4,1,1,0,3,0,1,0,0,2
S01006844,All HRPs,332,172,131,41,160,64,4,17,35,40
S01006844,24 and under,9,5,0,5,4,4,0,0,0,0
S01006844,25 to 34,56,30,18,12,26,25,0,0,1,0
S01006844,35 to 49,98,52,37,15,46,20,3,10,10,3
S01006844,50 to 64,104,59,52,7,45,13,0,6,18,8
S01006844,65 to 74,39,21,20,1,18,1,0,1,4,12
S01006844,75 to 84,21,5,4,1,16,0,1,0,2,13
S01006844,85 and over,5,0,0,0,5,1,0,0,0,4
S01006845,All HRPs,366,256,201,55,110,42,6,11,30,21
S01006845,24 and under,6,3,0,3,3,3,0,0,0,0
S01006845,25 to 34,41,31,13,18,10,8,0,1,1,0
S01006845,35 to 49,138,106,82,24,32,14,2,4,11,1
S01006845,50 to 64,135,89,81,8,46,15,4,5,15,7
S01006845,65 to 74,28,20,19,1,8,1,0,1,1,5
S01006845,75 to 84,17,6,5,1,11,1,0,0,2,8
S01006845,85 and over,1,1,1,0,0,0,0,0,0,0
S01006846,All HRPs,240,159,129,30,81,28,0,9,22,22
S01006846,24 and under,2,1,0,1,1,1,0,0,0,0
S01006846,25 to 34,37,26,9,17,11,9,0,2,0,0
S01006846,35 to 49,64,46,37,9,18,10,0,4,4,0
S01006846,50 to 64,86,55,53,2,31,7,0,3,15,6
S01006846,65 to 74,27,19,18,1,8,0,0,0,2,6
S01006846,75 to 84,19,10,10,0,9,1,0,0,1,7
S01006846,85 and over,5,2,2,0,3,0,0,0,0,3
S01006847,All HRPs,238,188,163,25,50,11,1,2,18,18
S01006847,24 and under,3,1,0,1,2,2,0,0,0,0
S01006847,25 to 34,33,30,22,8,3,1,0,0,2,0
S01006847,35 to 49,101,83,70,13,18,6,1,1,7,3
S01006847,50 to 64,65,51,48,3,14,1,0,1,9,3
S01006847,65 to 74,19,15,15,0,4,1,0,0,0,3
S01006847,75 to 84,16,8,8,0,8,0,0,0,0,8
S01006847,85 and over,1,0,0,0,1,0,0,0,0,1
S01006848,All HRPs,364,263,226,37,101,37,7,11,22,24
S01006848,24 and under,6,2,1,1,4,4,0,0,0,0
S01006848,25 to 34,24,17,10,7,7,7,0,0,0,0
S01006848,35 to 49,123,100,78,22,23,11,4,4,4,0
S01006848,50 to 64,125,98,92,6,27,6,3,4,12,2
S01006848,65 to 74,49,31,30,1,18,2,0,1,5,10
S01006848,75 to 84,35,15,15,0,20,6,0,2,1,11
S01006848,85 and over,2,0,0,0,2,1,0,0,0,1
S01006849,All HRPs,355,268,174,94,87,42,2,14,20,9
S01006849,24 and under,22,12,2,10,10,10,0,0,0,0
S01006849,25 to 34,130,106,60,46,24,18,1,4,1,0
S01006849,35 to 49,141,105,68,37,36,12,1,9,11,3
S01006849,50 to 64,46,34,33,1,12,2,0,1,7,2
S01006849,65 to 74,10,8,8,0,2,0,0,0,0,2
S01006849,75 to 84,6,3,3,0,3,0,0,0,1,2
S01006849,85 and over,0,0,0,0,0,0,0,0,0,0
S01006850,All HRPs,365,237,183,54,128,45,2,16,40,25
S01006850,24 and under,10,6,0,6,4,4,0,0,0,0
S01006850,25 to 34,58,40,26,14,18,15,1,1,1,0
S01006850,35 to 49,125,78,54,24,47,20,0,9,14,4
S01006850,50 to 64,127,88,79,9,39,4,1,6,21,7
S01006850,65 to 74,29,16,16,0,13,2,0,0,4,7
S01006850,75 to 84,13,8,7,1,5,0,0,0,0,5
S01006850,85 and over,3,1,1,0,2,0,0,0,0,2
S01006851,All HRPs,337,194,158,36,143,39,5,15,38,46
S01006851,24 and under,4,3,0,3,1,1,0,0,0,0
S01006851,25 to 34,28,19,8,11,9,7,0,0,2,0
S01006851,35 to 49,105,62,46,16,43,17,2,8,16,0
S01006851,50 to 64,106,74,70,4,32,8,0,5,15,4
S01006851,65 to 74,42,21,20,1,21,3,2,2,4,10
S01006851,75 to 84,32,12,11,1,20,2,0,0,1,17
S01006851,85 and over,20,3,3,0,17,1,1,0,0,15
S01006852,All HRPs,229,171,146,25,58,15,1,6,16,20
S01006852,24 and under,1,0,0,0,1,1,0,0,0,0
S01006852,25 to 34,15,12,5,7,3,3,0,0,0,0
S01006852,35 to 49,66,57,48,9,9,4,0,3,2,0
S01006852,50 to 64,88,68,59,9,20,4,1,2,10,3
S01006852,65 to 74,40,24,24,0,16,2,0,1,3,10
S01006852,75 to 84,16,10,10,0,6,1,0,0,1,4
S01006852,85 and over,3,0,0,0,3,0,0,0,0,3
S01006853,All HRPs,318,228,198,30,90,22,8,9,27,24
S01006853,24 and under,1,1,0,1,0,0,0,0,0,0
S01006853,25 to 34,14,11,4,7,3,3,0,0,0,0
S01006853,35 to 49,120,96,82,14,24,10,1,4,9,0
S01006853,50 to 64,117,87,81,6,30,2,6,3,12,7
S01006853,65 to 74,43,27,25,2,16,5,1,1,5,4
S01006853,75 to 84,18,6,6,0,12,1,0,1,0,10
S01006853,85 and over,5,0,0,0,5,1,0,0,1,3
S01006854,All HRPs,364,250,223,27,114,37,4,4,39,30
S01006854,24 and under,2,0,0,0,2,2,0,0,0,0
S01006854,25 to 34,25,17,11,6,8,7,0,0,1,0
S01006854,35 to 49,110,78,69,9,32,16,1,4,10,1
S01006854,50 to 64,123,94,84,10,29,8,0,0,19,2
S01006854,65 to 74,53,35,34,1,18,1,1,0,5,11
S01006854,75 to 84,46,25,24,1,21,3,2,0,4,12
S01006854,85 and over,5,1,1,0,4,0,0,0,0,4
S01006855,All HRPs,294,229,200,29,65,18,3,11,6,27
S01006855,24 and under,3,3,0,3,0,0,0,0,0,0
S01006855,25 to 34,14,12,7,5,2,1,0,1,0,0
S01006855,35 to 49,96,80,64,16,16,5,1,6,3,1
S01006855,50 to 64,108,89,84,5,19,7,1,4,2,5
S01006855,65 to 74,39,29,29,0,10,0,1,0,1,8
S01006855,75 to 84,26,16,16,0,10,3,0,0,0,7
S01006855,85 and over,8,0,0,0,8,2,0,0,0,6
S01006856,All HRPs,254,189,163,26,65,18,0,4,19,24
S01006856,24 and under,0,0,0,0,0,0,0,0,0,0
S01006856,25 to 34,23,17,11,6,6,5,0,0,1,0
S01006856,35 to 49,90,73,62,11,17,8,0,2,6,1
S01006856,50 to 64,80,68,60,8,12,1,0,1,6,4
S01006856,65 to 74,32,21,21,0,11,2,0,1,2,6
S01006856,75 to 84,28,10,9,1,18,2,0,0,4,12
S01006856,85 and over,1,0,0,0,1,0,0,0,0,1
S01006857,All HRPs,398,283,246,37,115,33,10,15,24,33
S01006857,24 and under,3,2,2,0,1,1,0,0,0,0
S01006857,25 to 34,33,24,14,10,9,6,0,2,1,0
S01006857,35 to 49,121,92,76,16,29,12,4,7,6,0
S01006857,50 to 64,139,106,96,10,33,7,4,3,12,7
S01006857,65 to 74,59,40,40,0,19,4,1,3,4,7
S01006857,75 to 84,33,17,16,1,16,1,1,0,0,14
S01006857,85 and over,10,2,2,0,8,2,0,0,1,5
S01006858,All HRPs,240,190,168,22,50,16,2,4,7,21
S01006858,24 and under,0,0,0,0,0,0,0,0,0,0
S01006858,25 to 34,11,9,5,4,2,2,0,0,0,0
S01006858,35 to 49,80,66,55,11,14,7,0,2,4,1
S01006858,50 to 64,90,78,71,7,12,5,1,2,3,1
S01006858,65 to 74,31,26,26,0,5,1,1,0,0,3
S01006858,75 to 84,21,10,10,0,11,0,0,0,0,11
S01006858,85 and over,7,1,1,0,6,1,0,0,0,5
S01006859,All HRPs,421,298,271,27,123,27,8,14,33,41
S01006859,24 and under,9,5,1,4,4,4,0,0,0,0
S01006859,25 to 34,21,16,9,7,5,5,0,0,0,0
S01006859,35 to 49,121,100,89,11,21,6,3,4,7,1
S01006859,50 to 64,165,126,122,4,39,6,4,9,14,6
S01006859,65 to 74,51,34,34,0,17,2,0,1,6,8
S01006859,75 to 84,43,16,16,0,27,4,1,0,6,16
S01006859,85 and over,11,1,0,1,10,0,0,0,0,10
S01006860,All HRPs,264,128,108,20,136,37,4,8,34,53
S01006860,24 and under,4,2,0,2,2,2,0,0,0,0
S01006860,25 to 34,20,9,5,4,11,9,0,0,1,1
S01006860,35 to 49,68,37,28,9,31,15,1,3,12,0
S01006860,50 to 64,75,44,40,4,31,7,2,2,14,6
S01006860,65 to 74,38,17,16,1,21,1,1,0,5,14
S01006860,75 to 84,40,15,15,0,25,3,0,2,2,18
S01006860,85 and over,19,4,4,0,15,0,0,1,0,14
S01006861,All HRPs,195,165,145,20,30,10,5,2,6,7
S01006861,24 and under,1,0,0,0,1,0,0,0,0,1
S01006861,25 to 34,33,27,17,10,6,5,0,0,1,0
S01006861,35 to 49,113,99,90,9,14,5,5,1,2,1
S01006861,50 to 64,38,31,30,1,7,0,0,1,3,3
S01006861,65 to 74,6,6,6,0,0,0,0,0,0,0
S01006861,75 to 84,4,2,2,0,2,0,0,0,0,2
S01006861,85 and over,0,0,0,0,0,0,0,0,0,0
S01006862,All HRPs,312,189,162,27,123,29,5,5,34,50
S01006862,24 and under,3,2,0,2,1,1,0,0,0,0
S01006862,25 to 34,26,18,5,13,8,8,0,0,0,0
S01006862,35 to 49,78,54,46,8,24,14,2,0,7,1
S01006862,50 to 64,90,65,61,4,25,2,2,3,14,4
S01006862,65 to 74,57,30,30,0,27,1,0,2,11,13
S01006862,75 to 84,38,15,15,0,23,1,1,0,2,19
S01006862,85 and over,20,5,5,0,15,2,0,0,0,13
S01006863,All HRPs,295,170,140,30,125,29,4,12,31,49
S01006863,24 and under,3,1,0,1,2,2,0,0,0,0
S01006863,25 to 34,31,21,11,10,10,9,0,0,1,0
S01006863,35 to 49,85,61,51,10,24,7,2,6,9,0
S01006863,50 to 64,83,44,38,6,39,9,1,6,15,8
S01006863,65 to 74,37,21,20,1,16,2,1,0,5,8
S01006863,75 to 84,43,19,17,2,24,0,0,0,1,23
S01006863,85 and over,13,3,3,0,10,0,0,0,0,10
S01006864,All HRPs,165,99,66,33,66,29,0,7,21,9
S01006864,24 and under,5,3,2,1,2,2,0,0,0,0
S01006864,25 to 34,42,24,9,15,18,15,0,1,2,0
S01006864,35 to 49,60,41,29,12,19,8,0,6,5,0
S01006864,50 to 64,45,26,21,5,19,3,0,0,14,2
S01006864,65 to 74,8,5,5,0,3,0,0,0,0,3
S01006864,75 to 84,4,0,0,0,4,1,0,0,0,3
S01006864,85 and over,1,0,0,0,1,0,0,0,0,1
S01006865,All HRPs,424,255,202,53,169,65,5,11,38,50
S01006865,24 and under,12,8,3,5,4,3,0,1,0,0
S01006865,25 to 34,69,47,22,25,22,20,0,1,0,1
S01006865,35 to 49,98,59,44,15,39,28,0,5,6,0
S01006865,50 to 64,136,95,88,7,41,5,4,2,24,6
S01006865,65 to 74,60,28,28,0,32,8,0,2,6,16
S01006865,75 to 84,31,14,13,1,17,1,1,0,2,13
S01006865,85 and over,18,4,4,0,14,0,0,0,0,14
S01006866,All HRPs,220,164,150,14,56,12,0,4,9,31
S01006866,24 and under,1,1,0,1,0,0,0,0,0,0
S01006866,25 to 34,13,9,5,4,4,3,0,1,0,0
S01006866,35 to 49,42,38,32,6,4,0,0,1,3,0
S01006866,50 to 64,87,71,69,2,16,6,0,2,5,3
S01006866,65 to 74,42,33,32,1,9,2,0,0,0,7
S01006866,75 to 84,26,11,11,0,15,1,0,0,0,14
S01006866,85 and over,9,1,1,0,8,0,0,0,1,7
S01006867,All HRPs,293,208,200,8,85,14,4,9,14,44
S01006867,24 and under,1,0,0,0,1,0,0,1,0,0
S01006867,25 to 34,10,8,6,2,2,2,0,0,0,0
S01006867,35 to 49,59,47,43,4,12,5,2,2,2,1
S01006867,50 to 64,110,85,84,1,25,3,1,6,8,7
S01006867,65 to 74,56,40,40,0,16,2,0,0,3,11
S01006867,75 to 84,45,25,24,1,20,2,0,0,1,17
S01006867,85 and over,12,3,3,0,9,0,1,0,0,8
S01006868,All HRPs,364,227,197,30,137,32,3,13,32,57
S01006868,24 and under,4,2,0,2,2,2,0,0,0,0
S01006868,25 to 34,26,16,7,9,10,7,0,1,2,0
S01006868,35 to 49,105,80,72,8,25,6,0,5,13,1
S01006868,50 to 64,107,79,71,8,28,10,1,4,10,3
S01006868,65 to 74,53,27,25,2,26,3,1,3,3,16
S01006868,75 to 84,47,18,17,1,29,3,1,0,3,22
S01006868,85 and over,22,5,5,0,17,1,0,0,1,15
S01006869,All HRPs,197,132,113,19,65,25,3,9,12,16
S01006869,24 and under,8,6,0,6,2,2,0,0,0,0
S01006869,25 to 34,18,10,8,2,8,7,0,1,0,0
S01006869,35 to 49,60,43,33,10,17,7,0,3,7,0
S01006869,50 to 64,66,46,45,1,20,6,2,4,4,4
S01006869,65 to 74,28,19,19,0,9,2,0,1,1,5
S01006869,75 to 84,13,6,6,0,7,0,1,0,0,6
S01006869,85 and over,4,2,2,0,2,1,0,0,0,1
S01006870,All HRPs,196,133,120,13,63,18,0,4,16,25
S01006870,24 and under,6,2,0,2,4,4,0,0,0,0
S01006870,25 to 34,13,9,6,3,4,4,0,0,0,0
S01006870,35 to 49,56,42,39,3,14,4,0,1,9,0
S01006870,50 to 64,52,40,35,5,12,3,0,3,5,1
S01006870,65 to 74,35,27,27,0,8,2,0,0,1,5
S01006870,75 to 84,28,11,11,0,17,1,0,0,1,15
S01006870,85 and over,6,2,2,0,4,0,0,0,0,4
S01006871,All HRPs,265,191,169,22,74,20,3,5,15,31
S01006871,24 and under,2,1,0,1,1,1,0,0,0,0
S01006871,25 to 34,21,17,11,6,4,3,0,0,1,0
S01006871,35 to 49,86,67,58,9,19,9,2,4,4,0
S01006871,50 to 64,82,66,60,6,16,6,1,1,5,3
S01006871,65 to 74,32,19,19,0,13,0,0,0,4,9
S01006871,75 to 84,35,19,19,0,16,1,0,0,1,14
S01006871,85 and over,7,2,2,0,5,0,0,0,0,5
S01006872,All HRPs,252,207,184,23,45,9,2,3,7,24
S01006872,24 and under,1,1,0,1,0,0,0,0,0,0
S01006872,25 to 34,16,14,7,7,2,1,0,0,1,0
S01006872,35 to 49,78,73,62,11,5,3,0,1,1,0
S01006872,50 to 64,99,80,76,4,19,4,2,1,4,8
S01006872,65 to 74,39,31,31,0,8,1,0,1,1,5
S01006872,75 to 84,14,8,8,0,6,0,0,0,0,6
S01006872,85 and over,5,0,0,0,5,0,0,0,0,5
S01006873,All HRPs,426,264,240,24,162,35,8,9,26,84
S01006873,24 and under,4,3,1,2,1,1,0,0,0,0
S01006873,25 to 34,26,15,10,5,11,9,0,0,2,0
S01006873,35 to 49,93,73,61,12,20,5,2,6,7,0
S01006873,50 to 64,117,88,84,4,29,10,2,2,10,5
S01006873,65 to 74,58,39,38,1,19,2,0,1,4,12
S01006873,75 to 84,81,36,36,0,45,4,4,0,3,34
S01006873,85 and over,47,10,10,0,37,4,0,0,0,33
S01006874,All HRPs,216,161,136,25,55,16,6,2,21,10
S01006874,24 and under,0,0,0,0,0,0,0,0,0,0
S01006874,25 to 34,17,12,3,9,5,4,1,0,0,0
S01006874,35 to 49,70,53,41,12,17,8,3,0,6,0
S01006874,50 to 64,83,65,61,4,18,3,1,1,11,2
S01006874,65 to 74,26,19,19,0,7,0,0,0,3,4
S01006874,75 to 84,14,11,11,0,3,0,1,1,0,1
S01006874,85 and over,6,1,1,0,5,1,0,0,1,3
S01006875,All HRPs,321,173,137,36,148,38,6,14,34,56
S01006875,24 and under,5,3,0,3,2,2,0,0,0,0
S01006875,25 to 34,28,22,10,12,6,6,0,0,0,0
S01006875,35 to 49,85,48,39,9,37,12,2,9,11,3
S01006875,50 to 64,84,48,39,9,36,11,2,4,14,5
S01006875,65 to 74,50,27,26,1,23,4,1,1,4,13
S01006875,75 to 84,52,21,19,2,31,3,1,0,4,23
S01006875,85 and over,17,4,4,0,13,0,0,0,1,12
S01006876,All HRPs,396,267,224,43,129,45,7,14,28,35
S01006876,24 and under,0,0,0,0,0,0,0,0,0,0
S01006876,25 to 34,30,18,7,11,12,10,0,2,0,0
S01006876,35 to 49,125,88,67,21,37,20,1,8,8,0
S01006876,50 to 64,142,111,101,10,31,6,4,1,17,3
S01006876,65 to 74,31,18,17,1,13,4,0,1,1,7
S01006876,75 to 84,50,29,29,0,21,4,1,2,2,12
S01006876,85 and over,18,3,3,0,15,1,1,0,0,13
S01006877,All HRPs,372,270,220,50,102,34,5,18,18,27
S01006877,24 and under,9,4,0,4,5,5,0,0,0,0
S01006877,25 to 34,22,16,10,6,6,5,0,0,1,0
S01006877,35 to 49,137,104,82,22,33,10,4,10,9,0
S01006877,50 to 64,123,98,84,14,25,5,1,7,6,6
S01006877,65 to 74,43,32,29,3,11,4,0,1,0,6
S01006877,75 to 84,32,16,15,1,16,4,0,0,2,10
S01006877,85 and over,6,0,0,0,6,1,0,0,0,5
S01006878,All HRPs,322,192,158,34,130,39,1,7,36,47
S01006878,24 and under,4,2,0,2,2,1,0,1,0,0
S01006878,25 to 34,15,9,6,3,6,4,0,1,1,0
S01006878,35 to 49,98,68,49,19,30,17,0,3,9,1
S01006878,50 to 64,97,63,55,8,34,6,0,1,18,9
S01006878,65 to 74,54,30,29,1,24,5,1,1,8,9
S01006878,75 to 84,39,16,15,1,23,5,0,0,0,18
S01006878,85 and over,15,4,4,0,11,1,0,0,0,10
S01006879,All HRPs,322,208,173,35,114,62,6,8,15,23
S01006879,24 and under,12,5,1,4,7,7,0,0,0,0
S01006879,25 to 34,18,9,6,3,9,9,0,0,0,0
S01006879,35 to 49,97,68,51,17,29,21,2,2,4,0
S01006879,50 to 64,106,75,64,11,31,16,2,3,6,4
S01006879,65 to 74,55,33,33,0,22,6,2,2,4,8
S01006879,75 to 84,26,16,16,0,10,2,0,1,1,6
S01006879,85 and over,8,2,2,0,6,1,0,0,0,5
S01006880,All HRPs,227,181,156,25,46,8,2,9,9,18
S01006880,24 and under,2,2,0,2,0,0,0,0,0,0
S01006880,25 to 34,21,17,13,4,4,1,1,1,1,0
S01006880,35 to 49,91,76,62,14,15,3,1,5,6,0
S01006880,50 to 64,69,60,55,5,9,2,0,2,2,3
S01006880,65 to 74,26,18,18,0,8,2,0,1,0,5
S01006880,75 to 84,12,7,7,0,5,0,0,0,0,5
S01006880,85 and over,6,1,1,0,5,0,0,0,0,5
S01006881,All HRPs,227,177,156,21,50,14,0,8,11,17
S01006881,24 and under,1,1,0,1,0,0,0,0,0,0
S01006881,25 to 34,9,9,3,6,0,0,0,0,0,0
S01006881,35 to 49,77,63,53,10,14,6,0,5,3,0
S01006881,50 to 64,84,66,63,3,18,5,0,3,6,4
S01006881,65 to 74,34,28,28,0,6,3,0,0,2,1
S01006881,75 to 84,17,9,8,1,8,0,0,0,0,8
S01006881,85 and over,5,1,1,0,4,0,0,0,0,4
S01006882,All HRPs,207,89,74,15,118,31,4,6,13,64
S01006882,24 and under,3,3,0,3,0,0,0,0,0,0
S01006882,25 to 34,17,6,2,4,11,8,2,1,0,0
S01006882,35 to 49,39,23,19,4,16,7,0,3,4,2
S01006882,50 to 64,52,37,33,4,15,4,0,1,4,6
S01006882,65 to 74,28,9,9,0,19,4,0,1,3,11
S01006882,75 to 84,41,8,8,0,33,4,2,0,2,25
S01006882,85 and over,27,3,3,0,24,4,0,0,0,20
S01006883,All HRPs,217,114,99,15,103,38,4,9,23,29
S01006883,24 and under,5,1,0,1,4,4,0,0,0,0
S01006883,25 to 34,22,10,7,3,12,11,1,0,0,0
S01006883,35 to 49,64,37,30,7,27,16,0,6,5,0
S01006883,50 to 64,59,35,31,4,24,5,0,3,14,2
S01006883,65 to 74,26,13,13,0,13,1,1,0,3,8
S01006883,75 to 84,26,17,17,0,9,0,0,0,0,9
S01006883,85 and over,15,1,1,0,14,1,2,0,1,10
S01006884,All HRPs,390,227,194,33,163,37,8,13,29,76
S01006884,24 and under,5,4,1,3,1,1,0,0,0,0
S01006884,25 to 34,25,15,9,6,10,10,0,0,0,0
S01006884,35 to 49,100,69,59,10,31,13,1,8,7,2
S01006884,50 to 64,120,80,69,11,40,8,6,4,13,9
S01006884,65 to 74,58,26,25,1,32,4,0,1,7,20
S01006884,75 to 84,56,28,27,1,28,0,0,0,2,26
S01006884,85 and over,26,5,4,1,21,1,1,0,0,19
S01006885,All HRPs,220,156,140,16,64,12,3,8,9,32
S01006885,24 and under,2,2,0,2,0,0,0,0,0,0
S01006885,25 to 34,9,5,3,2,4,4,0,0,0,0
S01006885,35 to 49,59,45,38,7,14,4,1,7,2,0
S01006885,50 to 64,74,59,55,4,15,1,1,1,7,5
S01006885,65 to 74,35,27,26,1,8,0,0,0,0,8
S01006885,75 to 84,28,15,15,0,13,1,1,0,0,11
S01006885,85 and over,13,3,3,0,10,2,0,0,0,8
S01006886,All HRPs,321,219,191,28,102,28,2,8,36,28
S01006886,24 and under,1,0,0,0,1,1,0,0,0,0
S01006886,25 to 34,13,9,3,6,4,2,0,1,1,0
S01006886,35 to 49,93,66,56,10,27,11,1,4,11,0
S01006886,50 to 64,141,100,88,12,41,10,0,3,20,8
S01006886,65 to 74,43,30,30,0,13,3,1,0,2,7
S01006886,75 to 84,24,12,12,0,12,0,0,0,2,10
S01006886,85 and over,6,2,2,0,4,1,0,0,0,3
S01006887,All HRPs,213,167,140,27,46,14,3,6,14,9
S01006887,24 and under,5,2,0,2,3,2,0,0,1,0
S01006887,25 to 34,22,12,6,6,10,7,1,1,1,0
S01006887,35 to 49,90,79,68,11,11,3,0,4,3,1
S01006887,50 to 64,59,48,42,6,11,1,1,0,7,2
S01006887,65 to 74,25,22,20,2,3,0,0,1,1,1
S01006887,75 to 84,9,3,3,0,6,1,0,0,1,4
S01006887,85 and over,3,1,1,0,2,0,1,0,0,1
S01006888,All HRPs,309,223,187,36,86,36,3,9,20,18
S01006888,24 and under,3,3,0,3,0,0,0,0,0,0
S01006888,25 to 34,26,19,10,9,7,4,0,0,2,1
S01006888,35 to 49,124,92,78,14,32,16,1,6,8,1
S01006888,50 to 64,93,67,58,9,26,13,2,3,6,2
S01006888,65 to 74,42,32,31,1,10,1,0,0,4,5
S01006888,75 to 84,17,9,9,0,8,1,0,0,0,7
S01006888,85 and over,4,1,1,0,3,1,0,0,0,2
S01006889,All HRPs,350,207,162,45,143,38,5,13,48,39
S01006889,24 and under,12,4,0,4,8,8,0,0,0,0
S01006889,25 to 34,38,25,13,12,13,11,1,1,0,0
S01006889,35 to 49,78,50,34,16,28,10,2,5,11,0
S01006889,50 to 64,136,86,75,11,50,7,1,4,30,8
S01006889,65 to 74,58,28,26,2,30,1,1,3,7,18
S01006889,75 to 84,22,13,13,0,9,1,0,0,0,8
S01006889,85 and over,6,1,1,0,5,0,0,0,0,5
S01006890,All HRPs,264,190,163,27,74,25,0,6,19,24
S01006890,24 and under,9,5,0,5,4,4,0,0,0,0
S01006890,25 to 34,24,13,5,8,11,10,0,0,1,0
S01006890,35 to 49,85,71,63,8,14,4,0,3,6,1
S01006890,50 to 64,89,67,61,6,22,3,0,3,11,5
S01006890,65 to 74,32,22,22,0,10,2,0,0,1,7
S01006890,75 to 84,19,10,10,0,9,2,0,0,0,7
S01006890,85 and over,6,2,2,0,4,0,0,0,0,4
S01006891,All HRPs,400,241,198,43,159,56,5,11,26,61
S01006891,24 and under,4,1,0,1,3,3,0,0,0,0
S01006891,25 to 34,53,30,18,12,23,20,0,3,0,0
S01006891,35 to 49,112,84,66,18,28,11,2,6,8,1
S01006891,50 to 64,127,90,78,12,37,10,1,2,15,9
S01006891,65 to 74,40,21,21,0,19,7,1,0,2,9
S01006891,75 to 84,41,13,13,0,28,4,1,0,1,22
S01006891,85 and over,23,2,2,0,21,1,0,0,0,20
S01006892,All HRPs,275,149,111,38,126,38,4,18,40,26
S01006892,24 and under,13,6,1,5,7,7,0,0,0,0
S01006892,25 to 34,31,20,12,8,11,9,0,1,1,0
S01006892,35 to 49,77,46,29,17,31,14,0,5,12,0
S01006892,50 to 64,85,48,40,8,37,5,2,7,16,7
S01006892,65 to 74,40,18,18,0,22,0,0,5,9,8
S01006892,75 to 84,22,8,8,0,14,3,2,0,2,7
S01006892,85 and over,7,3,3,0,4,0,0,0,0,4
S01006893,All HRPs,196,140,126,14,56,21,0,11,8,16
S01006893,24 and under,0,0,0,0,0,0,0,0,0,0
S01006893,25 to 34,18,12,7,5,6,5,0,1,0,0
S01006893,35 to 49,71,50,42,8,21,9,0,8,3,1
S01006893,50 to 64,58,47,46,1,11,3,0,1,1,6
S01006893,65 to 74,29,22,22,0,7,3,0,0,3,1
S01006893,75 to 84,16,9,9,0,7,0,0,1,1,5
S01006893,85 and over,4,0,0,0,4,1,0,0,0,3
S01006894,All HRPs,448,258,225,33,190,59,2,13,41,75
S01006894,24 and under,3,0,0,0,3,3,0,0,0,0
S01006894,25 to 34,36,16,9,7,20,19,0,1,0,0
S01006894,35 to 49,102,71,57,14,31,12,0,7,10,2
S01006894,50 to 64,135,96,88,8,39,7,0,4,18,10
S01006894,65 to 74,86,50,46,4,36,11,1,1,8,15
S01006894,75 to 84,64,21,21,0,43,7,1,0,2,33
S01006894,85 and over,22,4,4,0,18,0,0,0,3,15
S01006895,All HRPs,266,119,81,38,147,75,0,16,21,35
S01006895,24 and under,11,2,0,2,9,9,0,0,0,0
S01006895,25 to 34,51,31,10,21,20,20,0,0,0,0
S01006895,35 to 49,82,35,23,12,47,29,0,11,7,0
S01006895,50 to 64,61,26,26,0,35,11,0,5,12,7
S01006895,65 to 74,29,15,14,1,14,1,0,0,2,11
S01006895,75 to 84,25,7,5,2,18,5,0,0,0,13
S01006895,85 and over,7,3,3,0,4,0,0,0,0,4
S01006896,All HRPs,361,217,175,42,144,52,4,17,29,42
S01006896,24 and under,13,5,1,4,8,7,0,1,0,0
S01006896,25 to 34,55,35,11,24,20,16,0,2,2,0
S01006896,35 to 49,77,40,35,5,37,12,2,10,13,0
S01006896,50 to 64,109,78,72,6,31,11,2,4,9,5
S01006896,65 to 74,51,35,32,3,16,2,0,0,3,11
S01006896,75 to 84,38,23,23,0,15,1,0,0,1,13
S01006896,85 and over,18,1,1,0,17,3,0,0,1,13
S01006897,All HRPs,290,204,162,42,86,27,1,15,19,24
S01006897,24 and under,6,2,0,2,4,4,0,0,0,0
S01006897,25 to 34,41,31,17,14,10,10,0,0,0,0
S01006897,35 to 49,86,61,43,18,25,6,1,11,7,0
S01006897,50 to 64,92,71,65,6,21,4,0,3,8,6
S01006897,65 to 74,37,27,26,1,10,1,0,1,4,4
S01006897,75 to 84,22,12,11,1,10,1,0,0,0,9
S01006897,85 and over,6,0,0,0,6,1,0,0,0,5
S01006898,All HRPs,340,196,156,40,144,67,2,12,30,33
S01006898,24 and under,13,5,0,5,8,8,0,0,0,0
S01006898,25 to 34,30,17,12,5,13,12,0,1,0,0
S01006898,35 to 49,94,48,36,12,46,27,1,7,10,1
S01006898,50 to 64,124,88,73,15,36,12,1,3,15,5
S01006898,65 to 74,36,22,20,2,14,4,0,0,3,7
S01006898,75 to 84,36,13,13,0,23,4,0,1,2,16
S01006898,85 and over,7,3,2,1,4,0,0,0,0,4
S01006899,All HRPs,242,175,140,35,67,25,0,5,11,26
S01006899,24 and under,3,1,0,1,2,2,0,0,0,0
S01006899,25 to 34,32,23,13,10,9,8,0,0,1,0
S01006899,35 to 49,98,82,66,16,16,7,0,2,5,2
S01006899,50 to 64,67,50,43,7,17,5,0,3,3,6
S01006899,65 to 74,17,10,10,0,7,0,0,0,2,5
S01006899,75 to 84,18,7,7,0,11,2,0,0,0,9
S01006899,85 and over,7,2,1,1,5,1,0,0,0,4
S01006900,All HRPs,234,169,134,35,65,16,2,8,12,27
S01006900,24 and under,0,0,0,0,0,0,0,0,0,0
S01006900,25 to 34,38,31,15,16,7,6,1,0,0,0
S01006900,35 to 49,82,62,47,15,20,8,0,7,4,1
S01006900,50 to 64,67,58,54,4,9,2,0,1,5,1
S01006900,65 to 74,17,6,6,0,11,0,0,0,2,9
S01006900,75 to 84,22,10,10,0,12,0,0,0,1,11
S01006900,85 and over,8,2,2,0,6,0,1,0,0,5
S01006901,All HRPs,270,145,110,35,125,46,6,9,25,39
S01006901,24 and under,7,4,0,4,3,3,0,0,0,0
S01006901,25 to 34,37,19,8,11,18,14,1,3,0,0
S01006901,35 to 49,66,35,21,14,31,17,1,4,7,2
S01006901,50 to 64,77,57,51,6,20,9,0,0,9,2
S01006901,65 to 74,36,18,18,0,18,1,1,0,7,9
S01006901,75 to 84,37,10,10,0,27,2,3,2,2,18
S01006901,85 and over,10,2,2,0,8,0,0,0,0,8
S01006902,All HRPs,296,165,141,24,131,60,2,12,29,28
S01006902,24 and under,10,2,0,2,8,8,0,0,0,0
S01006902,25 to 34,39,19,13,6,20,18,0,0,2,0
S01006902,35 to 49,105,64,53,11,41,21,0,12,7,1
S01006902,50 to 64,81,54,50,4,27,7,1,0,15,4
S01006902,65 to 74,29,16,16,0,13,3,0,0,3,7
S01006902,75 to 84,27,9,8,1,18,2,1,0,2,13
S01006902,85 and over,5,1,1,0,4,1,0,0,0,3
S01006903,All HRPs,349,194,143,51,155,60,0,14,37,44
S01006903,24 and under,14,5,0,5,9,9,0,0,0,0
S01006903,25 to 34,62,33,11,22,29,25,0,3,0,1
S01006903,35 to 49,97,58,42,16,39,13,0,7,18,1
S01006903,50 to 64,92,58,51,7,34,8,0,4,15,7
S01006903,65 to 74,43,25,25,0,18,3,0,0,2,13
S01006903,75 to 84,33,13,12,1,20,1,0,0,2,17
S01006903,85 and over,8,2,2,0,6,1,0,0,0,5
S01006904,All HRPs,330,160,119,41,170,53,2,17,36,62
S01006904,24 and under,11,6,1,5,5,5,0,0,0,0
S01006904,25 to 34,47,24,12,12,23,18,0,3,2,0
S01006904,35 to 49,93,51,31,20,42,19,0,6,16,1
S01006904,50 to 64,70,43,39,4,27,2,2,8,12,3
S01006904,65 to 74,32,17,17,0,15,3,0,0,4,8
S01006904,75 to 84,60,16,16,0,44,4,0,0,2,38
S01006904,85 and over,17,3,3,0,14,2,0,0,0,12
S01006905,All HRPs,395,242,207,35,153,30,4,8,31,80
S01006905,24 and under,2,1,0,1,1,1,0,0,0,0
S01006905,25 to 34,22,17,8,9,5,5,0,0,0,0
S01006905,35 to 49,83,59,42,17,24,8,1,6,8,1
S01006905,50 to 64,124,89,83,6,35,11,2,2,13,7
S01006905,65 to 74,72,46,45,1,26,2,1,0,5,18
S01006905,75 to 84,62,23,22,1,39,3,0,0,5,31
S01006905,85 and over,30,7,7,0,23,0,0,0,0,23
S01006906,All HRPs,441,198,166,32,243,82,4,18,44,95
S01006906,24 and under,12,4,0,4,8,8,0,0,0,0
S01006906,25 to 34,48,22,9,13,26,21,1,1,3,0
S01006906,35 to 49,86,41,33,8,45,22,0,4,18,1
S01006906,50 to 64,110,62,57,5,48,16,0,9,13,10
S01006906,65 to 74,62,31,29,2,31,9,0,3,7,12
S01006906,75 to 84,84,31,31,0,53,4,2,1,2,44
S01006906,85 and over,39,7,7,0,32,2,1,0,1,28
S01006907,All HRPs,305,156,103,53,149,69,5,12,29,34
S01006907,24 and under,18,7,0,7,11,11,0,0,0,0
S01006907,25 to 34,61,35,8,27,26,24,0,1,0,1
S01006907,35 to 49,72,39,26,13,33,17,3,4,8,1
S01006907,50 to 64,87,48,43,5,39,12,0,6,19,2
S01006907,65 to 74,24,17,17,0,7,1,0,1,0,5
S01006907,75 to 84,29,9,8,1,20,2,0,0,2,16
S01006907,85 and over,14,1,1,0,13,2,2,0,0,9
S01006908,All HRPs,426,178,123,55,248,104,7,15,45,77
S01006908,24 and under,19,4,0,4,15,15,0,0,0,0
S01006908,25 to 34,83,33,9,24,50,46,1,2,1,0
S01006908,35 to 49,96,44,25,19,52,27,2,11,11,1
S01006908,50 to 64,100,55,49,6,45,7,3,2,25,8
S01006908,65 to 74,48,17,15,2,31,2,0,0,6,23
S01006908,75 to 84,59,21,21,0,38,5,1,0,1,31
S01006908,85 and over,21,4,4,0,17,2,0,0,1,14
S01006909,All HRPs,275,234,194,40,41,11,4,4,9,13
S01006909,24 and under,0,0,0,0,0,0,0,0,0,0
S01006909,25 to 34,48,43,27,16,5,5,0,0,0,0
S01006909,35 to 49,119,99,80,19,20,5,3,4,5,3
S01006909,50 to 64,73,65,61,4,8,0,1,0,4,3
S01006909,65 to 74,18,16,15,1,2,0,0,0,0,2
S01006909,75 to 84,12,9,9,0,3,0,0,0,0,3
S01006909,85 and over,5,2,2,0,3,1,0,0,0,2
S01006910,All HRPs,353,249,202,47,104,27,4,16,33,24
S01006910,24 and under,7,1,0,1,6,6,0,0,0,0
S01006910,25 to 34,42,39,20,19,3,1,0,2,0,0
S01006910,35 to 49,119,93,74,19,26,7,1,4,13,1
S01006910,50 to 64,128,92,84,8,36,5,1,10,15,5
S01006910,65 to 74,29,18,18,0,11,4,1,0,5,1
S01006910,75 to 84,21,5,5,0,16,3,0,0,0,13
S01006910,85 and over,7,1,1,0,6,1,1,0,0,4
S01006911,All HRPs,224,178,121,57,46,18,4,9,14,1
S01006911,24 and under,6,6,1,5,0,0,0,0,0,0
S01006911,25 to 34,86,76,44,32,10,8,1,0,0,1
S01006911,35 to 49,102,75,56,19,27,10,3,7,7,0
S01006911,50 to 64,24,17,16,1,7,0,0,2,5,0
S01006911,65 to 74,6,4,4,0,2,0,0,0,2,0
S01006911,75 to 84,0,0,0,0,0,0,0,0,0,0
S01006911,85 and over,0,0,0,0,0,0,0,0,0,0
S01006912,All HRPs,170,129,111,18,41,10,5,7,9,10
S01006912,24 and under,1,1,0,1,0,0,0,0,0,0
S01006912,25 to 34,11,11,4,7,0,0,0,0,0,0
S01006912,35 to 49,42,30,27,3,12,4,1,3,2,2
S01006912,50 to 64,76,60,56,4,16,4,2,3,6,1
S01006912,65 to 74,31,22,19,3,9,2,1,1,1,4
S01006912,75 to 84,6,4,4,0,2,0,1,0,0,1
S01006912,85 and over,3,1,1,0,2,0,0,0,0,2
S01006913,All HRPs,182,143,112,31,39,11,1,3,14,10
S01006913,24 and under,1,1,1,0,0,0,0,0,0,0
S01006913,25 to 34,28,22,9,13,6,5,0,0,0,1
S01006913,35 to 49,94,79,69,10,15,4,1,2,7,1
S01006913,50 to 64,49,36,28,8,13,2,0,1,7,3
S01006913,65 to 74,7,5,5,0,2,0,0,0,0,2
S01006913,75 to 84,3,0,0,0,3,0,0,0,0,3
S01006913,85 and over,0,0,0,0,0,0,0,0,0,0
S01006914,All HRPs,273,212,188,24,61,19,3,8,15,16
S01006914,24 and under,3,2,0,2,1,1,0,0,0,0
S01006914,25 to 34,18,15,10,5,3,3,0,0,0,0
S01006914,35 to 49,111,82,70,12,29,10,3,6,10,0
S01006914,50 to 64,96,81,76,5,15,3,0,2,4,6
S01006914,65 to 74,24,21,21,0,3,0,0,0,0,3
S01006914,75 to 84,14,9,9,0,5,2,0,0,1,2
S01006914,85 and over,7,2,2,0,5,0,0,0,0,5
S01006915,All HRPs,301,239,207,32,62,25,1,4,17,15
S01006915,24 and under,0,0,0,0,0,0,0,0,0,0
S01006915,25 to 34,25,19,11,8,6,6,0,0,0,0
S01006915,35 to 49,104,86,69,17,18,12,0,2,4,0
S01006915,50 to 64,122,103,97,6,19,5,1,2,9,2
S01006915,65 to 74,28,21,20,1,7,1,0,0,2,4
S01006915,75 to 84,19,8,8,0,11,1,0,0,1,9
S01006915,85 and over,3,2,2,0,1,0,0,0,1,0
S01006916,All HRPs,207,134,105,29,73,38,2,14,16,3
S01006916,24 and under,17,8,2,6,9,9,0,0,0,0
S01006916,25 to 34,53,31,15,16,22,16,1,2,3,0
S01006916,35 to 49,78,50,44,6,28,11,0,7,10,0
S01006916,50 to 64,44,33,32,1,11,1,1,5,3,1
S01006916,65 to 74,11,10,10,0,1,1,0,0,0,0
S01006916,75 to 84,4,2,2,0,2,0,0,0,0,2
S01006916,85 and over,0,0,0,0,0,0,0,0,0,0
S01006917,All HRPs,320,265,216,49,55,14,1,19,18,3
S01006917,24 and under,2,0,0,0,2,2,0,0,0,0
S01006917,25 to 34,68,59,42,17,9,5,0,1,3,0
S01006917,35 to 49,195,161,134,27,34,7,1,16,10,0
S01006917,50 to 64,44,37,32,5,7,0,0,2,4,1
S01006917,65 to 74,7,6,6,0,1,0,0,0,1,0
S01006917,75 to 84,2,1,1,0,1,0,0,0,0,1
S01006917,85 and over,2,1,1,0,1,0,0,0,0,1
S01006918,All HRPs,195,143,117,26,52,19,0,8,5,20
S01006918,24 and under,2,2,0,2,0,0,0,0,0,0
S01006918,25 to 34,28,25,12,13,3,3,0,0,0,0
S01006918,35 to 49,70,52,44,8,18,9,0,6,3,0
S01006918,50 to 64,48,39,36,3,9,4,0,1,2,2
S01006918,65 to 74,26,16,16,0,10,2,0,1,0,7
S01006918,75 to 84,18,8,8,0,10,1,0,0,0,9
S01006918,85 and over,3,1,1,0,2,0,0,0,0,2
S01006919,All HRPs,205,150,132,18,55,20,2,2,14,17
S01006919,24 and under,1,0,0,0,1,1,0,0,0,0
S01006919,25 to 34,22,17,6,11,5,5,0,0,0,0
S01006919,35 to 49,49,36,30,6,13,7,1,1,4,0
S01006919,50 to 64,70,54,53,1,16,7,0,1,7,1
S01006919,65 to 74,34,24,24,0,10,0,0,0,3,7
S01006919,75 to 84,26,18,18,0,8,0,1,0,0,7
S01006919,85 and over,3,1,1,0,2,0,0,0,0,2
S01006920,All HRPs,243,127,103,24,116,44,1,11,23,37
S01006920,24 and under,10,7,2,5,3,3,0,0,0,0
S01006920,25 to 34,48,26,15,11,22,21,1,0,0,0
S01006920,35 to 49,61,38,32,6,23,8,0,7,8,0
S01006920,50 to 64,40,21,19,2,19,6,0,2,10,1
S01006920,65 to 74,39,23,23,0,16,2,0,1,3,10
S01006920,75 to 84,28,10,10,0,18,2,0,1,1,14
S01006920,85 and over,17,2,2,0,15,2,0,0,1,12
S01006921,All HRPs,270,231,205,26,39,16,1,3,12,7
S01006921,24 and under,0,0,0,0,0,0,0,0,0,0
S01006921,25 to 34,56,51,40,11,5,3,0,0,1,1
S01006921,35 to 49,138,115,107,8,23,11,1,3,6,2
S01006921,50 to 64,58,50,44,6,8,2,0,0,5,1
S01006921,65 to 74,12,12,12,0,0,0,0,0,0,0
S01006921,75 to 84,3,2,1,1,1,0,0,0,0,1
S01006921,85 and over,3,1,1,0,2,0,0,0,0,2
S01006922,All HRPs,201,149,122,27,52,19,3,5,10,15
S01006922,24 and under,3,1,0,1,2,2,0,0,0,0
S01006922,25 to 34,17,14,6,8,3,3,0,0,0,0
S01006922,35 to 49,59,46,37,9,13,6,1,2,4,0
S01006922,50 to 64,70,57,48,9,13,2,2,2,4,3
S01006922,65 to 74,36,22,22,0,14,6,0,1,2,5
S01006922,75 to 84,13,7,7,0,6,0,0,0,0,6
S01006922,85 and over,3,2,2,0,1,0,0,0,0,1
S01006923,All HRPs,331,231,209,22,100,21,4,3,15,57
S01006923,24 and under,1,0,0,0,1,1,0,0,0,0
S01006923,25 to 34,21,20,8,12,1,1,0,0,0,0
S01006923,35 to 49,75,58,54,4,17,10,1,1,5,0
S01006923,50 to 64,108,93,90,3,15,3,3,2,5,2
S01006923,65 to 74,52,31,28,3,21,1,0,0,2,18
S01006923,75 to 84,52,25,25,0,27,3,0,0,3,21
S01006923,85 and over,22,4,4,0,18,2,0,0,0,16
S01006924,All HRPs,208,158,135,23,50,15,2,8,10,15
S01006924,24 and under,0,0,0,0,0,0,0,0,0,0
S01006924,25 to 34,17,14,10,4,3,3,0,0,0,0
S01006924,35 to 49,74,56,48,8,18,7,1,4,5,1
S01006924,50 to 64,85,70,61,9,15,4,1,4,3,3
S01006924,65 to 74,23,14,12,2,9,1,0,0,2,6
S01006924,75 to 84,9,4,4,0,5,0,0,0,0,5
S01006924,85 and over,0,0,0,0,0,0,0,0,0,0
S01006925,All HRPs,215,146,124,22,69,21,2,6,14,26
S01006925,24 and under,4,2,0,2,2,2,0,0,0,0
S01006925,25 to 34,16,10,4,6,6,6,0,0,0,0
S01006925,35 to 49,57,39,31,8,18,10,0,5,3,0
S01006925,50 to 64,82,67,63,4,15,0,1,1,8,5
S01006925,65 to 74,27,16,14,2,11,3,1,0,3,4
S01006925,75 to 84,21,10,10,0,11,0,0,0,0,11
S01006925,85 and over,8,2,2,0,6,0,0,0,0,6
S01006926,All HRPs,263,215,185,30,48,15,5,8,8,12
S01006926,24 and under,1,0,0,0,1,0,1,0,0,0
S01006926,25 to 34,45,38,23,15,7,6,0,1,0,0
S01006926,35 to 49,122,102,90,12,20,7,2,7,3,1
S01006926,50 to 64,64,55,52,3,9,0,1,0,4,4
S01006926,65 to 74,25,17,17,0,8,2,0,0,1,5
S01006926,75 to 84,5,3,3,0,2,0,0,0,0,2
S01006926,85 and over,1,0,0,0,1,0,1,0,0,0
S01006927,All HRPs,358,305,227,78,53,25,0,7,17,4
S01006927,24 and under,4,4,0,4,0,0,0,0,0,0
S01006927,25 to 34,130,118,79,39,12,8,0,4,0,0
S01006927,35 to 49,175,149,120,29,26,15,0,3,8,0
S01006927,50 to 64,42,29,23,6,13,2,0,0,9,2
S01006927,65 to 74,5,4,4,0,1,0,0,0,0,1
S01006927,75 to 84,2,1,1,0,1,0,0,0,0,1
S01006927,85 and over,0,0,0,0,0,0,0,0,0,0
S01006928,All HRPs,416,268,222,46,148,48,9,16,38,37
S01006928,24 and under,9,5,0,5,4,4,0,0,0,0
S01006928,25 to 34,57,38,23,15,19,16,1,0,2,0
S01006928,35 to 49,151,97,76,21,54,22,3,8,20,1
S01006928,50 to 64,120,83,79,4,37,2,5,6,13,11
S01006928,65 to 74,42,28,27,1,14,2,0,1,2,9
S01006928,75 to 84,29,15,15,0,14,2,0,1,1,10
S01006928,85 and over,8,2,2,0,6,0,0,0,0,6
S01006929,All HRPs,280,228,214,14,52,3,5,9,16,19
S01006929,24 and under,2,1,0,1,1,1,0,0,0,0
S01006929,25 to 34,10,9,6,3,1,1,0,0,0,0
S01006929,35 to 49,105,92,83,9,13,1,2,6,3,1
S01006929,50 to 64,130,107,106,1,23,0,3,3,13,4
S01006929,65 to 74,15,12,12,0,3,0,0,0,0,3
S01006929,75 to 84,13,6,6,0,7,0,0,0,0,7
S01006929,85 and over,5,1,1,0,4,0,0,0,0,4
S01006930,All HRPs,358,273,244,29,85,26,5,6,17,31
S01006930,24 and under,0,0,0,0,0,0,0,0,0,0
S01006930,25 to 34,23,18,10,8,5,5,0,0,0,0
S01006930,35 to 49,91,74,59,15,17,8,1,4,4,0
S01006930,50 to 64,170,139,133,6,31,8,3,2,8,10
S01006930,65 to 74,41,26,26,0,15,4,0,0,4,7
S01006930,75 to 84,28,15,15,0,13,1,0,0,1,11
S01006930,85 and over,5,1,1,0,4,0,1,0,0,3
S01006931,All HRPs,159,108,89,19,51,14,2,5,14,16
S01006931,24 and under,2,1,0,1,1,1,0,0,0,0
S01006931,25 to 34,9,6,3,3,3,3,0,0,0,0
S01006931,35 to 49,53,40,30,10,13,6,0,2,5,0
S01006931,50 to 64,60,46,41,5,14,1,2,2,7,2
S01006931,65 to 74,12,7,7,0,5,0,0,0,0,5
S01006931,75 to 84,20,8,8,0,12,2,0,1,2,7
S01006931,85 and over,3,0,0,0,3,1,0,0,0,2
S01006932,All HRPs,195,154,125,29,41,20,2,3,14,2
S01006932,24 and under,2,0,0,0,2,2,0,0,0,0
S01006932,25 to 34,37,28,16,12,9,7,0,1,1,0
S01006932,35 to 49,108,88,75,13,20,9,1,1,9,0
S01006932,50 to 64,39,32,30,2,7,0,1,1,4,1
S01006932,65 to 74,9,6,4,2,3,2,0,0,0,1
S01006932,75 to 84,0,0,0,0,0,0,0,0,0,0
S01006932,85 and over,0,0,0,0,0,0,0,0,0,0
S01006933,All HRPs,220,170,155,15,50,18,2,3,17,10
S01006933,24 and under,0,0,0,0,0,0,0,0,0,0
S01006933,25 to 34,21,15,8,7,6,5,0,0,1,0
S01006933,35 to 49,77,59,56,3,18,11,1,0,4,2
S01006933,50 to 64,100,81,76,5,19,2,1,2,10,4
S01006933,65 to 74,16,13,13,0,3,0,0,1,2,0
S01006933,75 to 84,4,1,1,0,3,0,0,0,0,3
S01006933,85 and over,2,1,1,0,1,0,0,0,0,1
S01006934,All HRPs,234,158,134,24,76,19,2,8,18,29
S01006934,24 and under,3,1,0,1,2,2,0,0,0,0
S01006934,25 to 34,22,13,4,9,9,8,1,0,0,0
S01006934,35 to 49,72,53,43,10,19,6,0,6,7,0
S01006934,50 to 64,74,60,56,4,14,1,1,2,7,3
S01006934,65 to 74,28,20,20,0,8,0,0,0,2,6
S01006934,75 to 84,28,10,10,0,18,2,0,0,2,14
S01006934,85 and over,7,1,1,0,6,0,0,0,0,6
S01006935,All HRPs,301,204,188,16,97,23,3,4,25,42
S01006935,24 and under,3,1,0,1,2,2,0,0,0,0
S01006935,25 to 34,21,14,10,4,7,6,0,0,1,0
S01006935,35 to 49,68,53,47,6,15,5,1,3,5,1
S01006935,50 to 64,111,88,84,4,23,4,1,1,10,7
S01006935,65 to 74,49,32,31,1,17,2,1,0,8,6
S01006935,75 to 84,36,14,14,0,22,4,0,0,0,18
S01006935,85 and over,13,2,2,0,11,0,0,0,1,10
S01006936,All HRPs,274,167,146,21,107,23,1,3,39,41
S01006936,24 and under,1,0,0,0,1,1,0,0,0,0
S01006936,25 to 34,27,19,10,9,8,7,0,0,1,0
S01006936,35 to 49,80,54,43,11,26,9,0,1,16,0
S01006936,50 to 64,86,54,53,1,32,3,1,2,18,8
S01006936,65 to 74,45,30,30,0,15,2,0,0,2,11
S01006936,75 to 84,29,10,10,0,19,0,0,0,1,18
S01006936,85 and over,6,0,0,0,6,1,0,0,1,4
S01006937,All HRPs,316,193,165,28,123,43,3,12,32,33
S01006937,24 and under,5,4,0,4,1,1,0,0,0,0
S01006937,25 to 34,35,23,11,12,12,10,1,1,0,0
S01006937,35 to 49,94,57,50,7,37,15,0,7,14,1
S01006937,50 to 64,110,74,71,3,36,11,2,1,14,8
S01006937,65 to 74,39,15,15,0,24,6,0,3,4,11
S01006937,75 to 84,27,19,17,2,8,0,0,0,0,8
S01006937,85 and over,6,1,1,0,5,0,0,0,0,5
S01006938,All HRPs,254,147,122,25,107,21,1,8,29,48
S01006938,24 and under,4,2,0,2,2,2,0,0,0,0
S01006938,25 to 34,29,23,13,10,6,6,0,0,0,0
S01006938,35 to 49,62,44,36,8,18,7,0,3,7,1
S01006938,50 to 64,72,46,41,5,26,3,0,4,17,2
S01006938,65 to 74,24,16,16,0,8,0,0,0,1,7
S01006938,75 to 84,39,13,13,0,26,2,0,1,1,22
S01006938,85 and over,24,3,3,0,21,1,1,0,3,16
S01006939,All HRPs,234,184,165,19,50,7,1,8,14,20
S01006939,24 and under,1,0,0,0,1,1,0,0,0,0
S01006939,25 to 34,20,17,11,6,3,2,0,1,0,0
S01006939,35 to 49,71,56,48,8,15,4,0,4,5,2
S01006939,50 to 64,83,73,68,5,10,0,0,2,7,1
S01006939,65 to 74,38,28,28,0,10,0,1,1,2,6
S01006939,75 to 84,13,7,7,0,6,0,0,0,0,6
S01006939,85 and over,8,3,3,0,5,0,0,0,0,5
S01006940,All HRPs,378,256,223,33,122,40,7,11,29,35
S01006940,24 and under,7,2,0,2,5,5,0,0,0,0
S01006940,25 to 34,48,30,14,16,18,17,0,0,1,0
S01006940,35 to 49,112,75,62,13,37,13,4,6,11,3
S01006940,50 to 64,135,101,100,1,34,4,3,5,12,10
S01006940,65 to 74,42,35,35,0,7,0,0,0,2,5
S01006940,75 to 84,21,9,9,0,12,1,0,0,3,8
S01006940,85 and over,13,4,3,1,9,0,0,0,0,9
S01006941,All HRPs,255,166,133,33,89,23,2,8,24,32
S01006941,24 and under,0,0,0,0,0,0,0,0,0,0
S01006941,25 to 34,36,31,12,19,5,5,0,0,0,0
S01006941,35 to 49,90,70,62,8,20,10,1,4,4,1
S01006941,50 to 64,69,34,30,4,35,5,1,3,18,8
S01006941,65 to 74,35,23,21,2,12,2,0,0,1,9
S01006941,75 to 84,20,7,7,0,13,1,0,1,1,10
S01006941,85 and over,5,1,1,0,4,0,0,0,0,4
S01006942,All HRPs,390,301,271,30,89,23,1,12,20,33
S01006942,24 and under,3,1,0,1,2,1,0,0,1,0
S01006942,25 to 34,39,31,24,7,8,5,0,3,0,0
S01006942,35 to 49,155,129,115,14,26,11,0,5,10,0
S01006942,50 to 64,118,102,96,6,16,2,1,3,5,5
S01006942,65 to 74,39,22,21,1,17,4,0,1,3,9
S01006942,75 to 84,25,12,11,1,13,0,0,0,1,12
S01006942,85 and over,11,4,4,0,7,0,0,0,0,7
S01006943,All HRPs,208,182,161,21,26,5,2,6,8,5
S01006943,24 and under,0,0,0,0,0,0,0,0,0,0
S01006943,25 to 34,28,25,21,4,3,3,0,0,0,0
S01006943,35 to 49,132,121,108,13,11,2,1,4,3,1
S01006943,50 to 64,41,33,29,4,8,0,0,2,5,1
S01006943,65 to 74,6,3,3,0,3,0,1,0,0,2
S01006943,75 to 84,1,0,0,0,1,0,0,0,0,1
S01006943,85 and over,0,0,0,0,0,0,0,0,0,0
S01006944,All HRPs,327,231,153,78,96,52,1,9,25,9
S01006944,24 and under,13,7,0,7,6,6,0,0,0,0
S01006944,25 to 34,105,76,42,34,29,26,0,2,0,1
S01006944,35 to 49,148,108,80,28,40,19,0,7,13,1
S01006944,50 to 64,53,36,28,8,17,1,1,0,12,3
S01006944,65 to 74,4,3,2,1,1,0,0,0,0,1
S01006944,75 to 84,2,1,1,0,1,0,0,0,0,1
S01006944,85 and over,2,0,0,0,2,0,0,0,0,2
S01006945,All HRPs,215,155,140,15,60,26,2,4,11,17
S01006945,24 and under,3,0,0,0,3,3,0,0,0,0
S01006945,25 to 34,29,18,14,4,11,8,2,0,1,0
S01006945,35 to 49,65,49,43,6,16,9,0,3,3,1
S01006945,50 to 64,78,64,59,5,14,6,0,1,3,4
S01006945,65 to 74,25,20,20,0,5,0,0,0,2,3
S01006945,75 to 84,12,3,3,0,9,0,0,0,2,7
S01006945,85 and over,3,1,1,0,2,0,0,0,0,2
S01006946,All HRPs,314,228,175,53,86,32,1,12,18,23
S01006946,24 and under,5,2,0,2,3,3,0,0,0,0
S01006946,25 to 34,42,31,9,22,11,10,0,1,0,0
S01006946,35 to 49,97,83,62,21,14,9,0,2,2,1
S01006946,50 to 64,116,78,72,6,38,8,0,9,13,8
S01006946,65 to 74,34,23,21,2,11,0,1,0,3,7
S01006946,75 to 84,15,10,10,0,5,0,0,0,0,5
S01006946,85 and over,5,1,1,0,4,2,0,0,0,2
S01006947,All HRPs,306,227,190,37,79,23,0,8,36,12
S01006947,24 and under,2,2,0,2,0,0,0,0,0,0
S01006947,25 to 34,74,57,38,19,17,16,0,1,0,0
S01006947,35 to 49,135,108,96,12,27,5,0,4,15,3
S01006947,50 to 64,74,51,47,4,23,1,0,2,17,3
S01006947,65 to 74,14,8,8,0,6,1,0,1,3,1
S01006947,75 to 84,7,1,1,0,6,0,0,0,1,5
S01006947,85 and over,0,0,0,0,0,0,0,0,0,0
S01006948,All HRPs,372,253,213,40,119,27,8,9,20,55
S01006948,24 and under,6,4,0,4,2,2,0,0,0,0
S01006948,25 to 34,26,22,10,12,4,4,0,0,0,0
S01006948,35 to 49,99,82,65,17,17,8,2,3,4,0
S01006948,50 to 64,124,91,84,7,33,3,3,5,11,11
S01006948,65 to 74,55,34,34,0,21,2,2,1,4,12
S01006948,75 to 84,43,17,17,0,26,6,1,0,1,18
S01006948,85 and over,19,3,3,0,16,2,0,0,0,14
S01006949,All HRPs,248,196,170,26,52,20,2,9,11,10
S01006949,24 and under,1,1,1,0,0,0,0,0,0,0
S01006949,25 to 34,14,9,8,1,5,3,1,1,0,0
S01006949,35 to 49,103,83,66,17,20,9,0,4,5,2
S01006949,50 to 64,93,76,68,8,17,7,0,4,5,1
S01006949,65 to 74,27,22,22,0,5,0,1,0,1,3
S01006949,75 to 84,8,5,5,0,3,1,0,0,0,2
S01006949,85 and over,2,0,0,0,2,0,0,0,0,2
S01006950,All HRPs,199,159,96,63,40,16,3,5,13,3
S01006950,24 and under,9,7,1,6,2,2,0,0,0,0
S01006950,25 to 34,78,65,36,29,13,9,2,1,1,0
S01006950,35 to 49,82,68,44,24,14,5,1,3,5,0
S01006950,50 to 64,25,16,13,3,9,0,0,1,7,1
S01006950,65 to 74,2,0,0,0,2,0,0,0,0,2
S01006950,75 to 84,3,3,2,1,0,0,0,0,0,0
S01006950,85 and over,0,0,0,0,0,0,0,0,0,0
S01006951,All HRPs,204,129,110,19,75,17,2,10,24,22
S01006951,24 and under,5,2,0,2,3,3,0,0,0,0
S01006951,25 to 34,20,14,5,9,6,4,0,2,0,0
S01006951,35 to 49,53,39,36,3,14,4,0,2,7,1
S01006951,50 to 64,79,57,53,4,22,2,2,4,10,4
S01006951,65 to 74,27,11,11,0,16,4,0,1,6,5
S01006951,75 to 84,15,5,4,1,10,0,0,1,1,8
S01006951,85 and over,5,1,1,0,4,0,0,0,0,4
S01006952,All HRPs,364,234,202,32,130,39,4,17,35,35
S01006952,24 and under,1,0,0,0,1,1,0,0,0,0
S01006952,25 to 34,28,16,9,7,12,8,1,2,1,0
S01006952,35 to 49,90,59,49,10,31,16,0,6,8,1
S01006952,50 to 64,146,110,96,14,36,3,2,8,18,5
S01006952,65 to 74,62,37,37,0,25,8,0,1,7,9
S01006952,75 to 84,26,9,8,1,17,1,1,0,1,14
S01006952,85 and over,11,3,3,0,8,2,0,0,0,6
S01006953,All HRPs,301,233,197,36,68,22,2,14,11,19
S01006953,24 and under,7,3,2,1,4,4,0,0,0,0
S01006953,25 to 34,39,29,21,8,10,7,0,2,1,0
S01006953,35 to 49,114,95,74,21,19,9,0,7,2,1
S01006953,50 to 64,92,76,70,6,16,0,2,4,6,4
S01006953,65 to 74,33,21,21,0,12,1,0,1,2,8
S01006953,75 to 84,15,8,8,0,7,1,0,0,0,6
S01006953,85 and over,1,1,1,0,0,0,0,0,0,0
S01006954,All HRPs,317,254,214,40,63,25,0,5,12,21
S01006954,24 and under,1,1,1,0,0,0,0,0,0,0
S01006954,25 to 34,38,30,16,14,8,8,0,0,0,0
S01006954,35 to 49,99,81,66,15,18,8,0,4,5,1
S01006954,50 to 64,112,97,90,7,15,4,0,1,5,5
S01006954,65 to 74,36,32,29,3,4,0,0,0,2,2
S01006954,75 to 84,24,12,11,1,12,4,0,0,0,8
S01006954,85 and over,7,1,1,0,6,1,0,0,0,5
S01006955,All HRPs,267,154,114,40,113,39,0,9,38,27
S01006955,24 and under,1,0,0,0,1,1,0,0,0,0
S01006955,25 to 34,62,46,24,22,16,13,0,1,2,0
S01006955,35 to 49,80,50,35,15,30,18,0,3,9,0
S01006955,50 to 64,69,46,43,3,23,5,0,0,16,2
S01006955,65 to 74,30,8,8,0,22,1,0,2,8,11
S01006955,75 to 84,16,4,4,0,12,0,0,3,2,7
S01006955,85 and over,9,0,0,0,9,1,0,0,1,7
S01006956,All HRPs,394,304,242,62,90,28,5,13,29,15
S01006956,24 and under,3,3,1,2,0,0,0,0,0,0
S01006956,25 to 34,87,74,54,20,13,9,1,1,2,0
S01006956,35 to 49,169,132,99,33,37,12,2,8,13,2
S01006956,50 to 64,104,77,72,5,27,5,2,4,12,4
S01006956,65 to 74,23,15,13,2,8,2,0,0,2,4
S01006956,75 to 84,7,3,3,0,4,0,0,0,0,4
S01006956,85 and over,1,0,0,0,1,0,0,0,0,1
S01006957,All HRPs,387,300,250,50,87,26,3,10,21,27
S01006957,24 and under,5,4,0,4,1,1,0,0,0,0
S01006957,25 to 34,44,35,24,11,9,7,1,1,0,0
S01006957,35 to 49,161,133,113,20,28,8,1,5,12,2
S01006957,50 to 64,121,99,84,15,22,6,1,4,5,6
S01006957,65 to 74,25,18,18,0,7,0,0,0,3,4
S01006957,75 to 84,24,9,9,0,15,3,0,0,1,11
S01006957,85 and over,7,2,2,0,5,1,0,0,0,4
S01006958,All HRPs,435,269,240,29,166,30,3,13,35,85
S01006958,24 and under,7,3,0,3,4,4,0,0,0,0
S01006958,25 to 34,28,20,9,11,8,7,0,1,0,0
S01006958,35 to 49,79,57,51,6,22,9,0,3,8,2
S01006958,50 to 64,145,101,95,6,44,6,1,8,16,13
S01006958,65 to 74,78,49,49,0,29,1,0,1,8,19
S01006958,75 to 84,76,34,31,3,42,3,0,0,3,36
S01006958,85 and over,22,5,5,0,17,0,2,0,0,15
S01006959,All HRPs,347,153,123,30,194,63,5,10,40,76
S01006959,24 and under,4,0,0,0,4,4,0,0,0,0
S01006959,25 to 34,45,23,4,19,22,17,0,2,2,1
S01006959,35 to 49,78,42,39,3,36,22,1,3,8,2
S01006959,50 to 64,85,44,38,6,41,4,1,4,27,5
S01006959,65 to 74,47,19,18,1,28,8,2,0,3,15
S01006959,75 to 84,56,20,19,1,36,6,1,1,0,28
S01006959,85 and over,32,5,5,0,27,2,0,0,0,25
S01006960,All HRPs,318,253,223,30,65,18,1,11,24,11
S01006960,24 and under,0,0,0,0,0,0,0,0,0,0
S01006960,25 to 34,46,38,26,12,8,7,0,0,1,0
S01006960,35 to 49,188,153,137,16,35,8,1,10,15,1
S01006960,50 to 64,64,50,48,2,14,1,0,1,7,5
S01006960,65 to 74,17,11,11,0,6,2,0,0,1,3
S01006960,75 to 84,3,1,1,0,2,0,0,0,0,2
S01006960,85 and over,0,0,0,0,0,0,0,0,0,0
S01006961,All HRPs,321,276,223,53,45,12,1,6,19,7
S01006961,24 and under,0,0,0,0,0,0,0,0,0,0
S01006961,25 to 34,77,71,54,17,6,4,0,1,1,0
S01006961,35 to 49,166,141,115,26,25,7,1,4,11,2
S01006961,50 to 64,66,55,45,10,11,1,0,1,6,3
S01006961,65 to 74,7,5,5,0,2,0,0,0,1,1
S01006961,75 to 84,5,4,4,0,1,0,0,0,0,1
S01006961,85 and over,0,0,0,0,0,0,0,0,0,0
S01006962,All HRPs,409,274,229,45,135,44,3,3,23,62
S01006962,24 and under,13,4,2,2,9,9,0,0,0,0
S01006962,25 to 34,53,41,16,25,12,9,1,1,1,0
S01006962,35 to 49,77,56,45,11,21,13,0,2,6,0
S01006962,50 to 64,114,90,86,4,24,9,2,0,10,3
S01006962,65 to 74,79,50,47,3,29,3,0,0,4,22
S01006962,75 to 84,50,29,29,0,21,1,0,0,2,18
S01006962,85 and over,23,4,4,0,19,0,0,0,0,19
S01006963,All HRPs,275,188,171,17,87,21,1,15,20,30
S01006963,24 and under,4,2,1,1,2,2,0,0,0,0
S01006963,25 to 34,21,16,8,8,5,3,0,1,1,0
S01006963,35 to 49,76,52,46,6,24,10,1,10,3,0
S01006963,50 to 64,118,89,87,2,29,5,0,4,12,8
S01006963,65 to 74,33,21,21,0,12,0,0,0,4,8
S01006963,75 to 84,15,6,6,0,9,1,0,0,0,8
S01006963,85 and over,8,2,2,0,6,0,0,0,0,6
S01006964,All HRPs,348,193,146,47,155,72,1,10,44,28
S01006964,24 and under,15,7,1,6,8,8,0,0,0,0
S01006964,25 to 34,66,33,14,19,33,30,0,2,1,0
S01006964,35 to 49,102,56,42,14,46,27,0,6,11,2
S01006964,50 to 64,119,79,72,7,40,5,1,2,24,8
S01006964,65 to 74,31,15,14,1,16,2,0,0,6,8
S01006964,75 to 84,13,3,3,0,10,0,0,0,1,9
S01006964,85 and over,2,0,0,0,2,0,0,0,1,1
S01006965,All HRPs,216,137,125,12,79,29,0,6,19,25
S01006965,24 and under,8,4,1,3,4,4,0,0,0,0
S01006965,25 to 34,22,11,8,3,11,9,0,1,1,0
S01006965,35 to 49,47,31,28,3,16,9,0,3,3,1
S01006965,50 to 64,81,58,55,3,23,3,0,1,10,9
S01006965,65 to 74,35,22,22,0,13,3,0,1,4,5
S01006965,75 to 84,16,9,9,0,7,0,0,0,1,6
S01006965,85 and over,7,2,2,0,5,1,0,0,0,4
S01006966,All HRPs,253,135,105,30,118,24,1,12,37,44
S01006966,24 and under,2,1,0,1,1,1,0,0,0,0
S01006966,25 to 34,35,24,13,11,11,7,0,3,0,1
S01006966,35 to 49,68,38,30,8,30,12,0,4,13,1
S01006966,50 to 64,79,47,39,8,32,3,0,3,21,5
S01006966,65 to 74,30,17,15,2,13,0,1,2,3,7
S01006966,75 to 84,29,7,7,0,22,1,0,0,0,21
S01006966,85 and over,10,1,1,0,9,0,0,0,0,9
S01006967,All HRPs,237,181,155,26,56,14,1,9,17,15
S01006967,24 and under,2,1,0,1,1,1,0,0,0,0
S01006967,25 to 34,30,26,18,8,4,3,0,1,0,0
S01006967,35 to 49,86,62,48,14,24,8,0,6,9,1
S01006967,50 to 64,82,71,68,3,11,1,0,2,6,2
S01006967,65 to 74,23,13,13,0,10,1,0,0,2,7
S01006967,75 to 84,10,6,6,0,4,0,1,0,0,3
S01006967,85 and over,4,2,2,0,2,0,0,0,0,2
S01006968,All HRPs,224,147,125,22,77,14,0,12,24,27
S01006968,24 and under,2,2,1,1,0,0,0,0,0,0
S01006968,25 to 34,29,24,14,10,5,2,0,3,0,0
S01006968,35 to 49,55,36,27,9,19,4,0,6,7,2
S01006968,50 to 64,75,55,54,1,20,3,0,1,12,4
S01006968,65 to 74,37,23,22,1,14,1,0,0,4,9
S01006968,75 to 84,22,7,7,0,15,3,0,2,1,9
S01006968,85 and over,4,0,0,0,4,1,0,0,0,3
S01006969,All HRPs,412,248,212,36,164,54,3,11,36,60
S01006969,24 and under,11,7,2,5,4,4,0,0,0,0
S01006969,25 to 34,50,32,15,17,18,16,0,1,0,1
S01006969,35 to 49,111,73,63,10,38,20,1,5,10,2
S01006969,50 to 64,115,73,71,2,42,10,1,4,18,9
S01006969,65 to 74,63,37,37,0,26,1,1,1,7,16
S01006969,75 to 84,46,20,18,2,26,2,0,0,1,23
S01006969,85 and over,16,6,6,0,10,1,0,0,0,9
S01006970,All HRPs,258,212,185,27,46,10,0,4,15,17
S01006970,24 and under,3,2,0,2,1,1,0,0,0,0
S01006970,25 to 34,24,20,9,11,4,4,0,0,0,0
S01006970,35 to 49,83,72,61,11,11,1,0,2,8,0
S01006970,50 to 64,100,86,83,3,14,3,0,2,4,5
S01006970,65 to 74,23,16,16,0,7,0,0,0,2,5
S01006970,75 to 84,19,12,12,0,7,0,0,0,1,6
S01006970,85 and over,6,4,4,0,2,1,0,0,0,1
S01006971,All HRPs,248,121,96,25,127,31,2,11,27,56
S01006971,24 and under,7,3,0,3,4,4,0,0,0,0
S01006971,25 to 34,13,6,1,5,7,5,0,2,0,0
S01006971,35 to 49,54,29,16,13,25,9,0,6,9,1
S01006971,50 to 64,80,49,45,4,31,1,2,3,15,10
S01006971,65 to 74,36,20,20,0,16,7,0,0,2,7
S01006971,75 to 84,36,11,11,0,25,2,0,0,1,22
S01006971,85 and over,22,3,3,0,19,3,0,0,0,16
S01006972,All HRPs,192,144,122,22,48,15,4,7,6,16
S01006972,24 and under,2,0,0,0,2,2,0,0,0,0
S01006972,25 to 34,16,13,6,7,3,1,0,2,0,0
S01006972,35 to 49,67,52,44,8,15,6,3,2,4,0
S01006972,50 to 64,69,58,53,5,11,4,1,1,2,3
S01006972,65 to 74,28,19,17,2,9,2,0,2,0,5
S01006972,75 to 84,8,2,2,0,6,0,0,0,0,6
S01006972,85 and over,2,0,0,0,2,0,0,0,0,2
S01006973,All HRPs,234,160,141,19,74,22,2,11,14,25
S01006973,24 and under,2,1,0,1,1,1,0,0,0,0
S01006973,25 to 34,17,13,5,8,4,4,0,0,0,0
S01006973,35 to 49,61,46,42,4,15,7,1,5,1,1
S01006973,50 to 64,89,65,59,6,24,6,1,3,8,6
S01006973,65 to 74,46,28,28,0,18,1,0,3,5,9
S01006973,75 to 84,11,6,6,0,5,1,0,0,0,4
S01006973,85 and over,8,1,1,0,7,2,0,0,0,5
S01006974,All HRPs,393,289,252,37,104,29,2,17,28,28
S01006974,24 and under,6,3,1,2,3,3,0,0,0,0
S01006974,25 to 34,33,30,16,14,3,2,0,1,0,0
S01006974,35 to 49,139,105,95,10,34,13,1,8,12,0
S01006974,50 to 64,141,113,105,8,28,8,1,6,10,3
S01006974,65 to 74,46,24,23,1,22,2,0,2,4,14
S01006974,75 to 84,23,11,9,2,12,1,0,0,2,9
S01006974,85 and over,5,3,3,0,2,0,0,0,0,2
S01006975,All HRPs,386,281,224,57,105,38,6,13,26,22
S01006975,24 and under,1,0,0,0,1,1,0,0,0,0
S01006975,25 to 34,36,20,13,7,16,11,0,3,2,0
S01006975,35 to 49,140,118,78,40,22,10,2,5,5,0
S01006975,50 to 64,143,110,101,9,33,11,3,2,14,3
S01006975,65 to 74,40,22,21,1,18,3,0,2,4,9
S01006975,75 to 84,18,8,8,0,10,1,1,1,1,6
S01006975,85 and over,8,3,3,0,5,1,0,0,0,4
S01006976,All HRPs,172,137,118,19,35,7,4,7,10,7
S01006976,24 and under,1,1,0,1,0,0,0,0,0,0
S01006976,25 to 34,10,8,6,2,2,1,0,1,0,0
S01006976,35 to 49,63,49,36,13,14,5,1,4,4,0
S01006976,50 to 64,69,57,55,2,12,1,1,2,5,3
S01006976,65 to 74,16,12,11,1,4,0,2,0,0,2
S01006976,75 to 84,11,9,9,0,2,0,0,0,1,1
S01006976,85 and over,2,1,1,0,1,0,0,0,0,1
S01006977,All HRPs,316,229,195,34,87,34,1,19,20,13
S01006977,24 and under,6,1,0,1,5,5,0,0,0,0
S01006977,25 to 34,20,11,7,4,9,7,1,1,0,0
S01006977,35 to 49,125,99,81,18,26,12,0,9,3,2
S01006977,50 to 64,114,84,74,10,30,5,0,8,16,1
S01006977,65 to 74,29,22,21,1,7,0,0,1,1,5
S01006977,75 to 84,18,12,12,0,6,4,0,0,0,2
S01006977,85 and over,4,0,0,0,4,1,0,0,0,3
S01006978,All HRPs,371,244,206,38,127,44,5,10,30,38
S01006978,24 and under,2,0,0,0,2,2,0,0,0,0
S01006978,25 to 34,35,19,9,10,16,15,1,0,0,0
S01006978,35 to 49,120,88,71,17,32,15,0,4,13,0
S01006978,50 to 64,116,89,81,8,27,8,3,3,9,4
S01006978,65 to 74,52,28,26,2,24,2,0,3,7,12
S01006978,75 to 84,36,16,16,0,20,2,1,0,1,16
S01006978,85 and over,10,4,3,1,6,0,0,0,0,6
S01006979,All HRPs,369,237,195,42,132,30,4,9,26,63
S01006979,24 and under,6,2,1,1,4,4,0,0,0,0
S01006979,25 to 34,29,22,12,10,7,3,1,0,2,1
S01006979,35 to 49,96,70,49,21,26,11,1,5,9,0
S01006979,50 to 64,122,91,81,10,31,8,2,3,9,9
S01006979,65 to 74,45,31,31,0,14,2,0,1,3,8
S01006979,75 to 84,48,16,16,0,32,2,0,0,2,28
S01006979,85 and over,23,5,5,0,18,0,0,0,1,17
S01006980,All HRPs,326,247,218,29,79,24,8,9,12,26
S01006980,24 and under,3,1,1,0,2,2,0,0,0,0
S01006980,25 to 34,27,21,13,8,6,5,0,0,0,1
S01006980,35 to 49,103,84,71,13,19,10,2,2,5,0
S01006980,50 to 64,128,100,93,7,28,4,5,6,5,8
S01006980,65 to 74,39,30,30,0,9,2,0,1,1,5
S01006980,75 to 84,20,9,8,1,11,1,1,0,1,8
S01006980,85 and over,6,2,2,0,4,0,0,0,0,4
S01006981,All HRPs,321,231,186,45,90,34,5,12,22,17
S01006981,24 and under,4,2,1,1,2,2,0,0,0,0
S01006981,25 to 34,34,27,10,17,7,3,2,2,0,0
S01006981,35 to 49,108,79,60,19,29,16,0,5,8,0
S01006981,50 to 64,126,99,94,5,27,9,1,3,12,2
S01006981,65 to 74,31,16,13,3,15,2,1,2,2,8
S01006981,75 to 84,14,8,8,0,6,1,0,0,0,5
S01006981,85 and over,4,0,0,0,4,1,1,0,0,2
S01006982,All HRPs,359,235,185,50,124,33,3,22,27,39
S01006982,24 and under,8,3,1,2,5,5,0,0,0,0
S01006982,25 to 34,54,39,23,16,15,13,1,0,1,0
S01006982,35 to 49,144,106,80,26,38,9,0,14,15,0
S01006982,50 to 64,89,58,53,5,31,5,1,7,9,9
S01006982,65 to 74,27,19,18,1,8,0,0,1,0,7
S01006982,75 to 84,31,10,10,0,21,1,1,0,2,17
S01006982,85 and over,6,0,0,0,6,0,0,0,0,6
S01006983,All HRPs,289,203,167,36,86,25,3,15,18,25
S01006983,24 and under,4,3,1,2,1,1,0,0,0,0
S01006983,25 to 34,29,17,10,7,12,9,0,2,1,0
S01006983,35 to 49,102,76,60,16,26,8,1,9,8,0
S01006983,50 to 64,102,77,67,10,25,5,2,3,9,6
S01006983,65 to 74,35,24,24,0,11,2,0,1,0,8
S01006983,75 to 84,10,6,5,1,4,0,0,0,0,4
S01006983,85 and over,7,0,0,0,7,0,0,0,0,7
S01006984,All HRPs,275,196,164,32,79,25,4,13,16,21
S01006984,24 and under,1,1,0,1,0,0,0,0,0,0
S01006984,25 to 34,25,16,9,7,9,9,0,0,0,0
S01006984,35 to 49,108,79,62,17,29,10,2,11,5,1
S01006984,50 to 64,85,68,63,5,17,3,2,1,7,4
S01006984,65 to 74,37,26,24,2,11,1,0,0,3,7
S01006984,75 to 84,15,6,6,0,9,1,0,1,1,6
S01006984,85 and over,4,0,0,0,4,1,0,0,0,3
S01006985,All HRPs,432,280,235,45,152,37,2,13,41,59
S01006985,24 and under,3,3,0,3,0,0,0,0,0,0
S01006985,25 to 34,40,27,12,15,13,12,0,0,1,0
S01006985,35 to 49,128,98,82,16,30,15,1,7,6,1
S01006985,50 to 64,131,91,83,8,40,4,1,5,22,8
S01006985,65 to 74,64,35,32,3,29,3,0,1,11,14
S01006985,75 to 84,53,26,26,0,27,3,0,0,1,23
S01006985,85 and over,13,0,0,0,13,0,0,0,0,13
S01006986,All HRPs,243,171,134,37,72,20,2,7,21,22
S01006986,24 and under,7,4,0,4,3,3,0,0,0,0
S01006986,25 to 34,52,40,25,15,12,6,1,0,4,1
S01006986,35 to 49,91,68,53,15,23,8,0,5,7,3
S01006986,50 to 64,60,48,45,3,12,3,1,1,7,0
S01006986,65 to 74,16,9,9,0,7,0,0,0,2,5
S01006986,75 to 84,11,0,0,0,11,0,0,1,1,9
S01006986,85 and over,6,2,2,0,4,0,0,0,0,4
S01006987,All HRPs,294,177,151,26,117,26,4,12,29,46
S01006987,24 and under,5,3,0,3,2,1,0,1,0,0
S01006987,25 to 34,27,17,11,6,10,6,1,0,3,0
S01006987,35 to 49,74,54,41,13,20,9,1,2,8,0
S01006987,50 to 64,93,61,57,4,32,6,2,6,14,4
S01006987,65 to 74,43,23,23,0,20,1,0,2,3,14
S01006987,75 to 84,36,18,18,0,18,2,0,1,1,14
S01006987,85 and over,16,1,1,0,15,1,0,0,0,14
S01006988,All HRPs,218,163,130,33,55,22,0,11,12,10
S01006988,24 and under,2,0,0,0,2,2,0,0,0,0
S01006988,25 to 34,24,18,14,4,6,6,0,0,0,0
S01006988,35 to 49,112,89,65,24,23,11,0,7,5,0
S01006988,50 to 64,53,40,36,4,13,3,0,4,4,2
S01006988,65 to 74,15,10,10,0,5,0,0,0,3,2
S01006988,75 to 84,10,6,5,1,4,0,0,0,0,4
S01006988,85 and over,2,0,0,0,2,0,0,0,0,2
S01006989,All HRPs,375,291,265,26,84,22,2,12,21,27
S01006989,24 and under,3,1,0,1,2,2,0,0,0,0
S01006989,25 to 34,27,24,18,6,3,2,0,1,0,0
S01006989,35 to 49,136,116,104,12,20,12,0,4,3,1
S01006989,50 to 64,154,112,107,5,42,5,2,7,14,14
S01006989,65 to 74,34,26,25,1,8,1,0,0,2,5
S01006989,75 to 84,19,11,10,1,8,0,0,0,2,6
S01006989,85 and over,2,1,1,0,1,0,0,0,0,1
S01006990,All HRPs,313,256,213,43,57,20,3,11,15,8
S01006990,24 and under,3,1,1,0,2,2,0,0,0,0
S01006990,25 to 34,68,55,37,18,13,11,0,2,0,0
S01006990,35 to 49,151,129,108,21,22,3,2,8,9,0
S01006990,50 to 64,66,55,51,4,11,2,1,1,4,3
S01006990,65 to 74,15,9,9,0,6,2,0,0,2,2
S01006990,75 to 84,8,6,6,0,2,0,0,0,0,2
S01006990,85 and over,2,1,1,0,1,0,0,0,0,1
S01006991,All HRPs,216,105,84,21,111,30,0,9,27,45
S01006991,24 and under,4,3,1,2,1,1,0,0,0,0
S01006991,25 to 34,21,12,2,10,9,7,0,1,1,0
S01006991,35 to 49,49,30,25,5,19,8,0,4,7,0
S01006991,50 to 64,62,33,29,4,29,8,0,3,17,1
S01006991,65 to 74,25,15,15,0,10,1,0,1,2,6
S01006991,75 to 84,38,7,7,0,31,2,0,0,0,29
S01006991,85 and over,17,5,5,0,12,3,0,0,0,9
S01006992,All HRPs,241,185,165,20,56,25,1,5,13,12
S01006992,24 and under,2,1,0,1,1,1,0,0,0,0
S01006992,25 to 34,23,18,14,4,5,4,0,0,1,0
S01006992,35 to 49,78,58,48,10,20,10,0,4,5,1
S01006992,50 to 64,82,67,63,4,15,6,1,1,5,2
S01006992,65 to 74,47,36,35,1,11,3,0,0,2,6
S01006992,75 to 84,6,5,5,0,1,0,0,0,0,1
S01006992,85 and over,3,0,0,0,3,1,0,0,0,2
S01006993,All HRPs,202,154,136,18,48,13,0,13,11,11
S01006993,24 and under,2,2,0,2,0,0,0,0,0,0
S01006993,25 to 34,14,10,5,5,4,4,0,0,0,0
S01006993,35 to 49,71,55,51,4,16,7,0,5,3,1
S01006993,50 to 64,75,58,51,7,17,2,0,6,6,3
S01006993,65 to 74,28,19,19,0,9,0,0,2,2,5
S01006993,75 to 84,10,9,9,0,1,0,0,0,0,1
S01006993,85 and over,2,1,1,0,1,0,0,0,0,1
S01006994,All HRPs,226,163,140,23,63,19,1,12,19,12
S01006994,24 and under,0,0,0,0,0,0,0,0,0,0
S01006994,25 to 34,14,10,9,1,4,3,0,1,0,0
S01006994,35 to 49,77,51,38,13,26,7,0,9,10,0
S01006994,50 to 64,100,83,74,9,17,4,1,2,8,2
S01006994,65 to 74,19,11,11,0,8,2,0,0,1,5
S01006994,75 to 84,14,8,8,0,6,2,0,0,0,4
S01006994,85 and over,2,0,0,0,2,1,0,0,0,1
S01006995,All HRPs,331,250,196,54,81,31,1,16,16,17
S01006995,24 and under,6,5,1,4,1,1,0,0,0,0
S01006995,25 to 34,42,28,12,16,14,10,0,2,1,1
S01006995,35 to 49,123,88,67,21,35,11,1,11,11,1
S01006995,50 to 64,99,80,70,10,19,8,0,3,4,4
S01006995,65 to 74,40,34,32,2,6,1,0,0,0,5
S01006995,75 to 84,19,13,12,1,6,0,0,0,0,6
S01006995,85 and over,2,2,2,0,0,0,0,0,0,0
S01006996,All HRPs,306,210,169,41,96,31,2,12,15,36
S01006996,24 and under,7,5,2,3,2,2,0,0,0,0
S01006996,25 to 34,49,34,18,16,15,13,0,2,0,0
S01006996,35 to 49,114,91,75,16,23,6,1,6,8,2
S01006996,50 to 64,68,51,45,6,17,5,1,3,4,4
S01006996,65 to 74,26,13,13,0,13,2,0,1,2,8
S01006996,75 to 84,30,13,13,0,17,1,0,0,1,15
S01006996,85 and over,12,3,3,0,9,2,0,0,0,7
S01006997,All HRPs,292,222,191,31,70,19,5,8,15,23
S01006997,24 and under,1,1,0,1,0,0,0,0,0,0
S01006997,25 to 34,27,23,16,7,4,3,0,0,1,0
S01006997,35 to 49,121,103,88,15,18,7,3,3,4,1
S01006997,50 to 64,96,69,62,7,27,5,2,5,8,7
S01006997,65 to 74,26,17,16,1,9,2,0,0,1,6
S01006997,75 to 84,15,8,8,0,7,2,0,0,0,5
S01006997,85 and over,6,1,1,0,5,0,0,0,1,4
S01006998,All HRPs,450,322,258,64,128,46,2,14,27,39
S01006998,24 and under,9,4,1,3,5,5,0,0,0,0
S01006998,25 to 34,51,39,19,20,12,9,0,2,1,0
S01006998,35 to 49,141,109,84,25,32,15,0,7,7,3
S01006998,50 to 64,152,118,106,12,34,9,1,3,15,6
S01006998,65 to 74,46,30,29,1,16,3,0,1,3,9
S01006998,75 to 84,32,17,14,3,15,4,1,0,1,9
S01006998,85 and over,19,5,5,0,14,1,0,1,0,12
S01006999,All HRPs,334,250,213,37,84,29,2,12,19,22
S01006999,24 and under,5,3,0,3,2,2,0,0,0,0
S01006999,25 to 34,36,26,9,17,10,8,0,1,1,0
S01006999,35 to 49,100,77,64,13,23,10,0,5,7,1
S01006999,50 to 64,120,96,92,4,24,7,0,5,8,4
S01006999,65 to 74,45,36,36,0,9,2,0,0,2,5
S01006999,75 to 84,23,11,11,0,12,0,2,1,1,8
S01006999,85 and over,5,1,1,0,4,0,0,0,0,4
S01007000,All HRPs,414,256,209,47,158,53,4,16,26,59
S01007000,24 and under,13,6,2,4,7,7,0,0,0,0
S01007000,25 to 34,46,39,21,18,7,5,0,2,0,0
S01007000,35 to 49,123,92,75,17,31,13,0,9,8,1
S01007000,50 to 64,106,71,65,6,35,8,2,3,16,6
S01007000,65 to 74,60,30,29,1,30,13,1,1,0,15
S01007000,75 to 84,58,18,17,1,40,6,1,1,2,30
S01007000,85 and over,8,0,0,0,8,1,0,0,0,7
S01007001,All HRPs,388,246,205,41,142,39,6,15,34,48
S01007001,24 and under,7,4,0,4,3,3,0,0,0,0
S01007001,25 to 34,36,23,8,15,13,12,0,0,1,0
S01007001,35 to 49,129,91,78,13,38,13,1,8,12,4
S01007001,50 to 64,106,70,62,8,36,5,4,6,18,3
S01007001,65 to 74,52,33,32,1,19,6,1,1,1,10
S01007001,75 to 84,44,23,23,0,21,0,0,0,2,19
S01007001,85 and over,14,2,2,0,12,0,0,0,0,12
S01007002,All HRPs,230,161,120,41,69,32,0,7,8,22
S01007002,24 and under,14,3,1,2,11,11,0,0,0,0
S01007002,25 to 34,39,33,15,18,6,5,0,0,1,0
S01007002,35 to 49,69,56,43,13,13,6,0,4,3,0
S01007002,50 to 64,60,43,37,6,17,8,0,3,3,3
S01007002,65 to 74,25,18,17,1,7,0,0,0,1,6
S01007002,75 to 84,19,7,6,1,12,2,0,0,0,10
S01007002,85 and over,4,1,1,0,3,0,0,0,0,3
S01007003,All HRPs,205,153,131,22,52,18,1,6,11,16
S01007003,24 and under,4,2,0,2,2,2,0,0,0,0
S01007003,25 to 34,22,15,10,5,7,5,0,0,2,0
S01007003,35 to 49,61,51,43,8,10,3,1,3,3,0
S01007003,50 to 64,67,54,49,5,13,6,0,3,1,3
S01007003,65 to 74,27,19,18,1,8,0,0,0,5,3
S01007003,75 to 84,22,12,11,1,10,2,0,0,0,8
S01007003,85 and over,2,0,0,0,2,0,0,0,0,2
S01007004,All HRPs,304,205,176,29,99,37,4,12,24,22
S01007004,24 and under,11,3,0,3,8,8,0,0,0,0
S01007004,25 to 34,24,16,7,9,8,7,0,0,1,0
S01007004,35 to 49,90,60,49,11,30,11,2,8,8,1
S01007004,50 to 64,114,88,82,6,26,5,0,3,14,4
S01007004,65 to 74,38,25,25,0,13,4,1,1,1,6
S01007004,75 to 84,22,11,11,0,11,2,1,0,0,8
S01007004,85 and over,5,2,2,0,3,0,0,0,0,3
S01007005,All HRPs,348,274,240,34,74,26,3,7,19,19
S01007005,24 and under,4,1,0,1,3,3,0,0,0,0
S01007005,25 to 34,20,16,10,6,4,4,0,0,0,0
S01007005,35 to 49,106,90,74,16,16,6,2,4,1,3
S01007005,50 to 64,144,117,106,11,27,7,0,3,15,2
S01007005,65 to 74,39,31,31,0,8,2,1,0,2,3
S01007005,75 to 84,25,17,17,0,8,3,0,0,1,4
S01007005,85 and over,10,2,2,0,8,1,0,0,0,7
S01007006,All HRPs,394,253,212,41,141,64,6,10,27,34
S01007006,24 and under,13,7,3,4,6,6,0,0,0,0
S01007006,25 to 34,37,22,13,9,15,15,0,0,0,0
S01007006,35 to 49,108,83,67,16,25,11,0,6,7,1
S01007006,50 to 64,129,90,80,10,39,16,2,4,13,4
S01007006,65 to 74,61,34,32,2,27,9,2,0,6,10
S01007006,75 to 84,37,15,15,0,22,6,2,0,1,13
S01007006,85 and over,9,2,2,0,7,1,0,0,0,6
S01007007,All HRPs,338,237,205,32,101,25,3,12,28,33
S01007007,24 and under,6,2,2,0,4,2,0,0,2,0
S01007007,25 to 34,21,12,8,4,9,8,0,1,0,0
S01007007,35 to 49,98,79,65,14,19,7,1,9,2,0
S01007007,50 to 64,125,98,88,10,27,1,2,2,18,4
S01007007,65 to 74,58,32,28,4,26,4,0,0,5,17
S01007007,75 to 84,24,12,12,0,12,2,0,0,1,9
S01007007,85 and over,6,2,2,0,4,1,0,0,0,3
S01007008,All HRPs,450,236,188,48,214,60,4,14,49,87
S01007008,24 and under,10,2,1,1,8,8,0,0,0,0
S01007008,25 to 34,42,25,10,15,17,14,0,1,2,0
S01007008,35 to 49,117,74,60,14,43,21,2,7,10,3
S01007008,50 to 64,132,87,71,16,45,10,2,4,20,9
S01007008,65 to 74,59,19,18,1,40,1,0,2,10,27
S01007008,75 to 84,59,24,23,1,35,2,0,0,4,29
S01007008,85 and over,31,5,5,0,26,4,0,0,3,19
S01007009,All HRPs,496,250,197,53,246,81,5,21,58,81
S01007009,24 and under,18,5,1,4,13,12,1,0,0,0
S01007009,25 to 34,59,32,13,19,27,23,0,2,2,0
S01007009,35 to 49,112,70,52,18,42,23,1,4,14,0
S01007009,50 to 64,138,79,69,10,59,9,1,11,25,13
S01007009,65 to 74,81,36,34,2,45,4,0,4,13,24
S01007009,75 to 84,58,17,17,0,41,7,1,0,2,31
S01007009,85 and over,30,11,11,0,19,3,1,0,2,13
S01007010,All HRPs,392,215,181,34,177,42,1,9,34,91
S01007010,24 and under,8,5,0,5,3,3,0,0,0,0
S01007010,25 to 34,25,14,5,9,11,10,0,1,0,0
S01007010,35 to 49,75,51,41,10,24,12,0,5,4,3
S01007010,50 to 64,113,78,69,9,35,7,0,3,18,7
S01007010,65 to 74,53,24,23,1,29,1,1,0,10,17
S01007010,75 to 84,71,27,27,0,44,4,0,0,0,40
S01007010,85 and over,47,16,16,0,31,5,0,0,2,24
S01007011,All HRPs,463,182,127,55,281,112,6,22,52,89
S01007011,24 and under,29,9,1,8,20,18,0,2,0,0
S01007011,25 to 34,56,25,11,14,31,29,0,1,0,1
S01007011,35 to 49,97,44,25,19,53,30,2,10,10,1
S01007011,50 to 64,115,57,45,12,58,18,2,7,28,3
S01007011,65 to 74,56,17,17,0,39,10,0,2,12,15
S01007011,75 to 84,73,23,21,2,50,4,2,0,1,43
S01007011,85 and over,37,7,7,0,30,3,0,0,1,26
S01007012,All HRPs,322,159,121,38,163,57,4,15,33,54
S01007012,24 and under,14,3,0,3,11,11,0,0,0,0
S01007012,25 to 34,32,17,8,9,15,13,0,2,0,0
S01007012,35 to 49,88,44,26,18,44,24,2,9,9,0
S01007012,50 to 64,84,48,40,8,36,4,0,3,21,8
S01007012,65 to 74,51,26,26,0,25,2,0,1,2,20
S01007012,75 to 84,46,21,21,0,25,3,1,0,1,20
S01007012,85 and over,7,0,0,0,7,0,1,0,0,6
S01007013,All HRPs,222,170,148,22,52,11,1,7,13,20
S01007013,24 and under,2,2,2,0,0,0,0,0,0,0
S01007013,25 to 34,13,11,7,4,2,1,0,0,1,0
S01007013,35 to 49,68,53,44,9,15,4,0,4,5,2
S01007013,50 to 64,83,65,57,8,18,4,1,3,4,6
S01007013,65 to 74,39,29,28,1,10,0,0,0,3,7
S01007013,75 to 84,12,8,8,0,4,2,0,0,0,2
S01007013,85 and over,5,2,2,0,3,0,0,0,0,3
S01007014,All HRPs,381,291,242,49,90,28,5,11,26,20
S01007014,24 and under,8,4,0,4,4,4,0,0,0,0
S01007014,25 to 34,55,44,23,21,11,9,1,1,0,0
S01007014,35 to 49,140,108,94,14,32,10,3,9,9,1
S01007014,50 to 64,116,95,88,7,21,2,1,1,13,4
S01007014,65 to 74,33,25,24,1,8,1,0,0,3,4
S01007014,75 to 84,25,14,12,2,11,2,0,0,1,8
S01007014,85 and over,4,1,1,0,3,0,0,0,0,3
S01007015,All HRPs,247,176,155,21,71,26,4,9,17,15
S01007015,24 and under,7,3,1,2,4,4,0,0,0,0
S01007015,25 to 34,24,15,11,4,9,6,2,1,0,0
S01007015,35 to 49,68,51,42,9,17,6,1,3,5,2
S01007015,50 to 64,90,68,63,5,22,6,0,3,10,3
S01007015,65 to 74,38,30,29,1,8,0,1,1,1,5
S01007015,75 to 84,15,7,7,0,8,3,0,1,0,4
S01007015,85 and over,5,2,2,0,3,1,0,0,1,1
S01007016,All HRPs,213,177,152,25,36,12,1,8,9,6
S01007016,24 and under,0,0,0,0,0,0,0,0,0,0
S01007016,25 to 34,15,13,7,6,2,1,0,1,0,0
S01007016,35 to 49,81,65,54,11,16,6,0,5,4,1
S01007016,50 to 64,83,72,65,7,11,3,0,2,4,2
S01007016,65 to 74,25,21,21,0,4,1,0,0,1,2
S01007016,75 to 84,6,4,4,0,2,1,1,0,0,0
S01007016,85 and over,3,2,1,1,1,0,0,0,0,1
S01007017,All HRPs,476,235,190,45,241,74,3,19,58,87
S01007017,24 and under,20,9,2,7,11,9,0,0,0,2
S01007017,25 to 34,61,36,17,19,25,18,1,3,3,0
S01007017,35 to 49,118,68,60,8,50,20,1,7,21,1
S01007017,50 to 64,117,67,59,8,50,14,0,6,20,10
S01007017,65 to 74,63,26,25,1,37,6,1,3,9,18
S01007017,75 to 84,61,22,21,1,39,4,0,0,5,30
S01007017,85 and over,36,7,6,1,29,3,0,0,0,26
S01007018,All HRPs,421,284,256,28,137,37,5,10,27,58
S01007018,24 and under,8,2,0,2,6,6,0,0,0,0
S01007018,25 to 34,47,32,23,9,15,12,2,1,0,0
S01007018,35 to 49,108,86,78,8,22,9,1,3,8,1
S01007018,50 to 64,103,80,72,8,23,2,1,4,14,2
S01007018,65 to 74,76,47,47,0,29,4,0,1,5,19
S01007018,75 to 84,64,31,30,1,33,4,1,1,0,27
S01007018,85 and over,15,6,6,0,9,0,0,0,0,9
S01007019,All HRPs,309,172,142,30,137,35,6,10,32,54
S01007019,24 and under,10,6,1,5,4,4,0,0,0,0
S01007019,25 to 34,35,25,13,12,10,7,0,2,1,0
S01007019,35 to 49,69,42,34,8,27,12,2,4,9,0
S01007019,50 to 64,79,50,47,3,29,8,1,3,9,8
S01007019,65 to 74,58,25,25,0,33,4,0,1,11,17
S01007019,75 to 84,46,19,18,1,27,0,1,0,2,24
S01007019,85 and over,12,5,4,1,7,0,2,0,0,5
S01007020,All HRPs,411,182,147,35,229,80,5,19,42,83
S01007020,24 and under,16,3,1,2,13,13,0,0,0,0
S01007020,25 to 34,58,25,13,12,33,25,1,6,1,0
S01007020,35 to 49,92,55,40,15,37,22,1,3,10,1
S01007020,50 to 64,90,49,45,4,41,10,0,6,22,3
S01007020,65 to 74,58,28,28,0,30,2,1,2,6,19
S01007020,75 to 84,56,15,14,1,41,7,0,1,2,31
S01007020,85 and over,41,7,6,1,34,1,2,1,1,29
S01007021,All HRPs,403,219,184,35,184,54,4,18,27,81
S01007021,24 and under,5,3,2,1,2,2,0,0,0,0
S01007021,25 to 34,34,28,14,14,6,4,0,1,1,0
S01007021,35 to 49,119,72,58,14,47,25,1,12,8,1
S01007021,50 to 64,84,53,50,3,31,10,0,3,10,8
S01007021,65 to 74,71,42,40,2,29,5,0,2,4,18
S01007021,75 to 84,60,17,16,1,43,4,0,0,4,35
S01007021,85 and over,30,4,4,0,26,4,3,0,0,19
S01007022,All HRPs,209,132,103,29,77,22,0,10,14,31
S01007022,24 and under,5,3,1,2,2,2,0,0,0,0
S01007022,25 to 34,23,17,10,7,6,4,0,0,2,0
S01007022,35 to 49,66,45,32,13,21,6,0,8,5,2
S01007022,50 to 64,44,35,29,6,9,5,0,1,3,0
S01007022,65 to 74,37,23,22,1,14,2,0,1,1,10
S01007022,75 to 84,25,8,8,0,17,2,0,0,3,12
S01007022,85 and over,9,1,1,0,8,1,0,0,0,7
S01007023,All HRPs,203,135,114,21,68,19,1,8,21,19
S01007023,24 and under,3,1,0,1,2,2,0,0,0,0
S01007023,25 to 34,16,12,7,5,4,4,0,0,0,0
S01007023,35 to 49,57,46,35,11,11,3,0,3,5,0
S01007023,50 to 64,64,44,42,2,20,2,0,4,11,3
S01007023,65 to 74,34,20,18,2,14,4,0,1,4,5
S01007023,75 to 84,24,11,11,0,13,4,1,0,1,7
S01007023,85 and over,5,1,1,0,4,0,0,0,0,4
S01007024,All HRPs,416,291,259,32,125,28,5,14,19,59
S01007024,24 and under,0,0,0,0,0,0,0,0,0,0
S01007024,25 to 34,29,19,10,9,10,9,0,0,1,0
S01007024,35 to 49,106,94,79,15,12,5,2,2,3,0
S01007024,50 to 64,160,108,101,7,52,8,1,12,10,21
S01007024,65 to 74,66,46,45,1,20,6,0,0,3,11
S01007024,75 to 84,38,20,20,0,18,0,1,0,0,17
S01007024,85 and over,17,4,4,0,13,0,1,0,2,10
S01007025,All HRPs,389,205,157,48,184,51,2,17,41,73
S01007025,24 and under,4,4,0,4,0,0,0,0,0,0
S01007025,25 to 34,43,32,14,18,11,10,0,1,0,0
S01007025,35 to 49,92,54,40,14,38,16,0,8,14,0
S01007025,50 to 64,115,71,62,9,44,12,0,4,20,8
S01007025,65 to 74,67,27,25,2,40,7,2,3,4,24
S01007025,75 to 84,56,14,13,1,42,4,0,0,2,36
S01007025,85 and over,12,3,3,0,9,2,0,1,1,5
S01007026,All HRPs,412,223,186,37,189,72,6,10,22,79
S01007026,24 and under,9,4,0,4,5,5,0,0,0,0
S01007026,25 to 34,26,14,3,11,12,11,0,1,0,0
S01007026,35 to 49,95,62,49,13,33,24,1,3,3,2
S01007026,50 to 64,104,70,63,7,34,9,2,3,11,9
S01007026,65 to 74,86,48,46,2,38,5,2,2,6,23
S01007026,75 to 84,61,21,21,0,40,14,0,1,1,24
S01007026,85 and over,31,4,4,0,27,4,1,0,1,21
S01007027,All HRPs,481,282,242,40,199,53,1,13,47,85
S01007027,24 and under,14,7,3,4,7,7,0,0,0,0
S01007027,25 to 34,45,33,19,14,12,10,0,1,1,0
S01007027,35 to 49,108,76,63,13,32,13,0,9,10,0
S01007027,50 to 64,143,92,85,7,51,12,1,3,27,8
S01007027,65 to 74,77,48,47,1,29,3,0,0,5,21
S01007027,75 to 84,68,22,22,0,46,5,0,0,4,37
S01007027,85 and over,26,4,3,1,22,3,0,0,0,19
S01007028,All HRPs,315,201,187,14,114,44,8,9,27,26
S01007028,24 and under,5,0,0,0,5,3,0,0,2,0
S01007028,25 to 34,15,8,8,0,7,6,0,1,0,0
S01007028,35 to 49,83,54,49,5,29,16,2,3,8,0
S01007028,50 to 64,119,82,76,6,37,13,5,4,12,3
S01007028,65 to 74,53,38,35,3,15,2,0,1,3,9
S01007028,75 to 84,34,17,17,0,17,3,1,0,2,11
S01007028,85 and over,6,2,2,0,4,1,0,0,0,3
S01007029,All HRPs,221,161,136,25,60,14,2,9,13,22
S01007029,24 and under,0,0,0,0,0,0,0,0,0,0
S01007029,25 to 34,13,10,8,2,3,3,0,0,0,0
S01007029,35 to 49,62,50,39,11,12,3,1,5,3,0
S01007029,50 to 64,67,57,46,11,10,3,0,2,4,1
S01007029,65 to 74,57,33,33,0,24,4,1,2,6,11
S01007029,75 to 84,17,8,8,0,9,1,0,0,0,8
S01007029,85 and over,5,3,2,1,2,0,0,0,0,2
S01007030,All HRPs,338,227,183,44,111,34,0,5,24,48
S01007030,24 and under,8,3,0,3,5,4,0,1,0,0
S01007030,25 to 34,34,27,12,15,7,7,0,0,0,0
S01007030,35 to 49,84,70,54,16,14,6,0,2,4,2
S01007030,50 to 64,100,69,63,6,31,9,0,2,14,6
S01007030,65 to 74,68,39,37,2,29,4,0,0,5,20
S01007030,75 to 84,37,16,14,2,21,4,0,0,1,16
S01007030,85 and over,7,3,3,0,4,0,0,0,0,4
S01007031,All HRPs,285,156,120,36,129,49,0,13,27,40
S01007031,24 and under,12,5,0,5,7,7,0,0,0,0
S01007031,25 to 34,39,21,10,11,18,16,0,0,2,0
S01007031,35 to 49,65,44,33,11,21,7,0,6,8,0
S01007031,50 to 64,74,48,43,5,26,9,0,5,8,4
S01007031,65 to 74,46,28,24,4,18,4,0,1,6,7
S01007031,75 to 84,31,9,9,0,22,3,0,0,2,17
S01007031,85 and over,18,1,1,0,17,3,0,1,1,12
S01007032,All HRPs,507,217,168,49,290,115,7,27,60,81
S01007032,24 and under,21,2,0,2,19,17,0,1,1,0
S01007032,25 to 34,66,37,19,18,29,28,0,1,0,0
S01007032,35 to 49,135,70,51,19,65,35,1,13,13,3
S01007032,50 to 64,115,57,50,7,58,17,3,9,26,3
S01007032,65 to 74,78,27,24,3,51,12,1,2,17,19
S01007032,75 to 84,62,18,18,0,44,5,2,1,2,34
S01007032,85 and over,30,6,6,0,24,1,0,0,1,22
S01007033,All HRPs,338,181,143,38,157,59,0,12,35,51
S01007033,24 and under,12,6,0,6,6,6,0,0,0,0
S01007033,25 to 34,37,21,9,12,16,14,0,0,0,2
S01007033,35 to 49,83,47,36,11,36,19,0,7,10,0
S01007033,50 to 64,107,64,56,8,43,10,0,5,18,10
S01007033,65 to 74,57,28,27,1,29,5,0,0,5,19
S01007033,75 to 84,26,13,13,0,13,3,0,0,2,8
S01007033,85 and over,16,2,2,0,14,2,0,0,0,12
S01007034,All HRPs,266,142,110,32,124,42,4,10,28,40
S01007034,24 and under,13,7,3,4,6,6,0,0,0,0
S01007034,25 to 34,36,23,12,11,13,12,1,0,0,0
S01007034,35 to 49,81,46,34,12,35,11,2,5,15,2
S01007034,50 to 64,71,43,38,5,28,7,0,4,9,8
S01007034,65 to 74,23,12,12,0,11,3,0,1,3,4
S01007034,75 to 84,30,7,7,0,23,3,1,0,1,18
S01007034,85 and over,12,4,4,0,8,0,0,0,0,8
S01007035,All HRPs,375,178,148,30,197,66,4,17,46,64
S01007035,24 and under,18,3,1,2,15,14,1,0,0,0
S01007035,25 to 34,55,31,16,15,24,20,0,3,1,0
S01007035,35 to 49,77,45,35,10,32,11,1,8,12,0
S01007035,50 to 64,98,52,50,2,46,14,0,5,15,12
S01007035,65 to 74,63,30,29,1,33,3,0,1,10,19
S01007035,75 to 84,53,14,14,0,39,4,2,0,6,27
S01007035,85 and over,11,3,3,0,8,0,0,0,2,6
S01007036,All HRPs,401,246,218,28,155,42,3,14,34,62
S01007036,24 and under,5,1,0,1,4,4,0,0,0,0
S01007036,25 to 34,32,23,15,8,9,7,0,2,0,0
S01007036,35 to 49,103,76,63,13,27,11,0,5,9,2
S01007036,50 to 64,129,84,78,6,45,12,2,7,16,8
S01007036,65 to 74,46,28,28,0,18,3,1,0,5,9
S01007036,75 to 84,55,27,27,0,28,4,0,0,1,23
S01007036,85 and over,31,7,7,0,24,1,0,0,3,20
S01007037,All HRPs,453,249,201,48,204,50,2,15,61,76
S01007037,24 and under,10,4,1,3,6,6,0,0,0,0
S01007037,25 to 34,56,38,22,16,18,13,0,2,3,0
S01007037,35 to 49,132,82,58,24,50,18,0,9,21,2
S01007037,50 to 64,97,62,58,4,35,7,1,2,20,5
S01007037,65 to 74,89,44,43,1,45,4,1,1,12,27
S01007037,75 to 84,43,14,14,0,29,1,0,1,4,23
S01007037,85 and over,26,5,5,0,21,1,0,0,1,19
S01007038,All HRPs,328,177,132,45,151,65,3,16,23,44
S01007038,24 and under,10,6,0,6,4,4,0,0,0,0
S01007038,25 to 34,47,25,8,17,22,20,1,1,0,0
S01007038,35 to 49,109,67,54,13,42,24,1,8,8,1
S01007038,50 to 64,85,55,47,8,30,5,1,3,12,9
S01007038,65 to 74,39,14,13,1,25,6,0,4,1,14
S01007038,75 to 84,25,7,7,0,18,5,0,0,2,11
S01007038,85 and over,13,3,3,0,10,1,0,0,0,9
S01007039,All HRPs,368,221,183,38,147,59,4,18,24,42
S01007039,24 and under,17,9,0,9,8,7,0,1,0,0
S01007039,25 to 34,46,34,21,13,12,10,0,0,2,0
S01007039,35 to 49,116,71,61,10,45,22,3,9,8,3
S01007039,50 to 64,94,58,52,6,36,12,1,7,8,8
S01007039,65 to 74,56,29,29,0,27,5,0,1,4,17
S01007039,75 to 84,30,19,19,0,11,1,0,0,2,8
S01007039,85 and over,9,1,1,0,8,2,0,0,0,6
S01007040,All HRPs,301,152,122,30,149,42,4,15,35,53
S01007040,24 and under,12,1,0,1,11,10,0,1,0,0
S01007040,25 to 34,32,20,8,12,12,9,1,2,0,0
S01007040,35 to 49,79,44,32,12,35,15,3,4,11,2
S01007040,50 to 64,78,48,43,5,30,5,0,2,19,4
S01007040,65 to 74,42,22,22,0,20,0,0,5,3,12
S01007040,75 to 84,53,16,16,0,37,3,0,0,1,33
S01007040,85 and over,5,1,1,0,4,0,0,1,1,2
S01007041,All HRPs,344,174,141,33,170,56,2,14,36,62
S01007041,24 and under,12,6,1,5,6,6,0,0,0,0
S01007041,25 to 34,35,20,10,10,15,13,0,2,0,0
S01007041,35 to 49,76,47,37,10,29,8,0,7,14,0
S01007041,50 to 64,108,66,58,8,42,15,0,3,18,6
S01007041,65 to 74,48,19,19,0,29,6,1,2,4,16
S01007041,75 to 84,45,15,15,0,30,6,1,0,0,23
S01007041,85 and over,20,1,1,0,19,2,0,0,0,17
S01007042,All HRPs,318,194,159,35,124,28,3,14,23,56
S01007042,24 and under,5,3,0,3,2,2,0,0,0,0
S01007042,25 to 34,31,23,8,15,8,7,0,1,0,0
S01007042,35 to 49,90,66,54,12,24,7,1,6,8,2
S01007042,50 to 64,82,59,56,3,23,3,0,7,10,3
S01007042,65 to 74,41,23,22,1,18,2,0,0,5,11
S01007042,75 to 84,46,16,15,1,30,4,2,0,0,24
S01007042,85 and over,23,4,4,0,19,3,0,0,0,16
S01007043,All HRPs,382,280,241,39,102,31,4,14,19,34
S01007043,24 and under,1,1,1,0,0,0,0,0,0,0
S01007043,25 to 34,31,23,16,7,8,5,1,2,0,0
S01007043,35 to 49,103,82,62,20,21,10,1,3,4,3
S01007043,50 to 64,163,128,118,10,35,8,2,9,11,5
S01007043,65 to 74,51,31,29,2,20,7,0,0,2,11
S01007043,75 to 84,26,12,12,0,14,1,0,0,1,12
S01007043,85 and over,7,3,3,0,4,0,0,0,1,3
S01007044,All HRPs,306,187,168,19,119,30,2,7,29,51
S01007044,24 and under,5,0,0,0,5,5,0,0,0,0
S01007044,25 to 34,22,15,9,6,7,7,0,0,0,0
S01007044,35 to 49,80,53,48,5,27,9,0,6,12,0
S01007044,50 to 64,84,62,56,6,22,4,1,0,12,5
S01007044,65 to 74,51,36,34,2,15,2,1,1,3,8
S01007044,75 to 84,45,19,19,0,26,2,0,0,1,23
S01007044,85 and over,19,2,2,0,17,1,0,0,1,15
S01007045,All HRPs,325,237,208,29,88,21,7,6,23,31
S01007045,24 and under,5,1,0,1,4,4,0,0,0,0
S01007045,25 to 34,22,20,14,6,2,2,0,0,0,0
S01007045,35 to 49,73,61,50,11,12,3,1,2,6,0
S01007045,50 to 64,133,104,98,6,29,4,3,2,14,6
S01007045,65 to 74,56,36,33,3,20,5,1,2,3,9
S01007045,75 to 84,28,13,11,2,15,2,2,0,0,11
S01007045,85 and over,8,2,2,0,6,1,0,0,0,5
S01007046,All HRPs,259,155,133,22,104,43,8,7,23,23
S01007046,24 and under,2,1,0,1,1,1,0,0,0,0
S01007046,25 to 34,21,13,9,4,8,6,1,0,1,0
S01007046,35 to 49,65,39,29,10,26,16,4,0,6,0
S01007046,50 to 64,102,67,61,6,35,14,2,4,11,4
S01007046,65 to 74,40,25,24,1,15,5,1,2,4,3
S01007046,75 to 84,19,8,8,0,11,1,0,1,1,8
S01007046,85 and over,10,2,2,0,8,0,0,0,0,8
S01007047,All HRPs,261,200,177,23,61,23,1,7,14,16
S01007047,24 and under,0,0,0,0,0,0,0,0,0,0
S01007047,25 to 34,18,15,11,4,3,3,0,0,0,0
S01007047,35 to 49,86,67,60,7,19,9,0,6,4,0
S01007047,50 to 64,82,73,64,9,9,4,0,0,3,2
S01007047,65 to 74,55,37,34,3,18,3,1,1,5,8
S01007047,75 to 84,13,6,6,0,7,1,0,0,2,4
S01007047,85 and over,7,2,2,0,5,3,0,0,0,2
S01007048,All HRPs,359,253,219,34,106,40,2,12,21,31
S01007048,24 and under,9,6,2,4,3,3,0,0,0,0
S01007048,25 to 34,15,12,6,6,3,3,0,0,0,0
S01007048,35 to 49,103,76,64,12,27,14,2,3,5,3
S01007048,50 to 64,127,97,89,8,30,11,0,5,10,4
S01007048,65 to 74,69,45,42,3,24,8,0,3,6,7
S01007048,75 to 84,26,12,11,1,14,0,0,1,0,13
S01007048,85 and over,10,5,5,0,5,1,0,0,0,4
S01007049,All HRPs,415,240,189,51,175,60,1,14,50,50
S01007049,24 and under,7,4,0,4,3,3,0,0,0,0
S01007049,25 to 34,49,29,14,15,20,16,1,2,0,1
S01007049,35 to 49,123,77,54,23,46,20,0,7,19,0
S01007049,50 to 64,117,79,72,7,38,10,0,4,19,5
S01007049,65 to 74,66,32,30,2,34,7,0,1,11,15
S01007049,75 to 84,37,16,16,0,21,1,0,0,0,20
S01007049,85 and over,16,3,3,0,13,3,0,0,1,9
S01007050,All HRPs,295,168,135,33,127,37,4,10,24,52
S01007050,24 and under,5,2,1,1,3,3,0,0,0,0
S01007050,25 to 34,34,25,11,14,9,8,0,0,1,0
S01007050,35 to 49,78,50,38,12,28,12,1,5,6,4
S01007050,50 to 64,81,51,45,6,30,6,2,2,11,9
S01007050,65 to 74,38,22,22,0,16,1,0,1,5,9
S01007050,75 to 84,44,15,15,0,29,6,0,2,1,20
S01007050,85 and over,15,3,3,0,12,1,1,0,0,10
S01007051,All HRPs,332,206,158,48,126,50,3,11,19,43
S01007051,24 and under,16,9,1,8,7,7,0,0,0,0
S01007051,25 to 34,47,34,16,18,13,12,0,1,0,0
S01007051,35 to 49,95,68,54,14,27,10,1,7,8,1
S01007051,50 to 64,87,58,52,6,29,11,2,1,8,7
S01007051,65 to 74,47,24,23,1,23,6,0,2,2,13
S01007051,75 to 84,26,12,11,1,14,1,0,0,1,12
S01007051,85 and over,14,1,1,0,13,3,0,0,0,10
S01007052,All HRPs,233,163,136,27,70,17,0,6,20,27
S01007052,24 and under,5,0,0,0,5,5,0,0,0,0
S01007052,25 to 34,22,18,11,7,4,4,0,0,0,0
S01007052,35 to 49,69,53,39,14,16,3,0,5,8,0
S01007052,50 to 64,74,62,57,5,12,2,0,1,5,4
S01007052,65 to 74,40,23,22,1,17,2,0,0,6,9
S01007052,75 to 84,17,6,6,0,11,1,0,0,1,9
S01007052,85 and over,6,1,1,0,5,0,0,0,0,5
S01007053,All HRPs,191,141,125,16,50,20,1,2,9,18
S01007053,24 and under,1,0,0,0,1,1,0,0,0,0
S01007053,25 to 34,13,11,9,2,2,2,0,0,0,0
S01007053,35 to 49,55,42,34,8,13,9,0,0,3,1
S01007053,50 to 64,72,56,52,4,16,6,1,2,3,4
S01007053,65 to 74,34,26,24,2,8,0,0,0,3,5
S01007053,75 to 84,11,5,5,0,6,2,0,0,0,4
S01007053,85 and over,5,1,1,0,4,0,0,0,0,4
S01007054,All HRPs,434,248,205,43,186,52,3,16,33,82
S01007054,24 and under,7,4,0,4,3,3,0,0,0,0
S01007054,25 to 34,46,29,14,15,17,15,0,2,0,0
S01007054,35 to 49,117,80,61,19,37,12,0,8,14,3
S01007054,50 to 64,109,75,71,4,34,9,2,2,15,6
S01007054,65 to 74,64,32,31,1,32,4,0,4,3,21
S01007054,75 to 84,59,19,19,0,40,5,1,0,1,33
S01007054,85 and over,32,9,9,0,23,4,0,0,0,19
S01007055,All HRPs,196,143,123,20,53,20,1,6,9,17
S01007055,24 and under,5,4,0,4,1,1,0,0,0,0
S01007055,25 to 34,15,12,10,2,3,2,0,0,0,1
S01007055,35 to 49,66,48,41,7,18,10,0,4,3,1
S01007055,50 to 64,70,53,47,6,17,2,1,2,5,7
S01007055,65 to 74,26,21,20,1,5,3,0,0,1,1
S01007055,75 to 84,12,5,5,0,7,2,0,0,0,5
S01007055,85 and over,2,0,0,0,2,0,0,0,0,2
S01007056,All HRPs,221,170,147,23,51,24,2,5,4,16
S01007056,24 and under,7,4,1,3,3,3,0,0,0,0
S01007056,25 to 34,16,12,11,1,4,2,2,0,0,0
S01007056,35 to 49,74,63,50,13,11,9,0,2,0,0
S01007056,50 to 64,81,64,58,6,17,7,0,2,3,5
S01007056,65 to 74,23,16,16,0,7,2,0,1,1,3
S01007056,75 to 84,15,9,9,0,6,0,0,0,0,6
S01007056,85 and over,5,2,2,0,3,1,0,0,0,2
S01007057,All HRPs,247,153,134,19,94,24,5,1,13,51
S01007057,24 and under,4,2,0,2,2,2,0,0,0,0
S01007057,25 to 34,17,12,5,7,5,5,0,0,0,0
S01007057,35 to 49,45,32,26,6,13,8,0,0,4,1
S01007057,50 to 64,74,56,54,2,18,6,0,1,3,8
S01007057,65 to 74,45,29,27,2,16,0,0,0,5,11
S01007057,75 to 84,45,16,16,0,29,3,4,0,1,21
S01007057,85 and over,17,6,6,0,11,0,1,0,0,10
S01007058,All HRPs,288,153,127,26,135,33,0,10,32,60
S01007058,24 and under,5,2,1,1,3,3,0,0,0,0
S01007058,25 to 34,21,16,5,11,5,5,0,0,0,0
S01007058,35 to 49,59,38,31,7,21,8,0,3,10,0
S01007058,50 to 64,68,43,37,6,25,5,0,4,10,6
S01007058,65 to 74,54,29,28,1,25,5,0,3,9,8
S01007058,75 to 84,55,20,20,0,35,4,0,0,2,29
S01007058,85 and over,26,5,5,0,21,3,0,0,1,17
S01007059,All HRPs,433,266,218,48,167,51,1,17,47,51
S01007059,24 and under,8,3,0,3,5,5,0,0,0,0
S01007059,25 to 34,57,39,17,22,18,14,0,0,4,0
S01007059,35 to 49,127,82,68,14,45,18,0,9,16,2
S01007059,50 to 64,116,76,69,7,40,9,1,7,20,3
S01007059,65 to 74,58,33,32,1,25,3,0,1,4,17
S01007059,75 to 84,44,27,26,1,17,1,0,0,3,13
S01007059,85 and over,23,6,6,0,17,1,0,0,0,16
S01007060,All HRPs,231,139,103,36,92,32,0,9,29,22
S01007060,24 and under,12,8,0,8,4,4,0,0,0,0
S01007060,25 to 34,28,15,4,11,13,13,0,0,0,0
S01007060,35 to 49,67,35,23,12,32,8,0,6,18,0
S01007060,50 to 64,67,48,45,3,19,4,0,1,9,5
S01007060,65 to 74,43,26,25,1,17,2,0,2,2,11
S01007060,75 to 84,12,6,5,1,6,1,0,0,0,5
S01007060,85 and over,2,1,1,0,1,0,0,0,0,1
S01007061,All HRPs,346,272,227,45,74,29,2,11,17,15
S01007061,24 and under,2,0,0,0,2,2,0,0,0,0
S01007061,25 to 34,35,30,19,11,5,1,1,3,0,0
S01007061,35 to 49,113,94,74,20,19,8,1,2,8,0
S01007061,50 to 64,140,110,103,7,30,15,0,4,9,2
S01007061,65 to 74,37,29,23,6,8,2,0,1,0,5
S01007061,75 to 84,17,9,8,1,8,1,0,1,0,6
S01007061,85 and over,2,0,0,0,2,0,0,0,0,2
S01007062,All HRPs,272,207,178,29,65,29,0,5,14,17
S01007062,24 and under,1,0,0,0,1,1,0,0,0,0
S01007062,25 to 34,25,21,13,8,4,4,0,0,0,0
S01007062,35 to 49,83,65,55,10,18,8,0,4,5,1
S01007062,50 to 64,101,82,75,7,19,10,0,0,5,4
S01007062,65 to 74,40,29,26,3,11,5,0,1,3,2
S01007062,75 to 84,19,10,9,1,9,1,0,0,1,7
S01007062,85 and over,3,0,0,0,3,0,0,0,0,3
S01007063,All HRPs,282,186,163,23,96,26,2,8,19,41
S01007063,24 and under,6,5,0,5,1,1,0,0,0,0
S01007063,25 to 34,19,13,7,6,6,4,0,1,1,0
S01007063,35 to 49,70,50,45,5,20,6,0,4,9,1
S01007063,50 to 64,100,80,74,6,20,7,1,2,6,4
S01007063,65 to 74,41,23,23,0,18,5,0,1,2,10
S01007063,75 to 84,33,14,13,1,19,0,1,0,0,18
S01007063,85 and over,13,1,1,0,12,3,0,0,1,8
S01007064,All HRPs,253,189,162,27,64,15,5,4,16,24
S01007064,24 and under,3,2,1,1,1,1,0,0,0,0
S01007064,25 to 34,14,11,5,6,3,2,0,1,0,0
S01007064,35 to 49,77,61,47,14,16,4,1,1,7,3
S01007064,50 to 64,108,82,79,3,26,6,3,2,6,9
S01007064,65 to 74,35,25,23,2,10,2,0,0,3,5
S01007064,75 to 84,11,6,5,1,5,0,1,0,0,4
S01007064,85 and over,5,2,2,0,3,0,0,0,0,3
S01007065,All HRPs,249,164,134,30,85,29,2,9,20,25
S01007065,24 and under,3,1,0,1,2,2,0,0,0,0
S01007065,25 to 34,21,12,8,4,9,4,0,2,3,0
S01007065,35 to 49,83,56,42,14,27,16,1,4,3,3
S01007065,50 to 64,82,58,48,10,24,5,0,3,11,5
S01007065,65 to 74,38,25,24,1,13,1,0,0,3,9
S01007065,75 to 84,16,10,10,0,6,1,0,0,0,5
S01007065,85 and over,6,2,2,0,4,0,1,0,0,3
S01007066,All HRPs,252,185,163,22,67,23,3,3,20,18
S01007066,24 and under,1,1,1,0,0,0,0,0,0,0
S01007066,25 to 34,15,13,9,4,2,1,0,0,0,1
S01007066,35 to 49,85,62,51,11,23,12,0,2,6,3
S01007066,50 to 64,100,79,72,7,21,4,3,1,11,2
S01007066,65 to 74,33,23,23,0,10,4,0,0,2,4
S01007066,75 to 84,12,7,7,0,5,1,0,0,1,3
S01007066,85 and over,6,0,0,0,6,1,0,0,0,5
S01007067,All HRPs,254,161,127,34,93,32,5,8,15,33
S01007067,24 and under,3,1,0,1,2,2,0,0,0,0
S01007067,25 to 34,34,19,5,14,15,11,2,1,0,1
S01007067,35 to 49,67,40,33,7,27,14,0,5,6,2
S01007067,50 to 64,82,67,57,10,15,3,1,2,5,4
S01007067,65 to 74,36,26,24,2,10,1,2,0,2,5
S01007067,75 to 84,24,7,7,0,17,1,0,0,2,14
S01007067,85 and over,8,1,1,0,7,0,0,0,0,7
S01007068,All HRPs,329,187,153,34,142,42,6,4,53,37
S01007068,24 and under,7,3,1,2,4,4,0,0,0,0
S01007068,25 to 34,27,14,10,4,13,8,1,1,3,0
S01007068,35 to 49,96,56,39,17,40,14,2,1,21,2
S01007068,50 to 64,102,68,58,10,34,8,1,2,16,7
S01007068,65 to 74,51,27,27,0,24,2,1,0,11,10
S01007068,75 to 84,28,14,14,0,14,1,1,0,1,11
S01007068,85 and over,18,5,4,1,13,5,0,0,1,7
S01007069,All HRPs,338,212,169,43,126,58,4,14,25,25
S01007069,24 and under,15,8,0,8,7,7,0,0,0,0
S01007069,25 to 34,58,35,19,16,23,17,1,5,0,0
S01007069,35 to 49,100,72,58,14,28,13,0,5,9,1
S01007069,50 to 64,95,58,53,5,37,13,2,4,13,5
S01007069,65 to 74,40,22,22,0,18,6,0,0,3,9
S01007069,75 to 84,23,14,14,0,9,2,1,0,0,6
S01007069,85 and over,7,3,3,0,4,0,0,0,0,4
S01007070,All HRPs,247,125,104,21,122,44,5,11,24,38
S01007070,24 and under,12,2,1,1,10,9,0,1,0,0
S01007070,25 to 34,33,19,12,7,14,8,1,0,5,0
S01007070,35 to 49,58,36,30,6,22,14,0,6,2,0
S01007070,50 to 64,77,45,41,4,32,6,1,3,11,11
S01007070,65 to 74,39,16,14,2,23,3,2,1,4,13
S01007070,75 to 84,23,7,6,1,16,3,1,0,2,10
S01007070,85 and over,5,0,0,0,5,1,0,0,0,4
S01007071,All HRPs,356,221,197,24,135,47,2,13,38,35
S01007071,24 and under,10,5,1,4,5,5,0,0,0,0
S01007071,25 to 34,49,36,27,9,13,9,0,3,1,0
S01007071,35 to 49,117,79,71,8,38,19,0,6,10,3
S01007071,50 to 64,106,69,66,3,37,7,1,2,21,6
S01007071,65 to 74,38,22,22,0,16,2,0,2,4,8
S01007071,75 to 84,28,9,9,0,19,4,1,0,2,12
S01007071,85 and over,8,1,1,0,7,1,0,0,0,6
S01007072,All HRPs,246,182,162,20,64,19,0,9,20,16
S01007072,24 and under,4,2,0,2,2,2,0,0,0,0
S01007072,25 to 34,22,18,15,3,4,4,0,0,0,0
S01007072,35 to 49,108,80,71,9,28,10,0,8,9,1
S01007072,50 to 64,74,55,50,5,19,2,0,1,11,5
S01007072,65 to 74,24,18,17,1,6,1,0,0,0,5
S01007072,75 to 84,12,9,9,0,3,0,0,0,0,3
S01007072,85 and over,2,0,0,0,2,0,0,0,0,2
S01007073,All HRPs,358,250,223,27,108,22,3,7,21,55
S01007073,24 and under,5,4,2,2,1,1,0,0,0,0
S01007073,25 to 34,34,26,18,8,8,8,0,0,0,0
S01007073,35 to 49,116,86,73,13,30,7,1,6,12,4
S01007073,50 to 64,93,73,70,3,20,3,0,1,7,9
S01007073,65 to 74,61,38,37,1,23,1,1,0,2,19
S01007073,75 to 84,37,19,19,0,18,0,1,0,0,17
S01007073,85 and over,12,4,4,0,8,2,0,0,0,6
S01007074,All HRPs,292,167,141,26,125,38,4,13,36,34
S01007074,24 and under,9,4,1,3,5,5,0,0,0,0
S01007074,25 to 34,44,21,12,9,23,16,1,4,2,0
S01007074,35 to 49,73,43,31,12,30,10,1,5,12,2
S01007074,50 to 64,108,67,66,1,41,6,2,4,15,14
S01007074,65 to 74,33,18,18,0,15,1,0,0,6,8
S01007074,75 to 84,22,13,12,1,9,0,0,0,1,8
S01007074,85 and over,3,1,1,0,2,0,0,0,0,2
S01007075,All HRPs,305,163,136,27,142,40,0,18,41,43
S01007075,24 and under,11,1,0,1,10,10,0,0,0,0
S01007075,25 to 34,43,29,13,16,14,8,0,5,1,0
S01007075,35 to 49,83,48,40,8,35,12,0,6,17,0
S01007075,50 to 64,85,53,51,2,32,5,0,6,12,9
S01007075,65 to 74,40,19,19,0,21,1,0,1,7,12
S01007075,75 to 84,38,13,13,0,25,4,0,0,4,17
S01007075,85 and over,5,0,0,0,5,0,0,0,0,5
S01007076,All HRPs,289,197,166,31,92,22,2,8,30,30
S01007076,24 and under,8,3,1,2,5,5,0,0,0,0
S01007076,25 to 34,34,26,15,11,8,5,0,3,0,0
S01007076,35 to 49,98,73,58,15,25,8,1,4,10,2
S01007076,50 to 64,100,70,67,3,30,3,0,1,17,9
S01007076,65 to 74,33,18,18,0,15,1,0,0,2,12
S01007076,75 to 84,14,6,6,0,8,0,1,0,1,6
S01007076,85 and over,2,1,1,0,1,0,0,0,0,1
S01007077,All HRPs,311,196,168,28,115,30,2,7,30,46
S01007077,24 and under,6,4,0,4,2,2,0,0,0,0
S01007077,25 to 34,27,14,6,8,13,11,1,0,1,0
S01007077,35 to 49,70,47,36,11,23,8,0,2,12,1
S01007077,50 to 64,99,65,62,3,34,5,0,4,13,12
S01007077,65 to 74,55,36,35,1,19,1,1,0,3,14
S01007077,75 to 84,45,27,26,1,18,2,0,0,1,15
S01007077,85 and over,9,3,3,0,6,1,0,1,0,4
S01007078,All HRPs,398,207,167,40,191,69,7,16,39,60
S01007078,24 and under,16,5,0,5,11,11,0,0,0,0
S01007078,25 to 34,47,26,11,15,21,16,0,3,2,0
S01007078,35 to 49,97,50,36,14,47,22,2,9,14,0
S01007078,50 to 64,104,63,59,4,41,13,3,2,14,9
S01007078,65 to 74,73,43,42,1,30,2,0,2,8,18
S01007078,75 to 84,45,19,18,1,26,4,2,0,0,20
S01007078,85 and over,16,1,1,0,15,1,0,0,1,13
S01007079,All HRPs,522,223,171,52,299,101,2,24,80,92
S01007079,24 and under,27,12,3,9,15,15,0,0,0,0
S01007079,25 to 34,72,37,17,20,35,30,0,4,1,0
S01007079,35 to 49,114,60,45,15,54,22,0,11,21,0
S01007079,50 to 64,111,55,47,8,56,11,0,7,30,8
S01007079,65 to 74,89,32,32,0,57,9,0,1,19,28
S01007079,75 to 84,80,19,19,0,61,9,2,1,8,41
S01007079,85 and over,29,8,8,0,21,5,0,0,1,15
S01007080,All HRPs,386,185,152,33,201,62,6,18,46,69
S01007080,24 and under,13,6,1,5,7,7,0,0,0,0
S01007080,25 to 34,46,21,10,11,25,20,2,1,2,0
S01007080,35 to 49,100,55,44,11,45,14,1,13,16,1
S01007080,50 to 64,86,44,38,6,42,12,0,2,25,3
S01007080,65 to 74,51,21,21,0,30,6,0,1,3,20
S01007080,75 to 84,62,32,32,0,30,2,1,1,0,26
S01007080,85 and over,28,6,6,0,22,1,2,0,0,19
S01007081,All HRPs,370,206,142,64,164,41,2,24,48,49
S01007081,24 and under,15,10,2,8,5,5,0,0,0,0
S01007081,25 to 34,70,52,24,28,18,9,0,6,2,1
S01007081,35 to 49,105,59,39,20,46,19,0,7,20,0
S01007081,50 to 64,102,56,49,7,46,5,1,9,24,7
S01007081,65 to 74,41,20,19,1,21,1,0,2,1,17
S01007081,75 to 84,30,9,9,0,21,1,1,0,1,18
S01007081,85 and over,7,0,0,0,7,1,0,0,0,6
S01007082,All HRPs,233,106,80,26,127,41,1,15,39,31
S01007082,24 and under,9,3,1,2,6,6,0,0,0,0
S01007082,25 to 34,34,22,7,15,12,9,0,2,1,0
S01007082,35 to 49,65,31,26,5,34,12,0,7,13,2
S01007082,50 to 64,77,37,33,4,40,7,1,6,18,8
S01007082,65 to 74,22,4,4,0,18,3,0,0,6,9
S01007082,75 to 84,19,9,9,0,10,4,0,0,0,6
S01007082,85 and over,7,0,0,0,7,0,0,0,1,6
S01007083,All HRPs,451,194,129,65,257,102,5,20,68,62
S01007083,24 and under,35,8,0,8,27,27,0,0,0,0
S01007083,25 to 34,76,50,17,33,26,19,2,1,4,0
S01007083,35 to 49,101,43,30,13,58,30,1,10,16,1
S01007083,50 to 64,104,39,31,8,65,14,0,6,34,11
S01007083,65 to 74,63,30,29,1,33,9,0,3,11,10
S01007083,75 to 84,57,22,21,1,35,2,2,0,3,28
S01007083,85 and over,15,2,1,1,13,1,0,0,0,12
S01007084,All HRPs,273,144,129,15,129,47,4,10,27,41
S01007084,24 and under,9,2,0,2,7,7,0,0,0,0
S01007084,25 to 34,29,19,12,7,10,9,0,1,0,0
S01007084,35 to 49,72,36,32,4,36,18,2,8,8,0
S01007084,50 to 64,61,43,42,1,18,0,2,1,11,4
S01007084,65 to 74,40,23,22,1,17,4,0,0,3,10
S01007084,75 to 84,51,18,18,0,33,5,0,0,5,23
S01007084,85 and over,11,3,3,0,8,4,0,0,0,4
S01007085,All HRPs,366,180,131,49,186,81,9,12,58,26
S01007085,24 and under,27,10,1,9,17,17,0,0,0,0
S01007085,25 to 34,64,38,20,18,26,22,1,1,1,1
S01007085,35 to 49,111,55,43,12,56,24,5,5,19,3
S01007085,50 to 64,97,44,35,9,53,12,2,6,31,2
S01007085,65 to 74,32,17,16,1,15,1,1,0,3,10
S01007085,75 to 84,26,12,12,0,14,4,0,0,2,8
S01007085,85 and over,9,4,4,0,5,1,0,0,2,2
S01007086,All HRPs,573,205,113,92,368,191,11,37,94,35
S01007086,24 and under,79,25,2,23,54,53,0,1,0,0
S01007086,25 to 34,120,64,31,33,56,45,1,6,4,0
S01007086,35 to 49,170,57,29,28,113,52,7,13,36,5
S01007086,50 to 64,131,43,35,8,88,26,2,16,39,5
S01007086,65 to 74,36,9,9,0,27,10,1,1,7,8
S01007086,75 to 84,28,5,5,0,23,4,0,0,7,12
S01007086,85 and over,9,2,2,0,7,1,0,0,1,5
S01007087,All HRPs,439,167,114,53,272,128,11,21,59,53
S01007087,24 and under,47,19,2,17,28,28,0,0,0,0
S01007087,25 to 34,75,32,14,18,43,38,0,1,4,0
S01007087,35 to 49,122,47,37,10,75,33,5,9,27,1
S01007087,50 to 64,97,40,32,8,57,18,4,6,14,15
S01007087,65 to 74,37,15,15,0,22,2,0,4,6,10
S01007087,75 to 84,46,13,13,0,33,7,2,1,7,16
S01007087,85 and over,15,1,1,0,14,2,0,0,1,11
S01007088,All HRPs,247,106,69,37,141,55,4,17,44,21
S01007088,24 and under,11,5,2,3,6,5,1,0,0,0
S01007088,25 to 34,47,23,10,13,24,22,0,2,0,0
S01007088,35 to 49,72,34,22,12,38,14,2,6,16,0
S01007088,50 to 64,71,26,17,9,45,8,1,9,21,6
S01007088,65 to 74,23,9,9,0,14,3,0,0,5,6
S01007088,75 to 84,18,8,8,0,10,3,0,0,2,5
S01007088,85 and over,5,1,1,0,4,0,0,0,0,4
S01007089,All HRPs,217,155,144,11,62,17,2,6,14,23
S01007089,24 and under,2,1,0,1,1,1,0,0,0,0
S01007089,25 to 34,18,15,8,7,3,3,0,0,0,0
S01007089,35 to 49,72,56,54,2,16,7,0,4,3,2
S01007089,50 to 64,67,49,48,1,18,2,2,1,9,4
S01007089,65 to 74,42,28,28,0,14,2,0,1,2,9
S01007089,75 to 84,15,6,6,0,9,2,0,0,0,7
S01007089,85 and over,1,0,0,0,1,0,0,0,0,1
S01007090,All HRPs,243,147,107,40,96,46,3,7,22,18
S01007090,24 and under,13,6,0,6,7,7,0,0,0,0
S01007090,25 to 34,45,25,9,16,20,16,2,1,1,0
S01007090,35 to 49,82,46,38,8,36,15,1,5,13,2
S01007090,50 to 64,62,42,32,10,20,8,0,0,5,7
S01007090,65 to 74,17,12,12,0,5,0,0,1,2,2
S01007090,75 to 84,22,15,15,0,7,0,0,0,0,7
S01007090,85 and over,2,1,1,0,1,0,0,0,1,0
S01007091,All HRPs,280,185,129,56,95,40,0,19,26,10
S01007091,24 and under,14,9,1,8,5,5,0,0,0,0
S01007091,25 to 34,57,42,21,21,15,13,0,2,0,0
S01007091,35 to 49,146,90,67,23,56,22,0,13,21,0
S01007091,50 to 64,45,32,28,4,13,0,0,3,4,6
S01007091,65 to 74,10,8,8,0,2,0,0,0,1,1
S01007091,75 to 84,8,4,4,0,4,0,0,1,0,3
S01007091,85 and over,0,0,0,0,0,0,0,0,0,0
S01007092,All HRPs,307,153,126,27,154,44,0,12,32,66
S01007092,24 and under,16,6,0,6,10,10,0,0,0,0
S01007092,25 to 34,29,16,9,7,13,11,0,1,1,0
S01007092,35 to 49,54,36,29,7,18,9,0,5,4,0
S01007092,50 to 64,85,50,44,6,35,4,0,5,18,8
S01007092,65 to 74,50,25,24,1,25,4,0,1,9,11
S01007092,75 to 84,48,17,17,0,31,4,0,0,0,27
S01007092,85 and over,25,3,3,0,22,2,0,0,0,20
S01007093,All HRPs,417,280,260,20,137,39,5,7,38,48
S01007093,24 and under,7,5,0,5,2,2,0,0,0,0
S01007093,25 to 34,36,21,17,4,15,13,2,0,0,0
S01007093,35 to 49,108,74,70,4,34,12,0,5,15,2
S01007093,50 to 64,144,114,109,5,30,9,1,2,13,5
S01007093,65 to 74,66,40,39,1,26,2,0,0,8,16
S01007093,75 to 84,44,21,21,0,23,1,2,0,1,19
S01007093,85 and over,12,5,4,1,7,0,0,0,1,6
S01007094,All HRPs,354,264,236,28,90,21,5,7,21,36
S01007094,24 and under,3,2,2,0,1,1,0,0,0,0
S01007094,25 to 34,32,28,21,7,4,4,0,0,0,0
S01007094,35 to 49,92,72,61,11,20,5,2,5,5,3
S01007094,50 to 64,114,92,84,8,22,6,0,2,11,3
S01007094,65 to 74,59,45,44,1,14,1,2,0,3,8
S01007094,75 to 84,47,24,23,1,23,2,1,0,2,18
S01007094,85 and over,7,1,1,0,6,2,0,0,0,4
S01007095,All HRPs,209,152,135,17,57,22,1,4,13,17
S01007095,24 and under,0,0,0,0,0,0,0,0,0,0
S01007095,25 to 34,19,11,8,3,8,8,0,0,0,0
S01007095,35 to 49,64,50,40,10,14,7,1,1,5,0
S01007095,50 to 64,77,57,55,2,20,6,0,1,8,5
S01007095,65 to 74,29,21,19,2,8,0,0,1,0,7
S01007095,75 to 84,18,12,12,0,6,0,0,1,0,5
S01007095,85 and over,2,1,1,0,1,1,0,0,0,0
S01007096,All HRPs,316,240,194,46,76,30,2,9,15,20
S01007096,24 and under,8,6,0,6,2,2,0,0,0,0
S01007096,25 to 34,48,39,21,18,9,8,0,1,0,0
S01007096,35 to 49,110,88,71,17,22,10,1,4,7,0
S01007096,50 to 64,86,65,64,1,21,7,1,3,7,3
S01007096,65 to 74,33,29,27,2,4,1,0,1,0,2
S01007096,75 to 84,17,9,7,2,8,1,0,0,1,6
S01007096,85 and over,14,4,4,0,10,1,0,0,0,9
S01007097,All HRPs,188,145,122,23,43,18,3,4,7,11
S01007097,24 and under,3,0,0,0,3,3,0,0,0,0
S01007097,25 to 34,32,20,12,8,12,8,1,3,0,0
S01007097,35 to 49,54,47,36,11,7,3,1,0,2,1
S01007097,50 to 64,65,55,51,4,10,1,1,1,4,3
S01007097,65 to 74,16,13,13,0,3,1,0,0,0,2
S01007097,75 to 84,15,9,9,0,6,1,0,0,1,4
S01007097,85 and over,3,1,1,0,2,1,0,0,0,1
S01007098,All HRPs,288,232,210,22,56,15,2,6,11,22
S01007098,24 and under,4,3,1,2,1,1,0,0,0,0
S01007098,25 to 34,32,28,23,5,4,4,0,0,0,0
S01007098,35 to 49,99,82,69,13,17,7,0,6,2,2
S01007098,50 to 64,93,80,78,2,13,2,1,0,7,3
S01007098,65 to 74,43,32,32,0,11,1,1,0,1,8
S01007098,75 to 84,14,7,7,0,7,0,0,0,1,6
S01007098,85 and over,3,0,0,0,3,0,0,0,0,3
S01007099,All HRPs,338,238,215,23,100,30,4,7,21,38
S01007099,24 and under,4,0,0,0,4,4,0,0,0,0
S01007099,25 to 34,45,41,33,8,4,3,0,0,1,0
S01007099,35 to 49,123,92,83,9,31,12,1,6,10,2
S01007099,50 to 64,86,69,65,4,17,5,1,1,5,5
S01007099,65 to 74,43,25,23,2,18,2,0,0,5,11
S01007099,75 to 84,28,9,9,0,19,4,2,0,0,13
S01007099,85 and over,9,2,2,0,7,0,0,0,0,7
S01007100,All HRPs,298,196,172,24,102,27,2,8,30,35
S01007100,24 and under,5,2,0,2,3,3,0,0,0,0
S01007100,25 to 34,22,13,6,7,9,8,0,1,0,0
S01007100,35 to 49,100,68,56,12,32,14,0,6,11,1
S01007100,50 to 64,94,73,70,3,21,1,1,1,14,4
S01007100,65 to 74,51,30,30,0,21,0,0,0,5,16
S01007100,75 to 84,21,7,7,0,14,1,1,0,0,12
S01007100,85 and over,5,3,3,0,2,0,0,0,0,2
S01007101,All HRPs,342,205,172,33,137,48,1,12,37,39
S01007101,24 and under,10,4,2,2,6,6,0,0,0,0
S01007101,25 to 34,45,25,9,16,20,18,0,2,0,0
S01007101,35 to 49,94,59,51,8,35,14,0,6,13,2
S01007101,50 to 64,108,80,73,7,28,4,0,3,17,4
S01007101,65 to 74,46,22,22,0,24,4,1,1,6,12
S01007101,75 to 84,34,15,15,0,19,1,0,0,1,17
S01007101,85 and over,5,0,0,0,5,1,0,0,0,4
S01007102,All HRPs,260,196,173,23,64,13,1,15,15,20
S01007102,24 and under,2,1,0,1,1,1,0,0,0,0
S01007102,25 to 34,13,8,7,1,5,5,0,0,0,0
S01007102,35 to 49,76,60,48,12,16,2,0,7,5,2
S01007102,50 to 64,100,78,71,7,22,2,1,7,8,4
S01007102,65 to 74,46,37,35,2,9,1,0,0,1,7
S01007102,75 to 84,17,11,11,0,6,1,0,1,0,4
S01007102,85 and over,6,1,1,0,5,1,0,0,1,3
S01007103,All HRPs,330,207,183,24,123,34,0,10,28,51
S01007103,24 and under,4,1,0,1,3,3,0,0,0,0
S01007103,25 to 34,33,22,15,7,11,8,0,1,2,0
S01007103,35 to 49,104,78,66,12,26,9,0,5,12,0
S01007103,50 to 64,94,67,63,4,27,7,0,3,7,10
S01007103,65 to 74,42,23,23,0,19,1,0,0,4,14
S01007103,75 to 84,39,13,13,0,26,3,0,1,3,19
S01007103,85 and over,14,3,3,0,11,3,0,0,0,8
S01007104,All HRPs,197,143,128,15,54,14,2,2,13,23
S01007104,24 and under,0,0,0,0,0,0,0,0,0,0
S01007104,25 to 34,21,16,12,4,5,3,0,0,2,0
S01007104,35 to 49,59,52,49,3,7,4,0,1,2,0
S01007104,50 to 64,58,40,33,7,18,4,0,0,5,9
S01007104,65 to 74,44,31,30,1,13,3,2,1,4,3
S01007104,75 to 84,11,3,3,0,8,0,0,0,0,8
S01007104,85 and over,4,1,1,0,3,0,0,0,0,3
S01007105,All HRPs,238,134,120,14,104,33,4,7,18,42
S01007105,24 and under,9,4,1,3,5,4,0,1,0,0
S01007105,25 to 34,28,16,12,4,12,8,1,3,0,0
S01007105,35 to 49,52,42,37,5,10,2,0,2,4,2
S01007105,50 to 64,60,37,35,2,23,6,1,1,7,8
S01007105,65 to 74,40,21,21,0,19,5,0,0,6,8
S01007105,75 to 84,38,11,11,0,27,7,0,0,1,19
S01007105,85 and over,11,3,3,0,8,1,2,0,0,5
S01007106,All HRPs,319,181,163,18,138,33,3,14,40,48
S01007106,24 and under,7,2,1,1,5,5,0,0,0,0
S01007106,25 to 34,29,14,9,5,15,11,0,4,0,0
S01007106,35 to 49,70,43,35,8,27,5,1,5,13,3
S01007106,50 to 64,109,74,71,3,35,7,1,2,18,7
S01007106,65 to 74,49,30,30,0,19,1,0,3,4,11
S01007106,75 to 84,39,13,12,1,26,2,1,0,5,18
S01007106,85 and over,16,5,5,0,11,2,0,0,0,9
S01007107,All HRPs,256,201,178,23,55,18,1,5,11,20
S01007107,24 and under,1,1,0,1,0,0,0,0,0,0
S01007107,25 to 34,23,19,15,4,4,3,0,0,1,0
S01007107,35 to 49,79,65,54,11,14,6,1,4,2,1
S01007107,50 to 64,95,80,75,5,15,3,0,1,8,3
S01007107,65 to 74,31,24,22,2,7,2,0,0,0,5
S01007107,75 to 84,20,11,11,0,9,3,0,0,0,6
S01007107,85 and over,7,1,1,0,6,1,0,0,0,5
S01007108,All HRPs,226,164,144,20,62,24,2,3,13,20
S01007108,24 and under,5,3,0,3,2,2,0,0,0,0
S01007108,25 to 34,14,9,6,3,5,5,0,0,0,0
S01007108,35 to 49,72,56,50,6,16,8,0,0,5,3
S01007108,50 to 64,74,57,51,6,17,3,1,3,8,2
S01007108,65 to 74,35,26,25,1,9,4,0,0,0,5
S01007108,75 to 84,19,11,11,0,8,2,1,0,0,5
S01007108,85 and over,7,2,1,1,5,0,0,0,0,5
S01007109,All HRPs,371,201,163,38,170,47,6,20,45,52
S01007109,24 and under,11,7,1,6,4,3,0,1,0,0
S01007109,25 to 34,56,29,18,11,27,18,2,3,4,0
S01007109,35 to 49,102,61,46,15,41,18,1,7,15,0
S01007109,50 to 64,97,59,54,5,38,6,0,5,19,8
S01007109,65 to 74,59,32,31,1,27,1,2,4,7,13
S01007109,75 to 84,32,9,9,0,23,1,1,0,0,21
S01007109,85 and over,14,4,4,0,10,0,0,0,0,10
S01007110,All HRPs,324,192,153,39,132,37,3,12,33,47
S01007110,24 and under,11,5,0,5,6,6,0,0,0,0
S01007110,25 to 34,50,36,19,17,14,12,0,1,1,0
S01007110,35 to 49,93,65,54,11,28,8,2,6,10,2
S01007110,50 to 64,85,54,48,6,31,7,1,3,13,7
S01007110,65 to 74,43,20,20,0,23,1,0,1,8,13
S01007110,75 to 84,36,12,12,0,24,3,0,1,1,19
S01007110,85 and over,6,0,0,0,6,0,0,0,0,6
S01007111,All HRPs,225,148,130,18,77,24,2,4,23,24
S01007111,24 and under,6,4,0,4,2,2,0,0,0,0
S01007111,25 to 34,20,14,11,3,6,5,0,1,0,0
S01007111,35 to 49,60,42,39,3,18,7,2,2,7,0
S01007111,50 to 64,70,49,44,5,21,5,0,0,14,2
S01007111,65 to 74,37,27,24,3,10,1,0,0,2,7
S01007111,75 to 84,25,12,12,0,13,4,0,1,0,8
S01007111,85 and over,7,0,0,0,7,0,0,0,0,7
S01007112,All HRPs,214,164,153,11,50,10,3,1,13,23
S01007112,24 and under,3,1,0,1,2,2,0,0,0,0
S01007112,25 to 34,10,6,4,2,4,3,0,0,1,0
S01007112,35 to 49,44,37,33,4,7,1,1,1,4,0
S01007112,50 to 64,77,64,61,3,13,3,1,0,6,3
S01007112,65 to 74,49,37,37,0,12,1,0,0,1,10
S01007112,75 to 84,26,18,17,1,8,0,1,0,1,6
S01007112,85 and over,5,1,1,0,4,0,0,0,0,4
S01007113,All HRPs,231,137,124,13,94,47,2,5,15,25
S01007113,24 and under,3,1,0,1,2,2,0,0,0,0
S01007113,25 to 34,33,15,10,5,18,18,0,0,0,0
S01007113,35 to 49,58,33,30,3,25,16,0,3,6,0
S01007113,50 to 64,61,48,44,4,13,4,1,1,6,1
S01007113,65 to 74,37,26,26,0,11,1,0,1,2,7
S01007113,75 to 84,30,11,11,0,19,4,0,0,1,14
S01007113,85 and over,9,3,3,0,6,2,1,0,0,3
S01007114,All HRPs,378,243,212,31,135,39,2,14,24,56
S01007114,24 and under,10,3,2,1,7,6,0,0,0,1
S01007114,25 to 34,38,24,14,10,14,13,0,0,1,0
S01007114,35 to 49,112,82,71,11,30,13,1,6,10,0
S01007114,50 to 64,90,65,58,7,25,4,0,4,9,8
S01007114,65 to 74,60,41,39,2,19,1,0,2,2,14
S01007114,75 to 84,51,26,26,0,25,1,1,2,1,20
S01007114,85 and over,17,2,2,0,15,1,0,0,1,13
S01007115,All HRPs,257,176,157,19,81,10,3,7,11,50
S01007115,24 and under,1,0,0,0,1,1,0,0,0,0
S01007115,25 to 34,20,17,10,7,3,3,0,0,0,0
S01007115,35 to 49,69,61,55,6,8,0,1,4,2,1
S01007115,50 to 64,85,62,56,6,23,2,1,3,7,10
S01007115,65 to 74,35,28,28,0,7,0,0,0,1,6
S01007115,75 to 84,24,7,7,0,17,3,0,0,1,13
S01007115,85 and over,23,1,1,0,22,1,1,0,0,20
S01007116,All HRPs,315,278,256,22,37,10,0,2,11,14
S01007116,24 and under,4,3,2,1,1,1,0,0,0,0
S01007116,25 to 34,43,38,32,6,5,4,0,0,1,0
S01007116,35 to 49,152,144,133,11,8,3,0,1,3,1
S01007116,50 to 64,77,64,61,3,13,1,0,1,5,6
S01007116,65 to 74,30,22,21,1,8,1,0,0,2,5
S01007116,75 to 84,8,7,7,0,1,0,0,0,0,1
S01007116,85 and over,1,0,0,0,1,0,0,0,0,1
S01007117,All HRPs,177,145,137,8,32,5,0,4,7,16
S01007117,24 and under,1,0,0,0,1,1,0,0,0,0
S01007117,25 to 34,6,4,3,1,2,2,0,0,0,0
S01007117,35 to 49,55,42,37,5,13,1,0,3,5,4
S01007117,50 to 64,65,63,61,2,2,0,0,0,2,0
S01007117,65 to 74,24,21,21,0,3,0,0,0,0,3
S01007117,75 to 84,21,12,12,0,9,0,0,1,0,8
S01007117,85 and over,5,3,3,0,2,1,0,0,0,1
S01007118,All HRPs,282,140,97,43,142,52,1,19,51,19
S01007118,24 and under,18,9,1,8,9,9,0,0,0,0
S01007118,25 to 34,54,33,16,17,21,16,1,3,1,0
S01007118,35 to 49,97,45,30,15,52,13,0,13,23,3
S01007118,50 to 64,68,34,31,3,34,7,0,3,18,6
S01007118,65 to 74,32,14,14,0,18,7,0,0,7,4
S01007118,75 to 84,10,4,4,0,6,0,0,0,2,4
S01007118,85 and over,3,1,1,0,2,0,0,0,0,2
S01007119,All HRPs,330,188,153,35,142,33,3,15,47,44
S01007119,24 and under,7,4,2,2,3,2,0,1,0,0
S01007119,25 to 34,49,32,14,18,17,13,0,2,2,0
S01007119,35 to 49,94,56,42,14,38,13,0,9,14,2
S01007119,50 to 64,109,62,61,1,47,3,2,3,24,15
S01007119,65 to 74,45,24,24,0,21,2,0,0,6,13
S01007119,75 to 84,19,10,10,0,9,0,1,0,1,7
S01007119,85 and over,7,0,0,0,7,0,0,0,0,7
S01007120,All HRPs,483,256,192,64,227,101,4,25,49,48
S01007120,24 and under,27,14,2,12,13,13,0,0,0,0
S01007120,25 to 34,81,40,17,23,41,33,0,4,4,0
S01007120,35 to 49,150,76,55,21,74,39,1,12,18,4
S01007120,50 to 64,123,80,73,7,43,12,3,6,15,7
S01007120,65 to 74,61,32,31,1,29,1,0,2,9,17
S01007120,75 to 84,35,14,14,0,21,3,0,1,3,14
S01007120,85 and over,6,0,0,0,6,0,0,0,0,6
S01007121,All HRPs,294,94,78,16,200,56,6,12,34,92
S01007121,24 and under,16,4,2,2,12,11,0,0,0,1
S01007121,25 to 34,33,13,7,6,20,17,1,1,1,0
S01007121,35 to 49,54,28,25,3,26,8,4,6,8,0
S01007121,50 to 64,53,21,16,5,32,5,1,4,18,4
S01007121,65 to 74,39,15,15,0,24,7,0,1,4,12
S01007121,75 to 84,62,11,11,0,51,6,0,0,2,43
S01007121,85 and over,37,2,2,0,35,2,0,0,1,32
S01007122,All HRPs,287,136,117,19,151,69,4,10,35,33
S01007122,24 and under,9,2,1,1,7,7,0,0,0,0
S01007122,25 to 34,33,13,7,6,20,19,0,0,1,0
S01007122,35 to 49,78,44,35,9,34,23,1,3,7,0
S01007122,50 to 64,92,50,47,3,42,9,1,2,23,7
S01007122,65 to 74,30,14,14,0,16,4,0,5,3,4
S01007122,75 to 84,29,8,8,0,21,6,2,0,1,12
S01007122,85 and over,16,5,5,0,11,1,0,0,0,10
S01007123,All HRPs,313,160,127,33,153,51,3,13,34,52
S01007123,24 and under,13,4,0,4,9,9,0,0,0,0
S01007123,25 to 34,42,19,7,12,23,19,1,1,2,0
S01007123,35 to 49,72,46,31,15,26,11,1,7,6,1
S01007123,50 to 64,77,43,41,2,34,6,1,4,17,6
S01007123,65 to 74,47,28,28,0,19,2,0,1,6,10
S01007123,75 to 84,45,16,16,0,29,2,0,0,3,24
S01007123,85 and over,17,4,4,0,13,2,0,0,0,11
S01007124,All HRPs,380,240,190,50,140,44,5,12,31,48
S01007124,24 and under,6,3,2,1,3,3,0,0,0,0
S01007124,25 to 34,65,43,22,21,22,17,0,4,1,0
S01007124,35 to 49,92,65,51,14,27,8,1,8,10,0
S01007124,50 to 64,112,73,63,10,39,9,4,0,17,9
S01007124,65 to 74,42,30,28,2,12,3,0,0,2,7
S01007124,75 to 84,41,21,19,2,20,3,0,0,1,16
S01007124,85 and over,22,5,5,0,17,1,0,0,0,16
S01007125,All HRPs,351,189,159,30,162,63,7,12,27,53
S01007125,24 and under,14,7,3,4,7,7,0,0,0,0
S01007125,25 to 34,62,33,20,13,29,23,0,2,4,0
S01007125,35 to 49,93,56,46,10,37,22,3,5,6,1
S01007125,50 to 64,90,50,47,3,40,9,4,5,13,9
S01007125,65 to 74,49,28,28,0,21,1,0,0,3,17
S01007125,75 to 84,33,14,14,0,19,1,0,0,1,17
S01007125,85 and over,10,1,1,0,9,0,0,0,0,9
S01007126,All HRPs,399,173,129,44,226,91,4,24,72,35
S01007126,24 and under,28,9,2,7,19,18,0,1,0,0
S01007126,25 to 34,65,43,30,13,22,17,1,0,4,0
S01007126,35 to 49,137,61,40,21,76,35,1,16,24,0
S01007126,50 to 64,99,42,39,3,57,12,2,5,30,8
S01007126,65 to 74,37,8,8,0,29,5,0,2,11,11
S01007126,75 to 84,27,8,8,0,19,4,0,0,3,12
S01007126,85 and over,6,2,2,0,4,0,0,0,0,4
S01007127,All HRPs,446,199,129,70,247,102,9,25,63,48
S01007127,24 and under,18,7,1,6,11,11,0,0,0,0
S01007127,25 to 34,112,66,27,39,46,38,5,2,1,0
S01007127,35 to 49,140,55,36,19,85,33,3,13,35,1
S01007127,50 to 64,106,50,44,6,56,13,1,6,23,13
S01007127,65 to 74,30,10,10,0,20,2,0,4,4,10
S01007127,75 to 84,28,8,8,0,20,5,0,0,0,15
S01007127,85 and over,12,3,3,0,9,0,0,0,0,9
S01007128,All HRPs,411,190,152,38,221,74,2,15,53,77
S01007128,24 and under,13,7,1,6,6,6,0,0,0,0
S01007128,25 to 34,64,35,17,18,29,25,0,3,1,0
S01007128,35 to 49,70,38,33,5,32,13,2,5,11,1
S01007128,50 to 64,119,58,51,7,61,16,0,6,24,15
S01007128,65 to 74,80,36,35,1,44,8,0,1,10,25
S01007128,75 to 84,47,11,10,1,36,4,0,0,5,27
S01007128,85 and over,18,5,5,0,13,2,0,0,2,9
S01007129,All HRPs,374,280,239,41,94,36,4,13,16,25
S01007129,24 and under,1,1,0,1,0,0,0,0,0,0
S01007129,25 to 34,23,17,11,6,6,6,0,0,0,0
S01007129,35 to 49,151,114,99,15,37,20,1,7,8,1
S01007129,50 to 64,122,100,85,15,22,5,2,6,5,4
S01007129,65 to 74,48,34,32,2,14,4,1,0,2,7
S01007129,75 to 84,23,13,11,2,10,1,0,0,1,8
S01007129,85 and over,6,1,1,0,5,0,0,0,0,5
S01007130,All HRPs,280,166,141,25,114,36,3,6,18,51
S01007130,24 and under,8,4,1,3,4,2,0,0,0,2
S01007130,25 to 34,24,18,11,7,6,4,0,2,0,0
S01007130,35 to 49,63,41,35,6,22,11,0,2,6,3
S01007130,50 to 64,76,51,43,8,25,9,3,2,9,2
S01007130,65 to 74,53,32,31,1,21,3,0,0,3,15
S01007130,75 to 84,45,19,19,0,26,5,0,0,0,21
S01007130,85 and over,11,1,1,0,10,2,0,0,0,8
S01007131,All HRPs,341,220,196,24,121,30,2,9,23,57
S01007131,24 and under,4,1,0,1,3,3,0,0,0,0
S01007131,25 to 34,14,10,9,1,4,2,0,1,1,0
S01007131,35 to 49,86,66,56,10,20,10,1,4,4,1
S01007131,50 to 64,121,91,81,10,30,6,0,2,12,10
S01007131,65 to 74,54,28,27,1,26,5,1,2,2,16
S01007131,75 to 84,36,18,17,1,18,1,0,0,3,14
S01007131,85 and over,26,6,6,0,20,3,0,0,1,16
S01007132,All HRPs,297,205,185,20,92,22,1,15,20,34
S01007132,24 and under,2,0,0,0,2,2,0,0,0,0
S01007132,25 to 34,10,9,2,7,1,1,0,0,0,0
S01007132,35 to 49,77,57,51,6,20,3,0,10,7,0
S01007132,50 to 64,110,76,69,7,34,13,0,4,12,5
S01007132,65 to 74,45,31,31,0,14,2,0,1,1,10
S01007132,75 to 84,45,29,29,0,16,0,1,0,0,15
S01007132,85 and over,8,3,3,0,5,1,0,0,0,4
S01007133,All HRPs,262,190,166,24,72,18,3,10,19,22
S01007133,24 and under,1,0,0,0,1,1,0,0,0,0
S01007133,25 to 34,21,14,6,8,7,5,0,2,0,0
S01007133,35 to 49,77,60,48,12,17,6,2,6,3,0
S01007133,50 to 64,98,74,70,4,24,6,0,2,12,4
S01007133,65 to 74,38,29,29,0,9,0,0,0,4,5
S01007133,75 to 84,24,12,12,0,12,0,1,0,0,11
S01007133,85 and over,3,1,1,0,2,0,0,0,0,2
S01007134,All HRPs,317,206,169,37,111,36,1,13,22,39
S01007134,24 and under,4,2,0,2,2,2,0,0,0,0
S01007134,25 to 34,19,14,5,9,5,4,0,1,0,0
S01007134,35 to 49,90,64,50,14,26,13,1,7,2,3
S01007134,50 to 64,116,88,78,10,28,6,0,2,14,6
S01007134,65 to 74,38,22,20,2,16,3,0,1,6,6
S01007134,75 to 84,34,12,12,0,22,5,0,2,0,15
S01007134,85 and over,16,4,4,0,12,3,0,0,0,9
S01007135,All HRPs,221,154,127,27,67,29,1,3,13,21
S01007135,24 and under,1,0,0,0,1,1,0,0,0,0
S01007135,25 to 34,16,11,9,2,5,4,0,0,1,0
S01007135,35 to 49,69,55,41,14,14,11,0,1,1,1
S01007135,50 to 64,80,58,49,9,22,6,0,2,8,6
S01007135,65 to 74,25,16,15,1,9,2,1,0,2,4
S01007135,75 to 84,27,13,12,1,14,5,0,0,1,8
S01007135,85 and over,3,1,1,0,2,0,0,0,0,2
S01007136,All HRPs,185,155,145,10,30,4,0,10,8,8
S01007136,24 and under,1,1,1,0,0,0,0,0,0,0
S01007136,25 to 34,9,8,6,2,1,0,0,1,0,0
S01007136,35 to 49,69,59,54,5,10,3,0,4,3,0
S01007136,50 to 64,71,61,59,2,10,0,0,3,5,2
S01007136,65 to 74,25,18,17,1,7,1,0,2,0,4
S01007136,75 to 84,7,7,7,0,0,0,0,0,0,0
S01007136,85 and over,3,1,1,0,2,0,0,0,0,2
S01007137,All HRPs,248,208,182,26,40,13,1,5,17,4
S01007137,24 and under,2,0,0,0,2,2,0,0,0,0
S01007137,25 to 34,27,21,16,5,6,5,0,0,1,0
S01007137,35 to 49,144,124,109,15,20,5,0,5,10,0
S01007137,50 to 64,63,54,48,6,9,1,1,0,6,1
S01007137,65 to 74,9,7,7,0,2,0,0,0,0,2
S01007137,75 to 84,3,2,2,0,1,0,0,0,0,1
S01007137,85 and over,0,0,0,0,0,0,0,0,0,0
S01007138,All HRPs,243,173,150,23,70,20,0,6,24,20
S01007138,24 and under,1,0,0,0,1,1,0,0,0,0
S01007138,25 to 34,22,15,11,4,7,7,0,0,0,0
S01007138,35 to 49,70,59,50,9,11,3,0,2,6,0
S01007138,50 to 64,89,63,55,8,26,7,0,4,12,3
S01007138,65 to 74,37,23,21,2,14,1,0,0,5,8
S01007138,75 to 84,21,12,12,0,9,1,0,0,1,7
S01007138,85 and over,3,1,1,0,2,0,0,0,0,2
S01007139,All HRPs,324,231,200,31,93,26,1,7,28,31
S01007139,24 and under,2,1,0,1,1,1,0,0,0,0
S01007139,25 to 34,20,12,10,2,8,5,0,1,2,0
S01007139,35 to 49,113,86,66,20,27,10,1,4,11,1
S01007139,50 to 64,95,73,68,5,22,5,0,2,10,5
S01007139,65 to 74,47,34,32,2,13,0,0,0,3,10
S01007139,75 to 84,37,24,23,1,13,4,0,0,2,7
S01007139,85 and over,10,1,1,0,9,1,0,0,0,8
S01007140,All HRPs,405,286,252,34,119,30,3,17,25,44
S01007140,24 and under,3,2,2,0,1,1,0,0,0,0
S01007140,25 to 34,26,17,12,5,9,6,0,2,1,0
S01007140,35 to 49,121,89,71,18,32,12,1,7,12,0
S01007140,50 to 64,142,112,101,11,30,5,2,5,8,10
S01007140,65 to 74,78,55,55,0,23,5,0,3,4,11
S01007140,75 to 84,29,10,10,0,19,1,0,0,0,18
S01007140,85 and over,6,1,1,0,5,0,0,0,0,5
S01007141,All HRPs,249,191,172,19,58,8,4,4,15,27
S01007141,24 and under,1,1,0,1,0,0,0,0,0,0
S01007141,25 to 34,21,18,13,5,3,1,2,0,0,0
S01007141,35 to 49,69,58,53,5,11,4,0,1,5,1
S01007141,50 to 64,94,78,72,6,16,2,2,2,4,6
S01007141,65 to 74,36,25,23,2,11,1,0,0,4,6
S01007141,75 to 84,21,10,10,0,11,0,0,1,2,8
S01007141,85 and over,7,1,1,0,6,0,0,0,0,6
S01007142,All HRPs,153,139,128,11,14,4,0,3,5,2
S01007142,24 and under,0,0,0,0,0,0,0,0,0,0
S01007142,25 to 34,14,12,10,2,2,2,0,0,0,0
S01007142,35 to 49,100,94,85,9,6,1,0,2,3,0
S01007142,50 to 64,36,32,32,0,4,1,0,1,2,0
S01007142,65 to 74,3,1,1,0,2,0,0,0,0,2
S01007142,75 to 84,0,0,0,0,0,0,0,0,0,0
S01007142,85 and over,0,0,0,0,0,0,0,0,0,0
S01007143,All HRPs,203,180,159,21,23,8,0,4,9,2
S01007143,24 and under,2,2,0,2,0,0,0,0,0,0
S01007143,25 to 34,41,33,29,4,8,5,0,3,0,0
S01007143,35 to 49,117,109,95,14,8,1,0,1,5,1
S01007143,50 to 64,34,29,28,1,5,1,0,0,3,1
S01007143,65 to 74,6,5,5,0,1,0,0,0,1,0
S01007143,75 to 84,3,2,2,0,1,1,0,0,0,0
S01007143,85 and over,0,0,0,0,0,0,0,0,0,0
S01007144,All HRPs,240,160,131,29,80,30,4,4,21,21
S01007144,24 and under,4,1,0,1,3,3,0,0,0,0
S01007144,25 to 34,24,15,8,7,9,7,2,0,0,0
S01007144,35 to 49,74,52,38,14,22,11,1,3,6,1
S01007144,50 to 64,78,56,51,5,22,4,1,1,13,3
S01007144,65 to 74,36,27,26,1,9,2,0,0,2,5
S01007144,75 to 84,22,8,7,1,14,3,0,0,0,11
S01007144,85 and over,2,1,1,0,1,0,0,0,0,1
S01007145,All HRPs,408,255,229,26,153,42,2,7,28,74
S01007145,24 and under,6,1,0,1,5,5,0,0,0,0
S01007145,25 to 34,19,15,6,9,4,3,0,0,1,0
S01007145,35 to 49,83,58,51,7,25,13,0,2,9,1
S01007145,50 to 64,123,92,85,7,31,12,0,3,13,3
S01007145,65 to 74,73,46,46,0,27,3,0,2,4,18
S01007145,75 to 84,80,33,31,2,47,4,1,0,1,41
S01007145,85 and over,24,10,10,0,14,2,1,0,0,11
S01007146,All HRPs,334,192,170,22,142,34,2,11,36,59
S01007146,24 and under,6,3,0,3,3,1,0,0,0,2
S01007146,25 to 34,24,14,9,5,10,10,0,0,0,0
S01007146,35 to 49,78,49,43,6,29,11,0,6,12,0
S01007146,50 to 64,100,71,64,7,29,10,0,3,12,4
S01007146,65 to 74,55,28,27,1,27,1,1,2,10,13
S01007146,75 to 84,55,22,22,0,33,1,1,0,2,29
S01007146,85 and over,16,5,5,0,11,0,0,0,0,11
S01007147,All HRPs,305,207,189,18,98,24,1,8,28,37
S01007147,24 and under,3,3,0,3,0,0,0,0,0,0
S01007147,25 to 34,19,13,10,3,6,5,0,1,0,0
S01007147,35 to 49,70,46,42,4,24,8,0,4,11,1
S01007147,50 to 64,100,79,72,7,21,5,0,2,8,6
S01007147,65 to 74,60,40,39,1,20,2,0,1,6,11
S01007147,75 to 84,49,25,25,0,24,4,1,0,3,16
S01007147,85 and over,4,1,1,0,3,0,0,0,0,3
S01007148,All HRPs,204,157,145,12,47,11,1,10,10,15
S01007148,24 and under,1,0,0,0,1,1,0,0,0,0
S01007148,25 to 34,14,10,7,3,4,2,0,2,0,0
S01007148,35 to 49,57,43,37,6,14,3,0,4,5,2
S01007148,50 to 64,76,64,62,2,12,4,0,3,3,2
S01007148,65 to 74,33,29,29,0,4,1,0,0,1,2
S01007148,75 to 84,21,11,10,1,10,0,1,1,1,7
S01007148,85 and over,2,0,0,0,2,0,0,0,0,2
S01007149,All HRPs,237,170,161,9,67,17,0,5,16,29
S01007149,24 and under,2,1,0,1,1,1,0,0,0,0
S01007149,25 to 34,7,3,2,1,4,3,0,1,0,0
S01007149,35 to 49,48,36,35,1,12,4,0,1,7,0
S01007149,50 to 64,85,66,61,5,19,7,0,3,6,3
S01007149,65 to 74,60,45,45,0,15,1,0,0,2,12
S01007149,75 to 84,28,16,15,1,12,1,0,0,1,10
S01007149,85 and over,7,3,3,0,4,0,0,0,0,4
S01007150,All HRPs,350,214,198,16,136,24,4,9,17,82
S01007150,24 and under,4,3,0,3,1,1,0,0,0,0
S01007150,25 to 34,15,7,2,5,8,6,0,2,0,0
S01007150,35 to 49,38,28,24,4,10,4,0,2,3,1
S01007150,50 to 64,94,73,70,3,21,7,0,2,6,6
S01007150,65 to 74,85,50,50,0,35,3,0,2,5,25
S01007150,75 to 84,84,42,41,1,42,2,2,1,3,34
S01007150,85 and over,30,11,11,0,19,1,2,0,0,16
S01007151,All HRPs,331,237,212,25,94,20,1,11,27,35
S01007151,24 and under,1,1,0,1,0,0,0,0,0,0
S01007151,25 to 34,23,17,8,9,6,5,0,1,0,0
S01007151,35 to 49,112,87,77,10,25,9,0,8,7,1
S01007151,50 to 64,105,80,78,2,25,3,0,0,13,9
S01007151,65 to 74,53,37,35,2,16,2,0,1,4,9
S01007151,75 to 84,33,14,13,1,19,1,1,1,3,13
S01007151,85 and over,4,1,1,0,3,0,0,0,0,3
S01007152,All HRPs,237,150,131,19,87,24,0,7,15,41
S01007152,24 and under,1,0,0,0,1,1,0,0,0,0
S01007152,25 to 34,15,11,4,7,4,4,0,0,0,0
S01007152,35 to 49,74,52,46,6,22,13,0,5,4,0
S01007152,50 to 64,62,47,42,5,15,3,0,1,4,7
S01007152,65 to 74,46,27,26,1,19,3,0,1,5,10
S01007152,75 to 84,33,13,13,0,20,0,0,0,2,18
S01007152,85 and over,6,0,0,0,6,0,0,0,0,6
S01007153,All HRPs,286,182,161,21,104,22,3,10,28,41
S01007153,24 and under,4,1,0,1,3,3,0,0,0,0
S01007153,25 to 34,12,11,7,4,1,1,0,0,0,0
S01007153,35 to 49,73,51,38,13,22,7,1,4,9,1
S01007153,50 to 64,92,68,66,2,24,3,0,6,13,2
S01007153,65 to 74,54,29,28,1,25,5,0,0,6,14
S01007153,75 to 84,39,20,20,0,19,3,1,0,0,15
S01007153,85 and over,12,2,2,0,10,0,1,0,0,9
S01007154,All HRPs,453,172,136,36,281,90,6,14,52,119
S01007154,24 and under,9,5,0,5,4,4,0,0,0,0
S01007154,25 to 34,48,16,4,12,32,31,0,0,0,1
S01007154,35 to 49,94,38,31,7,56,24,2,8,20,2
S01007154,50 to 64,98,53,44,9,45,16,0,5,20,4
S01007154,65 to 74,53,21,19,2,32,5,2,1,8,16
S01007154,75 to 84,81,27,26,1,54,6,1,0,3,44
S01007154,85 and over,70,12,12,0,58,4,1,0,1,52
S01007155,All HRPs,305,173,148,25,132,32,3,7,27,63
S01007155,24 and under,3,2,0,2,1,1,0,0,0,0
S01007155,25 to 34,21,13,11,2,8,7,0,1,0,0
S01007155,35 to 49,69,48,36,12,21,10,1,4,5,1
S01007155,50 to 64,83,49,42,7,34,8,1,1,14,10
S01007155,65 to 74,49,30,28,2,19,3,1,0,5,10
S01007155,75 to 84,56,25,25,0,31,3,0,0,3,25
S01007155,85 and over,24,6,6,0,18,0,0,1,0,17
S01007156,All HRPs,308,201,171,30,107,40,0,9,27,31
S01007156,24 and under,5,2,0,2,3,3,0,0,0,0
S01007156,25 to 34,32,18,9,9,14,12,0,1,1,0
S01007156,35 to 49,79,48,35,13,31,14,0,5,10,2
S01007156,50 to 64,117,90,85,5,27,6,0,3,12,6
S01007156,65 to 74,33,21,20,1,12,2,0,0,2,8
S01007156,75 to 84,34,19,19,0,15,3,0,0,2,10
S01007156,85 and over,8,3,3,0,5,0,0,0,0,5
S01007157,All HRPs,279,145,124,21,134,49,0,13,49,23
S01007157,24 and under,6,2,1,1,4,4,0,0,0,0
S01007157,25 to 34,47,24,17,7,23,18,0,0,5,0
S01007157,35 to 49,90,47,41,6,43,18,0,9,15,1
S01007157,50 to 64,79,47,41,6,32,6,0,3,18,5
S01007157,65 to 74,30,18,18,0,12,0,0,1,6,5
S01007157,75 to 84,16,2,2,0,14,2,0,0,5,7
S01007157,85 and over,11,5,4,1,6,1,0,0,0,5
S01007158,All HRPs,386,255,213,42,131,46,2,13,42,28
S01007158,24 and under,6,2,0,2,4,4,0,0,0,0
S01007158,25 to 34,58,42,26,16,16,14,1,1,0,0
S01007158,35 to 49,141,102,90,12,39,16,1,6,14,2
S01007158,50 to 64,107,72,64,8,35,6,0,5,17,7
S01007158,65 to 74,41,24,22,2,17,5,0,1,7,4
S01007158,75 to 84,25,12,10,2,13,0,0,0,4,9
S01007158,85 and over,8,1,1,0,7,1,0,0,0,6
S01007159,All HRPs,407,185,132,53,222,97,1,23,49,52
S01007159,24 and under,15,6,1,5,9,9,0,0,0,0
S01007159,25 to 34,74,29,11,18,45,39,0,5,1,0
S01007159,35 to 49,107,50,33,17,57,32,0,8,16,1
S01007159,50 to 64,97,50,42,8,47,8,0,10,23,6
S01007159,65 to 74,63,32,30,2,31,6,0,0,8,17
S01007159,75 to 84,33,12,10,2,21,2,0,0,1,18
S01007159,85 and over,18,6,5,1,12,1,1,0,0,10
S01007160,All HRPs,377,189,141,48,188,54,5,25,51,53
S01007160,24 and under,11,3,0,3,8,8,0,0,0,0
S01007160,25 to 34,41,22,10,12,19,16,0,3,0,0
S01007160,35 to 49,110,54,30,24,56,17,1,16,19,3
S01007160,50 to 64,93,59,53,6,34,5,1,4,19,5
S01007160,65 to 74,73,37,35,2,36,6,0,1,10,19
S01007160,75 to 84,38,13,12,1,25,2,2,1,3,17
S01007160,85 and over,11,1,1,0,10,0,1,0,0,9
S01007161,All HRPs,317,171,140,31,146,54,4,13,29,46
S01007161,24 and under,8,0,0,0,8,8,0,0,0,0
S01007161,25 to 34,41,24,11,13,17,15,0,2,0,0
S01007161,35 to 49,87,45,33,12,42,19,1,7,15,0
S01007161,50 to 64,90,59,54,5,31,8,0,4,11,8
S01007161,65 to 74,42,27,27,0,15,4,0,0,3,8
S01007161,75 to 84,38,16,15,1,22,0,1,0,0,21
S01007161,85 and over,11,0,0,0,11,0,2,0,0,9
S01007162,All HRPs,271,111,71,40,160,60,3,19,35,43
S01007162,24 and under,10,5,0,5,5,5,0,0,0,0
S01007162,25 to 34,64,27,11,16,37,32,1,3,1,0
S01007162,35 to 49,69,28,16,12,41,17,1,11,11,1
S01007162,50 to 64,44,22,16,6,22,3,0,4,11,4
S01007162,65 to 74,37,16,15,1,21,2,0,1,6,12
S01007162,75 to 84,32,11,11,0,21,1,0,0,5,15
S01007162,85 and over,15,2,2,0,13,0,1,0,1,11
S01007163,All HRPs,392,238,203,35,154,44,2,16,36,56
S01007163,24 and under,7,2,0,2,5,5,0,0,0,0
S01007163,25 to 34,25,14,8,6,11,6,1,2,2,0
S01007163,35 to 49,94,52,41,11,42,16,0,12,12,2
S01007163,50 to 64,121,81,67,14,40,12,0,1,17,10
S01007163,65 to 74,74,55,53,2,19,4,0,1,3,11
S01007163,75 to 84,52,29,29,0,23,1,1,0,0,21
S01007163,85 and over,19,5,5,0,14,0,0,0,2,12
S01007164,All HRPs,257,154,134,20,103,32,4,8,22,37
S01007164,24 and under,4,2,1,1,2,2,0,0,0,0
S01007164,25 to 34,22,12,6,6,10,8,1,0,1,0
S01007164,35 to 49,64,41,32,9,23,11,0,6,4,2
S01007164,50 to 64,74,49,45,4,25,7,3,1,9,5
S01007164,65 to 74,41,30,30,0,11,0,0,0,4,7
S01007164,75 to 84,41,16,16,0,25,3,0,1,4,17
S01007164,85 and over,11,4,4,0,7,1,0,0,0,6
S01007165,All HRPs,330,225,195,30,105,33,0,10,26,36
S01007165,24 and under,7,3,0,3,4,4,0,0,0,0
S01007165,25 to 34,17,12,5,7,5,4,0,0,1,0
S01007165,35 to 49,87,63,53,10,24,10,0,6,6,2
S01007165,50 to 64,121,88,78,10,33,8,0,3,16,6
S01007165,65 to 74,45,35,35,0,10,3,0,0,1,6
S01007165,75 to 84,38,21,21,0,17,4,0,1,1,11
S01007165,85 and over,15,3,3,0,12,0,0,0,1,11
S01007166,All HRPs,328,172,154,18,156,40,1,15,48,52
S01007166,24 and under,4,0,0,0,4,3,0,1,0,0
S01007166,25 to 34,25,12,8,4,13,10,0,3,0,0
S01007166,35 to 49,75,46,36,10,29,15,0,4,7,3
S01007166,50 to 64,100,59,56,3,41,6,0,3,27,5
S01007166,65 to 74,63,34,33,1,29,2,1,4,9,13
S01007166,75 to 84,48,18,18,0,30,4,0,0,5,21
S01007166,85 and over,13,3,3,0,10,0,0,0,0,10
S01007167,All HRPs,331,237,220,17,94,21,2,13,24,34
S01007167,24 and under,0,0,0,0,0,0,0,0,0,0
S01007167,25 to 34,18,9,7,2,9,8,1,0,0,0
S01007167,35 to 49,74,47,38,9,27,6,1,12,7,1
S01007167,50 to 64,134,112,107,5,22,3,0,1,13,5
S01007167,65 to 74,58,40,40,0,18,3,0,0,3,12
S01007167,75 to 84,38,27,26,1,11,1,0,0,0,10
S01007167,85 and over,9,2,2,0,7,0,0,0,1,6
S01007168,All HRPs,415,285,271,14,130,29,3,8,28,62
S01007168,24 and under,2,0,0,0,2,2,0,0,0,0
S01007168,25 to 34,23,18,15,3,5,5,0,0,0,0
S01007168,35 to 49,82,60,52,8,22,9,0,2,10,1
S01007168,50 to 64,162,128,125,3,34,9,2,3,13,7
S01007168,65 to 74,73,48,48,0,25,4,0,2,3,16
S01007168,75 to 84,52,25,25,0,27,0,1,1,2,23
S01007168,85 and over,21,6,6,0,15,0,0,0,0,15
S01007169,All HRPs,326,195,175,20,131,20,0,9,30,72
S01007169,24 and under,5,1,0,1,4,4,0,0,0,0
S01007169,25 to 34,18,14,9,5,4,2,0,2,0,0
S01007169,35 to 49,77,54,48,6,23,7,0,4,11,1
S01007169,50 to 64,110,83,77,6,27,3,0,2,15,7
S01007169,65 to 74,45,26,24,2,19,3,0,1,4,11
S01007169,75 to 84,40,12,12,0,28,1,0,0,0,27
S01007169,85 and over,31,5,5,0,26,0,0,0,0,26
S01007170,All HRPs,268,185,162,23,83,28,0,17,15,23
S01007170,24 and under,4,3,0,3,1,1,0,0,0,0
S01007170,25 to 34,22,13,9,4,9,9,0,0,0,0
S01007170,35 to 49,69,53,43,10,16,4,0,8,4,0
S01007170,50 to 64,109,85,79,6,24,7,0,6,6,5
S01007170,65 to 74,41,22,22,0,19,5,0,3,4,7
S01007170,75 to 84,14,7,7,0,7,2,0,0,1,4
S01007170,85 and over,9,2,2,0,7,0,0,0,0,7
S01007171,All HRPs,364,225,177,48,139,55,5,11,30,38
S01007171,24 and under,8,4,1,3,4,4,0,0,0,0
S01007171,25 to 34,56,35,14,21,21,18,0,1,2,0
S01007171,35 to 49,105,66,52,14,39,15,5,6,13,0
S01007171,50 to 64,104,71,61,10,33,9,0,2,13,9
S01007171,65 to 74,47,27,27,0,20,3,0,1,2,14
S01007171,75 to 84,38,19,19,0,19,5,0,1,0,13
S01007171,85 and over,6,3,3,0,3,1,0,0,0,2
S01007172,All HRPs,333,250,216,34,83,19,11,7,21,25
S01007172,24 and under,1,1,0,1,0,0,0,0,0,0
S01007172,25 to 34,12,10,5,5,2,2,0,0,0,0
S01007172,35 to 49,102,71,56,15,31,9,8,3,10,1
S01007172,50 to 64,111,91,81,10,20,6,0,2,7,5
S01007172,65 to 74,62,51,50,1,11,1,1,1,1,7
S01007172,75 to 84,38,23,21,2,15,1,1,1,3,9
S01007172,85 and over,7,3,3,0,4,0,1,0,0,3
S01007173,All HRPs,327,241,206,35,86,16,4,13,32,21
S01007173,24 and under,3,1,0,1,2,1,0,1,0,0
S01007173,25 to 34,40,33,20,13,7,5,0,0,2,0
S01007173,35 to 49,134,100,83,17,34,8,1,12,12,1
S01007173,50 to 64,104,81,78,3,23,1,1,0,12,9
S01007173,65 to 74,28,16,15,1,12,0,1,0,3,8
S01007173,75 to 84,17,10,10,0,7,1,1,0,3,2
S01007173,85 and over,1,0,0,0,1,0,0,0,0,1
S01007174,All HRPs,286,205,166,39,81,30,5,8,20,18
S01007174,24 and under,2,0,0,0,2,2,0,0,0,0
S01007174,25 to 34,41,23,7,16,18,16,1,0,1,0
S01007174,35 to 49,120,96,81,15,24,6,0,7,9,2
S01007174,50 to 64,83,66,59,7,17,4,3,0,5,5
S01007174,65 to 74,24,14,13,1,10,2,0,1,4,3
S01007174,75 to 84,14,6,6,0,8,0,0,0,1,7
S01007174,85 and over,2,0,0,0,2,0,1,0,0,1
S01007175,All HRPs,294,195,164,31,99,11,3,8,24,53
S01007175,24 and under,5,4,2,2,1,1,0,0,0,0
S01007175,25 to 34,25,18,12,6,7,4,0,1,2,0
S01007175,35 to 49,60,47,38,9,13,2,0,5,5,1
S01007175,50 to 64,71,53,45,8,18,3,1,2,7,5
S01007175,65 to 74,53,31,29,2,22,1,1,0,6,14
S01007175,75 to 84,64,36,32,4,28,0,1,0,4,23
S01007175,85 and over,16,6,6,0,10,0,0,0,0,10
S01007176,All HRPs,290,190,158,32,100,27,7,9,25,32
S01007176,24 and under,10,6,3,3,4,4,0,0,0,0
S01007176,25 to 34,51,39,25,14,12,9,1,1,1,0
S01007176,35 to 49,77,56,46,10,21,7,0,6,8,0
S01007176,50 to 64,57,40,36,4,17,3,1,1,10,2
S01007176,65 to 74,50,31,31,0,19,2,0,0,5,12
S01007176,75 to 84,31,15,14,1,16,2,1,0,1,12
S01007176,85 and over,14,3,3,0,11,0,4,1,0,6
S01007177,All HRPs,303,141,104,37,162,72,2,9,45,34
S01007177,24 and under,27,6,1,5,21,21,0,0,0,0
S01007177,25 to 34,47,28,12,16,19,16,1,0,2,0
S01007177,35 to 49,83,36,27,9,47,24,1,6,14,2
S01007177,50 to 64,61,26,21,5,35,4,0,3,20,8
S01007177,65 to 74,44,31,30,1,13,3,0,0,5,5
S01007177,75 to 84,33,13,12,1,20,2,0,0,4,14
S01007177,85 and over,8,1,1,0,7,2,0,0,0,5
S01007178,All HRPs,505,206,152,54,299,138,3,27,78,53
S01007178,24 and under,44,11,0,11,33,33,0,0,0,0
S01007178,25 to 34,86,31,17,14,55,41,0,8,6,0
S01007178,35 to 49,155,57,37,20,98,52,1,8,34,3
S01007178,50 to 64,108,58,50,8,50,9,0,7,26,8
S01007178,65 to 74,56,28,27,1,28,3,1,1,9,14
S01007178,75 to 84,41,17,17,0,24,0,1,3,3,17
S01007178,85 and over,15,4,4,0,11,0,0,0,0,11
S01007179,All HRPs,384,284,259,25,100,23,2,5,25,45
S01007179,24 and under,1,0,0,0,1,1,0,0,0,0
S01007179,25 to 34,17,13,10,3,4,3,0,0,0,1
S01007179,35 to 49,90,73,59,14,17,8,1,0,4,4
S01007179,50 to 64,148,111,105,6,37,7,1,5,13,11
S01007179,65 to 74,77,55,54,1,22,2,0,0,7,13
S01007179,75 to 84,45,30,29,1,15,2,0,0,1,12
S01007179,85 and over,6,2,2,0,4,0,0,0,0,4
S01007180,All HRPs,347,219,197,22,128,35,4,10,12,67
S01007180,24 and under,8,1,1,0,7,7,0,0,0,0
S01007180,25 to 34,21,11,6,5,10,9,0,1,0,0
S01007180,35 to 49,73,54,47,7,19,10,0,5,3,1
S01007180,50 to 64,88,70,65,5,18,4,0,3,6,5
S01007180,65 to 74,70,45,41,4,25,3,0,1,2,19
S01007180,75 to 84,74,33,32,1,41,2,3,0,1,35
S01007180,85 and over,13,5,5,0,8,0,1,0,0,7
S01007181,All HRPs,317,210,185,25,107,26,0,15,27,39
S01007181,24 and under,6,1,1,0,5,5,0,0,0,0
S01007181,25 to 34,21,15,7,8,6,4,0,1,1,0
S01007181,35 to 49,77,55,46,9,22,5,0,8,8,1
S01007181,50 to 64,103,74,68,6,29,7,0,5,10,7
S01007181,65 to 74,65,48,46,2,17,1,0,1,7,8
S01007181,75 to 84,32,15,15,0,17,3,0,0,0,14
S01007181,85 and over,13,2,2,0,11,1,0,0,1,9
S01007182,All HRPs,526,242,193,49,284,110,4,24,70,76
S01007182,24 and under,20,3,0,3,17,17,0,0,0,0
S01007182,25 to 34,58,23,14,9,35,32,0,1,2,0
S01007182,35 to 49,128,66,49,17,62,35,0,8,19,0
S01007182,50 to 64,151,93,76,17,58,8,2,11,24,13
S01007182,65 to 74,83,36,33,3,47,14,1,3,15,14
S01007182,75 to 84,62,18,18,0,44,3,1,1,9,30
S01007182,85 and over,24,3,3,0,21,1,0,0,1,19
S01007183,All HRPs,560,272,198,74,288,86,3,28,72,99
S01007183,24 and under,28,13,0,13,15,15,0,0,0,0
S01007183,25 to 34,67,41,15,26,26,22,0,4,0,0
S01007183,35 to 49,128,67,47,20,61,31,1,11,16,2
S01007183,50 to 64,128,70,59,11,58,9,1,7,37,4
S01007183,65 to 74,81,46,43,3,35,2,1,4,12,16
S01007183,75 to 84,93,28,27,1,65,4,0,2,6,53
S01007183,85 and over,35,7,7,0,28,3,0,0,1,24
S01007184,All HRPs,594,211,129,82,383,160,4,37,85,97
S01007184,24 and under,41,12,0,12,29,29,0,0,0,0
S01007184,25 to 34,89,44,14,30,45,42,1,0,2,0
S01007184,35 to 49,135,48,28,20,87,47,0,20,17,3
S01007184,50 to 64,158,66,49,17,92,22,2,14,39,15
S01007184,65 to 74,81,22,21,1,59,8,0,1,22,28
S01007184,75 to 84,68,18,16,2,50,9,1,2,4,34
S01007184,85 and over,22,1,1,0,21,3,0,0,1,17
S01007185,All HRPs,422,148,99,49,274,119,2,24,70,59
S01007185,24 and under,26,10,0,10,16,15,1,0,0,0
S01007185,25 to 34,84,27,8,19,57,53,1,1,2,0
S01007185,35 to 49,118,47,35,12,71,35,0,9,25,2
S01007185,50 to 64,85,35,30,5,50,8,0,13,26,3
S01007185,65 to 74,55,19,17,2,36,4,0,0,12,20
S01007185,75 to 84,37,8,7,1,29,1,0,1,5,22
S01007185,85 and over,17,2,2,0,15,3,0,0,0,12
S01007186,All HRPs,327,106,54,52,221,94,6,19,64,38
S01007186,24 and under,39,10,0,10,29,27,0,2,0,0
S01007186,25 to 34,74,33,7,26,41,30,3,3,4,1
S01007186,35 to 49,78,28,17,11,50,19,0,10,21,0
S01007186,50 to 64,79,28,23,5,51,13,2,4,23,9
S01007186,65 to 74,29,5,5,0,24,4,0,0,13,7
S01007186,75 to 84,20,1,1,0,19,0,1,0,3,15
S01007186,85 and over,8,1,1,0,7,1,0,0,0,6
S01007187,All HRPs,498,144,102,42,354,141,11,42,94,66
S01007187,24 and under,40,12,1,11,28,26,0,0,2,0
S01007187,25 to 34,85,18,5,13,67,52,4,5,6,0
S01007187,35 to 49,107,39,29,10,68,34,2,14,18,0
S01007187,50 to 64,113,39,33,6,74,14,4,11,40,5
S01007187,65 to 74,71,18,17,1,53,8,0,10,19,16
S01007187,75 to 84,56,14,13,1,42,7,1,1,7,26
S01007187,85 and over,26,4,4,0,22,0,0,1,2,19
S01007188,All HRPs,328,130,88,42,198,92,4,15,54,33
S01007188,24 and under,26,5,0,5,21,21,0,0,0,0
S01007188,25 to 34,71,28,10,18,43,40,1,2,0,0
S01007188,35 to 49,68,30,18,12,38,20,0,5,13,0
S01007188,50 to 64,102,47,42,5,55,8,1,8,31,7
S01007188,65 to 74,29,10,8,2,19,2,1,0,9,7
S01007188,75 to 84,25,7,7,0,18,1,1,0,1,15
S01007188,85 and over,7,3,3,0,4,0,0,0,0,4
S01007189,All HRPs,461,159,124,35,302,112,7,17,71,95
S01007189,24 and under,41,6,0,6,35,33,1,0,1,0
S01007189,25 to 34,55,20,9,11,35,31,0,2,2,0
S01007189,35 to 49,71,34,26,8,37,15,0,7,13,2
S01007189,50 to 64,115,60,51,9,55,16,1,4,33,1
S01007189,65 to 74,54,21,20,1,33,5,0,2,12,14
S01007189,75 to 84,74,12,12,0,62,6,4,2,9,41
S01007189,85 and over,51,6,6,0,45,6,1,0,1,37
S01007190,All HRPs,378,234,209,25,144,33,5,6,26,74
S01007190,24 and under,2,1,0,1,1,1,0,0,0,0
S01007190,25 to 34,17,16,11,5,1,1,0,0,0,0
S01007190,35 to 49,78,56,46,10,22,10,0,4,7,1
S01007190,50 to 64,101,74,66,8,27,10,0,1,10,6
S01007190,65 to 74,86,54,54,0,32,6,1,1,5,19
S01007190,75 to 84,80,28,27,1,52,4,4,0,4,40
S01007190,85 and over,14,5,5,0,9,1,0,0,0,8
S01007191,All HRPs,274,152,111,41,122,44,5,13,20,40
S01007191,24 and under,11,4,0,4,7,7,0,0,0,0
S01007191,25 to 34,47,22,5,17,25,20,0,4,1,0
S01007191,35 to 49,65,40,28,12,25,8,4,5,7,1
S01007191,50 to 64,77,55,50,5,22,6,1,4,9,2
S01007191,65 to 74,29,18,16,2,11,1,0,0,3,7
S01007191,75 to 84,27,9,8,1,18,1,0,0,0,17
S01007191,85 and over,18,4,4,0,14,1,0,0,0,13
S01007192,All HRPs,286,129,95,34,157,67,0,13,36,41
S01007192,24 and under,20,5,1,4,15,15,0,0,0,0
S01007192,25 to 34,40,23,8,15,17,13,0,3,1,0
S01007192,35 to 49,74,32,23,9,42,21,0,8,12,1
S01007192,50 to 64,81,47,41,6,34,9,0,2,17,6
S01007192,65 to 74,31,10,10,0,21,7,0,0,3,11
S01007192,75 to 84,30,10,10,0,20,2,0,0,3,15
S01007192,85 and over,10,2,2,0,8,0,0,0,0,8
S01007193,All HRPs,289,169,137,32,120,30,0,8,43,39
S01007193,24 and under,2,2,0,2,0,0,0,0,0,0
S01007193,25 to 34,38,20,13,7,18,13,0,0,5,0
S01007193,35 to 49,92,62,46,16,30,9,0,4,16,1
S01007193,50 to 64,81,54,47,7,27,2,0,4,15,6
S01007193,65 to 74,37,20,20,0,17,4,0,0,5,8
S01007193,75 to 84,26,7,7,0,19,2,0,0,1,16
S01007193,85 and over,13,4,4,0,9,0,0,0,1,8
S01007194,All HRPs,276,111,78,33,165,78,0,14,42,31
S01007194,24 and under,21,9,0,9,12,9,0,2,1,0
S01007194,25 to 34,44,17,5,12,27,25,0,2,0,0
S01007194,35 to 49,93,35,28,7,58,35,0,5,15,3
S01007194,50 to 64,54,27,22,5,27,3,0,2,17,5
S01007194,65 to 74,36,16,16,0,20,4,0,2,7,7
S01007194,75 to 84,22,6,6,0,16,1,0,1,1,13
S01007194,85 and over,6,1,1,0,5,1,0,0,1,3
S01007195,All HRPs,237,129,97,32,108,47,1,12,25,23
S01007195,24 and under,10,2,0,2,8,6,0,1,1,0
S01007195,25 to 34,40,19,9,10,21,17,1,0,3,0
S01007195,35 to 49,70,36,23,13,34,16,0,9,8,1
S01007195,50 to 64,52,33,28,5,19,5,0,1,8,5
S01007195,65 to 74,38,26,24,2,12,2,0,1,3,6
S01007195,75 to 84,19,9,9,0,10,1,0,0,2,7
S01007195,85 and over,8,4,4,0,4,0,0,0,0,4
S01007196,All HRPs,278,156,101,55,122,45,0,14,44,19
S01007196,24 and under,15,8,2,6,7,7,0,0,0,0
S01007196,25 to 34,61,39,18,21,22,16,0,1,4,1
S01007196,35 to 49,109,61,38,23,48,17,0,11,18,2
S01007196,50 to 64,60,34,30,4,26,5,0,2,16,3
S01007196,65 to 74,17,9,9,0,8,0,0,0,6,2
S01007196,75 to 84,14,5,4,1,9,0,0,0,0,9
S01007196,85 and over,2,0,0,0,2,0,0,0,0,2
S01007197,All HRPs,286,101,58,43,185,94,2,14,55,20
S01007197,24 and under,27,8,3,5,19,16,0,1,1,1
S01007197,25 to 34,61,27,8,19,34,27,0,3,4,0
S01007197,35 to 49,100,32,21,11,68,39,0,3,23,3
S01007197,50 to 64,61,21,16,5,40,9,1,5,21,4
S01007197,65 to 74,25,9,7,2,16,2,0,2,5,7
S01007197,75 to 84,11,4,3,1,7,1,1,0,1,4
S01007197,85 and over,1,0,0,0,1,0,0,0,0,1
S01007198,All HRPs,229,107,76,31,122,57,3,14,28,20
S01007198,24 and under,17,5,0,5,12,11,0,1,0,0
S01007198,25 to 34,42,23,10,13,19,16,0,2,1,0
S01007198,35 to 49,73,32,22,10,41,22,2,9,6,2
S01007198,50 to 64,50,24,21,3,26,4,0,2,14,6
S01007198,65 to 74,22,12,12,0,10,1,0,0,5,4
S01007198,75 to 84,18,8,8,0,10,1,1,0,2,6
S01007198,85 and over,7,3,3,0,4,2,0,0,0,2
S01007199,All HRPs,306,146,103,43,160,60,1,20,55,24
S01007199,24 and under,17,6,1,5,11,11,0,0,0,0
S01007199,25 to 34,42,28,13,15,14,11,0,2,1,0
S01007199,35 to 49,105,44,28,16,61,29,0,10,22,0
S01007199,50 to 64,84,39,33,6,45,8,1,6,23,7
S01007199,65 to 74,36,18,17,1,18,0,0,2,8,8
S01007199,75 to 84,20,11,11,0,9,1,0,0,1,7
S01007199,85 and over,2,0,0,0,2,0,0,0,0,2
S01007200,All HRPs,405,203,158,45,202,79,3,11,60,49
S01007200,24 and under,18,1,0,1,17,17,0,0,0,0
S01007200,25 to 34,61,34,15,19,27,23,0,1,3,0
S01007200,35 to 49,109,60,46,14,49,24,2,5,17,1
S01007200,50 to 64,125,72,65,7,53,12,0,4,27,10
S01007200,65 to 74,49,24,22,2,25,1,0,1,11,12
S01007200,75 to 84,34,12,10,2,22,2,1,0,2,17
S01007200,85 and over,9,0,0,0,9,0,0,0,0,9
S01007201,All HRPs,350,200,154,46,150,54,3,14,37,42
S01007201,24 and under,11,4,1,3,7,7,0,0,0,0
S01007201,25 to 34,50,29,7,22,21,17,0,2,2,0
S01007201,35 to 49,80,41,32,9,39,18,0,6,13,2
S01007201,50 to 64,97,64,54,10,33,7,2,4,15,5
S01007201,65 to 74,63,39,37,2,24,5,0,0,7,12
S01007201,75 to 84,38,20,20,0,18,0,1,2,0,15
S01007201,85 and over,11,3,3,0,8,0,0,0,0,8
S01007202,All HRPs,350,186,144,42,164,67,1,8,48,40
S01007202,24 and under,22,5,0,5,17,17,0,0,0,0
S01007202,25 to 34,56,26,8,18,30,23,0,4,3,0
S01007202,35 to 49,70,39,26,13,31,15,0,3,10,3
S01007202,50 to 64,122,72,66,6,50,5,1,1,31,12
S01007202,65 to 74,43,25,25,0,18,2,0,0,4,12
S01007202,75 to 84,28,16,16,0,12,4,0,0,0,8
S01007202,85 and over,9,3,3,0,6,1,0,0,0,5
S01007203,All HRPs,250,173,149,24,77,22,1,7,24,23
S01007203,24 and under,2,1,0,1,1,1,0,0,0,0
S01007203,25 to 34,20,12,4,8,8,7,0,0,1,0
S01007203,35 to 49,85,67,54,13,18,10,0,4,3,1
S01007203,50 to 64,83,56,54,2,27,2,0,2,14,9
S01007203,65 to 74,37,26,26,0,11,1,0,1,4,5
S01007203,75 to 84,21,11,11,0,10,1,0,0,2,7
S01007203,85 and over,2,0,0,0,2,0,1,0,0,1
S01007204,All HRPs,426,271,222,49,155,48,5,22,46,34
S01007204,24 and under,6,2,1,1,4,4,0,0,0,0
S01007204,25 to 34,43,19,8,11,24,17,1,4,2,0
S01007204,35 to 49,135,91,73,18,44,17,2,7,17,1
S01007204,50 to 64,153,106,89,17,47,8,2,9,18,10
S01007204,65 to 74,59,37,35,2,22,1,0,2,8,11
S01007204,75 to 84,26,14,14,0,12,1,0,0,1,10
S01007204,85 and over,4,2,2,0,2,0,0,0,0,2
S01007205,All HRPs,263,196,167,29,67,25,0,6,14,22
S01007205,24 and under,5,2,0,2,3,3,0,0,0,0
S01007205,25 to 34,17,13,7,6,4,4,0,0,0,0
S01007205,35 to 49,82,65,52,13,17,11,0,3,3,0
S01007205,50 to 64,91,70,63,7,21,3,0,3,10,5
S01007205,65 to 74,38,29,28,1,9,1,0,0,1,7
S01007205,75 to 84,25,15,15,0,10,2,0,0,0,8
S01007205,85 and over,5,2,2,0,3,1,0,0,0,2
S01007206,All HRPs,212,86,61,25,126,34,3,13,28,48
S01007206,24 and under,11,2,0,2,9,9,0,0,0,0
S01007206,25 to 34,27,16,7,9,11,9,0,2,0,0
S01007206,35 to 49,40,21,14,7,19,8,0,5,6,0
S01007206,50 to 64,60,31,24,7,29,4,1,5,15,4
S01007206,65 to 74,28,10,10,0,18,3,2,1,5,7
S01007206,75 to 84,33,6,6,0,27,0,0,0,2,25
S01007206,85 and over,13,0,0,0,13,1,0,0,0,12
S01007207,All HRPs,420,240,196,44,180,65,3,16,38,58
S01007207,24 and under,9,7,2,5,2,2,0,0,0,0
S01007207,25 to 34,47,22,13,9,25,20,0,4,0,1
S01007207,35 to 49,108,68,49,19,40,15,0,7,17,1
S01007207,50 to 64,139,86,76,10,53,18,3,5,16,11
S01007207,65 to 74,63,37,36,1,26,5,0,0,4,17
S01007207,75 to 84,40,16,16,0,24,5,0,0,0,19
S01007207,85 and over,14,4,4,0,10,0,0,0,1,9
S01007208,All HRPs,550,169,115,54,381,183,12,31,95,60
S01007208,24 and under,43,18,2,16,25,24,0,0,1,0
S01007208,25 to 34,113,35,16,19,78,66,1,4,7,0
S01007208,35 to 49,155,51,39,12,104,59,4,16,24,1
S01007208,50 to 64,125,38,33,5,87,19,2,8,45,13
S01007208,65 to 74,49,13,11,2,36,7,0,3,15,11
S01007208,75 to 84,39,12,12,0,27,3,2,0,1,21
S01007208,85 and over,26,2,2,0,24,5,3,0,2,14
S01007209,All HRPs,389,142,94,48,247,103,14,21,51,58
S01007209,24 and under,32,8,0,8,24,23,0,1,0,0
S01007209,25 to 34,62,25,8,17,37,33,2,1,1,0
S01007209,35 to 49,114,36,24,12,78,36,7,11,22,2
S01007209,50 to 64,85,46,39,7,39,3,3,6,21,6
S01007209,65 to 74,38,15,12,3,23,1,1,1,7,13
S01007209,75 to 84,41,9,9,0,32,5,0,1,0,26
S01007209,85 and over,17,3,2,1,14,2,1,0,0,11
S01007210,All HRPs,387,155,90,65,232,101,6,16,55,54
S01007210,24 and under,32,6,0,6,26,25,1,0,0,0
S01007210,25 to 34,65,37,11,26,28,26,1,1,0,0
S01007210,35 to 49,102,49,27,22,53,25,2,7,18,1
S01007210,50 to 64,89,42,32,10,47,9,2,8,26,2
S01007210,65 to 74,41,11,10,1,30,8,0,0,6,16
S01007210,75 to 84,34,8,8,0,26,6,0,0,5,15
S01007210,85 and over,24,2,2,0,22,2,0,0,0,20
S01007211,All HRPs,498,188,143,45,310,111,4,29,84,82
S01007211,24 and under,21,6,1,5,15,15,0,0,0,0
S01007211,25 to 34,74,21,11,10,53,47,1,3,2,0
S01007211,35 to 49,126,54,35,19,72,23,0,16,33,0
S01007211,50 to 64,140,67,58,9,73,15,2,9,32,15
S01007211,65 to 74,63,30,28,2,33,4,0,1,12,16
S01007211,75 to 84,45,7,7,0,38,3,1,0,2,32
S01007211,85 and over,29,3,3,0,26,4,0,0,3,19
S01007212,All HRPs,259,143,112,31,116,57,1,9,28,21
S01007212,24 and under,18,4,1,3,14,14,0,0,0,0
S01007212,25 to 34,38,21,8,13,17,16,0,1,0,0
S01007212,35 to 49,60,38,29,9,22,10,1,4,7,0
S01007212,50 to 64,83,50,45,5,33,12,0,4,14,3
S01007212,65 to 74,32,22,21,1,10,0,0,0,5,5
S01007212,75 to 84,20,8,8,0,12,4,0,0,2,6
S01007212,85 and over,8,0,0,0,8,1,0,0,0,7
S01007213,All HRPs,423,223,171,52,200,66,7,18,41,68
S01007213,24 and under,17,13,0,13,4,4,0,0,0,0
S01007213,25 to 34,53,23,12,11,30,26,0,2,1,1
S01007213,35 to 49,107,62,40,22,45,21,3,8,11,2
S01007213,50 to 64,93,60,56,4,33,8,2,4,12,7
S01007213,65 to 74,69,31,31,0,38,5,0,2,13,18
S01007213,75 to 84,57,31,30,1,26,1,2,2,3,18
S01007213,85 and over,27,3,2,1,24,1,0,0,1,22
S01007214,All HRPs,424,133,96,37,291,119,7,23,62,80
S01007214,24 and under,13,5,1,4,8,8,0,0,0,0
S01007214,25 to 34,68,22,9,13,46,42,0,4,0,0
S01007214,35 to 49,104,30,21,9,74,36,6,6,25,1
S01007214,50 to 64,97,37,30,7,60,17,1,9,29,4
S01007214,65 to 74,45,20,17,3,25,6,0,4,6,9
S01007214,75 to 84,60,15,14,1,45,6,0,0,2,37
S01007214,85 and over,37,4,4,0,33,4,0,0,0,29
S01007215,All HRPs,397,171,133,38,226,100,5,18,39,64
S01007215,24 and under,30,10,0,10,20,19,0,0,0,1
S01007215,25 to 34,53,23,10,13,30,27,1,2,0,0
S01007215,35 to 49,89,46,40,6,43,21,2,7,12,1
S01007215,50 to 64,109,54,45,9,55,23,0,7,19,6
S01007215,65 to 74,46,20,20,0,26,4,0,2,5,15
S01007215,75 to 84,42,15,15,0,27,4,1,0,1,21
S01007215,85 and over,28,3,3,0,25,2,1,0,2,20
S01007216,All HRPs,315,186,151,35,129,47,2,8,17,55
S01007216,24 and under,8,4,0,4,4,4,0,0,0,0
S01007216,25 to 34,26,15,6,9,11,10,0,1,0,0
S01007216,35 to 49,83,57,42,15,26,12,1,4,7,2
S01007216,50 to 64,89,64,60,4,25,12,1,2,4,6
S01007216,65 to 74,54,29,26,3,25,2,0,0,5,18
S01007216,75 to 84,40,16,16,0,24,4,0,1,1,18
S01007216,85 and over,15,1,1,0,14,3,0,0,0,11
S01007217,All HRPs,460,206,153,53,254,91,6,16,75,66
S01007217,24 and under,17,4,0,4,13,13,0,0,0,0
S01007217,25 to 34,58,30,16,14,28,23,1,0,4,0
S01007217,35 to 49,150,71,47,24,79,29,1,9,36,4
S01007217,50 to 64,114,57,50,7,57,21,2,4,25,5
S01007217,65 to 74,56,26,22,4,30,4,1,2,9,14
S01007217,75 to 84,42,13,13,0,29,1,1,1,1,25
S01007217,85 and over,23,5,5,0,18,0,0,0,0,18
S01007218,All HRPs,353,269,242,27,84,16,2,7,16,43
S01007218,24 and under,2,0,0,0,2,2,0,0,0,0
S01007218,25 to 34,24,18,13,5,6,4,0,1,1,0
S01007218,35 to 49,96,81,67,14,15,5,0,4,5,1
S01007218,50 to 64,114,102,94,8,12,3,0,2,4,3
S01007218,65 to 74,65,43,43,0,22,0,1,0,5,16
S01007218,75 to 84,41,21,21,0,20,1,0,0,1,18
S01007218,85 and over,11,4,4,0,7,1,1,0,0,5
S01007219,All HRPs,386,198,156,42,188,57,1,25,51,54
S01007219,24 and under,9,6,0,6,3,3,0,0,0,0
S01007219,25 to 34,42,18,7,11,24,18,0,3,3,0
S01007219,35 to 49,112,68,53,15,44,21,0,11,11,1
S01007219,50 to 64,113,59,51,8,54,10,1,8,24,11
S01007219,65 to 74,62,32,30,2,30,3,0,1,10,16
S01007219,75 to 84,42,15,15,0,27,2,0,2,2,21
S01007219,85 and over,6,0,0,0,6,0,0,0,1,5
S01007220,All HRPs,330,156,129,27,174,73,1,13,49,38
S01007220,24 and under,13,0,0,0,13,13,0,0,0,0
S01007220,25 to 34,35,22,11,11,13,12,0,1,0,0
S01007220,35 to 49,112,60,52,8,52,25,1,5,21,0
S01007220,50 to 64,91,49,42,7,42,16,0,7,15,4
S01007220,65 to 74,39,15,14,1,24,5,0,0,10,9
S01007220,75 to 84,31,9,9,0,22,1,0,0,2,19
S01007220,85 and over,9,1,1,0,8,1,0,0,1,6
S01007221,All HRPs,273,199,167,32,74,17,1,8,13,35
S01007221,24 and under,6,3,2,1,3,3,0,0,0,0
S01007221,25 to 34,49,40,24,16,9,6,0,3,0,0
S01007221,35 to 49,76,62,51,11,14,4,1,5,4,0
S01007221,50 to 64,54,43,40,3,11,1,0,0,5,5
S01007221,65 to 74,40,30,30,0,10,1,0,0,3,6
S01007221,75 to 84,43,21,20,1,22,2,0,0,1,19
S01007221,85 and over,5,0,0,0,5,0,0,0,0,5
S01007222,All HRPs,320,222,183,39,98,35,1,13,23,26
S01007222,24 and under,3,1,0,1,2,2,0,0,0,0
S01007222,25 to 34,46,26,11,15,20,14,0,3,3,0
S01007222,35 to 49,86,63,51,12,23,10,0,6,6,1
S01007222,50 to 64,116,95,85,10,21,4,0,3,9,5
S01007222,65 to 74,41,27,26,1,14,2,1,1,2,8
S01007222,75 to 84,16,8,8,0,8,2,0,0,2,4
S01007222,85 and over,12,2,2,0,10,1,0,0,1,8
S01007223,All HRPs,200,148,131,17,52,13,1,6,12,20
S01007223,24 and under,3,2,0,2,1,1,0,0,0,0
S01007223,25 to 34,20,16,10,6,4,2,0,2,0,0
S01007223,35 to 49,77,60,54,6,17,7,0,4,5,1
S01007223,50 to 64,49,42,39,3,7,2,1,0,4,0
S01007223,65 to 74,21,13,13,0,8,1,0,0,3,4
S01007223,75 to 84,22,12,12,0,10,0,0,0,0,10
S01007223,85 and over,8,3,3,0,5,0,0,0,0,5
S01007224,All HRPs,279,165,142,23,114,36,2,3,22,51
S01007224,24 and under,2,0,0,0,2,2,0,0,0,0
S01007224,25 to 34,26,16,9,7,10,9,0,1,0,0
S01007224,35 to 49,73,55,45,10,18,11,1,1,5,0
S01007224,50 to 64,73,46,40,6,27,7,1,1,8,10
S01007224,65 to 74,45,30,30,0,15,2,0,0,3,10
S01007224,75 to 84,41,16,16,0,25,2,0,0,5,18
S01007224,85 and over,19,2,2,0,17,3,0,0,1,13
S01007225,All HRPs,369,247,209,38,122,51,3,10,20,38
S01007225,24 and under,7,1,0,1,6,6,0,0,0,0
S01007225,25 to 34,23,17,8,9,6,6,0,0,0,0
S01007225,35 to 49,129,90,72,18,39,25,1,3,9,1
S01007225,50 to 64,119,90,82,8,29,9,1,5,7,7
S01007225,65 to 74,60,38,36,2,22,4,0,0,4,14
S01007225,75 to 84,23,8,8,0,15,1,1,2,0,11
S01007225,85 and over,8,3,3,0,5,0,0,0,0,5
S01007226,All HRPs,322,224,184,40,98,31,4,8,23,32
S01007226,24 and under,6,4,2,2,2,2,0,0,0,0
S01007226,25 to 34,21,15,8,7,6,5,0,1,0,0
S01007226,35 to 49,90,71,51,20,19,12,0,2,4,1
S01007226,50 to 64,117,82,73,9,35,9,3,3,13,7
S01007226,65 to 74,50,39,37,2,11,0,0,2,3,6
S01007226,75 to 84,28,12,12,0,16,2,1,0,3,10
S01007226,85 and over,10,1,1,0,9,1,0,0,0,8
S01007227,All HRPs,425,251,209,42,174,47,2,19,54,52
S01007227,24 and under,0,0,0,0,0,0,0,0,0,0
S01007227,25 to 34,30,19,9,10,11,9,0,1,1,0
S01007227,35 to 49,133,89,70,19,44,14,1,14,14,1
S01007227,50 to 64,118,74,65,9,44,13,1,3,23,4
S01007227,65 to 74,74,40,38,2,34,6,0,1,13,14
S01007227,75 to 84,51,22,20,2,29,4,0,0,3,22
S01007227,85 and over,19,7,7,0,12,1,0,0,0,11
S01007228,All HRPs,260,181,144,37,79,27,1,12,23,16
S01007228,24 and under,1,0,0,0,1,1,0,0,0,0
S01007228,25 to 34,15,13,4,9,2,2,0,0,0,0
S01007228,35 to 49,93,67,47,20,26,12,0,8,6,0
S01007228,50 to 64,90,61,57,4,29,9,0,3,14,3
S01007228,65 to 74,34,25,23,2,9,1,0,1,2,5
S01007228,75 to 84,21,12,10,2,9,1,1,0,1,6
S01007228,85 and over,6,3,3,0,3,1,0,0,0,2
S01007229,All HRPs,455,330,279,51,125,30,5,22,31,37
S01007229,24 and under,4,2,2,0,2,2,0,0,0,0
S01007229,25 to 34,36,30,14,16,6,4,0,2,0,0
S01007229,35 to 49,153,109,92,17,44,20,3,10,11,0
S01007229,50 to 64,148,120,107,13,28,1,1,7,13,6
S01007229,65 to 74,56,43,41,2,13,0,0,3,4,6
S01007229,75 to 84,47,21,18,3,26,2,0,0,3,21
S01007229,85 and over,11,5,5,0,6,1,1,0,0,4
S01007230,All HRPs,358,147,105,42,211,101,4,23,38,45
S01007230,24 and under,42,9,1,8,33,33,0,0,0,0
S01007230,25 to 34,69,32,20,12,37,28,0,7,2,0
S01007230,35 to 49,94,44,29,15,50,24,0,11,14,1
S01007230,50 to 64,72,34,29,5,38,8,2,5,16,7
S01007230,65 to 74,38,17,16,1,21,6,1,0,5,9
S01007230,75 to 84,34,9,8,1,25,2,1,0,1,21
S01007230,85 and over,9,2,2,0,7,0,0,0,0,7
S01007231,All HRPs,372,133,91,42,239,86,10,24,50,69
S01007231,24 and under,27,6,1,5,21,19,2,0,0,0
S01007231,25 to 34,54,20,6,14,34,25,1,4,4,0
S01007231,35 to 49,92,42,29,13,50,19,4,14,12,1
S01007231,50 to 64,80,33,24,9,47,10,0,5,24,8
S01007231,65 to 74,47,16,15,1,31,5,0,1,6,19
S01007231,75 to 84,52,12,12,0,40,7,1,0,3,29
S01007231,85 and over,20,4,4,0,16,1,2,0,1,12
S01007232,All HRPs,381,147,98,49,234,106,2,17,56,53
S01007232,24 and under,41,11,0,11,30,30,0,0,0,0
S01007232,25 to 34,64,27,6,21,37,28,0,4,5,0
S01007232,35 to 49,89,33,22,11,56,25,2,8,18,3
S01007232,50 to 64,84,35,30,5,49,14,0,5,26,4
S01007232,65 to 74,45,23,22,1,22,4,0,0,4,14
S01007232,75 to 84,40,16,16,0,24,3,0,0,3,18
S01007232,85 and over,18,2,2,0,16,2,0,0,0,14
S01007233,All HRPs,347,201,154,47,146,59,3,14,37,33
S01007233,24 and under,10,2,0,2,8,8,0,0,0,0
S01007233,25 to 34,45,23,11,12,22,20,0,1,1,0
S01007233,35 to 49,97,63,38,25,34,17,1,6,9,1
S01007233,50 to 64,111,67,61,6,44,12,2,5,20,5
S01007233,65 to 74,47,27,26,1,20,1,0,2,6,11
S01007233,75 to 84,30,16,15,1,14,0,0,0,1,13
S01007233,85 and over,7,3,3,0,4,1,0,0,0,3
S01007234,All HRPs,263,139,113,26,124,32,4,16,20,52
S01007234,24 and under,5,1,0,1,4,4,0,0,0,0
S01007234,25 to 34,23,15,8,7,8,4,1,1,2,0
S01007234,35 to 49,77,49,38,11,28,6,1,8,10,3
S01007234,50 to 64,65,41,35,6,24,8,1,5,6,4
S01007234,65 to 74,38,15,15,0,23,2,1,1,2,17
S01007234,75 to 84,42,16,15,1,26,4,0,1,0,21
S01007234,85 and over,13,2,2,0,11,4,0,0,0,7
S01007235,All HRPs,407,178,122,56,229,94,4,24,41,66
S01007235,24 and under,27,7,0,7,20,19,0,1,0,0
S01007235,25 to 34,76,34,10,24,42,35,2,4,1,0
S01007235,35 to 49,79,40,24,16,39,18,0,12,9,0
S01007235,50 to 64,85,49,42,7,36,8,1,5,17,5
S01007235,65 to 74,65,32,31,1,33,3,0,1,9,20
S01007235,75 to 84,43,12,12,0,31,9,1,0,4,17
S01007235,85 and over,32,4,3,1,28,2,0,1,1,24
S01007236,All HRPs,305,150,104,46,155,47,3,16,35,54
S01007236,24 and under,12,3,0,3,9,9,0,0,0,0
S01007236,25 to 34,33,21,3,18,12,10,0,2,0,0
S01007236,35 to 49,97,58,41,17,39,16,0,10,12,1
S01007236,50 to 64,73,35,27,8,38,6,2,4,20,6
S01007236,65 to 74,31,17,17,0,14,2,0,0,0,12
S01007236,75 to 84,45,12,12,0,33,3,1,0,3,26
S01007236,85 and over,14,4,4,0,10,1,0,0,0,9
S01007237,All HRPs,325,193,157,36,132,46,1,12,20,53
S01007237,24 and under,1,0,0,0,1,1,0,0,0,0
S01007237,25 to 34,16,14,4,10,2,1,0,1,0,0
S01007237,35 to 49,102,59,41,18,43,25,0,5,10,3
S01007237,50 to 64,93,65,59,6,28,6,0,5,8,9
S01007237,65 to 74,50,29,27,2,21,5,0,0,2,14
S01007237,75 to 84,53,24,24,0,29,5,0,1,0,23
S01007237,85 and over,10,2,2,0,8,3,1,0,0,4
S01007238,All HRPs,417,252,207,45,165,39,4,13,37,72
S01007238,24 and under,9,4,1,3,5,5,0,0,0,0
S01007238,25 to 34,47,34,9,25,13,7,1,2,3,0
S01007238,35 to 49,93,63,51,12,30,11,2,5,12,0
S01007238,50 to 64,126,87,83,4,39,9,0,4,15,11
S01007238,65 to 74,75,42,41,1,33,5,1,1,3,23
S01007238,75 to 84,45,18,18,0,27,1,0,1,4,21
S01007238,85 and over,22,4,4,0,18,1,0,0,0,17
S01007239,All HRPs,367,231,203,28,136,23,4,14,33,62
S01007239,24 and under,5,1,0,1,4,4,0,0,0,0
S01007239,25 to 34,21,17,8,9,4,2,0,2,0,0
S01007239,35 to 49,72,48,38,10,24,9,1,5,9,0
S01007239,50 to 64,122,93,87,6,29,2,1,4,15,7
S01007239,65 to 74,71,45,43,2,26,4,1,1,6,14
S01007239,75 to 84,56,22,22,0,34,2,1,0,3,28
S01007239,85 and over,20,5,5,0,15,0,0,2,0,13
S01007240,All HRPs,233,167,128,39,66,23,2,7,15,19
S01007240,24 and under,3,0,0,0,3,3,0,0,0,0
S01007240,25 to 34,22,15,7,8,7,6,0,1,0,0
S01007240,35 to 49,60,51,33,18,9,5,0,1,3,0
S01007240,50 to 64,85,62,51,11,23,2,1,4,9,7
S01007240,65 to 74,44,30,28,2,14,4,0,1,2,7
S01007240,75 to 84,16,7,7,0,9,3,0,0,1,5
S01007240,85 and over,3,2,2,0,1,0,1,0,0,0
S01007241,All HRPs,242,179,155,24,63,24,1,5,9,24
S01007241,24 and under,1,0,0,0,1,1,0,0,0,0
S01007241,25 to 34,11,8,6,2,3,2,0,1,0,0
S01007241,35 to 49,79,59,50,9,20,12,0,3,4,1
S01007241,50 to 64,85,69,57,12,16,7,1,1,3,4
S01007241,65 to 74,41,31,30,1,10,1,0,0,2,7
S01007241,75 to 84,20,9,9,0,11,1,0,0,0,10
S01007241,85 and over,5,3,3,0,2,0,0,0,0,2
S01007242,All HRPs,447,275,238,37,172,42,4,9,43,74
S01007242,24 and under,6,3,0,3,3,3,0,0,0,0
S01007242,25 to 34,33,23,11,12,10,6,0,2,2,0
S01007242,35 to 49,110,81,68,13,29,15,2,4,8,0
S01007242,50 to 64,142,94,87,7,48,11,2,2,22,11
S01007242,65 to 74,70,45,44,1,25,5,0,1,7,12
S01007242,75 to 84,64,21,20,1,43,1,0,0,4,38
S01007242,85 and over,22,8,8,0,14,1,0,0,0,13
S01007243,All HRPs,255,170,146,24,85,26,0,9,17,33
S01007243,24 and under,8,3,1,2,5,5,0,0,0,0
S01007243,25 to 34,22,20,14,6,2,2,0,0,0,0
S01007243,35 to 49,58,44,37,7,14,8,0,6,0,0
S01007243,50 to 64,83,59,52,7,24,4,0,3,12,5
S01007243,65 to 74,47,27,26,1,20,3,0,0,3,14
S01007243,75 to 84,27,14,13,1,13,4,0,0,2,7
S01007243,85 and over,10,3,3,0,7,0,0,0,0,7
S01007244,All HRPs,303,221,197,24,82,29,3,5,17,28
S01007244,24 and under,3,1,0,1,2,2,0,0,0,0
S01007244,25 to 34,17,9,4,5,8,8,0,0,0,0
S01007244,35 to 49,72,55,49,6,17,7,0,3,7,0
S01007244,50 to 64,116,97,86,11,19,6,2,1,4,6
S01007244,65 to 74,53,39,38,1,14,2,0,0,4,8
S01007244,75 to 84,31,19,19,0,12,2,1,1,1,7
S01007244,85 and over,11,1,1,0,10,2,0,0,1,7
S01007245,All HRPs,310,186,152,34,124,30,3,13,32,46
S01007245,24 and under,1,0,0,0,1,1,0,0,0,0
S01007245,25 to 34,18,12,9,3,6,5,0,1,0,0
S01007245,35 to 49,83,54,36,18,29,12,3,4,8,2
S01007245,50 to 64,100,72,61,11,28,5,0,6,14,3
S01007245,65 to 74,43,24,22,2,19,3,0,2,8,6
S01007245,75 to 84,51,22,22,0,29,3,0,0,2,24
S01007245,85 and over,14,2,2,0,12,1,0,0,0,11
S01007246,All HRPs,237,181,150,31,56,16,0,9,19,12
S01007246,24 and under,2,1,1,0,1,1,0,0,0,0
S01007246,25 to 34,17,16,10,6,1,1,0,0,0,0
S01007246,35 to 49,67,46,35,11,21,9,0,3,8,1
S01007246,50 to 64,104,87,75,12,17,3,0,4,9,1
S01007246,65 to 74,27,17,15,2,10,2,0,2,1,5
S01007246,75 to 84,16,11,11,0,5,0,0,0,1,4
S01007246,85 and over,4,3,3,0,1,0,0,0,0,1
S01007247,All HRPs,279,187,162,25,92,27,4,14,18,29
S01007247,24 and under,2,1,0,1,1,1,0,0,0,0
S01007247,25 to 34,19,12,6,6,7,6,0,0,1,0
S01007247,35 to 49,76,61,54,7,15,10,1,4,0,0
S01007247,50 to 64,113,76,68,8,37,7,3,9,12,6
S01007247,65 to 74,35,21,19,2,14,1,0,0,3,10
S01007247,75 to 84,30,15,14,1,15,2,0,1,2,10
S01007247,85 and over,4,1,1,0,3,0,0,0,0,3
S01007248,All HRPs,310,231,213,18,79,16,1,6,13,43
S01007248,24 and under,1,0,0,0,1,1,0,0,0,0
S01007248,25 to 34,7,4,2,2,3,2,0,1,0,0
S01007248,35 to 49,78,70,60,10,8,3,0,2,3,0
S01007248,50 to 64,106,89,84,5,17,5,1,2,4,5
S01007248,65 to 74,64,41,40,1,23,3,0,1,3,16
S01007248,75 to 84,39,23,23,0,16,0,0,0,2,14
S01007248,85 and over,15,4,4,0,11,2,0,0,1,8
S01007249,All HRPs,174,107,95,12,67,24,2,9,12,20
S01007249,24 and under,5,0,0,0,5,5,0,0,0,0
S01007249,25 to 34,20,10,4,6,10,8,0,2,0,0
S01007249,35 to 49,43,29,25,4,14,5,0,5,4,0
S01007249,50 to 64,49,39,37,2,10,3,1,0,5,1
S01007249,65 to 74,29,18,18,0,11,2,1,1,2,5
S01007249,75 to 84,20,9,9,0,11,0,0,0,1,10
S01007249,85 and over,8,2,2,0,6,1,0,1,0,4
S01007250,All HRPs,432,192,139,53,240,113,5,16,45,61
S01007250,24 and under,21,6,1,5,15,15,0,0,0,0
S01007250,25 to 34,78,37,15,22,41,36,2,2,1,0
S01007250,35 to 49,101,49,31,18,52,31,0,7,10,4
S01007250,50 to 64,118,59,54,5,59,19,3,7,24,6
S01007250,65 to 74,41,18,18,0,23,7,0,0,7,9
S01007250,75 to 84,51,19,16,3,32,4,0,0,2,26
S01007250,85 and over,22,4,4,0,18,1,0,0,1,16
S01007251,All HRPs,250,127,97,30,123,34,0,7,30,52
S01007251,24 and under,6,1,1,0,5,5,0,0,0,0
S01007251,25 to 34,28,18,6,12,10,8,0,1,1,0
S01007251,35 to 49,59,34,25,9,25,10,0,5,10,0
S01007251,50 to 64,64,39,31,8,25,4,0,0,16,5
S01007251,65 to 74,26,17,16,1,9,3,0,1,2,3
S01007251,75 to 84,38,11,11,0,27,2,0,0,1,24
S01007251,85 and over,29,7,7,0,22,2,0,0,0,20
S01007252,All HRPs,315,197,155,42,118,39,1,12,30,36
S01007252,24 and under,8,4,0,4,4,4,0,0,0,0
S01007252,25 to 34,49,29,12,17,20,15,0,4,0,1
S01007252,35 to 49,91,56,40,16,35,14,0,6,13,2
S01007252,50 to 64,89,63,59,4,26,5,1,1,12,7
S01007252,65 to 74,42,28,28,0,14,1,0,1,5,7
S01007252,75 to 84,28,13,13,0,15,0,0,0,0,15
S01007252,85 and over,8,4,3,1,4,0,0,0,0,4
S01007253,All HRPs,358,243,217,26,115,42,1,7,15,50
S01007253,24 and under,5,2,0,2,3,3,0,0,0,0
S01007253,25 to 34,23,16,13,3,7,7,0,0,0,0
S01007253,35 to 49,87,64,51,13,23,12,1,6,4,0
S01007253,50 to 64,105,82,74,8,23,8,0,0,9,6
S01007253,65 to 74,69,46,46,0,23,7,0,1,2,13
S01007253,75 to 84,61,32,32,0,29,5,0,0,0,24
S01007253,85 and over,8,1,1,0,7,0,0,0,0,7
S01007254,All HRPs,401,171,127,44,230,83,5,22,42,78
S01007254,24 and under,18,3,0,3,15,15,0,0,0,0
S01007254,25 to 34,57,31,15,16,26,20,2,3,1,0
S01007254,35 to 49,103,51,33,18,52,26,0,12,13,1
S01007254,50 to 64,86,44,41,3,42,11,0,7,18,6
S01007254,65 to 74,47,20,18,2,27,2,0,0,7,18
S01007254,75 to 84,62,19,17,2,43,8,1,0,3,31
S01007254,85 and over,28,3,3,0,25,1,2,0,0,22
S01007255,All HRPs,374,166,115,51,208,100,2,19,50,37
S01007255,24 and under,21,6,1,5,15,15,0,0,0,0
S01007255,25 to 34,73,31,20,11,42,36,0,3,3,0
S01007255,35 to 49,111,46,21,25,65,34,1,11,19,0
S01007255,50 to 64,93,56,48,8,37,6,0,4,22,5
S01007255,65 to 74,35,15,14,1,20,4,0,0,4,12
S01007255,75 to 84,30,10,9,1,20,5,1,1,2,11
S01007255,85 and over,11,2,2,0,9,0,0,0,0,9
S01007256,All HRPs,407,168,116,52,239,101,6,17,56,59
S01007256,24 and under,25,8,1,7,17,17,0,0,0,0
S01007256,25 to 34,77,37,12,25,40,34,1,1,4,0
S01007256,35 to 49,98,39,30,9,59,29,2,12,15,1
S01007256,50 to 64,101,51,42,9,50,11,1,3,29,6
S01007256,65 to 74,37,17,15,2,20,5,0,0,7,8
S01007256,75 to 84,43,12,12,0,31,4,0,1,1,25
S01007256,85 and over,26,4,4,0,22,1,2,0,0,19
S01007257,All HRPs,296,117,82,35,179,81,6,23,44,25
S01007257,24 and under,19,5,0,5,14,11,0,0,3,0
S01007257,25 to 34,62,24,9,15,38,33,0,3,1,1
S01007257,35 to 49,89,31,19,12,58,21,6,12,19,0
S01007257,50 to 64,58,25,22,3,33,10,0,5,14,4
S01007257,65 to 74,39,22,22,0,17,4,0,3,5,5
S01007257,75 to 84,14,5,5,0,9,0,0,0,2,7
S01007257,85 and over,15,5,5,0,10,2,0,0,0,8
S01007258,All HRPs,410,195,165,30,215,76,6,18,47,68
S01007258,24 and under,14,3,0,3,11,11,0,0,0,0
S01007258,25 to 34,45,22,14,8,23,20,0,2,1,0
S01007258,35 to 49,108,61,44,17,47,21,1,12,13,0
S01007258,50 to 64,111,62,61,1,49,13,3,2,22,9
S01007258,65 to 74,52,20,20,0,32,7,1,2,7,15
S01007258,75 to 84,55,21,21,0,34,3,0,0,4,27
S01007258,85 and over,25,6,5,1,19,1,1,0,0,17
S01007259,All HRPs,414,177,120,57,237,85,7,12,60,73
S01007259,24 and under,18,7,0,7,11,11,0,0,0,0
S01007259,25 to 34,61,29,7,22,32,29,0,0,3,0
S01007259,35 to 49,105,51,34,17,54,27,3,7,17,0
S01007259,50 to 64,93,47,39,8,46,9,3,4,23,7
S01007259,65 to 74,49,20,18,2,29,3,0,1,8,17
S01007259,75 to 84,65,20,19,1,45,6,1,0,8,30
S01007259,85 and over,23,3,3,0,20,0,0,0,1,19
S01007260,All HRPs,418,187,134,53,231,113,2,20,54,42
S01007260,24 and under,31,10,0,10,21,21,0,0,0,0
S01007260,25 to 34,71,34,14,20,37,33,0,2,2,0
S01007260,35 to 49,127,48,33,15,79,41,2,7,26,3
S01007260,50 to 64,111,63,58,5,48,13,0,11,18,6
S01007260,65 to 74,35,16,16,0,19,4,0,0,5,10
S01007260,75 to 84,39,14,11,3,25,1,0,0,3,21
S01007260,85 and over,4,2,2,0,2,0,0,0,0,2
S01007261,All HRPs,356,228,203,25,128,29,1,8,39,51
S01007261,24 and under,2,1,0,1,1,1,0,0,0,0
S01007261,25 to 34,20,12,4,8,8,7,0,0,1,0
S01007261,35 to 49,69,47,39,8,22,11,0,3,8,0
S01007261,50 to 64,133,97,90,7,36,5,1,5,17,8
S01007261,65 to 74,68,48,47,1,20,3,0,0,8,9
S01007261,75 to 84,51,20,20,0,31,1,0,0,5,25
S01007261,85 and over,13,3,3,0,10,1,0,0,0,9
S01007262,All HRPs,301,176,140,36,125,42,0,11,29,43
S01007262,24 and under,1,0,0,0,1,1,0,0,0,0
S01007262,25 to 34,41,25,16,9,16,16,0,0,0,0
S01007262,35 to 49,93,60,37,23,33,13,0,6,12,2
S01007262,50 to 64,77,45,41,4,32,6,0,4,15,7
S01007262,65 to 74,49,33,33,0,16,4,0,1,1,10
S01007262,75 to 84,29,9,9,0,20,1,0,0,1,18
S01007262,85 and over,11,4,4,0,7,1,0,0,0,6
S01007263,All HRPs,366,205,164,41,161,36,3,7,52,63
S01007263,24 and under,2,0,0,0,2,2,0,0,0,0
S01007263,25 to 34,51,33,11,22,18,16,0,1,1,0
S01007263,35 to 49,80,43,33,10,37,11,3,5,18,0
S01007263,50 to 64,109,65,59,6,44,5,0,0,26,13
S01007263,65 to 74,68,40,38,2,28,1,0,1,5,21
S01007263,75 to 84,49,22,21,1,27,1,0,0,2,24
S01007263,85 and over,7,2,2,0,5,0,0,0,0,5
S01007264,All HRPs,339,205,180,25,134,33,1,16,27,57
S01007264,24 and under,4,0,0,0,4,4,0,0,0,0
S01007264,25 to 34,21,14,8,6,7,5,0,1,1,0
S01007264,35 to 49,85,60,47,13,25,7,0,10,8,0
S01007264,50 to 64,92,71,66,5,21,6,0,3,8,4
S01007264,65 to 74,60,35,34,1,25,4,0,2,5,14
S01007264,75 to 84,53,20,20,0,33,4,1,0,3,25
S01007264,85 and over,24,5,5,0,19,3,0,0,2,14
S01007265,All HRPs,472,239,191,48,233,83,3,25,64,58
S01007265,24 and under,11,7,1,6,4,4,0,0,0,0
S01007265,25 to 34,56,33,19,14,23,23,0,0,0,0
S01007265,35 to 49,135,73,52,21,62,26,1,14,21,0
S01007265,50 to 64,137,78,73,5,59,10,1,11,27,10
S01007265,65 to 74,54,27,25,2,27,6,1,0,9,11
S01007265,75 to 84,52,18,18,0,34,8,0,0,7,19
S01007265,85 and over,27,3,3,0,24,6,0,0,0,18
S01007266,All HRPs,305,170,139,31,135,58,1,13,25,38
S01007266,24 and under,8,3,1,2,5,5,0,0,0,0
S01007266,25 to 34,27,15,8,7,12,12,0,0,0,0
S01007266,35 to 49,85,50,36,14,35,18,0,7,10,0
S01007266,50 to 64,91,58,54,4,33,16,0,5,11,1
S01007266,65 to 74,48,30,28,2,18,6,1,1,1,9
S01007266,75 to 84,32,9,7,2,23,1,0,0,3,19
S01007266,85 and over,14,5,5,0,9,0,0,0,0,9
S01007267,All HRPs,222,160,138,22,62,17,3,8,18,16
S01007267,24 and under,4,2,0,2,2,2,0,0,0,0
S01007267,25 to 34,8,6,2,4,2,2,0,0,0,0
S01007267,35 to 49,69,52,43,9,17,9,2,4,2,0
S01007267,50 to 64,81,64,60,4,17,2,0,3,11,1
S01007267,65 to 74,33,23,21,2,10,0,0,1,4,5
S01007267,75 to 84,18,10,9,1,8,2,0,0,0,6
S01007267,85 and over,9,3,3,0,6,0,1,0,1,4
S01007268,All HRPs,249,166,141,25,83,31,2,13,13,24
S01007268,24 and under,3,2,1,1,1,1,0,0,0,0
S01007268,25 to 34,20,8,6,2,12,9,0,2,0,1
S01007268,35 to 49,65,47,35,12,18,8,1,2,7,0
S01007268,50 to 64,97,74,66,8,23,8,0,9,4,2
S01007268,65 to 74,36,24,24,0,12,3,1,0,2,6
S01007268,75 to 84,24,10,8,2,14,2,0,0,0,12
S01007268,85 and over,4,1,1,0,3,0,0,0,0,3
S01007269,All HRPs,224,150,135,15,74,14,2,9,18,31
S01007269,24 and under,1,1,0,1,0,0,0,0,0,0
S01007269,25 to 34,9,8,6,2,1,0,0,0,1,0
S01007269,35 to 49,60,47,38,9,13,7,0,3,2,1
S01007269,50 to 64,73,49,46,3,24,3,1,2,12,6
S01007269,65 to 74,40,27,27,0,13,2,1,3,2,5
S01007269,75 to 84,30,16,16,0,14,2,0,1,1,10
S01007269,85 and over,11,2,2,0,9,0,0,0,0,9
S01007270,All HRPs,205,125,98,27,80,23,0,4,27,26
S01007270,24 and under,2,1,0,1,1,1,0,0,0,0
S01007270,25 to 34,13,7,2,5,6,6,0,0,0,0
S01007270,35 to 49,65,47,32,15,18,7,0,3,8,0
S01007270,50 to 64,66,38,33,5,28,6,0,1,16,5
S01007270,65 to 74,30,17,16,1,13,1,0,0,3,9
S01007270,75 to 84,21,14,14,0,7,0,0,0,0,7
S01007270,85 and over,8,1,1,0,7,2,0,0,0,5
S01007271,All HRPs,448,258,215,43,190,73,2,14,30,71
S01007271,24 and under,11,3,0,3,8,8,0,0,0,0
S01007271,25 to 34,46,21,6,15,25,24,0,1,0,0
S01007271,35 to 49,118,76,60,16,42,22,0,5,13,2
S01007271,50 to 64,134,91,82,9,43,13,0,8,8,14
S01007271,65 to 74,75,48,48,0,27,2,1,0,7,17
S01007271,75 to 84,43,15,15,0,28,2,1,0,2,23
S01007271,85 and over,21,4,4,0,17,2,0,0,0,15
S01007272,All HRPs,417,167,123,44,250,111,5,23,47,64
S01007272,24 and under,42,15,3,12,27,27,0,0,0,0
S01007272,25 to 34,59,31,14,17,28,26,0,0,2,0
S01007272,35 to 49,118,50,39,11,68,33,1,14,18,2
S01007272,50 to 64,75,34,31,3,41,16,1,6,11,7
S01007272,65 to 74,57,20,19,1,37,7,1,3,9,17
S01007272,75 to 84,48,13,13,0,35,1,2,0,7,25
S01007272,85 and over,18,4,4,0,14,1,0,0,0,13
S01007273,All HRPs,296,175,137,38,121,44,1,16,30,30
S01007273,24 and under,15,6,0,6,9,9,0,0,0,0
S01007273,25 to 34,37,21,8,13,16,15,0,1,0,0
S01007273,35 to 49,79,49,37,12,30,13,0,6,10,1
S01007273,50 to 64,79,50,44,6,29,1,0,8,14,6
S01007273,65 to 74,48,31,31,0,17,4,1,1,2,9
S01007273,75 to 84,32,15,14,1,17,1,0,0,4,12
S01007273,85 and over,6,3,3,0,3,1,0,0,0,2
S01007274,All HRPs,456,163,124,39,293,109,7,29,53,95
S01007274,24 and under,26,11,1,10,15,15,0,0,0,0
S01007274,25 to 34,55,21,9,12,34,27,0,5,2,0
S01007274,35 to 49,106,45,36,9,61,37,2,8,13,1
S01007274,50 to 64,103,51,43,8,52,13,1,12,20,6
S01007274,65 to 74,63,21,21,0,42,3,0,3,13,23
S01007274,75 to 84,62,8,8,0,54,10,3,1,5,35
S01007274,85 and over,41,6,6,0,35,4,1,0,0,30
S01007275,All HRPs,243,159,138,21,84,27,3,4,18,32
S01007275,24 and under,4,1,0,1,3,2,0,0,1,0
S01007275,25 to 34,15,10,5,5,5,5,0,0,0,0
S01007275,35 to 49,59,39,30,9,20,11,1,3,4,1
S01007275,50 to 64,78,58,53,5,20,8,0,1,7,4
S01007275,65 to 74,39,30,29,1,9,0,0,0,3,6
S01007275,75 to 84,33,19,19,0,14,0,0,0,3,11
S01007275,85 and over,15,2,2,0,13,1,2,0,0,10
S01007276,All HRPs,369,214,177,37,155,57,3,19,29,47
S01007276,24 and under,13,2,0,2,11,11,0,0,0,0
S01007276,25 to 34,42,21,14,7,21,18,1,1,0,1
S01007276,35 to 49,108,69,49,20,39,18,0,9,11,1
S01007276,50 to 64,95,60,52,8,35,7,1,6,11,10
S01007276,65 to 74,56,34,34,0,22,0,0,2,6,14
S01007276,75 to 84,45,27,27,0,18,3,1,1,1,12
S01007276,85 and over,10,1,1,0,9,0,0,0,0,9
S01007277,All HRPs,327,217,196,21,110,25,3,3,26,53
S01007277,24 and under,3,2,0,2,1,1,0,0,0,0
S01007277,25 to 34,18,11,6,5,7,7,0,0,0,0
S01007277,35 to 49,82,63,52,11,19,5,0,3,11,0
S01007277,50 to 64,94,75,73,2,19,5,0,0,9,5
S01007277,65 to 74,71,44,43,1,27,6,0,0,4,17
S01007277,75 to 84,46,21,21,0,25,1,3,0,2,19
S01007277,85 and over,13,1,1,0,12,0,0,0,0,12
S01007278,All HRPs,227,160,144,16,67,18,1,9,13,26
S01007278,24 and under,2,1,1,0,1,1,0,0,0,0
S01007278,25 to 34,13,12,9,3,1,1,0,0,0,0
S01007278,35 to 49,63,49,40,9,14,6,0,5,2,1
S01007278,50 to 64,75,59,56,3,16,3,0,4,7,2
S01007278,65 to 74,30,17,16,1,13,6,0,0,2,5
S01007278,75 to 84,37,22,22,0,15,1,1,0,2,11
S01007278,85 and over,7,0,0,0,7,0,0,0,0,7
S01007279,All HRPs,240,149,131,18,91,23,10,14,19,25
S01007279,24 and under,4,0,0,0,4,4,0,0,0,0
S01007279,25 to 34,9,7,3,4,2,1,0,0,1,0
S01007279,35 to 49,73,46,38,8,27,12,2,8,5,0
S01007279,50 to 64,82,57,53,4,25,3,8,4,9,1
S01007279,65 to 74,42,29,27,2,13,3,0,2,1,7
S01007279,75 to 84,20,4,4,0,16,0,0,0,3,13
S01007279,85 and over,10,6,6,0,4,0,0,0,0,4
S01007280,All HRPs,237,148,119,29,89,38,1,15,14,21
S01007280,24 and under,9,1,0,1,8,8,0,0,0,0
S01007280,25 to 34,28,13,8,5,15,14,0,0,1,0
S01007280,35 to 49,63,44,32,12,19,6,1,6,4,2
S01007280,50 to 64,82,56,45,11,26,8,0,9,5,4
S01007280,65 to 74,41,28,28,0,13,1,0,0,4,8
S01007280,75 to 84,7,5,5,0,2,1,0,0,0,1
S01007280,85 and over,7,1,1,0,6,0,0,0,0,6
S01007281,All HRPs,361,240,200,40,121,47,3,12,28,31
S01007281,24 and under,7,3,1,2,4,4,0,0,0,0
S01007281,25 to 34,37,22,14,8,15,14,0,0,1,0
S01007281,35 to 49,104,79,60,19,25,12,1,5,5,2
S01007281,50 to 64,142,93,82,11,49,10,2,7,18,12
S01007281,65 to 74,44,28,28,0,16,5,0,0,3,8
S01007281,75 to 84,21,12,12,0,9,1,0,0,1,7
S01007281,85 and over,6,3,3,0,3,1,0,0,0,2
S01007282,All HRPs,228,143,113,30,85,36,2,10,19,18
S01007282,24 and under,11,2,1,1,9,9,0,0,0,0
S01007282,25 to 34,26,15,7,8,11,10,0,1,0,0
S01007282,35 to 49,61,44,31,13,17,8,0,4,5,0
S01007282,50 to 64,82,57,50,7,25,7,1,5,10,2
S01007282,65 to 74,23,15,14,1,8,1,0,0,3,4
S01007282,75 to 84,22,8,8,0,14,1,1,0,1,11
S01007282,85 and over,3,2,2,0,1,0,0,0,0,1
S01007283,All HRPs,482,290,251,39,192,47,12,12,40,81
S01007283,24 and under,4,3,0,3,1,1,0,0,0,0
S01007283,25 to 34,24,18,9,9,6,5,0,1,0,0
S01007283,35 to 49,119,83,63,20,36,23,0,5,7,1
S01007283,50 to 64,119,91,87,4,28,6,2,6,10,4
S01007283,65 to 74,103,50,50,0,53,8,4,0,14,27
S01007283,75 to 84,68,32,30,2,36,2,6,0,8,20
S01007283,85 and over,45,13,12,1,32,2,0,0,1,29
S01007284,All HRPs,403,204,164,40,199,65,8,13,43,70
S01007284,24 and under,7,1,0,1,6,6,0,0,0,0
S01007284,25 to 34,34,23,9,14,11,10,0,0,1,0
S01007284,35 to 49,99,45,34,11,54,23,2,8,17,4
S01007284,50 to 64,132,86,74,12,46,17,2,1,16,10
S01007284,65 to 74,55,28,27,1,27,5,1,1,9,11
S01007284,75 to 84,60,19,18,1,41,3,3,2,0,33
S01007284,85 and over,16,2,2,0,14,1,0,1,0,12
S01007285,All HRPs,358,229,193,36,129,37,7,3,31,51
S01007285,24 and under,2,0,0,0,2,2,0,0,0,0
S01007285,25 to 34,25,22,12,10,3,3,0,0,0,0
S01007285,35 to 49,77,61,46,15,16,9,1,1,4,1
S01007285,50 to 64,122,77,68,9,45,12,3,2,17,11
S01007285,65 to 74,73,48,47,1,25,6,1,0,8,10
S01007285,75 to 84,42,17,16,1,25,3,2,0,2,18
S01007285,85 and over,17,4,4,0,13,2,0,0,0,11
S01007286,All HRPs,460,221,168,53,239,92,8,28,50,61
S01007286,24 and under,22,6,0,6,16,15,0,1,0,0
S01007286,25 to 34,53,35,10,25,18,17,0,1,0,0
S01007286,35 to 49,117,51,42,9,66,30,3,15,15,3
S01007286,50 to 64,138,81,71,10,57,14,5,8,21,9
S01007286,65 to 74,68,30,29,1,38,8,0,3,9,18
S01007286,75 to 84,37,12,11,1,25,5,0,0,5,15
S01007286,85 and over,25,6,5,1,19,3,0,0,0,16
S01007287,All HRPs,281,146,115,31,135,56,1,12,30,36
S01007287,24 and under,5,2,0,2,3,3,0,0,0,0
S01007287,25 to 34,22,13,5,8,9,8,0,1,0,0
S01007287,35 to 49,64,40,29,11,24,14,0,3,6,1
S01007287,50 to 64,100,48,42,6,52,25,1,6,13,7
S01007287,65 to 74,55,31,27,4,24,4,0,1,9,10
S01007287,75 to 84,20,9,9,0,11,1,0,1,1,8
S01007287,85 and over,15,3,3,0,12,1,0,0,1,10
S01007288,All HRPs,252,162,137,25,90,37,3,8,18,24
S01007288,24 and under,1,0,0,0,1,1,0,0,0,0
S01007288,25 to 34,10,8,2,6,2,2,0,0,0,0
S01007288,35 to 49,56,42,33,9,14,6,0,5,3,0
S01007288,50 to 64,97,70,63,7,27,16,0,2,7,2
S01007288,65 to 74,50,29,27,2,21,6,2,1,7,5
S01007288,75 to 84,24,11,10,1,13,4,0,0,0,9
S01007288,85 and over,14,2,2,0,12,2,1,0,1,8
S01007289,All HRPs,323,225,197,28,98,32,2,7,19,38
S01007289,24 and under,1,0,0,0,1,1,0,0,0,0
S01007289,25 to 34,20,16,9,7,4,4,0,0,0,0
S01007289,35 to 49,85,57,49,8,28,11,1,5,6,5
S01007289,50 to 64,131,98,88,10,33,12,1,2,11,7
S01007289,65 to 74,49,35,33,2,14,2,0,0,1,11
S01007289,75 to 84,28,16,15,1,12,2,0,0,1,9
S01007289,85 and over,9,3,3,0,6,0,0,0,0,6
S01007290,All HRPs,276,156,99,57,120,59,1,20,29,11
S01007290,24 and under,11,2,0,2,9,7,1,1,0,0
S01007290,25 to 34,78,48,21,27,30,25,0,2,3,0
S01007290,35 to 49,121,73,52,21,48,22,0,12,12,2
S01007290,50 to 64,52,30,23,7,22,4,0,5,13,0
S01007290,65 to 74,6,2,2,0,4,1,0,0,0,3
S01007290,75 to 84,6,1,1,0,5,0,0,0,1,4
S01007290,85 and over,2,0,0,0,2,0,0,0,0,2
S01007291,All HRPs,329,139,109,30,190,73,3,20,40,54
S01007291,24 and under,6,1,0,1,5,4,0,0,0,1
S01007291,25 to 34,36,15,8,7,21,15,1,5,0,0
S01007291,35 to 49,85,40,25,15,45,29,1,7,8,0
S01007291,50 to 64,90,47,42,5,43,14,0,8,17,4
S01007291,65 to 74,51,20,18,2,31,3,1,0,12,15
S01007291,75 to 84,43,15,15,0,28,4,0,0,3,21
S01007291,85 and over,18,1,1,0,17,4,0,0,0,13
S01007292,All HRPs,320,210,179,31,110,31,2,11,18,48
S01007292,24 and under,4,2,0,2,2,2,0,0,0,0
S01007292,25 to 34,26,16,9,7,10,8,2,0,0,0
S01007292,35 to 49,88,70,58,12,18,8,0,3,5,2
S01007292,50 to 64,122,80,70,10,42,11,0,7,10,14
S01007292,65 to 74,48,27,27,0,21,2,0,1,3,15
S01007292,75 to 84,25,12,12,0,13,0,0,0,0,13
S01007292,85 and over,7,3,3,0,4,0,0,0,0,4
S01007293,All HRPs,310,137,96,41,173,79,2,27,41,24
S01007293,24 and under,18,4,0,4,14,13,0,0,1,0
S01007293,25 to 34,58,24,12,12,34,31,0,3,0,0
S01007293,35 to 49,121,48,31,17,73,26,1,16,27,3
S01007293,50 to 64,65,40,32,8,25,5,1,6,8,5
S01007293,65 to 74,27,13,13,0,14,2,0,1,4,7
S01007293,75 to 84,20,8,8,0,12,2,0,1,1,8
S01007293,85 and over,1,0,0,0,1,0,0,0,0,1
S01007294,All HRPs,378,201,169,32,177,64,1,19,44,49
S01007294,24 and under,6,2,0,2,4,4,0,0,0,0
S01007294,25 to 34,43,19,11,8,24,21,0,2,1,0
S01007294,35 to 49,105,64,51,13,41,18,1,7,12,3
S01007294,50 to 64,121,79,72,7,42,10,0,8,21,3
S01007294,65 to 74,54,25,24,1,29,4,0,2,8,15
S01007294,75 to 84,41,12,11,1,29,4,0,0,2,23
S01007294,85 and over,8,0,0,0,8,3,0,0,0,5
S01007295,All HRPs,307,67,37,30,240,113,3,19,53,52
S01007295,24 and under,23,8,0,8,15,15,0,0,0,0
S01007295,25 to 34,46,9,2,7,37,32,1,1,3,0
S01007295,35 to 49,66,23,13,10,43,26,0,10,5,2
S01007295,50 to 64,82,20,17,3,62,23,2,6,26,5
S01007295,65 to 74,31,3,3,0,28,7,0,1,13,7
S01007295,75 to 84,32,4,2,2,28,6,0,0,2,20
S01007295,85 and over,27,0,0,0,27,4,0,1,4,18
S01007296,All HRPs,354,88,48,40,266,147,8,16,53,42
S01007296,24 and under,33,5,0,5,28,27,1,0,0,0
S01007296,25 to 34,64,20,1,19,44,43,0,0,1,0
S01007296,35 to 49,76,21,10,11,55,38,2,6,9,0
S01007296,50 to 64,81,23,18,5,58,17,2,7,26,6
S01007296,65 to 74,54,11,11,0,43,12,0,3,12,16
S01007296,75 to 84,35,7,7,0,28,6,3,0,5,14
S01007296,85 and over,11,1,1,0,10,4,0,0,0,6
S01007297,All HRPs,444,196,155,41,248,134,10,20,38,46
S01007297,24 and under,27,5,0,5,22,22,0,0,0,0
S01007297,25 to 34,79,29,13,16,50,46,1,3,0,0
S01007297,35 to 49,106,53,46,7,53,36,5,5,6,1
S01007297,50 to 64,126,69,59,10,57,19,4,7,24,3
S01007297,65 to 74,59,29,28,1,30,5,0,5,5,15
S01007297,75 to 84,31,8,7,1,23,4,0,0,2,17
S01007297,85 and over,16,3,2,1,13,2,0,0,1,10
S01007298,All HRPs,244,119,91,28,125,30,4,10,25,56
S01007298,24 and under,4,2,0,2,2,2,0,0,0,0
S01007298,25 to 34,26,19,9,10,7,7,0,0,0,0
S01007298,35 to 49,58,33,22,11,25,8,1,6,7,3
S01007298,50 to 64,67,42,38,4,25,4,2,2,12,5
S01007298,65 to 74,52,18,17,1,34,9,0,1,5,19
S01007298,75 to 84,29,5,5,0,24,0,1,1,1,21
S01007298,85 and over,8,0,0,0,8,0,0,0,0,8
S01007299,All HRPs,387,174,121,53,213,100,5,25,48,35
S01007299,24 and under,23,8,0,8,15,15,0,0,0,0
S01007299,25 to 34,70,35,15,20,35,29,0,3,2,1
S01007299,35 to 49,102,46,28,18,56,30,3,8,13,2
S01007299,50 to 64,103,60,53,7,43,13,2,11,15,2
S01007299,65 to 74,44,9,9,0,35,5,0,3,18,9
S01007299,75 to 84,38,15,15,0,23,7,0,0,0,16
S01007299,85 and over,7,1,1,0,6,1,0,0,0,5
S01007300,All HRPs,241,94,72,22,147,69,0,10,33,35
S01007300,24 and under,14,3,0,3,11,11,0,0,0,0
S01007300,25 to 34,41,13,7,6,28,25,0,3,0,0
S01007300,35 to 49,65,27,18,9,38,21,0,4,12,1
S01007300,50 to 64,57,27,24,3,30,8,0,3,15,4
S01007300,65 to 74,22,10,9,1,12,3,0,0,2,7
S01007300,75 to 84,32,11,11,0,21,0,0,0,1,20
S01007300,85 and over,10,3,3,0,7,1,0,0,3,3
S01007301,All HRPs,311,212,183,29,99,20,3,12,15,49
S01007301,24 and under,2,2,0,2,0,0,0,0,0,0
S01007301,25 to 34,10,10,7,3,0,0,0,0,0,0
S01007301,35 to 49,71,56,49,7,15,5,1,6,2,1
S01007301,50 to 64,111,78,67,11,33,12,1,5,6,9
S01007301,65 to 74,59,38,34,4,21,1,0,1,5,14
S01007301,75 to 84,48,25,23,2,23,1,1,0,2,19
S01007301,85 and over,10,3,3,0,7,1,0,0,0,6
S01007302,All HRPs,280,151,125,26,129,40,2,7,32,48
S01007302,24 and under,8,1,0,1,7,7,0,0,0,0
S01007302,25 to 34,25,21,10,11,4,4,0,0,0,0
S01007302,35 to 49,67,46,37,9,21,11,0,4,5,1
S01007302,50 to 64,94,57,52,5,37,11,1,2,13,10
S01007302,65 to 74,43,18,18,0,25,5,0,1,7,12
S01007302,75 to 84,33,7,7,0,26,2,1,0,7,16
S01007302,85 and over,10,1,1,0,9,0,0,0,0,9
S01007303,All HRPs,366,239,204,35,127,45,5,4,25,48
S01007303,24 and under,5,1,0,1,4,4,0,0,0,0
S01007303,25 to 34,32,19,13,6,13,12,1,0,0,0
S01007303,35 to 49,100,85,68,17,15,9,0,2,3,1
S01007303,50 to 64,114,75,65,10,39,9,3,2,17,8
S01007303,65 to 74,57,41,40,1,16,4,1,0,3,8
S01007303,75 to 84,35,12,12,0,23,6,0,0,1,16
S01007303,85 and over,23,6,6,0,17,1,0,0,1,15
S01007304,All HRPs,310,194,168,26,116,32,4,5,20,55
S01007304,24 and under,2,0,0,0,2,2,0,0,0,0
S01007304,25 to 34,15,11,8,3,4,3,0,1,0,0
S01007304,35 to 49,58,44,36,8,14,6,0,3,3,2
S01007304,50 to 64,87,70,58,12,17,7,0,1,7,2
S01007304,65 to 74,84,49,47,2,35,9,4,0,7,15
S01007304,75 to 84,51,19,18,1,32,3,0,0,2,27
S01007304,85 and over,13,1,1,0,12,2,0,0,1,9
S01007305,All HRPs,305,214,186,28,91,29,2,6,24,30
S01007305,24 and under,1,0,0,0,1,1,0,0,0,0
S01007305,25 to 34,21,15,6,9,6,5,1,0,0,0
S01007305,35 to 49,78,66,55,11,12,6,0,2,2,2
S01007305,50 to 64,110,84,78,6,26,9,0,4,11,2
S01007305,65 to 74,50,27,25,2,23,5,1,0,8,9
S01007305,75 to 84,33,16,16,0,17,3,0,0,3,11
S01007305,85 and over,12,6,6,0,6,0,0,0,0,6
S01007306,All HRPs,342,198,166,32,144,40,2,14,41,47
S01007306,24 and under,2,0,0,0,2,2,0,0,0,0
S01007306,25 to 34,29,19,7,12,10,6,0,1,3,0
S01007306,35 to 49,97,61,50,11,36,14,1,9,12,0
S01007306,50 to 64,105,67,60,7,38,11,0,4,19,4
S01007306,65 to 74,61,38,36,2,23,2,0,0,5,16
S01007306,75 to 84,32,12,12,0,20,3,1,0,2,14
S01007306,85 and over,16,1,1,0,15,2,0,0,0,13
S01007307,All HRPs,337,219,188,31,118,39,5,14,21,39
S01007307,24 and under,5,1,0,1,4,4,0,0,0,0
S01007307,25 to 34,14,8,6,2,6,4,2,0,0,0
S01007307,35 to 49,96,68,54,14,28,16,0,5,4,3
S01007307,50 to 64,123,88,77,11,35,11,2,5,12,5
S01007307,65 to 74,60,38,36,2,22,3,1,3,5,10
S01007307,75 to 84,34,14,13,1,20,0,0,1,0,19
S01007307,85 and over,5,2,2,0,3,1,0,0,0,2
S01007308,All HRPs,339,196,165,31,143,39,6,15,30,53
S01007308,24 and under,4,1,0,1,3,3,0,0,0,0
S01007308,25 to 34,15,7,4,3,8,7,0,1,0,0
S01007308,35 to 49,92,65,48,17,27,8,4,5,9,1
S01007308,50 to 64,112,74,65,9,38,10,2,4,13,9
S01007308,65 to 74,66,38,37,1,28,5,0,2,7,14
S01007308,75 to 84,37,9,9,0,28,5,0,3,1,19
S01007308,85 and over,13,2,2,0,11,1,0,0,0,10
S01007309,All HRPs,277,168,145,23,109,38,7,11,24,29
S01007309,24 and under,4,0,0,0,4,4,0,0,0,0
S01007309,25 to 34,14,7,2,5,7,5,0,1,1,0
S01007309,35 to 49,74,41,34,7,33,20,0,6,7,0
S01007309,50 to 64,116,80,71,9,36,8,7,4,11,6
S01007309,65 to 74,40,23,21,2,17,1,0,0,4,12
S01007309,75 to 84,21,14,14,0,7,0,0,0,1,6
S01007309,85 and over,8,3,3,0,5,0,0,0,0,5
S01007310,All HRPs,380,230,194,36,150,51,5,15,36,43
S01007310,24 and under,8,2,0,2,6,6,0,0,0,0
S01007310,25 to 34,22,15,8,7,7,5,0,1,1,0
S01007310,35 to 49,79,51,40,11,28,17,2,5,4,0
S01007310,50 to 64,125,86,73,13,39,10,1,5,20,3
S01007310,65 to 74,83,50,47,3,33,7,1,1,8,16
S01007310,75 to 84,44,22,22,0,22,2,1,2,3,14
S01007310,85 and over,19,4,4,0,15,4,0,1,0,10
S01007311,All HRPs,343,182,145,37,161,57,0,17,36,51
S01007311,24 and under,4,3,1,2,1,1,0,0,0,0
S01007311,25 to 34,49,22,12,10,27,26,0,0,1,0
S01007311,35 to 49,87,58,41,17,29,11,0,6,11,1
S01007311,50 to 64,100,57,51,6,43,11,0,9,12,11
S01007311,65 to 74,58,29,27,2,29,3,0,2,11,13
S01007311,75 to 84,35,13,13,0,22,3,0,0,1,18
S01007311,85 and over,10,0,0,0,10,2,0,0,0,8
S01007312,All HRPs,355,216,187,29,139,42,4,19,26,48
S01007312,24 and under,9,0,0,0,9,9,0,0,0,0
S01007312,25 to 34,24,13,6,7,11,6,0,5,0,0
S01007312,35 to 49,81,56,43,13,25,13,0,7,4,1
S01007312,50 to 64,112,75,68,7,37,7,2,6,14,8
S01007312,65 to 74,71,44,42,2,27,3,1,1,5,17
S01007312,75 to 84,45,23,23,0,22,2,1,0,2,17
S01007312,85 and over,13,5,5,0,8,2,0,0,1,5
S01007313,All HRPs,436,282,240,42,154,46,3,11,37,57
S01007313,24 and under,1,0,0,0,1,1,0,0,0,0
S01007313,25 to 34,20,8,4,4,12,10,1,0,1,0
S01007313,35 to 49,115,89,71,18,26,15,1,5,5,0
S01007313,50 to 64,141,104,88,16,37,7,1,4,16,9
S01007313,65 to 74,107,63,59,4,44,8,0,2,12,22
S01007313,75 to 84,39,16,16,0,23,1,0,0,3,19
S01007313,85 and over,13,2,2,0,11,4,0,0,0,7
S01007314,All HRPs,292,175,137,38,117,43,8,12,27,27
S01007314,24 and under,8,2,0,2,6,6,0,0,0,0
S01007314,25 to 34,24,14,8,6,10,6,0,3,1,0
S01007314,35 to 49,89,56,37,19,33,12,6,5,10,0
S01007314,50 to 64,104,69,59,10,35,11,2,3,12,7
S01007314,65 to 74,39,25,24,1,14,5,0,1,3,5
S01007314,75 to 84,16,7,7,0,9,2,0,0,1,6
S01007314,85 and over,12,2,2,0,10,1,0,0,0,9
S01007315,All HRPs,434,245,185,60,189,67,6,18,40,58
S01007315,24 and under,12,4,1,3,8,8,0,0,0,0
S01007315,25 to 34,57,34,10,24,23,22,1,0,0,0
S01007315,35 to 49,128,87,63,24,41,14,1,9,15,2
S01007315,50 to 64,110,63,55,8,47,13,2,4,18,10
S01007315,65 to 74,64,29,28,1,35,8,1,4,6,16
S01007315,75 to 84,44,23,23,0,21,1,1,1,1,17
S01007315,85 and over,19,5,5,0,14,1,0,0,0,13
S01007316,All HRPs,449,185,138,47,264,105,4,25,60,70
S01007316,24 and under,18,8,0,8,10,10,0,0,0,0
S01007316,25 to 34,45,22,5,17,23,21,0,1,1,0
S01007316,35 to 49,115,47,32,15,68,34,2,9,21,2
S01007316,50 to 64,125,63,57,6,62,22,0,11,18,11
S01007316,65 to 74,75,32,31,1,43,8,0,3,10,22
S01007316,75 to 84,53,11,11,0,42,7,2,1,9,23
S01007316,85 and over,18,2,2,0,16,3,0,0,1,12
S01007317,All HRPs,266,152,118,34,114,47,3,20,21,23
S01007317,24 and under,8,1,0,1,7,7,0,0,0,0
S01007317,25 to 34,29,14,6,8,15,14,0,1,0,0
S01007317,35 to 49,96,64,47,17,32,15,1,10,6,0
S01007317,50 to 64,88,51,43,8,37,7,1,8,13,8
S01007317,65 to 74,31,15,15,0,16,3,1,1,1,10
S01007317,75 to 84,14,7,7,0,7,1,0,0,1,5
S01007317,85 and over,0,0,0,0,0,0,0,0,0,0
S01007318,All HRPs,274,150,119,31,124,34,3,13,34,40
S01007318,24 and under,4,3,1,2,1,1,0,0,0,0
S01007318,25 to 34,20,11,5,6,9,6,0,2,1,0
S01007318,35 to 49,91,56,42,14,35,12,1,6,13,3
S01007318,50 to 64,81,51,44,7,30,10,1,4,9,6
S01007318,65 to 74,47,20,18,2,27,4,0,1,9,13
S01007318,75 to 84,23,8,8,0,15,0,1,0,2,12
S01007318,85 and over,8,1,1,0,7,1,0,0,0,6
S01007319,All HRPs,369,175,144,31,194,81,6,16,30,61
S01007319,24 and under,17,4,2,2,13,13,0,0,0,0
S01007319,25 to 34,35,16,6,10,19,17,0,2,0,0
S01007319,35 to 49,83,50,37,13,33,18,4,7,2,2
S01007319,50 to 64,109,60,55,5,49,15,2,5,15,12
S01007319,65 to 74,67,30,30,0,37,13,0,1,8,15
S01007319,75 to 84,33,14,13,1,19,2,0,1,4,12
S01007319,85 and over,25,1,1,0,24,3,0,0,1,20
S01007320,All HRPs,353,201,175,26,152,43,13,15,28,53
S01007320,24 and under,6,1,0,1,5,5,0,0,0,0
S01007320,25 to 34,14,8,4,4,6,5,1,0,0,0
S01007320,35 to 49,90,60,49,11,30,12,5,7,6,0
S01007320,50 to 64,110,69,62,7,41,11,2,4,15,9
S01007320,65 to 74,64,38,37,1,26,5,1,4,2,14
S01007320,75 to 84,56,22,20,2,34,4,2,0,4,24
S01007320,85 and over,13,3,3,0,10,1,2,0,1,6
S01007321,All HRPs,271,178,157,21,93,44,4,5,16,24
S01007321,24 and under,1,0,0,0,1,1,0,0,0,0
S01007321,25 to 34,10,2,1,1,8,7,0,1,0,0
S01007321,35 to 49,57,38,30,8,19,15,2,0,2,0
S01007321,50 to 64,105,73,66,7,32,14,2,3,9,4
S01007321,65 to 74,64,51,47,4,13,5,0,0,2,6
S01007321,75 to 84,27,14,13,1,13,2,0,1,2,8
S01007321,85 and over,7,0,0,0,7,0,0,0,1,6
S01007322,All HRPs,376,171,129,42,205,80,6,23,37,59
S01007322,24 and under,9,4,0,4,5,5,0,0,0,0
S01007322,25 to 34,41,19,10,9,22,20,2,0,0,0
S01007322,35 to 49,107,54,36,18,53,24,3,10,14,2
S01007322,50 to 64,101,50,43,7,51,18,0,11,17,5
S01007322,65 to 74,50,25,23,2,25,6,0,2,3,14
S01007322,75 to 84,56,17,15,2,39,7,0,0,1,31
S01007322,85 and over,12,2,2,0,10,0,1,0,2,7
S01007323,All HRPs,227,111,91,20,116,30,7,9,29,41
S01007323,24 and under,1,1,0,1,0,0,0,0,0,0
S01007323,25 to 34,17,5,2,3,12,7,0,4,1,0
S01007323,35 to 49,57,37,23,14,20,13,2,2,3,0
S01007323,50 to 64,79,42,40,2,37,8,4,3,18,4
S01007323,65 to 74,32,16,16,0,16,1,0,0,6,9
S01007323,75 to 84,24,5,5,0,19,1,1,0,1,16
S01007323,85 and over,17,5,5,0,12,0,0,0,0,12
S01007324,All HRPs,167,88,73,15,79,22,2,4,20,31
S01007324,24 and under,0,0,0,0,0,0,0,0,0,0
S01007324,25 to 34,9,7,2,5,2,2,0,0,0,0
S01007324,35 to 49,40,25,19,6,15,8,2,0,5,0
S01007324,50 to 64,65,42,39,3,23,7,0,2,9,5
S01007324,65 to 74,28,9,8,1,19,3,0,2,5,9
S01007324,75 to 84,14,2,2,0,12,2,0,0,0,10
S01007324,85 and over,11,3,3,0,8,0,0,0,1,7
S01007325,All HRPs,393,203,168,35,190,57,9,24,47,53
S01007325,24 and under,4,1,0,1,3,3,0,0,0,0
S01007325,25 to 34,27,17,7,10,10,10,0,0,0,0
S01007325,35 to 49,95,57,46,11,38,13,4,8,11,2
S01007325,50 to 64,123,72,64,8,51,15,2,9,19,6
S01007325,65 to 74,81,34,30,4,47,11,1,7,14,14
S01007325,75 to 84,47,18,17,1,29,3,2,0,3,21
S01007325,85 and over,16,4,4,0,12,2,0,0,0,10
S01007326,All HRPs,346,225,187,38,121,38,5,9,24,45
S01007326,24 and under,2,2,0,2,0,0,0,0,0,0
S01007326,25 to 34,16,10,2,8,6,6,0,0,0,0
S01007326,35 to 49,71,51,33,18,20,7,1,5,6,1
S01007326,50 to 64,122,89,82,7,33,13,2,2,13,3
S01007326,65 to 74,80,56,53,3,24,6,1,0,3,14
S01007326,75 to 84,39,15,15,0,24,5,1,2,2,14
S01007326,85 and over,16,2,2,0,14,1,0,0,0,13
S01007327,All HRPs,350,177,134,43,173,72,2,16,32,51
S01007327,24 and under,5,2,0,2,3,3,0,0,0,0
S01007327,25 to 34,32,16,7,9,16,11,0,3,2,0
S01007327,35 to 49,106,55,30,25,51,36,0,7,8,0
S01007327,50 to 64,87,50,44,6,37,9,2,3,16,7
S01007327,65 to 74,57,31,30,1,26,3,0,2,6,15
S01007327,75 to 84,44,16,16,0,28,9,0,1,0,18
S01007327,85 and over,19,7,7,0,12,1,0,0,0,11
S01007328,All HRPs,390,193,151,42,197,70,3,22,36,66
S01007328,24 and under,6,3,0,3,3,3,0,0,0,0
S01007328,25 to 34,37,20,9,11,17,16,0,0,1,0
S01007328,35 to 49,92,48,35,13,44,24,0,10,10,0
S01007328,50 to 64,124,70,58,12,54,11,2,11,17,13
S01007328,65 to 74,68,31,29,2,37,8,0,1,4,24
S01007328,75 to 84,47,19,18,1,28,7,0,0,2,19
S01007328,85 and over,16,2,2,0,14,1,1,0,2,10
S01007329,All HRPs,314,174,150,24,140,52,9,13,18,48
S01007329,24 and under,10,4,3,1,6,6,0,0,0,0
S01007329,25 to 34,10,5,2,3,5,4,0,0,1,0
S01007329,35 to 49,85,55,46,9,30,15,4,8,3,0
S01007329,50 to 64,98,67,56,11,31,17,1,3,8,2
S01007329,65 to 74,59,29,29,0,30,7,4,1,6,12
S01007329,75 to 84,31,11,11,0,20,1,0,0,0,19
S01007329,85 and over,21,3,3,0,18,2,0,1,0,15
S01007330,All HRPs,375,227,197,30,148,36,4,18,29,61
S01007330,24 and under,1,1,1,0,0,0,0,0,0,0
S01007330,25 to 34,18,12,6,6,6,6,0,0,0,0
S01007330,35 to 49,73,46,35,11,27,16,1,6,4,0
S01007330,50 to 64,111,80,71,9,31,6,2,3,14,6
S01007330,65 to 74,88,57,54,3,31,1,0,7,9,14
S01007330,75 to 84,58,26,25,1,32,3,1,2,2,24
S01007330,85 and over,26,5,5,0,21,4,0,0,0,17
S01007331,All HRPs,419,267,216,51,152,59,3,14,34,42
S01007331,24 and under,5,2,0,2,3,3,0,0,0,0
S01007331,25 to 34,28,19,8,11,9,7,1,1,0,0
S01007331,35 to 49,123,88,59,29,35,18,0,6,9,2
S01007331,50 to 64,141,95,90,5,46,15,0,6,21,4
S01007331,65 to 74,64,36,34,2,28,7,2,1,3,15
S01007331,75 to 84,40,22,20,2,18,5,0,0,0,13
S01007331,85 and over,18,5,5,0,13,4,0,0,1,8
S01007332,All HRPs,219,136,124,12,83,28,1,8,12,34
S01007332,24 and under,1,1,0,1,0,0,0,0,0,0
S01007332,25 to 34,5,2,0,2,3,3,0,0,0,0
S01007332,35 to 49,45,36,33,3,9,5,0,2,2,0
S01007332,50 to 64,79,52,48,4,27,9,0,6,8,4
S01007332,65 to 74,50,33,31,2,17,5,1,0,0,11
S01007332,75 to 84,26,10,10,0,16,2,0,0,1,13
S01007332,85 and over,13,2,2,0,11,4,0,0,1,6
S01007333,All HRPs,367,207,176,31,160,43,2,13,49,53
S01007333,24 and under,4,2,0,2,2,2,0,0,0,0
S01007333,25 to 34,23,12,7,5,11,9,0,2,0,0
S01007333,35 to 49,81,53,38,15,28,14,0,5,9,0
S01007333,50 to 64,131,72,63,9,59,14,1,6,33,5
S01007333,65 to 74,61,37,37,0,24,1,0,0,6,17
S01007333,75 to 84,50,28,28,0,22,1,1,0,1,19
S01007333,85 and over,17,3,3,0,14,2,0,0,0,12
S01007334,All HRPs,391,127,94,33,264,115,3,16,57,73
S01007334,24 and under,35,6,0,6,29,29,0,0,0,0
S01007334,25 to 34,39,14,7,7,25,21,0,1,3,0
S01007334,35 to 49,89,39,27,12,50,28,0,6,13,3
S01007334,50 to 64,92,38,32,6,54,19,0,6,26,3
S01007334,65 to 74,64,20,20,0,44,9,1,2,12,20
S01007334,75 to 84,54,9,8,1,45,6,2,1,3,33
S01007334,85 and over,18,1,0,1,17,3,0,0,0,14
S01007335,All HRPs,412,171,141,30,241,117,4,12,43,65
S01007335,24 and under,29,6,1,5,23,22,0,1,0,0
S01007335,25 to 34,58,19,7,12,39,38,0,0,1,0
S01007335,35 to 49,89,46,35,11,43,19,0,9,14,1
S01007335,50 to 64,105,50,48,2,55,20,1,1,23,10
S01007335,65 to 74,63,26,26,0,37,10,3,1,3,20
S01007335,75 to 84,55,23,23,0,32,6,0,0,2,24
S01007335,85 and over,13,1,1,0,12,2,0,0,0,10
S01007336,All HRPs,302,80,56,24,222,136,6,19,42,19
S01007336,24 and under,40,4,0,4,36,36,0,0,0,0
S01007336,25 to 34,57,17,7,10,40,37,1,1,1,0
S01007336,35 to 49,75,22,16,6,53,33,1,9,9,1
S01007336,50 to 64,68,17,14,3,51,15,3,7,21,5
S01007336,65 to 74,41,13,13,0,28,10,1,2,11,4
S01007336,75 to 84,15,6,5,1,9,4,0,0,0,5
S01007336,85 and over,6,1,1,0,5,1,0,0,0,4
S01007337,All HRPs,380,127,100,27,253,111,4,10,47,81
S01007337,24 and under,12,2,0,2,10,10,0,0,0,0
S01007337,25 to 34,35,7,1,6,28,25,2,0,1,0
S01007337,35 to 49,82,40,33,7,42,29,0,3,9,1
S01007337,50 to 64,86,34,28,6,52,19,0,7,21,5
S01007337,65 to 74,69,23,22,1,46,12,0,0,13,21
S01007337,75 to 84,69,16,11,5,53,12,2,0,3,36
S01007337,85 and over,27,5,5,0,22,4,0,0,0,18
S01007338,All HRPs,302,185,157,28,117,30,0,12,25,50
S01007338,24 and under,6,5,0,5,1,1,0,0,0,0
S01007338,25 to 34,20,14,9,5,6,6,0,0,0,0
S01007338,35 to 49,87,57,47,10,30,10,0,5,13,2
S01007338,50 to 64,92,63,56,7,29,5,0,7,9,8
S01007338,65 to 74,53,29,28,1,24,5,0,0,2,17
S01007338,75 to 84,36,15,15,0,21,2,0,0,1,18
S01007338,85 and over,8,2,2,0,6,1,0,0,0,5
S01007339,All HRPs,302,161,139,22,141,44,3,8,21,65
S01007339,24 and under,4,1,0,1,3,3,0,0,0,0
S01007339,25 to 34,17,8,5,3,9,9,0,0,0,0
S01007339,35 to 49,65,47,36,11,18,8,0,3,7,0
S01007339,50 to 64,83,49,42,7,34,10,1,5,12,6
S01007339,65 to 74,62,32,32,0,30,5,1,0,2,22
S01007339,75 to 84,60,22,22,0,38,8,1,0,0,29
S01007339,85 and over,11,2,2,0,9,1,0,0,0,8
S01007340,All HRPs,273,102,85,17,171,62,6,21,29,53
S01007340,24 and under,6,3,0,3,3,3,0,0,0,0
S01007340,25 to 34,21,11,6,5,10,8,0,1,1,0
S01007340,35 to 49,54,27,21,6,27,17,0,3,6,1
S01007340,50 to 64,82,30,29,1,52,18,1,11,11,11
S01007340,65 to 74,63,21,19,2,42,10,5,6,6,15
S01007340,75 to 84,28,7,7,0,21,4,0,0,4,13
S01007340,85 and over,19,3,3,0,16,2,0,0,1,13
S01007341,All HRPs,394,190,173,17,204,65,8,16,42,73
S01007341,24 and under,10,1,1,0,9,9,0,0,0,0
S01007341,25 to 34,21,7,4,3,14,13,0,0,1,0
S01007341,35 to 49,71,44,39,5,27,17,1,2,6,1
S01007341,50 to 64,119,59,56,3,60,14,3,14,22,7
S01007341,65 to 74,83,48,43,5,35,6,2,0,7,20
S01007341,75 to 84,65,29,28,1,36,4,2,0,5,25
S01007341,85 and over,25,2,2,0,23,2,0,0,1,20
S01007342,All HRPs,359,236,210,26,123,24,4,9,22,64
S01007342,24 and under,2,1,0,1,1,1,0,0,0,0
S01007342,25 to 34,2,1,1,0,1,1,0,0,0,0
S01007342,35 to 49,67,53,41,12,14,7,0,3,4,0
S01007342,50 to 64,144,103,92,11,41,7,4,5,17,8
S01007342,65 to 74,76,49,47,2,27,6,0,0,0,21
S01007342,75 to 84,54,26,26,0,28,2,0,1,1,24
S01007342,85 and over,14,3,3,0,11,0,0,0,0,11
S01007343,All HRPs,302,187,169,18,115,36,6,4,23,46
S01007343,24 and under,1,1,0,1,0,0,0,0,0,0
S01007343,25 to 34,11,7,4,3,4,4,0,0,0,0
S01007343,35 to 49,63,43,37,6,20,9,2,1,6,2
S01007343,50 to 64,100,72,66,6,28,7,2,2,9,8
S01007343,65 to 74,59,38,36,2,21,10,0,0,4,7
S01007343,75 to 84,42,20,20,0,22,4,0,0,3,15
S01007343,85 and over,26,6,6,0,20,2,2,1,1,14
S01007344,All HRPs,242,99,87,12,143,33,3,16,38,53
S01007344,24 and under,1,0,0,0,1,1,0,0,0,0
S01007344,25 to 34,13,4,2,2,9,6,0,3,0,0
S01007344,35 to 49,35,16,11,5,19,11,0,3,5,0
S01007344,50 to 64,86,37,32,5,49,8,2,7,23,9
S01007344,65 to 74,47,23,23,0,24,2,0,2,7,13
S01007344,75 to 84,46,17,17,0,29,2,1,1,3,22
S01007344,85 and over,14,2,2,0,12,3,0,0,0,9
S01007345,All HRPs,315,97,55,42,218,98,3,15,48,54
S01007345,24 and under,32,4,0,4,28,28,0,0,0,0
S01007345,25 to 34,51,21,8,13,30,26,1,1,2,0
S01007345,35 to 49,72,35,24,11,37,24,0,4,8,1
S01007345,50 to 64,66,23,13,10,43,7,0,7,23,6
S01007345,65 to 74,44,6,4,2,38,7,0,2,14,15
S01007345,75 to 84,33,8,6,2,25,6,0,1,1,17
S01007345,85 and over,17,0,0,0,17,0,2,0,0,15
S01007346,All HRPs,351,85,59,26,266,114,5,18,72,57
S01007346,24 and under,19,2,0,2,17,17,0,0,0,0
S01007346,25 to 34,53,14,5,9,39,35,2,1,1,0
S01007346,35 to 49,63,12,6,6,51,26,0,9,16,0
S01007346,50 to 64,101,23,17,6,78,26,1,8,37,6
S01007346,65 to 74,55,16,15,1,39,6,0,0,12,21
S01007346,75 to 84,43,14,12,2,29,3,0,0,5,21
S01007346,85 and over,17,4,4,0,13,1,2,0,1,9
S01007347,All HRPs,351,119,98,21,232,87,3,12,64,66
S01007347,24 and under,19,3,1,2,16,16,0,0,0,0
S01007347,25 to 34,26,7,3,4,19,18,0,0,1,0
S01007347,35 to 49,65,24,18,6,41,27,1,2,10,1
S01007347,50 to 64,116,45,38,7,71,18,0,7,32,14
S01007347,65 to 74,64,26,25,1,38,3,1,3,15,16
S01007347,75 to 84,47,14,13,1,33,4,1,0,5,23
S01007347,85 and over,14,0,0,0,14,1,0,0,1,12
S01007348,All HRPs,280,116,97,19,164,50,2,22,28,62
S01007348,24 and under,8,2,0,2,6,6,0,0,0,0
S01007348,25 to 34,27,9,6,3,18,16,0,1,1,0
S01007348,35 to 49,74,39,29,10,35,16,0,8,7,4
S01007348,50 to 64,76,42,38,4,34,9,1,8,11,5
S01007348,65 to 74,42,12,12,0,30,2,1,1,4,22
S01007348,75 to 84,42,10,10,0,32,0,0,4,4,24
S01007348,85 and over,11,2,2,0,9,1,0,0,1,7
S01007349,All HRPs,189,101,85,16,88,41,0,12,19,16
S01007349,24 and under,11,3,0,3,8,8,0,0,0,0
S01007349,25 to 34,25,9,3,6,16,16,0,0,0,0
S01007349,35 to 49,46,24,21,3,22,10,0,6,5,1
S01007349,50 to 64,65,44,40,4,21,5,0,6,7,3
S01007349,65 to 74,23,14,14,0,9,0,0,0,4,5
S01007349,75 to 84,14,7,7,0,7,1,0,0,3,3
S01007349,85 and over,5,0,0,0,5,1,0,0,0,4
S01007350,All HRPs,331,104,89,15,227,79,10,21,48,69
S01007350,24 and under,11,2,0,2,9,9,0,0,0,0
S01007350,25 to 34,32,7,4,3,25,22,0,3,0,0
S01007350,35 to 49,63,25,22,3,38,15,3,7,11,2
S01007350,50 to 64,87,36,31,5,51,19,0,8,20,4
S01007350,65 to 74,58,21,20,1,37,4,3,3,11,16
S01007350,75 to 84,53,9,9,0,44,8,3,0,5,28
S01007350,85 and over,27,4,3,1,23,2,1,0,1,19
S01007351,All HRPs,355,183,157,26,172,58,10,10,38,56
S01007351,24 and under,0,0,0,0,0,0,0,0,0,0
S01007351,25 to 34,23,6,3,3,17,15,1,1,0,0
S01007351,35 to 49,63,36,23,13,27,14,3,5,5,0
S01007351,50 to 64,109,62,59,3,47,15,4,1,19,8
S01007351,65 to 74,70,43,39,4,27,5,2,2,7,11
S01007351,75 to 84,65,32,30,2,33,8,0,1,4,20
S01007351,85 and over,25,4,3,1,21,1,0,0,3,17
S01007352,All HRPs,230,160,130,30,70,17,5,9,16,23
S01007352,24 and under,7,1,0,1,6,6,0,0,0,0
S01007352,25 to 34,19,17,10,7,2,2,0,0,0,0
S01007352,35 to 49,44,35,28,7,9,5,0,3,1,0
S01007352,50 to 64,81,57,50,7,24,3,4,3,12,2
S01007352,65 to 74,54,39,33,6,15,0,0,2,3,10
S01007352,75 to 84,16,10,9,1,6,1,0,1,0,4
S01007352,85 and over,9,1,0,1,8,0,1,0,0,7
S01007353,All HRPs,282,185,158,27,97,28,4,11,22,32
S01007353,24 and under,3,1,0,1,2,2,0,0,0,0
S01007353,25 to 34,14,8,3,5,6,6,0,0,0,0
S01007353,35 to 49,55,39,29,10,16,7,0,4,4,1
S01007353,50 to 64,95,67,60,7,28,8,2,3,10,5
S01007353,65 to 74,69,41,39,2,28,4,2,4,6,12
S01007353,75 to 84,37,27,26,1,10,0,0,0,2,8
S01007353,85 and over,9,2,1,1,7,1,0,0,0,6
S01007354,All HRPs,403,237,195,42,166,40,1,11,39,75
S01007354,24 and under,6,4,0,4,2,2,0,0,0,0
S01007354,25 to 34,19,12,5,7,7,7,0,0,0,0
S01007354,35 to 49,73,50,33,17,23,7,0,6,8,2
S01007354,50 to 64,116,81,71,10,35,7,1,3,15,9
S01007354,65 to 74,101,48,45,3,53,9,0,2,14,28
S01007354,75 to 84,59,35,34,1,24,5,0,0,2,17
S01007354,85 and over,29,7,7,0,22,3,0,0,0,19
S01007355,All HRPs,464,269,242,27,195,51,9,16,55,64
S01007355,24 and under,2,0,0,0,2,2,0,0,0,0
S01007355,25 to 34,23,7,4,3,16,13,1,2,0,0
S01007355,35 to 49,82,58,47,11,24,15,0,4,5,0
S01007355,50 to 64,178,114,103,11,64,10,5,7,31,11
S01007355,65 to 74,100,63,61,2,37,6,1,3,16,11
S01007355,75 to 84,52,20,20,0,32,4,1,0,3,24
S01007355,85 and over,27,7,7,0,20,1,1,0,0,18
S01007356,All HRPs,350,202,177,25,148,51,8,21,31,37
S01007356,24 and under,6,1,0,1,5,5,0,0,0,0
S01007356,25 to 34,13,10,5,5,3,3,0,0,0,0
S01007356,35 to 49,67,38,31,7,29,13,1,9,6,0
S01007356,50 to 64,119,77,68,9,42,14,3,6,16,3
S01007356,65 to 74,88,50,48,2,38,10,2,6,6,14
S01007356,75 to 84,47,25,24,1,22,3,2,0,3,14
S01007356,85 and over,10,1,1,0,9,3,0,0,0,6
S01007357,All HRPs,388,210,182,28,178,53,10,18,25,72
S01007357,24 and under,1,1,0,1,0,0,0,0,0,0
S01007357,25 to 34,18,9,6,3,9,9,0,0,0,0
S01007357,35 to 49,84,57,45,12,27,16,1,6,3,1
S01007357,50 to 64,123,75,65,10,48,14,5,6,13,10
S01007357,65 to 74,79,42,40,2,37,7,1,3,8,18
S01007357,75 to 84,67,21,21,0,46,5,2,3,1,35
S01007357,85 and over,16,5,5,0,11,2,1,0,0,8
S01007358,All HRPs,368,226,183,43,142,48,4,18,26,46
S01007358,24 and under,3,2,0,2,1,1,0,0,0,0
S01007358,25 to 34,27,18,11,7,9,9,0,0,0,0
S01007358,35 to 49,111,68,51,17,43,20,4,10,6,3
S01007358,50 to 64,143,99,84,15,44,10,0,8,15,11
S01007358,65 to 74,45,26,24,2,19,4,0,0,4,11
S01007358,75 to 84,29,11,11,0,18,2,0,0,1,15
S01007358,85 and over,10,2,2,0,8,2,0,0,0,6
S01007359,All HRPs,371,194,156,38,177,59,7,16,42,53
S01007359,24 and under,5,0,0,0,5,5,0,0,0,0
S01007359,25 to 34,30,14,5,9,16,11,0,2,3,0
S01007359,35 to 49,96,53,35,18,43,24,0,7,11,1
S01007359,50 to 64,105,66,59,7,39,10,4,5,15,5
S01007359,65 to 74,71,35,34,1,36,4,1,2,12,17
S01007359,75 to 84,41,19,18,1,22,3,1,0,0,18
S01007359,85 and over,23,7,5,2,16,2,1,0,1,12
S01007360,All HRPs,236,154,135,19,82,15,5,9,15,38
S01007360,24 and under,1,0,0,0,1,1,0,0,0,0
S01007360,25 to 34,11,5,1,4,6,3,0,3,0,0
S01007360,35 to 49,46,33,28,5,13,3,1,3,4,2
S01007360,50 to 64,73,51,44,7,22,2,4,3,8,5
S01007360,65 to 74,65,47,44,3,18,3,0,0,0,15
S01007360,75 to 84,29,13,13,0,16,2,0,0,2,12
S01007360,85 and over,11,5,5,0,6,1,0,0,1,4
S01007361,All HRPs,507,250,213,37,257,75,4,25,59,94
S01007361,24 and under,10,3,1,2,7,6,0,1,0,0
S01007361,25 to 34,31,17,4,13,14,11,0,3,0,0
S01007361,35 to 49,95,51,42,9,44,21,1,8,14,0
S01007361,50 to 64,149,87,78,9,62,15,0,11,27,9
S01007361,65 to 74,101,58,56,2,43,9,0,1,12,21
S01007361,75 to 84,85,30,28,2,55,8,3,1,5,38
S01007361,85 and over,36,4,4,0,32,5,0,0,1,26
S01007362,All HRPs,316,183,156,27,133,38,5,10,36,44
S01007362,24 and under,2,0,0,0,2,2,0,0,0,0
S01007362,25 to 34,29,15,4,11,14,13,0,0,1,0
S01007362,35 to 49,56,39,31,8,17,8,0,2,6,1
S01007362,50 to 64,98,59,53,6,39,3,2,6,21,7
S01007362,65 to 74,68,39,37,2,29,8,1,2,5,13
S01007362,75 to 84,51,26,26,0,25,4,2,0,3,16
S01007362,85 and over,12,5,5,0,7,0,0,0,0,7
S01007363,All HRPs,348,179,162,17,169,40,7,8,44,70
S01007363,24 and under,3,1,0,1,2,2,0,0,0,0
S01007363,25 to 34,15,8,6,2,7,6,1,0,0,0
S01007363,35 to 49,57,31,27,4,26,12,2,3,8,1
S01007363,50 to 64,104,69,63,6,35,7,1,5,15,7
S01007363,65 to 74,78,40,39,1,38,8,2,0,15,13
S01007363,75 to 84,70,27,24,3,43,1,1,0,5,36
S01007363,85 and over,21,3,3,0,18,4,0,0,1,13
S01007364,All HRPs,409,146,110,36,263,92,0,36,78,57
S01007364,24 and under,18,3,0,3,15,15,0,0,0,0
S01007364,25 to 34,62,28,14,14,34,25,0,7,2,0
S01007364,35 to 49,130,51,36,15,79,32,0,15,30,2
S01007364,50 to 64,105,34,32,2,71,14,0,13,34,10
S01007364,65 to 74,47,21,19,2,26,4,0,1,8,13
S01007364,75 to 84,34,9,9,0,25,1,0,0,3,21
S01007364,85 and over,13,0,0,0,13,1,0,0,1,11
S01007365,All HRPs,215,110,88,22,105,31,3,11,26,34
S01007365,24 and under,10,2,1,1,8,8,0,0,0,0
S01007365,25 to 34,22,14,6,8,8,6,1,1,0,0
S01007365,35 to 49,48,32,24,8,16,4,0,3,8,1
S01007365,50 to 64,67,32,28,4,35,8,1,6,13,7
S01007365,65 to 74,23,14,13,1,9,2,0,1,2,4
S01007365,75 to 84,36,14,14,0,22,3,1,0,3,15
S01007365,85 and over,9,2,2,0,7,0,0,0,0,7
S01007366,All HRPs,276,74,69,5,202,75,3,12,48,64
S01007366,24 and under,20,0,0,0,20,20,0,0,0,0
S01007366,25 to 34,23,6,5,1,17,13,0,2,2,0
S01007366,35 to 49,47,21,19,2,26,16,0,4,6,0
S01007366,50 to 64,74,30,28,2,44,12,1,4,22,5
S01007366,65 to 74,52,10,10,0,42,9,1,1,14,17
S01007366,75 to 84,45,6,6,0,39,5,1,1,4,28
S01007366,85 and over,15,1,1,0,14,0,0,0,0,14
S01007367,All HRPs,295,116,94,22,179,68,3,16,50,42
S01007367,24 and under,14,3,0,3,11,11,0,0,0,0
S01007367,25 to 34,34,14,8,6,20,13,0,4,3,0
S01007367,35 to 49,63,29,20,9,34,22,2,5,5,0
S01007367,50 to 64,80,41,40,1,39,12,0,6,21,0
S01007367,65 to 74,60,16,13,3,44,6,1,1,16,20
S01007367,75 to 84,34,12,12,0,22,2,0,0,4,16
S01007367,85 and over,10,1,1,0,9,2,0,0,1,6
S01007368,All HRPs,233,86,70,16,147,71,4,9,34,29
S01007368,24 and under,11,1,0,1,10,10,0,0,0,0
S01007368,25 to 34,24,7,3,4,17,13,0,4,0,0
S01007368,35 to 49,82,33,26,7,49,32,1,3,13,0
S01007368,50 to 64,67,29,26,3,38,11,2,2,15,8
S01007368,65 to 74,25,9,8,1,16,5,0,0,3,8
S01007368,75 to 84,20,5,5,0,15,0,1,0,3,11
S01007368,85 and over,4,2,2,0,2,0,0,0,0,2
S01007369,All HRPs,378,170,141,29,208,88,4,24,58,34
S01007369,24 and under,14,2,1,1,12,12,0,0,0,0
S01007369,25 to 34,53,23,13,10,30,18,0,8,4,0
S01007369,35 to 49,113,51,40,11,62,33,2,10,15,2
S01007369,50 to 64,109,57,50,7,52,14,0,5,26,7
S01007369,65 to 74,54,24,24,0,30,10,0,1,8,11
S01007369,75 to 84,27,12,12,0,15,1,2,0,5,7
S01007369,85 and over,8,1,1,0,7,0,0,0,0,7
S01007370,All HRPs,389,144,94,50,245,114,8,28,59,36
S01007370,24 and under,33,8,0,8,25,24,1,0,0,0
S01007370,25 to 34,46,18,3,15,28,27,1,0,0,0
S01007370,35 to 49,113,40,27,13,73,35,1,16,21,0
S01007370,50 to 64,113,54,41,13,59,17,5,7,23,7
S01007370,65 to 74,41,12,11,1,29,4,0,2,10,13
S01007370,75 to 84,32,10,10,0,22,5,0,3,5,9
S01007370,85 and over,11,2,2,0,9,2,0,0,0,7
S01007371,All HRPs,320,156,126,30,164,55,7,21,36,45
S01007371,24 and under,15,2,0,2,13,13,0,0,0,0
S01007371,25 to 34,31,16,8,8,15,14,0,1,0,0
S01007371,35 to 49,100,55,40,15,45,18,4,5,14,4
S01007371,50 to 64,96,47,44,3,49,7,2,13,18,9
S01007371,65 to 74,39,18,17,1,21,3,0,2,4,12
S01007371,75 to 84,26,16,15,1,10,0,1,0,0,9
S01007371,85 and over,13,2,2,0,11,0,0,0,0,11
S01007372,All HRPs,374,214,191,23,160,48,3,15,33,61
S01007372,24 and under,4,1,0,1,3,3,0,0,0,0
S01007372,25 to 34,20,9,4,5,11,9,0,2,0,0
S01007372,35 to 49,93,63,50,13,30,18,1,6,4,1
S01007372,50 to 64,108,61,57,4,47,11,0,4,23,9
S01007372,65 to 74,79,52,52,0,27,4,1,2,6,14
S01007372,75 to 84,50,23,23,0,27,2,0,1,0,24
S01007372,85 and over,20,5,5,0,15,1,1,0,0,13
S01007373,All HRPs,283,176,156,20,107,30,2,8,25,42
S01007373,24 and under,0,0,0,0,0,0,0,0,0,0
S01007373,25 to 34,11,2,2,0,9,9,0,0,0,0
S01007373,35 to 49,55,39,28,11,16,8,0,0,8,0
S01007373,50 to 64,109,76,69,7,33,10,1,6,11,5
S01007373,65 to 74,60,41,39,2,19,1,0,1,5,12
S01007373,75 to 84,31,13,13,0,18,2,1,1,1,13
S01007373,85 and over,17,5,5,0,12,0,0,0,0,12
S01007374,All HRPs,217,146,123,23,71,28,1,7,16,19
S01007374,24 and under,5,2,0,2,3,3,0,0,0,0
S01007374,25 to 34,15,10,8,2,5,5,0,0,0,0
S01007374,35 to 49,69,49,37,12,20,10,1,2,7,0
S01007374,50 to 64,72,53,47,6,19,4,0,3,7,5
S01007374,65 to 74,37,25,24,1,12,4,0,2,1,5
S01007374,75 to 84,14,6,6,0,8,2,0,0,1,5
S01007374,85 and over,5,1,1,0,4,0,0,0,0,4
S01007375,All HRPs,216,130,113,17,86,23,4,9,24,26
S01007375,24 and under,3,3,0,3,0,0,0,0,0,0
S01007375,25 to 34,12,6,3,3,6,5,0,0,1,0
S01007375,35 to 49,53,34,28,6,19,7,0,4,7,1
S01007375,50 to 64,69,46,41,5,23,1,3,2,9,8
S01007375,65 to 74,38,22,22,0,16,3,1,3,3,6
S01007375,75 to 84,31,16,16,0,15,3,0,0,4,8
S01007375,85 and over,10,3,3,0,7,4,0,0,0,3
S01007376,All HRPs,371,189,146,43,182,66,3,18,51,44
S01007376,24 and under,13,3,1,2,10,10,0,0,0,0
S01007376,25 to 34,45,26,12,14,19,15,0,4,0,0
S01007376,35 to 49,106,51,36,15,55,24,1,9,21,0
S01007376,50 to 64,115,71,63,8,44,10,2,5,22,5
S01007376,65 to 74,51,22,22,0,29,6,0,0,6,17
S01007376,75 to 84,34,14,10,4,20,1,0,0,2,17
S01007376,85 and over,7,2,2,0,5,0,0,0,0,5
S01007377,All HRPs,279,199,173,26,80,19,9,13,17,22
S01007377,24 and under,1,0,0,0,1,1,0,0,0,0
S01007377,25 to 34,9,3,2,1,6,1,2,3,0,0
S01007377,35 to 49,97,68,56,12,29,9,4,8,7,1
S01007377,50 to 64,100,81,69,12,19,4,3,2,6,4
S01007377,65 to 74,38,28,27,1,10,2,0,0,4,4
S01007377,75 to 84,29,16,16,0,13,1,0,0,0,12
S01007377,85 and over,5,3,3,0,2,1,0,0,0,1
S01007378,All HRPs,231,159,137,22,72,15,7,7,22,21
S01007378,24 and under,3,2,1,1,1,1,0,0,0,0
S01007378,25 to 34,17,14,10,4,3,1,1,0,1,0
S01007378,35 to 49,65,46,37,9,19,7,2,5,5,0
S01007378,50 to 64,78,56,51,5,22,4,3,0,12,3
S01007378,65 to 74,44,29,26,3,15,2,1,1,4,7
S01007378,75 to 84,17,10,10,0,7,0,0,1,0,6
S01007378,85 and over,7,2,2,0,5,0,0,0,0,5
S01007379,All HRPs,234,113,96,17,121,31,2,9,21,58
S01007379,24 and under,7,3,1,2,4,4,0,0,0,0
S01007379,25 to 34,24,14,10,4,10,8,0,0,1,1
S01007379,35 to 49,55,32,26,6,23,7,0,6,9,1
S01007379,50 to 64,61,36,32,4,25,4,0,3,8,10
S01007379,65 to 74,31,11,11,0,20,3,1,0,3,13
S01007379,75 to 84,46,16,15,1,30,4,1,0,0,25
S01007379,85 and over,10,1,1,0,9,1,0,0,0,8
S01007380,All HRPs,229,138,108,30,91,17,3,13,34,24
S01007380,24 and under,8,5,0,5,3,3,0,0,0,0
S01007380,25 to 34,21,17,10,7,4,3,0,0,1,0
S01007380,35 to 49,83,53,43,10,30,9,0,9,11,1
S01007380,50 to 64,70,43,36,7,27,0,1,4,18,4
S01007380,65 to 74,31,16,15,1,15,1,2,0,3,9
S01007380,75 to 84,12,3,3,0,9,1,0,0,1,7
S01007380,85 and over,4,1,1,0,3,0,0,0,0,3
S01007381,All HRPs,191,139,132,7,52,12,10,6,9,15
S01007381,24 and under,1,1,0,1,0,0,0,0,0,0
S01007381,25 to 34,4,3,3,0,1,0,0,1,0,0
S01007381,35 to 49,50,40,39,1,10,6,1,0,3,0
S01007381,50 to 64,66,47,43,4,19,3,7,3,4,2
S01007381,65 to 74,37,26,25,1,11,0,0,2,2,7
S01007381,75 to 84,26,17,17,0,9,3,2,0,0,4
S01007381,85 and over,7,5,5,0,2,0,0,0,0,2
S01007382,All HRPs,281,170,147,23,111,34,2,21,19,35
S01007382,24 and under,1,0,0,0,1,1,0,0,0,0
S01007382,25 to 34,8,6,4,2,2,2,0,0,0,0
S01007382,35 to 49,100,61,49,12,39,16,1,11,8,3
S01007382,50 to 64,94,63,54,9,31,10,1,9,6,5
S01007382,65 to 74,47,30,30,0,17,4,0,1,2,10
S01007382,75 to 84,24,9,9,0,15,1,0,0,3,11
S01007382,85 and over,7,1,1,0,6,0,0,0,0,6
S01007383,All HRPs,349,217,181,36,132,50,5,11,23,43
S01007383,24 and under,8,2,1,1,6,5,0,0,1,0
S01007383,25 to 34,23,13,5,8,10,8,0,2,0,0
S01007383,35 to 49,78,49,34,15,29,18,2,5,4,0
S01007383,50 to 64,115,82,75,7,33,11,2,3,12,5
S01007383,65 to 74,70,46,42,4,24,6,1,1,6,10
S01007383,75 to 84,40,22,21,1,18,1,0,0,0,17
S01007383,85 and over,15,3,3,0,12,1,0,0,0,11
S01007384,All HRPs,332,200,177,23,132,54,1,14,23,40
S01007384,24 and under,9,3,2,1,6,6,0,0,0,0
S01007384,25 to 34,45,31,23,8,14,11,0,2,1,0
S01007384,35 to 49,111,69,60,9,42,19,0,9,11,3
S01007384,50 to 64,89,60,57,3,29,7,0,2,9,11
S01007384,65 to 74,34,24,22,2,10,2,0,0,1,7
S01007384,75 to 84,31,10,10,0,21,7,0,0,1,13
S01007384,85 and over,13,3,3,0,10,2,1,1,0,6
S01007385,All HRPs,404,227,193,34,177,49,5,14,36,73
S01007385,24 and under,10,4,0,4,6,6,0,0,0,0
S01007385,25 to 34,35,16,5,11,19,18,0,1,0,0
S01007385,35 to 49,70,46,36,10,24,7,2,5,10,0
S01007385,50 to 64,120,85,77,8,35,7,0,6,18,4
S01007385,65 to 74,75,42,41,1,33,5,0,2,4,22
S01007385,75 to 84,60,25,25,0,35,2,1,0,4,28
S01007385,85 and over,34,9,9,0,25,4,2,0,0,19
S01007386,All HRPs,337,245,229,16,92,16,5,11,17,43
S01007386,24 and under,4,2,0,2,2,2,0,0,0,0
S01007386,25 to 34,7,4,3,1,3,1,0,2,0,0
S01007386,35 to 49,80,66,58,8,14,7,0,3,4,0
S01007386,50 to 64,118,96,93,3,22,3,3,5,6,5
S01007386,65 to 74,66,46,45,1,20,0,1,1,5,13
S01007386,75 to 84,45,25,24,1,20,0,1,0,2,17
S01007386,85 and over,17,6,6,0,11,3,0,0,0,8
S01007387,All HRPs,289,241,229,12,48,5,4,5,8,26
S01007387,24 and under,0,0,0,0,0,0,0,0,0,0
S01007387,25 to 34,4,3,0,3,1,1,0,0,0,0
S01007387,35 to 49,71,65,60,5,6,1,0,4,1,0
S01007387,50 to 64,131,116,112,4,15,1,3,1,4,6
S01007387,65 to 74,59,43,43,0,16,2,1,0,3,10
S01007387,75 to 84,14,9,9,0,5,0,0,0,0,5
S01007387,85 and over,10,5,5,0,5,0,0,0,0,5
S01007388,All HRPs,256,200,190,10,56,7,2,9,11,27
S01007388,24 and under,2,0,0,0,2,2,0,0,0,0
S01007388,25 to 34,5,4,4,0,1,0,0,0,0,1
S01007388,35 to 49,74,59,53,6,15,3,1,7,3,1
S01007388,50 to 64,95,79,76,3,16,0,1,2,6,7
S01007388,65 to 74,49,38,38,0,11,2,0,0,2,7
S01007388,75 to 84,24,16,15,1,8,0,0,0,0,8
S01007388,85 and over,7,4,4,0,3,0,0,0,0,3
S01007389,All HRPs,198,130,114,16,68,21,1,17,28,1
S01007389,24 and under,14,9,5,4,5,5,0,0,0,0
S01007389,25 to 34,57,47,45,2,10,8,0,1,1,0
S01007389,35 to 49,93,54,45,9,39,8,1,15,15,0
S01007389,50 to 64,30,16,15,1,14,0,0,1,12,1
S01007389,65 to 74,2,2,2,0,0,0,0,0,0,0
S01007389,75 to 84,2,2,2,0,0,0,0,0,0,0
S01007389,85 and over,0,0,0,0,0,0,0,0,0,0
S01007390,All HRPs,193,115,96,19,78,29,2,5,31,11
S01007390,24 and under,12,10,8,2,2,2,0,0,0,0
S01007390,25 to 34,63,39,33,6,24,17,1,3,3,0
S01007390,35 to 49,79,49,41,8,30,10,1,2,16,1
S01007390,50 to 64,35,14,11,3,21,0,0,0,11,10
S01007390,65 to 74,3,2,2,0,1,0,0,0,1,0
S01007390,75 to 84,1,1,1,0,0,0,0,0,0,0
S01007390,85 and over,0,0,0,0,0,0,0,0,0,0
S01007391,All HRPs,223,174,165,9,49,4,2,5,13,25
S01007391,24 and under,0,0,0,0,0,0,0,0,0,0
S01007391,25 to 34,3,3,2,1,0,0,0,0,0,0
S01007391,35 to 49,56,51,47,4,5,1,1,2,0,1
S01007391,50 to 64,91,72,68,4,19,2,0,3,9,5
S01007391,65 to 74,40,31,31,0,9,1,0,0,3,5
S01007391,75 to 84,25,15,15,0,10,0,0,0,0,10
S01007391,85 and over,8,2,2,0,6,0,1,0,1,4
S01007392,All HRPs,200,138,129,9,62,12,1,2,20,27
S01007392,24 and under,1,0,0,0,1,1,0,0,0,0
S01007392,25 to 34,2,1,0,1,1,1,0,0,0,0
S01007392,35 to 49,46,35,31,4,11,4,1,1,4,1
S01007392,50 to 64,73,54,51,3,19,2,0,1,10,6
S01007392,65 to 74,46,32,32,0,14,3,0,0,5,6
S01007392,75 to 84,25,12,11,1,13,1,0,0,1,11
S01007392,85 and over,7,4,4,0,3,0,0,0,0,3
S01007393,All HRPs,308,173,162,11,135,32,4,12,13,74
S01007393,24 and under,3,1,0,1,2,2,0,0,0,0
S01007393,25 to 34,12,7,5,2,5,5,0,0,0,0
S01007393,35 to 49,62,42,37,5,20,7,2,7,3,1
S01007393,50 to 64,86,67,64,3,19,8,0,2,3,6
S01007393,65 to 74,60,32,32,0,28,3,1,1,4,19
S01007393,75 to 84,52,19,19,0,33,5,1,0,2,25
S01007393,85 and over,33,5,5,0,28,2,0,2,1,23
S01007394,All HRPs,335,142,134,8,193,56,3,17,29,88
S01007394,24 and under,0,0,0,0,0,0,0,0,0,0
S01007394,25 to 34,12,4,1,3,8,7,0,1,0,0
S01007394,35 to 49,64,38,35,3,26,9,0,6,11,0
S01007394,50 to 64,77,44,42,2,33,11,0,10,10,2
S01007394,65 to 74,68,33,33,0,35,13,1,0,6,15
S01007394,75 to 84,75,18,18,0,57,11,0,0,1,45
S01007394,85 and over,39,5,5,0,34,5,2,0,1,26
S01007395,All HRPs,516,141,87,54,375,178,8,36,78,75
S01007395,24 and under,31,14,0,14,17,16,0,1,0,0
S01007395,25 to 34,81,25,8,17,56,56,0,0,0,0
S01007395,35 to 49,140,36,25,11,104,58,3,21,22,0
S01007395,50 to 64,113,32,26,6,81,29,2,10,36,4
S01007395,65 to 74,60,19,16,3,41,8,1,3,12,17
S01007395,75 to 84,54,9,8,1,45,9,2,1,6,27
S01007395,85 and over,37,6,4,2,31,2,0,0,2,27
S01007396,All HRPs,477,149,102,47,328,141,7,36,62,82
S01007396,24 and under,34,9,0,9,25,24,0,0,1,0
S01007396,25 to 34,72,23,8,15,49,43,0,5,0,1
S01007396,35 to 49,120,42,25,17,78,39,4,15,17,3
S01007396,50 to 64,106,37,33,4,69,20,2,11,28,8
S01007396,65 to 74,76,26,24,2,50,8,1,5,12,24
S01007396,75 to 84,47,11,11,0,36,7,0,0,3,26
S01007396,85 and over,22,1,1,0,21,0,0,0,1,20
S01007397,All HRPs,443,244,217,27,199,73,4,14,37,71
S01007397,24 and under,10,8,1,7,2,2,0,0,0,0
S01007397,25 to 34,41,14,8,6,27,27,0,0,0,0
S01007397,35 to 49,108,70,60,10,38,22,1,5,9,1
S01007397,50 to 64,125,71,67,4,54,10,3,9,23,9
S01007397,65 to 74,82,51,51,0,31,7,0,0,5,19
S01007397,75 to 84,56,26,26,0,30,3,0,0,0,27
S01007397,85 and over,21,4,4,0,17,2,0,0,0,15
S01007398,All HRPs,279,118,87,31,161,68,1,21,33,38
S01007398,24 and under,14,1,1,0,13,11,0,1,1,0
S01007398,25 to 34,51,20,11,9,31,26,0,3,2,0
S01007398,35 to 49,87,46,30,16,41,18,1,9,12,1
S01007398,50 to 64,80,35,29,6,45,11,0,7,13,14
S01007398,65 to 74,26,11,11,0,15,2,0,1,5,7
S01007398,75 to 84,19,5,5,0,14,0,0,0,0,14
S01007398,85 and over,2,0,0,0,2,0,0,0,0,2
S01007399,All HRPs,324,107,68,39,217,124,1,23,47,22
S01007399,24 and under,34,8,0,8,26,25,0,0,1,0
S01007399,25 to 34,45,12,1,11,33,28,0,4,1,0
S01007399,35 to 49,107,37,21,16,70,46,1,12,11,0
S01007399,50 to 64,91,31,29,2,60,23,0,6,23,8
S01007399,65 to 74,31,15,13,2,16,2,0,1,7,6
S01007399,75 to 84,13,3,3,0,10,0,0,0,4,6
S01007399,85 and over,3,1,1,0,2,0,0,0,0,2
S01007400,All HRPs,344,164,144,20,180,50,5,10,40,75
S01007400,24 and under,6,0,0,0,6,6,0,0,0,0
S01007400,25 to 34,21,8,6,2,13,12,0,1,0,0
S01007400,35 to 49,75,48,39,9,27,13,1,1,9,3
S01007400,50 to 64,110,64,56,8,46,5,4,5,23,9
S01007400,65 to 74,63,30,29,1,33,5,0,1,7,20
S01007400,75 to 84,40,7,7,0,33,8,0,2,1,22
S01007400,85 and over,29,7,7,0,22,1,0,0,0,21
S01007401,All HRPs,290,175,154,21,115,27,3,15,25,45
S01007401,24 and under,5,1,0,1,4,4,0,0,0,0
S01007401,25 to 34,13,7,3,4,6,5,0,1,0,0
S01007401,35 to 49,94,65,55,10,29,11,1,9,7,1
S01007401,50 to 64,90,62,56,6,28,4,0,4,13,7
S01007401,65 to 74,45,26,26,0,19,2,1,1,3,12
S01007401,75 to 84,32,14,14,0,18,0,1,0,2,15
S01007401,85 and over,11,0,0,0,11,1,0,0,0,10
S01007402,All HRPs,260,167,153,14,93,15,3,7,15,53
S01007402,24 and under,0,0,0,0,0,0,0,0,0,0
S01007402,25 to 34,15,11,10,1,4,2,0,1,1,0
S01007402,35 to 49,72,56,45,11,16,5,2,3,6,0
S01007402,50 to 64,77,58,56,2,19,6,1,2,3,7
S01007402,65 to 74,45,21,21,0,24,2,0,1,5,16
S01007402,75 to 84,43,18,18,0,25,0,0,0,0,25
S01007402,85 and over,8,3,3,0,5,0,0,0,0,5
S01007403,All HRPs,261,217,200,17,44,8,5,11,5,15
S01007403,24 and under,5,3,3,0,2,1,0,1,0,0
S01007403,25 to 34,69,59,55,4,10,3,3,4,0,0
S01007403,35 to 49,119,111,102,9,8,3,0,4,1,0
S01007403,50 to 64,46,38,35,3,8,1,1,2,3,1
S01007403,65 to 74,9,2,1,1,7,0,1,0,1,5
S01007403,75 to 84,12,4,4,0,8,0,0,0,0,8
S01007403,85 and over,1,0,0,0,1,0,0,0,0,1
S01007404,All HRPs,193,120,96,24,73,21,3,6,10,33
S01007404,24 and under,1,0,0,0,1,1,0,0,0,0
S01007404,25 to 34,15,6,4,2,9,9,0,0,0,0
S01007404,35 to 49,49,39,30,9,10,2,1,3,3,1
S01007404,50 to 64,62,42,30,12,20,6,0,1,5,8
S01007404,65 to 74,30,22,21,1,8,1,0,2,2,3
S01007404,75 to 84,27,8,8,0,19,2,1,0,0,16
S01007404,85 and over,9,3,3,0,6,0,1,0,0,5
S01007405,All HRPs,277,189,164,25,88,24,4,12,22,26
S01007405,24 and under,1,0,0,0,1,1,0,0,0,0
S01007405,25 to 34,18,11,5,6,7,3,0,4,0,0
S01007405,35 to 49,88,67,57,10,21,12,1,3,5,0
S01007405,50 to 64,103,76,69,7,27,5,1,3,12,6
S01007405,65 to 74,36,17,15,2,19,1,2,1,5,10
S01007405,75 to 84,24,14,14,0,10,1,0,1,0,8
S01007405,85 and over,7,4,4,0,3,1,0,0,0,2
S01007406,All HRPs,252,181,167,14,71,21,2,4,15,29
S01007406,24 and under,1,0,0,0,1,1,0,0,0,0
S01007406,25 to 34,6,5,3,2,1,1,0,0,0,0
S01007406,35 to 49,71,53,47,6,18,10,2,3,3,0
S01007406,50 to 64,92,74,68,6,18,4,0,1,10,3
S01007406,65 to 74,43,33,33,0,10,3,0,0,2,5
S01007406,75 to 84,29,15,15,0,14,1,0,0,0,13
S01007406,85 and over,10,1,1,0,9,1,0,0,0,8
S01007407,All HRPs,315,204,179,25,111,30,3,7,25,46
S01007407,24 and under,7,3,1,2,4,4,0,0,0,0
S01007407,25 to 34,18,10,6,4,8,8,0,0,0,0
S01007407,35 to 49,88,70,55,15,18,6,1,4,7,0
S01007407,50 to 64,88,62,58,4,26,5,1,3,13,4
S01007407,65 to 74,51,38,38,0,13,2,1,0,3,7
S01007407,75 to 84,40,15,15,0,25,3,0,0,2,20
S01007407,85 and over,23,6,6,0,17,2,0,0,0,15
S01007408,All HRPs,256,142,114,28,114,38,5,12,20,39
S01007408,24 and under,1,1,0,1,0,0,0,0,0,0
S01007408,25 to 34,28,15,7,8,13,10,0,1,0,2
S01007408,35 to 49,82,48,34,14,34,15,0,7,12,0
S01007408,50 to 64,78,50,45,5,28,8,4,3,6,7
S01007408,65 to 74,35,18,18,0,17,5,1,0,2,9
S01007408,75 to 84,21,9,9,0,12,0,0,1,0,11
S01007408,85 and over,11,1,1,0,10,0,0,0,0,10
S01007409,All HRPs,308,166,151,15,142,47,2,18,44,31
S01007409,24 and under,7,2,0,2,5,5,0,0,0,0
S01007409,25 to 34,33,9,4,5,24,20,0,4,0,0
S01007409,35 to 49,89,53,48,5,36,15,0,6,15,0
S01007409,50 to 64,105,64,63,1,41,6,1,6,21,7
S01007409,65 to 74,46,27,25,2,19,0,1,1,6,11
S01007409,75 to 84,22,11,11,0,11,1,0,0,2,8
S01007409,85 and over,6,0,0,0,6,0,0,1,0,5
S01007410,All HRPs,291,138,108,30,153,54,1,14,41,43
S01007410,24 and under,14,4,1,3,10,10,0,0,0,0
S01007410,25 to 34,32,15,6,9,17,15,0,1,1,0
S01007410,35 to 49,100,50,36,14,50,23,0,8,16,3
S01007410,50 to 64,73,41,37,4,32,5,1,2,17,7
S01007410,65 to 74,40,18,18,0,22,0,0,2,5,15
S01007410,75 to 84,24,8,8,0,16,1,0,1,1,13
S01007410,85 and over,8,2,2,0,6,0,0,0,1,5
S01007411,All HRPs,437,178,115,63,259,92,2,21,77,67
S01007411,24 and under,28,12,2,10,16,14,0,1,1,0
S01007411,25 to 34,79,39,17,22,40,36,0,1,3,0
S01007411,35 to 49,121,56,34,22,65,29,1,8,24,3
S01007411,50 to 64,94,46,37,9,48,9,0,4,26,9
S01007411,65 to 74,64,14,14,0,50,1,0,6,18,25
S01007411,75 to 84,34,8,8,0,26,2,1,1,2,20
S01007411,85 and over,17,3,3,0,14,1,0,0,3,10
S01007412,All HRPs,212,111,94,17,101,27,1,9,21,43
S01007412,24 and under,3,0,0,0,3,3,0,0,0,0
S01007412,25 to 34,14,8,6,2,6,3,0,3,0,0
S01007412,35 to 49,55,35,26,9,20,13,0,4,0,3
S01007412,50 to 64,69,44,39,5,25,6,0,2,15,2
S01007412,65 to 74,31,12,12,0,19,1,0,0,5,13
S01007412,75 to 84,33,11,10,1,22,1,1,0,1,19
S01007412,85 and over,7,1,1,0,6,0,0,0,0,6
S01007413,All HRPs,360,244,203,41,116,43,1,14,32,26
S01007413,24 and under,13,4,0,4,9,9,0,0,0,0
S01007413,25 to 34,49,33,17,16,16,16,0,0,0,0
S01007413,35 to 49,131,104,91,13,27,11,0,10,5,1
S01007413,50 to 64,124,84,79,5,40,6,0,4,22,8
S01007413,65 to 74,30,15,13,2,15,0,1,0,4,10
S01007413,75 to 84,10,4,3,1,6,0,0,0,1,5
S01007413,85 and over,3,0,0,0,3,1,0,0,0,2
S01007414,All HRPs,244,195,170,25,49,14,0,11,14,10
S01007414,24 and under,2,0,0,0,2,2,0,0,0,0
S01007414,25 to 34,21,16,11,5,5,1,0,4,0,0
S01007414,35 to 49,124,106,91,15,18,6,0,5,7,0
S01007414,50 to 64,68,55,51,4,13,4,0,2,6,1
S01007414,65 to 74,22,13,12,1,9,1,0,0,1,7
S01007414,75 to 84,6,4,4,0,2,0,0,0,0,2
S01007414,85 and over,1,1,1,0,0,0,0,0,0,0
S01007415,All HRPs,374,194,155,39,180,45,1,23,56,55
S01007415,24 and under,8,3,0,3,5,5,0,0,0,0
S01007415,25 to 34,39,24,8,16,15,8,0,2,5,0
S01007415,35 to 49,127,70,54,16,57,25,0,13,19,0
S01007415,50 to 64,105,64,61,3,41,7,1,6,17,10
S01007415,65 to 74,59,24,23,1,35,0,0,2,14,19
S01007415,75 to 84,27,9,9,0,18,0,0,0,1,17
S01007415,85 and over,9,0,0,0,9,0,0,0,0,9
S01007416,All HRPs,223,118,79,39,105,54,1,14,21,15
S01007416,24 and under,23,8,1,7,15,15,0,0,0,0
S01007416,25 to 34,43,21,11,10,22,19,0,2,1,0
S01007416,35 to 49,84,42,26,16,42,19,1,7,15,0
S01007416,50 to 64,51,36,31,5,15,1,0,5,4,5
S01007416,65 to 74,14,8,7,1,6,0,0,0,0,6
S01007416,75 to 84,7,3,3,0,4,0,0,0,1,3
S01007416,85 and over,1,0,0,0,1,0,0,0,0,1
S01007417,All HRPs,406,293,250,43,113,41,4,17,29,22
S01007417,24 and under,11,3,0,3,8,8,0,0,0,0
S01007417,25 to 34,60,40,25,15,20,15,1,2,2,0
S01007417,35 to 49,147,108,93,15,39,11,2,10,15,1
S01007417,50 to 64,118,96,88,8,22,6,1,5,7,3
S01007417,65 to 74,50,33,31,2,17,1,0,0,5,11
S01007417,75 to 84,16,12,12,0,4,0,0,0,0,4
S01007417,85 and over,4,1,1,0,3,0,0,0,0,3
S01007418,All HRPs,292,138,109,29,154,53,2,15,41,43
S01007418,24 and under,3,1,0,1,2,2,0,0,0,0
S01007418,25 to 34,33,12,5,7,21,17,0,1,1,2
S01007418,35 to 49,90,42,26,16,48,20,1,6,20,1
S01007418,50 to 64,106,61,56,5,45,8,1,6,19,11
S01007418,65 to 74,32,16,16,0,16,1,0,2,1,12
S01007418,75 to 84,15,4,4,0,11,2,0,0,0,9
S01007418,85 and over,13,2,2,0,11,3,0,0,0,8
S01007419,All HRPs,332,171,117,54,161,68,1,21,43,28
S01007419,24 and under,11,4,0,4,7,7,0,0,0,0
S01007419,25 to 34,75,42,18,24,33,28,1,2,2,0
S01007419,35 to 49,119,61,38,23,58,22,0,10,25,1
S01007419,50 to 64,82,46,43,3,36,8,0,8,11,9
S01007419,65 to 74,31,13,13,0,18,3,0,1,5,9
S01007419,75 to 84,11,5,5,0,6,0,0,0,0,6
S01007419,85 and over,3,0,0,0,3,0,0,0,0,3
S01007420,All HRPs,296,235,194,41,61,15,1,12,15,18
S01007420,24 and under,5,2,0,2,3,3,0,0,0,0
S01007420,25 to 34,49,40,19,21,9,7,0,0,2,0
S01007420,35 to 49,123,101,86,15,22,4,1,9,7,1
S01007420,50 to 64,77,65,62,3,12,1,0,2,4,5
S01007420,65 to 74,27,21,21,0,6,0,0,1,1,4
S01007420,75 to 84,12,6,6,0,6,0,0,0,1,5
S01007420,85 and over,3,0,0,0,3,0,0,0,0,3
S01007421,All HRPs,282,178,141,37,104,33,2,17,22,30
S01007421,24 and under,7,3,0,3,4,3,0,1,0,0
S01007421,25 to 34,33,23,17,6,10,10,0,0,0,0
S01007421,35 to 49,96,71,51,20,25,11,0,7,5,2
S01007421,50 to 64,87,51,46,5,36,7,1,8,14,6
S01007421,65 to 74,39,24,21,3,15,1,1,1,2,10
S01007421,75 to 84,14,4,4,0,10,1,0,0,1,8
S01007421,85 and over,6,2,2,0,4,0,0,0,0,4
S01007422,All HRPs,261,140,107,33,121,41,3,13,32,32
S01007422,24 and under,5,3,1,2,2,1,0,1,0,0
S01007422,25 to 34,24,12,6,6,12,9,1,2,0,0
S01007422,35 to 49,89,47,31,16,42,23,1,4,14,0
S01007422,50 to 64,86,54,46,8,32,5,0,5,15,7
S01007422,65 to 74,30,19,18,1,11,1,1,1,2,6
S01007422,75 to 84,19,5,5,0,14,2,0,0,1,11
S01007422,85 and over,8,0,0,0,8,0,0,0,0,8
S01007423,All HRPs,325,205,158,47,120,50,3,12,24,31
S01007423,24 and under,3,0,0,0,3,3,0,0,0,0
S01007423,25 to 34,70,49,35,14,21,17,1,2,1,0
S01007423,35 to 49,100,76,52,24,24,17,0,5,2,0
S01007423,50 to 64,79,47,38,9,32,9,0,2,16,5
S01007423,65 to 74,35,19,19,0,16,2,1,2,4,7
S01007423,75 to 84,26,11,11,0,15,2,1,0,1,11
S01007423,85 and over,12,3,3,0,9,0,0,1,0,8
S01007424,All HRPs,340,241,215,26,99,22,5,9,22,41
S01007424,24 and under,2,1,0,1,1,1,0,0,0,0
S01007424,25 to 34,28,19,12,7,9,6,1,1,1,0
S01007424,35 to 49,66,53,44,9,13,5,1,4,3,0
S01007424,50 to 64,127,97,90,7,30,5,0,2,9,14
S01007424,65 to 74,63,42,41,1,21,3,2,1,6,9
S01007424,75 to 84,41,25,24,1,16,1,1,1,2,11
S01007424,85 and over,13,4,4,0,9,1,0,0,1,7
S01007425,All HRPs,373,243,216,27,130,40,1,18,38,33
S01007425,24 and under,11,1,0,1,10,10,0,0,0,0
S01007425,25 to 34,42,27,15,12,15,11,0,2,2,0
S01007425,35 to 49,102,65,55,10,37,11,1,9,16,0
S01007425,50 to 64,121,89,85,4,32,4,0,3,15,10
S01007425,65 to 74,59,43,43,0,16,2,0,0,4,10
S01007425,75 to 84,33,15,15,0,18,2,0,4,1,11
S01007425,85 and over,5,3,3,0,2,0,0,0,0,2
S01007426,All HRPs,344,132,103,29,212,81,1,25,46,59
S01007426,24 and under,9,3,0,3,6,6,0,0,0,0
S01007426,25 to 34,42,15,6,9,27,22,0,1,4,0
S01007426,35 to 49,101,41,30,11,60,33,1,16,9,1
S01007426,50 to 64,89,45,41,4,44,8,0,7,23,6
S01007426,65 to 74,49,18,16,2,31,7,0,1,8,15
S01007426,75 to 84,36,9,9,0,27,5,0,0,2,20
S01007426,85 and over,18,1,1,0,17,0,0,0,0,17
S01007427,All HRPs,309,165,127,38,144,53,0,17,29,45
S01007427,24 and under,13,8,0,8,5,5,0,0,0,0
S01007427,25 to 34,37,18,8,10,19,15,0,1,3,0
S01007427,35 to 49,78,37,24,13,41,21,0,8,11,1
S01007427,50 to 64,84,51,45,6,33,9,0,8,11,5
S01007427,65 to 74,53,35,34,1,18,1,0,0,4,13
S01007427,75 to 84,34,15,15,0,19,0,0,0,0,19
S01007427,85 and over,10,1,1,0,9,2,0,0,0,7
S01007428,All HRPs,465,194,151,43,271,108,6,24,51,82
S01007428,24 and under,22,6,0,6,16,15,0,1,0,0
S01007428,25 to 34,61,29,13,16,32,25,1,3,1,2
S01007428,35 to 49,138,61,49,12,77,43,1,14,16,3
S01007428,50 to 64,103,56,48,8,47,13,2,5,19,8
S01007428,65 to 74,61,25,25,0,36,8,1,0,10,17
S01007428,75 to 84,56,16,15,1,40,3,1,1,3,32
S01007428,85 and over,24,1,1,0,23,1,0,0,2,20
S01007429,All HRPs,324,165,133,32,159,60,2,16,48,33
S01007429,24 and under,4,2,0,2,2,2,0,0,0,0
S01007429,25 to 34,48,28,10,18,20,17,0,2,0,1
S01007429,35 to 49,102,52,45,7,50,25,1,8,14,2
S01007429,50 to 64,97,57,53,4,40,7,1,3,23,6
S01007429,65 to 74,42,16,16,0,26,6,0,2,9,9
S01007429,75 to 84,28,9,8,1,19,2,0,1,2,14
S01007429,85 and over,3,1,1,0,2,1,0,0,0,1
S01007430,All HRPs,211,117,102,15,94,33,3,8,23,27
S01007430,24 and under,3,0,0,0,3,3,0,0,0,0
S01007430,25 to 34,23,6,3,3,17,16,0,0,1,0
S01007430,35 to 49,56,34,25,9,22,6,1,5,10,0
S01007430,50 to 64,62,48,45,3,14,4,0,0,9,1
S01007430,65 to 74,34,18,18,0,16,1,0,3,2,10
S01007430,75 to 84,21,7,7,0,14,2,0,0,1,11
S01007430,85 and over,12,4,4,0,8,1,2,0,0,5
S01007431,All HRPs,218,153,145,8,65,15,3,6,17,24
S01007431,24 and under,0,0,0,0,0,0,0,0,0,0
S01007431,25 to 34,14,9,6,3,5,5,0,0,0,0
S01007431,35 to 49,65,52,50,2,13,4,1,4,3,1
S01007431,50 to 64,80,63,60,3,17,3,1,1,8,4
S01007431,65 to 74,35,20,20,0,15,3,0,1,3,8
S01007431,75 to 84,21,8,8,0,13,0,1,0,3,9
S01007431,85 and over,3,1,1,0,2,0,0,0,0,2
S01007432,All HRPs,354,214,180,34,140,41,2,19,28,50
S01007432,24 and under,4,0,0,0,4,3,0,0,1,0
S01007432,25 to 34,39,25,13,12,14,12,1,0,1,0
S01007432,35 to 49,92,58,45,13,34,19,0,9,5,1
S01007432,50 to 64,114,76,68,8,38,5,1,9,15,8
S01007432,65 to 74,68,41,41,0,27,1,0,1,5,20
S01007432,75 to 84,27,12,11,1,15,1,0,0,0,14
S01007432,85 and over,10,2,2,0,8,0,0,0,1,7
S01007433,All HRPs,350,213,191,22,137,33,4,13,40,47
S01007433,24 and under,5,1,0,1,4,4,0,0,0,0
S01007433,25 to 34,23,13,5,8,10,6,0,3,1,0
S01007433,35 to 49,98,69,59,10,29,12,1,4,11,1
S01007433,50 to 64,118,74,71,3,44,3,2,5,22,12
S01007433,65 to 74,64,40,40,0,24,6,1,0,6,11
S01007433,75 to 84,35,16,16,0,19,2,0,1,0,16
S01007433,85 and over,7,0,0,0,7,0,0,0,0,7
S01007434,All HRPs,242,96,66,30,146,74,0,17,37,18
S01007434,24 and under,14,4,0,4,10,10,0,0,0,0
S01007434,25 to 34,45,18,6,12,27,22,0,3,2,0
S01007434,35 to 49,72,25,18,7,47,28,0,9,10,0
S01007434,50 to 64,67,31,25,6,36,8,0,4,21,3
S01007434,65 to 74,29,15,15,0,14,5,0,1,3,5
S01007434,75 to 84,11,3,2,1,8,1,0,0,1,6
S01007434,85 and over,4,0,0,0,4,0,0,0,0,4
S01007435,All HRPs,327,155,120,35,172,71,5,19,33,44
S01007435,24 and under,15,3,1,2,12,12,0,0,0,0
S01007435,25 to 34,41,16,6,10,25,23,0,2,0,0
S01007435,35 to 49,94,49,34,15,45,22,2,7,12,2
S01007435,50 to 64,95,50,43,7,45,11,0,8,16,10
S01007435,65 to 74,46,27,26,1,19,1,3,2,5,8
S01007435,75 to 84,24,9,9,0,15,1,0,0,0,14
S01007435,85 and over,12,1,1,0,11,1,0,0,0,10
S01007436,All HRPs,356,119,78,41,237,97,0,21,63,56
S01007436,24 and under,21,7,1,6,14,12,0,1,0,1
S01007436,25 to 34,61,23,7,16,38,32,0,1,4,1
S01007436,35 to 49,97,33,20,13,64,37,0,11,13,3
S01007436,50 to 64,96,35,30,5,61,11,0,7,36,7
S01007436,65 to 74,47,17,16,1,30,4,0,1,8,17
S01007436,75 to 84,21,3,3,0,18,1,0,0,1,16
S01007436,85 and over,13,1,1,0,12,0,0,0,1,11
S01007437,All HRPs,230,88,65,23,142,61,0,13,42,26
S01007437,24 and under,12,2,0,2,10,10,0,0,0,0
S01007437,25 to 34,36,10,2,8,26,22,0,3,1,0
S01007437,35 to 49,60,24,17,7,36,19,0,5,12,0
S01007437,50 to 64,71,38,32,6,33,6,0,3,21,3
S01007437,65 to 74,23,7,7,0,16,1,0,2,6,7
S01007437,75 to 84,23,7,7,0,16,2,0,0,2,12
S01007437,85 and over,5,0,0,0,5,1,0,0,0,4
S01007438,All HRPs,338,163,131,32,175,69,1,18,40,47
S01007438,24 and under,21,7,1,6,14,14,0,0,0,0
S01007438,25 to 34,33,12,5,7,21,21,0,0,0,0
S01007438,35 to 49,97,48,35,13,49,20,0,11,16,2
S01007438,50 to 64,87,47,45,2,40,6,1,5,18,10
S01007438,65 to 74,58,34,32,2,24,4,0,2,4,14
S01007438,75 to 84,31,14,12,2,17,1,0,0,2,14
S01007438,85 and over,11,1,1,0,10,3,0,0,0,7
S01007439,All HRPs,337,181,156,25,156,57,3,21,25,50
S01007439,24 and under,16,3,0,3,13,13,0,0,0,0
S01007439,25 to 34,36,21,15,6,15,12,0,1,2,0
S01007439,35 to 49,82,48,39,9,34,17,2,11,3,1
S01007439,50 to 64,103,61,55,6,42,10,0,8,16,8
S01007439,65 to 74,57,37,37,0,20,1,1,1,3,14
S01007439,75 to 84,32,9,9,0,23,2,0,0,1,20
S01007439,85 and over,11,2,1,1,9,2,0,0,0,7
S01007440,All HRPs,295,157,130,27,138,30,4,12,39,53
S01007440,24 and under,5,3,1,2,2,2,0,0,0,0
S01007440,25 to 34,24,15,7,8,9,9,0,0,0,0
S01007440,35 to 49,70,50,39,11,20,5,2,4,8,1
S01007440,50 to 64,109,63,57,6,46,11,1,4,21,9
S01007440,65 to 74,37,14,14,0,23,2,0,3,7,11
S01007440,75 to 84,38,12,12,0,26,1,1,1,3,20
S01007440,85 and over,12,0,0,0,12,0,0,0,0,12
S01007441,All HRPs,226,177,160,17,49,15,1,7,13,13
S01007441,24 and under,0,0,0,0,0,0,0,0,0,0
S01007441,25 to 34,12,11,10,1,1,1,0,0,0,0
S01007441,35 to 49,60,49,38,11,11,6,0,2,2,1
S01007441,50 to 64,99,74,70,4,25,5,1,5,10,4
S01007441,65 to 74,39,32,31,1,7,3,0,0,0,4
S01007441,75 to 84,15,10,10,0,5,0,0,0,1,4
S01007441,85 and over,1,1,1,0,0,0,0,0,0,0
S01007442,All HRPs,198,153,140,13,45,9,2,4,10,20
S01007442,24 and under,0,0,0,0,0,0,0,0,0,0
S01007442,25 to 34,8,5,3,2,3,3,0,0,0,0
S01007442,35 to 49,49,39,31,8,10,3,1,2,4,0
S01007442,50 to 64,83,69,67,2,14,1,1,2,5,5
S01007442,65 to 74,32,27,27,0,5,1,0,0,1,3
S01007442,75 to 84,19,11,10,1,8,1,0,0,0,7
S01007442,85 and over,7,2,2,0,5,0,0,0,0,5
S01007443,All HRPs,387,239,212,27,148,39,4,14,26,65
S01007443,24 and under,1,1,0,1,0,0,0,0,0,0
S01007443,25 to 34,24,15,4,11,9,8,0,0,1,0
S01007443,35 to 49,83,63,58,5,20,10,0,6,4,0
S01007443,50 to 64,116,79,73,6,37,13,1,6,12,5
S01007443,65 to 74,75,48,47,1,27,4,0,1,6,16
S01007443,75 to 84,66,29,28,1,37,3,2,1,3,28
S01007443,85 and over,22,4,2,2,18,1,1,0,0,16
S01007444,All HRPs,427,249,230,19,178,38,10,15,44,71
S01007444,24 and under,1,0,0,0,1,0,0,0,1,0
S01007444,25 to 34,13,10,6,4,3,2,0,1,0,0
S01007444,35 to 49,124,85,76,9,39,14,5,6,13,1
S01007444,50 to 64,138,96,90,6,42,13,3,6,15,5
S01007444,65 to 74,61,31,31,0,30,4,0,2,12,12
S01007444,75 to 84,60,20,20,0,40,4,0,0,3,33
S01007444,85 and over,30,7,7,0,23,1,2,0,0,20
S01007445,All HRPs,265,181,171,10,84,10,2,9,26,37
S01007445,24 and under,1,0,0,0,1,1,0,0,0,0
S01007445,25 to 34,12,10,7,3,2,1,0,0,1,0
S01007445,35 to 49,75,54,50,4,21,5,2,3,10,1
S01007445,50 to 64,101,73,71,2,28,2,0,6,9,11
S01007445,65 to 74,49,31,30,1,18,1,0,0,5,12
S01007445,75 to 84,22,13,13,0,9,0,0,0,0,9
S01007445,85 and over,5,0,0,0,5,0,0,0,1,4
S01007446,All HRPs,201,150,138,12,51,5,2,5,15,24
S01007446,24 and under,1,1,1,0,0,0,0,0,0,0
S01007446,25 to 34,5,3,2,1,2,2,0,0,0,0
S01007446,35 to 49,72,59,52,7,13,1,1,3,7,1
S01007446,50 to 64,63,50,46,4,13,1,1,2,7,2
S01007446,65 to 74,30,25,25,0,5,0,0,0,0,5
S01007446,75 to 84,25,10,10,0,15,1,0,0,1,13
S01007446,85 and over,5,2,2,0,3,0,0,0,0,3
S01007447,All HRPs,209,150,144,6,59,10,8,6,11,24
S01007447,24 and under,1,0,0,0,1,0,1,0,0,0
S01007447,25 to 34,2,2,1,1,0,0,0,0,0,0
S01007447,35 to 49,50,42,38,4,8,2,1,3,1,1
S01007447,50 to 64,83,65,65,0,18,4,2,1,7,4
S01007447,65 to 74,50,33,32,1,17,2,4,2,2,7
S01007447,75 to 84,17,8,8,0,9,2,0,0,1,6
S01007447,85 and over,6,0,0,0,6,0,0,0,0,6
S01007448,All HRPs,367,259,223,36,108,22,1,12,28,45
S01007448,24 and under,3,0,0,0,3,3,0,0,0,0
S01007448,25 to 34,15,11,7,4,4,3,0,1,0,0
S01007448,35 to 49,107,82,61,21,25,10,0,9,6,0
S01007448,50 to 64,124,94,85,9,30,3,1,1,14,11
S01007448,65 to 74,69,47,45,2,22,2,0,1,6,13
S01007448,75 to 84,44,24,24,0,20,1,0,0,2,17
S01007448,85 and over,5,1,1,0,4,0,0,0,0,4
S01007449,All HRPs,458,244,194,50,214,100,4,17,44,49
S01007449,24 and under,35,5,0,5,30,30,0,0,0,0
S01007449,25 to 34,55,31,14,17,24,22,0,1,1,0
S01007449,35 to 49,118,64,49,15,54,26,2,10,16,0
S01007449,50 to 64,130,84,73,11,46,19,1,3,16,7
S01007449,65 to 74,69,41,40,1,28,0,0,3,9,16
S01007449,75 to 84,44,17,16,1,27,3,1,0,2,21
S01007449,85 and over,7,2,2,0,5,0,0,0,0,5
S01007450,All HRPs,332,155,106,49,177,68,4,20,31,54
S01007450,24 and under,17,5,0,5,12,11,0,1,0,0
S01007450,25 to 34,42,18,3,15,24,21,0,2,1,0
S01007450,35 to 49,104,52,33,19,52,23,3,11,14,1
S01007450,50 to 64,89,52,45,7,37,9,1,5,15,7
S01007450,65 to 74,36,20,17,3,16,2,0,1,0,13
S01007450,75 to 84,28,8,8,0,20,1,0,0,1,18
S01007450,85 and over,16,0,0,0,16,1,0,0,0,15
S01007451,All HRPs,283,168,140,28,115,40,0,13,20,42
S01007451,24 and under,4,3,0,3,1,1,0,0,0,0
S01007451,25 to 34,29,17,11,6,12,11,0,1,0,0
S01007451,35 to 49,79,53,42,11,26,14,0,4,6,2
S01007451,50 to 64,81,47,41,6,34,11,0,7,11,5
S01007451,65 to 74,53,33,31,2,20,3,0,1,1,15
S01007451,75 to 84,29,13,13,0,16,0,0,0,2,14
S01007451,85 and over,8,2,2,0,6,0,0,0,0,6
S01007452,All HRPs,209,119,98,21,90,41,1,11,13,24
S01007452,24 and under,12,4,0,4,8,8,0,0,0,0
S01007452,25 to 34,16,8,3,5,8,6,0,2,0,0
S01007452,35 to 49,67,38,32,6,29,19,1,3,5,1
S01007452,50 to 64,56,43,37,6,13,4,0,3,3,3
S01007452,65 to 74,32,19,19,0,13,3,0,1,2,7
S01007452,75 to 84,20,6,6,0,14,1,0,2,3,8
S01007452,85 and over,6,1,1,0,5,0,0,0,0,5
S01007453,All HRPs,212,178,136,42,34,15,3,5,6,5
S01007453,24 and under,4,4,0,4,0,0,0,0,0,0
S01007453,25 to 34,46,37,22,15,9,8,0,1,0,0
S01007453,35 to 49,117,101,82,19,16,7,3,2,4,0
S01007453,50 to 64,34,28,24,4,6,0,0,2,2,2
S01007453,65 to 74,4,3,3,0,1,0,0,0,0,1
S01007453,75 to 84,5,5,5,0,0,0,0,0,0,0
S01007453,85 and over,2,0,0,0,2,0,0,0,0,2
S01007454,All HRPs,190,129,107,22,61,11,1,4,22,23
S01007454,24 and under,2,1,0,1,1,1,0,0,0,0
S01007454,25 to 34,16,13,5,8,3,2,0,0,0,1
S01007454,35 to 49,55,39,31,8,16,5,0,2,9,0
S01007454,50 to 64,70,53,51,2,17,3,0,1,7,6
S01007454,65 to 74,32,19,16,3,13,0,0,1,4,8
S01007454,75 to 84,13,3,3,0,10,0,0,0,2,8
S01007454,85 and over,2,1,1,0,1,0,1,0,0,0
S01007455,All HRPs,388,189,133,56,199,74,0,27,57,41
S01007455,24 and under,13,5,0,5,8,8,0,0,0,0
S01007455,25 to 34,63,36,15,21,27,23,0,3,1,0
S01007455,35 to 49,118,58,39,19,60,23,0,14,20,3
S01007455,50 to 64,113,61,51,10,52,18,0,9,20,5
S01007455,65 to 74,49,23,22,1,26,0,0,1,10,15
S01007455,75 to 84,30,5,5,0,25,2,0,0,6,17
S01007455,85 and over,2,1,1,0,1,0,0,0,0,1
S01007456,All HRPs,394,161,110,51,233,106,1,20,58,48
S01007456,24 and under,40,13,2,11,27,27,0,0,0,0
S01007456,25 to 34,83,41,21,20,42,39,0,2,1,0
S01007456,35 to 49,113,49,35,14,64,27,1,13,21,2
S01007456,50 to 64,85,35,31,4,50,8,0,3,28,11
S01007456,65 to 74,39,16,14,2,23,2,0,2,5,14
S01007456,75 to 84,27,5,5,0,22,3,0,0,2,17
S01007456,85 and over,7,2,2,0,5,0,0,0,1,4
S01007457,All HRPs,465,252,206,46,213,90,2,32,55,34
S01007457,24 and under,22,3,0,3,19,19,0,0,0,0
S01007457,25 to 34,74,31,18,13,43,38,0,3,2,0
S01007457,35 to 49,169,110,87,23,59,25,1,15,18,0
S01007457,50 to 64,114,67,61,6,47,5,1,12,26,3
S01007457,65 to 74,45,24,23,1,21,1,0,2,7,11
S01007457,75 to 84,30,15,15,0,15,1,0,0,2,12
S01007457,85 and over,11,2,2,0,9,1,0,0,0,8
S01007458,All HRPs,224,153,132,21,71,17,0,7,13,34
S01007458,24 and under,2,2,0,2,0,0,0,0,0,0
S01007458,25 to 34,21,14,7,7,7,7,0,0,0,0
S01007458,35 to 49,59,46,38,8,13,3,0,5,5,0
S01007458,50 to 64,69,54,51,3,15,2,0,1,7,5
S01007458,65 to 74,30,14,14,0,16,3,0,1,1,11
S01007458,75 to 84,35,21,20,1,14,1,0,0,0,13
S01007458,85 and over,8,2,2,0,6,1,0,0,0,5
S01007459,All HRPs,291,178,151,27,113,17,2,9,21,64
S01007459,24 and under,1,0,0,0,1,1,0,0,0,0
S01007459,25 to 34,20,16,4,12,4,2,0,2,0,0
S01007459,35 to 49,56,38,31,7,18,6,0,5,7,0
S01007459,50 to 64,91,67,59,8,24,5,0,2,7,10
S01007459,65 to 74,62,34,34,0,28,2,1,0,3,22
S01007459,75 to 84,51,22,22,0,29,0,1,0,4,24
S01007459,85 and over,10,1,1,0,9,1,0,0,0,8
S01007460,All HRPs,345,181,148,33,164,64,4,21,34,41
S01007460,24 and under,14,1,0,1,13,13,0,0,0,0
S01007460,25 to 34,29,13,5,8,16,13,0,1,2,0
S01007460,35 to 49,91,48,34,14,43,22,1,10,10,0
S01007460,50 to 64,116,81,72,9,35,11,2,6,12,4
S01007460,65 to 74,59,30,29,1,29,4,0,4,9,12
S01007460,75 to 84,26,7,7,0,19,1,1,0,1,16
S01007460,85 and over,10,1,1,0,9,0,0,0,0,9
S01007461,All HRPs,372,122,81,41,250,118,4,22,61,45
S01007461,24 and under,35,12,2,10,23,23,0,0,0,0
S01007461,25 to 34,62,22,13,9,40,37,0,1,2,0
S01007461,35 to 49,107,37,21,16,70,36,3,8,23,0
S01007461,50 to 64,95,27,22,5,68,19,0,9,31,9
S01007461,65 to 74,39,15,14,1,24,2,1,3,3,15
S01007461,75 to 84,24,8,8,0,16,1,0,1,2,12
S01007461,85 and over,10,1,1,0,9,0,0,0,0,9
S01007462,All HRPs,371,178,126,52,193,86,2,31,43,31
S01007462,24 and under,18,8,1,7,10,10,0,0,0,0
S01007462,25 to 34,74,37,15,22,37,32,0,4,1,0
S01007462,35 to 49,112,52,34,18,60,28,1,16,13,2
S01007462,50 to 64,106,56,51,5,50,13,0,9,21,7
S01007462,65 to 74,32,15,15,0,17,0,1,2,6,8
S01007462,75 to 84,24,10,10,0,14,2,0,0,2,10
S01007462,85 and over,5,0,0,0,5,1,0,0,0,4
S01007463,All HRPs,377,160,118,42,217,89,1,19,66,42
S01007463,24 and under,22,6,0,6,16,15,0,1,0,0
S01007463,25 to 34,58,25,13,12,33,28,1,0,4,0
S01007463,35 to 49,137,54,40,14,83,33,0,12,31,7
S01007463,50 to 64,91,40,34,6,51,10,0,5,24,12
S01007463,65 to 74,50,30,27,3,20,1,0,1,6,12
S01007463,75 to 84,16,4,3,1,12,2,0,0,1,9
S01007463,85 and over,3,1,1,0,2,0,0,0,0,2
S01007464,All HRPs,313,141,118,23,172,66,1,16,46,43
S01007464,24 and under,13,2,0,2,11,10,0,1,0,0
S01007464,25 to 34,35,15,8,7,20,18,1,1,0,0
S01007464,35 to 49,99,47,36,11,52,26,0,4,21,1
S01007464,50 to 64,90,42,40,2,48,9,0,8,20,11
S01007464,65 to 74,32,18,17,1,14,2,0,1,3,8
S01007464,75 to 84,35,17,17,0,18,1,0,1,1,15
S01007464,85 and over,9,0,0,0,9,0,0,0,1,8
S01007465,All HRPs,380,136,89,47,244,137,1,29,45,32
S01007465,24 and under,35,12,2,10,23,23,0,0,0,0
S01007465,25 to 34,76,31,13,18,45,42,0,3,0,0
S01007465,35 to 49,128,42,29,13,86,53,0,18,14,1
S01007465,50 to 64,74,22,16,6,52,14,1,6,20,11
S01007465,65 to 74,45,20,20,0,25,4,0,1,11,9
S01007465,75 to 84,20,8,8,0,12,1,0,1,0,10
S01007465,85 and over,2,1,1,0,1,0,0,0,0,1
S01007466,All HRPs,581,162,98,64,419,216,2,36,111,54
S01007466,24 and under,65,15,4,11,50,48,0,0,1,1
S01007466,25 to 34,96,33,13,20,63,59,0,3,1,0
S01007466,35 to 49,173,47,28,19,126,79,0,13,32,2
S01007466,50 to 64,140,32,20,12,108,20,1,19,58,10
S01007466,65 to 74,66,23,22,1,43,6,0,1,16,20
S01007466,75 to 84,33,12,11,1,21,3,0,0,3,15
S01007466,85 and over,8,0,0,0,8,1,1,0,0,6
S01007467,All HRPs,523,205,161,44,318,127,5,37,61,88
S01007467,24 and under,21,8,2,6,13,13,0,0,0,0
S01007467,25 to 34,74,34,14,20,40,37,1,2,0,0
S01007467,35 to 49,156,64,52,12,92,46,2,20,22,2
S01007467,50 to 64,112,54,48,6,58,16,1,10,27,4
S01007467,65 to 74,74,25,25,0,49,5,1,4,9,30
S01007467,75 to 84,52,14,14,0,38,2,0,0,3,33
S01007467,85 and over,34,6,6,0,28,8,0,1,0,19
S01007468,All HRPs,333,204,177,27,129,63,2,20,19,25
S01007468,24 and under,7,4,0,4,3,3,0,0,0,0
S01007468,25 to 34,45,19,14,5,26,24,1,1,0,0
S01007468,35 to 49,106,66,54,12,40,25,0,11,4,0
S01007468,50 to 64,108,74,68,6,34,9,0,8,11,6
S01007468,65 to 74,45,31,31,0,14,1,1,0,2,10
S01007468,75 to 84,19,9,9,0,10,1,0,0,2,7
S01007468,85 and over,3,1,1,0,2,0,0,0,0,2
S01007469,All HRPs,250,143,113,30,107,35,1,14,30,27
S01007469,24 and under,3,0,0,0,3,3,0,0,0,0
S01007469,25 to 34,37,20,9,11,17,14,0,0,3,0
S01007469,35 to 49,77,44,31,13,33,15,0,9,9,0
S01007469,50 to 64,77,51,46,5,26,3,1,5,12,5
S01007469,65 to 74,32,22,21,1,10,0,0,0,3,7
S01007469,75 to 84,19,6,6,0,13,0,0,0,2,11
S01007469,85 and over,5,0,0,0,5,0,0,0,1,4
S01007470,All HRPs,335,131,102,29,204,82,5,18,46,53
S01007470,24 and under,10,5,0,5,5,5,0,0,0,0
S01007470,25 to 34,37,16,6,10,21,17,0,3,1,0
S01007470,35 to 49,87,41,31,10,46,29,1,7,9,0
S01007470,50 to 64,96,41,38,3,55,15,1,8,24,7
S01007470,65 to 74,37,16,15,1,21,6,0,0,6,9
S01007470,75 to 84,38,11,11,0,27,4,0,0,4,19
S01007470,85 and over,30,1,1,0,29,6,3,0,2,18
S01007471,All HRPs,203,120,98,22,83,32,1,6,20,24
S01007471,24 and under,6,2,0,2,4,4,0,0,0,0
S01007471,25 to 34,23,13,6,7,10,10,0,0,0,0
S01007471,35 to 49,63,45,39,6,18,11,0,2,4,1
S01007471,50 to 64,67,48,43,5,19,3,0,4,9,3
S01007471,65 to 74,20,7,6,1,13,1,0,0,6,6
S01007471,75 to 84,11,2,2,0,9,3,1,0,0,5
S01007471,85 and over,13,3,2,1,10,0,0,0,1,9
S01007472,All HRPs,273,122,87,35,151,56,0,10,34,51
S01007472,24 and under,13,4,0,4,9,9,0,0,0,0
S01007472,25 to 34,31,15,3,12,16,15,0,1,0,0
S01007472,35 to 49,71,43,30,13,28,17,0,1,8,2
S01007472,50 to 64,70,31,27,4,39,9,0,6,17,7
S01007472,65 to 74,42,19,17,2,23,3,0,2,5,13
S01007472,75 to 84,32,8,8,0,24,2,0,0,4,18
S01007472,85 and over,14,2,2,0,12,1,0,0,0,11
S01007473,All HRPs,227,93,78,15,134,64,1,11,36,22
S01007473,24 and under,8,1,0,1,7,7,0,0,0,0
S01007473,25 to 34,30,9,5,4,21,17,0,2,2,0
S01007473,35 to 49,73,30,23,7,43,27,0,4,11,1
S01007473,50 to 64,60,31,28,3,29,7,0,3,16,3
S01007473,65 to 74,33,13,13,0,20,4,0,0,6,10
S01007473,75 to 84,17,7,7,0,10,2,0,2,1,5
S01007473,85 and over,6,2,2,0,4,0,1,0,0,3
S01007474,All HRPs,213,157,142,15,56,13,1,5,13,24
S01007474,24 and under,1,1,0,1,0,0,0,0,0,0
S01007474,25 to 34,16,11,9,2,5,3,1,1,0,0
S01007474,35 to 49,69,59,51,8,10,7,0,1,2,0
S01007474,50 to 64,75,59,55,4,16,1,0,2,9,4
S01007474,65 to 74,30,19,19,0,11,0,0,1,2,8
S01007474,75 to 84,18,7,7,0,11,1,0,0,0,10
S01007474,85 and over,4,1,1,0,3,1,0,0,0,2
S01007475,All HRPs,257,162,133,29,95,41,0,13,18,23
S01007475,24 and under,6,2,1,1,4,4,0,0,0,0
S01007475,25 to 34,41,27,16,11,14,12,0,2,0,0
S01007475,35 to 49,84,55,43,12,29,16,0,6,7,0
S01007475,50 to 64,76,52,47,5,24,8,0,4,9,3
S01007475,65 to 74,29,19,19,0,10,1,0,1,2,6
S01007475,75 to 84,15,6,6,0,9,0,0,0,0,9
S01007475,85 and over,6,1,1,0,5,0,0,0,0,5
S01007476,All HRPs,317,190,168,22,127,36,2,10,21,58
S01007476,24 and under,4,0,0,0,4,4,0,0,0,0
S01007476,25 to 34,22,14,7,7,8,6,0,1,1,0
S01007476,35 to 49,79,53,42,11,26,12,0,5,5,4
S01007476,50 to 64,81,56,52,4,25,6,0,4,10,5
S01007476,65 to 74,63,38,38,0,25,7,0,0,3,15
S01007476,75 to 84,52,25,25,0,27,0,2,0,1,24
S01007476,85 and over,16,4,4,0,12,1,0,0,1,10
S01007477,All HRPs,247,141,108,33,106,32,5,12,26,31
S01007477,24 and under,4,1,0,1,3,3,0,0,0,0
S01007477,25 to 34,29,20,13,7,9,6,0,1,2,0
S01007477,35 to 49,75,47,31,16,28,14,1,6,7,0
S01007477,50 to 64,73,46,39,7,27,4,3,4,11,5
S01007477,65 to 74,36,19,17,2,17,1,0,0,3,13
S01007477,75 to 84,24,6,6,0,18,3,1,1,3,10
S01007477,85 and over,6,2,2,0,4,1,0,0,0,3
S01007478,All HRPs,433,225,160,65,208,62,1,22,48,75
S01007478,24 and under,12,8,0,8,4,4,0,0,0,0
S01007478,25 to 34,60,32,11,21,28,25,0,1,2,0
S01007478,35 to 49,130,86,65,21,44,17,0,11,14,2
S01007478,50 to 64,100,53,39,14,47,9,0,7,22,9
S01007478,65 to 74,48,21,21,0,27,3,0,2,6,16
S01007478,75 to 84,49,18,17,1,31,2,0,1,3,25
S01007478,85 and over,34,7,7,0,27,2,1,0,1,23
S01007479,All HRPs,275,141,103,38,134,63,3,17,25,26
S01007479,24 and under,18,5,0,5,13,13,0,0,0,0
S01007479,25 to 34,52,29,13,16,23,20,0,2,1,0
S01007479,35 to 49,112,71,56,15,41,18,2,9,12,0
S01007479,50 to 64,46,22,21,1,24,9,0,5,7,3
S01007479,65 to 74,18,8,8,0,10,2,0,1,5,2
S01007479,75 to 84,20,5,5,0,15,0,1,0,0,14
S01007479,85 and over,9,1,0,1,8,1,0,0,0,7
S01007480,All HRPs,327,204,153,51,123,50,3,17,32,21
S01007480,24 and under,13,4,1,3,9,8,0,1,0,0
S01007480,25 to 34,66,45,24,21,21,18,0,1,2,0
S01007480,35 to 49,118,76,57,19,42,16,3,6,15,2
S01007480,50 to 64,85,55,48,7,30,6,0,8,12,4
S01007480,65 to 74,26,18,17,1,8,2,0,1,3,2
S01007480,75 to 84,16,6,6,0,10,0,0,0,0,10
S01007480,85 and over,3,0,0,0,3,0,0,0,0,3
S01007481,All HRPs,394,255,233,22,139,30,4,12,15,78
S01007481,24 and under,4,1,0,1,3,3,0,0,0,0
S01007481,25 to 34,13,10,4,6,3,3,0,0,0,0
S01007481,35 to 49,71,53,45,8,18,4,0,9,4,1
S01007481,50 to 64,103,84,79,5,19,6,1,2,7,3
S01007481,65 to 74,106,67,66,1,39,6,2,0,2,29
S01007481,75 to 84,76,30,30,0,46,6,1,1,2,36
S01007481,85 and over,21,10,9,1,11,2,0,0,0,9
S01007482,All HRPs,253,107,85,22,146,36,2,8,26,74
S01007482,24 and under,3,2,0,2,1,1,0,0,0,0
S01007482,25 to 34,24,10,5,5,14,12,1,1,0,0
S01007482,35 to 49,41,23,17,6,18,7,0,1,8,2
S01007482,50 to 64,66,35,28,7,31,5,0,3,14,9
S01007482,65 to 74,45,22,22,0,23,5,0,0,3,15
S01007482,75 to 84,55,12,10,2,43,5,1,2,1,34
S01007482,85 and over,19,3,3,0,16,1,0,1,0,14
S01007483,All HRPs,340,181,140,41,159,49,3,14,38,55
S01007483,24 and under,3,2,0,2,1,1,0,0,0,0
S01007483,25 to 34,52,26,10,16,26,21,1,2,2,0
S01007483,35 to 49,87,55,41,14,32,12,1,8,11,0
S01007483,50 to 64,98,64,57,7,34,7,0,4,15,8
S01007483,65 to 74,53,28,26,2,25,5,0,0,8,12
S01007483,75 to 84,37,6,6,0,31,3,1,0,2,25
S01007483,85 and over,10,0,0,0,10,0,0,0,0,10
S01007484,All HRPs,285,111,88,23,174,72,5,18,37,42
S01007484,24 and under,24,6,0,6,18,17,0,1,0,0
S01007484,25 to 34,30,9,7,2,21,17,0,4,0,0
S01007484,35 to 49,65,31,24,7,34,18,2,5,8,1
S01007484,50 to 64,74,38,30,8,36,11,1,5,17,2
S01007484,65 to 74,45,15,15,0,30,6,2,3,5,14
S01007484,75 to 84,33,10,10,0,23,3,0,0,6,14
S01007484,85 and over,14,2,2,0,12,0,0,0,1,11
S01007485,All HRPs,219,93,46,47,126,65,4,9,32,16
S01007485,24 and under,28,8,0,8,20,20,0,0,0,0
S01007485,25 to 34,44,26,4,22,18,15,0,1,2,0
S01007485,35 to 49,62,24,10,14,38,17,0,7,13,1
S01007485,50 to 64,46,18,17,1,28,9,2,1,14,2
S01007485,65 to 74,21,9,8,1,12,3,1,0,1,7
S01007485,75 to 84,15,7,6,1,8,1,0,0,2,5
S01007485,85 and over,3,1,1,0,2,0,1,0,0,1
S01007486,All HRPs,255,77,48,29,178,87,5,11,43,32
S01007486,24 and under,32,6,1,5,26,23,1,1,1,0
S01007486,25 to 34,49,19,7,12,30,24,0,1,4,1
S01007486,35 to 49,64,25,17,8,39,25,2,3,9,0
S01007486,50 to 64,56,14,10,4,42,10,0,5,16,11
S01007486,65 to 74,30,9,9,0,21,2,1,1,11,6
S01007486,75 to 84,20,4,4,0,16,2,1,0,2,11
S01007486,85 and over,4,0,0,0,4,1,0,0,0,3
S01007487,All HRPs,498,164,111,53,334,158,2,26,77,71
S01007487,24 and under,43,13,0,13,30,29,0,1,0,0
S01007487,25 to 34,63,20,4,16,43,37,0,6,0,0
S01007487,35 to 49,117,44,29,15,73,48,0,8,15,2
S01007487,50 to 64,138,60,51,9,78,20,0,8,39,11
S01007487,65 to 74,74,20,20,0,54,12,2,2,18,20
S01007487,75 to 84,41,5,5,0,36,6,0,1,5,24
S01007487,85 and over,22,2,2,0,20,6,0,0,0,14
S01007488,All HRPs,483,226,176,50,257,99,6,19,70,63
S01007488,24 and under,19,10,0,10,9,9,0,0,0,0
S01007488,25 to 34,53,24,13,11,29,25,2,1,1,0
S01007488,35 to 49,144,71,50,21,73,36,1,8,27,1
S01007488,50 to 64,132,69,62,7,63,12,2,7,31,11
S01007488,65 to 74,65,37,36,1,28,5,0,1,8,14
S01007488,75 to 84,51,13,13,0,38,6,0,2,2,28
S01007488,85 and over,19,2,2,0,17,6,1,0,1,9
S01007489,All HRPs,406,210,181,29,196,59,4,12,44,77
S01007489,24 and under,12,2,0,2,10,10,0,0,0,0
S01007489,25 to 34,36,12,3,9,24,21,0,2,0,1
S01007489,35 to 49,99,58,46,12,41,12,0,6,22,1
S01007489,50 to 64,111,79,76,3,32,8,4,3,12,5
S01007489,65 to 74,61,34,31,3,27,1,0,0,9,17
S01007489,75 to 84,58,22,22,0,36,3,0,1,0,32
S01007489,85 and over,29,3,3,0,26,4,0,0,1,21
S01007490,All HRPs,378,217,180,37,161,46,1,8,36,70
S01007490,24 and under,10,4,0,4,6,5,0,0,0,1
S01007490,25 to 34,33,15,9,6,18,14,0,2,2,0
S01007490,35 to 49,89,67,46,21,22,8,1,4,7,2
S01007490,50 to 64,106,63,59,4,43,14,0,2,14,13
S01007490,65 to 74,76,40,38,2,36,3,0,0,11,22
S01007490,75 to 84,47,21,21,0,26,2,0,0,0,24
S01007490,85 and over,17,7,7,0,10,0,0,0,2,8
S01007491,All HRPs,460,257,172,85,203,91,2,22,53,35
S01007491,24 and under,22,10,0,10,12,11,1,0,0,0
S01007491,25 to 34,116,66,30,36,50,43,1,5,1,0
S01007491,35 to 49,145,78,54,24,67,27,0,12,27,1
S01007491,50 to 64,100,65,50,15,35,4,0,4,18,9
S01007491,65 to 74,48,27,27,0,21,3,0,1,7,10
S01007491,75 to 84,24,10,10,0,14,2,0,0,0,12
S01007491,85 and over,5,1,1,0,4,1,0,0,0,3
S01007492,All HRPs,332,176,149,27,156,48,1,8,48,51
S01007492,24 and under,9,5,1,4,4,4,0,0,0,0
S01007492,25 to 34,27,13,4,9,14,12,0,1,1,0
S01007492,35 to 49,79,51,40,11,28,15,0,2,10,1
S01007492,50 to 64,109,67,65,2,42,11,0,2,24,5
S01007492,65 to 74,61,26,25,1,35,2,1,3,13,16
S01007492,75 to 84,38,13,13,0,25,2,0,0,0,23
S01007492,85 and over,9,1,1,0,8,2,0,0,0,6
S01007493,All HRPs,368,209,166,43,159,55,4,15,37,48
S01007493,24 and under,14,5,1,4,9,9,0,0,0,0
S01007493,25 to 34,41,28,11,17,13,11,0,1,1,0
S01007493,35 to 49,113,56,46,10,57,24,0,11,21,1
S01007493,50 to 64,100,71,64,7,29,7,3,1,10,8
S01007493,65 to 74,55,34,31,3,21,2,1,2,1,15
S01007493,75 to 84,37,13,11,2,24,1,0,0,4,19
S01007493,85 and over,8,2,2,0,6,1,0,0,0,5
S01007494,All HRPs,239,151,129,22,88,27,7,5,19,30
S01007494,24 and under,5,3,1,2,2,2,0,0,0,0
S01007494,25 to 34,14,12,6,6,2,1,1,0,0,0
S01007494,35 to 49,63,42,34,8,21,11,2,1,6,1
S01007494,50 to 64,74,49,44,5,25,4,3,4,7,7
S01007494,65 to 74,52,32,31,1,20,3,1,0,6,10
S01007494,75 to 84,23,11,11,0,12,5,0,0,0,7
S01007494,85 and over,8,2,2,0,6,1,0,0,0,5
S01007495,All HRPs,345,241,211,30,104,30,6,9,24,35
S01007495,24 and under,4,1,1,0,3,3,0,0,0,0
S01007495,25 to 34,25,16,10,6,9,6,2,1,0,0
S01007495,35 to 49,104,78,65,13,26,8,2,4,10,2
S01007495,50 to 64,115,93,83,10,22,5,0,2,9,6
S01007495,65 to 74,59,30,30,0,29,6,1,2,3,17
S01007495,75 to 84,28,19,18,1,9,1,1,0,2,5
S01007495,85 and over,10,4,4,0,6,1,0,0,0,5
S01007496,All HRPs,470,291,251,40,179,53,3,14,44,65
S01007496,24 and under,4,1,1,0,3,3,0,0,0,0
S01007496,25 to 34,36,21,10,11,15,13,0,2,0,0
S01007496,35 to 49,79,54,44,10,25,12,0,4,6,3
S01007496,50 to 64,166,114,103,11,52,12,2,6,20,12
S01007496,65 to 74,103,60,53,7,43,7,0,2,10,24
S01007496,75 to 84,62,37,36,1,25,2,1,0,5,17
S01007496,85 and over,20,4,4,0,16,4,0,0,3,9
S01007497,All HRPs,264,155,135,20,109,30,1,9,31,38
S01007497,24 and under,9,5,1,4,4,4,0,0,0,0
S01007497,25 to 34,18,6,3,3,12,9,0,2,1,0
S01007497,35 to 49,71,52,45,7,19,6,0,1,12,0
S01007497,50 to 64,81,52,46,6,29,8,1,4,11,5
S01007497,65 to 74,50,29,29,0,21,2,0,0,6,13
S01007497,75 to 84,25,10,10,0,15,0,0,0,1,14
S01007497,85 and over,10,1,1,0,9,1,0,2,0,6
S01007498,All HRPs,416,227,191,36,189,33,2,20,44,90
S01007498,24 and under,3,1,0,1,2,2,0,0,0,0
S01007498,25 to 34,23,14,8,6,9,6,1,2,0,0
S01007498,35 to 49,80,54,37,17,26,12,0,6,8,0
S01007498,50 to 64,145,94,86,8,51,8,0,9,21,13
S01007498,65 to 74,77,35,34,1,42,3,0,0,12,27
S01007498,75 to 84,66,22,20,2,44,2,0,2,3,37
S01007498,85 and over,22,7,6,1,15,0,1,1,0,13
S01007499,All HRPs,358,228,184,44,130,48,5,14,23,40
S01007499,24 and under,6,3,0,3,3,3,0,0,0,0
S01007499,25 to 34,36,26,13,13,10,6,1,0,3,0
S01007499,35 to 49,105,71,52,19,34,19,1,6,6,2
S01007499,50 to 64,113,77,72,5,36,11,0,6,11,8
S01007499,65 to 74,54,31,27,4,23,6,2,2,2,11
S01007499,75 to 84,37,20,20,0,17,2,0,0,1,14
S01007499,85 and over,7,0,0,0,7,1,1,0,0,5
S01007500,All HRPs,288,170,136,34,118,34,5,10,26,43
S01007500,24 and under,6,5,1,4,1,1,0,0,0,0
S01007500,25 to 34,18,10,4,6,8,8,0,0,0,0
S01007500,35 to 49,59,37,29,8,22,11,2,2,7,0
S01007500,50 to 64,101,65,56,9,36,8,1,6,14,7
S01007500,65 to 74,51,33,30,3,18,3,0,2,1,12
S01007500,75 to 84,43,17,14,3,26,3,1,0,4,18
S01007500,85 and over,10,3,2,1,7,0,1,0,0,6
S01007501,All HRPs,325,202,186,16,123,36,4,13,18,52
S01007501,24 and under,4,0,0,0,4,4,0,0,0,0
S01007501,25 to 34,13,10,8,2,3,3,0,0,0,0
S01007501,35 to 49,57,36,34,2,21,10,0,5,6,0
S01007501,50 to 64,121,80,71,9,41,11,4,5,9,12
S01007501,65 to 74,75,52,50,2,23,5,0,1,2,15
S01007501,75 to 84,41,22,21,1,19,2,0,0,1,16
S01007501,85 and over,14,2,2,0,12,1,0,2,0,9
S01007502,All HRPs,248,146,119,27,102,30,2,10,23,37
S01007502,24 and under,3,1,0,1,2,2,0,0,0,0
S01007502,25 to 34,17,8,6,2,9,6,0,0,3,0
S01007502,35 to 49,59,41,31,10,18,10,1,3,4,0
S01007502,50 to 64,93,58,46,12,35,8,1,6,13,7
S01007502,65 to 74,46,26,25,1,20,2,0,1,3,14
S01007502,75 to 84,21,10,9,1,11,1,0,0,0,10
S01007502,85 and over,9,2,2,0,7,1,0,0,0,6
S01007503,All HRPs,482,282,244,38,200,61,7,14,50,68
S01007503,24 and under,6,3,0,3,3,3,0,0,0,0
S01007503,25 to 34,41,18,11,7,23,16,1,3,3,0
S01007503,35 to 49,111,75,61,14,36,16,1,5,13,1
S01007503,50 to 64,146,99,90,9,47,13,0,6,22,6
S01007503,65 to 74,86,55,52,3,31,5,1,0,8,17
S01007503,75 to 84,72,28,26,2,44,6,3,0,4,31
S01007503,85 and over,20,4,4,0,16,2,1,0,0,13
S01007504,All HRPs,321,186,148,38,135,48,3,12,28,44
S01007504,24 and under,8,6,1,5,2,2,0,0,0,0
S01007504,25 to 34,21,9,3,6,12,10,0,2,0,0
S01007504,35 to 49,73,50,32,18,23,14,0,4,4,1
S01007504,50 to 64,108,63,57,6,45,15,2,3,16,9
S01007504,65 to 74,60,33,31,2,27,2,1,3,8,13
S01007504,75 to 84,36,22,21,1,14,5,0,0,0,9
S01007504,85 and over,15,3,3,0,12,0,0,0,0,12
S01007505,All HRPs,179,114,95,19,65,23,1,9,17,15
S01007505,24 and under,4,3,0,3,1,1,0,0,0,0
S01007505,25 to 34,15,9,5,4,6,5,0,1,0,0
S01007505,35 to 49,52,32,26,6,20,8,0,6,6,0
S01007505,50 to 64,63,44,40,4,19,6,0,1,8,4
S01007505,65 to 74,32,21,19,2,11,1,1,0,3,6
S01007505,75 to 84,9,4,4,0,5,2,0,1,0,2
S01007505,85 and over,4,1,1,0,3,0,0,0,0,3
S01007506,All HRPs,237,153,131,22,84,22,3,7,20,32
S01007506,24 and under,5,3,0,3,2,1,1,0,0,0
S01007506,25 to 34,14,9,2,7,5,4,0,1,0,0
S01007506,35 to 49,48,36,32,4,12,8,0,2,2,0
S01007506,50 to 64,65,43,37,6,22,6,1,2,11,2
S01007506,65 to 74,61,41,40,1,20,1,1,0,7,11
S01007506,75 to 84,35,18,17,1,17,2,0,2,0,13
S01007506,85 and over,9,3,3,0,6,0,0,0,0,6
S01007507,All HRPs,455,239,195,44,216,76,5,14,50,71
S01007507,24 and under,13,6,0,6,7,7,0,0,0,0
S01007507,25 to 34,35,13,3,10,22,21,0,1,0,0
S01007507,35 to 49,109,67,50,17,42,21,2,7,12,0
S01007507,50 to 64,123,80,74,6,43,9,0,6,19,9
S01007507,65 to 74,85,39,36,3,46,9,1,0,13,23
S01007507,75 to 84,71,34,32,2,37,7,1,0,5,24
S01007507,85 and over,19,0,0,0,19,2,1,0,1,15
S01007508,All HRPs,329,200,165,35,129,40,1,5,39,44
S01007508,24 and under,7,4,1,3,3,3,0,0,0,0
S01007508,25 to 34,29,23,11,12,6,5,0,1,0,0
S01007508,35 to 49,61,39,32,7,22,11,0,0,10,1
S01007508,50 to 64,115,79,70,9,36,11,1,2,16,6
S01007508,65 to 74,68,38,36,2,30,7,0,1,12,10
S01007508,75 to 84,39,14,12,2,25,3,0,1,1,20
S01007508,85 and over,10,3,3,0,7,0,0,0,0,7
S01007509,All HRPs,274,176,154,22,98,31,4,7,16,40
S01007509,24 and under,8,3,1,2,5,5,0,0,0,0
S01007509,25 to 34,13,3,1,2,10,7,1,2,0,0
S01007509,35 to 49,63,51,42,9,12,5,1,2,4,0
S01007509,50 to 64,89,65,60,5,24,5,1,3,8,7
S01007509,65 to 74,59,37,34,3,22,5,1,0,4,12
S01007509,75 to 84,34,15,14,1,19,3,0,0,0,16
S01007509,85 and over,8,2,2,0,6,1,0,0,0,5
S01007510,All HRPs,459,271,243,28,188,36,3,12,36,101
S01007510,24 and under,5,4,0,4,1,0,0,0,0,1
S01007510,25 to 34,22,19,11,8,3,3,0,0,0,0
S01007510,35 to 49,85,57,49,8,28,12,1,8,7,0
S01007510,50 to 64,136,102,97,5,34,8,0,2,13,11
S01007510,65 to 74,111,56,53,3,55,6,0,1,14,34
S01007510,75 to 84,74,32,32,0,42,6,1,1,2,32
S01007510,85 and over,26,1,1,0,25,1,1,0,0,23
S01007511,All HRPs,370,185,142,43,185,55,5,14,41,70
S01007511,24 and under,12,6,0,6,6,6,0,0,0,0
S01007511,25 to 34,33,17,5,12,16,12,1,2,1,0
S01007511,35 to 49,69,43,31,12,26,10,2,7,5,2
S01007511,50 to 64,128,72,59,13,56,18,1,4,20,13
S01007511,65 to 74,76,33,33,0,43,8,1,0,12,22
S01007511,75 to 84,40,13,13,0,27,1,0,1,3,22
S01007511,85 and over,12,1,1,0,11,0,0,0,0,11
S01007512,All HRPs,247,138,119,19,109,31,2,10,27,39
S01007512,24 and under,7,3,0,3,4,4,0,0,0,0
S01007512,25 to 34,10,5,2,3,5,5,0,0,0,0
S01007512,35 to 49,48,31,26,5,17,5,0,6,6,0
S01007512,50 to 64,87,57,53,4,30,10,1,3,12,4
S01007512,65 to 74,54,27,23,4,27,6,0,0,7,14
S01007512,75 to 84,31,12,12,0,19,0,1,1,2,15
S01007512,85 and over,10,3,3,0,7,1,0,0,0,6
S01007513,All HRPs,468,241,171,70,227,85,3,19,65,55
S01007513,24 and under,25,15,0,15,10,9,0,0,0,1
S01007513,25 to 34,71,39,13,26,32,29,0,2,1,0
S01007513,35 to 49,118,62,43,19,56,21,0,14,21,0
S01007513,50 to 64,128,71,62,9,57,16,2,3,31,5
S01007513,65 to 74,74,37,37,0,37,5,0,0,9,23
S01007513,75 to 84,37,13,12,1,24,4,1,0,1,18
S01007513,85 and over,15,4,4,0,11,1,0,0,2,8
S01007514,All HRPs,247,109,89,20,138,53,9,12,40,24
S01007514,24 and under,17,5,1,4,12,10,0,2,0,0
S01007514,25 to 34,18,5,3,2,13,11,0,2,0,0
S01007514,35 to 49,69,30,25,5,39,12,7,3,17,0
S01007514,50 to 64,71,37,31,6,34,9,1,4,17,3
S01007514,65 to 74,38,19,17,2,19,7,0,1,4,7
S01007514,75 to 84,24,8,7,1,16,4,1,0,2,9
S01007514,85 and over,10,5,5,0,5,0,0,0,0,5
S01007515,All HRPs,254,172,154,18,82,26,1,5,18,32
S01007515,24 and under,11,5,0,5,6,6,0,0,0,0
S01007515,25 to 34,15,10,8,2,5,5,0,0,0,0
S01007515,35 to 49,53,41,36,5,12,5,0,2,5,0
S01007515,50 to 64,73,56,51,5,17,5,0,3,7,2
S01007515,65 to 74,51,35,35,0,16,3,0,0,6,7
S01007515,75 to 84,31,19,18,1,12,1,0,0,0,11
S01007515,85 and over,20,6,6,0,14,1,1,0,0,12
S01007516,All HRPs,257,145,94,51,112,32,1,6,31,42
S01007516,24 and under,12,9,0,9,3,3,0,0,0,0
S01007516,25 to 34,41,30,14,16,11,9,0,2,0,0
S01007516,35 to 49,63,42,29,13,21,7,1,2,11,0
S01007516,50 to 64,58,39,30,9,19,6,0,1,10,2
S01007516,65 to 74,40,17,14,3,23,3,0,0,9,11
S01007516,75 to 84,28,8,7,1,20,3,0,1,1,15
S01007516,85 and over,15,0,0,0,15,1,0,0,0,14
S01007517,All HRPs,224,121,107,14,103,35,1,6,21,40
S01007517,24 and under,8,4,1,3,4,4,0,0,0,0
S01007517,25 to 34,9,6,2,4,3,3,0,0,0,0
S01007517,35 to 49,38,28,26,2,10,3,1,1,5,0
S01007517,50 to 64,64,35,32,3,29,15,0,4,8,2
S01007517,65 to 74,43,24,23,1,19,4,0,0,4,11
S01007517,75 to 84,45,21,20,1,24,3,0,1,4,16
S01007517,85 and over,17,3,3,0,14,3,0,0,0,11
S01007518,All HRPs,381,195,165,30,186,67,3,9,40,67
S01007518,24 and under,7,1,1,0,6,6,0,0,0,0
S01007518,25 to 34,31,18,9,9,13,13,0,0,0,0
S01007518,35 to 49,110,65,52,13,45,22,2,5,14,2
S01007518,50 to 64,97,57,49,8,40,14,1,3,15,7
S01007518,65 to 74,62,28,28,0,34,5,0,1,10,18
S01007518,75 to 84,63,23,23,0,40,6,0,0,1,33
S01007518,85 and over,11,3,3,0,8,1,0,0,0,7
S01007519,All HRPs,215,141,125,16,74,31,3,5,16,19
S01007519,24 and under,2,1,0,1,1,1,0,0,0,0
S01007519,25 to 34,9,6,3,3,3,3,0,0,0,0
S01007519,35 to 49,35,21,17,4,14,4,2,2,5,1
S01007519,50 to 64,77,59,52,7,18,6,1,2,6,3
S01007519,65 to 74,43,26,26,0,17,11,0,0,4,2
S01007519,75 to 84,37,22,22,0,15,5,0,1,1,8
S01007519,85 and over,12,6,5,1,6,1,0,0,0,5
S01007520,All HRPs,446,258,217,41,188,44,6,15,45,78
S01007520,24 and under,7,3,1,2,4,4,0,0,0,0
S01007520,25 to 34,24,16,10,6,8,5,1,1,1,0
S01007520,35 to 49,103,78,60,18,25,13,3,2,7,0
S01007520,50 to 64,135,78,66,12,57,11,0,10,24,12
S01007520,65 to 74,93,53,51,2,40,5,1,2,8,24
S01007520,75 to 84,69,27,26,1,42,6,1,0,5,30
S01007520,85 and over,15,3,3,0,12,0,0,0,0,12
S01007521,All HRPs,202,123,102,21,79,27,3,11,15,23
S01007521,24 and under,3,2,0,2,1,1,0,0,0,0
S01007521,25 to 34,12,8,3,5,4,2,0,1,1,0
S01007521,35 to 49,56,31,23,8,25,15,0,8,2,0
S01007521,50 to 64,69,48,43,5,21,6,3,1,8,3
S01007521,65 to 74,34,20,19,1,14,3,0,1,4,6
S01007521,75 to 84,21,13,13,0,8,0,0,0,0,8
S01007521,85 and over,7,1,1,0,6,0,0,0,0,6
S01007522,All HRPs,476,234,200,34,242,68,11,18,49,96
S01007522,24 and under,5,3,0,3,2,2,0,0,0,0
S01007522,25 to 34,27,8,2,6,19,14,2,1,2,0
S01007522,35 to 49,93,60,49,11,33,17,1,5,10,0
S01007522,50 to 64,123,71,61,10,52,20,0,7,19,6
S01007522,65 to 74,100,55,52,3,45,9,3,3,12,18
S01007522,75 to 84,89,30,29,1,59,5,3,2,5,44
S01007522,85 and over,39,7,7,0,32,1,2,0,1,28
S01007523,All HRPs,229,144,113,31,85,22,1,5,19,38
S01007523,24 and under,6,5,0,5,1,1,0,0,0,0
S01007523,25 to 34,17,13,8,5,4,4,0,0,0,0
S01007523,35 to 49,54,45,33,12,9,6,0,2,0,1
S01007523,50 to 64,67,42,39,3,25,6,1,3,10,5
S01007523,65 to 74,45,25,20,5,20,2,0,0,7,11
S01007523,75 to 84,28,14,13,1,14,3,0,0,1,10
S01007523,85 and over,12,0,0,0,12,0,0,0,1,11
S01007524,All HRPs,385,263,222,41,122,36,4,15,29,38
S01007524,24 and under,4,3,0,3,1,1,0,0,0,0
S01007524,25 to 34,21,12,5,7,9,6,1,1,1,0
S01007524,35 to 49,93,74,56,18,19,8,0,5,6,0
S01007524,50 to 64,133,98,87,11,35,8,0,8,17,2
S01007524,65 to 74,74,47,46,1,27,7,1,1,5,13
S01007524,75 to 84,42,25,24,1,17,3,1,0,0,13
S01007524,85 and over,18,4,4,0,14,3,1,0,0,10
S01007525,All HRPs,237,144,126,18,93,31,4,5,16,37
S01007525,24 and under,3,1,0,1,2,2,0,0,0,0
S01007525,25 to 34,16,12,6,6,4,4,0,0,0,0
S01007525,35 to 49,50,32,28,4,18,11,0,2,5,0
S01007525,50 to 64,81,54,50,4,27,8,2,2,9,6
S01007525,65 to 74,43,24,21,3,19,3,1,1,2,12
S01007525,75 to 84,34,16,16,0,18,2,1,0,0,15
S01007525,85 and over,10,5,5,0,5,1,0,0,0,4
S01007526,All HRPs,385,157,123,34,228,73,4,10,62,79
S01007526,24 and under,8,4,0,4,4,4,0,0,0,0
S01007526,25 to 34,33,12,2,10,21,20,0,1,0,0
S01007526,35 to 49,89,43,32,11,46,19,2,6,18,1
S01007526,50 to 64,99,41,34,7,58,20,0,3,27,8
S01007526,65 to 74,64,34,33,1,30,6,0,0,11,13
S01007526,75 to 84,58,20,19,1,38,3,1,0,5,29
S01007526,85 and over,34,3,3,0,31,1,1,0,1,28
S01007527,All HRPs,374,223,187,36,151,33,5,8,46,59
S01007527,24 and under,7,4,0,4,3,3,0,0,0,0
S01007527,25 to 34,20,13,7,6,7,5,0,2,0,0
S01007527,35 to 49,69,50,37,13,19,10,1,2,6,0
S01007527,50 to 64,125,82,70,12,43,7,3,2,26,5
S01007527,65 to 74,72,45,45,0,27,3,0,2,9,13
S01007527,75 to 84,68,27,26,1,41,4,1,0,5,31
S01007527,85 and over,13,2,2,0,11,1,0,0,0,10
S01007528,All HRPs,363,158,132,26,205,74,5,10,51,65
S01007528,24 and under,18,5,0,5,13,12,0,0,0,1
S01007528,25 to 34,35,11,6,5,24,21,0,1,1,1
S01007528,35 to 49,91,42,35,7,49,27,2,5,15,0
S01007528,50 to 64,89,54,46,8,35,7,1,4,16,7
S01007528,65 to 74,60,28,27,1,32,5,0,0,12,15
S01007528,75 to 84,49,16,16,0,33,1,2,0,7,23
S01007528,85 and over,21,2,2,0,19,1,0,0,0,18
S01007529,All HRPs,308,207,182,25,101,29,1,6,20,45
S01007529,24 and under,6,3,0,3,3,3,0,0,0,0
S01007529,25 to 34,17,12,6,6,5,5,0,0,0,0
S01007529,35 to 49,56,35,29,6,21,14,1,2,3,1
S01007529,50 to 64,101,77,70,7,24,4,0,4,10,6
S01007529,65 to 74,51,38,35,3,13,0,0,0,5,8
S01007529,75 to 84,61,36,36,0,25,2,0,0,2,21
S01007529,85 and over,16,6,6,0,10,1,0,0,0,9
S01007530,All HRPs,223,149,131,18,74,26,3,5,16,24
S01007530,24 and under,4,1,0,1,3,3,0,0,0,0
S01007530,25 to 34,17,13,8,5,4,2,0,0,2,0
S01007530,35 to 49,57,44,37,7,13,7,0,3,1,2
S01007530,50 to 64,64,45,42,3,19,7,1,1,9,1
S01007530,65 to 74,38,24,22,2,14,5,1,0,3,5
S01007530,75 to 84,38,22,22,0,16,2,1,1,1,11
S01007530,85 and over,5,0,0,0,5,0,0,0,0,5
S01007531,All HRPs,313,191,159,32,122,49,0,11,20,42
S01007531,24 and under,4,1,0,1,3,3,0,0,0,0
S01007531,25 to 34,23,13,8,5,10,8,0,1,1,0
S01007531,35 to 49,80,50,35,15,30,19,0,7,4,0
S01007531,50 to 64,108,80,73,7,28,12,0,3,9,4
S01007531,65 to 74,46,27,26,1,19,3,0,0,5,11
S01007531,75 to 84,42,18,15,3,24,4,0,0,1,19
S01007531,85 and over,10,2,2,0,8,0,0,0,0,8
S01007532,All HRPs,248,159,131,28,89,32,8,6,22,21
S01007532,24 and under,1,1,0,1,0,0,0,0,0,0
S01007532,25 to 34,23,12,3,9,11,7,1,1,2,0
S01007532,35 to 49,73,42,35,7,31,15,5,4,7,0
S01007532,50 to 64,80,60,52,8,20,6,2,1,8,3
S01007532,65 to 74,41,27,25,2,14,3,0,0,3,8
S01007532,75 to 84,25,14,13,1,11,1,0,0,2,8
S01007532,85 and over,5,3,3,0,2,0,0,0,0,2
S01007533,All HRPs,222,152,128,24,70,16,1,7,17,29
S01007533,24 and under,3,0,0,0,3,3,0,0,0,0
S01007533,25 to 34,20,15,11,4,5,4,0,0,0,1
S01007533,35 to 49,59,47,37,10,12,2,1,2,7,0
S01007533,50 to 64,72,56,48,8,16,4,0,5,6,1
S01007533,65 to 74,38,18,16,2,20,3,0,0,3,14
S01007533,75 to 84,22,12,12,0,10,0,0,0,1,9
S01007533,85 and over,8,4,4,0,4,0,0,0,0,4
S01007534,All HRPs,428,232,191,41,196,45,1,17,54,79
S01007534,24 and under,8,4,0,4,4,4,0,0,0,0
S01007534,25 to 34,26,12,8,4,14,8,0,4,2,0
S01007534,35 to 49,101,62,41,21,39,18,0,7,13,1
S01007534,50 to 64,124,81,72,9,43,5,1,6,21,10
S01007534,65 to 74,79,40,38,2,39,5,0,0,13,21
S01007534,75 to 84,73,27,27,0,46,5,0,0,5,36
S01007534,85 and over,17,6,5,1,11,0,0,0,0,11
S01007535,All HRPs,492,243,202,41,249,90,5,29,54,71
S01007535,24 and under,15,5,0,5,10,10,0,0,0,0
S01007535,25 to 34,45,19,9,10,26,20,1,3,2,0
S01007535,35 to 49,123,62,50,12,61,35,0,12,14,0
S01007535,50 to 64,131,78,66,12,53,14,0,8,26,5
S01007535,65 to 74,77,43,42,1,34,6,0,3,9,16
S01007535,75 to 84,75,28,27,1,47,4,4,1,3,35
S01007535,85 and over,26,8,8,0,18,1,0,2,0,15
S01007536,All HRPs,443,221,166,55,222,74,5,17,55,71
S01007536,24 and under,20,10,0,10,10,10,0,0,0,0
S01007536,25 to 34,52,32,6,26,20,19,0,0,1,0
S01007536,35 to 49,113,61,45,16,52,13,2,13,21,3
S01007536,50 to 64,107,61,58,3,46,16,1,3,20,6
S01007536,65 to 74,61,32,32,0,29,9,0,1,8,11
S01007536,75 to 84,63,21,21,0,42,5,1,0,4,32
S01007536,85 and over,27,4,4,0,23,2,1,0,1,19
S01007537,All HRPs,518,253,197,56,265,99,5,19,63,79
S01007537,24 and under,14,4,0,4,10,10,0,0,0,0
S01007537,25 to 34,58,27,7,20,31,30,0,0,1,0
S01007537,35 to 49,119,58,38,20,61,30,1,8,21,1
S01007537,50 to 64,124,73,65,8,51,11,0,8,25,7
S01007537,65 to 74,86,49,45,4,37,8,1,3,9,16
S01007537,75 to 84,82,32,32,0,50,8,2,0,6,34
S01007537,85 and over,35,10,10,0,25,2,1,0,1,21
S01007538,All HRPs,366,252,209,43,114,38,3,10,28,35
S01007538,24 and under,5,2,1,1,3,3,0,0,0,0
S01007538,25 to 34,26,15,10,5,11,11,0,0,0,0
S01007538,35 to 49,115,88,69,19,27,11,1,6,9,0
S01007538,50 to 64,120,89,73,16,31,7,0,3,15,6
S01007538,65 to 74,54,43,41,2,11,3,0,0,3,5
S01007538,75 to 84,31,13,13,0,18,3,0,1,0,14
S01007538,85 and over,15,2,2,0,13,0,2,0,1,10
S01007539,All HRPs,331,200,180,20,131,36,5,4,19,67
S01007539,24 and under,1,1,1,0,0,0,0,0,0,0
S01007539,25 to 34,19,14,8,6,5,5,0,0,0,0
S01007539,35 to 49,55,41,33,8,14,8,0,3,3,0
S01007539,50 to 64,97,73,67,6,24,9,0,1,11,3
S01007539,65 to 74,56,31,31,0,25,5,2,0,2,16
S01007539,75 to 84,79,31,31,0,48,6,3,0,3,36
S01007539,85 and over,24,9,9,0,15,3,0,0,0,12
S01007540,All HRPs,450,205,172,33,245,75,6,12,61,91
S01007540,24 and under,15,2,0,2,13,13,0,0,0,0
S01007540,25 to 34,45,23,7,16,22,19,0,2,1,0
S01007540,35 to 49,89,52,47,5,37,20,0,6,10,1
S01007540,50 to 64,126,71,63,8,55,13,1,4,25,12
S01007540,65 to 74,75,34,33,1,41,1,3,0,15,22
S01007540,75 to 84,72,18,17,1,54,7,2,0,6,39
S01007540,85 and over,28,5,5,0,23,2,0,0,4,17
S01007541,All HRPs,337,207,176,31,130,32,2,10,24,62
S01007541,24 and under,7,5,1,4,2,2,0,0,0,0
S01007541,25 to 34,14,7,4,3,7,6,0,0,1,0
S01007541,35 to 49,81,55,39,16,26,15,0,4,5,2
S01007541,50 to 64,105,73,66,7,32,4,0,6,14,8
S01007541,65 to 74,59,40,40,0,19,0,0,0,2,17
S01007541,75 to 84,49,23,22,1,26,3,2,0,2,19
S01007541,85 and over,22,4,4,0,18,2,0,0,0,16
S01007542,All HRPs,416,177,147,30,239,89,2,29,51,68
S01007542,24 and under,12,3,0,3,9,9,0,0,0,0
S01007542,25 to 34,52,22,16,6,30,26,0,4,0,0
S01007542,35 to 49,108,46,33,13,62,25,0,16,17,4
S01007542,50 to 64,128,68,64,4,60,17,0,8,26,9
S01007542,65 to 74,50,25,22,3,25,3,1,0,5,16
S01007542,75 to 84,50,12,11,1,38,8,1,0,3,26
S01007542,85 and over,16,1,1,0,15,1,0,1,0,13
S01007543,All HRPs,481,262,197,65,219,72,3,17,70,57
S01007543,24 and under,12,4,0,4,8,8,0,0,0,0
S01007543,25 to 34,58,39,17,22,19,14,0,3,2,0
S01007543,35 to 49,141,82,61,21,59,28,1,7,21,2
S01007543,50 to 64,151,92,79,13,59,14,0,6,31,8
S01007543,65 to 74,70,32,28,4,38,3,1,0,11,23
S01007543,75 to 84,42,12,11,1,30,5,1,1,3,20
S01007543,85 and over,7,1,1,0,6,0,0,0,2,4
S01007544,All HRPs,496,314,277,37,182,39,10,12,37,84
S01007544,24 and under,2,0,0,0,2,2,0,0,0,0
S01007544,25 to 34,15,6,1,5,9,7,0,2,0,0
S01007544,35 to 49,80,61,44,17,19,4,2,4,8,1
S01007544,50 to 64,148,102,90,12,46,8,7,5,21,5
S01007544,65 to 74,108,75,73,2,33,10,0,1,2,20
S01007544,75 to 84,98,56,55,1,42,4,1,0,3,34
S01007544,85 and over,45,14,14,0,31,4,0,0,3,24
S01007545,All HRPs,359,232,196,36,127,29,1,9,33,55
S01007545,24 and under,3,3,1,2,0,0,0,0,0,0
S01007545,25 to 34,20,14,5,9,6,5,0,1,0,0
S01007545,35 to 49,83,64,49,15,19,5,1,4,8,1
S01007545,50 to 64,120,87,78,9,33,11,0,4,13,5
S01007545,65 to 74,67,36,35,1,31,5,0,0,9,17
S01007545,75 to 84,47,23,23,0,24,3,0,0,2,19
S01007545,85 and over,19,5,5,0,14,0,0,0,1,13
S01007546,All HRPs,223,171,154,17,52,15,2,2,10,23
S01007546,24 and under,1,1,1,0,0,0,0,0,0,0
S01007546,25 to 34,22,19,13,6,3,2,0,0,1,0
S01007546,35 to 49,58,48,42,6,10,6,1,2,0,1
S01007546,50 to 64,74,62,60,2,12,7,1,0,2,2
S01007546,65 to 74,37,23,21,2,14,0,0,0,5,9
S01007546,75 to 84,24,16,15,1,8,0,0,0,2,6
S01007546,85 and over,7,2,2,0,5,0,0,0,0,5
S01007547,All HRPs,239,155,124,31,84,28,1,9,23,23
S01007547,24 and under,3,3,0,3,0,0,0,0,0,0
S01007547,25 to 34,18,13,3,10,5,5,0,0,0,0
S01007547,35 to 49,68,49,40,9,19,10,0,5,4,0
S01007547,50 to 64,86,50,44,6,36,8,1,4,16,7
S01007547,65 to 74,40,29,27,2,11,2,0,0,2,7
S01007547,75 to 84,19,11,10,1,8,2,0,0,1,5
S01007547,85 and over,5,0,0,0,5,1,0,0,0,4
S01007548,All HRPs,304,186,156,30,118,33,1,8,33,43
S01007548,24 and under,10,8,0,8,2,2,0,0,0,0
S01007548,25 to 34,21,18,6,12,3,3,0,0,0,0
S01007548,35 to 49,67,43,38,5,24,10,0,3,11,0
S01007548,50 to 64,108,68,65,3,40,7,1,4,18,10
S01007548,65 to 74,54,31,30,1,23,6,0,1,3,13
S01007548,75 to 84,41,16,15,1,25,5,0,0,1,19
S01007548,85 and over,3,2,2,0,1,0,0,0,0,1
S01007549,All HRPs,298,166,147,19,132,41,3,4,32,52
S01007549,24 and under,2,1,0,1,1,1,0,0,0,0
S01007549,25 to 34,20,10,7,3,10,8,0,0,1,1
S01007549,35 to 49,57,36,30,6,21,10,0,4,7,0
S01007549,50 to 64,105,70,63,7,35,11,3,0,18,3
S01007549,65 to 74,52,29,27,2,23,4,0,0,5,14
S01007549,75 to 84,48,18,18,0,30,5,0,0,0,25
S01007549,85 and over,14,2,2,0,12,2,0,0,1,9
S01007550,All HRPs,449,248,217,31,201,55,5,19,47,75
S01007550,24 and under,6,2,0,2,4,3,0,1,0,0
S01007550,25 to 34,24,14,7,7,10,9,0,1,0,0
S01007550,35 to 49,80,47,35,12,33,18,0,3,12,0
S01007550,50 to 64,147,90,82,8,57,12,4,10,21,10
S01007550,65 to 74,86,50,48,2,36,5,1,1,9,20
S01007550,75 to 84,75,32,32,0,43,6,0,3,4,30
S01007550,85 and over,31,13,13,0,18,2,0,0,1,15
S01007551,All HRPs,395,253,222,31,142,57,3,10,23,49
S01007551,24 and under,6,1,0,1,5,3,0,2,0,0
S01007551,25 to 34,22,11,5,6,11,11,0,0,0,0
S01007551,35 to 49,100,64,55,9,36,20,0,5,11,0
S01007551,50 to 64,124,94,84,10,30,7,3,3,8,9
S01007551,65 to 74,79,57,53,4,22,9,0,0,2,11
S01007551,75 to 84,48,20,19,1,28,5,0,0,2,21
S01007551,85 and over,16,6,6,0,10,2,0,0,0,8
S01007552,All HRPs,401,216,174,42,185,78,3,18,31,55
S01007552,24 and under,21,3,0,3,18,16,1,1,0,0
S01007552,25 to 34,53,31,18,13,22,20,1,1,0,0
S01007552,35 to 49,113,77,64,13,36,18,0,8,9,1
S01007552,50 to 64,121,65,56,9,56,19,1,7,18,11
S01007552,65 to 74,50,29,26,3,21,1,0,1,2,17
S01007552,75 to 84,29,11,10,1,18,3,0,0,1,14
S01007552,85 and over,14,0,0,0,14,1,0,0,1,12
S01007553,All HRPs,376,212,181,31,164,47,1,14,43,59
S01007553,24 and under,12,4,1,3,8,8,0,0,0,0
S01007553,25 to 34,34,19,10,9,15,12,0,0,3,0
S01007553,35 to 49,91,64,54,10,27,9,0,5,11,2
S01007553,50 to 64,119,73,65,8,46,9,1,7,17,12
S01007553,65 to 74,72,37,36,1,35,5,0,2,10,18
S01007553,75 to 84,38,13,13,0,25,3,0,0,2,20
S01007553,85 and over,10,2,2,0,8,1,0,0,0,7
S01007554,All HRPs,221,91,78,13,130,62,0,9,22,37
S01007554,24 and under,13,2,0,2,11,11,0,0,0,0
S01007554,25 to 34,22,8,5,3,14,12,0,1,1,0
S01007554,35 to 49,51,16,13,3,35,19,0,4,11,1
S01007554,50 to 64,62,35,32,3,27,10,0,3,6,8
S01007554,65 to 74,43,22,20,2,21,4,0,1,4,12
S01007554,75 to 84,25,8,8,0,17,4,0,0,0,13
S01007554,85 and over,5,0,0,0,5,2,0,0,0,3
S01007555,All HRPs,238,143,125,18,95,35,3,3,11,43
S01007555,24 and under,3,2,0,2,1,1,0,0,0,0
S01007555,25 to 34,9,6,3,3,3,3,0,0,0,0
S01007555,35 to 49,57,39,31,8,18,9,0,1,5,3
S01007555,50 to 64,78,59,54,5,19,10,1,1,5,2
S01007555,65 to 74,30,20,20,0,10,3,0,1,1,5
S01007555,75 to 84,47,16,16,0,31,5,2,0,0,24
S01007555,85 and over,14,1,1,0,13,4,0,0,0,9
S01007556,All HRPs,227,100,90,10,127,48,1,12,23,43
S01007556,24 and under,4,0,0,0,4,4,0,0,0,0
S01007556,25 to 34,18,5,1,4,13,11,0,1,1,0
S01007556,35 to 49,55,31,28,3,24,12,1,2,8,1
S01007556,50 to 64,67,37,35,2,30,12,0,9,8,1
S01007556,65 to 74,32,17,17,0,15,4,0,0,3,8
S01007556,75 to 84,32,9,8,1,23,5,0,0,1,17
S01007556,85 and over,19,1,1,0,18,0,0,0,2,16
S01007557,All HRPs,478,264,222,42,214,74,1,27,39,73
S01007557,24 and under,9,3,1,2,6,5,0,0,1,0
S01007557,25 to 34,52,28,15,13,24,21,0,3,0,0
S01007557,35 to 49,135,87,63,24,48,25,0,14,7,2
S01007557,50 to 64,124,83,80,3,41,3,0,9,21,8
S01007557,65 to 74,90,38,38,0,52,11,0,0,9,32
S01007557,75 to 84,54,20,20,0,34,8,1,1,1,23
S01007557,85 and over,14,5,5,0,9,1,0,0,0,8
S01007558,All HRPs,189,132,108,24,57,23,3,7,12,12
S01007558,24 and under,0,0,0,0,0,0,0,0,0,0
S01007558,25 to 34,6,6,2,4,0,0,0,0,0,0
S01007558,35 to 49,56,39,29,10,17,9,0,3,5,0
S01007558,50 to 64,67,48,39,9,19,10,0,4,3,2
S01007558,65 to 74,41,28,28,0,13,2,2,0,3,6
S01007558,75 to 84,13,10,9,1,3,2,0,0,0,1
S01007558,85 and over,6,1,1,0,5,0,1,0,1,3
S01007559,All HRPs,308,199,157,42,109,35,3,14,21,36
S01007559,24 and under,10,6,0,6,4,4,0,0,0,0
S01007559,25 to 34,18,11,4,7,7,4,1,2,0,0
S01007559,35 to 49,99,68,52,16,31,14,1,7,8,1
S01007559,50 to 64,101,73,61,12,28,10,1,3,10,4
S01007559,65 to 74,31,23,23,0,8,0,0,1,1,6
S01007559,75 to 84,35,15,14,1,20,2,0,0,1,17
S01007559,85 and over,14,3,3,0,11,1,0,1,1,8
S01007560,All HRPs,440,239,201,38,201,58,5,16,35,87
S01007560,24 and under,10,5,0,5,5,5,0,0,0,0
S01007560,25 to 34,29,13,10,3,16,11,0,4,1,0
S01007560,35 to 49,93,56,45,11,37,15,0,8,10,4
S01007560,50 to 64,127,91,76,15,36,8,4,1,13,10
S01007560,65 to 74,79,38,36,2,41,8,0,2,7,24
S01007560,75 to 84,75,27,25,2,48,7,1,1,3,36
S01007560,85 and over,27,9,9,0,18,4,0,0,1,13
S01007561,All HRPs,357,176,150,26,181,55,2,10,40,74
S01007561,24 and under,8,5,0,5,3,3,0,0,0,0
S01007561,25 to 34,16,9,4,5,7,7,0,0,0,0
S01007561,35 to 49,78,38,29,9,40,20,0,5,14,1
S01007561,50 to 64,92,56,52,4,36,14,0,3,11,8
S01007561,65 to 74,70,40,38,2,30,2,0,1,8,19
S01007561,75 to 84,67,22,21,1,45,6,0,0,6,33
S01007561,85 and over,26,6,6,0,20,3,2,1,1,13
S01007562,All HRPs,365,224,187,37,141,49,1,18,37,36
S01007562,24 and under,8,2,2,0,6,6,0,0,0,0
S01007562,25 to 34,28,15,8,7,13,9,0,2,2,0
S01007562,35 to 49,118,78,60,18,40,17,0,11,12,0
S01007562,50 to 64,101,73,61,12,28,6,0,3,14,5
S01007562,65 to 74,67,37,37,0,30,8,0,1,8,13
S01007562,75 to 84,33,18,18,0,15,3,0,0,1,11
S01007562,85 and over,10,1,1,0,9,0,1,1,0,7
S01007563,All HRPs,396,235,205,30,161,45,3,21,34,58
S01007563,24 and under,4,0,0,0,4,4,0,0,0,0
S01007563,25 to 34,23,11,7,4,12,10,0,2,0,0
S01007563,35 to 49,97,62,47,15,35,13,1,8,12,1
S01007563,50 to 64,135,91,83,8,44,14,1,9,10,10
S01007563,65 to 74,67,42,40,2,25,4,0,2,10,9
S01007563,75 to 84,50,24,23,1,26,0,1,0,2,23
S01007563,85 and over,20,5,5,0,15,0,0,0,0,15
S01007564,All HRPs,323,210,187,23,113,37,2,7,24,43
S01007564,24 and under,4,3,0,3,1,1,0,0,0,0
S01007564,25 to 34,19,11,7,4,8,6,0,2,0,0
S01007564,35 to 49,70,55,46,9,15,5,1,4,5,0
S01007564,50 to 64,114,83,78,5,31,13,1,1,12,4
S01007564,65 to 74,59,39,38,1,20,5,0,0,4,11
S01007564,75 to 84,42,18,17,1,24,5,0,0,2,17
S01007564,85 and over,15,1,1,0,14,2,0,0,1,11
S01007565,All HRPs,396,260,221,39,136,34,4,12,27,59
S01007565,24 and under,2,1,0,1,1,1,0,0,0,0
S01007565,25 to 34,41,27,16,11,14,11,0,2,1,0
S01007565,35 to 49,101,75,60,15,26,11,0,5,8,2
S01007565,50 to 64,136,104,94,10,32,5,1,4,14,8
S01007565,65 to 74,61,38,36,2,23,4,1,0,3,15
S01007565,75 to 84,41,14,14,0,27,0,0,1,0,26
S01007565,85 and over,14,1,1,0,13,2,2,0,1,8
S01007566,All HRPs,275,211,183,28,64,15,3,10,11,25
S01007566,24 and under,9,6,2,4,3,3,0,0,0,0
S01007566,25 to 34,15,11,4,7,4,2,0,2,0,0
S01007566,35 to 49,78,65,55,10,13,5,0,5,2,1
S01007566,50 to 64,94,79,74,5,15,2,1,3,7,2
S01007566,65 to 74,49,30,29,1,19,1,2,0,2,14
S01007566,75 to 84,26,17,17,0,9,2,0,0,0,7
S01007566,85 and over,4,3,2,1,1,0,0,0,0,1
S01007567,All HRPs,233,176,157,19,57,16,3,9,16,13
S01007567,24 and under,2,0,0,0,2,2,0,0,0,0
S01007567,25 to 34,16,15,8,7,1,1,0,0,0,0
S01007567,35 to 49,78,64,56,8,14,3,0,5,6,0
S01007567,50 to 64,81,59,57,2,22,7,2,4,7,2
S01007567,65 to 74,36,28,26,2,8,1,0,0,2,5
S01007567,75 to 84,18,9,9,0,9,1,1,0,1,6
S01007567,85 and over,2,1,1,0,1,1,0,0,0,0
S01007568,All HRPs,295,180,159,21,115,38,2,15,20,40
S01007568,24 and under,6,3,1,2,3,3,0,0,0,0
S01007568,25 to 34,23,12,9,3,11,7,0,4,0,0
S01007568,35 to 49,64,43,33,10,21,8,0,6,6,1
S01007568,50 to 64,119,83,78,5,36,9,1,5,10,11
S01007568,65 to 74,50,29,28,1,21,6,1,0,3,11
S01007568,75 to 84,28,9,9,0,19,5,0,0,1,13
S01007568,85 and over,5,1,1,0,4,0,0,0,0,4
S01007569,All HRPs,342,229,188,41,113,33,2,8,26,44
S01007569,24 and under,2,2,0,2,0,0,0,0,0,0
S01007569,25 to 34,22,19,4,15,3,2,0,0,1,0
S01007569,35 to 49,97,66,53,13,31,16,1,4,9,1
S01007569,50 to 64,103,81,70,11,22,6,1,3,9,3
S01007569,65 to 74,64,41,41,0,23,2,0,1,6,14
S01007569,75 to 84,42,16,16,0,26,6,0,0,1,19
S01007569,85 and over,12,4,4,0,8,1,0,0,0,7
S01007570,All HRPs,295,189,161,28,106,38,3,6,23,36
S01007570,24 and under,8,3,1,2,5,5,0,0,0,0
S01007570,25 to 34,30,11,5,6,19,16,0,1,2,0
S01007570,35 to 49,71,53,44,9,18,9,0,2,6,1
S01007570,50 to 64,107,78,70,8,29,3,1,3,13,9
S01007570,65 to 74,45,28,25,3,17,2,2,0,2,11
S01007570,75 to 84,29,15,15,0,14,1,0,0,0,13
S01007570,85 and over,5,1,1,0,4,2,0,0,0,2
S01007571,All HRPs,240,164,136,28,76,21,2,1,17,35
S01007571,24 and under,2,1,0,1,1,1,0,0,0,0
S01007571,25 to 34,20,11,9,2,9,8,0,0,1,0
S01007571,35 to 49,58,45,37,8,13,8,0,1,4,0
S01007571,50 to 64,80,65,53,12,15,0,2,0,7,6
S01007571,65 to 74,41,24,21,3,17,3,0,0,4,10
S01007571,75 to 84,31,17,15,2,14,0,0,0,1,13
S01007571,85 and over,8,1,1,0,7,1,0,0,0,6
S01007572,All HRPs,370,224,193,31,146,48,3,12,34,49
S01007572,24 and under,11,3,0,3,8,8,0,0,0,0
S01007572,25 to 34,39,20,10,10,19,16,0,2,1,0
S01007572,35 to 49,105,72,64,8,33,9,1,8,14,1
S01007572,50 to 64,112,76,68,8,36,10,1,2,14,9
S01007572,65 to 74,56,30,30,0,26,3,0,0,5,18
S01007572,75 to 84,41,20,19,1,21,2,1,0,0,18
S01007572,85 and over,6,3,2,1,3,0,0,0,0,3
S01007573,All HRPs,329,244,191,53,85,38,1,15,20,11
S01007573,24 and under,11,9,1,8,2,2,0,0,0,0
S01007573,25 to 34,74,48,37,11,26,21,0,5,0,0
S01007573,35 to 49,159,127,104,23,32,12,1,8,11,0
S01007573,50 to 64,50,36,26,10,14,2,0,2,7,3
S01007573,65 to 74,25,17,16,1,8,1,0,0,2,5
S01007573,75 to 84,8,7,7,0,1,0,0,0,0,1
S01007573,85 and over,2,0,0,0,2,0,0,0,0,2
S01007574,All HRPs,438,238,170,68,200,58,2,14,52,74
S01007574,24 and under,16,9,0,9,7,6,0,0,1,0
S01007574,25 to 34,57,41,18,23,16,15,0,0,1,0
S01007574,35 to 49,124,68,46,22,56,27,1,9,17,2
S01007574,50 to 64,115,66,54,12,49,8,1,4,22,14
S01007574,65 to 74,71,35,34,1,36,2,0,1,10,23
S01007574,75 to 84,49,18,17,1,31,0,0,0,1,30
S01007574,85 and over,6,1,1,0,5,0,0,0,0,5
S01007575,All HRPs,452,165,126,39,287,115,4,19,66,83
S01007575,24 and under,23,7,1,6,16,14,0,2,0,0
S01007575,25 to 34,69,22,14,8,47,40,0,2,5,0
S01007575,35 to 49,103,45,28,17,58,33,0,4,18,3
S01007575,50 to 64,108,47,39,8,61,21,2,4,24,10
S01007575,65 to 74,78,26,26,0,52,5,1,7,13,26
S01007575,75 to 84,60,16,16,0,44,1,1,0,6,36
S01007575,85 and over,11,2,2,0,9,1,0,0,0,8
S01007576,All HRPs,344,111,68,43,233,116,1,13,60,43
S01007576,24 and under,30,15,0,15,15,14,0,1,0,0
S01007576,25 to 34,60,16,5,11,44,39,0,2,2,1
S01007576,35 to 49,104,30,19,11,74,40,1,7,25,1
S01007576,50 to 64,79,33,27,6,46,16,0,2,26,2
S01007576,65 to 74,35,12,12,0,23,4,0,1,4,14
S01007576,75 to 84,26,2,2,0,24,2,0,0,3,19
S01007576,85 and over,10,3,3,0,7,1,0,0,0,6
S01007577,All HRPs,296,122,79,43,174,70,1,13,51,39
S01007577,24 and under,26,7,1,6,19,19,0,0,0,0
S01007577,25 to 34,45,23,6,17,22,16,0,3,3,0
S01007577,35 to 49,84,37,22,15,47,26,0,6,15,0
S01007577,50 to 64,81,37,33,4,44,7,1,4,25,7
S01007577,65 to 74,34,9,9,0,25,2,0,0,8,15
S01007577,75 to 84,19,7,6,1,12,0,0,0,0,12
S01007577,85 and over,7,2,2,0,5,0,0,0,0,5
S01007578,All HRPs,332,134,86,48,198,81,2,12,46,57
S01007578,24 and under,26,9,1,8,17,17,0,0,0,0
S01007578,25 to 34,52,18,2,16,34,29,0,1,4,0
S01007578,35 to 49,85,46,27,19,39,25,0,3,11,0
S01007578,50 to 64,83,41,37,4,42,7,1,5,20,9
S01007578,65 to 74,46,13,12,1,33,2,0,1,6,24
S01007578,75 to 84,34,6,6,0,28,1,1,1,5,20
S01007578,85 and over,6,1,1,0,5,0,0,1,0,4
S01007579,All HRPs,298,110,72,38,188,78,2,21,57,30
S01007579,24 and under,16,5,1,4,11,11,0,0,0,0
S01007579,25 to 34,52,21,10,11,31,27,0,1,3,0
S01007579,35 to 49,115,48,28,20,67,28,2,13,23,1
S01007579,50 to 64,58,20,19,1,38,6,0,2,22,8
S01007579,65 to 74,23,8,7,1,15,3,0,4,5,3
S01007579,75 to 84,27,6,5,1,21,3,0,1,3,14
S01007579,85 and over,7,2,2,0,5,0,0,0,1,4
S01007580,All HRPs,293,146,105,41,147,48,4,16,50,29
S01007580,24 and under,9,2,0,2,7,7,0,0,0,0
S01007580,25 to 34,45,24,6,18,21,14,0,2,5,0
S01007580,35 to 49,113,55,40,15,58,17,3,12,25,1
S01007580,50 to 64,70,38,33,5,32,8,1,1,14,8
S01007580,65 to 74,28,19,18,1,9,2,0,1,4,2
S01007580,75 to 84,23,8,8,0,15,0,0,0,2,13
S01007580,85 and over,5,0,0,0,5,0,0,0,0,5
S01007581,All HRPs,198,105,78,27,93,35,1,2,28,27
S01007581,24 and under,3,2,0,2,1,1,0,0,0,0
S01007581,25 to 34,31,16,8,8,15,13,1,0,1,0
S01007581,35 to 49,56,31,15,16,25,12,0,2,11,0
S01007581,50 to 64,60,39,38,1,21,7,0,0,10,4
S01007581,65 to 74,29,11,11,0,18,2,0,0,4,12
S01007581,75 to 84,13,5,5,0,8,0,0,0,2,6
S01007581,85 and over,6,1,1,0,5,0,0,0,0,5
S01007582,All HRPs,285,146,101,45,139,47,0,11,42,39
S01007582,24 and under,17,9,0,9,8,8,0,0,0,0
S01007582,25 to 34,34,22,10,12,12,11,0,1,0,0
S01007582,35 to 49,87,45,31,14,42,20,0,5,17,0
S01007582,50 to 64,75,43,33,10,32,5,0,5,21,1
S01007582,65 to 74,33,14,14,0,19,3,0,0,4,12
S01007582,75 to 84,32,10,10,0,22,0,0,0,0,22
S01007582,85 and over,7,3,3,0,4,0,0,0,0,4
S01007583,All HRPs,519,178,119,59,341,169,1,31,84,56
S01007583,24 and under,38,12,1,11,26,26,0,0,0,0
S01007583,25 to 34,95,29,7,22,66,61,0,4,1,0
S01007583,35 to 49,140,53,35,18,87,52,0,15,19,1
S01007583,50 to 64,138,48,44,4,90,19,1,11,53,6
S01007583,65 to 74,46,19,16,3,27,4,0,0,6,17
S01007583,75 to 84,53,15,14,1,38,5,0,1,5,27
S01007583,85 and over,9,2,2,0,7,2,0,0,0,5
S01007584,All HRPs,279,130,92,38,149,63,3,9,33,41
S01007584,24 and under,16,4,0,4,12,12,0,0,0,0
S01007584,25 to 34,33,18,10,8,15,13,0,1,1,0
S01007584,35 to 49,93,54,34,20,39,19,1,6,12,1
S01007584,50 to 64,71,29,24,5,42,15,1,2,16,8
S01007584,65 to 74,22,14,13,1,8,1,0,0,0,7
S01007584,75 to 84,26,6,6,0,20,2,1,0,3,14
S01007584,85 and over,18,5,5,0,13,1,0,0,1,11
S01007585,All HRPs,438,250,221,29,188,33,0,11,34,110
S01007585,24 and under,6,2,1,1,4,3,0,1,0,0
S01007585,25 to 34,24,18,12,6,6,5,0,1,0,0
S01007585,35 to 49,76,55,41,14,21,7,0,5,7,2
S01007585,50 to 64,122,88,84,4,34,7,0,2,15,10
S01007585,65 to 74,75,39,38,1,36,2,0,1,5,28
S01007585,75 to 84,103,38,36,2,65,6,0,0,4,55
S01007585,85 and over,32,10,9,1,22,3,0,1,3,15
S01007586,All HRPs,377,186,137,49,191,77,0,16,53,45
S01007586,24 and under,34,8,0,8,26,26,0,0,0,0
S01007586,25 to 34,45,24,6,18,21,18,0,3,0,0
S01007586,35 to 49,107,66,53,13,41,18,0,9,14,0
S01007586,50 to 64,96,53,46,7,43,9,0,3,25,6
S01007586,65 to 74,46,22,19,3,24,4,0,1,10,9
S01007586,75 to 84,35,11,11,0,24,2,0,0,4,18
S01007586,85 and over,14,2,2,0,12,0,0,0,0,12
S01007587,All HRPs,306,166,138,28,140,50,4,13,30,43
S01007587,24 and under,13,5,0,5,8,8,0,0,0,0
S01007587,25 to 34,34,15,7,8,19,13,1,3,2,0
S01007587,35 to 49,59,34,28,6,25,16,0,5,4,0
S01007587,50 to 64,94,63,57,6,31,7,1,3,17,3
S01007587,65 to 74,43,23,22,1,20,2,1,1,5,11
S01007587,75 to 84,46,17,16,1,29,4,1,1,2,21
S01007587,85 and over,17,9,8,1,8,0,0,0,0,8
S01007588,All HRPs,360,227,205,22,133,31,2,9,25,66
S01007588,24 and under,2,2,0,2,0,0,0,0,0,0
S01007588,25 to 34,14,11,8,3,3,2,0,1,0,0
S01007588,35 to 49,95,69,58,11,26,10,0,4,11,1
S01007588,50 to 64,112,81,76,5,31,6,0,4,11,10
S01007588,65 to 74,57,37,37,0,20,3,1,0,1,15
S01007588,75 to 84,56,23,22,1,33,7,1,0,2,23
S01007588,85 and over,24,4,4,0,20,3,0,0,0,17
S01007589,All HRPs,408,166,126,40,242,115,4,21,43,59
S01007589,24 and under,29,16,2,14,13,13,0,0,0,0
S01007589,25 to 34,60,26,15,11,34,29,0,1,2,2
S01007589,35 to 49,100,38,27,11,62,33,3,9,16,1
S01007589,50 to 64,121,51,47,4,70,28,1,9,24,8
S01007589,65 to 74,37,18,18,0,19,3,0,2,1,13
S01007589,75 to 84,40,15,15,0,25,5,0,0,0,20
S01007589,85 and over,21,2,2,0,19,4,0,0,0,15
S01007590,All HRPs,289,178,160,18,111,23,2,12,11,63
S01007590,24 and under,2,2,1,1,0,0,0,0,0,0
S01007590,25 to 34,11,9,6,3,2,2,0,0,0,0
S01007590,35 to 49,70,49,37,12,21,3,0,11,6,1
S01007590,50 to 64,83,64,62,2,19,10,0,0,5,4
S01007590,65 to 74,55,32,32,0,23,4,1,0,0,18
S01007590,75 to 84,46,19,19,0,27,2,1,0,0,24
S01007590,85 and over,22,3,3,0,19,2,0,1,0,16
S01007591,All HRPs,272,136,103,33,136,53,3,9,35,36
S01007591,24 and under,8,2,1,1,6,6,0,0,0,0
S01007591,25 to 34,32,15,5,10,17,14,2,0,1,0
S01007591,35 to 49,73,42,31,11,31,16,0,4,10,1
S01007591,50 to 64,94,54,45,9,40,6,1,4,19,10
S01007591,65 to 74,31,16,14,2,15,3,0,0,3,9
S01007591,75 to 84,20,6,6,0,14,4,0,1,2,7
S01007591,85 and over,14,1,1,0,13,4,0,0,0,9
S01007592,All HRPs,353,115,85,30,238,108,7,24,59,40
S01007592,24 and under,22,8,2,6,14,14,0,0,0,0
S01007592,25 to 34,65,20,9,11,45,40,0,2,3,0
S01007592,35 to 49,98,29,22,7,69,32,2,11,22,2
S01007592,50 to 64,88,37,31,6,51,13,1,7,26,4
S01007592,65 to 74,37,10,10,0,27,2,4,4,7,10
S01007592,75 to 84,28,9,9,0,19,5,0,0,1,13
S01007592,85 and over,15,2,2,0,13,2,0,0,0,11
S01007593,All HRPs,453,292,243,49,161,46,5,15,36,59
S01007593,24 and under,5,4,0,4,1,1,0,0,0,0
S01007593,25 to 34,43,32,16,16,11,10,0,1,0,0
S01007593,35 to 49,122,87,69,18,35,15,2,6,12,0
S01007593,50 to 64,116,78,68,10,38,14,1,6,9,8
S01007593,65 to 74,88,58,57,1,30,5,1,1,11,12
S01007593,75 to 84,59,30,30,0,29,1,1,1,3,23
S01007593,85 and over,20,3,3,0,17,0,0,0,1,16
S01007594,All HRPs,334,230,202,28,104,30,2,11,16,45
S01007594,24 and under,1,0,0,0,1,1,0,0,0,0
S01007594,25 to 34,28,22,12,10,6,6,0,0,0,0
S01007594,35 to 49,92,67,58,9,25,10,0,9,4,2
S01007594,50 to 64,119,94,85,9,25,9,0,2,7,7
S01007594,65 to 74,50,31,31,0,19,1,1,0,5,12
S01007594,75 to 84,34,15,15,0,19,3,0,0,0,16
S01007594,85 and over,10,1,1,0,9,0,1,0,0,8
S01007595,All HRPs,443,281,246,35,162,50,6,10,43,53
S01007595,24 and under,6,4,0,4,2,2,0,0,0,0
S01007595,25 to 34,28,20,10,10,8,8,0,0,0,0
S01007595,35 to 49,109,74,67,7,35,15,3,4,12,1
S01007595,50 to 64,156,106,96,10,50,14,1,5,22,8
S01007595,65 to 74,72,44,40,4,28,6,0,1,7,14
S01007595,75 to 84,60,27,27,0,33,4,2,0,2,25
S01007595,85 and over,12,6,6,0,6,1,0,0,0,5
S01007596,All HRPs,275,146,120,26,129,40,6,8,28,47
S01007596,24 and under,3,0,0,0,3,3,0,0,0,0
S01007596,25 to 34,11,7,2,5,4,4,0,0,0,0
S01007596,35 to 49,61,35,24,11,26,12,4,2,8,0
S01007596,50 to 64,91,54,45,9,37,7,2,4,14,10
S01007596,65 to 74,52,31,31,0,21,2,0,1,2,16
S01007596,75 to 84,48,18,17,1,30,9,0,1,4,16
S01007596,85 and over,9,1,1,0,8,3,0,0,0,5
S01007597,All HRPs,254,184,156,28,70,22,3,7,15,23
S01007597,24 and under,4,2,0,2,2,2,0,0,0,0
S01007597,25 to 34,21,15,9,6,6,5,0,1,0,0
S01007597,35 to 49,72,54,47,7,18,5,1,4,7,1
S01007597,50 to 64,84,70,62,8,14,6,1,1,3,3
S01007597,65 to 74,38,28,26,2,10,1,1,1,5,2
S01007597,75 to 84,27,13,10,3,14,3,0,0,0,11
S01007597,85 and over,8,2,2,0,6,0,0,0,0,6
S01007598,All HRPs,266,181,160,21,85,21,3,10,23,28
S01007598,24 and under,6,3,2,1,3,3,0,0,0,0
S01007598,25 to 34,12,6,1,5,6,4,1,0,1,0
S01007598,35 to 49,67,45,36,9,22,5,1,6,9,1
S01007598,50 to 64,95,71,66,5,24,6,1,2,9,6
S01007598,65 to 74,48,38,37,1,10,1,0,1,2,6
S01007598,75 to 84,26,13,13,0,13,1,0,1,2,9
S01007598,85 and over,12,5,5,0,7,1,0,0,0,6
S01007599,All HRPs,361,207,175,32,154,74,2,13,35,30
S01007599,24 and under,7,0,0,0,7,7,0,0,0,0
S01007599,25 to 34,50,33,21,12,17,14,0,1,2,0
S01007599,35 to 49,108,57,45,12,51,30,2,7,12,0
S01007599,50 to 64,114,75,68,7,39,16,0,3,15,5
S01007599,65 to 74,42,29,29,0,13,2,0,0,4,7
S01007599,75 to 84,30,12,11,1,18,4,0,2,0,12
S01007599,85 and over,10,1,1,0,9,1,0,0,2,6
S01007600,All HRPs,510,256,213,43,254,82,3,11,64,94
S01007600,24 and under,17,8,0,8,9,9,0,0,0,0
S01007600,25 to 34,32,17,10,7,15,13,0,2,0,0
S01007600,35 to 49,134,86,71,15,48,25,1,3,16,3
S01007600,50 to 64,145,84,72,12,61,19,2,4,24,12
S01007600,65 to 74,79,38,37,1,41,5,0,2,14,20
S01007600,75 to 84,77,18,18,0,59,7,0,0,8,44
S01007600,85 and over,26,5,5,0,21,4,0,0,2,15
S01007601,All HRPs,300,150,117,33,150,80,1,21,34,14
S01007601,24 and under,14,6,1,5,8,8,0,0,0,0
S01007601,25 to 34,74,30,16,14,44,39,0,5,0,0
S01007601,35 to 49,95,48,39,9,47,22,0,8,17,0
S01007601,50 to 64,81,48,44,4,33,11,0,7,12,3
S01007601,65 to 74,19,10,10,0,9,0,1,1,4,3
S01007601,75 to 84,14,6,5,1,8,0,0,0,1,7
S01007601,85 and over,3,2,2,0,1,0,0,0,0,1
S01007602,All HRPs,269,180,149,31,89,30,2,7,19,31
S01007602,24 and under,2,2,0,2,0,0,0,0,0,0
S01007602,25 to 34,37,21,12,9,16,12,0,3,1,0
S01007602,35 to 49,65,49,34,15,16,6,2,2,5,1
S01007602,50 to 64,118,88,84,4,30,10,0,2,10,8
S01007602,65 to 74,22,15,15,0,7,1,0,0,1,5
S01007602,75 to 84,20,5,4,1,15,1,0,0,2,12
S01007602,85 and over,5,0,0,0,5,0,0,0,0,5
S01007603,All HRPs,309,234,200,34,75,35,2,5,12,21
S01007603,24 and under,9,5,1,4,4,4,0,0,0,0
S01007603,25 to 34,35,25,16,9,10,10,0,0,0,0
S01007603,35 to 49,93,69,56,13,24,16,1,3,3,1
S01007603,50 to 64,120,106,100,6,14,2,0,1,7,4
S01007603,65 to 74,27,17,17,0,10,2,1,1,0,6
S01007603,75 to 84,21,10,9,1,11,1,0,0,2,8
S01007603,85 and over,4,2,1,1,2,0,0,0,0,2
S01007604,All HRPs,389,265,236,29,124,36,0,7,23,58
S01007604,24 and under,4,1,0,1,3,3,0,0,0,0
S01007604,25 to 34,24,16,9,7,8,7,0,0,1,0
S01007604,35 to 49,94,75,64,11,19,12,0,0,7,0
S01007604,50 to 64,136,103,97,6,33,7,0,5,9,12
S01007604,65 to 74,59,36,34,2,23,4,0,2,6,11
S01007604,75 to 84,56,32,30,2,24,1,0,0,0,23
S01007604,85 and over,16,2,2,0,14,2,0,0,0,12
S01007605,All HRPs,364,250,206,44,114,30,4,12,22,46
S01007605,24 and under,5,4,1,3,1,1,0,0,0,0
S01007605,25 to 34,36,28,14,14,8,5,0,3,0,0
S01007605,35 to 49,94,73,60,13,21,9,2,3,6,1
S01007605,50 to 64,105,81,69,12,24,6,0,3,11,4
S01007605,65 to 74,67,35,35,0,32,8,1,2,4,17
S01007605,75 to 84,49,25,24,1,24,0,1,1,1,21
S01007605,85 and over,8,4,3,1,4,1,0,0,0,3
S01007606,All HRPs,314,146,119,27,168,76,4,7,35,46
S01007606,24 and under,12,2,0,2,10,10,0,0,0,0
S01007606,25 to 34,39,17,9,8,22,21,0,1,0,0
S01007606,35 to 49,83,40,30,10,43,24,1,4,14,0
S01007606,50 to 64,87,49,42,7,38,12,2,2,15,7
S01007606,65 to 74,47,26,26,0,21,5,1,0,6,9
S01007606,75 to 84,26,9,9,0,17,2,0,0,0,15
S01007606,85 and over,20,3,3,0,17,2,0,0,0,15
S01007607,All HRPs,294,207,188,19,87,21,0,7,24,35
S01007607,24 and under,6,4,0,4,2,2,0,0,0,0
S01007607,25 to 34,24,17,9,8,7,5,0,1,1,0
S01007607,35 to 49,83,67,63,4,16,7,0,2,6,1
S01007607,50 to 64,93,68,66,2,25,2,0,4,10,9
S01007607,65 to 74,48,34,33,1,14,1,0,0,3,10
S01007607,75 to 84,25,10,10,0,15,3,0,0,3,9
S01007607,85 and over,15,7,7,0,8,1,0,0,1,6
S01007608,All HRPs,308,203,177,26,105,15,2,17,21,50
S01007608,24 and under,3,2,0,2,1,1,0,0,0,0
S01007608,25 to 34,26,20,10,10,6,5,0,1,0,0
S01007608,35 to 49,81,59,50,9,22,4,1,9,8,0
S01007608,50 to 64,104,78,75,3,26,5,0,6,9,6
S01007608,65 to 74,45,26,25,1,19,0,0,1,3,15
S01007608,75 to 84,40,16,15,1,24,0,0,0,1,23
S01007608,85 and over,9,2,2,0,7,0,1,0,0,6
S01007609,All HRPs,447,190,134,56,257,123,3,14,70,47
S01007609,24 and under,27,13,2,11,14,14,0,0,0,0
S01007609,25 to 34,64,24,9,15,40,35,1,2,2,0
S01007609,35 to 49,121,53,36,17,68,39,0,6,22,1
S01007609,50 to 64,134,61,51,10,73,24,2,6,31,10
S01007609,65 to 74,54,29,27,2,25,2,0,0,13,10
S01007609,75 to 84,33,9,8,1,24,7,0,0,1,16
S01007609,85 and over,14,1,1,0,13,2,0,0,1,10
S01007610,All HRPs,255,92,65,27,163,71,4,12,43,33
S01007610,24 and under,18,7,0,7,11,11,0,0,0,0
S01007610,25 to 34,36,11,5,6,25,23,0,0,2,0
S01007610,35 to 49,71,23,12,11,48,26,2,6,14,0
S01007610,50 to 64,64,28,26,2,36,7,1,5,17,6
S01007610,65 to 74,28,15,14,1,13,2,1,0,5,5
S01007610,75 to 84,29,8,8,0,21,1,0,1,5,14
S01007610,85 and over,9,0,0,0,9,1,0,0,0,8
S01007611,All HRPs,538,167,105,62,371,170,10,28,72,91
S01007611,24 and under,44,16,3,13,28,28,0,0,0,0
S01007611,25 to 34,69,30,8,22,39,35,0,4,0,0
S01007611,35 to 49,121,41,25,16,80,53,2,8,16,1
S01007611,50 to 64,123,38,30,8,85,32,3,12,28,10
S01007611,65 to 74,79,29,27,2,50,8,1,1,22,18
S01007611,75 to 84,69,12,11,1,57,10,4,3,5,35
S01007611,85 and over,33,1,1,0,32,4,0,0,1,27
S01007612,All HRPs,609,164,107,57,445,251,9,29,94,62
S01007612,24 and under,71,15,1,14,56,54,0,0,2,0
S01007612,25 to 34,110,28,10,18,82,75,1,3,3,0
S01007612,35 to 49,172,56,38,18,116,74,4,12,24,2
S01007612,50 to 64,130,39,32,7,91,31,0,9,43,8
S01007612,65 to 74,60,16,16,0,44,5,2,4,15,18
S01007612,75 to 84,43,8,8,0,35,6,1,1,6,21
S01007612,85 and over,23,2,2,0,21,6,1,0,1,13
S01007613,All HRPs,324,190,148,42,134,52,3,12,22,45
S01007613,24 and under,19,7,0,7,12,12,0,0,0,0
S01007613,25 to 34,35,14,3,11,21,17,2,1,1,0
S01007613,35 to 49,83,61,50,11,22,12,0,4,6,0
S01007613,50 to 64,95,67,55,12,28,6,0,6,11,5
S01007613,65 to 74,43,25,24,1,18,1,1,1,3,12
S01007613,75 to 84,35,11,11,0,24,3,0,0,1,20
S01007613,85 and over,14,5,5,0,9,1,0,0,0,8
S01007614,All HRPs,358,247,217,30,111,28,5,10,25,43
S01007614,24 and under,2,2,0,2,0,0,0,0,0,0
S01007614,25 to 34,19,16,9,7,3,3,0,0,0,0
S01007614,35 to 49,123,92,79,13,31,13,3,6,9,0
S01007614,50 to 64,97,76,69,7,21,3,0,3,11,4
S01007614,65 to 74,62,35,35,0,27,4,2,1,5,15
S01007614,75 to 84,40,21,20,1,19,4,0,0,0,15
S01007614,85 and over,15,5,5,0,10,1,0,0,0,9
S01007615,All HRPs,515,253,207,46,262,115,3,21,52,71
S01007615,24 and under,24,11,2,9,13,13,0,0,0,0
S01007615,25 to 34,62,28,13,15,34,28,1,4,1,0
S01007615,35 to 49,146,84,73,11,62,31,1,8,19,3
S01007615,50 to 64,136,76,66,10,60,21,1,5,20,13
S01007615,65 to 74,72,32,32,0,40,11,0,4,11,14
S01007615,75 to 84,54,22,21,1,32,7,0,0,1,24
S01007615,85 and over,21,0,0,0,21,4,0,0,0,17
S01007616,All HRPs,387,152,100,52,235,112,2,13,53,55
S01007616,24 and under,25,6,1,5,19,19,0,0,0,0
S01007616,25 to 34,60,28,9,19,32,29,0,2,1,0
S01007616,35 to 49,114,52,32,20,62,31,1,7,21,2
S01007616,50 to 64,82,37,31,6,45,17,0,2,21,5
S01007616,65 to 74,45,15,13,2,30,8,1,0,6,15
S01007616,75 to 84,45,12,12,0,33,5,0,2,4,22
S01007616,85 and over,16,2,2,0,14,3,0,0,0,11
S01007617,All HRPs,234,136,104,32,98,35,2,5,19,37
S01007617,24 and under,8,4,0,4,4,4,0,0,0,0
S01007617,25 to 34,32,21,8,13,11,8,1,2,0,0
S01007617,35 to 49,62,36,25,11,26,17,1,1,6,1
S01007617,50 to 64,58,40,36,4,18,4,0,1,6,7
S01007617,65 to 74,42,24,24,0,18,1,0,1,5,11
S01007617,75 to 84,28,11,11,0,17,1,0,0,2,14
S01007617,85 and over,4,0,0,0,4,0,0,0,0,4
S01007618,All HRPs,294,143,116,27,151,25,5,14,31,76
S01007618,24 and under,9,3,0,3,6,6,0,0,0,0
S01007618,25 to 34,23,18,11,7,5,2,0,3,0,0
S01007618,35 to 49,68,46,33,13,22,5,2,5,10,0
S01007618,50 to 64,57,35,32,3,22,4,0,4,9,5
S01007618,65 to 74,49,26,25,1,23,2,0,2,5,14
S01007618,75 to 84,61,13,13,0,48,5,2,0,5,36
S01007618,85 and over,27,2,2,0,25,1,1,0,2,21
S01007619,All HRPs,280,153,122,31,127,43,3,2,28,51
S01007619,24 and under,9,2,0,2,7,7,0,0,0,0
S01007619,25 to 34,31,19,5,14,12,12,0,0,0,0
S01007619,35 to 49,66,42,32,10,24,10,0,1,13,0
S01007619,50 to 64,88,56,51,5,32,11,0,1,11,9
S01007619,65 to 74,36,16,16,0,20,2,0,0,1,17
S01007619,75 to 84,43,17,17,0,26,0,3,0,3,20
S01007619,85 and over,7,1,1,0,6,1,0,0,0,5
S01007620,All HRPs,271,175,148,27,96,35,1,5,17,38
S01007620,24 and under,6,3,0,3,3,3,0,0,0,0
S01007620,25 to 34,34,19,9,10,15,13,0,2,0,0
S01007620,35 to 49,62,48,40,8,14,7,0,0,6,1
S01007620,50 to 64,73,51,46,5,22,5,1,3,6,7
S01007620,65 to 74,59,36,35,1,23,2,0,0,4,17
S01007620,75 to 84,29,15,15,0,14,4,0,0,1,9
S01007620,85 and over,8,3,3,0,5,1,0,0,0,4
S01007621,All HRPs,291,188,160,28,103,25,1,8,20,49
S01007621,24 and under,3,1,1,0,2,2,0,0,0,0
S01007621,25 to 34,31,23,9,14,8,6,0,1,1,0
S01007621,35 to 49,64,44,38,6,20,7,1,4,7,1
S01007621,50 to 64,79,63,56,7,16,4,0,1,6,5
S01007621,65 to 74,49,28,27,1,21,3,0,2,5,11
S01007621,75 to 84,49,25,25,0,24,3,0,0,1,20
S01007621,85 and over,16,4,4,0,12,0,0,0,0,12
S01007622,All HRPs,256,141,110,31,115,31,0,7,26,51
S01007622,24 and under,4,3,1,2,1,0,0,1,0,0
S01007622,25 to 34,30,18,8,10,12,10,0,1,1,0
S01007622,35 to 49,65,38,27,11,27,12,0,4,9,2
S01007622,50 to 64,59,43,39,4,16,2,0,0,10,4
S01007622,65 to 74,46,27,24,3,19,6,0,1,1,11
S01007622,75 to 84,33,10,9,1,23,1,0,0,4,18
S01007622,85 and over,19,2,2,0,17,0,0,0,1,16
S01007623,All HRPs,250,180,158,22,70,16,0,4,15,35
S01007623,24 and under,4,1,0,1,3,3,0,0,0,0
S01007623,25 to 34,12,7,1,6,5,2,0,1,2,0
S01007623,35 to 49,78,64,53,11,14,5,0,1,5,3
S01007623,50 to 64,76,62,58,4,14,2,0,2,5,5
S01007623,65 to 74,45,31,31,0,14,1,0,0,2,11
S01007623,75 to 84,29,14,14,0,15,2,0,0,1,12
S01007623,85 and over,6,1,1,0,5,1,0,0,0,4
S01007624,All HRPs,268,185,148,37,83,24,1,9,18,31
S01007624,24 and under,5,4,1,3,1,1,0,0,0,0
S01007624,25 to 34,39,28,16,12,11,10,0,1,0,0
S01007624,35 to 49,84,66,53,13,18,7,0,5,5,1
S01007624,50 to 64,86,59,50,9,27,4,0,3,12,8
S01007624,65 to 74,28,18,18,0,10,1,1,0,1,7
S01007624,75 to 84,20,8,8,0,12,1,0,0,0,11
S01007624,85 and over,6,2,2,0,4,0,0,0,0,4
S01007625,All HRPs,224,142,116,26,82,19,1,7,24,31
S01007625,24 and under,4,2,0,2,2,2,0,0,0,0
S01007625,25 to 34,24,19,8,11,5,4,0,1,0,0
S01007625,35 to 49,58,38,34,4,20,7,0,4,9,0
S01007625,50 to 64,71,55,47,8,16,4,1,1,7,3
S01007625,65 to 74,29,17,17,0,12,1,0,1,6,4
S01007625,75 to 84,32,9,9,0,23,1,0,0,1,21
S01007625,85 and over,6,2,1,1,4,0,0,0,1,3
S01007626,All HRPs,269,178,139,39,91,40,1,5,29,16
S01007626,24 and under,9,4,1,3,5,5,0,0,0,0
S01007626,25 to 34,55,38,24,14,17,16,0,0,1,0
S01007626,35 to 49,107,78,64,14,29,15,0,4,10,0
S01007626,50 to 64,57,36,28,8,21,3,0,1,16,1
S01007626,65 to 74,23,11,11,0,12,1,1,0,2,8
S01007626,75 to 84,18,11,11,0,7,0,0,0,0,7
S01007626,85 and over,0,0,0,0,0,0,0,0,0,0
S01007627,All HRPs,251,147,108,39,104,34,3,4,19,44
S01007627,24 and under,11,7,0,7,4,4,0,0,0,0
S01007627,25 to 34,41,30,12,18,11,10,0,1,0,0
S01007627,35 to 49,80,54,46,8,26,10,1,3,12,0
S01007627,50 to 64,38,29,24,5,9,1,1,0,3,4
S01007627,65 to 74,34,18,18,0,16,5,1,0,3,7
S01007627,75 to 84,28,8,7,1,20,2,0,0,0,18
S01007627,85 and over,19,1,1,0,18,2,0,0,1,15
S01007628,All HRPs,314,214,188,26,100,29,3,7,17,44
S01007628,24 and under,5,3,0,3,2,2,0,0,0,0
S01007628,25 to 34,17,11,3,8,6,5,0,1,0,0
S01007628,35 to 49,75,62,51,11,13,5,0,2,6,0
S01007628,50 to 64,90,67,63,4,23,8,0,3,7,5
S01007628,65 to 74,57,39,39,0,18,1,3,0,4,10
S01007628,75 to 84,55,26,26,0,29,4,0,0,0,25
S01007628,85 and over,15,6,6,0,9,4,0,1,0,4
S01007629,All HRPs,286,200,175,25,86,21,2,9,19,35
S01007629,24 and under,2,2,0,2,0,0,0,0,0,0
S01007629,25 to 34,25,18,11,7,7,3,0,3,1,0
S01007629,35 to 49,87,68,56,12,19,7,0,5,7,0
S01007629,50 to 64,76,58,54,4,18,5,1,1,6,5
S01007629,65 to 74,55,37,37,0,18,2,0,0,4,12
S01007629,75 to 84,35,16,16,0,19,4,1,0,1,13
S01007629,85 and over,6,1,1,0,5,0,0,0,0,5
S01007630,All HRPs,338,235,200,35,103,21,3,7,25,47
S01007630,24 and under,2,1,0,1,1,1,0,0,0,0
S01007630,25 to 34,14,13,10,3,1,1,0,0,0,0
S01007630,35 to 49,94,75,57,18,19,7,0,2,8,2
S01007630,50 to 64,128,93,82,11,35,11,2,3,13,6
S01007630,65 to 74,67,40,38,2,27,1,0,2,3,21
S01007630,75 to 84,29,12,12,0,17,0,1,0,1,15
S01007630,85 and over,4,1,1,0,3,0,0,0,0,3
S01007631,All HRPs,269,187,167,20,82,19,0,8,24,31
S01007631,24 and under,5,3,1,2,2,2,0,0,0,0
S01007631,25 to 34,14,11,8,3,3,2,0,0,1,0
S01007631,35 to 49,65,51,44,7,14,2,0,4,8,0
S01007631,50 to 64,98,72,68,4,26,6,0,3,12,5
S01007631,65 to 74,40,27,23,4,13,5,0,1,2,5
S01007631,75 to 84,35,23,23,0,12,2,0,0,1,9
S01007631,85 and over,12,0,0,0,12,0,0,0,0,12
S01007632,All HRPs,437,247,203,44,190,70,3,12,41,64
S01007632,24 and under,15,5,0,5,10,10,0,0,0,0
S01007632,25 to 34,40,21,7,14,19,18,0,1,0,0
S01007632,35 to 49,120,75,60,15,45,20,0,5,20,0
S01007632,50 to 64,114,78,72,6,36,10,0,4,15,7
S01007632,65 to 74,68,42,40,2,26,3,0,2,5,16
S01007632,75 to 84,65,21,19,2,44,7,3,0,1,33
S01007632,85 and over,15,5,5,0,10,2,0,0,0,8
S01007633,All HRPs,441,270,222,48,171,54,1,12,32,72
S01007633,24 and under,13,4,0,4,9,9,0,0,0,0
S01007633,25 to 34,38,25,11,14,13,12,0,1,0,0
S01007633,35 to 49,100,63,54,9,37,15,1,8,12,1
S01007633,50 to 64,134,102,82,20,32,8,0,3,13,8
S01007633,65 to 74,75,41,41,0,34,5,0,0,5,24
S01007633,75 to 84,63,30,29,1,33,3,0,0,1,29
S01007633,85 and over,18,5,5,0,13,2,0,0,1,10
S01007634,All HRPs,241,160,140,20,81,26,4,5,19,27
S01007634,24 and under,1,0,0,0,1,1,0,0,0,0
S01007634,25 to 34,13,8,4,4,5,5,0,0,0,0
S01007634,35 to 49,69,47,41,6,22,9,2,3,8,0
S01007634,50 to 64,77,61,55,6,16,6,0,0,8,2
S01007634,65 to 74,42,27,23,4,15,0,0,1,3,11
S01007634,75 to 84,30,16,16,0,14,2,2,0,0,10
S01007634,85 and over,9,1,1,0,8,3,0,1,0,4
S01007635,All HRPs,321,193,184,9,128,29,6,4,19,70
S01007635,24 and under,2,1,0,1,1,1,0,0,0,0
S01007635,25 to 34,13,8,6,2,5,4,0,0,1,0
S01007635,35 to 49,48,37,34,3,11,4,1,2,3,1
S01007635,50 to 64,81,55,52,3,26,9,3,1,8,5
S01007635,65 to 74,75,51,51,0,24,6,0,0,4,14
S01007635,75 to 84,69,36,36,0,33,4,2,1,1,25
S01007635,85 and over,33,5,5,0,28,1,0,0,2,25
S01007636,All HRPs,416,192,147,45,224,76,3,8,50,87
S01007636,24 and under,16,9,1,8,7,7,0,0,0,0
S01007636,25 to 34,49,23,8,15,26,20,0,0,6,0
S01007636,35 to 49,80,45,30,15,35,19,0,4,12,0
S01007636,50 to 64,107,57,52,5,50,12,1,4,23,10
S01007636,65 to 74,69,32,31,1,37,11,2,0,6,18
S01007636,75 to 84,61,22,21,1,39,2,0,0,3,34
S01007636,85 and over,34,4,4,0,30,5,0,0,0,25
S01007637,All HRPs,403,205,153,52,198,68,5,8,54,63
S01007637,24 and under,11,5,1,4,6,6,0,0,0,0
S01007637,25 to 34,47,26,10,16,21,19,1,1,0,0
S01007637,35 to 49,89,55,40,15,34,19,0,4,11,0
S01007637,50 to 64,119,69,55,14,50,14,2,3,27,4
S01007637,65 to 74,63,32,29,3,31,2,0,0,10,19
S01007637,75 to 84,54,15,15,0,39,7,1,0,4,27
S01007637,85 and over,20,3,3,0,17,1,1,0,2,13
S01007638,All HRPs,373,184,143,41,189,67,0,18,43,61
S01007638,24 and under,14,5,0,5,9,9,0,0,0,0
S01007638,25 to 34,49,29,13,16,20,19,0,1,0,0
S01007638,35 to 49,85,47,32,15,38,21,0,10,7,0
S01007638,50 to 64,103,57,52,5,46,9,0,4,23,10
S01007638,65 to 74,52,22,22,0,30,7,0,1,9,13
S01007638,75 to 84,50,19,19,0,31,1,0,2,3,25
S01007638,85 and over,20,5,5,0,15,1,0,0,1,13
S01007639,All HRPs,451,258,191,67,193,80,4,15,53,41
S01007639,24 and under,15,4,0,4,11,11,0,0,0,0
S01007639,25 to 34,57,34,14,20,23,22,0,0,1,0
S01007639,35 to 49,159,91,58,33,68,26,2,10,26,4
S01007639,50 to 64,118,74,66,8,44,12,1,3,24,4
S01007639,65 to 74,49,32,31,1,17,3,1,2,1,10
S01007639,75 to 84,37,21,20,1,16,4,0,0,1,11
S01007639,85 and over,16,2,2,0,14,2,0,0,0,12
S01007640,All HRPs,303,213,169,44,90,45,3,7,15,20
S01007640,24 and under,9,4,0,4,5,4,1,0,0,0
S01007640,25 to 34,33,24,14,10,9,7,0,1,0,1
S01007640,35 to 49,84,50,41,9,34,22,1,3,7,1
S01007640,50 to 64,97,81,63,18,16,4,0,3,4,5
S01007640,65 to 74,44,34,34,0,10,2,0,0,3,5
S01007640,75 to 84,29,19,16,3,10,4,1,0,1,4
S01007640,85 and over,7,1,1,0,6,2,0,0,0,4
S01007641,All HRPs,369,223,176,47,146,54,4,14,29,45
S01007641,24 and under,7,1,0,1,6,6,0,0,0,0
S01007641,25 to 34,41,24,9,15,17,17,0,0,0,0
S01007641,35 to 49,96,65,45,20,31,13,0,9,9,0
S01007641,50 to 64,114,78,70,8,36,11,2,3,14,6
S01007641,65 to 74,52,36,33,3,16,1,0,1,3,11
S01007641,75 to 84,43,16,16,0,27,3,1,1,1,21
S01007641,85 and over,16,3,3,0,13,3,1,0,2,7
S01007642,All HRPs,415,197,168,29,218,67,7,13,46,85
S01007642,24 and under,12,6,1,5,6,6,0,0,0,0
S01007642,25 to 34,26,12,4,8,14,13,0,0,1,0
S01007642,35 to 49,95,48,38,10,47,22,4,5,14,2
S01007642,50 to 64,109,74,71,3,35,4,2,7,19,3
S01007642,65 to 74,71,37,34,3,34,10,1,1,5,17
S01007642,75 to 84,57,14,14,0,43,7,0,0,5,31
S01007642,85 and over,45,6,6,0,39,5,0,0,2,32
S01007643,All HRPs,424,217,192,25,207,68,3,16,37,83
S01007643,24 and under,8,2,0,2,6,6,0,0,0,0
S01007643,25 to 34,32,18,11,7,14,13,0,0,1,0
S01007643,35 to 49,102,50,42,8,52,29,2,8,11,2
S01007643,50 to 64,123,85,79,6,38,8,0,4,15,11
S01007643,65 to 74,79,38,37,1,41,9,0,3,8,21
S01007643,75 to 84,64,20,20,0,44,3,1,1,2,37
S01007643,85 and over,16,4,3,1,12,0,0,0,0,12
S01007644,All HRPs,384,218,193,25,166,58,1,9,42,56
S01007644,24 and under,5,0,0,0,5,5,0,0,0,0
S01007644,25 to 34,25,10,6,4,15,13,0,0,2,0
S01007644,35 to 49,88,50,42,8,38,20,0,4,14,0
S01007644,50 to 64,116,83,76,7,33,6,0,5,16,6
S01007644,65 to 74,80,47,43,4,33,9,0,0,6,18
S01007644,75 to 84,52,22,20,2,30,3,1,0,4,22
S01007644,85 and over,18,6,6,0,12,2,0,0,0,10
S01007645,All HRPs,219,158,138,20,61,19,2,8,15,17
S01007645,24 and under,10,6,2,4,4,4,0,0,0,0
S01007645,25 to 34,6,6,2,4,0,0,0,0,0,0
S01007645,35 to 49,48,38,34,4,10,4,0,3,3,0
S01007645,50 to 64,88,60,55,5,28,9,2,4,10,3
S01007645,65 to 74,43,37,34,3,6,2,0,1,1,2
S01007645,75 to 84,20,8,8,0,12,0,0,0,1,11
S01007645,85 and over,4,3,3,0,1,0,0,0,0,1
S01007646,All HRPs,260,157,134,23,103,33,0,6,34,30
S01007646,24 and under,5,1,0,1,4,4,0,0,0,0
S01007646,25 to 34,19,14,7,7,5,3,0,0,2,0
S01007646,35 to 49,66,42,36,6,24,13,0,3,8,0
S01007646,50 to 64,91,53,47,6,38,11,0,1,22,4
S01007646,65 to 74,43,27,24,3,16,1,0,2,0,13
S01007646,75 to 84,32,18,18,0,14,1,0,0,2,11
S01007646,85 and over,4,2,2,0,2,0,0,0,0,2
S01007647,All HRPs,361,182,150,32,179,70,1,7,47,54
S01007647,24 and under,13,1,0,1,12,12,0,0,0,0
S01007647,25 to 34,25,10,5,5,15,15,0,0,0,0
S01007647,35 to 49,84,56,39,17,28,17,1,1,9,0
S01007647,50 to 64,107,54,46,8,53,18,0,3,23,9
S01007647,65 to 74,62,35,35,0,27,3,0,1,10,13
S01007647,75 to 84,52,19,18,1,33,3,0,2,5,23
S01007647,85 and over,18,7,7,0,11,2,0,0,0,9
S01007648,All HRPs,446,227,186,41,219,75,6,19,51,68
S01007648,24 and under,17,4,0,4,13,13,0,0,0,0
S01007648,25 to 34,46,21,9,12,25,24,0,0,0,1
S01007648,35 to 49,107,63,45,18,44,12,0,12,20,0
S01007648,50 to 64,123,68,63,5,55,16,2,5,25,7
S01007648,65 to 74,67,42,41,1,25,6,1,2,5,11
S01007648,75 to 84,63,27,26,1,36,2,3,0,1,30
S01007648,85 and over,23,2,2,0,21,2,0,0,0,19
S01007649,All HRPs,339,193,159,34,146,56,2,8,29,51
S01007649,24 and under,10,2,0,2,8,8,0,0,0,0
S01007649,25 to 34,29,15,3,12,14,14,0,0,0,0
S01007649,35 to 49,90,58,49,9,32,15,0,5,11,1
S01007649,50 to 64,100,73,66,7,27,10,0,2,9,6
S01007649,65 to 74,66,36,33,3,30,6,1,0,7,16
S01007649,75 to 84,26,9,8,1,17,3,1,1,0,12
S01007649,85 and over,18,0,0,0,18,0,0,0,2,16
S01007650,All HRPs,420,263,232,31,157,41,3,17,34,62
S01007650,24 and under,2,2,0,2,0,0,0,0,0,0
S01007650,25 to 34,20,15,8,7,5,4,0,1,0,0
S01007650,35 to 49,97,69,61,8,28,13,1,6,6,2
S01007650,50 to 64,153,101,89,12,52,16,1,7,18,10
S01007650,65 to 74,64,41,40,1,23,5,1,0,3,14
S01007650,75 to 84,58,26,26,0,32,2,0,2,7,21
S01007650,85 and over,26,9,8,1,17,1,0,1,0,15
S01007651,All HRPs,227,164,136,28,63,14,2,8,9,30
S01007651,24 and under,3,3,0,3,0,0,0,0,0,0
S01007651,25 to 34,14,11,7,4,3,3,0,0,0,0
S01007651,35 to 49,67,51,40,11,16,6,1,2,5,2
S01007651,50 to 64,69,55,48,7,14,1,0,5,3,5
S01007651,65 to 74,36,25,23,2,11,3,0,1,0,7
S01007651,75 to 84,30,18,17,1,12,1,1,0,1,9
S01007651,85 and over,8,1,1,0,7,0,0,0,0,7
S01007652,All HRPs,257,156,134,22,101,39,1,2,24,35
S01007652,24 and under,4,0,0,0,4,4,0,0,0,0
S01007652,25 to 34,26,11,4,7,15,14,0,1,0,0
S01007652,35 to 49,59,44,35,9,15,9,0,0,5,1
S01007652,50 to 64,80,58,53,5,22,4,0,1,11,6
S01007652,65 to 74,46,28,27,1,18,4,0,0,6,8
S01007652,75 to 84,33,14,14,0,19,4,1,0,2,12
S01007652,85 and over,9,1,1,0,8,0,0,0,0,8
S01007653,All HRPs,378,242,200,42,136,36,3,10,33,54
S01007653,24 and under,4,2,0,2,2,2,0,0,0,0
S01007653,25 to 34,28,20,12,8,8,6,0,2,0,0
S01007653,35 to 49,99,66,50,16,33,16,1,4,11,1
S01007653,50 to 64,131,95,81,14,36,8,0,4,15,9
S01007653,65 to 74,65,45,43,2,20,1,0,0,5,14
S01007653,75 to 84,38,11,11,0,27,3,1,0,1,22
S01007653,85 and over,13,3,3,0,10,0,1,0,1,8
S01007654,All HRPs,465,258,221,37,207,80,1,24,53,49
S01007654,24 and under,21,3,0,3,18,17,0,1,0,0
S01007654,25 to 34,41,19,9,10,22,17,1,3,1,0
S01007654,35 to 49,124,79,68,11,45,19,0,13,13,0
S01007654,50 to 64,138,87,79,8,51,16,0,5,24,6
S01007654,65 to 74,84,50,48,2,34,8,0,1,12,13
S01007654,75 to 84,41,13,10,3,28,3,0,1,2,22
S01007654,85 and over,16,7,7,0,9,0,0,0,1,8
S01007655,All HRPs,341,231,193,38,110,36,2,14,27,31
S01007655,24 and under,0,0,0,0,0,0,0,0,0,0
S01007655,25 to 34,25,18,10,8,7,7,0,0,0,0
S01007655,35 to 49,78,57,41,16,21,9,0,6,6,0
S01007655,50 to 64,136,93,84,9,43,14,1,8,15,5
S01007655,65 to 74,69,44,40,4,25,5,1,0,6,13
S01007655,75 to 84,26,17,16,1,9,0,0,0,0,9
S01007655,85 and over,7,2,2,0,5,1,0,0,0,4
S01007656,All HRPs,358,246,208,38,112,42,2,8,20,40
S01007656,24 and under,10,5,0,5,5,5,0,0,0,0
S01007656,25 to 34,21,14,5,9,7,6,0,0,1,0
S01007656,35 to 49,101,75,60,15,26,15,0,5,6,0
S01007656,50 to 64,115,90,83,7,25,6,1,2,9,7
S01007656,65 to 74,70,45,44,1,25,7,0,1,4,13
S01007656,75 to 84,35,16,15,1,19,2,1,0,0,16
S01007656,85 and over,6,1,1,0,5,1,0,0,0,4
S01007657,All HRPs,176,117,98,19,59,11,2,8,19,19
S01007657,24 and under,1,0,0,0,1,1,0,0,0,0
S01007657,25 to 34,15,11,8,3,4,3,0,1,0,0
S01007657,35 to 49,50,34,24,10,16,4,0,3,8,1
S01007657,50 to 64,65,44,39,5,21,2,1,4,10,4
S01007657,65 to 74,26,20,19,1,6,0,0,0,1,5
S01007657,75 to 84,19,8,8,0,11,1,1,0,0,9
S01007657,85 and over,0,0,0,0,0,0,0,0,0,0
S01007658,All HRPs,231,131,109,22,100,21,2,9,27,41
S01007658,24 and under,5,2,1,1,3,3,0,0,0,0
S01007658,25 to 34,12,6,2,4,6,3,0,3,0,0
S01007658,35 to 49,56,36,28,8,20,4,1,2,12,1
S01007658,50 to 64,74,48,41,7,26,8,0,4,13,1
S01007658,65 to 74,44,28,27,1,16,2,0,0,2,12
S01007658,75 to 84,23,10,9,1,13,0,0,0,0,13
S01007658,85 and over,17,1,1,0,16,1,1,0,0,14
S01007659,All HRPs,366,214,173,41,152,44,5,13,33,57
S01007659,24 and under,8,2,0,2,6,6,0,0,0,0
S01007659,25 to 34,31,21,13,8,10,10,0,0,0,0
S01007659,35 to 49,94,65,45,20,29,8,1,9,11,0
S01007659,50 to 64,99,60,53,7,39,11,3,2,12,11
S01007659,65 to 74,70,38,35,3,32,5,0,1,7,19
S01007659,75 to 84,49,26,25,1,23,4,0,1,3,15
S01007659,85 and over,15,2,2,0,13,0,1,0,0,12
S01007660,All HRPs,400,191,129,62,209,72,3,26,60,48
S01007660,24 and under,18,9,0,9,9,9,0,0,0,0
S01007660,25 to 34,74,46,16,30,28,24,0,3,1,0
S01007660,35 to 49,98,48,35,13,50,16,0,14,18,2
S01007660,50 to 64,131,59,51,8,72,15,2,7,32,16
S01007660,65 to 74,41,17,15,2,24,6,0,0,8,10
S01007660,75 to 84,24,9,9,0,15,1,0,2,1,11
S01007660,85 and over,14,3,3,0,11,1,1,0,0,9
S01007661,All HRPs,327,154,118,36,173,61,5,20,35,52
S01007661,24 and under,14,4,0,4,10,9,1,0,0,0
S01007661,25 to 34,28,14,8,6,14,12,0,2,0,0
S01007661,35 to 49,91,51,35,16,40,22,2,7,9,0
S01007661,50 to 64,80,49,40,9,31,8,1,7,11,4
S01007661,65 to 74,55,25,24,1,30,5,1,2,11,11
S01007661,75 to 84,41,6,6,0,35,3,0,2,4,26
S01007661,85 and over,18,5,5,0,13,2,0,0,0,11
S01007662,All HRPs,493,205,160,45,288,101,4,17,67,99
S01007662,24 and under,29,6,1,5,23,22,1,0,0,0
S01007662,25 to 34,37,19,9,10,18,15,0,1,2,0
S01007662,35 to 49,118,59,44,15,59,26,2,11,17,3
S01007662,50 to 64,113,58,45,13,55,17,0,2,29,7
S01007662,65 to 74,76,33,33,0,43,12,0,1,15,15
S01007662,75 to 84,84,25,23,2,59,6,0,2,2,49
S01007662,85 and over,36,5,5,0,31,3,1,0,2,25
S01007663,All HRPs,387,222,191,31,165,42,3,11,47,62
S01007663,24 and under,7,4,0,4,3,3,0,0,0,0
S01007663,25 to 34,23,16,9,7,7,7,0,0,0,0
S01007663,35 to 49,97,64,51,13,33,14,0,7,11,1
S01007663,50 to 64,111,74,67,7,37,5,2,3,21,6
S01007663,65 to 74,77,41,41,0,36,7,1,1,14,13
S01007663,75 to 84,46,17,17,0,29,3,0,0,1,25
S01007663,85 and over,26,6,6,0,20,3,0,0,0,17
S01007664,All HRPs,283,123,95,28,160,47,2,14,39,58
S01007664,24 and under,7,0,0,0,7,7,0,0,0,0
S01007664,25 to 34,35,18,11,7,17,11,0,4,2,0
S01007664,35 to 49,64,34,21,13,30,13,2,6,6,3
S01007664,50 to 64,80,41,34,7,39,12,0,3,18,6
S01007664,65 to 74,50,19,18,1,31,2,0,1,9,19
S01007664,75 to 84,32,10,10,0,22,1,0,0,4,17
S01007664,85 and over,15,1,1,0,14,1,0,0,0,13
S01007665,All HRPs,275,160,115,45,115,38,0,10,29,38
S01007665,24 and under,9,5,1,4,4,4,0,0,0,0
S01007665,25 to 34,52,28,11,17,24,19,0,4,1,0
S01007665,35 to 49,76,47,30,17,29,10,0,2,16,1
S01007665,50 to 64,63,42,35,7,21,2,0,4,10,5
S01007665,65 to 74,38,24,24,0,14,2,0,0,1,11
S01007665,75 to 84,33,13,13,0,20,1,0,0,1,18
S01007665,85 and over,4,1,1,0,3,0,0,0,0,3
S01007666,All HRPs,198,140,124,16,58,5,2,5,12,34
S01007666,24 and under,0,0,0,0,0,0,0,0,0,0
S01007666,25 to 34,5,5,5,0,0,0,0,0,0,0
S01007666,35 to 49,63,48,36,12,15,2,0,5,7,1
S01007666,50 to 64,53,48,45,3,5,0,0,0,2,3
S01007666,65 to 74,43,29,29,0,14,2,0,0,1,11
S01007666,75 to 84,30,10,9,1,20,1,2,0,2,15
S01007666,85 and over,4,0,0,0,4,0,0,0,0,4
S01007667,All HRPs,283,218,188,30,65,18,2,2,15,28
S01007667,24 and under,7,2,0,2,5,5,0,0,0,0
S01007667,25 to 34,21,20,11,9,1,1,0,0,0,0
S01007667,35 to 49,77,65,55,10,12,5,0,1,6,0
S01007667,50 to 64,84,70,63,7,14,3,2,0,5,4
S01007667,65 to 74,42,31,31,0,11,4,0,0,2,5
S01007667,75 to 84,45,27,25,2,18,0,0,1,2,15
S01007667,85 and over,7,3,3,0,4,0,0,0,0,4
S01007668,All HRPs,468,241,179,62,227,86,1,16,55,69
S01007668,24 and under,21,7,0,7,14,11,1,2,0,0
S01007668,25 to 34,69,38,16,22,31,30,0,0,1,0
S01007668,35 to 49,134,78,57,21,56,24,0,8,23,1
S01007668,50 to 64,119,70,59,11,49,15,0,6,21,7
S01007668,65 to 74,64,25,24,1,39,4,0,0,7,28
S01007668,75 to 84,51,20,20,0,31,2,0,0,3,26
S01007668,85 and over,10,3,3,0,7,0,0,0,0,7
S01007669,All HRPs,268,116,85,31,152,61,2,18,46,25
S01007669,24 and under,14,3,0,3,11,11,0,0,0,0
S01007669,25 to 34,61,24,7,17,37,27,1,5,3,1
S01007669,35 to 49,78,35,26,9,43,15,1,11,16,0
S01007669,50 to 64,63,35,33,2,28,5,0,1,18,4
S01007669,65 to 74,32,15,15,0,17,2,0,1,8,6
S01007669,75 to 84,17,4,4,0,13,1,0,0,1,11
S01007669,85 and over,3,0,0,0,3,0,0,0,0,3
S01007670,All HRPs,299,144,105,39,155,62,2,13,39,39
S01007670,24 and under,18,6,2,4,12,12,0,0,0,0
S01007670,25 to 34,34,20,8,12,14,12,1,0,1,0
S01007670,35 to 49,106,59,39,20,47,21,0,10,14,2
S01007670,50 to 64,74,38,35,3,36,12,0,1,17,6
S01007670,65 to 74,37,12,12,0,25,3,0,2,4,16
S01007670,75 to 84,23,8,8,0,15,1,1,0,1,12
S01007670,85 and over,7,1,1,0,6,1,0,0,2,3
S01007671,All HRPs,289,214,182,32,75,21,0,3,19,32
S01007671,24 and under,1,1,0,1,0,0,0,0,0,0
S01007671,25 to 34,12,7,3,4,5,3,0,1,1,0
S01007671,35 to 49,87,77,58,19,10,5,0,1,3,1
S01007671,50 to 64,101,81,75,6,20,7,0,1,10,2
S01007671,65 to 74,50,31,29,2,19,6,0,0,4,9
S01007671,75 to 84,25,13,13,0,12,0,0,0,1,11
S01007671,85 and over,13,4,4,0,9,0,0,0,0,9
S01007672,All HRPs,389,287,257,30,102,11,1,6,17,67
S01007672,24 and under,0,0,0,0,0,0,0,0,0,0
S01007672,25 to 34,15,13,8,5,2,2,0,0,0,0
S01007672,35 to 49,77,65,49,16,12,3,0,4,5,0
S01007672,50 to 64,125,106,99,7,19,1,1,2,7,8
S01007672,65 to 74,87,65,65,0,22,1,0,0,5,16
S01007672,75 to 84,65,31,29,2,34,3,0,0,0,31
S01007672,85 and over,20,7,7,0,13,1,0,0,0,12
S01007673,All HRPs,304,203,162,41,101,25,7,3,24,42
S01007673,24 and under,4,3,1,2,1,1,0,0,0,0
S01007673,25 to 34,33,23,12,11,10,7,2,0,1,0
S01007673,35 to 49,90,72,54,18,18,8,1,1,6,2
S01007673,50 to 64,95,68,61,7,27,5,0,2,12,8
S01007673,65 to 74,42,28,26,2,14,2,1,0,5,6
S01007673,75 to 84,29,7,6,1,22,2,2,0,0,18
S01007673,85 and over,11,2,2,0,9,0,1,0,0,8
S01007674,All HRPs,376,189,164,25,187,67,2,23,42,53
S01007674,24 and under,10,5,0,5,5,5,0,0,0,0
S01007674,25 to 34,41,16,11,5,25,18,0,3,4,0
S01007674,35 to 49,96,45,36,9,51,22,1,13,14,1
S01007674,50 to 64,119,74,69,5,45,16,0,5,17,7
S01007674,65 to 74,49,27,27,0,22,3,1,2,5,11
S01007674,75 to 84,44,19,18,1,25,3,0,0,2,20
S01007674,85 and over,17,3,3,0,14,0,0,0,0,14
S01007675,All HRPs,251,194,171,23,57,17,0,6,17,17
S01007675,24 and under,1,1,1,0,0,0,0,0,0,0
S01007675,25 to 34,15,9,4,5,6,6,0,0,0,0
S01007675,35 to 49,66,51,44,7,15,4,0,5,6,0
S01007675,50 to 64,90,81,72,9,9,3,0,1,3,2
S01007675,65 to 74,42,35,34,1,7,1,0,0,5,1
S01007675,75 to 84,30,16,15,1,14,2,0,0,1,11
S01007675,85 and over,7,1,1,0,6,1,0,0,2,3
S01007676,All HRPs,279,192,170,22,87,20,5,5,18,39
S01007676,24 and under,2,1,1,0,1,1,0,0,0,0
S01007676,25 to 34,17,13,8,5,4,3,0,1,0,0
S01007676,35 to 49,71,57,51,6,14,7,0,1,6,0
S01007676,50 to 64,103,78,72,6,25,5,3,2,8,7
S01007676,65 to 74,40,25,22,3,15,3,1,1,1,9
S01007676,75 to 84,40,16,15,1,24,1,1,0,3,19
S01007676,85 and over,6,2,1,1,4,0,0,0,0,4
S01007677,All HRPs,201,141,115,26,60,18,1,5,15,21
S01007677,24 and under,4,2,0,2,2,2,0,0,0,0
S01007677,25 to 34,22,17,7,10,5,4,0,1,0,0
S01007677,35 to 49,64,47,38,9,17,7,1,3,6,0
S01007677,50 to 64,44,32,28,4,12,2,0,1,8,1
S01007677,65 to 74,23,15,14,1,8,3,0,0,0,5
S01007677,75 to 84,36,23,23,0,13,0,0,0,1,12
S01007677,85 and over,8,5,5,0,3,0,0,0,0,3
S01007678,All HRPs,368,186,143,43,182,59,3,13,37,70
S01007678,24 and under,13,2,1,1,11,11,0,0,0,0
S01007678,25 to 34,36,20,8,12,16,12,0,4,0,0
S01007678,35 to 49,69,49,39,10,20,12,0,3,3,2
S01007678,50 to 64,97,57,43,14,40,13,3,3,16,5
S01007678,65 to 74,80,35,30,5,45,5,0,3,15,22
S01007678,75 to 84,59,21,21,0,38,5,0,0,3,30
S01007678,85 and over,14,2,1,1,12,1,0,0,0,11
S01007679,All HRPs,381,204,153,51,177,64,1,21,36,55
S01007679,24 and under,12,5,0,5,7,7,0,0,0,0
S01007679,25 to 34,42,21,6,15,21,18,0,3,0,0
S01007679,35 to 49,92,55,37,18,37,20,0,9,7,1
S01007679,50 to 64,99,52,44,8,47,12,0,7,24,4
S01007679,65 to 74,73,43,38,5,30,4,1,2,4,19
S01007679,75 to 84,48,24,24,0,24,2,0,0,1,21
S01007679,85 and over,15,4,4,0,11,1,0,0,0,10
S01007680,All HRPs,386,263,234,29,123,28,5,14,18,58
S01007680,24 and under,1,1,0,1,0,0,0,0,0,0
S01007680,25 to 34,30,22,13,9,8,5,1,2,0,0
S01007680,35 to 49,88,68,59,9,20,8,0,4,8,0
S01007680,50 to 64,135,110,102,8,25,4,2,6,6,7
S01007680,65 to 74,72,40,39,1,32,8,0,2,2,20
S01007680,75 to 84,47,19,19,0,28,1,2,0,2,23
S01007680,85 and over,13,3,2,1,10,2,0,0,0,8
S01007681,All HRPs,192,106,86,20,86,16,3,4,19,44
S01007681,24 and under,0,0,0,0,0,0,0,0,0,0
S01007681,25 to 34,18,13,5,8,5,3,0,0,0,2
S01007681,35 to 49,31,21,17,4,10,4,0,3,2,1
S01007681,50 to 64,68,41,35,6,27,4,1,1,13,8
S01007681,65 to 74,33,17,16,1,16,2,0,0,3,11
S01007681,75 to 84,31,12,11,1,19,2,1,0,1,15
S01007681,85 and over,11,2,2,0,9,1,1,0,0,7
S01007682,All HRPs,403,239,204,35,164,69,12,16,29,38
S01007682,24 and under,9,2,0,2,7,7,0,0,0,0
S01007682,25 to 34,49,20,12,8,29,21,4,2,2,0
S01007682,35 to 49,89,61,48,13,28,13,3,6,6,0
S01007682,50 to 64,138,93,81,12,45,15,3,7,11,9
S01007682,65 to 74,54,35,35,0,19,4,1,0,5,9
S01007682,75 to 84,44,20,20,0,24,6,0,0,5,13
S01007682,85 and over,20,8,8,0,12,3,1,1,0,7
S01007683,All HRPs,301,165,146,19,136,66,15,7,20,28
S01007683,24 and under,23,3,0,3,20,20,0,0,0,0
S01007683,25 to 34,45,18,13,5,27,21,6,0,0,0
S01007683,35 to 49,88,54,48,6,34,14,6,5,9,0
S01007683,50 to 64,62,47,43,4,15,4,1,1,7,2
S01007683,65 to 74,36,21,20,1,15,1,1,1,2,10
S01007683,75 to 84,33,18,18,0,15,4,0,0,2,9
S01007683,85 and over,14,4,4,0,10,2,1,0,0,7
S01007684,All HRPs,332,218,209,9,114,35,3,9,14,53
S01007684,24 and under,5,0,0,0,5,5,0,0,0,0
S01007684,25 to 34,16,10,9,1,6,6,0,0,0,0
S01007684,35 to 49,64,45,40,5,19,9,1,2,6,1
S01007684,50 to 64,112,87,84,3,25,6,2,5,7,5
S01007684,65 to 74,62,37,37,0,25,6,0,2,0,17
S01007684,75 to 84,55,32,32,0,23,2,0,0,1,20
S01007684,85 and over,18,7,7,0,11,1,0,0,0,10
S01007685,All HRPs,273,176,157,19,97,35,3,8,18,33
S01007685,24 and under,7,0,0,0,7,7,0,0,0,0
S01007685,25 to 34,12,7,4,3,5,3,0,1,1,0
S01007685,35 to 49,71,51,44,7,20,10,1,2,7,0
S01007685,50 to 64,101,83,74,9,18,5,0,4,9,0
S01007685,65 to 74,35,23,23,0,12,2,2,1,0,7
S01007685,75 to 84,33,10,10,0,23,6,0,0,0,17
S01007685,85 and over,14,2,2,0,12,2,0,0,1,9
S01007686,All HRPs,320,157,131,26,163,90,5,7,21,40
S01007686,24 and under,31,5,1,4,26,26,0,0,0,0
S01007686,25 to 34,39,11,6,5,28,25,2,1,0,0
S01007686,35 to 49,64,40,32,8,24,16,1,2,5,0
S01007686,50 to 64,93,60,53,7,33,17,1,3,10,2
S01007686,65 to 74,29,16,15,1,13,0,0,1,4,8
S01007686,75 to 84,40,19,18,1,21,4,0,0,2,15
S01007686,85 and over,24,6,6,0,18,2,1,0,0,15
S01007687,All HRPs,399,155,112,43,244,159,6,4,37,38
S01007687,24 and under,68,4,0,4,64,64,0,0,0,0
S01007687,25 to 34,77,30,7,23,47,43,3,1,0,0
S01007687,35 to 49,69,42,34,8,27,21,0,1,5,0
S01007687,50 to 64,97,44,38,6,53,21,2,1,23,6
S01007687,65 to 74,41,20,19,1,21,8,0,0,8,5
S01007687,75 to 84,29,10,10,0,19,0,1,1,1,16
S01007687,85 and over,18,5,4,1,13,2,0,0,0,11
S01007688,All HRPs,545,157,77,80,388,298,18,14,42,16
S01007688,24 and under,143,20,3,17,123,123,0,0,0,0
S01007688,25 to 34,170,63,19,44,107,97,7,3,0,0
S01007688,35 to 49,117,32,17,15,85,53,7,6,19,0
S01007688,50 to 64,76,31,27,4,45,17,4,5,19,0
S01007688,65 to 74,20,7,7,0,13,5,0,0,3,5
S01007688,75 to 84,16,2,2,0,14,3,0,0,1,10
S01007688,85 and over,3,2,2,0,1,0,0,0,0,1
S01007689,All HRPs,288,90,47,43,198,140,5,3,25,25
S01007689,24 and under,72,11,1,10,61,61,0,0,0,0
S01007689,25 to 34,79,33,12,21,46,46,0,0,0,0
S01007689,35 to 49,53,21,11,10,32,20,2,0,8,2
S01007689,50 to 64,41,14,12,2,27,11,2,3,10,1
S01007689,65 to 74,12,4,4,0,8,0,1,0,3,4
S01007689,75 to 84,20,3,3,0,17,1,0,0,3,13
S01007689,85 and over,11,4,4,0,7,1,0,0,1,5
S01007690,All HRPs,393,94,55,39,299,236,2,9,36,16
S01007690,24 and under,136,11,1,10,125,125,0,0,0,0
S01007690,25 to 34,90,27,9,18,63,61,1,0,1,0
S01007690,35 to 49,55,17,10,7,38,25,0,4,9,0
S01007690,50 to 64,70,29,25,4,41,15,1,5,18,2
S01007690,65 to 74,19,7,7,0,12,4,0,0,5,3
S01007690,75 to 84,13,2,2,0,11,3,0,0,2,6
S01007690,85 and over,10,1,1,0,9,3,0,0,1,5
S01007691,All HRPs,515,87,38,49,428,342,6,13,46,21
S01007691,24 and under,188,15,0,15,173,166,4,3,0,0
S01007691,25 to 34,134,38,12,26,96,95,0,0,1,0
S01007691,35 to 49,100,15,9,6,85,63,0,4,17,1
S01007691,50 to 64,61,10,8,2,51,16,0,6,23,6
S01007691,65 to 74,17,4,4,0,13,1,1,0,1,10
S01007691,75 to 84,10,4,4,0,6,0,1,0,2,3
S01007691,85 and over,5,1,1,0,4,1,0,0,2,1
S01007692,All HRPs,434,97,48,49,337,266,5,13,25,28
S01007692,24 and under,168,19,1,18,149,149,0,0,0,0
S01007692,25 to 34,108,39,13,26,69,66,2,1,0,0
S01007692,35 to 49,63,19,15,4,44,32,2,3,7,0
S01007692,50 to 64,45,13,12,1,32,12,0,6,12,2
S01007692,65 to 74,21,5,5,0,16,3,0,3,3,7
S01007692,75 to 84,15,2,2,0,13,3,0,0,1,9
S01007692,85 and over,14,0,0,0,14,1,1,0,2,10
S01007693,All HRPs,347,54,27,27,293,243,6,13,24,7
S01007693,24 and under,129,13,2,11,116,116,0,0,0,0
S01007693,25 to 34,92,21,11,10,71,65,4,2,0,0
S01007693,35 to 49,68,11,7,4,57,42,2,5,8,0
S01007693,50 to 64,43,6,5,1,37,17,0,5,12,3
S01007693,65 to 74,8,2,1,1,6,2,0,1,3,0
S01007693,75 to 84,5,0,0,0,5,1,0,0,1,3
S01007693,85 and over,2,1,1,0,1,0,0,0,0,1
S01007694,All HRPs,523,112,50,62,411,297,3,26,47,38
S01007694,24 and under,152,24,2,22,128,128,0,0,0,0
S01007694,25 to 34,136,38,13,25,98,96,0,2,0,0
S01007694,35 to 49,101,26,16,10,75,49,2,9,15,0
S01007694,50 to 64,67,16,11,5,51,14,0,12,24,1
S01007694,65 to 74,21,3,3,0,18,5,0,2,7,4
S01007694,75 to 84,22,1,1,0,21,2,0,1,1,17
S01007694,85 and over,24,4,4,0,20,3,1,0,0,16
S01007695,All HRPs,614,145,101,44,469,275,7,21,73,93
S01007695,24 and under,87,11,0,11,76,76,0,0,0,0
S01007695,25 to 34,143,38,21,17,105,95,2,2,4,2
S01007695,35 to 49,107,32,23,9,75,51,4,4,16,0
S01007695,50 to 64,90,24,20,4,66,28,1,9,21,7
S01007695,65 to 74,64,17,15,2,47,9,0,3,19,16
S01007695,75 to 84,80,18,17,1,62,11,0,2,10,39
S01007695,85 and over,43,5,5,0,38,5,0,1,3,29
S01007696,All HRPs,437,72,38,34,365,262,16,19,38,30
S01007696,24 and under,147,12,2,10,135,135,0,0,0,0
S01007696,25 to 34,116,23,8,15,93,79,10,2,2,0
S01007696,35 to 49,81,16,11,5,65,32,6,10,15,2
S01007696,50 to 64,48,11,9,2,37,12,0,6,16,3
S01007696,65 to 74,22,7,6,1,15,4,0,1,4,6
S01007696,75 to 84,16,1,1,0,15,0,0,0,1,14
S01007696,85 and over,7,2,1,1,5,0,0,0,0,5
S01007697,All HRPs,608,160,92,68,448,255,17,26,66,84
S01007697,24 and under,86,15,0,15,71,70,0,0,1,0
S01007697,25 to 34,145,54,23,31,91,85,5,1,0,0
S01007697,35 to 49,102,23,11,12,79,47,9,10,13,0
S01007697,50 to 64,97,26,20,6,71,28,1,10,22,10
S01007697,65 to 74,75,19,15,4,56,10,0,3,24,19
S01007697,75 to 84,60,15,15,0,45,9,1,1,6,28
S01007697,85 and over,43,8,8,0,35,6,1,1,0,27
S01007698,All HRPs,589,130,61,69,459,351,16,23,50,19
S01007698,24 and under,148,26,1,25,122,122,0,0,0,0
S01007698,25 to 34,179,50,22,28,129,122,6,1,0,0
S01007698,35 to 49,161,28,18,10,133,87,9,12,24,1
S01007698,50 to 64,80,20,16,4,60,17,1,9,25,8
S01007698,65 to 74,14,5,3,2,9,1,0,1,1,6
S01007698,75 to 84,6,0,0,0,6,2,0,0,0,4
S01007698,85 and over,1,1,1,0,0,0,0,0,0,0
S01007699,All HRPs,454,111,56,55,343,257,11,18,33,24
S01007699,24 and under,120,23,1,22,97,97,0,0,0,0
S01007699,25 to 34,153,39,17,22,114,107,5,1,1,0
S01007699,35 to 49,85,24,18,6,61,39,4,9,8,1
S01007699,50 to 64,63,16,11,5,47,11,1,8,20,7
S01007699,65 to 74,18,4,4,0,14,2,0,0,3,9
S01007699,75 to 84,10,5,5,0,5,0,0,0,1,4
S01007699,85 and over,5,0,0,0,5,1,1,0,0,3
S01007700,All HRPs,450,241,188,53,209,110,7,11,40,41
S01007700,24 and under,22,5,0,5,17,17,0,0,0,0
S01007700,25 to 34,69,32,14,18,37,35,2,0,0,0
S01007700,35 to 49,121,76,55,21,45,26,4,3,11,1
S01007700,50 to 64,143,85,76,9,58,24,0,8,20,6
S01007700,65 to 74,43,22,22,0,21,3,1,0,4,13
S01007700,75 to 84,41,19,19,0,22,4,0,0,4,14
S01007700,85 and over,11,2,2,0,9,1,0,0,1,7
S01007701,All HRPs,318,53,20,33,265,184,2,14,47,18
S01007701,24 and under,63,4,0,4,59,58,0,0,1,0
S01007701,25 to 34,83,19,4,15,64,61,2,1,0,0
S01007701,35 to 49,67,9,2,7,58,38,0,5,15,0
S01007701,50 to 64,58,13,7,6,45,21,0,3,19,2
S01007701,65 to 74,19,3,2,1,16,3,0,2,6,5
S01007701,75 to 84,23,4,4,0,19,3,0,2,6,8
S01007701,85 and over,5,1,1,0,4,0,0,1,0,3
S01007702,All HRPs,266,85,41,44,181,161,1,3,13,3
S01007702,24 and under,75,10,0,10,65,65,0,0,0,0
S01007702,25 to 34,88,31,9,22,57,55,0,0,2,0
S01007702,35 to 49,67,27,19,8,40,35,1,1,3,0
S01007702,50 to 64,26,9,6,3,17,5,0,2,8,2
S01007702,65 to 74,6,6,5,1,0,0,0,0,0,0
S01007702,75 to 84,3,2,2,0,1,0,0,0,0,1
S01007702,85 and over,1,0,0,0,1,1,0,0,0,0
S01007703,All HRPs,398,151,111,40,247,141,3,14,45,44
S01007703,24 and under,44,6,1,5,38,38,0,0,0,0
S01007703,25 to 34,68,24,7,17,44,37,0,4,3,0
S01007703,35 to 49,88,39,27,12,49,36,0,2,8,3
S01007703,50 to 64,109,51,45,6,58,19,2,5,26,6
S01007703,65 to 74,43,18,18,0,25,6,0,3,7,9
S01007703,75 to 84,39,12,12,0,27,4,1,0,1,21
S01007703,85 and over,7,1,1,0,6,1,0,0,0,5
S01007704,All HRPs,517,96,50,46,421,262,10,20,87,42
S01007704,24 and under,96,13,0,13,83,81,2,0,0,0
S01007704,25 to 34,95,24,8,16,71,70,1,0,0,0
S01007704,35 to 49,123,23,12,11,100,62,6,10,19,3
S01007704,50 to 64,114,19,15,4,95,35,0,7,44,9
S01007704,65 to 74,57,11,9,2,46,11,0,2,18,15
S01007704,75 to 84,24,5,5,0,19,2,0,1,4,12
S01007704,85 and over,8,1,1,0,7,1,1,0,2,3
S01007705,All HRPs,262,43,7,36,219,197,8,6,7,1
S01007705,24 and under,125,15,0,15,110,108,2,0,0,0
S01007705,25 to 34,91,21,3,18,70,63,3,0,4,0
S01007705,35 to 49,35,5,2,3,30,21,2,5,1,1
S01007705,50 to 64,10,2,2,0,8,4,1,1,2,0
S01007705,65 to 74,1,0,0,0,1,1,0,0,0,0
S01007705,75 to 84,0,0,0,0,0,0,0,0,0,0
S01007705,85 and over,0,0,0,0,0,0,0,0,0,0
S01007706,All HRPs,370,62,15,47,308,278,6,4,18,2
S01007706,24 and under,199,22,0,22,177,177,0,0,0,0
S01007706,25 to 34,113,27,7,20,86,81,5,0,0,0
S01007706,35 to 49,31,6,4,2,25,16,1,3,5,0
S01007706,50 to 64,21,4,2,2,17,4,0,1,12,0
S01007706,65 to 74,3,2,1,1,1,0,0,0,0,1
S01007706,75 to 84,2,1,1,0,1,0,0,0,1,0
S01007706,85 and over,1,0,0,0,1,0,0,0,0,1
S01007707,All HRPs,465,146,68,78,319,239,27,23,27,3
S01007707,24 and under,118,19,1,18,99,99,0,0,0,0
S01007707,25 to 34,197,71,28,43,126,105,15,4,2,0
S01007707,35 to 49,95,35,22,13,60,31,10,10,9,0
S01007707,50 to 64,41,13,10,3,28,2,2,8,15,1
S01007707,65 to 74,8,7,6,1,1,1,0,0,0,0
S01007707,75 to 84,5,1,1,0,4,1,0,0,1,2
S01007707,85 and over,1,0,0,0,1,0,0,1,0,0
S01007708,All HRPs,357,94,57,37,263,169,3,17,49,25
S01007708,24 and under,42,8,1,7,34,34,0,0,0,0
S01007708,25 to 34,91,28,10,18,63,57,2,1,3,0
S01007708,35 to 49,91,16,9,7,75,53,0,9,12,1
S01007708,50 to 64,72,25,20,5,47,17,1,7,18,4
S01007708,65 to 74,25,10,10,0,15,5,0,0,8,2
S01007708,75 to 84,25,7,7,0,18,2,0,0,7,9
S01007708,85 and over,11,0,0,0,11,1,0,0,1,9
S01007709,All HRPs,309,86,39,47,223,118,4,12,50,39
S01007709,24 and under,43,15,0,15,28,28,0,0,0,0
S01007709,25 to 34,63,30,11,19,33,33,0,0,0,0
S01007709,35 to 49,57,16,9,7,41,29,2,2,8,0
S01007709,50 to 64,71,14,9,5,57,18,0,8,25,6
S01007709,65 to 74,35,7,7,0,28,8,2,0,11,7
S01007709,75 to 84,24,4,3,1,20,1,0,1,4,14
S01007709,85 and over,16,0,0,0,16,1,0,1,2,12
S01007710,All HRPs,450,100,54,46,350,260,14,13,56,7
S01007710,24 and under,109,16,1,15,93,91,1,0,0,1
S01007710,25 to 34,151,31,14,17,120,109,7,2,2,0
S01007710,35 to 49,88,23,15,8,65,43,5,2,14,1
S01007710,50 to 64,77,22,17,5,55,17,1,8,27,2
S01007710,65 to 74,17,4,3,1,13,0,0,1,10,2
S01007710,75 to 84,7,3,3,0,4,0,0,0,3,1
S01007710,85 and over,1,1,1,0,0,0,0,0,0,0
S01007711,All HRPs,493,128,77,51,365,230,17,20,71,27
S01007711,24 and under,106,15,1,14,91,91,0,0,0,0
S01007711,25 to 34,111,32,12,20,79,70,3,3,3,0
S01007711,35 to 49,94,23,17,6,71,47,6,6,12,0
S01007711,50 to 64,97,35,27,8,62,15,6,6,32,3
S01007711,65 to 74,41,16,14,2,25,3,0,3,16,3
S01007711,75 to 84,34,7,6,1,27,3,2,2,7,13
S01007711,85 and over,10,0,0,0,10,1,0,0,1,8
S01007712,All HRPs,360,91,38,53,269,200,7,15,38,9
S01007712,24 and under,100,16,0,16,84,83,1,0,0,0
S01007712,25 to 34,98,25,8,17,73,65,1,2,5,0
S01007712,35 to 49,72,21,11,10,51,36,1,3,11,0
S01007712,50 to 64,62,21,13,8,41,12,3,8,18,0
S01007712,65 to 74,11,4,3,1,7,1,1,0,4,1
S01007712,75 to 84,12,4,3,1,8,2,0,1,0,5
S01007712,85 and over,5,0,0,0,5,1,0,1,0,3
S01007713,All HRPs,229,77,53,24,152,82,2,8,33,27
S01007713,24 and under,19,3,0,3,16,15,1,0,0,0
S01007713,25 to 34,48,23,13,10,25,23,0,1,1,0
S01007713,35 to 49,65,23,18,5,42,31,1,2,5,3
S01007713,50 to 64,55,18,12,6,37,10,0,4,16,7
S01007713,65 to 74,24,7,7,0,17,2,0,1,9,5
S01007713,75 to 84,15,3,3,0,12,1,0,0,2,9
S01007713,85 and over,3,0,0,0,3,0,0,0,0,3
S01007714,All HRPs,321,134,98,36,187,77,3,27,51,29
S01007714,24 and under,23,7,0,7,16,16,0,0,0,0
S01007714,25 to 34,63,32,18,14,31,24,1,1,5,0
S01007714,35 to 49,92,49,39,10,43,22,1,9,10,1
S01007714,50 to 64,91,38,33,5,53,5,1,14,26,7
S01007714,65 to 74,29,5,5,0,24,7,0,0,8,9
S01007714,75 to 84,13,3,3,0,10,2,0,3,1,4
S01007714,85 and over,10,0,0,0,10,1,0,0,1,8
S01007715,All HRPs,267,70,49,21,197,103,9,11,42,32
S01007715,24 and under,29,4,0,4,25,21,4,0,0,0
S01007715,25 to 34,59,15,11,4,44,41,3,0,0,0
S01007715,35 to 49,79,26,17,9,53,34,2,3,14,0
S01007715,50 to 64,48,16,12,4,32,4,0,6,18,4
S01007715,65 to 74,20,3,3,0,17,1,0,2,6,8
S01007715,75 to 84,26,6,6,0,20,2,0,0,4,14
S01007715,85 and over,6,0,0,0,6,0,0,0,0,6
S01007716,All HRPs,598,132,80,52,466,266,8,28,86,78
S01007716,24 and under,105,12,0,12,93,92,0,1,0,0
S01007716,25 to 34,122,38,16,22,84,75,2,2,5,0
S01007716,35 to 49,108,25,15,10,83,56,0,15,11,1
S01007716,50 to 64,113,23,18,5,90,27,5,7,41,10
S01007716,65 to 74,64,18,18,0,46,7,0,2,17,20
S01007716,75 to 84,65,11,9,2,54,8,1,1,12,32
S01007716,85 and over,21,5,4,1,16,1,0,0,0,15
S01007717,All HRPs,567,155,82,73,412,204,13,49,108,38
S01007717,24 and under,76,20,2,18,56,52,3,0,1,0
S01007717,25 to 34,118,37,14,23,81,63,6,8,3,1
S01007717,35 to 49,140,39,25,14,101,55,2,20,22,2
S01007717,50 to 64,131,43,27,16,88,21,0,12,48,7
S01007717,65 to 74,58,9,8,1,49,7,1,5,27,9
S01007717,75 to 84,33,5,5,0,28,4,1,4,6,13
S01007717,85 and over,11,2,1,1,9,2,0,0,1,6
S01007718,All HRPs,467,111,60,51,356,187,7,15,86,61
S01007718,24 and under,43,10,1,9,33,33,0,0,0,0
S01007718,25 to 34,108,36,6,30,72,64,5,0,3,0
S01007718,35 to 49,94,17,10,7,77,50,0,7,18,2
S01007718,50 to 64,92,18,14,4,74,28,1,5,36,4
S01007718,65 to 74,71,18,18,0,53,6,1,2,22,22
S01007718,75 to 84,46,12,11,1,34,4,0,1,6,23
S01007718,85 and over,13,0,0,0,13,2,0,0,1,10
S01007719,All HRPs,651,153,84,69,498,247,2,44,113,92
S01007719,24 and under,50,11,2,9,39,39,0,0,0,0
S01007719,25 to 34,117,45,17,28,72,67,1,2,2,0
S01007719,35 to 49,169,29,12,17,140,86,0,19,35,0
S01007719,50 to 64,139,27,20,7,112,30,0,16,53,13
S01007719,65 to 74,84,19,14,5,65,10,0,4,21,30
S01007719,75 to 84,63,20,17,3,43,9,1,3,1,29
S01007719,85 and over,29,2,2,0,27,6,0,0,1,20
S01007720,All HRPs,404,156,118,38,248,84,3,21,61,79
S01007720,24 and under,8,2,0,2,6,6,0,0,0,0
S01007720,25 to 34,46,28,7,21,18,16,0,1,1,0
S01007720,35 to 49,82,27,20,7,55,27,2,10,16,0
S01007720,50 to 64,95,33,28,5,62,18,0,8,27,9
S01007720,65 to 74,74,27,25,2,47,9,0,2,14,22
S01007720,75 to 84,72,33,32,1,39,6,1,0,3,29
S01007720,85 and over,27,6,6,0,21,2,0,0,0,19
S01007721,All HRPs,435,125,80,45,310,158,2,19,74,57
S01007721,24 and under,30,7,0,7,23,23,0,0,0,0
S01007721,25 to 34,80,20,8,12,60,55,1,1,3,0
S01007721,35 to 49,104,31,18,13,73,48,1,6,18,0
S01007721,50 to 64,111,39,26,13,72,19,0,8,40,5
S01007721,65 to 74,51,13,13,0,38,10,0,3,8,17
S01007721,75 to 84,40,14,14,0,26,1,0,1,5,19
S01007721,85 and over,19,1,1,0,18,2,0,0,0,16
S01007722,All HRPs,548,121,83,38,427,233,4,30,99,61
S01007722,24 and under,44,7,0,7,37,37,0,0,0,0
S01007722,25 to 34,83,21,14,7,62,56,0,4,2,0
S01007722,35 to 49,155,32,20,12,123,90,1,8,23,1
S01007722,50 to 64,126,37,27,10,89,30,0,9,39,11
S01007722,65 to 74,78,19,18,1,59,9,1,4,21,24
S01007722,75 to 84,44,4,3,1,40,5,1,4,12,18
S01007722,85 and over,18,1,1,0,17,6,1,1,2,7
S01007723,All HRPs,604,153,99,54,451,187,1,38,112,113
S01007723,24 and under,36,9,0,9,27,26,0,0,1,0
S01007723,25 to 34,94,41,16,25,53,50,0,2,1,0
S01007723,35 to 49,114,34,25,9,80,51,0,9,19,1
S01007723,50 to 64,141,33,26,7,108,29,0,15,47,17
S01007723,65 to 74,102,19,17,2,83,18,1,7,27,30
S01007723,75 to 84,95,16,14,2,79,9,0,5,17,48
S01007723,85 and over,22,1,1,0,21,4,0,0,0,17
S01007724,All HRPs,358,84,41,43,274,175,12,19,49,19
S01007724,24 and under,58,15,2,13,43,42,1,0,0,0
S01007724,25 to 34,106,31,8,23,75,61,6,5,3,0
S01007724,35 to 49,106,20,15,5,86,54,3,6,20,3
S01007724,50 to 64,72,13,11,2,59,17,2,8,26,6
S01007724,65 to 74,7,4,4,0,3,0,0,0,0,3
S01007724,75 to 84,7,1,1,0,6,1,0,0,0,5
S01007724,85 and over,2,0,0,0,2,0,0,0,0,2
S01007725,All HRPs,498,108,56,52,390,233,2,28,77,50
S01007725,24 and under,64,9,0,9,55,54,0,0,1,0
S01007725,25 to 34,123,32,12,20,91,90,0,0,1,0
S01007725,35 to 49,106,20,9,11,86,56,1,12,13,4
S01007725,50 to 64,117,23,14,9,94,22,1,16,44,11
S01007725,65 to 74,41,11,11,0,30,6,0,0,11,13
S01007725,75 to 84,38,13,10,3,25,3,0,0,4,18
S01007725,85 and over,9,0,0,0,9,2,0,0,3,4
S01007726,All HRPs,453,123,78,45,330,200,4,28,68,30
S01007726,24 and under,68,17,3,14,51,50,0,1,0,0
S01007726,25 to 34,121,40,23,17,81,68,3,5,5,0
S01007726,35 to 49,120,27,17,10,93,56,1,11,25,0
S01007726,50 to 64,85,19,18,1,66,20,0,9,29,8
S01007726,65 to 74,33,13,11,2,20,4,0,1,8,7
S01007726,75 to 84,21,5,4,1,16,2,0,1,1,12
S01007726,85 and over,5,2,2,0,3,0,0,0,0,3
S01007727,All HRPs,591,131,72,59,460,288,8,33,89,42
S01007727,24 and under,102,14,1,13,88,88,0,0,0,0
S01007727,25 to 34,154,44,16,28,110,99,2,7,2,0
S01007727,35 to 49,141,28,22,6,113,69,2,12,27,3
S01007727,50 to 64,116,25,17,8,91,26,3,9,47,6
S01007727,65 to 74,51,15,11,4,36,3,1,3,11,18
S01007727,75 to 84,20,4,4,0,16,3,0,2,2,9
S01007727,85 and over,7,1,1,0,6,0,0,0,0,6
S01007728,All HRPs,414,116,58,58,298,201,5,25,56,11
S01007728,24 and under,85,18,0,18,67,66,0,1,0,0
S01007728,25 to 34,116,39,16,23,77,73,1,2,1,0
S01007728,35 to 49,90,20,11,9,70,42,1,11,13,3
S01007728,50 to 64,94,31,23,8,63,15,2,7,36,3
S01007728,65 to 74,20,6,6,0,14,2,1,3,5,3
S01007728,75 to 84,8,1,1,0,7,3,0,1,1,2
S01007728,85 and over,1,1,1,0,0,0,0,0,0,0
S01007729,All HRPs,439,129,64,65,310,182,16,21,74,17
S01007729,24 and under,70,15,1,14,55,55,0,0,0,0
S01007729,25 to 34,111,44,10,34,67,58,6,1,2,0
S01007729,35 to 49,132,30,20,10,102,56,6,13,27,0
S01007729,50 to 64,96,34,27,7,62,10,4,7,35,6
S01007729,65 to 74,20,6,6,0,14,2,0,0,8,4
S01007729,75 to 84,10,0,0,0,10,1,0,0,2,7
S01007729,85 and over,0,0,0,0,0,0,0,0,0,0
S01007730,All HRPs,464,136,53,83,328,238,9,24,42,15
S01007730,24 and under,77,16,2,14,61,61,0,0,0,0
S01007730,25 to 34,162,65,17,48,97,88,2,5,2,0
S01007730,35 to 49,113,25,11,14,88,67,4,8,9,0
S01007730,50 to 64,80,22,16,6,58,18,3,9,25,3
S01007730,65 to 74,19,6,5,1,13,4,0,1,4,4
S01007730,75 to 84,12,2,2,0,10,0,0,1,2,7
S01007730,85 and over,1,0,0,0,1,0,0,0,0,1
S01007731,All HRPs,396,129,74,55,267,177,2,23,43,22
S01007731,24 and under,47,7,0,7,40,40,0,0,0,0
S01007731,25 to 34,109,40,15,25,69,65,1,1,2,0
S01007731,35 to 49,118,41,28,13,77,45,1,11,18,2
S01007731,50 to 64,82,34,24,10,48,21,0,8,13,6
S01007731,65 to 74,19,4,4,0,15,3,0,1,7,4
S01007731,75 to 84,17,2,2,0,15,3,0,2,3,7
S01007731,85 and over,4,1,1,0,3,0,0,0,0,3
S01007732,All HRPs,374,108,57,51,266,166,7,16,55,22
S01007732,24 and under,73,15,2,13,58,58,0,0,0,0
S01007732,25 to 34,108,44,23,21,64,56,2,0,6,0
S01007732,35 to 49,79,20,9,11,59,31,2,9,15,2
S01007732,50 to 64,58,19,13,6,39,11,0,2,22,4
S01007732,65 to 74,29,4,4,0,25,4,0,4,7,10
S01007732,75 to 84,20,6,6,0,14,3,1,1,4,5
S01007732,85 and over,7,0,0,0,7,3,2,0,1,1
S01007733,All HRPs,338,214,171,43,124,63,4,2,27,28
S01007733,24 and under,11,2,0,2,9,9,0,0,0,0
S01007733,25 to 34,55,28,16,12,27,25,0,0,1,1
S01007733,35 to 49,100,71,51,20,29,17,2,1,8,1
S01007733,50 to 64,107,73,66,7,34,10,2,1,15,6
S01007733,65 to 74,34,25,23,2,9,1,0,0,1,7
S01007733,75 to 84,26,13,13,0,13,1,0,0,2,10
S01007733,85 and over,5,2,2,0,3,0,0,0,0,3
S01007734,All HRPs,384,230,201,29,154,51,7,10,26,60
S01007734,24 and under,5,1,0,1,4,4,0,0,0,0
S01007734,25 to 34,29,19,12,7,10,9,0,1,0,0
S01007734,35 to 49,80,50,38,12,30,18,0,4,8,0
S01007734,50 to 64,130,98,92,6,32,7,2,2,14,7
S01007734,65 to 74,54,32,31,1,22,4,1,3,4,10
S01007734,75 to 84,62,27,25,2,35,5,2,0,0,28
S01007734,85 and over,24,3,3,0,21,4,2,0,0,15
S01007735,All HRPs,359,223,188,35,136,42,1,13,35,45
S01007735,24 and under,3,1,0,1,2,2,0,0,0,0
S01007735,25 to 34,27,18,10,8,9,9,0,0,0,0
S01007735,35 to 49,86,57,44,13,29,9,0,5,13,2
S01007735,50 to 64,136,94,83,11,42,12,1,6,18,5
S01007735,65 to 74,45,26,25,1,19,5,0,2,4,8
S01007735,75 to 84,49,23,22,1,26,4,0,0,0,22
S01007735,85 and over,13,4,4,0,9,1,0,0,0,8
S01007736,All HRPs,309,187,148,39,122,46,2,12,27,35
S01007736,24 and under,9,5,0,5,4,4,0,0,0,0
S01007736,25 to 34,50,26,11,15,24,23,1,0,0,0
S01007736,35 to 49,70,48,35,13,22,11,0,6,3,2
S01007736,50 to 64,86,57,53,4,29,3,0,6,17,3
S01007736,65 to 74,36,21,19,2,15,2,1,0,5,7
S01007736,75 to 84,51,29,29,0,22,2,0,0,1,19
S01007736,85 and over,7,1,1,0,6,1,0,0,1,4
S01007737,All HRPs,554,217,172,45,337,135,6,20,80,96
S01007737,24 and under,19,3,2,1,16,15,0,0,0,1
S01007737,25 to 34,96,44,22,22,52,45,0,2,5,0
S01007737,35 to 49,121,51,39,12,70,39,1,5,23,2
S01007737,50 to 64,142,68,62,6,74,21,2,12,34,5
S01007737,65 to 74,62,26,24,2,36,7,0,0,12,17
S01007737,75 to 84,81,22,20,2,59,7,2,1,6,43
S01007737,85 and over,33,3,3,0,30,1,1,0,0,28
S01007738,All HRPs,358,190,155,35,168,50,5,14,31,68
S01007738,24 and under,5,2,0,2,3,3,0,0,0,0
S01007738,25 to 34,30,16,7,9,14,11,0,2,1,0
S01007738,35 to 49,80,51,38,13,29,12,1,7,9,0
S01007738,50 to 64,92,52,43,9,40,16,2,3,12,7
S01007738,65 to 74,51,28,27,1,23,4,0,2,2,15
S01007738,75 to 84,66,31,30,1,35,3,2,0,7,23
S01007738,85 and over,34,10,10,0,24,1,0,0,0,23
S01007739,All HRPs,347,135,102,33,212,64,1,11,40,96
S01007739,24 and under,5,3,0,3,2,2,0,0,0,0
S01007739,25 to 34,29,7,1,6,22,20,0,1,0,1
S01007739,35 to 49,50,29,20,9,21,14,0,2,5,0
S01007739,50 to 64,75,37,27,10,38,14,0,5,14,5
S01007739,65 to 74,62,28,26,2,34,3,0,1,12,18
S01007739,75 to 84,78,25,23,2,53,7,0,1,9,36
S01007739,85 and over,48,6,5,1,42,4,1,1,0,36
S01007740,All HRPs,265,129,106,23,136,51,0,11,35,39
S01007740,24 and under,9,2,0,2,7,7,0,0,0,0
S01007740,25 to 34,29,13,5,8,16,14,0,0,2,0
S01007740,35 to 49,64,30,25,5,34,18,0,7,7,2
S01007740,50 to 64,90,50,43,7,40,7,0,4,21,8
S01007740,65 to 74,37,20,19,1,17,1,0,0,5,11
S01007740,75 to 84,24,10,10,0,14,3,0,0,0,11
S01007740,85 and over,12,4,4,0,8,1,0,0,0,7
S01007741,All HRPs,435,150,121,29,285,89,4,18,74,100
S01007741,24 and under,7,1,0,1,6,6,0,0,0,0
S01007741,25 to 34,42,20,8,12,22,21,0,1,0,0
S01007741,35 to 49,76,31,21,10,45,28,1,3,12,1
S01007741,50 to 64,106,41,36,5,65,11,0,10,34,10
S01007741,65 to 74,78,26,25,1,52,8,3,2,19,20
S01007741,75 to 84,74,26,26,0,48,10,0,2,9,27
S01007741,85 and over,52,5,5,0,47,5,0,0,0,42
S01007742,All HRPs,328,129,102,27,199,57,4,16,49,73
S01007742,24 and under,7,1,0,1,6,6,0,0,0,0
S01007742,25 to 34,30,18,9,9,12,10,0,2,0,0
S01007742,35 to 49,63,25,18,7,38,16,1,6,14,1
S01007742,50 to 64,97,46,37,9,51,18,2,5,20,6
S01007742,65 to 74,51,22,22,0,29,5,0,2,9,13
S01007742,75 to 84,55,10,10,0,45,1,1,1,6,36
S01007742,85 and over,25,7,6,1,18,1,0,0,0,17
S01007743,All HRPs,457,160,116,44,297,153,2,20,65,57
S01007743,24 and under,47,6,1,5,41,41,0,0,0,0
S01007743,25 to 34,75,34,17,17,41,38,0,3,0,0
S01007743,35 to 49,116,41,25,16,75,47,2,8,16,2
S01007743,50 to 64,123,54,49,5,69,19,0,8,34,8
S01007743,65 to 74,50,14,14,0,36,7,0,1,13,15
S01007743,75 to 84,32,6,5,1,26,1,0,0,2,23
S01007743,85 and over,14,5,5,0,9,0,0,0,0,9
S01007744,All HRPs,403,111,88,23,292,126,3,24,62,77
S01007744,24 and under,25,4,1,3,21,20,0,0,1,0
S01007744,25 to 34,69,17,5,12,52,46,0,5,1,0
S01007744,35 to 49,78,26,19,7,52,33,0,6,12,1
S01007744,50 to 64,101,34,33,1,67,19,1,11,29,7
S01007744,65 to 74,58,16,16,0,42,4,1,1,11,25
S01007744,75 to 84,56,14,14,0,42,1,1,1,6,33
S01007744,85 and over,16,0,0,0,16,3,0,0,2,11
S01007745,All HRPs,378,105,68,37,273,121,1,25,64,62
S01007745,24 and under,16,4,0,4,12,12,0,0,0,0
S01007745,25 to 34,61,19,8,11,42,39,0,1,2,0
S01007745,35 to 49,88,32,18,14,56,41,1,8,6,0
S01007745,50 to 64,111,35,28,7,76,25,0,8,37,6
S01007745,65 to 74,45,8,7,1,37,2,0,8,10,17
S01007745,75 to 84,49,5,5,0,44,2,0,0,9,33
S01007745,85 and over,8,2,2,0,6,0,0,0,0,6
S01007746,All HRPs,409,188,131,57,221,104,7,18,55,37
S01007746,24 and under,35,11,0,11,24,24,0,0,0,0
S01007746,25 to 34,49,19,8,11,30,23,1,3,3,0
S01007746,35 to 49,122,54,32,22,68,39,0,7,21,1
S01007746,50 to 64,126,70,61,9,56,14,1,5,23,13
S01007746,65 to 74,37,19,15,4,18,4,0,3,6,5
S01007746,75 to 84,30,14,14,0,16,0,2,0,1,13
S01007746,85 and over,10,1,1,0,9,0,3,0,1,5
S01007747,All HRPs,242,100,76,24,142,62,4,17,30,29
S01007747,24 and under,18,2,1,1,16,14,0,0,2,0
S01007747,25 to 34,36,13,8,5,23,20,3,0,0,0
S01007747,35 to 49,67,32,22,10,35,17,0,10,8,0
S01007747,50 to 64,69,33,27,6,36,7,0,6,17,6
S01007747,65 to 74,26,13,11,2,13,3,1,1,2,6
S01007747,75 to 84,20,7,7,0,13,0,0,0,0,13
S01007747,85 and over,6,0,0,0,6,1,0,0,1,4
S01007748,All HRPs,369,101,65,36,268,133,6,23,66,40
S01007748,24 and under,29,9,0,9,20,20,0,0,0,0
S01007748,25 to 34,77,18,8,10,59,52,1,3,3,0
S01007748,35 to 49,103,27,16,11,76,48,0,8,18,2
S01007748,50 to 64,91,29,24,5,62,12,2,8,34,6
S01007748,65 to 74,30,9,8,1,21,1,2,3,5,10
S01007748,75 to 84,29,7,7,0,22,0,1,1,6,14
S01007748,85 and over,10,2,2,0,8,0,0,0,0,8
S01007749,All HRPs,281,200,181,19,81,19,2,14,14,32
S01007749,24 and under,2,0,0,0,2,2,0,0,0,0
S01007749,25 to 34,22,10,7,3,12,9,0,3,0,0
S01007749,35 to 49,76,61,50,11,15,5,0,6,3,1
S01007749,50 to 64,99,82,78,4,17,1,1,2,6,7
S01007749,65 to 74,51,32,31,1,19,2,1,3,4,9
S01007749,75 to 84,23,12,12,0,11,0,0,0,1,10
S01007749,85 and over,8,3,3,0,5,0,0,0,0,5
S01007750,All HRPs,358,226,207,19,132,23,4,11,22,72
S01007750,24 and under,2,0,0,0,2,2,0,0,0,0
S01007750,25 to 34,11,7,4,3,4,3,1,0,0,0
S01007750,35 to 49,61,43,35,8,18,2,0,8,7,1
S01007750,50 to 64,116,85,80,5,31,7,0,3,10,11
S01007750,65 to 74,87,56,54,2,31,2,1,0,2,26
S01007750,75 to 84,62,30,29,1,32,6,1,0,2,23
S01007750,85 and over,19,5,5,0,14,1,1,0,1,11
S01007751,All HRPs,337,205,190,15,132,35,1,6,24,66
S01007751,24 and under,5,1,1,0,4,4,0,0,0,0
S01007751,25 to 34,10,9,7,2,1,0,1,0,0,0
S01007751,35 to 49,59,43,37,6,16,11,0,0,5,0
S01007751,50 to 64,97,72,67,5,25,6,0,5,10,4
S01007751,65 to 74,57,37,36,1,20,3,0,1,4,12
S01007751,75 to 84,87,36,35,1,51,8,0,0,3,40
S01007751,85 and over,22,7,7,0,15,3,0,0,2,10
S01007752,All HRPs,356,178,157,21,178,26,1,7,25,119
S01007752,24 and under,2,1,0,1,1,1,0,0,0,0
S01007752,25 to 34,12,10,5,5,2,1,0,0,1,0
S01007752,35 to 49,54,40,36,4,14,7,1,1,2,3
S01007752,50 to 64,83,55,46,9,28,5,0,5,10,8
S01007752,65 to 74,61,32,30,2,29,1,0,0,7,21
S01007752,75 to 84,91,28,28,0,63,9,0,1,3,50
S01007752,85 and over,53,12,12,0,41,2,0,0,2,37
S01007753,All HRPs,241,107,70,37,134,49,2,16,36,31
S01007753,24 and under,12,5,0,5,7,7,0,0,0,0
S01007753,25 to 34,42,18,7,11,24,21,1,2,0,0
S01007753,35 to 49,62,29,14,15,33,15,0,4,14,0
S01007753,50 to 64,73,41,35,6,32,4,1,9,15,3
S01007753,65 to 74,26,5,5,0,21,2,0,1,5,13
S01007753,75 to 84,18,7,7,0,11,0,0,0,2,9
S01007753,85 and over,8,2,2,0,6,0,0,0,0,6
S01007754,All HRPs,414,155,105,50,259,101,4,23,62,69
S01007754,24 and under,23,9,1,8,14,14,0,0,0,0
S01007754,25 to 34,58,20,8,12,38,30,0,6,2,0
S01007754,35 to 49,109,46,27,19,63,32,0,9,21,1
S01007754,50 to 64,106,53,44,9,53,16,1,6,21,9
S01007754,65 to 74,50,16,15,1,34,3,0,2,14,15
S01007754,75 to 84,52,9,8,1,43,3,2,0,4,34
S01007754,85 and over,16,2,2,0,14,3,1,0,0,10
S01007755,All HRPs,417,158,115,43,259,106,2,11,61,79
S01007755,24 and under,27,2,0,2,25,25,0,0,0,0
S01007755,25 to 34,63,27,11,16,36,33,0,1,2,0
S01007755,35 to 49,87,38,23,15,49,23,0,7,19,0
S01007755,50 to 64,100,53,45,8,47,13,0,2,22,10
S01007755,65 to 74,49,17,16,1,32,3,1,1,12,15
S01007755,75 to 84,57,13,12,1,44,6,1,0,6,31
S01007755,85 and over,34,8,8,0,26,3,0,0,0,23
S01007756,All HRPs,298,108,89,19,190,72,0,25,39,54
S01007756,24 and under,8,1,0,1,7,6,0,0,0,1
S01007756,25 to 34,52,16,13,3,36,32,0,3,1,0
S01007756,35 to 49,72,25,18,7,47,22,0,12,11,2
S01007756,50 to 64,75,35,28,7,40,7,0,7,21,5
S01007756,65 to 74,33,19,18,1,14,1,0,1,4,8
S01007756,75 to 84,43,10,10,0,33,2,0,2,1,28
S01007756,85 and over,15,2,2,0,13,2,0,0,1,10
S01007757,All HRPs,371,253,225,28,118,24,4,5,17,68
S01007757,24 and under,1,0,0,0,1,1,0,0,0,0
S01007757,25 to 34,16,9,7,2,7,7,0,0,0,0
S01007757,35 to 49,88,73,51,22,15,8,1,3,3,0
S01007757,50 to 64,92,74,73,1,18,3,0,2,6,7
S01007757,65 to 74,84,48,47,1,36,5,1,0,6,24
S01007757,75 to 84,69,43,41,2,26,0,1,0,2,23
S01007757,85 and over,21,6,6,0,15,0,1,0,0,14
S01007758,All HRPs,468,244,219,25,224,71,9,15,43,86
S01007758,24 and under,6,4,0,4,2,1,0,0,0,1
S01007758,25 to 34,32,11,6,5,21,19,1,0,1,0
S01007758,35 to 49,80,45,37,8,35,20,2,5,7,1
S01007758,50 to 64,130,80,73,7,50,11,4,7,22,6
S01007758,65 to 74,91,53,52,1,38,5,1,3,13,16
S01007758,75 to 84,89,42,42,0,47,10,1,0,0,36
S01007758,85 and over,40,9,9,0,31,5,0,0,0,26
S01007759,All HRPs,618,177,114,63,441,183,11,46,91,110
S01007759,24 and under,29,13,3,10,16,16,0,0,0,0
S01007759,25 to 34,94,28,6,22,66,63,1,0,2,0
S01007759,35 to 49,146,43,23,20,103,64,3,17,18,1
S01007759,50 to 64,152,50,42,8,102,19,5,22,47,9
S01007759,65 to 74,90,24,21,3,66,10,0,7,19,30
S01007759,75 to 84,76,18,18,0,58,9,2,0,5,42
S01007759,85 and over,31,1,1,0,30,2,0,0,0,28
S01007760,All HRPs,262,166,147,19,96,16,1,8,26,45
S01007760,24 and under,2,1,0,1,1,1,0,0,0,0
S01007760,25 to 34,13,5,2,3,8,6,0,0,1,1
S01007760,35 to 49,57,42,33,9,15,3,0,5,7,0
S01007760,50 to 64,87,62,58,4,25,3,1,3,10,8
S01007760,65 to 74,42,25,24,1,17,2,0,0,5,10
S01007760,75 to 84,46,24,23,1,22,1,0,0,2,19
S01007760,85 and over,15,7,7,0,8,0,0,0,1,7
S01007761,All HRPs,383,231,202,29,152,38,2,19,44,49
S01007761,24 and under,8,3,1,2,5,5,0,0,0,0
S01007761,25 to 34,28,19,9,10,9,8,0,0,1,0
S01007761,35 to 49,90,47,40,7,43,18,1,12,12,0
S01007761,50 to 64,135,101,92,9,34,4,1,4,22,3
S01007761,65 to 74,52,30,30,0,22,0,0,3,4,15
S01007761,75 to 84,54,30,29,1,24,2,0,0,4,18
S01007761,85 and over,16,1,1,0,15,1,0,0,1,13
S01007762,All HRPs,474,150,114,36,324,125,5,34,67,93
S01007762,24 and under,15,3,0,3,12,12,0,0,0,0
S01007762,25 to 34,61,25,11,14,36,35,0,1,0,0
S01007762,35 to 49,107,37,24,13,70,38,0,15,17,0
S01007762,50 to 64,123,54,49,5,69,22,1,14,21,11
S01007762,65 to 74,61,17,16,1,44,8,0,3,20,13
S01007762,75 to 84,72,12,12,0,60,6,4,1,7,42
S01007762,85 and over,35,2,2,0,33,4,0,0,2,27
S01007763,All HRPs,329,111,90,21,218,56,2,15,44,101
S01007763,24 and under,6,1,0,1,5,4,0,0,0,1
S01007763,25 to 34,29,12,5,7,17,12,1,2,1,1
S01007763,35 to 49,47,20,12,8,27,17,0,4,6,0
S01007763,50 to 64,61,26,22,4,35,11,0,4,13,7
S01007763,65 to 74,65,21,21,0,44,7,0,4,16,17
S01007763,75 to 84,76,25,25,0,51,3,0,1,8,39
S01007763,85 and over,45,6,5,1,39,2,1,0,0,36
S01007764,All HRPs,310,201,182,19,109,30,1,18,24,36
S01007764,24 and under,2,0,0,0,2,2,0,0,0,0
S01007764,25 to 34,19,11,5,6,8,6,0,1,1,0
S01007764,35 to 49,101,65,57,8,36,12,0,11,10,3
S01007764,50 to 64,102,73,71,2,29,7,1,4,10,7
S01007764,65 to 74,53,39,37,2,14,0,0,2,3,9
S01007764,75 to 84,24,11,10,1,13,3,0,0,0,10
S01007764,85 and over,9,2,2,0,7,0,0,0,0,7
S01007765,All HRPs,308,195,178,17,113,24,1,13,23,52
S01007765,24 and under,0,0,0,0,0,0,0,0,0,0
S01007765,25 to 34,20,13,9,4,7,6,0,0,1,0
S01007765,35 to 49,72,51,42,9,21,6,0,6,9,0
S01007765,50 to 64,87,65,61,4,22,6,1,5,7,3
S01007765,65 to 74,76,45,45,0,31,1,0,2,3,25
S01007765,75 to 84,42,18,18,0,24,5,0,0,3,16
S01007765,85 and over,11,3,3,0,8,0,0,0,0,8
S01007766,All HRPs,382,258,240,18,124,23,2,11,29,59
S01007766,24 and under,2,1,0,1,1,1,0,0,0,0
S01007766,25 to 34,19,10,6,4,9,7,0,2,0,0
S01007766,35 to 49,84,66,60,6,18,4,0,7,7,0
S01007766,50 to 64,118,94,88,6,24,3,0,1,12,8
S01007766,65 to 74,72,41,41,0,31,5,1,0,6,19
S01007766,75 to 84,71,44,43,1,27,3,1,1,4,18
S01007766,85 and over,16,2,2,0,14,0,0,0,0,14
S01007767,All HRPs,398,249,226,23,149,34,3,15,39,58
S01007767,24 and under,4,2,0,2,2,2,0,0,0,0
S01007767,25 to 34,20,10,5,5,10,8,0,2,0,0
S01007767,35 to 49,90,59,50,9,31,8,3,6,12,2
S01007767,50 to 64,133,94,89,5,39,9,0,6,15,9
S01007767,65 to 74,72,53,51,2,19,4,0,0,8,7
S01007767,75 to 84,65,28,28,0,37,3,0,1,3,30
S01007767,85 and over,14,3,3,0,11,0,0,0,1,10
S01007768,All HRPs,356,145,111,34,211,71,4,21,52,63
S01007768,24 and under,9,5,0,5,4,4,0,0,0,0
S01007768,25 to 34,38,18,5,13,20,16,0,1,3,0
S01007768,35 to 49,81,34,24,10,47,25,1,11,10,0
S01007768,50 to 64,96,45,39,6,51,13,2,7,22,7
S01007768,65 to 74,51,24,24,0,27,4,1,2,9,11
S01007768,75 to 84,48,13,13,0,35,5,0,0,7,23
S01007768,85 and over,33,6,6,0,27,4,0,0,1,22
S01007769,All HRPs,325,208,191,17,117,30,3,4,32,48
S01007769,24 and under,4,0,0,0,4,4,0,0,0,0
S01007769,25 to 34,12,5,2,3,7,7,0,0,0,0
S01007769,35 to 49,73,48,41,7,25,10,1,3,8,3
S01007769,50 to 64,105,79,73,6,26,4,2,0,15,5
S01007769,65 to 74,63,45,45,0,18,0,0,1,7,10
S01007769,75 to 84,55,27,26,1,28,5,0,0,1,22
S01007769,85 and over,13,4,4,0,9,0,0,0,1,8
S01007770,All HRPs,318,205,181,24,113,27,4,12,26,44
S01007770,24 and under,5,3,0,3,2,2,0,0,0,0
S01007770,25 to 34,17,9,5,4,8,6,0,1,1,0
S01007770,35 to 49,74,47,36,11,27,8,2,5,12,0
S01007770,50 to 64,97,75,69,6,22,3,1,6,9,3
S01007770,65 to 74,57,36,36,0,21,7,1,0,3,10
S01007770,75 to 84,54,30,30,0,24,0,0,0,1,23
S01007770,85 and over,14,5,5,0,9,1,0,0,0,8
S01007771,All HRPs,235,157,148,9,78,13,2,9,9,45
S01007771,24 and under,2,0,0,0,2,2,0,0,0,0
S01007771,25 to 34,15,11,9,2,4,2,0,2,0,0
S01007771,35 to 49,45,32,28,4,13,5,0,2,3,3
S01007771,50 to 64,57,45,42,3,12,0,1,4,5,2
S01007771,65 to 74,61,44,44,0,17,1,0,1,1,14
S01007771,75 to 84,36,22,22,0,14,2,1,0,0,11
S01007771,85 and over,19,3,3,0,16,1,0,0,0,15
S01007772,All HRPs,546,197,153,44,349,147,4,25,72,101
S01007772,24 and under,23,9,2,7,14,14,0,0,0,0
S01007772,25 to 34,84,35,19,16,49,43,2,3,1,0
S01007772,35 to 49,128,44,31,13,84,49,0,15,18,2
S01007772,50 to 64,107,40,37,3,67,24,2,6,26,9
S01007772,65 to 74,74,29,27,2,45,3,0,1,21,20
S01007772,75 to 84,88,31,28,3,57,7,0,0,6,44
S01007772,85 and over,42,9,9,0,33,7,0,0,0,26
S01007773,All HRPs,314,231,214,17,83,10,1,12,21,39
S01007773,24 and under,1,0,0,0,1,1,0,0,0,0
S01007773,25 to 34,9,8,4,4,1,0,0,1,0,0
S01007773,35 to 49,77,58,52,6,19,2,0,10,7,0
S01007773,50 to 64,115,96,89,7,19,4,0,1,11,3
S01007773,65 to 74,67,45,45,0,22,1,0,0,3,18
S01007773,75 to 84,39,23,23,0,16,1,1,0,0,14
S01007773,85 and over,6,1,1,0,5,1,0,0,0,4
S01007774,All HRPs,323,261,203,58,62,17,4,17,18,6
S01007774,24 and under,1,1,1,0,0,0,0,0,0,0
S01007774,25 to 34,65,54,38,16,11,7,0,2,2,0
S01007774,35 to 49,180,144,112,32,36,9,3,13,10,1
S01007774,50 to 64,60,49,39,10,11,1,0,2,5,3
S01007774,65 to 74,13,10,10,0,3,0,1,0,1,1
S01007774,75 to 84,2,2,2,0,0,0,0,0,0,0
S01007774,85 and over,2,1,1,0,1,0,0,0,0,1
S01007775,All HRPs,346,221,188,33,125,40,5,12,33,35
S01007775,24 and under,3,2,1,1,1,1,0,0,0,0
S01007775,25 to 34,47,30,20,10,17,14,1,2,0,0
S01007775,35 to 49,128,87,72,15,41,16,3,10,11,1
S01007775,50 to 64,106,77,70,7,29,6,1,0,16,6
S01007775,65 to 74,33,16,16,0,17,3,0,0,4,10
S01007775,75 to 84,22,9,9,0,13,0,0,0,2,11
S01007775,85 and over,7,0,0,0,7,0,0,0,0,7
S01007776,All HRPs,282,186,163,23,96,29,4,15,21,27
S01007776,24 and under,3,1,0,1,2,2,0,0,0,0
S01007776,25 to 34,32,14,10,4,18,14,0,1,3,0
S01007776,35 to 49,105,75,63,12,30,7,2,11,10,0
S01007776,50 to 64,89,73,69,4,16,5,2,3,5,1
S01007776,65 to 74,22,14,12,2,8,0,0,0,3,5
S01007776,75 to 84,24,7,7,0,17,1,0,0,0,16
S01007776,85 and over,7,2,2,0,5,0,0,0,0,5
S01007777,All HRPs,314,253,204,49,61,21,1,11,21,7
S01007777,24 and under,3,2,0,2,1,1,0,0,0,0
S01007777,25 to 34,59,50,31,19,9,6,0,2,1,0
S01007777,35 to 49,169,138,118,20,31,10,1,7,12,1
S01007777,50 to 64,68,55,47,8,13,3,0,2,7,1
S01007777,65 to 74,8,4,4,0,4,1,0,0,1,2
S01007777,75 to 84,6,4,4,0,2,0,0,0,0,2
S01007777,85 and over,1,0,0,0,1,0,0,0,0,1
S01007778,All HRPs,155,132,110,22,23,5,1,5,2,10
S01007778,24 and under,1,1,1,0,0,0,0,0,0,0
S01007778,25 to 34,15,14,9,5,1,0,0,1,0,0
S01007778,35 to 49,78,71,61,10,7,2,1,4,0,0
S01007778,50 to 64,45,40,33,7,5,2,0,0,2,1
S01007778,65 to 74,10,4,4,0,6,1,0,0,0,5
S01007778,75 to 84,4,1,1,0,3,0,0,0,0,3
S01007778,85 and over,2,1,1,0,1,0,0,0,0,1
S01007779,All HRPs,311,201,167,34,110,39,1,20,21,29
S01007779,24 and under,8,1,0,1,7,7,0,0,0,0
S01007779,25 to 34,32,18,9,9,14,10,1,1,2,0
S01007779,35 to 49,97,58,42,16,39,15,0,14,7,3
S01007779,50 to 64,109,91,84,7,18,2,0,5,9,2
S01007779,65 to 74,38,26,25,1,12,1,0,0,3,8
S01007779,75 to 84,19,5,5,0,14,4,0,0,0,10
S01007779,85 and over,8,2,2,0,6,0,0,0,0,6
S01007780,All HRPs,331,216,163,53,115,53,0,20,21,21
S01007780,24 and under,9,3,0,3,6,6,0,0,0,0
S01007780,25 to 34,51,31,8,23,20,17,0,3,0,0
S01007780,35 to 49,135,90,72,18,45,23,0,11,10,1
S01007780,50 to 64,94,68,59,9,26,7,0,6,7,6
S01007780,65 to 74,29,17,17,0,12,0,0,0,4,8
S01007780,75 to 84,11,7,7,0,4,0,0,0,0,4
S01007780,85 and over,2,0,0,0,2,0,0,0,0,2
S01007781,All HRPs,381,239,180,59,142,66,3,21,29,23
S01007781,24 and under,6,2,0,2,4,4,0,0,0,0
S01007781,25 to 34,69,38,16,22,31,27,0,3,1,0
S01007781,35 to 49,139,93,70,23,46,25,1,10,8,2
S01007781,50 to 64,121,85,75,10,36,5,2,7,17,5
S01007781,65 to 74,33,17,15,2,16,4,0,1,2,9
S01007781,75 to 84,11,4,4,0,7,1,0,0,0,6
S01007781,85 and over,2,0,0,0,2,0,0,0,1,1
S01007782,All HRPs,239,86,63,23,153,94,0,18,24,17
S01007782,24 and under,35,10,2,8,25,25,0,0,0,0
S01007782,25 to 34,52,15,9,6,37,31,0,5,0,1
S01007782,35 to 49,79,30,25,5,49,33,0,6,10,0
S01007782,50 to 64,41,22,20,2,19,3,0,4,10,2
S01007782,65 to 74,22,7,6,1,15,2,0,3,1,9
S01007782,75 to 84,9,2,1,1,7,0,0,0,3,4
S01007782,85 and over,1,0,0,0,1,0,0,0,0,1
S01007783,All HRPs,405,142,112,30,263,118,0,22,63,60
S01007783,24 and under,24,3,0,3,21,21,0,0,0,0
S01007783,25 to 34,46,11,3,8,35,26,0,7,2,0
S01007783,35 to 49,99,28,16,12,71,48,0,3,15,5
S01007783,50 to 64,104,42,37,5,62,19,0,9,26,8
S01007783,65 to 74,88,40,39,1,48,2,0,2,17,27
S01007783,75 to 84,36,18,17,1,18,0,0,1,3,14
S01007783,85 and over,8,0,0,0,8,2,0,0,0,6
S01007784,All HRPs,276,156,107,49,120,60,4,17,28,11
S01007784,24 and under,8,4,1,3,4,4,0,0,0,0
S01007784,25 to 34,60,33,10,23,27,24,0,0,3,0
S01007784,35 to 49,121,70,53,17,51,26,1,13,10,1
S01007784,50 to 64,69,42,37,5,27,4,1,3,12,7
S01007784,65 to 74,13,5,4,1,8,0,1,1,3,3
S01007784,75 to 84,5,2,2,0,3,2,1,0,0,0
S01007784,85 and over,0,0,0,0,0,0,0,0,0,0
S01007785,All HRPs,276,72,48,24,204,94,1,23,47,39
S01007785,24 and under,25,3,0,3,22,22,0,0,0,0
S01007785,25 to 34,47,9,2,7,38,30,0,3,5,0
S01007785,35 to 49,78,27,20,7,51,27,0,10,11,3
S01007785,50 to 64,65,23,17,6,42,9,0,8,19,6
S01007785,65 to 74,28,8,7,1,20,1,0,2,9,8
S01007785,75 to 84,21,2,2,0,19,4,1,0,3,11
S01007785,85 and over,12,0,0,0,12,1,0,0,0,11
S01007786,All HRPs,333,158,132,26,175,51,2,18,43,61
S01007786,24 and under,7,3,0,3,4,4,0,0,0,0
S01007786,25 to 34,39,20,10,10,19,14,0,2,3,0
S01007786,35 to 49,70,34,29,5,36,16,0,7,8,5
S01007786,50 to 64,115,61,54,7,54,14,0,9,25,6
S01007786,65 to 74,52,29,28,1,23,2,0,0,4,17
S01007786,75 to 84,42,11,11,0,31,1,2,0,3,25
S01007786,85 and over,8,0,0,0,8,0,0,0,0,8
S01007787,All HRPs,277,144,115,29,133,50,3,13,36,31
S01007787,24 and under,12,5,1,4,7,5,0,2,0,0
S01007787,25 to 34,38,11,8,3,27,23,0,3,1,0
S01007787,35 to 49,62,41,30,11,21,11,0,2,8,0
S01007787,50 to 64,94,57,47,10,37,8,0,6,17,6
S01007787,65 to 74,44,24,23,1,20,2,0,0,9,9
S01007787,75 to 84,18,6,6,0,12,1,2,0,1,8
S01007787,85 and over,9,0,0,0,9,0,1,0,0,8
S01007788,All HRPs,268,89,56,33,179,98,0,26,43,12
S01007788,24 and under,14,3,0,3,11,11,0,0,0,0
S01007788,25 to 34,68,21,9,12,47,41,0,3,3,0
S01007788,35 to 49,98,35,19,16,63,30,0,10,20,3
S01007788,50 to 64,62,22,20,2,40,14,0,10,14,2
S01007788,65 to 74,16,3,3,0,13,1,0,3,5,4
S01007788,75 to 84,8,5,5,0,3,1,0,0,1,1
S01007788,85 and over,2,0,0,0,2,0,0,0,0,2
S01007789,All HRPs,231,94,72,22,137,75,0,13,35,14
S01007789,24 and under,7,1,1,0,6,6,0,0,0,0
S01007789,25 to 34,39,12,4,8,27,20,0,4,3,0
S01007789,35 to 49,112,45,33,12,67,39,0,6,15,7
S01007789,50 to 64,57,25,23,2,32,10,0,3,17,2
S01007789,65 to 74,14,9,9,0,5,0,0,0,0,5
S01007789,75 to 84,2,2,2,0,0,0,0,0,0,0
S01007789,85 and over,0,0,0,0,0,0,0,0,0,0
S01007790,All HRPs,330,104,64,40,226,133,1,32,48,12
S01007790,24 and under,17,4,1,3,13,13,0,0,0,0
S01007790,25 to 34,78,17,6,11,61,51,0,5,5,0
S01007790,35 to 49,146,55,34,21,91,49,0,17,23,2
S01007790,50 to 64,68,23,19,4,45,18,0,7,17,3
S01007790,65 to 74,13,4,3,1,9,2,0,2,3,2
S01007790,75 to 84,5,0,0,0,5,0,0,1,0,4
S01007790,85 and over,3,1,1,0,2,0,1,0,0,1
S01007791,All HRPs,174,134,101,33,40,10,2,6,14,8
S01007791,24 and under,2,1,0,1,1,1,0,0,0,0
S01007791,25 to 34,33,29,13,16,4,1,1,1,1,0
S01007791,35 to 49,73,56,46,10,17,7,0,5,5,0
S01007791,50 to 64,47,38,32,6,9,1,0,0,6,2
S01007791,65 to 74,12,7,7,0,5,0,0,0,1,4
S01007791,75 to 84,7,3,3,0,4,0,1,0,1,2
S01007791,85 and over,0,0,0,0,0,0,0,0,0,0
S01007792,All HRPs,384,197,160,37,187,63,5,21,50,48
S01007792,24 and under,13,5,1,4,8,8,0,0,0,0
S01007792,25 to 34,42,18,4,14,24,17,0,7,0,0
S01007792,35 to 49,92,47,37,10,45,22,0,5,16,2
S01007792,50 to 64,140,74,66,8,66,11,3,9,27,16
S01007792,65 to 74,53,33,32,1,20,3,0,0,5,12
S01007792,75 to 84,34,18,18,0,16,2,1,0,1,12
S01007792,85 and over,10,2,2,0,8,0,1,0,1,6
S01007793,All HRPs,457,149,107,42,308,105,4,33,83,83
S01007793,24 and under,30,6,0,6,24,23,0,0,1,0
S01007793,25 to 34,67,29,15,14,38,31,0,4,3,0
S01007793,35 to 49,106,35,22,13,71,31,1,14,24,1
S01007793,50 to 64,111,39,32,7,72,10,2,10,35,15
S01007793,65 to 74,74,28,26,2,46,6,1,3,16,20
S01007793,75 to 84,46,10,10,0,36,4,0,2,2,28
S01007793,85 and over,23,2,2,0,21,0,0,0,2,19
S01007794,All HRPs,234,118,99,19,116,50,0,13,27,26
S01007794,24 and under,3,2,0,2,1,0,0,0,0,1
S01007794,25 to 34,35,14,5,9,21,17,0,2,2,0
S01007794,35 to 49,59,30,25,5,29,16,0,7,6,0
S01007794,50 to 64,80,45,43,2,35,12,0,2,15,6
S01007794,65 to 74,40,20,19,1,20,5,0,1,3,11
S01007794,75 to 84,12,5,5,0,7,0,0,1,0,6
S01007794,85 and over,5,2,2,0,3,0,0,0,1,2
S01007795,All HRPs,243,125,98,27,118,51,0,8,29,30
S01007795,24 and under,4,1,1,0,3,3,0,0,0,0
S01007795,25 to 34,44,18,7,11,26,24,0,0,2,0
S01007795,35 to 49,62,26,20,6,36,14,0,6,10,6
S01007795,50 to 64,83,56,48,8,27,8,0,2,8,9
S01007795,65 to 74,32,16,15,1,16,2,0,0,8,6
S01007795,75 to 84,12,6,5,1,6,0,0,0,1,5
S01007795,85 and over,6,2,2,0,4,0,0,0,0,4
S01007796,All HRPs,311,135,105,30,176,90,0,17,39,30
S01007796,24 and under,23,4,0,4,19,19,0,0,0,0
S01007796,25 to 34,51,15,5,10,36,32,0,1,2,1
S01007796,35 to 49,94,52,43,9,42,23,0,7,12,0
S01007796,50 to 64,81,44,37,7,37,11,0,8,13,5
S01007796,65 to 74,34,14,14,0,20,1,0,1,10,8
S01007796,75 to 84,22,5,5,0,17,4,0,0,1,12
S01007796,85 and over,6,1,1,0,5,0,0,0,1,4
S01007797,All HRPs,258,85,68,17,173,87,1,13,41,31
S01007797,24 and under,17,2,2,0,15,15,0,0,0,0
S01007797,25 to 34,39,12,7,5,27,22,1,2,2,0
S01007797,35 to 49,77,22,18,4,55,35,0,7,13,0
S01007797,50 to 64,64,29,21,8,35,6,0,2,17,10
S01007797,65 to 74,36,12,12,0,24,7,0,2,6,9
S01007797,75 to 84,20,6,6,0,14,1,0,0,3,10
S01007797,85 and over,5,2,2,0,3,1,0,0,0,2
S01007798,All HRPs,226,162,117,45,64,24,1,9,19,11
S01007798,24 and under,6,4,2,2,2,2,0,0,0,0
S01007798,25 to 34,41,29,17,12,12,10,1,1,0,0
S01007798,35 to 49,106,81,56,25,25,8,0,7,10,0
S01007798,50 to 64,55,39,33,6,16,4,0,1,8,3
S01007798,65 to 74,7,6,6,0,1,0,0,0,1,0
S01007798,75 to 84,8,3,3,0,5,0,0,0,0,5
S01007798,85 and over,3,0,0,0,3,0,0,0,0,3
S01007799,All HRPs,193,156,119,37,37,18,0,11,6,2
S01007799,24 and under,2,0,0,0,2,2,0,0,0,0
S01007799,25 to 34,34,27,15,12,7,7,0,0,0,0
S01007799,35 to 49,104,84,66,18,20,7,0,9,3,1
S01007799,50 to 64,48,40,33,7,8,2,0,2,3,1
S01007799,65 to 74,3,3,3,0,0,0,0,0,0,0
S01007799,75 to 84,2,2,2,0,0,0,0,0,0,0
S01007799,85 and over,0,0,0,0,0,0,0,0,0,0
S01007800,All HRPs,365,149,114,35,216,114,2,23,42,35
S01007800,24 and under,16,6,2,4,10,9,0,0,1,0
S01007800,25 to 34,54,14,4,10,40,38,0,2,0,0
S01007800,35 to 49,124,43,28,15,81,47,2,13,14,5
S01007800,50 to 64,102,58,52,6,44,12,0,6,20,6
S01007800,65 to 74,50,20,20,0,30,6,0,1,7,16
S01007800,75 to 84,15,7,7,0,8,2,0,0,0,6
S01007800,85 and over,4,1,1,0,3,0,0,1,0,2
S01007801,All HRPs,388,128,86,42,260,108,5,34,56,57
S01007801,24 and under,20,4,0,4,16,16,0,0,0,0
S01007801,25 to 34,49,16,7,9,33,24,3,5,1,0
S01007801,35 to 49,99,33,19,14,66,43,2,9,10,2
S01007801,50 to 64,130,51,42,9,79,15,0,16,34,14
S01007801,65 to 74,56,18,13,5,38,4,0,4,10,20
S01007801,75 to 84,24,6,5,1,18,4,0,0,1,13
S01007801,85 and over,10,0,0,0,10,2,0,0,0,8
S01007802,All HRPs,199,139,101,38,60,23,1,12,17,7
S01007802,24 and under,2,1,0,1,1,1,0,0,0,0
S01007802,25 to 34,47,34,21,13,13,10,0,0,3,0
S01007802,35 to 49,90,64,46,18,26,11,0,10,4,1
S01007802,50 to 64,52,36,30,6,16,1,1,1,9,4
S01007802,65 to 74,5,2,2,0,3,0,0,1,1,1
S01007802,75 to 84,1,1,1,0,0,0,0,0,0,0
S01007802,85 and over,2,1,1,0,1,0,0,0,0,1
S01007803,All HRPs,524,143,100,43,381,172,2,41,86,80
S01007803,24 and under,42,5,0,5,37,36,0,1,0,0
S01007803,25 to 34,77,19,10,9,58,47,0,7,4,0
S01007803,35 to 49,138,46,26,20,92,61,0,14,14,3
S01007803,50 to 64,134,38,30,8,96,18,1,14,45,18
S01007803,65 to 74,68,19,18,1,49,7,1,4,18,19
S01007803,75 to 84,56,13,13,0,43,2,0,1,5,35
S01007803,85 and over,9,3,3,0,6,1,0,0,0,5
S01007804,All HRPs,259,84,57,27,175,94,1,23,40,17
S01007804,24 and under,9,4,0,4,5,5,0,0,0,0
S01007804,25 to 34,56,17,6,11,39,38,0,1,0,0
S01007804,35 to 49,77,20,14,6,57,31,0,7,18,1
S01007804,50 to 64,82,29,24,5,53,17,1,13,16,6
S01007804,65 to 74,16,7,6,1,9,2,0,1,5,1
S01007804,75 to 84,12,6,6,0,6,0,0,1,1,4
S01007804,85 and over,7,1,1,0,6,1,0,0,0,5
S01007805,All HRPs,207,75,51,24,132,66,0,23,23,20
S01007805,24 and under,6,1,1,0,5,5,0,0,0,0
S01007805,25 to 34,50,24,11,13,26,23,0,2,1,0
S01007805,35 to 49,74,23,14,9,51,30,0,10,9,2
S01007805,50 to 64,58,23,21,2,35,7,0,11,10,7
S01007805,65 to 74,7,2,2,0,5,1,0,0,2,2
S01007805,75 to 84,10,2,2,0,8,0,0,0,1,7
S01007805,85 and over,2,0,0,0,2,0,0,0,0,2
S01007806,All HRPs,296,142,113,29,154,59,0,14,39,42
S01007806,24 and under,11,3,0,3,8,8,0,0,0,0
S01007806,25 to 34,49,28,13,15,21,20,0,1,0,0
S01007806,35 to 49,61,30,23,7,31,17,0,4,10,0
S01007806,50 to 64,92,48,44,4,44,12,0,7,17,8
S01007806,65 to 74,41,15,15,0,26,1,0,1,10,14
S01007806,75 to 84,34,14,14,0,20,1,0,1,2,16
S01007806,85 and over,8,4,4,0,4,0,0,0,0,4
S01007807,All HRPs,258,178,141,37,80,25,0,13,17,25
S01007807,24 and under,3,2,0,2,1,1,0,0,0,0
S01007807,25 to 34,39,27,15,12,12,10,0,2,0,0
S01007807,35 to 49,90,64,49,15,26,7,0,10,8,1
S01007807,50 to 64,80,60,53,7,20,5,0,1,8,6
S01007807,65 to 74,22,11,10,1,11,1,0,0,1,9
S01007807,75 to 84,17,13,13,0,4,1,0,0,0,3
S01007807,85 and over,7,1,1,0,6,0,0,0,0,6
S01007808,All HRPs,304,177,131,46,127,57,1,17,30,22
S01007808,24 and under,10,3,1,2,7,7,0,0,0,0
S01007808,25 to 34,41,25,14,11,16,12,0,4,0,0
S01007808,35 to 49,132,70,47,23,62,27,0,9,20,6
S01007808,50 to 64,85,58,48,10,27,9,1,4,9,4
S01007808,65 to 74,24,14,14,0,10,1,0,0,1,8
S01007808,75 to 84,12,7,7,0,5,1,0,0,0,4
S01007808,85 and over,0,0,0,0,0,0,0,0,0,0
S01007809,All HRPs,398,260,229,31,138,35,2,9,21,71
S01007809,24 and under,5,0,0,0,5,5,0,0,0,0
S01007809,25 to 34,26,20,11,9,6,5,0,1,0,0
S01007809,35 to 49,93,66,51,15,27,11,0,6,9,1
S01007809,50 to 64,128,102,95,7,26,8,0,2,8,8
S01007809,65 to 74,61,33,33,0,28,3,0,0,3,22
S01007809,75 to 84,57,30,30,0,27,3,1,0,0,23
S01007809,85 and over,28,9,9,0,19,0,1,0,1,17
S01007810,All HRPs,369,169,135,34,200,67,2,19,44,68
S01007810,24 and under,8,0,0,0,8,8,0,0,0,0
S01007810,25 to 34,39,27,16,11,12,9,1,0,2,0
S01007810,35 to 49,103,45,31,14,58,37,0,7,10,4
S01007810,50 to 64,110,62,56,6,48,9,0,10,19,10
S01007810,65 to 74,60,25,23,2,35,4,0,2,11,18
S01007810,75 to 84,36,9,8,1,27,0,1,0,2,24
S01007810,85 and over,13,1,1,0,12,0,0,0,0,12
S01007811,All HRPs,325,162,119,43,163,71,3,11,35,43
S01007811,24 and under,9,2,0,2,7,7,0,0,0,0
S01007811,25 to 34,55,28,13,15,27,23,0,1,1,2
S01007811,35 to 49,102,49,32,17,53,32,1,8,10,2
S01007811,50 to 64,95,58,51,7,37,7,2,2,15,11
S01007811,65 to 74,39,18,16,2,21,2,0,0,7,12
S01007811,75 to 84,22,6,6,0,16,0,0,0,2,14
S01007811,85 and over,3,1,1,0,2,0,0,0,0,2
S01007812,All HRPs,328,135,93,42,193,104,3,19,50,17
S01007812,24 and under,18,5,0,5,13,13,0,0,0,0
S01007812,25 to 34,53,20,8,12,33,32,0,0,1,0
S01007812,35 to 49,134,56,39,17,78,48,1,8,16,5
S01007812,50 to 64,93,46,39,7,47,9,2,10,25,1
S01007812,65 to 74,23,6,5,1,17,2,0,1,6,8
S01007812,75 to 84,6,1,1,0,5,0,0,0,2,3
S01007812,85 and over,1,1,1,0,0,0,0,0,0,0
S01007813,All HRPs,306,134,104,30,172,63,3,25,50,31
S01007813,24 and under,7,2,0,2,5,5,0,0,0,0
S01007813,25 to 34,46,18,12,6,28,23,0,5,0,0
S01007813,35 to 49,101,35,24,11,66,23,2,14,26,1
S01007813,50 to 64,85,53,45,8,32,7,1,2,11,11
S01007813,65 to 74,40,21,18,3,19,1,0,3,7,8
S01007813,75 to 84,17,3,3,0,14,4,0,1,1,8
S01007813,85 and over,10,2,2,0,8,0,0,0,5,3
S01007814,All HRPs,229,137,108,29,92,31,0,4,21,36
S01007814,24 and under,3,0,0,0,3,3,0,0,0,0
S01007814,25 to 34,20,12,5,7,8,8,0,0,0,0
S01007814,35 to 49,67,48,35,13,19,13,0,1,3,2
S01007814,50 to 64,75,52,44,8,23,5,0,3,13,2
S01007814,65 to 74,38,16,16,0,22,1,0,0,5,16
S01007814,75 to 84,24,8,7,1,16,1,0,0,0,15
S01007814,85 and over,2,1,1,0,1,0,0,0,0,1
S01007815,All HRPs,343,239,210,29,104,25,1,6,21,51
S01007815,24 and under,3,0,0,0,3,3,0,0,0,0
S01007815,25 to 34,16,16,8,8,0,0,0,0,0,0
S01007815,35 to 49,99,73,61,12,26,10,0,4,10,2
S01007815,50 to 64,120,95,87,8,25,6,0,2,8,9
S01007815,65 to 74,50,35,34,1,15,3,1,0,1,10
S01007815,75 to 84,34,15,15,0,19,1,0,0,2,16
S01007815,85 and over,21,5,5,0,16,2,0,0,0,14
S01007816,All HRPs,273,184,164,20,89,25,3,10,15,36
S01007816,24 and under,3,2,0,2,1,1,0,0,0,0
S01007816,25 to 34,34,19,10,9,15,13,2,0,0,0
S01007816,35 to 49,64,50,44,6,14,5,0,4,5,0
S01007816,50 to 64,102,76,73,3,26,5,0,6,4,11
S01007816,65 to 74,40,24,24,0,16,1,0,0,3,12
S01007816,75 to 84,29,13,13,0,16,0,1,0,3,12
S01007816,85 and over,1,0,0,0,1,0,0,0,0,1
S01007817,All HRPs,207,114,91,23,93,23,2,9,16,43
S01007817,24 and under,1,0,0,0,1,1,0,0,0,0
S01007817,25 to 34,11,4,1,3,7,5,0,2,0,0
S01007817,35 to 49,46,30,19,11,16,9,0,5,2,0
S01007817,50 to 64,59,35,28,7,24,6,1,2,9,6
S01007817,65 to 74,59,33,32,1,26,1,1,0,4,20
S01007817,75 to 84,26,12,11,1,14,1,0,0,1,12
S01007817,85 and over,5,0,0,0,5,0,0,0,0,5
S01007818,All HRPs,314,205,161,44,109,44,3,14,17,31
S01007818,24 and under,10,3,0,3,7,7,0,0,0,0
S01007818,25 to 34,42,25,14,11,17,17,0,0,0,0
S01007818,35 to 49,109,74,54,20,35,15,1,9,7,3
S01007818,50 to 64,89,70,62,8,19,2,1,3,10,3
S01007818,65 to 74,35,24,22,2,11,1,1,2,0,7
S01007818,75 to 84,23,8,8,0,15,2,0,0,0,13
S01007818,85 and over,6,1,1,0,5,0,0,0,0,5
S01007819,All HRPs,353,207,163,44,146,43,1,10,28,64
S01007819,24 and under,6,0,0,0,6,6,0,0,0,0
S01007819,25 to 34,29,14,3,11,15,15,0,0,0,0
S01007819,35 to 49,96,69,50,19,27,12,1,4,10,0
S01007819,50 to 64,89,60,48,12,29,2,0,5,13,9
S01007819,65 to 74,69,36,36,0,33,6,0,1,2,24
S01007819,75 to 84,53,28,26,2,25,1,0,0,3,21
S01007819,85 and over,11,0,0,0,11,1,0,0,0,10
S01007820,All HRPs,408,216,177,39,192,57,7,22,34,72
S01007820,24 and under,7,4,0,4,3,3,0,0,0,0
S01007820,25 to 34,28,15,9,6,13,11,2,0,0,0
S01007820,35 to 49,116,63,43,20,53,28,2,10,12,1
S01007820,50 to 64,113,75,69,6,38,6,2,7,12,11
S01007820,65 to 74,87,40,37,3,47,3,0,4,7,33
S01007820,75 to 84,43,15,15,0,28,6,1,1,3,17
S01007820,85 and over,14,4,4,0,10,0,0,0,0,10
S01007821,All HRPs,244,136,110,26,108,34,0,11,29,34
S01007821,24 and under,9,2,0,2,7,7,0,0,0,0
S01007821,25 to 34,26,16,7,9,10,8,0,0,2,0
S01007821,35 to 49,60,32,22,10,28,10,0,7,10,1
S01007821,50 to 64,73,44,39,5,29,7,0,4,14,4
S01007821,65 to 74,34,25,25,0,9,0,0,0,1,8
S01007821,75 to 84,37,17,17,0,20,2,0,0,2,16
S01007821,85 and over,5,0,0,0,5,0,0,0,0,5
S01007822,All HRPs,349,201,173,28,148,42,0,14,21,71
S01007822,24 and under,3,0,0,0,3,3,0,0,0,0
S01007822,25 to 34,25,13,7,6,12,10,0,1,1,0
S01007822,35 to 49,69,45,34,11,24,13,0,8,3,0
S01007822,50 to 64,113,82,73,9,31,9,0,2,9,11
S01007822,65 to 74,65,36,34,2,29,3,0,2,5,19
S01007822,75 to 84,55,20,20,0,35,3,0,1,2,29
S01007822,85 and over,19,5,5,0,14,1,0,0,1,12
S01007823,All HRPs,306,181,153,28,125,41,3,11,29,41
S01007823,24 and under,5,5,1,4,0,0,0,0,0,0
S01007823,25 to 34,24,13,8,5,11,10,0,1,0,0
S01007823,35 to 49,69,42,32,10,27,16,0,7,4,0
S01007823,50 to 64,108,73,68,5,35,8,1,2,18,6
S01007823,65 to 74,44,20,18,2,24,6,0,1,6,11
S01007823,75 to 84,41,23,22,1,18,0,2,0,1,15
S01007823,85 and over,15,5,4,1,10,1,0,0,0,9
S01007824,All HRPs,342,173,153,20,169,45,3,12,39,70
S01007824,24 and under,4,0,0,0,4,4,0,0,0,0
S01007824,25 to 34,29,14,9,5,15,12,0,2,1,0
S01007824,35 to 49,74,42,35,7,32,17,0,5,9,1
S01007824,50 to 64,94,64,57,7,30,4,0,5,18,3
S01007824,65 to 74,63,31,30,1,32,4,1,0,5,22
S01007824,75 to 84,59,19,19,0,40,4,2,0,5,29
S01007824,85 and over,19,3,3,0,16,0,0,0,1,15
S01007825,All HRPs,482,267,227,40,215,80,1,6,39,89
S01007825,24 and under,12,4,1,3,8,8,0,0,0,0
S01007825,25 to 34,35,20,9,11,15,14,0,0,1,0
S01007825,35 to 49,113,76,60,16,37,24,0,2,11,0
S01007825,50 to 64,144,96,87,9,48,17,0,3,20,8
S01007825,65 to 74,64,36,35,1,28,4,0,1,3,20
S01007825,75 to 84,91,33,33,0,58,9,1,0,3,45
S01007825,85 and over,23,2,2,0,21,4,0,0,1,16
S01007826,All HRPs,260,92,66,26,168,60,5,18,44,41
S01007826,24 and under,6,1,0,1,5,5,0,0,0,0
S01007826,25 to 34,31,14,6,8,17,14,0,1,2,0
S01007826,35 to 49,73,28,15,13,45,28,2,7,8,0
S01007826,50 to 64,74,28,25,3,46,6,0,7,22,11
S01007826,65 to 74,29,10,9,1,19,5,0,2,8,4
S01007826,75 to 84,35,8,8,0,27,2,3,1,4,17
S01007826,85 and over,12,3,3,0,9,0,0,0,0,9
S01007827,All HRPs,291,119,86,33,172,95,4,14,41,18
S01007827,24 and under,25,6,0,6,19,18,0,1,0,0
S01007827,25 to 34,74,33,16,17,41,40,0,1,0,0
S01007827,35 to 49,87,27,23,4,60,28,2,7,21,2
S01007827,50 to 64,77,43,37,6,34,8,0,3,17,6
S01007827,65 to 74,14,7,7,0,7,1,1,1,1,3
S01007827,75 to 84,12,3,3,0,9,0,1,1,2,5
S01007827,85 and over,2,0,0,0,2,0,0,0,0,2
S01007828,All HRPs,592,163,103,60,429,214,3,30,88,94
S01007828,24 and under,35,9,1,8,26,26,0,0,0,0
S01007828,25 to 34,121,43,14,29,78,77,0,0,1,0
S01007828,35 to 49,126,28,16,12,98,63,1,9,23,2
S01007828,50 to 64,135,46,35,11,89,29,1,12,38,9
S01007828,65 to 74,69,17,17,0,52,5,1,7,18,21
S01007828,75 to 84,77,15,15,0,62,10,0,2,7,43
S01007828,85 and over,29,5,5,0,24,4,0,0,1,19
S01007829,All HRPs,348,121,101,20,227,74,1,9,47,96
S01007829,24 and under,4,1,0,1,3,3,0,0,0,0
S01007829,25 to 34,39,14,9,5,25,22,0,0,3,0
S01007829,35 to 49,50,20,12,8,30,22,0,2,5,1
S01007829,50 to 64,76,33,29,4,43,11,0,3,19,10
S01007829,65 to 74,80,28,27,1,52,5,0,3,13,31
S01007829,75 to 84,77,21,21,0,56,8,1,1,7,39
S01007829,85 and over,22,4,3,1,18,3,0,0,0,15
S01007830,All HRPs,545,159,116,43,386,171,3,21,83,108
S01007830,24 and under,28,4,1,3,24,23,0,0,1,0
S01007830,25 to 34,77,26,9,17,51,47,1,1,2,0
S01007830,35 to 49,112,31,20,11,81,47,0,7,20,7
S01007830,50 to 64,120,44,36,8,76,30,1,6,29,10
S01007830,65 to 74,101,35,33,2,66,13,0,4,18,31
S01007830,75 to 84,80,18,16,2,62,9,1,3,8,41
S01007830,85 and over,27,1,1,0,26,2,0,0,5,19
S01007831,All HRPs,501,141,105,36,360,205,3,23,65,64
S01007831,24 and under,31,5,2,3,26,25,0,0,1,0
S01007831,25 to 34,85,23,13,10,62,60,0,1,1,0
S01007831,35 to 49,121,29,18,11,92,69,0,10,13,0
S01007831,50 to 64,115,40,32,8,75,33,1,7,27,7
S01007831,65 to 74,57,19,17,2,38,9,1,4,12,12
S01007831,75 to 84,73,21,20,1,52,8,0,1,10,33
S01007831,85 and over,19,4,3,1,15,1,1,0,1,12
S01007832,All HRPs,362,119,83,36,243,127,2,14,47,53
S01007832,24 and under,18,5,1,4,13,11,1,0,1,0
S01007832,25 to 34,54,17,7,10,37,36,0,0,0,1
S01007832,35 to 49,88,30,20,10,58,43,0,3,11,1
S01007832,50 to 64,96,31,25,6,65,25,1,9,22,8
S01007832,65 to 74,55,19,16,3,36,7,0,1,9,19
S01007832,75 to 84,39,16,13,3,23,2,0,1,4,16
S01007832,85 and over,12,1,1,0,11,3,0,0,0,8
S01007833,All HRPs,479,183,160,23,296,86,12,20,47,131
S01007833,24 and under,14,1,0,1,13,12,0,0,1,0
S01007833,25 to 34,18,9,2,7,9,7,2,0,0,0
S01007833,35 to 49,47,20,14,6,27,18,0,4,5,0
S01007833,50 to 64,110,50,46,4,60,20,2,8,22,8
S01007833,65 to 74,114,49,44,5,65,16,1,7,12,29
S01007833,75 to 84,117,44,44,0,73,7,5,1,4,56
S01007833,85 and over,59,10,10,0,49,6,2,0,3,38
S01007834,All HRPs,416,110,75,35,306,184,6,15,68,33
S01007834,24 and under,28,4,0,4,24,24,0,0,0,0
S01007834,25 to 34,101,26,11,15,75,67,4,3,1,0
S01007834,35 to 49,105,34,23,11,71,51,0,3,17,0
S01007834,50 to 64,92,22,18,4,70,26,1,8,35,0
S01007834,65 to 74,41,14,13,1,27,7,0,1,12,7
S01007834,75 to 84,39,8,8,0,31,8,1,0,3,19
S01007834,85 and over,10,2,2,0,8,1,0,0,0,7
S01007835,All HRPs,325,154,120,34,171,63,1,18,40,49
S01007835,24 and under,8,1,0,1,7,6,0,0,1,0
S01007835,25 to 34,40,22,8,14,18,16,0,2,0,0
S01007835,35 to 49,71,48,37,11,23,12,0,6,5,0
S01007835,50 to 64,85,50,43,7,35,14,1,5,14,1
S01007835,65 to 74,50,21,21,0,29,3,0,4,7,15
S01007835,75 to 84,54,11,10,1,43,7,0,1,13,22
S01007835,85 and over,17,1,1,0,16,5,0,0,0,11
S01007836,All HRPs,285,122,100,22,163,67,2,12,28,54
S01007836,24 and under,4,0,0,0,4,4,0,0,0,0
S01007836,25 to 34,33,15,4,11,18,17,0,1,0,0
S01007836,35 to 49,59,29,23,6,30,21,1,7,1,0
S01007836,50 to 64,85,44,40,4,41,15,0,4,17,5
S01007836,65 to 74,32,13,13,0,19,5,0,0,5,9
S01007836,75 to 84,44,16,16,0,28,2,1,0,2,23
S01007836,85 and over,28,5,4,1,23,3,0,0,3,17
S01007837,All HRPs,357,228,207,21,129,21,4,11,28,65
S01007837,24 and under,3,1,0,1,2,2,0,0,0,0
S01007837,25 to 34,12,9,3,6,3,1,0,0,2,0
S01007837,35 to 49,59,38,31,7,21,12,0,3,6,0
S01007837,50 to 64,140,105,100,5,35,5,0,7,16,7
S01007837,65 to 74,69,43,41,2,26,0,0,0,3,23
S01007837,75 to 84,62,30,30,0,32,0,3,1,1,27
S01007837,85 and over,12,2,2,0,10,1,1,0,0,8
S01007838,All HRPs,392,235,205,30,157,42,5,15,32,63
S01007838,24 and under,9,2,0,2,7,7,0,0,0,0
S01007838,25 to 34,23,16,4,12,7,6,0,1,0,0
S01007838,35 to 49,82,52,42,10,30,12,2,8,8,0
S01007838,50 to 64,109,70,64,6,39,7,1,6,19,6
S01007838,65 to 74,67,45,45,0,22,6,0,0,5,11
S01007838,75 to 84,79,39,39,0,40,4,1,0,0,35
S01007838,85 and over,23,11,11,0,12,0,1,0,0,11
S01007839,All HRPs,281,119,97,22,162,47,2,11,27,75
S01007839,24 and under,6,0,0,0,6,5,0,0,0,1
S01007839,25 to 34,27,12,8,4,15,14,0,0,1,0
S01007839,35 to 49,44,24,16,8,20,10,0,3,6,1
S01007839,50 to 64,45,27,19,8,18,6,0,4,6,2
S01007839,65 to 74,51,24,22,2,27,4,0,3,4,16
S01007839,75 to 84,75,23,23,0,52,6,0,1,9,36
S01007839,85 and over,33,9,9,0,24,2,2,0,1,19
S01007840,All HRPs,425,136,99,37,289,147,7,15,68,52
S01007840,24 and under,26,11,2,9,15,15,0,0,0,0
S01007840,25 to 34,73,28,9,19,45,44,0,1,0,0
S01007840,35 to 49,115,26,20,6,89,55,3,7,20,4
S01007840,50 to 64,89,29,26,3,60,20,0,4,29,7
S01007840,65 to 74,56,21,21,0,35,8,2,1,13,11
S01007840,75 to 84,55,17,17,0,38,3,2,2,6,25
S01007840,85 and over,11,4,4,0,7,2,0,0,0,5
S01007841,All HRPs,341,131,98,33,210,98,6,13,46,47
S01007841,24 and under,17,5,0,5,12,12,0,0,0,0
S01007841,25 to 34,70,27,8,19,43,38,3,1,1,0
S01007841,35 to 49,95,39,32,7,56,30,1,7,16,2
S01007841,50 to 64,72,26,24,2,46,13,0,4,24,5
S01007841,65 to 74,38,18,18,0,20,3,1,0,4,12
S01007841,75 to 84,38,14,14,0,24,2,0,1,1,20
S01007841,85 and over,11,2,2,0,9,0,1,0,0,8
S01007842,All HRPs,391,98,63,35,293,190,7,27,49,20
S01007842,24 and under,48,6,0,6,42,40,0,1,0,1
S01007842,25 to 34,123,27,11,16,96,85,3,5,3,0
S01007842,35 to 49,102,27,18,9,75,50,0,9,14,2
S01007842,50 to 64,73,18,15,3,55,15,1,10,25,4
S01007842,65 to 74,28,16,15,1,12,0,1,0,5,6
S01007842,75 to 84,11,3,3,0,8,0,2,2,1,3
S01007842,85 and over,6,1,1,0,5,0,0,0,1,4
S01007843,All HRPs,354,124,82,42,230,90,6,18,63,53
S01007843,24 and under,30,8,0,8,22,21,1,0,0,0
S01007843,25 to 34,50,18,6,12,32,26,2,2,2,0
S01007843,35 to 49,103,40,29,11,63,25,0,11,24,3
S01007843,50 to 64,86,33,26,7,53,12,0,4,30,7
S01007843,65 to 74,34,17,15,2,17,5,1,0,4,7
S01007843,75 to 84,48,8,6,2,40,1,2,1,3,33
S01007843,85 and over,3,0,0,0,3,0,0,0,0,3
S01007844,All HRPs,520,140,97,43,380,220,4,26,81,49
S01007844,24 and under,42,8,0,8,34,34,0,0,0,0
S01007844,25 to 34,125,28,15,13,97,88,3,3,3,0
S01007844,35 to 49,148,47,32,15,101,63,1,10,26,1
S01007844,50 to 64,118,29,24,5,89,26,0,11,43,9
S01007844,65 to 74,37,13,11,2,24,6,0,2,6,10
S01007844,75 to 84,43,14,14,0,29,2,0,0,3,24
S01007844,85 and over,7,1,1,0,6,1,0,0,0,5
S01007845,All HRPs,427,142,101,41,285,151,0,22,60,52
S01007845,24 and under,20,3,0,3,17,16,0,0,1,0
S01007845,25 to 34,97,34,15,19,63,54,0,5,4,0
S01007845,35 to 49,115,42,28,14,73,41,0,9,20,3
S01007845,50 to 64,99,34,30,4,65,27,0,6,24,8
S01007845,65 to 74,45,19,18,1,26,6,0,2,11,7
S01007845,75 to 84,36,8,8,0,28,6,0,0,0,22
S01007845,85 and over,15,2,2,0,13,1,0,0,0,12
S01007846,All HRPs,337,148,111,37,189,71,1,14,39,64
S01007846,24 and under,9,3,0,3,6,5,0,1,0,0
S01007846,25 to 34,47,30,19,11,17,15,0,0,2,0
S01007846,35 to 49,83,36,24,12,47,28,0,7,11,1
S01007846,50 to 64,105,53,44,9,52,17,0,4,19,12
S01007846,65 to 74,38,14,12,2,24,4,0,2,6,12
S01007846,75 to 84,43,11,11,0,32,2,1,0,1,28
S01007846,85 and over,12,1,1,0,11,0,0,0,0,11
S01007847,All HRPs,437,168,123,45,269,120,5,25,53,66
S01007847,24 and under,22,4,0,4,18,18,0,0,0,0
S01007847,25 to 34,74,29,10,19,45,37,2,5,1,0
S01007847,35 to 49,106,50,36,14,56,31,1,12,10,2
S01007847,50 to 64,117,52,44,8,65,24,1,6,30,4
S01007847,65 to 74,51,18,18,0,33,8,1,2,8,14
S01007847,75 to 84,48,12,12,0,36,2,0,0,2,32
S01007847,85 and over,19,3,3,0,16,0,0,0,2,14
S01007848,All HRPs,447,114,64,50,333,150,2,34,93,54
S01007848,24 and under,22,6,0,6,16,16,0,0,0,0
S01007848,25 to 34,77,27,9,18,50,41,0,7,2,0
S01007848,35 to 49,143,33,19,14,110,61,2,15,29,3
S01007848,50 to 64,110,25,18,7,85,18,0,10,43,14
S01007848,65 to 74,44,13,10,3,31,7,0,2,12,10
S01007848,75 to 84,38,7,5,2,31,5,0,0,7,19
S01007848,85 and over,13,3,3,0,10,2,0,0,0,8
S01007849,All HRPs,413,173,122,51,240,123,3,23,53,38
S01007849,24 and under,24,7,0,7,17,17,0,0,0,0
S01007849,25 to 34,95,38,19,19,57,49,2,5,1,0
S01007849,35 to 49,125,57,38,19,68,38,0,13,17,0
S01007849,50 to 64,91,40,34,6,51,14,1,4,25,7
S01007849,65 to 74,32,16,16,0,16,5,0,1,8,2
S01007849,75 to 84,30,10,10,0,20,0,0,0,1,19
S01007849,85 and over,16,5,5,0,11,0,0,0,1,10
S01007850,All HRPs,293,143,115,28,150,49,2,11,34,54
S01007850,24 and under,8,1,0,1,7,6,0,0,1,0
S01007850,25 to 34,21,10,3,7,11,9,0,0,2,0
S01007850,35 to 49,64,30,22,8,34,19,0,4,9,2
S01007850,50 to 64,99,63,54,9,36,12,1,5,13,5
S01007850,65 to 74,47,24,24,0,23,2,0,1,3,17
S01007850,75 to 84,46,14,11,3,32,1,1,1,6,23
S01007850,85 and over,8,1,1,0,7,0,0,0,0,7
S01007851,All HRPs,479,217,179,38,262,60,2,8,51,141
S01007851,24 and under,8,3,1,2,5,5,0,0,0,0
S01007851,25 to 34,26,14,8,6,12,12,0,0,0,0
S01007851,35 to 49,88,61,46,15,27,16,0,5,6,0
S01007851,50 to 64,113,63,56,7,50,15,0,1,24,10
S01007851,65 to 74,88,33,28,5,55,7,0,2,9,37
S01007851,75 to 84,112,38,36,2,74,4,2,0,10,58
S01007851,85 and over,44,5,4,1,39,1,0,0,2,36
S01007852,All HRPs,356,105,79,26,251,150,1,23,52,25
S01007852,24 and under,37,3,0,3,34,34,0,0,0,0
S01007852,25 to 34,61,21,9,12,40,40,0,0,0,0
S01007852,35 to 49,108,27,19,8,81,47,1,11,22,0
S01007852,50 to 64,89,31,28,3,58,15,0,12,25,6
S01007852,65 to 74,28,12,12,0,16,9,0,0,3,4
S01007852,75 to 84,27,9,9,0,18,4,0,0,2,12
S01007852,85 and over,6,2,2,0,4,1,0,0,0,3
S01007853,All HRPs,413,97,65,32,316,133,2,23,81,77
S01007853,24 and under,39,5,1,4,34,32,0,1,0,1
S01007853,25 to 34,57,12,3,9,45,43,0,0,2,0
S01007853,35 to 49,73,14,7,7,59,33,0,8,17,1
S01007853,50 to 64,95,27,18,9,68,13,0,13,37,5
S01007853,65 to 74,56,16,13,3,40,4,0,1,16,19
S01007853,75 to 84,71,20,20,0,51,8,2,0,9,32
S01007853,85 and over,22,3,3,0,19,0,0,0,0,19
S01007854,All HRPs,548,152,105,47,396,195,7,36,89,69
S01007854,24 and under,37,12,1,11,25,25,0,0,0,0
S01007854,25 to 34,92,25,6,19,67,66,0,1,0,0
S01007854,35 to 49,163,51,38,13,112,69,2,18,19,4
S01007854,50 to 64,132,37,34,3,95,24,3,10,45,13
S01007854,65 to 74,67,21,20,1,46,5,0,5,18,18
S01007854,75 to 84,42,4,4,0,38,6,2,1,7,22
S01007854,85 and over,15,2,2,0,13,0,0,1,0,12
S01007855,All HRPs,310,66,38,28,244,131,3,25,52,33
S01007855,24 and under,26,0,0,0,26,25,0,0,0,1
S01007855,25 to 34,47,10,1,9,37,32,1,2,2,0
S01007855,35 to 49,86,19,11,8,67,46,2,10,8,1
S01007855,50 to 64,86,25,16,9,61,17,0,9,28,7
S01007855,65 to 74,31,7,5,2,24,1,0,2,11,10
S01007855,75 to 84,24,5,5,0,19,5,0,2,3,9
S01007855,85 and over,10,0,0,0,10,5,0,0,0,5
S01007856,All HRPs,348,185,147,38,163,67,1,18,35,42
S01007856,24 and under,6,1,0,1,5,4,0,0,1,0
S01007856,25 to 34,50,21,8,13,29,24,0,4,0,1
S01007856,35 to 49,103,50,37,13,53,26,0,9,16,2
S01007856,50 to 64,108,74,64,10,34,8,0,5,15,6
S01007856,65 to 74,50,28,27,1,22,4,1,0,3,14
S01007856,75 to 84,29,10,10,0,19,1,0,0,0,18
S01007856,85 and over,2,1,1,0,1,0,0,0,0,1
S01007857,All HRPs,233,75,51,24,158,79,1,11,39,28
S01007857,24 and under,7,2,0,2,5,5,0,0,0,0
S01007857,25 to 34,34,10,4,6,24,22,0,0,2,0
S01007857,35 to 49,82,29,21,8,53,39,0,4,10,0
S01007857,50 to 64,51,17,12,5,34,9,0,4,17,4
S01007857,65 to 74,32,8,6,2,24,1,0,2,10,11
S01007857,75 to 84,21,9,8,1,12,1,1,1,0,9
S01007857,85 and over,6,0,0,0,6,2,0,0,0,4
S01007858,All HRPs,533,199,132,67,334,113,4,27,91,99
S01007858,24 and under,10,5,0,5,5,5,0,0,0,0
S01007858,25 to 34,56,30,14,16,26,23,0,3,0,0
S01007858,35 to 49,155,61,33,28,94,61,1,13,15,4
S01007858,50 to 64,140,62,47,15,78,15,1,3,45,14
S01007858,65 to 74,76,25,23,2,51,6,0,4,22,19
S01007858,75 to 84,63,15,14,1,48,2,1,4,7,34
S01007858,85 and over,33,1,1,0,32,1,1,0,2,28
S01007859,All HRPs,246,71,48,23,175,84,1,20,45,25
S01007859,24 and under,2,1,0,1,1,1,0,0,0,0
S01007859,25 to 34,32,12,6,6,20,18,1,0,1,0
S01007859,35 to 49,92,27,19,8,65,50,0,9,6,0
S01007859,50 to 64,57,23,15,8,34,9,0,6,16,3
S01007859,65 to 74,37,7,7,0,30,2,0,4,16,8
S01007859,75 to 84,18,1,1,0,17,2,0,1,6,8
S01007859,85 and over,8,0,0,0,8,2,0,0,0,6
S01007860,All HRPs,237,127,93,34,110,56,2,10,32,10
S01007860,24 and under,1,0,0,0,1,1,0,0,0,0
S01007860,25 to 34,39,18,12,6,21,19,0,0,2,0
S01007860,35 to 49,132,76,54,22,56,27,2,8,15,4
S01007860,50 to 64,48,23,19,4,25,8,0,2,13,2
S01007860,65 to 74,14,9,7,2,5,1,0,0,2,2
S01007860,75 to 84,1,0,0,0,1,0,0,0,0,1
S01007860,85 and over,2,1,1,0,1,0,0,0,0,1
S01007861,All HRPs,254,146,118,28,108,29,2,16,31,30
S01007861,24 and under,1,0,0,0,1,1,0,0,0,0
S01007861,25 to 34,23,12,5,7,11,6,2,1,2,0
S01007861,35 to 49,64,37,22,15,27,14,0,7,5,1
S01007861,50 to 64,94,69,63,6,25,3,0,5,13,4
S01007861,65 to 74,41,18,18,0,23,4,0,1,6,12
S01007861,75 to 84,26,9,9,0,17,1,0,2,4,10
S01007861,85 and over,5,1,1,0,4,0,0,0,1,3
S01007862,All HRPs,308,148,119,29,160,56,0,19,35,50
S01007862,24 and under,6,2,1,1,4,3,0,0,0,1
S01007862,25 to 34,41,19,7,12,22,18,0,4,0,0
S01007862,35 to 49,85,37,25,12,48,29,0,5,13,1
S01007862,50 to 64,101,60,58,2,41,5,0,7,14,15
S01007862,65 to 74,46,23,21,2,23,1,0,3,7,12
S01007862,75 to 84,23,7,7,0,16,0,0,0,0,16
S01007862,85 and over,6,0,0,0,6,0,0,0,1,5
S01007863,All HRPs,441,144,88,56,297,155,4,39,52,47
S01007863,24 and under,47,9,0,9,38,38,0,0,0,0
S01007863,25 to 34,102,35,7,28,67,64,2,1,0,0
S01007863,35 to 49,106,38,24,14,68,38,1,14,15,0
S01007863,50 to 64,109,38,35,3,71,14,0,20,25,12
S01007863,65 to 74,46,14,13,1,32,1,0,4,11,16
S01007863,75 to 84,22,7,6,1,15,0,1,0,1,13
S01007863,85 and over,9,3,3,0,6,0,0,0,0,6
S01007864,All HRPs,486,200,148,52,286,133,2,23,52,76
S01007864,24 and under,34,10,1,9,24,24,0,0,0,0
S01007864,25 to 34,85,40,16,24,45,41,0,3,1,0
S01007864,35 to 49,110,38,24,14,72,36,1,12,20,3
S01007864,50 to 64,109,54,49,5,55,17,0,4,21,13
S01007864,65 to 74,74,37,37,0,37,9,1,2,6,19
S01007864,75 to 84,56,17,17,0,39,6,0,2,4,27
S01007864,85 and over,18,4,4,0,14,0,0,0,0,14
S01007865,All HRPs,229,190,154,36,39,13,0,12,11,3
S01007865,24 and under,2,0,0,0,2,2,0,0,0,0
S01007865,25 to 34,41,34,29,5,7,5,0,2,0,0
S01007865,35 to 49,135,115,90,25,20,5,0,8,7,0
S01007865,50 to 64,43,34,28,6,9,1,0,2,4,2
S01007865,65 to 74,6,5,5,0,1,0,0,0,0,1
S01007865,75 to 84,1,1,1,0,0,0,0,0,0,0
S01007865,85 and over,1,1,1,0,0,0,0,0,0,0
S01007866,All HRPs,209,165,127,38,44,20,1,11,5,7
S01007866,24 and under,1,1,1,0,0,0,0,0,0,0
S01007866,25 to 34,38,30,15,15,8,8,0,0,0,0
S01007866,35 to 49,93,72,59,13,21,7,0,8,5,1
S01007866,50 to 64,65,55,45,10,10,3,1,3,0,3
S01007866,65 to 74,6,4,4,0,2,1,0,0,0,1
S01007866,75 to 84,4,2,2,0,2,1,0,0,0,1
S01007866,85 and over,2,1,1,0,1,0,0,0,0,1
S01007867,All HRPs,195,122,98,24,73,36,0,7,18,12
S01007867,24 and under,2,1,1,0,1,1,0,0,0,0
S01007867,25 to 34,44,25,12,13,19,17,0,0,2,0
S01007867,35 to 49,64,41,32,9,23,12,0,3,6,2
S01007867,50 to 64,55,39,37,2,16,5,0,2,6,3
S01007867,65 to 74,14,10,10,0,4,1,0,1,2,0
S01007867,75 to 84,14,6,6,0,8,0,0,1,2,5
S01007867,85 and over,2,0,0,0,2,0,0,0,0,2
S01007868,All HRPs,351,258,235,23,93,29,0,14,18,32
S01007868,24 and under,0,0,0,0,0,0,0,0,0,0
S01007868,25 to 34,19,12,10,2,7,6,0,0,1,0
S01007868,35 to 49,85,64,52,12,21,8,0,5,7,1
S01007868,50 to 64,162,130,121,9,32,7,0,9,7,9
S01007868,65 to 74,48,33,33,0,15,3,0,0,3,9
S01007868,75 to 84,35,18,18,0,17,4,0,0,0,13
S01007868,85 and over,2,1,1,0,1,1,0,0,0,0
S01007869,All HRPs,362,238,203,35,124,52,3,15,22,32
S01007869,24 and under,8,0,0,0,8,8,0,0,0,0
S01007869,25 to 34,55,32,22,10,23,19,1,2,1,0
S01007869,35 to 49,118,81,67,14,37,19,1,8,8,1
S01007869,50 to 64,109,84,75,9,25,5,1,3,10,6
S01007869,65 to 74,41,28,26,2,13,1,0,2,3,7
S01007869,75 to 84,23,11,11,0,12,0,0,0,0,12
S01007869,85 and over,8,2,2,0,6,0,0,0,0,6
S01007870,All HRPs,199,144,115,29,55,19,1,7,14,14
S01007870,24 and under,4,3,0,3,1,1,0,0,0,0
S01007870,25 to 34,15,12,5,7,3,2,0,0,1,0
S01007870,35 to 49,62,47,35,12,15,8,1,5,1,0
S01007870,50 to 64,78,60,53,7,18,6,0,1,8,3
S01007870,65 to 74,27,14,14,0,13,1,0,1,4,7
S01007870,75 to 84,8,5,5,0,3,1,0,0,0,2
S01007870,85 and over,5,3,3,0,2,0,0,0,0,2
S01007871,All HRPs,285,140,107,33,145,54,2,24,31,34
S01007871,24 and under,11,3,0,3,8,8,0,0,0,0
S01007871,25 to 34,34,12,7,5,22,13,0,6,2,1
S01007871,35 to 49,79,43,30,13,36,21,0,5,10,0
S01007871,50 to 64,80,43,35,8,37,7,1,10,14,5
S01007871,65 to 74,51,29,26,3,22,4,0,3,4,11
S01007871,75 to 84,24,9,8,1,15,1,1,0,1,12
S01007871,85 and over,6,1,1,0,5,0,0,0,0,5
S01007872,All HRPs,322,126,88,38,196,98,0,25,39,34
S01007872,24 and under,27,4,0,4,23,21,0,2,0,0
S01007872,25 to 34,51,12,6,6,39,35,0,4,0,0
S01007872,35 to 49,87,39,19,20,48,23,0,8,16,1
S01007872,50 to 64,94,47,40,7,47,14,0,7,20,6
S01007872,65 to 74,38,17,16,1,21,3,0,4,3,11
S01007872,75 to 84,22,7,7,0,15,1,0,0,0,14
S01007872,85 and over,3,0,0,0,3,1,0,0,0,2
S01007873,All HRPs,295,157,120,37,138,43,2,15,26,52
S01007873,24 and under,15,9,1,8,6,5,0,0,1,0
S01007873,25 to 34,21,12,1,11,9,5,0,4,0,0
S01007873,35 to 49,84,52,41,11,32,17,0,9,6,0
S01007873,50 to 64,78,54,49,5,24,7,0,1,13,3
S01007873,65 to 74,44,21,21,0,23,4,0,1,3,15
S01007873,75 to 84,34,6,5,1,28,2,1,0,3,22
S01007873,85 and over,19,3,2,1,16,3,1,0,0,12
S01007874,All HRPs,367,168,134,34,199,62,3,13,47,74
S01007874,24 and under,11,2,0,2,9,9,0,0,0,0
S01007874,25 to 34,30,16,7,9,14,11,0,2,1,0
S01007874,35 to 49,89,50,35,15,39,17,0,10,11,1
S01007874,50 to 64,89,51,44,7,38,9,1,0,24,4
S01007874,65 to 74,74,36,36,0,38,11,0,0,8,19
S01007874,75 to 84,52,11,10,1,41,4,2,1,2,32
S01007874,85 and over,22,2,2,0,20,1,0,0,1,18
S01007875,All HRPs,242,119,92,27,123,43,1,14,30,35
S01007875,24 and under,4,3,0,3,1,1,0,0,0,0
S01007875,25 to 34,26,11,3,8,15,14,0,1,0,0
S01007875,35 to 49,75,39,30,9,36,17,0,7,11,1
S01007875,50 to 64,79,44,37,7,35,7,0,4,17,7
S01007875,65 to 74,23,11,11,0,12,1,0,1,1,9
S01007875,75 to 84,30,10,10,0,20,2,1,1,1,15
S01007875,85 and over,5,1,1,0,4,1,0,0,0,3
S01007876,All HRPs,420,248,192,56,172,72,0,17,37,46
S01007876,24 and under,15,4,1,3,11,11,0,0,0,0
S01007876,25 to 34,74,45,25,20,29,24,0,2,3,0
S01007876,35 to 49,127,84,64,20,43,19,0,11,11,2
S01007876,50 to 64,106,66,57,9,40,12,0,4,18,6
S01007876,65 to 74,59,36,32,4,23,3,0,0,2,18
S01007876,75 to 84,29,11,11,0,18,2,0,0,3,13
S01007876,85 and over,10,2,2,0,8,1,0,0,0,7
S01007877,All HRPs,336,189,152,37,147,47,3,13,40,44
S01007877,24 and under,6,2,0,2,4,4,0,0,0,0
S01007877,25 to 34,28,10,4,6,18,17,0,1,0,0
S01007877,35 to 49,105,76,53,23,29,11,2,3,12,1
S01007877,50 to 64,84,56,51,5,28,5,0,8,13,2
S01007877,65 to 74,65,32,31,1,33,5,0,1,9,18
S01007877,75 to 84,37,11,11,0,26,3,0,0,6,17
S01007877,85 and over,11,2,2,0,9,2,1,0,0,6
S01007878,All HRPs,281,121,100,21,160,55,4,16,40,45
S01007878,24 and under,16,2,1,1,14,14,0,0,0,0
S01007878,25 to 34,23,9,4,5,14,10,0,2,1,1
S01007878,35 to 49,93,44,34,10,49,23,0,7,16,3
S01007878,50 to 64,74,41,38,3,33,3,2,6,17,5
S01007878,65 to 74,38,18,16,2,20,1,1,0,4,14
S01007878,75 to 84,26,7,7,0,19,2,0,1,2,14
S01007878,85 and over,11,0,0,0,11,2,1,0,0,8
S01007879,All HRPs,320,167,134,33,153,64,2,19,34,34
S01007879,24 and under,11,3,1,2,8,8,0,0,0,0
S01007879,25 to 34,46,25,17,8,21,17,0,3,0,1
S01007879,35 to 49,106,50,40,10,56,30,1,9,16,0
S01007879,50 to 64,90,55,45,10,35,7,1,7,9,11
S01007879,65 to 74,41,26,24,2,15,1,0,0,4,10
S01007879,75 to 84,25,8,7,1,17,1,0,0,5,11
S01007879,85 and over,1,0,0,0,1,0,0,0,0,1
S01007880,All HRPs,178,107,96,11,71,26,3,5,13,24
S01007880,24 and under,4,0,0,0,4,4,0,0,0,0
S01007880,25 to 34,6,3,1,2,3,3,0,0,0,0
S01007880,35 to 49,54,34,29,5,20,13,2,1,4,0
S01007880,50 to 64,63,50,46,4,13,4,1,1,6,1
S01007880,65 to 74,31,15,15,0,16,0,0,3,3,10
S01007880,75 to 84,12,4,4,0,8,2,0,0,0,6
S01007880,85 and over,8,1,1,0,7,0,0,0,0,7
S01007881,All HRPs,244,131,104,27,113,46,0,9,28,30
S01007881,24 and under,12,4,0,4,8,8,0,0,0,0
S01007881,25 to 34,27,13,6,7,14,12,0,2,0,0
S01007881,35 to 49,74,48,39,9,26,11,0,5,10,0
S01007881,50 to 64,61,32,26,6,29,9,0,1,15,4
S01007881,65 to 74,36,19,18,1,17,1,0,1,3,12
S01007881,75 to 84,27,13,13,0,14,4,0,0,0,10
S01007881,85 and over,7,2,2,0,5,1,0,0,0,4
S01007882,All HRPs,268,220,189,31,48,13,1,4,14,16
S01007882,24 and under,5,2,1,1,3,3,0,0,0,0
S01007882,25 to 34,16,13,9,4,3,3,0,0,0,0
S01007882,35 to 49,104,91,69,22,13,4,1,3,5,0
S01007882,50 to 64,101,85,81,4,16,2,0,1,8,5
S01007882,65 to 74,27,20,20,0,7,1,0,0,1,5
S01007882,75 to 84,11,8,8,0,3,0,0,0,0,3
S01007882,85 and over,4,1,1,0,3,0,0,0,0,3
S01007883,All HRPs,468,277,213,64,191,59,3,13,47,69
S01007883,24 and under,13,6,1,5,7,7,0,0,0,0
S01007883,25 to 34,62,39,17,22,23,18,0,2,3,0
S01007883,35 to 49,135,88,59,29,47,20,1,7,16,3
S01007883,50 to 64,138,96,89,7,42,7,2,2,19,12
S01007883,65 to 74,55,29,28,1,26,6,0,2,8,10
S01007883,75 to 84,47,14,14,0,33,0,0,0,1,32
S01007883,85 and over,18,5,5,0,13,1,0,0,0,12
S01007884,All HRPs,269,164,122,42,105,34,2,10,26,33
S01007884,24 and under,18,7,0,7,11,11,0,0,0,0
S01007884,25 to 34,32,25,10,15,7,6,0,1,0,0
S01007884,35 to 49,80,48,36,12,32,12,0,8,10,2
S01007884,50 to 64,70,50,44,6,20,3,0,1,13,3
S01007884,65 to 74,43,26,24,2,17,2,2,0,3,10
S01007884,75 to 84,20,6,6,0,14,0,0,0,0,14
S01007884,85 and over,6,2,2,0,4,0,0,0,0,4
S01007885,All HRPs,345,151,113,38,194,79,1,24,44,46
S01007885,24 and under,25,9,0,9,16,15,0,1,0,0
S01007885,25 to 34,32,17,5,12,15,14,0,1,0,0
S01007885,35 to 49,109,45,34,11,64,30,1,13,18,2
S01007885,50 to 64,90,46,41,5,44,15,0,8,12,9
S01007885,65 to 74,53,21,20,1,32,2,0,1,11,18
S01007885,75 to 84,28,13,13,0,15,2,0,0,2,11
S01007885,85 and over,8,0,0,0,8,1,0,0,1,6
S01007886,All HRPs,433,211,161,50,222,79,0,20,59,64
S01007886,24 and under,21,7,0,7,14,14,0,0,0,0
S01007886,25 to 34,46,26,9,17,20,17,0,3,0,0
S01007886,35 to 49,124,71,55,16,53,25,0,7,21,0
S01007886,50 to 64,121,57,50,7,64,17,0,9,28,10
S01007886,65 to 74,68,35,32,3,33,3,0,1,8,21
S01007886,75 to 84,43,14,14,0,29,3,0,0,2,24
S01007886,85 and over,10,1,1,0,9,0,0,0,0,9
S01007887,All HRPs,230,153,137,16,77,15,6,7,19,30
S01007887,24 and under,0,0,0,0,0,0,0,0,0,0
S01007887,25 to 34,10,8,5,3,2,1,0,1,0,0
S01007887,35 to 49,74,56,51,5,18,6,1,3,7,1
S01007887,50 to 64,80,57,50,7,23,5,2,3,6,7
S01007887,65 to 74,27,20,19,1,7,0,0,0,4,3
S01007887,75 to 84,31,10,10,0,21,1,3,0,2,15
S01007887,85 and over,8,2,2,0,6,2,0,0,0,4
S01007888,All HRPs,451,236,160,76,215,73,5,24,59,54
S01007888,24 and under,24,12,2,10,12,12,0,0,0,0
S01007888,25 to 34,79,41,8,33,38,34,0,4,0,0
S01007888,35 to 49,149,74,50,24,75,23,1,13,35,3
S01007888,50 to 64,113,74,65,9,39,3,0,6,19,11
S01007888,65 to 74,56,27,27,0,29,0,4,1,5,19
S01007888,75 to 84,24,7,7,0,17,1,0,0,0,16
S01007888,85 and over,6,1,1,0,5,0,0,0,0,5
S01007889,All HRPs,242,126,103,23,116,34,0,7,25,50
S01007889,24 and under,12,6,0,6,6,5,0,0,1,0
S01007889,25 to 34,24,10,8,2,14,11,0,2,1,0
S01007889,35 to 49,54,32,22,10,22,12,0,2,7,1
S01007889,50 to 64,65,38,35,3,27,3,0,3,14,7
S01007889,65 to 74,46,25,24,1,21,2,0,0,2,17
S01007889,75 to 84,35,14,13,1,21,1,0,0,0,20
S01007889,85 and over,6,1,1,0,5,0,0,0,0,5
S01007890,All HRPs,300,199,166,33,101,40,1,8,21,31
S01007890,24 and under,5,2,0,2,3,3,0,0,0,0
S01007890,25 to 34,31,18,8,10,13,12,0,1,0,0
S01007890,35 to 49,102,71,59,12,31,16,0,4,10,1
S01007890,50 to 64,91,63,54,9,28,7,1,2,8,10
S01007890,65 to 74,40,28,28,0,12,1,0,0,3,8
S01007890,75 to 84,28,16,16,0,12,1,0,1,0,10
S01007890,85 and over,3,1,1,0,2,0,0,0,0,2
S01007891,All HRPs,370,229,190,39,141,43,2,14,23,59
S01007891,24 and under,10,6,0,6,4,4,0,0,0,0
S01007891,25 to 34,50,28,14,14,22,17,0,4,1,0
S01007891,35 to 49,94,72,60,12,22,11,0,4,5,2
S01007891,50 to 64,104,75,69,6,29,8,0,3,14,4
S01007891,65 to 74,52,31,30,1,21,3,0,3,3,12
S01007891,75 to 84,50,17,17,0,33,0,1,0,0,32
S01007891,85 and over,10,0,0,0,10,0,1,0,0,9
S01007892,All HRPs,341,209,186,23,132,56,2,8,31,35
S01007892,24 and under,6,2,0,2,4,4,0,0,0,0
S01007892,25 to 34,32,17,9,8,15,12,0,1,2,0
S01007892,35 to 49,96,62,55,7,34,22,0,3,9,0
S01007892,50 to 64,105,72,67,5,33,8,2,4,13,6
S01007892,65 to 74,51,29,28,1,22,3,0,0,7,12
S01007892,75 to 84,45,23,23,0,22,6,0,0,0,16
S01007892,85 and over,6,4,4,0,2,1,0,0,0,1
S01007893,All HRPs,423,277,245,32,146,42,4,12,31,57
S01007893,24 and under,10,2,0,2,8,8,0,0,0,0
S01007893,25 to 34,27,21,12,9,6,6,0,0,0,0
S01007893,35 to 49,122,88,76,12,34,10,3,8,9,4
S01007893,50 to 64,129,87,82,5,42,10,0,3,17,12
S01007893,65 to 74,70,49,47,2,21,3,0,0,4,14
S01007893,75 to 84,47,25,23,2,22,4,0,1,1,16
S01007893,85 and over,18,5,5,0,13,1,1,0,0,11
S01007894,All HRPs,386,229,183,46,157,39,2,11,36,69
S01007894,24 and under,11,6,1,5,5,5,0,0,0,0
S01007894,25 to 34,34,22,7,15,12,10,0,1,1,0
S01007894,35 to 49,110,75,56,19,35,13,0,6,15,1
S01007894,50 to 64,123,84,77,7,39,9,0,3,16,11
S01007894,65 to 74,48,26,26,0,22,1,1,1,4,15
S01007894,75 to 84,49,14,14,0,35,1,0,0,0,34
S01007894,85 and over,11,2,2,0,9,0,1,0,0,8
S01007895,All HRPs,249,141,124,17,108,28,0,11,22,47
S01007895,24 and under,8,5,0,5,3,3,0,0,0,0
S01007895,25 to 34,21,12,5,7,9,8,0,0,1,0
S01007895,35 to 49,62,37,32,5,25,10,0,8,5,2
S01007895,50 to 64,61,46,46,0,15,1,0,2,10,2
S01007895,65 to 74,49,25,25,0,24,4,0,0,3,17
S01007895,75 to 84,41,14,14,0,27,2,0,1,1,23
S01007895,85 and over,7,2,2,0,5,0,0,0,2,3
S01007896,All HRPs,387,178,132,46,209,71,5,22,46,65
S01007896,24 and under,8,1,0,1,7,7,0,0,0,0
S01007896,25 to 34,45,26,10,16,19,17,0,1,1,0
S01007896,35 to 49,119,59,42,17,60,27,0,11,21,1
S01007896,50 to 64,106,54,46,8,52,10,1,10,18,13
S01007896,65 to 74,54,29,25,4,25,3,1,0,5,16
S01007896,75 to 84,42,9,9,0,33,5,2,0,1,25
S01007896,85 and over,13,0,0,0,13,2,1,0,0,10
S01007897,All HRPs,165,116,104,12,49,14,3,7,8,17
S01007897,24 and under,2,0,0,0,2,2,0,0,0,0
S01007897,25 to 34,7,5,5,0,2,2,0,0,0,0
S01007897,35 to 49,54,43,35,8,11,4,0,4,3,0
S01007897,50 to 64,58,44,41,3,14,4,2,3,2,3
S01007897,65 to 74,27,16,15,1,11,1,1,0,2,7
S01007897,75 to 84,13,8,8,0,5,0,0,0,0,5
S01007897,85 and over,4,0,0,0,4,1,0,0,1,2
S01007898,All HRPs,166,128,110,18,38,12,0,3,7,16
S01007898,24 and under,1,0,0,0,1,1,0,0,0,0
S01007898,25 to 34,4,2,1,1,2,1,0,1,0,0
S01007898,35 to 49,61,52,42,10,9,5,0,0,3,1
S01007898,50 to 64,65,53,46,7,12,4,0,1,3,4
S01007898,65 to 74,22,14,14,0,8,1,0,1,1,5
S01007898,75 to 84,11,7,7,0,4,0,0,0,0,4
S01007898,85 and over,2,0,0,0,2,0,0,0,0,2
S01007899,All HRPs,145,96,90,6,49,15,2,6,17,9
S01007899,24 and under,3,0,0,0,3,3,0,0,0,0
S01007899,25 to 34,10,8,7,1,2,2,0,0,0,0
S01007899,35 to 49,39,26,23,3,13,4,1,3,5,0
S01007899,50 to 64,57,37,36,1,20,6,0,3,8,3
S01007899,65 to 74,24,17,17,0,7,0,1,0,4,2
S01007899,75 to 84,9,7,6,1,2,0,0,0,0,2
S01007899,85 and over,3,1,1,0,2,0,0,0,0,2
S01007900,All HRPs,232,122,97,25,110,44,0,6,23,37
S01007900,24 and under,5,0,0,0,5,5,0,0,0,0
S01007900,25 to 34,18,7,1,6,11,11,0,0,0,0
S01007900,35 to 49,69,38,27,11,31,19,0,3,8,1
S01007900,50 to 64,67,41,37,4,26,3,0,3,14,6
S01007900,65 to 74,38,20,18,2,18,4,0,0,1,13
S01007900,75 to 84,31,14,13,1,17,2,0,0,0,15
S01007900,85 and over,4,2,1,1,2,0,0,0,0,2
S01007901,All HRPs,317,166,126,40,151,45,5,15,32,54
S01007901,24 and under,20,6,3,3,14,14,0,0,0,0
S01007901,25 to 34,42,32,13,19,10,7,1,1,0,1
S01007901,35 to 49,72,48,34,14,24,8,0,6,8,2
S01007901,50 to 64,89,50,46,4,39,12,2,6,11,8
S01007901,65 to 74,46,20,20,0,26,3,1,2,7,13
S01007901,75 to 84,43,9,9,0,34,1,1,0,6,26
S01007901,85 and over,5,1,1,0,4,0,0,0,0,4
S01007902,All HRPs,394,204,142,62,190,86,2,16,32,54
S01007902,24 and under,18,4,0,4,14,14,0,0,0,0
S01007902,25 to 34,56,27,6,21,29,28,0,1,0,0
S01007902,35 to 49,95,55,33,22,40,21,0,9,10,0
S01007902,50 to 64,114,71,57,14,43,14,0,4,14,11
S01007902,65 to 74,74,39,38,1,35,6,2,2,5,20
S01007902,75 to 84,30,7,7,0,23,3,0,0,3,17
S01007902,85 and over,7,1,1,0,6,0,0,0,0,6
S01007903,All HRPs,322,167,133,34,155,53,1,14,29,58
S01007903,24 and under,5,2,0,2,3,3,0,0,0,0
S01007903,25 to 34,23,14,6,8,9,8,0,1,0,0
S01007903,35 to 49,75,45,29,16,30,14,0,6,7,3
S01007903,50 to 64,100,58,54,4,42,15,0,5,17,5
S01007903,65 to 74,50,32,30,2,18,5,1,0,2,10
S01007903,75 to 84,45,12,12,0,33,6,0,2,2,23
S01007903,85 and over,24,4,2,2,20,2,0,0,1,17
S01007904,All HRPs,312,228,199,29,84,21,2,10,19,32
S01007904,24 and under,3,1,0,1,2,1,1,0,0,0
S01007904,25 to 34,18,12,9,3,6,4,0,1,1,0
S01007904,35 to 49,89,70,58,12,19,9,1,1,8,0
S01007904,50 to 64,118,92,83,9,26,5,0,8,4,9
S01007904,65 to 74,59,40,37,3,19,2,0,0,6,11
S01007904,75 to 84,20,12,11,1,8,0,0,0,0,8
S01007904,85 and over,5,1,1,0,4,0,0,0,0,4
S01007905,All HRPs,292,150,113,37,142,56,2,22,35,27
S01007905,24 and under,10,6,0,6,4,4,0,0,0,0
S01007905,25 to 34,34,14,7,7,20,15,0,5,0,0
S01007905,35 to 49,108,54,39,15,54,26,0,12,16,0
S01007905,50 to 64,75,42,36,6,33,8,1,3,17,4
S01007905,65 to 74,38,22,20,2,16,1,0,2,2,11
S01007905,75 to 84,24,10,9,1,14,2,1,0,0,11
S01007905,85 and over,3,2,2,0,1,0,0,0,0,1
S01007906,All HRPs,382,155,123,32,227,78,2,22,39,86
S01007906,24 and under,12,3,0,3,9,8,0,1,0,0
S01007906,25 to 34,25,14,5,9,11,11,0,0,0,0
S01007906,35 to 49,88,39,29,10,49,28,0,10,11,0
S01007906,50 to 64,95,46,39,7,49,13,1,11,18,6
S01007906,65 to 74,76,33,31,2,43,11,0,0,4,28
S01007906,75 to 84,66,18,17,1,48,6,1,0,4,37
S01007906,85 and over,20,2,2,0,18,1,0,0,2,15
S01007907,All HRPs,254,131,119,12,123,32,2,9,28,52
S01007907,24 and under,4,1,0,1,3,3,0,0,0,0
S01007907,25 to 34,18,6,5,1,12,10,0,1,1,0
S01007907,35 to 49,52,32,27,5,20,6,0,2,11,1
S01007907,50 to 64,85,55,51,4,30,7,0,5,11,7
S01007907,65 to 74,54,27,27,0,27,5,2,0,4,16
S01007907,75 to 84,28,9,9,0,19,1,0,1,1,16
S01007907,85 and over,13,1,0,1,12,0,0,0,0,12
S01007908,All HRPs,419,239,209,30,180,56,5,16,23,80
S01007908,24 and under,9,3,0,3,6,6,0,0,0,0
S01007908,25 to 34,31,17,10,7,14,13,0,0,1,0
S01007908,35 to 49,91,66,56,10,25,10,0,6,7,2
S01007908,50 to 64,121,86,76,10,35,14,0,4,8,9
S01007908,65 to 74,86,42,42,0,44,8,1,5,4,26
S01007908,75 to 84,65,21,21,0,44,2,4,0,1,37
S01007908,85 and over,16,4,4,0,12,3,0,1,2,6
S01007909,All HRPs,226,124,93,31,102,36,0,9,25,32
S01007909,24 and under,15,5,0,5,10,10,0,0,0,0
S01007909,25 to 34,43,24,14,10,19,17,0,1,1,0
S01007909,35 to 49,60,38,26,12,22,4,0,7,10,1
S01007909,50 to 64,61,36,34,2,25,4,0,0,13,8
S01007909,65 to 74,25,17,16,1,8,1,0,1,0,6
S01007909,75 to 84,17,2,2,0,15,0,0,0,1,14
S01007909,85 and over,5,2,1,1,3,0,0,0,0,3
S01007910,All HRPs,369,169,132,37,200,84,1,16,53,46
S01007910,24 and under,18,1,0,1,17,17,0,0,0,0
S01007910,25 to 34,57,27,11,16,30,27,1,1,1,0
S01007910,35 to 49,126,56,39,17,70,32,0,10,25,3
S01007910,50 to 64,100,59,56,3,41,7,0,4,23,7
S01007910,65 to 74,29,19,19,0,10,0,0,0,2,8
S01007910,75 to 84,25,6,6,0,19,1,0,1,2,15
S01007910,85 and over,14,1,1,0,13,0,0,0,0,13
S01007911,All HRPs,348,182,152,30,166,43,3,14,45,61
S01007911,24 and under,10,5,0,5,5,5,0,0,0,0
S01007911,25 to 34,33,20,12,8,13,9,0,1,2,1
S01007911,35 to 49,103,57,47,10,46,22,2,7,15,0
S01007911,50 to 64,96,59,54,5,37,4,0,6,21,6
S01007911,65 to 74,57,32,30,2,25,1,0,0,7,17
S01007911,75 to 84,36,8,8,0,28,1,0,0,0,27
S01007911,85 and over,13,1,1,0,12,1,1,0,0,10
S01007912,All HRPs,346,204,159,45,142,56,4,12,29,41
S01007912,24 and under,15,8,0,8,7,7,0,0,0,0
S01007912,25 to 34,38,21,5,16,17,16,0,1,0,0
S01007912,35 to 49,94,54,44,10,40,22,1,7,10,0
S01007912,50 to 64,94,64,54,10,30,4,1,3,15,7
S01007912,65 to 74,64,38,37,1,26,5,2,1,4,14
S01007912,75 to 84,35,16,16,0,19,2,0,0,0,17
S01007912,85 and over,6,3,3,0,3,0,0,0,0,3
S01007913,All HRPs,304,133,93,40,171,52,1,18,41,59
S01007913,24 and under,17,10,0,10,7,7,0,0,0,0
S01007913,25 to 34,34,14,4,10,20,18,0,2,0,0
S01007913,35 to 49,87,41,25,16,46,19,0,11,16,0
S01007913,50 to 64,69,36,33,3,33,5,0,4,19,5
S01007913,65 to 74,47,20,19,1,27,2,0,1,4,20
S01007913,75 to 84,36,10,10,0,26,0,1,0,1,24
S01007913,85 and over,14,2,2,0,12,1,0,0,1,10
S01007914,All HRPs,279,133,108,25,146,46,2,14,40,44
S01007914,24 and under,14,3,1,2,11,10,0,0,0,1
S01007914,25 to 34,35,17,8,9,18,14,0,1,3,0
S01007914,35 to 49,76,37,28,9,39,14,1,10,14,0
S01007914,50 to 64,78,47,43,4,31,6,1,3,16,5
S01007914,65 to 74,45,17,16,1,28,1,0,0,6,21
S01007914,75 to 84,26,9,9,0,17,1,0,0,1,15
S01007914,85 and over,5,3,3,0,2,0,0,0,0,2
S01007915,All HRPs,361,207,144,63,154,42,1,28,41,42
S01007915,24 and under,21,7,2,5,14,13,0,0,1,0
S01007915,25 to 34,48,36,8,28,12,8,1,2,1,0
S01007915,35 to 49,99,50,30,20,49,17,0,17,14,1
S01007915,50 to 64,105,69,59,10,36,3,0,9,16,8
S01007915,65 to 74,49,29,29,0,20,0,0,0,9,11
S01007915,75 to 84,29,16,16,0,13,1,0,0,0,12
S01007915,85 and over,10,0,0,0,10,0,0,0,0,10
S01007916,All HRPs,399,193,162,31,206,53,3,17,42,91
S01007916,24 and under,5,3,0,3,2,2,0,0,0,0
S01007916,25 to 34,26,10,2,8,16,15,0,1,0,0
S01007916,35 to 49,96,58,44,14,38,14,1,10,12,1
S01007916,50 to 64,106,61,57,4,45,10,1,6,20,8
S01007916,65 to 74,69,31,29,2,38,6,1,0,8,23
S01007916,75 to 84,80,28,28,0,52,4,0,0,2,46
S01007916,85 and over,17,2,2,0,15,2,0,0,0,13
S01007917,All HRPs,369,212,170,42,157,63,2,14,30,48
S01007917,24 and under,16,5,1,4,11,11,0,0,0,0
S01007917,25 to 34,50,25,7,18,25,22,1,2,0,0
S01007917,35 to 49,98,56,40,16,42,22,1,7,11,1
S01007917,50 to 64,118,80,76,4,38,7,0,5,17,9
S01007917,65 to 74,44,27,27,0,17,1,0,0,0,16
S01007917,75 to 84,34,18,18,0,16,0,0,0,1,15
S01007917,85 and over,9,1,1,0,8,0,0,0,1,7
S01007918,All HRPs,446,200,155,45,246,90,3,21,47,85
S01007918,24 and under,17,3,0,3,14,12,1,0,0,1
S01007918,25 to 34,47,20,6,14,27,26,1,0,0,0
S01007918,35 to 49,118,59,43,16,59,34,1,11,11,2
S01007918,50 to 64,136,81,71,10,55,13,0,9,26,7
S01007918,65 to 74,48,22,21,1,26,1,0,1,9,15
S01007918,75 to 84,46,14,13,1,32,3,0,0,1,28
S01007918,85 and over,34,1,1,0,33,1,0,0,0,32
S01007919,All HRPs,303,225,206,19,78,21,6,2,12,37
S01007919,24 and under,0,0,0,0,0,0,0,0,0,0
S01007919,25 to 34,18,15,10,5,3,3,0,0,0,0
S01007919,35 to 49,91,79,71,8,12,5,1,2,4,0
S01007919,50 to 64,106,88,82,6,18,5,3,0,6,4
S01007919,65 to 74,42,28,28,0,14,3,2,0,2,7
S01007919,75 to 84,38,15,15,0,23,4,0,0,0,19
S01007919,85 and over,8,0,0,0,8,1,0,0,0,7
S01007920,All HRPs,245,174,149,25,71,17,1,13,16,24
S01007920,24 and under,2,0,0,0,2,2,0,0,0,0
S01007920,25 to 34,35,25,12,13,10,8,0,2,0,0
S01007920,35 to 49,73,55,45,10,18,5,0,6,6,1
S01007920,50 to 64,79,57,55,2,22,1,0,5,8,8
S01007920,65 to 74,38,27,27,0,11,1,0,0,2,8
S01007920,75 to 84,15,8,8,0,7,0,1,0,0,6
S01007920,85 and over,3,2,2,0,1,0,0,0,0,1
S01007921,All HRPs,422,199,139,60,223,71,2,17,55,78
S01007921,24 and under,16,7,1,6,9,9,0,0,0,0
S01007921,25 to 34,53,27,10,17,26,24,0,0,2,0
S01007921,35 to 49,109,64,41,23,45,21,2,10,10,2
S01007921,50 to 64,113,62,51,11,51,11,0,6,27,7
S01007921,65 to 74,60,19,17,2,41,2,0,1,11,27
S01007921,75 to 84,60,17,16,1,43,4,0,0,5,34
S01007921,85 and over,11,3,3,0,8,0,0,0,0,8
S01007922,All HRPs,386,171,126,45,215,78,1,17,60,59
S01007922,24 and under,8,4,0,4,4,4,0,0,0,0
S01007922,25 to 34,50,23,8,15,27,24,0,2,1,0
S01007922,35 to 49,129,57,34,23,72,36,0,11,24,1
S01007922,50 to 64,102,56,54,2,46,9,0,4,26,7
S01007922,65 to 74,44,20,19,1,24,2,1,0,5,16
S01007922,75 to 84,44,11,11,0,33,3,0,0,3,27
S01007922,85 and over,9,0,0,0,9,0,0,0,1,8
S01007923,All HRPs,412,261,220,41,151,46,1,18,34,52
S01007923,24 and under,8,5,1,4,3,3,0,0,0,0
S01007923,25 to 34,64,41,22,19,23,16,0,7,0,0
S01007923,35 to 49,111,80,68,12,31,14,0,7,8,2
S01007923,50 to 64,127,86,80,6,41,9,0,3,21,8
S01007923,65 to 74,54,28,28,0,26,2,0,1,4,19
S01007923,75 to 84,41,19,19,0,22,2,0,0,1,19
S01007923,85 and over,7,2,2,0,5,0,1,0,0,4
S01007924,All HRPs,430,205,164,41,225,78,2,27,57,61
S01007924,24 and under,15,3,0,3,12,12,0,0,0,0
S01007924,25 to 34,57,29,13,16,28,24,0,4,0,0
S01007924,35 to 49,135,62,46,16,73,36,2,17,16,2
S01007924,50 to 64,127,73,67,6,54,4,0,6,29,15
S01007924,65 to 74,55,28,28,0,27,1,0,0,9,17
S01007924,75 to 84,28,9,9,0,19,1,0,0,3,15
S01007924,85 and over,13,1,1,0,12,0,0,0,0,12
S01007925,All HRPs,176,138,121,17,38,9,1,9,6,13
S01007925,24 and under,8,4,0,4,4,4,0,0,0,0
S01007925,25 to 34,8,5,2,3,3,2,1,0,0,0
S01007925,35 to 49,55,49,41,8,6,0,0,4,2,0
S01007925,50 to 64,65,53,51,2,12,3,0,3,4,2
S01007925,65 to 74,27,19,19,0,8,0,0,2,0,6
S01007925,75 to 84,11,8,8,0,3,0,0,0,0,3
S01007925,85 and over,2,0,0,0,2,0,0,0,0,2
S01007926,All HRPs,175,146,120,26,29,7,0,8,4,10
S01007926,24 and under,1,1,0,1,0,0,0,0,0,0
S01007926,25 to 34,8,5,2,3,3,2,0,1,0,0
S01007926,35 to 49,61,54,39,15,7,2,0,4,1,0
S01007926,50 to 64,71,61,58,3,10,2,0,3,1,4
S01007926,65 to 74,20,17,13,4,3,1,0,0,1,1
S01007926,75 to 84,12,8,8,0,4,0,0,0,1,3
S01007926,85 and over,2,0,0,0,2,0,0,0,0,2
S01007927,All HRPs,237,172,154,18,65,17,1,7,22,18
S01007927,24 and under,0,0,0,0,0,0,0,0,0,0
S01007927,25 to 34,12,8,3,5,4,2,0,2,0,0
S01007927,35 to 49,77,60,52,8,17,5,0,3,9,0
S01007927,50 to 64,91,72,67,5,19,5,0,2,8,4
S01007927,65 to 74,35,22,22,0,13,2,1,0,4,6
S01007927,75 to 84,16,7,7,0,9,2,0,0,1,6
S01007927,85 and over,6,3,3,0,3,1,0,0,0,2
S01007928,All HRPs,418,266,225,41,152,48,4,16,30,54
S01007928,24 and under,9,3,1,2,6,5,0,0,0,1
S01007928,25 to 34,19,10,5,5,9,9,0,0,0,0
S01007928,35 to 49,136,91,69,22,45,19,0,11,13,2
S01007928,50 to 64,125,93,85,8,32,6,4,4,12,6
S01007928,65 to 74,70,47,44,3,23,7,0,1,4,11
S01007928,75 to 84,43,19,19,0,24,0,0,0,1,23
S01007928,85 and over,16,3,2,1,13,2,0,0,0,11
S01007929,All HRPs,268,204,179,25,64,16,7,7,14,20
S01007929,24 and under,4,0,0,0,4,3,0,0,1,0
S01007929,25 to 34,15,13,13,0,2,1,1,0,0,0
S01007929,35 to 49,92,73,62,11,19,6,1,4,7,1
S01007929,50 to 64,112,94,80,14,18,3,3,2,5,5
S01007929,65 to 74,25,18,18,0,7,0,1,1,1,4
S01007929,75 to 84,16,5,5,0,11,2,1,0,0,8
S01007929,85 and over,4,1,1,0,3,1,0,0,0,2
S01007930,All HRPs,216,177,155,22,39,20,1,4,5,9
S01007930,24 and under,2,0,0,0,2,2,0,0,0,0
S01007930,25 to 34,12,10,9,1,2,2,0,0,0,0
S01007930,35 to 49,80,66,53,13,14,9,1,3,1,0
S01007930,50 to 64,72,65,58,7,7,2,0,1,2,2
S01007930,65 to 74,37,26,25,1,11,5,0,0,2,4
S01007930,75 to 84,12,10,10,0,2,0,0,0,0,2
S01007930,85 and over,1,0,0,0,1,0,0,0,0,1
S01007931,All HRPs,481,314,264,50,167,49,2,17,37,62
S01007931,24 and under,8,2,0,2,6,6,0,0,0,0
S01007931,25 to 34,43,29,16,13,14,11,0,3,0,0
S01007931,35 to 49,127,92,72,20,35,18,1,6,10,0
S01007931,50 to 64,148,108,95,13,40,8,1,5,17,9
S01007931,65 to 74,85,52,51,1,33,2,0,2,8,21
S01007931,75 to 84,52,26,25,1,26,3,0,1,2,20
S01007931,85 and over,18,5,5,0,13,1,0,0,0,12
S01007932,All HRPs,364,252,230,22,112,28,3,10,19,52
S01007932,24 and under,6,0,0,0,6,6,0,0,0,0
S01007932,25 to 34,27,20,13,7,7,7,0,0,0,0
S01007932,35 to 49,73,54,42,12,19,9,1,4,5,0
S01007932,50 to 64,125,101,100,1,24,2,2,4,11,5
S01007932,65 to 74,73,55,53,2,18,1,0,2,2,13
S01007932,75 to 84,44,18,18,0,26,2,0,0,1,23
S01007932,85 and over,16,4,4,0,12,1,0,0,0,11
S01007933,All HRPs,316,212,175,37,104,34,2,12,27,29
S01007933,24 and under,3,1,0,1,2,2,0,0,0,0
S01007933,25 to 34,32,24,14,10,8,5,1,0,2,0
S01007933,35 to 49,120,83,64,19,37,20,0,8,8,1
S01007933,50 to 64,99,72,66,6,27,3,0,4,16,4
S01007933,65 to 74,36,21,21,0,15,1,0,0,1,13
S01007933,75 to 84,21,11,10,1,10,3,1,0,0,6
S01007933,85 and over,5,0,0,0,5,0,0,0,0,5
S01007934,All HRPs,300,169,142,27,131,46,2,12,21,50
S01007934,24 and under,15,7,0,7,8,7,0,0,0,1
S01007934,25 to 34,30,17,10,7,13,11,0,1,1,0
S01007934,35 to 49,102,69,59,10,33,13,0,9,9,2
S01007934,50 to 64,74,47,44,3,27,5,0,1,9,12
S01007934,65 to 74,30,14,14,0,16,8,0,0,2,6
S01007934,75 to 84,38,14,14,0,24,1,2,1,0,20
S01007934,85 and over,11,1,1,0,10,1,0,0,0,9
S01007935,All HRPs,444,150,110,40,294,113,4,38,67,72
S01007935,24 and under,23,7,1,6,16,14,0,2,0,0
S01007935,25 to 34,76,36,18,18,40,30,1,8,1,0
S01007935,35 to 49,113,38,30,8,75,34,0,15,24,2
S01007935,50 to 64,106,42,35,7,64,20,0,11,24,9
S01007935,65 to 74,48,15,14,1,33,5,0,2,9,17
S01007935,75 to 84,49,10,10,0,39,5,0,0,8,26
S01007935,85 and over,29,2,2,0,27,5,3,0,1,18
S01007936,All HRPs,389,290,252,38,99,27,2,8,34,28
S01007936,24 and under,4,2,0,2,2,2,0,0,0,0
S01007936,25 to 34,38,29,16,13,9,8,0,1,0,0
S01007936,35 to 49,151,120,103,17,31,10,1,1,18,1
S01007936,50 to 64,119,92,87,5,27,5,0,5,12,5
S01007936,65 to 74,39,27,26,1,12,0,1,1,3,7
S01007936,75 to 84,28,15,15,0,13,1,0,0,1,11
S01007936,85 and over,10,5,5,0,5,1,0,0,0,4
S01007937,All HRPs,435,290,250,40,145,47,1,23,32,42
S01007937,24 and under,11,6,0,6,5,5,0,0,0,0
S01007937,25 to 34,51,33,23,10,18,15,0,3,0,0
S01007937,35 to 49,143,93,74,19,50,19,1,14,13,3
S01007937,50 to 64,136,110,105,5,26,4,0,5,10,7
S01007937,65 to 74,53,30,30,0,23,4,0,1,7,11
S01007937,75 to 84,29,17,17,0,12,0,0,0,1,11
S01007937,85 and over,12,1,1,0,11,0,0,0,1,10
S01007938,All HRPs,372,169,122,47,203,80,1,14,47,61
S01007938,24 and under,15,3,0,3,12,12,0,0,0,0
S01007938,25 to 34,49,25,10,15,24,23,0,0,1,0
S01007938,35 to 49,93,38,23,15,55,27,0,8,19,1
S01007938,50 to 64,101,58,46,12,43,10,0,2,22,9
S01007938,65 to 74,71,33,32,1,38,4,1,4,4,25
S01007938,75 to 84,35,11,10,1,24,3,0,0,0,21
S01007938,85 and over,8,1,1,0,7,1,0,0,1,5
S01007939,All HRPs,412,195,141,54,217,95,1,14,56,51
S01007939,24 and under,23,3,0,3,20,20,0,0,0,0
S01007939,25 to 34,63,26,11,15,37,30,0,5,2,0
S01007939,35 to 49,111,52,27,25,59,32,1,6,19,1
S01007939,50 to 64,97,59,49,10,38,8,0,3,23,4
S01007939,65 to 74,49,25,24,1,24,2,0,0,7,15
S01007939,75 to 84,61,27,27,0,34,3,0,0,5,26
S01007939,85 and over,8,3,3,0,5,0,0,0,0,5
S01007940,All HRPs,497,265,218,47,232,98,3,24,36,71
S01007940,24 and under,15,5,0,5,10,10,0,0,0,0
S01007940,25 to 34,60,31,14,17,29,28,0,0,1,0
S01007940,35 to 49,142,83,66,17,59,39,1,9,9,1
S01007940,50 to 64,132,82,75,7,50,12,0,12,18,8
S01007940,65 to 74,63,38,37,1,25,3,1,2,6,13
S01007940,75 to 84,52,20,20,0,32,2,0,1,2,27
S01007940,85 and over,33,6,6,0,27,4,1,0,0,22
S01007941,All HRPs,257,194,177,17,63,14,1,8,8,32
S01007941,24 and under,1,0,0,0,1,1,0,0,0,0
S01007941,25 to 34,18,12,8,4,6,4,0,1,1,0
S01007941,35 to 49,60,47,40,7,13,5,1,6,1,0
S01007941,50 to 64,119,104,98,6,15,2,0,1,5,7
S01007941,65 to 74,36,25,25,0,11,1,0,0,1,9
S01007941,75 to 84,16,4,4,0,12,1,0,0,0,11
S01007941,85 and over,7,2,2,0,5,0,0,0,0,5
S01007942,All HRPs,207,116,89,27,91,45,1,8,30,7
S01007942,24 and under,16,4,0,4,12,11,1,0,0,0
S01007942,25 to 34,37,24,13,11,13,11,0,0,2,0
S01007942,35 to 49,77,47,37,10,30,15,0,7,7,1
S01007942,50 to 64,47,27,25,2,20,5,0,0,13,2
S01007942,65 to 74,19,9,9,0,10,2,0,1,6,1
S01007942,75 to 84,10,5,5,0,5,0,0,0,2,3
S01007942,85 and over,1,0,0,0,1,1,0,0,0,0
S01007943,All HRPs,319,181,151,30,138,45,1,19,27,46
S01007943,24 and under,9,1,0,1,8,7,0,1,0,0
S01007943,25 to 34,30,18,6,12,12,10,0,1,1,0
S01007943,35 to 49,65,38,29,9,27,16,0,8,3,0
S01007943,50 to 64,101,70,64,6,31,8,0,6,11,6
S01007943,65 to 74,52,29,27,2,23,2,0,2,9,10
S01007943,75 to 84,55,21,21,0,34,2,1,1,3,27
S01007943,85 and over,7,4,4,0,3,0,0,0,0,3
S01007944,All HRPs,442,229,186,43,213,82,4,32,36,59
S01007944,24 and under,19,4,0,4,15,15,0,0,0,0
S01007944,25 to 34,47,24,12,12,23,18,0,3,2,0
S01007944,35 to 49,125,68,50,18,57,29,0,15,11,2
S01007944,50 to 64,121,72,64,8,49,14,1,14,15,5
S01007944,65 to 74,71,46,46,0,25,3,2,0,7,13
S01007944,75 to 84,40,11,11,0,29,3,0,0,1,25
S01007944,85 and over,19,4,3,1,15,0,1,0,0,14
S01007945,All HRPs,443,198,157,41,245,87,2,33,54,69
S01007945,24 and under,23,8,0,8,15,15,0,0,0,0
S01007945,25 to 34,47,16,7,9,31,23,1,5,1,1
S01007945,35 to 49,108,53,42,11,55,26,0,12,17,0
S01007945,50 to 64,134,70,60,10,64,17,0,11,25,11
S01007945,65 to 74,58,29,27,2,29,4,0,5,6,14
S01007945,75 to 84,51,18,17,1,33,0,1,0,5,27
S01007945,85 and over,22,4,4,0,18,2,0,0,0,16
S01007946,All HRPs,396,166,121,45,230,105,3,36,43,43
S01007946,24 and under,19,4,0,4,15,14,0,1,0,0
S01007946,25 to 34,50,16,6,10,34,32,1,0,1,0
S01007946,35 to 49,119,52,34,18,67,37,0,16,11,3
S01007946,50 to 64,116,60,48,12,56,10,1,15,24,6
S01007946,65 to 74,49,19,18,1,30,5,0,4,5,16
S01007946,75 to 84,33,12,12,0,21,4,1,0,2,14
S01007946,85 and over,10,3,3,0,7,3,0,0,0,4
S01007947,All HRPs,327,189,169,20,138,47,3,13,36,39
S01007947,24 and under,4,0,0,0,4,4,0,0,0,0
S01007947,25 to 34,27,10,7,3,17,13,0,2,2,0
S01007947,35 to 49,106,69,54,15,37,19,2,6,9,1
S01007947,50 to 64,91,58,56,2,33,4,1,5,16,7
S01007947,65 to 74,62,39,39,0,23,3,0,0,9,11
S01007947,75 to 84,27,10,10,0,17,2,0,0,0,15
S01007947,85 and over,10,3,3,0,7,2,0,0,0,5
S01007948,All HRPs,304,138,106,32,166,72,1,11,36,46
S01007948,24 and under,27,5,0,5,22,22,0,0,0,0
S01007948,25 to 34,29,14,4,10,15,13,0,2,0,0
S01007948,35 to 49,86,50,37,13,36,19,0,2,14,1
S01007948,50 to 64,86,42,38,4,44,10,1,6,22,5
S01007948,65 to 74,40,18,18,0,22,4,0,1,0,17
S01007948,75 to 84,27,7,7,0,20,4,0,0,0,16
S01007948,85 and over,9,2,2,0,7,0,0,0,0,7
S01007949,All HRPs,347,220,185,35,127,38,0,12,31,46
S01007949,24 and under,8,2,0,2,6,6,0,0,0,0
S01007949,25 to 34,31,21,8,13,10,8,0,1,1,0
S01007949,35 to 49,85,61,49,12,24,12,0,7,4,1
S01007949,50 to 64,115,79,73,6,36,7,0,4,17,8
S01007949,65 to 74,68,40,39,1,28,4,0,0,7,17
S01007949,75 to 84,37,17,16,1,20,0,0,0,2,18
S01007949,85 and over,3,0,0,0,3,1,0,0,0,2
S01007950,All HRPs,376,246,211,35,130,32,7,16,35,40
S01007950,24 and under,5,3,0,3,2,2,0,0,0,0
S01007950,25 to 34,33,22,12,10,11,8,0,1,2,0
S01007950,35 to 49,124,81,66,15,43,15,4,8,16,0
S01007950,50 to 64,116,85,78,7,31,6,3,3,11,8
S01007950,65 to 74,66,42,42,0,24,1,0,4,5,14
S01007950,75 to 84,27,12,12,0,15,0,0,0,1,14
S01007950,85 and over,5,1,1,0,4,0,0,0,0,4
S01007951,All HRPs,321,191,144,47,130,40,1,16,29,44
S01007951,24 and under,4,1,0,1,3,3,0,0,0,0
S01007951,25 to 34,32,17,3,14,15,13,0,1,1,0
S01007951,35 to 49,120,81,62,19,39,16,0,8,13,2
S01007951,50 to 64,75,51,43,8,24,4,0,5,10,5
S01007951,65 to 74,45,28,23,5,17,1,1,2,4,9
S01007951,75 to 84,30,9,9,0,21,0,0,0,1,20
S01007951,85 and over,15,4,4,0,11,3,0,0,0,8
S01007952,All HRPs,357,119,84,35,238,92,3,24,39,80
S01007952,24 and under,23,6,1,5,17,17,0,0,0,0
S01007952,25 to 34,35,13,3,10,22,20,1,0,1,0
S01007952,35 to 49,69,28,19,9,41,22,0,12,4,3
S01007952,50 to 64,100,36,29,7,64,23,0,9,21,11
S01007952,65 to 74,60,21,20,1,39,4,0,1,11,23
S01007952,75 to 84,50,13,10,3,37,5,2,2,2,26
S01007952,85 and over,20,2,2,0,18,1,0,0,0,17
S01007953,All HRPs,414,219,174,45,195,48,1,26,54,66
S01007953,24 and under,10,4,0,4,6,6,0,0,0,0
S01007953,25 to 34,51,34,18,16,17,16,0,0,1,0
S01007953,35 to 49,124,74,58,16,50,15,0,12,20,3
S01007953,50 to 64,121,70,64,6,51,4,0,13,21,13
S01007953,65 to 74,61,26,24,2,35,4,0,1,7,23
S01007953,75 to 84,37,10,9,1,27,2,1,0,4,20
S01007953,85 and over,10,1,1,0,9,1,0,0,1,7
S01007954,All HRPs,324,138,110,28,186,80,2,29,40,35
S01007954,24 and under,10,2,0,2,8,8,0,0,0,0
S01007954,25 to 34,51,17,7,10,34,29,1,4,0,0
S01007954,35 to 49,103,43,33,10,60,25,1,14,19,1
S01007954,50 to 64,95,51,46,5,44,13,0,8,15,8
S01007954,65 to 74,39,18,17,1,21,4,0,2,4,11
S01007954,75 to 84,22,6,6,0,16,0,0,1,2,13
S01007954,85 and over,4,1,1,0,3,1,0,0,0,2
S01007955,All HRPs,322,173,117,56,149,68,4,13,39,25
S01007955,24 and under,24,11,2,9,13,13,0,0,0,0
S01007955,25 to 34,59,30,12,18,29,27,0,2,0,0
S01007955,35 to 49,100,59,34,25,41,18,1,8,13,1
S01007955,50 to 64,87,47,43,4,40,9,2,3,22,4
S01007955,65 to 74,30,17,17,0,13,1,0,0,3,9
S01007955,75 to 84,20,8,8,0,12,0,1,0,1,10
S01007955,85 and over,2,1,1,0,1,0,0,0,0,1
S01007956,All HRPs,297,153,110,43,144,50,2,14,33,45
S01007956,24 and under,15,8,0,8,7,7,0,0,0,0
S01007956,25 to 34,50,28,11,17,22,18,0,1,2,1
S01007956,35 to 49,85,53,39,14,32,15,0,5,10,2
S01007956,50 to 64,69,34,30,4,35,6,1,6,16,6
S01007956,65 to 74,44,18,18,0,26,3,1,2,3,17
S01007956,75 to 84,26,10,10,0,16,0,0,0,2,14
S01007956,85 and over,8,2,2,0,6,1,0,0,0,5
S01007957,All HRPs,455,222,175,47,233,78,1,19,50,85
S01007957,24 and under,16,4,0,4,12,12,0,0,0,0
S01007957,25 to 34,47,27,17,10,20,18,0,1,1,0
S01007957,35 to 49,108,62,43,19,46,24,0,10,11,1
S01007957,50 to 64,128,73,59,14,55,15,0,6,23,11
S01007957,65 to 74,81,38,38,0,43,3,0,2,12,26
S01007957,75 to 84,59,17,17,0,42,6,1,0,3,32
S01007957,85 and over,16,1,1,0,15,0,0,0,0,15
S01007958,All HRPs,388,172,118,54,216,105,4,15,52,40
S01007958,24 and under,29,6,0,6,23,23,0,0,0,0
S01007958,25 to 34,60,25,9,16,35,33,0,1,1,0
S01007958,35 to 49,109,54,40,14,55,28,0,5,19,3
S01007958,50 to 64,117,65,50,15,52,13,2,7,25,5
S01007958,65 to 74,38,10,9,1,28,4,2,2,4,16
S01007958,75 to 84,31,11,10,1,20,2,0,0,2,16
S01007958,85 and over,4,1,0,1,3,2,0,0,1,0
S01007959,All HRPs,380,221,188,33,159,42,4,10,39,64
S01007959,24 and under,6,3,1,2,3,3,0,0,0,0
S01007959,25 to 34,26,17,7,10,9,9,0,0,0,0
S01007959,35 to 49,79,49,39,10,30,15,0,7,8,0
S01007959,50 to 64,119,85,77,8,34,7,2,3,16,6
S01007959,65 to 74,73,46,44,2,27,3,1,0,10,13
S01007959,75 to 84,53,19,18,1,34,3,0,0,4,27
S01007959,85 and over,24,2,2,0,22,2,1,0,1,18
S01007960,All HRPs,291,152,119,33,139,45,2,13,41,38
S01007960,24 and under,5,1,0,1,4,4,0,0,0,0
S01007960,25 to 34,30,21,12,9,9,8,0,1,0,0
S01007960,35 to 49,103,54,40,14,49,24,0,8,16,1
S01007960,50 to 64,86,48,40,8,38,7,0,3,21,7
S01007960,65 to 74,41,19,18,1,22,1,1,0,4,16
S01007960,75 to 84,19,7,7,0,12,1,1,1,0,9
S01007960,85 and over,7,2,2,0,5,0,0,0,0,5
S01007961,All HRPs,278,210,181,29,68,30,7,9,6,16
S01007961,24 and under,4,3,1,2,1,1,0,0,0,0
S01007961,25 to 34,14,10,7,3,4,3,0,1,0,0
S01007961,35 to 49,85,66,52,14,19,9,4,3,2,1
S01007961,50 to 64,96,75,66,9,21,13,1,5,1,1
S01007961,65 to 74,58,46,46,0,12,3,1,0,1,7
S01007961,75 to 84,16,8,8,0,8,0,1,0,2,5
S01007961,85 and over,5,2,1,1,3,1,0,0,0,2
S01007962,All HRPs,246,122,99,23,124,57,2,16,38,11
S01007962,24 and under,11,3,0,3,8,8,0,0,0,0
S01007962,25 to 34,40,18,11,7,22,22,0,0,0,0
S01007962,35 to 49,102,51,41,10,51,20,1,8,22,0
S01007962,50 to 64,53,25,23,2,28,5,1,6,13,3
S01007962,65 to 74,22,14,14,0,8,2,0,2,2,2
S01007962,75 to 84,18,11,10,1,7,0,0,0,1,6
S01007962,85 and over,0,0,0,0,0,0,0,0,0,0
S01007963,All HRPs,408,145,88,57,263,123,7,37,50,46
S01007963,24 and under,37,4,0,4,33,32,0,1,0,0
S01007963,25 to 34,79,32,16,16,47,38,0,5,3,1
S01007963,35 to 49,132,52,27,25,80,32,3,20,23,2
S01007963,50 to 64,93,35,26,9,58,20,2,7,19,10
S01007963,65 to 74,39,13,10,3,26,0,2,3,3,18
S01007963,75 to 84,24,9,9,0,15,1,0,1,2,11
S01007963,85 and over,4,0,0,0,4,0,0,0,0,4
S01007964,All HRPs,353,165,122,43,188,77,4,21,37,49
S01007964,24 and under,14,8,0,8,6,5,0,1,0,0
S01007964,25 to 34,49,18,7,11,31,27,0,4,0,0
S01007964,35 to 49,93,46,30,16,47,28,0,9,9,1
S01007964,50 to 64,83,44,37,7,39,8,0,4,19,8
S01007964,65 to 74,55,28,28,0,27,4,1,2,7,13
S01007964,75 to 84,41,19,18,1,22,3,2,1,1,15
S01007964,85 and over,18,2,2,0,16,2,1,0,1,12
S01007965,All HRPs,256,116,91,25,140,45,0,15,35,45
S01007965,24 and under,8,2,1,1,6,6,0,0,0,0
S01007965,25 to 34,34,19,11,8,15,12,0,2,1,0
S01007965,35 to 49,68,34,23,11,34,13,0,7,14,0
S01007965,50 to 64,71,39,35,4,32,7,0,4,15,6
S01007965,65 to 74,40,13,12,1,27,3,0,2,5,17
S01007965,75 to 84,25,7,7,0,18,3,0,0,0,15
S01007965,85 and over,10,2,2,0,8,1,0,0,0,7
S01007966,All HRPs,418,165,126,39,253,110,3,24,48,68
S01007966,24 and under,18,2,0,2,16,15,1,0,0,0
S01007966,25 to 34,62,17,11,6,45,35,0,7,3,0
S01007966,35 to 49,119,57,36,21,62,34,0,9,15,4
S01007966,50 to 64,116,54,45,9,62,24,0,8,24,6
S01007966,65 to 74,47,20,19,1,27,2,1,0,5,19
S01007966,75 to 84,44,13,13,0,31,0,1,0,1,29
S01007966,85 and over,12,2,2,0,10,0,0,0,0,10
S01007967,All HRPs,245,108,85,23,137,69,1,13,35,19
S01007967,24 and under,15,2,0,2,13,13,0,0,0,0
S01007967,25 to 34,44,12,5,7,32,29,0,1,2,0
S01007967,35 to 49,86,40,32,8,46,21,0,9,15,1
S01007967,50 to 64,62,37,31,6,25,6,0,3,15,1
S01007967,65 to 74,22,11,11,0,11,0,0,0,3,8
S01007967,75 to 84,10,5,5,0,5,0,1,0,0,4
S01007967,85 and over,6,1,1,0,5,0,0,0,0,5
S01007968,All HRPs,397,215,174,41,182,45,4,16,39,78
S01007968,24 and under,4,2,0,2,2,2,0,0,0,0
S01007968,25 to 34,51,28,11,17,23,20,0,3,0,0
S01007968,35 to 49,93,57,43,14,36,12,0,9,14,1
S01007968,50 to 64,108,69,61,8,39,9,1,3,18,8
S01007968,65 to 74,42,24,24,0,18,2,0,0,5,11
S01007968,75 to 84,84,31,31,0,53,0,2,1,2,48
S01007968,85 and over,15,4,4,0,11,0,1,0,0,10
S01007969,All HRPs,390,190,145,45,200,57,3,13,46,81
S01007969,24 and under,15,6,0,6,9,9,0,0,0,0
S01007969,25 to 34,46,23,9,14,23,22,0,1,0,0
S01007969,35 to 49,87,56,36,20,31,16,0,4,11,0
S01007969,50 to 64,105,61,56,5,44,5,0,6,24,9
S01007969,65 to 74,49,18,18,0,31,3,1,1,7,19
S01007969,75 to 84,70,24,24,0,46,1,2,1,3,39
S01007969,85 and over,18,2,2,0,16,1,0,0,1,14
S01007970,All HRPs,408,194,148,46,214,75,0,26,48,65
S01007970,24 and under,12,3,0,3,9,9,0,0,0,0
S01007970,25 to 34,69,36,17,19,33,29,0,4,0,0
S01007970,35 to 49,115,57,40,17,58,26,0,14,16,2
S01007970,50 to 64,101,56,50,6,45,8,0,7,19,11
S01007970,65 to 74,47,19,18,1,28,2,0,1,10,15
S01007970,75 to 84,50,23,23,0,27,1,0,0,3,23
S01007970,85 and over,14,0,0,0,14,0,0,0,0,14
S01007971,All HRPs,469,198,154,44,271,94,7,19,60,91
S01007971,24 and under,19,7,0,7,12,12,0,0,0,0
S01007971,25 to 34,57,28,15,13,29,26,0,0,3,0
S01007971,35 to 49,114,51,35,16,63,28,2,10,21,2
S01007971,50 to 64,127,69,61,8,58,19,0,8,28,3
S01007971,65 to 74,37,14,14,0,23,4,0,1,6,12
S01007971,75 to 84,94,28,28,0,66,4,4,0,2,56
S01007971,85 and over,21,1,1,0,20,1,1,0,0,18
S01007972,All HRPs,377,197,160,37,180,62,3,17,32,66
S01007972,24 and under,8,2,0,2,6,6,0,0,0,0
S01007972,25 to 34,46,24,17,7,22,22,0,0,0,0
S01007972,35 to 49,95,53,39,14,42,16,0,8,17,1
S01007972,50 to 64,100,65,54,11,35,11,0,7,12,5
S01007972,65 to 74,51,23,22,1,28,5,1,1,2,19
S01007972,75 to 84,55,25,23,2,30,2,1,1,1,25
S01007972,85 and over,22,5,5,0,17,0,1,0,0,16
S01007973,All HRPs,355,252,231,21,103,18,0,12,30,43
S01007973,24 and under,3,2,0,2,1,1,0,0,0,0
S01007973,25 to 34,23,17,10,7,6,4,0,1,1,0
S01007973,35 to 49,84,66,60,6,18,8,0,3,7,0
S01007973,50 to 64,150,111,105,6,39,1,0,6,19,13
S01007973,65 to 74,60,41,41,0,19,2,0,1,2,14
S01007973,75 to 84,25,12,12,0,13,2,0,1,1,9
S01007973,85 and over,10,3,3,0,7,0,0,0,0,7
S01007974,All HRPs,426,151,92,59,275,103,2,24,60,86
S01007974,24 and under,15,4,0,4,11,11,0,0,0,0
S01007974,25 to 34,59,31,8,23,28,25,1,0,2,0
S01007974,35 to 49,132,51,32,19,81,46,1,14,15,5
S01007974,50 to 64,101,34,23,11,67,12,0,7,34,14
S01007974,65 to 74,56,21,19,2,35,5,0,3,7,20
S01007974,75 to 84,47,9,9,0,38,2,0,0,2,34
S01007974,85 and over,16,1,1,0,15,2,0,0,0,13
S01007975,All HRPs,324,148,114,34,176,61,4,17,36,58
S01007975,24 and under,16,6,2,4,10,10,0,0,0,0
S01007975,25 to 34,38,20,7,13,18,16,1,1,0,0
S01007975,35 to 49,80,41,29,12,39,18,1,11,9,0
S01007975,50 to 64,81,44,39,5,37,5,1,5,15,11
S01007975,65 to 74,36,19,19,0,17,3,0,0,8,6
S01007975,75 to 84,44,13,13,0,31,4,0,0,3,24
S01007975,85 and over,29,5,5,0,24,5,1,0,1,17
S01007976,All HRPs,456,129,91,38,327,142,4,26,66,89
S01007976,24 and under,27,5,0,5,22,22,0,0,0,0
S01007976,25 to 34,66,23,8,15,43,39,0,3,1,0
S01007976,35 to 49,81,26,14,12,55,33,2,12,8,0
S01007976,50 to 64,120,34,28,6,86,32,0,8,36,10
S01007976,65 to 74,62,23,23,0,39,5,0,2,15,17
S01007976,75 to 84,76,16,16,0,60,10,2,1,6,41
S01007976,85 and over,24,2,2,0,22,1,0,0,0,21
S01007977,All HRPs,304,161,121,40,143,60,1,13,34,35
S01007977,24 and under,6,3,0,3,3,3,0,0,0,0
S01007977,25 to 34,60,35,13,22,25,24,0,1,0,0
S01007977,35 to 49,94,52,41,11,42,20,0,9,13,0
S01007977,50 to 64,69,41,37,4,28,6,0,1,16,5
S01007977,65 to 74,41,21,21,0,20,4,0,2,4,10
S01007977,75 to 84,23,7,7,0,16,2,1,0,1,12
S01007977,85 and over,11,2,2,0,9,1,0,0,0,8
S01007978,All HRPs,353,98,57,41,255,131,1,23,48,52
S01007978,24 and under,19,7,1,6,12,12,0,0,0,0
S01007978,25 to 34,80,27,11,16,53,50,1,2,0,0
S01007978,35 to 49,109,29,16,13,80,55,0,13,12,0
S01007978,50 to 64,67,24,19,5,43,11,0,4,20,8
S01007978,65 to 74,33,8,7,1,25,2,0,4,11,8
S01007978,75 to 84,29,1,1,0,28,1,0,0,5,22
S01007978,85 and over,16,2,2,0,14,0,0,0,0,14
S01007979,All HRPs,363,221,180,41,142,46,3,17,28,48
S01007979,24 and under,11,4,1,3,7,7,0,0,0,0
S01007979,25 to 34,50,39,22,17,11,9,1,1,0,0
S01007979,35 to 49,94,63,48,15,31,14,0,8,9,0
S01007979,50 to 64,108,67,62,5,41,15,1,8,14,3
S01007979,65 to 74,42,31,31,0,11,1,1,0,2,7
S01007979,75 to 84,41,13,12,1,28,0,0,0,3,25
S01007979,85 and over,17,4,4,0,13,0,0,0,0,13
S01007980,All HRPs,340,157,137,20,183,65,3,14,21,80
S01007980,24 and under,8,1,0,1,7,7,0,0,0,0
S01007980,25 to 34,33,16,10,6,17,17,0,0,0,0
S01007980,35 to 49,77,46,36,10,31,17,2,7,4,1
S01007980,50 to 64,94,58,55,3,36,14,1,3,11,7
S01007980,65 to 74,57,24,24,0,33,6,0,3,4,20
S01007980,75 to 84,46,10,10,0,36,1,0,1,2,32
S01007980,85 and over,25,2,2,0,23,3,0,0,0,20
S01007981,All HRPs,252,170,156,14,82,14,4,3,14,47
S01007981,24 and under,4,0,0,0,4,4,0,0,0,0
S01007981,25 to 34,9,5,3,2,4,2,0,0,2,0
S01007981,35 to 49,48,41,31,10,7,3,1,1,2,0
S01007981,50 to 64,90,72,71,1,18,3,0,1,6,8
S01007981,65 to 74,49,36,36,0,13,1,1,0,4,7
S01007981,75 to 84,37,13,12,1,24,1,1,1,0,21
S01007981,85 and over,15,3,3,0,12,0,1,0,0,11
S01007982,All HRPs,210,152,139,13,58,13,0,4,14,27
S01007982,24 and under,2,2,0,2,0,0,0,0,0,0
S01007982,25 to 34,10,6,2,4,4,3,0,0,1,0
S01007982,35 to 49,52,39,35,4,13,5,0,4,4,0
S01007982,50 to 64,71,54,53,1,17,4,0,0,7,6
S01007982,65 to 74,47,36,35,1,11,0,0,0,2,9
S01007982,75 to 84,27,14,13,1,13,1,0,0,0,12
S01007982,85 and over,1,1,1,0,0,0,0,0,0,0
S01007983,All HRPs,387,160,125,35,227,65,3,24,63,72
S01007983,24 and under,14,4,0,4,10,10,0,0,0,0
S01007983,25 to 34,32,10,1,9,22,21,0,0,1,0
S01007983,35 to 49,108,47,29,18,61,19,0,17,24,1
S01007983,50 to 64,69,35,31,4,34,9,0,3,16,6
S01007983,65 to 74,87,33,33,0,54,0,1,3,19,31
S01007983,75 to 84,69,31,31,0,38,5,2,1,3,27
S01007983,85 and over,8,0,0,0,8,1,0,0,0,7
S01007984,All HRPs,374,206,180,26,168,54,2,16,34,62
S01007984,24 and under,9,4,1,3,5,5,0,0,0,0
S01007984,25 to 34,37,21,16,5,16,12,0,4,0,0
S01007984,35 to 49,109,65,52,13,44,25,1,4,13,1
S01007984,50 to 64,78,50,46,4,28,7,1,5,12,3
S01007984,65 to 74,88,52,52,0,36,2,0,3,5,26
S01007984,75 to 84,41,12,11,1,29,2,0,0,4,23
S01007984,85 and over,12,2,2,0,10,1,0,0,0,9
S01007985,All HRPs,412,195,153,42,217,92,2,14,58,51
S01007985,24 and under,22,9,0,9,13,13,0,0,0,0
S01007985,25 to 34,50,23,12,11,27,24,1,0,2,0
S01007985,35 to 49,139,62,43,19,77,50,0,8,19,0
S01007985,50 to 64,87,46,43,3,41,3,1,3,24,10
S01007985,65 to 74,76,43,43,0,33,1,0,2,9,21
S01007985,75 to 84,35,12,12,0,23,1,0,1,4,17
S01007985,85 and over,3,0,0,0,3,0,0,0,0,3
S01007986,All HRPs,238,149,126,23,89,20,3,10,20,36
S01007986,24 and under,6,3,0,3,3,3,0,0,0,0
S01007986,25 to 34,22,9,2,7,13,10,0,1,1,1
S01007986,35 to 49,71,54,46,8,17,5,1,6,4,1
S01007986,50 to 64,47,31,30,1,16,2,1,2,9,2
S01007986,65 to 74,62,39,36,3,23,0,1,1,5,16
S01007986,75 to 84,27,12,11,1,15,0,0,0,1,14
S01007986,85 and over,3,1,1,0,2,0,0,0,0,2
S01007987,All HRPs,313,195,168,27,118,34,0,20,28,36
S01007987,24 and under,6,2,0,2,4,4,0,0,0,0
S01007987,25 to 34,31,13,7,6,18,14,0,1,2,1
S01007987,35 to 49,106,72,60,12,34,13,0,11,10,0
S01007987,50 to 64,96,67,60,7,29,2,0,8,12,7
S01007987,65 to 74,45,32,32,0,13,1,0,0,3,9
S01007987,75 to 84,22,8,8,0,14,0,0,0,0,14
S01007987,85 and over,7,1,1,0,6,0,0,0,1,5
S01007988,All HRPs,336,195,160,35,141,44,2,14,32,49
S01007988,24 and under,12,2,0,2,10,10,0,0,0,0
S01007988,25 to 34,43,25,10,15,18,17,0,0,1,0
S01007988,35 to 49,82,47,35,12,35,15,1,6,13,0
S01007988,50 to 64,94,65,60,5,29,1,0,6,13,9
S01007988,65 to 74,79,41,41,0,38,1,1,1,4,31
S01007988,75 to 84,26,15,14,1,11,0,0,1,1,9
S01007988,85 and over,0,0,0,0,0,0,0,0,0,0
S01007989,All HRPs,290,143,110,33,147,57,0,28,38,24
S01007989,24 and under,9,2,0,2,7,7,0,0,0,0
S01007989,25 to 34,47,25,10,15,22,17,0,4,1,0
S01007989,35 to 49,92,33,22,11,59,25,0,14,20,0
S01007989,50 to 64,97,63,59,4,34,5,0,10,10,9
S01007989,65 to 74,32,12,12,0,20,3,0,0,6,11
S01007989,75 to 84,13,8,7,1,5,0,0,0,1,4
S01007989,85 and over,0,0,0,0,0,0,0,0,0,0
S01007990,All HRPs,339,203,155,48,136,57,0,28,26,25
S01007990,24 and under,13,4,0,4,9,8,0,0,1,0
S01007990,25 to 34,51,24,9,15,27,22,0,5,0,0
S01007990,35 to 49,156,98,78,20,58,24,0,20,11,3
S01007990,50 to 64,77,55,47,8,22,1,0,3,10,8
S01007990,65 to 74,29,15,14,1,14,1,0,0,4,9
S01007990,75 to 84,11,7,7,0,4,0,0,0,0,4
S01007990,85 and over,2,0,0,0,2,1,0,0,0,1
S01007991,All HRPs,334,266,227,39,68,26,1,9,23,9
S01007991,24 and under,1,0,0,0,1,1,0,0,0,0
S01007991,25 to 34,41,28,18,10,13,7,0,3,3,0
S01007991,35 to 49,174,144,122,22,30,14,0,5,11,0
S01007991,50 to 64,89,73,67,6,16,3,1,1,8,3
S01007991,65 to 74,15,11,11,0,4,0,0,0,1,3
S01007991,75 to 84,12,8,8,0,4,1,0,0,0,3
S01007991,85 and over,2,2,1,1,0,0,0,0,0,0
S01007992,All HRPs,224,180,154,26,44,20,1,8,10,5
S01007992,24 and under,2,2,0,2,0,0,0,0,0,0
S01007992,25 to 34,37,30,17,13,7,5,1,1,0,0
S01007992,35 to 49,106,84,76,8,22,12,0,4,5,1
S01007992,50 to 64,63,52,49,3,11,3,0,3,4,1
S01007992,65 to 74,10,8,8,0,2,0,0,0,0,2
S01007992,75 to 84,4,2,2,0,2,0,0,0,1,1
S01007992,85 and over,2,2,2,0,0,0,0,0,0,0
S01007993,All HRPs,329,256,222,34,73,14,1,9,18,31
S01007993,24 and under,1,0,0,0,1,1,0,0,0,0
S01007993,25 to 34,34,26,15,11,8,4,0,2,2,0
S01007993,35 to 49,86,70,56,14,16,5,0,2,8,1
S01007993,50 to 64,137,113,105,8,24,4,0,5,6,9
S01007993,65 to 74,50,39,38,1,11,0,0,0,2,9
S01007993,75 to 84,17,7,7,0,10,0,1,0,0,9
S01007993,85 and over,4,1,1,0,3,0,0,0,0,3
S01007994,All HRPs,293,239,205,34,54,18,1,9,19,7
S01007994,24 and under,1,0,0,0,1,1,0,0,0,0
S01007994,25 to 34,45,36,25,11,9,6,0,1,2,0
S01007994,35 to 49,159,137,119,18,22,7,0,5,9,1
S01007994,50 to 64,72,55,50,5,17,4,1,2,6,4
S01007994,65 to 74,9,6,6,0,3,0,0,1,1,1
S01007994,75 to 84,7,5,5,0,2,0,0,0,1,1
S01007994,85 and over,0,0,0,0,0,0,0,0,0,0
S01007995,All HRPs,309,254,234,20,55,15,1,12,18,9
S01007995,24 and under,1,1,0,1,0,0,0,0,0,0
S01007995,25 to 34,27,25,21,4,2,0,0,1,1,0
S01007995,35 to 49,149,128,117,11,21,10,0,5,6,0
S01007995,50 to 64,98,73,69,4,25,5,0,6,11,3
S01007995,65 to 74,27,21,21,0,6,0,1,0,0,5
S01007995,75 to 84,6,5,5,0,1,0,0,0,0,1
S01007995,85 and over,1,1,1,0,0,0,0,0,0,0
S01007996,All HRPs,187,138,128,10,49,13,0,7,13,16
S01007996,24 and under,2,0,0,0,2,2,0,0,0,0
S01007996,25 to 34,7,4,2,2,3,1,0,0,1,1
S01007996,35 to 49,60,51,48,3,9,4,0,5,0,0
S01007996,50 to 64,73,55,50,5,18,4,0,1,11,2
S01007996,65 to 74,20,15,15,0,5,0,0,0,0,5
S01007996,75 to 84,20,12,12,0,8,1,0,1,1,5
S01007996,85 and over,5,1,1,0,4,1,0,0,0,3
S01007997,All HRPs,296,193,178,15,103,33,1,4,15,50
S01007997,24 and under,6,2,1,1,4,4,0,0,0,0
S01007997,25 to 34,18,12,7,5,6,6,0,0,0,0
S01007997,35 to 49,66,51,44,7,15,8,1,2,4,0
S01007997,50 to 64,104,79,78,1,25,7,0,2,8,8
S01007997,65 to 74,50,32,31,1,18,3,0,0,3,12
S01007997,75 to 84,32,13,13,0,19,3,0,0,0,16
S01007997,85 and over,20,4,4,0,16,2,0,0,0,14
S01007998,All HRPs,225,138,117,21,87,41,2,7,16,21
S01007998,24 and under,2,0,0,0,2,2,0,0,0,0
S01007998,25 to 34,27,14,10,4,13,11,0,1,1,0
S01007998,35 to 49,62,35,24,11,27,19,1,5,2,0
S01007998,50 to 64,71,53,48,5,18,3,0,1,11,3
S01007998,65 to 74,33,25,24,1,8,3,1,0,1,3
S01007998,75 to 84,18,9,9,0,9,1,0,0,0,8
S01007998,85 and over,12,2,2,0,10,2,0,0,1,7
S01007999,All HRPs,301,129,94,35,172,69,3,17,35,48
S01007999,24 and under,12,2,1,1,10,10,0,0,0,0
S01007999,25 to 34,33,17,8,9,16,16,0,0,0,0
S01007999,35 to 49,107,51,34,17,56,30,2,11,11,2
S01007999,50 to 64,82,41,34,7,41,10,1,5,20,5
S01007999,65 to 74,25,10,9,1,15,1,0,1,3,10
S01007999,75 to 84,33,8,8,0,25,2,0,0,1,22
S01007999,85 and over,9,0,0,0,9,0,0,0,0,9
S01008000,All HRPs,390,167,120,47,223,82,1,32,62,46
S01008000,24 and under,18,7,0,7,11,11,0,0,0,0
S01008000,25 to 34,58,26,7,19,32,30,0,1,1,0
S01008000,35 to 49,129,57,44,13,72,30,1,22,17,2
S01008000,50 to 64,90,45,40,5,45,6,0,7,27,5
S01008000,65 to 74,38,16,15,1,22,1,0,2,9,10
S01008000,75 to 84,39,14,12,2,25,4,0,0,7,14
S01008000,85 and over,18,2,2,0,16,0,0,0,1,15
S01008001,All HRPs,372,142,103,39,230,114,2,13,48,53
S01008001,24 and under,21,2,0,2,19,19,0,0,0,0
S01008001,25 to 34,58,24,10,14,34,32,1,1,0,0
S01008001,35 to 49,120,47,28,19,73,50,0,6,16,1
S01008001,50 to 64,99,43,39,4,56,11,0,6,23,16
S01008001,65 to 74,36,17,17,0,19,2,1,0,6,10
S01008001,75 to 84,25,7,7,0,18,0,0,0,3,15
S01008001,85 and over,13,2,2,0,11,0,0,0,0,11
S01008002,All HRPs,330,130,85,45,200,94,0,24,47,35
S01008002,24 and under,25,7,0,7,18,16,0,2,0,0
S01008002,25 to 34,42,9,3,6,33,32,0,1,0,0
S01008002,35 to 49,113,52,29,23,61,29,0,11,20,1
S01008002,50 to 64,105,50,42,8,55,16,0,8,20,11
S01008002,65 to 74,22,8,7,1,14,0,0,2,5,7
S01008002,75 to 84,15,3,3,0,12,0,0,0,2,10
S01008002,85 and over,8,1,1,0,7,1,0,0,0,6
S01008003,All HRPs,241,130,90,40,111,51,0,14,25,21
S01008003,24 and under,8,3,0,3,5,5,0,0,0,0
S01008003,25 to 34,37,24,12,12,13,9,0,3,1,0
S01008003,35 to 49,93,53,37,16,40,24,0,7,6,3
S01008003,50 to 64,68,37,29,8,31,10,0,4,13,4
S01008003,65 to 74,18,7,7,0,11,2,0,0,2,7
S01008003,75 to 84,15,5,4,1,10,1,0,0,3,6
S01008003,85 and over,2,1,1,0,1,0,0,0,0,1
S01008004,All HRPs,230,150,120,30,80,29,0,20,17,14
S01008004,24 and under,2,0,0,0,2,0,0,2,0,0
S01008004,25 to 34,55,40,28,12,15,12,0,2,1,0
S01008004,35 to 49,111,75,59,16,36,14,0,14,6,2
S01008004,50 to 64,44,28,26,2,16,3,0,2,7,4
S01008004,65 to 74,9,4,4,0,5,0,0,0,2,3
S01008004,75 to 84,7,3,3,0,4,0,0,0,0,4
S01008004,85 and over,2,0,0,0,2,0,0,0,1,1
S01008005,All HRPs,220,131,73,58,89,57,1,18,10,3
S01008005,24 and under,15,8,0,8,7,7,0,0,0,0
S01008005,25 to 34,89,51,24,27,38,34,0,4,0,0
S01008005,35 to 49,83,49,29,20,34,13,1,13,7,0
S01008005,50 to 64,27,18,15,3,9,2,0,1,3,3
S01008005,65 to 74,6,5,5,0,1,1,0,0,0,0
S01008005,75 to 84,0,0,0,0,0,0,0,0,0,0
S01008005,85 and over,0,0,0,0,0,0,0,0,0,0
S01008006,All HRPs,248,98,59,39,150,76,1,14,31,28
S01008006,24 and under,17,5,0,5,12,12,0,0,0,0
S01008006,25 to 34,36,15,6,9,21,17,0,1,3,0
S01008006,35 to 49,84,33,17,16,51,30,1,7,12,1
S01008006,50 to 64,57,21,14,7,36,13,0,4,12,7
S01008006,65 to 74,33,17,15,2,16,1,0,1,4,10
S01008006,75 to 84,20,6,6,0,14,3,0,1,0,10
S01008006,85 and over,1,1,1,0,0,0,0,0,0,0
S01008007,All HRPs,208,75,41,34,133,79,1,14,28,11
S01008007,24 and under,22,4,1,3,18,18,0,0,0,0
S01008007,25 to 34,42,13,1,12,29,22,0,7,0,0
S01008007,35 to 49,70,27,17,10,43,27,0,5,11,0
S01008007,50 to 64,56,24,16,8,32,12,1,1,12,6
S01008007,65 to 74,10,5,4,1,5,0,0,1,4,0
S01008007,75 to 84,6,2,2,0,4,0,0,0,1,3
S01008007,85 and over,2,0,0,0,2,0,0,0,0,2
S01008008,All HRPs,267,115,69,46,152,81,2,16,28,25
S01008008,24 and under,20,4,0,4,16,16,0,0,0,0
S01008008,25 to 34,49,21,8,13,28,23,1,3,1,0
S01008008,35 to 49,103,53,32,21,50,29,0,9,12,0
S01008008,50 to 64,56,27,21,6,29,10,0,3,9,7
S01008008,65 to 74,20,7,5,2,13,1,0,1,5,6
S01008008,75 to 84,15,3,3,0,12,2,1,0,1,8
S01008008,85 and over,4,0,0,0,4,0,0,0,0,4
S01008009,All HRPs,373,135,74,61,238,131,4,34,41,28
S01008009,24 and under,40,12,0,12,28,28,0,0,0,0
S01008009,25 to 34,91,34,12,22,57,48,0,6,3,0
S01008009,35 to 49,115,41,20,21,74,40,3,12,17,2
S01008009,50 to 64,80,34,30,4,46,9,0,14,17,6
S01008009,65 to 74,30,11,9,2,19,2,1,1,3,12
S01008009,75 to 84,12,3,3,0,9,3,0,1,1,4
S01008009,85 and over,5,0,0,0,5,1,0,0,0,4
S01008010,All HRPs,476,185,130,55,291,170,1,33,55,32
S01008010,24 and under,38,8,1,7,30,30,0,0,0,0
S01008010,25 to 34,88,41,17,24,47,43,0,3,1,0
S01008010,35 to 49,158,61,43,18,97,65,1,11,19,1
S01008010,50 to 64,122,52,47,5,70,24,0,11,30,5
S01008010,65 to 74,47,16,15,1,31,5,0,8,4,14
S01008010,75 to 84,20,7,7,0,13,3,0,0,1,9
S01008010,85 and over,3,0,0,0,3,0,0,0,0,3
S01008011,All HRPs,455,106,63,43,349,164,2,26,59,98
S01008011,24 and under,42,8,0,8,34,34,0,0,0,0
S01008011,25 to 34,84,30,9,21,54,50,0,3,1,0
S01008011,35 to 49,69,15,7,8,54,31,1,11,11,0
S01008011,50 to 64,83,20,17,3,63,27,0,8,25,3
S01008011,65 to 74,57,15,14,1,42,10,0,3,14,15
S01008011,75 to 84,79,16,14,2,63,9,1,1,7,45
S01008011,85 and over,41,2,2,0,39,3,0,0,1,35
S01008012,All HRPs,471,143,86,57,328,164,2,40,71,51
S01008012,24 and under,30,8,0,8,22,22,0,0,0,0
S01008012,25 to 34,105,38,14,24,67,61,0,2,4,0
S01008012,35 to 49,139,37,20,17,102,55,1,21,24,1
S01008012,50 to 64,106,36,29,7,70,17,1,14,32,6
S01008012,65 to 74,43,16,15,1,27,3,0,3,7,14
S01008012,75 to 84,32,4,4,0,28,4,0,0,4,20
S01008012,85 and over,16,4,4,0,12,2,0,0,0,10
S01008013,All HRPs,363,117,85,32,246,126,5,10,47,58
S01008013,24 and under,29,8,0,8,21,21,0,0,0,0
S01008013,25 to 34,70,25,9,16,45,42,1,0,2,0
S01008013,35 to 49,86,32,25,7,54,42,2,3,7,0
S01008013,50 to 64,67,31,30,1,36,12,0,4,18,2
S01008013,65 to 74,53,12,12,0,41,6,0,3,12,20
S01008013,75 to 84,36,5,5,0,31,2,2,0,7,20
S01008013,85 and over,22,4,4,0,18,1,0,0,1,16
S01008014,All HRPs,312,157,133,24,155,70,5,17,27,36
S01008014,24 and under,14,4,0,4,10,10,0,0,0,0
S01008014,25 to 34,35,12,3,9,23,22,0,1,0,0
S01008014,35 to 49,94,46,40,6,48,27,2,9,9,1
S01008014,50 to 64,86,55,51,4,31,7,0,6,15,3
S01008014,65 to 74,37,24,23,1,13,2,0,1,3,7
S01008014,75 to 84,28,12,12,0,16,1,1,0,0,14
S01008014,85 and over,18,4,4,0,14,1,2,0,0,11
S01008015,All HRPs,437,149,94,55,288,137,3,23,62,63
S01008015,24 and under,21,4,0,4,17,17,0,0,0,0
S01008015,25 to 34,86,31,7,24,55,53,0,1,1,0
S01008015,35 to 49,121,47,27,20,74,38,1,8,25,2
S01008015,50 to 64,89,31,25,6,58,15,0,10,23,10
S01008015,65 to 74,54,20,19,1,34,8,0,3,8,15
S01008015,75 to 84,48,15,15,0,33,5,2,1,4,21
S01008015,85 and over,18,1,1,0,17,1,0,0,1,15
S01008016,All HRPs,433,169,124,45,264,107,0,29,56,72
S01008016,24 and under,16,6,0,6,10,10,0,0,0,0
S01008016,25 to 34,47,24,11,13,23,23,0,0,0,0
S01008016,35 to 49,110,47,30,17,63,35,0,17,11,0
S01008016,50 to 64,100,41,33,8,59,22,0,8,26,3
S01008016,65 to 74,75,33,32,1,42,8,0,2,13,19
S01008016,75 to 84,52,13,13,0,39,6,0,2,5,26
S01008016,85 and over,33,5,5,0,28,3,0,0,1,24
S01008017,All HRPs,375,257,236,21,118,23,2,9,17,67
S01008017,24 and under,2,0,0,0,2,2,0,0,0,0
S01008017,25 to 34,13,11,5,6,2,2,0,0,0,0
S01008017,35 to 49,82,68,61,7,14,5,0,4,4,1
S01008017,50 to 64,116,94,87,7,22,6,1,3,9,3
S01008017,65 to 74,69,44,43,1,25,4,1,2,3,15
S01008017,75 to 84,68,34,34,0,34,3,0,0,0,31
S01008017,85 and over,25,6,6,0,19,1,0,0,1,17
S01008018,All HRPs,308,190,160,30,118,29,4,7,25,53
S01008018,24 and under,10,3,0,3,7,7,0,0,0,0
S01008018,25 to 34,23,15,2,13,8,5,2,0,1,0
S01008018,35 to 49,66,48,37,11,18,8,1,4,5,0
S01008018,50 to 64,96,64,62,2,32,6,1,3,17,5
S01008018,65 to 74,49,35,34,1,14,1,0,0,2,11
S01008018,75 to 84,49,23,23,0,26,0,0,0,0,26
S01008018,85 and over,15,2,2,0,13,2,0,0,0,11
S01008019,All HRPs,271,189,164,25,82,29,1,6,16,30
S01008019,24 and under,4,2,0,2,2,2,0,0,0,0
S01008019,25 to 34,23,13,7,6,10,10,0,0,0,0
S01008019,35 to 49,80,65,55,10,15,8,0,2,5,0
S01008019,50 to 64,97,76,69,7,21,5,0,4,8,4
S01008019,65 to 74,32,23,23,0,9,1,0,0,2,6
S01008019,75 to 84,26,7,7,0,19,1,1,0,1,16
S01008019,85 and over,9,3,3,0,6,2,0,0,0,4
S01008020,All HRPs,313,139,102,37,174,90,0,16,33,35
S01008020,24 and under,18,7,1,6,11,10,0,1,0,0
S01008020,25 to 34,50,19,9,10,31,29,0,0,2,0
S01008020,35 to 49,95,38,26,12,57,39,0,7,9,2
S01008020,50 to 64,90,51,43,8,39,11,0,8,15,5
S01008020,65 to 74,22,12,11,1,10,0,0,0,4,6
S01008020,75 to 84,23,8,8,0,15,0,0,0,2,13
S01008020,85 and over,15,4,4,0,11,1,0,0,1,9
S01008021,All HRPs,244,169,156,13,75,32,2,4,12,25
S01008021,24 and under,2,1,0,1,1,1,0,0,0,0
S01008021,25 to 34,22,9,7,2,13,12,0,1,0,0
S01008021,35 to 49,55,46,39,7,9,2,1,1,5,0
S01008021,50 to 64,76,59,56,3,17,7,1,2,6,1
S01008021,65 to 74,46,33,33,0,13,6,0,0,1,6
S01008021,75 to 84,30,18,18,0,12,4,0,0,0,8
S01008021,85 and over,13,3,3,0,10,0,0,0,0,10
S01008022,All HRPs,286,208,189,19,78,22,1,10,15,30
S01008022,24 and under,1,0,0,0,1,1,0,0,0,0
S01008022,25 to 34,21,16,10,6,5,3,1,1,0,0
S01008022,35 to 49,75,59,50,9,16,8,0,5,2,1
S01008022,50 to 64,109,89,85,4,20,5,0,4,10,1
S01008022,65 to 74,38,29,29,0,9,2,0,0,2,5
S01008022,75 to 84,32,12,12,0,20,3,0,0,1,16
S01008022,85 and over,10,3,3,0,7,0,0,0,0,7
S01008023,All HRPs,246,196,176,20,50,13,1,7,12,17
S01008023,24 and under,0,0,0,0,0,0,0,0,0,0
S01008023,25 to 34,17,13,8,5,4,2,0,2,0,0
S01008023,35 to 49,100,86,80,6,14,3,0,3,6,2
S01008023,50 to 64,93,76,67,9,17,7,0,2,6,2
S01008023,65 to 74,24,17,17,0,7,0,0,0,0,7
S01008023,75 to 84,9,4,4,0,5,1,1,0,0,3
S01008023,85 and over,3,0,0,0,3,0,0,0,0,3
S01008024,All HRPs,224,193,155,38,31,13,2,6,7,3
S01008024,24 and under,1,0,0,0,1,1,0,0,0,0
S01008024,25 to 34,62,54,37,17,8,6,1,1,0,0
S01008024,35 to 49,113,101,83,18,12,4,0,4,4,0
S01008024,50 to 64,40,32,29,3,8,2,1,1,3,1
S01008024,65 to 74,4,4,4,0,0,0,0,0,0,0
S01008024,75 to 84,4,2,2,0,2,0,0,0,0,2
S01008024,85 and over,0,0,0,0,0,0,0,0,0,0
S01008025,All HRPs,283,207,178,29,76,20,3,9,26,18
S01008025,24 and under,3,1,0,1,2,2,0,0,0,0
S01008025,25 to 34,17,13,7,6,4,3,0,1,0,0
S01008025,35 to 49,95,71,60,11,24,9,1,3,11,0
S01008025,50 to 64,102,77,68,9,25,5,2,4,10,4
S01008025,65 to 74,52,37,35,2,15,1,0,1,5,8
S01008025,75 to 84,13,8,8,0,5,0,0,0,0,5
S01008025,85 and over,1,0,0,0,1,0,0,0,0,1
S01008026,All HRPs,466,243,199,44,223,71,1,26,48,77
S01008026,24 and under,12,2,0,2,10,8,0,2,0,0
S01008026,25 to 34,57,27,14,13,30,23,0,6,1,0
S01008026,35 to 49,125,80,62,18,45,21,0,8,15,1
S01008026,50 to 64,126,84,76,8,42,12,0,8,19,3
S01008026,65 to 74,67,32,29,3,35,4,0,1,10,20
S01008026,75 to 84,61,16,16,0,45,2,1,1,3,38
S01008026,85 and over,18,2,2,0,16,1,0,0,0,15
S01008027,All HRPs,259,125,109,16,134,57,7,8,17,45
S01008027,24 and under,6,1,0,1,5,5,0,0,0,0
S01008027,25 to 34,36,18,12,6,18,16,1,1,0,0
S01008027,35 to 49,69,39,35,4,30,17,2,6,4,1
S01008027,50 to 64,61,35,32,3,26,8,1,1,9,7
S01008027,65 to 74,49,22,21,1,27,8,2,0,4,13
S01008027,75 to 84,25,9,8,1,16,1,1,0,0,14
S01008027,85 and over,13,1,1,0,12,2,0,0,0,10
S01008028,All HRPs,239,161,128,33,78,18,1,10,20,29
S01008028,24 and under,4,1,0,1,3,3,0,0,0,0
S01008028,25 to 34,32,29,16,13,3,3,0,0,0,0
S01008028,35 to 49,93,74,62,12,19,6,0,7,5,1
S01008028,50 to 64,59,37,32,5,22,3,0,3,10,6
S01008028,65 to 74,25,14,12,2,11,2,0,0,3,6
S01008028,75 to 84,19,6,6,0,13,0,1,0,2,10
S01008028,85 and over,7,0,0,0,7,1,0,0,0,6
S01008029,All HRPs,345,222,195,27,123,40,2,14,24,43
S01008029,24 and under,5,2,1,1,3,3,0,0,0,0
S01008029,25 to 34,27,16,13,3,11,10,0,1,0,0
S01008029,35 to 49,97,68,53,15,29,14,1,6,7,1
S01008029,50 to 64,130,96,89,7,34,7,0,4,14,9
S01008029,65 to 74,43,26,25,1,17,1,1,3,2,10
S01008029,75 to 84,30,12,12,0,18,4,0,0,1,13
S01008029,85 and over,13,2,2,0,11,1,0,0,0,10
S01008030,All HRPs,476,300,256,44,176,46,9,11,43,67
S01008030,24 and under,8,2,0,2,6,6,0,0,0,0
S01008030,25 to 34,44,32,20,12,12,12,0,0,0,0
S01008030,35 to 49,117,88,69,19,29,9,2,6,11,1
S01008030,50 to 64,146,102,93,9,44,11,2,4,19,8
S01008030,65 to 74,79,45,43,2,34,3,1,1,6,23
S01008030,75 to 84,56,23,23,0,33,1,4,0,7,21
S01008030,85 and over,26,8,8,0,18,4,0,0,0,14
S01008031,All HRPs,403,196,157,39,207,65,2,17,51,72
S01008031,24 and under,8,2,0,2,6,6,0,0,0,0
S01008031,25 to 34,47,23,12,11,24,23,0,1,0,0
S01008031,35 to 49,110,67,50,17,43,22,0,8,13,0
S01008031,50 to 64,125,68,61,7,57,8,1,8,27,13
S01008031,65 to 74,58,25,24,1,33,1,1,0,9,22
S01008031,75 to 84,34,8,7,1,26,4,0,0,2,20
S01008031,85 and over,21,3,3,0,18,1,0,0,0,17
S01008032,All HRPs,377,228,195,33,149,46,1,16,44,42
S01008032,24 and under,8,1,1,0,7,7,0,0,0,0
S01008032,25 to 34,33,18,10,8,15,11,0,2,2,0
S01008032,35 to 49,125,73,60,13,52,22,1,9,19,1
S01008032,50 to 64,120,88,79,9,32,4,0,5,16,7
S01008032,65 to 74,57,37,35,2,20,1,0,0,5,14
S01008032,75 to 84,22,8,8,0,14,0,0,0,2,12
S01008032,85 and over,12,3,2,1,9,1,0,0,0,8
S01008033,All HRPs,269,210,197,13,59,14,3,10,15,17
S01008033,24 and under,0,0,0,0,0,0,0,0,0,0
S01008033,25 to 34,12,10,10,0,2,2,0,0,0,0
S01008033,35 to 49,104,84,76,8,20,8,0,3,8,1
S01008033,50 to 64,108,89,84,5,19,2,0,5,7,5
S01008033,65 to 74,26,20,20,0,6,0,0,1,0,5
S01008033,75 to 84,19,7,7,0,12,2,3,1,0,6
S01008033,85 and over,0,0,0,0,0,0,0,0,0,0
S01008034,All HRPs,271,203,187,16,68,24,2,9,15,18
S01008034,24 and under,2,1,0,1,1,1,0,0,0,0
S01008034,25 to 34,13,9,9,0,4,2,1,1,0,0
S01008034,35 to 49,120,98,87,11,22,11,0,3,5,3
S01008034,50 to 64,99,76,74,2,23,7,1,4,8,3
S01008034,65 to 74,20,13,11,2,7,2,0,1,2,2
S01008034,75 to 84,16,6,6,0,10,1,0,0,0,9
S01008034,85 and over,1,0,0,0,1,0,0,0,0,1
S01008035,All HRPs,281,160,141,19,121,59,3,13,23,23
S01008035,24 and under,8,1,1,0,7,7,0,0,0,0
S01008035,25 to 34,16,8,5,3,8,6,0,2,0,0
S01008035,35 to 49,79,40,30,10,39,29,1,5,4,0
S01008035,50 to 64,99,70,65,5,29,10,0,4,14,1
S01008035,65 to 74,44,29,28,1,15,4,0,2,3,6
S01008035,75 to 84,19,8,8,0,11,1,2,0,2,6
S01008035,85 and over,16,4,4,0,12,2,0,0,0,10
S01008036,All HRPs,246,199,187,12,47,3,2,11,9,22
S01008036,24 and under,0,0,0,0,0,0,0,0,0,0
S01008036,25 to 34,7,7,5,2,0,0,0,0,0,0
S01008036,35 to 49,61,52,47,5,9,1,0,5,2,1
S01008036,50 to 64,94,78,75,3,16,1,2,6,5,2
S01008036,65 to 74,49,39,38,1,10,1,0,0,2,7
S01008036,75 to 84,28,20,19,1,8,0,0,0,0,8
S01008036,85 and over,7,3,3,0,4,0,0,0,0,4
S01008037,All HRPs,421,205,169,36,216,66,3,25,54,68
S01008037,24 and under,6,2,1,1,4,4,0,0,0,0
S01008037,25 to 34,31,13,4,9,18,14,0,2,2,0
S01008037,35 to 49,124,67,48,19,57,23,0,15,19,0
S01008037,50 to 64,143,87,81,6,56,17,1,4,25,9
S01008037,65 to 74,47,20,20,0,27,1,0,2,7,17
S01008037,75 to 84,48,14,13,1,34,5,2,2,1,24
S01008037,85 and over,22,2,2,0,20,2,0,0,0,18
S01008038,All HRPs,303,153,128,25,150,53,0,18,38,41
S01008038,24 and under,13,2,1,1,11,11,0,0,0,0
S01008038,25 to 34,29,18,10,8,11,9,0,1,1,0
S01008038,35 to 49,105,60,49,11,45,25,0,7,11,2
S01008038,50 to 64,79,45,42,3,34,6,0,8,16,4
S01008038,65 to 74,30,13,11,2,17,2,0,2,6,7
S01008038,75 to 84,35,13,13,0,22,0,0,0,4,18
S01008038,85 and over,12,2,2,0,10,0,0,0,0,10
S01008039,All HRPs,363,201,170,31,162,65,1,17,43,36
S01008039,24 and under,7,0,0,0,7,7,0,0,0,0
S01008039,25 to 34,24,13,8,5,11,8,0,2,0,1
S01008039,35 to 49,133,82,68,14,51,30,0,10,9,2
S01008039,50 to 64,116,70,59,11,46,12,1,3,25,5
S01008039,65 to 74,37,21,20,1,16,0,0,1,8,7
S01008039,75 to 84,33,14,14,0,19,2,0,1,1,15
S01008039,85 and over,13,1,1,0,12,6,0,0,0,6
S01008040,All HRPs,332,213,202,11,119,28,4,10,32,45
S01008040,24 and under,1,0,0,0,1,1,0,0,0,0
S01008040,25 to 34,9,5,3,2,4,4,0,0,0,0
S01008040,35 to 49,77,55,49,6,22,13,0,4,5,0
S01008040,50 to 64,121,79,76,3,42,7,1,6,22,6
S01008040,65 to 74,64,44,44,0,20,1,2,0,2,15
S01008040,75 to 84,49,27,27,0,22,2,1,0,3,16
S01008040,85 and over,11,3,3,0,8,0,0,0,0,8
S01008041,All HRPs,354,160,135,25,194,59,7,14,33,81
S01008041,24 and under,7,0,0,0,7,7,0,0,0,0
S01008041,25 to 34,25,12,5,7,13,11,0,2,0,0
S01008041,35 to 49,81,46,32,14,35,21,1,5,7,1
S01008041,50 to 64,93,49,45,4,44,12,5,4,14,9
S01008041,65 to 74,54,28,28,0,26,2,0,2,8,14
S01008041,75 to 84,61,17,17,0,44,2,0,1,4,37
S01008041,85 and over,33,8,8,0,25,4,1,0,0,20
S01008042,All HRPs,280,147,137,10,133,31,5,9,27,61
S01008042,24 and under,1,0,0,0,1,1,0,0,0,0
S01008042,25 to 34,10,3,2,1,7,5,1,0,1,0
S01008042,35 to 49,68,40,35,5,28,15,1,6,5,1
S01008042,50 to 64,93,64,60,4,29,6,1,3,11,8
S01008042,65 to 74,45,17,17,0,28,1,2,0,8,17
S01008042,75 to 84,39,16,16,0,23,1,0,0,1,21
S01008042,85 and over,24,7,7,0,17,2,0,0,1,14
S01008043,All HRPs,398,271,245,26,127,33,2,8,21,63
S01008043,24 and under,4,0,0,0,4,4,0,0,0,0
S01008043,25 to 34,19,12,9,3,7,6,0,1,0,0
S01008043,35 to 49,100,80,67,13,20,9,1,3,6,1
S01008043,50 to 64,114,88,81,7,26,7,0,3,7,9
S01008043,65 to 74,65,44,43,1,21,1,0,0,4,16
S01008043,75 to 84,71,35,34,1,36,4,1,1,2,28
S01008043,85 and over,25,12,11,1,13,2,0,0,2,9
S01008044,All HRPs,431,263,248,15,168,57,4,17,19,71
S01008044,24 and under,8,0,0,0,8,8,0,0,0,0
S01008044,25 to 34,21,13,9,4,8,7,0,1,0,0
S01008044,35 to 49,106,77,67,10,29,17,1,6,4,1
S01008044,50 to 64,139,101,100,1,38,12,0,7,10,9
S01008044,65 to 74,55,31,31,0,24,7,1,3,4,9
S01008044,75 to 84,81,39,39,0,42,4,1,0,1,36
S01008044,85 and over,21,2,2,0,19,2,1,0,0,16
S01008045,All HRPs,449,237,219,18,212,65,5,21,41,80
S01008045,24 and under,1,0,0,0,1,1,0,0,0,0
S01008045,25 to 34,17,8,4,4,9,7,0,2,0,0
S01008045,35 to 49,94,56,49,7,38,18,0,12,8,0
S01008045,50 to 64,144,95,90,5,49,17,1,5,16,10
S01008045,65 to 74,86,43,42,1,43,9,2,1,15,16
S01008045,75 to 84,69,27,26,1,42,5,1,1,1,34
S01008045,85 and over,38,8,8,0,30,8,1,0,1,20
S01008046,All HRPs,527,143,118,25,384,143,6,26,66,143
S01008046,24 and under,6,0,0,0,6,6,0,0,0,0
S01008046,25 to 34,43,11,2,9,32,28,0,2,2,0
S01008046,35 to 49,124,33,26,7,91,62,2,11,14,2
S01008046,50 to 64,102,48,41,7,54,18,1,8,22,5
S01008046,65 to 74,76,18,16,2,58,14,0,4,16,24
S01008046,75 to 84,100,21,21,0,79,8,1,1,9,60
S01008046,85 and over,76,12,12,0,64,7,2,0,3,52
S01008047,All HRPs,292,189,178,11,103,24,4,8,9,58
S01008047,24 and under,1,0,0,0,1,1,0,0,0,0
S01008047,25 to 34,15,10,9,1,5,5,0,0,0,0
S01008047,35 to 49,63,53,45,8,10,6,0,1,2,1
S01008047,50 to 64,84,68,67,1,16,3,2,2,5,4
S01008047,65 to 74,56,35,34,1,21,3,0,4,1,13
S01008047,75 to 84,55,22,22,0,33,5,1,1,1,25
S01008047,85 and over,18,1,1,0,17,1,1,0,0,15
S01008048,All HRPs,238,165,154,11,73,14,1,4,16,38
S01008048,24 and under,0,0,0,0,0,0,0,0,0,0
S01008048,25 to 34,4,4,3,1,0,0,0,0,0,0
S01008048,35 to 49,49,42,34,8,7,5,0,1,1,0
S01008048,50 to 64,90,69,67,2,21,3,0,2,11,5
S01008048,65 to 74,48,30,30,0,18,2,0,1,4,11
S01008048,75 to 84,31,15,15,0,16,3,0,0,0,13
S01008048,85 and over,16,5,5,0,11,1,1,0,0,9
S01008049,All HRPs,357,248,230,18,109,14,3,9,23,60
S01008049,24 and under,2,1,0,1,1,1,0,0,0,0
S01008049,25 to 34,13,13,9,4,0,0,0,0,0,0
S01008049,35 to 49,83,68,64,4,15,4,0,3,8,0
S01008049,50 to 64,101,81,74,7,20,2,0,4,9,5
S01008049,65 to 74,73,47,46,1,26,1,1,2,5,17
S01008049,75 to 84,66,32,32,0,34,5,2,0,0,27
S01008049,85 and over,19,6,5,1,13,1,0,0,1,11
S01008050,All HRPs,245,177,166,11,68,22,4,6,5,31
S01008050,24 and under,1,1,0,1,0,0,0,0,0,0
S01008050,25 to 34,11,5,4,1,6,5,1,0,0,0
S01008050,35 to 49,59,42,38,4,17,9,1,3,2,2
S01008050,50 to 64,67,58,54,4,9,1,0,3,3,2
S01008050,65 to 74,55,42,41,1,13,3,1,0,0,9
S01008050,75 to 84,42,26,26,0,16,2,1,0,0,13
S01008050,85 and over,10,3,3,0,7,2,0,0,0,5
S01008051,All HRPs,328,244,219,25,84,19,4,7,24,30
S01008051,24 and under,1,1,1,0,0,0,0,0,0,0
S01008051,25 to 34,18,15,10,5,3,3,0,0,0,0
S01008051,35 to 49,106,90,78,12,16,7,2,2,4,1
S01008051,50 to 64,101,74,66,8,27,7,0,4,13,3
S01008051,65 to 74,56,37,37,0,19,1,1,1,6,10
S01008051,75 to 84,35,23,23,0,12,0,1,0,0,11
S01008051,85 and over,11,4,4,0,7,1,0,0,1,5
S01008052,All HRPs,337,250,228,22,87,17,1,3,19,47
S01008052,24 and under,0,0,0,0,0,0,0,0,0,0
S01008052,25 to 34,18,15,13,2,3,3,0,0,0,0
S01008052,35 to 49,95,82,68,14,13,5,0,2,6,0
S01008052,50 to 64,128,110,105,5,18,6,1,1,8,2
S01008052,65 to 74,44,25,25,0,19,1,0,0,5,13
S01008052,75 to 84,40,17,16,1,23,1,0,0,0,22
S01008052,85 and over,12,1,1,0,11,1,0,0,0,10
S01008053,All HRPs,263,167,156,11,96,20,2,9,16,49
S01008053,24 and under,0,0,0,0,0,0,0,0,0,0
S01008053,25 to 34,18,13,11,2,5,4,0,1,0,0
S01008053,35 to 49,69,51,44,7,18,9,1,3,5,0
S01008053,50 to 64,58,39,37,2,19,4,1,3,8,3
S01008053,65 to 74,54,33,33,0,21,2,0,2,2,15
S01008053,75 to 84,42,22,22,0,20,1,0,0,1,18
S01008053,85 and over,22,9,9,0,13,0,0,0,0,13
S01008054,All HRPs,361,200,184,16,161,43,5,20,33,60
S01008054,24 and under,2,1,1,0,1,1,0,0,0,0
S01008054,25 to 34,16,9,5,4,7,7,0,0,0,0
S01008054,35 to 49,83,54,43,11,29,14,1,6,8,0
S01008054,50 to 64,105,73,72,1,32,13,0,7,9,3
S01008054,65 to 74,57,31,31,0,26,4,0,4,5,13
S01008054,75 to 84,67,25,25,0,42,1,4,2,8,27
S01008054,85 and over,31,7,7,0,24,3,0,1,3,17
S01008055,All HRPs,384,304,293,11,80,13,3,7,14,43
S01008055,24 and under,0,0,0,0,0,0,0,0,0,0
S01008055,25 to 34,13,11,10,1,2,1,0,0,1,0
S01008055,35 to 49,100,94,89,5,6,3,2,1,0,0
S01008055,50 to 64,145,122,117,5,23,4,0,5,11,3
S01008055,65 to 74,62,43,43,0,19,4,0,1,1,13
S01008055,75 to 84,49,31,31,0,18,1,1,0,1,15
S01008055,85 and over,15,3,3,0,12,0,0,0,0,12
S01008056,All HRPs,332,193,191,2,139,24,5,7,24,79
S01008056,24 and under,1,0,0,0,1,1,0,0,0,0
S01008056,25 to 34,12,9,9,0,3,3,0,0,0,0
S01008056,35 to 49,73,58,57,1,15,4,1,3,6,1
S01008056,50 to 64,81,63,62,1,18,4,1,1,9,3
S01008056,65 to 74,58,35,35,0,23,4,0,2,3,14
S01008056,75 to 84,70,21,21,0,49,6,1,1,5,36
S01008056,85 and over,37,7,7,0,30,2,2,0,1,25
S01008057,All HRPs,400,246,228,18,154,52,4,13,32,53
S01008057,24 and under,1,1,0,1,0,0,0,0,0,0
S01008057,25 to 34,22,10,6,4,12,12,0,0,0,0
S01008057,35 to 49,114,84,79,5,30,12,2,6,9,1
S01008057,50 to 64,113,84,76,8,29,14,0,3,9,3
S01008057,65 to 74,56,30,30,0,26,6,0,3,11,6
S01008057,75 to 84,74,32,32,0,42,6,2,1,3,30
S01008057,85 and over,20,5,5,0,15,2,0,0,0,13
S01008058,All HRPs,304,244,232,12,60,9,2,9,13,27
S01008058,24 and under,1,0,0,0,1,1,0,0,0,0
S01008058,25 to 34,12,11,9,2,1,1,0,0,0,0
S01008058,35 to 49,94,78,70,8,16,2,0,6,5,3
S01008058,50 to 64,141,122,120,2,19,2,2,3,7,5
S01008058,65 to 74,39,26,26,0,13,3,0,0,1,9
S01008058,75 to 84,13,6,6,0,7,0,0,0,0,7
S01008058,85 and over,4,1,1,0,3,0,0,0,0,3
S01008059,All HRPs,260,190,180,10,70,12,1,9,12,36
S01008059,24 and under,0,0,0,0,0,0,0,0,0,0
S01008059,25 to 34,11,10,8,2,1,0,0,0,1,0
S01008059,35 to 49,71,53,47,6,18,7,0,6,5,0
S01008059,50 to 64,102,80,79,1,22,4,1,2,6,9
S01008059,65 to 74,53,37,36,1,16,1,0,1,0,14
S01008059,75 to 84,18,8,8,0,10,0,0,0,0,10
S01008059,85 and over,5,2,2,0,3,0,0,0,0,3
S01008060,All HRPs,326,251,235,16,75,21,3,9,21,21
S01008060,24 and under,0,0,0,0,0,0,0,0,0,0
S01008060,25 to 34,16,14,9,5,2,2,0,0,0,0
S01008060,35 to 49,119,94,85,9,25,7,2,7,9,0
S01008060,50 to 64,112,94,92,2,18,5,1,2,6,4
S01008060,65 to 74,60,40,40,0,20,5,0,0,6,9
S01008060,75 to 84,17,9,9,0,8,1,0,0,0,7
S01008060,85 and over,2,0,0,0,2,1,0,0,0,1
S01008061,All HRPs,283,166,147,19,117,32,1,15,36,33
S01008061,24 and under,1,0,0,0,1,1,0,0,0,0
S01008061,25 to 34,28,17,10,7,11,10,0,1,0,0
S01008061,35 to 49,118,86,79,7,32,11,1,6,14,0
S01008061,50 to 64,75,45,40,5,30,4,0,8,15,3
S01008061,65 to 74,26,10,10,0,16,4,0,0,6,6
S01008061,75 to 84,31,8,8,0,23,2,0,0,1,20
S01008061,85 and over,4,0,0,0,4,0,0,0,0,4
S01008062,All HRPs,371,233,221,12,138,47,3,11,33,44
S01008062,24 and under,8,2,0,2,6,6,0,0,0,0
S01008062,25 to 34,32,19,13,6,13,11,0,1,1,0
S01008062,35 to 49,99,63,60,3,36,16,1,5,11,3
S01008062,50 to 64,118,80,79,1,38,8,2,5,15,8
S01008062,65 to 74,54,36,36,0,18,2,0,0,4,12
S01008062,75 to 84,47,29,29,0,18,2,0,0,2,14
S01008062,85 and over,13,4,4,0,9,2,0,0,0,7
S01008063,All HRPs,381,246,230,16,135,35,5,11,29,55
S01008063,24 and under,3,0,0,0,3,3,0,0,0,0
S01008063,25 to 34,22,17,14,3,5,5,0,0,0,0
S01008063,35 to 49,103,74,66,8,29,16,2,6,4,1
S01008063,50 to 64,116,84,80,4,32,4,0,4,16,8
S01008063,65 to 74,54,37,36,1,17,1,1,0,7,8
S01008063,75 to 84,63,31,31,0,32,5,1,1,2,23
S01008063,85 and over,20,3,3,0,17,1,1,0,0,15
S01008064,All HRPs,296,130,101,29,166,45,2,13,57,49
S01008064,24 and under,5,2,0,2,3,3,0,0,0,0
S01008064,25 to 34,37,18,9,9,19,15,0,1,3,0
S01008064,35 to 49,86,39,30,9,47,18,0,2,23,4
S01008064,50 to 64,91,46,39,7,45,3,0,9,23,10
S01008064,65 to 74,41,14,12,2,27,3,2,1,4,17
S01008064,75 to 84,21,8,8,0,13,2,0,0,2,9
S01008064,85 and over,15,3,3,0,12,1,0,0,2,9
S01008065,All HRPs,348,271,253,18,77,17,4,6,16,34
S01008065,24 and under,2,0,0,0,2,2,0,0,0,0
S01008065,25 to 34,13,12,8,4,1,1,0,0,0,0
S01008065,35 to 49,116,99,90,9,17,7,1,4,4,1
S01008065,50 to 64,120,104,99,5,16,1,1,1,10,3
S01008065,65 to 74,54,38,38,0,16,3,2,1,2,8
S01008065,75 to 84,30,16,16,0,14,0,0,0,0,14
S01008065,85 and over,13,2,2,0,11,3,0,0,0,8
S01008066,All HRPs,326,253,240,13,73,11,2,4,15,41
S01008066,24 and under,2,0,0,0,2,2,0,0,0,0
S01008066,25 to 34,8,8,5,3,0,0,0,0,0,0
S01008066,35 to 49,85,76,71,5,9,1,2,2,3,1
S01008066,50 to 64,124,101,97,4,23,5,0,2,10,6
S01008066,65 to 74,56,47,47,0,9,1,0,0,1,7
S01008066,75 to 84,38,16,15,1,22,1,0,0,1,20
S01008066,85 and over,13,5,5,0,8,1,0,0,0,7
S01008067,All HRPs,257,180,170,10,77,19,1,8,19,30
S01008067,24 and under,2,0,0,0,2,2,0,0,0,0
S01008067,25 to 34,9,7,6,1,2,2,0,0,0,0
S01008067,35 to 49,52,39,35,4,13,6,0,3,4,0
S01008067,50 to 64,99,77,73,4,22,7,0,4,9,2
S01008067,65 to 74,50,33,33,0,17,0,1,0,6,10
S01008067,75 to 84,37,20,19,1,17,1,0,1,0,15
S01008067,85 and over,8,4,4,0,4,1,0,0,0,3
S01008068,All HRPs,384,260,238,22,124,37,3,4,21,59
S01008068,24 and under,2,0,0,0,2,2,0,0,0,0
S01008068,25 to 34,24,17,11,6,7,7,0,0,0,0
S01008068,35 to 49,94,67,57,10,27,15,1,4,6,1
S01008068,50 to 64,122,100,94,6,22,7,0,0,7,8
S01008068,65 to 74,82,57,57,0,25,5,1,0,7,12
S01008068,75 to 84,41,18,18,0,23,1,0,0,1,21
S01008068,85 and over,19,1,1,0,18,0,1,0,0,17
S01008069,All HRPs,385,259,229,30,126,39,1,14,22,50
S01008069,24 and under,6,2,1,1,4,4,0,0,0,0
S01008069,25 to 34,26,22,9,13,4,2,0,0,2,0
S01008069,35 to 49,128,87,79,8,41,23,1,6,11,0
S01008069,50 to 64,106,83,77,6,23,7,0,2,6,8
S01008069,65 to 74,62,39,37,2,23,1,0,3,3,16
S01008069,75 to 84,49,22,22,0,27,2,0,3,0,22
S01008069,85 and over,8,4,4,0,4,0,0,0,0,4
S01008070,All HRPs,356,228,209,19,128,30,1,13,33,51
S01008070,24 and under,2,0,0,0,2,2,0,0,0,0
S01008070,25 to 34,20,17,9,8,3,3,0,0,0,0
S01008070,35 to 49,94,60,55,5,34,16,0,8,10,0
S01008070,50 to 64,144,108,103,5,36,5,0,5,17,9
S01008070,65 to 74,52,30,29,1,22,3,1,0,3,15
S01008070,75 to 84,36,11,11,0,25,1,0,0,3,21
S01008070,85 and over,8,2,2,0,6,0,0,0,0,6
S01008071,All HRPs,287,192,166,26,95,21,0,16,22,36
S01008071,24 and under,0,0,0,0,0,0,0,0,0,0
S01008071,25 to 34,28,18,11,7,10,6,0,4,0,0
S01008071,35 to 49,80,62,53,9,18,5,0,6,7,0
S01008071,50 to 64,100,73,63,10,27,5,0,5,11,6
S01008071,65 to 74,32,19,19,0,13,3,0,0,2,8
S01008071,75 to 84,33,17,17,0,16,2,0,1,2,11
S01008071,85 and over,14,3,3,0,11,0,0,0,0,11
S01008072,All HRPs,350,179,153,26,171,71,3,24,38,35
S01008072,24 and under,22,2,1,1,20,20,0,0,0,0
S01008072,25 to 34,32,16,8,8,16,14,0,2,0,0
S01008072,35 to 49,121,69,59,10,52,23,1,11,17,0
S01008072,50 to 64,117,67,63,4,50,11,2,10,19,8
S01008072,65 to 74,33,17,15,2,16,3,0,0,2,11
S01008072,75 to 84,20,7,6,1,13,0,0,1,0,12
S01008072,85 and over,5,1,1,0,4,0,0,0,0,4
S01008073,All HRPs,178,147,142,5,31,8,1,4,5,13
S01008073,24 and under,1,0,0,0,1,1,0,0,0,0
S01008073,25 to 34,5,3,3,0,2,2,0,0,0,0
S01008073,35 to 49,52,43,40,3,9,4,0,0,5,0
S01008073,50 to 64,55,49,47,2,6,1,1,3,0,1
S01008073,65 to 74,28,25,25,0,3,0,0,0,0,3
S01008073,75 to 84,27,19,19,0,8,0,0,1,0,7
S01008073,85 and over,10,8,8,0,2,0,0,0,0,2
S01008074,All HRPs,378,264,236,28,114,28,4,9,20,53
S01008074,24 and under,0,0,0,0,0,0,0,0,0,0
S01008074,25 to 34,13,12,7,5,1,1,0,0,0,0
S01008074,35 to 49,104,85,69,16,19,8,0,5,4,2
S01008074,50 to 64,144,111,104,7,33,12,1,4,9,7
S01008074,65 to 74,49,36,36,0,13,1,0,0,4,8
S01008074,75 to 84,48,16,16,0,32,4,2,0,3,23
S01008074,85 and over,20,4,4,0,16,2,1,0,0,13
S01008075,All HRPs,246,167,160,7,79,19,0,6,13,41
S01008075,24 and under,0,0,0,0,0,0,0,0,0,0
S01008075,25 to 34,5,3,3,0,2,1,0,0,0,1
S01008075,35 to 49,60,52,50,2,8,1,0,3,4,0
S01008075,50 to 64,64,51,46,5,13,7,0,1,3,2
S01008075,65 to 74,49,31,31,0,18,3,0,1,5,9
S01008075,75 to 84,48,29,29,0,19,4,0,1,1,13
S01008075,85 and over,20,1,1,0,19,3,0,0,0,16
S01008076,All HRPs,301,179,167,12,122,32,2,5,23,60
S01008076,24 and under,2,0,0,0,2,2,0,0,0,0
S01008076,25 to 34,8,5,4,1,3,3,0,0,0,0
S01008076,35 to 49,53,36,28,8,17,12,0,2,2,1
S01008076,50 to 64,76,50,48,2,26,6,0,2,12,6
S01008076,65 to 74,65,39,38,1,26,6,1,1,6,12
S01008076,75 to 84,72,42,42,0,30,3,1,0,2,24
S01008076,85 and over,25,7,7,0,18,0,0,0,1,17
S01008077,All HRPs,349,223,213,10,126,32,4,10,23,57
S01008077,24 and under,2,0,0,0,2,2,0,0,0,0
S01008077,25 to 34,5,4,4,0,1,1,0,0,0,0
S01008077,35 to 49,86,68,62,6,18,8,0,5,5,0
S01008077,50 to 64,121,88,84,4,33,11,3,4,12,3
S01008077,65 to 74,53,30,30,0,23,8,0,1,6,8
S01008077,75 to 84,52,26,26,0,26,1,1,0,0,24
S01008077,85 and over,30,7,7,0,23,1,0,0,0,22
S01008078,All HRPs,350,217,202,15,133,41,7,10,22,53
S01008078,24 and under,4,2,0,2,2,2,0,0,0,0
S01008078,25 to 34,16,9,6,3,7,7,0,0,0,0
S01008078,35 to 49,89,67,58,9,22,10,2,3,4,3
S01008078,50 to 64,103,71,70,1,32,12,2,3,11,4
S01008078,65 to 74,58,38,38,0,20,6,1,4,4,5
S01008078,75 to 84,52,24,24,0,28,0,2,0,3,23
S01008078,85 and over,28,6,6,0,22,4,0,0,0,18
S01008079,All HRPs,341,266,250,16,75,14,2,5,12,42
S01008079,24 and under,2,2,1,1,0,0,0,0,0,0
S01008079,25 to 34,12,10,6,4,2,1,0,1,0,0
S01008079,35 to 49,83,71,64,7,12,1,0,3,8,0
S01008079,50 to 64,103,94,90,4,9,3,1,1,2,2
S01008079,65 to 74,74,60,60,0,14,3,0,0,0,11
S01008079,75 to 84,51,23,23,0,28,5,1,0,2,20
S01008079,85 and over,16,6,6,0,10,1,0,0,0,9
S01008080,All HRPs,279,192,174,18,87,26,3,17,11,30
S01008080,24 and under,1,1,1,0,0,0,0,0,0,0
S01008080,25 to 34,18,13,8,5,5,4,0,1,0,0
S01008080,35 to 49,82,55,44,11,27,10,2,8,5,2
S01008080,50 to 64,88,69,67,2,19,7,0,5,4,3
S01008080,65 to 74,42,31,31,0,11,2,0,1,2,6
S01008080,75 to 84,38,21,21,0,17,2,1,2,0,12
S01008080,85 and over,10,2,2,0,8,1,0,0,0,7
S01008081,All HRPs,235,155,150,5,80,21,3,6,12,38
S01008081,24 and under,2,1,1,0,1,1,0,0,0,0
S01008081,25 to 34,9,6,4,2,3,3,0,0,0,0
S01008081,35 to 49,57,44,41,3,13,5,1,0,7,0
S01008081,50 to 64,88,68,68,0,20,4,2,6,4,4
S01008081,65 to 74,38,23,23,0,15,3,0,0,0,12
S01008081,75 to 84,32,11,11,0,21,5,0,0,1,15
S01008081,85 and over,9,2,2,0,7,0,0,0,0,7
S01008082,All HRPs,328,221,198,23,107,22,6,13,18,48
S01008082,24 and under,0,0,0,0,0,0,0,0,0,0
S01008082,25 to 34,12,9,5,4,3,2,0,1,0,0
S01008082,35 to 49,90,68,58,10,22,7,3,7,5,0
S01008082,50 to 64,111,88,81,7,23,3,1,4,11,4
S01008082,65 to 74,59,39,37,2,20,4,0,0,2,14
S01008082,75 to 84,45,16,16,0,29,5,1,1,0,22
S01008082,85 and over,11,1,1,0,10,1,1,0,0,8
S01008083,All HRPs,270,190,179,11,80,13,2,10,15,40
S01008083,24 and under,0,0,0,0,0,0,0,0,0,0
S01008083,25 to 34,12,10,7,3,2,0,1,1,0,0
S01008083,35 to 49,77,59,51,8,18,6,1,7,3,1
S01008083,50 to 64,85,64,64,0,21,5,0,1,8,7
S01008083,65 to 74,59,42,42,0,17,1,0,0,4,12
S01008083,75 to 84,33,15,15,0,18,1,0,1,0,16
S01008083,85 and over,4,0,0,0,4,0,0,0,0,4
S01008084,All HRPs,353,217,201,16,136,55,2,16,20,43
S01008084,24 and under,5,0,0,0,5,5,0,0,0,0
S01008084,25 to 34,18,9,4,5,9,9,0,0,0,0
S01008084,35 to 49,93,56,52,4,37,23,1,6,7,0
S01008084,50 to 64,132,98,93,5,34,9,0,7,9,9
S01008084,65 to 74,63,35,34,1,28,5,1,3,3,16
S01008084,75 to 84,33,15,14,1,18,4,0,0,1,13
S01008084,85 and over,9,4,4,0,5,0,0,0,0,5
S01008085,All HRPs,339,264,252,12,75,21,1,10,9,34
S01008085,24 and under,2,0,0,0,2,2,0,0,0,0
S01008085,25 to 34,11,9,8,1,2,2,0,0,0,0
S01008085,35 to 49,96,83,80,3,13,7,0,4,1,1
S01008085,50 to 64,155,130,125,5,25,4,0,5,6,10
S01008085,65 to 74,41,30,27,3,11,1,0,1,1,8
S01008085,75 to 84,22,9,9,0,13,4,1,0,1,7
S01008085,85 and over,12,3,3,0,9,1,0,0,0,8
S01008086,All HRPs,418,274,236,38,144,40,0,13,37,54
S01008086,24 and under,5,0,0,0,5,5,0,0,0,0
S01008086,25 to 34,33,22,12,10,11,9,0,2,0,0
S01008086,35 to 49,129,94,82,12,35,16,0,6,11,2
S01008086,50 to 64,160,115,99,16,45,8,0,4,19,14
S01008086,65 to 74,49,29,29,0,20,1,0,0,6,13
S01008086,75 to 84,32,12,12,0,20,0,0,0,1,19
S01008086,85 and over,10,2,2,0,8,1,0,1,0,6
S01008087,All HRPs,330,228,217,11,102,14,3,11,16,58
S01008087,24 and under,2,0,0,0,2,2,0,0,0,0
S01008087,25 to 34,6,3,3,0,3,3,0,0,0,0
S01008087,35 to 49,89,73,65,8,16,3,2,4,6,1
S01008087,50 to 64,93,74,71,3,19,3,0,6,3,7
S01008087,65 to 74,59,36,36,0,23,1,0,1,5,16
S01008087,75 to 84,73,40,40,0,33,2,1,0,2,28
S01008087,85 and over,8,2,2,0,6,0,0,0,0,6
S01008088,All HRPs,398,239,216,23,159,45,2,15,31,66
S01008088,24 and under,4,0,0,0,4,4,0,0,0,0
S01008088,25 to 34,22,13,6,7,9,9,0,0,0,0
S01008088,35 to 49,98,64,57,7,34,18,1,7,7,1
S01008088,50 to 64,110,80,75,5,30,3,1,5,15,6
S01008088,65 to 74,85,55,53,2,30,3,0,2,3,22
S01008088,75 to 84,68,25,23,2,43,8,0,1,5,29
S01008088,85 and over,11,2,2,0,9,0,0,0,1,8
S01008089,All HRPs,243,179,162,17,64,13,3,6,11,31
S01008089,24 and under,2,0,0,0,2,2,0,0,0,0
S01008089,25 to 34,14,12,8,4,2,2,0,0,0,0
S01008089,35 to 49,61,52,46,6,9,4,0,2,3,0
S01008089,50 to 64,78,66,61,5,12,1,1,3,4,3
S01008089,65 to 74,52,30,29,1,22,2,1,0,4,15
S01008089,75 to 84,29,19,18,1,10,1,0,1,0,8
S01008089,85 and over,7,0,0,0,7,1,1,0,0,5
S01008090,All HRPs,305,193,174,19,112,27,1,13,15,56
S01008090,24 and under,1,0,0,0,1,1,0,0,0,0
S01008090,25 to 34,15,9,6,3,6,4,0,2,0,0
S01008090,35 to 49,91,71,60,11,20,10,1,6,3,0
S01008090,50 to 64,99,75,71,4,24,4,0,4,9,7
S01008090,65 to 74,34,18,18,0,16,2,0,1,2,11
S01008090,75 to 84,55,19,18,1,36,5,0,0,1,30
S01008090,85 and over,10,1,1,0,9,1,0,0,0,8
S01008091,All HRPs,146,118,110,8,28,6,1,4,3,14
S01008091,24 and under,0,0,0,0,0,0,0,0,0,0
S01008091,25 to 34,3,2,2,0,1,1,0,0,0,0
S01008091,35 to 49,32,26,23,3,6,2,1,2,0,1
S01008091,50 to 64,60,53,50,3,7,0,0,2,3,2
S01008091,65 to 74,22,16,14,2,6,2,0,0,0,4
S01008091,75 to 84,26,20,20,0,6,1,0,0,0,5
S01008091,85 and over,3,1,1,0,2,0,0,0,0,2
S01008092,All HRPs,368,261,247,14,107,16,3,5,13,70
S01008092,24 and under,1,0,0,0,1,1,0,0,0,0
S01008092,25 to 34,8,8,7,1,0,0,0,0,0,0
S01008092,35 to 49,88,77,70,7,11,3,1,2,3,2
S01008092,50 to 64,92,76,71,5,16,4,1,3,4,4
S01008092,65 to 74,77,52,52,0,25,2,1,0,5,17
S01008092,75 to 84,88,44,43,1,44,5,0,0,0,39
S01008092,85 and over,14,4,4,0,10,1,0,0,1,8
S01008093,All HRPs,331,195,182,13,136,34,5,10,13,74
S01008093,24 and under,6,3,0,3,3,3,0,0,0,0
S01008093,25 to 34,14,9,5,4,5,3,1,0,0,1
S01008093,35 to 49,82,58,55,3,24,14,0,4,4,2
S01008093,50 to 64,91,69,68,1,22,5,0,4,6,7
S01008093,65 to 74,50,23,23,0,27,8,1,1,2,15
S01008093,75 to 84,64,28,26,2,36,1,2,1,1,31
S01008093,85 and over,24,5,5,0,19,0,1,0,0,18
S01008094,All HRPs,257,187,172,15,70,10,2,6,7,45
S01008094,24 and under,2,1,0,1,1,1,0,0,0,0
S01008094,25 to 34,4,1,1,0,3,2,0,0,0,1
S01008094,35 to 49,75,66,56,10,9,3,0,2,4,0
S01008094,50 to 64,76,61,58,3,15,3,2,3,2,5
S01008094,65 to 74,52,35,34,1,17,1,0,1,1,14
S01008094,75 to 84,38,20,20,0,18,0,0,0,0,18
S01008094,85 and over,10,3,3,0,7,0,0,0,0,7
S01008095,All HRPs,345,182,163,19,163,42,4,18,31,68
S01008095,24 and under,3,0,0,0,3,3,0,0,0,0
S01008095,25 to 34,23,7,5,2,16,13,0,3,0,0
S01008095,35 to 49,86,49,36,13,37,18,0,5,12,2
S01008095,50 to 64,100,65,62,3,35,2,1,7,13,12
S01008095,65 to 74,64,33,33,0,31,3,1,2,5,20
S01008095,75 to 84,57,24,23,1,33,2,0,1,1,29
S01008095,85 and over,12,4,4,0,8,1,2,0,0,5
S01008096,All HRPs,334,211,198,13,123,34,3,7,9,70
S01008096,24 and under,1,0,0,0,1,1,0,0,0,0
S01008096,25 to 34,15,7,6,1,8,8,0,0,0,0
S01008096,35 to 49,65,53,45,8,12,6,0,1,3,2
S01008096,50 to 64,91,70,67,3,21,5,1,5,3,7
S01008096,65 to 74,67,41,40,1,26,3,2,0,3,18
S01008096,75 to 84,69,30,30,0,39,7,0,1,0,31
S01008096,85 and over,26,10,10,0,16,4,0,0,0,12
S01008097,All HRPs,281,152,146,6,129,26,2,8,14,79
S01008097,24 and under,1,0,0,0,1,1,0,0,0,0
S01008097,25 to 34,6,4,4,0,2,2,0,0,0,0
S01008097,35 to 49,62,44,41,3,18,2,2,6,6,2
S01008097,50 to 64,72,50,48,2,22,11,0,2,6,3
S01008097,65 to 74,48,33,33,0,15,4,0,0,2,9
S01008097,75 to 84,68,20,19,1,48,6,0,0,0,42
S01008097,85 and over,24,1,1,0,23,0,0,0,0,23
S01008098,All HRPs,293,188,178,10,105,26,5,8,23,43
S01008098,24 and under,0,0,0,0,0,0,0,0,0,0
S01008098,25 to 34,10,6,5,1,4,2,1,1,0,0
S01008098,35 to 49,83,57,50,7,26,11,0,4,8,3
S01008098,50 to 64,100,73,72,1,27,7,1,3,11,5
S01008098,65 to 74,37,27,26,1,10,1,1,0,2,6
S01008098,75 to 84,53,20,20,0,33,4,2,0,2,25
S01008098,85 and over,10,5,5,0,5,1,0,0,0,4
S01008099,All HRPs,209,138,121,17,71,27,1,6,15,22
S01008099,24 and under,5,0,0,0,5,5,0,0,0,0
S01008099,25 to 34,14,8,3,5,6,6,0,0,0,0
S01008099,35 to 49,67,54,45,9,13,5,0,3,4,1
S01008099,50 to 64,68,53,51,2,15,7,0,2,6,0
S01008099,65 to 74,26,10,10,0,16,3,1,1,4,7
S01008099,75 to 84,25,11,10,1,14,1,0,0,1,12
S01008099,85 and over,4,2,2,0,2,0,0,0,0,2
S01008100,All HRPs,401,238,221,17,163,37,4,13,15,94
S01008100,24 and under,3,0,0,0,3,3,0,0,0,0
S01008100,25 to 34,10,6,2,4,4,4,0,0,0,0
S01008100,35 to 49,81,65,58,7,16,7,2,3,3,1
S01008100,50 to 64,121,92,86,6,29,9,1,8,4,7
S01008100,65 to 74,77,46,46,0,31,5,0,2,5,19
S01008100,75 to 84,81,24,24,0,57,8,1,0,3,45
S01008100,85 and over,28,5,5,0,23,1,0,0,0,22
S01008101,All HRPs,351,167,144,23,184,95,4,24,35,26
S01008101,24 and under,10,0,0,0,10,10,0,0,0,0
S01008101,25 to 34,55,16,8,8,39,34,1,0,4,0
S01008101,35 to 49,133,66,56,10,67,35,1,14,16,1
S01008101,50 to 64,98,60,56,4,38,11,1,9,12,5
S01008101,65 to 74,33,17,16,1,16,2,1,1,3,9
S01008101,75 to 84,18,7,7,0,11,1,0,0,0,10
S01008101,85 and over,4,1,1,0,3,2,0,0,0,1
S01008102,All HRPs,310,160,141,19,150,53,6,17,34,40
S01008102,24 and under,7,1,0,1,6,6,0,0,0,0
S01008102,25 to 34,25,12,8,4,13,12,0,1,0,0
S01008102,35 to 49,107,54,42,12,53,19,5,13,15,1
S01008102,50 to 64,90,54,52,2,36,12,0,2,18,4
S01008102,65 to 74,42,27,27,0,15,1,1,1,1,11
S01008102,75 to 84,28,9,9,0,19,2,0,0,0,17
S01008102,85 and over,11,3,3,0,8,1,0,0,0,7
S01008103,All HRPs,338,108,84,24,230,101,2,16,53,58
S01008103,24 and under,9,2,1,1,7,7,0,0,0,0
S01008103,25 to 34,45,19,7,12,26,23,0,1,2,0
S01008103,35 to 49,113,35,28,7,78,52,0,7,18,1
S01008103,50 to 64,61,24,21,3,37,10,0,5,17,5
S01008103,65 to 74,47,13,13,0,34,5,1,2,8,18
S01008103,75 to 84,46,13,12,1,33,2,1,0,8,22
S01008103,85 and over,17,2,2,0,15,2,0,1,0,12
S01008104,All HRPs,390,171,142,29,219,90,2,23,52,52
S01008104,24 and under,11,2,0,2,9,9,0,0,0,0
S01008104,25 to 34,53,19,6,13,34,30,0,3,1,0
S01008104,35 to 49,99,40,32,8,59,32,0,14,11,2
S01008104,50 to 64,127,67,61,6,60,15,1,3,34,7
S01008104,65 to 74,53,30,30,0,23,2,0,2,5,14
S01008104,75 to 84,35,10,10,0,25,2,1,1,1,20
S01008104,85 and over,12,3,3,0,9,0,0,0,0,9
S01008105,All HRPs,518,181,139,42,337,134,3,46,64,90
S01008105,24 and under,13,4,1,3,9,9,0,0,0,0
S01008105,25 to 34,62,25,13,12,37,33,0,4,0,0
S01008105,35 to 49,163,60,43,17,103,60,0,25,16,2
S01008105,50 to 64,149,65,59,6,84,24,0,11,32,17
S01008105,65 to 74,65,19,17,2,46,6,1,6,13,20
S01008105,75 to 84,41,8,6,2,33,2,2,0,3,26
S01008105,85 and over,25,0,0,0,25,0,0,0,0,25
S01008106,All HRPs,371,140,112,28,231,95,3,25,50,58
S01008106,24 and under,11,2,0,2,9,9,0,0,0,0
S01008106,25 to 34,37,8,2,6,29,29,0,0,0,0
S01008106,35 to 49,102,47,36,11,55,31,0,12,10,2
S01008106,50 to 64,120,55,47,8,65,18,0,10,28,9
S01008106,65 to 74,47,16,16,0,31,3,1,3,10,14
S01008106,75 to 84,42,12,11,1,30,3,1,0,2,24
S01008106,85 and over,12,0,0,0,12,2,1,0,0,9
S01008107,All HRPs,281,213,185,28,68,27,4,8,18,11
S01008107,24 and under,0,0,0,0,0,0,0,0,0,0
S01008107,25 to 34,38,25,21,4,13,11,1,1,0,0
S01008107,35 to 49,150,129,107,22,21,9,2,5,5,0
S01008107,50 to 64,77,50,49,1,27,7,1,1,12,6
S01008107,65 to 74,8,5,4,1,3,0,0,1,1,1
S01008107,75 to 84,4,3,3,0,1,0,0,0,0,1
S01008107,85 and over,4,1,1,0,3,0,0,0,0,3
S01008108,All HRPs,244,169,150,19,75,29,2,9,19,16
S01008108,24 and under,3,0,0,0,3,3,0,0,0,0
S01008108,25 to 34,19,15,7,8,4,4,0,0,0,0
S01008108,35 to 49,80,54,47,7,26,15,1,3,6,1
S01008108,50 to 64,111,79,75,4,32,6,1,6,10,9
S01008108,65 to 74,24,18,18,0,6,1,0,0,3,2
S01008108,75 to 84,5,2,2,0,3,0,0,0,0,3
S01008108,85 and over,2,1,1,0,1,0,0,0,0,1
S01008109,All HRPs,332,235,214,21,97,26,3,19,13,36
S01008109,24 and under,3,2,0,2,1,1,0,0,0,0
S01008109,25 to 34,30,13,7,6,17,11,0,5,1,0
S01008109,35 to 49,86,65,57,8,21,9,1,4,6,1
S01008109,50 to 64,128,102,98,4,26,4,1,8,4,9
S01008109,65 to 74,63,38,37,1,25,1,1,2,2,19
S01008109,75 to 84,18,13,13,0,5,0,0,0,0,5
S01008109,85 and over,4,2,2,0,2,0,0,0,0,2
S01008110,All HRPs,316,231,207,24,85,23,0,9,22,31
S01008110,24 and under,2,1,1,0,1,1,0,0,0,0
S01008110,25 to 34,30,19,13,6,11,10,0,1,0,0
S01008110,35 to 49,124,105,94,11,19,8,0,5,5,1
S01008110,50 to 64,86,65,60,5,21,3,0,3,10,5
S01008110,65 to 74,41,25,23,2,16,1,0,0,3,12
S01008110,75 to 84,27,14,14,0,13,0,0,0,4,9
S01008110,85 and over,6,2,2,0,4,0,0,0,0,4
S01008111,All HRPs,349,227,210,17,122,16,1,9,15,81
S01008111,24 and under,2,1,0,1,1,1,0,0,0,0
S01008111,25 to 34,14,7,3,4,7,3,0,4,0,0
S01008111,35 to 49,78,69,63,6,9,3,0,3,2,1
S01008111,50 to 64,106,84,79,5,22,3,0,2,11,6
S01008111,65 to 74,62,40,40,0,22,2,1,0,2,17
S01008111,75 to 84,67,21,20,1,46,2,0,0,0,44
S01008111,85 and over,20,5,5,0,15,2,0,0,0,13
S01008112,All HRPs,322,231,219,12,91,14,0,14,12,51
S01008112,24 and under,0,0,0,0,0,0,0,0,0,0
S01008112,25 to 34,7,5,4,1,2,1,0,1,0,0
S01008112,35 to 49,81,61,54,7,20,7,0,7,4,2
S01008112,50 to 64,93,75,71,4,18,2,0,3,7,6
S01008112,65 to 74,72,49,49,0,23,2,0,2,1,18
S01008112,75 to 84,59,36,36,0,23,0,0,1,0,22
S01008112,85 and over,10,5,5,0,5,2,0,0,0,3
S01008113,All HRPs,359,251,232,19,108,28,1,10,17,52
S01008113,24 and under,8,2,1,1,6,6,0,0,0,0
S01008113,25 to 34,15,10,5,5,5,5,0,0,0,0
S01008113,35 to 49,79,64,60,4,15,7,0,4,3,1
S01008113,50 to 64,120,97,88,9,23,3,0,5,7,8
S01008113,65 to 74,67,38,38,0,29,1,0,1,5,22
S01008113,75 to 84,67,40,40,0,27,4,1,0,2,20
S01008113,85 and over,3,0,0,0,3,2,0,0,0,1
S01008114,All HRPs,262,190,175,15,72,16,2,7,8,39
S01008114,24 and under,2,2,0,2,0,0,0,0,0,0
S01008114,25 to 34,10,9,6,3,1,1,0,0,0,0
S01008114,35 to 49,72,55,51,4,17,6,1,5,4,1
S01008114,50 to 64,83,67,63,4,16,6,0,2,3,5
S01008114,65 to 74,46,33,33,0,13,0,0,0,1,12
S01008114,75 to 84,40,23,21,2,17,3,1,0,0,13
S01008114,85 and over,9,1,1,0,8,0,0,0,0,8
S01008115,All HRPs,368,215,189,26,153,60,3,20,41,29
S01008115,24 and under,1,1,0,1,0,0,0,0,0,0
S01008115,25 to 34,37,18,10,8,19,17,0,0,2,0
S01008115,35 to 49,137,85,74,11,52,22,1,10,16,3
S01008115,50 to 64,133,84,78,6,49,15,1,9,19,5
S01008115,65 to 74,38,20,20,0,18,3,1,1,4,9
S01008115,75 to 84,19,6,6,0,13,3,0,0,0,10
S01008115,85 and over,3,1,1,0,2,0,0,0,0,2
S01008116,All HRPs,350,249,230,19,101,21,3,10,28,39
S01008116,24 and under,1,0,0,0,1,1,0,0,0,0
S01008116,25 to 34,22,15,8,7,7,5,0,1,1,0
S01008116,35 to 49,106,83,74,9,23,5,1,7,7,3
S01008116,50 to 64,122,93,90,3,29,7,0,2,13,7
S01008116,65 to 74,65,39,39,0,26,3,2,0,6,15
S01008116,75 to 84,31,19,19,0,12,0,0,0,1,11
S01008116,85 and over,3,0,0,0,3,0,0,0,0,3
S01008117,All HRPs,329,222,214,8,107,27,2,15,22,41
S01008117,24 and under,4,0,0,0,4,4,0,0,0,0
S01008117,25 to 34,8,3,3,0,5,2,0,1,1,1
S01008117,35 to 49,79,58,56,2,21,8,1,5,5,2
S01008117,50 to 64,110,87,84,3,23,3,0,6,9,5
S01008117,65 to 74,61,43,41,2,18,1,0,3,5,9
S01008117,75 to 84,53,26,25,1,27,7,1,0,2,17
S01008117,85 and over,14,5,5,0,9,2,0,0,0,7
S01008118,All HRPs,361,210,181,29,151,29,3,17,29,73
S01008118,24 and under,2,0,0,0,2,2,0,0,0,0
S01008118,25 to 34,28,19,9,10,9,5,0,3,1,0
S01008118,35 to 49,105,74,61,13,31,11,0,9,9,2
S01008118,50 to 64,95,64,60,4,31,8,0,5,13,5
S01008118,65 to 74,45,27,25,2,18,1,0,0,5,12
S01008118,75 to 84,55,21,21,0,34,1,1,0,1,31
S01008118,85 and over,31,5,5,0,26,1,2,0,0,23
S01008119,All HRPs,260,141,120,21,119,39,0,16,28,36
S01008119,24 and under,4,2,1,1,2,2,0,0,0,0
S01008119,25 to 34,26,10,5,5,16,11,0,4,1,0
S01008119,35 to 49,62,32,26,6,30,16,0,6,7,1
S01008119,50 to 64,86,61,55,6,25,6,0,3,10,6
S01008119,65 to 74,46,21,18,3,25,2,0,3,6,14
S01008119,75 to 84,30,14,14,0,16,1,0,0,4,11
S01008119,85 and over,6,1,1,0,5,1,0,0,0,4
S01008120,All HRPs,288,156,137,19,132,45,2,14,26,45
S01008120,24 and under,11,5,1,4,6,6,0,0,0,0
S01008120,25 to 34,24,10,6,4,14,13,0,0,1,0
S01008120,35 to 49,69,39,33,6,30,12,0,8,10,0
S01008120,50 to 64,70,49,45,4,21,9,1,2,8,1
S01008120,65 to 74,48,25,24,1,23,3,1,4,4,11
S01008120,75 to 84,42,17,17,0,25,0,0,0,2,23
S01008120,85 and over,24,11,11,0,13,2,0,0,1,10
S01008121,All HRPs,269,195,192,3,74,13,4,2,9,46
S01008121,24 and under,2,0,0,0,2,2,0,0,0,0
S01008121,25 to 34,9,8,6,2,1,1,0,0,0,0
S01008121,35 to 49,58,51,50,1,7,2,0,2,2,1
S01008121,50 to 64,81,70,70,0,11,2,1,0,4,4
S01008121,65 to 74,57,46,46,0,11,3,0,0,2,6
S01008121,75 to 84,44,16,16,0,28,2,2,0,1,23
S01008121,85 and over,18,4,4,0,14,1,1,0,0,12
S01008122,All HRPs,266,200,189,11,66,17,2,7,8,32
S01008122,24 and under,5,2,0,2,3,3,0,0,0,0
S01008122,25 to 34,8,7,6,1,1,1,0,0,0,0
S01008122,35 to 49,89,77,70,7,12,5,1,3,3,0
S01008122,50 to 64,89,69,68,1,20,5,0,4,3,8
S01008122,65 to 74,35,25,25,0,10,1,1,0,2,6
S01008122,75 to 84,29,15,15,0,14,1,0,0,0,13
S01008122,85 and over,11,5,5,0,6,1,0,0,0,5
S01008123,All HRPs,366,247,231,16,119,34,3,9,21,52
S01008123,24 and under,2,0,0,0,2,2,0,0,0,0
S01008123,25 to 34,19,11,5,6,8,8,0,0,0,0
S01008123,35 to 49,88,66,61,5,22,7,2,4,8,1
S01008123,50 to 64,110,84,80,4,26,11,1,3,8,3
S01008123,65 to 74,81,59,58,1,22,3,0,2,3,14
S01008123,75 to 84,43,21,21,0,22,2,0,0,2,18
S01008123,85 and over,23,6,6,0,17,1,0,0,0,16
S01008124,All HRPs,306,227,213,14,79,9,3,11,24,32
S01008124,24 and under,1,1,0,1,0,0,0,0,0,0
S01008124,25 to 34,9,7,3,4,2,1,0,1,0,0
S01008124,35 to 49,101,83,78,5,18,4,0,8,5,1
S01008124,50 to 64,112,86,83,3,26,3,0,2,16,5
S01008124,65 to 74,55,41,40,1,14,1,1,0,1,11
S01008124,75 to 84,22,7,7,0,15,0,1,0,2,12
S01008124,85 and over,6,2,2,0,4,0,1,0,0,3
S01008125,All HRPs,378,238,218,20,140,41,6,23,17,53
S01008125,24 and under,6,1,0,1,5,5,0,0,0,0
S01008125,25 to 34,30,21,13,8,9,9,0,0,0,0
S01008125,35 to 49,99,73,67,6,26,11,3,6,4,2
S01008125,50 to 64,133,87,83,4,46,11,3,15,10,7
S01008125,65 to 74,55,34,33,1,21,2,0,2,2,15
S01008125,75 to 84,36,18,18,0,18,3,0,0,1,14
S01008125,85 and over,19,4,4,0,15,0,0,0,0,15
S01008126,All HRPs,308,229,210,19,79,27,1,9,18,24
S01008126,24 and under,3,1,1,0,2,1,0,1,0,0
S01008126,25 to 34,21,14,9,5,7,7,0,0,0,0
S01008126,35 to 49,97,72,66,6,25,5,0,6,11,3
S01008126,50 to 64,132,102,96,6,30,12,1,1,5,11
S01008126,65 to 74,38,31,30,1,7,0,0,1,1,5
S01008126,75 to 84,13,9,8,1,4,1,0,0,1,2
S01008126,85 and over,4,0,0,0,4,1,0,0,0,3
S01008127,All HRPs,194,141,129,12,53,11,0,7,11,24
S01008127,24 and under,0,0,0,0,0,0,0,0,0,0
S01008127,25 to 34,13,11,8,3,2,2,0,0,0,0
S01008127,35 to 49,54,40,34,6,14,8,0,3,3,0
S01008127,50 to 64,69,56,53,3,13,0,0,2,8,3
S01008127,65 to 74,28,17,17,0,11,0,0,1,0,10
S01008127,75 to 84,24,14,14,0,10,0,0,1,0,9
S01008127,85 and over,6,3,3,0,3,1,0,0,0,2
S01008128,All HRPs,350,242,219,23,108,19,1,19,32,37
S01008128,24 and under,1,1,0,1,0,0,0,0,0,0
S01008128,25 to 34,14,12,9,3,2,1,0,0,1,0
S01008128,35 to 49,106,67,56,11,39,10,0,13,15,1
S01008128,50 to 64,128,98,90,8,30,4,0,6,11,9
S01008128,65 to 74,61,42,42,0,19,3,0,0,4,12
S01008128,75 to 84,34,19,19,0,15,0,1,0,1,13
S01008128,85 and over,6,3,3,0,3,1,0,0,0,2
S01008129,All HRPs,426,186,142,44,240,100,3,23,68,46
S01008129,24 and under,19,3,0,3,16,13,0,0,2,1
S01008129,25 to 34,54,27,10,17,27,23,0,1,3,0
S01008129,35 to 49,138,61,45,16,77,44,1,10,21,1
S01008129,50 to 64,117,61,55,6,56,12,1,9,30,4
S01008129,65 to 74,47,18,17,1,29,4,1,1,11,12
S01008129,75 to 84,38,13,12,1,25,1,0,2,1,21
S01008129,85 and over,13,3,3,0,10,3,0,0,0,7
S01008130,All HRPs,462,193,137,56,269,128,4,28,62,47
S01008130,24 and under,26,2,0,2,24,24,0,0,0,0
S01008130,25 to 34,64,31,12,19,33,33,0,0,0,0
S01008130,35 to 49,143,61,35,26,82,44,1,9,27,1
S01008130,50 to 64,126,57,51,6,69,13,1,18,29,8
S01008130,65 to 74,53,26,24,2,27,5,1,0,5,16
S01008130,75 to 84,37,14,13,1,23,5,1,1,1,15
S01008130,85 and over,13,2,2,0,11,4,0,0,0,7
S01008131,All HRPs,398,134,102,32,264,131,4,24,56,49
S01008131,24 and under,19,4,0,4,15,15,0,0,0,0
S01008131,25 to 34,65,25,13,12,40,38,0,1,1,0
S01008131,35 to 49,126,36,27,9,90,53,1,11,19,6
S01008131,50 to 64,92,43,38,5,49,16,1,9,19,4
S01008131,65 to 74,53,19,18,1,34,6,1,3,12,12
S01008131,75 to 84,32,7,6,1,25,3,0,0,4,18
S01008131,85 and over,11,0,0,0,11,0,1,0,1,9
S01008132,All HRPs,423,298,271,27,125,19,5,14,13,74
S01008132,24 and under,2,1,0,1,1,1,0,0,0,0
S01008132,25 to 34,14,9,6,3,5,4,0,1,0,0
S01008132,35 to 49,110,97,80,17,13,4,0,5,4,0
S01008132,50 to 64,114,90,87,3,24,7,1,5,3,8
S01008132,65 to 74,82,53,50,3,29,2,1,2,5,19
S01008132,75 to 84,79,43,43,0,36,1,2,1,1,31
S01008132,85 and over,22,5,5,0,17,0,1,0,0,16
S01008133,All HRPs,338,132,117,15,206,61,6,20,58,61
S01008133,24 and under,9,1,1,0,8,8,0,0,0,0
S01008133,25 to 34,30,16,9,7,14,13,0,1,0,0
S01008133,35 to 49,73,31,27,4,42,26,0,4,12,0
S01008133,50 to 64,99,38,36,2,61,6,4,14,35,2
S01008133,65 to 74,51,29,29,0,22,7,2,1,5,7
S01008133,75 to 84,48,17,15,2,31,0,0,0,3,28
S01008133,85 and over,28,0,0,0,28,1,0,0,3,24
S01008134,All HRPs,325,124,87,37,201,93,4,21,50,33
S01008134,24 and under,10,6,0,6,4,4,0,0,0,0
S01008134,25 to 34,61,24,10,14,37,35,0,0,2,0
S01008134,35 to 49,98,34,22,12,64,40,1,10,13,0
S01008134,50 to 64,83,37,32,5,46,8,1,6,26,5
S01008134,65 to 74,32,12,12,0,20,3,1,1,8,7
S01008134,75 to 84,31,6,6,0,25,3,1,4,1,16
S01008134,85 and over,10,5,5,0,5,0,0,0,0,5
S01008135,All HRPs,478,244,184,60,234,128,4,34,48,20
S01008135,24 and under,29,8,1,7,21,21,0,0,0,0
S01008135,25 to 34,95,44,18,26,51,48,2,0,1,0
S01008135,35 to 49,194,108,89,19,86,45,1,20,19,1
S01008135,50 to 64,104,57,52,5,47,9,1,7,23,7
S01008135,65 to 74,39,20,18,2,19,4,0,7,2,6
S01008135,75 to 84,13,4,3,1,9,1,0,0,3,5
S01008135,85 and over,4,3,3,0,1,0,0,0,0,1
S01008136,All HRPs,448,189,144,45,259,108,6,23,60,62
S01008136,24 and under,8,7,2,5,1,1,0,0,0,0
S01008136,25 to 34,62,25,6,19,37,36,0,1,0,0
S01008136,35 to 49,129,65,54,11,64,40,0,13,10,1
S01008136,50 to 64,121,47,39,8,74,19,0,8,40,7
S01008136,65 to 74,72,29,27,2,43,9,0,1,9,24
S01008136,75 to 84,32,10,10,0,22,0,3,0,0,19
S01008136,85 and over,24,6,6,0,18,3,3,0,1,11
S01008137,All HRPs,414,110,69,41,304,141,2,55,66,40
S01008137,24 and under,22,3,0,3,19,19,0,0,0,0
S01008137,25 to 34,79,30,11,19,49,39,0,9,1,0
S01008137,35 to 49,130,27,16,11,103,56,0,24,20,3
S01008137,50 to 64,121,33,26,7,88,19,2,17,38,12
S01008137,65 to 74,34,11,10,1,23,4,0,3,6,10
S01008137,75 to 84,22,5,5,0,17,3,0,2,1,11
S01008137,85 and over,6,1,1,0,5,1,0,0,0,4
S01008138,All HRPs,374,132,99,33,242,105,2,29,59,47
S01008138,24 and under,15,3,0,3,12,12,0,0,0,0
S01008138,25 to 34,49,17,5,12,32,28,0,4,0,0
S01008138,35 to 49,137,55,42,13,82,37,1,16,27,1
S01008138,50 to 64,113,44,39,5,69,18,0,8,25,18
S01008138,65 to 74,34,10,10,0,24,5,0,1,5,13
S01008138,75 to 84,23,3,3,0,20,4,1,0,2,13
S01008138,85 and over,3,0,0,0,3,1,0,0,0,2
S01008139,All HRPs,393,177,145,32,216,93,2,27,39,55
S01008139,24 and under,21,0,0,0,21,21,0,0,0,0
S01008139,25 to 34,52,26,16,10,26,25,0,1,0,0
S01008139,35 to 49,125,57,40,17,68,32,0,13,20,3
S01008139,50 to 64,95,54,49,5,41,10,0,11,14,6
S01008139,65 to 74,48,27,27,0,21,3,1,1,4,12
S01008139,75 to 84,37,12,12,0,25,1,1,1,1,21
S01008139,85 and over,15,1,1,0,14,1,0,0,0,13
S01008140,All HRPs,239,96,80,16,143,55,2,8,28,50
S01008140,24 and under,5,0,0,0,5,5,0,0,0,0
S01008140,25 to 34,37,12,7,5,25,24,0,0,1,0
S01008140,35 to 49,64,30,21,9,34,15,2,3,11,3
S01008140,50 to 64,54,30,28,2,24,6,0,4,8,6
S01008140,65 to 74,26,14,14,0,12,1,0,0,5,6
S01008140,75 to 84,29,8,8,0,21,3,0,1,1,16
S01008140,85 and over,24,2,2,0,22,1,0,0,2,19
S01008141,All HRPs,318,223,207,16,95,17,1,10,15,52
S01008141,24 and under,2,0,0,0,2,2,0,0,0,0
S01008141,25 to 34,11,6,5,1,5,4,0,1,0,0
S01008141,35 to 49,93,75,66,9,18,4,1,6,5,2
S01008141,50 to 64,104,83,79,4,21,4,0,2,8,7
S01008141,65 to 74,56,38,37,1,18,1,0,1,1,15
S01008141,75 to 84,46,19,19,0,27,2,0,0,1,24
S01008141,85 and over,6,2,1,1,4,0,0,0,0,4
S01008142,All HRPs,293,213,191,22,80,20,3,15,16,26
S01008142,24 and under,5,2,0,2,3,3,0,0,0,0
S01008142,25 to 34,20,11,9,2,9,7,0,2,0,0
S01008142,35 to 49,94,78,66,12,16,7,1,3,5,0
S01008142,50 to 64,123,92,86,6,31,3,0,10,10,8
S01008142,65 to 74,28,20,20,0,8,0,1,0,0,7
S01008142,75 to 84,20,10,10,0,10,0,1,0,1,8
S01008142,85 and over,3,0,0,0,3,0,0,0,0,3
S01008143,All HRPs,428,173,142,31,255,93,1,23,76,62
S01008143,24 and under,16,3,0,3,13,13,0,0,0,0
S01008143,25 to 34,45,17,11,6,28,26,0,0,2,0
S01008143,35 to 49,126,60,48,12,66,23,1,11,31,0
S01008143,50 to 64,118,59,52,7,59,17,0,8,26,8
S01008143,65 to 74,57,18,17,1,39,3,0,3,15,18
S01008143,75 to 84,49,16,14,2,33,7,0,1,2,23
S01008143,85 and over,17,0,0,0,17,4,0,0,0,13
S01008144,All HRPs,229,166,154,12,63,17,0,12,12,22
S01008144,24 and under,4,1,0,1,3,3,0,0,0,0
S01008144,25 to 34,11,8,8,0,3,1,0,2,0,0
S01008144,35 to 49,61,48,41,7,13,6,0,5,2,0
S01008144,50 to 64,95,71,68,3,24,7,0,5,9,3
S01008144,65 to 74,32,22,21,1,10,0,0,0,1,9
S01008144,75 to 84,25,16,16,0,9,0,0,0,0,9
S01008144,85 and over,1,0,0,0,1,0,0,0,0,1
S01008145,All HRPs,328,183,153,30,145,53,2,17,27,46
S01008145,24 and under,12,2,0,2,10,10,0,0,0,0
S01008145,25 to 34,29,19,7,12,10,7,0,1,2,0
S01008145,35 to 49,99,65,54,11,34,16,1,5,10,2
S01008145,50 to 64,109,64,60,4,45,15,0,10,12,8
S01008145,65 to 74,42,21,21,0,21,4,0,1,2,14
S01008145,75 to 84,27,8,7,1,19,0,1,0,0,18
S01008145,85 and over,10,4,4,0,6,1,0,0,1,4
S01008146,All HRPs,218,98,78,20,120,51,1,9,20,39
S01008146,24 and under,9,1,0,1,8,8,0,0,0,0
S01008146,25 to 34,24,5,1,4,19,18,0,1,0,0
S01008146,35 to 49,48,24,18,6,24,13,0,4,4,3
S01008146,50 to 64,63,40,32,8,23,3,1,4,8,7
S01008146,65 to 74,45,22,21,1,23,3,0,0,6,14
S01008146,75 to 84,22,5,5,0,17,4,0,0,2,11
S01008146,85 and over,7,1,1,0,6,2,0,0,0,4
S01008147,All HRPs,339,194,164,30,145,36,1,23,44,41
S01008147,24 and under,3,0,0,0,3,3,0,0,0,0
S01008147,25 to 34,30,19,7,12,11,10,0,1,0,0
S01008147,35 to 49,101,58,46,12,43,19,0,12,11,1
S01008147,50 to 64,127,80,74,6,47,2,1,10,25,9
S01008147,65 to 74,45,25,25,0,20,1,0,0,7,12
S01008147,75 to 84,30,10,10,0,20,1,0,0,1,18
S01008147,85 and over,3,2,2,0,1,0,0,0,0,1
S01008148,All HRPs,328,189,171,18,139,42,2,23,38,34
S01008148,24 and under,8,2,0,2,6,6,0,0,0,0
S01008148,25 to 34,25,11,4,7,14,13,0,1,0,0
S01008148,35 to 49,111,69,61,8,42,19,0,10,13,0
S01008148,50 to 64,116,77,77,0,39,2,0,10,16,11
S01008148,65 to 74,44,23,23,0,21,1,1,1,8,10
S01008148,75 to 84,16,7,6,1,9,1,1,1,1,5
S01008148,85 and over,8,0,0,0,8,0,0,0,0,8
S01008149,All HRPs,313,157,130,27,156,58,0,25,24,49
S01008149,24 and under,21,4,0,4,17,17,0,0,0,0
S01008149,25 to 34,33,20,10,10,13,13,0,0,0,0
S01008149,35 to 49,107,56,47,9,51,27,0,17,5,2
S01008149,50 to 64,77,48,44,4,29,0,0,5,14,10
S01008149,65 to 74,38,22,22,0,16,1,0,1,4,10
S01008149,75 to 84,35,7,7,0,28,0,0,2,1,25
S01008149,85 and over,2,0,0,0,2,0,0,0,0,2
S01008150,All HRPs,428,194,148,46,234,87,2,29,51,65
S01008150,24 and under,20,7,0,7,13,13,0,0,0,0
S01008150,25 to 34,59,33,20,13,26,25,0,1,0,0
S01008150,35 to 49,125,50,32,18,75,35,1,17,21,1
S01008150,50 to 64,95,47,45,2,48,10,0,8,19,11
S01008150,65 to 74,69,35,32,3,34,2,0,2,10,20
S01008150,75 to 84,46,19,16,3,27,2,1,1,1,22
S01008150,85 and over,14,3,3,0,11,0,0,0,0,11
S01008151,All HRPs,321,148,122,26,173,60,0,15,34,64
S01008151,24 and under,15,3,0,3,12,12,0,0,0,0
S01008151,25 to 34,30,15,6,9,15,14,0,0,1,0
S01008151,35 to 49,105,55,46,9,50,26,0,10,12,2
S01008151,50 to 64,69,41,36,5,28,3,0,4,15,6
S01008151,65 to 74,35,18,18,0,17,4,0,1,3,9
S01008151,75 to 84,52,14,14,0,38,1,0,0,3,34
S01008151,85 and over,15,2,2,0,13,0,0,0,0,13
S01008152,All HRPs,511,206,176,30,305,92,6,28,84,95
S01008152,24 and under,16,3,0,3,13,13,0,0,0,0
S01008152,25 to 34,45,17,9,8,28,26,0,2,0,0
S01008152,35 to 49,128,51,36,15,77,37,2,15,21,2
S01008152,50 to 64,137,71,69,2,66,8,0,7,39,12
S01008152,65 to 74,78,33,32,1,45,3,2,0,16,24
S01008152,75 to 84,80,27,26,1,53,1,2,2,7,41
S01008152,85 and over,27,4,4,0,23,4,0,2,1,16
S01008153,All HRPs,295,219,201,18,76,23,3,13,20,17
S01008153,24 and under,3,0,0,0,3,3,0,0,0,0
S01008153,25 to 34,18,13,7,6,5,5,0,0,0,0
S01008153,35 to 49,91,72,66,6,19,5,1,6,6,1
S01008153,50 to 64,130,96,90,6,34,9,1,7,12,5
S01008153,65 to 74,35,28,28,0,7,0,1,0,2,4
S01008153,75 to 84,13,7,7,0,6,1,0,0,0,5
S01008153,85 and over,5,3,3,0,2,0,0,0,0,2
S01008154,All HRPs,355,228,210,18,127,20,5,10,32,60
S01008154,24 and under,6,2,0,2,4,2,0,0,2,0
S01008154,25 to 34,21,20,15,5,1,0,1,0,0,0
S01008154,35 to 49,71,53,47,6,18,5,0,6,6,1
S01008154,50 to 64,120,81,77,4,39,7,0,4,15,13
S01008154,65 to 74,78,45,44,1,33,3,2,0,7,21
S01008154,75 to 84,45,25,25,0,20,2,1,0,2,15
S01008154,85 and over,14,2,2,0,12,1,1,0,0,10
S01008155,All HRPs,275,178,158,20,97,25,4,11,29,28
S01008155,24 and under,3,2,0,2,1,1,0,0,0,0
S01008155,25 to 34,20,17,9,8,3,3,0,0,0,0
S01008155,35 to 49,73,48,41,7,25,7,2,6,9,1
S01008155,50 to 64,104,70,68,2,34,10,1,5,13,5
S01008155,65 to 74,44,29,28,1,15,1,0,0,5,9
S01008155,75 to 84,24,11,11,0,13,1,1,0,2,9
S01008155,85 and over,7,1,1,0,6,2,0,0,0,4
S01008156,All HRPs,391,217,182,35,174,64,0,21,42,47
S01008156,24 and under,12,2,0,2,10,10,0,0,0,0
S01008156,25 to 34,32,18,11,7,14,12,0,2,0,0
S01008156,35 to 49,100,54,41,13,46,21,0,9,16,0
S01008156,50 to 64,131,82,73,9,49,13,0,7,20,9
S01008156,65 to 74,61,43,39,4,18,2,0,2,6,8
S01008156,75 to 84,36,16,16,0,20,4,0,1,0,15
S01008156,85 and over,19,2,2,0,17,2,0,0,0,15
S01008157,All HRPs,293,181,159,22,112,35,1,20,27,29
S01008157,24 and under,6,3,0,3,3,3,0,0,0,0
S01008157,25 to 34,25,15,9,6,10,9,0,1,0,0
S01008157,35 to 49,104,63,56,7,41,14,1,12,11,3
S01008157,50 to 64,100,74,71,3,26,8,0,2,11,5
S01008157,65 to 74,37,19,16,3,18,1,0,4,4,9
S01008157,75 to 84,13,6,6,0,7,0,0,1,1,5
S01008157,85 and over,8,1,1,0,7,0,0,0,0,7
S01008158,All HRPs,287,196,168,28,91,34,1,10,23,23
S01008158,24 and under,5,2,1,1,3,3,0,0,0,0
S01008158,25 to 34,38,24,12,12,14,11,0,2,1,0
S01008158,35 to 49,83,57,49,8,26,13,1,4,8,0
S01008158,50 to 64,121,93,87,6,28,5,0,3,13,7
S01008158,65 to 74,24,12,12,0,12,1,0,1,1,9
S01008158,75 to 84,12,6,5,1,6,1,0,0,0,5
S01008158,85 and over,4,2,2,0,2,0,0,0,0,2
S01008159,All HRPs,461,172,134,38,289,127,2,37,70,53
S01008159,24 and under,29,5,3,2,24,24,0,0,0,0
S01008159,25 to 34,55,26,14,12,29,28,0,1,0,0
S01008159,35 to 49,126,44,31,13,82,40,0,19,22,1
S01008159,50 to 64,143,62,54,8,81,18,2,15,36,10
S01008159,65 to 74,54,22,19,3,32,13,0,1,6,12
S01008159,75 to 84,39,12,12,0,27,4,0,1,4,18
S01008159,85 and over,15,1,1,0,14,0,0,0,2,12
S01008160,All HRPs,397,174,142,32,223,89,0,30,54,50
S01008160,24 and under,9,2,0,2,7,7,0,0,0,0
S01008160,25 to 34,36,23,13,10,13,11,0,1,1,0
S01008160,35 to 49,148,68,55,13,80,42,0,17,18,3
S01008160,50 to 64,113,52,46,6,61,17,0,7,27,10
S01008160,65 to 74,41,16,16,0,25,9,0,3,7,6
S01008160,75 to 84,40,11,10,1,29,1,0,1,1,26
S01008160,85 and over,10,2,2,0,8,2,0,1,0,5
S01008161,All HRPs,399,284,234,50,115,47,0,18,31,19
S01008161,24 and under,2,0,0,0,2,2,0,0,0,0
S01008161,25 to 34,54,39,22,17,15,12,0,2,1,0
S01008161,35 to 49,169,126,104,22,43,22,0,12,8,1
S01008161,50 to 64,117,85,74,11,32,5,0,4,18,5
S01008161,65 to 74,34,23,23,0,11,1,0,0,4,6
S01008161,75 to 84,19,10,10,0,9,4,0,0,0,5
S01008161,85 and over,4,1,1,0,3,1,0,0,0,2
S01008162,All HRPs,430,258,217,41,172,64,1,14,34,59
S01008162,24 and under,4,2,2,0,2,2,0,0,0,0
S01008162,25 to 34,41,25,15,10,16,14,0,2,0,0
S01008162,35 to 49,138,99,73,26,39,24,1,6,5,3
S01008162,50 to 64,114,73,68,5,41,11,0,6,19,5
S01008162,65 to 74,72,38,38,0,34,4,0,0,8,22
S01008162,75 to 84,45,18,18,0,27,4,0,0,2,21
S01008162,85 and over,16,3,3,0,13,5,0,0,0,8
S01008163,All HRPs,327,165,125,40,162,63,5,15,38,41
S01008163,24 and under,14,3,0,3,11,11,0,0,0,0
S01008163,25 to 34,37,16,6,10,21,18,1,2,0,0
S01008163,35 to 49,99,55,41,14,44,22,3,6,12,1
S01008163,50 to 64,95,55,44,11,40,10,0,6,19,5
S01008163,65 to 74,41,19,17,2,22,2,1,1,6,12
S01008163,75 to 84,31,16,16,0,15,0,0,0,0,15
S01008163,85 and over,10,1,1,0,9,0,0,0,1,8
S01008164,All HRPs,289,135,108,27,154,59,3,18,43,31
S01008164,24 and under,7,1,0,1,6,6,0,0,0,0
S01008164,25 to 34,45,16,7,9,29,27,0,1,1,0
S01008164,35 to 49,93,63,50,13,30,13,0,8,8,1
S01008164,50 to 64,86,39,35,4,47,5,1,6,26,9
S01008164,65 to 74,40,13,13,0,27,5,0,3,8,11
S01008164,75 to 84,11,3,3,0,8,1,1,0,0,6
S01008164,85 and over,7,0,0,0,7,2,1,0,0,4
S01008165,All HRPs,266,212,159,53,54,13,2,7,20,12
S01008165,24 and under,7,5,1,4,2,2,0,0,0,0
S01008165,25 to 34,54,46,27,19,8,7,0,1,0,0
S01008165,35 to 49,123,105,79,26,18,4,1,5,8,0
S01008165,50 to 64,64,43,39,4,21,0,1,0,11,9
S01008165,65 to 74,11,9,9,0,2,0,0,0,0,2
S01008165,75 to 84,6,3,3,0,3,0,0,1,1,1
S01008165,85 and over,1,1,1,0,0,0,0,0,0,0
S01008166,All HRPs,226,123,102,21,103,35,2,19,24,23
S01008166,24 and under,5,1,0,1,4,4,0,0,0,0
S01008166,25 to 34,23,12,5,7,11,9,0,1,1,0
S01008166,35 to 49,74,41,31,10,33,13,0,11,9,0
S01008166,50 to 64,68,41,38,3,27,7,1,5,11,3
S01008166,65 to 74,26,15,15,0,11,1,0,2,3,5
S01008166,75 to 84,20,10,10,0,10,1,1,0,0,8
S01008166,85 and over,10,3,3,0,7,0,0,0,0,7
S01008167,All HRPs,294,151,104,47,143,43,0,17,35,48
S01008167,24 and under,9,3,0,3,6,6,0,0,0,0
S01008167,25 to 34,41,22,8,14,19,14,0,4,0,1
S01008167,35 to 49,99,56,36,20,43,15,0,8,16,4
S01008167,50 to 64,72,40,33,7,32,6,0,3,12,11
S01008167,65 to 74,44,19,16,3,25,2,0,2,6,15
S01008167,75 to 84,16,8,8,0,8,0,0,0,1,7
S01008167,85 and over,13,3,3,0,10,0,0,0,0,10
S01008168,All HRPs,349,180,138,42,169,74,6,21,32,36
S01008168,24 and under,20,4,0,4,16,16,0,0,0,0
S01008168,25 to 34,45,22,9,13,23,17,0,5,1,0
S01008168,35 to 49,123,75,54,21,48,27,2,8,10,1
S01008168,50 to 64,92,56,52,4,36,11,1,7,13,4
S01008168,65 to 74,35,14,14,0,21,2,1,1,6,11
S01008168,75 to 84,22,6,6,0,16,1,1,0,2,12
S01008168,85 and over,12,3,3,0,9,0,1,0,0,8
S01008169,All HRPs,320,162,114,48,158,49,3,32,33,41
S01008169,24 and under,11,4,0,4,7,6,0,1,0,0
S01008169,25 to 34,39,20,11,9,19,14,1,3,1,0
S01008169,35 to 49,105,53,35,18,52,20,0,18,13,1
S01008169,50 to 64,82,52,42,10,30,7,0,4,14,5
S01008169,65 to 74,40,18,15,3,22,1,1,5,3,12
S01008169,75 to 84,33,13,10,3,20,0,1,1,2,16
S01008169,85 and over,10,2,1,1,8,1,0,0,0,7
S01008170,All HRPs,231,158,135,23,73,25,0,5,16,27
S01008170,24 and under,2,0,0,0,2,2,0,0,0,0
S01008170,25 to 34,19,12,8,4,7,7,0,0,0,0
S01008170,35 to 49,78,63,55,8,15,6,0,2,5,2
S01008170,50 to 64,84,63,53,10,21,8,0,0,9,4
S01008170,65 to 74,20,13,12,1,7,1,0,0,1,5
S01008170,75 to 84,19,5,5,0,14,1,0,1,1,11
S01008170,85 and over,9,2,2,0,7,0,0,2,0,5
S01008171,All HRPs,373,159,118,41,214,81,5,17,50,61
S01008171,24 and under,13,4,0,4,9,6,2,1,0,0
S01008171,25 to 34,47,23,11,12,24,21,0,2,1,0
S01008171,35 to 49,110,63,44,19,47,23,0,8,14,2
S01008171,50 to 64,88,36,31,5,52,17,0,6,22,7
S01008171,65 to 74,39,16,15,1,23,4,0,0,10,9
S01008171,75 to 84,54,14,14,0,40,6,2,0,3,29
S01008171,85 and over,22,3,3,0,19,4,1,0,0,14
S01008172,All HRPs,250,138,120,18,112,41,3,9,26,33
S01008172,24 and under,3,0,0,0,3,3,0,0,0,0
S01008172,25 to 34,19,6,1,5,13,12,0,1,0,0
S01008172,35 to 49,71,40,35,5,31,18,1,5,7,0
S01008172,50 to 64,78,53,48,5,25,5,1,2,11,6
S01008172,65 to 74,48,26,24,2,22,2,1,1,7,11
S01008172,75 to 84,22,11,10,1,11,1,0,0,1,9
S01008172,85 and over,9,2,2,0,7,0,0,0,0,7
S01008173,All HRPs,260,166,145,21,94,23,1,10,19,41
S01008173,24 and under,3,0,0,0,3,3,0,0,0,0
S01008173,25 to 34,19,13,8,5,6,4,0,1,1,0
S01008173,35 to 49,86,67,57,10,19,9,1,2,6,1
S01008173,50 to 64,88,62,57,5,26,1,0,6,9,10
S01008173,65 to 74,37,18,17,1,19,1,0,0,1,17
S01008173,75 to 84,21,5,5,0,16,5,0,1,2,8
S01008173,85 and over,6,1,1,0,5,0,0,0,0,5
S01008174,All HRPs,226,136,119,17,90,27,3,5,21,34
S01008174,24 and under,5,0,0,0,5,5,0,0,0,0
S01008174,25 to 34,18,16,10,6,2,2,0,0,0,0
S01008174,35 to 49,51,40,32,8,11,7,0,2,1,1
S01008174,50 to 64,96,67,64,3,29,8,0,3,10,8
S01008174,65 to 74,27,7,7,0,20,2,1,0,9,8
S01008174,75 to 84,21,5,5,0,16,3,0,0,1,12
S01008174,85 and over,8,1,1,0,7,0,2,0,0,5
S01008175,All HRPs,378,160,124,36,218,105,2,23,50,38
S01008175,24 and under,21,7,0,7,14,12,0,0,0,2
S01008175,25 to 34,59,29,19,10,30,29,0,1,0,0
S01008175,35 to 49,119,53,42,11,66,39,2,10,15,0
S01008175,50 to 64,112,47,40,7,65,23,0,11,27,4
S01008175,65 to 74,37,17,16,1,20,1,0,1,7,11
S01008175,75 to 84,25,7,7,0,18,1,0,0,1,16
S01008175,85 and over,5,0,0,0,5,0,0,0,0,5
S01008176,All HRPs,327,203,180,23,124,66,2,11,17,28
S01008176,24 and under,15,1,0,1,14,14,0,0,0,0
S01008176,25 to 34,24,11,6,5,13,12,0,0,0,1
S01008176,35 to 49,93,55,48,7,38,25,0,5,8,0
S01008176,50 to 64,119,90,81,9,29,11,2,6,5,5
S01008176,65 to 74,40,29,29,0,11,1,0,0,3,7
S01008176,75 to 84,28,14,13,1,14,2,0,0,0,12
S01008176,85 and over,8,3,3,0,5,1,0,0,1,3
S01008177,All HRPs,371,180,140,40,191,79,3,14,40,55
S01008177,24 and under,10,2,0,2,8,8,0,0,0,0
S01008177,25 to 34,42,22,9,13,20,19,1,0,0,0
S01008177,35 to 49,93,56,43,13,37,22,0,10,5,0
S01008177,50 to 64,103,50,42,8,53,18,0,4,24,7
S01008177,65 to 74,54,27,23,4,27,5,1,0,9,12
S01008177,75 to 84,54,20,20,0,34,4,1,0,2,27
S01008177,85 and over,15,3,3,0,12,3,0,0,0,9
S01008178,All HRPs,278,175,157,18,103,34,0,11,26,32
S01008178,24 and under,5,2,0,2,3,3,0,0,0,0
S01008178,25 to 34,19,11,9,2,8,8,0,0,0,0
S01008178,35 to 49,52,31,27,4,21,9,0,5,5,2
S01008178,50 to 64,109,72,64,8,37,12,0,4,13,8
S01008178,65 to 74,56,39,37,2,17,0,0,2,6,9
S01008178,75 to 84,33,18,18,0,15,1,0,0,2,12
S01008178,85 and over,4,2,2,0,2,1,0,0,0,1
S01008179,All HRPs,170,142,117,25,28,4,0,6,11,7
S01008179,24 and under,1,1,0,1,0,0,0,0,0,0
S01008179,25 to 34,15,15,12,3,0,0,0,0,0,0
S01008179,35 to 49,87,74,58,16,13,1,0,5,6,1
S01008179,50 to 64,52,43,39,4,9,3,0,1,4,1
S01008179,65 to 74,14,8,7,1,6,0,0,0,1,5
S01008179,75 to 84,1,1,1,0,0,0,0,0,0,0
S01008179,85 and over,0,0,0,0,0,0,0,0,0,0
S01008180,All HRPs,167,131,120,11,36,12,0,5,9,10
S01008180,24 and under,0,0,0,0,0,0,0,0,0,0
S01008180,25 to 34,15,10,10,0,5,4,0,1,0,0
S01008180,35 to 49,58,47,40,7,11,5,0,3,3,0
S01008180,50 to 64,79,68,64,4,11,2,0,1,5,3
S01008180,65 to 74,8,5,5,0,3,0,0,0,0,3
S01008180,75 to 84,6,1,1,0,5,1,0,0,1,3
S01008180,85 and over,1,0,0,0,1,0,0,0,0,1
S01008181,All HRPs,284,189,170,19,95,22,3,8,18,44
S01008181,24 and under,7,2,0,2,5,5,0,0,0,0
S01008181,25 to 34,10,8,4,4,2,2,0,0,0,0
S01008181,35 to 49,68,54,46,8,14,3,0,3,8,0
S01008181,50 to 64,94,71,68,3,23,6,0,3,8,6
S01008181,65 to 74,56,36,34,2,20,2,1,2,2,13
S01008181,75 to 84,34,16,16,0,18,3,2,0,0,13
S01008181,85 and over,15,2,2,0,13,1,0,0,0,12
S01008182,All HRPs,563,192,113,79,371,198,3,27,84,59
S01008182,24 and under,38,14,0,14,24,22,0,0,0,2
S01008182,25 to 34,123,50,14,36,73,71,0,0,2,0
S01008182,35 to 49,151,48,28,20,103,72,0,12,19,0
S01008182,50 to 64,142,53,45,8,89,27,1,11,43,7
S01008182,65 to 74,39,17,16,1,22,1,0,2,11,8
S01008182,75 to 84,50,10,10,0,40,4,2,2,9,23
S01008182,85 and over,20,0,0,0,20,1,0,0,0,19
S01008183,All HRPs,282,145,112,33,137,54,3,22,19,39
S01008183,24 and under,14,3,0,3,11,11,0,0,0,0
S01008183,25 to 34,25,13,5,8,12,10,0,1,1,0
S01008183,35 to 49,111,68,53,15,43,21,1,10,6,5
S01008183,50 to 64,65,35,28,7,30,5,1,10,9,5
S01008183,65 to 74,31,14,14,0,17,4,0,1,3,9
S01008183,75 to 84,29,10,10,0,19,2,1,0,0,16
S01008183,85 and over,7,2,2,0,5,1,0,0,0,4
S01008184,All HRPs,481,170,113,57,311,135,1,23,60,92
S01008184,24 and under,20,8,1,7,12,12,0,0,0,0
S01008184,25 to 34,78,33,15,18,45,45,0,0,0,0
S01008184,35 to 49,107,38,22,16,69,43,0,5,19,2
S01008184,50 to 64,107,48,39,9,59,16,0,13,26,4
S01008184,65 to 74,60,20,15,5,40,10,0,2,9,19
S01008184,75 to 84,73,18,17,1,55,6,1,3,5,40
S01008184,85 and over,36,5,4,1,31,3,0,0,1,27
S01008185,All HRPs,573,204,150,54,369,168,4,23,89,85
S01008185,24 and under,28,7,1,6,21,21,0,0,0,0
S01008185,25 to 34,86,42,22,20,44,42,1,0,1,0
S01008185,35 to 49,150,51,33,18,99,62,2,10,23,2
S01008185,50 to 64,149,51,45,6,98,25,0,12,46,15
S01008185,65 to 74,59,26,24,2,33,7,0,1,12,13
S01008185,75 to 84,64,20,18,2,44,6,1,0,4,33
S01008185,85 and over,37,7,7,0,30,5,0,0,3,22
S01008186,All HRPs,366,133,86,47,233,116,5,18,45,49
S01008186,24 and under,27,6,0,6,21,20,0,0,1,0
S01008186,25 to 34,68,27,11,16,41,33,3,4,1,0
S01008186,35 to 49,94,43,23,20,51,38,0,8,4,1
S01008186,50 to 64,75,30,25,5,45,12,2,5,23,3
S01008186,65 to 74,41,16,16,0,25,6,0,0,10,9
S01008186,75 to 84,50,11,11,0,39,7,0,1,4,27
S01008186,85 and over,11,0,0,0,11,0,0,0,2,9
S01008187,All HRPs,284,126,97,29,158,77,1,11,32,37
S01008187,24 and under,22,2,0,2,20,20,0,0,0,0
S01008187,25 to 34,34,17,5,12,17,17,0,0,0,0
S01008187,35 to 49,94,48,36,12,46,23,0,10,12,1
S01008187,50 to 64,65,38,35,3,27,9,0,1,16,1
S01008187,65 to 74,33,12,12,0,21,6,1,0,0,14
S01008187,75 to 84,25,7,7,0,18,1,0,0,4,13
S01008187,85 and over,11,2,2,0,9,1,0,0,0,8
S01008188,All HRPs,485,173,123,50,312,124,7,31,61,89
S01008188,24 and under,29,5,0,5,24,24,0,0,0,0
S01008188,25 to 34,74,32,13,19,42,40,0,2,0,0
S01008188,35 to 49,114,51,38,13,63,30,2,19,12,0
S01008188,50 to 64,108,46,36,10,62,14,0,7,32,9
S01008188,65 to 74,47,17,15,2,30,4,0,0,11,15
S01008188,75 to 84,75,20,19,1,55,8,4,2,6,35
S01008188,85 and over,38,2,2,0,36,4,1,1,0,30
S01008189,All HRPs,271,137,129,8,134,50,3,10,27,44
S01008189,24 and under,2,0,0,0,2,2,0,0,0,0
S01008189,25 to 34,30,11,7,4,19,18,0,0,0,1
S01008189,35 to 49,67,33,32,1,34,18,0,4,10,2
S01008189,50 to 64,81,49,47,2,32,8,2,6,12,4
S01008189,65 to 74,44,27,26,1,17,2,1,0,4,10
S01008189,75 to 84,37,13,13,0,24,2,0,0,1,21
S01008189,85 and over,10,4,4,0,6,0,0,0,0,6
S01008190,All HRPs,365,183,149,34,182,51,2,19,57,53
S01008190,24 and under,4,1,0,1,3,3,0,0,0,0
S01008190,25 to 34,33,20,8,12,13,9,0,3,0,1
S01008190,35 to 49,103,53,38,15,50,23,1,8,18,0
S01008190,50 to 64,117,70,64,6,47,6,0,7,25,9
S01008190,65 to 74,53,24,24,0,29,5,0,1,12,11
S01008190,75 to 84,49,13,13,0,36,5,1,0,2,28
S01008190,85 and over,6,2,2,0,4,0,0,0,0,4
S01008191,All HRPs,187,108,92,16,79,25,1,7,23,23
S01008191,24 and under,5,1,0,1,4,4,0,0,0,0
S01008191,25 to 34,14,4,1,3,10,10,0,0,0,0
S01008191,35 to 49,48,37,29,8,11,2,0,4,4,1
S01008191,50 to 64,56,35,32,3,21,3,0,3,13,2
S01008191,65 to 74,39,25,24,1,14,4,0,0,5,5
S01008191,75 to 84,19,6,6,0,13,2,0,0,1,10
S01008191,85 and over,6,0,0,0,6,0,1,0,0,5
S01008192,All HRPs,360,183,134,49,177,82,2,16,45,32
S01008192,24 and under,22,3,1,2,19,18,0,0,0,1
S01008192,25 to 34,53,32,9,23,21,19,0,1,1,0
S01008192,35 to 49,103,52,35,17,51,25,0,9,15,2
S01008192,50 to 64,111,69,62,7,42,15,1,5,17,4
S01008192,65 to 74,39,15,15,0,24,4,1,0,9,10
S01008192,75 to 84,24,11,11,0,13,0,0,0,2,11
S01008192,85 and over,8,1,1,0,7,1,0,1,1,4
S01008193,All HRPs,327,199,159,40,128,43,1,5,31,48
S01008193,24 and under,4,4,0,4,0,0,0,0,0,0
S01008193,25 to 34,21,15,6,9,6,4,0,0,2,0
S01008193,35 to 49,103,71,50,21,32,17,0,4,8,3
S01008193,50 to 64,100,70,64,6,30,9,1,1,13,6
S01008193,65 to 74,35,16,16,0,19,5,0,0,4,10
S01008193,75 to 84,46,17,17,0,29,5,0,0,4,20
S01008193,85 and over,18,6,6,0,12,3,0,0,0,9
S01008194,All HRPs,244,146,107,39,98,44,2,2,20,30
S01008194,24 and under,8,2,0,2,6,6,0,0,0,0
S01008194,25 to 34,37,25,14,11,12,11,0,0,1,0
S01008194,35 to 49,70,38,24,14,32,19,0,1,11,1
S01008194,50 to 64,73,57,46,11,16,3,1,1,5,6
S01008194,65 to 74,33,19,18,1,14,4,0,0,1,9
S01008194,75 to 84,17,4,4,0,13,1,1,0,2,9
S01008194,85 and over,6,1,1,0,5,0,0,0,0,5
S01008195,All HRPs,331,170,121,49,161,83,2,16,34,26
S01008195,24 and under,25,11,1,10,14,14,0,0,0,0
S01008195,25 to 34,65,30,16,14,35,29,0,4,1,1
S01008195,35 to 49,123,64,43,21,59,33,0,9,16,1
S01008195,50 to 64,76,47,43,4,29,6,1,3,13,6
S01008195,65 to 74,18,8,8,0,10,0,0,0,1,9
S01008195,75 to 84,19,6,6,0,13,1,1,0,3,8
S01008195,85 and over,5,4,4,0,1,0,0,0,0,1
S01008196,All HRPs,333,152,114,38,181,92,4,13,49,23
S01008196,24 and under,28,7,1,6,21,20,1,0,0,0
S01008196,25 to 34,55,25,15,10,30,25,1,2,2,0
S01008196,35 to 49,114,58,40,18,56,30,0,5,20,1
S01008196,50 to 64,87,37,34,3,50,15,1,6,23,5
S01008196,65 to 74,18,10,9,1,8,1,0,0,3,4
S01008196,75 to 84,22,13,13,0,9,0,1,0,1,7
S01008196,85 and over,9,2,2,0,7,1,0,0,0,6
S01008197,All HRPs,390,267,156,111,123,82,1,21,17,2
S01008197,24 and under,36,16,3,13,20,19,1,0,0,0
S01008197,25 to 34,140,101,50,51,39,35,0,3,1,0
S01008197,35 to 49,152,108,68,40,44,26,0,9,9,0
S01008197,50 to 64,51,34,28,6,17,2,0,9,5,1
S01008197,65 to 74,9,7,6,1,2,0,0,0,2,0
S01008197,75 to 84,2,1,1,0,1,0,0,0,0,1
S01008197,85 and over,0,0,0,0,0,0,0,0,0,0
S01008198,All HRPs,300,160,136,24,140,33,1,15,34,57
S01008198,24 and under,5,1,0,1,4,4,0,0,0,0
S01008198,25 to 34,25,12,6,6,13,8,0,4,1,0
S01008198,35 to 49,82,47,36,11,35,12,0,8,15,0
S01008198,50 to 64,84,57,52,5,27,7,0,2,9,9
S01008198,65 to 74,54,28,27,1,26,2,0,1,7,16
S01008198,75 to 84,37,12,12,0,25,0,1,0,2,22
S01008198,85 and over,13,3,3,0,10,0,0,0,0,10
S01008199,All HRPs,298,182,137,45,116,47,1,13,34,21
S01008199,24 and under,13,7,1,6,6,5,0,1,0,0
S01008199,25 to 34,50,28,17,11,22,18,0,3,1,0
S01008199,35 to 49,85,54,37,17,31,13,0,3,14,1
S01008199,50 to 64,102,68,58,10,34,7,0,6,16,5
S01008199,65 to 74,30,17,16,1,13,4,1,0,3,5
S01008199,75 to 84,10,3,3,0,7,0,0,0,0,7
S01008199,85 and over,8,5,5,0,3,0,0,0,0,3
S01008200,All HRPs,300,131,112,19,169,58,1,10,34,66
S01008200,24 and under,8,0,0,0,8,8,0,0,0,0
S01008200,25 to 34,26,8,4,4,18,14,0,1,2,1
S01008200,35 to 49,77,39,30,9,38,21,0,4,12,1
S01008200,50 to 64,72,36,32,4,36,9,1,4,13,9
S01008200,65 to 74,61,29,28,1,32,4,0,1,5,22
S01008200,75 to 84,43,16,15,1,27,1,0,0,2,24
S01008200,85 and over,13,3,3,0,10,1,0,0,0,9
S01008201,All HRPs,354,163,125,38,191,80,2,15,48,46
S01008201,24 and under,15,6,0,6,9,9,0,0,0,0
S01008201,25 to 34,36,21,8,13,15,15,0,0,0,0
S01008201,35 to 49,104,48,36,12,56,34,1,12,7,2
S01008201,50 to 64,108,58,54,4,50,12,1,3,30,4
S01008201,65 to 74,47,18,16,2,29,5,0,0,9,15
S01008201,75 to 84,36,10,9,1,26,4,0,0,2,20
S01008201,85 and over,8,2,2,0,6,1,0,0,0,5
S01008202,All HRPs,261,147,126,21,114,25,1,9,35,44
S01008202,24 and under,5,1,0,1,4,4,0,0,0,0
S01008202,25 to 34,10,7,5,2,3,2,0,0,0,1
S01008202,35 to 49,72,50,35,15,22,6,0,4,10,2
S01008202,50 to 64,80,53,50,3,27,7,0,1,19,0
S01008202,65 to 74,41,20,20,0,21,2,0,2,5,12
S01008202,75 to 84,36,15,15,0,21,4,0,2,0,15
S01008202,85 and over,17,1,1,0,16,0,1,0,1,14
S01008203,All HRPs,283,104,73,31,179,85,2,21,39,32
S01008203,24 and under,23,7,0,7,16,16,0,0,0,0
S01008203,25 to 34,52,16,9,7,36,29,0,4,3,0
S01008203,35 to 49,84,35,24,11,49,26,0,7,15,1
S01008203,50 to 64,58,25,23,2,33,9,1,7,10,6
S01008203,65 to 74,37,13,9,4,24,2,1,1,9,11
S01008203,75 to 84,27,8,8,0,19,3,0,2,2,12
S01008203,85 and over,2,0,0,0,2,0,0,0,0,2
S01008204,All HRPs,480,208,176,32,272,90,4,13,56,109
S01008204,24 and under,7,0,0,0,7,7,0,0,0,0
S01008204,25 to 34,27,13,8,5,14,13,0,1,0,0
S01008204,35 to 49,115,55,43,12,60,39,0,6,15,0
S01008204,50 to 64,113,61,50,11,52,13,0,3,20,16
S01008204,65 to 74,106,44,41,3,62,10,2,2,13,35
S01008204,75 to 84,84,29,28,1,55,7,2,1,5,40
S01008204,85 and over,28,6,6,0,22,1,0,0,3,18
S01008205,All HRPs,276,170,148,22,106,32,1,12,18,43
S01008205,24 and under,2,2,0,2,0,0,0,0,0,0
S01008205,25 to 34,26,11,9,2,15,11,0,4,0,0
S01008205,35 to 49,75,53,41,12,22,11,1,4,6,0
S01008205,50 to 64,93,67,62,5,26,6,0,3,9,8
S01008205,65 to 74,39,23,22,1,16,1,0,1,3,11
S01008205,75 to 84,26,11,11,0,15,2,0,0,0,13
S01008205,85 and over,15,3,3,0,12,1,0,0,0,11
S01008206,All HRPs,295,148,121,27,147,43,1,14,36,53
S01008206,24 and under,7,2,0,2,5,5,0,0,0,0
S01008206,25 to 34,27,18,7,11,9,9,0,0,0,0
S01008206,35 to 49,76,41,29,12,35,12,0,8,14,1
S01008206,50 to 64,86,47,45,2,39,12,1,4,16,6
S01008206,65 to 74,47,26,26,0,21,3,0,2,3,13
S01008206,75 to 84,39,13,13,0,26,2,0,0,2,22
S01008206,85 and over,13,1,1,0,12,0,0,0,1,11
S01008207,All HRPs,246,125,97,28,121,49,0,15,39,18
S01008207,24 and under,11,2,0,2,9,9,0,0,0,0
S01008207,25 to 34,30,15,6,9,15,15,0,0,0,0
S01008207,35 to 49,99,55,43,12,44,21,0,8,14,1
S01008207,50 to 64,59,31,26,5,28,2,0,6,16,4
S01008207,65 to 74,30,18,18,0,12,1,0,1,5,5
S01008207,75 to 84,12,3,3,0,9,1,0,0,3,5
S01008207,85 and over,5,1,1,0,4,0,0,0,1,3
S01008208,All HRPs,344,207,139,68,137,75,3,20,27,12
S01008208,24 and under,28,11,0,11,17,17,0,0,0,0
S01008208,25 to 34,103,57,30,27,46,37,2,5,2,0
S01008208,35 to 49,116,79,58,21,37,16,0,9,11,1
S01008208,50 to 64,69,45,37,8,24,3,1,5,11,4
S01008208,65 to 74,18,10,10,0,8,2,0,1,1,4
S01008208,75 to 84,9,4,3,1,5,0,0,0,2,3
S01008208,85 and over,1,1,1,0,0,0,0,0,0,0
S01008209,All HRPs,200,149,105,44,51,22,3,8,12,6
S01008209,24 and under,1,0,0,0,1,1,0,0,0,0
S01008209,25 to 34,45,31,14,17,14,11,0,3,0,0
S01008209,35 to 49,101,76,51,25,25,8,1,4,10,2
S01008209,50 to 64,41,33,31,2,8,2,2,1,1,2
S01008209,65 to 74,11,9,9,0,2,0,0,0,1,1
S01008209,75 to 84,1,0,0,0,1,0,0,0,0,1
S01008209,85 and over,0,0,0,0,0,0,0,0,0,0
S01008210,All HRPs,417,229,179,50,188,72,3,25,36,52
S01008210,24 and under,23,8,0,8,15,14,0,0,0,1
S01008210,25 to 34,36,20,9,11,16,12,0,2,2,0
S01008210,35 to 49,121,69,51,18,52,29,0,13,7,3
S01008210,50 to 64,132,86,78,8,46,12,1,10,18,5
S01008210,65 to 74,48,27,24,3,21,2,2,0,6,11
S01008210,75 to 84,41,17,15,2,24,2,0,0,3,19
S01008210,85 and over,16,2,2,0,14,1,0,0,0,13
S01008211,All HRPs,420,208,163,45,212,88,7,18,49,50
S01008211,24 and under,11,3,1,2,8,8,0,0,0,0
S01008211,25 to 34,45,21,4,17,24,22,0,1,1,0
S01008211,35 to 49,120,65,51,14,55,32,1,6,16,0
S01008211,50 to 64,124,75,67,8,49,12,4,9,22,2
S01008211,65 to 74,55,30,27,3,25,6,0,1,6,12
S01008211,75 to 84,38,8,7,1,30,6,0,0,3,21
S01008211,85 and over,27,6,6,0,21,2,2,1,1,15
S01008212,All HRPs,212,153,133,20,59,19,2,6,22,10
S01008212,24 and under,3,1,0,1,2,2,0,0,0,0
S01008212,25 to 34,17,9,7,2,8,8,0,0,0,0
S01008212,35 to 49,80,65,53,12,15,4,2,3,5,1
S01008212,50 to 64,87,63,58,5,24,4,0,3,12,5
S01008212,65 to 74,17,10,10,0,7,1,0,0,4,2
S01008212,75 to 84,7,5,5,0,2,0,0,0,1,1
S01008212,85 and over,1,0,0,0,1,0,0,0,0,1
S01008213,All HRPs,370,268,239,29,102,29,3,8,29,33
S01008213,24 and under,2,1,0,1,1,1,0,0,0,0
S01008213,25 to 34,28,22,17,5,6,4,0,0,2,0
S01008213,35 to 49,162,126,113,13,36,13,3,7,10,3
S01008213,50 to 64,100,72,65,7,28,7,0,1,13,7
S01008213,65 to 74,52,37,34,3,15,2,0,0,2,11
S01008213,75 to 84,21,10,10,0,11,2,0,0,2,7
S01008213,85 and over,5,0,0,0,5,0,0,0,0,5
S01008214,All HRPs,354,184,158,26,170,50,4,15,40,61
S01008214,24 and under,7,3,0,3,4,4,0,0,0,0
S01008214,25 to 34,30,18,10,8,12,10,1,1,0,0
S01008214,35 to 49,84,43,34,9,41,17,0,9,15,0
S01008214,50 to 64,96,58,55,3,38,11,0,4,19,4
S01008214,65 to 74,53,32,29,3,21,5,1,1,3,11
S01008214,75 to 84,59,26,26,0,33,3,2,0,3,25
S01008214,85 and over,25,4,4,0,21,0,0,0,0,21
S01008215,All HRPs,324,200,155,45,124,49,0,12,30,33
S01008215,24 and under,5,3,0,3,2,2,0,0,0,0
S01008215,25 to 34,40,23,7,16,17,15,0,1,1,0
S01008215,35 to 49,106,76,57,19,30,18,0,4,8,0
S01008215,50 to 64,89,53,48,5,36,12,0,6,13,5
S01008215,65 to 74,36,21,19,2,15,1,0,1,5,8
S01008215,75 to 84,39,19,19,0,20,1,0,0,3,16
S01008215,85 and over,9,5,5,0,4,0,0,0,0,4
S01008216,All HRPs,205,139,125,14,66,16,2,10,14,24
S01008216,24 and under,7,1,0,1,6,6,0,0,0,0
S01008216,25 to 34,10,5,4,1,5,4,0,1,0,0
S01008216,35 to 49,69,55,47,8,14,3,2,5,3,1
S01008216,50 to 64,81,62,59,3,19,3,0,4,10,2
S01008216,65 to 74,22,10,9,1,12,0,0,0,1,11
S01008216,75 to 84,14,4,4,0,10,0,0,0,0,10
S01008216,85 and over,2,2,2,0,0,0,0,0,0,0
S01008217,All HRPs,226,172,152,20,54,11,1,5,15,22
S01008217,24 and under,1,1,0,1,0,0,0,0,0,0
S01008217,25 to 34,21,16,12,4,5,4,0,0,1,0
S01008217,35 to 49,62,54,49,5,8,3,1,0,3,1
S01008217,50 to 64,75,59,50,9,16,1,0,5,9,1
S01008217,65 to 74,42,31,30,1,11,2,0,0,1,8
S01008217,75 to 84,19,10,10,0,9,0,0,0,1,8
S01008217,85 and over,6,1,1,0,5,1,0,0,0,4
S01008218,All HRPs,376,304,255,49,72,22,3,15,15,17
S01008218,24 and under,3,1,0,1,2,2,0,0,0,0
S01008218,25 to 34,26,16,8,8,10,8,0,1,1,0
S01008218,35 to 49,191,164,130,34,27,8,1,10,6,2
S01008218,50 to 64,107,87,81,6,20,4,1,4,6,5
S01008218,65 to 74,31,24,24,0,7,0,0,0,2,5
S01008218,75 to 84,14,12,12,0,2,0,0,0,0,2
S01008218,85 and over,4,0,0,0,4,0,1,0,0,3
S01008219,All HRPs,424,231,170,61,193,89,1,21,40,42
S01008219,24 and under,24,10,1,9,14,13,0,1,0,0
S01008219,25 to 34,67,34,10,24,33,31,0,0,1,1
S01008219,35 to 49,128,69,53,16,59,28,0,11,18,2
S01008219,50 to 64,125,82,71,11,43,12,0,7,18,6
S01008219,65 to 74,46,27,26,1,19,3,1,2,3,10
S01008219,75 to 84,27,8,8,0,19,2,0,0,0,17
S01008219,85 and over,7,1,1,0,6,0,0,0,0,6
S01008220,All HRPs,223,112,84,28,111,44,0,8,33,26
S01008220,24 and under,9,5,2,3,4,4,0,0,0,0
S01008220,25 to 34,25,9,7,2,16,13,0,2,1,0
S01008220,35 to 49,85,51,33,18,34,19,0,3,12,0
S01008220,50 to 64,66,36,32,4,30,5,0,3,16,6
S01008220,65 to 74,21,8,7,1,13,2,0,0,3,8
S01008220,75 to 84,11,3,3,0,8,1,0,0,1,6
S01008220,85 and over,6,0,0,0,6,0,0,0,0,6
S01008221,All HRPs,309,131,84,47,178,82,1,19,47,29
S01008221,24 and under,14,6,0,6,8,8,0,0,0,0
S01008221,25 to 34,70,29,10,19,41,36,0,1,4,0
S01008221,35 to 49,93,42,27,15,51,24,0,9,18,0
S01008221,50 to 64,77,36,30,6,41,13,0,5,19,4
S01008221,65 to 74,24,10,10,0,14,1,1,3,3,6
S01008221,75 to 84,23,6,5,1,17,0,0,1,3,13
S01008221,85 and over,8,2,2,0,6,0,0,0,0,6
S01008222,All HRPs,287,134,108,26,153,52,1,7,33,60
S01008222,24 and under,15,3,0,3,12,12,0,0,0,0
S01008222,25 to 34,23,12,9,3,11,10,0,0,1,0
S01008222,35 to 49,73,43,33,10,30,14,0,3,13,0
S01008222,50 to 64,60,36,27,9,24,9,0,2,8,5
S01008222,65 to 74,52,21,20,1,31,5,1,2,8,15
S01008222,75 to 84,47,16,16,0,31,1,0,0,3,27
S01008222,85 and over,17,3,3,0,14,1,0,0,0,13
S01008223,All HRPs,280,150,119,31,130,43,1,9,25,52
S01008223,24 and under,7,2,0,2,5,5,0,0,0,0
S01008223,25 to 34,27,16,7,9,11,9,0,1,1,0
S01008223,35 to 49,60,40,28,12,20,13,0,3,4,0
S01008223,50 to 64,77,50,44,6,27,10,0,3,11,3
S01008223,65 to 74,49,24,22,2,25,2,1,2,6,14
S01008223,75 to 84,40,14,14,0,26,2,0,0,3,21
S01008223,85 and over,20,4,4,0,16,2,0,0,0,14
S01008224,All HRPs,406,272,219,53,134,40,1,12,38,43
S01008224,24 and under,11,10,0,10,1,1,0,0,0,0
S01008224,25 to 34,56,37,14,23,19,14,0,4,1,0
S01008224,35 to 49,106,78,70,8,28,15,0,2,11,0
S01008224,50 to 64,147,109,97,12,38,7,0,5,22,4
S01008224,65 to 74,43,28,28,0,15,2,0,0,2,11
S01008224,75 to 84,35,8,8,0,27,1,0,1,2,23
S01008224,85 and over,8,2,2,0,6,0,1,0,0,5
S01008225,All HRPs,290,186,157,29,104,32,1,12,27,32
S01008225,24 and under,7,5,0,5,2,1,0,0,0,1
S01008225,25 to 34,24,13,8,5,11,9,0,1,0,1
S01008225,35 to 49,79,54,41,13,25,15,0,5,5,0
S01008225,50 to 64,110,81,77,4,29,4,0,5,12,8
S01008225,65 to 74,41,23,21,2,18,3,0,1,9,5
S01008225,75 to 84,22,9,9,0,13,0,0,0,1,12
S01008225,85 and over,7,1,1,0,6,0,1,0,0,5
S01008226,All HRPs,379,155,118,37,224,77,1,21,49,76
S01008226,24 and under,10,2,0,2,8,8,0,0,0,0
S01008226,25 to 34,46,22,11,11,24,23,0,1,0,0
S01008226,35 to 49,85,40,31,9,45,19,1,11,14,0
S01008226,50 to 64,102,58,47,11,44,14,0,6,20,4
S01008226,65 to 74,38,10,7,3,28,10,0,0,11,7
S01008226,75 to 84,74,19,18,1,55,3,0,3,4,45
S01008226,85 and over,24,4,4,0,20,0,0,0,0,20
S01008227,All HRPs,389,196,160,36,193,70,2,27,54,40
S01008227,24 and under,18,3,0,3,15,14,0,1,0,0
S01008227,25 to 34,49,24,12,12,25,20,0,2,3,0
S01008227,35 to 49,102,51,41,10,51,21,1,14,14,1
S01008227,50 to 64,102,57,50,7,45,6,0,8,25,6
S01008227,65 to 74,68,38,35,3,30,2,0,2,9,17
S01008227,75 to 84,37,22,21,1,15,3,1,0,1,10
S01008227,85 and over,13,1,1,0,12,4,0,0,2,6
S01008228,All HRPs,279,177,146,31,102,30,0,16,21,35
S01008228,24 and under,4,2,0,2,2,2,0,0,0,0
S01008228,25 to 34,25,15,9,6,10,9,0,1,0,0
S01008228,35 to 49,92,61,42,19,31,14,0,5,10,2
S01008228,50 to 64,72,53,49,4,19,3,0,8,6,2
S01008228,65 to 74,45,27,27,0,18,2,0,2,3,11
S01008228,75 to 84,32,19,19,0,13,0,0,0,2,11
S01008228,85 and over,9,0,0,0,9,0,0,0,0,9
S01008229,All HRPs,300,160,124,36,140,45,1,14,35,45
S01008229,24 and under,14,5,1,4,9,9,0,0,0,0
S01008229,25 to 34,42,27,12,15,15,15,0,0,0,0
S01008229,35 to 49,80,41,31,10,39,14,0,6,15,4
S01008229,50 to 64,79,49,43,6,30,3,0,6,12,9
S01008229,65 to 74,57,27,26,1,30,2,0,2,4,22
S01008229,75 to 84,25,11,11,0,14,2,1,0,3,8
S01008229,85 and over,3,0,0,0,3,0,0,0,1,2
S01008230,All HRPs,305,213,159,54,92,46,3,9,21,13
S01008230,24 and under,9,5,0,5,4,4,0,0,0,0
S01008230,25 to 34,60,40,26,14,20,16,1,1,2,0
S01008230,35 to 49,139,110,83,27,29,18,0,5,4,2
S01008230,50 to 64,78,49,42,7,29,6,2,3,15,3
S01008230,65 to 74,14,8,7,1,6,1,0,0,0,5
S01008230,75 to 84,4,1,1,0,3,1,0,0,0,2
S01008230,85 and over,1,0,0,0,1,0,0,0,0,1
S01008231,All HRPs,243,207,174,33,36,19,1,1,11,4
S01008231,24 and under,4,2,0,2,2,2,0,0,0,0
S01008231,25 to 34,44,30,22,8,14,13,1,0,0,0
S01008231,35 to 49,143,134,119,15,9,4,0,1,4,0
S01008231,50 to 64,43,34,26,8,9,0,0,0,6,3
S01008231,65 to 74,7,6,6,0,1,0,0,0,0,1
S01008231,75 to 84,2,1,1,0,1,0,0,0,1,0
S01008231,85 and over,0,0,0,0,0,0,0,0,0,0
S01008232,All HRPs,259,169,118,51,90,55,3,10,15,7
S01008232,24 and under,25,7,0,7,18,18,0,0,0,0
S01008232,25 to 34,79,50,28,22,29,25,3,1,0,0
S01008232,35 to 49,115,86,67,19,29,11,0,6,9,3
S01008232,50 to 64,33,23,20,3,10,1,0,3,6,0
S01008232,65 to 74,3,2,2,0,1,0,0,0,0,1
S01008232,75 to 84,3,1,1,0,2,0,0,0,0,2
S01008232,85 and over,1,0,0,0,1,0,0,0,0,1
S01008233,All HRPs,178,131,101,30,47,22,3,3,10,9
S01008233,24 and under,5,3,1,2,2,2,0,0,0,0
S01008233,25 to 34,43,35,25,10,8,4,3,1,0,0
S01008233,35 to 49,73,54,46,8,19,13,0,1,5,0
S01008233,50 to 64,42,29,21,8,13,2,0,1,5,5
S01008233,65 to 74,11,8,6,2,3,0,0,0,0,3
S01008233,75 to 84,4,2,2,0,2,1,0,0,0,1
S01008233,85 and over,0,0,0,0,0,0,0,0,0,0
S01008234,All HRPs,187,99,81,18,88,27,2,7,24,28
S01008234,24 and under,2,1,0,1,1,1,0,0,0,0
S01008234,25 to 34,10,2,1,1,8,7,0,0,0,1
S01008234,35 to 49,50,27,15,12,23,10,0,2,11,0
S01008234,50 to 64,57,32,30,2,25,5,1,5,10,4
S01008234,65 to 74,35,24,22,2,11,2,0,0,2,7
S01008234,75 to 84,29,12,12,0,17,2,1,0,1,13
S01008234,85 and over,4,1,1,0,3,0,0,0,0,3
S01008235,All HRPs,368,218,178,40,150,48,3,8,31,60
S01008235,24 and under,4,2,0,2,2,2,0,0,0,0
S01008235,25 to 34,29,20,12,8,9,8,1,0,0,0
S01008235,35 to 49,111,72,57,15,39,21,0,5,12,1
S01008235,50 to 64,97,63,53,10,34,14,0,3,10,7
S01008235,65 to 74,54,36,31,5,18,1,0,0,6,11
S01008235,75 to 84,53,21,21,0,32,1,1,0,3,27
S01008235,85 and over,20,4,4,0,16,1,1,0,0,14
S01008236,All HRPs,386,213,182,31,173,61,2,18,43,49
S01008236,24 and under,8,3,0,3,5,5,0,0,0,0
S01008236,25 to 34,36,19,12,7,17,16,0,1,0,0
S01008236,35 to 49,116,67,54,13,49,22,0,10,14,3
S01008236,50 to 64,112,74,68,6,38,12,0,7,15,4
S01008236,65 to 74,61,35,33,2,26,4,0,0,9,13
S01008236,75 to 84,40,12,12,0,28,2,2,0,4,20
S01008236,85 and over,13,3,3,0,10,0,0,0,1,9
S01008237,All HRPs,376,206,161,45,170,58,6,29,44,33
S01008237,24 and under,11,5,0,5,6,6,0,0,0,0
S01008237,25 to 34,42,24,12,12,18,10,2,5,1,0
S01008237,35 to 49,124,70,53,17,54,20,0,14,19,1
S01008237,50 to 64,105,61,51,10,44,13,2,7,16,6
S01008237,65 to 74,59,36,35,1,23,5,1,2,4,11
S01008237,75 to 84,29,9,9,0,20,4,1,1,4,10
S01008237,85 and over,6,1,1,0,5,0,0,0,0,5
S01008238,All HRPs,341,193,153,40,148,41,1,13,31,62
S01008238,24 and under,11,8,3,5,3,3,0,0,0,0
S01008238,25 to 34,32,18,6,12,14,11,0,2,1,0
S01008238,35 to 49,90,56,41,15,34,14,0,7,10,3
S01008238,50 to 64,86,57,51,6,29,10,0,3,11,5
S01008238,65 to 74,58,35,34,1,23,3,0,1,4,15
S01008238,75 to 84,45,16,15,1,29,0,0,0,3,26
S01008238,85 and over,19,3,3,0,16,0,1,0,2,13
S01008239,All HRPs,331,206,173,33,125,31,4,17,25,48
S01008239,24 and under,4,2,0,2,2,2,0,0,0,0
S01008239,25 to 34,32,23,15,8,9,6,1,2,0,0
S01008239,35 to 49,91,59,46,13,32,11,0,8,12,1
S01008239,50 to 64,108,75,66,9,33,9,2,6,8,8
S01008239,65 to 74,46,30,29,1,16,3,0,0,4,9
S01008239,75 to 84,41,16,16,0,25,0,1,1,0,23
S01008239,85 and over,9,1,1,0,8,0,0,0,1,7
S01008240,All HRPs,358,273,256,17,85,15,2,7,23,38
S01008240,24 and under,1,0,0,0,1,1,0,0,0,0
S01008240,25 to 34,12,11,8,3,1,1,0,0,0,0
S01008240,35 to 49,88,78,72,6,10,5,0,1,4,0
S01008240,50 to 64,137,108,100,8,29,3,1,3,16,6
S01008240,65 to 74,72,56,56,0,16,4,0,1,2,9
S01008240,75 to 84,36,15,15,0,21,1,0,2,1,17
S01008240,85 and over,12,5,5,0,7,0,1,0,0,6
S01008241,All HRPs,271,204,191,13,67,13,2,8,11,33
S01008241,24 and under,3,0,0,0,3,3,0,0,0,0
S01008241,25 to 34,5,5,3,2,0,0,0,0,0,0
S01008241,35 to 49,50,40,36,4,10,6,0,2,2,0
S01008241,50 to 64,115,93,86,7,22,2,2,5,6,7
S01008241,65 to 74,59,48,48,0,11,1,0,1,3,6
S01008241,75 to 84,24,13,13,0,11,1,0,0,0,10
S01008241,85 and over,15,5,5,0,10,0,0,0,0,10
S01008242,All HRPs,430,259,227,32,171,37,4,7,46,77
S01008242,24 and under,3,2,0,2,1,1,0,0,0,0
S01008242,25 to 34,13,10,2,8,3,3,0,0,0,0
S01008242,35 to 49,97,61,52,9,36,18,1,2,15,0
S01008242,50 to 64,136,99,87,12,37,10,1,4,19,3
S01008242,65 to 74,70,53,52,1,17,3,0,1,5,8
S01008242,75 to 84,64,24,24,0,40,2,0,0,3,35
S01008242,85 and over,47,10,10,0,37,0,2,0,4,31
S01008243,All HRPs,361,251,230,21,110,23,5,17,31,34
S01008243,24 and under,3,1,0,1,2,2,0,0,0,0
S01008243,25 to 34,18,15,9,6,3,3,0,0,0,0
S01008243,35 to 49,141,112,102,10,29,4,3,9,11,2
S01008243,50 to 64,103,76,74,2,27,5,0,5,13,4
S01008243,65 to 74,54,30,28,2,24,2,0,3,6,13
S01008243,75 to 84,27,13,13,0,14,4,0,0,1,9
S01008243,85 and over,15,4,4,0,11,3,2,0,0,6
S01008244,All HRPs,255,154,141,13,101,25,2,7,27,40
S01008244,24 and under,2,1,0,1,1,1,0,0,0,0
S01008244,25 to 34,8,7,5,2,1,1,0,0,0,0
S01008244,35 to 49,72,50,45,5,22,13,0,2,7,0
S01008244,50 to 64,71,44,40,4,27,6,0,2,14,5
S01008244,65 to 74,54,33,33,0,21,3,0,3,5,10
S01008244,75 to 84,30,15,14,1,15,1,1,0,0,13
S01008244,85 and over,18,4,4,0,14,0,1,0,1,12
S01008245,All HRPs,410,279,241,38,131,37,2,10,26,56
S01008245,24 and under,4,0,0,0,4,4,0,0,0,0
S01008245,25 to 34,28,23,16,7,5,3,0,1,1,0
S01008245,35 to 49,113,91,70,21,22,12,0,2,7,1
S01008245,50 to 64,143,113,105,8,30,8,2,5,8,7
S01008245,65 to 74,64,31,29,2,33,6,0,1,9,17
S01008245,75 to 84,42,17,17,0,25,3,0,1,1,20
S01008245,85 and over,16,4,4,0,12,1,0,0,0,11
S01008246,All HRPs,353,267,237,30,86,22,1,16,23,24
S01008246,24 and under,2,1,0,1,1,0,0,0,1,0
S01008246,25 to 34,16,11,8,3,5,5,0,0,0,0
S01008246,35 to 49,127,105,90,15,22,7,0,11,4,0
S01008246,50 to 64,140,110,101,9,30,8,0,5,14,3
S01008246,65 to 74,47,31,29,2,16,1,1,0,3,11
S01008246,75 to 84,16,7,7,0,9,1,0,0,1,7
S01008246,85 and over,5,2,2,0,3,0,0,0,0,3
S01008247,All HRPs,319,233,186,47,86,25,1,11,25,24
S01008247,24 and under,4,3,0,3,1,1,0,0,0,0
S01008247,25 to 34,20,16,7,9,4,3,0,0,0,1
S01008247,35 to 49,113,91,69,22,22,9,0,8,4,1
S01008247,50 to 64,119,88,78,10,31,7,0,3,17,4
S01008247,65 to 74,41,25,23,2,16,2,1,0,4,9
S01008247,75 to 84,17,6,6,0,11,2,0,0,0,9
S01008247,85 and over,5,4,3,1,1,1,0,0,0,0
S01008248,All HRPs,397,249,213,36,148,52,4,9,35,48
S01008248,24 and under,10,3,0,3,7,7,0,0,0,0
S01008248,25 to 34,33,19,9,10,14,13,0,0,1,0
S01008248,35 to 49,120,78,66,12,42,17,2,6,16,1
S01008248,50 to 64,106,80,71,9,26,9,0,2,12,3
S01008248,65 to 74,69,42,40,2,27,3,1,0,5,18
S01008248,75 to 84,39,19,19,0,20,2,1,1,1,15
S01008248,85 and over,20,8,8,0,12,1,0,0,0,11
S01008249,All HRPs,401,253,221,32,148,57,4,16,32,39
S01008249,24 and under,5,2,0,2,3,3,0,0,0,0
S01008249,25 to 34,25,21,14,7,4,2,0,1,1,0
S01008249,35 to 49,121,85,73,12,36,23,1,4,7,1
S01008249,50 to 64,133,82,73,9,51,14,3,11,18,5
S01008249,65 to 74,67,43,41,2,24,10,0,0,4,10
S01008249,75 to 84,38,17,17,0,21,4,0,0,1,16
S01008249,85 and over,12,3,3,0,9,1,0,0,1,7
S01008250,All HRPs,447,283,248,35,164,73,0,18,38,35
S01008250,24 and under,9,1,0,1,8,8,0,0,0,0
S01008250,25 to 34,36,21,12,9,15,15,0,0,0,0
S01008250,35 to 49,127,88,76,12,39,20,0,9,10,0
S01008250,50 to 64,156,99,88,11,57,25,0,7,19,6
S01008250,65 to 74,74,51,50,1,23,3,0,1,6,13
S01008250,75 to 84,39,20,19,1,19,1,0,1,3,14
S01008250,85 and over,6,3,3,0,3,1,0,0,0,2
S01008251,All HRPs,255,209,194,15,46,8,1,8,13,16
S01008251,24 and under,1,1,1,0,0,0,0,0,0,0
S01008251,25 to 34,10,8,7,1,2,2,0,0,0,0
S01008251,35 to 49,118,106,100,6,12,2,1,3,4,2
S01008251,50 to 64,78,61,53,8,17,3,0,4,6,4
S01008251,65 to 74,30,21,21,0,9,1,0,1,2,5
S01008251,75 to 84,16,12,12,0,4,0,0,0,1,3
S01008251,85 and over,2,0,0,0,2,0,0,0,0,2
S01008252,All HRPs,338,234,209,25,104,27,5,5,31,36
S01008252,24 and under,3,1,0,1,2,2,0,0,0,0
S01008252,25 to 34,12,6,1,5,6,6,0,0,0,0
S01008252,35 to 49,95,75,67,8,20,8,1,2,8,1
S01008252,50 to 64,110,87,78,9,23,4,1,3,14,1
S01008252,65 to 74,69,38,37,1,31,6,0,0,9,16
S01008252,75 to 84,42,23,22,1,19,1,3,0,0,15
S01008252,85 and over,7,4,4,0,3,0,0,0,0,3
S01008253,All HRPs,370,177,147,30,193,44,3,8,52,86
S01008253,24 and under,4,2,0,2,2,2,0,0,0,0
S01008253,25 to 34,22,9,2,7,13,12,0,0,1,0
S01008253,35 to 49,83,55,42,13,28,10,0,5,13,0
S01008253,50 to 64,113,67,60,7,46,10,1,3,24,8
S01008253,65 to 74,63,32,31,1,31,4,1,0,8,18
S01008253,75 to 84,63,9,9,0,54,5,0,0,6,43
S01008253,85 and over,22,3,3,0,19,1,1,0,0,17
S01008254,All HRPs,428,233,198,35,195,72,1,12,47,63
S01008254,24 and under,8,2,0,2,6,6,0,0,0,0
S01008254,25 to 34,39,22,14,8,17,16,0,0,0,1
S01008254,35 to 49,117,67,56,11,50,25,0,8,15,2
S01008254,50 to 64,124,81,67,14,43,13,0,2,16,12
S01008254,65 to 74,73,35,35,0,38,8,1,2,10,17
S01008254,75 to 84,54,21,21,0,33,3,0,0,6,24
S01008254,85 and over,13,5,5,0,8,1,0,0,0,7
S01008255,All HRPs,292,170,141,29,122,27,4,17,32,42
S01008255,24 and under,8,3,1,2,5,5,0,0,0,0
S01008255,25 to 34,19,15,7,8,4,3,0,1,0,0
S01008255,35 to 49,95,57,43,14,38,14,2,11,11,0
S01008255,50 to 64,93,64,59,5,29,3,1,3,17,5
S01008255,65 to 74,38,16,16,0,22,2,0,2,3,15
S01008255,75 to 84,28,13,13,0,15,0,0,0,1,14
S01008255,85 and over,11,2,2,0,9,0,1,0,0,8
S01008256,All HRPs,361,164,122,42,197,58,4,28,59,48
S01008256,24 and under,15,10,4,6,5,5,0,0,0,0
S01008256,25 to 34,53,23,8,15,30,25,0,3,2,0
S01008256,35 to 49,119,59,45,14,60,15,2,12,26,5
S01008256,50 to 64,89,40,33,7,49,9,0,10,20,10
S01008256,65 to 74,46,18,18,0,28,2,1,2,10,13
S01008256,75 to 84,32,14,14,0,18,2,1,1,1,13
S01008256,85 and over,7,0,0,0,7,0,0,0,0,7
S01008257,All HRPs,357,141,109,32,216,55,4,20,34,103
S01008257,24 and under,13,6,2,4,7,6,1,0,0,0
S01008257,25 to 34,32,13,4,9,19,17,0,1,1,0
S01008257,35 to 49,66,39,27,12,27,13,0,7,7,0
S01008257,50 to 64,69,31,27,4,38,9,1,9,13,6
S01008257,65 to 74,50,19,18,1,31,4,1,2,7,17
S01008257,75 to 84,75,23,21,2,52,4,0,0,6,42
S01008257,85 and over,52,10,10,0,42,2,1,1,0,38
S01008258,All HRPs,401,219,185,34,182,85,0,17,33,47
S01008258,24 and under,13,4,0,4,9,9,0,0,0,0
S01008258,25 to 34,48,19,8,11,29,28,0,1,0,0
S01008258,35 to 49,102,57,46,11,45,28,0,5,12,0
S01008258,50 to 64,140,94,87,7,46,13,0,9,14,10
S01008258,65 to 74,46,31,30,1,15,2,0,1,5,7
S01008258,75 to 84,33,11,11,0,22,1,0,1,2,18
S01008258,85 and over,19,3,3,0,16,4,0,0,0,12
S01008259,All HRPs,376,192,152,40,184,56,3,24,39,62
S01008259,24 and under,11,3,0,3,8,7,0,1,0,0
S01008259,25 to 34,41,23,10,13,18,12,0,5,1,0
S01008259,35 to 49,102,73,59,14,29,15,0,4,10,0
S01008259,50 to 64,97,49,41,8,48,10,0,11,18,9
S01008259,65 to 74,60,27,25,2,33,6,2,1,8,16
S01008259,75 to 84,54,15,15,0,39,6,1,2,2,28
S01008259,85 and over,11,2,2,0,9,0,0,0,0,9
S01008260,All HRPs,355,182,127,55,173,72,2,23,49,27
S01008260,24 and under,22,8,2,6,14,13,0,1,0,0
S01008260,25 to 34,44,23,7,16,21,19,0,1,1,0
S01008260,35 to 49,93,56,39,17,37,18,0,9,9,1
S01008260,50 to 64,120,62,49,13,58,15,2,8,28,5
S01008260,65 to 74,46,26,25,1,20,4,0,1,7,8
S01008260,75 to 84,25,7,5,2,18,2,0,3,4,9
S01008260,85 and over,5,0,0,0,5,1,0,0,0,4
S01008261,All HRPs,368,213,166,47,155,46,0,20,45,44
S01008261,24 and under,7,3,0,3,4,4,0,0,0,0
S01008261,25 to 34,42,25,13,12,17,13,0,2,2,0
S01008261,35 to 49,112,73,53,20,39,18,0,8,13,0
S01008261,50 to 64,126,76,65,11,50,7,0,8,24,11
S01008261,65 to 74,39,27,26,1,12,1,0,1,3,7
S01008261,75 to 84,33,8,8,0,25,2,0,1,3,19
S01008261,85 and over,9,1,1,0,8,1,0,0,0,7
S01008262,All HRPs,252,171,142,29,81,31,1,7,15,27
S01008262,24 and under,9,4,0,4,5,5,0,0,0,0
S01008262,25 to 34,17,12,7,5,5,5,0,0,0,0
S01008262,35 to 49,71,56,44,12,15,6,0,4,4,1
S01008262,50 to 64,101,75,67,8,26,10,1,2,8,5
S01008262,65 to 74,32,18,18,0,14,5,0,1,3,5
S01008262,75 to 84,18,6,6,0,12,0,0,0,0,12
S01008262,85 and over,4,0,0,0,4,0,0,0,0,4
S01008263,All HRPs,284,149,120,29,135,45,5,15,33,37
S01008263,24 and under,3,1,0,1,2,2,0,0,0,0
S01008263,25 to 34,21,11,7,4,10,10,0,0,0,0
S01008263,35 to 49,72,40,26,14,32,17,0,6,8,1
S01008263,50 to 64,93,50,41,9,43,12,3,3,19,6
S01008263,65 to 74,49,26,26,0,23,3,1,5,5,9
S01008263,75 to 84,34,18,17,1,16,1,1,1,1,12
S01008263,85 and over,12,3,3,0,9,0,0,0,0,9
S01008264,All HRPs,330,182,147,35,148,47,2,21,42,36
S01008264,24 and under,7,5,0,5,2,2,0,0,0,0
S01008264,25 to 34,33,22,10,12,11,10,0,1,0,0
S01008264,35 to 49,106,64,51,13,42,24,1,4,11,2
S01008264,50 to 64,80,43,40,3,37,6,0,6,21,4
S01008264,65 to 74,50,24,23,1,26,3,0,8,6,9
S01008264,75 to 84,43,23,22,1,20,1,1,2,3,13
S01008264,85 and over,11,1,1,0,10,1,0,0,1,8
S01008265,All HRPs,332,190,175,15,142,22,4,19,25,72
S01008265,24 and under,3,1,0,1,2,2,0,0,0,0
S01008265,25 to 34,10,4,2,2,6,5,0,1,0,0
S01008265,35 to 49,93,73,65,8,20,3,2,8,6,1
S01008265,50 to 64,71,46,42,4,25,4,0,6,10,5
S01008265,65 to 74,67,37,37,0,30,4,0,3,6,17
S01008265,75 to 84,54,22,22,0,32,3,2,0,3,24
S01008265,85 and over,34,7,7,0,27,1,0,1,0,25
S01008266,All HRPs,319,201,183,18,118,19,4,8,17,70
S01008266,24 and under,1,0,0,0,1,1,0,0,0,0
S01008266,25 to 34,6,3,1,2,3,2,0,0,1,0
S01008266,35 to 49,68,54,45,9,14,3,0,5,6,0
S01008266,50 to 64,75,60,53,7,15,7,0,1,4,3
S01008266,65 to 74,88,51,51,0,37,3,3,2,5,24
S01008266,75 to 84,61,30,30,0,31,3,1,0,1,26
S01008266,85 and over,20,3,3,0,17,0,0,0,0,17
S01008267,All HRPs,350,227,196,31,123,41,8,10,26,38
S01008267,24 and under,5,3,0,3,2,2,0,0,0,0
S01008267,25 to 34,22,16,9,7,6,6,0,0,0,0
S01008267,35 to 49,109,79,66,13,30,18,2,4,5,1
S01008267,50 to 64,107,71,64,7,36,13,4,3,15,1
S01008267,65 to 74,61,42,42,0,19,1,0,3,5,10
S01008267,75 to 84,33,16,15,1,17,0,1,0,1,15
S01008267,85 and over,13,0,0,0,13,1,1,0,0,11
S01008268,All HRPs,355,245,221,24,110,26,6,6,21,51
S01008268,24 and under,0,0,0,0,0,0,0,0,0,0
S01008268,25 to 34,8,7,5,2,1,1,0,0,0,0
S01008268,35 to 49,88,67,57,10,21,13,2,2,3,1
S01008268,50 to 64,112,85,77,8,27,7,3,3,12,2
S01008268,65 to 74,72,52,49,3,20,1,1,1,5,12
S01008268,75 to 84,55,29,28,1,26,1,0,0,1,24
S01008268,85 and over,20,5,5,0,15,3,0,0,0,12
S01008269,All HRPs,400,212,197,15,188,21,6,18,32,111
S01008269,24 and under,1,0,0,0,1,1,0,0,0,0
S01008269,25 to 34,8,6,6,0,2,0,1,0,1,0
S01008269,35 to 49,63,51,43,8,12,3,0,5,4,0
S01008269,50 to 64,102,76,72,4,26,4,1,5,9,7
S01008269,65 to 74,73,33,31,2,40,6,1,7,9,17
S01008269,75 to 84,99,36,35,1,63,1,1,1,8,52
S01008269,85 and over,54,10,10,0,44,6,2,0,1,35
S01008270,All HRPs,394,197,189,8,197,57,7,16,32,85
S01008270,24 and under,5,0,0,0,5,5,0,0,0,0
S01008270,25 to 34,18,2,2,0,16,15,0,1,0,0
S01008270,35 to 49,71,52,49,3,19,7,1,6,4,1
S01008270,50 to 64,104,67,63,4,37,10,2,6,15,4
S01008270,65 to 74,70,33,32,1,37,11,0,2,11,13
S01008270,75 to 84,78,33,33,0,45,6,2,1,2,34
S01008270,85 and over,48,10,10,0,38,3,2,0,0,33
S01008271,All HRPs,386,130,88,42,256,111,6,21,72,46
S01008271,24 and under,12,6,1,5,6,6,0,0,0,0
S01008271,25 to 34,58,23,11,12,35,33,0,2,0,0
S01008271,35 to 49,107,37,24,13,70,50,2,8,9,1
S01008271,50 to 64,104,33,24,9,71,17,3,3,44,4
S01008271,65 to 74,44,12,10,2,32,3,0,5,16,8
S01008271,75 to 84,30,13,12,1,17,1,0,3,2,11
S01008271,85 and over,31,6,6,0,25,1,1,0,1,22
S01008272,All HRPs,414,267,238,29,147,48,5,12,40,42
S01008272,24 and under,0,0,0,0,0,0,0,0,0,0
S01008272,25 to 34,21,13,6,7,8,7,0,1,0,0
S01008272,35 to 49,119,83,72,11,36,15,0,8,13,0
S01008272,50 to 64,151,107,97,10,44,15,3,2,18,6
S01008272,65 to 74,63,38,37,1,25,6,2,1,5,11
S01008272,75 to 84,41,21,21,0,20,3,0,0,2,15
S01008272,85 and over,19,5,5,0,14,2,0,0,2,10
S01008273,All HRPs,346,229,214,15,117,31,3,7,27,49
S01008273,24 and under,2,2,0,2,0,0,0,0,0,0
S01008273,25 to 34,10,6,3,3,4,4,0,0,0,0
S01008273,35 to 49,105,79,73,6,26,9,1,5,10,1
S01008273,50 to 64,102,77,75,2,25,10,2,2,6,5
S01008273,65 to 74,66,46,44,2,20,4,0,0,5,11
S01008273,75 to 84,41,16,16,0,25,2,0,0,5,18
S01008273,85 and over,20,3,3,0,17,2,0,0,1,14
S01008274,All HRPs,322,177,148,29,145,42,1,17,43,42
S01008274,24 and under,6,2,0,2,4,4,0,0,0,0
S01008274,25 to 34,22,13,3,10,9,8,0,0,1,0
S01008274,35 to 49,86,51,42,9,35,12,0,13,10,0
S01008274,50 to 64,95,54,48,6,41,8,1,4,22,6
S01008274,65 to 74,53,33,31,2,20,3,0,0,7,10
S01008274,75 to 84,49,21,21,0,28,6,0,0,1,21
S01008274,85 and over,11,3,3,0,8,1,0,0,2,5
S01008275,All HRPs,258,144,133,11,114,40,2,16,19,37
S01008275,24 and under,1,1,0,1,0,0,0,0,0,0
S01008275,25 to 34,13,5,4,1,8,6,0,2,0,0
S01008275,35 to 49,64,39,33,6,25,13,0,6,6,0
S01008275,50 to 64,89,60,57,3,29,14,1,4,9,1
S01008275,65 to 74,35,20,20,0,15,5,1,0,2,7
S01008275,75 to 84,38,14,14,0,24,1,0,3,2,18
S01008275,85 and over,18,5,5,0,13,1,0,1,0,11
S01008276,All HRPs,199,153,140,13,46,10,1,5,18,12
S01008276,24 and under,1,0,0,0,1,1,0,0,0,0
S01008276,25 to 34,9,6,5,1,3,3,0,0,0,0
S01008276,35 to 49,69,56,49,7,13,4,0,2,5,2
S01008276,50 to 64,80,60,56,4,20,2,1,3,11,3
S01008276,65 to 74,27,24,24,0,3,0,0,0,2,1
S01008276,75 to 84,10,7,6,1,3,0,0,0,0,3
S01008276,85 and over,3,0,0,0,3,0,0,0,0,3
S01008277,All HRPs,213,143,125,18,70,22,5,2,19,22
S01008277,24 and under,2,0,0,0,2,2,0,0,0,0
S01008277,25 to 34,6,5,4,1,1,1,0,0,0,0
S01008277,35 to 49,69,48,42,6,21,10,2,2,6,1
S01008277,50 to 64,79,60,52,8,19,5,3,0,8,3
S01008277,65 to 74,27,20,18,2,7,2,0,0,1,4
S01008277,75 to 84,22,7,7,0,15,1,0,0,4,10
S01008277,85 and over,8,3,2,1,5,1,0,0,0,4
S01008278,All HRPs,334,235,210,25,99,25,6,9,21,38
S01008278,24 and under,1,0,0,0,1,1,0,0,0,0
S01008278,25 to 34,13,12,8,4,1,1,0,0,0,0
S01008278,35 to 49,90,66,56,10,24,9,3,9,3,0
S01008278,50 to 64,116,90,82,8,26,10,0,0,11,5
S01008278,65 to 74,62,45,43,2,17,2,2,0,6,7
S01008278,75 to 84,38,20,19,1,18,2,1,0,1,14
S01008278,85 and over,14,2,2,0,12,0,0,0,0,12
S01008279,All HRPs,331,201,170,31,130,35,4,14,28,49
S01008279,24 and under,4,0,0,0,4,4,0,0,0,0
S01008279,25 to 34,22,16,10,6,6,4,0,2,0,0
S01008279,35 to 49,88,54,45,9,34,12,1,10,10,1
S01008279,50 to 64,95,71,59,12,24,9,1,0,11,3
S01008279,65 to 74,63,36,33,3,27,3,1,2,6,15
S01008279,75 to 84,44,19,18,1,25,2,1,0,1,21
S01008279,85 and over,15,5,5,0,10,1,0,0,0,9
S01008280,All HRPs,425,245,198,47,180,63,3,19,45,50
S01008280,24 and under,13,4,0,4,9,9,0,0,0,0
S01008280,25 to 34,35,23,11,12,12,9,0,1,2,0
S01008280,35 to 49,114,80,66,14,34,14,1,9,10,0
S01008280,50 to 64,132,79,67,12,53,22,2,5,19,5
S01008280,65 to 74,69,35,33,2,34,6,0,4,11,13
S01008280,75 to 84,42,19,17,2,23,2,0,0,2,19
S01008280,85 and over,20,5,4,1,15,1,0,0,1,13
S01008281,All HRPs,316,200,165,35,116,41,7,18,25,25
S01008281,24 and under,3,1,0,1,2,2,0,0,0,0
S01008281,25 to 34,30,16,9,7,14,12,1,0,0,1
S01008281,35 to 49,97,61,44,17,36,20,2,10,3,1
S01008281,50 to 64,121,84,75,9,37,5,2,7,18,5
S01008281,65 to 74,35,22,21,1,13,2,2,1,2,6
S01008281,75 to 84,26,13,13,0,13,0,0,0,2,11
S01008281,85 and over,4,3,3,0,1,0,0,0,0,1
S01008282,All HRPs,299,202,166,36,97,30,2,10,25,30
S01008282,24 and under,3,2,1,1,1,1,0,0,0,0
S01008282,25 to 34,19,9,3,6,10,9,0,0,1,0
S01008282,35 to 49,99,73,54,19,26,13,0,5,8,0
S01008282,50 to 64,96,77,67,10,19,2,1,4,11,1
S01008282,65 to 74,43,24,24,0,19,2,0,1,4,12
S01008282,75 to 84,28,13,13,0,15,3,1,0,1,10
S01008282,85 and over,11,4,4,0,7,0,0,0,0,7
S01008283,All HRPs,184,138,123,15,46,16,0,7,12,11
S01008283,24 and under,0,0,0,0,0,0,0,0,0,0
S01008283,25 to 34,10,9,5,4,1,1,0,0,0,0
S01008283,35 to 49,85,69,61,8,16,7,0,6,3,0
S01008283,50 to 64,65,43,40,3,22,8,0,1,9,4
S01008283,65 to 74,9,8,8,0,1,0,0,0,0,1
S01008283,75 to 84,12,9,9,0,3,0,0,0,0,3
S01008283,85 and over,3,0,0,0,3,0,0,0,0,3
S01008284,All HRPs,348,239,203,36,109,35,0,11,27,36
S01008284,24 and under,8,5,0,5,3,3,0,0,0,0
S01008284,25 to 34,28,20,14,6,8,8,0,0,0,0
S01008284,35 to 49,128,106,88,18,22,8,0,5,9,0
S01008284,50 to 64,104,73,67,6,31,10,0,3,13,5
S01008284,65 to 74,37,23,22,1,14,4,0,2,3,5
S01008284,75 to 84,30,11,11,0,19,1,0,1,2,15
S01008284,85 and over,13,1,1,0,12,1,0,0,0,11
S01008285,All HRPs,355,182,131,51,173,60,2,13,48,50
S01008285,24 and under,18,6,1,5,12,12,0,0,0,0
S01008285,25 to 34,47,28,7,21,19,16,0,1,2,0
S01008285,35 to 49,87,48,30,18,39,16,0,4,18,1
S01008285,50 to 64,84,44,41,3,40,9,2,6,22,1
S01008285,65 to 74,55,31,29,2,24,1,0,2,6,15
S01008285,75 to 84,48,23,21,2,25,4,0,0,0,21
S01008285,85 and over,16,2,2,0,14,2,0,0,0,12
S01008286,All HRPs,303,186,153,33,117,32,2,11,28,44
S01008286,24 and under,4,3,0,3,1,1,0,0,0,0
S01008286,25 to 34,25,19,11,8,6,6,0,0,0,0
S01008286,35 to 49,83,56,40,16,27,13,0,6,7,1
S01008286,50 to 64,98,69,64,5,29,7,1,2,13,6
S01008286,65 to 74,45,25,24,1,20,4,0,1,4,11
S01008286,75 to 84,37,11,11,0,26,0,1,2,4,19
S01008286,85 and over,11,3,3,0,8,1,0,0,0,7
S01008287,All HRPs,311,176,140,36,135,47,5,17,29,37
S01008287,24 and under,9,4,0,4,5,5,0,0,0,0
S01008287,25 to 34,32,18,9,9,14,11,0,3,0,0
S01008287,35 to 49,100,56,42,14,44,19,1,12,12,0
S01008287,50 to 64,90,66,61,5,24,9,1,0,10,4
S01008287,65 to 74,39,22,20,2,17,0,1,2,4,10
S01008287,75 to 84,31,10,8,2,21,2,1,0,3,15
S01008287,85 and over,10,0,0,0,10,1,1,0,0,8
S01008288,All HRPs,413,231,191,40,182,57,3,17,31,74
S01008288,24 and under,7,1,0,1,6,6,0,0,0,0
S01008288,25 to 34,26,17,5,12,9,9,0,0,0,0
S01008288,35 to 49,103,66,51,15,37,19,1,9,7,1
S01008288,50 to 64,119,88,78,10,31,7,2,4,12,6
S01008288,65 to 74,56,27,25,2,29,4,0,3,7,15
S01008288,75 to 84,75,26,26,0,49,10,0,1,4,34
S01008288,85 and over,27,6,6,0,21,2,0,0,1,18
S01008289,All HRPs,319,131,87,44,188,78,7,21,61,21
S01008289,24 and under,14,6,0,6,8,8,0,0,0,0
S01008289,25 to 34,51,20,4,16,31,20,5,6,0,0
S01008289,35 to 49,102,44,31,13,58,35,0,7,15,1
S01008289,50 to 64,86,36,29,7,50,11,2,6,31,0
S01008289,65 to 74,41,19,17,2,22,3,0,1,9,9
S01008289,75 to 84,18,5,5,0,13,1,0,1,4,7
S01008289,85 and over,7,1,1,0,6,0,0,0,2,4
S01008290,All HRPs,397,199,150,49,198,98,2,15,43,40
S01008290,24 and under,20,6,0,6,14,12,0,2,0,0
S01008290,25 to 34,55,24,13,11,31,31,0,0,0,0
S01008290,35 to 49,132,79,56,23,53,30,1,6,13,3
S01008290,50 to 64,104,60,53,7,44,13,1,3,22,5
S01008290,65 to 74,47,21,19,2,26,9,0,3,6,8
S01008290,75 to 84,30,8,8,0,22,2,0,1,2,17
S01008290,85 and over,9,1,1,0,8,1,0,0,0,7
S01008291,All HRPs,369,208,179,29,161,43,2,6,30,80
S01008291,24 and under,10,3,0,3,7,7,0,0,0,0
S01008291,25 to 34,23,17,7,10,6,6,0,0,0,0
S01008291,35 to 49,62,34,26,8,28,9,0,4,14,1
S01008291,50 to 64,99,68,62,6,31,12,0,2,9,8
S01008291,65 to 74,72,41,39,2,31,4,0,0,4,23
S01008291,75 to 84,71,36,36,0,35,3,1,0,3,28
S01008291,85 and over,32,9,9,0,23,2,1,0,0,20
S01008292,All HRPs,310,190,153,37,120,47,1,18,33,21
S01008292,24 and under,17,8,1,7,9,8,0,1,0,0
S01008292,25 to 34,42,25,12,13,17,13,0,3,1,0
S01008292,35 to 49,118,78,66,12,40,16,1,12,10,1
S01008292,50 to 64,88,56,51,5,32,9,0,2,13,8
S01008292,65 to 74,28,15,15,0,13,1,0,0,9,3
S01008292,75 to 84,12,7,7,0,5,0,0,0,0,5
S01008292,85 and over,5,1,1,0,4,0,0,0,0,4
S01008293,All HRPs,199,173,155,18,26,5,1,3,9,8
S01008293,24 and under,1,1,0,1,0,0,0,0,0,0
S01008293,25 to 34,9,8,6,2,1,1,0,0,0,0
S01008293,35 to 49,97,89,79,10,8,2,0,2,3,1
S01008293,50 to 64,57,48,43,5,9,2,1,1,5,0
S01008293,65 to 74,26,20,20,0,6,0,0,0,1,5
S01008293,75 to 84,7,5,5,0,2,0,0,0,0,2
S01008293,85 and over,2,2,2,0,0,0,0,0,0,0
S01008294,All HRPs,326,247,210,37,79,20,1,9,20,29
S01008294,24 and under,2,0,0,0,2,2,0,0,0,0
S01008294,25 to 34,28,17,13,4,11,10,0,1,0,0
S01008294,35 to 49,144,126,100,26,18,7,1,4,6,0
S01008294,50 to 64,91,70,64,6,21,1,0,3,10,7
S01008294,65 to 74,30,23,22,1,7,0,0,0,2,5
S01008294,75 to 84,23,11,11,0,12,0,0,1,2,9
S01008294,85 and over,8,0,0,0,8,0,0,0,0,8
S01008295,All HRPs,380,254,221,33,126,47,4,18,23,34
S01008295,24 and under,9,2,0,2,7,7,0,0,0,0
S01008295,25 to 34,26,20,13,7,6,5,0,0,1,0
S01008295,35 to 49,112,73,59,14,39,17,1,9,10,2
S01008295,50 to 64,170,127,118,9,43,12,3,7,9,12
S01008295,65 to 74,41,25,25,0,16,4,0,2,3,7
S01008295,75 to 84,20,7,6,1,13,2,0,0,0,11
S01008295,85 and over,2,0,0,0,2,0,0,0,0,2
S01008296,All HRPs,320,130,106,24,190,65,3,17,31,74
S01008296,24 and under,24,2,0,2,22,22,0,0,0,0
S01008296,25 to 34,27,12,6,6,15,11,0,4,0,0
S01008296,35 to 49,69,38,29,9,31,10,2,8,9,2
S01008296,50 to 64,83,45,39,6,38,12,0,3,13,10
S01008296,65 to 74,49,15,14,1,34,0,1,1,7,25
S01008296,75 to 84,48,13,13,0,35,6,0,1,1,27
S01008296,85 and over,20,5,5,0,15,4,0,0,1,10
S01008297,All HRPs,295,188,167,21,107,48,1,9,21,28
S01008297,24 and under,6,1,1,0,5,5,0,0,0,0
S01008297,25 to 34,31,18,12,6,13,13,0,0,0,0
S01008297,35 to 49,124,84,75,9,40,23,0,7,8,2
S01008297,50 to 64,77,59,54,5,18,4,0,1,8,5
S01008297,65 to 74,28,13,12,1,15,2,1,1,4,7
S01008297,75 to 84,24,13,13,0,11,1,0,0,0,10
S01008297,85 and over,5,0,0,0,5,0,0,0,1,4
S01008298,All HRPs,303,197,162,35,106,49,0,12,17,28
S01008298,24 and under,9,5,1,4,4,4,0,0,0,0
S01008298,25 to 34,29,18,11,7,11,11,0,0,0,0
S01008298,35 to 49,112,73,59,14,39,19,0,9,11,0
S01008298,50 to 64,83,62,55,7,21,9,0,1,2,9
S01008298,65 to 74,41,27,25,2,14,3,0,2,3,6
S01008298,75 to 84,20,10,9,1,10,1,0,0,1,8
S01008298,85 and over,9,2,2,0,7,2,0,0,0,5
S01008299,All HRPs,370,151,127,24,219,92,2,29,42,54
S01008299,24 and under,12,1,1,0,11,11,0,0,0,0
S01008299,25 to 34,42,19,15,4,23,16,2,5,0,0
S01008299,35 to 49,106,40,27,13,66,37,0,15,10,4
S01008299,50 to 64,110,54,47,7,56,21,0,8,21,6
S01008299,65 to 74,49,26,26,0,23,6,0,0,8,9
S01008299,75 to 84,36,6,6,0,30,0,0,0,2,28
S01008299,85 and over,15,5,5,0,10,1,0,1,1,7
S01008300,All HRPs,377,187,151,36,190,74,1,18,43,54
S01008300,24 and under,7,2,0,2,5,5,0,0,0,0
S01008300,25 to 34,41,17,5,12,24,22,0,1,1,0
S01008300,35 to 49,92,46,35,11,46,25,0,6,12,3
S01008300,50 to 64,132,79,68,11,53,17,0,9,18,9
S01008300,65 to 74,54,27,27,0,27,1,0,2,9,15
S01008300,75 to 84,45,16,16,0,29,2,0,0,2,25
S01008300,85 and over,6,0,0,0,6,2,1,0,1,2
S01008301,All HRPs,316,225,203,22,91,31,3,15,23,19
S01008301,24 and under,3,0,0,0,3,3,0,0,0,0
S01008301,25 to 34,18,12,8,4,6,6,0,0,0,0
S01008301,35 to 49,109,81,70,11,28,13,0,6,7,2
S01008301,50 to 64,134,100,94,6,34,7,1,4,13,9
S01008301,65 to 74,36,22,21,1,14,2,2,4,3,3
S01008301,75 to 84,13,10,10,0,3,0,0,1,0,2
S01008301,85 and over,3,0,0,0,3,0,0,0,0,3
S01008302,All HRPs,300,210,190,20,90,24,0,6,20,40
S01008302,24 and under,0,0,0,0,0,0,0,0,0,0
S01008302,25 to 34,21,16,12,4,5,3,0,0,2,0
S01008302,35 to 49,73,58,49,9,15,9,0,3,3,0
S01008302,50 to 64,101,74,68,6,27,9,0,3,10,5
S01008302,65 to 74,61,43,42,1,18,2,0,0,3,13
S01008302,75 to 84,32,16,16,0,16,0,0,0,2,14
S01008302,85 and over,12,3,3,0,9,1,0,0,0,8
S01008303,All HRPs,272,112,92,20,160,63,2,11,34,50
S01008303,24 and under,11,2,0,2,9,9,0,0,0,0
S01008303,25 to 34,36,12,5,7,24,21,0,2,1,0
S01008303,35 to 49,79,40,31,9,39,22,1,5,10,1
S01008303,50 to 64,63,36,34,2,27,8,0,1,15,3
S01008303,65 to 74,40,14,14,0,26,0,1,2,5,18
S01008303,75 to 84,28,7,7,0,21,2,0,1,2,16
S01008303,85 and over,15,1,1,0,14,1,0,0,1,12
S01008304,All HRPs,212,113,103,10,99,34,5,6,24,30
S01008304,24 and under,6,2,0,2,4,4,0,0,0,0
S01008304,25 to 34,12,6,2,4,6,6,0,0,0,0
S01008304,35 to 49,43,21,20,1,22,9,1,4,8,0
S01008304,50 to 64,87,60,57,3,27,5,2,2,12,6
S01008304,65 to 74,28,15,15,0,13,4,2,0,1,6
S01008304,75 to 84,25,6,6,0,19,4,0,0,3,12
S01008304,85 and over,11,3,3,0,8,2,0,0,0,6
S01008305,All HRPs,315,229,206,23,86,30,0,7,14,35
S01008305,24 and under,10,3,0,3,7,7,0,0,0,0
S01008305,25 to 34,20,15,11,4,5,4,0,1,0,0
S01008305,35 to 49,75,61,49,12,14,8,0,3,3,0
S01008305,50 to 64,114,92,89,3,22,4,0,3,7,8
S01008305,65 to 74,57,38,38,0,19,4,0,0,4,11
S01008305,75 to 84,29,17,16,1,12,0,0,0,0,12
S01008305,85 and over,10,3,3,0,7,3,0,0,0,4
S01008306,All HRPs,239,175,162,13,64,13,1,4,20,26
S01008306,24 and under,0,0,0,0,0,0,0,0,0,0
S01008306,25 to 34,11,9,5,4,2,1,0,1,0,0
S01008306,35 to 49,75,60,56,4,15,7,0,2,5,1
S01008306,50 to 64,89,69,65,4,20,2,0,1,13,4
S01008306,65 to 74,40,26,26,0,14,2,0,0,2,10
S01008306,75 to 84,18,11,10,1,7,0,1,0,0,6
S01008306,85 and over,6,0,0,0,6,1,0,0,0,5
S01008307,All HRPs,216,154,133,21,62,20,2,6,12,22
S01008307,24 and under,3,2,2,0,1,1,0,0,0,0
S01008307,25 to 34,21,16,12,4,5,5,0,0,0,0
S01008307,35 to 49,92,69,55,14,23,10,1,3,8,1
S01008307,50 to 64,62,50,48,2,12,3,0,3,4,2
S01008307,65 to 74,20,8,7,1,12,1,0,0,0,11
S01008307,75 to 84,16,9,9,0,7,0,1,0,0,6
S01008307,85 and over,2,0,0,0,2,0,0,0,0,2
S01008308,All HRPs,238,176,161,15,62,13,0,5,16,28
S01008308,24 and under,1,0,0,0,1,1,0,0,0,0
S01008308,25 to 34,15,11,7,4,4,3,0,1,0,0
S01008308,35 to 49,51,37,30,7,14,6,0,1,7,0
S01008308,50 to 64,82,68,65,3,14,0,0,2,5,7
S01008308,65 to 74,50,35,34,1,15,3,0,1,3,8
S01008308,75 to 84,35,24,24,0,11,0,0,0,1,10
S01008308,85 and over,4,1,1,0,3,0,0,0,0,3
S01008309,All HRPs,372,114,87,27,258,121,3,23,58,53
S01008309,24 and under,24,4,0,4,20,19,1,0,0,0
S01008309,25 to 34,59,12,5,7,47,43,0,2,2,0
S01008309,35 to 49,129,36,26,10,93,43,2,14,32,2
S01008309,50 to 64,67,29,25,4,38,7,0,6,17,8
S01008309,65 to 74,38,17,16,1,21,4,0,1,6,10
S01008309,75 to 84,40,16,15,1,24,4,0,0,1,19
S01008309,85 and over,15,0,0,0,15,1,0,0,0,14
S01008310,All HRPs,467,208,182,26,259,95,2,14,44,104
S01008310,24 and under,14,1,0,1,13,11,0,0,0,2
S01008310,25 to 34,41,20,10,10,21,16,0,3,2,0
S01008310,35 to 49,108,59,52,7,49,32,1,3,12,1
S01008310,50 to 64,140,84,76,8,56,18,0,5,24,9
S01008310,65 to 74,57,22,22,0,35,5,1,3,4,22
S01008310,75 to 84,75,19,19,0,56,6,0,0,2,48
S01008310,85 and over,32,3,3,0,29,7,0,0,0,22
S01008311,All HRPs,172,83,65,18,89,34,2,5,25,23
S01008311,24 and under,12,1,0,1,11,10,1,0,0,0
S01008311,25 to 34,20,8,4,4,12,12,0,0,0,0
S01008311,35 to 49,53,38,30,8,15,8,0,0,5,2
S01008311,50 to 64,50,23,18,5,27,4,0,2,18,3
S01008311,65 to 74,13,7,7,0,6,0,1,0,2,3
S01008311,75 to 84,23,6,6,0,17,0,0,3,0,14
S01008311,85 and over,1,0,0,0,1,0,0,0,0,1
S01008312,All HRPs,171,97,76,21,74,38,3,9,11,13
S01008312,24 and under,9,2,0,2,7,7,0,0,0,0
S01008312,25 to 34,26,12,5,7,14,10,3,1,0,0
S01008312,35 to 49,54,37,28,9,17,7,0,5,4,1
S01008312,50 to 64,42,26,23,3,16,6,0,3,4,3
S01008312,65 to 74,24,13,13,0,11,6,0,0,3,2
S01008312,75 to 84,14,7,7,0,7,1,0,0,0,6
S01008312,85 and over,2,0,0,0,2,1,0,0,0,1
S01008313,All HRPs,403,153,132,21,250,120,7,24,47,52
S01008313,24 and under,17,0,0,0,17,15,0,2,0,0
S01008313,25 to 34,41,16,10,6,25,24,0,1,0,0
S01008313,35 to 49,115,37,28,9,78,46,1,9,19,3
S01008313,50 to 64,120,57,54,3,63,21,3,7,21,11
S01008313,65 to 74,74,39,36,3,35,7,2,2,5,19
S01008313,75 to 84,33,4,4,0,29,7,1,3,2,16
S01008313,85 and over,3,0,0,0,3,0,0,0,0,3
S01008314,All HRPs,311,81,48,33,230,122,1,36,56,15
S01008314,24 and under,19,7,0,7,12,12,0,0,0,0
S01008314,25 to 34,71,21,8,13,50,46,0,4,0,0
S01008314,35 to 49,100,24,17,7,76,45,0,16,14,1
S01008314,50 to 64,90,23,17,6,67,14,0,14,34,5
S01008314,65 to 74,18,3,3,0,15,2,0,2,8,3
S01008314,75 to 84,13,3,3,0,10,3,1,0,0,6
S01008314,85 and over,0,0,0,0,0,0,0,0,0,0
S01008315,All HRPs,450,105,63,42,345,191,2,36,67,49
S01008315,24 and under,48,6,0,6,42,42,0,0,0,0
S01008315,25 to 34,84,18,6,12,66,63,0,2,1,0
S01008315,35 to 49,132,38,21,17,94,59,0,16,17,2
S01008315,50 to 64,105,27,22,5,78,17,2,15,35,9
S01008315,65 to 74,34,12,10,2,22,5,0,2,8,7
S01008315,75 to 84,35,4,4,0,31,3,0,1,6,21
S01008315,85 and over,12,0,0,0,12,2,0,0,0,10
S01008316,All HRPs,265,83,60,23,182,101,1,17,38,25
S01008316,24 and under,23,4,0,4,19,19,0,0,0,0
S01008316,25 to 34,44,14,8,6,30,24,1,4,1,0
S01008316,35 to 49,113,42,31,11,71,45,0,10,14,2
S01008316,50 to 64,67,21,19,2,46,13,0,3,20,10
S01008316,65 to 74,8,1,1,0,7,0,0,0,2,5
S01008316,75 to 84,10,1,1,0,9,0,0,0,1,8
S01008316,85 and over,0,0,0,0,0,0,0,0,0,0
S01008317,All HRPs,316,149,109,40,167,75,4,24,40,24
S01008317,24 and under,19,5,1,4,14,14,0,0,0,0
S01008317,25 to 34,62,34,18,16,28,20,0,5,3,0
S01008317,35 to 49,117,63,50,13,54,28,2,7,15,2
S01008317,50 to 64,88,38,32,6,50,13,1,11,19,6
S01008317,65 to 74,23,7,6,1,16,0,1,1,2,12
S01008317,75 to 84,6,2,2,0,4,0,0,0,1,3
S01008317,85 and over,1,0,0,0,1,0,0,0,0,1
S01008318,All HRPs,368,244,214,30,124,38,3,17,20,46
S01008318,24 and under,4,2,1,1,2,2,0,0,0,0
S01008318,25 to 34,42,26,18,8,16,13,1,1,1,0
S01008318,35 to 49,121,93,81,12,28,12,2,8,5,1
S01008318,50 to 64,102,73,64,9,29,6,0,6,9,8
S01008318,65 to 74,60,35,35,0,25,2,0,2,3,18
S01008318,75 to 84,32,13,13,0,19,3,0,0,2,14
S01008318,85 and over,7,2,2,0,5,0,0,0,0,5
S01008319,All HRPs,373,158,136,22,215,67,3,16,52,77
S01008319,24 and under,6,0,0,0,6,6,0,0,0,0
S01008319,25 to 34,28,11,4,7,17,16,0,1,0,0
S01008319,35 to 49,104,51,42,9,53,25,1,10,14,3
S01008319,50 to 64,94,45,40,5,49,11,1,5,27,5
S01008319,65 to 74,66,25,25,0,41,8,0,0,9,24
S01008319,75 to 84,60,22,21,1,38,1,1,0,1,35
S01008319,85 and over,15,4,4,0,11,0,0,0,1,10
S01008320,All HRPs,308,175,155,20,133,46,2,10,26,49
S01008320,24 and under,9,0,0,0,9,9,0,0,0,0
S01008320,25 to 34,22,11,7,4,11,9,0,0,2,0
S01008320,35 to 49,69,40,27,13,29,15,0,6,7,1
S01008320,50 to 64,76,49,46,3,27,8,0,4,10,5
S01008320,65 to 74,70,48,48,0,22,2,0,0,5,15
S01008320,75 to 84,56,24,24,0,32,3,1,0,2,26
S01008320,85 and over,6,3,3,0,3,0,1,0,0,2
S01008321,All HRPs,195,148,133,15,47,18,3,4,11,11
S01008321,24 and under,0,0,0,0,0,0,0,0,0,0
S01008321,25 to 34,10,9,4,5,1,0,0,0,1,0
S01008321,35 to 49,82,61,57,4,21,11,0,4,3,3
S01008321,50 to 64,72,58,52,6,14,6,2,0,6,0
S01008321,65 to 74,20,13,13,0,7,0,1,0,1,5
S01008321,75 to 84,10,6,6,0,4,1,0,0,0,3
S01008321,85 and over,1,1,1,0,0,0,0,0,0,0
S01008322,All HRPs,501,220,177,43,281,133,3,19,68,58
S01008322,24 and under,31,2,0,2,29,29,0,0,0,0
S01008322,25 to 34,66,29,13,16,37,35,0,2,0,0
S01008322,35 to 49,158,69,56,13,89,47,3,12,22,5
S01008322,50 to 64,128,71,60,11,57,13,0,3,31,10
S01008322,65 to 74,64,28,27,1,36,6,0,2,10,18
S01008322,75 to 84,40,18,18,0,22,2,0,0,2,18
S01008322,85 and over,14,3,3,0,11,1,0,0,3,7
S01008323,All HRPs,324,139,117,22,185,71,1,22,49,42
S01008323,24 and under,10,2,1,1,8,8,0,0,0,0
S01008323,25 to 34,37,14,5,9,23,20,0,3,0,0
S01008323,35 to 49,96,48,41,7,48,31,0,7,7,3
S01008323,50 to 64,112,48,45,3,64,11,1,9,32,11
S01008323,65 to 74,41,17,16,1,24,0,0,3,7,14
S01008323,75 to 84,26,9,8,1,17,1,0,0,3,13
S01008323,85 and over,2,1,1,0,1,0,0,0,0,1
S01008324,All HRPs,254,127,108,19,127,46,2,12,38,29
S01008324,24 and under,8,3,0,3,5,5,0,0,0,0
S01008324,25 to 34,31,11,5,6,20,20,0,0,0,0
S01008324,35 to 49,83,40,33,7,43,13,1,9,18,2
S01008324,50 to 64,82,56,53,3,26,4,0,2,18,2
S01008324,65 to 74,26,12,12,0,14,2,0,1,1,10
S01008324,75 to 84,20,5,5,0,15,1,1,0,1,12
S01008324,85 and over,4,0,0,0,4,1,0,0,0,3
S01008325,All HRPs,291,143,100,43,148,64,3,16,38,27
S01008325,24 and under,21,6,1,5,15,15,0,0,0,0
S01008325,25 to 34,55,34,15,19,21,15,1,3,2,0
S01008325,35 to 49,105,51,39,12,54,27,0,6,20,1
S01008325,50 to 64,67,35,29,6,32,6,0,6,14,6
S01008325,65 to 74,22,11,10,1,11,1,1,1,2,6
S01008325,75 to 84,15,5,5,0,10,0,1,0,0,9
S01008325,85 and over,6,1,1,0,5,0,0,0,0,5
S01008326,All HRPs,455,160,130,30,295,136,3,30,60,66
S01008326,24 and under,38,3,0,3,35,35,0,0,0,0
S01008326,25 to 34,73,32,21,11,41,33,1,3,4,0
S01008326,35 to 49,154,53,41,12,101,53,0,19,25,4
S01008326,50 to 64,94,43,39,4,51,13,2,7,19,10
S01008326,65 to 74,60,19,19,0,41,1,0,1,11,28
S01008326,75 to 84,28,6,6,0,22,0,0,0,1,21
S01008326,85 and over,8,4,4,0,4,1,0,0,0,3
S01008327,All HRPs,386,179,154,25,207,65,3,17,52,70
S01008327,24 and under,13,3,1,2,10,9,0,0,1,0
S01008327,25 to 34,28,13,6,7,15,14,1,0,0,0
S01008327,35 to 49,102,61,50,11,41,18,0,11,10,2
S01008327,50 to 64,119,62,58,4,57,15,0,5,29,8
S01008327,65 to 74,50,17,16,1,33,5,0,1,6,21
S01008327,75 to 84,61,20,20,0,41,4,2,0,6,29
S01008327,85 and over,13,3,3,0,10,0,0,0,0,10
S01008328,All HRPs,242,176,160,16,66,19,1,15,19,12
S01008328,24 and under,4,3,0,3,1,0,0,0,1,0
S01008328,25 to 34,23,16,14,2,7,6,0,0,1,0
S01008328,35 to 49,108,84,76,8,24,7,0,10,7,0
S01008328,50 to 64,72,52,49,3,20,5,0,4,9,2
S01008328,65 to 74,19,14,14,0,5,0,0,1,1,3
S01008328,75 to 84,15,7,7,0,8,1,1,0,0,6
S01008328,85 and over,1,0,0,0,1,0,0,0,0,1
S01008329,All HRPs,291,240,229,11,51,16,1,8,11,15
S01008329,24 and under,4,1,0,1,3,3,0,0,0,0
S01008329,25 to 34,22,15,12,3,7,5,0,2,0,0
S01008329,35 to 49,107,92,89,3,15,5,1,4,4,1
S01008329,50 to 64,111,95,93,2,16,2,0,2,6,6
S01008329,65 to 74,32,27,25,2,5,1,0,0,1,3
S01008329,75 to 84,15,10,10,0,5,0,0,0,0,5
S01008329,85 and over,0,0,0,0,0,0,0,0,0,0
S01008330,All HRPs,290,215,206,9,75,22,1,16,18,18
S01008330,24 and under,0,0,0,0,0,0,0,0,0,0
S01008330,25 to 34,18,13,9,4,5,3,0,2,0,0
S01008330,35 to 49,99,80,79,1,19,6,0,7,5,1
S01008330,50 to 64,112,82,79,3,30,6,1,4,13,6
S01008330,65 to 74,43,29,28,1,14,5,0,3,0,6
S01008330,75 to 84,15,11,11,0,4,2,0,0,0,2
S01008330,85 and over,3,0,0,0,3,0,0,0,0,3
S01008331,All HRPs,246,137,115,22,109,51,1,13,27,17
S01008331,24 and under,6,3,0,3,3,2,0,1,0,0
S01008331,25 to 34,33,14,9,5,19,15,0,2,1,1
S01008331,35 to 49,82,54,45,9,28,19,0,2,6,1
S01008331,50 to 64,89,51,48,3,38,10,1,7,15,5
S01008331,65 to 74,17,7,6,1,10,3,0,1,5,1
S01008331,75 to 84,14,6,5,1,8,2,0,0,0,6
S01008331,85 and over,5,2,2,0,3,0,0,0,0,3
S01008332,All HRPs,378,211,192,19,167,46,4,20,34,63
S01008332,24 and under,4,2,0,2,2,1,0,0,1,0
S01008332,25 to 34,16,11,7,4,5,4,0,1,0,0
S01008332,35 to 49,93,56,49,7,37,13,1,12,11,0
S01008332,50 to 64,121,82,77,5,39,16,0,5,14,4
S01008332,65 to 74,68,35,34,1,33,8,0,2,4,19
S01008332,75 to 84,52,17,17,0,35,2,2,0,4,27
S01008332,85 and over,24,8,8,0,16,2,1,0,0,13
S01008333,All HRPs,454,238,223,15,216,44,4,12,50,106
S01008333,24 and under,2,1,1,0,1,1,0,0,0,0
S01008333,25 to 34,16,10,7,3,6,5,0,0,1,0
S01008333,35 to 49,82,53,50,3,29,11,1,7,10,0
S01008333,50 to 64,120,83,76,7,37,6,0,4,20,7
S01008333,65 to 74,99,62,60,2,37,12,1,1,8,15
S01008333,75 to 84,74,20,20,0,54,5,0,0,7,42
S01008333,85 and over,61,9,9,0,52,4,2,0,4,42
S01008334,All HRPs,321,185,165,20,136,40,1,19,29,47
S01008334,24 and under,4,1,0,1,3,3,0,0,0,0
S01008334,25 to 34,27,17,9,8,10,7,0,2,1,0
S01008334,35 to 49,85,57,53,4,28,11,0,3,13,1
S01008334,50 to 64,95,59,55,4,36,10,0,12,9,5
S01008334,65 to 74,43,24,24,0,19,6,0,1,2,10
S01008334,75 to 84,46,22,20,2,24,3,0,1,3,17
S01008334,85 and over,21,5,4,1,16,0,1,0,1,14
S01008335,All HRPs,330,160,140,20,170,60,1,22,38,49
S01008335,24 and under,3,1,0,1,2,1,0,0,1,0
S01008335,25 to 34,35,20,14,6,15,15,0,0,0,0
S01008335,35 to 49,97,53,44,9,44,23,0,7,13,1
S01008335,50 to 64,84,37,36,1,47,11,1,13,16,6
S01008335,65 to 74,47,26,25,1,21,5,0,2,5,9
S01008335,75 to 84,53,22,20,2,31,4,0,0,3,24
S01008335,85 and over,11,1,1,0,10,1,0,0,0,9
S01008336,All HRPs,268,145,130,15,123,37,2,15,26,43
S01008336,24 and under,4,1,1,0,3,2,0,1,0,0
S01008336,25 to 34,19,11,10,1,8,5,0,3,0,0
S01008336,35 to 49,83,55,48,7,28,15,0,7,5,1
S01008336,50 to 64,81,54,50,4,27,8,0,2,13,4
S01008336,65 to 74,32,15,13,2,17,2,1,1,4,9
S01008336,75 to 84,29,9,8,1,20,3,1,1,1,14
S01008336,85 and over,20,0,0,0,20,2,0,0,3,15
S01008337,All HRPs,365,216,189,27,149,48,3,10,51,37
S01008337,24 and under,9,2,1,1,7,6,0,0,1,0
S01008337,25 to 34,61,48,38,10,13,11,0,1,1,0
S01008337,35 to 49,133,91,81,10,42,16,1,5,19,1
S01008337,50 to 64,90,56,50,6,34,7,1,4,18,4
S01008337,65 to 74,35,13,13,0,22,5,1,0,8,8
S01008337,75 to 84,26,6,6,0,20,2,0,0,3,15
S01008337,85 and over,11,0,0,0,11,1,0,0,1,9
S01008338,All HRPs,262,201,186,15,61,24,4,9,12,12
S01008338,24 and under,0,0,0,0,0,0,0,0,0,0
S01008338,25 to 34,22,20,17,3,2,2,0,0,0,0
S01008338,35 to 49,158,128,121,7,30,13,1,8,8,0
S01008338,50 to 64,61,45,42,3,16,8,1,1,3,3
S01008338,65 to 74,16,7,5,2,9,1,2,0,1,5
S01008338,75 to 84,5,1,1,0,4,0,0,0,0,4
S01008338,85 and over,0,0,0,0,0,0,0,0,0,0
S01008339,All HRPs,227,166,141,25,61,16,2,11,21,11
S01008339,24 and under,5,3,0,3,2,2,0,0,0,0
S01008339,25 to 34,28,26,18,8,2,0,0,2,0,0
S01008339,35 to 49,88,63,53,10,25,7,1,6,11,0
S01008339,50 to 64,79,61,57,4,18,5,1,2,7,3
S01008339,65 to 74,22,12,12,0,10,1,0,1,3,5
S01008339,75 to 84,2,1,1,0,1,0,0,0,0,1
S01008339,85 and over,3,0,0,0,3,1,0,0,0,2
S01008340,All HRPs,313,190,175,15,123,47,2,12,35,27
S01008340,24 and under,4,1,0,1,3,3,0,0,0,0
S01008340,25 to 34,40,25,20,5,15,13,0,1,1,0
S01008340,35 to 49,114,72,69,3,42,22,0,8,11,1
S01008340,50 to 64,115,74,70,4,41,9,1,3,18,10
S01008340,65 to 74,26,11,11,0,15,0,1,0,4,10
S01008340,75 to 84,13,6,4,2,7,0,0,0,1,6
S01008340,85 and over,1,1,1,0,0,0,0,0,0,0
S01008341,All HRPs,204,174,157,17,30,5,1,6,13,5
S01008341,24 and under,1,1,1,0,0,0,0,0,0,0
S01008341,25 to 34,10,9,5,4,1,1,0,0,0,0
S01008341,35 to 49,99,90,82,8,9,2,0,3,3,1
S01008341,50 to 64,80,65,61,4,15,1,1,3,9,1
S01008341,65 to 74,12,7,7,0,5,1,0,0,1,3
S01008341,75 to 84,2,2,1,1,0,0,0,0,0,0
S01008341,85 and over,0,0,0,0,0,0,0,0,0,0
S01008342,All HRPs,327,210,189,21,117,41,1,11,34,30
S01008342,24 and under,10,0,0,0,10,7,0,0,3,0
S01008342,25 to 34,21,16,14,2,5,5,0,0,0,0
S01008342,35 to 49,100,59,51,8,41,20,0,6,13,2
S01008342,50 to 64,116,89,79,10,27,7,1,3,13,3
S01008342,65 to 74,51,33,32,1,18,2,0,2,4,10
S01008342,75 to 84,21,10,10,0,11,0,0,0,1,10
S01008342,85 and over,8,3,3,0,5,0,0,0,0,5
S01008343,All HRPs,328,243,238,5,85,8,2,6,13,56
S01008343,24 and under,0,0,0,0,0,0,0,0,0,0
S01008343,25 to 34,8,7,6,1,1,1,0,0,0,0
S01008343,35 to 49,83,70,68,2,13,4,0,3,6,0
S01008343,50 to 64,114,95,93,2,19,3,1,3,6,6
S01008343,65 to 74,59,42,42,0,17,0,1,0,0,16
S01008343,75 to 84,47,25,25,0,22,0,0,0,0,22
S01008343,85 and over,17,4,4,0,13,0,0,0,1,12
S01008344,All HRPs,355,231,221,10,124,33,5,14,26,46
S01008344,24 and under,4,0,0,0,4,4,0,0,0,0
S01008344,25 to 34,14,5,5,0,9,9,0,0,0,0
S01008344,35 to 49,86,56,51,5,30,12,2,5,10,1
S01008344,50 to 64,130,98,94,4,32,8,0,9,10,5
S01008344,65 to 74,63,43,42,1,20,0,1,0,5,14
S01008344,75 to 84,42,25,25,0,17,0,1,0,0,16
S01008344,85 and over,16,4,4,0,12,0,1,0,1,10
S01008345,All HRPs,350,244,234,10,106,24,10,7,12,53
S01008345,24 and under,6,0,0,0,6,6,0,0,0,0
S01008345,25 to 34,9,6,6,0,3,1,1,0,1,0
S01008345,35 to 49,76,61,56,5,15,6,0,4,5,0
S01008345,50 to 64,123,102,98,4,21,4,6,2,3,6
S01008345,65 to 74,71,45,44,1,26,4,2,0,3,17
S01008345,75 to 84,47,24,24,0,23,2,1,1,0,19
S01008345,85 and over,18,6,6,0,12,1,0,0,0,11
S01008346,All HRPs,359,271,262,9,88,16,4,9,14,45
S01008346,24 and under,1,0,0,0,1,1,0,0,0,0
S01008346,25 to 34,8,6,6,0,2,1,0,0,1,0
S01008346,35 to 49,115,96,90,6,19,10,2,3,4,0
S01008346,50 to 64,118,103,100,3,15,2,0,6,5,2
S01008346,65 to 74,53,35,35,0,18,2,0,0,3,13
S01008346,75 to 84,48,26,26,0,22,0,1,0,1,20
S01008346,85 and over,16,5,5,0,11,0,1,0,0,10
S01008347,All HRPs,489,218,208,10,271,52,9,23,57,130
S01008347,24 and under,5,1,0,1,4,4,0,0,0,0
S01008347,25 to 34,23,9,8,1,14,13,0,1,0,0
S01008347,35 to 49,100,56,53,3,44,14,2,9,18,1
S01008347,50 to 64,123,72,68,4,51,11,2,9,24,5
S01008347,65 to 74,73,38,37,1,35,1,1,3,9,21
S01008347,75 to 84,98,33,33,0,65,4,1,0,3,57
S01008347,85 and over,67,9,9,0,58,5,3,1,3,46
S01008348,All HRPs,326,192,182,10,134,33,4,9,36,52
S01008348,24 and under,3,2,0,2,1,1,0,0,0,0
S01008348,25 to 34,18,8,6,2,10,8,0,0,0,2
S01008348,35 to 49,83,46,43,3,37,14,1,6,16,0
S01008348,50 to 64,94,65,62,3,29,7,1,3,11,7
S01008348,65 to 74,56,33,33,0,23,3,1,0,7,12
S01008348,75 to 84,54,33,33,0,21,0,1,0,2,18
S01008348,85 and over,18,5,5,0,13,0,0,0,0,13
S01008349,All HRPs,313,221,209,12,92,21,6,11,18,36
S01008349,24 and under,0,0,0,0,0,0,0,0,0,0
S01008349,25 to 34,13,8,7,1,5,2,0,3,0,0
S01008349,35 to 49,118,92,89,3,26,10,3,5,7,1
S01008349,50 to 64,96,76,68,8,20,5,1,3,9,2
S01008349,65 to 74,50,27,27,0,23,3,0,0,2,18
S01008349,75 to 84,28,16,16,0,12,1,2,0,0,9
S01008349,85 and over,8,2,2,0,6,0,0,0,0,6
S01008350,All HRPs,257,174,167,7,83,16,5,8,13,41
S01008350,24 and under,1,1,0,1,0,0,0,0,0,0
S01008350,25 to 34,5,3,3,0,2,2,0,0,0,0
S01008350,35 to 49,50,41,37,4,9,5,0,3,1,0
S01008350,50 to 64,79,57,55,2,22,7,3,4,4,4
S01008350,65 to 74,57,40,40,0,17,0,2,1,4,10
S01008350,75 to 84,54,28,28,0,26,1,0,0,4,21
S01008350,85 and over,11,4,4,0,7,1,0,0,0,6
S01008351,All HRPs,347,241,232,9,106,10,1,8,29,58
S01008351,24 and under,0,0,0,0,0,0,0,0,0,0
S01008351,25 to 34,11,6,5,1,5,2,0,0,3,0
S01008351,35 to 49,101,76,69,7,25,6,0,6,12,1
S01008351,50 to 64,113,93,93,0,20,1,1,1,11,6
S01008351,65 to 74,53,38,37,1,15,0,0,1,3,11
S01008351,75 to 84,50,24,24,0,26,1,0,0,0,25
S01008351,85 and over,19,4,4,0,15,0,0,0,0,15
S01008352,All HRPs,248,185,173,12,63,11,3,5,9,35
S01008352,24 and under,0,0,0,0,0,0,0,0,0,0
S01008352,25 to 34,10,6,5,1,4,3,1,0,0,0
S01008352,35 to 49,63,55,49,6,8,3,2,1,1,1
S01008352,50 to 64,88,73,70,3,15,1,0,3,4,7
S01008352,65 to 74,40,26,24,2,14,3,0,1,3,7
S01008352,75 to 84,32,19,19,0,13,0,0,0,1,12
S01008352,85 and over,15,6,6,0,9,1,0,0,0,8
S01008353,All HRPs,198,139,132,7,59,13,3,5,9,29
S01008353,24 and under,2,0,0,0,2,2,0,0,0,0
S01008353,25 to 34,7,3,3,0,4,4,0,0,0,0
S01008353,35 to 49,69,56,53,3,13,4,2,3,4,0
S01008353,50 to 64,56,45,42,3,11,1,1,2,5,2
S01008353,65 to 74,24,15,14,1,9,0,0,0,0,9
S01008353,75 to 84,33,17,17,0,16,1,0,0,0,15
S01008353,85 and over,7,3,3,0,4,1,0,0,0,3
S01008354,All HRPs,286,176,158,18,110,27,5,7,25,46
S01008354,24 and under,4,3,1,2,1,1,0,0,0,0
S01008354,25 to 34,22,15,11,4,7,6,1,0,0,0
S01008354,35 to 49,88,61,54,7,27,11,2,7,7,0
S01008354,50 to 64,78,55,50,5,23,6,0,0,13,4
S01008354,65 to 74,48,26,26,0,22,3,1,0,4,14
S01008354,75 to 84,34,12,12,0,22,0,1,0,1,20
S01008354,85 and over,12,4,4,0,8,0,0,0,0,8
S01008355,All HRPs,299,138,120,18,161,45,5,15,31,65
S01008355,24 and under,3,1,0,1,2,2,0,0,0,0
S01008355,25 to 34,25,12,10,2,13,7,2,3,1,0
S01008355,35 to 49,87,43,36,7,44,19,1,8,14,2
S01008355,50 to 64,69,39,33,6,30,7,0,2,12,9
S01008355,65 to 74,46,24,22,2,22,4,0,2,4,12
S01008355,75 to 84,43,16,16,0,27,4,1,0,0,22
S01008355,85 and over,26,3,3,0,23,2,1,0,0,20
S01008356,All HRPs,259,142,123,19,117,43,7,16,25,26
S01008356,24 and under,7,1,1,0,6,6,0,0,0,0
S01008356,25 to 34,32,17,12,5,15,11,2,2,0,0
S01008356,35 to 49,97,60,51,9,37,15,2,6,13,1
S01008356,50 to 64,80,50,45,5,30,10,0,5,8,7
S01008356,65 to 74,22,7,7,0,15,0,1,2,4,8
S01008356,75 to 84,18,7,7,0,11,1,2,1,0,7
S01008356,85 and over,3,0,0,0,3,0,0,0,0,3
S01008357,All HRPs,296,183,175,8,113,42,3,9,20,39
S01008357,24 and under,3,1,0,1,2,2,0,0,0,0
S01008357,25 to 34,21,8,6,2,13,11,0,1,1,0
S01008357,35 to 49,91,66,62,4,25,15,2,3,5,0
S01008357,50 to 64,84,57,56,1,27,7,1,5,10,4
S01008357,65 to 74,52,30,30,0,22,5,0,0,2,15
S01008357,75 to 84,28,14,14,0,14,1,0,0,2,11
S01008357,85 and over,17,7,7,0,10,1,0,0,0,9
S01008358,All HRPs,346,157,137,20,189,55,1,21,50,62
S01008358,24 and under,3,1,0,1,2,1,0,1,0,0
S01008358,25 to 34,33,11,7,4,22,18,0,3,1,0
S01008358,35 to 49,83,42,33,9,41,22,0,9,10,0
S01008358,50 to 64,94,54,50,4,40,7,0,4,23,6
S01008358,65 to 74,60,23,22,1,37,2,0,3,12,20
S01008358,75 to 84,53,21,20,1,32,3,0,1,4,24
S01008358,85 and over,20,5,5,0,15,2,1,0,0,12
S01008359,All HRPs,250,162,144,18,88,26,2,11,20,29
S01008359,24 and under,1,0,0,0,1,1,0,0,0,0
S01008359,25 to 34,17,10,7,3,7,5,0,2,0,0
S01008359,35 to 49,91,63,52,11,28,10,0,6,9,3
S01008359,50 to 64,63,46,44,2,17,4,2,2,5,4
S01008359,65 to 74,43,25,24,1,18,4,0,1,2,11
S01008359,75 to 84,26,12,12,0,14,2,0,0,4,8
S01008359,85 and over,9,6,5,1,3,0,0,0,0,3
S01008360,All HRPs,319,228,215,13,91,25,4,15,17,30
S01008360,24 and under,5,0,0,0,5,5,0,0,0,0
S01008360,25 to 34,9,6,5,1,3,1,1,1,0,0
S01008360,35 to 49,89,63,53,10,26,11,2,6,6,1
S01008360,50 to 64,110,88,86,2,22,5,0,7,9,1
S01008360,65 to 74,68,53,53,0,15,2,0,1,1,11
S01008360,75 to 84,31,16,16,0,15,1,0,0,1,13
S01008360,85 and over,7,2,2,0,5,0,1,0,0,4
S01008361,All HRPs,201,142,123,19,59,11,0,5,20,23
S01008361,24 and under,4,1,0,1,3,3,0,0,0,0
S01008361,25 to 34,8,7,4,3,1,0,0,1,0,0
S01008361,35 to 49,67,51,43,8,16,7,0,2,6,1
S01008361,50 to 64,71,56,50,6,15,0,0,1,12,2
S01008361,65 to 74,25,17,16,1,8,0,0,1,1,6
S01008361,75 to 84,20,10,10,0,10,0,0,0,1,9
S01008361,85 and over,6,0,0,0,6,1,0,0,0,5
S01008362,All HRPs,409,201,175,26,208,80,5,24,55,44
S01008362,24 and under,5,1,0,1,4,4,0,0,0,0
S01008362,25 to 34,38,25,13,12,13,12,0,1,0,0
S01008362,35 to 49,170,96,85,11,74,39,3,16,13,3
S01008362,50 to 64,119,55,53,2,64,20,1,5,34,4
S01008362,65 to 74,37,14,14,0,23,2,0,2,8,11
S01008362,75 to 84,26,7,7,0,19,3,0,0,0,16
S01008362,85 and over,14,3,3,0,11,0,1,0,0,10
S01008363,All HRPs,320,181,159,22,139,59,2,14,38,26
S01008363,24 and under,9,2,0,2,7,7,0,0,0,0
S01008363,25 to 34,26,11,6,5,15,14,0,0,0,1
S01008363,35 to 49,110,62,49,13,48,26,1,7,12,2
S01008363,50 to 64,96,58,57,1,38,8,1,6,19,4
S01008363,65 to 74,43,29,28,1,14,2,0,1,4,7
S01008363,75 to 84,33,18,18,0,15,1,0,0,3,11
S01008363,85 and over,3,1,1,0,2,1,0,0,0,1
S01008364,All HRPs,322,184,167,17,138,45,3,18,33,39
S01008364,24 and under,5,0,0,0,5,5,0,0,0,0
S01008364,25 to 34,18,9,5,4,9,7,0,2,0,0
S01008364,35 to 49,96,55,49,6,41,17,1,9,14,0
S01008364,50 to 64,98,58,54,4,40,13,2,6,14,5
S01008364,65 to 74,57,38,36,2,19,3,0,1,4,11
S01008364,75 to 84,32,20,20,0,12,0,0,0,1,11
S01008364,85 and over,16,4,3,1,12,0,0,0,0,12
S01008365,All HRPs,288,190,181,9,98,30,3,8,19,38
S01008365,24 and under,5,0,0,0,5,5,0,0,0,0
S01008365,25 to 34,15,11,10,1,4,4,0,0,0,0
S01008365,35 to 49,67,54,49,5,13,7,0,3,3,0
S01008365,50 to 64,95,68,66,2,27,8,1,3,11,4
S01008365,65 to 74,60,43,42,1,17,4,0,1,2,10
S01008365,75 to 84,33,11,11,0,22,1,2,1,3,15
S01008365,85 and over,13,3,3,0,10,1,0,0,0,9
S01008366,All HRPs,424,184,167,17,240,63,0,21,48,108
S01008366,24 and under,19,1,0,1,18,18,0,0,0,0
S01008366,25 to 34,19,13,9,4,6,5,0,0,1,0
S01008366,35 to 49,110,65,59,6,45,16,0,10,18,1
S01008366,50 to 64,111,58,53,5,53,13,0,6,21,13
S01008366,65 to 74,46,19,18,1,27,4,0,4,4,15
S01008366,75 to 84,76,20,20,0,56,4,0,1,3,48
S01008366,85 and over,43,8,8,0,35,3,0,0,1,31
S01008367,All HRPs,368,135,115,20,233,85,6,27,71,44
S01008367,24 and under,23,3,1,2,20,20,0,0,0,0
S01008367,25 to 34,33,17,10,7,16,12,3,0,1,0
S01008367,35 to 49,113,46,42,4,67,30,1,16,18,2
S01008367,50 to 64,95,43,38,5,52,12,1,6,30,3
S01008367,65 to 74,47,15,14,1,32,4,0,3,15,10
S01008367,75 to 84,44,8,7,1,36,6,0,2,7,21
S01008367,85 and over,13,3,3,0,10,1,1,0,0,8
S01008368,All HRPs,311,152,131,21,159,59,0,17,43,40
S01008368,24 and under,9,1,0,1,8,8,0,0,0,0
S01008368,25 to 34,28,16,11,5,12,10,0,2,0,0
S01008368,35 to 49,89,50,41,9,39,18,0,9,12,0
S01008368,50 to 64,102,53,49,4,49,17,0,4,24,4
S01008368,65 to 74,41,22,21,1,19,4,0,0,5,10
S01008368,75 to 84,33,10,9,1,23,2,0,2,1,18
S01008368,85 and over,9,0,0,0,9,0,0,0,1,8
S01008369,All HRPs,235,117,101,16,118,41,0,14,18,45
S01008369,24 and under,10,1,0,1,9,9,0,0,0,0
S01008369,25 to 34,15,8,5,3,7,7,0,0,0,0
S01008369,35 to 49,73,45,36,9,28,15,0,6,6,1
S01008369,50 to 64,75,42,41,1,33,6,0,6,10,11
S01008369,65 to 74,28,14,12,2,14,3,0,2,2,7
S01008369,75 to 84,27,7,7,0,20,1,0,0,0,19
S01008369,85 and over,7,0,0,0,7,0,0,0,0,7
S01008370,All HRPs,300,159,132,27,141,54,3,12,37,35
S01008370,24 and under,12,2,0,2,10,10,0,0,0,0
S01008370,25 to 34,29,15,6,9,14,12,0,1,1,0
S01008370,35 to 49,97,62,50,12,35,17,0,6,12,0
S01008370,50 to 64,80,45,42,3,35,8,0,4,18,5
S01008370,65 to 74,37,17,17,0,20,5,1,1,5,8
S01008370,75 to 84,34,15,14,1,19,2,2,0,0,15
S01008370,85 and over,11,3,3,0,8,0,0,0,1,7
S01008371,All HRPs,302,208,195,13,94,24,0,16,26,28
S01008371,24 and under,2,0,0,0,2,2,0,0,0,0
S01008371,25 to 34,19,17,15,2,2,1,0,0,1,0
S01008371,35 to 49,89,58,54,4,31,12,0,12,7,0
S01008371,50 to 64,111,85,79,6,26,6,0,3,15,2
S01008371,65 to 74,45,31,30,1,14,2,0,0,2,10
S01008371,75 to 84,29,15,15,0,14,1,0,1,1,11
S01008371,85 and over,7,2,2,0,5,0,0,0,0,5
S01008372,All HRPs,288,197,181,16,91,29,0,11,25,26
S01008372,24 and under,5,1,0,1,4,4,0,0,0,0
S01008372,25 to 34,23,18,14,4,5,5,0,0,0,0
S01008372,35 to 49,91,64,56,8,27,11,0,6,9,1
S01008372,50 to 64,99,72,71,1,27,5,0,5,13,4
S01008372,65 to 74,47,35,33,2,12,1,0,0,3,8
S01008372,75 to 84,17,6,6,0,11,3,0,0,0,8
S01008372,85 and over,6,1,1,0,5,0,0,0,0,5
S01008373,All HRPs,269,212,199,13,57,10,3,4,12,28
S01008373,24 and under,0,0,0,0,0,0,0,0,0,0
S01008373,25 to 34,16,15,12,3,1,1,0,0,0,0
S01008373,35 to 49,104,90,83,7,14,6,2,1,5,0
S01008373,50 to 64,86,73,70,3,13,2,1,3,5,2
S01008373,65 to 74,32,24,24,0,8,0,0,0,1,7
S01008373,75 to 84,26,9,9,0,17,1,0,0,1,15
S01008373,85 and over,5,1,1,0,4,0,0,0,0,4
S01008374,All HRPs,264,190,181,9,74,16,1,7,17,33
S01008374,24 and under,1,0,0,0,1,1,0,0,0,0
S01008374,25 to 34,8,2,2,0,6,4,0,2,0,0
S01008374,35 to 49,83,64,57,7,19,6,1,3,8,1
S01008374,50 to 64,89,80,79,1,9,1,0,2,6,0
S01008374,65 to 74,43,30,29,1,13,0,0,0,3,10
S01008374,75 to 84,29,14,14,0,15,2,0,0,0,13
S01008374,85 and over,11,0,0,0,11,2,0,0,0,9
S01008375,All HRPs,285,216,202,14,69,15,2,6,14,32
S01008375,24 and under,2,0,0,0,2,2,0,0,0,0
S01008375,25 to 34,12,10,8,2,2,2,0,0,0,0
S01008375,35 to 49,87,74,66,8,13,5,0,3,5,0
S01008375,50 to 64,91,76,73,3,15,1,1,3,7,3
S01008375,65 to 74,42,32,31,1,10,1,0,0,1,8
S01008375,75 to 84,39,21,21,0,18,3,1,0,1,13
S01008375,85 and over,12,3,3,0,9,1,0,0,0,8
S01008376,All HRPs,212,133,119,14,79,35,0,9,12,23
S01008376,24 and under,3,1,0,1,2,2,0,0,0,0
S01008376,25 to 34,20,9,6,3,11,9,0,1,1,0
S01008376,35 to 49,65,52,44,8,13,11,0,1,1,0
S01008376,50 to 64,73,45,43,2,28,10,0,7,8,3
S01008376,65 to 74,23,15,15,0,8,3,0,0,2,3
S01008376,75 to 84,20,8,8,0,12,0,0,0,0,12
S01008376,85 and over,8,3,3,0,5,0,0,0,0,5
S01008377,All HRPs,291,178,159,19,113,34,2,12,27,38
S01008377,24 and under,5,0,0,0,5,5,0,0,0,0
S01008377,25 to 34,30,21,16,5,9,7,1,0,1,0
S01008377,35 to 49,96,63,56,7,33,17,0,7,9,0
S01008377,50 to 64,89,63,58,5,26,2,0,5,14,5
S01008377,65 to 74,27,17,15,2,10,0,1,0,3,6
S01008377,75 to 84,27,11,11,0,16,1,0,0,0,15
S01008377,85 and over,17,3,3,0,14,2,0,0,0,12
S01008378,All HRPs,421,244,223,21,177,44,6,10,22,95
S01008378,24 and under,3,0,0,0,3,3,0,0,0,0
S01008378,25 to 34,24,11,8,3,13,10,2,0,1,0
S01008378,35 to 49,115,87,76,11,28,11,2,6,7,2
S01008378,50 to 64,110,89,85,4,21,4,0,4,8,5
S01008378,65 to 74,56,31,28,3,25,4,0,0,2,19
S01008378,75 to 84,81,18,18,0,63,10,2,0,3,48
S01008378,85 and over,32,8,8,0,24,2,0,0,1,21
S01008379,All HRPs,206,145,136,9,61,19,2,2,8,30
S01008379,24 and under,4,0,0,0,4,4,0,0,0,0
S01008379,25 to 34,8,5,2,3,3,3,0,0,0,0
S01008379,35 to 49,40,32,29,3,8,2,1,2,2,1
S01008379,50 to 64,71,61,58,3,10,3,0,0,4,3
S01008379,65 to 74,40,28,28,0,12,4,1,0,0,7
S01008379,75 to 84,33,19,19,0,14,3,0,0,2,9
S01008379,85 and over,10,0,0,0,10,0,0,0,0,10
S01008380,All HRPs,238,174,162,12,64,14,1,13,14,22
S01008380,24 and under,4,0,0,0,4,4,0,0,0,0
S01008380,25 to 34,13,13,10,3,0,0,0,0,0,0
S01008380,35 to 49,80,66,58,8,14,3,0,8,2,1
S01008380,50 to 64,86,66,65,1,20,2,1,5,11,1
S01008380,65 to 74,33,21,21,0,12,4,0,0,0,8
S01008380,75 to 84,15,7,7,0,8,0,0,0,1,7
S01008380,85 and over,7,1,1,0,6,1,0,0,0,5
S01008381,All HRPs,229,172,162,10,57,20,1,3,19,14
S01008381,24 and under,2,0,0,0,2,2,0,0,0,0
S01008381,25 to 34,13,12,11,1,1,1,0,0,0,0
S01008381,35 to 49,94,80,71,9,14,7,0,1,6,0
S01008381,50 to 64,81,61,61,0,20,5,1,1,11,2
S01008381,65 to 74,23,11,11,0,12,4,0,1,1,6
S01008381,75 to 84,12,6,6,0,6,1,0,0,1,4
S01008381,85 and over,4,2,2,0,2,0,0,0,0,2
S01008382,All HRPs,248,178,172,6,70,13,2,11,11,33
S01008382,24 and under,1,0,0,0,1,0,0,0,0,1
S01008382,25 to 34,15,15,15,0,0,0,0,0,0,0
S01008382,35 to 49,84,65,61,4,19,5,0,7,7,0
S01008382,50 to 64,65,52,50,2,13,4,0,4,2,3
S01008382,65 to 74,46,35,35,0,11,2,0,0,1,8
S01008382,75 to 84,24,9,9,0,15,1,2,0,1,11
S01008382,85 and over,13,2,2,0,11,1,0,0,0,10
S01008383,All HRPs,181,128,117,11,53,24,0,2,6,21
S01008383,24 and under,5,0,0,0,5,5,0,0,0,0
S01008383,25 to 34,12,7,5,2,5,5,0,0,0,0
S01008383,35 to 49,56,49,44,5,7,3,0,2,1,1
S01008383,50 to 64,53,43,39,4,10,6,0,0,2,2
S01008383,65 to 74,25,20,20,0,5,1,0,0,1,3
S01008383,75 to 84,26,8,8,0,18,3,0,0,2,13
S01008383,85 and over,4,1,1,0,3,1,0,0,0,2
S01008384,All HRPs,387,239,220,19,148,48,3,19,32,46
S01008384,24 and under,2,1,0,1,1,1,0,0,0,0
S01008384,25 to 34,39,27,19,8,12,9,0,3,0,0
S01008384,35 to 49,129,78,71,7,51,22,1,10,15,3
S01008384,50 to 64,117,84,81,3,33,9,0,5,14,5
S01008384,65 to 74,51,31,31,0,20,5,2,0,2,11
S01008384,75 to 84,40,16,16,0,24,2,0,1,1,20
S01008384,85 and over,9,2,2,0,7,0,0,0,0,7
S01008385,All HRPs,252,189,173,16,63,16,0,3,12,32
S01008385,24 and under,1,1,1,0,0,0,0,0,0,0
S01008385,25 to 34,10,8,7,1,2,2,0,0,0,0
S01008385,35 to 49,65,57,55,2,8,2,0,1,3,2
S01008385,50 to 64,89,73,61,12,16,9,0,2,3,2
S01008385,65 to 74,42,28,27,1,14,2,0,0,6,6
S01008385,75 to 84,33,19,19,0,14,1,0,0,0,13
S01008385,85 and over,12,3,3,0,9,0,0,0,0,9
S01008386,All HRPs,337,206,186,20,131,45,2,15,33,36
S01008386,24 and under,0,0,0,0,0,0,0,0,0,0
S01008386,25 to 34,45,35,21,14,10,9,0,1,0,0
S01008386,35 to 49,104,54,52,2,50,24,1,10,14,1
S01008386,50 to 64,102,75,73,2,27,5,0,4,12,6
S01008386,65 to 74,43,30,29,1,13,2,1,0,5,5
S01008386,75 to 84,32,11,10,1,21,2,0,0,1,18
S01008386,85 and over,11,1,1,0,10,3,0,0,1,6
S01008387,All HRPs,241,168,150,18,73,30,0,5,23,15
S01008387,24 and under,1,0,0,0,1,1,0,0,0,0
S01008387,25 to 34,22,16,12,4,6,6,0,0,0,0
S01008387,35 to 49,102,75,66,9,27,14,0,3,10,0
S01008387,50 to 64,67,50,46,4,17,5,0,2,9,1
S01008387,65 to 74,25,13,12,1,12,4,0,0,2,6
S01008387,75 to 84,20,13,13,0,7,0,0,0,2,5
S01008387,85 and over,4,1,1,0,3,0,0,0,0,3
S01008388,All HRPs,243,164,141,23,79,29,0,15,22,13
S01008388,24 and under,3,0,0,0,3,3,0,0,0,0
S01008388,25 to 34,29,24,18,6,5,4,0,0,1,0
S01008388,35 to 49,91,62,47,15,29,12,0,7,9,1
S01008388,50 to 64,97,66,64,2,31,9,0,8,8,6
S01008388,65 to 74,14,7,7,0,7,0,0,0,3,4
S01008388,75 to 84,6,3,3,0,3,1,0,0,1,1
S01008388,85 and over,3,2,2,0,1,0,0,0,0,1
S01008389,All HRPs,312,156,148,8,156,43,5,5,16,87
S01008389,24 and under,1,0,0,0,1,1,0,0,0,0
S01008389,25 to 34,4,0,0,0,4,4,0,0,0,0
S01008389,35 to 49,52,32,28,4,20,11,0,4,4,1
S01008389,50 to 64,68,48,44,4,20,8,0,0,6,6
S01008389,65 to 74,60,34,34,0,26,7,2,1,4,12
S01008389,75 to 84,82,31,31,0,51,8,3,0,2,38
S01008389,85 and over,45,11,11,0,34,4,0,0,0,30
S01008390,All HRPs,255,178,167,11,77,26,1,3,7,40
S01008390,24 and under,1,0,0,0,1,1,0,0,0,0
S01008390,25 to 34,9,6,6,0,3,2,0,0,0,1
S01008390,35 to 49,60,52,45,7,8,8,0,0,0,0
S01008390,50 to 64,97,75,72,3,22,7,1,3,3,8
S01008390,65 to 74,44,27,26,1,17,6,0,0,4,7
S01008390,75 to 84,35,13,13,0,22,1,0,0,0,21
S01008390,85 and over,9,5,5,0,4,1,0,0,0,3
S01008391,All HRPs,349,189,175,14,160,33,4,11,20,92
S01008391,24 and under,5,0,0,0,5,5,0,0,0,0
S01008391,25 to 34,13,6,4,2,7,6,0,0,1,0
S01008391,35 to 49,71,59,52,7,12,6,1,1,3,1
S01008391,50 to 64,97,68,63,5,29,5,2,7,9,6
S01008391,65 to 74,49,27,27,0,22,3,0,2,4,13
S01008391,75 to 84,73,24,24,0,49,6,0,1,2,40
S01008391,85 and over,41,5,5,0,36,2,1,0,1,32
S01008392,All HRPs,330,234,210,24,96,36,5,8,16,31
S01008392,24 and under,1,0,0,0,1,1,0,0,0,0
S01008392,25 to 34,21,14,10,4,7,7,0,0,0,0
S01008392,35 to 49,128,94,81,13,34,19,0,5,6,4
S01008392,50 to 64,105,84,78,6,21,5,2,3,8,3
S01008392,65 to 74,43,29,28,1,14,2,2,0,1,9
S01008392,75 to 84,22,10,10,0,12,2,1,0,1,8
S01008392,85 and over,10,3,3,0,7,0,0,0,0,7
S01008393,All HRPs,369,203,191,12,166,45,5,12,20,84
S01008393,24 and under,3,1,0,1,2,2,0,0,0,0
S01008393,25 to 34,15,6,4,2,9,9,0,0,0,0
S01008393,35 to 49,96,73,68,5,23,8,1,8,6,0
S01008393,50 to 64,97,69,66,3,28,10,0,3,7,8
S01008393,65 to 74,50,25,24,1,25,4,2,1,5,13
S01008393,75 to 84,78,20,20,0,58,9,1,0,2,46
S01008393,85 and over,30,9,9,0,21,3,1,0,0,17
S01008394,All HRPs,276,217,208,9,59,17,3,6,12,21
S01008394,24 and under,9,1,0,1,8,8,0,0,0,0
S01008394,25 to 34,8,8,7,1,0,0,0,0,0,0
S01008394,35 to 49,108,96,94,2,12,4,0,0,7,1
S01008394,50 to 64,94,75,71,4,19,3,1,6,2,7
S01008394,65 to 74,33,25,25,0,8,1,1,0,1,5
S01008394,75 to 84,19,11,10,1,8,0,1,0,1,6
S01008394,85 and over,5,1,1,0,4,1,0,0,1,2
S01008395,All HRPs,189,134,122,12,55,20,1,4,15,15
S01008395,24 and under,3,1,0,1,2,2,0,0,0,0
S01008395,25 to 34,17,15,11,4,2,2,0,0,0,0
S01008395,35 to 49,62,49,44,5,13,7,0,2,4,0
S01008395,50 to 64,76,57,55,2,19,5,0,2,9,3
S01008395,65 to 74,17,10,10,0,7,2,0,0,2,3
S01008395,75 to 84,11,2,2,0,9,2,0,0,0,7
S01008395,85 and over,3,0,0,0,3,0,1,0,0,2
S01008396,All HRPs,303,162,153,9,141,37,3,8,20,73
S01008396,24 and under,3,2,0,2,1,1,0,0,0,0
S01008396,25 to 34,7,3,2,1,4,4,0,0,0,0
S01008396,35 to 49,43,32,30,2,11,6,0,2,2,1
S01008396,50 to 64,98,60,57,3,38,13,0,4,17,4
S01008396,65 to 74,45,30,29,1,15,1,1,0,1,12
S01008396,75 to 84,77,27,27,0,50,10,1,2,0,37
S01008396,85 and over,30,8,8,0,22,2,1,0,0,19
S01008397,All HRPs,346,254,240,14,92,25,3,3,19,42
S01008397,24 and under,5,0,0,0,5,5,0,0,0,0
S01008397,25 to 34,14,11,11,0,3,3,0,0,0,0
S01008397,35 to 49,88,69,58,11,19,8,1,2,8,0
S01008397,50 to 64,142,121,118,3,21,5,1,1,8,6
S01008397,65 to 74,59,34,34,0,25,2,0,0,3,20
S01008397,75 to 84,32,17,17,0,15,1,0,0,0,14
S01008397,85 and over,6,2,2,0,4,1,1,0,0,2
S01008398,All HRPs,238,156,145,11,82,20,0,7,14,41
S01008398,24 and under,1,0,0,0,1,1,0,0,0,0
S01008398,25 to 34,8,6,5,1,2,2,0,0,0,0
S01008398,35 to 49,63,49,42,7,14,5,0,3,3,3
S01008398,50 to 64,70,56,54,2,14,2,0,2,6,4
S01008398,65 to 74,40,27,26,1,13,4,0,1,4,4
S01008398,75 to 84,39,14,14,0,25,3,0,1,1,20
S01008398,85 and over,17,4,4,0,13,3,0,0,0,10
S01008399,All HRPs,257,139,131,8,118,26,0,8,14,70
S01008399,24 and under,3,1,0,1,2,2,0,0,0,0
S01008399,25 to 34,5,3,2,1,2,1,0,1,0,0
S01008399,35 to 49,44,36,33,3,8,6,0,0,2,0
S01008399,50 to 64,78,48,45,3,30,10,0,4,9,7
S01008399,65 to 74,50,25,25,0,25,5,0,2,0,18
S01008399,75 to 84,56,18,18,0,38,2,0,1,3,32
S01008399,85 and over,21,8,8,0,13,0,0,0,0,13
S01008400,All HRPs,261,171,161,10,90,24,3,10,14,39
S01008400,24 and under,4,0,0,0,4,4,0,0,0,0
S01008400,25 to 34,17,12,10,2,5,3,0,2,0,0
S01008400,35 to 49,80,59,55,4,21,7,1,6,7,0
S01008400,50 to 64,74,58,55,3,16,3,1,2,5,5
S01008400,65 to 74,40,26,26,0,14,2,1,0,2,9
S01008400,75 to 84,32,13,13,0,19,4,0,0,0,15
S01008400,85 and over,14,3,2,1,11,1,0,0,0,10
S01008401,All HRPs,404,242,225,17,162,52,10,12,14,74
S01008401,24 and under,12,2,1,1,10,10,0,0,0,0
S01008401,25 to 34,20,15,12,3,5,5,0,0,0,0
S01008401,35 to 49,87,62,54,8,25,15,3,5,2,0
S01008401,50 to 64,123,93,89,4,30,9,2,6,8,5
S01008401,65 to 74,56,36,36,0,20,3,3,1,3,10
S01008401,75 to 84,69,25,25,0,44,7,2,0,1,34
S01008401,85 and over,37,9,8,1,28,3,0,0,0,25
S01008402,All HRPs,415,313,306,7,102,18,2,4,18,60
S01008402,24 and under,4,0,0,0,4,4,0,0,0,0
S01008402,25 to 34,6,2,1,1,4,4,0,0,0,0
S01008402,35 to 49,91,82,80,2,9,3,0,1,3,2
S01008402,50 to 64,146,125,123,2,21,0,0,3,12,6
S01008402,65 to 74,82,61,60,1,21,2,0,0,1,18
S01008402,75 to 84,62,30,30,0,32,5,2,0,2,23
S01008402,85 and over,24,13,12,1,11,0,0,0,0,11
S01008403,All HRPs,218,165,155,10,53,17,0,6,7,23
S01008403,24 and under,1,0,0,0,1,1,0,0,0,0
S01008403,25 to 34,6,4,3,1,2,2,0,0,0,0
S01008403,35 to 49,73,64,58,6,9,3,0,3,3,0
S01008403,50 to 64,61,50,47,3,11,7,0,2,1,1
S01008403,65 to 74,41,29,29,0,12,0,0,1,2,9
S01008403,75 to 84,29,16,16,0,13,2,0,0,1,10
S01008403,85 and over,7,2,2,0,5,2,0,0,0,3
S01008404,All HRPs,349,244,232,12,105,23,1,6,16,59
S01008404,24 and under,3,0,0,0,3,3,0,0,0,0
S01008404,25 to 34,25,21,18,3,4,4,0,0,0,0
S01008404,35 to 49,80,69,64,5,11,3,1,2,5,0
S01008404,50 to 64,108,92,89,3,16,6,0,3,6,1
S01008404,65 to 74,49,31,30,1,18,1,0,0,4,13
S01008404,75 to 84,58,24,24,0,34,6,0,1,1,26
S01008404,85 and over,26,7,7,0,19,0,0,0,0,19
S01008405,All HRPs,266,201,191,10,65,15,5,7,10,28
S01008405,24 and under,2,0,0,0,2,2,0,0,0,0
S01008405,25 to 34,15,12,11,1,3,2,0,0,1,0
S01008405,35 to 49,76,64,59,5,12,4,1,2,3,2
S01008405,50 to 64,103,87,83,4,16,2,1,3,4,6
S01008405,65 to 74,38,27,27,0,11,3,0,2,0,6
S01008405,75 to 84,19,8,8,0,11,1,2,0,2,6
S01008405,85 and over,13,3,3,0,10,1,1,0,0,8
S01008406,All HRPs,451,206,187,19,245,54,5,19,41,126
S01008406,24 and under,5,1,0,1,4,4,0,0,0,0
S01008406,25 to 34,19,12,9,3,7,5,0,0,0,2
S01008406,35 to 49,97,69,57,12,28,12,2,8,4,2
S01008406,50 to 64,111,73,71,2,38,8,1,3,16,10
S01008406,65 to 74,63,23,22,1,40,7,1,6,10,16
S01008406,75 to 84,95,22,22,0,73,10,1,2,8,52
S01008406,85 and over,61,6,6,0,55,8,0,0,3,44
S01008407,All HRPs,284,98,84,14,186,74,2,14,27,69
S01008407,24 and under,8,2,0,2,6,6,0,0,0,0
S01008407,25 to 34,21,7,5,2,14,12,1,0,1,0
S01008407,35 to 49,62,31,25,6,31,19,0,5,7,0
S01008407,50 to 64,69,34,30,4,35,16,0,4,10,5
S01008407,65 to 74,34,13,13,0,21,7,0,4,3,7
S01008407,75 to 84,46,7,7,0,39,6,1,1,4,27
S01008407,85 and over,44,4,4,0,40,8,0,0,2,30
S01008408,All HRPs,265,156,140,16,109,38,0,12,21,38
S01008408,24 and under,6,1,0,1,5,5,0,0,0,0
S01008408,25 to 34,20,12,11,1,8,8,0,0,0,0
S01008408,35 to 49,100,70,65,5,30,10,0,6,11,3
S01008408,50 to 64,77,51,43,8,26,7,0,4,8,7
S01008408,65 to 74,28,14,13,1,14,1,0,2,0,11
S01008408,75 to 84,27,7,7,0,20,4,0,0,2,14
S01008408,85 and over,7,1,1,0,6,3,0,0,0,3
S01008409,All HRPs,390,171,147,24,219,88,4,15,42,70
S01008409,24 and under,9,0,0,0,9,8,0,0,0,1
S01008409,25 to 34,56,20,14,6,36,32,0,2,2,0
S01008409,35 to 49,109,57,43,14,52,28,1,7,16,0
S01008409,50 to 64,104,61,57,4,43,10,3,5,15,10
S01008409,65 to 74,41,17,17,0,24,5,0,1,6,12
S01008409,75 to 84,50,13,13,0,37,3,0,0,3,31
S01008409,85 and over,21,3,3,0,18,2,0,0,0,16
S01008410,All HRPs,269,131,116,15,138,36,2,8,25,67
S01008410,24 and under,3,1,0,1,2,2,0,0,0,0
S01008410,25 to 34,18,12,8,4,6,6,0,0,0,0
S01008410,35 to 49,59,40,33,7,19,8,0,6,4,1
S01008410,50 to 64,72,40,37,3,32,11,1,2,9,9
S01008410,65 to 74,38,19,19,0,19,3,0,0,9,7
S01008410,75 to 84,58,16,16,0,42,4,0,0,2,36
S01008410,85 and over,21,3,3,0,18,2,1,0,1,14
S01008411,All HRPs,247,147,126,21,100,40,1,11,21,27
S01008411,24 and under,4,0,0,0,4,4,0,0,0,0
S01008411,25 to 34,18,13,9,4,5,5,0,0,0,0
S01008411,35 to 49,82,54,43,11,28,17,0,5,5,1
S01008411,50 to 64,75,45,41,4,30,10,0,6,9,5
S01008411,65 to 74,34,22,20,2,12,3,0,0,5,4
S01008411,75 to 84,23,11,11,0,12,1,0,0,1,10
S01008411,85 and over,11,2,2,0,9,0,1,0,1,7
S01008412,All HRPs,274,152,141,11,122,42,1,19,22,38
S01008412,24 and under,3,0,0,0,3,3,0,0,0,0
S01008412,25 to 34,13,5,2,3,8,8,0,0,0,0
S01008412,35 to 49,89,51,44,7,38,18,1,12,5,2
S01008412,50 to 64,92,60,59,1,32,7,0,4,12,9
S01008412,65 to 74,39,19,19,0,20,5,0,2,4,9
S01008412,75 to 84,27,15,15,0,12,1,0,0,1,10
S01008412,85 and over,11,2,2,0,9,0,0,1,0,8
S01008413,All HRPs,222,122,110,12,100,40,1,2,28,29
S01008413,24 and under,4,0,0,0,4,4,0,0,0,0
S01008413,25 to 34,17,11,5,6,6,6,0,0,0,0
S01008413,35 to 49,65,34,32,2,31,17,0,1,12,1
S01008413,50 to 64,83,60,56,4,23,10,0,1,8,4
S01008413,65 to 74,25,12,12,0,13,1,0,0,6,6
S01008413,75 to 84,20,3,3,0,17,2,1,0,2,12
S01008413,85 and over,8,2,2,0,6,0,0,0,0,6
S01008414,All HRPs,152,116,114,2,36,13,0,3,8,12
S01008414,24 and under,2,0,0,0,2,2,0,0,0,0
S01008414,25 to 34,10,9,9,0,1,0,0,0,1,0
S01008414,35 to 49,45,34,33,1,11,8,0,1,2,0
S01008414,50 to 64,57,46,45,1,11,3,0,2,4,2
S01008414,65 to 74,16,12,12,0,4,0,0,0,1,3
S01008414,75 to 84,16,10,10,0,6,0,0,0,0,6
S01008414,85 and over,6,5,5,0,1,0,0,0,0,1
S01008415,All HRPs,347,181,158,23,166,67,3,13,31,52
S01008415,24 and under,10,2,1,1,8,8,0,0,0,0
S01008415,25 to 34,38,22,15,7,16,13,0,1,2,0
S01008415,35 to 49,100,60,51,9,40,25,0,6,7,2
S01008415,50 to 64,109,59,53,6,50,18,2,6,17,7
S01008415,65 to 74,43,23,23,0,20,3,0,0,4,13
S01008415,75 to 84,32,12,12,0,20,0,0,0,1,19
S01008415,85 and over,15,3,3,0,12,0,1,0,0,11
S01008416,All HRPs,437,187,148,39,250,120,2,21,64,43
S01008416,24 and under,22,4,0,4,18,18,0,0,0,0
S01008416,25 to 34,55,27,15,12,28,27,0,1,0,0
S01008416,35 to 49,141,61,47,14,80,48,1,10,20,1
S01008416,50 to 64,125,64,58,6,61,18,1,9,26,7
S01008416,65 to 74,46,24,21,3,22,1,0,1,12,8
S01008416,75 to 84,32,6,6,0,26,5,0,0,5,16
S01008416,85 and over,16,1,1,0,15,3,0,0,1,11
S01008417,All HRPs,299,209,199,10,90,32,1,9,18,30
S01008417,24 and under,2,0,0,0,2,2,0,0,0,0
S01008417,25 to 34,11,5,4,1,6,6,0,0,0,0
S01008417,35 to 49,93,67,62,5,26,18,1,4,3,0
S01008417,50 to 64,98,75,73,2,23,2,0,5,10,6
S01008417,65 to 74,64,50,49,1,14,2,0,0,3,9
S01008417,75 to 84,24,9,8,1,15,2,0,0,2,11
S01008417,85 and over,7,3,3,0,4,0,0,0,0,4
S01008418,All HRPs,312,193,177,16,119,31,0,12,32,44
S01008418,24 and under,2,2,1,1,0,0,0,0,0,0
S01008418,25 to 34,30,26,23,3,4,4,0,0,0,0
S01008418,35 to 49,76,47,38,9,29,18,0,4,7,0
S01008418,50 to 64,93,66,63,3,27,4,0,3,14,6
S01008418,65 to 74,69,41,41,0,28,1,0,4,9,14
S01008418,75 to 84,29,9,9,0,20,4,0,0,2,14
S01008418,85 and over,13,2,2,0,11,0,0,1,0,10
S01008419,All HRPs,193,123,115,8,70,17,2,9,16,26
S01008419,24 and under,0,0,0,0,0,0,0,0,0,0
S01008419,25 to 34,5,3,3,0,2,2,0,0,0,0
S01008419,35 to 49,82,66,61,5,16,8,1,1,5,1
S01008419,50 to 64,61,40,38,2,21,5,1,5,6,4
S01008419,65 to 74,23,11,10,1,12,0,0,3,3,6
S01008419,75 to 84,10,2,2,0,8,0,0,0,2,6
S01008419,85 and over,12,1,1,0,11,2,0,0,0,9
S01008420,All HRPs,190,138,130,8,52,9,0,2,16,25
S01008420,24 and under,1,1,0,1,0,0,0,0,0,0
S01008420,25 to 34,16,12,10,2,4,3,0,0,1,0
S01008420,35 to 49,47,39,36,3,8,0,0,1,7,0
S01008420,50 to 64,65,50,48,2,15,4,0,1,4,6
S01008420,65 to 74,32,18,18,0,14,2,0,0,3,9
S01008420,75 to 84,23,15,15,0,8,0,0,0,1,7
S01008420,85 and over,6,3,3,0,3,0,0,0,0,3
S01008421,All HRPs,394,188,151,37,206,62,5,22,59,58
S01008421,24 and under,11,5,0,5,6,6,0,0,0,0
S01008421,25 to 34,40,24,11,13,16,11,0,4,1,0
S01008421,35 to 49,129,75,60,15,54,23,4,10,13,4
S01008421,50 to 64,114,61,57,4,53,14,1,4,28,6
S01008421,65 to 74,45,8,8,0,37,3,0,3,16,15
S01008421,75 to 84,35,9,9,0,26,4,0,1,1,20
S01008421,85 and over,20,6,6,0,14,1,0,0,0,13
S01008422,All HRPs,241,186,176,10,55,7,2,4,6,36
S01008422,24 and under,1,0,0,0,1,1,0,0,0,0
S01008422,25 to 34,2,2,2,0,0,0,0,0,0,0
S01008422,35 to 49,67,64,57,7,3,0,1,0,1,1
S01008422,50 to 64,82,73,70,3,9,2,1,4,2,0
S01008422,65 to 74,36,29,29,0,7,2,0,0,2,3
S01008422,75 to 84,31,12,12,0,19,2,0,0,1,16
S01008422,85 and over,22,6,6,0,16,0,0,0,0,16
S01008423,All HRPs,398,305,282,23,93,30,4,6,16,37
S01008423,24 and under,1,0,0,0,1,1,0,0,0,0
S01008423,25 to 34,12,7,6,1,5,5,0,0,0,0
S01008423,35 to 49,137,120,108,12,17,6,0,6,4,1
S01008423,50 to 64,141,109,99,10,32,11,2,0,10,9
S01008423,65 to 74,56,36,36,0,20,7,2,0,1,10
S01008423,75 to 84,42,29,29,0,13,0,0,0,0,13
S01008423,85 and over,9,4,4,0,5,0,0,0,1,4
S01008424,All HRPs,338,262,249,13,76,6,3,6,14,47
S01008424,24 and under,1,1,1,0,0,0,0,0,0,0
S01008424,25 to 34,9,8,7,1,1,0,0,0,1,0
S01008424,35 to 49,76,67,62,5,9,2,0,4,2,1
S01008424,50 to 64,102,86,81,5,16,1,2,1,6,6
S01008424,65 to 74,78,53,52,1,25,1,0,1,4,19
S01008424,75 to 84,60,41,40,1,19,2,1,0,1,15
S01008424,85 and over,12,6,6,0,6,0,0,0,0,6
S01008425,All HRPs,409,267,241,26,142,34,2,9,24,73
S01008425,24 and under,3,1,0,1,2,2,0,0,0,0
S01008425,25 to 34,18,15,9,6,3,3,0,0,0,0
S01008425,35 to 49,102,78,64,14,24,15,0,0,6,3
S01008425,50 to 64,142,104,99,5,38,11,1,5,10,11
S01008425,65 to 74,67,39,39,0,28,1,0,4,4,19
S01008425,75 to 84,63,26,26,0,37,1,1,0,4,31
S01008425,85 and over,14,4,4,0,10,1,0,0,0,9
S01008426,All HRPs,264,125,108,17,139,23,1,13,42,60
S01008426,24 and under,3,1,0,1,2,2,0,0,0,0
S01008426,25 to 34,23,17,12,5,6,4,0,2,0,0
S01008426,35 to 49,65,41,33,8,24,6,1,9,6,2
S01008426,50 to 64,64,31,28,3,33,3,0,2,20,8
S01008426,65 to 74,45,17,17,0,28,4,0,0,14,10
S01008426,75 to 84,49,14,14,0,35,3,0,0,2,30
S01008426,85 and over,15,4,4,0,11,1,0,0,0,10
S01008427,All HRPs,397,312,274,38,85,28,1,6,29,21
S01008427,24 and under,7,6,2,4,1,1,0,0,0,0
S01008427,25 to 34,39,33,23,10,6,4,0,1,1,0
S01008427,35 to 49,139,118,103,15,21,10,0,1,7,3
S01008427,50 to 64,164,123,117,6,41,11,0,3,18,9
S01008427,65 to 74,35,28,26,2,7,0,0,1,3,3
S01008427,75 to 84,13,4,3,1,9,2,1,0,0,6
S01008427,85 and over,0,0,0,0,0,0,0,0,0,0
S01008428,All HRPs,316,152,132,20,164,40,2,12,35,75
S01008428,24 and under,2,0,0,0,2,2,0,0,0,0
S01008428,25 to 34,23,17,8,9,6,6,0,0,0,0
S01008428,35 to 49,77,46,41,5,31,16,0,7,8,0
S01008428,50 to 64,84,50,45,5,34,7,2,3,13,9
S01008428,65 to 74,39,19,18,1,20,5,0,2,3,10
S01008428,75 to 84,70,18,18,0,52,4,0,0,9,39
S01008428,85 and over,21,2,2,0,19,0,0,0,2,17
S01008429,All HRPs,352,241,222,19,111,22,3,9,16,61
S01008429,24 and under,2,0,0,0,2,2,0,0,0,0
S01008429,25 to 34,19,17,8,9,2,2,0,0,0,0
S01008429,35 to 49,86,70,62,8,16,7,0,6,3,0
S01008429,50 to 64,102,78,76,2,24,6,1,2,11,4
S01008429,65 to 74,60,39,39,0,21,4,0,1,2,14
S01008429,75 to 84,66,33,33,0,33,0,2,0,0,31
S01008429,85 and over,17,4,4,0,13,1,0,0,0,12
S01008430,All HRPs,276,182,160,22,94,24,0,6,21,43
S01008430,24 and under,2,1,0,1,1,1,0,0,0,0
S01008430,25 to 34,15,11,6,5,4,4,0,0,0,0
S01008430,35 to 49,78,56,48,8,22,11,0,3,8,0
S01008430,50 to 64,77,61,53,8,16,2,0,3,6,5
S01008430,65 to 74,39,23,23,0,16,3,0,0,7,6
S01008430,75 to 84,57,28,28,0,29,3,0,0,0,26
S01008430,85 and over,8,2,2,0,6,0,0,0,0,6
S01008431,All HRPs,352,231,215,16,121,29,1,7,30,54
S01008431,24 and under,2,0,0,0,2,2,0,0,0,0
S01008431,25 to 34,14,8,5,3,6,6,0,0,0,0
S01008431,35 to 49,95,68,56,12,27,11,0,7,7,2
S01008431,50 to 64,106,82,82,0,24,8,1,0,14,1
S01008431,65 to 74,64,41,40,1,23,2,0,0,6,15
S01008431,75 to 84,63,28,28,0,35,0,0,0,3,32
S01008431,85 and over,8,4,4,0,4,0,0,0,0,4
S01008432,All HRPs,293,206,196,10,87,22,1,7,16,41
S01008432,24 and under,2,1,1,0,1,0,0,0,0,1
S01008432,25 to 34,9,5,4,1,4,4,0,0,0,0
S01008432,35 to 49,68,49,43,6,19,9,1,4,5,0
S01008432,50 to 64,91,69,66,3,22,8,0,2,9,3
S01008432,65 to 74,59,46,46,0,13,0,0,1,2,10
S01008432,75 to 84,49,31,31,0,18,1,0,0,0,17
S01008432,85 and over,15,5,5,0,10,0,0,0,0,10
S01008433,All HRPs,348,249,225,24,99,27,1,4,28,39
S01008433,24 and under,2,1,0,1,1,1,0,0,0,0
S01008433,25 to 34,33,26,19,7,7,7,0,0,0,0
S01008433,35 to 49,79,59,53,6,20,10,1,2,7,0
S01008433,50 to 64,144,107,98,9,37,6,0,1,21,9
S01008433,65 to 74,59,43,42,1,16,2,0,1,0,13
S01008433,75 to 84,22,10,10,0,12,1,0,0,0,11
S01008433,85 and over,9,3,3,0,6,0,0,0,0,6
S01008434,All HRPs,322,228,213,15,94,23,5,11,24,31
S01008434,24 and under,4,0,0,0,4,3,1,0,0,0
S01008434,25 to 34,17,8,5,3,9,7,0,2,0,0
S01008434,35 to 49,83,63,57,6,20,5,2,5,8,0
S01008434,50 to 64,140,106,101,5,34,8,2,4,11,9
S01008434,65 to 74,53,38,37,1,15,0,0,0,3,12
S01008434,75 to 84,24,13,13,0,11,0,0,0,2,9
S01008434,85 and over,1,0,0,0,1,0,0,0,0,1
S01008435,All HRPs,301,228,213,15,73,12,0,9,16,36
S01008435,24 and under,1,0,0,0,1,1,0,0,0,0
S01008435,25 to 34,13,9,9,0,4,2,0,1,1,0
S01008435,35 to 49,71,60,52,8,11,6,0,1,3,1
S01008435,50 to 64,115,93,87,6,22,2,0,7,9,4
S01008435,65 to 74,65,48,48,0,17,0,0,0,2,15
S01008435,75 to 84,28,16,15,1,12,0,0,0,1,11
S01008435,85 and over,8,2,2,0,6,1,0,0,0,5
S01008436,All HRPs,356,226,201,25,130,42,4,17,24,43
S01008436,24 and under,9,3,1,2,6,6,0,0,0,0
S01008436,25 to 34,18,11,9,2,7,6,0,1,0,0
S01008436,35 to 49,110,78,66,12,32,18,0,5,8,1
S01008436,50 to 64,117,86,78,8,31,6,1,7,12,5
S01008436,65 to 74,46,28,27,1,18,3,0,3,1,11
S01008436,75 to 84,38,14,14,0,24,1,2,1,3,17
S01008436,85 and over,18,6,6,0,12,2,1,0,0,9
S01008437,All HRPs,367,171,134,37,196,63,5,12,44,72
S01008437,24 and under,14,3,0,3,11,11,0,0,0,0
S01008437,25 to 34,30,14,5,9,16,13,0,0,3,0
S01008437,35 to 49,88,49,37,12,39,18,3,6,11,1
S01008437,50 to 64,105,64,52,12,41,11,1,6,19,4
S01008437,65 to 74,46,21,21,0,25,6,0,0,4,15
S01008437,75 to 84,61,17,17,0,44,3,0,0,6,35
S01008437,85 and over,23,3,2,1,20,1,1,0,1,17
S01008438,All HRPs,189,118,103,15,71,30,2,14,15,10
S01008438,24 and under,2,1,0,1,1,1,0,0,0,0
S01008438,25 to 34,15,6,5,1,9,8,0,1,0,0
S01008438,35 to 49,64,46,41,5,18,11,1,4,2,0
S01008438,50 to 64,73,46,40,6,27,8,1,6,9,3
S01008438,65 to 74,16,9,7,2,7,1,0,2,3,1
S01008438,75 to 84,15,10,10,0,5,0,0,1,1,3
S01008438,85 and over,4,0,0,0,4,1,0,0,0,3
S01008439,All HRPs,434,307,292,15,127,30,2,12,38,45
S01008439,24 and under,3,1,0,1,2,2,0,0,0,0
S01008439,25 to 34,26,22,19,3,4,3,0,0,1,0
S01008439,35 to 49,133,107,104,3,26,10,0,5,9,2
S01008439,50 to 64,155,113,105,8,42,9,2,7,17,7
S01008439,65 to 74,68,40,40,0,28,5,0,0,8,15
S01008439,75 to 84,34,18,18,0,16,1,0,0,3,12
S01008439,85 and over,15,6,6,0,9,0,0,0,0,9
S01008440,All HRPs,403,294,282,12,109,26,1,8,26,48
S01008440,24 and under,1,0,0,0,1,1,0,0,0,0
S01008440,25 to 34,14,14,11,3,0,0,0,0,0,0
S01008440,35 to 49,102,88,81,7,14,6,0,2,5,1
S01008440,50 to 64,133,101,100,1,32,10,1,5,12,4
S01008440,65 to 74,70,52,51,1,18,7,0,1,4,6
S01008440,75 to 84,65,33,33,0,32,2,0,0,5,25
S01008440,85 and over,18,6,6,0,12,0,0,0,0,12
S01008441,All HRPs,186,133,127,6,53,8,1,3,12,29
S01008441,24 and under,0,0,0,0,0,0,0,0,0,0
S01008441,25 to 34,4,4,4,0,0,0,0,0,0,0
S01008441,35 to 49,51,43,41,2,8,3,0,1,3,1
S01008441,50 to 64,72,54,50,4,18,3,0,1,9,5
S01008441,65 to 74,29,18,18,0,11,2,1,1,0,7
S01008441,75 to 84,23,13,13,0,10,0,0,0,0,10
S01008441,85 and over,7,1,1,0,6,0,0,0,0,6
S01008442,All HRPs,303,192,166,26,111,36,5,14,34,22
S01008442,24 and under,1,0,0,0,1,1,0,0,0,0
S01008442,25 to 34,39,30,19,11,9,8,1,0,0,0
S01008442,35 to 49,109,69,60,9,40,14,3,7,16,0
S01008442,50 to 64,96,69,64,5,27,6,1,5,10,5
S01008442,65 to 74,31,12,12,0,19,3,0,1,8,7
S01008442,75 to 84,20,8,7,1,12,3,0,1,0,8
S01008442,85 and over,7,4,4,0,3,1,0,0,0,2
S01008443,All HRPs,252,171,158,13,81,27,2,6,13,33
S01008443,24 and under,2,1,0,1,1,1,0,0,0,0
S01008443,25 to 34,10,4,3,1,6,5,0,0,0,1
S01008443,35 to 49,63,49,45,4,14,9,0,2,3,0
S01008443,50 to 64,88,64,58,6,24,7,1,4,9,3
S01008443,65 to 74,41,32,31,1,9,1,0,0,0,8
S01008443,75 to 84,36,17,17,0,19,2,0,0,1,16
S01008443,85 and over,12,4,4,0,8,2,1,0,0,5
S01008444,All HRPs,260,166,147,19,94,50,3,6,18,17
S01008444,24 and under,8,2,1,1,6,6,0,0,0,0
S01008444,25 to 34,38,29,23,6,9,9,0,0,0,0
S01008444,35 to 49,84,61,56,5,23,19,1,2,1,0
S01008444,50 to 64,84,52,49,3,32,11,1,2,14,4
S01008444,65 to 74,21,12,11,1,9,1,1,1,2,4
S01008444,75 to 84,16,7,4,3,9,2,0,1,1,5
S01008444,85 and over,9,3,3,0,6,2,0,0,0,4
S01008445,All HRPs,403,218,212,6,185,46,3,7,34,95
S01008445,24 and under,7,4,4,0,3,2,0,1,0,0
S01008445,25 to 34,52,50,48,2,2,2,0,0,0,0
S01008445,35 to 49,83,75,74,1,8,3,0,3,2,0
S01008445,50 to 64,52,29,28,1,23,9,1,2,7,4
S01008445,65 to 74,77,38,36,2,39,14,0,1,13,11
S01008445,75 to 84,79,16,16,0,63,10,1,0,10,42
S01008445,85 and over,53,6,6,0,47,6,1,0,2,38
S01008446,All HRPs,323,225,216,9,98,24,0,8,19,47
S01008446,24 and under,0,0,0,0,0,0,0,0,0,0
S01008446,25 to 34,14,11,11,0,3,3,0,0,0,0
S01008446,35 to 49,93,77,71,6,16,6,0,4,5,1
S01008446,50 to 64,96,76,73,3,20,5,0,3,7,5
S01008446,65 to 74,57,33,33,0,24,4,0,1,5,14
S01008446,75 to 84,43,21,21,0,22,4,0,0,2,16
S01008446,85 and over,20,7,7,0,13,2,0,0,0,11
S01008447,All HRPs,286,209,191,18,77,23,0,5,14,35
S01008447,24 and under,0,0,0,0,0,0,0,0,0,0
S01008447,25 to 34,17,12,10,2,5,4,0,0,1,0
S01008447,35 to 49,74,60,54,6,14,9,0,1,2,2
S01008447,50 to 64,104,82,72,10,22,5,0,4,9,4
S01008447,65 to 74,50,38,38,0,12,4,0,0,0,8
S01008447,75 to 84,27,13,13,0,14,1,0,0,1,12
S01008447,85 and over,14,4,4,0,10,0,0,0,1,9
S01008448,All HRPs,315,223,198,25,92,33,1,8,16,34
S01008448,24 and under,3,1,0,1,2,2,0,0,0,0
S01008448,25 to 34,16,10,7,3,6,6,0,0,0,0
S01008448,35 to 49,88,69,57,12,19,9,1,5,4,0
S01008448,50 to 64,109,87,80,7,22,8,0,0,8,6
S01008448,65 to 74,56,34,33,1,22,6,0,3,3,10
S01008448,75 to 84,31,18,17,1,13,1,0,0,1,11
S01008448,85 and over,12,4,4,0,8,1,0,0,0,7
S01008449,All HRPs,351,126,85,41,225,118,7,20,51,29
S01008449,24 and under,32,3,0,3,29,26,0,0,3,0
S01008449,25 to 34,68,40,23,17,28,24,2,1,1,0
S01008449,35 to 49,135,44,33,11,91,57,3,13,14,4
S01008449,50 to 64,77,26,18,8,51,10,1,4,28,8
S01008449,65 to 74,22,9,7,2,13,0,0,2,4,7
S01008449,75 to 84,15,4,4,0,11,1,0,0,1,9
S01008449,85 and over,2,0,0,0,2,0,1,0,0,1
S01008450,All HRPs,256,69,46,23,187,101,1,16,53,16
S01008450,24 and under,18,2,1,1,16,16,0,0,0,0
S01008450,25 to 34,61,18,10,8,43,36,0,6,1,0
S01008450,35 to 49,93,29,20,9,64,43,1,6,13,1
S01008450,50 to 64,63,17,12,5,46,5,0,3,33,5
S01008450,65 to 74,9,1,1,0,8,0,0,1,4,3
S01008450,75 to 84,9,1,1,0,8,0,0,0,2,6
S01008450,85 and over,3,1,1,0,2,1,0,0,0,1
S01008451,All HRPs,325,81,57,24,244,140,3,25,61,15
S01008451,24 and under,34,3,0,3,31,30,1,0,0,0
S01008451,25 to 34,64,25,13,12,39,34,2,1,2,0
S01008451,35 to 49,132,35,28,7,97,62,0,15,18,2
S01008451,50 to 64,76,16,14,2,60,12,0,7,35,6
S01008451,65 to 74,13,2,2,0,11,1,0,2,5,3
S01008451,75 to 84,5,0,0,0,5,1,0,0,1,3
S01008451,85 and over,1,0,0,0,1,0,0,0,0,1
S01008452,All HRPs,271,79,53,26,192,99,6,30,47,10
S01008452,24 and under,23,3,0,3,20,19,0,1,0,0
S01008452,25 to 34,61,15,7,8,46,35,0,5,5,1
S01008452,35 to 49,97,32,23,9,65,34,1,14,15,1
S01008452,50 to 64,70,22,17,5,48,10,5,10,21,2
S01008452,65 to 74,13,6,5,1,7,0,0,0,4,3
S01008452,75 to 84,6,1,1,0,5,1,0,0,2,2
S01008452,85 and over,1,0,0,0,1,0,0,0,0,1
S01008453,All HRPs,215,101,58,43,114,69,12,8,23,2
S01008453,24 and under,27,9,1,8,18,18,0,0,0,0
S01008453,25 to 34,84,42,18,24,42,35,1,4,2,0
S01008453,35 to 49,67,33,26,7,34,12,10,3,9,0
S01008453,50 to 64,28,12,9,3,16,4,1,1,10,0
S01008453,65 to 74,6,3,3,0,3,0,0,0,1,2
S01008453,75 to 84,3,2,1,1,1,0,0,0,1,0
S01008453,85 and over,0,0,0,0,0,0,0,0,0,0
S01008454,All HRPs,393,125,88,37,268,144,7,34,62,21
S01008454,24 and under,18,4,2,2,14,13,0,0,0,1
S01008454,25 to 34,92,20,11,9,72,63,2,5,2,0
S01008454,35 to 49,151,59,41,18,92,53,3,14,20,2
S01008454,50 to 64,101,33,26,7,68,12,2,14,30,10
S01008454,65 to 74,21,9,8,1,12,1,0,0,6,5
S01008454,75 to 84,9,0,0,0,9,2,0,1,4,2
S01008454,85 and over,1,0,0,0,1,0,0,0,0,1
S01008455,All HRPs,501,151,93,58,350,193,3,27,91,36
S01008455,24 and under,57,8,1,7,49,45,0,0,4,0
S01008455,25 to 34,112,45,19,26,67,60,1,4,1,1
S01008455,35 to 49,149,42,21,21,107,54,1,11,40,1
S01008455,50 to 64,94,25,22,3,69,22,0,6,32,9
S01008455,65 to 74,59,23,22,1,36,8,1,4,12,11
S01008455,75 to 84,23,7,7,0,16,3,0,2,2,9
S01008455,85 and over,7,1,1,0,6,1,0,0,0,5
S01008456,All HRPs,528,149,97,52,379,235,9,35,71,29
S01008456,24 and under,75,11,2,9,64,56,4,3,1,0
S01008456,25 to 34,131,46,24,22,85,72,2,8,3,0
S01008456,35 to 49,143,38,26,12,105,69,2,14,20,0
S01008456,50 to 64,112,31,27,4,81,27,1,9,35,9
S01008456,65 to 74,42,13,10,3,29,9,0,1,10,9
S01008456,75 to 84,22,10,8,2,12,2,0,0,2,8
S01008456,85 and over,3,0,0,0,3,0,0,0,0,3
S01008457,All HRPs,353,104,73,31,249,100,3,14,82,50
S01008457,24 and under,27,3,0,3,24,24,0,0,0,0
S01008457,25 to 34,40,15,4,11,25,23,0,0,2,0
S01008457,35 to 49,74,26,16,10,48,27,2,5,13,1
S01008457,50 to 64,101,32,26,6,69,16,1,8,40,4
S01008457,65 to 74,62,17,16,1,45,4,0,1,20,20
S01008457,75 to 84,35,9,9,0,26,5,0,0,7,14
S01008457,85 and over,14,2,2,0,12,1,0,0,0,11
S01008458,All HRPs,428,194,155,39,234,119,1,22,59,33
S01008458,24 and under,26,9,1,8,17,17,0,0,0,0
S01008458,25 to 34,82,27,19,8,55,50,0,4,1,0
S01008458,35 to 49,122,61,48,13,61,39,0,4,17,1
S01008458,50 to 64,126,68,58,10,58,11,1,9,28,9
S01008458,65 to 74,44,22,22,0,22,2,0,4,8,8
S01008458,75 to 84,25,7,7,0,18,0,0,1,5,12
S01008458,85 and over,3,0,0,0,3,0,0,0,0,3
S01008459,All HRPs,393,114,76,38,279,148,7,26,76,22
S01008459,24 and under,42,4,0,4,38,38,0,0,0,0
S01008459,25 to 34,81,35,19,16,46,42,1,1,2,0
S01008459,35 to 49,109,35,23,12,74,43,3,8,17,3
S01008459,50 to 64,116,27,22,5,89,21,2,15,44,7
S01008459,65 to 74,31,9,8,1,22,3,1,1,10,7
S01008459,75 to 84,12,4,4,0,8,1,0,1,3,3
S01008459,85 and over,2,0,0,0,2,0,0,0,0,2
S01008460,All HRPs,368,89,54,35,279,162,4,38,48,27
S01008460,24 and under,45,1,0,1,44,44,0,0,0,0
S01008460,25 to 34,91,29,11,18,62,51,1,8,2,0
S01008460,35 to 49,126,28,19,9,98,50,2,21,22,3
S01008460,50 to 64,72,23,16,7,49,14,1,7,16,11
S01008460,65 to 74,21,6,6,0,15,3,0,2,4,6
S01008460,75 to 84,10,1,1,0,9,0,0,0,3,6
S01008460,85 and over,3,1,1,0,2,0,0,0,1,1
S01008461,All HRPs,450,128,77,51,322,201,4,29,61,27
S01008461,24 and under,50,12,1,11,38,38,0,0,0,0
S01008461,25 to 34,99,31,12,19,68,60,1,5,2,0
S01008461,35 to 49,161,36,24,12,125,80,2,16,20,7
S01008461,50 to 64,106,33,26,7,73,20,0,8,34,11
S01008461,65 to 74,19,8,7,1,11,2,1,0,4,4
S01008461,75 to 84,13,7,6,1,6,0,0,0,1,5
S01008461,85 and over,2,1,1,0,1,1,0,0,0,0
S01008462,All HRPs,349,77,52,25,272,113,3,28,96,32
S01008462,24 and under,2,1,0,1,1,1,0,0,0,0
S01008462,25 to 34,25,11,6,5,14,11,3,0,0,0
S01008462,35 to 49,96,22,11,11,74,47,0,14,13,0
S01008462,50 to 64,158,33,27,6,125,44,0,12,62,7
S01008462,65 to 74,44,5,3,2,39,9,0,2,18,10
S01008462,75 to 84,20,4,4,0,16,1,0,0,2,13
S01008462,85 and over,4,1,1,0,3,0,0,0,1,2
S01008463,All HRPs,355,103,64,39,252,153,5,18,56,20
S01008463,24 and under,34,3,1,2,31,30,1,0,0,0
S01008463,25 to 34,91,31,15,16,60,54,1,1,4,0
S01008463,35 to 49,114,34,17,17,80,52,1,9,15,3
S01008463,50 to 64,69,23,19,4,46,11,0,6,27,2
S01008463,65 to 74,34,9,9,0,25,4,2,2,8,9
S01008463,75 to 84,10,3,3,0,7,1,0,0,2,4
S01008463,85 and over,3,0,0,0,3,1,0,0,0,2
S01008464,All HRPs,413,183,149,34,230,118,1,17,44,50
S01008464,24 and under,21,6,1,5,15,15,0,0,0,0
S01008464,25 to 34,92,35,21,14,57,50,0,3,4,0
S01008464,35 to 49,100,42,33,9,58,31,0,11,15,1
S01008464,50 to 64,102,63,57,6,39,7,0,2,22,8
S01008464,65 to 74,48,23,23,0,25,11,0,0,3,11
S01008464,75 to 84,31,11,11,0,20,3,1,1,0,15
S01008464,85 and over,19,3,3,0,16,1,0,0,0,15
S01008465,All HRPs,346,165,122,43,181,85,7,16,40,33
S01008465,24 and under,22,7,1,6,15,15,0,0,0,0
S01008465,25 to 34,59,34,16,18,25,22,0,2,1,0
S01008465,35 to 49,90,39,25,14,51,30,5,4,12,0
S01008465,50 to 64,93,48,43,5,45,11,1,9,15,9
S01008465,65 to 74,46,23,23,0,23,4,0,1,12,6
S01008465,75 to 84,26,11,11,0,15,2,0,0,0,13
S01008465,85 and over,10,3,3,0,7,1,1,0,0,5
S01008466,All HRPs,318,155,115,40,163,88,5,16,23,31
S01008466,24 and under,18,4,1,3,14,12,0,2,0,0
S01008466,25 to 34,71,31,17,14,40,36,1,2,1,0
S01008466,35 to 49,81,37,21,16,44,23,4,5,10,2
S01008466,50 to 64,82,46,40,6,36,14,0,7,9,6
S01008466,65 to 74,41,27,26,1,14,3,0,0,2,9
S01008466,75 to 84,21,10,10,0,11,0,0,0,1,10
S01008466,85 and over,4,0,0,0,4,0,0,0,0,4
S01008467,All HRPs,330,201,160,41,129,49,4,11,29,36
S01008467,24 and under,11,4,0,4,7,5,1,0,1,0
S01008467,25 to 34,52,27,13,14,25,20,1,4,0,0
S01008467,35 to 49,85,56,43,13,29,19,2,4,3,1
S01008467,50 to 64,96,71,63,8,25,1,0,0,18,6
S01008467,65 to 74,54,31,29,2,23,2,0,3,5,13
S01008467,75 to 84,25,11,11,0,14,2,0,0,2,10
S01008467,85 and over,7,1,1,0,6,0,0,0,0,6
S01008468,All HRPs,232,120,102,18,112,57,4,7,19,25
S01008468,24 and under,11,0,0,0,11,8,3,0,0,0
S01008468,25 to 34,37,19,10,9,18,17,0,0,1,0
S01008468,35 to 49,77,47,43,4,30,18,0,3,8,1
S01008468,50 to 64,62,36,33,3,26,7,1,3,7,8
S01008468,65 to 74,28,15,13,2,13,4,0,1,2,6
S01008468,75 to 84,11,1,1,0,10,3,0,0,1,6
S01008468,85 and over,6,2,2,0,4,0,0,0,0,4
S01008469,All HRPs,229,130,105,25,99,40,7,9,23,20
S01008469,24 and under,12,4,0,4,8,8,0,0,0,0
S01008469,25 to 34,43,24,16,8,19,15,2,1,1,0
S01008469,35 to 49,68,49,42,7,19,8,3,6,2,0
S01008469,50 to 64,54,35,29,6,19,4,0,1,14,0
S01008469,65 to 74,31,12,12,0,19,2,1,1,4,11
S01008469,75 to 84,19,6,6,0,13,2,1,0,2,8
S01008469,85 and over,2,0,0,0,2,1,0,0,0,1
S01008470,All HRPs,298,134,99,35,164,68,5,20,38,33
S01008470,24 and under,12,3,0,3,9,9,0,0,0,0
S01008470,25 to 34,44,20,8,12,24,21,1,2,0,0
S01008470,35 to 49,79,43,25,18,36,23,0,5,6,2
S01008470,50 to 64,94,47,45,2,47,9,0,5,22,11
S01008470,65 to 74,41,13,13,0,28,5,3,6,9,5
S01008470,75 to 84,21,6,6,0,15,0,0,2,1,12
S01008470,85 and over,7,2,2,0,5,1,1,0,0,3
S01008471,All HRPs,347,121,82,39,226,117,5,32,49,23
S01008471,24 and under,11,2,0,2,9,9,0,0,0,0
S01008471,25 to 34,64,18,3,15,46,34,2,8,2,0
S01008471,35 to 49,143,52,34,18,91,54,1,14,16,6
S01008471,50 to 64,92,39,35,4,53,13,1,9,26,4
S01008471,65 to 74,24,6,6,0,18,3,1,1,4,9
S01008471,75 to 84,10,3,3,0,7,4,0,0,1,2
S01008471,85 and over,3,1,1,0,2,0,0,0,0,2
S01008472,All HRPs,277,137,99,38,140,69,5,13,29,24
S01008472,24 and under,13,3,0,3,10,8,0,2,0,0
S01008472,25 to 34,53,30,14,16,23,19,3,0,0,1
S01008472,35 to 49,99,52,38,14,47,29,1,8,8,1
S01008472,50 to 64,61,35,30,5,26,8,0,2,12,4
S01008472,65 to 74,27,9,9,0,18,5,0,1,4,8
S01008472,75 to 84,19,8,8,0,11,0,1,0,5,5
S01008472,85 and over,5,0,0,0,5,0,0,0,0,5
S01008473,All HRPs,307,123,89,34,184,71,13,17,42,41
S01008473,24 and under,11,2,0,2,9,6,3,0,0,0
S01008473,25 to 34,59,27,14,13,32,24,3,3,2,0
S01008473,35 to 49,94,43,31,12,51,27,6,5,12,1
S01008473,50 to 64,74,32,26,6,42,10,1,9,17,5
S01008473,65 to 74,42,15,14,1,27,3,0,0,9,15
S01008473,75 to 84,15,2,2,0,13,1,0,0,2,10
S01008473,85 and over,12,2,2,0,10,0,0,0,0,10
S01008474,All HRPs,440,130,87,43,310,144,9,23,65,69
S01008474,24 and under,30,6,3,3,24,24,0,0,0,0
S01008474,25 to 34,76,41,13,28,35,27,1,5,2,0
S01008474,35 to 49,119,30,21,9,89,59,4,6,20,0
S01008474,50 to 64,92,20,18,2,72,22,3,7,33,7
S01008474,65 to 74,50,15,14,1,35,8,1,3,7,16
S01008474,75 to 84,56,15,15,0,41,3,0,2,2,34
S01008474,85 and over,17,3,3,0,14,1,0,0,1,12
S01008475,All HRPs,327,99,71,28,228,92,1,16,54,65
S01008475,24 and under,17,2,0,2,15,15,0,0,0,0
S01008475,25 to 34,56,24,13,11,32,28,1,0,2,1
S01008475,35 to 49,80,22,13,9,58,30,0,8,19,1
S01008475,50 to 64,73,29,25,4,44,12,0,7,18,7
S01008475,65 to 74,44,13,11,2,31,2,0,1,10,18
S01008475,75 to 84,39,7,7,0,32,3,0,0,4,25
S01008475,85 and over,18,2,2,0,16,2,0,0,1,13
S01008476,All HRPs,406,136,94,42,270,126,4,12,63,65
S01008476,24 and under,18,4,0,4,14,14,0,0,0,0
S01008476,25 to 34,77,38,21,17,39,36,1,0,2,0
S01008476,35 to 49,112,37,22,15,75,48,3,8,15,1
S01008476,50 to 64,74,25,19,6,49,15,0,2,27,5
S01008476,65 to 74,45,11,11,0,34,7,0,2,11,14
S01008476,75 to 84,52,16,16,0,36,3,0,0,8,25
S01008476,85 and over,28,5,5,0,23,3,0,0,0,20
S01008477,All HRPs,465,138,99,39,327,154,2,21,69,81
S01008477,24 and under,13,0,0,0,13,13,0,0,0,0
S01008477,25 to 34,83,29,14,15,54,48,0,2,3,1
S01008477,35 to 49,129,46,32,14,83,57,1,10,14,1
S01008477,50 to 64,103,36,29,7,67,20,0,7,33,7
S01008477,65 to 74,61,17,16,1,44,7,0,2,13,22
S01008477,75 to 84,49,9,7,2,40,8,0,0,6,26
S01008477,85 and over,27,1,1,0,26,1,1,0,0,24
S01008478,All HRPs,439,138,100,38,301,121,3,24,75,78
S01008478,24 and under,26,5,0,5,21,21,0,0,0,0
S01008478,25 to 34,69,27,15,12,42,35,1,3,3,0
S01008478,35 to 49,101,43,30,13,58,31,1,7,19,0
S01008478,50 to 64,104,36,28,8,68,14,0,12,34,8
S01008478,65 to 74,45,11,11,0,34,13,0,1,8,12
S01008478,75 to 84,72,12,12,0,60,6,1,1,10,42
S01008478,85 and over,22,4,4,0,18,1,0,0,1,16
S01008479,All HRPs,407,151,98,53,256,129,5,11,34,77
S01008479,24 and under,23,1,0,1,22,22,0,0,0,0
S01008479,25 to 34,80,37,18,19,43,41,1,1,0,0
S01008479,35 to 49,85,32,15,17,53,39,0,4,8,2
S01008479,50 to 64,92,46,31,15,46,12,4,3,21,6
S01008479,65 to 74,55,17,16,1,38,3,0,3,5,27
S01008479,75 to 84,51,11,11,0,40,11,0,0,0,29
S01008479,85 and over,21,7,7,0,14,1,0,0,0,13
S01008480,All HRPs,279,114,67,47,165,97,1,15,34,18
S01008480,24 and under,24,3,0,3,21,21,0,0,0,0
S01008480,25 to 34,94,40,17,23,54,45,1,5,3,0
S01008480,35 to 49,79,33,15,18,46,23,0,8,15,0
S01008480,50 to 64,53,24,22,2,29,8,0,2,13,6
S01008480,65 to 74,14,7,6,1,7,0,0,0,2,5
S01008480,75 to 84,12,6,6,0,6,0,0,0,0,6
S01008480,85 and over,3,1,1,0,2,0,0,0,1,1
S01008481,All HRPs,373,209,177,32,164,51,4,19,49,41
S01008481,24 and under,12,5,1,4,7,7,0,0,0,0
S01008481,25 to 34,31,8,5,3,23,14,1,5,3,0
S01008481,35 to 49,113,69,54,15,44,15,1,9,17,2
S01008481,50 to 64,118,70,61,9,48,9,1,5,22,11
S01008481,65 to 74,61,40,39,1,21,3,0,0,6,12
S01008481,75 to 84,36,17,17,0,19,3,1,0,1,14
S01008481,85 and over,2,0,0,0,2,0,0,0,0,2
S01008482,All HRPs,316,135,103,32,181,78,5,13,41,44
S01008482,24 and under,6,0,0,0,6,6,0,0,0,0
S01008482,25 to 34,47,16,7,9,31,27,1,3,0,0
S01008482,35 to 49,88,45,28,17,43,27,1,7,8,0
S01008482,50 to 64,67,33,30,3,34,7,2,2,18,5
S01008482,65 to 74,48,24,21,3,24,4,0,0,12,8
S01008482,75 to 84,39,12,12,0,27,4,1,1,3,18
S01008482,85 and over,21,5,5,0,16,3,0,0,0,13
S01008483,All HRPs,327,133,93,40,194,81,3,13,45,52
S01008483,24 and under,24,7,3,4,17,16,0,1,0,0
S01008483,25 to 34,56,33,13,20,23,22,0,1,0,0
S01008483,35 to 49,74,38,27,11,36,20,0,3,13,0
S01008483,50 to 64,69,29,25,4,40,13,0,7,12,8
S01008483,65 to 74,45,12,11,1,33,9,1,0,11,12
S01008483,75 to 84,43,13,13,0,30,1,2,1,6,20
S01008483,85 and over,16,1,1,0,15,0,0,0,3,12
S01008484,All HRPs,342,186,152,34,156,64,1,13,26,52
S01008484,24 and under,8,1,0,1,7,7,0,0,0,0
S01008484,25 to 34,42,21,11,10,21,18,0,3,0,0
S01008484,35 to 49,88,54,42,12,34,22,1,5,5,1
S01008484,50 to 64,106,70,60,10,36,13,0,4,12,7
S01008484,65 to 74,42,20,19,1,22,2,0,0,7,13
S01008484,75 to 84,34,14,14,0,20,1,0,1,2,16
S01008484,85 and over,22,6,6,0,16,1,0,0,0,15
S01008485,All HRPs,408,252,209,43,156,80,4,12,31,29
S01008485,24 and under,30,9,5,4,21,21,0,0,0,0
S01008485,25 to 34,73,47,30,17,26,20,3,1,2,0
S01008485,35 to 49,126,81,69,12,45,26,0,8,11,0
S01008485,50 to 64,92,60,50,10,32,9,1,3,16,3
S01008485,65 to 74,54,42,42,0,12,4,0,0,1,7
S01008485,75 to 84,26,12,12,0,14,0,0,0,0,14
S01008485,85 and over,7,1,1,0,6,0,0,0,1,5
S01008486,All HRPs,459,189,164,25,270,102,5,7,51,105
S01008486,24 and under,14,4,1,3,10,10,0,0,0,0
S01008486,25 to 34,46,14,6,8,32,31,0,0,1,0
S01008486,35 to 49,80,41,34,7,39,20,3,4,9,3
S01008486,50 to 64,132,71,64,7,61,27,0,3,21,10
S01008486,65 to 74,78,32,32,0,46,8,0,0,11,27
S01008486,75 to 84,79,24,24,0,55,5,2,0,7,41
S01008486,85 and over,30,3,3,0,27,1,0,0,2,24
S01008487,All HRPs,417,166,101,65,251,156,6,21,41,27
S01008487,24 and under,36,4,0,4,32,32,0,0,0,0
S01008487,25 to 34,150,74,34,40,76,68,3,4,1,0
S01008487,35 to 49,105,43,30,13,62,44,2,4,11,1
S01008487,50 to 64,76,31,23,8,45,7,1,11,23,3
S01008487,65 to 74,22,7,7,0,15,2,0,0,4,9
S01008487,75 to 84,17,4,4,0,13,2,0,1,2,8
S01008487,85 and over,11,3,3,0,8,1,0,1,0,6
S01008488,All HRPs,416,149,102,47,267,145,6,10,46,60
S01008488,24 and under,31,2,0,2,29,28,0,1,0,0
S01008488,25 to 34,102,48,19,29,54,50,0,0,4,0
S01008488,35 to 49,87,39,29,10,48,39,1,1,7,0
S01008488,50 to 64,90,41,35,6,49,16,1,4,22,6
S01008488,65 to 74,49,13,13,0,36,6,1,2,9,18
S01008488,75 to 84,37,6,6,0,31,6,2,2,3,18
S01008488,85 and over,20,0,0,0,20,0,1,0,1,18
S01008489,All HRPs,305,135,117,18,170,92,0,15,31,32
S01008489,24 and under,18,3,1,2,15,14,0,1,0,0
S01008489,25 to 34,47,18,13,5,29,28,0,0,1,0
S01008489,35 to 49,83,35,29,6,48,29,0,9,8,2
S01008489,50 to 64,79,48,43,5,31,12,0,3,14,2
S01008489,65 to 74,36,20,20,0,16,4,0,2,5,5
S01008489,75 to 84,33,9,9,0,24,3,0,0,2,19
S01008489,85 and over,9,2,2,0,7,2,0,0,1,4
S01008490,All HRPs,528,169,106,63,359,224,5,14,63,53
S01008490,24 and under,40,11,1,10,29,29,0,0,0,0
S01008490,25 to 34,136,54,21,33,82,79,1,1,1,0
S01008490,35 to 49,155,53,37,16,102,73,3,6,20,0
S01008490,50 to 64,100,29,25,4,71,29,0,6,29,7
S01008490,65 to 74,44,13,13,0,31,6,0,1,9,15
S01008490,75 to 84,30,6,6,0,24,5,0,0,4,15
S01008490,85 and over,23,3,3,0,20,3,1,0,0,16
S01008491,All HRPs,487,169,92,77,318,207,10,10,50,41
S01008491,24 and under,69,13,1,12,56,56,0,0,0,0
S01008491,25 to 34,152,76,40,36,76,69,3,0,4,0
S01008491,35 to 49,113,41,21,20,72,52,4,5,11,0
S01008491,50 to 64,81,23,16,7,58,17,2,4,26,9
S01008491,65 to 74,30,8,8,0,22,5,0,1,6,10
S01008491,75 to 84,33,6,5,1,27,8,1,0,3,15
S01008491,85 and over,9,2,1,1,7,0,0,0,0,7
S01008492,All HRPs,515,177,69,108,338,251,3,26,44,14
S01008492,24 and under,58,14,1,13,44,42,0,2,0,0
S01008492,25 to 34,209,93,23,70,116,109,0,4,3,0
S01008492,35 to 49,139,47,26,21,92,59,2,9,21,1
S01008492,50 to 64,80,18,14,4,62,30,1,9,19,3
S01008492,65 to 74,22,3,3,0,19,10,0,2,1,6
S01008492,75 to 84,6,2,2,0,4,1,0,0,0,3
S01008492,85 and over,1,0,0,0,1,0,0,0,0,1
S01008493,All HRPs,420,140,98,42,280,165,7,17,38,53
S01008493,24 and under,28,3,1,2,25,25,0,0,0,0
S01008493,25 to 34,93,26,9,17,67,62,1,2,1,1
S01008493,35 to 49,108,43,28,15,65,46,4,5,9,1
S01008493,50 to 64,79,30,26,4,49,20,1,7,18,3
S01008493,65 to 74,47,18,16,2,29,6,0,3,7,13
S01008493,75 to 84,44,13,12,1,31,3,1,0,3,24
S01008493,85 and over,21,7,6,1,14,3,0,0,0,11
S01008494,All HRPs,409,127,71,56,282,197,6,14,42,23
S01008494,24 and under,45,16,3,13,29,29,0,0,0,0
S01008494,25 to 34,131,49,21,28,82,75,3,2,1,1
S01008494,35 to 49,127,34,24,10,93,66,1,6,20,0
S01008494,50 to 64,55,14,10,4,41,17,1,6,14,3
S01008494,65 to 74,17,5,5,0,12,5,0,0,4,3
S01008494,75 to 84,21,7,6,1,14,3,1,0,3,7
S01008494,85 and over,13,2,2,0,11,2,0,0,0,9
S01008495,All HRPs,589,169,68,101,420,342,11,15,40,12
S01008495,24 and under,77,16,2,14,61,61,0,0,0,0
S01008495,25 to 34,273,107,38,69,166,153,10,1,2,0
S01008495,35 to 49,153,34,18,16,119,99,0,3,16,1
S01008495,50 to 64,52,5,4,1,47,25,0,9,12,1
S01008495,65 to 74,26,7,6,1,19,4,0,2,9,4
S01008495,75 to 84,4,0,0,0,4,0,1,0,1,2
S01008495,85 and over,4,0,0,0,4,0,0,0,0,4
S01008496,All HRPs,676,164,69,95,512,393,28,21,60,10
S01008496,24 and under,94,28,2,26,66,66,0,0,0,0
S01008496,25 to 34,295,84,34,50,211,178,20,8,5,0
S01008496,35 to 49,182,35,22,13,147,120,5,3,18,1
S01008496,50 to 64,71,14,10,4,57,23,3,7,24,0
S01008496,65 to 74,17,2,1,1,15,4,0,3,7,1
S01008496,75 to 84,15,1,0,1,14,2,0,0,6,6
S01008496,85 and over,2,0,0,0,2,0,0,0,0,2
S01008497,All HRPs,572,143,68,75,429,349,10,10,54,6
S01008497,24 and under,77,19,3,16,58,58,0,0,0,0
S01008497,25 to 34,219,73,35,38,146,140,3,0,3,0
S01008497,35 to 49,151,27,10,17,124,94,6,8,16,0
S01008497,50 to 64,97,16,12,4,81,49,1,2,29,0
S01008497,65 to 74,15,4,4,0,11,6,0,0,5,0
S01008497,75 to 84,7,3,3,0,4,0,0,0,1,3
S01008497,85 and over,6,1,1,0,5,2,0,0,0,3
S01008498,All HRPs,525,119,57,62,406,326,6,11,47,16
S01008498,24 and under,69,12,0,12,57,57,0,0,0,0
S01008498,25 to 34,192,54,21,33,138,134,1,0,3,0
S01008498,35 to 49,137,28,18,10,109,90,4,3,10,2
S01008498,50 to 64,91,21,14,7,70,36,1,6,25,2
S01008498,65 to 74,17,2,2,0,15,4,0,2,8,1
S01008498,75 to 84,10,2,2,0,8,2,0,0,1,5
S01008498,85 and over,9,0,0,0,9,3,0,0,0,6
S01008499,All HRPs,591,172,71,101,419,340,15,21,28,15
S01008499,24 and under,106,23,1,22,83,83,0,0,0,0
S01008499,25 to 34,243,95,36,59,148,137,5,4,2,0
S01008499,35 to 49,147,37,22,15,110,87,6,10,6,1
S01008499,50 to 64,64,13,9,4,51,28,2,5,10,6
S01008499,65 to 74,16,1,0,1,15,2,1,0,8,4
S01008499,75 to 84,14,3,3,0,11,3,1,2,2,3
S01008499,85 and over,1,0,0,0,1,0,0,0,0,1
S01008500,All HRPs,209,44,22,22,165,120,6,7,29,3
S01008500,24 and under,29,3,2,1,26,26,0,0,0,0
S01008500,25 to 34,62,16,5,11,46,38,4,0,4,0
S01008500,35 to 49,73,16,7,9,57,48,2,3,4,0
S01008500,50 to 64,41,8,7,1,33,7,0,4,20,2
S01008500,65 to 74,1,0,0,0,1,1,0,0,0,0
S01008500,75 to 84,3,1,1,0,2,0,0,0,1,1
S01008500,85 and over,0,0,0,0,0,0,0,0,0,0
S01008501,All HRPs,316,106,44,62,210,183,9,6,7,5
S01008501,24 and under,63,15,1,14,48,48,0,0,0,0
S01008501,25 to 34,146,58,19,39,88,87,0,1,0,0
S01008501,35 to 49,77,24,18,6,53,41,6,3,3,0
S01008501,50 to 64,22,7,5,2,15,6,3,1,3,2
S01008501,65 to 74,5,2,1,1,3,1,0,1,1,0
S01008501,75 to 84,3,0,0,0,3,0,0,0,0,3
S01008501,85 and over,0,0,0,0,0,0,0,0,0,0
S01008502,All HRPs,373,112,49,63,261,208,4,11,35,3
S01008502,24 and under,66,15,0,15,51,51,0,0,0,0
S01008502,25 to 34,173,65,28,37,108,98,0,2,8,0
S01008502,35 to 49,93,23,15,8,70,47,4,6,13,0
S01008502,50 to 64,31,8,5,3,23,10,0,1,11,1
S01008502,65 to 74,4,0,0,0,4,1,0,2,1,0
S01008502,75 to 84,5,1,1,0,4,1,0,0,2,1
S01008502,85 and over,1,0,0,0,1,0,0,0,0,1
S01008503,All HRPs,443,204,94,110,239,177,5,8,33,16
S01008503,24 and under,55,15,0,15,40,40,0,0,0,0
S01008503,25 to 34,155,84,22,62,71,65,2,4,0,0
S01008503,35 to 49,138,70,43,27,68,53,2,3,10,0
S01008503,50 to 64,60,24,19,5,36,13,0,0,19,4
S01008503,65 to 74,17,9,8,1,8,3,0,1,2,2
S01008503,75 to 84,13,1,1,0,12,3,1,0,2,6
S01008503,85 and over,5,1,1,0,4,0,0,0,0,4
S01008504,All HRPs,543,262,176,86,281,193,9,9,45,25
S01008504,24 and under,41,10,0,10,31,31,0,0,0,0
S01008504,25 to 34,140,73,37,36,67,60,5,1,1,0
S01008504,35 to 49,194,102,72,30,92,71,1,6,12,2
S01008504,50 to 64,112,50,42,8,62,22,1,1,24,14
S01008504,65 to 74,30,18,18,0,12,3,1,1,5,2
S01008504,75 to 84,15,7,6,1,8,2,1,0,3,2
S01008504,85 and over,11,2,1,1,9,4,0,0,0,5
S01008505,All HRPs,330,179,115,64,151,82,4,6,34,25
S01008505,24 and under,8,5,1,4,3,3,0,0,0,0
S01008505,25 to 34,64,40,14,26,24,22,0,0,1,1
S01008505,35 to 49,116,74,49,25,42,29,3,1,9,0
S01008505,50 to 64,97,48,40,8,49,22,1,4,19,3
S01008505,65 to 74,22,8,8,0,14,1,0,1,3,9
S01008505,75 to 84,17,4,3,1,13,4,0,0,2,7
S01008505,85 and over,6,0,0,0,6,1,0,0,0,5
S01008506,All HRPs,442,182,130,52,260,133,8,15,38,66
S01008506,24 and under,18,3,0,3,15,15,0,0,0,0
S01008506,25 to 34,75,35,12,23,40,35,1,1,3,0
S01008506,35 to 49,117,59,44,15,58,45,3,5,5,0
S01008506,50 to 64,85,35,31,4,50,19,3,7,17,4
S01008506,65 to 74,54,23,18,5,31,5,1,1,9,15
S01008506,75 to 84,61,24,22,2,37,9,0,1,4,23
S01008506,85 and over,32,3,3,0,29,5,0,0,0,24
S01008507,All HRPs,386,177,107,70,209,146,1,8,33,21
S01008507,24 and under,31,7,1,6,24,24,0,0,0,0
S01008507,25 to 34,112,63,26,37,49,49,0,0,0,0
S01008507,35 to 49,134,65,41,24,69,54,1,3,10,1
S01008507,50 to 64,76,35,32,3,41,10,0,4,17,10
S01008507,65 to 74,15,4,4,0,11,5,0,1,4,1
S01008507,75 to 84,12,2,2,0,10,2,0,0,2,6
S01008507,85 and over,6,1,1,0,5,2,0,0,0,3
S01008508,All HRPs,358,221,193,28,137,54,8,9,24,42
S01008508,24 and under,12,3,0,3,9,9,0,0,0,0
S01008508,25 to 34,37,27,18,9,10,10,0,0,0,0
S01008508,35 to 49,100,75,70,5,25,11,4,3,7,0
S01008508,50 to 64,109,73,63,10,36,11,3,6,10,6
S01008508,65 to 74,55,30,29,1,25,7,0,0,5,13
S01008508,75 to 84,27,9,9,0,18,4,0,0,2,12
S01008508,85 and over,18,4,4,0,14,2,1,0,0,11
S01008509,All HRPs,509,259,209,50,250,107,9,19,44,71
S01008509,24 and under,16,6,1,5,10,10,0,0,0,0
S01008509,25 to 34,71,36,26,10,35,31,3,1,0,0
S01008509,35 to 49,150,81,57,24,69,40,2,11,15,1
S01008509,50 to 64,114,66,59,7,48,12,1,7,19,9
S01008509,65 to 74,56,35,33,2,21,5,0,0,3,13
S01008509,75 to 84,67,27,27,0,40,5,2,0,7,26
S01008509,85 and over,35,8,6,2,27,4,1,0,0,22
S01008510,All HRPs,390,246,215,31,144,60,8,11,24,41
S01008510,24 and under,15,1,0,1,14,14,0,0,0,0
S01008510,25 to 34,35,23,11,12,12,7,5,0,0,0
S01008510,35 to 49,104,76,63,13,28,11,1,6,8,2
S01008510,50 to 64,115,79,75,4,36,15,2,4,12,3
S01008510,65 to 74,60,37,37,0,23,8,0,1,3,11
S01008510,75 to 84,48,26,25,1,22,4,0,0,1,17
S01008510,85 and over,13,4,4,0,9,1,0,0,0,8
S01008511,All HRPs,358,248,227,21,110,27,7,11,22,43
S01008511,24 and under,1,0,0,0,1,1,0,0,0,0
S01008511,25 to 34,16,10,6,4,6,4,1,0,1,0
S01008511,35 to 49,96,79,69,10,17,6,1,6,3,1
S01008511,50 to 64,130,101,95,6,29,6,1,4,14,4
S01008511,65 to 74,53,33,32,1,20,5,1,0,3,11
S01008511,75 to 84,39,18,18,0,21,4,2,1,1,13
S01008511,85 and over,23,7,7,0,16,1,1,0,0,14
S01008512,All HRPs,201,146,137,9,55,13,3,2,13,24
S01008512,24 and under,0,0,0,0,0,0,0,0,0,0
S01008512,25 to 34,10,8,5,3,2,2,0,0,0,0
S01008512,35 to 49,61,48,45,3,13,6,0,1,6,0
S01008512,50 to 64,62,51,48,3,11,1,1,1,5,3
S01008512,65 to 74,27,20,20,0,7,1,0,0,1,5
S01008512,75 to 84,27,15,15,0,12,1,1,0,1,9
S01008512,85 and over,14,4,4,0,10,2,1,0,0,7
S01008513,All HRPs,258,193,174,19,65,17,1,7,11,29
S01008513,24 and under,0,0,0,0,0,0,0,0,0,0
S01008513,25 to 34,10,8,6,2,2,2,0,0,0,0
S01008513,35 to 49,74,63,53,10,11,4,0,2,5,0
S01008513,50 to 64,86,75,68,7,11,1,0,3,3,4
S01008513,65 to 74,38,23,23,0,15,4,0,2,3,6
S01008513,75 to 84,34,19,19,0,15,2,1,0,0,12
S01008513,85 and over,16,5,5,0,11,4,0,0,0,7
S01008514,All HRPs,397,221,196,25,176,72,0,6,26,72
S01008514,24 and under,4,0,0,0,4,4,0,0,0,0
S01008514,25 to 34,23,12,8,4,11,11,0,0,0,0
S01008514,35 to 49,109,85,73,12,24,15,0,4,5,0
S01008514,50 to 64,112,85,77,8,27,13,0,2,10,2
S01008514,65 to 74,50,19,19,0,31,13,0,0,6,12
S01008514,75 to 84,58,13,12,1,45,13,0,0,5,27
S01008514,85 and over,41,7,7,0,34,3,0,0,0,31
S01008515,All HRPs,297,189,164,25,108,60,2,5,22,19
S01008515,24 and under,3,0,0,0,3,3,0,0,0,0
S01008515,25 to 34,30,18,12,6,12,12,0,0,0,0
S01008515,35 to 49,119,82,67,15,37,24,0,4,9,0
S01008515,50 to 64,91,66,62,4,25,12,2,1,7,3
S01008515,65 to 74,23,10,10,0,13,5,0,0,3,5
S01008515,75 to 84,23,12,12,0,11,1,0,0,2,8
S01008515,85 and over,8,1,1,0,7,3,0,0,1,3
S01008516,All HRPs,592,148,76,72,444,333,8,19,54,30
S01008516,24 and under,69,12,1,11,57,57,0,0,0,0
S01008516,25 to 34,169,54,17,37,115,110,5,0,0,0
S01008516,35 to 49,187,56,37,19,131,104,2,9,16,0
S01008516,50 to 64,89,12,8,4,77,43,1,5,23,5
S01008516,65 to 74,33,4,3,1,29,11,0,5,9,4
S01008516,75 to 84,29,7,7,0,22,5,0,0,5,12
S01008516,85 and over,16,3,3,0,13,3,0,0,1,9
S01008517,All HRPs,463,165,104,61,298,180,5,6,38,69
S01008517,24 and under,51,8,0,8,43,43,0,0,0,0
S01008517,25 to 34,97,42,15,27,55,55,0,0,0,0
S01008517,35 to 49,120,55,35,20,65,43,2,2,16,2
S01008517,50 to 64,76,38,32,6,38,20,1,1,11,5
S01008517,65 to 74,24,4,4,0,20,4,1,0,8,7
S01008517,75 to 84,59,10,10,0,49,10,1,1,3,34
S01008517,85 and over,36,8,8,0,28,5,0,2,0,21
S01008518,All HRPs,378,218,180,38,160,89,2,12,22,35
S01008518,24 and under,21,6,0,6,15,15,0,0,0,0
S01008518,25 to 34,51,27,13,14,24,23,0,0,1,0
S01008518,35 to 49,106,69,59,10,37,26,1,6,4,0
S01008518,50 to 64,121,87,79,8,34,14,1,2,13,4
S01008518,65 to 74,31,15,15,0,16,4,0,4,2,6
S01008518,75 to 84,39,14,14,0,25,6,0,0,2,17
S01008518,85 and over,9,0,0,0,9,1,0,0,0,8
S01008519,All HRPs,324,209,187,22,115,48,2,10,21,34
S01008519,24 and under,3,3,0,3,0,0,0,0,0,0
S01008519,25 to 34,29,15,13,2,14,12,1,1,0,0
S01008519,35 to 49,84,69,59,10,15,8,0,0,7,0
S01008519,50 to 64,119,83,76,7,36,10,0,9,11,6
S01008519,65 to 74,44,25,25,0,19,9,1,0,2,7
S01008519,75 to 84,28,12,12,0,16,5,0,0,1,10
S01008519,85 and over,17,2,2,0,15,4,0,0,0,11
S01008520,All HRPs,433,312,294,18,121,32,5,7,20,57
S01008520,24 and under,3,0,0,0,3,3,0,0,0,0
S01008520,25 to 34,10,6,4,2,4,4,0,0,0,0
S01008520,35 to 49,109,91,80,11,18,3,0,3,9,3
S01008520,50 to 64,138,115,111,4,23,8,0,3,7,5
S01008520,65 to 74,83,60,59,1,23,6,2,1,3,11
S01008520,75 to 84,67,31,31,0,36,6,2,0,0,28
S01008520,85 and over,23,9,9,0,14,2,1,0,1,10
S01008521,All HRPs,338,269,256,13,69,18,5,5,7,34
S01008521,24 and under,0,0,0,0,0,0,0,0,0,0
S01008521,25 to 34,4,4,4,0,0,0,0,0,0,0
S01008521,35 to 49,94,86,78,8,8,2,1,2,2,1
S01008521,50 to 64,138,118,114,4,20,9,1,1,4,5
S01008521,65 to 74,51,36,35,1,15,5,2,2,1,5
S01008521,75 to 84,34,19,19,0,15,2,1,0,0,12
S01008521,85 and over,17,6,6,0,11,0,0,0,0,11
S01008522,All HRPs,228,151,136,15,77,26,4,9,17,21
S01008522,24 and under,4,2,0,2,2,2,0,0,0,0
S01008522,25 to 34,16,9,5,4,7,3,1,2,1,0
S01008522,35 to 49,73,53,46,7,20,10,3,2,5,0
S01008522,50 to 64,77,48,47,1,29,10,0,5,7,7
S01008522,65 to 74,32,25,24,1,7,0,0,0,4,3
S01008522,75 to 84,16,12,12,0,4,0,0,0,0,4
S01008522,85 and over,10,2,2,0,8,1,0,0,0,7
S01008523,All HRPs,434,258,230,28,176,71,15,11,37,42
S01008523,24 and under,7,2,0,2,5,5,0,0,0,0
S01008523,25 to 34,48,28,21,7,20,20,0,0,0,0
S01008523,35 to 49,164,115,104,11,49,25,3,4,14,3
S01008523,50 to 64,130,74,66,8,56,16,11,5,14,10
S01008523,65 to 74,43,16,16,0,27,4,1,2,5,15
S01008523,75 to 84,34,19,19,0,15,1,0,0,4,10
S01008523,85 and over,8,4,4,0,4,0,0,0,0,4
S01008524,All HRPs,442,146,95,51,296,140,1,21,71,63
S01008524,24 and under,34,7,0,7,27,27,0,0,0,0
S01008524,25 to 34,79,30,14,16,49,46,1,1,1,0
S01008524,35 to 49,136,46,26,20,90,50,0,12,26,2
S01008524,50 to 64,106,39,33,6,67,15,0,8,37,7
S01008524,65 to 74,31,10,9,1,21,1,0,0,5,15
S01008524,75 to 84,41,12,11,1,29,1,0,0,2,26
S01008524,85 and over,15,2,2,0,13,0,0,0,0,13
S01008525,All HRPs,380,128,100,28,252,80,4,19,71,78
S01008525,24 and under,13,7,1,6,6,5,0,0,1,0
S01008525,25 to 34,62,27,18,9,35,26,3,2,4,0
S01008525,35 to 49,89,35,27,8,54,23,0,10,19,2
S01008525,50 to 64,77,29,25,4,48,15,0,5,24,4
S01008525,65 to 74,48,17,16,1,31,9,0,2,9,11
S01008525,75 to 84,62,13,13,0,49,1,1,0,9,38
S01008525,85 and over,29,0,0,0,29,1,0,0,5,23
S01008526,All HRPs,448,180,136,44,268,90,6,18,64,90
S01008526,24 and under,13,2,0,2,11,11,0,0,0,0
S01008526,25 to 34,64,35,19,16,29,27,0,2,0,0
S01008526,35 to 49,105,56,40,16,49,25,1,9,13,1
S01008526,50 to 64,115,53,45,8,62,16,2,6,31,7
S01008526,65 to 74,52,21,19,2,31,4,0,1,12,14
S01008526,75 to 84,68,12,12,0,56,6,2,0,5,43
S01008526,85 and over,31,1,1,0,30,1,1,0,3,25
S01008527,All HRPs,333,147,115,32,186,88,3,17,46,32
S01008527,24 and under,19,4,0,4,15,15,0,0,0,0
S01008527,25 to 34,58,23,12,11,35,30,1,2,2,0
S01008527,35 to 49,103,49,34,15,54,26,0,10,17,1
S01008527,50 to 64,92,47,45,2,45,14,0,4,19,8
S01008527,65 to 74,25,11,11,0,14,3,2,0,5,4
S01008527,75 to 84,25,11,11,0,14,0,0,1,3,10
S01008527,85 and over,11,2,2,0,9,0,0,0,0,9
S01008528,All HRPs,304,145,120,25,159,72,3,14,50,20
S01008528,24 and under,5,1,0,1,4,4,0,0,0,0
S01008528,25 to 34,53,20,11,9,33,25,0,4,4,0
S01008528,35 to 49,106,56,45,11,50,20,0,6,23,1
S01008528,50 to 64,78,40,36,4,38,12,1,4,19,2
S01008528,65 to 74,32,15,15,0,17,9,1,0,3,4
S01008528,75 to 84,21,11,11,0,10,1,0,0,0,9
S01008528,85 and over,9,2,2,0,7,1,1,0,1,4
S01008529,All HRPs,349,161,132,29,188,61,1,17,30,79
S01008529,24 and under,16,3,0,3,13,13,0,0,0,0
S01008529,25 to 34,32,21,13,8,11,10,0,0,1,0
S01008529,35 to 49,77,38,29,9,39,18,0,10,10,1
S01008529,50 to 64,109,69,60,9,40,14,1,4,10,11
S01008529,65 to 74,37,19,19,0,18,4,0,1,5,8
S01008529,75 to 84,48,8,8,0,40,1,0,2,3,34
S01008529,85 and over,30,3,3,0,27,1,0,0,1,25
S01008530,All HRPs,369,118,84,34,251,119,6,18,61,47
S01008530,24 and under,9,0,0,0,9,9,0,0,0,0
S01008530,25 to 34,86,35,14,21,51,47,0,1,3,0
S01008530,35 to 49,110,34,23,11,76,39,2,11,23,1
S01008530,50 to 64,79,31,29,2,48,17,2,6,22,1
S01008530,65 to 74,37,10,10,0,27,5,1,0,11,10
S01008530,75 to 84,37,7,7,0,30,2,0,0,2,26
S01008530,85 and over,11,1,1,0,10,0,1,0,0,9
S01008531,All HRPs,394,135,99,36,259,113,2,20,71,53
S01008531,24 and under,23,2,0,2,21,21,0,0,0,0
S01008531,25 to 34,61,24,10,14,37,30,2,0,5,0
S01008531,35 to 49,105,36,23,13,69,38,0,11,19,1
S01008531,50 to 64,97,34,29,5,63,20,0,4,31,8
S01008531,65 to 74,48,23,21,2,25,0,0,3,9,13
S01008531,75 to 84,48,13,13,0,35,4,0,2,6,23
S01008531,85 and over,12,3,3,0,9,0,0,0,1,8
S01008532,All HRPs,213,81,70,11,132,47,4,14,32,35
S01008532,24 and under,7,2,1,1,5,5,0,0,0,0
S01008532,25 to 34,18,10,9,1,8,7,0,1,0,0
S01008532,35 to 49,48,18,15,3,30,14,2,6,7,1
S01008532,50 to 64,67,30,25,5,37,13,1,7,13,3
S01008532,65 to 74,34,10,9,1,24,7,0,0,8,9
S01008532,75 to 84,22,8,8,0,14,1,0,0,3,10
S01008532,85 and over,17,3,3,0,14,0,1,0,1,12
S01008533,All HRPs,179,151,142,9,28,13,2,3,3,7
S01008533,24 and under,18,17,16,1,1,1,0,0,0,0
S01008533,25 to 34,77,69,66,3,8,6,0,2,0,0
S01008533,35 to 49,51,44,39,5,7,3,1,1,2,0
S01008533,50 to 64,16,14,14,0,2,1,0,0,1,0
S01008533,65 to 74,9,4,4,0,5,1,1,0,0,3
S01008533,75 to 84,4,2,2,0,2,1,0,0,0,1
S01008533,85 and over,4,1,1,0,3,0,0,0,0,3
S01008534,All HRPs,274,205,181,24,69,24,4,7,15,19
S01008534,24 and under,13,11,11,0,2,2,0,0,0,0
S01008534,25 to 34,42,34,26,8,8,5,1,1,1,0
S01008534,35 to 49,84,66,58,8,18,9,2,2,4,1
S01008534,50 to 64,92,69,62,7,23,7,0,3,5,8
S01008534,65 to 74,25,17,17,0,8,0,1,1,4,2
S01008534,75 to 84,15,6,5,1,9,1,0,0,1,7
S01008534,85 and over,3,2,2,0,1,0,0,0,0,1
S01008535,All HRPs,284,196,184,12,88,23,2,5,21,37
S01008535,24 and under,1,0,0,0,1,1,0,0,0,0
S01008535,25 to 34,8,8,7,1,0,0,0,0,0,0
S01008535,35 to 49,73,64,60,4,9,0,1,1,5,2
S01008535,50 to 64,116,75,70,5,41,16,1,4,11,9
S01008535,65 to 74,47,29,27,2,18,4,0,0,3,11
S01008535,75 to 84,31,18,18,0,13,1,0,0,2,10
S01008535,85 and over,8,2,2,0,6,1,0,0,0,5
S01008536,All HRPs,263,160,144,16,103,34,2,6,17,44
S01008536,24 and under,5,1,0,1,4,4,0,0,0,0
S01008536,25 to 34,13,7,4,3,6,6,0,0,0,0
S01008536,35 to 49,62,47,41,6,15,9,0,2,2,2
S01008536,50 to 64,69,51,46,5,18,8,0,2,5,3
S01008536,65 to 74,43,26,26,0,17,2,0,2,6,7
S01008536,75 to 84,53,24,23,1,29,5,1,0,4,19
S01008536,85 and over,18,4,4,0,14,0,1,0,0,13
S01008537,All HRPs,280,206,194,12,74,14,1,3,14,42
S01008537,24 and under,0,0,0,0,0,0,0,0,0,0
S01008537,25 to 34,11,10,8,2,1,1,0,0,0,0
S01008537,35 to 49,56,48,45,3,8,1,0,2,3,2
S01008537,50 to 64,114,87,82,5,27,9,0,1,8,9
S01008537,65 to 74,55,39,37,2,16,1,1,0,3,11
S01008537,75 to 84,35,18,18,0,17,2,0,0,0,15
S01008537,85 and over,9,4,4,0,5,0,0,0,0,5
S01008538,All HRPs,242,163,157,6,79,22,2,3,7,45
S01008538,24 and under,0,0,0,0,0,0,0,0,0,0
S01008538,25 to 34,11,11,8,3,0,0,0,0,0,0
S01008538,35 to 49,39,34,33,1,5,3,0,1,0,1
S01008538,50 to 64,78,63,61,2,15,6,1,1,4,3
S01008538,65 to 74,43,29,29,0,14,5,0,0,2,7
S01008538,75 to 84,51,18,18,0,33,7,0,1,1,24
S01008538,85 and over,20,8,8,0,12,1,1,0,0,10
S01008539,All HRPs,346,233,212,21,113,35,3,7,26,42
S01008539,24 and under,1,1,0,1,0,0,0,0,0,0
S01008539,25 to 34,13,7,4,3,6,5,0,1,0,0
S01008539,35 to 49,86,71,64,7,15,7,0,3,5,0
S01008539,50 to 64,134,106,98,8,28,9,1,3,12,3
S01008539,65 to 74,52,24,24,0,28,9,0,0,7,12
S01008539,75 to 84,47,19,17,2,28,4,1,0,2,21
S01008539,85 and over,13,5,5,0,8,1,1,0,0,6
S01008540,All HRPs,373,263,238,25,110,31,4,3,20,52
S01008540,24 and under,0,0,0,0,0,0,0,0,0,0
S01008540,25 to 34,12,12,9,3,0,0,0,0,0,0
S01008540,35 to 49,87,76,64,12,11,6,1,1,3,0
S01008540,50 to 64,127,94,84,10,33,16,0,1,10,6
S01008540,65 to 74,52,35,35,0,17,3,0,1,6,7
S01008540,75 to 84,57,34,34,0,23,3,0,0,1,19
S01008540,85 and over,38,12,12,0,26,3,3,0,0,20
S01008541,All HRPs,323,235,222,13,88,17,7,5,29,30
S01008541,24 and under,2,1,0,1,1,1,0,0,0,0
S01008541,25 to 34,22,16,13,3,6,4,1,1,0,0
S01008541,35 to 49,98,83,76,7,15,2,1,2,9,1
S01008541,50 to 64,110,85,84,1,25,3,2,2,15,3
S01008541,65 to 74,46,26,25,1,20,2,2,0,5,11
S01008541,75 to 84,36,19,19,0,17,5,1,0,0,11
S01008541,85 and over,9,5,5,0,4,0,0,0,0,4
S01008542,All HRPs,337,253,242,11,84,21,2,8,26,27
S01008542,24 and under,1,0,0,0,1,1,0,0,0,0
S01008542,25 to 34,11,7,6,1,4,3,0,0,1,0
S01008542,35 to 49,115,98,93,5,17,5,0,3,8,1
S01008542,50 to 64,127,102,97,5,25,5,1,4,11,4
S01008542,65 to 74,45,28,28,0,17,5,0,1,3,8
S01008542,75 to 84,26,13,13,0,13,2,1,0,3,7
S01008542,85 and over,12,5,5,0,7,0,0,0,0,7
S01008543,All HRPs,259,204,186,18,55,16,1,6,15,17
S01008543,24 and under,2,0,0,0,2,2,0,0,0,0
S01008543,25 to 34,15,14,9,5,1,1,0,0,0,0
S01008543,35 to 49,96,83,75,8,13,4,0,2,6,1
S01008543,50 to 64,102,83,79,4,19,5,1,4,4,5
S01008543,65 to 74,29,21,20,1,8,2,0,0,5,1
S01008543,75 to 84,12,3,3,0,9,2,0,0,0,7
S01008543,85 and over,3,0,0,0,3,0,0,0,0,3
S01008544,All HRPs,216,164,155,9,52,27,4,10,7,4
S01008544,24 and under,3,1,0,1,2,2,0,0,0,0
S01008544,25 to 34,15,9,7,2,6,6,0,0,0,0
S01008544,35 to 49,91,75,71,4,16,8,1,5,2,0
S01008544,50 to 64,93,69,67,2,24,9,3,5,5,2
S01008544,65 to 74,8,5,5,0,3,1,0,0,0,2
S01008544,75 to 84,6,5,5,0,1,1,0,0,0,0
S01008544,85 and over,0,0,0,0,0,0,0,0,0,0
S01008545,All HRPs,334,251,240,11,83,23,2,8,10,40
S01008545,24 and under,3,2,1,1,1,1,0,0,0,0
S01008545,25 to 34,9,7,7,0,2,2,0,0,0,0
S01008545,35 to 49,118,96,90,6,22,9,1,5,6,1
S01008545,50 to 64,107,88,86,2,19,8,1,3,3,4
S01008545,65 to 74,52,38,36,2,14,1,0,0,0,13
S01008545,75 to 84,33,18,18,0,15,1,0,0,1,13
S01008545,85 and over,12,2,2,0,10,1,0,0,0,9
S01008546,All HRPs,337,266,254,12,71,6,2,5,14,44
S01008546,24 and under,1,1,0,1,0,0,0,0,0,0
S01008546,25 to 34,8,8,8,0,0,0,0,0,0,0
S01008546,35 to 49,69,63,59,4,6,0,1,2,2,1
S01008546,50 to 64,142,124,117,7,18,5,0,1,7,5
S01008546,65 to 74,59,45,45,0,14,0,0,2,2,10
S01008546,75 to 84,45,22,22,0,23,1,0,0,3,19
S01008546,85 and over,13,3,3,0,10,0,1,0,0,9
S01008547,All HRPs,424,272,224,48,152,74,2,17,38,21
S01008547,24 and under,9,4,1,3,5,4,0,1,0,0
S01008547,25 to 34,75,53,31,22,22,18,1,1,2,0
S01008547,35 to 49,141,91,74,17,50,29,0,4,15,2
S01008547,50 to 64,143,89,84,5,54,18,0,9,20,7
S01008547,65 to 74,34,23,22,1,11,5,0,2,1,3
S01008547,75 to 84,16,9,9,0,7,0,1,0,0,6
S01008547,85 and over,6,3,3,0,3,0,0,0,0,3
S01008548,All HRPs,347,213,154,59,134,67,1,18,29,19
S01008548,24 and under,20,8,1,7,12,12,0,0,0,0
S01008548,25 to 34,73,52,28,24,21,19,1,0,1,0
S01008548,35 to 49,132,80,62,18,52,22,0,14,12,4
S01008548,50 to 64,94,61,52,9,33,12,0,3,14,4
S01008548,65 to 74,17,11,10,1,6,1,0,1,1,3
S01008548,75 to 84,10,1,1,0,9,1,0,0,1,7
S01008548,85 and over,1,0,0,0,1,0,0,0,0,1
S01008549,All HRPs,439,246,205,41,193,77,1,16,53,46
S01008549,24 and under,8,5,2,3,3,2,0,1,0,0
S01008549,25 to 34,52,25,11,14,27,25,0,0,2,0
S01008549,35 to 49,139,83,65,18,56,30,0,8,17,1
S01008549,50 to 64,125,81,76,5,44,9,0,6,24,5
S01008549,65 to 74,66,32,31,1,34,11,1,1,6,15
S01008549,75 to 84,38,20,20,0,18,0,0,0,2,16
S01008549,85 and over,11,0,0,0,11,0,0,0,2,9
S01008550,All HRPs,346,211,185,26,135,71,3,9,33,19
S01008550,24 and under,7,1,1,0,6,6,0,0,0,0
S01008550,25 to 34,49,23,9,14,26,22,2,2,0,0
S01008550,35 to 49,102,64,57,7,38,24,1,4,7,2
S01008550,50 to 64,121,82,77,5,39,14,0,3,15,7
S01008550,65 to 74,46,27,27,0,19,4,0,0,10,5
S01008550,75 to 84,18,14,14,0,4,1,0,0,1,2
S01008550,85 and over,3,0,0,0,3,0,0,0,0,3
S01008551,All HRPs,496,250,207,43,246,97,5,18,62,64
S01008551,24 and under,5,1,0,1,4,4,0,0,0,0
S01008551,25 to 34,43,32,20,12,11,9,0,1,1,0
S01008551,35 to 49,120,68,49,19,52,27,1,9,14,1
S01008551,50 to 64,176,95,87,8,81,37,2,6,30,6
S01008551,65 to 74,73,34,31,3,39,9,0,2,10,18
S01008551,75 to 84,53,12,12,0,41,10,1,0,7,23
S01008551,85 and over,26,8,8,0,18,1,1,0,0,16
S01008552,All HRPs,383,235,200,35,148,56,4,12,36,40
S01008552,24 and under,5,1,0,1,4,4,0,0,0,0
S01008552,25 to 34,42,29,18,11,13,12,0,1,0,0
S01008552,35 to 49,85,56,44,12,29,13,1,3,12,0
S01008552,50 to 64,133,83,77,6,50,18,1,6,17,8
S01008552,65 to 74,67,40,37,3,27,6,0,2,6,13
S01008552,75 to 84,37,21,20,1,16,3,0,0,1,12
S01008552,85 and over,14,5,4,1,9,0,2,0,0,7
S01008553,All HRPs,244,133,110,23,111,31,1,13,30,36
S01008553,24 and under,0,0,0,0,0,0,0,0,0,0
S01008553,25 to 34,21,12,10,2,9,7,0,0,2,0
S01008553,35 to 49,57,28,18,10,29,18,0,5,6,0
S01008553,50 to 64,89,55,45,10,34,3,0,8,14,9
S01008553,65 to 74,42,26,25,1,16,1,1,0,6,8
S01008553,75 to 84,28,10,10,0,18,2,0,0,1,15
S01008553,85 and over,7,2,2,0,5,0,0,0,1,4
S01008554,All HRPs,368,174,140,34,194,76,2,36,48,32
S01008554,24 and under,6,3,1,2,3,3,0,0,0,0
S01008554,25 to 34,55,28,16,12,27,26,1,0,0,0
S01008554,35 to 49,135,57,46,11,78,33,1,22,21,1
S01008554,50 to 64,111,59,51,8,52,10,0,12,22,8
S01008554,65 to 74,40,22,21,1,18,1,0,1,5,11
S01008554,75 to 84,17,5,5,0,12,3,0,1,0,8
S01008554,85 and over,4,0,0,0,4,0,0,0,0,4
S01008555,All HRPs,528,145,95,50,383,178,8,37,102,58
S01008555,24 and under,30,5,0,5,25,25,0,0,0,0
S01008555,25 to 34,115,48,19,29,67,55,2,2,8,0
S01008555,35 to 49,165,38,25,13,127,74,4,21,25,3
S01008555,50 to 64,127,32,30,2,95,19,1,14,51,10
S01008555,65 to 74,55,14,14,0,41,3,0,0,15,23
S01008555,75 to 84,23,6,5,1,17,2,0,0,3,12
S01008555,85 and over,13,2,2,0,11,0,1,0,0,10
S01008556,All HRPs,346,128,88,40,218,98,1,23,50,46
S01008556,24 and under,23,4,0,4,19,19,0,0,0,0
S01008556,25 to 34,55,27,9,18,28,23,0,4,1,0
S01008556,35 to 49,101,38,21,17,63,39,0,7,17,0
S01008556,50 to 64,78,32,31,1,46,15,1,10,16,4
S01008556,65 to 74,35,14,14,0,21,0,0,2,6,13
S01008556,75 to 84,41,12,12,0,29,0,0,0,8,21
S01008556,85 and over,13,1,1,0,12,2,0,0,2,8
S01008557,All HRPs,429,141,113,28,288,124,2,30,48,84
S01008557,24 and under,22,1,0,1,21,20,0,0,1,0
S01008557,25 to 34,86,32,20,12,54,41,0,11,2,0
S01008557,35 to 49,97,44,34,10,53,36,1,6,10,0
S01008557,50 to 64,101,28,24,4,73,16,0,12,27,18
S01008557,65 to 74,43,13,12,1,30,7,1,1,6,15
S01008557,75 to 84,57,19,19,0,38,4,0,0,2,32
S01008557,85 and over,23,4,4,0,19,0,0,0,0,19
S01008558,All HRPs,433,148,111,37,285,128,6,27,60,64
S01008558,24 and under,23,5,1,4,18,16,0,0,2,0
S01008558,25 to 34,74,28,13,15,46,41,2,3,0,0
S01008558,35 to 49,104,45,34,11,59,39,0,10,9,1
S01008558,50 to 64,101,37,33,4,64,19,2,7,36,0
S01008558,65 to 74,51,17,17,0,34,7,0,4,8,15
S01008558,75 to 84,62,15,12,3,47,4,1,3,5,34
S01008558,85 and over,18,1,1,0,17,2,1,0,0,14
S01008559,All HRPs,295,152,117,35,143,59,1,14,29,40
S01008559,24 and under,7,1,0,1,6,6,0,0,0,0
S01008559,25 to 34,33,15,8,7,18,15,0,1,2,0
S01008559,35 to 49,83,43,26,17,40,23,1,4,10,2
S01008559,50 to 64,92,55,46,9,37,14,0,7,14,2
S01008559,65 to 74,36,25,24,1,11,1,0,2,2,6
S01008559,75 to 84,35,12,12,0,23,0,0,0,1,22
S01008559,85 and over,9,1,1,0,8,0,0,0,0,8
S01008560,All HRPs,295,135,107,28,160,61,2,14,30,53
S01008560,24 and under,10,6,0,6,4,4,0,0,0,0
S01008560,25 to 34,38,24,15,9,14,12,1,0,1,0
S01008560,35 to 49,97,46,39,7,51,32,0,8,11,0
S01008560,50 to 64,60,33,28,5,27,10,1,3,10,3
S01008560,65 to 74,43,19,19,0,24,3,0,3,6,12
S01008560,75 to 84,31,5,4,1,26,0,0,0,2,24
S01008560,85 and over,16,2,2,0,14,0,0,0,0,14
S01008561,All HRPs,277,146,113,33,131,50,3,6,28,44
S01008561,24 and under,6,2,1,1,4,3,1,0,0,0
S01008561,25 to 34,34,18,12,6,16,13,1,1,1,0
S01008561,35 to 49,90,54,39,15,36,20,0,4,11,1
S01008561,50 to 64,77,48,40,8,29,10,1,1,10,7
S01008561,65 to 74,24,12,11,1,12,3,0,0,4,5
S01008561,75 to 84,31,8,6,2,23,1,0,0,2,20
S01008561,85 and over,15,4,4,0,11,0,0,0,0,11
S01008562,All HRPs,344,92,60,32,252,100,0,22,75,55
S01008562,24 and under,11,2,0,2,9,9,0,0,0,0
S01008562,25 to 34,51,24,10,14,27,20,0,1,6,0
S01008562,35 to 49,96,34,23,11,62,39,0,7,14,2
S01008562,50 to 64,83,16,12,4,67,18,0,10,33,6
S01008562,65 to 74,48,11,11,0,37,6,0,4,13,14
S01008562,75 to 84,39,4,3,1,35,6,0,0,9,20
S01008562,85 and over,16,1,1,0,15,2,0,0,0,13
S01008563,All HRPs,369,159,123,36,210,102,0,36,35,37
S01008563,24 and under,21,1,0,1,20,20,0,0,0,0
S01008563,25 to 34,63,25,15,10,38,28,0,10,0,0
S01008563,35 to 49,104,51,37,14,53,35,0,13,4,1
S01008563,50 to 64,106,54,45,9,52,9,0,8,25,10
S01008563,65 to 74,42,20,18,2,22,3,0,5,3,11
S01008563,75 to 84,24,6,6,0,18,6,0,0,2,10
S01008563,85 and over,9,2,2,0,7,1,0,0,1,5
S01008564,All HRPs,315,128,95,33,187,76,2,14,40,55
S01008564,24 and under,12,6,0,6,6,6,0,0,0,0
S01008564,25 to 34,47,19,7,12,28,26,1,0,1,0
S01008564,35 to 49,71,31,23,8,40,28,1,4,7,0
S01008564,50 to 64,71,35,28,7,36,9,0,7,15,5
S01008564,65 to 74,63,24,24,0,39,3,0,2,11,23
S01008564,75 to 84,34,11,11,0,23,4,0,0,5,14
S01008564,85 and over,17,2,2,0,15,0,0,1,1,13
S01008565,All HRPs,414,169,129,40,245,98,4,22,56,65
S01008565,24 and under,17,1,0,1,16,15,0,0,0,1
S01008565,25 to 34,53,29,14,15,24,23,0,0,1,0
S01008565,35 to 49,122,61,44,17,61,39,0,10,10,2
S01008565,50 to 64,115,42,35,7,73,19,1,12,33,8
S01008565,65 to 74,51,25,25,0,26,1,1,0,11,13
S01008565,75 to 84,41,9,9,0,32,1,2,0,1,28
S01008565,85 and over,15,2,2,0,13,0,0,0,0,13
S01008566,All HRPs,433,211,164,47,222,96,7,15,57,47
S01008566,24 and under,14,7,1,6,7,7,0,0,0,0
S01008566,25 to 34,58,26,14,12,32,28,0,3,1,0
S01008566,35 to 49,134,64,47,17,70,39,1,7,21,2
S01008566,50 to 64,123,73,61,12,50,16,3,4,17,10
S01008566,65 to 74,70,28,28,0,42,5,1,1,16,19
S01008566,75 to 84,21,11,11,0,10,1,1,0,0,8
S01008566,85 and over,13,2,2,0,11,0,1,0,2,8
S01008567,All HRPs,289,154,120,34,135,46,4,17,37,31
S01008567,24 and under,9,2,1,1,7,7,0,0,0,0
S01008567,25 to 34,44,30,20,10,14,12,1,1,0,0
S01008567,35 to 49,95,56,40,16,39,17,1,8,12,1
S01008567,50 to 64,79,38,32,6,41,7,2,6,19,7
S01008567,65 to 74,39,19,18,1,20,3,0,2,5,10
S01008567,75 to 84,20,9,9,0,11,0,0,0,1,10
S01008567,85 and over,3,0,0,0,3,0,0,0,0,3
S01008568,All HRPs,350,186,147,39,164,77,6,18,36,27
S01008568,24 and under,19,7,0,7,12,10,0,2,0,0
S01008568,25 to 34,69,42,26,16,27,23,1,1,2,0
S01008568,35 to 49,108,60,47,13,48,25,2,8,13,0
S01008568,50 to 64,92,54,51,3,38,10,0,5,15,8
S01008568,65 to 74,32,12,12,0,20,7,1,2,6,4
S01008568,75 to 84,25,10,10,0,15,2,1,0,0,12
S01008568,85 and over,5,1,1,0,4,0,1,0,0,3
S01008569,All HRPs,400,66,36,30,334,198,14,26,70,26
S01008569,24 and under,63,2,0,2,61,58,0,3,0,0
S01008569,25 to 34,91,19,7,12,72,55,7,4,6,0
S01008569,35 to 49,136,23,12,11,113,65,6,14,27,1
S01008569,50 to 64,76,15,11,4,61,16,1,3,32,9
S01008569,65 to 74,12,3,2,1,9,2,0,2,2,3
S01008569,75 to 84,14,3,3,0,11,1,0,0,3,7
S01008569,85 and over,8,1,1,0,7,1,0,0,0,6
S01008570,All HRPs,426,135,93,42,291,139,6,27,72,47
S01008570,24 and under,39,8,0,8,31,31,0,0,0,0
S01008570,25 to 34,75,32,20,12,43,32,0,7,4,0
S01008570,35 to 49,135,41,28,13,94,55,2,9,26,2
S01008570,50 to 64,105,36,29,7,69,15,3,10,33,8
S01008570,65 to 74,25,9,8,1,16,4,1,0,3,8
S01008570,75 to 84,39,9,8,1,30,2,0,1,5,22
S01008570,85 and over,8,0,0,0,8,0,0,0,1,7
S01008571,All HRPs,323,146,124,22,177,69,3,19,21,65
S01008571,24 and under,14,3,0,3,11,10,0,1,0,0
S01008571,25 to 34,32,11,8,3,21,18,0,2,1,0
S01008571,35 to 49,70,35,28,7,35,20,0,7,7,1
S01008571,50 to 64,88,55,48,7,33,13,1,7,9,3
S01008571,65 to 74,61,24,23,1,37,5,2,2,4,24
S01008571,75 to 84,49,18,17,1,31,3,0,0,0,28
S01008571,85 and over,9,0,0,0,9,0,0,0,0,9
S01008572,All HRPs,346,190,157,33,156,64,7,13,26,46
S01008572,24 and under,4,3,0,3,1,1,0,0,0,0
S01008572,25 to 34,53,29,16,13,24,21,2,0,0,1
S01008572,35 to 49,92,53,44,9,39,20,1,10,8,0
S01008572,50 to 64,101,56,49,7,45,17,4,3,12,9
S01008572,65 to 74,49,27,26,1,22,4,0,0,5,13
S01008572,75 to 84,42,21,21,0,21,1,0,0,1,19
S01008572,85 and over,5,1,1,0,4,0,0,0,0,4
S01008573,All HRPs,321,215,190,25,106,47,3,15,23,18
S01008573,24 and under,6,1,1,0,5,5,0,0,0,0
S01008573,25 to 34,33,22,17,5,11,7,1,1,2,0
S01008573,35 to 49,139,98,84,14,41,23,1,7,8,2
S01008573,50 to 64,94,68,63,5,26,10,1,6,9,0
S01008573,65 to 74,22,11,11,0,11,2,0,1,2,6
S01008573,75 to 84,21,12,12,0,9,0,0,0,1,8
S01008573,85 and over,6,3,2,1,3,0,0,0,1,2
S01008574,All HRPs,293,194,157,37,99,35,9,15,24,16
S01008574,24 and under,7,1,0,1,6,6,0,0,0,0
S01008574,25 to 34,31,23,11,12,8,7,1,0,0,0
S01008574,35 to 49,111,74,59,15,37,15,5,11,5,1
S01008574,50 to 64,117,81,73,8,36,7,3,3,18,5
S01008574,65 to 74,9,6,5,1,3,0,0,0,1,2
S01008574,75 to 84,17,9,9,0,8,0,0,1,0,7
S01008574,85 and over,1,0,0,0,1,0,0,0,0,1
S01008575,All HRPs,335,215,182,33,120,40,3,19,20,38
S01008575,24 and under,6,2,0,2,4,4,0,0,0,0
S01008575,25 to 34,22,17,9,8,5,5,0,0,0,0
S01008575,35 to 49,115,87,73,14,28,15,0,8,5,0
S01008575,50 to 64,118,77,69,8,41,12,3,8,12,6
S01008575,65 to 74,33,18,18,0,15,2,0,3,1,9
S01008575,75 to 84,31,10,9,1,21,1,0,0,2,18
S01008575,85 and over,10,4,4,0,6,1,0,0,0,5
S01008576,All HRPs,386,224,186,38,162,51,7,19,32,53
S01008576,24 and under,8,3,1,2,5,5,0,0,0,0
S01008576,25 to 34,44,23,9,14,21,16,4,0,1,0
S01008576,35 to 49,96,58,44,14,38,18,1,10,9,0
S01008576,50 to 64,122,85,78,7,37,9,0,9,15,4
S01008576,65 to 74,53,31,30,1,22,2,1,0,7,12
S01008576,75 to 84,53,23,23,0,30,1,1,0,0,28
S01008576,85 and over,10,1,1,0,9,0,0,0,0,9
S01008577,All HRPs,363,213,196,17,150,41,3,14,23,69
S01008577,24 and under,1,0,0,0,1,1,0,0,0,0
S01008577,25 to 34,18,12,8,4,6,5,0,1,0,0
S01008577,35 to 49,81,55,53,2,26,13,1,5,3,4
S01008577,50 to 64,130,95,87,8,35,8,0,6,15,6
S01008577,65 to 74,46,23,22,1,23,7,1,1,5,9
S01008577,75 to 84,59,21,20,1,38,5,1,1,0,31
S01008577,85 and over,28,7,6,1,21,2,0,0,0,19
S01008578,All HRPs,291,218,201,17,73,23,4,6,9,31
S01008578,24 and under,2,0,0,0,2,2,0,0,0,0
S01008578,25 to 34,6,5,2,3,1,1,0,0,0,0
S01008578,35 to 49,80,69,60,9,11,4,2,3,2,0
S01008578,50 to 64,108,94,90,4,14,6,0,3,4,1
S01008578,65 to 74,41,29,28,1,12,3,0,0,3,6
S01008578,75 to 84,35,15,15,0,20,5,1,0,0,14
S01008578,85 and over,19,6,6,0,13,2,1,0,0,10
S01008579,All HRPs,301,192,170,22,109,39,1,4,19,46
S01008579,24 and under,1,0,0,0,1,1,0,0,0,0
S01008579,25 to 34,22,13,8,5,9,7,0,1,1,0
S01008579,35 to 49,50,34,28,6,16,11,1,1,3,0
S01008579,50 to 64,109,79,69,10,30,12,0,1,11,6
S01008579,65 to 74,49,36,35,1,13,2,0,1,4,6
S01008579,75 to 84,50,25,25,0,25,5,0,0,0,20
S01008579,85 and over,20,5,5,0,15,1,0,0,0,14
S01008580,All HRPs,261,140,118,22,121,50,3,9,23,36
S01008580,24 and under,17,1,0,1,16,16,0,0,0,0
S01008580,25 to 34,37,27,15,12,10,9,1,0,0,0
S01008580,35 to 49,62,33,31,2,29,16,0,5,7,1
S01008580,50 to 64,73,52,46,6,21,6,1,4,9,1
S01008580,65 to 74,31,15,14,1,16,2,0,0,5,9
S01008580,75 to 84,30,11,11,0,19,1,1,0,2,15
S01008580,85 and over,11,1,1,0,10,0,0,0,0,10
S01008581,All HRPs,464,174,135,39,290,112,10,18,65,85
S01008581,24 and under,17,2,0,2,15,15,0,0,0,0
S01008581,25 to 34,72,35,21,14,37,31,3,1,1,1
S01008581,35 to 49,105,42,32,10,63,34,5,7,16,1
S01008581,50 to 64,124,55,46,9,69,20,1,8,30,10
S01008581,65 to 74,58,24,20,4,34,6,0,0,11,17
S01008581,75 to 84,54,11,11,0,43,4,1,2,6,30
S01008581,85 and over,34,5,5,0,29,2,0,0,1,26
S01008582,All HRPs,486,188,146,42,298,140,5,21,54,78
S01008582,24 and under,20,1,0,1,19,19,0,0,0,0
S01008582,25 to 34,82,30,12,18,52,47,0,1,4,0
S01008582,35 to 49,131,65,50,15,66,36,1,11,16,2
S01008582,50 to 64,128,61,53,8,67,27,1,7,21,11
S01008582,65 to 74,47,14,14,0,33,6,2,1,10,14
S01008582,75 to 84,47,13,13,0,34,5,1,0,2,26
S01008582,85 and over,31,4,4,0,27,0,0,1,1,25
S01008583,All HRPs,352,133,106,27,219,96,4,11,39,69
S01008583,24 and under,24,1,0,1,23,23,0,0,0,0
S01008583,25 to 34,60,34,19,15,26,24,2,0,0,0
S01008583,35 to 49,82,47,37,10,35,21,1,4,9,0
S01008583,50 to 64,76,28,27,1,48,14,1,6,17,10
S01008583,65 to 74,43,13,13,0,30,8,0,0,7,15
S01008583,75 to 84,38,5,5,0,33,4,0,1,4,24
S01008583,85 and over,29,5,5,0,24,2,0,0,2,20
S01008584,All HRPs,394,170,128,42,224,101,9,17,44,53
S01008584,24 and under,20,2,0,2,18,18,0,0,0,0
S01008584,25 to 34,47,22,12,10,25,23,0,0,2,0
S01008584,35 to 49,128,63,45,18,65,34,8,12,10,1
S01008584,50 to 64,96,48,38,10,48,19,1,1,23,4
S01008584,65 to 74,41,16,15,1,25,4,0,4,6,11
S01008584,75 to 84,38,9,9,0,29,3,0,0,3,23
S01008584,85 and over,24,10,9,1,14,0,0,0,0,14
S01008585,All HRPs,249,104,82,22,145,75,4,8,26,32
S01008585,24 and under,12,2,0,2,10,10,0,0,0,0
S01008585,25 to 34,38,15,7,8,23,21,1,1,0,0
S01008585,35 to 49,71,38,32,6,33,22,2,4,4,1
S01008585,50 to 64,68,30,24,6,38,11,0,2,15,10
S01008585,65 to 74,30,13,13,0,17,6,0,0,5,6
S01008585,75 to 84,20,5,5,0,15,4,0,0,2,9
S01008585,85 and over,10,1,1,0,9,1,1,1,0,6
S01008586,All HRPs,360,148,124,24,212,91,1,12,42,66
S01008586,24 and under,12,2,0,2,10,10,0,0,0,0
S01008586,25 to 34,33,17,11,6,16,14,0,0,2,0
S01008586,35 to 49,97,50,39,11,47,34,1,3,8,1
S01008586,50 to 64,106,50,47,3,56,26,0,9,13,8
S01008586,65 to 74,42,15,13,2,27,5,0,0,11,11
S01008586,75 to 84,41,10,10,0,31,2,0,0,7,22
S01008586,85 and over,29,4,4,0,25,0,0,0,1,24
S01008587,All HRPs,316,205,185,20,111,45,1,5,20,40
S01008587,24 and under,8,0,0,0,8,8,0,0,0,0
S01008587,25 to 34,40,21,13,8,19,17,0,2,0,0
S01008587,35 to 49,66,46,43,3,20,14,1,2,2,1
S01008587,50 to 64,107,82,73,9,25,4,0,1,15,5
S01008587,65 to 74,39,31,31,0,8,2,0,0,1,5
S01008587,75 to 84,43,19,19,0,24,0,0,0,2,22
S01008587,85 and over,13,6,6,0,7,0,0,0,0,7
S01008588,All HRPs,344,172,145,27,172,82,3,6,26,55
S01008588,24 and under,18,2,0,2,16,16,0,0,0,0
S01008588,25 to 34,28,11,6,5,17,16,0,1,0,0
S01008588,35 to 49,104,72,57,15,32,17,2,3,10,0
S01008588,50 to 64,88,52,47,5,36,19,1,1,11,4
S01008588,65 to 74,37,16,16,0,21,6,0,1,2,12
S01008588,75 to 84,38,16,16,0,22,7,0,0,1,14
S01008588,85 and over,31,3,3,0,28,1,0,0,2,25
S01008589,All HRPs,172,99,89,10,73,18,1,4,24,26
S01008589,24 and under,1,0,0,0,1,0,0,0,1,0
S01008589,25 to 34,8,5,4,1,3,2,0,1,0,0
S01008589,35 to 49,39,29,24,5,10,4,0,2,4,0
S01008589,50 to 64,54,39,36,3,15,2,0,0,8,5
S01008589,65 to 74,27,11,10,1,16,3,0,1,8,4
S01008589,75 to 84,26,9,9,0,17,5,0,0,2,10
S01008589,85 and over,17,6,6,0,11,2,1,0,1,7
S01008590,All HRPs,413,162,124,38,251,118,4,12,37,80
S01008590,24 and under,24,6,0,6,18,18,0,0,0,0
S01008590,25 to 34,69,38,21,17,31,28,2,0,1,0
S01008590,35 to 49,80,44,36,8,36,24,0,4,6,2
S01008590,50 to 64,73,29,24,5,44,20,0,7,15,2
S01008590,65 to 74,52,21,20,1,31,12,1,1,8,9
S01008590,75 to 84,57,16,15,1,41,10,1,0,4,26
S01008590,85 and over,58,8,8,0,50,6,0,0,3,41
S01008591,All HRPs,327,180,146,34,147,82,10,5,25,25
S01008591,24 and under,21,1,1,0,20,20,0,0,0,0
S01008591,25 to 34,67,34,18,16,33,30,3,0,0,0
S01008591,35 to 49,92,63,50,13,29,15,3,2,9,0
S01008591,50 to 64,80,48,45,3,32,9,4,2,12,5
S01008591,65 to 74,31,19,17,2,12,5,0,0,3,4
S01008591,75 to 84,24,11,11,0,13,2,0,0,1,10
S01008591,85 and over,12,4,4,0,8,1,0,1,0,6
S01008592,All HRPs,356,132,99,33,224,110,7,13,28,66
S01008592,24 and under,18,4,0,4,14,14,0,0,0,0
S01008592,25 to 34,62,19,10,9,43,38,1,2,2,0
S01008592,35 to 49,110,58,43,15,52,30,4,5,11,2
S01008592,50 to 64,67,31,26,5,36,18,0,5,10,3
S01008592,65 to 74,31,10,10,0,21,7,0,1,3,10
S01008592,75 to 84,34,6,6,0,28,3,2,0,2,21
S01008592,85 and over,34,4,4,0,30,0,0,0,0,30
S01008593,All HRPs,309,215,201,14,94,26,8,10,13,37
S01008593,24 and under,5,1,0,1,4,4,0,0,0,0
S01008593,25 to 34,17,13,9,4,4,2,1,0,1,0
S01008593,35 to 49,79,62,57,5,17,7,4,4,2,0
S01008593,50 to 64,102,79,75,4,23,9,1,5,3,5
S01008593,65 to 74,49,34,34,0,15,1,2,0,5,7
S01008593,75 to 84,38,19,19,0,19,3,0,1,1,14
S01008593,85 and over,19,7,7,0,12,0,0,0,1,11
S01008594,All HRPs,428,242,207,35,186,83,4,15,28,56
S01008594,24 and under,19,0,0,0,19,19,0,0,0,0
S01008594,25 to 34,56,32,18,14,24,22,1,1,0,0
S01008594,35 to 49,117,78,64,14,39,22,1,4,12,0
S01008594,50 to 64,128,82,76,6,46,12,2,10,15,7
S01008594,65 to 74,58,29,28,1,29,6,0,0,1,22
S01008594,75 to 84,40,18,18,0,22,0,0,0,0,22
S01008594,85 and over,10,3,3,0,7,2,0,0,0,5
S01008595,All HRPs,508,158,123,35,350,172,7,21,82,68
S01008595,24 and under,37,6,1,5,31,31,0,0,0,0
S01008595,25 to 34,76,20,10,10,56,51,1,3,1,0
S01008595,35 to 49,106,39,28,11,67,44,4,5,13,1
S01008595,50 to 64,128,49,42,7,79,28,0,11,35,5
S01008595,65 to 74,63,25,24,1,38,6,0,2,23,7
S01008595,75 to 84,65,16,15,1,49,4,2,0,7,36
S01008595,85 and over,33,3,3,0,30,8,0,0,3,19
S01008596,All HRPs,455,143,98,45,312,171,11,16,62,52
S01008596,24 and under,51,7,0,7,44,44,0,0,0,0
S01008596,25 to 34,88,46,25,21,42,38,0,3,1,0
S01008596,35 to 49,108,33,22,11,75,44,7,4,20,0
S01008596,50 to 64,86,26,22,4,60,26,1,8,22,3
S01008596,65 to 74,59,18,17,1,41,8,2,1,15,15
S01008596,75 to 84,50,13,12,1,37,9,1,0,3,24
S01008596,85 and over,13,0,0,0,13,2,0,0,1,10
S01008597,All HRPs,388,242,208,34,146,57,2,6,21,60
S01008597,24 and under,7,4,0,4,3,3,0,0,0,0
S01008597,25 to 34,25,16,9,7,9,8,0,0,0,1
S01008597,35 to 49,92,73,59,14,19,13,1,1,4,0
S01008597,50 to 64,132,87,78,9,45,18,0,5,14,8
S01008597,65 to 74,57,27,27,0,30,9,0,0,3,18
S01008597,75 to 84,57,30,30,0,27,5,1,0,0,21
S01008597,85 and over,18,5,5,0,13,1,0,0,0,12
S01008598,All HRPs,329,127,89,38,202,139,5,13,28,17
S01008598,24 and under,72,7,0,7,65,65,0,0,0,0
S01008598,25 to 34,78,34,15,19,44,38,4,2,0,0
S01008598,35 to 49,65,31,24,7,34,19,1,5,9,0
S01008598,50 to 64,56,29,25,4,27,12,0,4,10,1
S01008598,65 to 74,27,13,12,1,14,1,0,2,5,6
S01008598,75 to 84,19,9,9,0,10,2,0,0,3,5
S01008598,85 and over,12,4,4,0,8,2,0,0,1,5
S01008599,All HRPs,366,184,151,33,182,118,2,8,23,31
S01008599,24 and under,46,6,0,6,40,40,0,0,0,0
S01008599,25 to 34,80,22,10,12,58,51,0,4,3,0
S01008599,35 to 49,82,59,48,11,23,17,0,2,2,2
S01008599,50 to 64,89,66,62,4,23,6,1,2,11,3
S01008599,65 to 74,32,20,20,0,12,0,1,0,4,7
S01008599,75 to 84,27,8,8,0,19,3,0,0,2,14
S01008599,85 and over,10,3,3,0,7,1,0,0,1,5
S01008600,All HRPs,306,188,158,30,118,60,6,7,15,30
S01008600,24 and under,28,2,0,2,26,26,0,0,0,0
S01008600,25 to 34,43,29,15,14,14,12,0,0,2,0
S01008600,35 to 49,91,71,65,6,20,9,3,2,5,1
S01008600,50 to 64,80,55,47,8,25,8,3,2,3,9
S01008600,65 to 74,32,21,21,0,11,4,0,2,2,3
S01008600,75 to 84,22,8,8,0,14,1,0,1,3,9
S01008600,85 and over,10,2,2,0,8,0,0,0,0,8
S01008601,All HRPs,314,87,60,27,227,178,4,6,22,17
S01008601,24 and under,106,6,0,6,100,100,0,0,0,0
S01008601,25 to 34,58,20,8,12,38,38,0,0,0,0
S01008601,35 to 49,54,26,20,6,28,20,2,1,5,0
S01008601,50 to 64,51,18,15,3,33,13,0,4,10,6
S01008601,65 to 74,23,10,10,0,13,3,2,1,3,4
S01008601,75 to 84,16,4,4,0,12,3,0,0,3,6
S01008601,85 and over,6,3,3,0,3,1,0,0,1,1
S01008602,All HRPs,323,75,43,32,248,189,10,6,29,14
S01008602,24 and under,67,3,1,2,64,64,0,0,0,0
S01008602,25 to 34,98,23,11,12,75,73,0,1,1,0
S01008602,35 to 49,73,27,15,12,46,28,8,2,8,0
S01008602,50 to 64,49,13,9,4,36,18,0,2,13,3
S01008602,65 to 74,18,4,2,2,14,3,0,0,6,5
S01008602,75 to 84,14,4,4,0,10,3,2,1,0,4
S01008602,85 and over,4,1,1,0,3,0,0,0,1,2
S01008603,All HRPs,544,142,65,77,402,331,8,17,34,12
S01008603,24 and under,157,13,2,11,144,144,0,0,0,0
S01008603,25 to 34,177,64,17,47,113,113,0,0,0,0
S01008603,35 to 49,90,33,20,13,57,42,3,7,5,0
S01008603,50 to 64,74,21,15,6,53,19,2,8,22,2
S01008603,65 to 74,23,5,5,0,18,7,2,2,5,2
S01008603,75 to 84,21,5,5,0,16,6,1,0,1,8
S01008603,85 and over,2,1,1,0,1,0,0,0,1,0
S01008604,All HRPs,418,159,107,52,259,197,4,7,27,24
S01008604,24 and under,81,13,0,13,68,68,0,0,0,0
S01008604,25 to 34,104,37,17,20,67,64,1,1,1,0
S01008604,35 to 49,95,45,36,9,50,39,1,2,5,3
S01008604,50 to 64,77,41,33,8,36,16,2,3,14,1
S01008604,65 to 74,33,17,15,2,16,5,0,1,3,7
S01008604,75 to 84,22,5,5,0,17,3,0,0,4,10
S01008604,85 and over,6,1,1,0,5,2,0,0,0,3
S01008605,All HRPs,337,115,70,45,222,163,10,13,20,16
S01008605,24 and under,65,3,0,3,62,62,0,0,0,0
S01008605,25 to 34,89,35,6,29,54,44,8,1,1,0
S01008605,35 to 49,80,36,28,8,44,31,1,7,5,0
S01008605,50 to 64,69,34,30,4,35,16,1,5,9,4
S01008605,65 to 74,17,5,4,1,12,5,0,0,5,2
S01008605,75 to 84,11,1,1,0,10,3,0,0,0,7
S01008605,85 and over,6,1,1,0,5,2,0,0,0,3
S01008606,All HRPs,287,181,158,23,106,59,9,6,16,16
S01008606,24 and under,20,1,0,1,19,19,0,0,0,0
S01008606,25 to 34,30,12,7,5,18,16,2,0,0,0
S01008606,35 to 49,83,70,60,10,13,4,2,3,3,1
S01008606,50 to 64,88,67,62,5,21,6,3,3,8,1
S01008606,65 to 74,40,24,22,2,16,8,1,0,3,4
S01008606,75 to 84,19,4,4,0,15,4,1,0,2,8
S01008606,85 and over,7,3,3,0,4,2,0,0,0,2
S01008607,All HRPs,283,166,156,10,117,33,5,14,18,47
S01008607,24 and under,5,0,0,0,5,5,0,0,0,0
S01008607,25 to 34,7,7,4,3,0,0,0,0,0,0
S01008607,35 to 49,61,41,38,3,20,16,1,1,2,0
S01008607,50 to 64,90,62,59,3,28,5,2,8,7,6
S01008607,65 to 74,52,31,30,1,21,2,0,2,7,10
S01008607,75 to 84,47,22,22,0,25,4,2,2,0,17
S01008607,85 and over,21,3,3,0,18,1,0,1,2,14
S01008608,All HRPs,326,170,146,24,156,70,5,6,27,48
S01008608,24 and under,14,3,0,3,11,11,0,0,0,0
S01008608,25 to 34,19,9,8,1,10,9,0,0,1,0
S01008608,35 to 49,68,46,33,13,22,14,0,1,5,2
S01008608,50 to 64,98,62,57,5,36,14,2,5,13,2
S01008608,65 to 74,57,29,27,2,28,9,1,0,6,12
S01008608,75 to 84,46,17,17,0,29,10,1,0,2,16
S01008608,85 and over,24,4,4,0,20,3,1,0,0,16
S01008609,All HRPs,410,224,189,35,186,62,5,18,38,63
S01008609,24 and under,7,0,0,0,7,7,0,0,0,0
S01008609,25 to 34,30,13,10,3,17,14,0,1,2,0
S01008609,35 to 49,96,70,53,17,26,14,1,3,8,0
S01008609,50 to 64,130,86,71,15,44,10,3,9,17,5
S01008609,65 to 74,47,26,26,0,21,5,1,3,5,7
S01008609,75 to 84,64,22,22,0,42,11,0,2,4,25
S01008609,85 and over,36,7,7,0,29,1,0,0,2,26
S01008610,All HRPs,416,161,144,17,255,111,6,5,34,99
S01008610,24 and under,43,3,2,1,40,40,0,0,0,0
S01008610,25 to 34,27,11,3,8,16,14,2,0,0,0
S01008610,35 to 49,76,51,47,4,25,17,2,2,3,1
S01008610,50 to 64,79,53,49,4,26,6,0,2,15,3
S01008610,65 to 74,42,25,25,0,17,4,0,0,6,7
S01008610,75 to 84,87,13,13,0,74,18,1,1,7,47
S01008610,85 and over,62,5,5,0,57,12,1,0,3,41
S01008611,All HRPs,592,163,100,63,429,348,7,15,28,31
S01008611,24 and under,144,16,0,16,128,128,0,0,0,0
S01008611,25 to 34,180,51,21,30,129,123,4,2,0,0
S01008611,35 to 49,111,43,29,14,68,53,1,6,7,1
S01008611,50 to 64,86,32,31,1,54,29,1,4,13,7
S01008611,65 to 74,36,12,12,0,24,7,0,3,6,8
S01008611,75 to 84,26,7,5,2,19,5,1,0,2,11
S01008611,85 and over,9,2,2,0,7,3,0,0,0,4
S01008612,All HRPs,376,90,45,45,286,235,4,8,21,18
S01008612,24 and under,111,4,0,4,107,107,0,0,0,0
S01008612,25 to 34,113,44,21,23,69,65,0,2,1,1
S01008612,35 to 49,77,26,14,12,51,41,0,3,6,1
S01008612,50 to 64,47,11,7,4,36,15,3,2,13,3
S01008612,65 to 74,16,3,2,1,13,6,1,1,0,5
S01008612,75 to 84,7,2,1,1,5,0,0,0,1,4
S01008612,85 and over,5,0,0,0,5,1,0,0,0,4
S01008613,All HRPs,371,135,101,34,236,162,4,12,20,38
S01008613,24 and under,78,8,1,7,70,70,0,0,0,0
S01008613,25 to 34,70,24,10,14,46,43,0,3,0,0
S01008613,35 to 49,68,41,31,10,27,22,1,1,3,0
S01008613,50 to 64,72,40,37,3,32,12,2,6,10,2
S01008613,65 to 74,24,14,14,0,10,3,1,0,3,3
S01008613,75 to 84,27,4,4,0,23,4,0,1,3,15
S01008613,85 and over,32,4,4,0,28,8,0,1,1,18
S01008614,All HRPs,307,86,46,40,221,179,0,9,20,13
S01008614,24 and under,91,6,1,5,85,85,0,0,0,0
S01008614,25 to 34,91,40,12,28,51,50,0,0,1,0
S01008614,35 to 49,40,17,13,4,23,20,0,2,1,0
S01008614,50 to 64,43,12,9,3,31,18,0,3,7,3
S01008614,65 to 74,25,9,9,0,16,5,0,3,7,1
S01008614,75 to 84,9,0,0,0,9,1,0,1,3,4
S01008614,85 and over,8,2,2,0,6,0,0,0,1,5
S01008615,All HRPs,331,107,66,41,224,183,7,4,14,16
S01008615,24 and under,107,5,0,5,102,102,0,0,0,0
S01008615,25 to 34,65,25,7,18,40,38,1,0,1,0
S01008615,35 to 49,65,40,26,14,25,18,0,3,2,2
S01008615,50 to 64,63,27,24,3,36,21,4,0,7,4
S01008615,65 to 74,14,5,4,1,9,2,1,1,3,2
S01008615,75 to 84,15,5,5,0,10,1,1,0,1,7
S01008615,85 and over,2,0,0,0,2,1,0,0,0,1
S01008616,All HRPs,259,70,48,22,189,167,3,1,12,6
S01008616,24 and under,117,2,0,2,115,115,0,0,0,0
S01008616,25 to 34,44,13,5,8,31,30,0,0,0,1
S01008616,35 to 49,47,36,28,8,11,10,0,0,1,0
S01008616,50 to 64,36,14,10,4,22,8,2,1,9,2
S01008616,65 to 74,12,3,3,0,9,3,1,0,2,3
S01008616,75 to 84,2,1,1,0,1,1,0,0,0,0
S01008616,85 and over,1,1,1,0,0,0,0,0,0,0
S01008617,All HRPs,281,89,60,29,192,153,5,3,22,9
S01008617,24 and under,111,3,0,3,108,108,0,0,0,0
S01008617,25 to 34,45,18,7,11,27,25,0,1,1,0
S01008617,35 to 49,51,37,27,10,14,9,0,0,5,0
S01008617,50 to 64,43,20,15,5,23,6,4,2,11,0
S01008617,65 to 74,15,7,7,0,8,2,1,0,3,2
S01008617,75 to 84,10,3,3,0,7,3,0,0,2,2
S01008617,85 and over,6,1,1,0,5,0,0,0,0,5
S01008618,All HRPs,267,55,34,21,212,182,3,4,14,9
S01008618,24 and under,114,4,0,4,110,110,0,0,0,0
S01008618,25 to 34,52,16,6,10,36,35,0,0,1,0
S01008618,35 to 49,47,27,23,4,20,16,1,0,3,0
S01008618,50 to 64,34,6,3,3,28,14,1,3,9,1
S01008618,65 to 74,10,1,1,0,9,3,1,1,1,3
S01008618,75 to 84,6,0,0,0,6,3,0,0,0,3
S01008618,85 and over,4,1,1,0,3,1,0,0,0,2
S01008619,All HRPs,203,58,38,20,145,117,1,6,15,6
S01008619,24 and under,56,2,0,2,54,54,0,0,0,0
S01008619,25 to 34,44,19,8,11,25,25,0,0,0,0
S01008619,35 to 49,35,14,9,5,21,14,1,2,4,0
S01008619,50 to 64,46,18,16,2,28,16,0,4,7,1
S01008619,65 to 74,7,0,0,0,7,2,0,0,3,2
S01008619,75 to 84,12,5,5,0,7,5,0,0,1,1
S01008619,85 and over,3,0,0,0,3,1,0,0,0,2
S01008620,All HRPs,290,88,53,35,202,167,8,2,16,9
S01008620,24 and under,101,2,1,1,99,99,0,0,0,0
S01008620,25 to 34,75,28,9,19,47,43,2,0,2,0
S01008620,35 to 49,53,30,19,11,23,15,3,1,3,1
S01008620,50 to 64,40,20,16,4,20,9,2,0,8,1
S01008620,65 to 74,13,6,6,0,7,1,1,0,3,2
S01008620,75 to 84,4,1,1,0,3,0,0,0,0,3
S01008620,85 and over,4,1,1,0,3,0,0,1,0,2
S01008621,All HRPs,272,78,57,21,194,170,0,7,7,10
S01008621,24 and under,107,3,0,3,104,104,0,0,0,0
S01008621,25 to 34,59,26,16,10,33,33,0,0,0,0
S01008621,35 to 49,43,18,14,4,25,18,0,3,2,2
S01008621,50 to 64,37,24,21,3,13,7,0,3,2,1
S01008621,65 to 74,18,5,5,0,13,5,0,1,3,4
S01008621,75 to 84,7,2,1,1,5,2,0,0,0,3
S01008621,85 and over,1,0,0,0,1,1,0,0,0,0
S01008622,All HRPs,200,77,45,32,123,97,5,1,11,9
S01008622,24 and under,40,6,0,6,34,34,0,0,0,0
S01008622,25 to 34,43,12,3,9,31,30,0,0,1,0
S01008622,35 to 49,49,33,22,11,16,11,4,1,0,0
S01008622,50 to 64,40,17,14,3,23,14,1,0,7,1
S01008622,65 to 74,17,6,3,3,11,7,0,0,1,3
S01008622,75 to 84,9,2,2,0,7,1,0,0,2,4
S01008622,85 and over,2,1,1,0,1,0,0,0,0,1
S01008623,All HRPs,343,143,123,20,200,130,9,6,22,33
S01008623,24 and under,69,4,0,4,65,65,0,0,0,0
S01008623,25 to 34,44,18,12,6,26,26,0,0,0,0
S01008623,35 to 49,68,40,35,5,28,18,2,3,5,0
S01008623,50 to 64,87,51,46,5,36,16,4,1,12,3
S01008623,65 to 74,28,16,16,0,12,2,1,1,2,6
S01008623,75 to 84,28,12,12,0,16,1,2,1,2,10
S01008623,85 and over,19,2,2,0,17,2,0,0,1,14
S01008624,All HRPs,346,174,158,16,172,61,6,14,33,58
S01008624,24 and under,7,1,0,1,6,6,0,0,0,0
S01008624,25 to 34,18,8,5,3,10,9,0,1,0,0
S01008624,35 to 49,75,55,50,5,20,11,1,3,4,1
S01008624,50 to 64,83,45,43,2,38,16,1,5,11,5
S01008624,65 to 74,74,41,36,5,33,7,1,0,15,10
S01008624,75 to 84,59,20,20,0,39,9,2,4,2,22
S01008624,85 and over,30,4,4,0,26,3,1,1,1,20
S01008625,All HRPs,239,155,144,11,84,32,0,6,20,26
S01008625,24 and under,2,0,0,0,2,2,0,0,0,0
S01008625,25 to 34,10,3,2,1,7,7,0,0,0,0
S01008625,35 to 49,57,48,42,6,9,3,0,2,4,0
S01008625,50 to 64,93,70,67,3,23,10,0,4,7,2
S01008625,65 to 74,41,21,20,1,20,4,0,0,7,9
S01008625,75 to 84,26,13,13,0,13,1,0,0,2,10
S01008625,85 and over,10,0,0,0,10,5,0,0,0,5
S01008626,All HRPs,388,236,193,43,152,90,3,5,27,27
S01008626,24 and under,23,3,0,3,20,20,0,0,0,0
S01008626,25 to 34,62,31,13,18,31,29,2,0,0,0
S01008626,35 to 49,117,89,74,15,28,17,0,2,9,0
S01008626,50 to 64,100,73,67,6,27,9,1,1,14,2
S01008626,65 to 74,41,23,23,0,18,8,0,1,2,7
S01008626,75 to 84,30,14,13,1,16,5,0,1,2,8
S01008626,85 and over,15,3,3,0,12,2,0,0,0,10
S01008627,All HRPs,256,184,172,12,72,31,3,2,16,20
S01008627,24 and under,10,1,1,0,9,9,0,0,0,0
S01008627,25 to 34,22,12,8,4,10,10,0,0,0,0
S01008627,35 to 49,84,70,66,4,14,6,1,0,6,1
S01008627,50 to 64,84,70,66,4,14,2,1,1,8,2
S01008627,65 to 74,24,15,15,0,9,0,1,1,1,6
S01008627,75 to 84,25,13,13,0,12,3,0,0,1,8
S01008627,85 and over,7,3,3,0,4,1,0,0,0,3
S01008628,All HRPs,262,124,86,38,138,85,4,13,21,15
S01008628,24 and under,20,0,0,0,20,20,0,0,0,0
S01008628,25 to 34,61,37,14,23,24,20,1,1,2,0
S01008628,35 to 49,79,41,31,10,38,28,1,3,4,2
S01008628,50 to 64,56,24,20,4,32,10,2,8,9,3
S01008628,65 to 74,27,15,14,1,12,3,0,1,4,4
S01008628,75 to 84,14,6,6,0,8,2,0,0,1,5
S01008628,85 and over,5,1,1,0,4,2,0,0,1,1
S01008629,All HRPs,301,105,69,36,196,108,4,6,46,32
S01008629,24 and under,22,2,0,2,20,20,0,0,0,0
S01008629,25 to 34,45,19,7,12,26,26,0,0,0,0
S01008629,35 to 49,81,42,26,16,39,22,2,2,11,2
S01008629,50 to 64,86,31,25,6,55,19,1,3,27,5
S01008629,65 to 74,19,5,5,0,14,5,1,0,5,3
S01008629,75 to 84,37,5,5,0,32,12,0,1,3,16
S01008629,85 and over,11,1,1,0,10,4,0,0,0,6
S01008630,All HRPs,277,98,53,45,179,134,3,8,11,23
S01008630,24 and under,35,2,0,2,33,33,0,0,0,0
S01008630,25 to 34,87,46,14,32,41,41,0,0,0,0
S01008630,35 to 49,59,22,15,7,37,32,1,1,3,0
S01008630,50 to 64,35,13,9,4,22,11,2,5,4,0
S01008630,65 to 74,24,8,8,0,16,10,0,2,3,1
S01008630,75 to 84,24,5,5,0,19,6,0,0,1,12
S01008630,85 and over,13,2,2,0,11,1,0,0,0,10
S01008631,All HRPs,453,134,70,64,319,241,3,13,45,17
S01008631,24 and under,38,8,2,6,30,30,0,0,0,0
S01008631,25 to 34,155,53,15,38,102,101,1,0,0,0
S01008631,35 to 49,120,38,25,13,82,67,2,7,5,1
S01008631,50 to 64,89,21,16,5,68,31,0,6,27,4
S01008631,65 to 74,34,12,10,2,22,11,0,0,7,4
S01008631,75 to 84,15,2,2,0,13,0,0,0,6,7
S01008631,85 and over,2,0,0,0,2,1,0,0,0,1
S01008632,All HRPs,420,153,83,70,267,187,0,14,35,31
S01008632,24 and under,26,4,1,3,22,22,0,0,0,0
S01008632,25 to 34,139,65,21,44,74,72,0,0,2,0
S01008632,35 to 49,110,35,21,14,75,56,0,6,13,0
S01008632,50 to 64,76,31,22,9,45,23,0,5,13,4
S01008632,65 to 74,18,7,7,0,11,3,0,2,3,3
S01008632,75 to 84,35,10,10,0,25,7,0,1,3,14
S01008632,85 and over,16,1,1,0,15,4,0,0,1,10
S01008633,All HRPs,452,208,184,24,244,99,16,15,39,75
S01008633,24 and under,22,0,0,0,22,21,0,0,0,1
S01008633,25 to 34,28,12,7,5,16,12,3,1,0,0
S01008633,35 to 49,104,59,51,8,45,22,4,5,13,1
S01008633,50 to 64,107,65,55,10,42,16,4,5,15,2
S01008633,65 to 74,88,44,43,1,44,16,2,2,9,15
S01008633,75 to 84,68,22,22,0,46,8,1,2,0,35
S01008633,85 and over,35,6,6,0,29,4,2,0,2,21
S01008634,All HRPs,276,151,126,25,125,70,5,6,16,28
S01008634,24 and under,23,0,0,0,23,23,0,0,0,0
S01008634,25 to 34,38,15,7,8,23,23,0,0,0,0
S01008634,35 to 49,59,51,40,11,8,2,0,1,5,0
S01008634,50 to 64,92,63,58,5,29,8,4,3,9,5
S01008634,65 to 74,32,14,13,1,18,7,0,1,2,8
S01008634,75 to 84,19,7,7,0,12,1,0,1,0,10
S01008634,85 and over,13,1,1,0,12,6,1,0,0,5
S01008635,All HRPs,362,173,139,34,189,118,5,5,33,28
S01008635,24 and under,33,2,0,2,31,31,0,0,0,0
S01008635,25 to 34,62,28,11,17,34,33,0,1,0,0
S01008635,35 to 49,107,65,54,11,42,32,4,1,4,1
S01008635,50 to 64,97,60,56,4,37,12,0,3,21,1
S01008635,65 to 74,29,10,10,0,19,3,1,0,7,8
S01008635,75 to 84,21,8,8,0,13,5,0,0,1,7
S01008635,85 and over,13,0,0,0,13,2,0,0,0,11
S01008636,All HRPs,367,171,145,26,196,122,3,9,29,33
S01008636,24 and under,41,2,0,2,39,39,0,0,0,0
S01008636,25 to 34,55,19,7,12,36,35,0,0,1,0
S01008636,35 to 49,86,60,54,6,26,19,0,3,4,0
S01008636,50 to 64,90,53,48,5,37,15,3,4,11,4
S01008636,65 to 74,41,23,23,0,18,5,0,2,10,1
S01008636,75 to 84,27,9,9,0,18,2,0,0,3,13
S01008636,85 and over,27,5,4,1,22,7,0,0,0,15
S01008637,All HRPs,309,147,112,35,162,96,7,8,19,32
S01008637,24 and under,20,1,0,1,19,19,0,0,0,0
S01008637,25 to 34,71,27,11,16,44,43,1,0,0,0
S01008637,35 to 49,83,49,39,10,34,24,4,3,3,0
S01008637,50 to 64,59,37,30,7,22,4,1,4,13,0
S01008637,65 to 74,32,16,15,1,16,3,0,0,3,10
S01008637,75 to 84,30,13,13,0,17,3,1,1,0,12
S01008637,85 and over,14,4,4,0,10,0,0,0,0,10
S01008638,All HRPs,344,126,86,40,218,128,4,14,30,42
S01008638,24 and under,51,7,0,7,44,44,0,0,0,0
S01008638,25 to 34,63,21,8,13,42,41,1,0,0,0
S01008638,35 to 49,62,40,25,15,22,14,1,3,4,0
S01008638,50 to 64,55,32,28,4,23,7,0,2,8,6
S01008638,65 to 74,47,10,9,1,37,13,0,3,14,7
S01008638,75 to 84,46,12,12,0,34,7,2,5,3,17
S01008638,85 and over,20,4,4,0,16,2,0,1,1,12
S01008639,All HRPs,430,163,98,65,267,212,6,14,17,18
S01008639,24 and under,48,6,0,6,42,42,0,0,0,0
S01008639,25 to 34,145,65,20,45,80,75,2,1,2,0
S01008639,35 to 49,121,48,38,10,73,57,3,7,6,0
S01008639,50 to 64,77,34,30,4,43,29,1,6,6,1
S01008639,65 to 74,13,6,6,0,7,5,0,0,2,0
S01008639,75 to 84,19,4,4,0,15,2,0,0,1,12
S01008639,85 and over,7,0,0,0,7,2,0,0,0,5
S01008640,All HRPs,351,127,69,58,224,188,7,12,12,5
S01008640,24 and under,61,5,0,5,56,56,0,0,0,0
S01008640,25 to 34,113,48,15,33,65,61,2,2,0,0
S01008640,35 to 49,92,40,27,13,52,42,3,4,3,0
S01008640,50 to 64,62,28,21,7,34,20,2,3,8,1
S01008640,65 to 74,12,3,3,0,9,4,0,3,1,1
S01008640,75 to 84,9,3,3,0,6,4,0,0,0,2
S01008640,85 and over,2,0,0,0,2,1,0,0,0,1
S01008641,All HRPs,351,96,55,41,255,211,4,11,21,8
S01008641,24 and under,91,6,0,6,85,84,0,0,1,0
S01008641,25 to 34,103,41,16,25,62,59,0,2,1,0
S01008641,35 to 49,83,23,16,7,60,48,2,4,6,0
S01008641,50 to 64,50,19,16,3,31,15,1,4,11,0
S01008641,65 to 74,7,5,5,0,2,0,1,0,1,0
S01008641,75 to 84,11,2,2,0,9,3,0,0,1,5
S01008641,85 and over,6,0,0,0,6,2,0,1,0,3
S01008642,All HRPs,433,159,108,51,274,212,4,7,30,21
S01008642,24 and under,67,5,0,5,62,62,0,0,0,0
S01008642,25 to 34,126,48,21,27,78,75,1,0,2,0
S01008642,35 to 49,108,52,38,14,56,45,1,5,5,0
S01008642,50 to 64,85,34,29,5,51,25,2,1,18,5
S01008642,65 to 74,26,15,15,0,11,1,0,1,4,5
S01008642,75 to 84,18,5,5,0,13,2,0,0,1,10
S01008642,85 and over,3,0,0,0,3,2,0,0,0,1
S01008643,All HRPs,323,148,94,54,175,130,4,8,20,13
S01008643,24 and under,31,2,0,2,29,29,0,0,0,0
S01008643,25 to 34,92,53,26,27,39,35,0,1,2,1
S01008643,35 to 49,105,55,39,16,50,40,4,2,4,0
S01008643,50 to 64,69,28,23,5,41,23,0,3,12,3
S01008643,65 to 74,13,6,3,3,7,2,0,2,1,2
S01008643,75 to 84,9,3,2,1,6,1,0,0,1,4
S01008643,85 and over,4,1,1,0,3,0,0,0,0,3
S01008644,All HRPs,386,118,73,45,268,174,3,18,35,38
S01008644,24 and under,48,3,0,3,45,45,0,0,0,0
S01008644,25 to 34,112,38,12,26,74,71,1,1,1,0
S01008644,35 to 49,88,41,33,8,47,33,0,5,9,0
S01008644,50 to 64,68,21,14,7,47,20,1,9,12,5
S01008644,65 to 74,20,1,1,0,19,3,1,1,11,3
S01008644,75 to 84,42,13,12,1,29,2,0,2,1,24
S01008644,85 and over,8,1,1,0,7,0,0,0,1,6
S01008645,All HRPs,360,144,89,55,216,163,2,7,21,23
S01008645,24 and under,72,11,1,10,61,61,0,0,0,0
S01008645,25 to 34,104,53,26,27,51,50,0,0,1,0
S01008645,35 to 49,95,52,37,15,43,29,1,3,10,0
S01008645,50 to 64,38,14,13,1,24,13,1,4,6,0
S01008645,65 to 74,15,4,2,2,11,5,0,0,1,5
S01008645,75 to 84,25,8,8,0,17,3,0,0,2,12
S01008645,85 and over,11,2,2,0,9,2,0,0,1,6
S01008646,All HRPs,453,157,100,57,296,205,9,13,43,26
S01008646,24 and under,57,14,1,13,43,43,0,0,0,0
S01008646,25 to 34,151,68,32,36,83,74,3,4,2,0
S01008646,35 to 49,136,40,33,7,96,66,5,5,20,0
S01008646,50 to 64,57,20,19,1,37,14,0,4,12,7
S01008646,65 to 74,24,7,7,0,17,3,1,0,7,6
S01008646,75 to 84,22,7,7,0,15,5,0,0,1,9
S01008646,85 and over,6,1,1,0,5,0,0,0,1,4
S01008647,All HRPs,330,113,60,53,217,187,0,3,19,8
S01008647,24 and under,37,3,0,3,34,34,0,0,0,0
S01008647,25 to 34,138,54,21,33,84,83,0,1,0,0
S01008647,35 to 49,101,37,23,14,64,57,0,2,5,0
S01008647,50 to 64,34,12,11,1,22,12,0,0,10,0
S01008647,65 to 74,12,4,2,2,8,1,0,0,3,4
S01008647,75 to 84,8,3,3,0,5,0,0,0,1,4
S01008647,85 and over,0,0,0,0,0,0,0,0,0,0
S01008648,All HRPs,339,114,47,67,225,170,5,5,28,17
S01008648,24 and under,55,12,1,11,43,42,0,0,0,1
S01008648,25 to 34,138,59,20,39,79,79,0,0,0,0
S01008648,35 to 49,73,28,17,11,45,32,4,1,6,2
S01008648,50 to 64,35,6,1,5,29,11,1,2,14,1
S01008648,65 to 74,18,4,3,1,14,4,0,2,4,4
S01008648,75 to 84,15,5,5,0,10,2,0,0,4,4
S01008648,85 and over,5,0,0,0,5,0,0,0,0,5
S01008649,All HRPs,560,179,67,112,381,303,4,12,50,12
S01008649,24 and under,78,26,1,25,52,52,0,0,0,0
S01008649,25 to 34,248,94,29,65,154,142,3,3,6,0
S01008649,35 to 49,133,31,15,16,102,78,0,4,19,1
S01008649,50 to 64,64,17,13,4,47,22,1,5,15,4
S01008649,65 to 74,18,4,3,1,14,4,0,0,9,1
S01008649,75 to 84,13,6,5,1,7,3,0,0,0,4
S01008649,85 and over,6,1,1,0,5,2,0,0,1,2
S01008650,All HRPs,470,130,51,79,340,282,4,9,31,14
S01008650,24 and under,71,20,0,20,51,51,0,0,0,0
S01008650,25 to 34,201,67,22,45,134,126,1,2,5,0
S01008650,35 to 49,124,30,19,11,94,81,2,4,6,1
S01008650,50 to 64,50,7,4,3,43,20,1,1,16,5
S01008650,65 to 74,15,4,4,0,11,4,0,0,4,3
S01008650,75 to 84,9,2,2,0,7,0,0,2,0,5
S01008650,85 and over,0,0,0,0,0,0,0,0,0,0
S01008651,All HRPs,497,118,44,74,379,315,6,12,34,12
S01008651,24 and under,73,20,1,19,53,53,0,0,0,0
S01008651,25 to 34,186,54,17,37,132,127,2,1,2,0
S01008651,35 to 49,139,21,12,9,118,102,4,1,10,1
S01008651,50 to 64,70,15,9,6,55,28,0,9,17,1
S01008651,65 to 74,14,4,3,1,10,4,0,1,2,3
S01008651,75 to 84,8,3,1,2,5,1,0,0,2,2
S01008651,85 and over,7,1,1,0,6,0,0,0,1,5
S01008652,All HRPs,387,87,27,60,300,231,7,19,36,7
S01008652,24 and under,64,10,1,9,54,54,0,0,0,0
S01008652,25 to 34,123,50,13,37,73,69,1,1,2,0
S01008652,35 to 49,125,15,6,9,110,82,2,14,11,1
S01008652,50 to 64,50,7,4,3,43,20,4,2,15,2
S01008652,65 to 74,16,4,3,1,12,3,0,1,6,2
S01008652,75 to 84,9,1,0,1,8,3,0,1,2,2
S01008652,85 and over,0,0,0,0,0,0,0,0,0,0
S01008653,All HRPs,402,91,48,43,311,233,14,12,36,16
S01008653,24 and under,65,6,2,4,59,59,0,0,0,0
S01008653,25 to 34,151,46,18,28,105,94,9,1,1,0
S01008653,35 to 49,96,22,14,8,74,51,3,5,15,0
S01008653,50 to 64,54,11,9,2,43,18,2,4,16,3
S01008653,65 to 74,14,1,1,0,13,8,0,1,2,2
S01008653,75 to 84,16,5,4,1,11,3,0,1,1,6
S01008653,85 and over,6,0,0,0,6,0,0,0,1,5
S01008654,All HRPs,585,160,71,89,425,322,19,20,48,16
S01008654,24 and under,77,22,0,22,55,55,0,0,0,0
S01008654,25 to 34,255,90,37,53,165,143,13,1,7,1
S01008654,35 to 49,145,27,16,11,118,91,2,7,17,1
S01008654,50 to 64,78,15,13,2,63,27,4,10,16,6
S01008654,65 to 74,17,3,3,0,14,5,0,1,5,3
S01008654,75 to 84,11,2,1,1,9,1,0,1,3,4
S01008654,85 and over,2,1,1,0,1,0,0,0,0,1
S01008655,All HRPs,442,127,67,60,315,229,26,13,34,13
S01008655,24 and under,69,7,1,6,62,62,0,0,0,0
S01008655,25 to 34,194,68,29,39,126,108,14,2,2,0
S01008655,35 to 49,89,33,20,13,56,43,2,3,8,0
S01008655,50 to 64,56,16,14,2,40,11,9,6,14,0
S01008655,65 to 74,13,1,1,0,12,3,1,0,5,3
S01008655,75 to 84,18,2,2,0,16,2,0,2,5,7
S01008655,85 and over,3,0,0,0,3,0,0,0,0,3
S01008656,All HRPs,426,95,50,45,331,254,10,11,46,10
S01008656,24 and under,59,6,0,6,53,52,1,0,0,0
S01008656,25 to 34,154,44,21,23,110,103,4,2,1,0
S01008656,35 to 49,116,22,13,9,94,78,1,6,7,2
S01008656,50 to 64,65,17,11,6,48,16,3,2,26,1
S01008656,65 to 74,17,3,3,0,14,2,1,0,6,5
S01008656,75 to 84,12,3,2,1,9,1,0,1,6,1
S01008656,85 and over,3,0,0,0,3,2,0,0,0,1
S01008657,All HRPs,361,119,51,68,242,178,6,10,35,13
S01008657,24 and under,42,8,0,8,34,34,0,0,0,0
S01008657,25 to 34,121,59,18,41,62,57,2,1,2,0
S01008657,35 to 49,105,33,17,16,72,54,3,4,11,0
S01008657,50 to 64,56,12,9,3,44,20,0,3,17,4
S01008657,65 to 74,20,4,4,0,16,8,1,2,3,2
S01008657,75 to 84,10,3,3,0,7,2,0,0,2,3
S01008657,85 and over,7,0,0,0,7,3,0,0,0,4
S01008658,All HRPs,555,148,60,88,407,291,9,17,59,31
S01008658,24 and under,93,25,3,22,68,67,0,1,0,0
S01008658,25 to 34,148,59,11,48,89,83,3,2,1,0
S01008658,35 to 49,151,40,24,16,111,90,3,3,14,1
S01008658,50 to 64,91,12,11,1,79,38,2,7,29,3
S01008658,65 to 74,36,7,6,1,29,9,0,4,11,5
S01008658,75 to 84,31,5,5,0,26,4,1,0,4,17
S01008658,85 and over,5,0,0,0,5,0,0,0,0,5
S01008659,All HRPs,446,98,39,59,348,282,7,15,38,6
S01008659,24 and under,110,12,2,10,98,98,0,0,0,0
S01008659,25 to 34,142,57,17,40,85,81,2,0,2,0
S01008659,35 to 49,110,19,11,8,91,77,3,2,8,1
S01008659,50 to 64,50,5,4,1,45,19,1,5,20,0
S01008659,65 to 74,27,4,4,0,23,3,1,8,7,4
S01008659,75 to 84,6,0,0,0,6,4,0,0,1,1
S01008659,85 and over,1,1,1,0,0,0,0,0,0,0
S01008660,All HRPs,444,118,58,60,326,273,6,11,26,10
S01008660,24 and under,111,19,3,16,92,91,0,0,0,1
S01008660,25 to 34,142,38,12,26,104,100,3,1,0,0
S01008660,35 to 49,98,31,20,11,67,52,2,5,8,0
S01008660,50 to 64,70,22,17,5,48,23,1,5,14,5
S01008660,65 to 74,13,6,4,2,7,2,0,0,3,2
S01008660,75 to 84,7,1,1,0,6,4,0,0,1,1
S01008660,85 and over,3,1,1,0,2,1,0,0,0,1
S01008661,All HRPs,437,96,43,53,341,247,9,15,46,24
S01008661,24 and under,72,6,0,6,66,66,0,0,0,0
S01008661,25 to 34,121,41,11,30,80,72,2,3,3,0
S01008661,35 to 49,108,19,9,10,89,73,3,4,9,0
S01008661,50 to 64,80,18,15,3,62,25,4,5,24,4
S01008661,65 to 74,28,6,5,1,22,5,0,3,8,6
S01008661,75 to 84,20,6,3,3,14,5,0,0,2,7
S01008661,85 and over,8,0,0,0,8,1,0,0,0,7
S01008662,All HRPs,276,44,15,29,232,193,11,9,18,1
S01008662,24 and under,72,5,1,4,67,67,0,0,0,0
S01008662,25 to 34,100,23,5,18,77,72,3,1,1,0
S01008662,35 to 49,65,10,5,5,55,37,8,5,4,1
S01008662,50 to 64,29,5,3,2,24,11,0,2,11,0
S01008662,65 to 74,10,1,1,0,9,6,0,1,2,0
S01008662,75 to 84,0,0,0,0,0,0,0,0,0,0
S01008662,85 and over,0,0,0,0,0,0,0,0,0,0
S01008663,All HRPs,434,94,43,51,340,258,4,11,40,27
S01008663,24 and under,105,10,1,9,95,95,0,0,0,0
S01008663,25 to 34,118,37,8,29,81,79,1,1,0,0
S01008663,35 to 49,97,22,11,11,75,58,2,7,8,0
S01008663,50 to 64,55,16,15,1,39,16,0,1,19,3
S01008663,65 to 74,23,6,5,1,17,2,0,1,8,6
S01008663,75 to 84,26,3,3,0,23,6,1,1,3,12
S01008663,85 and over,10,0,0,0,10,2,0,0,2,6
S01008664,All HRPs,396,109,51,58,287,228,5,12,34,8
S01008664,24 and under,75,11,1,10,64,64,0,0,0,0
S01008664,25 to 34,145,48,17,31,97,94,2,1,0,0
S01008664,35 to 49,82,25,14,11,57,41,0,7,8,1
S01008664,50 to 64,65,19,13,6,46,24,2,3,17,0
S01008664,65 to 74,16,2,2,0,14,3,1,1,5,4
S01008664,75 to 84,10,3,3,0,7,2,0,0,2,3
S01008664,85 and over,3,1,1,0,2,0,0,0,2,0
S01008665,All HRPs,524,143,63,80,381,296,8,14,44,19
S01008665,24 and under,96,14,0,14,82,81,1,0,0,0
S01008665,25 to 34,172,58,17,41,114,102,1,0,11,0
S01008665,35 to 49,123,44,24,20,79,62,2,4,10,1
S01008665,50 to 64,101,20,16,4,81,45,4,7,18,7
S01008665,65 to 74,20,5,4,1,15,6,0,3,2,4
S01008665,75 to 84,8,2,2,0,6,0,0,0,2,4
S01008665,85 and over,4,0,0,0,4,0,0,0,1,3
S01008666,All HRPs,311,89,42,47,222,183,13,7,8,11
S01008666,24 and under,86,4,0,4,82,82,0,0,0,0
S01008666,25 to 34,94,29,4,25,65,60,4,0,1,0
S01008666,35 to 49,60,32,20,12,28,20,6,1,0,1
S01008666,50 to 64,37,16,11,5,21,9,2,5,3,2
S01008666,65 to 74,23,5,5,0,18,8,1,0,4,5
S01008666,75 to 84,10,3,2,1,7,3,0,1,0,3
S01008666,85 and over,1,0,0,0,1,1,0,0,0,0
S01008667,All HRPs,308,95,56,39,213,160,7,10,21,15
S01008667,24 and under,70,8,0,8,62,62,0,0,0,0
S01008667,25 to 34,70,13,5,8,57,54,3,0,0,0
S01008667,35 to 49,67,34,16,18,33,19,3,5,6,0
S01008667,50 to 64,65,24,20,4,41,17,1,4,12,7
S01008667,65 to 74,19,10,10,0,9,5,0,1,2,1
S01008667,75 to 84,8,5,4,1,3,0,0,0,1,2
S01008667,85 and over,9,1,1,0,8,3,0,0,0,5
S01008668,All HRPs,280,75,28,47,205,172,4,7,14,8
S01008668,24 and under,77,11,0,11,66,64,0,2,0,0
S01008668,25 to 34,94,33,12,21,61,58,0,2,1,0
S01008668,35 to 49,55,21,8,13,34,28,2,2,2,0
S01008668,50 to 64,32,6,4,2,26,17,1,1,5,2
S01008668,65 to 74,9,2,2,0,7,3,0,0,4,0
S01008668,75 to 84,12,2,2,0,10,2,1,0,2,5
S01008668,85 and over,1,0,0,0,1,0,0,0,0,1
S01008669,All HRPs,173,22,13,9,151,137,2,3,7,2
S01008669,24 and under,98,1,0,1,97,97,0,0,0,0
S01008669,25 to 34,37,8,4,4,29,29,0,0,0,0
S01008669,35 to 49,19,6,3,3,13,6,2,2,3,0
S01008669,50 to 64,11,4,3,1,7,2,0,1,4,0
S01008669,65 to 74,5,3,3,0,2,1,0,0,0,1
S01008669,75 to 84,1,0,0,0,1,1,0,0,0,0
S01008669,85 and over,2,0,0,0,2,1,0,0,0,1
S01008670,All HRPs,260,56,37,19,204,179,4,4,11,6
S01008670,24 and under,118,4,1,3,114,113,1,0,0,0
S01008670,25 to 34,52,21,8,13,31,31,0,0,0,0
S01008670,35 to 49,38,14,11,3,24,22,2,0,0,0
S01008670,50 to 64,26,7,7,0,19,9,1,2,7,0
S01008670,65 to 74,12,5,5,0,7,3,0,2,2,0
S01008670,75 to 84,12,3,3,0,9,1,0,0,2,6
S01008670,85 and over,2,2,2,0,0,0,0,0,0,0
S01008671,All HRPs,331,44,16,28,287,240,9,5,25,8
S01008671,24 and under,140,7,0,7,133,133,0,0,0,0
S01008671,25 to 34,80,15,6,9,65,61,1,1,2,0
S01008671,35 to 49,55,11,4,7,44,29,6,1,7,1
S01008671,50 to 64,26,7,3,4,19,6,2,0,10,1
S01008671,65 to 74,11,1,0,1,10,5,0,1,3,1
S01008671,75 to 84,14,3,3,0,11,5,0,2,2,2
S01008671,85 and over,5,0,0,0,5,1,0,0,1,3
S01008672,All HRPs,341,78,42,36,263,207,2,8,23,23
S01008672,24 and under,104,8,0,8,96,96,0,0,0,0
S01008672,25 to 34,98,28,12,16,70,66,0,1,3,0
S01008672,35 to 49,40,18,10,8,22,17,2,2,1,0
S01008672,50 to 64,49,16,12,4,33,17,0,2,10,4
S01008672,65 to 74,19,5,5,0,14,4,0,0,7,3
S01008672,75 to 84,22,2,2,0,20,5,0,2,2,11
S01008672,85 and over,9,1,1,0,8,2,0,1,0,5
S01008673,All HRPs,649,138,86,52,511,427,14,7,42,21
S01008673,24 and under,230,14,1,13,216,216,0,0,0,0
S01008673,25 to 34,183,70,43,27,113,107,5,0,1,0
S01008673,35 to 49,118,27,20,7,91,63,7,4,15,2
S01008673,50 to 64,78,18,13,5,60,32,2,3,18,5
S01008673,65 to 74,19,2,2,0,17,5,0,0,6,6
S01008673,75 to 84,18,6,6,0,12,3,0,0,2,7
S01008673,85 and over,3,1,1,0,2,1,0,0,0,1
S01008674,All HRPs,413,87,26,61,326,268,9,9,29,11
S01008674,24 and under,124,13,0,13,111,111,0,0,0,0
S01008674,25 to 34,132,45,7,38,87,86,0,0,1,0
S01008674,35 to 49,73,14,7,7,59,43,6,4,6,0
S01008674,50 to 64,56,9,8,1,47,23,3,2,15,4
S01008674,65 to 74,13,3,1,2,10,2,0,2,5,1
S01008674,75 to 84,13,3,3,0,10,2,0,1,2,5
S01008674,85 and over,2,0,0,0,2,1,0,0,0,1
S01008675,All HRPs,476,102,50,52,374,283,7,13,49,22
S01008675,24 and under,92,15,0,15,77,77,0,0,0,0
S01008675,25 to 34,135,39,19,20,96,94,0,2,0,0
S01008675,35 to 49,113,29,15,14,84,65,1,4,14,0
S01008675,50 to 64,81,14,11,3,67,32,5,6,21,3
S01008675,65 to 74,29,3,3,0,26,7,0,1,12,6
S01008675,75 to 84,20,2,2,0,18,6,0,0,1,11
S01008675,85 and over,6,0,0,0,6,2,1,0,1,2
S01008676,All HRPs,338,104,55,49,234,173,15,7,30,9
S01008676,24 and under,53,3,0,3,50,50,0,0,0,0
S01008676,25 to 34,113,40,13,27,73,67,5,0,1,0
S01008676,35 to 49,83,29,18,11,54,39,5,4,6,0
S01008676,50 to 64,61,23,16,7,38,15,3,1,19,0
S01008676,65 to 74,13,4,3,1,9,1,2,2,2,2
S01008676,75 to 84,12,4,4,0,8,1,0,0,2,5
S01008676,85 and over,3,1,1,0,2,0,0,0,0,2
S01008677,All HRPs,420,87,31,56,333,265,11,10,36,11
S01008677,24 and under,106,12,0,12,94,93,0,0,0,1
S01008677,25 to 34,133,33,8,25,100,95,4,0,1,0
S01008677,35 to 49,87,21,8,13,66,47,6,5,8,0
S01008677,50 to 64,63,15,9,6,48,25,1,3,17,2
S01008677,65 to 74,13,0,0,0,13,1,0,2,7,3
S01008677,75 to 84,15,5,5,0,10,3,0,0,3,4
S01008677,85 and over,3,1,1,0,2,1,0,0,0,1
S01008678,All HRPs,393,72,33,39,321,271,7,8,30,5
S01008678,24 and under,134,11,1,10,123,123,0,0,0,0
S01008678,25 to 34,127,38,17,21,89,85,2,0,2,0
S01008678,35 to 49,82,15,9,6,67,42,4,5,16,0
S01008678,50 to 64,34,5,4,1,29,16,1,3,9,0
S01008678,65 to 74,11,2,2,0,9,4,0,0,3,2
S01008678,75 to 84,3,1,0,1,2,1,0,0,0,1
S01008678,85 and over,2,0,0,0,2,0,0,0,0,2
S01008679,All HRPs,546,73,33,40,473,339,11,19,71,33
S01008679,24 and under,142,14,0,14,128,125,3,0,0,0
S01008679,25 to 34,120,26,9,17,94,88,1,3,2,0
S01008679,35 to 49,122,13,7,6,109,84,2,2,20,1
S01008679,50 to 64,84,14,12,2,70,22,4,12,30,2
S01008679,65 to 74,30,1,1,0,29,9,0,2,12,6
S01008679,75 to 84,26,2,1,1,24,7,0,0,7,10
S01008679,85 and over,22,3,3,0,19,4,1,0,0,14
S01008680,All HRPs,326,69,36,33,257,212,7,9,22,7
S01008680,24 and under,100,8,1,7,92,92,0,0,0,0
S01008680,25 to 34,83,27,8,19,56,54,1,0,1,0
S01008680,35 to 49,75,16,13,3,59,47,4,6,2,0
S01008680,50 to 64,45,13,10,3,32,17,0,2,10,3
S01008680,65 to 74,13,3,2,1,10,2,1,1,4,2
S01008680,75 to 84,8,2,2,0,6,0,1,0,4,1
S01008680,85 and over,2,0,0,0,2,0,0,0,1,1
S01008681,All HRPs,540,89,43,46,451,347,8,9,52,35
S01008681,24 and under,145,5,0,5,140,139,1,0,0,0
S01008681,25 to 34,117,39,15,24,78,74,2,0,2,0
S01008681,35 to 49,113,20,9,11,93,73,4,1,14,1
S01008681,50 to 64,72,11,7,4,61,37,0,3,19,2
S01008681,65 to 74,35,8,7,1,27,10,0,4,9,4
S01008681,75 to 84,40,5,4,1,35,11,0,0,7,17
S01008681,85 and over,18,1,1,0,17,3,1,1,1,11
S01008682,All HRPs,431,97,61,36,334,247,6,14,48,19
S01008682,24 and under,90,10,1,9,80,80,0,0,0,0
S01008682,25 to 34,111,31,12,19,80,77,0,1,2,0
S01008682,35 to 49,103,30,25,5,73,55,1,7,8,2
S01008682,50 to 64,81,18,15,3,63,25,5,3,25,5
S01008682,65 to 74,25,2,2,0,23,6,0,3,11,3
S01008682,75 to 84,14,5,5,0,9,2,0,0,2,5
S01008682,85 and over,7,1,1,0,6,2,0,0,0,4
S01008683,All HRPs,576,117,68,49,459,302,6,28,83,40
S01008683,24 and under,81,10,0,10,71,70,0,1,0,0
S01008683,25 to 34,142,41,16,25,101,90,1,5,5,0
S01008683,35 to 49,152,34,23,11,118,82,0,13,22,1
S01008683,50 to 64,126,24,21,3,102,43,3,8,39,9
S01008683,65 to 74,36,5,5,0,31,9,1,1,12,8
S01008683,75 to 84,30,3,3,0,27,6,1,0,4,16
S01008683,85 and over,9,0,0,0,9,2,0,0,1,6
S01008684,All HRPs,532,113,80,33,419,275,4,30,82,28
S01008684,24 and under,58,5,3,2,53,53,0,0,0,0
S01008684,25 to 34,132,38,22,16,94,92,1,0,1,0
S01008684,35 to 49,178,38,29,9,140,90,2,19,28,1
S01008684,50 to 64,101,19,14,5,82,33,0,9,36,4
S01008684,65 to 74,34,10,9,1,24,3,0,1,13,7
S01008684,75 to 84,22,2,2,0,20,3,0,0,4,13
S01008684,85 and over,7,1,1,0,6,1,1,1,0,3
S01008685,All HRPs,489,114,68,46,375,252,13,16,59,35
S01008685,24 and under,73,5,2,3,68,68,0,0,0,0
S01008685,25 to 34,121,32,8,24,89,78,9,1,1,0
S01008685,35 to 49,140,38,23,15,102,73,3,6,20,0
S01008685,50 to 64,87,14,11,3,73,25,1,5,29,13
S01008685,65 to 74,30,13,12,1,17,4,0,4,5,4
S01008685,75 to 84,32,11,11,0,21,4,0,0,4,13
S01008685,85 and over,6,1,1,0,5,0,0,0,0,5
S01008686,All HRPs,585,149,87,62,436,262,7,15,76,76
S01008686,24 and under,47,12,1,11,35,34,0,0,1,0
S01008686,25 to 34,117,40,14,26,77,71,1,0,5,0
S01008686,35 to 49,152,46,31,15,106,83,2,7,14,0
S01008686,50 to 64,114,24,18,6,90,38,3,5,33,11
S01008686,65 to 74,72,16,13,3,56,16,1,3,18,18
S01008686,75 to 84,47,5,5,0,42,15,0,0,2,25
S01008686,85 and over,36,6,5,1,30,5,0,0,3,22
S01008687,All HRPs,419,127,48,79,292,221,17,7,31,16
S01008687,24 and under,41,14,0,14,27,27,0,0,0,0
S01008687,25 to 34,166,69,25,44,97,93,3,0,1,0
S01008687,35 to 49,133,32,13,19,101,78,10,4,8,1
S01008687,50 to 64,50,7,5,2,43,18,3,0,20,2
S01008687,65 to 74,11,3,3,0,8,4,0,1,1,2
S01008687,75 to 84,10,1,1,0,9,1,0,2,0,6
S01008687,85 and over,8,1,1,0,7,0,1,0,1,5
S01008688,All HRPs,457,175,89,86,282,223,9,6,31,13
S01008688,24 and under,29,7,0,7,22,22,0,0,0,0
S01008688,25 to 34,169,75,33,42,94,92,1,1,0,0
S01008688,35 to 49,144,58,33,25,86,70,3,2,8,3
S01008688,50 to 64,88,29,17,12,59,29,4,3,21,2
S01008688,65 to 74,13,5,5,0,8,5,0,0,1,2
S01008688,75 to 84,9,1,1,0,8,3,0,0,0,5
S01008688,85 and over,5,0,0,0,5,2,1,0,1,1
S01008689,All HRPs,548,178,78,100,370,262,6,18,44,40
S01008689,24 and under,50,9,1,8,41,41,0,0,0,0
S01008689,25 to 34,171,78,19,59,93,90,1,1,1,0
S01008689,35 to 49,164,54,28,26,110,91,5,7,7,0
S01008689,50 to 64,79,21,14,7,58,28,0,7,20,3
S01008689,65 to 74,29,7,7,0,22,6,0,2,8,6
S01008689,75 to 84,36,6,6,0,30,3,0,1,7,19
S01008689,85 and over,19,3,3,0,16,3,0,0,1,12
S01008690,All HRPs,598,200,96,104,398,282,11,21,58,26
S01008690,24 and under,54,17,2,15,37,37,0,0,0,0
S01008690,25 to 34,205,84,29,55,121,110,6,1,4,0
S01008690,35 to 49,180,52,28,24,128,99,5,10,14,0
S01008690,50 to 64,95,31,22,9,64,26,0,7,27,4
S01008690,65 to 74,30,9,8,1,21,4,0,1,8,8
S01008690,75 to 84,26,6,6,0,20,4,0,1,4,11
S01008690,85 and over,8,1,1,0,7,2,0,1,1,3
S01008691,All HRPs,678,209,89,120,469,353,1,18,64,33
S01008691,24 and under,49,14,0,14,35,35,0,0,0,0
S01008691,25 to 34,237,97,36,61,140,138,0,1,1,0
S01008691,35 to 49,222,65,28,37,157,133,0,6,16,2
S01008691,50 to 64,114,25,18,7,89,36,1,9,33,10
S01008691,65 to 74,27,2,2,0,25,5,0,2,10,8
S01008691,75 to 84,21,5,4,1,16,5,0,0,2,9
S01008691,85 and over,8,1,1,0,7,1,0,0,2,4
S01008692,All HRPs,391,128,67,61,263,203,2,15,32,11
S01008692,24 and under,47,8,0,8,39,39,0,0,0,0
S01008692,25 to 34,142,58,20,38,84,80,0,3,1,0
S01008692,35 to 49,113,28,17,11,85,65,2,8,10,0
S01008692,50 to 64,52,18,15,3,34,14,0,4,14,2
S01008692,65 to 74,23,12,11,1,11,3,0,0,5,3
S01008692,75 to 84,11,4,4,0,7,2,0,0,2,3
S01008692,85 and over,3,0,0,0,3,0,0,0,0,3
S01008693,All HRPs,224,131,111,20,93,30,0,5,16,42
S01008693,24 and under,3,0,0,0,3,3,0,0,0,0
S01008693,25 to 34,19,11,6,5,8,5,0,0,2,1
S01008693,35 to 49,51,34,26,8,17,9,0,2,6,0
S01008693,50 to 64,71,49,43,6,22,6,0,2,5,9
S01008693,65 to 74,29,17,17,0,12,3,0,1,2,6
S01008693,75 to 84,39,18,18,0,21,4,0,0,0,17
S01008693,85 and over,12,2,1,1,10,0,0,0,1,9
S01008694,All HRPs,537,223,119,104,314,219,3,20,45,27
S01008694,24 and under,28,5,0,5,23,23,0,0,0,0
S01008694,25 to 34,182,93,31,62,89,84,1,3,1,0
S01008694,35 to 49,184,79,46,33,105,78,2,10,14,1
S01008694,50 to 64,85,26,22,4,59,29,0,5,21,4
S01008694,65 to 74,25,10,10,0,15,2,0,2,3,8
S01008694,75 to 84,22,6,6,0,16,2,0,0,6,8
S01008694,85 and over,11,4,4,0,7,1,0,0,0,6
S01008695,All HRPs,338,165,105,60,173,102,2,20,23,26
S01008695,24 and under,24,5,0,5,19,19,0,0,0,0
S01008695,25 to 34,69,38,21,17,31,24,0,4,3,0
S01008695,35 to 49,127,74,42,32,53,38,1,9,5,0
S01008695,50 to 64,69,35,29,6,34,14,0,7,10,3
S01008695,65 to 74,20,7,7,0,13,2,1,0,4,6
S01008695,75 to 84,21,5,5,0,16,2,0,0,1,13
S01008695,85 and over,8,1,1,0,7,3,0,0,0,4
S01008696,All HRPs,285,181,142,39,104,43,1,9,20,31
S01008696,24 and under,2,1,0,1,1,1,0,0,0,0
S01008696,25 to 34,23,16,12,4,7,7,0,0,0,0
S01008696,35 to 49,111,78,52,26,33,16,0,8,6,3
S01008696,50 to 64,84,61,55,6,23,8,1,1,11,2
S01008696,65 to 74,37,18,16,2,19,8,0,0,1,10
S01008696,75 to 84,23,7,7,0,16,3,0,0,2,11
S01008696,85 and over,5,0,0,0,5,0,0,0,0,5
S01008697,All HRPs,453,297,261,36,156,74,2,7,30,43
S01008697,24 and under,1,0,0,0,1,1,0,0,0,0
S01008697,25 to 34,59,27,18,9,32,30,0,0,2,0
S01008697,35 to 49,121,87,71,16,34,18,1,5,10,0
S01008697,50 to 64,134,104,96,8,30,14,1,2,10,3
S01008697,65 to 74,65,44,42,2,21,4,0,0,6,11
S01008697,75 to 84,52,29,28,1,23,7,0,0,2,14
S01008697,85 and over,21,6,6,0,15,0,0,0,0,15
S01008698,All HRPs,209,131,118,13,78,19,0,8,18,33
S01008698,24 and under,5,0,0,0,5,5,0,0,0,0
S01008698,25 to 34,8,6,6,0,2,1,0,1,0,0
S01008698,35 to 49,45,35,27,8,10,4,0,1,5,0
S01008698,50 to 64,74,59,55,4,15,3,0,5,5,2
S01008698,65 to 74,46,21,20,1,25,3,0,0,6,16
S01008698,75 to 84,20,8,8,0,12,1,0,1,1,9
S01008698,85 and over,11,2,2,0,9,2,0,0,1,6
S01008699,All HRPs,470,167,126,41,303,118,6,20,68,91
S01008699,24 and under,19,2,0,2,17,17,0,0,0,0
S01008699,25 to 34,76,39,16,23,37,31,2,4,0,0
S01008699,35 to 49,107,36,26,10,71,38,2,8,22,1
S01008699,50 to 64,108,48,42,6,60,16,2,5,26,11
S01008699,65 to 74,60,15,15,0,45,11,0,1,13,20
S01008699,75 to 84,77,22,22,0,55,3,0,2,6,44
S01008699,85 and over,23,5,5,0,18,2,0,0,1,15
S01008700,All HRPs,248,158,137,21,90,33,4,5,18,30
S01008700,24 and under,6,1,0,1,5,5,0,0,0,0
S01008700,25 to 34,20,12,8,4,8,6,1,1,0,0
S01008700,35 to 49,66,49,35,14,17,10,1,2,4,0
S01008700,50 to 64,73,47,45,2,26,7,1,2,11,5
S01008700,65 to 74,44,26,26,0,18,4,0,0,3,11
S01008700,75 to 84,25,17,17,0,8,1,0,0,0,7
S01008700,85 and over,14,6,6,0,8,0,1,0,0,7
S01008701,All HRPs,200,65,36,29,135,85,3,10,25,12
S01008701,24 and under,16,6,0,6,10,9,0,0,0,1
S01008701,25 to 34,48,23,11,12,25,25,0,0,0,0
S01008701,35 to 49,65,19,13,6,46,36,0,5,3,2
S01008701,50 to 64,53,15,10,5,38,12,3,4,15,4
S01008701,65 to 74,11,0,0,0,11,2,0,1,6,2
S01008701,75 to 84,6,2,2,0,4,1,0,0,1,2
S01008701,85 and over,1,0,0,0,1,0,0,0,0,1
S01008702,All HRPs,312,120,66,54,192,142,10,13,18,9
S01008702,24 and under,65,18,1,17,47,46,0,1,0,0
S01008702,25 to 34,116,56,25,31,60,47,7,2,4,0
S01008702,35 to 49,67,18,13,5,49,36,1,7,5,0
S01008702,50 to 64,47,21,21,0,26,10,1,2,8,5
S01008702,65 to 74,11,4,3,1,7,3,1,0,1,2
S01008702,75 to 84,6,3,3,0,3,0,0,1,0,2
S01008702,85 and over,0,0,0,0,0,0,0,0,0,0
S01008703,All HRPs,456,157,111,46,299,176,4,26,60,33
S01008703,24 and under,37,10,0,10,27,27,0,0,0,0
S01008703,25 to 34,104,42,25,17,62,50,3,6,3,0
S01008703,35 to 49,138,55,41,14,83,60,0,6,16,1
S01008703,50 to 64,120,40,35,5,80,28,1,12,32,7
S01008703,65 to 74,38,5,5,0,33,10,0,2,6,15
S01008703,75 to 84,15,4,4,0,11,1,0,0,2,8
S01008703,85 and over,4,1,1,0,3,0,0,0,1,2
S01008704,All HRPs,307,120,85,35,187,104,2,19,33,29
S01008704,24 and under,16,4,0,4,12,12,0,0,0,0
S01008704,25 to 34,68,32,17,15,36,32,0,2,2,0
S01008704,35 to 49,87,33,25,8,54,33,1,8,12,0
S01008704,50 to 64,88,34,27,7,54,21,1,8,15,9
S01008704,65 to 74,23,7,7,0,16,4,0,1,2,9
S01008704,75 to 84,21,9,8,1,12,2,0,0,2,8
S01008704,85 and over,4,1,1,0,3,0,0,0,0,3
S01008705,All HRPs,236,77,52,25,159,72,8,17,26,36
S01008705,24 and under,8,0,0,0,8,8,0,0,0,0
S01008705,25 to 34,49,20,10,10,29,21,4,2,2,0
S01008705,35 to 49,63,24,22,2,39,20,4,6,7,2
S01008705,50 to 64,53,22,11,11,31,9,0,5,12,5
S01008705,65 to 74,32,9,7,2,23,6,0,2,5,10
S01008705,75 to 84,20,2,2,0,18,6,0,0,0,12
S01008705,85 and over,11,0,0,0,11,2,0,2,0,7
S01008706,All HRPs,243,87,55,32,156,81,3,23,37,12
S01008706,24 and under,19,3,1,2,16,16,0,0,0,0
S01008706,25 to 34,59,23,9,14,36,25,2,4,4,1
S01008706,35 to 49,92,40,32,8,52,29,1,9,12,1
S01008706,50 to 64,41,12,8,4,29,4,0,8,14,3
S01008706,65 to 74,17,7,4,3,10,4,0,1,3,2
S01008706,75 to 84,15,2,1,1,13,3,0,1,4,5
S01008706,85 and over,0,0,0,0,0,0,0,0,0,0
S01008707,All HRPs,387,109,73,36,278,172,7,27,51,21
S01008707,24 and under,48,4,1,3,44,44,0,0,0,0
S01008707,25 to 34,86,28,13,15,58,51,2,3,2,0
S01008707,35 to 49,127,36,25,11,91,52,3,12,21,3
S01008707,50 to 64,87,28,23,5,59,23,2,9,20,5
S01008707,65 to 74,27,10,8,2,17,1,0,2,6,8
S01008707,75 to 84,10,3,3,0,7,1,0,1,2,3
S01008707,85 and over,2,0,0,0,2,0,0,0,0,2
S01008708,All HRPs,452,103,69,34,349,193,3,28,90,35
S01008708,24 and under,25,3,0,3,22,22,0,0,0,0
S01008708,25 to 34,77,26,10,16,51,42,1,5,3,0
S01008708,35 to 49,162,43,34,9,119,80,1,8,26,4
S01008708,50 to 64,149,24,18,6,125,44,0,15,58,8
S01008708,65 to 74,29,6,6,0,23,5,1,0,2,15
S01008708,75 to 84,8,1,1,0,7,0,0,0,1,6
S01008708,85 and over,2,0,0,0,2,0,0,0,0,2
S01008709,All HRPs,299,135,101,34,164,85,2,18,30,29
S01008709,24 and under,17,2,0,2,15,15,0,0,0,0
S01008709,25 to 34,64,30,20,10,34,33,0,0,1,0
S01008709,35 to 49,93,48,34,14,45,26,2,11,6,0
S01008709,50 to 64,76,40,32,8,36,10,0,3,14,9
S01008709,65 to 74,35,12,12,0,23,1,0,3,8,11
S01008709,75 to 84,9,1,1,0,8,0,0,1,1,6
S01008709,85 and over,5,2,2,0,3,0,0,0,0,3
S01008710,All HRPs,208,78,55,23,130,67,5,18,25,15
S01008710,24 and under,14,2,1,1,12,11,0,1,0,0
S01008710,25 to 34,56,27,14,13,29,22,5,1,1,0
S01008710,35 to 49,68,32,25,7,36,22,0,9,5,0
S01008710,50 to 64,47,14,12,2,33,10,0,5,15,3
S01008710,65 to 74,13,3,3,0,10,2,0,0,3,5
S01008710,75 to 84,8,0,0,0,8,0,0,2,1,5
S01008710,85 and over,2,0,0,0,2,0,0,0,0,2
S01008711,All HRPs,353,110,84,26,243,96,2,25,52,68
S01008711,24 and under,18,3,1,2,15,15,0,0,0,0
S01008711,25 to 34,57,24,12,12,33,23,1,2,6,1
S01008711,35 to 49,76,25,17,8,51,32,0,14,5,0
S01008711,50 to 64,102,37,33,4,65,16,0,8,26,15
S01008711,65 to 74,53,13,13,0,40,7,1,1,10,21
S01008711,75 to 84,35,7,7,0,28,1,0,0,5,22
S01008711,85 and over,12,1,1,0,11,2,0,0,0,9
S01008712,All HRPs,499,163,129,34,336,134,8,37,90,67
S01008712,24 and under,14,0,0,0,14,14,0,0,0,0
S01008712,25 to 34,58,19,10,9,39,35,0,3,0,1
S01008712,35 to 49,116,41,31,10,75,41,2,14,18,0
S01008712,50 to 64,151,52,42,10,99,32,0,11,41,15
S01008712,65 to 74,85,31,27,4,54,8,0,6,19,21
S01008712,75 to 84,60,17,17,0,43,4,5,3,11,20
S01008712,85 and over,15,3,2,1,12,0,1,0,1,10
S01008713,All HRPs,292,89,55,34,203,91,4,35,43,30
S01008713,24 and under,16,3,0,3,13,13,0,0,0,0
S01008713,25 to 34,57,17,5,12,40,33,0,6,1,0
S01008713,35 to 49,95,27,17,10,68,34,3,13,17,1
S01008713,50 to 64,79,29,20,9,50,7,0,12,20,11
S01008713,65 to 74,19,6,6,0,13,3,0,2,4,4
S01008713,75 to 84,18,7,7,0,11,1,0,2,0,8
S01008713,85 and over,8,0,0,0,8,0,1,0,1,6
S01008714,All HRPs,297,106,85,21,191,91,4,18,32,46
S01008714,24 and under,18,0,0,0,18,18,0,0,0,0
S01008714,25 to 34,55,14,4,10,41,32,2,2,3,2
S01008714,35 to 49,72,24,16,8,48,29,1,8,8,2
S01008714,50 to 64,67,30,28,2,37,11,0,5,14,7
S01008714,65 to 74,34,18,18,0,16,0,1,3,5,7
S01008714,75 to 84,42,16,16,0,26,1,0,0,2,23
S01008714,85 and over,9,4,3,1,5,0,0,0,0,5
S01008715,All HRPs,367,157,123,34,210,72,4,20,38,76
S01008715,24 and under,5,2,1,1,3,3,0,0,0,0
S01008715,25 to 34,29,13,8,5,16,15,0,0,1,0
S01008715,35 to 49,78,35,22,13,43,22,0,10,11,0
S01008715,50 to 64,117,61,51,10,56,17,3,4,18,14
S01008715,65 to 74,57,26,23,3,31,8,1,3,4,15
S01008715,75 to 84,60,16,14,2,44,7,0,2,3,32
S01008715,85 and over,21,4,4,0,17,0,0,1,1,15
S01008716,All HRPs,295,104,76,28,191,68,6,10,35,72
S01008716,24 and under,8,2,0,2,6,6,0,0,0,0
S01008716,25 to 34,37,16,5,11,21,20,1,0,0,0
S01008716,35 to 49,59,28,19,9,31,20,0,2,9,0
S01008716,50 to 64,71,30,27,3,41,14,3,6,17,1
S01008716,65 to 74,29,12,11,1,17,3,0,0,6,8
S01008716,75 to 84,62,14,12,2,48,5,0,2,1,40
S01008716,85 and over,29,2,2,0,27,0,2,0,2,23
S01008717,All HRPs,181,102,80,22,79,36,4,12,19,8
S01008717,24 and under,10,6,0,6,4,4,0,0,0,0
S01008717,25 to 34,27,17,12,5,10,6,2,2,0,0
S01008717,35 to 49,77,38,29,9,39,21,2,5,11,0
S01008717,50 to 64,48,32,30,2,16,3,0,4,8,1
S01008717,65 to 74,9,6,6,0,3,1,0,1,0,1
S01008717,75 to 84,9,3,3,0,6,1,0,0,0,5
S01008717,85 and over,1,0,0,0,1,0,0,0,0,1
S01008718,All HRPs,222,123,105,18,99,36,1,9,22,31
S01008718,24 and under,2,0,0,0,2,2,0,0,0,0
S01008718,25 to 34,32,22,12,10,10,9,0,1,0,0
S01008718,35 to 49,55,28,24,4,27,15,0,5,4,3
S01008718,50 to 64,84,53,50,3,31,8,1,2,11,9
S01008718,65 to 74,20,10,9,1,10,1,0,1,3,5
S01008718,75 to 84,25,9,9,0,16,0,0,0,4,12
S01008718,85 and over,4,1,1,0,3,1,0,0,0,2
S01008719,All HRPs,420,237,190,47,183,96,5,16,34,32
S01008719,24 and under,28,7,0,7,21,20,0,0,0,1
S01008719,25 to 34,86,44,31,13,42,36,2,4,0,0
S01008719,35 to 49,133,71,57,14,62,31,0,7,18,6
S01008719,50 to 64,115,79,68,11,36,5,2,5,12,12
S01008719,65 to 74,39,27,25,2,12,3,1,0,4,4
S01008719,75 to 84,17,9,9,0,8,1,0,0,0,7
S01008719,85 and over,2,0,0,0,2,0,0,0,0,2
S01008720,All HRPs,243,109,86,23,134,61,2,14,18,39
S01008720,24 and under,13,2,0,2,11,11,0,0,0,0
S01008720,25 to 34,34,15,4,11,19,19,0,0,0,0
S01008720,35 to 49,56,31,26,5,25,17,0,6,2,0
S01008720,50 to 64,77,40,35,5,37,11,2,6,11,7
S01008720,65 to 74,31,13,13,0,18,3,0,1,4,10
S01008720,75 to 84,26,7,7,0,19,0,0,1,1,17
S01008720,85 and over,6,1,1,0,5,0,0,0,0,5
S01008721,All HRPs,310,220,183,37,90,29,2,20,18,21
S01008721,24 and under,3,1,1,0,2,1,0,1,0,0
S01008721,25 to 34,36,26,17,9,10,10,0,0,0,0
S01008721,35 to 49,120,88,71,17,32,12,0,8,10,2
S01008721,50 to 64,112,83,72,11,29,5,2,9,6,7
S01008721,65 to 74,25,16,16,0,9,1,0,1,1,6
S01008721,75 to 84,13,6,6,0,7,0,0,1,1,5
S01008721,85 and over,1,0,0,0,1,0,0,0,0,1
S01008722,All HRPs,480,287,248,39,193,45,7,15,32,94
S01008722,24 and under,3,2,1,1,1,1,0,0,0,0
S01008722,25 to 34,23,16,10,6,7,7,0,0,0,0
S01008722,35 to 49,109,77,63,14,32,17,1,7,3,4
S01008722,50 to 64,139,95,80,15,44,13,2,2,16,11
S01008722,65 to 74,84,56,54,2,28,2,0,2,6,18
S01008722,75 to 84,93,36,35,1,57,4,3,3,7,40
S01008722,85 and over,29,5,5,0,24,1,1,1,0,21
S01008723,All HRPs,257,167,141,26,90,29,1,9,20,31
S01008723,24 and under,3,1,0,1,2,2,0,0,0,0
S01008723,25 to 34,23,16,11,5,7,5,0,0,2,0
S01008723,35 to 49,76,51,40,11,25,12,1,7,4,1
S01008723,50 to 64,91,67,59,8,24,6,0,2,10,6
S01008723,65 to 74,27,14,14,0,13,0,0,0,2,11
S01008723,75 to 84,24,14,14,0,10,1,0,0,2,7
S01008723,85 and over,13,4,3,1,9,3,0,0,0,6
S01008724,All HRPs,400,239,211,28,161,49,5,13,39,55
S01008724,24 and under,5,2,0,2,3,3,0,0,0,0
S01008724,25 to 34,24,16,11,5,8,5,0,1,2,0
S01008724,35 to 49,112,77,67,10,35,20,1,6,8,0
S01008724,50 to 64,115,85,75,10,30,9,2,3,12,4
S01008724,65 to 74,62,33,32,1,29,5,1,2,12,9
S01008724,75 to 84,58,21,21,0,37,6,1,1,4,25
S01008724,85 and over,24,5,5,0,19,1,0,0,1,17
S01008725,All HRPs,343,185,148,37,158,62,4,17,32,43
S01008725,24 and under,2,0,0,0,2,2,0,0,0,0
S01008725,25 to 34,24,15,7,8,9,9,0,0,0,0
S01008725,35 to 49,109,61,50,11,48,30,0,7,11,0
S01008725,50 to 64,120,70,54,16,50,15,2,8,17,8
S01008725,65 to 74,42,24,23,1,18,3,1,1,3,10
S01008725,75 to 84,31,13,12,1,18,2,1,0,1,14
S01008725,85 and over,15,2,2,0,13,1,0,1,0,11
S01008726,All HRPs,241,156,136,20,85,26,3,7,24,25
S01008726,24 and under,3,0,0,0,3,3,0,0,0,0
S01008726,25 to 34,8,6,4,2,2,2,0,0,0,0
S01008726,35 to 49,87,68,58,10,19,9,0,3,7,0
S01008726,50 to 64,84,55,48,7,29,8,3,4,11,3
S01008726,65 to 74,31,18,18,0,13,2,0,0,6,5
S01008726,75 to 84,16,6,5,1,10,2,0,0,0,8
S01008726,85 and over,12,3,3,0,9,0,0,0,0,9
S01008727,All HRPs,454,243,184,59,211,86,5,18,47,55
S01008727,24 and under,5,0,0,0,5,5,0,0,0,0
S01008727,25 to 34,38,21,9,12,17,13,1,1,2,0
S01008727,35 to 49,145,92,59,33,53,31,0,8,13,1
S01008727,50 to 64,151,84,71,13,67,25,3,7,23,9
S01008727,65 to 74,57,26,25,1,31,4,0,2,6,19
S01008727,75 to 84,45,19,19,0,26,4,1,0,2,19
S01008727,85 and over,13,1,1,0,12,4,0,0,1,7
S01008728,All HRPs,229,97,62,35,132,59,3,14,29,27
S01008728,24 and under,4,1,0,1,3,3,0,0,0,0
S01008728,25 to 34,32,14,6,8,18,15,0,1,2,0
S01008728,35 to 49,89,46,27,19,43,25,0,7,6,5
S01008728,50 to 64,53,20,14,6,33,12,1,6,13,1
S01008728,65 to 74,23,8,7,1,15,2,1,0,6,6
S01008728,75 to 84,20,6,6,0,14,0,1,0,2,11
S01008728,85 and over,8,2,2,0,6,2,0,0,0,4
S01008729,All HRPs,277,176,150,26,101,41,2,12,20,26
S01008729,24 and under,2,0,0,0,2,2,0,0,0,0
S01008729,25 to 34,20,11,5,6,9,9,0,0,0,0
S01008729,35 to 49,121,88,72,16,33,17,0,6,9,1
S01008729,50 to 64,76,52,48,4,24,5,1,6,9,3
S01008729,65 to 74,28,20,20,0,8,2,0,0,1,5
S01008729,75 to 84,23,4,4,0,19,6,1,0,1,11
S01008729,85 and over,7,1,1,0,6,0,0,0,0,6
S01008730,All HRPs,411,173,95,78,238,142,8,23,41,24
S01008730,24 and under,12,2,0,2,10,10,0,0,0,0
S01008730,25 to 34,88,48,15,33,40,37,0,2,1,0
S01008730,35 to 49,182,87,50,37,95,61,5,13,13,3
S01008730,50 to 64,90,27,22,5,63,27,3,7,22,4
S01008730,65 to 74,18,7,6,1,11,4,0,1,3,3
S01008730,75 to 84,12,1,1,0,11,1,0,0,2,8
S01008730,85 and over,9,1,1,0,8,2,0,0,0,6
S01008731,All HRPs,226,94,74,20,132,50,3,8,25,46
S01008731,24 and under,1,0,0,0,1,1,0,0,0,0
S01008731,25 to 34,16,8,3,5,8,8,0,0,0,0
S01008731,35 to 49,54,29,20,9,25,15,0,6,4,0
S01008731,50 to 64,58,25,20,5,33,13,1,1,12,6
S01008731,65 to 74,47,18,18,0,29,9,0,1,9,10
S01008731,75 to 84,31,6,6,0,25,2,2,0,0,21
S01008731,85 and over,19,8,7,1,11,2,0,0,0,9
S01008732,All HRPs,340,106,66,40,234,146,4,20,36,28
S01008732,24 and under,12,5,0,5,7,7,0,0,0,0
S01008732,25 to 34,52,26,9,17,26,25,0,1,0,0
S01008732,35 to 49,123,33,23,10,90,69,3,10,8,0
S01008732,50 to 64,87,21,15,6,66,33,0,8,20,5
S01008732,65 to 74,37,13,11,2,24,8,0,1,8,7
S01008732,75 to 84,24,8,8,0,16,4,1,0,0,11
S01008732,85 and over,5,0,0,0,5,0,0,0,0,5
S01008733,All HRPs,473,186,126,60,287,162,4,21,57,43
S01008733,24 and under,27,11,2,9,16,16,0,0,0,0
S01008733,25 to 34,102,48,21,27,54,52,0,1,0,1
S01008733,35 to 49,144,59,41,18,85,62,1,6,16,0
S01008733,50 to 64,115,44,39,5,71,26,2,9,28,6
S01008733,65 to 74,41,15,15,0,26,3,1,5,9,8
S01008733,75 to 84,37,7,6,1,30,3,0,0,4,23
S01008733,85 and over,7,2,2,0,5,0,0,0,0,5
S01008734,All HRPs,266,143,116,27,123,46,1,5,35,36
S01008734,24 and under,6,0,0,0,6,6,0,0,0,0
S01008734,25 to 34,26,13,6,7,13,8,0,2,3,0
S01008734,35 to 49,89,52,36,16,37,22,1,1,11,2
S01008734,50 to 64,76,41,38,3,35,8,0,2,20,5
S01008734,65 to 74,29,20,19,1,9,1,0,0,0,8
S01008734,75 to 84,28,14,14,0,14,1,0,0,0,13
S01008734,85 and over,12,3,3,0,9,0,0,0,1,8
S01008735,All HRPs,385,273,251,22,112,35,3,7,12,55
S01008735,24 and under,4,1,0,1,3,3,0,0,0,0
S01008735,25 to 34,19,11,8,3,8,8,0,0,0,0
S01008735,35 to 49,104,93,83,10,11,5,0,3,3,0
S01008735,50 to 64,116,92,84,8,24,9,0,3,5,7
S01008735,65 to 74,69,42,42,0,27,5,0,1,4,17
S01008735,75 to 84,54,31,31,0,23,3,2,0,0,18
S01008735,85 and over,19,3,3,0,16,2,1,0,0,13
S01008736,All HRPs,290,189,173,16,101,38,3,3,13,44
S01008736,24 and under,3,1,0,1,2,2,0,0,0,0
S01008736,25 to 34,15,9,9,0,6,6,0,0,0,0
S01008736,35 to 49,79,61,51,10,18,13,1,1,3,0
S01008736,50 to 64,76,55,52,3,21,9,0,1,7,4
S01008736,65 to 74,45,33,32,1,12,2,0,0,2,8
S01008736,75 to 84,60,28,27,1,32,4,2,1,1,24
S01008736,85 and over,12,2,2,0,10,2,0,0,0,8
S01008737,All HRPs,339,216,196,20,123,35,1,11,12,64
S01008737,24 and under,4,1,0,1,3,3,0,0,0,0
S01008737,25 to 34,14,8,6,2,6,5,0,1,0,0
S01008737,35 to 49,72,57,47,10,15,10,0,4,1,0
S01008737,50 to 64,111,83,76,7,28,9,1,4,7,7
S01008737,65 to 74,52,33,33,0,19,3,0,1,3,12
S01008737,75 to 84,61,31,31,0,30,4,0,0,1,25
S01008737,85 and over,25,3,3,0,22,1,0,1,0,20
S01008738,All HRPs,299,220,209,11,79,17,1,5,6,50
S01008738,24 and under,0,0,0,0,0,0,0,0,0,0
S01008738,25 to 34,12,11,8,3,1,1,0,0,0,0
S01008738,35 to 49,75,64,60,4,11,7,0,3,1,0
S01008738,50 to 64,91,78,75,3,13,3,1,1,4,4
S01008738,65 to 74,63,39,38,1,24,2,0,1,1,20
S01008738,75 to 84,47,24,24,0,23,2,0,0,0,21
S01008738,85 and over,11,4,4,0,7,2,0,0,0,5
S01008739,All HRPs,240,139,120,19,101,28,1,13,26,33
S01008739,24 and under,4,0,0,0,4,4,0,0,0,0
S01008739,25 to 34,14,7,4,3,7,5,0,2,0,0
S01008739,35 to 49,66,39,30,9,27,10,0,10,6,1
S01008739,50 to 64,84,60,53,7,24,5,0,1,13,5
S01008739,65 to 74,37,26,26,0,11,3,0,0,5,3
S01008739,75 to 84,27,6,6,0,21,1,1,0,2,17
S01008739,85 and over,8,1,1,0,7,0,0,0,0,7
S01008740,All HRPs,227,151,133,18,76,10,2,5,16,43
S01008740,24 and under,1,1,1,0,0,0,0,0,0,0
S01008740,25 to 34,11,8,5,3,3,2,1,0,0,0
S01008740,35 to 49,53,43,35,8,10,6,0,3,0,1
S01008740,50 to 64,73,56,50,6,17,2,0,2,9,4
S01008740,65 to 74,54,32,31,1,22,0,1,0,4,17
S01008740,75 to 84,27,9,9,0,18,0,0,0,1,17
S01008740,85 and over,8,2,2,0,6,0,0,0,2,4
S01008741,All HRPs,395,263,238,25,132,25,3,8,31,65
S01008741,24 and under,1,0,0,0,1,1,0,0,0,0
S01008741,25 to 34,22,14,7,7,8,6,1,1,0,0
S01008741,35 to 49,98,75,66,9,23,6,0,3,12,2
S01008741,50 to 64,117,91,87,4,26,4,0,3,13,6
S01008741,65 to 74,70,43,39,4,27,1,1,1,3,21
S01008741,75 to 84,70,34,33,1,36,4,0,0,3,29
S01008741,85 and over,17,6,6,0,11,3,1,0,0,7
S01008742,All HRPs,280,107,82,25,173,69,7,8,25,64
S01008742,24 and under,5,0,0,0,5,4,0,1,0,0
S01008742,25 to 34,26,16,1,15,10,10,0,0,0,0
S01008742,35 to 49,54,25,18,7,29,22,0,2,5,0
S01008742,50 to 64,57,31,28,3,26,10,0,4,12,0
S01008742,65 to 74,42,15,15,0,27,8,4,0,4,11
S01008742,75 to 84,62,18,18,0,44,9,2,1,4,28
S01008742,85 and over,34,2,2,0,32,6,1,0,0,25
S01008743,All HRPs,485,168,115,53,317,158,2,29,63,65
S01008743,24 and under,24,7,1,6,17,17,0,0,0,0
S01008743,25 to 34,110,47,22,25,63,60,0,2,1,0
S01008743,35 to 49,127,46,29,17,81,47,0,13,20,1
S01008743,50 to 64,96,32,29,3,64,23,2,10,20,9
S01008743,65 to 74,61,24,22,2,37,9,0,3,11,14
S01008743,75 to 84,44,9,9,0,35,0,0,1,10,24
S01008743,85 and over,23,3,3,0,20,2,0,0,1,17
S01008744,All HRPs,519,205,155,50,314,132,10,23,64,85
S01008744,24 and under,18,1,0,1,17,15,1,0,1,0
S01008744,25 to 34,68,24,7,17,44,33,4,4,3,0
S01008744,35 to 49,145,77,58,19,68,39,0,9,19,1
S01008744,50 to 64,112,49,38,11,63,21,0,6,27,9
S01008744,65 to 74,67,20,19,1,47,15,4,4,9,15
S01008744,75 to 84,76,27,26,1,49,5,1,0,5,38
S01008744,85 and over,33,7,7,0,26,4,0,0,0,22
S01008745,All HRPs,241,106,84,22,135,64,2,7,32,30
S01008745,24 and under,11,2,0,2,9,9,0,0,0,0
S01008745,25 to 34,30,17,7,10,13,12,0,0,1,0
S01008745,35 to 49,70,29,22,7,41,26,1,2,10,2
S01008745,50 to 64,58,31,28,3,27,7,0,3,16,1
S01008745,65 to 74,26,12,12,0,14,4,0,2,2,6
S01008745,75 to 84,35,11,11,0,24,6,0,0,3,15
S01008745,85 and over,11,4,4,0,7,0,1,0,0,6
S01008746,All HRPs,572,179,117,62,393,205,7,27,92,62
S01008746,24 and under,29,7,0,7,22,22,0,0,0,0
S01008746,25 to 34,122,52,20,32,70,66,2,1,1,0
S01008746,35 to 49,183,53,39,14,130,78,1,15,33,3
S01008746,50 to 64,124,35,28,7,89,27,3,8,43,8
S01008746,65 to 74,51,18,17,1,33,4,1,3,9,16
S01008746,75 to 84,44,13,12,1,31,6,0,0,5,20
S01008746,85 and over,19,1,1,0,18,2,0,0,1,15
S01008747,All HRPs,234,130,109,21,104,32,2,6,18,46
S01008747,24 and under,5,0,0,0,5,5,0,0,0,0
S01008747,25 to 34,20,11,7,4,9,7,1,1,0,0
S01008747,35 to 49,61,43,30,13,18,10,1,3,3,1
S01008747,50 to 64,63,39,36,3,24,8,0,2,9,5
S01008747,65 to 74,35,20,19,1,15,0,0,0,2,13
S01008747,75 to 84,41,16,16,0,25,2,0,0,4,19
S01008747,85 and over,9,1,1,0,8,0,0,0,0,8
S01008748,All HRPs,283,202,183,19,81,17,5,3,9,47
S01008748,24 and under,0,0,0,0,0,0,0,0,0,0
S01008748,25 to 34,8,6,4,2,2,0,1,0,0,1
S01008748,35 to 49,77,69,59,10,8,4,0,2,2,0
S01008748,50 to 64,70,59,52,7,11,7,0,0,2,2
S01008748,65 to 74,64,42,42,0,22,2,1,1,5,13
S01008748,75 to 84,46,23,23,0,23,3,1,0,0,19
S01008748,85 and over,18,3,3,0,15,1,2,0,0,12
S01008749,All HRPs,402,269,243,26,133,33,9,14,20,57
S01008749,24 and under,2,1,0,1,1,1,0,0,0,0
S01008749,25 to 34,20,12,9,3,8,7,0,1,0,0
S01008749,35 to 49,98,75,60,15,23,10,1,7,5,0
S01008749,50 to 64,129,104,99,5,25,6,1,6,7,5
S01008749,65 to 74,68,47,45,2,21,4,2,0,5,10
S01008749,75 to 84,58,22,22,0,36,4,3,0,3,26
S01008749,85 and over,27,8,8,0,19,1,2,0,0,16
S01008750,All HRPs,313,198,185,13,115,31,5,3,16,60
S01008750,24 and under,3,0,0,0,3,3,0,0,0,0
S01008750,25 to 34,4,4,3,1,0,0,0,0,0,0
S01008750,35 to 49,61,46,39,7,15,7,1,2,4,1
S01008750,50 to 64,109,76,72,4,33,13,1,1,8,10
S01008750,65 to 74,66,46,46,0,20,4,0,0,3,13
S01008750,75 to 84,52,21,20,1,31,4,2,0,1,24
S01008750,85 and over,18,5,5,0,13,0,1,0,0,12
S01008751,All HRPs,304,126,110,16,178,67,6,7,48,50
S01008751,24 and under,4,1,0,1,3,3,0,0,0,0
S01008751,25 to 34,39,10,7,3,29,20,3,0,6,0
S01008751,35 to 49,71,41,35,6,30,16,2,4,7,1
S01008751,50 to 64,79,44,40,4,35,12,0,2,18,3
S01008751,65 to 74,52,15,13,2,37,9,1,0,13,14
S01008751,75 to 84,47,14,14,0,33,3,0,1,3,26
S01008751,85 and over,12,1,1,0,11,4,0,0,1,6
S01008752,All HRPs,459,113,70,43,346,175,3,29,78,61
S01008752,24 and under,27,9,2,7,18,16,0,1,1,0
S01008752,25 to 34,96,21,4,17,75,69,0,2,4,0
S01008752,35 to 49,132,28,14,14,104,62,2,12,26,2
S01008752,50 to 64,91,22,19,3,69,17,0,11,33,8
S01008752,65 to 74,44,15,14,1,29,5,1,2,9,12
S01008752,75 to 84,49,15,14,1,34,6,0,1,5,22
S01008752,85 and over,20,3,3,0,17,0,0,0,0,17
S01008753,All HRPs,314,79,52,27,235,115,0,9,59,52
S01008753,24 and under,9,2,0,2,7,7,0,0,0,0
S01008753,25 to 34,56,16,7,9,40,36,0,0,3,1
S01008753,35 to 49,89,26,17,9,63,39,0,6,18,0
S01008753,50 to 64,76,20,16,4,56,19,0,3,27,7
S01008753,65 to 74,34,8,7,1,26,5,0,0,6,15
S01008753,75 to 84,32,3,2,1,29,6,0,0,5,18
S01008753,85 and over,18,4,3,1,14,3,0,0,0,11
S01008754,All HRPs,362,119,60,59,243,144,1,16,53,29
S01008754,24 and under,28,5,1,4,23,23,0,0,0,0
S01008754,25 to 34,93,46,13,33,47,40,0,3,3,1
S01008754,35 to 49,104,26,12,14,78,55,0,5,18,0
S01008754,50 to 64,73,22,15,7,51,18,0,6,21,6
S01008754,65 to 74,42,13,12,1,29,4,1,2,10,12
S01008754,75 to 84,16,5,5,0,11,3,0,0,1,7
S01008754,85 and over,6,2,2,0,4,1,0,0,0,3
S01008755,All HRPs,541,150,92,58,391,245,7,22,65,52
S01008755,24 and under,39,8,4,4,31,30,0,0,1,0
S01008755,25 to 34,159,51,19,32,108,102,1,4,1,0
S01008755,35 to 49,157,40,27,13,117,82,4,10,19,2
S01008755,50 to 64,92,28,21,7,64,21,0,6,30,7
S01008755,65 to 74,40,10,9,1,30,4,1,2,9,14
S01008755,75 to 84,40,12,11,1,28,4,1,0,3,20
S01008755,85 and over,14,1,1,0,13,2,0,0,2,9
S01008756,All HRPs,418,126,75,51,292,159,2,32,60,39
S01008756,24 and under,21,8,1,7,13,12,0,1,0,0
S01008756,25 to 34,71,37,16,21,34,33,0,0,1,0
S01008756,35 to 49,142,28,16,12,114,78,0,15,19,2
S01008756,50 to 64,83,26,18,8,57,17,2,12,20,6
S01008756,65 to 74,54,13,10,3,41,8,0,4,14,15
S01008756,75 to 84,38,11,11,0,27,10,0,0,5,12
S01008756,85 and over,9,3,3,0,6,1,0,0,1,4
S01008757,All HRPs,397,96,61,35,301,161,3,18,68,51
S01008757,24 and under,20,2,0,2,18,17,0,0,0,1
S01008757,25 to 34,62,14,2,12,48,43,0,1,4,0
S01008757,35 to 49,105,29,16,13,76,52,1,8,13,2
S01008757,50 to 64,107,26,20,6,81,30,0,3,40,8
S01008757,65 to 74,61,18,16,2,43,14,0,5,9,15
S01008757,75 to 84,33,7,7,0,26,4,1,1,1,19
S01008757,85 and over,9,0,0,0,9,1,1,0,1,6
S01008758,All HRPs,444,146,95,51,298,138,8,24,68,60
S01008758,24 and under,17,3,0,3,14,14,0,0,0,0
S01008758,25 to 34,65,39,18,21,26,23,0,2,0,1
S01008758,35 to 49,135,32,18,14,103,55,5,13,29,1
S01008758,50 to 64,98,32,25,7,66,25,2,7,27,5
S01008758,65 to 74,59,21,18,3,38,11,0,2,10,15
S01008758,75 to 84,57,13,11,2,44,10,1,0,2,31
S01008758,85 and over,13,6,5,1,7,0,0,0,0,7
S01008759,All HRPs,322,88,63,25,234,118,2,15,47,52
S01008759,24 and under,19,4,0,4,15,15,0,0,0,0
S01008759,25 to 34,44,12,3,9,32,27,0,3,2,0
S01008759,35 to 49,100,30,19,11,70,47,1,9,12,1
S01008759,50 to 64,75,23,22,1,52,21,0,3,21,7
S01008759,65 to 74,36,14,14,0,22,5,0,0,6,11
S01008759,75 to 84,32,5,5,0,27,2,1,0,2,22
S01008759,85 and over,16,0,0,0,16,1,0,0,4,11
S01008760,All HRPs,500,135,99,36,365,205,4,33,94,29
S01008760,24 and under,28,3,2,1,25,25,0,0,0,0
S01008760,25 to 34,76,19,11,8,57,55,1,1,0,0
S01008760,35 to 49,189,56,39,17,133,87,0,19,25,2
S01008760,50 to 64,113,30,21,9,83,20,2,11,42,8
S01008760,65 to 74,56,17,16,1,39,13,1,0,19,6
S01008760,75 to 84,30,10,10,0,20,5,0,1,6,8
S01008760,85 and over,8,0,0,0,8,0,0,1,2,5
S01008761,All HRPs,295,148,109,39,147,96,6,12,25,8
S01008761,24 and under,31,9,1,8,22,22,0,0,0,0
S01008761,25 to 34,92,50,28,22,42,34,1,4,3,0
S01008761,35 to 49,95,55,48,7,40,27,3,4,6,0
S01008761,50 to 64,56,30,28,2,26,7,2,2,13,2
S01008761,65 to 74,11,4,4,0,7,2,0,1,2,2
S01008761,75 to 84,8,0,0,0,8,4,0,1,1,2
S01008761,85 and over,2,0,0,0,2,0,0,0,0,2
S01008762,All HRPs,301,162,129,33,139,62,3,8,25,41
S01008762,24 and under,6,0,0,0,6,6,0,0,0,0
S01008762,25 to 34,41,17,8,9,24,22,1,1,0,0
S01008762,35 to 49,82,55,39,16,27,15,0,4,7,1
S01008762,50 to 64,81,49,43,6,32,10,0,3,12,7
S01008762,65 to 74,38,22,20,2,16,3,1,0,3,9
S01008762,75 to 84,45,19,19,0,26,4,0,0,3,19
S01008762,85 and over,8,0,0,0,8,2,1,0,0,5
S01008763,All HRPs,433,244,172,72,189,99,3,13,39,35
S01008763,24 and under,8,3,0,3,5,5,0,0,0,0
S01008763,25 to 34,70,47,27,20,23,19,0,1,2,1
S01008763,35 to 49,174,105,67,38,69,46,1,10,11,1
S01008763,50 to 64,100,58,48,10,42,21,2,2,15,2
S01008763,65 to 74,41,24,23,1,17,3,0,0,7,7
S01008763,75 to 84,27,5,5,0,22,4,0,0,3,15
S01008763,85 and over,13,2,2,0,11,1,0,0,1,9
S01008764,All HRPs,306,183,147,36,123,59,2,9,25,28
S01008764,24 and under,11,1,0,1,10,10,0,0,0,0
S01008764,25 to 34,40,25,15,10,15,14,1,0,0,0
S01008764,35 to 49,104,70,53,17,34,23,1,4,6,0
S01008764,50 to 64,89,58,51,7,31,10,0,4,13,4
S01008764,65 to 74,31,19,18,1,12,2,0,0,4,6
S01008764,75 to 84,20,8,8,0,12,0,0,1,2,9
S01008764,85 and over,11,2,2,0,9,0,0,0,0,9
S01008765,All HRPs,393,197,140,57,196,104,5,16,44,27
S01008765,24 and under,8,3,0,3,5,5,0,0,0,0
S01008765,25 to 34,68,32,20,12,36,34,2,0,0,0
S01008765,35 to 49,164,98,63,35,66,41,2,9,14,0
S01008765,50 to 64,86,43,38,5,43,14,0,5,20,4
S01008765,65 to 74,36,18,16,2,18,6,0,1,7,4
S01008765,75 to 84,23,2,2,0,21,3,0,1,3,14
S01008765,85 and over,8,1,1,0,7,1,1,0,0,5
S01008766,All HRPs,413,263,224,39,150,60,1,13,20,56
S01008766,24 and under,7,0,0,0,7,7,0,0,0,0
S01008766,25 to 34,35,19,13,6,16,16,0,0,0,0
S01008766,35 to 49,134,99,76,23,35,17,0,7,8,3
S01008766,50 to 64,124,87,79,8,37,12,1,5,9,10
S01008766,65 to 74,56,37,35,2,19,3,0,1,2,13
S01008766,75 to 84,41,17,17,0,24,2,0,0,1,21
S01008766,85 and over,16,4,4,0,12,3,0,0,0,9
S01008767,All HRPs,266,117,94,23,149,61,3,16,39,30
S01008767,24 and under,5,2,0,2,3,3,0,0,0,0
S01008767,25 to 34,29,16,10,6,13,11,0,2,0,0
S01008767,35 to 49,94,48,36,12,46,25,1,5,15,0
S01008767,50 to 64,75,29,26,3,46,12,1,9,19,5
S01008767,65 to 74,28,10,10,0,18,8,0,0,3,7
S01008767,75 to 84,29,11,11,0,18,1,0,0,1,16
S01008767,85 and over,6,1,1,0,5,1,1,0,1,2
S01008768,All HRPs,256,102,68,34,154,93,3,15,22,21
S01008768,24 and under,8,2,0,2,6,6,0,0,0,0
S01008768,25 to 34,69,35,15,20,34,34,0,0,0,0
S01008768,35 to 49,91,36,25,11,55,38,0,11,5,1
S01008768,50 to 64,48,16,15,1,32,12,1,4,11,4
S01008768,65 to 74,18,7,7,0,11,1,2,0,3,5
S01008768,75 to 84,12,5,5,0,7,0,0,0,3,4
S01008768,85 and over,10,1,1,0,9,2,0,0,0,7
S01008769,All HRPs,380,166,87,79,214,154,9,13,26,12
S01008769,24 and under,30,6,1,5,24,24,0,0,0,0
S01008769,25 to 34,152,81,32,49,71,61,3,3,4,0
S01008769,35 to 49,124,44,26,18,80,56,5,8,9,2
S01008769,50 to 64,56,28,21,7,28,12,1,2,9,4
S01008769,65 to 74,12,4,4,0,8,1,0,0,4,3
S01008769,75 to 84,5,2,2,0,3,0,0,0,0,3
S01008769,85 and over,1,1,1,0,0,0,0,0,0,0
S01008770,All HRPs,431,193,107,86,238,171,6,28,32,1
S01008770,24 and under,47,7,0,7,40,40,0,0,0,0
S01008770,25 to 34,172,88,42,46,84,73,3,4,4,0
S01008770,35 to 49,134,63,40,23,71,49,3,7,11,1
S01008770,50 to 64,66,28,19,9,38,9,0,16,13,0
S01008770,65 to 74,11,6,5,1,5,0,0,1,4,0
S01008770,75 to 84,1,1,1,0,0,0,0,0,0,0
S01008770,85 and over,0,0,0,0,0,0,0,0,0,0
S01008771,All HRPs,411,177,112,65,234,160,5,22,35,12
S01008771,24 and under,44,5,0,5,39,37,0,1,1,0
S01008771,25 to 34,117,48,20,28,69,62,2,4,1,0
S01008771,35 to 49,137,73,50,23,64,42,2,9,11,0
S01008771,50 to 64,75,34,26,8,41,13,1,7,18,2
S01008771,65 to 74,19,8,8,0,11,5,0,0,4,2
S01008771,75 to 84,14,7,7,0,7,1,0,1,0,5
S01008771,85 and over,5,2,1,1,3,0,0,0,0,3
S01008772,All HRPs,395,177,136,41,218,96,2,15,50,55
S01008772,24 and under,10,3,0,3,7,7,0,0,0,0
S01008772,25 to 34,62,36,18,18,26,24,0,1,1,0
S01008772,35 to 49,129,60,44,16,69,39,0,8,21,1
S01008772,50 to 64,85,43,40,3,42,17,2,6,14,3
S01008772,65 to 74,49,18,17,1,31,5,0,0,8,18
S01008772,75 to 84,42,13,13,0,29,2,0,0,5,22
S01008772,85 and over,18,4,4,0,14,2,0,0,1,11
S01008773,All HRPs,596,213,123,90,383,230,2,24,76,51
S01008773,24 and under,22,9,0,9,13,12,0,1,0,0
S01008773,25 to 34,138,69,25,44,69,63,0,5,0,1
S01008773,35 to 49,216,71,42,29,145,106,1,13,24,1
S01008773,50 to 64,116,38,31,7,78,31,1,2,36,8
S01008773,65 to 74,58,19,18,1,39,8,0,3,14,14
S01008773,75 to 84,32,6,6,0,26,7,0,0,2,17
S01008773,85 and over,14,1,1,0,13,3,0,0,0,10
S01008774,All HRPs,495,162,90,72,333,209,9,26,59,30
S01008774,24 and under,51,12,3,9,39,37,0,0,2,0
S01008774,25 to 34,142,65,19,46,77,73,4,0,0,0
S01008774,35 to 49,152,39,31,8,113,73,3,16,20,1
S01008774,50 to 64,95,31,23,8,64,21,0,9,27,7
S01008774,65 to 74,36,12,11,1,24,5,1,0,6,12
S01008774,75 to 84,17,3,3,0,14,0,1,1,4,8
S01008774,85 and over,2,0,0,0,2,0,0,0,0,2
S01008775,All HRPs,218,109,71,38,109,65,0,7,23,14
S01008775,24 and under,14,2,0,2,12,12,0,0,0,0
S01008775,25 to 34,42,27,10,17,15,14,0,0,1,0
S01008775,35 to 49,77,43,29,14,34,20,0,5,9,0
S01008775,50 to 64,47,23,21,2,24,10,0,1,11,2
S01008775,65 to 74,23,10,8,2,13,7,0,1,2,3
S01008775,75 to 84,9,0,0,0,9,1,0,0,0,8
S01008775,85 and over,6,4,3,1,2,1,0,0,0,1
S01008776,All HRPs,467,119,67,52,348,231,5,20,69,23
S01008776,24 and under,44,9,1,8,35,33,0,0,1,1
S01008776,25 to 34,121,31,11,20,90,84,0,2,4,0
S01008776,35 to 49,170,46,26,20,124,79,5,10,25,5
S01008776,50 to 64,90,23,19,4,67,26,0,7,30,4
S01008776,65 to 74,24,6,6,0,18,6,0,0,6,6
S01008776,75 to 84,13,4,4,0,9,3,0,1,3,2
S01008776,85 and over,5,0,0,0,5,0,0,0,0,5
S01008777,All HRPs,637,155,94,61,482,265,8,34,122,53
S01008777,24 and under,39,4,0,4,35,35,0,0,0,0
S01008777,25 to 34,114,48,20,28,66,62,2,1,0,1
S01008777,35 to 49,179,42,25,17,137,97,2,9,27,2
S01008777,50 to 64,185,35,25,10,150,52,3,15,59,21
S01008777,65 to 74,79,14,14,0,65,16,1,8,31,9
S01008777,75 to 84,33,11,9,2,22,1,0,1,5,15
S01008777,85 and over,8,1,1,0,7,2,0,0,0,5
S01008778,All HRPs,664,217,93,124,447,309,13,33,80,12
S01008778,24 and under,56,11,0,11,45,45,0,0,0,0
S01008778,25 to 34,243,104,35,69,139,129,2,3,5,0
S01008778,35 to 49,226,71,35,36,155,98,5,17,34,1
S01008778,50 to 64,109,26,21,5,83,32,4,7,36,4
S01008778,65 to 74,27,3,0,3,24,4,2,6,5,7
S01008778,75 to 84,3,2,2,0,1,1,0,0,0,0
S01008778,85 and over,0,0,0,0,0,0,0,0,0,0
S01008779,All HRPs,402,166,97,69,236,170,6,13,34,13
S01008779,24 and under,33,9,1,8,24,24,0,0,0,0
S01008779,25 to 34,151,72,32,40,79,72,2,2,3,0
S01008779,35 to 49,136,50,35,15,86,68,0,5,11,2
S01008779,50 to 64,63,28,24,4,35,6,4,6,14,5
S01008779,65 to 74,13,5,5,0,8,0,0,0,5,3
S01008779,75 to 84,4,2,0,2,2,0,0,0,1,1
S01008779,85 and over,2,0,0,0,2,0,0,0,0,2
S01008780,All HRPs,329,117,52,65,212,163,2,14,29,4
S01008780,24 and under,28,8,1,7,20,20,0,0,0,0
S01008780,25 to 34,124,56,26,30,68,63,0,4,1,0
S01008780,35 to 49,111,36,12,24,75,62,2,4,7,0
S01008780,50 to 64,55,11,8,3,44,17,0,6,19,2
S01008780,65 to 74,7,4,4,0,3,1,0,0,1,1
S01008780,75 to 84,4,2,1,1,2,0,0,0,1,1
S01008780,85 and over,0,0,0,0,0,0,0,0,0,0
S01008781,All HRPs,530,153,66,87,377,275,9,29,49,15
S01008781,24 and under,39,8,1,7,31,31,0,0,0,0
S01008781,25 to 34,231,91,32,59,140,131,2,2,5,0
S01008781,35 to 49,172,36,20,16,136,95,4,17,18,2
S01008781,50 to 64,67,16,11,5,51,16,2,9,19,5
S01008781,65 to 74,12,1,1,0,11,1,0,1,7,2
S01008781,75 to 84,8,1,1,0,7,1,1,0,0,5
S01008781,85 and over,1,0,0,0,1,0,0,0,0,1
S01008782,All HRPs,400,168,80,88,232,181,6,12,27,6
S01008782,24 and under,20,5,1,4,15,15,0,0,0,0
S01008782,25 to 34,151,71,23,48,80,76,0,2,2,0
S01008782,35 to 49,156,66,36,30,90,71,2,4,12,1
S01008782,50 to 64,55,18,15,3,37,17,4,5,11,0
S01008782,65 to 74,9,4,2,2,5,2,0,1,1,1
S01008782,75 to 84,3,0,0,0,3,0,0,0,0,3
S01008782,85 and over,6,4,3,1,2,0,0,0,1,1
S01008783,All HRPs,236,96,41,55,140,104,1,4,27,4
S01008783,24 and under,16,5,0,5,11,11,0,0,0,0
S01008783,25 to 34,87,38,11,27,49,47,0,0,2,0
S01008783,35 to 49,84,38,19,19,46,36,0,2,8,0
S01008783,50 to 64,43,14,10,4,29,8,1,2,15,3
S01008783,65 to 74,4,0,0,0,4,2,0,0,1,1
S01008783,75 to 84,2,1,1,0,1,0,0,0,1,0
S01008783,85 and over,0,0,0,0,0,0,0,0,0,0
S01008784,All HRPs,268,86,35,51,182,125,5,14,33,5
S01008784,24 and under,12,3,0,3,9,8,0,1,0,0
S01008784,25 to 34,102,42,13,29,60,54,2,2,2,0
S01008784,35 to 49,98,26,10,16,72,57,0,5,9,1
S01008784,50 to 64,45,12,10,2,33,6,2,6,17,2
S01008784,65 to 74,10,3,2,1,7,0,1,0,5,1
S01008784,75 to 84,0,0,0,0,0,0,0,0,0,0
S01008784,85 and over,1,0,0,0,1,0,0,0,0,1
S01008785,All HRPs,485,135,78,57,350,195,9,30,73,43
S01008785,24 and under,48,5,2,3,43,41,0,1,0,1
S01008785,25 to 34,125,50,17,33,75,66,2,0,6,1
S01008785,35 to 49,135,30,18,12,105,61,6,16,21,1
S01008785,50 to 64,79,21,17,4,58,19,1,9,24,5
S01008785,65 to 74,56,21,16,5,35,3,0,2,14,16
S01008785,75 to 84,31,7,7,0,24,4,0,2,6,12
S01008785,85 and over,11,1,1,0,10,1,0,0,2,7
S01008786,All HRPs,540,168,72,96,372,274,5,19,46,28
S01008786,24 and under,35,8,0,8,27,27,0,0,0,0
S01008786,25 to 34,220,76,26,50,144,132,2,5,5,0
S01008786,35 to 49,173,56,23,33,117,88,1,7,18,3
S01008786,50 to 64,69,16,12,4,53,22,2,6,19,4
S01008786,65 to 74,24,6,6,0,18,4,0,1,4,9
S01008786,75 to 84,16,6,5,1,10,1,0,0,0,9
S01008786,85 and over,3,0,0,0,3,0,0,0,0,3
S01008787,All HRPs,200,43,29,14,157,99,1,13,30,14
S01008787,24 and under,27,1,0,1,26,26,0,0,0,0
S01008787,25 to 34,48,12,6,6,36,29,1,3,3,0
S01008787,35 to 49,68,17,11,6,51,31,0,6,12,2
S01008787,50 to 64,28,5,4,1,23,7,0,4,11,1
S01008787,65 to 74,18,7,7,0,11,4,0,0,2,5
S01008787,75 to 84,10,1,1,0,9,2,0,0,2,5
S01008787,85 and over,1,0,0,0,1,0,0,0,0,1
S01008788,All HRPs,376,141,64,77,235,154,8,19,42,12
S01008788,24 and under,26,6,2,4,20,20,0,0,0,0
S01008788,25 to 34,166,79,27,52,87,75,3,6,3,0
S01008788,35 to 49,115,36,19,17,79,46,3,7,20,3
S01008788,50 to 64,43,13,12,1,30,9,1,3,15,2
S01008788,65 to 74,17,6,3,3,11,1,1,2,3,4
S01008788,75 to 84,8,1,1,0,7,3,0,1,1,2
S01008788,85 and over,1,0,0,0,1,0,0,0,0,1
S01008789,All HRPs,375,123,90,33,252,120,4,11,53,64
S01008789,24 and under,15,7,2,5,8,7,1,0,0,0
S01008789,25 to 34,72,26,12,14,46,45,0,1,0,0
S01008789,35 to 49,76,29,19,10,47,34,1,0,12,0
S01008789,50 to 64,76,24,22,2,52,18,0,5,21,8
S01008789,65 to 74,54,19,17,2,35,5,0,4,15,11
S01008789,75 to 84,56,14,14,0,42,10,2,0,4,26
S01008789,85 and over,26,4,4,0,22,1,0,1,1,19
S01008790,All HRPs,353,96,46,50,257,165,4,16,51,21
S01008790,24 and under,35,7,1,6,28,27,1,0,0,0
S01008790,25 to 34,77,30,7,23,47,46,0,1,0,0
S01008790,35 to 49,146,41,22,19,105,73,2,8,22,0
S01008790,50 to 64,54,10,9,1,44,14,0,6,20,4
S01008790,65 to 74,22,4,4,0,18,3,1,1,6,7
S01008790,75 to 84,16,4,3,1,12,2,0,0,2,8
S01008790,85 and over,3,0,0,0,3,0,0,0,1,2
S01008791,All HRPs,421,156,102,54,265,194,12,13,34,12
S01008791,24 and under,43,7,1,6,36,35,1,0,0,0
S01008791,25 to 34,166,69,38,31,97,94,2,1,0,0
S01008791,35 to 49,120,45,30,15,75,49,8,3,13,2
S01008791,50 to 64,62,22,21,1,40,12,1,8,13,6
S01008791,65 to 74,20,8,7,1,12,2,0,1,8,1
S01008791,75 to 84,8,4,4,0,4,2,0,0,0,2
S01008791,85 and over,2,1,1,0,1,0,0,0,0,1
S01008792,All HRPs,415,165,91,74,250,166,6,9,49,20
S01008792,24 and under,21,4,0,4,17,17,0,0,0,0
S01008792,25 to 34,109,52,19,33,57,52,3,1,1,0
S01008792,35 to 49,147,59,31,28,88,66,2,4,15,1
S01008792,50 to 64,85,34,26,8,51,21,0,2,23,5
S01008792,65 to 74,29,7,6,1,22,5,0,1,9,7
S01008792,75 to 84,19,8,8,0,11,4,1,1,1,4
S01008792,85 and over,5,1,1,0,4,1,0,0,0,3
S01008793,All HRPs,266,57,27,30,209,124,7,18,35,25
S01008793,24 and under,25,4,2,2,21,20,0,0,0,1
S01008793,25 to 34,63,22,4,18,41,37,1,2,1,0
S01008793,35 to 49,73,16,9,7,57,44,1,3,9,0
S01008793,50 to 64,45,9,7,2,36,12,2,11,10,1
S01008793,65 to 74,23,3,3,0,20,4,1,1,9,5
S01008793,75 to 84,18,2,1,1,16,3,1,1,3,8
S01008793,85 and over,19,1,1,0,18,4,1,0,3,10
S01008794,All HRPs,492,169,106,63,323,149,3,16,72,83
S01008794,24 and under,19,3,0,3,16,16,0,0,0,0
S01008794,25 to 34,113,60,19,41,53,48,0,2,3,0
S01008794,35 to 49,107,38,27,11,69,46,1,6,16,0
S01008794,50 to 64,88,30,25,5,58,21,2,6,27,2
S01008794,65 to 74,49,13,11,2,36,7,0,1,17,11
S01008794,75 to 84,66,20,19,1,46,3,0,1,8,34
S01008794,85 and over,50,5,5,0,45,8,0,0,1,36
S01008795,All HRPs,618,219,115,104,399,289,10,17,51,32
S01008795,24 and under,60,12,0,12,48,48,0,0,0,0
S01008795,25 to 34,236,92,34,58,144,135,1,6,2,0
S01008795,35 to 49,187,70,41,29,117,75,6,8,26,2
S01008795,50 to 64,77,30,26,4,47,22,3,0,15,7
S01008795,65 to 74,26,7,7,0,19,6,0,2,6,5
S01008795,75 to 84,27,7,6,1,20,3,0,1,2,14
S01008795,85 and over,5,1,1,0,4,0,0,0,0,4
S01008796,All HRPs,622,186,103,83,436,280,8,20,85,43
S01008796,24 and under,50,16,3,13,34,34,0,0,0,0
S01008796,25 to 34,174,63,21,42,111,102,4,4,1,0
S01008796,35 to 49,209,58,36,22,151,114,2,8,26,1
S01008796,50 to 64,101,26,23,3,75,18,1,6,42,8
S01008796,65 to 74,40,8,8,0,32,6,0,1,13,12
S01008796,75 to 84,35,12,10,2,23,4,1,1,3,14
S01008796,85 and over,13,3,2,1,10,2,0,0,0,8
S01008797,All HRPs,579,178,88,90,401,265,9,17,54,56
S01008797,24 and under,41,12,1,11,29,27,0,0,0,2
S01008797,25 to 34,170,72,26,46,98,90,1,1,6,0
S01008797,35 to 49,197,56,25,31,141,110,4,12,14,1
S01008797,50 to 64,78,16,14,2,62,25,2,3,23,9
S01008797,65 to 74,44,12,12,0,32,4,0,0,9,19
S01008797,75 to 84,26,8,8,0,18,3,2,1,2,10
S01008797,85 and over,23,2,2,0,21,6,0,0,0,15
S01008798,All HRPs,502,141,77,64,361,231,9,22,65,34
S01008798,24 and under,47,11,2,9,36,34,2,0,0,0
S01008798,25 to 34,153,57,25,32,96,88,0,5,3,0
S01008798,35 to 49,143,38,19,19,105,76,6,8,15,0
S01008798,50 to 64,79,22,18,4,57,23,1,6,25,2
S01008798,65 to 74,38,6,6,0,32,3,0,2,14,13
S01008798,75 to 84,30,6,6,0,24,6,0,1,7,10
S01008798,85 and over,12,1,1,0,11,1,0,0,1,9
S01008799,All HRPs,322,115,55,60,207,142,6,15,33,11
S01008799,24 and under,46,9,3,6,37,36,1,0,0,0
S01008799,25 to 34,131,63,23,40,68,55,1,7,4,1
S01008799,35 to 49,100,28,16,12,72,41,4,6,21,0
S01008799,50 to 64,25,9,8,1,16,8,0,2,4,2
S01008799,65 to 74,10,3,3,0,7,1,0,0,3,3
S01008799,75 to 84,9,2,1,1,7,1,0,0,1,5
S01008799,85 and over,1,1,1,0,0,0,0,0,0,0
S01008800,All HRPs,651,201,96,105,450,346,9,24,54,17
S01008800,24 and under,48,11,0,11,37,36,0,0,1,0
S01008800,25 to 34,268,112,46,66,156,143,3,7,3,0
S01008800,35 to 49,218,54,31,23,164,134,5,9,16,0
S01008800,50 to 64,84,19,15,4,65,29,1,8,26,1
S01008800,65 to 74,17,3,2,1,14,2,0,0,7,5
S01008800,75 to 84,10,2,2,0,8,1,0,0,1,6
S01008800,85 and over,6,0,0,0,6,1,0,0,0,5
S01008801,All HRPs,582,192,88,104,390,302,20,9,47,12
S01008801,24 and under,47,7,0,7,40,40,0,0,0,0
S01008801,25 to 34,260,112,39,73,148,136,8,1,3,0
S01008801,35 to 49,165,39,19,20,126,93,12,4,17,0
S01008801,50 to 64,79,21,17,4,58,29,0,4,22,3
S01008801,65 to 74,18,8,8,0,10,3,0,0,4,3
S01008801,75 to 84,11,4,4,0,7,1,0,0,1,5
S01008801,85 and over,2,1,1,0,1,0,0,0,0,1
S01008802,All HRPs,614,183,86,97,431,330,3,10,62,26
S01008802,24 and under,69,16,3,13,53,53,0,0,0,0
S01008802,25 to 34,209,81,27,54,128,116,0,6,5,1
S01008802,35 to 49,182,49,26,23,133,117,1,3,12,0
S01008802,50 to 64,102,23,16,7,79,39,2,0,34,4
S01008802,65 to 74,29,9,9,0,20,3,0,1,9,7
S01008802,75 to 84,18,5,5,0,13,2,0,0,2,9
S01008802,85 and over,5,0,0,0,5,0,0,0,0,5
S01008803,All HRPs,575,144,80,64,431,300,5,28,69,29
S01008803,24 and under,41,10,0,10,31,31,0,0,0,0
S01008803,25 to 34,197,59,21,38,138,133,2,0,3,0
S01008803,35 to 49,183,40,28,12,143,107,2,12,19,3
S01008803,50 to 64,94,22,18,4,72,20,0,12,36,4
S01008803,65 to 74,33,9,9,0,24,0,1,3,10,10
S01008803,75 to 84,21,4,4,0,17,7,0,1,1,8
S01008803,85 and over,6,0,0,0,6,2,0,0,0,4
S01008804,All HRPs,332,97,48,49,235,176,8,11,30,10
S01008804,24 and under,38,9,3,6,29,29,0,0,0,0
S01008804,25 to 34,127,54,19,35,73,66,2,2,3,0
S01008804,35 to 49,97,20,13,7,77,56,4,5,12,0
S01008804,50 to 64,46,10,9,1,36,19,2,2,12,1
S01008804,65 to 74,11,2,2,0,9,1,0,1,3,4
S01008804,75 to 84,10,2,2,0,8,4,0,1,0,3
S01008804,85 and over,3,0,0,0,3,1,0,0,0,2
S01008805,All HRPs,334,103,47,56,231,172,5,8,29,17
S01008805,24 and under,52,7,0,7,45,45,0,0,0,0
S01008805,25 to 34,133,55,18,37,78,74,3,1,0,0
S01008805,35 to 49,78,24,14,10,54,40,2,5,7,0
S01008805,50 to 64,37,11,9,2,26,8,0,1,16,1
S01008805,65 to 74,17,4,4,0,13,1,0,1,5,6
S01008805,75 to 84,14,2,2,0,12,3,0,0,1,8
S01008805,85 and over,3,0,0,0,3,1,0,0,0,2
S01008806,All HRPs,558,205,100,105,353,291,13,11,26,12
S01008806,24 and under,57,13,2,11,44,44,0,0,0,0
S01008806,25 to 34,261,106,46,60,155,147,5,2,1,0
S01008806,35 to 49,150,62,31,31,88,70,6,4,8,0
S01008806,50 to 64,60,18,16,2,42,24,2,4,11,1
S01008806,65 to 74,13,2,2,0,11,3,0,1,4,3
S01008806,75 to 84,13,2,1,1,11,3,0,0,2,6
S01008806,85 and over,4,2,2,0,2,0,0,0,0,2
S01008807,All HRPs,490,144,78,66,346,233,11,26,42,34
S01008807,24 and under,31,3,1,2,28,28,0,0,0,0
S01008807,25 to 34,156,60,18,42,96,91,1,1,3,0
S01008807,35 to 49,166,48,31,17,118,85,8,12,12,1
S01008807,50 to 64,86,24,20,4,62,24,2,12,20,4
S01008807,65 to 74,23,6,5,1,17,2,0,1,7,7
S01008807,75 to 84,24,3,3,0,21,2,0,0,0,19
S01008807,85 and over,4,0,0,0,4,1,0,0,0,3
S01008808,All HRPs,391,143,73,70,248,162,7,11,38,30
S01008808,24 and under,19,3,0,3,16,16,0,0,0,0
S01008808,25 to 34,115,63,22,41,52,49,1,0,2,0
S01008808,35 to 49,114,43,25,18,71,56,4,5,6,0
S01008808,50 to 64,73,22,16,6,51,25,1,1,22,2
S01008808,65 to 74,29,7,6,1,22,5,0,5,6,6
S01008808,75 to 84,33,4,3,1,29,11,1,0,1,16
S01008808,85 and over,8,1,1,0,7,0,0,0,1,6
S01008809,All HRPs,324,143,88,55,181,114,13,5,29,20
S01008809,24 and under,42,9,1,8,33,32,1,0,0,0
S01008809,25 to 34,72,30,16,14,42,38,3,1,0,0
S01008809,35 to 49,94,45,22,23,49,31,5,3,10,0
S01008809,50 to 64,64,37,29,8,27,10,2,1,10,4
S01008809,65 to 74,32,16,15,1,16,2,2,0,7,5
S01008809,75 to 84,16,5,5,0,11,0,0,0,2,9
S01008809,85 and over,4,1,0,1,3,1,0,0,0,2
S01008810,All HRPs,383,134,69,65,249,194,7,11,19,18
S01008810,24 and under,41,3,1,2,38,38,0,0,0,0
S01008810,25 to 34,121,51,12,39,70,62,3,2,3,0
S01008810,35 to 49,132,52,33,19,80,65,3,6,6,0
S01008810,50 to 64,54,19,15,4,35,22,0,1,7,5
S01008810,65 to 74,14,7,7,0,7,2,0,1,3,1
S01008810,75 to 84,16,1,0,1,15,4,1,1,0,9
S01008810,85 and over,5,1,1,0,4,1,0,0,0,3
S01008811,All HRPs,389,142,83,59,247,195,11,5,24,12
S01008811,24 and under,48,4,1,3,44,44,0,0,0,0
S01008811,25 to 34,133,47,15,32,86,84,2,0,0,0
S01008811,35 to 49,102,49,35,14,53,39,6,2,6,0
S01008811,50 to 64,70,27,18,9,43,22,3,2,16,0
S01008811,65 to 74,17,7,7,0,10,4,0,1,1,4
S01008811,75 to 84,13,5,4,1,8,1,0,0,1,6
S01008811,85 and over,6,3,3,0,3,1,0,0,0,2
S01008812,All HRPs,260,74,34,40,186,150,0,7,15,14
S01008812,24 and under,19,2,0,2,17,17,0,0,0,0
S01008812,25 to 34,95,30,12,18,65,64,0,1,0,0
S01008812,35 to 49,91,27,12,15,64,54,0,5,5,0
S01008812,50 to 64,28,8,4,4,20,12,0,1,4,3
S01008812,65 to 74,15,5,5,0,10,1,0,0,5,4
S01008812,75 to 84,9,2,1,1,7,1,0,0,1,5
S01008812,85 and over,3,0,0,0,3,1,0,0,0,2
S01008813,All HRPs,508,156,97,59,352,216,7,30,65,34
S01008813,24 and under,20,2,0,2,18,18,0,0,0,0
S01008813,25 to 34,119,48,18,30,71,67,1,2,1,0
S01008813,35 to 49,187,56,32,24,131,84,4,18,22,3
S01008813,50 to 64,122,37,34,3,85,39,1,6,31,8
S01008813,65 to 74,32,9,9,0,23,4,1,3,6,9
S01008813,75 to 84,18,3,3,0,15,2,0,1,5,7
S01008813,85 and over,10,1,1,0,9,2,0,0,0,7
S01008814,All HRPs,403,172,104,68,231,166,2,12,31,20
S01008814,24 and under,36,11,1,10,25,25,0,0,0,0
S01008814,25 to 34,109,45,17,28,64,62,1,1,0,0
S01008814,35 to 49,131,55,35,20,76,58,1,5,10,2
S01008814,50 to 64,77,36,28,8,41,16,0,4,17,4
S01008814,65 to 74,25,14,13,1,11,2,0,1,4,4
S01008814,75 to 84,19,10,10,0,9,0,0,1,0,8
S01008814,85 and over,6,1,0,1,5,3,0,0,0,2
S01008815,All HRPs,557,160,76,84,397,286,9,22,56,24
S01008815,24 and under,42,11,2,9,31,31,0,0,0,0
S01008815,25 to 34,184,66,23,43,118,104,7,3,4,0
S01008815,35 to 49,202,52,27,25,150,115,1,8,26,0
S01008815,50 to 64,87,24,19,5,63,33,0,10,17,3
S01008815,65 to 74,15,3,2,1,12,2,1,0,7,2
S01008815,75 to 84,18,4,3,1,14,0,0,1,2,11
S01008815,85 and over,9,0,0,0,9,1,0,0,0,8
S01008816,All HRPs,321,97,51,46,224,142,0,13,43,26
S01008816,24 and under,17,5,0,5,12,12,0,0,0,0
S01008816,25 to 34,99,34,11,23,65,57,0,2,6,0
S01008816,35 to 49,98,34,20,14,64,45,0,4,15,0
S01008816,50 to 64,53,10,6,4,43,20,0,6,15,2
S01008816,65 to 74,17,4,4,0,13,4,0,1,4,4
S01008816,75 to 84,25,8,8,0,17,4,0,0,3,10
S01008816,85 and over,12,2,2,0,10,0,0,0,0,10
S01008817,All HRPs,425,151,81,70,274,184,6,21,50,13
S01008817,24 and under,22,7,1,6,15,15,0,0,0,0
S01008817,25 to 34,157,60,20,40,97,87,4,5,1,0
S01008817,35 to 49,128,48,28,20,80,52,1,6,19,2
S01008817,50 to 64,86,26,22,4,60,25,1,10,23,1
S01008817,65 to 74,20,7,7,0,13,3,0,0,5,5
S01008817,75 to 84,9,3,3,0,6,1,0,0,2,3
S01008817,85 and over,3,0,0,0,3,1,0,0,0,2
S01008818,All HRPs,371,178,106,72,193,119,11,15,30,18
S01008818,24 and under,17,7,0,7,10,10,0,0,0,0
S01008818,25 to 34,113,61,18,43,52,46,2,3,1,0
S01008818,35 to 49,133,59,42,17,74,49,6,7,12,0
S01008818,50 to 64,73,38,33,5,35,12,3,5,12,3
S01008818,65 to 74,17,8,8,0,9,0,0,0,4,5
S01008818,75 to 84,9,3,3,0,6,1,0,0,1,4
S01008818,85 and over,9,2,2,0,7,1,0,0,0,6
S01008819,All HRPs,368,172,109,63,196,120,3,15,35,23
S01008819,24 and under,6,3,0,3,3,3,0,0,0,0
S01008819,25 to 34,89,46,19,27,43,40,0,1,2,0
S01008819,35 to 49,136,65,42,23,71,49,0,10,12,0
S01008819,50 to 64,84,40,31,9,44,24,2,3,13,2
S01008819,65 to 74,28,11,10,1,17,2,1,1,6,7
S01008819,75 to 84,17,4,4,0,13,1,0,0,1,11
S01008819,85 and over,8,3,3,0,5,1,0,0,1,3
S01008820,All HRPs,616,191,101,90,425,277,8,28,71,41
S01008820,24 and under,49,15,2,13,34,34,0,0,0,0
S01008820,25 to 34,162,64,27,37,98,92,3,2,1,0
S01008820,35 to 49,218,70,34,36,148,109,1,14,22,2
S01008820,50 to 64,101,28,24,4,73,30,1,9,27,6
S01008820,65 to 74,42,5,5,0,37,6,0,3,18,10
S01008820,75 to 84,27,7,7,0,20,4,2,0,3,11
S01008820,85 and over,17,2,2,0,15,2,1,0,0,12
S01008821,All HRPs,271,168,138,30,103,62,2,8,19,12
S01008821,24 and under,7,0,0,0,7,7,0,0,0,0
S01008821,25 to 34,40,22,15,7,18,18,0,0,0,0
S01008821,35 to 49,93,62,51,11,31,20,1,5,5,0
S01008821,50 to 64,94,65,54,11,29,11,1,3,9,5
S01008821,65 to 74,20,12,11,1,8,2,0,0,4,2
S01008821,75 to 84,11,3,3,0,8,4,0,0,1,3
S01008821,85 and over,6,4,4,0,2,0,0,0,0,2
S01008822,All HRPs,286,189,162,27,97,35,3,6,28,25
S01008822,24 and under,6,3,0,3,3,3,0,0,0,0
S01008822,25 to 34,20,12,7,5,8,6,0,1,1,0
S01008822,35 to 49,90,69,56,13,21,12,2,4,3,0
S01008822,50 to 64,106,71,66,5,35,8,1,0,19,7
S01008822,65 to 74,29,19,19,0,10,3,0,1,3,3
S01008822,75 to 84,25,10,9,1,15,3,0,0,2,10
S01008822,85 and over,10,5,5,0,5,0,0,0,0,5
S01008823,All HRPs,269,169,145,24,100,42,2,4,16,36
S01008823,24 and under,2,1,0,1,1,1,0,0,0,0
S01008823,25 to 34,24,13,8,5,11,10,0,1,0,0
S01008823,35 to 49,88,66,53,13,22,15,0,2,5,0
S01008823,50 to 64,76,53,49,4,23,9,1,1,10,2
S01008823,65 to 74,26,13,13,0,13,3,0,0,1,9
S01008823,75 to 84,38,19,18,1,19,2,0,0,0,17
S01008823,85 and over,15,4,4,0,11,2,1,0,0,8
S01008824,All HRPs,510,240,183,57,270,138,6,22,58,46
S01008824,24 and under,14,6,0,6,8,8,0,0,0,0
S01008824,25 to 34,67,37,18,19,30,30,0,0,0,0
S01008824,35 to 49,167,82,64,18,85,58,0,11,16,0
S01008824,50 to 64,137,62,50,12,75,33,4,6,24,8
S01008824,65 to 74,59,29,28,1,30,4,1,4,14,7
S01008824,75 to 84,47,22,21,1,25,2,1,1,3,18
S01008824,85 and over,19,2,2,0,17,3,0,0,1,13
S01008825,All HRPs,296,164,131,33,132,64,2,11,31,24
S01008825,24 and under,1,1,0,1,0,0,0,0,0,0
S01008825,25 to 34,51,32,15,17,19,19,0,0,0,0
S01008825,35 to 49,94,58,47,11,36,19,2,7,8,0
S01008825,50 to 64,75,42,38,4,33,15,0,3,13,2
S01008825,65 to 74,31,18,18,0,13,4,0,0,7,2
S01008825,75 to 84,29,11,11,0,18,6,0,1,2,9
S01008825,85 and over,15,2,2,0,13,1,0,0,1,11
S01008826,All HRPs,378,146,102,44,232,154,2,10,40,26
S01008826,24 and under,24,1,0,1,23,21,2,0,0,0
S01008826,25 to 34,67,32,7,25,35,33,0,1,1,0
S01008826,35 to 49,134,54,41,13,80,65,0,5,10,0
S01008826,50 to 64,95,40,35,5,55,25,0,4,21,5
S01008826,65 to 74,27,13,13,0,14,5,0,0,5,4
S01008826,75 to 84,24,4,4,0,20,5,0,0,2,13
S01008826,85 and over,7,2,2,0,5,0,0,0,1,4
S01008827,All HRPs,273,191,170,21,82,26,5,6,16,29
S01008827,24 and under,0,0,0,0,0,0,0,0,0,0
S01008827,25 to 34,11,8,2,6,3,2,0,1,0,0
S01008827,35 to 49,93,74,66,8,19,10,2,3,4,0
S01008827,50 to 64,95,74,67,7,21,6,3,2,8,2
S01008827,65 to 74,35,22,22,0,13,2,0,0,2,9
S01008827,75 to 84,28,12,12,0,16,5,0,0,2,9
S01008827,85 and over,11,1,1,0,10,1,0,0,0,9
S01008828,All HRPs,439,225,165,60,214,104,6,11,50,43
S01008828,24 and under,19,7,1,6,12,12,0,0,0,0
S01008828,25 to 34,64,41,17,24,23,18,0,1,4,0
S01008828,35 to 49,120,70,46,24,50,33,0,1,16,0
S01008828,50 to 64,120,61,55,6,59,22,4,8,21,4
S01008828,65 to 74,47,25,25,0,22,8,1,0,4,9
S01008828,75 to 84,47,15,15,0,32,8,1,1,4,18
S01008828,85 and over,22,6,6,0,16,3,0,0,1,12
S01008829,All HRPs,297,178,153,25,119,53,4,5,18,39
S01008829,24 and under,6,1,0,1,5,4,1,0,0,0
S01008829,25 to 34,32,21,15,6,11,11,0,0,0,0
S01008829,35 to 49,87,60,50,10,27,18,1,3,4,1
S01008829,50 to 64,76,56,49,7,20,8,0,2,8,2
S01008829,65 to 74,38,25,24,1,13,2,0,0,4,7
S01008829,75 to 84,42,13,13,0,29,7,2,0,2,18
S01008829,85 and over,16,2,2,0,14,3,0,0,0,11
S01008830,All HRPs,334,165,136,29,169,77,2,11,25,54
S01008830,24 and under,3,0,0,0,3,3,0,0,0,0
S01008830,25 to 34,37,22,16,6,15,15,0,0,0,0
S01008830,35 to 49,107,70,51,19,37,19,0,7,10,1
S01008830,50 to 64,74,41,38,3,33,18,1,4,7,3
S01008830,65 to 74,36,21,20,1,15,5,0,0,2,8
S01008830,75 to 84,42,5,5,0,37,12,1,0,5,19
S01008830,85 and over,35,6,6,0,29,5,0,0,1,23
S01008831,All HRPs,359,208,185,23,151,44,7,11,19,70
S01008831,24 and under,1,0,0,0,1,1,0,0,0,0
S01008831,25 to 34,10,5,3,2,5,5,0,0,0,0
S01008831,35 to 49,97,74,61,13,23,15,1,3,4,0
S01008831,50 to 64,100,72,65,7,28,8,3,5,9,3
S01008831,65 to 74,70,33,33,0,37,8,1,3,4,21
S01008831,75 to 84,54,19,19,0,35,6,1,0,2,26
S01008831,85 and over,27,5,4,1,22,1,1,0,0,20
S01008832,All HRPs,350,179,153,26,171,76,8,13,34,40
S01008832,24 and under,5,2,0,2,3,3,0,0,0,0
S01008832,25 to 34,52,18,8,10,34,32,0,0,2,0
S01008832,35 to 49,99,49,41,8,50,23,4,9,14,0
S01008832,50 to 64,80,45,43,2,35,8,3,1,16,7
S01008832,65 to 74,45,30,28,2,15,5,1,2,1,6
S01008832,75 to 84,46,25,24,1,21,4,0,1,1,15
S01008832,85 and over,23,10,9,1,13,1,0,0,0,12
S01008833,All HRPs,526,233,165,68,293,120,7,21,43,102
S01008833,24 and under,17,4,0,4,13,13,0,0,0,0
S01008833,25 to 34,75,44,22,22,31,29,1,1,0,0
S01008833,35 to 49,148,94,58,36,54,32,2,12,6,2
S01008833,50 to 64,104,48,43,5,56,23,3,5,17,8
S01008833,65 to 74,65,23,23,0,42,11,0,2,13,16
S01008833,75 to 84,68,17,16,1,51,8,0,1,5,37
S01008833,85 and over,49,3,3,0,46,4,1,0,2,39
S01008834,All HRPs,519,278,222,56,241,123,5,11,41,61
S01008834,24 and under,6,4,0,4,2,2,0,0,0,0
S01008834,25 to 34,71,38,24,14,33,31,0,2,0,0
S01008834,35 to 49,147,96,69,27,51,37,0,4,8,2
S01008834,50 to 64,150,82,72,10,68,26,3,2,25,12
S01008834,65 to 74,64,32,31,1,32,13,1,2,4,12
S01008834,75 to 84,63,21,21,0,42,11,0,1,4,26
S01008834,85 and over,18,5,5,0,13,3,1,0,0,9
S01008835,All HRPs,407,202,170,32,205,100,3,10,37,55
S01008835,24 and under,8,3,1,2,5,5,0,0,0,0
S01008835,25 to 34,37,20,11,9,17,17,0,0,0,0
S01008835,35 to 49,109,59,44,15,50,35,0,4,10,1
S01008835,50 to 64,127,75,71,4,52,23,0,4,17,8
S01008835,65 to 74,57,24,22,2,33,8,2,2,7,14
S01008835,75 to 84,49,15,15,0,34,8,1,0,2,23
S01008835,85 and over,20,6,6,0,14,4,0,0,1,9
S01008836,All HRPs,413,108,64,44,305,186,8,19,56,36
S01008836,24 and under,19,3,0,3,16,16,0,0,0,0
S01008836,25 to 34,107,36,14,22,71,66,3,1,1,0
S01008836,35 to 49,130,40,26,14,90,63,2,8,14,3
S01008836,50 to 64,87,16,12,4,71,28,2,8,30,3
S01008836,65 to 74,33,4,3,1,29,6,0,2,9,12
S01008836,75 to 84,22,6,6,0,16,4,1,0,2,9
S01008836,85 and over,15,3,3,0,12,3,0,0,0,9
S01008837,All HRPs,630,230,122,108,400,305,15,22,41,17
S01008837,24 and under,39,14,1,13,25,25,0,0,0,0
S01008837,25 to 34,259,103,45,58,156,150,4,2,0,0
S01008837,35 to 49,202,71,42,29,131,101,4,13,11,2
S01008837,50 to 64,82,29,22,7,53,21,5,3,23,1
S01008837,65 to 74,31,10,9,1,21,5,1,4,6,5
S01008837,75 to 84,12,2,2,0,10,2,0,0,1,7
S01008837,85 and over,5,1,1,0,4,1,1,0,0,2
S01008838,All HRPs,606,227,125,102,379,275,11,15,47,31
S01008838,24 and under,31,5,0,5,26,26,0,0,0,0
S01008838,25 to 34,186,88,27,61,98,93,3,2,0,0
S01008838,35 to 49,193,71,45,26,122,96,4,9,13,0
S01008838,50 to 64,112,38,31,7,74,41,0,3,27,3
S01008838,65 to 74,41,13,10,3,28,11,1,1,6,9
S01008838,75 to 84,29,10,10,0,19,6,2,0,1,10
S01008838,85 and over,14,2,2,0,12,2,1,0,0,9
S01008839,All HRPs,549,251,162,89,298,210,12,11,36,29
S01008839,24 and under,36,18,0,18,18,18,0,0,0,0
S01008839,25 to 34,160,68,25,43,92,84,5,2,1,0
S01008839,35 to 49,171,80,60,20,91,70,5,5,10,1
S01008839,50 to 64,109,55,47,8,54,28,0,4,18,4
S01008839,65 to 74,40,20,20,0,20,6,1,0,5,8
S01008839,75 to 84,25,9,9,0,16,3,0,0,2,11
S01008839,85 and over,8,1,1,0,7,1,1,0,0,5
S01008840,All HRPs,510,242,157,85,268,180,13,10,31,34
S01008840,24 and under,29,3,0,3,26,26,0,0,0,0
S01008840,25 to 34,122,60,26,34,62,60,0,2,0,0
S01008840,35 to 49,172,89,59,30,83,60,9,6,8,0
S01008840,50 to 64,109,62,46,16,47,23,2,2,15,5
S01008840,65 to 74,27,10,9,1,17,5,0,0,5,7
S01008840,75 to 84,37,14,13,1,23,5,2,0,3,13
S01008840,85 and over,14,4,4,0,10,1,0,0,0,9
S01008841,All HRPs,291,125,66,59,166,118,5,9,19,15
S01008841,24 and under,21,1,0,1,20,18,2,0,0,0
S01008841,25 to 34,88,40,7,33,48,46,2,0,0,0
S01008841,35 to 49,95,45,28,17,50,37,0,4,9,0
S01008841,50 to 64,55,23,17,6,32,17,1,5,7,2
S01008841,65 to 74,13,9,8,1,4,0,0,0,1,3
S01008841,75 to 84,14,6,5,1,8,0,0,0,2,6
S01008841,85 and over,5,1,1,0,4,0,0,0,0,4
S01008842,All HRPs,433,193,88,105,240,197,7,8,16,12
S01008842,24 and under,58,14,1,13,44,44,0,0,0,0
S01008842,25 to 34,220,100,32,68,120,117,0,0,3,0
S01008842,35 to 49,95,51,32,19,44,24,6,6,6,2
S01008842,50 to 64,36,18,13,5,18,9,1,2,5,1
S01008842,65 to 74,11,5,5,0,6,1,0,0,1,4
S01008842,75 to 84,8,4,4,0,4,2,0,0,1,1
S01008842,85 and over,5,1,1,0,4,0,0,0,0,4
S01008843,All HRPs,464,168,84,84,296,229,9,14,27,17
S01008843,24 and under,38,10,1,9,28,28,0,0,0,0
S01008843,25 to 34,177,76,24,52,101,96,2,3,0,0
S01008843,35 to 49,139,53,32,21,86,64,3,8,9,2
S01008843,50 to 64,68,17,16,1,51,31,3,3,13,1
S01008843,65 to 74,20,7,7,0,13,7,0,0,4,2
S01008843,75 to 84,15,5,4,1,10,3,1,0,1,5
S01008843,85 and over,7,0,0,0,7,0,0,0,0,7
S01008844,All HRPs,355,146,74,72,209,162,5,7,25,10
S01008844,24 and under,48,13,0,13,35,35,0,0,0,0
S01008844,25 to 34,143,55,20,35,88,83,1,0,3,1
S01008844,35 to 49,96,50,32,18,46,33,2,4,7,0
S01008844,50 to 64,43,17,12,5,26,8,2,3,12,1
S01008844,65 to 74,16,10,9,1,6,0,0,0,3,3
S01008844,75 to 84,5,0,0,0,5,2,0,0,0,3
S01008844,85 and over,4,1,1,0,3,1,0,0,0,2
S01008845,All HRPs,420,135,83,52,285,216,13,9,30,17
S01008845,24 and under,76,9,0,9,67,67,0,0,0,0
S01008845,25 to 34,144,39,15,24,105,98,5,0,2,0
S01008845,35 to 49,109,52,37,15,57,35,4,5,11,2
S01008845,50 to 64,55,22,20,2,33,15,2,3,11,2
S01008845,65 to 74,23,9,9,0,14,1,1,0,6,6
S01008845,75 to 84,9,2,1,1,7,0,1,1,0,5
S01008845,85 and over,4,2,1,1,2,0,0,0,0,2
S01008846,All HRPs,386,139,79,60,247,185,5,9,36,12
S01008846,24 and under,50,6,0,6,44,44,0,0,0,0
S01008846,25 to 34,105,39,14,25,66,64,1,1,0,0
S01008846,35 to 49,107,47,30,17,60,45,3,3,9,0
S01008846,50 to 64,78,34,24,10,44,20,1,4,16,3
S01008846,65 to 74,27,9,7,2,18,5,0,1,9,3
S01008846,75 to 84,14,4,4,0,10,5,0,0,0,5
S01008846,85 and over,5,0,0,0,5,2,0,0,2,1
S01008847,All HRPs,263,100,54,46,163,119,9,4,18,13
S01008847,24 and under,29,5,0,5,24,24,0,0,0,0
S01008847,25 to 34,76,35,9,26,41,38,1,1,0,1
S01008847,35 to 49,84,36,26,10,48,31,8,1,6,2
S01008847,50 to 64,42,17,13,4,25,16,0,1,6,2
S01008847,65 to 74,19,5,5,0,14,6,0,0,4,4
S01008847,75 to 84,10,2,1,1,8,2,0,1,2,3
S01008847,85 and over,3,0,0,0,3,2,0,0,0,1
S01008848,All HRPs,384,153,99,54,231,170,10,6,32,13
S01008848,24 and under,43,6,0,6,37,37,0,0,0,0
S01008848,25 to 34,83,34,10,24,49,48,0,1,0,0
S01008848,35 to 49,124,55,37,18,69,48,4,4,13,0
S01008848,50 to 64,91,41,36,5,50,27,3,1,14,5
S01008848,65 to 74,19,9,8,1,10,5,1,0,3,1
S01008848,75 to 84,20,6,6,0,14,4,2,0,2,6
S01008848,85 and over,4,2,2,0,2,1,0,0,0,1
S01008849,All HRPs,396,140,90,50,256,184,11,10,39,12
S01008849,24 and under,49,4,0,4,45,45,0,0,0,0
S01008849,25 to 34,99,38,12,26,61,60,1,0,0,0
S01008849,35 to 49,114,42,27,15,72,47,3,7,15,0
S01008849,50 to 64,74,30,26,4,44,21,5,1,15,2
S01008849,65 to 74,35,15,14,1,20,7,2,1,5,5
S01008849,75 to 84,22,11,11,0,11,4,0,1,4,2
S01008849,85 and over,3,0,0,0,3,0,0,0,0,3
S01008850,All HRPs,401,165,119,46,236,149,16,6,44,21
S01008850,24 and under,44,3,0,3,41,41,0,0,0,0
S01008850,25 to 34,90,30,7,23,60,60,0,0,0,0
S01008850,35 to 49,99,57,45,12,42,25,2,2,11,2
S01008850,50 to 64,94,42,36,6,52,13,11,3,22,3
S01008850,65 to 74,41,21,19,2,20,6,1,1,8,4
S01008850,75 to 84,28,12,12,0,16,4,1,0,3,8
S01008850,85 and over,5,0,0,0,5,0,1,0,0,4
S01008851,All HRPs,634,186,112,74,448,285,19,16,74,54
S01008851,24 and under,36,7,1,6,29,29,0,0,0,0
S01008851,25 to 34,153,65,21,44,88,84,2,0,2,0
S01008851,35 to 49,170,48,30,18,122,98,7,5,12,0
S01008851,50 to 64,128,38,35,3,90,39,5,7,30,9
S01008851,65 to 74,76,15,14,1,61,23,1,3,24,10
S01008851,75 to 84,52,10,8,2,42,10,2,1,5,24
S01008851,85 and over,19,3,3,0,16,2,2,0,1,11
S01008852,All HRPs,503,237,192,45,266,164,17,8,49,28
S01008852,24 and under,53,4,2,2,49,49,0,0,0,0
S01008852,25 to 34,74,33,12,21,41,39,2,0,0,0
S01008852,35 to 49,133,68,54,14,65,43,8,2,11,1
S01008852,50 to 64,132,70,63,7,62,24,5,3,26,4
S01008852,65 to 74,58,36,35,1,22,3,1,2,11,5
S01008852,75 to 84,43,24,24,0,19,3,0,1,1,14
S01008852,85 and over,10,2,2,0,8,3,1,0,0,4
S01008853,All HRPs,352,131,70,61,221,166,8,9,32,6
S01008853,24 and under,43,7,0,7,36,34,0,0,2,0
S01008853,25 to 34,120,51,18,33,69,64,4,0,1,0
S01008853,35 to 49,103,38,23,15,65,46,3,8,5,3
S01008853,50 to 64,62,27,21,6,35,15,1,1,17,1
S01008853,65 to 74,17,7,7,0,10,3,0,0,6,1
S01008853,75 to 84,4,1,1,0,3,1,0,0,1,1
S01008853,85 and over,3,0,0,0,3,3,0,0,0,0
S01008854,All HRPs,483,170,107,63,313,218,14,15,40,26
S01008854,24 and under,60,4,0,4,56,56,0,0,0,0
S01008854,25 to 34,115,54,20,34,61,57,1,0,3,0
S01008854,35 to 49,145,59,40,19,86,59,5,10,12,0
S01008854,50 to 64,100,31,28,3,69,39,4,5,15,6
S01008854,65 to 74,41,17,14,3,24,5,4,0,7,8
S01008854,75 to 84,16,5,5,0,11,2,0,0,2,7
S01008854,85 and over,6,0,0,0,6,0,0,0,1,5
S01008855,All HRPs,620,215,121,94,405,286,14,17,58,30
S01008855,24 and under,56,9,0,9,47,47,0,0,0,0
S01008855,25 to 34,191,72,22,50,119,118,1,0,0,0
S01008855,35 to 49,194,75,52,23,119,80,5,6,25,3
S01008855,50 to 64,115,44,33,11,71,30,6,9,23,3
S01008855,65 to 74,32,9,8,1,23,7,1,2,5,8
S01008855,75 to 84,22,6,6,0,16,1,1,0,5,9
S01008855,85 and over,10,0,0,0,10,3,0,0,0,7
S01008856,All HRPs,296,118,63,55,178,135,4,10,22,7
S01008856,24 and under,27,5,1,4,22,21,1,0,0,0
S01008856,25 to 34,112,42,17,25,70,63,0,3,4,0
S01008856,35 to 49,96,50,29,21,46,34,2,3,6,1
S01008856,50 to 64,36,12,7,5,24,13,1,2,8,0
S01008856,65 to 74,14,5,5,0,9,1,0,2,4,2
S01008856,75 to 84,9,4,4,0,5,3,0,0,0,2
S01008856,85 and over,2,0,0,0,2,0,0,0,0,2
S01008857,All HRPs,434,164,92,72,270,174,6,14,52,24
S01008857,24 and under,25,6,1,5,19,19,0,0,0,0
S01008857,25 to 34,108,52,23,29,56,52,0,3,1,0
S01008857,35 to 49,141,53,34,19,88,67,2,4,14,1
S01008857,50 to 64,104,37,22,15,67,25,2,7,31,2
S01008857,65 to 74,28,8,4,4,20,6,2,0,4,8
S01008857,75 to 84,18,7,7,0,11,3,0,0,2,6
S01008857,85 and over,10,1,1,0,9,2,0,0,0,7
S01008858,All HRPs,328,114,75,39,214,126,7,11,52,18
S01008858,24 and under,11,4,0,4,7,7,0,0,0,0
S01008858,25 to 34,70,32,16,16,38,33,2,0,3,0
S01008858,35 to 49,92,36,19,17,56,40,3,5,8,0
S01008858,50 to 64,92,25,24,1,67,33,2,5,26,1
S01008858,65 to 74,34,10,9,1,24,9,0,1,11,3
S01008858,75 to 84,18,5,5,0,13,3,0,0,4,6
S01008858,85 and over,11,2,2,0,9,1,0,0,0,8
S01008859,All HRPs,712,225,110,115,487,282,20,19,78,88
S01008859,24 and under,41,8,1,7,33,33,0,0,0,0
S01008859,25 to 34,231,99,22,77,132,122,5,1,3,1
S01008859,35 to 49,172,57,32,25,115,84,6,9,15,1
S01008859,50 to 64,110,30,25,5,80,28,6,7,36,3
S01008859,65 to 74,40,13,13,0,27,3,1,0,9,14
S01008859,75 to 84,69,14,13,1,55,7,1,2,12,33
S01008859,85 and over,49,4,4,0,45,5,1,0,3,36
S01008860,All HRPs,500,187,97,90,313,217,7,13,44,32
S01008860,24 and under,37,3,0,3,34,34,0,0,0,0
S01008860,25 to 34,147,69,24,45,78,75,1,2,0,0
S01008860,35 to 49,142,58,30,28,84,70,1,2,10,1
S01008860,50 to 64,96,34,21,13,62,27,3,6,18,8
S01008860,65 to 74,36,13,12,1,23,5,1,3,11,3
S01008860,75 to 84,28,10,10,0,18,4,0,0,5,9
S01008860,85 and over,14,0,0,0,14,2,1,0,0,11
S01008861,All HRPs,349,198,160,38,151,79,13,5,27,27
S01008861,24 and under,8,0,0,0,8,8,0,0,0,0
S01008861,25 to 34,42,23,8,15,19,16,3,0,0,0
S01008861,35 to 49,111,73,55,18,38,32,2,0,4,0
S01008861,50 to 64,105,61,56,5,44,15,7,4,11,7
S01008861,65 to 74,43,22,22,0,21,4,0,1,12,4
S01008861,75 to 84,25,13,13,0,12,3,1,0,0,8
S01008861,85 and over,15,6,6,0,9,1,0,0,0,8
S01008862,All HRPs,561,192,94,98,369,271,9,22,37,30
S01008862,24 and under,32,13,0,13,19,19,0,0,0,0
S01008862,25 to 34,198,68,17,51,130,126,2,0,2,0
S01008862,35 to 49,160,55,29,26,105,77,4,10,12,2
S01008862,50 to 64,110,35,27,8,75,42,1,11,17,4
S01008862,65 to 74,34,17,17,0,17,4,1,0,4,8
S01008862,75 to 84,14,3,3,0,11,2,0,0,1,8
S01008862,85 and over,13,1,1,0,12,1,1,1,1,8
S01008863,All HRPs,392,170,108,62,222,144,4,10,36,28
S01008863,24 and under,17,5,1,4,12,10,0,0,2,0
S01008863,25 to 34,118,59,23,36,59,59,0,0,0,0
S01008863,35 to 49,103,49,35,14,54,37,1,7,9,0
S01008863,50 to 64,86,37,29,8,49,27,1,1,15,5
S01008863,65 to 74,28,10,10,0,18,3,1,1,7,6
S01008863,75 to 84,25,8,8,0,17,4,0,1,2,10
S01008863,85 and over,15,2,2,0,13,4,1,0,1,7
S01008864,All HRPs,410,155,100,55,255,149,5,9,37,55
S01008864,24 and under,23,4,0,4,19,19,0,0,0,0
S01008864,25 to 34,84,42,16,26,42,39,1,1,1,0
S01008864,35 to 49,129,69,47,22,60,43,2,5,9,1
S01008864,50 to 64,60,23,20,3,37,23,0,1,12,1
S01008864,65 to 74,24,6,6,0,18,4,0,2,8,4
S01008864,75 to 84,49,7,7,0,42,14,2,0,5,21
S01008864,85 and over,41,4,4,0,37,7,0,0,2,28
S01008865,All HRPs,455,157,107,50,298,178,4,18,52,46
S01008865,24 and under,18,2,0,2,16,16,0,0,0,0
S01008865,25 to 34,107,47,17,30,60,55,0,3,2,0
S01008865,35 to 49,146,62,48,14,84,54,2,8,20,0
S01008865,50 to 64,77,28,25,3,49,20,1,6,18,4
S01008865,65 to 74,36,6,6,0,30,16,0,1,7,6
S01008865,75 to 84,51,8,8,0,43,15,1,0,5,22
S01008865,85 and over,20,4,3,1,16,2,0,0,0,14
S01008866,All HRPs,467,177,109,68,290,208,8,10,36,28
S01008866,24 and under,22,8,1,7,14,14,0,0,0,0
S01008866,25 to 34,141,53,19,34,88,82,3,3,0,0
S01008866,35 to 49,158,71,49,22,87,70,2,5,10,0
S01008866,50 to 64,83,33,28,5,50,33,1,2,10,4
S01008866,65 to 74,27,5,5,0,22,5,2,0,11,4
S01008866,75 to 84,25,6,6,0,19,3,0,0,4,12
S01008866,85 and over,11,1,1,0,10,1,0,0,1,8
S01008867,All HRPs,421,210,158,52,211,112,13,13,41,32
S01008867,24 and under,12,4,0,4,8,8,0,0,0,0
S01008867,25 to 34,78,39,20,19,39,35,1,1,2,0
S01008867,35 to 49,126,72,56,16,54,29,2,7,13,3
S01008867,50 to 64,107,55,43,12,52,24,5,3,18,2
S01008867,65 to 74,51,25,24,1,26,7,3,2,5,9
S01008867,75 to 84,35,13,13,0,22,7,1,0,2,12
S01008867,85 and over,12,2,2,0,10,2,1,0,1,6
S01008868,All HRPs,391,140,78,62,251,192,11,12,26,10
S01008868,24 and under,54,10,0,10,44,44,0,0,0,0
S01008868,25 to 34,137,55,17,38,82,78,0,4,0,0
S01008868,35 to 49,103,35,24,11,68,48,6,5,9,0
S01008868,50 to 64,67,29,27,2,38,17,5,1,12,3
S01008868,65 to 74,20,8,8,0,12,3,0,2,3,4
S01008868,75 to 84,8,2,1,1,6,1,0,0,2,3
S01008868,85 and over,2,1,1,0,1,1,0,0,0,0
S01008869,All HRPs,615,243,157,86,372,206,23,12,88,43
S01008869,24 and under,32,5,0,5,27,27,0,0,0,0
S01008869,25 to 34,129,57,22,35,72,67,4,0,1,0
S01008869,35 to 49,165,70,39,31,95,66,3,6,20,0
S01008869,50 to 64,155,64,50,14,91,29,10,2,47,3
S01008869,65 to 74,72,26,25,1,46,7,6,2,16,15
S01008869,75 to 84,44,15,15,0,29,5,0,2,3,19
S01008869,85 and over,18,6,6,0,12,5,0,0,1,6
S01008870,All HRPs,426,194,133,61,232,141,8,18,43,22
S01008870,24 and under,16,4,1,3,12,12,0,0,0,0
S01008870,25 to 34,102,48,19,29,54,51,1,1,1,0
S01008870,35 to 49,129,60,37,23,69,47,0,8,14,0
S01008870,50 to 64,101,41,36,5,60,24,4,7,20,5
S01008870,65 to 74,47,27,26,1,20,3,3,2,5,7
S01008870,75 to 84,25,12,12,0,13,4,0,0,3,6
S01008870,85 and over,6,2,2,0,4,0,0,0,0,4
S01008871,All HRPs,503,217,144,73,286,196,4,13,42,31
S01008871,24 and under,54,5,1,4,49,49,0,0,0,0
S01008871,25 to 34,107,43,16,27,64,63,0,0,1,0
S01008871,35 to 49,137,76,50,26,61,43,2,3,12,1
S01008871,50 to 64,133,67,55,12,66,32,2,5,22,5
S01008871,65 to 74,39,16,12,4,23,5,0,3,5,10
S01008871,75 to 84,25,8,8,0,17,2,0,2,2,11
S01008871,85 and over,8,2,2,0,6,2,0,0,0,4
S01008872,All HRPs,401,168,113,55,233,168,12,9,24,20
S01008872,24 and under,52,2,1,1,50,50,0,0,0,0
S01008872,25 to 34,97,49,16,33,48,45,1,1,1,0
S01008872,35 to 49,132,70,53,17,62,47,3,4,8,0
S01008872,50 to 64,69,28,24,4,41,17,8,2,9,5
S01008872,65 to 74,31,13,13,0,18,8,0,1,3,6
S01008872,75 to 84,15,4,4,0,11,1,0,1,3,6
S01008872,85 and over,5,2,2,0,3,0,0,0,0,3
S01008873,All HRPs,334,191,142,49,143,79,4,6,25,29
S01008873,24 and under,17,5,0,5,12,12,0,0,0,0
S01008873,25 to 34,56,28,6,22,28,27,0,0,1,0
S01008873,35 to 49,92,64,52,12,28,21,0,2,5,0
S01008873,50 to 64,105,60,52,8,45,17,1,4,17,6
S01008873,65 to 74,20,13,13,0,7,1,1,0,2,3
S01008873,75 to 84,32,17,15,2,15,1,1,0,0,13
S01008873,85 and over,12,4,4,0,8,0,1,0,0,7
S01008874,All HRPs,514,181,120,61,333,179,18,17,65,54
S01008874,24 and under,23,2,0,2,21,21,0,0,0,0
S01008874,25 to 34,108,51,21,30,57,51,2,3,1,0
S01008874,35 to 49,161,68,45,23,93,64,9,7,13,0
S01008874,50 to 64,107,31,26,5,76,29,7,6,31,3
S01008874,65 to 74,49,15,15,0,34,8,0,1,13,12
S01008874,75 to 84,46,12,11,1,34,3,0,0,7,24
S01008874,85 and over,20,2,2,0,18,3,0,0,0,15
S01008875,All HRPs,502,153,83,70,349,216,14,18,43,58
S01008875,24 and under,32,5,0,5,27,27,0,0,0,0
S01008875,25 to 34,157,81,30,51,76,70,4,2,0,0
S01008875,35 to 49,132,26,19,7,106,79,7,7,13,0
S01008875,50 to 64,67,23,17,6,44,18,2,5,17,2
S01008875,65 to 74,33,7,7,0,26,8,0,3,6,9
S01008875,75 to 84,45,7,6,1,38,8,1,1,4,24
S01008875,85 and over,36,4,4,0,32,6,0,0,3,23
S01008876,All HRPs,291,139,117,22,152,44,5,12,15,76
S01008876,24 and under,1,0,0,0,1,1,0,0,0,0
S01008876,25 to 34,14,11,4,7,3,2,0,0,1,0
S01008876,35 to 49,67,53,45,8,14,8,2,4,0,0
S01008876,50 to 64,79,47,41,6,32,15,0,6,8,3
S01008876,65 to 74,38,8,8,0,30,8,1,2,3,16
S01008876,75 to 84,50,16,15,1,34,5,2,0,3,24
S01008876,85 and over,42,4,4,0,38,5,0,0,0,33
S01008877,All HRPs,243,137,116,21,106,50,1,9,12,34
S01008877,24 and under,2,0,0,0,2,2,0,0,0,0
S01008877,25 to 34,31,20,12,8,11,11,0,0,0,0
S01008877,35 to 49,80,57,49,8,23,17,1,3,2,0
S01008877,50 to 64,56,38,34,4,18,8,0,2,5,3
S01008877,65 to 74,34,15,14,1,19,4,0,4,2,9
S01008877,75 to 84,32,6,6,0,26,7,0,0,3,16
S01008877,85 and over,8,1,1,0,7,1,0,0,0,6
S01008878,All HRPs,459,215,176,39,244,88,6,19,58,73
S01008878,24 and under,6,0,0,0,6,6,0,0,0,0
S01008878,25 to 34,43,24,13,11,19,17,0,2,0,0
S01008878,35 to 49,115,65,45,20,50,26,3,7,14,0
S01008878,50 to 64,129,64,59,5,65,18,1,8,29,9
S01008878,65 to 74,61,26,23,3,35,7,2,2,9,15
S01008878,75 to 84,71,31,31,0,40,11,0,0,4,25
S01008878,85 and over,34,5,5,0,29,3,0,0,2,24
S01008879,All HRPs,411,194,146,48,217,90,5,13,45,64
S01008879,24 and under,7,2,0,2,5,5,0,0,0,0
S01008879,25 to 34,38,28,16,12,10,10,0,0,0,0
S01008879,35 to 49,128,71,46,25,57,39,1,5,12,0
S01008879,50 to 64,108,57,48,9,51,21,0,7,18,5
S01008879,65 to 74,56,21,21,0,35,6,1,0,14,14
S01008879,75 to 84,44,12,12,0,32,5,3,0,1,23
S01008879,85 and over,30,3,3,0,27,4,0,1,0,22
S01008880,All HRPs,291,141,111,30,150,61,4,13,34,38
S01008880,24 and under,3,0,0,0,3,3,0,0,0,0
S01008880,25 to 34,29,17,8,9,12,12,0,0,0,0
S01008880,35 to 49,83,48,34,14,35,20,3,3,7,2
S01008880,50 to 64,108,54,48,6,54,21,1,8,21,3
S01008880,65 to 74,24,11,10,1,13,1,0,2,6,4
S01008880,75 to 84,31,10,10,0,21,3,0,0,0,18
S01008880,85 and over,13,1,1,0,12,1,0,0,0,11
S01008881,All HRPs,264,143,122,21,121,48,4,9,19,41
S01008881,24 and under,4,0,0,0,4,4,0,0,0,0
S01008881,25 to 34,20,10,2,8,10,10,0,0,0,0
S01008881,35 to 49,68,35,29,6,33,17,4,5,5,2
S01008881,50 to 64,67,44,38,6,23,8,0,4,10,1
S01008881,65 to 74,48,31,30,1,17,4,0,0,4,9
S01008881,75 to 84,40,18,18,0,22,2,0,0,0,20
S01008881,85 and over,17,5,5,0,12,3,0,0,0,9
S01008882,All HRPs,401,267,228,39,134,55,6,14,25,34
S01008882,24 and under,1,0,0,0,1,1,0,0,0,0
S01008882,25 to 34,23,16,6,10,7,6,1,0,0,0
S01008882,35 to 49,153,110,91,19,43,30,2,5,5,1
S01008882,50 to 64,136,98,90,8,38,9,1,9,15,4
S01008882,65 to 74,45,27,26,1,18,5,1,0,1,11
S01008882,75 to 84,30,12,11,1,18,2,1,0,4,11
S01008882,85 and over,13,4,4,0,9,2,0,0,0,7
S01008883,All HRPs,362,243,234,9,119,34,7,8,14,56
S01008883,24 and under,2,0,0,0,2,2,0,0,0,0
S01008883,25 to 34,12,6,6,0,6,5,0,0,1,0
S01008883,35 to 49,100,81,73,8,19,7,4,4,4,0
S01008883,50 to 64,111,86,85,1,25,12,0,3,6,4
S01008883,65 to 74,54,35,35,0,19,4,0,1,0,14
S01008883,75 to 84,59,30,30,0,29,2,3,0,2,22
S01008883,85 and over,24,5,5,0,19,2,0,0,1,16
S01008884,All HRPs,316,201,189,12,115,20,11,5,19,60
S01008884,24 and under,1,0,0,0,1,1,0,0,0,0
S01008884,25 to 34,9,7,4,3,2,1,1,0,0,0
S01008884,35 to 49,60,51,45,6,9,3,1,1,3,1
S01008884,50 to 64,91,68,65,3,23,9,1,3,8,2
S01008884,65 to 74,56,33,33,0,23,3,1,1,5,13
S01008884,75 to 84,75,31,31,0,44,3,5,0,3,33
S01008884,85 and over,24,11,11,0,13,0,2,0,0,11
S01008885,All HRPs,345,243,231,12,102,24,2,2,22,52
S01008885,24 and under,3,1,0,1,2,2,0,0,0,0
S01008885,25 to 34,11,8,7,1,3,2,0,1,0,0
S01008885,35 to 49,108,91,85,6,17,8,1,0,7,1
S01008885,50 to 64,114,95,91,4,19,5,1,0,10,3
S01008885,65 to 74,42,27,27,0,15,2,0,0,4,9
S01008885,75 to 84,46,16,16,0,30,4,0,0,1,25
S01008885,85 and over,21,5,5,0,16,1,0,1,0,14
S01008886,All HRPs,425,168,141,27,257,114,13,22,56,52
S01008886,24 and under,19,1,0,1,18,18,0,0,0,0
S01008886,25 to 34,67,28,14,14,39,34,3,2,0,0
S01008886,35 to 49,94,39,32,7,55,32,5,4,13,1
S01008886,50 to 64,133,59,54,5,74,15,3,15,33,8
S01008886,65 to 74,47,24,24,0,23,8,1,0,8,6
S01008886,75 to 84,45,13,13,0,32,7,0,1,1,23
S01008886,85 and over,20,4,4,0,16,0,1,0,1,14
S01008887,All HRPs,358,182,159,23,176,68,7,10,42,49
S01008887,24 and under,6,1,0,1,5,5,0,0,0,0
S01008887,25 to 34,27,14,6,8,13,11,0,2,0,0
S01008887,35 to 49,96,61,54,7,35,19,2,3,11,0
S01008887,50 to 64,113,66,60,6,47,20,3,5,17,2
S01008887,65 to 74,39,18,18,0,21,4,0,0,3,14
S01008887,75 to 84,49,14,13,1,35,5,1,0,8,21
S01008887,85 and over,28,8,8,0,20,4,1,0,3,12
S01008888,All HRPs,373,129,76,53,244,139,9,24,36,36
S01008888,24 and under,25,10,0,10,15,15,0,0,0,0
S01008888,25 to 34,95,43,22,21,52,50,0,1,1,0
S01008888,35 to 49,99,35,20,15,64,40,6,10,8,0
S01008888,50 to 64,88,22,18,4,66,29,3,11,20,3
S01008888,65 to 74,39,14,12,2,25,3,0,2,6,14
S01008888,75 to 84,23,5,4,1,18,2,0,0,1,15
S01008888,85 and over,4,0,0,0,4,0,0,0,0,4
S01008889,All HRPs,267,140,109,31,127,63,8,12,21,23
S01008889,24 and under,20,5,1,4,15,15,0,0,0,0
S01008889,25 to 34,46,25,11,14,21,20,1,0,0,0
S01008889,35 to 49,69,39,28,11,30,18,1,5,5,1
S01008889,50 to 64,63,38,37,1,25,4,5,5,10,1
S01008889,65 to 74,36,21,20,1,15,2,1,2,4,6
S01008889,75 to 84,26,8,8,0,18,3,0,0,2,13
S01008889,85 and over,7,4,4,0,3,1,0,0,0,2
S01008890,All HRPs,308,206,185,21,102,31,1,3,28,39
S01008890,24 and under,0,0,0,0,0,0,0,0,0,0
S01008890,25 to 34,14,10,7,3,4,4,0,0,0,0
S01008890,35 to 49,87,66,56,10,21,12,1,0,8,0
S01008890,50 to 64,96,73,68,5,23,5,0,2,14,2
S01008890,65 to 74,45,26,24,2,19,3,0,1,3,12
S01008890,75 to 84,46,25,24,1,21,3,0,0,3,15
S01008890,85 and over,20,6,6,0,14,4,0,0,0,10
S01008891,All HRPs,329,220,202,18,109,31,5,2,25,46
S01008891,24 and under,1,0,0,0,1,1,0,0,0,0
S01008891,25 to 34,10,9,5,4,1,1,0,0,0,0
S01008891,35 to 49,86,69,59,10,17,6,3,2,3,3
S01008891,50 to 64,108,79,77,2,29,10,1,0,15,3
S01008891,65 to 74,53,35,33,2,18,4,0,0,4,10
S01008891,75 to 84,50,23,23,0,27,8,0,0,3,16
S01008891,85 and over,21,5,5,0,16,1,1,0,0,14
S01008892,All HRPs,533,216,170,46,317,122,14,24,69,88
S01008892,24 and under,14,3,0,3,11,11,0,0,0,0
S01008892,25 to 34,64,40,22,18,24,23,0,1,0,0
S01008892,35 to 49,122,63,51,12,59,34,4,8,12,1
S01008892,50 to 64,127,64,53,11,63,16,4,6,33,4
S01008892,65 to 74,71,21,20,1,50,12,1,8,17,12
S01008892,75 to 84,79,19,18,1,60,18,2,1,5,34
S01008892,85 and over,56,6,6,0,50,8,3,0,2,37
S01008893,All HRPs,353,261,245,16,92,27,2,4,19,40
S01008893,24 and under,1,0,0,0,1,1,0,0,0,0
S01008893,25 to 34,14,11,7,4,3,3,0,0,0,0
S01008893,35 to 49,123,104,97,7,19,11,0,3,4,1
S01008893,50 to 64,97,82,77,5,15,3,0,1,10,1
S01008893,65 to 74,49,37,37,0,12,5,0,0,2,5
S01008893,75 to 84,47,21,21,0,26,1,2,0,3,20
S01008893,85 and over,22,6,6,0,16,3,0,0,0,13
S01008894,All HRPs,337,256,240,16,81,26,3,4,16,32
S01008894,24 and under,0,0,0,0,0,0,0,0,0,0
S01008894,25 to 34,6,5,3,2,1,0,0,1,0,0
S01008894,35 to 49,102,89,83,6,13,8,0,0,4,1
S01008894,50 to 64,115,95,87,8,20,5,0,2,8,5
S01008894,65 to 74,61,45,45,0,16,6,1,0,4,5
S01008894,75 to 84,38,14,14,0,24,5,1,1,0,17
S01008894,85 and over,15,8,8,0,7,2,1,0,0,4
S01008895,All HRPs,301,191,175,16,110,26,7,8,14,55
S01008895,24 and under,1,1,0,1,0,0,0,0,0,0
S01008895,25 to 34,10,7,6,1,3,2,0,1,0,0
S01008895,35 to 49,92,80,73,7,12,6,0,4,2,0
S01008895,50 to 64,88,59,54,5,29,11,1,1,8,8
S01008895,65 to 74,52,32,30,2,20,1,2,1,4,12
S01008895,75 to 84,38,10,10,0,28,4,1,1,0,22
S01008895,85 and over,20,2,2,0,18,2,3,0,0,13
S01008896,All HRPs,208,157,138,19,51,15,6,6,9,15
S01008896,24 and under,2,0,0,0,2,2,0,0,0,0
S01008896,25 to 34,12,7,5,2,5,2,3,0,0,0
S01008896,35 to 49,90,81,71,10,9,3,1,2,3,0
S01008896,50 to 64,53,43,38,5,10,4,1,2,3,0
S01008896,65 to 74,21,15,14,1,6,2,0,1,2,1
S01008896,75 to 84,27,11,10,1,16,2,1,1,0,12
S01008896,85 and over,3,0,0,0,3,0,0,0,1,2
S01008897,All HRPs,304,181,162,19,123,39,4,11,26,43
S01008897,24 and under,1,1,0,1,0,0,0,0,0,0
S01008897,25 to 34,22,11,6,5,11,9,0,1,1,0
S01008897,35 to 49,82,61,53,8,21,12,3,1,4,1
S01008897,50 to 64,89,58,54,4,31,7,0,6,15,3
S01008897,65 to 74,43,20,20,0,23,6,0,2,5,10
S01008897,75 to 84,45,21,20,1,24,4,1,1,1,17
S01008897,85 and over,22,9,9,0,13,1,0,0,0,12
S01008898,All HRPs,331,257,239,18,74,15,0,4,13,42
S01008898,24 and under,1,0,0,0,1,1,0,0,0,0
S01008898,25 to 34,8,6,4,2,2,2,0,0,0,0
S01008898,35 to 49,93,85,80,5,8,3,0,2,2,1
S01008898,50 to 64,110,91,83,8,19,4,0,2,10,3
S01008898,65 to 74,56,44,41,3,12,0,0,0,1,11
S01008898,75 to 84,44,24,24,0,20,4,0,0,0,16
S01008898,85 and over,19,7,7,0,12,1,0,0,0,11
S01008899,All HRPs,389,128,92,36,261,102,5,19,50,85
S01008899,24 and under,20,1,0,1,19,19,0,0,0,0
S01008899,25 to 34,52,20,6,14,32,27,0,0,5,0
S01008899,35 to 49,111,42,29,13,69,38,3,10,14,4
S01008899,50 to 64,91,36,28,8,55,15,1,9,20,10
S01008899,65 to 74,48,18,18,0,30,2,0,0,9,19
S01008899,75 to 84,46,9,9,0,37,1,1,0,1,34
S01008899,85 and over,21,2,2,0,19,0,0,0,1,18
S01008900,All HRPs,415,191,145,46,224,88,6,21,40,69
S01008900,24 and under,15,5,2,3,10,10,0,0,0,0
S01008900,25 to 34,65,31,19,12,34,32,0,1,1,0
S01008900,35 to 49,105,55,35,20,50,31,3,7,7,2
S01008900,50 to 64,112,58,50,8,54,9,1,11,23,10
S01008900,65 to 74,59,25,23,2,34,4,0,1,6,23
S01008900,75 to 84,47,13,13,0,34,2,1,1,3,27
S01008900,85 and over,12,4,3,1,8,0,1,0,0,7
S01008901,All HRPs,374,186,147,39,188,63,4,21,36,64
S01008901,24 and under,11,5,1,4,6,6,0,0,0,0
S01008901,25 to 34,39,20,14,6,19,16,0,0,3,0
S01008901,35 to 49,102,61,42,19,41,19,0,9,12,1
S01008901,50 to 64,107,61,53,8,46,14,1,9,14,8
S01008901,65 to 74,46,22,21,1,24,5,1,2,5,11
S01008901,75 to 84,45,13,12,1,32,2,2,0,2,26
S01008901,85 and over,24,4,4,0,20,1,0,1,0,18
S01008902,All HRPs,485,184,140,44,301,151,7,24,55,64
S01008902,24 and under,32,5,1,4,27,26,1,0,0,0
S01008902,25 to 34,101,42,24,18,59,50,5,2,2,0
S01008902,35 to 49,127,58,43,15,69,39,0,12,17,1
S01008902,50 to 64,112,44,37,7,68,26,0,7,27,8
S01008902,65 to 74,47,20,20,0,27,5,1,2,8,11
S01008902,75 to 84,52,12,12,0,40,4,0,1,1,34
S01008902,85 and over,14,3,3,0,11,1,0,0,0,10
S01008903,All HRPs,463,211,178,33,252,82,6,17,63,84
S01008903,24 and under,3,1,0,1,2,2,0,0,0,0
S01008903,25 to 34,45,26,17,9,19,17,0,0,2,0
S01008903,35 to 49,128,68,54,14,60,37,0,8,12,3
S01008903,50 to 64,120,54,48,6,66,14,3,6,32,11
S01008903,65 to 74,75,38,35,3,37,6,2,1,12,16
S01008903,75 to 84,64,19,19,0,45,5,0,1,5,34
S01008903,85 and over,28,5,5,0,23,1,1,1,0,20
S01008904,All HRPs,431,147,111,36,284,148,18,23,64,31
S01008904,24 and under,22,4,0,4,18,17,0,1,0,0
S01008904,25 to 34,86,27,15,12,59,47,6,3,3,0
S01008904,35 to 49,149,61,45,16,88,60,8,8,11,1
S01008904,50 to 64,101,37,34,3,64,13,4,8,36,3
S01008904,65 to 74,46,16,15,1,30,7,0,2,9,12
S01008904,75 to 84,23,2,2,0,21,3,0,1,4,13
S01008904,85 and over,4,0,0,0,4,1,0,0,1,2
S01008905,All HRPs,510,153,103,50,357,193,4,39,85,36
S01008905,24 and under,37,3,0,3,34,34,0,0,0,0
S01008905,25 to 34,104,40,19,21,64,50,2,8,4,0
S01008905,35 to 49,181,49,29,20,132,81,2,18,28,3
S01008905,50 to 64,117,43,37,6,74,16,0,10,38,10
S01008905,65 to 74,46,13,13,0,33,8,0,1,14,10
S01008905,75 to 84,20,3,3,0,17,3,0,2,1,11
S01008905,85 and over,5,2,2,0,3,1,0,0,0,2
S01008906,All HRPs,386,116,74,42,270,155,7,34,62,12
S01008906,24 and under,27,4,2,2,23,23,0,0,0,0
S01008906,25 to 34,91,26,14,12,65,57,3,3,2,0
S01008906,35 to 49,145,50,28,22,95,50,3,18,22,2
S01008906,50 to 64,96,26,20,6,70,23,1,11,31,4
S01008906,65 to 74,19,6,6,0,13,1,0,2,7,3
S01008906,75 to 84,8,4,4,0,4,1,0,0,0,3
S01008906,85 and over,0,0,0,0,0,0,0,0,0,0
S01008907,All HRPs,249,80,49,31,169,86,3,18,40,22
S01008907,24 and under,23,5,1,4,18,18,0,0,0,0
S01008907,25 to 34,54,17,7,10,37,32,0,1,4,0
S01008907,35 to 49,86,26,17,9,60,26,3,11,19,1
S01008907,50 to 64,46,20,12,8,26,6,0,5,12,3
S01008907,65 to 74,22,6,6,0,16,4,0,0,4,8
S01008907,75 to 84,14,5,5,0,9,0,0,0,1,8
S01008907,85 and over,4,1,1,0,3,0,0,1,0,2
S01008908,All HRPs,421,167,123,44,254,116,9,30,71,28
S01008908,24 and under,35,5,1,4,30,28,1,1,0,0
S01008908,25 to 34,66,28,16,12,38,27,1,6,4,0
S01008908,35 to 49,138,57,44,13,81,41,5,16,19,0
S01008908,50 to 64,103,46,33,13,57,14,1,5,32,5
S01008908,65 to 74,51,20,19,1,31,6,1,2,14,8
S01008908,75 to 84,22,9,8,1,13,0,0,0,2,11
S01008908,85 and over,6,2,2,0,4,0,0,0,0,4
S01008909,All HRPs,347,176,146,30,171,85,2,18,36,30
S01008909,24 and under,15,2,0,2,13,11,0,2,0,0
S01008909,25 to 34,58,24,15,9,34,29,0,3,2,0
S01008909,35 to 49,95,56,43,13,39,24,2,6,7,0
S01008909,50 to 64,108,63,57,6,45,8,0,6,25,6
S01008909,65 to 74,48,21,21,0,27,10,0,1,2,14
S01008909,75 to 84,18,9,9,0,9,3,0,0,0,6
S01008909,85 and over,5,1,1,0,4,0,0,0,0,4
S01008910,All HRPs,211,94,71,23,117,56,4,11,19,27
S01008910,24 and under,11,1,0,1,10,10,0,0,0,0
S01008910,25 to 34,46,23,11,12,23,20,2,0,1,0
S01008910,35 to 49,67,30,24,6,37,19,0,8,8,2
S01008910,50 to 64,45,25,22,3,20,4,0,2,9,5
S01008910,65 to 74,21,10,10,0,11,1,0,1,1,8
S01008910,75 to 84,13,4,3,1,9,2,2,0,0,5
S01008910,85 and over,8,1,1,0,7,0,0,0,0,7
S01008911,All HRPs,432,194,101,93,238,182,4,9,36,7
S01008911,24 and under,55,15,2,13,40,40,0,0,0,0
S01008911,25 to 34,188,98,42,56,90,87,0,1,2,0
S01008911,35 to 49,116,49,29,20,67,42,1,6,16,2
S01008911,50 to 64,55,20,16,4,35,12,3,1,15,4
S01008911,65 to 74,12,9,9,0,3,1,0,1,1,0
S01008911,75 to 84,4,3,3,0,1,0,0,0,0,1
S01008911,85 and over,2,0,0,0,2,0,0,0,2,0
S01008912,All HRPs,333,218,173,45,115,37,6,7,23,42
S01008912,24 and under,4,1,0,1,3,3,0,0,0,0
S01008912,25 to 34,36,31,22,9,5,4,1,0,0,0
S01008912,35 to 49,106,78,60,18,28,17,2,2,6,1
S01008912,50 to 64,100,67,55,12,33,9,2,5,11,6
S01008912,65 to 74,47,27,23,4,20,4,1,0,6,9
S01008912,75 to 84,27,12,11,1,15,0,0,0,0,15
S01008912,85 and over,13,2,2,0,11,0,0,0,0,11
S01008913,All HRPs,272,152,118,34,120,77,4,11,18,10
S01008913,24 and under,10,4,0,4,6,6,0,0,0,0
S01008913,25 to 34,68,30,23,7,38,37,1,0,0,0
S01008913,35 to 49,109,77,57,20,32,18,0,9,5,0
S01008913,50 to 64,52,26,23,3,26,10,2,2,10,2
S01008913,65 to 74,17,10,10,0,7,2,0,0,2,3
S01008913,75 to 84,11,3,3,0,8,2,0,0,1,5
S01008913,85 and over,5,2,2,0,3,2,1,0,0,0
S01008914,All HRPs,398,202,170,32,196,82,4,12,40,58
S01008914,24 and under,4,1,1,0,3,3,0,0,0,0
S01008914,25 to 34,30,20,9,11,10,8,1,1,0,0
S01008914,35 to 49,118,65,51,14,53,32,1,8,11,1
S01008914,50 to 64,107,57,50,7,50,23,2,3,15,7
S01008914,65 to 74,52,35,35,0,17,4,0,0,2,11
S01008914,75 to 84,71,19,19,0,52,11,0,0,10,31
S01008914,85 and over,16,5,5,0,11,1,0,0,2,8
S01008915,All HRPs,236,136,115,21,100,42,4,5,12,37
S01008915,24 and under,4,1,1,0,3,3,0,0,0,0
S01008915,25 to 34,18,12,7,5,6,5,1,0,0,0
S01008915,35 to 49,66,47,36,11,19,11,0,3,5,0
S01008915,50 to 64,71,47,42,5,24,12,1,1,4,6
S01008915,65 to 74,36,15,15,0,21,7,1,1,3,9
S01008915,75 to 84,33,13,13,0,20,3,1,0,0,16
S01008915,85 and over,8,1,1,0,7,1,0,0,0,6
S01008916,All HRPs,593,187,132,55,406,160,6,29,106,105
S01008916,24 and under,16,7,1,6,9,9,0,0,0,0
S01008916,25 to 34,73,27,13,14,46,39,0,4,3,0
S01008916,35 to 49,136,53,30,23,83,53,2,7,21,0
S01008916,50 to 64,157,55,43,12,102,31,3,11,42,15
S01008916,65 to 74,92,25,25,0,67,14,0,5,30,18
S01008916,75 to 84,94,19,19,0,75,11,1,2,10,51
S01008916,85 and over,25,1,1,0,24,3,0,0,0,21
S01008917,All HRPs,379,89,58,31,290,162,0,30,71,27
S01008917,24 and under,37,0,0,0,37,36,0,0,1,0
S01008917,25 to 34,78,23,12,11,55,46,0,3,6,0
S01008917,35 to 49,121,37,19,18,84,53,0,12,19,0
S01008917,50 to 64,76,19,18,1,57,19,0,11,26,1
S01008917,65 to 74,40,7,6,1,33,4,0,3,12,14
S01008917,75 to 84,23,3,3,0,20,4,0,1,7,8
S01008917,85 and over,4,0,0,0,4,0,0,0,0,4
S01008918,All HRPs,293,78,56,22,215,127,5,25,47,11
S01008918,24 and under,32,6,0,6,26,25,0,1,0,0
S01008918,25 to 34,83,25,17,8,58,44,4,2,7,1
S01008918,35 to 49,103,27,23,4,76,43,1,18,14,0
S01008918,50 to 64,55,12,8,4,43,14,0,4,20,5
S01008918,65 to 74,14,6,6,0,8,1,0,0,5,2
S01008918,75 to 84,4,1,1,0,3,0,0,0,1,2
S01008918,85 and over,2,1,1,0,1,0,0,0,0,1
S01008919,All HRPs,264,70,43,27,194,106,2,16,49,21
S01008919,24 and under,22,6,0,6,16,14,0,0,0,2
S01008919,25 to 34,62,26,13,13,36,31,2,1,2,0
S01008919,35 to 49,100,21,14,7,79,47,0,8,22,2
S01008919,50 to 64,56,10,10,0,46,10,0,7,22,7
S01008919,65 to 74,14,5,4,1,9,1,0,0,3,5
S01008919,75 to 84,8,2,2,0,6,3,0,0,0,3
S01008919,85 and over,2,0,0,0,2,0,0,0,0,2
S01008920,All HRPs,586,254,137,117,332,209,18,24,63,18
S01008920,24 and under,58,19,3,16,39,37,0,1,1,0
S01008920,25 to 34,208,108,44,64,100,85,5,4,6,0
S01008920,35 to 49,199,86,51,35,113,66,13,9,25,0
S01008920,50 to 64,89,33,31,2,56,18,0,7,23,8
S01008920,65 to 74,22,6,6,0,16,2,0,3,7,4
S01008920,75 to 84,7,2,2,0,5,1,0,0,1,3
S01008920,85 and over,3,0,0,0,3,0,0,0,0,3
S01008921,All HRPs,375,128,90,38,247,124,5,23,60,35
S01008921,24 and under,24,7,1,6,17,17,0,0,0,0
S01008921,25 to 34,81,28,14,14,53,43,2,6,2,0
S01008921,35 to 49,108,46,35,11,62,36,3,10,12,1
S01008921,50 to 64,87,25,20,5,62,18,0,5,34,5
S01008921,65 to 74,36,10,9,1,26,4,0,2,9,11
S01008921,75 to 84,31,11,10,1,20,6,0,0,3,11
S01008921,85 and over,8,1,1,0,7,0,0,0,0,7
S01008922,All HRPs,400,152,108,44,248,114,4,12,51,67
S01008922,24 and under,18,4,0,4,14,14,0,0,0,0
S01008922,25 to 34,63,23,8,15,40,35,0,1,4,0
S01008922,35 to 49,115,49,32,17,66,42,2,5,12,5
S01008922,50 to 64,93,52,45,7,41,7,0,6,19,9
S01008922,65 to 74,54,16,16,0,38,9,2,0,10,17
S01008922,75 to 84,34,8,7,1,26,4,0,0,3,19
S01008922,85 and over,23,0,0,0,23,3,0,0,3,17
S01008923,All HRPs,394,125,85,40,269,114,6,19,65,65
S01008923,24 and under,20,7,0,7,13,13,0,0,0,0
S01008923,25 to 34,62,24,12,12,38,34,3,0,1,0
S01008923,35 to 49,101,41,27,14,60,28,2,9,20,1
S01008923,50 to 64,105,30,24,6,75,27,1,7,34,6
S01008923,65 to 74,45,13,12,1,32,5,0,3,8,16
S01008923,75 to 84,50,10,10,0,40,7,0,0,1,32
S01008923,85 and over,11,0,0,0,11,0,0,0,1,10
S01008924,All HRPs,372,155,114,41,217,99,1,29,49,39
S01008924,24 and under,17,3,0,3,14,14,0,0,0,0
S01008924,25 to 34,67,23,11,12,44,34,0,10,0,0
S01008924,35 to 49,126,61,44,17,65,35,1,11,18,0
S01008924,50 to 64,109,53,45,8,56,14,0,8,26,8
S01008924,65 to 74,28,12,11,1,16,1,0,0,4,11
S01008924,75 to 84,19,3,3,0,16,0,0,0,1,15
S01008924,85 and over,6,0,0,0,6,1,0,0,0,5
S01008925,All HRPs,266,131,94,37,135,80,8,11,25,11
S01008925,24 and under,18,3,0,3,15,15,0,0,0,0
S01008925,25 to 34,77,39,23,16,38,32,1,2,3,0
S01008925,35 to 49,82,38,29,9,44,24,7,4,8,1
S01008925,50 to 64,67,42,33,9,25,7,0,4,12,2
S01008925,65 to 74,17,7,7,0,10,2,0,1,1,6
S01008925,75 to 84,4,2,2,0,2,0,0,0,1,1
S01008925,85 and over,1,0,0,0,1,0,0,0,0,1
S01008926,All HRPs,242,144,100,44,98,46,5,12,23,12
S01008926,24 and under,8,3,1,2,5,4,0,1,0,0
S01008926,25 to 34,54,32,17,15,22,18,0,3,1,0
S01008926,35 to 49,85,53,35,18,32,17,3,7,4,1
S01008926,50 to 64,64,41,34,7,23,6,2,1,12,2
S01008926,65 to 74,20,13,11,2,7,0,0,0,5,2
S01008926,75 to 84,9,2,2,0,7,0,0,0,1,6
S01008926,85 and over,2,0,0,0,2,1,0,0,0,1
S01008927,All HRPs,416,185,85,100,231,157,8,20,35,11
S01008927,24 and under,51,18,1,17,33,33,0,0,0,0
S01008927,25 to 34,194,101,34,67,93,77,3,9,4,0
S01008927,35 to 49,100,46,32,14,54,35,5,4,10,0
S01008927,50 to 64,55,17,15,2,38,11,0,7,14,6
S01008927,65 to 74,12,3,3,0,9,1,0,0,6,2
S01008927,75 to 84,4,0,0,0,4,0,0,0,1,3
S01008927,85 and over,0,0,0,0,0,0,0,0,0,0
S01008928,All HRPs,298,151,104,47,147,66,2,13,20,46
S01008928,24 and under,25,6,0,6,19,19,0,0,0,0
S01008928,25 to 34,85,46,17,29,39,33,1,2,2,1
S01008928,35 to 49,44,23,18,5,21,9,0,6,6,0
S01008928,50 to 64,48,28,21,7,20,5,1,3,7,4
S01008928,65 to 74,45,27,27,0,18,0,0,1,3,14
S01008928,75 to 84,42,18,18,0,24,0,0,1,2,21
S01008928,85 and over,9,3,3,0,6,0,0,0,0,6
S01008929,All HRPs,475,79,45,34,396,257,4,37,78,20
S01008929,24 and under,72,9,0,9,63,62,0,0,1,0
S01008929,25 to 34,99,25,11,14,74,65,1,6,1,1
S01008929,35 to 49,142,18,11,7,124,87,1,13,21,2
S01008929,50 to 64,117,21,17,4,96,35,1,15,41,4
S01008929,65 to 74,27,2,2,0,25,4,0,3,13,5
S01008929,75 to 84,14,4,4,0,10,3,1,0,1,5
S01008929,85 and over,4,0,0,0,4,1,0,0,0,3
S01008930,All HRPs,427,130,93,37,297,140,1,34,75,47
S01008930,24 and under,25,4,1,3,21,19,0,0,0,2
S01008930,25 to 34,81,27,14,13,54,46,0,5,3,0
S01008930,35 to 49,130,46,33,13,84,42,1,14,24,3
S01008930,50 to 64,108,37,29,8,71,24,0,9,33,5
S01008930,65 to 74,39,6,6,0,33,5,0,4,13,11
S01008930,75 to 84,37,9,9,0,28,2,0,2,2,22
S01008930,85 and over,7,1,1,0,6,2,0,0,0,4
S01008931,All HRPs,339,119,85,34,220,96,3,25,54,42
S01008931,24 and under,11,4,2,2,7,6,0,1,0,0
S01008931,25 to 34,48,12,3,9,36,28,1,5,2,0
S01008931,35 to 49,114,51,33,18,63,37,0,14,11,1
S01008931,50 to 64,92,27,24,3,65,21,1,5,32,6
S01008931,65 to 74,39,12,11,1,27,2,0,0,8,17
S01008931,75 to 84,31,12,12,0,19,2,1,0,1,15
S01008931,85 and over,4,1,0,1,3,0,0,0,0,3
S01008932,All HRPs,404,175,110,65,229,143,6,19,36,25
S01008932,24 and under,40,9,2,7,31,30,0,1,0,0
S01008932,25 to 34,145,67,30,37,78,70,0,3,5,0
S01008932,35 to 49,120,58,40,18,62,36,5,7,13,1
S01008932,50 to 64,51,27,24,3,24,4,1,7,11,1
S01008932,65 to 74,19,6,6,0,13,1,0,1,5,6
S01008932,75 to 84,24,8,8,0,16,2,0,0,2,12
S01008932,85 and over,5,0,0,0,5,0,0,0,0,5
S01008933,All HRPs,289,120,85,35,169,92,1,20,40,16
S01008933,24 and under,30,6,2,4,24,22,0,2,0,0
S01008933,25 to 34,60,27,17,10,33,28,0,2,3,0
S01008933,35 to 49,103,49,36,13,54,32,1,7,12,2
S01008933,50 to 64,69,30,24,6,39,8,0,6,21,4
S01008933,65 to 74,15,5,4,1,10,0,0,2,3,5
S01008933,75 to 84,11,3,2,1,8,2,0,1,1,4
S01008933,85 and over,1,0,0,0,1,0,0,0,0,1
S01008934,All HRPs,354,142,98,44,212,117,3,21,44,27
S01008934,24 and under,31,6,2,4,25,25,0,0,0,0
S01008934,25 to 34,59,28,13,15,31,27,0,3,1,0
S01008934,35 to 49,122,63,46,17,59,41,3,7,8,0
S01008934,50 to 64,85,31,23,8,54,18,0,7,22,7
S01008934,65 to 74,33,8,8,0,25,4,0,3,10,8
S01008934,75 to 84,20,6,6,0,14,1,0,1,3,9
S01008934,85 and over,4,0,0,0,4,1,0,0,0,3
S01008935,All HRPs,377,238,213,25,139,44,2,10,28,55
S01008935,24 and under,11,4,0,4,7,7,0,0,0,0
S01008935,25 to 34,32,16,10,6,16,13,1,1,1,0
S01008935,35 to 49,106,76,66,10,30,11,1,7,11,0
S01008935,50 to 64,94,67,62,5,27,7,0,2,12,6
S01008935,65 to 74,46,30,30,0,16,5,0,0,3,8
S01008935,75 to 84,67,38,38,0,29,1,0,0,1,27
S01008935,85 and over,21,7,7,0,14,0,0,0,0,14
S01008936,All HRPs,157,113,102,11,44,9,1,2,12,20
S01008936,24 and under,1,0,0,0,1,1,0,0,0,0
S01008936,25 to 34,7,5,4,1,2,2,0,0,0,0
S01008936,35 to 49,58,50,42,8,8,3,0,2,3,0
S01008936,50 to 64,43,32,31,1,11,1,0,0,7,3
S01008936,65 to 74,23,16,15,1,7,0,0,0,1,6
S01008936,75 to 84,19,8,8,0,11,1,1,0,1,8
S01008936,85 and over,6,2,2,0,4,1,0,0,0,3
S01008937,All HRPs,424,183,141,42,241,90,3,14,59,75
S01008937,24 and under,11,4,0,4,7,7,0,0,0,0
S01008937,25 to 34,42,24,13,11,18,15,0,2,1,0
S01008937,35 to 49,121,61,47,14,60,35,1,5,18,1
S01008937,50 to 64,102,55,44,11,47,14,1,6,18,8
S01008937,65 to 74,68,24,23,1,44,12,1,1,16,14
S01008937,75 to 84,52,10,9,1,42,4,0,0,6,32
S01008937,85 and over,28,5,5,0,23,3,0,0,0,20
S01008938,All HRPs,285,206,182,24,79,23,1,4,11,40
S01008938,24 and under,2,0,0,0,2,2,0,0,0,0
S01008938,25 to 34,15,11,5,6,4,4,0,0,0,0
S01008938,35 to 49,97,84,71,13,13,4,1,3,5,0
S01008938,50 to 64,68,52,48,4,16,4,0,1,5,6
S01008938,65 to 74,30,19,18,1,11,3,0,0,0,8
S01008938,75 to 84,53,33,33,0,20,3,0,0,1,16
S01008938,85 and over,20,7,7,0,13,3,0,0,0,10
S01008939,All HRPs,323,210,189,21,113,33,7,5,19,49
S01008939,24 and under,3,2,1,1,1,1,0,0,0,0
S01008939,25 to 34,14,11,8,3,3,3,0,0,0,0
S01008939,35 to 49,84,60,47,13,24,11,1,3,9,0
S01008939,50 to 64,90,68,64,4,22,7,2,2,6,5
S01008939,65 to 74,49,32,32,0,17,3,0,0,4,10
S01008939,75 to 84,57,26,26,0,31,7,1,0,0,23
S01008939,85 and over,26,11,11,0,15,1,3,0,0,11
S01008940,All HRPs,255,198,187,11,57,17,2,3,11,24
S01008940,24 and under,0,0,0,0,0,0,0,0,0,0
S01008940,25 to 34,7,4,4,0,3,3,0,0,0,0
S01008940,35 to 49,66,56,50,6,10,4,0,1,4,1
S01008940,50 to 64,70,58,55,3,12,2,1,2,6,1
S01008940,65 to 74,50,40,39,1,10,5,0,0,1,4
S01008940,75 to 84,47,31,31,0,16,2,1,0,0,13
S01008940,85 and over,15,9,8,1,6,1,0,0,0,5
S01008941,All HRPs,350,237,218,19,113,26,1,13,24,49
S01008941,24 and under,2,2,0,2,0,0,0,0,0,0
S01008941,25 to 34,16,10,7,3,6,4,0,1,1,0
S01008941,35 to 49,121,95,85,10,26,9,0,9,8,0
S01008941,50 to 64,86,62,58,4,24,5,1,2,12,4
S01008941,65 to 74,48,35,35,0,13,4,0,1,1,7
S01008941,75 to 84,53,29,29,0,24,2,0,0,2,20
S01008941,85 and over,24,4,4,0,20,2,0,0,0,18
S01008942,All HRPs,333,177,148,29,156,56,5,23,42,30
S01008942,24 and under,3,1,0,1,2,2,0,0,0,0
S01008942,25 to 34,27,16,9,7,11,9,0,1,1,0
S01008942,35 to 49,119,70,55,15,49,20,0,13,15,1
S01008942,50 to 64,89,52,46,6,37,13,2,6,15,1
S01008942,65 to 74,40,15,15,0,25,8,1,1,10,5
S01008942,75 to 84,36,15,15,0,21,3,1,2,1,14
S01008942,85 and over,19,8,8,0,11,1,1,0,0,9
S01008943,All HRPs,340,247,231,16,93,16,5,7,16,49
S01008943,24 and under,0,0,0,0,0,0,0,0,0,0
S01008943,25 to 34,9,5,4,1,4,2,0,2,0,0
S01008943,35 to 49,82,65,59,6,17,5,3,3,5,1
S01008943,50 to 64,102,88,82,6,14,3,1,2,4,4
S01008943,65 to 74,86,59,57,2,27,2,0,0,6,19
S01008943,75 to 84,48,24,23,1,24,2,1,0,1,20
S01008943,85 and over,13,6,6,0,7,2,0,0,0,5
S01008944,All HRPs,429,287,258,29,142,25,2,21,28,66
S01008944,24 and under,2,0,0,0,2,2,0,0,0,0
S01008944,25 to 34,17,13,8,5,4,3,0,0,1,0
S01008944,35 to 49,100,75,63,12,25,5,0,13,6,1
S01008944,50 to 64,142,108,99,9,34,10,1,5,9,9
S01008944,65 to 74,72,51,49,2,21,1,0,3,6,11
S01008944,75 to 84,65,30,29,1,35,3,1,0,5,26
S01008944,85 and over,31,10,10,0,21,1,0,0,1,19
S01008945,All HRPs,299,235,212,23,64,13,2,4,8,37
S01008945,24 and under,1,1,1,0,0,0,0,0,0,0
S01008945,25 to 34,14,12,7,5,2,2,0,0,0,0
S01008945,35 to 49,79,69,61,8,10,3,0,4,3,0
S01008945,50 to 64,115,99,89,10,16,6,2,0,5,3
S01008945,65 to 74,41,30,30,0,11,1,0,0,0,10
S01008945,75 to 84,33,18,18,0,15,0,0,0,0,15
S01008945,85 and over,16,6,6,0,10,1,0,0,0,9
S01008946,All HRPs,397,257,242,15,140,33,8,11,27,61
S01008946,24 and under,3,1,0,1,2,2,0,0,0,0
S01008946,25 to 34,12,5,3,2,7,5,0,1,0,1
S01008946,35 to 49,92,68,61,7,24,8,2,6,7,1
S01008946,50 to 64,129,98,94,4,31,3,4,4,14,6
S01008946,65 to 74,65,41,40,1,24,6,0,0,5,13
S01008946,75 to 84,69,30,30,0,39,6,1,0,1,31
S01008946,85 and over,27,14,14,0,13,3,1,0,0,9
S01008947,All HRPs,449,293,273,20,156,19,5,11,31,90
S01008947,24 and under,1,0,0,0,1,1,0,0,0,0
S01008947,25 to 34,15,14,10,4,1,0,0,0,1,0
S01008947,35 to 49,107,90,79,11,17,3,2,5,7,0
S01008947,50 to 64,121,94,91,3,27,5,1,5,11,5
S01008947,65 to 74,61,36,35,1,25,4,0,1,6,14
S01008947,75 to 84,101,50,50,0,51,1,1,0,4,45
S01008947,85 and over,43,9,8,1,34,5,1,0,2,26
S01008948,All HRPs,285,192,166,26,93,31,1,6,25,30
S01008948,24 and under,0,0,0,0,0,0,0,0,0,0
S01008948,25 to 34,18,14,9,5,4,2,0,1,1,0
S01008948,35 to 49,99,78,62,16,21,11,1,1,6,2
S01008948,50 to 64,100,72,67,5,28,9,0,2,14,3
S01008948,65 to 74,29,17,17,0,12,4,0,2,4,2
S01008948,75 to 84,25,10,10,0,15,2,0,0,0,13
S01008948,85 and over,14,1,1,0,13,3,0,0,0,10
S01008949,All HRPs,393,206,164,42,187,54,4,8,44,77
S01008949,24 and under,4,4,1,3,0,0,0,0,0,0
S01008949,25 to 34,33,16,9,7,17,16,1,0,0,0
S01008949,35 to 49,120,82,57,25,38,18,1,5,13,1
S01008949,50 to 64,102,56,51,5,46,17,1,3,21,4
S01008949,65 to 74,51,29,29,0,22,2,0,0,5,15
S01008949,75 to 84,52,14,12,2,38,1,0,0,4,33
S01008949,85 and over,31,5,5,0,26,0,1,0,1,24
S01008950,All HRPs,420,206,177,29,214,72,2,17,31,92
S01008950,24 and under,11,1,0,1,10,10,0,0,0,0
S01008950,25 to 34,37,22,12,10,15,14,0,1,0,0
S01008950,35 to 49,117,73,63,10,44,25,1,7,11,0
S01008950,50 to 64,104,65,59,6,39,17,0,7,11,4
S01008950,65 to 74,48,20,19,1,28,4,0,2,4,18
S01008950,75 to 84,59,16,15,1,43,2,0,0,4,37
S01008950,85 and over,44,9,9,0,35,0,1,0,1,33
S01008951,All HRPs,435,162,114,48,273,120,3,21,57,72
S01008951,24 and under,15,3,0,3,12,10,0,2,0,0
S01008951,25 to 34,87,43,13,30,44,41,2,0,1,0
S01008951,35 to 49,113,40,32,8,73,44,1,7,17,4
S01008951,50 to 64,101,41,34,7,60,14,0,10,28,8
S01008951,65 to 74,55,15,15,0,40,8,0,2,8,22
S01008951,75 to 84,43,17,17,0,26,2,0,0,2,22
S01008951,85 and over,21,3,3,0,18,1,0,0,1,16
S01008952,All HRPs,421,130,88,42,291,148,9,13,58,63
S01008952,24 and under,40,8,0,8,32,32,0,0,0,0
S01008952,25 to 34,82,29,13,16,53,46,5,0,2,0
S01008952,35 to 49,115,42,32,10,73,44,1,8,14,6
S01008952,50 to 64,99,33,25,8,66,20,2,5,30,9
S01008952,65 to 74,37,8,8,0,29,3,0,0,8,18
S01008952,75 to 84,37,8,8,0,29,2,1,0,4,22
S01008952,85 and over,11,2,2,0,9,1,0,0,0,8
S01008953,All HRPs,424,189,160,29,235,76,3,25,55,76
S01008953,24 and under,19,4,0,4,15,14,0,1,0,0
S01008953,25 to 34,43,25,16,9,18,14,0,3,1,0
S01008953,35 to 49,118,64,53,11,54,22,2,12,18,0
S01008953,50 to 64,104,47,43,4,57,14,0,8,25,10
S01008953,65 to 74,41,18,17,1,23,6,0,1,6,10
S01008953,75 to 84,71,25,25,0,46,4,1,0,5,36
S01008953,85 and over,28,6,6,0,22,2,0,0,0,20
S01008954,All HRPs,434,162,133,29,272,97,6,19,49,101
S01008954,24 and under,9,3,0,3,6,6,0,0,0,0
S01008954,25 to 34,59,23,15,8,36,28,3,4,1,0
S01008954,35 to 49,98,57,46,11,41,27,1,3,10,0
S01008954,50 to 64,97,35,31,4,62,25,1,11,20,5
S01008954,65 to 74,59,25,22,3,34,6,0,1,9,18
S01008954,75 to 84,74,17,17,0,57,2,0,0,7,48
S01008954,85 and over,38,2,2,0,36,3,1,0,2,30
S01008955,All HRPs,282,150,131,19,132,51,2,8,29,42
S01008955,24 and under,4,1,0,1,3,3,0,0,0,0
S01008955,25 to 34,31,14,11,3,17,13,1,1,0,2
S01008955,35 to 49,88,51,40,11,37,21,0,5,9,2
S01008955,50 to 64,83,55,51,4,28,9,0,2,13,4
S01008955,65 to 74,36,19,19,0,17,3,1,0,6,7
S01008955,75 to 84,29,5,5,0,24,1,0,0,1,22
S01008955,85 and over,11,5,5,0,6,1,0,0,0,5
S01008956,All HRPs,406,206,161,45,200,97,3,16,56,28
S01008956,24 and under,13,4,0,4,9,9,0,0,0,0
S01008956,25 to 34,75,35,17,18,40,35,1,2,2,0
S01008956,35 to 49,130,63,47,16,67,35,0,7,20,5
S01008956,50 to 64,129,80,75,5,49,14,2,6,23,4
S01008956,65 to 74,31,13,12,1,18,4,0,1,11,2
S01008956,75 to 84,23,10,9,1,13,0,0,0,0,13
S01008956,85 and over,5,1,1,0,4,0,0,0,0,4
S01008957,All HRPs,429,230,187,43,199,82,8,27,45,37
S01008957,24 and under,7,3,0,3,4,4,0,0,0,0
S01008957,25 to 34,49,26,12,14,23,16,0,4,2,1
S01008957,35 to 49,135,67,52,15,68,37,5,14,11,1
S01008957,50 to 64,133,77,68,9,56,19,3,7,23,4
S01008957,65 to 74,57,31,30,1,26,5,0,2,7,12
S01008957,75 to 84,38,22,21,1,16,0,0,0,2,14
S01008957,85 and over,10,4,4,0,6,1,0,0,0,5
S01008958,All HRPs,404,130,101,29,274,109,3,18,74,70
S01008958,24 and under,5,0,0,0,5,5,0,0,0,0
S01008958,25 to 34,55,26,12,14,29,26,0,3,0,0
S01008958,35 to 49,112,45,36,9,67,39,2,5,18,3
S01008958,50 to 64,108,42,36,6,66,25,1,4,29,7
S01008958,65 to 74,44,6,6,0,38,7,0,3,14,14
S01008958,75 to 84,55,8,8,0,47,6,0,3,11,27
S01008958,85 and over,25,3,3,0,22,1,0,0,2,19
S01008959,All HRPs,380,212,183,29,168,66,4,17,43,38
S01008959,24 and under,11,5,1,4,6,6,0,0,0,0
S01008959,25 to 34,42,22,16,6,20,16,0,3,1,0
S01008959,35 to 49,102,61,54,7,41,23,0,8,10,0
S01008959,50 to 64,132,84,73,11,48,16,2,4,24,2
S01008959,65 to 74,41,23,22,1,18,2,0,2,5,9
S01008959,75 to 84,36,14,14,0,22,3,1,0,3,15
S01008959,85 and over,16,3,3,0,13,0,1,0,0,12
S01008960,All HRPs,328,241,209,32,87,39,6,11,22,9
S01008960,24 and under,7,4,0,4,3,3,0,0,0,0
S01008960,25 to 34,45,31,22,9,14,14,0,0,0,0
S01008960,35 to 49,156,118,105,13,38,15,4,10,9,0
S01008960,50 to 64,102,77,71,6,25,5,2,1,12,5
S01008960,65 to 74,11,7,7,0,4,2,0,0,1,1
S01008960,75 to 84,7,4,4,0,3,0,0,0,0,3
S01008960,85 and over,0,0,0,0,0,0,0,0,0,0
S01008961,All HRPs,319,186,151,35,133,66,2,12,31,22
S01008961,24 and under,7,5,0,5,2,2,0,0,0,0
S01008961,25 to 34,48,24,11,13,24,24,0,0,0,0
S01008961,35 to 49,100,56,42,14,44,26,0,7,11,0
S01008961,50 to 64,102,62,59,3,40,13,2,5,13,7
S01008961,65 to 74,39,27,27,0,12,1,0,0,4,7
S01008961,75 to 84,18,11,11,0,7,0,0,0,3,4
S01008961,85 and over,5,1,1,0,4,0,0,0,0,4
S01008962,All HRPs,275,176,149,27,99,33,0,11,26,29
S01008962,24 and under,2,0,0,0,2,2,0,0,0,0
S01008962,25 to 34,29,21,11,10,8,8,0,0,0,0
S01008962,35 to 49,69,48,38,10,21,6,0,8,7,0
S01008962,50 to 64,104,76,69,7,28,9,0,3,10,6
S01008962,65 to 74,36,16,16,0,20,6,0,0,7,7
S01008962,75 to 84,24,14,14,0,10,2,0,0,1,7
S01008962,85 and over,11,1,1,0,10,0,0,0,1,9
S01008963,All HRPs,349,231,209,22,118,45,3,6,11,53
S01008963,24 and under,7,2,0,2,5,5,0,0,0,0
S01008963,25 to 34,20,12,5,7,8,7,0,1,0,0
S01008963,35 to 49,84,64,58,6,20,10,1,3,4,2
S01008963,50 to 64,108,83,77,6,25,12,0,2,5,6
S01008963,65 to 74,58,39,38,1,19,3,0,0,2,14
S01008963,75 to 84,56,26,26,0,30,7,2,0,0,21
S01008963,85 and over,16,5,5,0,11,1,0,0,0,10
S01008964,All HRPs,211,150,142,8,61,12,1,4,7,37
S01008964,24 and under,2,1,0,1,1,1,0,0,0,0
S01008964,25 to 34,7,4,3,1,3,2,1,0,0,0
S01008964,35 to 49,52,49,46,3,3,2,0,1,0,0
S01008964,50 to 64,59,42,40,2,17,2,0,3,7,5
S01008964,65 to 74,31,23,23,0,8,2,0,0,0,6
S01008964,75 to 84,46,25,25,0,21,1,0,0,0,20
S01008964,85 and over,14,6,5,1,8,2,0,0,0,6
S01008965,All HRPs,321,221,209,12,100,22,3,4,10,61
S01008965,24 and under,1,1,0,1,0,0,0,0,0,0
S01008965,25 to 34,5,4,3,1,1,1,0,0,0,0
S01008965,35 to 49,71,63,57,6,8,3,1,3,1,0
S01008965,50 to 64,98,78,75,3,20,9,2,1,2,6
S01008965,65 to 74,63,41,40,1,22,4,0,0,7,11
S01008965,75 to 84,56,29,29,0,27,2,0,0,0,25
S01008965,85 and over,27,5,5,0,22,3,0,0,0,19
S01008966,All HRPs,252,171,156,15,81,14,1,3,18,45
S01008966,24 and under,1,1,0,1,0,0,0,0,0,0
S01008966,25 to 34,18,14,11,3,4,2,0,0,2,0
S01008966,35 to 49,58,51,45,6,7,2,0,2,2,1
S01008966,50 to 64,80,63,59,4,17,7,0,0,9,1
S01008966,65 to 74,41,22,21,1,19,0,0,0,4,15
S01008966,75 to 84,39,13,13,0,26,1,1,1,1,22
S01008966,85 and over,15,7,7,0,8,2,0,0,0,6
S01008967,All HRPs,430,298,276,22,132,38,5,11,16,62
S01008967,24 and under,1,0,0,0,1,1,0,0,0,0
S01008967,25 to 34,15,10,7,3,5,4,0,1,0,0
S01008967,35 to 49,115,93,82,11,22,11,1,8,1,1
S01008967,50 to 64,132,104,96,8,28,8,2,1,8,9
S01008967,65 to 74,59,40,40,0,19,4,0,1,4,10
S01008967,75 to 84,83,48,48,0,35,8,1,0,3,23
S01008967,85 and over,25,3,3,0,22,2,1,0,0,19
S01008968,All HRPs,398,289,271,18,109,29,4,8,17,51
S01008968,24 and under,1,0,0,0,1,1,0,0,0,0
S01008968,25 to 34,21,15,13,2,6,5,1,0,0,0
S01008968,35 to 49,114,94,82,12,20,12,0,4,4,0
S01008968,50 to 64,121,95,93,2,26,7,2,3,7,7
S01008968,65 to 74,57,43,43,0,14,1,1,0,2,10
S01008968,75 to 84,70,36,35,1,34,3,0,1,3,27
S01008968,85 and over,14,6,5,1,8,0,0,0,1,7
S01008969,All HRPs,460,304,269,35,156,34,3,17,35,67
S01008969,24 and under,5,2,1,1,3,3,0,0,0,0
S01008969,25 to 34,36,30,21,9,6,3,0,3,0,0
S01008969,35 to 49,114,84,69,15,30,14,2,8,4,2
S01008969,50 to 64,143,102,93,9,41,10,0,3,25,3
S01008969,65 to 74,64,44,43,1,20,2,0,3,3,12
S01008969,75 to 84,73,37,37,0,36,1,1,0,3,31
S01008969,85 and over,25,5,5,0,20,1,0,0,0,19
S01008970,All HRPs,438,285,242,43,153,50,4,15,26,58
S01008970,24 and under,5,3,0,3,2,2,0,0,0,0
S01008970,25 to 34,35,21,7,14,14,14,0,0,0,0
S01008970,35 to 49,137,104,83,21,33,17,2,7,7,0
S01008970,50 to 64,128,93,89,4,35,10,2,8,9,6
S01008970,65 to 74,63,39,38,1,24,2,0,0,9,13
S01008970,75 to 84,53,22,22,0,31,4,0,0,1,26
S01008970,85 and over,17,3,3,0,14,1,0,0,0,13
S01008971,All HRPs,273,212,187,25,61,17,6,2,15,21
S01008971,24 and under,0,0,0,0,0,0,0,0,0,0
S01008971,25 to 34,18,16,12,4,2,2,0,0,0,0
S01008971,35 to 49,79,64,53,11,15,7,2,2,4,0
S01008971,50 to 64,109,91,82,9,18,4,2,0,9,3
S01008971,65 to 74,31,25,24,1,6,2,0,0,0,4
S01008971,75 to 84,31,16,16,0,15,1,2,0,2,10
S01008971,85 and over,5,0,0,0,5,1,0,0,0,4
S01008972,All HRPs,304,217,193,24,87,34,0,5,13,35
S01008972,24 and under,3,2,1,1,1,1,0,0,0,0
S01008972,25 to 34,24,15,7,8,9,9,0,0,0,0
S01008972,35 to 49,97,75,68,7,22,12,0,2,7,1
S01008972,50 to 64,91,68,62,6,23,10,0,3,5,5
S01008972,65 to 74,38,30,28,2,8,1,0,0,1,6
S01008972,75 to 84,41,23,23,0,18,0,0,0,0,18
S01008972,85 and over,10,4,4,0,6,1,0,0,0,5
S01008973,All HRPs,361,182,145,37,179,64,8,14,42,51
S01008973,24 and under,9,3,1,2,6,6,0,0,0,0
S01008973,25 to 34,49,29,13,16,20,17,0,2,0,1
S01008973,35 to 49,75,48,39,9,27,17,2,4,4,0
S01008973,50 to 64,122,67,57,10,55,11,5,8,24,7
S01008973,65 to 74,42,14,14,0,28,7,1,0,9,11
S01008973,75 to 84,45,17,17,0,28,3,0,0,5,20
S01008973,85 and over,19,4,4,0,15,3,0,0,0,12
S01008974,All HRPs,374,198,160,38,176,76,0,10,26,64
S01008974,24 and under,11,5,1,4,6,6,0,0,0,0
S01008974,25 to 34,54,36,15,21,18,15,0,0,3,0
S01008974,35 to 49,95,53,44,9,42,24,0,8,10,0
S01008974,50 to 64,82,54,50,4,28,16,0,1,5,6
S01008974,65 to 74,47,27,27,0,20,2,0,1,3,14
S01008974,75 to 84,61,20,20,0,41,11,0,0,5,25
S01008974,85 and over,24,3,3,0,21,2,0,0,0,19
S01008975,All HRPs,449,145,115,30,304,108,3,17,56,120
S01008975,24 and under,15,7,2,5,8,8,0,0,0,0
S01008975,25 to 34,47,18,5,13,29,24,0,4,1,0
S01008975,35 to 49,77,32,25,7,45,30,0,7,8,0
S01008975,50 to 64,74,27,22,5,47,20,0,6,18,3
S01008975,65 to 74,65,19,19,0,46,7,2,0,16,21
S01008975,75 to 84,101,30,30,0,71,13,1,0,8,49
S01008975,85 and over,70,12,12,0,58,6,0,0,5,47
S01008976,All HRPs,212,151,135,16,61,13,1,4,12,31
S01008976,24 and under,0,0,0,0,0,0,0,0,0,0
S01008976,25 to 34,9,9,6,3,0,0,0,0,0,0
S01008976,35 to 49,66,56,50,6,10,3,0,3,3,1
S01008976,50 to 64,67,47,41,6,20,5,0,1,8,6
S01008976,65 to 74,37,24,23,1,13,2,0,0,1,10
S01008976,75 to 84,26,10,10,0,16,3,1,0,0,12
S01008976,85 and over,7,5,5,0,2,0,0,0,0,2
S01008977,All HRPs,256,181,164,17,75,25,4,3,3,40
S01008977,24 and under,1,1,0,1,0,0,0,0,0,0
S01008977,25 to 34,16,9,3,6,7,6,0,0,0,1
S01008977,35 to 49,64,53,44,9,11,6,1,1,2,1
S01008977,50 to 64,90,73,72,1,17,5,2,2,1,7
S01008977,65 to 74,31,19,19,0,12,2,0,0,0,10
S01008977,75 to 84,37,20,20,0,17,4,0,0,0,13
S01008977,85 and over,17,6,6,0,11,2,1,0,0,8
S01008978,All HRPs,252,138,106,32,114,44,2,10,34,24
S01008978,24 and under,4,1,0,1,3,3,0,0,0,0
S01008978,25 to 34,45,26,11,15,19,17,0,2,0,0
S01008978,35 to 49,81,44,33,11,37,15,2,6,13,1
S01008978,50 to 64,67,39,35,4,28,4,0,2,16,6
S01008978,65 to 74,28,18,17,1,10,3,0,0,4,3
S01008978,75 to 84,15,8,8,0,7,1,0,0,1,5
S01008978,85 and over,12,2,2,0,10,1,0,0,0,9
S01008979,All HRPs,308,146,108,38,162,91,6,13,39,13
S01008979,24 and under,29,8,0,8,21,21,0,0,0,0
S01008979,25 to 34,74,32,15,17,42,38,2,1,0,1
S01008979,35 to 49,111,62,54,8,49,19,0,9,20,1
S01008979,50 to 64,63,31,26,5,32,9,2,3,17,1
S01008979,65 to 74,13,3,3,0,10,3,0,0,2,5
S01008979,75 to 84,14,9,9,0,5,1,2,0,0,2
S01008979,85 and over,4,1,1,0,3,0,0,0,0,3
S01008980,All HRPs,334,163,126,37,171,74,3,20,51,23
S01008980,24 and under,9,1,1,0,8,8,0,0,0,0
S01008980,25 to 34,75,41,20,21,34,30,1,0,3,0
S01008980,35 to 49,124,57,48,9,67,26,1,16,24,0
S01008980,50 to 64,78,42,36,6,36,7,1,4,19,5
S01008980,65 to 74,24,14,13,1,10,3,0,0,3,4
S01008980,75 to 84,15,6,6,0,9,0,0,0,2,7
S01008980,85 and over,9,2,2,0,7,0,0,0,0,7
S01008981,All HRPs,316,203,188,15,113,29,3,9,15,57
S01008981,24 and under,1,0,0,0,1,1,0,0,0,0
S01008981,25 to 34,15,11,8,3,4,4,0,0,0,0
S01008981,35 to 49,71,51,44,7,20,12,0,5,3,0
S01008981,50 to 64,86,66,63,3,20,4,1,3,7,5
S01008981,65 to 74,49,32,31,1,17,3,0,1,3,10
S01008981,75 to 84,69,34,33,1,35,4,1,0,2,28
S01008981,85 and over,25,9,9,0,16,1,1,0,0,14
S01008982,All HRPs,352,169,124,45,183,88,2,15,41,37
S01008982,24 and under,12,3,1,2,9,9,0,0,0,0
S01008982,25 to 34,72,34,12,22,38,33,1,4,0,0
S01008982,35 to 49,109,60,47,13,49,29,0,2,16,2
S01008982,50 to 64,91,45,38,7,46,10,1,7,19,9
S01008982,65 to 74,41,20,19,1,21,3,0,2,4,12
S01008982,75 to 84,21,6,6,0,15,4,0,0,2,9
S01008982,85 and over,6,1,1,0,5,0,0,0,0,5
S01008983,All HRPs,314,123,62,61,191,120,2,22,36,11
S01008983,24 and under,32,6,0,6,26,26,0,0,0,0
S01008983,25 to 34,100,45,13,32,55,47,1,4,3,0
S01008983,35 to 49,92,40,27,13,52,35,1,7,6,3
S01008983,50 to 64,68,28,19,9,40,10,0,9,17,4
S01008983,65 to 74,16,4,3,1,12,1,0,1,9,1
S01008983,75 to 84,6,0,0,0,6,1,0,1,1,3
S01008983,85 and over,0,0,0,0,0,0,0,0,0,0
S01008984,All HRPs,227,112,80,32,115,51,0,10,33,21
S01008984,24 and under,10,4,1,3,6,6,0,0,0,0
S01008984,25 to 34,50,25,12,13,25,21,0,4,0,0
S01008984,35 to 49,65,34,24,10,31,14,0,3,13,1
S01008984,50 to 64,63,34,28,6,29,6,0,3,16,4
S01008984,65 to 74,21,8,8,0,13,3,0,0,4,6
S01008984,75 to 84,11,4,4,0,7,1,0,0,0,6
S01008984,85 and over,7,3,3,0,4,0,0,0,0,4
S01008985,All HRPs,326,156,128,28,170,75,2,17,34,42
S01008985,24 and under,11,3,0,3,8,8,0,0,0,0
S01008985,25 to 34,76,38,23,15,38,34,0,3,1,0
S01008985,35 to 49,73,38,30,8,35,19,1,7,8,0
S01008985,50 to 64,86,41,40,1,45,11,1,7,22,4
S01008985,65 to 74,32,20,19,1,12,3,0,0,2,7
S01008985,75 to 84,37,13,13,0,24,0,0,0,1,23
S01008985,85 and over,11,3,3,0,8,0,0,0,0,8
S01008986,All HRPs,343,233,208,25,110,23,0,9,21,57
S01008986,24 and under,1,1,0,1,0,0,0,0,0,0
S01008986,25 to 34,28,22,14,8,6,6,0,0,0,0
S01008986,35 to 49,72,52,44,8,20,9,0,6,5,0
S01008986,50 to 64,112,91,83,8,21,6,0,2,10,3
S01008986,65 to 74,34,24,24,0,10,2,0,1,1,6
S01008986,75 to 84,70,33,33,0,37,0,0,0,5,32
S01008986,85 and over,26,10,10,0,16,0,0,0,0,16
S01008987,All HRPs,330,242,222,20,88,16,0,6,11,55
S01008987,24 and under,2,1,0,1,1,1,0,0,0,0
S01008987,25 to 34,16,12,6,6,4,4,0,0,0,0
S01008987,35 to 49,72,60,54,6,12,6,0,0,5,1
S01008987,50 to 64,118,98,93,5,20,3,0,6,3,8
S01008987,65 to 74,50,37,35,2,13,0,0,0,2,11
S01008987,75 to 84,60,28,28,0,32,2,0,0,1,29
S01008987,85 and over,12,6,6,0,6,0,0,0,0,6
S01008988,All HRPs,481,219,156,63,262,109,9,25,45,74
S01008988,24 and under,15,8,1,7,7,7,0,0,0,0
S01008988,25 to 34,90,42,10,32,48,42,3,1,2,0
S01008988,35 to 49,123,60,46,14,63,35,1,15,11,1
S01008988,50 to 64,102,50,42,8,52,14,2,6,23,7
S01008988,65 to 74,69,33,31,2,36,6,1,2,7,20
S01008988,75 to 84,51,19,19,0,32,2,2,1,2,25
S01008988,85 and over,31,7,7,0,24,3,0,0,0,21
S01008989,All HRPs,323,148,103,45,175,108,5,14,33,15
S01008989,24 and under,13,3,0,3,10,10,0,0,0,0
S01008989,25 to 34,81,49,25,24,32,30,1,1,0,0
S01008989,35 to 49,117,47,34,13,70,44,2,4,18,2
S01008989,50 to 64,85,38,34,4,47,23,2,8,12,2
S01008989,65 to 74,13,6,6,0,7,0,0,1,2,4
S01008989,75 to 84,14,5,4,1,9,1,0,0,1,7
S01008989,85 and over,0,0,0,0,0,0,0,0,0,0
S01008990,All HRPs,383,174,122,52,209,113,9,21,50,16
S01008990,24 and under,14,8,0,8,6,6,0,0,0,0
S01008990,25 to 34,104,58,33,25,46,39,5,2,0,0
S01008990,35 to 49,116,41,29,12,75,48,1,10,16,0
S01008990,50 to 64,113,58,51,7,55,15,1,8,25,6
S01008990,65 to 74,20,6,6,0,14,4,1,1,4,4
S01008990,75 to 84,12,3,3,0,9,1,1,0,5,2
S01008990,85 and over,4,0,0,0,4,0,0,0,0,4
S01008991,All HRPs,381,239,198,41,142,64,10,13,32,23
S01008991,24 and under,10,4,0,4,6,5,1,0,0,0
S01008991,25 to 34,55,32,21,11,23,19,1,2,0,1
S01008991,35 to 49,165,111,96,15,54,28,3,5,15,3
S01008991,50 to 64,110,75,65,10,35,10,2,6,13,4
S01008991,65 to 74,23,13,12,1,10,1,2,0,2,5
S01008991,75 to 84,13,3,3,0,10,1,1,0,2,6
S01008991,85 and over,5,1,1,0,4,0,0,0,0,4
S01008992,All HRPs,270,141,124,17,129,51,6,13,35,24
S01008992,24 and under,10,2,0,2,8,8,0,0,0,0
S01008992,25 to 34,28,18,11,7,10,7,1,0,2,0
S01008992,35 to 49,78,38,33,5,40,21,3,8,8,0
S01008992,50 to 64,78,50,47,3,28,11,0,3,13,1
S01008992,65 to 74,30,18,18,0,12,1,0,1,7,3
S01008992,75 to 84,34,13,13,0,21,1,1,1,4,14
S01008992,85 and over,12,2,2,0,10,2,1,0,1,6
S01008993,All HRPs,476,270,223,47,206,71,3,20,53,59
S01008993,24 and under,6,2,0,2,4,4,0,0,0,0
S01008993,25 to 34,47,25,12,13,22,20,0,1,1,0
S01008993,35 to 49,151,92,72,20,59,25,0,9,24,1
S01008993,50 to 64,136,92,83,9,44,12,1,7,16,8
S01008993,65 to 74,72,40,37,3,32,6,2,1,10,13
S01008993,75 to 84,46,17,17,0,29,3,0,2,2,22
S01008993,85 and over,18,2,2,0,16,1,0,0,0,15
S01008994,All HRPs,337,182,153,29,155,63,2,18,38,34
S01008994,24 and under,9,0,0,0,9,9,0,0,0,0
S01008994,25 to 34,39,19,11,8,20,16,0,1,3,0
S01008994,35 to 49,106,62,46,16,44,24,0,9,10,1
S01008994,50 to 64,92,53,50,3,39,8,1,8,17,5
S01008994,65 to 74,48,31,30,1,17,3,1,0,6,7
S01008994,75 to 84,35,15,14,1,20,2,0,0,2,16
S01008994,85 and over,8,2,2,0,6,1,0,0,0,5
S01008995,All HRPs,352,236,209,27,116,36,4,14,27,35
S01008995,24 and under,6,0,0,0,6,6,0,0,0,0
S01008995,25 to 34,31,19,14,5,12,10,2,0,0,0
S01008995,35 to 49,98,78,66,12,20,9,0,6,4,1
S01008995,50 to 64,143,99,89,10,44,7,2,8,19,8
S01008995,65 to 74,43,26,26,0,17,3,0,0,4,10
S01008995,75 to 84,22,12,12,0,10,0,0,0,0,10
S01008995,85 and over,9,2,2,0,7,1,0,0,0,6
S01008996,All HRPs,251,133,116,17,118,38,1,7,31,41
S01008996,24 and under,5,2,0,2,3,3,0,0,0,0
S01008996,25 to 34,19,5,1,4,14,13,0,0,1,0
S01008996,35 to 49,65,41,34,7,24,11,0,2,11,0
S01008996,50 to 64,78,47,43,4,31,7,1,4,16,3
S01008996,65 to 74,35,20,20,0,15,1,0,1,3,10
S01008996,75 to 84,34,14,14,0,20,1,0,0,0,19
S01008996,85 and over,15,4,4,0,11,2,0,0,0,9
S01008997,All HRPs,411,246,200,46,165,54,3,21,41,46
S01008997,24 and under,8,2,2,0,6,6,0,0,0,0
S01008997,25 to 34,40,29,20,9,11,8,0,1,2,0
S01008997,35 to 49,170,115,91,24,55,27,3,10,13,2
S01008997,50 to 64,112,68,58,10,44,9,0,8,17,10
S01008997,65 to 74,44,24,21,3,20,3,0,2,5,10
S01008997,75 to 84,27,8,8,0,19,1,0,0,2,16
S01008997,85 and over,10,0,0,0,10,0,0,0,2,8
S01008998,All HRPs,236,117,78,39,119,61,0,12,34,12
S01008998,24 and under,14,5,0,5,9,9,0,0,0,0
S01008998,25 to 34,42,18,10,8,24,23,0,0,1,0
S01008998,35 to 49,87,43,21,22,44,21,0,10,12,1
S01008998,50 to 64,63,38,34,4,25,6,0,2,15,2
S01008998,65 to 74,22,10,10,0,12,1,0,0,5,6
S01008998,75 to 84,6,3,3,0,3,0,0,0,1,2
S01008998,85 and over,2,0,0,0,2,1,0,0,0,1
S01008999,All HRPs,411,199,162,37,212,65,2,12,56,77
S01008999,24 and under,11,1,0,1,10,10,0,0,0,0
S01008999,25 to 34,33,18,12,6,15,14,0,0,0,1
S01008999,35 to 49,94,58,36,22,36,20,0,8,8,0
S01008999,50 to 64,119,65,59,6,54,11,1,4,30,8
S01008999,65 to 74,74,35,34,1,39,5,0,0,13,21
S01008999,75 to 84,63,18,17,1,45,4,1,0,5,35
S01008999,85 and over,17,4,4,0,13,1,0,0,0,12
S01009000,All HRPs,393,267,239,28,126,31,4,14,28,49
S01009000,24 and under,0,0,0,0,0,0,0,0,0,0
S01009000,25 to 34,33,26,16,10,7,6,0,0,1,0
S01009000,35 to 49,99,71,62,9,28,10,1,9,7,1
S01009000,50 to 64,140,105,100,5,35,8,2,4,16,5
S01009000,65 to 74,69,43,41,2,26,5,1,1,4,15
S01009000,75 to 84,45,21,19,2,24,2,0,0,0,22
S01009000,85 and over,7,1,1,0,6,0,0,0,0,6
S01009001,All HRPs,323,241,213,28,82,24,1,3,17,37
S01009001,24 and under,0,0,0,0,0,0,0,0,0,0
S01009001,25 to 34,14,13,10,3,1,1,0,0,0,0
S01009001,35 to 49,129,107,90,17,22,11,1,2,8,0
S01009001,50 to 64,88,69,62,7,19,9,0,1,4,5
S01009001,65 to 74,53,35,34,1,18,0,0,0,4,14
S01009001,75 to 84,31,17,17,0,14,2,0,0,0,12
S01009001,85 and over,8,0,0,0,8,1,0,0,1,6
S01009002,All HRPs,348,209,192,17,139,35,9,12,36,47
S01009002,24 and under,4,1,1,0,3,3,0,0,0,0
S01009002,25 to 34,29,26,20,6,3,3,0,0,0,0
S01009002,35 to 49,131,91,82,9,40,13,5,9,12,1
S01009002,50 to 64,94,56,55,1,38,12,3,0,16,7
S01009002,65 to 74,37,20,19,1,17,2,0,2,5,8
S01009002,75 to 84,36,14,14,0,22,2,1,1,2,16
S01009002,85 and over,17,1,1,0,16,0,0,0,1,15
S01009003,All HRPs,394,268,229,39,126,41,5,21,28,31
S01009003,24 and under,5,3,0,3,2,2,0,0,0,0
S01009003,25 to 34,35,23,18,5,12,9,1,1,1,0
S01009003,35 to 49,137,107,84,23,30,14,1,7,7,1
S01009003,50 to 64,135,92,86,6,43,10,3,12,15,3
S01009003,65 to 74,41,27,27,0,14,2,0,1,4,7
S01009003,75 to 84,29,14,12,2,15,2,0,0,1,12
S01009003,85 and over,12,2,2,0,10,2,0,0,0,8
S01009004,All HRPs,270,173,147,26,97,31,1,11,28,26
S01009004,24 and under,2,2,1,1,0,0,0,0,0,0
S01009004,25 to 34,34,23,13,10,11,8,0,1,2,0
S01009004,35 to 49,85,54,43,11,31,17,1,7,6,0
S01009004,50 to 64,89,66,62,4,23,4,0,2,11,6
S01009004,65 to 74,39,22,22,0,17,2,0,0,8,7
S01009004,75 to 84,18,6,6,0,12,0,0,1,1,10
S01009004,85 and over,3,0,0,0,3,0,0,0,0,3
S01009005,All HRPs,327,187,153,34,140,60,3,10,34,33
S01009005,24 and under,9,5,2,3,4,4,0,0,0,0
S01009005,25 to 34,60,30,18,12,30,24,1,2,3,0
S01009005,35 to 49,91,56,46,10,35,20,1,4,9,1
S01009005,50 to 64,91,57,53,4,34,10,1,1,17,5
S01009005,65 to 74,46,29,26,3,17,1,0,3,4,9
S01009005,75 to 84,21,9,7,2,12,1,0,0,1,10
S01009005,85 and over,9,1,1,0,8,0,0,0,0,8
S01009006,All HRPs,318,184,154,30,134,50,0,15,23,46
S01009006,24 and under,12,2,1,1,10,10,0,0,0,0
S01009006,25 to 34,38,24,18,6,14,13,0,0,1,0
S01009006,35 to 49,92,62,48,14,30,16,0,10,4,0
S01009006,50 to 64,84,51,45,6,33,9,0,5,12,7
S01009006,65 to 74,46,27,24,3,19,0,0,0,4,15
S01009006,75 to 84,32,14,14,0,18,1,0,0,2,15
S01009006,85 and over,14,4,4,0,10,1,0,0,0,9
S01009007,All HRPs,290,151,124,27,139,59,2,10,31,37
S01009007,24 and under,10,1,0,1,9,9,0,0,0,0
S01009007,25 to 34,36,19,10,9,17,16,1,0,0,0
S01009007,35 to 49,100,60,47,13,40,19,1,7,12,1
S01009007,50 to 64,68,40,37,3,28,9,0,2,15,2
S01009007,65 to 74,31,15,15,0,16,2,0,0,3,11
S01009007,75 to 84,36,14,13,1,22,4,0,1,1,16
S01009007,85 and over,9,2,2,0,7,0,0,0,0,7
S01009008,All HRPs,445,257,214,43,188,68,1,22,32,65
S01009008,24 and under,12,7,0,7,5,4,0,0,1,0
S01009008,25 to 34,40,22,10,12,18,14,0,2,2,0
S01009008,35 to 49,119,74,62,12,45,25,0,9,11,0
S01009008,50 to 64,130,85,74,11,45,14,1,7,12,11
S01009008,65 to 74,67,43,43,0,24,3,0,3,3,15
S01009008,75 to 84,57,22,22,0,35,5,0,1,2,27
S01009008,85 and over,20,4,3,1,16,3,0,0,1,12
S01009009,All HRPs,252,78,50,28,174,65,3,10,52,44
S01009009,24 and under,12,3,0,3,9,8,0,1,0,0
S01009009,25 to 34,47,22,9,13,25,21,0,2,2,0
S01009009,35 to 49,56,20,10,10,36,24,2,2,7,1
S01009009,50 to 64,57,15,15,0,42,5,0,3,30,4
S01009009,65 to 74,33,10,8,2,23,3,1,1,7,11
S01009009,75 to 84,30,7,7,0,23,3,0,1,5,14
S01009009,85 and over,17,1,1,0,16,1,0,0,1,14
S01009010,All HRPs,404,275,242,33,129,48,3,21,37,20
S01009010,24 and under,9,3,0,3,6,6,0,0,0,0
S01009010,25 to 34,50,32,22,10,18,11,0,4,3,0
S01009010,35 to 49,156,108,94,14,48,25,0,9,13,1
S01009010,50 to 64,136,98,94,4,38,4,2,8,19,5
S01009010,65 to 74,38,29,27,2,9,1,0,0,2,6
S01009010,75 to 84,13,4,4,0,9,1,1,0,0,7
S01009010,85 and over,2,1,1,0,1,0,0,0,0,1
S01009011,All HRPs,319,240,210,30,79,30,1,10,22,16
S01009011,24 and under,3,1,0,1,2,2,0,0,0,0
S01009011,25 to 34,35,27,20,7,8,7,0,1,0,0
S01009011,35 to 49,135,104,84,20,31,17,0,5,7,2
S01009011,50 to 64,118,90,88,2,28,4,1,4,13,6
S01009011,65 to 74,16,11,11,0,5,0,0,0,1,4
S01009011,75 to 84,11,7,7,0,4,0,0,0,1,3
S01009011,85 and over,1,0,0,0,1,0,0,0,0,1
S01009012,All HRPs,296,220,192,28,76,28,1,8,21,18
S01009012,24 and under,6,2,1,1,4,4,0,0,0,0
S01009012,25 to 34,30,25,18,7,5,5,0,0,0,0
S01009012,35 to 49,97,77,66,11,20,14,0,2,3,1
S01009012,50 to 64,110,82,75,7,28,4,0,6,14,4
S01009012,65 to 74,33,23,22,1,10,1,1,0,3,5
S01009012,75 to 84,18,10,9,1,8,0,0,0,1,7
S01009012,85 and over,2,1,1,0,1,0,0,0,0,1
S01009013,All HRPs,363,252,228,24,111,31,4,6,40,30
S01009013,24 and under,4,3,0,3,1,1,0,0,0,0
S01009013,25 to 34,26,15,7,8,11,8,0,0,2,1
S01009013,35 to 49,116,88,82,6,28,16,0,2,8,2
S01009013,50 to 64,152,109,102,7,43,5,4,4,26,4
S01009013,65 to 74,33,22,22,0,11,1,0,0,2,8
S01009013,75 to 84,24,13,13,0,11,0,0,0,2,9
S01009013,85 and over,8,2,2,0,6,0,0,0,0,6
S01009014,All HRPs,284,117,92,25,167,70,5,17,27,48
S01009014,24 and under,4,0,0,0,4,4,0,0,0,0
S01009014,25 to 34,26,8,1,7,18,16,0,2,0,0
S01009014,35 to 49,92,51,38,13,41,21,0,7,11,2
S01009014,50 to 64,81,36,33,3,45,14,3,7,12,9
S01009014,65 to 74,46,12,11,1,34,8,1,1,4,20
S01009014,75 to 84,28,8,8,0,20,5,1,0,0,14
S01009014,85 and over,7,2,1,1,5,2,0,0,0,3
S01009015,All HRPs,303,137,116,21,166,74,4,18,15,55
S01009015,24 and under,3,1,0,1,2,2,0,0,0,0
S01009015,25 to 34,27,7,3,4,20,16,0,1,3,0
S01009015,35 to 49,80,41,30,11,39,27,3,7,2,0
S01009015,50 to 64,82,51,49,2,31,12,1,7,7,4
S01009015,65 to 74,66,31,29,2,35,8,0,3,3,21
S01009015,75 to 84,34,5,5,0,29,5,0,0,0,24
S01009015,85 and over,11,1,0,1,10,4,0,0,0,6
S01009016,All HRPs,250,125,110,15,125,51,4,6,12,52
S01009016,24 and under,7,1,0,1,6,6,0,0,0,0
S01009016,25 to 34,8,7,4,3,1,0,0,1,0,0
S01009016,35 to 49,54,36,31,5,18,11,0,2,5,0
S01009016,50 to 64,85,45,41,4,40,20,4,2,6,8
S01009016,65 to 74,38,21,19,2,17,3,0,0,0,14
S01009016,75 to 84,47,12,12,0,35,10,0,1,1,23
S01009016,85 and over,11,3,3,0,8,1,0,0,0,7
S01009017,All HRPs,278,135,113,22,143,75,2,14,15,37
S01009017,24 and under,11,2,0,2,9,9,0,0,0,0
S01009017,25 to 34,30,9,8,1,21,19,0,2,0,0
S01009017,35 to 49,79,46,35,11,33,19,1,5,7,1
S01009017,50 to 64,89,47,39,8,42,21,1,5,7,8
S01009017,65 to 74,33,21,21,0,12,3,0,1,1,7
S01009017,75 to 84,34,9,9,0,25,3,0,1,0,21
S01009017,85 and over,2,1,1,0,1,1,0,0,0,0
S01009018,All HRPs,326,159,142,17,167,95,5,14,22,31
S01009018,24 and under,9,1,0,1,8,8,0,0,0,0
S01009018,25 to 34,31,7,3,4,24,21,0,2,1,0
S01009018,35 to 49,80,49,41,8,31,16,1,7,6,1
S01009018,50 to 64,124,69,65,4,55,29,1,4,14,7
S01009018,65 to 74,48,25,25,0,23,11,2,1,0,9
S01009018,75 to 84,29,8,8,0,21,9,1,0,1,10
S01009018,85 and over,5,0,0,0,5,1,0,0,0,4
S01009019,All HRPs,221,120,108,12,101,47,0,6,17,31
S01009019,24 and under,2,0,0,0,2,2,0,0,0,0
S01009019,25 to 34,22,8,3,5,14,13,0,0,1,0
S01009019,35 to 49,62,37,32,5,25,13,0,5,5,2
S01009019,50 to 64,79,54,52,2,25,13,0,1,6,5
S01009019,65 to 74,36,17,17,0,19,4,0,0,4,11
S01009019,75 to 84,13,2,2,0,11,2,0,0,1,8
S01009019,85 and over,7,2,2,0,5,0,0,0,0,5
S01009020,All HRPs,366,191,146,45,175,91,3,16,20,45
S01009020,24 and under,22,7,2,5,15,15,0,0,0,0
S01009020,25 to 34,56,28,11,17,28,24,1,3,0,0
S01009020,35 to 49,98,69,50,19,29,18,2,4,5,0
S01009020,50 to 64,116,67,63,4,49,20,0,9,10,10
S01009020,65 to 74,42,16,16,0,26,9,0,0,5,12
S01009020,75 to 84,23,2,2,0,21,4,0,0,0,17
S01009020,85 and over,9,2,2,0,7,1,0,0,0,6
S01009021,All HRPs,344,170,151,19,174,76,10,6,25,57
S01009021,24 and under,3,3,1,2,0,0,0,0,0,0
S01009021,25 to 34,18,7,3,4,11,9,0,2,0,0
S01009021,35 to 49,76,43,36,7,33,24,2,2,3,2
S01009021,50 to 64,122,70,66,4,52,18,5,1,14,14
S01009021,65 to 74,63,29,28,1,34,14,3,1,4,12
S01009021,75 to 84,45,13,12,1,32,8,0,0,4,20
S01009021,85 and over,17,5,5,0,12,3,0,0,0,9
S01009022,All HRPs,447,206,172,34,241,110,2,7,47,75
S01009022,24 and under,9,3,2,1,6,6,0,0,0,0
S01009022,25 to 34,31,12,7,5,19,19,0,0,0,0
S01009022,35 to 49,93,48,37,11,45,24,0,4,15,2
S01009022,50 to 64,137,82,69,13,55,25,1,0,18,11
S01009022,65 to 74,88,37,34,3,51,21,1,3,9,17
S01009022,75 to 84,65,20,19,1,45,11,0,0,5,29
S01009022,85 and over,24,4,4,0,20,4,0,0,0,16
S01009023,All HRPs,435,223,207,16,212,80,9,13,31,79
S01009023,24 and under,10,4,2,2,6,3,2,0,0,1
S01009023,25 to 34,18,7,5,2,11,11,0,0,0,0
S01009023,35 to 49,93,63,55,8,30,17,0,5,7,1
S01009023,50 to 64,140,85,82,3,55,15,3,7,14,16
S01009023,65 to 74,96,40,39,1,56,23,1,1,10,21
S01009023,75 to 84,55,16,16,0,39,6,3,0,0,30
S01009023,85 and over,23,8,8,0,15,5,0,0,0,10
S01009024,All HRPs,476,221,196,25,255,114,7,18,29,87
S01009024,24 and under,6,2,0,2,4,4,0,0,0,0
S01009024,25 to 34,29,15,7,8,14,11,2,1,0,0
S01009024,35 to 49,96,63,55,8,33,24,0,5,4,0
S01009024,50 to 64,145,81,76,5,64,27,2,8,14,13
S01009024,65 to 74,96,32,31,1,64,26,1,4,9,24
S01009024,75 to 84,70,21,21,0,49,19,2,0,1,27
S01009024,85 and over,34,7,6,1,27,3,0,0,1,23
S01009025,All HRPs,433,212,186,26,221,95,6,28,29,63
S01009025,24 and under,9,3,2,1,6,6,0,0,0,0
S01009025,25 to 34,18,7,4,3,11,11,0,0,0,0
S01009025,35 to 49,113,67,56,11,46,23,2,12,8,1
S01009025,50 to 64,145,75,69,6,70,31,3,10,17,9
S01009025,65 to 74,74,41,36,5,33,11,1,6,2,13
S01009025,75 to 84,50,14,14,0,36,8,0,0,2,26
S01009025,85 and over,24,5,5,0,19,5,0,0,0,14
S01009026,All HRPs,411,211,185,26,200,80,3,17,36,64
S01009026,24 and under,13,3,1,2,10,8,0,0,0,2
S01009026,25 to 34,28,16,12,4,12,11,0,1,0,0
S01009026,35 to 49,100,65,55,10,35,17,0,6,12,0
S01009026,50 to 64,118,67,60,7,51,17,2,6,13,13
S01009026,65 to 74,79,35,33,2,44,12,0,4,10,18
S01009026,75 to 84,45,21,20,1,24,10,1,0,1,12
S01009026,85 and over,28,4,4,0,24,5,0,0,0,19
S01009027,All HRPs,373,185,166,19,188,68,5,13,38,64
S01009027,24 and under,1,1,1,0,0,0,0,0,0,0
S01009027,25 to 34,11,5,4,1,6,6,0,0,0,0
S01009027,35 to 49,99,61,51,10,38,18,2,6,11,1
S01009027,50 to 64,126,66,58,8,60,24,3,4,19,10
S01009027,65 to 74,56,30,30,0,26,10,0,2,5,9
S01009027,75 to 84,58,17,17,0,41,7,0,1,3,30
S01009027,85 and over,22,5,5,0,17,3,0,0,0,14
S01009028,All HRPs,232,118,106,12,114,52,1,6,25,30
S01009028,24 and under,5,2,0,2,3,3,0,0,0,0
S01009028,25 to 34,10,9,7,2,1,1,0,0,0,0
S01009028,35 to 49,54,33,30,3,21,11,0,3,7,0
S01009028,50 to 64,78,41,39,2,37,17,1,3,12,4
S01009028,65 to 74,45,19,17,2,26,8,0,0,6,12
S01009028,75 to 84,27,10,9,1,17,9,0,0,0,8
S01009028,85 and over,13,4,4,0,9,3,0,0,0,6
S01009029,All HRPs,286,140,126,14,146,56,3,15,27,45
S01009029,24 and under,5,2,0,2,3,3,0,0,0,0
S01009029,25 to 34,18,5,3,2,13,10,1,1,1,0
S01009029,35 to 49,60,41,38,3,19,11,0,4,4,0
S01009029,50 to 64,103,58,51,7,45,16,2,8,15,4
S01009029,65 to 74,44,18,18,0,26,5,0,2,7,12
S01009029,75 to 84,39,16,16,0,23,8,0,0,0,15
S01009029,85 and over,17,0,0,0,17,3,0,0,0,14
S01009030,All HRPs,321,170,151,19,151,61,1,13,27,49
S01009030,24 and under,7,2,0,2,5,5,0,0,0,0
S01009030,25 to 34,17,10,7,3,7,5,0,0,2,0
S01009030,35 to 49,84,54,47,7,30,19,0,4,7,0
S01009030,50 to 64,113,59,52,7,54,21,0,7,15,11
S01009030,65 to 74,44,25,25,0,19,3,1,2,3,10
S01009030,75 to 84,38,15,15,0,23,6,0,0,0,17
S01009030,85 and over,18,5,5,0,13,2,0,0,0,11
S01009031,All HRPs,356,178,161,17,178,77,2,15,25,59
S01009031,24 and under,2,0,0,0,2,2,0,0,0,0
S01009031,25 to 34,38,22,15,7,16,15,0,0,0,1
S01009031,35 to 49,81,47,40,7,34,18,0,6,8,2
S01009031,50 to 64,113,61,60,1,52,24,2,7,10,9
S01009031,65 to 74,52,22,21,1,30,9,0,2,4,15
S01009031,75 to 84,56,23,22,1,33,6,0,0,3,24
S01009031,85 and over,14,3,3,0,11,3,0,0,0,8
S01009032,All HRPs,299,157,148,9,142,62,2,9,27,42
S01009032,24 and under,6,2,1,1,4,3,0,1,0,0
S01009032,25 to 34,26,11,8,3,15,14,0,0,1,0
S01009032,35 to 49,53,35,33,2,18,8,0,2,8,0
S01009032,50 to 64,85,52,50,2,33,10,1,2,13,7
S01009032,65 to 74,76,37,36,1,39,13,0,4,4,18
S01009032,75 to 84,43,18,18,0,25,10,1,0,1,13
S01009032,85 and over,10,2,2,0,8,4,0,0,0,4
S01009033,All HRPs,359,179,168,11,180,88,3,5,30,54
S01009033,24 and under,3,0,0,0,3,3,0,0,0,0
S01009033,25 to 34,20,14,13,1,6,6,0,0,0,0
S01009033,35 to 49,79,54,48,6,25,16,0,3,6,0
S01009033,50 to 64,116,62,58,4,54,29,2,2,13,8
S01009033,65 to 74,68,24,24,0,44,21,1,0,8,14
S01009033,75 to 84,58,23,23,0,35,8,0,0,2,25
S01009033,85 and over,15,2,2,0,13,5,0,0,1,7
S01009034,All HRPs,283,163,155,8,120,48,3,10,15,44
S01009034,24 and under,5,1,0,1,4,4,0,0,0,0
S01009034,25 to 34,14,10,10,0,4,3,0,1,0,0
S01009034,35 to 49,75,54,49,5,21,8,1,9,3,0
S01009034,50 to 64,74,47,47,0,27,13,1,0,9,4
S01009034,65 to 74,65,37,35,2,28,11,1,0,2,14
S01009034,75 to 84,36,14,14,0,22,5,0,0,1,16
S01009034,85 and over,14,0,0,0,14,4,0,0,0,10
S01009035,All HRPs,381,232,208,24,149,58,0,11,22,58
S01009035,24 and under,7,1,0,1,6,6,0,0,0,0
S01009035,25 to 34,33,23,14,9,10,8,0,1,1,0
S01009035,35 to 49,96,68,58,10,28,12,0,5,5,6
S01009035,50 to 64,117,82,78,4,35,7,0,5,12,11
S01009035,65 to 74,61,32,32,0,29,15,0,0,3,11
S01009035,75 to 84,41,19,19,0,22,8,0,0,0,14
S01009035,85 and over,26,7,7,0,19,2,0,0,1,16
S01009036,All HRPs,437,240,211,29,197,85,2,18,36,56
S01009036,24 and under,13,5,2,3,8,8,0,0,0,0
S01009036,25 to 34,70,40,27,13,30,26,0,1,3,0
S01009036,35 to 49,124,77,66,11,47,20,0,10,15,2
S01009036,50 to 64,129,80,78,2,49,17,2,6,15,9
S01009036,65 to 74,50,22,22,0,28,9,0,0,2,17
S01009036,75 to 84,43,15,15,0,28,5,0,1,1,21
S01009036,85 and over,8,1,1,0,7,0,0,0,0,7
S01009037,All HRPs,367,202,174,28,165,62,4,19,30,50
S01009037,24 and under,4,2,0,2,2,2,0,0,0,0
S01009037,25 to 34,54,24,14,10,30,28,0,0,2,0
S01009037,35 to 49,125,83,73,10,42,17,3,12,7,3
S01009037,50 to 64,95,59,53,6,36,8,0,5,17,6
S01009037,65 to 74,51,23,23,0,28,3,1,2,2,20
S01009037,75 to 84,31,11,11,0,20,4,0,0,2,14
S01009037,85 and over,7,0,0,0,7,0,0,0,0,7
S01009038,All HRPs,440,255,227,28,185,85,2,15,34,49
S01009038,24 and under,10,5,1,4,5,5,0,0,0,0
S01009038,25 to 34,52,27,18,9,25,23,0,1,0,1
S01009038,35 to 49,152,96,86,10,56,33,0,4,17,2
S01009038,50 to 64,123,72,67,5,51,13,2,10,15,11
S01009038,65 to 74,47,32,32,0,15,6,0,0,2,7
S01009038,75 to 84,39,18,18,0,21,3,0,0,0,18
S01009038,85 and over,17,5,5,0,12,2,0,0,0,10
S01009039,All HRPs,313,118,101,17,195,88,2,25,48,32
S01009039,24 and under,17,4,1,3,13,13,0,0,0,0
S01009039,25 to 34,42,13,8,5,29,22,2,2,3,0
S01009039,35 to 49,101,31,24,7,70,34,0,19,17,0
S01009039,50 to 64,88,48,46,2,40,12,0,3,22,3
S01009039,65 to 74,36,12,12,0,24,4,0,1,4,15
S01009039,75 to 84,23,8,8,0,15,3,0,0,2,10
S01009039,85 and over,6,2,2,0,4,0,0,0,0,4
S01009040,All HRPs,338,107,90,17,231,101,0,12,46,72
S01009040,24 and under,12,3,0,3,9,9,0,0,0,0
S01009040,25 to 34,42,12,5,7,30,28,0,1,1,0
S01009040,35 to 49,71,35,32,3,36,18,0,4,14,0
S01009040,50 to 64,92,32,28,4,60,26,0,6,19,9
S01009040,65 to 74,40,11,11,0,29,7,0,1,6,15
S01009040,75 to 84,54,13,13,0,41,12,0,0,5,24
S01009040,85 and over,27,1,1,0,26,1,0,0,1,24
S01009041,All HRPs,503,158,122,36,345,166,7,27,53,92
S01009041,24 and under,28,7,0,7,21,21,0,0,0,0
S01009041,25 to 34,62,23,6,17,39,35,0,2,2,0
S01009041,35 to 49,117,36,29,7,81,55,3,11,12,0
S01009041,50 to 64,113,49,44,5,64,18,2,14,24,6
S01009041,65 to 74,74,21,21,0,53,16,1,0,12,24
S01009041,75 to 84,72,20,20,0,52,13,1,0,3,35
S01009041,85 and over,37,2,2,0,35,8,0,0,0,27
S01009042,All HRPs,401,167,140,27,234,115,7,19,38,55
S01009042,24 and under,25,9,3,6,16,14,0,2,0,0
S01009042,25 to 34,55,27,18,9,28,23,3,2,0,0
S01009042,35 to 49,100,45,36,9,55,30,1,11,13,0
S01009042,50 to 64,113,57,54,3,56,27,1,3,17,8
S01009042,65 to 74,51,18,18,0,33,14,1,0,6,12
S01009042,75 to 84,37,8,8,0,29,3,1,1,2,22
S01009042,85 and over,20,3,3,0,17,4,0,0,0,13
S01009043,All HRPs,293,128,107,21,165,67,6,13,32,47
S01009043,24 and under,6,3,0,3,3,3,0,0,0,0
S01009043,25 to 34,29,9,5,4,20,17,0,1,2,0
S01009043,35 to 49,75,36,26,10,39,16,4,4,13,2
S01009043,50 to 64,106,51,47,4,55,25,2,7,13,8
S01009043,65 to 74,37,17,17,0,20,2,0,1,3,14
S01009043,75 to 84,30,11,11,0,19,2,0,0,1,16
S01009043,85 and over,10,1,1,0,9,2,0,0,0,7
S01009044,All HRPs,412,175,149,26,237,87,6,13,44,87
S01009044,24 and under,13,7,0,7,6,6,0,0,0,0
S01009044,25 to 34,48,17,12,5,31,28,0,0,2,1
S01009044,35 to 49,83,48,36,12,35,16,1,5,11,2
S01009044,50 to 64,105,48,46,2,57,16,3,5,20,13
S01009044,65 to 74,62,26,26,0,36,11,0,1,9,15
S01009044,75 to 84,79,25,25,0,54,8,1,2,2,41
S01009044,85 and over,22,4,4,0,18,2,1,0,0,15
S01009045,All HRPs,287,144,123,21,143,54,3,17,34,35
S01009045,24 and under,4,1,0,1,3,3,0,0,0,0
S01009045,25 to 34,33,15,6,9,18,16,0,1,1,0
S01009045,35 to 49,81,40,32,8,41,22,1,11,7,0
S01009045,50 to 64,89,51,49,2,38,8,2,4,19,5
S01009045,65 to 74,40,24,23,1,16,1,0,1,5,9
S01009045,75 to 84,30,11,11,0,19,2,0,0,1,16
S01009045,85 and over,10,2,2,0,8,2,0,0,1,5
S01009046,All HRPs,363,206,190,16,157,58,2,15,32,50
S01009046,24 and under,7,0,0,0,7,7,0,0,0,0
S01009046,25 to 34,37,19,14,5,18,14,0,0,4,0
S01009046,35 to 49,105,74,65,9,31,16,0,4,10,1
S01009046,50 to 64,104,58,56,2,46,13,1,10,14,8
S01009046,65 to 74,55,36,36,0,19,2,0,1,4,12
S01009046,75 to 84,43,18,18,0,25,5,1,0,0,19
S01009046,85 and over,12,1,1,0,11,1,0,0,0,10
S01009047,All HRPs,336,196,178,18,140,53,3,8,32,44
S01009047,24 and under,4,4,0,4,0,0,0,0,0,0
S01009047,25 to 34,35,22,17,5,13,13,0,0,0,0
S01009047,35 to 49,105,74,68,6,31,15,0,7,9,0
S01009047,50 to 64,101,64,61,3,37,12,1,1,17,6
S01009047,65 to 74,44,21,21,0,23,7,1,0,3,12
S01009047,75 to 84,29,10,10,0,19,3,1,0,2,13
S01009047,85 and over,18,1,1,0,17,3,0,0,1,13
S01009048,All HRPs,348,212,196,16,136,50,3,10,17,56
S01009048,24 and under,10,3,2,1,7,7,0,0,0,0
S01009048,25 to 34,28,15,8,7,13,11,1,1,0,0
S01009048,35 to 49,78,56,52,4,22,10,0,4,7,1
S01009048,50 to 64,125,95,92,3,30,8,1,3,8,10
S01009048,65 to 74,59,32,32,0,27,6,1,2,1,17
S01009048,75 to 84,33,7,6,1,26,5,0,0,1,20
S01009048,85 and over,15,4,4,0,11,3,0,0,0,8
S01009049,All HRPs,274,161,140,21,113,33,2,12,22,44
S01009049,24 and under,2,2,0,2,0,0,0,0,0,0
S01009049,25 to 34,26,15,10,5,11,10,0,0,1,0
S01009049,35 to 49,66,49,41,8,17,9,1,3,2,2
S01009049,50 to 64,89,55,50,5,34,5,0,6,15,8
S01009049,65 to 74,54,23,22,1,31,3,0,3,2,23
S01009049,75 to 84,32,15,15,0,17,6,1,0,1,9
S01009049,85 and over,5,2,2,0,3,0,0,0,1,2
S01009050,All HRPs,370,202,169,33,168,56,6,12,35,59
S01009050,24 and under,6,3,2,1,3,3,0,0,0,0
S01009050,25 to 34,44,22,12,10,22,15,1,2,4,0
S01009050,35 to 49,109,69,51,18,40,21,0,5,13,1
S01009050,50 to 64,97,63,59,4,34,7,1,4,14,8
S01009050,65 to 74,42,28,28,0,14,2,0,1,3,8
S01009050,75 to 84,45,14,14,0,31,7,4,0,1,19
S01009050,85 and over,27,3,3,0,24,1,0,0,0,23
S01009051,All HRPs,292,178,142,36,114,41,0,12,27,34
S01009051,24 and under,7,3,0,3,4,4,0,0,0,0
S01009051,25 to 34,41,26,15,11,15,12,0,3,0,0
S01009051,35 to 49,115,78,62,16,37,21,0,7,9,0
S01009051,50 to 64,65,43,39,4,22,3,0,2,13,4
S01009051,65 to 74,25,14,12,2,11,0,0,0,4,7
S01009051,75 to 84,29,11,11,0,18,1,0,0,0,17
S01009051,85 and over,10,3,3,0,7,0,0,0,1,6
S01009052,All HRPs,305,154,132,22,151,51,3,9,42,46
S01009052,24 and under,9,5,1,4,4,4,0,0,0,0
S01009052,25 to 34,36,18,10,8,18,16,0,1,1,0
S01009052,35 to 49,71,35,30,5,36,19,1,2,13,1
S01009052,50 to 64,81,50,48,2,31,6,1,3,15,6
S01009052,65 to 74,66,34,31,3,32,4,1,1,8,18
S01009052,75 to 84,23,6,6,0,17,2,0,2,5,8
S01009052,85 and over,19,6,6,0,13,0,0,0,0,13
S01009053,All HRPs,259,80,54,26,179,87,2,15,56,19
S01009053,24 and under,19,5,0,5,14,14,0,0,0,0
S01009053,25 to 34,44,14,4,10,30,25,0,4,1,0
S01009053,35 to 49,91,29,21,8,62,29,1,10,22,0
S01009053,50 to 64,65,20,17,3,45,10,1,1,27,6
S01009053,65 to 74,23,7,7,0,16,5,0,0,5,6
S01009053,75 to 84,14,5,5,0,9,4,0,0,1,4
S01009053,85 and over,3,0,0,0,3,0,0,0,0,3
S01009054,All HRPs,249,133,114,19,116,32,2,13,29,40
S01009054,24 and under,4,1,0,1,3,3,0,0,0,0
S01009054,25 to 34,29,18,12,6,11,7,0,1,3,0
S01009054,35 to 49,66,39,34,5,27,13,0,5,8,1
S01009054,50 to 64,89,51,44,7,38,6,2,6,13,11
S01009054,65 to 74,32,16,16,0,16,3,0,1,5,7
S01009054,75 to 84,23,7,7,0,16,0,0,0,0,16
S01009054,85 and over,6,1,1,0,5,0,0,0,0,5
S01009055,All HRPs,361,228,197,31,133,52,0,18,32,31
S01009055,24 and under,5,1,0,1,4,4,0,0,0,0
S01009055,25 to 34,34,16,12,4,18,16,0,2,0,0
S01009055,35 to 49,104,69,54,15,35,15,0,9,11,0
S01009055,50 to 64,131,89,79,10,42,12,0,4,19,7
S01009055,65 to 74,53,36,35,1,17,2,0,3,1,11
S01009055,75 to 84,30,16,16,0,14,3,0,0,1,10
S01009055,85 and over,4,1,1,0,3,0,0,0,0,3
S01009056,All HRPs,217,118,90,28,99,34,0,9,35,21
S01009056,24 and under,4,2,0,2,2,2,0,0,0,0
S01009056,25 to 34,27,13,4,9,14,11,0,0,3,0
S01009056,35 to 49,73,39,28,11,34,11,0,5,15,3
S01009056,50 to 64,69,46,41,5,23,8,0,0,11,4
S01009056,65 to 74,31,14,13,1,17,1,0,3,6,7
S01009056,75 to 84,10,4,4,0,6,0,0,1,0,5
S01009056,85 and over,3,0,0,0,3,1,0,0,0,2
S01009057,All HRPs,282,100,69,31,182,97,2,11,30,42
S01009057,24 and under,21,6,1,5,15,15,0,0,0,0
S01009057,25 to 34,52,21,10,11,31,30,0,1,0,0
S01009057,35 to 49,71,24,17,7,47,30,2,4,11,0
S01009057,50 to 64,63,28,21,7,35,14,0,3,13,5
S01009057,65 to 74,28,9,8,1,19,3,0,1,6,9
S01009057,75 to 84,33,10,10,0,23,5,0,2,0,16
S01009057,85 and over,14,2,2,0,12,0,0,0,0,12
S01009058,All HRPs,385,189,148,41,196,71,2,21,41,61
S01009058,24 and under,14,9,1,8,5,5,0,0,0,0
S01009058,25 to 34,58,35,20,15,23,20,0,3,0,0
S01009058,35 to 49,100,46,34,12,54,27,0,10,15,2
S01009058,50 to 64,90,44,40,4,46,15,0,6,16,9
S01009058,65 to 74,58,28,26,2,30,3,0,1,7,19
S01009058,75 to 84,53,25,25,0,28,0,1,1,2,24
S01009058,85 and over,12,2,2,0,10,1,1,0,1,7
S01009059,All HRPs,347,216,179,37,131,58,1,12,29,31
S01009059,24 and under,14,2,0,2,12,11,0,1,0,0
S01009059,25 to 34,55,32,24,8,23,19,1,2,1,0
S01009059,35 to 49,138,106,86,20,32,12,0,7,12,1
S01009059,50 to 64,79,52,46,6,27,9,0,2,10,6
S01009059,65 to 74,29,16,15,1,13,2,0,0,4,7
S01009059,75 to 84,22,6,6,0,16,5,0,0,2,9
S01009059,85 and over,10,2,2,0,8,0,0,0,0,8
S01009060,All HRPs,188,155,136,19,33,10,0,5,12,6
S01009060,24 and under,0,0,0,0,0,0,0,0,0,0
S01009060,25 to 34,20,18,13,5,2,1,0,0,1,0
S01009060,35 to 49,95,86,75,11,9,4,0,3,1,1
S01009060,50 to 64,53,39,37,2,14,4,0,1,7,2
S01009060,65 to 74,15,8,7,1,7,1,0,1,3,2
S01009060,75 to 84,5,4,4,0,1,0,0,0,0,1
S01009060,85 and over,0,0,0,0,0,0,0,0,0,0
S01009061,All HRPs,326,203,170,33,123,43,0,7,37,36
S01009061,24 and under,2,2,0,2,0,0,0,0,0,0
S01009061,25 to 34,52,25,14,11,27,24,0,1,2,0
S01009061,35 to 49,106,74,58,16,32,15,0,3,14,0
S01009061,50 to 64,98,66,63,3,32,3,0,2,19,8
S01009061,65 to 74,54,29,29,0,25,1,0,1,2,21
S01009061,75 to 84,14,7,6,1,7,0,0,0,0,7
S01009061,85 and over,0,0,0,0,0,0,0,0,0,0
S01009062,All HRPs,298,144,118,26,154,48,1,13,40,52
S01009062,24 and under,10,1,0,1,9,9,0,0,0,0
S01009062,25 to 34,33,14,7,7,19,18,0,1,0,0
S01009062,35 to 49,67,36,27,9,31,12,0,4,14,1
S01009062,50 to 64,95,55,47,8,40,5,0,6,22,7
S01009062,65 to 74,49,27,26,1,22,2,1,2,3,14
S01009062,75 to 84,34,10,10,0,24,2,0,0,1,21
S01009062,85 and over,10,1,1,0,9,0,0,0,0,9
S01009063,All HRPs,291,202,178,24,89,19,1,14,17,38
S01009063,24 and under,2,2,1,1,0,0,0,0,0,0
S01009063,25 to 34,20,13,9,4,7,4,0,3,0,0
S01009063,35 to 49,82,62,48,14,20,7,0,8,5,0
S01009063,50 to 64,100,80,76,4,20,5,0,2,7,6
S01009063,65 to 74,55,32,31,1,23,1,0,1,4,17
S01009063,75 to 84,27,13,13,0,14,1,1,0,1,11
S01009063,85 and over,5,0,0,0,5,1,0,0,0,4
S01009064,All HRPs,264,141,104,37,123,52,1,10,23,37
S01009064,24 and under,15,8,0,8,7,7,0,0,0,0
S01009064,25 to 34,51,29,14,15,22,18,0,2,2,0
S01009064,35 to 49,63,36,29,7,27,15,0,5,6,1
S01009064,50 to 64,59,30,23,7,29,8,1,2,13,5
S01009064,65 to 74,44,26,26,0,18,2,0,1,1,14
S01009064,75 to 84,29,11,11,0,18,2,0,0,1,15
S01009064,85 and over,3,1,1,0,2,0,0,0,0,2
S01009065,All HRPs,328,126,90,36,202,86,5,20,46,45
S01009065,24 and under,25,2,0,2,23,22,0,1,0,0
S01009065,25 to 34,62,25,8,17,37,30,2,1,4,0
S01009065,35 to 49,86,39,28,11,47,19,3,11,12,2
S01009065,50 to 64,65,29,24,5,36,7,0,6,21,2
S01009065,65 to 74,35,13,13,0,22,2,0,0,5,15
S01009065,75 to 84,44,16,15,1,28,5,0,1,4,18
S01009065,85 and over,11,2,2,0,9,1,0,0,0,8
S01009066,All HRPs,319,166,136,30,153,41,3,22,40,47
S01009066,24 and under,5,2,0,2,3,3,0,0,0,0
S01009066,25 to 34,43,23,12,11,20,16,0,3,1,0
S01009066,35 to 49,84,41,29,12,43,15,0,15,13,0
S01009066,50 to 64,86,55,50,5,31,2,0,2,20,7
S01009066,65 to 74,58,33,33,0,25,3,1,2,5,14
S01009066,75 to 84,32,12,12,0,20,2,2,0,1,15
S01009066,85 and over,11,0,0,0,11,0,0,0,0,11
S01009067,All HRPs,302,238,206,32,64,16,0,13,14,21
S01009067,24 and under,3,0,0,0,3,3,0,0,0,0
S01009067,25 to 34,43,33,27,6,10,7,0,1,1,1
S01009067,35 to 49,131,114,97,17,17,6,0,7,3,1
S01009067,50 to 64,92,74,67,7,18,0,0,5,8,5
S01009067,65 to 74,22,14,13,1,8,0,0,0,2,6
S01009067,75 to 84,8,3,2,1,5,0,0,0,0,5
S01009067,85 and over,3,0,0,0,3,0,0,0,0,3
S01009068,All HRPs,386,208,168,40,178,59,3,22,40,54
S01009068,24 and under,12,5,1,4,7,5,0,2,0,0
S01009068,25 to 34,53,23,14,9,30,26,0,4,0,0
S01009068,35 to 49,116,63,45,18,53,18,0,11,22,2
S01009068,50 to 64,116,79,70,9,37,5,1,4,13,14
S01009068,65 to 74,40,21,21,0,19,3,0,1,4,11
S01009068,75 to 84,37,13,13,0,24,2,1,0,1,20
S01009068,85 and over,12,4,4,0,8,0,1,0,0,7
S01009069,All HRPs,249,188,171,17,61,19,0,9,15,18
S01009069,24 and under,2,1,0,1,1,1,0,0,0,0
S01009069,25 to 34,18,13,11,2,5,5,0,0,0,0
S01009069,35 to 49,81,64,55,9,17,6,0,6,3,2
S01009069,50 to 64,110,90,85,5,20,4,0,2,10,4
S01009069,65 to 74,25,15,15,0,10,2,0,0,2,6
S01009069,75 to 84,11,5,5,0,6,1,0,1,0,4
S01009069,85 and over,2,0,0,0,2,0,0,0,0,2
S01009070,All HRPs,269,177,147,30,92,40,4,9,24,15
S01009070,24 and under,2,0,0,0,2,1,0,1,0,0
S01009070,25 to 34,33,15,7,8,18,15,0,2,1,0
S01009070,35 to 49,83,52,37,15,31,15,3,4,9,0
S01009070,50 to 64,97,76,70,6,21,6,1,1,11,2
S01009070,65 to 74,32,23,22,1,9,1,0,1,2,5
S01009070,75 to 84,16,10,10,0,6,1,0,0,0,5
S01009070,85 and over,6,1,1,0,5,1,0,0,1,3
S01009071,All HRPs,228,129,106,23,99,29,1,14,27,28
S01009071,24 and under,5,1,0,1,4,4,0,0,0,0
S01009071,25 to 34,16,7,2,5,9,4,0,4,1,0
S01009071,35 to 49,75,49,41,8,26,13,0,4,7,2
S01009071,50 to 64,72,49,41,8,23,3,1,3,10,6
S01009071,65 to 74,36,14,14,0,22,4,0,3,4,11
S01009071,75 to 84,18,8,8,0,10,1,0,0,4,5
S01009071,85 and over,6,1,0,1,5,0,0,0,1,4
S01009072,All HRPs,199,141,120,21,58,21,2,4,17,14
S01009072,24 and under,9,5,0,5,4,4,0,0,0,0
S01009072,25 to 34,21,14,11,3,7,5,0,1,1,0
S01009072,35 to 49,71,52,43,9,19,9,0,2,8,0
S01009072,50 to 64,56,47,44,3,9,2,0,1,4,2
S01009072,65 to 74,26,17,17,0,9,0,0,0,4,5
S01009072,75 to 84,13,5,4,1,8,1,2,0,0,5
S01009072,85 and over,3,1,1,0,2,0,0,0,0,2
S01009073,All HRPs,251,126,110,16,125,40,2,14,31,38
S01009073,24 and under,7,2,0,2,5,4,1,0,0,0
S01009073,25 to 34,24,12,8,4,12,10,0,1,1,0
S01009073,35 to 49,77,40,31,9,37,15,0,10,12,0
S01009073,50 to 64,69,42,41,1,27,3,0,2,13,9
S01009073,65 to 74,45,21,21,0,24,3,1,1,5,14
S01009073,75 to 84,26,9,9,0,17,5,0,0,0,12
S01009073,85 and over,3,0,0,0,3,0,0,0,0,3
S01009074,All HRPs,290,151,126,25,139,61,4,8,42,24
S01009074,24 and under,9,1,0,1,8,8,0,0,0,0
S01009074,25 to 34,37,15,9,6,22,21,0,0,1,0
S01009074,35 to 49,87,47,35,12,40,20,0,5,13,2
S01009074,50 to 64,87,53,49,4,34,6,1,3,19,5
S01009074,65 to 74,38,22,21,1,16,3,1,0,6,6
S01009074,75 to 84,24,12,11,1,12,3,1,0,2,6
S01009074,85 and over,8,1,1,0,7,0,1,0,1,5
S01009075,All HRPs,233,133,116,17,100,36,1,4,25,34
S01009075,24 and under,2,1,0,1,1,1,0,0,0,0
S01009075,25 to 34,17,9,3,6,8,8,0,0,0,0
S01009075,35 to 49,69,41,31,10,28,15,0,2,11,0
S01009075,50 to 64,78,57,57,0,21,8,0,0,8,5
S01009075,65 to 74,39,17,17,0,22,3,0,2,3,14
S01009075,75 to 84,23,7,7,0,16,1,1,0,3,11
S01009075,85 and over,5,1,1,0,4,0,0,0,0,4
S01009076,All HRPs,381,252,209,43,129,54,1,19,34,21
S01009076,24 and under,10,5,0,5,5,5,0,0,0,0
S01009076,25 to 34,64,39,16,23,25,20,0,5,0,0
S01009076,35 to 49,124,88,77,11,36,20,0,2,14,0
S01009076,50 to 64,138,97,93,4,41,7,0,11,14,9
S01009076,65 to 74,31,14,14,0,17,2,1,1,6,7
S01009076,75 to 84,13,9,9,0,4,0,0,0,0,4
S01009076,85 and over,1,0,0,0,1,0,0,0,0,1
S01009077,All HRPs,259,172,145,27,87,37,3,6,18,23
S01009077,24 and under,10,3,0,3,7,7,0,0,0,0
S01009077,25 to 34,35,21,12,9,14,14,0,0,0,0
S01009077,35 to 49,58,39,28,11,19,8,0,3,8,0
S01009077,50 to 64,94,68,66,2,26,7,1,3,8,7
S01009077,65 to 74,41,31,30,1,10,1,2,0,1,6
S01009077,75 to 84,14,7,6,1,7,0,0,0,0,7
S01009077,85 and over,7,3,3,0,4,0,0,0,1,3
S01009078,All HRPs,271,223,189,34,48,18,3,10,11,6
S01009078,24 and under,2,2,0,2,0,0,0,0,0,0
S01009078,25 to 34,50,39,30,9,11,10,0,1,0,0
S01009078,35 to 49,143,120,106,14,23,8,1,8,5,1
S01009078,50 to 64,62,54,45,9,8,0,1,0,5,2
S01009078,65 to 74,11,7,7,0,4,0,0,1,0,3
S01009078,75 to 84,3,1,1,0,2,0,1,0,1,0
S01009078,85 and over,0,0,0,0,0,0,0,0,0,0
S01009079,All HRPs,388,179,144,35,209,60,5,24,52,68
S01009079,24 and under,9,5,2,3,4,4,0,0,0,0
S01009079,25 to 34,45,25,13,12,20,11,1,5,3,0
S01009079,35 to 49,97,49,38,11,48,21,1,11,13,2
S01009079,50 to 64,121,69,62,7,52,13,2,5,24,8
S01009079,65 to 74,46,15,13,2,31,6,0,2,7,16
S01009079,75 to 84,50,16,16,0,34,3,0,1,3,27
S01009079,85 and over,20,0,0,0,20,2,1,0,2,15
S01009080,All HRPs,430,207,176,31,223,78,1,20,55,69
S01009080,24 and under,7,2,0,2,5,5,0,0,0,0
S01009080,25 to 34,43,16,7,9,27,24,0,3,0,0
S01009080,35 to 49,114,55,40,15,59,25,1,12,19,2
S01009080,50 to 64,139,84,80,4,55,14,0,4,26,11
S01009080,65 to 74,56,30,29,1,26,5,0,1,9,11
S01009080,75 to 84,53,18,18,0,35,3,0,0,0,32
S01009080,85 and over,18,2,2,0,16,2,0,0,1,13
S01009081,All HRPs,311,180,147,33,131,36,3,9,31,52
S01009081,24 and under,7,4,1,3,3,3,0,0,0,0
S01009081,25 to 34,38,27,12,15,11,9,1,1,0,0
S01009081,35 to 49,82,52,43,9,30,19,0,2,7,2
S01009081,50 to 64,87,53,48,5,34,5,1,6,16,6
S01009081,65 to 74,46,30,29,1,16,0,1,0,3,12
S01009081,75 to 84,39,13,13,0,26,0,0,0,3,23
S01009081,85 and over,12,1,1,0,11,0,0,0,2,9
S01009082,All HRPs,426,212,175,37,214,76,3,27,38,70
S01009082,24 and under,8,3,0,3,5,5,0,0,0,0
S01009082,25 to 34,43,21,8,13,22,19,0,3,0,0
S01009082,35 to 49,138,80,63,17,58,30,2,12,14,0
S01009082,50 to 64,129,73,70,3,56,14,1,11,19,11
S01009082,65 to 74,45,16,15,1,29,2,0,1,3,23
S01009082,75 to 84,48,17,17,0,31,4,0,0,2,25
S01009082,85 and over,15,2,2,0,13,2,0,0,0,11
S01009083,All HRPs,349,194,157,37,155,73,0,13,33,36
S01009083,24 and under,9,3,0,3,6,6,0,0,0,0
S01009083,25 to 34,56,23,11,12,33,27,0,2,4,0
S01009083,35 to 49,104,60,46,14,44,21,0,7,11,5
S01009083,50 to 64,103,68,61,7,35,13,0,4,13,5
S01009083,65 to 74,47,29,28,1,18,3,0,0,4,11
S01009083,75 to 84,24,10,10,0,14,2,0,0,1,11
S01009083,85 and over,6,1,1,0,5,1,0,0,0,4
S01009084,All HRPs,177,130,106,24,47,22,0,2,17,6
S01009084,24 and under,5,2,0,2,3,3,0,0,0,0
S01009084,25 to 34,22,16,9,7,6,6,0,0,0,0
S01009084,35 to 49,82,67,55,12,15,8,0,1,6,0
S01009084,50 to 64,49,33,30,3,16,4,0,1,10,1
S01009084,65 to 74,11,10,10,0,1,1,0,0,0,0
S01009084,75 to 84,7,2,2,0,5,0,0,0,0,5
S01009084,85 and over,1,0,0,0,1,0,0,0,1,0
S01009085,All HRPs,280,228,185,43,52,22,1,8,18,3
S01009085,24 and under,8,6,0,6,2,2,0,0,0,0
S01009085,25 to 34,68,59,40,19,9,8,0,1,0,0
S01009085,35 to 49,149,125,110,15,24,11,1,4,8,0
S01009085,50 to 64,47,32,29,3,15,1,0,2,10,2
S01009085,65 to 74,5,5,5,0,0,0,0,0,0,0
S01009085,75 to 84,3,1,1,0,2,0,0,1,0,1
S01009085,85 and over,0,0,0,0,0,0,0,0,0,0
S01009086,All HRPs,305,180,149,31,125,42,1,20,30,32
S01009086,24 and under,7,0,0,0,7,7,0,0,0,0
S01009086,25 to 34,41,29,19,10,12,10,0,1,0,1
S01009086,35 to 49,106,70,54,16,36,16,1,9,10,0
S01009086,50 to 64,81,47,42,5,34,6,0,9,14,5
S01009086,65 to 74,37,23,23,0,14,1,0,1,4,8
S01009086,75 to 84,26,11,11,0,15,2,0,0,2,11
S01009086,85 and over,7,0,0,0,7,0,0,0,0,7
S01009087,All HRPs,247,135,108,27,112,34,0,18,30,30
S01009087,24 and under,7,3,1,2,4,4,0,0,0,0
S01009087,25 to 34,26,9,3,6,17,14,0,2,1,0
S01009087,35 to 49,92,58,44,14,34,10,0,10,10,4
S01009087,50 to 64,65,35,31,4,30,5,0,5,14,6
S01009087,65 to 74,42,23,22,1,19,1,0,1,3,14
S01009087,75 to 84,13,7,7,0,6,0,0,0,2,4
S01009087,85 and over,2,0,0,0,2,0,0,0,0,2
S01009088,All HRPs,385,285,252,33,100,27,3,13,21,36
S01009088,24 and under,4,3,1,2,1,1,0,0,0,0
S01009088,25 to 34,28,19,14,5,9,6,0,3,0,0
S01009088,35 to 49,131,104,83,21,27,12,0,6,9,0
S01009088,50 to 64,119,99,95,4,20,4,2,1,9,4
S01009088,65 to 74,62,43,43,0,19,2,0,1,1,15
S01009088,75 to 84,35,16,15,1,19,2,1,2,1,13
S01009088,85 and over,6,1,1,0,5,0,0,0,1,4
S01009089,All HRPs,325,267,237,30,58,16,2,14,18,8
S01009089,24 and under,1,0,0,0,1,1,0,0,0,0
S01009089,25 to 34,37,27,19,8,10,5,0,3,2,0
S01009089,35 to 49,183,161,143,18,22,6,1,9,6,0
S01009089,50 to 64,70,53,50,3,17,2,1,2,9,3
S01009089,65 to 74,22,17,16,1,5,1,0,0,1,3
S01009089,75 to 84,10,8,8,0,2,1,0,0,0,1
S01009089,85 and over,2,1,1,0,1,0,0,0,0,1
S01009090,All HRPs,333,223,139,84,110,56,1,25,18,10
S01009090,24 and under,23,13,0,13,10,10,0,0,0,0
S01009090,25 to 34,130,88,44,44,42,34,0,6,1,1
S01009090,35 to 49,129,90,67,23,39,10,0,17,12,0
S01009090,50 to 64,33,23,19,4,10,1,1,1,5,2
S01009090,65 to 74,13,7,7,0,6,0,0,1,0,5
S01009090,75 to 84,3,2,2,0,1,1,0,0,0,0
S01009090,85 and over,2,0,0,0,2,0,0,0,0,2
S01009091,All HRPs,223,186,164,22,37,10,2,3,18,4
S01009091,24 and under,2,2,1,1,0,0,0,0,0,0
S01009091,25 to 34,23,14,7,7,9,7,0,0,2,0
S01009091,35 to 49,145,126,114,12,19,2,2,3,12,0
S01009091,50 to 64,43,37,35,2,6,1,0,0,4,1
S01009091,65 to 74,8,7,7,0,1,0,0,0,0,1
S01009091,75 to 84,1,0,0,0,1,0,0,0,0,1
S01009091,85 and over,1,0,0,0,1,0,0,0,0,1
S01009092,All HRPs,482,279,228,51,203,57,3,19,56,68
S01009092,24 and under,10,5,0,5,5,5,0,0,0,0
S01009092,25 to 34,65,45,23,22,20,18,0,2,0,0
S01009092,35 to 49,128,77,64,13,51,20,1,7,22,1
S01009092,50 to 64,130,86,76,10,44,7,0,5,22,10
S01009092,65 to 74,79,40,39,1,39,4,2,4,8,21
S01009092,75 to 84,58,21,21,0,37,2,0,1,3,31
S01009092,85 and over,12,5,5,0,7,1,0,0,1,5
S01009093,All HRPs,343,170,116,54,173,71,2,21,45,34
S01009093,24 and under,28,15,1,14,13,12,0,1,0,0
S01009093,25 to 34,74,42,16,26,32,27,0,2,3,0
S01009093,35 to 49,96,42,37,5,54,24,1,11,18,0
S01009093,50 to 64,84,47,40,7,37,7,1,7,15,7
S01009093,65 to 74,36,18,17,1,18,0,0,0,8,10
S01009093,75 to 84,20,5,4,1,15,0,0,0,1,14
S01009093,85 and over,5,1,1,0,4,1,0,0,0,3
S01009094,All HRPs,290,218,206,12,72,9,3,8,8,44
S01009094,24 and under,0,0,0,0,0,0,0,0,0,0
S01009094,25 to 34,10,8,6,2,2,1,0,1,0,0
S01009094,35 to 49,78,65,61,4,13,2,0,5,4,2
S01009094,50 to 64,67,60,55,5,7,1,1,1,1,3
S01009094,65 to 74,69,45,44,1,24,2,2,1,3,16
S01009094,75 to 84,54,38,38,0,16,3,0,0,0,13
S01009094,85 and over,12,2,2,0,10,0,0,0,0,10
S01009095,All HRPs,360,200,173,27,160,64,2,18,30,46
S01009095,24 and under,11,2,0,2,9,9,0,0,0,0
S01009095,25 to 34,37,13,5,8,24,20,0,3,1,0
S01009095,35 to 49,104,64,53,11,40,22,0,6,10,2
S01009095,50 to 64,113,77,73,4,36,8,1,7,14,6
S01009095,65 to 74,43,25,25,0,18,3,0,0,3,12
S01009095,75 to 84,33,12,11,1,21,2,1,2,2,14
S01009095,85 and over,19,7,6,1,12,0,0,0,0,12
S01009096,All HRPs,384,241,186,55,143,56,3,15,40,29
S01009096,24 and under,12,4,0,4,8,8,0,0,0,0
S01009096,25 to 34,71,53,31,22,18,13,1,3,1,0
S01009096,35 to 49,171,113,92,21,58,31,1,8,18,0
S01009096,50 to 64,68,47,42,5,21,2,1,2,13,3
S01009096,65 to 74,31,17,15,2,14,2,0,2,5,5
S01009096,75 to 84,23,7,6,1,16,0,0,0,3,13
S01009096,85 and over,8,0,0,0,8,0,0,0,0,8
S01009097,All HRPs,347,252,210,42,95,37,0,12,22,24
S01009097,24 and under,4,1,0,1,3,3,0,0,0,0
S01009097,25 to 34,35,27,19,8,8,8,0,0,0,0
S01009097,35 to 49,153,123,98,25,30,15,0,9,6,0
S01009097,50 to 64,102,69,61,8,33,9,0,2,14,8
S01009097,65 to 74,26,15,15,0,11,1,0,1,2,7
S01009097,75 to 84,24,16,16,0,8,1,0,0,0,7
S01009097,85 and over,3,1,1,0,2,0,0,0,0,2
S01009098,All HRPs,190,159,142,17,31,9,1,2,4,15
S01009098,24 and under,0,0,0,0,0,0,0,0,0,0
S01009098,25 to 34,7,6,4,2,1,1,0,0,0,0
S01009098,35 to 49,64,57,49,8,7,6,0,1,0,0
S01009098,50 to 64,68,59,52,7,9,1,1,1,4,2
S01009098,65 to 74,25,20,20,0,5,0,0,0,0,5
S01009098,75 to 84,24,16,16,0,8,1,0,0,0,7
S01009098,85 and over,2,1,1,0,1,0,0,0,0,1
S01009099,All HRPs,384,180,150,30,204,69,4,14,38,79
S01009099,24 and under,8,2,0,2,6,5,0,0,0,1
S01009099,25 to 34,36,19,11,8,17,17,0,0,0,0
S01009099,35 to 49,98,55,44,11,43,22,2,5,14,0
S01009099,50 to 64,103,57,52,5,46,14,0,5,17,10
S01009099,65 to 74,57,25,22,3,32,8,2,4,4,14
S01009099,75 to 84,52,17,16,1,35,2,0,0,3,30
S01009099,85 and over,30,5,5,0,25,1,0,0,0,24
S01009100,All HRPs,397,136,104,32,261,89,7,24,49,92
S01009100,24 and under,19,3,0,3,16,14,0,2,0,0
S01009100,25 to 34,53,21,11,10,32,28,0,1,3,0
S01009100,35 to 49,89,38,23,15,51,19,1,13,16,2
S01009100,50 to 64,89,43,41,2,46,16,0,8,16,6
S01009100,65 to 74,52,16,15,1,36,5,3,0,11,17
S01009100,75 to 84,51,9,8,1,42,4,2,0,3,33
S01009100,85 and over,44,6,6,0,38,3,1,0,0,34
S01009101,All HRPs,369,212,177,35,157,53,1,17,46,40
S01009101,24 and under,10,4,1,3,6,6,0,0,0,0
S01009101,25 to 34,31,17,11,6,14,12,0,1,0,1
S01009101,35 to 49,119,73,57,16,46,17,0,11,16,2
S01009101,50 to 64,111,76,69,7,35,5,1,4,22,3
S01009101,65 to 74,53,28,26,2,25,9,0,0,6,10
S01009101,75 to 84,31,13,12,1,18,4,0,1,0,13
S01009101,85 and over,14,1,1,0,13,0,0,0,2,11
S01009102,All HRPs,317,150,109,41,167,61,2,24,48,32
S01009102,24 and under,15,5,0,5,10,10,0,0,0,0
S01009102,25 to 34,46,28,11,17,18,15,0,3,0,0
S01009102,35 to 49,117,52,38,14,65,23,0,14,23,5
S01009102,50 to 64,98,51,46,5,47,8,0,7,21,11
S01009102,65 to 74,16,6,6,0,10,2,1,0,3,4
S01009102,75 to 84,18,8,8,0,10,2,1,0,1,6
S01009102,85 and over,7,0,0,0,7,1,0,0,0,6
S01009103,All HRPs,246,165,151,14,81,18,2,4,14,43
S01009103,24 and under,3,0,0,0,3,3,0,0,0,0
S01009103,25 to 34,8,5,1,4,3,2,0,0,1,0
S01009103,35 to 49,70,54,48,6,16,6,0,3,6,1
S01009103,50 to 64,86,66,62,4,20,5,0,1,7,7
S01009103,65 to 74,39,26,26,0,13,1,0,0,0,12
S01009103,75 to 84,33,13,13,0,20,1,0,0,0,19
S01009103,85 and over,7,1,1,0,6,0,2,0,0,4
S01009104,All HRPs,352,194,152,42,158,59,2,16,37,44
S01009104,24 and under,5,3,1,2,2,2,0,0,0,0
S01009104,25 to 34,39,25,11,14,14,11,0,2,1,0
S01009104,35 to 49,111,60,43,17,51,28,1,8,14,0
S01009104,50 to 64,101,66,61,5,35,12,0,4,12,7
S01009104,65 to 74,56,28,25,3,28,3,0,1,8,16
S01009104,75 to 84,31,10,9,1,21,1,1,1,2,16
S01009104,85 and over,9,2,2,0,7,2,0,0,0,5
S01009105,All HRPs,337,192,156,36,145,45,1,22,33,44
S01009105,24 and under,2,1,0,1,1,1,0,0,0,0
S01009105,25 to 34,36,17,10,7,19,14,0,4,1,0
S01009105,35 to 49,120,78,60,18,42,21,0,12,9,0
S01009105,50 to 64,100,65,56,9,35,5,0,5,19,6
S01009105,65 to 74,42,19,18,1,23,3,1,1,3,15
S01009105,75 to 84,26,10,10,0,16,1,0,0,1,14
S01009105,85 and over,11,2,2,0,9,0,0,0,0,9
S01009106,All HRPs,264,142,106,36,122,43,2,11,26,40
S01009106,24 and under,7,6,2,4,1,1,0,0,0,0
S01009106,25 to 34,41,26,13,13,15,14,0,1,0,0
S01009106,35 to 49,80,41,29,12,39,18,1,7,11,2
S01009106,50 to 64,57,37,32,5,20,4,0,3,9,4
S01009106,65 to 74,37,17,16,1,20,5,0,0,6,9
S01009106,75 to 84,31,13,12,1,18,0,1,0,0,17
S01009106,85 and over,11,2,2,0,9,1,0,0,0,8
S01009107,All HRPs,333,240,189,51,93,25,0,10,25,33
S01009107,24 and under,0,0,0,0,0,0,0,0,0,0
S01009107,25 to 34,48,36,15,21,12,10,0,2,0,0
S01009107,35 to 49,117,92,75,17,25,9,0,6,9,1
S01009107,50 to 64,100,78,66,12,22,6,0,2,12,2
S01009107,65 to 74,30,18,18,0,12,0,0,0,4,8
S01009107,75 to 84,32,14,13,1,18,0,0,0,0,18
S01009107,85 and over,6,2,2,0,4,0,0,0,0,4
S01009108,All HRPs,313,211,182,29,102,29,0,12,28,33
S01009108,24 and under,4,3,0,3,1,1,0,0,0,0
S01009108,25 to 34,33,24,18,6,9,8,0,1,0,0
S01009108,35 to 49,85,58,45,13,27,14,0,6,7,0
S01009108,50 to 64,98,71,64,7,27,4,0,3,15,5
S01009108,65 to 74,58,32,32,0,26,2,0,2,5,17
S01009108,75 to 84,30,20,20,0,10,0,0,0,0,10
S01009108,85 and over,5,3,3,0,2,0,0,0,1,1
S01009109,All HRPs,263,206,194,12,57,12,1,7,16,21
S01009109,24 and under,1,1,0,1,0,0,0,0,0,0
S01009109,25 to 34,15,14,9,5,1,1,0,0,0,0
S01009109,35 to 49,72,55,51,4,17,5,1,4,4,3
S01009109,50 to 64,123,100,99,1,23,5,0,3,10,5
S01009109,65 to 74,35,28,28,0,7,1,0,0,1,5
S01009109,75 to 84,12,7,6,1,5,0,0,0,1,4
S01009109,85 and over,5,1,1,0,4,0,0,0,0,4
S01009110,All HRPs,263,158,133,25,105,25,2,16,30,32
S01009110,24 and under,3,0,0,0,3,3,0,0,0,0
S01009110,25 to 34,24,15,8,7,9,6,0,3,0,0
S01009110,35 to 49,74,49,40,9,25,8,1,8,8,0
S01009110,50 to 64,74,47,39,8,27,4,1,4,12,6
S01009110,65 to 74,53,33,32,1,20,2,0,1,7,10
S01009110,75 to 84,22,10,10,0,12,1,0,0,2,9
S01009110,85 and over,13,4,4,0,9,1,0,0,1,7
S01009111,All HRPs,372,208,170,38,164,62,1,21,38,42
S01009111,24 and under,12,5,0,5,7,7,0,0,0,0
S01009111,25 to 34,51,29,22,7,22,21,0,1,0,0
S01009111,35 to 49,121,75,56,19,46,25,0,9,11,1
S01009111,50 to 64,134,83,76,7,51,9,1,9,22,10
S01009111,65 to 74,31,13,13,0,18,0,0,2,4,12
S01009111,75 to 84,19,3,3,0,16,0,0,0,1,15
S01009111,85 and over,4,0,0,0,4,0,0,0,0,4
S01009112,All HRPs,238,170,154,16,68,12,2,6,16,32
S01009112,24 and under,1,1,1,0,0,0,0,0,0,0
S01009112,25 to 34,9,7,6,1,2,1,0,1,0,0
S01009112,35 to 49,74,64,53,11,10,2,0,3,4,1
S01009112,50 to 64,73,51,48,3,22,4,1,2,7,8
S01009112,65 to 74,45,28,27,1,17,2,0,0,5,10
S01009112,75 to 84,29,16,16,0,13,3,1,0,0,9
S01009112,85 and over,7,3,3,0,4,0,0,0,0,4
S01009113,All HRPs,381,235,199,36,146,55,1,13,29,48
S01009113,24 and under,11,5,0,5,6,6,0,0,0,0
S01009113,25 to 34,45,28,18,10,17,16,0,0,1,0
S01009113,35 to 49,115,71,58,13,44,26,0,5,13,0
S01009113,50 to 64,118,77,71,6,41,6,1,6,13,15
S01009113,65 to 74,57,38,36,2,19,1,0,0,2,16
S01009113,75 to 84,26,13,13,0,13,0,0,1,0,12
S01009113,85 and over,9,3,3,0,6,0,0,1,0,5
S01009114,All HRPs,303,189,168,21,114,37,1,18,36,22
S01009114,24 and under,4,1,0,1,3,3,0,0,0,0
S01009114,25 to 34,35,20,13,7,15,11,0,2,2,0
S01009114,35 to 49,142,98,91,7,44,15,1,11,17,0
S01009114,50 to 64,77,51,46,5,26,4,0,3,13,6
S01009114,65 to 74,29,16,16,0,13,3,0,2,2,6
S01009114,75 to 84,14,3,2,1,11,1,0,0,2,8
S01009114,85 and over,2,0,0,0,2,0,0,0,0,2
S01009115,All HRPs,259,144,110,34,115,62,0,9,22,22
S01009115,24 and under,15,6,0,6,9,9,0,0,0,0
S01009115,25 to 34,52,21,11,10,31,29,0,2,0,0
S01009115,35 to 49,79,50,39,11,29,16,0,5,7,1
S01009115,50 to 64,69,46,39,7,23,5,0,2,13,3
S01009115,65 to 74,26,19,19,0,7,3,0,0,1,3
S01009115,75 to 84,14,2,2,0,12,0,0,0,1,11
S01009115,85 and over,4,0,0,0,4,0,0,0,0,4
S01009116,All HRPs,191,140,128,12,51,16,0,4,14,17
S01009116,24 and under,2,1,0,1,1,1,0,0,0,0
S01009116,25 to 34,10,3,2,1,7,6,0,1,0,0
S01009116,35 to 49,57,44,38,6,13,6,0,2,5,0
S01009116,50 to 64,73,58,55,3,15,1,0,1,9,4
S01009116,65 to 74,35,29,28,1,6,1,0,0,0,5
S01009116,75 to 84,12,5,5,0,7,1,0,0,0,6
S01009116,85 and over,2,0,0,0,2,0,0,0,0,2
S01009117,All HRPs,391,198,149,49,193,75,2,30,55,31
S01009117,24 and under,8,0,0,0,8,7,0,1,0,0
S01009117,25 to 34,79,48,27,21,31,28,0,0,2,1
S01009117,35 to 49,148,79,59,20,69,28,1,14,26,0
S01009117,50 to 64,83,45,40,5,38,6,0,12,17,3
S01009117,65 to 74,46,17,17,0,29,3,0,2,10,14
S01009117,75 to 84,23,7,5,2,16,3,1,1,0,11
S01009117,85 and over,4,2,1,1,2,0,0,0,0,2
S01009118,All HRPs,215,173,150,23,42,10,2,8,12,10
S01009118,24 and under,2,1,0,1,1,0,1,0,0,0
S01009118,25 to 34,27,24,15,9,3,2,0,1,0,0
S01009118,35 to 49,104,84,77,7,20,5,0,5,8,2
S01009118,50 to 64,61,51,46,5,10,2,0,2,4,2
S01009118,65 to 74,14,10,9,1,4,1,1,0,0,2
S01009118,75 to 84,6,3,3,0,3,0,0,0,0,3
S01009118,85 and over,1,0,0,0,1,0,0,0,0,1
S01009119,All HRPs,297,169,139,30,128,49,4,13,30,32
S01009119,24 and under,3,2,0,2,1,0,0,1,0,0
S01009119,25 to 34,43,24,14,10,19,17,0,2,0,0
S01009119,35 to 49,88,46,38,8,42,17,2,7,15,1
S01009119,50 to 64,90,63,54,9,27,10,2,3,8,4
S01009119,65 to 74,41,23,22,1,18,2,0,0,4,12
S01009119,75 to 84,25,9,9,0,16,3,0,0,3,10
S01009119,85 and over,7,2,2,0,5,0,0,0,0,5
S01009120,All HRPs,233,119,97,22,114,35,3,13,33,30
S01009120,24 and under,6,3,0,3,3,3,0,0,0,0
S01009120,25 to 34,34,20,10,10,14,14,0,0,0,0
S01009120,35 to 49,67,32,25,7,35,15,1,4,15,0
S01009120,50 to 64,68,42,40,2,26,3,0,6,13,4
S01009120,65 to 74,28,16,16,0,12,0,0,2,3,7
S01009120,75 to 84,27,5,5,0,22,0,2,1,2,17
S01009120,85 and over,3,1,1,0,2,0,0,0,0,2
S01009121,All HRPs,380,202,151,51,178,76,2,16,40,44
S01009121,24 and under,12,5,0,5,7,5,0,2,0,0
S01009121,25 to 34,62,30,14,16,32,28,1,2,1,0
S01009121,35 to 49,111,55,38,17,56,25,1,9,19,2
S01009121,50 to 64,102,66,58,8,36,12,0,1,14,9
S01009121,65 to 74,44,30,27,3,14,2,0,0,2,10
S01009121,75 to 84,36,15,13,2,21,1,0,0,4,16
S01009121,85 and over,13,1,1,0,12,3,0,2,0,7
S01009122,All HRPs,417,230,189,41,187,54,10,27,49,47
S01009122,24 and under,8,2,2,0,6,6,0,0,0,0
S01009122,25 to 34,35,22,11,11,13,7,0,3,3,0
S01009122,35 to 49,122,64,55,9,58,19,2,17,18,2
S01009122,50 to 64,144,94,78,16,50,9,5,6,24,6
S01009122,65 to 74,58,34,29,5,24,7,0,1,4,12
S01009122,75 to 84,38,14,14,0,24,5,1,0,0,18
S01009122,85 and over,12,0,0,0,12,1,2,0,0,9
S01009123,All HRPs,215,156,124,32,59,15,0,8,22,14
S01009123,24 and under,2,0,0,0,2,2,0,0,0,0
S01009123,25 to 34,32,24,12,12,8,5,0,2,1,0
S01009123,35 to 49,85,65,54,11,20,4,0,4,11,1
S01009123,50 to 64,67,51,42,9,16,3,0,2,9,2
S01009123,65 to 74,14,10,10,0,4,1,0,0,1,2
S01009123,75 to 84,14,6,6,0,8,0,0,0,0,8
S01009123,85 and over,1,0,0,0,1,0,0,0,0,1
S01009124,All HRPs,217,148,120,28,69,22,1,15,12,19
S01009124,24 and under,4,2,1,1,2,2,0,0,0,0
S01009124,25 to 34,39,26,15,11,13,10,0,3,0,0
S01009124,35 to 49,93,67,55,12,26,8,0,10,7,1
S01009124,50 to 64,49,37,33,4,12,1,0,1,5,5
S01009124,65 to 74,18,13,13,0,5,0,0,1,0,4
S01009124,75 to 84,12,3,3,0,9,1,1,0,0,7
S01009124,85 and over,2,0,0,0,2,0,0,0,0,2
S01009125,All HRPs,301,173,148,25,128,43,0,13,28,44
S01009125,24 and under,3,3,1,2,0,0,0,0,0,0
S01009125,25 to 34,25,15,7,8,10,9,0,0,1,0
S01009125,35 to 49,92,50,39,11,42,21,0,9,10,2
S01009125,50 to 64,87,57,53,4,30,8,0,4,14,4
S01009125,65 to 74,45,24,24,0,21,2,0,0,3,16
S01009125,75 to 84,40,21,21,0,19,2,0,0,0,17
S01009125,85 and over,9,3,3,0,6,1,0,0,0,5
S01009126,All HRPs,281,93,68,25,188,90,5,16,41,36
S01009126,24 and under,32,3,1,2,29,29,0,0,0,0
S01009126,25 to 34,44,15,6,9,29,27,0,1,1,0
S01009126,35 to 49,79,31,24,7,48,22,2,6,18,0
S01009126,50 to 64,74,28,23,5,46,9,3,9,16,9
S01009126,65 to 74,24,11,10,1,13,1,0,0,4,8
S01009126,75 to 84,20,4,3,1,16,1,0,0,2,13
S01009126,85 and over,8,1,1,0,7,1,0,0,0,6
S01009127,All HRPs,269,108,72,36,161,77,1,22,38,23
S01009127,24 and under,20,5,2,3,15,14,0,1,0,0
S01009127,25 to 34,47,23,9,14,24,20,0,2,2,0
S01009127,35 to 49,96,38,23,15,58,26,1,11,18,2
S01009127,50 to 64,69,30,27,3,39,11,0,7,14,7
S01009127,65 to 74,21,8,8,0,13,4,0,1,2,6
S01009127,75 to 84,13,4,3,1,9,2,0,0,2,5
S01009127,85 and over,3,0,0,0,3,0,0,0,0,3
S01009128,All HRPs,467,135,93,42,332,138,8,21,77,88
S01009128,24 and under,42,12,1,11,30,29,0,0,1,0
S01009128,25 to 34,64,21,6,15,43,41,1,0,1,0
S01009128,35 to 49,109,31,20,11,78,29,3,11,33,2
S01009128,50 to 64,110,45,41,4,65,22,3,7,24,9
S01009128,65 to 74,54,11,10,1,43,10,1,2,12,18
S01009128,75 to 84,61,15,15,0,46,4,0,1,5,36
S01009128,85 and over,27,0,0,0,27,3,0,0,1,23
S01009129,All HRPs,205,91,69,22,114,42,2,11,31,28
S01009129,24 and under,8,1,0,1,7,7,0,0,0,0
S01009129,25 to 34,29,12,5,7,17,14,0,1,2,0
S01009129,35 to 49,68,36,26,10,32,13,0,7,11,1
S01009129,50 to 64,58,31,27,4,27,5,1,3,11,7
S01009129,65 to 74,25,7,7,0,18,3,1,0,5,9
S01009129,75 to 84,15,4,4,0,11,0,0,0,2,9
S01009129,85 and over,2,0,0,0,2,0,0,0,0,2
S01009130,All HRPs,271,148,106,42,123,65,2,10,21,25
S01009130,24 and under,18,4,0,4,14,14,0,0,0,0
S01009130,25 to 34,53,29,13,16,24,19,1,2,2,0
S01009130,35 to 49,108,70,53,17,38,23,1,7,5,2
S01009130,50 to 64,48,29,26,3,19,5,0,1,9,4
S01009130,65 to 74,22,7,7,0,15,3,0,0,4,8
S01009130,75 to 84,17,7,5,2,10,1,0,0,1,8
S01009130,85 and over,5,2,2,0,3,0,0,0,0,3
S01009131,All HRPs,260,100,70,30,160,61,1,20,45,33
S01009131,24 and under,17,6,1,5,11,9,0,0,0,2
S01009131,25 to 34,38,19,7,12,19,15,0,3,1,0
S01009131,35 to 49,67,26,16,10,41,19,0,10,12,0
S01009131,50 to 64,65,27,25,2,38,11,0,5,22,0
S01009131,65 to 74,35,15,14,1,20,2,1,2,6,9
S01009131,75 to 84,32,7,7,0,25,2,0,0,4,19
S01009131,85 and over,6,0,0,0,6,3,0,0,0,3
S01009132,All HRPs,329,215,170,45,114,54,1,14,29,16
S01009132,24 and under,17,3,0,3,14,14,0,0,0,0
S01009132,25 to 34,55,28,8,20,27,24,1,1,1,0
S01009132,35 to 49,129,98,81,17,31,11,0,6,13,1
S01009132,50 to 64,94,66,63,3,28,4,0,7,13,4
S01009132,65 to 74,19,12,10,2,7,1,0,0,1,5
S01009132,75 to 84,13,8,8,0,5,0,0,0,1,4
S01009132,85 and over,2,0,0,0,2,0,0,0,0,2
S01009133,All HRPs,301,122,76,46,179,92,6,13,39,29
S01009133,24 and under,12,4,3,1,8,8,0,0,0,0
S01009133,25 to 34,54,22,6,16,32,29,1,1,1,0
S01009133,35 to 49,94,44,23,21,50,31,3,5,11,0
S01009133,50 to 64,80,32,26,6,48,20,0,5,18,5
S01009133,65 to 74,36,14,12,2,22,3,1,2,8,8
S01009133,75 to 84,17,5,5,0,12,1,1,0,1,9
S01009133,85 and over,8,1,1,0,7,0,0,0,0,7
S01009134,All HRPs,409,240,186,54,169,62,1,19,39,48
S01009134,24 and under,9,3,0,3,6,6,0,0,0,0
S01009134,25 to 34,36,26,14,12,10,8,0,0,2,0
S01009134,35 to 49,141,91,62,29,50,25,1,13,9,2
S01009134,50 to 64,109,68,59,9,41,11,0,5,22,3
S01009134,65 to 74,53,29,29,0,24,3,0,1,3,17
S01009134,75 to 84,52,21,20,1,31,8,0,0,3,20
S01009134,85 and over,9,2,2,0,7,1,0,0,0,6
S01009135,All HRPs,264,130,93,37,134,66,2,21,28,17
S01009135,24 and under,19,10,0,10,9,9,0,0,0,0
S01009135,25 to 34,69,31,20,11,38,32,0,3,2,1
S01009135,35 to 49,106,58,47,11,48,21,0,13,13,1
S01009135,50 to 64,55,27,22,5,28,3,2,5,11,7
S01009135,65 to 74,9,4,4,0,5,0,0,0,1,4
S01009135,75 to 84,5,0,0,0,5,1,0,0,1,3
S01009135,85 and over,1,0,0,0,1,0,0,0,0,1
S01009136,All HRPs,275,181,145,36,94,46,1,7,17,23
S01009136,24 and under,16,6,2,4,10,10,0,0,0,0
S01009136,25 to 34,50,29,17,12,21,20,0,0,1,0
S01009136,35 to 49,117,90,75,15,27,13,0,6,8,0
S01009136,50 to 64,46,37,32,5,9,2,1,1,4,1
S01009136,65 to 74,18,11,11,0,7,0,0,0,3,4
S01009136,75 to 84,15,7,7,0,8,1,0,0,1,6
S01009136,85 and over,13,1,1,0,12,0,0,0,0,12
S01009137,All HRPs,203,173,139,34,30,9,3,12,3,3
S01009137,24 and under,5,3,1,2,2,1,1,0,0,0
S01009137,25 to 34,39,36,29,7,3,2,0,1,0,0
S01009137,35 to 49,114,95,72,23,19,4,1,11,2,1
S01009137,50 to 64,37,33,32,1,4,2,1,0,1,0
S01009137,65 to 74,7,5,4,1,2,0,0,0,0,2
S01009137,75 to 84,1,1,1,0,0,0,0,0,0,0
S01009137,85 and over,0,0,0,0,0,0,0,0,0,0
S01009138,All HRPs,395,231,186,45,164,77,1,23,36,27
S01009138,24 and under,9,3,1,2,6,6,0,0,0,0
S01009138,25 to 34,74,38,18,20,36,29,0,6,1,0
S01009138,35 to 49,143,87,70,17,56,29,0,10,16,1
S01009138,50 to 64,108,74,69,5,34,9,0,6,14,5
S01009138,65 to 74,33,17,16,1,16,4,0,1,3,8
S01009138,75 to 84,24,12,12,0,12,0,1,0,2,9
S01009138,85 and over,4,0,0,0,4,0,0,0,0,4
S01009139,All HRPs,239,74,43,31,165,88,5,19,38,15
S01009139,24 and under,16,5,0,5,11,11,0,0,0,0
S01009139,25 to 34,56,15,3,12,41,35,1,2,3,0
S01009139,35 to 49,80,23,14,9,57,30,2,12,13,0
S01009139,50 to 64,61,23,18,5,38,11,2,5,18,2
S01009139,65 to 74,14,4,4,0,10,0,0,0,4,6
S01009139,75 to 84,10,4,4,0,6,0,0,0,0,6
S01009139,85 and over,2,0,0,0,2,1,0,0,0,1
S01009140,All HRPs,381,147,103,44,234,113,3,16,60,42
S01009140,24 and under,24,4,0,4,20,20,0,0,0,0
S01009140,25 to 34,62,28,10,18,34,33,1,0,0,0
S01009140,35 to 49,120,49,34,15,71,38,0,8,23,2
S01009140,50 to 64,96,41,36,5,55,15,2,3,27,8
S01009140,65 to 74,40,14,13,1,26,2,0,4,8,12
S01009140,75 to 84,31,11,10,1,20,5,0,1,2,12
S01009140,85 and over,8,0,0,0,8,0,0,0,0,8
S01009141,All HRPs,473,147,97,50,326,144,3,47,75,57
S01009141,24 and under,19,5,2,3,14,13,0,1,0,0
S01009141,25 to 34,84,36,16,20,48,41,2,1,4,0
S01009141,35 to 49,150,50,34,16,100,61,1,18,20,0
S01009141,50 to 64,116,35,25,10,81,17,0,23,32,9
S01009141,65 to 74,54,14,13,1,40,7,0,2,15,16
S01009141,75 to 84,31,5,5,0,26,1,0,2,4,19
S01009141,85 and over,19,2,2,0,17,4,0,0,0,13
S01009142,All HRPs,393,111,76,35,282,127,3,31,64,57
S01009142,24 and under,24,5,0,5,19,19,0,0,0,0
S01009142,25 to 34,72,25,9,16,47,42,0,3,2,0
S01009142,35 to 49,117,38,27,11,79,35,3,14,24,3
S01009142,50 to 64,92,19,16,3,73,24,0,11,29,9
S01009142,65 to 74,37,13,13,0,24,3,0,2,6,13
S01009142,75 to 84,34,10,10,0,24,4,0,1,3,16
S01009142,85 and over,17,1,1,0,16,0,0,0,0,16
S01009143,All HRPs,312,107,75,32,205,86,2,14,48,55
S01009143,24 and under,13,3,1,2,10,9,0,1,0,0
S01009143,25 to 34,32,13,4,9,19,17,0,1,1,0
S01009143,35 to 49,92,32,16,16,60,33,2,4,21,0
S01009143,50 to 64,72,29,26,3,43,13,0,5,19,6
S01009143,65 to 74,46,20,18,2,26,7,0,3,7,9
S01009143,75 to 84,36,9,9,0,27,5,0,0,0,22
S01009143,85 and over,21,1,1,0,20,2,0,0,0,18
S01009144,All HRPs,306,179,111,68,127,78,2,12,27,8
S01009144,24 and under,23,10,0,10,13,13,0,0,0,0
S01009144,25 to 34,105,57,22,35,48,41,1,1,5,0
S01009144,35 to 49,115,71,50,21,44,22,0,7,14,1
S01009144,50 to 64,48,33,31,2,15,2,1,3,8,1
S01009144,65 to 74,12,7,7,0,5,0,0,1,0,4
S01009144,75 to 84,1,1,1,0,0,0,0,0,0,0
S01009144,85 and over,2,0,0,0,2,0,0,0,0,2
S01009145,All HRPs,497,268,222,46,229,78,7,22,51,71
S01009145,24 and under,9,4,0,4,5,5,0,0,0,0
S01009145,25 to 34,72,35,14,21,37,28,3,3,3,0
S01009145,35 to 49,116,61,50,11,55,30,2,10,12,1
S01009145,50 to 64,135,81,74,7,54,12,2,7,27,6
S01009145,65 to 74,100,65,63,2,35,2,0,1,5,27
S01009145,75 to 84,54,18,17,1,36,1,0,1,4,30
S01009145,85 and over,11,4,4,0,7,0,0,0,0,7
S01009146,All HRPs,417,197,144,53,220,99,3,18,59,41
S01009146,24 and under,21,6,0,6,15,15,0,0,0,0
S01009146,25 to 34,74,41,21,20,33,31,0,2,0,0
S01009146,35 to 49,130,59,41,18,71,34,1,12,24,0
S01009146,50 to 64,106,58,50,8,48,11,0,3,24,10
S01009146,65 to 74,44,21,20,1,23,4,0,1,7,11
S01009146,75 to 84,37,12,12,0,25,2,2,0,4,17
S01009146,85 and over,5,0,0,0,5,2,0,0,0,3
S01009147,All HRPs,353,167,127,40,186,81,1,19,41,44
S01009147,24 and under,19,2,0,2,17,15,0,2,0,0
S01009147,25 to 34,61,27,17,10,34,30,0,2,2,0
S01009147,35 to 49,108,58,33,25,50,21,0,8,15,6
S01009147,50 to 64,72,39,37,2,33,7,0,6,15,5
S01009147,65 to 74,41,20,20,0,21,5,1,0,5,10
S01009147,75 to 84,40,18,17,1,22,1,0,1,4,16
S01009147,85 and over,12,3,3,0,9,2,0,0,0,7
S01009148,All HRPs,260,160,125,35,100,35,2,15,21,27
S01009148,24 and under,8,2,0,2,6,6,0,0,0,0
S01009148,25 to 34,21,12,4,8,9,8,0,0,1,0
S01009148,35 to 49,95,61,45,16,34,15,2,7,9,1
S01009148,50 to 64,71,49,42,7,22,5,0,7,9,1
S01009148,65 to 74,38,26,24,2,12,1,0,1,2,8
S01009148,75 to 84,18,8,8,0,10,0,0,0,0,10
S01009148,85 and over,9,2,2,0,7,0,0,0,0,7
S01009149,All HRPs,384,211,166,45,173,74,2,13,40,44
S01009149,24 and under,13,5,0,5,8,7,0,0,1,0
S01009149,25 to 34,66,33,17,16,33,29,1,2,1,0
S01009149,35 to 49,103,68,50,18,35,20,0,6,8,1
S01009149,50 to 64,106,62,56,6,44,8,1,3,26,6
S01009149,65 to 74,41,20,20,0,21,8,0,1,2,10
S01009149,75 to 84,42,21,21,0,21,1,0,1,2,17
S01009149,85 and over,13,2,2,0,11,1,0,0,0,10
S01009150,All HRPs,574,143,134,9,431,70,8,33,119,201
S01009150,24 and under,0,0,0,0,0,0,0,0,0,0
S01009150,25 to 34,2,1,0,1,1,1,0,0,0,0
S01009150,35 to 49,12,3,2,1,9,6,0,2,1,0
S01009150,50 to 64,114,24,22,2,90,26,2,13,40,9
S01009150,65 to 74,201,50,47,3,151,19,3,14,57,58
S01009150,75 to 84,195,56,54,2,139,14,3,4,20,98
S01009150,85 and over,50,9,9,0,41,4,0,0,1,36
S01009151,All HRPs,474,202,162,40,272,76,5,27,33,131
S01009151,24 and under,14,4,0,4,10,9,0,0,1,0
S01009151,25 to 34,49,24,5,19,25,24,0,1,0,0
S01009151,35 to 49,90,48,40,8,42,17,1,14,8,2
S01009151,50 to 64,89,51,46,5,38,11,1,6,13,7
S01009151,65 to 74,80,43,40,3,37,6,1,2,7,21
S01009151,75 to 84,91,25,24,1,66,7,0,3,4,52
S01009151,85 and over,61,7,7,0,54,2,2,1,0,49
S01009152,All HRPs,462,125,88,37,337,141,6,36,65,89
S01009152,24 and under,23,8,0,8,15,15,0,0,0,0
S01009152,25 to 34,67,22,6,16,45,39,0,5,1,0
S01009152,35 to 49,99,17,10,7,82,49,4,17,12,0
S01009152,50 to 64,91,19,16,3,72,23,1,7,29,12
S01009152,65 to 74,80,36,33,3,44,7,0,6,11,20
S01009152,75 to 84,80,21,21,0,59,5,0,1,9,44
S01009152,85 and over,22,2,2,0,20,3,1,0,3,13
S01009153,All HRPs,266,110,76,34,156,88,4,12,29,23
S01009153,24 and under,13,7,1,6,6,5,0,1,0,0
S01009153,25 to 34,68,32,15,17,36,35,0,0,0,1
S01009153,35 to 49,84,25,19,6,59,36,2,9,12,0
S01009153,50 to 64,51,24,19,5,27,7,2,2,15,1
S01009153,65 to 74,15,11,11,0,4,0,0,0,1,3
S01009153,75 to 84,21,8,8,0,13,5,0,0,1,7
S01009153,85 and over,14,3,3,0,11,0,0,0,0,11
S01009154,All HRPs,438,238,195,43,200,64,2,17,34,83
S01009154,24 and under,13,7,0,7,6,6,0,0,0,0
S01009154,25 to 34,59,32,14,18,27,25,0,0,2,0
S01009154,35 to 49,120,74,61,13,46,18,1,13,14,0
S01009154,50 to 64,92,58,54,4,34,8,1,3,16,6
S01009154,65 to 74,56,38,37,1,18,3,0,1,0,14
S01009154,75 to 84,67,22,22,0,45,4,0,0,2,39
S01009154,85 and over,31,7,7,0,24,0,0,0,0,24
S01009155,All HRPs,234,145,117,28,89,46,1,8,8,26
S01009155,24 and under,1,0,0,0,1,1,0,0,0,0
S01009155,25 to 34,14,9,2,7,5,5,0,0,0,0
S01009155,35 to 49,91,59,48,11,32,24,1,4,2,1
S01009155,50 to 64,63,44,36,8,19,11,0,3,3,2
S01009155,65 to 74,30,20,19,1,10,2,0,1,3,4
S01009155,75 to 84,26,12,11,1,14,1,0,0,0,13
S01009155,85 and over,9,1,1,0,8,2,0,0,0,6
S01009156,All HRPs,247,150,133,17,97,36,2,3,12,44
S01009156,24 and under,4,3,0,3,1,1,0,0,0,0
S01009156,25 to 34,17,8,5,3,9,9,0,0,0,0
S01009156,35 to 49,65,48,41,7,17,11,0,0,4,2
S01009156,50 to 64,76,51,47,4,25,8,0,2,8,7
S01009156,65 to 74,29,21,21,0,8,1,1,1,0,5
S01009156,75 to 84,42,15,15,0,27,5,1,0,0,21
S01009156,85 and over,14,4,4,0,10,1,0,0,0,9
S01009157,All HRPs,366,196,166,30,170,31,4,19,48,68
S01009157,24 and under,5,0,0,0,5,4,0,0,1,0
S01009157,25 to 34,27,15,9,6,12,9,0,2,1,0
S01009157,35 to 49,114,71,52,19,43,13,0,11,18,1
S01009157,50 to 64,106,63,58,5,43,5,0,6,21,11
S01009157,65 to 74,53,28,28,0,25,0,0,0,4,21
S01009157,75 to 84,46,17,17,0,29,0,2,0,3,24
S01009157,85 and over,15,2,2,0,13,0,2,0,0,11
S01009158,All HRPs,277,138,93,45,139,40,4,13,31,51
S01009158,24 and under,6,2,0,2,4,2,0,0,2,0
S01009158,25 to 34,61,39,19,20,22,18,1,2,1,0
S01009158,35 to 49,64,36,21,15,28,11,0,5,12,0
S01009158,50 to 64,54,32,28,4,22,5,1,3,10,3
S01009158,65 to 74,33,14,13,1,19,2,1,2,3,11
S01009158,75 to 84,39,13,10,3,26,2,1,0,3,20
S01009158,85 and over,20,2,2,0,18,0,0,1,0,17
S01009159,All HRPs,250,80,55,25,170,68,0,17,66,19
S01009159,24 and under,17,4,2,2,13,13,0,0,0,0
S01009159,25 to 34,31,6,0,6,25,22,0,2,1,0
S01009159,35 to 49,86,31,20,11,55,21,0,11,23,0
S01009159,50 to 64,65,25,21,4,40,5,0,2,31,2
S01009159,65 to 74,35,9,7,2,26,3,0,2,10,11
S01009159,75 to 84,15,5,5,0,10,4,0,0,1,5
S01009159,85 and over,1,0,0,0,1,0,0,0,0,1
S01009160,All HRPs,327,142,97,45,185,82,2,23,51,27
S01009160,24 and under,9,4,0,4,5,5,0,0,0,0
S01009160,25 to 34,59,25,9,16,34,29,0,4,1,0
S01009160,35 to 49,105,42,27,15,63,30,2,8,23,0
S01009160,50 to 64,88,39,32,7,49,12,0,10,22,5
S01009160,65 to 74,42,22,19,3,20,5,0,1,5,9
S01009160,75 to 84,21,10,10,0,11,1,0,0,0,10
S01009160,85 and over,3,0,0,0,3,0,0,0,0,3
S01009161,All HRPs,349,121,83,38,228,83,3,21,67,54
S01009161,24 and under,25,8,0,8,17,16,0,1,0,0
S01009161,25 to 34,50,20,8,12,30,27,0,1,2,0
S01009161,35 to 49,82,32,20,12,50,23,2,10,15,0
S01009161,50 to 64,83,30,25,5,53,11,0,7,29,6
S01009161,65 to 74,52,14,13,1,38,4,0,1,18,15
S01009161,75 to 84,41,14,14,0,27,2,1,1,1,22
S01009161,85 and over,16,3,3,0,13,0,0,0,2,11
S01009162,All HRPs,436,144,94,50,292,134,5,19,81,53
S01009162,24 and under,24,9,0,9,15,15,0,0,0,0
S01009162,25 to 34,69,33,15,18,36,34,0,2,0,0
S01009162,35 to 49,128,40,21,19,88,52,2,5,28,1
S01009162,50 to 64,112,38,34,4,74,17,2,7,37,11
S01009162,65 to 74,48,16,16,0,32,5,0,4,11,12
S01009162,75 to 84,39,5,5,0,34,9,1,1,5,18
S01009162,85 and over,16,3,3,0,13,2,0,0,0,11
S01009163,All HRPs,233,107,85,22,126,43,1,7,37,38
S01009163,24 and under,6,3,0,3,3,3,0,0,0,0
S01009163,25 to 34,25,12,4,8,13,11,1,0,1,0
S01009163,35 to 49,56,25,18,7,31,14,0,4,13,0
S01009163,50 to 64,69,37,33,4,32,9,0,3,17,3
S01009163,65 to 74,34,16,16,0,18,3,0,0,5,10
S01009163,75 to 84,35,12,12,0,23,3,0,0,1,19
S01009163,85 and over,8,2,2,0,6,0,0,0,0,6
S01009164,All HRPs,307,180,140,40,127,32,4,9,41,41
S01009164,24 and under,7,4,1,3,3,2,1,0,0,0
S01009164,25 to 34,46,27,13,14,19,14,0,2,3,0
S01009164,35 to 49,89,62,42,20,27,8,0,4,14,1
S01009164,50 to 64,82,51,49,2,31,5,2,1,17,6
S01009164,65 to 74,50,27,26,1,23,0,1,1,5,16
S01009164,75 to 84,25,7,7,0,18,3,0,1,2,12
S01009164,85 and over,8,2,2,0,6,0,0,0,0,6
S01009165,All HRPs,324,147,108,39,177,73,5,17,48,34
S01009165,24 and under,15,6,0,6,9,9,0,0,0,0
S01009165,25 to 34,53,21,9,12,32,27,1,0,4,0
S01009165,35 to 49,103,52,36,16,51,26,1,7,17,0
S01009165,50 to 64,85,37,32,5,48,7,0,7,24,10
S01009165,65 to 74,30,16,16,0,14,2,0,3,1,8
S01009165,75 to 84,23,11,11,0,12,2,2,0,2,6
S01009165,85 and over,15,4,4,0,11,0,1,0,0,10
S01009166,All HRPs,399,164,112,52,235,97,4,19,50,65
S01009166,24 and under,28,10,1,9,18,18,0,0,0,0
S01009166,25 to 34,59,26,13,13,33,31,0,1,1,0
S01009166,35 to 49,110,49,35,14,61,32,1,6,21,1
S01009166,50 to 64,115,54,40,14,61,11,2,11,22,15
S01009166,65 to 74,45,15,13,2,30,3,1,1,4,21
S01009166,75 to 84,28,7,7,0,21,1,0,0,2,18
S01009166,85 and over,14,3,3,0,11,1,0,0,0,10
S01009167,All HRPs,198,115,92,23,83,32,2,5,23,21
S01009167,24 and under,3,1,1,0,2,2,0,0,0,0
S01009167,25 to 34,26,14,8,6,12,10,0,0,2,0
S01009167,35 to 49,74,41,31,10,33,16,0,4,12,1
S01009167,50 to 64,54,38,33,5,16,3,1,1,8,3
S01009167,65 to 74,23,15,13,2,8,0,0,0,1,7
S01009167,75 to 84,16,6,6,0,10,1,1,0,0,8
S01009167,85 and over,2,0,0,0,2,0,0,0,0,2
S01009168,All HRPs,297,183,166,17,114,42,1,8,24,39
S01009168,24 and under,7,3,1,2,4,4,0,0,0,0
S01009168,25 to 34,23,9,5,4,14,13,0,0,1,0
S01009168,35 to 49,63,44,40,4,19,11,0,4,4,0
S01009168,50 to 64,104,71,64,7,33,8,0,3,13,9
S01009168,65 to 74,60,37,37,0,23,4,1,1,5,12
S01009168,75 to 84,32,15,15,0,17,2,0,0,1,14
S01009168,85 and over,8,4,4,0,4,0,0,0,0,4
S01009169,All HRPs,420,155,132,23,265,62,5,29,56,113
S01009169,24 and under,9,1,0,1,8,8,0,0,0,0
S01009169,25 to 34,26,13,7,6,13,7,0,5,1,0
S01009169,35 to 49,58,33,25,8,25,12,0,8,4,1
S01009169,50 to 64,101,44,39,5,57,12,1,8,26,10
S01009169,65 to 74,102,34,33,1,68,11,3,8,18,28
S01009169,75 to 84,95,24,23,1,71,10,1,0,6,54
S01009169,85 and over,29,6,5,1,23,2,0,0,1,20
S01009170,All HRPs,282,162,119,43,120,44,1,16,39,20
S01009170,24 and under,8,2,1,1,6,6,0,0,0,0
S01009170,25 to 34,47,27,9,18,20,17,0,2,1,0
S01009170,35 to 49,93,52,37,15,41,14,0,10,17,0
S01009170,50 to 64,83,57,50,7,26,4,1,2,15,4
S01009170,65 to 74,42,21,19,2,21,3,0,2,6,10
S01009170,75 to 84,6,2,2,0,4,0,0,0,0,4
S01009170,85 and over,3,1,1,0,2,0,0,0,0,2
S01009171,All HRPs,297,152,111,41,145,67,0,19,37,22
S01009171,24 and under,11,0,0,0,11,11,0,0,0,0
S01009171,25 to 34,60,34,12,22,26,23,0,3,0,0
S01009171,35 to 49,101,51,36,15,50,24,0,6,17,3
S01009171,50 to 64,85,47,44,3,38,8,0,9,17,4
S01009171,65 to 74,30,17,16,1,13,0,0,1,2,10
S01009171,75 to 84,8,3,3,0,5,1,0,0,0,4
S01009171,85 and over,2,0,0,0,2,0,0,0,1,1
S01009172,All HRPs,288,195,165,30,93,36,4,5,10,38
S01009172,24 and under,9,3,0,3,6,5,0,1,0,0
S01009172,25 to 34,27,15,8,7,12,10,0,0,2,0
S01009172,35 to 49,90,75,62,13,15,9,1,2,3,0
S01009172,50 to 64,82,65,59,6,17,6,2,1,4,4
S01009172,65 to 74,36,27,27,0,9,2,0,1,1,5
S01009172,75 to 84,33,6,5,1,27,3,1,0,0,23
S01009172,85 and over,11,4,4,0,7,1,0,0,0,6
S01009173,All HRPs,309,222,202,20,87,25,2,14,15,31
S01009173,24 and under,1,0,0,0,1,1,0,0,0,0
S01009173,25 to 34,24,19,13,6,5,4,0,1,0,0
S01009173,35 to 49,110,80,71,9,30,11,1,8,9,1
S01009173,50 to 64,95,75,70,5,20,6,1,3,5,5
S01009173,65 to 74,48,37,37,0,11,1,0,2,0,8
S01009173,75 to 84,23,9,9,0,14,1,0,0,1,12
S01009173,85 and over,8,2,2,0,6,1,0,0,0,5
S01009174,All HRPs,162,140,123,17,22,8,0,3,8,3
S01009174,24 and under,2,1,1,0,1,1,0,0,0,0
S01009174,25 to 34,33,31,25,6,2,2,0,0,0,0
S01009174,35 to 49,93,80,71,9,13,5,0,2,6,0
S01009174,50 to 64,29,26,24,2,3,0,0,1,1,1
S01009174,65 to 74,5,2,2,0,3,0,0,0,1,2
S01009174,75 to 84,0,0,0,0,0,0,0,0,0,0
S01009174,85 and over,0,0,0,0,0,0,0,0,0,0
S01009175,All HRPs,300,235,212,23,65,25,1,18,16,5
S01009175,24 and under,2,1,1,0,1,1,0,0,0,0
S01009175,25 to 34,38,25,21,4,13,9,0,2,1,1
S01009175,35 to 49,148,111,95,16,37,13,1,13,9,1
S01009175,50 to 64,94,84,81,3,10,1,0,3,5,1
S01009175,65 to 74,13,11,11,0,2,1,0,0,1,0
S01009175,75 to 84,5,3,3,0,2,0,0,0,0,2
S01009175,85 and over,0,0,0,0,0,0,0,0,0,0
S01009176,All HRPs,400,284,261,23,116,9,6,14,15,72
S01009176,24 and under,0,0,0,0,0,0,0,0,0,0
S01009176,25 to 34,13,12,9,3,1,1,0,0,0,0
S01009176,35 to 49,127,110,95,15,17,4,0,9,4,0
S01009176,50 to 64,111,82,77,5,29,2,5,5,7,10
S01009176,65 to 74,53,38,38,0,15,0,1,0,1,13
S01009176,75 to 84,76,40,40,0,36,2,0,0,3,31
S01009176,85 and over,20,2,2,0,18,0,0,0,0,18
S01009177,All HRPs,367,175,137,38,192,78,3,25,58,28
S01009177,24 and under,19,6,0,6,13,13,0,0,0,0
S01009177,25 to 34,66,25,11,14,41,36,0,5,0,0
S01009177,35 to 49,105,47,34,13,58,19,2,14,22,1
S01009177,50 to 64,128,73,68,5,55,10,0,5,32,8
S01009177,65 to 74,34,18,18,0,16,0,0,1,3,12
S01009177,75 to 84,12,5,5,0,7,0,1,0,0,6
S01009177,85 and over,3,1,1,0,2,0,0,0,1,1
S01009178,All HRPs,320,141,104,37,179,89,2,24,39,25
S01009178,24 and under,20,4,1,3,16,15,0,1,0,0
S01009178,25 to 34,68,32,15,17,36,30,0,4,2,0
S01009178,35 to 49,108,44,34,10,64,36,0,12,14,2
S01009178,50 to 64,89,47,42,5,42,6,1,7,20,8
S01009178,65 to 74,21,11,10,1,10,1,0,0,2,7
S01009178,75 to 84,10,3,2,1,7,1,1,0,1,4
S01009178,85 and over,4,0,0,0,4,0,0,0,0,4
S01009179,All HRPs,273,162,142,20,111,47,0,11,31,22
S01009179,24 and under,9,3,1,2,6,6,0,0,0,0
S01009179,25 to 34,39,19,13,6,20,17,0,2,1,0
S01009179,35 to 49,79,47,39,8,32,13,0,8,11,0
S01009179,50 to 64,107,73,69,4,34,7,0,1,15,11
S01009179,65 to 74,26,16,16,0,10,1,0,0,3,6
S01009179,75 to 84,8,4,4,0,4,1,0,0,1,2
S01009179,85 and over,5,0,0,0,5,2,0,0,0,3
S01009180,All HRPs,437,225,186,39,212,76,3,18,66,49
S01009180,24 and under,20,9,1,8,11,11,0,0,0,0
S01009180,25 to 34,64,40,23,17,24,22,0,0,2,0
S01009180,35 to 49,115,60,51,9,55,27,0,7,19,2
S01009180,50 to 64,135,67,63,4,68,9,0,10,38,11
S01009180,65 to 74,50,35,34,1,15,2,0,1,5,7
S01009180,75 to 84,33,11,11,0,22,4,1,0,2,15
S01009180,85 and over,20,3,3,0,17,1,2,0,0,14
S01009181,All HRPs,361,208,172,36,153,56,1,17,32,47
S01009181,24 and under,8,0,0,0,8,7,0,1,0,0
S01009181,25 to 34,40,21,13,8,19,17,0,1,1,0
S01009181,35 to 49,119,75,57,18,44,17,0,8,16,3
S01009181,50 to 64,92,61,51,10,31,8,0,7,13,3
S01009181,65 to 74,57,37,37,0,20,3,0,0,0,17
S01009181,75 to 84,34,12,12,0,22,2,1,0,2,17
S01009181,85 and over,11,2,2,0,9,2,0,0,0,7
S01009182,All HRPs,419,263,224,39,156,54,0,10,46,46
S01009182,24 and under,4,0,0,0,4,4,0,0,0,0
S01009182,25 to 34,59,34,18,16,25,23,0,1,1,0
S01009182,35 to 49,137,90,75,15,47,20,0,7,20,0
S01009182,50 to 64,129,98,90,8,31,5,0,0,23,3
S01009182,65 to 74,46,29,29,0,17,1,0,1,0,15
S01009182,75 to 84,31,12,12,0,19,0,0,1,2,16
S01009182,85 and over,13,0,0,0,13,1,0,0,0,12
S01009183,All HRPs,267,205,179,26,62,17,0,14,17,14
S01009183,24 and under,0,0,0,0,0,0,0,0,0,0
S01009183,25 to 34,41,31,22,9,10,9,0,0,1,0
S01009183,35 to 49,102,75,66,9,27,5,0,12,8,2
S01009183,50 to 64,91,79,73,6,12,2,0,1,7,2
S01009183,65 to 74,23,14,13,1,9,1,0,1,1,6
S01009183,75 to 84,8,4,3,1,4,0,0,0,0,4
S01009183,85 and over,2,2,2,0,0,0,0,0,0,0
S01009184,All HRPs,376,212,165,47,164,56,2,20,38,48
S01009184,24 and under,11,3,0,3,8,8,0,0,0,0
S01009184,25 to 34,45,28,13,15,17,14,0,2,1,0
S01009184,35 to 49,110,71,52,19,39,16,0,8,15,0
S01009184,50 to 64,100,55,48,7,45,11,2,10,17,5
S01009184,65 to 74,53,35,34,1,18,2,0,0,3,13
S01009184,75 to 84,48,17,16,1,31,5,0,0,2,24
S01009184,85 and over,9,3,2,1,6,0,0,0,0,6
S01009185,All HRPs,354,197,166,31,157,60,4,17,39,37
S01009185,24 and under,18,6,0,6,12,11,0,0,1,0
S01009185,25 to 34,32,15,13,2,17,14,0,2,1,0
S01009185,35 to 49,108,74,60,14,34,13,0,8,11,2
S01009185,50 to 64,112,69,61,8,43,13,1,4,22,3
S01009185,65 to 74,48,23,22,1,25,7,3,1,3,11
S01009185,75 to 84,30,10,10,0,20,2,0,2,1,15
S01009185,85 and over,6,0,0,0,6,0,0,0,0,6
S01009186,All HRPs,312,200,169,31,112,44,0,10,34,24
S01009186,24 and under,4,2,1,1,2,1,0,0,1,0
S01009186,25 to 34,41,24,16,8,17,15,0,1,1,0
S01009186,35 to 49,109,75,63,12,34,15,0,8,11,0
S01009186,50 to 64,76,54,44,10,22,6,0,1,13,2
S01009186,65 to 74,48,29,29,0,19,5,0,0,7,7
S01009186,75 to 84,24,13,13,0,11,2,0,0,1,8
S01009186,85 and over,10,3,3,0,7,0,0,0,0,7
S01009187,All HRPs,215,146,124,22,69,20,2,8,21,18
S01009187,24 and under,1,1,0,1,0,0,0,0,0,0
S01009187,25 to 34,13,9,8,1,4,3,0,1,0,0
S01009187,35 to 49,64,53,38,15,11,6,0,0,5,0
S01009187,50 to 64,83,52,47,5,31,6,2,5,15,3
S01009187,65 to 74,33,20,20,0,13,4,0,1,1,7
S01009187,75 to 84,19,9,9,0,10,1,0,1,0,8
S01009187,85 and over,2,2,2,0,0,0,0,0,0,0
S01009188,All HRPs,383,222,175,47,161,57,4,19,35,46
S01009188,24 and under,11,4,2,2,7,7,0,0,0,0
S01009188,25 to 34,42,24,10,14,18,15,0,1,2,0
S01009188,35 to 49,124,77,59,18,47,22,3,10,11,1
S01009188,50 to 64,117,79,67,12,38,6,1,7,16,8
S01009188,65 to 74,46,26,25,1,20,5,0,1,2,12
S01009188,75 to 84,34,12,12,0,22,2,0,0,3,17
S01009188,85 and over,9,0,0,0,9,0,0,0,1,8
S01009189,All HRPs,336,176,141,35,160,53,3,13,39,52
S01009189,24 and under,20,3,0,3,17,15,0,0,2,0
S01009189,25 to 34,45,33,20,13,12,11,1,0,0,0
S01009189,35 to 49,86,48,37,11,38,11,2,9,16,0
S01009189,50 to 64,100,66,59,7,34,11,0,2,13,8
S01009189,65 to 74,37,13,13,0,24,1,0,0,7,16
S01009189,75 to 84,34,10,10,0,24,3,0,2,1,18
S01009189,85 and over,14,3,2,1,11,1,0,0,0,10
S01009190,All HRPs,309,233,191,42,76,25,0,14,19,18
S01009190,24 and under,2,1,0,1,1,1,0,0,0,0
S01009190,25 to 34,56,46,32,14,10,8,0,1,1,0
S01009190,35 to 49,119,91,72,19,28,9,0,10,9,0
S01009190,50 to 64,82,65,58,7,17,5,0,3,6,3
S01009190,65 to 74,28,18,18,0,10,2,0,0,2,6
S01009190,75 to 84,18,12,11,1,6,0,0,0,1,5
S01009190,85 and over,4,0,0,0,4,0,0,0,0,4
S01009191,All HRPs,229,192,175,17,37,15,0,9,9,4
S01009191,24 and under,2,1,1,0,1,1,0,0,0,0
S01009191,25 to 34,36,28,24,4,8,8,0,0,0,0
S01009191,35 to 49,136,115,105,10,21,6,0,8,6,1
S01009191,50 to 64,50,45,42,3,5,0,0,1,3,1
S01009191,65 to 74,3,2,2,0,1,0,0,0,0,1
S01009191,75 to 84,2,1,1,0,1,0,0,0,0,1
S01009191,85 and over,0,0,0,0,0,0,0,0,0,0
S01009192,All HRPs,258,184,156,28,74,21,2,6,14,31
S01009192,24 and under,5,2,0,2,3,3,0,0,0,0
S01009192,25 to 34,31,26,11,15,5,5,0,0,0,0
S01009192,35 to 49,88,60,50,10,28,11,0,5,11,1
S01009192,50 to 64,62,55,54,1,7,2,0,1,3,1
S01009192,65 to 74,41,27,27,0,14,0,1,0,0,13
S01009192,75 to 84,28,14,14,0,14,0,1,0,0,13
S01009192,85 and over,3,0,0,0,3,0,0,0,0,3
S01009193,All HRPs,127,91,62,29,36,18,0,7,8,3
S01009193,24 and under,6,1,0,1,5,4,0,1,0,0
S01009193,25 to 34,43,32,16,16,11,11,0,0,0,0
S01009193,35 to 49,47,37,27,10,10,3,0,4,3,0
S01009193,50 to 64,28,19,17,2,9,0,0,2,4,3
S01009193,65 to 74,3,2,2,0,1,0,0,0,1,0
S01009193,75 to 84,0,0,0,0,0,0,0,0,0,0
S01009193,85 and over,0,0,0,0,0,0,0,0,0,0
S01009194,All HRPs,323,247,227,20,76,11,2,11,22,30
S01009194,24 and under,1,1,0,1,0,0,0,0,0,0
S01009194,25 to 34,9,6,4,2,3,2,0,0,1,0
S01009194,35 to 49,101,81,70,11,20,3,0,6,9,2
S01009194,50 to 64,124,102,98,4,22,4,0,4,10,4
S01009194,65 to 74,51,38,37,1,13,2,0,1,2,8
S01009194,75 to 84,30,17,16,1,13,0,2,0,0,11
S01009194,85 and over,7,2,2,0,5,0,0,0,0,5
S01009195,All HRPs,353,240,195,45,113,54,1,11,25,22
S01009195,24 and under,6,2,0,2,4,4,0,0,0,0
S01009195,25 to 34,73,50,33,17,23,22,0,0,1,0
S01009195,35 to 49,146,113,93,20,33,18,0,7,8,0
S01009195,50 to 64,65,40,37,3,25,5,1,4,13,2
S01009195,65 to 74,30,18,17,1,12,4,0,0,3,5
S01009195,75 to 84,27,16,14,2,11,1,0,0,0,10
S01009195,85 and over,6,1,1,0,5,0,0,0,0,5
S01009196,All HRPs,298,171,145,26,127,35,1,6,33,52
S01009196,24 and under,7,2,0,2,5,5,0,0,0,0
S01009196,25 to 34,22,13,7,6,9,7,0,0,2,0
S01009196,35 to 49,84,57,46,11,27,9,0,6,11,1
S01009196,50 to 64,79,60,53,7,19,6,0,0,9,4
S01009196,65 to 74,56,30,30,0,26,5,0,0,8,13
S01009196,75 to 84,35,7,7,0,28,3,1,0,3,21
S01009196,85 and over,15,2,2,0,13,0,0,0,0,13
S01009197,All HRPs,401,295,254,41,106,40,1,16,16,33
S01009197,24 and under,3,2,0,2,1,1,0,0,0,0
S01009197,25 to 34,45,34,26,8,11,10,0,1,0,0
S01009197,35 to 49,177,136,112,24,41,19,0,12,8,2
S01009197,50 to 64,107,87,80,7,20,6,0,2,6,6
S01009197,65 to 74,30,25,25,0,5,0,0,0,1,4
S01009197,75 to 84,31,11,11,0,20,2,1,1,1,15
S01009197,85 and over,8,0,0,0,8,2,0,0,0,6
S01009198,All HRPs,306,207,180,27,99,24,2,9,31,33
S01009198,24 and under,4,3,0,3,1,1,0,0,0,0
S01009198,25 to 34,28,18,11,7,10,9,0,0,1,0
S01009198,35 to 49,78,61,51,10,17,8,0,3,6,0
S01009198,50 to 64,112,83,79,4,29,3,2,5,15,4
S01009198,65 to 74,41,23,22,1,18,1,0,1,6,10
S01009198,75 to 84,32,16,14,2,16,1,0,0,3,12
S01009198,85 and over,11,3,3,0,8,1,0,0,0,7
S01009199,All HRPs,248,160,137,23,88,26,0,13,15,34
S01009199,24 and under,3,3,0,3,0,0,0,0,0,0
S01009199,25 to 34,25,15,8,7,10,9,0,1,0,0
S01009199,35 to 49,93,72,62,10,21,9,0,8,4,0
S01009199,50 to 64,67,48,45,3,19,3,0,4,7,5
S01009199,65 to 74,27,16,16,0,11,4,0,0,2,5
S01009199,75 to 84,24,6,6,0,18,1,0,0,1,16
S01009199,85 and over,9,0,0,0,9,0,0,0,1,8
S01009200,All HRPs,439,324,285,39,115,32,2,17,29,35
S01009200,24 and under,11,5,3,2,6,6,0,0,0,0
S01009200,25 to 34,58,46,32,14,12,9,0,2,1,0
S01009200,35 to 49,152,114,96,18,38,8,1,12,15,2
S01009200,50 to 64,120,97,92,5,23,8,1,3,9,2
S01009200,65 to 74,56,42,42,0,14,1,0,0,3,10
S01009200,75 to 84,34,17,17,0,17,0,0,0,1,16
S01009200,85 and over,8,3,3,0,5,0,0,0,0,5
S01009201,All HRPs,268,147,122,25,121,47,1,18,34,21
S01009201,24 and under,5,1,0,1,4,4,0,0,0,0
S01009201,25 to 34,44,23,15,8,21,18,0,2,1,0
S01009201,35 to 49,96,52,39,13,44,17,1,8,18,0
S01009201,50 to 64,86,55,52,3,31,7,0,5,13,6
S01009201,65 to 74,26,15,15,0,11,0,0,3,2,6
S01009201,75 to 84,8,1,1,0,7,1,0,0,0,6
S01009201,85 and over,3,0,0,0,3,0,0,0,0,3
S01009202,All HRPs,190,151,135,16,39,8,2,5,9,15
S01009202,24 and under,1,0,0,0,1,1,0,0,0,0
S01009202,25 to 34,14,12,6,6,2,2,0,0,0,0
S01009202,35 to 49,86,75,69,6,11,2,0,5,4,0
S01009202,50 to 64,52,41,37,4,11,3,0,0,5,3
S01009202,65 to 74,15,12,12,0,3,0,0,0,0,3
S01009202,75 to 84,18,11,11,0,7,0,1,0,0,6
S01009202,85 and over,4,0,0,0,4,0,1,0,0,3
S01009203,All HRPs,269,133,105,28,136,49,1,8,34,44
S01009203,24 and under,11,4,0,4,7,7,0,0,0,0
S01009203,25 to 34,28,17,12,5,11,9,0,2,0,0
S01009203,35 to 49,83,44,32,12,39,18,0,4,17,0
S01009203,50 to 64,64,31,26,5,33,10,0,2,12,9
S01009203,65 to 74,43,26,26,0,17,3,0,0,3,11
S01009203,75 to 84,31,10,8,2,21,2,1,0,2,16
S01009203,85 and over,9,1,1,0,8,0,0,0,0,8
S01009204,All HRPs,343,198,162,36,145,52,3,21,44,25
S01009204,24 and under,11,4,1,3,7,7,0,0,0,0
S01009204,25 to 34,50,32,17,15,18,12,0,2,4,0
S01009204,35 to 49,142,81,67,14,61,25,1,15,18,2
S01009204,50 to 64,95,60,56,4,35,4,2,3,19,7
S01009204,65 to 74,25,16,16,0,9,1,0,0,2,6
S01009204,75 to 84,15,4,4,0,11,3,0,1,1,6
S01009204,85 and over,5,1,1,0,4,0,0,0,0,4
S01009205,All HRPs,307,198,172,26,109,41,3,10,32,23
S01009205,24 and under,6,1,0,1,5,5,0,0,0,0
S01009205,25 to 34,60,37,22,15,23,21,0,0,2,0
S01009205,35 to 49,81,51,48,3,30,14,2,2,11,1
S01009205,50 to 64,117,91,86,5,26,1,0,8,12,5
S01009205,65 to 74,25,12,10,2,13,0,0,0,5,8
S01009205,75 to 84,11,4,4,0,7,0,1,0,1,5
S01009205,85 and over,7,2,2,0,5,0,0,0,1,4
S01009206,All HRPs,362,234,191,43,128,68,1,11,23,25
S01009206,24 and under,4,3,0,3,1,1,0,0,0,0
S01009206,25 to 34,70,32,19,13,38,35,0,0,3,0
S01009206,35 to 49,121,82,65,17,39,21,1,6,10,1
S01009206,50 to 64,111,87,79,8,24,8,0,3,9,4
S01009206,65 to 74,37,22,20,2,15,3,0,2,1,9
S01009206,75 to 84,16,6,6,0,10,0,0,0,0,10
S01009206,85 and over,3,2,2,0,1,0,0,0,0,1
S01009207,All HRPs,375,239,218,21,136,52,2,15,30,37
S01009207,24 and under,1,0,0,0,1,1,0,0,0,0
S01009207,25 to 34,45,20,13,7,25,22,0,3,0,0
S01009207,35 to 49,77,46,40,6,31,16,1,6,7,1
S01009207,50 to 64,136,101,95,6,35,11,1,4,17,2
S01009207,65 to 74,70,49,48,1,21,2,0,2,4,13
S01009207,75 to 84,34,21,21,0,13,0,0,0,2,11
S01009207,85 and over,12,2,1,1,10,0,0,0,0,10
S01009208,All HRPs,294,170,159,11,124,35,4,14,26,45
S01009208,24 and under,5,2,0,2,3,3,0,0,0,0
S01009208,25 to 34,21,12,11,1,9,8,1,0,0,0
S01009208,35 to 49,61,42,37,5,19,12,0,5,2,0
S01009208,50 to 64,96,62,59,3,34,6,1,5,16,6
S01009208,65 to 74,62,32,32,0,30,4,0,3,7,16
S01009208,75 to 84,33,14,14,0,19,1,0,1,1,16
S01009208,85 and over,16,6,6,0,10,1,2,0,0,7
S01009209,All HRPs,304,163,136,27,141,41,2,15,33,50
S01009209,24 and under,4,1,0,1,3,3,0,0,0,0
S01009209,25 to 34,29,16,5,11,13,10,0,1,2,0
S01009209,35 to 49,63,30,23,7,33,14,0,7,10,2
S01009209,50 to 64,103,66,59,7,37,8,2,6,14,7
S01009209,65 to 74,40,28,27,1,12,3,0,0,3,6
S01009209,75 to 84,47,17,17,0,30,1,0,1,3,25
S01009209,85 and over,18,5,5,0,13,2,0,0,1,10
S01009210,All HRPs,234,170,150,20,64,18,1,12,14,19
S01009210,24 and under,2,1,0,1,1,1,0,0,0,0
S01009210,25 to 34,16,13,9,4,3,2,0,1,0,0
S01009210,35 to 49,75,56,47,9,19,6,1,4,7,1
S01009210,50 to 64,77,63,57,6,14,4,0,4,5,1
S01009210,65 to 74,33,25,25,0,8,3,0,2,0,3
S01009210,75 to 84,26,11,11,0,15,1,0,1,2,11
S01009210,85 and over,5,1,1,0,4,1,0,0,0,3
S01009211,All HRPs,259,155,112,43,104,44,1,13,22,24
S01009211,24 and under,3,0,0,0,3,3,0,0,0,0
S01009211,25 to 34,51,29,6,23,22,21,0,1,0,0
S01009211,35 to 49,87,53,43,10,34,15,0,7,10,2
S01009211,50 to 64,71,46,36,10,25,3,1,3,10,8
S01009211,65 to 74,22,15,15,0,7,0,0,2,2,3
S01009211,75 to 84,19,10,10,0,9,1,0,0,0,8
S01009211,85 and over,6,2,2,0,4,1,0,0,0,3
S01009212,All HRPs,363,203,163,40,160,56,3,16,37,48
S01009212,24 and under,13,4,0,4,9,8,0,1,0,0
S01009212,25 to 34,44,26,12,14,18,13,0,4,1,0
S01009212,35 to 49,81,43,33,10,38,16,0,8,13,1
S01009212,50 to 64,111,71,62,9,40,9,1,2,17,11
S01009212,65 to 74,61,39,37,2,22,4,1,1,5,11
S01009212,75 to 84,39,18,18,0,21,4,0,0,1,16
S01009212,85 and over,14,2,1,1,12,2,1,0,0,9
S01009213,All HRPs,355,185,136,49,170,54,1,21,43,51
S01009213,24 and under,14,6,0,6,8,8,0,0,0,0
S01009213,25 to 34,42,28,11,17,14,10,0,2,2,0
S01009213,35 to 49,116,71,54,17,45,16,1,12,15,1
S01009213,50 to 64,92,51,42,9,41,10,0,7,21,3
S01009213,65 to 74,46,19,19,0,27,5,0,0,3,19
S01009213,75 to 84,36,10,10,0,26,5,0,0,2,19
S01009213,85 and over,9,0,0,0,9,0,0,0,0,9
S01009214,All HRPs,397,267,236,31,130,38,0,16,34,42
S01009214,24 and under,5,1,1,0,4,4,0,0,0,0
S01009214,25 to 34,47,38,21,17,9,8,0,1,0,0
S01009214,35 to 49,130,91,78,13,39,16,0,9,13,1
S01009214,50 to 64,126,91,90,1,35,6,0,6,16,7
S01009214,65 to 74,49,30,30,0,19,3,0,0,5,11
S01009214,75 to 84,26,12,12,0,14,0,0,0,0,14
S01009214,85 and over,14,4,4,0,10,1,0,0,0,9
S01009215,All HRPs,439,219,173,46,220,75,3,20,60,62
S01009215,24 and under,15,5,0,5,10,9,0,0,0,1
S01009215,25 to 34,49,24,13,11,25,24,0,1,0,0
S01009215,35 to 49,129,71,54,17,58,26,0,8,23,1
S01009215,50 to 64,124,74,64,10,50,6,1,10,24,9
S01009215,65 to 74,60,25,23,2,35,5,1,1,11,17
S01009215,75 to 84,46,16,15,1,30,2,1,0,2,25
S01009215,85 and over,16,4,4,0,12,3,0,0,0,9
S01009216,All HRPs,397,221,181,40,176,62,1,14,44,55
S01009216,24 and under,8,4,0,4,4,4,0,0,0,0
S01009216,25 to 34,39,23,11,12,16,12,0,2,2,0
S01009216,35 to 49,123,69,52,17,54,26,1,5,20,2
S01009216,50 to 64,121,81,76,5,40,10,0,6,15,9
S01009216,65 to 74,53,32,30,2,21,4,0,1,5,11
S01009216,75 to 84,35,11,11,0,24,3,0,0,2,19
S01009216,85 and over,18,1,1,0,17,3,0,0,0,14
S01009217,All HRPs,279,115,82,33,164,69,0,20,40,35
S01009217,24 and under,14,4,0,4,10,10,0,0,0,0
S01009217,25 to 34,48,21,7,14,27,24,0,1,1,1
S01009217,35 to 49,95,45,31,14,50,23,0,9,18,0
S01009217,50 to 64,66,24,23,1,42,6,0,8,16,12
S01009217,65 to 74,31,15,15,0,16,5,0,2,3,6
S01009217,75 to 84,21,6,6,0,15,1,0,0,2,12
S01009217,85 and over,4,0,0,0,4,0,0,0,0,4
S01009218,All HRPs,395,221,189,32,174,43,4,21,27,79
S01009218,24 and under,4,3,0,3,1,1,0,0,0,0
S01009218,25 to 34,26,15,8,7,11,10,0,1,0,0
S01009218,35 to 49,112,73,56,17,39,20,3,8,8,0
S01009218,50 to 64,96,66,62,4,30,4,0,6,11,9
S01009218,65 to 74,65,35,35,0,30,3,1,4,4,18
S01009218,75 to 84,62,25,25,0,37,3,0,0,4,30
S01009218,85 and over,30,4,3,1,26,2,0,2,0,22
S01009219,All HRPs,313,147,116,31,166,50,1,18,32,65
S01009219,24 and under,10,4,0,4,6,6,0,0,0,0
S01009219,25 to 34,32,14,9,5,18,15,0,2,1,0
S01009219,35 to 49,89,45,34,11,44,20,0,10,13,1
S01009219,50 to 64,79,45,36,9,34,7,0,3,14,10
S01009219,65 to 74,45,21,19,2,24,2,0,3,3,16
S01009219,75 to 84,29,9,9,0,20,0,1,0,1,18
S01009219,85 and over,29,9,9,0,20,0,0,0,0,20
S01009220,All HRPs,264,121,99,22,143,53,4,15,31,40
S01009220,24 and under,10,5,1,4,5,5,0,0,0,0
S01009220,25 to 34,38,14,7,7,24,19,1,4,0,0
S01009220,35 to 49,69,27,22,5,42,22,1,6,12,1
S01009220,50 to 64,60,35,30,5,25,2,1,4,12,6
S01009220,65 to 74,41,21,20,1,20,3,0,0,6,11
S01009220,75 to 84,31,15,15,0,16,1,1,1,1,12
S01009220,85 and over,15,4,4,0,11,1,0,0,0,10
S01009221,All HRPs,239,142,106,36,97,25,2,8,21,41
S01009221,24 and under,8,3,0,3,5,5,0,0,0,0
S01009221,25 to 34,28,23,11,12,5,3,0,2,0,0
S01009221,35 to 49,67,44,30,14,23,11,1,4,7,0
S01009221,50 to 64,63,39,34,5,24,4,1,0,13,6
S01009221,65 to 74,25,17,16,1,8,2,0,1,0,5
S01009221,75 to 84,34,13,12,1,21,0,0,1,1,19
S01009221,85 and over,14,3,3,0,11,0,0,0,0,11
S01009222,All HRPs,238,112,91,21,126,56,0,13,26,31
S01009222,24 and under,18,3,0,3,15,15,0,0,0,0
S01009222,25 to 34,36,14,6,8,22,20,0,1,1,0
S01009222,35 to 49,75,37,29,8,38,16,0,6,15,1
S01009222,50 to 64,51,35,34,1,16,5,0,4,4,3
S01009222,65 to 74,27,16,15,1,11,0,0,2,3,6
S01009222,75 to 84,19,7,7,0,12,0,0,0,3,9
S01009222,85 and over,12,0,0,0,12,0,0,0,0,12
S01009223,All HRPs,244,137,118,19,107,33,2,4,23,45
S01009223,24 and under,4,2,1,1,2,2,0,0,0,0
S01009223,25 to 34,30,21,13,8,9,8,0,1,0,0
S01009223,35 to 49,58,40,34,6,18,11,1,1,5,0
S01009223,50 to 64,67,38,35,3,29,9,0,2,15,3
S01009223,65 to 74,42,23,22,1,19,0,0,0,3,16
S01009223,75 to 84,33,12,12,0,21,2,1,0,0,18
S01009223,85 and over,10,1,1,0,9,1,0,0,0,8
S01009224,All HRPs,277,141,99,42,136,40,0,13,33,50
S01009224,24 and under,6,1,0,1,5,5,0,0,0,0
S01009224,25 to 34,32,22,5,17,10,9,0,1,0,0
S01009224,35 to 49,85,51,36,15,34,17,0,8,8,1
S01009224,50 to 64,80,44,36,8,36,6,0,3,18,9
S01009224,65 to 74,38,19,18,1,19,3,0,1,4,11
S01009224,75 to 84,26,3,3,0,23,0,0,0,3,20
S01009224,85 and over,10,1,1,0,9,0,0,0,0,9
S01009225,All HRPs,268,132,103,29,136,37,3,15,27,54
S01009225,24 and under,4,2,1,1,2,2,0,0,0,0
S01009225,25 to 34,32,26,12,14,6,6,0,0,0,0
S01009225,35 to 49,63,36,27,9,27,14,0,9,3,1
S01009225,50 to 64,72,42,37,5,30,8,0,3,12,7
S01009225,65 to 74,39,17,17,0,22,4,1,2,5,10
S01009225,75 to 84,42,9,9,0,33,2,2,0,6,23
S01009225,85 and over,16,0,0,0,16,1,0,1,1,13
S01009226,All HRPs,507,211,155,56,296,114,2,20,73,87
S01009226,24 and under,23,9,1,8,14,14,0,0,0,0
S01009226,25 to 34,65,30,13,17,35,31,1,2,0,1
S01009226,35 to 49,120,52,33,19,68,40,1,12,15,0
S01009226,50 to 64,139,69,58,11,70,12,0,5,39,14
S01009226,65 to 74,72,30,29,1,42,8,0,1,12,21
S01009226,75 to 84,72,19,19,0,53,7,0,0,6,40
S01009226,85 and over,16,2,2,0,14,2,0,0,1,11
S01009227,All HRPs,355,129,104,25,226,81,5,13,45,82
S01009227,24 and under,16,6,3,3,10,10,0,0,0,0
S01009227,25 to 34,49,25,11,14,24,23,0,0,1,0
S01009227,35 to 49,54,21,18,3,33,19,2,4,7,1
S01009227,50 to 64,86,43,40,3,43,14,1,5,17,6
S01009227,65 to 74,56,17,16,1,39,8,1,1,15,14
S01009227,75 to 84,65,15,14,1,50,4,1,3,5,37
S01009227,85 and over,29,2,2,0,27,3,0,0,0,24
S01009228,All HRPs,313,128,93,35,185,67,0,14,47,57
S01009228,24 and under,14,10,0,10,4,4,0,0,0,0
S01009228,25 to 34,51,27,14,13,24,16,0,5,3,0
S01009228,35 to 49,80,27,20,7,53,26,0,6,20,1
S01009228,50 to 64,68,37,34,3,31,11,0,2,12,6
S01009228,65 to 74,47,15,14,1,32,6,0,0,10,16
S01009228,75 to 84,40,11,10,1,29,4,0,1,2,22
S01009228,85 and over,13,1,1,0,12,0,0,0,0,12
S01009229,All HRPs,293,134,116,18,159,54,3,16,45,41
S01009229,24 and under,14,5,0,5,9,9,0,0,0,0
S01009229,25 to 34,34,15,6,9,19,18,0,1,0,0
S01009229,35 to 49,78,37,34,3,41,17,2,6,16,0
S01009229,50 to 64,73,39,38,1,34,8,0,8,16,2
S01009229,65 to 74,48,26,26,0,22,1,0,0,11,10
S01009229,75 to 84,35,10,10,0,25,1,1,1,2,20
S01009229,85 and over,11,2,2,0,9,0,0,0,0,9
S01009230,All HRPs,319,128,86,42,191,95,4,11,52,29
S01009230,24 and under,11,2,1,1,9,9,0,0,0,0
S01009230,25 to 34,78,38,19,19,40,30,1,3,5,1
S01009230,35 to 49,96,42,26,16,54,36,0,3,14,1
S01009230,50 to 64,82,25,21,4,57,18,1,5,25,8
S01009230,65 to 74,32,17,17,0,15,0,0,0,7,8
S01009230,75 to 84,16,4,2,2,12,2,1,0,0,9
S01009230,85 and over,4,0,0,0,4,0,1,0,1,2
S01009231,All HRPs,437,257,208,49,180,68,2,18,43,49
S01009231,24 and under,10,5,1,4,5,5,0,0,0,0
S01009231,25 to 34,48,27,11,16,21,19,1,0,1,0
S01009231,35 to 49,127,84,63,21,43,20,0,9,13,1
S01009231,50 to 64,134,84,77,7,50,13,1,7,24,5
S01009231,65 to 74,61,36,35,1,25,5,0,2,4,14
S01009231,75 to 84,44,19,19,0,25,3,0,0,1,21
S01009231,85 and over,13,2,2,0,11,3,0,0,0,8
S01009232,All HRPs,309,93,59,34,216,116,4,15,54,27
S01009232,24 and under,39,8,2,6,31,30,0,1,0,0
S01009232,25 to 34,69,24,10,14,45,39,2,2,2,0
S01009232,35 to 49,102,24,15,9,78,40,0,9,29,0
S01009232,50 to 64,54,22,18,4,32,6,0,3,19,4
S01009232,65 to 74,16,4,4,0,12,0,0,0,3,9
S01009232,75 to 84,22,10,9,1,12,1,2,0,1,8
S01009232,85 and over,7,1,1,0,6,0,0,0,0,6
S01009233,All HRPs,267,138,118,20,129,22,2,9,32,64
S01009233,24 and under,1,1,0,1,0,0,0,0,0,0
S01009233,25 to 34,17,11,7,4,6,6,0,0,0,0
S01009233,35 to 49,66,37,28,9,29,11,0,5,13,0
S01009233,50 to 64,71,46,41,5,25,3,1,4,13,4
S01009233,65 to 74,45,28,27,1,17,0,0,0,3,14
S01009233,75 to 84,56,14,14,0,42,2,1,0,3,36
S01009233,85 and over,11,1,1,0,10,0,0,0,0,10
S01009234,All HRPs,476,188,118,70,288,150,4,21,70,43
S01009234,24 and under,39,9,2,7,30,30,0,0,0,0
S01009234,25 to 34,124,57,22,35,67,55,0,4,8,0
S01009234,35 to 49,141,51,32,19,90,44,1,13,31,1
S01009234,50 to 64,100,44,37,7,56,18,0,4,24,10
S01009234,65 to 74,35,13,11,2,22,3,1,0,6,12
S01009234,75 to 84,28,11,11,0,17,0,2,0,1,14
S01009234,85 and over,9,3,3,0,6,0,0,0,0,6
S01009235,All HRPs,457,208,155,53,249,111,6,26,66,40
S01009235,24 and under,28,8,2,6,20,19,0,0,1,0
S01009235,25 to 34,83,36,13,23,47,42,0,2,2,1
S01009235,35 to 49,140,66,51,15,74,32,2,17,23,0
S01009235,50 to 64,110,60,51,9,50,12,0,6,31,1
S01009235,65 to 74,40,19,19,0,21,3,1,1,7,9
S01009235,75 to 84,47,17,17,0,30,1,2,0,2,25
S01009235,85 and over,9,2,2,0,7,2,1,0,0,4
S01009236,All HRPs,224,129,116,13,95,17,1,7,21,49
S01009236,24 and under,1,1,0,1,0,0,0,0,0,0
S01009236,25 to 34,21,13,9,4,8,6,0,0,2,0
S01009236,35 to 49,49,34,32,2,15,5,0,4,4,2
S01009236,50 to 64,59,38,32,6,21,3,1,2,10,5
S01009236,65 to 74,40,23,23,0,17,2,0,1,3,11
S01009236,75 to 84,40,18,18,0,22,0,0,0,2,20
S01009236,85 and over,14,2,2,0,12,1,0,0,0,11
S01009237,All HRPs,378,228,193,35,150,49,5,7,27,62
S01009237,24 and under,12,3,0,3,9,9,0,0,0,0
S01009237,25 to 34,39,25,9,16,14,12,0,0,2,0
S01009237,35 to 49,106,78,68,10,28,13,0,3,12,0
S01009237,50 to 64,95,68,63,5,27,6,1,4,10,6
S01009237,65 to 74,57,33,32,1,24,3,2,0,3,16
S01009237,75 to 84,49,17,17,0,32,3,2,0,0,27
S01009237,85 and over,20,4,4,0,16,3,0,0,0,13
S01009238,All HRPs,335,186,153,33,149,52,2,13,30,52
S01009238,24 and under,17,5,1,4,12,12,0,0,0,0
S01009238,25 to 34,39,20,8,12,19,19,0,0,0,0
S01009238,35 to 49,81,49,41,8,32,14,0,7,9,2
S01009238,50 to 64,76,42,36,6,34,5,1,6,14,8
S01009238,65 to 74,82,48,46,2,34,2,1,0,6,25
S01009238,75 to 84,39,22,21,1,17,0,0,0,1,16
S01009238,85 and over,1,0,0,0,1,0,0,0,0,1
S01009239,All HRPs,420,184,134,50,236,77,0,18,81,60
S01009239,24 and under,17,8,0,8,9,9,0,0,0,0
S01009239,25 to 34,73,38,20,18,35,29,0,5,1,0
S01009239,35 to 49,130,63,46,17,67,28,0,8,29,2
S01009239,50 to 64,95,44,39,5,51,9,0,3,33,6
S01009239,65 to 74,52,21,19,2,31,1,0,1,14,15
S01009239,75 to 84,42,9,9,0,33,1,0,1,3,28
S01009239,85 and over,11,1,1,0,10,0,0,0,1,9
S01009240,All HRPs,387,95,51,44,292,143,5,28,64,52
S01009240,24 and under,57,12,0,12,45,43,0,1,1,0
S01009240,25 to 34,73,21,3,18,52,47,2,1,2,0
S01009240,35 to 49,107,24,14,10,83,41,2,15,23,2
S01009240,50 to 64,78,24,20,4,54,11,1,8,29,5
S01009240,65 to 74,32,5,5,0,27,0,0,0,8,19
S01009240,75 to 84,34,8,8,0,26,0,0,2,1,23
S01009240,85 and over,6,1,1,0,5,1,0,1,0,3
S01009241,All HRPs,453,165,130,35,288,130,1,25,60,72
S01009241,24 and under,41,6,0,6,35,33,0,1,0,1
S01009241,25 to 34,66,27,9,18,39,34,0,3,2,0
S01009241,35 to 49,142,50,40,10,92,54,0,11,22,5
S01009241,50 to 64,92,40,40,0,52,7,0,8,26,11
S01009241,65 to 74,63,26,26,0,37,2,1,2,9,23
S01009241,75 to 84,40,14,13,1,26,0,0,0,1,25
S01009241,85 and over,9,2,2,0,7,0,0,0,0,7
S01009242,All HRPs,321,210,190,20,111,38,2,11,20,40
S01009242,24 and under,11,2,0,2,9,9,0,0,0,0
S01009242,25 to 34,25,11,8,3,14,13,0,0,1,0
S01009242,35 to 49,88,64,57,7,24,11,0,8,5,0
S01009242,50 to 64,95,68,65,3,27,3,2,2,13,7
S01009242,65 to 74,57,42,40,2,15,2,0,1,0,12
S01009242,75 to 84,38,20,18,2,18,0,0,0,1,17
S01009242,85 and over,7,3,2,1,4,0,0,0,0,4
S01009243,All HRPs,398,254,206,48,144,46,4,17,44,33
S01009243,24 and under,7,5,2,3,2,1,0,1,0,0
S01009243,25 to 34,62,38,17,21,24,19,0,4,1,0
S01009243,35 to 49,132,87,69,18,45,15,2,9,14,5
S01009243,50 to 64,138,88,82,6,50,10,2,3,23,12
S01009243,65 to 74,38,24,24,0,14,0,0,0,4,10
S01009243,75 to 84,18,11,11,0,7,0,0,0,2,5
S01009243,85 and over,3,1,1,0,2,1,0,0,0,1
S01009244,All HRPs,337,258,239,19,79,15,3,4,15,42
S01009244,24 and under,2,1,1,0,1,1,0,0,0,0
S01009244,25 to 34,16,12,7,5,4,4,0,0,0,0
S01009244,35 to 49,100,81,72,9,19,7,1,3,8,0
S01009244,50 to 64,116,99,94,5,17,1,0,1,5,10
S01009244,65 to 74,60,47,47,0,13,0,1,0,1,11
S01009244,75 to 84,35,15,15,0,20,1,0,0,1,18
S01009244,85 and over,8,3,3,0,5,1,1,0,0,3
S01009245,All HRPs,361,242,200,42,119,46,1,7,19,46
S01009245,24 and under,8,5,0,5,3,3,0,0,0,0
S01009245,25 to 34,35,19,12,7,16,16,0,0,0,0
S01009245,35 to 49,102,68,52,16,34,22,0,5,6,1
S01009245,50 to 64,120,91,81,10,29,4,1,1,6,17
S01009245,65 to 74,66,46,44,2,20,0,0,1,5,14
S01009245,75 to 84,25,13,11,2,12,0,0,0,1,11
S01009245,85 and over,5,0,0,0,5,1,0,0,1,3
S01009246,All HRPs,383,195,164,31,188,57,6,18,39,68
S01009246,24 and under,9,3,1,2,6,6,0,0,0,0
S01009246,25 to 34,35,18,8,10,17,15,0,2,0,0
S01009246,35 to 49,102,63,50,13,39,14,1,7,16,1
S01009246,50 to 64,118,68,64,4,50,10,4,9,20,7
S01009246,65 to 74,56,32,30,2,24,6,0,0,1,17
S01009246,75 to 84,34,8,8,0,26,5,0,0,1,20
S01009246,85 and over,29,3,3,0,26,1,1,0,1,23
S01009247,All HRPs,429,260,201,59,169,48,1,29,35,56
S01009247,24 and under,18,5,1,4,13,13,0,0,0,0
S01009247,25 to 34,59,36,16,20,23,15,1,6,1,0
S01009247,35 to 49,119,88,58,30,31,6,0,14,8,3
S01009247,50 to 64,129,87,84,3,42,7,0,8,21,6
S01009247,65 to 74,43,27,26,1,16,3,0,1,4,8
S01009247,75 to 84,39,12,12,0,27,4,0,0,1,22
S01009247,85 and over,22,5,4,1,17,0,0,0,0,17
S01009248,All HRPs,300,189,176,13,111,26,0,17,22,46
S01009248,24 and under,7,1,0,1,6,6,0,0,0,0
S01009248,25 to 34,16,6,2,4,10,7,0,2,1,0
S01009248,35 to 49,83,59,54,5,24,7,0,9,7,1
S01009248,50 to 64,99,73,71,2,26,5,0,4,10,7
S01009248,65 to 74,52,33,33,0,19,0,0,2,3,14
S01009248,75 to 84,36,13,12,1,23,0,0,0,1,22
S01009248,85 and over,7,4,4,0,3,1,0,0,0,2
S01009249,All HRPs,375,170,124,46,205,82,5,17,51,50
S01009249,24 and under,13,5,2,3,8,8,0,0,0,0
S01009249,25 to 34,66,36,17,19,30,25,0,3,2,0
S01009249,35 to 49,108,50,33,17,58,24,4,7,19,4
S01009249,50 to 64,93,47,41,6,46,12,0,6,17,11
S01009249,65 to 74,56,23,22,1,33,8,1,1,9,14
S01009249,75 to 84,29,8,8,0,21,4,0,0,3,14
S01009249,85 and over,10,1,1,0,9,1,0,0,1,7
S01009250,All HRPs,278,159,135,24,119,35,2,12,36,34
S01009250,24 and under,5,1,0,1,4,4,0,0,0,0
S01009250,25 to 34,36,24,17,7,12,10,0,2,0,0
S01009250,35 to 49,70,38,30,8,32,12,0,7,12,1
S01009250,50 to 64,86,55,51,4,31,6,1,3,17,4
S01009250,65 to 74,52,26,24,2,26,1,0,0,6,19
S01009250,75 to 84,26,13,11,2,13,2,1,0,1,9
S01009250,85 and over,3,2,2,0,1,0,0,0,0,1
S01009251,All HRPs,221,151,135,16,70,13,2,7,18,30
S01009251,24 and under,0,0,0,0,0,0,0,0,0,0
S01009251,25 to 34,20,14,10,4,6,6,0,0,0,0
S01009251,35 to 49,57,44,39,5,13,4,0,1,6,2
S01009251,50 to 64,85,63,58,5,22,2,1,3,7,9
S01009251,65 to 74,38,19,17,2,19,0,1,3,5,10
S01009251,75 to 84,16,10,10,0,6,0,0,0,0,6
S01009251,85 and over,5,1,1,0,4,1,0,0,0,3
S01009252,All HRPs,163,131,118,13,32,11,0,3,13,5
S01009252,24 and under,2,0,0,0,2,2,0,0,0,0
S01009252,25 to 34,14,12,6,6,2,2,0,0,0,0
S01009252,35 to 49,74,64,60,4,10,4,0,3,3,0
S01009252,50 to 64,61,47,44,3,14,2,0,0,10,2
S01009252,65 to 74,6,4,4,0,2,1,0,0,0,1
S01009252,75 to 84,4,3,3,0,1,0,0,0,0,1
S01009252,85 and over,2,1,1,0,1,0,0,0,0,1
S01009253,All HRPs,239,104,92,12,135,35,0,14,24,62
S01009253,24 and under,5,2,1,1,3,3,0,0,0,0
S01009253,25 to 34,13,9,5,4,4,3,0,1,0,0
S01009253,35 to 49,51,18,15,3,33,15,0,7,10,1
S01009253,50 to 64,66,38,35,3,28,9,0,3,6,10
S01009253,65 to 74,56,25,25,0,31,2,0,3,7,19
S01009253,75 to 84,36,12,11,1,24,1,0,0,1,22
S01009253,85 and over,12,0,0,0,12,2,0,0,0,10
S01009254,All HRPs,371,176,128,48,195,62,3,23,57,50
S01009254,24 and under,7,4,0,4,3,3,0,0,0,0
S01009254,25 to 34,62,36,17,19,26,19,0,2,5,0
S01009254,35 to 49,97,49,34,15,48,18,1,11,14,4
S01009254,50 to 64,98,45,39,6,53,9,0,8,28,8
S01009254,65 to 74,59,27,26,1,32,7,0,2,8,15
S01009254,75 to 84,39,14,11,3,25,4,2,0,2,17
S01009254,85 and over,9,1,1,0,8,2,0,0,0,6
S01009255,All HRPs,376,127,76,51,249,110,3,24,72,40
S01009255,24 and under,14,4,0,4,10,10,0,0,0,0
S01009255,25 to 34,97,39,14,25,58,49,0,2,7,0
S01009255,35 to 49,124,48,30,18,76,36,0,13,26,1
S01009255,50 to 64,73,25,21,4,48,10,3,5,26,4
S01009255,65 to 74,38,7,7,0,31,2,0,4,11,14
S01009255,75 to 84,13,2,2,0,11,2,0,0,0,9
S01009255,85 and over,17,2,2,0,15,1,0,0,2,12
S01009256,All HRPs,222,142,131,11,80,26,1,6,19,28
S01009256,24 and under,2,0,0,0,2,2,0,0,0,0
S01009256,25 to 34,17,9,6,3,8,8,0,0,0,0
S01009256,35 to 49,53,37,30,7,16,6,0,3,5,2
S01009256,50 to 64,76,52,51,1,24,6,1,2,12,3
S01009256,65 to 74,32,24,24,0,8,2,0,1,2,3
S01009256,75 to 84,28,15,15,0,13,2,0,0,0,11
S01009256,85 and over,14,5,5,0,9,0,0,0,0,9
S01009257,All HRPs,330,169,121,48,161,71,4,19,34,33
S01009257,24 and under,22,10,0,10,12,12,0,0,0,0
S01009257,25 to 34,55,28,8,20,27,23,0,3,1,0
S01009257,35 to 49,82,43,34,9,39,20,1,10,8,0
S01009257,50 to 64,98,54,47,7,44,13,2,6,19,4
S01009257,65 to 74,44,26,25,1,18,1,1,0,4,12
S01009257,75 to 84,25,8,7,1,17,1,0,0,2,14
S01009257,85 and over,4,0,0,0,4,1,0,0,0,3
S01009258,All HRPs,282,188,164,24,94,31,2,6,21,34
S01009258,24 and under,3,1,0,1,2,1,0,1,0,0
S01009258,25 to 34,15,10,4,6,5,4,1,0,0,0
S01009258,35 to 49,81,64,52,12,17,8,1,2,5,1
S01009258,50 to 64,98,71,66,5,27,7,0,2,11,7
S01009258,65 to 74,43,21,21,0,22,10,0,1,4,7
S01009258,75 to 84,29,17,17,0,12,0,0,0,1,11
S01009258,85 and over,13,4,4,0,9,1,0,0,0,8
S01009259,All HRPs,380,278,231,47,102,34,2,6,21,39
S01009259,24 and under,5,3,1,2,2,2,0,0,0,0
S01009259,25 to 34,31,22,12,10,9,9,0,0,0,0
S01009259,35 to 49,124,108,80,28,16,6,2,2,6,0
S01009259,50 to 64,112,85,78,7,27,10,0,3,8,6
S01009259,65 to 74,55,38,38,0,17,2,0,1,7,7
S01009259,75 to 84,42,17,17,0,25,5,0,0,0,20
S01009259,85 and over,11,5,5,0,6,0,0,0,0,6
S01009260,All HRPs,526,272,201,71,254,121,2,19,56,56
S01009260,24 and under,28,10,0,10,18,18,0,0,0,0
S01009260,25 to 34,83,45,21,24,38,35,0,1,2,0
S01009260,35 to 49,182,96,74,22,86,51,1,10,22,2
S01009260,50 to 64,132,76,62,14,56,13,1,8,19,15
S01009260,65 to 74,58,30,29,1,28,2,0,0,9,17
S01009260,75 to 84,32,14,14,0,18,2,0,0,4,12
S01009260,85 and over,11,1,1,0,10,0,0,0,0,10
S01009261,All HRPs,386,164,124,40,222,88,1,21,46,66
S01009261,24 and under,23,7,1,6,16,16,0,0,0,0
S01009261,25 to 34,60,27,11,16,33,29,0,2,2,0
S01009261,35 to 49,76,37,28,9,39,19,0,9,10,1
S01009261,50 to 64,106,50,41,9,56,17,1,7,24,7
S01009261,65 to 74,61,25,25,0,36,6,0,1,4,25
S01009261,75 to 84,44,15,15,0,29,1,0,1,5,22
S01009261,85 and over,16,3,3,0,13,0,0,1,1,11
S01009262,All HRPs,293,99,74,25,194,85,2,19,40,48
S01009262,24 and under,20,4,0,4,16,16,0,0,0,0
S01009262,25 to 34,44,17,11,6,27,24,0,3,0,0
S01009262,35 to 49,82,29,21,8,53,28,0,8,17,0
S01009262,50 to 64,70,27,22,5,43,12,0,7,18,6
S01009262,65 to 74,25,8,8,0,17,3,0,0,5,9
S01009262,75 to 84,39,12,10,2,27,2,1,1,0,23
S01009262,85 and over,13,2,2,0,11,0,1,0,0,10
S01009263,All HRPs,365,221,162,59,144,83,2,20,28,11
S01009263,24 and under,15,4,0,4,11,10,0,1,0,0
S01009263,25 to 34,116,80,47,33,36,32,0,2,2,0
S01009263,35 to 49,136,79,61,18,57,32,0,10,15,0
S01009263,50 to 64,61,37,34,3,24,5,0,6,10,3
S01009263,65 to 74,25,17,16,1,8,2,0,1,1,4
S01009263,75 to 84,6,3,3,0,3,1,0,0,0,2
S01009263,85 and over,6,1,1,0,5,1,2,0,0,2
S01009264,All HRPs,231,158,134,24,73,21,3,3,10,36
S01009264,24 and under,5,3,1,2,2,2,0,0,0,0
S01009264,25 to 34,9,7,4,3,2,2,0,0,0,0
S01009264,35 to 49,57,40,32,8,17,11,1,0,4,1
S01009264,50 to 64,80,62,52,10,18,4,1,3,6,4
S01009264,65 to 74,38,28,27,1,10,2,0,0,0,8
S01009264,75 to 84,33,14,14,0,19,0,1,0,0,18
S01009264,85 and over,9,4,4,0,5,0,0,0,0,5
S01009265,All HRPs,376,190,153,37,186,64,2,14,55,51
S01009265,24 and under,9,2,0,2,7,7,0,0,0,0
S01009265,25 to 34,37,20,7,13,17,15,0,1,0,1
S01009265,35 to 49,110,55,39,16,55,25,0,6,24,0
S01009265,50 to 64,106,67,62,5,39,14,2,6,16,1
S01009265,65 to 74,49,31,30,1,18,0,0,1,8,9
S01009265,75 to 84,47,13,13,0,34,3,0,0,6,25
S01009265,85 and over,18,2,2,0,16,0,0,0,1,15
S01009266,All HRPs,374,230,197,33,144,48,4,10,32,50
S01009266,24 and under,1,0,0,0,1,0,0,1,0,0
S01009266,25 to 34,38,23,10,13,15,12,0,2,1,0
S01009266,35 to 49,93,53,43,10,40,22,1,4,12,1
S01009266,50 to 64,122,85,78,7,37,10,1,3,14,9
S01009266,65 to 74,62,39,36,3,23,3,1,0,4,15
S01009266,75 to 84,49,28,28,0,21,0,1,0,1,19
S01009266,85 and over,9,2,2,0,7,1,0,0,0,6
S01009267,All HRPs,377,192,150,42,185,63,1,22,52,47
S01009267,24 and under,7,4,0,4,3,3,0,0,0,0
S01009267,25 to 34,35,18,9,9,17,16,0,1,0,0
S01009267,35 to 49,111,56,36,20,55,27,0,11,16,1
S01009267,50 to 64,127,71,62,9,56,11,1,9,29,6
S01009267,65 to 74,46,26,26,0,20,2,0,1,7,10
S01009267,75 to 84,36,13,13,0,23,4,0,0,0,19
S01009267,85 and over,15,4,4,0,11,0,0,0,0,11
S01009268,All HRPs,431,249,194,55,182,52,2,35,41,52
S01009268,24 and under,15,8,0,8,7,5,0,2,0,0
S01009268,25 to 34,75,45,20,25,30,20,0,3,6,1
S01009268,35 to 49,144,84,68,16,60,21,0,20,16,3
S01009268,50 to 64,101,63,59,4,38,4,2,9,11,12
S01009268,65 to 74,55,35,33,2,20,1,0,1,5,13
S01009268,75 to 84,31,12,12,0,19,1,0,0,3,15
S01009268,85 and over,10,2,2,0,8,0,0,0,0,8
S01009269,All HRPs,351,178,135,43,173,63,3,24,41,42
S01009269,24 and under,18,6,1,5,12,12,0,0,0,0
S01009269,25 to 34,49,28,11,17,21,18,0,3,0,0
S01009269,35 to 49,125,59,44,15,66,25,0,15,23,3
S01009269,50 to 64,81,51,45,6,30,6,1,5,12,6
S01009269,65 to 74,39,21,21,0,18,2,0,1,6,9
S01009269,75 to 84,27,11,11,0,16,0,0,0,0,16
S01009269,85 and over,12,2,2,0,10,0,2,0,0,8
S01009270,All HRPs,306,114,83,31,192,75,1,23,44,49
S01009270,24 and under,13,3,0,3,10,10,0,0,0,0
S01009270,25 to 34,45,21,6,15,24,21,0,3,0,0
S01009270,35 to 49,85,28,21,7,57,25,0,15,17,0
S01009270,50 to 64,68,35,29,6,33,10,0,3,16,4
S01009270,65 to 74,40,11,11,0,29,6,0,1,8,14
S01009270,75 to 84,41,15,15,0,26,3,1,1,2,19
S01009270,85 and over,14,1,1,0,13,0,0,0,1,12
S01009271,All HRPs,349,261,230,31,88,15,2,12,35,24
S01009271,24 and under,5,1,1,0,4,4,0,0,0,0
S01009271,25 to 34,24,21,9,12,3,2,0,1,0,0
S01009271,35 to 49,108,80,67,13,28,6,0,8,11,3
S01009271,50 to 64,143,113,108,5,30,0,2,3,19,6
S01009271,65 to 74,48,38,37,1,10,1,0,0,3,6
S01009271,75 to 84,13,6,6,0,7,1,0,0,2,4
S01009271,85 and over,8,2,2,0,6,1,0,0,0,5
S01009272,All HRPs,264,161,124,37,103,35,3,12,27,26
S01009272,24 and under,13,5,0,5,8,8,0,0,0,0
S01009272,25 to 34,41,30,16,14,11,10,0,0,1,0
S01009272,35 to 49,79,52,41,11,27,12,1,8,5,1
S01009272,50 to 64,80,53,48,5,27,5,0,4,15,3
S01009272,65 to 74,30,16,14,2,14,0,0,0,6,8
S01009272,75 to 84,15,4,4,0,11,0,2,0,0,9
S01009272,85 and over,6,1,1,0,5,0,0,0,0,5
S01009273,All HRPs,211,151,135,16,60,10,1,8,14,27
S01009273,24 and under,0,0,0,0,0,0,0,0,0,0
S01009273,25 to 34,4,3,3,0,1,1,0,0,0,0
S01009273,35 to 49,51,43,33,10,8,3,0,1,3,1
S01009273,50 to 64,83,66,60,6,17,1,0,5,7,4
S01009273,65 to 74,43,25,25,0,18,1,0,2,3,12
S01009273,75 to 84,23,13,13,0,10,3,1,0,1,5
S01009273,85 and over,7,1,1,0,6,1,0,0,0,5
S01009274,All HRPs,255,171,150,21,84,21,1,11,20,31
S01009274,24 and under,2,1,0,1,1,1,0,0,0,0
S01009274,25 to 34,12,4,3,1,8,4,0,4,0,0
S01009274,35 to 49,72,56,44,12,16,6,0,5,5,0
S01009274,50 to 64,88,64,58,6,24,8,0,2,9,5
S01009274,65 to 74,45,28,28,0,17,1,0,0,6,10
S01009274,75 to 84,30,14,14,0,16,1,1,0,0,14
S01009274,85 and over,6,4,3,1,2,0,0,0,0,2
S01009275,All HRPs,244,158,130,28,86,32,1,12,24,17
S01009275,24 and under,3,1,0,1,2,2,0,0,0,0
S01009275,25 to 34,24,18,8,10,6,6,0,0,0,0
S01009275,35 to 49,80,54,44,10,26,15,0,7,4,0
S01009275,50 to 64,85,56,51,5,29,5,0,4,17,3
S01009275,65 to 74,33,20,19,1,13,3,0,1,2,7
S01009275,75 to 84,13,7,6,1,6,1,1,0,0,4
S01009275,85 and over,6,2,2,0,4,0,0,0,1,3
S01009276,All HRPs,373,263,233,30,110,32,1,14,29,34
S01009276,24 and under,4,1,0,1,3,3,0,0,0,0
S01009276,25 to 34,35,21,14,7,14,11,0,2,1,0
S01009276,35 to 49,95,65,54,11,30,9,0,6,14,1
S01009276,50 to 64,124,104,96,8,20,2,0,6,6,6
S01009276,65 to 74,67,51,50,1,16,4,1,0,6,5
S01009276,75 to 84,37,20,18,2,17,3,0,0,2,12
S01009276,85 and over,11,1,1,0,10,0,0,0,0,10
S01009277,All HRPs,218,171,155,16,47,7,3,8,17,12
S01009277,24 and under,0,0,0,0,0,0,0,0,0,0
S01009277,25 to 34,11,9,8,1,2,1,1,0,0,0
S01009277,35 to 49,59,41,36,5,18,3,2,6,7,0
S01009277,50 to 64,95,84,75,9,11,1,0,1,7,2
S01009277,65 to 74,34,25,25,0,9,2,0,1,3,3
S01009277,75 to 84,18,12,11,1,6,0,0,0,0,6
S01009277,85 and over,1,0,0,0,1,0,0,0,0,1
S01009278,All HRPs,235,159,127,32,76,29,0,4,18,25
S01009278,24 and under,3,1,0,1,2,2,0,0,0,0
S01009278,25 to 34,28,22,18,4,6,5,0,0,0,1
S01009278,35 to 49,85,66,52,14,19,12,0,1,5,1
S01009278,50 to 64,62,45,33,12,17,3,0,2,10,2
S01009278,65 to 74,31,14,13,1,17,4,0,1,2,10
S01009278,75 to 84,19,11,11,0,8,0,0,0,0,8
S01009278,85 and over,7,0,0,0,7,3,0,0,1,3
S01009279,All HRPs,283,155,123,32,128,41,4,8,43,32
S01009279,24 and under,10,5,0,5,5,5,0,0,0,0
S01009279,25 to 34,21,8,5,3,13,12,0,1,0,0
S01009279,35 to 49,81,48,36,12,33,13,3,3,14,0
S01009279,50 to 64,97,62,53,9,35,8,0,4,17,6
S01009279,65 to 74,46,23,20,3,23,2,0,0,11,10
S01009279,75 to 84,18,7,7,0,11,0,1,0,1,9
S01009279,85 and over,10,2,2,0,8,1,0,0,0,7
S01009280,All HRPs,406,179,132,47,227,107,4,28,42,46
S01009280,24 and under,24,3,2,1,21,21,0,0,0,0
S01009280,25 to 34,57,28,10,18,29,23,0,4,2,0
S01009280,35 to 49,114,50,37,13,64,45,0,9,10,0
S01009280,50 to 64,95,52,41,11,43,13,0,10,14,6
S01009280,65 to 74,60,27,24,3,33,5,1,3,11,13
S01009280,75 to 84,43,14,13,1,29,0,2,1,4,22
S01009280,85 and over,13,5,5,0,8,0,1,1,1,5
S01009281,All HRPs,375,192,157,35,183,80,2,17,39,45
S01009281,24 and under,24,5,1,4,19,19,0,0,0,0
S01009281,25 to 34,32,20,9,11,12,10,0,0,2,0
S01009281,35 to 49,120,59,47,12,61,32,0,11,18,0
S01009281,50 to 64,100,57,49,8,43,14,2,5,15,7
S01009281,65 to 74,56,37,37,0,19,3,0,0,3,13
S01009281,75 to 84,36,13,13,0,23,2,0,1,0,20
S01009281,85 and over,7,1,1,0,6,0,0,0,1,5
S01009282,All HRPs,346,202,166,36,144,52,2,19,32,39
S01009282,24 and under,6,2,0,2,4,2,0,0,2,0
S01009282,25 to 34,21,15,5,10,6,5,0,0,1,0
S01009282,35 to 49,106,64,51,13,42,23,1,9,9,0
S01009282,50 to 64,128,87,77,10,41,11,0,5,15,10
S01009282,65 to 74,44,19,19,0,25,7,0,5,3,10
S01009282,75 to 84,32,13,12,1,19,4,1,0,1,13
S01009282,85 and over,9,2,2,0,7,0,0,0,1,6
S01009283,All HRPs,180,129,98,31,51,17,2,5,16,11
S01009283,24 and under,5,5,1,4,0,0,0,0,0,0
S01009283,25 to 34,26,20,10,10,6,5,0,0,1,0
S01009283,35 to 49,68,47,35,12,21,11,1,5,4,0
S01009283,50 to 64,55,44,40,4,11,1,1,0,7,2
S01009283,65 to 74,12,7,7,0,5,0,0,0,4,1
S01009283,75 to 84,10,6,5,1,4,0,0,0,0,4
S01009283,85 and over,4,0,0,0,4,0,0,0,0,4
S01009284,All HRPs,311,219,193,26,92,23,1,13,26,29
S01009284,24 and under,3,3,0,3,0,0,0,0,0,0
S01009284,25 to 34,22,13,9,4,9,7,0,0,1,1
S01009284,35 to 49,122,89,77,12,33,10,1,8,11,3
S01009284,50 to 64,109,85,79,6,24,4,0,5,11,4
S01009284,65 to 74,30,20,20,0,10,0,0,0,3,7
S01009284,75 to 84,20,8,8,0,12,2,0,0,0,10
S01009284,85 and over,5,1,0,1,4,0,0,0,0,4
S01009285,All HRPs,350,233,201,32,117,43,4,14,32,24
S01009285,24 and under,7,1,0,1,6,6,0,0,0,0
S01009285,25 to 34,46,32,20,12,14,12,0,1,1,0
S01009285,35 to 49,123,87,77,10,36,16,4,8,8,0
S01009285,50 to 64,114,79,71,8,35,7,0,5,15,8
S01009285,65 to 74,35,24,23,1,11,2,0,0,6,3
S01009285,75 to 84,19,7,7,0,12,0,0,0,2,10
S01009285,85 and over,6,3,3,0,3,0,0,0,0,3
S01009286,All HRPs,351,214,187,27,137,43,1,15,43,35
S01009286,24 and under,6,4,1,3,2,2,0,0,0,0
S01009286,25 to 34,35,16,7,9,19,16,0,1,2,0
S01009286,35 to 49,80,49,41,8,31,14,0,4,11,2
S01009286,50 to 64,121,84,80,4,37,6,1,7,19,4
S01009286,65 to 74,62,38,35,3,24,3,0,3,6,12
S01009286,75 to 84,38,20,20,0,18,2,0,0,5,11
S01009286,85 and over,9,3,3,0,6,0,0,0,0,6
S01009287,All HRPs,339,229,210,19,110,20,5,11,27,47
S01009287,24 and under,2,2,1,1,0,0,0,0,0,0
S01009287,25 to 34,16,12,7,5,4,4,0,0,0,0
S01009287,35 to 49,72,55,49,6,17,5,0,6,4,2
S01009287,50 to 64,111,86,80,6,25,4,1,4,12,4
S01009287,65 to 74,74,43,43,0,31,4,1,1,9,16
S01009287,75 to 84,47,25,24,1,22,3,2,0,2,15
S01009287,85 and over,17,6,6,0,11,0,1,0,0,10
S01009288,All HRPs,392,234,200,34,158,45,6,6,40,61
S01009288,24 and under,5,1,0,1,4,4,0,0,0,0
S01009288,25 to 34,20,14,8,6,6,6,0,0,0,0
S01009288,35 to 49,95,72,59,13,23,15,0,2,6,0
S01009288,50 to 64,115,67,58,9,48,15,4,3,21,5
S01009288,65 to 74,71,42,39,3,29,2,1,1,11,14
S01009288,75 to 84,64,32,30,2,32,2,0,0,1,29
S01009288,85 and over,22,6,6,0,16,1,1,0,1,13
S01009289,All HRPs,409,259,228,31,150,37,2,18,35,58
S01009289,24 and under,7,3,0,3,4,4,0,0,0,0
S01009289,25 to 34,21,9,5,4,12,11,0,1,0,0
S01009289,35 to 49,97,67,55,12,30,11,1,10,8,0
S01009289,50 to 64,138,101,94,7,37,6,1,4,18,8
S01009289,65 to 74,80,51,47,4,29,2,0,2,8,17
S01009289,75 to 84,49,23,22,1,26,2,0,1,0,23
S01009289,85 and over,17,5,5,0,12,1,0,0,1,10
S01009290,All HRPs,288,191,177,14,97,16,4,3,18,56
S01009290,24 and under,2,2,1,1,0,0,0,0,0,0
S01009290,25 to 34,5,3,1,2,2,1,0,0,1,0
S01009290,35 to 49,65,55,50,5,10,3,0,1,6,0
S01009290,50 to 64,104,83,77,6,21,5,0,0,8,8
S01009290,65 to 74,55,34,34,0,21,3,2,2,2,12
S01009290,75 to 84,40,14,14,0,26,3,1,0,1,21
S01009290,85 and over,17,0,0,0,17,1,1,0,0,15
S01009291,All HRPs,394,286,253,33,108,25,1,7,36,39
S01009291,24 and under,4,3,1,2,1,1,0,0,0,0
S01009291,25 to 34,29,24,13,11,5,3,0,2,0,0
S01009291,35 to 49,108,83,72,11,25,11,0,4,9,1
S01009291,50 to 64,156,117,109,8,39,7,0,1,19,12
S01009291,65 to 74,60,40,40,0,20,1,0,0,6,13
S01009291,75 to 84,29,16,15,1,13,2,1,0,2,8
S01009291,85 and over,8,3,3,0,5,0,0,0,0,5
S01009292,All HRPs,228,117,89,28,111,40,1,11,31,28
S01009292,24 and under,6,3,0,3,3,3,0,0,0,0
S01009292,25 to 34,34,19,4,15,15,13,0,2,0,0
S01009292,35 to 49,66,37,33,4,29,15,0,5,8,1
S01009292,50 to 64,66,37,31,6,29,7,1,3,15,3
S01009292,65 to 74,23,11,11,0,12,2,0,0,4,6
S01009292,75 to 84,23,10,10,0,13,0,0,1,2,10
S01009292,85 and over,10,0,0,0,10,0,0,0,2,8
S01009293,All HRPs,297,184,146,38,113,42,0,9,23,39
S01009293,24 and under,5,2,0,2,3,3,0,0,0,0
S01009293,25 to 34,45,25,12,13,20,18,0,2,0,0
S01009293,35 to 49,89,62,50,12,27,11,0,6,10,0
S01009293,50 to 64,89,68,57,11,21,5,0,0,9,7
S01009293,65 to 74,30,12,12,0,18,3,0,1,4,10
S01009293,75 to 84,28,13,13,0,15,2,0,0,0,13
S01009293,85 and over,11,2,2,0,9,0,0,0,0,9
S01009294,All HRPs,192,140,120,20,52,21,2,9,7,13
S01009294,24 and under,0,0,0,0,0,0,0,0,0,0
S01009294,25 to 34,11,4,2,2,7,7,0,0,0,0
S01009294,35 to 49,83,66,54,12,17,6,1,6,3,1
S01009294,50 to 64,55,43,38,5,12,4,1,2,3,2
S01009294,65 to 74,32,23,22,1,9,2,0,1,1,5
S01009294,75 to 84,10,4,4,0,6,1,0,0,0,5
S01009294,85 and over,1,0,0,0,1,1,0,0,0,0
S01009295,All HRPs,264,188,170,18,76,27,4,11,15,19
S01009295,24 and under,1,1,0,1,0,0,0,0,0,0
S01009295,25 to 34,30,20,14,6,10,9,0,0,1,0
S01009295,35 to 49,70,46,37,9,24,12,2,4,5,1
S01009295,50 to 64,108,84,82,2,24,3,1,7,7,6
S01009295,65 to 74,41,29,29,0,12,1,1,0,2,8
S01009295,75 to 84,12,7,7,0,5,2,0,0,0,3
S01009295,85 and over,2,1,1,0,1,0,0,0,0,1
S01009296,All HRPs,187,142,128,14,45,19,0,5,9,12
S01009296,24 and under,2,0,0,0,2,2,0,0,0,0
S01009296,25 to 34,14,8,6,2,6,6,0,0,0,0
S01009296,35 to 49,80,66,56,10,14,6,0,4,4,0
S01009296,50 to 64,55,44,42,2,11,4,0,1,5,1
S01009296,65 to 74,27,19,19,0,8,1,0,0,0,7
S01009296,75 to 84,8,4,4,0,4,0,0,0,0,4
S01009296,85 and over,1,1,1,0,0,0,0,0,0,0
S01009297,All HRPs,328,241,216,25,87,29,0,17,25,16
S01009297,24 and under,2,2,0,2,0,0,0,0,0,0
S01009297,25 to 34,30,20,12,8,10,7,0,1,2,0
S01009297,35 to 49,108,81,72,9,27,13,0,6,8,0
S01009297,50 to 64,131,98,94,4,33,6,0,10,13,4
S01009297,65 to 74,41,31,30,1,10,2,0,0,2,6
S01009297,75 to 84,14,8,7,1,6,1,0,0,0,5
S01009297,85 and over,2,1,1,0,1,0,0,0,0,1
S01009298,All HRPs,553,200,122,78,353,122,1,37,90,103
S01009298,24 and under,22,7,0,7,15,15,0,0,0,0
S01009298,25 to 34,87,47,16,31,40,36,0,4,0,0
S01009298,35 to 49,129,51,26,25,78,37,1,15,23,2
S01009298,50 to 64,134,50,39,11,84,18,0,15,43,8
S01009298,65 to 74,88,32,29,3,56,8,0,3,15,30
S01009298,75 to 84,57,10,9,1,47,3,0,0,8,36
S01009298,85 and over,36,3,3,0,33,5,0,0,1,27
S01009299,All HRPs,484,221,155,66,263,109,5,27,49,73
S01009299,24 and under,12,7,0,7,5,5,0,0,0,0
S01009299,25 to 34,94,43,19,24,51,46,0,2,3,0
S01009299,35 to 49,139,71,48,23,68,37,1,14,15,1
S01009299,50 to 64,115,65,53,12,50,12,1,10,24,3
S01009299,65 to 74,39,16,16,0,23,5,0,1,5,12
S01009299,75 to 84,60,15,15,0,45,2,3,0,2,38
S01009299,85 and over,25,4,4,0,21,2,0,0,0,19
S01009300,All HRPs,287,105,67,38,182,97,2,18,37,28
S01009300,24 and under,21,6,0,6,15,15,0,0,0,0
S01009300,25 to 34,53,24,5,19,29,26,0,3,0,0
S01009300,35 to 49,97,34,26,8,63,40,2,10,10,1
S01009300,50 to 64,65,26,21,5,39,14,0,2,19,4
S01009300,65 to 74,24,8,8,0,16,2,0,1,5,8
S01009300,75 to 84,19,6,6,0,13,0,0,2,3,8
S01009300,85 and over,8,1,1,0,7,0,0,0,0,7
S01009301,All HRPs,551,165,93,72,386,187,4,42,98,55
S01009301,24 and under,67,25,1,24,42,42,0,0,0,0
S01009301,25 to 34,103,33,15,18,70,61,2,3,3,1
S01009301,35 to 49,160,37,21,16,123,62,0,26,32,3
S01009301,50 to 64,127,43,30,13,84,16,1,12,47,8
S01009301,65 to 74,38,16,16,0,22,2,0,1,12,7
S01009301,75 to 84,34,8,7,1,26,1,1,0,2,22
S01009301,85 and over,22,3,3,0,19,3,0,0,2,14
S01009302,All HRPs,450,133,83,50,317,161,4,29,87,36
S01009302,24 and under,29,9,0,9,20,19,0,1,0,0
S01009302,25 to 34,97,30,9,21,67,59,1,5,2,0
S01009302,35 to 49,152,37,29,8,115,59,1,16,35,4
S01009302,50 to 64,111,39,29,10,72,17,2,7,39,7
S01009302,65 to 74,29,9,8,1,20,3,0,0,8,9
S01009302,75 to 84,21,9,8,1,12,1,0,0,2,9
S01009302,85 and over,11,0,0,0,11,3,0,0,1,7
S01009303,All HRPs,322,198,171,27,124,46,1,11,26,40
S01009303,24 and under,7,2,0,2,5,5,0,0,0,0
S01009303,25 to 34,27,18,11,7,9,9,0,0,0,0
S01009303,35 to 49,87,65,51,14,22,10,0,4,6,2
S01009303,50 to 64,100,65,61,4,35,14,1,5,12,3
S01009303,65 to 74,55,31,31,0,24,5,0,1,5,13
S01009303,75 to 84,34,13,13,0,21,2,0,1,3,15
S01009303,85 and over,12,4,4,0,8,1,0,0,0,7
S01009304,All HRPs,395,241,195,46,154,49,1,21,39,44
S01009304,24 and under,6,0,0,0,6,6,0,0,0,0
S01009304,25 to 34,39,22,11,11,17,15,0,0,2,0
S01009304,35 to 49,118,79,60,19,39,15,1,11,11,1
S01009304,50 to 64,125,87,78,9,38,7,0,8,18,5
S01009304,65 to 74,61,36,30,6,25,3,0,2,5,15
S01009304,75 to 84,38,15,14,1,23,2,0,0,3,18
S01009304,85 and over,8,2,2,0,6,1,0,0,0,5
S01009305,All HRPs,412,173,117,56,239,96,1,20,60,62
S01009305,24 and under,19,6,0,6,13,13,0,0,0,0
S01009305,25 to 34,59,25,6,19,34,32,0,1,1,0
S01009305,35 to 49,122,57,37,20,65,32,0,16,17,0
S01009305,50 to 64,104,53,44,9,51,13,1,2,29,6
S01009305,65 to 74,41,17,17,0,24,3,0,1,11,9
S01009305,75 to 84,41,13,11,2,28,2,0,0,1,25
S01009305,85 and over,26,2,2,0,24,1,0,0,1,22
S01009306,All HRPs,565,231,141,90,334,182,4,55,49,44
S01009306,24 and under,45,16,1,15,29,26,0,3,0,0
S01009306,25 to 34,125,62,18,44,63,56,0,6,1,0
S01009306,35 to 49,196,72,47,25,124,74,1,32,16,1
S01009306,50 to 64,112,50,44,6,62,16,1,14,27,4
S01009306,65 to 74,30,16,16,0,14,5,0,0,2,7
S01009306,75 to 84,42,12,12,0,30,4,2,0,2,22
S01009306,85 and over,15,3,3,0,12,1,0,0,1,10
S01009307,All HRPs,544,212,141,71,332,191,1,30,73,37
S01009307,24 and under,32,10,0,10,22,21,0,1,0,0
S01009307,25 to 34,138,59,18,41,79,72,0,4,2,1
S01009307,35 to 49,161,56,41,15,105,67,0,16,22,0
S01009307,50 to 64,125,49,45,4,76,23,1,6,39,7
S01009307,65 to 74,39,25,24,1,14,2,0,2,6,4
S01009307,75 to 84,29,9,9,0,20,2,0,1,3,14
S01009307,85 and over,20,4,4,0,16,4,0,0,1,11
S01009308,All HRPs,304,92,56,36,212,126,0,25,24,37
S01009308,24 and under,28,8,0,8,20,20,0,0,0,0
S01009308,25 to 34,68,21,6,15,47,45,0,2,0,0
S01009308,35 to 49,104,35,23,12,69,46,0,14,7,2
S01009308,50 to 64,46,14,14,0,32,8,0,7,14,3
S01009308,65 to 74,17,5,4,1,12,4,0,1,3,4
S01009308,75 to 84,22,7,7,0,15,0,0,1,0,14
S01009308,85 and over,19,2,2,0,17,3,0,0,0,14
S01009309,All HRPs,400,159,105,54,241,129,8,23,50,31
S01009309,24 and under,22,8,1,7,14,14,0,0,0,0
S01009309,25 to 34,106,43,19,24,63,55,0,4,4,0
S01009309,35 to 49,133,55,39,16,78,45,1,13,16,3
S01009309,50 to 64,78,32,27,5,46,10,4,6,23,3
S01009309,65 to 74,31,15,14,1,16,4,0,0,6,6
S01009309,75 to 84,23,5,4,1,18,1,2,0,1,14
S01009309,85 and over,7,1,1,0,6,0,1,0,0,5
S01009310,All HRPs,399,257,222,35,142,48,3,16,34,41
S01009310,24 and under,8,4,0,4,4,4,0,0,0,0
S01009310,25 to 34,41,18,8,10,23,22,0,1,0,0
S01009310,35 to 49,99,64,51,13,35,16,3,7,8,1
S01009310,50 to 64,154,110,104,6,44,5,0,5,22,12
S01009310,65 to 74,66,44,42,2,22,1,0,2,4,15
S01009310,75 to 84,26,16,16,0,10,0,0,1,0,9
S01009310,85 and over,5,1,1,0,4,0,0,0,0,4
S01009311,All HRPs,274,160,125,35,114,35,4,12,31,32
S01009311,24 and under,10,4,0,4,6,5,0,1,0,0
S01009311,25 to 34,32,24,13,11,8,6,0,1,1,0
S01009311,35 to 49,93,56,44,12,37,13,0,9,11,4
S01009311,50 to 64,75,49,42,7,26,7,3,1,12,3
S01009311,65 to 74,35,18,17,1,17,2,0,0,6,9
S01009311,75 to 84,24,9,9,0,15,2,1,0,1,11
S01009311,85 and over,5,0,0,0,5,0,0,0,0,5
S01009312,All HRPs,366,147,85,62,219,107,3,29,48,32
S01009312,24 and under,22,9,0,9,13,12,0,0,0,1
S01009312,25 to 34,99,44,18,26,55,53,1,1,0,0
S01009312,35 to 49,98,44,23,21,54,28,1,14,11,0
S01009312,50 to 64,83,36,30,6,47,10,0,11,24,2
S01009312,65 to 74,28,5,5,0,23,2,0,2,9,10
S01009312,75 to 84,29,9,9,0,20,2,1,1,4,12
S01009312,85 and over,7,0,0,0,7,0,0,0,0,7
S01009313,All HRPs,285,116,78,38,169,71,1,9,52,36
S01009313,24 and under,15,4,0,4,11,11,0,0,0,0
S01009313,25 to 34,42,24,4,20,18,17,0,0,1,0
S01009313,35 to 49,84,28,18,10,56,25,1,5,23,2
S01009313,50 to 64,69,33,30,3,36,15,0,4,15,2
S01009313,65 to 74,35,15,14,1,20,1,0,0,12,7
S01009313,75 to 84,25,11,11,0,14,2,0,0,1,11
S01009313,85 and over,15,1,1,0,14,0,0,0,0,14
S01009314,All HRPs,258,189,160,29,69,17,2,9,17,24
S01009314,24 and under,4,2,0,2,2,2,0,0,0,0
S01009314,25 to 34,23,20,11,9,3,3,0,0,0,0
S01009314,35 to 49,78,59,45,14,19,7,0,5,5,2
S01009314,50 to 64,86,67,64,3,19,3,0,3,9,4
S01009314,65 to 74,43,31,30,1,12,1,0,1,2,8
S01009314,75 to 84,21,10,10,0,11,1,2,0,1,7
S01009314,85 and over,3,0,0,0,3,0,0,0,0,3
S01009315,All HRPs,270,143,116,27,127,44,2,7,32,42
S01009315,24 and under,4,1,0,1,3,3,0,0,0,0
S01009315,25 to 34,29,13,4,9,16,14,1,1,0,0
S01009315,35 to 49,87,52,38,14,35,17,0,4,12,2
S01009315,50 to 64,81,48,46,2,33,7,0,2,15,9
S01009315,65 to 74,41,20,19,1,21,3,0,0,3,15
S01009315,75 to 84,19,6,6,0,13,0,1,0,2,10
S01009315,85 and over,9,3,3,0,6,0,0,0,0,6
S01009316,All HRPs,326,191,169,22,135,49,1,12,35,38
S01009316,24 and under,6,2,0,2,4,4,0,0,0,0
S01009316,25 to 34,34,13,7,6,21,20,0,0,0,1
S01009316,35 to 49,94,64,56,8,30,18,0,4,7,1
S01009316,50 to 64,121,79,73,6,42,5,0,8,24,5
S01009316,65 to 74,36,24,24,0,12,2,1,0,2,7
S01009316,75 to 84,28,8,8,0,20,0,0,0,2,18
S01009316,85 and over,7,1,1,0,6,0,0,0,0,6
S01009317,All HRPs,358,243,224,19,115,27,4,17,33,34
S01009317,24 and under,3,2,0,2,1,1,0,0,0,0
S01009317,25 to 34,27,17,12,5,10,7,0,3,0,0
S01009317,35 to 49,103,72,64,8,31,10,0,10,11,0
S01009317,50 to 64,125,96,93,3,29,3,0,2,16,8
S01009317,65 to 74,55,33,32,1,22,3,0,2,6,11
S01009317,75 to 84,35,21,21,0,14,1,4,0,0,9
S01009317,85 and over,10,2,2,0,8,2,0,0,0,6
S01009318,All HRPs,236,176,162,14,60,12,3,10,11,24
S01009318,24 and under,1,0,0,0,1,1,0,0,0,0
S01009318,25 to 34,9,7,6,1,2,1,0,1,0,0
S01009318,35 to 49,75,58,52,6,17,6,0,5,5,1
S01009318,50 to 64,98,80,74,6,18,4,1,2,6,5
S01009318,65 to 74,27,19,18,1,8,0,1,2,0,5
S01009318,75 to 84,18,11,11,0,7,0,0,0,0,7
S01009318,85 and over,8,1,1,0,7,0,1,0,0,6
S01009319,All HRPs,416,278,253,25,138,19,0,9,21,89
S01009319,24 and under,1,1,0,1,0,0,0,0,0,0
S01009319,25 to 34,16,15,9,6,1,1,0,0,0,0
S01009319,35 to 49,93,73,63,10,20,8,0,5,4,3
S01009319,50 to 64,117,93,88,5,24,5,0,3,8,8
S01009319,65 to 74,84,48,46,2,36,1,0,1,8,26
S01009319,75 to 84,80,41,40,1,39,4,0,0,1,34
S01009319,85 and over,25,7,7,0,18,0,0,0,0,18
S01009320,All HRPs,352,171,146,25,181,44,0,18,37,82
S01009320,24 and under,5,2,0,2,3,3,0,0,0,0
S01009320,25 to 34,27,17,14,3,10,9,0,0,1,0
S01009320,35 to 49,88,60,45,15,28,15,0,5,6,2
S01009320,50 to 64,87,55,50,5,32,7,0,8,15,2
S01009320,65 to 74,52,23,23,0,29,2,0,4,10,13
S01009320,75 to 84,58,9,9,0,49,5,0,1,5,38
S01009320,85 and over,35,5,5,0,30,3,0,0,0,27
S01009321,All HRPs,295,212,192,20,83,19,2,7,15,40
S01009321,24 and under,2,1,0,1,1,1,0,0,0,0
S01009321,25 to 34,8,5,2,3,3,3,0,0,0,0
S01009321,35 to 49,85,63,54,9,22,9,0,5,7,1
S01009321,50 to 64,100,73,67,6,27,4,2,2,7,12
S01009321,65 to 74,64,48,48,0,16,0,0,0,1,15
S01009321,75 to 84,32,22,21,1,10,1,0,0,0,9
S01009321,85 and over,4,0,0,0,4,1,0,0,0,3
S01009322,All HRPs,355,241,208,33,114,40,1,9,25,39
S01009322,24 and under,4,3,0,3,1,0,0,1,0,0
S01009322,25 to 34,36,17,9,8,19,16,0,1,2,0
S01009322,35 to 49,94,63,52,11,31,15,1,6,9,0
S01009322,50 to 64,109,88,79,9,21,5,0,1,8,7
S01009322,65 to 74,67,44,42,2,23,4,0,0,5,14
S01009322,75 to 84,34,22,22,0,12,0,0,0,1,11
S01009322,85 and over,11,4,4,0,7,0,0,0,0,7
S01009323,All HRPs,327,146,125,21,181,67,4,11,33,66
S01009323,24 and under,13,0,0,0,13,12,1,0,0,0
S01009323,25 to 34,27,14,8,6,13,13,0,0,0,0
S01009323,35 to 49,77,32,26,6,45,26,0,3,14,2
S01009323,50 to 64,97,56,47,9,41,8,1,6,14,12
S01009323,65 to 74,70,34,34,0,36,8,0,1,3,24
S01009323,75 to 84,33,9,9,0,24,0,2,1,2,19
S01009323,85 and over,10,1,1,0,9,0,0,0,0,9
S01009324,All HRPs,256,129,98,31,127,48,4,14,33,28
S01009324,24 and under,4,2,0,2,2,2,0,0,0,0
S01009324,25 to 34,46,23,10,13,23,20,0,3,0,0
S01009324,35 to 49,64,32,19,13,32,14,0,6,12,0
S01009324,50 to 64,77,44,41,3,33,8,2,4,15,4
S01009324,65 to 74,31,16,16,0,15,2,2,0,5,6
S01009324,75 to 84,20,10,10,0,10,2,0,1,1,6
S01009324,85 and over,14,2,2,0,12,0,0,0,0,12
S01009325,All HRPs,308,199,154,45,109,43,1,13,31,21
S01009325,24 and under,3,2,0,2,1,1,0,0,0,0
S01009325,25 to 34,57,41,25,16,16,12,0,3,1,0
S01009325,35 to 49,130,87,63,24,43,21,0,8,12,2
S01009325,50 to 64,75,48,45,3,27,7,1,1,16,2
S01009325,65 to 74,22,11,11,0,11,0,0,1,2,8
S01009325,75 to 84,19,9,9,0,10,2,0,0,0,8
S01009325,85 and over,2,1,1,0,1,0,0,0,0,1
S01009326,All HRPs,210,139,104,35,71,38,1,12,12,8
S01009326,24 and under,6,1,1,0,5,5,0,0,0,0
S01009326,25 to 34,48,29,18,11,19,17,0,0,2,0
S01009326,35 to 49,102,80,59,21,22,9,1,8,4,0
S01009326,50 to 64,38,21,19,2,17,6,0,3,6,2
S01009326,65 to 74,10,5,5,0,5,1,0,1,0,3
S01009326,75 to 84,6,3,2,1,3,0,0,0,0,3
S01009326,85 and over,0,0,0,0,0,0,0,0,0,0
S01009327,All HRPs,258,172,150,22,86,22,3,8,22,31
S01009327,24 and under,4,2,0,2,2,2,0,0,0,0
S01009327,25 to 34,20,9,4,5,11,8,1,1,1,0
S01009327,35 to 49,57,42,38,4,15,4,0,4,6,1
S01009327,50 to 64,73,56,47,9,17,4,0,2,9,2
S01009327,65 to 74,52,38,36,2,14,1,0,1,4,8
S01009327,75 to 84,42,18,18,0,24,3,2,0,2,17
S01009327,85 and over,10,7,7,0,3,0,0,0,0,3
S01009328,All HRPs,237,197,150,47,40,22,3,5,7,3
S01009328,24 and under,11,5,1,4,6,6,0,0,0,0
S01009328,25 to 34,86,70,47,23,16,13,1,0,2,0
S01009328,35 to 49,105,94,77,17,11,2,1,5,2,1
S01009328,50 to 64,30,24,22,2,6,1,1,0,3,1
S01009328,65 to 74,2,2,1,1,0,0,0,0,0,0
S01009328,75 to 84,3,2,2,0,1,0,0,0,0,1
S01009328,85 and over,0,0,0,0,0,0,0,0,0,0
S01009329,All HRPs,203,104,60,44,99,61,3,10,15,10
S01009329,24 and under,22,11,0,11,11,11,0,0,0,0
S01009329,25 to 34,87,43,15,28,44,39,1,0,4,0
S01009329,35 to 49,60,33,29,4,27,11,0,6,8,2
S01009329,50 to 64,24,12,11,1,12,0,2,4,2,4
S01009329,65 to 74,6,4,4,0,2,0,0,0,1,1
S01009329,75 to 84,2,1,1,0,1,0,0,0,0,1
S01009329,85 and over,2,0,0,0,2,0,0,0,0,2
S01009330,All HRPs,183,118,77,41,65,29,3,7,22,4
S01009330,24 and under,6,3,0,3,3,3,0,0,0,0
S01009330,25 to 34,56,36,16,20,20,17,1,1,1,0
S01009330,35 to 49,81,55,41,14,26,7,0,4,14,1
S01009330,50 to 64,31,18,14,4,13,2,2,2,7,0
S01009330,65 to 74,6,5,5,0,1,0,0,0,0,1
S01009330,75 to 84,3,1,1,0,2,0,0,0,0,2
S01009330,85 and over,0,0,0,0,0,0,0,0,0,0
S01009331,All HRPs,180,156,137,19,24,10,1,2,7,4
S01009331,24 and under,0,0,0,0,0,0,0,0,0,0
S01009331,25 to 34,20,15,13,2,5,3,1,0,1,0
S01009331,35 to 49,115,104,89,15,11,7,0,1,2,1
S01009331,50 to 64,36,31,29,2,5,0,0,1,4,0
S01009331,65 to 74,6,4,4,0,2,0,0,0,0,2
S01009331,75 to 84,3,2,2,0,1,0,0,0,0,1
S01009331,85 and over,0,0,0,0,0,0,0,0,0,0
S01009332,All HRPs,333,259,227,32,74,20,2,8,17,27
S01009332,24 and under,3,1,0,1,2,2,0,0,0,0
S01009332,25 to 34,26,23,13,10,3,3,0,0,0,0
S01009332,35 to 49,116,92,80,12,24,9,1,5,9,0
S01009332,50 to 64,115,99,92,7,16,3,0,3,4,6
S01009332,65 to 74,37,28,26,2,9,2,0,0,2,5
S01009332,75 to 84,30,14,14,0,16,1,1,0,2,12
S01009332,85 and over,6,2,2,0,4,0,0,0,0,4
S01009333,All HRPs,355,151,106,45,204,81,4,21,44,54
S01009333,24 and under,16,4,0,4,12,11,0,1,0,0
S01009333,25 to 34,72,37,20,17,35,32,0,1,1,1
S01009333,35 to 49,105,52,34,18,53,25,3,9,15,1
S01009333,50 to 64,73,34,29,5,39,9,1,9,15,5
S01009333,65 to 74,41,18,17,1,23,2,0,1,6,14
S01009333,75 to 84,34,5,5,0,29,2,0,0,6,21
S01009333,85 and over,14,1,1,0,13,0,0,0,1,12
S01009334,All HRPs,310,117,89,28,193,81,0,20,44,48
S01009334,24 and under,12,1,0,1,11,11,0,0,0,0
S01009334,25 to 34,52,17,7,10,35,32,0,3,0,0
S01009334,35 to 49,83,30,21,9,53,26,0,10,14,3
S01009334,50 to 64,80,39,33,6,41,9,0,6,19,7
S01009334,65 to 74,49,23,21,2,26,3,0,0,6,17
S01009334,75 to 84,27,6,6,0,21,0,0,1,4,16
S01009334,85 and over,7,1,1,0,6,0,0,0,1,5
S01009335,All HRPs,337,175,138,37,162,53,3,19,51,36
S01009335,24 and under,7,5,0,5,2,2,0,0,0,0
S01009335,25 to 34,38,20,11,9,18,12,2,4,0,0
S01009335,35 to 49,115,58,44,14,57,22,0,11,22,2
S01009335,50 to 64,104,60,51,9,44,17,0,3,20,4
S01009335,65 to 74,39,24,24,0,15,0,0,0,4,11
S01009335,75 to 84,27,7,7,0,20,0,1,1,4,14
S01009335,85 and over,7,1,1,0,6,0,0,0,1,5
S01009336,All HRPs,318,110,74,36,208,109,4,17,47,31
S01009336,24 and under,27,8,0,8,19,19,0,0,0,0
S01009336,25 to 34,65,23,9,14,42,39,0,3,0,0
S01009336,35 to 49,91,30,21,9,61,36,0,5,18,2
S01009336,50 to 64,68,26,21,5,42,10,0,7,23,2
S01009336,65 to 74,38,13,13,0,25,4,0,1,5,15
S01009336,75 to 84,24,9,9,0,15,1,2,1,1,10
S01009336,85 and over,5,1,1,0,4,0,2,0,0,2
S01009337,All HRPs,318,141,95,46,177,69,3,32,40,33
S01009337,24 and under,9,7,1,6,2,2,0,0,0,0
S01009337,25 to 34,59,30,15,15,29,24,1,3,1,0
S01009337,35 to 49,112,45,31,14,67,31,0,17,18,1
S01009337,50 to 64,82,38,29,9,44,8,1,11,17,7
S01009337,65 to 74,25,13,11,2,12,3,0,0,4,5
S01009337,75 to 84,20,8,8,0,12,1,1,1,0,9
S01009337,85 and over,11,0,0,0,11,0,0,0,0,11
S01009338,All HRPs,401,140,96,44,261,92,2,25,88,54
S01009338,24 and under,17,11,1,10,6,6,0,0,0,0
S01009338,25 to 34,58,19,10,9,39,33,0,1,5,0
S01009338,35 to 49,100,38,19,19,62,29,1,12,20,0
S01009338,50 to 64,113,38,34,4,75,19,0,7,44,5
S01009338,65 to 74,48,14,14,0,34,2,1,4,11,16
S01009338,75 to 84,52,19,17,2,33,3,0,1,5,24
S01009338,85 and over,13,1,1,0,12,0,0,0,3,9
S01009339,All HRPs,391,142,92,50,249,125,4,23,61,36
S01009339,24 and under,17,2,0,2,15,15,0,0,0,0
S01009339,25 to 34,88,34,10,24,54,50,1,2,1,0
S01009339,35 to 49,121,35,23,12,86,37,2,19,26,2
S01009339,50 to 64,93,48,38,10,45,14,0,1,25,5
S01009339,65 to 74,34,11,10,1,23,6,1,1,7,8
S01009339,75 to 84,21,8,7,1,13,2,0,0,1,10
S01009339,85 and over,17,4,4,0,13,1,0,0,1,11
S01009340,All HRPs,283,118,92,26,165,62,3,16,39,45
S01009340,24 and under,9,1,0,1,8,8,0,0,0,0
S01009340,25 to 34,32,14,5,9,18,16,0,1,1,0
S01009340,35 to 49,84,35,24,11,49,24,0,11,14,0
S01009340,50 to 64,80,40,35,5,40,13,0,3,19,5
S01009340,65 to 74,38,18,18,0,20,1,1,1,5,12
S01009340,75 to 84,26,6,6,0,20,0,1,0,0,19
S01009340,85 and over,14,4,4,0,10,0,1,0,0,9
S01009341,All HRPs,270,117,98,19,153,35,2,19,49,48
S01009341,24 and under,4,1,0,1,3,3,0,0,0,0
S01009341,25 to 34,30,12,6,6,18,16,0,2,0,0
S01009341,35 to 49,80,41,31,10,39,11,0,10,17,1
S01009341,50 to 64,83,39,37,2,44,5,1,5,25,8
S01009341,65 to 74,33,12,12,0,21,0,0,2,6,13
S01009341,75 to 84,29,8,8,0,21,0,1,0,1,19
S01009341,85 and over,11,4,4,0,7,0,0,0,0,7
S01009342,All HRPs,333,179,126,53,154,43,1,16,49,45
S01009342,24 and under,9,4,0,4,5,4,0,1,0,0
S01009342,25 to 34,51,35,15,20,16,11,0,3,2,0
S01009342,35 to 49,103,57,36,21,46,19,1,9,17,0
S01009342,50 to 64,82,44,40,4,38,5,0,3,24,6
S01009342,65 to 74,40,25,22,3,15,3,0,0,2,10
S01009342,75 to 84,33,12,11,1,21,1,0,0,4,16
S01009342,85 and over,15,2,2,0,13,0,0,0,0,13
S01009343,All HRPs,242,136,96,40,106,27,1,17,30,31
S01009343,24 and under,14,9,0,9,5,5,0,0,0,0
S01009343,25 to 34,29,19,6,13,10,7,0,3,0,0
S01009343,35 to 49,78,47,35,12,31,9,1,10,10,1
S01009343,50 to 64,76,35,29,6,41,6,0,4,17,14
S01009343,65 to 74,29,19,19,0,10,0,0,0,2,8
S01009343,75 to 84,15,7,7,0,8,0,0,0,1,7
S01009343,85 and over,1,0,0,0,1,0,0,0,0,1
S01009344,All HRPs,288,157,120,37,131,42,2,12,28,47
S01009344,24 and under,6,5,1,4,1,1,0,0,0,0
S01009344,25 to 34,48,29,16,13,19,17,0,0,2,0
S01009344,35 to 49,79,41,26,15,38,18,1,9,10,0
S01009344,50 to 64,64,42,37,5,22,3,0,3,11,5
S01009344,65 to 74,41,23,23,0,18,2,1,0,4,11
S01009344,75 to 84,40,17,17,0,23,0,0,0,1,22
S01009344,85 and over,10,0,0,0,10,1,0,0,0,9
S01009345,All HRPs,379,225,181,44,154,53,2,17,39,43
S01009345,24 and under,9,2,0,2,7,7,0,0,0,0
S01009345,25 to 34,63,45,23,22,18,16,0,0,2,0
S01009345,35 to 49,116,64,53,11,52,23,1,11,17,0
S01009345,50 to 64,112,75,72,3,37,5,1,6,16,9
S01009345,65 to 74,41,20,16,4,21,0,0,0,4,17
S01009345,75 to 84,33,17,15,2,16,1,0,0,0,15
S01009345,85 and over,5,2,2,0,3,1,0,0,0,2
S01009346,All HRPs,228,198,169,29,30,9,2,3,12,4
S01009346,24 and under,1,0,0,0,1,1,0,0,0,0
S01009346,25 to 34,51,45,33,12,6,2,1,1,2,0
S01009346,35 to 49,134,118,106,12,16,6,0,2,7,1
S01009346,50 to 64,32,28,23,5,4,0,1,0,3,0
S01009346,65 to 74,7,5,5,0,2,0,0,0,0,2
S01009346,75 to 84,3,2,2,0,1,0,0,0,0,1
S01009346,85 and over,0,0,0,0,0,0,0,0,0,0
S01009347,All HRPs,216,197,178,19,19,2,0,6,5,6
S01009347,24 and under,0,0,0,0,0,0,0,0,0,0
S01009347,25 to 34,9,7,6,1,2,0,0,2,0,0
S01009347,35 to 49,138,130,119,11,8,2,0,3,2,1
S01009347,50 to 64,58,51,44,7,7,0,0,1,3,3
S01009347,65 to 74,8,8,8,0,0,0,0,0,0,0
S01009347,75 to 84,3,1,1,0,2,0,0,0,0,2
S01009347,85 and over,0,0,0,0,0,0,0,0,0,0
S01009348,All HRPs,161,138,117,21,23,7,0,4,11,1
S01009348,24 and under,0,0,0,0,0,0,0,0,0,0
S01009348,25 to 34,20,17,10,7,3,2,0,1,0,0
S01009348,35 to 49,101,90,78,12,11,4,0,3,3,1
S01009348,50 to 64,35,28,26,2,7,0,0,0,7,0
S01009348,65 to 74,4,2,2,0,2,1,0,0,1,0
S01009348,75 to 84,1,1,1,0,0,0,0,0,0,0
S01009348,85 and over,0,0,0,0,0,0,0,0,0,0
S01009349,All HRPs,288,219,181,38,69,34,6,9,15,5
S01009349,24 and under,4,0,0,0,4,4,0,0,0,0
S01009349,25 to 34,84,58,40,18,26,23,1,2,0,0
S01009349,35 to 49,148,124,109,15,24,6,3,6,8,1
S01009349,50 to 64,41,33,28,5,8,1,1,1,5,0
S01009349,65 to 74,5,1,1,0,4,0,1,0,1,2
S01009349,75 to 84,4,3,3,0,1,0,0,0,1,0
S01009349,85 and over,2,0,0,0,2,0,0,0,0,2
S01009350,All HRPs,240,154,102,52,86,43,0,10,22,11
S01009350,24 and under,10,6,0,6,4,4,0,0,0,0
S01009350,25 to 34,62,37,17,20,25,22,0,2,1,0
S01009350,35 to 49,119,87,63,24,32,14,0,5,11,2
S01009350,50 to 64,29,15,13,2,14,2,0,3,8,1
S01009350,65 to 74,16,8,8,0,8,1,0,0,2,5
S01009350,75 to 84,4,1,1,0,3,0,0,0,0,3
S01009350,85 and over,0,0,0,0,0,0,0,0,0,0
S01009351,All HRPs,213,139,105,34,74,39,4,13,14,4
S01009351,24 and under,6,3,0,3,3,3,0,0,0,0
S01009351,25 to 34,74,50,30,20,24,20,2,1,1,0
S01009351,35 to 49,94,63,54,9,31,15,2,7,7,0
S01009351,50 to 64,32,20,18,2,12,1,0,5,5,1
S01009351,65 to 74,5,2,2,0,3,0,0,0,1,2
S01009351,75 to 84,2,1,1,0,1,0,0,0,0,1
S01009351,85 and over,0,0,0,0,0,0,0,0,0,0
S01009352,All HRPs,290,216,156,60,74,28,3,15,24,4
S01009352,24 and under,4,1,0,1,3,3,0,0,0,0
S01009352,25 to 34,83,71,40,31,12,9,0,2,1,0
S01009352,35 to 49,149,113,93,20,36,9,3,10,13,1
S01009352,50 to 64,42,26,18,8,16,7,0,2,7,0
S01009352,65 to 74,11,5,5,0,6,0,0,0,3,3
S01009352,75 to 84,1,0,0,0,1,0,0,1,0,0
S01009352,85 and over,0,0,0,0,0,0,0,0,0,0
S01009353,All HRPs,147,118,84,34,29,11,2,5,8,3
S01009353,24 and under,5,2,0,2,3,3,0,0,0,0
S01009353,25 to 34,33,26,16,10,7,5,1,1,0,0
S01009353,35 to 49,69,58,40,18,11,3,1,3,4,0
S01009353,50 to 64,29,23,19,4,6,0,0,1,4,1
S01009353,65 to 74,4,4,4,0,0,0,0,0,0,0
S01009353,75 to 84,5,4,4,0,1,0,0,0,0,1
S01009353,85 and over,2,1,1,0,1,0,0,0,0,1
S01009354,All HRPs,297,248,208,40,49,20,0,11,14,4
S01009354,24 and under,1,0,0,0,1,1,0,0,0,0
S01009354,25 to 34,49,37,25,12,12,7,0,4,1,0
S01009354,35 to 49,178,155,130,25,23,11,0,7,5,0
S01009354,50 to 64,55,45,42,3,10,1,0,0,8,1
S01009354,65 to 74,10,9,9,0,1,0,0,0,0,1
S01009354,75 to 84,2,1,1,0,1,0,0,0,0,1
S01009354,85 and over,2,1,1,0,1,0,0,0,0,1
S01009355,All HRPs,367,258,226,32,109,27,0,12,34,36
S01009355,24 and under,5,1,0,1,4,4,0,0,0,0
S01009355,25 to 34,27,18,7,11,9,7,0,1,1,0
S01009355,35 to 49,100,78,61,17,22,8,0,3,11,0
S01009355,50 to 64,129,98,95,3,31,4,0,7,14,6
S01009355,65 to 74,73,47,47,0,26,0,0,1,8,17
S01009355,75 to 84,29,15,15,0,14,3,0,0,0,11
S01009355,85 and over,4,1,1,0,3,1,0,0,0,2
S01009356,All HRPs,411,283,247,36,128,26,4,17,32,49
S01009356,24 and under,1,1,0,1,0,0,0,0,0,0
S01009356,25 to 34,33,24,14,10,9,7,0,2,0,0
S01009356,35 to 49,97,70,53,17,27,8,0,10,8,1
S01009356,50 to 64,159,116,109,7,43,6,2,4,16,15
S01009356,65 to 74,69,44,44,0,25,4,0,1,7,13
S01009356,75 to 84,42,25,24,1,17,1,2,0,0,14
S01009356,85 and over,10,3,3,0,7,0,0,0,1,6
S01009357,All HRPs,179,143,115,28,36,14,0,10,11,1
S01009357,24 and under,4,4,0,4,0,0,0,0,0,0
S01009357,25 to 34,28,19,11,8,9,7,0,1,1,0
S01009357,35 to 49,88,68,57,11,20,6,0,8,6,0
S01009357,50 to 64,44,39,34,5,5,0,0,1,4,0
S01009357,65 to 74,14,12,12,0,2,1,0,0,0,1
S01009357,75 to 84,1,1,1,0,0,0,0,0,0,0
S01009357,85 and over,0,0,0,0,0,0,0,0,0,0
S01009358,All HRPs,256,219,203,16,37,9,1,6,10,11
S01009358,24 and under,0,0,0,0,0,0,0,0,0,0
S01009358,25 to 34,11,11,9,2,0,0,0,0,0,0
S01009358,35 to 49,113,96,91,5,17,8,0,2,7,0
S01009358,50 to 64,86,80,73,7,6,0,1,4,0,1
S01009358,65 to 74,31,21,20,1,10,1,0,0,3,6
S01009358,75 to 84,14,11,10,1,3,0,0,0,0,3
S01009358,85 and over,1,0,0,0,1,0,0,0,0,1
S01009359,All HRPs,277,217,175,42,60,20,1,14,19,6
S01009359,24 and under,2,1,0,1,1,1,0,0,0,0
S01009359,25 to 34,56,45,26,19,11,7,0,3,1,0
S01009359,35 to 49,140,111,94,17,29,9,1,10,6,3
S01009359,50 to 64,59,43,38,5,16,3,0,1,11,1
S01009359,65 to 74,14,12,12,0,2,0,0,0,1,1
S01009359,75 to 84,5,5,5,0,0,0,0,0,0,0
S01009359,85 and over,1,0,0,0,1,0,0,0,0,1
S01009360,All HRPs,376,219,183,36,157,52,4,17,35,49
S01009360,24 and under,10,5,1,4,5,5,0,0,0,0
S01009360,25 to 34,42,23,12,11,19,17,1,1,0,0
S01009360,35 to 49,107,63,51,12,44,21,3,9,10,1
S01009360,50 to 64,109,77,68,9,32,2,0,5,18,7
S01009360,65 to 74,62,37,37,0,25,6,0,1,6,12
S01009360,75 to 84,35,9,9,0,26,1,0,1,1,23
S01009360,85 and over,11,5,5,0,6,0,0,0,0,6
S01009361,All HRPs,342,207,181,26,135,45,2,12,33,43
S01009361,24 and under,5,1,1,0,4,4,0,0,0,0
S01009361,25 to 34,38,19,12,7,19,14,0,2,3,0
S01009361,35 to 49,97,66,52,14,31,18,0,6,7,0
S01009361,50 to 64,100,72,69,3,28,7,0,1,15,5
S01009361,65 to 74,59,31,30,1,28,1,1,2,6,18
S01009361,75 to 84,33,14,13,1,19,1,1,1,2,14
S01009361,85 and over,10,4,4,0,6,0,0,0,0,6
S01009362,All HRPs,417,312,288,24,105,29,2,15,19,40
S01009362,24 and under,6,4,1,3,2,2,0,0,0,0
S01009362,25 to 34,32,24,17,7,8,8,0,0,0,0
S01009362,35 to 49,112,91,78,13,21,6,0,9,6,0
S01009362,50 to 64,143,112,111,1,31,6,1,6,10,8
S01009362,65 to 74,75,54,54,0,21,4,1,0,2,14
S01009362,75 to 84,39,26,26,0,13,1,0,0,1,11
S01009362,85 and over,10,1,1,0,9,2,0,0,0,7
S01009363,All HRPs,373,213,162,51,160,39,4,20,46,51
S01009363,24 and under,13,7,1,6,6,6,0,0,0,0
S01009363,25 to 34,58,42,17,25,16,10,0,6,0,0
S01009363,35 to 49,95,51,38,13,44,12,3,12,15,2
S01009363,50 to 64,106,66,60,6,40,9,0,2,22,7
S01009363,65 to 74,57,35,34,1,22,0,1,0,7,14
S01009363,75 to 84,31,11,11,0,20,2,0,0,1,17
S01009363,85 and over,13,1,1,0,12,0,0,0,1,11
S01009364,All HRPs,325,217,175,42,108,35,4,16,34,19
S01009364,24 and under,11,8,0,8,3,3,0,0,0,0
S01009364,25 to 34,44,29,16,13,15,12,0,3,0,0
S01009364,35 to 49,107,73,59,14,34,15,2,7,9,1
S01009364,50 to 64,116,78,73,5,38,4,2,6,22,4
S01009364,65 to 74,32,23,22,1,9,0,0,0,1,8
S01009364,75 to 84,14,5,5,0,9,1,0,0,2,6
S01009364,85 and over,1,1,0,1,0,0,0,0,0,0
S01009365,All HRPs,277,139,113,26,138,56,0,14,29,39
S01009365,24 and under,13,4,0,4,9,9,0,0,0,0
S01009365,25 to 34,37,19,9,10,18,17,0,1,0,0
S01009365,35 to 49,66,31,26,5,35,20,0,11,4,0
S01009365,50 to 64,86,51,46,5,35,5,0,2,19,9
S01009365,65 to 74,47,23,23,0,24,3,0,0,5,16
S01009365,75 to 84,24,11,9,2,13,2,0,0,1,10
S01009365,85 and over,4,0,0,0,4,0,0,0,0,4
S01009366,All HRPs,351,165,134,31,186,63,4,14,40,65
S01009366,24 and under,11,1,1,0,10,9,0,1,0,0
S01009366,25 to 34,44,23,13,10,21,17,1,0,3,0
S01009366,35 to 49,99,56,43,13,43,18,0,9,16,0
S01009366,50 to 64,78,46,39,7,32,5,2,4,15,6
S01009366,65 to 74,55,25,24,1,30,7,0,0,4,19
S01009366,75 to 84,43,10,10,0,33,6,0,0,2,25
S01009366,85 and over,21,4,4,0,17,1,1,0,0,15
S01009367,All HRPs,296,142,104,38,154,58,4,15,45,32
S01009367,24 and under,9,4,0,4,5,5,0,0,0,0
S01009367,25 to 34,43,27,14,13,16,11,2,1,1,1
S01009367,35 to 49,90,39,29,10,51,23,1,10,16,1
S01009367,50 to 64,81,44,38,6,37,11,0,3,19,4
S01009367,65 to 74,40,18,15,3,22,3,1,1,7,10
S01009367,75 to 84,28,10,8,2,18,4,0,0,2,12
S01009367,85 and over,5,0,0,0,5,1,0,0,0,4
S01009368,All HRPs,211,131,107,24,80,21,1,11,30,17
S01009368,24 and under,5,0,0,0,5,5,0,0,0,0
S01009368,25 to 34,20,14,7,7,6,4,0,1,1,0
S01009368,35 to 49,75,49,39,10,26,5,0,9,12,0
S01009368,50 to 64,74,52,46,6,22,6,0,1,8,7
S01009368,65 to 74,22,12,11,1,10,0,1,0,7,2
S01009368,75 to 84,10,4,4,0,6,0,0,0,2,4
S01009368,85 and over,5,0,0,0,5,1,0,0,0,4
S01009369,All HRPs,255,147,111,36,108,33,3,12,24,36
S01009369,24 and under,9,5,0,5,4,4,0,0,0,0
S01009369,25 to 34,28,21,8,13,7,6,0,1,0,0
S01009369,35 to 49,75,43,31,12,32,15,2,8,7,0
S01009369,50 to 64,72,46,41,5,26,3,1,3,13,6
S01009369,65 to 74,29,15,14,1,14,2,0,0,3,9
S01009369,75 to 84,31,15,15,0,16,1,0,0,1,14
S01009369,85 and over,11,2,2,0,9,2,0,0,0,7
S01009370,All HRPs,381,207,180,27,174,45,4,11,62,52
S01009370,24 and under,6,1,0,1,5,5,0,0,0,0
S01009370,25 to 34,37,22,10,12,15,12,0,0,3,0
S01009370,35 to 49,84,48,37,11,36,9,1,5,21,0
S01009370,50 to 64,138,85,83,2,53,7,1,6,29,10
S01009370,65 to 74,64,36,36,0,28,6,1,0,7,14
S01009370,75 to 84,36,10,9,1,26,5,0,0,1,20
S01009370,85 and over,16,5,5,0,11,1,1,0,1,8
S01009371,All HRPs,242,137,105,32,105,39,1,4,28,33
S01009371,24 and under,9,5,1,4,4,4,0,0,0,0
S01009371,25 to 34,39,26,12,14,13,12,0,0,1,0
S01009371,35 to 49,63,38,26,12,25,15,0,1,8,1
S01009371,50 to 64,71,44,42,2,27,5,0,3,17,2
S01009371,65 to 74,25,16,16,0,9,2,1,0,1,5
S01009371,75 to 84,23,8,8,0,15,0,0,0,1,14
S01009371,85 and over,12,0,0,0,12,1,0,0,0,11
S01009372,All HRPs,219,128,97,31,91,32,1,10,23,25
S01009372,24 and under,6,4,1,3,2,2,0,0,0,0
S01009372,25 to 34,27,15,6,9,12,10,1,1,0,0
S01009372,35 to 49,78,54,42,12,24,11,0,3,7,3
S01009372,50 to 64,55,34,28,6,21,3,0,6,7,5
S01009372,65 to 74,34,18,17,1,16,3,0,0,7,6
S01009372,75 to 84,16,3,3,0,13,3,0,0,2,8
S01009372,85 and over,3,0,0,0,3,0,0,0,0,3
S01009373,All HRPs,398,168,110,58,230,104,2,14,65,45
S01009373,24 and under,24,8,0,8,16,16,0,0,0,0
S01009373,25 to 34,66,32,13,19,34,29,0,2,3,0
S01009373,35 to 49,133,56,42,14,77,39,0,8,25,5
S01009373,50 to 64,89,45,32,13,44,14,1,2,22,5
S01009373,65 to 74,46,17,16,1,29,4,0,2,12,11
S01009373,75 to 84,29,9,6,3,20,1,1,0,3,15
S01009373,85 and over,11,1,1,0,10,1,0,0,0,9
S01009374,All HRPs,432,191,154,37,241,59,3,17,63,99
S01009374,24 and under,15,6,2,4,9,8,1,0,0,0
S01009374,25 to 34,56,29,17,12,27,18,0,5,4,0
S01009374,35 to 49,74,41,32,9,33,15,0,5,11,2
S01009374,50 to 64,132,76,64,12,56,8,0,6,27,15
S01009374,65 to 74,71,30,30,0,41,5,0,1,14,21
S01009374,75 to 84,54,7,7,0,47,2,1,0,7,37
S01009374,85 and over,30,2,2,0,28,3,1,0,0,24
S01009375,All HRPs,337,183,141,42,154,51,0,14,51,38
S01009375,24 and under,10,2,0,2,8,8,0,0,0,0
S01009375,25 to 34,41,22,10,12,19,14,0,2,3,0
S01009375,35 to 49,104,62,44,18,42,14,0,8,18,2
S01009375,50 to 64,110,64,56,8,46,10,0,4,21,11
S01009375,65 to 74,52,26,25,1,26,5,0,0,8,13
S01009375,75 to 84,13,6,5,1,7,0,0,0,1,6
S01009375,85 and over,7,1,1,0,6,0,0,0,0,6
S01009376,All HRPs,271,131,107,24,140,43,3,14,45,35
S01009376,24 and under,3,0,0,0,3,3,0,0,0,0
S01009376,25 to 34,38,22,7,15,16,14,0,1,1,0
S01009376,35 to 49,62,29,25,4,33,12,0,7,13,1
S01009376,50 to 64,88,53,49,4,35,4,1,4,23,3
S01009376,65 to 74,52,20,20,0,32,7,2,1,8,14
S01009376,75 to 84,19,5,4,1,14,3,0,1,0,10
S01009376,85 and over,9,2,2,0,7,0,0,0,0,7
S01009377,All HRPs,373,213,156,57,160,72,5,16,52,15
S01009377,24 and under,16,8,1,7,8,8,0,0,0,0
S01009377,25 to 34,114,63,33,30,51,36,2,6,7,0
S01009377,35 to 49,144,82,66,16,62,26,2,4,28,2
S01009377,50 to 64,87,53,49,4,34,2,1,6,16,9
S01009377,65 to 74,9,5,5,0,4,0,0,0,1,3
S01009377,75 to 84,3,2,2,0,1,0,0,0,0,1
S01009377,85 and over,0,0,0,0,0,0,0,0,0,0
S01009378,All HRPs,388,212,165,47,176,65,0,25,63,23
S01009378,24 and under,22,6,1,5,16,15,0,0,1,0
S01009378,25 to 34,68,27,15,12,41,29,0,3,9,0
S01009378,35 to 49,152,96,71,25,56,17,0,18,21,0
S01009378,50 to 64,99,60,55,5,39,2,0,3,29,5
S01009378,65 to 74,30,18,18,0,12,1,0,0,3,8
S01009378,75 to 84,15,5,5,0,10,1,0,1,0,8
S01009378,85 and over,2,0,0,0,2,0,0,0,0,2
S01009379,All HRPs,337,234,179,55,103,45,3,16,27,12
S01009379,24 and under,6,2,0,2,4,4,0,0,0,0
S01009379,25 to 34,74,49,30,19,25,21,0,1,3,0
S01009379,35 to 49,173,135,103,32,38,11,0,13,12,2
S01009379,50 to 64,69,41,39,2,28,7,3,2,10,6
S01009379,65 to 74,11,5,5,0,6,1,0,0,2,3
S01009379,75 to 84,3,1,1,0,2,1,0,0,0,1
S01009379,85 and over,1,1,1,0,0,0,0,0,0,0
S01009380,All HRPs,200,147,116,31,53,18,0,11,13,11
S01009380,24 and under,0,0,0,0,0,0,0,0,0,0
S01009380,25 to 34,37,26,13,13,11,8,0,2,1,0
S01009380,35 to 49,75,51,42,9,24,9,0,7,8,0
S01009380,50 to 64,75,62,53,9,13,1,0,2,3,7
S01009380,65 to 74,11,6,6,0,5,0,0,0,1,4
S01009380,75 to 84,2,2,2,0,0,0,0,0,0,0
S01009380,85 and over,0,0,0,0,0,0,0,0,0,0
S01009381,All HRPs,284,163,115,48,121,51,3,10,33,24
S01009381,24 and under,13,7,0,7,6,6,0,0,0,0
S01009381,25 to 34,49,38,15,23,11,11,0,0,0,0
S01009381,35 to 49,102,53,38,15,49,25,1,6,16,1
S01009381,50 to 64,77,46,43,3,31,7,0,3,12,9
S01009381,65 to 74,25,15,15,0,10,1,2,1,4,2
S01009381,75 to 84,15,4,4,0,11,0,0,0,1,10
S01009381,85 and over,3,0,0,0,3,1,0,0,0,2
S01009382,All HRPs,377,188,150,38,189,56,7,18,46,62
S01009382,24 and under,9,5,1,4,4,4,0,0,0,0
S01009382,25 to 34,35,21,12,9,14,13,0,0,1,0
S01009382,35 to 49,92,53,37,16,39,19,2,10,8,0
S01009382,50 to 64,113,68,61,7,45,11,4,7,17,6
S01009382,65 to 74,66,24,23,1,42,4,0,1,15,22
S01009382,75 to 84,44,15,14,1,29,5,0,0,5,19
S01009382,85 and over,18,2,2,0,16,0,1,0,0,15
S01009383,All HRPs,439,155,106,49,284,126,5,36,68,49
S01009383,24 and under,25,4,2,2,21,21,0,0,0,0
S01009383,25 to 34,65,26,8,18,39,32,0,4,3,0
S01009383,35 to 49,146,43,28,15,103,52,1,21,25,4
S01009383,50 to 64,120,49,37,12,71,15,2,8,30,16
S01009383,65 to 74,41,18,17,1,23,4,1,3,8,7
S01009383,75 to 84,32,14,13,1,18,1,1,0,2,14
S01009383,85 and over,10,1,1,0,9,1,0,0,0,8
S01009384,All HRPs,248,162,133,29,86,20,3,8,30,25
S01009384,24 and under,1,1,0,1,0,0,0,0,0,0
S01009384,25 to 34,12,7,2,5,5,5,0,0,0,0
S01009384,35 to 49,84,57,42,15,27,12,0,3,11,1
S01009384,50 to 64,80,57,50,7,23,3,3,4,10,3
S01009384,65 to 74,45,30,29,1,15,0,0,1,5,9
S01009384,75 to 84,19,7,7,0,12,0,0,0,4,8
S01009384,85 and over,7,3,3,0,4,0,0,0,0,4
S01009385,All HRPs,220,129,104,25,91,30,2,12,16,31
S01009385,24 and under,5,1,0,1,4,4,0,0,0,0
S01009385,25 to 34,18,7,1,6,11,9,0,1,1,0
S01009385,35 to 49,60,40,29,11,20,10,0,6,4,0
S01009385,50 to 64,84,61,55,6,23,5,1,5,7,5
S01009385,65 to 74,25,11,11,0,14,2,0,0,3,9
S01009385,75 to 84,24,9,8,1,15,0,1,0,0,14
S01009385,85 and over,4,0,0,0,4,0,0,0,1,3
S01009386,All HRPs,279,170,132,38,109,32,2,8,32,35
S01009386,24 and under,3,1,0,1,2,2,0,0,0,0
S01009386,25 to 34,44,29,18,11,15,11,0,2,1,1
S01009386,35 to 49,73,43,29,14,30,15,0,4,11,0
S01009386,50 to 64,72,43,33,10,29,4,0,1,16,8
S01009386,65 to 74,57,40,38,2,17,0,1,1,3,12
S01009386,75 to 84,24,12,12,0,12,0,1,0,1,10
S01009386,85 and over,6,2,2,0,4,0,0,0,0,4
S01009387,All HRPs,260,144,112,32,116,40,4,20,25,27
S01009387,24 and under,9,2,0,2,7,7,0,0,0,0
S01009387,25 to 34,35,20,12,8,15,13,0,1,1,0
S01009387,35 to 49,78,40,24,16,38,12,1,12,12,1
S01009387,50 to 64,70,45,39,6,25,4,2,7,7,5
S01009387,65 to 74,39,24,24,0,15,4,0,0,4,7
S01009387,75 to 84,25,11,11,0,14,0,1,0,1,12
S01009387,85 and over,4,2,2,0,2,0,0,0,0,2
S01009388,All HRPs,423,161,91,70,262,130,5,28,66,33
S01009388,24 and under,34,12,1,11,22,22,0,0,0,0
S01009388,25 to 34,103,45,20,25,58,45,2,7,4,0
S01009388,35 to 49,142,53,31,22,89,39,1,16,33,0
S01009388,50 to 64,84,35,25,10,49,15,2,5,18,9
S01009388,65 to 74,26,7,6,1,19,4,0,0,7,8
S01009388,75 to 84,23,8,7,1,15,1,0,0,4,10
S01009388,85 and over,11,1,1,0,10,4,0,0,0,6
S01009389,All HRPs,460,237,198,39,223,88,6,22,51,56
S01009389,24 and under,10,5,0,5,5,5,0,0,0,0
S01009389,25 to 34,56,24,14,10,32,32,0,0,0,0
S01009389,35 to 49,118,62,45,17,56,26,2,12,16,0
S01009389,50 to 64,141,84,77,7,57,15,3,9,24,6
S01009389,65 to 74,71,42,42,0,29,6,0,1,7,15
S01009389,75 to 84,45,15,15,0,30,4,1,0,3,22
S01009389,85 and over,19,5,5,0,14,0,0,0,1,13
S01009390,All HRPs,270,209,185,24,61,11,3,8,21,18
S01009390,24 and under,2,0,0,0,2,0,2,0,0,0
S01009390,25 to 34,22,16,10,6,6,4,0,0,2,0
S01009390,35 to 49,144,122,111,11,22,6,0,7,8,1
S01009390,50 to 64,73,58,52,6,15,0,1,1,10,3
S01009390,65 to 74,18,7,6,1,11,1,0,0,1,9
S01009390,75 to 84,8,4,4,0,4,0,0,0,0,4
S01009390,85 and over,3,2,2,0,1,0,0,0,0,1
S01009391,All HRPs,259,189,151,38,70,30,1,18,13,8
S01009391,24 and under,2,1,0,1,1,1,0,0,0,0
S01009391,25 to 34,39,29,14,15,10,6,0,4,0,0
S01009391,35 to 49,143,107,90,17,36,16,0,8,11,1
S01009391,50 to 64,62,44,40,4,18,6,1,6,2,3
S01009391,65 to 74,10,6,5,1,4,1,0,0,0,3
S01009391,75 to 84,2,1,1,0,1,0,0,0,0,1
S01009391,85 and over,1,1,1,0,0,0,0,0,0,0
S01009392,All HRPs,193,157,134,23,36,11,0,8,10,7
S01009392,24 and under,1,0,0,0,1,1,0,0,0,0
S01009392,25 to 34,29,23,19,4,6,3,0,3,0,0
S01009392,35 to 49,108,92,80,12,16,6,0,3,6,1
S01009392,50 to 64,40,33,27,6,7,1,0,2,3,1
S01009392,65 to 74,10,5,5,0,5,0,0,0,1,4
S01009392,75 to 84,4,3,2,1,1,0,0,0,0,1
S01009392,85 and over,1,1,1,0,0,0,0,0,0,0
S01009393,All HRPs,265,193,170,23,72,25,1,6,20,20
S01009393,24 and under,1,1,0,1,0,0,0,0,0,0
S01009393,25 to 34,20,12,7,5,8,4,0,1,3,0
S01009393,35 to 49,89,69,60,9,20,9,0,2,7,2
S01009393,50 to 64,100,79,71,8,21,9,0,2,7,3
S01009393,65 to 74,29,19,19,0,10,1,0,0,3,6
S01009393,75 to 84,18,10,10,0,8,2,1,1,0,4
S01009393,85 and over,8,3,3,0,5,0,0,0,0,5
S01009394,All HRPs,451,229,178,51,222,100,5,27,51,39
S01009394,24 and under,16,8,0,8,8,8,0,0,0,0
S01009394,25 to 34,71,36,18,18,35,29,0,4,2,0
S01009394,35 to 49,148,74,56,18,74,46,3,12,11,2
S01009394,50 to 64,110,62,58,4,48,14,1,6,24,3
S01009394,65 to 74,61,35,33,2,26,3,1,4,8,10
S01009394,75 to 84,32,11,10,1,21,0,0,1,6,14
S01009394,85 and over,13,3,3,0,10,0,0,0,0,10
S01009395,All HRPs,305,211,203,8,94,13,5,8,25,43
S01009395,24 and under,0,0,0,0,0,0,0,0,0,0
S01009395,25 to 34,11,8,7,1,3,1,0,2,0,0
S01009395,35 to 49,54,40,36,4,14,4,1,4,5,0
S01009395,50 to 64,121,99,97,2,22,4,1,2,12,3
S01009395,65 to 74,54,41,40,1,13,1,1,0,6,5
S01009395,75 to 84,42,18,18,0,24,1,1,0,2,20
S01009395,85 and over,23,5,5,0,18,2,1,0,0,15
S01009396,All HRPs,301,230,206,24,71,14,4,8,14,31
S01009396,24 and under,2,2,1,1,0,0,0,0,0,0
S01009396,25 to 34,15,12,9,3,3,2,0,0,1,0
S01009396,35 to 49,77,62,53,9,15,5,0,5,5,0
S01009396,50 to 64,106,78,70,8,28,5,4,3,7,9
S01009396,65 to 74,66,54,53,1,12,2,0,0,1,9
S01009396,75 to 84,30,21,19,2,9,0,0,0,0,9
S01009396,85 and over,5,1,1,0,4,0,0,0,0,4
S01009397,All HRPs,330,194,174,20,136,60,4,10,26,36
S01009397,24 and under,6,5,2,3,1,1,0,0,0,0
S01009397,25 to 34,33,12,4,8,21,21,0,0,0,0
S01009397,35 to 49,91,55,50,5,36,24,0,3,8,1
S01009397,50 to 64,112,80,76,4,32,10,2,4,11,5
S01009397,65 to 74,41,23,23,0,18,2,0,2,6,8
S01009397,75 to 84,34,17,17,0,17,2,1,1,1,12
S01009397,85 and over,13,2,2,0,11,0,1,0,0,10
S01009398,All HRPs,308,186,152,34,122,39,1,14,35,33
S01009398,24 and under,5,2,0,2,3,3,0,0,0,0
S01009398,25 to 34,42,22,16,6,20,18,0,2,0,0
S01009398,35 to 49,97,63,45,18,34,15,0,8,9,2
S01009398,50 to 64,103,70,64,6,33,2,1,4,19,7
S01009398,65 to 74,37,22,21,1,15,1,0,0,6,8
S01009398,75 to 84,15,7,6,1,8,0,0,0,1,7
S01009398,85 and over,9,0,0,0,9,0,0,0,0,9
S01009399,All HRPs,311,205,181,24,106,26,2,10,22,46
S01009399,24 and under,1,1,1,0,0,0,0,0,0,0
S01009399,25 to 34,24,16,10,6,8,7,0,1,0,0
S01009399,35 to 49,87,60,50,10,27,14,1,2,9,1
S01009399,50 to 64,101,77,71,6,24,3,0,4,7,10
S01009399,65 to 74,50,28,27,1,22,1,1,3,5,12
S01009399,75 to 84,40,21,20,1,19,1,0,0,1,17
S01009399,85 and over,8,2,2,0,6,0,0,0,0,6
S01009400,All HRPs,221,128,102,26,93,18,2,14,24,35
S01009400,24 and under,2,1,1,0,1,1,0,0,0,0
S01009400,25 to 34,15,9,4,5,6,3,0,2,1,0
S01009400,35 to 49,76,51,36,15,25,9,1,6,7,2
S01009400,50 to 64,52,34,29,5,18,4,0,4,7,3
S01009400,65 to 74,47,27,26,1,20,1,0,2,5,12
S01009400,75 to 84,21,6,6,0,15,0,1,0,3,11
S01009400,85 and over,8,0,0,0,8,0,0,0,1,7
S01009401,All HRPs,284,206,193,13,78,16,1,5,18,38
S01009401,24 and under,3,2,1,1,1,1,0,0,0,0
S01009401,25 to 34,12,7,6,1,5,4,0,0,1,0
S01009401,35 to 49,61,49,46,3,12,4,1,2,5,0
S01009401,50 to 64,93,74,66,8,19,3,0,2,10,4
S01009401,65 to 74,64,47,47,0,17,2,0,1,1,13
S01009401,75 to 84,45,24,24,0,21,2,0,0,1,18
S01009401,85 and over,6,3,3,0,3,0,0,0,0,3
S01009402,All HRPs,397,280,254,26,117,27,4,6,30,50
S01009402,24 and under,1,0,0,0,1,1,0,0,0,0
S01009402,25 to 34,18,12,9,3,6,4,0,1,0,1
S01009402,35 to 49,107,85,69,16,22,8,0,3,10,1
S01009402,50 to 64,124,100,93,7,24,4,3,0,13,4
S01009402,65 to 74,76,52,52,0,24,3,1,2,5,13
S01009402,75 to 84,54,26,26,0,28,5,0,0,2,21
S01009402,85 and over,17,5,5,0,12,2,0,0,0,10
S01009403,All HRPs,206,146,121,25,60,11,2,10,20,17
S01009403,24 and under,2,0,0,0,2,2,0,0,0,0
S01009403,25 to 34,15,9,7,2,6,3,0,0,3,0
S01009403,35 to 49,86,68,51,17,18,5,0,8,5,0
S01009403,50 to 64,68,51,47,4,17,0,1,2,10,4
S01009403,65 to 74,19,14,13,1,5,0,0,0,2,3
S01009403,75 to 84,11,3,2,1,8,1,1,0,0,6
S01009403,85 and over,5,1,1,0,4,0,0,0,0,4
S01009404,All HRPs,232,112,87,25,120,51,2,10,32,25
S01009404,24 and under,11,4,1,3,7,7,0,0,0,0
S01009404,25 to 34,45,20,10,10,25,23,0,2,0,0
S01009404,35 to 49,66,32,29,3,34,13,2,6,13,0
S01009404,50 to 64,60,33,27,6,27,5,0,2,15,5
S01009404,65 to 74,23,12,11,1,11,2,0,0,3,6
S01009404,75 to 84,18,8,6,2,10,1,0,0,1,8
S01009404,85 and over,9,3,3,0,6,0,0,0,0,6
S01009405,All HRPs,157,122,109,13,35,3,0,5,17,10
S01009405,24 and under,0,0,0,0,0,0,0,0,0,0
S01009405,25 to 34,8,8,5,3,0,0,0,0,0,0
S01009405,35 to 49,47,40,35,5,7,2,0,1,4,0
S01009405,50 to 64,55,44,40,4,11,0,0,2,7,2
S01009405,65 to 74,33,27,26,1,6,0,0,2,1,3
S01009405,75 to 84,11,3,3,0,8,0,0,0,3,5
S01009405,85 and over,3,0,0,0,3,1,0,0,2,0
S01009406,All HRPs,429,224,164,60,205,85,3,20,43,54
S01009406,24 and under,18,6,1,5,12,11,0,0,1,0
S01009406,25 to 34,55,31,12,19,24,22,0,1,1,0
S01009406,35 to 49,122,73,51,22,49,31,0,6,11,1
S01009406,50 to 64,120,71,59,12,49,9,2,11,21,6
S01009406,65 to 74,63,34,32,2,29,7,1,2,5,14
S01009406,75 to 84,31,6,6,0,25,5,0,0,4,16
S01009406,85 and over,20,3,3,0,17,0,0,0,0,17
S01009407,All HRPs,227,147,116,31,80,21,1,12,24,22
S01009407,24 and under,0,0,0,0,0,0,0,0,0,0
S01009407,25 to 34,34,23,11,12,11,9,0,2,0,0
S01009407,35 to 49,58,41,31,10,17,7,0,2,7,1
S01009407,50 to 64,76,48,40,8,28,3,1,7,12,5
S01009407,65 to 74,38,23,22,1,15,1,0,1,2,11
S01009407,75 to 84,16,10,10,0,6,1,0,0,2,3
S01009407,85 and over,5,2,2,0,3,0,0,0,1,2
S01009408,All HRPs,307,220,175,45,87,39,0,13,19,16
S01009408,24 and under,2,1,0,1,1,1,0,0,0,0
S01009408,25 to 34,53,34,14,20,19,17,0,0,2,0
S01009408,35 to 49,94,73,59,14,21,10,0,4,6,1
S01009408,50 to 64,110,80,73,7,30,8,0,8,11,3
S01009408,65 to 74,34,28,25,3,6,1,0,0,0,5
S01009408,75 to 84,9,3,3,0,6,1,0,1,0,4
S01009408,85 and over,5,1,1,0,4,1,0,0,0,3
S01009409,All HRPs,308,170,135,35,138,35,0,14,35,54
S01009409,24 and under,11,6,0,6,5,4,0,0,1,0
S01009409,25 to 34,27,14,5,9,13,12,0,1,0,0
S01009409,35 to 49,84,44,31,13,40,11,0,12,15,2
S01009409,50 to 64,75,54,48,6,21,5,0,1,10,5
S01009409,65 to 74,59,36,35,1,23,2,0,0,4,17
S01009409,75 to 84,38,12,12,0,26,1,0,0,4,21
S01009409,85 and over,14,4,4,0,10,0,0,0,1,9
S01009410,All HRPs,351,205,148,57,146,66,2,10,35,33
S01009410,24 and under,15,12,1,11,3,3,0,0,0,0
S01009410,25 to 34,62,35,16,19,27,25,0,1,1,0
S01009410,35 to 49,109,61,42,19,48,26,1,3,15,3
S01009410,50 to 64,105,70,63,7,35,9,0,5,13,8
S01009410,65 to 74,34,18,17,1,16,2,0,1,5,8
S01009410,75 to 84,23,9,9,0,14,1,1,0,1,11
S01009410,85 and over,3,0,0,0,3,0,0,0,0,3
S01009411,All HRPs,364,203,158,45,161,63,1,13,37,47
S01009411,24 and under,16,3,0,3,13,13,0,0,0,0
S01009411,25 to 34,44,32,16,16,12,10,0,2,0,0
S01009411,35 to 49,105,64,47,17,41,22,0,6,13,0
S01009411,50 to 64,114,71,62,9,43,14,1,5,18,5
S01009411,65 to 74,42,24,24,0,18,2,0,0,3,13
S01009411,75 to 84,28,9,9,0,19,1,0,0,3,15
S01009411,85 and over,15,0,0,0,15,1,0,0,0,14
S01009412,All HRPs,407,197,149,48,210,77,4,20,55,54
S01009412,24 and under,9,2,1,1,7,7,0,0,0,0
S01009412,25 to 34,54,24,7,17,30,22,0,5,3,0
S01009412,35 to 49,118,67,45,22,51,31,1,5,13,1
S01009412,50 to 64,113,59,53,6,54,14,0,8,26,6
S01009412,65 to 74,58,29,29,0,29,1,1,2,10,15
S01009412,75 to 84,44,15,13,2,29,2,2,0,3,22
S01009412,85 and over,11,1,1,0,10,0,0,0,0,10
S01009413,All HRPs,456,255,206,49,201,67,1,17,43,73
S01009413,24 and under,14,3,0,3,11,11,0,0,0,0
S01009413,25 to 34,57,41,20,21,16,14,0,1,1,0
S01009413,35 to 49,122,78,62,16,44,23,0,7,12,2
S01009413,50 to 64,128,79,74,5,49,11,0,9,21,8
S01009413,65 to 74,71,42,40,2,29,4,0,0,6,19
S01009413,75 to 84,42,9,9,0,33,2,1,0,3,27
S01009413,85 and over,22,3,1,2,19,2,0,0,0,17
S01009414,All HRPs,292,180,159,21,112,29,0,10,29,44
S01009414,24 and under,2,2,1,1,0,0,0,0,0,0
S01009414,25 to 34,23,12,6,6,11,9,0,2,0,0
S01009414,35 to 49,71,46,37,9,25,12,0,6,7,0
S01009414,50 to 64,101,74,69,5,27,4,0,2,13,8
S01009414,65 to 74,52,28,28,0,24,3,0,0,6,15
S01009414,75 to 84,33,15,15,0,18,1,0,0,3,14
S01009414,85 and over,10,3,3,0,7,0,0,0,0,7
S01009415,All HRPs,386,176,134,42,210,87,4,11,60,48
S01009415,24 and under,15,3,1,2,12,12,0,0,0,0
S01009415,25 to 34,44,18,8,10,26,26,0,0,0,0
S01009415,35 to 49,109,61,40,21,48,28,0,7,12,1
S01009415,50 to 64,121,65,56,9,56,13,0,3,31,9
S01009415,65 to 74,40,18,18,0,22,4,0,1,12,5
S01009415,75 to 84,45,9,9,0,36,4,4,0,5,23
S01009415,85 and over,12,2,2,0,10,0,0,0,0,10
S01009416,All HRPs,201,153,139,14,48,9,0,5,11,23
S01009416,24 and under,0,0,0,0,0,0,0,0,0,0
S01009416,25 to 34,10,6,4,2,4,3,0,1,0,0
S01009416,35 to 49,70,61,52,9,9,2,0,3,4,0
S01009416,50 to 64,72,59,57,2,13,2,0,1,5,5
S01009416,65 to 74,33,22,21,1,11,1,0,0,1,9
S01009416,75 to 84,12,4,4,0,8,1,0,0,1,6
S01009416,85 and over,4,1,1,0,3,0,0,0,0,3
S01009417,All HRPs,114,90,65,25,24,6,1,7,6,4
S01009417,24 and under,1,1,0,1,0,0,0,0,0,0
S01009417,25 to 34,31,26,14,12,5,4,0,1,0,0
S01009417,35 to 49,40,32,25,7,8,2,0,4,2,0
S01009417,50 to 64,29,20,15,5,9,0,1,2,4,2
S01009417,65 to 74,9,8,8,0,1,0,0,0,0,1
S01009417,75 to 84,4,3,3,0,1,0,0,0,0,1
S01009417,85 and over,0,0,0,0,0,0,0,0,0,0
S01009418,All HRPs,517,275,197,78,242,80,1,24,43,94
S01009418,24 and under,16,11,0,11,5,5,0,0,0,0
S01009418,25 to 34,61,38,17,21,23,19,0,4,0,0
S01009418,35 to 49,152,92,61,31,60,37,0,9,13,1
S01009418,50 to 64,127,81,72,9,46,10,1,10,15,10
S01009418,65 to 74,79,34,30,4,45,3,0,1,11,30
S01009418,75 to 84,51,16,14,2,35,6,0,0,4,25
S01009418,85 and over,31,3,3,0,28,0,0,0,0,28
S01009419,All HRPs,245,128,103,25,117,35,2,11,28,41
S01009419,24 and under,9,3,0,3,6,4,0,2,0,0
S01009419,25 to 34,22,13,5,8,9,8,0,0,1,0
S01009419,35 to 49,91,52,44,8,39,17,0,8,12,2
S01009419,50 to 64,62,38,33,5,24,6,1,1,11,5
S01009419,65 to 74,36,15,14,1,21,0,1,0,4,16
S01009419,75 to 84,16,6,6,0,10,0,0,0,0,10
S01009419,85 and over,9,1,1,0,8,0,0,0,0,8
S01009420,All HRPs,253,115,78,37,138,43,1,23,42,29
S01009420,24 and under,5,2,0,2,3,3,0,0,0,0
S01009420,25 to 34,34,20,6,14,14,12,0,2,0,0
S01009420,35 to 49,94,39,23,16,55,15,1,14,21,4
S01009420,50 to 64,77,38,34,4,39,9,0,7,19,4
S01009420,65 to 74,26,13,12,1,13,2,0,0,1,10
S01009420,75 to 84,15,3,3,0,12,2,0,0,1,9
S01009420,85 and over,2,0,0,0,2,0,0,0,0,2
S01009421,All HRPs,295,154,117,37,141,56,0,19,41,25
S01009421,24 and under,10,4,0,4,6,6,0,0,0,0
S01009421,25 to 34,40,21,6,15,19,13,0,4,2,0
S01009421,35 to 49,104,44,28,16,60,31,0,11,16,2
S01009421,50 to 64,75,48,46,2,27,5,0,2,18,2
S01009421,65 to 74,44,27,27,0,17,1,0,2,5,9
S01009421,75 to 84,19,9,9,0,10,0,0,0,0,10
S01009421,85 and over,3,1,1,0,2,0,0,0,0,2
S01009422,All HRPs,369,208,157,51,161,56,3,15,35,52
S01009422,24 and under,20,8,2,6,12,12,0,0,0,0
S01009422,25 to 34,36,22,8,14,14,13,0,1,0,0
S01009422,35 to 49,101,61,38,23,40,21,0,7,11,1
S01009422,50 to 64,98,62,57,5,36,8,0,5,20,3
S01009422,65 to 74,42,26,25,1,16,1,1,1,3,10
S01009422,75 to 84,47,22,21,1,25,1,2,1,1,20
S01009422,85 and over,25,7,6,1,18,0,0,0,0,18
S01009423,All HRPs,336,268,210,58,68,27,0,15,10,16
S01009423,24 and under,8,6,1,5,2,2,0,0,0,0
S01009423,25 to 34,83,69,41,28,14,11,0,3,0,0
S01009423,35 to 49,143,117,98,19,26,13,0,10,2,1
S01009423,50 to 64,74,56,52,4,18,1,0,2,8,7
S01009423,65 to 74,21,18,17,1,3,0,0,0,0,3
S01009423,75 to 84,6,2,1,1,4,0,0,0,0,4
S01009423,85 and over,1,0,0,0,1,0,0,0,0,1
S01009424,All HRPs,250,159,137,22,91,27,2,8,26,28
S01009424,24 and under,6,3,0,3,3,3,0,0,0,0
S01009424,25 to 34,18,15,9,6,3,3,0,0,0,0
S01009424,35 to 49,72,52,45,7,20,8,1,3,6,2
S01009424,50 to 64,85,56,50,6,29,9,0,4,12,4
S01009424,65 to 74,41,23,23,0,18,0,1,1,7,9
S01009424,75 to 84,23,9,9,0,14,3,0,0,1,10
S01009424,85 and over,5,1,1,0,4,1,0,0,0,3
S01009425,All HRPs,372,195,154,41,177,74,3,23,27,50
S01009425,24 and under,17,8,1,7,9,9,0,0,0,0
S01009425,25 to 34,49,15,6,9,34,28,0,4,2,0
S01009425,35 to 49,88,46,35,11,42,21,0,9,11,1
S01009425,50 to 64,95,63,53,10,32,8,1,7,8,8
S01009425,65 to 74,58,35,33,2,23,5,0,3,5,10
S01009425,75 to 84,53,25,24,1,28,3,2,0,1,22
S01009425,85 and over,12,3,2,1,9,0,0,0,0,9
S01009426,All HRPs,415,160,118,42,255,96,3,21,59,76
S01009426,24 and under,14,6,0,6,8,8,0,0,0,0
S01009426,25 to 34,64,29,15,14,35,28,1,4,1,1
S01009426,35 to 49,98,31,19,12,67,40,1,10,15,1
S01009426,50 to 64,106,51,43,8,55,9,1,6,31,8
S01009426,65 to 74,60,24,22,2,36,7,0,1,7,21
S01009426,75 to 84,51,14,14,0,37,4,0,0,4,29
S01009426,85 and over,22,5,5,0,17,0,0,0,1,16
S01009427,All HRPs,326,125,89,36,201,82,2,10,41,66
S01009427,24 and under,16,11,2,9,5,5,0,0,0,0
S01009427,25 to 34,35,14,5,9,21,21,0,0,0,0
S01009427,35 to 49,88,29,17,12,59,40,1,7,11,0
S01009427,50 to 64,75,38,33,5,37,5,0,2,23,7
S01009427,65 to 74,50,22,21,1,28,3,1,1,6,17
S01009427,75 to 84,41,8,8,0,33,8,0,0,1,24
S01009427,85 and over,21,3,3,0,18,0,0,0,0,18
S01009428,All HRPs,235,138,104,34,97,46,2,13,16,20
S01009428,24 and under,7,4,0,4,3,3,0,0,0,0
S01009428,25 to 34,30,15,8,7,15,14,0,1,0,0
S01009428,35 to 49,83,46,32,14,37,18,0,10,6,3
S01009428,50 to 64,66,46,37,9,20,7,0,2,6,5
S01009428,65 to 74,26,20,20,0,6,1,0,0,1,4
S01009428,75 to 84,20,7,7,0,13,2,2,0,3,6
S01009428,85 and over,3,0,0,0,3,1,0,0,0,2
S01009429,All HRPs,341,155,119,36,186,71,4,15,39,57
S01009429,24 and under,17,3,0,3,14,14,0,0,0,0
S01009429,25 to 34,38,15,3,12,23,20,0,2,1,0
S01009429,35 to 49,89,42,30,12,47,22,1,5,16,3
S01009429,50 to 64,73,47,40,7,26,9,0,2,11,4
S01009429,65 to 74,63,30,28,2,33,3,1,5,7,17
S01009429,75 to 84,43,16,16,0,27,2,2,1,4,18
S01009429,85 and over,18,2,2,0,16,1,0,0,0,15
S01009430,All HRPs,338,154,119,35,184,60,2,18,38,66
S01009430,24 and under,13,6,0,6,7,7,0,0,0,0
S01009430,25 to 34,32,14,7,7,18,16,0,2,0,0
S01009430,35 to 49,97,49,36,13,48,24,1,11,12,0
S01009430,50 to 64,99,60,54,6,39,10,0,4,17,8
S01009430,65 to 74,46,16,14,2,30,1,0,1,7,21
S01009430,75 to 84,38,8,7,1,30,2,1,0,2,25
S01009430,85 and over,13,1,1,0,12,0,0,0,0,12
S01009431,All HRPs,330,155,126,29,175,65,2,16,40,52
S01009431,24 and under,17,2,0,2,15,15,0,0,0,0
S01009431,25 to 34,36,17,8,9,19,15,1,3,0,0
S01009431,35 to 49,89,43,33,10,46,26,0,7,13,0
S01009431,50 to 64,86,50,44,6,36,8,0,5,16,7
S01009431,65 to 74,43,25,24,1,18,0,0,1,8,9
S01009431,75 to 84,43,14,13,1,29,0,0,0,3,26
S01009431,85 and over,16,4,4,0,12,1,1,0,0,10
S01009432,All HRPs,321,166,122,44,155,57,2,21,40,35
S01009432,24 and under,9,1,0,1,8,8,0,0,0,0
S01009432,25 to 34,47,23,8,15,24,19,0,3,1,1
S01009432,35 to 49,92,47,34,13,45,23,0,12,9,1
S01009432,50 to 64,108,67,55,12,41,4,0,5,23,9
S01009432,65 to 74,31,14,13,1,17,0,0,1,6,10
S01009432,75 to 84,28,14,12,2,14,1,2,0,1,10
S01009432,85 and over,6,0,0,0,6,2,0,0,0,4
S01009433,All HRPs,330,157,123,34,173,58,3,29,38,45
S01009433,24 and under,12,5,1,4,7,7,0,0,0,0
S01009433,25 to 34,50,29,16,13,21,19,1,1,0,0
S01009433,35 to 49,98,39,33,6,59,22,0,19,16,2
S01009433,50 to 64,91,59,50,9,32,5,0,7,13,7
S01009433,65 to 74,43,18,16,2,25,2,2,2,6,13
S01009433,75 to 84,26,6,6,0,20,3,0,0,3,14
S01009433,85 and over,10,1,1,0,9,0,0,0,0,9
S01009434,All HRPs,248,122,92,30,126,55,2,7,28,34
S01009434,24 and under,11,4,1,3,7,7,0,0,0,0
S01009434,25 to 34,32,16,7,9,16,13,2,0,1,0
S01009434,35 to 49,68,29,19,10,39,27,0,4,8,0
S01009434,50 to 64,64,38,31,7,26,6,0,0,11,9
S01009434,65 to 74,40,23,22,1,17,2,0,2,5,8
S01009434,75 to 84,28,11,11,0,17,0,0,1,3,13
S01009434,85 and over,5,1,1,0,4,0,0,0,0,4
S01009435,All HRPs,347,133,95,38,214,97,3,20,52,42
S01009435,24 and under,17,8,0,8,9,8,0,1,0,0
S01009435,25 to 34,64,15,6,9,49,41,0,2,6,0
S01009435,35 to 49,112,46,35,11,66,33,1,6,25,1
S01009435,50 to 64,83,40,32,8,43,14,0,7,16,6
S01009435,65 to 74,39,15,14,1,24,1,1,4,5,13
S01009435,75 to 84,28,9,8,1,19,0,1,0,0,18
S01009435,85 and over,4,0,0,0,4,0,0,0,0,4
S01009436,All HRPs,298,165,111,54,133,56,2,11,39,25
S01009436,24 and under,11,6,0,6,5,5,0,0,0,0
S01009436,25 to 34,56,32,14,18,24,18,0,2,4,0
S01009436,35 to 49,86,49,29,20,37,18,1,7,11,0
S01009436,50 to 64,83,51,43,8,32,9,0,2,17,4
S01009436,65 to 74,34,20,18,2,14,4,0,0,3,7
S01009436,75 to 84,24,6,6,0,18,2,0,0,4,12
S01009436,85 and over,4,1,1,0,3,0,1,0,0,2
S01009437,All HRPs,318,165,117,48,153,46,1,8,35,63
S01009437,24 and under,12,6,1,5,6,6,0,0,0,0
S01009437,25 to 34,41,23,9,14,18,11,0,3,2,2
S01009437,35 to 49,79,47,33,14,32,15,1,3,12,1
S01009437,50 to 64,84,54,46,8,30,8,0,2,12,8
S01009437,65 to 74,53,25,20,5,28,4,0,0,7,17
S01009437,75 to 84,35,9,7,2,26,2,0,0,1,23
S01009437,85 and over,14,1,1,0,13,0,0,0,1,12
S01009438,All HRPs,410,198,164,34,212,76,2,16,43,75
S01009438,24 and under,15,2,0,2,13,13,0,0,0,0
S01009438,25 to 34,42,21,11,10,21,18,0,2,1,0
S01009438,35 to 49,101,60,45,15,41,19,0,7,13,2
S01009438,50 to 64,123,73,67,6,50,16,1,6,19,8
S01009438,65 to 74,58,26,25,1,32,7,0,0,8,17
S01009438,75 to 84,51,15,15,0,36,3,1,1,1,30
S01009438,85 and over,20,1,1,0,19,0,0,0,1,18
S01009439,All HRPs,386,205,168,37,181,51,2,33,44,51
S01009439,24 and under,11,4,0,4,7,7,0,0,0,0
S01009439,25 to 34,42,25,13,12,17,14,2,1,0,0
S01009439,35 to 49,117,55,43,12,62,20,0,21,18,3
S01009439,50 to 64,114,77,70,7,37,7,0,8,13,9
S01009439,65 to 74,67,34,32,2,33,1,0,3,12,17
S01009439,75 to 84,26,10,10,0,16,1,0,0,1,14
S01009439,85 and over,9,0,0,0,9,1,0,0,0,8
S01009440,All HRPs,328,151,110,41,177,57,0,18,36,66
S01009440,24 and under,15,8,0,8,7,7,0,0,0,0
S01009440,25 to 34,49,20,3,17,29,23,0,3,3,0
S01009440,35 to 49,72,39,29,10,33,11,0,9,12,1
S01009440,50 to 64,80,37,32,5,43,10,0,4,17,12
S01009440,65 to 74,56,31,30,1,25,3,0,1,4,17
S01009440,75 to 84,43,13,13,0,30,3,0,1,0,26
S01009440,85 and over,13,3,3,0,10,0,0,0,0,10
S01009441,All HRPs,370,165,110,55,205,89,3,27,47,39
S01009441,24 and under,18,3,0,3,15,15,0,0,0,0
S01009441,25 to 34,72,32,8,24,40,33,0,7,0,0
S01009441,35 to 49,113,53,31,22,60,28,1,10,19,2
S01009441,50 to 64,92,46,41,5,46,11,0,10,20,5
S01009441,65 to 74,34,18,18,0,16,1,0,0,6,9
S01009441,75 to 84,28,10,9,1,18,1,2,0,1,14
S01009441,85 and over,13,3,3,0,10,0,0,0,1,9
S01009442,All HRPs,216,157,122,35,59,22,0,9,10,18
S01009442,24 and under,5,1,0,1,4,4,0,0,0,0
S01009442,25 to 34,35,27,12,15,8,3,0,3,1,1
S01009442,35 to 49,74,54,41,13,20,10,0,2,5,3
S01009442,50 to 64,71,57,52,5,14,5,0,3,4,2
S01009442,65 to 74,18,13,12,1,5,0,0,1,0,4
S01009442,75 to 84,9,4,4,0,5,0,0,0,0,5
S01009442,85 and over,4,1,1,0,3,0,0,0,0,3
S01009443,All HRPs,288,174,145,29,114,43,1,16,21,33
S01009443,24 and under,7,1,0,1,6,6,0,0,0,0
S01009443,25 to 34,24,11,6,5,13,11,0,2,0,0
S01009443,35 to 49,88,56,45,11,32,16,0,11,5,0
S01009443,50 to 64,96,72,61,11,24,5,0,3,13,3
S01009443,65 to 74,35,23,22,1,12,1,0,0,3,8
S01009443,75 to 84,26,9,9,0,17,3,1,0,0,13
S01009443,85 and over,12,2,2,0,10,1,0,0,0,9
S01009444,All HRPs,305,239,218,21,66,15,2,10,17,22
S01009444,24 and under,1,1,1,0,0,0,0,0,0,0
S01009444,25 to 34,21,15,10,5,6,4,1,1,0,0
S01009444,35 to 49,113,96,83,13,17,4,1,8,4,0
S01009444,50 to 64,113,96,94,2,17,6,0,1,9,1
S01009444,65 to 74,30,21,20,1,9,0,0,0,2,7
S01009444,75 to 84,18,7,7,0,11,0,0,0,2,9
S01009444,85 and over,9,3,3,0,6,1,0,0,0,5
S01009445,All HRPs,320,196,164,32,124,40,2,13,28,41
S01009445,24 and under,10,5,1,4,5,4,0,0,0,1
S01009445,25 to 34,31,22,8,14,9,8,0,0,1,0
S01009445,35 to 49,92,55,46,9,37,13,1,9,12,2
S01009445,50 to 64,99,76,73,3,23,6,0,3,9,5
S01009445,65 to 74,47,22,22,0,25,2,1,1,5,16
S01009445,75 to 84,29,13,11,2,16,5,0,0,1,10
S01009445,85 and over,12,3,3,0,9,2,0,0,0,7
S01009446,All HRPs,471,159,113,46,312,120,3,27,87,75
S01009446,24 and under,29,4,1,3,25,25,0,0,0,0
S01009446,25 to 34,65,22,7,15,43,34,2,3,4,0
S01009446,35 to 49,131,50,38,12,81,36,0,14,30,1
S01009446,50 to 64,109,52,39,13,57,15,0,6,30,6
S01009446,65 to 74,51,14,13,1,37,2,0,4,10,21
S01009446,75 to 84,62,14,12,2,48,5,1,0,12,30
S01009446,85 and over,24,3,3,0,21,3,0,0,1,17
S01009447,All HRPs,238,115,84,31,123,60,3,12,29,19
S01009447,24 and under,9,4,0,4,5,5,0,0,0,0
S01009447,25 to 34,36,16,7,9,20,17,1,2,0,0
S01009447,35 to 49,60,25,15,10,35,21,0,5,8,1
S01009447,50 to 64,72,43,36,7,29,10,0,3,15,1
S01009447,65 to 74,35,20,20,0,15,4,2,1,5,3
S01009447,75 to 84,16,6,5,1,10,2,0,1,1,6
S01009447,85 and over,10,1,1,0,9,1,0,0,0,8
S01009448,All HRPs,343,223,176,47,120,33,3,17,29,38
S01009448,24 and under,6,1,1,0,5,5,0,0,0,0
S01009448,25 to 34,50,35,21,14,15,11,0,3,0,1
S01009448,35 to 49,107,77,55,22,30,12,0,10,8,0
S01009448,50 to 64,103,76,65,11,27,4,2,3,12,6
S01009448,65 to 74,41,19,19,0,22,1,0,1,6,14
S01009448,75 to 84,26,13,13,0,13,0,0,0,3,10
S01009448,85 and over,10,2,2,0,8,0,1,0,0,7
S01009449,All HRPs,231,127,105,22,104,32,1,14,22,35
S01009449,24 and under,8,1,0,1,7,7,0,0,0,0
S01009449,25 to 34,27,15,4,11,12,10,0,0,2,0
S01009449,35 to 49,49,27,21,6,22,7,0,7,8,0
S01009449,50 to 64,75,57,53,4,18,4,0,3,6,5
S01009449,65 to 74,32,16,16,0,16,2,0,4,4,6
S01009449,75 to 84,38,11,11,0,27,2,1,0,2,22
S01009449,85 and over,2,0,0,0,2,0,0,0,0,2
S01009450,All HRPs,307,107,64,43,200,112,1,18,40,29
S01009450,24 and under,25,2,0,2,23,23,0,0,0,0
S01009450,25 to 34,63,21,3,18,42,35,0,4,3,0
S01009450,35 to 49,87,35,16,19,52,35,0,7,10,0
S01009450,50 to 64,63,26,23,3,37,10,0,5,17,5
S01009450,65 to 74,38,18,17,1,20,6,0,2,4,8
S01009450,75 to 84,24,3,3,0,21,3,1,0,5,12
S01009450,85 and over,7,2,2,0,5,0,0,0,1,4
S01009451,All HRPs,427,215,158,57,212,86,4,17,49,56
S01009451,24 and under,23,9,0,9,14,14,0,0,0,0
S01009451,25 to 34,80,37,18,19,43,36,1,5,1,0
S01009451,35 to 49,127,77,55,22,50,26,1,5,18,0
S01009451,50 to 64,98,53,47,6,45,8,0,7,23,7
S01009451,65 to 74,48,27,26,1,21,2,0,0,4,15
S01009451,75 to 84,38,11,11,0,27,0,2,0,3,22
S01009451,85 and over,13,1,1,0,12,0,0,0,0,12
S01009452,All HRPs,269,111,80,31,158,54,3,14,42,45
S01009452,24 and under,24,7,0,7,17,16,0,1,0,0
S01009452,25 to 34,31,15,6,9,16,14,0,1,1,0
S01009452,35 to 49,64,25,14,11,39,16,0,8,15,0
S01009452,50 to 64,71,41,38,3,30,4,1,2,20,3
S01009452,65 to 74,29,17,16,1,12,2,0,0,2,8
S01009452,75 to 84,32,6,6,0,26,1,2,2,2,19
S01009452,85 and over,18,0,0,0,18,1,0,0,2,15
S01009453,All HRPs,493,226,178,48,267,109,4,38,58,58
S01009453,24 and under,18,6,0,6,12,12,0,0,0,0
S01009453,25 to 34,66,28,8,20,38,30,0,6,2,0
S01009453,35 to 49,145,69,56,13,76,43,0,17,16,0
S01009453,50 to 64,131,74,68,6,57,16,2,9,26,4
S01009453,65 to 74,51,22,20,2,29,7,0,3,7,12
S01009453,75 to 84,64,26,25,1,38,0,2,3,6,27
S01009453,85 and over,18,1,1,0,17,1,0,0,1,15
S01009454,All HRPs,397,237,197,40,160,46,2,18,39,55
S01009454,24 and under,2,0,0,0,2,2,0,0,0,0
S01009454,25 to 34,33,22,15,7,11,7,0,0,4,0
S01009454,35 to 49,120,79,58,21,41,21,0,8,11,1
S01009454,50 to 64,134,90,79,11,44,13,0,8,12,11
S01009454,65 to 74,57,27,26,1,30,2,0,2,9,17
S01009454,75 to 84,35,15,15,0,20,1,2,0,3,14
S01009454,85 and over,16,4,4,0,12,0,0,0,0,12
S01009455,All HRPs,386,246,216,30,140,35,5,12,36,52
S01009455,24 and under,4,2,0,2,2,2,0,0,0,0
S01009455,25 to 34,17,12,7,5,5,5,0,0,0,0
S01009455,35 to 49,94,67,52,15,27,12,1,8,6,0
S01009455,50 to 64,142,98,91,7,44,12,2,1,21,8
S01009455,65 to 74,52,32,31,1,20,2,1,3,7,7
S01009455,75 to 84,48,29,29,0,19,0,1,0,1,17
S01009455,85 and over,29,6,6,0,23,2,0,0,1,20
S01009456,All HRPs,358,160,129,31,198,73,1,19,47,58
S01009456,24 and under,13,4,0,4,9,9,0,0,0,0
S01009456,25 to 34,39,20,8,12,19,15,0,3,1,0
S01009456,35 to 49,97,41,35,6,56,40,0,6,10,0
S01009456,50 to 64,106,60,53,7,46,6,1,8,23,8
S01009456,65 to 74,46,25,23,2,21,2,0,2,4,13
S01009456,75 to 84,43,8,8,0,35,0,0,0,8,27
S01009456,85 and over,14,2,2,0,12,1,0,0,1,10
S01009457,All HRPs,254,171,144,27,83,23,0,8,26,26
S01009457,24 and under,1,0,0,0,1,1,0,0,0,0
S01009457,25 to 34,12,10,3,7,2,2,0,0,0,0
S01009457,35 to 49,78,50,39,11,28,10,0,6,12,0
S01009457,50 to 64,87,66,58,8,21,4,0,2,9,6
S01009457,65 to 74,46,29,28,1,17,4,0,0,3,10
S01009457,75 to 84,21,14,14,0,7,2,0,0,1,4
S01009457,85 and over,9,2,2,0,7,0,0,0,1,6
S01009458,All HRPs,332,155,117,38,177,56,3,26,34,58
S01009458,24 and under,9,4,1,3,5,5,0,0,0,0
S01009458,25 to 34,34,17,6,11,17,14,0,2,1,0
S01009458,35 to 49,98,53,35,18,45,20,1,17,6,1
S01009458,50 to 64,86,46,41,5,40,11,1,5,15,8
S01009458,65 to 74,50,22,22,0,28,5,0,2,7,14
S01009458,75 to 84,44,13,12,1,31,1,1,0,5,24
S01009458,85 and over,11,0,0,0,11,0,0,0,0,11
S01009459,All HRPs,457,193,147,46,264,104,5,17,79,59
S01009459,24 and under,25,7,1,6,18,18,0,0,0,0
S01009459,25 to 34,58,28,13,15,30,29,0,1,0,0
S01009459,35 to 49,115,59,46,13,56,29,1,9,17,0
S01009459,50 to 64,128,60,52,8,68,20,3,5,36,4
S01009459,65 to 74,67,28,26,2,39,6,0,1,16,16
S01009459,75 to 84,42,8,6,2,34,1,1,1,9,22
S01009459,85 and over,22,3,3,0,19,1,0,0,1,17
S01009460,All HRPs,399,162,93,69,237,109,0,23,65,40
S01009460,24 and under,29,9,2,7,20,20,0,0,0,0
S01009460,25 to 34,78,42,8,34,36,31,0,2,2,1
S01009460,35 to 49,124,56,33,23,68,34,0,15,18,1
S01009460,50 to 64,94,34,29,5,60,14,0,6,32,8
S01009460,65 to 74,36,14,14,0,22,6,0,0,7,9
S01009460,75 to 84,29,7,7,0,22,3,0,0,4,15
S01009460,85 and over,9,0,0,0,9,1,0,0,2,6
S01009461,All HRPs,201,169,134,35,32,9,3,8,6,6
S01009461,24 and under,5,4,1,3,1,1,0,0,0,0
S01009461,25 to 34,38,36,23,13,2,1,1,0,0,0
S01009461,35 to 49,89,78,64,14,11,4,0,4,3,0
S01009461,50 to 64,53,39,34,5,14,2,2,3,3,4
S01009461,65 to 74,13,9,9,0,4,1,0,1,0,2
S01009461,75 to 84,2,2,2,0,0,0,0,0,0,0
S01009461,85 and over,1,1,1,0,0,0,0,0,0,0
S01009462,All HRPs,292,178,141,37,114,33,2,6,25,48
S01009462,24 and under,1,0,0,0,1,1,0,0,0,0
S01009462,25 to 34,23,18,8,10,5,4,0,1,0,0
S01009462,35 to 49,83,61,43,18,22,12,0,2,7,1
S01009462,50 to 64,87,60,51,9,27,11,1,2,9,4
S01009462,65 to 74,53,28,28,0,25,2,0,1,6,16
S01009462,75 to 84,31,9,9,0,22,3,1,0,3,15
S01009462,85 and over,14,2,2,0,12,0,0,0,0,12
S01009463,All HRPs,306,179,161,18,127,32,3,19,32,41
S01009463,24 and under,7,3,0,3,4,4,0,0,0,0
S01009463,25 to 34,24,14,8,6,10,7,0,3,0,0
S01009463,35 to 49,79,48,41,7,31,10,0,11,9,1
S01009463,50 to 64,84,55,53,2,29,6,1,3,15,4
S01009463,65 to 74,53,34,34,0,19,3,0,2,4,10
S01009463,75 to 84,43,18,18,0,25,2,1,0,4,18
S01009463,85 and over,16,7,7,0,9,0,1,0,0,8
S01009464,All HRPs,378,237,197,40,141,44,2,9,35,51
S01009464,24 and under,4,0,0,0,4,4,0,0,0,0
S01009464,25 to 34,46,28,12,16,18,14,0,1,3,0
S01009464,35 to 49,122,83,67,16,39,21,1,3,13,1
S01009464,50 to 64,101,81,74,7,20,2,1,4,11,2
S01009464,65 to 74,51,31,30,1,20,1,0,1,8,10
S01009464,75 to 84,40,14,14,0,26,2,0,0,0,24
S01009464,85 and over,14,0,0,0,14,0,0,0,0,14
S01009465,All HRPs,269,146,120,26,123,30,1,18,37,37
S01009465,24 and under,2,2,0,2,0,0,0,0,0,0
S01009465,25 to 34,25,13,7,6,12,9,0,2,1,0
S01009465,35 to 49,88,55,43,12,33,11,0,7,15,0
S01009465,50 to 64,65,37,33,4,28,4,0,7,14,3
S01009465,65 to 74,51,27,25,2,24,3,0,2,6,13
S01009465,75 to 84,28,12,12,0,16,2,1,0,1,12
S01009465,85 and over,10,0,0,0,10,1,0,0,0,9
S01009466,All HRPs,256,169,150,19,87,18,1,8,24,36
S01009466,24 and under,1,1,0,1,0,0,0,0,0,0
S01009466,25 to 34,14,10,6,4,4,3,0,1,0,0
S01009466,35 to 49,61,45,38,7,16,3,1,5,7,0
S01009466,50 to 64,83,57,55,2,26,9,0,1,11,5
S01009466,65 to 74,51,32,29,3,19,2,0,1,5,11
S01009466,75 to 84,27,16,16,0,11,1,0,0,1,9
S01009466,85 and over,19,8,6,2,11,0,0,0,0,11
S01009467,All HRPs,330,223,193,30,107,23,2,12,31,39
S01009467,24 and under,2,1,0,1,1,1,0,0,0,0
S01009467,25 to 34,20,11,5,6,9,5,0,4,0,0
S01009467,35 to 49,96,71,60,11,25,8,2,4,10,1
S01009467,50 to 64,106,80,69,11,26,3,0,4,12,7
S01009467,65 to 74,59,43,42,1,16,2,0,0,6,8
S01009467,75 to 84,29,12,12,0,17,2,0,0,2,13
S01009467,85 and over,18,5,5,0,13,2,0,0,1,10
S01009468,All HRPs,385,172,132,40,213,77,1,13,58,64
S01009468,24 and under,16,4,0,4,12,12,0,0,0,0
S01009468,25 to 34,38,18,7,11,20,20,0,0,0,0
S01009468,35 to 49,107,53,37,16,54,28,0,5,17,4
S01009468,50 to 64,94,47,41,6,47,10,0,5,26,6
S01009468,65 to 74,65,34,32,2,31,5,1,2,10,13
S01009468,75 to 84,48,16,15,1,32,2,0,1,5,24
S01009468,85 and over,17,0,0,0,17,0,0,0,0,17
S01009469,All HRPs,393,207,172,35,186,74,0,16,44,52
S01009469,24 and under,11,6,1,5,5,4,0,1,0,0
S01009469,25 to 34,31,14,8,6,17,15,0,2,0,0
S01009469,35 to 49,94,57,43,14,37,25,0,4,8,0
S01009469,50 to 64,129,77,69,8,52,18,0,5,25,4
S01009469,65 to 74,66,32,31,1,34,8,0,3,9,14
S01009469,75 to 84,51,20,19,1,31,3,0,1,0,27
S01009469,85 and over,11,1,1,0,10,1,0,0,2,7
S01009470,All HRPs,232,124,110,14,108,34,0,11,27,36
S01009470,24 and under,8,2,0,2,6,6,0,0,0,0
S01009470,25 to 34,19,7,4,3,12,8,0,0,4,0
S01009470,35 to 49,54,32,27,5,22,11,0,4,7,0
S01009470,50 to 64,67,38,36,2,29,7,0,6,9,7
S01009470,65 to 74,43,33,31,2,10,0,0,1,5,4
S01009470,75 to 84,28,11,11,0,17,1,0,0,2,14
S01009470,85 and over,13,1,1,0,12,1,0,0,0,11
S01009471,All HRPs,414,123,96,27,291,88,4,20,83,96
S01009471,24 and under,11,4,2,2,7,7,0,0,0,0
S01009471,25 to 34,30,15,7,8,15,13,0,1,1,0
S01009471,35 to 49,79,30,19,11,49,32,0,6,11,0
S01009471,50 to 64,118,39,35,4,79,16,2,7,48,6
S01009471,65 to 74,68,16,15,1,52,11,0,5,13,23
S01009471,75 to 84,75,16,15,1,59,9,1,0,8,41
S01009471,85 and over,33,3,3,0,30,0,1,1,2,26
S01009472,All HRPs,435,180,123,57,255,107,6,30,68,44
S01009472,24 and under,31,6,0,6,25,22,1,1,0,1
S01009472,25 to 34,65,34,15,19,31,24,1,4,2,0
S01009472,35 to 49,130,57,36,21,73,40,2,6,22,3
S01009472,50 to 64,116,47,37,10,69,16,1,14,33,5
S01009472,65 to 74,51,23,23,0,28,3,1,3,8,13
S01009472,75 to 84,35,11,11,0,24,2,0,2,3,17
S01009472,85 and over,7,2,1,1,5,0,0,0,0,5
S01009473,All HRPs,464,177,110,67,287,148,5,27,64,43
S01009473,24 and under,33,14,1,13,19,19,0,0,0,0
S01009473,25 to 34,114,57,23,34,57,52,1,4,0,0
S01009473,35 to 49,127,39,24,15,88,43,1,11,32,1
S01009473,50 to 64,98,32,28,4,66,31,2,11,16,6
S01009473,65 to 74,44,19,18,1,25,3,1,1,11,9
S01009473,75 to 84,38,14,14,0,24,0,0,0,5,19
S01009473,85 and over,10,2,2,0,8,0,0,0,0,8
S01009474,All HRPs,403,187,130,57,216,115,2,19,51,29
S01009474,24 and under,39,10,0,10,29,29,0,0,0,0
S01009474,25 to 34,70,30,15,15,40,37,1,1,1,0
S01009474,35 to 49,136,66,44,22,70,37,1,8,23,1
S01009474,50 to 64,97,54,48,6,43,7,0,8,23,5
S01009474,65 to 74,31,16,12,4,15,1,0,2,4,8
S01009474,75 to 84,25,10,10,0,15,4,0,0,0,11
S01009474,85 and over,5,1,1,0,4,0,0,0,0,4
S01009475,All HRPs,222,160,140,20,62,16,0,12,18,16
S01009475,24 and under,3,2,1,1,1,1,0,0,0,0
S01009475,25 to 34,22,17,11,6,5,5,0,0,0,0
S01009475,35 to 49,82,55,46,9,27,8,0,9,6,4
S01009475,50 to 64,75,60,57,3,15,1,0,3,8,3
S01009475,65 to 74,29,20,19,1,9,1,0,0,4,4
S01009475,75 to 84,10,6,6,0,4,0,0,0,0,4
S01009475,85 and over,1,0,0,0,1,0,0,0,0,1
S01009476,All HRPs,169,124,108,16,45,16,1,10,11,7
S01009476,24 and under,5,3,1,2,2,2,0,0,0,0
S01009476,25 to 34,21,14,12,2,7,4,0,2,1,0
S01009476,35 to 49,83,71,62,9,12,4,0,3,5,0
S01009476,50 to 64,40,25,24,1,15,6,0,3,4,2
S01009476,65 to 74,14,9,7,2,5,0,1,2,1,1
S01009476,75 to 84,4,2,2,0,2,0,0,0,0,2
S01009476,85 and over,2,0,0,0,2,0,0,0,0,2
S01009477,All HRPs,358,161,140,21,197,88,4,19,35,51
S01009477,24 and under,8,3,0,3,5,5,0,0,0,0
S01009477,25 to 34,37,10,5,5,27,26,0,1,0,0
S01009477,35 to 49,104,61,53,8,43,24,1,5,12,1
S01009477,50 to 64,104,58,54,4,46,16,2,9,15,4
S01009477,65 to 74,41,13,13,0,28,9,1,3,5,10
S01009477,75 to 84,47,12,11,1,35,6,0,1,3,25
S01009477,85 and over,17,4,4,0,13,2,0,0,0,11
S01009478,All HRPs,480,186,106,80,294,166,5,22,66,35
S01009478,24 and under,35,16,0,16,19,19,0,0,0,0
S01009478,25 to 34,112,48,20,28,64,58,3,0,3,0
S01009478,35 to 49,142,45,24,21,97,63,1,12,21,0
S01009478,50 to 64,118,53,40,13,65,21,0,8,29,7
S01009478,65 to 74,37,15,14,1,22,2,1,1,9,9
S01009478,75 to 84,26,9,8,1,17,1,0,1,3,12
S01009478,85 and over,10,0,0,0,10,2,0,0,1,7
S01009479,All HRPs,420,173,126,47,247,118,2,12,55,60
S01009479,24 and under,33,14,0,14,19,19,0,0,0,0
S01009479,25 to 34,80,27,8,19,53,50,0,1,2,0
S01009479,35 to 49,102,46,38,8,56,31,0,5,18,2
S01009479,50 to 64,92,47,42,5,45,8,2,4,26,5
S01009479,65 to 74,42,24,23,1,18,3,0,0,7,8
S01009479,75 to 84,47,10,10,0,37,5,0,2,1,29
S01009479,85 and over,24,5,5,0,19,2,0,0,1,16
S01009480,All HRPs,420,221,184,37,199,58,5,8,47,81
S01009480,24 and under,1,0,0,0,1,1,0,0,0,0
S01009480,25 to 34,31,22,14,8,9,9,0,0,0,0
S01009480,35 to 49,94,62,42,20,32,19,0,1,12,0
S01009480,50 to 64,129,78,69,9,51,13,3,5,23,7
S01009480,65 to 74,61,29,29,0,32,5,0,2,9,16
S01009480,75 to 84,70,26,26,0,44,7,1,0,2,34
S01009480,85 and over,34,4,4,0,30,4,1,0,1,24
S01009481,All HRPs,489,197,128,69,292,153,4,27,47,61
S01009481,24 and under,29,10,0,10,19,18,0,0,1,0
S01009481,25 to 34,114,35,14,21,79,69,0,5,5,0
S01009481,35 to 49,128,58,32,26,70,40,1,14,15,0
S01009481,50 to 64,106,53,42,11,53,16,1,5,22,9
S01009481,65 to 74,45,24,23,1,21,6,0,2,4,9
S01009481,75 to 84,47,14,14,0,33,4,2,1,0,26
S01009481,85 and over,20,3,3,0,17,0,0,0,0,17
S01009482,All HRPs,332,136,85,51,196,133,2,15,25,21
S01009482,24 and under,31,9,0,9,22,22,0,0,0,0
S01009482,25 to 34,100,41,17,24,59,56,0,2,1,0
S01009482,35 to 49,82,33,22,11,49,35,1,8,4,1
S01009482,50 to 64,66,29,24,5,37,11,1,3,19,3
S01009482,65 to 74,26,15,13,2,11,3,0,2,1,5
S01009482,75 to 84,23,9,9,0,14,5,0,0,0,9
S01009482,85 and over,4,0,0,0,4,1,0,0,0,3
S01009483,All HRPs,403,155,107,48,248,162,0,14,47,25
S01009483,24 and under,14,4,1,3,10,10,0,0,0,0
S01009483,25 to 34,103,35,13,22,68,59,0,1,8,0
S01009483,35 to 49,144,50,33,17,94,71,0,10,13,0
S01009483,50 to 64,88,46,40,6,42,15,0,2,21,4
S01009483,65 to 74,25,10,10,0,15,1,0,1,5,8
S01009483,75 to 84,19,5,5,0,14,5,0,0,0,9
S01009483,85 and over,10,5,5,0,5,1,0,0,0,4
S01009484,All HRPs,427,160,127,33,267,106,5,18,67,71
S01009484,24 and under,13,8,0,8,5,5,0,0,0,0
S01009484,25 to 34,59,20,7,13,39,37,0,0,2,0
S01009484,35 to 49,105,36,29,7,69,30,0,11,27,1
S01009484,50 to 64,97,42,38,4,55,16,3,4,27,5
S01009484,65 to 74,66,31,31,0,35,5,0,2,7,21
S01009484,75 to 84,61,20,19,1,41,8,2,1,2,28
S01009484,85 and over,26,3,3,0,23,5,0,0,2,16
S01009485,All HRPs,362,181,143,38,181,53,4,15,50,59
S01009485,24 and under,10,4,0,4,6,5,0,1,0,0
S01009485,25 to 34,35,18,8,10,17,14,0,3,0,0
S01009485,35 to 49,90,53,38,15,37,20,2,2,13,0
S01009485,50 to 64,88,47,41,6,41,5,0,6,27,3
S01009485,65 to 74,73,33,32,1,40,7,0,2,9,22
S01009485,75 to 84,54,22,20,2,32,2,2,1,0,27
S01009485,85 and over,12,4,4,0,8,0,0,0,1,7
S01009486,All HRPs,313,178,158,20,135,46,3,9,19,58
S01009486,24 and under,5,2,0,2,3,3,0,0,0,0
S01009486,25 to 34,32,17,8,9,15,15,0,0,0,0
S01009486,35 to 49,51,34,29,5,17,10,0,4,2,1
S01009486,50 to 64,89,58,54,4,31,8,0,4,11,8
S01009486,65 to 74,45,29,29,0,16,2,1,1,1,11
S01009486,75 to 84,70,33,33,0,37,5,2,0,4,26
S01009486,85 and over,21,5,5,0,16,3,0,0,1,12
S01009487,All HRPs,385,188,147,41,197,76,1,17,37,66
S01009487,24 and under,21,6,1,5,15,15,0,0,0,0
S01009487,25 to 34,44,23,12,11,21,18,0,0,3,0
S01009487,35 to 49,89,51,35,16,38,21,0,7,10,0
S01009487,50 to 64,96,52,45,7,44,15,0,7,19,3
S01009487,65 to 74,49,32,31,1,17,3,0,3,2,9
S01009487,75 to 84,57,19,18,1,38,3,1,0,2,32
S01009487,85 and over,29,5,5,0,24,1,0,0,1,22
S01009488,All HRPs,267,169,144,25,98,28,1,11,29,29
S01009488,24 and under,1,1,0,1,0,0,0,0,0,0
S01009488,25 to 34,33,23,13,10,10,8,0,1,1,0
S01009488,35 to 49,88,61,54,7,27,7,0,6,14,0
S01009488,50 to 64,73,51,45,6,22,8,0,3,9,2
S01009488,65 to 74,35,24,23,1,11,3,0,1,3,4
S01009488,75 to 84,27,6,6,0,21,2,1,0,2,16
S01009488,85 and over,10,3,3,0,7,0,0,0,0,7
S01009489,All HRPs,389,167,130,37,222,95,4,17,58,48
S01009489,24 and under,23,5,1,4,18,17,0,0,0,1
S01009489,25 to 34,56,24,12,12,32,26,0,3,2,1
S01009489,35 to 49,105,43,33,10,62,35,1,8,17,1
S01009489,50 to 64,97,51,42,9,46,10,2,5,22,7
S01009489,65 to 74,59,26,25,1,33,5,0,1,9,18
S01009489,75 to 84,33,13,13,0,20,1,0,0,7,12
S01009489,85 and over,16,5,4,1,11,1,1,0,1,8
S01009490,All HRPs,394,163,110,53,231,112,3,17,60,39
S01009490,24 and under,44,10,1,9,34,33,0,0,1,0
S01009490,25 to 34,74,30,12,18,44,36,2,4,2,0
S01009490,35 to 49,94,37,23,14,57,26,0,8,21,2
S01009490,50 to 64,105,58,48,10,47,11,0,4,24,8
S01009490,65 to 74,48,24,22,2,24,3,0,1,11,9
S01009490,75 to 84,19,4,4,0,15,2,0,0,1,12
S01009490,85 and over,10,0,0,0,10,1,1,0,0,8
S01009491,All HRPs,332,160,129,31,172,55,0,9,44,64
S01009491,24 and under,6,2,1,1,4,4,0,0,0,0
S01009491,25 to 34,38,17,9,8,21,18,0,2,1,0
S01009491,35 to 49,79,42,31,11,37,16,0,6,14,1
S01009491,50 to 64,80,48,40,8,32,6,0,1,15,10
S01009491,65 to 74,60,31,28,3,29,4,0,0,11,14
S01009491,75 to 84,49,16,16,0,33,5,0,0,2,26
S01009491,85 and over,20,4,4,0,16,2,0,0,1,13
S01009492,All HRPs,310,182,149,33,128,50,1,10,32,35
S01009492,24 and under,11,8,2,6,3,3,0,0,0,0
S01009492,25 to 34,31,16,11,5,15,14,0,0,1,0
S01009492,35 to 49,95,60,49,11,35,18,0,6,6,5
S01009492,50 to 64,90,54,48,6,36,7,0,3,18,8
S01009492,65 to 74,52,31,27,4,21,5,0,1,5,10
S01009492,75 to 84,24,10,9,1,14,3,1,0,2,8
S01009492,85 and over,7,3,3,0,4,0,0,0,0,4
S01009493,All HRPs,366,263,247,16,103,12,6,5,9,71
S01009493,24 and under,1,0,0,0,1,1,0,0,0,0
S01009493,25 to 34,8,8,6,2,0,0,0,0,0,0
S01009493,35 to 49,62,55,49,6,7,5,0,1,0,1
S01009493,50 to 64,133,114,108,6,19,3,1,4,4,7
S01009493,65 to 74,74,49,48,1,25,2,1,0,4,18
S01009493,75 to 84,66,30,29,1,36,1,2,0,1,32
S01009493,85 and over,22,7,7,0,15,0,2,0,0,13
S01009494,All HRPs,387,264,232,32,123,54,1,16,29,23
S01009494,24 and under,8,3,1,2,5,4,0,1,0,0
S01009494,25 to 34,48,29,19,10,19,19,0,0,0,0
S01009494,35 to 49,151,110,96,14,41,21,0,11,8,1
S01009494,50 to 64,117,81,75,6,36,9,1,4,16,6
S01009494,65 to 74,40,29,29,0,11,1,0,0,4,6
S01009494,75 to 84,20,10,10,0,10,0,0,0,1,9
S01009494,85 and over,3,2,2,0,1,0,0,0,0,1
S01009495,All HRPs,375,256,213,43,119,43,2,15,37,22
S01009495,24 and under,9,3,0,3,6,6,0,0,0,0
S01009495,25 to 34,47,32,21,11,15,11,0,0,3,1
S01009495,35 to 49,119,77,66,11,42,16,0,12,14,0
S01009495,50 to 64,123,96,79,17,27,7,1,3,14,2
S01009495,65 to 74,53,37,36,1,16,3,1,0,3,9
S01009495,75 to 84,21,10,10,0,11,0,0,0,2,9
S01009495,85 and over,3,1,1,0,2,0,0,0,1,1
S01009496,All HRPs,371,204,154,50,167,52,2,19,35,59
S01009496,24 and under,14,8,0,8,6,5,0,0,0,1
S01009496,25 to 34,39,23,9,14,16,14,0,2,0,0
S01009496,35 to 49,101,59,41,18,42,18,0,14,8,2
S01009496,50 to 64,100,61,52,9,39,10,1,1,20,7
S01009496,65 to 74,54,32,31,1,22,3,1,2,5,11
S01009496,75 to 84,53,21,21,0,32,2,0,0,2,28
S01009496,85 and over,10,0,0,0,10,0,0,0,0,10
S01009497,All HRPs,426,270,204,66,156,54,2,18,38,44
S01009497,24 and under,11,7,0,7,4,4,0,0,0,0
S01009497,25 to 34,63,40,17,23,23,19,0,3,1,0
S01009497,35 to 49,127,91,66,25,36,18,0,6,12,0
S01009497,50 to 64,106,63,55,8,43,11,0,6,20,6
S01009497,65 to 74,66,43,41,2,23,2,0,1,3,17
S01009497,75 to 84,45,23,22,1,22,0,2,2,2,16
S01009497,85 and over,8,3,3,0,5,0,0,0,0,5
S01009498,All HRPs,276,204,187,17,72,15,1,7,12,37
S01009498,24 and under,0,0,0,0,0,0,0,0,0,0
S01009498,25 to 34,12,10,6,4,2,2,0,0,0,0
S01009498,35 to 49,63,46,38,8,17,7,0,5,4,1
S01009498,50 to 64,101,86,82,4,15,2,1,1,6,5
S01009498,65 to 74,66,46,45,1,20,4,0,1,0,15
S01009498,75 to 84,22,13,13,0,9,0,0,0,1,8
S01009498,85 and over,12,3,3,0,9,0,0,0,1,8
S01009499,All HRPs,357,213,174,39,144,44,3,17,29,51
S01009499,24 and under,13,2,0,2,11,10,0,1,0,0
S01009499,25 to 34,34,20,8,12,14,10,0,2,1,1
S01009499,35 to 49,96,59,43,16,37,18,0,4,15,0
S01009499,50 to 64,110,74,67,7,36,5,0,8,11,12
S01009499,65 to 74,54,34,33,1,20,1,3,1,1,14
S01009499,75 to 84,41,23,23,0,18,0,0,1,1,16
S01009499,85 and over,9,1,0,1,8,0,0,0,0,8
S01009500,All HRPs,382,168,104,64,214,75,3,19,57,60
S01009500,24 and under,16,7,0,7,9,9,0,0,0,0
S01009500,25 to 34,50,22,8,14,28,23,0,3,2,0
S01009500,35 to 49,103,53,21,32,50,25,0,8,17,0
S01009500,50 to 64,98,49,40,9,49,10,0,4,30,5
S01009500,65 to 74,49,19,18,1,30,4,2,4,6,14
S01009500,75 to 84,44,13,12,1,31,2,1,0,2,26
S01009500,85 and over,22,5,5,0,17,2,0,0,0,15
S01009501,All HRPs,315,152,112,40,163,43,0,15,49,56
S01009501,24 and under,5,3,1,2,2,2,0,0,0,0
S01009501,25 to 34,42,24,13,11,18,16,0,0,2,0
S01009501,35 to 49,74,43,30,13,31,13,0,7,11,0
S01009501,50 to 64,86,47,37,10,39,10,0,5,21,3
S01009501,65 to 74,51,16,14,2,35,2,0,3,11,19
S01009501,75 to 84,45,19,17,2,26,0,0,0,2,24
S01009501,85 and over,12,0,0,0,12,0,0,0,2,10
S01009502,All HRPs,374,192,140,52,182,71,1,13,50,47
S01009502,24 and under,17,5,0,5,12,12,0,0,0,0
S01009502,25 to 34,53,32,16,16,21,20,0,1,0,0
S01009502,35 to 49,114,56,35,21,58,24,1,4,27,2
S01009502,50 to 64,109,67,59,8,42,14,0,6,15,7
S01009502,65 to 74,38,18,17,1,20,1,0,2,6,11
S01009502,75 to 84,32,13,12,1,19,0,0,0,1,18
S01009502,85 and over,11,1,1,0,10,0,0,0,1,9
S01009503,All HRPs,338,176,129,47,162,46,2,13,45,56
S01009503,24 and under,6,1,1,0,5,5,0,0,0,0
S01009503,25 to 34,35,18,8,10,17,15,0,1,0,1
S01009503,35 to 49,111,67,42,25,44,19,0,4,20,1
S01009503,50 to 64,93,59,48,11,34,4,1,7,16,6
S01009503,65 to 74,46,18,17,1,28,2,0,1,6,19
S01009503,75 to 84,35,11,11,0,24,1,1,0,3,19
S01009503,85 and over,12,2,2,0,10,0,0,0,0,10
S01009504,All HRPs,314,123,89,34,191,80,2,19,51,39
S01009504,24 and under,22,4,1,3,18,16,0,2,0,0
S01009504,25 to 34,46,24,10,14,22,18,0,3,1,0
S01009504,35 to 49,110,40,29,11,70,33,1,10,25,1
S01009504,50 to 64,80,36,30,6,44,8,0,4,19,13
S01009504,65 to 74,28,18,18,0,10,2,0,0,5,3
S01009504,75 to 84,13,1,1,0,12,2,1,0,0,9
S01009504,85 and over,15,0,0,0,15,1,0,0,1,13
S01009505,All HRPs,355,129,78,51,226,99,7,18,60,42
S01009505,24 and under,47,18,0,18,29,29,0,0,0,0
S01009505,25 to 34,69,30,9,21,39,27,2,6,4,0
S01009505,35 to 49,105,33,28,5,72,32,3,10,25,2
S01009505,50 to 64,71,27,21,6,44,10,1,1,24,8
S01009505,65 to 74,28,13,12,1,15,0,1,1,4,9
S01009505,75 to 84,28,8,8,0,20,1,0,0,3,16
S01009505,85 and over,7,0,0,0,7,0,0,0,0,7
S01009506,All HRPs,348,140,102,38,208,85,3,21,44,55
S01009506,24 and under,12,3,0,3,9,8,0,1,0,0
S01009506,25 to 34,72,30,15,15,42,35,1,5,0,1
S01009506,35 to 49,84,35,23,12,49,26,1,8,12,2
S01009506,50 to 64,107,49,43,6,58,10,1,5,30,12
S01009506,65 to 74,37,15,13,2,22,6,0,2,1,13
S01009506,75 to 84,28,7,7,0,21,0,0,0,1,20
S01009506,85 and over,8,1,1,0,7,0,0,0,0,7
S01009507,All HRPs,346,210,161,49,136,42,2,15,39,38
S01009507,24 and under,10,8,1,7,2,2,0,0,0,0
S01009507,25 to 34,47,33,21,12,14,11,0,1,2,0
S01009507,35 to 49,132,85,68,17,47,21,1,10,14,1
S01009507,50 to 64,87,54,42,12,33,5,1,3,14,10
S01009507,65 to 74,35,14,13,1,21,3,0,0,8,10
S01009507,75 to 84,24,12,12,0,12,0,0,1,1,10
S01009507,85 and over,11,4,4,0,7,0,0,0,0,7
S01009508,All HRPs,397,169,113,56,228,105,7,24,53,39
S01009508,24 and under,30,10,1,9,20,19,0,1,0,0
S01009508,25 to 34,71,30,10,20,41,33,1,3,4,0
S01009508,35 to 49,112,46,34,12,66,36,1,14,14,1
S01009508,50 to 64,104,50,38,12,54,13,3,4,26,8
S01009508,65 to 74,45,20,18,2,25,3,0,0,7,15
S01009508,75 to 84,24,11,10,1,13,1,1,1,2,8
S01009508,85 and over,11,2,2,0,9,0,1,1,0,7
S01009509,All HRPs,421,203,154,49,218,98,2,9,45,64
S01009509,24 and under,19,7,0,7,12,12,0,0,0,0
S01009509,25 to 34,63,30,13,17,33,26,0,3,4,0
S01009509,35 to 49,120,68,53,15,52,35,2,3,10,2
S01009509,50 to 64,109,65,57,8,44,17,0,3,21,3
S01009509,65 to 74,44,16,16,0,28,7,0,0,7,14
S01009509,75 to 84,50,15,14,1,35,1,0,0,3,31
S01009509,85 and over,16,2,1,1,14,0,0,0,0,14
S01009510,All HRPs,301,207,182,25,94,21,1,8,18,46
S01009510,24 and under,5,4,0,4,1,1,0,0,0,0
S01009510,25 to 34,17,11,8,3,6,6,0,0,0,0
S01009510,35 to 49,63,49,37,12,14,6,0,5,2,1
S01009510,50 to 64,110,86,82,4,24,4,0,2,12,6
S01009510,65 to 74,55,37,36,1,18,1,0,1,3,13
S01009510,75 to 84,36,17,16,1,19,3,1,0,1,14
S01009510,85 and over,15,3,3,0,12,0,0,0,0,12
S01009511,All HRPs,257,169,154,15,88,11,2,6,16,53
S01009511,24 and under,2,2,1,1,0,0,0,0,0,0
S01009511,25 to 34,22,19,11,8,3,2,0,0,1,0
S01009511,35 to 49,51,40,36,4,11,2,0,2,5,2
S01009511,50 to 64,69,51,49,2,18,3,0,4,8,3
S01009511,65 to 74,51,25,25,0,26,3,1,0,2,20
S01009511,75 to 84,49,29,29,0,20,0,1,0,0,19
S01009511,85 and over,13,3,3,0,10,1,0,0,0,9
S01009512,All HRPs,313,227,199,28,86,14,3,9,26,34
S01009512,24 and under,2,2,1,1,0,0,0,0,0,0
S01009512,25 to 34,27,21,14,7,6,3,0,1,1,1
S01009512,35 to 49,88,67,55,12,21,5,0,6,9,1
S01009512,50 to 64,105,85,77,8,20,1,1,2,10,6
S01009512,65 to 74,56,39,39,0,17,2,1,0,3,11
S01009512,75 to 84,28,12,12,0,16,2,1,0,2,11
S01009512,85 and over,7,1,1,0,6,1,0,0,1,4
S01009513,All HRPs,245,180,160,20,65,13,1,7,18,26
S01009513,24 and under,2,0,0,0,2,2,0,0,0,0
S01009513,25 to 34,21,13,6,7,8,4,0,1,3,0
S01009513,35 to 49,54,40,34,6,14,4,1,4,5,0
S01009513,50 to 64,90,78,71,7,12,2,0,2,5,3
S01009513,65 to 74,44,30,30,0,14,1,0,0,5,8
S01009513,75 to 84,31,19,19,0,12,0,0,0,0,12
S01009513,85 and over,3,0,0,0,3,0,0,0,0,3
S01009514,All HRPs,282,209,189,20,73,20,0,11,14,28
S01009514,24 and under,1,0,0,0,1,1,0,0,0,0
S01009514,25 to 34,34,25,20,5,9,8,0,1,0,0
S01009514,35 to 49,74,54,43,11,20,9,0,5,4,2
S01009514,50 to 64,105,83,79,4,22,2,0,4,8,8
S01009514,65 to 74,45,37,37,0,8,0,0,0,1,7
S01009514,75 to 84,18,8,8,0,10,0,0,0,1,9
S01009514,85 and over,5,2,2,0,3,0,0,1,0,2
S01009515,All HRPs,362,170,148,22,192,57,5,16,48,66
S01009515,24 and under,12,5,0,5,7,7,0,0,0,0
S01009515,25 to 34,37,20,13,7,17,14,1,1,1,0
S01009515,35 to 49,78,44,36,8,34,22,2,6,3,1
S01009515,50 to 64,99,47,45,2,52,9,1,6,30,6
S01009515,65 to 74,58,27,27,0,31,3,0,3,4,21
S01009515,75 to 84,57,25,25,0,32,1,1,0,9,21
S01009515,85 and over,21,2,2,0,19,1,0,0,1,17
S01009516,All HRPs,399,228,184,44,171,39,1,10,45,76
S01009516,24 and under,5,2,0,2,3,3,0,0,0,0
S01009516,25 to 34,48,31,16,15,17,16,0,0,1,0
S01009516,35 to 49,83,58,42,16,25,10,0,2,12,1
S01009516,50 to 64,99,62,52,10,37,7,0,5,14,11
S01009516,65 to 74,86,49,48,1,37,2,0,3,9,23
S01009516,75 to 84,58,23,23,0,35,0,1,0,6,28
S01009516,85 and over,20,3,3,0,17,1,0,0,3,13
S01009517,All HRPs,347,262,210,52,85,38,2,16,21,8
S01009517,24 and under,7,2,0,2,5,5,0,0,0,0
S01009517,25 to 34,78,55,35,20,23,21,0,1,1,0
S01009517,35 to 49,184,151,128,23,33,11,0,11,11,0
S01009517,50 to 64,58,43,37,6,15,1,2,4,7,1
S01009517,65 to 74,15,10,9,1,5,0,0,0,1,4
S01009517,75 to 84,5,1,1,0,4,0,0,0,1,3
S01009517,85 and over,0,0,0,0,0,0,0,0,0,0
S01009518,All HRPs,319,248,187,61,71,34,3,4,24,6
S01009518,24 and under,13,3,0,3,10,10,0,0,0,0
S01009518,25 to 34,81,63,37,26,18,15,1,1,1,0
S01009518,35 to 49,161,135,107,28,26,7,1,3,13,2
S01009518,50 to 64,55,41,37,4,14,2,1,0,8,3
S01009518,65 to 74,7,5,5,0,2,0,0,0,1,1
S01009518,75 to 84,1,1,1,0,0,0,0,0,0,0
S01009518,85 and over,1,0,0,0,1,0,0,0,1,0
S01009519,All HRPs,195,134,105,29,61,23,0,8,21,9
S01009519,24 and under,6,3,0,3,3,3,0,0,0,0
S01009519,25 to 34,24,18,9,9,6,6,0,0,0,0
S01009519,35 to 49,54,38,25,13,16,8,0,4,3,1
S01009519,50 to 64,77,53,50,3,24,6,0,4,13,1
S01009519,65 to 74,25,18,17,1,7,0,0,0,5,2
S01009519,75 to 84,7,3,3,0,4,0,0,0,0,4
S01009519,85 and over,2,1,1,0,1,0,0,0,0,1
S01009520,All HRPs,328,231,197,34,97,33,3,11,32,18
S01009520,24 and under,10,1,0,1,9,9,0,0,0,0
S01009520,25 to 34,37,25,16,9,12,10,0,1,1,0
S01009520,35 to 49,103,77,66,11,26,10,1,8,6,1
S01009520,50 to 64,124,93,82,11,31,2,2,2,19,6
S01009520,65 to 74,38,25,23,2,13,2,0,0,6,5
S01009520,75 to 84,13,9,9,0,4,0,0,0,0,4
S01009520,85 and over,3,1,1,0,2,0,0,0,0,2
S01009521,All HRPs,363,198,163,35,165,53,3,23,35,51
S01009521,24 and under,12,0,0,0,12,8,1,3,0,0
S01009521,25 to 34,34,18,7,11,16,15,0,1,0,0
S01009521,35 to 49,96,52,38,14,44,20,1,13,9,1
S01009521,50 to 64,86,59,52,7,27,4,0,3,14,6
S01009521,65 to 74,72,38,37,1,34,4,1,3,8,18
S01009521,75 to 84,51,26,26,0,25,2,0,0,4,19
S01009521,85 and over,12,5,3,2,7,0,0,0,0,7
S01009522,All HRPs,376,212,163,49,164,72,3,22,40,27
S01009522,24 and under,16,4,0,4,12,12,0,0,0,0
S01009522,25 to 34,69,40,23,17,29,26,1,2,0,0
S01009522,35 to 49,139,82,61,21,57,24,1,10,20,2
S01009522,50 to 64,96,52,45,7,44,7,1,10,16,10
S01009522,65 to 74,33,23,23,0,10,2,0,0,4,4
S01009522,75 to 84,18,10,10,0,8,1,0,0,0,7
S01009522,85 and over,5,1,1,0,4,0,0,0,0,4
S01009523,All HRPs,263,112,85,27,151,54,5,9,36,47
S01009523,24 and under,7,3,0,3,4,4,0,0,0,0
S01009523,25 to 34,37,21,13,8,16,15,1,0,0,0
S01009523,35 to 49,66,30,23,7,36,18,1,8,8,1
S01009523,50 to 64,78,33,25,8,45,12,1,1,23,8
S01009523,65 to 74,32,17,16,1,15,1,1,0,4,9
S01009523,75 to 84,34,7,7,0,27,4,0,0,1,22
S01009523,85 and over,9,1,1,0,8,0,1,0,0,7
S01009524,All HRPs,341,136,97,39,205,100,4,14,59,28
S01009524,24 and under,21,7,1,6,14,14,0,0,0,0
S01009524,25 to 34,59,31,18,13,28,26,0,1,1,0
S01009524,35 to 49,96,39,28,11,57,30,0,7,20,0
S01009524,50 to 64,96,39,31,8,57,20,1,6,26,4
S01009524,65 to 74,35,15,15,0,20,7,0,0,7,6
S01009524,75 to 84,23,4,3,1,19,1,2,0,4,12
S01009524,85 and over,11,1,1,0,10,2,1,0,1,6
S01009525,All HRPs,254,113,79,34,141,64,1,15,30,31
S01009525,24 and under,15,6,0,6,9,9,0,0,0,0
S01009525,25 to 34,30,11,2,9,19,16,0,1,2,0
S01009525,35 to 49,81,41,29,12,40,19,1,8,10,2
S01009525,50 to 64,53,21,16,5,32,8,0,5,13,6
S01009525,65 to 74,38,17,16,1,21,9,0,1,4,7
S01009525,75 to 84,25,12,11,1,13,3,0,0,1,9
S01009525,85 and over,12,5,5,0,7,0,0,0,0,7
S01009526,All HRPs,365,172,92,80,193,99,4,23,38,29
S01009526,24 and under,28,11,0,11,17,17,0,0,0,0
S01009526,25 to 34,111,64,14,50,47,43,0,1,3,0
S01009526,35 to 49,84,32,18,14,52,27,0,9,16,0
S01009526,50 to 64,80,38,34,4,42,10,2,11,15,4
S01009526,65 to 74,33,16,15,1,17,1,1,1,3,11
S01009526,75 to 84,20,8,8,0,12,1,1,1,1,8
S01009526,85 and over,9,3,3,0,6,0,0,0,0,6
S01009527,All HRPs,384,128,81,47,256,125,4,9,58,60
S01009527,24 and under,41,16,2,14,25,25,0,0,0,0
S01009527,25 to 34,71,33,11,22,38,34,0,0,4,0
S01009527,35 to 49,97,28,19,9,69,45,1,5,17,1
S01009527,50 to 64,73,26,25,1,47,11,1,4,25,6
S01009527,65 to 74,42,14,13,1,28,7,0,0,10,11
S01009527,75 to 84,37,7,7,0,30,2,2,0,2,24
S01009527,85 and over,23,4,4,0,19,1,0,0,0,18
S01009528,All HRPs,355,102,80,22,253,69,7,22,64,91
S01009528,24 and under,6,3,0,3,3,3,0,0,0,0
S01009528,25 to 34,36,14,4,10,22,20,0,2,0,0
S01009528,35 to 49,48,12,6,6,36,11,2,6,16,1
S01009528,50 to 64,83,25,23,2,58,15,2,11,24,6
S01009528,65 to 74,64,21,20,1,43,10,0,2,16,15
S01009528,75 to 84,76,21,21,0,55,7,2,1,7,38
S01009528,85 and over,42,6,6,0,36,3,1,0,1,31
S01009529,All HRPs,247,151,132,19,96,29,1,5,26,35
S01009529,24 and under,6,1,0,1,5,5,0,0,0,0
S01009529,25 to 34,15,12,6,6,3,3,0,0,0,0
S01009529,35 to 49,68,45,36,9,23,10,1,4,6,2
S01009529,50 to 64,77,53,51,2,24,5,0,1,13,5
S01009529,65 to 74,42,22,21,1,20,2,0,0,6,12
S01009529,75 to 84,34,17,17,0,17,4,0,0,1,12
S01009529,85 and over,5,1,1,0,4,0,0,0,0,4
S01009530,All HRPs,255,175,146,29,80,19,2,8,12,39
S01009530,24 and under,2,0,0,0,2,2,0,0,0,0
S01009530,25 to 34,9,6,6,0,3,3,0,0,0,0
S01009530,35 to 49,74,61,45,16,13,4,1,5,3,0
S01009530,50 to 64,75,60,47,13,15,4,0,3,6,2
S01009530,65 to 74,41,28,28,0,13,2,1,0,3,7
S01009530,75 to 84,37,16,16,0,21,3,0,0,0,18
S01009530,85 and over,17,4,4,0,13,1,0,0,0,12
S01009531,All HRPs,432,162,120,42,270,111,2,27,60,70
S01009531,24 and under,29,7,0,7,22,21,0,1,0,0
S01009531,25 to 34,62,29,13,16,33,30,0,0,3,0
S01009531,35 to 49,90,40,28,12,50,29,0,8,11,2
S01009531,50 to 64,103,41,36,5,62,18,1,12,22,9
S01009531,65 to 74,84,32,30,2,52,10,1,4,18,19
S01009531,75 to 84,44,13,13,0,31,2,0,2,5,22
S01009531,85 and over,20,0,0,0,20,1,0,0,1,18
S01009532,All HRPs,437,185,156,29,252,89,6,12,60,85
S01009532,24 and under,9,3,1,2,6,6,0,0,0,0
S01009532,25 to 34,56,22,12,10,34,33,0,0,1,0
S01009532,35 to 49,71,27,20,7,44,28,1,2,13,0
S01009532,50 to 64,109,52,46,6,57,9,0,9,29,10
S01009532,65 to 74,97,49,46,3,48,6,2,1,12,27
S01009532,75 to 84,70,29,28,1,41,5,2,0,4,30
S01009532,85 and over,25,3,3,0,22,2,1,0,1,18
S01009533,All HRPs,440,148,96,52,292,138,5,22,61,66
S01009533,24 and under,26,9,1,8,17,17,0,0,0,0
S01009533,25 to 34,82,32,11,21,50,48,0,0,2,0
S01009533,35 to 49,104,32,21,11,72,45,0,8,17,2
S01009533,50 to 64,123,46,37,9,77,16,4,12,30,15
S01009533,65 to 74,48,18,15,3,30,7,1,1,7,14
S01009533,75 to 84,37,9,9,0,28,3,0,0,3,22
S01009533,85 and over,20,2,2,0,18,2,0,1,2,13
S01009534,All HRPs,427,135,83,52,292,125,3,40,72,52
S01009534,24 and under,39,10,1,9,29,29,0,0,0,0
S01009534,25 to 34,78,34,12,22,44,35,0,7,2,0
S01009534,35 to 49,132,40,27,13,92,41,0,20,28,3
S01009534,50 to 64,82,25,20,5,57,11,1,10,34,1
S01009534,65 to 74,40,18,17,1,22,4,0,1,6,11
S01009534,75 to 84,38,7,6,1,31,2,2,2,2,23
S01009534,85 and over,18,1,0,1,17,3,0,0,0,14
S01009535,All HRPs,297,99,47,52,198,107,5,12,51,23
S01009535,24 and under,31,10,0,10,21,21,0,0,0,0
S01009535,25 to 34,57,31,14,17,26,24,0,1,1,0
S01009535,35 to 49,97,27,12,15,70,38,2,4,25,1
S01009535,50 to 64,71,21,14,7,50,18,3,6,19,4
S01009535,65 to 74,19,3,1,2,16,4,0,1,5,6
S01009535,75 to 84,16,5,4,1,11,2,0,0,0,9
S01009535,85 and over,6,2,2,0,4,0,0,0,1,3
S01009536,All HRPs,228,115,81,34,113,51,2,9,27,24
S01009536,24 and under,7,4,0,4,3,3,0,0,0,0
S01009536,25 to 34,39,16,8,8,23,19,1,0,3,0
S01009536,35 to 49,80,46,32,14,34,19,1,5,8,1
S01009536,50 to 64,47,26,22,4,21,6,0,3,9,3
S01009536,65 to 74,31,19,15,4,12,1,0,0,6,5
S01009536,75 to 84,16,3,3,0,13,3,0,0,1,9
S01009536,85 and over,8,1,1,0,7,0,0,1,0,6
S01009537,All HRPs,280,122,95,27,158,67,1,16,43,31
S01009537,24 and under,11,4,1,3,7,6,0,1,0,0
S01009537,25 to 34,41,17,8,9,24,19,0,1,3,1
S01009537,35 to 49,77,28,19,9,49,24,0,9,16,0
S01009537,50 to 64,64,35,31,4,29,9,0,5,13,2
S01009537,65 to 74,46,24,23,1,22,3,0,0,8,11
S01009537,75 to 84,31,12,11,1,19,4,1,0,3,11
S01009537,85 and over,10,2,2,0,8,2,0,0,0,6
S01009538,All HRPs,401,140,88,52,261,115,4,26,75,41
S01009538,24 and under,15,3,1,2,12,11,0,1,0,0
S01009538,25 to 34,68,29,7,22,39,33,0,6,0,0
S01009538,35 to 49,118,46,29,17,72,42,0,9,18,3
S01009538,50 to 64,125,44,34,10,81,18,3,9,44,7
S01009538,65 to 74,38,14,13,1,24,5,0,1,10,8
S01009538,75 to 84,26,4,4,0,22,3,1,0,3,15
S01009538,85 and over,11,0,0,0,11,3,0,0,0,8
S01009539,All HRPs,389,224,184,40,165,41,3,17,47,57
S01009539,24 and under,9,8,2,6,1,1,0,0,0,0
S01009539,25 to 34,40,24,9,15,16,11,0,3,2,0
S01009539,35 to 49,87,55,48,7,32,9,0,9,14,0
S01009539,50 to 64,130,87,79,8,43,12,0,2,23,6
S01009539,65 to 74,51,32,29,3,19,3,1,1,6,8
S01009539,75 to 84,40,14,13,1,26,3,0,1,2,20
S01009539,85 and over,32,4,4,0,28,2,2,1,0,23
S01009540,All HRPs,459,165,110,55,294,110,3,31,105,45
S01009540,24 and under,24,8,0,8,16,16,0,0,0,0
S01009540,25 to 34,77,38,14,24,39,29,0,3,7,0
S01009540,35 to 49,142,43,22,21,99,46,0,11,39,3
S01009540,50 to 64,105,36,34,2,69,11,0,12,42,4
S01009540,65 to 74,46,20,20,0,26,3,0,5,13,5
S01009540,75 to 84,42,15,15,0,27,3,2,0,4,18
S01009540,85 and over,23,5,5,0,18,2,1,0,0,15
S01009541,All HRPs,321,208,171,37,113,45,4,14,19,31
S01009541,24 and under,3,2,0,2,1,1,0,0,0,0
S01009541,25 to 34,40,21,10,11,19,15,2,1,0,1
S01009541,35 to 49,102,71,57,14,31,17,1,6,5,2
S01009541,50 to 64,101,72,64,8,29,6,1,6,12,4
S01009541,65 to 74,37,25,25,0,12,3,0,1,1,7
S01009541,75 to 84,29,15,13,2,14,3,0,0,1,10
S01009541,85 and over,9,2,2,0,7,0,0,0,0,7
S01009542,All HRPs,380,139,89,50,241,119,2,22,57,41
S01009542,24 and under,42,8,0,8,34,34,0,0,0,0
S01009542,25 to 34,78,33,13,20,45,35,0,6,4,0
S01009542,35 to 49,107,39,24,15,68,33,1,12,19,3
S01009542,50 to 64,86,39,32,7,47,11,0,3,29,4
S01009542,65 to 74,29,10,10,0,19,4,0,1,5,9
S01009542,75 to 84,27,9,9,0,18,2,0,0,0,16
S01009542,85 and over,11,1,1,0,10,0,1,0,0,9
S01009543,All HRPs,279,145,114,31,134,29,1,18,38,48
S01009543,24 and under,7,3,0,3,4,4,0,0,0,0
S01009543,25 to 34,17,10,4,6,7,5,0,1,1,0
S01009543,35 to 49,55,30,17,13,25,10,0,7,7,1
S01009543,50 to 64,92,53,46,7,39,4,0,7,22,6
S01009543,65 to 74,48,26,24,2,22,3,0,2,4,13
S01009543,75 to 84,44,21,21,0,23,1,1,1,4,16
S01009543,85 and over,16,2,2,0,14,2,0,0,0,12
S01009544,All HRPs,432,226,178,48,206,74,3,15,55,59
S01009544,24 and under,6,4,1,3,2,2,0,0,0,0
S01009544,25 to 34,38,17,8,9,21,20,0,0,1,0
S01009544,35 to 49,124,76,57,19,48,27,1,5,12,3
S01009544,50 to 64,134,76,65,11,58,14,0,7,27,10
S01009544,65 to 74,65,30,26,4,35,8,2,2,9,14
S01009544,75 to 84,49,17,15,2,32,2,0,1,6,23
S01009544,85 and over,16,6,6,0,10,1,0,0,0,9
S01009545,All HRPs,344,193,162,31,151,53,0,21,32,45
S01009545,24 and under,17,7,1,6,10,10,0,0,0,0
S01009545,25 to 34,42,21,9,12,21,14,0,3,4,0
S01009545,35 to 49,85,51,43,8,34,12,0,10,11,1
S01009545,50 to 64,93,65,61,4,28,10,0,5,9,4
S01009545,65 to 74,56,32,31,1,24,5,0,3,5,11
S01009545,75 to 84,42,16,16,0,26,1,0,0,3,22
S01009545,85 and over,9,1,1,0,8,1,0,0,0,7
S01009546,All HRPs,414,252,174,78,162,63,2,15,45,37
S01009546,24 and under,15,5,0,5,10,10,0,0,0,0
S01009546,25 to 34,92,64,27,37,28,20,0,6,1,1
S01009546,35 to 49,116,75,48,27,41,19,0,5,16,1
S01009546,50 to 64,124,80,72,8,44,10,0,4,20,10
S01009546,65 to 74,41,22,21,1,19,3,1,0,8,7
S01009546,75 to 84,19,6,6,0,13,0,0,0,0,13
S01009546,85 and over,7,0,0,0,7,1,1,0,0,5
S01009547,All HRPs,337,162,121,41,175,83,6,17,36,33
S01009547,24 and under,15,4,0,4,11,11,0,0,0,0
S01009547,25 to 34,54,21,5,16,33,30,1,2,0,0
S01009547,35 to 49,100,40,27,13,60,31,5,10,13,1
S01009547,50 to 64,95,61,53,8,34,7,0,4,19,4
S01009547,65 to 74,39,22,22,0,17,1,0,0,4,12
S01009547,75 to 84,27,13,13,0,14,3,0,1,0,10
S01009547,85 and over,7,1,1,0,6,0,0,0,0,6
S01009548,All HRPs,317,161,132,29,156,46,3,14,47,46
S01009548,24 and under,6,4,0,4,2,1,0,1,0,0
S01009548,25 to 34,35,18,7,11,17,13,1,0,2,1
S01009548,35 to 49,92,52,44,8,40,19,0,7,14,0
S01009548,50 to 64,91,53,49,4,38,6,0,4,20,8
S01009548,65 to 74,44,22,21,1,22,3,0,2,10,7
S01009548,75 to 84,34,10,9,1,24,2,2,0,1,19
S01009548,85 and over,15,2,2,0,13,2,0,0,0,11
S01009549,All HRPs,348,202,163,39,146,56,0,16,29,45
S01009549,24 and under,9,1,1,0,8,8,0,0,0,0
S01009549,25 to 34,49,28,13,15,21,18,0,3,0,0
S01009549,35 to 49,100,57,44,13,43,22,0,7,12,2
S01009549,50 to 64,101,77,66,11,24,6,0,3,11,4
S01009549,65 to 74,34,22,22,0,12,0,0,2,3,7
S01009549,75 to 84,40,11,11,0,29,1,0,1,3,24
S01009549,85 and over,15,6,6,0,9,1,0,0,0,8
S01009550,All HRPs,208,130,110,20,78,22,1,7,19,29
S01009550,24 and under,4,3,0,3,1,1,0,0,0,0
S01009550,25 to 34,20,10,6,4,10,10,0,0,0,0
S01009550,35 to 49,66,43,34,9,23,8,1,6,8,0
S01009550,50 to 64,59,46,43,3,13,2,0,1,8,2
S01009550,65 to 74,24,15,15,0,9,0,0,0,3,6
S01009550,75 to 84,27,12,11,1,15,1,0,0,0,14
S01009550,85 and over,8,1,1,0,7,0,0,0,0,7
S01009551,All HRPs,229,127,104,23,102,28,1,18,24,31
S01009551,24 and under,7,5,0,5,2,2,0,0,0,0
S01009551,25 to 34,39,18,8,10,21,12,0,7,2,0
S01009551,35 to 49,60,36,31,5,24,8,0,9,7,0
S01009551,50 to 64,65,44,41,3,21,6,0,2,9,4
S01009551,65 to 74,33,18,18,0,15,0,0,0,4,11
S01009551,75 to 84,20,6,6,0,14,0,1,0,1,12
S01009551,85 and over,5,0,0,0,5,0,0,0,1,4
S01009552,All HRPs,398,235,210,25,163,51,1,8,44,59
S01009552,24 and under,4,0,0,0,4,4,0,0,0,0
S01009552,25 to 34,35,20,14,6,15,12,0,3,0,0
S01009552,35 to 49,100,67,56,11,33,18,0,1,14,0
S01009552,50 to 64,127,83,77,6,44,11,0,4,25,4
S01009552,65 to 74,73,40,39,1,33,3,1,0,3,26
S01009552,75 to 84,48,24,23,1,24,2,0,0,2,20
S01009552,85 and over,11,1,1,0,10,1,0,0,0,9
S01009553,All HRPs,421,167,111,56,254,110,1,28,54,61
S01009553,24 and under,39,11,0,11,28,28,0,0,0,0
S01009553,25 to 34,58,26,7,19,32,29,0,2,1,0
S01009553,35 to 49,109,39,21,18,70,33,0,15,18,4
S01009553,50 to 64,113,58,52,6,55,15,1,8,26,5
S01009553,65 to 74,39,17,15,2,22,4,0,1,8,9
S01009553,75 to 84,42,12,12,0,30,1,0,1,1,27
S01009553,85 and over,21,4,4,0,17,0,0,1,0,16
S01009554,All HRPs,311,156,124,32,155,64,2,13,42,34
S01009554,24 and under,14,6,1,5,8,8,0,0,0,0
S01009554,25 to 34,31,10,4,6,21,19,0,2,0,0
S01009554,35 to 49,81,37,25,12,44,22,0,4,17,1
S01009554,50 to 64,112,68,61,7,44,11,1,7,19,6
S01009554,65 to 74,34,20,18,2,14,3,0,0,4,7
S01009554,75 to 84,30,11,11,0,19,0,1,0,2,16
S01009554,85 and over,9,4,4,0,5,1,0,0,0,4
S01009555,All HRPs,364,175,138,37,189,78,1,24,35,51
S01009555,24 and under,8,2,0,2,6,6,0,0,0,0
S01009555,25 to 34,37,17,9,8,20,18,0,2,0,0
S01009555,35 to 49,108,44,28,16,64,32,1,13,17,1
S01009555,50 to 64,109,68,60,8,41,11,0,7,15,8
S01009555,65 to 74,49,31,28,3,18,2,0,2,3,11
S01009555,75 to 84,41,10,10,0,31,8,0,0,0,23
S01009555,85 and over,12,3,3,0,9,1,0,0,0,8
S01009556,All HRPs,338,165,119,46,173,87,1,11,47,27
S01009556,24 and under,24,10,1,9,14,14,0,0,0,0
S01009556,25 to 34,52,26,11,15,26,24,1,0,1,0
S01009556,35 to 49,105,40,26,14,65,40,0,6,17,2
S01009556,50 to 64,91,56,48,8,35,7,0,3,20,5
S01009556,65 to 74,43,25,25,0,18,2,0,1,8,7
S01009556,75 to 84,19,6,6,0,13,0,0,1,1,11
S01009556,85 and over,4,2,2,0,2,0,0,0,0,2
S01009557,All HRPs,300,139,91,48,161,56,2,23,46,34
S01009557,24 and under,15,12,1,11,3,3,0,0,0,0
S01009557,25 to 34,49,24,8,16,25,20,1,2,2,0
S01009557,35 to 49,97,39,25,14,58,24,1,16,17,0
S01009557,50 to 64,77,37,31,6,40,8,0,5,20,7
S01009557,65 to 74,34,17,17,0,17,0,0,0,7,10
S01009557,75 to 84,22,9,9,0,13,1,0,0,0,12
S01009557,85 and over,6,1,0,1,5,0,0,0,0,5
S01009558,All HRPs,291,138,99,39,153,59,3,20,43,28
S01009558,24 and under,17,6,2,4,11,11,0,0,0,0
S01009558,25 to 34,53,26,13,13,27,21,2,3,1,0
S01009558,35 to 49,98,44,29,15,54,22,1,10,19,2
S01009558,50 to 64,67,39,32,7,28,4,0,7,14,3
S01009558,65 to 74,38,15,15,0,23,1,0,0,8,14
S01009558,75 to 84,17,7,7,0,10,0,0,0,1,9
S01009558,85 and over,1,1,1,0,0,0,0,0,0,0
S01009559,All HRPs,374,170,123,47,204,88,2,20,57,37
S01009559,24 and under,12,4,0,4,8,8,0,0,0,0
S01009559,25 to 34,71,38,17,21,33,27,0,3,3,0
S01009559,35 to 49,118,46,33,13,72,38,1,12,20,1
S01009559,50 to 64,95,53,46,7,42,11,0,5,19,7
S01009559,65 to 74,58,22,20,2,36,2,0,0,15,19
S01009559,75 to 84,16,7,7,0,9,0,1,0,0,8
S01009559,85 and over,4,0,0,0,4,2,0,0,0,2
S01009560,All HRPs,351,135,107,28,216,91,1,26,62,36
S01009560,24 and under,16,5,1,4,11,11,0,0,0,0
S01009560,25 to 34,66,22,10,12,44,38,0,4,2,0
S01009560,35 to 49,104,40,34,6,64,30,0,8,25,1
S01009560,50 to 64,83,32,28,4,51,7,1,12,23,8
S01009560,65 to 74,52,26,25,1,26,3,0,1,8,14
S01009560,75 to 84,25,10,9,1,15,2,0,1,3,9
S01009560,85 and over,5,0,0,0,5,0,0,0,1,4
S01009561,All HRPs,258,104,73,31,154,52,4,17,53,28
S01009561,24 and under,11,3,0,3,8,8,0,0,0,0
S01009561,25 to 34,41,23,10,13,18,13,0,3,2,0
S01009561,35 to 49,76,27,19,8,49,23,2,11,13,0
S01009561,50 to 64,61,23,19,4,38,5,1,2,26,4
S01009561,65 to 74,37,15,15,0,22,3,1,1,9,8
S01009561,75 to 84,26,10,7,3,16,0,0,0,2,14
S01009561,85 and over,6,3,3,0,3,0,0,0,1,2
S01009562,All HRPs,316,177,137,40,139,42,5,13,37,42
S01009562,24 and under,14,9,1,8,5,5,0,0,0,0
S01009562,25 to 34,37,18,5,13,19,15,0,4,0,0
S01009562,35 to 49,84,49,33,16,35,15,3,4,8,5
S01009562,50 to 64,95,63,60,3,32,5,1,4,20,2
S01009562,65 to 74,48,26,26,0,22,2,1,0,6,13
S01009562,75 to 84,30,11,11,0,19,0,0,1,3,15
S01009562,85 and over,8,1,1,0,7,0,0,0,0,7
S01009563,All HRPs,373,183,148,35,190,47,3,21,56,63
S01009563,24 and under,8,3,1,2,5,5,0,0,0,0
S01009563,25 to 34,43,28,15,13,15,12,1,2,0,0
S01009563,35 to 49,95,45,33,12,50,16,1,13,17,3
S01009563,50 to 64,90,45,38,7,45,11,1,5,19,9
S01009563,65 to 74,64,35,35,0,29,2,0,1,12,14
S01009563,75 to 84,59,23,22,1,36,1,0,0,6,29
S01009563,85 and over,14,4,4,0,10,0,0,0,2,8
S01009564,All HRPs,315,173,148,25,142,31,3,9,32,67
S01009564,24 and under,5,1,0,1,4,4,0,0,0,0
S01009564,25 to 34,29,22,12,10,7,6,0,1,0,0
S01009564,35 to 49,76,48,39,9,28,10,0,4,13,1
S01009564,50 to 64,64,43,41,2,21,5,1,3,7,5
S01009564,65 to 74,56,29,29,0,27,3,1,0,9,14
S01009564,75 to 84,61,26,23,3,35,3,1,1,3,27
S01009564,85 and over,24,4,4,0,20,0,0,0,0,20
S01009565,All HRPs,246,125,103,22,121,47,0,9,37,28
S01009565,24 and under,12,3,1,2,9,9,0,0,0,0
S01009565,25 to 34,29,10,5,5,19,18,0,0,1,0
S01009565,35 to 49,90,50,39,11,40,17,0,6,14,3
S01009565,50 to 64,61,30,26,4,31,3,0,1,20,7
S01009565,65 to 74,30,20,20,0,10,0,0,2,1,7
S01009565,75 to 84,21,12,12,0,9,0,0,0,1,8
S01009565,85 and over,3,0,0,0,3,0,0,0,0,3
S01009566,All HRPs,431,264,197,67,167,45,3,29,48,42
S01009566,24 and under,12,4,0,4,8,8,0,0,0,0
S01009566,25 to 34,79,52,25,27,27,15,3,8,1,0
S01009566,35 to 49,140,97,72,25,43,17,0,12,13,1
S01009566,50 to 64,112,73,65,8,39,3,0,4,24,8
S01009566,65 to 74,57,25,22,3,32,2,0,4,9,17
S01009566,75 to 84,28,12,12,0,16,0,0,1,1,14
S01009566,85 and over,3,1,1,0,2,0,0,0,0,2
S01009567,All HRPs,414,194,152,42,220,65,0,32,56,67
S01009567,24 and under,12,5,1,4,7,7,0,0,0,0
S01009567,25 to 34,51,27,12,15,24,21,0,3,0,0
S01009567,35 to 49,120,59,42,17,61,25,0,13,23,0
S01009567,50 to 64,119,61,56,5,58,11,0,11,22,14
S01009567,65 to 74,66,34,33,1,32,0,0,5,5,22
S01009567,75 to 84,41,8,8,0,33,1,0,0,5,27
S01009567,85 and over,5,0,0,0,5,0,0,0,1,4
S01009568,All HRPs,333,157,126,31,176,56,2,20,49,49
S01009568,24 and under,15,6,1,5,9,9,0,0,0,0
S01009568,25 to 34,34,16,10,6,18,14,1,3,0,0
S01009568,35 to 49,105,52,36,16,53,21,0,9,21,2
S01009568,50 to 64,79,40,37,3,39,11,1,6,12,9
S01009568,65 to 74,52,26,25,1,26,1,0,1,8,16
S01009568,75 to 84,40,16,16,0,24,0,0,1,6,17
S01009568,85 and over,8,1,1,0,7,0,0,0,2,5
S01009569,All HRPs,363,208,164,44,155,32,4,19,38,62
S01009569,24 and under,6,2,1,1,4,3,0,1,0,0
S01009569,25 to 34,50,35,16,19,15,10,2,2,1,0
S01009569,35 to 49,87,51,41,10,36,10,0,8,16,2
S01009569,50 to 64,91,58,47,11,33,7,1,5,14,6
S01009569,65 to 74,74,43,41,2,31,1,0,2,4,24
S01009569,75 to 84,42,17,17,0,25,0,1,1,3,20
S01009569,85 and over,13,2,1,1,11,1,0,0,0,10
S01009570,All HRPs,240,133,105,28,107,23,1,14,32,37
S01009570,24 and under,5,4,0,4,1,1,0,0,0,0
S01009570,25 to 34,22,14,8,6,8,7,0,1,0,0
S01009570,35 to 49,73,42,30,12,31,9,1,8,13,0
S01009570,50 to 64,66,39,35,4,27,5,0,5,12,5
S01009570,65 to 74,34,19,18,1,15,1,0,0,4,10
S01009570,75 to 84,30,11,10,1,19,0,0,0,3,16
S01009570,85 and over,10,4,4,0,6,0,0,0,0,6
S01009571,All HRPs,297,128,84,44,169,80,1,15,47,26
S01009571,24 and under,35,14,0,14,21,21,0,0,0,0
S01009571,25 to 34,59,22,8,14,37,32,0,4,1,0
S01009571,35 to 49,72,33,23,10,39,17,0,4,15,3
S01009571,50 to 64,82,38,35,3,44,7,0,6,27,4
S01009571,65 to 74,26,13,11,2,13,3,0,1,4,5
S01009571,75 to 84,19,8,7,1,11,0,0,0,0,11
S01009571,85 and over,4,0,0,0,4,0,1,0,0,3
S01009572,All HRPs,499,212,150,62,287,125,2,25,68,67
S01009572,24 and under,32,5,0,5,27,27,0,0,0,0
S01009572,25 to 34,76,36,11,25,40,29,1,6,4,0
S01009572,35 to 49,151,66,45,21,85,49,1,9,25,1
S01009572,50 to 64,122,58,47,11,64,17,0,6,30,11
S01009572,65 to 74,54,26,26,0,28,3,0,3,8,14
S01009572,75 to 84,46,18,18,0,28,0,0,1,1,26
S01009572,85 and over,18,3,3,0,15,0,0,0,0,15
S01009573,All HRPs,329,150,118,32,179,53,5,20,50,51
S01009573,24 and under,18,8,1,7,10,10,0,0,0,0
S01009573,25 to 34,42,23,11,12,19,13,2,3,1,0
S01009573,35 to 49,101,47,38,9,54,22,3,3,23,3
S01009573,50 to 64,91,45,42,3,46,7,0,10,17,12
S01009573,65 to 74,37,20,19,1,17,0,0,4,7,6
S01009573,75 to 84,32,6,6,0,26,1,0,0,2,23
S01009573,85 and over,8,1,1,0,7,0,0,0,0,7
S01009574,All HRPs,447,212,165,47,235,65,4,26,71,69
S01009574,24 and under,14,3,0,3,11,11,0,0,0,0
S01009574,25 to 34,58,30,8,22,28,20,0,6,2,0
S01009574,35 to 49,113,61,50,11,52,15,2,13,20,2
S01009574,50 to 64,125,66,57,9,59,14,2,5,29,9
S01009574,65 to 74,70,27,25,2,43,5,0,2,16,20
S01009574,75 to 84,57,24,24,0,33,0,0,0,4,29
S01009574,85 and over,10,1,1,0,9,0,0,0,0,9
S01009575,All HRPs,232,128,97,31,104,31,2,12,24,35
S01009575,24 and under,3,1,0,1,2,2,0,0,0,0
S01009575,25 to 34,31,16,6,10,15,13,0,2,0,0
S01009575,35 to 49,73,43,30,13,30,11,2,6,8,3
S01009575,50 to 64,56,39,33,6,17,4,0,3,9,1
S01009575,65 to 74,30,18,17,1,12,1,0,1,3,7
S01009575,75 to 84,29,10,10,0,19,0,0,0,3,16
S01009575,85 and over,10,1,1,0,9,0,0,0,1,8
S01009576,All HRPs,223,163,141,22,60,23,1,4,12,20
S01009576,24 and under,3,0,0,0,3,3,0,0,0,0
S01009576,25 to 34,19,8,6,2,11,8,0,1,2,0
S01009576,35 to 49,42,29,20,9,13,8,0,1,3,1
S01009576,50 to 64,101,85,78,7,16,1,1,2,6,6
S01009576,65 to 74,36,29,26,3,7,1,0,0,1,5
S01009576,75 to 84,21,11,10,1,10,2,0,0,0,8
S01009576,85 and over,1,1,1,0,0,0,0,0,0,0
S01009577,All HRPs,253,200,180,20,53,11,1,7,19,15
S01009577,24 and under,0,0,0,0,0,0,0,0,0,0
S01009577,25 to 34,13,9,6,3,4,4,0,0,0,0
S01009577,35 to 49,75,59,46,13,16,1,1,6,7,1
S01009577,50 to 64,124,102,99,3,22,6,0,1,9,6
S01009577,65 to 74,28,23,22,1,5,0,0,0,2,3
S01009577,75 to 84,12,7,7,0,5,0,0,0,0,5
S01009577,85 and over,1,0,0,0,1,0,0,0,1,0
S01009578,All HRPs,312,188,148,40,124,35,0,23,38,28
S01009578,24 and under,11,5,0,5,6,5,0,1,0,0
S01009578,25 to 34,39,22,13,9,17,14,0,3,0,0
S01009578,35 to 49,92,57,41,16,35,13,0,8,13,1
S01009578,50 to 64,109,73,63,10,36,2,0,10,19,5
S01009578,65 to 74,32,16,16,0,16,1,0,1,5,9
S01009578,75 to 84,22,12,12,0,10,0,0,0,0,10
S01009578,85 and over,7,3,3,0,4,0,0,0,1,3
S01009579,All HRPs,443,269,210,59,174,82,1,21,47,23
S01009579,24 and under,15,5,0,5,10,10,0,0,0,0
S01009579,25 to 34,64,34,15,19,30,25,0,4,1,0
S01009579,35 to 49,173,105,79,26,68,38,1,6,20,3
S01009579,50 to 64,119,74,66,8,45,9,0,11,21,4
S01009579,65 to 74,46,36,36,0,10,0,0,0,4,6
S01009579,75 to 84,21,13,12,1,8,0,0,0,1,7
S01009579,85 and over,5,2,2,0,3,0,0,0,0,3
S01009580,All HRPs,355,276,233,43,79,23,0,14,20,22
S01009580,24 and under,4,3,2,1,1,1,0,0,0,0
S01009580,25 to 34,42,32,20,12,10,5,0,2,2,1
S01009580,35 to 49,151,124,104,20,27,10,0,6,8,3
S01009580,50 to 64,103,79,69,10,24,7,0,5,9,3
S01009580,65 to 74,36,27,27,0,9,0,0,0,1,8
S01009580,75 to 84,14,9,9,0,5,0,0,1,0,4
S01009580,85 and over,5,2,2,0,3,0,0,0,0,3
S01009581,All HRPs,258,144,121,23,114,39,2,14,30,29
S01009581,24 and under,9,4,0,4,5,5,0,0,0,0
S01009581,25 to 34,35,14,8,6,21,19,0,1,1,0
S01009581,35 to 49,66,38,27,11,28,7,1,8,11,1
S01009581,50 to 64,80,50,50,0,30,5,0,5,13,7
S01009581,65 to 74,41,27,26,1,14,3,1,0,3,7
S01009581,75 to 84,23,11,10,1,12,0,0,0,2,10
S01009581,85 and over,4,0,0,0,4,0,0,0,0,4
S01009582,All HRPs,240,113,86,27,127,39,2,14,40,32
S01009582,24 and under,10,1,0,1,9,9,0,0,0,0
S01009582,25 to 34,41,20,10,10,21,15,0,2,4,0
S01009582,35 to 49,65,43,28,15,22,7,0,8,6,1
S01009582,50 to 64,55,25,24,1,30,4,2,4,17,3
S01009582,65 to 74,41,12,12,0,29,3,0,0,11,15
S01009582,75 to 84,20,9,9,0,11,1,0,0,2,8
S01009582,85 and over,8,3,3,0,5,0,0,0,0,5
S01009583,All HRPs,336,178,138,40,158,63,1,16,40,38
S01009583,24 and under,16,5,2,3,11,11,0,0,0,0
S01009583,25 to 34,61,32,17,15,29,26,0,2,1,0
S01009583,35 to 49,97,54,37,17,43,20,0,6,16,1
S01009583,50 to 64,79,50,45,5,29,5,0,5,12,7
S01009583,65 to 74,51,24,24,0,27,1,0,3,9,14
S01009583,75 to 84,27,11,11,0,16,0,1,0,2,13
S01009583,85 and over,5,2,2,0,3,0,0,0,0,3
S01009584,All HRPs,219,149,117,32,70,16,2,12,10,30
S01009584,24 and under,4,3,0,3,1,1,0,0,0,0
S01009584,25 to 34,34,21,8,13,13,10,0,2,1,0
S01009584,35 to 49,54,39,30,9,15,3,1,8,2,1
S01009584,50 to 64,45,35,30,5,10,2,0,1,5,2
S01009584,65 to 74,38,26,24,2,12,0,0,1,1,10
S01009584,75 to 84,41,25,25,0,16,0,1,0,1,14
S01009584,85 and over,3,0,0,0,3,0,0,0,0,3
S01009585,All HRPs,408,229,184,45,179,59,3,22,49,46
S01009585,24 and under,13,2,0,2,11,11,0,0,0,0
S01009585,25 to 34,57,33,17,16,24,21,0,2,1,0
S01009585,35 to 49,114,66,45,21,48,17,1,7,20,3
S01009585,50 to 64,146,90,85,5,56,9,2,10,24,11
S01009585,65 to 74,41,27,26,1,14,1,0,3,1,9
S01009585,75 to 84,33,10,10,0,23,0,0,0,3,20
S01009585,85 and over,4,1,1,0,3,0,0,0,0,3
S01009586,All HRPs,313,169,141,28,144,26,2,18,49,49
S01009586,24 and under,6,4,1,3,2,2,0,0,0,0
S01009586,25 to 34,25,14,9,5,11,6,0,1,3,1
S01009586,35 to 49,58,33,23,10,25,8,0,7,10,0
S01009586,50 to 64,103,56,51,5,47,8,1,4,30,4
S01009586,65 to 74,62,42,41,1,20,1,0,1,5,13
S01009586,75 to 84,40,15,12,3,25,0,1,4,1,19
S01009586,85 and over,19,5,4,1,14,1,0,1,0,12
S01009587,All HRPs,370,154,125,29,216,70,3,20,52,71
S01009587,24 and under,10,1,0,1,9,9,0,0,0,0
S01009587,25 to 34,39,17,10,7,22,21,0,1,0,0
S01009587,35 to 49,92,37,28,9,55,25,1,9,17,3
S01009587,50 to 64,84,52,43,9,32,6,0,8,14,4
S01009587,65 to 74,64,28,27,1,36,6,0,2,12,16
S01009587,75 to 84,63,16,14,2,47,2,1,0,8,36
S01009587,85 and over,18,3,3,0,15,1,1,0,1,12
S01009588,All HRPs,436,222,182,40,214,60,3,16,62,73
S01009588,24 and under,10,4,1,3,6,6,0,0,0,0
S01009588,25 to 34,42,28,16,12,14,11,0,3,0,0
S01009588,35 to 49,120,63,50,13,57,24,0,4,29,0
S01009588,50 to 64,122,69,61,8,53,9,1,8,22,13
S01009588,65 to 74,56,29,28,1,27,6,0,1,9,11
S01009588,75 to 84,67,26,23,3,41,4,1,0,2,34
S01009588,85 and over,19,3,3,0,16,0,1,0,0,15
S01009589,All HRPs,356,218,175,43,138,26,2,22,36,52
S01009589,24 and under,5,5,2,3,0,0,0,0,0,0
S01009589,25 to 34,51,36,24,12,15,12,1,1,1,0
S01009589,35 to 49,106,69,51,18,37,5,0,13,18,1
S01009589,50 to 64,96,59,50,9,37,5,1,8,13,10
S01009589,65 to 74,48,31,31,0,17,1,0,0,4,12
S01009589,75 to 84,33,12,12,0,21,3,0,0,0,18
S01009589,85 and over,17,6,5,1,11,0,0,0,0,11
S01009590,All HRPs,267,214,195,19,53,12,0,4,16,21
S01009590,24 and under,0,0,0,0,0,0,0,0,0,0
S01009590,25 to 34,21,18,14,4,3,3,0,0,0,0
S01009590,35 to 49,83,72,59,13,11,5,0,2,1,3
S01009590,50 to 64,96,77,75,2,19,2,0,1,12,4
S01009590,65 to 74,41,31,31,0,10,2,0,1,2,5
S01009590,75 to 84,23,14,14,0,9,0,0,0,1,8
S01009590,85 and over,3,2,2,0,1,0,0,0,0,1
S01009591,All HRPs,307,188,150,38,119,45,4,6,35,29
S01009591,24 and under,13,7,0,7,6,6,0,0,0,0
S01009591,25 to 34,34,15,9,6,19,17,2,0,0,0
S01009591,35 to 49,86,54,38,16,32,14,2,5,11,0
S01009591,50 to 64,103,73,66,7,30,7,0,1,18,4
S01009591,65 to 74,48,31,31,0,17,1,0,0,5,11
S01009591,75 to 84,18,6,5,1,12,0,0,0,1,11
S01009591,85 and over,5,2,1,1,3,0,0,0,0,3
S01009592,All HRPs,246,189,168,21,57,10,0,8,14,25
S01009592,24 and under,1,1,0,1,0,0,0,0,0,0
S01009592,25 to 34,4,2,0,2,2,1,0,1,0,0
S01009592,35 to 49,55,51,40,11,4,1,0,1,2,0
S01009592,50 to 64,89,70,65,5,19,3,0,5,9,2
S01009592,65 to 74,61,44,42,2,17,5,0,1,3,8
S01009592,75 to 84,31,19,19,0,12,0,0,0,0,12
S01009592,85 and over,5,2,2,0,3,0,0,0,0,3
S01009593,All HRPs,223,180,160,20,43,13,3,6,6,15
S01009593,24 and under,1,0,0,0,1,1,0,0,0,0
S01009593,25 to 34,9,7,3,4,2,1,0,0,1,0
S01009593,35 to 49,69,55,49,6,14,7,2,4,1,0
S01009593,50 to 64,91,82,73,9,9,0,1,2,3,3
S01009593,65 to 74,25,21,20,1,4,0,0,0,0,4
S01009593,75 to 84,25,14,14,0,11,4,0,0,0,7
S01009593,85 and over,3,1,1,0,2,0,0,0,1,1
S01009594,All HRPs,263,199,174,25,64,15,0,8,25,16
S01009594,24 and under,2,1,0,1,1,1,0,0,0,0
S01009594,25 to 34,24,19,11,8,5,4,0,1,0,0
S01009594,35 to 49,85,65,53,12,20,4,0,3,12,1
S01009594,50 to 64,109,89,86,3,20,6,0,4,8,2
S01009594,65 to 74,29,18,17,1,11,0,0,0,4,7
S01009594,75 to 84,13,7,7,0,6,0,0,0,1,5
S01009594,85 and over,1,0,0,0,1,0,0,0,0,1
S01009595,All HRPs,174,138,120,18,36,4,2,8,11,11
S01009595,24 and under,0,0,0,0,0,0,0,0,0,0
S01009595,25 to 34,13,10,4,6,3,2,0,0,1,0
S01009595,35 to 49,88,69,60,9,19,1,2,8,6,2
S01009595,50 to 64,54,47,44,3,7,1,0,0,4,2
S01009595,65 to 74,14,10,10,0,4,0,0,0,0,4
S01009595,75 to 84,4,2,2,0,2,0,0,0,0,2
S01009595,85 and over,1,0,0,0,1,0,0,0,0,1
S01009596,All HRPs,355,167,131,36,188,70,1,23,62,32
S01009596,24 and under,13,3,0,3,10,10,0,0,0,0
S01009596,25 to 34,52,19,8,11,33,26,1,6,0,0
S01009596,35 to 49,116,54,40,14,62,31,0,7,24,0
S01009596,50 to 64,114,63,55,8,51,3,0,7,32,9
S01009596,65 to 74,33,20,20,0,13,0,0,2,5,6
S01009596,75 to 84,25,7,7,0,18,0,0,1,1,16
S01009596,85 and over,2,1,1,0,1,0,0,0,0,1
S01009597,All HRPs,361,158,113,45,203,93,3,17,60,30
S01009597,24 and under,17,3,0,3,14,13,0,1,0,0
S01009597,25 to 34,79,30,14,16,49,42,1,2,4,0
S01009597,35 to 49,122,69,47,22,53,27,1,8,13,4
S01009597,50 to 64,102,42,40,2,60,11,1,4,34,10
S01009597,65 to 74,28,12,10,2,16,0,0,2,7,7
S01009597,75 to 84,8,2,2,0,6,0,0,0,2,4
S01009597,85 and over,5,0,0,0,5,0,0,0,0,5
S01009598,All HRPs,303,116,80,36,187,84,1,13,57,32
S01009598,24 and under,24,1,0,1,23,23,0,0,0,0
S01009598,25 to 34,47,18,4,14,29,26,0,1,2,0
S01009598,35 to 49,103,44,28,16,59,24,1,6,26,2
S01009598,50 to 64,78,35,30,5,43,8,0,4,24,7
S01009598,65 to 74,24,8,8,0,16,2,0,1,4,9
S01009598,75 to 84,24,8,8,0,16,0,0,1,1,14
S01009598,85 and over,3,2,2,0,1,1,0,0,0,0
S01009599,All HRPs,403,198,156,42,205,63,1,30,65,46
S01009599,24 and under,11,5,1,4,6,5,1,0,0,0
S01009599,25 to 34,50,22,11,11,28,21,0,5,2,0
S01009599,35 to 49,120,65,47,18,55,21,0,9,24,1
S01009599,50 to 64,132,68,59,9,64,10,0,13,34,7
S01009599,65 to 74,59,31,31,0,28,3,0,2,4,19
S01009599,75 to 84,27,7,7,0,20,2,0,1,1,16
S01009599,85 and over,4,0,0,0,4,1,0,0,0,3
S01009600,All HRPs,330,106,79,27,224,83,5,21,57,58
S01009600,24 and under,15,3,1,2,12,12,0,0,0,0
S01009600,25 to 34,53,16,6,10,37,32,2,1,1,1
S01009600,35 to 49,91,31,22,9,60,25,1,13,20,1
S01009600,50 to 64,75,34,30,4,41,7,0,5,23,6
S01009600,65 to 74,40,15,14,1,25,3,0,0,11,11
S01009600,75 to 84,34,7,6,1,27,3,0,2,2,20
S01009600,85 and over,22,0,0,0,22,1,2,0,0,19
S01009601,All HRPs,296,155,96,59,141,57,2,19,43,20
S01009601,24 and under,8,5,0,5,3,3,0,0,0,0
S01009601,25 to 34,56,30,4,26,26,22,0,3,1,0
S01009601,35 to 49,91,42,27,15,49,25,0,9,15,0
S01009601,50 to 64,100,58,45,13,42,7,2,7,24,2
S01009601,65 to 74,16,11,11,0,5,0,0,0,2,3
S01009601,75 to 84,20,7,7,0,13,0,0,0,1,12
S01009601,85 and over,5,2,2,0,3,0,0,0,0,3
S01009602,All HRPs,291,238,213,25,53,12,0,6,17,18
S01009602,24 and under,3,2,2,0,1,1,0,0,0,0
S01009602,25 to 34,23,20,17,3,3,3,0,0,0,0
S01009602,35 to 49,111,89,78,11,22,6,0,5,10,1
S01009602,50 to 64,110,101,90,11,9,2,0,1,5,1
S01009602,65 to 74,29,20,20,0,9,0,0,0,2,7
S01009602,75 to 84,12,5,5,0,7,0,0,0,0,7
S01009602,85 and over,3,1,1,0,2,0,0,0,0,2
S01009603,All HRPs,234,163,147,16,71,29,1,5,16,20
S01009603,24 and under,8,4,2,2,4,4,0,0,0,0
S01009603,25 to 34,12,8,4,4,4,4,0,0,0,0
S01009603,35 to 49,72,47,41,6,25,14,0,2,8,1
S01009603,50 to 64,93,78,75,3,15,2,1,3,7,2
S01009603,65 to 74,25,17,16,1,8,4,0,0,1,3
S01009603,75 to 84,21,9,9,0,12,1,0,0,0,11
S01009603,85 and over,3,0,0,0,3,0,0,0,0,3
S01009604,All HRPs,377,226,178,48,151,48,1,22,31,49
S01009604,24 and under,12,2,0,2,10,10,0,0,0,0
S01009604,25 to 34,55,41,22,19,14,12,0,2,0,0
S01009604,35 to 49,94,60,45,15,34,15,0,6,10,3
S01009604,50 to 64,113,75,64,11,38,6,0,9,14,9
S01009604,65 to 74,60,32,32,0,28,3,0,3,6,16
S01009604,75 to 84,28,10,9,1,18,1,1,2,0,14
S01009604,85 and over,15,6,6,0,9,1,0,0,1,7
S01009605,All HRPs,348,175,149,26,173,63,1,26,38,45
S01009605,24 and under,13,5,0,5,8,7,0,1,0,0
S01009605,25 to 34,34,14,8,6,20,18,0,2,0,0
S01009605,35 to 49,101,54,43,11,47,24,0,8,12,3
S01009605,50 to 64,102,58,54,4,44,9,0,11,20,4
S01009605,65 to 74,47,27,27,0,20,4,1,2,5,8
S01009605,75 to 84,37,15,15,0,22,0,0,2,1,19
S01009605,85 and over,14,2,2,0,12,1,0,0,0,11
S01009606,All HRPs,218,162,124,38,56,26,0,7,13,10
S01009606,24 and under,3,1,0,1,2,2,0,0,0,0
S01009606,25 to 34,34,28,18,10,6,4,0,0,2,0
S01009606,35 to 49,91,69,49,20,22,13,0,4,5,0
S01009606,50 to 64,62,47,42,5,15,5,0,2,5,3
S01009606,65 to 74,14,7,6,1,7,1,0,1,1,4
S01009606,75 to 84,13,10,9,1,3,1,0,0,0,2
S01009606,85 and over,1,0,0,0,1,0,0,0,0,1
S01009607,All HRPs,208,169,155,14,39,10,2,4,4,19
S01009607,24 and under,3,0,0,0,3,3,0,0,0,0
S01009607,25 to 34,14,13,9,4,1,1,0,0,0,0
S01009607,35 to 49,46,40,35,5,6,3,0,2,1,0
S01009607,50 to 64,78,68,65,3,10,3,2,2,2,1
S01009607,65 to 74,37,30,29,1,7,0,0,0,1,6
S01009607,75 to 84,23,16,15,1,7,0,0,0,0,7
S01009607,85 and over,7,2,2,0,5,0,0,0,0,5
S01009608,All HRPs,287,139,103,36,148,43,1,13,27,64
S01009608,24 and under,10,2,0,2,8,8,0,0,0,0
S01009608,25 to 34,33,17,5,12,16,15,0,0,1,0
S01009608,35 to 49,80,52,40,12,28,13,0,3,10,2
S01009608,50 to 64,76,48,40,8,28,3,0,9,11,5
S01009608,65 to 74,30,13,12,1,17,2,0,1,4,10
S01009608,75 to 84,34,6,5,1,28,1,0,0,0,27
S01009608,85 and over,24,1,1,0,23,1,1,0,1,20
S01009609,All HRPs,358,219,175,44,139,50,0,13,31,45
S01009609,24 and under,10,4,0,4,6,6,0,0,0,0
S01009609,25 to 34,33,16,8,8,17,16,0,0,1,0
S01009609,35 to 49,124,83,62,21,41,22,0,8,9,2
S01009609,50 to 64,96,69,59,10,27,3,0,4,12,8
S01009609,65 to 74,52,30,29,1,22,2,0,1,6,13
S01009609,75 to 84,31,14,14,0,17,1,0,0,3,13
S01009609,85 and over,12,3,3,0,9,0,0,0,0,9
S01009610,All HRPs,500,246,200,46,254,98,4,15,69,68
S01009610,24 and under,14,6,0,6,8,8,0,0,0,0
S01009610,25 to 34,74,31,13,18,43,37,1,2,3,0
S01009610,35 to 49,130,72,55,17,58,29,0,8,21,0
S01009610,50 to 64,124,68,65,3,56,18,2,3,28,5
S01009610,65 to 74,75,33,32,1,42,4,0,2,14,22
S01009610,75 to 84,57,29,28,1,28,1,1,0,3,23
S01009610,85 and over,26,7,7,0,19,1,0,0,0,18
S01009611,All HRPs,218,168,150,18,50,9,0,9,14,18
S01009611,24 and under,3,1,0,1,2,2,0,0,0,0
S01009611,25 to 34,7,6,4,2,1,1,0,0,0,0
S01009611,35 to 49,63,48,38,10,15,1,0,7,6,1
S01009611,50 to 64,77,64,61,3,13,4,0,2,4,3
S01009611,65 to 74,41,33,31,2,8,1,0,0,2,5
S01009611,75 to 84,22,14,14,0,8,0,0,0,2,6
S01009611,85 and over,5,2,2,0,3,0,0,0,0,3
S01009612,All HRPs,272,146,117,29,126,44,1,14,30,37
S01009612,24 and under,5,1,0,1,4,4,0,0,0,0
S01009612,25 to 34,34,18,6,12,16,14,1,1,0,0
S01009612,35 to 49,82,48,38,10,34,11,0,10,13,0
S01009612,50 to 64,76,48,42,6,28,9,0,2,14,3
S01009612,65 to 74,33,14,14,0,19,3,0,0,2,14
S01009612,75 to 84,34,16,16,0,18,3,0,1,1,13
S01009612,85 and over,8,1,1,0,7,0,0,0,0,7
S01009613,All HRPs,181,138,126,12,43,8,2,3,13,17
S01009613,24 and under,3,1,0,1,2,2,0,0,0,0
S01009613,25 to 34,6,5,3,2,1,1,0,0,0,0
S01009613,35 to 49,50,42,38,4,8,3,1,2,2,0
S01009613,50 to 64,85,66,62,4,19,2,1,1,9,6
S01009613,65 to 74,20,15,14,1,5,0,0,0,2,3
S01009613,75 to 84,13,8,8,0,5,0,0,0,0,5
S01009613,85 and over,4,1,1,0,3,0,0,0,0,3
S01009614,All HRPs,223,146,130,16,77,26,0,6,17,28
S01009614,24 and under,1,1,0,1,0,0,0,0,0,0
S01009614,25 to 34,13,9,5,4,4,3,0,1,0,0
S01009614,35 to 49,50,32,29,3,18,11,0,3,4,0
S01009614,50 to 64,85,68,61,7,17,5,0,0,8,4
S01009614,65 to 74,42,22,22,0,20,6,0,0,5,9
S01009614,75 to 84,23,13,12,1,10,0,0,2,0,8
S01009614,85 and over,9,1,1,0,8,1,0,0,0,7
S01009615,All HRPs,174,120,103,17,54,10,2,4,18,20
S01009615,24 and under,1,1,1,0,0,0,0,0,0,0
S01009615,25 to 34,13,10,4,6,3,2,0,1,0,0
S01009615,35 to 49,39,30,23,7,9,2,0,2,5,0
S01009615,50 to 64,45,31,29,2,14,3,0,1,8,2
S01009615,65 to 74,48,36,35,1,12,0,1,0,4,7
S01009615,75 to 84,18,8,7,1,10,2,1,0,0,7
S01009615,85 and over,10,4,4,0,6,1,0,0,1,4
S01009616,All HRPs,324,188,152,36,136,59,1,16,26,34
S01009616,24 and under,14,4,0,4,10,10,0,0,0,0
S01009616,25 to 34,54,28,13,15,26,23,0,1,2,0
S01009616,35 to 49,86,50,39,11,36,12,0,12,11,1
S01009616,50 to 64,95,75,69,6,20,5,1,3,4,7
S01009616,65 to 74,38,20,20,0,18,3,0,0,8,7
S01009616,75 to 84,26,10,10,0,16,5,0,0,1,10
S01009616,85 and over,11,1,1,0,10,1,0,0,0,9
S01009617,All HRPs,297,205,173,32,92,27,2,5,30,28
S01009617,24 and under,4,2,0,2,2,2,0,0,0,0
S01009617,25 to 34,29,15,10,5,14,11,0,1,1,1
S01009617,35 to 49,102,78,63,15,24,11,0,2,10,1
S01009617,50 to 64,100,72,64,8,28,2,1,2,17,6
S01009617,65 to 74,39,26,24,2,13,1,1,0,2,9
S01009617,75 to 84,20,12,12,0,8,0,0,0,0,8
S01009617,85 and over,3,0,0,0,3,0,0,0,0,3
S01009618,All HRPs,333,175,125,50,158,63,2,19,39,35
S01009618,24 and under,19,11,1,10,8,8,0,0,0,0
S01009618,25 to 34,48,25,11,14,23,20,0,3,0,0
S01009618,35 to 49,89,44,27,17,45,18,2,8,16,1
S01009618,50 to 64,100,61,53,8,39,9,0,7,19,4
S01009618,65 to 74,38,26,25,1,12,3,0,1,2,6
S01009618,75 to 84,25,8,8,0,17,4,0,0,2,11
S01009618,85 and over,14,0,0,0,14,1,0,0,0,13
S01009619,All HRPs,302,141,106,35,161,59,4,10,48,40
S01009619,24 and under,11,5,0,5,6,6,0,0,0,0
S01009619,25 to 34,41,19,10,9,22,19,0,1,2,0
S01009619,35 to 49,76,47,31,16,29,15,0,4,9,1
S01009619,50 to 64,87,42,38,4,45,13,0,3,23,6
S01009619,65 to 74,46,19,18,1,27,5,1,2,13,6
S01009619,75 to 84,33,8,8,0,25,0,3,0,1,21
S01009619,85 and over,8,1,1,0,7,1,0,0,0,6
S01009620,All HRPs,391,168,125,43,223,83,2,16,51,71
S01009620,24 and under,16,6,0,6,10,9,0,0,0,1
S01009620,25 to 34,48,22,8,14,26,25,1,0,0,0
S01009620,35 to 49,86,42,28,14,44,21,1,8,13,1
S01009620,50 to 64,106,60,53,7,46,17,0,4,20,5
S01009620,65 to 74,61,19,18,1,42,7,0,3,14,18
S01009620,75 to 84,51,14,13,1,37,3,0,0,3,31
S01009620,85 and over,23,5,5,0,18,1,0,1,1,15
S01009621,All HRPs,394,163,128,35,231,81,4,24,71,51
S01009621,24 and under,15,3,0,3,12,11,1,0,0,0
S01009621,25 to 34,37,12,2,10,25,22,0,1,2,0
S01009621,35 to 49,98,39,28,11,59,31,2,12,13,1
S01009621,50 to 64,131,66,57,9,65,9,1,7,41,7
S01009621,65 to 74,59,29,28,1,30,5,0,2,9,14
S01009621,75 to 84,35,12,11,1,23,1,0,1,3,18
S01009621,85 and over,19,2,2,0,17,2,0,1,3,11
S01009622,All HRPs,394,132,78,54,262,141,5,27,62,27
S01009622,24 and under,39,12,0,12,27,27,0,0,0,0
S01009622,25 to 34,59,18,2,16,41,34,1,3,3,0
S01009622,35 to 49,125,36,22,14,89,55,3,9,20,2
S01009622,50 to 64,94,42,33,9,52,13,0,8,28,3
S01009622,65 to 74,35,14,13,1,21,4,1,6,6,4
S01009622,75 to 84,23,10,8,2,13,3,0,1,2,7
S01009622,85 and over,19,0,0,0,19,5,0,0,3,11
S01009623,All HRPs,243,116,87,29,127,42,1,12,41,31
S01009623,24 and under,11,2,0,2,9,9,0,0,0,0
S01009623,25 to 34,26,12,3,9,14,13,0,1,0,0
S01009623,35 to 49,62,31,18,13,31,12,0,4,14,1
S01009623,50 to 64,67,36,31,5,31,4,0,5,18,4
S01009623,65 to 74,35,18,18,0,17,2,0,1,7,7
S01009623,75 to 84,30,13,13,0,17,1,1,1,2,12
S01009623,85 and over,12,4,4,0,8,1,0,0,0,7
S01009624,All HRPs,408,194,162,32,214,61,3,24,56,70
S01009624,24 and under,7,1,0,1,6,4,0,0,2,0
S01009624,25 to 34,41,20,13,7,21,19,0,1,1,0
S01009624,35 to 49,95,46,34,12,49,20,0,13,13,3
S01009624,50 to 64,138,82,71,11,56,10,1,5,33,7
S01009624,65 to 74,71,28,28,0,43,4,1,5,7,26
S01009624,75 to 84,48,17,16,1,31,4,0,0,0,27
S01009624,85 and over,8,0,0,0,8,0,1,0,0,7
S01009625,All HRPs,378,191,150,41,187,64,1,20,45,57
S01009625,24 and under,14,6,0,6,8,8,0,0,0,0
S01009625,25 to 34,53,26,14,12,27,24,0,2,1,0
S01009625,35 to 49,120,68,51,17,52,16,1,11,21,3
S01009625,50 to 64,89,50,45,5,39,9,0,6,16,8
S01009625,65 to 74,34,20,19,1,14,4,0,0,5,5
S01009625,75 to 84,55,20,20,0,35,3,0,1,2,29
S01009625,85 and over,13,1,1,0,12,0,0,0,0,12
S01009626,All HRPs,231,103,82,21,128,38,2,12,35,41
S01009626,24 and under,7,3,2,1,4,4,0,0,0,0
S01009626,25 to 34,25,11,3,8,14,12,1,1,0,0
S01009626,35 to 49,81,39,29,10,42,15,0,6,19,2
S01009626,50 to 64,54,24,23,1,30,5,0,5,12,8
S01009626,65 to 74,40,20,19,1,20,2,1,0,3,14
S01009626,75 to 84,17,4,4,0,13,0,0,0,1,12
S01009626,85 and over,7,2,2,0,5,0,0,0,0,5
S01009627,All HRPs,342,182,148,34,160,49,3,7,41,60
S01009627,24 and under,8,1,0,1,7,6,1,0,0,0
S01009627,25 to 34,36,20,12,8,16,13,0,2,1,0
S01009627,35 to 49,109,68,51,17,41,19,0,3,18,1
S01009627,50 to 64,86,52,46,6,34,9,0,2,17,6
S01009627,65 to 74,48,20,18,2,28,2,2,0,4,20
S01009627,75 to 84,40,16,16,0,24,0,0,0,1,23
S01009627,85 and over,15,5,5,0,10,0,0,0,0,10
S01009628,All HRPs,265,126,110,16,139,26,3,6,29,75
S01009628,24 and under,3,1,1,0,2,2,0,0,0,0
S01009628,25 to 34,16,9,5,4,7,6,0,1,0,0
S01009628,35 to 49,31,18,12,6,13,5,0,1,7,0
S01009628,50 to 64,60,39,35,4,21,4,0,2,12,3
S01009628,65 to 74,77,36,34,2,41,7,1,1,7,25
S01009628,75 to 84,59,20,20,0,39,2,1,1,3,32
S01009628,85 and over,19,3,3,0,16,0,1,0,0,15
S01009629,All HRPs,435,243,171,72,192,71,2,18,43,58
S01009629,24 and under,23,9,2,7,14,14,0,0,0,0
S01009629,25 to 34,67,37,14,23,30,25,1,3,1,0
S01009629,35 to 49,143,83,55,28,60,26,1,8,23,2
S01009629,50 to 64,101,67,53,14,34,5,0,2,16,11
S01009629,65 to 74,56,30,30,0,26,0,0,4,3,19
S01009629,75 to 84,34,15,15,0,19,1,0,0,0,18
S01009629,85 and over,11,2,2,0,9,0,0,1,0,8
S01009630,All HRPs,343,164,124,40,179,77,1,24,37,40
S01009630,24 and under,22,0,0,0,22,21,0,0,0,1
S01009630,25 to 34,48,22,8,14,26,19,0,5,1,1
S01009630,35 to 49,107,56,36,20,51,30,0,8,11,2
S01009630,50 to 64,94,56,51,5,38,6,0,7,19,6
S01009630,65 to 74,32,16,15,1,16,0,0,4,6,6
S01009630,75 to 84,25,11,11,0,14,0,1,0,0,13
S01009630,85 and over,15,3,3,0,12,1,0,0,0,11
S01009631,All HRPs,406,116,79,37,290,136,0,23,89,42
S01009631,24 and under,23,10,0,10,13,13,0,0,0,0
S01009631,25 to 34,65,15,8,7,50,46,0,1,3,0
S01009631,35 to 49,105,27,17,10,78,47,0,10,20,1
S01009631,50 to 64,126,38,30,8,88,23,0,8,49,8
S01009631,65 to 74,49,19,17,2,30,5,0,3,14,8
S01009631,75 to 84,28,7,7,0,21,2,0,1,2,16
S01009631,85 and over,10,0,0,0,10,0,0,0,1,9
S01009632,All HRPs,306,99,62,37,207,98,4,10,53,42
S01009632,24 and under,27,7,0,7,20,20,0,0,0,0
S01009632,25 to 34,58,19,2,17,39,34,0,1,3,1
S01009632,35 to 49,69,20,14,6,49,27,0,4,17,1
S01009632,50 to 64,65,31,26,5,34,6,1,2,24,1
S01009632,65 to 74,36,12,12,0,24,4,2,3,7,8
S01009632,75 to 84,35,9,7,2,26,7,1,0,2,16
S01009632,85 and over,16,1,1,0,15,0,0,0,0,15
S01009633,All HRPs,297,132,89,43,165,61,7,20,46,31
S01009633,24 and under,24,4,0,4,20,20,0,0,0,0
S01009633,25 to 34,42,16,7,9,26,21,2,1,2,0
S01009633,35 to 49,100,48,30,18,52,14,0,11,27,0
S01009633,50 to 64,72,38,26,12,34,4,2,7,13,8
S01009633,65 to 74,28,15,15,0,13,1,1,1,3,7
S01009633,75 to 84,21,10,10,0,11,0,1,0,1,9
S01009633,85 and over,10,1,1,0,9,1,1,0,0,7
S01009634,All HRPs,253,109,85,24,144,47,2,13,30,52
S01009634,24 and under,13,6,1,5,7,7,0,0,0,0
S01009634,25 to 34,26,11,4,7,15,12,0,2,1,0
S01009634,35 to 49,47,21,17,4,26,18,1,3,4,0
S01009634,50 to 64,65,33,25,8,32,6,0,6,12,8
S01009634,65 to 74,49,19,19,0,30,3,0,1,11,15
S01009634,75 to 84,41,18,18,0,23,1,1,1,2,18
S01009634,85 and over,12,1,1,0,11,0,0,0,0,11
S01009635,All HRPs,414,196,160,36,218,86,3,21,62,46
S01009635,24 and under,15,2,0,2,13,13,0,0,0,0
S01009635,25 to 34,52,22,9,13,30,27,1,1,1,0
S01009635,35 to 49,116,55,44,11,61,31,0,11,19,0
S01009635,50 to 64,137,80,70,10,57,11,1,6,29,10
S01009635,65 to 74,51,23,23,0,28,1,0,3,8,16
S01009635,75 to 84,32,12,12,0,20,0,0,0,5,15
S01009635,85 and over,11,2,2,0,9,3,1,0,0,5
S01009636,All HRPs,521,154,92,62,367,180,0,30,87,70
S01009636,24 and under,64,23,2,21,41,40,0,1,0,0
S01009636,25 to 34,78,25,7,18,53,51,0,1,1,0
S01009636,35 to 49,137,30,18,12,107,69,0,13,24,1
S01009636,50 to 64,138,49,40,9,89,12,0,14,49,14
S01009636,65 to 74,50,18,18,0,32,5,0,1,9,17
S01009636,75 to 84,40,9,7,2,31,1,0,0,4,26
S01009636,85 and over,14,0,0,0,14,2,0,0,0,12
S01009637,All HRPs,340,153,122,31,187,80,1,18,45,43
S01009637,24 and under,18,5,1,4,13,13,0,0,0,0
S01009637,25 to 34,40,15,6,9,25,22,0,2,1,0
S01009637,35 to 49,104,50,39,11,54,26,1,8,18,1
S01009637,50 to 64,101,54,48,6,47,12,0,7,22,6
S01009637,65 to 74,42,18,17,1,24,6,0,1,3,14
S01009637,75 to 84,23,8,8,0,15,1,0,0,1,13
S01009637,85 and over,12,3,3,0,9,0,0,0,0,9
S01009638,All HRPs,292,145,107,38,147,55,2,18,37,35
S01009638,24 and under,15,3,1,2,12,11,0,1,0,0
S01009638,25 to 34,43,21,10,11,22,17,1,3,1,0
S01009638,35 to 49,93,50,32,18,43,15,0,12,13,3
S01009638,50 to 64,68,38,34,4,30,5,0,2,18,5
S01009638,65 to 74,42,22,21,1,20,5,0,0,1,14
S01009638,75 to 84,24,8,6,2,16,2,0,0,4,10
S01009638,85 and over,7,3,3,0,4,0,1,0,0,3
S01009639,All HRPs,325,208,188,20,117,24,3,11,23,56
S01009639,24 and under,3,2,1,1,1,0,0,0,0,1
S01009639,25 to 34,9,7,5,2,2,1,0,1,0,0
S01009639,35 to 49,90,72,61,11,18,9,1,4,3,1
S01009639,50 to 64,103,67,62,5,36,9,0,6,16,5
S01009639,65 to 74,52,35,34,1,17,2,0,0,4,11
S01009639,75 to 84,51,22,22,0,29,3,2,0,0,24
S01009639,85 and over,17,3,3,0,14,0,0,0,0,14
S01009640,All HRPs,363,110,74,36,253,101,4,24,72,52
S01009640,24 and under,16,3,0,3,13,12,0,0,1,0
S01009640,25 to 34,36,16,6,10,20,17,0,2,1,0
S01009640,35 to 49,105,35,21,14,70,39,0,8,23,0
S01009640,50 to 64,83,17,14,3,66,15,0,11,34,6
S01009640,65 to 74,50,15,13,2,35,10,0,3,8,14
S01009640,75 to 84,47,14,11,3,33,6,2,0,5,20
S01009640,85 and over,26,10,9,1,16,2,2,0,0,12
S01009641,All HRPs,479,163,118,45,316,124,1,19,65,107
S01009641,24 and under,25,12,1,11,13,13,0,0,0,0
S01009641,25 to 34,59,19,7,12,40,39,0,0,1,0
S01009641,35 to 49,110,42,32,10,68,37,0,12,14,5
S01009641,50 to 64,111,47,41,6,64,16,0,7,33,8
S01009641,65 to 74,66,25,21,4,41,9,1,0,12,19
S01009641,75 to 84,77,16,15,1,61,8,0,0,5,48
S01009641,85 and over,31,2,1,1,29,2,0,0,0,27
S01009642,All HRPs,482,202,138,64,280,110,5,23,75,67
S01009642,24 and under,18,11,0,11,7,7,0,0,0,0
S01009642,25 to 34,81,38,14,24,43,40,0,1,2,0
S01009642,35 to 49,138,60,44,16,78,41,0,11,26,0
S01009642,50 to 64,119,53,41,12,66,12,4,10,34,6
S01009642,65 to 74,59,30,29,1,29,5,1,1,10,12
S01009642,75 to 84,46,7,7,0,39,4,0,0,3,32
S01009642,85 and over,21,3,3,0,18,1,0,0,0,17
S01009643,All HRPs,218,172,135,37,46,26,2,6,7,5
S01009643,24 and under,4,1,1,0,3,3,0,0,0,0
S01009643,25 to 34,60,45,27,18,15,12,0,2,1,0
S01009643,35 to 49,88,71,57,14,17,8,2,1,5,1
S01009643,50 to 64,43,35,31,4,8,2,0,3,1,2
S01009643,65 to 74,13,12,11,1,1,0,0,0,0,1
S01009643,75 to 84,9,7,7,0,2,1,0,0,0,1
S01009643,85 and over,1,1,1,0,0,0,0,0,0,0
S01009644,All HRPs,339,204,169,35,135,40,0,10,36,49
S01009644,24 and under,4,1,0,1,3,3,0,0,0,0
S01009644,25 to 34,39,24,14,10,15,15,0,0,0,0
S01009644,35 to 49,101,68,56,12,33,17,0,4,11,1
S01009644,50 to 64,98,60,49,11,38,4,0,6,16,12
S01009644,65 to 74,54,30,30,0,24,1,0,0,7,16
S01009644,75 to 84,34,19,18,1,15,0,0,0,2,13
S01009644,85 and over,9,2,2,0,7,0,0,0,0,7
S01009645,All HRPs,301,146,116,30,155,55,2,9,43,46
S01009645,24 and under,8,0,0,0,8,8,0,0,0,0
S01009645,25 to 34,43,24,11,13,19,19,0,0,0,0
S01009645,35 to 49,79,42,31,11,37,17,0,4,13,3
S01009645,50 to 64,73,45,40,5,28,5,0,4,15,4
S01009645,65 to 74,50,20,19,1,30,5,0,1,11,13
S01009645,75 to 84,36,12,12,0,24,1,2,0,4,17
S01009645,85 and over,12,3,3,0,9,0,0,0,0,9
S01009646,All HRPs,244,129,110,19,115,40,2,7,25,41
S01009646,24 and under,9,0,0,0,9,8,0,1,0,0
S01009646,25 to 34,20,11,7,4,9,9,0,0,0,0
S01009646,35 to 49,80,46,34,12,34,15,1,5,11,2
S01009646,50 to 64,64,35,33,2,29,6,1,1,13,8
S01009646,65 to 74,41,26,25,1,15,2,0,0,1,12
S01009646,75 to 84,23,10,10,0,13,0,0,0,0,13
S01009646,85 and over,7,1,1,0,6,0,0,0,0,6
S01009647,All HRPs,318,110,81,29,208,91,4,12,48,53
S01009647,24 and under,20,2,0,2,18,18,0,0,0,0
S01009647,25 to 34,51,14,4,10,37,34,0,1,2,0
S01009647,35 to 49,82,28,18,10,54,27,0,4,21,2
S01009647,50 to 64,76,35,30,5,41,6,2,6,18,9
S01009647,65 to 74,42,18,16,2,24,4,1,0,7,12
S01009647,75 to 84,33,12,12,0,21,2,0,1,0,18
S01009647,85 and over,14,1,1,0,13,0,1,0,0,12
S01009648,All HRPs,394,209,170,39,185,48,6,20,41,70
S01009648,24 and under,7,1,0,1,6,6,0,0,0,0
S01009648,25 to 34,39,16,7,9,23,17,1,5,0,0
S01009648,35 to 49,120,78,53,25,42,15,0,8,18,1
S01009648,50 to 64,92,56,52,4,36,6,1,4,20,5
S01009648,65 to 74,63,34,34,0,29,3,1,3,3,19
S01009648,75 to 84,59,19,19,0,40,1,2,0,0,37
S01009648,85 and over,14,5,5,0,9,0,1,0,0,8
S01009649,All HRPs,451,247,204,43,204,56,0,24,66,58
S01009649,24 and under,17,6,0,6,11,9,0,2,0,0
S01009649,25 to 34,42,23,12,11,19,14,0,5,0,0
S01009649,35 to 49,143,87,69,18,56,23,0,9,18,6
S01009649,50 to 64,132,77,71,6,55,6,0,7,36,6
S01009649,65 to 74,76,42,40,2,34,2,0,1,10,21
S01009649,75 to 84,32,10,10,0,22,2,0,0,1,19
S01009649,85 and over,9,2,2,0,7,0,0,0,1,6
S01009650,All HRPs,343,242,219,23,101,15,2,6,18,60
S01009650,24 and under,0,0,0,0,0,0,0,0,0,0
S01009650,25 to 34,6,5,2,3,1,1,0,0,0,0
S01009650,35 to 49,57,52,44,8,5,2,0,2,1,0
S01009650,50 to 64,120,97,87,10,23,6,0,2,9,6
S01009650,65 to 74,73,52,51,1,21,3,1,2,3,12
S01009650,75 to 84,56,29,28,1,27,1,1,0,5,20
S01009650,85 and over,31,7,7,0,24,2,0,0,0,22
S01009651,All HRPs,427,254,218,36,173,55,6,18,33,61
S01009651,24 and under,14,1,0,1,13,11,0,0,0,2
S01009651,25 to 34,19,13,7,6,6,5,0,0,1,0
S01009651,35 to 49,104,72,60,12,32,15,0,7,9,1
S01009651,50 to 64,132,92,79,13,40,11,3,8,10,8
S01009651,65 to 74,79,42,40,2,37,7,2,3,9,16
S01009651,75 to 84,64,30,28,2,34,6,1,0,4,23
S01009651,85 and over,15,4,4,0,11,0,0,0,0,11
S01009652,All HRPs,399,202,180,22,197,32,12,16,44,93
S01009652,24 and under,4,1,0,1,3,3,0,0,0,0
S01009652,25 to 34,10,5,2,3,5,4,1,0,0,0
S01009652,35 to 49,77,43,39,4,34,12,5,4,13,0
S01009652,50 to 64,117,76,64,12,41,4,2,9,19,7
S01009652,65 to 74,80,43,42,1,37,4,1,3,11,18
S01009652,75 to 84,67,29,28,1,38,1,2,0,1,34
S01009652,85 and over,44,5,5,0,39,4,1,0,0,34
S01009653,All HRPs,229,159,141,18,70,19,3,4,10,34
S01009653,24 and under,0,0,0,0,0,0,0,0,0,0
S01009653,25 to 34,13,8,5,3,5,5,0,0,0,0
S01009653,35 to 49,62,49,41,8,13,7,1,2,2,1
S01009653,50 to 64,85,65,59,6,20,3,2,2,7,6
S01009653,65 to 74,27,17,17,0,10,1,0,0,1,8
S01009653,75 to 84,31,16,15,1,15,0,0,0,0,15
S01009653,85 and over,11,4,4,0,7,3,0,0,0,4
S01009654,All HRPs,274,139,109,30,135,36,0,13,37,49
S01009654,24 and under,1,0,0,0,1,1,0,0,0,0
S01009654,25 to 34,23,15,6,9,8,6,0,1,1,0
S01009654,35 to 49,55,38,30,8,17,7,0,4,6,0
S01009654,50 to 64,92,48,40,8,44,13,0,7,17,7
S01009654,65 to 74,49,23,20,3,26,3,0,1,13,9
S01009654,75 to 84,37,12,10,2,25,4,0,0,0,21
S01009654,85 and over,17,3,3,0,14,2,0,0,0,12
S01009655,All HRPs,351,180,143,37,171,50,1,16,44,60
S01009655,24 and under,4,3,0,3,1,1,0,0,0,0
S01009655,25 to 34,35,14,7,7,21,14,0,3,4,0
S01009655,35 to 49,101,50,37,13,51,22,0,9,16,4
S01009655,50 to 64,114,74,62,12,40,9,1,3,22,5
S01009655,65 to 74,59,33,32,1,26,3,0,0,2,21
S01009655,75 to 84,27,6,5,1,21,1,0,1,0,19
S01009655,85 and over,11,0,0,0,11,0,0,0,0,11
S01009656,All HRPs,387,145,113,32,242,84,3,17,51,87
S01009656,24 and under,13,3,0,3,10,10,0,0,0,0
S01009656,25 to 34,47,16,4,12,31,25,0,4,1,1
S01009656,35 to 49,76,36,26,10,40,21,3,8,8,0
S01009656,50 to 64,98,46,41,5,52,17,0,2,19,14
S01009656,65 to 74,81,28,28,0,53,9,0,1,18,25
S01009656,75 to 84,47,14,13,1,33,1,0,2,2,28
S01009656,85 and over,25,2,1,1,23,1,0,0,3,19
S01009657,All HRPs,332,210,174,36,122,55,1,5,24,37
S01009657,24 and under,7,5,1,4,2,2,0,0,0,0
S01009657,25 to 34,37,17,5,12,20,19,0,0,1,0
S01009657,35 to 49,93,66,58,8,27,14,0,3,10,0
S01009657,50 to 64,113,85,74,11,28,12,0,2,10,4
S01009657,65 to 74,37,21,21,0,16,6,0,0,2,8
S01009657,75 to 84,33,13,12,1,20,2,1,0,1,16
S01009657,85 and over,12,3,3,0,9,0,0,0,0,9
S01009658,All HRPs,286,177,143,34,109,32,1,20,32,24
S01009658,24 and under,10,5,0,5,5,5,0,0,0,0
S01009658,25 to 34,47,27,17,10,20,15,0,4,0,1
S01009658,35 to 49,73,47,36,11,26,7,0,11,7,1
S01009658,50 to 64,107,74,67,7,33,5,0,3,19,6
S01009658,65 to 74,23,15,14,1,8,0,0,1,4,3
S01009658,75 to 84,21,7,7,0,14,0,1,1,2,10
S01009658,85 and over,5,2,2,0,3,0,0,0,0,3
S01009659,All HRPs,230,123,103,20,107,54,0,6,26,21
S01009659,24 and under,18,3,0,3,15,15,0,0,0,0
S01009659,25 to 34,34,19,10,9,15,12,0,2,1,0
S01009659,35 to 49,66,31,28,3,35,21,0,2,12,0
S01009659,50 to 64,59,40,36,4,19,4,0,2,11,2
S01009659,65 to 74,30,19,18,1,11,1,0,0,2,8
S01009659,75 to 84,19,9,9,0,10,1,0,0,0,9
S01009659,85 and over,4,2,2,0,2,0,0,0,0,2
S01009660,All HRPs,430,269,222,47,161,54,2,20,51,34
S01009660,24 and under,11,5,1,4,6,6,0,0,0,0
S01009660,25 to 34,62,35,19,16,27,19,1,2,5,0
S01009660,35 to 49,133,91,72,19,42,16,0,10,14,2
S01009660,50 to 64,139,92,87,5,47,11,0,7,20,9
S01009660,65 to 74,51,30,27,3,21,2,1,1,9,8
S01009660,75 to 84,28,13,13,0,15,0,0,0,3,12
S01009660,85 and over,6,3,3,0,3,0,0,0,0,3
S01009661,All HRPs,331,234,200,34,97,24,2,10,26,35
S01009661,24 and under,1,0,0,0,1,1,0,0,0,0
S01009661,25 to 34,19,12,5,7,7,5,0,1,1,0
S01009661,35 to 49,94,71,55,16,23,10,0,5,6,2
S01009661,50 to 64,127,99,91,8,28,3,2,4,10,9
S01009661,65 to 74,54,39,36,3,15,2,0,0,6,7
S01009661,75 to 84,27,11,11,0,16,2,0,0,3,11
S01009661,85 and over,9,2,2,0,7,1,0,0,0,6
S01009662,All HRPs,292,191,159,32,101,30,2,13,24,32
S01009662,24 and under,4,2,0,2,2,2,0,0,0,0
S01009662,25 to 34,18,10,6,4,8,5,2,0,1,0
S01009662,35 to 49,75,50,39,11,25,11,0,5,6,3
S01009662,50 to 64,112,83,71,12,29,7,0,6,11,5
S01009662,65 to 74,55,37,35,2,18,4,0,1,5,8
S01009662,75 to 84,21,8,7,1,13,0,0,1,1,11
S01009662,85 and over,7,1,1,0,6,1,0,0,0,5
S01009663,All HRPs,281,166,135,31,115,28,2,22,34,29
S01009663,24 and under,3,2,1,1,1,1,0,0,0,0
S01009663,25 to 34,22,14,8,6,8,6,0,1,1,0
S01009663,35 to 49,84,58,43,15,26,7,0,9,10,0
S01009663,50 to 64,102,65,56,9,37,6,1,7,18,5
S01009663,65 to 74,41,20,20,0,21,6,0,5,4,6
S01009663,75 to 84,16,5,5,0,11,2,0,0,1,8
S01009663,85 and over,13,2,2,0,11,0,1,0,0,10
S01009664,All HRPs,377,251,219,32,126,37,4,13,39,33
S01009664,24 and under,2,0,0,0,2,2,0,0,0,0
S01009664,25 to 34,26,18,12,6,8,8,0,0,0,0
S01009664,35 to 49,110,83,67,16,27,12,2,6,7,0
S01009664,50 to 64,129,90,84,6,39,6,2,3,23,5
S01009664,65 to 74,76,46,43,3,30,6,0,4,7,13
S01009664,75 to 84,27,12,12,0,15,2,0,0,2,11
S01009664,85 and over,7,2,1,1,5,1,0,0,0,4
S01009665,All HRPs,293,161,133,28,132,46,2,17,27,40
S01009665,24 and under,6,0,0,0,6,6,0,0,0,0
S01009665,25 to 34,31,15,3,12,16,14,0,2,0,0
S01009665,35 to 49,79,49,39,10,30,13,1,9,7,0
S01009665,50 to 64,84,53,50,3,31,6,0,5,12,8
S01009665,65 to 74,43,26,24,2,17,4,1,1,8,3
S01009665,75 to 84,39,16,15,1,23,3,0,0,0,20
S01009665,85 and over,11,2,2,0,9,0,0,0,0,9
S01009666,All HRPs,342,201,168,33,141,45,6,13,31,46
S01009666,24 and under,6,2,0,2,4,4,0,0,0,0
S01009666,25 to 34,31,15,8,7,16,12,1,3,0,0
S01009666,35 to 49,80,59,44,15,21,11,0,2,8,0
S01009666,50 to 64,107,73,68,5,34,7,2,5,13,7
S01009666,65 to 74,55,26,25,1,29,6,1,3,5,14
S01009666,75 to 84,44,22,19,3,22,4,2,0,5,11
S01009666,85 and over,19,4,4,0,15,1,0,0,0,14
S01009667,All HRPs,223,157,141,16,66,15,1,5,13,32
S01009667,24 and under,0,0,0,0,0,0,0,0,0,0
S01009667,25 to 34,14,12,3,9,2,1,0,1,0,0
S01009667,35 to 49,61,48,46,2,13,10,0,0,3,0
S01009667,50 to 64,69,53,48,5,16,3,1,3,5,4
S01009667,65 to 74,39,25,25,0,14,1,0,0,5,8
S01009667,75 to 84,31,16,16,0,15,0,0,1,0,14
S01009667,85 and over,9,3,3,0,6,0,0,0,0,6
S01009668,All HRPs,243,164,136,28,79,19,4,13,25,18
S01009668,24 and under,7,4,0,4,3,3,0,0,0,0
S01009668,25 to 34,25,17,11,6,8,7,0,0,1,0
S01009668,35 to 49,83,59,51,8,24,5,1,9,9,0
S01009668,50 to 64,74,52,43,9,22,3,0,4,10,5
S01009668,65 to 74,26,15,14,1,11,1,2,0,5,3
S01009668,75 to 84,22,15,15,0,7,0,1,0,0,6
S01009668,85 and over,6,2,2,0,4,0,0,0,0,4
S01009669,All HRPs,240,145,126,19,95,27,0,5,15,48
S01009669,24 and under,3,2,0,2,1,1,0,0,0,0
S01009669,25 to 34,11,8,5,3,3,3,0,0,0,0
S01009669,35 to 49,56,41,32,9,15,8,0,1,4,2
S01009669,50 to 64,73,50,46,4,23,7,0,2,9,5
S01009669,65 to 74,35,24,23,1,11,3,0,1,2,5
S01009669,75 to 84,45,16,16,0,29,4,0,1,0,24
S01009669,85 and over,17,4,4,0,13,1,0,0,0,12
S01009670,All HRPs,340,191,168,23,149,43,3,17,41,45
S01009670,24 and under,6,1,0,1,5,5,0,0,0,0
S01009670,25 to 34,23,15,9,6,8,6,0,2,0,0
S01009670,35 to 49,102,60,52,8,42,15,0,7,18,2
S01009670,50 to 64,114,75,68,7,39,10,2,8,14,5
S01009670,65 to 74,42,20,19,1,22,4,1,0,8,9
S01009670,75 to 84,39,15,15,0,24,2,0,0,0,22
S01009670,85 and over,14,5,5,0,9,1,0,0,1,7
S01009671,All HRPs,262,165,128,37,97,26,2,12,31,26
S01009671,24 and under,1,0,0,0,1,1,0,0,0,0
S01009671,25 to 34,14,11,5,6,3,3,0,0,0,0
S01009671,35 to 49,93,65,46,19,28,9,1,7,11,0
S01009671,50 to 64,93,58,48,10,35,9,1,5,14,6
S01009671,65 to 74,31,20,18,2,11,1,0,0,6,4
S01009671,75 to 84,21,9,9,0,12,1,0,0,0,11
S01009671,85 and over,9,2,2,0,7,2,0,0,0,5
S01009672,All HRPs,355,209,164,45,146,55,1,7,47,36
S01009672,24 and under,9,3,0,3,6,6,0,0,0,0
S01009672,25 to 34,34,25,12,13,9,9,0,0,0,0
S01009672,35 to 49,102,67,54,13,35,23,0,3,9,0
S01009672,50 to 64,116,69,58,11,47,13,1,2,28,3
S01009672,65 to 74,42,23,22,1,19,2,0,2,7,8
S01009672,75 to 84,36,14,11,3,22,1,0,0,3,18
S01009672,85 and over,16,8,7,1,8,1,0,0,0,7
S01009673,All HRPs,351,209,166,43,142,46,3,13,37,43
S01009673,24 and under,5,0,0,0,5,5,0,0,0,0
S01009673,25 to 34,40,28,14,14,12,10,1,0,1,0
S01009673,35 to 49,90,68,50,18,22,11,0,5,6,0
S01009673,50 to 64,114,64,55,9,50,11,2,6,23,8
S01009673,65 to 74,56,30,29,1,26,5,0,2,4,15
S01009673,75 to 84,27,14,14,0,13,1,0,0,2,10
S01009673,85 and over,19,5,4,1,14,3,0,0,1,10
S01009674,All HRPs,392,244,212,32,148,44,3,18,42,41
S01009674,24 and under,3,3,0,3,0,0,0,0,0,0
S01009674,25 to 34,22,14,8,6,8,8,0,0,0,0
S01009674,35 to 49,110,68,56,12,42,21,2,11,8,0
S01009674,50 to 64,133,93,84,9,40,9,1,7,20,3
S01009674,65 to 74,67,41,40,1,26,5,0,0,9,12
S01009674,75 to 84,47,23,22,1,24,1,0,0,5,18
S01009674,85 and over,10,2,2,0,8,0,0,0,0,8
S01009675,All HRPs,379,249,214,35,130,40,5,11,24,50
S01009675,24 and under,1,1,0,1,0,0,0,0,0,0
S01009675,25 to 34,19,10,3,7,9,8,0,0,1,0
S01009675,35 to 49,111,79,62,17,32,12,5,5,9,1
S01009675,50 to 64,131,91,82,9,40,17,0,5,12,6
S01009675,65 to 74,63,47,46,1,16,2,0,1,1,12
S01009675,75 to 84,41,20,20,0,21,1,0,0,1,19
S01009675,85 and over,13,1,1,0,12,0,0,0,0,12
S01009676,All HRPs,356,210,189,21,146,43,3,7,38,55
S01009676,24 and under,3,0,0,0,3,3,0,0,0,0
S01009676,25 to 34,20,13,9,4,7,7,0,0,0,0
S01009676,35 to 49,100,65,54,11,35,18,1,4,12,0
S01009676,50 to 64,123,90,85,5,33,6,0,1,18,8
S01009676,65 to 74,49,24,23,1,25,3,2,1,7,12
S01009676,75 to 84,50,18,18,0,32,5,0,1,1,25
S01009676,85 and over,11,0,0,0,11,1,0,0,0,10
S01009677,All HRPs,268,161,135,26,107,36,2,13,28,28
S01009677,24 and under,2,0,0,0,2,2,0,0,0,0
S01009677,25 to 34,17,10,4,6,7,5,0,2,0,0
S01009677,35 to 49,73,48,39,9,25,10,2,5,6,2
S01009677,50 to 64,101,66,56,10,35,12,0,5,16,2
S01009677,65 to 74,45,24,23,1,21,4,0,1,6,10
S01009677,75 to 84,23,13,13,0,10,1,0,0,0,9
S01009677,85 and over,7,0,0,0,7,2,0,0,0,5
S01009678,All HRPs,273,161,136,25,112,24,3,11,29,45
S01009678,24 and under,6,3,0,3,3,3,0,0,0,0
S01009678,25 to 34,14,9,4,5,5,2,0,2,1,0
S01009678,35 to 49,67,42,34,8,25,11,0,5,8,1
S01009678,50 to 64,86,56,50,6,30,4,0,3,17,6
S01009678,65 to 74,47,27,24,3,20,3,0,1,3,13
S01009678,75 to 84,45,23,23,0,22,1,3,0,0,18
S01009678,85 and over,8,1,1,0,7,0,0,0,0,7
S01009679,All HRPs,434,217,170,47,217,91,3,22,47,54
S01009679,24 and under,11,3,0,3,8,6,0,1,0,1
S01009679,25 to 34,55,24,10,14,31,29,0,1,1,0
S01009679,35 to 49,122,63,48,15,59,32,1,10,15,1
S01009679,50 to 64,132,81,69,12,51,14,0,6,22,9
S01009679,65 to 74,65,32,29,3,33,2,1,3,8,19
S01009679,75 to 84,38,13,13,0,25,6,1,1,1,16
S01009679,85 and over,11,1,1,0,10,2,0,0,0,8
S01009680,All HRPs,356,204,159,45,152,57,3,13,36,43
S01009680,24 and under,12,6,0,6,6,6,0,0,0,0
S01009680,25 to 34,40,20,7,13,20,18,0,1,1,0
S01009680,35 to 49,100,64,48,16,36,15,1,4,13,3
S01009680,50 to 64,97,66,57,9,31,10,0,6,13,2
S01009680,65 to 74,57,34,33,1,23,2,0,2,5,14
S01009680,75 to 84,40,12,12,0,28,5,2,0,4,17
S01009680,85 and over,10,2,2,0,8,1,0,0,0,7
S01009681,All HRPs,245,143,120,23,102,35,4,8,25,30
S01009681,24 and under,6,1,0,1,5,5,0,0,0,0
S01009681,25 to 34,24,10,5,5,14,11,0,0,3,0
S01009681,35 to 49,84,60,51,9,24,11,2,5,6,0
S01009681,50 to 64,90,52,44,8,38,8,1,3,15,11
S01009681,65 to 74,17,9,9,0,8,0,1,0,1,6
S01009681,75 to 84,22,10,10,0,12,0,0,0,0,12
S01009681,85 and over,2,1,1,0,1,0,0,0,0,1
S01009682,All HRPs,278,177,155,22,101,32,1,7,28,33
S01009682,24 and under,7,2,0,2,5,5,0,0,0,0
S01009682,25 to 34,30,20,14,6,10,9,0,1,0,0
S01009682,35 to 49,73,50,41,9,23,10,0,3,10,0
S01009682,50 to 64,80,60,56,4,20,5,0,2,9,4
S01009682,65 to 74,53,32,31,1,21,3,1,1,5,11
S01009682,75 to 84,26,10,10,0,16,0,0,0,4,12
S01009682,85 and over,9,3,3,0,6,0,0,0,0,6
S01009683,All HRPs,364,205,180,25,159,46,2,13,29,69
S01009683,24 and under,6,2,0,2,4,4,0,0,0,0
S01009683,25 to 34,26,16,11,5,10,7,0,2,0,1
S01009683,35 to 49,72,46,38,8,26,14,0,6,5,1
S01009683,50 to 64,116,83,76,7,33,12,0,3,15,3
S01009683,65 to 74,54,32,30,2,22,5,0,0,5,12
S01009683,75 to 84,55,17,16,1,38,3,0,1,3,31
S01009683,85 and over,35,9,9,0,26,1,2,1,1,21
S01009684,All HRPs,395,299,258,41,96,28,5,14,27,22
S01009684,24 and under,4,2,0,2,2,2,0,0,0,0
S01009684,25 to 34,23,14,6,8,9,8,0,0,1,0
S01009684,35 to 49,153,122,107,15,31,10,3,10,8,0
S01009684,50 to 64,136,110,97,13,26,5,0,3,14,4
S01009684,65 to 74,42,31,29,2,11,1,0,1,4,5
S01009684,75 to 84,32,19,18,1,13,2,2,0,0,9
S01009684,85 and over,5,1,1,0,4,0,0,0,0,4
S01009685,All HRPs,264,158,128,30,106,38,2,11,32,23
S01009685,24 and under,3,1,0,1,2,2,0,0,0,0
S01009685,25 to 34,34,19,9,10,15,12,0,2,1,0
S01009685,35 to 49,77,53,39,14,24,16,0,4,4,0
S01009685,50 to 64,85,51,46,5,34,5,2,5,19,3
S01009685,65 to 74,39,23,23,0,16,1,0,0,8,7
S01009685,75 to 84,20,11,11,0,9,2,0,0,0,7
S01009685,85 and over,6,0,0,0,6,0,0,0,0,6
S01009686,All HRPs,544,234,170,64,310,138,11,22,70,69
S01009686,24 and under,33,9,0,9,24,24,0,0,0,0
S01009686,25 to 34,94,40,17,23,54,40,3,7,4,0
S01009686,35 to 49,160,75,52,23,85,42,6,9,24,4
S01009686,50 to 64,108,53,44,9,55,22,1,5,22,5
S01009686,65 to 74,65,32,32,0,33,2,1,1,13,16
S01009686,75 to 84,58,23,23,0,35,3,0,0,6,26
S01009686,85 and over,26,2,2,0,24,5,0,0,1,18
S01009687,All HRPs,299,194,157,37,105,38,1,8,25,33
S01009687,24 and under,8,5,2,3,3,3,0,0,0,0
S01009687,25 to 34,42,37,27,10,5,4,0,1,0,0
S01009687,35 to 49,90,61,49,12,29,12,0,4,13,0
S01009687,50 to 64,75,53,43,10,22,11,1,0,8,2
S01009687,65 to 74,46,25,23,2,21,6,0,2,3,10
S01009687,75 to 84,24,11,11,0,13,1,0,1,1,10
S01009687,85 and over,14,2,2,0,12,1,0,0,0,11
S01009688,All HRPs,456,156,102,54,300,135,10,24,78,53
S01009688,24 and under,45,9,0,9,36,35,0,1,0,0
S01009688,25 to 34,72,34,10,24,38,27,2,2,7,0
S01009688,35 to 49,151,50,43,7,101,45,5,15,35,1
S01009688,50 to 64,78,28,17,11,50,15,0,6,25,4
S01009688,65 to 74,50,16,15,1,34,10,0,0,8,16
S01009688,75 to 84,44,18,16,2,26,3,2,0,3,18
S01009688,85 and over,16,1,1,0,15,0,1,0,0,14
S01009689,All HRPs,333,123,85,38,210,93,6,15,46,50
S01009689,24 and under,29,10,2,8,19,19,0,0,0,0
S01009689,25 to 34,51,27,6,21,24,20,3,1,0,0
S01009689,35 to 49,94,34,30,4,60,32,1,8,18,1
S01009689,50 to 64,75,34,30,4,41,15,0,5,18,3
S01009689,65 to 74,24,5,4,1,19,0,1,1,7,10
S01009689,75 to 84,25,10,10,0,15,3,0,0,2,10
S01009689,85 and over,35,3,3,0,32,4,1,0,1,26
S01009690,All HRPs,347,165,124,41,182,72,4,20,44,42
S01009690,24 and under,16,9,1,8,7,7,0,0,0,0
S01009690,25 to 34,37,19,5,14,18,16,0,1,1,0
S01009690,35 to 49,123,60,48,12,63,37,2,10,13,1
S01009690,50 to 64,89,45,38,7,44,8,0,7,21,8
S01009690,65 to 74,32,15,15,0,17,1,2,2,5,7
S01009690,75 to 84,37,12,12,0,25,3,0,0,3,19
S01009690,85 and over,13,5,5,0,8,0,0,0,1,7
S01009691,All HRPs,260,167,146,21,93,20,0,3,25,45
S01009691,24 and under,4,2,1,1,2,2,0,0,0,0
S01009691,25 to 34,17,11,7,4,6,4,0,0,2,0
S01009691,35 to 49,68,53,44,9,15,1,0,0,11,3
S01009691,50 to 64,72,53,47,6,19,6,0,3,8,2
S01009691,65 to 74,35,24,23,1,11,1,0,0,4,6
S01009691,75 to 84,43,21,21,0,22,3,0,0,0,19
S01009691,85 and over,21,3,3,0,18,3,0,0,0,15
S01009692,All HRPs,484,300,267,33,184,50,7,19,30,78
S01009692,24 and under,7,2,1,1,5,5,0,0,0,0
S01009692,25 to 34,33,24,14,10,9,7,1,0,1,0
S01009692,35 to 49,98,66,59,7,32,14,1,9,7,1
S01009692,50 to 64,142,102,88,14,40,10,0,7,16,7
S01009692,65 to 74,96,62,61,1,34,8,1,2,3,20
S01009692,75 to 84,76,33,33,0,43,6,2,1,2,32
S01009692,85 and over,32,11,11,0,21,0,2,0,1,18
S01009693,All HRPs,252,179,161,18,73,11,1,4,18,39
S01009693,24 and under,0,0,0,0,0,0,0,0,0,0
S01009693,25 to 34,17,16,9,7,1,0,0,1,0,0
S01009693,35 to 49,73,58,52,6,15,5,0,2,8,0
S01009693,50 to 64,72,60,56,4,12,3,0,0,6,3
S01009693,65 to 74,40,28,27,1,12,2,0,0,3,7
S01009693,75 to 84,38,16,16,0,22,1,1,1,0,19
S01009693,85 and over,12,1,1,0,11,0,0,0,1,10
S01009694,All HRPs,453,289,263,26,164,30,0,12,40,82
S01009694,24 and under,2,2,0,2,0,0,0,0,0,0
S01009694,25 to 34,15,10,7,3,5,5,0,0,0,0
S01009694,35 to 49,99,78,69,9,21,3,0,6,12,0
S01009694,50 to 64,139,99,88,11,40,11,0,5,15,9
S01009694,65 to 74,90,49,48,1,41,7,0,1,11,22
S01009694,75 to 84,82,40,40,0,42,2,0,0,2,38
S01009694,85 and over,26,11,11,0,15,2,0,0,0,13
S01009695,All HRPs,278,189,166,23,89,28,0,12,23,26
S01009695,24 and under,4,2,1,1,2,2,0,0,0,0
S01009695,25 to 34,19,12,8,4,7,3,0,3,1,0
S01009695,35 to 49,64,43,33,10,21,9,0,5,6,1
S01009695,50 to 64,92,76,69,7,16,5,0,2,9,0
S01009695,65 to 74,56,32,32,0,24,6,0,2,6,10
S01009695,75 to 84,37,20,20,0,17,3,0,0,1,13
S01009695,85 and over,6,4,3,1,2,0,0,0,0,2
S01009696,All HRPs,443,259,232,27,184,54,7,10,39,74
S01009696,24 and under,5,2,0,2,3,3,0,0,0,0
S01009696,25 to 34,27,21,14,7,6,5,0,1,0,0
S01009696,35 to 49,114,81,71,10,33,17,2,4,10,0
S01009696,50 to 64,134,88,82,6,46,12,2,3,18,11
S01009696,65 to 74,86,47,45,2,39,10,1,1,7,20
S01009696,75 to 84,57,17,17,0,40,6,1,1,3,29
S01009696,85 and over,20,3,3,0,17,1,1,0,1,14
S01009697,All HRPs,314,203,169,34,111,39,3,5,24,40
S01009697,24 and under,2,2,2,0,0,0,0,0,0,0
S01009697,25 to 34,28,17,12,5,11,10,0,1,0,0
S01009697,35 to 49,77,55,36,19,22,15,0,1,6,0
S01009697,50 to 64,93,75,68,7,18,4,2,0,11,1
S01009697,65 to 74,65,35,33,2,30,6,1,3,6,14
S01009697,75 to 84,34,15,15,0,19,3,0,0,1,15
S01009697,85 and over,15,4,3,1,11,1,0,0,0,10
S01009698,All HRPs,232,163,141,22,69,31,6,3,15,14
S01009698,24 and under,5,1,0,1,4,4,0,0,0,0
S01009698,25 to 34,21,11,5,6,10,9,0,0,1,0
S01009698,35 to 49,63,45,36,9,18,10,3,2,3,0
S01009698,50 to 64,94,69,64,5,25,8,3,1,11,2
S01009698,65 to 74,30,25,24,1,5,0,0,0,0,5
S01009698,75 to 84,16,12,12,0,4,0,0,0,0,4
S01009698,85 and over,3,0,0,0,3,0,0,0,0,3
S01009699,All HRPs,236,131,114,17,105,33,3,9,20,40
S01009699,24 and under,5,3,0,3,2,2,0,0,0,0
S01009699,25 to 34,14,7,1,6,7,7,0,0,0,0
S01009699,35 to 49,43,24,20,4,19,11,0,4,4,0
S01009699,50 to 64,61,36,33,3,25,5,3,2,10,5
S01009699,65 to 74,50,35,35,0,15,1,0,3,4,7
S01009699,75 to 84,48,21,20,1,27,5,0,0,2,20
S01009699,85 and over,15,5,5,0,10,2,0,0,0,8
S01009700,All HRPs,297,173,142,31,124,33,3,9,37,42
S01009700,24 and under,5,2,0,2,3,3,0,0,0,0
S01009700,25 to 34,18,14,3,11,4,3,0,0,1,0
S01009700,35 to 49,76,40,32,8,36,21,1,7,6,1
S01009700,50 to 64,89,62,56,6,27,3,1,2,16,5
S01009700,65 to 74,62,34,31,3,28,2,1,0,12,13
S01009700,75 to 84,38,16,15,1,22,1,0,0,2,19
S01009700,85 and over,9,5,5,0,4,0,0,0,0,4
S01009701,All HRPs,229,117,108,9,112,25,12,7,26,42
S01009701,24 and under,1,1,1,0,0,0,0,0,0,0
S01009701,25 to 34,12,5,3,2,7,5,0,1,1,0
S01009701,35 to 49,34,15,10,5,19,7,5,2,5,0
S01009701,50 to 64,53,39,37,2,14,5,1,2,3,3
S01009701,65 to 74,56,28,28,0,28,3,3,1,9,12
S01009701,75 to 84,52,24,24,0,28,4,1,1,6,16
S01009701,85 and over,21,5,5,0,16,1,2,0,2,11
S01009702,All HRPs,265,176,145,31,89,44,3,9,13,20
S01009702,24 and under,7,3,1,2,4,4,0,0,0,0
S01009702,25 to 34,29,14,6,8,15,14,0,1,0,0
S01009702,35 to 49,84,57,43,14,27,13,2,5,7,0
S01009702,50 to 64,65,49,44,5,16,9,1,0,2,4
S01009702,65 to 74,48,34,33,1,14,4,0,2,3,5
S01009702,75 to 84,21,16,15,1,5,0,0,1,1,3
S01009702,85 and over,11,3,3,0,8,0,0,0,0,8
S01009703,All HRPs,285,136,120,16,149,36,4,9,30,70
S01009703,24 and under,1,0,0,0,1,1,0,0,0,0
S01009703,25 to 34,17,8,4,4,9,8,0,1,0,0
S01009703,35 to 49,68,42,37,5,26,13,0,3,9,1
S01009703,50 to 64,86,55,49,6,31,5,3,2,15,6
S01009703,65 to 74,51,18,17,1,33,3,1,2,4,23
S01009703,75 to 84,33,9,9,0,24,3,0,1,2,18
S01009703,85 and over,29,4,4,0,25,3,0,0,0,22
S01009704,All HRPs,440,251,222,29,189,55,4,21,54,55
S01009704,24 and under,6,4,1,3,2,2,0,0,0,0
S01009704,25 to 34,29,14,10,4,15,13,0,1,1,0
S01009704,35 to 49,111,69,56,13,42,17,1,12,11,1
S01009704,50 to 64,136,86,79,7,50,6,2,7,22,13
S01009704,65 to 74,96,56,54,2,40,7,0,1,13,19
S01009704,75 to 84,45,15,15,0,30,7,1,0,7,15
S01009704,85 and over,17,7,7,0,10,3,0,0,0,7
S01009705,All HRPs,363,177,144,33,186,65,2,22,47,50
S01009705,24 and under,3,3,1,2,0,0,0,0,0,0
S01009705,25 to 34,35,22,10,12,13,9,0,1,3,0
S01009705,35 to 49,101,46,37,9,55,25,1,8,21,0
S01009705,50 to 64,108,69,59,10,39,14,0,7,13,5
S01009705,65 to 74,62,19,19,0,43,11,1,6,7,18
S01009705,75 to 84,34,14,14,0,20,4,0,0,3,13
S01009705,85 and over,20,4,4,0,16,2,0,0,0,14
S01009706,All HRPs,295,145,118,27,150,54,6,16,26,48
S01009706,24 and under,4,3,1,2,1,1,0,0,0,0
S01009706,25 to 34,35,14,9,5,21,19,0,0,2,0
S01009706,35 to 49,77,48,34,14,29,14,3,8,3,1
S01009706,50 to 64,72,43,37,6,29,10,1,6,10,2
S01009706,65 to 74,50,21,21,0,29,4,2,2,9,12
S01009706,75 to 84,46,15,15,0,31,5,0,0,2,24
S01009706,85 and over,11,1,1,0,10,1,0,0,0,9
S01009707,All HRPs,218,120,97,23,98,36,7,7,26,22
S01009707,24 and under,5,2,1,1,3,3,0,0,0,0
S01009707,25 to 34,25,12,7,5,13,13,0,0,0,0
S01009707,35 to 49,68,41,33,8,27,12,4,4,7,0
S01009707,50 to 64,64,43,36,7,21,4,1,3,9,4
S01009707,65 to 74,21,11,9,2,10,0,0,0,7,3
S01009707,75 to 84,24,8,8,0,16,3,2,0,3,8
S01009707,85 and over,11,3,3,0,8,1,0,0,0,7
S01009708,All HRPs,258,165,145,20,93,25,3,6,23,36
S01009708,24 and under,3,1,0,1,2,2,0,0,0,0
S01009708,25 to 34,20,13,11,2,7,6,0,1,0,0
S01009708,35 to 49,70,44,36,8,26,12,0,2,11,1
S01009708,50 to 64,80,61,55,6,19,2,2,2,9,4
S01009708,65 to 74,48,32,30,2,16,1,0,1,2,12
S01009708,75 to 84,24,12,11,1,12,2,0,0,1,9
S01009708,85 and over,13,2,2,0,11,0,1,0,0,10
S01009709,All HRPs,394,210,185,25,184,58,4,27,33,62
S01009709,24 and under,5,3,0,3,2,2,0,0,0,0
S01009709,25 to 34,34,16,10,6,18,15,0,3,0,0
S01009709,35 to 49,75,44,37,7,31,21,0,6,3,1
S01009709,50 to 64,133,85,78,7,48,11,1,10,20,6
S01009709,65 to 74,84,43,42,1,41,6,1,8,6,20
S01009709,75 to 84,52,17,16,1,35,1,2,0,4,28
S01009709,85 and over,11,2,2,0,9,2,0,0,0,7
S01009710,All HRPs,246,134,107,27,112,32,6,12,29,33
S01009710,24 and under,8,5,1,4,3,3,0,0,0,0
S01009710,25 to 34,25,11,6,5,14,14,0,0,0,0
S01009710,35 to 49,93,57,42,15,36,9,3,7,17,0
S01009710,50 to 64,63,40,39,1,23,3,0,4,8,8
S01009710,65 to 74,27,15,13,2,12,3,0,1,3,5
S01009710,75 to 84,23,5,5,0,18,0,3,0,1,14
S01009710,85 and over,7,1,1,0,6,0,0,0,0,6
S01009711,All HRPs,341,171,144,27,170,54,2,13,49,52
S01009711,24 and under,10,1,0,1,9,9,0,0,0,0
S01009711,25 to 34,27,13,4,9,14,14,0,0,0,0
S01009711,35 to 49,86,50,37,13,36,13,0,6,16,1
S01009711,50 to 64,107,61,57,4,46,8,0,5,25,8
S01009711,65 to 74,49,27,27,0,22,6,2,1,5,8
S01009711,75 to 84,35,12,12,0,23,2,0,1,2,18
S01009711,85 and over,27,7,7,0,20,2,0,0,1,17
S01009712,All HRPs,277,151,134,17,126,40,5,20,22,39
S01009712,24 and under,6,2,0,2,4,4,0,0,0,0
S01009712,25 to 34,23,10,4,6,13,10,2,1,0,0
S01009712,35 to 49,72,37,32,5,35,15,1,7,11,1
S01009712,50 to 64,88,53,49,4,35,10,1,11,6,7
S01009712,65 to 74,53,35,35,0,18,1,0,1,4,12
S01009712,75 to 84,28,13,13,0,15,0,1,0,1,13
S01009712,85 and over,7,1,1,0,6,0,0,0,0,6
S01009713,All HRPs,444,233,199,34,211,59,2,21,48,81
S01009713,24 and under,7,2,1,1,5,5,0,0,0,0
S01009713,25 to 34,26,17,7,10,9,9,0,0,0,0
S01009713,35 to 49,102,54,44,10,48,24,0,11,13,0
S01009713,50 to 64,112,64,54,10,48,10,0,6,20,12
S01009713,65 to 74,102,60,58,2,42,6,1,3,14,18
S01009713,75 to 84,65,33,32,1,32,1,1,1,1,28
S01009713,85 and over,30,3,3,0,27,4,0,0,0,23
S01009714,All HRPs,453,253,215,38,200,50,9,18,42,81
S01009714,24 and under,15,7,2,5,8,8,0,0,0,0
S01009714,25 to 34,27,17,7,10,10,10,0,0,0,0
S01009714,35 to 49,88,59,48,11,29,12,1,5,10,1
S01009714,50 to 64,118,70,62,8,48,8,4,8,20,8
S01009714,65 to 74,96,59,58,1,37,3,3,5,7,19
S01009714,75 to 84,80,33,30,3,47,7,1,0,5,34
S01009714,85 and over,29,8,8,0,21,2,0,0,0,19
S01009715,All HRPs,334,165,141,24,169,55,1,14,53,46
S01009715,24 and under,8,4,1,3,4,4,0,0,0,0
S01009715,25 to 34,17,8,3,5,9,8,1,0,0,0
S01009715,35 to 49,82,38,31,7,44,22,0,7,13,2
S01009715,50 to 64,127,67,60,7,60,16,0,7,30,7
S01009715,65 to 74,52,31,29,2,21,2,0,0,8,11
S01009715,75 to 84,33,14,14,0,19,2,0,0,2,15
S01009715,85 and over,15,3,3,0,12,1,0,0,0,11
S01009716,All HRPs,329,180,165,15,149,56,9,7,18,59
S01009716,24 and under,18,0,0,0,18,18,0,0,0,0
S01009716,25 to 34,20,11,8,3,9,7,2,0,0,0
S01009716,35 to 49,54,37,32,5,17,8,2,3,4,0
S01009716,50 to 64,88,60,56,4,28,7,3,3,11,4
S01009716,65 to 74,58,34,32,2,24,5,1,1,2,15
S01009716,75 to 84,70,30,29,1,40,9,0,0,1,30
S01009716,85 and over,21,8,8,0,13,2,1,0,0,10
S01009717,All HRPs,327,119,90,29,208,134,2,9,32,31
S01009717,24 and under,61,3,1,2,58,58,0,0,0,0
S01009717,25 to 34,47,19,10,9,28,26,0,1,1,0
S01009717,35 to 49,85,37,25,12,48,28,1,5,13,1
S01009717,50 to 64,54,21,17,4,33,14,1,2,11,5
S01009717,65 to 74,40,25,23,2,15,4,0,1,5,5
S01009717,75 to 84,32,11,11,0,21,3,0,0,2,16
S01009717,85 and over,8,3,3,0,5,1,0,0,0,4
S01009718,All HRPs,327,135,99,36,192,91,2,10,31,58
S01009718,24 and under,35,6,0,6,29,28,1,0,0,0
S01009718,25 to 34,57,25,7,18,32,31,0,0,1,0
S01009718,35 to 49,68,35,26,9,33,11,1,8,12,1
S01009718,50 to 64,78,39,37,2,39,13,0,2,14,10
S01009718,65 to 74,39,18,17,1,21,4,0,0,2,15
S01009718,75 to 84,38,9,9,0,29,3,0,0,2,24
S01009718,85 and over,12,3,3,0,9,1,0,0,0,8
S01009719,All HRPs,342,154,126,28,188,73,4,14,29,68
S01009719,24 and under,21,1,0,1,20,20,0,0,0,0
S01009719,25 to 34,36,20,6,14,16,13,1,2,0,0
S01009719,35 to 49,89,45,36,9,44,23,1,9,9,2
S01009719,50 to 64,77,38,35,3,39,11,2,3,14,9
S01009719,65 to 74,57,31,30,1,26,2,0,0,4,20
S01009719,75 to 84,45,12,12,0,33,3,0,0,2,28
S01009719,85 and over,17,7,7,0,10,1,0,0,0,9
S01009720,All HRPs,379,164,128,36,215,74,6,6,41,88
S01009720,24 and under,34,4,0,4,30,30,0,0,0,0
S01009720,25 to 34,48,28,22,6,20,19,0,0,1,0
S01009720,35 to 49,57,26,17,9,31,13,2,4,11,1
S01009720,50 to 64,95,59,45,14,36,6,1,2,17,10
S01009720,65 to 74,57,29,27,2,28,2,1,0,7,18
S01009720,75 to 84,61,16,15,1,45,3,1,0,5,36
S01009720,85 and over,27,2,2,0,25,1,1,0,0,23
S01009721,All HRPs,221,39,24,15,182,166,5,4,2,5
S01009721,24 and under,135,5,0,5,130,130,0,0,0,0
S01009721,25 to 34,46,13,7,6,33,29,3,0,1,0
S01009721,35 to 49,12,6,4,2,6,3,0,2,1,0
S01009721,50 to 64,13,8,7,1,5,2,1,2,0,0
S01009721,65 to 74,5,4,3,1,1,1,0,0,0,0
S01009721,75 to 84,3,1,1,0,2,0,1,0,0,1
S01009721,85 and over,7,2,2,0,5,1,0,0,0,4
S01009722,All HRPs,387,73,57,16,314,236,12,6,24,36
S01009722,24 and under,167,6,1,5,161,161,0,0,0,0
S01009722,25 to 34,48,9,1,8,39,39,0,0,0,0
S01009722,35 to 49,36,12,11,1,24,16,3,1,3,1
S01009722,50 to 64,46,20,19,1,26,10,3,2,11,0
S01009722,65 to 74,38,12,11,1,26,6,1,3,7,9
S01009722,75 to 84,36,8,8,0,28,3,4,0,3,18
S01009722,85 and over,16,6,6,0,10,1,1,0,0,8
S01009723,All HRPs,302,61,44,17,241,171,5,8,25,32
S01009723,24 and under,126,11,2,9,115,115,0,0,0,0
S01009723,25 to 34,39,13,8,5,26,25,0,0,1,0
S01009723,35 to 49,25,8,7,1,17,11,1,0,5,0
S01009723,50 to 64,33,14,14,0,19,5,2,2,9,1
S01009723,65 to 74,32,10,9,1,22,4,2,3,6,7
S01009723,75 to 84,35,4,3,1,31,11,0,3,3,14
S01009723,85 and over,12,1,1,0,11,0,0,0,1,10
S01009724,All HRPs,495,127,87,40,368,227,5,15,62,59
S01009724,24 and under,123,12,1,11,111,111,0,0,0,0
S01009724,25 to 34,78,26,14,12,52,50,0,1,1,0
S01009724,35 to 49,94,25,16,9,69,33,4,10,22,0
S01009724,50 to 64,75,36,29,7,39,17,0,2,18,2
S01009724,65 to 74,58,11,10,1,47,11,1,1,15,19
S01009724,75 to 84,41,13,13,0,28,4,0,1,5,18
S01009724,85 and over,26,4,4,0,22,1,0,0,1,20
S01009725,All HRPs,251,66,42,24,185,146,2,4,15,18
S01009725,24 and under,128,11,0,11,117,117,0,0,0,0
S01009725,25 to 34,22,12,4,8,10,8,1,0,1,0
S01009725,35 to 49,28,6,4,2,22,15,0,3,4,0
S01009725,50 to 64,21,14,12,2,7,1,0,1,4,1
S01009725,65 to 74,25,15,14,1,10,4,1,0,3,2
S01009725,75 to 84,19,7,7,0,12,1,0,0,2,9
S01009725,85 and over,8,1,1,0,7,0,0,0,1,6
S01009726,All HRPs,209,47,34,13,162,141,4,3,8,6
S01009726,24 and under,120,5,0,5,115,114,1,0,0,0
S01009726,25 to 34,16,5,2,3,11,11,0,0,0,0
S01009726,35 to 49,22,9,4,5,13,10,1,0,2,0
S01009726,50 to 64,19,9,9,0,10,3,2,0,4,1
S01009726,65 to 74,16,11,11,0,5,1,0,3,1,0
S01009726,75 to 84,13,8,8,0,5,1,0,0,1,3
S01009726,85 and over,3,0,0,0,3,1,0,0,0,2
S01009727,All HRPs,331,217,180,37,114,54,8,5,27,20
S01009727,24 and under,22,3,0,3,19,19,0,0,0,0
S01009727,25 to 34,42,24,14,10,18,16,2,0,0,0
S01009727,35 to 49,87,64,49,15,23,10,1,0,11,1
S01009727,50 to 64,108,80,72,8,28,3,4,3,14,4
S01009727,65 to 74,44,34,34,0,10,3,1,1,1,4
S01009727,75 to 84,20,9,8,1,11,3,0,1,1,6
S01009727,85 and over,8,3,3,0,5,0,0,0,0,5
S01009728,All HRPs,333,201,187,14,132,40,4,15,21,52
S01009728,24 and under,5,1,0,1,4,4,0,0,0,0
S01009728,25 to 34,28,14,9,5,14,12,1,0,1,0
S01009728,35 to 49,64,45,42,3,19,5,0,8,6,0
S01009728,50 to 64,119,85,81,4,34,12,1,7,9,5
S01009728,65 to 74,52,38,37,1,14,3,0,0,4,7
S01009728,75 to 84,40,16,16,0,24,4,1,0,0,19
S01009728,85 and over,25,2,2,0,23,0,1,0,1,21
S01009729,All HRPs,282,192,175,17,90,19,1,4,9,57
S01009729,24 and under,5,1,0,1,4,4,0,0,0,0
S01009729,25 to 34,10,9,5,4,1,1,0,0,0,0
S01009729,35 to 49,47,36,29,7,11,4,0,3,3,1
S01009729,50 to 64,87,77,73,4,10,2,0,1,3,4
S01009729,65 to 74,57,38,38,0,19,3,1,0,2,13
S01009729,75 to 84,49,24,23,1,25,1,0,0,1,23
S01009729,85 and over,27,7,7,0,20,4,0,0,0,16
S01009730,All HRPs,241,121,99,22,120,67,3,10,19,21
S01009730,24 and under,25,3,2,1,22,21,1,0,0,0
S01009730,25 to 34,51,28,16,12,23,20,0,2,1,0
S01009730,35 to 49,49,25,17,8,24,15,0,4,5,0
S01009730,50 to 64,59,38,37,1,21,7,1,4,7,2
S01009730,65 to 74,28,20,20,0,8,3,0,0,4,1
S01009730,75 to 84,18,5,5,0,13,0,0,0,0,13
S01009730,85 and over,11,2,2,0,9,1,1,0,2,5
S01009731,All HRPs,274,160,150,10,114,32,5,4,11,62
S01009731,24 and under,16,1,0,1,15,15,0,0,0,0
S01009731,25 to 34,13,7,6,1,6,6,0,0,0,0
S01009731,35 to 49,33,25,18,7,8,4,3,0,1,0
S01009731,50 to 64,66,48,47,1,18,4,1,3,6,4
S01009731,65 to 74,56,39,39,0,17,2,1,1,1,12
S01009731,75 to 84,65,32,32,0,33,1,0,0,2,30
S01009731,85 and over,25,8,8,0,17,0,0,0,1,16
S01009732,All HRPs,344,137,117,20,207,142,5,8,16,36
S01009732,24 and under,100,7,0,7,93,93,0,0,0,0
S01009732,25 to 34,39,13,6,7,26,23,0,1,1,1
S01009732,35 to 49,43,24,21,3,19,15,1,2,1,0
S01009732,50 to 64,61,41,39,2,20,4,2,1,8,5
S01009732,65 to 74,39,25,24,1,14,2,0,1,5,6
S01009732,75 to 84,42,19,19,0,23,4,1,3,1,14
S01009732,85 and over,20,8,8,0,12,1,1,0,0,10
S01009733,All HRPs,227,140,123,17,87,28,1,9,20,29
S01009733,24 and under,4,1,0,1,3,3,0,0,0,0
S01009733,25 to 34,13,6,2,4,7,7,0,0,0,0
S01009733,35 to 49,54,42,37,5,12,7,1,4,0,0
S01009733,50 to 64,88,56,49,7,32,8,0,5,12,7
S01009733,65 to 74,45,26,26,0,19,3,0,0,4,12
S01009733,75 to 84,20,9,9,0,11,0,0,0,4,7
S01009733,85 and over,3,0,0,0,3,0,0,0,0,3
S01009734,All HRPs,385,226,196,30,159,52,9,12,31,55
S01009734,24 and under,13,2,0,2,11,11,0,0,0,0
S01009734,25 to 34,30,19,5,14,11,10,1,0,0,0
S01009734,35 to 49,100,62,57,5,38,14,7,7,8,2
S01009734,50 to 64,123,83,75,8,40,11,0,4,15,10
S01009734,65 to 74,56,33,33,0,23,4,0,1,7,11
S01009734,75 to 84,54,24,24,0,30,2,1,0,1,26
S01009734,85 and over,9,3,2,1,6,0,0,0,0,6
S01009735,All HRPs,327,212,199,13,115,38,12,5,13,47
S01009735,24 and under,15,2,1,1,13,13,0,0,0,0
S01009735,25 to 34,12,8,3,5,4,4,0,0,0,0
S01009735,35 to 49,47,37,34,3,10,2,6,0,2,0
S01009735,50 to 64,104,79,76,3,25,8,4,4,6,3
S01009735,65 to 74,57,41,41,0,16,6,2,1,3,4
S01009735,75 to 84,65,39,38,1,26,3,0,0,1,22
S01009735,85 and over,27,6,6,0,21,2,0,0,1,18
S01009736,All HRPs,332,71,54,17,261,163,11,5,16,66
S01009736,24 and under,131,6,0,6,125,125,0,0,0,0
S01009736,25 to 34,21,9,5,4,12,12,0,0,0,0
S01009736,35 to 49,22,13,8,5,9,6,0,1,2,0
S01009736,50 to 64,38,15,15,0,23,7,4,0,7,5
S01009736,65 to 74,32,11,10,1,21,4,3,4,3,7
S01009736,75 to 84,38,8,8,0,30,4,3,0,2,21
S01009736,85 and over,50,9,8,1,41,5,1,0,2,33
S01009737,All HRPs,323,235,216,19,88,22,1,16,18,31
S01009737,24 and under,18,16,16,0,2,2,0,0,0,0
S01009737,25 to 34,76,66,62,4,10,8,0,1,1,0
S01009737,35 to 49,97,69,61,8,28,8,1,11,8,0
S01009737,50 to 64,61,44,38,6,17,2,0,2,8,5
S01009737,65 to 74,34,24,23,1,10,0,0,2,1,7
S01009737,75 to 84,30,12,12,0,18,2,0,0,0,16
S01009737,85 and over,7,4,4,0,3,0,0,0,0,3
S01009738,All HRPs,214,113,90,23,101,44,4,10,14,29
S01009738,24 and under,8,5,1,4,3,3,0,0,0,0
S01009738,25 to 34,39,16,11,5,23,18,2,3,0,0
S01009738,35 to 49,57,32,23,9,25,16,0,1,6,2
S01009738,50 to 64,63,42,37,5,21,6,1,3,5,6
S01009738,65 to 74,24,12,12,0,12,1,0,1,2,8
S01009738,75 to 84,15,5,5,0,10,0,1,2,1,6
S01009738,85 and over,8,1,1,0,7,0,0,0,0,7
S01009739,All HRPs,275,205,183,22,70,21,6,16,15,12
S01009739,24 and under,4,3,0,3,1,1,0,0,0,0
S01009739,25 to 34,65,50,42,8,15,11,3,0,1,0
S01009739,35 to 49,139,110,101,9,29,9,2,11,5,2
S01009739,50 to 64,51,31,30,1,20,0,1,5,8,6
S01009739,65 to 74,12,10,9,1,2,0,0,0,0,2
S01009739,75 to 84,4,1,1,0,3,0,0,0,1,2
S01009739,85 and over,0,0,0,0,0,0,0,0,0,0
S01009740,All HRPs,243,125,98,27,118,49,3,16,23,27
S01009740,24 and under,10,2,0,2,8,8,0,0,0,0
S01009740,25 to 34,38,21,11,10,17,16,0,1,0,0
S01009740,35 to 49,81,39,30,9,42,14,1,12,15,0
S01009740,50 to 64,43,25,19,6,18,7,0,3,5,3
S01009740,65 to 74,40,24,24,0,16,2,0,0,2,12
S01009740,75 to 84,26,12,12,0,14,2,1,0,1,10
S01009740,85 and over,5,2,2,0,3,0,1,0,0,2
S01009741,All HRPs,164,140,136,4,24,5,0,11,6,2
S01009741,24 and under,8,6,5,1,2,2,0,0,0,0
S01009741,25 to 34,49,41,40,1,8,1,0,6,1,0
S01009741,35 to 49,78,73,72,1,5,1,0,3,1,0
S01009741,50 to 64,17,12,11,1,5,1,0,1,3,0
S01009741,65 to 74,2,1,1,0,1,0,0,1,0,0
S01009741,75 to 84,10,7,7,0,3,0,0,0,1,2
S01009741,85 and over,0,0,0,0,0,0,0,0,0,0
S01009742,All HRPs,206,152,135,17,54,17,3,7,13,14
S01009742,24 and under,1,1,1,0,0,0,0,0,0,0
S01009742,25 to 34,5,1,1,0,4,2,0,0,2,0
S01009742,35 to 49,62,47,40,7,15,8,1,4,1,1
S01009742,50 to 64,83,64,55,9,19,6,1,3,7,2
S01009742,65 to 74,36,29,29,0,7,1,0,0,3,3
S01009742,75 to 84,14,9,9,0,5,0,1,0,0,4
S01009742,85 and over,5,1,0,1,4,0,0,0,0,4
S01009743,All HRPs,425,275,254,21,150,43,0,8,39,60
S01009743,24 and under,0,0,0,0,0,0,0,0,0,0
S01009743,25 to 34,22,16,11,5,6,6,0,0,0,0
S01009743,35 to 49,107,75,65,10,32,21,0,3,6,2
S01009743,50 to 64,144,103,98,5,41,9,0,4,23,5
S01009743,65 to 74,75,53,52,1,22,5,0,1,5,11
S01009743,75 to 84,52,24,24,0,28,2,0,0,4,22
S01009743,85 and over,25,4,4,0,21,0,0,0,1,20
S01009744,All HRPs,306,202,180,22,104,27,3,12,17,45
S01009744,24 and under,3,1,1,0,2,2,0,0,0,0
S01009744,25 to 34,18,11,6,5,7,4,1,2,0,0
S01009744,35 to 49,76,60,48,12,16,8,1,3,4,0
S01009744,50 to 64,117,79,74,5,38,8,1,7,12,10
S01009744,65 to 74,44,36,36,0,8,1,0,0,1,6
S01009744,75 to 84,33,12,12,0,21,4,0,0,0,17
S01009744,85 and over,15,3,3,0,12,0,0,0,0,12
S01009745,All HRPs,455,318,283,35,137,31,3,20,33,50
S01009745,24 and under,4,4,0,4,0,0,0,0,0,0
S01009745,25 to 34,27,19,13,6,8,7,1,0,0,0
S01009745,35 to 49,135,106,90,16,29,8,1,13,7,0
S01009745,50 to 64,152,112,103,9,40,9,1,5,19,6
S01009745,65 to 74,84,59,59,0,25,2,0,2,4,17
S01009745,75 to 84,41,15,15,0,26,2,0,0,3,21
S01009745,85 and over,12,3,3,0,9,3,0,0,0,6
S01009746,All HRPs,237,160,140,20,77,27,4,11,18,17
S01009746,24 and under,4,2,0,2,2,2,0,0,0,0
S01009746,25 to 34,9,6,5,1,3,2,0,1,0,0
S01009746,35 to 49,81,57,47,10,24,14,0,4,6,0
S01009746,50 to 64,93,66,59,7,27,8,3,5,8,3
S01009746,65 to 74,28,19,19,0,9,0,1,1,4,3
S01009746,75 to 84,14,9,9,0,5,1,0,0,0,4
S01009746,85 and over,8,1,1,0,7,0,0,0,0,7
S01009747,All HRPs,344,156,113,43,188,80,3,23,40,42
S01009747,24 and under,8,3,2,1,5,5,0,0,0,0
S01009747,25 to 34,48,19,8,11,29,25,0,2,0,2
S01009747,35 to 49,117,59,39,20,58,34,2,11,11,0
S01009747,50 to 64,85,47,36,11,38,8,0,8,17,5
S01009747,65 to 74,44,17,17,0,27,5,1,1,8,12
S01009747,75 to 84,25,8,8,0,17,3,0,1,4,9
S01009747,85 and over,17,3,3,0,14,0,0,0,0,14
S01009748,All HRPs,299,213,190,23,86,24,6,11,21,24
S01009748,24 and under,3,1,0,1,2,2,0,0,0,0
S01009748,25 to 34,16,12,6,6,4,4,0,0,0,0
S01009748,35 to 49,89,68,60,8,21,9,1,6,3,2
S01009748,50 to 64,107,82,75,7,25,5,2,4,10,4
S01009748,65 to 74,56,35,34,1,21,2,1,1,8,9
S01009748,75 to 84,20,14,14,0,6,1,2,0,0,3
S01009748,85 and over,8,1,1,0,7,1,0,0,0,6
S01009749,All HRPs,425,258,219,39,167,42,5,10,38,72
S01009749,24 and under,6,3,0,3,3,3,0,0,0,0
S01009749,25 to 34,29,16,13,3,13,11,0,2,0,0
S01009749,35 to 49,117,81,61,20,36,16,3,4,13,0
S01009749,50 to 64,139,100,88,12,39,6,0,3,17,13
S01009749,65 to 74,59,31,31,0,28,3,0,1,7,17
S01009749,75 to 84,54,25,24,1,29,2,2,0,1,24
S01009749,85 and over,21,2,2,0,19,1,0,0,0,18
S01009750,All HRPs,311,167,128,39,144,47,0,14,36,47
S01009750,24 and under,8,6,1,5,2,2,0,0,0,0
S01009750,25 to 34,42,23,7,16,19,15,0,2,2,0
S01009750,35 to 49,81,55,44,11,26,14,0,5,7,0
S01009750,50 to 64,85,49,43,6,36,6,0,6,19,5
S01009750,65 to 74,34,16,16,0,18,3,0,1,5,9
S01009750,75 to 84,40,16,15,1,24,5,0,0,1,18
S01009750,85 and over,21,2,2,0,19,2,0,0,2,15
S01009751,All HRPs,355,172,126,46,183,78,6,9,37,53
S01009751,24 and under,16,4,0,4,12,12,0,0,0,0
S01009751,25 to 34,47,24,11,13,23,20,1,0,1,1
S01009751,35 to 49,98,50,35,15,48,27,1,6,13,1
S01009751,50 to 64,109,65,52,13,44,16,2,3,17,6
S01009751,65 to 74,41,24,23,1,17,0,0,0,2,15
S01009751,75 to 84,34,3,3,0,31,2,2,0,4,23
S01009751,85 and over,10,2,2,0,8,1,0,0,0,7
S01009752,All HRPs,260,171,153,18,89,19,6,9,22,33
S01009752,24 and under,0,0,0,0,0,0,0,0,0,0
S01009752,25 to 34,17,11,9,2,6,4,0,0,2,0
S01009752,35 to 49,63,45,36,9,18,7,2,5,4,0
S01009752,50 to 64,90,65,58,7,25,2,1,3,13,6
S01009752,65 to 74,47,32,32,0,15,2,1,1,2,9
S01009752,75 to 84,35,17,17,0,18,4,2,0,1,11
S01009752,85 and over,8,1,1,0,7,0,0,0,0,7
S01009753,All HRPs,333,181,154,27,152,28,3,10,24,87
S01009753,24 and under,0,0,0,0,0,0,0,0,0,0
S01009753,25 to 34,18,17,11,6,1,1,0,0,0,0
S01009753,35 to 49,72,53,42,11,19,10,1,5,3,0
S01009753,50 to 64,91,64,54,10,27,5,2,3,15,2
S01009753,65 to 74,49,26,26,0,23,5,0,2,4,12
S01009753,75 to 84,59,13,13,0,46,3,0,0,1,42
S01009753,85 and over,44,8,8,0,36,4,0,0,1,31
S01009754,All HRPs,383,206,157,49,177,69,2,23,36,47
S01009754,24 and under,15,7,0,7,8,7,0,0,1,0
S01009754,25 to 34,61,31,8,23,30,25,0,5,0,0
S01009754,35 to 49,83,47,39,8,36,18,0,7,11,0
S01009754,50 to 64,110,69,59,10,41,11,2,7,16,5
S01009754,65 to 74,51,28,27,1,23,3,0,4,6,10
S01009754,75 to 84,37,19,19,0,18,4,0,0,1,13
S01009754,85 and over,26,5,5,0,21,1,0,0,1,19
S01009755,All HRPs,281,173,147,26,108,38,0,11,27,32
S01009755,24 and under,5,2,2,0,3,3,0,0,0,0
S01009755,25 to 34,23,18,9,9,5,4,0,0,1,0
S01009755,35 to 49,94,58,47,11,36,18,0,6,11,1
S01009755,50 to 64,89,65,59,6,24,6,0,3,9,6
S01009755,65 to 74,35,22,22,0,13,5,0,0,4,4
S01009755,75 to 84,26,7,7,0,19,1,0,2,2,14
S01009755,85 and over,9,1,1,0,8,1,0,0,0,7
S01009756,All HRPs,320,211,187,24,109,32,0,6,31,40
S01009756,24 and under,4,1,0,1,3,3,0,0,0,0
S01009756,25 to 34,17,10,4,6,7,7,0,0,0,0
S01009756,35 to 49,89,66,56,10,23,14,0,4,5,0
S01009756,50 to 64,110,79,73,6,31,6,0,0,19,6
S01009756,65 to 74,59,40,40,0,19,1,0,2,4,12
S01009756,75 to 84,29,13,12,1,16,0,0,0,2,14
S01009756,85 and over,12,2,2,0,10,1,0,0,1,8
S01009757,All HRPs,271,196,183,13,75,27,5,8,9,26
S01009757,24 and under,0,0,0,0,0,0,0,0,0,0
S01009757,25 to 34,13,10,5,5,3,3,0,0,0,0
S01009757,35 to 49,80,60,55,5,20,10,2,3,3,2
S01009757,50 to 64,96,70,67,3,26,10,2,4,4,6
S01009757,65 to 74,52,38,38,0,14,2,0,1,2,9
S01009757,75 to 84,22,16,16,0,6,0,1,0,0,5
S01009757,85 and over,8,2,2,0,6,2,0,0,0,4
S01009758,All HRPs,242,130,107,23,112,58,2,11,29,12
S01009758,24 and under,6,4,0,4,2,2,0,0,0,0
S01009758,25 to 34,35,13,4,9,22,20,1,1,0,0
S01009758,35 to 49,82,42,37,5,40,25,1,4,10,0
S01009758,50 to 64,84,50,46,4,34,8,0,6,17,3
S01009758,65 to 74,19,12,12,0,7,0,0,0,2,5
S01009758,75 to 84,14,8,8,0,6,3,0,0,0,3
S01009758,85 and over,2,1,0,1,1,0,0,0,0,1
S01009759,All HRPs,417,131,77,54,286,162,5,34,61,24
S01009759,24 and under,46,11,0,11,35,35,0,0,0,0
S01009759,25 to 34,105,42,21,21,63,55,0,1,7,0
S01009759,35 to 49,151,41,25,16,110,60,4,24,21,1
S01009759,50 to 64,74,23,17,6,51,10,0,9,23,9
S01009759,65 to 74,26,9,9,0,17,2,1,0,9,5
S01009759,75 to 84,11,4,4,0,7,0,0,0,1,6
S01009759,85 and over,4,1,1,0,3,0,0,0,0,3
S01009760,All HRPs,407,134,108,26,273,140,6,28,51,48
S01009760,24 and under,21,3,2,1,18,17,0,0,0,1
S01009760,25 to 34,77,27,15,12,50,44,0,4,2,0
S01009760,35 to 49,124,36,29,7,88,50,5,14,18,1
S01009760,50 to 64,93,40,35,5,53,16,0,9,21,7
S01009760,65 to 74,41,14,13,1,27,7,0,0,8,12
S01009760,75 to 84,39,13,13,0,26,5,1,1,1,18
S01009760,85 and over,12,1,1,0,11,1,0,0,1,9
S01009761,All HRPs,377,214,174,40,163,72,4,19,31,37
S01009761,24 and under,9,2,0,2,7,6,0,0,0,1
S01009761,25 to 34,47,29,15,14,18,13,1,3,1,0
S01009761,35 to 49,131,73,55,18,58,32,2,9,14,1
S01009761,50 to 64,112,72,66,6,40,15,1,5,11,8
S01009761,65 to 74,46,25,25,0,21,6,0,1,4,10
S01009761,75 to 84,28,11,11,0,17,0,0,1,1,15
S01009761,85 and over,4,2,2,0,2,0,0,0,0,2
S01009762,All HRPs,416,142,106,36,274,129,12,26,64,43
S01009762,24 and under,37,9,0,9,28,28,0,0,0,0
S01009762,25 to 34,73,34,24,10,39,34,1,4,0,0
S01009762,35 to 49,132,43,33,10,89,46,7,12,24,0
S01009762,50 to 64,112,43,37,6,69,12,3,8,32,14
S01009762,65 to 74,41,9,8,1,32,8,0,2,6,16
S01009762,75 to 84,18,4,4,0,14,0,1,0,2,11
S01009762,85 and over,3,0,0,0,3,1,0,0,0,2
S01009763,All HRPs,264,182,168,14,82,30,8,13,17,14
S01009763,24 and under,7,2,1,1,5,5,0,0,0,0
S01009763,25 to 34,32,18,15,3,14,7,5,2,0,0
S01009763,35 to 49,105,72,69,3,33,11,3,6,11,2
S01009763,50 to 64,91,72,65,7,19,3,0,5,6,5
S01009763,65 to 74,19,13,13,0,6,4,0,0,0,2
S01009763,75 to 84,8,4,4,0,4,0,0,0,0,4
S01009763,85 and over,2,1,1,0,1,0,0,0,0,1
S01009764,All HRPs,291,114,92,22,177,95,0,16,41,25
S01009764,24 and under,11,2,1,1,9,9,0,0,0,0
S01009764,25 to 34,55,23,17,6,32,30,0,1,1,0
S01009764,35 to 49,123,53,41,12,70,44,0,9,15,2
S01009764,50 to 64,67,27,25,2,40,10,0,4,18,8
S01009764,65 to 74,24,3,3,0,21,2,0,2,6,11
S01009764,75 to 84,9,5,4,1,4,0,0,0,1,3
S01009764,85 and over,2,1,1,0,1,0,0,0,0,1
S01009765,All HRPs,382,189,159,30,193,73,2,28,39,51
S01009765,24 and under,8,2,0,2,6,6,0,0,0,0
S01009765,25 to 34,56,28,22,6,28,26,0,0,1,1
S01009765,35 to 49,145,94,80,14,51,23,1,14,10,3
S01009765,50 to 64,94,49,41,8,45,11,1,8,17,8
S01009765,65 to 74,30,7,7,0,23,3,0,4,4,12
S01009765,75 to 84,37,8,8,0,29,4,0,2,6,17
S01009765,85 and over,12,1,1,0,11,0,0,0,1,10
S01009766,All HRPs,231,142,118,24,89,35,1,17,20,16
S01009766,24 and under,6,1,0,1,5,5,0,0,0,0
S01009766,25 to 34,36,20,12,8,16,12,0,4,0,0
S01009766,35 to 49,83,55,45,10,28,11,0,6,11,0
S01009766,50 to 64,76,53,49,4,23,4,1,5,8,5
S01009766,65 to 74,19,10,9,1,9,2,0,2,0,5
S01009766,75 to 84,10,3,3,0,7,0,0,0,1,6
S01009766,85 and over,1,0,0,0,1,1,0,0,0,0
S01009767,All HRPs,227,93,74,19,134,51,2,23,33,25
S01009767,24 and under,4,0,0,0,4,4,0,0,0,0
S01009767,25 to 34,28,7,4,3,21,17,1,3,0,0
S01009767,35 to 49,71,35,23,12,36,19,0,12,4,1
S01009767,50 to 64,73,36,32,4,37,8,0,7,18,4
S01009767,65 to 74,36,12,12,0,24,2,1,1,7,13
S01009767,75 to 84,13,3,3,0,10,1,0,0,4,5
S01009767,85 and over,2,0,0,0,2,0,0,0,0,2
S01009768,All HRPs,279,118,89,29,161,91,3,15,38,14
S01009768,24 and under,18,4,0,4,14,14,0,0,0,0
S01009768,25 to 34,64,35,22,13,29,24,3,0,2,0
S01009768,35 to 49,111,53,45,8,58,37,0,9,10,2
S01009768,50 to 64,65,23,19,4,42,13,0,6,21,2
S01009768,65 to 74,14,2,2,0,12,3,0,0,4,5
S01009768,75 to 84,6,1,1,0,5,0,0,0,1,4
S01009768,85 and over,1,0,0,0,1,0,0,0,0,1
S01009769,All HRPs,249,153,102,51,96,65,1,11,15,4
S01009769,24 and under,16,7,0,7,9,9,0,0,0,0
S01009769,25 to 34,82,47,23,24,35,33,1,1,0,0
S01009769,35 to 49,102,68,56,12,34,18,0,6,10,0
S01009769,50 to 64,41,27,20,7,14,5,0,4,4,1
S01009769,65 to 74,5,3,2,1,2,0,0,0,0,2
S01009769,75 to 84,3,1,1,0,2,0,0,0,1,1
S01009769,85 and over,0,0,0,0,0,0,0,0,0,0
S01009770,All HRPs,257,173,155,18,84,31,6,17,13,17
S01009770,24 and under,6,3,2,1,3,3,0,0,0,0
S01009770,25 to 34,22,15,12,3,7,5,0,0,2,0
S01009770,35 to 49,110,76,64,12,34,18,5,9,2,0
S01009770,50 to 64,79,58,57,1,21,4,1,6,8,2
S01009770,65 to 74,28,18,17,1,10,0,0,1,1,8
S01009770,75 to 84,9,3,3,0,6,1,0,1,0,4
S01009770,85 and over,3,0,0,0,3,0,0,0,0,3
S01009771,All HRPs,294,206,186,20,88,30,4,12,23,19
S01009771,24 and under,4,1,0,1,3,2,1,0,0,0
S01009771,25 to 34,35,26,19,7,9,7,0,1,1,0
S01009771,35 to 49,120,92,83,9,28,14,0,7,7,0
S01009771,50 to 64,99,73,70,3,26,5,2,3,12,4
S01009771,65 to 74,21,10,10,0,11,2,0,1,2,6
S01009771,75 to 84,13,3,3,0,10,0,1,0,1,8
S01009771,85 and over,2,1,1,0,1,0,0,0,0,1
S01009772,All HRPs,271,142,113,29,129,66,2,12,27,22
S01009772,24 and under,10,2,0,2,8,8,0,0,0,0
S01009772,25 to 34,51,22,13,9,29,25,0,4,0,0
S01009772,35 to 49,98,61,47,14,37,23,0,4,7,3
S01009772,50 to 64,72,42,38,4,30,7,0,3,14,6
S01009772,65 to 74,30,13,13,0,17,2,1,1,4,9
S01009772,75 to 84,10,2,2,0,8,1,1,0,2,4
S01009772,85 and over,0,0,0,0,0,0,0,0,0,0
S01009773,All HRPs,179,151,128,23,28,12,0,8,6,2
S01009773,24 and under,11,6,0,6,5,5,0,0,0,0
S01009773,25 to 34,22,20,16,4,2,2,0,0,0,0
S01009773,35 to 49,115,98,85,13,17,4,0,7,5,1
S01009773,50 to 64,25,22,22,0,3,0,0,1,1,1
S01009773,65 to 74,3,3,3,0,0,0,0,0,0,0
S01009773,75 to 84,3,2,2,0,1,1,0,0,0,0
S01009773,85 and over,0,0,0,0,0,0,0,0,0,0
S01009774,All HRPs,151,127,120,7,24,7,2,5,8,2
S01009774,24 and under,2,0,0,0,2,2,0,0,0,0
S01009774,25 to 34,36,33,31,2,3,1,0,2,0,0
S01009774,35 to 49,83,69,65,4,14,4,2,3,5,0
S01009774,50 to 64,28,24,23,1,4,0,0,0,2,2
S01009774,65 to 74,2,1,1,0,1,0,0,0,1,0
S01009774,75 to 84,0,0,0,0,0,0,0,0,0,0
S01009774,85 and over,0,0,0,0,0,0,0,0,0,0
S01009775,All HRPs,359,120,84,36,239,103,4,22,49,61
S01009775,24 and under,22,8,0,8,14,14,0,0,0,0
S01009775,25 to 34,39,13,5,8,26,25,0,1,0,0
S01009775,35 to 49,96,31,19,12,65,39,0,9,13,4
S01009775,50 to 64,100,43,38,5,57,19,0,7,27,4
S01009775,65 to 74,61,12,11,1,49,3,2,5,6,33
S01009775,75 to 84,37,12,10,2,25,3,2,0,3,17
S01009775,85 and over,4,1,1,0,3,0,0,0,0,3
S01009776,All HRPs,307,67,46,21,240,146,2,24,46,22
S01009776,24 and under,34,0,0,0,34,34,0,0,0,0
S01009776,25 to 34,61,8,2,6,53,46,0,6,1,0
S01009776,35 to 49,106,24,13,11,82,55,0,10,15,2
S01009776,50 to 64,68,25,21,4,43,10,1,6,22,4
S01009776,65 to 74,18,4,4,0,14,1,1,2,5,5
S01009776,75 to 84,18,6,6,0,12,0,0,0,3,9
S01009776,85 and over,2,0,0,0,2,0,0,0,0,2
S01009777,All HRPs,266,70,34,36,196,111,1,19,37,28
S01009777,24 and under,28,6,0,6,22,22,0,0,0,0
S01009777,25 to 34,64,23,7,16,41,38,0,1,2,0
S01009777,35 to 49,86,18,9,9,68,42,0,13,11,2
S01009777,50 to 64,44,16,11,5,28,7,0,2,14,5
S01009777,65 to 74,24,6,6,0,18,2,1,2,6,7
S01009777,75 to 84,17,1,1,0,16,0,0,1,4,11
S01009777,85 and over,3,0,0,0,3,0,0,0,0,3
S01009778,All HRPs,415,147,112,35,268,95,4,19,55,95
S01009778,24 and under,16,4,0,4,12,12,0,0,0,0
S01009778,25 to 34,31,11,4,7,20,18,2,0,0,0
S01009778,35 to 49,79,33,21,12,46,26,0,8,11,1
S01009778,50 to 64,117,41,29,12,76,28,1,8,28,11
S01009778,65 to 74,101,42,42,0,59,10,0,3,14,32
S01009778,75 to 84,55,16,16,0,39,0,1,0,1,37
S01009778,85 and over,16,0,0,0,16,1,0,0,1,14
S01009779,All HRPs,290,82,56,26,208,77,3,23,38,67
S01009779,24 and under,20,6,0,6,14,13,0,1,0,0
S01009779,25 to 34,37,10,4,6,27,23,2,2,0,0
S01009779,35 to 49,57,22,12,10,35,18,0,6,10,1
S01009779,50 to 64,68,33,30,3,35,10,0,8,14,3
S01009779,65 to 74,43,4,3,1,39,5,1,6,8,19
S01009779,75 to 84,51,6,6,0,45,6,0,0,6,33
S01009779,85 and over,14,1,1,0,13,2,0,0,0,11
S01009780,All HRPs,219,84,58,26,135,74,1,16,27,17
S01009780,24 and under,8,1,0,1,7,7,0,0,0,0
S01009780,25 to 34,34,12,4,8,22,21,0,0,1,0
S01009780,35 to 49,89,25,16,9,64,35,1,10,16,2
S01009780,50 to 64,67,38,31,7,29,10,0,5,7,7
S01009780,65 to 74,14,6,5,1,8,1,0,1,3,3
S01009780,75 to 84,7,2,2,0,5,0,0,0,0,5
S01009780,85 and over,0,0,0,0,0,0,0,0,0,0
S01009781,All HRPs,224,77,57,20,147,58,0,18,30,41
S01009781,24 and under,12,1,0,1,11,11,0,0,0,0
S01009781,25 to 34,23,9,5,4,14,13,0,1,0,0
S01009781,35 to 49,66,21,12,9,45,24,0,12,9,0
S01009781,50 to 64,59,29,25,4,30,7,0,2,11,10
S01009781,65 to 74,36,11,9,2,25,2,0,3,6,14
S01009781,75 to 84,26,6,6,0,20,1,0,0,4,15
S01009781,85 and over,2,0,0,0,2,0,0,0,0,2
S01009782,All HRPs,200,109,78,31,91,54,3,17,11,6
S01009782,24 and under,6,2,0,2,4,4,0,0,0,0
S01009782,25 to 34,59,33,18,15,26,21,0,5,0,0
S01009782,35 to 49,81,44,32,12,37,23,3,6,4,1
S01009782,50 to 64,47,29,27,2,18,5,0,6,6,1
S01009782,65 to 74,5,0,0,0,5,0,0,0,1,4
S01009782,75 to 84,2,1,1,0,1,1,0,0,0,0
S01009782,85 and over,0,0,0,0,0,0,0,0,0,0
S01009783,All HRPs,310,126,77,49,184,84,1,34,38,27
S01009783,24 and under,10,2,1,1,8,8,0,0,0,0
S01009783,25 to 34,47,20,11,9,27,22,1,3,1,0
S01009783,35 to 49,134,53,26,27,81,40,0,20,20,1
S01009783,50 to 64,72,35,26,9,37,8,0,11,12,6
S01009783,65 to 74,30,12,11,1,18,2,0,0,4,12
S01009783,75 to 84,15,3,2,1,12,3,0,0,1,8
S01009783,85 and over,2,1,0,1,1,1,0,0,0,0
S01009784,All HRPs,309,109,85,24,200,82,3,24,47,44
S01009784,24 and under,9,1,0,1,8,8,0,0,0,0
S01009784,25 to 34,41,14,10,4,27,22,1,4,0,0
S01009784,35 to 49,97,37,26,11,60,35,0,11,12,2
S01009784,50 to 64,93,35,28,7,58,13,2,7,25,11
S01009784,65 to 74,42,17,16,1,25,3,0,2,8,12
S01009784,75 to 84,22,5,5,0,17,1,0,0,2,14
S01009784,85 and over,5,0,0,0,5,0,0,0,0,5
S01009785,All HRPs,339,115,87,28,224,95,4,19,46,60
S01009785,24 and under,7,1,0,1,6,6,0,0,0,0
S01009785,25 to 34,29,12,1,11,17,14,1,2,0,0
S01009785,35 to 49,110,34,25,9,76,51,1,9,15,0
S01009785,50 to 64,99,38,32,6,61,19,2,5,20,15
S01009785,65 to 74,45,16,16,0,29,1,0,2,10,16
S01009785,75 to 84,45,14,13,1,31,4,0,1,1,25
S01009785,85 and over,4,0,0,0,4,0,0,0,0,4
S01009786,All HRPs,425,111,80,31,314,157,1,48,54,54
S01009786,24 and under,14,1,0,1,13,12,0,1,0,0
S01009786,25 to 34,60,10,4,6,50,48,1,0,1,0
S01009786,35 to 49,151,48,30,18,103,61,0,24,15,3
S01009786,50 to 64,108,32,28,4,76,23,0,14,29,10
S01009786,65 to 74,59,16,14,2,43,8,0,9,6,20
S01009786,75 to 84,30,4,4,0,26,4,0,0,3,19
S01009786,85 and over,3,0,0,0,3,1,0,0,0,2
S01009787,All HRPs,366,130,93,37,236,95,5,31,39,66
S01009787,24 and under,8,1,0,1,7,7,0,0,0,0
S01009787,25 to 34,41,14,4,10,27,22,0,3,2,0
S01009787,35 to 49,105,33,18,15,72,45,0,16,8,3
S01009787,50 to 64,99,43,32,11,56,17,2,6,20,11
S01009787,65 to 74,64,27,27,0,37,3,1,5,8,20
S01009787,75 to 84,36,11,11,0,25,1,2,1,1,20
S01009787,85 and over,13,1,1,0,12,0,0,0,0,12
S01009788,All HRPs,404,157,134,23,247,98,4,21,29,95
S01009788,24 and under,9,1,1,0,8,8,0,0,0,0
S01009788,25 to 34,29,11,5,6,18,16,1,1,0,0
S01009788,35 to 49,87,41,28,13,46,27,1,12,6,0
S01009788,50 to 64,105,60,56,4,45,17,1,6,14,7
S01009788,65 to 74,73,24,24,0,49,19,1,1,4,24
S01009788,75 to 84,84,18,18,0,66,8,0,1,5,52
S01009788,85 and over,17,2,2,0,15,3,0,0,0,12
S01009789,All HRPs,399,159,121,38,240,98,3,21,33,85
S01009789,24 and under,18,2,0,2,16,15,0,0,0,1
S01009789,25 to 34,36,14,4,10,22,21,0,0,1,0
S01009789,35 to 49,94,45,27,18,49,28,1,13,5,2
S01009789,50 to 64,109,62,55,7,47,19,0,6,14,8
S01009789,65 to 74,57,17,16,1,40,8,1,1,8,22
S01009789,75 to 84,70,18,18,0,52,7,1,1,4,39
S01009789,85 and over,15,1,1,0,14,0,0,0,1,13
S01009790,All HRPs,259,103,91,12,156,61,3,21,27,44
S01009790,24 and under,3,1,0,1,2,2,0,0,0,0
S01009790,25 to 34,17,7,3,4,10,9,0,1,0,0
S01009790,35 to 49,92,39,34,5,53,30,0,12,11,0
S01009790,50 to 64,64,36,34,2,28,7,0,6,11,4
S01009790,65 to 74,41,16,16,0,25,6,2,2,5,10
S01009790,75 to 84,30,1,1,0,29,7,1,0,0,21
S01009790,85 and over,12,3,3,0,9,0,0,0,0,9
S01009791,All HRPs,281,105,83,22,176,81,5,17,26,47
S01009791,24 and under,13,4,0,4,9,9,0,0,0,0
S01009791,25 to 34,34,8,4,4,26,24,1,1,0,0
S01009791,35 to 49,87,30,20,10,57,37,1,9,10,0
S01009791,50 to 64,67,40,37,3,27,6,0,5,11,5
S01009791,65 to 74,39,13,12,1,26,1,1,2,5,17
S01009791,75 to 84,32,10,10,0,22,4,2,0,0,16
S01009791,85 and over,9,0,0,0,9,0,0,0,0,9
S01009792,All HRPs,323,228,193,35,95,44,5,19,19,8
S01009792,24 and under,9,2,0,2,7,7,0,0,0,0
S01009792,25 to 34,40,24,11,13,16,13,0,3,0,0
S01009792,35 to 49,168,125,110,15,43,16,5,11,9,2
S01009792,50 to 64,88,62,57,5,26,8,0,5,10,3
S01009792,65 to 74,12,10,10,0,2,0,0,0,0,2
S01009792,75 to 84,5,5,5,0,0,0,0,0,0,0
S01009792,85 and over,1,0,0,0,1,0,0,0,0,1
S01009793,All HRPs,416,215,170,45,201,99,0,11,37,54
S01009793,24 and under,6,3,0,3,3,3,0,0,0,0
S01009793,25 to 34,57,28,15,13,29,25,0,1,2,1
S01009793,35 to 49,103,58,42,16,45,26,0,6,13,0
S01009793,50 to 64,128,80,69,11,48,25,0,4,15,4
S01009793,65 to 74,59,28,27,1,31,9,0,0,6,16
S01009793,75 to 84,44,15,14,1,29,7,0,0,1,21
S01009793,85 and over,19,3,3,0,16,4,0,0,0,12
S01009794,All HRPs,199,145,119,26,54,25,0,6,14,9
S01009794,24 and under,2,0,0,0,2,2,0,0,0,0
S01009794,25 to 34,30,25,13,12,5,4,0,1,0,0
S01009794,35 to 49,101,78,70,8,23,13,0,1,9,0
S01009794,50 to 64,48,35,30,5,13,5,0,4,4,0
S01009794,65 to 74,9,2,2,0,7,1,0,0,1,5
S01009794,75 to 84,9,5,4,1,4,0,0,0,0,4
S01009794,85 and over,0,0,0,0,0,0,0,0,0,0
S01009795,All HRPs,287,209,184,25,78,30,3,12,16,17
S01009795,24 and under,3,1,0,1,2,2,0,0,0,0
S01009795,25 to 34,18,9,7,2,9,9,0,0,0,0
S01009795,35 to 49,139,108,95,13,31,12,1,9,8,1
S01009795,50 to 64,101,81,72,9,20,4,2,2,8,4
S01009795,65 to 74,14,7,7,0,7,1,0,1,0,5
S01009795,75 to 84,12,3,3,0,9,2,0,0,0,7
S01009795,85 and over,0,0,0,0,0,0,0,0,0,0
S01009796,All HRPs,310,201,179,22,109,30,1,8,25,45
S01009796,24 and under,1,0,0,0,1,1,0,0,0,0
S01009796,25 to 34,25,20,17,3,5,5,0,0,0,0
S01009796,35 to 49,93,73,62,11,20,8,0,6,5,1
S01009796,50 to 64,97,75,68,7,22,2,0,1,15,4
S01009796,65 to 74,46,18,18,0,28,8,1,0,4,15
S01009796,75 to 84,40,13,12,1,27,5,0,1,1,20
S01009796,85 and over,8,2,2,0,6,1,0,0,0,5
S01009797,All HRPs,306,186,168,18,120,50,6,14,20,30
S01009797,24 and under,4,0,0,0,4,4,0,0,0,0
S01009797,25 to 34,43,26,18,8,17,15,0,2,0,0
S01009797,35 to 49,108,75,70,5,33,19,0,9,3,2
S01009797,50 to 64,85,57,52,5,28,6,2,3,12,5
S01009797,65 to 74,33,17,17,0,16,4,0,0,4,8
S01009797,75 to 84,29,11,11,0,18,2,4,0,0,12
S01009797,85 and over,4,0,0,0,4,0,0,0,1,3
S01009798,All HRPs,255,183,159,24,72,24,1,9,16,22
S01009798,24 and under,4,1,1,0,3,3,0,0,0,0
S01009798,25 to 34,22,13,8,5,9,8,0,0,1,0
S01009798,35 to 49,113,92,82,10,21,9,0,6,3,3
S01009798,50 to 64,83,65,57,8,18,4,0,3,8,3
S01009798,65 to 74,20,8,8,0,12,0,0,0,4,8
S01009798,75 to 84,8,3,2,1,5,0,0,0,0,5
S01009798,85 and over,5,1,1,0,4,0,1,0,0,3
S01009799,All HRPs,363,106,74,32,257,103,4,25,48,77
S01009799,24 and under,8,0,0,0,8,8,0,0,0,0
S01009799,25 to 34,54,16,6,10,38,32,1,3,2,0
S01009799,35 to 49,102,30,14,16,72,41,0,14,16,1
S01009799,50 to 64,98,36,33,3,62,18,1,7,26,10
S01009799,65 to 74,43,12,9,3,31,3,0,1,2,25
S01009799,75 to 84,45,12,12,0,33,0,1,0,2,30
S01009799,85 and over,13,0,0,0,13,1,1,0,0,11
S01009800,All HRPs,424,201,149,52,223,115,2,27,41,38
S01009800,24 and under,12,1,0,1,11,11,0,0,0,0
S01009800,25 to 34,67,38,15,23,29,26,1,2,0,0
S01009800,35 to 49,155,66,45,21,89,55,0,18,14,2
S01009800,50 to 64,106,59,52,7,47,18,1,4,23,1
S01009800,65 to 74,50,24,24,0,26,4,0,3,4,15
S01009800,75 to 84,29,13,13,0,16,1,0,0,0,15
S01009800,85 and over,5,0,0,0,5,0,0,0,0,5
S01009801,All HRPs,344,148,118,30,196,78,6,26,31,55
S01009801,24 and under,9,1,1,0,8,7,1,0,0,0
S01009801,25 to 34,33,12,8,4,21,18,0,2,0,1
S01009801,35 to 49,123,52,31,21,71,38,5,12,13,3
S01009801,50 to 64,92,51,46,5,41,8,0,10,14,9
S01009801,65 to 74,47,18,18,0,29,6,0,1,2,20
S01009801,75 to 84,33,13,13,0,20,1,0,1,2,16
S01009801,85 and over,7,1,1,0,6,0,0,0,0,6
S01009802,All HRPs,431,177,125,52,254,132,1,18,58,45
S01009802,24 and under,15,0,0,0,15,15,0,0,0,0
S01009802,25 to 34,83,38,18,20,45,43,0,1,1,0
S01009802,35 to 49,166,80,53,27,86,54,1,9,20,2
S01009802,50 to 64,93,37,32,5,56,18,0,6,27,5
S01009802,65 to 74,41,14,14,0,27,1,0,1,7,18
S01009802,75 to 84,28,8,8,0,20,1,0,1,3,15
S01009802,85 and over,5,0,0,0,5,0,0,0,0,5
S01009803,All HRPs,371,120,92,28,251,115,3,16,46,71
S01009803,24 and under,16,1,0,1,15,13,0,0,2,0
S01009803,25 to 34,44,19,8,11,25,24,0,1,0,0
S01009803,35 to 49,118,48,36,12,70,53,1,6,8,2
S01009803,50 to 64,76,37,34,3,39,9,1,6,14,9
S01009803,65 to 74,62,10,9,1,52,11,0,2,16,23
S01009803,75 to 84,41,5,5,0,36,5,1,1,5,24
S01009803,85 and over,14,0,0,0,14,0,0,0,1,13
S01009804,All HRPs,208,87,59,28,121,57,4,19,24,17
S01009804,24 and under,8,3,0,3,5,5,0,0,0,0
S01009804,25 to 34,61,34,21,13,27,23,2,2,0,0
S01009804,35 to 49,70,27,17,10,43,19,2,11,10,1
S01009804,50 to 64,49,20,18,2,29,6,0,6,12,5
S01009804,65 to 74,10,1,1,0,9,2,0,0,2,5
S01009804,75 to 84,8,1,1,0,7,1,0,0,0,6
S01009804,85 and over,2,1,1,0,1,1,0,0,0,0
S01009805,All HRPs,374,144,109,35,230,103,1,32,42,52
S01009805,24 and under,19,3,0,3,16,16,0,0,0,0
S01009805,25 to 34,30,9,2,7,21,21,0,0,0,0
S01009805,35 to 49,142,58,37,21,84,44,0,23,16,1
S01009805,50 to 64,95,46,43,3,49,13,1,8,20,7
S01009805,65 to 74,49,19,18,1,30,5,0,0,6,19
S01009805,75 to 84,33,8,8,0,25,4,0,1,0,20
S01009805,85 and over,6,1,1,0,5,0,0,0,0,5
S01009806,All HRPs,446,138,109,29,308,110,5,40,65,88
S01009806,24 and under,15,4,2,2,11,11,0,0,0,0
S01009806,25 to 34,68,36,15,21,32,28,0,4,0,0
S01009806,35 to 49,87,31,28,3,56,29,2,8,17,0
S01009806,50 to 64,115,38,36,2,77,22,0,22,27,6
S01009806,65 to 74,63,16,15,1,47,8,0,4,16,19
S01009806,75 to 84,73,9,9,0,64,9,1,2,5,47
S01009806,85 and over,25,4,4,0,21,3,2,0,0,16
S01009807,All HRPs,461,186,137,49,275,118,2,31,64,60
S01009807,24 and under,15,2,0,2,13,13,0,0,0,0
S01009807,25 to 34,77,39,19,20,38,35,0,1,2,0
S01009807,35 to 49,143,63,44,19,80,47,0,15,18,0
S01009807,50 to 64,120,55,50,5,65,12,1,10,29,13
S01009807,65 to 74,50,17,14,3,33,3,0,4,11,15
S01009807,75 to 84,43,7,7,0,36,8,0,1,4,23
S01009807,85 and over,13,3,3,0,10,0,1,0,0,9
S01009808,All HRPs,428,131,95,36,297,189,12,31,38,27
S01009808,24 and under,27,3,2,1,24,23,0,1,0,0
S01009808,25 to 34,102,21,8,13,81,59,9,10,1,2
S01009808,35 to 49,183,60,42,18,123,88,1,15,16,3
S01009808,50 to 64,64,27,26,1,37,15,2,5,12,3
S01009808,65 to 74,27,11,11,0,16,3,0,0,7,6
S01009808,75 to 84,21,9,6,3,12,1,0,0,2,9
S01009808,85 and over,4,0,0,0,4,0,0,0,0,4
S01009809,All HRPs,338,128,93,35,210,88,2,22,48,50
S01009809,24 and under,13,3,2,1,10,10,0,0,0,0
S01009809,25 to 34,65,29,17,12,36,28,0,6,2,0
S01009809,35 to 49,88,37,21,16,51,25,1,4,19,2
S01009809,50 to 64,97,40,35,5,57,14,1,9,19,14
S01009809,65 to 74,26,10,10,0,16,4,0,2,3,7
S01009809,75 to 84,39,9,8,1,30,7,0,1,3,19
S01009809,85 and over,10,0,0,0,10,0,0,0,2,8
S01009810,All HRPs,453,125,94,31,328,154,2,31,75,66
S01009810,24 and under,20,1,0,1,19,19,0,0,0,0
S01009810,25 to 34,92,28,14,14,64,57,0,4,1,2
S01009810,35 to 49,106,33,23,10,73,41,0,15,16,1
S01009810,50 to 64,114,39,35,4,75,20,1,10,37,7
S01009810,65 to 74,57,15,14,1,42,10,0,2,15,15
S01009810,75 to 84,40,7,6,1,33,3,1,0,3,26
S01009810,85 and over,24,2,2,0,22,4,0,0,3,15
S01009811,All HRPs,520,175,135,40,345,119,5,51,81,89
S01009811,24 and under,15,4,0,4,11,11,0,0,0,0
S01009811,25 to 34,54,20,10,10,34,28,0,6,0,0
S01009811,35 to 49,146,58,42,16,88,44,3,22,18,1
S01009811,50 to 64,135,47,38,9,88,24,1,16,37,10
S01009811,65 to 74,74,28,27,1,46,2,0,6,20,18
S01009811,75 to 84,74,17,17,0,57,8,1,1,6,41
S01009811,85 and over,22,1,1,0,21,2,0,0,0,19
S01009812,All HRPs,376,133,94,39,243,98,3,23,47,72
S01009812,24 and under,8,3,0,3,5,5,0,0,0,0
S01009812,25 to 34,44,17,9,8,27,24,0,2,0,1
S01009812,35 to 49,96,39,22,17,57,29,0,13,14,1
S01009812,50 to 64,97,38,29,9,59,19,1,6,23,10
S01009812,65 to 74,56,18,16,2,38,15,0,0,7,16
S01009812,75 to 84,52,13,13,0,39,4,2,2,3,28
S01009812,85 and over,23,5,5,0,18,2,0,0,0,16
S01009813,All HRPs,335,90,77,13,245,81,7,25,68,64
S01009813,24 and under,6,2,0,2,4,4,0,0,0,0
S01009813,25 to 34,29,12,9,3,17,15,0,2,0,0
S01009813,35 to 49,108,45,40,5,63,29,6,11,16,1
S01009813,50 to 64,98,20,19,1,78,18,1,10,40,9
S01009813,65 to 74,29,8,6,2,21,2,0,2,6,11
S01009813,75 to 84,41,3,3,0,38,9,0,0,6,23
S01009813,85 and over,24,0,0,0,24,4,0,0,0,20
S01009814,All HRPs,362,172,145,27,190,78,3,14,32,63
S01009814,24 and under,14,4,1,3,10,10,0,0,0,0
S01009814,25 to 34,37,13,8,5,24,21,0,2,1,0
S01009814,35 to 49,91,51,41,10,40,20,1,8,11,0
S01009814,50 to 64,100,60,53,7,40,17,0,2,13,8
S01009814,65 to 74,52,28,27,1,24,3,1,2,5,13
S01009814,75 to 84,35,12,12,0,23,4,0,0,2,17
S01009814,85 and over,33,4,3,1,29,3,1,0,0,25
S01009815,All HRPs,346,134,101,33,212,92,3,20,52,45
S01009815,24 and under,8,1,0,1,7,7,0,0,0,0
S01009815,25 to 34,64,29,14,15,35,32,1,2,0,0
S01009815,35 to 49,93,40,27,13,53,27,0,12,14,0
S01009815,50 to 64,102,47,43,4,55,17,0,2,28,8
S01009815,65 to 74,41,11,11,0,30,5,1,3,7,14
S01009815,75 to 84,26,5,5,0,21,1,1,1,2,16
S01009815,85 and over,12,1,1,0,11,3,0,0,1,7
S01009816,All HRPs,326,154,113,41,172,81,2,22,33,34
S01009816,24 and under,8,1,0,1,7,7,0,0,0,0
S01009816,25 to 34,61,29,14,15,32,29,0,2,1,0
S01009816,35 to 49,105,54,38,16,51,21,1,15,12,2
S01009816,50 to 64,88,47,38,9,41,16,0,5,15,5
S01009816,65 to 74,31,15,15,0,16,7,0,0,2,7
S01009816,75 to 84,23,6,6,0,17,1,0,0,3,13
S01009816,85 and over,10,2,2,0,8,0,1,0,0,7
S01009817,All HRPs,343,127,108,19,216,78,0,23,52,63
S01009817,24 and under,6,1,0,1,5,5,0,0,0,0
S01009817,25 to 34,29,12,5,7,17,17,0,0,0,0
S01009817,35 to 49,84,38,32,6,46,22,0,7,16,1
S01009817,50 to 64,94,41,37,4,53,18,0,12,19,4
S01009817,65 to 74,52,18,17,1,34,6,0,4,13,11
S01009817,75 to 84,58,15,15,0,43,8,0,0,3,32
S01009817,85 and over,20,2,2,0,18,2,0,0,1,15
S01009818,All HRPs,421,247,233,14,174,51,5,10,23,85
S01009818,24 and under,3,0,0,0,3,3,0,0,0,0
S01009818,25 to 34,19,9,5,4,10,10,0,0,0,0
S01009818,35 to 49,68,44,39,5,24,12,0,5,6,1
S01009818,50 to 64,134,99,94,5,35,14,0,4,7,10
S01009818,65 to 74,98,58,58,0,40,5,1,1,7,26
S01009818,75 to 84,84,36,36,0,48,6,4,0,2,36
S01009818,85 and over,15,1,1,0,14,1,0,0,1,12
S01009819,All HRPs,306,130,116,14,176,64,1,15,31,65
S01009819,24 and under,2,0,0,0,2,2,0,0,0,0
S01009819,25 to 34,22,10,6,4,12,11,0,1,0,0
S01009819,35 to 49,77,39,33,6,38,23,0,8,5,2
S01009819,50 to 64,84,40,37,3,44,10,1,5,19,9
S01009819,65 to 74,62,31,31,0,31,12,0,1,4,14
S01009819,75 to 84,41,9,9,0,32,3,0,0,3,26
S01009819,85 and over,18,1,0,1,17,3,0,0,0,14
S01009820,All HRPs,445,185,164,21,260,97,5,19,55,84
S01009820,24 and under,4,2,0,2,2,2,0,0,0,0
S01009820,25 to 34,43,17,11,6,26,23,1,1,1,0
S01009820,35 to 49,114,59,51,8,55,32,1,8,14,0
S01009820,50 to 64,126,69,65,4,57,14,0,8,27,8
S01009820,65 to 74,63,22,22,0,41,8,1,2,11,19
S01009820,75 to 84,68,14,13,1,54,12,2,0,2,38
S01009820,85 and over,27,2,2,0,25,6,0,0,0,19
S01009821,All HRPs,255,141,118,23,114,38,4,14,13,45
S01009821,24 and under,4,2,0,2,2,2,0,0,0,0
S01009821,25 to 34,30,15,11,4,15,13,1,1,0,0
S01009821,35 to 49,73,44,33,11,29,10,2,7,8,2
S01009821,50 to 64,67,52,47,5,15,6,0,3,3,3
S01009821,65 to 74,45,18,17,1,27,2,0,3,2,20
S01009821,75 to 84,24,8,8,0,16,4,0,0,0,12
S01009821,85 and over,12,2,2,0,10,1,1,0,0,8
S01009822,All HRPs,191,93,73,20,98,46,1,13,18,20
S01009822,24 and under,4,0,0,0,4,4,0,0,0,0
S01009822,25 to 34,35,18,14,4,17,14,0,3,0,0
S01009822,35 to 49,65,37,27,10,28,15,0,7,5,1
S01009822,50 to 64,42,21,18,3,21,7,0,1,9,4
S01009822,65 to 74,24,11,8,3,13,4,0,1,2,6
S01009822,75 to 84,17,5,5,0,12,2,1,1,2,6
S01009822,85 and over,4,1,1,0,3,0,0,0,0,3
S01009823,All HRPs,306,105,80,25,201,86,5,24,25,61
S01009823,24 and under,16,3,0,3,13,12,0,0,0,1
S01009823,25 to 34,48,17,8,9,31,28,1,1,1,0
S01009823,35 to 49,73,26,18,8,47,20,2,14,7,4
S01009823,50 to 64,83,41,36,5,42,15,0,5,13,9
S01009823,65 to 74,38,10,10,0,28,4,2,3,3,16
S01009823,75 to 84,32,7,7,0,25,5,0,1,1,18
S01009823,85 and over,16,1,1,0,15,2,0,0,0,13
S01009824,All HRPs,365,166,121,45,199,81,7,25,23,63
S01009824,24 and under,6,1,0,1,5,5,0,0,0,0
S01009824,25 to 34,54,24,12,12,30,29,1,0,0,0
S01009824,35 to 49,143,82,58,24,61,34,3,14,8,2
S01009824,50 to 64,66,35,28,7,31,5,0,6,8,12
S01009824,65 to 74,43,9,9,0,34,6,2,5,4,17
S01009824,75 to 84,46,14,13,1,32,2,1,0,3,26
S01009824,85 and over,7,1,1,0,6,0,0,0,0,6
S01009825,All HRPs,449,174,127,47,275,124,2,28,54,67
S01009825,24 and under,15,3,1,2,12,11,0,1,0,0
S01009825,25 to 34,72,35,17,18,37,33,0,1,3,0
S01009825,35 to 49,132,58,40,18,74,50,1,8,12,3
S01009825,50 to 64,120,49,42,7,71,19,0,15,31,6
S01009825,65 to 74,44,14,14,0,30,5,1,2,7,15
S01009825,75 to 84,53,11,9,2,42,4,0,1,1,36
S01009825,85 and over,13,4,4,0,9,2,0,0,0,7
S01009826,All HRPs,228,87,69,18,141,52,2,17,33,37
S01009826,24 and under,6,1,0,1,5,4,1,0,0,0
S01009826,25 to 34,27,10,6,4,17,14,0,3,0,0
S01009826,35 to 49,72,32,23,9,40,20,0,7,13,0
S01009826,50 to 64,61,27,23,4,34,7,0,5,13,9
S01009826,65 to 74,23,4,4,0,19,3,0,2,6,8
S01009826,75 to 84,29,9,9,0,20,4,1,0,0,15
S01009826,85 and over,10,4,4,0,6,0,0,0,1,5
S01009827,All HRPs,367,149,116,33,218,86,6,23,38,65
S01009827,24 and under,11,0,0,0,11,11,0,0,0,0
S01009827,25 to 34,35,14,10,4,21,19,1,0,1,0
S01009827,35 to 49,109,56,40,16,53,27,1,12,11,2
S01009827,50 to 64,104,44,36,8,60,16,3,10,21,10
S01009827,65 to 74,50,24,20,4,26,6,0,0,4,16
S01009827,75 to 84,45,9,9,0,36,6,1,1,1,27
S01009827,85 and over,13,2,1,1,11,1,0,0,0,10
S01009828,All HRPs,394,90,76,14,304,111,2,39,64,88
S01009828,24 and under,2,0,0,0,2,2,0,0,0,0
S01009828,25 to 34,34,9,4,5,25,24,0,1,0,0
S01009828,35 to 49,109,28,20,8,81,45,0,11,16,9
S01009828,50 to 64,97,24,24,0,73,19,1,16,27,10
S01009828,65 to 74,62,13,12,1,49,5,1,10,12,21
S01009828,75 to 84,75,15,15,0,60,14,0,1,9,36
S01009828,85 and over,15,1,1,0,14,2,0,0,0,12
S01009829,All HRPs,512,186,117,69,326,176,4,30,51,65
S01009829,24 and under,31,9,2,7,22,22,0,0,0,0
S01009829,25 to 34,123,62,23,39,61,56,0,2,3,0
S01009829,35 to 49,137,40,26,14,97,67,2,14,13,1
S01009829,50 to 64,109,45,36,9,64,15,1,12,29,7
S01009829,65 to 74,43,16,16,0,27,6,0,2,4,15
S01009829,75 to 84,44,8,8,0,36,5,1,0,1,29
S01009829,85 and over,25,6,6,0,19,5,0,0,1,13
S01009830,All HRPs,329,154,118,36,175,71,0,14,42,48
S01009830,24 and under,14,3,0,3,11,11,0,0,0,0
S01009830,25 to 34,59,35,19,16,24,22,0,2,0,0
S01009830,35 to 49,95,46,34,12,49,23,0,5,20,1
S01009830,50 to 64,84,43,38,5,41,9,0,3,18,11
S01009830,65 to 74,43,19,19,0,24,5,0,3,2,14
S01009830,75 to 84,27,8,8,0,19,1,0,1,2,15
S01009830,85 and over,7,0,0,0,7,0,0,0,0,7
S01009831,All HRPs,313,159,113,46,154,72,1,20,30,31
S01009831,24 and under,9,2,0,2,7,6,0,1,0,0
S01009831,25 to 34,67,31,10,21,36,32,0,4,0,0
S01009831,35 to 49,98,55,40,15,43,25,0,6,11,1
S01009831,50 to 64,81,51,43,8,30,5,0,8,15,2
S01009831,65 to 74,27,15,15,0,12,3,0,1,4,4
S01009831,75 to 84,21,4,4,0,17,1,1,0,0,15
S01009831,85 and over,10,1,1,0,9,0,0,0,0,9
S01009832,All HRPs,474,208,161,47,266,103,2,28,44,89
S01009832,24 and under,15,5,1,4,10,10,0,0,0,0
S01009832,25 to 34,59,30,13,17,29,27,2,0,0,0
S01009832,35 to 49,129,65,46,19,64,35,0,13,14,2
S01009832,50 to 64,118,65,60,5,53,11,0,14,16,12
S01009832,65 to 74,58,22,20,2,36,7,0,1,9,19
S01009832,75 to 84,69,16,16,0,53,12,0,0,3,38
S01009832,85 and over,26,5,5,0,21,1,0,0,2,18
S01009833,All HRPs,238,127,93,34,111,56,2,5,23,25
S01009833,24 and under,9,4,0,4,5,5,0,0,0,0
S01009833,25 to 34,34,21,7,14,13,13,0,0,0,0
S01009833,35 to 49,85,45,31,14,40,29,2,1,8,0
S01009833,50 to 64,73,46,44,2,27,7,0,4,11,5
S01009833,65 to 74,21,7,7,0,14,1,0,0,3,10
S01009833,75 to 84,13,4,4,0,9,1,0,0,1,7
S01009833,85 and over,3,0,0,0,3,0,0,0,0,3
S01009834,All HRPs,372,138,95,43,234,124,2,41,49,18
S01009834,24 and under,10,1,0,1,9,8,0,1,0,0
S01009834,25 to 34,93,39,22,17,54,42,0,9,3,0
S01009834,35 to 49,143,59,43,16,84,55,2,15,9,3
S01009834,50 to 64,89,28,21,7,61,14,0,11,33,3
S01009834,65 to 74,19,6,5,1,13,1,0,4,4,4
S01009834,75 to 84,15,5,4,1,10,3,0,1,0,6
S01009834,85 and over,3,0,0,0,3,1,0,0,0,2
S01009835,All HRPs,258,71,45,26,187,100,0,17,32,38
S01009835,24 and under,14,2,0,2,12,12,0,0,0,0
S01009835,25 to 34,39,7,2,5,32,30,0,0,2,0
S01009835,35 to 49,84,24,12,12,60,43,0,8,7,2
S01009835,50 to 64,55,24,20,4,31,8,0,7,14,2
S01009835,65 to 74,29,9,6,3,20,4,0,1,5,10
S01009835,75 to 84,31,5,5,0,26,2,0,1,3,20
S01009835,85 and over,6,0,0,0,6,1,0,0,1,4
S01009836,All HRPs,414,209,170,39,205,83,4,20,27,71
S01009836,24 and under,9,4,0,4,5,5,0,0,0,0
S01009836,25 to 34,36,19,8,11,17,14,0,2,1,0
S01009836,35 to 49,119,64,50,14,55,31,3,9,11,1
S01009836,50 to 64,132,81,73,8,51,22,0,8,10,11
S01009836,65 to 74,51,25,24,1,26,4,0,0,3,19
S01009836,75 to 84,43,10,9,1,33,3,1,1,2,26
S01009836,85 and over,24,6,6,0,18,4,0,0,0,14
S01009837,All HRPs,368,100,71,29,268,88,4,23,61,92
S01009837,24 and under,10,3,1,2,7,7,0,0,0,0
S01009837,25 to 34,37,14,3,11,23,21,1,1,0,0
S01009837,35 to 49,71,24,14,10,47,24,2,8,13,0
S01009837,50 to 64,115,41,36,5,74,24,0,9,33,8
S01009837,65 to 74,51,10,9,1,41,9,0,2,10,20
S01009837,75 to 84,51,7,7,0,44,1,1,3,2,37
S01009837,85 and over,33,1,1,0,32,2,0,0,3,27
S01009838,All HRPs,433,101,74,27,332,179,6,25,49,73
S01009838,24 and under,20,1,1,0,19,19,0,0,0,0
S01009838,25 to 34,78,19,9,10,59,56,0,0,1,2
S01009838,35 to 49,129,29,21,8,100,65,4,14,17,0
S01009838,50 to 64,83,30,23,7,53,19,0,8,18,8
S01009838,65 to 74,57,13,12,1,44,10,0,3,7,24
S01009838,75 to 84,50,8,8,0,42,9,1,0,3,29
S01009838,85 and over,16,1,0,1,15,1,1,0,3,10
S01009839,All HRPs,615,104,49,55,511,336,7,30,102,36
S01009839,24 and under,83,9,2,7,74,74,0,0,0,0
S01009839,25 to 34,164,34,13,21,130,118,5,4,2,1
S01009839,35 to 49,161,27,8,19,134,92,1,14,26,1
S01009839,50 to 64,143,25,18,7,118,38,0,10,58,12
S01009839,65 to 74,43,6,5,1,37,9,1,2,13,12
S01009839,75 to 84,17,3,3,0,14,3,0,0,3,8
S01009839,85 and over,4,0,0,0,4,2,0,0,0,2
S01009840,All HRPs,475,174,146,28,301,118,2,28,57,96
S01009840,24 and under,9,1,0,1,8,8,0,0,0,0
S01009840,25 to 34,43,15,8,7,28,28,0,0,0,0
S01009840,35 to 49,96,41,31,10,55,30,1,11,12,1
S01009840,50 to 64,146,67,58,9,79,28,0,10,29,12
S01009840,65 to 74,87,31,30,1,56,9,0,6,9,32
S01009840,75 to 84,67,16,16,0,51,12,1,1,7,30
S01009840,85 and over,27,3,3,0,24,3,0,0,0,21
S01009841,All HRPs,461,98,51,47,363,206,19,33,80,25
S01009841,24 and under,45,11,0,11,34,34,0,0,0,0
S01009841,25 to 34,120,32,10,22,88,68,13,5,2,0
S01009841,35 to 49,138,27,16,11,111,70,5,13,21,2
S01009841,50 to 64,101,16,13,3,85,24,1,12,40,8
S01009841,65 to 74,43,10,10,0,33,8,0,2,14,9
S01009841,75 to 84,10,2,2,0,8,2,0,1,1,4
S01009841,85 and over,4,0,0,0,4,0,0,0,2,2
S01009842,All HRPs,332,100,68,32,232,140,12,20,46,14
S01009842,24 and under,33,6,2,4,27,27,0,0,0,0
S01009842,25 to 34,95,26,12,14,69,50,8,4,3,4
S01009842,35 to 49,109,35,26,9,74,47,2,8,16,1
S01009842,50 to 64,73,27,22,5,46,12,2,6,22,4
S01009842,65 to 74,12,3,3,0,9,2,0,2,5,0
S01009842,75 to 84,7,2,2,0,5,2,0,0,0,3
S01009842,85 and over,3,1,1,0,2,0,0,0,0,2
S01009843,All HRPs,310,77,50,27,233,131,4,24,37,37
S01009843,24 and under,7,0,0,0,7,7,0,0,0,0
S01009843,25 to 34,58,18,6,12,40,39,1,0,0,0
S01009843,35 to 49,102,32,22,10,70,45,1,9,14,1
S01009843,50 to 64,75,18,14,4,57,24,0,9,20,4
S01009843,65 to 74,39,7,6,1,32,9,1,4,3,15
S01009843,75 to 84,27,2,2,0,25,7,1,2,0,15
S01009843,85 and over,2,0,0,0,2,0,0,0,0,2
S01009844,All HRPs,361,54,36,18,307,175,9,17,65,41
S01009844,24 and under,39,3,0,3,36,35,0,0,1,0
S01009844,25 to 34,65,22,13,9,43,39,0,1,3,0
S01009844,35 to 49,112,16,12,4,96,66,6,7,15,2
S01009844,50 to 64,67,11,9,2,56,14,1,4,33,4
S01009844,65 to 74,28,0,0,0,28,13,1,2,9,3
S01009844,75 to 84,32,1,1,0,31,6,1,3,4,17
S01009844,85 and over,18,1,1,0,17,2,0,0,0,15
S01009845,All HRPs,440,81,51,30,359,241,19,23,66,10
S01009845,24 and under,56,4,1,3,52,51,1,0,0,0
S01009845,25 to 34,137,37,21,16,100,80,13,3,4,0
S01009845,35 to 49,134,27,19,8,107,75,2,9,20,1
S01009845,50 to 64,92,13,10,3,79,29,3,10,33,4
S01009845,65 to 74,13,0,0,0,13,3,0,0,9,1
S01009845,75 to 84,8,0,0,0,8,3,0,1,0,4
S01009845,85 and over,0,0,0,0,0,0,0,0,0,0
S01009846,All HRPs,461,142,112,30,319,183,5,30,61,40
S01009846,24 and under,31,8,3,5,23,23,0,0,0,0
S01009846,25 to 34,81,29,16,13,52,45,1,2,1,3
S01009846,35 to 49,147,30,22,8,117,79,3,12,22,1
S01009846,50 to 64,136,61,57,4,75,29,0,12,22,12
S01009846,65 to 74,45,11,11,0,34,6,1,4,12,11
S01009846,75 to 84,16,2,2,0,14,0,0,0,4,10
S01009846,85 and over,5,1,1,0,4,1,0,0,0,3
S01009847,All HRPs,322,77,46,31,245,168,0,16,41,20
S01009847,24 and under,31,4,0,4,27,27,0,0,0,0
S01009847,25 to 34,97,27,10,17,70,65,0,4,1,0
S01009847,35 to 49,88,19,12,7,69,50,0,7,11,1
S01009847,50 to 64,73,23,20,3,50,18,0,5,23,4
S01009847,65 to 74,19,1,1,0,18,5,0,0,6,7
S01009847,75 to 84,13,2,2,0,11,3,0,0,0,8
S01009847,85 and over,1,1,1,0,0,0,0,0,0,0
S01009848,All HRPs,383,153,125,28,230,101,1,26,34,68
S01009848,24 and under,6,0,0,0,6,6,0,0,0,0
S01009848,25 to 34,37,19,11,8,18,16,0,1,1,0
S01009848,35 to 49,118,47,29,18,71,44,0,16,8,3
S01009848,50 to 64,118,53,51,2,65,25,0,8,19,13
S01009848,65 to 74,47,25,25,0,22,4,0,1,3,14
S01009848,75 to 84,44,9,9,0,35,6,1,0,2,26
S01009848,85 and over,13,0,0,0,13,0,0,0,1,12
S01009849,All HRPs,445,124,84,40,321,143,4,22,56,96
S01009849,24 and under,11,2,0,2,9,9,0,0,0,0
S01009849,25 to 34,73,31,8,23,42,39,1,1,1,0
S01009849,35 to 49,99,34,23,11,65,42,1,8,11,3
S01009849,50 to 64,84,21,18,3,63,20,0,12,24,7
S01009849,65 to 74,51,10,10,0,41,12,0,1,11,17
S01009849,75 to 84,90,18,18,0,72,16,1,0,9,46
S01009849,85 and over,37,8,7,1,29,5,1,0,0,23
S01009850,All HRPs,472,166,121,45,306,148,5,12,61,80
S01009850,24 and under,19,4,1,3,15,15,0,0,0,0
S01009850,25 to 34,67,28,11,17,39,38,0,0,1,0
S01009850,35 to 49,122,51,39,12,71,43,1,6,21,0
S01009850,50 to 64,104,42,32,10,62,28,2,3,21,8
S01009850,65 to 74,68,21,20,1,47,12,0,3,10,22
S01009850,75 to 84,60,18,16,2,42,6,1,0,7,28
S01009850,85 and over,32,2,2,0,30,6,1,0,1,22
S01009851,All HRPs,470,145,116,29,325,129,6,30,52,108
S01009851,24 and under,7,3,1,2,4,3,0,1,0,0
S01009851,25 to 34,32,12,3,9,20,19,0,0,1,0
S01009851,35 to 49,100,42,32,10,58,38,1,13,5,1
S01009851,50 to 64,134,46,40,6,88,32,1,13,30,12
S01009851,65 to 74,77,16,14,2,61,20,2,3,10,26
S01009851,75 to 84,95,21,21,0,74,13,1,0,6,54
S01009851,85 and over,25,5,5,0,20,4,1,0,0,15
S01009852,All HRPs,257,111,94,17,146,42,3,13,23,65
S01009852,24 and under,4,0,0,0,4,4,0,0,0,0
S01009852,25 to 34,22,15,6,9,7,5,1,1,0,0
S01009852,35 to 49,64,39,31,8,25,13,0,4,7,1
S01009852,50 to 64,57,28,28,0,29,10,1,4,10,4
S01009852,65 to 74,43,17,17,0,26,6,0,3,3,14
S01009852,75 to 84,40,8,8,0,32,3,1,1,2,25
S01009852,85 and over,27,4,4,0,23,1,0,0,1,21
S01009853,All HRPs,413,162,116,46,251,93,4,18,49,87
S01009853,24 and under,9,0,0,0,9,9,0,0,0,0
S01009853,25 to 34,55,35,18,17,20,14,1,3,2,0
S01009853,35 to 49,95,48,32,16,47,25,0,10,12,0
S01009853,50 to 64,114,46,34,12,68,29,0,4,24,11
S01009853,65 to 74,41,18,17,1,23,6,0,0,5,12
S01009853,75 to 84,71,15,15,0,56,10,1,1,6,38
S01009853,85 and over,28,0,0,0,28,0,2,0,0,26
S01009854,All HRPs,398,160,123,37,238,102,2,34,61,39
S01009854,24 and under,10,2,0,2,8,7,0,0,0,1
S01009854,25 to 34,71,34,20,14,37,32,0,3,2,0
S01009854,35 to 49,135,61,45,16,74,36,1,17,20,0
S01009854,50 to 64,100,43,39,4,57,16,0,11,25,5
S01009854,65 to 74,52,16,15,1,36,4,1,3,10,18
S01009854,75 to 84,25,4,4,0,21,5,0,0,4,12
S01009854,85 and over,5,0,0,0,5,2,0,0,0,3
S01009855,All HRPs,250,115,96,19,135,51,0,9,29,46
S01009855,24 and under,6,1,0,1,5,5,0,0,0,0
S01009855,25 to 34,17,7,5,2,10,7,0,2,1,0
S01009855,35 to 49,76,42,31,11,34,15,0,6,13,0
S01009855,50 to 64,77,44,40,4,33,14,0,1,10,8
S01009855,65 to 74,23,10,9,1,13,2,0,0,2,9
S01009855,75 to 84,35,11,11,0,24,5,0,0,3,16
S01009855,85 and over,16,0,0,0,16,3,0,0,0,13
S01009856,All HRPs,308,99,74,25,209,85,3,21,30,70
S01009856,24 and under,11,0,0,0,11,11,0,0,0,0
S01009856,25 to 34,18,7,1,6,11,11,0,0,0,0
S01009856,35 to 49,70,32,18,14,38,22,0,10,5,1
S01009856,50 to 64,90,39,35,4,51,19,1,8,16,7
S01009856,65 to 74,40,11,10,1,29,4,1,2,7,15
S01009856,75 to 84,46,6,6,0,40,14,1,1,2,22
S01009856,85 and over,33,4,4,0,29,4,0,0,0,25
S01009857,All HRPs,374,179,144,35,195,72,6,10,33,74
S01009857,24 and under,7,2,0,2,5,5,0,0,0,0
S01009857,25 to 34,29,18,12,6,11,9,1,1,0,0
S01009857,35 to 49,104,68,50,18,36,19,2,4,10,1
S01009857,50 to 64,97,53,47,6,44,18,0,3,15,8
S01009857,65 to 74,59,22,19,3,37,12,1,2,5,17
S01009857,75 to 84,54,13,13,0,41,7,1,0,3,30
S01009857,85 and over,24,3,3,0,21,2,1,0,0,18
S01009858,All HRPs,337,153,125,28,184,73,5,16,14,76
S01009858,24 and under,10,3,1,2,7,7,0,0,0,0
S01009858,25 to 34,28,19,13,6,9,5,0,3,1,0
S01009858,35 to 49,90,43,31,12,47,33,3,7,0,4
S01009858,50 to 64,95,60,54,6,35,17,0,4,8,6
S01009858,65 to 74,47,12,11,1,35,9,1,1,3,21
S01009858,75 to 84,45,12,12,0,33,1,0,1,2,29
S01009858,85 and over,22,4,3,1,18,1,1,0,0,16
S01009859,All HRPs,580,143,99,44,437,251,3,35,79,69
S01009859,24 and under,39,3,0,3,36,34,1,0,0,1
S01009859,25 to 34,102,25,12,13,77,70,0,5,2,0
S01009859,35 to 49,136,30,16,14,106,80,0,9,14,3
S01009859,50 to 64,155,43,36,7,112,45,1,14,35,17
S01009859,65 to 74,81,24,20,4,57,11,0,6,24,16
S01009859,75 to 84,50,15,13,2,35,8,0,1,4,22
S01009859,85 and over,17,3,2,1,14,3,1,0,0,10
S01009860,All HRPs,503,116,86,30,387,177,4,42,71,93
S01009860,24 and under,36,3,1,2,33,32,0,1,0,0
S01009860,25 to 34,60,13,5,8,47,41,2,3,1,0
S01009860,35 to 49,119,30,19,11,89,62,1,12,7,7
S01009860,50 to 64,125,38,33,5,87,21,1,19,32,14
S01009860,65 to 74,92,19,17,2,73,14,0,4,23,32
S01009860,75 to 84,58,13,11,2,45,4,0,3,8,30
S01009860,85 and over,13,0,0,0,13,3,0,0,0,10
S01009861,All HRPs,524,133,88,45,391,244,10,42,51,44
S01009861,24 and under,49,3,0,3,46,44,1,1,0,0
S01009861,25 to 34,115,43,25,18,72,63,2,6,1,0
S01009861,35 to 49,170,39,23,16,131,99,4,15,10,3
S01009861,50 to 64,110,28,22,6,82,30,2,14,28,8
S01009861,65 to 74,37,10,9,1,27,5,1,6,8,7
S01009861,75 to 84,34,8,7,1,26,2,0,0,3,21
S01009861,85 and over,9,2,2,0,7,1,0,0,1,5
S01009862,All HRPs,607,134,80,54,473,280,29,42,79,43
S01009862,24 and under,49,5,2,3,44,40,3,1,0,0
S01009862,25 to 34,178,51,27,24,127,116,3,6,2,0
S01009862,35 to 49,176,39,21,18,137,84,16,20,16,1
S01009862,50 to 64,137,32,24,8,105,21,5,13,51,15
S01009862,65 to 74,40,5,5,0,35,12,2,2,9,10
S01009862,75 to 84,24,2,1,1,22,6,0,0,1,15
S01009862,85 and over,3,0,0,0,3,1,0,0,0,2
S01009863,All HRPs,461,116,87,29,345,228,3,24,52,38
S01009863,24 and under,40,5,1,4,35,35,0,0,0,0
S01009863,25 to 34,130,39,24,15,91,76,2,2,11,0
S01009863,35 to 49,152,43,36,7,109,84,0,12,12,1
S01009863,50 to 64,92,20,17,3,72,28,1,7,22,14
S01009863,65 to 74,25,4,4,0,21,3,0,3,6,9
S01009863,75 to 84,14,5,5,0,9,1,0,0,0,8
S01009863,85 and over,8,0,0,0,8,1,0,0,1,6
S01009864,All HRPs,317,82,50,32,235,151,4,16,40,24
S01009864,24 and under,29,5,1,4,24,24,0,0,0,0
S01009864,25 to 34,73,28,11,17,45,41,2,0,2,0
S01009864,35 to 49,109,25,17,8,84,54,2,11,13,4
S01009864,50 to 64,65,15,12,3,50,21,0,3,20,6
S01009864,65 to 74,23,5,5,0,18,7,0,2,5,4
S01009864,75 to 84,15,4,4,0,11,3,0,0,0,8
S01009864,85 and over,3,0,0,0,3,1,0,0,0,2
S01009865,All HRPs,245,73,49,24,172,106,2,9,42,13
S01009865,24 and under,13,3,0,3,10,10,0,0,0,0
S01009865,25 to 34,57,21,12,9,36,36,0,0,0,0
S01009865,35 to 49,89,25,16,9,64,41,0,6,17,0
S01009865,50 to 64,52,15,12,3,37,13,0,2,17,5
S01009865,65 to 74,20,4,4,0,16,3,1,1,6,5
S01009865,75 to 84,12,3,3,0,9,3,1,0,2,3
S01009865,85 and over,2,2,2,0,0,0,0,0,0,0
S01009866,All HRPs,455,169,122,47,286,156,9,16,46,59
S01009866,24 and under,26,8,1,7,18,18,0,0,0,0
S01009866,25 to 34,87,36,16,20,51,49,0,0,2,0
S01009866,35 to 49,117,46,34,12,71,51,1,7,10,2
S01009866,50 to 64,124,53,45,8,71,27,3,7,24,10
S01009866,65 to 74,53,14,14,0,39,7,2,2,6,22
S01009866,75 to 84,34,10,10,0,24,3,3,0,4,14
S01009866,85 and over,14,2,2,0,12,1,0,0,0,11
S01009867,All HRPs,595,184,103,81,411,255,12,36,66,42
S01009867,24 and under,46,15,2,13,31,31,0,0,0,0
S01009867,25 to 34,171,57,18,39,114,100,5,3,6,0
S01009867,35 to 49,184,59,36,23,125,86,4,13,22,0
S01009867,50 to 64,100,27,22,5,73,22,3,14,27,7
S01009867,65 to 74,52,14,14,0,38,11,0,5,8,14
S01009867,75 to 84,34,11,10,1,23,4,0,1,3,15
S01009867,85 and over,8,1,1,0,7,1,0,0,0,6
S01009868,All HRPs,308,123,72,51,185,135,6,11,21,12
S01009868,24 and under,32,9,0,9,23,23,0,0,0,0
S01009868,25 to 34,113,48,20,28,65,62,1,2,0,0
S01009868,35 to 49,89,33,21,12,56,37,5,3,9,2
S01009868,50 to 64,50,24,22,2,26,12,0,4,9,1
S01009868,65 to 74,12,7,7,0,5,0,0,2,1,2
S01009868,75 to 84,7,1,1,0,6,0,0,0,1,5
S01009868,85 and over,5,1,1,0,4,1,0,0,1,2
S01009869,All HRPs,269,92,54,38,177,116,19,12,21,9
S01009869,24 and under,27,10,2,8,17,16,1,0,0,0
S01009869,25 to 34,112,43,19,24,69,52,13,3,1,0
S01009869,35 to 49,79,27,22,5,52,34,3,7,8,0
S01009869,50 to 64,29,6,6,0,23,13,0,2,6,2
S01009869,65 to 74,15,4,3,1,11,1,1,0,5,4
S01009869,75 to 84,6,2,2,0,4,0,1,0,1,2
S01009869,85 and over,1,0,0,0,1,0,0,0,0,1
S01009870,All HRPs,274,91,58,33,183,103,7,16,32,25
S01009870,24 and under,21,4,0,4,17,15,2,0,0,0
S01009870,25 to 34,66,24,15,9,42,32,4,4,2,0
S01009870,35 to 49,90,34,22,12,56,34,0,5,15,2
S01009870,50 to 64,63,23,17,6,40,14,1,6,13,6
S01009870,65 to 74,18,5,4,1,13,6,0,1,1,5
S01009870,75 to 84,11,1,0,1,10,0,0,0,0,10
S01009870,85 and over,5,0,0,0,5,2,0,0,1,2
S01009871,All HRPs,587,157,128,29,430,218,13,28,82,89
S01009871,24 and under,20,0,0,0,20,20,0,0,0,0
S01009871,25 to 34,81,26,14,12,55,45,5,2,3,0
S01009871,35 to 49,178,48,35,13,130,89,7,8,21,5
S01009871,50 to 64,123,36,33,3,87,44,1,8,30,4
S01009871,65 to 74,79,19,19,0,60,9,0,5,19,27
S01009871,75 to 84,73,16,15,1,57,9,0,4,8,36
S01009871,85 and over,33,12,12,0,21,2,0,1,1,17
S01009872,All HRPs,365,134,95,39,231,170,9,14,16,22
S01009872,24 and under,32,8,2,6,24,23,1,0,0,0
S01009872,25 to 34,125,41,22,19,84,77,3,1,2,1
S01009872,35 to 49,106,42,35,7,64,49,1,4,9,1
S01009872,50 to 64,62,28,24,4,34,11,2,8,4,9
S01009872,65 to 74,23,7,6,1,16,7,2,1,1,5
S01009872,75 to 84,14,8,6,2,6,2,0,0,0,4
S01009872,85 and over,3,0,0,0,3,1,0,0,0,2
S01009873,All HRPs,445,183,146,37,262,110,13,22,57,60
S01009873,24 and under,7,1,1,0,6,5,0,0,1,0
S01009873,25 to 34,47,20,11,9,27,23,3,0,1,0
S01009873,35 to 49,116,68,47,21,48,24,4,4,13,3
S01009873,50 to 64,122,52,49,3,70,29,2,11,20,8
S01009873,65 to 74,71,20,17,3,51,19,0,7,18,7
S01009873,75 to 84,52,17,16,1,35,6,4,0,3,22
S01009873,85 and over,30,5,5,0,25,4,0,0,1,20
S01009874,All HRPs,497,198,159,39,299,157,7,26,56,53
S01009874,24 and under,19,1,0,1,18,18,0,0,0,0
S01009874,25 to 34,56,15,9,6,41,39,0,1,1,0
S01009874,35 to 49,130,61,45,16,69,40,2,12,14,1
S01009874,50 to 64,163,81,66,15,82,35,2,11,27,7
S01009874,65 to 74,62,19,18,1,43,13,1,2,12,15
S01009874,75 to 84,49,16,16,0,33,8,2,0,1,22
S01009874,85 and over,18,5,5,0,13,4,0,0,1,8
S01009875,All HRPs,307,110,86,24,197,141,7,12,22,15
S01009875,24 and under,48,6,2,4,42,42,0,0,0,0
S01009875,25 to 34,105,48,33,15,57,48,2,3,4,0
S01009875,35 to 49,83,34,30,4,49,38,1,1,6,3
S01009875,50 to 64,45,18,17,1,27,10,2,5,6,4
S01009875,65 to 74,15,2,2,0,13,1,2,3,6,1
S01009875,75 to 84,9,1,1,0,8,2,0,0,0,6
S01009875,85 and over,2,1,1,0,1,0,0,0,0,1
S01009876,All HRPs,322,84,63,21,238,119,16,34,47,22
S01009876,24 and under,16,3,1,2,13,13,0,0,0,0
S01009876,25 to 34,85,22,11,11,63,50,1,4,8,0
S01009876,35 to 49,135,38,32,6,97,43,13,19,18,4
S01009876,50 to 64,54,12,11,1,42,9,2,8,16,7
S01009876,65 to 74,17,5,4,1,12,3,0,3,4,2
S01009876,75 to 84,12,3,3,0,9,1,0,0,1,7
S01009876,85 and over,3,1,1,0,2,0,0,0,0,2
S01009877,All HRPs,360,194,158,36,166,72,10,10,23,51
S01009877,24 and under,5,2,1,1,3,3,0,0,0,0
S01009877,25 to 34,45,26,16,10,19,13,4,2,0,0
S01009877,35 to 49,103,63,48,15,40,25,3,4,6,2
S01009877,50 to 64,105,70,63,7,35,12,2,3,9,9
S01009877,65 to 74,47,21,19,2,26,9,1,0,6,10
S01009877,75 to 84,35,9,8,1,26,8,0,1,0,17
S01009877,85 and over,20,3,3,0,17,2,0,0,2,13
S01009878,All HRPs,252,122,100,22,130,69,12,11,22,16
S01009878,24 and under,15,2,0,2,13,13,0,0,0,0
S01009878,25 to 34,54,23,18,5,31,22,4,1,4,0
S01009878,35 to 49,99,49,37,12,50,26,8,6,8,2
S01009878,50 to 64,44,26,24,2,18,5,0,2,9,2
S01009878,65 to 74,25,13,13,0,12,2,0,2,1,7
S01009878,75 to 84,13,8,8,0,5,1,0,0,0,4
S01009878,85 and over,2,1,0,1,1,0,0,0,0,1
S01009879,All HRPs,332,236,207,29,96,38,7,13,19,19
S01009879,24 and under,5,0,0,0,5,5,0,0,0,0
S01009879,25 to 34,21,13,7,6,8,6,2,0,0,0
S01009879,35 to 49,105,77,65,12,28,8,2,10,8,0
S01009879,50 to 64,126,98,88,10,28,11,1,3,10,3
S01009879,65 to 74,41,30,29,1,11,3,0,0,1,7
S01009879,75 to 84,28,16,16,0,12,4,2,0,0,6
S01009879,85 and over,6,2,2,0,4,1,0,0,0,3
S01009880,All HRPs,258,159,140,19,99,50,4,12,14,19
S01009880,24 and under,8,1,0,1,7,7,0,0,0,0
S01009880,25 to 34,36,25,20,5,11,7,2,1,1,0
S01009880,35 to 49,89,61,52,9,28,17,1,3,7,0
S01009880,50 to 64,71,44,40,4,27,12,0,6,4,5
S01009880,65 to 74,25,17,17,0,8,2,1,0,2,3
S01009880,75 to 84,24,10,10,0,14,4,0,2,0,8
S01009880,85 and over,5,1,1,0,4,1,0,0,0,3
S01009881,All HRPs,179,80,66,14,99,61,8,6,15,9
S01009881,24 and under,10,0,0,0,10,10,0,0,0,0
S01009881,25 to 34,54,30,23,7,24,20,3,1,0,0
S01009881,35 to 49,65,23,19,4,42,22,3,4,10,3
S01009881,50 to 64,37,22,19,3,15,6,2,1,5,1
S01009881,65 to 74,6,1,1,0,5,3,0,0,0,2
S01009881,75 to 84,7,4,4,0,3,0,0,0,0,3
S01009881,85 and over,0,0,0,0,0,0,0,0,0,0
S01009882,All HRPs,613,198,113,85,415,294,13,38,49,21
S01009882,24 and under,68,8,2,6,60,55,0,4,1,0
S01009882,25 to 34,283,107,54,53,176,154,7,12,3,0
S01009882,35 to 49,177,61,38,23,116,72,3,15,24,2
S01009882,50 to 64,63,19,16,3,44,13,2,7,16,6
S01009882,65 to 74,12,3,3,0,9,0,0,0,5,4
S01009882,75 to 84,5,0,0,0,5,0,0,0,0,5
S01009882,85 and over,5,0,0,0,5,0,1,0,0,4
S01009883,All HRPs,280,155,117,38,125,68,14,13,20,10
S01009883,24 and under,19,5,0,5,14,13,0,0,1,0
S01009883,25 to 34,99,53,35,18,46,31,4,6,5,0
S01009883,35 to 49,88,55,44,11,33,16,8,1,7,1
S01009883,50 to 64,50,27,23,4,23,7,2,6,5,3
S01009883,65 to 74,15,12,12,0,3,0,0,0,0,3
S01009883,75 to 84,6,2,2,0,4,0,0,0,2,2
S01009883,85 and over,3,1,1,0,2,1,0,0,0,1
S01009884,All HRPs,316,158,117,41,158,97,9,13,22,17
S01009884,24 and under,13,1,0,1,12,12,0,0,0,0
S01009884,25 to 34,89,55,37,18,34,33,0,0,1,0
S01009884,35 to 49,140,71,52,19,69,41,8,10,8,2
S01009884,50 to 64,46,23,20,3,23,8,1,2,9,3
S01009884,65 to 74,14,7,7,0,7,3,0,1,2,1
S01009884,75 to 84,9,1,1,0,8,0,0,0,1,7
S01009884,85 and over,5,0,0,0,5,0,0,0,1,4
S01009885,All HRPs,251,162,132,30,89,41,1,18,19,10
S01009885,24 and under,9,3,3,0,6,6,0,0,0,0
S01009885,25 to 34,59,36,25,11,23,15,0,5,3,0
S01009885,35 to 49,89,67,53,14,22,12,1,7,2,0
S01009885,50 to 64,65,41,37,4,24,6,0,4,10,4
S01009885,65 to 74,16,10,10,0,6,2,0,1,2,1
S01009885,75 to 84,10,5,4,1,5,0,0,1,2,2
S01009885,85 and over,3,0,0,0,3,0,0,0,0,3
S01009886,All HRPs,277,124,105,19,153,69,3,19,29,33
S01009886,24 and under,11,3,1,2,8,8,0,0,0,0
S01009886,25 to 34,41,17,13,4,24,22,0,0,2,0
S01009886,35 to 49,87,53,43,10,34,16,0,5,9,4
S01009886,50 to 64,70,35,32,3,35,16,2,9,7,1
S01009886,65 to 74,30,9,9,0,21,1,1,5,7,7
S01009886,75 to 84,30,6,6,0,24,6,0,0,3,15
S01009886,85 and over,8,1,1,0,7,0,0,0,1,6
S01009887,All HRPs,490,129,100,29,361,224,24,26,58,29
S01009887,24 and under,40,5,1,4,35,33,2,0,0,0
S01009887,25 to 34,119,34,21,13,85,68,6,5,6,0
S01009887,35 to 49,205,56,47,9,149,98,13,11,22,5
S01009887,50 to 64,76,23,20,3,53,18,3,8,18,6
S01009887,65 to 74,28,6,6,0,22,5,0,2,10,5
S01009887,75 to 84,16,5,5,0,11,0,0,0,2,9
S01009887,85 and over,6,0,0,0,6,2,0,0,0,4
S01009888,All HRPs,280,112,91,21,168,91,22,15,26,14
S01009888,24 and under,14,7,2,5,7,7,0,0,0,0
S01009888,25 to 34,66,28,22,6,38,33,4,1,0,0
S01009888,35 to 49,120,49,42,7,71,36,12,9,14,0
S01009888,50 to 64,51,19,16,3,32,12,2,3,10,5
S01009888,65 to 74,13,6,6,0,7,0,2,2,0,3
S01009888,75 to 84,14,3,3,0,11,3,2,0,2,4
S01009888,85 and over,2,0,0,0,2,0,0,0,0,2
S01009889,All HRPs,370,124,90,34,246,146,14,20,33,33
S01009889,24 and under,15,2,1,1,13,13,0,0,0,0
S01009889,25 to 34,116,43,20,23,73,60,7,1,5,0
S01009889,35 to 49,123,47,40,7,76,43,4,15,12,2
S01009889,50 to 64,55,17,16,1,38,18,2,4,10,4
S01009889,65 to 74,25,9,7,2,16,6,0,0,5,5
S01009889,75 to 84,28,5,5,0,23,6,1,0,1,15
S01009889,85 and over,8,1,1,0,7,0,0,0,0,7
S01009890,All HRPs,278,88,58,30,190,110,19,19,28,14
S01009890,24 and under,25,10,1,9,15,13,0,2,0,0
S01009890,25 to 34,66,24,18,6,42,33,6,3,0,0
S01009890,35 to 49,111,29,18,11,82,52,9,9,11,1
S01009890,50 to 64,49,16,13,3,33,7,3,5,12,6
S01009890,65 to 74,19,7,7,0,12,5,0,0,2,5
S01009890,75 to 84,6,2,1,1,4,0,1,0,3,0
S01009890,85 and over,2,0,0,0,2,0,0,0,0,2
S01009891,All HRPs,430,124,93,31,306,174,8,21,59,44
S01009891,24 and under,33,11,6,5,22,22,0,0,0,0
S01009891,25 to 34,102,29,15,14,73,68,1,1,3,0
S01009891,35 to 49,115,30,23,7,85,57,5,14,9,0
S01009891,50 to 64,92,31,28,3,61,17,2,5,36,1
S01009891,65 to 74,40,12,11,1,28,5,0,1,10,12
S01009891,75 to 84,30,9,8,1,21,2,0,0,1,18
S01009891,85 and over,18,2,2,0,16,3,0,0,0,13
S01009892,All HRPs,468,133,91,42,335,183,13,27,71,41
S01009892,24 and under,13,3,1,2,10,10,0,0,0,0
S01009892,25 to 34,113,38,28,10,75,62,9,1,3,0
S01009892,35 to 49,164,42,21,21,122,83,3,15,18,3
S01009892,50 to 64,107,30,23,7,77,24,1,10,38,4
S01009892,65 to 74,43,15,14,1,28,2,0,1,9,16
S01009892,75 to 84,20,4,3,1,16,0,0,0,3,13
S01009892,85 and over,8,1,1,0,7,2,0,0,0,5
S01009893,All HRPs,420,129,82,47,291,200,8,20,44,19
S01009893,24 and under,32,4,0,4,28,28,0,0,0,0
S01009893,25 to 34,126,45,15,30,81,72,1,7,1,0
S01009893,35 to 49,138,46,36,10,92,65,2,7,18,0
S01009893,50 to 64,76,20,18,2,56,28,3,6,17,2
S01009893,65 to 74,29,10,9,1,19,5,1,0,5,8
S01009893,75 to 84,15,4,4,0,11,2,0,0,1,8
S01009893,85 and over,4,0,0,0,4,0,1,0,2,1
S01009894,All HRPs,476,121,94,27,355,206,4,30,53,62
S01009894,24 and under,17,1,1,0,16,16,0,0,0,0
S01009894,25 to 34,115,40,29,11,75,73,0,2,0,0
S01009894,35 to 49,139,27,21,6,112,77,3,12,18,2
S01009894,50 to 64,101,28,20,8,73,25,1,9,27,11
S01009894,65 to 74,49,12,10,2,37,9,0,5,7,16
S01009894,75 to 84,41,12,12,0,29,5,0,2,1,21
S01009894,85 and over,14,1,1,0,13,1,0,0,0,12
S01009895,All HRPs,408,106,77,29,302,155,17,25,71,34
S01009895,24 and under,12,4,0,4,8,8,0,0,0,0
S01009895,25 to 34,61,20,10,10,41,36,2,2,1,0
S01009895,35 to 49,170,46,34,12,124,74,13,11,23,3
S01009895,50 to 64,109,26,24,2,83,24,2,10,33,14
S01009895,65 to 74,34,7,6,1,27,8,0,2,10,7
S01009895,75 to 84,17,2,2,0,15,5,0,0,3,7
S01009895,85 and over,5,1,1,0,4,0,0,0,1,3
S01009896,All HRPs,470,134,100,34,336,175,3,49,69,40
S01009896,24 and under,13,1,1,0,12,9,0,3,0,0
S01009896,25 to 34,81,27,19,8,54,49,0,4,1,0
S01009896,35 to 49,158,50,38,12,108,75,1,14,15,3
S01009896,50 to 64,136,41,32,9,95,33,1,20,36,5
S01009896,65 to 74,49,8,5,3,41,4,0,8,13,16
S01009896,75 to 84,26,5,4,1,21,4,1,0,4,12
S01009896,85 and over,7,2,1,1,5,1,0,0,0,4
S01009897,All HRPs,497,188,136,52,309,150,17,23,49,70
S01009897,24 and under,23,8,3,5,15,15,0,0,0,0
S01009897,25 to 34,106,46,22,24,60,50,8,1,1,0
S01009897,35 to 49,124,54,38,16,70,42,7,7,14,0
S01009897,50 to 64,105,43,38,5,62,22,1,10,23,6
S01009897,65 to 74,57,21,20,1,36,7,0,5,7,17
S01009897,75 to 84,55,11,11,0,44,9,1,0,4,30
S01009897,85 and over,27,5,4,1,22,5,0,0,0,17
S01009898,All HRPs,259,93,81,12,166,76,5,25,27,33
S01009898,24 and under,7,0,0,0,7,7,0,0,0,0
S01009898,25 to 34,28,12,8,4,16,11,1,4,0,0
S01009898,35 to 49,74,32,27,5,42,24,1,8,9,0
S01009898,50 to 64,72,23,23,0,49,17,1,9,15,7
S01009898,65 to 74,32,14,12,2,18,8,0,2,2,6
S01009898,75 to 84,35,9,8,1,26,8,1,2,1,14
S01009898,85 and over,11,3,3,0,8,1,1,0,0,6
S01009899,All HRPs,464,154,91,63,310,205,6,14,38,47
S01009899,24 and under,15,4,2,2,11,11,0,0,0,0
S01009899,25 to 34,165,71,28,43,94,87,2,4,1,0
S01009899,35 to 49,128,39,25,14,89,76,0,4,8,1
S01009899,50 to 64,76,26,23,3,50,19,3,3,20,5
S01009899,65 to 74,34,9,8,1,25,6,1,2,7,9
S01009899,75 to 84,26,3,3,0,23,2,0,1,1,19
S01009899,85 and over,20,2,2,0,18,4,0,0,1,13
S01009900,All HRPs,499,166,83,83,333,247,2,21,42,21
S01009900,24 and under,22,6,1,5,16,16,0,0,0,0
S01009900,25 to 34,180,73,29,44,107,106,0,1,0,0
S01009900,35 to 49,177,55,26,29,122,97,1,8,16,0
S01009900,50 to 64,86,22,18,4,64,23,0,10,20,11
S01009900,65 to 74,13,5,4,1,8,3,0,0,4,1
S01009900,75 to 84,19,5,5,0,14,1,1,2,2,8
S01009900,85 and over,2,0,0,0,2,1,0,0,0,1
S01009901,All HRPs,456,201,94,107,255,173,7,24,32,19
S01009901,24 and under,15,7,0,7,8,8,0,0,0,0
S01009901,25 to 34,169,88,27,61,81,74,2,3,2,0
S01009901,35 to 49,169,69,38,31,100,69,3,14,13,1
S01009901,50 to 64,61,26,19,7,35,15,1,3,15,1
S01009901,65 to 74,22,6,5,1,16,4,1,4,2,5
S01009901,75 to 84,12,3,3,0,9,2,0,0,0,7
S01009901,85 and over,8,2,2,0,6,1,0,0,0,5
S01009902,All HRPs,495,151,120,31,344,147,6,30,47,114
S01009902,24 and under,16,5,2,3,11,9,2,0,0,0
S01009902,25 to 34,49,21,16,5,28,27,0,0,1,0
S01009902,35 to 49,96,42,27,15,54,33,1,8,12,0
S01009902,50 to 64,141,50,44,6,91,42,2,13,24,10
S01009902,65 to 74,82,15,15,0,67,19,0,7,10,31
S01009902,75 to 84,64,16,14,2,48,9,1,2,0,36
S01009902,85 and over,47,2,2,0,45,8,0,0,0,37
S01009903,All HRPs,272,153,112,41,119,76,5,13,15,10
S01009903,24 and under,6,2,1,1,4,4,0,0,0,0
S01009903,25 to 34,73,35,20,15,38,32,2,3,1,0
S01009903,35 to 49,114,65,48,17,49,32,3,6,4,4
S01009903,50 to 64,56,39,32,7,17,4,0,3,7,3
S01009903,65 to 74,17,7,6,1,10,4,0,1,3,2
S01009903,75 to 84,4,3,3,0,1,0,0,0,0,1
S01009903,85 and over,2,2,2,0,0,0,0,0,0,0
S01009904,All HRPs,456,157,89,68,299,178,1,11,49,60
S01009904,24 and under,19,6,1,5,13,13,0,0,0,0
S01009904,25 to 34,128,58,19,39,70,66,0,1,3,0
S01009904,35 to 49,129,46,31,15,83,60,0,3,17,3
S01009904,50 to 64,80,35,26,9,45,21,0,5,17,2
S01009904,65 to 74,26,2,2,0,24,8,0,2,8,6
S01009904,75 to 84,38,9,9,0,29,7,0,0,4,18
S01009904,85 and over,36,1,1,0,35,3,1,0,0,31
S01009905,All HRPs,372,123,77,46,249,167,16,16,34,16
S01009905,24 and under,35,11,4,7,24,24,0,0,0,0
S01009905,25 to 34,110,41,21,20,69,62,1,5,1,0
S01009905,35 to 49,136,54,39,15,82,59,7,6,8,2
S01009905,50 to 64,60,12,9,3,48,17,6,4,19,2
S01009905,65 to 74,17,2,2,0,15,2,2,1,5,5
S01009905,75 to 84,12,3,2,1,9,3,0,0,0,6
S01009905,85 and over,2,0,0,0,2,0,0,0,1,1
S01009906,All HRPs,331,126,76,50,205,137,11,14,32,11
S01009906,24 and under,25,3,1,2,22,22,0,0,0,0
S01009906,25 to 34,104,42,15,27,62,51,5,3,3,0
S01009906,35 to 49,120,50,35,15,70,48,3,6,12,1
S01009906,50 to 64,56,20,15,5,36,10,3,3,13,7
S01009906,65 to 74,14,6,5,1,8,2,0,2,2,2
S01009906,75 to 84,12,5,5,0,7,4,0,0,2,1
S01009906,85 and over,0,0,0,0,0,0,0,0,0,0
S01009907,All HRPs,592,85,41,44,507,347,23,34,67,36
S01009907,24 and under,85,7,2,5,78,67,1,0,0,10
S01009907,25 to 34,190,31,10,21,159,135,16,7,1,0
S01009907,35 to 49,171,26,12,14,145,114,0,4,25,2
S01009907,50 to 64,105,18,15,3,87,23,5,21,33,5
S01009907,65 to 74,24,2,1,1,22,3,0,1,7,11
S01009907,75 to 84,12,0,0,0,12,4,1,1,1,5
S01009907,85 and over,5,1,1,0,4,1,0,0,0,3
S01009908,All HRPs,492,235,140,95,257,173,9,18,46,11
S01009908,24 and under,35,10,3,7,25,22,3,0,0,0
S01009908,25 to 34,123,72,28,44,51,48,0,3,0,0
S01009908,35 to 49,184,88,57,31,96,70,3,7,16,0
S01009908,50 to 64,108,49,38,11,59,22,3,8,25,1
S01009908,65 to 74,21,10,8,2,11,5,0,0,2,4
S01009908,75 to 84,16,6,6,0,10,4,0,0,2,4
S01009908,85 and over,5,0,0,0,5,2,0,0,1,2
S01009909,All HRPs,471,162,90,72,309,213,14,25,39,18
S01009909,24 and under,31,5,1,4,26,26,0,0,0,0
S01009909,25 to 34,159,63,30,33,96,86,8,1,1,0
S01009909,35 to 49,160,55,29,26,105,68,2,16,18,1
S01009909,50 to 64,79,29,22,7,50,22,4,6,14,4
S01009909,65 to 74,23,5,3,2,18,7,0,2,4,5
S01009909,75 to 84,11,5,5,0,6,2,0,0,2,2
S01009909,85 and over,8,0,0,0,8,2,0,0,0,6
S01009910,All HRPs,278,102,49,53,176,133,1,11,22,9
S01009910,24 and under,17,6,0,6,11,11,0,0,0,0
S01009910,25 to 34,102,37,13,24,65,65,0,0,0,0
S01009910,35 to 49,103,43,25,18,60,43,1,5,8,3
S01009910,50 to 64,39,12,7,5,27,9,0,3,12,3
S01009910,65 to 74,8,2,2,0,6,2,0,2,1,1
S01009910,75 to 84,8,2,2,0,6,2,0,1,1,2
S01009910,85 and over,1,0,0,0,1,1,0,0,0,0
S01009911,All HRPs,415,227,173,54,188,89,1,17,48,33
S01009911,24 and under,7,1,1,0,6,6,0,0,0,0
S01009911,25 to 34,56,37,21,16,19,18,0,1,0,0
S01009911,35 to 49,156,95,65,30,61,40,0,9,12,0
S01009911,50 to 64,124,67,59,8,57,16,1,7,28,5
S01009911,65 to 74,40,17,17,0,23,4,0,0,6,13
S01009911,75 to 84,24,8,8,0,16,5,0,0,2,9
S01009911,85 and over,8,2,2,0,6,0,0,0,0,6
S01009912,All HRPs,365,202,173,29,163,68,6,12,29,48
S01009912,24 and under,1,1,0,1,0,0,0,0,0,0
S01009912,25 to 34,31,14,8,6,17,13,4,0,0,0
S01009912,35 to 49,121,84,68,16,37,26,1,4,5,1
S01009912,50 to 64,101,68,63,5,33,15,1,4,8,5
S01009912,65 to 74,54,25,25,0,29,5,0,3,13,8
S01009912,75 to 84,42,6,5,1,36,8,0,1,2,25
S01009912,85 and over,15,4,4,0,11,1,0,0,1,9
S01009913,All HRPs,232,161,145,16,71,34,6,10,12,9
S01009913,24 and under,4,0,0,0,4,4,0,0,0,0
S01009913,25 to 34,30,17,10,7,13,9,3,0,1,0
S01009913,35 to 49,71,47,42,5,24,10,1,7,6,0
S01009913,50 to 64,92,73,69,4,19,7,2,3,4,3
S01009913,65 to 74,24,18,18,0,6,2,0,0,1,3
S01009913,75 to 84,8,4,4,0,4,1,0,0,0,3
S01009913,85 and over,3,2,2,0,1,1,0,0,0,0
S01009914,All HRPs,408,235,204,31,173,68,8,9,39,49
S01009914,24 and under,4,0,0,0,4,4,0,0,0,0
S01009914,25 to 34,30,15,11,4,15,13,1,1,0,0
S01009914,35 to 49,106,73,58,15,33,23,0,1,8,1
S01009914,50 to 64,141,84,76,8,57,15,7,7,23,5
S01009914,65 to 74,57,35,34,1,22,7,0,0,5,10
S01009914,75 to 84,58,27,24,3,31,6,0,0,2,23
S01009914,85 and over,12,1,1,0,11,0,0,0,1,10
S01009915,All HRPs,402,203,169,34,199,85,10,26,34,44
S01009915,24 and under,8,2,0,2,6,6,0,0,0,0
S01009915,25 to 34,48,24,16,8,24,20,0,1,3,0
S01009915,35 to 49,118,66,51,15,52,30,2,12,7,1
S01009915,50 to 64,129,73,66,7,56,20,4,9,19,4
S01009915,65 to 74,46,21,19,2,25,6,2,4,3,10
S01009915,75 to 84,34,15,15,0,19,2,0,0,2,15
S01009915,85 and over,19,2,2,0,17,1,2,0,0,14
S01009916,All HRPs,315,215,193,22,100,32,4,9,16,39
S01009916,24 and under,0,0,0,0,0,0,0,0,0,0
S01009916,25 to 34,25,21,18,3,4,3,1,0,0,0
S01009916,35 to 49,99,70,59,11,29,17,0,4,8,0
S01009916,50 to 64,103,77,70,7,26,6,0,4,7,9
S01009916,65 to 74,42,23,22,1,19,4,3,1,0,11
S01009916,75 to 84,35,19,19,0,16,1,0,0,1,14
S01009916,85 and over,11,5,5,0,6,1,0,0,0,5
S01009917,All HRPs,331,171,130,41,160,82,5,4,24,45
S01009917,24 and under,2,0,0,0,2,2,0,0,0,0
S01009917,25 to 34,59,38,16,22,21,20,1,0,0,0
S01009917,35 to 49,99,61,51,10,38,30,0,2,5,1
S01009917,50 to 64,97,54,45,9,43,17,3,2,17,4
S01009917,65 to 74,29,7,7,0,22,7,0,0,1,14
S01009917,75 to 84,31,10,10,0,21,6,1,0,1,13
S01009917,85 and over,14,1,1,0,13,0,0,0,0,13
S01009918,All HRPs,277,185,156,29,92,46,2,7,12,25
S01009918,24 and under,4,1,0,1,3,3,0,0,0,0
S01009918,25 to 34,19,11,5,6,8,7,0,1,0,0
S01009918,35 to 49,82,58,42,16,24,19,1,2,2,0
S01009918,50 to 64,112,84,78,6,28,11,1,3,6,7
S01009918,65 to 74,36,23,23,0,13,3,0,1,3,6
S01009918,75 to 84,20,7,7,0,13,2,0,0,1,10
S01009918,85 and over,4,1,1,0,3,1,0,0,0,2
S01009919,All HRPs,587,195,130,65,392,226,6,33,52,75
S01009919,24 and under,28,10,5,5,18,18,0,0,0,0
S01009919,25 to 34,171,85,35,50,86,78,1,7,0,0
S01009919,35 to 49,127,35,28,7,92,62,3,8,15,4
S01009919,50 to 64,113,25,22,3,88,45,1,15,21,6
S01009919,65 to 74,66,22,22,0,44,16,1,2,10,15
S01009919,75 to 84,58,15,15,0,43,6,0,1,4,32
S01009919,85 and over,24,3,3,0,21,1,0,0,2,18
S01009920,All HRPs,519,179,73,106,340,240,3,17,47,33
S01009920,24 and under,26,12,1,11,14,14,0,0,0,0
S01009920,25 to 34,198,97,25,72,101,100,0,0,1,0
S01009920,35 to 49,149,35,17,18,114,87,3,4,20,0
S01009920,50 to 64,79,20,15,5,59,23,0,12,17,7
S01009920,65 to 74,29,8,8,0,21,4,0,1,7,9
S01009920,75 to 84,22,6,6,0,16,8,0,0,1,7
S01009920,85 and over,16,1,1,0,15,4,0,0,1,10
S01009921,All HRPs,398,136,53,83,262,189,2,21,33,17
S01009921,24 and under,21,9,0,9,12,12,0,0,0,0
S01009921,25 to 34,150,65,15,50,85,79,1,4,1,0
S01009921,35 to 49,124,43,21,22,81,63,0,9,8,1
S01009921,50 to 64,64,12,10,2,52,26,1,6,17,2
S01009921,65 to 74,24,4,4,0,20,6,0,2,5,7
S01009921,75 to 84,13,3,3,0,10,3,0,0,2,5
S01009921,85 and over,2,0,0,0,2,0,0,0,0,2
S01009922,All HRPs,619,193,106,87,426,309,6,26,47,38
S01009922,24 and under,25,6,0,6,19,19,0,0,0,0
S01009922,25 to 34,254,94,35,59,160,152,4,1,3,0
S01009922,35 to 49,160,45,26,19,115,88,1,11,15,0
S01009922,50 to 64,109,29,26,3,80,36,0,12,22,10
S01009922,65 to 74,33,12,12,0,21,9,0,2,4,6
S01009922,75 to 84,24,5,5,0,19,3,1,0,2,13
S01009922,85 and over,14,2,2,0,12,2,0,0,1,9
S01009923,All HRPs,566,139,78,61,427,272,5,24,80,46
S01009923,24 and under,25,3,1,2,22,22,0,0,0,0
S01009923,25 to 34,145,45,13,32,100,95,2,2,1,0
S01009923,35 to 49,162,44,26,18,118,101,1,2,13,1
S01009923,50 to 64,125,29,23,6,96,36,2,15,34,9
S01009923,65 to 74,56,10,9,1,46,11,0,5,17,13
S01009923,75 to 84,47,7,5,2,40,7,0,0,13,20
S01009923,85 and over,6,1,1,0,5,0,0,0,2,3
S01009924,All HRPs,581,175,98,77,406,275,9,22,60,40
S01009924,24 and under,31,5,0,5,26,26,0,0,0,0
S01009924,25 to 34,213,70,25,45,143,124,4,7,8,0
S01009924,35 to 49,160,59,36,23,101,78,2,10,11,0
S01009924,50 to 64,101,30,26,4,71,32,3,2,29,5
S01009924,65 to 74,37,5,5,0,32,10,0,1,10,11
S01009924,75 to 84,27,5,5,0,22,4,0,1,2,15
S01009924,85 and over,12,1,1,0,11,1,0,1,0,9
S01009925,All HRPs,408,132,55,77,276,221,2,14,24,15
S01009925,24 and under,30,6,0,6,24,24,0,0,0,0
S01009925,25 to 34,176,72,20,52,104,101,0,2,1,0
S01009925,35 to 49,126,34,19,15,92,72,2,4,13,1
S01009925,50 to 64,50,15,12,3,35,16,0,7,7,5
S01009925,65 to 74,9,4,4,0,5,3,0,1,1,0
S01009925,75 to 84,11,1,0,1,10,4,0,0,2,4
S01009925,85 and over,6,0,0,0,6,1,0,0,0,5
S01009926,All HRPs,375,156,91,65,219,136,4,15,33,31
S01009926,24 and under,13,5,0,5,8,7,0,1,0,0
S01009926,25 to 34,105,55,18,37,50,47,1,2,0,0
S01009926,35 to 49,131,56,35,21,75,59,2,5,8,1
S01009926,50 to 64,55,22,21,1,33,11,1,4,15,2
S01009926,65 to 74,25,7,6,1,18,3,0,1,9,5
S01009926,75 to 84,35,8,8,0,27,6,0,2,1,18
S01009926,85 and over,11,3,3,0,8,3,0,0,0,5
S01009927,All HRPs,278,104,67,37,174,85,6,14,38,31
S01009927,24 and under,9,2,0,2,7,7,0,0,0,0
S01009927,25 to 34,66,27,10,17,39,32,2,0,5,0
S01009927,35 to 49,76,33,22,11,43,29,2,3,9,0
S01009927,50 to 64,55,23,18,5,32,7,2,5,15,3
S01009927,65 to 74,32,9,9,0,23,4,0,4,7,8
S01009927,75 to 84,31,10,8,2,21,3,0,2,2,14
S01009927,85 and over,9,0,0,0,9,3,0,0,0,6
S01009928,All HRPs,429,194,129,65,235,142,4,17,53,19
S01009928,24 and under,6,4,0,4,2,2,0,0,0,0
S01009928,25 to 34,94,42,21,21,52,52,0,0,0,0
S01009928,35 to 49,153,78,46,32,75,50,1,7,16,1
S01009928,50 to 64,126,55,47,8,71,29,2,9,25,6
S01009928,65 to 74,33,11,11,0,22,5,1,1,8,7
S01009928,75 to 84,13,3,3,0,10,3,0,0,4,3
S01009928,85 and over,4,1,1,0,3,1,0,0,0,2
S01009929,All HRPs,234,129,102,27,105,49,5,12,7,32
S01009929,24 and under,6,1,0,1,5,5,0,0,0,0
S01009929,25 to 34,30,18,9,9,12,12,0,0,0,0
S01009929,35 to 49,74,50,39,11,24,17,1,5,1,0
S01009929,50 to 64,60,39,35,4,21,7,2,5,5,2
S01009929,65 to 74,28,11,10,1,17,3,1,2,1,10
S01009929,75 to 84,26,6,5,1,20,3,1,0,0,16
S01009929,85 and over,10,4,4,0,6,2,0,0,0,4
S01009930,All HRPs,460,196,93,103,264,175,4,26,34,25
S01009930,24 and under,17,6,0,6,11,11,0,0,0,0
S01009930,25 to 34,171,79,14,65,92,89,0,1,2,0
S01009930,35 to 49,130,69,42,27,61,46,0,7,6,2
S01009930,50 to 64,85,31,27,4,54,19,1,12,20,2
S01009930,65 to 74,29,7,6,1,22,5,2,6,3,6
S01009930,75 to 84,21,3,3,0,18,4,1,0,2,11
S01009930,85 and over,7,1,1,0,6,1,0,0,1,4
S01009931,All HRPs,463,175,76,99,288,212,7,23,31,15
S01009931,24 and under,25,11,0,11,14,14,0,0,0,0
S01009931,25 to 34,179,83,25,58,96,90,3,2,1,0
S01009931,35 to 49,146,51,29,22,95,73,1,13,8,0
S01009931,50 to 64,75,21,14,7,54,24,2,7,17,4
S01009931,65 to 74,22,4,4,0,18,9,1,0,4,4
S01009931,75 to 84,13,4,3,1,9,1,0,1,1,6
S01009931,85 and over,3,1,1,0,2,1,0,0,0,1
S01009932,All HRPs,374,142,65,77,232,149,4,9,42,28
S01009932,24 and under,21,5,0,5,16,16,0,0,0,0
S01009932,25 to 34,127,73,21,52,54,51,0,3,0,0
S01009932,35 to 49,110,36,21,15,74,56,1,2,15,0
S01009932,50 to 64,57,19,15,4,38,11,2,4,18,3
S01009932,65 to 74,27,6,6,0,21,6,0,0,7,8
S01009932,75 to 84,18,2,2,0,16,7,1,0,1,7
S01009932,85 and over,14,1,0,1,13,2,0,0,1,10
S01009933,All HRPs,534,122,87,35,412,243,6,42,80,41
S01009933,24 and under,22,4,0,4,18,17,0,1,0,0
S01009933,25 to 34,126,38,25,13,88,78,1,7,2,0
S01009933,35 to 49,192,42,29,13,150,106,4,20,17,3
S01009933,50 to 64,114,23,20,3,91,28,1,12,47,3
S01009933,65 to 74,43,10,8,2,33,10,0,1,9,13
S01009933,75 to 84,24,2,2,0,22,1,0,1,4,16
S01009933,85 and over,13,3,3,0,10,3,0,0,1,6
S01009934,All HRPs,436,205,144,61,231,131,8,23,27,42
S01009934,24 and under,19,4,1,3,15,15,0,0,0,0
S01009934,25 to 34,112,60,30,30,52,47,0,5,0,0
S01009934,35 to 49,132,74,54,20,58,38,5,9,4,2
S01009934,50 to 64,91,48,41,7,43,11,2,7,17,6
S01009934,65 to 74,29,11,10,1,18,6,1,2,3,6
S01009934,75 to 84,39,7,7,0,32,13,0,0,1,18
S01009934,85 and over,14,1,1,0,13,1,0,0,2,10
S01009935,All HRPs,386,67,47,20,319,137,6,24,64,88
S01009935,24 and under,6,0,0,0,6,5,1,0,0,0
S01009935,25 to 34,36,8,2,6,28,24,0,3,1,0
S01009935,35 to 49,92,12,6,6,80,57,2,8,13,0
S01009935,50 to 64,98,19,14,5,79,30,2,7,28,12
S01009935,65 to 74,59,12,11,1,47,8,0,4,15,20
S01009935,75 to 84,75,16,14,2,59,11,1,2,7,38
S01009935,85 and over,20,0,0,0,20,2,0,0,0,18
S01009936,All HRPs,397,91,53,38,306,171,2,32,56,45
S01009936,24 and under,22,5,0,5,17,17,0,0,0,0
S01009936,25 to 34,73,27,11,16,46,43,1,1,1,0
S01009936,35 to 49,111,31,18,13,80,63,1,6,10,0
S01009936,50 to 64,107,22,18,4,85,37,0,15,30,3
S01009936,65 to 74,49,5,5,0,44,10,0,7,12,15
S01009936,75 to 84,25,1,1,0,24,1,0,3,3,17
S01009936,85 and over,10,0,0,0,10,0,0,0,0,10
S01009937,All HRPs,266,56,49,7,210,91,12,26,28,53
S01009937,24 and under,17,3,0,3,14,9,3,2,0,0
S01009937,25 to 34,36,9,6,3,27,15,4,6,2,0
S01009937,35 to 49,73,19,18,1,54,29,1,15,5,4
S01009937,50 to 64,54,13,13,0,41,16,3,3,14,5
S01009937,65 to 74,30,5,5,0,25,10,0,0,6,9
S01009937,75 to 84,37,6,6,0,31,9,0,0,1,21
S01009937,85 and over,19,1,1,0,18,3,1,0,0,14
S01009938,All HRPs,570,144,107,37,426,178,8,37,101,102
S01009938,24 and under,15,0,0,0,15,14,0,1,0,0
S01009938,25 to 34,71,22,7,15,49,43,0,3,3,0
S01009938,35 to 49,104,39,26,13,65,45,1,7,12,0
S01009938,50 to 64,154,41,33,8,113,31,4,15,53,10
S01009938,65 to 74,106,22,21,1,84,24,0,7,29,24
S01009938,75 to 84,86,15,15,0,71,18,3,3,4,43
S01009938,85 and over,34,5,5,0,29,3,0,1,0,25
S01009939,All HRPs,521,86,46,40,435,287,16,51,61,20
S01009939,24 and under,66,8,1,7,58,54,0,4,0,0
S01009939,25 to 34,118,22,4,18,96,92,1,2,1,0
S01009939,35 to 49,213,34,23,11,179,109,13,32,24,1
S01009939,50 to 64,79,15,11,4,64,26,1,10,23,4
S01009939,65 to 74,26,5,5,0,21,4,0,2,11,4
S01009939,75 to 84,16,2,2,0,14,2,0,1,2,9
S01009939,85 and over,3,0,0,0,3,0,1,0,0,2
S01009940,All HRPs,438,116,86,30,322,149,2,31,79,61
S01009940,24 and under,17,4,0,4,13,13,0,0,0,0
S01009940,25 to 34,62,12,6,6,50,45,1,3,1,0
S01009940,35 to 49,108,27,16,11,81,49,0,10,21,1
S01009940,50 to 64,145,45,37,8,100,36,1,14,38,11
S01009940,65 to 74,72,24,23,1,48,5,0,4,16,23
S01009940,75 to 84,30,4,4,0,26,1,0,0,2,23
S01009940,85 and over,4,0,0,0,4,0,0,0,1,3
S01009941,All HRPs,320,234,214,20,86,30,5,18,18,15
S01009941,24 and under,6,3,1,2,3,2,1,0,0,0
S01009941,25 to 34,43,26,23,3,17,12,2,3,0,0
S01009941,35 to 49,147,115,107,8,32,8,1,12,9,2
S01009941,50 to 64,95,74,67,7,21,7,1,3,6,4
S01009941,65 to 74,19,11,11,0,8,1,0,0,2,5
S01009941,75 to 84,9,4,4,0,5,0,0,0,1,4
S01009941,85 and over,1,1,1,0,0,0,0,0,0,0
S01009942,All HRPs,486,153,115,38,333,152,7,30,67,77
S01009942,24 and under,24,7,0,7,17,17,0,0,0,0
S01009942,25 to 34,68,25,14,11,43,39,0,3,1,0
S01009942,35 to 49,155,51,35,16,104,62,2,17,19,4
S01009942,50 to 64,116,33,29,4,83,27,3,10,31,12
S01009942,65 to 74,68,20,20,0,48,3,2,0,12,31
S01009942,75 to 84,47,14,14,0,33,4,0,0,4,25
S01009942,85 and over,8,3,3,0,5,0,0,0,0,5
S01009943,All HRPs,424,129,99,30,295,147,1,24,58,65
S01009943,24 and under,20,4,1,3,16,16,0,0,0,0
S01009943,25 to 34,65,18,6,12,47,43,0,4,0,0
S01009943,35 to 49,110,37,24,13,73,46,0,10,15,2
S01009943,50 to 64,118,37,35,2,81,29,0,7,31,14
S01009943,65 to 74,73,25,25,0,48,9,0,3,10,26
S01009943,75 to 84,31,8,8,0,23,3,1,0,1,18
S01009943,85 and over,7,0,0,0,7,1,0,0,1,5
S01009944,All HRPs,344,142,118,24,202,81,5,17,47,52
S01009944,24 and under,14,1,1,0,13,12,1,0,0,0
S01009944,25 to 34,48,21,8,13,27,25,0,1,1,0
S01009944,35 to 49,83,40,32,8,43,17,2,4,18,2
S01009944,50 to 64,94,43,41,2,51,19,2,7,20,3
S01009944,65 to 74,52,22,22,0,30,3,0,5,7,15
S01009944,75 to 84,38,14,13,1,24,4,0,0,1,19
S01009944,85 and over,15,1,1,0,14,1,0,0,0,13
S01009945,All HRPs,500,135,94,41,365,168,4,31,65,97
S01009945,24 and under,27,3,0,3,24,24,0,0,0,0
S01009945,25 to 34,88,27,10,17,61,54,0,1,6,0
S01009945,35 to 49,134,41,28,13,93,58,1,11,17,6
S01009945,50 to 64,109,34,28,6,75,14,1,15,32,13
S01009945,65 to 74,53,14,12,2,39,8,0,3,9,19
S01009945,75 to 84,63,14,14,0,49,4,1,1,1,42
S01009945,85 and over,26,2,2,0,24,6,1,0,0,17
S01009946,All HRPs,348,156,118,38,192,70,3,26,42,51
S01009946,24 and under,8,2,1,1,6,6,0,0,0,0
S01009946,25 to 34,37,19,9,10,18,11,1,5,1,0
S01009946,35 to 49,109,54,37,17,55,26,1,10,18,0
S01009946,50 to 64,101,50,42,8,51,15,0,10,13,13
S01009946,65 to 74,50,19,17,2,31,7,1,1,7,15
S01009946,75 to 84,32,12,12,0,20,3,0,0,3,14
S01009946,85 and over,11,0,0,0,11,2,0,0,0,9
S01009947,All HRPs,266,115,89,26,151,65,5,12,23,46
S01009947,24 and under,4,0,0,0,4,3,1,0,0,0
S01009947,25 to 34,36,19,8,11,17,15,0,1,1,0
S01009947,35 to 49,67,28,16,12,39,23,2,5,7,2
S01009947,50 to 64,76,38,35,3,38,15,1,4,9,9
S01009947,65 to 74,43,16,16,0,27,6,0,2,5,14
S01009947,75 to 84,29,11,11,0,18,2,1,0,1,14
S01009947,85 and over,11,3,3,0,8,1,0,0,0,7
S01009948,All HRPs,431,116,87,29,315,121,6,39,74,75
S01009948,24 and under,14,3,1,2,11,11,0,0,0,0
S01009948,25 to 34,50,19,10,9,31,24,1,6,0,0
S01009948,35 to 49,122,31,23,8,91,47,3,15,23,3
S01009948,50 to 64,111,34,28,6,77,24,1,11,33,8
S01009948,65 to 74,69,19,16,3,50,9,1,6,12,22
S01009948,75 to 84,44,10,9,1,34,5,0,1,5,23
S01009948,85 and over,21,0,0,0,21,1,0,0,1,19
S01009949,All HRPs,368,142,111,31,226,85,6,26,45,64
S01009949,24 and under,7,1,0,1,6,6,0,0,0,0
S01009949,25 to 34,54,25,14,11,29,23,2,3,1,0
S01009949,35 to 49,100,45,31,14,55,30,1,10,13,1
S01009949,50 to 64,94,37,34,3,57,17,3,12,20,5
S01009949,65 to 74,52,18,16,2,34,4,0,1,9,20
S01009949,75 to 84,45,11,11,0,34,4,0,0,1,29
S01009949,85 and over,16,5,5,0,11,1,0,0,1,9
S01009950,All HRPs,256,187,170,17,69,19,1,6,7,36
S01009950,24 and under,2,1,0,1,1,1,0,0,0,0
S01009950,25 to 34,17,15,11,4,2,2,0,0,0,0
S01009950,35 to 49,70,60,53,7,10,4,1,3,2,0
S01009950,50 to 64,95,74,69,5,21,6,0,3,4,8
S01009950,65 to 74,35,27,27,0,8,3,0,0,1,4
S01009950,75 to 84,30,8,8,0,22,1,0,0,0,21
S01009950,85 and over,7,2,2,0,5,2,0,0,0,3
S01009951,All HRPs,259,200,189,11,59,22,5,6,5,21
S01009951,24 and under,3,0,0,0,3,3,0,0,0,0
S01009951,25 to 34,10,8,6,2,2,2,0,0,0,0
S01009951,35 to 49,76,64,58,6,12,5,1,3,2,1
S01009951,50 to 64,107,88,86,2,19,9,4,2,3,1
S01009951,65 to 74,36,28,27,1,8,2,0,1,0,5
S01009951,75 to 84,20,10,10,0,10,1,0,0,0,9
S01009951,85 and over,7,2,2,0,5,0,0,0,0,5
S01009952,All HRPs,311,183,155,28,128,35,6,10,20,57
S01009952,24 and under,1,1,0,1,0,0,0,0,0,0
S01009952,25 to 34,23,21,11,10,2,2,0,0,0,0
S01009952,35 to 49,91,64,53,11,27,16,1,6,3,1
S01009952,50 to 64,87,68,63,5,19,9,0,2,7,1
S01009952,65 to 74,43,20,20,0,23,5,2,0,5,11
S01009952,75 to 84,44,8,7,1,36,1,2,2,5,26
S01009952,85 and over,22,1,1,0,21,2,1,0,0,18
S01009953,All HRPs,358,219,181,38,139,56,3,14,25,41
S01009953,24 and under,4,1,0,1,3,3,0,0,0,0
S01009953,25 to 34,44,34,19,15,10,10,0,0,0,0
S01009953,35 to 49,100,58,42,16,42,24,1,4,8,5
S01009953,50 to 64,114,76,70,6,38,11,2,10,12,3
S01009953,65 to 74,50,31,31,0,19,5,0,0,5,9
S01009953,75 to 84,35,17,17,0,18,3,0,0,0,15
S01009953,85 and over,11,2,2,0,9,0,0,0,0,9
S01009954,All HRPs,214,148,134,14,66,35,1,6,13,11
S01009954,24 and under,5,1,0,1,4,4,0,0,0,0
S01009954,25 to 34,18,10,8,2,8,8,0,0,0,0
S01009954,35 to 49,69,55,47,8,14,7,0,3,3,1
S01009954,50 to 64,74,55,53,2,19,10,0,1,5,3
S01009954,65 to 74,37,21,20,1,16,5,1,2,4,4
S01009954,75 to 84,9,6,6,0,3,0,0,0,1,2
S01009954,85 and over,2,0,0,0,2,1,0,0,0,1
S01009955,All HRPs,447,196,161,35,251,122,6,14,37,72
S01009955,24 and under,4,1,0,1,3,3,0,0,0,0
S01009955,25 to 34,57,19,7,12,38,35,2,1,0,0
S01009955,35 to 49,135,69,55,14,66,46,1,2,12,5
S01009955,50 to 64,117,65,58,7,52,21,2,8,14,7
S01009955,65 to 74,54,23,22,1,31,5,0,3,8,15
S01009955,75 to 84,53,14,14,0,39,7,1,0,3,28
S01009955,85 and over,27,5,5,0,22,5,0,0,0,17
S01009956,All HRPs,324,141,110,31,183,83,3,18,33,46
S01009956,24 and under,7,2,0,2,5,5,0,0,0,0
S01009956,25 to 34,59,24,11,13,35,30,2,2,1,0
S01009956,35 to 49,70,38,26,12,32,16,1,8,7,0
S01009956,50 to 64,98,48,44,4,50,21,0,7,18,4
S01009956,65 to 74,29,11,11,0,18,6,0,0,3,9
S01009956,75 to 84,42,14,14,0,28,5,0,1,4,18
S01009956,85 and over,19,4,4,0,15,0,0,0,0,15
S01009957,All HRPs,294,205,187,18,89,33,2,9,16,29
S01009957,24 and under,1,0,0,0,1,1,0,0,0,0
S01009957,25 to 34,20,13,9,4,7,7,0,0,0,0
S01009957,35 to 49,86,67,60,7,19,12,0,4,3,0
S01009957,50 to 64,107,82,76,6,25,6,1,4,10,4
S01009957,65 to 74,39,27,26,1,12,2,0,1,1,8
S01009957,75 to 84,28,12,12,0,16,4,0,0,2,10
S01009957,85 and over,13,4,4,0,9,1,1,0,0,7
S01009958,All HRPs,371,247,207,40,124,56,3,14,18,33
S01009958,24 and under,2,1,0,1,1,1,0,0,0,0
S01009958,25 to 34,41,26,16,10,15,15,0,0,0,0
S01009958,35 to 49,131,98,74,24,33,20,1,6,5,1
S01009958,50 to 64,116,79,74,5,37,16,2,6,10,3
S01009958,65 to 74,42,30,30,0,12,1,0,2,3,6
S01009958,75 to 84,25,8,8,0,17,2,0,0,0,15
S01009958,85 and over,14,5,5,0,9,1,0,0,0,8
S01009959,All HRPs,288,165,151,14,123,32,4,10,23,54
S01009959,24 and under,4,0,0,0,4,4,0,0,0,0
S01009959,25 to 34,16,9,7,2,7,3,0,1,3,0
S01009959,35 to 49,59,46,40,6,13,7,0,2,4,0
S01009959,50 to 64,102,68,63,5,34,7,0,6,10,11
S01009959,65 to 74,35,17,17,0,18,5,2,0,2,9
S01009959,75 to 84,54,21,20,1,33,5,0,1,4,23
S01009959,85 and over,18,4,4,0,14,1,2,0,0,11
S01009960,All HRPs,395,206,188,18,189,50,5,9,26,99
S01009960,24 and under,4,2,0,2,2,2,0,0,0,0
S01009960,25 to 34,32,22,13,9,10,9,0,1,0,0
S01009960,35 to 49,79,56,52,4,23,13,0,5,4,1
S01009960,50 to 64,104,79,77,2,25,4,3,2,13,3
S01009960,65 to 74,48,27,27,0,21,8,0,1,4,8
S01009960,75 to 84,79,15,14,1,64,9,2,0,2,51
S01009960,85 and over,49,5,5,0,44,5,0,0,3,36
S01009961,All HRPs,293,138,112,26,155,60,2,11,23,59
S01009961,24 and under,6,0,0,0,6,6,0,0,0,0
S01009961,25 to 34,28,19,8,11,9,8,0,1,0,0
S01009961,35 to 49,69,36,27,9,33,20,0,3,7,3
S01009961,50 to 64,84,52,48,4,32,13,1,2,12,4
S01009961,65 to 74,50,17,17,0,33,8,1,3,4,17
S01009961,75 to 84,37,11,10,1,26,3,0,0,0,23
S01009961,85 and over,19,3,2,1,16,2,0,2,0,12
S01009962,All HRPs,599,186,113,73,413,247,13,32,65,56
S01009962,24 and under,25,10,1,9,15,15,0,0,0,0
S01009962,25 to 34,142,59,18,41,83,75,1,2,5,0
S01009962,35 to 49,196,45,27,18,151,110,3,15,21,2
S01009962,50 to 64,119,37,32,5,82,28,3,12,30,9
S01009962,65 to 74,52,21,21,0,31,8,2,2,7,12
S01009962,75 to 84,48,12,12,0,36,8,3,1,2,22
S01009962,85 and over,17,2,2,0,15,3,1,0,0,11
S01009963,All HRPs,301,209,188,21,92,21,2,11,18,40
S01009963,24 and under,2,0,0,0,2,0,0,2,0,0
S01009963,25 to 34,25,20,14,6,5,5,0,0,0,0
S01009963,35 to 49,89,75,61,14,14,4,0,5,4,1
S01009963,50 to 64,100,76,75,1,24,7,1,4,9,3
S01009963,65 to 74,38,19,19,0,19,3,0,0,2,14
S01009963,75 to 84,32,14,14,0,18,1,1,0,3,13
S01009963,85 and over,15,5,5,0,10,1,0,0,0,9
S01009964,All HRPs,344,227,185,42,117,53,3,18,15,28
S01009964,24 and under,7,1,0,1,6,6,0,0,0,0
S01009964,25 to 34,43,28,17,11,15,15,0,0,0,0
S01009964,35 to 49,125,93,67,26,32,16,3,9,4,0
S01009964,50 to 64,103,70,67,3,33,7,0,9,11,6
S01009964,65 to 74,34,21,20,1,13,6,0,0,0,7
S01009964,75 to 84,20,12,12,0,8,0,0,0,0,8
S01009964,85 and over,12,2,2,0,10,3,0,0,0,7
S01009965,All HRPs,298,191,181,10,107,23,1,5,25,53
S01009965,24 and under,1,0,0,0,1,1,0,0,0,0
S01009965,25 to 34,12,9,7,2,3,1,0,2,0,0
S01009965,35 to 49,69,55,49,6,14,8,0,0,5,1
S01009965,50 to 64,109,80,78,2,29,7,0,3,11,8
S01009965,65 to 74,53,29,29,0,24,4,0,0,7,13
S01009965,75 to 84,38,14,14,0,24,0,1,0,1,22
S01009965,85 and over,16,4,4,0,12,2,0,0,1,9
S01009966,All HRPs,292,208,191,17,84,19,1,14,16,34
S01009966,24 and under,2,0,0,0,2,2,0,0,0,0
S01009966,25 to 34,20,18,9,9,2,1,0,1,0,0
S01009966,35 to 49,83,58,53,5,25,9,0,8,8,0
S01009966,50 to 64,117,94,91,3,23,5,0,3,7,8
S01009966,65 to 74,38,22,22,0,16,1,0,2,1,12
S01009966,75 to 84,25,12,12,0,13,0,1,0,0,12
S01009966,85 and over,7,4,4,0,3,1,0,0,0,2
S01009967,All HRPs,383,200,180,20,183,71,2,19,36,55
S01009967,24 and under,5,0,0,0,5,5,0,0,0,0
S01009967,25 to 34,27,15,9,6,12,11,1,0,0,0
S01009967,35 to 49,107,60,48,12,47,28,0,9,10,0
S01009967,50 to 64,131,76,75,1,55,19,0,7,19,10
S01009967,65 to 74,56,29,29,0,27,6,1,3,5,12
S01009967,75 to 84,43,14,13,1,29,2,0,0,1,26
S01009967,85 and over,14,6,6,0,8,0,0,0,1,7
S01009968,All HRPs,232,153,142,11,79,18,2,7,16,36
S01009968,24 and under,1,0,0,0,1,1,0,0,0,0
S01009968,25 to 34,11,6,4,2,5,5,0,0,0,0
S01009968,35 to 49,62,44,36,8,18,8,0,5,4,1
S01009968,50 to 64,87,70,69,1,17,2,1,2,6,6
S01009968,65 to 74,31,17,17,0,14,2,0,0,5,7
S01009968,75 to 84,24,9,9,0,15,0,0,0,1,14
S01009968,85 and over,16,7,7,0,9,0,1,0,0,8
S01009969,All HRPs,364,207,187,20,157,45,2,12,30,68
S01009969,24 and under,2,0,0,0,2,2,0,0,0,0
S01009969,25 to 34,16,10,5,5,6,5,0,0,0,1
S01009969,35 to 49,106,74,65,9,32,18,0,6,4,4
S01009969,50 to 64,113,68,62,6,45,11,1,4,20,9
S01009969,65 to 74,68,38,38,0,30,4,1,2,5,18
S01009969,75 to 84,40,14,14,0,26,5,0,0,1,20
S01009969,85 and over,19,3,3,0,16,0,0,0,0,16
S01009970,All HRPs,476,110,77,33,366,173,5,38,64,86
S01009970,24 and under,21,5,3,2,16,15,0,0,1,0
S01009970,25 to 34,89,20,12,8,69,60,1,6,0,2
S01009970,35 to 49,133,31,18,13,102,67,1,12,22,0
S01009970,50 to 64,106,35,27,8,71,20,0,15,27,9
S01009970,65 to 74,52,13,11,2,39,9,0,4,9,17
S01009970,75 to 84,52,4,4,0,48,2,3,1,4,38
S01009970,85 and over,23,2,2,0,21,0,0,0,1,20
S01009971,All HRPs,488,199,147,52,289,137,2,36,55,59
S01009971,24 and under,21,5,1,4,16,16,0,0,0,0
S01009971,25 to 34,59,24,11,13,35,33,0,0,2,0
S01009971,35 to 49,201,82,63,19,119,67,0,20,24,8
S01009971,50 to 64,123,61,49,12,62,17,1,12,23,9
S01009971,65 to 74,60,23,19,4,37,2,1,3,2,29
S01009971,75 to 84,21,4,4,0,17,2,0,1,3,11
S01009971,85 and over,3,0,0,0,3,0,0,0,1,2
S01009972,All HRPs,364,180,140,40,184,61,2,15,40,66
S01009972,24 and under,9,1,0,1,8,8,0,0,0,0
S01009972,25 to 34,63,37,19,18,26,23,0,1,2,0
S01009972,35 to 49,95,54,39,15,41,18,0,7,13,3
S01009972,50 to 64,93,57,51,6,36,6,2,5,18,5
S01009972,65 to 74,37,15,15,0,22,1,0,2,7,12
S01009972,75 to 84,45,16,16,0,29,4,0,0,0,25
S01009972,85 and over,22,0,0,0,22,1,0,0,0,21
S01009973,All HRPs,283,150,127,23,133,64,0,13,28,28
S01009973,24 and under,7,1,0,1,6,6,0,0,0,0
S01009973,25 to 34,33,18,12,6,15,12,0,2,0,1
S01009973,35 to 49,111,63,55,8,48,34,0,6,6,2
S01009973,50 to 64,99,57,51,6,42,11,0,3,18,10
S01009973,65 to 74,22,9,7,2,13,0,0,2,0,11
S01009973,75 to 84,10,2,2,0,8,1,0,0,4,3
S01009973,85 and over,1,0,0,0,1,0,0,0,0,1
S01009974,All HRPs,294,81,51,30,213,100,4,19,52,38
S01009974,24 and under,17,3,0,3,14,14,0,0,0,0
S01009974,25 to 34,50,20,9,11,30,26,1,2,1,0
S01009974,35 to 49,82,16,6,10,66,43,0,6,14,3
S01009974,50 to 64,87,31,27,4,56,9,2,8,29,8
S01009974,65 to 74,26,7,6,1,19,6,0,3,5,5
S01009974,75 to 84,26,4,3,1,22,2,1,0,3,16
S01009974,85 and over,6,0,0,0,6,0,0,0,0,6
S01009975,All HRPs,398,89,64,25,309,149,1,31,60,68
S01009975,24 and under,12,1,0,1,11,11,0,0,0,0
S01009975,25 to 34,42,6,0,6,36,35,0,1,0,0
S01009975,35 to 49,124,33,21,12,91,65,1,16,7,2
S01009975,50 to 64,111,34,30,4,77,24,0,8,34,11
S01009975,65 to 74,66,9,9,0,57,5,0,6,18,28
S01009975,75 to 84,32,4,4,0,28,8,0,0,1,19
S01009975,85 and over,11,2,0,2,9,1,0,0,0,8
S01009976,All HRPs,255,68,42,26,187,95,1,17,41,33
S01009976,24 and under,13,2,0,2,11,11,0,0,0,0
S01009976,25 to 34,41,18,5,13,23,20,0,2,1,0
S01009976,35 to 49,90,20,13,7,70,47,0,7,13,3
S01009976,50 to 64,70,21,17,4,49,17,1,6,19,6
S01009976,65 to 74,29,5,5,0,24,0,0,2,8,14
S01009976,75 to 84,9,2,2,0,7,0,0,0,0,7
S01009976,85 and over,3,0,0,0,3,0,0,0,0,3
S01009977,All HRPs,555,107,74,33,448,171,8,58,122,89
S01009977,24 and under,9,1,0,1,8,8,0,0,0,0
S01009977,25 to 34,49,10,3,7,39,33,1,2,2,1
S01009977,35 to 49,139,23,13,10,116,73,2,18,23,0
S01009977,50 to 64,193,41,32,9,152,41,3,30,64,14
S01009977,65 to 74,103,21,15,6,82,14,0,7,21,40
S01009977,75 to 84,57,9,9,0,48,2,2,1,11,32
S01009977,85 and over,5,2,2,0,3,0,0,0,1,2
S01009978,All HRPs,444,143,96,47,301,171,2,31,59,38
S01009978,24 and under,22,5,1,4,17,17,0,0,0,0
S01009978,25 to 34,70,22,11,11,48,43,0,3,2,0
S01009978,35 to 49,171,58,38,20,113,73,1,14,22,3
S01009978,50 to 64,132,48,38,10,84,33,1,12,33,5
S01009978,65 to 74,25,6,5,1,19,5,0,2,2,10
S01009978,75 to 84,23,4,3,1,19,0,0,0,0,19
S01009978,85 and over,1,0,0,0,1,0,0,0,0,1
S01009979,All HRPs,258,69,55,14,189,71,1,18,59,40
S01009979,24 and under,12,1,0,1,11,10,0,0,1,0
S01009979,25 to 34,18,2,0,2,16,13,0,1,2,0
S01009979,35 to 49,66,19,12,7,47,30,0,8,9,0
S01009979,50 to 64,90,30,26,4,60,14,0,7,32,7
S01009979,65 to 74,43,14,14,0,29,2,0,1,11,15
S01009979,75 to 84,25,3,3,0,22,2,1,1,4,14
S01009979,85 and over,4,0,0,0,4,0,0,0,0,4
S01009980,All HRPs,250,73,55,18,177,83,1,15,35,43
S01009980,24 and under,10,2,0,2,8,8,0,0,0,0
S01009980,25 to 34,27,3,0,3,24,23,0,0,1,0
S01009980,35 to 49,82,24,17,7,58,36,0,10,11,1
S01009980,50 to 64,73,30,25,5,43,13,1,4,18,7
S01009980,65 to 74,35,8,7,1,27,3,0,1,5,18
S01009980,75 to 84,20,6,6,0,14,0,0,0,0,14
S01009980,85 and over,3,0,0,0,3,0,0,0,0,3
S01009981,All HRPs,303,94,64,30,209,103,1,16,55,34
S01009981,24 and under,9,4,0,4,5,5,0,0,0,0
S01009981,25 to 34,48,19,7,12,29,26,0,3,0,0
S01009981,35 to 49,108,31,23,8,77,51,0,7,18,1
S01009981,50 to 64,74,26,21,5,48,14,0,4,23,7
S01009981,65 to 74,31,9,8,1,22,4,1,2,6,9
S01009981,75 to 84,29,5,5,0,24,3,0,0,8,13
S01009981,85 and over,4,0,0,0,4,0,0,0,0,4
S01009982,All HRPs,428,167,118,49,261,140,2,50,43,26
S01009982,24 and under,23,5,2,3,18,18,0,0,0,0
S01009982,25 to 34,87,32,16,16,55,47,0,7,0,1
S01009982,35 to 49,165,66,53,13,99,59,1,25,13,1
S01009982,50 to 64,106,50,36,14,56,14,0,13,21,8
S01009982,65 to 74,35,12,9,3,23,1,1,4,8,9
S01009982,75 to 84,12,2,2,0,10,1,0,1,1,7
S01009982,85 and over,0,0,0,0,0,0,0,0,0,0
S01009983,All HRPs,289,49,31,18,240,136,5,32,37,30
S01009983,24 and under,33,3,1,2,30,30,0,0,0,0
S01009983,25 to 34,69,12,6,6,57,46,1,5,3,2
S01009983,35 to 49,105,21,15,6,84,44,4,19,14,3
S01009983,50 to 64,57,9,5,4,48,14,0,7,18,9
S01009983,65 to 74,17,4,4,0,13,1,0,1,2,9
S01009983,75 to 84,4,0,0,0,4,1,0,0,0,3
S01009983,85 and over,4,0,0,0,4,0,0,0,0,4
S01009984,All HRPs,350,134,87,47,216,113,4,23,43,33
S01009984,24 and under,20,5,0,5,15,15,0,0,0,0
S01009984,25 to 34,81,26,18,8,55,49,2,3,1,0
S01009984,35 to 49,123,60,38,22,63,34,1,9,11,8
S01009984,50 to 64,85,35,25,10,50,12,0,7,24,7
S01009984,65 to 74,29,7,5,2,22,2,0,4,6,10
S01009984,75 to 84,11,1,1,0,10,1,0,0,1,8
S01009984,85 and over,1,0,0,0,1,0,1,0,0,0
S01009985,All HRPs,270,79,44,35,191,121,3,16,38,13
S01009985,24 and under,25,7,1,6,18,18,0,0,0,0
S01009985,25 to 34,59,15,3,12,44,39,1,3,1,0
S01009985,35 to 49,102,25,14,11,77,53,2,10,10,2
S01009985,50 to 64,56,22,18,4,34,8,0,2,24,0
S01009985,65 to 74,19,8,7,1,11,2,0,1,2,6
S01009985,75 to 84,6,2,1,1,4,0,0,0,1,3
S01009985,85 and over,3,0,0,0,3,1,0,0,0,2
S01009986,All HRPs,280,69,52,17,211,103,1,21,47,39
S01009986,24 and under,20,2,0,2,18,18,0,0,0,0
S01009986,25 to 34,28,9,4,5,19,17,0,1,1,0
S01009986,35 to 49,84,15,8,7,69,47,0,8,14,0
S01009986,50 to 64,81,22,22,0,59,13,0,10,28,8
S01009986,65 to 74,36,13,10,3,23,7,1,2,3,10
S01009986,75 to 84,26,7,7,0,19,1,0,0,1,17
S01009986,85 and over,5,1,1,0,4,0,0,0,0,4
S01009987,All HRPs,472,144,112,32,328,105,4,41,60,118
S01009987,24 and under,6,1,0,1,5,5,0,0,0,0
S01009987,25 to 34,44,20,8,12,24,20,1,3,0,0
S01009987,35 to 49,103,39,27,12,64,41,0,14,8,1
S01009987,50 to 64,132,51,46,5,81,24,0,16,33,8
S01009987,65 to 74,68,20,19,1,48,6,0,6,13,23
S01009987,75 to 84,87,11,10,1,76,8,2,0,5,61
S01009987,85 and over,32,2,2,0,30,1,1,2,1,25
S01009988,All HRPs,270,71,49,22,199,78,2,17,47,55
S01009988,24 and under,5,2,0,2,3,3,0,0,0,0
S01009988,25 to 34,26,8,0,8,18,16,0,1,1,0
S01009988,35 to 49,65,15,9,6,50,37,0,4,9,0
S01009988,50 to 64,78,27,21,6,51,14,1,11,21,4
S01009988,65 to 74,46,11,11,0,35,4,0,1,11,19
S01009988,75 to 84,34,5,5,0,29,3,1,0,5,20
S01009988,85 and over,16,3,3,0,13,1,0,0,0,12
S01009989,All HRPs,354,152,112,40,202,83,5,20,36,58
S01009989,24 and under,12,3,1,2,9,9,0,0,0,0
S01009989,25 to 34,52,26,10,16,26,22,1,3,0,0
S01009989,35 to 49,109,46,32,14,63,34,2,10,14,3
S01009989,50 to 64,95,52,44,8,43,15,1,5,17,5
S01009989,65 to 74,37,14,14,0,23,1,1,2,2,17
S01009989,75 to 84,40,10,10,0,30,2,0,0,1,27
S01009989,85 and over,9,1,1,0,8,0,0,0,2,6
S01009990,All HRPs,302,139,107,32,163,82,4,18,28,31
S01009990,24 and under,9,0,0,0,9,9,0,0,0,0
S01009990,25 to 34,79,30,11,19,49,46,1,1,1,0
S01009990,35 to 49,97,48,36,12,49,20,0,13,15,1
S01009990,50 to 64,67,34,33,1,33,5,1,3,12,12
S01009990,65 to 74,26,21,21,0,5,0,0,0,0,5
S01009990,75 to 84,14,5,5,0,9,1,2,0,0,6
S01009990,85 and over,10,1,1,0,9,1,0,1,0,7
S01009991,All HRPs,333,158,116,42,175,90,5,28,31,21
S01009991,24 and under,19,3,0,3,16,16,0,0,0,0
S01009991,25 to 34,67,32,10,22,35,29,0,6,0,0
S01009991,35 to 49,119,52,38,14,67,36,4,13,14,0
S01009991,50 to 64,85,50,48,2,35,7,0,8,16,4
S01009991,65 to 74,22,13,12,1,9,2,0,0,1,6
S01009991,75 to 84,16,8,8,0,8,0,1,1,0,6
S01009991,85 and over,5,0,0,0,5,0,0,0,0,5
S01009992,All HRPs,330,98,70,28,232,99,2,20,49,62
S01009992,24 and under,13,6,0,6,7,7,0,0,0,0
S01009992,25 to 34,32,11,2,9,21,18,1,0,2,0
S01009992,35 to 49,84,27,19,8,57,44,1,1,11,0
S01009992,50 to 64,92,27,23,4,65,18,0,12,28,7
S01009992,65 to 74,55,15,14,1,40,9,0,6,7,18
S01009992,75 to 84,37,12,12,0,25,3,0,1,1,20
S01009992,85 and over,17,0,0,0,17,0,0,0,0,17
S01009993,All HRPs,349,185,132,53,164,62,0,30,43,29
S01009993,24 and under,8,6,1,5,2,2,0,0,0,0
S01009993,25 to 34,79,46,21,25,33,24,0,5,3,1
S01009993,35 to 49,115,60,39,21,55,29,0,10,15,1
S01009993,50 to 64,89,46,46,0,43,4,0,14,18,7
S01009993,65 to 74,37,17,15,2,20,2,0,1,6,11
S01009993,75 to 84,18,8,8,0,10,1,0,0,1,8
S01009993,85 and over,3,2,2,0,1,0,0,0,0,1
S01009994,All HRPs,302,143,106,37,159,88,1,14,30,26
S01009994,24 and under,17,5,2,3,12,12,0,0,0,0
S01009994,25 to 34,57,28,14,14,29,26,0,3,0,0
S01009994,35 to 49,115,60,45,15,55,38,1,7,9,0
S01009994,50 to 64,72,32,29,3,40,10,0,4,20,6
S01009994,65 to 74,21,13,12,1,8,2,0,0,1,5
S01009994,75 to 84,15,4,4,0,11,0,0,0,0,11
S01009994,85 and over,5,1,0,1,4,0,0,0,0,4
S01009995,All HRPs,269,140,102,38,129,55,2,18,34,20
S01009995,24 and under,12,8,1,7,4,4,0,0,0,0
S01009995,25 to 34,51,25,9,16,26,18,0,5,3,0
S01009995,35 to 49,88,52,41,11,36,25,0,3,8,0
S01009995,50 to 64,80,40,37,3,40,5,1,8,19,7
S01009995,65 to 74,22,14,13,1,8,2,0,2,1,3
S01009995,75 to 84,14,1,1,0,13,1,1,0,3,8
S01009995,85 and over,2,0,0,0,2,0,0,0,0,2
S01009996,All HRPs,310,141,112,29,169,73,2,32,24,38
S01009996,24 and under,14,2,0,2,12,12,0,0,0,0
S01009996,25 to 34,73,34,16,18,39,31,0,6,2,0
S01009996,35 to 49,96,46,38,8,50,22,2,15,10,1
S01009996,50 to 64,76,48,47,1,28,4,0,7,8,9
S01009996,65 to 74,24,7,7,0,17,3,0,3,2,9
S01009996,75 to 84,12,3,3,0,9,0,0,1,2,6
S01009996,85 and over,15,1,1,0,14,1,0,0,0,13
S01009997,All HRPs,251,126,91,35,125,64,1,9,32,19
S01009997,24 and under,10,0,0,0,10,10,0,0,0,0
S01009997,25 to 34,56,34,15,19,22,20,0,2,0,0
S01009997,35 to 49,79,39,27,12,40,20,0,5,14,1
S01009997,50 to 64,63,36,32,4,27,7,0,2,14,4
S01009997,65 to 74,20,8,8,0,12,5,0,0,3,4
S01009997,75 to 84,16,6,6,0,10,1,1,0,1,7
S01009997,85 and over,7,3,3,0,4,1,0,0,0,3
S01009998,All HRPs,246,153,140,13,93,35,1,7,6,44
S01009998,24 and under,1,1,1,0,0,0,0,0,0,0
S01009998,25 to 34,19,13,7,6,6,6,0,0,0,0
S01009998,35 to 49,55,40,37,3,15,9,1,4,0,1
S01009998,50 to 64,78,56,52,4,22,7,0,2,4,9
S01009998,65 to 74,43,21,21,0,22,3,0,1,2,16
S01009998,75 to 84,41,17,17,0,24,8,0,0,0,16
S01009998,85 and over,9,5,5,0,4,2,0,0,0,2
S01009999,All HRPs,285,176,164,12,109,32,6,16,23,32
S01009999,24 and under,5,1,0,1,4,4,0,0,0,0
S01009999,25 to 34,25,11,7,4,14,8,0,3,2,1
S01009999,35 to 49,80,55,50,5,25,7,1,9,8,0
S01009999,50 to 64,87,64,63,1,23,6,3,2,9,3
S01009999,65 to 74,44,28,27,1,16,1,1,2,3,9
S01009999,75 to 84,33,14,14,0,19,5,0,0,1,13
S01009999,85 and over,11,3,3,0,8,1,1,0,0,6
S01010000,All HRPs,269,132,100,32,137,72,1,15,29,20
S01010000,24 and under,13,4,0,4,9,9,0,0,0,0
S01010000,25 to 34,61,32,18,14,29,26,0,2,1,0
S01010000,35 to 49,87,39,30,9,48,25,0,11,12,0
S01010000,50 to 64,76,42,38,4,34,10,1,1,12,10
S01010000,65 to 74,20,9,8,1,11,2,0,1,3,5
S01010000,75 to 84,8,6,6,0,2,0,0,0,0,2
S01010000,85 and over,4,0,0,0,4,0,0,0,1,3
S01010001,All HRPs,332,170,134,36,162,76,2,14,36,34
S01010001,24 and under,9,1,0,1,8,8,0,0,0,0
S01010001,25 to 34,65,38,23,15,27,23,0,1,1,2
S01010001,35 to 49,108,58,43,15,50,27,0,8,15,0
S01010001,50 to 64,80,53,48,5,27,5,0,5,14,3
S01010001,65 to 74,28,9,9,0,19,8,1,0,2,8
S01010001,75 to 84,26,10,10,0,16,2,1,0,1,12
S01010001,85 and over,16,1,1,0,15,3,0,0,3,9
S01010002,All HRPs,336,166,135,31,170,69,5,22,34,40
S01010002,24 and under,14,3,0,3,11,11,0,0,0,0
S01010002,25 to 34,47,23,12,11,24,17,1,5,1,0
S01010002,35 to 49,116,57,44,13,59,30,2,11,15,1
S01010002,50 to 64,96,64,61,3,32,9,2,6,12,3
S01010002,65 to 74,33,14,13,1,19,1,0,0,4,14
S01010002,75 to 84,27,5,5,0,22,1,0,0,2,19
S01010002,85 and over,3,0,0,0,3,0,0,0,0,3
S01010003,All HRPs,279,178,156,22,101,46,1,13,17,24
S01010003,24 and under,6,1,0,1,5,5,0,0,0,0
S01010003,25 to 34,25,13,11,2,12,10,0,2,0,0
S01010003,35 to 49,86,58,47,11,28,19,1,5,3,0
S01010003,50 to 64,100,71,63,8,29,12,0,3,7,7
S01010003,65 to 74,45,26,26,0,19,0,0,3,6,10
S01010003,75 to 84,16,9,9,0,7,0,0,0,1,6
S01010003,85 and over,1,0,0,0,1,0,0,0,0,1
S01010004,All HRPs,273,192,174,18,81,27,3,5,7,39
S01010004,24 and under,2,0,0,0,2,2,0,0,0,0
S01010004,25 to 34,15,10,7,3,5,4,0,1,0,0
S01010004,35 to 49,69,58,51,7,11,9,0,0,2,0
S01010004,50 to 64,99,81,73,8,18,6,1,3,3,5
S01010004,65 to 74,36,19,19,0,17,4,1,1,1,10
S01010004,75 to 84,42,19,19,0,23,2,1,0,1,19
S01010004,85 and over,10,5,5,0,5,0,0,0,0,5
S01010005,All HRPs,488,115,66,49,373,239,3,26,53,52
S01010005,24 and under,36,4,0,4,32,31,1,0,0,0
S01010005,25 to 34,118,44,18,26,74,72,0,2,0,0
S01010005,35 to 49,164,31,18,13,133,100,2,14,16,1
S01010005,50 to 64,90,20,16,4,70,27,0,9,28,6
S01010005,65 to 74,27,8,6,2,19,2,0,1,4,12
S01010005,75 to 84,30,5,5,0,25,4,0,0,5,16
S01010005,85 and over,23,3,3,0,20,3,0,0,0,17
S01010006,All HRPs,586,136,82,54,450,290,8,28,57,67
S01010006,24 and under,30,6,0,6,24,23,0,1,0,0
S01010006,25 to 34,185,52,17,35,133,127,0,4,2,0
S01010006,35 to 49,148,32,22,10,116,93,7,7,8,1
S01010006,50 to 64,110,27,24,3,83,29,0,12,35,7
S01010006,65 to 74,43,8,8,0,35,11,0,2,10,12
S01010006,75 to 84,47,10,10,0,37,5,0,2,2,28
S01010006,85 and over,23,1,1,0,22,2,1,0,0,19
S01010007,All HRPs,429,230,194,36,199,105,4,13,29,48
S01010007,24 and under,15,5,1,4,10,10,0,0,0,0
S01010007,25 to 34,72,32,19,13,40,39,1,0,0,0
S01010007,35 to 49,121,79,65,14,42,27,1,6,8,0
S01010007,50 to 64,124,75,70,5,49,19,1,5,15,9
S01010007,65 to 74,33,18,18,0,15,4,0,1,2,8
S01010007,75 to 84,45,19,19,0,26,4,1,1,4,16
S01010007,85 and over,19,2,2,0,17,2,0,0,0,15
S01010008,All HRPs,410,99,54,45,311,204,6,27,44,30
S01010008,24 and under,18,5,1,4,13,13,0,0,0,0
S01010008,25 to 34,134,43,15,28,91,90,0,1,0,0
S01010008,35 to 49,121,21,12,9,100,67,4,13,16,0
S01010008,50 to 64,87,21,18,3,66,25,1,13,21,6
S01010008,65 to 74,22,6,6,0,16,4,0,0,6,6
S01010008,75 to 84,19,2,1,1,17,4,1,0,1,11
S01010008,85 and over,9,1,1,0,8,1,0,0,0,7
S01010009,All HRPs,416,82,37,45,334,256,1,23,40,14
S01010009,24 and under,30,5,0,5,25,25,0,0,0,0
S01010009,25 to 34,157,43,16,27,114,107,0,6,1,0
S01010009,35 to 49,129,22,11,11,107,91,1,5,9,1
S01010009,50 to 64,66,8,6,2,58,25,0,6,25,2
S01010009,65 to 74,13,3,3,0,10,4,0,3,3,0
S01010009,75 to 84,17,0,0,0,17,3,0,3,1,10
S01010009,85 and over,4,1,1,0,3,1,0,0,1,1
S01010010,All HRPs,451,260,223,37,191,95,4,16,34,42
S01010010,24 and under,9,5,1,4,4,4,0,0,0,0
S01010010,25 to 34,56,30,16,14,26,26,0,0,0,0
S01010010,35 to 49,144,84,73,11,60,34,2,10,14,0
S01010010,50 to 64,128,81,73,8,47,20,1,5,12,9
S01010010,65 to 74,53,31,31,0,22,5,0,1,5,11
S01010010,75 to 84,43,20,20,0,23,3,1,0,3,16
S01010010,85 and over,18,9,9,0,9,3,0,0,0,6
S01010011,All HRPs,544,120,62,58,424,250,4,28,71,71
S01010011,24 and under,21,3,0,3,18,18,0,0,0,0
S01010011,25 to 34,129,49,11,38,80,74,0,3,3,0
S01010011,35 to 49,120,24,11,13,96,85,2,3,6,0
S01010011,50 to 64,114,14,12,2,100,39,2,14,35,10
S01010011,65 to 74,74,12,11,1,62,21,0,5,21,15
S01010011,75 to 84,67,17,16,1,50,9,0,3,6,32
S01010011,85 and over,19,1,1,0,18,4,0,0,0,14
S01010012,All HRPs,348,187,164,23,161,52,6,17,23,63
S01010012,24 and under,9,3,0,3,6,6,0,0,0,0
S01010012,25 to 34,34,18,12,6,16,13,1,2,0,0
S01010012,35 to 49,93,57,48,9,36,19,3,9,4,1
S01010012,50 to 64,108,70,67,3,38,9,1,6,12,10
S01010012,65 to 74,52,25,25,0,27,3,0,0,3,21
S01010012,75 to 84,43,12,10,2,31,1,1,0,1,28
S01010012,85 and over,9,2,2,0,7,1,0,0,3,3
S01010013,All HRPs,457,156,106,50,301,195,3,22,59,22
S01010013,24 and under,22,8,2,6,14,13,0,0,0,1
S01010013,25 to 34,120,43,23,20,77,71,1,4,1,0
S01010013,35 to 49,163,45,27,18,118,85,2,6,24,1
S01010013,50 to 64,77,35,30,5,42,15,0,9,16,2
S01010013,65 to 74,42,15,14,1,27,7,0,2,13,5
S01010013,75 to 84,28,9,9,0,19,3,0,1,4,11
S01010013,85 and over,5,1,1,0,4,1,0,0,1,2
S01010014,All HRPs,523,223,152,71,300,171,6,30,57,36
S01010014,24 and under,11,2,0,2,9,9,0,0,0,0
S01010014,25 to 34,90,42,17,25,48,45,0,3,0,0
S01010014,35 to 49,196,96,69,27,100,71,3,8,16,2
S01010014,50 to 64,138,60,46,14,78,37,1,16,20,4
S01010014,65 to 74,52,18,15,3,34,6,1,3,15,9
S01010014,75 to 84,25,5,5,0,20,3,1,0,3,13
S01010014,85 and over,11,0,0,0,11,0,0,0,3,8
S01010015,All HRPs,392,178,91,87,214,147,9,18,22,18
S01010015,24 and under,12,4,0,4,8,7,1,0,0,0
S01010015,25 to 34,137,71,29,42,66,64,0,2,0,0
S01010015,35 to 49,151,71,38,33,80,53,4,13,8,2
S01010015,50 to 64,61,26,18,8,35,16,3,2,11,3
S01010015,65 to 74,19,6,6,0,13,5,1,1,2,4
S01010015,75 to 84,9,0,0,0,9,2,0,0,1,6
S01010015,85 and over,3,0,0,0,3,0,0,0,0,3
S01010016,All HRPs,325,139,117,22,186,60,5,18,31,72
S01010016,24 and under,2,0,0,0,2,2,0,0,0,0
S01010016,25 to 34,33,18,11,7,15,13,0,1,1,0
S01010016,35 to 49,74,42,32,10,32,17,2,6,7,0
S01010016,50 to 64,87,44,41,3,43,17,0,6,11,9
S01010016,65 to 74,48,9,9,0,39,6,1,5,8,19
S01010016,75 to 84,64,24,22,2,40,1,2,0,3,34
S01010016,85 and over,17,2,2,0,15,4,0,0,1,10
S01010017,All HRPs,339,96,74,22,243,99,1,22,61,60
S01010017,24 and under,6,1,0,1,5,5,0,0,0,0
S01010017,25 to 34,41,10,7,3,31,25,0,5,1,0
S01010017,35 to 49,115,38,25,13,77,36,0,11,27,3
S01010017,50 to 64,75,23,19,4,52,20,0,3,24,5
S01010017,65 to 74,58,14,13,1,44,9,0,3,8,24
S01010017,75 to 84,32,8,8,0,24,4,0,0,1,19
S01010017,85 and over,12,2,2,0,10,0,1,0,0,9
S01010018,All HRPs,525,161,105,56,364,143,9,35,73,104
S01010018,24 and under,29,7,2,5,22,22,0,0,0,0
S01010018,25 to 34,85,44,15,29,41,30,3,6,2,0
S01010018,35 to 49,139,51,33,18,88,55,3,11,18,1
S01010018,50 to 64,107,25,22,3,82,22,2,15,33,10
S01010018,65 to 74,70,17,17,0,53,7,0,2,13,31
S01010018,75 to 84,66,14,13,1,52,6,0,1,6,39
S01010018,85 and over,29,3,3,0,26,1,1,0,1,23
S01010019,All HRPs,409,76,52,24,333,180,2,27,74,50
S01010019,24 and under,14,5,2,3,9,9,0,0,0,0
S01010019,25 to 34,59,11,5,6,48,45,1,0,0,2
S01010019,35 to 49,126,16,8,8,110,79,1,9,21,0
S01010019,50 to 64,104,18,13,5,86,31,0,13,34,8
S01010019,65 to 74,50,12,11,1,38,12,0,4,10,12
S01010019,75 to 84,48,12,11,1,36,4,0,1,9,22
S01010019,85 and over,8,2,2,0,6,0,0,0,0,6
S01010020,All HRPs,346,120,95,25,226,84,2,35,37,68
S01010020,24 and under,3,0,0,0,3,3,0,0,0,0
S01010020,25 to 34,24,10,2,8,14,13,0,1,0,0
S01010020,35 to 49,97,43,30,13,54,34,1,10,8,1
S01010020,50 to 64,99,34,33,1,65,20,1,18,22,4
S01010020,65 to 74,60,20,19,1,40,7,0,4,6,23
S01010020,75 to 84,52,12,10,2,40,6,0,2,1,31
S01010020,85 and over,11,1,1,0,10,1,0,0,0,9
S01010021,All HRPs,400,86,70,16,314,172,17,27,64,34
S01010021,24 and under,24,2,0,2,22,20,0,0,2,0
S01010021,25 to 34,83,20,15,5,63,46,8,4,1,4
S01010021,35 to 49,146,26,22,4,120,72,5,15,20,8
S01010021,50 to 64,87,27,22,5,60,24,0,6,26,4
S01010021,65 to 74,38,5,5,0,33,7,2,1,13,10
S01010021,75 to 84,18,4,4,0,14,3,2,1,1,7
S01010021,85 and over,4,2,2,0,2,0,0,0,1,1
S01010022,All HRPs,468,148,96,52,320,201,4,20,56,39
S01010022,24 and under,25,1,1,0,24,23,0,1,0,0
S01010022,25 to 34,106,43,22,21,63,59,0,3,1,0
S01010022,35 to 49,140,51,29,22,89,72,2,6,9,0
S01010022,50 to 64,107,33,26,7,74,27,1,6,32,8
S01010022,65 to 74,57,14,13,1,43,15,1,3,12,12
S01010022,75 to 84,27,5,4,1,22,4,0,1,2,15
S01010022,85 and over,6,1,1,0,5,1,0,0,0,4
S01010023,All HRPs,387,69,39,30,318,139,1,33,63,82
S01010023,24 and under,10,2,0,2,8,7,0,1,0,0
S01010023,25 to 34,39,7,2,5,32,28,1,2,1,0
S01010023,35 to 49,94,16,6,10,78,57,0,8,12,1
S01010023,50 to 64,87,22,15,7,65,21,0,12,26,6
S01010023,65 to 74,82,15,13,2,67,13,0,9,19,26
S01010023,75 to 84,60,6,2,4,54,9,0,1,5,39
S01010023,85 and over,15,1,1,0,14,4,0,0,0,10
S01010024,All HRPs,402,99,60,39,303,179,6,29,54,35
S01010024,24 and under,22,2,0,2,20,19,0,1,0,0
S01010024,25 to 34,90,28,6,22,62,60,0,1,1,0
S01010024,35 to 49,126,35,26,9,91,58,2,10,21,0
S01010024,50 to 64,94,25,21,4,69,26,2,12,24,5
S01010024,65 to 74,44,8,6,2,36,16,0,3,6,11
S01010024,75 to 84,17,1,1,0,16,0,2,2,2,10
S01010024,85 and over,9,0,0,0,9,0,0,0,0,9
S01010025,All HRPs,316,62,40,22,254,141,9,21,49,34
S01010025,24 and under,16,1,0,1,15,14,1,0,0,0
S01010025,25 to 34,51,14,7,7,37,31,2,3,1,0
S01010025,35 to 49,107,21,14,7,86,63,3,8,12,0
S01010025,50 to 64,89,16,11,5,73,28,2,9,29,5
S01010025,65 to 74,24,4,3,1,20,1,0,0,6,13
S01010025,75 to 84,19,5,5,0,14,2,1,1,0,10
S01010025,85 and over,10,1,0,1,9,2,0,0,1,6
S01010026,All HRPs,492,131,77,54,361,217,10,32,71,31
S01010026,24 and under,33,5,0,5,28,27,0,1,0,0
S01010026,25 to 34,106,36,15,21,70,62,4,4,0,0
S01010026,35 to 49,190,54,35,19,136,86,4,11,30,5
S01010026,50 to 64,109,22,16,6,87,33,1,12,32,9
S01010026,65 to 74,27,8,6,2,19,7,0,0,7,5
S01010026,75 to 84,20,5,4,1,15,0,1,4,2,8
S01010026,85 and over,7,1,1,0,6,2,0,0,0,4
S01010027,All HRPs,483,114,68,46,369,239,5,24,50,51
S01010027,24 and under,53,8,2,6,45,44,0,0,1,0
S01010027,25 to 34,123,28,10,18,95,88,2,4,1,0
S01010027,35 to 49,143,43,28,15,100,78,1,4,15,2
S01010027,50 to 64,81,26,20,6,55,19,0,9,22,5
S01010027,65 to 74,43,6,5,1,37,4,2,6,7,18
S01010027,75 to 84,29,3,3,0,26,4,0,1,4,17
S01010027,85 and over,11,0,0,0,11,2,0,0,0,9
S01010028,All HRPs,381,85,56,29,296,144,3,29,54,66
S01010028,24 and under,17,4,0,4,13,13,0,0,0,0
S01010028,25 to 34,71,19,9,10,52,35,1,12,3,1
S01010028,35 to 49,104,27,15,12,77,53,1,9,13,1
S01010028,50 to 64,73,14,13,1,59,23,1,4,27,4
S01010028,65 to 74,51,7,6,1,44,15,0,2,5,22
S01010028,75 to 84,43,12,12,0,31,3,0,1,5,22
S01010028,85 and over,22,2,1,1,20,2,0,1,1,16
S01010029,All HRPs,398,87,65,22,311,136,3,34,53,85
S01010029,24 and under,12,2,0,2,10,10,0,0,0,0
S01010029,25 to 34,37,9,3,6,28,22,0,4,1,1
S01010029,35 to 49,92,22,13,9,70,47,0,8,13,2
S01010029,50 to 64,96,20,16,4,76,30,2,12,24,8
S01010029,65 to 74,81,21,20,1,60,15,0,5,10,30
S01010029,75 to 84,69,12,12,0,57,11,1,5,5,35
S01010029,85 and over,11,1,1,0,10,1,0,0,0,9
S01010030,All HRPs,429,149,83,66,280,178,9,23,41,29
S01010030,24 and under,32,9,0,9,23,23,0,0,0,0
S01010030,25 to 34,121,41,14,27,80,74,4,2,0,0
S01010030,35 to 49,146,57,34,23,89,59,2,11,15,2
S01010030,50 to 64,71,27,22,5,44,15,2,8,17,2
S01010030,65 to 74,34,10,8,2,24,6,0,1,5,12
S01010030,75 to 84,24,5,5,0,19,1,1,1,4,12
S01010030,85 and over,1,0,0,0,1,0,0,0,0,1
S01010031,All HRPs,423,103,51,52,320,265,12,16,21,6
S01010031,24 and under,93,9,0,9,84,83,0,1,0,0
S01010031,25 to 34,192,60,30,30,132,125,3,4,0,0
S01010031,35 to 49,79,16,8,8,63,42,6,7,7,1
S01010031,50 to 64,44,11,7,4,33,12,3,4,13,1
S01010031,65 to 74,10,5,5,0,5,1,0,0,1,3
S01010031,75 to 84,4,2,1,1,2,1,0,0,0,1
S01010031,85 and over,1,0,0,0,1,1,0,0,0,0
S01010032,All HRPs,298,89,33,56,209,179,14,2,12,2
S01010032,24 and under,75,14,1,13,61,61,0,0,0,0
S01010032,25 to 34,145,50,17,33,95,88,2,1,4,0
S01010032,35 to 49,58,18,9,9,40,24,10,1,5,0
S01010032,50 to 64,16,6,6,0,10,5,2,0,2,1
S01010032,65 to 74,3,1,0,1,2,0,0,0,1,1
S01010032,75 to 84,1,0,0,0,1,1,0,0,0,0
S01010032,85 and over,0,0,0,0,0,0,0,0,0,0
S01010033,All HRPs,503,139,101,38,364,228,13,21,51,51
S01010033,24 and under,35,3,1,2,32,32,0,0,0,0
S01010033,25 to 34,127,47,24,23,80,70,3,3,4,0
S01010033,35 to 49,163,57,48,9,106,81,5,6,14,0
S01010033,50 to 64,104,20,17,3,84,38,2,11,21,12
S01010033,65 to 74,34,8,7,1,26,5,2,1,7,11
S01010033,75 to 84,30,3,3,0,27,2,1,0,5,19
S01010033,85 and over,10,1,1,0,9,0,0,0,0,9
S01010034,All HRPs,498,115,73,42,383,178,10,28,70,97
S01010034,24 and under,25,7,1,6,18,18,0,0,0,0
S01010034,25 to 34,82,25,11,14,57,51,0,6,0,0
S01010034,35 to 49,112,26,13,13,86,62,2,8,13,1
S01010034,50 to 64,116,25,21,4,91,36,4,8,32,11
S01010034,65 to 74,87,21,18,3,66,5,1,4,19,37
S01010034,75 to 84,55,7,6,1,48,4,2,2,4,36
S01010034,85 and over,21,4,3,1,17,2,1,0,2,12
S01010035,All HRPs,401,81,44,37,320,197,10,34,50,29
S01010035,24 and under,39,6,0,6,33,30,1,2,0,0
S01010035,25 to 34,91,17,8,9,74,64,3,1,3,3
S01010035,35 to 49,147,34,17,17,113,74,4,18,17,0
S01010035,50 to 64,66,11,8,3,55,13,2,8,21,11
S01010035,65 to 74,33,10,8,2,23,12,0,2,7,2
S01010035,75 to 84,23,2,2,0,21,4,0,3,2,12
S01010035,85 and over,2,1,1,0,1,0,0,0,0,1
S01010036,All HRPs,423,82,39,43,341,304,17,5,14,1
S01010036,24 and under,169,13,1,12,156,155,0,1,0,0
S01010036,25 to 34,179,42,22,20,137,123,9,2,3,0
S01010036,35 to 49,58,21,13,8,37,24,6,1,6,0
S01010036,50 to 64,17,6,3,3,11,2,2,1,5,1
S01010036,65 to 74,0,0,0,0,0,0,0,0,0,0
S01010036,75 to 84,0,0,0,0,0,0,0,0,0,0
S01010036,85 and over,0,0,0,0,0,0,0,0,0,0
S01010037,All HRPs,376,103,79,24,273,123,2,25,49,74
S01010037,24 and under,15,2,1,1,13,13,0,0,0,0
S01010037,25 to 34,53,18,7,11,35,33,0,1,1,0
S01010037,35 to 49,85,24,16,8,61,48,0,4,8,1
S01010037,50 to 64,79,22,21,1,57,14,0,11,24,8
S01010037,65 to 74,66,18,17,1,48,7,0,7,10,24
S01010037,75 to 84,58,17,15,2,41,7,2,2,4,26
S01010037,85 and over,20,2,2,0,18,1,0,0,2,15
S01010038,All HRPs,568,143,92,51,425,226,10,34,78,77
S01010038,24 and under,58,8,0,8,50,50,0,0,0,0
S01010038,25 to 34,97,31,12,19,66,62,2,2,0,0
S01010038,35 to 49,140,35,24,11,105,61,2,17,24,1
S01010038,50 to 64,140,47,35,12,93,33,2,10,38,10
S01010038,65 to 74,58,14,14,0,44,8,0,5,9,22
S01010038,75 to 84,59,7,6,1,52,8,3,0,6,35
S01010038,85 and over,16,1,1,0,15,4,1,0,1,9
S01010039,All HRPs,593,141,56,85,452,384,6,15,32,15
S01010039,24 and under,170,20,1,19,150,150,0,0,0,0
S01010039,25 to 34,229,65,24,41,164,157,4,2,1,0
S01010039,35 to 49,125,40,21,19,85,66,2,9,8,0
S01010039,50 to 64,49,11,6,5,38,10,0,2,19,7
S01010039,65 to 74,11,2,2,0,9,1,0,2,3,3
S01010039,75 to 84,7,3,2,1,4,0,0,0,1,3
S01010039,85 and over,2,0,0,0,2,0,0,0,0,2
S01010040,All HRPs,415,136,79,57,279,182,15,18,46,18
S01010040,24 and under,28,5,0,5,23,22,0,0,0,1
S01010040,25 to 34,135,50,21,29,85,78,5,1,1,0
S01010040,35 to 49,135,45,29,16,90,61,3,10,15,1
S01010040,50 to 64,83,28,22,6,55,13,6,6,25,5
S01010040,65 to 74,23,6,5,1,17,7,1,1,4,4
S01010040,75 to 84,9,2,2,0,7,1,0,0,1,5
S01010040,85 and over,2,0,0,0,2,0,0,0,0,2
S01010041,All HRPs,451,91,39,52,360,261,16,17,46,20
S01010041,24 and under,68,8,0,8,60,59,1,0,0,0
S01010041,25 to 34,112,35,11,24,77,75,0,1,1,0
S01010041,35 to 49,152,25,11,14,127,96,9,10,11,1
S01010041,50 to 64,79,12,8,4,67,24,5,4,25,9
S01010041,65 to 74,23,6,4,2,17,5,0,2,7,3
S01010041,75 to 84,17,5,5,0,12,2,1,0,2,7
S01010041,85 and over,0,0,0,0,0,0,0,0,0,0
S01010042,All HRPs,621,174,79,95,447,333,12,32,53,17
S01010042,24 and under,96,16,0,16,80,80,0,0,0,0
S01010042,25 to 34,267,86,29,57,181,161,7,9,4,0
S01010042,35 to 49,145,43,25,18,102,66,2,16,17,1
S01010042,50 to 64,74,19,15,4,55,19,3,5,25,3
S01010042,65 to 74,24,7,7,0,17,1,0,2,6,8
S01010042,75 to 84,12,3,3,0,9,5,0,0,1,3
S01010042,85 and over,3,0,0,0,3,1,0,0,0,2
S01010043,All HRPs,451,99,58,41,352,205,4,35,69,39
S01010043,24 and under,29,7,1,6,22,22,0,0,0,0
S01010043,25 to 34,102,32,11,21,70,63,2,5,0,0
S01010043,35 to 49,145,17,9,8,128,88,1,16,19,4
S01010043,50 to 64,100,29,23,6,71,23,0,9,35,4
S01010043,65 to 74,38,7,7,0,31,3,0,4,14,10
S01010043,75 to 84,32,6,6,0,26,6,0,1,1,18
S01010043,85 and over,5,1,1,0,4,0,1,0,0,3
S01010044,All HRPs,649,186,113,73,463,269,11,32,75,76
S01010044,24 and under,52,17,2,15,35,35,0,0,0,0
S01010044,25 to 34,189,61,28,33,128,112,2,8,4,2
S01010044,35 to 49,144,37,21,16,107,76,1,8,18,4
S01010044,50 to 64,127,36,29,7,91,29,4,12,35,11
S01010044,65 to 74,78,20,19,1,58,12,4,3,14,25
S01010044,75 to 84,48,13,13,0,35,2,0,1,4,28
S01010044,85 and over,11,2,1,1,9,3,0,0,0,6
S01010045,All HRPs,258,55,38,17,203,91,3,31,32,46
S01010045,24 and under,18,1,0,1,17,16,0,1,0,0
S01010045,25 to 34,37,9,3,6,28,27,1,0,0,0
S01010045,35 to 49,67,12,6,6,55,29,0,13,11,2
S01010045,50 to 64,57,21,17,4,36,7,0,11,12,6
S01010045,65 to 74,44,9,9,0,35,9,2,4,7,13
S01010045,75 to 84,29,3,3,0,26,3,0,2,2,19
S01010045,85 and over,6,0,0,0,6,0,0,0,0,6
S01010046,All HRPs,431,109,69,40,322,190,4,20,61,47
S01010046,24 and under,22,3,1,2,19,19,0,0,0,0
S01010046,25 to 34,91,25,4,21,66,66,0,0,0,0
S01010046,35 to 49,122,25,15,10,97,62,0,8,26,1
S01010046,50 to 64,104,35,30,5,69,26,2,6,26,9
S01010046,65 to 74,55,15,13,2,40,10,2,5,9,14
S01010046,75 to 84,27,3,3,0,24,7,0,1,0,16
S01010046,85 and over,10,3,3,0,7,0,0,0,0,7
S01010047,All HRPs,471,95,66,29,376,173,4,49,83,67
S01010047,24 and under,12,1,0,1,11,11,0,0,0,0
S01010047,25 to 34,67,14,4,10,53,52,0,1,0,0
S01010047,35 to 49,142,33,24,9,109,64,1,22,19,3
S01010047,50 to 64,109,16,10,6,93,27,2,16,42,6
S01010047,65 to 74,73,20,17,3,53,13,0,10,14,16
S01010047,75 to 84,52,8,8,0,44,3,1,0,8,32
S01010047,85 and over,16,3,3,0,13,3,0,0,0,10
S01010048,All HRPs,551,124,91,33,427,216,9,43,73,86
S01010048,24 and under,42,7,2,5,35,34,0,0,0,1
S01010048,25 to 34,77,15,8,7,62,55,2,1,3,1
S01010048,35 to 49,132,35,23,12,97,64,4,12,13,4
S01010048,50 to 64,156,33,27,6,123,44,0,19,39,21
S01010048,65 to 74,72,22,20,2,50,12,2,10,10,16
S01010048,75 to 84,58,12,11,1,46,5,1,1,7,32
S01010048,85 and over,14,0,0,0,14,2,0,0,1,11
S01010049,All HRPs,395,77,55,22,318,163,6,30,59,60
S01010049,24 and under,27,1,0,1,26,26,0,0,0,0
S01010049,25 to 34,72,22,12,10,50,44,0,4,2,0
S01010049,35 to 49,124,26,16,10,98,66,3,13,13,3
S01010049,50 to 64,95,21,20,1,74,19,1,10,30,14
S01010049,65 to 74,36,7,7,0,29,4,1,1,10,13
S01010049,75 to 84,33,0,0,0,33,3,0,2,4,24
S01010049,85 and over,8,0,0,0,8,1,1,0,0,6
S01010050,All HRPs,540,110,65,45,430,241,3,40,85,61
S01010050,24 and under,32,7,0,7,25,25,0,0,0,0
S01010050,25 to 34,108,31,14,17,77,69,2,6,0,0
S01010050,35 to 49,145,25,7,18,120,92,0,12,12,4
S01010050,50 to 64,137,26,24,2,111,39,1,10,47,14
S01010050,65 to 74,53,8,7,1,45,10,0,8,15,12
S01010050,75 to 84,57,12,12,0,45,4,0,2,11,28
S01010050,85 and over,8,1,1,0,7,2,0,2,0,3
S01010051,All HRPs,431,71,54,17,360,175,12,24,74,75
S01010051,24 and under,13,2,0,2,11,10,0,0,1,0
S01010051,25 to 34,64,14,7,7,50,41,3,4,2,0
S01010051,35 to 49,111,13,10,3,98,65,3,6,18,6
S01010051,50 to 64,109,24,21,3,85,37,1,8,30,9
S01010051,65 to 74,65,9,8,1,56,14,3,5,17,17
S01010051,75 to 84,54,6,5,1,48,6,2,1,4,35
S01010051,85 and over,15,3,3,0,12,2,0,0,2,8
S01010052,All HRPs,372,74,44,30,298,168,4,32,59,35
S01010052,24 and under,22,5,0,5,17,16,0,0,1,0
S01010052,25 to 34,77,19,6,13,58,49,1,6,2,0
S01010052,35 to 49,123,19,10,9,104,67,3,13,20,1
S01010052,50 to 64,95,20,17,3,75,26,0,10,29,10
S01010052,65 to 74,27,6,6,0,21,4,0,2,6,9
S01010052,75 to 84,22,4,4,0,18,4,0,1,1,12
S01010052,85 and over,6,1,1,0,5,2,0,0,0,3
S01010053,All HRPs,384,124,78,46,260,133,3,21,62,41
S01010053,24 and under,41,11,1,10,30,30,0,0,0,0
S01010053,25 to 34,92,36,18,18,56,52,1,3,0,0
S01010053,35 to 49,111,28,14,14,83,41,1,12,27,2
S01010053,50 to 64,72,28,25,3,44,8,0,5,25,6
S01010053,65 to 74,39,14,13,1,25,2,0,0,8,15
S01010053,75 to 84,23,7,7,0,16,0,0,1,2,13
S01010053,85 and over,6,0,0,0,6,0,1,0,0,5
S01010054,All HRPs,248,63,43,20,185,109,2,21,35,18
S01010054,24 and under,10,1,0,1,9,9,0,0,0,0
S01010054,25 to 34,50,20,8,12,30,28,0,2,0,0
S01010054,35 to 49,90,20,15,5,70,53,1,7,8,1
S01010054,50 to 64,66,17,15,2,49,16,1,7,18,7
S01010054,65 to 74,22,4,4,0,18,2,0,4,6,6
S01010054,75 to 84,9,1,1,0,8,1,0,1,3,3
S01010054,85 and over,1,0,0,0,1,0,0,0,0,1
S01010055,All HRPs,457,143,100,43,314,171,6,29,60,48
S01010055,24 and under,30,10,1,9,20,17,0,0,3,0
S01010055,25 to 34,78,29,10,19,49,43,3,1,1,1
S01010055,35 to 49,148,37,29,8,111,72,1,10,24,4
S01010055,50 to 64,114,46,41,5,68,20,2,14,22,10
S01010055,65 to 74,46,12,12,0,34,11,0,4,8,11
S01010055,75 to 84,33,9,7,2,24,8,0,0,2,14
S01010055,85 and over,8,0,0,0,8,0,0,0,0,8
S01010056,All HRPs,214,59,37,22,155,83,1,19,32,20
S01010056,24 and under,8,0,0,0,8,8,0,0,0,0
S01010056,25 to 34,33,8,5,3,25,25,0,0,0,0
S01010056,35 to 49,77,25,11,14,52,35,0,5,12,0
S01010056,50 to 64,66,21,17,4,45,8,1,12,18,6
S01010056,65 to 74,22,5,4,1,17,6,0,2,1,8
S01010056,75 to 84,6,0,0,0,6,0,0,0,1,5
S01010056,85 and over,2,0,0,0,2,1,0,0,0,1
S01010057,All HRPs,216,57,36,21,159,99,1,9,19,31
S01010057,24 and under,18,0,0,0,18,18,0,0,0,0
S01010057,25 to 34,51,15,6,9,36,36,0,0,0,0
S01010057,35 to 49,62,23,13,10,39,29,1,4,4,1
S01010057,50 to 64,34,10,9,1,24,10,0,3,9,2
S01010057,65 to 74,17,5,4,1,12,2,0,1,3,6
S01010057,75 to 84,26,3,3,0,23,3,0,1,3,16
S01010057,85 and over,8,1,1,0,7,1,0,0,0,6
S01010058,All HRPs,355,100,61,39,255,146,6,23,54,26
S01010058,24 and under,18,3,0,3,15,15,0,0,0,0
S01010058,25 to 34,76,21,6,15,55,52,2,1,0,0
S01010058,35 to 49,130,37,23,14,93,58,3,8,23,1
S01010058,50 to 64,82,23,18,5,59,18,0,12,22,7
S01010058,65 to 74,30,14,12,2,16,1,0,2,8,5
S01010058,75 to 84,16,2,2,0,14,2,1,0,1,10
S01010058,85 and over,3,0,0,0,3,0,0,0,0,3
S01010059,All HRPs,371,102,51,51,269,176,7,22,35,29
S01010059,24 and under,44,8,3,5,36,36,0,0,0,0
S01010059,25 to 34,99,35,6,29,64,58,4,2,0,0
S01010059,35 to 49,110,22,10,12,88,61,0,8,17,2
S01010059,50 to 64,67,24,20,4,43,15,2,9,13,4
S01010059,65 to 74,22,7,6,1,15,2,1,3,3,6
S01010059,75 to 84,20,4,4,0,16,4,0,0,1,11
S01010059,85 and over,9,2,2,0,7,0,0,0,1,6
S01010060,All HRPs,493,135,85,50,358,205,7,26,67,53
S01010060,24 and under,23,1,0,1,22,22,0,0,0,0
S01010060,25 to 34,87,20,10,10,67,62,0,3,2,0
S01010060,35 to 49,156,49,21,28,107,78,2,7,19,1
S01010060,50 to 64,138,45,37,8,93,34,1,12,35,11
S01010060,65 to 74,42,10,9,1,32,6,2,3,5,16
S01010060,75 to 84,34,8,6,2,26,2,2,0,5,17
S01010060,85 and over,13,2,2,0,11,1,0,1,1,8
S01010061,All HRPs,253,106,58,48,147,89,6,11,22,19
S01010061,24 and under,22,2,0,2,20,20,0,0,0,0
S01010061,25 to 34,75,34,8,26,41,35,1,2,3,0
S01010061,35 to 49,81,39,28,11,42,27,2,5,8,0
S01010061,50 to 64,39,24,17,7,15,1,0,3,9,2
S01010061,65 to 74,16,6,4,2,10,0,2,1,2,5
S01010061,75 to 84,11,0,0,0,11,4,0,0,0,7
S01010061,85 and over,9,1,1,0,8,2,1,0,0,5
S01010062,All HRPs,344,127,95,32,217,113,3,19,37,45
S01010062,24 and under,17,5,0,5,12,12,0,0,0,0
S01010062,25 to 34,61,19,6,13,42,40,1,1,0,0
S01010062,35 to 49,101,40,30,10,61,35,1,10,13,2
S01010062,50 to 64,75,28,25,3,47,14,0,7,17,9
S01010062,65 to 74,37,18,17,1,19,6,0,1,4,8
S01010062,75 to 84,47,15,15,0,32,6,1,0,1,24
S01010062,85 and over,6,2,2,0,4,0,0,0,2,2
S01010063,All HRPs,546,123,70,53,423,236,7,40,88,52
S01010063,24 and under,46,5,0,5,41,40,0,1,0,0
S01010063,25 to 34,98,29,5,24,69,65,1,3,0,0
S01010063,35 to 49,160,34,19,15,126,96,2,10,18,0
S01010063,50 to 64,141,38,30,8,103,22,4,20,48,9
S01010063,65 to 74,56,10,9,1,46,5,0,3,18,20
S01010063,75 to 84,31,7,7,0,24,5,0,3,3,13
S01010063,85 and over,14,0,0,0,14,3,0,0,1,10
S01010064,All HRPs,264,101,68,33,163,76,7,21,26,33
S01010064,24 and under,11,2,1,1,9,9,0,0,0,0
S01010064,25 to 34,54,21,8,13,33,25,5,2,1,0
S01010064,35 to 49,73,31,20,11,42,25,1,12,4,0
S01010064,50 to 64,71,36,28,8,35,9,0,7,15,4
S01010064,65 to 74,16,3,3,0,13,4,0,0,4,5
S01010064,75 to 84,32,8,8,0,24,3,1,0,2,18
S01010064,85 and over,7,0,0,0,7,1,0,0,0,6
S01010065,All HRPs,413,121,99,22,292,134,4,29,51,74
S01010065,24 and under,12,0,0,0,12,12,0,0,0,0
S01010065,25 to 34,54,14,6,8,40,37,1,2,0,0
S01010065,35 to 49,95,26,19,7,69,38,1,14,14,2
S01010065,50 to 64,138,48,43,5,90,32,1,10,32,15
S01010065,65 to 74,53,21,21,0,32,9,0,3,3,17
S01010065,75 to 84,52,11,10,1,41,4,1,0,2,34
S01010065,85 and over,9,1,0,1,8,2,0,0,0,6
S01010066,All HRPs,342,107,74,33,235,117,3,32,36,47
S01010066,24 and under,18,3,0,3,15,15,0,0,0,0
S01010066,25 to 34,54,12,5,7,42,36,2,2,2,0
S01010066,35 to 49,114,36,20,16,78,41,0,20,13,4
S01010066,50 to 64,79,32,26,6,47,15,0,5,15,12
S01010066,65 to 74,45,17,16,1,28,6,0,5,4,13
S01010066,75 to 84,27,7,7,0,20,1,1,0,2,16
S01010066,85 and over,5,0,0,0,5,3,0,0,0,2
S01010067,All HRPs,297,66,37,29,231,127,3,19,41,41
S01010067,24 and under,28,5,0,5,23,23,0,0,0,0
S01010067,25 to 34,53,12,4,8,41,37,1,3,0,0
S01010067,35 to 49,87,20,13,7,67,45,1,6,13,2
S01010067,50 to 64,70,24,16,8,46,11,1,8,21,5
S01010067,65 to 74,29,5,4,1,24,8,0,2,4,10
S01010067,75 to 84,21,0,0,0,21,1,0,0,2,18
S01010067,85 and over,9,0,0,0,9,2,0,0,1,6
S01010068,All HRPs,338,115,67,48,223,127,6,18,29,43
S01010068,24 and under,46,11,1,10,35,35,0,0,0,0
S01010068,25 to 34,74,28,10,18,46,42,1,2,0,1
S01010068,35 to 49,83,41,27,14,42,23,3,6,10,0
S01010068,50 to 64,59,22,19,3,37,16,0,7,11,3
S01010068,65 to 74,31,7,5,2,24,7,2,3,3,9
S01010068,75 to 84,29,5,4,1,24,3,0,0,1,20
S01010068,85 and over,16,1,1,0,15,1,0,0,4,10
S01010069,All HRPs,340,207,173,34,133,61,3,14,19,36
S01010069,24 and under,8,4,0,4,4,4,0,0,0,0
S01010069,25 to 34,68,32,21,11,36,33,0,3,0,0
S01010069,35 to 49,94,60,50,10,34,17,2,10,4,1
S01010069,50 to 64,109,83,77,6,26,4,0,1,13,8
S01010069,65 to 74,31,14,13,1,17,2,1,0,2,12
S01010069,75 to 84,26,12,10,2,14,0,0,0,0,14
S01010069,85 and over,4,2,2,0,2,1,0,0,0,1
S01010070,All HRPs,238,167,147,20,71,30,1,13,12,15
S01010070,24 and under,1,0,0,0,1,1,0,0,0,0
S01010070,25 to 34,24,15,9,6,9,9,0,0,0,0
S01010070,35 to 49,72,46,39,7,26,15,0,7,4,0
S01010070,50 to 64,114,91,84,7,23,3,0,6,7,7
S01010070,65 to 74,22,12,12,0,10,2,1,0,1,6
S01010070,75 to 84,5,3,3,0,2,0,0,0,0,2
S01010070,85 and over,0,0,0,0,0,0,0,0,0,0
S01010071,All HRPs,367,163,133,30,204,73,5,23,29,74
S01010071,24 and under,7,3,0,3,4,4,0,0,0,0
S01010071,25 to 34,30,13,7,6,17,15,0,0,2,0
S01010071,35 to 49,106,59,44,15,47,27,3,10,6,1
S01010071,50 to 64,102,59,54,5,43,18,0,10,9,6
S01010071,65 to 74,50,15,14,1,35,3,2,3,7,20
S01010071,75 to 84,47,12,12,0,35,4,0,0,3,28
S01010071,85 and over,25,2,2,0,23,2,0,0,2,19
S01010072,All HRPs,370,179,159,20,191,75,4,19,31,62
S01010072,24 and under,5,0,0,0,5,5,0,0,0,0
S01010072,25 to 34,23,13,9,4,10,7,1,1,0,1
S01010072,35 to 49,94,46,38,8,48,27,1,6,10,4
S01010072,50 to 64,132,76,69,7,56,26,0,6,15,9
S01010072,65 to 74,49,23,22,1,26,7,0,6,3,10
S01010072,75 to 84,48,17,17,0,31,1,2,0,2,26
S01010072,85 and over,19,4,4,0,15,2,0,0,1,12
S01010073,All HRPs,349,200,179,21,149,37,2,11,19,80
S01010073,24 and under,5,1,0,1,4,4,0,0,0,0
S01010073,25 to 34,21,11,8,3,10,9,0,1,0,0
S01010073,35 to 49,80,61,53,8,19,4,0,7,5,3
S01010073,50 to 64,98,70,63,7,28,11,0,3,10,4
S01010073,65 to 74,55,28,26,2,27,3,0,0,1,23
S01010073,75 to 84,61,26,26,0,35,5,2,0,3,25
S01010073,85 and over,29,3,3,0,26,1,0,0,0,25
S01010074,All HRPs,306,183,161,22,123,46,2,15,18,42
S01010074,24 and under,4,2,0,2,2,2,0,0,0,0
S01010074,25 to 34,24,12,7,5,12,9,0,3,0,0
S01010074,35 to 49,71,36,30,6,35,16,1,2,12,4
S01010074,50 to 64,101,67,62,5,34,15,1,8,5,5
S01010074,65 to 74,61,41,37,4,20,4,0,2,1,13
S01010074,75 to 84,42,25,25,0,17,0,0,0,0,17
S01010074,85 and over,3,0,0,0,3,0,0,0,0,3
S01010075,All HRPs,303,146,121,25,157,47,1,16,29,64
S01010075,24 and under,4,2,1,1,2,2,0,0,0,0
S01010075,25 to 34,31,16,8,8,15,15,0,0,0,0
S01010075,35 to 49,51,23,12,11,28,13,0,4,10,1
S01010075,50 to 64,86,50,47,3,36,11,1,10,11,3
S01010075,65 to 74,56,30,29,1,26,3,0,1,6,16
S01010075,75 to 84,60,21,20,1,39,1,0,1,1,36
S01010075,85 and over,15,4,4,0,11,2,0,0,1,8
S01010076,All HRPs,276,147,115,32,129,58,1,16,21,33
S01010076,24 and under,4,3,0,3,1,1,0,0,0,0
S01010076,25 to 34,47,19,8,11,28,26,0,2,0,0
S01010076,35 to 49,79,44,29,15,35,19,0,7,9,0
S01010076,50 to 64,78,52,49,3,26,8,0,5,8,5
S01010076,65 to 74,35,16,16,0,19,2,1,2,3,11
S01010076,75 to 84,29,12,12,0,17,1,0,0,1,15
S01010076,85 and over,4,1,1,0,3,1,0,0,0,2
S01010077,All HRPs,302,99,84,15,203,83,3,13,52,52
S01010077,24 and under,7,1,1,0,6,6,0,0,0,0
S01010077,25 to 34,32,7,4,3,25,21,2,2,0,0
S01010077,35 to 49,86,29,24,5,57,35,0,5,16,1
S01010077,50 to 64,93,43,37,6,50,15,1,4,24,6
S01010077,65 to 74,52,17,16,1,35,6,0,2,11,16
S01010077,75 to 84,27,0,0,0,27,0,0,0,1,26
S01010077,85 and over,5,2,2,0,3,0,0,0,0,3
S01010078,All HRPs,229,166,147,19,63,14,0,9,19,21
S01010078,24 and under,3,2,0,2,1,1,0,0,0,0
S01010078,25 to 34,17,7,4,3,10,10,0,0,0,0
S01010078,35 to 49,61,51,40,11,10,1,0,5,3,1
S01010078,50 to 64,103,85,82,3,18,2,0,4,9,3
S01010078,65 to 74,29,15,15,0,14,0,0,0,5,9
S01010078,75 to 84,12,6,6,0,6,0,0,0,2,4
S01010078,85 and over,4,0,0,0,4,0,0,0,0,4
S01010079,All HRPs,349,269,246,23,80,24,2,10,10,34
S01010079,24 and under,2,1,1,0,1,1,0,0,0,0
S01010079,25 to 34,8,5,2,3,3,3,0,0,0,0
S01010079,35 to 49,102,80,70,10,22,11,0,4,6,1
S01010079,50 to 64,123,110,103,7,13,4,1,6,0,2
S01010079,65 to 74,57,43,43,0,14,2,0,0,2,10
S01010079,75 to 84,37,21,18,3,16,3,1,0,2,10
S01010079,85 and over,20,9,9,0,11,0,0,0,0,11
S01010080,All HRPs,284,187,169,18,97,21,4,4,11,57
S01010080,24 and under,2,2,0,2,0,0,0,0,0,0
S01010080,25 to 34,9,7,4,3,2,2,0,0,0,0
S01010080,35 to 49,63,49,40,9,14,10,0,1,2,1
S01010080,50 to 64,87,63,60,3,24,6,2,3,5,8
S01010080,65 to 74,64,43,42,1,21,2,1,0,2,16
S01010080,75 to 84,52,22,22,0,30,1,1,0,2,26
S01010080,85 and over,7,1,1,0,6,0,0,0,0,6
S01010081,All HRPs,300,186,171,15,114,29,5,15,16,49
S01010081,24 and under,2,0,0,0,2,2,0,0,0,0
S01010081,25 to 34,10,5,4,1,5,5,0,0,0,0
S01010081,35 to 49,71,46,38,8,25,12,4,3,6,0
S01010081,50 to 64,97,73,69,4,24,3,1,9,5,6
S01010081,65 to 74,64,42,40,2,22,4,0,3,2,13
S01010081,75 to 84,35,18,18,0,17,1,0,0,3,13
S01010081,85 and over,21,2,2,0,19,2,0,0,0,17
S01010082,All HRPs,407,201,157,44,206,86,4,22,34,60
S01010082,24 and under,21,5,0,5,16,16,0,0,0,0
S01010082,25 to 34,58,28,11,17,30,28,0,2,0,0
S01010082,35 to 49,111,66,52,14,45,24,3,7,11,0
S01010082,50 to 64,105,63,56,7,42,10,1,11,16,4
S01010082,65 to 74,46,22,21,1,24,4,0,0,4,16
S01010082,75 to 84,43,14,14,0,29,1,0,2,3,23
S01010082,85 and over,23,3,3,0,20,3,0,0,0,17
S01010083,All HRPs,348,130,105,25,218,78,12,20,42,66
S01010083,24 and under,14,3,0,3,11,10,1,0,0,0
S01010083,25 to 34,38,13,5,8,25,20,4,1,0,0
S01010083,35 to 49,91,37,28,9,54,33,3,9,7,2
S01010083,50 to 64,80,41,38,3,39,8,1,5,18,7
S01010083,65 to 74,67,27,25,2,40,1,2,5,14,18
S01010083,75 to 84,45,8,8,0,37,4,0,0,3,30
S01010083,85 and over,13,1,1,0,12,2,1,0,0,9
S01010084,All HRPs,442,159,129,30,283,104,5,27,61,86
S01010084,24 and under,10,5,0,5,5,5,0,0,0,0
S01010084,25 to 34,45,19,8,11,26,23,0,3,0,0
S01010084,35 to 49,121,40,31,9,81,46,1,11,22,1
S01010084,50 to 64,127,49,46,3,78,26,1,11,27,13
S01010084,65 to 74,59,27,25,2,32,3,0,1,9,19
S01010084,75 to 84,68,16,16,0,52,0,2,1,2,47
S01010084,85 and over,12,3,3,0,9,1,1,0,1,6
S01010085,All HRPs,311,204,186,18,107,29,1,17,9,51
S01010085,24 and under,0,0,0,0,0,0,0,0,0,0
S01010085,25 to 34,19,12,7,5,7,5,0,2,0,0
S01010085,35 to 49,78,56,48,8,22,12,0,4,5,1
S01010085,50 to 64,109,79,74,5,30,8,0,7,4,11
S01010085,65 to 74,60,41,41,0,19,3,1,2,0,13
S01010085,75 to 84,37,15,15,0,22,1,0,2,0,19
S01010085,85 and over,8,1,1,0,7,0,0,0,0,7
S01010086,All HRPs,414,159,127,32,255,79,4,26,48,98
S01010086,24 and under,8,2,0,2,6,6,0,0,0,0
S01010086,25 to 34,29,11,3,8,18,16,0,2,0,0
S01010086,35 to 49,108,53,40,13,55,34,2,7,8,4
S01010086,50 to 64,130,62,53,9,68,15,0,12,28,13
S01010086,65 to 74,73,22,22,0,51,6,2,2,10,31
S01010086,75 to 84,49,6,6,0,43,2,0,3,2,36
S01010086,85 and over,17,3,3,0,14,0,0,0,0,14
S01010087,All HRPs,247,168,163,5,79,10,3,2,9,55
S01010087,24 and under,0,0,0,0,0,0,0,0,0,0
S01010087,25 to 34,3,2,1,1,1,0,0,1,0,0
S01010087,35 to 49,52,41,39,2,11,4,0,0,6,1
S01010087,50 to 64,86,69,67,2,17,4,2,1,2,8
S01010087,65 to 74,62,39,39,0,23,2,0,0,0,21
S01010087,75 to 84,39,17,17,0,22,0,1,0,1,20
S01010087,85 and over,5,0,0,0,5,0,0,0,0,5
S01010088,All HRPs,295,210,174,36,85,45,4,14,15,7
S01010088,24 and under,5,0,0,0,5,5,0,0,0,0
S01010088,25 to 34,65,43,28,15,22,19,1,1,1,0
S01010088,35 to 49,172,132,113,19,40,18,3,9,9,1
S01010088,50 to 64,42,29,27,2,13,2,0,4,5,2
S01010088,65 to 74,6,3,3,0,3,1,0,0,0,2
S01010088,75 to 84,5,3,3,0,2,0,0,0,0,2
S01010088,85 and over,0,0,0,0,0,0,0,0,0,0
S01010089,All HRPs,365,140,107,33,225,92,10,22,36,65
S01010089,24 and under,18,7,0,7,11,11,0,0,0,0
S01010089,25 to 34,50,16,3,13,34,29,4,0,1,0
S01010089,35 to 49,82,39,29,10,43,26,2,9,6,0
S01010089,50 to 64,96,43,41,2,53,16,1,6,21,9
S01010089,65 to 74,56,24,23,1,32,4,1,5,7,15
S01010089,75 to 84,50,10,10,0,40,6,1,2,1,30
S01010089,85 and over,13,1,1,0,12,0,1,0,0,11
S01010090,All HRPs,435,238,189,49,197,85,5,30,32,45
S01010090,24 and under,19,11,1,10,8,8,0,0,0,0
S01010090,25 to 34,49,23,6,17,26,22,3,1,0,0
S01010090,35 to 49,153,95,79,16,58,29,1,15,11,2
S01010090,50 to 64,139,87,83,4,52,18,1,12,16,5
S01010090,65 to 74,42,16,14,2,26,4,0,1,5,16
S01010090,75 to 84,25,6,6,0,19,3,0,1,0,15
S01010090,85 and over,8,0,0,0,8,1,0,0,0,7
S01010091,All HRPs,343,214,161,53,129,70,3,20,22,14
S01010091,24 and under,17,6,1,5,11,10,0,1,0,0
S01010091,25 to 34,64,40,20,20,24,22,1,1,0,0
S01010091,35 to 49,143,98,76,22,45,29,1,8,6,1
S01010091,50 to 64,86,55,49,6,31,5,1,8,15,2
S01010091,65 to 74,19,8,8,0,11,3,0,2,0,6
S01010091,75 to 84,10,5,5,0,5,0,0,0,1,4
S01010091,85 and over,4,2,2,0,2,1,0,0,0,1
S01010092,All HRPs,446,180,152,28,266,106,10,30,49,71
S01010092,24 and under,19,2,1,1,17,17,0,0,0,0
S01010092,25 to 34,42,18,10,8,24,15,3,6,0,0
S01010092,35 to 49,115,45,34,11,70,39,3,15,8,5
S01010092,50 to 64,116,61,55,6,55,22,1,3,22,7
S01010092,65 to 74,82,34,33,1,48,8,0,4,16,20
S01010092,75 to 84,58,19,18,1,39,3,3,1,3,29
S01010092,85 and over,14,1,1,0,13,2,0,1,0,10
S01010093,All HRPs,386,193,149,44,193,85,1,19,40,48
S01010093,24 and under,17,9,0,9,8,8,0,0,0,0
S01010093,25 to 34,56,25,10,15,31,26,0,5,0,0
S01010093,35 to 49,114,61,50,11,53,29,0,6,17,1
S01010093,50 to 64,115,60,52,8,55,12,0,7,21,15
S01010093,65 to 74,40,24,24,0,16,4,1,1,2,8
S01010093,75 to 84,33,13,12,1,20,3,0,0,0,17
S01010093,85 and over,11,1,1,0,10,3,0,0,0,7
S01010094,All HRPs,291,149,138,11,142,30,4,21,19,68
S01010094,24 and under,2,1,0,1,1,1,0,0,0,0
S01010094,25 to 34,18,11,9,2,7,5,0,2,0,0
S01010094,35 to 49,76,41,36,5,35,11,2,11,8,3
S01010094,50 to 64,89,61,58,3,28,7,2,8,8,3
S01010094,65 to 74,46,26,26,0,20,0,0,0,2,18
S01010094,75 to 84,40,4,4,0,36,6,0,0,0,30
S01010094,85 and over,20,5,5,0,15,0,0,0,1,14
S01010095,All HRPs,279,191,177,14,88,23,0,6,22,37
S01010095,24 and under,3,1,0,1,2,2,0,0,0,0
S01010095,25 to 34,13,12,9,3,1,1,0,0,0,0
S01010095,35 to 49,78,53,46,7,25,8,0,2,14,1
S01010095,50 to 64,97,76,73,3,21,7,0,3,8,3
S01010095,65 to 74,45,26,26,0,19,4,0,1,0,14
S01010095,75 to 84,27,15,15,0,12,0,0,0,0,12
S01010095,85 and over,16,8,8,0,8,1,0,0,0,7
S01010096,All HRPs,292,186,152,34,106,36,2,16,18,34
S01010096,24 and under,3,2,1,1,1,1,0,0,0,0
S01010096,25 to 34,20,15,10,5,5,4,0,1,0,0
S01010096,35 to 49,113,75,58,17,38,15,1,12,8,2
S01010096,50 to 64,88,64,54,10,24,8,1,3,7,5
S01010096,65 to 74,28,15,14,1,13,5,0,0,2,6
S01010096,75 to 84,32,15,15,0,17,2,0,0,1,14
S01010096,85 and over,8,0,0,0,8,1,0,0,0,7
S01010097,All HRPs,286,171,154,17,115,38,4,13,14,46
S01010097,24 and under,3,0,0,0,3,3,0,0,0,0
S01010097,25 to 34,16,3,2,1,13,13,0,0,0,0
S01010097,35 to 49,98,69,57,12,29,12,2,8,7,0
S01010097,50 to 64,82,61,58,3,21,4,2,5,3,7
S01010097,65 to 74,41,22,22,0,19,3,0,0,3,13
S01010097,75 to 84,36,16,15,1,20,1,0,0,1,18
S01010097,85 and over,10,0,0,0,10,2,0,0,0,8
S01010098,All HRPs,277,193,170,23,84,17,0,11,15,41
S01010098,24 and under,1,1,0,1,0,0,0,0,0,0
S01010098,25 to 34,13,9,8,1,4,3,0,1,0,0
S01010098,35 to 49,84,65,51,14,19,7,0,4,7,1
S01010098,50 to 64,93,77,72,5,16,2,0,4,7,3
S01010098,65 to 74,38,21,19,2,17,2,0,2,1,12
S01010098,75 to 84,36,19,19,0,17,0,0,0,0,17
S01010098,85 and over,12,1,1,0,11,3,0,0,0,8
S01010099,All HRPs,285,174,157,17,111,26,3,5,19,58
S01010099,24 and under,3,0,0,0,3,3,0,0,0,0
S01010099,25 to 34,12,8,6,2,4,4,0,0,0,0
S01010099,35 to 49,79,54,46,8,25,13,1,1,8,2
S01010099,50 to 64,87,59,53,6,28,4,0,2,10,12
S01010099,65 to 74,44,31,31,0,13,2,0,1,1,9
S01010099,75 to 84,42,18,17,1,24,0,1,1,0,22
S01010099,85 and over,18,4,4,0,14,0,1,0,0,13
S01010100,All HRPs,382,222,199,23,160,64,3,15,22,56
S01010100,24 and under,1,0,0,0,1,1,0,0,0,0
S01010100,25 to 34,24,10,4,6,14,12,0,1,0,1
S01010100,35 to 49,94,62,54,8,32,20,0,5,7,0
S01010100,50 to 64,130,92,83,9,38,15,1,5,10,7
S01010100,65 to 74,66,35,35,0,31,11,0,3,3,14
S01010100,75 to 84,49,17,17,0,32,4,1,1,2,24
S01010100,85 and over,18,6,6,0,12,1,1,0,0,10
S01010101,All HRPs,299,190,169,21,109,30,3,10,22,44
S01010101,24 and under,3,1,0,1,2,2,0,0,0,0
S01010101,25 to 34,23,9,5,4,14,12,1,1,0,0
S01010101,35 to 49,73,46,40,6,27,9,1,5,8,4
S01010101,50 to 64,113,95,86,9,18,2,1,4,6,5
S01010101,65 to 74,43,23,22,1,20,2,0,0,6,12
S01010101,75 to 84,32,14,14,0,18,3,0,0,2,13
S01010101,85 and over,12,2,2,0,10,0,0,0,0,10
S01010102,All HRPs,324,234,204,30,90,41,0,15,26,8
S01010102,24 and under,6,0,0,0,6,6,0,0,0,0
S01010102,25 to 34,36,23,16,7,13,12,0,0,1,0
S01010102,35 to 49,140,101,88,13,39,12,0,12,13,2
S01010102,50 to 64,114,96,86,10,18,7,0,1,9,1
S01010102,65 to 74,21,12,12,0,9,4,0,2,2,1
S01010102,75 to 84,6,2,2,0,4,0,0,0,1,3
S01010102,85 and over,1,0,0,0,1,0,0,0,0,1
S01010103,All HRPs,355,237,189,48,118,40,4,22,22,30
S01010103,24 and under,4,2,0,2,2,2,0,0,0,0
S01010103,25 to 34,38,28,14,14,10,10,0,0,0,0
S01010103,35 to 49,167,121,98,23,46,14,3,15,10,4
S01010103,50 to 64,111,71,62,9,40,12,1,7,11,9
S01010103,65 to 74,21,11,11,0,10,1,0,0,1,8
S01010103,75 to 84,11,4,4,0,7,1,0,0,0,6
S01010103,85 and over,3,0,0,0,3,0,0,0,0,3
S01010104,All HRPs,267,175,133,42,92,40,2,16,21,13
S01010104,24 and under,1,0,0,0,1,1,0,0,0,0
S01010104,25 to 34,52,26,9,17,26,16,1,6,2,1
S01010104,35 to 49,134,97,76,21,37,19,1,7,10,0
S01010104,50 to 64,65,49,45,4,16,2,0,3,8,3
S01010104,65 to 74,10,1,1,0,9,2,0,0,1,6
S01010104,75 to 84,5,2,2,0,3,0,0,0,0,3
S01010104,85 and over,0,0,0,0,0,0,0,0,0,0
S01010105,All HRPs,165,57,32,25,108,62,1,19,20,6
S01010105,24 and under,13,2,0,2,11,11,0,0,0,0
S01010105,25 to 34,36,10,1,9,26,21,0,4,0,1
S01010105,35 to 49,59,22,15,7,37,22,0,8,7,0
S01010105,50 to 64,43,20,14,6,23,8,1,5,8,1
S01010105,65 to 74,12,3,2,1,9,0,0,2,5,2
S01010105,75 to 84,1,0,0,0,1,0,0,0,0,1
S01010105,85 and over,1,0,0,0,1,0,0,0,0,1
S01010106,All HRPs,219,63,46,17,156,78,2,14,25,37
S01010106,24 and under,9,3,0,3,6,6,0,0,0,0
S01010106,25 to 34,38,8,4,4,30,28,1,1,0,0
S01010106,35 to 49,61,22,15,7,39,28,0,6,5,0
S01010106,50 to 64,50,17,16,1,33,11,1,5,13,3
S01010106,65 to 74,28,8,7,1,20,5,0,1,6,8
S01010106,75 to 84,28,4,3,1,24,0,0,1,1,22
S01010106,85 and over,5,1,1,0,4,0,0,0,0,4
S01010107,All HRPs,404,114,77,37,290,160,5,24,56,45
S01010107,24 and under,33,8,0,8,25,24,0,1,0,0
S01010107,25 to 34,61,15,7,8,46,40,2,2,2,0
S01010107,35 to 49,139,37,25,12,102,76,0,8,15,3
S01010107,50 to 64,107,39,32,7,68,20,3,8,28,9
S01010107,65 to 74,28,9,9,0,19,0,0,4,8,7
S01010107,75 to 84,25,5,3,2,20,0,0,1,3,16
S01010107,85 and over,11,1,1,0,10,0,0,0,0,10
S01010108,All HRPs,374,138,111,27,236,84,2,21,48,81
S01010108,24 and under,3,1,0,1,2,2,0,0,0,0
S01010108,25 to 34,42,11,8,3,31,27,0,2,0,2
S01010108,35 to 49,89,34,21,13,55,37,1,5,11,1
S01010108,50 to 64,152,79,69,10,73,10,1,12,30,20
S01010108,65 to 74,42,7,7,0,35,5,0,1,7,22
S01010108,75 to 84,41,6,6,0,35,3,0,1,0,31
S01010108,85 and over,5,0,0,0,5,0,0,0,0,5
S01010109,All HRPs,326,132,79,53,194,121,2,23,31,17
S01010109,24 and under,31,6,0,6,25,25,0,0,0,0
S01010109,25 to 34,77,35,16,19,42,40,1,1,0,0
S01010109,35 to 49,107,38,20,18,69,43,0,14,12,0
S01010109,50 to 64,87,43,34,9,44,11,1,8,16,8
S01010109,65 to 74,14,7,6,1,7,2,0,0,2,3
S01010109,75 to 84,8,3,3,0,5,0,0,0,1,4
S01010109,85 and over,2,0,0,0,2,0,0,0,0,2
S01010110,All HRPs,431,129,98,31,302,125,1,26,61,89
S01010110,24 and under,11,4,0,4,7,7,0,0,0,0
S01010110,25 to 34,44,12,7,5,32,31,0,0,1,0
S01010110,35 to 49,123,34,20,14,89,55,0,9,22,3
S01010110,50 to 64,121,46,40,6,75,24,1,10,30,10
S01010110,65 to 74,57,18,16,2,39,5,0,6,4,24
S01010110,75 to 84,66,15,15,0,51,3,0,1,4,43
S01010110,85 and over,9,0,0,0,9,0,0,0,0,9
S01010111,All HRPs,446,130,87,43,316,162,1,30,76,47
S01010111,24 and under,16,3,0,3,13,13,0,0,0,0
S01010111,25 to 34,67,25,9,16,42,40,0,1,1,0
S01010111,35 to 49,146,34,20,14,112,83,0,11,15,3
S01010111,50 to 64,132,49,42,7,83,21,0,15,41,6
S01010111,65 to 74,57,15,13,2,42,2,0,3,17,20
S01010111,75 to 84,22,4,3,1,18,2,1,0,2,13
S01010111,85 and over,6,0,0,0,6,1,0,0,0,5
S01010112,All HRPs,419,116,65,51,303,165,2,32,63,41
S01010112,24 and under,21,5,0,5,16,16,0,0,0,0
S01010112,25 to 34,61,16,6,10,45,44,0,1,0,0
S01010112,35 to 49,163,34,16,18,129,84,0,19,23,3
S01010112,50 to 64,118,48,31,17,70,17,1,10,31,11
S01010112,65 to 74,42,11,10,1,31,4,1,2,8,16
S01010112,75 to 84,10,1,1,0,9,0,0,0,1,8
S01010112,85 and over,4,1,1,0,3,0,0,0,0,3
S01010113,All HRPs,244,85,56,29,159,102,2,12,23,20
S01010113,24 and under,15,3,0,3,12,12,0,0,0,0
S01010113,25 to 34,57,18,7,11,39,35,1,2,0,1
S01010113,35 to 49,90,24,14,10,66,48,1,6,11,0
S01010113,50 to 64,49,25,22,3,24,7,0,4,10,3
S01010113,65 to 74,18,10,9,1,8,0,0,0,2,6
S01010113,75 to 84,14,4,3,1,10,0,0,0,0,10
S01010113,85 and over,1,1,1,0,0,0,0,0,0,0
S01010114,All HRPs,366,108,78,30,258,137,2,30,47,42
S01010114,24 and under,13,3,0,3,10,10,0,0,0,0
S01010114,25 to 34,61,18,8,10,43,39,0,2,2,0
S01010114,35 to 49,112,31,23,8,81,53,0,11,15,2
S01010114,50 to 64,106,36,29,7,70,25,2,13,21,9
S01010114,65 to 74,38,11,10,1,27,9,0,2,6,10
S01010114,75 to 84,28,7,7,0,21,0,0,2,2,17
S01010114,85 and over,8,2,1,1,6,1,0,0,1,4
S01010115,All HRPs,230,131,103,28,99,54,2,17,16,10
S01010115,24 and under,3,0,0,0,3,3,0,0,0,0
S01010115,25 to 34,39,14,7,7,25,21,2,2,0,0
S01010115,35 to 49,104,58,42,16,46,30,0,11,4,1
S01010115,50 to 64,61,48,45,3,13,0,0,3,9,1
S01010115,65 to 74,15,7,6,1,8,0,0,1,2,5
S01010115,75 to 84,6,4,3,1,2,0,0,0,1,1
S01010115,85 and over,2,0,0,0,2,0,0,0,0,2
S01010116,All HRPs,397,225,159,66,172,114,1,16,22,19
S01010116,24 and under,30,6,0,6,24,24,0,0,0,0
S01010116,25 to 34,125,69,36,33,56,48,0,6,1,1
S01010116,35 to 49,139,81,59,22,58,37,1,7,12,1
S01010116,50 to 64,77,54,50,4,23,4,0,3,8,8
S01010116,65 to 74,18,10,9,1,8,1,0,0,1,6
S01010116,75 to 84,8,5,5,0,3,0,0,0,0,3
S01010116,85 and over,0,0,0,0,0,0,0,0,0,0
S01010117,All HRPs,261,148,106,42,113,61,2,16,20,14
S01010117,24 and under,10,1,0,1,9,9,0,0,0,0
S01010117,25 to 34,65,43,27,16,22,18,0,4,0,0
S01010117,35 to 49,112,70,52,18,42,27,0,7,8,0
S01010117,50 to 64,51,26,20,6,25,6,2,4,11,2
S01010117,65 to 74,13,4,4,0,9,0,0,1,1,7
S01010117,75 to 84,7,4,3,1,3,0,0,0,0,3
S01010117,85 and over,3,0,0,0,3,1,0,0,0,2
S01010118,All HRPs,277,64,35,29,213,108,1,23,50,31
S01010118,24 and under,7,1,0,1,6,6,0,0,0,0
S01010118,25 to 34,43,14,2,12,29,28,0,1,0,0
S01010118,35 to 49,100,25,14,11,75,49,0,9,16,1
S01010118,50 to 64,84,20,15,5,64,23,1,7,28,5
S01010118,65 to 74,22,2,2,0,20,1,0,5,4,10
S01010118,75 to 84,15,2,2,0,13,1,0,1,2,9
S01010118,85 and over,6,0,0,0,6,0,0,0,0,6
S01010119,All HRPs,209,78,50,28,131,72,2,19,26,12
S01010119,24 and under,4,1,0,1,3,3,0,0,0,0
S01010119,25 to 34,48,22,12,10,26,25,0,1,0,0
S01010119,35 to 49,88,29,17,12,59,35,2,9,9,4
S01010119,50 to 64,48,20,15,5,28,6,0,6,14,2
S01010119,65 to 74,12,3,3,0,9,2,0,2,2,3
S01010119,75 to 84,7,3,3,0,4,0,0,1,1,2
S01010119,85 and over,2,0,0,0,2,1,0,0,0,1
S01010120,All HRPs,444,118,85,33,326,187,0,34,64,41
S01010120,24 and under,13,1,0,1,12,11,0,0,0,1
S01010120,25 to 34,70,11,6,5,59,56,0,3,0,0
S01010120,35 to 49,198,54,33,21,144,96,0,20,24,4
S01010120,50 to 64,106,42,36,6,64,18,0,10,29,7
S01010120,65 to 74,35,5,5,0,30,5,0,1,9,15
S01010120,75 to 84,22,5,5,0,17,1,0,0,2,14
S01010120,85 and over,0,0,0,0,0,0,0,0,0,0
S01010121,All HRPs,321,90,58,32,231,127,2,17,49,36
S01010121,24 and under,26,5,0,5,21,20,0,1,0,0
S01010121,25 to 34,49,16,6,10,33,32,0,1,0,0
S01010121,35 to 49,95,26,16,10,69,51,1,5,9,3
S01010121,50 to 64,87,32,25,7,55,17,1,7,26,4
S01010121,65 to 74,33,8,8,0,25,4,0,2,10,9
S01010121,75 to 84,24,2,2,0,22,2,0,1,4,15
S01010121,85 and over,7,1,1,0,6,1,0,0,0,5
S01010122,All HRPs,198,56,38,18,142,65,0,20,36,21
S01010122,24 and under,5,1,0,1,4,4,0,0,0,0
S01010122,25 to 34,10,4,0,4,6,5,0,1,0,0
S01010122,35 to 49,74,16,7,9,58,39,0,8,11,0
S01010122,50 to 64,68,25,21,4,43,15,0,7,19,2
S01010122,65 to 74,18,6,6,0,12,1,0,2,3,6
S01010122,75 to 84,20,4,4,0,16,1,0,2,3,10
S01010122,85 and over,3,0,0,0,3,0,0,0,0,3
S01010123,All HRPs,299,94,59,35,205,117,2,16,39,31
S01010123,24 and under,18,5,1,4,13,13,0,0,0,0
S01010123,25 to 34,65,24,11,13,41,36,1,2,2,0
S01010123,35 to 49,102,37,22,15,65,41,1,9,12,2
S01010123,50 to 64,63,11,8,3,52,24,0,5,18,5
S01010123,65 to 74,33,14,14,0,19,3,0,0,6,10
S01010123,75 to 84,15,3,3,0,12,0,0,0,1,11
S01010123,85 and over,3,0,0,0,3,0,0,0,0,3
S01010124,All HRPs,293,115,72,43,178,96,3,25,36,18
S01010124,24 and under,14,2,0,2,12,12,0,0,0,0
S01010124,25 to 34,75,31,13,18,44,36,1,6,1,0
S01010124,35 to 49,105,39,23,16,66,34,0,11,20,1
S01010124,50 to 64,73,37,30,7,36,14,1,5,11,5
S01010124,65 to 74,15,6,6,0,9,0,0,0,4,5
S01010124,75 to 84,9,0,0,0,9,0,1,3,0,5
S01010124,85 and over,2,0,0,0,2,0,0,0,0,2
S01010125,All HRPs,242,86,61,25,156,98,1,19,24,14
S01010125,24 and under,15,1,0,1,14,14,0,0,0,0
S01010125,25 to 34,59,19,8,11,40,37,0,2,1,0
S01010125,35 to 49,91,37,29,8,54,37,0,7,10,0
S01010125,50 to 64,58,22,18,4,36,10,0,10,11,5
S01010125,65 to 74,14,5,4,1,9,0,1,0,1,7
S01010125,75 to 84,5,2,2,0,3,0,0,0,1,2
S01010125,85 and over,0,0,0,0,0,0,0,0,0,0
S01010126,All HRPs,312,151,120,31,161,67,2,26,26,40
S01010126,24 and under,6,0,0,0,6,6,0,0,0,0
S01010126,25 to 34,34,17,10,7,17,15,0,2,0,0
S01010126,35 to 49,127,69,52,17,58,35,0,12,11,0
S01010126,50 to 64,93,51,45,6,42,9,0,11,13,9
S01010126,65 to 74,24,8,7,1,16,1,1,1,1,12
S01010126,75 to 84,16,5,5,0,11,0,1,0,1,9
S01010126,85 and over,12,1,1,0,11,1,0,0,0,10
S01010127,All HRPs,296,97,83,14,199,73,3,17,52,54
S01010127,24 and under,7,1,0,1,6,6,0,0,0,0
S01010127,25 to 34,24,8,6,2,16,14,0,1,0,1
S01010127,35 to 49,76,27,21,6,49,30,1,6,12,0
S01010127,50 to 64,93,38,34,4,55,12,2,7,31,3
S01010127,65 to 74,44,15,15,0,29,9,0,1,9,10
S01010127,75 to 84,33,6,5,1,27,2,0,2,0,23
S01010127,85 and over,19,2,2,0,17,0,0,0,0,17
S01010128,All HRPs,214,51,26,25,163,100,1,23,29,10
S01010128,24 and under,23,0,0,0,23,21,0,0,2,0
S01010128,25 to 34,35,15,5,10,20,18,0,1,1,0
S01010128,35 to 49,83,20,10,10,63,45,1,11,6,0
S01010128,50 to 64,49,8,5,3,41,14,0,8,14,5
S01010128,65 to 74,18,6,5,1,12,1,0,3,4,4
S01010128,75 to 84,6,2,1,1,4,1,0,0,2,1
S01010128,85 and over,0,0,0,0,0,0,0,0,0,0
S01010129,All HRPs,350,87,57,30,263,151,2,27,46,37
S01010129,24 and under,38,5,0,5,33,33,0,0,0,0
S01010129,25 to 34,51,8,2,6,43,42,0,0,1,0
S01010129,35 to 49,130,36,22,14,94,59,1,14,17,3
S01010129,50 to 64,80,23,21,2,57,14,0,10,22,11
S01010129,65 to 74,34,11,9,2,23,2,0,3,5,13
S01010129,75 to 84,16,4,3,1,12,1,1,0,1,9
S01010129,85 and over,1,0,0,0,1,0,0,0,0,1
S01010130,All HRPs,206,73,60,13,133,47,1,19,26,40
S01010130,24 and under,9,4,0,4,5,5,0,0,0,0
S01010130,25 to 34,17,7,4,3,10,9,0,0,1,0
S01010130,35 to 49,52,17,11,6,35,20,0,7,8,0
S01010130,50 to 64,55,23,23,0,32,8,0,8,11,5
S01010130,65 to 74,35,14,14,0,21,3,1,3,6,8
S01010130,75 to 84,32,8,8,0,24,2,0,1,0,21
S01010130,85 and over,6,0,0,0,6,0,0,0,0,6
S01010131,All HRPs,376,239,218,21,137,32,2,13,23,67
S01010131,24 and under,3,0,0,0,3,3,0,0,0,0
S01010131,25 to 34,13,8,3,5,5,4,0,1,0,0
S01010131,35 to 49,109,85,75,10,24,10,0,5,8,1
S01010131,50 to 64,144,103,98,5,41,8,1,6,11,15
S01010131,65 to 74,62,34,34,0,28,3,0,1,3,21
S01010131,75 to 84,37,8,7,1,29,4,1,0,1,23
S01010131,85 and over,8,1,1,0,7,0,0,0,0,7
S01010132,All HRPs,497,149,112,37,348,142,4,40,71,91
S01010132,24 and under,24,4,0,4,20,20,0,0,0,0
S01010132,25 to 34,58,16,4,12,42,38,0,2,2,0
S01010132,35 to 49,131,42,24,18,89,47,2,24,15,1
S01010132,50 to 64,119,41,39,2,78,23,1,10,33,11
S01010132,65 to 74,87,25,25,0,62,7,0,4,16,35
S01010132,75 to 84,68,19,18,1,49,6,1,0,4,38
S01010132,85 and over,10,2,2,0,8,1,0,0,1,6
S01010133,All HRPs,380,109,79,30,271,105,2,25,66,73
S01010133,24 and under,12,1,1,0,11,11,0,0,0,0
S01010133,25 to 34,42,16,3,13,26,25,0,1,0,0
S01010133,35 to 49,91,25,16,9,66,40,2,10,13,1
S01010133,50 to 64,101,26,21,5,75,20,0,9,33,13
S01010133,65 to 74,71,23,20,3,48,3,0,5,14,26
S01010133,75 to 84,42,17,17,0,25,1,0,0,6,18
S01010133,85 and over,21,1,1,0,20,5,0,0,0,15
S01010134,All HRPs,551,160,118,42,391,171,6,38,71,105
S01010134,24 and under,24,6,0,6,18,17,0,0,1,0
S01010134,25 to 34,76,25,9,16,51,47,0,2,2,0
S01010134,35 to 49,137,40,28,12,97,66,1,13,14,3
S01010134,50 to 64,125,44,39,5,81,24,1,12,28,16
S01010134,65 to 74,104,30,28,2,74,8,0,10,21,35
S01010134,75 to 84,67,15,14,1,52,7,4,1,5,35
S01010134,85 and over,18,0,0,0,18,2,0,0,0,16
S01010135,All HRPs,365,134,101,33,231,87,6,27,32,79
S01010135,24 and under,3,1,0,1,2,2,0,0,0,0
S01010135,25 to 34,31,9,5,4,22,20,1,0,0,1
S01010135,35 to 49,95,38,24,14,57,35,1,11,9,1
S01010135,50 to 64,94,44,30,14,50,20,0,10,14,6
S01010135,65 to 74,66,23,23,0,43,5,1,5,6,26
S01010135,75 to 84,58,16,16,0,42,4,2,1,3,32
S01010135,85 and over,18,3,3,0,15,1,1,0,0,13
S01010136,All HRPs,367,169,134,35,198,87,6,12,36,57
S01010136,24 and under,14,0,0,0,14,14,0,0,0,0
S01010136,25 to 34,37,15,7,8,22,20,1,0,1,0
S01010136,35 to 49,106,59,39,20,47,30,1,6,9,1
S01010136,50 to 64,103,59,54,5,44,15,0,4,21,4
S01010136,65 to 74,50,22,21,1,28,6,0,0,3,19
S01010136,75 to 84,44,10,9,1,34,2,4,1,2,25
S01010136,85 and over,13,4,4,0,9,0,0,1,0,8
S01010137,All HRPs,583,142,100,42,441,176,8,35,79,143
S01010137,24 and under,18,1,0,1,17,17,0,0,0,0
S01010137,25 to 34,75,31,12,19,44,42,0,2,0,0
S01010137,35 to 49,134,32,18,14,102,60,0,15,26,1
S01010137,50 to 64,97,25,19,6,72,28,2,7,25,10
S01010137,65 to 74,96,31,31,0,65,14,0,5,22,24
S01010137,75 to 84,96,18,16,2,78,10,3,6,6,53
S01010137,85 and over,67,4,4,0,63,5,3,0,0,55
S01010138,All HRPs,660,98,75,23,562,267,13,62,137,83
S01010138,24 and under,26,1,0,1,25,25,0,0,0,0
S01010138,25 to 34,71,10,4,6,61,54,4,1,2,0
S01010138,35 to 49,185,21,13,8,164,112,7,14,31,0
S01010138,50 to 64,216,40,33,7,176,54,1,31,71,19
S01010138,65 to 74,94,12,12,0,82,12,0,15,26,29
S01010138,75 to 84,52,12,11,1,40,6,1,1,7,25
S01010138,85 and over,16,2,2,0,14,4,0,0,0,10
S01010139,All HRPs,552,169,125,44,383,176,4,35,69,99
S01010139,24 and under,19,5,0,5,14,12,1,1,0,0
S01010139,25 to 34,80,26,10,16,54,50,1,2,1,0
S01010139,35 to 49,135,44,28,16,91,60,1,9,21,0
S01010139,50 to 64,134,52,46,6,82,24,0,18,30,10
S01010139,65 to 74,90,23,22,1,67,19,1,5,16,26
S01010139,75 to 84,60,18,18,0,42,8,0,0,1,33
S01010139,85 and over,34,1,1,0,33,3,0,0,0,30
S01010140,All HRPs,384,141,79,62,243,157,4,28,33,21
S01010140,24 and under,29,4,0,4,25,25,0,0,0,0
S01010140,25 to 34,112,46,14,32,66,60,1,5,0,0
S01010140,35 to 49,142,48,29,19,94,61,2,15,15,1
S01010140,50 to 64,73,37,30,7,36,10,0,5,15,6
S01010140,65 to 74,17,5,5,0,12,0,1,3,1,7
S01010140,75 to 84,7,1,1,0,6,1,0,0,0,5
S01010140,85 and over,4,0,0,0,4,0,0,0,2,2
S01010141,All HRPs,447,96,61,35,351,176,3,28,74,70
S01010141,24 and under,28,6,1,5,22,22,0,0,0,0
S01010141,25 to 34,73,26,10,16,47,45,0,1,1,0
S01010141,35 to 49,118,19,11,8,99,69,0,10,18,2
S01010141,50 to 64,118,24,21,3,94,25,3,11,42,13
S01010141,65 to 74,65,13,12,1,52,10,0,4,10,28
S01010141,75 to 84,39,7,5,2,32,5,0,2,3,22
S01010141,85 and over,6,1,1,0,5,0,0,0,0,5
S01010142,All HRPs,288,94,69,25,194,93,7,19,42,33
S01010142,24 and under,13,3,0,3,10,10,0,0,0,0
S01010142,25 to 34,49,14,3,11,35,31,1,0,3,0
S01010142,35 to 49,88,29,24,5,59,32,6,8,12,1
S01010142,50 to 64,90,38,32,6,52,17,0,8,21,6
S01010142,65 to 74,19,5,5,0,14,1,0,3,4,6
S01010142,75 to 84,21,4,4,0,17,2,0,0,1,14
S01010142,85 and over,8,1,1,0,7,0,0,0,1,6
S01010143,All HRPs,391,132,108,24,259,89,4,25,55,86
S01010143,24 and under,9,1,0,1,8,8,0,0,0,0
S01010143,25 to 34,22,11,6,5,11,8,1,2,0,0
S01010143,35 to 49,97,42,30,12,55,31,1,8,14,1
S01010143,50 to 64,98,35,32,3,63,23,0,9,27,4
S01010143,65 to 74,67,22,22,0,45,7,2,4,8,24
S01010143,75 to 84,71,17,15,2,54,6,0,2,4,42
S01010143,85 and over,27,4,3,1,23,6,0,0,2,15
S01010144,All HRPs,372,106,64,42,266,145,6,31,58,26
S01010144,24 and under,18,4,0,4,14,11,0,3,0,0
S01010144,25 to 34,91,35,12,23,56,49,0,5,2,0
S01010144,35 to 49,129,33,21,12,96,62,4,12,14,4
S01010144,50 to 64,94,25,22,3,69,17,2,10,33,7
S01010144,65 to 74,24,8,8,0,16,4,0,1,7,4
S01010144,75 to 84,13,1,1,0,12,1,0,0,2,9
S01010144,85 and over,3,0,0,0,3,1,0,0,0,2
S01010145,All HRPs,397,142,102,40,255,118,0,29,49,59
S01010145,24 and under,23,5,0,5,18,18,0,0,0,0
S01010145,25 to 34,83,40,17,23,43,38,0,3,2,0
S01010145,35 to 49,88,30,21,9,58,34,0,7,14,3
S01010145,50 to 64,101,47,45,2,54,13,0,15,18,8
S01010145,65 to 74,44,12,12,0,32,7,0,2,8,15
S01010145,75 to 84,45,7,6,1,38,4,0,2,7,25
S01010145,85 and over,13,1,1,0,12,4,0,0,0,8
S01010146,All HRPs,406,99,60,39,307,176,5,28,63,35
S01010146,24 and under,21,6,0,6,15,15,0,0,0,0
S01010146,25 to 34,73,21,4,17,52,51,0,1,0,0
S01010146,35 to 49,159,30,19,11,129,85,3,13,25,3
S01010146,50 to 64,103,33,29,4,70,21,1,13,30,5
S01010146,65 to 74,38,8,7,1,30,3,1,1,6,19
S01010146,75 to 84,9,1,1,0,8,0,0,0,2,6
S01010146,85 and over,3,0,0,0,3,1,0,0,0,2
S01010147,All HRPs,494,108,59,49,386,233,4,55,55,39
S01010147,24 and under,38,6,1,5,32,32,0,0,0,0
S01010147,25 to 34,102,24,2,22,78,71,0,5,1,1
S01010147,35 to 49,171,31,22,9,140,88,2,24,23,3
S01010147,50 to 64,118,35,25,10,83,32,2,18,24,7
S01010147,65 to 74,43,6,5,1,37,8,0,8,6,15
S01010147,75 to 84,19,6,4,2,13,1,0,0,1,11
S01010147,85 and over,3,0,0,0,3,1,0,0,0,2
S01010148,All HRPs,356,102,74,28,254,147,1,21,45,40
S01010148,24 and under,24,5,0,5,19,18,0,1,0,0
S01010148,25 to 34,65,17,9,8,48,47,0,1,0,0
S01010148,35 to 49,119,28,19,9,91,58,1,13,19,0
S01010148,50 to 64,81,27,23,4,54,17,0,6,20,11
S01010148,65 to 74,35,21,19,2,14,3,0,0,5,6
S01010148,75 to 84,23,4,4,0,19,3,0,0,1,15
S01010148,85 and over,9,0,0,0,9,1,0,0,0,8
S01010149,All HRPs,231,113,61,52,118,74,0,11,21,12
S01010149,24 and under,36,12,1,11,24,24,0,0,0,0
S01010149,25 to 34,65,37,12,25,28,27,0,1,0,0
S01010149,35 to 49,72,40,27,13,32,18,0,7,7,0
S01010149,50 to 64,30,15,13,2,15,1,0,1,12,1
S01010149,65 to 74,16,7,6,1,9,3,0,1,1,4
S01010149,75 to 84,8,1,1,0,7,1,0,1,0,5
S01010149,85 and over,4,1,1,0,3,0,0,0,1,2
S01010150,All HRPs,325,103,79,24,222,97,2,13,31,79
S01010150,24 and under,17,4,0,4,13,13,0,0,0,0
S01010150,25 to 34,17,4,1,3,13,12,0,1,0,0
S01010150,35 to 49,66,21,13,8,45,40,0,3,1,1
S01010150,50 to 64,95,34,30,4,61,20,1,7,24,9
S01010150,65 to 74,70,27,22,5,43,7,1,2,4,29
S01010150,75 to 84,51,12,12,0,39,3,0,0,2,34
S01010150,85 and over,9,1,1,0,8,2,0,0,0,6
S01010151,All HRPs,329,103,83,20,226,69,6,12,50,89
S01010151,24 and under,9,3,1,2,6,6,0,0,0,0
S01010151,25 to 34,16,8,2,6,8,6,0,1,1,0
S01010151,35 to 49,57,23,15,8,34,19,1,5,7,2
S01010151,50 to 64,79,23,19,4,56,20,1,3,23,9
S01010151,65 to 74,72,22,22,0,50,9,3,3,12,23
S01010151,75 to 84,72,19,19,0,53,5,1,0,6,41
S01010151,85 and over,24,5,5,0,19,4,0,0,1,14
S01010152,All HRPs,425,173,134,39,252,111,5,17,41,78
S01010152,24 and under,17,3,0,3,14,14,0,0,0,0
S01010152,25 to 34,51,23,8,15,28,27,0,1,0,0
S01010152,35 to 49,83,43,24,19,40,24,3,9,4,0
S01010152,50 to 64,110,54,53,1,56,26,1,7,20,2
S01010152,65 to 74,65,29,28,1,36,7,1,0,11,17
S01010152,75 to 84,76,20,20,0,56,10,0,0,6,40
S01010152,85 and over,23,1,1,0,22,3,0,0,0,19
S01010153,All HRPs,491,156,123,33,335,117,7,28,71,112
S01010153,24 and under,14,5,0,5,9,9,0,0,0,0
S01010153,25 to 34,36,8,3,5,28,23,1,2,2,0
S01010153,35 to 49,110,49,35,14,61,34,1,8,16,2
S01010153,50 to 64,117,47,41,6,70,22,1,11,26,10
S01010153,65 to 74,95,25,23,2,70,16,0,6,19,29
S01010153,75 to 84,90,20,19,1,70,9,4,1,7,49
S01010153,85 and over,29,2,2,0,27,4,0,0,1,22
S01010154,All HRPs,432,140,116,24,292,109,3,18,47,115
S01010154,24 and under,8,0,0,0,8,8,0,0,0,0
S01010154,25 to 34,35,11,2,9,24,22,0,0,2,0
S01010154,35 to 49,72,27,20,7,45,26,1,5,9,4
S01010154,50 to 64,114,48,40,8,66,26,1,8,20,11
S01010154,65 to 74,92,33,33,0,59,15,1,4,11,28
S01010154,75 to 84,81,19,19,0,62,8,0,0,5,49
S01010154,85 and over,30,2,2,0,28,4,0,1,0,23
S01010155,All HRPs,362,132,114,18,230,73,4,14,38,101
S01010155,24 and under,5,0,0,0,5,5,0,0,0,0
S01010155,25 to 34,20,8,4,4,12,12,0,0,0,0
S01010155,35 to 49,60,34,24,10,26,10,1,5,9,1
S01010155,50 to 64,109,57,53,4,52,19,1,6,19,7
S01010155,65 to 74,61,17,17,0,44,13,0,3,7,21
S01010155,75 to 84,68,12,12,0,56,12,2,0,1,41
S01010155,85 and over,39,4,4,0,35,2,0,0,2,31
S01010156,All HRPs,281,94,74,20,187,65,2,24,37,59
S01010156,24 and under,6,0,0,0,6,5,0,0,1,0
S01010156,25 to 34,24,12,6,6,12,12,0,0,0,0
S01010156,35 to 49,53,22,14,8,31,17,0,9,4,1
S01010156,50 to 64,75,30,26,4,45,12,0,8,21,4
S01010156,65 to 74,55,13,12,1,42,6,2,6,10,18
S01010156,75 to 84,47,14,13,1,33,10,0,1,1,21
S01010156,85 and over,21,3,3,0,18,3,0,0,0,15
S01010157,All HRPs,267,84,71,13,183,67,2,23,35,56
S01010157,24 and under,6,2,0,2,4,4,0,0,0,0
S01010157,25 to 34,18,6,4,2,12,11,0,1,0,0
S01010157,35 to 49,79,24,15,9,55,39,0,6,9,1
S01010157,50 to 64,75,26,26,0,49,10,0,12,18,9
S01010157,65 to 74,39,13,13,0,26,1,0,4,4,17
S01010157,75 to 84,45,13,13,0,32,2,2,0,4,24
S01010157,85 and over,5,0,0,0,5,0,0,0,0,5
S01010158,All HRPs,461,166,133,33,295,111,5,23,52,104
S01010158,24 and under,14,4,0,4,10,10,0,0,0,0
S01010158,25 to 34,48,16,9,7,32,28,0,3,1,0
S01010158,35 to 49,99,39,26,13,60,37,2,6,12,3
S01010158,50 to 64,128,56,48,8,72,19,0,8,29,16
S01010158,65 to 74,73,28,28,0,45,7,2,4,6,26
S01010158,75 to 84,74,16,16,0,58,7,1,1,4,45
S01010158,85 and over,25,7,6,1,18,3,0,1,0,14
S01010159,All HRPs,353,132,110,22,221,95,5,12,37,72
S01010159,24 and under,9,1,0,1,8,8,0,0,0,0
S01010159,25 to 34,31,10,6,4,21,21,0,0,0,0
S01010159,35 to 49,74,27,17,10,47,32,0,6,9,0
S01010159,50 to 64,87,43,37,6,44,17,0,4,16,7
S01010159,65 to 74,63,21,21,0,42,4,3,1,12,22
S01010159,75 to 84,67,25,25,0,42,8,2,1,0,31
S01010159,85 and over,22,5,4,1,17,5,0,0,0,12
S01010160,All HRPs,308,100,62,38,208,119,5,22,45,17
S01010160,24 and under,33,13,3,10,20,20,0,0,0,0
S01010160,25 to 34,74,31,19,12,43,38,1,4,0,0
S01010160,35 to 49,104,41,26,15,63,42,2,8,9,2
S01010160,50 to 64,68,15,14,1,53,17,1,7,24,4
S01010160,65 to 74,21,0,0,0,21,2,0,3,10,6
S01010160,75 to 84,8,0,0,0,8,0,1,0,2,5
S01010160,85 and over,0,0,0,0,0,0,0,0,0,0
S01010161,All HRPs,259,117,83,34,142,79,2,10,29,22
S01010161,24 and under,7,1,0,1,6,6,0,0,0,0
S01010161,25 to 34,30,12,7,5,18,18,0,0,0,0
S01010161,35 to 49,120,61,43,18,59,38,1,5,15,0
S01010161,50 to 64,68,34,24,10,34,12,0,3,11,8
S01010161,65 to 74,22,6,6,0,16,3,1,2,3,7
S01010161,75 to 84,11,3,3,0,8,2,0,0,0,6
S01010161,85 and over,1,0,0,0,1,0,0,0,0,1
S01010162,All HRPs,360,63,36,27,297,156,3,26,66,46
S01010162,24 and under,19,1,0,1,18,18,0,0,0,0
S01010162,25 to 34,85,24,6,18,61,55,1,4,1,0
S01010162,35 to 49,123,16,9,7,107,65,1,12,27,2
S01010162,50 to 64,80,17,16,1,63,15,0,9,27,12
S01010162,65 to 74,25,2,2,0,23,0,1,1,10,11
S01010162,75 to 84,20,3,3,0,17,3,0,0,1,13
S01010162,85 and over,8,0,0,0,8,0,0,0,0,8
S01010163,All HRPs,239,97,73,24,142,74,4,12,31,21
S01010163,24 and under,5,1,0,1,4,4,0,0,0,0
S01010163,25 to 34,38,16,7,9,22,20,0,2,0,0
S01010163,35 to 49,92,28,19,9,64,38,1,6,18,1
S01010163,50 to 64,55,30,28,2,25,8,1,3,11,2
S01010163,65 to 74,31,14,14,0,17,4,1,0,1,11
S01010163,75 to 84,14,7,5,2,7,0,1,0,0,6
S01010163,85 and over,4,1,0,1,3,0,0,1,1,1
S01010164,All HRPs,282,124,95,29,158,63,4,21,28,42
S01010164,24 and under,7,0,0,0,7,7,0,0,0,0
S01010164,25 to 34,36,19,8,11,17,16,0,0,1,0
S01010164,35 to 49,83,34,21,13,49,28,1,11,9,0
S01010164,50 to 64,89,48,43,5,41,10,2,9,10,10
S01010164,65 to 74,39,17,17,0,22,1,0,1,7,13
S01010164,75 to 84,25,6,6,0,19,1,1,0,1,16
S01010164,85 and over,3,0,0,0,3,0,0,0,0,3
S01010165,All HRPs,275,77,57,20,198,116,1,20,23,38
S01010165,24 and under,18,5,0,5,13,13,0,0,0,0
S01010165,25 to 34,52,9,5,4,43,42,0,0,1,0
S01010165,35 to 49,65,10,4,6,55,37,1,9,7,1
S01010165,50 to 64,85,31,26,5,54,21,0,9,12,12
S01010165,65 to 74,31,15,15,0,16,2,0,2,3,9
S01010165,75 to 84,18,6,6,0,12,1,0,0,0,11
S01010165,85 and over,6,1,1,0,5,0,0,0,0,5
S01010166,All HRPs,347,128,105,23,219,93,1,25,38,62
S01010166,24 and under,7,0,0,0,7,7,0,0,0,0
S01010166,25 to 34,35,16,9,7,19,19,0,0,0,0
S01010166,35 to 49,88,30,19,11,58,41,0,11,6,0
S01010166,50 to 64,115,50,45,5,65,20,1,9,25,10
S01010166,65 to 74,56,22,22,0,34,2,0,2,6,24
S01010166,75 to 84,35,10,10,0,25,4,0,2,1,18
S01010166,85 and over,11,0,0,0,11,0,0,1,0,10
S01010167,All HRPs,472,135,112,23,337,153,0,28,71,85
S01010167,24 and under,23,2,0,2,21,21,0,0,0,0
S01010167,25 to 34,54,13,5,8,41,37,0,1,2,1
S01010167,35 to 49,88,18,9,9,70,60,0,4,6,0
S01010167,50 to 64,149,50,46,4,99,25,0,17,38,19
S01010167,65 to 74,91,37,37,0,54,5,0,5,18,26
S01010167,75 to 84,44,11,11,0,33,1,0,1,7,24
S01010167,85 and over,23,4,4,0,19,4,0,0,0,15
S01010168,All HRPs,236,88,55,33,148,75,0,19,19,35
S01010168,24 and under,7,1,0,1,6,6,0,0,0,0
S01010168,25 to 34,54,25,10,15,29,26,0,3,0,0
S01010168,35 to 49,76,31,19,12,45,29,0,7,6,3
S01010168,50 to 64,52,20,16,4,32,9,0,7,11,5
S01010168,65 to 74,29,9,8,1,20,5,0,2,1,12
S01010168,75 to 84,14,2,2,0,12,0,0,0,1,11
S01010168,85 and over,4,0,0,0,4,0,0,0,0,4
S01010169,All HRPs,367,136,84,52,231,124,7,27,46,27
S01010169,24 and under,31,11,0,11,20,20,0,0,0,0
S01010169,25 to 34,74,32,9,23,42,38,0,2,2,0
S01010169,35 to 49,143,45,31,14,98,55,7,15,21,0
S01010169,50 to 64,72,33,29,4,39,9,0,10,17,3
S01010169,65 to 74,32,13,13,0,19,2,0,0,5,12
S01010169,75 to 84,12,1,1,0,11,0,0,0,1,10
S01010169,85 and over,3,1,1,0,2,0,0,0,0,2
S01010170,All HRPs,271,80,54,26,191,109,2,15,37,28
S01010170,24 and under,18,4,0,4,14,14,0,0,0,0
S01010170,25 to 34,44,8,1,7,36,33,1,1,1,0
S01010170,35 to 49,87,18,10,8,69,47,0,6,11,5
S01010170,50 to 64,78,34,27,7,44,13,1,7,20,3
S01010170,65 to 74,31,14,14,0,17,1,0,1,3,12
S01010170,75 to 84,9,2,2,0,7,1,0,0,1,5
S01010170,85 and over,4,0,0,0,4,0,0,0,1,3
S01010171,All HRPs,489,112,70,42,377,201,3,46,64,63
S01010171,24 and under,44,9,3,6,35,35,0,0,0,0
S01010171,25 to 34,63,16,3,13,47,43,0,3,1,0
S01010171,35 to 49,157,38,21,17,119,83,2,19,10,5
S01010171,50 to 64,114,29,23,6,85,28,0,16,31,10
S01010171,65 to 74,60,12,12,0,48,7,1,5,18,17
S01010171,75 to 84,38,5,5,0,33,4,0,3,2,24
S01010171,85 and over,13,3,3,0,10,1,0,0,2,7
S01010172,All HRPs,481,96,62,34,385,186,3,36,68,92
S01010172,24 and under,8,0,0,0,8,8,0,0,0,0
S01010172,25 to 34,65,17,6,11,48,44,0,3,1,0
S01010172,35 to 49,99,20,8,12,79,52,0,11,16,0
S01010172,50 to 64,114,21,16,5,93,40,1,4,38,10
S01010172,65 to 74,83,20,17,3,63,16,0,10,11,26
S01010172,75 to 84,82,15,12,3,67,20,0,8,1,38
S01010172,85 and over,30,3,3,0,27,6,2,0,1,18
S01010173,All HRPs,331,141,116,25,190,68,7,10,34,71
S01010173,24 and under,7,0,0,0,7,7,0,0,0,0
S01010173,25 to 34,30,17,6,11,13,11,0,0,2,0
S01010173,35 to 49,87,40,30,10,47,25,4,6,9,3
S01010173,50 to 64,76,44,41,3,32,11,1,4,13,3
S01010173,65 to 74,45,17,16,1,28,6,1,0,6,15
S01010173,75 to 84,65,19,19,0,46,5,1,0,4,36
S01010173,85 and over,21,4,4,0,17,3,0,0,0,14
S01010174,All HRPs,250,120,102,18,130,48,2,11,19,50
S01010174,24 and under,4,0,0,0,4,4,0,0,0,0
S01010174,25 to 34,18,10,4,6,8,8,0,0,0,0
S01010174,35 to 49,58,36,27,9,22,11,0,4,4,3
S01010174,50 to 64,83,49,46,3,34,12,0,6,11,5
S01010174,65 to 74,37,15,15,0,22,6,0,0,3,13
S01010174,75 to 84,33,9,9,0,24,5,1,1,1,16
S01010174,85 and over,17,1,1,0,16,2,1,0,0,13
S01010175,All HRPs,216,84,64,20,132,58,3,17,26,28
S01010175,24 and under,8,1,0,1,7,7,0,0,0,0
S01010175,25 to 34,25,8,6,2,17,15,0,1,1,0
S01010175,35 to 49,60,33,23,10,27,18,1,4,4,0
S01010175,50 to 64,63,26,21,5,37,9,0,8,14,6
S01010175,65 to 74,23,11,10,1,12,2,0,2,4,4
S01010175,75 to 84,22,4,3,1,18,4,2,2,3,7
S01010175,85 and over,15,1,1,0,14,3,0,0,0,11
S01010176,All HRPs,369,111,86,25,258,107,5,16,51,79
S01010176,24 and under,10,1,0,1,9,8,0,1,0,0
S01010176,25 to 34,40,11,5,6,29,25,3,1,0,0
S01010176,35 to 49,88,36,23,13,52,29,0,7,15,1
S01010176,50 to 64,92,34,30,4,58,24,0,6,21,7
S01010176,65 to 74,56,19,18,1,37,6,0,0,9,22
S01010176,75 to 84,62,8,8,0,54,10,2,0,5,37
S01010176,85 and over,21,2,2,0,19,5,0,1,1,12
S01010177,All HRPs,315,96,69,27,219,109,6,20,37,47
S01010177,24 and under,16,1,0,1,15,14,1,0,0,0
S01010177,25 to 34,52,15,12,3,37,33,1,3,0,0
S01010177,35 to 49,105,33,17,16,72,46,1,7,13,5
S01010177,50 to 64,80,32,26,6,48,12,3,9,16,8
S01010177,65 to 74,37,13,12,1,24,1,0,1,6,16
S01010177,75 to 84,17,2,2,0,15,2,0,0,1,12
S01010177,85 and over,8,0,0,0,8,1,0,0,1,6
S01010178,All HRPs,391,126,87,39,265,133,1,26,55,50
S01010178,24 and under,18,2,0,2,16,16,0,0,0,0
S01010178,25 to 34,51,16,6,10,35,28,0,3,3,1
S01010178,35 to 49,141,46,30,16,95,65,0,8,19,3
S01010178,50 to 64,111,40,32,8,71,19,1,14,22,15
S01010178,65 to 74,43,19,16,3,24,2,0,1,8,13
S01010178,75 to 84,23,2,2,0,21,3,0,0,3,15
S01010178,85 and over,4,1,1,0,3,0,0,0,0,3
S01010179,All HRPs,387,123,94,29,264,123,8,41,35,57
S01010179,24 and under,18,0,0,0,18,18,0,0,0,0
S01010179,25 to 34,51,17,5,12,34,26,5,1,2,0
S01010179,35 to 49,108,36,21,15,72,42,0,15,12,3
S01010179,50 to 64,121,41,39,2,80,28,2,21,15,14
S01010179,65 to 74,45,16,16,0,29,5,0,3,3,18
S01010179,75 to 84,39,12,12,0,27,2,0,1,3,21
S01010179,85 and over,5,1,1,0,4,2,1,0,0,1
S01010180,All HRPs,215,110,75,35,105,65,2,14,11,13
S01010180,24 and under,15,4,1,3,11,10,0,1,0,0
S01010180,25 to 34,61,36,21,15,25,19,1,4,1,0
S01010180,35 to 49,92,47,33,14,45,33,1,4,5,2
S01010180,50 to 64,31,18,16,2,13,1,0,5,4,3
S01010180,65 to 74,9,4,3,1,5,2,0,0,1,2
S01010180,75 to 84,7,1,1,0,6,0,0,0,0,6
S01010180,85 and over,0,0,0,0,0,0,0,0,0,0
S01010181,All HRPs,272,85,69,16,187,75,4,28,36,44
S01010181,24 and under,10,1,0,1,9,9,0,0,0,0
S01010181,25 to 34,31,8,6,2,23,21,0,1,1,0
S01010181,35 to 49,74,21,10,11,53,31,2,9,10,1
S01010181,50 to 64,76,31,30,1,45,11,1,12,14,7
S01010181,65 to 74,47,15,14,1,32,3,1,5,7,16
S01010181,75 to 84,31,9,9,0,22,0,0,1,4,17
S01010181,85 and over,3,0,0,0,3,0,0,0,0,3
S01010182,All HRPs,307,176,143,33,131,67,1,12,20,31
S01010182,24 and under,6,2,0,2,4,4,0,0,0,0
S01010182,25 to 34,48,30,19,11,18,18,0,0,0,0
S01010182,35 to 49,83,38,25,13,45,24,0,6,11,4
S01010182,50 to 64,106,72,67,5,34,11,1,6,7,9
S01010182,65 to 74,40,24,22,2,16,6,0,0,1,9
S01010182,75 to 84,20,10,10,0,10,2,0,0,1,7
S01010182,85 and over,4,0,0,0,4,2,0,0,0,2
S01010183,All HRPs,232,73,61,12,159,63,1,13,25,57
S01010183,24 and under,12,0,0,0,12,11,0,0,0,1
S01010183,25 to 34,20,4,1,3,16,15,1,0,0,0
S01010183,35 to 49,58,18,15,3,40,23,0,8,7,2
S01010183,50 to 64,59,28,22,6,31,9,0,4,11,7
S01010183,65 to 74,23,8,8,0,15,0,0,0,4,11
S01010183,75 to 84,45,15,15,0,30,3,0,1,3,23
S01010183,85 and over,15,0,0,0,15,2,0,0,0,13
S01010184,All HRPs,286,82,66,16,204,93,1,18,41,51
S01010184,24 and under,12,4,0,4,8,8,0,0,0,0
S01010184,25 to 34,39,3,1,2,36,34,0,0,2,0
S01010184,35 to 49,83,25,19,6,58,36,0,8,13,1
S01010184,50 to 64,70,30,27,3,40,11,0,6,16,7
S01010184,65 to 74,39,13,12,1,26,3,0,4,6,13
S01010184,75 to 84,34,6,6,0,28,1,1,0,4,22
S01010184,85 and over,9,1,1,0,8,0,0,0,0,8
S01010185,All HRPs,282,88,62,26,194,104,4,20,35,31
S01010185,24 and under,14,2,0,2,12,12,0,0,0,0
S01010185,25 to 34,39,15,7,8,24,24,0,0,0,0
S01010185,35 to 49,103,30,19,11,73,47,3,7,15,1
S01010185,50 to 64,59,18,13,5,41,18,1,9,8,5
S01010185,65 to 74,39,18,18,0,21,0,0,3,7,11
S01010185,75 to 84,24,5,5,0,19,2,0,1,5,11
S01010185,85 and over,4,0,0,0,4,1,0,0,0,3
S01010186,All HRPs,246,155,133,22,91,37,3,21,15,15
S01010186,24 and under,5,2,1,1,3,3,0,0,0,0
S01010186,25 to 34,28,18,11,7,10,8,0,2,0,0
S01010186,35 to 49,98,53,44,9,45,15,2,14,12,2
S01010186,50 to 64,78,63,59,4,15,9,0,2,2,2
S01010186,65 to 74,23,11,11,0,12,1,0,2,1,8
S01010186,75 to 84,12,8,7,1,4,0,1,1,0,2
S01010186,85 and over,2,0,0,0,2,1,0,0,0,1
S01010187,All HRPs,294,151,123,28,143,72,0,21,30,20
S01010187,24 and under,3,0,0,0,3,3,0,0,0,0
S01010187,25 to 34,46,28,12,16,18,17,0,1,0,0
S01010187,35 to 49,109,48,40,8,61,38,0,10,10,3
S01010187,50 to 64,99,59,55,4,40,10,0,8,15,7
S01010187,65 to 74,24,10,10,0,14,3,0,2,5,4
S01010187,75 to 84,12,6,6,0,6,1,0,0,0,5
S01010187,85 and over,1,0,0,0,1,0,0,0,0,1
S01010188,All HRPs,304,164,130,34,140,58,6,17,28,31
S01010188,24 and under,9,1,0,1,8,7,1,0,0,0
S01010188,25 to 34,41,20,10,10,21,17,0,3,1,0
S01010188,35 to 49,105,63,46,17,42,24,1,6,9,2
S01010188,50 to 64,100,57,52,5,43,9,4,7,16,7
S01010188,65 to 74,30,17,17,0,13,1,0,0,1,11
S01010188,75 to 84,15,6,5,1,9,0,0,1,1,7
S01010188,85 and over,4,0,0,0,4,0,0,0,0,4
S01010189,All HRPs,336,253,214,39,83,35,3,13,18,14
S01010189,24 and under,6,0,0,0,6,6,0,0,0,0
S01010189,25 to 34,50,38,28,10,12,9,2,0,1,0
S01010189,35 to 49,172,134,114,20,38,16,1,10,9,2
S01010189,50 to 64,91,72,63,9,19,4,0,3,7,5
S01010189,65 to 74,9,7,7,0,2,0,0,0,0,2
S01010189,75 to 84,8,2,2,0,6,0,0,0,1,5
S01010189,85 and over,0,0,0,0,0,0,0,0,0,0
S01010190,All HRPs,253,196,161,35,57,18,3,18,13,5
S01010190,24 and under,3,1,1,0,2,2,0,0,0,0
S01010190,25 to 34,42,30,21,9,12,5,2,4,1,0
S01010190,35 to 49,133,105,86,19,28,7,1,10,6,4
S01010190,50 to 64,65,53,46,7,12,2,0,4,6,0
S01010190,65 to 74,5,4,4,0,1,1,0,0,0,0
S01010190,75 to 84,5,3,3,0,2,1,0,0,0,1
S01010190,85 and over,0,0,0,0,0,0,0,0,0,0
S01010191,All HRPs,266,169,140,29,97,45,1,15,24,12
S01010191,24 and under,1,1,0,1,0,0,0,0,0,0
S01010191,25 to 34,46,29,16,13,17,14,0,0,2,1
S01010191,35 to 49,127,83,77,6,44,23,0,13,7,1
S01010191,50 to 64,71,50,41,9,21,6,0,2,11,2
S01010191,65 to 74,13,5,5,0,8,0,1,0,1,6
S01010191,75 to 84,7,1,1,0,6,2,0,0,3,1
S01010191,85 and over,1,0,0,0,1,0,0,0,0,1
S01010192,All HRPs,294,216,183,33,78,33,4,14,18,9
S01010192,24 and under,3,2,0,2,1,0,1,0,0,0
S01010192,25 to 34,49,31,23,8,18,14,1,3,0,0
S01010192,35 to 49,152,113,96,17,39,15,2,9,12,1
S01010192,50 to 64,81,66,60,6,15,4,0,2,6,3
S01010192,65 to 74,8,4,4,0,4,0,0,0,0,4
S01010192,75 to 84,1,0,0,0,1,0,0,0,0,1
S01010192,85 and over,0,0,0,0,0,0,0,0,0,0
S01010193,All HRPs,329,173,139,34,156,70,2,26,28,30
S01010193,24 and under,8,3,0,3,5,5,0,0,0,0
S01010193,25 to 34,36,22,10,12,14,10,1,0,3,0
S01010193,35 to 49,124,69,57,12,55,25,0,14,16,0
S01010193,50 to 64,85,53,48,5,32,7,0,10,8,7
S01010193,65 to 74,33,14,13,1,19,8,0,2,1,8
S01010193,75 to 84,29,9,8,1,20,10,0,0,0,10
S01010193,85 and over,14,3,3,0,11,5,1,0,0,5
S01010194,All HRPs,268,103,87,16,165,51,6,16,19,73
S01010194,24 and under,4,2,0,2,2,2,0,0,0,0
S01010194,25 to 34,11,3,1,2,8,7,0,1,0,0
S01010194,35 to 49,63,34,28,6,29,14,3,7,4,1
S01010194,50 to 64,72,35,30,5,37,14,2,6,11,4
S01010194,65 to 74,53,18,17,1,35,6,1,1,2,25
S01010194,75 to 84,50,10,10,0,40,6,0,0,2,32
S01010194,85 and over,15,1,1,0,14,2,0,1,0,11
S01010195,All HRPs,212,97,81,16,115,41,5,15,18,36
S01010195,24 and under,1,0,0,0,1,1,0,0,0,0
S01010195,25 to 34,12,4,1,3,8,6,0,2,0,0
S01010195,35 to 49,82,43,31,12,39,23,3,7,5,1
S01010195,50 to 64,55,30,29,1,25,6,0,5,9,5
S01010195,65 to 74,26,16,16,0,10,2,0,1,3,4
S01010195,75 to 84,30,3,3,0,27,2,1,0,1,23
S01010195,85 and over,6,1,1,0,5,1,1,0,0,3
S01010196,All HRPs,274,122,103,19,152,55,2,16,30,49
S01010196,24 and under,5,0,0,0,5,5,0,0,0,0
S01010196,25 to 34,23,7,2,5,16,13,0,2,1,0
S01010196,35 to 49,66,29,22,7,37,23,1,6,7,0
S01010196,50 to 64,95,53,48,5,42,11,0,6,17,8
S01010196,65 to 74,58,28,26,2,30,1,1,2,4,22
S01010196,75 to 84,22,5,5,0,17,2,0,0,1,14
S01010196,85 and over,5,0,0,0,5,0,0,0,0,5
S01010197,All HRPs,260,101,73,28,159,59,2,22,30,46
S01010197,24 and under,5,1,0,1,4,4,0,0,0,0
S01010197,25 to 34,20,8,0,8,12,12,0,0,0,0
S01010197,35 to 49,71,27,21,6,44,25,0,10,8,1
S01010197,50 to 64,92,47,35,12,45,12,1,10,14,8
S01010197,65 to 74,34,10,9,1,24,4,0,1,6,13
S01010197,75 to 84,33,7,7,0,26,1,1,1,2,21
S01010197,85 and over,5,1,1,0,4,1,0,0,0,3
S01010198,All HRPs,394,158,127,31,236,78,4,29,48,77
S01010198,24 and under,6,2,0,2,4,4,0,0,0,0
S01010198,25 to 34,33,14,5,9,19,14,1,3,0,1
S01010198,35 to 49,117,50,37,13,67,39,0,12,15,1
S01010198,50 to 64,101,53,48,5,48,5,1,8,22,12
S01010198,65 to 74,67,21,20,1,46,9,1,5,10,21
S01010198,75 to 84,60,15,14,1,45,7,1,1,1,35
S01010198,85 and over,10,3,3,0,7,0,0,0,0,7
S01010199,All HRPs,232,69,55,14,163,71,5,22,31,34
S01010199,24 and under,12,0,0,0,12,12,0,0,0,0
S01010199,25 to 34,26,7,1,6,19,17,0,2,0,0
S01010199,35 to 49,74,19,13,6,55,31,1,12,10,1
S01010199,50 to 64,59,25,23,2,34,8,3,5,12,6
S01010199,65 to 74,29,8,8,0,21,2,0,3,7,9
S01010199,75 to 84,27,10,10,0,17,1,1,0,2,13
S01010199,85 and over,5,0,0,0,5,0,0,0,0,5
S01010200,All HRPs,305,126,102,24,179,52,5,15,38,69
S01010200,24 and under,4,1,0,1,3,3,0,0,0,0
S01010200,25 to 34,22,6,3,3,16,12,0,4,0,0
S01010200,35 to 49,59,30,17,13,29,19,0,2,7,1
S01010200,50 to 64,79,49,43,6,30,8,1,4,15,2
S01010200,65 to 74,60,23,23,0,37,3,2,3,13,16
S01010200,75 to 84,60,16,15,1,44,4,1,2,2,35
S01010200,85 and over,21,1,1,0,20,3,1,0,1,15
S01010201,All HRPs,253,143,116,27,110,40,5,16,15,34
S01010201,24 and under,4,1,0,1,3,3,0,0,0,0
S01010201,25 to 34,26,12,6,6,14,12,2,0,0,0
S01010201,35 to 49,86,55,43,12,31,16,0,10,4,1
S01010201,50 to 64,63,38,32,6,25,8,1,4,6,6
S01010201,65 to 74,30,17,16,1,13,0,0,1,2,10
S01010201,75 to 84,32,19,18,1,13,1,2,1,1,8
S01010201,85 and over,12,1,1,0,11,0,0,0,2,9
S01010202,All HRPs,365,77,41,36,288,173,5,41,40,29
S01010202,24 and under,35,6,1,5,29,29,0,0,0,0
S01010202,25 to 34,102,21,10,11,81,72,2,7,0,0
S01010202,35 to 49,139,34,21,13,105,63,3,22,16,1
S01010202,50 to 64,57,10,4,6,47,8,0,11,19,9
S01010202,65 to 74,17,4,4,0,13,1,0,1,4,7
S01010202,75 to 84,15,2,1,1,13,0,0,0,1,12
S01010202,85 and over,0,0,0,0,0,0,0,0,0,0
S01010203,All HRPs,260,160,121,39,100,53,5,14,17,11
S01010203,24 and under,10,2,0,2,8,8,0,0,0,0
S01010203,25 to 34,36,23,10,13,13,12,0,1,0,0
S01010203,35 to 49,125,74,57,17,51,27,4,11,8,1
S01010203,50 to 64,59,42,35,7,17,5,1,2,7,2
S01010203,65 to 74,19,15,15,0,4,0,0,0,2,2
S01010203,75 to 84,11,4,4,0,7,1,0,0,0,6
S01010203,85 and over,0,0,0,0,0,0,0,0,0,0
S01010204,All HRPs,381,94,61,33,287,145,5,30,49,58
S01010204,24 and under,18,0,0,0,18,17,1,0,0,0
S01010204,25 to 34,56,14,2,12,42,38,0,3,0,1
S01010204,35 to 49,123,36,22,14,87,59,4,11,11,2
S01010204,50 to 64,105,30,25,5,75,22,0,13,25,15
S01010204,65 to 74,45,10,10,0,35,4,0,3,11,17
S01010204,75 to 84,25,4,2,2,21,3,0,0,2,16
S01010204,85 and over,9,0,0,0,9,2,0,0,0,7
S01010205,All HRPs,355,107,73,34,248,115,19,20,38,56
S01010205,24 and under,9,3,0,3,6,6,0,0,0,0
S01010205,25 to 34,59,17,4,13,42,39,0,2,1,0
S01010205,35 to 49,117,37,21,16,80,50,4,9,13,4
S01010205,50 to 64,88,34,32,2,54,11,9,7,14,13
S01010205,65 to 74,51,12,12,0,39,3,4,2,7,23
S01010205,75 to 84,26,4,4,0,22,3,2,0,3,14
S01010205,85 and over,5,0,0,0,5,3,0,0,0,2
S01010206,All HRPs,255,49,33,16,206,131,37,14,17,7
S01010206,24 and under,48,3,0,3,45,36,8,1,0,0
S01010206,25 to 34,125,27,17,10,98,65,22,6,4,1
S01010206,35 to 49,67,15,12,3,52,28,6,5,10,3
S01010206,50 to 64,10,4,4,0,6,1,1,1,2,1
S01010206,65 to 74,2,0,0,0,2,1,0,1,0,0
S01010206,75 to 84,2,0,0,0,2,0,0,0,1,1
S01010206,85 and over,1,0,0,0,1,0,0,0,0,1
S01010207,All HRPs,285,77,66,11,208,99,25,31,33,20
S01010207,24 and under,27,1,0,1,26,25,0,1,0,0
S01010207,25 to 34,62,10,8,2,52,31,8,7,3,3
S01010207,35 to 49,115,40,34,6,75,35,13,18,7,2
S01010207,50 to 64,40,14,14,0,26,5,2,2,14,3
S01010207,65 to 74,26,9,7,2,17,2,0,3,7,5
S01010207,75 to 84,11,3,3,0,8,1,2,0,2,3
S01010207,85 and over,4,0,0,0,4,0,0,0,0,4
S01010208,All HRPs,565,138,90,48,427,231,4,37,94,61
S01010208,24 and under,29,3,0,3,26,26,0,0,0,0
S01010208,25 to 34,131,45,22,23,86,74,0,6,6,0
S01010208,35 to 49,193,39,23,16,154,105,3,11,34,1
S01010208,50 to 64,117,35,30,5,82,19,1,14,38,10
S01010208,65 to 74,49,10,10,0,39,4,0,3,12,20
S01010208,75 to 84,41,6,5,1,35,3,0,3,4,25
S01010208,85 and over,5,0,0,0,5,0,0,0,0,5
S01010209,All HRPs,468,141,97,44,327,173,7,29,49,69
S01010209,24 and under,10,1,0,1,9,9,0,0,0,0
S01010209,25 to 34,70,22,9,13,48,43,3,2,0,0
S01010209,35 to 49,153,46,25,21,107,75,2,15,13,2
S01010209,50 to 64,113,39,33,6,74,31,1,8,23,11
S01010209,65 to 74,55,18,17,1,37,7,0,4,6,20
S01010209,75 to 84,49,12,10,2,37,6,1,0,6,24
S01010209,85 and over,18,3,3,0,15,2,0,0,1,12
S01010210,All HRPs,416,179,141,38,237,102,2,20,37,76
S01010210,24 and under,8,4,0,4,4,4,0,0,0,0
S01010210,25 to 34,40,12,2,10,28,24,0,1,3,0
S01010210,35 to 49,109,57,42,15,52,38,0,7,6,1
S01010210,50 to 64,102,55,48,7,47,18,1,7,17,4
S01010210,65 to 74,67,23,21,2,44,5,0,3,9,27
S01010210,75 to 84,72,22,22,0,50,11,1,2,2,34
S01010210,85 and over,18,6,6,0,12,2,0,0,0,10
S01010211,All HRPs,452,131,97,34,321,154,1,25,62,79
S01010211,24 and under,20,4,1,3,16,16,0,0,0,0
S01010211,25 to 34,53,15,2,13,38,37,1,0,0,0
S01010211,35 to 49,122,40,28,12,82,56,0,12,14,0
S01010211,50 to 64,105,32,27,5,73,25,0,7,26,15
S01010211,65 to 74,84,28,27,1,56,11,0,2,16,27
S01010211,75 to 84,60,12,12,0,48,8,0,4,6,30
S01010211,85 and over,8,0,0,0,8,1,0,0,0,7
S01010212,All HRPs,559,121,81,40,438,240,21,43,86,48
S01010212,24 and under,36,5,0,5,31,27,4,0,0,0
S01010212,25 to 34,99,24,11,13,75,69,4,1,1,0
S01010212,35 to 49,181,35,24,11,146,94,7,18,23,4
S01010212,50 to 64,130,33,26,7,97,30,5,19,37,6
S01010212,65 to 74,64,13,10,3,51,13,0,3,20,15
S01010212,75 to 84,46,10,9,1,36,7,1,2,5,21
S01010212,85 and over,3,1,1,0,2,0,0,0,0,2
S01010213,All HRPs,476,173,123,50,303,117,7,24,50,105
S01010213,24 and under,12,4,0,4,8,8,0,0,0,0
S01010213,25 to 34,48,25,10,15,23,19,2,1,1,0
S01010213,35 to 49,116,41,21,20,75,42,2,14,14,3
S01010213,50 to 64,112,48,40,8,64,23,1,8,23,9
S01010213,65 to 74,71,26,23,3,45,9,0,1,4,31
S01010213,75 to 84,86,23,23,0,63,13,2,0,8,40
S01010213,85 and over,31,6,6,0,25,3,0,0,0,22
S01010214,All HRPs,396,214,177,37,182,67,4,18,36,57
S01010214,24 and under,7,2,1,1,5,5,0,0,0,0
S01010214,25 to 34,30,13,9,4,17,12,0,4,1,0
S01010214,35 to 49,126,70,50,20,56,30,1,7,14,4
S01010214,50 to 64,110,74,63,11,36,11,2,4,14,5
S01010214,65 to 74,63,31,30,1,32,5,0,2,6,19
S01010214,75 to 84,44,21,21,0,23,3,0,0,1,19
S01010214,85 and over,16,3,3,0,13,1,1,1,0,10
S01010215,All HRPs,492,93,65,28,399,148,11,33,99,108
S01010215,24 and under,16,2,0,2,14,13,0,0,0,1
S01010215,25 to 34,53,13,5,8,40,32,2,4,2,0
S01010215,35 to 49,132,24,14,10,108,63,5,12,28,0
S01010215,50 to 64,110,23,19,4,87,19,4,9,41,14
S01010215,65 to 74,92,17,14,3,75,8,0,5,19,43
S01010215,75 to 84,76,13,12,1,63,11,0,3,9,40
S01010215,85 and over,13,1,1,0,12,2,0,0,0,10
S01010216,All HRPs,361,79,50,29,282,150,5,28,54,45
S01010216,24 and under,23,6,1,5,17,17,0,0,0,0
S01010216,25 to 34,62,21,13,8,41,37,0,3,1,0
S01010216,35 to 49,97,19,11,8,78,53,4,7,13,1
S01010216,50 to 64,84,16,12,4,68,26,0,13,23,6
S01010216,65 to 74,41,5,3,2,36,11,0,5,13,7
S01010216,75 to 84,47,12,10,2,35,6,1,0,4,24
S01010216,85 and over,7,0,0,0,7,0,0,0,0,7
S01010217,All HRPs,406,90,46,44,316,203,16,23,49,25
S01010217,24 and under,38,6,1,5,32,32,0,0,0,0
S01010217,25 to 34,110,26,11,15,84,65,9,4,5,1
S01010217,35 to 49,147,32,13,19,115,81,7,10,17,0
S01010217,50 to 64,73,17,12,5,56,20,0,9,20,7
S01010217,65 to 74,22,3,3,0,19,3,0,0,7,9
S01010217,75 to 84,13,4,4,0,9,2,0,0,0,7
S01010217,85 and over,3,2,2,0,1,0,0,0,0,1
S01010218,All HRPs,587,148,81,67,439,275,4,40,74,46
S01010218,24 and under,31,6,0,6,25,25,0,0,0,0
S01010218,25 to 34,142,52,21,31,90,88,1,0,1,0
S01010218,35 to 49,223,43,24,19,180,126,1,14,37,2
S01010218,50 to 64,99,26,15,11,73,23,1,16,27,6
S01010218,65 to 74,51,12,12,0,39,11,0,9,5,14
S01010218,75 to 84,32,9,9,0,23,2,1,1,4,15
S01010218,85 and over,9,0,0,0,9,0,0,0,0,9
S01010219,All HRPs,274,53,39,14,221,120,21,24,29,27
S01010219,24 and under,20,5,2,3,15,15,0,0,0,0
S01010219,25 to 34,87,18,12,6,69,56,7,5,0,1
S01010219,35 to 49,88,20,16,4,68,37,14,8,8,1
S01010219,50 to 64,40,5,4,1,35,9,0,8,13,5
S01010219,65 to 74,21,1,1,0,20,3,0,2,6,9
S01010219,75 to 84,14,4,4,0,10,0,0,1,2,7
S01010219,85 and over,4,0,0,0,4,0,0,0,0,4
S01010220,All HRPs,279,101,55,46,178,134,13,7,17,7
S01010220,24 and under,44,7,1,6,37,36,0,1,0,0
S01010220,25 to 34,120,51,23,28,69,63,3,2,0,1
S01010220,35 to 49,78,29,19,10,49,31,9,2,7,0
S01010220,50 to 64,32,13,11,2,19,4,1,2,9,3
S01010220,65 to 74,5,1,1,0,4,0,0,0,1,3
S01010220,75 to 84,0,0,0,0,0,0,0,0,0,0
S01010220,85 and over,0,0,0,0,0,0,0,0,0,0
S01010221,All HRPs,260,46,30,16,214,118,5,8,40,43
S01010221,24 and under,18,1,0,1,17,17,0,0,0,0
S01010221,25 to 34,39,9,3,6,30,28,1,0,1,0
S01010221,35 to 49,70,12,6,6,58,47,2,2,6,1
S01010221,50 to 64,62,16,13,3,46,14,2,4,17,9
S01010221,65 to 74,42,7,7,0,35,8,0,2,9,16
S01010221,75 to 84,20,0,0,0,20,3,0,0,7,10
S01010221,85 and over,9,1,1,0,8,1,0,0,0,7
S01010222,All HRPs,285,85,48,37,200,123,2,16,31,28
S01010222,24 and under,29,8,0,8,21,21,0,0,0,0
S01010222,25 to 34,59,13,4,9,46,41,0,2,3,0
S01010222,35 to 49,84,23,9,14,61,44,0,7,7,3
S01010222,50 to 64,65,22,18,4,43,15,0,4,17,7
S01010222,65 to 74,29,11,11,0,18,1,2,3,3,9
S01010222,75 to 84,16,7,5,2,9,1,0,0,1,7
S01010222,85 and over,3,1,1,0,2,0,0,0,0,2
S01010223,All HRPs,337,76,49,27,261,129,2,26,60,44
S01010223,24 and under,21,1,0,1,20,20,0,0,0,0
S01010223,25 to 34,47,11,4,7,36,36,0,0,0,0
S01010223,35 to 49,101,25,12,13,76,51,1,10,11,3
S01010223,50 to 64,88,25,19,6,63,13,1,7,31,11
S01010223,65 to 74,50,9,9,0,41,5,0,7,15,14
S01010223,75 to 84,20,4,4,0,16,4,0,1,3,8
S01010223,85 and over,10,1,1,0,9,0,0,1,0,8
S01010224,All HRPs,469,110,77,33,359,176,14,51,58,60
S01010224,24 and under,27,2,1,1,25,25,0,0,0,0
S01010224,25 to 34,84,28,14,14,56,51,0,3,2,0
S01010224,35 to 49,156,39,27,12,117,64,14,22,14,3
S01010224,50 to 64,127,34,28,6,93,27,0,26,28,12
S01010224,65 to 74,43,7,7,0,36,4,0,0,13,19
S01010224,75 to 84,25,0,0,0,25,5,0,0,0,20
S01010224,85 and over,7,0,0,0,7,0,0,0,1,6
S01010225,All HRPs,431,117,84,33,314,182,12,26,51,43
S01010225,24 and under,38,4,1,3,34,34,0,0,0,0
S01010225,25 to 34,109,30,18,12,79,70,5,2,1,1
S01010225,35 to 49,123,32,20,12,91,53,5,14,16,3
S01010225,50 to 64,94,34,29,5,60,22,2,5,23,8
S01010225,65 to 74,44,14,14,0,30,1,0,5,8,16
S01010225,75 to 84,18,2,2,0,16,1,0,0,3,12
S01010225,85 and over,5,1,0,1,4,1,0,0,0,3
S01010226,All HRPs,394,100,87,13,294,142,39,30,54,29
S01010226,24 and under,28,2,0,2,26,22,3,1,0,0
S01010226,25 to 34,82,23,18,5,59,35,13,6,3,2
S01010226,35 to 49,174,59,54,5,115,58,15,15,18,9
S01010226,50 to 64,68,11,11,0,57,20,7,6,23,1
S01010226,65 to 74,19,3,2,1,16,4,1,2,6,3
S01010226,75 to 84,19,2,2,0,17,2,0,0,2,13
S01010226,85 and over,4,0,0,0,4,1,0,0,2,1
S01010227,All HRPs,294,91,71,20,203,121,32,15,26,9
S01010227,24 and under,23,3,1,2,20,16,2,2,0,0
S01010227,25 to 34,65,22,11,11,43,28,12,1,1,1
S01010227,35 to 49,133,54,47,7,79,53,11,7,8,0
S01010227,50 to 64,46,10,10,0,36,14,5,4,12,1
S01010227,65 to 74,16,1,1,0,15,7,1,1,4,2
S01010227,75 to 84,9,0,0,0,9,2,1,0,1,5
S01010227,85 and over,2,1,1,0,1,1,0,0,0,0
S01010228,All HRPs,384,99,73,26,285,148,7,17,49,64
S01010228,24 and under,13,1,0,1,12,12,0,0,0,0
S01010228,25 to 34,58,17,6,11,41,38,2,1,0,0
S01010228,35 to 49,99,25,17,8,74,54,1,5,14,0
S01010228,50 to 64,86,22,18,4,64,25,2,5,22,10
S01010228,65 to 74,64,17,16,1,47,10,1,4,12,20
S01010228,75 to 84,47,15,14,1,32,7,1,2,1,21
S01010228,85 and over,17,2,2,0,15,2,0,0,0,13
S01010229,All HRPs,508,161,124,37,347,196,4,38,48,61
S01010229,24 and under,21,2,1,1,19,19,0,0,0,0
S01010229,25 to 34,69,19,11,8,50,47,1,2,0,0
S01010229,35 to 49,174,68,47,21,106,75,3,11,13,4
S01010229,50 to 64,148,53,49,4,95,43,0,17,23,12
S01010229,65 to 74,59,13,10,3,46,8,0,7,11,20
S01010229,75 to 84,25,4,4,0,21,2,0,1,1,17
S01010229,85 and over,12,2,2,0,10,2,0,0,0,8
S01010230,All HRPs,577,121,88,33,456,248,27,37,74,70
S01010230,24 and under,38,4,1,3,34,32,2,0,0,0
S01010230,25 to 34,154,53,39,14,101,74,14,2,4,7
S01010230,35 to 49,183,34,25,9,149,98,8,16,26,1
S01010230,50 to 64,92,16,10,6,76,26,2,10,26,12
S01010230,65 to 74,52,9,8,1,43,6,1,4,12,20
S01010230,75 to 84,45,5,5,0,40,8,0,5,6,21
S01010230,85 and over,13,0,0,0,13,4,0,0,0,9
S01010231,All HRPs,514,116,86,30,398,210,10,38,61,79
S01010231,24 and under,31,4,0,4,27,26,0,1,0,0
S01010231,25 to 34,99,31,19,12,68,56,5,7,0,0
S01010231,35 to 49,164,46,33,13,118,80,2,15,17,4
S01010231,50 to 64,92,18,17,1,74,24,1,12,26,11
S01010231,65 to 74,65,10,10,0,55,14,2,3,15,21
S01010231,75 to 84,49,6,6,0,43,9,0,0,3,31
S01010231,85 and over,14,1,1,0,13,1,0,0,0,12
S01010232,All HRPs,485,138,103,35,347,205,19,32,62,29
S01010232,24 and under,37,2,1,1,35,31,2,0,2,0
S01010232,25 to 34,100,25,13,12,75,63,7,3,2,0
S01010232,35 to 49,197,66,50,16,131,91,4,14,21,1
S01010232,50 to 64,106,35,30,5,71,17,6,11,27,10
S01010232,65 to 74,33,8,7,1,25,2,0,3,10,10
S01010232,75 to 84,11,2,2,0,9,1,0,0,0,8
S01010232,85 and over,1,0,0,0,1,0,0,1,0,0
S01010233,All HRPs,476,130,91,39,346,193,27,19,52,55
S01010233,24 and under,28,9,1,8,19,18,1,0,0,0
S01010233,25 to 34,117,26,17,9,91,70,16,0,2,3
S01010233,35 to 49,176,54,38,16,122,79,9,10,15,9
S01010233,50 to 64,89,25,21,4,64,20,0,7,27,10
S01010233,65 to 74,37,11,9,2,26,3,1,0,7,15
S01010233,75 to 84,24,5,5,0,19,2,0,2,1,14
S01010233,85 and over,5,0,0,0,5,1,0,0,0,4
S01010234,All HRPs,562,145,94,51,417,291,3,25,44,54
S01010234,24 and under,56,6,1,5,50,49,0,0,0,1
S01010234,25 to 34,178,51,19,32,127,120,1,3,3,0
S01010234,35 to 49,131,34,24,10,97,73,0,10,12,2
S01010234,50 to 64,78,24,21,3,54,22,2,6,19,5
S01010234,65 to 74,54,18,17,1,36,16,0,1,10,9
S01010234,75 to 84,48,8,8,0,40,9,0,5,0,26
S01010234,85 and over,17,4,4,0,13,2,0,0,0,11
S01010235,All HRPs,446,122,54,68,324,280,15,9,18,2
S01010235,24 and under,126,12,0,12,114,114,0,0,0,0
S01010235,25 to 34,213,77,29,48,136,128,4,0,4,0
S01010235,35 to 49,89,24,18,6,65,38,10,6,10,1
S01010235,50 to 64,14,5,3,2,9,0,1,3,4,1
S01010235,65 to 74,2,2,2,0,0,0,0,0,0,0
S01010235,75 to 84,1,1,1,0,0,0,0,0,0,0
S01010235,85 and over,1,1,1,0,0,0,0,0,0,0
S01010236,All HRPs,378,129,78,51,249,164,5,13,41,26
S01010236,24 and under,49,6,0,6,43,41,0,2,0,0
S01010236,25 to 34,112,49,22,27,63,59,0,0,4,0
S01010236,35 to 49,92,31,19,12,61,41,5,5,8,2
S01010236,50 to 64,71,28,23,5,43,16,0,5,17,5
S01010236,65 to 74,27,9,8,1,18,4,0,1,6,7
S01010236,75 to 84,16,5,5,0,11,1,0,0,5,5
S01010236,85 and over,11,1,1,0,10,2,0,0,1,7
S01010237,All HRPs,353,111,67,44,242,169,6,8,29,30
S01010237,24 and under,26,5,1,4,21,21,0,0,0,0
S01010237,25 to 34,116,40,15,25,76,68,2,4,2,0
S01010237,35 to 49,92,34,21,13,58,48,3,1,6,0
S01010237,50 to 64,66,20,18,2,46,24,1,3,14,4
S01010237,65 to 74,26,9,9,0,17,7,0,0,5,5
S01010237,75 to 84,25,2,2,0,23,1,0,0,2,20
S01010237,85 and over,2,1,1,0,1,0,0,0,0,1
S01010238,All HRPs,455,148,89,59,307,222,6,18,30,31
S01010238,24 and under,47,7,0,7,40,40,0,0,0,0
S01010238,25 to 34,141,55,18,37,86,85,0,1,0,0
S01010238,35 to 49,116,33,24,9,83,62,5,9,6,1
S01010238,50 to 64,81,34,28,6,47,21,1,3,17,5
S01010238,65 to 74,40,13,13,0,27,7,0,5,7,8
S01010238,75 to 84,21,6,6,0,15,4,0,0,0,11
S01010238,85 and over,9,0,0,0,9,3,0,0,0,6
S01010239,All HRPs,424,89,52,37,335,168,3,32,68,64
S01010239,24 and under,15,2,1,1,13,13,0,0,0,0
S01010239,25 to 34,85,32,10,22,53,51,1,0,1,0
S01010239,35 to 49,92,16,9,7,76,57,1,7,11,0
S01010239,50 to 64,120,19,14,5,101,32,1,23,38,7
S01010239,65 to 74,53,14,12,2,39,7,0,0,15,17
S01010239,75 to 84,49,6,6,0,43,6,0,2,3,32
S01010239,85 and over,10,0,0,0,10,2,0,0,0,8
S01010240,All HRPs,398,120,66,54,278,167,2,16,63,30
S01010240,24 and under,37,9,1,8,28,28,0,0,0,0
S01010240,25 to 34,92,35,15,20,57,53,0,1,3,0
S01010240,35 to 49,104,32,14,18,72,52,0,5,13,2
S01010240,50 to 64,104,28,24,4,76,26,1,6,36,7
S01010240,65 to 74,29,7,4,3,22,5,1,4,5,7
S01010240,75 to 84,22,7,6,1,15,2,0,0,4,9
S01010240,85 and over,10,2,2,0,8,1,0,0,2,5
S01010241,All HRPs,623,158,89,69,465,286,6,31,75,67
S01010241,24 and under,34,7,1,6,27,27,0,0,0,0
S01010241,25 to 34,184,51,17,34,133,124,1,2,6,0
S01010241,35 to 49,152,50,25,25,102,82,1,7,11,1
S01010241,50 to 64,128,25,23,2,103,35,3,17,37,11
S01010241,65 to 74,61,13,11,2,48,12,1,3,15,17
S01010241,75 to 84,51,11,11,0,40,4,0,2,3,31
S01010241,85 and over,13,1,1,0,12,2,0,0,3,7
S01010242,All HRPs,455,97,54,43,358,245,3,23,71,16
S01010242,24 and under,49,6,0,6,43,43,0,0,0,0
S01010242,25 to 34,125,32,10,22,93,89,0,2,2,0
S01010242,35 to 49,158,35,24,11,123,83,2,11,24,3
S01010242,50 to 64,79,17,15,2,62,22,1,4,32,3
S01010242,65 to 74,33,5,4,1,28,6,0,6,13,3
S01010242,75 to 84,8,2,1,1,6,2,0,0,0,4
S01010242,85 and over,3,0,0,0,3,0,0,0,0,3
S01010243,All HRPs,610,121,61,60,489,363,5,34,62,25
S01010243,24 and under,89,16,1,15,73,73,0,0,0,0
S01010243,25 to 34,167,37,11,26,130,119,2,4,3,2
S01010243,35 to 49,214,45,30,15,169,127,3,14,23,2
S01010243,50 to 64,97,13,10,3,84,38,0,13,27,6
S01010243,65 to 74,29,9,8,1,20,4,0,3,7,6
S01010243,75 to 84,11,1,1,0,10,2,0,0,2,6
S01010243,85 and over,3,0,0,0,3,0,0,0,0,3
S01010244,All HRPs,440,78,47,31,362,212,9,34,59,48
S01010244,24 and under,24,2,0,2,22,22,0,0,0,0
S01010244,25 to 34,88,13,2,11,75,69,6,0,0,0
S01010244,35 to 49,147,23,13,10,124,89,2,14,16,3
S01010244,50 to 64,98,22,15,7,76,25,0,18,24,9
S01010244,65 to 74,49,9,8,1,40,4,0,2,15,19
S01010244,75 to 84,30,8,8,0,22,2,1,0,4,15
S01010244,85 and over,4,1,1,0,3,1,0,0,0,2
S01010245,All HRPs,509,99,66,33,410,245,5,37,72,51
S01010245,24 and under,43,5,0,5,38,38,0,0,0,0
S01010245,25 to 34,78,17,8,9,61,59,0,2,0,0
S01010245,35 to 49,154,30,21,9,124,90,3,13,15,3
S01010245,50 to 64,137,33,25,8,104,38,2,15,34,15
S01010245,65 to 74,58,12,10,2,46,11,0,7,15,13
S01010245,75 to 84,36,2,2,0,34,8,0,0,8,18
S01010245,85 and over,3,0,0,0,3,1,0,0,0,2
S01010246,All HRPs,433,92,59,33,341,195,7,28,65,46
S01010246,24 and under,36,6,0,6,30,30,0,0,0,0
S01010246,25 to 34,89,23,12,11,66,57,5,3,1,0
S01010246,35 to 49,138,24,16,8,114,75,2,13,21,3
S01010246,50 to 64,103,29,23,6,74,22,0,11,25,16
S01010246,65 to 74,41,7,6,1,34,9,0,1,12,12
S01010246,75 to 84,22,3,2,1,19,2,0,0,6,11
S01010246,85 and over,4,0,0,0,4,0,0,0,0,4
S01010247,All HRPs,356,163,130,33,193,80,5,21,27,60
S01010247,24 and under,7,3,1,2,4,4,0,0,0,0
S01010247,25 to 34,46,23,14,9,23,22,0,1,0,0
S01010247,35 to 49,76,38,26,12,38,26,1,7,4,0
S01010247,50 to 64,115,69,61,8,46,16,2,9,14,5
S01010247,65 to 74,54,20,19,1,34,8,1,3,4,18
S01010247,75 to 84,48,10,9,1,38,3,1,1,4,29
S01010247,85 and over,10,0,0,0,10,1,0,0,1,8
S01010248,All HRPs,456,154,71,83,302,205,5,11,36,45
S01010248,24 and under,69,11,0,11,58,58,0,0,0,0
S01010248,25 to 34,145,65,12,53,80,77,2,0,0,1
S01010248,35 to 49,97,35,19,16,62,45,3,4,10,0
S01010248,50 to 64,72,25,22,3,47,14,0,6,19,8
S01010248,65 to 74,37,12,12,0,25,6,0,0,6,13
S01010248,75 to 84,25,6,6,0,19,3,0,1,1,14
S01010248,85 and over,11,0,0,0,11,2,0,0,0,9
S01010249,All HRPs,403,106,54,52,297,227,1,12,28,29
S01010249,24 and under,74,10,1,9,64,63,0,0,0,1
S01010249,25 to 34,125,41,12,29,84,82,1,1,0,0
S01010249,35 to 49,99,27,16,11,72,61,0,5,6,0
S01010249,50 to 64,48,15,12,3,33,11,0,6,10,6
S01010249,65 to 74,40,12,12,0,28,9,0,0,11,8
S01010249,75 to 84,10,1,1,0,9,0,0,0,1,8
S01010249,85 and over,7,0,0,0,7,1,0,0,0,6
S01010250,All HRPs,390,133,60,73,257,193,3,11,26,24
S01010250,24 and under,91,16,0,16,75,74,1,0,0,0
S01010250,25 to 34,135,51,14,37,84,80,0,3,1,0
S01010250,35 to 49,87,41,23,18,46,32,2,2,9,1
S01010250,50 to 64,34,15,13,2,19,5,0,6,6,2
S01010250,65 to 74,22,5,5,0,17,2,0,0,8,7
S01010250,75 to 84,18,4,4,0,14,0,0,0,2,12
S01010250,85 and over,3,1,1,0,2,0,0,0,0,2
S01010251,All HRPs,317,112,58,54,205,164,4,14,11,12
S01010251,24 and under,66,7,0,7,59,59,0,0,0,0
S01010251,25 to 34,141,62,22,40,79,73,3,3,0,0
S01010251,35 to 49,67,26,21,5,41,27,1,7,5,1
S01010251,50 to 64,30,15,13,2,15,4,0,4,5,2
S01010251,65 to 74,5,2,2,0,3,1,0,0,1,1
S01010251,75 to 84,6,0,0,0,6,0,0,0,0,6
S01010251,85 and over,2,0,0,0,2,0,0,0,0,2
S01010252,All HRPs,297,117,66,51,180,120,6,10,23,21
S01010252,24 and under,34,6,1,5,28,28,0,0,0,0
S01010252,25 to 34,88,39,11,28,49,46,1,1,1,0
S01010252,35 to 49,77,35,21,14,42,25,5,2,9,1
S01010252,50 to 64,62,24,21,3,38,17,0,5,10,6
S01010252,65 to 74,19,8,7,1,11,1,0,1,2,7
S01010252,75 to 84,14,4,4,0,10,2,0,1,1,6
S01010252,85 and over,3,1,1,0,2,1,0,0,0,1
S01010253,All HRPs,364,72,41,31,292,165,4,29,55,39
S01010253,24 and under,37,9,0,9,28,27,0,1,0,0
S01010253,25 to 34,66,9,1,8,57,53,0,4,0,0
S01010253,35 to 49,96,20,11,9,76,55,0,5,14,2
S01010253,50 to 64,84,21,17,4,63,17,3,13,24,6
S01010253,65 to 74,39,8,7,1,31,3,0,5,9,14
S01010253,75 to 84,34,5,5,0,29,6,1,1,8,13
S01010253,85 and over,8,0,0,0,8,4,0,0,0,4
S01010254,All HRPs,581,166,104,62,415,213,8,42,69,83
S01010254,24 and under,45,9,0,9,36,36,0,0,0,0
S01010254,25 to 34,121,43,13,30,78,67,5,3,2,1
S01010254,35 to 49,123,32,16,16,91,62,0,13,14,2
S01010254,50 to 64,139,51,45,6,88,28,2,19,34,5
S01010254,65 to 74,72,19,18,1,53,14,0,5,15,19
S01010254,75 to 84,59,11,11,0,48,4,1,2,3,38
S01010254,85 and over,22,1,1,0,21,2,0,0,1,18
S01010255,All HRPs,353,90,53,37,263,147,7,30,36,43
S01010255,24 and under,28,8,1,7,20,20,0,0,0,0
S01010255,25 to 34,72,25,15,10,47,43,0,3,1,0
S01010255,35 to 49,120,30,14,16,90,59,4,14,11,2
S01010255,50 to 64,68,15,14,1,53,17,2,12,13,9
S01010255,65 to 74,32,7,5,2,25,2,0,1,8,14
S01010255,75 to 84,24,4,3,1,20,6,0,0,2,12
S01010255,85 and over,9,1,1,0,8,0,1,0,1,6
S01010256,All HRPs,516,94,52,42,422,259,2,25,82,54
S01010256,24 and under,57,7,1,6,50,50,0,0,0,0
S01010256,25 to 34,106,24,6,18,82,80,0,0,2,0
S01010256,35 to 49,145,26,15,11,119,90,1,9,17,2
S01010256,50 to 64,113,21,15,6,92,26,0,14,44,8
S01010256,65 to 74,53,8,8,0,45,8,1,2,15,19
S01010256,75 to 84,27,7,6,1,20,1,0,0,4,15
S01010256,85 and over,15,1,1,0,14,4,0,0,0,10
S01010257,All HRPs,497,71,25,46,426,319,21,28,43,15
S01010257,24 and under,160,16,2,14,144,143,0,1,0,0
S01010257,25 to 34,154,35,13,22,119,99,14,2,4,0
S01010257,35 to 49,87,10,2,8,77,51,4,12,9,1
S01010257,50 to 64,59,6,4,2,53,15,2,10,25,1
S01010257,65 to 74,18,1,1,0,17,6,0,3,3,5
S01010257,75 to 84,10,1,1,0,9,2,1,0,2,4
S01010257,85 and over,9,2,2,0,7,3,0,0,0,4
S01010258,All HRPs,424,75,33,42,349,316,10,8,12,3
S01010258,24 and under,197,17,2,15,180,180,0,0,0,0
S01010258,25 to 34,140,35,15,20,105,92,7,1,5,0
S01010258,35 to 49,56,12,7,5,44,36,2,1,4,1
S01010258,50 to 64,26,9,7,2,17,6,0,6,3,2
S01010258,65 to 74,2,0,0,0,2,1,1,0,0,0
S01010258,75 to 84,3,2,2,0,1,1,0,0,0,0
S01010258,85 and over,0,0,0,0,0,0,0,0,0,0
S01010259,All HRPs,468,76,50,26,392,223,18,28,70,53
S01010259,24 and under,38,4,0,4,34,34,0,0,0,0
S01010259,25 to 34,84,23,17,6,61,53,3,5,0,0
S01010259,35 to 49,139,23,12,11,116,77,7,11,20,1
S01010259,50 to 64,92,10,5,5,82,33,8,7,28,6
S01010259,65 to 74,48,10,10,0,38,6,0,3,11,18
S01010259,75 to 84,44,4,4,0,40,9,0,2,9,20
S01010259,85 and over,23,2,2,0,21,11,0,0,2,8
S01010260,All HRPs,685,146,59,87,539,428,8,21,52,30
S01010260,24 and under,162,24,1,23,138,136,0,1,1,0
S01010260,25 to 34,217,63,19,44,154,145,2,5,2,0
S01010260,35 to 49,144,26,14,12,118,97,4,5,8,4
S01010260,50 to 64,86,22,15,7,64,29,2,5,26,2
S01010260,65 to 74,36,4,4,0,32,10,0,3,12,7
S01010260,75 to 84,31,5,5,0,26,10,0,2,2,12
S01010260,85 and over,9,2,1,1,7,1,0,0,1,5
S01010261,All HRPs,526,101,69,32,425,234,11,25,74,81
S01010261,24 and under,82,11,0,11,71,71,0,0,0,0
S01010261,25 to 34,96,25,15,10,71,68,2,1,0,0
S01010261,35 to 49,106,22,14,8,84,56,4,6,18,0
S01010261,50 to 64,76,12,10,2,64,13,2,13,27,9
S01010261,65 to 74,80,22,21,1,58,11,0,3,20,24
S01010261,75 to 84,68,8,8,0,60,14,3,2,9,32
S01010261,85 and over,18,1,1,0,17,1,0,0,0,16
S01010262,All HRPs,535,100,81,19,435,204,10,30,98,93
S01010262,24 and under,54,3,0,3,51,50,1,0,0,0
S01010262,25 to 34,33,2,1,1,31,29,2,0,0,0
S01010262,35 to 49,74,15,12,3,59,37,5,4,13,0
S01010262,50 to 64,151,33,27,6,118,42,1,16,52,7
S01010262,65 to 74,105,28,23,5,77,19,1,8,25,24
S01010262,75 to 84,94,19,18,1,75,20,0,2,8,45
S01010262,85 and over,24,0,0,0,24,7,0,0,0,17
S01010263,All HRPs,422,103,35,68,319,269,6,17,22,5
S01010263,24 and under,101,13,0,13,88,88,0,0,0,0
S01010263,25 to 34,169,58,15,43,111,106,1,3,1,0
S01010263,35 to 49,88,19,10,9,69,53,1,10,5,0
S01010263,50 to 64,45,8,6,2,37,20,4,2,10,1
S01010263,65 to 74,13,3,3,0,10,2,0,2,4,2
S01010263,75 to 84,4,1,1,0,3,0,0,0,2,1
S01010263,85 and over,2,1,0,1,1,0,0,0,0,1
S01010264,All HRPs,557,102,45,57,455,367,12,20,43,13
S01010264,24 and under,108,14,0,14,94,93,1,0,0,0
S01010264,25 to 34,194,50,18,32,144,135,3,5,1,0
S01010264,35 to 49,140,19,13,6,121,97,4,9,11,0
S01010264,50 to 64,69,13,9,4,56,23,2,5,24,2
S01010264,65 to 74,21,3,3,0,18,8,0,1,5,4
S01010264,75 to 84,23,3,2,1,20,10,2,0,2,6
S01010264,85 and over,2,0,0,0,2,1,0,0,0,1
S01010265,All HRPs,573,136,51,85,437,368,19,12,34,4
S01010265,24 and under,192,31,2,29,161,161,0,0,0,0
S01010265,25 to 34,219,63,23,40,156,144,4,2,5,1
S01010265,35 to 49,119,28,16,12,91,56,9,4,22,0
S01010265,50 to 64,37,13,9,4,24,6,6,5,7,0
S01010265,65 to 74,2,0,0,0,2,0,0,1,0,1
S01010265,75 to 84,4,1,1,0,3,1,0,0,0,2
S01010265,85 and over,0,0,0,0,0,0,0,0,0,0
S01010266,All HRPs,237,65,36,29,172,137,2,11,13,9
S01010266,24 and under,69,7,1,6,62,62,0,0,0,0
S01010266,25 to 34,67,22,9,13,45,43,1,1,0,0
S01010266,35 to 49,57,20,13,7,37,27,0,5,4,1
S01010266,50 to 64,23,11,8,3,12,3,1,4,2,2
S01010266,65 to 74,11,1,1,0,10,2,0,1,6,1
S01010266,75 to 84,8,3,3,0,5,0,0,0,1,4
S01010266,85 and over,2,1,1,0,1,0,0,0,0,1
S01010267,All HRPs,318,49,22,27,269,230,17,3,15,4
S01010267,24 and under,135,7,0,7,128,127,1,0,0,0
S01010267,25 to 34,122,27,11,16,95,82,12,0,1,0
S01010267,35 to 49,48,11,7,4,37,19,4,1,10,3
S01010267,50 to 64,10,3,3,0,7,2,0,1,4,0
S01010267,65 to 74,2,0,0,0,2,0,0,1,0,1
S01010267,75 to 84,1,1,1,0,0,0,0,0,0,0
S01010267,85 and over,0,0,0,0,0,0,0,0,0,0
S01010268,All HRPs,417,99,69,30,318,266,7,7,17,21
S01010268,24 and under,83,8,2,6,75,75,0,0,0,0
S01010268,25 to 34,128,32,19,13,96,91,3,0,2,0
S01010268,35 to 49,93,29,20,9,64,55,2,3,4,0
S01010268,50 to 64,65,20,18,2,45,31,1,2,8,3
S01010268,65 to 74,29,8,8,0,21,10,0,2,0,9
S01010268,75 to 84,18,2,2,0,16,4,1,0,2,9
S01010268,85 and over,1,0,0,0,1,0,0,0,1,0
S01010269,All HRPs,320,61,34,27,259,214,6,8,22,9
S01010269,24 and under,85,9,1,8,76,76,0,0,0,0
S01010269,25 to 34,112,27,12,15,85,81,1,0,2,1
S01010269,35 to 49,67,19,16,3,48,39,2,4,3,0
S01010269,50 to 64,35,4,3,1,31,13,3,4,10,1
S01010269,65 to 74,14,2,2,0,12,4,0,0,7,1
S01010269,75 to 84,3,0,0,0,3,0,0,0,0,3
S01010269,85 and over,4,0,0,0,4,1,0,0,0,3
S01010270,All HRPs,817,113,82,31,704,387,15,46,131,125
S01010270,24 and under,90,5,0,5,85,84,0,0,0,1
S01010270,25 to 34,116,24,13,11,92,84,8,0,0,0
S01010270,35 to 49,143,23,14,9,120,87,2,9,22,0
S01010270,50 to 64,219,27,23,4,192,91,2,19,65,15
S01010270,65 to 74,116,19,17,2,97,25,0,12,35,25
S01010270,75 to 84,90,12,12,0,78,13,2,5,7,51
S01010270,85 and over,43,3,3,0,40,3,1,1,2,33
S01010271,All HRPs,327,85,52,33,242,180,10,10,22,20
S01010271,24 and under,103,13,1,12,90,87,3,0,0,0
S01010271,25 to 34,79,25,11,14,54,48,4,2,0,0
S01010271,35 to 49,64,22,16,6,42,32,1,1,7,1
S01010271,50 to 64,42,10,9,1,32,13,0,5,7,7
S01010271,65 to 74,21,7,7,0,14,0,1,1,6,6
S01010271,75 to 84,17,7,7,0,10,0,1,1,2,6
S01010271,85 and over,1,1,1,0,0,0,0,0,0,0
S01010272,All HRPs,703,110,50,60,593,409,20,36,97,31
S01010272,24 and under,103,17,1,16,86,86,0,0,0,0
S01010272,25 to 34,166,45,23,22,121,104,8,2,7,0
S01010272,35 to 49,218,25,15,10,193,142,9,9,26,7
S01010272,50 to 64,128,13,3,10,115,44,1,21,41,8
S01010272,65 to 74,53,7,5,2,46,17,1,4,18,6
S01010272,75 to 84,25,2,2,0,23,13,1,0,4,5
S01010272,85 and over,10,1,1,0,9,3,0,0,1,5
S01010273,All HRPs,409,98,29,69,311,258,19,14,17,3
S01010273,24 and under,143,26,0,26,117,117,0,0,0,0
S01010273,25 to 34,165,51,18,33,114,104,5,5,0,0
S01010273,35 to 49,80,19,10,9,61,33,12,8,8,0
S01010273,50 to 64,14,1,0,1,13,3,2,0,7,1
S01010273,65 to 74,5,1,1,0,4,0,0,1,1,2
S01010273,75 to 84,2,0,0,0,2,1,0,0,1,0
S01010273,85 and over,0,0,0,0,0,0,0,0,0,0
S01010274,All HRPs,342,84,35,49,258,218,10,3,20,7
S01010274,24 and under,98,8,0,8,90,90,0,0,0,0
S01010274,25 to 34,134,43,10,33,91,86,4,1,0,0
S01010274,35 to 49,67,21,14,7,46,33,4,1,8,0
S01010274,50 to 64,27,9,8,1,18,4,2,1,11,0
S01010274,65 to 74,13,3,3,0,10,5,0,0,1,4
S01010274,75 to 84,3,0,0,0,3,0,0,0,0,3
S01010274,85 and over,0,0,0,0,0,0,0,0,0,0
S01010275,All HRPs,357,86,31,55,271,235,10,6,12,8
S01010275,24 and under,124,18,0,18,106,103,2,0,0,1
S01010275,25 to 34,142,41,13,28,101,93,3,2,3,0
S01010275,35 to 49,60,19,12,7,41,30,2,3,4,2
S01010275,50 to 64,25,7,5,2,18,8,2,1,5,2
S01010275,65 to 74,3,1,1,0,2,1,1,0,0,0
S01010275,75 to 84,0,0,0,0,0,0,0,0,0,0
S01010275,85 and over,3,0,0,0,3,0,0,0,0,3
S01010276,All HRPs,625,169,98,71,456,333,25,37,59,2
S01010276,24 and under,117,5,0,5,112,112,0,0,0,0
S01010276,25 to 34,246,73,32,41,173,154,4,5,10,0
S01010276,35 to 49,163,46,31,15,117,53,13,25,26,0
S01010276,50 to 64,87,39,29,10,48,13,8,7,18,2
S01010276,65 to 74,9,4,4,0,5,0,0,0,5,0
S01010276,75 to 84,3,2,2,0,1,1,0,0,0,0
S01010276,85 and over,0,0,0,0,0,0,0,0,0,0
S01010277,All HRPs,305,102,77,25,203,103,8,14,30,48
S01010277,24 and under,35,8,0,8,27,27,0,0,0,0
S01010277,25 to 34,50,18,9,9,32,30,0,2,0,0
S01010277,35 to 49,67,25,20,5,42,23,3,5,8,3
S01010277,50 to 64,65,23,21,2,42,15,2,6,14,5
S01010277,65 to 74,40,18,17,1,22,4,1,0,4,13
S01010277,75 to 84,38,9,9,0,29,3,2,1,4,19
S01010277,85 and over,10,1,1,0,9,1,0,0,0,8
S01010278,All HRPs,330,75,57,18,255,147,9,25,38,36
S01010278,24 and under,16,3,1,2,13,13,0,0,0,0
S01010278,25 to 34,82,28,20,8,54,47,2,3,2,0
S01010278,35 to 49,109,21,15,6,88,50,4,16,16,2
S01010278,50 to 64,68,15,13,2,53,24,2,6,15,6
S01010278,65 to 74,21,5,5,0,16,4,0,0,4,8
S01010278,75 to 84,19,2,2,0,17,6,1,0,0,10
S01010278,85 and over,15,1,1,0,14,3,0,0,1,10
S01010279,All HRPs,312,71,48,23,241,164,8,10,38,21
S01010279,24 and under,50,3,1,2,47,47,0,0,0,0
S01010279,25 to 34,85,28,10,18,57,54,3,0,0,0
S01010279,35 to 49,96,16,14,2,80,54,3,3,19,1
S01010279,50 to 64,54,18,17,1,36,6,1,7,17,5
S01010279,65 to 74,21,3,3,0,18,3,1,0,2,12
S01010279,75 to 84,5,3,3,0,2,0,0,0,0,2
S01010279,85 and over,1,0,0,0,1,0,0,0,0,1
S01010280,All HRPs,426,103,55,48,323,263,9,9,31,11
S01010280,24 and under,89,9,1,8,80,74,0,0,5,1
S01010280,25 to 34,156,43,18,25,113,108,5,0,0,0
S01010280,35 to 49,101,30,18,12,71,55,2,5,8,1
S01010280,50 to 64,60,18,15,3,42,20,1,4,14,3
S01010280,65 to 74,11,2,2,0,9,3,1,0,3,2
S01010280,75 to 84,7,0,0,0,7,3,0,0,1,3
S01010280,85 and over,2,1,1,0,1,0,0,0,0,1
S01010281,All HRPs,466,129,71,58,337,271,21,14,19,12
S01010281,24 and under,83,9,1,8,74,73,0,0,1,0
S01010281,25 to 34,197,72,36,36,125,114,10,1,0,0
S01010281,35 to 49,111,35,25,10,76,59,6,6,3,2
S01010281,50 to 64,57,11,9,2,46,19,5,6,14,2
S01010281,65 to 74,7,1,0,1,6,4,0,0,1,1
S01010281,75 to 84,10,1,0,1,9,2,0,1,0,6
S01010281,85 and over,1,0,0,0,1,0,0,0,0,1
S01010282,All HRPs,645,130,63,67,515,376,18,12,67,42
S01010282,24 and under,88,11,0,11,77,77,0,0,0,0
S01010282,25 to 34,187,59,20,39,128,117,8,1,2,0
S01010282,35 to 49,182,35,22,13,147,123,7,3,13,1
S01010282,50 to 64,98,14,11,3,84,38,3,4,35,4
S01010282,65 to 74,37,3,3,0,34,9,0,3,13,9
S01010282,75 to 84,40,6,5,1,34,10,0,1,4,19
S01010282,85 and over,13,2,2,0,11,2,0,0,0,9
S01010283,All HRPs,296,73,37,36,223,191,4,8,14,6
S01010283,24 and under,61,7,1,6,54,54,0,0,0,0
S01010283,25 to 34,128,38,13,25,90,87,0,1,2,0
S01010283,35 to 49,69,17,12,5,52,39,4,1,8,0
S01010283,50 to 64,26,9,9,0,17,10,0,3,2,2
S01010283,65 to 74,8,1,1,0,7,0,0,3,1,3
S01010283,75 to 84,4,1,1,0,3,1,0,0,1,1
S01010283,85 and over,0,0,0,0,0,0,0,0,0,0
S01010284,All HRPs,638,164,62,102,474,393,4,19,48,10
S01010284,24 and under,117,20,0,20,97,96,0,1,0,0
S01010284,25 to 34,266,80,18,62,186,177,1,4,4,0
S01010284,35 to 49,144,49,33,16,95,75,2,6,12,0
S01010284,50 to 64,80,11,8,3,69,31,1,5,26,6
S01010284,65 to 74,18,3,3,0,15,9,0,3,3,0
S01010284,75 to 84,9,1,0,1,8,2,0,0,3,3
S01010284,85 and over,4,0,0,0,4,3,0,0,0,1
S01010285,All HRPs,420,102,62,40,318,244,9,12,35,18
S01010285,24 and under,100,11,0,11,89,89,0,0,0,0
S01010285,25 to 34,103,31,18,13,72,66,2,1,2,1
S01010285,35 to 49,133,42,31,11,91,69,6,5,10,1
S01010285,50 to 64,51,13,9,4,38,11,0,5,16,6
S01010285,65 to 74,19,3,2,1,16,5,1,1,5,4
S01010285,75 to 84,11,2,2,0,9,3,0,0,2,4
S01010285,85 and over,3,0,0,0,3,1,0,0,0,2
S01010286,All HRPs,365,101,56,45,264,215,9,8,23,9
S01010286,24 and under,94,4,0,4,90,89,0,1,0,0
S01010286,25 to 34,139,48,21,27,91,86,3,0,2,0
S01010286,35 to 49,79,35,24,11,44,30,1,4,9,0
S01010286,50 to 64,42,12,9,3,30,9,5,3,11,2
S01010286,65 to 74,6,0,0,0,6,1,0,0,1,4
S01010286,75 to 84,4,1,1,0,3,0,0,0,0,3
S01010286,85 and over,1,1,1,0,0,0,0,0,0,0
S01010287,All HRPs,387,113,52,61,274,228,11,5,20,10
S01010287,24 and under,120,5,0,5,115,115,0,0,0,0
S01010287,25 to 34,120,43,15,28,77,76,1,0,0,0
S01010287,35 to 49,80,43,19,24,37,25,3,2,6,1
S01010287,50 to 64,35,15,12,3,20,4,5,1,8,2
S01010287,65 to 74,17,3,2,1,14,4,2,1,4,3
S01010287,75 to 84,12,2,2,0,10,4,0,1,2,3
S01010287,85 and over,3,2,2,0,1,0,0,0,0,1
S01010288,All HRPs,349,123,65,58,226,184,2,12,18,10
S01010288,24 and under,87,7,0,7,80,80,0,0,0,0
S01010288,25 to 34,100,38,12,26,62,59,0,1,2,0
S01010288,35 to 49,94,51,31,20,43,32,0,4,7,0
S01010288,50 to 64,51,22,17,5,29,10,2,5,8,4
S01010288,65 to 74,10,4,4,0,6,2,0,2,1,1
S01010288,75 to 84,7,1,1,0,6,1,0,0,0,5
S01010288,85 and over,0,0,0,0,0,0,0,0,0,0
S01010289,All HRPs,380,175,117,58,205,151,13,11,24,6
S01010289,24 and under,31,6,0,6,25,25,0,0,0,0
S01010289,25 to 34,94,39,18,21,55,54,1,0,0,0
S01010289,35 to 49,161,81,57,24,80,54,7,7,12,0
S01010289,50 to 64,80,42,35,7,38,17,5,4,10,2
S01010289,65 to 74,12,6,6,0,6,1,0,0,1,4
S01010289,75 to 84,1,1,1,0,0,0,0,0,0,0
S01010289,85 and over,1,0,0,0,1,0,0,0,1,0
S01010290,All HRPs,278,75,48,27,203,148,15,7,21,12
S01010290,24 and under,64,4,0,4,60,55,5,0,0,0
S01010290,25 to 34,81,23,11,12,58,53,4,0,1,0
S01010290,35 to 49,74,30,22,8,44,28,3,5,5,3
S01010290,50 to 64,44,14,12,2,30,11,3,1,14,1
S01010290,65 to 74,7,2,2,0,5,1,0,1,0,3
S01010290,75 to 84,7,2,1,1,5,0,0,0,0,5
S01010290,85 and over,1,0,0,0,1,0,0,0,1,0
S01010291,All HRPs,481,104,63,41,377,274,15,12,39,37
S01010291,24 and under,133,7,2,5,126,124,2,0,0,0
S01010291,25 to 34,118,34,11,23,84,74,5,3,2,0
S01010291,35 to 49,107,40,27,13,67,52,2,3,10,0
S01010291,50 to 64,58,14,14,0,44,14,3,2,18,7
S01010291,65 to 74,46,7,7,0,39,9,2,3,8,17
S01010291,75 to 84,16,2,2,0,14,0,1,1,1,11
S01010291,85 and over,3,0,0,0,3,1,0,0,0,2
S01010292,All HRPs,409,106,72,34,303,247,15,9,19,13
S01010292,24 and under,105,6,1,5,99,99,0,0,0,0
S01010292,25 to 34,128,37,21,16,91,77,13,0,1,0
S01010292,35 to 49,90,34,26,8,56,44,0,6,6,0
S01010292,50 to 64,55,20,16,4,35,20,1,1,9,4
S01010292,65 to 74,22,5,5,0,17,6,1,2,3,5
S01010292,75 to 84,5,3,3,0,2,1,0,0,0,1
S01010292,85 and over,4,1,0,1,3,0,0,0,0,3
S01010293,All HRPs,373,88,52,36,285,228,6,10,22,19
S01010293,24 and under,115,8,2,6,107,107,0,0,0,0
S01010293,25 to 34,111,36,11,25,75,74,1,0,0,0
S01010293,35 to 49,69,23,19,4,46,33,2,4,5,2
S01010293,50 to 64,32,13,12,1,19,8,0,2,8,1
S01010293,65 to 74,19,4,4,0,15,5,2,2,3,3
S01010293,75 to 84,23,2,2,0,21,1,1,2,6,11
S01010293,85 and over,4,2,2,0,2,0,0,0,0,2
S01010294,All HRPs,275,59,37,22,216,174,9,6,12,15
S01010294,24 and under,102,4,0,4,98,97,0,0,0,1
S01010294,25 to 34,78,18,7,11,60,54,1,2,3,0
S01010294,35 to 49,42,22,16,6,20,11,4,2,3,0
S01010294,50 to 64,31,10,9,1,21,7,2,1,5,6
S01010294,65 to 74,13,4,4,0,9,3,2,1,1,2
S01010294,75 to 84,5,1,1,0,4,1,0,0,0,3
S01010294,85 and over,4,0,0,0,4,1,0,0,0,3
S01010295,All HRPs,427,107,53,54,320,277,8,7,14,14
S01010295,24 and under,154,11,0,11,143,143,0,0,0,0
S01010295,25 to 34,137,42,13,29,95,90,4,0,1,0
S01010295,35 to 49,75,32,19,13,43,28,3,6,4,2
S01010295,50 to 64,38,13,12,1,25,12,0,0,9,4
S01010295,65 to 74,10,5,5,0,5,2,1,1,0,1
S01010295,75 to 84,12,4,4,0,8,1,0,0,0,7
S01010295,85 and over,1,0,0,0,1,1,0,0,0,0
S01010296,All HRPs,291,75,49,26,216,156,11,9,23,17
S01010296,24 and under,71,3,0,3,68,68,0,0,0,0
S01010296,25 to 34,66,20,10,10,46,43,1,1,1,0
S01010296,35 to 49,74,24,16,8,50,30,3,5,12,0
S01010296,50 to 64,51,22,17,5,29,10,6,2,7,4
S01010296,65 to 74,15,3,3,0,12,2,1,1,3,5
S01010296,75 to 84,10,3,3,0,7,3,0,0,0,4
S01010296,85 and over,4,0,0,0,4,0,0,0,0,4
S01010297,All HRPs,676,149,90,59,527,341,15,32,57,82
S01010297,24 and under,83,11,0,11,72,63,0,0,0,9
S01010297,25 to 34,162,38,8,30,124,112,5,3,4,0
S01010297,35 to 49,152,35,24,11,117,98,4,6,6,3
S01010297,50 to 64,127,34,30,4,93,38,2,15,28,10
S01010297,65 to 74,75,14,12,2,61,18,3,7,15,18
S01010297,75 to 84,54,14,13,1,40,5,0,0,4,31
S01010297,85 and over,23,3,3,0,20,7,1,1,0,11
S01010298,All HRPs,515,117,69,48,398,219,13,29,66,71
S01010298,24 and under,62,6,0,6,56,54,2,0,0,0
S01010298,25 to 34,98,35,14,21,63,60,0,3,0,0
S01010298,35 to 49,103,33,19,14,70,49,2,6,13,0
S01010298,50 to 64,79,21,14,7,58,20,1,6,24,7
S01010298,65 to 74,71,9,9,0,62,15,3,10,20,14
S01010298,75 to 84,69,9,9,0,60,18,2,3,7,30
S01010298,85 and over,33,4,4,0,29,3,3,1,2,20
S01010299,All HRPs,292,65,52,13,227,110,7,10,43,57
S01010299,24 and under,22,1,0,1,21,21,0,0,0,0
S01010299,25 to 34,37,11,7,4,26,24,2,0,0,0
S01010299,35 to 49,73,22,16,6,51,29,4,6,9,3
S01010299,50 to 64,74,20,19,1,54,23,1,1,22,7
S01010299,65 to 74,41,6,5,1,35,7,0,1,9,18
S01010299,75 to 84,31,5,5,0,26,5,0,2,3,16
S01010299,85 and over,14,0,0,0,14,1,0,0,0,13
S01010300,All HRPs,478,105,70,35,373,244,9,21,52,47
S01010300,24 and under,83,8,0,8,75,74,0,0,1,0
S01010300,25 to 34,122,35,16,19,87,76,6,1,4,0
S01010300,35 to 49,112,26,23,3,86,56,2,11,17,0
S01010300,50 to 64,71,23,19,4,48,17,1,8,15,7
S01010300,65 to 74,42,7,7,0,35,13,0,1,10,11
S01010300,75 to 84,38,5,4,1,33,7,0,0,5,21
S01010300,85 and over,10,1,1,0,9,1,0,0,0,8
S01010301,All HRPs,283,76,46,30,207,167,11,8,17,4
S01010301,24 and under,81,14,5,9,67,67,0,0,0,0
S01010301,25 to 34,91,26,12,14,65,59,4,0,2,0
S01010301,35 to 49,72,23,17,6,49,31,6,7,5,0
S01010301,50 to 64,23,5,4,1,18,10,1,1,6,0
S01010301,65 to 74,10,4,4,0,6,0,0,0,4,2
S01010301,75 to 84,3,2,2,0,1,0,0,0,0,1
S01010301,85 and over,3,2,2,0,1,0,0,0,0,1
S01010302,All HRPs,388,73,49,24,315,191,9,24,47,44
S01010302,24 and under,22,1,0,1,21,21,0,0,0,0
S01010302,25 to 34,85,16,6,10,69,61,4,0,2,2
S01010302,35 to 49,124,21,15,6,103,75,3,11,14,0
S01010302,50 to 64,59,11,7,4,48,19,0,9,13,7
S01010302,65 to 74,50,13,10,3,37,8,1,3,15,10
S01010302,75 to 84,39,10,10,0,29,5,1,1,3,19
S01010302,85 and over,9,1,1,0,8,2,0,0,0,6
S01010303,All HRPs,250,78,60,18,172,96,7,21,31,17
S01010303,24 and under,17,1,1,0,16,14,2,0,0,0
S01010303,25 to 34,61,17,10,7,44,34,1,5,3,1
S01010303,35 to 49,97,39,31,8,58,32,3,10,12,1
S01010303,50 to 64,51,17,15,2,34,12,1,3,15,3
S01010303,65 to 74,14,3,2,1,11,2,0,3,1,5
S01010303,75 to 84,9,1,1,0,8,2,0,0,0,6
S01010303,85 and over,1,0,0,0,1,0,0,0,0,1
S01010304,All HRPs,332,60,37,23,272,189,8,12,37,26
S01010304,24 and under,47,3,0,3,44,44,0,0,0,0
S01010304,25 to 34,92,30,16,14,62,54,5,1,2,0
S01010304,35 to 49,91,12,9,3,79,62,3,7,7,0
S01010304,50 to 64,51,8,8,0,43,17,0,2,23,1
S01010304,65 to 74,29,3,1,2,26,11,0,2,4,9
S01010304,75 to 84,14,3,2,1,11,1,0,0,1,9
S01010304,85 and over,8,1,1,0,7,0,0,0,0,7
S01010305,All HRPs,478,128,72,56,350,207,11,12,51,69
S01010305,24 and under,45,14,0,14,31,29,2,0,0,0
S01010305,25 to 34,97,33,6,27,64,62,1,0,1,0
S01010305,35 to 49,117,32,21,11,85,68,3,6,7,1
S01010305,50 to 64,93,24,22,2,69,27,2,4,30,6
S01010305,65 to 74,59,15,13,2,44,10,1,2,9,22
S01010305,75 to 84,50,10,10,0,40,7,2,0,4,27
S01010305,85 and over,17,0,0,0,17,4,0,0,0,13
S01010306,All HRPs,449,116,44,72,333,259,7,14,38,15
S01010306,24 and under,79,17,1,16,62,62,0,0,0,0
S01010306,25 to 34,157,55,15,40,102,95,2,3,2,0
S01010306,35 to 49,122,27,14,13,95,69,4,9,13,0
S01010306,50 to 64,65,11,8,3,54,28,1,2,15,8
S01010306,65 to 74,10,3,3,0,7,2,0,0,3,2
S01010306,75 to 84,13,2,2,0,11,2,0,0,5,4
S01010306,85 and over,3,1,1,0,2,1,0,0,0,1
S01010307,All HRPs,428,152,75,77,276,214,9,13,22,18
S01010307,24 and under,69,9,1,8,60,60,0,0,0,0
S01010307,25 to 34,132,55,15,40,77,75,2,0,0,0
S01010307,35 to 49,117,53,27,26,64,49,6,4,5,0
S01010307,50 to 64,66,22,19,3,44,26,0,4,10,4
S01010307,65 to 74,26,6,6,0,20,3,1,3,7,6
S01010307,75 to 84,12,5,5,0,7,1,0,2,0,4
S01010307,85 and over,6,2,2,0,4,0,0,0,0,4
S01010308,All HRPs,480,144,72,72,336,264,6,14,34,18
S01010308,24 and under,79,12,0,12,67,67,0,0,0,0
S01010308,25 to 34,167,48,15,33,119,112,1,6,0,0
S01010308,35 to 49,114,48,25,23,66,58,0,5,2,1
S01010308,50 to 64,73,28,24,4,45,20,3,2,16,4
S01010308,65 to 74,31,6,6,0,25,4,1,1,12,7
S01010308,75 to 84,14,2,2,0,12,1,1,0,4,6
S01010308,85 and over,2,0,0,0,2,2,0,0,0,0
S01010309,All HRPs,264,70,52,18,194,101,4,9,40,40
S01010309,24 and under,10,2,2,0,8,8,0,0,0,0
S01010309,25 to 34,32,11,6,5,21,20,1,0,0,0
S01010309,35 to 49,70,20,13,7,50,39,0,4,7,0
S01010309,50 to 64,81,25,20,5,56,22,2,4,20,8
S01010309,65 to 74,43,9,8,1,34,9,1,1,9,14
S01010309,75 to 84,26,3,3,0,23,3,0,0,4,16
S01010309,85 and over,2,0,0,0,2,0,0,0,0,2
S01010310,All HRPs,381,86,64,22,295,211,12,18,34,20
S01010310,24 and under,33,5,1,4,28,28,0,0,0,0
S01010310,25 to 34,100,19,14,5,81,74,6,1,0,0
S01010310,35 to 49,146,39,28,11,107,82,4,10,7,4
S01010310,50 to 64,68,20,19,1,48,15,2,6,21,4
S01010310,65 to 74,19,3,2,1,16,6,0,1,3,6
S01010310,75 to 84,13,0,0,0,13,6,0,0,2,5
S01010310,85 and over,2,0,0,0,2,0,0,0,1,1
S01010311,All HRPs,351,89,65,24,262,147,8,23,40,44
S01010311,24 and under,33,1,0,1,32,30,0,0,2,0
S01010311,25 to 34,52,11,4,7,41,39,1,1,0,0
S01010311,35 to 49,106,28,16,12,78,53,6,11,5,3
S01010311,50 to 64,91,33,30,3,58,16,0,6,23,13
S01010311,65 to 74,45,14,13,1,31,5,1,3,9,13
S01010311,75 to 84,20,2,2,0,18,3,0,1,1,13
S01010311,85 and over,4,0,0,0,4,1,0,1,0,2
S01010312,All HRPs,425,89,61,28,336,180,7,37,77,35
S01010312,24 and under,30,1,1,0,29,28,1,0,0,0
S01010312,25 to 34,53,9,5,4,44,41,0,3,0,0
S01010312,35 to 49,152,35,18,17,117,79,1,15,21,1
S01010312,50 to 64,122,25,20,5,97,28,3,17,43,6
S01010312,65 to 74,48,15,13,2,33,3,0,1,12,17
S01010312,75 to 84,17,4,4,0,13,0,2,1,1,9
S01010312,85 and over,3,0,0,0,3,1,0,0,0,2
S01010313,All HRPs,356,79,53,26,277,178,4,20,44,31
S01010313,24 and under,37,4,0,4,33,33,0,0,0,0
S01010313,25 to 34,61,13,4,9,48,46,0,2,0,0
S01010313,35 to 49,110,25,15,10,85,65,4,6,10,0
S01010313,50 to 64,76,20,18,2,56,20,0,6,24,6
S01010313,65 to 74,55,14,13,1,41,11,0,6,8,16
S01010313,75 to 84,17,3,3,0,14,3,0,0,2,9
S01010313,85 and over,0,0,0,0,0,0,0,0,0,0
S01010314,All HRPs,550,120,80,40,430,271,0,32,80,47
S01010314,24 and under,92,2,0,2,90,90,0,0,0,0
S01010314,25 to 34,102,25,8,17,77,71,0,1,5,0
S01010314,35 to 49,121,32,22,10,89,62,0,10,16,1
S01010314,50 to 64,133,38,31,7,95,32,0,15,36,12
S01010314,65 to 74,62,14,12,2,48,8,0,6,16,18
S01010314,75 to 84,37,8,6,2,29,7,0,0,7,15
S01010314,85 and over,3,1,1,0,2,1,0,0,0,1
S01010315,All HRPs,409,146,95,51,263,157,6,32,38,30
S01010315,24 and under,51,6,0,6,45,44,1,0,0,0
S01010315,25 to 34,97,43,20,23,54,46,1,4,3,0
S01010315,35 to 49,129,54,39,15,75,52,2,11,9,1
S01010315,50 to 64,76,30,24,6,46,11,0,14,19,2
S01010315,65 to 74,34,10,9,1,24,3,1,2,5,13
S01010315,75 to 84,19,3,3,0,16,1,0,1,1,13
S01010315,85 and over,3,0,0,0,3,0,1,0,1,1
S01010316,All HRPs,304,48,22,26,256,187,2,17,43,7
S01010316,24 and under,39,4,0,4,35,35,0,0,0,0
S01010316,25 to 34,85,16,5,11,69,64,1,1,3,0
S01010316,35 to 49,101,15,8,7,86,60,1,8,16,1
S01010316,50 to 64,57,10,8,2,47,24,0,5,17,1
S01010316,65 to 74,17,1,1,0,16,4,0,3,7,2
S01010316,75 to 84,4,2,0,2,2,0,0,0,0,2
S01010316,85 and over,1,0,0,0,1,0,0,0,0,1
S01010317,All HRPs,394,133,59,74,261,196,4,10,24,27
S01010317,24 and under,72,14,1,13,58,58,0,0,0,0
S01010317,25 to 34,137,61,12,49,76,73,2,0,1,0
S01010317,35 to 49,90,35,26,9,55,47,0,4,4,0
S01010317,50 to 64,43,11,9,2,32,14,1,2,12,3
S01010317,65 to 74,28,8,7,1,20,3,1,3,5,8
S01010317,75 to 84,13,4,4,0,9,1,0,1,2,5
S01010317,85 and over,11,0,0,0,11,0,0,0,0,11
S01010318,All HRPs,304,58,25,33,246,156,1,20,51,18
S01010318,24 and under,42,7,1,6,35,35,0,0,0,0
S01010318,25 to 34,76,21,7,14,55,50,0,2,3,0
S01010318,35 to 49,98,13,4,9,85,49,1,8,27,0
S01010318,50 to 64,54,11,7,4,43,19,0,7,12,5
S01010318,65 to 74,19,5,5,0,14,1,0,2,6,5
S01010318,75 to 84,10,1,1,0,9,0,0,1,3,5
S01010318,85 and over,5,0,0,0,5,2,0,0,0,3
S01010319,All HRPs,407,121,68,53,286,189,10,22,34,31
S01010319,24 and under,53,8,1,7,45,45,0,0,0,0
S01010319,25 to 34,133,50,27,23,83,77,1,3,2,0
S01010319,35 to 49,107,28,14,14,79,50,6,9,13,1
S01010319,50 to 64,69,28,20,8,41,14,2,9,11,5
S01010319,65 to 74,25,6,5,1,19,3,0,0,6,10
S01010319,75 to 84,16,1,1,0,15,0,1,1,2,11
S01010319,85 and over,4,0,0,0,4,0,0,0,0,4
S01010320,All HRPs,437,85,29,56,352,232,15,31,40,34
S01010320,24 and under,58,6,0,6,52,48,0,4,0,0
S01010320,25 to 34,141,43,6,37,98,81,10,5,2,0
S01010320,35 to 49,100,16,8,8,84,69,4,4,7,0
S01010320,50 to 64,76,10,8,2,66,25,1,10,23,7
S01010320,65 to 74,35,8,6,2,27,6,0,8,6,7
S01010320,75 to 84,21,1,1,0,20,1,0,0,2,17
S01010320,85 and over,6,1,0,1,5,2,0,0,0,3
S01010321,All HRPs,432,96,40,56,336,227,1,24,48,36
S01010321,24 and under,47,5,0,5,42,42,0,0,0,0
S01010321,25 to 34,130,42,12,30,88,85,0,1,2,0
S01010321,35 to 49,108,24,8,16,84,64,1,8,11,0
S01010321,50 to 64,102,16,11,5,86,32,0,11,30,13
S01010321,65 to 74,18,4,4,0,14,3,0,2,3,6
S01010321,75 to 84,21,5,5,0,16,1,0,1,1,13
S01010321,85 and over,6,0,0,0,6,0,0,1,1,4
S01010322,All HRPs,549,214,116,98,335,244,5,21,35,30
S01010322,24 and under,69,15,0,15,54,54,0,0,0,0
S01010322,25 to 34,166,71,27,44,95,91,3,1,0,0
S01010322,35 to 49,146,62,29,33,84,60,0,12,12,0
S01010322,50 to 64,89,42,37,5,47,28,0,4,10,5
S01010322,65 to 74,46,15,14,1,31,7,2,3,10,9
S01010322,75 to 84,26,9,9,0,17,2,0,1,3,11
S01010322,85 and over,7,0,0,0,7,2,0,0,0,5
S01010323,All HRPs,377,50,32,18,327,181,4,28,59,55
S01010323,24 and under,22,0,0,0,22,22,0,0,0,0
S01010323,25 to 34,75,13,4,9,62,57,0,5,0,0
S01010323,35 to 49,98,12,8,4,86,69,1,10,6,0
S01010323,50 to 64,77,17,13,4,60,14,0,6,28,12
S01010323,65 to 74,62,7,6,1,55,7,1,4,24,19
S01010323,75 to 84,31,1,1,0,30,7,1,3,1,18
S01010323,85 and over,12,0,0,0,12,5,1,0,0,6
S01010324,All HRPs,403,119,95,24,284,124,3,24,47,86
S01010324,24 and under,16,1,0,1,15,13,0,0,0,2
S01010324,25 to 34,30,7,1,6,23,22,0,1,0,0
S01010324,35 to 49,82,29,19,10,53,30,0,10,11,2
S01010324,50 to 64,100,33,29,4,67,30,1,11,15,10
S01010324,65 to 74,96,31,28,3,65,17,0,2,17,29
S01010324,75 to 84,62,16,16,0,46,8,2,0,3,33
S01010324,85 and over,17,2,2,0,15,4,0,0,1,10
S01010325,All HRPs,501,169,132,37,332,126,1,28,52,125
S01010325,24 and under,4,1,0,1,3,3,0,0,0,0
S01010325,25 to 34,36,15,4,11,21,21,0,0,0,0
S01010325,35 to 49,102,38,24,14,64,46,0,9,9,0
S01010325,50 to 64,120,52,46,6,68,19,0,11,23,15
S01010325,65 to 74,108,41,37,4,67,17,0,3,9,38
S01010325,75 to 84,103,17,16,1,86,19,1,5,11,50
S01010325,85 and over,28,5,5,0,23,1,0,0,0,22
S01010326,All HRPs,494,109,66,43,385,212,4,35,73,61
S01010326,24 and under,26,4,1,3,22,22,0,0,0,0
S01010326,25 to 34,88,25,9,16,63,58,0,2,2,1
S01010326,35 to 49,167,38,18,20,129,93,1,9,22,4
S01010326,50 to 64,133,31,28,3,102,31,3,17,34,17
S01010326,65 to 74,49,6,5,1,43,6,0,7,12,18
S01010326,75 to 84,26,4,4,0,22,2,0,0,2,18
S01010326,85 and over,5,1,1,0,4,0,0,0,1,3
S01010327,All HRPs,362,150,112,38,212,116,1,33,31,31
S01010327,24 and under,13,2,1,1,11,10,0,0,0,1
S01010327,25 to 34,81,36,27,9,45,41,0,4,0,0
S01010327,35 to 49,127,60,42,18,67,45,1,12,8,1
S01010327,50 to 64,99,43,33,10,56,15,0,15,17,9
S01010327,65 to 74,28,8,8,0,20,4,0,1,5,10
S01010327,75 to 84,11,1,1,0,10,1,0,0,1,8
S01010327,85 and over,3,0,0,0,3,0,0,1,0,2
S01010328,All HRPs,445,197,154,43,248,109,5,24,38,72
S01010328,24 and under,17,4,1,3,13,12,0,0,0,1
S01010328,25 to 34,80,39,19,20,41,33,1,5,2,0
S01010328,35 to 49,106,53,40,13,53,33,2,8,7,3
S01010328,50 to 64,105,55,49,6,50,13,0,9,23,5
S01010328,65 to 74,55,22,21,1,33,9,0,1,4,19
S01010328,75 to 84,61,21,21,0,40,8,2,1,1,28
S01010328,85 and over,21,3,3,0,18,1,0,0,1,16
S01010329,All HRPs,290,103,76,27,187,78,2,19,35,53
S01010329,24 and under,8,0,0,0,8,8,0,0,0,0
S01010329,25 to 34,37,15,7,8,22,16,1,5,0,0
S01010329,35 to 49,70,30,17,13,40,22,0,7,8,3
S01010329,50 to 64,83,26,22,4,57,19,0,6,18,14
S01010329,65 to 74,47,17,15,2,30,6,0,1,7,16
S01010329,75 to 84,38,12,12,0,26,6,1,0,2,17
S01010329,85 and over,7,3,3,0,4,1,0,0,0,3
S01010330,All HRPs,299,81,60,21,218,107,2,31,38,40
S01010330,24 and under,13,2,0,2,11,11,0,0,0,0
S01010330,25 to 34,72,10,5,5,62,50,0,6,6,0
S01010330,35 to 49,83,24,14,10,59,35,0,13,10,1
S01010330,50 to 64,59,26,22,4,33,7,0,8,11,7
S01010330,65 to 74,48,11,11,0,37,4,0,4,9,20
S01010330,75 to 84,21,7,7,0,14,0,1,0,2,11
S01010330,85 and over,3,1,1,0,2,0,1,0,0,1
S01010331,All HRPs,520,124,97,27,396,184,8,31,74,99
S01010331,24 and under,17,1,0,1,16,15,0,0,0,1
S01010331,25 to 34,61,13,5,8,48,46,1,1,0,0
S01010331,35 to 49,131,28,14,14,103,69,1,11,20,2
S01010331,50 to 64,123,36,35,1,87,29,2,13,32,11
S01010331,65 to 74,79,21,19,2,58,7,2,6,17,26
S01010331,75 to 84,80,19,18,1,61,16,1,0,5,39
S01010331,85 and over,29,6,6,0,23,2,1,0,0,20
S01010332,All HRPs,279,111,88,23,168,75,4,20,30,39
S01010332,24 and under,7,1,0,1,6,5,1,0,0,0
S01010332,25 to 34,22,3,2,1,19,17,1,1,0,0
S01010332,35 to 49,97,41,27,14,56,38,1,7,10,0
S01010332,50 to 64,83,42,37,5,41,13,1,10,10,7
S01010332,65 to 74,45,19,17,2,26,1,0,2,7,16
S01010332,75 to 84,22,5,5,0,17,1,0,0,3,13
S01010332,85 and over,3,0,0,0,3,0,0,0,0,3
S01010333,All HRPs,487,153,103,50,334,167,3,45,38,81
S01010333,24 and under,29,5,0,5,24,24,0,0,0,0
S01010333,25 to 34,76,27,9,18,49,44,1,3,1,0
S01010333,35 to 49,134,38,26,12,96,62,1,26,7,0
S01010333,50 to 64,113,46,36,10,67,26,1,12,20,8
S01010333,65 to 74,69,23,19,4,46,4,0,3,7,32
S01010333,75 to 84,49,11,10,1,38,4,0,1,1,32
S01010333,85 and over,17,3,3,0,14,3,0,0,2,9
S01010334,All HRPs,433,175,129,46,258,126,6,32,37,57
S01010334,24 and under,19,7,0,7,12,11,0,0,0,1
S01010334,25 to 34,81,28,14,14,53,41,5,7,0,0
S01010334,35 to 49,135,61,41,20,74,46,0,15,12,1
S01010334,50 to 64,93,39,34,5,54,18,0,8,19,9
S01010334,65 to 74,58,23,23,0,35,9,0,1,5,20
S01010334,75 to 84,39,16,16,0,23,1,1,0,1,20
S01010334,85 and over,8,1,1,0,7,0,0,1,0,6
S01010335,All HRPs,345,130,97,33,215,75,5,25,34,76
S01010335,24 and under,7,2,0,2,5,5,0,0,0,0
S01010335,25 to 34,35,16,6,10,19,16,0,2,1,0
S01010335,35 to 49,87,36,25,11,51,28,1,10,9,3
S01010335,50 to 64,87,41,33,8,46,17,1,6,13,9
S01010335,65 to 74,53,20,18,2,33,5,2,5,6,15
S01010335,75 to 84,54,11,11,0,43,4,0,2,5,32
S01010335,85 and over,22,4,4,0,18,0,1,0,0,17
S01010336,All HRPs,379,66,32,34,313,197,3,21,50,42
S01010336,24 and under,50,9,0,9,41,40,0,0,0,1
S01010336,25 to 34,70,7,1,6,63,57,0,3,3,0
S01010336,35 to 49,132,21,8,13,111,83,2,10,15,1
S01010336,50 to 64,69,17,12,5,52,15,0,5,26,6
S01010336,65 to 74,32,9,8,1,23,1,0,2,4,16
S01010336,75 to 84,20,3,3,0,17,0,0,1,2,14
S01010336,85 and over,6,0,0,0,6,1,1,0,0,4
S01010337,All HRPs,278,113,90,23,165,66,0,17,33,49
S01010337,24 and under,5,1,0,1,4,4,0,0,0,0
S01010337,25 to 34,24,12,6,6,12,11,0,1,0,0
S01010337,35 to 49,78,29,20,9,49,30,0,9,10,0
S01010337,50 to 64,88,46,39,7,42,16,0,6,13,7
S01010337,65 to 74,49,17,17,0,32,3,0,0,8,21
S01010337,75 to 84,26,6,6,0,20,2,0,1,2,15
S01010337,85 and over,8,2,2,0,6,0,0,0,0,6
S01010338,All HRPs,356,97,68,29,259,147,3,34,30,45
S01010338,24 and under,20,2,0,2,18,18,0,0,0,0
S01010338,25 to 34,74,20,6,14,54,51,0,1,2,0
S01010338,35 to 49,112,25,18,7,87,58,1,21,6,1
S01010338,50 to 64,80,29,25,4,51,13,1,10,18,9
S01010338,65 to 74,46,16,14,2,30,6,1,1,4,18
S01010338,75 to 84,13,3,3,0,10,0,0,1,0,9
S01010338,85 and over,11,2,2,0,9,1,0,0,0,8
S01010339,All HRPs,284,123,98,25,161,62,3,19,24,53
S01010339,24 and under,4,0,0,0,4,4,0,0,0,0
S01010339,25 to 34,30,14,6,8,16,14,0,2,0,0
S01010339,35 to 49,75,33,21,12,42,30,2,3,3,4
S01010339,50 to 64,71,35,31,4,36,9,0,10,13,4
S01010339,65 to 74,54,24,24,0,30,1,0,4,8,17
S01010339,75 to 84,40,17,16,1,23,3,1,0,0,19
S01010339,85 and over,10,0,0,0,10,1,0,0,0,9
S01010340,All HRPs,349,114,88,26,235,126,1,31,38,39
S01010340,24 and under,21,2,0,2,19,18,0,0,0,1
S01010340,25 to 34,59,16,10,6,43,35,0,8,0,0
S01010340,35 to 49,114,37,24,13,77,52,0,13,11,1
S01010340,50 to 64,75,28,26,2,47,12,1,7,22,5
S01010340,65 to 74,49,18,16,2,31,6,0,3,4,18
S01010340,75 to 84,24,11,10,1,13,2,0,0,1,10
S01010340,85 and over,7,2,2,0,5,1,0,0,0,4
S01010341,All HRPs,253,114,91,23,139,56,3,18,23,39
S01010341,24 and under,6,0,0,0,6,6,0,0,0,0
S01010341,25 to 34,27,7,4,3,20,15,0,2,3,0
S01010341,35 to 49,85,41,29,12,44,24,2,12,6,0
S01010341,50 to 64,71,46,41,5,25,5,0,3,10,7
S01010341,65 to 74,41,16,13,3,25,6,1,1,3,14
S01010341,75 to 84,19,4,4,0,15,0,0,0,1,14
S01010341,85 and over,4,0,0,0,4,0,0,0,0,4
S01010342,All HRPs,302,139,111,28,163,89,2,19,25,28
S01010342,24 and under,12,3,2,1,9,9,0,0,0,0
S01010342,25 to 34,37,17,8,9,20,20,0,0,0,0
S01010342,35 to 49,110,55,42,13,55,41,0,9,5,0
S01010342,50 to 64,92,50,45,5,42,14,2,9,10,7
S01010342,65 to 74,30,8,8,0,22,3,0,1,7,11
S01010342,75 to 84,18,5,5,0,13,2,0,0,3,8
S01010342,85 and over,3,1,1,0,2,0,0,0,0,2
S01010343,All HRPs,365,224,179,45,141,65,4,17,35,20
S01010343,24 and under,7,2,0,2,5,5,0,0,0,0
S01010343,25 to 34,55,29,9,20,26,23,0,3,0,0
S01010343,35 to 49,149,89,74,15,60,29,3,9,18,1
S01010343,50 to 64,121,86,79,7,35,7,1,5,15,7
S01010343,65 to 74,23,16,16,0,7,1,0,0,0,6
S01010343,75 to 84,8,2,1,1,6,0,0,0,2,4
S01010343,85 and over,2,0,0,0,2,0,0,0,0,2
S01010344,All HRPs,419,80,50,30,339,187,5,38,62,47
S01010344,24 and under,20,4,0,4,16,16,0,0,0,0
S01010344,25 to 34,66,11,2,9,55,53,1,1,0,0
S01010344,35 to 49,147,19,8,11,128,85,1,17,24,1
S01010344,50 to 64,93,25,19,6,68,23,1,12,25,7
S01010344,65 to 74,56,13,13,0,43,6,1,7,11,18
S01010344,75 to 84,30,8,8,0,22,4,1,1,2,14
S01010344,85 and over,7,0,0,0,7,0,0,0,0,7
S01010345,All HRPs,160,108,91,17,52,26,2,9,9,6
S01010345,24 and under,9,0,0,0,9,9,0,0,0,0
S01010345,25 to 34,19,14,7,7,5,3,0,1,1,0
S01010345,35 to 49,90,67,60,7,23,11,0,7,5,0
S01010345,50 to 64,29,21,18,3,8,1,1,1,3,2
S01010345,65 to 74,6,4,4,0,2,0,1,0,0,1
S01010345,75 to 84,4,2,2,0,2,0,0,0,0,2
S01010345,85 and over,3,0,0,0,3,2,0,0,0,1
S01010346,All HRPs,410,237,190,47,173,70,6,16,43,38
S01010346,24 and under,5,1,0,1,4,4,0,0,0,0
S01010346,25 to 34,43,20,11,9,23,20,1,2,0,0
S01010346,35 to 49,128,76,57,19,52,28,2,7,15,0
S01010346,50 to 64,151,102,84,18,49,11,2,7,22,7
S01010346,65 to 74,48,25,25,0,23,4,0,0,4,15
S01010346,75 to 84,28,10,10,0,18,2,1,0,2,13
S01010346,85 and over,7,3,3,0,4,1,0,0,0,3
S01010347,All HRPs,466,134,91,43,332,181,4,35,63,49
S01010347,24 and under,29,7,0,7,22,22,0,0,0,0
S01010347,25 to 34,79,26,8,18,53,48,1,0,4,0
S01010347,35 to 49,140,32,23,9,108,69,1,12,23,3
S01010347,50 to 64,107,39,31,8,68,26,2,13,22,5
S01010347,65 to 74,67,18,17,1,49,11,0,10,11,17
S01010347,75 to 84,34,11,11,0,23,4,0,0,2,17
S01010347,85 and over,10,1,1,0,9,1,0,0,1,7
S01010348,All HRPs,483,195,150,45,288,117,4,31,46,90
S01010348,24 and under,15,5,0,5,10,10,0,0,0,0
S01010348,25 to 34,92,39,19,20,53,49,0,4,0,0
S01010348,35 to 49,85,32,18,14,53,33,0,8,11,1
S01010348,50 to 64,134,65,59,6,69,17,2,14,23,13
S01010348,65 to 74,75,30,30,0,45,4,0,5,8,28
S01010348,75 to 84,66,22,22,0,44,3,2,0,4,35
S01010348,85 and over,16,2,2,0,14,1,0,0,0,13
S01010349,All HRPs,443,162,124,38,281,107,2,24,59,89
S01010349,24 and under,10,0,0,0,10,10,0,0,0,0
S01010349,25 to 34,51,17,9,8,34,29,0,3,2,0
S01010349,35 to 49,122,45,24,21,77,55,2,10,9,1
S01010349,50 to 64,121,59,54,5,62,6,0,9,29,18
S01010349,65 to 74,75,30,26,4,45,2,0,2,9,32
S01010349,75 to 84,51,11,11,0,40,3,0,0,8,29
S01010349,85 and over,13,0,0,0,13,2,0,0,2,9
S01010350,All HRPs,475,122,89,33,353,183,4,25,66,75
S01010350,24 and under,30,3,0,3,27,27,0,0,0,0
S01010350,25 to 34,62,9,5,4,53,48,0,2,3,0
S01010350,35 to 49,142,45,29,16,97,63,0,11,23,0
S01010350,50 to 64,113,43,34,9,70,25,1,11,21,12
S01010350,65 to 74,72,13,13,0,59,13,1,1,15,29
S01010350,75 to 84,44,8,7,1,36,7,2,0,4,23
S01010350,85 and over,12,1,1,0,11,0,0,0,0,11
S01010351,All HRPs,398,136,84,52,262,151,3,35,29,44
S01010351,24 and under,37,1,0,1,36,36,0,0,0,0
S01010351,25 to 34,76,27,6,21,49,44,1,3,0,1
S01010351,35 to 49,129,48,29,19,81,48,1,19,12,1
S01010351,50 to 64,82,40,31,9,42,11,1,12,13,5
S01010351,65 to 74,31,10,9,1,21,4,0,1,3,13
S01010351,75 to 84,31,9,9,0,22,5,0,0,1,16
S01010351,85 and over,12,1,0,1,11,3,0,0,0,8
S01010352,All HRPs,276,88,59,29,188,81,7,23,29,48
S01010352,24 and under,11,3,0,3,8,8,0,0,0,0
S01010352,25 to 34,37,9,2,7,28,25,3,0,0,0
S01010352,35 to 49,67,19,10,9,48,29,2,7,10,0
S01010352,50 to 64,74,25,17,8,49,12,1,13,13,10
S01010352,65 to 74,39,17,15,2,22,6,1,3,3,9
S01010352,75 to 84,32,12,12,0,20,1,0,0,2,17
S01010352,85 and over,16,3,3,0,13,0,0,0,1,12
S01010353,All HRPs,562,113,69,44,449,244,14,39,89,63
S01010353,24 and under,55,7,0,7,48,48,0,0,0,0
S01010353,25 to 34,118,39,20,19,79,73,1,3,0,2
S01010353,35 to 49,162,23,12,11,139,89,10,10,26,4
S01010353,50 to 64,116,26,20,6,90,22,1,18,38,11
S01010353,65 to 74,61,9,8,1,52,9,0,6,17,20
S01010353,75 to 84,44,8,8,0,36,3,2,2,8,21
S01010353,85 and over,6,1,1,0,5,0,0,0,0,5
S01010354,All HRPs,375,107,69,38,268,149,4,28,40,47
S01010354,24 and under,24,5,2,3,19,16,0,1,0,2
S01010354,25 to 34,73,30,15,15,43,37,1,5,0,0
S01010354,35 to 49,106,25,13,12,81,61,2,7,10,1
S01010354,50 to 64,90,34,26,8,56,22,0,11,18,5
S01010354,65 to 74,38,10,10,0,28,7,0,2,8,11
S01010354,75 to 84,31,3,3,0,28,6,1,1,4,16
S01010354,85 and over,13,0,0,0,13,0,0,1,0,12
S01010355,All HRPs,402,100,68,32,302,164,7,35,52,44
S01010355,24 and under,33,5,0,5,28,23,3,0,0,2
S01010355,25 to 34,78,22,8,14,56,50,2,3,1,0
S01010355,35 to 49,130,22,14,8,108,66,2,18,20,2
S01010355,50 to 64,80,26,22,4,54,15,0,11,21,7
S01010355,65 to 74,49,16,15,1,33,6,0,3,9,15
S01010355,75 to 84,27,8,8,0,19,2,0,0,1,16
S01010355,85 and over,5,1,1,0,4,2,0,0,0,2
S01010356,All HRPs,308,124,80,44,184,119,4,17,29,15
S01010356,24 and under,10,1,0,1,9,9,0,0,0,0
S01010356,25 to 34,72,27,12,15,45,41,0,2,2,0
S01010356,35 to 49,124,52,37,15,72,51,2,10,9,0
S01010356,50 to 64,78,39,28,11,39,18,1,4,13,3
S01010356,65 to 74,16,3,1,2,13,0,1,1,4,7
S01010356,75 to 84,5,2,2,0,3,0,0,0,1,2
S01010356,85 and over,3,0,0,0,3,0,0,0,0,3
S01010357,All HRPs,340,79,56,23,261,161,3,25,45,27
S01010357,24 and under,30,5,1,4,25,24,0,1,0,0
S01010357,25 to 34,52,13,4,9,39,36,0,2,1,0
S01010357,35 to 49,96,18,14,4,78,55,2,9,10,2
S01010357,50 to 64,91,24,20,4,67,28,1,9,24,5
S01010357,65 to 74,41,12,10,2,29,12,0,4,7,6
S01010357,75 to 84,23,7,7,0,16,3,0,0,3,10
S01010357,85 and over,7,0,0,0,7,3,0,0,0,4
S01010358,All HRPs,507,95,59,36,412,196,1,34,91,90
S01010358,24 and under,29,2,0,2,27,27,0,0,0,0
S01010358,25 to 34,66,17,3,14,49,47,0,2,0,0
S01010358,35 to 49,128,28,16,12,100,67,0,18,12,3
S01010358,50 to 64,146,21,16,5,125,36,1,12,61,15
S01010358,65 to 74,61,9,7,2,52,10,0,1,14,27
S01010358,75 to 84,57,17,16,1,40,5,0,1,4,30
S01010358,85 and over,20,1,1,0,19,4,0,0,0,15
S01010359,All HRPs,456,79,56,23,377,182,9,25,65,96
S01010359,24 and under,31,2,0,2,29,29,0,0,0,0
S01010359,25 to 34,81,15,7,8,66,61,1,2,1,1
S01010359,35 to 49,110,15,7,8,95,56,6,13,17,3
S01010359,50 to 64,105,32,28,4,73,23,1,9,27,13
S01010359,65 to 74,47,4,4,0,43,9,0,1,16,17
S01010359,75 to 84,59,10,9,1,49,4,0,0,3,42
S01010359,85 and over,23,1,1,0,22,0,1,0,1,20
S01010360,All HRPs,285,77,50,27,208,115,2,14,51,26
S01010360,24 and under,23,7,1,6,16,16,0,0,0,0
S01010360,25 to 34,49,18,10,8,31,29,1,0,1,0
S01010360,35 to 49,105,28,16,12,77,50,1,9,15,2
S01010360,50 to 64,76,19,18,1,57,15,0,5,29,8
S01010360,65 to 74,17,4,4,0,13,3,0,0,5,5
S01010360,75 to 84,12,1,1,0,11,1,0,0,1,9
S01010360,85 and over,3,0,0,0,3,1,0,0,0,2
S01010361,All HRPs,402,52,29,23,350,214,5,26,68,37
S01010361,24 and under,33,0,0,0,33,33,0,0,0,0
S01010361,25 to 34,83,11,5,6,72,68,1,2,1,0
S01010361,35 to 49,131,15,6,9,116,84,3,16,13,0
S01010361,50 to 64,88,15,9,6,73,21,0,6,40,6
S01010361,65 to 74,37,7,5,2,30,2,1,2,10,15
S01010361,75 to 84,22,4,4,0,18,4,0,0,3,11
S01010361,85 and over,8,0,0,0,8,2,0,0,1,5
S01010362,All HRPs,611,70,47,23,541,350,14,46,84,47
S01010362,24 and under,79,0,0,0,79,78,1,0,0,0
S01010362,25 to 34,103,11,3,8,92,84,2,2,3,1
S01010362,35 to 49,198,19,12,7,179,127,7,25,20,0
S01010362,50 to 64,123,20,14,6,103,43,2,13,43,2
S01010362,65 to 74,50,9,8,1,41,9,1,4,11,16
S01010362,75 to 84,48,11,10,1,37,5,0,2,7,23
S01010362,85 and over,10,0,0,0,10,4,1,0,0,5
S01010363,All HRPs,394,148,106,42,246,145,3,17,45,36
S01010363,24 and under,27,2,0,2,25,25,0,0,0,0
S01010363,25 to 34,68,33,15,18,35,34,0,0,1,0
S01010363,35 to 49,117,45,36,9,72,49,0,9,14,0
S01010363,50 to 64,111,50,38,12,61,23,2,6,23,7
S01010363,65 to 74,30,8,8,0,22,6,0,2,7,7
S01010363,75 to 84,28,8,7,1,20,4,1,0,0,15
S01010363,85 and over,13,2,2,0,11,4,0,0,0,7
S01010364,All HRPs,337,244,206,38,93,32,5,4,13,39
S01010364,24 and under,2,0,0,0,2,2,0,0,0,0
S01010364,25 to 34,21,15,7,8,6,6,0,0,0,0
S01010364,35 to 49,97,85,64,21,12,7,0,3,2,0
S01010364,50 to 64,124,100,93,7,24,9,3,1,6,5
S01010364,65 to 74,43,26,24,2,17,2,0,0,5,10
S01010364,75 to 84,35,15,15,0,20,5,2,0,0,13
S01010364,85 and over,15,3,3,0,12,1,0,0,0,11
S01010365,All HRPs,449,231,183,48,218,111,1,16,41,49
S01010365,24 and under,10,1,0,1,9,9,0,0,0,0
S01010365,25 to 34,46,16,6,10,30,28,0,1,1,0
S01010365,35 to 49,135,77,56,21,58,32,0,11,15,0
S01010365,50 to 64,156,97,82,15,59,27,0,4,20,8
S01010365,65 to 74,55,30,29,1,25,5,0,0,3,17
S01010365,75 to 84,31,8,8,0,23,6,1,0,0,16
S01010365,85 and over,16,2,2,0,14,4,0,0,2,8
S01010366,All HRPs,502,238,180,58,264,162,13,13,41,35
S01010366,24 and under,35,9,0,9,26,24,2,0,0,0
S01010366,25 to 34,119,47,24,23,72,69,3,0,0,0
S01010366,35 to 49,138,70,51,19,68,41,6,5,14,2
S01010366,50 to 64,117,68,63,5,49,18,0,8,18,5
S01010366,65 to 74,49,29,27,2,20,7,1,0,7,5
S01010366,75 to 84,31,12,12,0,19,2,1,0,2,14
S01010366,85 and over,13,3,3,0,10,1,0,0,0,9
S01010367,All HRPs,507,240,186,54,267,134,14,18,51,50
S01010367,24 and under,25,6,0,6,19,18,0,0,0,1
S01010367,25 to 34,92,38,18,20,54,51,1,0,2,0
S01010367,35 to 49,138,74,57,17,64,36,6,6,15,1
S01010367,50 to 64,138,77,69,8,61,19,4,12,20,6
S01010367,65 to 74,52,25,23,2,27,2,2,0,10,13
S01010367,75 to 84,49,17,16,1,32,6,1,0,4,21
S01010367,85 and over,13,3,3,0,10,2,0,0,0,8
S01010368,All HRPs,355,159,121,38,196,103,10,15,29,39
S01010368,24 and under,22,1,0,1,21,21,0,0,0,0
S01010368,25 to 34,51,16,8,8,35,29,4,1,1,0
S01010368,35 to 49,94,53,38,15,41,25,1,7,6,2
S01010368,50 to 64,112,62,48,14,50,17,5,5,16,7
S01010368,65 to 74,33,15,15,0,18,6,0,0,2,10
S01010368,75 to 84,29,9,9,0,20,3,0,2,4,11
S01010368,85 and over,14,3,3,0,11,2,0,0,0,9
S01010369,All HRPs,433,141,84,57,292,203,3,20,53,13
S01010369,24 and under,42,4,0,4,38,38,0,0,0,0
S01010369,25 to 34,136,54,19,35,82,79,1,0,2,0
S01010369,35 to 49,131,49,34,15,82,55,2,11,13,1
S01010369,50 to 64,90,28,26,2,62,24,0,7,27,4
S01010369,65 to 74,18,3,2,1,15,6,0,1,6,2
S01010369,75 to 84,12,3,3,0,9,1,0,1,3,4
S01010369,85 and over,4,0,0,0,4,0,0,0,2,2
S01010370,All HRPs,335,154,89,65,181,133,4,13,18,13
S01010370,24 and under,37,5,1,4,32,32,0,0,0,0
S01010370,25 to 34,91,36,11,25,55,53,1,0,1,0
S01010370,35 to 49,108,60,34,26,48,29,3,7,9,0
S01010370,50 to 64,69,41,32,9,28,14,0,6,5,3
S01010370,65 to 74,20,10,9,1,10,3,0,0,2,5
S01010370,75 to 84,9,1,1,0,8,2,0,0,1,5
S01010370,85 and over,1,1,1,0,0,0,0,0,0,0
S01010371,All HRPs,461,185,117,68,276,208,4,10,29,25
S01010371,24 and under,74,10,0,10,64,64,0,0,0,0
S01010371,25 to 34,112,45,13,32,67,67,0,0,0,0
S01010371,35 to 49,143,72,53,19,71,55,2,6,7,1
S01010371,50 to 64,78,37,32,5,41,18,2,4,10,7
S01010371,65 to 74,26,11,10,1,15,3,0,0,7,5
S01010371,75 to 84,17,7,6,1,10,0,0,0,4,6
S01010371,85 and over,11,3,3,0,8,1,0,0,1,6
S01010372,All HRPs,226,109,72,37,117,70,6,11,21,9
S01010372,24 and under,14,5,0,5,9,9,0,0,0,0
S01010372,25 to 34,40,16,8,8,24,23,0,1,0,0
S01010372,35 to 49,70,45,31,14,25,19,3,2,1,0
S01010372,50 to 64,61,29,19,10,32,10,2,6,12,2
S01010372,65 to 74,23,9,9,0,14,4,1,2,4,3
S01010372,75 to 84,12,5,5,0,7,3,0,0,3,1
S01010372,85 and over,6,0,0,0,6,2,0,0,1,3
S01010373,All HRPs,408,135,82,53,273,187,6,13,39,28
S01010373,24 and under,57,7,0,7,50,49,1,0,0,0
S01010373,25 to 34,115,40,16,24,75,68,1,3,3,0
S01010373,35 to 49,104,47,30,17,57,38,3,4,11,1
S01010373,50 to 64,71,24,19,5,47,23,1,6,15,2
S01010373,65 to 74,34,12,12,0,22,7,0,0,7,8
S01010373,75 to 84,16,4,4,0,12,0,0,0,3,9
S01010373,85 and over,11,1,1,0,10,2,0,0,0,8
S01010374,All HRPs,469,183,116,67,286,197,8,14,40,27
S01010374,24 and under,78,11,0,11,67,67,0,0,0,0
S01010374,25 to 34,100,39,13,26,61,60,0,0,0,1
S01010374,35 to 49,119,64,43,21,55,36,4,3,12,0
S01010374,50 to 64,103,43,35,8,60,26,2,8,19,5
S01010374,65 to 74,39,16,15,1,23,3,2,2,5,11
S01010374,75 to 84,23,6,6,0,17,5,0,1,2,9
S01010374,85 and over,7,4,4,0,3,0,0,0,2,1
S01010375,All HRPs,219,40,20,20,179,148,6,3,12,10
S01010375,24 and under,97,7,1,6,90,90,0,0,0,0
S01010375,25 to 34,39,14,5,9,25,23,1,0,0,1
S01010375,35 to 49,42,10,6,4,32,23,3,2,4,0
S01010375,50 to 64,20,6,5,1,14,6,2,1,5,0
S01010375,65 to 74,12,3,3,0,9,5,0,0,3,1
S01010375,75 to 84,3,0,0,0,3,0,0,0,0,3
S01010375,85 and over,6,0,0,0,6,1,0,0,0,5
S01010376,All HRPs,367,95,51,44,272,234,8,13,16,1
S01010376,24 and under,108,8,2,6,100,100,0,0,0,0
S01010376,25 to 34,114,33,12,21,81,76,4,1,0,0
S01010376,35 to 49,84,35,22,13,49,40,3,3,3,0
S01010376,50 to 64,39,15,12,3,24,10,1,5,8,0
S01010376,65 to 74,16,2,1,1,14,4,0,4,5,1
S01010376,75 to 84,5,2,2,0,3,3,0,0,0,0
S01010376,85 and over,1,0,0,0,1,1,0,0,0,0
S01010377,All HRPs,375,91,52,39,284,237,5,16,18,8
S01010377,24 and under,121,10,1,9,111,111,0,0,0,0
S01010377,25 to 34,103,29,15,14,74,65,1,8,0,0
S01010377,35 to 49,93,29,20,9,64,49,4,5,6,0
S01010377,50 to 64,39,19,12,7,20,7,0,2,8,3
S01010377,65 to 74,16,4,4,0,12,5,0,1,4,2
S01010377,75 to 84,1,0,0,0,1,0,0,0,0,1
S01010377,85 and over,2,0,0,0,2,0,0,0,0,2
S01010378,All HRPs,272,63,34,29,209,184,2,3,18,2
S01010378,24 and under,116,8,0,8,108,108,0,0,0,0
S01010378,25 to 34,65,21,6,15,44,43,1,0,0,0
S01010378,35 to 49,43,18,15,3,25,19,0,1,5,0
S01010378,50 to 64,33,11,9,2,22,10,1,2,8,1
S01010378,65 to 74,7,2,2,0,5,3,0,0,2,0
S01010378,75 to 84,6,2,1,1,4,1,0,0,3,0
S01010378,85 and over,2,1,1,0,1,0,0,0,0,1
S01010379,All HRPs,446,109,63,46,337,261,13,12,34,17
S01010379,24 and under,146,16,0,16,130,130,0,0,0,0
S01010379,25 to 34,94,25,12,13,69,64,2,2,0,1
S01010379,35 to 49,83,29,21,8,54,39,7,4,4,0
S01010379,50 to 64,79,29,22,7,50,21,2,5,19,3
S01010379,65 to 74,18,5,4,1,13,4,1,1,7,0
S01010379,75 to 84,17,4,3,1,13,3,1,0,4,5
S01010379,85 and over,9,1,1,0,8,0,0,0,0,8
S01010380,All HRPs,521,180,105,75,341,258,3,16,38,26
S01010380,24 and under,81,10,1,9,71,71,0,0,0,0
S01010380,25 to 34,133,57,14,43,76,75,0,1,0,0
S01010380,35 to 49,118,52,36,16,66,56,2,2,6,0
S01010380,50 to 64,113,41,34,7,72,37,1,12,18,4
S01010380,65 to 74,45,11,11,0,34,15,0,1,11,7
S01010380,75 to 84,20,7,7,0,13,1,0,0,2,10
S01010380,85 and over,11,2,2,0,9,3,0,0,1,5
S01010381,All HRPs,372,86,27,59,286,233,5,10,29,9
S01010381,24 and under,109,20,3,17,89,88,1,0,0,0
S01010381,25 to 34,140,43,10,33,97,92,2,1,2,0
S01010381,35 to 49,74,15,9,6,59,41,1,5,11,1
S01010381,50 to 64,36,6,4,2,30,11,1,4,14,0
S01010381,65 to 74,5,1,0,1,4,1,0,0,2,1
S01010381,75 to 84,8,1,1,0,7,0,0,0,0,7
S01010381,85 and over,0,0,0,0,0,0,0,0,0,0
S01010382,All HRPs,483,135,66,69,348,289,5,16,19,19
S01010382,24 and under,82,8,1,7,74,73,0,1,0,0
S01010382,25 to 34,169,65,22,43,104,99,3,0,1,1
S01010382,35 to 49,111,33,21,12,78,73,1,3,0,1
S01010382,50 to 64,72,17,10,7,55,33,0,8,13,1
S01010382,65 to 74,24,4,4,0,20,7,0,2,5,6
S01010382,75 to 84,22,8,8,0,14,4,1,2,0,7
S01010382,85 and over,3,0,0,0,3,0,0,0,0,3
S01010383,All HRPs,393,81,42,39,312,219,5,14,53,21
S01010383,24 and under,72,6,0,6,66,66,0,0,0,0
S01010383,25 to 34,85,26,6,20,59,56,0,2,1,0
S01010383,35 to 49,104,24,14,10,80,54,3,5,17,1
S01010383,50 to 64,75,15,13,2,60,31,1,4,22,2
S01010383,65 to 74,39,8,7,1,31,8,0,3,10,10
S01010383,75 to 84,18,2,2,0,16,4,1,0,3,8
S01010383,85 and over,0,0,0,0,0,0,0,0,0,0
S01010384,All HRPs,454,139,64,75,315,238,9,9,35,24
S01010384,24 and under,88,12,1,11,76,75,1,0,0,0
S01010384,25 to 34,130,47,13,34,83,81,1,0,1,0
S01010384,35 to 49,115,42,21,21,73,53,3,6,11,0
S01010384,50 to 64,72,24,16,8,48,21,3,3,18,3
S01010384,65 to 74,20,7,7,0,13,3,1,0,5,4
S01010384,75 to 84,23,7,6,1,16,5,0,0,0,11
S01010384,85 and over,6,0,0,0,6,0,0,0,0,6
S01010385,All HRPs,498,143,59,84,355,253,4,15,48,35
S01010385,24 and under,70,12,0,12,58,58,0,0,0,0
S01010385,25 to 34,165,60,14,46,105,101,1,2,1,0
S01010385,35 to 49,118,36,16,20,82,63,0,5,11,3
S01010385,50 to 64,70,16,12,4,54,21,1,6,20,6
S01010385,65 to 74,43,16,14,2,27,4,1,2,9,11
S01010385,75 to 84,23,3,3,0,20,3,1,0,6,10
S01010385,85 and over,9,0,0,0,9,3,0,0,1,5
S01010386,All HRPs,528,117,61,56,411,270,7,17,66,51
S01010386,24 and under,71,8,1,7,63,63,0,0,0,0
S01010386,25 to 34,130,32,9,23,98,93,1,0,4,0
S01010386,35 to 49,156,38,18,20,118,86,0,8,21,3
S01010386,50 to 64,81,21,17,4,60,20,2,8,25,5
S01010386,65 to 74,47,14,12,2,33,3,0,1,10,19
S01010386,75 to 84,31,4,4,0,27,4,2,0,5,16
S01010386,85 and over,12,0,0,0,12,1,2,0,1,8
S01010387,All HRPs,587,155,74,81,432,322,7,14,53,36
S01010387,24 and under,95,10,1,9,85,85,0,0,0,0
S01010387,25 to 34,203,67,26,41,136,130,3,0,3,0
S01010387,35 to 49,124,39,18,21,85,67,1,4,11,2
S01010387,50 to 64,103,24,17,7,79,31,2,9,35,2
S01010387,65 to 74,34,11,8,3,23,5,1,1,3,13
S01010387,75 to 84,22,2,2,0,20,3,0,0,1,16
S01010387,85 and over,6,2,2,0,4,1,0,0,0,3
S01010388,All HRPs,584,155,92,63,429,268,6,22,79,54
S01010388,24 and under,56,11,0,11,45,44,1,0,0,0
S01010388,25 to 34,126,36,5,31,90,82,1,1,6,0
S01010388,35 to 49,159,36,20,16,123,94,2,8,16,3
S01010388,50 to 64,133,40,37,3,93,37,2,7,39,8
S01010388,65 to 74,61,22,20,2,39,8,0,5,14,12
S01010388,75 to 84,44,9,9,0,35,3,0,1,4,27
S01010388,85 and over,5,1,1,0,4,0,0,0,0,4
S01010389,All HRPs,668,181,75,106,487,364,38,36,39,10
S01010389,24 and under,142,30,2,28,112,108,0,4,0,0
S01010389,25 to 34,258,72,23,49,186,163,11,7,4,1
S01010389,35 to 49,174,46,22,24,128,69,21,17,18,3
S01010389,50 to 64,78,29,24,5,49,22,5,8,13,1
S01010389,65 to 74,11,4,4,0,7,1,1,0,3,2
S01010389,75 to 84,5,0,0,0,5,1,0,0,1,3
S01010389,85 and over,0,0,0,0,0,0,0,0,0,0
S01010390,All HRPs,716,186,67,119,530,406,10,24,65,25
S01010390,24 and under,59,13,1,12,46,46,0,0,0,0
S01010390,25 to 34,257,92,19,73,165,157,3,2,3,0
S01010390,35 to 49,234,60,32,28,174,142,2,9,21,0
S01010390,50 to 64,121,18,13,5,103,50,5,11,31,6
S01010390,65 to 74,24,2,2,0,22,6,0,2,6,8
S01010390,75 to 84,15,1,0,1,14,4,0,0,4,6
S01010390,85 and over,6,0,0,0,6,1,0,0,0,5
S01010391,All HRPs,541,126,53,73,415,319,6,21,48,21
S01010391,24 and under,56,10,2,8,46,45,1,0,0,0
S01010391,25 to 34,203,62,14,48,141,138,0,3,0,0
S01010391,35 to 49,141,27,13,14,114,90,2,7,15,0
S01010391,50 to 64,85,14,12,2,71,38,1,9,20,3
S01010391,65 to 74,29,8,7,1,21,4,1,2,10,4
S01010391,75 to 84,19,4,4,0,15,4,1,0,3,7
S01010391,85 and over,8,1,1,0,7,0,0,0,0,7
S01010392,All HRPs,416,152,84,68,264,165,25,37,30,7
S01010392,24 and under,49,11,1,10,38,38,0,0,0,0
S01010392,25 to 34,160,63,25,38,97,75,12,4,6,0
S01010392,35 to 49,142,48,34,14,94,44,12,24,14,0
S01010392,50 to 64,50,20,15,5,30,8,0,9,10,3
S01010392,65 to 74,13,9,8,1,4,0,1,0,0,3
S01010392,75 to 84,2,1,1,0,1,0,0,0,0,1
S01010392,85 and over,0,0,0,0,0,0,0,0,0,0
S01010393,All HRPs,634,184,81,103,450,326,11,16,42,55
S01010393,24 and under,76,21,1,20,55,55,0,0,0,0
S01010393,25 to 34,209,78,15,63,131,128,1,2,0,0
S01010393,35 to 49,145,30,22,8,115,91,4,8,12,0
S01010393,50 to 64,99,36,25,11,63,30,4,5,17,7
S01010393,65 to 74,42,13,12,1,29,10,0,1,7,11
S01010393,75 to 84,42,4,4,0,38,9,2,0,6,21
S01010393,85 and over,21,2,2,0,19,3,0,0,0,16
S01010394,All HRPs,516,97,59,38,419,227,8,35,84,65
S01010394,24 and under,31,4,0,4,27,27,0,0,0,0
S01010394,25 to 34,73,20,4,16,53,43,5,2,3,0
S01010394,35 to 49,160,28,14,14,132,100,1,14,16,1
S01010394,50 to 64,117,24,22,2,93,29,0,12,45,7
S01010394,65 to 74,56,10,8,2,46,10,0,6,14,16
S01010394,75 to 84,59,6,6,0,53,15,2,1,5,30
S01010394,85 and over,20,5,5,0,15,3,0,0,1,11
S01010395,All HRPs,637,158,93,65,479,308,6,28,85,52
S01010395,24 and under,63,14,3,11,49,49,0,0,0,0
S01010395,25 to 34,173,54,23,31,119,109,6,1,1,2
S01010395,35 to 49,161,42,23,19,119,90,0,10,19,0
S01010395,50 to 64,120,28,24,4,92,38,0,10,37,7
S01010395,65 to 74,55,10,10,0,45,10,0,2,17,16
S01010395,75 to 84,44,7,7,0,37,6,0,4,8,19
S01010395,85 and over,21,3,3,0,18,6,0,1,3,8
S01010396,All HRPs,585,187,105,82,398,242,7,10,71,68
S01010396,24 and under,63,11,0,11,52,52,0,0,0,0
S01010396,25 to 34,141,63,20,43,78,74,2,0,2,0
S01010396,35 to 49,141,37,24,13,104,71,3,0,27,3
S01010396,50 to 64,112,41,29,12,71,29,2,7,26,7
S01010396,65 to 74,55,22,20,2,33,6,0,0,10,17
S01010396,75 to 84,42,10,9,1,32,5,0,2,5,20
S01010396,85 and over,31,3,3,0,28,5,0,1,1,21
S01010397,All HRPs,294,96,53,43,198,135,1,10,35,17
S01010397,24 and under,43,5,0,5,38,38,0,0,0,0
S01010397,25 to 34,65,26,12,14,39,37,0,2,0,0
S01010397,35 to 49,82,34,17,17,48,29,1,5,12,1
S01010397,50 to 64,60,22,15,7,38,25,0,2,10,1
S01010397,65 to 74,23,4,4,0,19,2,0,1,13,3
S01010397,75 to 84,8,1,1,0,7,3,0,0,0,4
S01010397,85 and over,13,4,4,0,9,1,0,0,0,8
S01010398,All HRPs,583,224,123,101,359,238,10,11,54,46
S01010398,24 and under,59,9,0,9,50,49,0,0,1,0
S01010398,25 to 34,184,90,30,60,94,90,1,1,2,0
S01010398,35 to 49,140,61,40,21,79,50,8,5,16,0
S01010398,50 to 64,102,41,31,10,61,30,0,4,23,4
S01010398,65 to 74,50,15,14,1,35,9,1,1,8,16
S01010398,75 to 84,38,4,4,0,34,9,0,0,3,22
S01010398,85 and over,10,4,4,0,6,1,0,0,1,4
S01010399,All HRPs,615,234,119,115,381,293,7,19,38,24
S01010399,24 and under,64,12,0,12,52,52,0,0,0,0
S01010399,25 to 34,231,103,32,71,128,122,2,1,3,0
S01010399,35 to 49,158,68,41,27,90,65,2,9,13,1
S01010399,50 to 64,97,33,28,5,64,34,2,9,13,6
S01010399,65 to 74,36,11,11,0,25,14,0,0,5,6
S01010399,75 to 84,16,6,6,0,10,3,1,0,3,3
S01010399,85 and over,13,1,1,0,12,3,0,0,1,8
S01010400,All HRPs,530,229,154,75,301,181,11,18,46,45
S01010400,24 and under,41,7,0,7,34,34,0,0,0,0
S01010400,25 to 34,88,40,17,23,48,46,1,1,0,0
S01010400,35 to 49,146,70,45,25,76,47,2,11,14,2
S01010400,50 to 64,148,78,62,16,70,41,5,3,15,6
S01010400,65 to 74,55,21,19,2,34,7,2,1,14,10
S01010400,75 to 84,33,10,9,1,23,4,0,2,3,14
S01010400,85 and over,19,3,2,1,16,2,1,0,0,13
S01010401,All HRPs,400,127,84,43,273,155,11,15,39,53
S01010401,24 and under,37,8,0,8,29,29,0,0,0,0
S01010401,25 to 34,88,26,9,17,62,57,3,0,2,0
S01010401,35 to 49,69,29,20,9,40,30,2,7,1,0
S01010401,50 to 64,91,35,28,7,56,24,3,5,19,5
S01010401,65 to 74,47,17,15,2,30,8,0,3,12,7
S01010401,75 to 84,49,10,10,0,39,6,2,0,4,27
S01010401,85 and over,19,2,2,0,17,1,1,0,1,14
S01010402,All HRPs,513,250,165,85,263,177,5,10,38,33
S01010402,24 and under,34,5,0,5,29,29,0,0,0,0
S01010402,25 to 34,101,51,15,36,50,50,0,0,0,0
S01010402,35 to 49,158,93,64,29,65,51,2,6,4,2
S01010402,50 to 64,131,72,59,13,59,26,2,2,22,7
S01010402,65 to 74,41,18,17,1,23,7,1,1,9,5
S01010402,75 to 84,30,5,4,1,25,9,0,0,1,15
S01010402,85 and over,18,6,6,0,12,5,0,1,2,4
S01010403,All HRPs,509,234,172,62,275,169,10,18,36,42
S01010403,24 and under,36,6,0,6,30,30,0,0,0,0
S01010403,25 to 34,87,45,18,27,42,37,1,2,2,0
S01010403,35 to 49,165,84,65,19,81,59,2,6,14,0
S01010403,50 to 64,127,66,57,9,61,30,3,8,12,8
S01010403,65 to 74,47,20,19,1,27,6,4,2,7,8
S01010403,75 to 84,33,11,11,0,22,5,0,0,1,16
S01010403,85 and over,14,2,2,0,12,2,0,0,0,10
S01010404,All HRPs,406,180,130,50,226,122,7,17,41,39
S01010404,24 and under,18,2,0,2,16,16,0,0,0,0
S01010404,25 to 34,56,26,13,13,30,29,1,0,0,0
S01010404,35 to 49,117,59,41,18,58,36,2,11,7,2
S01010404,50 to 64,117,62,46,16,55,25,2,3,21,4
S01010404,65 to 74,42,16,16,0,26,7,2,3,9,5
S01010404,75 to 84,39,12,11,1,27,7,0,0,4,16
S01010404,85 and over,17,3,3,0,14,2,0,0,0,12
S01010405,All HRPs,408,189,134,55,219,151,7,10,33,18
S01010405,24 and under,15,3,1,2,12,12,0,0,0,0
S01010405,25 to 34,74,39,16,23,35,32,1,0,2,0
S01010405,35 to 49,144,57,41,16,87,66,3,7,11,0
S01010405,50 to 64,122,74,61,13,48,28,2,2,13,3
S01010405,65 to 74,29,10,9,1,19,8,1,1,7,2
S01010405,75 to 84,20,5,5,0,15,5,0,0,0,10
S01010405,85 and over,4,1,1,0,3,0,0,0,0,3
S01010406,All HRPs,435,155,85,70,280,204,6,13,41,16
S01010406,24 and under,67,8,0,8,59,59,0,0,0,0
S01010406,25 to 34,118,49,13,36,69,68,0,0,1,0
S01010406,35 to 49,125,59,37,22,66,47,5,3,11,0
S01010406,50 to 64,84,27,24,3,57,22,1,9,23,2
S01010406,65 to 74,21,8,8,0,13,5,0,1,3,4
S01010406,75 to 84,14,4,3,1,10,1,0,0,3,6
S01010406,85 and over,6,0,0,0,6,2,0,0,0,4
S01010407,All HRPs,418,103,59,44,315,262,7,4,22,20
S01010407,24 and under,150,13,1,12,137,137,0,0,0,0
S01010407,25 to 34,99,28,9,19,71,67,1,1,2,0
S01010407,35 to 49,64,28,20,8,36,27,2,1,4,2
S01010407,50 to 64,64,26,21,5,38,17,3,2,10,6
S01010407,65 to 74,19,4,4,0,15,6,1,0,4,4
S01010407,75 to 84,18,4,4,0,14,7,0,0,2,5
S01010407,85 and over,4,0,0,0,4,1,0,0,0,3
S01010408,All HRPs,272,107,91,16,165,75,2,12,38,38
S01010408,24 and under,10,0,0,0,10,10,0,0,0,0
S01010408,25 to 34,32,18,10,8,14,13,0,1,0,0
S01010408,35 to 49,76,41,36,5,35,18,1,5,9,2
S01010408,50 to 64,67,27,25,2,40,17,0,4,16,3
S01010408,65 to 74,32,12,11,1,20,11,1,0,8,0
S01010408,75 to 84,37,7,7,0,30,6,0,2,4,18
S01010408,85 and over,18,2,2,0,16,0,0,0,1,15
S01010409,All HRPs,245,176,163,13,69,10,4,13,13,29
S01010409,24 and under,0,0,0,0,0,0,0,0,0,0
S01010409,25 to 34,5,4,4,0,1,0,0,1,0,0
S01010409,35 to 49,89,72,66,6,17,2,1,7,6,1
S01010409,50 to 64,78,63,57,6,15,4,1,1,6,3
S01010409,65 to 74,37,23,22,1,14,4,2,1,0,7
S01010409,75 to 84,28,10,10,0,18,0,0,2,1,15
S01010409,85 and over,8,4,4,0,4,0,0,1,0,3
S01010410,All HRPs,248,142,127,15,106,53,2,9,19,23
S01010410,24 and under,6,0,0,0,6,6,0,0,0,0
S01010410,25 to 34,22,14,11,3,8,8,0,0,0,0
S01010410,35 to 49,86,54,48,6,32,21,1,2,7,1
S01010410,50 to 64,80,49,44,5,31,12,1,7,9,2
S01010410,65 to 74,23,8,7,1,15,2,0,0,3,10
S01010410,75 to 84,22,12,12,0,10,1,0,0,0,9
S01010410,85 and over,9,5,5,0,4,3,0,0,0,1
S01010411,All HRPs,365,273,259,14,92,24,5,12,18,33
S01010411,24 and under,7,0,0,0,7,7,0,0,0,0
S01010411,25 to 34,10,8,4,4,2,1,0,1,0,0
S01010411,35 to 49,131,114,108,6,17,3,2,6,5,1
S01010411,50 to 64,131,104,101,3,27,8,2,5,10,2
S01010411,65 to 74,40,30,30,0,10,3,0,0,2,5
S01010411,75 to 84,34,16,15,1,18,2,1,0,1,14
S01010411,85 and over,12,1,1,0,11,0,0,0,0,11
S01010412,All HRPs,424,158,102,56,266,163,20,25,33,25
S01010412,24 and under,26,3,0,3,23,23,0,0,0,0
S01010412,25 to 34,116,47,19,28,69,62,6,0,1,0
S01010412,35 to 49,133,47,31,16,86,44,8,20,14,0
S01010412,50 to 64,95,39,33,6,56,26,5,5,16,4
S01010412,65 to 74,26,10,9,1,16,4,1,0,2,9
S01010412,75 to 84,21,12,10,2,9,4,0,0,0,5
S01010412,85 and over,7,0,0,0,7,0,0,0,0,7
S01010413,All HRPs,340,179,164,15,161,66,7,10,22,56
S01010413,24 and under,6,1,0,1,5,5,0,0,0,0
S01010413,25 to 34,27,17,12,5,10,10,0,0,0,0
S01010413,35 to 49,71,44,39,5,27,15,2,4,5,1
S01010413,50 to 64,93,50,48,2,43,16,2,4,15,6
S01010413,65 to 74,57,35,35,0,22,10,3,2,2,5
S01010413,75 to 84,56,24,23,1,32,6,0,0,0,26
S01010413,85 and over,30,8,7,1,22,4,0,0,0,18
S01010414,All HRPs,497,240,198,42,257,115,9,15,45,73
S01010414,24 and under,15,0,0,0,15,15,0,0,0,0
S01010414,25 to 34,61,36,17,19,25,22,3,0,0,0
S01010414,35 to 49,125,76,62,14,49,32,2,6,7,2
S01010414,50 to 64,141,84,75,9,57,25,1,3,20,8
S01010414,65 to 74,66,21,21,0,45,10,1,4,14,16
S01010414,75 to 84,60,18,18,0,42,8,0,2,4,28
S01010414,85 and over,29,5,5,0,24,3,2,0,0,19
S01010415,All HRPs,555,188,134,54,367,178,4,33,67,85
S01010415,24 and under,31,7,0,7,24,24,0,0,0,0
S01010415,25 to 34,59,25,9,16,34,32,0,2,0,0
S01010415,35 to 49,151,54,33,21,97,67,1,13,16,0
S01010415,50 to 64,142,58,50,8,84,33,1,12,29,9
S01010415,65 to 74,77,24,23,1,53,8,1,6,16,22
S01010415,75 to 84,68,19,18,1,49,9,0,0,4,36
S01010415,85 and over,27,1,1,0,26,5,1,0,2,18
S01010416,All HRPs,322,182,154,28,140,70,2,8,24,36
S01010416,24 and under,10,3,2,1,7,7,0,0,0,0
S01010416,25 to 34,46,22,16,6,24,21,1,0,2,0
S01010416,35 to 49,89,60,43,17,29,16,0,8,5,0
S01010416,50 to 64,88,53,49,4,35,16,1,0,15,3
S01010416,65 to 74,40,29,29,0,11,4,0,0,1,6
S01010416,75 to 84,36,14,14,0,22,2,0,0,1,19
S01010416,85 and over,13,1,1,0,12,4,0,0,0,8
S01010417,All HRPs,286,130,96,34,156,88,5,7,19,37
S01010417,24 and under,5,1,0,1,4,4,0,0,0,0
S01010417,25 to 34,51,22,7,15,29,28,0,1,0,0
S01010417,35 to 49,85,48,37,11,37,26,1,4,6,0
S01010417,50 to 64,71,43,36,7,28,15,1,2,7,3
S01010417,65 to 74,20,11,11,0,9,2,0,0,5,2
S01010417,75 to 84,32,4,4,0,28,6,0,0,0,22
S01010417,85 and over,22,1,1,0,21,7,3,0,1,10
S01010418,All HRPs,561,248,152,96,313,219,5,15,44,30
S01010418,24 and under,36,13,0,13,23,23,0,0,0,0
S01010418,25 to 34,124,61,19,42,63,60,0,1,1,1
S01010418,35 to 49,192,89,60,29,103,76,3,9,14,1
S01010418,50 to 64,140,66,55,11,74,41,1,5,20,7
S01010418,65 to 74,33,11,10,1,22,7,0,0,9,6
S01010418,75 to 84,22,7,7,0,15,6,1,0,0,8
S01010418,85 and over,14,1,1,0,13,6,0,0,0,7
S01010419,All HRPs,500,230,173,57,270,162,5,17,41,45
S01010419,24 and under,18,1,0,1,17,16,0,0,1,0
S01010419,25 to 34,84,49,19,30,35,32,0,1,2,0
S01010419,35 to 49,146,77,63,14,69,52,1,9,7,0
S01010419,50 to 64,145,71,60,11,74,38,2,5,24,5
S01010419,65 to 74,52,23,22,1,29,16,2,2,3,6
S01010419,75 to 84,31,7,7,0,24,6,0,0,2,16
S01010419,85 and over,24,2,2,0,22,2,0,0,2,18
S01010420,All HRPs,290,158,140,18,132,25,3,6,21,77
S01010420,24 and under,2,1,1,0,1,1,0,0,0,0
S01010420,25 to 34,8,5,3,2,3,3,0,0,0,0
S01010420,35 to 49,69,54,41,13,15,6,0,3,4,2
S01010420,50 to 64,83,62,59,3,21,4,1,2,11,3
S01010420,65 to 74,42,17,17,0,25,4,2,0,3,16
S01010420,75 to 84,50,16,16,0,34,3,0,1,3,27
S01010420,85 and over,36,3,3,0,33,4,0,0,0,29
S01010421,All HRPs,346,220,196,24,126,48,6,15,21,36
S01010421,24 and under,3,1,1,0,2,2,0,0,0,0
S01010421,25 to 34,26,18,11,7,8,7,0,0,1,0
S01010421,35 to 49,114,89,78,11,25,16,2,6,1,0
S01010421,50 to 64,105,80,74,6,25,7,2,5,8,3
S01010421,65 to 74,51,20,20,0,31,6,1,2,11,11
S01010421,75 to 84,32,8,8,0,24,7,0,2,0,15
S01010421,85 and over,15,4,4,0,11,3,1,0,0,7
S01010422,All HRPs,483,248,211,37,235,87,1,19,39,89
S01010422,24 and under,9,1,0,1,8,8,0,0,0,0
S01010422,25 to 34,41,27,16,11,14,12,1,1,0,0
S01010422,35 to 49,152,106,86,20,46,28,0,7,8,3
S01010422,50 to 64,125,75,70,5,50,18,0,5,19,8
S01010422,65 to 74,59,21,21,0,38,5,0,4,12,17
S01010422,75 to 84,59,16,16,0,43,9,0,2,0,32
S01010422,85 and over,38,2,2,0,36,7,0,0,0,29
S01010423,All HRPs,490,101,56,45,389,223,12,40,71,43
S01010423,24 and under,37,9,0,9,28,28,0,0,0,0
S01010423,25 to 34,107,20,8,12,87,74,0,10,3,0
S01010423,35 to 49,161,38,22,16,123,79,8,15,19,2
S01010423,50 to 64,107,26,19,7,81,25,4,11,34,7
S01010423,65 to 74,41,4,3,1,37,11,0,4,11,11
S01010423,75 to 84,22,4,4,0,18,4,0,0,2,12
S01010423,85 and over,15,0,0,0,15,2,0,0,2,11
S01010424,All HRPs,471,113,69,44,358,192,6,34,64,62
S01010424,24 and under,39,10,2,8,29,29,0,0,0,0
S01010424,25 to 34,92,26,8,18,66,61,1,3,1,0
S01010424,35 to 49,140,36,26,10,104,61,2,20,20,1
S01010424,50 to 64,86,24,19,5,62,22,0,6,22,12
S01010424,65 to 74,50,10,9,1,40,12,0,2,17,9
S01010424,75 to 84,51,6,5,1,45,7,2,2,3,31
S01010424,85 and over,13,1,0,1,12,0,1,1,1,9
S01010425,All HRPs,621,140,90,50,481,292,2,33,99,55
S01010425,24 and under,27,9,1,8,18,18,0,0,0,0
S01010425,25 to 34,131,30,15,15,101,93,0,4,4,0
S01010425,35 to 49,231,49,26,23,182,132,0,14,32,4
S01010425,50 to 64,145,38,35,3,107,33,2,14,48,10
S01010425,65 to 74,38,8,7,1,30,9,0,1,11,9
S01010425,75 to 84,31,5,5,0,26,6,0,0,3,17
S01010425,85 and over,18,1,1,0,17,1,0,0,1,15
S01010426,All HRPs,406,127,70,57,279,172,3,25,55,24
S01010426,24 and under,24,11,1,10,13,12,1,0,0,0
S01010426,25 to 34,90,38,10,28,52,48,2,1,1,0
S01010426,35 to 49,135,38,21,17,97,71,0,9,17,0
S01010426,50 to 64,117,29,27,2,88,36,0,11,32,9
S01010426,65 to 74,22,9,9,0,13,2,0,3,4,4
S01010426,75 to 84,9,2,2,0,7,2,0,0,1,4
S01010426,85 and over,9,0,0,0,9,1,0,1,0,7
S01010427,All HRPs,499,164,113,51,335,150,14,31,57,83
S01010427,24 and under,16,1,0,1,15,14,0,0,1,0
S01010427,25 to 34,85,38,12,26,47,38,2,5,2,0
S01010427,35 to 49,156,59,46,13,97,59,9,6,21,2
S01010427,50 to 64,115,40,31,9,75,26,2,14,21,12
S01010427,65 to 74,45,14,12,2,31,6,1,4,9,11
S01010427,75 to 84,55,9,9,0,46,5,0,2,3,36
S01010427,85 and over,27,3,3,0,24,2,0,0,0,22
S01010428,All HRPs,319,165,146,19,154,60,3,13,34,44
S01010428,24 and under,7,1,0,1,6,6,0,0,0,0
S01010428,25 to 34,29,10,5,5,19,14,2,3,0,0
S01010428,35 to 49,88,60,56,4,28,19,0,3,6,0
S01010428,50 to 64,94,53,45,8,41,12,1,6,17,5
S01010428,65 to 74,45,21,20,1,24,5,0,0,8,11
S01010428,75 to 84,43,16,16,0,27,4,0,1,3,19
S01010428,85 and over,13,4,4,0,9,0,0,0,0,9
S01010429,All HRPs,388,260,210,50,128,63,1,12,16,36
S01010429,24 and under,11,1,0,1,10,10,0,0,0,0
S01010429,25 to 34,71,53,36,17,18,16,1,1,0,0
S01010429,35 to 49,113,88,63,25,25,15,0,8,2,0
S01010429,50 to 64,121,88,81,7,33,13,0,3,12,5
S01010429,65 to 74,37,21,21,0,16,4,0,0,2,10
S01010429,75 to 84,21,7,7,0,14,2,0,0,0,12
S01010429,85 and over,14,2,2,0,12,3,0,0,0,9
S01010430,All HRPs,451,123,86,37,328,182,21,19,56,50
S01010430,24 and under,31,5,1,4,26,26,0,0,0,0
S01010430,25 to 34,114,26,15,11,88,64,17,1,5,1
S01010430,35 to 49,139,45,31,14,94,57,1,11,14,11
S01010430,50 to 64,83,22,15,7,61,19,1,5,31,5
S01010430,65 to 74,37,15,14,1,22,7,0,2,4,9
S01010430,75 to 84,35,9,9,0,26,7,1,0,2,16
S01010430,85 and over,12,1,1,0,11,2,1,0,0,8
S01010431,All HRPs,258,181,163,18,77,28,2,8,14,25
S01010431,24 and under,1,0,0,0,1,1,0,0,0,0
S01010431,25 to 34,15,11,9,2,4,3,0,1,0,0
S01010431,35 to 49,91,74,63,11,17,11,1,1,4,0
S01010431,50 to 64,97,67,63,4,30,10,1,6,8,5
S01010431,65 to 74,27,19,18,1,8,0,0,0,1,7
S01010431,75 to 84,19,8,8,0,11,2,0,0,1,8
S01010431,85 and over,8,2,2,0,6,1,0,0,0,5
S01010432,All HRPs,464,121,78,43,343,196,5,47,63,32
S01010432,24 and under,39,3,0,3,36,34,0,0,2,0
S01010432,25 to 34,101,29,10,19,72,65,1,4,2,0
S01010432,35 to 49,143,38,22,16,105,61,4,23,16,1
S01010432,50 to 64,120,40,35,5,80,29,0,17,29,5
S01010432,65 to 74,35,7,7,0,28,6,0,2,10,10
S01010432,75 to 84,23,4,4,0,19,1,0,1,4,13
S01010432,85 and over,3,0,0,0,3,0,0,0,0,3
S01010433,All HRPs,338,104,67,37,234,138,24,27,37,8
S01010433,24 and under,27,2,1,1,25,24,0,1,0,0
S01010433,25 to 34,115,41,17,24,74,56,7,7,4,0
S01010433,35 to 49,124,38,30,8,86,40,17,16,10,3
S01010433,50 to 64,58,19,16,3,39,15,0,3,20,1
S01010433,65 to 74,8,4,3,1,4,2,0,0,1,1
S01010433,75 to 84,4,0,0,0,4,1,0,0,2,1
S01010433,85 and over,2,0,0,0,2,0,0,0,0,2
S01010434,All HRPs,331,74,45,29,257,163,4,21,36,33
S01010434,24 and under,28,2,1,1,26,26,0,0,0,0
S01010434,25 to 34,92,35,16,19,57,52,0,4,1,0
S01010434,35 to 49,95,16,10,6,79,53,2,6,13,5
S01010434,50 to 64,68,16,14,2,52,23,0,10,15,4
S01010434,65 to 74,30,3,3,0,27,4,1,1,7,14
S01010434,75 to 84,9,1,0,1,8,3,0,0,0,5
S01010434,85 and over,9,1,1,0,8,2,1,0,0,5
S01010435,All HRPs,291,124,100,24,167,46,2,17,43,59
S01010435,24 and under,6,1,0,1,5,5,0,0,0,0
S01010435,25 to 34,23,11,7,4,12,10,0,1,1,0
S01010435,35 to 49,75,40,26,14,35,9,1,10,12,3
S01010435,50 to 64,81,42,37,5,39,11,0,6,15,7
S01010435,65 to 74,37,8,8,0,29,6,1,0,9,13
S01010435,75 to 84,50,15,15,0,35,4,0,0,6,25
S01010435,85 and over,19,7,7,0,12,1,0,0,0,11
S01010436,All HRPs,433,112,63,49,321,198,3,24,55,41
S01010436,24 and under,29,3,0,3,26,26,0,0,0,0
S01010436,25 to 34,103,39,10,29,64,61,1,1,1,0
S01010436,35 to 49,141,35,22,13,106,78,1,9,16,2
S01010436,50 to 64,99,20,17,3,79,24,1,13,32,9
S01010436,65 to 74,39,10,9,1,29,6,0,1,6,16
S01010436,75 to 84,20,5,5,0,15,2,0,0,0,13
S01010436,85 and over,2,0,0,0,2,1,0,0,0,1
S01010437,All HRPs,269,102,86,16,167,84,1,17,29,36
S01010437,24 and under,9,1,0,1,8,8,0,0,0,0
S01010437,25 to 34,41,15,9,6,26,25,0,1,0,0
S01010437,35 to 49,74,27,26,1,47,27,1,6,11,2
S01010437,50 to 64,66,28,24,4,38,13,0,9,14,2
S01010437,65 to 74,32,14,11,3,18,5,0,0,4,9
S01010437,75 to 84,29,10,10,0,19,4,0,1,0,14
S01010437,85 and over,18,7,6,1,11,2,0,0,0,9
S01010438,All HRPs,370,126,94,32,244,151,6,20,41,26
S01010438,24 and under,23,1,0,1,22,22,0,0,0,0
S01010438,25 to 34,80,31,17,14,49,44,1,2,2,0
S01010438,35 to 49,149,56,44,12,93,66,2,10,14,1
S01010438,50 to 64,88,35,30,5,53,12,3,5,21,12
S01010438,65 to 74,13,0,0,0,13,4,0,3,4,2
S01010438,75 to 84,14,3,3,0,11,3,0,0,0,8
S01010438,85 and over,3,0,0,0,3,0,0,0,0,3
S01010439,All HRPs,512,142,68,74,370,243,2,35,61,29
S01010439,24 and under,38,8,0,8,30,30,0,0,0,0
S01010439,25 to 34,171,56,15,41,115,106,1,7,1,0
S01010439,35 to 49,166,48,30,18,118,83,0,11,22,2
S01010439,50 to 64,96,26,19,7,70,20,0,12,32,6
S01010439,65 to 74,21,2,2,0,19,3,0,4,5,7
S01010439,75 to 84,17,1,1,0,16,0,1,1,1,13
S01010439,85 and over,3,1,1,0,2,1,0,0,0,1
S01010440,All HRPs,322,112,82,30,210,110,2,13,43,42
S01010440,24 and under,19,8,0,8,11,11,0,0,0,0
S01010440,25 to 34,46,13,5,8,33,32,0,0,0,1
S01010440,35 to 49,99,27,21,6,72,49,1,4,16,2
S01010440,50 to 64,88,45,37,8,43,11,0,7,20,5
S01010440,65 to 74,33,12,12,0,21,4,1,1,6,9
S01010440,75 to 84,30,7,7,0,23,3,0,0,1,19
S01010440,85 and over,7,0,0,0,7,0,0,1,0,6
S01010441,All HRPs,488,142,68,74,346,250,3,38,43,12
S01010441,24 and under,45,10,3,7,35,35,0,0,0,0
S01010441,25 to 34,177,65,20,45,112,103,1,5,3,0
S01010441,35 to 49,159,32,18,14,127,93,1,21,12,0
S01010441,50 to 64,81,29,22,7,52,14,1,12,20,5
S01010441,65 to 74,19,4,4,0,15,5,0,0,7,3
S01010441,75 to 84,5,1,1,0,4,0,0,0,1,3
S01010441,85 and over,2,1,0,1,1,0,0,0,0,1
S01010442,All HRPs,383,106,64,42,277,167,6,27,59,18
S01010442,24 and under,29,7,0,7,22,22,0,0,0,0
S01010442,25 to 34,114,28,11,17,86,82,1,1,2,0
S01010442,35 to 49,134,36,22,14,98,56,2,15,23,2
S01010442,50 to 64,87,32,28,4,55,6,1,10,31,7
S01010442,65 to 74,12,1,1,0,11,1,0,1,3,6
S01010442,75 to 84,5,2,2,0,3,0,1,0,0,2
S01010442,85 and over,2,0,0,0,2,0,1,0,0,1
S01010443,All HRPs,228,108,87,21,120,39,2,15,29,35
S01010443,24 and under,8,0,0,0,8,8,0,0,0,0
S01010443,25 to 34,16,9,5,4,7,5,0,2,0,0
S01010443,35 to 49,74,40,26,14,34,15,0,9,9,1
S01010443,50 to 64,58,33,30,3,25,7,1,3,12,2
S01010443,65 to 74,29,14,14,0,15,1,0,1,5,8
S01010443,75 to 84,33,12,12,0,21,3,1,0,3,14
S01010443,85 and over,10,0,0,0,10,0,0,0,0,10
S01010444,All HRPs,289,127,106,21,162,56,1,13,29,63
S01010444,24 and under,8,2,0,2,6,6,0,0,0,0
S01010444,25 to 34,21,7,6,1,14,12,0,2,0,0
S01010444,35 to 49,86,40,26,14,46,24,0,9,11,2
S01010444,50 to 64,77,44,40,4,33,11,0,1,13,8
S01010444,65 to 74,45,21,21,0,24,1,1,1,4,17
S01010444,75 to 84,30,9,9,0,21,2,0,0,0,19
S01010444,85 and over,22,4,4,0,18,0,0,0,1,17
S01010445,All HRPs,307,142,119,23,165,64,1,15,41,44
S01010445,24 and under,3,2,0,2,1,1,0,0,0,0
S01010445,25 to 34,42,21,11,10,21,21,0,0,0,0
S01010445,35 to 49,98,47,41,6,51,26,0,10,13,2
S01010445,50 to 64,83,50,46,4,33,6,0,5,16,6
S01010445,65 to 74,44,13,12,1,31,8,0,0,11,12
S01010445,75 to 84,31,8,8,0,23,2,1,0,1,19
S01010445,85 and over,6,1,1,0,5,0,0,0,0,5
S01010446,All HRPs,329,195,173,22,134,36,1,20,23,54
S01010446,24 and under,3,1,0,1,2,2,0,0,0,0
S01010446,25 to 34,18,8,5,3,10,9,0,1,0,0
S01010446,35 to 49,90,69,57,12,21,6,1,6,6,2
S01010446,50 to 64,120,74,70,4,46,14,0,12,12,8
S01010446,65 to 74,61,34,32,2,27,3,0,0,3,21
S01010446,75 to 84,27,7,7,0,20,2,0,1,2,15
S01010446,85 and over,10,2,2,0,8,0,0,0,0,8
S01010447,All HRPs,521,149,115,34,372,162,16,46,78,70
S01010447,24 and under,17,2,0,2,15,15,0,0,0,0
S01010447,25 to 34,71,24,14,10,47,36,4,6,1,0
S01010447,35 to 49,167,57,44,13,110,63,6,20,21,0
S01010447,50 to 64,141,39,32,7,102,35,2,13,39,13
S01010447,65 to 74,66,14,13,1,52,7,1,6,15,23
S01010447,75 to 84,42,12,11,1,30,4,2,0,2,22
S01010447,85 and over,17,1,1,0,16,2,1,1,0,12
S01010448,All HRPs,360,188,154,34,172,54,2,21,34,61
S01010448,24 and under,5,1,0,1,4,4,0,0,0,0
S01010448,25 to 34,35,18,10,8,17,13,0,3,0,1
S01010448,35 to 49,109,73,54,19,36,15,0,10,10,1
S01010448,50 to 64,103,60,55,5,43,11,2,4,18,8
S01010448,65 to 74,55,22,21,1,33,8,0,4,2,19
S01010448,75 to 84,35,9,9,0,26,1,0,0,4,21
S01010448,85 and over,18,5,5,0,13,2,0,0,0,11
S01010449,All HRPs,370,155,132,23,215,83,4,15,41,72
S01010449,24 and under,8,2,0,2,6,6,0,0,0,0
S01010449,25 to 34,44,22,14,8,22,19,1,0,0,2
S01010449,35 to 49,87,38,30,8,49,31,2,4,9,3
S01010449,50 to 64,94,45,41,4,49,11,1,8,21,8
S01010449,65 to 74,72,29,29,0,43,8,0,3,8,24
S01010449,75 to 84,50,18,17,1,32,5,0,0,2,25
S01010449,85 and over,15,1,1,0,14,3,0,0,1,10
S01010450,All HRPs,407,139,116,23,268,111,6,23,57,71
S01010450,24 and under,5,1,0,1,4,4,0,0,0,0
S01010450,25 to 34,52,26,12,14,26,22,3,0,1,0
S01010450,35 to 49,97,29,22,7,68,42,0,12,9,5
S01010450,50 to 64,114,33,32,1,81,27,3,9,35,7
S01010450,65 to 74,70,33,33,0,37,10,0,1,11,15
S01010450,75 to 84,53,16,16,0,37,4,0,1,1,31
S01010450,85 and over,16,1,1,0,15,2,0,0,0,13
S01010451,All HRPs,438,134,106,28,304,170,7,23,55,49
S01010451,24 and under,34,5,2,3,29,29,0,0,0,0
S01010451,25 to 34,74,22,15,7,52,44,4,2,2,0
S01010451,35 to 49,138,41,33,8,97,65,0,9,16,7
S01010451,50 to 64,100,42,35,7,58,17,2,11,23,5
S01010451,65 to 74,37,9,7,2,28,9,0,0,11,8
S01010451,75 to 84,35,12,11,1,23,4,1,1,3,14
S01010451,85 and over,20,3,3,0,17,2,0,0,0,15
S01010452,All HRPs,408,152,128,24,256,74,7,23,46,106
S01010452,24 and under,8,3,2,1,5,5,0,0,0,0
S01010452,25 to 34,33,13,9,4,20,20,0,0,0,0
S01010452,35 to 49,90,48,35,13,42,21,1,7,13,0
S01010452,50 to 64,99,43,38,5,56,16,1,11,21,7
S01010452,65 to 74,66,20,19,1,46,5,1,3,8,29
S01010452,75 to 84,84,19,19,0,65,6,4,1,2,52
S01010452,85 and over,28,6,6,0,22,1,0,1,2,18
S01010453,All HRPs,372,94,58,36,278,184,2,31,41,20
S01010453,24 and under,45,7,1,6,38,38,0,0,0,0
S01010453,25 to 34,92,27,14,13,65,59,1,3,2,0
S01010453,35 to 49,129,29,16,13,100,59,1,19,19,2
S01010453,50 to 64,63,17,15,2,46,21,0,9,14,2
S01010453,65 to 74,21,6,4,2,15,2,0,0,6,7
S01010453,75 to 84,14,4,4,0,10,3,0,0,0,7
S01010453,85 and over,8,4,4,0,4,2,0,0,0,2
S01010454,All HRPs,383,161,126,35,222,82,5,18,33,84
S01010454,24 and under,6,2,0,2,4,4,0,0,0,0
S01010454,25 to 34,39,18,7,11,21,19,0,1,0,1
S01010454,35 to 49,94,54,42,12,40,22,0,10,5,3
S01010454,50 to 64,102,48,40,8,54,19,1,6,21,7
S01010454,65 to 74,58,22,21,1,36,7,2,1,6,20
S01010454,75 to 84,59,15,14,1,44,9,2,0,1,32
S01010454,85 and over,25,2,2,0,23,2,0,0,0,21
S01010455,All HRPs,604,125,89,36,479,189,10,48,100,132
S01010455,24 and under,21,3,0,3,18,18,0,0,0,0
S01010455,25 to 34,81,25,10,15,56,48,3,3,1,1
S01010455,35 to 49,138,24,16,8,114,60,5,25,24,0
S01010455,50 to 64,173,33,27,6,140,49,1,15,52,23
S01010455,65 to 74,72,17,14,3,55,9,1,5,15,25
S01010455,75 to 84,78,16,16,0,62,4,0,0,8,50
S01010455,85 and over,41,7,6,1,34,1,0,0,0,33
S01010456,All HRPs,313,110,90,20,203,70,6,15,40,72
S01010456,24 and under,3,0,0,0,3,2,0,0,1,0
S01010456,25 to 34,26,15,4,11,11,9,1,1,0,0
S01010456,35 to 49,80,38,33,5,42,24,3,6,7,2
S01010456,50 to 64,69,28,24,4,41,13,0,6,17,5
S01010456,65 to 74,45,17,17,0,28,9,1,1,9,8
S01010456,75 to 84,54,11,11,0,43,8,0,1,4,30
S01010456,85 and over,36,1,1,0,35,5,1,0,2,27
S01010457,All HRPs,340,112,82,30,228,116,10,15,28,59
S01010457,24 and under,10,3,1,2,7,7,0,0,0,0
S01010457,25 to 34,45,18,8,10,27,22,4,1,0,0
S01010457,35 to 49,108,42,33,9,66,45,3,4,13,1
S01010457,50 to 64,74,26,19,7,48,24,2,9,9,4
S01010457,65 to 74,44,14,12,2,30,11,0,0,4,15
S01010457,75 to 84,40,9,9,0,31,5,1,1,2,22
S01010457,85 and over,19,0,0,0,19,2,0,0,0,17
S01010458,All HRPs,411,130,107,23,281,121,4,21,52,83
S01010458,24 and under,24,1,1,0,23,22,0,0,1,0
S01010458,25 to 34,58,17,10,7,41,31,1,5,4,0
S01010458,35 to 49,100,39,29,10,61,37,0,8,14,2
S01010458,50 to 64,87,31,27,4,56,20,1,6,20,9
S01010458,65 to 74,66,23,21,2,43,6,0,2,12,23
S01010458,75 to 84,49,16,16,0,33,4,1,0,1,27
S01010458,85 and over,27,3,3,0,24,1,1,0,0,22
S01010459,All HRPs,258,94,77,17,164,54,2,15,28,65
S01010459,24 and under,11,1,0,1,10,10,0,0,0,0
S01010459,25 to 34,13,6,5,1,7,7,0,0,0,0
S01010459,35 to 49,59,29,20,9,30,16,1,7,5,1
S01010459,50 to 64,72,33,28,5,39,7,0,5,18,9
S01010459,65 to 74,46,17,16,1,29,7,1,1,5,15
S01010459,75 to 84,42,7,7,0,35,7,0,2,0,26
S01010459,85 and over,15,1,1,0,14,0,0,0,0,14
S01010460,All HRPs,346,161,129,32,185,85,4,15,33,48
S01010460,24 and under,12,0,0,0,12,12,0,0,0,0
S01010460,25 to 34,69,38,23,15,31,29,1,0,1,0
S01010460,35 to 49,115,67,56,11,48,28,1,7,10,2
S01010460,50 to 64,75,34,30,4,41,11,1,5,17,7
S01010460,65 to 74,31,8,7,1,23,4,0,2,5,12
S01010460,75 to 84,31,10,10,0,21,1,0,0,0,20
S01010460,85 and over,13,4,3,1,9,0,1,1,0,7
S01010461,All HRPs,386,129,92,37,257,116,2,18,48,73
S01010461,24 and under,18,1,0,1,17,17,0,0,0,0
S01010461,25 to 34,49,28,14,14,21,21,0,0,0,0
S01010461,35 to 49,100,34,19,15,66,40,1,5,18,2
S01010461,50 to 64,87,33,26,7,54,21,1,8,19,5
S01010461,65 to 74,50,18,18,0,32,4,0,4,7,17
S01010461,75 to 84,55,12,12,0,43,7,0,1,3,32
S01010461,85 and over,27,3,3,0,24,6,0,0,1,17
S01010462,All HRPs,437,77,49,28,360,184,43,46,58,29
S01010462,24 and under,33,2,1,1,31,29,0,0,0,2
S01010462,25 to 34,128,28,14,14,100,57,22,14,5,2
S01010462,35 to 49,170,30,21,9,140,71,18,20,25,6
S01010462,50 to 64,80,15,11,4,65,21,2,10,25,7
S01010462,65 to 74,15,2,2,0,13,3,1,2,2,5
S01010462,75 to 84,10,0,0,0,10,3,0,0,0,7
S01010462,85 and over,1,0,0,0,1,0,0,0,1,0
S01010463,All HRPs,376,156,135,21,220,83,3,15,38,81
S01010463,24 and under,6,0,0,0,6,6,0,0,0,0
S01010463,25 to 34,26,14,9,5,12,11,0,1,0,0
S01010463,35 to 49,106,63,53,10,43,20,2,7,8,6
S01010463,50 to 64,106,52,46,6,54,22,0,5,19,8
S01010463,65 to 74,52,12,12,0,40,15,0,1,8,16
S01010463,75 to 84,45,14,14,0,31,7,1,0,2,21
S01010463,85 and over,35,1,1,0,34,2,0,1,1,30
S01010464,All HRPs,248,110,91,19,138,43,3,15,21,56
S01010464,24 and under,2,0,0,0,2,2,0,0,0,0
S01010464,25 to 34,28,21,11,10,7,7,0,0,0,0
S01010464,35 to 49,63,30,25,5,33,19,0,8,6,0
S01010464,50 to 64,65,36,32,4,29,9,0,6,9,5
S01010464,65 to 74,28,7,7,0,21,5,2,0,2,12
S01010464,75 to 84,44,13,13,0,31,1,1,1,4,24
S01010464,85 and over,18,3,3,0,15,0,0,0,0,15
S01010465,All HRPs,451,224,163,61,227,127,6,17,46,31
S01010465,24 and under,10,4,0,4,6,6,0,0,0,0
S01010465,25 to 34,90,42,20,22,48,45,1,0,2,0
S01010465,35 to 49,174,97,67,30,77,48,3,8,16,2
S01010465,50 to 64,111,52,47,5,59,23,0,7,23,6
S01010465,65 to 74,44,21,21,0,23,3,1,2,5,12
S01010465,75 to 84,19,7,7,0,12,2,0,0,0,10
S01010465,85 and over,3,1,1,0,2,0,1,0,0,1
S01010466,All HRPs,458,191,125,66,267,187,4,17,41,18
S01010466,24 and under,40,9,2,7,31,31,0,0,0,0
S01010466,25 to 34,140,50,20,30,90,83,2,1,4,0
S01010466,35 to 49,124,57,41,16,67,45,1,9,11,1
S01010466,50 to 64,104,54,43,11,50,22,1,3,22,2
S01010466,65 to 74,29,16,14,2,13,4,0,2,2,5
S01010466,75 to 84,16,4,4,0,12,2,0,2,1,7
S01010466,85 and over,5,1,1,0,4,0,0,0,1,3
S01010467,All HRPs,476,175,143,32,301,153,8,7,45,88
S01010467,24 and under,12,1,0,1,11,11,0,0,0,0
S01010467,25 to 34,64,25,15,10,39,38,0,0,1,0
S01010467,35 to 49,92,45,32,13,47,35,2,1,9,0
S01010467,50 to 64,119,53,45,8,66,35,4,3,17,7
S01010467,65 to 74,64,21,21,0,43,12,0,2,12,17
S01010467,75 to 84,81,23,23,0,58,15,1,1,4,37
S01010467,85 and over,44,7,7,0,37,7,1,0,2,27
S01010468,All HRPs,417,186,145,41,231,126,10,12,29,54
S01010468,24 and under,28,4,0,4,24,24,0,0,0,0
S01010468,25 to 34,78,38,21,17,40,37,3,0,0,0
S01010468,35 to 49,112,65,54,11,47,28,0,9,9,1
S01010468,50 to 64,111,61,55,6,50,18,7,3,12,10
S01010468,65 to 74,40,12,10,2,28,10,0,0,6,12
S01010468,75 to 84,34,5,5,0,29,7,0,0,1,21
S01010468,85 and over,14,1,0,1,13,2,0,0,1,10
S01010469,All HRPs,405,64,41,23,341,220,9,16,67,29
S01010469,24 and under,36,2,0,2,34,34,0,0,0,0
S01010469,25 to 34,91,23,11,12,68,68,0,0,0,0
S01010469,35 to 49,109,19,11,8,90,61,2,8,17,2
S01010469,50 to 64,91,11,10,1,80,38,5,5,31,1
S01010469,65 to 74,33,4,4,0,29,8,1,2,15,3
S01010469,75 to 84,28,4,4,0,24,8,1,0,3,12
S01010469,85 and over,17,1,1,0,16,3,0,1,1,11
S01010470,All HRPs,364,136,104,32,228,100,3,21,32,72
S01010470,24 and under,13,7,1,6,6,6,0,0,0,0
S01010470,25 to 34,43,17,7,10,26,24,0,2,0,0
S01010470,35 to 49,98,44,37,7,54,25,1,10,15,3
S01010470,50 to 64,81,34,27,7,47,23,1,8,10,5
S01010470,65 to 74,54,19,19,0,35,13,1,0,5,16
S01010470,75 to 84,60,10,9,1,50,8,0,1,2,39
S01010470,85 and over,15,5,4,1,10,1,0,0,0,9
S01010471,All HRPs,316,120,91,29,196,76,5,11,35,69
S01010471,24 and under,5,1,0,1,4,4,0,0,0,0
S01010471,25 to 34,42,18,10,8,24,23,1,0,0,0
S01010471,35 to 49,82,41,31,10,41,25,4,2,8,2
S01010471,50 to 64,84,39,33,6,45,13,0,6,18,8
S01010471,65 to 74,49,13,10,3,36,8,0,3,6,19
S01010471,75 to 84,35,4,3,1,31,1,0,0,3,27
S01010471,85 and over,19,4,4,0,15,2,0,0,0,13
S01010472,All HRPs,290,104,58,46,186,131,2,9,28,16
S01010472,24 and under,27,6,1,5,21,21,0,0,0,0
S01010472,25 to 34,103,50,21,29,53,50,0,2,1,0
S01010472,35 to 49,85,31,20,11,54,39,0,2,12,1
S01010472,50 to 64,49,12,11,1,37,17,2,4,9,5
S01010472,65 to 74,14,3,3,0,11,1,0,1,5,4
S01010472,75 to 84,9,1,1,0,8,3,0,0,1,4
S01010472,85 and over,3,1,1,0,2,0,0,0,0,2
S01010473,All HRPs,435,138,93,45,297,199,4,16,44,34
S01010473,24 and under,26,0,0,0,26,25,1,0,0,0
S01010473,25 to 34,118,38,12,26,80,79,0,1,0,0
S01010473,35 to 49,109,38,26,12,71,53,2,4,12,0
S01010473,50 to 64,106,38,32,6,68,28,1,11,21,7
S01010473,65 to 74,45,20,19,1,25,7,0,0,10,8
S01010473,75 to 84,22,2,2,0,20,5,0,0,1,14
S01010473,85 and over,9,2,2,0,7,2,0,0,0,5
S01010474,All HRPs,431,107,64,43,324,233,3,12,33,43
S01010474,24 and under,48,4,0,4,44,44,0,0,0,0
S01010474,25 to 34,132,44,15,29,88,84,1,0,3,0
S01010474,35 to 49,110,33,23,10,77,61,0,5,11,0
S01010474,50 to 64,71,17,17,0,54,28,2,7,15,2
S01010474,65 to 74,31,5,5,0,26,13,0,0,3,10
S01010474,75 to 84,31,3,3,0,28,3,0,0,1,24
S01010474,85 and over,8,1,1,0,7,0,0,0,0,7
S01010475,All HRPs,384,152,92,60,232,155,4,10,34,29
S01010475,24 and under,32,9,0,9,23,23,0,0,0,0
S01010475,25 to 34,117,67,33,34,50,48,0,1,0,1
S01010475,35 to 49,112,48,36,12,64,43,1,4,15,1
S01010475,50 to 64,75,18,14,4,57,30,3,5,15,4
S01010475,65 to 74,21,4,3,1,17,6,0,0,3,8
S01010475,75 to 84,18,4,4,0,14,4,0,0,1,9
S01010475,85 and over,9,2,2,0,7,1,0,0,0,6
S01010476,All HRPs,523,184,140,44,339,118,3,25,67,126
S01010476,24 and under,22,8,3,5,14,14,0,0,0,0
S01010476,25 to 34,81,33,15,18,48,45,0,1,2,0
S01010476,35 to 49,121,65,49,16,56,23,1,15,16,1
S01010476,50 to 64,101,38,33,5,63,20,1,5,31,6
S01010476,65 to 74,64,17,17,0,47,4,0,4,11,28
S01010476,75 to 84,78,18,18,0,60,4,0,0,5,51
S01010476,85 and over,56,5,5,0,51,8,1,0,2,40
S01010477,All HRPs,354,146,113,33,208,80,3,20,34,71
S01010477,24 and under,6,2,1,1,4,4,0,0,0,0
S01010477,25 to 34,31,19,8,11,12,10,0,1,1,0
S01010477,35 to 49,97,49,32,17,48,27,1,10,9,1
S01010477,50 to 64,101,44,40,4,57,28,2,6,16,5
S01010477,65 to 74,59,25,25,0,34,6,0,3,4,21
S01010477,75 to 84,40,5,5,0,35,4,0,0,4,27
S01010477,85 and over,20,2,2,0,18,1,0,0,0,17
S01010478,All HRPs,628,150,93,57,478,278,6,31,90,73
S01010478,24 and under,34,11,2,9,23,23,0,0,0,0
S01010478,25 to 34,109,29,11,18,80,73,1,4,2,0
S01010478,35 to 49,204,52,32,20,152,109,2,14,23,4
S01010478,50 to 64,139,30,24,6,109,43,2,10,42,12
S01010478,65 to 74,62,12,11,1,50,18,0,1,12,19
S01010478,75 to 84,61,16,13,3,45,9,1,2,10,23
S01010478,85 and over,19,0,0,0,19,3,0,0,1,15
S01010479,All HRPs,512,200,148,52,312,140,7,29,60,76
S01010479,24 and under,12,3,0,3,9,9,0,0,0,0
S01010479,25 to 34,70,35,15,20,35,30,1,4,0,0
S01010479,35 to 49,141,62,47,15,79,49,3,15,11,1
S01010479,50 to 64,124,58,50,8,66,26,1,6,28,5
S01010479,65 to 74,78,26,22,4,52,13,0,4,18,17
S01010479,75 to 84,62,13,11,2,49,13,1,0,2,33
S01010479,85 and over,25,3,3,0,22,0,1,0,1,20
S01010480,All HRPs,285,127,108,19,158,53,1,20,29,55
S01010480,24 and under,0,0,0,0,0,0,0,0,0,0
S01010480,25 to 34,23,12,8,4,11,10,1,0,0,0
S01010480,35 to 49,84,46,38,8,38,17,0,10,11,0
S01010480,50 to 64,67,37,31,6,30,9,0,7,9,5
S01010480,65 to 74,40,14,14,0,26,4,0,3,7,12
S01010480,75 to 84,50,15,14,1,35,8,0,0,0,27
S01010480,85 and over,21,3,3,0,18,5,0,0,2,11
S01010481,All HRPs,267,87,64,23,180,96,2,15,36,31
S01010481,24 and under,14,4,1,3,10,9,1,0,0,0
S01010481,25 to 34,58,22,12,10,36,35,0,1,0,0
S01010481,35 to 49,91,26,18,8,65,37,0,11,14,3
S01010481,50 to 64,57,22,20,2,35,9,1,2,15,8
S01010481,65 to 74,36,11,11,0,25,5,0,1,5,14
S01010481,75 to 84,8,2,2,0,6,0,0,0,2,4
S01010481,85 and over,3,0,0,0,3,1,0,0,0,2
S01010482,All HRPs,354,152,121,31,202,60,3,18,38,83
S01010482,24 and under,4,3,2,1,1,1,0,0,0,0
S01010482,25 to 34,23,14,7,7,9,8,1,0,0,0
S01010482,35 to 49,109,57,40,17,52,23,0,9,15,5
S01010482,50 to 64,78,39,33,6,39,12,0,7,13,7
S01010482,65 to 74,56,20,20,0,36,10,0,2,5,19
S01010482,75 to 84,65,17,17,0,48,6,2,0,5,35
S01010482,85 and over,19,2,2,0,17,0,0,0,0,17
S01010483,All HRPs,526,205,150,55,321,127,3,30,63,98
S01010483,24 and under,3,1,0,1,2,2,0,0,0,0
S01010483,25 to 34,63,32,16,16,31,29,1,1,0,0
S01010483,35 to 49,154,73,49,24,81,49,2,13,15,2
S01010483,50 to 64,134,59,49,10,75,25,0,9,27,14
S01010483,65 to 74,81,27,25,2,54,9,0,6,16,23
S01010483,75 to 84,67,13,11,2,54,10,0,0,4,40
S01010483,85 and over,24,0,0,0,24,3,0,1,1,19
S01010484,All HRPs,246,98,76,22,148,66,1,17,22,42
S01010484,24 and under,13,3,0,3,10,10,0,0,0,0
S01010484,25 to 34,21,10,6,4,11,11,0,0,0,0
S01010484,35 to 49,71,26,19,7,45,28,0,8,8,1
S01010484,50 to 64,76,38,33,5,38,13,0,7,8,10
S01010484,65 to 74,38,14,11,3,24,1,1,2,5,15
S01010484,75 to 84,20,5,5,0,15,3,0,0,1,11
S01010484,85 and over,7,2,2,0,5,0,0,0,0,5
S01010485,All HRPs,396,209,176,33,187,60,5,24,23,75
S01010485,24 and under,7,1,0,1,6,6,0,0,0,0
S01010485,25 to 34,26,12,5,7,14,11,0,2,1,0
S01010485,35 to 49,126,84,66,18,42,21,3,11,6,1
S01010485,50 to 64,116,75,68,7,41,15,1,7,11,7
S01010485,65 to 74,39,11,11,0,28,3,0,1,4,20
S01010485,75 to 84,54,22,22,0,32,3,1,3,0,25
S01010485,85 and over,28,4,4,0,24,1,0,0,1,22
S01010486,All HRPs,371,252,218,34,119,33,4,10,18,54
S01010486,24 and under,4,3,0,3,1,1,0,0,0,0
S01010486,25 to 34,13,10,6,4,3,3,0,0,0,0
S01010486,35 to 49,122,98,79,19,24,11,0,5,7,1
S01010486,50 to 64,127,103,95,8,24,9,1,5,7,2
S01010486,65 to 74,47,19,19,0,28,4,1,0,2,21
S01010486,75 to 84,48,18,18,0,30,4,2,0,2,22
S01010486,85 and over,10,1,1,0,9,1,0,0,0,8
S01010487,All HRPs,432,204,168,36,228,62,0,23,31,112
S01010487,24 and under,4,0,0,0,4,4,0,0,0,0
S01010487,25 to 34,31,19,14,5,12,8,0,4,0,0
S01010487,35 to 49,114,73,59,14,41,19,0,10,11,1
S01010487,50 to 64,118,72,58,14,46,21,0,8,12,5
S01010487,65 to 74,53,24,22,2,29,2,0,1,6,20
S01010487,75 to 84,69,14,13,1,55,5,0,0,2,48
S01010487,85 and over,43,2,2,0,41,3,0,0,0,38
S01010488,All HRPs,338,112,67,45,226,125,1,31,35,34
S01010488,24 and under,20,3,0,3,17,17,0,0,0,0
S01010488,25 to 34,83,24,4,20,59,50,1,6,1,1
S01010488,35 to 49,117,39,24,15,78,51,0,13,12,2
S01010488,50 to 64,82,37,30,7,45,7,0,11,18,9
S01010488,65 to 74,17,5,5,0,12,0,0,1,3,8
S01010488,75 to 84,17,3,3,0,14,0,0,0,1,13
S01010488,85 and over,2,1,1,0,1,0,0,0,0,1
S01010489,All HRPs,450,154,101,53,296,125,1,31,74,65
S01010489,24 and under,16,4,0,4,12,12,0,0,0,0
S01010489,25 to 34,78,33,9,24,45,42,1,2,0,0
S01010489,35 to 49,118,46,25,21,72,41,0,10,18,3
S01010489,50 to 64,123,48,44,4,75,18,0,11,35,11
S01010489,65 to 74,65,14,14,0,51,7,0,8,18,18
S01010489,75 to 84,30,6,6,0,24,4,0,0,2,18
S01010489,85 and over,20,3,3,0,17,1,0,0,1,15
S01010490,All HRPs,308,85,54,31,223,147,4,19,26,27
S01010490,24 and under,33,2,0,2,31,31,0,0,0,0
S01010490,25 to 34,80,26,7,19,54,53,1,0,0,0
S01010490,35 to 49,99,28,18,10,71,49,3,10,8,1
S01010490,50 to 64,52,18,18,0,34,13,0,6,13,2
S01010490,65 to 74,26,9,9,0,17,1,0,2,5,9
S01010490,75 to 84,12,2,2,0,10,0,0,1,0,9
S01010490,85 and over,6,0,0,0,6,0,0,0,0,6
S01010491,All HRPs,417,107,65,42,310,183,4,27,65,31
S01010491,24 and under,35,5,1,4,30,29,0,1,0,0
S01010491,25 to 34,110,31,10,21,79,71,0,4,4,0
S01010491,35 to 49,131,37,23,14,94,67,1,9,17,0
S01010491,50 to 64,83,24,22,2,59,12,2,8,31,6
S01010491,65 to 74,35,8,7,1,27,2,1,5,12,7
S01010491,75 to 84,16,2,2,0,14,1,0,0,1,12
S01010491,85 and over,7,0,0,0,7,1,0,0,0,6
S01010492,All HRPs,255,58,42,16,197,92,1,23,44,37
S01010492,24 and under,11,1,0,1,10,10,0,0,0,0
S01010492,25 to 34,33,8,4,4,25,23,0,2,0,0
S01010492,35 to 49,85,20,12,8,65,41,1,11,11,1
S01010492,50 to 64,56,19,16,3,37,11,0,6,17,3
S01010492,65 to 74,43,8,8,0,35,6,0,4,12,13
S01010492,75 to 84,17,1,1,0,16,1,0,0,2,13
S01010492,85 and over,10,1,1,0,9,0,0,0,2,7
S01010493,All HRPs,308,82,45,37,226,142,2,24,36,22
S01010493,24 and under,29,7,0,7,22,22,0,0,0,0
S01010493,25 to 34,65,19,7,12,46,43,0,3,0,0
S01010493,35 to 49,126,28,14,14,98,65,1,13,14,5
S01010493,50 to 64,63,23,20,3,40,9,1,2,18,10
S01010493,65 to 74,15,1,1,0,14,3,0,6,3,2
S01010493,75 to 84,8,2,2,0,6,0,0,0,1,5
S01010493,85 and over,2,2,1,1,0,0,0,0,0,0
S01010494,All HRPs,252,109,86,23,143,84,0,7,34,18
S01010494,24 and under,16,1,0,1,15,15,0,0,0,0
S01010494,25 to 34,44,20,10,10,24,23,0,1,0,0
S01010494,35 to 49,104,45,35,10,59,38,0,4,15,2
S01010494,50 to 64,65,36,34,2,29,8,0,2,12,7
S01010494,65 to 74,21,6,6,0,15,0,0,0,7,8
S01010494,75 to 84,0,0,0,0,0,0,0,0,0,0
S01010494,85 and over,2,1,1,0,1,0,0,0,0,1
S01010495,All HRPs,418,89,56,33,329,188,3,32,77,29
S01010495,24 and under,29,3,1,2,26,26,0,0,0,0
S01010495,25 to 34,102,20,7,13,82,76,0,3,3,0
S01010495,35 to 49,133,27,18,9,106,70,1,12,22,1
S01010495,50 to 64,103,32,24,8,71,12,0,11,42,6
S01010495,65 to 74,36,5,4,1,31,3,0,6,8,14
S01010495,75 to 84,12,1,1,0,11,0,2,0,2,7
S01010495,85 and over,3,1,1,0,2,1,0,0,0,1
S01010496,All HRPs,388,98,64,34,290,159,3,33,49,46
S01010496,24 and under,29,5,1,4,24,24,0,0,0,0
S01010496,25 to 34,73,19,9,10,54,50,2,2,0,0
S01010496,35 to 49,123,34,22,12,89,64,0,14,9,2
S01010496,50 to 64,98,25,20,5,73,19,1,13,33,7
S01010496,65 to 74,32,9,6,3,23,1,0,3,4,15
S01010496,75 to 84,23,4,4,0,19,1,0,1,3,14
S01010496,85 and over,10,2,2,0,8,0,0,0,0,8
S01010497,All HRPs,285,122,80,42,163,92,2,18,38,13
S01010497,24 and under,12,2,0,2,10,10,0,0,0,0
S01010497,25 to 34,53,22,12,10,31,25,0,3,3,0
S01010497,35 to 49,113,55,34,21,58,40,1,6,10,1
S01010497,50 to 64,86,38,31,7,48,14,0,6,22,6
S01010497,65 to 74,18,4,2,2,14,3,1,3,3,4
S01010497,75 to 84,3,1,1,0,2,0,0,0,0,2
S01010497,85 and over,0,0,0,0,0,0,0,0,0,0
S01010498,All HRPs,357,114,72,42,243,125,2,24,48,44
S01010498,24 and under,12,2,0,2,10,9,0,1,0,0
S01010498,25 to 34,54,17,5,12,37,35,0,2,0,0
S01010498,35 to 49,126,37,21,16,89,58,1,11,18,1
S01010498,50 to 64,104,41,32,9,63,16,1,9,27,10
S01010498,65 to 74,44,15,12,3,29,3,0,1,3,22
S01010498,75 to 84,12,2,2,0,10,2,0,0,0,8
S01010498,85 and over,5,0,0,0,5,2,0,0,0,3
S01010499,All HRPs,451,80,51,29,371,220,4,27,66,54
S01010499,24 and under,39,3,0,3,36,35,1,0,0,0
S01010499,25 to 34,98,19,6,13,79,76,1,1,1,0
S01010499,35 to 49,117,21,14,7,96,66,1,13,16,0
S01010499,50 to 64,91,18,15,3,73,30,0,7,33,3
S01010499,65 to 74,51,11,9,2,40,8,0,6,12,14
S01010499,75 to 84,32,4,4,0,28,5,1,0,4,18
S01010499,85 and over,23,4,3,1,19,0,0,0,0,19
S01010500,All HRPs,398,147,102,45,251,135,3,31,48,34
S01010500,24 and under,12,2,0,2,10,10,0,0,0,0
S01010500,25 to 34,77,27,13,14,50,46,0,2,2,0
S01010500,35 to 49,168,64,43,21,104,62,0,17,22,3
S01010500,50 to 64,94,42,36,6,52,15,2,9,16,10
S01010500,65 to 74,35,10,8,2,25,2,1,2,7,13
S01010500,75 to 84,10,2,2,0,8,0,0,1,1,6
S01010500,85 and over,2,0,0,0,2,0,0,0,0,2
S01010501,All HRPs,430,153,107,46,277,136,2,32,50,57
S01010501,24 and under,18,6,1,5,12,12,0,0,0,0
S01010501,25 to 34,76,28,16,12,48,41,0,6,1,0
S01010501,35 to 49,131,54,35,19,77,49,1,8,18,1
S01010501,50 to 64,110,47,40,7,63,23,0,12,22,6
S01010501,65 to 74,49,12,10,2,37,5,0,6,9,17
S01010501,75 to 84,25,5,4,1,20,4,1,0,0,15
S01010501,85 and over,21,1,1,0,20,2,0,0,0,18
S01010502,All HRPs,331,150,107,43,181,77,2,29,52,21
S01010502,24 and under,11,4,0,4,7,7,0,0,0,0
S01010502,25 to 34,58,26,14,12,32,27,1,4,0,0
S01010502,35 to 49,134,70,52,18,64,34,1,12,17,0
S01010502,50 to 64,96,42,35,7,54,9,0,10,27,8
S01010502,65 to 74,21,6,4,2,15,0,0,3,7,5
S01010502,75 to 84,8,1,1,0,7,0,0,0,1,6
S01010502,85 and over,3,1,1,0,2,0,0,0,0,2
S01010503,All HRPs,321,91,63,28,230,101,6,18,46,59
S01010503,24 and under,14,4,0,4,10,9,0,1,0,0
S01010503,25 to 34,34,7,2,5,27,22,3,2,0,0
S01010503,35 to 49,105,32,18,14,73,50,1,6,15,1
S01010503,50 to 64,77,26,23,3,51,12,0,5,23,11
S01010503,65 to 74,52,14,13,1,38,8,1,4,6,19
S01010503,75 to 84,31,7,7,0,24,0,1,0,2,21
S01010503,85 and over,8,1,0,1,7,0,0,0,0,7
S01010504,All HRPs,247,141,114,27,106,33,7,15,22,29
S01010504,24 and under,2,0,0,0,2,2,0,0,0,0
S01010504,25 to 34,9,4,1,3,5,4,0,0,0,1
S01010504,35 to 49,64,39,31,8,25,11,1,7,5,1
S01010504,50 to 64,90,54,42,12,36,7,6,6,12,5
S01010504,65 to 74,52,28,25,3,24,6,0,2,5,11
S01010504,75 to 84,20,13,12,1,7,1,0,0,0,6
S01010504,85 and over,10,3,3,0,7,2,0,0,0,5
S01010505,All HRPs,244,144,111,33,100,37,5,8,22,28
S01010505,24 and under,3,1,0,1,2,2,0,0,0,0
S01010505,25 to 34,18,10,4,6,8,8,0,0,0,0
S01010505,35 to 49,67,45,31,14,22,13,1,5,3,0
S01010505,50 to 64,84,54,43,11,30,6,2,1,12,9
S01010505,65 to 74,46,30,29,1,16,3,2,1,6,4
S01010505,75 to 84,20,3,3,0,17,3,0,1,1,12
S01010505,85 and over,6,1,1,0,5,2,0,0,0,3
S01010506,All HRPs,380,207,177,30,173,75,7,9,36,46
S01010506,24 and under,9,2,0,2,7,7,0,0,0,0
S01010506,25 to 34,27,9,5,4,18,18,0,0,0,0
S01010506,35 to 49,111,64,49,15,47,26,3,6,11,1
S01010506,50 to 64,120,77,68,9,43,14,1,3,17,8
S01010506,65 to 74,63,36,36,0,27,6,1,0,8,12
S01010506,75 to 84,39,17,17,0,22,4,2,0,0,16
S01010506,85 and over,11,2,2,0,9,0,0,0,0,9
S01010507,All HRPs,345,180,146,34,165,65,3,16,38,43
S01010507,24 and under,10,1,0,1,9,7,0,2,0,0
S01010507,25 to 34,43,22,10,12,21,16,0,3,2,0
S01010507,35 to 49,103,63,50,13,40,24,3,5,8,0
S01010507,50 to 64,102,57,50,7,45,8,0,6,22,9
S01010507,65 to 74,45,19,18,1,26,4,0,0,5,17
S01010507,75 to 84,35,17,17,0,18,5,0,0,1,12
S01010507,85 and over,7,1,1,0,6,1,0,0,0,5
S01010508,All HRPs,449,250,199,51,199,70,8,12,45,64
S01010508,24 and under,8,2,0,2,6,6,0,0,0,0
S01010508,25 to 34,28,15,9,6,13,11,2,0,0,0
S01010508,35 to 49,116,78,52,26,38,21,3,3,10,1
S01010508,50 to 64,148,84,73,11,64,27,0,8,23,6
S01010508,65 to 74,86,47,43,4,39,2,2,1,8,26
S01010508,75 to 84,52,22,21,1,30,2,1,0,4,23
S01010508,85 and over,11,2,1,1,9,1,0,0,0,8
S01010509,All HRPs,393,265,216,49,128,51,6,9,27,35
S01010509,24 and under,5,1,0,1,4,4,0,0,0,0
S01010509,25 to 34,31,22,10,12,9,9,0,0,0,0
S01010509,35 to 49,121,85,62,23,36,20,2,6,8,0
S01010509,50 to 64,148,111,99,12,37,11,3,3,12,8
S01010509,65 to 74,48,29,29,0,19,4,0,0,6,9
S01010509,75 to 84,30,15,14,1,15,1,1,0,1,12
S01010509,85 and over,10,2,2,0,8,2,0,0,0,6
S01010510,All HRPs,340,203,175,28,137,31,2,9,30,65
S01010510,24 and under,1,1,0,1,0,0,0,0,0,0
S01010510,25 to 34,30,18,9,9,12,9,0,1,2,0
S01010510,35 to 49,67,48,42,6,19,8,1,4,5,1
S01010510,50 to 64,105,73,62,11,32,4,0,4,15,9
S01010510,65 to 74,69,37,37,0,32,8,0,0,5,19
S01010510,75 to 84,54,22,21,1,32,1,1,0,3,27
S01010510,85 and over,14,4,4,0,10,1,0,0,0,9
S01010511,All HRPs,369,174,135,39,195,62,4,17,60,52
S01010511,24 and under,9,5,1,4,4,4,0,0,0,0
S01010511,25 to 34,35,17,10,7,18,16,0,2,0,0
S01010511,35 to 49,117,64,44,20,53,27,2,8,15,1
S01010511,50 to 64,121,68,63,5,53,9,0,5,28,11
S01010511,65 to 74,47,13,12,1,34,5,1,2,12,14
S01010511,75 to 84,30,7,5,2,23,1,1,0,5,16
S01010511,85 and over,10,0,0,0,10,0,0,0,0,10
S01010512,All HRPs,281,139,111,28,142,35,6,3,38,60
S01010512,24 and under,6,3,0,3,3,3,0,0,0,0
S01010512,25 to 34,30,19,12,7,11,9,2,0,0,0
S01010512,35 to 49,68,44,32,12,24,10,0,0,14,0
S01010512,50 to 64,68,38,32,6,30,9,1,3,11,6
S01010512,65 to 74,43,17,17,0,26,2,1,0,9,14
S01010512,75 to 84,48,17,17,0,31,1,2,0,3,25
S01010512,85 and over,18,1,1,0,17,1,0,0,1,15
S01010513,All HRPs,300,211,178,33,89,20,5,3,26,35
S01010513,24 and under,3,3,0,3,0,0,0,0,0,0
S01010513,25 to 34,18,13,6,7,5,4,0,1,0,0
S01010513,35 to 49,89,70,57,13,19,7,1,0,10,1
S01010513,50 to 64,102,83,74,9,19,3,2,1,10,3
S01010513,65 to 74,54,30,29,1,24,5,1,1,5,12
S01010513,75 to 84,26,10,10,0,16,1,1,0,1,13
S01010513,85 and over,8,2,2,0,6,0,0,0,0,6
S01010514,All HRPs,287,160,129,31,127,34,1,15,27,50
S01010514,24 and under,7,1,0,1,6,6,0,0,0,0
S01010514,25 to 34,28,20,6,14,8,7,0,0,1,0
S01010514,35 to 49,94,60,53,7,34,12,0,10,12,0
S01010514,50 to 64,77,50,42,8,27,6,1,4,9,7
S01010514,65 to 74,33,23,22,1,10,1,0,0,4,5
S01010514,75 to 84,38,6,6,0,32,2,0,1,1,28
S01010514,85 and over,10,0,0,0,10,0,0,0,0,10
S01010515,All HRPs,350,191,150,41,159,42,2,17,40,58
S01010515,24 and under,11,5,0,5,6,6,0,0,0,0
S01010515,25 to 34,33,21,11,10,12,8,0,3,1,0
S01010515,35 to 49,103,62,47,15,41,16,1,8,14,2
S01010515,50 to 64,105,59,51,8,46,8,1,4,19,14
S01010515,65 to 74,52,27,25,2,25,1,0,2,3,19
S01010515,75 to 84,40,15,14,1,25,3,0,0,3,19
S01010515,85 and over,6,2,2,0,4,0,0,0,0,4
S01010516,All HRPs,270,140,115,25,130,52,5,15,26,32
S01010516,24 and under,7,3,0,3,4,4,0,0,0,0
S01010516,25 to 34,27,8,2,6,19,16,0,3,0,0
S01010516,35 to 49,79,38,27,11,41,21,1,7,12,0
S01010516,50 to 64,89,60,56,4,29,4,2,4,11,8
S01010516,65 to 74,43,21,20,1,22,2,2,1,2,15
S01010516,75 to 84,19,9,9,0,10,3,0,0,1,6
S01010516,85 and over,6,1,1,0,5,2,0,0,0,3
S01010517,All HRPs,362,179,135,44,183,96,2,9,39,37
S01010517,24 and under,27,5,0,5,22,22,0,0,0,0
S01010517,25 to 34,54,26,14,12,28,25,0,2,1,0
S01010517,35 to 49,115,63,43,20,52,32,1,5,14,0
S01010517,50 to 64,90,54,48,6,36,8,1,2,15,10
S01010517,65 to 74,42,23,22,1,19,4,0,0,5,10
S01010517,75 to 84,28,8,8,0,20,2,0,0,2,16
S01010517,85 and over,6,0,0,0,6,3,0,0,2,1
S01010518,All HRPs,293,151,115,36,142,72,2,12,30,26
S01010518,24 and under,23,7,1,6,16,16,0,0,0,0
S01010518,25 to 34,58,32,15,17,26,24,0,2,0,0
S01010518,35 to 49,62,36,26,10,26,14,0,3,8,1
S01010518,50 to 64,90,50,47,3,40,14,1,6,14,5
S01010518,65 to 74,36,16,16,0,20,1,1,1,7,10
S01010518,75 to 84,19,8,8,0,11,3,0,0,1,7
S01010518,85 and over,5,2,2,0,3,0,0,0,0,3
S01010519,All HRPs,282,169,138,31,113,42,2,10,37,22
S01010519,24 and under,8,1,0,1,7,7,0,0,0,0
S01010519,25 to 34,44,27,20,7,17,14,1,0,2,0
S01010519,35 to 49,93,56,41,15,37,15,1,7,12,2
S01010519,50 to 64,80,51,44,7,29,5,0,2,17,5
S01010519,65 to 74,39,25,24,1,14,1,0,1,5,7
S01010519,75 to 84,16,9,9,0,7,0,0,0,0,7
S01010519,85 and over,2,0,0,0,2,0,0,0,1,1
S01010520,All HRPs,410,230,172,58,180,52,3,11,37,77
S01010520,24 and under,6,4,0,4,2,2,0,0,0,0
S01010520,25 to 34,44,31,9,22,13,10,0,1,2,0
S01010520,35 to 49,117,84,61,23,33,17,0,5,11,0
S01010520,50 to 64,109,63,57,6,46,16,0,4,18,8
S01010520,65 to 74,63,27,26,1,36,4,3,1,4,24
S01010520,75 to 84,48,18,16,2,30,3,0,0,2,25
S01010520,85 and over,23,3,3,0,20,0,0,0,0,20
S01010521,All HRPs,339,168,125,43,171,68,3,13,43,44
S01010521,24 and under,14,4,0,4,10,10,0,0,0,0
S01010521,25 to 34,58,32,14,18,26,24,0,1,1,0
S01010521,35 to 49,81,52,40,12,29,13,0,3,13,0
S01010521,50 to 64,93,52,45,7,41,12,3,5,17,4
S01010521,65 to 74,55,20,18,2,35,7,0,4,9,15
S01010521,75 to 84,36,8,8,0,28,2,0,0,2,24
S01010521,85 and over,2,0,0,0,2,0,0,0,1,1
S01010522,All HRPs,283,118,88,30,165,86,2,8,35,34
S01010522,24 and under,12,4,0,4,8,8,0,0,0,0
S01010522,25 to 34,39,20,9,11,19,17,0,1,1,0
S01010522,35 to 49,98,47,36,11,51,35,0,3,12,1
S01010522,50 to 64,61,29,25,4,32,17,1,0,11,3
S01010522,65 to 74,26,11,11,0,15,2,0,1,5,7
S01010522,75 to 84,34,7,7,0,27,4,0,3,5,15
S01010522,85 and over,13,0,0,0,13,3,1,0,1,8
S01010523,All HRPs,258,127,83,44,131,63,2,13,31,22
S01010523,24 and under,11,5,2,3,6,4,0,2,0,0
S01010523,25 to 34,62,32,12,20,30,26,1,3,0,0
S01010523,35 to 49,84,39,26,13,45,26,1,5,12,1
S01010523,50 to 64,61,34,26,8,27,4,0,2,14,7
S01010523,65 to 74,25,11,11,0,14,2,0,1,4,7
S01010523,75 to 84,14,6,6,0,8,1,0,0,1,6
S01010523,85 and over,1,0,0,0,1,0,0,0,0,1
S01010524,All HRPs,234,158,135,23,76,38,3,2,12,21
S01010524,24 and under,3,2,0,2,1,1,0,0,0,0
S01010524,25 to 34,11,5,2,3,6,5,0,0,1,0
S01010524,35 to 49,47,32,27,5,15,12,1,1,0,1
S01010524,50 to 64,105,81,69,12,24,9,0,1,8,6
S01010524,65 to 74,34,22,21,1,12,6,0,0,3,3
S01010524,75 to 84,29,15,15,0,14,2,2,0,0,10
S01010524,85 and over,5,1,1,0,4,3,0,0,0,1
S01010525,All HRPs,259,177,155,22,82,20,6,6,22,28
S01010525,24 and under,3,0,0,0,3,3,0,0,0,0
S01010525,25 to 34,13,11,5,6,2,2,0,0,0,0
S01010525,35 to 49,62,47,40,7,15,5,2,2,6,0
S01010525,50 to 64,90,65,59,6,25,5,2,3,8,7
S01010525,65 to 74,46,35,33,2,11,2,1,0,4,4
S01010525,75 to 84,32,12,11,1,20,3,1,1,4,11
S01010525,85 and over,13,7,7,0,6,0,0,0,0,6
S01010526,All HRPs,364,193,151,42,171,70,5,11,33,52
S01010526,24 and under,6,2,0,2,4,4,0,0,0,0
S01010526,25 to 34,36,22,11,11,14,12,0,0,1,1
S01010526,35 to 49,100,57,41,16,43,24,2,4,13,0
S01010526,50 to 64,116,77,66,11,39,18,3,5,9,4
S01010526,65 to 74,43,22,20,2,21,6,0,2,7,6
S01010526,75 to 84,47,11,11,0,36,5,0,0,3,28
S01010526,85 and over,16,2,2,0,14,1,0,0,0,13
S01010527,All HRPs,455,193,145,48,262,82,4,27,60,89
S01010527,24 and under,16,4,2,2,12,12,0,0,0,0
S01010527,25 to 34,48,19,13,6,29,26,1,0,2,0
S01010527,35 to 49,108,54,33,21,54,22,1,12,17,2
S01010527,50 to 64,138,71,58,13,67,15,2,13,23,14
S01010527,65 to 74,74,30,24,6,44,1,0,2,16,25
S01010527,75 to 84,44,10,10,0,34,4,0,0,2,28
S01010527,85 and over,27,5,5,0,22,2,0,0,0,20
S01010528,All HRPs,265,157,139,18,108,50,3,4,20,31
S01010528,24 and under,11,1,0,1,10,10,0,0,0,0
S01010528,25 to 34,27,16,10,6,11,11,0,0,0,0
S01010528,35 to 49,70,53,46,7,17,11,0,2,4,0
S01010528,50 to 64,88,60,56,4,28,8,2,2,9,7
S01010528,65 to 74,24,15,15,0,9,1,0,0,1,7
S01010528,75 to 84,39,11,11,0,28,8,1,0,5,14
S01010528,85 and over,6,1,1,0,5,1,0,0,1,3
S01010529,All HRPs,283,187,160,27,96,36,5,8,17,30
S01010529,24 and under,3,1,1,0,2,2,0,0,0,0
S01010529,25 to 34,20,16,9,7,4,4,0,0,0,0
S01010529,35 to 49,68,52,44,8,16,9,0,4,3,0
S01010529,50 to 64,111,75,64,11,36,15,5,3,9,4
S01010529,65 to 74,38,28,27,1,10,1,0,1,4,4
S01010529,75 to 84,30,14,14,0,16,3,0,0,0,13
S01010529,85 and over,13,1,1,0,12,2,0,0,1,9
S01010530,All HRPs,278,185,154,31,93,27,2,7,22,35
S01010530,24 and under,1,1,0,1,0,0,0,0,0,0
S01010530,25 to 34,16,11,6,5,5,4,0,1,0,0
S01010530,35 to 49,71,50,38,12,21,11,1,5,1,3
S01010530,50 to 64,104,80,68,12,24,7,1,1,9,6
S01010530,65 to 74,55,29,28,1,26,3,0,0,9,14
S01010530,75 to 84,28,12,12,0,16,2,0,0,3,11
S01010530,85 and over,3,2,2,0,1,0,0,0,0,1
S01010531,All HRPs,496,288,240,48,208,56,7,14,46,85
S01010531,24 and under,7,2,0,2,5,5,0,0,0,0
S01010531,25 to 34,39,23,13,10,16,12,2,0,2,0
S01010531,35 to 49,115,77,62,15,38,12,2,10,12,2
S01010531,50 to 64,160,108,95,13,52,11,1,4,23,13
S01010531,65 to 74,74,47,43,4,27,8,1,0,3,15
S01010531,75 to 84,69,25,24,1,44,5,0,0,4,35
S01010531,85 and over,32,6,3,3,26,3,1,0,2,20
S01010532,All HRPs,245,156,130,26,89,35,0,9,14,31
S01010532,24 and under,11,2,0,2,9,9,0,0,0,0
S01010532,25 to 34,12,7,2,5,5,4,0,1,0,0
S01010532,35 to 49,59,48,38,10,11,9,0,1,1,0
S01010532,50 to 64,83,53,45,8,30,10,0,5,8,7
S01010532,65 to 74,42,27,26,1,15,3,0,2,3,7
S01010532,75 to 84,31,17,17,0,14,0,0,0,2,12
S01010532,85 and over,7,2,2,0,5,0,0,0,0,5
S01010533,All HRPs,272,144,122,22,128,36,3,12,26,51
S01010533,24 and under,6,1,0,1,5,4,0,0,1,0
S01010533,25 to 34,14,9,2,7,5,5,0,0,0,0
S01010533,35 to 49,65,43,38,5,22,10,0,7,4,1
S01010533,50 to 64,74,48,40,8,26,7,1,4,8,6
S01010533,65 to 74,42,22,22,0,20,1,1,1,6,11
S01010533,75 to 84,51,18,17,1,33,7,1,0,5,20
S01010533,85 and over,20,3,3,0,17,2,0,0,2,13
S01010534,All HRPs,374,218,178,40,156,48,5,13,40,50
S01010534,24 and under,5,3,0,3,2,2,0,0,0,0
S01010534,25 to 34,37,20,11,9,17,13,0,1,2,1
S01010534,35 to 49,114,69,50,19,45,22,2,5,13,3
S01010534,50 to 64,119,81,72,9,38,5,2,6,18,7
S01010534,65 to 74,57,35,35,0,22,3,0,1,5,13
S01010534,75 to 84,29,7,7,0,22,1,0,0,2,19
S01010534,85 and over,13,3,3,0,10,2,1,0,0,7
S01010535,All HRPs,305,185,158,27,120,36,8,15,35,26
S01010535,24 and under,4,0,0,0,4,4,0,0,0,0
S01010535,25 to 34,26,14,4,10,12,6,0,4,2,0
S01010535,35 to 49,88,57,47,10,31,13,1,3,13,1
S01010535,50 to 64,94,61,55,6,33,8,2,7,11,5
S01010535,65 to 74,53,36,35,1,17,2,0,1,5,9
S01010535,75 to 84,36,15,15,0,21,3,4,0,4,10
S01010535,85 and over,4,2,2,0,2,0,1,0,0,1
S01010536,All HRPs,397,196,141,55,201,68,1,16,53,63
S01010536,24 and under,10,5,1,4,5,5,0,0,0,0
S01010536,25 to 34,44,23,15,8,21,16,0,2,3,0
S01010536,35 to 49,108,73,46,27,35,19,0,5,8,3
S01010536,50 to 64,109,55,41,14,54,18,0,9,23,4
S01010536,65 to 74,68,22,20,2,46,8,1,0,17,20
S01010536,75 to 84,37,17,17,0,20,0,0,0,2,18
S01010536,85 and over,21,1,1,0,20,2,0,0,0,18
S01010537,All HRPs,330,148,106,42,182,84,3,12,38,45
S01010537,24 and under,16,6,0,6,10,10,0,0,0,0
S01010537,25 to 34,44,17,4,13,27,25,0,1,1,0
S01010537,35 to 49,80,38,28,10,42,24,1,5,11,1
S01010537,50 to 64,111,52,43,9,59,21,2,6,16,14
S01010537,65 to 74,46,26,23,3,20,2,0,0,6,12
S01010537,75 to 84,25,7,6,1,18,1,0,0,4,13
S01010537,85 and over,8,2,2,0,6,1,0,0,0,5
S01010538,All HRPs,337,187,132,55,150,91,3,13,30,13
S01010538,24 and under,20,4,2,2,16,16,0,0,0,0
S01010538,25 to 34,83,34,16,18,49,45,0,1,3,0
S01010538,35 to 49,126,86,59,27,40,24,1,4,10,1
S01010538,50 to 64,79,46,38,8,33,5,1,8,15,4
S01010538,65 to 74,20,12,12,0,8,1,0,0,2,5
S01010538,75 to 84,5,3,3,0,2,0,0,0,0,2
S01010538,85 and over,4,2,2,0,2,0,1,0,0,1
S01010539,All HRPs,496,264,176,88,232,117,7,21,42,45
S01010539,24 and under,23,7,1,6,16,14,0,1,1,0
S01010539,25 to 34,92,56,20,36,36,32,1,0,3,0
S01010539,35 to 49,121,69,41,28,52,35,0,9,7,1
S01010539,50 to 64,162,87,69,18,75,25,6,8,26,10
S01010539,65 to 74,61,31,31,0,30,6,0,3,3,18
S01010539,75 to 84,31,13,13,0,18,5,0,0,2,11
S01010539,85 and over,6,1,1,0,5,0,0,0,0,5
S01010540,All HRPs,298,171,135,36,127,47,6,10,24,40
S01010540,24 and under,7,2,0,2,5,5,0,0,0,0
S01010540,25 to 34,25,12,5,7,13,11,0,0,2,0
S01010540,35 to 49,78,49,32,17,29,18,1,3,6,1
S01010540,50 to 64,84,54,44,10,30,6,4,2,13,5
S01010540,65 to 74,54,34,34,0,20,3,0,4,2,11
S01010540,75 to 84,40,18,18,0,22,4,1,1,1,15
S01010540,85 and over,10,2,2,0,8,0,0,0,0,8
S01010541,All HRPs,362,233,196,37,129,47,3,14,34,31
S01010541,24 and under,5,1,0,1,4,4,0,0,0,0
S01010541,25 to 34,33,16,7,9,17,14,0,3,0,0
S01010541,35 to 49,98,68,51,17,30,12,0,5,11,2
S01010541,50 to 64,128,82,74,8,46,10,3,6,21,6
S01010541,65 to 74,57,45,43,2,12,4,0,0,2,6
S01010541,75 to 84,35,19,19,0,16,3,0,0,0,13
S01010541,85 and over,6,2,2,0,4,0,0,0,0,4
S01010542,All HRPs,388,237,203,34,151,47,7,16,32,49
S01010542,24 and under,2,2,1,1,0,0,0,0,0,0
S01010542,25 to 34,27,17,8,9,10,9,0,0,1,0
S01010542,35 to 49,80,55,48,7,25,16,0,6,3,0
S01010542,50 to 64,146,100,88,12,46,11,5,10,17,3
S01010542,65 to 74,66,46,42,4,20,2,1,0,7,10
S01010542,75 to 84,44,15,15,0,29,6,1,0,4,18
S01010542,85 and over,23,2,1,1,21,3,0,0,0,18
S01010543,All HRPs,255,172,144,28,83,34,2,8,15,24
S01010543,24 and under,3,1,1,0,2,2,0,0,0,0
S01010543,25 to 34,21,15,4,11,6,4,0,2,0,0
S01010543,35 to 49,73,56,46,10,17,11,0,2,3,1
S01010543,50 to 64,84,63,58,5,21,7,0,2,7,5
S01010543,65 to 74,46,23,22,1,23,7,0,0,3,13
S01010543,75 to 84,21,11,10,1,10,2,2,0,2,4
S01010543,85 and over,7,3,3,0,4,1,0,2,0,1
S01010544,All HRPs,370,211,173,38,159,41,3,17,39,59
S01010544,24 and under,7,4,0,4,3,3,0,0,0,0
S01010544,25 to 34,36,22,10,12,14,12,2,0,0,0
S01010544,35 to 49,101,69,54,15,32,13,0,9,9,1
S01010544,50 to 64,112,68,63,5,44,9,0,8,19,8
S01010544,65 to 74,58,31,30,1,27,2,1,0,8,16
S01010544,75 to 84,38,15,14,1,23,2,0,0,2,19
S01010544,85 and over,18,2,2,0,16,0,0,0,1,15
S01010545,All HRPs,344,172,138,34,172,54,4,23,28,63
S01010545,24 and under,5,2,0,2,3,3,0,0,0,0
S01010545,25 to 34,33,15,5,10,18,13,0,5,0,0
S01010545,35 to 49,93,57,41,16,36,23,0,7,6,0
S01010545,50 to 64,95,56,50,6,39,7,3,8,16,5
S01010545,65 to 74,52,29,29,0,23,5,1,2,5,10
S01010545,75 to 84,39,9,9,0,30,2,0,1,1,26
S01010545,85 and over,27,4,4,0,23,1,0,0,0,22
S01010546,All HRPs,369,188,144,44,181,67,5,11,38,60
S01010546,24 and under,17,3,1,2,14,13,0,1,0,0
S01010546,25 to 34,34,19,5,14,15,15,0,0,0,0
S01010546,35 to 49,92,56,42,14,36,20,1,6,9,0
S01010546,50 to 64,92,59,48,11,33,9,0,4,13,7
S01010546,65 to 74,51,23,21,2,28,3,1,0,12,12
S01010546,75 to 84,57,20,19,1,37,7,3,0,3,24
S01010546,85 and over,26,8,8,0,18,0,0,0,1,17
S01010547,All HRPs,313,210,167,43,103,36,2,9,27,29
S01010547,24 and under,2,2,1,1,0,0,0,0,0,0
S01010547,25 to 34,20,15,4,11,5,5,0,0,0,0
S01010547,35 to 49,92,66,48,18,26,16,1,5,4,0
S01010547,50 to 64,99,71,64,7,28,6,0,2,16,4
S01010547,65 to 74,62,33,30,3,29,7,1,2,6,13
S01010547,75 to 84,29,18,16,2,11,2,0,0,1,8
S01010547,85 and over,9,5,4,1,4,0,0,0,0,4
S01010548,All HRPs,299,204,171,33,95,16,5,6,23,45
S01010548,24 and under,2,0,0,0,2,2,0,0,0,0
S01010548,25 to 34,15,12,2,10,3,2,0,1,0,0
S01010548,35 to 49,49,42,33,9,7,1,0,2,4,0
S01010548,50 to 64,97,70,59,11,27,5,2,3,11,6
S01010548,65 to 74,72,50,48,2,22,4,1,0,5,12
S01010548,75 to 84,45,22,22,0,23,2,1,0,3,17
S01010548,85 and over,19,8,7,1,11,0,1,0,0,10
S01010549,All HRPs,366,271,232,39,95,33,2,9,30,21
S01010549,24 and under,11,6,2,4,5,5,0,0,0,0
S01010549,25 to 34,43,34,24,10,9,8,0,1,0,0
S01010549,35 to 49,138,108,95,13,30,10,0,5,14,1
S01010549,50 to 64,95,74,65,9,21,6,1,2,9,3
S01010549,65 to 74,47,30,28,2,17,2,0,1,7,7
S01010549,75 to 84,26,16,15,1,10,2,0,0,0,8
S01010549,85 and over,6,3,3,0,3,0,1,0,0,2
S01010550,All HRPs,236,133,111,22,103,34,1,10,24,34
S01010550,24 and under,3,3,0,3,0,0,0,0,0,0
S01010550,25 to 34,28,16,8,8,12,11,0,0,1,0
S01010550,35 to 49,69,42,36,6,27,11,0,4,12,0
S01010550,50 to 64,66,45,40,5,21,5,0,6,5,5
S01010550,65 to 74,31,11,11,0,20,3,0,0,5,12
S01010550,75 to 84,31,14,14,0,17,3,1,0,1,12
S01010550,85 and over,8,2,2,0,6,1,0,0,0,5
S01010551,All HRPs,267,181,160,21,86,31,2,10,26,17
S01010551,24 and under,2,1,1,0,1,1,0,0,0,0
S01010551,25 to 34,25,12,10,2,13,6,0,6,1,0
S01010551,35 to 49,98,67,58,9,31,16,0,4,11,0
S01010551,50 to 64,96,72,63,9,24,6,2,0,11,5
S01010551,65 to 74,27,18,18,0,9,1,0,0,2,6
S01010551,75 to 84,12,8,8,0,4,1,0,0,0,3
S01010551,85 and over,7,3,2,1,4,0,0,0,1,3
S01010552,All HRPs,334,207,183,24,127,41,3,12,30,41
S01010552,24 and under,2,0,0,0,2,2,0,0,0,0
S01010552,25 to 34,25,19,12,7,6,6,0,0,0,0
S01010552,35 to 49,99,62,57,5,37,16,0,6,13,2
S01010552,50 to 64,118,79,69,10,39,12,2,3,12,10
S01010552,65 to 74,52,33,32,1,19,3,0,3,3,10
S01010552,75 to 84,29,12,11,1,17,2,0,0,2,13
S01010552,85 and over,9,2,2,0,7,0,1,0,0,6
S01010553,All HRPs,261,183,152,31,78,19,3,16,23,17
S01010553,24 and under,2,1,1,0,1,1,0,0,0,0
S01010553,25 to 34,11,10,4,6,1,1,0,0,0,0
S01010553,35 to 49,87,58,46,12,29,12,2,9,6,0
S01010553,50 to 64,100,72,62,10,28,4,1,6,13,4
S01010553,65 to 74,41,33,31,2,8,1,0,1,2,4
S01010553,75 to 84,18,9,8,1,9,0,0,0,1,8
S01010553,85 and over,2,0,0,0,2,0,0,0,1,1
S01010554,All HRPs,396,165,117,48,231,67,6,21,70,67
S01010554,24 and under,8,2,0,2,6,6,0,0,0,0
S01010554,25 to 34,45,21,7,14,24,16,2,6,0,0
S01010554,35 to 49,118,69,44,25,49,22,0,6,21,0
S01010554,50 to 64,106,45,38,7,61,12,1,6,29,13
S01010554,65 to 74,53,15,15,0,38,6,1,0,14,17
S01010554,75 to 84,47,10,10,0,37,3,1,3,6,24
S01010554,85 and over,19,3,3,0,16,2,1,0,0,13
S01010555,All HRPs,450,203,137,66,247,100,7,22,70,48
S01010555,24 and under,32,15,1,14,17,16,0,0,1,0
S01010555,25 to 34,73,38,11,27,35,30,0,3,2,0
S01010555,35 to 49,111,54,40,14,57,26,2,7,19,3
S01010555,50 to 64,134,67,57,10,67,16,4,8,33,6
S01010555,65 to 74,50,14,13,1,36,6,1,4,10,15
S01010555,75 to 84,34,12,12,0,22,5,0,0,4,13
S01010555,85 and over,16,3,3,0,13,1,0,0,1,11
S01010556,All HRPs,410,176,130,46,234,71,10,23,56,74
S01010556,24 and under,11,5,0,5,6,6,0,0,0,0
S01010556,25 to 34,47,32,15,17,15,12,1,2,0,0
S01010556,35 to 49,114,61,46,15,53,22,2,17,10,2
S01010556,50 to 64,103,40,35,5,63,18,4,3,29,9
S01010556,65 to 74,62,28,24,4,34,9,1,1,12,11
S01010556,75 to 84,47,9,9,0,38,2,2,0,5,29
S01010556,85 and over,26,1,1,0,25,2,0,0,0,23
S01010557,All HRPs,278,144,120,24,134,33,2,19,27,53
S01010557,24 and under,11,4,2,2,7,7,0,0,0,0
S01010557,25 to 34,19,11,8,3,8,6,0,2,0,0
S01010557,35 to 49,87,54,38,16,33,10,0,11,11,1
S01010557,50 to 64,59,38,35,3,21,6,2,5,6,2
S01010557,65 to 74,46,20,20,0,26,3,0,1,8,14
S01010557,75 to 84,40,14,14,0,26,1,0,0,2,23
S01010557,85 and over,16,3,3,0,13,0,0,0,0,13
S01010558,All HRPs,385,208,173,35,177,59,3,17,39,59
S01010558,24 and under,14,5,0,5,9,6,0,2,1,0
S01010558,25 to 34,35,20,11,9,15,11,0,2,2,0
S01010558,35 to 49,84,43,33,10,41,22,1,9,9,0
S01010558,50 to 64,96,60,50,10,36,8,2,3,15,8
S01010558,65 to 74,88,52,51,1,36,8,0,1,11,16
S01010558,75 to 84,56,22,22,0,34,3,0,0,1,30
S01010558,85 and over,12,6,6,0,6,1,0,0,0,5
S01010559,All HRPs,351,201,185,16,150,28,7,5,32,78
S01010559,24 and under,4,3,0,3,1,1,0,0,0,0
S01010559,25 to 34,16,7,1,6,9,6,1,0,2,0
S01010559,35 to 49,70,54,51,3,16,2,1,2,8,3
S01010559,50 to 64,101,73,70,3,28,9,1,1,12,5
S01010559,65 to 74,51,28,27,1,23,3,0,0,6,14
S01010559,75 to 84,67,25,25,0,42,5,2,2,2,31
S01010559,85 and over,42,11,11,0,31,2,2,0,2,25
S01010560,All HRPs,291,184,162,22,107,30,3,8,24,42
S01010560,24 and under,2,1,0,1,1,1,0,0,0,0
S01010560,25 to 34,12,6,4,2,6,5,0,1,0,0
S01010560,35 to 49,65,41,33,8,24,9,1,2,11,1
S01010560,50 to 64,101,71,63,8,30,7,2,5,11,5
S01010560,65 to 74,54,36,36,0,18,2,0,0,1,15
S01010560,75 to 84,46,25,22,3,21,6,0,0,1,14
S01010560,85 and over,11,4,4,0,7,0,0,0,0,7
S01010561,All HRPs,301,203,174,29,98,21,2,4,18,53
S01010561,24 and under,4,1,0,1,3,3,0,0,0,0
S01010561,25 to 34,26,19,4,15,7,3,2,1,1,0
S01010561,35 to 49,52,41,36,5,11,7,0,0,4,0
S01010561,50 to 64,108,90,84,6,18,3,0,2,8,5
S01010561,65 to 74,44,26,25,1,18,2,0,0,2,14
S01010561,75 to 84,48,23,22,1,25,1,0,1,3,20
S01010561,85 and over,19,3,3,0,16,2,0,0,0,14
S01010562,All HRPs,314,200,176,24,114,26,3,9,25,51
S01010562,24 and under,4,2,0,2,2,1,0,1,0,0
S01010562,25 to 34,22,14,8,6,8,7,1,0,0,0
S01010562,35 to 49,72,54,46,8,18,3,0,4,10,1
S01010562,50 to 64,110,77,71,6,33,10,0,2,10,11
S01010562,65 to 74,51,32,31,1,19,2,1,2,1,13
S01010562,75 to 84,50,20,19,1,30,2,1,0,3,24
S01010562,85 and over,5,1,1,0,4,1,0,0,1,2
S01010563,All HRPs,211,114,83,31,97,21,2,9,30,35
S01010563,24 and under,6,2,0,2,4,4,0,0,0,0
S01010563,25 to 34,18,11,3,8,7,6,0,0,1,0
S01010563,35 to 49,66,43,28,15,23,4,1,5,11,2
S01010563,50 to 64,69,43,38,5,26,2,0,4,11,9
S01010563,65 to 74,30,9,9,0,21,2,1,0,6,12
S01010563,75 to 84,17,5,4,1,12,2,0,0,1,9
S01010563,85 and over,5,1,1,0,4,1,0,0,0,3
S01010564,All HRPs,269,100,82,18,169,61,1,5,57,45
S01010564,24 and under,6,2,0,2,4,3,0,0,0,1
S01010564,25 to 34,26,12,4,8,14,13,0,0,1,0
S01010564,35 to 49,60,18,14,4,42,27,0,1,12,2
S01010564,50 to 64,91,41,40,1,50,14,1,3,28,4
S01010564,65 to 74,38,13,12,1,25,3,0,1,13,8
S01010564,75 to 84,37,12,10,2,25,1,0,0,3,21
S01010564,85 and over,11,2,2,0,9,0,0,0,0,9
S01010565,All HRPs,276,161,135,26,115,31,0,5,31,48
S01010565,24 and under,3,2,0,2,1,1,0,0,0,0
S01010565,25 to 34,20,17,6,11,3,2,0,0,1,0
S01010565,35 to 49,72,48,37,11,24,13,0,4,7,0
S01010565,50 to 64,89,52,50,2,37,13,0,1,16,7
S01010565,65 to 74,51,27,27,0,24,2,0,0,5,17
S01010565,75 to 84,29,12,12,0,17,0,0,0,2,15
S01010565,85 and over,12,3,3,0,9,0,0,0,0,9
S01010566,All HRPs,453,295,245,50,158,55,4,13,32,54
S01010566,24 and under,12,3,1,2,9,9,0,0,0,0
S01010566,25 to 34,37,23,15,8,14,14,0,0,0,0
S01010566,35 to 49,136,93,76,17,43,19,1,8,12,3
S01010566,50 to 64,156,124,104,20,32,5,2,2,18,5
S01010566,65 to 74,57,29,26,3,28,5,0,3,2,18
S01010566,75 to 84,45,18,18,0,27,3,1,0,0,23
S01010566,85 and over,10,5,5,0,5,0,0,0,0,5
S01010567,All HRPs,379,275,246,29,104,35,3,11,26,29
S01010567,24 and under,2,0,0,0,2,2,0,0,0,0
S01010567,25 to 34,25,14,8,6,11,9,1,1,0,0
S01010567,35 to 49,124,97,84,13,27,8,2,3,13,1
S01010567,50 to 64,153,117,109,8,36,12,0,5,12,7
S01010567,65 to 74,34,27,25,2,7,2,0,2,0,3
S01010567,75 to 84,27,17,17,0,10,1,0,0,1,8
S01010567,85 and over,14,3,3,0,11,1,0,0,0,10
S01010568,All HRPs,391,263,211,52,128,45,1,19,38,25
S01010568,24 and under,2,1,0,1,1,1,0,0,0,0
S01010568,25 to 34,40,27,11,16,13,11,0,2,0,0
S01010568,35 to 49,143,96,73,23,47,17,1,10,16,3
S01010568,50 to 64,124,89,79,10,35,8,0,6,16,5
S01010568,65 to 74,53,37,35,2,16,2,0,0,5,9
S01010568,75 to 84,23,11,11,0,12,4,0,1,1,6
S01010568,85 and over,6,2,2,0,4,2,0,0,0,2
S01010569,All HRPs,295,205,167,38,90,27,2,8,33,20
S01010569,24 and under,0,0,0,0,0,0,0,0,0,0
S01010569,25 to 34,29,21,10,11,8,4,0,3,1,0
S01010569,35 to 49,101,69,57,12,32,18,0,5,9,0
S01010569,50 to 64,100,74,63,11,26,3,1,0,18,4
S01010569,65 to 74,35,28,24,4,7,0,1,0,4,2
S01010569,75 to 84,24,11,11,0,13,1,0,0,1,11
S01010569,85 and over,6,2,2,0,4,1,0,0,0,3
S01010570,All HRPs,467,233,177,56,234,78,3,28,59,66
S01010570,24 and under,9,2,0,2,7,7,0,0,0,0
S01010570,25 to 34,45,26,11,15,19,12,0,4,3,0
S01010570,35 to 49,141,76,52,24,65,26,0,13,24,2
S01010570,50 to 64,147,87,74,13,60,21,1,6,22,10
S01010570,65 to 74,57,24,23,1,33,6,1,4,7,15
S01010570,75 to 84,51,16,15,1,35,5,1,0,1,28
S01010570,85 and over,17,2,2,0,15,1,0,1,2,11
S01010571,All HRPs,398,183,128,55,215,102,1,16,59,37
S01010571,24 and under,18,7,1,6,11,11,0,0,0,0
S01010571,25 to 34,60,26,11,15,34,32,0,0,2,0
S01010571,35 to 49,135,69,48,21,66,36,1,9,18,2
S01010571,50 to 64,118,58,48,10,60,16,0,7,31,6
S01010571,65 to 74,40,16,14,2,24,6,0,0,7,11
S01010571,75 to 84,21,7,6,1,14,0,0,0,1,13
S01010571,85 and over,6,0,0,0,6,1,0,0,0,5
S01010572,All HRPs,336,153,97,56,183,84,3,16,59,21
S01010572,24 and under,23,6,3,3,17,17,0,0,0,0
S01010572,25 to 34,76,38,13,25,38,31,0,4,3,0
S01010572,35 to 49,84,42,24,18,42,19,1,5,16,1
S01010572,50 to 64,101,50,43,7,51,10,1,5,28,7
S01010572,65 to 74,32,13,12,1,19,4,0,1,9,5
S01010572,75 to 84,18,3,2,1,15,3,1,1,3,7
S01010572,85 and over,2,1,0,1,1,0,0,0,0,1
S01010573,All HRPs,222,124,98,26,98,34,1,12,25,26
S01010573,24 and under,4,2,1,1,2,2,0,0,0,0
S01010573,25 to 34,43,28,14,14,15,12,0,1,2,0
S01010573,35 to 49,68,40,31,9,28,16,0,4,8,0
S01010573,50 to 64,66,33,31,2,33,3,0,6,12,12
S01010573,65 to 74,25,13,13,0,12,0,1,1,3,7
S01010573,75 to 84,12,7,7,0,5,1,0,0,0,4
S01010573,85 and over,4,1,1,0,3,0,0,0,0,3
S01010574,All HRPs,236,170,148,22,66,16,3,2,19,26
S01010574,24 and under,0,0,0,0,0,0,0,0,0,0
S01010574,25 to 34,21,17,7,10,4,3,0,1,0,0
S01010574,35 to 49,80,65,55,10,15,4,1,1,9,0
S01010574,50 to 64,72,57,55,2,15,5,1,0,6,3
S01010574,65 to 74,22,14,14,0,8,1,0,0,1,6
S01010574,75 to 84,28,14,14,0,14,2,0,0,3,9
S01010574,85 and over,13,3,3,0,10,1,1,0,0,8
S01010575,All HRPs,284,201,187,14,83,15,2,5,21,40
S01010575,24 and under,1,1,0,1,0,0,0,0,0,0
S01010575,25 to 34,13,10,8,2,3,2,0,0,1,0
S01010575,35 to 49,55,38,34,4,17,7,0,1,6,3
S01010575,50 to 64,121,97,90,7,24,2,2,3,11,6
S01010575,65 to 74,48,32,32,0,16,3,0,1,2,10
S01010575,75 to 84,39,23,23,0,16,1,0,0,0,15
S01010575,85 and over,7,0,0,0,7,0,0,0,1,6
S01010576,All HRPs,326,239,212,27,87,14,4,5,17,47
S01010576,24 and under,0,0,0,0,0,0,0,0,0,0
S01010576,25 to 34,10,8,4,4,2,2,0,0,0,0
S01010576,35 to 49,88,73,55,18,15,5,2,2,5,1
S01010576,50 to 64,129,103,99,4,26,4,1,3,8,10
S01010576,65 to 74,49,35,34,1,14,1,1,0,2,10
S01010576,75 to 84,35,16,16,0,19,2,0,0,2,15
S01010576,85 and over,15,4,4,0,11,0,0,0,0,11
S01010577,All HRPs,354,168,128,40,186,59,1,17,73,36
S01010577,24 and under,11,4,0,4,7,7,0,0,0,0
S01010577,25 to 34,56,33,14,19,23,15,0,4,4,0
S01010577,35 to 49,111,51,40,11,60,28,0,4,26,2
S01010577,50 to 64,103,52,47,5,51,7,0,8,30,6
S01010577,65 to 74,51,20,19,1,31,2,1,1,11,16
S01010577,75 to 84,16,6,6,0,10,0,0,0,2,8
S01010577,85 and over,6,2,2,0,4,0,0,0,0,4
S01010578,All HRPs,203,132,107,25,71,24,0,9,24,14
S01010578,24 and under,1,0,0,0,1,1,0,0,0,0
S01010578,25 to 34,23,13,9,4,10,5,0,2,3,0
S01010578,35 to 49,85,57,40,17,28,13,0,3,11,1
S01010578,50 to 64,64,45,41,4,19,3,0,3,7,6
S01010578,65 to 74,12,8,8,0,4,0,0,1,2,1
S01010578,75 to 84,17,9,9,0,8,2,0,0,1,5
S01010578,85 and over,1,0,0,0,1,0,0,0,0,1
S01010579,All HRPs,325,200,165,35,125,44,1,15,24,41
S01010579,24 and under,6,4,1,3,2,2,0,0,0,0
S01010579,25 to 34,39,25,9,16,14,10,0,4,0,0
S01010579,35 to 49,98,64,54,10,34,19,0,7,6,2
S01010579,50 to 64,104,71,67,4,33,7,1,4,12,9
S01010579,65 to 74,41,21,19,2,20,5,0,0,5,10
S01010579,75 to 84,29,13,13,0,16,1,0,0,0,15
S01010579,85 and over,8,2,2,0,6,0,0,0,1,5
S01010580,All HRPs,305,126,82,44,179,110,5,12,33,19
S01010580,24 and under,26,11,1,10,15,15,0,0,0,0
S01010580,25 to 34,102,41,20,21,61,58,0,3,0,0
S01010580,35 to 49,74,24,18,6,50,26,4,3,16,1
S01010580,50 to 64,63,28,24,4,35,11,1,6,14,3
S01010580,65 to 74,22,14,12,2,8,0,0,0,3,5
S01010580,75 to 84,16,8,7,1,8,0,0,0,0,8
S01010580,85 and over,2,0,0,0,2,0,0,0,0,2
S01010581,All HRPs,243,127,103,24,116,60,2,14,27,13
S01010581,24 and under,11,1,0,1,10,10,0,0,0,0
S01010581,25 to 34,64,34,18,16,30,26,1,3,0,0
S01010581,35 to 49,78,47,44,3,31,16,0,3,10,2
S01010581,50 to 64,63,36,32,4,27,5,1,7,13,1
S01010581,65 to 74,14,4,4,0,10,1,0,1,4,4
S01010581,75 to 84,10,5,5,0,5,2,0,0,0,3
S01010581,85 and over,3,0,0,0,3,0,0,0,0,3
S01010582,All HRPs,185,125,99,26,60,25,2,5,11,17
S01010582,24 and under,0,0,0,0,0,0,0,0,0,0
S01010582,25 to 34,23,14,6,8,9,9,0,0,0,0
S01010582,35 to 49,65,47,33,14,18,13,0,2,3,0
S01010582,50 to 64,62,48,45,3,14,3,2,3,4,2
S01010582,65 to 74,15,6,6,0,9,0,0,0,2,7
S01010582,75 to 84,14,8,7,1,6,0,0,0,2,4
S01010582,85 and over,6,2,2,0,4,0,0,0,0,4
S01010583,All HRPs,440,276,229,47,164,59,2,19,32,52
S01010583,24 and under,10,5,0,5,5,4,0,1,0,0
S01010583,25 to 34,55,29,14,15,26,21,1,4,0,0
S01010583,35 to 49,148,103,86,17,45,24,1,7,11,2
S01010583,50 to 64,126,84,77,7,42,10,0,6,18,8
S01010583,65 to 74,50,32,30,2,18,0,0,1,3,14
S01010583,75 to 84,38,20,19,1,18,0,0,0,0,18
S01010583,85 and over,13,3,3,0,10,0,0,0,0,10
S01010584,All HRPs,312,201,154,47,111,54,2,14,25,16
S01010584,24 and under,21,8,1,7,13,12,0,0,1,0
S01010584,25 to 34,69,43,25,18,26,23,1,0,1,1
S01010584,35 to 49,129,89,73,16,40,15,1,10,13,1
S01010584,50 to 64,64,46,40,6,18,4,0,2,8,4
S01010584,65 to 74,16,12,12,0,4,0,0,1,0,3
S01010584,75 to 84,11,3,3,0,8,0,0,1,2,5
S01010584,85 and over,2,0,0,0,2,0,0,0,0,2
S01010585,All HRPs,304,217,145,72,87,40,2,10,25,10
S01010585,24 and under,9,2,0,2,7,7,0,0,0,0
S01010585,25 to 34,89,65,28,37,24,19,0,4,1,0
S01010585,35 to 49,166,126,96,30,40,12,2,5,16,5
S01010585,50 to 64,30,18,15,3,12,1,0,1,6,4
S01010585,65 to 74,8,5,5,0,3,0,0,0,2,1
S01010585,75 to 84,2,1,1,0,1,1,0,0,0,0
S01010585,85 and over,0,0,0,0,0,0,0,0,0,0
S01010586,All HRPs,305,228,194,34,77,15,5,9,17,31
S01010586,24 and under,1,1,0,1,0,0,0,0,0,0
S01010586,25 to 34,33,27,16,11,6,5,0,1,0,0
S01010586,35 to 49,97,79,63,16,18,4,2,4,6,2
S01010586,50 to 64,105,82,76,6,23,4,1,4,8,6
S01010586,65 to 74,44,32,32,0,12,0,0,0,2,10
S01010586,75 to 84,20,6,6,0,14,2,1,0,1,10
S01010586,85 and over,5,1,1,0,4,0,1,0,0,3
S01010587,All HRPs,293,206,177,29,87,29,4,5,17,32
S01010587,24 and under,7,2,0,2,5,5,0,0,0,0
S01010587,25 to 34,21,15,11,4,6,6,0,0,0,0
S01010587,35 to 49,85,60,43,17,25,9,1,4,10,1
S01010587,50 to 64,90,75,71,4,15,4,1,0,3,7
S01010587,65 to 74,46,31,30,1,15,3,1,0,3,8
S01010587,75 to 84,33,18,17,1,15,1,0,0,1,13
S01010587,85 and over,11,5,5,0,6,1,1,1,0,3
S01010588,All HRPs,268,170,140,30,98,39,6,8,24,21
S01010588,24 and under,2,0,0,0,2,2,0,0,0,0
S01010588,25 to 34,32,24,13,11,8,6,0,1,1,0
S01010588,35 to 49,99,58,48,10,41,23,1,6,11,0
S01010588,50 to 64,75,52,46,6,23,5,3,1,9,5
S01010588,65 to 74,26,14,12,2,12,2,1,0,3,6
S01010588,75 to 84,28,17,16,1,11,1,1,0,0,9
S01010588,85 and over,6,5,5,0,1,0,0,0,0,1
S01010589,All HRPs,299,135,94,41,164,78,1,14,51,20
S01010589,24 and under,19,9,3,6,10,10,0,0,0,0
S01010589,25 to 34,45,24,12,12,21,18,0,2,1,0
S01010589,35 to 49,106,49,37,12,57,36,0,4,16,1
S01010589,50 to 64,84,38,28,10,46,13,0,5,26,2
S01010589,65 to 74,25,9,8,1,16,0,1,3,6,6
S01010589,75 to 84,12,4,4,0,8,1,0,0,1,6
S01010589,85 and over,8,2,2,0,6,0,0,0,1,5
S01010590,All HRPs,293,244,225,19,49,15,3,7,10,14
S01010590,24 and under,4,1,1,0,3,3,0,0,0,0
S01010590,25 to 34,24,20,15,5,4,2,0,2,0,0
S01010590,35 to 49,139,120,111,9,19,8,1,4,6,0
S01010590,50 to 64,88,78,75,3,10,0,2,1,2,5
S01010590,65 to 74,21,18,16,2,3,1,0,0,0,2
S01010590,75 to 84,14,6,6,0,8,1,0,0,2,5
S01010590,85 and over,3,1,1,0,2,0,0,0,0,2
S01010591,All HRPs,303,192,134,58,111,62,3,15,26,5
S01010591,24 and under,12,5,1,4,7,7,0,0,0,0
S01010591,25 to 34,120,79,46,33,41,33,2,3,3,0
S01010591,35 to 49,112,75,58,17,37,18,0,8,11,0
S01010591,50 to 64,47,26,22,4,21,4,1,4,10,2
S01010591,65 to 74,7,3,3,0,4,0,0,0,2,2
S01010591,75 to 84,5,4,4,0,1,0,0,0,0,1
S01010591,85 and over,0,0,0,0,0,0,0,0,0,0
S01010592,All HRPs,273,120,83,37,153,91,3,13,26,20
S01010592,24 and under,19,5,1,4,14,14,0,0,0,0
S01010592,25 to 34,68,27,8,19,41,38,1,0,2,0
S01010592,35 to 49,85,35,24,11,50,28,1,9,11,1
S01010592,50 to 64,60,33,31,2,27,7,1,4,11,4
S01010592,65 to 74,20,11,10,1,9,3,0,0,1,5
S01010592,75 to 84,17,9,9,0,8,1,0,0,1,6
S01010592,85 and over,4,0,0,0,4,0,0,0,0,4
S01010593,All HRPs,259,180,159,21,79,22,2,6,21,28
S01010593,24 and under,0,0,0,0,0,0,0,0,0,0
S01010593,25 to 34,20,14,12,2,6,4,0,1,1,0
S01010593,35 to 49,96,74,59,15,22,10,1,1,10,0
S01010593,50 to 64,75,54,51,3,21,4,1,3,5,8
S01010593,65 to 74,34,20,19,1,14,3,0,0,3,8
S01010593,75 to 84,28,17,17,0,11,1,0,1,1,8
S01010593,85 and over,6,1,1,0,5,0,0,0,1,4
S01010594,All HRPs,281,160,111,49,121,61,2,12,29,17
S01010594,24 and under,21,11,0,11,10,10,0,0,0,0
S01010594,25 to 34,80,39,18,21,41,33,1,3,3,1
S01010594,35 to 49,95,62,50,12,33,14,1,5,13,0
S01010594,50 to 64,48,28,23,5,20,2,0,4,11,3
S01010594,65 to 74,22,12,12,0,10,2,0,0,2,6
S01010594,75 to 84,13,8,8,0,5,0,0,0,0,5
S01010594,85 and over,2,0,0,0,2,0,0,0,0,2
S01010595,All HRPs,310,186,134,52,124,61,6,13,34,10
S01010595,24 and under,11,5,0,5,6,6,0,0,0,0
S01010595,25 to 34,98,56,34,22,42,32,1,4,3,2
S01010595,35 to 49,141,92,73,19,49,21,5,7,16,0
S01010595,50 to 64,45,23,17,6,22,2,0,2,14,4
S01010595,65 to 74,10,8,8,0,2,0,0,0,1,1
S01010595,75 to 84,3,1,1,0,2,0,0,0,0,2
S01010595,85 and over,2,1,1,0,1,0,0,0,0,1
S01010596,All HRPs,310,230,179,51,80,38,3,9,13,17
S01010596,24 and under,10,3,0,3,7,7,0,0,0,0
S01010596,25 to 34,51,34,15,19,17,13,0,4,0,0
S01010596,35 to 49,102,83,65,18,19,10,2,3,3,1
S01010596,50 to 64,106,87,78,9,19,4,1,2,8,4
S01010596,65 to 74,28,18,16,2,10,0,0,0,2,8
S01010596,75 to 84,13,5,5,0,8,4,0,0,0,4
S01010596,85 and over,0,0,0,0,0,0,0,0,0,0
S01010597,All HRPs,274,154,95,59,120,75,1,21,18,5
S01010597,24 and under,21,3,0,3,18,18,0,0,0,0
S01010597,25 to 34,101,61,25,36,40,34,0,3,3,0
S01010597,35 to 49,103,59,41,18,44,19,1,12,9,3
S01010597,50 to 64,37,23,21,2,14,3,0,4,6,1
S01010597,65 to 74,9,6,6,0,3,1,0,2,0,0
S01010597,75 to 84,2,1,1,0,1,0,0,0,0,1
S01010597,85 and over,1,1,1,0,0,0,0,0,0,0
S01010598,All HRPs,404,245,176,69,159,94,3,23,29,10
S01010598,24 and under,26,7,1,6,19,19,0,0,0,0
S01010598,25 to 34,120,70,35,35,50,42,1,4,2,1
S01010598,35 to 49,186,119,94,25,67,27,1,17,21,1
S01010598,50 to 64,54,39,36,3,15,5,1,1,6,2
S01010598,65 to 74,10,5,5,0,5,1,0,1,0,3
S01010598,75 to 84,8,5,5,0,3,0,0,0,0,3
S01010598,85 and over,0,0,0,0,0,0,0,0,0,0
S01010599,All HRPs,248,170,145,25,78,40,4,8,13,13
S01010599,24 and under,12,4,1,3,8,8,0,0,0,0
S01010599,25 to 34,39,22,17,5,17,15,0,2,0,0
S01010599,35 to 49,92,70,56,14,22,13,2,3,4,0
S01010599,50 to 64,59,42,39,3,17,4,2,2,6,3
S01010599,65 to 74,28,21,21,0,7,0,0,0,3,4
S01010599,75 to 84,15,9,9,0,6,0,0,1,0,5
S01010599,85 and over,3,2,2,0,1,0,0,0,0,1
S01010600,All HRPs,427,260,225,35,167,49,8,15,39,56
S01010600,24 and under,9,5,0,5,4,4,0,0,0,0
S01010600,25 to 34,33,16,4,12,17,16,0,1,0,0
S01010600,35 to 49,97,63,52,11,34,19,0,2,11,2
S01010600,50 to 64,139,94,89,5,45,7,5,10,20,3
S01010600,65 to 74,64,43,41,2,21,1,1,1,6,12
S01010600,75 to 84,59,30,30,0,29,0,1,1,0,27
S01010600,85 and over,26,9,9,0,17,2,1,0,2,12
S01010601,All HRPs,302,197,176,21,105,21,1,8,29,46
S01010601,24 and under,1,1,0,1,0,0,0,0,0,0
S01010601,25 to 34,15,11,7,4,4,4,0,0,0,0
S01010601,35 to 49,68,49,39,10,19,5,0,5,9,0
S01010601,50 to 64,79,51,48,3,28,6,0,3,11,8
S01010601,65 to 74,58,39,38,1,19,3,0,0,7,9
S01010601,75 to 84,65,36,34,2,29,2,1,0,2,24
S01010601,85 and over,16,10,10,0,6,1,0,0,0,5
S01010602,All HRPs,260,129,97,32,131,67,6,7,26,25
S01010602,24 and under,12,7,1,6,5,5,0,0,0,0
S01010602,25 to 34,43,22,11,11,21,20,0,0,1,0
S01010602,35 to 49,79,43,33,10,36,21,1,5,9,0
S01010602,50 to 64,80,38,33,5,42,19,4,1,11,7
S01010602,65 to 74,24,12,12,0,12,1,0,1,5,5
S01010602,75 to 84,14,6,6,0,8,1,1,0,0,6
S01010602,85 and over,8,1,1,0,7,0,0,0,0,7
S01010603,All HRPs,369,223,186,37,146,65,2,8,21,50
S01010603,24 and under,10,4,0,4,6,6,0,0,0,0
S01010603,25 to 34,33,25,9,16,8,8,0,0,0,0
S01010603,35 to 49,86,55,45,10,31,22,0,2,4,3
S01010603,50 to 64,120,85,79,6,35,15,1,5,12,2
S01010603,65 to 74,50,31,30,1,19,4,1,1,3,10
S01010603,75 to 84,51,20,20,0,31,8,0,0,1,22
S01010603,85 and over,19,3,3,0,16,2,0,0,1,13
S01010604,All HRPs,193,137,123,14,56,19,1,3,16,17
S01010604,24 and under,2,2,0,2,0,0,0,0,0,0
S01010604,25 to 34,13,8,3,5,5,5,0,0,0,0
S01010604,35 to 49,76,56,50,6,20,10,1,3,5,1
S01010604,50 to 64,47,36,35,1,11,1,0,0,8,2
S01010604,65 to 74,22,16,16,0,6,1,0,0,2,3
S01010604,75 to 84,25,14,14,0,11,2,0,0,1,8
S01010604,85 and over,8,5,5,0,3,0,0,0,0,3
S01010605,All HRPs,387,246,222,24,141,39,9,4,24,65
S01010605,24 and under,2,0,0,0,2,2,0,0,0,0
S01010605,25 to 34,20,17,10,7,3,2,0,0,1,0
S01010605,35 to 49,93,69,57,12,24,12,1,2,9,0
S01010605,50 to 64,122,90,85,5,32,10,2,1,10,9
S01010605,65 to 74,73,45,45,0,28,7,2,1,2,16
S01010605,75 to 84,59,22,22,0,37,5,4,0,2,26
S01010605,85 and over,18,3,3,0,15,1,0,0,0,14
S01010606,All HRPs,371,186,135,51,185,71,6,15,39,54
S01010606,24 and under,15,6,2,4,9,9,0,0,0,0
S01010606,25 to 34,58,27,12,15,31,25,1,2,3,0
S01010606,35 to 49,93,52,33,19,41,21,1,10,8,1
S01010606,50 to 64,84,54,46,8,30,9,3,2,12,4
S01010606,65 to 74,57,29,26,3,28,4,1,1,12,10
S01010606,75 to 84,44,13,12,1,31,3,0,0,4,24
S01010606,85 and over,20,5,4,1,15,0,0,0,0,15
S01010607,All HRPs,346,227,191,36,119,36,2,10,23,48
S01010607,24 and under,3,1,0,1,2,2,0,0,0,0
S01010607,25 to 34,27,17,7,10,10,8,0,2,0,0
S01010607,35 to 49,103,78,61,17,25,12,0,5,7,1
S01010607,50 to 64,109,82,74,8,27,8,0,2,13,4
S01010607,65 to 74,38,20,20,0,18,2,2,1,2,11
S01010607,75 to 84,43,21,21,0,22,3,0,0,1,18
S01010607,85 and over,23,8,8,0,15,1,0,0,0,14
S01010608,All HRPs,306,92,66,26,214,99,4,23,57,31
S01010608,24 and under,27,5,2,3,22,22,0,0,0,0
S01010608,25 to 34,67,17,9,8,50,38,1,7,4,0
S01010608,35 to 49,85,26,16,10,59,28,0,9,20,2
S01010608,50 to 64,74,27,23,4,47,10,0,7,22,8
S01010608,65 to 74,35,12,11,1,23,1,3,0,9,10
S01010608,75 to 84,14,5,5,0,9,0,0,0,2,7
S01010608,85 and over,4,0,0,0,4,0,0,0,0,4
S01010609,All HRPs,242,114,76,38,128,54,1,10,33,30
S01010609,24 and under,15,2,1,1,13,13,0,0,0,0
S01010609,25 to 34,49,27,10,17,22,18,0,2,2,0
S01010609,35 to 49,68,36,21,15,32,13,1,5,13,0
S01010609,50 to 64,60,29,25,4,31,8,0,2,13,8
S01010609,65 to 74,28,13,13,0,15,0,0,1,4,10
S01010609,75 to 84,16,7,6,1,9,1,0,0,1,7
S01010609,85 and over,6,0,0,0,6,1,0,0,0,5
S01010610,All HRPs,318,176,148,28,142,31,7,10,29,65
S01010610,24 and under,4,2,0,2,2,2,0,0,0,0
S01010610,25 to 34,20,12,7,5,8,5,0,3,0,0
S01010610,35 to 49,61,46,30,16,15,8,0,1,6,0
S01010610,50 to 64,106,63,58,5,43,13,1,3,17,9
S01010610,65 to 74,55,28,28,0,27,2,1,3,5,16
S01010610,75 to 84,55,22,22,0,33,1,3,0,1,28
S01010610,85 and over,17,3,3,0,14,0,2,0,0,12
S01010611,All HRPs,496,186,138,48,310,148,3,22,71,66
S01010611,24 and under,21,7,0,7,14,13,0,1,0,0
S01010611,25 to 34,88,33,18,15,55,53,1,1,0,0
S01010611,35 to 49,146,56,40,16,90,48,1,10,29,2
S01010611,50 to 64,128,50,42,8,78,27,0,8,33,10
S01010611,65 to 74,62,22,21,1,40,5,1,2,6,26
S01010611,75 to 84,36,13,12,1,23,2,0,0,3,18
S01010611,85 and over,15,5,5,0,10,0,0,0,0,10
S01010612,All HRPs,316,201,168,33,115,42,3,12,28,30
S01010612,24 and under,8,1,0,1,7,7,0,0,0,0
S01010612,25 to 34,45,30,19,11,15,13,0,2,0,0
S01010612,35 to 49,86,54,37,17,32,12,0,7,12,1
S01010612,50 to 64,95,69,66,3,26,4,2,1,13,6
S01010612,65 to 74,45,30,29,1,15,3,0,1,3,8
S01010612,75 to 84,27,13,13,0,14,1,1,1,0,11
S01010612,85 and over,10,4,4,0,6,2,0,0,0,4
S01010613,All HRPs,341,152,126,26,189,55,1,19,45,69
S01010613,24 and under,6,1,0,1,5,5,0,0,0,0
S01010613,25 to 34,36,17,7,10,19,18,0,1,0,0
S01010613,35 to 49,74,35,27,8,39,16,0,9,13,1
S01010613,50 to 64,100,54,48,6,46,10,0,5,24,7
S01010613,65 to 74,59,28,27,1,31,3,1,1,5,21
S01010613,75 to 84,46,14,14,0,32,3,0,3,1,25
S01010613,85 and over,20,3,3,0,17,0,0,0,2,15
S01010614,All HRPs,264,101,74,27,163,58,1,24,52,28
S01010614,24 and under,4,1,0,1,3,3,0,0,0,0
S01010614,25 to 34,43,23,12,11,20,15,0,4,1,0
S01010614,35 to 49,81,30,20,10,51,26,0,12,13,0
S01010614,50 to 64,65,27,22,5,38,5,1,6,22,4
S01010614,65 to 74,43,15,15,0,28,5,0,1,12,10
S01010614,75 to 84,21,5,5,0,16,3,0,1,4,8
S01010614,85 and over,7,0,0,0,7,1,0,0,0,6
S01010615,All HRPs,383,183,127,56,200,106,4,22,55,13
S01010615,24 and under,19,5,0,5,14,12,1,0,1,0
S01010615,25 to 34,100,52,23,29,48,36,1,6,5,0
S01010615,35 to 49,137,68,51,17,69,42,2,10,15,0
S01010615,50 to 64,86,43,39,4,43,15,0,6,19,3
S01010615,65 to 74,25,8,7,1,17,1,0,0,11,5
S01010615,75 to 84,15,7,7,0,8,0,0,0,4,4
S01010615,85 and over,1,0,0,0,1,0,0,0,0,1
S01010616,All HRPs,359,226,189,37,133,40,2,7,32,52
S01010616,24 and under,3,3,0,3,0,0,0,0,0,0
S01010616,25 to 34,25,19,10,9,6,6,0,0,0,0
S01010616,35 to 49,107,68,54,14,39,16,1,4,18,0
S01010616,50 to 64,105,77,66,11,28,6,1,3,11,7
S01010616,65 to 74,52,29,29,0,23,3,0,0,2,18
S01010616,75 to 84,45,23,23,0,22,5,0,0,0,17
S01010616,85 and over,22,7,7,0,15,4,0,0,1,10
S01010617,All HRPs,360,243,206,37,117,37,4,10,28,38
S01010617,24 and under,3,0,0,0,3,2,0,1,0,0
S01010617,25 to 34,29,20,11,9,9,7,0,1,1,0
S01010617,35 to 49,121,86,67,19,35,11,2,5,16,1
S01010617,50 to 64,116,89,82,7,27,9,1,3,9,5
S01010617,65 to 74,51,33,31,2,18,5,0,0,1,12
S01010617,75 to 84,29,12,12,0,17,2,1,0,1,13
S01010617,85 and over,11,3,3,0,8,1,0,0,0,7
S01010618,All HRPs,307,210,175,35,97,37,0,8,31,21
S01010618,24 and under,6,2,0,2,4,3,0,0,1,0
S01010618,25 to 34,35,28,18,10,7,6,0,0,1,0
S01010618,35 to 49,95,60,48,12,35,16,0,6,13,0
S01010618,50 to 64,115,88,77,11,27,7,0,2,12,6
S01010618,65 to 74,33,21,21,0,12,3,0,0,4,5
S01010618,75 to 84,18,10,10,0,8,1,0,0,0,7
S01010618,85 and over,5,1,1,0,4,1,0,0,0,3
S01010619,All HRPs,318,116,51,65,202,130,7,18,35,12
S01010619,24 and under,33,8,0,8,25,24,0,0,0,1
S01010619,25 to 34,99,44,8,36,55,50,2,2,1,0
S01010619,35 to 49,105,30,15,15,75,46,3,11,15,0
S01010619,50 to 64,58,26,20,6,32,9,2,5,13,3
S01010619,65 to 74,8,3,3,0,5,0,0,0,3,2
S01010619,75 to 84,10,3,3,0,7,1,0,0,3,3
S01010619,85 and over,5,2,2,0,3,0,0,0,0,3
S01010620,All HRPs,369,95,28,67,274,193,8,19,40,14
S01010620,24 and under,85,21,0,21,64,59,0,5,0,0
S01010620,25 to 34,114,33,8,25,81,78,1,2,0,0
S01010620,35 to 49,96,28,9,19,68,37,4,7,18,2
S01010620,50 to 64,47,8,6,2,39,14,3,5,16,1
S01010620,65 to 74,16,2,2,0,14,4,0,0,5,5
S01010620,75 to 84,7,3,3,0,4,1,0,0,1,2
S01010620,85 and over,4,0,0,0,4,0,0,0,0,4
S01010621,All HRPs,432,216,163,53,216,120,6,11,44,35
S01010621,24 and under,36,7,0,7,29,29,0,0,0,0
S01010621,25 to 34,75,40,14,26,35,30,0,2,3,0
S01010621,35 to 49,117,61,48,13,56,40,3,3,9,1
S01010621,50 to 64,114,62,56,6,52,16,2,6,25,3
S01010621,65 to 74,49,30,29,1,19,5,0,0,5,9
S01010621,75 to 84,29,11,11,0,18,0,0,0,2,16
S01010621,85 and over,12,5,5,0,7,0,1,0,0,6
S01010622,All HRPs,333,107,73,34,226,111,4,16,48,47
S01010622,24 and under,18,5,1,4,13,13,0,0,0,0
S01010622,25 to 34,82,31,16,15,51,43,1,4,3,0
S01010622,35 to 49,79,33,22,11,46,30,0,5,11,0
S01010622,50 to 64,78,21,18,3,57,21,1,4,26,5
S01010622,65 to 74,32,9,8,1,23,2,0,3,3,15
S01010622,75 to 84,30,6,6,0,24,1,1,0,4,18
S01010622,85 and over,14,2,2,0,12,1,1,0,1,9
S01010623,All HRPs,278,207,193,14,71,27,4,18,12,10
S01010623,24 and under,30,23,23,0,7,5,0,2,0,0
S01010623,25 to 34,101,77,70,7,24,14,3,6,1,0
S01010623,35 to 49,92,69,64,5,23,6,1,10,6,0
S01010623,50 to 64,43,33,31,2,10,1,0,0,5,4
S01010623,65 to 74,7,4,4,0,3,1,0,0,0,2
S01010623,75 to 84,3,1,1,0,2,0,0,0,0,2
S01010623,85 and over,2,0,0,0,2,0,0,0,0,2
S01010624,All HRPs,244,120,100,20,124,48,3,11,31,31
S01010624,24 and under,7,1,0,1,6,6,0,0,0,0
S01010624,25 to 34,33,18,8,10,15,14,0,1,0,0
S01010624,35 to 49,74,42,34,8,32,15,3,6,5,3
S01010624,50 to 64,80,34,34,0,46,10,0,3,23,10
S01010624,65 to 74,21,13,13,0,8,0,0,1,2,5
S01010624,75 to 84,26,12,11,1,14,3,0,0,1,10
S01010624,85 and over,3,0,0,0,3,0,0,0,0,3
S01010625,All HRPs,333,221,202,19,112,27,2,4,17,62
S01010625,24 and under,2,0,0,0,2,2,0,0,0,0
S01010625,25 to 34,21,10,6,4,11,10,1,0,0,0
S01010625,35 to 49,76,57,49,8,19,8,1,3,5,2
S01010625,50 to 64,99,78,72,6,21,4,0,1,10,6
S01010625,65 to 74,69,46,45,1,23,2,0,0,2,19
S01010625,75 to 84,49,24,24,0,25,1,0,0,0,24
S01010625,85 and over,17,6,6,0,11,0,0,0,0,11
S01010626,All HRPs,368,233,212,21,135,32,3,7,29,64
S01010626,24 and under,2,1,1,0,1,1,0,0,0,0
S01010626,25 to 34,18,10,8,2,8,8,0,0,0,0
S01010626,35 to 49,71,55,44,11,16,6,1,2,5,2
S01010626,50 to 64,120,83,78,5,37,7,1,3,19,7
S01010626,65 to 74,66,40,38,2,26,5,1,1,3,16
S01010626,75 to 84,66,36,35,1,30,3,0,1,2,24
S01010626,85 and over,25,8,8,0,17,2,0,0,0,15
S01010627,All HRPs,401,155,113,42,246,142,11,9,43,41
S01010627,24 and under,25,0,0,0,25,25,0,0,0,0
S01010627,25 to 34,90,37,17,20,53,48,3,2,0,0
S01010627,35 to 49,95,42,28,14,53,38,2,2,11,0
S01010627,50 to 64,89,44,37,7,45,18,2,2,20,3
S01010627,65 to 74,46,19,18,1,27,2,3,3,9,10
S01010627,75 to 84,42,10,10,0,32,8,1,0,3,20
S01010627,85 and over,14,3,3,0,11,3,0,0,0,8
S01010628,All HRPs,472,178,125,53,294,153,11,13,36,81
S01010628,24 and under,29,7,1,6,22,22,0,0,0,0
S01010628,25 to 34,80,30,10,20,50,46,4,0,0,0
S01010628,35 to 49,127,57,41,16,70,48,2,8,12,0
S01010628,50 to 64,98,52,43,9,46,22,3,4,14,3
S01010628,65 to 74,47,22,20,2,25,5,2,1,5,12
S01010628,75 to 84,57,8,8,0,49,7,0,0,4,38
S01010628,85 and over,34,2,2,0,32,3,0,0,1,28
S01010629,All HRPs,445,193,161,32,252,97,4,21,52,78
S01010629,24 and under,9,0,0,0,9,9,0,0,0,0
S01010629,25 to 34,49,22,10,12,27,23,2,2,0,0
S01010629,35 to 49,114,58,45,13,56,27,1,10,16,2
S01010629,50 to 64,116,68,62,6,48,16,1,5,20,6
S01010629,65 to 74,64,28,27,1,36,8,0,4,11,13
S01010629,75 to 84,62,15,15,0,47,10,0,0,2,35
S01010629,85 and over,31,2,2,0,29,4,0,0,3,22
S01010630,All HRPs,252,114,85,29,138,74,2,13,24,25
S01010630,24 and under,11,3,0,3,8,8,0,0,0,0
S01010630,25 to 34,46,23,9,14,23,23,0,0,0,0
S01010630,35 to 49,81,34,26,8,47,29,2,5,11,0
S01010630,50 to 64,71,39,37,2,32,11,0,5,10,6
S01010630,65 to 74,22,7,6,1,15,2,0,2,3,8
S01010630,75 to 84,18,7,7,0,11,1,0,1,0,9
S01010630,85 and over,3,1,0,1,2,0,0,0,0,2
S01010631,All HRPs,326,120,64,56,206,114,3,15,35,39
S01010631,24 and under,22,9,0,9,13,13,0,0,0,0
S01010631,25 to 34,78,35,6,29,43,42,0,1,0,0
S01010631,35 to 49,75,28,16,12,47,32,0,5,10,0
S01010631,50 to 64,63,26,22,4,37,11,0,6,17,3
S01010631,65 to 74,27,8,6,2,19,8,2,0,5,4
S01010631,75 to 84,42,10,10,0,32,6,1,3,2,20
S01010631,85 and over,19,4,4,0,15,2,0,0,1,12
S01010632,All HRPs,486,192,138,54,294,108,1,31,63,91
S01010632,24 and under,17,10,1,9,7,7,0,0,0,0
S01010632,25 to 34,62,27,10,17,35,28,0,6,1,0
S01010632,35 to 49,110,52,35,17,58,30,0,11,16,1
S01010632,50 to 64,108,52,42,10,56,18,0,9,23,6
S01010632,65 to 74,80,26,26,0,54,13,0,3,18,20
S01010632,75 to 84,78,21,20,1,57,7,1,2,5,42
S01010632,85 and over,31,4,4,0,27,5,0,0,0,22
S01010633,All HRPs,476,182,129,53,294,105,7,18,70,94
S01010633,24 and under,16,8,2,6,8,8,0,0,0,0
S01010633,25 to 34,74,34,15,19,40,35,0,3,2,0
S01010633,35 to 49,114,53,37,16,61,32,2,9,13,5
S01010633,50 to 64,116,49,39,10,67,19,5,5,35,3
S01010633,65 to 74,59,19,17,2,40,5,0,1,15,19
S01010633,75 to 84,64,16,16,0,48,4,0,0,4,40
S01010633,85 and over,33,3,3,0,30,2,0,0,1,27
S01010634,All HRPs,264,134,102,32,130,42,3,8,29,48
S01010634,24 and under,5,4,1,3,1,1,0,0,0,0
S01010634,25 to 34,41,25,11,14,16,15,0,1,0,0
S01010634,35 to 49,62,41,31,10,21,11,0,3,5,2
S01010634,50 to 64,70,33,28,5,37,11,2,3,14,7
S01010634,65 to 74,39,15,15,0,24,3,0,1,7,13
S01010634,75 to 84,34,14,14,0,20,1,1,0,3,15
S01010634,85 and over,13,2,2,0,11,0,0,0,0,11
S01010635,All HRPs,351,154,117,37,197,61,5,13,59,59
S01010635,24 and under,5,3,0,3,2,2,0,0,0,0
S01010635,25 to 34,35,20,8,12,15,11,0,2,2,0
S01010635,35 to 49,105,51,36,15,54,25,1,8,18,2
S01010635,50 to 64,87,45,41,4,42,8,0,2,21,11
S01010635,65 to 74,64,21,18,3,43,13,0,1,16,13
S01010635,75 to 84,42,13,13,0,29,1,3,0,2,23
S01010635,85 and over,13,1,1,0,12,1,1,0,0,10
S01010636,All HRPs,386,197,150,47,189,85,2,14,39,49
S01010636,24 and under,9,6,2,4,3,3,0,0,0,0
S01010636,25 to 34,47,27,11,16,20,17,0,2,1,0
S01010636,35 to 49,108,65,49,16,43,24,0,7,12,0
S01010636,50 to 64,111,53,47,6,58,23,2,5,18,10
S01010636,65 to 74,57,27,23,4,30,11,0,0,6,13
S01010636,75 to 84,39,14,13,1,25,4,0,0,2,19
S01010636,85 and over,15,5,5,0,10,3,0,0,0,7
S01010637,All HRPs,352,84,50,34,268,138,6,25,54,45
S01010637,24 and under,19,7,1,6,12,12,0,0,0,0
S01010637,25 to 34,58,23,7,16,35,35,0,0,0,0
S01010637,35 to 49,85,18,11,7,67,49,3,4,10,1
S01010637,50 to 64,89,19,15,4,70,28,1,15,21,5
S01010637,65 to 74,43,8,8,0,35,6,2,5,11,11
S01010637,75 to 84,43,9,8,1,34,6,0,1,11,16
S01010637,85 and over,15,0,0,0,15,2,0,0,1,12
S01010638,All HRPs,417,166,127,39,251,88,6,11,50,96
S01010638,24 and under,12,4,1,3,8,8,0,0,0,0
S01010638,25 to 34,46,21,10,11,25,25,0,0,0,0
S01010638,35 to 49,83,43,31,12,40,20,0,3,17,0
S01010638,50 to 64,91,43,33,10,48,11,3,5,20,9
S01010638,65 to 74,74,31,28,3,43,8,2,3,8,22
S01010638,75 to 84,81,21,21,0,60,13,1,0,4,42
S01010638,85 and over,30,3,3,0,27,3,0,0,1,23
S01010639,All HRPs,555,218,129,89,337,172,7,25,79,54
S01010639,24 and under,47,14,1,13,33,32,0,0,1,0
S01010639,25 to 34,106,46,12,34,60,49,1,6,4,0
S01010639,35 to 49,154,65,33,32,89,50,2,9,27,1
S01010639,50 to 64,136,57,49,8,79,23,3,9,33,11
S01010639,65 to 74,47,17,15,2,30,10,1,1,8,10
S01010639,75 to 84,42,15,15,0,27,5,0,0,5,17
S01010639,85 and over,23,4,4,0,19,3,0,0,1,15
S01010640,All HRPs,411,152,94,58,259,156,2,23,46,32
S01010640,24 and under,36,11,1,10,25,24,0,1,0,0
S01010640,25 to 34,92,32,11,21,60,54,1,3,2,0
S01010640,35 to 49,126,40,27,13,86,54,0,10,21,1
S01010640,50 to 64,94,48,38,10,46,19,1,8,9,9
S01010640,65 to 74,34,11,8,3,23,5,0,1,13,4
S01010640,75 to 84,24,7,6,1,17,0,0,0,1,16
S01010640,85 and over,5,3,3,0,2,0,0,0,0,2
S01010641,All HRPs,531,165,82,83,366,189,5,35,85,52
S01010641,24 and under,31,10,0,10,21,21,0,0,0,0
S01010641,25 to 34,138,64,25,39,74,57,3,5,9,0
S01010641,35 to 49,153,42,21,21,111,72,0,13,26,0
S01010641,50 to 64,115,30,20,10,85,26,1,12,34,12
S01010641,65 to 74,46,9,7,2,37,8,1,5,12,11
S01010641,75 to 84,36,9,8,1,27,3,0,0,2,22
S01010641,85 and over,12,1,1,0,11,2,0,0,2,7
S01010642,All HRPs,451,156,107,49,295,150,9,24,54,58
S01010642,24 and under,24,4,1,3,20,20,0,0,0,0
S01010642,25 to 34,102,35,14,21,67,62,1,0,3,1
S01010642,35 to 49,143,58,39,19,85,48,1,13,19,4
S01010642,50 to 64,92,32,27,5,60,15,2,11,22,10
S01010642,65 to 74,46,18,17,1,28,3,2,0,7,16
S01010642,75 to 84,39,8,8,0,31,2,2,0,3,24
S01010642,85 and over,5,1,1,0,4,0,1,0,0,3
S01010643,All HRPs,287,124,71,53,163,89,1,17,41,15
S01010643,24 and under,26,14,2,12,12,12,0,0,0,0
S01010643,25 to 34,49,19,7,12,30,24,0,3,3,0
S01010643,35 to 49,110,49,30,19,61,36,0,9,15,1
S01010643,50 to 64,76,35,27,8,41,12,0,5,18,6
S01010643,65 to 74,20,5,3,2,15,5,1,0,5,4
S01010643,75 to 84,4,1,1,0,3,0,0,0,0,3
S01010643,85 and over,2,1,1,0,1,0,0,0,0,1
S01010644,All HRPs,346,90,57,33,256,131,1,27,66,31
S01010644,24 and under,30,2,0,2,28,28,0,0,0,0
S01010644,25 to 34,60,22,6,16,38,32,0,2,3,1
S01010644,35 to 49,113,29,22,7,84,50,1,9,21,3
S01010644,50 to 64,89,22,15,7,67,15,0,12,33,7
S01010644,65 to 74,37,10,9,1,27,5,0,4,7,11
S01010644,75 to 84,16,5,5,0,11,1,0,0,2,8
S01010644,85 and over,1,0,0,0,1,0,0,0,0,1
S01010645,All HRPs,278,144,104,40,134,68,1,11,29,25
S01010645,24 and under,9,3,0,3,6,6,0,0,0,0
S01010645,25 to 34,35,23,7,16,12,10,0,2,0,0
S01010645,35 to 49,96,44,27,17,52,35,1,7,9,0
S01010645,50 to 64,88,55,52,3,33,13,0,1,15,4
S01010645,65 to 74,25,12,11,1,13,3,0,0,3,7
S01010645,75 to 84,19,6,6,0,13,0,0,1,2,10
S01010645,85 and over,6,1,1,0,5,1,0,0,0,4
S01010646,All HRPs,287,183,163,20,104,41,4,6,27,26
S01010646,24 and under,1,0,0,0,1,1,0,0,0,0
S01010646,25 to 34,33,18,7,11,15,14,1,0,0,0
S01010646,35 to 49,69,40,34,6,29,17,1,2,9,0
S01010646,50 to 64,116,89,86,3,27,6,1,3,13,4
S01010646,65 to 74,28,17,17,0,11,2,0,1,2,6
S01010646,75 to 84,27,12,12,0,15,1,1,0,3,10
S01010646,85 and over,13,7,7,0,6,0,0,0,0,6
S01010647,All HRPs,306,158,127,31,148,66,3,11,29,39
S01010647,24 and under,11,3,0,3,8,8,0,0,0,0
S01010647,25 to 34,33,18,8,10,15,15,0,0,0,0
S01010647,35 to 49,83,40,28,12,43,26,0,7,7,3
S01010647,50 to 64,114,71,65,6,43,15,1,3,14,10
S01010647,65 to 74,31,15,15,0,16,1,0,1,6,8
S01010647,75 to 84,24,9,9,0,15,1,1,0,2,11
S01010647,85 and over,10,2,2,0,8,0,1,0,0,7
S01010648,All HRPs,306,157,127,30,149,68,1,7,43,30
S01010648,24 and under,9,2,0,2,7,6,0,0,1,0
S01010648,25 to 34,45,27,10,17,18,16,0,1,1,0
S01010648,35 to 49,70,39,32,7,31,24,0,2,5,0
S01010648,50 to 64,107,62,58,4,45,17,1,2,24,1
S01010648,65 to 74,44,15,15,0,29,4,0,2,8,15
S01010648,75 to 84,24,11,11,0,13,1,0,0,2,10
S01010648,85 and over,7,1,1,0,6,0,0,0,2,4
S01010649,All HRPs,280,147,111,36,133,38,1,11,26,57
S01010649,24 and under,7,4,1,3,3,3,0,0,0,0
S01010649,25 to 34,30,18,9,9,12,10,0,1,1,0
S01010649,35 to 49,71,44,24,20,27,15,0,5,7,0
S01010649,50 to 64,65,40,38,2,25,3,0,3,14,5
S01010649,65 to 74,43,29,28,1,14,3,0,1,1,9
S01010649,75 to 84,45,9,9,0,36,4,0,1,2,29
S01010649,85 and over,19,3,2,1,16,0,1,0,1,14
S01010650,All HRPs,196,111,83,28,85,34,3,6,32,10
S01010650,24 and under,3,2,1,1,1,1,0,0,0,0
S01010650,25 to 34,27,18,8,10,9,8,0,1,0,0
S01010650,35 to 49,66,44,33,11,22,9,1,2,8,2
S01010650,50 to 64,71,34,28,6,37,14,1,3,18,1
S01010650,65 to 74,18,9,9,0,9,1,1,0,5,2
S01010650,75 to 84,9,4,4,0,5,1,0,0,1,3
S01010650,85 and over,2,0,0,0,2,0,0,0,0,2
S01010651,All HRPs,295,148,119,29,147,36,2,14,49,46
S01010651,24 and under,7,0,0,0,7,7,0,0,0,0
S01010651,25 to 34,33,20,12,8,13,11,0,0,2,0
S01010651,35 to 49,69,39,26,13,30,10,0,6,14,0
S01010651,50 to 64,126,70,62,8,56,8,2,8,25,13
S01010651,65 to 74,32,13,13,0,19,0,0,0,6,13
S01010651,75 to 84,17,6,6,0,11,0,0,0,1,10
S01010651,85 and over,11,0,0,0,11,0,0,0,1,10
S01010652,All HRPs,309,185,146,39,124,47,0,23,39,15
S01010652,24 and under,10,7,1,6,3,2,0,1,0,0
S01010652,25 to 34,39,27,13,14,12,11,0,1,0,0
S01010652,35 to 49,96,51,43,8,45,20,0,10,14,1
S01010652,50 to 64,108,66,55,11,42,9,0,9,19,5
S01010652,65 to 74,37,24,24,0,13,3,0,1,6,3
S01010652,75 to 84,18,10,10,0,8,2,0,1,0,5
S01010652,85 and over,1,0,0,0,1,0,0,0,0,1
S01010653,All HRPs,300,157,114,43,143,65,1,9,37,31
S01010653,24 and under,6,2,0,2,4,4,0,0,0,0
S01010653,25 to 34,32,16,5,11,16,14,0,2,0,0
S01010653,35 to 49,80,40,22,18,40,28,0,2,10,0
S01010653,50 to 64,101,65,55,10,36,11,0,3,19,3
S01010653,65 to 74,42,19,17,2,23,6,0,2,6,9
S01010653,75 to 84,30,14,14,0,16,2,1,0,2,11
S01010653,85 and over,9,1,1,0,8,0,0,0,0,8
S01010654,All HRPs,348,155,120,35,193,71,0,17,70,35
S01010654,24 and under,10,4,2,2,6,6,0,0,0,0
S01010654,25 to 34,48,24,9,15,24,22,0,2,0,0
S01010654,35 to 49,98,51,41,10,47,20,0,9,17,1
S01010654,50 to 64,118,51,45,6,67,17,0,6,35,9
S01010654,65 to 74,47,19,17,2,28,4,0,0,12,12
S01010654,75 to 84,20,4,4,0,16,1,0,0,6,9
S01010654,85 and over,7,2,2,0,5,1,0,0,0,4
S01010655,All HRPs,380,245,204,41,135,43,3,12,27,50
S01010655,24 and under,1,1,0,1,0,0,0,0,0,0
S01010655,25 to 34,20,15,7,8,5,5,0,0,0,0
S01010655,35 to 49,130,96,76,20,34,18,1,6,8,1
S01010655,50 to 64,123,91,81,10,32,10,1,4,10,7
S01010655,65 to 74,52,25,24,1,27,3,0,1,7,16
S01010655,75 to 84,36,11,10,1,25,5,1,1,2,16
S01010655,85 and over,18,6,6,0,12,2,0,0,0,10
S01010656,All HRPs,182,118,100,18,64,22,3,12,13,14
S01010656,24 and under,4,1,1,0,3,3,0,0,0,0
S01010656,25 to 34,19,11,8,3,8,6,0,1,1,0
S01010656,35 to 49,59,39,30,9,20,6,2,5,6,1
S01010656,50 to 64,51,36,32,4,15,3,0,6,3,3
S01010656,65 to 74,26,18,16,2,8,3,1,0,2,2
S01010656,75 to 84,15,12,12,0,3,1,0,0,1,1
S01010656,85 and over,8,1,1,0,7,0,0,0,0,7
S01010657,All HRPs,248,190,168,22,58,21,2,5,9,21
S01010657,24 and under,3,0,0,0,3,3,0,0,0,0
S01010657,25 to 34,21,16,9,7,5,4,0,1,0,0
S01010657,35 to 49,71,58,47,11,13,6,0,2,5,0
S01010657,50 to 64,88,74,71,3,14,6,1,1,3,3
S01010657,65 to 74,39,30,29,1,9,2,0,1,1,5
S01010657,75 to 84,21,12,12,0,9,0,1,0,0,8
S01010657,85 and over,5,0,0,0,5,0,0,0,0,5
S01010658,All HRPs,296,199,171,28,97,29,4,12,22,30
S01010658,24 and under,1,1,0,1,0,0,0,0,0,0
S01010658,25 to 34,8,5,3,2,3,2,0,0,1,0
S01010658,35 to 49,83,54,41,13,29,12,0,5,10,2
S01010658,50 to 64,122,92,80,12,30,9,3,3,7,8
S01010658,65 to 74,55,34,34,0,21,4,1,4,3,9
S01010658,75 to 84,17,9,9,0,8,2,0,0,1,5
S01010658,85 and over,10,4,4,0,6,0,0,0,0,6
S01010659,All HRPs,276,187,162,25,89,29,3,9,19,29
S01010659,24 and under,2,2,0,2,0,0,0,0,0,0
S01010659,25 to 34,18,11,8,3,7,6,1,0,0,0
S01010659,35 to 49,82,54,41,13,28,13,2,5,8,0
S01010659,50 to 64,95,68,63,5,27,7,0,4,11,5
S01010659,65 to 74,45,38,37,1,7,1,0,0,0,6
S01010659,75 to 84,28,13,12,1,15,2,0,0,0,13
S01010659,85 and over,6,1,1,0,5,0,0,0,0,5
S01010660,All HRPs,285,138,113,25,147,46,1,9,36,55
S01010660,24 and under,5,1,0,1,4,4,0,0,0,0
S01010660,25 to 34,20,14,9,5,6,6,0,0,0,0
S01010660,35 to 49,76,46,32,14,30,16,0,4,8,2
S01010660,50 to 64,80,42,39,3,38,10,0,5,20,3
S01010660,65 to 74,45,15,14,1,30,5,0,0,5,20
S01010660,75 to 84,41,15,14,1,26,5,1,0,1,19
S01010660,85 and over,18,5,5,0,13,0,0,0,2,11
S01010661,All HRPs,307,138,93,45,169,63,2,11,34,59
S01010661,24 and under,10,5,0,5,5,5,0,0,0,0
S01010661,25 to 34,33,17,6,11,16,15,0,1,0,0
S01010661,35 to 49,73,35,19,16,38,22,0,3,12,1
S01010661,50 to 64,92,56,45,11,36,11,1,6,10,8
S01010661,65 to 74,42,14,12,2,28,4,0,1,7,16
S01010661,75 to 84,43,11,11,0,32,4,1,0,5,22
S01010661,85 and over,14,0,0,0,14,2,0,0,0,12
S01010662,All HRPs,310,201,175,26,109,28,4,13,27,37
S01010662,24 and under,1,0,0,0,1,1,0,0,0,0
S01010662,25 to 34,20,16,11,5,4,3,0,0,1,0
S01010662,35 to 49,95,61,47,14,34,10,2,9,10,3
S01010662,50 to 64,110,84,77,7,26,7,0,3,9,7
S01010662,65 to 74,36,21,21,0,15,2,0,0,6,7
S01010662,75 to 84,40,17,17,0,23,4,1,1,1,16
S01010662,85 and over,8,2,2,0,6,1,1,0,0,4
S01010663,All HRPs,381,272,250,22,109,36,4,14,16,39
S01010663,24 and under,1,1,0,1,0,0,0,0,0,0
S01010663,25 to 34,25,18,14,4,7,5,0,2,0,0
S01010663,35 to 49,90,70,65,5,20,11,1,4,3,1
S01010663,50 to 64,152,117,109,8,35,8,1,7,10,9
S01010663,65 to 74,62,41,41,0,21,4,2,1,2,12
S01010663,75 to 84,40,22,18,4,18,7,0,0,0,11
S01010663,85 and over,11,3,3,0,8,1,0,0,1,6
S01010664,All HRPs,337,233,193,40,104,33,6,10,25,30
S01010664,24 and under,3,1,0,1,2,2,0,0,0,0
S01010664,25 to 34,14,12,5,7,2,2,0,0,0,0
S01010664,35 to 49,109,75,57,18,34,14,2,4,11,3
S01010664,50 to 64,116,87,76,11,29,10,2,5,8,4
S01010664,65 to 74,53,36,35,1,17,3,1,1,4,8
S01010664,75 to 84,31,18,17,1,13,1,1,0,2,9
S01010664,85 and over,11,4,3,1,7,1,0,0,0,6
S01010665,All HRPs,430,242,198,44,188,53,5,20,55,55
S01010665,24 and under,1,0,0,0,1,1,0,0,0,0
S01010665,25 to 34,26,10,3,7,16,11,2,3,0,0
S01010665,35 to 49,119,77,60,17,42,20,0,8,13,1
S01010665,50 to 64,150,97,81,16,53,13,1,6,23,10
S01010665,65 to 74,67,32,30,2,35,5,0,3,11,16
S01010665,75 to 84,50,23,21,2,27,1,2,0,7,17
S01010665,85 and over,17,3,3,0,14,2,0,0,1,11
S01010666,All HRPs,416,242,195,47,174,39,9,14,48,64
S01010666,24 and under,1,0,0,0,1,1,0,0,0,0
S01010666,25 to 34,28,17,4,13,11,10,1,0,0,0
S01010666,35 to 49,123,89,66,23,34,18,1,5,8,2
S01010666,50 to 64,124,82,73,9,42,5,4,5,21,7
S01010666,65 to 74,67,35,34,1,32,3,0,3,11,15
S01010666,75 to 84,56,13,12,1,43,2,2,1,7,31
S01010666,85 and over,17,6,6,0,11,0,1,0,1,9
S01010667,All HRPs,288,196,166,30,92,30,9,12,23,18
S01010667,24 and under,3,1,0,1,2,2,0,0,0,0
S01010667,25 to 34,22,15,8,7,7,6,1,0,0,0
S01010667,35 to 49,73,49,39,10,24,9,3,5,7,0
S01010667,50 to 64,113,86,74,12,27,8,1,7,9,2
S01010667,65 to 74,42,27,27,0,15,2,1,0,6,6
S01010667,75 to 84,30,13,13,0,17,3,3,0,1,10
S01010667,85 and over,5,5,5,0,0,0,0,0,0,0
S01010668,All HRPs,503,311,248,63,192,59,3,13,42,75
S01010668,24 and under,13,6,0,6,7,7,0,0,0,0
S01010668,25 to 34,38,22,8,14,16,15,1,0,0,0
S01010668,35 to 49,119,87,60,27,32,19,1,3,8,1
S01010668,50 to 64,166,119,105,14,47,7,1,5,22,12
S01010668,65 to 74,87,45,43,2,42,6,0,4,9,23
S01010668,75 to 84,59,24,24,0,35,2,0,1,3,29
S01010668,85 and over,21,8,8,0,13,3,0,0,0,10
S01010669,All HRPs,266,155,126,29,111,30,7,5,28,41
S01010669,24 and under,1,0,0,0,1,1,0,0,0,0
S01010669,25 to 34,18,9,3,6,9,9,0,0,0,0
S01010669,35 to 49,65,47,35,12,18,8,2,2,5,1
S01010669,50 to 64,89,64,56,8,25,2,0,1,17,5
S01010669,65 to 74,41,15,12,3,26,4,4,1,3,14
S01010669,75 to 84,35,13,13,0,22,4,0,1,2,15
S01010669,85 and over,17,7,7,0,10,2,1,0,1,6
S01010670,All HRPs,296,181,151,30,115,36,4,15,25,35
S01010670,24 and under,3,2,0,2,1,1,0,0,0,0
S01010670,25 to 34,16,10,4,6,6,5,0,1,0,0
S01010670,35 to 49,84,60,48,12,24,12,0,3,9,0
S01010670,50 to 64,115,70,61,9,45,13,3,11,12,6
S01010670,65 to 74,39,26,25,1,13,4,1,0,3,5
S01010670,75 to 84,31,11,11,0,20,0,0,0,1,19
S01010670,85 and over,8,2,2,0,6,1,0,0,0,5
S01010671,All HRPs,329,184,158,26,145,53,9,7,41,35
S01010671,24 and under,4,2,0,2,2,2,0,0,0,0
S01010671,25 to 34,20,7,4,3,13,12,0,0,1,0
S01010671,35 to 49,93,48,35,13,45,19,1,4,20,1
S01010671,50 to 64,118,75,71,4,43,11,7,3,13,9
S01010671,65 to 74,55,37,34,3,18,4,0,0,5,9
S01010671,75 to 84,33,14,13,1,19,4,1,0,2,12
S01010671,85 and over,6,1,1,0,5,1,0,0,0,4
S01010672,All HRPs,321,129,105,24,192,76,5,17,36,58
S01010672,24 and under,12,2,1,1,10,10,0,0,0,0
S01010672,25 to 34,31,12,5,7,19,14,1,2,2,0
S01010672,35 to 49,98,35,25,10,63,36,1,7,13,6
S01010672,50 to 64,100,49,43,6,51,11,1,7,17,15
S01010672,65 to 74,32,14,14,0,18,3,0,0,1,14
S01010672,75 to 84,36,12,12,0,24,2,2,1,2,17
S01010672,85 and over,12,5,5,0,7,0,0,0,1,6
S01010673,All HRPs,419,225,168,57,194,75,7,18,47,47
S01010673,24 and under,11,8,0,8,3,3,0,0,0,0
S01010673,25 to 34,34,17,6,11,17,15,1,1,0,0
S01010673,35 to 49,100,54,40,14,46,25,2,9,9,1
S01010673,50 to 64,159,91,72,19,68,20,1,8,29,10
S01010673,65 to 74,67,37,33,4,30,7,2,0,6,15
S01010673,75 to 84,34,13,12,1,21,3,1,0,3,14
S01010673,85 and over,14,5,5,0,9,2,0,0,0,7
S01010674,All HRPs,419,236,198,38,183,81,7,19,36,40
S01010674,24 and under,10,2,0,2,8,7,0,1,0,0
S01010674,25 to 34,37,20,12,8,17,15,2,0,0,0
S01010674,35 to 49,134,85,64,21,49,27,1,11,9,1
S01010674,50 to 64,145,82,76,6,63,22,3,7,22,9
S01010674,65 to 74,61,38,37,1,23,8,0,0,5,10
S01010674,75 to 84,23,7,7,0,16,1,0,0,0,15
S01010674,85 and over,9,2,2,0,7,1,1,0,0,5
S01010675,All HRPs,273,182,152,30,91,39,1,7,17,27
S01010675,24 and under,1,1,0,1,0,0,0,0,0,0
S01010675,25 to 34,15,8,2,6,7,7,0,0,0,0
S01010675,35 to 49,61,51,36,15,10,7,0,2,1,0
S01010675,50 to 64,100,74,66,8,26,11,0,3,9,3
S01010675,65 to 74,57,32,32,0,25,8,1,1,4,11
S01010675,75 to 84,26,14,14,0,12,1,0,1,2,8
S01010675,85 and over,13,2,2,0,11,5,0,0,1,5
S01010676,All HRPs,392,227,195,32,165,72,3,15,33,42
S01010676,24 and under,14,1,0,1,13,13,0,0,0,0
S01010676,25 to 34,27,13,8,5,14,13,0,0,1,0
S01010676,35 to 49,88,65,51,14,23,16,0,2,4,1
S01010676,50 to 64,145,89,78,11,56,17,2,6,22,9
S01010676,65 to 74,70,42,41,1,28,7,0,5,4,12
S01010676,75 to 84,39,15,15,0,24,5,1,2,1,15
S01010676,85 and over,9,2,2,0,7,1,0,0,1,5
S01010677,All HRPs,224,138,128,10,86,22,2,13,12,37
S01010677,24 and under,1,1,1,0,0,0,0,0,0,0
S01010677,25 to 34,13,7,7,0,6,5,0,1,0,0
S01010677,35 to 49,43,28,25,3,15,4,1,7,3,0
S01010677,50 to 64,88,59,54,5,29,8,1,4,8,8
S01010677,65 to 74,35,25,23,2,10,3,0,1,1,5
S01010677,75 to 84,28,12,12,0,16,2,0,0,0,14
S01010677,85 and over,16,6,6,0,10,0,0,0,0,10
S01010678,All HRPs,273,159,145,14,114,40,8,8,18,40
S01010678,24 and under,2,1,1,0,1,1,0,0,0,0
S01010678,25 to 34,5,5,3,2,0,0,0,0,0,0
S01010678,35 to 49,76,50,45,5,26,14,3,4,4,1
S01010678,50 to 64,103,69,64,5,34,12,3,2,10,7
S01010678,65 to 74,46,22,20,2,24,7,1,1,3,12
S01010678,75 to 84,32,8,8,0,24,6,1,1,1,15
S01010678,85 and over,9,4,4,0,5,0,0,0,0,5
S01010679,All HRPs,282,133,111,22,149,63,4,12,29,41
S01010679,24 and under,10,3,1,2,7,7,0,0,0,0
S01010679,25 to 34,28,13,7,6,15,11,0,3,1,0
S01010679,35 to 49,60,23,17,6,37,25,0,4,6,2
S01010679,50 to 64,103,63,56,7,40,9,1,5,21,4
S01010679,65 to 74,32,18,17,1,14,1,0,0,1,12
S01010679,75 to 84,39,12,12,0,27,8,3,0,0,16
S01010679,85 and over,10,1,1,0,9,2,0,0,0,7
S01010680,All HRPs,315,133,110,23,182,59,5,18,44,56
S01010680,24 and under,10,3,0,3,7,7,0,0,0,0
S01010680,25 to 34,30,13,6,7,17,15,0,2,0,0
S01010680,35 to 49,72,36,33,3,36,15,0,6,14,1
S01010680,50 to 64,110,56,48,8,54,14,2,8,20,10
S01010680,65 to 74,41,18,17,1,23,6,1,2,5,9
S01010680,75 to 84,33,4,4,0,29,1,0,0,3,25
S01010680,85 and over,19,3,2,1,16,1,2,0,2,11
S01010681,All HRPs,461,222,160,62,239,118,0,25,57,39
S01010681,24 and under,31,6,1,5,25,24,0,1,0,0
S01010681,25 to 34,83,50,31,19,33,27,0,5,1,0
S01010681,35 to 49,152,87,57,30,65,33,0,12,19,1
S01010681,50 to 64,129,59,51,8,70,26,0,5,30,9
S01010681,65 to 74,38,12,12,0,26,6,0,1,6,13
S01010681,75 to 84,18,4,4,0,14,2,0,1,1,10
S01010681,85 and over,10,4,4,0,6,0,0,0,0,6
S01010682,All HRPs,398,268,241,27,130,40,9,13,34,34
S01010682,24 and under,4,4,0,4,0,0,0,0,0,0
S01010682,25 to 34,35,26,16,10,9,5,3,0,1,0
S01010682,35 to 49,114,85,79,6,29,14,2,5,8,0
S01010682,50 to 64,141,95,90,5,46,17,2,7,16,4
S01010682,65 to 74,70,43,41,2,27,4,1,1,7,14
S01010682,75 to 84,25,12,12,0,13,0,1,0,0,12
S01010682,85 and over,9,3,3,0,6,0,0,0,2,4
S01010683,All HRPs,423,266,226,40,157,66,10,3,20,58
S01010683,24 and under,6,3,1,2,3,3,0,0,0,0
S01010683,25 to 34,27,17,9,8,10,9,1,0,0,0
S01010683,35 to 49,96,75,58,17,21,15,3,1,2,0
S01010683,50 to 64,157,111,100,11,46,19,1,1,15,10
S01010683,65 to 74,72,39,37,2,33,9,3,1,1,19
S01010683,75 to 84,49,19,19,0,30,7,2,0,2,19
S01010683,85 and over,16,2,2,0,14,4,0,0,0,10
S01010684,All HRPs,361,225,200,25,136,37,4,14,26,55
S01010684,24 and under,2,1,0,1,1,1,0,0,0,0
S01010684,25 to 34,18,9,3,6,9,7,0,2,0,0
S01010684,35 to 49,69,44,38,6,25,13,1,0,7,4
S01010684,50 to 64,138,102,94,8,36,5,3,9,9,10
S01010684,65 to 74,82,50,46,4,32,7,0,3,10,12
S01010684,75 to 84,37,16,16,0,21,3,0,0,0,18
S01010684,85 and over,15,3,3,0,12,1,0,0,0,11
S01010685,All HRPs,294,177,145,32,117,28,5,9,30,45
S01010685,24 and under,2,2,0,2,0,0,0,0,0,0
S01010685,25 to 34,15,8,5,3,7,5,0,2,0,0
S01010685,35 to 49,60,40,26,14,20,11,1,4,3,1
S01010685,50 to 64,114,81,69,12,33,3,3,2,18,7
S01010685,65 to 74,54,30,30,0,24,7,1,1,6,9
S01010685,75 to 84,29,11,11,0,18,1,0,0,3,14
S01010685,85 and over,20,5,4,1,15,1,0,0,0,14
S01010686,All HRPs,309,182,157,25,127,48,4,8,26,41
S01010686,24 and under,4,4,1,3,0,0,0,0,0,0
S01010686,25 to 34,15,6,3,3,9,8,0,0,1,0
S01010686,35 to 49,79,58,49,9,21,11,2,2,5,1
S01010686,50 to 64,109,70,62,8,39,14,0,3,17,5
S01010686,65 to 74,57,30,28,2,27,7,1,2,1,16
S01010686,75 to 84,36,13,13,0,23,5,1,1,0,16
S01010686,85 and over,9,1,1,0,8,3,0,0,2,3
S01010687,All HRPs,379,216,183,33,163,63,10,11,30,49
S01010687,24 and under,2,1,0,1,1,1,0,0,0,0
S01010687,25 to 34,25,18,8,10,7,6,0,1,0,0
S01010687,35 to 49,78,57,45,12,21,14,0,0,5,2
S01010687,50 to 64,137,79,71,8,58,25,5,7,17,4
S01010687,65 to 74,70,37,36,1,33,9,4,2,8,10
S01010687,75 to 84,45,19,18,1,26,8,0,1,0,17
S01010687,85 and over,22,5,5,0,17,0,1,0,0,16
S01010688,All HRPs,335,179,142,37,156,56,9,15,39,37
S01010688,24 and under,4,1,1,0,3,3,0,0,0,0
S01010688,25 to 34,20,11,8,3,9,8,0,1,0,0
S01010688,35 to 49,75,45,30,15,30,14,3,5,7,1
S01010688,50 to 64,116,60,45,15,56,19,3,8,19,7
S01010688,65 to 74,77,43,40,3,34,9,1,1,12,11
S01010688,75 to 84,31,13,12,1,18,3,1,0,0,14
S01010688,85 and over,12,6,6,0,6,0,1,0,1,4
S01010689,All HRPs,378,224,190,34,154,40,4,13,28,69
S01010689,24 and under,2,0,0,0,2,2,0,0,0,0
S01010689,25 to 34,15,12,4,8,3,3,0,0,0,0
S01010689,35 to 49,77,50,32,18,27,11,2,6,8,0
S01010689,50 to 64,110,77,71,6,33,11,2,5,9,6
S01010689,65 to 74,83,48,47,1,35,6,0,2,6,21
S01010689,75 to 84,68,33,32,1,35,6,0,0,5,24
S01010689,85 and over,23,4,4,0,19,1,0,0,0,18
S01010690,All HRPs,330,148,112,36,182,57,2,15,45,63
S01010690,24 and under,7,4,1,3,3,3,0,0,0,0
S01010690,25 to 34,33,19,10,9,14,11,1,0,2,0
S01010690,35 to 49,76,43,27,16,33,17,0,5,10,1
S01010690,50 to 64,99,53,49,4,46,17,0,8,18,3
S01010690,65 to 74,35,13,11,2,22,4,0,0,11,7
S01010690,75 to 84,54,15,13,2,39,3,1,2,4,29
S01010690,85 and over,26,1,1,0,25,2,0,0,0,23
S01010691,All HRPs,325,207,170,37,118,36,7,16,19,40
S01010691,24 and under,1,0,0,0,1,1,0,0,0,0
S01010691,25 to 34,16,13,3,10,3,3,0,0,0,0
S01010691,35 to 49,85,58,40,18,27,16,2,6,1,2
S01010691,50 to 64,123,85,77,8,38,5,3,8,16,6
S01010691,65 to 74,58,34,33,1,24,8,1,2,0,13
S01010691,75 to 84,32,12,12,0,20,3,1,0,2,14
S01010691,85 and over,10,5,5,0,5,0,0,0,0,5
S01010692,All HRPs,307,172,133,39,135,55,2,13,38,27
S01010692,24 and under,12,5,1,4,7,7,0,0,0,0
S01010692,25 to 34,36,23,12,11,13,11,0,1,1,0
S01010692,35 to 49,108,63,45,18,45,24,0,4,13,4
S01010692,50 to 64,86,52,48,4,34,8,1,6,12,7
S01010692,65 to 74,31,15,14,1,16,0,1,2,9,4
S01010692,75 to 84,25,12,11,1,13,4,0,0,2,7
S01010692,85 and over,9,2,2,0,7,1,0,0,1,5
S01010693,All HRPs,216,135,122,13,81,27,2,4,24,24
S01010693,24 and under,0,0,0,0,0,0,0,0,0,0
S01010693,25 to 34,9,4,4,0,5,4,0,1,0,0
S01010693,35 to 49,58,35,30,5,23,13,0,2,8,0
S01010693,50 to 64,78,56,49,7,22,7,0,0,11,4
S01010693,65 to 74,44,27,26,1,17,2,2,1,4,8
S01010693,75 to 84,23,11,11,0,12,0,0,0,1,11
S01010693,85 and over,4,2,2,0,2,1,0,0,0,1
S01010694,All HRPs,270,159,141,18,111,26,5,7,28,45
S01010694,24 and under,0,0,0,0,0,0,0,0,0,0
S01010694,25 to 34,11,8,6,2,3,2,0,1,0,0
S01010694,35 to 49,49,31,28,3,18,5,0,2,9,2
S01010694,50 to 64,100,68,57,11,32,12,3,2,11,4
S01010694,65 to 74,53,26,25,1,27,4,1,2,7,13
S01010694,75 to 84,48,24,23,1,24,2,1,0,1,20
S01010694,85 and over,9,2,2,0,7,1,0,0,0,6
S01010695,All HRPs,304,201,171,30,103,40,1,13,26,23
S01010695,24 and under,3,0,0,0,3,3,0,0,0,0
S01010695,25 to 34,22,12,5,7,10,7,0,3,0,0
S01010695,35 to 49,78,52,35,17,26,16,0,5,4,1
S01010695,50 to 64,111,80,75,5,31,6,1,5,16,3
S01010695,65 to 74,50,38,37,1,12,4,0,0,4,4
S01010695,75 to 84,36,19,19,0,17,3,0,0,2,12
S01010695,85 and over,4,0,0,0,4,1,0,0,0,3
S01010696,All HRPs,402,253,199,54,149,63,4,18,25,39
S01010696,24 and under,9,2,0,2,7,7,0,0,0,0
S01010696,25 to 34,44,26,12,14,18,15,0,2,1,0
S01010696,35 to 49,120,85,63,22,35,17,1,11,6,0
S01010696,50 to 64,109,73,63,10,36,14,3,5,8,6
S01010696,65 to 74,55,37,33,4,18,4,0,0,7,7
S01010696,75 to 84,45,28,26,2,17,4,0,0,2,11
S01010696,85 and over,20,2,2,0,18,2,0,0,1,15
S01010697,All HRPs,458,292,249,43,166,60,4,18,27,57
S01010697,24 and under,8,3,3,0,5,5,0,0,0,0
S01010697,25 to 34,28,16,9,7,12,11,0,0,1,0
S01010697,35 to 49,139,98,69,29,41,21,0,6,9,5
S01010697,50 to 64,139,91,86,5,48,15,3,12,12,6
S01010697,65 to 74,90,52,50,2,38,5,1,0,4,28
S01010697,75 to 84,44,28,28,0,16,3,0,0,0,13
S01010697,85 and over,10,4,4,0,6,0,0,0,1,5
S01010698,All HRPs,338,182,148,34,156,53,6,25,27,45
S01010698,24 and under,4,2,0,2,2,2,0,0,0,0
S01010698,25 to 34,25,12,9,3,13,9,0,3,0,1
S01010698,35 to 49,84,43,30,13,41,15,1,12,11,2
S01010698,50 to 64,124,78,64,14,46,17,3,5,12,9
S01010698,65 to 74,65,37,36,1,28,6,2,5,2,13
S01010698,75 to 84,26,8,7,1,18,2,0,0,2,14
S01010698,85 and over,10,2,2,0,8,2,0,0,0,6
S01010699,All HRPs,250,167,135,32,83,29,3,10,24,17
S01010699,24 and under,4,3,0,3,1,1,0,0,0,0
S01010699,25 to 34,22,13,3,10,9,7,0,0,1,1
S01010699,35 to 49,87,58,50,8,29,14,2,6,6,1
S01010699,50 to 64,89,65,54,11,24,5,1,3,13,2
S01010699,65 to 74,30,20,20,0,10,1,0,1,3,5
S01010699,75 to 84,11,5,5,0,6,0,0,0,1,5
S01010699,85 and over,7,3,3,0,4,1,0,0,0,3
S01010700,All HRPs,258,169,150,19,89,25,3,12,19,30
S01010700,24 and under,2,0,0,0,2,2,0,0,0,0
S01010700,25 to 34,20,12,7,5,8,6,1,1,0,0
S01010700,35 to 49,72,50,42,8,22,11,1,5,5,0
S01010700,50 to 64,91,68,62,6,23,3,0,4,10,6
S01010700,65 to 74,38,28,28,0,10,0,1,2,0,7
S01010700,75 to 84,24,7,7,0,17,3,0,0,4,10
S01010700,85 and over,11,4,4,0,7,0,0,0,0,7
S01010701,All HRPs,432,267,205,62,165,56,2,13,45,49
S01010701,24 and under,9,4,0,4,5,5,0,0,0,0
S01010701,25 to 34,51,37,12,25,14,13,0,1,0,0
S01010701,35 to 49,126,91,69,22,35,16,1,4,12,2
S01010701,50 to 64,140,91,81,10,49,13,0,7,22,7
S01010701,65 to 74,54,26,25,1,28,5,0,1,8,14
S01010701,75 to 84,33,14,14,0,19,3,1,0,3,12
S01010701,85 and over,19,4,4,0,15,1,0,0,0,14
S01010702,All HRPs,417,293,248,45,124,34,4,11,30,45
S01010702,24 and under,0,0,0,0,0,0,0,0,0,0
S01010702,25 to 34,20,19,6,13,1,1,0,0,0,0
S01010702,35 to 49,97,72,56,16,25,15,0,3,6,1
S01010702,50 to 64,169,123,113,10,46,11,4,7,19,5
S01010702,65 to 74,69,51,46,5,18,4,0,1,4,9
S01010702,75 to 84,46,22,21,1,24,3,0,0,1,20
S01010702,85 and over,16,6,6,0,10,0,0,0,0,10
S01010703,All HRPs,341,242,209,33,99,30,1,11,15,42
S01010703,24 and under,1,1,0,1,0,0,0,0,0,0
S01010703,25 to 34,25,19,8,11,6,2,0,3,1,0
S01010703,35 to 49,90,64,53,11,26,15,1,4,5,1
S01010703,50 to 64,115,89,81,8,26,6,0,3,8,9
S01010703,65 to 74,63,45,44,1,18,1,0,1,0,16
S01010703,75 to 84,38,22,21,1,16,4,0,0,1,11
S01010703,85 and over,9,2,2,0,7,2,0,0,0,5
S01010704,All HRPs,300,161,137,24,139,54,2,10,30,43
S01010704,24 and under,2,1,0,1,1,1,0,0,0,0
S01010704,25 to 34,33,15,8,7,18,16,0,0,2,0
S01010704,35 to 49,83,53,41,12,30,13,0,3,11,3
S01010704,50 to 64,75,44,40,4,31,9,1,6,12,3
S01010704,65 to 74,56,29,29,0,27,10,0,1,4,12
S01010704,75 to 84,39,15,15,0,24,5,1,0,1,17
S01010704,85 and over,12,4,4,0,8,0,0,0,0,8
S01010705,All HRPs,463,293,234,59,170,63,1,13,39,54
S01010705,24 and under,14,8,1,7,6,6,0,0,0,0
S01010705,25 to 34,65,38,14,24,27,21,0,4,2,0
S01010705,35 to 49,140,102,83,19,38,14,1,6,17,0
S01010705,50 to 64,118,84,79,5,34,13,0,3,14,4
S01010705,65 to 74,62,42,39,3,20,4,0,0,4,12
S01010705,75 to 84,44,13,13,0,31,4,0,0,2,25
S01010705,85 and over,20,6,5,1,14,1,0,0,0,13
S01010706,All HRPs,293,161,128,33,132,52,1,13,36,30
S01010706,24 and under,12,4,1,3,8,8,0,0,0,0
S01010706,25 to 34,54,39,19,20,15,13,0,1,1,0
S01010706,35 to 49,90,44,36,8,46,20,1,6,18,1
S01010706,50 to 64,79,49,47,2,30,5,0,5,14,6
S01010706,65 to 74,26,15,15,0,11,4,0,1,1,5
S01010706,75 to 84,26,6,6,0,20,2,0,0,2,16
S01010706,85 and over,6,4,4,0,2,0,0,0,0,2
S01010707,All HRPs,265,198,171,27,67,21,2,8,9,27
S01010707,24 and under,5,3,1,2,2,1,1,0,0,0
S01010707,25 to 34,14,11,4,7,3,3,0,0,0,0
S01010707,35 to 49,72,62,49,13,10,3,1,4,2,0
S01010707,50 to 64,89,70,67,3,19,7,0,3,3,6
S01010707,65 to 74,50,37,36,1,13,2,0,1,1,9
S01010707,75 to 84,30,14,13,1,16,5,0,0,3,8
S01010707,85 and over,5,1,1,0,4,0,0,0,0,4
S01010708,All HRPs,252,129,102,27,123,37,2,10,23,51
S01010708,24 and under,5,1,0,1,4,4,0,0,0,0
S01010708,25 to 34,22,16,10,6,6,4,1,1,0,0
S01010708,35 to 49,60,36,24,12,24,10,0,6,6,2
S01010708,50 to 64,83,47,41,6,36,10,0,3,14,9
S01010708,65 to 74,39,18,17,1,21,7,1,0,3,10
S01010708,75 to 84,31,10,9,1,21,0,0,0,0,21
S01010708,85 and over,12,1,1,0,11,2,0,0,0,9
S01010709,All HRPs,299,196,157,39,103,24,1,9,19,50
S01010709,24 and under,1,1,0,1,0,0,0,0,0,0
S01010709,25 to 34,32,23,9,14,9,9,0,0,0,0
S01010709,35 to 49,97,77,60,17,20,7,1,6,5,1
S01010709,50 to 64,86,61,58,3,25,4,0,3,10,8
S01010709,65 to 74,40,17,13,4,23,4,0,0,3,16
S01010709,75 to 84,30,15,15,0,15,0,0,0,1,14
S01010709,85 and over,13,2,2,0,11,0,0,0,0,11
S01010710,All HRPs,316,168,132,36,148,50,0,11,32,55
S01010710,24 and under,14,5,0,5,9,9,0,0,0,0
S01010710,25 to 34,39,24,12,12,15,13,0,2,0,0
S01010710,35 to 49,69,38,24,14,31,16,0,3,11,1
S01010710,50 to 64,108,65,60,5,43,7,0,5,17,14
S01010710,65 to 74,38,23,23,0,15,0,0,0,2,13
S01010710,75 to 84,34,13,13,0,21,3,0,1,1,16
S01010710,85 and over,14,0,0,0,14,2,0,0,1,11
S01010711,All HRPs,319,218,201,17,101,25,4,7,13,52
S01010711,24 and under,5,0,0,0,5,5,0,0,0,0
S01010711,25 to 34,24,16,13,3,8,6,1,1,0,0
S01010711,35 to 49,81,67,57,10,14,6,1,3,3,1
S01010711,50 to 64,111,88,84,4,23,6,1,3,7,6
S01010711,65 to 74,44,27,27,0,17,0,0,0,2,15
S01010711,75 to 84,39,17,17,0,22,2,1,0,1,18
S01010711,85 and over,15,3,3,0,12,0,0,0,0,12
S01010712,All HRPs,269,162,127,35,107,37,0,9,33,28
S01010712,24 and under,7,5,3,2,2,2,0,0,0,0
S01010712,25 to 34,34,18,7,11,16,16,0,0,0,0
S01010712,35 to 49,94,64,49,15,30,11,0,6,13,0
S01010712,50 to 64,79,48,42,6,31,5,0,3,16,7
S01010712,65 to 74,29,18,17,1,11,1,0,0,2,8
S01010712,75 to 84,19,8,8,0,11,2,0,0,2,7
S01010712,85 and over,7,1,1,0,6,0,0,0,0,6
S01010713,All HRPs,322,190,137,53,132,41,1,9,40,41
S01010713,24 and under,10,3,1,2,7,7,0,0,0,0
S01010713,25 to 34,50,41,20,21,9,8,0,1,0,0
S01010713,35 to 49,83,51,31,20,32,13,1,3,14,1
S01010713,50 to 64,108,70,60,10,38,9,0,3,20,6
S01010713,65 to 74,36,12,12,0,24,3,0,2,4,15
S01010713,75 to 84,29,12,12,0,17,0,0,0,2,15
S01010713,85 and over,6,1,1,0,5,1,0,0,0,4
S01010714,All HRPs,380,138,95,43,242,88,5,14,65,70
S01010714,24 and under,18,6,1,5,12,11,0,1,0,0
S01010714,25 to 34,50,22,4,18,28,21,0,5,2,0
S01010714,35 to 49,92,40,27,13,52,30,1,2,18,1
S01010714,50 to 64,92,36,32,4,56,14,2,4,25,11
S01010714,65 to 74,60,21,18,3,39,7,1,1,15,15
S01010714,75 to 84,48,11,11,0,37,4,1,1,5,26
S01010714,85 and over,20,2,2,0,18,1,0,0,0,17
S01010715,All HRPs,340,159,126,33,181,61,2,17,50,51
S01010715,24 and under,14,1,0,1,13,13,0,0,0,0
S01010715,25 to 34,28,18,7,11,10,7,0,2,1,0
S01010715,35 to 49,80,47,33,14,33,13,1,6,13,0
S01010715,50 to 64,99,45,39,6,54,19,1,6,22,6
S01010715,65 to 74,56,28,28,0,28,4,0,2,12,10
S01010715,75 to 84,51,15,14,1,36,5,0,1,1,29
S01010715,85 and over,12,5,5,0,7,0,0,0,1,6
S01010716,All HRPs,444,180,116,64,264,120,9,20,52,63
S01010716,24 and under,26,10,0,10,16,15,1,0,0,0
S01010716,25 to 34,75,35,12,23,40,38,0,2,0,0
S01010716,35 to 49,126,49,30,19,77,45,5,4,22,1
S01010716,50 to 64,103,45,34,11,58,13,1,14,23,7
S01010716,65 to 74,35,21,20,1,14,2,0,0,4,8
S01010716,75 to 84,46,16,16,0,30,5,1,0,1,23
S01010716,85 and over,33,4,4,0,29,2,1,0,2,24
S01010717,All HRPs,272,178,157,21,94,33,0,4,15,42
S01010717,24 and under,1,1,0,1,0,0,0,0,0,0
S01010717,25 to 34,21,13,7,6,8,8,0,0,0,0
S01010717,35 to 49,52,41,30,11,11,3,0,1,6,1
S01010717,50 to 64,92,68,66,2,24,10,0,2,6,6
S01010717,65 to 74,55,36,35,1,19,7,0,0,3,9
S01010717,75 to 84,40,18,18,0,22,3,0,1,0,18
S01010717,85 and over,11,1,1,0,10,2,0,0,0,8
S01010718,All HRPs,393,244,206,38,149,63,6,13,35,32
S01010718,24 and under,19,8,2,6,11,11,0,0,0,0
S01010718,25 to 34,54,32,16,16,22,20,0,2,0,0
S01010718,35 to 49,108,69,58,11,39,16,3,6,13,1
S01010718,50 to 64,131,93,89,4,38,11,1,4,17,5
S01010718,65 to 74,41,25,25,0,16,3,1,1,5,6
S01010718,75 to 84,31,11,10,1,20,2,1,0,0,17
S01010718,85 and over,9,6,6,0,3,0,0,0,0,3
S01010719,All HRPs,282,161,133,28,121,32,3,10,28,48
S01010719,24 and under,4,2,0,2,2,2,0,0,0,0
S01010719,25 to 34,24,14,6,8,10,8,1,1,0,0
S01010719,35 to 49,60,43,32,11,17,7,0,4,6,0
S01010719,50 to 64,105,63,56,7,42,10,1,5,17,9
S01010719,65 to 74,39,21,21,0,18,3,1,0,5,9
S01010719,75 to 84,34,16,16,0,18,2,0,0,0,16
S01010719,85 and over,16,2,2,0,14,0,0,0,0,14
S01010720,All HRPs,336,192,173,19,144,33,1,2,34,74
S01010720,24 and under,0,0,0,0,0,0,0,0,0,0
S01010720,25 to 34,14,8,6,2,6,6,0,0,0,0
S01010720,35 to 49,70,51,43,8,19,9,0,0,9,1
S01010720,50 to 64,96,68,64,4,28,10,1,2,13,2
S01010720,65 to 74,72,36,33,3,36,3,0,0,11,22
S01010720,75 to 84,55,23,21,2,32,5,0,0,1,26
S01010720,85 and over,29,6,6,0,23,0,0,0,0,23
S01010721,All HRPs,296,183,151,32,113,25,6,15,34,33
S01010721,24 and under,4,3,2,1,1,1,0,0,0,0
S01010721,25 to 34,13,10,3,7,3,2,0,1,0,0
S01010721,35 to 49,74,56,41,15,18,9,0,6,3,0
S01010721,50 to 64,98,59,55,4,39,6,2,8,18,5
S01010721,65 to 74,54,33,30,3,21,7,0,0,8,6
S01010721,75 to 84,42,18,16,2,24,0,4,0,5,15
S01010721,85 and over,11,4,4,0,7,0,0,0,0,7
S01010722,All HRPs,394,208,170,38,186,67,3,13,45,58
S01010722,24 and under,7,2,1,1,5,5,0,0,0,0
S01010722,25 to 34,34,18,8,10,16,15,0,1,0,0
S01010722,35 to 49,108,72,52,20,36,17,1,6,12,0
S01010722,50 to 64,107,67,64,3,40,11,0,4,19,6
S01010722,65 to 74,61,26,23,3,35,8,0,1,10,16
S01010722,75 to 84,50,16,16,0,34,8,2,1,2,21
S01010722,85 and over,27,7,6,1,20,3,0,0,2,15
S01010723,All HRPs,329,249,216,33,80,13,1,11,26,29
S01010723,24 and under,2,1,0,1,1,1,0,0,0,0
S01010723,25 to 34,13,8,3,5,5,2,0,0,3,0
S01010723,35 to 49,120,103,84,19,17,5,0,2,6,4
S01010723,50 to 64,120,92,85,7,28,1,1,8,12,6
S01010723,65 to 74,44,30,29,1,14,1,0,1,3,9
S01010723,75 to 84,28,15,15,0,13,3,0,0,2,8
S01010723,85 and over,2,0,0,0,2,0,0,0,0,2
S01010724,All HRPs,354,242,206,36,112,25,1,14,23,49
S01010724,24 and under,1,0,0,0,1,1,0,0,0,0
S01010724,25 to 34,34,28,15,13,6,4,0,0,2,0
S01010724,35 to 49,92,75,63,12,17,5,0,8,3,1
S01010724,50 to 64,123,88,79,9,35,10,0,4,17,4
S01010724,65 to 74,52,33,31,2,19,2,0,2,0,15
S01010724,75 to 84,39,15,15,0,24,3,0,0,0,21
S01010724,85 and over,13,3,3,0,10,0,1,0,1,8
S01010725,All HRPs,287,202,179,23,85,26,4,6,15,34
S01010725,24 and under,4,2,0,2,2,2,0,0,0,0
S01010725,25 to 34,14,9,4,5,5,3,0,0,2,0
S01010725,35 to 49,57,44,37,7,13,6,1,2,4,0
S01010725,50 to 64,118,88,84,4,30,9,2,3,8,8
S01010725,65 to 74,57,46,44,2,11,3,0,1,1,6
S01010725,75 to 84,23,8,5,3,15,2,1,0,0,12
S01010725,85 and over,14,5,5,0,9,1,0,0,0,8
S01010726,All HRPs,415,253,217,36,162,39,2,22,32,67
S01010726,24 and under,5,4,0,4,1,1,0,0,0,0
S01010726,25 to 34,20,13,7,6,7,6,0,1,0,0
S01010726,35 to 49,86,53,44,9,33,15,0,11,7,0
S01010726,50 to 64,145,100,85,15,45,10,1,8,16,10
S01010726,65 to 74,84,56,55,1,28,4,0,2,6,16
S01010726,75 to 84,53,22,21,1,31,1,1,0,2,27
S01010726,85 and over,22,5,5,0,17,2,0,0,1,14
S01010727,All HRPs,243,191,167,24,52,18,0,3,9,22
S01010727,24 and under,0,0,0,0,0,0,0,0,0,0
S01010727,25 to 34,13,10,6,4,3,3,0,0,0,0
S01010727,35 to 49,69,60,51,9,9,7,0,0,1,1
S01010727,50 to 64,85,73,65,8,12,3,0,1,4,4
S01010727,65 to 74,51,38,36,2,13,4,0,2,2,5
S01010727,75 to 84,18,9,8,1,9,0,0,0,2,7
S01010727,85 and over,7,1,1,0,6,1,0,0,0,5
S01010728,All HRPs,204,157,143,14,47,9,2,8,9,19
S01010728,24 and under,0,0,0,0,0,0,0,0,0,0
S01010728,25 to 34,6,3,2,1,3,3,0,0,0,0
S01010728,35 to 49,66,57,49,8,9,3,0,5,0,1
S01010728,50 to 64,69,53,50,3,16,3,1,2,6,4
S01010728,65 to 74,39,33,31,2,6,0,0,1,2,3
S01010728,75 to 84,21,11,11,0,10,0,1,0,0,9
S01010728,85 and over,3,0,0,0,3,0,0,0,1,2
S01010729,All HRPs,269,208,180,28,61,25,3,7,10,16
S01010729,24 and under,0,0,0,0,0,0,0,0,0,0
S01010729,25 to 34,13,10,7,3,3,3,0,0,0,0
S01010729,35 to 49,75,60,44,16,15,6,1,2,6,0
S01010729,50 to 64,107,92,85,7,15,9,1,1,3,1
S01010729,65 to 74,49,33,31,2,16,6,1,2,0,7
S01010729,75 to 84,21,13,13,0,8,1,0,0,1,6
S01010729,85 and over,4,0,0,0,4,0,0,2,0,2
S01010730,All HRPs,343,235,209,26,108,29,4,10,27,38
S01010730,24 and under,0,0,0,0,0,0,0,0,0,0
S01010730,25 to 34,19,13,8,5,6,2,0,1,3,0
S01010730,35 to 49,93,65,52,13,28,10,1,6,10,1
S01010730,50 to 64,144,108,102,6,36,9,3,3,10,11
S01010730,65 to 74,52,34,33,1,18,6,0,0,3,9
S01010730,75 to 84,28,13,12,1,15,2,0,0,0,13
S01010730,85 and over,7,2,2,0,5,0,0,0,1,4
S01010731,All HRPs,399,219,181,38,180,63,1,23,40,53
S01010731,24 and under,5,2,1,1,3,3,0,0,0,0
S01010731,25 to 34,21,10,5,5,11,8,0,1,2,0
S01010731,35 to 49,118,75,57,18,43,29,0,6,7,1
S01010731,50 to 64,146,94,81,13,52,14,0,13,14,11
S01010731,65 to 74,60,25,24,1,35,6,0,2,13,14
S01010731,75 to 84,30,9,9,0,21,3,0,1,3,14
S01010731,85 and over,19,4,4,0,15,0,1,0,1,13
S01010732,All HRPs,334,175,141,34,159,55,3,24,48,29
S01010732,24 and under,11,5,1,4,6,6,0,0,0,0
S01010732,25 to 34,39,23,10,13,16,13,0,2,1,0
S01010732,35 to 49,85,40,29,11,45,20,2,10,13,0
S01010732,50 to 64,134,77,71,6,57,15,1,8,25,8
S01010732,65 to 74,42,20,20,0,22,0,0,2,5,15
S01010732,75 to 84,20,10,10,0,10,1,0,2,3,4
S01010732,85 and over,3,0,0,0,3,0,0,0,1,2
S01010733,All HRPs,246,108,76,32,138,58,3,13,33,31
S01010733,24 and under,9,1,0,1,8,7,0,0,1,0
S01010733,25 to 34,35,19,10,9,16,13,1,2,0,0
S01010733,35 to 49,76,39,25,14,37,23,0,3,11,0
S01010733,50 to 64,78,33,28,5,45,13,2,7,16,7
S01010733,65 to 74,27,13,11,2,14,2,0,1,4,7
S01010733,75 to 84,18,3,2,1,15,0,0,0,1,14
S01010733,85 and over,3,0,0,0,3,0,0,0,0,3
S01010734,All HRPs,362,177,126,51,185,74,4,20,48,39
S01010734,24 and under,18,8,0,8,10,10,0,0,0,0
S01010734,25 to 34,69,24,12,12,45,30,2,5,8,0
S01010734,35 to 49,118,67,49,18,51,25,1,9,15,1
S01010734,50 to 64,96,56,43,13,40,7,1,4,22,6
S01010734,65 to 74,47,18,18,0,29,1,0,2,2,24
S01010734,75 to 84,12,3,3,0,9,1,0,0,1,7
S01010734,85 and over,2,1,1,0,1,0,0,0,0,1
S01010735,All HRPs,244,130,89,41,114,57,1,9,29,18
S01010735,24 and under,20,3,1,2,17,15,0,2,0,0
S01010735,25 to 34,58,34,19,15,24,20,0,0,4,0
S01010735,35 to 49,83,49,33,16,34,19,0,5,9,1
S01010735,50 to 64,54,31,23,8,23,3,1,2,12,5
S01010735,65 to 74,23,12,12,0,11,0,0,0,3,8
S01010735,75 to 84,5,0,0,0,5,0,0,0,1,4
S01010735,85 and over,1,1,1,0,0,0,0,0,0,0
S01010736,All HRPs,218,150,123,27,68,17,0,5,11,35
S01010736,24 and under,5,2,1,1,3,3,0,0,0,0
S01010736,25 to 34,24,16,8,8,8,7,0,0,1,0
S01010736,35 to 49,49,42,30,12,7,6,0,1,0,0
S01010736,50 to 64,69,52,48,4,17,0,0,3,7,7
S01010736,65 to 74,46,31,29,2,15,0,0,1,2,12
S01010736,75 to 84,18,7,7,0,11,0,0,0,1,10
S01010736,85 and over,7,0,0,0,7,1,0,0,0,6
S01010737,All HRPs,487,251,203,48,236,70,10,14,52,90
S01010737,24 and under,20,6,2,4,14,14,0,0,0,0
S01010737,25 to 34,44,24,13,11,20,11,4,3,2,0
S01010737,35 to 49,128,84,64,20,44,21,1,6,13,3
S01010737,50 to 64,126,72,62,10,54,11,3,2,20,18
S01010737,65 to 74,103,44,42,2,59,7,1,3,13,35
S01010737,75 to 84,46,17,16,1,29,5,0,0,3,21
S01010737,85 and over,20,4,4,0,16,1,1,0,1,13
S01010738,All HRPs,235,135,111,24,100,25,3,10,23,39
S01010738,24 and under,6,4,1,3,2,2,0,0,0,0
S01010738,25 to 34,21,11,3,8,10,8,0,1,1,0
S01010738,35 to 49,54,37,29,8,17,8,0,4,4,1
S01010738,50 to 64,69,39,35,4,30,6,1,3,13,7
S01010738,65 to 74,46,27,26,1,19,0,1,2,5,11
S01010738,75 to 84,33,16,16,0,17,1,1,0,0,15
S01010738,85 and over,6,1,1,0,5,0,0,0,0,5
S01010739,All HRPs,388,211,149,62,177,74,3,24,40,36
S01010739,24 and under,15,8,0,8,7,7,0,0,0,0
S01010739,25 to 34,58,30,9,21,28,23,0,4,1,0
S01010739,35 to 49,108,64,48,16,44,24,0,8,11,1
S01010739,50 to 64,117,66,54,12,51,15,0,9,19,8
S01010739,65 to 74,51,25,22,3,26,5,1,3,7,10
S01010739,75 to 84,32,15,14,1,17,0,2,0,2,13
S01010739,85 and over,7,3,2,1,4,0,0,0,0,4
S01010740,All HRPs,260,76,53,23,184,87,2,17,41,37
S01010740,24 and under,26,0,0,0,26,26,0,0,0,0
S01010740,25 to 34,38,13,5,8,25,20,0,3,1,1
S01010740,35 to 49,56,16,9,7,40,18,1,5,13,3
S01010740,50 to 64,76,31,25,6,45,15,0,7,17,6
S01010740,65 to 74,42,11,10,1,31,6,1,0,9,15
S01010740,75 to 84,19,5,4,1,14,2,0,2,1,9
S01010740,85 and over,3,0,0,0,3,0,0,0,0,3
S01010741,All HRPs,249,154,124,30,95,27,2,6,19,41
S01010741,24 and under,9,3,0,3,6,6,0,0,0,0
S01010741,25 to 34,27,15,4,11,12,10,1,1,0,0
S01010741,35 to 49,53,37,27,10,16,4,0,3,6,3
S01010741,50 to 64,76,56,53,3,20,5,1,2,8,4
S01010741,65 to 74,50,28,26,2,22,1,0,0,4,17
S01010741,75 to 84,26,13,12,1,13,1,0,0,0,12
S01010741,85 and over,8,2,2,0,6,0,0,0,1,5
S01010742,All HRPs,308,175,129,46,133,47,4,15,30,37
S01010742,24 and under,14,8,3,5,6,6,0,0,0,0
S01010742,25 to 34,51,34,14,20,17,15,0,2,0,0
S01010742,35 to 49,90,54,40,14,36,17,1,7,10,1
S01010742,50 to 64,61,41,36,5,20,7,0,3,9,1
S01010742,65 to 74,48,21,19,2,27,0,0,3,10,14
S01010742,75 to 84,33,15,15,0,18,2,1,0,1,14
S01010742,85 and over,11,2,2,0,9,0,2,0,0,7
S01010743,All HRPs,273,146,108,38,127,47,0,13,38,29
S01010743,24 and under,8,4,1,3,4,4,0,0,0,0
S01010743,25 to 34,42,23,8,15,19,19,0,0,0,0
S01010743,35 to 49,91,52,36,16,39,15,0,9,15,0
S01010743,50 to 64,68,39,36,3,29,9,0,3,15,2
S01010743,65 to 74,41,18,18,0,23,0,0,1,7,15
S01010743,75 to 84,21,9,8,1,12,0,0,0,1,11
S01010743,85 and over,2,1,1,0,1,0,0,0,0,1
S01010744,All HRPs,459,269,216,53,190,80,6,13,36,55
S01010744,24 and under,12,6,0,6,6,6,0,0,0,0
S01010744,25 to 34,56,28,11,17,28,27,0,0,0,1
S01010744,35 to 49,114,70,53,17,44,25,1,5,12,1
S01010744,50 to 64,152,110,98,12,42,13,2,3,16,8
S01010744,65 to 74,72,35,34,1,37,3,1,4,4,25
S01010744,75 to 84,42,18,18,0,24,5,2,1,3,13
S01010744,85 and over,11,2,2,0,9,1,0,0,1,7
S01010745,All HRPs,327,137,106,31,190,73,2,15,48,52
S01010745,24 and under,20,4,0,4,16,16,0,0,0,0
S01010745,25 to 34,37,16,8,8,21,21,0,0,0,0
S01010745,35 to 49,70,31,23,8,39,24,0,5,9,1
S01010745,50 to 64,98,52,44,8,46,7,1,10,24,4
S01010745,65 to 74,50,21,20,1,29,3,1,0,7,18
S01010745,75 to 84,42,10,8,2,32,2,0,0,7,23
S01010745,85 and over,10,3,3,0,7,0,0,0,1,6
S01010746,All HRPs,441,273,211,62,168,53,5,17,39,54
S01010746,24 and under,13,10,4,6,3,2,0,0,1,0
S01010746,25 to 34,45,26,8,18,19,16,0,3,0,0
S01010746,35 to 49,132,94,70,24,38,16,1,6,13,2
S01010746,50 to 64,137,85,75,10,52,17,1,6,18,10
S01010746,65 to 74,63,38,34,4,25,2,1,1,6,15
S01010746,75 to 84,42,17,17,0,25,0,2,1,1,21
S01010746,85 and over,9,3,3,0,6,0,0,0,0,6
S01010747,All HRPs,357,184,156,28,173,54,2,17,62,38
S01010747,24 and under,16,3,1,2,13,13,0,0,0,0
S01010747,25 to 34,29,13,4,9,16,13,0,1,2,0
S01010747,35 to 49,99,57,45,12,42,13,1,10,18,0
S01010747,50 to 64,126,70,66,4,56,9,1,6,30,10
S01010747,65 to 74,60,30,29,1,30,4,0,0,11,15
S01010747,75 to 84,23,9,9,0,14,2,0,0,1,11
S01010747,85 and over,4,2,2,0,2,0,0,0,0,2
S01010748,All HRPs,280,179,151,28,101,28,2,12,20,39
S01010748,24 and under,3,2,0,2,1,1,0,0,0,0
S01010748,25 to 34,23,20,15,5,3,3,0,0,0,0
S01010748,35 to 49,57,36,28,8,21,8,2,6,3,2
S01010748,50 to 64,106,78,70,8,28,8,0,4,8,8
S01010748,65 to 74,54,29,24,5,25,6,0,2,9,8
S01010748,75 to 84,29,13,13,0,16,1,0,0,0,15
S01010748,85 and over,8,1,1,0,7,1,0,0,0,6
S01010749,All HRPs,261,169,147,22,92,34,1,10,16,31
S01010749,24 and under,2,2,0,2,0,0,0,0,0,0
S01010749,25 to 34,27,15,10,5,12,10,0,2,0,0
S01010749,35 to 49,66,48,40,8,18,13,0,2,3,0
S01010749,50 to 64,91,63,58,5,28,8,0,5,8,7
S01010749,65 to 74,48,30,28,2,18,2,1,1,4,10
S01010749,75 to 84,21,11,11,0,10,1,0,0,1,8
S01010749,85 and over,6,0,0,0,6,0,0,0,0,6
S01010750,All HRPs,287,198,166,32,89,22,5,10,21,31
S01010750,24 and under,4,2,0,2,2,2,0,0,0,0
S01010750,25 to 34,16,12,7,5,4,4,0,0,0,0
S01010750,35 to 49,60,42,33,9,18,7,0,6,5,0
S01010750,50 to 64,98,73,64,9,25,4,3,3,10,5
S01010750,65 to 74,61,42,38,4,19,1,2,1,6,9
S01010750,75 to 84,34,18,17,1,16,2,0,0,0,14
S01010750,85 and over,14,9,7,2,5,2,0,0,0,3
S01010751,All HRPs,333,157,118,39,176,60,2,18,46,50
S01010751,24 and under,18,8,0,8,10,10,0,0,0,0
S01010751,25 to 34,37,16,6,10,21,18,0,0,3,0
S01010751,35 to 49,83,46,35,11,37,16,1,7,8,5
S01010751,50 to 64,107,53,45,8,54,12,0,8,25,9
S01010751,65 to 74,46,22,20,2,24,2,1,3,8,10
S01010751,75 to 84,28,11,11,0,17,1,0,0,2,14
S01010751,85 and over,14,1,1,0,13,1,0,0,0,12
S01010752,All HRPs,332,162,121,41,170,64,4,22,38,42
S01010752,24 and under,14,7,1,6,7,7,0,0,0,0
S01010752,25 to 34,59,27,13,14,32,23,1,5,2,1
S01010752,35 to 49,88,43,29,14,45,26,0,6,12,1
S01010752,50 to 64,99,60,53,7,39,4,0,8,20,7
S01010752,65 to 74,38,20,20,0,18,1,2,2,3,10
S01010752,75 to 84,23,4,4,0,19,3,1,1,0,14
S01010752,85 and over,11,1,1,0,10,0,0,0,1,9
S01010753,All HRPs,434,237,182,55,197,98,2,14,49,34
S01010753,24 and under,21,4,0,4,17,17,0,0,0,0
S01010753,25 to 34,70,37,18,19,33,29,0,2,2,0
S01010753,35 to 49,135,77,57,20,58,26,1,9,22,0
S01010753,50 to 64,133,86,78,8,47,19,1,2,14,11
S01010753,65 to 74,48,22,20,2,26,4,0,1,11,10
S01010753,75 to 84,18,9,8,1,9,2,0,0,0,7
S01010753,85 and over,9,2,1,1,7,1,0,0,0,6
S01010754,All HRPs,357,146,120,26,211,72,6,17,48,68
S01010754,24 and under,16,8,0,8,8,8,0,0,0,0
S01010754,25 to 34,43,20,10,10,23,21,0,0,2,0
S01010754,35 to 49,70,31,25,6,39,14,2,9,13,1
S01010754,50 to 64,101,47,46,1,54,14,1,8,22,9
S01010754,65 to 74,44,19,18,1,25,3,0,0,6,16
S01010754,75 to 84,55,18,18,0,37,5,2,0,5,25
S01010754,85 and over,28,3,3,0,25,7,1,0,0,17
S01010755,All HRPs,298,153,118,35,145,59,3,4,31,48
S01010755,24 and under,16,9,1,8,7,7,0,0,0,0
S01010755,25 to 34,29,17,4,13,12,10,0,1,1,0
S01010755,35 to 49,64,37,28,9,27,17,1,1,7,1
S01010755,50 to 64,82,48,43,5,34,12,0,1,17,4
S01010755,65 to 74,49,26,26,0,23,5,2,0,6,10
S01010755,75 to 84,41,15,15,0,26,4,0,1,0,21
S01010755,85 and over,17,1,1,0,16,4,0,0,0,12
S01010756,All HRPs,286,185,163,22,101,32,1,11,8,49
S01010756,24 and under,2,0,0,0,2,2,0,0,0,0
S01010756,25 to 34,26,19,12,7,7,5,0,2,0,0
S01010756,35 to 49,66,49,41,8,17,7,0,5,4,1
S01010756,50 to 64,89,69,62,7,20,8,1,4,2,5
S01010756,65 to 74,49,27,27,0,22,6,0,0,2,14
S01010756,75 to 84,45,15,15,0,30,4,0,0,0,26
S01010756,85 and over,9,6,6,0,3,0,0,0,0,3
S01010757,All HRPs,365,213,183,30,152,41,4,17,35,55
S01010757,24 and under,0,0,0,0,0,0,0,0,0,0
S01010757,25 to 34,24,11,7,4,13,10,0,1,2,0
S01010757,35 to 49,77,52,39,13,25,8,0,8,8,1
S01010757,50 to 64,124,81,72,9,43,8,3,6,17,9
S01010757,65 to 74,68,43,40,3,25,8,1,1,3,12
S01010757,75 to 84,54,24,23,1,30,7,0,0,4,19
S01010757,85 and over,18,2,2,0,16,0,0,1,1,14
S01010758,All HRPs,305,179,155,24,126,35,2,8,35,46
S01010758,24 and under,5,0,0,0,5,5,0,0,0,0
S01010758,25 to 34,20,8,6,2,12,11,0,0,0,1
S01010758,35 to 49,67,44,34,10,23,5,1,2,13,2
S01010758,50 to 64,94,71,59,12,23,5,0,2,13,3
S01010758,65 to 74,60,34,34,0,26,3,1,3,7,12
S01010758,75 to 84,43,18,18,0,25,6,0,1,1,17
S01010758,85 and over,16,4,4,0,12,0,0,0,1,11
S01010759,All HRPs,279,131,107,24,148,58,4,11,29,46
S01010759,24 and under,16,1,0,1,15,15,0,0,0,0
S01010759,25 to 34,37,15,8,7,22,19,0,3,0,0
S01010759,35 to 49,56,33,24,9,23,11,1,4,7,0
S01010759,50 to 64,76,48,42,6,28,9,2,1,9,7
S01010759,65 to 74,48,17,16,1,31,3,0,3,9,16
S01010759,75 to 84,35,14,14,0,21,1,1,0,2,17
S01010759,85 and over,11,3,3,0,8,0,0,0,2,6
S01010760,All HRPs,306,148,126,22,158,41,3,9,35,70
S01010760,24 and under,7,2,0,2,5,5,0,0,0,0
S01010760,25 to 34,30,22,10,12,8,7,0,0,0,1
S01010760,35 to 49,45,26,21,5,19,10,1,1,5,2
S01010760,50 to 64,78,39,38,1,39,5,1,7,17,9
S01010760,65 to 74,66,29,28,1,37,10,1,1,9,16
S01010760,75 to 84,55,23,23,0,32,4,0,0,3,25
S01010760,85 and over,25,7,6,1,18,0,0,0,1,17
S01010761,All HRPs,222,141,116,25,81,26,5,8,17,25
S01010761,24 and under,0,0,0,0,0,0,0,0,0,0
S01010761,25 to 34,20,8,4,4,12,8,0,0,4,0
S01010761,35 to 49,48,40,33,7,8,2,0,4,2,0
S01010761,50 to 64,75,54,41,13,21,5,3,3,7,3
S01010761,65 to 74,45,27,26,1,18,5,0,1,4,8
S01010761,75 to 84,28,10,10,0,18,6,2,0,0,10
S01010761,85 and over,6,2,2,0,4,0,0,0,0,4
S01010762,All HRPs,263,167,130,37,96,32,3,14,18,29
S01010762,24 and under,4,2,0,2,2,2,0,0,0,0
S01010762,25 to 34,15,9,2,7,6,6,0,0,0,0
S01010762,35 to 49,71,55,40,15,16,7,0,5,4,0
S01010762,50 to 64,72,51,43,8,21,7,1,3,10,0
S01010762,65 to 74,49,28,26,2,21,6,2,5,2,6
S01010762,75 to 84,42,18,16,2,24,3,0,1,2,18
S01010762,85 and over,10,4,3,1,6,1,0,0,0,5
S01010763,All HRPs,316,159,129,30,157,58,6,18,29,46
S01010763,24 and under,4,1,0,1,3,3,0,0,0,0
S01010763,25 to 34,31,13,7,6,18,14,0,4,0,0
S01010763,35 to 49,64,38,26,12,26,11,0,7,8,0
S01010763,50 to 64,104,65,54,11,39,15,3,4,10,7
S01010763,65 to 74,56,23,23,0,33,8,2,2,6,15
S01010763,75 to 84,43,15,15,0,28,2,1,1,4,20
S01010763,85 and over,14,4,4,0,10,5,0,0,1,4
S01010764,All HRPs,289,158,138,20,131,41,10,16,27,37
S01010764,24 and under,5,2,0,2,3,3,0,0,0,0
S01010764,25 to 34,9,5,1,4,4,3,0,0,1,0
S01010764,35 to 49,59,36,32,4,23,5,1,6,9,2
S01010764,50 to 64,106,61,55,6,45,18,6,7,11,3
S01010764,65 to 74,57,34,32,2,23,4,2,3,4,10
S01010764,75 to 84,34,13,12,1,21,4,0,0,2,15
S01010764,85 and over,19,7,6,1,12,4,1,0,0,7
S01010765,All HRPs,471,272,224,48,199,68,6,16,38,71
S01010765,24 and under,8,5,1,4,3,3,0,0,0,0
S01010765,25 to 34,26,17,3,14,9,6,2,0,1,0
S01010765,35 to 49,107,59,43,16,48,23,1,11,13,0
S01010765,50 to 64,152,106,98,8,46,18,2,3,15,8
S01010765,65 to 74,91,51,46,5,40,5,1,2,7,25
S01010765,75 to 84,68,29,28,1,39,6,0,0,2,31
S01010765,85 and over,19,5,5,0,14,7,0,0,0,7
S01010766,All HRPs,359,191,154,37,168,46,6,16,31,69
S01010766,24 and under,6,2,0,2,4,3,0,0,1,0
S01010766,25 to 34,26,16,9,7,10,5,1,3,1,0
S01010766,35 to 49,66,44,29,15,22,8,1,6,7,0
S01010766,50 to 64,121,71,60,11,50,17,0,3,18,12
S01010766,65 to 74,64,33,33,0,31,8,2,3,3,15
S01010766,75 to 84,51,19,17,2,32,4,2,1,1,24
S01010766,85 and over,25,6,6,0,19,1,0,0,0,18
S01010767,All HRPs,347,164,131,33,183,58,3,23,43,56
S01010767,24 and under,14,6,0,6,8,8,0,0,0,0
S01010767,25 to 34,36,18,8,10,18,18,0,0,0,0
S01010767,35 to 49,77,35,25,10,42,18,1,9,10,4
S01010767,50 to 64,93,52,47,5,41,11,0,7,19,4
S01010767,65 to 74,66,29,28,1,37,0,1,7,12,17
S01010767,75 to 84,46,21,20,1,25,3,1,0,2,19
S01010767,85 and over,15,3,3,0,12,0,0,0,0,12
S01010768,All HRPs,284,140,115,25,144,44,4,9,33,54
S01010768,24 and under,10,3,0,3,7,7,0,0,0,0
S01010768,25 to 34,16,10,5,5,6,6,0,0,0,0
S01010768,35 to 49,63,39,25,14,24,9,2,7,5,1
S01010768,50 to 64,69,41,38,3,28,13,0,1,12,2
S01010768,65 to 74,59,29,29,0,30,5,1,1,13,10
S01010768,75 to 84,44,15,15,0,29,4,1,0,1,23
S01010768,85 and over,23,3,3,0,20,0,0,0,2,18
S01010769,All HRPs,217,146,130,16,71,21,2,9,9,30
S01010769,24 and under,1,0,0,0,1,1,0,0,0,0
S01010769,25 to 34,5,4,2,2,1,1,0,0,0,0
S01010769,35 to 49,34,27,20,7,7,4,0,2,1,0
S01010769,50 to 64,93,71,67,4,22,9,1,5,4,3
S01010769,65 to 74,48,33,31,2,15,4,1,0,4,6
S01010769,75 to 84,27,9,8,1,18,1,0,2,0,15
S01010769,85 and over,9,2,2,0,7,1,0,0,0,6
S01010770,All HRPs,385,223,183,40,162,51,3,11,44,53
S01010770,24 and under,9,6,2,4,3,3,0,0,0,0
S01010770,25 to 34,42,31,12,19,11,9,0,0,2,0
S01010770,35 to 49,90,54,45,9,36,20,0,5,10,1
S01010770,50 to 64,138,86,79,7,52,12,3,6,22,9
S01010770,65 to 74,58,26,26,0,32,3,0,0,8,21
S01010770,75 to 84,34,16,15,1,18,2,0,0,1,15
S01010770,85 and over,14,4,4,0,10,2,0,0,1,7
S01010771,All HRPs,445,212,181,31,233,74,3,18,49,89
S01010771,24 and under,8,3,2,1,5,5,0,0,0,0
S01010771,25 to 34,23,17,5,12,6,6,0,0,0,0
S01010771,35 to 49,85,45,40,5,40,22,0,7,10,1
S01010771,50 to 64,139,77,68,9,62,21,1,9,24,7
S01010771,65 to 74,84,39,39,0,45,9,0,2,12,22
S01010771,75 to 84,78,23,20,3,55,8,2,0,3,42
S01010771,85 and over,28,8,7,1,20,3,0,0,0,17
S01010772,All HRPs,376,205,175,30,171,69,2,13,38,49
S01010772,24 and under,9,1,0,1,8,8,0,0,0,0
S01010772,25 to 34,23,10,3,7,13,10,0,3,0,0
S01010772,35 to 49,83,45,36,9,38,18,0,3,16,1
S01010772,50 to 64,116,75,65,10,41,15,1,5,15,5
S01010772,65 to 74,86,50,47,3,36,9,0,2,6,19
S01010772,75 to 84,38,18,18,0,20,4,0,0,1,15
S01010772,85 and over,21,6,6,0,15,5,1,0,0,9
S01010773,All HRPs,336,216,182,34,120,41,4,15,25,35
S01010773,24 and under,5,2,1,1,3,3,0,0,0,0
S01010773,25 to 34,17,14,9,5,3,2,0,0,1,0
S01010773,35 to 49,98,68,46,22,30,13,1,9,6,1
S01010773,50 to 64,114,78,73,5,36,12,1,4,9,10
S01010773,65 to 74,68,41,40,1,27,7,2,1,9,8
S01010773,75 to 84,24,12,12,0,12,2,0,1,0,9
S01010773,85 and over,10,1,1,0,9,2,0,0,0,7
S01010774,All HRPs,325,169,134,35,156,44,5,20,35,52
S01010774,24 and under,5,1,0,1,4,4,0,0,0,0
S01010774,25 to 34,17,10,3,7,7,7,0,0,0,0
S01010774,35 to 49,84,44,31,13,40,10,1,11,17,1
S01010774,50 to 64,111,69,56,13,42,8,4,5,14,11
S01010774,65 to 74,58,31,31,0,27,11,0,3,2,11
S01010774,75 to 84,39,10,10,0,29,3,0,1,2,23
S01010774,85 and over,11,4,3,1,7,1,0,0,0,6
S01010775,All HRPs,266,191,149,42,75,31,0,5,18,21
S01010775,24 and under,9,5,0,5,4,4,0,0,0,0
S01010775,25 to 34,25,21,10,11,4,2,0,1,1,0
S01010775,35 to 49,90,65,47,18,25,16,0,1,6,2
S01010775,50 to 64,84,64,59,5,20,5,0,3,9,3
S01010775,65 to 74,32,23,21,2,9,2,0,0,2,5
S01010775,75 to 84,22,12,11,1,10,2,0,0,0,8
S01010775,85 and over,4,1,1,0,3,0,0,0,0,3
S01010776,All HRPs,266,121,99,22,145,61,3,11,22,48
S01010776,24 and under,9,2,0,2,7,7,0,0,0,0
S01010776,25 to 34,49,24,16,8,25,21,1,1,2,0
S01010776,35 to 49,58,28,21,7,30,18,1,3,8,0
S01010776,50 to 64,66,38,34,4,28,9,0,5,9,5
S01010776,65 to 74,40,20,19,1,20,4,0,1,2,13
S01010776,75 to 84,34,7,7,0,27,1,1,1,1,23
S01010776,85 and over,10,2,2,0,8,1,0,0,0,7
S01010777,All HRPs,270,102,74,28,168,77,0,6,28,57
S01010777,24 and under,31,3,1,2,28,24,0,0,2,2
S01010777,25 to 34,27,15,4,11,12,12,0,0,0,0
S01010777,35 to 49,59,31,22,9,28,20,0,2,5,1
S01010777,50 to 64,74,34,29,5,40,13,0,3,10,14
S01010777,65 to 74,33,11,11,0,22,2,0,1,6,13
S01010777,75 to 84,36,5,5,0,31,5,0,0,3,23
S01010777,85 and over,10,3,2,1,7,1,0,0,2,4
S01010778,All HRPs,239,81,53,28,158,86,1,11,35,25
S01010778,24 and under,33,8,1,7,25,24,0,1,0,0
S01010778,25 to 34,41,17,5,12,24,21,0,2,1,0
S01010778,35 to 49,75,23,16,7,52,32,1,4,13,2
S01010778,50 to 64,58,24,22,2,34,9,0,3,17,5
S01010778,65 to 74,20,7,7,0,13,0,0,1,4,8
S01010778,75 to 84,11,2,2,0,9,0,0,0,0,9
S01010778,85 and over,1,0,0,0,1,0,0,0,0,1
S01010779,All HRPs,355,159,125,34,196,84,2,17,42,51
S01010779,24 and under,27,13,0,13,14,13,0,0,1,0
S01010779,25 to 34,46,12,6,6,34,32,0,2,0,0
S01010779,35 to 49,90,50,44,6,40,19,0,8,12,1
S01010779,50 to 64,93,47,41,6,46,6,1,7,25,7
S01010779,65 to 74,55,25,23,2,30,6,1,0,4,19
S01010779,75 to 84,33,10,9,1,23,2,0,0,0,21
S01010779,85 and over,11,2,2,0,9,6,0,0,0,3
S01010780,All HRPs,261,137,112,25,124,41,3,8,23,49
S01010780,24 and under,9,3,1,2,6,6,0,0,0,0
S01010780,25 to 34,21,8,2,6,13,9,1,2,1,0
S01010780,35 to 49,61,44,32,12,17,9,0,2,4,2
S01010780,50 to 64,80,46,41,5,34,6,1,3,17,7
S01010780,65 to 74,36,16,16,0,20,5,0,1,1,13
S01010780,75 to 84,43,18,18,0,25,5,1,0,0,19
S01010780,85 and over,11,2,2,0,9,1,0,0,0,8
S01010781,All HRPs,350,196,158,38,154,72,2,6,35,39
S01010781,24 and under,14,6,0,6,8,8,0,0,0,0
S01010781,25 to 34,56,27,12,15,29,28,0,1,0,0
S01010781,35 to 49,91,57,48,9,34,18,1,5,10,0
S01010781,50 to 64,97,67,60,7,30,10,1,0,16,3
S01010781,65 to 74,56,29,28,1,27,4,0,0,8,15
S01010781,75 to 84,26,9,9,0,17,2,0,0,0,15
S01010781,85 and over,10,1,1,0,9,2,0,0,1,6
S01010782,All HRPs,293,132,100,32,161,60,10,8,34,49
S01010782,24 and under,16,4,0,4,12,12,0,0,0,0
S01010782,25 to 34,41,18,9,9,23,20,1,1,1,0
S01010782,35 to 49,72,40,27,13,32,13,3,5,11,0
S01010782,50 to 64,85,42,38,4,43,12,3,1,18,9
S01010782,65 to 74,35,19,17,2,16,1,1,0,1,13
S01010782,75 to 84,33,6,6,0,27,2,1,1,3,20
S01010782,85 and over,11,3,3,0,8,0,1,0,0,7
S01010783,All HRPs,275,117,87,30,158,61,2,9,43,43
S01010783,24 and under,27,2,1,1,25,24,0,0,1,0
S01010783,25 to 34,39,25,9,16,14,12,0,1,1,0
S01010783,35 to 49,55,29,21,8,26,10,0,4,11,1
S01010783,50 to 64,72,35,30,5,37,10,1,4,17,5
S01010783,65 to 74,44,19,19,0,25,1,1,0,11,12
S01010783,75 to 84,31,7,7,0,24,3,0,0,2,19
S01010783,85 and over,7,0,0,0,7,1,0,0,0,6
S01010784,All HRPs,345,144,99,45,201,77,5,10,43,66
S01010784,24 and under,23,7,1,6,16,15,0,1,0,0
S01010784,25 to 34,55,25,10,15,30,29,0,1,0,0
S01010784,35 to 49,92,47,29,18,45,23,0,6,15,1
S01010784,50 to 64,87,44,38,6,43,4,3,2,21,13
S01010784,65 to 74,40,12,12,0,28,5,1,0,5,17
S01010784,75 to 84,37,6,6,0,31,1,1,0,2,27
S01010784,85 and over,11,3,3,0,8,0,0,0,0,8
S01010785,All HRPs,301,193,166,27,108,30,6,14,15,43
S01010785,24 and under,4,3,1,2,1,1,0,0,0,0
S01010785,25 to 34,34,25,13,12,9,7,0,1,1,0
S01010785,35 to 49,62,41,36,5,21,11,1,3,5,1
S01010785,50 to 64,114,84,76,8,30,6,4,8,6,6
S01010785,65 to 74,52,25,25,0,27,4,1,0,2,20
S01010785,75 to 84,30,14,14,0,16,0,0,2,1,13
S01010785,85 and over,5,1,1,0,4,1,0,0,0,3
S01010786,All HRPs,255,165,140,25,90,30,0,11,23,26
S01010786,24 and under,7,4,0,4,3,3,0,0,0,0
S01010786,25 to 34,25,19,14,5,6,4,0,1,1,0
S01010786,35 to 49,89,68,59,9,21,8,0,6,6,1
S01010786,50 to 64,88,51,45,6,37,12,0,4,16,5
S01010786,65 to 74,26,16,15,1,10,1,0,0,0,9
S01010786,75 to 84,18,6,6,0,12,2,0,0,0,10
S01010786,85 and over,2,1,1,0,1,0,0,0,0,1
S01010787,All HRPs,384,251,215,36,133,49,1,8,28,47
S01010787,24 and under,6,0,0,0,6,5,0,0,1,0
S01010787,25 to 34,32,22,13,9,10,9,0,1,0,0
S01010787,35 to 49,102,82,64,18,20,12,0,4,4,0
S01010787,50 to 64,120,79,73,6,41,15,1,2,16,7
S01010787,65 to 74,59,41,39,2,18,3,0,1,4,10
S01010787,75 to 84,53,25,24,1,28,5,0,0,3,20
S01010787,85 and over,12,2,2,0,10,0,0,0,0,10
S01010788,All HRPs,274,165,131,34,109,30,4,13,28,34
S01010788,24 and under,3,0,0,0,3,3,0,0,0,0
S01010788,25 to 34,34,23,7,16,11,10,0,1,0,0
S01010788,35 to 49,76,52,41,11,24,8,1,4,11,0
S01010788,50 to 64,90,60,55,5,30,5,2,6,12,5
S01010788,65 to 74,35,19,17,2,16,2,1,1,3,9
S01010788,75 to 84,30,10,10,0,20,2,0,1,1,16
S01010788,85 and over,6,1,1,0,5,0,0,0,1,4
S01010789,All HRPs,292,192,159,33,100,37,3,12,19,29
S01010789,24 and under,7,5,0,5,2,2,0,0,0,0
S01010789,25 to 34,31,15,7,8,16,13,0,2,1,0
S01010789,35 to 49,86,66,53,13,20,10,0,4,6,0
S01010789,50 to 64,83,57,52,5,26,6,3,4,8,5
S01010789,65 to 74,54,37,35,2,17,4,0,1,2,10
S01010789,75 to 84,20,11,11,0,9,1,0,1,1,6
S01010789,85 and over,11,1,1,0,10,1,0,0,1,8
S01010790,All HRPs,282,183,165,18,99,23,4,8,22,42
S01010790,24 and under,3,2,0,2,1,1,0,0,0,0
S01010790,25 to 34,14,11,6,5,3,3,0,0,0,0
S01010790,35 to 49,68,55,51,4,13,4,1,2,4,2
S01010790,50 to 64,90,70,65,5,20,2,0,4,10,4
S01010790,65 to 74,61,32,30,2,29,8,1,2,5,13
S01010790,75 to 84,34,9,9,0,25,5,2,0,3,15
S01010790,85 and over,12,4,4,0,8,0,0,0,0,8
S01010791,All HRPs,369,249,214,35,120,30,2,9,37,42
S01010791,24 and under,3,3,0,3,0,0,0,0,0,0
S01010791,25 to 34,26,22,15,7,4,3,0,1,0,0
S01010791,35 to 49,75,60,45,15,15,2,0,2,11,0
S01010791,50 to 64,129,87,80,7,42,14,2,3,15,8
S01010791,65 to 74,80,54,51,3,26,5,0,3,8,10
S01010791,75 to 84,46,21,21,0,25,6,0,0,3,16
S01010791,85 and over,10,2,2,0,8,0,0,0,0,8
S01010792,All HRPs,287,138,107,31,149,75,1,20,23,30
S01010792,24 and under,21,2,0,2,19,19,0,0,0,0
S01010792,25 to 34,42,15,9,6,27,23,0,3,1,0
S01010792,35 to 49,81,41,29,12,40,23,0,6,11,0
S01010792,50 to 64,76,47,37,10,29,6,1,8,9,5
S01010792,65 to 74,45,25,24,1,20,4,0,3,1,12
S01010792,75 to 84,17,8,8,0,9,0,0,0,1,8
S01010792,85 and over,5,0,0,0,5,0,0,0,0,5
S01010793,All HRPs,275,183,155,28,92,29,0,12,20,31
S01010793,24 and under,2,0,0,0,2,2,0,0,0,0
S01010793,25 to 34,12,9,7,2,3,3,0,0,0,0
S01010793,35 to 49,91,62,47,15,29,12,0,7,9,1
S01010793,50 to 64,85,67,59,8,18,4,0,3,8,3
S01010793,65 to 74,48,31,28,3,17,6,0,1,2,8
S01010793,75 to 84,29,13,13,0,16,1,0,1,1,13
S01010793,85 and over,8,1,1,0,7,1,0,0,0,6
S01010794,All HRPs,234,145,118,27,89,40,1,6,17,25
S01010794,24 and under,10,2,0,2,8,8,0,0,0,0
S01010794,25 to 34,42,23,11,12,19,19,0,0,0,0
S01010794,35 to 49,74,54,46,8,20,6,1,3,9,1
S01010794,50 to 64,56,36,31,5,20,5,0,3,7,5
S01010794,65 to 74,32,22,22,0,10,0,0,0,1,9
S01010794,75 to 84,16,8,8,0,8,1,0,0,0,7
S01010794,85 and over,4,0,0,0,4,1,0,0,0,3
S01010795,All HRPs,445,270,224,46,175,58,4,22,31,60
S01010795,24 and under,6,1,0,1,5,4,0,0,1,0
S01010795,25 to 34,44,21,9,12,23,15,1,5,1,1
S01010795,35 to 49,113,80,63,17,33,14,0,12,6,1
S01010795,50 to 64,132,92,80,12,40,8,1,4,18,9
S01010795,65 to 74,74,47,44,3,27,5,1,1,4,16
S01010795,75 to 84,57,24,23,1,33,8,1,0,1,23
S01010795,85 and over,19,5,5,0,14,4,0,0,0,10
S01010796,All HRPs,341,241,191,50,100,38,2,10,19,31
S01010796,24 and under,3,2,0,2,1,1,0,0,0,0
S01010796,25 to 34,23,14,4,10,9,6,0,2,1,0
S01010796,35 to 49,100,85,65,20,15,10,1,0,4,0
S01010796,50 to 64,111,82,68,14,29,9,1,4,9,6
S01010796,65 to 74,71,40,38,2,31,9,0,4,3,15
S01010796,75 to 84,29,16,14,2,13,3,0,0,2,8
S01010796,85 and over,4,2,2,0,2,0,0,0,0,2
S01010797,All HRPs,329,226,196,30,103,40,0,14,14,35
S01010797,24 and under,6,3,1,2,3,3,0,0,0,0
S01010797,25 to 34,33,24,16,8,9,6,0,3,0,0
S01010797,35 to 49,99,72,57,15,27,17,0,4,5,1
S01010797,50 to 64,108,81,78,3,27,9,0,7,4,7
S01010797,65 to 74,38,22,22,0,16,3,0,0,4,9
S01010797,75 to 84,40,22,20,2,18,1,0,0,1,16
S01010797,85 and over,5,2,2,0,3,1,0,0,0,2
S01010798,All HRPs,293,189,167,22,104,41,3,7,21,32
S01010798,24 and under,0,0,0,0,0,0,0,0,0,0
S01010798,25 to 34,18,10,5,5,8,6,0,1,1,0
S01010798,35 to 49,85,62,53,9,23,11,2,2,8,0
S01010798,50 to 64,101,68,62,6,33,15,1,2,9,6
S01010798,65 to 74,46,31,29,2,15,3,0,2,0,10
S01010798,75 to 84,31,15,15,0,16,4,0,0,3,9
S01010798,85 and over,12,3,3,0,9,2,0,0,0,7
S01010799,All HRPs,530,199,146,53,331,134,6,36,50,105
S01010799,24 and under,29,11,0,11,18,17,0,1,0,0
S01010799,25 to 34,74,30,13,17,44,42,1,1,0,0
S01010799,35 to 49,115,45,30,15,70,41,1,15,13,0
S01010799,50 to 64,117,54,47,7,63,15,3,11,19,15
S01010799,65 to 74,84,29,26,3,55,9,1,6,9,30
S01010799,75 to 84,74,25,25,0,49,7,0,1,6,35
S01010799,85 and over,37,5,5,0,32,3,0,1,3,25
S01010800,All HRPs,360,174,128,46,186,77,1,17,38,53
S01010800,24 and under,22,2,0,2,20,20,0,0,0,0
S01010800,25 to 34,55,25,9,16,30,26,0,4,0,0
S01010800,35 to 49,92,55,35,20,37,20,0,7,10,0
S01010800,50 to 64,93,51,44,7,42,8,1,6,24,3
S01010800,65 to 74,40,21,20,1,19,3,0,0,3,13
S01010800,75 to 84,48,17,17,0,31,0,0,0,1,30
S01010800,85 and over,10,3,3,0,7,0,0,0,0,7
S01010801,All HRPs,354,177,145,32,177,70,3,6,38,60
S01010801,24 and under,9,1,0,1,8,8,0,0,0,0
S01010801,25 to 34,42,21,7,14,21,19,1,1,0,0
S01010801,35 to 49,75,42,29,13,33,16,0,4,12,1
S01010801,50 to 64,96,63,59,4,33,11,1,1,15,5
S01010801,65 to 74,67,31,31,0,36,10,1,0,8,17
S01010801,75 to 84,43,17,17,0,26,2,0,0,3,21
S01010801,85 and over,22,2,2,0,20,4,0,0,0,16
S01010802,All HRPs,263,145,104,41,118,51,0,10,24,33
S01010802,24 and under,17,3,1,2,14,14,0,0,0,0
S01010802,25 to 34,43,24,4,20,19,19,0,0,0,0
S01010802,35 to 49,69,40,29,11,29,13,0,6,8,2
S01010802,50 to 64,64,43,37,6,21,4,0,3,11,3
S01010802,65 to 74,26,12,11,1,14,1,0,1,3,9
S01010802,75 to 84,36,21,20,1,15,0,0,0,2,13
S01010802,85 and over,8,2,2,0,6,0,0,0,0,6
S01010803,All HRPs,280,113,91,22,167,73,5,11,33,45
S01010803,24 and under,17,3,1,2,14,14,0,0,0,0
S01010803,25 to 34,46,19,10,9,27,26,0,0,1,0
S01010803,35 to 49,76,34,25,9,42,22,1,6,11,2
S01010803,50 to 64,66,27,25,2,39,6,3,5,16,9
S01010803,65 to 74,34,15,15,0,19,1,0,0,4,14
S01010803,75 to 84,34,14,14,0,20,4,1,0,1,14
S01010803,85 and over,7,1,1,0,6,0,0,0,0,6
S01010804,All HRPs,283,147,132,15,136,44,2,10,30,50
S01010804,24 and under,6,0,0,0,6,6,0,0,0,0
S01010804,25 to 34,25,9,6,3,16,15,1,0,0,0
S01010804,35 to 49,69,35,32,3,34,11,1,8,13,1
S01010804,50 to 64,89,58,49,9,31,8,0,1,15,7
S01010804,65 to 74,41,26,26,0,15,2,0,0,2,11
S01010804,75 to 84,42,17,17,0,25,1,0,1,0,23
S01010804,85 and over,11,2,2,0,9,1,0,0,0,8
S01010805,All HRPs,377,212,178,34,165,64,5,12,40,44
S01010805,24 and under,21,5,0,5,16,15,1,0,0,0
S01010805,25 to 34,42,18,9,9,24,21,0,3,0,0
S01010805,35 to 49,94,48,36,12,46,18,0,7,20,1
S01010805,50 to 64,108,81,73,8,27,8,1,2,14,2
S01010805,65 to 74,56,42,42,0,14,0,0,0,3,11
S01010805,75 to 84,47,18,18,0,29,2,3,0,3,21
S01010805,85 and over,9,0,0,0,9,0,0,0,0,9
S01010806,All HRPs,458,179,127,52,279,135,4,28,51,61
S01010806,24 and under,39,12,1,11,27,26,0,0,0,1
S01010806,25 to 34,71,24,8,16,47,39,0,6,1,1
S01010806,35 to 49,122,51,32,19,71,34,1,15,17,4
S01010806,50 to 64,117,57,51,6,60,21,1,7,22,9
S01010806,65 to 74,58,21,21,0,37,8,0,0,9,20
S01010806,75 to 84,35,12,12,0,23,4,0,0,2,17
S01010806,85 and over,16,2,2,0,14,3,2,0,0,9
S01010807,All HRPs,244,144,119,25,100,29,2,10,28,31
S01010807,24 and under,5,2,0,2,3,3,0,0,0,0
S01010807,25 to 34,39,25,13,12,14,12,0,1,1,0
S01010807,35 to 49,67,39,29,10,28,9,1,6,11,1
S01010807,50 to 64,57,38,37,1,19,4,0,3,8,4
S01010807,65 to 74,46,24,24,0,22,1,0,0,7,14
S01010807,75 to 84,26,15,15,0,11,0,0,0,1,10
S01010807,85 and over,4,1,1,0,3,0,1,0,0,2
S01010808,All HRPs,230,142,119,23,88,27,1,7,30,23
S01010808,24 and under,8,4,1,3,4,4,0,0,0,0
S01010808,25 to 34,34,19,8,11,15,11,0,2,2,0
S01010808,35 to 49,65,41,36,5,24,6,0,4,14,0
S01010808,50 to 64,68,47,44,3,21,5,0,0,11,5
S01010808,65 to 74,27,21,20,1,6,1,0,1,1,3
S01010808,75 to 84,19,8,8,0,11,0,1,0,2,8
S01010808,85 and over,9,2,2,0,7,0,0,0,0,7
S01010809,All HRPs,328,209,166,43,119,53,3,9,20,34
S01010809,24 and under,5,0,0,0,5,5,0,0,0,0
S01010809,25 to 34,36,20,7,13,16,13,0,1,2,0
S01010809,35 to 49,87,58,43,15,29,19,1,3,5,1
S01010809,50 to 64,119,88,74,14,31,10,0,4,11,6
S01010809,65 to 74,42,27,26,1,15,2,1,1,1,10
S01010809,75 to 84,30,15,15,0,15,4,0,0,1,10
S01010809,85 and over,9,1,1,0,8,0,1,0,0,7
S01010810,All HRPs,249,116,97,19,133,59,1,10,24,39
S01010810,24 and under,7,2,0,2,5,5,0,0,0,0
S01010810,25 to 34,13,5,2,3,8,8,0,0,0,0
S01010810,35 to 49,49,26,19,7,23,13,0,2,7,1
S01010810,50 to 64,79,45,39,6,34,10,0,7,10,7
S01010810,65 to 74,55,25,24,1,30,14,0,0,4,12
S01010810,75 to 84,33,10,10,0,23,8,1,1,2,11
S01010810,85 and over,13,3,3,0,10,1,0,0,1,8
S01010811,All HRPs,414,228,189,39,186,69,6,20,29,62
S01010811,24 and under,10,4,0,4,6,3,0,3,0,0
S01010811,25 to 34,33,22,10,12,11,10,0,0,1,0
S01010811,35 to 49,100,68,54,14,32,17,4,5,6,0
S01010811,50 to 64,136,80,72,8,56,23,2,8,15,8
S01010811,65 to 74,65,33,32,1,32,11,0,2,5,14
S01010811,75 to 84,50,19,19,0,31,3,0,1,1,26
S01010811,85 and over,20,2,2,0,18,2,0,1,1,14
S01010812,All HRPs,238,121,101,20,117,42,1,11,29,34
S01010812,24 and under,2,0,0,0,2,2,0,0,0,0
S01010812,25 to 34,14,6,3,3,8,8,0,0,0,0
S01010812,35 to 49,59,39,29,10,20,10,0,1,8,1
S01010812,50 to 64,86,51,46,5,35,13,0,3,14,5
S01010812,65 to 74,34,12,11,1,22,4,0,6,5,7
S01010812,75 to 84,31,12,11,1,19,1,1,1,2,14
S01010812,85 and over,12,1,1,0,11,4,0,0,0,7
S01010813,All HRPs,249,132,108,24,117,39,2,16,25,35
S01010813,24 and under,5,2,0,2,3,3,0,0,0,0
S01010813,25 to 34,20,9,2,7,11,11,0,0,0,0
S01010813,35 to 49,72,35,27,8,37,15,1,10,11,0
S01010813,50 to 64,89,60,54,6,29,6,0,6,10,7
S01010813,65 to 74,41,23,22,1,18,3,1,0,4,10
S01010813,75 to 84,15,3,3,0,12,1,0,0,0,11
S01010813,85 and over,7,0,0,0,7,0,0,0,0,7
S01010814,All HRPs,307,151,135,16,156,55,9,16,37,39
S01010814,24 and under,2,0,0,0,2,2,0,0,0,0
S01010814,25 to 34,17,5,3,2,12,11,0,1,0,0
S01010814,35 to 49,83,44,37,7,39,20,3,7,8,1
S01010814,50 to 64,113,64,59,5,49,14,6,7,18,4
S01010814,65 to 74,49,24,22,2,25,3,0,1,8,13
S01010814,75 to 84,33,12,12,0,21,4,0,0,3,14
S01010814,85 and over,10,2,2,0,8,1,0,0,0,7
S01010815,All HRPs,208,115,95,20,93,37,3,8,20,25
S01010815,24 and under,2,1,0,1,1,1,0,0,0,0
S01010815,25 to 34,19,10,5,5,9,9,0,0,0,0
S01010815,35 to 49,42,25,18,7,17,6,0,5,6,0
S01010815,50 to 64,79,54,49,5,25,13,1,2,8,1
S01010815,65 to 74,36,16,14,2,20,4,2,1,5,8
S01010815,75 to 84,24,9,9,0,15,4,0,0,1,10
S01010815,85 and over,6,0,0,0,6,0,0,0,0,6
S01010816,All HRPs,293,154,146,8,139,20,4,9,31,75
S01010816,24 and under,2,0,0,0,2,2,0,0,0,0
S01010816,25 to 34,15,12,7,5,3,3,0,0,0,0
S01010816,35 to 49,63,42,39,3,21,5,1,5,9,1
S01010816,50 to 64,71,46,46,0,25,6,2,4,7,6
S01010816,65 to 74,55,31,31,0,24,2,0,0,12,10
S01010816,75 to 84,51,13,13,0,38,2,1,0,3,32
S01010816,85 and over,36,10,10,0,26,0,0,0,0,26
S01010817,All HRPs,376,247,230,17,129,40,6,14,31,38
S01010817,24 and under,4,0,0,0,4,4,0,0,0,0
S01010817,25 to 34,20,13,9,4,7,5,0,0,2,0
S01010817,35 to 49,109,80,70,10,29,14,0,8,5,2
S01010817,50 to 64,143,92,89,3,51,12,4,5,19,11
S01010817,65 to 74,56,41,41,0,15,2,1,1,4,7
S01010817,75 to 84,34,19,19,0,15,2,1,0,1,11
S01010817,85 and over,10,2,2,0,8,1,0,0,0,7
S01010818,All HRPs,507,247,225,22,260,79,10,17,60,94
S01010818,24 and under,11,2,0,2,9,9,0,0,0,0
S01010818,25 to 34,29,13,7,6,16,15,0,1,0,0
S01010818,35 to 49,160,86,74,12,74,37,5,9,23,0
S01010818,50 to 64,132,90,89,1,42,10,2,3,19,8
S01010818,65 to 74,63,32,31,1,31,2,1,2,13,13
S01010818,75 to 84,76,22,22,0,54,5,2,2,4,41
S01010818,85 and over,36,2,2,0,34,1,0,0,1,32
S01010819,All HRPs,374,211,182,29,163,61,5,9,31,57
S01010819,24 and under,5,2,0,2,3,3,0,0,0,0
S01010819,25 to 34,24,11,7,4,13,13,0,0,0,0
S01010819,35 to 49,83,57,49,8,26,14,1,4,7,0
S01010819,50 to 64,121,75,65,10,46,14,1,5,14,12
S01010819,65 to 74,69,38,35,3,31,9,0,0,7,15
S01010819,75 to 84,54,24,22,2,30,6,3,0,2,19
S01010819,85 and over,18,4,4,0,14,2,0,0,1,11
S01010820,All HRPs,217,142,129,13,75,23,3,9,17,23
S01010820,24 and under,2,0,0,0,2,2,0,0,0,0
S01010820,25 to 34,10,6,5,1,4,4,0,0,0,0
S01010820,35 to 49,64,50,38,12,14,4,0,5,5,0
S01010820,50 to 64,76,50,50,0,26,7,3,3,10,3
S01010820,65 to 74,37,27,27,0,10,3,0,0,1,6
S01010820,75 to 84,21,8,8,0,13,1,0,1,1,10
S01010820,85 and over,7,1,1,0,6,2,0,0,0,4
S01010821,All HRPs,245,184,179,5,61,12,2,3,11,33
S01010821,24 and under,0,0,0,0,0,0,0,0,0,0
S01010821,25 to 34,6,6,5,1,0,0,0,0,0,0
S01010821,35 to 49,51,40,38,2,11,7,0,0,3,1
S01010821,50 to 64,84,70,68,2,14,2,0,2,8,2
S01010821,65 to 74,55,39,39,0,16,2,1,0,0,13
S01010821,75 to 84,33,24,24,0,9,1,1,1,0,6
S01010821,85 and over,16,5,5,0,11,0,0,0,0,11
S01010822,All HRPs,280,178,167,11,102,46,3,14,26,13
S01010822,24 and under,3,0,0,0,3,3,0,0,0,0
S01010822,25 to 34,14,5,5,0,9,8,0,0,1,0
S01010822,35 to 49,118,75,71,4,43,23,0,9,10,1
S01010822,50 to 64,102,71,64,7,31,10,3,4,13,1
S01010822,65 to 74,27,20,20,0,7,0,0,0,1,6
S01010822,75 to 84,13,7,7,0,6,2,0,1,1,2
S01010822,85 and over,3,0,0,0,3,0,0,0,0,3
S01010823,All HRPs,147,108,80,28,39,17,2,8,9,3
S01010823,24 and under,7,4,0,4,3,3,0,0,0,0
S01010823,25 to 34,38,31,17,14,7,4,0,2,0,1
S01010823,35 to 49,63,43,37,6,20,8,1,4,7,0
S01010823,50 to 64,32,27,23,4,5,2,0,2,1,0
S01010823,65 to 74,3,1,1,0,2,0,0,0,0,2
S01010823,75 to 84,3,2,2,0,1,0,1,0,0,0
S01010823,85 and over,1,0,0,0,1,0,0,0,1,0
S01010824,All HRPs,250,195,172,23,55,19,3,7,18,8
S01010824,24 and under,2,1,0,1,1,1,0,0,0,0
S01010824,25 to 34,21,16,14,2,5,4,1,0,0,0
S01010824,35 to 49,145,125,110,15,20,6,0,5,9,0
S01010824,50 to 64,56,34,30,4,22,5,2,1,9,5
S01010824,65 to 74,19,16,16,0,3,2,0,1,0,0
S01010824,75 to 84,6,3,2,1,3,1,0,0,0,2
S01010824,85 and over,1,0,0,0,1,0,0,0,0,1
S01010825,All HRPs,125,99,90,9,26,7,0,5,5,9
S01010825,24 and under,0,0,0,0,0,0,0,0,0,0
S01010825,25 to 34,16,13,10,3,3,2,0,1,0,0
S01010825,35 to 49,67,57,52,5,10,4,0,4,2,0
S01010825,50 to 64,19,16,15,1,3,0,0,0,1,2
S01010825,65 to 74,12,9,9,0,3,0,0,0,2,1
S01010825,75 to 84,8,4,4,0,4,1,0,0,0,3
S01010825,85 and over,3,0,0,0,3,0,0,0,0,3
S01010826,All HRPs,315,194,178,16,121,37,3,17,24,40
S01010826,24 and under,7,1,0,1,6,6,0,0,0,0
S01010826,25 to 34,20,9,7,2,11,7,1,3,0,0
S01010826,35 to 49,91,62,58,4,29,15,0,7,7,0
S01010826,50 to 64,114,80,72,8,34,7,2,5,12,8
S01010826,65 to 74,51,32,31,1,19,1,0,1,3,14
S01010826,75 to 84,21,7,7,0,14,0,0,1,1,12
S01010826,85 and over,11,3,3,0,8,1,0,0,1,6
S01010827,All HRPs,221,172,154,18,49,12,0,3,21,13
S01010827,24 and under,1,1,0,1,0,0,0,0,0,0
S01010827,25 to 34,11,9,5,4,2,2,0,0,0,0
S01010827,35 to 49,77,65,58,7,12,3,0,0,9,0
S01010827,50 to 64,92,73,67,6,19,5,0,3,7,4
S01010827,65 to 74,30,20,20,0,10,0,0,0,4,6
S01010827,75 to 84,7,3,3,0,4,1,0,0,1,2
S01010827,85 and over,3,1,1,0,2,1,0,0,0,1
S01010828,All HRPs,441,339,305,34,102,27,0,12,35,28
S01010828,24 and under,5,1,0,1,4,4,0,0,0,0
S01010828,25 to 34,16,12,9,3,4,4,0,0,0,0
S01010828,35 to 49,192,165,145,20,27,10,0,5,11,1
S01010828,50 to 64,171,129,120,9,42,8,0,6,21,7
S01010828,65 to 74,34,23,22,1,11,1,0,1,2,7
S01010828,75 to 84,19,9,9,0,10,0,0,0,0,10
S01010828,85 and over,4,0,0,0,4,0,0,0,1,3
S01010829,All HRPs,464,241,206,35,223,79,7,16,53,68
S01010829,24 and under,7,0,0,0,7,7,0,0,0,0
S01010829,25 to 34,48,17,9,8,31,28,0,0,3,0
S01010829,35 to 49,111,66,51,15,45,22,1,4,15,3
S01010829,50 to 64,166,98,88,10,68,15,4,11,25,13
S01010829,65 to 74,71,39,39,0,32,4,1,1,6,20
S01010829,75 to 84,48,18,16,2,30,2,0,0,4,24
S01010829,85 and over,13,3,3,0,10,1,1,0,0,8
S01010830,All HRPs,231,139,119,20,92,23,0,8,32,29
S01010830,24 and under,1,1,0,1,0,0,0,0,0,0
S01010830,25 to 34,18,12,4,8,6,6,0,0,0,0
S01010830,35 to 49,68,41,35,6,27,14,0,3,8,2
S01010830,50 to 64,79,54,50,4,25,1,0,3,17,4
S01010830,65 to 74,36,21,21,0,15,1,0,1,5,8
S01010830,75 to 84,21,8,7,1,13,1,0,1,2,9
S01010830,85 and over,8,2,2,0,6,0,0,0,0,6
S01010831,All HRPs,197,159,148,11,38,9,2,6,17,4
S01010831,24 and under,1,1,0,1,0,0,0,0,0,0
S01010831,25 to 34,12,9,7,2,3,1,0,2,0,0
S01010831,35 to 49,128,106,99,7,22,5,1,2,14,0
S01010831,50 to 64,42,35,34,1,7,2,1,1,2,1
S01010831,65 to 74,11,5,5,0,6,1,0,1,1,3
S01010831,75 to 84,2,2,2,0,0,0,0,0,0,0
S01010831,85 and over,1,1,1,0,0,0,0,0,0,0
S01010832,All HRPs,284,184,150,34,100,47,3,11,21,18
S01010832,24 and under,4,0,0,0,4,4,0,0,0,0
S01010832,25 to 34,42,23,8,15,19,16,1,0,2,0
S01010832,35 to 49,100,66,53,13,34,19,2,6,7,0
S01010832,50 to 64,96,72,67,5,24,6,0,3,7,8
S01010832,65 to 74,29,17,16,1,12,1,0,2,4,5
S01010832,75 to 84,11,6,6,0,5,1,0,0,1,3
S01010832,85 and over,2,0,0,0,2,0,0,0,0,2
S01010833,All HRPs,348,254,229,25,94,39,4,5,22,24
S01010833,24 and under,2,0,0,0,2,2,0,0,0,0
S01010833,25 to 34,25,13,7,6,12,12,0,0,0,0
S01010833,35 to 49,116,99,88,11,17,14,0,3,0,0
S01010833,50 to 64,132,103,96,7,29,7,3,2,12,5
S01010833,65 to 74,45,26,25,1,19,1,1,0,7,10
S01010833,75 to 84,24,11,11,0,13,3,0,0,2,8
S01010833,85 and over,4,2,2,0,2,0,0,0,1,1
S01010834,All HRPs,422,270,250,20,152,51,2,9,28,62
S01010834,24 and under,5,1,0,1,4,4,0,0,0,0
S01010834,25 to 34,24,14,12,2,10,10,0,0,0,0
S01010834,35 to 49,97,63,50,13,34,18,0,6,7,3
S01010834,50 to 64,145,104,101,3,41,11,2,3,17,8
S01010834,65 to 74,80,56,55,1,24,5,0,0,3,16
S01010834,75 to 84,58,25,25,0,33,3,0,0,1,29
S01010834,85 and over,13,7,7,0,6,0,0,0,0,6
S01010835,All HRPs,270,195,184,11,75,18,1,5,16,35
S01010835,24 and under,0,0,0,0,0,0,0,0,0,0
S01010835,25 to 34,7,3,3,0,4,3,0,1,0,0
S01010835,35 to 49,55,46,39,7,9,4,0,2,3,0
S01010835,50 to 64,100,72,70,2,28,6,0,2,13,7
S01010835,65 to 74,59,49,47,2,10,1,0,0,0,9
S01010835,75 to 84,36,21,21,0,15,2,0,0,0,13
S01010835,85 and over,13,4,4,0,9,2,1,0,0,6
S01010836,All HRPs,384,186,156,30,198,80,5,15,48,50
S01010836,24 and under,4,3,0,3,1,1,0,0,0,0
S01010836,25 to 34,35,15,9,6,20,19,0,0,1,0
S01010836,35 to 49,122,56,43,13,66,37,1,9,19,0
S01010836,50 to 64,124,74,69,5,50,18,1,5,18,8
S01010836,65 to 74,52,24,21,3,28,2,1,1,7,17
S01010836,75 to 84,40,14,14,0,26,2,2,0,3,19
S01010836,85 and over,7,0,0,0,7,1,0,0,0,6
S01010837,All HRPs,289,156,143,13,133,35,0,7,27,64
S01010837,24 and under,3,1,0,1,2,2,0,0,0,0
S01010837,25 to 34,15,6,3,3,9,6,0,1,1,1
S01010837,35 to 49,75,43,38,5,32,16,0,5,10,1
S01010837,50 to 64,81,52,50,2,29,7,0,1,11,10
S01010837,65 to 74,65,38,36,2,27,2,0,0,3,22
S01010837,75 to 84,37,13,13,0,24,2,0,0,2,20
S01010837,85 and over,13,3,3,0,10,0,0,0,0,10
S01010838,All HRPs,330,183,148,35,147,56,0,5,34,52
S01010838,24 and under,3,0,0,0,3,3,0,0,0,0
S01010838,25 to 34,33,20,11,9,13,11,0,1,1,0
S01010838,35 to 49,120,78,60,18,42,23,0,2,17,0
S01010838,50 to 64,87,54,46,8,33,15,0,2,10,6
S01010838,65 to 74,39,21,21,0,18,2,0,0,2,14
S01010838,75 to 84,33,10,10,0,23,2,0,0,3,18
S01010838,85 and over,15,0,0,0,15,0,0,0,1,14
S01010839,All HRPs,339,156,135,21,183,58,2,11,47,65
S01010839,24 and under,10,1,0,1,9,8,0,0,1,0
S01010839,25 to 34,28,11,4,7,17,17,0,0,0,0
S01010839,35 to 49,111,66,54,12,45,19,1,6,18,1
S01010839,50 to 64,78,36,35,1,42,10,0,2,23,7
S01010839,65 to 74,43,22,22,0,21,2,0,2,1,16
S01010839,75 to 84,53,18,18,0,35,2,1,1,3,28
S01010839,85 and over,16,2,2,0,14,0,0,0,1,13
S01010840,All HRPs,300,95,72,23,205,82,2,10,39,72
S01010840,24 and under,9,0,0,0,9,9,0,0,0,0
S01010840,25 to 34,39,13,9,4,26,26,0,0,0,0
S01010840,35 to 49,75,28,15,13,47,28,1,3,15,0
S01010840,50 to 64,68,34,29,5,34,10,1,3,16,4
S01010840,65 to 74,43,13,12,1,30,6,0,3,3,18
S01010840,75 to 84,51,5,5,0,46,3,0,1,4,38
S01010840,85 and over,15,2,2,0,13,0,0,0,1,12
S01010841,All HRPs,390,175,136,39,215,100,6,14,44,51
S01010841,24 and under,13,4,1,3,9,9,0,0,0,0
S01010841,25 to 34,57,25,10,15,32,29,2,0,1,0
S01010841,35 to 49,114,48,36,12,66,39,0,6,19,2
S01010841,50 to 64,102,57,48,9,45,14,2,5,16,8
S01010841,65 to 74,61,26,26,0,35,3,0,2,8,22
S01010841,75 to 84,32,14,14,0,18,3,2,1,0,12
S01010841,85 and over,11,1,1,0,10,3,0,0,0,7
S01010842,All HRPs,613,130,96,34,483,206,9,36,101,131
S01010842,24 and under,28,3,0,3,25,25,0,0,0,0
S01010842,25 to 34,72,16,8,8,56,49,2,2,3,0
S01010842,35 to 49,144,34,23,11,110,60,1,21,27,1
S01010842,50 to 64,138,26,19,7,112,49,4,7,44,8
S01010842,65 to 74,101,25,23,2,76,11,1,4,22,38
S01010842,75 to 84,84,22,19,3,62,6,1,2,3,50
S01010842,85 and over,46,4,4,0,42,6,0,0,2,34
S01010843,All HRPs,407,118,91,27,289,128,2,13,61,85
S01010843,24 and under,13,4,0,4,9,9,0,0,0,0
S01010843,25 to 34,56,13,6,7,43,41,0,1,1,0
S01010843,35 to 49,95,29,17,12,66,43,0,3,19,1
S01010843,50 to 64,87,37,34,3,50,13,0,6,23,8
S01010843,65 to 74,67,22,21,1,45,11,2,2,15,15
S01010843,75 to 84,59,12,12,0,47,8,0,1,2,36
S01010843,85 and over,30,1,1,0,29,3,0,0,1,25
S01010844,All HRPs,289,185,168,17,104,31,3,11,17,42
S01010844,24 and under,5,1,0,1,4,4,0,0,0,0
S01010844,25 to 34,10,7,4,3,3,2,1,0,0,0
S01010844,35 to 49,75,56,46,10,19,7,0,6,6,0
S01010844,50 to 64,102,76,74,2,26,6,1,5,7,7
S01010844,65 to 74,47,28,28,0,19,7,0,0,3,9
S01010844,75 to 84,38,15,14,1,23,2,1,0,1,19
S01010844,85 and over,12,2,2,0,10,3,0,0,0,7
S01010845,All HRPs,259,166,155,11,93,35,2,1,20,35
S01010845,24 and under,7,0,0,0,7,7,0,0,0,0
S01010845,25 to 34,20,11,9,2,9,9,0,0,0,0
S01010845,35 to 49,58,40,37,3,18,11,1,0,6,0
S01010845,50 to 64,82,63,57,6,19,5,0,1,9,4
S01010845,65 to 74,53,30,30,0,23,2,1,0,5,15
S01010845,75 to 84,36,20,20,0,16,1,0,0,0,15
S01010845,85 and over,3,2,2,0,1,0,0,0,0,1
S01010846,All HRPs,296,138,111,27,158,64,2,19,44,29
S01010846,24 and under,7,0,0,0,7,7,0,0,0,0
S01010846,25 to 34,31,18,10,8,13,11,0,1,1,0
S01010846,35 to 49,106,43,29,14,63,26,1,10,22,4
S01010846,50 to 64,104,58,56,2,46,18,0,5,16,7
S01010846,65 to 74,27,13,10,3,14,2,0,2,4,6
S01010846,75 to 84,18,5,5,0,13,0,1,1,1,10
S01010846,85 and over,3,1,1,0,2,0,0,0,0,2
S01010847,All HRPs,259,170,149,21,89,39,2,6,27,15
S01010847,24 and under,6,1,0,1,5,5,0,0,0,0
S01010847,25 to 34,39,25,15,10,14,12,0,1,1,0
S01010847,35 to 49,92,63,60,3,29,17,0,1,10,1
S01010847,50 to 64,86,60,54,6,26,4,2,4,13,3
S01010847,65 to 74,29,19,18,1,10,1,0,0,3,6
S01010847,75 to 84,5,1,1,0,4,0,0,0,0,4
S01010847,85 and over,2,1,1,0,1,0,0,0,0,1
S01010848,All HRPs,260,100,83,17,160,68,2,13,41,36
S01010848,24 and under,9,0,0,0,9,9,0,0,0,0
S01010848,25 to 34,32,6,3,3,26,24,0,0,2,0
S01010848,35 to 49,87,44,36,8,43,19,1,9,13,1
S01010848,50 to 64,83,36,31,5,47,9,0,3,20,15
S01010848,65 to 74,37,10,9,1,27,6,1,0,6,14
S01010848,75 to 84,12,4,4,0,8,1,0,1,0,6
S01010848,85 and over,0,0,0,0,0,0,0,0,0,0
S01010849,All HRPs,364,154,125,29,210,96,1,24,44,45
S01010849,24 and under,12,1,0,1,11,11,0,0,0,0
S01010849,25 to 34,42,9,3,6,33,31,0,1,1,0
S01010849,35 to 49,119,54,39,15,65,35,1,10,18,1
S01010849,50 to 64,112,61,56,5,51,8,0,12,20,11
S01010849,65 to 74,45,17,17,0,28,9,0,1,4,14
S01010849,75 to 84,30,12,10,2,18,1,0,0,1,16
S01010849,85 and over,4,0,0,0,4,1,0,0,0,3
S01010850,All HRPs,373,134,108,26,239,114,1,16,55,53
S01010850,24 and under,15,1,0,1,14,14,0,0,0,0
S01010850,25 to 34,55,14,8,6,41,40,0,1,0,0
S01010850,35 to 49,109,35,25,10,74,41,1,9,21,2
S01010850,50 to 64,123,58,50,8,65,17,0,5,29,14
S01010850,65 to 74,40,15,14,1,25,2,0,0,5,18
S01010850,75 to 84,30,11,11,0,19,0,0,1,0,18
S01010850,85 and over,1,0,0,0,1,0,0,0,0,1
S01010851,All HRPs,347,141,101,40,206,106,0,14,46,40
S01010851,24 and under,16,3,0,3,13,13,0,0,0,0
S01010851,25 to 34,57,20,9,11,37,32,0,3,2,0
S01010851,35 to 49,126,52,35,17,74,46,0,6,21,1
S01010851,50 to 64,87,46,38,8,41,13,0,3,15,10
S01010851,65 to 74,36,11,10,1,25,2,0,2,7,14
S01010851,75 to 84,25,9,9,0,16,0,0,0,1,15
S01010851,85 and over,0,0,0,0,0,0,0,0,0,0
S01010852,All HRPs,306,164,139,25,142,47,1,10,33,51
S01010852,24 and under,7,1,0,1,6,6,0,0,0,0
S01010852,25 to 34,25,12,6,6,13,12,0,0,1,0
S01010852,35 to 49,86,54,43,11,32,18,0,5,9,0
S01010852,50 to 64,103,63,57,6,40,8,0,3,19,10
S01010852,65 to 74,46,21,21,0,25,1,1,2,4,17
S01010852,75 to 84,30,12,11,1,18,1,0,0,0,17
S01010852,85 and over,9,1,1,0,8,1,0,0,0,7
S01010853,All HRPs,358,203,169,34,155,47,3,19,32,54
S01010853,24 and under,3,1,0,1,2,2,0,0,0,0
S01010853,25 to 34,37,19,9,10,18,13,0,4,1,0
S01010853,35 to 49,89,56,44,12,33,18,1,7,7,0
S01010853,50 to 64,132,81,73,8,51,11,1,7,21,11
S01010853,65 to 74,50,27,25,2,23,3,1,0,2,17
S01010853,75 to 84,35,17,17,0,18,0,0,1,1,16
S01010853,85 and over,12,2,1,1,10,0,0,0,0,10
S01010854,All HRPs,384,163,120,43,221,99,1,26,49,46
S01010854,24 and under,22,7,0,7,15,15,0,0,0,0
S01010854,25 to 34,58,18,8,10,40,32,1,7,0,0
S01010854,35 to 49,131,65,45,20,66,36,0,8,21,1
S01010854,50 to 64,104,52,46,6,52,12,0,9,25,6
S01010854,65 to 74,35,11,11,0,24,3,0,1,3,17
S01010854,75 to 84,32,10,10,0,22,1,0,1,0,20
S01010854,85 and over,2,0,0,0,2,0,0,0,0,2
S01010855,All HRPs,223,114,94,20,109,38,1,12,16,42
S01010855,24 and under,3,1,0,1,2,2,0,0,0,0
S01010855,25 to 34,25,16,11,5,9,7,0,1,1,0
S01010855,35 to 49,52,22,15,7,30,21,0,5,4,0
S01010855,50 to 64,72,45,40,5,27,4,1,6,5,11
S01010855,65 to 74,42,19,18,1,23,3,0,0,5,15
S01010855,75 to 84,24,10,9,1,14,1,0,0,1,12
S01010855,85 and over,5,1,1,0,4,0,0,0,0,4
S01010856,All HRPs,455,157,130,27,298,120,1,25,67,85
S01010856,24 and under,18,4,0,4,14,14,0,0,0,0
S01010856,25 to 34,56,13,7,6,43,40,0,2,1,0
S01010856,35 to 49,126,59,46,13,67,38,0,8,20,1
S01010856,50 to 64,122,44,41,3,78,21,0,13,31,13
S01010856,65 to 74,52,13,12,1,39,5,0,0,13,21
S01010856,75 to 84,69,22,22,0,47,2,0,2,2,41
S01010856,85 and over,12,2,2,0,10,0,1,0,0,9
S01010857,All HRPs,324,178,153,25,146,74,2,17,26,27
S01010857,24 and under,12,0,0,0,12,12,0,0,0,0
S01010857,25 to 34,40,19,13,6,21,21,0,0,0,0
S01010857,35 to 49,142,86,72,14,56,29,1,11,15,0
S01010857,50 to 64,93,59,55,4,34,9,1,5,8,11
S01010857,65 to 74,26,11,10,1,15,3,0,1,3,8
S01010857,75 to 84,9,3,3,0,6,0,0,0,0,6
S01010857,85 and over,2,0,0,0,2,0,0,0,0,2
S01010858,All HRPs,330,139,112,27,191,78,0,10,46,57
S01010858,24 and under,13,2,0,2,11,11,0,0,0,0
S01010858,25 to 34,44,20,9,11,24,23,0,1,0,0
S01010858,35 to 49,108,50,40,10,58,31,0,5,21,1
S01010858,50 to 64,65,28,26,2,37,8,0,3,17,9
S01010858,65 to 74,46,19,17,2,27,5,0,1,3,18
S01010858,75 to 84,48,20,20,0,28,0,0,0,4,24
S01010858,85 and over,6,0,0,0,6,0,0,0,1,5
S01010859,All HRPs,304,128,114,14,176,57,3,21,42,53
S01010859,24 and under,5,1,0,1,4,4,0,0,0,0
S01010859,25 to 34,34,14,7,7,20,16,1,2,1,0
S01010859,35 to 49,81,38,35,3,43,17,0,8,18,0
S01010859,50 to 64,89,45,42,3,44,9,1,8,17,9
S01010859,65 to 74,51,23,23,0,28,6,0,3,5,14
S01010859,75 to 84,34,7,7,0,27,2,0,0,1,24
S01010859,85 and over,10,0,0,0,10,3,1,0,0,6
S01010860,All HRPs,279,135,117,18,144,62,2,14,36,30
S01010860,24 and under,9,0,0,0,9,9,0,0,0,0
S01010860,25 to 34,24,8,5,3,16,15,1,0,0,0
S01010860,35 to 49,86,42,34,8,44,25,1,5,11,2
S01010860,50 to 64,93,55,49,6,38,7,0,5,20,6
S01010860,65 to 74,33,17,16,1,16,3,0,3,3,7
S01010860,75 to 84,34,13,13,0,21,3,0,1,2,15
S01010860,85 and over,0,0,0,0,0,0,0,0,0,0
S01010861,All HRPs,332,103,84,19,229,105,5,16,53,50
S01010861,24 and under,19,3,0,3,16,15,0,0,0,1
S01010861,25 to 34,48,12,7,5,36,32,1,1,2,0
S01010861,35 to 49,89,30,23,7,59,34,1,7,15,2
S01010861,50 to 64,86,24,20,4,62,16,1,5,27,13
S01010861,65 to 74,47,22,22,0,25,3,0,3,7,12
S01010861,75 to 84,32,8,8,0,24,3,2,0,2,17
S01010861,85 and over,11,4,4,0,7,2,0,0,0,5
S01010862,All HRPs,266,57,46,11,209,115,1,18,43,32
S01010862,24 and under,26,1,0,1,25,25,0,0,0,0
S01010862,25 to 34,37,5,1,4,32,32,0,0,0,0
S01010862,35 to 49,86,24,20,4,62,37,1,9,12,3
S01010862,50 to 64,71,13,11,2,58,15,0,9,23,11
S01010862,65 to 74,30,11,11,0,19,3,0,0,8,8
S01010862,75 to 84,14,3,3,0,11,3,0,0,0,8
S01010862,85 and over,2,0,0,0,2,0,0,0,0,2
S01010863,All HRPs,317,187,168,19,130,41,0,14,23,52
S01010863,24 and under,5,0,0,0,5,5,0,0,0,0
S01010863,25 to 34,17,10,6,4,7,6,0,0,1,0
S01010863,35 to 49,84,57,49,8,27,13,0,4,9,1
S01010863,50 to 64,105,72,65,7,33,9,0,5,9,10
S01010863,65 to 74,57,30,30,0,27,5,0,5,3,14
S01010863,75 to 84,35,17,17,0,18,1,0,0,1,16
S01010863,85 and over,14,1,1,0,13,2,0,0,0,11
S01010864,All HRPs,250,157,150,7,93,36,1,8,17,31
S01010864,24 and under,6,0,0,0,6,6,0,0,0,0
S01010864,25 to 34,19,10,8,2,9,7,0,0,1,1
S01010864,35 to 49,53,35,33,2,18,8,0,5,4,1
S01010864,50 to 64,90,64,61,3,26,10,1,3,8,4
S01010864,65 to 74,41,28,28,0,13,2,0,0,3,8
S01010864,75 to 84,34,17,17,0,17,1,0,0,1,15
S01010864,85 and over,7,3,3,0,4,2,0,0,0,2
S01010865,All HRPs,345,198,183,15,147,51,7,3,18,68
S01010865,24 and under,8,0,0,0,8,8,0,0,0,0
S01010865,25 to 34,14,7,5,2,7,6,0,0,1,0
S01010865,35 to 49,61,37,30,7,24,12,3,2,6,1
S01010865,50 to 64,100,69,64,5,31,17,3,0,7,4
S01010865,65 to 74,81,53,52,1,28,4,1,1,2,20
S01010865,75 to 84,56,22,22,0,34,4,0,0,2,28
S01010865,85 and over,25,10,10,0,15,0,0,0,0,15
S01010866,All HRPs,312,171,159,12,141,29,5,9,22,76
S01010866,24 and under,3,0,0,0,3,3,0,0,0,0
S01010866,25 to 34,13,7,5,2,6,5,1,0,0,0
S01010866,35 to 49,53,38,33,5,15,7,0,2,5,1
S01010866,50 to 64,89,61,57,4,28,8,1,3,10,6
S01010866,65 to 74,56,36,35,1,20,1,1,3,4,11
S01010866,75 to 84,61,24,24,0,37,4,0,1,0,32
S01010866,85 and over,37,5,5,0,32,1,2,0,3,26
S01010867,All HRPs,285,164,147,17,121,44,6,7,17,47
S01010867,24 and under,4,1,0,1,3,3,0,0,0,0
S01010867,25 to 34,20,8,5,3,12,11,1,0,0,0
S01010867,35 to 49,61,43,35,8,18,13,0,2,3,0
S01010867,50 to 64,84,58,53,5,26,8,1,4,9,4
S01010867,65 to 74,53,35,35,0,18,3,1,1,4,9
S01010867,75 to 84,28,11,11,0,17,3,2,0,0,12
S01010867,85 and over,35,8,8,0,27,3,1,0,1,22
S01010868,All HRPs,306,188,161,27,118,51,2,7,19,39
S01010868,24 and under,1,0,0,0,1,1,0,0,0,0
S01010868,25 to 34,16,6,3,3,10,9,0,0,1,0
S01010868,35 to 49,81,53,43,10,28,16,1,6,4,1
S01010868,50 to 64,99,74,64,10,25,10,0,1,10,4
S01010868,65 to 74,52,31,30,1,21,7,1,0,3,10
S01010868,75 to 84,43,21,18,3,22,6,0,0,0,16
S01010868,85 and over,14,3,3,0,11,2,0,0,1,8
S01010869,All HRPs,290,191,175,16,99,33,3,7,11,45
S01010869,24 and under,4,0,0,0,4,4,0,0,0,0
S01010869,25 to 34,13,5,3,2,8,8,0,0,0,0
S01010869,35 to 49,80,63,56,7,17,8,2,4,1,2
S01010869,50 to 64,104,77,71,6,27,8,0,3,9,7
S01010869,65 to 74,46,27,26,1,19,2,0,0,1,16
S01010869,75 to 84,30,16,16,0,14,2,1,0,0,11
S01010869,85 and over,13,3,3,0,10,1,0,0,0,9
S01010870,All HRPs,407,157,127,30,250,90,5,22,45,88
S01010870,24 and under,17,8,0,8,9,9,0,0,0,0
S01010870,25 to 34,46,18,12,6,28,24,0,3,1,0
S01010870,35 to 49,91,43,37,6,48,25,1,7,15,0
S01010870,50 to 64,106,47,38,9,59,13,2,12,21,11
S01010870,65 to 74,61,23,22,1,38,7,0,0,7,24
S01010870,75 to 84,54,14,14,0,40,8,1,0,0,31
S01010870,85 and over,32,4,4,0,28,4,1,0,1,22
S01010871,All HRPs,408,174,147,27,234,100,3,13,44,74
S01010871,24 and under,15,3,1,2,12,12,0,0,0,0
S01010871,25 to 34,56,27,15,12,29,26,0,2,1,0
S01010871,35 to 49,107,57,48,9,50,35,1,5,9,0
S01010871,50 to 64,101,51,48,3,50,15,0,5,24,6
S01010871,65 to 74,49,19,18,1,30,4,1,1,6,18
S01010871,75 to 84,54,16,16,0,38,6,0,0,3,29
S01010871,85 and over,26,1,1,0,25,2,1,0,1,21
S01010872,All HRPs,403,134,106,28,269,127,6,21,63,52
S01010872,24 and under,22,1,0,1,21,21,0,0,0,0
S01010872,25 to 34,65,19,7,12,46,40,1,4,1,0
S01010872,35 to 49,107,39,28,11,68,37,2,9,18,2
S01010872,50 to 64,106,46,43,3,60,22,0,6,28,4
S01010872,65 to 74,56,17,17,0,39,5,2,2,13,17
S01010872,75 to 84,35,10,9,1,25,1,0,0,2,22
S01010872,85 and over,12,2,2,0,10,1,1,0,1,7
S01010873,All HRPs,400,63,43,20,337,134,3,26,63,111
S01010873,24 and under,14,2,0,2,12,12,0,0,0,0
S01010873,25 to 34,47,12,4,8,35,31,1,0,2,1
S01010873,35 to 49,82,10,6,4,72,48,0,12,12,0
S01010873,50 to 64,81,19,14,5,62,22,0,6,29,5
S01010873,65 to 74,52,6,6,0,46,8,1,3,12,22
S01010873,75 to 84,78,11,11,0,67,7,0,5,8,47
S01010873,85 and over,46,3,2,1,43,6,1,0,0,36
S01010874,All HRPs,307,168,144,24,139,57,5,16,33,28
S01010874,24 and under,7,0,0,0,7,7,0,0,0,0
S01010874,25 to 34,36,14,6,8,22,20,0,2,0,0
S01010874,35 to 49,103,65,55,10,38,20,0,6,12,0
S01010874,50 to 64,93,62,56,6,31,7,2,7,11,4
S01010874,65 to 74,33,17,17,0,16,0,1,1,9,5
S01010874,75 to 84,24,7,7,0,17,3,1,0,1,12
S01010874,85 and over,11,3,3,0,8,0,1,0,0,7
S01010875,All HRPs,257,103,78,25,154,70,1,13,36,34
S01010875,24 and under,15,3,1,2,12,12,0,0,0,0
S01010875,25 to 34,51,16,6,10,35,29,0,4,2,0
S01010875,35 to 49,83,41,31,10,42,20,1,5,15,1
S01010875,50 to 64,54,30,27,3,24,5,0,2,12,5
S01010875,65 to 74,24,10,10,0,14,1,0,2,4,7
S01010875,75 to 84,20,3,3,0,17,0,0,0,3,14
S01010875,85 and over,10,0,0,0,10,3,0,0,0,7
S01010876,All HRPs,393,118,75,43,275,143,2,23,57,50
S01010876,24 and under,29,3,0,3,26,26,0,0,0,0
S01010876,25 to 34,80,36,12,24,44,40,0,3,1,0
S01010876,35 to 49,110,29,19,10,81,52,0,9,18,2
S01010876,50 to 64,96,32,27,5,64,15,1,10,33,5
S01010876,65 to 74,30,8,7,1,22,4,0,1,3,14
S01010876,75 to 84,37,10,10,0,27,4,1,0,2,20
S01010876,85 and over,11,0,0,0,11,2,0,0,0,9
S01010877,All HRPs,467,187,152,35,280,141,1,22,69,47
S01010877,24 and under,31,4,0,4,27,27,0,0,0,0
S01010877,25 to 34,70,26,12,14,44,40,0,0,4,0
S01010877,35 to 49,121,46,38,8,75,48,1,11,15,0
S01010877,50 to 64,146,69,61,8,77,19,0,10,38,10
S01010877,65 to 74,51,26,25,1,25,5,0,1,11,8
S01010877,75 to 84,35,14,14,0,21,2,0,0,1,18
S01010877,85 and over,13,2,2,0,11,0,0,0,0,11
S01010878,All HRPs,512,207,177,30,305,119,4,23,43,116
S01010878,24 and under,19,5,1,4,14,14,0,0,0,0
S01010878,25 to 34,49,14,9,5,35,31,1,2,1,0
S01010878,35 to 49,129,58,47,11,71,35,1,19,16,0
S01010878,50 to 64,110,72,62,10,38,16,0,1,15,6
S01010878,65 to 74,76,27,27,0,49,8,1,0,9,31
S01010878,75 to 84,94,26,26,0,68,9,1,1,2,55
S01010878,85 and over,35,5,5,0,30,6,0,0,0,24
S01010879,All HRPs,387,199,162,37,188,95,0,8,40,45
S01010879,24 and under,9,2,0,2,7,7,0,0,0,0
S01010879,25 to 34,52,19,9,10,33,27,0,2,3,1
S01010879,35 to 49,114,64,49,15,50,35,0,3,11,1
S01010879,50 to 64,122,74,66,8,48,15,0,3,19,11
S01010879,65 to 74,52,26,26,0,26,9,0,0,4,13
S01010879,75 to 84,30,11,10,1,19,2,0,0,3,14
S01010879,85 and over,8,3,2,1,5,0,0,0,0,5
S01010880,All HRPs,268,91,72,19,177,83,1,12,34,47
S01010880,24 and under,7,2,0,2,5,5,0,0,0,0
S01010880,25 to 34,49,12,5,7,37,35,0,1,1,0
S01010880,35 to 49,82,25,19,6,57,35,0,10,11,1
S01010880,50 to 64,62,31,29,2,31,4,0,1,19,7
S01010880,65 to 74,36,13,12,1,23,2,0,0,3,18
S01010880,75 to 84,24,7,6,1,17,1,1,0,0,15
S01010880,85 and over,8,1,1,0,7,1,0,0,0,6
S01010881,All HRPs,285,142,125,17,143,46,1,5,20,71
S01010881,24 and under,3,1,0,1,2,2,0,0,0,0
S01010881,25 to 34,27,12,4,8,15,15,0,0,0,0
S01010881,35 to 49,63,43,40,3,20,10,0,2,7,1
S01010881,50 to 64,61,36,33,3,25,11,0,3,5,6
S01010881,65 to 74,56,33,32,1,23,2,0,0,4,17
S01010881,75 to 84,56,15,14,1,41,5,1,0,4,31
S01010881,85 and over,19,2,2,0,17,1,0,0,0,16
S01010882,All HRPs,203,129,118,11,74,21,1,14,16,22
S01010882,24 and under,2,0,0,0,2,2,0,0,0,0
S01010882,25 to 34,10,3,1,2,7,5,1,0,1,0
S01010882,35 to 49,81,56,50,6,25,12,0,7,6,0
S01010882,50 to 64,69,49,46,3,20,2,0,6,8,4
S01010882,65 to 74,28,16,16,0,12,0,0,1,1,10
S01010882,75 to 84,11,5,5,0,6,0,0,0,0,6
S01010882,85 and over,2,0,0,0,2,0,0,0,0,2
S01010883,All HRPs,336,193,174,19,143,55,5,12,36,35
S01010883,24 and under,3,1,0,1,2,2,0,0,0,0
S01010883,25 to 34,20,10,5,5,10,9,0,1,0,0
S01010883,35 to 49,128,85,75,10,43,23,4,4,11,1
S01010883,50 to 64,126,76,74,2,50,14,1,6,23,6
S01010883,65 to 74,24,11,10,1,13,4,0,1,1,7
S01010883,75 to 84,24,8,8,0,16,1,0,0,1,14
S01010883,85 and over,11,2,2,0,9,2,0,0,0,7
S01010884,All HRPs,408,100,85,15,308,160,1,26,62,59
S01010884,24 and under,29,2,0,2,27,27,0,0,0,0
S01010884,25 to 34,47,6,4,2,41,38,0,2,1,0
S01010884,35 to 49,122,26,20,6,96,67,1,12,15,1
S01010884,50 to 64,104,40,36,4,64,16,0,9,31,8
S01010884,65 to 74,63,18,17,1,45,8,0,3,14,20
S01010884,75 to 84,33,8,8,0,25,2,0,0,1,22
S01010884,85 and over,10,0,0,0,10,2,0,0,0,8
S01010885,All HRPs,541,129,88,41,412,226,1,31,88,66
S01010885,24 and under,46,4,0,4,42,41,0,0,1,0
S01010885,25 to 34,88,34,14,20,54,54,0,0,0,0
S01010885,35 to 49,155,37,24,13,118,76,0,19,18,5
S01010885,50 to 64,138,34,30,4,104,40,1,8,48,7
S01010885,65 to 74,54,10,10,0,44,6,0,2,18,18
S01010885,75 to 84,46,8,8,0,38,6,0,2,3,27
S01010885,85 and over,14,2,2,0,12,3,0,0,0,9
S01010886,All HRPs,250,80,53,27,170,81,1,19,45,24
S01010886,24 and under,19,3,0,3,16,14,0,2,0,0
S01010886,25 to 34,31,12,2,10,19,18,0,0,1,0
S01010886,35 to 49,90,29,20,9,61,36,1,7,15,2
S01010886,50 to 64,70,24,19,5,46,12,0,8,24,2
S01010886,65 to 74,25,10,10,0,15,0,0,2,2,11
S01010886,75 to 84,14,2,2,0,12,1,0,0,3,8
S01010886,85 and over,1,0,0,0,1,0,0,0,0,1
S01010887,All HRPs,458,119,95,24,339,146,4,12,84,93
S01010887,24 and under,17,1,0,1,16,16,0,0,0,0
S01010887,25 to 34,59,14,6,8,45,39,2,1,3,0
S01010887,35 to 49,117,33,22,11,84,56,1,5,22,0
S01010887,50 to 64,102,31,28,3,71,23,0,5,37,6
S01010887,65 to 74,74,19,18,1,55,6,0,0,14,35
S01010887,75 to 84,71,21,21,0,50,5,1,1,8,35
S01010887,85 and over,18,0,0,0,18,1,0,0,0,17
S01010888,All HRPs,437,153,109,44,284,148,1,24,56,55
S01010888,24 and under,20,6,0,6,14,14,0,0,0,0
S01010888,25 to 34,77,24,8,16,53,48,0,5,0,0
S01010888,35 to 49,128,38,25,13,90,55,0,12,22,1
S01010888,50 to 64,102,46,40,6,56,20,0,5,24,7
S01010888,65 to 74,66,30,27,3,36,10,0,2,8,16
S01010888,75 to 84,38,8,8,0,30,1,1,0,2,26
S01010888,85 and over,6,1,1,0,5,0,0,0,0,5
S01010889,All HRPs,344,80,53,27,264,155,3,17,43,46
S01010889,24 and under,19,2,0,2,17,17,0,0,0,0
S01010889,25 to 34,64,15,4,11,49,47,1,1,0,0
S01010889,35 to 49,103,20,8,12,83,64,1,8,10,0
S01010889,50 to 64,83,23,21,2,60,21,1,4,29,5
S01010889,65 to 74,46,16,16,0,30,3,0,2,1,24
S01010889,75 to 84,21,3,3,0,18,2,0,2,3,11
S01010889,85 and over,8,1,1,0,7,1,0,0,0,6
S01010890,All HRPs,507,109,78,31,398,147,7,21,76,147
S01010890,24 and under,8,3,0,3,5,5,0,0,0,0
S01010890,25 to 34,49,18,9,9,31,29,0,2,0,0
S01010890,35 to 49,87,19,11,8,68,46,0,5,17,0
S01010890,50 to 64,106,25,19,6,81,25,1,10,36,9
S01010890,65 to 74,81,18,17,1,63,15,2,3,14,29
S01010890,75 to 84,140,23,19,4,117,24,3,0,9,81
S01010890,85 and over,36,3,3,0,33,3,1,1,0,28
S01010891,All HRPs,280,46,37,9,234,114,1,13,35,71
S01010891,24 and under,24,1,0,1,23,23,0,0,0,0
S01010891,25 to 34,26,2,1,1,24,22,0,1,1,0
S01010891,35 to 49,53,13,10,3,40,24,0,5,11,0
S01010891,50 to 64,67,14,11,3,53,31,0,4,12,6
S01010891,65 to 74,36,7,6,1,29,6,0,0,8,15
S01010891,75 to 84,60,8,8,0,52,7,1,3,3,38
S01010891,85 and over,14,1,1,0,13,1,0,0,0,12
S01010892,All HRPs,531,131,95,36,400,158,2,22,126,92
S01010892,24 and under,17,5,1,4,12,12,0,0,0,0
S01010892,25 to 34,63,23,7,16,40,35,0,3,2,0
S01010892,35 to 49,119,30,19,11,89,54,0,6,29,0
S01010892,50 to 64,141,39,35,4,102,27,0,8,59,8
S01010892,65 to 74,88,21,20,1,67,16,0,4,23,24
S01010892,75 to 84,80,13,13,0,67,7,0,1,12,47
S01010892,85 and over,23,0,0,0,23,7,2,0,1,13
S01010893,All HRPs,327,71,52,19,256,112,2,28,54,60
S01010893,24 and under,5,1,0,1,4,4,0,0,0,0
S01010893,25 to 34,41,14,6,8,27,25,0,2,0,0
S01010893,35 to 49,84,17,11,6,67,34,1,14,18,0
S01010893,50 to 64,87,16,14,2,71,30,1,6,24,10
S01010893,65 to 74,40,12,12,0,28,5,0,4,9,10
S01010893,75 to 84,53,11,9,2,42,8,0,2,1,31
S01010893,85 and over,17,0,0,0,17,6,0,0,2,9
S01010894,All HRPs,312,117,71,46,195,116,0,11,38,30
S01010894,24 and under,28,6,1,5,22,22,0,0,0,0
S01010894,25 to 34,85,40,16,24,45,42,0,1,2,0
S01010894,35 to 49,84,29,20,9,55,33,0,6,13,3
S01010894,50 to 64,56,22,15,7,34,12,0,3,15,4
S01010894,65 to 74,31,10,9,1,21,4,0,1,6,10
S01010894,75 to 84,25,8,8,0,17,3,0,0,2,12
S01010894,85 and over,3,2,2,0,1,0,0,0,0,1
S01010895,All HRPs,256,57,41,16,199,91,1,21,46,40
S01010895,24 and under,20,1,0,1,19,19,0,0,0,0
S01010895,25 to 34,30,6,2,4,24,23,0,1,0,0
S01010895,35 to 49,59,16,8,8,43,27,0,4,11,1
S01010895,50 to 64,80,21,18,3,59,16,0,15,22,6
S01010895,65 to 74,40,6,6,0,34,6,0,1,10,17
S01010895,75 to 84,18,4,4,0,14,0,1,0,3,10
S01010895,85 and over,9,3,3,0,6,0,0,0,0,6
S01010896,All HRPs,339,113,94,19,226,108,2,20,47,49
S01010896,24 and under,21,1,0,1,20,20,0,0,0,0
S01010896,25 to 34,39,9,4,5,30,25,2,2,1,0
S01010896,35 to 49,91,29,24,5,62,32,0,8,21,1
S01010896,50 to 64,101,42,36,6,59,20,0,8,18,13
S01010896,65 to 74,50,21,20,1,29,5,0,2,4,18
S01010896,75 to 84,32,11,10,1,21,6,0,0,2,13
S01010896,85 and over,5,0,0,0,5,0,0,0,1,4
S01010897,All HRPs,380,135,99,36,245,117,1,14,56,57
S01010897,24 and under,21,2,0,2,19,19,0,0,0,0
S01010897,25 to 34,40,15,6,9,25,24,0,1,0,0
S01010897,35 to 49,117,38,21,17,79,56,0,6,16,1
S01010897,50 to 64,120,52,45,7,68,12,1,5,33,17
S01010897,65 to 74,42,18,18,0,24,4,0,2,4,14
S01010897,75 to 84,32,10,9,1,22,2,0,0,1,19
S01010897,85 and over,8,0,0,0,8,0,0,0,2,6
S01010898,All HRPs,253,103,85,18,150,70,1,9,25,45
S01010898,24 and under,10,2,0,2,8,8,0,0,0,0
S01010898,25 to 34,24,8,3,5,16,14,0,1,1,0
S01010898,35 to 49,82,42,34,8,40,30,0,4,5,1
S01010898,50 to 64,75,36,35,1,39,14,0,4,15,6
S01010898,65 to 74,35,12,11,1,23,3,1,0,2,17
S01010898,75 to 84,22,3,2,1,19,0,0,0,2,17
S01010898,85 and over,5,0,0,0,5,1,0,0,0,4
S01010899,All HRPs,221,142,117,25,79,33,3,7,11,25
S01010899,24 and under,5,1,0,1,4,4,0,0,0,0
S01010899,25 to 34,37,19,10,9,18,14,0,3,1,0
S01010899,35 to 49,80,61,52,9,19,10,0,2,4,3
S01010899,50 to 64,59,46,41,5,13,2,0,1,4,6
S01010899,65 to 74,20,10,9,1,10,2,1,1,1,5
S01010899,75 to 84,18,5,5,0,13,1,2,0,1,9
S01010899,85 and over,2,0,0,0,2,0,0,0,0,2
S01010900,All HRPs,298,114,83,31,184,111,1,20,33,19
S01010900,24 and under,21,2,0,2,19,19,0,0,0,0
S01010900,25 to 34,74,26,8,18,48,46,0,2,0,0
S01010900,35 to 49,102,33,24,9,69,40,0,12,16,1
S01010900,50 to 64,63,32,30,2,31,4,0,6,13,8
S01010900,65 to 74,27,16,16,0,11,0,1,0,3,7
S01010900,75 to 84,10,5,5,0,5,2,0,0,1,2
S01010900,85 and over,1,0,0,0,1,0,0,0,0,1
S01010901,All HRPs,205,70,55,15,135,68,1,14,25,27
S01010901,24 and under,6,1,0,1,5,5,0,0,0,0
S01010901,25 to 34,34,6,2,4,28,27,0,1,0,0
S01010901,35 to 49,69,24,18,6,45,25,1,7,10,2
S01010901,50 to 64,55,26,22,4,29,8,0,4,12,5
S01010901,65 to 74,23,6,6,0,17,1,0,2,3,11
S01010901,75 to 84,15,6,6,0,9,2,0,0,0,7
S01010901,85 and over,3,1,1,0,2,0,0,0,0,2
S01010902,All HRPs,453,205,166,39,248,98,4,22,58,66
S01010902,24 and under,13,4,0,4,9,8,0,1,0,0
S01010902,25 to 34,46,22,9,13,24,23,0,1,0,0
S01010902,35 to 49,125,65,48,17,60,33,2,12,13,0
S01010902,50 to 64,125,65,61,4,60,19,1,5,30,5
S01010902,65 to 74,73,31,30,1,42,6,0,2,9,25
S01010902,75 to 84,57,16,16,0,41,4,1,1,6,29
S01010902,85 and over,14,2,2,0,12,5,0,0,0,7
S01010903,All HRPs,427,127,107,20,300,136,3,25,60,76
S01010903,24 and under,22,3,1,2,19,18,0,1,0,0
S01010903,25 to 34,54,13,6,7,41,38,0,3,0,0
S01010903,35 to 49,113,26,18,8,87,53,1,14,18,1
S01010903,50 to 64,109,55,52,3,54,12,2,2,24,14
S01010903,65 to 74,74,17,17,0,57,9,0,5,15,28
S01010903,75 to 84,43,13,13,0,30,4,0,0,3,23
S01010903,85 and over,12,0,0,0,12,2,0,0,0,10
S01010904,All HRPs,271,90,66,24,181,110,0,21,33,17
S01010904,24 and under,28,3,0,3,25,24,0,1,0,0
S01010904,25 to 34,27,9,4,5,18,16,0,2,0,0
S01010904,35 to 49,106,46,37,9,60,38,0,10,12,0
S01010904,50 to 64,73,23,17,6,50,25,0,7,13,5
S01010904,65 to 74,27,8,7,1,19,7,0,1,6,5
S01010904,75 to 84,8,1,1,0,7,0,0,0,2,5
S01010904,85 and over,2,0,0,0,2,0,0,0,0,2
S01010905,All HRPs,290,118,80,38,172,107,2,15,28,20
S01010905,24 and under,24,4,1,3,20,20,0,0,0,0
S01010905,25 to 34,74,38,15,23,36,32,0,3,1,0
S01010905,35 to 49,100,33,26,7,67,48,2,6,11,0
S01010905,50 to 64,61,31,27,4,30,5,0,5,15,5
S01010905,65 to 74,18,7,7,0,11,1,0,1,1,8
S01010905,75 to 84,11,4,3,1,7,0,0,0,0,7
S01010905,85 and over,2,1,1,0,1,1,0,0,0,0
S01010906,All HRPs,383,187,143,44,196,98,4,24,38,32
S01010906,24 and under,21,5,0,5,16,15,0,1,0,0
S01010906,25 to 34,68,30,20,10,38,34,0,3,1,0
S01010906,35 to 49,146,77,60,17,69,41,2,12,12,2
S01010906,50 to 64,107,65,53,12,42,6,1,7,19,9
S01010906,65 to 74,24,6,6,0,18,2,0,1,6,9
S01010906,75 to 84,12,2,2,0,10,0,1,0,0,9
S01010906,85 and over,5,2,2,0,3,0,0,0,0,3
S01010907,All HRPs,199,145,106,39,54,24,0,10,13,7
S01010907,24 and under,5,3,0,3,2,2,0,0,0,0
S01010907,25 to 34,63,45,23,22,18,12,0,5,1,0
S01010907,35 to 49,84,65,56,9,19,8,0,3,8,0
S01010907,50 to 64,33,23,18,5,10,2,0,2,4,2
S01010907,65 to 74,11,8,8,0,3,0,0,0,0,3
S01010907,75 to 84,3,1,1,0,2,0,0,0,0,2
S01010907,85 and over,0,0,0,0,0,0,0,0,0,0
S01010908,All HRPs,274,135,109,26,139,57,4,10,22,46
S01010908,24 and under,18,4,0,4,14,14,0,0,0,0
S01010908,25 to 34,19,12,4,8,7,7,0,0,0,0
S01010908,35 to 49,71,36,26,10,35,23,1,5,6,0
S01010908,50 to 64,84,55,51,4,29,7,0,3,11,8
S01010908,65 to 74,29,17,17,0,12,2,1,2,4,3
S01010908,75 to 84,30,11,11,0,19,2,1,0,1,15
S01010908,85 and over,23,0,0,0,23,2,1,0,0,20
S01010909,All HRPs,284,172,157,15,112,53,1,11,16,31
S01010909,24 and under,13,4,1,3,9,9,0,0,0,0
S01010909,25 to 34,30,15,9,6,15,14,0,0,1,0
S01010909,35 to 49,86,51,47,4,35,19,1,5,9,1
S01010909,50 to 64,90,62,60,2,28,10,0,4,5,9
S01010909,65 to 74,44,32,32,0,12,0,0,2,0,10
S01010909,75 to 84,17,7,7,0,10,1,0,0,1,8
S01010909,85 and over,4,1,1,0,3,0,0,0,0,3
S01010910,All HRPs,273,70,38,32,203,113,1,14,43,32
S01010910,24 and under,17,4,0,4,13,13,0,0,0,0
S01010910,25 to 34,55,11,2,9,44,40,0,2,2,0
S01010910,35 to 49,84,24,8,16,60,32,0,7,19,2
S01010910,50 to 64,72,23,20,3,49,18,0,4,19,8
S01010910,65 to 74,21,3,3,0,18,4,0,1,3,10
S01010910,75 to 84,17,5,5,0,12,3,1,0,0,8
S01010910,85 and over,7,0,0,0,7,3,0,0,0,4
S01010911,All HRPs,360,74,58,16,286,113,4,18,61,90
S01010911,24 and under,11,2,0,2,9,9,0,0,0,0
S01010911,25 to 34,33,8,5,3,25,23,0,0,2,0
S01010911,35 to 49,64,12,7,5,52,28,0,10,12,2
S01010911,50 to 64,109,25,23,2,84,35,2,5,34,8
S01010911,65 to 74,58,17,14,3,41,8,1,1,12,19
S01010911,75 to 84,61,9,8,1,52,8,1,2,1,40
S01010911,85 and over,24,1,1,0,23,2,0,0,0,21
S01010912,All HRPs,392,111,93,18,281,124,3,15,55,84
S01010912,24 and under,15,1,0,1,14,14,0,0,0,0
S01010912,25 to 34,40,9,5,4,31,29,0,1,1,0
S01010912,35 to 49,81,24,14,10,57,43,1,4,8,1
S01010912,50 to 64,103,37,34,3,66,20,1,7,29,9
S01010912,65 to 74,58,20,20,0,38,10,0,2,11,15
S01010912,75 to 84,62,16,16,0,46,8,1,0,2,35
S01010912,85 and over,33,4,4,0,29,0,0,1,4,24
S01010913,All HRPs,293,146,130,16,147,70,4,16,26,31
S01010913,24 and under,5,2,0,2,3,3,0,0,0,0
S01010913,25 to 34,40,20,12,8,20,16,1,3,0,0
S01010913,35 to 49,90,47,44,3,43,26,1,8,8,0
S01010913,50 to 64,101,55,52,3,46,16,1,5,13,11
S01010913,65 to 74,32,13,13,0,19,7,0,0,5,7
S01010913,75 to 84,21,9,9,0,12,2,1,0,0,9
S01010913,85 and over,4,0,0,0,4,0,0,0,0,4
S01010914,All HRPs,255,151,127,24,104,20,1,20,32,31
S01010914,24 and under,9,0,0,0,9,9,0,0,0,0
S01010914,25 to 34,26,20,10,10,6,4,0,2,0,0
S01010914,35 to 49,90,53,42,11,37,6,0,13,17,1
S01010914,50 to 64,91,56,53,3,35,1,1,5,14,14
S01010914,65 to 74,29,20,20,0,9,0,0,0,1,8
S01010914,75 to 84,9,2,2,0,7,0,0,0,0,7
S01010914,85 and over,1,0,0,0,1,0,0,0,0,1
S01010915,All HRPs,271,170,150,20,101,35,0,10,26,30
S01010915,24 and under,10,1,0,1,9,9,0,0,0,0
S01010915,25 to 34,39,22,16,6,17,14,0,3,0,0
S01010915,35 to 49,74,52,42,10,22,7,0,4,8,3
S01010915,50 to 64,108,76,73,3,32,4,0,3,12,13
S01010915,65 to 74,30,16,16,0,14,0,0,0,6,8
S01010915,75 to 84,7,3,3,0,4,1,0,0,0,3
S01010915,85 and over,3,0,0,0,3,0,0,0,0,3
S01010916,All HRPs,333,76,60,16,257,146,0,25,57,29
S01010916,24 and under,23,0,0,0,23,23,0,0,0,0
S01010916,25 to 34,59,8,3,5,51,48,0,3,0,0
S01010916,35 to 49,98,24,18,6,74,43,0,13,18,0
S01010916,50 to 64,85,25,21,4,60,20,0,5,32,3
S01010916,65 to 74,26,8,7,1,18,3,0,4,4,7
S01010916,75 to 84,32,9,9,0,23,8,0,0,3,12
S01010916,85 and over,10,2,2,0,8,1,0,0,0,7
S01010917,All HRPs,369,141,116,25,228,92,2,26,49,59
S01010917,24 and under,9,1,0,1,8,8,0,0,0,0
S01010917,25 to 34,38,16,7,9,22,18,1,2,1,0
S01010917,35 to 49,98,34,28,6,64,37,0,8,18,1
S01010917,50 to 64,111,53,47,6,58,17,1,15,24,1
S01010917,65 to 74,46,21,19,2,25,5,0,1,4,15
S01010917,75 to 84,49,12,11,1,37,6,0,0,2,29
S01010917,85 and over,18,4,4,0,14,1,0,0,0,13
S01010918,All HRPs,334,158,133,25,176,61,4,15,24,72
S01010918,24 and under,11,1,0,1,10,10,0,0,0,0
S01010918,25 to 34,30,17,7,10,13,11,1,1,0,0
S01010918,35 to 49,87,42,35,7,45,23,1,13,7,1
S01010918,50 to 64,71,50,47,3,21,8,1,1,6,5
S01010918,65 to 74,72,32,29,3,40,5,0,0,8,27
S01010918,75 to 84,49,14,14,0,35,4,1,0,2,28
S01010918,85 and over,14,2,1,1,12,0,0,0,1,11
S01010919,All HRPs,335,165,141,24,170,63,2,15,40,50
S01010919,24 and under,8,0,0,0,8,8,0,0,0,0
S01010919,25 to 34,39,21,14,7,18,15,0,2,1,0
S01010919,35 to 49,95,44,33,11,51,27,1,7,14,2
S01010919,50 to 64,96,52,48,4,44,9,0,5,17,13
S01010919,65 to 74,65,34,32,2,31,4,1,1,7,18
S01010919,75 to 84,29,13,13,0,16,0,0,0,1,15
S01010919,85 and over,3,1,1,0,2,0,0,0,0,2
S01010920,All HRPs,254,85,69,16,169,75,0,21,49,24
S01010920,24 and under,7,2,0,2,5,5,0,0,0,0
S01010920,25 to 34,38,7,4,3,31,29,0,2,0,0
S01010920,35 to 49,96,33,24,9,63,36,0,11,16,0
S01010920,50 to 64,74,30,29,1,44,4,0,8,26,6
S01010920,65 to 74,28,10,9,1,18,0,0,0,6,12
S01010920,75 to 84,5,1,1,0,4,0,0,0,1,3
S01010920,85 and over,6,2,2,0,4,1,0,0,0,3
S01010921,All HRPs,257,124,100,24,133,50,0,7,33,43
S01010921,24 and under,4,1,0,1,3,3,0,0,0,0
S01010921,25 to 34,29,12,5,7,17,16,0,1,0,0
S01010921,35 to 49,73,35,23,12,38,24,0,3,10,1
S01010921,50 to 64,83,51,48,3,32,4,0,3,16,9
S01010921,65 to 74,39,19,19,0,20,1,0,0,6,13
S01010921,75 to 84,25,4,4,0,21,1,0,0,1,19
S01010921,85 and over,4,2,1,1,2,1,0,0,0,1
S01010922,All HRPs,346,148,131,17,198,77,2,16,47,56
S01010922,24 and under,11,1,0,1,10,10,0,0,0,0
S01010922,25 to 34,29,11,7,4,18,17,0,1,0,0
S01010922,35 to 49,89,38,31,7,51,29,1,8,13,0
S01010922,50 to 64,113,63,59,4,50,11,0,7,22,10
S01010922,65 to 74,61,24,23,1,37,9,0,0,7,21
S01010922,75 to 84,28,8,8,0,20,1,1,0,2,16
S01010922,85 and over,15,3,3,0,12,0,0,0,3,9
S01010923,All HRPs,398,186,152,34,212,81,1,14,54,62
S01010923,24 and under,15,1,0,1,14,14,0,0,0,0
S01010923,25 to 34,46,24,9,15,22,21,0,1,0,0
S01010923,35 to 49,115,51,39,12,64,34,0,7,21,2
S01010923,50 to 64,109,68,63,5,41,7,0,3,20,11
S01010923,65 to 74,77,32,32,0,45,3,1,2,11,28
S01010923,75 to 84,31,9,8,1,22,2,0,1,1,18
S01010923,85 and over,5,1,1,0,4,0,0,0,1,3
S01010924,All HRPs,260,125,105,20,135,42,1,11,31,50
S01010924,24 and under,5,2,1,1,3,3,0,0,0,0
S01010924,25 to 34,15,8,4,4,7,6,0,1,0,0
S01010924,35 to 49,69,38,28,10,31,19,0,5,7,0
S01010924,50 to 64,87,46,42,4,41,12,0,3,15,11
S01010924,65 to 74,48,22,21,1,26,1,1,2,7,15
S01010924,75 to 84,31,9,9,0,22,1,0,0,2,19
S01010924,85 and over,5,0,0,0,5,0,0,0,0,5
S01010925,All HRPs,386,150,116,34,236,118,1,14,46,57
S01010925,24 and under,24,3,0,3,21,21,0,0,0,0
S01010925,25 to 34,48,16,5,11,32,28,0,4,0,0
S01010925,35 to 49,115,42,30,12,73,51,0,8,11,3
S01010925,50 to 64,83,36,32,4,47,12,1,0,28,6
S01010925,65 to 74,71,36,33,3,35,2,0,1,6,26
S01010925,75 to 84,40,16,15,1,24,4,0,1,1,18
S01010925,85 and over,5,1,1,0,4,0,0,0,0,4
S01010926,All HRPs,352,158,143,15,194,78,3,15,43,55
S01010926,24 and under,21,1,0,1,20,20,0,0,0,0
S01010926,25 to 34,43,10,6,4,33,30,0,2,1,0
S01010926,35 to 49,75,37,33,4,38,20,0,5,11,2
S01010926,50 to 64,117,70,64,6,47,6,1,7,21,12
S01010926,65 to 74,66,30,30,0,36,2,0,1,8,25
S01010926,75 to 84,25,9,9,0,16,0,2,0,2,12
S01010926,85 and over,5,1,1,0,4,0,0,0,0,4
S01010927,All HRPs,251,117,103,14,134,54,1,15,21,43
S01010927,24 and under,5,1,0,1,4,4,0,0,0,0
S01010927,25 to 34,35,13,8,5,22,19,0,1,2,0
S01010927,35 to 49,69,32,27,5,37,26,0,7,4,0
S01010927,50 to 64,78,49,46,3,29,1,1,7,11,9
S01010927,65 to 74,29,13,13,0,16,1,0,0,4,11
S01010927,75 to 84,26,7,7,0,19,3,0,0,0,16
S01010927,85 and over,9,2,2,0,7,0,0,0,0,7
S01010928,All HRPs,311,135,117,18,176,76,0,25,41,34
S01010928,24 and under,10,0,0,0,10,10,0,0,0,0
S01010928,25 to 34,57,21,12,9,36,26,0,9,1,0
S01010928,35 to 49,93,35,28,7,58,27,0,12,18,1
S01010928,50 to 64,86,49,47,2,37,8,0,3,20,6
S01010928,65 to 74,36,21,21,0,15,4,0,1,2,8
S01010928,75 to 84,25,9,9,0,16,1,0,0,0,15
S01010928,85 and over,4,0,0,0,4,0,0,0,0,4
S01010929,All HRPs,271,109,91,18,162,64,1,23,36,38
S01010929,24 and under,6,3,0,3,3,3,0,0,0,0
S01010929,25 to 34,26,9,4,5,17,17,0,0,0,0
S01010929,35 to 49,88,30,22,8,58,28,1,15,11,3
S01010929,50 to 64,94,49,47,2,45,12,0,8,19,6
S01010929,65 to 74,31,12,12,0,19,3,0,0,5,11
S01010929,75 to 84,24,6,6,0,18,1,0,0,1,16
S01010929,85 and over,2,0,0,0,2,0,0,0,0,2
S01010930,All HRPs,357,264,218,46,93,35,1,10,17,30
S01010930,24 and under,1,1,0,1,0,0,0,0,0,0
S01010930,25 to 34,48,35,21,14,13,12,0,1,0,0
S01010930,35 to 49,133,106,88,18,27,14,1,3,7,2
S01010930,50 to 64,104,80,67,13,24,6,0,6,5,7
S01010930,65 to 74,40,29,29,0,11,1,0,0,4,6
S01010930,75 to 84,25,12,12,0,13,1,0,0,1,11
S01010930,85 and over,6,1,1,0,5,1,0,0,0,4
S01010931,All HRPs,203,116,100,16,87,28,6,11,17,25
S01010931,24 and under,0,0,0,0,0,0,0,0,0,0
S01010931,25 to 34,9,7,5,2,2,2,0,0,0,0
S01010931,35 to 49,66,37,29,8,29,15,2,5,6,1
S01010931,50 to 64,63,42,36,6,21,8,2,4,6,1
S01010931,65 to 74,35,20,20,0,15,0,2,2,4,7
S01010931,75 to 84,22,10,10,0,12,3,0,0,1,8
S01010931,85 and over,8,0,0,0,8,0,0,0,0,8
S01010932,All HRPs,277,128,99,29,149,62,0,13,34,40
S01010932,24 and under,9,3,0,3,6,6,0,0,0,0
S01010932,25 to 34,30,17,10,7,13,10,0,3,0,0
S01010932,35 to 49,80,38,30,8,42,26,0,5,9,2
S01010932,50 to 64,85,51,41,10,34,6,0,3,21,4
S01010932,65 to 74,27,14,14,0,13,5,0,2,0,6
S01010932,75 to 84,31,5,4,1,26,5,0,0,4,17
S01010932,85 and over,15,0,0,0,15,4,0,0,0,11
S01010933,All HRPs,276,212,185,27,64,23,3,13,11,14
S01010933,24 and under,0,0,0,0,0,0,0,0,0,0
S01010933,25 to 34,28,25,21,4,3,3,0,0,0,0
S01010933,35 to 49,117,93,78,15,24,11,0,6,7,0
S01010933,50 to 64,89,72,64,8,17,7,0,5,2,3
S01010933,65 to 74,28,18,18,0,10,1,1,1,2,5
S01010933,75 to 84,12,4,4,0,8,1,2,1,0,4
S01010933,85 and over,2,0,0,0,2,0,0,0,0,2
S01010934,All HRPs,424,296,244,52,128,55,1,14,21,37
S01010934,24 and under,12,6,0,6,6,6,0,0,0,0
S01010934,25 to 34,43,25,10,15,18,16,0,2,0,0
S01010934,35 to 49,130,97,80,17,33,21,0,4,8,0
S01010934,50 to 64,138,107,98,9,31,9,1,4,10,7
S01010934,65 to 74,61,44,39,5,17,0,0,3,1,13
S01010934,75 to 84,33,15,15,0,18,2,0,1,2,13
S01010934,85 and over,7,2,2,0,5,1,0,0,0,4
S01010935,All HRPs,323,176,156,20,147,44,6,9,25,63
S01010935,24 and under,6,2,0,2,4,4,0,0,0,0
S01010935,25 to 34,21,12,7,5,9,7,0,2,0,0
S01010935,35 to 49,48,33,27,6,15,7,0,2,5,1
S01010935,50 to 64,88,56,51,5,32,17,1,4,7,3
S01010935,65 to 74,74,46,45,1,28,2,2,1,10,13
S01010935,75 to 84,65,23,23,0,42,4,2,0,3,33
S01010935,85 and over,21,4,3,1,17,3,1,0,0,13
S01010936,All HRPs,404,149,107,42,255,97,5,16,62,75
S01010936,24 and under,17,10,2,8,7,7,0,0,0,0
S01010936,25 to 34,49,19,4,15,30,29,1,0,0,0
S01010936,35 to 49,95,37,27,10,58,37,0,6,14,1
S01010936,50 to 64,105,42,36,6,63,18,2,7,26,10
S01010936,65 to 74,60,22,20,2,38,3,1,2,15,17
S01010936,75 to 84,47,13,12,1,34,3,1,1,7,22
S01010936,85 and over,31,6,6,0,25,0,0,0,0,25
S01010937,All HRPs,323,198,169,29,125,37,0,12,32,44
S01010937,24 and under,6,4,1,3,2,2,0,0,0,0
S01010937,25 to 34,25,11,4,7,14,13,0,0,1,0
S01010937,35 to 49,89,56,43,13,33,11,0,8,12,2
S01010937,50 to 64,129,95,89,6,34,9,0,3,14,8
S01010937,65 to 74,33,18,18,0,15,1,0,1,3,10
S01010937,75 to 84,33,14,14,0,19,0,0,0,2,17
S01010937,85 and over,8,0,0,0,8,1,0,0,0,7
S01010938,All HRPs,369,146,109,37,223,89,1,18,59,56
S01010938,24 and under,10,3,0,3,7,7,0,0,0,0
S01010938,25 to 34,48,21,6,15,27,23,0,3,1,0
S01010938,35 to 49,123,49,35,14,74,38,1,11,21,3
S01010938,50 to 64,90,41,36,5,49,15,0,4,28,2
S01010938,65 to 74,44,18,18,0,26,4,0,0,7,15
S01010938,75 to 84,37,12,12,0,25,2,0,0,2,21
S01010938,85 and over,17,2,2,0,15,0,0,0,0,15
S01010939,All HRPs,199,142,113,29,57,14,1,9,15,18
S01010939,24 and under,6,3,0,3,3,3,0,0,0,0
S01010939,25 to 34,22,17,8,9,5,5,0,0,0,0
S01010939,35 to 49,52,37,25,12,15,4,0,4,6,1
S01010939,50 to 64,77,59,54,5,18,2,1,5,7,3
S01010939,65 to 74,25,19,19,0,6,0,0,0,1,5
S01010939,75 to 84,10,6,6,0,4,0,0,0,1,3
S01010939,85 and over,7,1,1,0,6,0,0,0,0,6
S01010940,All HRPs,268,212,200,12,56,5,0,6,11,34
S01010940,24 and under,0,0,0,0,0,0,0,0,0,0
S01010940,25 to 34,9,8,5,3,1,0,0,1,0,0
S01010940,35 to 49,57,48,44,4,9,1,0,3,2,3
S01010940,50 to 64,108,95,91,4,13,3,0,2,6,2
S01010940,65 to 74,44,32,31,1,12,0,0,0,3,9
S01010940,75 to 84,41,27,27,0,14,0,0,0,0,14
S01010940,85 and over,9,2,2,0,7,1,0,0,0,6
S01010941,All HRPs,323,253,243,10,70,9,3,7,19,32
S01010941,24 and under,0,0,0,0,0,0,0,0,0,0
S01010941,25 to 34,12,11,10,1,1,1,0,0,0,0
S01010941,35 to 49,92,73,67,6,19,3,1,6,6,3
S01010941,50 to 64,124,106,103,3,18,3,0,1,9,5
S01010941,65 to 74,59,44,44,0,15,1,2,0,3,9
S01010941,75 to 84,30,18,18,0,12,1,0,0,1,10
S01010941,85 and over,6,1,1,0,5,0,0,0,0,5
S01010942,All HRPs,268,206,192,14,62,4,2,6,18,32
S01010942,24 and under,1,1,0,1,0,0,0,0,0,0
S01010942,25 to 34,14,13,10,3,1,0,0,0,1,0
S01010942,35 to 49,58,49,43,6,9,1,0,3,4,1
S01010942,50 to 64,101,82,79,3,19,2,1,2,6,8
S01010942,65 to 74,63,47,46,1,16,0,1,1,2,12
S01010942,75 to 84,26,12,12,0,14,1,0,0,5,8
S01010942,85 and over,5,2,2,0,3,0,0,0,0,3
S01010943,All HRPs,244,135,105,30,109,35,0,10,40,24
S01010943,24 and under,7,2,0,2,5,5,0,0,0,0
S01010943,25 to 34,40,23,10,13,17,14,0,2,0,1
S01010943,35 to 49,73,36,29,7,37,14,0,4,19,0
S01010943,50 to 64,78,49,42,7,29,2,0,3,17,7
S01010943,65 to 74,31,22,21,1,9,0,0,1,4,4
S01010943,75 to 84,11,3,3,0,8,0,0,0,0,8
S01010943,85 and over,4,0,0,0,4,0,0,0,0,4
S01010944,All HRPs,295,114,78,36,181,72,2,15,48,44
S01010944,24 and under,10,4,1,3,6,5,0,1,0,0
S01010944,25 to 34,52,23,10,13,29,26,0,2,1,0
S01010944,35 to 49,61,24,10,14,37,20,0,5,11,1
S01010944,50 to 64,84,33,28,5,51,14,1,6,23,7
S01010944,65 to 74,45,19,18,1,26,4,0,1,9,12
S01010944,75 to 84,33,8,8,0,25,3,0,0,4,18
S01010944,85 and over,10,3,3,0,7,0,1,0,0,6
S01010945,All HRPs,222,131,110,21,91,27,3,12,24,25
S01010945,24 and under,2,1,0,1,1,1,0,0,0,0
S01010945,25 to 34,25,15,11,4,10,8,0,2,0,0
S01010945,35 to 49,59,33,25,8,26,11,1,6,7,1
S01010945,50 to 64,82,53,46,7,29,5,1,4,12,7
S01010945,65 to 74,37,21,20,1,16,2,0,0,3,11
S01010945,75 to 84,15,7,7,0,8,0,1,0,2,5
S01010945,85 and over,2,1,1,0,1,0,0,0,0,1
S01010946,All HRPs,344,188,148,40,156,35,4,19,34,64
S01010946,24 and under,6,3,0,3,3,3,0,0,0,0
S01010946,25 to 34,33,18,8,10,15,9,2,3,1,0
S01010946,35 to 49,96,63,44,19,33,13,1,9,10,0
S01010946,50 to 64,96,63,55,8,33,8,1,6,14,4
S01010946,65 to 74,45,21,21,0,24,1,0,1,6,16
S01010946,75 to 84,54,18,18,0,36,1,0,0,3,32
S01010946,85 and over,14,2,2,0,12,0,0,0,0,12
S01010947,All HRPs,242,118,94,24,124,38,2,8,40,36
S01010947,24 and under,10,4,1,3,6,6,0,0,0,0
S01010947,25 to 34,26,11,4,7,15,15,0,0,0,0
S01010947,35 to 49,65,34,27,7,31,8,1,7,15,0
S01010947,50 to 64,73,40,36,4,33,6,0,1,19,7
S01010947,65 to 74,37,18,17,1,19,1,0,0,4,14
S01010947,75 to 84,23,8,7,1,15,2,1,0,1,11
S01010947,85 and over,8,3,2,1,5,0,0,0,1,4
S01010948,All HRPs,288,171,150,21,117,44,1,14,30,28
S01010948,24 and under,4,0,0,0,4,4,0,0,0,0
S01010948,25 to 34,28,15,8,7,13,10,0,2,1,0
S01010948,35 to 49,95,53,43,10,42,22,1,9,10,0
S01010948,50 to 64,85,56,52,4,29,6,0,1,15,7
S01010948,65 to 74,45,31,31,0,14,0,0,2,3,9
S01010948,75 to 84,26,15,15,0,11,1,0,0,1,9
S01010948,85 and over,5,1,1,0,4,1,0,0,0,3
S01010949,All HRPs,344,268,246,22,76,4,3,6,26,37
S01010949,24 and under,3,2,0,2,1,1,0,0,0,0
S01010949,25 to 34,17,15,11,4,2,2,0,0,0,0
S01010949,35 to 49,94,82,72,10,12,0,1,2,9,0
S01010949,50 to 64,141,112,107,5,29,0,2,4,15,8
S01010949,65 to 74,58,42,42,0,16,0,0,0,2,14
S01010949,75 to 84,27,14,13,1,13,1,0,0,0,12
S01010949,85 and over,4,1,1,0,3,0,0,0,0,3
S01010950,All HRPs,380,209,176,33,171,62,4,17,40,48
S01010950,24 and under,13,0,0,0,13,13,0,0,0,0
S01010950,25 to 34,43,19,7,12,24,21,0,3,0,0
S01010950,35 to 49,103,63,49,14,40,19,0,9,11,1
S01010950,50 to 64,96,52,46,6,44,8,3,5,23,5
S01010950,65 to 74,64,41,40,1,23,0,0,0,6,17
S01010950,75 to 84,57,34,34,0,23,1,0,0,0,22
S01010950,85 and over,4,0,0,0,4,0,1,0,0,3
S01010951,All HRPs,258,157,126,31,101,31,1,10,33,26
S01010951,24 and under,7,0,0,0,7,7,0,0,0,0
S01010951,25 to 34,26,17,6,11,9,6,0,0,3,0
S01010951,35 to 49,84,57,39,18,27,14,0,8,5,0
S01010951,50 to 64,66,45,43,2,21,0,0,2,19,0
S01010951,65 to 74,45,28,28,0,17,3,1,0,5,8
S01010951,75 to 84,23,8,8,0,15,1,0,0,1,13
S01010951,85 and over,7,2,2,0,5,0,0,0,0,5
S01010952,All HRPs,199,139,115,24,60,22,1,11,16,10
S01010952,24 and under,4,3,0,3,1,1,0,0,0,0
S01010952,25 to 34,30,22,11,11,8,7,0,1,0,0
S01010952,35 to 49,71,46,41,5,25,9,0,9,7,0
S01010952,50 to 64,62,52,48,4,10,3,1,1,5,0
S01010952,65 to 74,19,11,10,1,8,2,0,0,3,3
S01010952,75 to 84,12,5,5,0,7,0,0,0,1,6
S01010952,85 and over,1,0,0,0,1,0,0,0,0,1
S01010953,All HRPs,225,132,109,23,93,25,3,7,33,25
S01010953,24 and under,7,3,0,3,4,3,0,0,1,0
S01010953,25 to 34,24,15,6,9,9,9,0,0,0,0
S01010953,35 to 49,73,49,41,8,24,10,1,4,7,2
S01010953,50 to 64,70,44,41,3,26,2,1,3,16,4
S01010953,65 to 74,30,14,14,0,16,1,0,0,6,9
S01010953,75 to 84,17,6,6,0,11,0,1,0,3,7
S01010953,85 and over,4,1,1,0,3,0,0,0,0,3
S01010954,All HRPs,206,147,132,15,59,17,0,4,18,20
S01010954,24 and under,8,3,0,3,5,5,0,0,0,0
S01010954,25 to 34,20,18,14,4,2,2,0,0,0,0
S01010954,35 to 49,60,40,34,6,20,5,0,4,9,2
S01010954,50 to 64,84,69,67,2,15,4,0,0,3,8
S01010954,65 to 74,26,13,13,0,13,0,0,0,6,7
S01010954,75 to 84,7,3,3,0,4,1,0,0,0,3
S01010954,85 and over,1,1,1,0,0,0,0,0,0,0
S01010955,All HRPs,345,269,246,23,76,22,2,12,21,19
S01010955,24 and under,16,10,7,3,6,6,0,0,0,0
S01010955,25 to 34,73,60,49,11,13,7,0,5,1,0
S01010955,35 to 49,117,99,94,5,18,7,2,4,4,1
S01010955,50 to 64,87,69,66,3,18,2,0,2,13,1
S01010955,65 to 74,29,25,24,1,4,0,0,1,2,1
S01010955,75 to 84,16,5,5,0,11,0,0,0,1,10
S01010955,85 and over,7,1,1,0,6,0,0,0,0,6
S01010956,All HRPs,304,189,149,40,115,48,5,16,21,25
S01010956,24 and under,4,1,0,1,3,3,0,0,0,0
S01010956,25 to 34,33,16,9,7,17,15,1,0,1,0
S01010956,35 to 49,96,65,46,19,31,17,2,8,4,0
S01010956,50 to 64,110,75,62,13,35,6,2,6,14,7
S01010956,65 to 74,38,23,23,0,15,7,0,1,1,6
S01010956,75 to 84,17,8,8,0,9,0,0,1,0,8
S01010956,85 and over,6,1,1,0,5,0,0,0,1,4
S01010957,All HRPs,231,169,154,15,62,10,2,4,13,33
S01010957,24 and under,0,0,0,0,0,0,0,0,0,0
S01010957,25 to 34,17,13,10,3,4,2,0,2,0,0
S01010957,35 to 49,61,48,41,7,13,4,1,1,7,0
S01010957,50 to 64,76,64,60,4,12,0,0,1,5,6
S01010957,65 to 74,52,34,33,1,18,3,0,0,1,14
S01010957,75 to 84,16,8,8,0,8,1,1,0,0,6
S01010957,85 and over,9,2,2,0,7,0,0,0,0,7
S01010958,All HRPs,224,136,123,13,88,23,2,7,20,36
S01010958,24 and under,6,4,0,4,2,2,0,0,0,0
S01010958,25 to 34,13,10,5,5,3,3,0,0,0,0
S01010958,35 to 49,37,23,20,3,14,7,0,3,4,0
S01010958,50 to 64,67,47,46,1,20,5,2,4,9,0
S01010958,65 to 74,48,37,37,0,11,2,0,0,4,5
S01010958,75 to 84,34,14,14,0,20,4,0,0,2,14
S01010958,85 and over,19,1,1,0,18,0,0,0,1,17
S01010959,All HRPs,290,132,98,34,158,62,1,14,43,38
S01010959,24 and under,7,5,1,4,2,2,0,0,0,0
S01010959,25 to 34,38,21,7,14,17,17,0,0,0,0
S01010959,35 to 49,95,47,36,11,48,23,1,7,16,1
S01010959,50 to 64,68,38,35,3,30,10,0,4,11,5
S01010959,65 to 74,44,14,12,2,30,4,0,2,13,11
S01010959,75 to 84,24,4,4,0,20,6,0,1,3,10
S01010959,85 and over,14,3,3,0,11,0,0,0,0,11
S01010960,All HRPs,441,262,205,57,179,71,1,20,41,46
S01010960,24 and under,9,3,1,2,6,6,0,0,0,0
S01010960,25 to 34,52,31,12,19,21,14,1,3,3,0
S01010960,35 to 49,142,93,72,21,49,30,0,7,11,1
S01010960,50 to 64,144,95,82,13,49,13,0,8,16,12
S01010960,65 to 74,48,24,24,0,24,3,0,1,9,11
S01010960,75 to 84,34,15,13,2,19,5,0,1,2,11
S01010960,85 and over,12,1,1,0,11,0,0,0,0,11
S01010961,All HRPs,246,130,104,26,116,37,1,14,24,40
S01010961,24 and under,7,1,0,1,6,6,0,0,0,0
S01010961,25 to 34,24,11,5,6,13,10,0,1,2,0
S01010961,35 to 49,59,34,24,10,25,11,0,8,6,0
S01010961,50 to 64,69,47,38,9,22,6,0,3,7,6
S01010961,65 to 74,38,21,21,0,17,3,0,2,5,7
S01010961,75 to 84,41,15,15,0,26,1,0,0,3,22
S01010961,85 and over,8,1,1,0,7,0,1,0,1,5
S01010962,All HRPs,314,138,109,29,176,55,1,16,66,38
S01010962,24 and under,2,0,0,0,2,2,0,0,0,0
S01010962,25 to 34,11,3,1,2,8,7,0,1,0,0
S01010962,35 to 49,51,28,17,11,23,17,0,1,5,0
S01010962,50 to 64,134,60,52,8,74,20,0,10,38,6
S01010962,65 to 74,75,35,29,6,40,6,1,4,13,16
S01010962,75 to 84,38,11,9,2,27,3,0,0,10,14
S01010962,85 and over,3,1,1,0,2,0,0,0,0,2
S01010963,All HRPs,395,231,187,44,164,60,0,15,38,51
S01010963,24 and under,7,2,1,1,5,5,0,0,0,0
S01010963,25 to 34,39,20,12,8,19,16,0,2,1,0
S01010963,35 to 49,134,96,72,24,38,22,0,7,9,0
S01010963,50 to 64,110,75,67,8,35,8,0,5,17,5
S01010963,65 to 74,51,20,17,3,31,4,0,1,10,16
S01010963,75 to 84,45,16,16,0,29,3,0,0,1,25
S01010963,85 and over,9,2,2,0,7,2,0,0,0,5
S01010964,All HRPs,216,157,135,22,59,13,2,3,18,23
S01010964,24 and under,0,0,0,0,0,0,0,0,0,0
S01010964,25 to 34,13,11,4,7,2,1,0,0,1,0
S01010964,35 to 49,50,36,29,7,14,7,0,1,6,0
S01010964,50 to 64,76,57,51,6,19,2,2,2,7,6
S01010964,65 to 74,48,38,37,1,10,2,0,0,3,5
S01010964,75 to 84,23,11,11,0,12,1,0,0,1,10
S01010964,85 and over,6,4,3,1,2,0,0,0,0,2
S01010965,All HRPs,230,96,63,33,134,53,1,22,33,25
S01010965,24 and under,16,8,0,8,8,7,0,1,0,0
S01010965,25 to 34,32,12,3,9,20,20,0,0,0,0
S01010965,35 to 49,63,23,16,7,40,14,1,11,13,1
S01010965,50 to 64,71,39,32,7,32,4,0,7,15,6
S01010965,65 to 74,25,9,9,0,16,3,0,1,4,8
S01010965,75 to 84,20,5,3,2,15,4,0,2,1,8
S01010965,85 and over,3,0,0,0,3,1,0,0,0,2
S01010966,All HRPs,309,181,145,36,128,37,0,16,34,41
S01010966,24 and under,11,1,0,1,10,10,0,0,0,0
S01010966,25 to 34,33,20,9,11,13,10,0,3,0,0
S01010966,35 to 49,81,49,38,11,32,9,0,7,15,1
S01010966,50 to 64,93,70,58,12,23,4,0,4,11,4
S01010966,65 to 74,53,27,26,1,26,4,0,2,5,15
S01010966,75 to 84,24,13,13,0,11,0,0,0,2,9
S01010966,85 and over,14,1,1,0,13,0,0,0,1,12
S01010967,All HRPs,309,136,98,38,173,66,1,19,46,41
S01010967,24 and under,9,1,0,1,8,7,0,0,1,0
S01010967,25 to 34,46,28,16,12,18,15,0,2,1,0
S01010967,35 to 49,106,46,33,13,60,26,1,12,21,0
S01010967,50 to 64,71,35,26,9,36,10,0,4,16,6
S01010967,65 to 74,27,10,8,2,17,5,0,0,6,6
S01010967,75 to 84,34,12,11,1,22,2,0,1,1,18
S01010967,85 and over,16,4,4,0,12,1,0,0,0,11
S01010968,All HRPs,316,188,162,26,128,44,3,11,27,43
S01010968,24 and under,5,1,1,0,4,3,1,0,0,0
S01010968,25 to 34,27,21,7,14,6,6,0,0,0,0
S01010968,35 to 49,93,49,40,9,44,21,0,6,16,1
S01010968,50 to 64,83,58,55,3,25,5,1,3,9,7
S01010968,65 to 74,57,36,36,0,21,5,0,2,2,12
S01010968,75 to 84,39,21,21,0,18,3,1,0,0,14
S01010968,85 and over,12,2,2,0,10,1,0,0,0,9
S01010969,All HRPs,264,150,136,14,114,35,2,11,25,41
S01010969,24 and under,8,0,0,0,8,8,0,0,0,0
S01010969,25 to 34,17,9,6,3,8,8,0,0,0,0
S01010969,35 to 49,52,32,25,7,20,10,1,1,7,1
S01010969,50 to 64,94,66,62,4,28,3,1,7,9,8
S01010969,65 to 74,46,25,25,0,21,3,0,2,5,11
S01010969,75 to 84,33,17,17,0,16,2,0,1,2,11
S01010969,85 and over,14,1,1,0,13,1,0,0,2,10
S01010970,All HRPs,428,235,193,42,193,73,6,18,40,56
S01010970,24 and under,7,1,0,1,6,6,0,0,0,0
S01010970,25 to 34,36,23,10,13,13,12,0,0,1,0
S01010970,35 to 49,126,71,53,18,55,30,3,9,11,2
S01010970,50 to 64,135,93,84,9,42,13,0,5,17,7
S01010970,65 to 74,57,26,25,1,31,4,0,3,3,21
S01010970,75 to 84,53,19,19,0,34,4,2,1,7,20
S01010970,85 and over,14,2,2,0,12,4,1,0,1,6
S01010971,All HRPs,401,274,239,35,127,45,4,21,31,26
S01010971,24 and under,13,0,0,0,13,13,0,0,0,0
S01010971,25 to 34,44,29,11,18,15,12,1,1,1,0
S01010971,35 to 49,141,91,78,13,50,17,0,12,19,2
S01010971,50 to 64,121,93,90,3,28,3,3,8,9,5
S01010971,65 to 74,47,39,38,1,8,0,0,0,2,6
S01010971,75 to 84,31,19,19,0,12,0,0,0,0,12
S01010971,85 and over,4,3,3,0,1,0,0,0,0,1
S01010972,All HRPs,333,183,128,55,150,48,0,18,42,42
S01010972,24 and under,24,12,1,11,12,12,0,0,0,0
S01010972,25 to 34,52,34,11,23,18,16,0,0,2,0
S01010972,35 to 49,93,46,36,10,47,15,0,12,18,2
S01010972,50 to 64,93,59,49,10,34,3,0,4,18,9
S01010972,65 to 74,46,26,25,1,20,1,0,2,0,17
S01010972,75 to 84,14,5,5,0,9,0,0,0,2,7
S01010972,85 and over,11,1,1,0,10,1,0,0,2,7
S01010973,All HRPs,205,135,115,20,70,13,2,10,22,23
S01010973,24 and under,5,3,0,3,2,1,0,1,0,0
S01010973,25 to 34,10,7,3,4,3,0,0,3,0,0
S01010973,35 to 49,51,38,29,9,13,7,0,3,2,1
S01010973,50 to 64,67,46,43,3,21,4,1,1,13,2
S01010973,65 to 74,48,30,30,0,18,1,0,2,4,11
S01010973,75 to 84,20,10,10,0,10,0,1,0,1,8
S01010973,85 and over,4,1,0,1,3,0,0,0,2,1
S01010974,All HRPs,298,170,152,18,128,35,4,8,34,47
S01010974,24 and under,7,2,0,2,5,5,0,0,0,0
S01010974,25 to 34,23,11,7,4,12,10,1,1,0,0
S01010974,35 to 49,64,45,41,4,19,8,0,5,6,0
S01010974,50 to 64,106,63,57,6,43,8,1,1,25,8
S01010974,65 to 74,48,29,28,1,19,3,1,1,2,12
S01010974,75 to 84,37,17,17,0,20,1,1,0,0,18
S01010974,85 and over,13,3,2,1,10,0,0,0,1,9
S01010975,All HRPs,195,108,84,24,87,29,1,5,22,30
S01010975,24 and under,6,3,0,3,3,3,0,0,0,0
S01010975,25 to 34,27,15,5,10,12,10,0,1,1,0
S01010975,35 to 49,57,41,33,8,16,7,0,1,7,1
S01010975,50 to 64,46,29,26,3,17,4,0,1,10,2
S01010975,65 to 74,34,16,16,0,18,2,1,1,3,11
S01010975,75 to 84,15,3,3,0,12,2,0,1,1,8
S01010975,85 and over,10,1,1,0,9,1,0,0,0,8
S01010976,All HRPs,211,123,99,24,88,29,0,4,29,26
S01010976,24 and under,2,1,0,1,1,1,0,0,0,0
S01010976,25 to 34,29,23,10,13,6,6,0,0,0,0
S01010976,35 to 49,62,36,33,3,26,13,0,2,8,3
S01010976,50 to 64,64,39,34,5,25,6,0,1,15,3
S01010976,65 to 74,33,17,15,2,16,1,0,0,5,10
S01010976,75 to 84,14,7,7,0,7,2,0,1,0,4
S01010976,85 and over,7,0,0,0,7,0,0,0,1,6
S01010977,All HRPs,312,182,148,34,130,41,1,12,28,48
S01010977,24 and under,9,4,0,4,5,5,0,0,0,0
S01010977,25 to 34,21,14,5,9,7,7,0,0,0,0
S01010977,35 to 49,98,61,49,12,37,19,0,7,10,1
S01010977,50 to 64,86,59,52,7,27,5,0,4,11,7
S01010977,65 to 74,43,21,19,2,22,1,0,0,5,16
S01010977,75 to 84,49,21,21,0,28,4,1,1,2,20
S01010977,85 and over,6,2,2,0,4,0,0,0,0,4
S01010978,All HRPs,354,134,94,40,220,76,1,19,48,76
S01010978,24 and under,19,6,0,6,13,13,0,0,0,0
S01010978,25 to 34,44,23,11,12,21,19,0,2,0,0
S01010978,35 to 49,86,33,21,12,53,23,1,12,12,5
S01010978,50 to 64,96,48,40,8,48,15,0,4,22,7
S01010978,65 to 74,42,9,9,0,33,3,0,1,11,18
S01010978,75 to 84,47,15,13,2,32,1,0,0,3,28
S01010978,85 and over,20,0,0,0,20,2,0,0,0,18
S01010979,All HRPs,324,183,143,40,141,42,2,19,36,42
S01010979,24 and under,12,4,0,4,8,7,0,0,1,0
S01010979,25 to 34,44,30,16,14,14,11,0,2,1,0
S01010979,35 to 49,104,62,48,14,42,13,2,9,17,1
S01010979,50 to 64,80,52,46,6,28,5,0,8,11,4
S01010979,65 to 74,39,22,20,2,17,3,0,0,4,10
S01010979,75 to 84,31,9,9,0,22,2,0,0,2,18
S01010979,85 and over,14,4,4,0,10,1,0,0,0,9
S01010980,All HRPs,348,158,123,35,190,76,1,14,48,51
S01010980,24 and under,14,4,1,3,10,9,0,0,1,0
S01010980,25 to 34,37,14,8,6,23,23,0,0,0,0
S01010980,35 to 49,94,47,34,13,47,23,0,10,13,1
S01010980,50 to 64,102,53,45,8,49,15,1,3,25,5
S01010980,65 to 74,46,27,23,4,19,4,0,1,6,8
S01010980,75 to 84,40,12,11,1,28,2,0,0,3,23
S01010980,85 and over,15,1,1,0,14,0,0,0,0,14
S01010981,All HRPs,330,176,146,30,154,48,2,17,40,47
S01010981,24 and under,9,4,1,3,5,5,0,0,0,0
S01010981,25 to 34,31,15,8,7,16,14,0,2,0,0
S01010981,35 to 49,69,44,28,16,25,10,1,5,8,1
S01010981,50 to 64,107,62,59,3,45,10,0,5,23,7
S01010981,65 to 74,57,29,28,1,28,3,1,5,9,10
S01010981,75 to 84,40,17,17,0,23,6,0,0,0,17
S01010981,85 and over,17,5,5,0,12,0,0,0,0,12
S01010982,All HRPs,447,306,269,37,141,37,8,15,36,45
S01010982,24 and under,5,3,0,3,2,2,0,0,0,0
S01010982,25 to 34,33,23,14,9,10,8,0,1,1,0
S01010982,35 to 49,104,80,65,15,24,13,2,4,5,0
S01010982,50 to 64,189,135,126,9,54,7,5,8,23,11
S01010982,65 to 74,65,46,45,1,19,5,1,1,5,7
S01010982,75 to 84,37,14,14,0,23,2,0,1,2,18
S01010982,85 and over,14,5,5,0,9,0,0,0,0,9
S01010983,All HRPs,388,206,177,29,182,69,1,11,35,66
S01010983,24 and under,10,0,0,0,10,10,0,0,0,0
S01010983,25 to 34,39,15,10,5,24,22,0,1,1,0
S01010983,35 to 49,104,69,57,12,35,20,1,5,8,1
S01010983,50 to 64,101,67,57,10,34,5,0,4,20,5
S01010983,65 to 74,63,30,29,1,33,6,0,1,4,22
S01010983,75 to 84,51,23,22,1,28,3,0,0,2,23
S01010983,85 and over,20,2,2,0,18,3,0,0,0,15
S01010984,All HRPs,300,199,184,15,101,12,2,5,23,59
S01010984,24 and under,1,0,0,0,1,1,0,0,0,0
S01010984,25 to 34,12,9,6,3,3,3,0,0,0,0
S01010984,35 to 49,62,43,34,9,19,5,1,3,9,1
S01010984,50 to 64,89,73,71,2,16,1,0,1,9,5
S01010984,65 to 74,78,52,51,1,26,1,0,1,3,21
S01010984,75 to 84,41,18,18,0,23,1,1,0,2,19
S01010984,85 and over,17,4,4,0,13,0,0,0,0,13
S01010985,All HRPs,244,133,115,18,111,34,0,16,27,34
S01010985,24 and under,2,0,0,0,2,2,0,0,0,0
S01010985,25 to 34,31,13,10,3,18,12,0,2,4,0
S01010985,35 to 49,77,45,37,8,32,11,0,12,8,1
S01010985,50 to 64,58,38,34,4,20,6,0,2,11,1
S01010985,65 to 74,28,21,20,1,7,0,0,0,2,5
S01010985,75 to 84,34,14,13,1,20,2,0,0,2,16
S01010985,85 and over,14,2,1,1,12,1,0,0,0,11
S01010986,All HRPs,179,150,134,16,29,8,1,1,8,11
S01010986,24 and under,0,0,0,0,0,0,0,0,0,0
S01010986,25 to 34,24,23,21,2,1,1,0,0,0,0
S01010986,35 to 49,78,74,66,8,4,4,0,0,0,0
S01010986,50 to 64,51,41,35,6,10,1,1,1,5,2
S01010986,65 to 74,18,11,11,0,7,0,0,0,2,5
S01010986,75 to 84,8,1,1,0,7,2,0,0,1,4
S01010986,85 and over,0,0,0,0,0,0,0,0,0,0
S01010987,All HRPs,219,179,154,25,40,6,2,9,7,16
S01010987,24 and under,1,0,0,0,1,1,0,0,0,0
S01010987,25 to 34,15,14,6,8,1,0,1,0,0,0
S01010987,35 to 49,117,103,92,11,14,4,0,6,4,0
S01010987,50 to 64,57,49,43,6,8,1,1,3,2,1
S01010987,65 to 74,13,7,7,0,6,0,0,0,0,6
S01010987,75 to 84,13,6,6,0,7,0,0,0,1,6
S01010987,85 and over,3,0,0,0,3,0,0,0,0,3
S01010988,All HRPs,205,169,148,21,36,9,1,11,9,6
S01010988,24 and under,1,1,0,1,0,0,0,0,0,0
S01010988,25 to 34,17,16,12,4,1,0,0,0,1,0
S01010988,35 to 49,110,92,79,13,18,6,1,6,5,0
S01010988,50 to 64,60,47,45,2,13,3,0,5,3,2
S01010988,65 to 74,10,9,9,0,1,0,0,0,0,1
S01010988,75 to 84,6,3,2,1,3,0,0,0,0,3
S01010988,85 and over,1,1,1,0,0,0,0,0,0,0
S01010989,All HRPs,357,275,154,121,82,47,1,13,16,5
S01010989,24 and under,21,18,1,17,3,3,0,0,0,0
S01010989,25 to 34,141,111,45,66,30,27,0,1,2,0
S01010989,35 to 49,144,115,86,29,29,14,1,7,7,0
S01010989,50 to 64,43,27,19,8,16,1,0,5,6,4
S01010989,65 to 74,6,3,2,1,3,2,0,0,1,0
S01010989,75 to 84,2,1,1,0,1,0,0,0,0,1
S01010989,85 and over,0,0,0,0,0,0,0,0,0,0
S01010990,All HRPs,319,195,166,29,124,25,3,10,38,48
S01010990,24 and under,3,1,0,1,2,2,0,0,0,0
S01010990,25 to 34,31,23,14,9,8,5,0,1,2,0
S01010990,35 to 49,98,60,44,16,38,14,2,5,16,1
S01010990,50 to 64,90,69,68,1,21,1,0,2,11,7
S01010990,65 to 74,60,34,33,1,26,1,1,2,6,16
S01010990,75 to 84,31,8,7,1,23,2,0,0,3,18
S01010990,85 and over,6,0,0,0,6,0,0,0,0,6
S01010991,All HRPs,198,149,129,20,49,11,2,5,15,16
S01010991,24 and under,4,2,0,2,2,2,0,0,0,0
S01010991,25 to 34,18,15,8,7,3,2,1,0,0,0
S01010991,35 to 49,65,48,41,7,17,2,0,5,9,1
S01010991,50 to 64,68,55,52,3,13,5,0,0,4,4
S01010991,65 to 74,25,20,20,0,5,0,0,0,1,4
S01010991,75 to 84,16,8,8,0,8,0,1,0,1,6
S01010991,85 and over,2,1,0,1,1,0,0,0,0,1
S01010992,All HRPs,184,160,129,31,24,11,0,5,4,4
S01010992,24 and under,3,2,0,2,1,1,0,0,0,0
S01010992,25 to 34,19,17,9,8,2,2,0,0,0,0
S01010992,35 to 49,119,108,92,16,11,4,0,3,4,0
S01010992,50 to 64,36,30,25,5,6,3,0,2,0,1
S01010992,65 to 74,2,1,1,0,1,0,0,0,0,1
S01010992,75 to 84,4,2,2,0,2,1,0,0,0,1
S01010992,85 and over,1,0,0,0,1,0,0,0,0,1
S01010993,All HRPs,252,177,150,27,75,24,0,7,17,27
S01010993,24 and under,3,1,0,1,2,2,0,0,0,0
S01010993,25 to 34,16,13,9,4,3,0,0,0,2,1
S01010993,35 to 49,89,66,54,12,23,13,0,5,4,1
S01010993,50 to 64,82,62,53,9,20,6,0,1,8,5
S01010993,65 to 74,36,25,24,1,11,2,0,1,2,6
S01010993,75 to 84,17,9,9,0,8,1,0,0,1,6
S01010993,85 and over,9,1,1,0,8,0,0,0,0,8
S01010994,All HRPs,390,292,250,42,98,35,2,12,25,24
S01010994,24 and under,6,2,0,2,4,4,0,0,0,0
S01010994,25 to 34,45,35,22,13,10,10,0,0,0,0
S01010994,35 to 49,142,108,89,19,34,13,1,8,12,0
S01010994,50 to 64,112,89,82,7,23,7,1,1,9,5
S01010994,65 to 74,53,41,40,1,12,0,0,2,4,6
S01010994,75 to 84,26,15,15,0,11,1,0,1,0,9
S01010994,85 and over,6,2,2,0,4,0,0,0,0,4
S01010995,All HRPs,290,221,199,22,69,19,5,10,15,20
S01010995,24 and under,2,0,0,0,2,1,0,0,0,1
S01010995,25 to 34,20,16,10,6,4,4,0,0,0,0
S01010995,35 to 49,70,52,42,10,18,6,1,7,3,1
S01010995,50 to 64,139,109,103,6,30,5,4,3,10,8
S01010995,65 to 74,35,28,28,0,7,2,0,0,2,3
S01010995,75 to 84,20,16,16,0,4,1,0,0,0,3
S01010995,85 and over,4,0,0,0,4,0,0,0,0,4
S01010996,All HRPs,235,165,137,28,70,21,0,10,10,29
S01010996,24 and under,2,1,1,0,1,1,0,0,0,0
S01010996,25 to 34,16,14,6,8,2,2,0,0,0,0
S01010996,35 to 49,76,57,43,14,19,13,0,4,2,0
S01010996,50 to 64,83,66,60,6,17,2,0,6,5,4
S01010996,65 to 74,29,15,15,0,14,2,0,0,2,10
S01010996,75 to 84,24,12,12,0,12,0,0,0,1,11
S01010996,85 and over,5,0,0,0,5,1,0,0,0,4
S01010997,All HRPs,290,201,190,11,89,14,3,6,14,52
S01010997,24 and under,0,0,0,0,0,0,0,0,0,0
S01010997,25 to 34,6,3,3,0,3,3,0,0,0,0
S01010997,35 to 49,50,42,37,5,8,3,0,5,0,0
S01010997,50 to 64,112,91,87,4,21,5,1,0,10,5
S01010997,65 to 74,58,40,39,1,18,2,1,1,2,12
S01010997,75 to 84,43,19,18,1,24,0,0,0,2,22
S01010997,85 and over,21,6,6,0,15,1,1,0,0,13
S01010998,All HRPs,216,165,149,16,51,7,2,3,14,25
S01010998,24 and under,2,2,0,2,0,0,0,0,0,0
S01010998,25 to 34,9,7,7,0,2,2,0,0,0,0
S01010998,35 to 49,70,61,54,7,9,3,0,1,4,1
S01010998,50 to 64,77,61,54,7,16,0,2,2,9,3
S01010998,65 to 74,24,16,16,0,8,0,0,0,1,7
S01010998,75 to 84,25,16,16,0,9,2,0,0,0,7
S01010998,85 and over,9,2,2,0,7,0,0,0,0,7
S01010999,All HRPs,412,251,222,29,161,54,5,11,33,58
S01010999,24 and under,9,0,0,0,9,8,0,1,0,0
S01010999,25 to 34,34,25,16,9,9,6,0,0,3,0
S01010999,35 to 49,94,69,59,10,25,16,1,3,5,0
S01010999,50 to 64,102,66,58,8,36,12,2,4,13,5
S01010999,65 to 74,94,59,58,1,35,8,0,3,8,16
S01010999,75 to 84,60,29,28,1,31,3,2,0,3,23
S01010999,85 and over,19,3,3,0,16,1,0,0,1,14
S01011000,All HRPs,345,214,176,38,131,49,1,18,32,31
S01011000,24 and under,3,1,0,1,2,1,0,0,1,0
S01011000,25 to 34,30,12,9,3,18,15,0,2,1,0
S01011000,35 to 49,112,80,57,23,32,17,0,6,8,1
S01011000,50 to 64,114,78,67,11,36,8,1,7,15,5
S01011000,65 to 74,57,33,33,0,24,4,0,1,6,13
S01011000,75 to 84,25,9,9,0,16,4,0,2,0,10
S01011000,85 and over,4,1,1,0,3,0,0,0,1,2
S01011001,All HRPs,273,159,135,24,114,22,5,11,24,52
S01011001,24 and under,7,3,1,2,4,4,0,0,0,0
S01011001,25 to 34,24,13,7,6,11,6,2,2,1,0
S01011001,35 to 49,65,46,38,8,19,6,0,4,8,1
S01011001,50 to 64,86,55,50,5,31,5,0,2,10,14
S01011001,65 to 74,47,29,27,2,18,0,2,2,4,10
S01011001,75 to 84,33,12,11,1,21,1,1,1,1,17
S01011001,85 and over,11,1,1,0,10,0,0,0,0,10
S01011002,All HRPs,314,162,130,32,152,46,2,12,42,50
S01011002,24 and under,1,0,0,0,1,1,0,0,0,0
S01011002,25 to 34,29,12,5,7,17,16,0,0,1,0
S01011002,35 to 49,80,51,35,16,29,13,1,6,9,0
S01011002,50 to 64,97,56,50,6,41,12,0,4,19,6
S01011002,65 to 74,53,25,23,2,28,3,0,2,9,14
S01011002,75 to 84,39,15,14,1,24,1,1,0,2,20
S01011002,85 and over,15,3,3,0,12,0,0,0,2,10
S01011003,All HRPs,280,156,126,30,124,44,2,6,25,47
S01011003,24 and under,8,2,0,2,6,6,0,0,0,0
S01011003,25 to 34,32,19,9,10,13,10,1,0,2,0
S01011003,35 to 49,76,54,41,13,22,8,0,4,8,2
S01011003,50 to 64,83,49,46,3,34,12,1,2,13,6
S01011003,65 to 74,29,13,11,2,16,3,0,0,2,11
S01011003,75 to 84,38,15,15,0,23,3,0,0,0,20
S01011003,85 and over,14,4,4,0,10,2,0,0,0,8
S01011004,All HRPs,249,170,136,34,79,22,1,12,21,23
S01011004,24 and under,2,0,0,0,2,2,0,0,0,0
S01011004,25 to 34,29,19,6,13,10,8,1,0,1,0
S01011004,35 to 49,90,67,52,15,23,7,0,8,8,0
S01011004,50 to 64,72,53,49,4,19,4,0,2,11,2
S01011004,65 to 74,27,19,18,1,8,1,0,1,1,5
S01011004,75 to 84,22,12,11,1,10,0,0,0,0,10
S01011004,85 and over,7,0,0,0,7,0,0,1,0,6
S01011005,All HRPs,337,152,112,40,185,88,1,15,47,34
S01011005,24 and under,17,5,0,5,12,12,0,0,0,0
S01011005,25 to 34,61,26,6,20,35,32,0,0,2,1
S01011005,35 to 49,82,33,26,7,49,26,0,10,13,0
S01011005,50 to 64,84,42,36,6,42,9,0,5,22,6
S01011005,65 to 74,47,30,28,2,17,3,0,0,8,6
S01011005,75 to 84,38,13,13,0,25,5,0,0,1,19
S01011005,85 and over,8,3,3,0,5,1,1,0,1,2
S01011006,All HRPs,422,268,191,77,154,55,5,22,27,45
S01011006,24 and under,22,17,2,15,5,5,0,0,0,0
S01011006,25 to 34,86,57,27,30,29,25,2,0,2,0
S01011006,35 to 49,122,86,61,25,36,12,0,17,7,0
S01011006,50 to 64,98,66,61,5,32,9,2,5,12,4
S01011006,65 to 74,44,27,26,1,17,1,1,0,4,11
S01011006,75 to 84,41,15,14,1,26,2,0,0,2,22
S01011006,85 and over,9,0,0,0,9,1,0,0,0,8
S01011007,All HRPs,280,151,119,32,129,38,2,12,30,47
S01011007,24 and under,7,3,0,3,4,3,0,0,1,0
S01011007,25 to 34,23,13,5,8,10,10,0,0,0,0
S01011007,35 to 49,80,50,36,14,30,11,1,9,8,1
S01011007,50 to 64,83,51,45,6,32,9,1,3,14,5
S01011007,65 to 74,40,21,20,1,19,4,0,0,6,9
S01011007,75 to 84,40,12,12,0,28,1,0,0,1,26
S01011007,85 and over,7,1,1,0,6,0,0,0,0,6
S01011008,All HRPs,332,201,172,29,131,32,0,17,36,46
S01011008,24 and under,7,1,0,1,6,6,0,0,0,0
S01011008,25 to 34,25,13,7,6,12,11,0,1,0,0
S01011008,35 to 49,90,56,45,11,34,9,0,10,14,1
S01011008,50 to 64,102,74,66,8,28,3,0,6,14,5
S01011008,65 to 74,65,43,40,3,22,2,0,0,5,15
S01011008,75 to 84,37,13,13,0,24,1,0,0,3,20
S01011008,85 and over,6,1,1,0,5,0,0,0,0,5
S01011009,All HRPs,222,114,92,22,108,39,1,12,35,21
S01011009,24 and under,11,4,1,3,7,7,0,0,0,0
S01011009,25 to 34,24,11,6,5,13,10,0,1,2,0
S01011009,35 to 49,74,35,27,8,39,17,0,5,15,2
S01011009,50 to 64,74,51,47,4,23,3,0,5,11,4
S01011009,65 to 74,22,8,8,0,14,1,1,1,6,5
S01011009,75 to 84,11,4,2,2,7,1,0,0,1,5
S01011009,85 and over,6,1,1,0,5,0,0,0,0,5
S01011010,All HRPs,335,98,56,42,237,112,5,21,52,47
S01011010,24 and under,26,8,1,7,18,18,0,0,0,0
S01011010,25 to 34,61,26,8,18,35,29,0,2,4,0
S01011010,35 to 49,95,21,14,7,74,53,0,9,12,0
S01011010,50 to 64,71,22,13,9,49,8,3,9,27,2
S01011010,65 to 74,30,10,9,1,20,3,0,1,6,10
S01011010,75 to 84,39,9,9,0,30,1,1,0,2,26
S01011010,85 and over,13,2,2,0,11,0,1,0,1,9
S01011011,All HRPs,435,137,83,54,298,138,5,21,71,63
S01011011,24 and under,36,10,0,10,26,26,0,0,0,0
S01011011,25 to 34,75,21,7,14,54,41,0,5,8,0
S01011011,35 to 49,102,36,22,14,66,41,1,10,14,0
S01011011,50 to 64,105,44,34,10,61,22,4,4,27,4
S01011011,65 to 74,48,13,9,4,35,4,0,1,14,16
S01011011,75 to 84,48,12,10,2,36,3,0,1,6,26
S01011011,85 and over,21,1,1,0,20,1,0,0,2,17
S01011012,All HRPs,313,123,85,38,190,97,4,20,43,26
S01011012,24 and under,30,8,1,7,22,22,0,0,0,0
S01011012,25 to 34,53,24,10,14,29,27,0,1,1,0
S01011012,35 to 49,96,35,24,11,61,35,0,12,14,0
S01011012,50 to 64,77,31,28,3,46,10,4,3,22,7
S01011012,65 to 74,33,15,12,3,18,2,0,4,5,7
S01011012,75 to 84,19,8,8,0,11,1,0,0,1,9
S01011012,85 and over,5,2,2,0,3,0,0,0,0,3
S01011013,All HRPs,375,197,165,32,178,43,2,16,37,80
S01011013,24 and under,9,4,0,4,5,5,0,0,0,0
S01011013,25 to 34,30,22,9,13,8,7,0,1,0,0
S01011013,35 to 49,98,60,50,10,38,14,0,11,12,1
S01011013,50 to 64,103,60,56,4,43,10,0,4,16,13
S01011013,65 to 74,61,31,30,1,30,7,1,0,7,15
S01011013,75 to 84,51,16,16,0,35,0,1,0,2,32
S01011013,85 and over,23,4,4,0,19,0,0,0,0,19
S01011014,All HRPs,364,207,179,28,157,59,6,20,42,30
S01011014,24 and under,18,2,0,2,16,16,0,0,0,0
S01011014,25 to 34,38,20,10,10,18,14,1,1,1,1
S01011014,35 to 49,99,63,52,11,36,18,0,6,12,0
S01011014,50 to 64,143,87,82,5,56,9,5,11,25,6
S01011014,65 to 74,40,24,24,0,16,1,0,2,2,11
S01011014,75 to 84,20,10,10,0,10,0,0,0,2,8
S01011014,85 and over,6,1,1,0,5,1,0,0,0,4
S01011015,All HRPs,200,115,103,12,85,27,2,7,17,32
S01011015,24 and under,8,1,0,1,7,7,0,0,0,0
S01011015,25 to 34,10,3,0,3,7,7,0,0,0,0
S01011015,35 to 49,46,34,29,5,12,4,1,1,6,0
S01011015,50 to 64,82,62,59,3,20,2,0,4,7,7
S01011015,65 to 74,27,14,14,0,13,2,0,2,2,7
S01011015,75 to 84,17,1,1,0,16,4,1,0,2,9
S01011015,85 and over,10,0,0,0,10,1,0,0,0,9
S01011016,All HRPs,311,227,167,60,84,40,3,5,28,8
S01011016,24 and under,18,7,1,6,11,11,0,0,0,0
S01011016,25 to 34,75,58,35,23,17,15,0,0,1,1
S01011016,35 to 49,146,109,88,21,37,12,3,4,17,1
S01011016,50 to 64,57,44,34,10,13,1,0,0,9,3
S01011016,65 to 74,12,8,8,0,4,1,0,1,1,1
S01011016,75 to 84,3,1,1,0,2,0,0,0,0,2
S01011016,85 and over,0,0,0,0,0,0,0,0,0,0
S01011017,All HRPs,352,256,225,31,96,33,3,16,18,26
S01011017,24 and under,3,3,0,3,0,0,0,0,0,0
S01011017,25 to 34,19,11,6,5,8,8,0,0,0,0
S01011017,35 to 49,107,75,66,9,32,12,1,10,8,1
S01011017,50 to 64,122,95,83,12,27,8,0,4,8,7
S01011017,65 to 74,57,46,45,1,11,4,0,1,2,4
S01011017,75 to 84,36,24,23,1,12,1,0,1,0,10
S01011017,85 and over,8,2,2,0,6,0,2,0,0,4
S01011018,All HRPs,366,212,177,35,154,45,4,16,31,58
S01011018,24 and under,1,0,0,0,1,1,0,0,0,0
S01011018,25 to 34,28,23,11,12,5,5,0,0,0,0
S01011018,35 to 49,108,70,56,14,38,15,0,9,14,0
S01011018,50 to 64,118,75,66,9,43,13,2,6,11,11
S01011018,65 to 74,50,22,22,0,28,8,1,1,3,15
S01011018,75 to 84,45,17,17,0,28,1,0,0,3,24
S01011018,85 and over,16,5,5,0,11,2,1,0,0,8
S01011019,All HRPs,408,277,222,55,131,49,2,17,29,34
S01011019,24 and under,10,2,0,2,8,8,0,0,0,0
S01011019,25 to 34,60,45,22,23,15,14,0,0,1,0
S01011019,35 to 49,136,100,76,24,36,16,0,11,9,0
S01011019,50 to 64,114,80,74,6,34,9,1,6,14,4
S01011019,65 to 74,45,32,32,0,13,2,0,0,4,7
S01011019,75 to 84,37,16,16,0,21,0,1,0,1,19
S01011019,85 and over,6,2,2,0,4,0,0,0,0,4
S01011020,All HRPs,202,136,117,19,66,23,1,6,17,19
S01011020,24 and under,1,0,0,0,1,1,0,0,0,0
S01011020,25 to 34,18,15,11,4,3,3,0,0,0,0
S01011020,35 to 49,66,52,44,8,14,9,0,0,4,1
S01011020,50 to 64,70,45,39,6,25,8,0,4,8,5
S01011020,65 to 74,25,19,18,1,6,0,1,0,3,2
S01011020,75 to 84,16,4,4,0,12,2,0,2,2,6
S01011020,85 and over,6,1,1,0,5,0,0,0,0,5
S01011021,All HRPs,351,194,160,34,157,49,4,11,32,61
S01011021,24 and under,10,6,1,5,4,4,0,0,0,0
S01011021,25 to 34,39,21,14,7,18,16,1,0,0,1
S01011021,35 to 49,96,61,50,11,35,12,1,8,12,2
S01011021,50 to 64,94,60,49,11,34,10,0,3,11,10
S01011021,65 to 74,57,27,27,0,30,3,1,0,7,19
S01011021,75 to 84,37,16,16,0,21,3,1,0,2,15
S01011021,85 and over,18,3,3,0,15,1,0,0,0,14
S01011022,All HRPs,233,124,84,40,109,43,1,10,24,31
S01011022,24 and under,6,2,0,2,4,4,0,0,0,0
S01011022,25 to 34,40,23,9,14,17,15,0,1,1,0
S01011022,35 to 49,63,31,17,14,32,18,0,6,7,1
S01011022,50 to 64,68,48,39,9,20,5,0,3,11,1
S01011022,65 to 74,27,12,11,1,15,1,1,0,4,9
S01011022,75 to 84,26,8,8,0,18,0,0,0,1,17
S01011022,85 and over,3,0,0,0,3,0,0,0,0,3
S01011023,All HRPs,350,199,159,40,151,45,5,16,44,41
S01011023,24 and under,14,4,1,3,10,10,0,0,0,0
S01011023,25 to 34,47,31,18,13,16,13,1,2,0,0
S01011023,35 to 49,94,60,48,12,34,15,1,6,12,0
S01011023,50 to 64,110,71,60,11,39,4,1,6,25,3
S01011023,65 to 74,44,23,23,0,21,2,0,2,6,11
S01011023,75 to 84,33,9,8,1,24,1,1,0,0,22
S01011023,85 and over,8,1,1,0,7,0,1,0,1,5
S01011024,All HRPs,302,148,107,41,154,50,2,24,46,32
S01011024,24 and under,8,2,0,2,6,5,0,1,0,0
S01011024,25 to 34,56,30,15,15,26,21,1,2,2,0
S01011024,35 to 49,109,50,33,17,59,17,0,15,26,1
S01011024,50 to 64,72,41,34,7,31,6,0,3,17,5
S01011024,65 to 74,26,16,16,0,10,1,1,3,0,5
S01011024,75 to 84,27,9,9,0,18,0,0,0,1,17
S01011024,85 and over,4,0,0,0,4,0,0,0,0,4
S01011025,All HRPs,276,150,106,44,126,52,1,13,35,25
S01011025,24 and under,17,2,0,2,15,15,0,0,0,0
S01011025,25 to 34,44,23,8,15,21,14,1,4,2,0
S01011025,35 to 49,90,52,32,20,38,18,0,4,14,2
S01011025,50 to 64,85,57,50,7,28,4,0,5,14,5
S01011025,65 to 74,25,14,14,0,11,0,0,0,5,6
S01011025,75 to 84,13,2,2,0,11,0,0,0,0,11
S01011025,85 and over,2,0,0,0,2,1,0,0,0,1
S01011026,All HRPs,235,141,103,38,94,49,0,12,26,7
S01011026,24 and under,16,8,2,6,8,8,0,0,0,0
S01011026,25 to 34,42,24,12,12,18,18,0,0,0,0
S01011026,35 to 49,74,40,24,16,34,19,0,4,11,0
S01011026,50 to 64,69,43,41,2,26,2,0,7,13,4
S01011026,65 to 74,29,24,23,1,5,1,0,1,2,1
S01011026,75 to 84,4,1,1,0,3,1,0,0,0,2
S01011026,85 and over,1,1,0,1,0,0,0,0,0,0
S01011027,All HRPs,418,171,122,49,247,89,3,25,66,64
S01011027,24 and under,34,10,0,10,24,23,0,1,0,0
S01011027,25 to 34,66,30,18,12,36,27,0,2,7,0
S01011027,35 to 49,120,63,40,23,57,25,1,12,19,0
S01011027,50 to 64,90,38,37,1,52,6,2,3,33,8
S01011027,65 to 74,42,15,13,2,27,3,0,5,3,16
S01011027,75 to 84,50,14,13,1,36,4,0,2,4,26
S01011027,85 and over,16,1,1,0,15,1,0,0,0,14
S01011028,All HRPs,425,184,120,64,241,86,3,26,55,71
S01011028,24 and under,33,9,0,9,24,24,0,0,0,0
S01011028,25 to 34,68,26,8,18,42,35,0,4,3,0
S01011028,35 to 49,120,62,39,23,58,19,2,11,25,1
S01011028,50 to 64,91,41,30,11,50,6,1,11,21,11
S01011028,65 to 74,69,36,35,1,33,1,0,0,6,26
S01011028,75 to 84,40,9,7,2,31,1,0,0,0,30
S01011028,85 and over,4,1,1,0,3,0,0,0,0,3
S01011029,All HRPs,264,147,110,37,117,45,0,14,27,31
S01011029,24 and under,14,4,0,4,10,10,0,0,0,0
S01011029,25 to 34,36,20,8,12,16,15,0,1,0,0
S01011029,35 to 49,75,46,32,14,29,13,0,7,9,0
S01011029,50 to 64,76,46,41,5,30,4,0,4,11,11
S01011029,65 to 74,38,16,16,0,22,2,0,2,5,13
S01011029,75 to 84,23,14,12,2,9,1,0,0,2,6
S01011029,85 and over,2,1,1,0,1,0,0,0,0,1
S01011030,All HRPs,369,266,221,45,103,29,2,18,34,20
S01011030,24 and under,11,5,2,3,6,6,0,0,0,0
S01011030,25 to 34,35,27,12,15,8,6,0,1,1,0
S01011030,35 to 49,142,107,89,18,35,11,1,12,11,0
S01011030,50 to 64,117,83,77,6,34,6,0,4,19,5
S01011030,65 to 74,38,30,28,2,8,0,0,0,3,5
S01011030,75 to 84,22,13,12,1,9,0,0,1,0,8
S01011030,85 and over,4,1,1,0,3,0,1,0,0,2
S01011031,All HRPs,320,163,126,37,157,54,4,16,31,52
S01011031,24 and under,13,4,1,3,9,9,0,0,0,0
S01011031,25 to 34,38,20,7,13,18,15,1,1,1,0
S01011031,35 to 49,80,47,36,11,33,16,1,6,10,0
S01011031,50 to 64,82,49,39,10,33,9,1,5,12,6
S01011031,65 to 74,52,32,32,0,20,2,0,2,4,12
S01011031,75 to 84,48,11,11,0,37,2,1,2,4,28
S01011031,85 and over,7,0,0,0,7,1,0,0,0,6
S01011032,All HRPs,353,161,135,26,192,68,3,10,52,59
S01011032,24 and under,17,5,2,3,12,11,0,1,0,0
S01011032,25 to 34,38,17,10,7,21,19,0,0,2,0
S01011032,35 to 49,88,42,30,12,46,15,1,7,20,3
S01011032,50 to 64,111,63,60,3,48,10,0,2,24,12
S01011032,65 to 74,50,23,22,1,27,5,2,0,5,15
S01011032,75 to 84,35,9,9,0,26,7,0,0,1,18
S01011032,85 and over,14,2,2,0,12,1,0,0,0,11
S01011033,All HRPs,275,169,130,39,106,32,7,14,23,30
S01011033,24 and under,5,1,0,1,4,4,0,0,0,0
S01011033,25 to 34,30,19,6,13,11,7,1,2,1,0
S01011033,35 to 49,96,67,50,17,29,15,0,7,7,0
S01011033,50 to 64,85,53,46,7,32,5,3,4,15,5
S01011033,65 to 74,26,12,12,0,14,1,1,1,0,11
S01011033,75 to 84,26,16,15,1,10,0,2,0,0,8
S01011033,85 and over,7,1,1,0,6,0,0,0,0,6
S01011034,All HRPs,331,155,123,32,176,47,1,11,44,73
S01011034,24 and under,8,4,2,2,4,4,0,0,0,0
S01011034,25 to 34,26,23,11,12,3,1,0,2,0,0
S01011034,35 to 49,86,51,37,14,35,18,0,6,9,2
S01011034,50 to 64,84,38,37,1,46,11,0,2,23,10
S01011034,65 to 74,57,25,22,3,32,7,0,1,7,17
S01011034,75 to 84,51,11,11,0,40,4,0,0,5,31
S01011034,85 and over,19,3,3,0,16,2,1,0,0,13
S01011035,All HRPs,252,152,116,36,100,38,1,5,36,20
S01011035,24 and under,8,5,0,5,3,3,0,0,0,0
S01011035,25 to 34,28,14,6,8,14,12,0,1,1,0
S01011035,35 to 49,82,57,44,13,25,13,0,3,8,1
S01011035,50 to 64,98,58,50,8,40,9,0,1,25,5
S01011035,65 to 74,15,8,7,1,7,1,0,0,1,5
S01011035,75 to 84,13,6,6,0,7,0,0,0,1,6
S01011035,85 and over,8,4,3,1,4,0,1,0,0,3
S01011036,All HRPs,285,172,138,34,113,29,2,16,35,31
S01011036,24 and under,5,3,0,3,2,2,0,0,0,0
S01011036,25 to 34,34,25,12,13,9,6,0,3,0,0
S01011036,35 to 49,90,56,47,9,34,15,1,4,12,2
S01011036,50 to 64,95,56,48,8,39,4,1,9,19,6
S01011036,65 to 74,29,17,16,1,12,2,0,0,2,8
S01011036,75 to 84,29,13,13,0,16,0,0,0,2,14
S01011036,85 and over,3,2,2,0,1,0,0,0,0,1
S01011037,All HRPs,409,208,139,69,201,90,5,26,36,44
S01011037,24 and under,38,13,2,11,25,25,0,0,0,0
S01011037,25 to 34,71,40,13,27,31,27,0,3,1,0
S01011037,35 to 49,112,61,45,16,51,20,1,15,15,0
S01011037,50 to 64,110,62,49,13,48,14,1,8,17,8
S01011037,65 to 74,34,19,17,2,15,2,0,0,1,12
S01011037,75 to 84,29,9,9,0,20,2,1,0,2,15
S01011037,85 and over,15,4,4,0,11,0,2,0,0,9
S01011038,All HRPs,337,170,123,47,167,52,3,19,46,47
S01011038,24 and under,13,4,1,3,9,7,0,2,0,0
S01011038,25 to 34,47,23,6,17,24,22,0,2,0,0
S01011038,35 to 49,102,61,42,19,41,12,1,10,17,1
S01011038,50 to 64,103,60,52,8,43,6,2,5,25,5
S01011038,65 to 74,41,16,16,0,25,4,0,0,3,18
S01011038,75 to 84,18,5,5,0,13,1,0,0,1,11
S01011038,85 and over,13,1,1,0,12,0,0,0,0,12
S01011039,All HRPs,392,190,141,49,202,82,0,14,39,67
S01011039,24 and under,21,10,1,9,11,11,0,0,0,0
S01011039,25 to 34,59,39,16,23,20,17,0,3,0,0
S01011039,35 to 49,103,53,41,12,50,34,0,7,8,1
S01011039,50 to 64,100,57,52,5,43,12,0,2,21,8
S01011039,65 to 74,45,17,17,0,28,4,0,2,8,14
S01011039,75 to 84,46,13,13,0,33,2,0,0,2,29
S01011039,85 and over,18,1,1,0,17,2,0,0,0,15
S01011040,All HRPs,285,156,119,37,129,53,2,8,36,30
S01011040,24 and under,13,3,0,3,10,10,0,0,0,0
S01011040,25 to 34,40,15,8,7,25,21,0,1,2,1
S01011040,35 to 49,105,62,43,19,43,18,1,7,16,1
S01011040,50 to 64,66,47,42,5,19,2,1,0,13,3
S01011040,65 to 74,33,20,17,3,13,1,0,0,5,7
S01011040,75 to 84,18,7,7,0,11,0,0,0,0,11
S01011040,85 and over,10,2,2,0,8,1,0,0,0,7
S01011041,All HRPs,292,150,117,33,142,56,3,19,34,30
S01011041,24 and under,17,4,0,4,13,13,0,0,0,0
S01011041,25 to 34,56,28,15,13,28,22,1,3,2,0
S01011041,35 to 49,85,46,36,10,39,13,0,11,13,2
S01011041,50 to 64,65,39,35,4,26,5,1,3,14,3
S01011041,65 to 74,28,16,15,1,12,1,0,1,2,8
S01011041,75 to 84,28,12,11,1,16,2,1,1,3,9
S01011041,85 and over,13,5,5,0,8,0,0,0,0,8
S01011042,All HRPs,333,228,172,56,105,49,2,20,19,15
S01011042,24 and under,21,5,0,5,16,16,0,0,0,0
S01011042,25 to 34,43,32,12,20,11,10,0,1,0,0
S01011042,35 to 49,118,88,67,21,30,12,1,12,4,1
S01011042,50 to 64,95,71,61,10,24,6,1,7,9,1
S01011042,65 to 74,27,19,19,0,8,0,0,0,4,4
S01011042,75 to 84,22,10,10,0,12,4,0,0,2,6
S01011042,85 and over,7,3,3,0,4,1,0,0,0,3
S01011043,All HRPs,310,163,138,25,147,54,2,14,35,42
S01011043,24 and under,14,2,0,2,12,12,0,0,0,0
S01011043,25 to 34,39,17,7,10,22,17,0,3,2,0
S01011043,35 to 49,88,54,48,6,34,16,0,6,12,0
S01011043,50 to 64,85,50,44,6,35,7,1,5,17,5
S01011043,65 to 74,43,23,22,1,20,0,0,0,4,16
S01011043,75 to 84,32,15,15,0,17,0,1,0,0,16
S01011043,85 and over,9,2,2,0,7,2,0,0,0,5
S01011044,All HRPs,307,146,111,35,161,86,0,20,30,25
S01011044,24 and under,26,3,0,3,23,23,0,0,0,0
S01011044,25 to 34,37,15,5,10,22,20,0,2,0,0
S01011044,35 to 49,90,47,33,14,43,26,0,5,12,0
S01011044,50 to 64,89,52,44,8,37,8,0,12,12,5
S01011044,65 to 74,37,19,19,0,18,4,0,0,6,8
S01011044,75 to 84,17,7,7,0,10,4,0,1,0,5
S01011044,85 and over,11,3,3,0,8,1,0,0,0,7
S01011045,All HRPs,369,207,166,41,162,61,6,18,37,40
S01011045,24 and under,16,6,1,5,10,10,0,0,0,0
S01011045,25 to 34,38,22,10,12,16,14,0,2,0,0
S01011045,35 to 49,100,59,47,12,41,12,2,10,17,0
S01011045,50 to 64,99,64,55,9,35,11,1,6,12,5
S01011045,65 to 74,65,38,36,2,27,7,3,0,4,13
S01011045,75 to 84,39,16,15,1,23,6,0,0,4,13
S01011045,85 and over,12,2,2,0,10,1,0,0,0,9
S01011046,All HRPs,362,241,218,23,121,40,6,15,28,32
S01011046,24 and under,4,1,0,1,3,3,0,0,0,0
S01011046,25 to 34,25,12,11,1,13,13,0,0,0,0
S01011046,35 to 49,103,73,63,10,30,10,1,12,6,1
S01011046,50 to 64,135,103,94,9,32,6,4,3,15,4
S01011046,65 to 74,70,41,40,1,29,7,0,0,7,15
S01011046,75 to 84,20,10,9,1,10,0,1,0,0,9
S01011046,85 and over,5,1,1,0,4,1,0,0,0,3
S01011047,All HRPs,396,290,251,39,106,30,3,7,26,40
S01011047,24 and under,4,1,0,1,3,3,0,0,0,0
S01011047,25 to 34,36,28,13,15,8,8,0,0,0,0
S01011047,35 to 49,108,84,69,15,24,8,1,4,10,1
S01011047,50 to 64,127,96,92,4,31,7,1,3,13,7
S01011047,65 to 74,78,55,53,2,23,3,1,0,3,16
S01011047,75 to 84,28,18,17,1,10,0,0,0,0,10
S01011047,85 and over,15,8,7,1,7,1,0,0,0,6
S01011048,All HRPs,440,247,204,43,193,51,4,12,48,78
S01011048,24 and under,9,4,0,4,5,5,0,0,0,0
S01011048,25 to 34,37,19,11,8,18,14,0,2,2,0
S01011048,35 to 49,120,85,65,20,35,14,0,4,17,0
S01011048,50 to 64,112,72,63,9,40,8,0,5,20,7
S01011048,65 to 74,77,43,43,0,34,4,0,1,7,22
S01011048,75 to 84,62,22,21,1,40,4,0,0,2,34
S01011048,85 and over,23,2,1,1,21,2,4,0,0,15
S01011049,All HRPs,322,184,167,17,138,52,1,8,27,50
S01011049,24 and under,7,3,1,2,4,4,0,0,0,0
S01011049,25 to 34,25,15,8,7,10,10,0,0,0,0
S01011049,35 to 49,83,51,48,3,32,13,0,4,14,1
S01011049,50 to 64,95,59,55,4,36,17,0,4,11,4
S01011049,65 to 74,57,35,34,1,22,3,1,0,0,18
S01011049,75 to 84,43,17,17,0,26,5,0,0,2,19
S01011049,85 and over,12,4,4,0,8,0,0,0,0,8
S01011050,All HRPs,323,222,190,32,101,29,2,9,29,32
S01011050,24 and under,2,2,0,2,0,0,0,0,0,0
S01011050,25 to 34,20,13,5,8,7,6,1,0,0,0
S01011050,35 to 49,97,70,59,11,27,11,0,6,8,2
S01011050,50 to 64,110,80,72,8,30,7,1,2,15,5
S01011050,65 to 74,50,37,34,3,13,3,0,1,5,4
S01011050,75 to 84,32,16,16,0,16,2,0,0,1,13
S01011050,85 and over,12,4,4,0,8,0,0,0,0,8
S01011051,All HRPs,428,246,205,41,182,54,2,13,36,77
S01011051,24 and under,7,0,0,0,7,7,0,0,0,0
S01011051,25 to 34,31,20,9,11,11,11,0,0,0,0
S01011051,35 to 49,116,85,69,16,31,11,0,6,12,2
S01011051,50 to 64,130,83,69,14,47,13,1,6,16,11
S01011051,65 to 74,69,40,40,0,29,4,1,1,4,19
S01011051,75 to 84,50,15,15,0,35,4,0,0,2,29
S01011051,85 and over,25,3,3,0,22,4,0,0,2,16
S01011052,All HRPs,366,215,184,31,151,36,7,10,39,59
S01011052,24 and under,10,2,0,2,8,7,0,1,0,0
S01011052,25 to 34,31,20,11,9,11,7,0,2,2,0
S01011052,35 to 49,89,65,55,10,24,10,4,1,9,0
S01011052,50 to 64,89,58,51,7,31,4,1,5,15,6
S01011052,65 to 74,65,37,35,2,28,1,1,1,11,14
S01011052,75 to 84,62,29,28,1,33,3,1,0,2,27
S01011052,85 and over,20,4,4,0,16,4,0,0,0,12
S01011053,All HRPs,295,154,122,32,141,56,1,14,37,33
S01011053,24 and under,8,4,0,4,4,4,0,0,0,0
S01011053,25 to 34,43,19,11,8,24,18,0,4,1,1
S01011053,35 to 49,79,35,26,9,44,22,0,7,13,2
S01011053,50 to 64,83,52,41,11,31,9,0,3,16,3
S01011053,65 to 74,40,25,25,0,15,2,0,0,4,9
S01011053,75 to 84,32,15,15,0,17,0,1,0,3,13
S01011053,85 and over,10,4,4,0,6,1,0,0,0,5
S01011054,All HRPs,244,146,119,27,98,27,1,14,19,37
S01011054,24 and under,4,1,0,1,3,3,0,0,0,0
S01011054,25 to 34,22,11,3,8,11,9,0,1,1,0
S01011054,35 to 49,65,46,33,13,19,6,0,7,5,1
S01011054,50 to 64,77,53,49,4,24,5,1,6,7,5
S01011054,65 to 74,44,22,21,1,22,2,0,0,6,14
S01011054,75 to 84,22,11,11,0,11,1,0,0,0,10
S01011054,85 and over,10,2,2,0,8,1,0,0,0,7
S01011055,All HRPs,228,152,123,29,76,26,3,8,14,25
S01011055,24 and under,2,1,0,1,1,1,0,0,0,0
S01011055,25 to 34,16,11,6,5,5,4,0,1,0,0
S01011055,35 to 49,71,55,40,15,16,9,0,1,6,0
S01011055,50 to 64,84,59,53,6,25,6,2,6,7,4
S01011055,65 to 74,36,21,19,2,15,3,0,0,1,11
S01011055,75 to 84,17,4,4,0,13,3,1,0,0,9
S01011055,85 and over,2,1,1,0,1,0,0,0,0,1
S01011056,All HRPs,271,197,159,38,74,22,1,11,23,17
S01011056,24 and under,2,2,0,2,0,0,0,0,0,0
S01011056,25 to 34,28,20,10,10,8,6,0,1,1,0
S01011056,35 to 49,84,67,53,14,17,6,0,6,3,2
S01011056,50 to 64,84,63,51,12,21,3,1,4,9,4
S01011056,65 to 74,38,26,26,0,12,2,0,0,8,2
S01011056,75 to 84,27,15,15,0,12,5,0,0,2,5
S01011056,85 and over,8,4,4,0,4,0,0,0,0,4
S01011057,All HRPs,238,147,116,31,91,30,2,8,23,28
S01011057,24 and under,2,1,0,1,1,1,0,0,0,0
S01011057,25 to 34,17,11,3,8,6,5,0,1,0,0
S01011057,35 to 49,70,45,33,12,25,11,0,5,7,2
S01011057,50 to 64,80,57,50,7,23,5,2,1,11,4
S01011057,65 to 74,41,23,21,2,18,5,0,1,5,7
S01011057,75 to 84,23,9,8,1,14,2,0,0,0,12
S01011057,85 and over,5,1,1,0,4,1,0,0,0,3
S01011058,All HRPs,251,183,159,24,68,15,1,14,16,22
S01011058,24 and under,1,1,0,1,0,0,0,0,0,0
S01011058,25 to 34,17,15,8,7,2,1,0,1,0,0
S01011058,35 to 49,76,62,51,11,14,6,0,3,5,0
S01011058,50 to 64,99,73,68,5,26,3,0,9,8,6
S01011058,65 to 74,33,22,22,0,11,2,0,1,3,5
S01011058,75 to 84,16,8,8,0,8,1,1,0,0,6
S01011058,85 and over,9,2,2,0,7,2,0,0,0,5
S01011059,All HRPs,248,176,145,31,72,26,3,11,10,22
S01011059,24 and under,3,1,1,0,2,2,0,0,0,0
S01011059,25 to 34,16,13,5,8,3,3,0,0,0,0
S01011059,35 to 49,65,58,43,15,7,2,1,3,1,0
S01011059,50 to 64,104,74,66,8,30,13,1,5,6,5
S01011059,65 to 74,37,23,23,0,14,4,0,3,2,5
S01011059,75 to 84,19,7,7,0,12,2,0,0,1,9
S01011059,85 and over,4,0,0,0,4,0,1,0,0,3
S01011060,All HRPs,402,217,185,32,185,50,1,14,32,88
S01011060,24 and under,10,3,1,2,7,6,0,1,0,0
S01011060,25 to 34,30,18,4,14,12,11,0,1,0,0
S01011060,35 to 49,88,60,49,11,28,16,0,3,8,1
S01011060,50 to 64,112,72,68,4,40,5,0,8,19,8
S01011060,65 to 74,65,27,27,0,38,8,0,0,4,26
S01011060,75 to 84,68,32,31,1,36,3,0,1,1,31
S01011060,85 and over,29,5,5,0,24,1,1,0,0,22
S01011061,All HRPs,404,194,135,59,210,81,3,13,55,58
S01011061,24 and under,17,8,0,8,9,9,0,0,0,0
S01011061,25 to 34,54,25,9,16,29,27,0,1,1,0
S01011061,35 to 49,114,64,42,22,50,20,3,5,22,0
S01011061,50 to 64,104,55,48,7,49,12,0,6,25,6
S01011061,65 to 74,48,22,19,3,26,7,0,1,6,12
S01011061,75 to 84,51,19,16,3,32,5,0,0,0,27
S01011061,85 and over,16,1,1,0,15,1,0,0,1,13
S01011062,All HRPs,423,216,180,36,207,61,3,18,58,67
S01011062,24 and under,10,1,0,1,9,9,0,0,0,0
S01011062,25 to 34,36,17,5,12,19,17,0,1,1,0
S01011062,35 to 49,126,82,66,16,44,18,2,6,15,3
S01011062,50 to 64,127,70,66,4,57,10,1,11,30,5
S01011062,65 to 74,43,25,22,3,18,4,0,0,6,8
S01011062,75 to 84,66,19,19,0,47,3,0,0,6,38
S01011062,85 and over,15,2,2,0,13,0,0,0,0,13
S01011063,All HRPs,472,238,189,49,234,72,2,17,58,85
S01011063,24 and under,14,2,1,1,12,12,0,0,0,0
S01011063,25 to 34,50,26,13,13,24,19,1,1,3,0
S01011063,35 to 49,113,69,52,17,44,15,0,9,19,1
S01011063,50 to 64,122,69,59,10,53,12,0,6,25,10
S01011063,65 to 74,76,39,33,6,37,6,0,1,7,23
S01011063,75 to 84,79,27,26,1,52,7,1,0,4,40
S01011063,85 and over,18,6,5,1,12,1,0,0,0,11
S01011064,All HRPs,480,268,225,43,212,60,5,15,45,87
S01011064,24 and under,18,7,2,5,11,11,0,0,0,0
S01011064,25 to 34,48,31,14,17,17,13,0,2,2,0
S01011064,35 to 49,110,67,55,12,43,17,2,7,15,2
S01011064,50 to 64,134,90,83,7,44,7,1,4,22,10
S01011064,65 to 74,77,38,37,1,39,6,0,2,4,27
S01011064,75 to 84,69,30,29,1,39,5,0,0,2,32
S01011064,85 and over,24,5,5,0,19,1,2,0,0,16
S01011065,All HRPs,289,188,157,31,101,39,6,10,21,25
S01011065,24 and under,4,1,0,1,3,3,0,0,0,0
S01011065,25 to 34,21,10,5,5,11,10,1,0,0,0
S01011065,35 to 49,85,61,49,12,24,12,1,5,6,0
S01011065,50 to 64,97,69,57,12,28,7,3,3,12,3
S01011065,65 to 74,44,31,30,1,13,2,0,2,2,7
S01011065,75 to 84,30,15,15,0,15,3,1,0,1,10
S01011065,85 and over,8,1,1,0,7,2,0,0,0,5
S01011066,All HRPs,231,131,108,23,100,30,3,9,18,40
S01011066,24 and under,4,0,0,0,4,4,0,0,0,0
S01011066,25 to 34,21,13,7,6,8,5,0,3,0,0
S01011066,35 to 49,51,34,21,13,17,8,0,4,5,0
S01011066,50 to 64,68,48,44,4,20,3,1,2,11,3
S01011066,65 to 74,43,23,23,0,20,4,0,0,1,15
S01011066,75 to 84,27,10,10,0,17,5,1,0,1,10
S01011066,85 and over,17,3,3,0,14,1,1,0,0,12
S01011067,All HRPs,284,140,117,23,144,43,5,11,35,50
S01011067,24 and under,9,3,0,3,6,6,0,0,0,0
S01011067,25 to 34,25,19,10,9,6,3,0,3,0,0
S01011067,35 to 49,54,34,27,7,20,10,1,3,6,0
S01011067,50 to 64,71,37,35,2,34,7,2,4,17,4
S01011067,65 to 74,54,29,27,2,25,8,0,1,8,8
S01011067,75 to 84,47,12,12,0,35,5,2,0,3,25
S01011067,85 and over,24,6,6,0,18,4,0,0,1,13
S01011068,All HRPs,238,132,111,21,106,42,3,10,24,27
S01011068,24 and under,7,2,0,2,5,5,0,0,0,0
S01011068,25 to 34,27,13,9,4,14,10,0,3,1,0
S01011068,35 to 49,64,43,31,12,21,7,1,7,6,0
S01011068,50 to 64,66,44,41,3,22,9,0,0,8,5
S01011068,65 to 74,45,22,22,0,23,5,2,0,7,9
S01011068,75 to 84,26,8,8,0,18,6,0,0,2,10
S01011068,85 and over,3,0,0,0,3,0,0,0,0,3
S01011069,All HRPs,251,134,116,18,117,35,3,16,26,37
S01011069,24 and under,3,1,1,0,2,2,0,0,0,0
S01011069,25 to 34,14,5,4,1,9,9,0,0,0,0
S01011069,35 to 49,77,52,39,13,25,9,0,6,9,1
S01011069,50 to 64,71,42,38,4,29,7,1,5,12,4
S01011069,65 to 74,50,16,16,0,34,5,1,5,5,18
S01011069,75 to 84,27,15,15,0,12,2,1,0,0,9
S01011069,85 and over,9,3,3,0,6,1,0,0,0,5
S01011070,All HRPs,274,168,153,15,106,40,3,11,16,36
S01011070,24 and under,5,2,1,1,3,3,0,0,0,0
S01011070,25 to 34,36,21,15,6,15,13,0,0,2,0
S01011070,35 to 49,60,42,38,4,18,8,0,6,2,2
S01011070,50 to 64,85,66,62,4,19,6,1,2,9,1
S01011070,65 to 74,45,23,23,0,22,6,0,3,2,11
S01011070,75 to 84,30,11,11,0,19,4,2,0,0,13
S01011070,85 and over,13,3,3,0,10,0,0,0,1,9
S01011071,All HRPs,357,230,215,15,127,48,5,7,22,45
S01011071,24 and under,11,4,0,4,7,7,0,0,0,0
S01011071,25 to 34,27,13,11,2,14,11,0,3,0,0
S01011071,35 to 49,74,57,51,6,17,9,1,2,5,0
S01011071,50 to 64,116,91,88,3,25,7,2,2,10,4
S01011071,65 to 74,61,40,40,0,21,8,1,0,3,9
S01011071,75 to 84,51,22,22,0,29,2,1,0,3,23
S01011071,85 and over,17,3,3,0,14,4,0,0,1,9
S01011072,All HRPs,407,274,224,50,133,43,1,18,31,40
S01011072,24 and under,16,8,1,7,8,8,0,0,0,0
S01011072,25 to 34,51,36,25,11,15,10,0,5,0,0
S01011072,35 to 49,111,80,65,15,31,9,0,11,10,1
S01011072,50 to 64,134,100,83,17,34,9,0,2,14,9
S01011072,65 to 74,47,28,28,0,19,2,0,0,4,13
S01011072,75 to 84,38,19,19,0,19,3,1,0,3,12
S01011072,85 and over,10,3,3,0,7,2,0,0,0,5
S01011073,All HRPs,286,183,165,18,103,30,2,14,30,27
S01011073,24 and under,8,2,0,2,6,6,0,0,0,0
S01011073,25 to 34,23,14,12,2,9,5,0,3,1,0
S01011073,35 to 49,87,66,54,12,21,7,0,5,9,0
S01011073,50 to 64,85,58,57,1,27,4,0,5,13,5
S01011073,65 to 74,40,24,23,1,16,3,2,1,2,8
S01011073,75 to 84,32,11,11,0,21,4,0,0,5,12
S01011073,85 and over,11,8,8,0,3,1,0,0,0,2
S01011074,All HRPs,280,158,128,30,122,39,4,6,23,50
S01011074,24 and under,9,5,0,5,4,4,0,0,0,0
S01011074,25 to 34,32,15,6,9,17,15,0,1,1,0
S01011074,35 to 49,83,48,39,9,35,17,2,5,9,2
S01011074,50 to 64,76,56,50,6,20,1,1,0,9,9
S01011074,65 to 74,36,21,21,0,15,2,0,0,3,10
S01011074,75 to 84,29,11,10,1,18,0,1,0,1,16
S01011074,85 and over,15,2,2,0,13,0,0,0,0,13
S01011075,All HRPs,322,162,125,37,160,66,1,10,33,50
S01011075,24 and under,15,8,3,5,7,7,0,0,0,0
S01011075,25 to 34,47,23,11,12,24,22,0,0,2,0
S01011075,35 to 49,87,50,37,13,37,21,0,8,6,2
S01011075,50 to 64,77,43,36,7,34,4,0,2,20,8
S01011075,65 to 74,44,19,19,0,25,6,1,0,3,15
S01011075,75 to 84,42,16,16,0,26,6,0,0,1,19
S01011075,85 and over,10,3,3,0,7,0,0,0,1,6
S01011076,All HRPs,348,168,136,32,180,62,1,8,41,68
S01011076,24 and under,13,4,1,3,9,9,0,0,0,0
S01011076,25 to 34,40,22,11,11,18,17,0,1,0,0
S01011076,35 to 49,91,61,51,10,30,13,0,4,12,1
S01011076,50 to 64,78,46,38,8,32,11,0,1,14,6
S01011076,65 to 74,52,17,17,0,35,6,0,2,13,14
S01011076,75 to 84,55,16,16,0,39,4,1,0,2,32
S01011076,85 and over,19,2,2,0,17,2,0,0,0,15
S01011077,All HRPs,337,155,117,38,182,70,2,24,46,40
S01011077,24 and under,26,9,1,8,17,17,0,0,0,0
S01011077,25 to 34,50,20,6,14,30,24,2,3,1,0
S01011077,35 to 49,78,41,31,10,37,17,0,8,11,1
S01011077,50 to 64,79,38,34,4,41,5,0,7,22,7
S01011077,65 to 74,66,31,29,2,35,5,0,2,12,16
S01011077,75 to 84,37,15,15,0,22,2,0,4,0,16
S01011077,85 and over,1,1,1,0,0,0,0,0,0,0
S01011078,All HRPs,466,300,269,31,166,52,5,14,32,63
S01011078,24 and under,14,4,2,2,10,9,0,0,0,1
S01011078,25 to 34,40,27,15,12,13,13,0,0,0,0
S01011078,35 to 49,139,102,91,11,37,15,2,7,12,1
S01011078,50 to 64,111,80,75,5,31,5,2,5,14,5
S01011078,65 to 74,77,48,47,1,29,8,1,1,5,14
S01011078,75 to 84,73,36,36,0,37,2,0,1,1,33
S01011078,85 and over,12,3,3,0,9,0,0,0,0,9
S01011079,All HRPs,488,264,223,41,224,93,5,15,35,76
S01011079,24 and under,21,7,1,6,14,14,0,0,0,0
S01011079,25 to 34,78,44,26,18,34,32,0,2,0,0
S01011079,35 to 49,124,81,70,11,43,22,1,6,13,1
S01011079,50 to 64,122,76,70,6,46,14,1,5,16,10
S01011079,65 to 74,56,30,30,0,26,3,1,1,3,18
S01011079,75 to 84,63,24,24,0,39,4,2,1,3,29
S01011079,85 and over,24,2,2,0,22,4,0,0,0,18
S01011080,All HRPs,461,246,200,46,215,80,5,14,46,70
S01011080,24 and under,19,3,0,3,16,16,0,0,0,0
S01011080,25 to 34,54,28,11,17,26,24,0,0,2,0
S01011080,35 to 49,101,64,49,15,37,18,1,8,9,1
S01011080,50 to 64,129,81,72,9,48,12,0,6,23,7
S01011080,65 to 74,79,41,39,2,38,5,2,0,8,23
S01011080,75 to 84,65,23,23,0,42,4,1,0,4,33
S01011080,85 and over,14,6,6,0,8,1,1,0,0,6
S01011081,All HRPs,352,196,152,44,156,45,1,21,42,47
S01011081,24 and under,13,5,0,5,8,8,0,0,0,0
S01011081,25 to 34,53,34,16,18,19,15,0,4,0,0
S01011081,35 to 49,100,59,46,13,41,13,1,10,14,3
S01011081,50 to 64,87,48,41,7,39,7,0,6,22,4
S01011081,65 to 74,48,28,27,1,20,1,0,1,5,13
S01011081,75 to 84,40,18,18,0,22,1,0,0,1,20
S01011081,85 and over,11,4,4,0,7,0,0,0,0,7
S01011082,All HRPs,269,101,81,20,168,43,2,9,35,79
S01011082,24 and under,9,1,0,1,8,8,0,0,0,0
S01011082,25 to 34,17,13,9,4,4,4,0,0,0,0
S01011082,35 to 49,34,22,14,8,12,5,1,3,1,2
S01011082,50 to 64,85,41,36,5,44,12,0,4,22,6
S01011082,65 to 74,29,5,4,1,24,2,0,1,5,16
S01011082,75 to 84,77,18,17,1,59,10,1,1,7,40
S01011082,85 and over,18,1,1,0,17,2,0,0,0,15
S01011083,All HRPs,347,205,170,35,142,42,2,18,32,48
S01011083,24 and under,6,2,1,1,4,4,0,0,0,0
S01011083,25 to 34,30,18,8,10,12,9,0,2,1,0
S01011083,35 to 49,86,52,39,13,34,14,0,8,12,0
S01011083,50 to 64,102,78,70,8,24,4,2,4,10,4
S01011083,65 to 74,58,33,31,2,25,3,0,4,6,12
S01011083,75 to 84,55,19,19,0,36,6,0,0,2,28
S01011083,85 and over,10,3,2,1,7,2,0,0,1,4
S01011084,All HRPs,330,217,193,24,113,33,0,16,19,45
S01011084,24 and under,2,0,0,0,2,2,0,0,0,0
S01011084,25 to 34,23,15,8,7,8,8,0,0,0,0
S01011084,35 to 49,78,60,50,10,18,6,0,7,4,1
S01011084,50 to 64,116,80,74,6,36,7,0,8,13,8
S01011084,65 to 74,63,43,42,1,20,5,0,1,1,13
S01011084,75 to 84,37,17,17,0,20,4,0,0,1,15
S01011084,85 and over,11,2,2,0,9,1,0,0,0,8
S01011085,All HRPs,383,264,233,31,119,29,5,8,33,44
S01011085,24 and under,2,1,0,1,1,1,0,0,0,0
S01011085,25 to 34,23,20,10,10,3,2,0,0,1,0
S01011085,35 to 49,105,78,62,16,27,10,0,5,12,0
S01011085,50 to 64,133,99,96,3,34,8,2,2,14,8
S01011085,65 to 74,67,50,50,0,17,2,1,1,4,9
S01011085,75 to 84,36,13,12,1,23,5,2,0,2,14
S01011085,85 and over,17,3,3,0,14,1,0,0,0,13
S01011086,All HRPs,273,190,167,23,83,17,1,4,21,40
S01011086,24 and under,3,2,0,2,1,1,0,0,0,0
S01011086,25 to 34,13,9,3,6,4,4,0,0,0,0
S01011086,35 to 49,68,57,45,12,11,3,1,2,4,1
S01011086,50 to 64,84,66,63,3,18,4,0,2,9,3
S01011086,65 to 74,52,37,37,0,15,2,0,0,5,8
S01011086,75 to 84,34,14,14,0,20,1,0,0,1,18
S01011086,85 and over,19,5,5,0,14,2,0,0,2,10
S01011087,All HRPs,262,150,124,26,112,33,1,13,42,23
S01011087,24 and under,2,0,0,0,2,2,0,0,0,0
S01011087,25 to 34,31,20,11,9,11,9,0,2,0,0
S01011087,35 to 49,82,45,36,9,37,13,0,7,16,1
S01011087,50 to 64,68,38,33,5,30,4,0,3,17,6
S01011087,65 to 74,40,25,24,1,15,1,0,0,8,6
S01011087,75 to 84,31,17,15,2,14,3,1,1,1,8
S01011087,85 and over,8,5,5,0,3,1,0,0,0,2
S01011088,All HRPs,453,228,193,35,225,59,2,34,53,77
S01011088,24 and under,8,4,0,4,4,4,0,0,0,0
S01011088,25 to 34,40,23,12,11,17,13,0,3,1,0
S01011088,35 to 49,117,69,61,8,48,16,0,14,17,1
S01011088,50 to 64,137,78,72,6,59,10,1,16,23,9
S01011088,65 to 74,62,32,29,3,30,8,0,1,7,14
S01011088,75 to 84,64,19,16,3,45,5,1,0,3,36
S01011088,85 and over,25,3,3,0,22,3,0,0,2,17
S01011089,All HRPs,310,165,138,27,145,47,0,13,35,50
S01011089,24 and under,11,2,1,1,9,8,0,1,0,0
S01011089,25 to 34,36,19,9,10,17,15,0,2,0,0
S01011089,35 to 49,58,34,24,10,24,9,0,4,10,1
S01011089,50 to 64,92,53,53,0,39,11,0,4,14,10
S01011089,65 to 74,49,28,23,5,21,2,0,1,8,10
S01011089,75 to 84,44,23,23,0,21,0,0,1,3,17
S01011089,85 and over,20,6,5,1,14,2,0,0,0,12
S01011090,All HRPs,304,214,187,27,90,28,5,13,17,27
S01011090,24 and under,3,3,0,3,0,0,0,0,0,0
S01011090,25 to 34,20,16,9,7,4,4,0,0,0,0
S01011090,35 to 49,86,63,54,9,23,11,1,5,5,1
S01011090,50 to 64,91,70,63,7,21,5,1,5,6,4
S01011090,65 to 74,57,41,40,1,16,3,0,0,6,7
S01011090,75 to 84,35,17,17,0,18,5,3,1,0,9
S01011090,85 and over,12,4,4,0,8,0,0,2,0,6
S01011091,All HRPs,260,193,169,24,67,16,2,8,21,20
S01011091,24 and under,1,1,0,1,0,0,0,0,0,0
S01011091,25 to 34,17,14,9,5,3,3,0,0,0,0
S01011091,35 to 49,71,51,43,8,20,5,0,5,10,0
S01011091,50 to 64,109,88,79,9,21,6,0,3,9,3
S01011091,65 to 74,41,24,23,1,17,1,1,0,2,13
S01011091,75 to 84,15,11,11,0,4,0,0,0,0,4
S01011091,85 and over,6,4,4,0,2,1,1,0,0,0
S01011092,All HRPs,181,86,55,31,95,57,1,11,19,7
S01011092,24 and under,18,5,1,4,13,13,0,0,0,0
S01011092,25 to 34,44,21,8,13,23,21,0,1,1,0
S01011092,35 to 49,73,32,22,10,41,21,0,6,12,2
S01011092,50 to 64,32,19,16,3,13,1,1,3,6,2
S01011092,65 to 74,10,7,6,1,3,1,0,0,0,2
S01011092,75 to 84,4,2,2,0,2,0,0,1,0,1
S01011092,85 and over,0,0,0,0,0,0,0,0,0,0
S01011093,All HRPs,239,192,167,25,47,11,2,5,12,17
S01011093,24 and under,2,1,0,1,1,1,0,0,0,0
S01011093,25 to 34,15,10,8,2,5,2,1,2,0,0
S01011093,35 to 49,84,71,59,12,13,6,1,1,5,0
S01011093,50 to 64,78,69,59,10,9,1,0,0,6,2
S01011093,65 to 74,42,32,32,0,10,1,0,2,1,6
S01011093,75 to 84,15,8,8,0,7,0,0,0,0,7
S01011093,85 and over,3,1,1,0,2,0,0,0,0,2
S01011094,All HRPs,196,143,122,21,53,7,1,6,22,17
S01011094,24 and under,1,1,0,1,0,0,0,0,0,0
S01011094,25 to 34,15,12,6,6,3,2,0,1,0,0
S01011094,35 to 49,72,56,47,9,16,4,0,2,7,3
S01011094,50 to 64,68,51,47,4,17,0,1,2,10,4
S01011094,65 to 74,19,16,15,1,3,1,0,0,1,1
S01011094,75 to 84,18,7,7,0,11,0,0,1,4,6
S01011094,85 and over,3,0,0,0,3,0,0,0,0,3
S01011095,All HRPs,318,234,204,30,84,22,5,8,18,31
S01011095,24 and under,2,1,0,1,1,1,0,0,0,0
S01011095,25 to 34,12,10,4,6,2,2,0,0,0,0
S01011095,35 to 49,108,84,68,16,24,8,2,8,5,1
S01011095,50 to 64,114,95,90,5,19,6,1,0,8,4
S01011095,65 to 74,43,28,26,2,15,2,2,0,4,7
S01011095,75 to 84,30,13,13,0,17,2,0,0,1,14
S01011095,85 and over,9,3,3,0,6,1,0,0,0,5
S01011096,All HRPs,223,143,112,31,80,22,3,15,23,17
S01011096,24 and under,4,4,0,4,0,0,0,0,0,0
S01011096,25 to 34,31,24,13,11,7,5,1,1,0,0
S01011096,35 to 49,85,54,44,10,31,10,0,10,11,0
S01011096,50 to 64,62,41,37,4,21,4,0,4,11,2
S01011096,65 to 74,21,13,11,2,8,2,0,0,0,6
S01011096,75 to 84,14,7,7,0,7,1,1,0,1,4
S01011096,85 and over,6,0,0,0,6,0,1,0,0,5
S01011097,All HRPs,284,204,173,31,80,20,0,11,26,23
S01011097,24 and under,0,0,0,0,0,0,0,0,0,0
S01011097,25 to 34,19,10,6,4,9,7,0,2,0,0
S01011097,35 to 49,104,82,66,16,22,7,0,7,8,0
S01011097,50 to 64,100,73,66,7,27,4,0,2,15,6
S01011097,65 to 74,31,23,22,1,8,1,0,0,3,4
S01011097,75 to 84,28,16,13,3,12,1,0,0,0,11
S01011097,85 and over,2,0,0,0,2,0,0,0,0,2
S01011098,All HRPs,346,219,163,56,127,38,1,9,35,44
S01011098,24 and under,7,4,1,3,3,2,0,1,0,0
S01011098,25 to 34,49,37,14,23,12,10,0,1,1,0
S01011098,35 to 49,94,65,47,18,29,13,0,4,12,0
S01011098,50 to 64,95,62,55,7,33,6,0,3,16,8
S01011098,65 to 74,53,34,30,4,19,7,1,0,5,6
S01011098,75 to 84,31,14,13,1,17,0,0,0,1,16
S01011098,85 and over,17,3,3,0,14,0,0,0,0,14
S01011099,All HRPs,358,177,130,47,181,86,3,22,46,24
S01011099,24 and under,21,10,1,9,11,9,0,0,2,0
S01011099,25 to 34,59,28,11,17,31,27,0,2,2,0
S01011099,35 to 49,114,43,32,11,71,38,1,14,15,3
S01011099,50 to 64,106,72,63,9,34,6,0,5,19,4
S01011099,65 to 74,38,17,16,1,21,4,2,0,6,9
S01011099,75 to 84,16,6,6,0,10,1,0,1,2,6
S01011099,85 and over,4,1,1,0,3,1,0,0,0,2
S01011100,All HRPs,210,120,102,18,90,24,0,12,14,40
S01011100,24 and under,1,1,0,1,0,0,0,0,0,0
S01011100,25 to 34,22,15,5,10,7,5,0,2,0,0
S01011100,35 to 49,45,24,20,4,21,8,0,8,4,1
S01011100,50 to 64,58,39,38,1,19,6,0,1,8,4
S01011100,65 to 74,29,20,19,1,9,2,0,1,1,5
S01011100,75 to 84,45,18,17,1,27,2,0,0,1,24
S01011100,85 and over,10,3,3,0,7,1,0,0,0,6
S01011101,All HRPs,247,129,96,33,118,46,0,12,30,30
S01011101,24 and under,9,4,1,3,5,5,0,0,0,0
S01011101,25 to 34,37,17,8,9,20,19,0,0,1,0
S01011101,35 to 49,78,43,28,15,35,18,0,7,10,0
S01011101,50 to 64,64,44,38,6,20,3,0,5,9,3
S01011101,65 to 74,39,14,14,0,25,1,0,0,8,16
S01011101,75 to 84,18,7,7,0,11,0,0,0,2,9
S01011101,85 and over,2,0,0,0,2,0,0,0,0,2
S01011102,All HRPs,330,130,72,58,200,91,3,23,55,28
S01011102,24 and under,29,10,2,8,19,19,0,0,0,0
S01011102,25 to 34,63,26,5,21,37,31,0,4,2,0
S01011102,35 to 49,87,30,19,11,57,23,0,13,20,1
S01011102,50 to 64,79,33,20,13,46,13,3,4,25,1
S01011102,65 to 74,44,22,18,4,22,3,0,2,6,11
S01011102,75 to 84,22,9,8,1,13,2,0,0,2,9
S01011102,85 and over,6,0,0,0,6,0,0,0,0,6
S01011103,All HRPs,312,114,70,44,198,88,0,17,47,46
S01011103,24 and under,18,9,0,9,9,9,0,0,0,0
S01011103,25 to 34,64,29,7,22,35,30,0,3,2,0
S01011103,35 to 49,53,25,18,7,28,18,0,3,7,0
S01011103,50 to 64,80,28,22,6,52,17,0,6,21,8
S01011103,65 to 74,42,15,15,0,27,6,0,4,9,8
S01011103,75 to 84,39,7,7,0,32,4,0,1,8,19
S01011103,85 and over,16,1,1,0,15,4,0,0,0,11
S01011104,All HRPs,294,138,112,26,156,55,1,15,36,49
S01011104,24 and under,7,3,0,3,4,4,0,0,0,0
S01011104,25 to 34,30,11,7,4,19,18,0,0,1,0
S01011104,35 to 49,71,42,29,13,29,18,0,7,4,0
S01011104,50 to 64,76,37,35,2,39,9,0,7,14,9
S01011104,65 to 74,56,25,23,2,31,4,1,0,13,13
S01011104,75 to 84,47,17,15,2,30,1,0,1,4,24
S01011104,85 and over,7,3,3,0,4,1,0,0,0,3
S01011105,All HRPs,405,198,134,64,207,92,4,14,53,44
S01011105,24 and under,18,9,2,7,9,9,0,0,0,0
S01011105,25 to 34,99,53,25,28,46,40,1,2,3,0
S01011105,35 to 49,83,34,20,14,49,26,0,6,17,0
S01011105,50 to 64,87,41,32,9,46,9,1,6,22,8
S01011105,65 to 74,60,40,35,5,20,4,0,0,6,10
S01011105,75 to 84,47,20,19,1,27,4,2,0,5,16
S01011105,85 and over,11,1,1,0,10,0,0,0,0,10
S01011106,All HRPs,352,235,184,51,117,56,3,26,17,15
S01011106,24 and under,32,20,8,12,12,12,0,0,0,0
S01011106,25 to 34,143,104,79,25,39,23,2,9,5,0
S01011106,35 to 49,118,76,66,10,42,19,0,14,7,2
S01011106,50 to 64,31,22,18,4,9,2,0,3,2,2
S01011106,65 to 74,21,9,9,0,12,0,0,0,3,9
S01011106,75 to 84,6,4,4,0,2,0,1,0,0,1
S01011106,85 and over,1,0,0,0,1,0,0,0,0,1
S01011107,All HRPs,324,214,139,75,110,57,2,15,30,6
S01011107,24 and under,23,9,1,8,14,14,0,0,0,0
S01011107,25 to 34,97,71,31,40,26,21,1,2,2,0
S01011107,35 to 49,150,101,79,22,49,21,1,10,17,0
S01011107,50 to 64,42,29,24,5,13,1,0,3,9,0
S01011107,65 to 74,9,4,4,0,5,0,0,0,2,3
S01011107,75 to 84,3,0,0,0,3,0,0,0,0,3
S01011107,85 and over,0,0,0,0,0,0,0,0,0,0
S01011108,All HRPs,216,121,98,23,95,18,2,13,33,29
S01011108,24 and under,3,1,1,0,2,2,0,0,0,0
S01011108,25 to 34,19,12,9,3,7,5,0,1,1,0
S01011108,35 to 49,82,50,38,12,32,6,1,8,15,2
S01011108,50 to 64,62,42,35,7,20,3,0,3,12,2
S01011108,65 to 74,26,10,9,1,16,2,0,1,4,9
S01011108,75 to 84,14,4,4,0,10,0,1,0,1,8
S01011108,85 and over,10,2,2,0,8,0,0,0,0,8
S01011109,All HRPs,389,227,178,49,162,57,2,19,38,46
S01011109,24 and under,12,6,1,5,6,6,0,0,0,0
S01011109,25 to 34,49,32,13,19,17,15,0,1,1,0
S01011109,35 to 49,101,57,43,14,44,20,0,11,11,2
S01011109,50 to 64,104,74,64,10,30,8,1,5,12,4
S01011109,65 to 74,64,35,34,1,29,3,0,0,12,14
S01011109,75 to 84,47,21,21,0,26,4,1,2,2,17
S01011109,85 and over,12,2,2,0,10,1,0,0,0,9
S01011110,All HRPs,314,164,128,36,150,64,5,11,38,32
S01011110,24 and under,22,3,0,3,19,19,0,0,0,0
S01011110,25 to 34,52,32,17,15,20,17,0,2,1,0
S01011110,35 to 49,91,56,44,12,35,19,1,2,11,2
S01011110,50 to 64,100,50,44,6,50,8,3,5,24,10
S01011110,65 to 74,26,14,14,0,12,1,1,2,2,6
S01011110,75 to 84,17,8,8,0,9,0,0,0,0,9
S01011110,85 and over,6,1,1,0,5,0,0,0,0,5
S01011111,All HRPs,407,174,126,48,233,94,2,18,77,42
S01011111,24 and under,19,8,0,8,11,11,0,0,0,0
S01011111,25 to 34,60,26,12,14,34,28,1,2,3,0
S01011111,35 to 49,123,49,35,14,74,32,1,13,27,1
S01011111,50 to 64,119,63,54,9,56,16,0,2,33,5
S01011111,65 to 74,44,19,17,2,25,3,0,0,11,11
S01011111,75 to 84,34,7,6,1,27,3,0,1,3,20
S01011111,85 and over,8,2,2,0,6,1,0,0,0,5
S01011112,All HRPs,328,224,167,57,104,40,4,13,25,22
S01011112,24 and under,10,7,0,7,3,3,0,0,0,0
S01011112,25 to 34,82,57,32,25,25,20,2,3,0,0
S01011112,35 to 49,143,109,90,19,34,13,1,8,10,2
S01011112,50 to 64,64,36,31,5,28,3,0,2,15,8
S01011112,65 to 74,13,8,7,1,5,1,0,0,0,4
S01011112,75 to 84,8,5,5,0,3,0,0,0,0,3
S01011112,85 and over,8,2,2,0,6,0,1,0,0,5
S01011113,All HRPs,446,239,213,26,207,73,2,14,37,81
S01011113,24 and under,12,5,2,3,7,6,0,0,1,0
S01011113,25 to 34,36,20,12,8,16,12,0,3,1,0
S01011113,35 to 49,100,63,51,12,37,22,1,5,7,2
S01011113,50 to 64,133,82,79,3,51,20,0,2,21,8
S01011113,65 to 74,73,42,42,0,31,7,1,1,5,17
S01011113,75 to 84,63,21,21,0,42,5,0,2,1,34
S01011113,85 and over,29,6,6,0,23,1,0,1,1,20
S01011114,All HRPs,296,207,184,23,89,29,1,6,22,31
S01011114,24 and under,7,3,2,1,4,4,0,0,0,0
S01011114,25 to 34,22,14,6,8,8,8,0,0,0,0
S01011114,35 to 49,79,59,48,11,20,9,0,3,7,1
S01011114,50 to 64,116,92,90,2,24,3,0,3,10,8
S01011114,65 to 74,43,25,24,1,18,2,1,0,3,12
S01011114,75 to 84,22,10,10,0,12,2,0,0,1,9
S01011114,85 and over,7,4,4,0,3,1,0,0,1,1
S01011115,All HRPs,411,211,156,55,200,76,0,18,52,54
S01011115,24 and under,21,10,0,10,11,11,0,0,0,0
S01011115,25 to 34,44,25,11,14,19,16,0,3,0,0
S01011115,35 to 49,129,73,47,26,56,30,0,8,16,2
S01011115,50 to 64,114,66,63,3,48,7,0,6,23,12
S01011115,65 to 74,50,26,24,2,24,4,0,0,8,12
S01011115,75 to 84,39,11,11,0,28,6,0,0,4,18
S01011115,85 and over,14,0,0,0,14,2,0,1,1,10
S01011116,All HRPs,269,187,150,37,82,25,1,13,18,25
S01011116,24 and under,4,1,0,1,3,3,0,0,0,0
S01011116,25 to 34,38,30,13,17,8,5,0,1,1,1
S01011116,35 to 49,74,50,41,9,24,10,0,7,7,0
S01011116,50 to 64,84,65,58,7,19,5,1,5,5,3
S01011116,65 to 74,39,27,25,2,12,0,0,0,3,9
S01011116,75 to 84,24,11,10,1,13,1,0,0,2,10
S01011116,85 and over,6,3,3,0,3,1,0,0,0,2
S01011117,All HRPs,359,190,157,33,169,69,5,12,30,53
S01011117,24 and under,20,6,2,4,14,13,0,0,1,0
S01011117,25 to 34,45,22,7,15,23,22,0,1,0,0
S01011117,35 to 49,85,51,42,9,34,14,2,7,10,1
S01011117,50 to 64,82,54,51,3,28,8,1,3,8,8
S01011117,65 to 74,54,27,26,1,27,4,1,0,9,13
S01011117,75 to 84,52,27,26,1,25,3,1,1,2,18
S01011117,85 and over,21,3,3,0,18,5,0,0,0,13
S01011118,All HRPs,399,224,187,37,175,48,5,18,38,66
S01011118,24 and under,11,2,0,2,9,8,0,1,0,0
S01011118,25 to 34,47,29,13,16,18,14,1,1,2,0
S01011118,35 to 49,102,70,55,15,32,9,1,11,9,2
S01011118,50 to 64,92,60,57,3,32,5,3,3,15,6
S01011118,65 to 74,51,26,26,0,25,3,0,2,7,13
S01011118,75 to 84,70,30,29,1,40,3,0,0,4,33
S01011118,85 and over,26,7,7,0,19,6,0,0,1,12
S01011119,All HRPs,422,262,227,35,160,53,5,14,24,64
S01011119,24 and under,3,2,0,2,1,1,0,0,0,0
S01011119,25 to 34,26,13,6,7,13,10,1,1,1,0
S01011119,35 to 49,113,70,54,16,43,21,3,10,8,1
S01011119,50 to 64,127,104,95,9,23,6,1,1,6,9
S01011119,65 to 74,61,34,34,0,27,4,0,2,6,15
S01011119,75 to 84,66,34,33,1,32,8,0,0,3,21
S01011119,85 and over,26,5,5,0,21,3,0,0,0,18
S01011120,All HRPs,293,231,219,12,62,10,0,6,4,42
S01011120,24 and under,0,0,0,0,0,0,0,0,0,0
S01011120,25 to 34,4,3,2,1,1,1,0,0,0,0
S01011120,35 to 49,54,49,43,6,5,3,0,0,2,0
S01011120,50 to 64,101,87,83,4,14,3,0,5,1,5
S01011120,65 to 74,69,53,52,1,16,2,0,1,0,13
S01011120,75 to 84,50,35,35,0,15,0,0,0,1,14
S01011120,85 and over,15,4,4,0,11,1,0,0,0,10
S01011121,All HRPs,313,103,59,44,210,96,3,17,50,44
S01011121,24 and under,30,17,0,17,13,13,0,0,0,0
S01011121,25 to 34,59,22,8,14,37,34,0,0,3,0
S01011121,35 to 49,68,21,13,8,47,22,2,11,11,1
S01011121,50 to 64,69,26,23,3,43,18,1,4,17,3
S01011121,65 to 74,32,6,5,1,26,2,0,1,14,9
S01011121,75 to 84,40,8,7,1,32,4,0,1,5,22
S01011121,85 and over,15,3,3,0,12,3,0,0,0,9
S01011122,All HRPs,302,161,113,48,141,59,2,16,28,36
S01011122,24 and under,13,4,0,4,9,9,0,0,0,0
S01011122,25 to 34,39,21,7,14,18,15,0,2,1,0
S01011122,35 to 49,85,53,38,15,32,20,1,3,8,0
S01011122,50 to 64,86,50,39,11,36,8,0,8,14,6
S01011122,65 to 74,29,14,13,1,15,2,0,3,4,6
S01011122,75 to 84,42,17,14,3,25,5,1,0,1,18
S01011122,85 and over,8,2,2,0,6,0,0,0,0,6
S01011123,All HRPs,490,262,208,54,228,68,3,19,45,93
S01011123,24 and under,13,8,0,8,5,5,0,0,0,0
S01011123,25 to 34,63,37,23,14,26,19,0,6,1,0
S01011123,35 to 49,133,81,64,17,52,22,2,9,15,4
S01011123,50 to 64,119,77,67,10,42,14,0,4,15,9
S01011123,65 to 74,73,33,28,5,40,6,0,0,9,25
S01011123,75 to 84,71,24,24,0,47,2,0,0,5,40
S01011123,85 and over,18,2,2,0,16,0,1,0,0,15
S01011124,All HRPs,277,153,115,38,124,38,3,13,32,38
S01011124,24 and under,6,1,0,1,5,5,0,0,0,0
S01011124,25 to 34,42,28,15,13,14,11,0,1,2,0
S01011124,35 to 49,99,69,51,18,30,11,0,8,11,0
S01011124,50 to 64,65,30,24,6,35,8,0,4,14,9
S01011124,65 to 74,18,10,10,0,8,1,0,0,3,4
S01011124,75 to 84,38,11,11,0,27,2,2,0,2,21
S01011124,85 and over,9,4,4,0,5,0,1,0,0,4
S01011125,All HRPs,220,91,60,31,129,53,2,17,37,20
S01011125,24 and under,14,2,0,2,12,12,0,0,0,0
S01011125,25 to 34,40,16,6,10,24,17,0,4,2,1
S01011125,35 to 49,80,32,19,13,48,19,1,7,17,4
S01011125,50 to 64,59,30,24,6,29,5,1,5,15,3
S01011125,65 to 74,13,6,6,0,7,0,0,1,2,4
S01011125,75 to 84,14,5,5,0,9,0,0,0,1,8
S01011125,85 and over,0,0,0,0,0,0,0,0,0,0
S01011126,All HRPs,184,134,114,20,50,11,0,1,10,28
S01011126,24 and under,10,9,5,4,1,1,0,0,0,0
S01011126,25 to 34,39,34,29,5,5,4,0,0,1,0
S01011126,35 to 49,41,37,34,3,4,2,0,1,1,0
S01011126,50 to 64,46,39,32,7,7,0,0,0,5,2
S01011126,65 to 74,12,8,7,1,4,0,0,0,1,3
S01011126,75 to 84,23,6,6,0,17,2,0,0,2,13
S01011126,85 and over,13,1,1,0,12,2,0,0,0,10
S01011127,All HRPs,153,146,142,4,7,1,1,4,0,1
S01011127,24 and under,14,14,14,0,0,0,0,0,0,0
S01011127,25 to 34,76,72,72,0,4,1,1,2,0,0
S01011127,35 to 49,57,56,52,4,1,0,0,1,0,0
S01011127,50 to 64,3,2,2,0,1,0,0,1,0,0
S01011127,65 to 74,1,1,1,0,0,0,0,0,0,0
S01011127,75 to 84,1,0,0,0,1,0,0,0,0,1
S01011127,85 and over,1,1,1,0,0,0,0,0,0,0
S01011128,All HRPs,341,180,142,38,161,71,1,10,41,38
S01011128,24 and under,18,7,0,7,11,10,0,1,0,0
S01011128,25 to 34,45,31,17,14,14,10,0,2,2,0
S01011128,35 to 49,111,61,52,9,50,27,1,6,16,0
S01011128,50 to 64,89,50,43,7,39,18,0,1,13,7
S01011128,65 to 74,45,22,21,1,23,4,0,0,6,13
S01011128,75 to 84,28,8,8,0,20,2,0,0,4,14
S01011128,85 and over,5,1,1,0,4,0,0,0,0,4
S01011129,All HRPs,356,288,268,20,68,13,5,3,13,34
S01011129,24 and under,6,6,2,4,0,0,0,0,0,0
S01011129,25 to 34,56,52,50,2,4,2,1,1,0,0
S01011129,35 to 49,133,119,108,11,14,5,3,1,5,0
S01011129,50 to 64,83,70,68,2,13,3,0,1,6,3
S01011129,65 to 74,38,21,20,1,17,1,1,0,1,14
S01011129,75 to 84,34,17,17,0,17,2,0,0,1,14
S01011129,85 and over,6,3,3,0,3,0,0,0,0,3
S01011130,All HRPs,296,148,112,36,148,46,0,8,38,56
S01011130,24 and under,15,7,0,7,8,7,0,0,1,0
S01011130,25 to 34,44,27,13,14,17,17,0,0,0,0
S01011130,35 to 49,70,39,28,11,31,11,0,3,15,2
S01011130,50 to 64,65,42,41,1,23,7,0,0,14,2
S01011130,65 to 74,55,20,18,2,35,4,0,5,7,19
S01011130,75 to 84,38,10,9,1,28,0,0,0,1,27
S01011130,85 and over,9,3,3,0,6,0,0,0,0,6
S01011131,All HRPs,318,166,135,31,152,71,2,12,24,43
S01011131,24 and under,19,6,1,5,13,13,0,0,0,0
S01011131,25 to 34,52,20,8,12,32,26,0,3,3,0
S01011131,35 to 49,79,47,38,9,32,21,1,5,4,1
S01011131,50 to 64,87,61,56,5,26,5,1,4,10,6
S01011131,65 to 74,36,19,19,0,17,5,0,0,6,6
S01011131,75 to 84,36,11,11,0,25,0,0,0,1,24
S01011131,85 and over,9,2,2,0,7,1,0,0,0,6
S01011132,All HRPs,374,244,207,37,130,37,3,5,32,53
S01011132,24 and under,8,7,0,7,1,1,0,0,0,0
S01011132,25 to 34,42,29,13,16,13,10,1,0,2,0
S01011132,35 to 49,114,80,73,7,34,10,1,4,16,3
S01011132,50 to 64,98,77,71,6,21,4,0,1,10,6
S01011132,65 to 74,62,37,37,0,25,5,0,0,3,17
S01011132,75 to 84,32,13,12,1,19,5,1,0,1,12
S01011132,85 and over,18,1,1,0,17,2,0,0,0,15
S01011133,All HRPs,190,110,99,11,80,21,4,5,18,32
S01011133,24 and under,6,0,0,0,6,6,0,0,0,0
S01011133,25 to 34,19,15,11,4,4,3,0,1,0,0
S01011133,35 to 49,42,28,24,4,14,5,0,1,6,2
S01011133,50 to 64,54,38,35,3,16,3,2,3,4,4
S01011133,65 to 74,38,17,17,0,21,3,1,0,7,10
S01011133,75 to 84,26,11,11,0,15,1,1,0,1,12
S01011133,85 and over,5,1,1,0,4,0,0,0,0,4
S01011134,All HRPs,401,186,147,39,215,75,1,25,56,58
S01011134,24 and under,17,5,1,4,12,12,0,0,0,0
S01011134,25 to 34,54,24,8,16,30,25,0,4,1,0
S01011134,35 to 49,96,46,36,10,50,17,0,11,21,1
S01011134,50 to 64,97,59,54,5,38,9,0,5,20,4
S01011134,65 to 74,73,39,35,4,34,8,0,4,6,16
S01011134,75 to 84,47,12,12,0,35,3,0,1,7,24
S01011134,85 and over,17,1,1,0,16,1,1,0,1,13
S01011135,All HRPs,337,181,138,43,156,47,2,16,37,54
S01011135,24 and under,13,7,0,7,6,6,0,0,0,0
S01011135,25 to 34,47,26,7,19,21,15,0,4,2,0
S01011135,35 to 49,75,47,38,9,28,11,0,7,9,1
S01011135,50 to 64,96,59,53,6,37,6,2,5,20,4
S01011135,65 to 74,52,24,24,0,28,4,0,0,3,21
S01011135,75 to 84,45,17,15,2,28,5,0,0,2,21
S01011135,85 and over,9,1,1,0,8,0,0,0,1,7
S01011136,All HRPs,284,172,142,30,112,36,2,16,14,44
S01011136,24 and under,14,8,1,7,6,6,0,0,0,0
S01011136,25 to 34,34,22,10,12,12,10,0,2,0,0
S01011136,35 to 49,75,49,41,8,26,11,1,8,6,0
S01011136,50 to 64,70,47,46,1,23,9,1,4,5,4
S01011136,65 to 74,42,30,28,2,12,0,0,2,2,8
S01011136,75 to 84,30,13,13,0,17,0,0,0,0,17
S01011136,85 and over,19,3,3,0,16,0,0,0,1,15
S01011137,All HRPs,186,110,86,24,76,18,4,18,22,14
S01011137,24 and under,6,4,0,4,2,2,0,0,0,0
S01011137,25 to 34,30,21,11,10,9,6,0,2,1,0
S01011137,35 to 49,70,35,29,6,35,7,3,11,13,1
S01011137,50 to 64,49,33,30,3,16,3,1,4,5,3
S01011137,65 to 74,16,9,8,1,7,0,0,1,3,3
S01011137,75 to 84,12,7,7,0,5,0,0,0,0,5
S01011137,85 and over,3,1,1,0,2,0,0,0,0,2
S01011138,All HRPs,254,144,118,26,110,38,1,13,32,26
S01011138,24 and under,16,10,5,5,6,6,0,0,0,0
S01011138,25 to 34,50,40,28,12,10,10,0,0,0,0
S01011138,35 to 49,91,49,43,6,42,17,1,9,15,0
S01011138,50 to 64,51,27,24,3,24,4,0,4,14,2
S01011138,65 to 74,20,12,12,0,8,0,0,0,3,5
S01011138,75 to 84,17,5,5,0,12,1,0,0,0,11
S01011138,85 and over,9,1,1,0,8,0,0,0,0,8
S01011139,All HRPs,281,204,177,27,77,30,1,13,20,13
S01011139,24 and under,11,8,5,3,3,3,0,0,0,0
S01011139,25 to 34,91,72,63,9,19,15,0,1,3,0
S01011139,35 to 49,103,82,70,12,21,9,0,8,4,0
S01011139,50 to 64,47,33,30,3,14,1,1,3,8,1
S01011139,65 to 74,18,7,7,0,11,2,0,1,4,4
S01011139,75 to 84,8,1,1,0,7,0,0,0,1,6
S01011139,85 and over,3,1,1,0,2,0,0,0,0,2
S01011140,All HRPs,232,127,95,32,105,42,2,7,37,17
S01011140,24 and under,8,4,1,3,4,4,0,0,0,0
S01011140,25 to 34,47,31,18,13,16,15,0,0,1,0
S01011140,35 to 49,76,51,39,12,25,11,1,1,11,1
S01011140,50 to 64,58,22,19,3,36,9,0,5,18,4
S01011140,65 to 74,24,15,15,0,9,0,1,1,6,1
S01011140,75 to 84,17,2,1,1,15,3,0,0,1,11
S01011140,85 and over,2,2,2,0,0,0,0,0,0,0
S01011141,All HRPs,230,129,102,27,101,32,2,9,38,20
S01011141,24 and under,8,5,0,5,3,3,0,0,0,0
S01011141,25 to 34,47,30,17,13,17,15,0,1,1,0
S01011141,35 to 49,66,38,33,5,28,8,0,5,14,1
S01011141,50 to 64,67,44,40,4,23,2,0,3,13,5
S01011141,65 to 74,24,8,8,0,16,2,1,0,8,5
S01011141,75 to 84,13,3,3,0,10,1,1,0,2,6
S01011141,85 and over,5,1,1,0,4,1,0,0,0,3
S01011142,All HRPs,334,246,215,31,88,32,3,10,19,24
S01011142,24 and under,14,4,1,3,10,10,0,0,0,0
S01011142,25 to 34,22,13,8,5,9,9,0,0,0,0
S01011142,35 to 49,113,92,77,15,21,9,1,7,2,2
S01011142,50 to 64,104,81,73,8,23,2,1,2,12,6
S01011142,65 to 74,39,26,26,0,13,1,0,1,4,7
S01011142,75 to 84,35,29,29,0,6,0,0,0,1,5
S01011142,85 and over,7,1,1,0,6,1,1,0,0,4
S01011143,All HRPs,398,266,240,26,132,36,1,14,31,50
S01011143,24 and under,4,2,1,1,2,2,0,0,0,0
S01011143,25 to 34,26,20,14,6,6,3,0,2,1,0
S01011143,35 to 49,119,89,76,13,30,11,0,7,11,1
S01011143,50 to 64,117,88,83,5,29,7,1,3,15,3
S01011143,65 to 74,65,39,38,1,26,2,0,1,3,20
S01011143,75 to 84,56,25,25,0,31,9,0,1,1,20
S01011143,85 and over,11,3,3,0,8,2,0,0,0,6
S01011144,All HRPs,303,201,175,26,102,29,0,11,24,38
S01011144,24 and under,8,8,1,7,0,0,0,0,0,0
S01011144,25 to 34,29,19,9,10,10,7,0,2,1,0
S01011144,35 to 49,93,66,60,6,27,8,0,3,13,3
S01011144,50 to 64,88,64,63,1,24,7,0,5,7,5
S01011144,65 to 74,35,28,26,2,7,1,0,1,2,3
S01011144,75 to 84,33,10,10,0,23,5,0,0,1,17
S01011144,85 and over,17,6,6,0,11,1,0,0,0,10
S01011145,All HRPs,267,194,168,26,73,23,0,6,17,27
S01011145,24 and under,2,1,0,1,1,1,0,0,0,0
S01011145,25 to 34,15,12,3,9,3,3,0,0,0,0
S01011145,35 to 49,82,67,58,9,15,4,0,4,7,0
S01011145,50 to 64,89,66,59,7,23,10,0,2,7,4
S01011145,65 to 74,40,28,28,0,12,2,0,0,2,8
S01011145,75 to 84,30,15,15,0,15,2,0,0,1,12
S01011145,85 and over,9,5,5,0,4,1,0,0,0,3
S01011146,All HRPs,306,190,161,29,116,31,0,14,39,32
S01011146,24 and under,7,4,1,3,3,3,0,0,0,0
S01011146,25 to 34,29,21,10,11,8,5,0,2,0,1
S01011146,35 to 49,97,53,42,11,44,14,0,6,21,3
S01011146,50 to 64,99,70,67,3,29,5,0,6,12,6
S01011146,65 to 74,47,28,27,1,19,2,0,0,6,11
S01011146,75 to 84,24,12,12,0,12,2,0,0,0,10
S01011146,85 and over,3,2,2,0,1,0,0,0,0,1
S01011147,All HRPs,450,245,201,44,205,66,3,23,48,65
S01011147,24 and under,10,5,0,5,5,5,0,0,0,0
S01011147,25 to 34,43,24,14,10,19,14,0,3,2,0
S01011147,35 to 49,123,84,65,19,39,19,2,7,9,2
S01011147,50 to 64,156,92,84,8,64,21,1,9,24,9
S01011147,65 to 74,58,28,26,2,30,5,0,4,7,14
S01011147,75 to 84,43,10,10,0,33,2,0,0,6,25
S01011147,85 and over,17,2,2,0,15,0,0,0,0,15
S01011148,All HRPs,329,205,168,37,124,32,4,27,27,34
S01011148,24 and under,4,3,2,1,1,1,0,0,0,0
S01011148,25 to 34,28,18,12,6,10,6,0,4,0,0
S01011148,35 to 49,105,61,41,20,44,17,2,13,10,2
S01011148,50 to 64,104,74,65,9,30,6,0,8,10,6
S01011148,65 to 74,54,35,34,1,19,1,1,1,6,10
S01011148,75 to 84,29,12,12,0,17,1,1,1,1,13
S01011148,85 and over,5,2,2,0,3,0,0,0,0,3
S01011149,All HRPs,265,161,139,22,104,39,3,11,38,13
S01011149,24 and under,6,4,4,0,2,2,0,0,0,0
S01011149,25 to 34,47,39,36,3,8,3,0,2,2,1
S01011149,35 to 49,86,64,56,8,22,11,0,5,6,0
S01011149,50 to 64,81,41,30,11,40,16,2,3,17,2
S01011149,65 to 74,36,10,10,0,26,6,1,1,11,7
S01011149,75 to 84,8,3,3,0,5,1,0,0,1,3
S01011149,85 and over,1,0,0,0,1,0,0,0,1,0
S01011150,All HRPs,175,118,85,33,57,15,0,17,25,0
S01011150,24 and under,5,4,2,2,1,1,0,0,0,0
S01011150,25 to 34,72,59,34,25,13,6,0,4,3,0
S01011150,35 to 49,73,42,36,6,31,7,0,11,13,0
S01011150,50 to 64,23,11,11,0,12,1,0,2,9,0
S01011150,65 to 74,1,1,1,0,0,0,0,0,0,0
S01011150,75 to 84,1,1,1,0,0,0,0,0,0,0
S01011150,85 and over,0,0,0,0,0,0,0,0,0,0
S01011151,All HRPs,218,152,135,17,66,25,1,11,21,8
S01011151,24 and under,16,11,9,2,5,5,0,0,0,0
S01011151,25 to 34,50,39,35,4,11,9,0,1,1,0
S01011151,35 to 49,87,66,60,6,21,5,1,8,7,0
S01011151,50 to 64,40,24,20,4,16,2,0,2,11,1
S01011151,65 to 74,14,8,7,1,6,1,0,0,1,4
S01011151,75 to 84,8,3,3,0,5,2,0,0,1,2
S01011151,85 and over,3,1,1,0,2,1,0,0,0,1
S01011152,All HRPs,341,172,153,19,169,53,6,9,55,46
S01011152,24 and under,5,2,2,0,3,3,0,0,0,0
S01011152,25 to 34,28,18,12,6,10,9,0,0,1,0
S01011152,35 to 49,62,35,29,6,27,15,0,4,6,2
S01011152,50 to 64,123,65,59,6,58,16,5,3,29,5
S01011152,65 to 74,56,29,28,1,27,5,0,0,14,8
S01011152,75 to 84,57,18,18,0,39,5,1,2,5,26
S01011152,85 and over,10,5,5,0,5,0,0,0,0,5
S01011153,All HRPs,455,191,156,35,264,90,4,19,74,77
S01011153,24 and under,25,10,2,8,15,15,0,0,0,0
S01011153,25 to 34,44,18,11,7,26,20,1,2,3,0
S01011153,35 to 49,103,53,42,11,50,29,1,3,17,0
S01011153,50 to 64,134,57,48,9,77,13,2,11,38,13
S01011153,65 to 74,65,27,27,0,38,4,0,3,12,19
S01011153,75 to 84,61,24,24,0,37,7,0,0,3,27
S01011153,85 and over,23,2,2,0,21,2,0,0,1,18
S01011154,All HRPs,348,101,78,23,247,107,3,21,66,50
S01011154,24 and under,23,4,0,4,19,17,0,1,1,0
S01011154,25 to 34,37,7,3,4,30,26,0,1,3,0
S01011154,35 to 49,77,25,22,3,52,32,0,10,9,1
S01011154,50 to 64,89,31,19,12,58,17,2,6,28,5
S01011154,65 to 74,55,16,16,0,39,10,0,3,15,11
S01011154,75 to 84,48,16,16,0,32,5,0,0,10,17
S01011154,85 and over,19,2,2,0,17,0,1,0,0,16
S01011155,All HRPs,348,138,112,26,210,67,2,18,51,72
S01011155,24 and under,4,0,0,0,4,4,0,0,0,0
S01011155,25 to 34,32,14,7,7,18,16,0,2,0,0
S01011155,35 to 49,65,35,26,9,30,14,0,6,9,1
S01011155,50 to 64,109,47,39,8,62,18,2,8,26,8
S01011155,65 to 74,54,20,18,2,34,6,0,2,9,17
S01011155,75 to 84,55,18,18,0,37,6,0,0,5,26
S01011155,85 and over,29,4,4,0,25,3,0,0,2,20
S01011156,All HRPs,249,165,146,19,84,27,1,10,23,23
S01011156,24 and under,2,1,0,1,1,1,0,0,0,0
S01011156,25 to 34,21,10,4,6,11,7,0,3,1,0
S01011156,35 to 49,69,52,48,4,17,8,0,2,5,2
S01011156,50 to 64,88,62,55,7,26,6,1,4,13,2
S01011156,65 to 74,43,29,28,1,14,3,0,1,1,9
S01011156,75 to 84,21,10,10,0,11,1,0,0,3,7
S01011156,85 and over,5,1,1,0,4,1,0,0,0,3
S01011157,All HRPs,284,176,153,23,108,30,3,9,25,41
S01011157,24 and under,6,3,0,3,3,3,0,0,0,0
S01011157,25 to 34,16,12,7,5,4,4,0,0,0,0
S01011157,35 to 49,64,42,34,8,22,8,0,2,10,2
S01011157,50 to 64,103,66,60,6,37,12,0,6,9,10
S01011157,65 to 74,49,29,29,0,20,1,2,1,5,11
S01011157,75 to 84,38,21,20,1,17,1,1,0,1,14
S01011157,85 and over,8,3,3,0,5,1,0,0,0,4
S01011158,All HRPs,233,154,147,7,79,13,5,3,16,42
S01011158,24 and under,0,0,0,0,0,0,0,0,0,0
S01011158,25 to 34,4,4,3,1,0,0,0,0,0,0
S01011158,35 to 49,36,23,19,4,13,5,2,1,2,3
S01011158,50 to 64,89,71,69,2,18,2,2,2,8,4
S01011158,65 to 74,51,36,36,0,15,2,0,0,5,8
S01011158,75 to 84,34,14,14,0,20,2,0,0,1,17
S01011158,85 and over,19,6,6,0,13,2,1,0,0,10
S01011159,All HRPs,300,129,95,34,171,56,5,13,36,61
S01011159,24 and under,4,2,0,2,2,2,0,0,0,0
S01011159,25 to 34,27,14,4,10,13,11,0,0,1,1
S01011159,35 to 49,65,33,21,12,32,13,1,10,8,0
S01011159,50 to 64,79,38,33,5,41,18,0,3,14,6
S01011159,65 to 74,56,24,20,4,32,5,1,0,13,13
S01011159,75 to 84,54,14,13,1,40,6,3,0,0,31
S01011159,85 and over,15,4,4,0,11,1,0,0,0,10
S01011160,All HRPs,393,232,173,59,161,47,4,20,45,45
S01011160,24 and under,23,8,0,8,15,12,2,1,0,0
S01011160,25 to 34,58,42,22,20,16,9,0,5,2,0
S01011160,35 to 49,97,55,36,19,42,17,1,11,13,0
S01011160,50 to 64,120,80,70,10,40,6,0,3,24,7
S01011160,65 to 74,43,28,26,2,15,3,0,0,4,8
S01011160,75 to 84,28,11,11,0,17,0,1,0,2,14
S01011160,85 and over,24,8,8,0,16,0,0,0,0,16
S01011161,All HRPs,269,149,118,31,120,47,1,12,36,24
S01011161,24 and under,7,2,0,2,5,5,0,0,0,0
S01011161,25 to 34,44,23,11,12,21,18,0,1,2,0
S01011161,35 to 49,79,43,30,13,36,14,0,11,11,0
S01011161,50 to 64,65,41,37,4,24,6,1,0,14,3
S01011161,65 to 74,51,31,31,0,20,3,0,0,8,9
S01011161,75 to 84,18,8,8,0,10,1,0,0,1,8
S01011161,85 and over,5,1,1,0,4,0,0,0,0,4
S01011162,All HRPs,187,104,83,21,83,26,1,14,20,22
S01011162,24 and under,7,1,0,1,6,6,0,0,0,0
S01011162,25 to 34,20,8,4,4,12,6,0,3,2,1
S01011162,35 to 49,70,42,30,12,28,10,0,9,7,2
S01011162,50 to 64,51,33,29,4,18,3,0,2,7,6
S01011162,65 to 74,23,14,14,0,9,1,0,0,1,7
S01011162,75 to 84,12,6,6,0,6,0,1,0,3,2
S01011162,85 and over,4,0,0,0,4,0,0,0,0,4
S01011163,All HRPs,352,172,143,29,180,62,2,13,49,54
S01011163,24 and under,7,2,1,1,5,5,0,0,0,0
S01011163,25 to 34,39,15,6,9,24,23,0,0,1,0
S01011163,35 to 49,88,45,33,12,43,16,1,6,16,4
S01011163,50 to 64,127,67,61,6,60,13,1,6,25,15
S01011163,65 to 74,50,31,30,1,19,2,0,1,6,10
S01011163,75 to 84,30,12,12,0,18,3,0,0,1,14
S01011163,85 and over,11,0,0,0,11,0,0,0,0,11
S01011164,All HRPs,282,174,144,30,108,34,2,16,31,25
S01011164,24 and under,7,2,0,2,5,5,0,0,0,0
S01011164,25 to 34,31,20,5,15,11,8,0,2,1,0
S01011164,35 to 49,96,65,56,9,31,10,1,10,10,0
S01011164,50 to 64,95,58,55,3,37,9,1,4,18,5
S01011164,65 to 74,31,21,21,0,10,1,0,0,2,7
S01011164,75 to 84,19,8,7,1,11,1,0,0,0,10
S01011164,85 and over,3,0,0,0,3,0,0,0,0,3
S01011165,All HRPs,356,164,121,43,192,68,1,18,53,52
S01011165,24 and under,15,3,0,3,12,12,0,0,0,0
S01011165,25 to 34,52,31,10,21,21,16,0,1,4,0
S01011165,35 to 49,90,40,29,11,50,24,0,10,13,3
S01011165,50 to 64,95,49,41,8,46,10,0,5,22,9
S01011165,65 to 74,49,24,24,0,25,2,1,2,11,9
S01011165,75 to 84,35,11,11,0,24,4,0,0,3,17
S01011165,85 and over,20,6,6,0,14,0,0,0,0,14
S01011166,All HRPs,229,152,137,15,77,15,1,5,15,41
S01011166,24 and under,2,0,0,0,2,2,0,0,0,0
S01011166,25 to 34,10,9,5,4,1,1,0,0,0,0
S01011166,35 to 49,49,41,36,5,8,0,0,3,3,2
S01011166,50 to 64,74,51,49,2,23,5,1,1,10,6
S01011166,65 to 74,49,31,28,3,18,5,0,1,1,11
S01011166,75 to 84,32,18,17,1,14,1,0,0,1,12
S01011166,85 and over,13,2,2,0,11,1,0,0,0,10
S01011167,All HRPs,279,211,188,23,68,24,0,6,13,25
S01011167,24 and under,1,1,0,1,0,0,0,0,0,0
S01011167,25 to 34,12,8,4,4,4,3,0,0,1,0
S01011167,35 to 49,65,52,43,9,13,8,0,2,2,1
S01011167,50 to 64,115,91,85,6,24,8,0,4,9,3
S01011167,65 to 74,50,40,38,2,10,3,0,0,1,6
S01011167,75 to 84,28,17,16,1,11,0,0,0,0,11
S01011167,85 and over,8,2,2,0,6,2,0,0,0,4
S01011168,All HRPs,355,234,207,27,121,47,1,7,34,32
S01011168,24 and under,3,1,0,1,2,2,0,0,0,0
S01011168,25 to 34,20,15,12,3,5,4,0,0,1,0
S01011168,35 to 49,106,73,63,10,33,14,1,4,14,0
S01011168,50 to 64,119,87,78,9,32,15,0,2,12,3
S01011168,65 to 74,65,42,39,3,23,7,0,1,5,10
S01011168,75 to 84,33,12,12,0,21,4,0,0,2,15
S01011168,85 and over,9,4,3,1,5,1,0,0,0,4
S01011169,All HRPs,346,251,196,55,95,38,2,19,24,12
S01011169,24 and under,11,5,0,5,6,6,0,0,0,0
S01011169,25 to 34,51,34,17,17,17,16,0,1,0,0
S01011169,35 to 49,188,149,120,29,39,13,2,13,11,0
S01011169,50 to 64,61,41,38,3,20,2,0,5,10,3
S01011169,65 to 74,20,15,14,1,5,0,0,0,3,2
S01011169,75 to 84,11,5,5,0,6,0,0,0,0,6
S01011169,85 and over,4,2,2,0,2,1,0,0,0,1
S01011170,All HRPs,400,248,207,41,152,40,7,20,41,44
S01011170,24 and under,2,1,1,0,1,1,0,0,0,0
S01011170,25 to 34,26,18,10,8,8,5,0,3,0,0
S01011170,35 to 49,105,68,53,15,37,17,4,8,6,2
S01011170,50 to 64,157,107,91,16,50,11,0,7,25,7
S01011170,65 to 74,63,33,31,2,30,3,1,2,8,16
S01011170,75 to 84,32,18,18,0,14,1,1,0,2,10
S01011170,85 and over,15,3,3,0,12,2,1,0,0,9
S01011171,All HRPs,409,245,214,31,164,54,11,13,27,59
S01011171,24 and under,4,0,0,0,4,4,0,0,0,0
S01011171,25 to 34,13,7,4,3,6,6,0,0,0,0
S01011171,35 to 49,84,54,46,8,30,13,6,3,7,1
S01011171,50 to 64,134,91,77,14,43,16,3,8,11,5
S01011171,65 to 74,84,61,56,5,23,7,1,0,5,10
S01011171,75 to 84,70,27,26,1,43,7,1,2,4,29
S01011171,85 and over,20,5,5,0,15,1,0,0,0,14
S01011172,All HRPs,339,189,164,25,150,39,8,8,41,54
S01011172,24 and under,2,0,0,0,2,2,0,0,0,0
S01011172,25 to 34,12,11,6,5,1,1,0,0,0,0
S01011172,35 to 49,58,36,28,8,22,14,2,4,1,1
S01011172,50 to 64,135,79,70,9,56,18,3,4,25,6
S01011172,65 to 74,71,41,39,2,30,3,2,0,10,15
S01011172,75 to 84,44,20,19,1,24,1,0,0,4,19
S01011172,85 and over,17,2,2,0,15,0,1,0,1,13
S01011173,All HRPs,224,148,127,21,76,14,2,6,15,39
S01011173,24 and under,0,0,0,0,0,0,0,0,0,0
S01011173,25 to 34,8,5,4,1,3,2,0,1,0,0
S01011173,35 to 49,45,36,25,11,9,5,1,1,2,0
S01011173,50 to 64,60,48,41,7,12,5,0,1,3,3
S01011173,65 to 74,61,33,31,2,28,2,0,3,9,14
S01011173,75 to 84,32,20,20,0,12,0,1,0,1,10
S01011173,85 and over,18,6,6,0,12,0,0,0,0,12
S01011174,All HRPs,219,112,90,22,107,31,6,9,26,35
S01011174,24 and under,4,0,0,0,4,4,0,0,0,0
S01011174,25 to 34,15,5,0,5,10,10,0,0,0,0
S01011174,35 to 49,35,19,8,11,16,6,1,2,7,0
S01011174,50 to 64,60,39,35,4,21,8,2,4,6,1
S01011174,65 to 74,59,29,28,1,30,2,3,3,8,14
S01011174,75 to 84,31,15,15,0,16,1,0,0,5,10
S01011174,85 and over,15,5,4,1,10,0,0,0,0,10
S01011175,All HRPs,259,118,100,18,141,38,2,14,39,48
S01011175,24 and under,2,1,0,1,1,1,0,0,0,0
S01011175,25 to 34,14,4,2,2,10,7,0,3,0,0
S01011175,35 to 49,57,37,26,11,20,9,1,6,4,0
S01011175,50 to 64,76,38,36,2,38,12,1,3,15,7
S01011175,65 to 74,50,18,16,2,32,3,0,2,15,12
S01011175,75 to 84,44,18,18,0,26,4,0,0,5,17
S01011175,85 and over,16,2,2,0,14,2,0,0,0,12
S01011176,All HRPs,274,152,131,21,122,30,3,11,20,58
S01011176,24 and under,5,4,0,4,1,1,0,0,0,0
S01011176,25 to 34,12,7,3,4,5,5,0,0,0,0
S01011176,35 to 49,39,25,21,4,14,8,0,4,2,0
S01011176,50 to 64,80,48,44,4,32,10,1,6,9,6
S01011176,65 to 74,63,41,38,3,22,2,0,1,8,11
S01011176,75 to 84,56,25,23,2,31,3,2,0,1,25
S01011176,85 and over,19,2,2,0,17,1,0,0,0,16
S01011177,All HRPs,402,205,170,35,197,58,7,17,45,70
S01011177,24 and under,5,0,0,0,5,5,0,0,0,0
S01011177,25 to 34,22,13,4,9,9,7,1,1,0,0
S01011177,35 to 49,91,47,33,14,44,19,1,9,15,0
S01011177,50 to 64,114,70,61,9,44,15,1,6,10,12
S01011177,65 to 74,79,44,42,2,35,5,1,1,14,14
S01011177,75 to 84,67,27,26,1,40,6,3,0,6,25
S01011177,85 and over,24,4,4,0,20,1,0,0,0,19
S01011178,All HRPs,206,129,99,30,77,23,0,11,20,23
S01011178,24 and under,6,0,0,0,6,6,0,0,0,0
S01011178,25 to 34,30,25,14,11,5,3,0,2,0,0
S01011178,35 to 49,63,44,31,13,19,9,0,5,5,0
S01011178,50 to 64,58,36,32,4,22,2,0,4,12,4
S01011178,65 to 74,23,15,13,2,8,2,0,0,2,4
S01011178,75 to 84,22,9,9,0,13,1,0,0,1,11
S01011178,85 and over,4,0,0,0,4,0,0,0,0,4
S01011179,All HRPs,272,136,117,19,136,48,2,10,41,35
S01011179,24 and under,8,1,0,1,7,7,0,0,0,0
S01011179,25 to 34,26,9,4,5,17,14,0,3,0,0
S01011179,35 to 49,78,36,32,4,42,16,1,7,16,2
S01011179,50 to 64,84,56,51,5,28,9,0,0,13,6
S01011179,65 to 74,50,28,24,4,22,0,0,0,10,12
S01011179,75 to 84,21,6,6,0,15,2,1,0,2,10
S01011179,85 and over,5,0,0,0,5,0,0,0,0,5
S01011180,All HRPs,301,144,105,39,157,69,0,17,26,45
S01011180,24 and under,20,7,0,7,13,13,0,0,0,0
S01011180,25 to 34,33,18,5,13,15,14,0,0,1,0
S01011180,35 to 49,87,45,32,13,42,24,0,9,9,0
S01011180,50 to 64,72,38,34,4,34,10,0,6,10,8
S01011180,65 to 74,59,28,28,0,31,5,0,2,6,18
S01011180,75 to 84,20,8,6,2,12,2,0,0,0,10
S01011180,85 and over,10,0,0,0,10,1,0,0,0,9
S01011181,All HRPs,198,140,130,10,58,17,2,8,16,15
S01011181,24 and under,1,1,0,1,0,0,0,0,0,0
S01011181,25 to 34,11,6,4,2,5,5,0,0,0,0
S01011181,35 to 49,57,40,35,5,17,6,1,5,4,1
S01011181,50 to 64,79,56,54,2,23,6,1,3,8,5
S01011181,65 to 74,37,30,30,0,7,0,0,0,4,3
S01011181,75 to 84,6,4,4,0,2,0,0,0,0,2
S01011181,85 and over,7,3,3,0,4,0,0,0,0,4
S01011182,All HRPs,166,133,123,10,33,16,0,1,6,10
S01011182,24 and under,1,0,0,0,1,1,0,0,0,0
S01011182,25 to 34,7,3,3,0,4,4,0,0,0,0
S01011182,35 to 49,41,30,25,5,11,7,0,1,2,1
S01011182,50 to 64,74,66,63,3,8,3,0,0,3,2
S01011182,65 to 74,28,25,24,1,3,1,0,0,0,2
S01011182,75 to 84,12,9,8,1,3,0,0,0,1,2
S01011182,85 and over,3,0,0,0,3,0,0,0,0,3
S01011183,All HRPs,226,146,134,12,80,25,0,10,12,33
S01011183,24 and under,2,1,1,0,1,1,0,0,0,0
S01011183,25 to 34,15,7,6,1,8,7,0,1,0,0
S01011183,35 to 49,70,49,43,6,21,11,0,6,4,0
S01011183,50 to 64,76,57,54,3,19,4,0,3,5,7
S01011183,65 to 74,30,18,17,1,12,1,0,0,0,11
S01011183,75 to 84,28,13,12,1,15,1,0,0,3,11
S01011183,85 and over,5,1,1,0,4,0,0,0,0,4
S01011184,All HRPs,307,241,223,18,66,14,1,8,17,26
S01011184,24 and under,3,2,0,2,1,1,0,0,0,0
S01011184,25 to 34,22,17,16,1,5,4,0,1,0,0
S01011184,35 to 49,124,105,94,11,19,6,0,5,6,2
S01011184,50 to 64,84,68,65,3,16,1,1,2,7,5
S01011184,65 to 74,42,29,29,0,13,1,0,0,3,9
S01011184,75 to 84,26,17,16,1,9,1,0,0,1,7
S01011184,85 and over,6,3,3,0,3,0,0,0,0,3
S01011185,All HRPs,296,193,171,22,103,26,4,6,14,53
S01011185,24 and under,4,2,1,1,2,2,0,0,0,0
S01011185,25 to 34,14,8,4,4,6,6,0,0,0,0
S01011185,35 to 49,64,51,43,8,13,4,0,2,5,2
S01011185,50 to 64,98,78,71,7,20,8,1,4,2,5
S01011185,65 to 74,51,28,27,1,23,1,2,0,6,14
S01011185,75 to 84,56,24,23,1,32,3,1,0,1,27
S01011185,85 and over,9,2,2,0,7,2,0,0,0,5
S01011186,All HRPs,456,222,187,35,234,79,4,19,59,73
S01011186,24 and under,12,1,0,1,11,11,0,0,0,0
S01011186,25 to 34,37,13,4,9,24,20,0,1,3,0
S01011186,35 to 49,100,55,42,13,45,19,1,13,11,1
S01011186,50 to 64,131,83,72,11,48,11,0,4,23,10
S01011186,65 to 74,94,46,46,0,48,12,0,0,16,20
S01011186,75 to 84,56,16,15,1,40,4,2,1,6,27
S01011186,85 and over,26,8,8,0,18,2,1,0,0,15
S01011187,All HRPs,287,208,185,23,79,22,1,5,18,33
S01011187,24 and under,6,4,0,4,2,2,0,0,0,0
S01011187,25 to 34,18,12,6,6,6,6,0,0,0,0
S01011187,35 to 49,63,46,38,8,17,7,0,4,6,0
S01011187,50 to 64,118,94,90,4,24,6,1,1,8,8
S01011187,65 to 74,61,42,41,1,19,1,0,0,4,14
S01011187,75 to 84,20,9,9,0,11,0,0,0,0,11
S01011187,85 and over,1,1,1,0,0,0,0,0,0,0
S01011188,All HRPs,442,216,169,47,226,63,0,25,63,75
S01011188,24 and under,7,4,0,4,3,3,0,0,0,0
S01011188,25 to 34,54,27,10,17,27,26,0,0,1,0
S01011188,35 to 49,139,71,53,18,68,26,0,15,22,5
S01011188,50 to 64,116,65,57,8,51,6,0,10,24,11
S01011188,65 to 74,69,34,34,0,35,2,0,0,9,24
S01011188,75 to 84,39,13,13,0,26,0,0,0,7,19
S01011188,85 and over,18,2,2,0,16,0,0,0,0,16
S01011189,All HRPs,356,193,153,40,163,46,1,21,47,48
S01011189,24 and under,17,10,0,10,7,7,0,0,0,0
S01011189,25 to 34,48,26,13,13,22,20,0,1,0,1
S01011189,35 to 49,105,58,45,13,47,16,1,9,20,1
S01011189,50 to 64,101,58,56,2,43,1,0,10,22,10
S01011189,65 to 74,51,28,26,2,23,1,0,1,4,17
S01011189,75 to 84,29,11,11,0,18,1,0,0,1,16
S01011189,85 and over,5,2,2,0,3,0,0,0,0,3
S01011190,All HRPs,288,139,100,39,149,40,4,19,36,50
S01011190,24 and under,14,7,2,5,7,7,0,0,0,0
S01011190,25 to 34,32,20,5,15,12,7,1,2,1,1
S01011190,35 to 49,82,44,31,13,38,13,1,9,14,1
S01011190,50 to 64,68,38,34,4,30,5,1,8,12,4
S01011190,65 to 74,42,16,16,0,26,5,0,0,5,16
S01011190,75 to 84,33,12,10,2,21,3,0,0,2,16
S01011190,85 and over,17,2,2,0,15,0,1,0,2,12
S01011191,All HRPs,241,127,103,24,114,44,0,14,23,33
S01011191,24 and under,10,2,2,0,8,8,0,0,0,0
S01011191,25 to 34,37,19,10,9,18,17,0,0,1,0
S01011191,35 to 49,56,27,19,8,29,9,0,8,11,1
S01011191,50 to 64,71,50,45,5,21,5,0,4,6,6
S01011191,65 to 74,36,20,18,2,16,3,0,1,4,8
S01011191,75 to 84,27,6,6,0,21,2,0,1,1,17
S01011191,85 and over,4,3,3,0,1,0,0,0,0,1
S01011192,All HRPs,290,166,131,35,124,41,1,17,42,23
S01011192,24 and under,13,6,0,6,7,7,0,0,0,0
S01011192,25 to 34,38,19,8,11,19,15,0,4,0,0
S01011192,35 to 49,98,55,43,12,43,15,0,8,18,2
S01011192,50 to 64,92,63,58,5,29,4,0,4,17,4
S01011192,65 to 74,34,18,17,1,16,0,0,1,6,9
S01011192,75 to 84,10,4,4,0,6,0,0,0,1,5
S01011192,85 and over,5,1,1,0,4,0,1,0,0,3
S01011193,All HRPs,286,142,107,35,144,68,1,16,39,20
S01011193,24 and under,17,5,1,4,12,12,0,0,0,0
S01011193,25 to 34,51,29,16,13,22,17,0,2,2,1
S01011193,35 to 49,101,45,34,11,56,32,1,8,13,2
S01011193,50 to 64,84,50,44,6,34,3,0,6,19,6
S01011193,65 to 74,25,13,12,1,12,4,0,0,5,3
S01011193,75 to 84,6,0,0,0,6,0,0,0,0,6
S01011193,85 and over,2,0,0,0,2,0,0,0,0,2
S01011194,All HRPs,302,143,106,37,159,60,1,27,41,30
S01011194,24 and under,14,4,0,4,10,8,0,2,0,0
S01011194,25 to 34,56,29,13,16,27,22,0,0,5,0
S01011194,35 to 49,98,40,29,11,58,23,0,18,16,1
S01011194,50 to 64,88,48,43,5,40,5,0,6,15,14
S01011194,65 to 74,30,14,13,1,16,2,0,0,3,11
S01011194,75 to 84,13,7,7,0,6,0,1,1,2,2
S01011194,85 and over,3,1,1,0,2,0,0,0,0,2
S01011195,All HRPs,318,165,128,37,153,54,1,26,42,30
S01011195,24 and under,13,5,0,5,8,8,0,0,0,0
S01011195,25 to 34,55,28,17,11,27,21,0,5,1,0
S01011195,35 to 49,102,49,38,11,53,23,1,13,15,1
S01011195,50 to 64,101,59,53,6,42,1,0,8,21,12
S01011195,65 to 74,30,17,15,2,13,0,0,0,3,10
S01011195,75 to 84,14,7,5,2,7,1,0,0,1,5
S01011195,85 and over,3,0,0,0,3,0,0,0,1,2
S01011196,All HRPs,409,184,141,43,225,65,4,25,73,58
S01011196,24 and under,16,6,0,6,10,10,0,0,0,0
S01011196,25 to 34,58,28,16,12,30,20,2,7,1,0
S01011196,35 to 49,110,55,37,18,55,22,0,11,20,2
S01011196,50 to 64,131,67,61,6,64,9,0,5,41,9
S01011196,65 to 74,51,20,19,1,31,3,0,2,9,17
S01011196,75 to 84,29,7,7,0,22,1,0,0,1,20
S01011196,85 and over,14,1,1,0,13,0,2,0,1,10
S01011197,All HRPs,348,179,137,42,169,67,0,21,52,29
S01011197,24 and under,17,1,0,1,16,16,0,0,0,0
S01011197,25 to 34,54,32,11,21,22,17,0,4,1,0
S01011197,35 to 49,110,52,40,12,58,31,0,9,17,1
S01011197,50 to 64,108,67,59,8,41,3,0,6,23,9
S01011197,65 to 74,38,20,20,0,18,0,0,1,9,8
S01011197,75 to 84,14,6,6,0,8,0,0,1,2,5
S01011197,85 and over,7,1,1,0,6,0,0,0,0,6
S01011198,All HRPs,241,132,106,26,109,40,0,12,31,26
S01011198,24 and under,13,4,0,4,9,9,0,0,0,0
S01011198,25 to 34,23,10,9,1,13,9,0,3,0,1
S01011198,35 to 49,87,50,37,13,37,19,0,5,13,0
S01011198,50 to 64,69,48,41,7,21,3,0,3,13,2
S01011198,65 to 74,28,17,16,1,11,0,0,1,4,6
S01011198,75 to 84,16,3,3,0,13,0,0,0,1,12
S01011198,85 and over,5,0,0,0,5,0,0,0,0,5
S01011199,All HRPs,342,183,134,49,159,57,3,21,46,32
S01011199,24 and under,11,4,0,4,7,7,0,0,0,0
S01011199,25 to 34,44,17,9,8,27,20,1,5,1,0
S01011199,35 to 49,127,72,41,31,55,26,0,7,20,2
S01011199,50 to 64,99,62,56,6,37,1,1,7,18,10
S01011199,65 to 74,29,13,13,0,16,2,0,2,7,5
S01011199,75 to 84,26,15,15,0,11,1,1,0,0,9
S01011199,85 and over,6,0,0,0,6,0,0,0,0,6
S01011200,All HRPs,356,185,143,42,171,55,4,25,49,38
S01011200,24 and under,6,5,0,5,1,1,0,0,0,0
S01011200,25 to 34,50,26,10,16,24,18,1,3,2,0
S01011200,35 to 49,107,46,31,15,61,24,0,16,21,0
S01011200,50 to 64,115,68,63,5,47,10,2,6,16,13
S01011200,65 to 74,49,26,26,0,23,1,0,0,8,14
S01011200,75 to 84,24,13,12,1,11,1,1,0,2,7
S01011200,85 and over,5,1,1,0,4,0,0,0,0,4
S01011201,All HRPs,267,149,131,18,118,29,1,14,27,47
S01011201,24 and under,3,0,0,0,3,3,0,0,0,0
S01011201,25 to 34,32,20,9,11,12,12,0,0,0,0
S01011201,35 to 49,62,39,33,6,23,8,0,8,7,0
S01011201,50 to 64,88,64,63,1,24,4,1,3,12,4
S01011201,65 to 74,52,22,22,0,30,2,0,3,6,19
S01011201,75 to 84,24,4,4,0,20,0,0,0,2,18
S01011201,85 and over,6,0,0,0,6,0,0,0,0,6
S01011202,All HRPs,390,192,144,48,198,81,0,27,51,39
S01011202,24 and under,17,3,1,2,14,14,0,0,0,0
S01011202,25 to 34,57,30,12,18,27,21,0,4,2,0
S01011202,35 to 49,124,57,40,17,67,31,0,13,23,0
S01011202,50 to 64,103,59,51,8,44,10,0,9,20,5
S01011202,65 to 74,43,24,21,3,19,3,0,1,2,13
S01011202,75 to 84,36,15,15,0,21,2,0,0,3,16
S01011202,85 and over,10,4,4,0,6,0,0,0,1,5
S01011203,All HRPs,364,194,157,37,170,51,1,12,38,68
S01011203,24 and under,8,0,0,0,8,8,0,0,0,0
S01011203,25 to 34,47,31,16,15,16,14,0,1,1,0
S01011203,35 to 49,101,66,49,17,35,14,1,4,15,1
S01011203,50 to 64,100,57,54,3,43,12,0,5,16,10
S01011203,65 to 74,53,23,21,2,30,2,0,1,5,22
S01011203,75 to 84,44,17,17,0,27,1,0,1,1,24
S01011203,85 and over,11,0,0,0,11,0,0,0,0,11
S01011204,All HRPs,235,157,142,15,78,23,3,10,12,30
S01011204,24 and under,1,0,0,0,1,1,0,0,0,0
S01011204,25 to 34,10,4,3,1,6,5,0,1,0,0
S01011204,35 to 49,61,43,36,7,18,8,0,5,5,0
S01011204,50 to 64,95,74,67,7,21,5,0,3,6,7
S01011204,65 to 74,41,26,26,0,15,3,0,1,1,10
S01011204,75 to 84,24,8,8,0,16,1,3,0,0,12
S01011204,85 and over,3,2,2,0,1,0,0,0,0,1
S01011205,All HRPs,237,181,156,25,56,25,1,4,24,2
S01011205,24 and under,3,2,0,2,1,1,0,0,0,0
S01011205,25 to 34,57,42,32,10,15,12,0,1,2,0
S01011205,35 to 49,123,100,89,11,23,11,0,3,9,0
S01011205,50 to 64,50,34,32,2,16,1,1,0,12,2
S01011205,65 to 74,3,2,2,0,1,0,0,0,1,0
S01011205,75 to 84,1,1,1,0,0,0,0,0,0,0
S01011205,85 and over,0,0,0,0,0,0,0,0,0,0
S01011206,All HRPs,264,186,156,30,78,25,1,18,18,16
S01011206,24 and under,2,2,1,1,0,0,0,0,0,0
S01011206,25 to 34,35,21,16,5,14,9,0,4,1,0
S01011206,35 to 49,113,83,67,16,30,11,1,7,10,1
S01011206,50 to 64,84,64,56,8,20,4,0,6,7,3
S01011206,65 to 74,19,11,11,0,8,0,0,1,0,7
S01011206,75 to 84,10,4,4,0,6,1,0,0,0,5
S01011206,85 and over,1,1,1,0,0,0,0,0,0,0
S01011207,All HRPs,326,184,158,26,142,39,3,19,30,51
S01011207,24 and under,6,3,1,2,3,3,0,0,0,0
S01011207,25 to 34,29,14,8,6,15,14,0,0,0,1
S01011207,35 to 49,111,72,59,13,39,15,0,11,12,1
S01011207,50 to 64,97,66,62,4,31,5,1,5,10,10
S01011207,65 to 74,40,18,17,1,22,1,1,3,7,10
S01011207,75 to 84,30,9,9,0,21,1,0,0,1,19
S01011207,85 and over,13,2,2,0,11,0,1,0,0,10
S01011208,All HRPs,345,241,210,31,104,37,0,14,26,27
S01011208,24 and under,8,2,0,2,6,6,0,0,0,0
S01011208,25 to 34,41,27,15,12,14,12,0,1,1,0
S01011208,35 to 49,140,101,88,13,39,13,0,11,12,3
S01011208,50 to 64,103,80,76,4,23,5,0,2,9,7
S01011208,65 to 74,24,16,16,0,8,0,0,0,4,4
S01011208,75 to 84,25,12,12,0,13,1,0,0,0,12
S01011208,85 and over,4,3,3,0,1,0,0,0,0,1
S01011209,All HRPs,283,142,105,37,141,43,0,16,42,40
S01011209,24 and under,7,1,0,1,6,6,0,0,0,0
S01011209,25 to 34,38,23,9,14,15,10,0,3,2,0
S01011209,35 to 49,80,47,34,13,33,17,0,6,10,0
S01011209,50 to 64,85,44,35,9,41,9,0,5,21,6
S01011209,65 to 74,42,19,19,0,23,0,0,2,7,14
S01011209,75 to 84,25,7,7,0,18,1,0,0,2,15
S01011209,85 and over,6,1,1,0,5,0,0,0,0,5
S01011210,All HRPs,272,199,183,16,73,21,2,10,24,16
S01011210,24 and under,2,1,0,1,1,1,0,0,0,0
S01011210,25 to 34,11,5,5,0,6,6,0,0,0,0
S01011210,35 to 49,102,82,70,12,20,10,1,5,4,0
S01011210,50 to 64,107,81,78,3,26,2,0,5,13,6
S01011210,65 to 74,39,24,24,0,15,2,1,0,5,7
S01011210,75 to 84,8,4,4,0,4,0,0,0,2,2
S01011210,85 and over,3,2,2,0,1,0,0,0,0,1
S01011211,All HRPs,252,183,159,24,69,14,1,15,20,19
S01011211,24 and under,1,1,0,1,0,0,0,0,0,0
S01011211,25 to 34,16,12,6,6,4,2,0,1,1,0
S01011211,35 to 49,115,81,70,11,34,8,0,11,12,3
S01011211,50 to 64,81,64,59,5,17,4,1,2,7,3
S01011211,65 to 74,23,15,15,0,8,0,0,1,0,7
S01011211,75 to 84,10,7,7,0,3,0,0,0,0,3
S01011211,85 and over,6,3,2,1,3,0,0,0,0,3
S01011212,All HRPs,213,124,106,18,89,37,0,5,24,23
S01011212,24 and under,9,3,1,2,6,6,0,0,0,0
S01011212,25 to 34,25,9,3,6,16,12,0,2,2,0
S01011212,35 to 49,62,35,30,5,27,13,0,2,10,2
S01011212,50 to 64,71,50,46,4,21,5,0,1,10,5
S01011212,65 to 74,36,24,23,1,12,1,0,0,2,9
S01011212,75 to 84,10,3,3,0,7,0,0,0,0,7
S01011212,85 and over,0,0,0,0,0,0,0,0,0,0
S01011213,All HRPs,421,220,171,49,201,76,2,26,52,45
S01011213,24 and under,29,9,2,7,20,18,1,1,0,0
S01011213,25 to 34,64,24,10,14,40,32,0,5,3,0
S01011213,35 to 49,118,59,41,18,59,24,0,11,22,2
S01011213,50 to 64,127,84,78,6,43,2,1,8,19,13
S01011213,65 to 74,58,35,32,3,23,0,0,1,7,15
S01011213,75 to 84,23,8,7,1,15,0,0,0,1,14
S01011213,85 and over,2,1,1,0,1,0,0,0,0,1
S01011214,All HRPs,349,178,136,42,171,72,1,20,39,39
S01011214,24 and under,24,4,0,4,20,19,0,1,0,0
S01011214,25 to 34,50,28,12,16,22,14,0,4,3,1
S01011214,35 to 49,107,49,36,13,58,31,1,12,13,1
S01011214,50 to 64,77,50,42,8,27,5,0,3,12,7
S01011214,65 to 74,62,34,33,1,28,2,0,0,8,18
S01011214,75 to 84,28,12,12,0,16,1,0,0,3,12
S01011214,85 and over,1,1,1,0,0,0,0,0,0,0
S01011215,All HRPs,260,116,90,26,144,71,0,10,35,28
S01011215,24 and under,13,2,0,2,11,11,0,0,0,0
S01011215,25 to 34,43,19,9,10,24,21,0,1,1,1
S01011215,35 to 49,89,41,31,10,48,26,0,5,16,1
S01011215,50 to 64,53,31,27,4,22,8,0,3,8,3
S01011215,65 to 74,39,17,17,0,22,2,0,0,8,12
S01011215,75 to 84,21,5,5,0,16,3,0,1,2,10
S01011215,85 and over,2,1,1,0,1,0,0,0,0,1
S01011216,All HRPs,240,78,48,30,162,72,2,9,44,35
S01011216,24 and under,23,6,0,6,17,17,0,0,0,0
S01011216,25 to 34,45,19,4,15,26,22,1,0,3,0
S01011216,35 to 49,66,23,14,9,43,21,0,5,16,1
S01011216,50 to 64,54,17,17,0,37,8,1,3,21,4
S01011216,65 to 74,23,6,6,0,17,4,0,0,3,10
S01011216,75 to 84,27,7,7,0,20,0,0,1,1,18
S01011216,85 and over,2,0,0,0,2,0,0,0,0,2
S01011217,All HRPs,380,134,104,30,246,108,2,28,46,62
S01011217,24 and under,32,5,0,5,27,25,1,0,1,0
S01011217,25 to 34,50,15,5,10,35,32,0,2,1,0
S01011217,35 to 49,115,46,35,11,69,35,1,15,16,2
S01011217,50 to 64,91,40,37,3,51,12,0,9,25,5
S01011217,65 to 74,40,16,15,1,24,3,0,2,2,17
S01011217,75 to 84,42,11,11,0,31,1,0,0,1,29
S01011217,85 and over,10,1,1,0,9,0,0,0,0,9
S01011218,All HRPs,282,111,78,33,171,77,2,14,43,35
S01011218,24 and under,25,6,0,6,19,19,0,0,0,0
S01011218,25 to 34,55,22,9,13,33,25,0,6,2,0
S01011218,35 to 49,76,27,16,11,49,23,2,3,18,3
S01011218,50 to 64,75,33,30,3,42,8,0,3,18,13
S01011218,65 to 74,25,13,13,0,12,0,0,2,4,6
S01011218,75 to 84,22,10,10,0,12,2,0,0,1,9
S01011218,85 and over,4,0,0,0,4,0,0,0,0,4
S01011219,All HRPs,352,168,129,39,184,71,3,12,52,46
S01011219,24 and under,10,5,1,4,5,5,0,0,0,0
S01011219,25 to 34,48,17,6,11,31,29,0,0,2,0
S01011219,35 to 49,108,60,41,19,48,25,1,6,15,1
S01011219,50 to 64,103,54,49,5,49,7,0,6,26,10
S01011219,65 to 74,48,21,21,0,27,5,1,0,5,16
S01011219,75 to 84,29,10,10,0,19,0,1,0,3,15
S01011219,85 and over,6,1,1,0,5,0,0,0,1,4
S01011220,All HRPs,425,185,142,43,240,97,3,20,68,52
S01011220,24 and under,24,5,0,5,19,19,0,0,0,0
S01011220,25 to 34,60,22,13,9,38,33,0,4,0,1
S01011220,35 to 49,128,53,34,19,75,33,3,9,27,3
S01011220,50 to 64,102,57,48,9,45,5,0,6,27,7
S01011220,65 to 74,62,33,32,1,29,3,0,1,8,17
S01011220,75 to 84,37,14,14,0,23,4,0,0,4,15
S01011220,85 and over,12,1,1,0,11,0,0,0,2,9
S01011221,All HRPs,449,188,148,40,261,111,1,21,62,66
S01011221,24 and under,20,3,1,2,17,16,0,1,0,0
S01011221,25 to 34,70,26,15,11,44,39,0,2,3,0
S01011221,35 to 49,137,67,48,19,70,34,1,8,23,4
S01011221,50 to 64,113,58,50,8,55,15,0,7,21,12
S01011221,65 to 74,49,21,21,0,28,3,0,3,9,13
S01011221,75 to 84,49,12,12,0,37,3,0,0,5,29
S01011221,85 and over,11,1,1,0,10,1,0,0,1,8
S01011222,All HRPs,312,152,132,20,160,52,0,16,41,51
S01011222,24 and under,11,2,0,2,9,9,0,0,0,0
S01011222,25 to 34,32,16,10,6,16,16,0,0,0,0
S01011222,35 to 49,72,37,29,8,35,17,0,6,11,1
S01011222,50 to 64,95,60,56,4,35,3,0,7,23,2
S01011222,65 to 74,53,22,22,0,31,6,0,3,4,18
S01011222,75 to 84,40,14,14,0,26,1,0,0,3,22
S01011222,85 and over,9,1,1,0,8,0,0,0,0,8
S01011223,All HRPs,361,197,156,41,164,52,2,20,36,54
S01011223,24 and under,12,6,0,6,6,6,0,0,0,0
S01011223,25 to 34,53,33,16,17,20,14,0,4,2,0
S01011223,35 to 49,97,54,42,12,43,20,0,11,12,0
S01011223,50 to 64,93,61,56,5,32,5,1,3,12,11
S01011223,65 to 74,44,24,23,1,20,3,0,2,4,11
S01011223,75 to 84,46,15,15,0,31,4,1,0,6,20
S01011223,85 and over,16,4,4,0,12,0,0,0,0,12
S01011224,All HRPs,350,140,119,21,210,76,3,16,48,67
S01011224,24 and under,3,0,0,0,3,3,0,0,0,0
S01011224,25 to 34,40,17,9,8,23,19,0,2,1,1
S01011224,35 to 49,76,28,22,6,48,28,1,5,13,1
S01011224,50 to 64,105,53,49,4,52,13,1,5,26,7
S01011224,65 to 74,49,20,18,2,29,5,0,4,4,16
S01011224,75 to 84,59,18,17,1,41,5,1,0,3,32
S01011224,85 and over,18,4,4,0,14,3,0,0,1,10
S01011225,All HRPs,327,136,95,41,191,86,2,13,44,46
S01011225,24 and under,14,3,1,2,11,11,0,0,0,0
S01011225,25 to 34,49,18,5,13,31,26,0,2,3,0
S01011225,35 to 49,83,38,23,15,45,20,1,5,16,3
S01011225,50 to 64,96,45,36,9,51,22,0,6,15,8
S01011225,65 to 74,42,17,15,2,25,5,0,0,8,12
S01011225,75 to 84,36,13,13,0,23,2,1,0,2,18
S01011225,85 and over,7,2,2,0,5,0,0,0,0,5
S01011226,All HRPs,455,263,244,19,192,37,3,15,31,106
S01011226,24 and under,6,4,2,2,2,2,0,0,0,0
S01011226,25 to 34,20,8,5,3,12,10,0,2,0,0
S01011226,35 to 49,100,62,55,7,38,15,0,6,14,3
S01011226,50 to 64,124,93,88,5,31,7,1,5,12,6
S01011226,65 to 74,93,65,63,2,28,1,1,2,4,20
S01011226,75 to 84,75,26,26,0,49,1,0,0,1,47
S01011226,85 and over,37,5,5,0,32,1,1,0,0,30
S01011227,All HRPs,397,130,102,28,267,127,3,24,61,52
S01011227,24 and under,31,10,2,8,21,21,0,0,0,0
S01011227,25 to 34,59,11,1,10,48,44,0,2,2,0
S01011227,35 to 49,101,36,28,8,65,36,0,8,19,2
S01011227,50 to 64,111,40,39,1,71,20,2,10,31,8
S01011227,65 to 74,46,21,20,1,25,3,0,3,7,12
S01011227,75 to 84,36,9,9,0,27,2,0,1,2,22
S01011227,85 and over,13,3,3,0,10,1,1,0,0,8
S01011228,All HRPs,450,144,108,36,306,105,8,27,82,84
S01011228,24 and under,26,4,0,4,22,20,0,2,0,0
S01011228,25 to 34,57,25,13,12,32,27,1,0,4,0
S01011228,35 to 49,115,39,28,11,76,33,2,15,26,0
S01011228,50 to 64,92,38,33,5,54,11,1,6,25,11
S01011228,65 to 74,89,25,22,3,64,8,3,4,23,26
S01011228,75 to 84,50,10,9,1,40,4,1,0,4,31
S01011228,85 and over,21,3,3,0,18,2,0,0,0,16
S01011229,All HRPs,286,86,62,24,200,86,0,16,46,52
S01011229,24 and under,22,4,0,4,18,16,0,2,0,0
S01011229,25 to 34,45,15,6,9,30,27,0,1,2,0
S01011229,35 to 49,58,17,8,9,41,25,0,7,7,2
S01011229,50 to 64,72,21,19,2,51,11,0,5,25,10
S01011229,65 to 74,38,15,15,0,23,3,0,1,9,10
S01011229,75 to 84,43,13,13,0,30,3,0,0,3,24
S01011229,85 and over,8,1,1,0,7,1,0,0,0,6
S01011230,All HRPs,500,114,69,45,386,178,4,31,105,68
S01011230,24 and under,36,3,1,2,33,33,0,0,0,0
S01011230,25 to 34,82,18,2,16,64,60,1,1,2,0
S01011230,35 to 49,126,28,16,12,98,58,0,12,26,2
S01011230,50 to 64,139,39,28,11,100,16,3,10,55,16
S01011230,65 to 74,78,21,17,4,57,8,0,7,17,25
S01011230,75 to 84,31,3,3,0,28,3,0,1,5,19
S01011230,85 and over,8,2,2,0,6,0,0,0,0,6
S01011231,All HRPs,298,124,94,30,174,53,1,23,37,60
S01011231,24 and under,13,2,0,2,11,11,0,0,0,0
S01011231,25 to 34,39,18,8,10,21,17,0,3,1,0
S01011231,35 to 49,72,41,28,13,31,13,0,7,9,2
S01011231,50 to 64,73,37,33,4,36,5,1,10,13,7
S01011231,65 to 74,45,17,16,1,28,1,0,3,10,14
S01011231,75 to 84,47,9,9,0,38,5,0,0,4,29
S01011231,85 and over,9,0,0,0,9,1,0,0,0,8
S01011232,All HRPs,513,193,128,65,320,154,4,31,82,49
S01011232,24 and under,25,10,3,7,15,15,0,0,0,0
S01011232,25 to 34,94,26,5,21,68,67,0,1,0,0
S01011232,35 to 49,148,58,34,24,90,50,1,15,24,0
S01011232,50 to 64,151,59,50,9,92,19,2,11,48,12
S01011232,65 to 74,55,31,29,2,24,0,0,4,6,14
S01011232,75 to 84,33,8,6,2,25,1,1,0,4,19
S01011232,85 and over,7,1,1,0,6,2,0,0,0,4
S01011233,All HRPs,158,82,75,7,76,34,2,8,14,18
S01011233,24 and under,8,0,0,0,8,8,0,0,0,0
S01011233,25 to 34,18,7,4,3,11,8,0,2,1,0
S01011233,35 to 49,48,26,23,3,22,14,0,2,6,0
S01011233,50 to 64,44,32,31,1,12,1,1,3,3,4
S01011233,65 to 74,27,14,14,0,13,3,0,1,4,5
S01011233,75 to 84,13,3,3,0,10,0,1,0,0,9
S01011233,85 and over,0,0,0,0,0,0,0,0,0,0
S01011234,All HRPs,456,181,129,52,275,121,2,27,64,61
S01011234,24 and under,32,12,2,10,20,20,0,0,0,0
S01011234,25 to 34,64,29,14,15,35,33,0,1,1,0
S01011234,35 to 49,144,62,43,19,82,41,1,12,23,5
S01011234,50 to 64,136,56,50,6,80,21,1,13,31,14
S01011234,65 to 74,49,15,13,2,34,4,0,1,7,22
S01011234,75 to 84,24,6,6,0,18,2,0,0,2,14
S01011234,85 and over,7,1,1,0,6,0,0,0,0,6
S01011235,All HRPs,195,64,47,17,131,63,3,13,26,26
S01011235,24 and under,9,1,0,1,8,7,0,0,0,1
S01011235,25 to 34,32,11,1,10,21,17,0,2,2,0
S01011235,35 to 49,57,14,11,3,43,29,0,7,6,1
S01011235,50 to 64,53,19,17,2,34,10,3,3,15,3
S01011235,65 to 74,33,16,15,1,17,0,0,1,3,13
S01011235,75 to 84,10,3,3,0,7,0,0,0,0,7
S01011235,85 and over,1,0,0,0,1,0,0,0,0,1
S01011236,All HRPs,284,111,89,22,173,78,0,7,46,42
S01011236,24 and under,11,0,0,0,11,11,0,0,0,0
S01011236,25 to 34,29,11,4,7,18,16,0,0,2,0
S01011236,35 to 49,80,35,24,11,45,30,0,2,12,1
S01011236,50 to 64,76,34,31,3,42,12,0,4,19,7
S01011236,65 to 74,55,21,20,1,34,8,0,1,9,16
S01011236,75 to 84,26,9,9,0,17,1,0,0,4,12
S01011236,85 and over,7,1,1,0,6,0,0,0,0,6
S01011237,All HRPs,331,137,100,37,194,91,2,15,48,38
S01011237,24 and under,14,3,0,3,11,11,0,0,0,0
S01011237,25 to 34,49,17,7,10,32,30,0,1,1,0
S01011237,35 to 49,100,50,31,19,50,24,0,8,17,1
S01011237,50 to 64,90,37,33,4,53,20,1,6,18,8
S01011237,65 to 74,46,18,17,1,28,1,0,0,10,17
S01011237,75 to 84,24,9,9,0,15,3,1,0,2,9
S01011237,85 and over,8,3,3,0,5,2,0,0,0,3
S01011238,All HRPs,334,96,63,33,238,110,0,28,66,34
S01011238,24 and under,25,9,1,8,16,16,0,0,0,0
S01011238,25 to 34,59,14,4,10,45,40,0,1,4,0
S01011238,35 to 49,110,34,24,10,76,39,0,15,20,2
S01011238,50 to 64,79,26,22,4,53,7,0,10,28,8
S01011238,65 to 74,30,7,7,0,23,5,0,0,11,7
S01011238,75 to 84,23,4,3,1,19,2,0,2,2,13
S01011238,85 and over,8,2,2,0,6,1,0,0,1,4
S01011239,All HRPs,427,119,82,37,308,121,2,25,91,69
S01011239,24 and under,28,9,1,8,19,19,0,0,0,0
S01011239,25 to 34,55,20,4,16,35,31,0,2,2,0
S01011239,35 to 49,99,20,15,5,79,38,0,9,29,3
S01011239,50 to 64,123,48,42,6,75,20,1,6,35,13
S01011239,65 to 74,67,17,16,1,50,7,0,5,17,21
S01011239,75 to 84,42,4,3,1,38,4,1,3,7,23
S01011239,85 and over,13,1,1,0,12,2,0,0,1,9
S01011240,All HRPs,481,99,65,34,382,188,3,33,97,61
S01011240,24 and under,32,3,0,3,29,29,0,0,0,0
S01011240,25 to 34,80,17,7,10,63,62,0,1,0,0
S01011240,35 to 49,108,19,6,13,89,58,0,11,20,0
S01011240,50 to 64,146,31,26,5,115,32,1,16,60,6
S01011240,65 to 74,51,16,14,2,35,4,0,5,13,13
S01011240,75 to 84,38,12,12,0,26,1,1,0,3,21
S01011240,85 and over,26,1,0,1,25,2,1,0,1,21
S01011241,All HRPs,540,202,178,24,338,127,5,41,76,89
S01011241,24 and under,25,5,2,3,20,19,1,0,0,0
S01011241,25 to 34,57,13,5,8,44,41,1,0,2,0
S01011241,35 to 49,116,49,45,4,67,28,1,16,22,0
S01011241,50 to 64,170,82,77,5,88,24,1,15,38,10
S01011241,65 to 74,92,31,30,1,61,8,1,7,10,35
S01011241,75 to 84,59,17,15,2,42,5,0,3,4,30
S01011241,85 and over,21,5,4,1,16,2,0,0,0,14
S01011242,All HRPs,383,165,140,25,218,87,3,14,52,62
S01011242,24 and under,18,5,2,3,13,13,0,0,0,0
S01011242,25 to 34,24,12,7,5,12,12,0,0,0,0
S01011242,35 to 49,103,47,37,10,56,33,1,8,11,3
S01011242,50 to 64,117,59,55,4,58,13,1,5,30,9
S01011242,65 to 74,58,24,23,1,34,11,1,1,9,12
S01011242,75 to 84,45,17,15,2,28,1,0,0,2,25
S01011242,85 and over,18,1,1,0,17,4,0,0,0,13
S01011243,All HRPs,545,120,81,39,425,186,5,32,116,86
S01011243,24 and under,50,9,0,9,41,41,0,0,0,0
S01011243,25 to 34,69,21,7,14,48,41,1,4,2,0
S01011243,35 to 49,139,25,19,6,114,70,0,12,30,2
S01011243,50 to 64,140,37,29,8,103,25,2,12,55,9
S01011243,65 to 74,72,18,16,2,54,7,0,2,27,18
S01011243,75 to 84,51,9,9,0,42,1,2,1,2,36
S01011243,85 and over,24,1,1,0,23,1,0,1,0,21
S01011244,All HRPs,409,100,64,36,309,171,1,27,69,41
S01011244,24 and under,45,12,3,9,33,33,0,0,0,0
S01011244,25 to 34,82,15,4,11,67,61,0,3,3,0
S01011244,35 to 49,94,23,14,9,71,45,0,8,16,2
S01011244,50 to 64,115,32,25,7,83,21,1,14,39,8
S01011244,65 to 74,38,9,9,0,29,4,0,2,9,14
S01011244,75 to 84,30,8,8,0,22,6,0,0,2,14
S01011244,85 and over,5,1,1,0,4,1,0,0,0,3
S01011245,All HRPs,446,159,129,30,287,136,2,23,63,63
S01011245,24 and under,19,2,1,1,17,17,0,0,0,0
S01011245,25 to 34,62,20,7,13,42,40,0,1,1,0
S01011245,35 to 49,116,37,24,13,79,45,0,13,20,1
S01011245,50 to 64,129,52,50,2,77,31,0,9,27,10
S01011245,65 to 74,69,32,31,1,37,2,0,0,12,23
S01011245,75 to 84,33,13,13,0,20,1,1,0,3,15
S01011245,85 and over,18,3,3,0,15,0,1,0,0,14
S01011246,All HRPs,439,221,182,39,218,85,3,24,44,62
S01011246,24 and under,8,2,1,1,6,6,0,0,0,0
S01011246,25 to 34,49,24,13,11,25,22,1,1,1,0
S01011246,35 to 49,122,58,41,17,64,33,0,9,16,6
S01011246,50 to 64,145,83,76,7,62,16,0,13,20,13
S01011246,65 to 74,60,35,33,2,25,4,1,0,4,16
S01011246,75 to 84,43,17,16,1,26,3,1,1,3,18
S01011246,85 and over,12,2,2,0,10,1,0,0,0,9
S01011247,All HRPs,357,231,210,21,126,38,2,10,28,48
S01011247,24 and under,1,1,0,1,0,0,0,0,0,0
S01011247,25 to 34,16,11,7,4,5,4,0,1,0,0
S01011247,35 to 49,83,52,40,12,31,16,0,5,9,1
S01011247,50 to 64,114,83,80,3,31,11,1,4,12,3
S01011247,65 to 74,66,44,44,0,22,2,0,0,5,15
S01011247,75 to 84,57,34,33,1,23,2,0,0,2,19
S01011247,85 and over,20,6,6,0,14,3,1,0,0,10
S01011248,All HRPs,317,195,170,25,122,31,0,13,36,42
S01011248,24 and under,7,3,0,3,4,4,0,0,0,0
S01011248,25 to 34,30,20,10,10,10,8,0,0,2,0
S01011248,35 to 49,90,55,46,9,35,13,0,6,15,1
S01011248,50 to 64,112,82,80,2,30,4,0,3,13,10
S01011248,65 to 74,47,20,19,1,27,1,0,4,6,16
S01011248,75 to 84,20,13,13,0,7,0,0,0,0,7
S01011248,85 and over,11,2,2,0,9,1,0,0,0,8
S01011249,All HRPs,308,200,181,19,108,28,0,11,31,38
S01011249,24 and under,4,3,0,3,1,1,0,0,0,0
S01011249,25 to 34,19,10,6,4,9,8,0,1,0,0
S01011249,35 to 49,107,74,66,8,33,12,0,6,13,2
S01011249,50 to 64,89,57,53,4,32,6,0,4,11,11
S01011249,65 to 74,53,41,41,0,12,1,0,0,6,5
S01011249,75 to 84,27,13,13,0,14,0,0,0,1,13
S01011249,85 and over,9,2,2,0,7,0,0,0,0,7
S01011250,All HRPs,446,188,120,68,258,111,4,36,70,37
S01011250,24 and under,27,6,0,6,21,18,1,2,0,0
S01011250,25 to 34,78,38,13,25,40,33,0,4,3,0
S01011250,35 to 49,166,63,34,29,103,50,3,15,31,4
S01011250,50 to 64,111,51,43,8,60,8,0,14,31,7
S01011250,65 to 74,40,20,20,0,20,1,0,0,4,15
S01011250,75 to 84,21,9,9,0,12,1,0,1,1,9
S01011250,85 and over,3,1,1,0,2,0,0,0,0,2
S01011251,All HRPs,385,179,145,34,206,87,3,17,43,56
S01011251,24 and under,17,6,1,5,11,11,0,0,0,0
S01011251,25 to 34,51,24,15,9,27,24,0,2,1,0
S01011251,35 to 49,113,56,44,12,57,31,0,6,20,0
S01011251,50 to 64,109,60,53,7,49,14,3,8,12,12
S01011251,65 to 74,57,27,26,1,30,3,0,1,7,19
S01011251,75 to 84,27,5,5,0,22,3,0,0,3,16
S01011251,85 and over,11,1,1,0,10,1,0,0,0,9
S01011252,All HRPs,344,145,105,40,199,93,2,17,52,35
S01011252,24 and under,17,1,0,1,16,15,1,0,0,0
S01011252,25 to 34,62,28,10,18,34,29,0,3,2,0
S01011252,35 to 49,109,47,33,14,62,36,0,7,18,1
S01011252,50 to 64,93,41,34,7,52,9,1,7,26,9
S01011252,65 to 74,44,25,25,0,19,1,0,0,4,14
S01011252,75 to 84,14,3,3,0,11,3,0,0,1,7
S01011252,85 and over,5,0,0,0,5,0,0,0,1,4
S01011253,All HRPs,391,142,111,31,249,99,0,23,61,66
S01011253,24 and under,16,2,0,2,14,14,0,0,0,0
S01011253,25 to 34,45,19,11,8,26,20,0,5,1,0
S01011253,35 to 49,129,51,37,14,78,41,0,11,23,3
S01011253,50 to 64,107,45,38,7,62,17,0,6,26,13
S01011253,65 to 74,47,17,17,0,30,5,0,1,6,18
S01011253,75 to 84,32,7,7,0,25,2,0,0,5,18
S01011253,85 and over,15,1,1,0,14,0,0,0,0,14
S01011254,All HRPs,359,274,244,30,85,24,0,15,17,29
S01011254,24 and under,4,1,0,1,3,3,0,0,0,0
S01011254,25 to 34,35,27,18,9,8,7,0,1,0,0
S01011254,35 to 49,115,88,74,14,27,7,0,9,10,1
S01011254,50 to 64,133,111,105,6,22,5,0,3,6,8
S01011254,65 to 74,46,32,32,0,14,1,0,2,1,10
S01011254,75 to 84,22,13,13,0,9,1,0,0,0,8
S01011254,85 and over,4,2,2,0,2,0,0,0,0,2
S01011255,All HRPs,267,216,194,22,51,17,6,7,11,10
S01011255,24 and under,1,1,0,1,0,0,0,0,0,0
S01011255,25 to 34,37,29,24,5,8,7,0,1,0,0
S01011255,35 to 49,137,117,103,14,20,9,0,4,6,1
S01011255,50 to 64,61,47,45,2,14,1,4,2,4,3
S01011255,65 to 74,25,19,19,0,6,0,1,0,1,4
S01011255,75 to 84,5,3,3,0,2,0,1,0,0,1
S01011255,85 and over,1,0,0,0,1,0,0,0,0,1
S01011256,All HRPs,169,126,103,23,43,17,2,6,11,7
S01011256,24 and under,4,1,0,1,3,3,0,0,0,0
S01011256,25 to 34,23,17,14,3,6,3,0,1,2,0
S01011256,35 to 49,92,74,59,15,18,6,1,4,6,1
S01011256,50 to 64,31,24,21,3,7,3,0,1,2,1
S01011256,65 to 74,15,9,8,1,6,2,1,0,1,2
S01011256,75 to 84,3,1,1,0,2,0,0,0,0,2
S01011256,85 and over,1,0,0,0,1,0,0,0,0,1
S01011257,All HRPs,188,127,119,8,61,9,1,1,10,40
S01011257,24 and under,1,0,0,0,1,1,0,0,0,0
S01011257,25 to 34,4,4,2,2,0,0,0,0,0,0
S01011257,35 to 49,21,19,15,4,2,1,0,0,1,0
S01011257,50 to 64,73,52,50,2,21,4,0,1,4,12
S01011257,65 to 74,48,32,32,0,16,0,1,0,3,12
S01011257,75 to 84,35,18,18,0,17,3,0,0,2,12
S01011257,85 and over,6,2,2,0,4,0,0,0,0,4
S01011258,All HRPs,229,144,134,10,85,18,0,13,26,28
S01011258,24 and under,0,0,0,0,0,0,0,0,0,0
S01011258,25 to 34,10,3,2,1,7,7,0,0,0,0
S01011258,35 to 49,60,41,35,6,19,6,0,7,6,0
S01011258,50 to 64,81,61,58,3,20,1,0,5,13,1
S01011258,65 to 74,46,29,29,0,17,1,0,0,3,13
S01011258,75 to 84,26,10,10,0,16,3,0,1,2,10
S01011258,85 and over,6,0,0,0,6,0,0,0,2,4
S01011259,All HRPs,383,173,137,36,210,82,3,13,36,76
S01011259,24 and under,21,7,0,7,14,13,0,0,0,1
S01011259,25 to 34,37,15,3,12,22,20,0,1,0,1
S01011259,35 to 49,69,39,29,10,30,22,0,3,4,1
S01011259,50 to 64,112,62,56,6,50,13,1,7,21,8
S01011259,65 to 74,65,33,32,1,32,4,1,2,6,19
S01011259,75 to 84,50,12,12,0,38,6,1,0,3,28
S01011259,85 and over,29,5,5,0,24,4,0,0,2,18
S01011260,All HRPs,336,192,174,18,144,46,2,16,22,58
S01011260,24 and under,2,0,0,0,2,2,0,0,0,0
S01011260,25 to 34,22,10,4,6,12,12,0,0,0,0
S01011260,35 to 49,85,55,46,9,30,12,1,8,8,1
S01011260,50 to 64,98,66,64,2,32,10,0,4,10,8
S01011260,65 to 74,64,39,39,0,25,5,0,4,2,14
S01011260,75 to 84,49,18,17,1,31,4,1,0,2,24
S01011260,85 and over,16,4,4,0,12,1,0,0,0,11
S01011261,All HRPs,310,134,102,32,176,61,5,14,45,51
S01011261,24 and under,7,1,1,0,6,6,0,0,0,0
S01011261,25 to 34,40,17,10,7,23,15,0,3,5,0
S01011261,35 to 49,96,43,31,12,53,24,2,8,18,1
S01011261,50 to 64,85,44,34,10,41,14,0,2,15,10
S01011261,65 to 74,55,23,20,3,32,1,2,1,7,21
S01011261,75 to 84,19,5,5,0,14,0,0,0,0,14
S01011261,85 and over,8,1,1,0,7,1,1,0,0,5
S01011262,All HRPs,223,99,78,21,124,39,1,14,33,37
S01011262,24 and under,3,0,0,0,3,3,0,0,0,0
S01011262,25 to 34,22,7,1,6,15,10,1,3,1,0
S01011262,35 to 49,68,35,24,11,33,15,0,6,10,2
S01011262,50 to 64,71,34,31,3,37,9,0,5,19,4
S01011262,65 to 74,30,16,15,1,14,1,0,0,2,11
S01011262,75 to 84,17,6,6,0,11,0,0,0,1,10
S01011262,85 and over,12,1,1,0,11,1,0,0,0,10
S01011263,All HRPs,431,243,184,59,188,90,6,12,49,31
S01011263,24 and under,19,8,1,7,11,11,0,0,0,0
S01011263,25 to 34,103,66,40,26,37,33,0,1,3,0
S01011263,35 to 49,157,94,73,21,63,33,1,8,20,1
S01011263,50 to 64,81,45,40,5,36,8,1,3,13,11
S01011263,65 to 74,44,22,22,0,22,2,3,0,7,10
S01011263,75 to 84,18,7,7,0,11,2,1,0,5,3
S01011263,85 and over,9,1,1,0,8,1,0,0,1,6
S01011264,All HRPs,259,134,107,27,125,49,0,13,41,22
S01011264,24 and under,11,2,1,1,9,9,0,0,0,0
S01011264,25 to 34,33,14,7,7,19,14,0,1,4,0
S01011264,35 to 49,88,49,40,9,39,16,0,6,17,0
S01011264,50 to 64,77,46,38,8,31,6,0,6,14,5
S01011264,65 to 74,29,18,16,2,11,2,0,0,6,3
S01011264,75 to 84,17,5,5,0,12,2,0,0,0,10
S01011264,85 and over,4,0,0,0,4,0,0,0,0,4
S01011265,All HRPs,468,171,117,54,297,137,4,28,77,51
S01011265,24 and under,23,6,0,6,17,16,1,0,0,0
S01011265,25 to 34,86,28,11,17,58,48,1,4,4,1
S01011265,35 to 49,176,72,50,22,104,55,0,16,31,2
S01011265,50 to 64,97,42,34,8,55,17,0,7,24,7
S01011265,65 to 74,42,15,14,1,27,0,1,1,12,13
S01011265,75 to 84,38,8,8,0,30,0,0,0,4,26
S01011265,85 and over,6,0,0,0,6,1,1,0,2,2
S01011266,All HRPs,383,212,180,32,171,46,4,16,42,63
S01011266,24 and under,7,2,1,1,5,5,0,0,0,0
S01011266,25 to 34,39,21,14,7,18,16,0,2,0,0
S01011266,35 to 49,102,64,46,18,38,18,0,6,13,1
S01011266,50 to 64,104,67,61,6,37,5,1,7,16,8
S01011266,65 to 74,70,29,29,0,41,1,0,1,11,28
S01011266,75 to 84,52,25,25,0,27,1,3,0,2,21
S01011266,85 and over,9,4,4,0,5,0,0,0,0,5
S01011267,All HRPs,266,151,138,13,115,38,3,8,27,39
S01011267,24 and under,8,2,1,1,6,6,0,0,0,0
S01011267,25 to 34,15,4,4,0,11,10,0,1,0,0
S01011267,35 to 49,59,41,35,6,18,8,0,3,7,0
S01011267,50 to 64,91,57,53,4,34,8,2,2,17,5
S01011267,65 to 74,49,31,30,1,18,2,0,2,2,12
S01011267,75 to 84,35,14,13,1,21,4,1,0,1,15
S01011267,85 and over,9,2,2,0,7,0,0,0,0,7
S01011268,All HRPs,186,100,90,10,86,26,1,8,17,34
S01011268,24 and under,2,1,1,0,1,1,0,0,0,0
S01011268,25 to 34,17,7,1,6,10,9,0,1,0,0
S01011268,35 to 49,37,24,23,1,13,5,1,4,3,0
S01011268,50 to 64,61,40,38,2,21,7,0,3,9,2
S01011268,65 to 74,35,20,19,1,15,1,0,0,3,11
S01011268,75 to 84,24,7,7,0,17,3,0,0,2,12
S01011268,85 and over,10,1,1,0,9,0,0,0,0,9
S01011269,All HRPs,279,111,91,20,168,63,3,14,42,46
S01011269,24 and under,12,1,0,1,11,11,0,0,0,0
S01011269,25 to 34,25,7,2,5,18,15,1,2,0,0
S01011269,35 to 49,62,28,18,10,34,22,1,2,9,0
S01011269,50 to 64,79,40,36,4,39,8,1,9,17,4
S01011269,65 to 74,57,23,23,0,34,4,0,1,13,16
S01011269,75 to 84,37,11,11,0,26,2,0,0,3,21
S01011269,85 and over,7,1,1,0,6,1,0,0,0,5
S01011270,All HRPs,349,131,87,44,218,87,2,24,53,52
S01011270,24 and under,23,8,0,8,15,15,0,0,0,0
S01011270,25 to 34,50,22,5,17,28,25,0,2,1,0
S01011270,35 to 49,99,35,26,9,64,35,1,12,14,2
S01011270,50 to 64,95,40,32,8,55,10,0,8,27,10
S01011270,65 to 74,44,15,13,2,29,0,0,2,5,22
S01011270,75 to 84,27,9,9,0,18,2,0,0,5,11
S01011270,85 and over,11,2,2,0,9,0,1,0,1,7
S01011271,All HRPs,357,181,155,26,176,57,3,16,35,65
S01011271,24 and under,10,2,0,2,8,8,0,0,0,0
S01011271,25 to 34,27,8,3,5,19,18,0,0,1,0
S01011271,35 to 49,88,44,30,14,44,20,2,11,8,3
S01011271,50 to 64,116,77,73,4,39,5,0,5,16,13
S01011271,65 to 74,67,35,34,1,32,4,0,0,9,19
S01011271,75 to 84,39,13,13,0,26,2,1,0,1,22
S01011271,85 and over,10,2,2,0,8,0,0,0,0,8
S01011272,All HRPs,380,135,97,38,245,109,2,15,61,58
S01011272,24 and under,23,5,0,5,18,17,0,1,0,0
S01011272,25 to 34,54,15,5,10,39,33,0,2,2,2
S01011272,35 to 49,96,33,20,13,63,30,0,8,23,2
S01011272,50 to 64,105,52,43,9,53,16,2,3,27,5
S01011272,65 to 74,56,24,23,1,32,6,0,1,6,19
S01011272,75 to 84,34,5,5,0,29,6,0,0,2,21
S01011272,85 and over,12,1,1,0,11,1,0,0,1,9
S01011273,All HRPs,339,161,126,35,178,75,1,25,45,32
S01011273,24 and under,12,4,1,3,8,8,0,0,0,0
S01011273,25 to 34,52,17,8,9,35,28,0,5,2,0
S01011273,35 to 49,113,53,40,13,60,31,0,13,16,0
S01011273,50 to 64,99,59,51,8,40,6,1,7,17,9
S01011273,65 to 74,46,21,19,2,25,1,0,0,7,17
S01011273,75 to 84,15,7,7,0,8,1,0,0,3,4
S01011273,85 and over,2,0,0,0,2,0,0,0,0,2
S01011274,All HRPs,395,160,106,54,235,115,2,32,51,35
S01011274,24 and under,25,7,2,5,18,16,0,2,0,0
S01011274,25 to 34,81,25,8,17,56,49,0,3,4,0
S01011274,35 to 49,123,60,42,18,63,32,2,13,15,1
S01011274,50 to 64,100,44,34,10,56,14,0,12,23,7
S01011274,65 to 74,34,17,14,3,17,1,0,1,7,8
S01011274,75 to 84,26,4,3,1,22,3,0,0,2,17
S01011274,85 and over,6,3,3,0,3,0,0,1,0,2
S01011275,All HRPs,277,132,89,43,145,75,1,22,24,23
S01011275,24 and under,16,4,1,3,12,12,0,0,0,0
S01011275,25 to 34,52,25,7,18,27,22,0,3,2,0
S01011275,35 to 49,100,46,32,14,54,31,0,12,10,1
S01011275,50 to 64,66,35,28,7,31,10,1,6,10,4
S01011275,65 to 74,32,15,15,0,17,0,0,1,2,14
S01011275,75 to 84,10,6,5,1,4,0,0,0,0,4
S01011275,85 and over,1,1,1,0,0,0,0,0,0,0
S01011276,All HRPs,405,205,169,36,200,73,1,21,51,54
S01011276,24 and under,11,3,1,2,8,8,0,0,0,0
S01011276,25 to 34,50,22,8,14,28,19,0,6,3,0
S01011276,35 to 49,137,69,55,14,68,37,1,11,19,0
S01011276,50 to 64,112,66,60,6,46,7,0,2,27,10
S01011276,65 to 74,42,24,24,0,18,1,0,2,2,13
S01011276,75 to 84,45,20,20,0,25,1,0,0,0,24
S01011276,85 and over,8,1,1,0,7,0,0,0,0,7
S01011277,All HRPs,284,188,162,26,96,38,2,8,20,28
S01011277,24 and under,6,1,0,1,5,5,0,0,0,0
S01011277,25 to 34,36,20,9,11,16,13,0,2,1,0
S01011277,35 to 49,76,52,38,14,24,10,1,5,7,1
S01011277,50 to 64,100,80,80,0,20,3,1,1,10,5
S01011277,65 to 74,46,26,26,0,20,4,0,0,2,14
S01011277,75 to 84,15,9,9,0,6,3,0,0,0,3
S01011277,85 and over,5,0,0,0,5,0,0,0,0,5
S01011278,All HRPs,230,137,114,23,93,46,0,10,20,17
S01011278,24 and under,6,2,0,2,4,4,0,0,0,0
S01011278,25 to 34,44,24,16,8,20,19,0,0,1,0
S01011278,35 to 49,69,44,34,10,25,15,0,7,3,0
S01011278,50 to 64,78,52,49,3,26,6,0,3,9,8
S01011278,65 to 74,19,12,12,0,7,1,0,0,5,1
S01011278,75 to 84,10,2,2,0,8,1,0,0,2,5
S01011278,85 and over,4,1,1,0,3,0,0,0,0,3
S01011279,All HRPs,302,178,149,29,124,47,0,10,22,45
S01011279,24 and under,6,1,0,1,5,5,0,0,0,0
S01011279,25 to 34,44,20,7,13,24,22,0,2,0,0
S01011279,35 to 49,64,44,33,11,20,9,0,5,5,1
S01011279,50 to 64,94,67,64,3,27,7,0,3,10,7
S01011279,65 to 74,45,33,32,1,12,2,0,0,4,6
S01011279,75 to 84,37,13,13,0,24,2,0,0,3,19
S01011279,85 and over,12,0,0,0,12,0,0,0,0,12
S01011280,All HRPs,231,188,176,12,43,4,2,7,10,20
S01011280,24 and under,0,0,0,0,0,0,0,0,0,0
S01011280,25 to 34,8,6,4,2,2,2,0,0,0,0
S01011280,35 to 49,50,41,37,4,9,0,1,5,2,1
S01011280,50 to 64,105,90,84,6,15,0,1,1,7,6
S01011280,65 to 74,47,37,37,0,10,1,0,0,1,8
S01011280,75 to 84,20,13,13,0,7,1,0,1,0,5
S01011280,85 and over,1,1,1,0,0,0,0,0,0,0
S01011281,All HRPs,238,171,156,15,67,23,1,9,16,18
S01011281,24 and under,5,0,0,0,5,5,0,0,0,0
S01011281,25 to 34,21,16,6,10,5,5,0,0,0,0
S01011281,35 to 49,105,75,71,4,30,9,1,8,11,1
S01011281,50 to 64,67,56,56,0,11,2,0,1,5,3
S01011281,65 to 74,20,16,15,1,4,0,0,0,0,4
S01011281,75 to 84,15,7,7,0,8,1,0,0,0,7
S01011281,85 and over,5,1,1,0,4,1,0,0,0,3
S01011282,All HRPs,341,247,217,30,94,26,0,17,19,32
S01011282,24 and under,5,1,0,1,4,4,0,0,0,0
S01011282,25 to 34,43,33,24,9,10,7,0,2,0,1
S01011282,35 to 49,149,121,107,14,28,12,0,11,4,1
S01011282,50 to 64,89,69,63,6,20,3,0,4,12,1
S01011282,65 to 74,35,19,19,0,16,0,0,0,2,14
S01011282,75 to 84,18,4,4,0,14,0,0,0,1,13
S01011282,85 and over,2,0,0,0,2,0,0,0,0,2
S01011283,All HRPs,251,213,182,31,38,14,0,8,11,5
S01011283,24 and under,1,1,0,1,0,0,0,0,0,0
S01011283,25 to 34,38,36,23,13,2,1,0,1,0,0
S01011283,35 to 49,116,97,85,12,19,9,0,5,5,0
S01011283,50 to 64,80,67,63,4,13,4,0,2,6,1
S01011283,65 to 74,12,10,9,1,2,0,0,0,0,2
S01011283,75 to 84,3,2,2,0,1,0,0,0,0,1
S01011283,85 and over,1,0,0,0,1,0,0,0,0,1
S01011284,All HRPs,192,167,153,14,25,5,2,4,8,6
S01011284,24 and under,0,0,0,0,0,0,0,0,0,0
S01011284,25 to 34,30,26,22,4,4,1,0,1,2,0
S01011284,35 to 49,112,100,91,9,12,3,1,2,5,1
S01011284,50 to 64,41,34,33,1,7,1,1,1,1,3
S01011284,65 to 74,6,6,6,0,0,0,0,0,0,0
S01011284,75 to 84,1,1,1,0,0,0,0,0,0,0
S01011284,85 and over,2,0,0,0,2,0,0,0,0,2
S01011285,All HRPs,297,143,101,42,154,53,2,24,43,32
S01011285,24 and under,15,6,0,6,9,9,0,0,0,0
S01011285,25 to 34,53,27,11,16,26,22,1,2,1,0
S01011285,35 to 49,80,38,25,13,42,16,0,11,13,2
S01011285,50 to 64,93,49,43,6,44,5,1,10,20,8
S01011285,65 to 74,39,17,16,1,22,0,0,1,5,16
S01011285,75 to 84,13,4,4,0,9,1,0,0,3,5
S01011285,85 and over,4,2,2,0,2,0,0,0,1,1
S01011286,All HRPs,298,133,105,28,165,68,1,19,38,39
S01011286,24 and under,16,6,0,6,10,10,0,0,0,0
S01011286,25 to 34,48,22,15,7,26,23,0,3,0,0
S01011286,35 to 49,105,48,36,12,57,30,1,9,16,1
S01011286,50 to 64,73,39,37,2,34,4,0,7,15,8
S01011286,65 to 74,25,10,10,0,15,0,0,0,6,9
S01011286,75 to 84,27,7,6,1,20,1,0,0,1,18
S01011286,85 and over,4,1,1,0,3,0,0,0,0,3
S01011287,All HRPs,337,157,129,28,180,73,1,22,54,30
S01011287,24 and under,3,1,0,1,2,2,0,0,0,0
S01011287,25 to 34,66,25,14,11,41,36,0,1,4,0
S01011287,35 to 49,101,50,39,11,51,21,0,14,16,0
S01011287,50 to 64,102,58,53,5,44,12,1,7,19,5
S01011287,65 to 74,38,16,16,0,22,1,0,0,11,10
S01011287,75 to 84,21,7,7,0,14,0,0,0,4,10
S01011287,85 and over,6,0,0,0,6,1,0,0,0,5
S01011288,All HRPs,318,158,127,31,160,63,4,17,34,42
S01011288,24 and under,19,6,1,5,13,13,0,0,0,0
S01011288,25 to 34,45,21,10,11,24,19,0,2,3,0
S01011288,35 to 49,88,42,33,9,46,27,2,7,6,4
S01011288,50 to 64,81,48,44,4,33,3,1,6,17,6
S01011288,65 to 74,51,30,29,1,21,0,1,2,5,13
S01011288,75 to 84,28,9,8,1,19,1,0,0,3,15
S01011288,85 and over,6,2,2,0,4,0,0,0,0,4
S01011289,All HRPs,431,193,162,31,238,82,6,17,65,68
S01011289,24 and under,14,0,0,0,14,14,0,0,0,0
S01011289,25 to 34,59,28,13,15,31,28,2,0,1,0
S01011289,35 to 49,113,62,54,8,51,24,1,8,16,2
S01011289,50 to 64,133,67,61,6,66,10,1,8,39,8
S01011289,65 to 74,49,25,23,2,24,2,0,1,7,14
S01011289,75 to 84,54,11,11,0,43,4,0,0,2,37
S01011289,85 and over,9,0,0,0,9,0,2,0,0,7
S01011290,All HRPs,503,223,171,52,280,114,4,34,62,66
S01011290,24 and under,37,11,1,10,26,26,0,0,0,0
S01011290,25 to 34,64,30,12,18,34,31,0,2,1,0
S01011290,35 to 49,136,56,42,14,80,36,1,20,20,3
S01011290,50 to 64,136,73,66,7,63,14,1,8,29,11
S01011290,65 to 74,67,33,30,3,34,0,0,4,9,21
S01011290,75 to 84,45,16,16,0,29,6,1,0,2,20
S01011290,85 and over,18,4,4,0,14,1,1,0,1,11
S01011291,All HRPs,407,177,128,49,230,105,0,26,40,59
S01011291,24 and under,20,5,0,5,15,15,0,0,0,0
S01011291,25 to 34,57,26,10,16,31,26,0,4,1,0
S01011291,35 to 49,117,51,31,20,66,44,0,11,11,0
S01011291,50 to 64,105,55,48,7,50,12,0,10,16,12
S01011291,65 to 74,61,25,25,0,36,5,0,1,10,20
S01011291,75 to 84,40,15,14,1,25,2,0,0,2,21
S01011291,85 and over,7,0,0,0,7,1,0,0,0,6
S01011292,All HRPs,332,119,86,33,213,84,1,23,51,54
S01011292,24 and under,36,9,1,8,27,27,0,0,0,0
S01011292,25 to 34,37,14,5,9,23,18,0,5,0,0
S01011292,35 to 49,82,32,20,12,50,27,0,8,15,0
S01011292,50 to 64,89,44,40,4,45,5,1,5,28,6
S01011292,65 to 74,38,11,11,0,27,3,0,4,6,14
S01011292,75 to 84,32,8,8,0,24,2,0,1,2,19
S01011292,85 and over,18,1,1,0,17,2,0,0,0,15
S01011293,All HRPs,341,157,121,36,184,63,2,15,42,62
S01011293,24 and under,14,4,1,3,10,10,0,0,0,0
S01011293,25 to 34,45,16,7,9,29,21,1,1,5,1
S01011293,35 to 49,87,55,38,17,32,19,0,8,5,0
S01011293,50 to 64,93,46,40,6,47,7,0,5,20,15
S01011293,65 to 74,51,21,21,0,30,4,0,0,8,18
S01011293,75 to 84,42,14,13,1,28,2,1,1,4,20
S01011293,85 and over,9,1,1,0,8,0,0,0,0,8
S01011294,All HRPs,487,154,125,29,333,130,8,22,69,104
S01011294,24 and under,32,3,0,3,29,29,0,0,0,0
S01011294,25 to 34,59,17,9,8,42,38,1,3,0,0
S01011294,35 to 49,95,31,23,8,64,39,1,8,16,0
S01011294,50 to 64,114,49,41,8,65,19,1,7,25,13
S01011294,65 to 74,80,32,30,2,48,0,2,4,15,27
S01011294,75 to 84,83,21,21,0,62,5,2,0,13,42
S01011294,85 and over,24,1,1,0,23,0,1,0,0,22
S01011295,All HRPs,448,262,227,35,186,76,2,11,32,65
S01011295,24 and under,14,3,0,3,11,11,0,0,0,0
S01011295,25 to 34,52,22,11,11,30,29,0,0,1,0
S01011295,35 to 49,117,83,69,14,34,22,0,4,5,3
S01011295,50 to 64,114,77,71,6,37,10,1,6,16,4
S01011295,65 to 74,84,54,53,1,30,1,1,1,9,18
S01011295,75 to 84,52,20,20,0,32,2,0,0,1,29
S01011295,85 and over,15,3,3,0,12,1,0,0,0,11
S01011296,All HRPs,280,136,116,20,144,44,1,20,22,57
S01011296,24 and under,7,2,0,2,5,5,0,0,0,0
S01011296,25 to 34,15,6,2,4,9,6,0,2,1,0
S01011296,35 to 49,63,33,25,8,30,13,0,9,6,2
S01011296,50 to 64,95,61,57,4,34,13,0,6,10,5
S01011296,65 to 74,48,24,23,1,24,4,0,2,5,13
S01011296,75 to 84,36,9,8,1,27,3,1,1,0,22
S01011296,85 and over,16,1,1,0,15,0,0,0,0,15
S01011297,All HRPs,311,169,125,44,142,49,2,16,38,37
S01011297,24 and under,7,6,1,5,1,1,0,0,0,0
S01011297,25 to 34,43,24,8,16,19,18,0,1,0,0
S01011297,35 to 49,105,52,35,17,53,22,0,9,19,3
S01011297,50 to 64,90,57,52,5,33,4,1,6,13,9
S01011297,65 to 74,45,22,21,1,23,2,0,0,6,15
S01011297,75 to 84,19,6,6,0,13,2,1,0,0,10
S01011297,85 and over,2,2,2,0,0,0,0,0,0,0
S01011298,All HRPs,230,120,95,25,110,48,0,14,25,23
S01011298,24 and under,9,3,1,2,6,6,0,0,0,0
S01011298,25 to 34,29,12,9,3,17,16,0,1,0,0
S01011298,35 to 49,92,47,32,15,45,20,0,9,14,2
S01011298,50 to 64,60,44,39,5,16,3,0,2,9,2
S01011298,65 to 74,23,12,12,0,11,1,0,2,2,6
S01011298,75 to 84,12,2,2,0,10,2,0,0,0,8
S01011298,85 and over,5,0,0,0,5,0,0,0,0,5
S01011299,All HRPs,197,136,122,14,61,21,1,6,10,23
S01011299,24 and under,1,0,0,0,1,1,0,0,0,0
S01011299,25 to 34,13,9,6,3,4,4,0,0,0,0
S01011299,35 to 49,45,35,30,5,10,8,0,2,0,0
S01011299,50 to 64,81,60,55,5,21,2,0,2,9,8
S01011299,65 to 74,36,23,22,1,13,4,1,2,1,5
S01011299,75 to 84,18,9,9,0,9,2,0,0,0,7
S01011299,85 and over,3,0,0,0,3,0,0,0,0,3
S01011300,All HRPs,423,200,155,45,223,82,2,22,56,61
S01011300,24 and under,16,2,0,2,14,14,0,0,0,0
S01011300,25 to 34,50,24,6,18,26,22,0,4,0,0
S01011300,35 to 49,124,66,48,18,58,29,1,5,22,1
S01011300,50 to 64,122,62,56,6,60,14,1,9,28,8
S01011300,65 to 74,62,30,29,1,32,2,0,2,4,24
S01011300,75 to 84,38,16,16,0,22,0,0,2,2,18
S01011300,85 and over,11,0,0,0,11,1,0,0,0,10
S01011301,All HRPs,309,195,173,22,114,33,3,11,22,45
S01011301,24 and under,6,2,0,2,4,4,0,0,0,0
S01011301,25 to 34,26,16,9,7,10,7,0,1,1,1
S01011301,35 to 49,78,49,44,5,29,11,2,6,9,1
S01011301,50 to 64,108,79,72,7,29,4,1,3,11,10
S01011301,65 to 74,52,30,29,1,22,4,0,1,1,16
S01011301,75 to 84,34,19,19,0,15,2,0,0,0,13
S01011301,85 and over,5,0,0,0,5,1,0,0,0,4
S01011302,All HRPs,522,159,124,35,363,144,2,34,77,106
S01011302,24 and under,27,5,1,4,22,22,0,0,0,0
S01011302,25 to 34,49,19,9,10,30,26,0,2,2,0
S01011302,35 to 49,113,33,22,11,80,50,0,12,17,1
S01011302,50 to 64,126,49,41,8,77,18,1,16,37,5
S01011302,65 to 74,96,34,32,2,62,17,1,1,15,28
S01011302,75 to 84,76,16,16,0,60,5,0,2,4,49
S01011302,85 and over,35,3,3,0,32,6,0,1,2,23
S01011303,All HRPs,427,277,245,32,150,55,1,14,28,52
S01011303,24 and under,8,1,0,1,7,7,0,0,0,0
S01011303,25 to 34,51,31,20,11,20,15,0,2,3,0
S01011303,35 to 49,131,90,78,12,41,20,1,8,9,3
S01011303,50 to 64,126,94,87,7,32,9,0,2,12,9
S01011303,65 to 74,55,37,37,0,18,1,0,2,3,12
S01011303,75 to 84,46,23,22,1,23,2,0,0,1,20
S01011303,85 and over,10,1,1,0,9,1,0,0,0,8
S01011304,All HRPs,282,131,101,30,151,52,0,26,31,42
S01011304,24 and under,4,2,1,1,2,2,0,0,0,0
S01011304,25 to 34,32,10,5,5,22,19,0,3,0,0
S01011304,35 to 49,92,44,31,13,48,25,0,8,13,2
S01011304,50 to 64,89,53,45,8,36,4,0,9,17,6
S01011304,65 to 74,30,14,11,3,16,0,0,2,1,13
S01011304,75 to 84,27,6,6,0,21,2,0,4,0,15
S01011304,85 and over,8,2,2,0,6,0,0,0,0,6
S01011305,All HRPs,342,183,148,35,159,60,1,21,50,27
S01011305,24 and under,10,3,0,3,7,7,0,0,0,0
S01011305,25 to 34,45,26,17,9,19,16,0,0,3,0
S01011305,35 to 49,143,80,63,17,63,31,0,13,18,1
S01011305,50 to 64,85,47,43,4,38,5,1,7,21,4
S01011305,65 to 74,32,17,17,0,15,1,0,1,4,9
S01011305,75 to 84,21,8,6,2,13,0,0,0,4,9
S01011305,85 and over,6,2,2,0,4,0,0,0,0,4
S01011306,All HRPs,282,135,109,26,147,52,3,21,27,44
S01011306,24 and under,15,7,1,6,8,8,0,0,0,0
S01011306,25 to 34,42,11,5,6,31,27,1,2,1,0
S01011306,35 to 49,54,26,19,7,28,12,1,10,4,1
S01011306,50 to 64,84,51,45,6,33,1,0,9,19,4
S01011306,65 to 74,39,22,21,1,17,2,0,0,2,13
S01011306,75 to 84,36,15,15,0,21,2,0,0,1,18
S01011306,85 and over,12,3,3,0,9,0,1,0,0,8
S01011307,All HRPs,188,132,118,14,56,19,2,6,11,18
S01011307,24 and under,3,1,0,1,2,2,0,0,0,0
S01011307,25 to 34,16,7,5,2,9,6,0,3,0,0
S01011307,35 to 49,58,43,36,7,15,7,0,2,6,0
S01011307,50 to 64,57,49,47,2,8,1,1,1,2,3
S01011307,65 to 74,30,25,24,1,5,0,0,0,2,3
S01011307,75 to 84,18,6,5,1,12,2,1,0,1,8
S01011307,85 and over,6,1,1,0,5,1,0,0,0,4
S01011308,All HRPs,186,124,113,11,62,20,2,7,18,15
S01011308,24 and under,4,0,0,0,4,4,0,0,0,0
S01011308,25 to 34,6,4,3,1,2,2,0,0,0,0
S01011308,35 to 49,45,33,28,5,12,7,0,3,2,0
S01011308,50 to 64,75,54,51,3,21,4,2,3,10,2
S01011308,65 to 74,45,27,25,2,18,1,0,1,5,11
S01011308,75 to 84,9,5,5,0,4,2,0,0,1,1
S01011308,85 and over,2,1,1,0,1,0,0,0,0,1
S01011309,All HRPs,333,214,198,16,119,32,1,15,22,49
S01011309,24 and under,3,1,0,1,2,2,0,0,0,0
S01011309,25 to 34,6,3,1,2,3,3,0,0,0,0
S01011309,35 to 49,72,53,42,11,19,12,1,5,1,0
S01011309,50 to 64,117,85,83,2,32,10,0,5,13,4
S01011309,65 to 74,67,35,35,0,32,4,0,5,6,17
S01011309,75 to 84,50,30,30,0,20,0,0,0,2,18
S01011309,85 and over,18,7,7,0,11,1,0,0,0,10
S01011310,All HRPs,341,171,140,31,170,58,3,19,38,52
S01011310,24 and under,8,3,0,3,5,5,0,0,0,0
S01011310,25 to 34,31,11,3,8,20,18,0,1,1,0
S01011310,35 to 49,83,43,32,11,40,15,0,11,13,1
S01011310,50 to 64,99,65,57,8,34,5,2,5,17,5
S01011310,65 to 74,44,28,27,1,16,2,0,1,3,10
S01011310,75 to 84,59,19,19,0,40,10,1,0,4,25
S01011310,85 and over,17,2,2,0,15,3,0,1,0,11
S01011311,All HRPs,305,208,190,18,97,23,2,9,16,47
S01011311,24 and under,1,0,0,0,1,1,0,0,0,0
S01011311,25 to 34,20,15,11,4,5,3,0,1,1,0
S01011311,35 to 49,54,40,32,8,14,6,0,5,3,0
S01011311,50 to 64,101,78,73,5,23,8,1,2,7,5
S01011311,65 to 74,69,52,51,1,17,1,0,1,2,13
S01011311,75 to 84,47,18,18,0,29,3,1,0,3,22
S01011311,85 and over,13,5,5,0,8,1,0,0,0,7
S01011312,All HRPs,493,346,323,23,147,33,3,18,33,60
S01011312,24 and under,7,1,0,1,6,5,0,0,1,0
S01011312,25 to 34,14,10,5,5,4,4,0,0,0,0
S01011312,35 to 49,106,80,72,8,26,7,0,12,6,1
S01011312,50 to 64,166,127,122,5,39,8,1,5,19,6
S01011312,65 to 74,110,84,80,4,26,4,1,0,7,14
S01011312,75 to 84,69,36,36,0,33,4,0,1,0,28
S01011312,85 and over,21,8,8,0,13,1,1,0,0,11
S01011313,All HRPs,368,171,145,26,197,71,4,16,44,62
S01011313,24 and under,4,0,0,0,4,4,0,0,0,0
S01011313,25 to 34,25,9,7,2,16,13,0,2,1,0
S01011313,35 to 49,109,64,48,16,45,25,1,7,11,1
S01011313,50 to 64,108,55,47,8,53,16,0,5,22,10
S01011313,65 to 74,46,23,23,0,23,6,0,2,7,8
S01011313,75 to 84,50,16,16,0,34,6,3,0,2,23
S01011313,85 and over,26,4,4,0,22,1,0,0,1,20
S01011314,All HRPs,487,280,245,35,207,86,4,25,46,46
S01011314,24 and under,15,4,0,4,11,11,0,0,0,0
S01011314,25 to 34,32,15,10,5,17,17,0,0,0,0
S01011314,35 to 49,162,96,86,10,66,35,0,16,13,2
S01011314,50 to 64,144,100,88,12,44,10,3,7,20,4
S01011314,65 to 74,80,46,43,3,34,8,0,2,10,14
S01011314,75 to 84,41,18,17,1,23,5,1,0,1,16
S01011314,85 and over,13,1,1,0,12,0,0,0,2,10
S01011315,All HRPs,168,97,71,26,71,25,1,7,16,22
S01011315,24 and under,3,1,0,1,2,2,0,0,0,0
S01011315,25 to 34,20,10,2,8,10,8,0,2,0,0
S01011315,35 to 49,57,38,27,11,19,10,0,2,7,0
S01011315,50 to 64,40,23,18,5,17,4,0,3,7,3
S01011315,65 to 74,23,15,15,0,8,0,1,0,2,5
S01011315,75 to 84,20,8,8,0,12,1,0,0,0,11
S01011315,85 and over,5,2,1,1,3,0,0,0,0,3
S01011316,All HRPs,311,156,134,22,155,53,0,23,38,41
S01011316,24 and under,6,1,1,0,5,5,0,0,0,0
S01011316,25 to 34,40,16,8,8,24,20,0,3,1,0
S01011316,35 to 49,89,47,37,10,42,18,0,13,11,0
S01011316,50 to 64,92,54,50,4,38,6,0,6,21,5
S01011316,65 to 74,43,22,22,0,21,1,0,1,3,16
S01011316,75 to 84,34,14,14,0,20,3,0,0,2,15
S01011316,85 and over,7,2,2,0,5,0,0,0,0,5
S01011317,All HRPs,392,215,201,14,177,41,8,11,32,85
S01011317,24 and under,2,0,0,0,2,2,0,0,0,0
S01011317,25 to 34,14,7,5,2,7,7,0,0,0,0
S01011317,35 to 49,60,47,41,6,13,7,0,2,4,0
S01011317,50 to 64,105,70,65,5,35,11,4,4,10,6
S01011317,65 to 74,87,45,45,0,42,6,0,4,14,18
S01011317,75 to 84,91,40,39,1,51,7,2,1,2,39
S01011317,85 and over,33,6,6,0,27,1,2,0,2,22
S01011318,All HRPs,520,232,201,31,288,87,7,15,56,123
S01011318,24 and under,14,5,1,4,9,9,0,0,0,0
S01011318,25 to 34,28,9,5,4,19,16,0,0,3,0
S01011318,35 to 49,82,39,29,10,43,23,1,7,10,2
S01011318,50 to 64,129,73,62,11,56,16,2,6,28,4
S01011318,65 to 74,99,51,49,2,48,8,2,1,10,27
S01011318,75 to 84,107,44,44,0,63,10,1,1,4,47
S01011318,85 and over,61,11,11,0,50,5,1,0,1,43
S01011319,All HRPs,398,246,230,16,152,34,6,6,17,89
S01011319,24 and under,0,0,0,0,0,0,0,0,0,0
S01011319,25 to 34,6,3,3,0,3,2,0,1,0,0
S01011319,35 to 49,68,59,50,9,9,4,2,1,2,0
S01011319,50 to 64,122,95,89,6,27,13,0,3,5,6
S01011319,65 to 74,62,41,41,0,21,4,3,0,4,10
S01011319,75 to 84,82,37,36,1,45,7,1,1,4,32
S01011319,85 and over,58,11,11,0,47,4,0,0,2,41
S01011320,All HRPs,303,109,94,15,194,58,3,21,47,65
S01011320,24 and under,4,1,0,1,3,3,0,0,0,0
S01011320,25 to 34,25,10,4,6,15,15,0,0,0,0
S01011320,35 to 49,66,33,27,6,33,18,0,5,9,1
S01011320,50 to 64,71,27,26,1,44,6,2,9,21,6
S01011320,65 to 74,60,23,22,1,37,5,0,5,12,15
S01011320,75 to 84,54,12,12,0,42,8,0,2,5,27
S01011320,85 and over,23,3,3,0,20,3,1,0,0,16
S01011321,All HRPs,252,152,127,25,100,37,0,13,28,22
S01011321,24 and under,6,1,0,1,5,5,0,0,0,0
S01011321,25 to 34,28,17,10,7,11,11,0,0,0,0
S01011321,35 to 49,85,56,45,11,29,13,0,8,7,1
S01011321,50 to 64,81,53,49,4,28,7,0,3,14,4
S01011321,65 to 74,35,19,18,1,16,1,0,1,6,8
S01011321,75 to 84,13,4,3,1,9,0,0,1,1,7
S01011321,85 and over,4,2,2,0,2,0,0,0,0,2
S01011322,All HRPs,251,151,134,17,100,36,1,14,21,28
S01011322,24 and under,4,0,0,0,4,4,0,0,0,0
S01011322,25 to 34,27,14,10,4,13,13,0,0,0,0
S01011322,35 to 49,86,62,54,8,24,13,0,5,6,0
S01011322,50 to 64,79,51,48,3,28,2,0,5,12,9
S01011322,65 to 74,35,19,18,1,16,4,1,3,2,6
S01011322,75 to 84,18,5,4,1,13,0,0,1,1,11
S01011322,85 and over,2,0,0,0,2,0,0,0,0,2
S01011323,All HRPs,374,197,159,38,177,61,5,20,61,30
S01011323,24 and under,11,4,0,4,7,7,0,0,0,0
S01011323,25 to 34,47,25,18,7,22,19,0,0,3,0
S01011323,35 to 49,137,80,59,21,57,26,0,13,17,1
S01011323,50 to 64,107,54,48,6,53,6,2,7,29,9
S01011323,65 to 74,46,24,24,0,22,2,1,0,8,11
S01011323,75 to 84,22,10,10,0,12,1,1,0,4,6
S01011323,85 and over,4,0,0,0,4,0,1,0,0,3
S01011324,All HRPs,202,105,82,23,97,38,0,6,24,29
S01011324,24 and under,10,7,1,6,3,3,0,0,0,0
S01011324,25 to 34,17,8,5,3,9,8,0,1,0,0
S01011324,35 to 49,56,32,25,7,24,15,0,1,6,2
S01011324,50 to 64,59,32,26,6,27,7,0,4,13,3
S01011324,65 to 74,34,17,16,1,17,3,0,0,4,10
S01011324,75 to 84,20,8,8,0,12,1,0,0,1,10
S01011324,85 and over,6,1,1,0,5,1,0,0,0,4
S01011325,All HRPs,472,115,76,39,357,156,5,27,91,78
S01011325,24 and under,26,6,2,4,20,20,0,0,0,0
S01011325,25 to 34,49,15,4,11,34,30,0,2,2,0
S01011325,35 to 49,120,24,10,14,96,58,1,6,29,2
S01011325,50 to 64,131,41,32,9,90,26,2,13,39,10
S01011325,65 to 74,68,16,15,1,52,10,2,4,15,21
S01011325,75 to 84,53,10,10,0,43,6,0,2,6,29
S01011325,85 and over,25,3,3,0,22,6,0,0,0,16
S01011326,All HRPs,521,113,82,31,408,173,9,36,86,104
S01011326,24 and under,37,7,0,7,30,30,0,0,0,0
S01011326,25 to 34,58,14,5,9,44,39,0,1,4,0
S01011326,35 to 49,98,17,9,8,81,53,2,9,17,0
S01011326,50 to 64,123,33,27,6,90,25,2,18,36,9
S01011326,65 to 74,86,12,11,1,74,13,0,8,21,32
S01011326,75 to 84,78,22,22,0,56,9,4,0,7,36
S01011326,85 and over,41,8,8,0,33,4,1,0,1,27
S01011327,All HRPs,400,156,130,26,244,82,7,21,57,77
S01011327,24 and under,11,4,0,4,7,7,0,0,0,0
S01011327,25 to 34,22,9,5,4,13,12,0,1,0,0
S01011327,35 to 49,77,35,27,8,42,26,0,6,9,1
S01011327,50 to 64,116,51,43,8,65,21,4,7,28,5
S01011327,65 to 74,88,30,28,2,58,11,2,4,13,28
S01011327,75 to 84,69,23,23,0,46,5,1,3,4,33
S01011327,85 and over,17,4,4,0,13,0,0,0,3,10
S01011328,All HRPs,355,178,151,27,177,57,8,17,34,61
S01011328,24 and under,4,1,1,0,3,3,0,0,0,0
S01011328,25 to 34,21,8,2,6,13,12,0,0,1,0
S01011328,35 to 49,80,43,30,13,37,20,1,7,8,1
S01011328,50 to 64,101,58,53,5,43,16,2,6,14,5
S01011328,65 to 74,69,40,38,2,29,3,3,3,7,13
S01011328,75 to 84,58,23,23,0,35,3,1,1,4,26
S01011328,85 and over,22,5,4,1,17,0,1,0,0,16
S01011329,All HRPs,484,206,190,16,278,90,1,22,57,108
S01011329,24 and under,13,1,0,1,12,12,0,0,0,0
S01011329,25 to 34,29,7,4,3,22,20,0,2,0,0
S01011329,35 to 49,94,41,35,6,53,25,1,7,17,3
S01011329,50 to 64,126,72,67,5,54,14,0,7,27,6
S01011329,65 to 74,89,41,41,0,48,9,0,4,7,28
S01011329,75 to 84,91,35,34,1,56,6,0,2,5,43
S01011329,85 and over,42,9,9,0,33,4,0,0,1,28
S01011330,All HRPs,324,208,186,22,116,24,0,7,22,63
S01011330,24 and under,2,0,0,0,2,2,0,0,0,0
S01011330,25 to 34,15,12,7,5,3,3,0,0,0,0
S01011330,35 to 49,74,56,45,11,18,10,0,2,5,1
S01011330,50 to 64,107,79,74,5,28,4,0,4,13,7
S01011330,65 to 74,52,34,34,0,18,2,0,1,1,14
S01011330,75 to 84,62,22,22,0,40,2,0,0,3,35
S01011330,85 and over,12,5,4,1,7,1,0,0,0,6
S01011331,All HRPs,336,231,213,18,105,24,3,4,15,59
S01011331,24 and under,0,0,0,0,0,0,0,0,0,0
S01011331,25 to 34,14,13,10,3,1,1,0,0,0,0
S01011331,35 to 49,62,50,44,6,12,7,1,1,2,1
S01011331,50 to 64,98,81,75,6,17,6,0,2,4,5
S01011331,65 to 74,78,51,48,3,27,4,1,1,8,13
S01011331,75 to 84,61,28,28,0,33,6,0,0,1,26
S01011331,85 and over,23,8,8,0,15,0,1,0,0,14
S01011332,All HRPs,385,281,252,29,104,29,1,5,20,49
S01011332,24 and under,1,1,0,1,0,0,0,0,0,0
S01011332,25 to 34,16,12,6,6,4,3,0,0,1,0
S01011332,35 to 49,89,73,66,7,16,8,0,1,6,1
S01011332,50 to 64,117,93,82,11,24,4,0,4,7,9
S01011332,65 to 74,77,53,51,2,24,4,0,0,5,15
S01011332,75 to 84,69,39,37,2,30,9,1,0,1,19
S01011332,85 and over,16,10,10,0,6,1,0,0,0,5
S01011333,All HRPs,386,216,205,11,170,42,12,9,16,91
S01011333,24 and under,2,0,0,0,2,2,0,0,0,0
S01011333,25 to 34,11,4,2,2,7,7,0,0,0,0
S01011333,35 to 49,44,27,23,4,17,8,4,2,3,0
S01011333,50 to 64,110,83,79,4,27,9,2,5,8,3
S01011333,65 to 74,103,59,58,1,44,7,2,2,3,30
S01011333,75 to 84,72,32,32,0,40,7,2,0,2,29
S01011333,85 and over,44,11,11,0,33,2,2,0,0,29
S01011334,All HRPs,297,197,167,30,100,32,1,11,22,34
S01011334,24 and under,6,2,1,1,4,4,0,0,0,0
S01011334,25 to 34,22,15,11,4,7,7,0,0,0,0
S01011334,35 to 49,80,63,46,17,17,7,0,5,4,1
S01011334,50 to 64,89,68,61,7,21,6,1,5,6,3
S01011334,65 to 74,65,38,38,0,27,4,0,1,9,13
S01011334,75 to 84,26,9,8,1,17,2,0,0,3,12
S01011334,85 and over,9,2,2,0,7,2,0,0,0,5
S01011335,All HRPs,438,289,265,24,149,31,7,11,32,68
S01011335,24 and under,0,0,0,0,0,0,0,0,0,0
S01011335,25 to 34,14,8,4,4,6,4,0,1,1,0
S01011335,35 to 49,89,65,56,9,24,4,1,8,10,1
S01011335,50 to 64,138,106,99,7,32,7,3,2,11,9
S01011335,65 to 74,96,69,68,1,27,6,1,0,7,13
S01011335,75 to 84,70,36,33,3,34,7,1,0,2,24
S01011335,85 and over,31,5,5,0,26,3,1,0,1,21
S01011336,All HRPs,266,135,101,34,131,54,5,10,20,42
S01011336,24 and under,11,2,1,1,9,9,0,0,0,0
S01011336,25 to 34,29,12,4,8,17,17,0,0,0,0
S01011336,35 to 49,90,56,39,17,34,19,2,6,4,3
S01011336,50 to 64,59,33,26,7,26,4,0,3,10,9
S01011336,65 to 74,42,21,20,1,21,2,1,0,6,12
S01011336,75 to 84,30,10,10,0,20,3,2,1,0,14
S01011336,85 and over,5,1,1,0,4,0,0,0,0,4
S01011337,All HRPs,287,222,200,22,65,23,4,7,12,19
S01011337,24 and under,4,3,0,3,1,1,0,0,0,0
S01011337,25 to 34,7,5,3,2,2,2,0,0,0,0
S01011337,35 to 49,67,53,45,8,14,7,0,2,5,0
S01011337,50 to 64,110,91,84,7,19,6,1,4,3,5
S01011337,65 to 74,69,51,49,2,18,6,2,0,3,7
S01011337,75 to 84,26,17,17,0,9,1,1,1,1,5
S01011337,85 and over,4,2,2,0,2,0,0,0,0,2
S01011338,All HRPs,270,161,128,33,109,47,0,12,29,21
S01011338,24 and under,13,3,0,3,10,10,0,0,0,0
S01011338,25 to 34,35,17,7,10,18,15,0,2,1,0
S01011338,35 to 49,84,49,36,13,35,16,0,8,9,2
S01011338,50 to 64,89,65,59,6,24,3,0,1,15,5
S01011338,65 to 74,33,20,20,0,13,2,0,1,4,6
S01011338,75 to 84,12,7,6,1,5,1,0,0,0,4
S01011338,85 and over,4,0,0,0,4,0,0,0,0,4
S01011339,All HRPs,219,111,87,24,108,39,2,13,27,27
S01011339,24 and under,5,2,1,1,3,3,0,0,0,0
S01011339,25 to 34,26,7,4,3,19,16,1,2,0,0
S01011339,35 to 49,66,37,22,15,29,12,0,7,10,0
S01011339,50 to 64,67,43,38,5,24,3,0,3,13,5
S01011339,65 to 74,28,16,16,0,12,1,0,1,3,7
S01011339,75 to 84,18,3,3,0,15,4,1,0,0,10
S01011339,85 and over,9,3,3,0,6,0,0,0,1,5
S01011340,All HRPs,290,137,110,27,153,47,3,19,32,52
S01011340,24 and under,6,3,0,3,3,3,0,0,0,0
S01011340,25 to 34,35,13,6,7,22,17,0,4,1,0
S01011340,35 to 49,77,40,29,11,37,15,0,10,11,1
S01011340,50 to 64,83,48,42,6,35,8,1,2,16,8
S01011340,65 to 74,48,21,21,0,27,3,0,2,2,20
S01011340,75 to 84,29,10,10,0,19,1,2,1,1,14
S01011340,85 and over,12,2,2,0,10,0,0,0,1,9
S01011341,All HRPs,346,145,108,37,201,100,3,13,42,43
S01011341,24 and under,27,12,0,12,15,15,0,0,0,0
S01011341,25 to 34,63,20,7,13,43,41,0,2,0,0
S01011341,35 to 49,87,48,38,10,39,24,1,2,11,1
S01011341,50 to 64,91,44,42,2,47,14,0,6,22,5
S01011341,65 to 74,38,14,14,0,24,4,0,2,6,12
S01011341,75 to 84,31,7,7,0,24,1,2,1,2,18
S01011341,85 and over,9,0,0,0,9,1,0,0,1,7
S01011342,All HRPs,325,175,145,30,150,64,2,15,34,35
S01011342,24 and under,13,4,0,4,9,9,0,0,0,0
S01011342,25 to 34,49,14,6,8,35,27,0,4,4,0
S01011342,35 to 49,96,58,46,12,38,21,1,6,10,0
S01011342,50 to 64,76,58,55,3,18,5,0,2,8,3
S01011342,65 to 74,55,30,28,2,25,1,0,3,10,11
S01011342,75 to 84,27,9,8,1,18,1,1,0,2,14
S01011342,85 and over,9,2,2,0,7,0,0,0,0,7
S01011343,All HRPs,434,160,113,47,274,112,2,22,70,68
S01011343,24 and under,14,5,0,5,9,9,0,0,0,0
S01011343,25 to 34,53,21,8,13,32,28,1,3,0,0
S01011343,35 to 49,138,46,27,19,92,51,0,11,27,3
S01011343,50 to 64,107,49,41,8,58,13,0,5,33,7
S01011343,65 to 74,60,21,19,2,39,5,1,1,7,25
S01011343,75 to 84,45,16,16,0,29,3,0,2,2,22
S01011343,85 and over,17,2,2,0,15,3,0,0,1,11
S01011344,All HRPs,401,178,139,39,223,98,1,26,57,41
S01011344,24 and under,18,2,0,2,16,15,0,0,1,0
S01011344,25 to 34,53,19,6,13,34,30,0,3,1,0
S01011344,35 to 49,128,57,44,13,71,34,0,19,17,1
S01011344,50 to 64,99,55,46,9,44,12,0,3,25,4
S01011344,65 to 74,55,26,24,2,29,4,0,1,12,12
S01011344,75 to 84,45,19,19,0,26,3,1,0,1,21
S01011344,85 and over,3,0,0,0,3,0,0,0,0,3
S01011345,All HRPs,357,130,89,41,227,105,1,27,46,48
S01011345,24 and under,24,1,0,1,23,23,0,0,0,0
S01011345,25 to 34,58,19,5,14,39,35,0,2,2,0
S01011345,35 to 49,113,50,32,18,63,34,0,13,12,4
S01011345,50 to 64,95,43,35,8,52,11,0,11,22,8
S01011345,65 to 74,32,9,9,0,23,2,0,1,9,11
S01011345,75 to 84,28,7,7,0,21,0,1,0,1,19
S01011345,85 and over,7,1,1,0,6,0,0,0,0,6
S01011346,All HRPs,325,160,131,29,165,63,1,13,34,54
S01011346,24 and under,10,2,0,2,8,8,0,0,0,0
S01011346,25 to 34,41,20,14,6,21,18,0,3,0,0
S01011346,35 to 49,84,48,36,12,36,20,0,4,12,0
S01011346,50 to 64,88,51,42,9,37,11,0,5,12,9
S01011346,65 to 74,51,24,24,0,27,5,0,0,8,14
S01011346,75 to 84,40,14,14,0,26,0,1,1,2,22
S01011346,85 and over,11,1,1,0,10,1,0,0,0,9
S01011347,All HRPs,547,229,187,42,318,141,7,24,64,82
S01011347,24 and under,21,1,0,1,20,20,0,0,0,0
S01011347,25 to 34,67,27,12,15,40,36,2,2,0,0
S01011347,35 to 49,148,70,51,19,78,42,0,15,21,0
S01011347,50 to 64,140,73,67,6,67,21,1,3,28,14
S01011347,65 to 74,81,34,33,1,47,9,2,1,11,24
S01011347,75 to 84,61,22,22,0,39,8,2,2,4,23
S01011347,85 and over,29,2,2,0,27,5,0,1,0,21
S01011348,All HRPs,424,203,152,51,221,86,2,23,53,57
S01011348,24 and under,11,3,0,3,8,8,0,0,0,0
S01011348,25 to 34,45,20,5,15,25,22,0,2,1,0
S01011348,35 to 49,139,78,55,23,61,30,1,9,21,0
S01011348,50 to 64,118,62,52,10,56,12,1,10,21,12
S01011348,65 to 74,51,27,27,0,24,4,0,2,4,14
S01011348,75 to 84,42,11,11,0,31,4,0,0,5,22
S01011348,85 and over,18,2,2,0,16,6,0,0,1,9
S01011349,All HRPs,367,248,205,43,119,47,1,9,36,26
S01011349,24 and under,5,2,1,1,3,3,0,0,0,0
S01011349,25 to 34,42,26,12,14,16,12,0,3,0,1
S01011349,35 to 49,146,106,86,20,40,20,0,5,12,3
S01011349,50 to 64,124,87,81,6,37,9,0,1,19,8
S01011349,65 to 74,31,21,19,2,10,2,0,0,3,5
S01011349,75 to 84,13,5,5,0,8,1,1,0,2,4
S01011349,85 and over,6,1,1,0,5,0,0,0,0,5
S01011350,All HRPs,275,190,172,18,85,15,5,9,14,42
S01011350,24 and under,3,1,0,1,2,2,0,0,0,0
S01011350,25 to 34,17,11,10,1,6,5,0,0,1,0
S01011350,35 to 49,62,50,36,14,12,4,0,2,5,1
S01011350,50 to 64,101,78,76,2,23,2,3,7,4,7
S01011350,65 to 74,50,32,32,0,18,0,2,0,3,13
S01011350,75 to 84,29,13,13,0,16,2,0,0,1,13
S01011350,85 and over,13,5,5,0,8,0,0,0,0,8
S01011351,All HRPs,353,137,109,28,216,87,3,22,53,51
S01011351,24 and under,23,5,1,4,18,15,0,3,0,0
S01011351,25 to 34,50,17,9,8,33,29,1,2,1,0
S01011351,35 to 49,103,43,31,12,60,29,0,9,22,0
S01011351,50 to 64,90,43,41,2,47,13,0,7,20,7
S01011351,65 to 74,42,21,19,2,21,1,0,0,8,12
S01011351,75 to 84,33,5,5,0,28,0,1,1,2,24
S01011351,85 and over,12,3,3,0,9,0,1,0,0,8
S01011352,All HRPs,328,138,98,40,190,74,3,18,38,57
S01011352,24 and under,23,6,1,5,17,17,0,0,0,0
S01011352,25 to 34,45,18,7,11,27,27,0,0,0,0
S01011352,35 to 49,77,42,28,14,35,13,0,8,14,0
S01011352,50 to 64,85,42,35,7,43,10,0,9,17,7
S01011352,65 to 74,32,17,14,3,15,2,2,0,4,7
S01011352,75 to 84,47,11,11,0,36,3,1,0,3,29
S01011352,85 and over,19,2,2,0,17,2,0,1,0,14
S01011353,All HRPs,274,154,123,31,120,43,2,7,28,40
S01011353,24 and under,4,0,0,0,4,3,0,1,0,0
S01011353,25 to 34,28,16,5,11,12,12,0,0,0,0
S01011353,35 to 49,68,37,28,9,31,15,1,3,10,2
S01011353,50 to 64,100,65,55,10,35,9,1,1,13,11
S01011353,65 to 74,39,29,28,1,10,0,0,1,2,7
S01011353,75 to 84,26,7,7,0,19,2,0,1,3,13
S01011353,85 and over,9,0,0,0,9,2,0,0,0,7
S01011354,All HRPs,313,183,154,29,130,37,4,13,23,53
S01011354,24 and under,4,2,0,2,2,2,0,0,0,0
S01011354,25 to 34,27,14,5,9,13,12,0,1,0,0
S01011354,35 to 49,91,54,41,13,37,14,1,7,12,3
S01011354,50 to 64,94,61,57,4,33,4,0,5,11,13
S01011354,65 to 74,51,30,29,1,21,3,1,0,0,17
S01011354,75 to 84,42,20,20,0,22,2,1,0,0,19
S01011354,85 and over,4,2,2,0,2,0,1,0,0,1
S01011355,All HRPs,433,230,194,36,203,57,1,17,48,80
S01011355,24 and under,3,0,0,0,3,3,0,0,0,0
S01011355,25 to 34,41,24,9,15,17,16,0,0,0,1
S01011355,35 to 49,117,69,51,18,48,20,0,9,16,3
S01011355,50 to 64,119,78,75,3,41,9,0,6,18,8
S01011355,65 to 74,73,36,36,0,37,3,0,2,9,23
S01011355,75 to 84,58,20,20,0,38,3,1,0,4,30
S01011355,85 and over,22,3,3,0,19,3,0,0,1,15
S01011356,All HRPs,392,267,228,39,125,38,3,11,26,47
S01011356,24 and under,5,1,0,1,4,4,0,0,0,0
S01011356,25 to 34,26,20,13,7,6,5,0,0,0,1
S01011356,35 to 49,129,94,74,20,35,13,2,9,8,3
S01011356,50 to 64,131,94,84,10,37,12,0,1,14,10
S01011356,65 to 74,58,39,39,0,19,4,0,1,3,11
S01011356,75 to 84,34,16,15,1,18,0,1,0,1,16
S01011356,85 and over,9,3,3,0,6,0,0,0,0,6
S01011357,All HRPs,354,227,200,27,127,38,2,12,29,46
S01011357,24 and under,1,0,0,0,1,1,0,0,0,0
S01011357,25 to 34,20,13,5,8,7,5,0,2,0,0
S01011357,35 to 49,98,74,61,13,24,12,0,7,5,0
S01011357,50 to 64,111,73,69,4,38,12,0,3,14,9
S01011357,65 to 74,73,54,52,2,19,3,1,0,5,10
S01011357,75 to 84,39,13,13,0,26,4,0,0,5,17
S01011357,85 and over,12,0,0,0,12,1,1,0,0,10
S01011358,All HRPs,186,144,126,18,42,9,0,7,15,11
S01011358,24 and under,0,0,0,0,0,0,0,0,0,0
S01011358,25 to 34,21,18,12,6,3,1,0,1,1,0
S01011358,35 to 49,86,69,60,9,17,4,0,4,7,2
S01011358,50 to 64,66,51,48,3,15,4,0,2,5,4
S01011358,65 to 74,6,3,3,0,3,0,0,0,2,1
S01011358,75 to 84,7,3,3,0,4,0,0,0,0,4
S01011358,85 and over,0,0,0,0,0,0,0,0,0,0
S01011359,All HRPs,368,189,160,29,179,56,3,15,42,63
S01011359,24 and under,8,5,1,4,3,3,0,0,0,0
S01011359,25 to 34,39,16,4,12,23,22,0,1,0,0
S01011359,35 to 49,73,45,37,8,28,12,0,5,9,2
S01011359,50 to 64,111,64,61,3,47,9,0,4,20,14
S01011359,65 to 74,70,41,40,1,29,4,1,3,9,12
S01011359,75 to 84,52,16,15,1,36,4,1,1,3,27
S01011359,85 and over,15,2,2,0,13,2,1,1,1,8
S01011360,All HRPs,354,141,93,48,213,109,3,34,41,26
S01011360,24 and under,38,15,2,13,23,23,0,0,0,0
S01011360,25 to 34,76,39,20,19,37,34,0,0,3,0
S01011360,35 to 49,133,51,37,14,82,46,2,19,13,2
S01011360,50 to 64,76,21,20,1,55,5,1,15,22,12
S01011360,65 to 74,24,13,12,1,11,1,0,0,3,7
S01011360,75 to 84,7,2,2,0,5,0,0,0,0,5
S01011360,85 and over,0,0,0,0,0,0,0,0,0,0
S01011361,All HRPs,343,76,45,31,267,137,4,21,67,38
S01011361,24 and under,46,7,1,6,39,37,0,0,2,0
S01011361,25 to 34,59,24,11,13,35,31,0,2,1,1
S01011361,35 to 49,104,19,11,8,85,54,2,5,22,2
S01011361,50 to 64,83,13,10,3,70,14,1,11,34,10
S01011361,65 to 74,18,4,4,0,14,1,0,3,3,7
S01011361,75 to 84,29,9,8,1,20,0,1,0,5,14
S01011361,85 and over,4,0,0,0,4,0,0,0,0,4
S01011362,All HRPs,199,157,129,28,42,14,2,9,4,13
S01011362,24 and under,1,0,0,0,1,1,0,0,0,0
S01011362,25 to 34,41,35,22,13,6,4,0,2,0,0
S01011362,35 to 49,74,65,54,11,9,5,0,3,1,0
S01011362,50 to 64,46,37,33,4,9,1,2,4,2,0
S01011362,65 to 74,21,17,17,0,4,1,0,0,1,2
S01011362,75 to 84,13,3,3,0,10,1,0,0,0,9
S01011362,85 and over,3,0,0,0,3,1,0,0,0,2
S01011363,All HRPs,429,202,163,39,227,88,3,20,45,71
S01011363,24 and under,10,3,1,2,7,6,0,1,0,0
S01011363,25 to 34,44,19,5,14,25,23,0,1,1,0
S01011363,35 to 49,108,57,43,14,51,25,0,11,13,2
S01011363,50 to 64,143,78,72,6,65,26,0,5,20,14
S01011363,65 to 74,51,21,19,2,30,5,2,2,8,13
S01011363,75 to 84,60,22,21,1,38,3,1,0,3,31
S01011363,85 and over,13,2,2,0,11,0,0,0,0,11
S01011364,All HRPs,272,175,144,31,97,33,1,11,21,31
S01011364,24 and under,7,3,0,3,4,4,0,0,0,0
S01011364,25 to 34,41,29,19,10,12,12,0,0,0,0
S01011364,35 to 49,82,55,45,10,27,7,0,9,10,1
S01011364,50 to 64,65,40,35,5,25,8,0,2,9,6
S01011364,65 to 74,42,33,31,2,9,0,0,0,2,7
S01011364,75 to 84,29,12,11,1,17,2,1,0,0,14
S01011364,85 and over,6,3,3,0,3,0,0,0,0,3
S01011365,All HRPs,207,166,139,27,41,10,0,8,8,15
S01011365,24 and under,1,0,0,0,1,1,0,0,0,0
S01011365,25 to 34,22,19,15,4,3,1,0,2,0,0
S01011365,35 to 49,105,91,74,17,14,6,0,3,5,0
S01011365,50 to 64,55,43,38,5,12,1,0,2,3,6
S01011365,65 to 74,18,13,12,1,5,1,0,1,0,3
S01011365,75 to 84,5,0,0,0,5,0,0,0,0,5
S01011365,85 and over,1,0,0,0,1,0,0,0,0,1
S01011366,All HRPs,238,110,87,23,128,51,2,11,21,43
S01011366,24 and under,4,0,0,0,4,4,0,0,0,0
S01011366,25 to 34,29,18,6,12,11,8,1,1,1,0
S01011366,35 to 49,58,20,14,6,38,28,0,4,6,0
S01011366,50 to 64,62,35,30,5,27,6,0,5,10,6
S01011366,65 to 74,42,23,23,0,19,4,0,0,4,11
S01011366,75 to 84,36,13,13,0,23,1,1,1,0,20
S01011366,85 and over,7,1,1,0,6,0,0,0,0,6
S01011367,All HRPs,400,180,137,43,220,84,1,24,44,67
S01011367,24 and under,15,2,0,2,13,13,0,0,0,0
S01011367,25 to 34,54,26,5,21,28,23,0,3,2,0
S01011367,35 to 49,115,62,49,13,53,32,0,12,9,0
S01011367,50 to 64,96,49,44,5,47,10,0,8,22,7
S01011367,65 to 74,67,30,29,1,37,5,0,1,9,22
S01011367,75 to 84,38,10,9,1,28,1,0,0,2,25
S01011367,85 and over,15,1,1,0,14,0,1,0,0,13
S01011368,All HRPs,291,232,179,53,59,32,1,10,9,7
S01011368,24 and under,8,2,0,2,6,6,0,0,0,0
S01011368,25 to 34,83,66,40,26,17,14,1,2,0,0
S01011368,35 to 49,130,113,91,22,17,9,0,4,3,1
S01011368,50 to 64,59,43,40,3,16,2,0,4,6,4
S01011368,65 to 74,11,8,8,0,3,1,0,0,0,2
S01011368,75 to 84,0,0,0,0,0,0,0,0,0,0
S01011368,85 and over,0,0,0,0,0,0,0,0,0,0
S01011369,All HRPs,380,173,138,35,207,87,6,15,43,56
S01011369,24 and under,27,8,1,7,19,19,0,0,0,0
S01011369,25 to 34,53,26,14,12,27,24,1,0,2,0
S01011369,35 to 49,108,56,47,9,52,25,1,10,15,1
S01011369,50 to 64,78,41,37,4,37,9,2,2,19,5
S01011369,65 to 74,55,22,20,2,33,7,1,1,4,20
S01011369,75 to 84,51,18,17,1,33,1,1,2,3,26
S01011369,85 and over,8,2,2,0,6,2,0,0,0,4
S01011370,All HRPs,307,217,150,67,90,35,1,11,14,29
S01011370,24 and under,8,4,0,4,4,4,0,0,0,0
S01011370,25 to 34,86,73,42,31,13,10,1,0,2,0
S01011370,35 to 49,106,84,58,26,22,13,0,5,4,0
S01011370,50 to 64,52,34,29,5,18,5,0,4,6,3
S01011370,65 to 74,32,17,16,1,15,2,0,2,2,9
S01011370,75 to 84,18,3,3,0,15,1,0,0,0,14
S01011370,85 and over,5,2,2,0,3,0,0,0,0,3
S01011371,All HRPs,503,162,103,59,341,160,1,36,74,70
S01011371,24 and under,48,8,0,8,40,40,0,0,0,0
S01011371,25 to 34,92,34,11,23,58,47,1,7,2,1
S01011371,35 to 49,147,61,42,19,86,41,0,19,25,1
S01011371,50 to 64,105,33,24,9,72,19,0,8,30,15
S01011371,65 to 74,41,10,10,0,31,2,0,1,9,19
S01011371,75 to 84,58,15,15,0,43,9,0,1,7,26
S01011371,85 and over,12,1,1,0,11,2,0,0,1,8
S01011372,All HRPs,411,103,61,42,308,153,7,32,63,53
S01011372,24 and under,49,13,2,11,36,36,0,0,0,0
S01011372,25 to 34,90,25,7,18,65,59,2,1,3,0
S01011372,35 to 49,104,26,15,11,78,38,2,13,23,2
S01011372,50 to 64,66,15,13,2,51,13,1,14,21,2
S01011372,65 to 74,44,9,9,0,35,6,2,3,14,10
S01011372,75 to 84,47,14,14,0,33,1,0,1,2,29
S01011372,85 and over,11,1,1,0,10,0,0,0,0,10
S01011373,All HRPs,350,119,85,34,231,113,4,30,50,34
S01011373,24 and under,26,8,0,8,18,18,0,0,0,0
S01011373,25 to 34,69,21,9,12,48,43,2,2,1,0
S01011373,35 to 49,108,33,25,8,75,30,0,15,29,1
S01011373,50 to 64,76,35,30,5,41,14,2,11,13,1
S01011373,65 to 74,32,14,14,0,18,5,0,2,3,8
S01011373,75 to 84,33,7,7,0,26,2,0,0,4,20
S01011373,85 and over,6,1,0,1,5,1,0,0,0,4
S01011374,All HRPs,276,171,131,40,105,46,0,16,24,19
S01011374,24 and under,7,4,1,3,3,3,0,0,0,0
S01011374,25 to 34,59,39,23,16,20,17,0,1,2,0
S01011374,35 to 49,125,84,70,14,41,18,0,9,11,3
S01011374,50 to 64,57,35,28,7,22,3,0,6,8,5
S01011374,65 to 74,18,8,8,0,10,1,0,0,3,6
S01011374,75 to 84,6,1,1,0,5,2,0,0,0,3
S01011374,85 and over,4,0,0,0,4,2,0,0,0,2
S01011375,All HRPs,295,135,113,22,160,66,1,22,35,36
S01011375,24 and under,10,3,0,3,7,7,0,0,0,0
S01011375,25 to 34,51,20,12,8,31,24,0,4,3,0
S01011375,35 to 49,93,46,39,7,47,23,0,15,9,0
S01011375,50 to 64,67,37,34,3,30,8,1,2,14,5
S01011375,65 to 74,39,20,19,1,19,2,0,1,8,8
S01011375,75 to 84,26,7,7,0,19,1,0,0,1,17
S01011375,85 and over,9,2,2,0,7,1,0,0,0,6
S01011376,All HRPs,326,79,53,26,247,97,4,22,50,74
S01011376,24 and under,10,2,0,2,8,8,0,0,0,0
S01011376,25 to 34,51,20,2,18,31,30,0,1,0,0
S01011376,35 to 49,66,13,10,3,53,33,1,5,13,1
S01011376,50 to 64,75,17,15,2,58,16,2,10,23,7
S01011376,65 to 74,54,14,14,0,40,6,0,5,10,19
S01011376,75 to 84,46,10,9,1,36,3,1,1,3,28
S01011376,85 and over,24,3,3,0,21,1,0,0,1,19
S01011377,All HRPs,262,161,142,19,101,31,1,10,21,38
S01011377,24 and under,0,0,0,0,0,0,0,0,0,0
S01011377,25 to 34,26,20,11,9,6,5,0,1,0,0
S01011377,35 to 49,69,45,39,6,24,13,0,6,4,1
S01011377,50 to 64,90,60,56,4,30,5,1,3,16,5
S01011377,65 to 74,34,22,22,0,12,4,0,0,1,7
S01011377,75 to 84,27,9,9,0,18,3,0,0,0,15
S01011377,85 and over,16,5,5,0,11,1,0,0,0,10
S01011378,All HRPs,362,216,195,21,146,42,0,9,32,63
S01011378,24 and under,1,0,0,0,1,1,0,0,0,0
S01011378,25 to 34,33,19,12,7,14,11,0,2,1,0
S01011378,35 to 49,75,56,49,7,19,7,0,3,9,0
S01011378,50 to 64,87,58,54,4,29,9,0,1,14,5
S01011378,65 to 74,79,47,45,2,32,4,0,2,7,19
S01011378,75 to 84,69,32,31,1,37,8,0,1,1,27
S01011378,85 and over,18,4,4,0,14,2,0,0,0,12
S01011379,All HRPs,342,249,224,25,93,27,1,11,20,34
S01011379,24 and under,2,1,0,1,1,1,0,0,0,0
S01011379,25 to 34,28,17,11,6,11,11,0,0,0,0
S01011379,35 to 49,118,92,81,11,26,10,0,9,7,0
S01011379,50 to 64,124,97,91,6,27,4,1,1,11,10
S01011379,65 to 74,43,32,31,1,11,0,0,1,1,9
S01011379,75 to 84,20,7,7,0,13,1,0,0,1,11
S01011379,85 and over,7,3,3,0,4,0,0,0,0,4
S01011380,All HRPs,357,140,105,35,217,96,1,14,45,61
S01011380,24 and under,11,3,0,3,8,8,0,0,0,0
S01011380,25 to 34,41,16,7,9,25,25,0,0,0,0
S01011380,35 to 49,112,54,38,16,58,37,1,8,12,0
S01011380,50 to 64,92,34,29,5,58,17,0,6,26,9
S01011380,65 to 74,52,18,16,2,34,4,0,0,6,24
S01011380,75 to 84,41,13,13,0,28,3,0,0,1,24
S01011380,85 and over,8,2,2,0,6,2,0,0,0,4
S01011381,All HRPs,302,153,132,21,149,60,3,22,30,34
S01011381,24 and under,11,2,0,2,9,9,0,0,0,0
S01011381,25 to 34,45,18,13,5,27,26,0,1,0,0
S01011381,35 to 49,74,40,37,3,34,16,1,10,6,1
S01011381,50 to 64,90,56,46,10,34,5,0,5,19,5
S01011381,65 to 74,45,20,19,1,25,3,0,6,3,13
S01011381,75 to 84,32,16,16,0,16,0,2,0,2,12
S01011381,85 and over,5,1,1,0,4,1,0,0,0,3
S01011382,All HRPs,286,93,54,39,193,102,4,26,40,21
S01011382,24 and under,25,8,1,7,17,15,0,2,0,0
S01011382,25 to 34,72,30,11,19,42,38,2,2,0,0
S01011382,35 to 49,95,34,22,12,61,34,2,14,10,1
S01011382,50 to 64,56,16,15,1,40,8,0,6,22,4
S01011382,65 to 74,25,3,3,0,22,4,0,2,7,9
S01011382,75 to 84,12,2,2,0,10,3,0,0,1,6
S01011382,85 and over,1,0,0,0,1,0,0,0,0,1
S01011383,All HRPs,394,99,71,28,295,143,0,27,67,58
S01011383,24 and under,24,2,0,2,22,22,0,0,0,0
S01011383,25 to 34,63,15,4,11,48,43,0,5,0,0
S01011383,35 to 49,98,25,15,10,73,44,0,9,17,3
S01011383,50 to 64,111,33,28,5,78,21,0,11,32,14
S01011383,65 to 74,58,18,18,0,40,10,0,1,14,15
S01011383,75 to 84,36,6,6,0,30,3,0,1,4,22
S01011383,85 and over,4,0,0,0,4,0,0,0,0,4
S01011384,All HRPs,328,105,62,43,223,120,2,19,44,38
S01011384,24 and under,25,4,0,4,21,20,0,0,1,0
S01011384,25 to 34,65,30,8,22,35,30,1,3,1,0
S01011384,35 to 49,105,31,18,13,74,46,0,8,18,2
S01011384,50 to 64,89,28,24,4,61,15,1,6,21,18
S01011384,65 to 74,27,10,10,0,17,3,0,2,2,10
S01011384,75 to 84,15,1,1,0,14,5,0,0,1,8
S01011384,85 and over,2,1,1,0,1,1,0,0,0,0
S01011385,All HRPs,441,158,129,29,283,112,4,23,61,83
S01011385,24 and under,13,2,1,1,11,11,0,0,0,0
S01011385,25 to 34,60,22,12,10,38,34,1,3,0,0
S01011385,35 to 49,120,42,31,11,78,47,0,11,17,3
S01011385,50 to 64,129,61,56,5,68,14,2,5,27,20
S01011385,65 to 74,57,20,18,2,37,3,0,3,11,20
S01011385,75 to 84,46,9,9,0,37,2,1,1,6,27
S01011385,85 and over,16,2,2,0,14,1,0,0,0,13
S01011386,All HRPs,208,92,67,25,116,62,0,18,16,20
S01011386,24 and under,10,2,0,2,8,8,0,0,0,0
S01011386,25 to 34,38,17,4,13,21,19,0,1,1,0
S01011386,35 to 49,77,29,22,7,48,26,0,10,10,2
S01011386,50 to 64,56,30,27,3,26,8,0,6,5,7
S01011386,65 to 74,20,12,12,0,8,0,0,1,0,7
S01011386,75 to 84,6,2,2,0,4,1,0,0,0,3
S01011386,85 and over,1,0,0,0,1,0,0,0,0,1
S01011387,All HRPs,366,133,103,30,233,107,2,31,51,42
S01011387,24 and under,29,4,0,4,25,23,0,1,1,0
S01011387,25 to 34,54,19,11,8,35,33,0,1,1,0
S01011387,35 to 49,106,48,34,14,58,28,0,14,15,1
S01011387,50 to 64,95,39,36,3,56,16,0,11,24,5
S01011387,65 to 74,42,17,16,1,25,4,0,4,7,10
S01011387,75 to 84,29,6,6,0,23,2,0,0,3,18
S01011387,85 and over,11,0,0,0,11,1,2,0,0,8
S01011388,All HRPs,435,285,227,58,150,83,2,18,29,18
S01011388,24 and under,10,4,1,3,6,5,1,0,0,0
S01011388,25 to 34,112,75,48,27,37,35,0,2,0,0
S01011388,35 to 49,198,141,119,22,57,31,0,10,15,1
S01011388,50 to 64,74,49,43,6,25,10,1,4,7,3
S01011388,65 to 74,23,11,11,0,12,1,0,2,3,6
S01011388,75 to 84,15,5,5,0,10,0,0,0,3,7
S01011388,85 and over,3,0,0,0,3,1,0,0,1,1
S01011389,All HRPs,415,144,95,49,271,127,2,22,56,64
S01011389,24 and under,40,12,0,12,28,28,0,0,0,0
S01011389,25 to 34,84,27,6,21,57,54,0,2,1,0
S01011389,35 to 49,91,36,26,10,55,32,2,7,14,0
S01011389,50 to 64,94,45,39,6,49,11,0,10,23,5
S01011389,65 to 74,41,13,13,0,28,0,0,1,12,15
S01011389,75 to 84,42,9,9,0,33,2,0,2,6,23
S01011389,85 and over,23,2,2,0,21,0,0,0,0,21
S01011390,All HRPs,342,170,134,36,172,52,3,15,44,58
S01011390,24 and under,11,4,0,4,7,7,0,0,0,0
S01011390,25 to 34,31,14,3,11,17,14,0,3,0,0
S01011390,35 to 49,92,51,37,14,41,19,1,3,17,1
S01011390,50 to 64,103,62,57,5,41,7,0,6,17,11
S01011390,65 to 74,61,26,25,1,35,3,2,3,8,19
S01011390,75 to 84,30,12,11,1,18,2,0,0,2,14
S01011390,85 and over,14,1,1,0,13,0,0,0,0,13
S01011391,All HRPs,254,137,105,32,117,52,0,13,21,31
S01011391,24 and under,3,0,0,0,3,3,0,0,0,0
S01011391,25 to 34,39,18,5,13,21,20,0,1,0,0
S01011391,35 to 49,90,46,32,14,44,21,0,8,13,2
S01011391,50 to 64,67,47,43,4,20,8,0,3,7,2
S01011391,65 to 74,33,19,18,1,14,0,0,1,1,12
S01011391,75 to 84,20,7,7,0,13,0,0,0,0,13
S01011391,85 and over,2,0,0,0,2,0,0,0,0,2
S01011392,All HRPs,287,144,109,35,143,60,2,14,35,32
S01011392,24 and under,10,6,0,6,4,4,0,0,0,0
S01011392,25 to 34,46,24,14,10,22,18,0,3,1,0
S01011392,35 to 49,85,43,32,11,42,26,0,6,10,0
S01011392,50 to 64,89,44,37,7,45,10,2,5,21,7
S01011392,65 to 74,32,20,19,1,12,2,0,0,2,8
S01011392,75 to 84,17,7,7,0,10,0,0,0,1,9
S01011392,85 and over,8,0,0,0,8,0,0,0,0,8
S01011393,All HRPs,374,185,157,28,189,62,4,18,36,69
S01011393,24 and under,5,1,0,1,4,4,0,0,0,0
S01011393,25 to 34,41,20,8,12,21,20,0,1,0,0
S01011393,35 to 49,92,53,42,11,39,15,0,10,12,2
S01011393,50 to 64,104,61,58,3,43,12,3,6,18,4
S01011393,65 to 74,56,29,28,1,27,4,0,0,3,20
S01011393,75 to 84,67,20,20,0,47,7,1,1,3,35
S01011393,85 and over,9,1,1,0,8,0,0,0,0,8
S01011394,All HRPs,212,141,125,16,71,28,3,12,14,14
S01011394,24 and under,3,0,0,0,3,3,0,0,0,0
S01011394,25 to 34,19,14,13,1,5,3,2,0,0,0
S01011394,35 to 49,112,88,78,10,24,14,1,5,3,1
S01011394,50 to 64,43,35,31,4,8,2,0,1,5,0
S01011394,65 to 74,17,2,1,1,15,4,0,4,4,3
S01011394,75 to 84,12,1,1,0,11,2,0,2,2,5
S01011394,85 and over,6,1,1,0,5,0,0,0,0,5
S01011395,All HRPs,409,141,99,42,268,117,1,25,54,71
S01011395,24 and under,16,3,0,3,13,13,0,0,0,0
S01011395,25 to 34,46,13,1,12,33,29,1,2,1,0
S01011395,35 to 49,108,40,26,14,68,40,0,12,15,1
S01011395,50 to 64,132,55,45,10,77,25,0,6,34,12
S01011395,65 to 74,41,14,11,3,27,5,0,5,1,16
S01011395,75 to 84,45,11,11,0,34,2,0,0,2,30
S01011395,85 and over,21,5,5,0,16,3,0,0,1,12
S01011396,All HRPs,402,135,108,27,267,100,3,25,66,73
S01011396,24 and under,19,3,0,3,16,16,0,0,0,0
S01011396,25 to 34,52,20,9,11,32,29,0,1,2,0
S01011396,35 to 49,82,32,26,6,50,26,1,8,14,1
S01011396,50 to 64,106,48,43,5,58,9,0,9,34,6
S01011396,65 to 74,64,13,13,0,51,12,0,7,9,23
S01011396,75 to 84,64,16,14,2,48,8,2,0,6,32
S01011396,85 and over,15,3,3,0,12,0,0,0,1,11
S01011397,All HRPs,364,134,104,30,230,110,2,22,51,45
S01011397,24 and under,34,2,1,1,32,32,0,0,0,0
S01011397,25 to 34,57,22,9,13,35,26,0,6,3,0
S01011397,35 to 49,101,46,36,10,55,31,0,10,13,1
S01011397,50 to 64,70,36,31,5,34,8,0,2,19,5
S01011397,65 to 74,45,17,16,1,28,5,0,4,9,10
S01011397,75 to 84,44,11,11,0,33,4,2,0,7,20
S01011397,85 and over,13,0,0,0,13,4,0,0,0,9
S01011398,All HRPs,322,137,107,30,185,61,3,23,43,55
S01011398,24 and under,9,3,0,3,6,6,0,0,0,0
S01011398,25 to 34,49,24,11,13,25,17,1,4,3,0
S01011398,35 to 49,93,43,32,11,50,23,1,10,14,2
S01011398,50 to 64,91,44,43,1,47,9,0,8,19,11
S01011398,65 to 74,38,16,14,2,22,2,0,0,6,14
S01011398,75 to 84,33,7,7,0,26,3,1,1,1,20
S01011398,85 and over,9,0,0,0,9,1,0,0,0,8
S01011399,All HRPs,240,108,75,33,132,47,1,10,45,29
S01011399,24 and under,10,4,0,4,6,4,0,1,1,0
S01011399,25 to 34,39,19,5,14,20,19,0,0,1,0
S01011399,35 to 49,57,28,19,9,29,15,0,3,11,0
S01011399,50 to 64,77,34,29,5,43,7,1,6,23,6
S01011399,65 to 74,33,15,14,1,18,2,0,0,7,9
S01011399,75 to 84,22,7,7,0,15,0,0,0,2,13
S01011399,85 and over,2,1,1,0,1,0,0,0,0,1
S01011400,All HRPs,357,147,113,34,210,108,3,19,39,41
S01011400,24 and under,19,3,0,3,16,16,0,0,0,0
S01011400,25 to 34,89,38,18,20,51,49,0,1,1,0
S01011400,35 to 49,91,35,27,8,56,28,0,12,16,0
S01011400,50 to 64,85,47,44,3,38,7,1,5,18,7
S01011400,65 to 74,33,13,13,0,20,3,0,0,3,14
S01011400,75 to 84,31,10,10,0,21,5,1,0,1,14
S01011400,85 and over,9,1,1,0,8,0,1,1,0,6
S01011401,All HRPs,287,153,122,31,134,38,2,18,38,38
S01011401,24 and under,6,1,1,0,5,5,0,0,0,0
S01011401,25 to 34,21,14,8,6,7,6,0,0,1,0
S01011401,35 to 49,93,57,40,17,36,12,2,13,8,1
S01011401,50 to 64,76,45,39,6,31,7,0,4,17,3
S01011401,65 to 74,50,23,21,2,27,2,0,1,10,14
S01011401,75 to 84,29,8,8,0,21,4,0,0,2,15
S01011401,85 and over,12,5,5,0,7,2,0,0,0,5
S01011402,All HRPs,492,215,182,33,277,80,6,13,40,138
S01011402,24 and under,9,1,0,1,8,8,0,0,0,0
S01011402,25 to 34,38,21,8,13,17,14,1,0,2,0
S01011402,35 to 49,79,39,32,7,40,17,0,9,12,2
S01011402,50 to 64,112,68,58,10,44,12,1,4,17,10
S01011402,65 to 74,99,39,39,0,60,17,3,0,7,33
S01011402,75 to 84,105,37,36,1,68,6,1,0,2,59
S01011402,85 and over,50,10,9,1,40,6,0,0,0,34
S01011403,All HRPs,208,118,103,15,90,36,0,13,22,19
S01011403,24 and under,6,4,1,3,2,2,0,0,0,0
S01011403,25 to 34,24,10,7,3,14,10,0,1,3,0
S01011403,35 to 49,66,41,36,5,25,15,0,8,2,0
S01011403,50 to 64,75,47,43,4,28,7,0,4,15,2
S01011403,65 to 74,18,11,11,0,7,1,0,0,2,4
S01011403,75 to 84,16,5,5,0,11,1,0,0,0,10
S01011403,85 and over,3,0,0,0,3,0,0,0,0,3
S01011404,All HRPs,468,187,155,32,281,118,2,21,50,90
S01011404,24 and under,15,7,3,4,8,8,0,0,0,0
S01011404,25 to 34,49,20,7,13,29,27,0,2,0,0
S01011404,35 to 49,131,60,49,11,71,48,1,5,15,2
S01011404,50 to 64,122,53,51,2,69,17,0,12,22,18
S01011404,65 to 74,78,32,31,1,46,13,0,2,7,24
S01011404,75 to 84,55,12,11,1,43,5,1,0,5,32
S01011404,85 and over,18,3,3,0,15,0,0,0,1,14
S01011405,All HRPs,298,150,128,22,148,69,0,10,22,47
S01011405,24 and under,22,2,0,2,20,20,0,0,0,0
S01011405,25 to 34,38,15,12,3,23,22,0,0,1,0
S01011405,35 to 49,69,41,29,12,28,13,0,7,7,1
S01011405,50 to 64,68,44,39,5,24,8,0,3,9,4
S01011405,65 to 74,37,24,24,0,13,2,0,0,4,7
S01011405,75 to 84,52,22,22,0,30,3,0,0,1,26
S01011405,85 and over,12,2,2,0,10,1,0,0,0,9
S01011406,All HRPs,287,154,124,30,133,38,0,13,21,61
S01011406,24 and under,5,3,0,3,2,2,0,0,0,0
S01011406,25 to 34,26,14,4,10,12,8,0,2,2,0
S01011406,35 to 49,78,48,35,13,30,19,0,5,6,0
S01011406,50 to 64,75,51,47,4,24,6,0,2,10,6
S01011406,65 to 74,45,21,21,0,24,2,0,2,3,17
S01011406,75 to 84,42,14,14,0,28,1,0,2,0,25
S01011406,85 and over,16,3,3,0,13,0,0,0,0,13
S01011407,All HRPs,506,274,227,47,232,83,7,18,41,83
S01011407,24 and under,16,1,0,1,15,14,0,1,0,0
S01011407,25 to 34,58,33,21,12,25,21,0,3,1,0
S01011407,35 to 49,132,84,59,25,48,25,0,7,14,2
S01011407,50 to 64,139,92,84,8,47,16,3,5,17,6
S01011407,65 to 74,64,31,30,1,33,3,0,2,8,20
S01011407,75 to 84,79,28,28,0,51,4,4,0,1,42
S01011407,85 and over,18,5,5,0,13,0,0,0,0,13
S01011408,All HRPs,369,177,150,27,192,61,1,16,37,77
S01011408,24 and under,15,4,0,4,11,11,0,0,0,0
S01011408,25 to 34,45,24,13,11,21,18,0,1,2,0
S01011408,35 to 49,83,41,32,9,42,15,0,11,13,3
S01011408,50 to 64,115,64,62,2,51,16,1,4,20,10
S01011408,65 to 74,31,18,18,0,13,1,0,0,2,10
S01011408,75 to 84,60,18,18,0,42,0,0,0,0,42
S01011408,85 and over,20,8,7,1,12,0,0,0,0,12
S01011409,All HRPs,362,158,111,47,204,85,1,25,56,37
S01011409,24 and under,25,10,0,10,15,15,0,0,0,0
S01011409,25 to 34,61,26,12,14,35,30,0,3,2,0
S01011409,35 to 49,114,53,40,13,61,27,0,12,21,1
S01011409,50 to 64,96,48,39,9,48,12,1,4,27,4
S01011409,65 to 74,25,9,9,0,16,0,0,3,4,9
S01011409,75 to 84,41,12,11,1,29,1,0,3,2,23
S01011409,85 and over,0,0,0,0,0,0,0,0,0,0
S01011410,All HRPs,316,144,104,40,172,54,1,7,39,71
S01011410,24 and under,10,3,0,3,7,7,0,0,0,0
S01011410,25 to 34,48,28,3,25,20,16,0,3,1,0
S01011410,35 to 49,58,32,25,7,26,12,0,2,11,1
S01011410,50 to 64,91,48,44,4,43,9,0,2,20,12
S01011410,65 to 74,37,14,13,1,23,3,0,0,5,15
S01011410,75 to 84,62,19,19,0,43,4,0,0,2,37
S01011410,85 and over,10,0,0,0,10,3,1,0,0,6
S01011411,All HRPs,285,153,122,31,132,23,1,13,25,70
S01011411,24 and under,3,2,1,1,1,1,0,0,0,0
S01011411,25 to 34,30,22,10,12,8,6,0,2,0,0
S01011411,35 to 49,71,48,38,10,23,10,0,7,5,1
S01011411,50 to 64,74,50,42,8,24,3,0,1,13,7
S01011411,65 to 74,35,14,14,0,21,2,0,2,5,12
S01011411,75 to 84,57,14,14,0,43,1,1,1,2,38
S01011411,85 and over,15,3,3,0,12,0,0,0,0,12
S01011412,All HRPs,357,245,226,19,112,18,1,9,17,67
S01011412,24 and under,3,2,0,2,1,1,0,0,0,0
S01011412,25 to 34,12,10,8,2,2,2,0,0,0,0
S01011412,35 to 49,85,67,59,8,18,9,0,3,5,1
S01011412,50 to 64,120,95,91,4,25,3,1,5,6,10
S01011412,65 to 74,66,41,39,2,25,2,0,1,4,18
S01011412,75 to 84,59,28,27,1,31,1,0,0,2,28
S01011412,85 and over,12,2,2,0,10,0,0,0,0,10
S01011413,All HRPs,218,153,124,29,65,27,0,13,15,10
S01011413,24 and under,9,6,0,6,3,3,0,0,0,0
S01011413,25 to 34,33,22,12,10,11,10,0,0,1,0
S01011413,35 to 49,87,60,51,9,27,12,0,10,5,0
S01011413,50 to 64,64,48,45,3,16,2,0,2,9,3
S01011413,65 to 74,14,11,11,0,3,0,0,1,0,2
S01011413,75 to 84,9,5,5,0,4,0,0,0,0,4
S01011413,85 and over,2,1,0,1,1,0,0,0,0,1
S01011414,All HRPs,377,175,140,35,202,83,0,22,42,55
S01011414,24 and under,16,1,0,1,15,15,0,0,0,0
S01011414,25 to 34,57,22,11,11,35,31,0,3,1,0
S01011414,35 to 49,97,49,35,14,48,20,0,12,15,1
S01011414,50 to 64,102,57,50,7,45,10,0,6,19,10
S01011414,65 to 74,49,30,29,1,19,3,0,0,5,11
S01011414,75 to 84,34,12,12,0,22,4,0,1,2,15
S01011414,85 and over,22,4,3,1,18,0,0,0,0,18
S01011415,All HRPs,408,203,165,38,205,76,1,19,61,48
S01011415,24 and under,19,3,0,3,16,15,0,0,1,0
S01011415,25 to 34,48,27,13,14,21,18,0,1,2,0
S01011415,35 to 49,124,77,63,14,47,23,1,7,15,1
S01011415,50 to 64,113,60,56,4,53,10,0,9,26,8
S01011415,65 to 74,53,27,25,2,26,3,0,2,8,13
S01011415,75 to 84,38,6,5,1,32,4,0,0,8,20
S01011415,85 and over,13,3,3,0,10,3,0,0,1,6
S01011416,All HRPs,240,184,172,12,56,14,0,9,13,20
S01011416,24 and under,3,2,1,1,1,1,0,0,0,0
S01011416,25 to 34,23,15,10,5,8,7,0,0,1,0
S01011416,35 to 49,71,58,53,5,13,3,0,6,3,1
S01011416,50 to 64,98,77,76,1,21,1,0,3,8,9
S01011416,65 to 74,37,26,26,0,11,2,0,0,0,9
S01011416,75 to 84,8,6,6,0,2,0,0,0,1,1
S01011416,85 and over,0,0,0,0,0,0,0,0,0,0
S01011417,All HRPs,374,196,160,36,178,61,2,12,33,70
S01011417,24 and under,13,8,2,6,5,5,0,0,0,0
S01011417,25 to 34,44,23,9,14,21,20,0,1,0,0
S01011417,35 to 49,76,42,33,9,34,16,0,4,13,1
S01011417,50 to 64,97,66,59,7,31,8,0,5,11,7
S01011417,65 to 74,71,36,36,0,35,6,0,1,8,20
S01011417,75 to 84,54,18,18,0,36,5,1,1,1,28
S01011417,85 and over,19,3,3,0,16,1,1,0,0,14
S01011418,All HRPs,264,118,87,31,146,49,1,13,31,52
S01011418,24 and under,9,2,0,2,7,7,0,0,0,0
S01011418,25 to 34,30,19,5,14,11,8,0,2,1,0
S01011418,35 to 49,54,30,23,7,24,16,0,4,3,1
S01011418,50 to 64,87,37,29,8,50,11,0,6,18,15
S01011418,65 to 74,55,23,23,0,32,4,0,1,8,19
S01011418,75 to 84,26,5,5,0,21,3,1,0,1,16
S01011418,85 and over,3,2,2,0,1,0,0,0,0,1
S01011419,All HRPs,253,128,106,22,125,43,0,16,21,45
S01011419,24 and under,10,2,1,1,8,8,0,0,0,0
S01011419,25 to 34,19,10,4,6,9,9,0,0,0,0
S01011419,35 to 49,81,49,39,10,32,14,0,11,7,0
S01011419,50 to 64,68,40,38,2,28,9,0,4,9,6
S01011419,65 to 74,36,18,16,2,18,2,0,1,4,11
S01011419,75 to 84,35,9,8,1,26,0,0,0,1,25
S01011419,85 and over,4,0,0,0,4,1,0,0,0,3
S01011420,All HRPs,250,82,60,22,168,70,2,18,45,33
S01011420,24 and under,21,5,0,5,16,16,0,0,0,0
S01011420,25 to 34,39,13,5,8,26,22,0,1,3,0
S01011420,35 to 49,67,22,16,6,45,18,2,10,15,0
S01011420,50 to 64,65,25,22,3,40,11,0,4,18,7
S01011420,65 to 74,35,15,15,0,20,3,0,3,5,9
S01011420,75 to 84,19,2,2,0,17,0,0,0,4,13
S01011420,85 and over,4,0,0,0,4,0,0,0,0,4
S01011421,All HRPs,233,154,99,55,79,50,0,10,14,5
S01011421,24 and under,20,8,2,6,12,12,0,0,0,0
S01011421,25 to 34,71,49,22,27,22,18,0,3,1,0
S01011421,35 to 49,105,72,51,21,33,17,0,7,9,0
S01011421,50 to 64,25,17,17,0,8,2,0,0,3,3
S01011421,65 to 74,10,7,6,1,3,1,0,0,1,1
S01011421,75 to 84,2,1,1,0,1,0,0,0,0,1
S01011421,85 and over,0,0,0,0,0,0,0,0,0,0
S01011422,All HRPs,264,144,120,24,120,36,2,23,22,37
S01011422,24 and under,9,4,1,3,5,5,0,0,0,0
S01011422,25 to 34,29,17,9,8,12,6,0,4,2,0
S01011422,35 to 49,74,42,34,8,32,15,0,10,6,1
S01011422,50 to 64,80,49,45,4,31,7,0,7,8,9
S01011422,65 to 74,45,24,23,1,21,2,0,2,4,13
S01011422,75 to 84,24,7,7,0,17,1,2,0,2,12
S01011422,85 and over,3,1,1,0,2,0,0,0,0,2
S01011423,All HRPs,221,111,77,34,110,51,2,14,16,27
S01011423,24 and under,5,2,0,2,3,3,0,0,0,0
S01011423,25 to 34,42,23,7,16,19,17,1,1,0,0
S01011423,35 to 49,76,38,27,11,38,24,0,9,5,0
S01011423,50 to 64,50,26,21,5,24,3,1,4,7,9
S01011423,65 to 74,23,11,11,0,12,2,0,0,3,7
S01011423,75 to 84,21,10,10,0,11,2,0,0,1,8
S01011423,85 and over,4,1,1,0,3,0,0,0,0,3
S01011424,All HRPs,237,136,113,23,101,35,0,8,23,35
S01011424,24 and under,4,2,0,2,2,2,0,0,0,0
S01011424,25 to 34,28,21,12,9,7,4,0,3,0,0
S01011424,35 to 49,63,44,37,7,19,11,0,2,6,0
S01011424,50 to 64,69,39,36,3,30,9,0,1,13,7
S01011424,65 to 74,38,20,18,2,18,5,0,1,4,8
S01011424,75 to 84,23,7,7,0,16,4,0,0,0,12
S01011424,85 and over,12,3,3,0,9,0,0,1,0,8
S01011425,All HRPs,348,189,160,29,159,54,3,24,26,52
S01011425,24 and under,10,5,1,4,5,5,0,0,0,0
S01011425,25 to 34,45,19,8,11,26,20,1,4,1,0
S01011425,35 to 49,108,60,49,11,48,20,2,14,11,1
S01011425,50 to 64,93,59,56,3,34,2,0,5,12,15
S01011425,65 to 74,52,27,27,0,25,5,0,0,2,18
S01011425,75 to 84,35,18,18,0,17,2,0,1,0,14
S01011425,85 and over,5,1,1,0,4,0,0,0,0,4
S01011426,All HRPs,356,274,220,54,82,30,1,10,22,19
S01011426,24 and under,2,1,0,1,1,1,0,0,0,0
S01011426,25 to 34,71,58,37,21,13,11,0,1,1,0
S01011426,35 to 49,154,127,99,28,27,9,1,6,10,1
S01011426,50 to 64,71,53,49,4,18,4,0,3,9,2
S01011426,65 to 74,38,25,25,0,13,3,0,0,2,8
S01011426,75 to 84,18,10,10,0,8,2,0,0,0,6
S01011426,85 and over,2,0,0,0,2,0,0,0,0,2
S01011427,All HRPs,303,160,122,38,143,60,1,15,27,40
S01011427,24 and under,12,2,0,2,10,10,0,0,0,0
S01011427,25 to 34,41,23,7,16,18,13,0,4,1,0
S01011427,35 to 49,98,59,42,17,39,20,0,8,9,2
S01011427,50 to 64,76,46,44,2,30,9,0,1,15,5
S01011427,65 to 74,43,20,19,1,23,3,0,1,2,17
S01011427,75 to 84,27,10,10,0,17,4,1,1,0,11
S01011427,85 and over,6,0,0,0,6,1,0,0,0,5
S01011428,All HRPs,243,130,107,23,113,33,1,11,29,39
S01011428,24 and under,8,4,1,3,4,4,0,0,0,0
S01011428,25 to 34,32,17,8,9,15,11,0,2,2,0
S01011428,35 to 49,49,27,24,3,22,9,0,4,8,1
S01011428,50 to 64,77,50,46,4,27,4,0,3,14,6
S01011428,65 to 74,39,20,17,3,19,2,0,2,5,10
S01011428,75 to 84,29,12,11,1,17,2,0,0,0,15
S01011428,85 and over,9,0,0,0,9,1,1,0,0,7
S01011429,All HRPs,240,166,148,18,74,22,2,11,13,26
S01011429,24 and under,1,1,0,1,0,0,0,0,0,0
S01011429,25 to 34,22,14,8,6,8,7,0,1,0,0
S01011429,35 to 49,103,83,74,9,20,9,2,4,5,0
S01011429,50 to 64,73,49,47,2,24,3,0,6,7,8
S01011429,65 to 74,22,11,11,0,11,2,0,0,0,9
S01011429,75 to 84,16,8,8,0,8,1,0,0,1,6
S01011429,85 and over,3,0,0,0,3,0,0,0,0,3
S01011430,All HRPs,368,244,183,61,124,52,3,17,18,34
S01011430,24 and under,11,6,0,6,5,5,0,0,0,0
S01011430,25 to 34,66,44,12,32,22,18,1,1,1,1
S01011430,35 to 49,118,74,56,18,44,20,0,14,9,1
S01011430,50 to 64,101,80,75,5,21,7,0,2,6,6
S01011430,65 to 74,41,25,25,0,16,2,1,0,2,11
S01011430,75 to 84,26,13,13,0,13,0,1,0,0,12
S01011430,85 and over,5,2,2,0,3,0,0,0,0,3
S01011431,All HRPs,506,232,180,52,274,109,4,21,57,83
S01011431,24 and under,18,5,2,3,13,13,0,0,0,0
S01011431,25 to 34,59,29,9,20,30,27,0,2,1,0
S01011431,35 to 49,126,66,43,23,60,31,1,13,15,0
S01011431,50 to 64,131,73,69,4,58,20,1,3,25,9
S01011431,65 to 74,81,28,27,1,53,9,1,2,12,29
S01011431,75 to 84,68,27,26,1,41,6,1,1,4,29
S01011431,85 and over,23,4,4,0,19,3,0,0,0,16
S01011432,All HRPs,467,249,211,38,218,70,2,12,54,80
S01011432,24 and under,11,5,1,4,6,6,0,0,0,0
S01011432,25 to 34,60,28,10,18,32,29,0,3,0,0
S01011432,35 to 49,116,70,57,13,46,21,0,2,20,3
S01011432,50 to 64,143,80,78,2,63,8,0,6,29,20
S01011432,65 to 74,90,54,53,1,36,3,2,1,3,27
S01011432,75 to 84,36,10,10,0,26,2,0,0,2,22
S01011432,85 and over,11,2,2,0,9,1,0,0,0,8
S01011433,All HRPs,369,149,100,49,220,107,2,24,46,41
S01011433,24 and under,20,6,0,6,14,14,0,0,0,0
S01011433,25 to 34,76,27,6,21,49,40,0,5,3,1
S01011433,35 to 49,145,66,52,14,79,37,2,14,24,2
S01011433,50 to 64,68,31,25,6,37,8,0,4,16,9
S01011433,65 to 74,37,14,12,2,23,8,0,1,3,11
S01011433,75 to 84,19,4,4,0,15,0,0,0,0,15
S01011433,85 and over,4,1,1,0,3,0,0,0,0,3
S01011434,All HRPs,250,138,117,21,112,40,4,9,19,40
S01011434,24 and under,4,1,0,1,3,3,0,0,0,0
S01011434,25 to 34,27,15,7,8,12,11,0,1,0,0
S01011434,35 to 49,64,37,32,5,27,14,0,3,8,2
S01011434,50 to 64,72,50,46,4,22,5,1,5,8,3
S01011434,65 to 74,37,19,17,2,18,3,0,0,3,12
S01011434,75 to 84,35,13,12,1,22,3,2,0,0,17
S01011434,85 and over,11,3,3,0,8,1,1,0,0,6
S01011435,All HRPs,374,243,202,41,131,45,0,16,16,54
S01011435,24 and under,10,7,1,6,3,3,0,0,0,0
S01011435,25 to 34,47,23,13,10,24,22,0,2,0,0
S01011435,35 to 49,119,96,80,16,23,10,0,9,3,1
S01011435,50 to 64,111,82,73,9,29,4,0,2,11,12
S01011435,65 to 74,41,20,20,0,21,5,0,2,2,12
S01011435,75 to 84,36,14,14,0,22,1,0,1,0,20
S01011435,85 and over,10,1,1,0,9,0,0,0,0,9
S01011436,All HRPs,370,145,103,42,225,110,4,21,42,48
S01011436,24 and under,31,8,1,7,23,21,0,2,0,0
S01011436,25 to 34,61,31,12,19,30,28,1,0,1,0
S01011436,35 to 49,114,46,36,10,68,41,1,10,14,2
S01011436,50 to 64,81,30,27,3,51,16,1,4,20,10
S01011436,65 to 74,39,16,14,2,23,2,1,3,6,11
S01011436,75 to 84,37,13,12,1,24,2,0,2,0,20
S01011436,85 and over,7,1,1,0,6,0,0,0,1,5
S01011437,All HRPs,354,154,117,37,200,81,1,19,49,50
S01011437,24 and under,20,8,1,7,12,12,0,0,0,0
S01011437,25 to 34,57,23,7,16,34,31,0,1,2,0
S01011437,35 to 49,85,35,27,8,50,14,0,10,22,4
S01011437,50 to 64,101,55,50,5,46,16,0,5,17,8
S01011437,65 to 74,45,16,15,1,29,7,1,3,6,12
S01011437,75 to 84,38,14,14,0,24,1,0,0,2,21
S01011437,85 and over,8,3,3,0,5,0,0,0,0,5
S01011438,All HRPs,241,97,59,38,144,74,1,11,35,23
S01011438,24 and under,19,2,0,2,17,17,0,0,0,0
S01011438,25 to 34,46,21,4,17,25,23,0,0,2,0
S01011438,35 to 49,73,31,19,12,42,20,1,10,9,2
S01011438,50 to 64,59,26,21,5,33,6,0,1,20,6
S01011438,65 to 74,27,11,10,1,16,5,0,0,4,7
S01011438,75 to 84,14,4,3,1,10,3,0,0,0,7
S01011438,85 and over,3,2,2,0,1,0,0,0,0,1
S01011439,All HRPs,396,213,170,43,183,62,1,19,44,57
S01011439,24 and under,12,4,0,4,8,8,0,0,0,0
S01011439,25 to 34,49,25,15,10,24,19,0,3,1,1
S01011439,35 to 49,100,60,40,20,40,16,0,9,13,2
S01011439,50 to 64,119,76,70,6,43,11,0,6,23,3
S01011439,65 to 74,49,27,25,2,22,5,1,0,3,13
S01011439,75 to 84,46,17,16,1,29,2,0,1,1,25
S01011439,85 and over,21,4,4,0,17,1,0,0,3,13
S01011440,All HRPs,276,144,105,39,132,47,2,16,19,48
S01011440,24 and under,12,3,1,2,9,9,0,0,0,0
S01011440,25 to 34,34,23,7,16,11,10,1,0,0,0
S01011440,35 to 49,84,43,33,10,41,17,0,12,10,2
S01011440,50 to 64,71,47,40,7,24,4,0,4,6,10
S01011440,65 to 74,37,22,19,3,15,3,0,0,1,11
S01011440,75 to 84,30,6,5,1,24,4,0,0,2,18
S01011440,85 and over,8,0,0,0,8,0,1,0,0,7
S01011441,All HRPs,343,176,140,36,167,70,1,26,37,33
S01011441,24 and under,19,5,0,5,14,14,0,0,0,0
S01011441,25 to 34,41,25,14,11,16,14,0,2,0,0
S01011441,35 to 49,106,48,37,11,58,30,0,11,16,1
S01011441,50 to 64,97,65,56,9,32,4,0,11,13,4
S01011441,65 to 74,49,24,24,0,25,4,1,2,8,10
S01011441,75 to 84,20,7,7,0,13,3,0,0,0,10
S01011441,85 and over,11,2,2,0,9,1,0,0,0,8
S01011442,All HRPs,327,140,115,25,187,65,2,19,42,59
S01011442,24 and under,17,4,2,2,13,13,0,0,0,0
S01011442,25 to 34,37,21,11,10,16,13,0,1,2,0
S01011442,35 to 49,89,38,27,11,51,28,1,8,13,1
S01011442,50 to 64,84,39,37,2,45,7,0,9,20,9
S01011442,65 to 74,40,22,22,0,18,4,0,0,4,10
S01011442,75 to 84,54,16,16,0,38,0,1,1,3,33
S01011442,85 and over,6,0,0,0,6,0,0,0,0,6
S01011443,All HRPs,288,133,108,25,155,50,0,18,36,51
S01011443,24 and under,9,1,0,1,8,8,0,0,0,0
S01011443,25 to 34,21,12,6,6,9,7,0,1,1,0
S01011443,35 to 49,83,42,32,10,41,20,0,12,8,1
S01011443,50 to 64,79,48,41,7,31,4,0,2,16,9
S01011443,65 to 74,55,24,23,1,31,4,0,1,10,16
S01011443,75 to 84,31,6,6,0,25,5,0,2,1,17
S01011443,85 and over,10,0,0,0,10,2,0,0,0,8
S01011444,All HRPs,334,157,121,36,177,64,1,21,41,50
S01011444,24 and under,10,0,0,0,10,9,0,0,1,0
S01011444,25 to 34,47,20,10,10,27,24,0,2,1,0
S01011444,35 to 49,98,50,33,17,48,14,1,13,17,3
S01011444,50 to 64,89,48,40,8,41,10,0,5,17,9
S01011444,65 to 74,57,34,33,1,23,2,0,1,4,16
S01011444,75 to 84,23,4,4,0,19,3,0,0,1,15
S01011444,85 and over,10,1,1,0,9,2,0,0,0,7
S01011445,All HRPs,251,125,88,37,126,50,3,10,34,29
S01011445,24 and under,9,5,0,5,4,4,0,0,0,0
S01011445,25 to 34,43,24,11,13,19,17,1,1,0,0
S01011445,35 to 49,77,47,32,15,30,15,2,7,6,0
S01011445,50 to 64,66,27,24,3,39,6,0,2,24,7
S01011445,65 to 74,37,14,13,1,23,4,0,0,4,15
S01011445,75 to 84,11,6,6,0,5,2,0,0,0,3
S01011445,85 and over,8,2,2,0,6,2,0,0,0,4
S01011446,All HRPs,231,116,98,18,115,44,2,17,18,34
S01011446,24 and under,4,1,1,0,3,3,0,0,0,0
S01011446,25 to 34,26,13,4,9,13,12,0,1,0,0
S01011446,35 to 49,65,36,32,4,29,15,1,8,5,0
S01011446,50 to 64,68,43,38,5,25,3,1,6,8,7
S01011446,65 to 74,37,16,16,0,21,7,0,1,4,9
S01011446,75 to 84,22,5,5,0,17,3,0,1,0,13
S01011446,85 and over,9,2,2,0,7,1,0,0,1,5
S01011447,All HRPs,369,179,147,32,190,84,1,14,49,42
S01011447,24 and under,8,4,3,1,4,4,0,0,0,0
S01011447,25 to 34,60,24,13,11,36,34,0,2,0,0
S01011447,35 to 49,124,68,54,14,56,22,0,8,23,3
S01011447,50 to 64,113,62,56,6,51,16,1,4,20,10
S01011447,65 to 74,29,10,10,0,19,4,0,0,5,10
S01011447,75 to 84,26,9,9,0,17,4,0,0,1,12
S01011447,85 and over,9,2,2,0,7,0,0,0,0,7
S01011448,All HRPs,377,218,188,30,159,69,3,18,31,38
S01011448,24 and under,14,4,1,3,10,10,0,0,0,0
S01011448,25 to 34,49,22,11,11,27,25,0,0,1,1
S01011448,35 to 49,106,72,60,12,34,14,1,7,11,1
S01011448,50 to 64,120,79,75,4,41,11,1,9,14,6
S01011448,65 to 74,52,27,27,0,25,2,1,2,5,15
S01011448,75 to 84,28,12,12,0,16,4,0,0,0,12
S01011448,85 and over,8,2,2,0,6,3,0,0,0,3
S01011449,All HRPs,276,96,75,21,180,70,1,15,33,61
S01011449,24 and under,9,2,0,2,7,7,0,0,0,0
S01011449,25 to 34,42,16,5,11,26,22,0,3,1,0
S01011449,35 to 49,62,27,23,4,35,18,0,7,10,0
S01011449,50 to 64,73,30,28,2,43,12,1,5,14,11
S01011449,65 to 74,39,13,11,2,26,5,0,0,6,15
S01011449,75 to 84,38,6,6,0,32,4,0,0,2,26
S01011449,85 and over,13,2,2,0,11,2,0,0,0,9
S01011450,All HRPs,239,150,137,13,89,32,1,11,18,27
S01011450,24 and under,7,1,0,1,6,6,0,0,0,0
S01011450,25 to 34,22,15,8,7,7,6,0,1,0,0
S01011450,35 to 49,97,75,70,5,22,9,1,4,5,3
S01011450,50 to 64,59,35,35,0,24,2,0,6,10,6
S01011450,65 to 74,36,19,19,0,17,6,0,0,3,8
S01011450,75 to 84,17,5,5,0,12,3,0,0,0,9
S01011450,85 and over,1,0,0,0,1,0,0,0,0,1
S01011451,All HRPs,212,169,148,21,43,19,2,8,13,1
S01011451,24 and under,1,0,0,0,1,1,0,0,0,0
S01011451,25 to 34,18,13,8,5,5,5,0,0,0,0
S01011451,35 to 49,102,77,66,11,25,9,1,8,7,0
S01011451,50 to 64,75,66,61,5,9,2,1,0,6,0
S01011451,65 to 74,13,10,10,0,3,2,0,0,0,1
S01011451,75 to 84,3,3,3,0,0,0,0,0,0,0
S01011451,85 and over,0,0,0,0,0,0,0,0,0,0
S01011452,All HRPs,412,216,180,36,196,94,5,22,35,40
S01011452,24 and under,12,1,0,1,11,10,1,0,0,0
S01011452,25 to 34,70,28,15,13,42,38,1,3,0,0
S01011452,35 to 49,125,73,55,18,52,24,2,11,11,4
S01011452,50 to 64,137,88,84,4,49,16,1,6,19,7
S01011452,65 to 74,36,18,18,0,18,5,0,1,4,8
S01011452,75 to 84,29,8,8,0,21,1,0,1,0,19
S01011452,85 and over,3,0,0,0,3,0,0,0,1,2
S01011453,All HRPs,301,162,129,33,139,43,0,16,23,57
S01011453,24 and under,13,10,1,9,3,2,0,1,0,0
S01011453,25 to 34,29,15,11,4,14,14,0,0,0,0
S01011453,35 to 49,82,52,40,12,30,14,0,9,7,0
S01011453,50 to 64,78,47,42,5,31,10,0,4,11,6
S01011453,65 to 74,47,25,23,2,22,1,0,2,3,16
S01011453,75 to 84,38,13,12,1,25,2,0,0,2,21
S01011453,85 and over,14,0,0,0,14,0,0,0,0,14
S01011454,All HRPs,351,161,131,30,190,61,1,25,45,58
S01011454,24 and under,11,3,2,1,8,8,0,0,0,0
S01011454,25 to 34,41,23,15,8,18,14,0,4,0,0
S01011454,35 to 49,96,49,36,13,47,19,1,11,14,2
S01011454,50 to 64,94,53,46,7,41,12,0,6,18,5
S01011454,65 to 74,57,20,19,1,37,5,0,4,9,19
S01011454,75 to 84,40,10,10,0,30,2,0,0,4,24
S01011454,85 and over,12,3,3,0,9,1,0,0,0,8
S01011455,All HRPs,329,152,120,32,177,65,2,10,28,72
S01011455,24 and under,11,5,1,4,6,5,0,0,0,1
S01011455,25 to 34,27,9,4,5,18,17,0,0,0,1
S01011455,35 to 49,81,46,31,15,35,19,1,5,9,1
S01011455,50 to 64,111,62,56,6,49,11,0,5,12,21
S01011455,65 to 74,44,16,14,2,28,6,1,0,4,17
S01011455,75 to 84,45,14,14,0,31,4,0,0,3,24
S01011455,85 and over,10,0,0,0,10,3,0,0,0,7
S01011456,All HRPs,356,163,140,23,193,59,2,28,44,60
S01011456,24 and under,12,2,1,1,10,10,0,0,0,0
S01011456,25 to 34,34,19,10,9,15,10,0,4,1,0
S01011456,35 to 49,84,41,34,7,43,18,0,13,11,1
S01011456,50 to 64,130,64,58,6,66,16,0,7,25,18
S01011456,65 to 74,57,25,25,0,32,1,2,4,5,20
S01011456,75 to 84,29,12,12,0,17,2,0,0,2,13
S01011456,85 and over,10,0,0,0,10,2,0,0,0,8
S01011457,All HRPs,382,173,126,47,209,77,4,27,50,51
S01011457,24 and under,10,1,0,1,9,9,0,0,0,0
S01011457,25 to 34,53,28,9,19,25,24,0,1,0,0
S01011457,35 to 49,113,44,31,13,69,25,2,16,23,3
S01011457,50 to 64,131,72,59,13,59,15,1,5,25,13
S01011457,65 to 74,42,18,17,1,24,2,0,5,2,15
S01011457,75 to 84,29,10,10,0,19,2,1,0,0,16
S01011457,85 and over,4,0,0,0,4,0,0,0,0,4
S01011458,All HRPs,374,273,233,40,101,32,3,17,21,28
S01011458,24 and under,4,1,0,1,3,3,0,0,0,0
S01011458,25 to 34,41,32,15,17,9,8,0,1,0,0
S01011458,35 to 49,169,132,117,15,37,13,2,11,9,2
S01011458,50 to 64,123,96,91,5,27,5,0,5,8,9
S01011458,65 to 74,21,9,8,1,12,2,1,0,2,7
S01011458,75 to 84,13,3,2,1,10,0,0,0,2,8
S01011458,85 and over,3,0,0,0,3,1,0,0,0,2
S01011459,All HRPs,420,238,172,66,182,90,5,23,28,36
S01011459,24 and under,19,9,0,9,10,10,0,0,0,0
S01011459,25 to 34,101,63,40,23,38,32,0,4,2,0
S01011459,35 to 49,184,114,87,27,70,39,3,13,14,1
S01011459,50 to 64,66,38,33,5,28,5,2,4,10,7
S01011459,65 to 74,30,9,7,2,21,2,0,2,2,15
S01011459,75 to 84,15,4,4,0,11,2,0,0,0,9
S01011459,85 and over,5,1,1,0,4,0,0,0,0,4
S01011460,All HRPs,292,155,127,28,137,54,1,16,30,36
S01011460,24 and under,7,3,1,2,4,4,0,0,0,0
S01011460,25 to 34,52,30,20,10,22,18,0,4,0,0
S01011460,35 to 49,108,64,51,13,44,22,0,7,14,1
S01011460,50 to 64,71,44,41,3,27,4,1,5,11,6
S01011460,65 to 74,27,8,8,0,19,4,0,0,4,11
S01011460,75 to 84,22,5,5,0,17,2,0,0,1,14
S01011460,85 and over,5,1,1,0,4,0,0,0,0,4
S01011461,All HRPs,332,119,91,28,213,101,8,32,37,35
S01011461,24 and under,13,1,0,1,12,12,0,0,0,0
S01011461,25 to 34,67,21,9,12,46,38,5,3,0,0
S01011461,35 to 49,113,46,34,12,67,37,2,14,10,4
S01011461,50 to 64,93,38,35,3,55,12,1,12,23,7
S01011461,65 to 74,19,7,7,0,12,2,0,2,4,4
S01011461,75 to 84,23,6,6,0,17,0,0,1,0,16
S01011461,85 and over,4,0,0,0,4,0,0,0,0,4
S01011462,All HRPs,404,211,175,36,193,65,3,23,44,58
S01011462,24 and under,12,5,0,5,7,7,0,0,0,0
S01011462,25 to 34,48,22,9,13,26,25,0,1,0,0
S01011462,35 to 49,127,76,60,16,51,19,1,15,16,0
S01011462,50 to 64,106,67,66,1,39,9,0,6,20,4
S01011462,65 to 74,61,27,26,1,34,3,1,1,7,22
S01011462,75 to 84,42,13,13,0,29,2,1,0,1,25
S01011462,85 and over,8,1,1,0,7,0,0,0,0,7
S01011463,All HRPs,307,168,133,35,139,49,2,20,24,44
S01011463,24 and under,8,4,0,4,4,3,0,1,0,0
S01011463,25 to 34,50,30,13,17,20,13,0,6,1,0
S01011463,35 to 49,87,50,39,11,37,14,1,12,9,1
S01011463,50 to 64,82,55,52,3,27,7,1,1,10,8
S01011463,65 to 74,43,22,22,0,21,6,0,0,3,12
S01011463,75 to 84,26,5,5,0,21,4,0,0,1,16
S01011463,85 and over,11,2,2,0,9,2,0,0,0,7
S01011464,All HRPs,223,144,101,43,79,43,1,10,13,12
S01011464,24 and under,15,6,0,6,9,9,0,0,0,0
S01011464,25 to 34,71,46,26,20,25,23,0,2,0,0
S01011464,35 to 49,94,68,54,14,26,10,1,8,7,0
S01011464,50 to 64,33,21,18,3,12,0,0,0,6,6
S01011464,65 to 74,5,3,3,0,2,0,0,0,0,2
S01011464,75 to 84,4,0,0,0,4,1,0,0,0,3
S01011464,85 and over,1,0,0,0,1,0,0,0,0,1
S01011465,All HRPs,223,83,60,23,140,61,2,14,31,32
S01011465,24 and under,10,3,1,2,7,7,0,0,0,0
S01011465,25 to 34,28,6,3,3,22,20,0,0,0,2
S01011465,35 to 49,81,34,25,9,47,24,1,7,12,3
S01011465,50 to 64,57,28,22,6,29,5,1,6,11,6
S01011465,65 to 74,30,11,9,2,19,3,0,1,7,8
S01011465,75 to 84,16,1,0,1,15,2,0,0,1,12
S01011465,85 and over,1,0,0,0,1,0,0,0,0,1
S01011466,All HRPs,316,111,82,29,205,92,1,22,44,46
S01011466,24 and under,23,4,0,4,19,19,0,0,0,0
S01011466,25 to 34,44,21,7,14,23,17,0,4,2,0
S01011466,35 to 49,81,27,22,5,54,35,1,6,12,0
S01011466,50 to 64,88,35,30,5,53,14,0,11,19,9
S01011466,65 to 74,38,11,11,0,27,4,0,1,10,12
S01011466,75 to 84,35,12,11,1,23,3,0,0,1,19
S01011466,85 and over,7,1,1,0,6,0,0,0,0,6
S01011467,All HRPs,231,107,90,17,124,59,0,16,27,22
S01011467,24 and under,7,3,0,3,4,4,0,0,0,0
S01011467,25 to 34,28,11,6,5,17,17,0,0,0,0
S01011467,35 to 49,93,46,41,5,47,25,0,12,9,1
S01011467,50 to 64,65,35,31,4,30,7,0,3,14,6
S01011467,65 to 74,26,10,10,0,16,5,0,1,4,6
S01011467,75 to 84,9,2,2,0,7,1,0,0,0,6
S01011467,85 and over,3,0,0,0,3,0,0,0,0,3
S01011468,All HRPs,310,231,186,45,79,42,1,18,9,9
S01011468,24 and under,10,2,0,2,8,7,1,0,0,0
S01011468,25 to 34,85,65,42,23,20,16,0,3,0,1
S01011468,35 to 49,160,125,107,18,35,17,0,13,5,0
S01011468,50 to 64,46,35,33,2,11,2,0,2,4,3
S01011468,65 to 74,3,3,3,0,0,0,0,0,0,0
S01011468,75 to 84,4,0,0,0,4,0,0,0,0,4
S01011468,85 and over,2,1,1,0,1,0,0,0,0,1
S01011469,All HRPs,318,149,116,33,169,81,4,23,36,25
S01011469,24 and under,27,3,1,2,24,24,0,0,0,0
S01011469,25 to 34,52,21,7,14,31,21,1,7,2,0
S01011469,35 to 49,122,67,53,14,55,23,0,14,17,1
S01011469,50 to 64,74,36,34,2,38,11,3,2,15,7
S01011469,65 to 74,28,15,15,0,13,2,0,0,2,9
S01011469,75 to 84,13,7,6,1,6,0,0,0,0,6
S01011469,85 and over,2,0,0,0,2,0,0,0,0,2
S01011470,All HRPs,491,250,209,41,241,105,1,25,42,68
S01011470,24 and under,14,5,1,4,9,9,0,0,0,0
S01011470,25 to 34,60,27,15,12,33,30,0,3,0,0
S01011470,35 to 49,151,78,61,17,73,39,0,14,19,1
S01011470,50 to 64,123,77,71,6,46,10,0,7,19,10
S01011470,65 to 74,71,44,43,1,27,9,0,1,3,14
S01011470,75 to 84,53,16,15,1,37,6,1,0,1,29
S01011470,85 and over,19,3,3,0,16,2,0,0,0,14
S01011471,All HRPs,455,196,174,22,259,74,5,11,62,107
S01011471,24 and under,7,1,0,1,6,6,0,0,0,0
S01011471,25 to 34,42,16,10,6,26,21,0,1,4,0
S01011471,35 to 49,105,55,45,10,50,23,3,6,16,2
S01011471,50 to 64,112,68,63,5,44,8,1,3,23,9
S01011471,65 to 74,94,38,38,0,56,10,0,1,15,30
S01011471,75 to 84,60,15,15,0,45,4,0,0,3,38
S01011471,85 and over,35,3,3,0,32,2,1,0,1,28
S01011472,All HRPs,535,151,111,40,384,222,3,26,61,72
S01011472,24 and under,51,6,0,6,45,44,0,1,0,0
S01011472,25 to 34,95,24,8,16,71,68,0,1,2,0
S01011472,35 to 49,145,36,25,11,109,75,1,15,18,0
S01011472,50 to 64,102,39,35,4,63,20,1,6,22,14
S01011472,65 to 74,78,31,29,2,47,9,0,3,15,20
S01011472,75 to 84,44,12,11,1,32,6,0,0,3,23
S01011472,85 and over,20,3,3,0,17,0,1,0,1,15
S01011473,All HRPs,431,109,93,16,322,124,7,22,75,94
S01011473,24 and under,17,6,1,5,11,11,0,0,0,0
S01011473,25 to 34,32,6,3,3,26,24,0,2,0,0
S01011473,35 to 49,79,18,14,4,61,44,1,3,13,0
S01011473,50 to 64,108,34,30,4,74,19,1,9,39,6
S01011473,65 to 74,94,25,25,0,69,11,1,8,18,31
S01011473,75 to 84,74,18,18,0,56,12,3,0,4,37
S01011473,85 and over,27,2,2,0,25,3,1,0,1,20
S01011474,All HRPs,481,132,102,30,349,132,2,45,73,97
S01011474,24 and under,20,3,1,2,17,16,0,1,0,0
S01011474,25 to 34,77,24,12,12,53,50,1,1,1,0
S01011474,35 to 49,103,28,21,7,75,35,0,15,22,3
S01011474,50 to 64,99,26,22,4,73,18,1,19,27,8
S01011474,65 to 74,85,35,33,2,50,3,0,5,22,20
S01011474,75 to 84,57,12,9,3,45,8,0,4,1,32
S01011474,85 and over,40,4,4,0,36,2,0,0,0,34
S01011475,All HRPs,391,87,70,17,304,126,3,27,66,82
S01011475,24 and under,22,2,1,1,20,19,0,0,0,1
S01011475,25 to 34,49,13,5,8,36,28,0,6,2,0
S01011475,35 to 49,81,18,12,6,63,34,2,8,18,1
S01011475,50 to 64,86,22,20,2,64,18,1,9,30,6
S01011475,65 to 74,54,17,17,0,37,9,0,2,10,16
S01011475,75 to 84,71,12,12,0,59,13,0,2,4,40
S01011475,85 and over,28,3,3,0,25,5,0,0,2,18
S01011476,All HRPs,198,135,122,13,63,16,1,5,13,28
S01011476,24 and under,1,1,0,1,0,0,0,0,0,0
S01011476,25 to 34,12,11,5,6,1,1,0,0,0,0
S01011476,35 to 49,59,43,39,4,16,7,0,2,4,3
S01011476,50 to 64,68,52,50,2,16,4,0,3,7,2
S01011476,65 to 74,32,20,20,0,12,4,1,0,2,5
S01011476,75 to 84,20,8,8,0,12,0,0,0,0,12
S01011476,85 and over,6,0,0,0,6,0,0,0,0,6
S01011477,All HRPs,335,251,236,15,84,18,4,8,20,34
S01011477,24 and under,3,1,0,1,2,2,0,0,0,0
S01011477,25 to 34,15,11,9,2,4,4,0,0,0,0
S01011477,35 to 49,93,68,62,6,25,5,2,7,10,1
S01011477,50 to 64,124,100,97,3,24,6,1,1,7,9
S01011477,65 to 74,72,54,51,3,18,0,1,0,3,14
S01011477,75 to 84,23,16,16,0,7,1,0,0,0,6
S01011477,85 and over,5,1,1,0,4,0,0,0,0,4
S01011478,All HRPs,442,278,250,28,164,57,3,13,24,67
S01011478,24 and under,4,1,0,1,3,3,0,0,0,0
S01011478,25 to 34,46,23,14,9,23,23,0,0,0,0
S01011478,35 to 49,142,103,92,11,39,15,0,11,10,3
S01011478,50 to 64,137,102,96,6,35,9,1,1,14,10
S01011478,65 to 74,49,27,27,0,22,1,1,1,0,19
S01011478,75 to 84,50,20,19,1,30,4,1,0,0,25
S01011478,85 and over,14,2,2,0,12,2,0,0,0,10
S01011479,All HRPs,380,219,175,44,161,58,4,19,33,47
S01011479,24 and under,7,4,1,3,3,3,0,0,0,0
S01011479,25 to 34,47,20,6,14,27,22,1,2,2,0
S01011479,35 to 49,95,59,40,19,36,14,0,10,10,2
S01011479,50 to 64,116,77,71,6,39,10,2,5,17,5
S01011479,65 to 74,54,34,32,2,20,4,1,2,4,9
S01011479,75 to 84,42,23,23,0,19,1,0,0,0,18
S01011479,85 and over,19,2,2,0,17,4,0,0,0,13
S01011480,All HRPs,467,267,229,38,200,85,6,14,19,76
S01011480,24 and under,9,4,0,4,5,5,0,0,0,0
S01011480,25 to 34,57,27,9,18,30,29,1,0,0,0
S01011480,35 to 49,139,89,80,9,50,33,1,9,7,0
S01011480,50 to 64,116,87,81,6,29,9,2,3,8,7
S01011480,65 to 74,58,30,30,0,28,2,0,1,2,23
S01011480,75 to 84,62,24,24,0,38,4,0,1,2,31
S01011480,85 and over,26,6,5,1,20,3,2,0,0,15
S01011481,All HRPs,336,206,166,40,130,49,4,20,23,34
S01011481,24 and under,6,6,1,5,0,0,0,0,0,0
S01011481,25 to 34,67,40,24,16,27,22,1,4,0,0
S01011481,35 to 49,135,92,81,11,43,17,2,11,12,1
S01011481,50 to 64,61,40,35,5,21,3,0,3,9,6
S01011481,65 to 74,39,18,17,1,21,6,0,2,2,11
S01011481,75 to 84,18,8,6,2,10,0,1,0,0,9
S01011481,85 and over,10,2,2,0,8,1,0,0,0,7
S01011482,All HRPs,424,187,157,30,237,90,1,23,47,76
S01011482,24 and under,18,5,0,5,13,11,0,2,0,0
S01011482,25 to 34,70,30,19,11,40,34,0,6,0,0
S01011482,35 to 49,97,44,34,10,53,23,0,8,20,2
S01011482,50 to 64,88,53,49,4,35,8,0,7,15,5
S01011482,65 to 74,80,40,40,0,40,7,0,0,9,24
S01011482,75 to 84,52,14,14,0,38,6,1,0,2,29
S01011482,85 and over,19,1,1,0,18,1,0,0,1,16
S01011483,All HRPs,221,137,117,20,84,36,0,14,20,14
S01011483,24 and under,2,1,0,1,1,1,0,0,0,0
S01011483,25 to 34,30,15,11,4,15,11,0,2,2,0
S01011483,35 to 49,63,37,28,9,26,15,0,6,5,0
S01011483,50 to 64,85,59,53,6,26,7,0,4,9,6
S01011483,65 to 74,29,17,17,0,12,1,0,2,4,5
S01011483,75 to 84,11,8,8,0,3,1,0,0,0,2
S01011483,85 and over,1,0,0,0,1,0,0,0,0,1
S01011484,All HRPs,381,170,131,39,211,75,1,23,47,65
S01011484,24 and under,10,7,1,6,3,3,0,0,0,0
S01011484,25 to 34,39,19,10,9,20,16,0,1,3,0
S01011484,35 to 49,108,50,36,14,58,29,0,12,17,0
S01011484,50 to 64,120,64,55,9,56,16,1,8,20,11
S01011484,65 to 74,53,19,18,1,34,6,0,0,5,23
S01011484,75 to 84,35,9,9,0,26,3,0,2,1,20
S01011484,85 and over,16,2,2,0,14,2,0,0,1,11
S01011485,All HRPs,371,171,136,35,200,65,0,24,50,61
S01011485,24 and under,10,2,1,1,8,8,0,0,0,0
S01011485,25 to 34,36,14,4,10,22,18,0,2,2,0
S01011485,35 to 49,108,58,44,14,50,20,0,11,18,1
S01011485,50 to 64,113,58,49,9,55,6,0,8,22,19
S01011485,65 to 74,63,30,30,0,33,5,0,3,7,18
S01011485,75 to 84,31,8,7,1,23,5,0,0,1,17
S01011485,85 and over,10,1,1,0,9,3,0,0,0,6
S01011486,All HRPs,235,99,78,21,136,55,3,18,23,37
S01011486,24 and under,5,3,0,3,2,2,0,0,0,0
S01011486,25 to 34,27,6,4,2,21,18,1,2,0,0
S01011486,35 to 49,77,33,21,12,44,24,1,9,8,2
S01011486,50 to 64,55,32,28,4,23,5,1,4,9,4
S01011486,65 to 74,30,16,16,0,14,2,0,2,5,5
S01011486,75 to 84,27,6,6,0,21,3,0,1,1,16
S01011486,85 and over,14,3,3,0,11,1,0,0,0,10
S01011487,All HRPs,429,190,141,49,239,106,3,31,58,41
S01011487,24 and under,13,5,0,5,8,8,0,0,0,0
S01011487,25 to 34,89,36,21,15,53,45,0,5,3,0
S01011487,35 to 49,160,74,53,21,86,36,2,19,28,1
S01011487,50 to 64,92,48,41,7,44,13,1,7,14,9
S01011487,65 to 74,53,23,22,1,30,2,0,0,13,15
S01011487,75 to 84,16,4,4,0,12,2,0,0,0,10
S01011487,85 and over,6,0,0,0,6,0,0,0,0,6
S01011488,All HRPs,284,132,105,27,152,65,3,9,33,42
S01011488,24 and under,11,4,1,3,7,7,0,0,0,0
S01011488,25 to 34,50,27,14,13,23,21,0,0,2,0
S01011488,35 to 49,83,34,25,9,49,26,1,6,13,3
S01011488,50 to 64,58,32,30,2,26,5,1,3,13,4
S01011488,65 to 74,53,24,24,0,29,5,1,0,4,19
S01011488,75 to 84,23,10,10,0,13,1,0,0,1,11
S01011488,85 and over,6,1,1,0,5,0,0,0,0,5
S01011489,All HRPs,260,171,144,27,89,43,4,12,20,10
S01011489,24 and under,3,0,0,0,3,3,0,0,0,0
S01011489,25 to 34,49,29,21,8,20,13,1,4,2,0
S01011489,35 to 49,144,104,90,14,40,20,3,5,9,3
S01011489,50 to 64,57,36,32,4,21,6,0,3,9,3
S01011489,65 to 74,5,1,1,0,4,1,0,0,0,3
S01011489,75 to 84,1,1,0,1,0,0,0,0,0,0
S01011489,85 and over,1,0,0,0,1,0,0,0,0,1
S01011490,All HRPs,473,219,160,59,254,120,0,21,53,60
S01011490,24 and under,15,6,2,4,9,9,0,0,0,0
S01011490,25 to 34,79,41,14,27,38,35,0,1,2,0
S01011490,35 to 49,142,74,54,20,68,40,0,11,12,5
S01011490,50 to 64,132,59,53,6,73,28,0,5,29,11
S01011490,65 to 74,57,28,27,1,29,6,0,4,5,14
S01011490,75 to 84,29,10,9,1,19,2,0,0,4,13
S01011490,85 and over,19,1,1,0,18,0,0,0,1,17
S01011491,All HRPs,262,87,65,22,175,75,1,16,44,39
S01011491,24 and under,13,3,0,3,10,10,0,0,0,0
S01011491,25 to 34,34,11,5,6,23,21,1,1,0,0
S01011491,35 to 49,78,30,22,8,48,28,0,3,17,0
S01011491,50 to 64,76,27,22,5,49,11,0,10,20,8
S01011491,65 to 74,37,11,11,0,26,4,0,2,7,13
S01011491,75 to 84,20,5,5,0,15,1,0,0,0,14
S01011491,85 and over,4,0,0,0,4,0,0,0,0,4
S01011492,All HRPs,395,125,64,61,270,131,7,24,81,27
S01011492,24 and under,30,13,0,13,17,17,0,0,0,0
S01011492,25 to 34,135,46,21,25,89,69,1,3,16,0
S01011492,35 to 49,106,30,15,15,76,36,4,17,19,0
S01011492,50 to 64,70,28,21,7,42,2,2,4,32,2
S01011492,65 to 74,26,7,6,1,19,3,0,0,9,7
S01011492,75 to 84,16,1,1,0,15,2,0,0,5,8
S01011492,85 and over,12,0,0,0,12,2,0,0,0,10
S01011493,All HRPs,170,145,130,15,25,8,0,8,5,4
S01011493,24 and under,1,1,0,1,0,0,0,0,0,0
S01011493,25 to 34,22,19,15,4,3,3,0,0,0,0
S01011493,35 to 49,86,70,62,8,16,5,0,7,4,0
S01011493,50 to 64,52,48,46,2,4,0,0,1,1,2
S01011493,65 to 74,7,5,5,0,2,0,0,0,0,2
S01011493,75 to 84,1,1,1,0,0,0,0,0,0,0
S01011493,85 and over,1,1,1,0,0,0,0,0,0,0
S01011494,All HRPs,332,184,145,39,148,34,9,10,27,68
S01011494,24 and under,3,1,0,1,2,2,0,0,0,0
S01011494,25 to 34,35,27,11,16,8,6,2,0,0,0
S01011494,35 to 49,93,60,47,13,33,17,1,7,6,2
S01011494,50 to 64,88,57,51,6,31,4,2,2,16,7
S01011494,65 to 74,57,25,22,3,32,3,3,1,3,22
S01011494,75 to 84,33,6,6,0,27,1,0,0,2,24
S01011494,85 and over,23,8,8,0,15,1,1,0,0,13
S01011495,All HRPs,369,152,125,27,217,71,3,27,43,73
S01011495,24 and under,12,1,1,0,11,10,0,1,0,0
S01011495,25 to 34,51,22,15,7,29,23,1,1,4,0
S01011495,35 to 49,108,42,30,12,66,28,2,18,15,3
S01011495,50 to 64,93,53,47,6,40,7,0,5,17,11
S01011495,65 to 74,56,24,23,1,32,1,0,2,5,24
S01011495,75 to 84,38,9,8,1,29,2,0,0,2,25
S01011495,85 and over,11,1,1,0,10,0,0,0,0,10
S01011496,All HRPs,308,99,66,33,209,109,1,24,41,34
S01011496,24 and under,19,3,2,1,16,16,0,0,0,0
S01011496,25 to 34,67,24,13,11,43,38,0,3,2,0
S01011496,35 to 49,117,42,24,18,75,46,0,15,13,1
S01011496,50 to 64,64,23,20,3,41,8,0,5,20,8
S01011496,65 to 74,21,5,5,0,16,0,0,1,5,10
S01011496,75 to 84,15,2,2,0,13,1,0,0,1,11
S01011496,85 and over,5,0,0,0,5,0,1,0,0,4
S01011497,All HRPs,256,155,117,38,101,58,1,10,19,13
S01011497,24 and under,13,3,1,2,10,10,0,0,0,0
S01011497,25 to 34,59,31,13,18,28,25,1,2,0,0
S01011497,35 to 49,96,67,49,18,29,17,0,6,4,2
S01011497,50 to 64,64,41,41,0,23,5,0,2,12,4
S01011497,65 to 74,16,11,11,0,5,0,0,0,3,2
S01011497,75 to 84,6,2,2,0,4,0,0,0,0,4
S01011497,85 and over,2,0,0,0,2,1,0,0,0,1
S01011498,All HRPs,230,173,144,29,57,21,0,12,14,10
S01011498,24 and under,1,1,0,1,0,0,0,0,0,0
S01011498,25 to 34,35,21,8,13,14,11,0,3,0,0
S01011498,35 to 49,114,93,79,14,21,6,0,6,9,0
S01011498,50 to 64,62,47,46,1,15,3,0,3,5,4
S01011498,65 to 74,13,10,10,0,3,1,0,0,0,2
S01011498,75 to 84,3,1,1,0,2,0,0,0,0,2
S01011498,85 and over,2,0,0,0,2,0,0,0,0,2
S01011499,All HRPs,370,182,145,37,188,83,3,18,44,40
S01011499,24 and under,19,1,0,1,18,17,1,0,0,0
S01011499,25 to 34,69,36,18,18,33,28,0,4,1,0
S01011499,35 to 49,98,54,39,15,44,18,2,11,13,0
S01011499,50 to 64,112,64,62,2,48,12,0,3,21,12
S01011499,65 to 74,31,14,13,1,17,2,0,0,7,8
S01011499,75 to 84,32,12,12,0,20,3,0,0,2,15
S01011499,85 and over,9,1,1,0,8,3,0,0,0,5
S01011500,All HRPs,219,126,110,16,93,37,2,12,18,24
S01011500,24 and under,6,0,0,0,6,6,0,0,0,0
S01011500,25 to 34,31,14,6,8,17,13,0,3,1,0
S01011500,35 to 49,59,40,35,5,19,11,0,4,4,0
S01011500,50 to 64,66,45,43,2,21,4,1,4,8,4
S01011500,65 to 74,30,20,20,0,10,0,0,0,3,7
S01011500,75 to 84,21,7,6,1,14,2,0,1,1,10
S01011500,85 and over,6,0,0,0,6,1,1,0,1,3
S01011501,All HRPs,325,115,89,26,210,86,0,21,54,49
S01011501,24 and under,18,4,1,3,14,14,0,0,0,0
S01011501,25 to 34,44,12,2,10,32,27,0,3,2,0
S01011501,35 to 49,93,33,23,10,60,32,0,9,19,0
S01011501,50 to 64,89,40,38,2,49,10,0,6,21,12
S01011501,65 to 74,47,17,16,1,30,2,0,2,10,16
S01011501,75 to 84,27,8,8,0,19,1,0,1,1,16
S01011501,85 and over,7,1,1,0,6,0,0,0,1,5
S01011502,All HRPs,305,189,138,51,116,40,3,12,19,42
S01011502,24 and under,9,7,1,6,2,2,0,0,0,0
S01011502,25 to 34,49,34,11,23,15,13,0,2,0,0
S01011502,35 to 49,74,46,30,16,28,17,0,6,5,0
S01011502,50 to 64,89,60,54,6,29,5,1,4,10,9
S01011502,65 to 74,51,31,31,0,20,1,0,0,3,16
S01011502,75 to 84,27,11,11,0,16,2,1,0,1,12
S01011502,85 and over,6,0,0,0,6,0,1,0,0,5
S01011503,All HRPs,253,139,118,21,114,39,0,21,18,36
S01011503,24 and under,3,0,0,0,3,3,0,0,0,0
S01011503,25 to 34,30,14,6,8,16,14,0,2,0,0
S01011503,35 to 49,81,52,45,7,29,13,0,11,5,0
S01011503,50 to 64,73,43,39,4,30,7,0,6,11,6
S01011503,65 to 74,42,24,23,1,18,1,0,2,1,14
S01011503,75 to 84,12,3,3,0,9,0,0,0,0,9
S01011503,85 and over,12,3,2,1,9,1,0,0,1,7
S01011504,All HRPs,237,125,106,19,112,37,1,9,26,39
S01011504,24 and under,3,0,0,0,3,3,0,0,0,0
S01011504,25 to 34,15,9,6,3,6,4,0,2,0,0
S01011504,35 to 49,72,49,37,12,23,12,0,4,5,2
S01011504,50 to 64,71,41,37,4,30,8,0,2,11,9
S01011504,65 to 74,38,15,15,0,23,4,0,1,10,8
S01011504,75 to 84,31,11,11,0,20,4,1,0,0,15
S01011504,85 and over,7,0,0,0,7,2,0,0,0,5
S01011505,All HRPs,322,126,88,38,196,94,2,25,43,32
S01011505,24 and under,22,6,1,5,16,16,0,0,0,0
S01011505,25 to 34,52,19,7,12,33,31,0,2,0,0
S01011505,35 to 49,122,55,41,14,67,28,1,13,25,0
S01011505,50 to 64,71,32,25,7,39,11,1,9,14,4
S01011505,65 to 74,27,10,10,0,17,5,0,0,2,10
S01011505,75 to 84,18,3,3,0,15,2,0,1,2,10
S01011505,85 and over,10,1,1,0,9,1,0,0,0,8
S01011506,All HRPs,237,124,105,19,113,28,4,14,19,48
S01011506,24 and under,3,0,0,0,3,3,0,0,0,0
S01011506,25 to 34,21,14,7,7,7,5,0,2,0,0
S01011506,35 to 49,49,30,22,8,19,7,3,3,5,1
S01011506,50 to 64,68,41,37,4,27,7,0,8,9,3
S01011506,65 to 74,38,20,20,0,18,2,0,0,5,11
S01011506,75 to 84,49,16,16,0,33,4,1,1,0,27
S01011506,85 and over,9,3,3,0,6,0,0,0,0,6
S01011507,All HRPs,293,125,99,26,168,61,2,14,38,53
S01011507,24 and under,5,0,0,0,5,5,0,0,0,0
S01011507,25 to 34,26,14,4,10,12,11,0,0,1,0
S01011507,35 to 49,81,40,28,12,41,23,0,9,8,1
S01011507,50 to 64,92,47,43,4,45,12,1,5,23,4
S01011507,65 to 74,47,18,18,0,29,4,0,0,6,19
S01011507,75 to 84,29,5,5,0,24,4,0,0,0,20
S01011507,85 and over,13,1,1,0,12,2,1,0,0,9
S01011508,All HRPs,468,211,156,55,257,156,3,34,36,28
S01011508,24 and under,35,9,2,7,26,26,0,0,0,0
S01011508,25 to 34,102,43,17,26,59,54,0,4,1,0
S01011508,35 to 49,175,83,68,15,92,60,1,23,7,1
S01011508,50 to 64,104,54,47,7,50,12,2,5,22,9
S01011508,65 to 74,29,16,16,0,13,1,0,2,4,6
S01011508,75 to 84,19,6,6,0,13,2,0,0,2,9
S01011508,85 and over,4,0,0,0,4,1,0,0,0,3
S01011509,All HRPs,247,138,113,25,109,39,1,17,21,31
S01011509,24 and under,13,2,0,2,11,11,0,0,0,0
S01011509,25 to 34,22,12,4,8,10,9,0,1,0,0
S01011509,35 to 49,58,37,27,10,21,7,1,10,3,0
S01011509,50 to 64,99,63,59,4,36,8,0,6,16,6
S01011509,65 to 74,30,17,16,1,13,3,0,0,2,8
S01011509,75 to 84,20,5,5,0,15,1,0,0,0,14
S01011509,85 and over,5,2,2,0,3,0,0,0,0,3
S01011510,All HRPs,435,199,162,37,236,109,1,25,52,49
S01011510,24 and under,18,1,0,1,17,17,0,0,0,0
S01011510,25 to 34,59,25,10,15,34,29,0,0,4,1
S01011510,35 to 49,160,83,66,17,77,42,0,16,15,4
S01011510,50 to 64,100,53,49,4,47,14,0,7,21,5
S01011510,65 to 74,48,22,22,0,26,4,0,1,7,14
S01011510,75 to 84,43,14,14,0,29,2,1,1,5,20
S01011510,85 and over,7,1,1,0,6,1,0,0,0,5
S01011511,All HRPs,255,107,72,35,148,56,1,15,39,37
S01011511,24 and under,14,3,0,3,11,11,0,0,0,0
S01011511,25 to 34,46,18,6,12,28,20,0,4,4,0
S01011511,35 to 49,67,30,15,15,37,15,0,5,17,0
S01011511,50 to 64,60,31,27,4,29,4,0,6,13,6
S01011511,65 to 74,35,16,16,0,19,3,0,0,4,12
S01011511,75 to 84,20,5,5,0,15,1,1,0,1,12
S01011511,85 and over,13,4,3,1,9,2,0,0,0,7
S01011512,All HRPs,482,142,98,44,340,179,2,29,79,51
S01011512,24 and under,57,13,2,11,44,43,0,1,0,0
S01011512,25 to 34,91,28,14,14,63,55,0,3,5,0
S01011512,35 to 49,153,48,34,14,105,64,0,14,26,1
S01011512,50 to 64,109,38,33,5,71,14,1,6,36,14
S01011512,65 to 74,50,13,13,0,37,2,0,4,8,23
S01011512,75 to 84,19,1,1,0,18,1,1,1,4,11
S01011512,85 and over,3,1,1,0,2,0,0,0,0,2
S01011513,All HRPs,358,127,101,26,231,103,3,22,57,46
S01011513,24 and under,22,3,0,3,19,19,0,0,0,0
S01011513,25 to 34,60,22,10,12,38,34,0,3,1,0
S01011513,35 to 49,98,35,27,8,63,32,2,10,19,0
S01011513,50 to 64,108,51,48,3,57,10,0,9,27,11
S01011513,65 to 74,39,11,11,0,28,2,0,0,10,16
S01011513,75 to 84,24,4,4,0,20,6,1,0,0,13
S01011513,85 and over,7,1,1,0,6,0,0,0,0,6
S01011514,All HRPs,337,173,139,34,164,55,0,20,38,51
S01011514,24 and under,6,2,0,2,4,4,0,0,0,0
S01011514,25 to 34,43,24,11,13,19,15,0,3,1,0
S01011514,35 to 49,97,56,43,13,41,15,0,11,13,2
S01011514,50 to 64,114,66,60,6,48,15,0,6,16,11
S01011514,65 to 74,41,17,17,0,24,3,0,0,7,14
S01011514,75 to 84,25,7,7,0,18,2,0,0,1,15
S01011514,85 and over,11,1,1,0,10,1,0,0,0,9
S01011515,All HRPs,280,122,85,37,158,89,1,17,31,20
S01011515,24 and under,17,8,2,6,9,9,0,0,0,0
S01011515,25 to 34,51,16,7,9,35,33,0,0,2,0
S01011515,35 to 49,100,47,31,16,53,32,0,10,11,0
S01011515,50 to 64,78,38,32,6,40,11,1,7,15,6
S01011515,65 to 74,22,8,8,0,14,4,0,0,3,7
S01011515,75 to 84,11,4,4,0,7,0,0,0,0,7
S01011515,85 and over,1,1,1,0,0,0,0,0,0,0
S01011516,All HRPs,358,248,200,48,110,57,2,14,20,17
S01011516,24 and under,7,1,1,0,6,6,0,0,0,0
S01011516,25 to 34,56,38,19,19,18,17,0,1,0,0
S01011516,35 to 49,150,99,77,22,51,28,2,7,11,3
S01011516,50 to 64,112,89,83,6,23,5,0,5,9,4
S01011516,65 to 74,24,19,18,1,5,0,0,1,0,4
S01011516,75 to 84,6,2,2,0,4,1,0,0,0,3
S01011516,85 and over,3,0,0,0,3,0,0,0,0,3
S01011517,All HRPs,225,127,106,21,98,22,2,16,21,37
S01011517,24 and under,3,1,1,0,2,2,0,0,0,0
S01011517,25 to 34,17,15,8,7,2,1,0,1,0,0
S01011517,35 to 49,58,41,31,10,17,5,1,7,3,1
S01011517,50 to 64,73,42,38,4,31,9,0,7,12,3
S01011517,65 to 74,35,19,19,0,16,3,0,1,5,7
S01011517,75 to 84,27,8,8,0,19,2,1,0,1,15
S01011517,85 and over,12,1,1,0,11,0,0,0,0,11
S01011518,All HRPs,302,132,108,24,170,41,1,19,42,67
S01011518,24 and under,3,1,0,1,2,2,0,0,0,0
S01011518,25 to 34,26,15,5,10,11,9,0,1,1,0
S01011518,35 to 49,69,33,25,8,36,11,0,14,11,0
S01011518,50 to 64,82,46,42,4,36,10,0,4,13,9
S01011518,65 to 74,67,25,24,1,42,6,1,0,12,23
S01011518,75 to 84,42,10,10,0,32,3,0,0,5,24
S01011518,85 and over,13,2,2,0,11,0,0,0,0,11
S01011519,All HRPs,310,178,141,37,132,44,1,17,28,42
S01011519,24 and under,4,1,0,1,3,3,0,0,0,0
S01011519,25 to 34,31,20,6,14,11,9,0,2,0,0
S01011519,35 to 49,84,54,38,16,30,16,0,6,8,0
S01011519,50 to 64,103,71,65,6,32,10,1,6,11,4
S01011519,65 to 74,48,26,26,0,22,3,0,2,7,10
S01011519,75 to 84,23,4,4,0,19,3,0,1,2,13
S01011519,85 and over,17,2,2,0,15,0,0,0,0,15
S01011520,All HRPs,273,103,61,42,170,76,3,16,25,50
S01011520,24 and under,7,1,0,1,6,6,0,0,0,0
S01011520,25 to 34,34,17,6,11,17,17,0,0,0,0
S01011520,35 to 49,84,41,19,22,43,23,1,10,9,0
S01011520,50 to 64,70,27,20,7,43,14,0,6,14,9
S01011520,65 to 74,36,12,11,1,24,15,1,0,1,7
S01011520,75 to 84,26,4,4,0,22,0,0,0,1,21
S01011520,85 and over,16,1,1,0,15,1,1,0,0,13
S01011521,All HRPs,441,172,117,55,269,127,3,27,52,60
S01011521,24 and under,22,13,1,12,9,9,0,0,0,0
S01011521,25 to 34,97,32,15,17,65,57,0,3,2,3
S01011521,35 to 49,123,53,34,19,70,36,1,17,16,0
S01011521,50 to 64,115,49,42,7,66,18,0,6,27,15
S01011521,65 to 74,40,15,15,0,25,4,0,1,4,16
S01011521,75 to 84,34,10,10,0,24,1,0,0,3,20
S01011521,85 and over,10,0,0,0,10,2,2,0,0,6
S01011522,All HRPs,463,159,124,35,304,112,2,35,83,72
S01011522,24 and under,10,1,0,1,9,9,0,0,0,0
S01011522,25 to 34,64,27,14,13,37,33,0,1,3,0
S01011522,35 to 49,133,55,44,11,78,31,1,17,27,2
S01011522,50 to 64,135,48,42,6,87,24,0,13,37,13
S01011522,65 to 74,65,19,16,3,46,8,0,4,10,24
S01011522,75 to 84,35,8,8,0,27,4,0,0,6,17
S01011522,85 and over,21,1,0,1,20,3,1,0,0,16
S01011523,All HRPs,340,154,105,49,186,95,0,22,35,34
S01011523,24 and under,10,3,0,3,7,7,0,0,0,0
S01011523,25 to 34,69,23,7,16,46,40,0,4,2,0
S01011523,35 to 49,114,58,40,18,56,30,0,12,13,1
S01011523,50 to 64,91,47,38,9,44,14,0,4,15,11
S01011523,65 to 74,36,16,13,3,20,3,0,2,3,12
S01011523,75 to 84,15,7,7,0,8,1,0,0,1,6
S01011523,85 and over,5,0,0,0,5,0,0,0,1,4
S01011524,All HRPs,396,230,190,40,166,70,3,22,35,36
S01011524,24 and under,9,2,0,2,7,7,0,0,0,0
S01011524,25 to 34,38,23,13,10,15,13,0,2,0,0
S01011524,35 to 49,131,81,64,17,50,29,1,12,8,0
S01011524,50 to 64,142,91,83,8,51,10,0,8,21,12
S01011524,65 to 74,42,20,18,2,22,6,1,0,4,11
S01011524,75 to 84,25,12,11,1,13,2,1,0,2,8
S01011524,85 and over,9,1,1,0,8,3,0,0,0,5
S01011525,All HRPs,348,226,197,29,122,41,2,21,27,31
S01011525,24 and under,7,0,0,0,7,7,0,0,0,0
S01011525,25 to 34,36,22,12,10,14,13,0,0,1,0
S01011525,35 to 49,121,89,78,11,32,11,2,14,5,0
S01011525,50 to 64,125,90,83,7,35,5,0,6,15,9
S01011525,65 to 74,35,19,19,0,16,2,0,1,6,7
S01011525,75 to 84,19,6,5,1,13,1,0,0,0,12
S01011525,85 and over,5,0,0,0,5,2,0,0,0,3
S01011526,All HRPs,422,228,200,28,194,67,2,28,46,51
S01011526,24 and under,17,2,0,2,15,15,0,0,0,0
S01011526,25 to 34,44,20,12,8,24,19,0,4,1,0
S01011526,35 to 49,129,77,63,14,52,23,0,15,14,0
S01011526,50 to 64,127,76,72,4,51,9,1,8,22,11
S01011526,65 to 74,78,47,47,0,31,0,1,1,8,21
S01011526,75 to 84,24,6,6,0,18,1,0,0,1,16
S01011526,85 and over,3,0,0,0,3,0,0,0,0,3
S01011527,All HRPs,290,196,183,13,94,19,3,12,21,39
S01011527,24 and under,1,0,0,0,1,1,0,0,0,0
S01011527,25 to 34,17,9,7,2,8,8,0,0,0,0
S01011527,35 to 49,70,48,42,6,22,5,1,2,12,2
S01011527,50 to 64,97,75,71,4,22,2,2,9,6,3
S01011527,65 to 74,67,47,46,1,20,3,0,1,2,14
S01011527,75 to 84,28,14,14,0,14,0,0,0,1,13
S01011527,85 and over,10,3,3,0,7,0,0,0,0,7
S01011528,All HRPs,495,206,164,42,289,122,7,18,68,74
S01011528,24 and under,22,6,1,5,16,16,0,0,0,0
S01011528,25 to 34,72,30,17,13,42,36,4,1,1,0
S01011528,35 to 49,123,51,34,17,72,41,0,12,16,3
S01011528,50 to 64,127,58,52,6,69,21,0,2,39,7
S01011528,65 to 74,63,32,31,1,31,3,0,3,8,17
S01011528,75 to 84,59,22,22,0,37,5,2,0,3,27
S01011528,85 and over,29,7,7,0,22,0,1,0,1,20
S01011529,All HRPs,291,83,55,28,208,92,2,18,45,51
S01011529,24 and under,20,7,0,7,13,12,0,1,0,0
S01011529,25 to 34,53,16,7,9,37,35,0,1,1,0
S01011529,35 to 49,68,17,10,7,51,26,1,12,12,0
S01011529,50 to 64,69,27,23,4,42,9,1,3,25,4
S01011529,65 to 74,29,8,7,1,21,6,0,0,4,11
S01011529,75 to 84,43,6,6,0,37,2,0,1,3,31
S01011529,85 and over,9,2,2,0,7,2,0,0,0,5
S01011530,All HRPs,468,192,146,46,276,108,3,26,60,79
S01011530,24 and under,25,3,0,3,22,20,0,1,1,0
S01011530,25 to 34,63,31,9,22,32,29,0,2,1,0
S01011530,35 to 49,119,54,41,13,65,39,0,11,14,1
S01011530,50 to 64,134,65,57,8,69,15,2,8,33,11
S01011530,65 to 74,58,21,21,0,37,4,0,4,6,23
S01011530,75 to 84,58,18,18,0,40,0,1,0,5,34
S01011530,85 and over,11,0,0,0,11,1,0,0,0,10
S01011531,All HRPs,473,276,223,53,197,63,2,24,29,79
S01011531,24 and under,9,2,0,2,7,7,0,0,0,0
S01011531,25 to 34,77,58,31,27,19,18,0,0,1,0
S01011531,35 to 49,122,79,62,17,43,15,1,16,10,1
S01011531,50 to 64,122,78,71,7,44,15,1,5,13,10
S01011531,65 to 74,57,33,33,0,24,3,0,3,4,14
S01011531,75 to 84,64,25,25,0,39,3,0,0,1,35
S01011531,85 and over,22,1,1,0,21,2,0,0,0,19
S01011532,All HRPs,237,161,131,30,76,36,0,12,19,9
S01011532,24 and under,8,5,1,4,3,3,0,0,0,0
S01011532,25 to 34,36,18,10,8,18,16,0,2,0,0
S01011532,35 to 49,114,90,75,15,24,9,0,7,8,0
S01011532,50 to 64,58,35,32,3,23,5,0,3,11,4
S01011532,65 to 74,15,10,10,0,5,1,0,0,0,4
S01011532,75 to 84,6,3,3,0,3,2,0,0,0,1
S01011532,85 and over,0,0,0,0,0,0,0,0,0,0
S01011533,All HRPs,315,103,73,30,212,81,2,20,60,49
S01011533,24 and under,19,6,0,6,13,13,0,0,0,0
S01011533,25 to 34,39,16,6,10,23,18,1,2,2,0
S01011533,35 to 49,90,30,23,7,60,37,0,6,17,0
S01011533,50 to 64,93,39,34,5,54,5,0,10,27,12
S01011533,65 to 74,37,9,8,1,28,3,0,2,11,12
S01011533,75 to 84,33,3,2,1,30,5,1,0,3,21
S01011533,85 and over,4,0,0,0,4,0,0,0,0,4
S01011534,All HRPs,341,158,129,29,183,73,5,16,36,53
S01011534,24 and under,10,1,0,1,9,9,0,0,0,0
S01011534,25 to 34,46,22,13,9,24,17,2,2,3,0
S01011534,35 to 49,109,62,50,12,47,27,2,9,8,1
S01011534,50 to 64,85,43,36,7,42,12,0,3,16,11
S01011534,65 to 74,52,24,24,0,28,4,0,2,7,15
S01011534,75 to 84,29,6,6,0,23,4,1,0,1,17
S01011534,85 and over,10,0,0,0,10,0,0,0,1,9
S01011535,All HRPs,467,124,86,38,343,172,2,34,56,79
S01011535,24 and under,28,2,0,2,26,26,0,0,0,0
S01011535,25 to 34,88,23,3,20,65,62,0,1,2,0
S01011535,35 to 49,143,37,24,13,106,56,0,22,26,2
S01011535,50 to 64,76,25,23,2,51,17,0,7,18,9
S01011535,65 to 74,68,26,25,1,42,9,2,4,6,21
S01011535,75 to 84,48,9,9,0,39,2,0,0,4,33
S01011535,85 and over,16,2,2,0,14,0,0,0,0,14
S01011536,All HRPs,269,180,161,19,89,31,1,8,23,26
S01011536,24 and under,2,0,0,0,2,2,0,0,0,0
S01011536,25 to 34,29,15,9,6,14,14,0,0,0,0
S01011536,35 to 49,66,48,40,8,18,8,0,5,3,2
S01011536,50 to 64,123,92,89,3,31,5,1,2,16,7
S01011536,65 to 74,36,22,20,2,14,1,0,1,3,9
S01011536,75 to 84,11,3,3,0,8,1,0,0,1,6
S01011536,85 and over,2,0,0,0,2,0,0,0,0,2
S01011537,All HRPs,252,132,96,36,120,61,1,11,29,18
S01011537,24 and under,11,2,0,2,9,9,0,0,0,0
S01011537,25 to 34,50,32,14,18,18,16,0,1,1,0
S01011537,35 to 49,105,56,46,10,49,26,1,5,14,3
S01011537,50 to 64,58,31,25,6,27,8,0,5,11,3
S01011537,65 to 74,20,10,10,0,10,2,0,0,3,5
S01011537,75 to 84,7,1,1,0,6,0,0,0,0,6
S01011537,85 and over,1,0,0,0,1,0,0,0,0,1
S01011538,All HRPs,259,185,160,25,74,20,1,11,18,24
S01011538,24 and under,7,0,0,0,7,7,0,0,0,0
S01011538,25 to 34,24,19,11,8,5,3,0,1,1,0
S01011538,35 to 49,69,56,47,9,13,7,0,3,3,0
S01011538,50 to 64,100,75,69,6,25,1,0,6,12,6
S01011538,65 to 74,39,24,22,2,15,1,0,1,1,12
S01011538,75 to 84,19,10,10,0,9,1,1,0,1,6
S01011538,85 and over,1,1,1,0,0,0,0,0,0,0
S01011539,All HRPs,312,143,110,33,169,57,0,20,32,60
S01011539,24 and under,11,2,0,2,9,9,0,0,0,0
S01011539,25 to 34,38,24,11,13,14,13,0,1,0,0
S01011539,35 to 49,79,37,25,12,42,17,0,11,12,2
S01011539,50 to 64,90,48,42,6,42,7,0,6,15,14
S01011539,65 to 74,52,23,23,0,29,3,0,1,5,20
S01011539,75 to 84,33,7,7,0,26,6,0,1,0,19
S01011539,85 and over,9,2,2,0,7,2,0,0,0,5
S01011540,All HRPs,431,233,193,40,198,67,3,25,47,56
S01011540,24 and under,6,3,0,3,3,3,0,0,0,0
S01011540,25 to 34,51,30,21,9,21,19,0,2,0,0
S01011540,35 to 49,136,76,61,15,60,27,2,13,16,2
S01011540,50 to 64,121,75,64,11,46,11,0,7,20,8
S01011540,65 to 74,70,29,29,0,41,6,1,3,10,21
S01011540,75 to 84,35,18,16,2,17,1,0,0,1,15
S01011540,85 and over,12,2,2,0,10,0,0,0,0,10
S01011541,All HRPs,382,177,120,57,205,88,0,27,54,36
S01011541,24 and under,17,6,0,6,11,11,0,0,0,0
S01011541,25 to 34,62,29,9,20,33,27,0,4,2,0
S01011541,35 to 49,141,69,48,21,72,35,0,16,21,0
S01011541,50 to 64,99,50,41,9,49,10,0,5,23,11
S01011541,65 to 74,32,13,12,1,19,3,0,2,5,9
S01011541,75 to 84,25,7,7,0,18,2,0,0,2,14
S01011541,85 and over,6,3,3,0,3,0,0,0,1,2
S01011542,All HRPs,374,203,166,37,171,57,1,26,42,45
S01011542,24 and under,7,3,0,3,4,4,0,0,0,0
S01011542,25 to 34,47,26,15,11,21,17,0,3,1,0
S01011542,35 to 49,134,73,56,17,61,28,0,12,20,1
S01011542,50 to 64,104,64,58,6,40,6,0,10,14,10
S01011542,65 to 74,52,29,29,0,23,1,0,0,4,18
S01011542,75 to 84,22,7,7,0,15,1,0,1,3,10
S01011542,85 and over,8,1,1,0,7,0,1,0,0,6
S01011543,All HRPs,325,151,104,47,174,81,1,21,34,37
S01011543,24 and under,12,5,0,5,7,7,0,0,0,0
S01011543,25 to 34,55,20,8,12,35,33,0,2,0,0
S01011543,35 to 49,116,61,39,22,55,30,0,15,9,1
S01011543,50 to 64,94,48,42,6,46,9,1,2,23,11
S01011543,65 to 74,32,14,13,1,18,2,0,2,2,12
S01011543,75 to 84,14,3,2,1,11,0,0,0,0,11
S01011543,85 and over,2,0,0,0,2,0,0,0,0,2
S01011544,All HRPs,295,142,125,17,153,62,0,10,30,51
S01011544,24 and under,13,2,0,2,11,11,0,0,0,0
S01011544,25 to 34,34,14,7,7,20,18,0,1,1,0
S01011544,35 to 49,65,41,38,3,24,12,0,3,9,0
S01011544,50 to 64,99,59,54,5,40,10,0,5,17,8
S01011544,65 to 74,53,20,20,0,33,8,0,0,3,22
S01011544,75 to 84,20,5,5,0,15,2,0,1,0,12
S01011544,85 and over,11,1,1,0,10,1,0,0,0,9
S01011545,All HRPs,252,119,94,25,133,40,2,12,22,57
S01011545,24 and under,7,3,0,3,4,3,0,0,1,0
S01011545,25 to 34,33,20,9,11,13,10,1,1,1,0
S01011545,35 to 49,49,27,23,4,22,15,0,3,1,3
S01011545,50 to 64,70,41,35,6,29,6,0,6,11,6
S01011545,65 to 74,60,23,22,1,37,3,0,1,7,26
S01011545,75 to 84,24,5,5,0,19,1,1,1,1,15
S01011545,85 and over,9,0,0,0,9,2,0,0,0,7
S01011546,All HRPs,236,184,170,14,52,24,3,10,11,4
S01011546,24 and under,3,1,0,1,2,2,0,0,0,0
S01011546,25 to 34,22,14,10,4,8,8,0,0,0,0
S01011546,35 to 49,128,97,94,3,31,12,3,7,7,2
S01011546,50 to 64,74,65,59,6,9,2,0,2,4,1
S01011546,65 to 74,6,5,5,0,1,0,0,1,0,0
S01011546,75 to 84,2,2,2,0,0,0,0,0,0,0
S01011546,85 and over,1,0,0,0,1,0,0,0,0,1
S01011547,All HRPs,216,147,117,30,69,33,1,13,16,6
S01011547,24 and under,5,2,0,2,3,3,0,0,0,0
S01011547,25 to 34,39,24,12,12,15,13,0,1,1,0
S01011547,35 to 49,113,84,73,11,29,11,0,7,10,1
S01011547,50 to 64,48,29,24,5,19,6,1,5,4,3
S01011547,65 to 74,9,7,7,0,2,0,0,0,1,1
S01011547,75 to 84,2,1,1,0,1,0,0,0,0,1
S01011547,85 and over,0,0,0,0,0,0,0,0,0,0
S01011548,All HRPs,331,173,146,27,158,46,0,15,37,60
S01011548,24 and under,2,0,0,0,2,2,0,0,0,0
S01011548,25 to 34,46,31,15,16,15,14,0,1,0,0
S01011548,35 to 49,88,55,48,7,33,13,0,9,11,0
S01011548,50 to 64,76,42,39,3,34,5,0,3,22,4
S01011548,65 to 74,63,29,28,1,34,5,0,2,4,23
S01011548,75 to 84,49,15,15,0,34,6,0,0,0,28
S01011548,85 and over,7,1,1,0,6,1,0,0,0,5
S01011549,All HRPs,318,228,208,20,90,23,1,6,25,35
S01011549,24 and under,0,0,0,0,0,0,0,0,0,0
S01011549,25 to 34,29,20,12,8,9,8,0,0,1,0
S01011549,35 to 49,66,54,50,4,12,2,0,3,7,0
S01011549,50 to 64,132,96,90,6,36,9,1,2,14,10
S01011549,65 to 74,55,40,38,2,15,2,0,1,2,10
S01011549,75 to 84,28,15,15,0,13,1,0,0,1,11
S01011549,85 and over,8,3,3,0,5,1,0,0,0,4
S01011550,All HRPs,277,210,198,12,67,16,1,4,14,32
S01011550,24 and under,4,0,0,0,4,4,0,0,0,0
S01011550,25 to 34,13,9,6,3,4,3,1,0,0,0
S01011550,35 to 49,61,50,47,3,11,6,0,2,3,0
S01011550,50 to 64,130,107,102,5,23,2,0,2,9,10
S01011550,65 to 74,42,27,26,1,15,0,0,0,2,13
S01011550,75 to 84,18,15,15,0,3,1,0,0,0,2
S01011550,85 and over,9,2,2,0,7,0,0,0,0,7
S01011551,All HRPs,227,130,112,18,97,38,2,7,23,27
S01011551,24 and under,3,1,1,0,2,1,0,0,1,0
S01011551,25 to 34,22,8,2,6,14,12,0,1,1,0
S01011551,35 to 49,70,44,35,9,26,11,0,2,12,1
S01011551,50 to 64,72,46,43,3,26,6,0,4,7,9
S01011551,65 to 74,28,17,17,0,11,1,0,0,1,9
S01011551,75 to 84,27,12,12,0,15,6,2,0,1,6
S01011551,85 and over,5,2,2,0,3,1,0,0,0,2
S01011552,All HRPs,269,183,166,17,86,24,2,11,25,24
S01011552,24 and under,1,0,0,0,1,1,0,0,0,0
S01011552,25 to 34,20,11,6,5,9,8,0,1,0,0
S01011552,35 to 49,87,61,54,7,26,11,2,5,7,1
S01011552,50 to 64,107,78,76,2,29,3,0,5,16,5
S01011552,65 to 74,31,19,16,3,12,1,0,0,2,9
S01011552,75 to 84,17,11,11,0,6,0,0,0,0,6
S01011552,85 and over,6,3,3,0,3,0,0,0,0,3
S01011553,All HRPs,267,212,193,19,55,17,2,13,14,9
S01011553,24 and under,3,1,0,1,2,2,0,0,0,0
S01011553,25 to 34,29,21,19,2,8,4,0,2,1,1
S01011553,35 to 49,148,122,110,12,26,9,1,7,7,2
S01011553,50 to 64,79,63,60,3,16,2,1,3,6,4
S01011553,65 to 74,7,4,4,0,3,0,0,1,0,2
S01011553,75 to 84,1,1,0,1,0,0,0,0,0,0
S01011553,85 and over,0,0,0,0,0,0,0,0,0,0
S01011554,All HRPs,372,194,160,34,178,49,2,10,32,85
S01011554,24 and under,8,1,0,1,7,7,0,0,0,0
S01011554,25 to 34,30,15,5,10,15,14,0,1,0,0
S01011554,35 to 49,95,60,50,10,35,16,0,6,11,2
S01011554,50 to 64,103,68,62,6,35,8,0,3,16,8
S01011554,65 to 74,92,38,32,6,54,3,1,0,4,46
S01011554,75 to 84,32,11,10,1,21,1,1,0,1,18
S01011554,85 and over,12,1,1,0,11,0,0,0,0,11
S01011555,All HRPs,236,105,77,28,131,44,2,15,38,32
S01011555,24 and under,12,4,2,2,8,8,0,0,0,0
S01011555,25 to 34,42,19,9,10,23,19,0,4,0,0
S01011555,35 to 49,87,42,31,11,45,9,1,7,24,4
S01011555,50 to 64,51,27,23,4,24,4,0,4,9,7
S01011555,65 to 74,26,10,9,1,16,2,1,0,2,11
S01011555,75 to 84,14,3,3,0,11,2,0,0,3,6
S01011555,85 and over,4,0,0,0,4,0,0,0,0,4
S01011556,All HRPs,251,78,52,26,173,89,2,14,38,30
S01011556,24 and under,12,2,0,2,10,10,0,0,0,0
S01011556,25 to 34,43,16,7,9,27,25,0,2,0,0
S01011556,35 to 49,79,27,18,9,52,34,0,8,10,0
S01011556,50 to 64,66,22,16,6,44,14,0,3,20,7
S01011556,65 to 74,32,7,7,0,25,4,1,1,6,13
S01011556,75 to 84,15,2,2,0,13,2,1,0,2,8
S01011556,85 and over,4,2,2,0,2,0,0,0,0,2
S01011557,All HRPs,303,157,127,30,146,67,1,14,21,43
S01011557,24 and under,6,2,0,2,4,4,0,0,0,0
S01011557,25 to 34,49,24,9,15,25,23,0,2,0,0
S01011557,35 to 49,94,52,42,10,42,25,1,7,7,2
S01011557,50 to 64,88,56,54,2,32,10,0,5,10,7
S01011557,65 to 74,28,15,14,1,13,2,0,0,2,9
S01011557,75 to 84,25,7,7,0,18,3,0,0,1,14
S01011557,85 and over,13,1,1,0,12,0,0,0,1,11
S01011558,All HRPs,242,122,102,20,120,58,0,13,21,28
S01011558,24 and under,5,3,0,3,2,2,0,0,0,0
S01011558,25 to 34,33,16,9,7,17,15,0,1,1,0
S01011558,35 to 49,85,42,37,5,43,30,0,6,6,1
S01011558,50 to 64,75,39,34,5,36,10,0,6,13,7
S01011558,65 to 74,22,13,13,0,9,0,0,0,1,8
S01011558,75 to 84,14,6,6,0,8,0,0,0,0,8
S01011558,85 and over,8,3,3,0,5,1,0,0,0,4
S01011559,All HRPs,246,125,99,26,121,58,3,14,22,24
S01011559,24 and under,4,0,0,0,4,4,0,0,0,0
S01011559,25 to 34,40,16,7,9,24,21,0,3,0,0
S01011559,35 to 49,71,34,23,11,37,22,1,8,5,1
S01011559,50 to 64,82,50,45,5,32,6,1,3,16,6
S01011559,65 to 74,33,20,19,1,13,4,1,0,0,8
S01011559,75 to 84,15,5,5,0,10,1,0,0,1,8
S01011559,85 and over,1,0,0,0,1,0,0,0,0,1
S01011560,All HRPs,318,152,125,27,166,57,0,13,37,59
S01011560,24 and under,6,2,0,2,4,4,0,0,0,0
S01011560,25 to 34,36,26,14,12,10,9,0,1,0,0
S01011560,35 to 49,98,50,42,8,48,26,0,6,13,3
S01011560,50 to 64,101,56,51,5,45,10,0,2,21,12
S01011560,65 to 74,44,12,12,0,32,5,0,1,3,23
S01011560,75 to 84,32,6,6,0,26,3,0,3,0,20
S01011560,85 and over,1,0,0,0,1,0,0,0,0,1
S01011561,All HRPs,302,150,118,32,152,58,2,24,28,40
S01011561,24 and under,6,3,0,3,3,3,0,0,0,0
S01011561,25 to 34,40,19,6,13,21,16,0,5,0,0
S01011561,35 to 49,89,51,41,10,38,16,1,14,7,0
S01011561,50 to 64,87,45,40,5,42,12,0,4,17,9
S01011561,65 to 74,48,21,21,0,27,6,1,1,4,15
S01011561,75 to 84,24,11,10,1,13,4,0,0,0,9
S01011561,85 and over,8,0,0,0,8,1,0,0,0,7
S01011562,All HRPs,270,86,56,30,184,81,1,23,51,28
S01011562,24 and under,6,0,0,0,6,6,0,0,0,0
S01011562,25 to 34,44,13,5,8,31,27,0,3,1,0
S01011562,35 to 49,115,46,29,17,69,33,1,11,22,2
S01011562,50 to 64,59,19,16,3,40,12,0,6,17,5
S01011562,65 to 74,30,6,4,2,24,2,0,3,9,10
S01011562,75 to 84,11,1,1,0,10,1,0,0,1,8
S01011562,85 and over,5,1,1,0,4,0,0,0,1,3
S01011563,All HRPs,287,122,90,32,165,71,5,17,40,32
S01011563,24 and under,6,1,0,1,5,4,0,0,1,0
S01011563,25 to 34,39,20,8,12,19,15,2,2,0,0
S01011563,35 to 49,122,54,40,14,68,36,1,11,18,2
S01011563,50 to 64,71,28,23,5,43,11,1,4,15,12
S01011563,65 to 74,28,12,12,0,16,3,1,0,5,7
S01011563,75 to 84,15,7,7,0,8,1,0,0,0,7
S01011563,85 and over,6,0,0,0,6,1,0,0,1,4
S01011564,All HRPs,410,221,179,42,189,77,3,14,39,56
S01011564,24 and under,12,4,1,3,8,8,0,0,0,0
S01011564,25 to 34,63,36,13,23,27,26,0,1,0,0
S01011564,35 to 49,128,83,72,11,45,24,1,6,14,0
S01011564,50 to 64,109,67,63,4,42,11,1,7,13,10
S01011564,65 to 74,50,21,20,1,29,7,0,0,11,11
S01011564,75 to 84,36,8,8,0,28,1,0,0,1,26
S01011564,85 and over,12,2,2,0,10,0,1,0,0,9
S01011565,All HRPs,365,206,157,49,159,60,1,24,30,44
S01011565,24 and under,7,2,0,2,5,5,0,0,0,0
S01011565,25 to 34,62,37,18,19,25,17,0,7,1,0
S01011565,35 to 49,123,80,57,23,43,19,0,13,11,0
S01011565,50 to 64,102,65,61,4,37,15,0,3,12,7
S01011565,65 to 74,38,16,15,1,22,3,0,1,5,13
S01011565,75 to 84,28,6,6,0,22,1,1,0,1,19
S01011565,85 and over,5,0,0,0,5,0,0,0,0,5
S01011566,All HRPs,374,163,131,32,211,109,4,26,45,27
S01011566,24 and under,24,5,1,4,19,19,0,0,0,0
S01011566,25 to 34,71,24,10,14,47,39,1,3,2,2
S01011566,35 to 49,118,48,40,8,70,32,1,16,21,0
S01011566,50 to 64,107,61,56,5,46,16,1,4,21,4
S01011566,65 to 74,35,19,18,1,16,2,0,3,1,10
S01011566,75 to 84,17,6,6,0,11,0,1,0,0,10
S01011566,85 and over,2,0,0,0,2,1,0,0,0,1
S01011567,All HRPs,454,211,180,31,243,87,1,23,41,91
S01011567,24 and under,13,3,0,3,10,10,0,0,0,0
S01011567,25 to 34,50,30,19,11,20,17,0,2,1,0
S01011567,35 to 49,87,43,35,8,44,27,0,7,9,1
S01011567,50 to 64,139,79,73,6,60,24,0,7,18,11
S01011567,65 to 74,77,27,25,2,50,5,0,6,11,28
S01011567,75 to 84,70,26,26,0,44,3,1,1,1,38
S01011567,85 and over,18,3,2,1,15,1,0,0,1,13
S01011568,All HRPs,320,199,162,37,121,46,3,13,23,36
S01011568,24 and under,1,0,0,0,1,1,0,0,0,0
S01011568,25 to 34,53,33,23,10,20,18,0,1,0,1
S01011568,35 to 49,115,85,61,24,30,13,0,7,10,0
S01011568,50 to 64,75,46,43,3,29,11,3,4,11,0
S01011568,65 to 74,45,26,26,0,19,3,0,1,2,13
S01011568,75 to 84,25,8,8,0,17,0,0,0,0,17
S01011568,85 and over,6,1,1,0,5,0,0,0,0,5
S01011569,All HRPs,414,231,201,30,183,74,1,9,35,64
S01011569,24 and under,9,1,1,0,8,8,0,0,0,0
S01011569,25 to 34,46,32,19,13,14,12,0,0,2,0
S01011569,35 to 49,118,78,68,10,40,20,1,6,11,2
S01011569,50 to 64,131,82,75,7,49,18,0,3,15,13
S01011569,65 to 74,63,25,25,0,38,13,0,0,5,20
S01011569,75 to 84,37,12,12,0,25,3,0,0,2,20
S01011569,85 and over,10,1,1,0,9,0,0,0,0,9
S01011570,All HRPs,329,138,115,23,191,84,1,26,38,42
S01011570,24 and under,8,0,0,0,8,8,0,0,0,0
S01011570,25 to 34,40,19,7,12,21,18,1,2,0,0
S01011570,35 to 49,99,38,32,6,61,29,0,16,16,0
S01011570,50 to 64,87,47,42,5,40,13,0,7,15,5
S01011570,65 to 74,53,19,19,0,34,9,0,0,7,18
S01011570,75 to 84,34,14,14,0,20,4,0,1,0,15
S01011570,85 and over,8,1,1,0,7,3,0,0,0,4
S01011571,All HRPs,389,89,66,23,300,140,5,22,77,56
S01011571,24 and under,16,2,0,2,14,14,0,0,0,0
S01011571,25 to 34,66,21,9,12,45,40,1,1,3,0
S01011571,35 to 49,94,21,18,3,73,38,1,6,26,2
S01011571,50 to 64,101,21,18,3,80,26,1,8,35,10
S01011571,65 to 74,50,12,11,1,38,8,0,6,8,16
S01011571,75 to 84,52,12,10,2,40,10,1,1,5,23
S01011571,85 and over,10,0,0,0,10,4,1,0,0,5
S01011572,All HRPs,294,107,82,25,187,89,0,15,43,40
S01011572,24 and under,10,1,0,1,9,9,0,0,0,0
S01011572,25 to 34,61,22,6,16,39,36,0,1,2,0
S01011572,35 to 49,88,29,26,3,59,30,0,8,19,2
S01011572,50 to 64,67,33,29,4,34,10,0,2,17,5
S01011572,65 to 74,37,15,14,1,22,4,0,4,4,10
S01011572,75 to 84,29,7,7,0,22,0,0,0,1,21
S01011572,85 and over,2,0,0,0,2,0,0,0,0,2
S01011573,All HRPs,474,254,203,51,220,89,0,28,52,51
S01011573,24 and under,4,2,0,2,2,1,0,0,0,1
S01011573,25 to 34,70,42,21,21,28,28,0,0,0,0
S01011573,35 to 49,198,126,101,25,72,34,0,17,20,1
S01011573,50 to 64,109,61,58,3,48,16,0,9,20,3
S01011573,65 to 74,42,16,16,0,26,3,0,2,10,11
S01011573,75 to 84,39,7,7,0,32,6,0,0,2,24
S01011573,85 and over,12,0,0,0,12,1,0,0,0,11
S01011574,All HRPs,296,184,155,29,112,46,3,17,14,32
S01011574,24 and under,2,1,0,1,1,1,0,0,0,0
S01011574,25 to 34,37,21,12,9,16,12,0,4,0,0
S01011574,35 to 49,119,84,69,15,35,22,0,8,3,2
S01011574,50 to 64,78,57,53,4,21,4,0,3,10,4
S01011574,65 to 74,30,15,15,0,15,4,1,2,1,7
S01011574,75 to 84,23,4,4,0,19,3,2,0,0,14
S01011574,85 and over,7,2,2,0,5,0,0,0,0,5
S01011575,All HRPs,229,111,81,30,118,48,1,10,26,33
S01011575,24 and under,15,2,1,1,13,13,0,0,0,0
S01011575,25 to 34,29,22,10,12,7,6,0,1,0,0
S01011575,35 to 49,77,38,28,10,39,22,0,6,11,0
S01011575,50 to 64,49,27,24,3,22,5,0,1,8,8
S01011575,65 to 74,36,16,13,3,20,2,1,2,4,11
S01011575,75 to 84,19,6,5,1,13,0,0,0,3,10
S01011575,85 and over,4,0,0,0,4,0,0,0,0,4
S01011576,All HRPs,374,97,77,20,277,117,0,24,74,62
S01011576,24 and under,11,1,0,1,10,10,0,0,0,0
S01011576,25 to 34,35,7,5,2,28,22,0,3,2,1
S01011576,35 to 49,116,36,24,12,80,44,0,11,21,4
S01011576,50 to 64,116,29,27,2,87,24,0,9,40,14
S01011576,65 to 74,46,13,12,1,33,8,0,1,10,14
S01011576,75 to 84,37,9,7,2,28,4,0,0,1,23
S01011576,85 and over,13,2,2,0,11,5,0,0,0,6
S01011577,All HRPs,328,143,115,28,185,101,2,21,28,33
S01011577,24 and under,11,2,0,2,9,9,0,0,0,0
S01011577,25 to 34,62,27,13,14,35,32,0,2,1,0
S01011577,35 to 49,112,44,37,7,68,42,2,11,12,1
S01011577,50 to 64,97,56,51,5,41,14,0,7,12,8
S01011577,65 to 74,24,10,10,0,14,2,0,1,3,8
S01011577,75 to 84,17,4,4,0,13,2,0,0,0,11
S01011577,85 and over,5,0,0,0,5,0,0,0,0,5
S01011578,All HRPs,355,148,111,37,207,113,3,18,40,33
S01011578,24 and under,24,6,2,4,18,18,0,0,0,0
S01011578,25 to 34,80,23,10,13,57,51,0,2,4,0
S01011578,35 to 49,106,53,40,13,53,31,2,9,10,1
S01011578,50 to 64,96,49,42,7,47,10,0,7,23,7
S01011578,65 to 74,30,14,14,0,16,2,1,0,3,10
S01011578,75 to 84,17,3,3,0,14,1,0,0,0,13
S01011578,85 and over,2,0,0,0,2,0,0,0,0,2
S01011579,All HRPs,413,289,275,14,124,37,0,11,18,58
S01011579,24 and under,5,0,0,0,5,5,0,0,0,0
S01011579,25 to 34,23,15,11,4,8,6,0,2,0,0
S01011579,35 to 49,121,96,90,6,25,11,0,6,5,3
S01011579,50 to 64,142,113,109,4,29,9,0,3,8,9
S01011579,65 to 74,58,41,41,0,17,3,0,0,3,11
S01011579,75 to 84,48,21,21,0,27,3,0,0,2,22
S01011579,85 and over,16,3,3,0,13,0,0,0,0,13
S01011580,All HRPs,311,145,102,43,166,80,1,17,39,29
S01011580,24 and under,15,1,0,1,14,14,0,0,0,0
S01011580,25 to 34,67,42,18,24,25,20,0,1,4,0
S01011580,35 to 49,120,67,55,12,53,27,0,10,13,3
S01011580,50 to 64,59,22,17,5,37,10,1,5,14,7
S01011580,65 to 74,32,11,10,1,21,6,0,1,5,9
S01011580,75 to 84,17,2,2,0,15,3,0,0,3,9
S01011580,85 and over,1,0,0,0,1,0,0,0,0,1
S01011581,All HRPs,463,123,98,25,340,130,7,32,57,114
S01011581,24 and under,21,1,0,1,20,20,0,0,0,0
S01011581,25 to 34,54,16,5,11,38,30,2,6,0,0
S01011581,35 to 49,102,41,31,10,61,41,0,9,11,0
S01011581,50 to 64,104,28,25,3,76,20,1,13,28,14
S01011581,65 to 74,80,22,22,0,58,10,1,1,15,31
S01011581,75 to 84,75,12,12,0,63,6,2,3,3,49
S01011581,85 and over,27,3,3,0,24,3,1,0,0,20
S01011582,All HRPs,477,281,238,43,196,70,4,20,38,64
S01011582,24 and under,6,4,0,4,2,2,0,0,0,0
S01011582,25 to 34,47,26,11,15,21,20,0,0,0,1
S01011582,35 to 49,137,89,77,12,48,32,0,8,8,0
S01011582,50 to 64,161,95,83,12,66,12,2,10,25,17
S01011582,65 to 74,66,41,41,0,25,3,0,2,5,15
S01011582,75 to 84,44,24,24,0,20,0,2,0,0,18
S01011582,85 and over,16,2,2,0,14,1,0,0,0,13
S01011583,All HRPs,332,133,90,43,199,104,2,25,31,37
S01011583,24 and under,17,6,0,6,11,11,0,0,0,0
S01011583,25 to 34,86,34,14,20,52,49,0,3,0,0
S01011583,35 to 49,93,37,25,12,56,29,1,16,9,1
S01011583,50 to 64,74,36,35,1,38,10,1,3,17,7
S01011583,65 to 74,29,17,13,4,12,0,0,2,3,7
S01011583,75 to 84,30,3,3,0,27,4,0,1,2,20
S01011583,85 and over,3,0,0,0,3,1,0,0,0,2
S01011584,All HRPs,325,156,119,37,169,77,0,9,40,43
S01011584,24 and under,13,6,0,6,7,7,0,0,0,0
S01011584,25 to 34,57,27,12,15,30,25,0,4,1,0
S01011584,35 to 49,77,33,24,9,44,28,0,1,14,1
S01011584,50 to 64,93,58,52,6,35,9,0,3,18,5
S01011584,65 to 74,43,22,21,1,21,6,0,1,7,7
S01011584,75 to 84,30,9,9,0,21,1,0,0,0,20
S01011584,85 and over,12,1,1,0,11,1,0,0,0,10
S01011585,All HRPs,336,134,98,36,202,94,0,21,35,52
S01011585,24 and under,17,1,0,1,16,16,0,0,0,0
S01011585,25 to 34,51,22,6,16,29,26,0,3,0,0
S01011585,35 to 49,92,42,28,14,50,29,0,10,11,0
S01011585,50 to 64,77,34,31,3,43,14,0,7,18,4
S01011585,65 to 74,42,17,15,2,25,3,0,1,5,16
S01011585,75 to 84,47,15,15,0,32,6,0,0,1,25
S01011585,85 and over,10,3,3,0,7,0,0,0,0,7
S01011586,All HRPs,239,114,84,30,125,49,4,15,35,22
S01011586,24 and under,6,0,0,0,6,6,0,0,0,0
S01011586,25 to 34,36,21,6,15,15,14,0,0,1,0
S01011586,35 to 49,75,35,23,12,40,18,1,10,10,1
S01011586,50 to 64,66,37,35,2,29,3,0,4,20,2
S01011586,65 to 74,29,13,12,1,16,5,2,1,3,5
S01011586,75 to 84,16,6,6,0,10,1,1,0,1,7
S01011586,85 and over,11,2,2,0,9,2,0,0,0,7
S01011587,All HRPs,236,97,78,19,139,41,2,19,37,40
S01011587,24 and under,7,4,0,4,3,2,0,1,0,0
S01011587,25 to 34,28,14,8,6,14,11,0,2,1,0
S01011587,35 to 49,93,33,26,7,60,20,0,12,20,8
S01011587,50 to 64,57,25,23,2,32,4,2,4,13,9
S01011587,65 to 74,27,11,11,0,16,3,0,0,2,11
S01011587,75 to 84,19,7,7,0,12,1,0,0,1,10
S01011587,85 and over,5,3,3,0,2,0,0,0,0,2
S01011588,All HRPs,302,138,112,26,164,51,2,28,35,48
S01011588,24 and under,7,0,0,0,7,7,0,0,0,0
S01011588,25 to 34,41,17,8,9,24,19,0,2,3,0
S01011588,35 to 49,89,52,39,13,37,12,1,12,12,0
S01011588,50 to 64,91,44,40,4,47,8,0,11,17,11
S01011588,65 to 74,42,15,15,0,27,4,1,3,3,16
S01011588,75 to 84,25,10,10,0,15,1,0,0,0,14
S01011588,85 and over,7,0,0,0,7,0,0,0,0,7
S01011589,All HRPs,347,199,169,30,148,48,1,15,24,60
S01011589,24 and under,4,3,1,2,1,1,0,0,0,0
S01011589,25 to 34,34,19,8,11,15,12,0,1,2,0
S01011589,35 to 49,99,62,51,11,37,19,0,5,11,2
S01011589,50 to 64,89,60,56,4,29,4,1,5,8,11
S01011589,65 to 74,66,35,33,2,31,5,0,2,2,22
S01011589,75 to 84,46,17,17,0,29,4,0,2,1,22
S01011589,85 and over,9,3,3,0,6,3,0,0,0,3
S01011590,All HRPs,287,143,112,31,144,43,1,14,35,51
S01011590,24 and under,7,3,1,2,4,4,0,0,0,0
S01011590,25 to 34,32,17,4,13,15,13,0,1,1,0
S01011590,35 to 49,72,49,40,9,23,10,1,5,7,0
S01011590,50 to 64,96,49,42,7,47,9,0,7,19,12
S01011590,65 to 74,48,15,15,0,33,7,0,0,7,19
S01011590,75 to 84,25,10,10,0,15,0,0,1,1,13
S01011590,85 and over,7,0,0,0,7,0,0,0,0,7
S01011591,All HRPs,268,116,91,25,152,68,1,17,42,24
S01011591,24 and under,10,3,0,3,7,7,0,0,0,0
S01011591,25 to 34,37,16,6,10,21,19,0,0,2,0
S01011591,35 to 49,81,37,26,11,44,23,0,9,11,1
S01011591,50 to 64,85,41,41,0,44,9,1,7,22,5
S01011591,65 to 74,34,13,13,0,21,4,0,1,5,11
S01011591,75 to 84,17,6,5,1,11,6,0,0,2,3
S01011591,85 and over,4,0,0,0,4,0,0,0,0,4
S01011592,All HRPs,353,123,86,37,230,110,0,26,48,46
S01011592,24 and under,23,6,1,5,17,17,0,0,0,0
S01011592,25 to 34,74,27,6,21,47,44,0,2,1,0
S01011592,35 to 49,97,33,24,9,64,32,0,14,18,0
S01011592,50 to 64,77,30,28,2,47,11,0,7,25,4
S01011592,65 to 74,35,17,17,0,18,2,0,3,4,9
S01011592,75 to 84,38,8,8,0,30,4,0,0,0,26
S01011592,85 and over,9,2,2,0,7,0,0,0,0,7
S01011593,All HRPs,325,159,135,24,166,61,2,21,30,52
S01011593,24 and under,9,2,1,1,7,7,0,0,0,0
S01011593,25 to 34,34,21,14,7,13,10,0,3,0,0
S01011593,35 to 49,94,59,50,9,35,20,0,9,5,1
S01011593,50 to 64,87,44,38,6,43,15,1,5,15,7
S01011593,65 to 74,50,14,14,0,36,6,1,4,9,16
S01011593,75 to 84,42,18,17,1,24,3,0,0,0,21
S01011593,85 and over,9,1,1,0,8,0,0,0,1,7
S01011594,All HRPs,221,98,76,22,123,37,1,15,34,36
S01011594,24 and under,5,4,0,4,1,1,0,0,0,0
S01011594,25 to 34,24,9,0,9,15,12,0,1,2,0
S01011594,35 to 49,57,24,18,6,33,15,0,8,10,0
S01011594,50 to 64,63,38,35,3,25,4,1,3,14,3
S01011594,65 to 74,36,16,16,0,20,0,0,1,8,11
S01011594,75 to 84,28,6,6,0,22,4,0,2,0,16
S01011594,85 and over,8,1,1,0,7,1,0,0,0,6
S01011595,All HRPs,301,140,109,31,161,102,2,9,30,18
S01011595,24 and under,16,3,0,3,13,13,0,0,0,0
S01011595,25 to 34,61,26,11,15,35,33,1,0,1,0
S01011595,35 to 49,88,39,30,9,49,34,1,6,8,0
S01011595,50 to 64,79,40,36,4,39,18,0,3,16,2
S01011595,65 to 74,30,17,17,0,13,3,0,0,5,5
S01011595,75 to 84,24,13,13,0,11,1,0,0,0,10
S01011595,85 and over,3,2,2,0,1,0,0,0,0,1
S01011596,All HRPs,489,204,159,45,285,149,2,26,46,62
S01011596,24 and under,26,6,0,6,20,20,0,0,0,0
S01011596,25 to 34,103,42,16,26,61,57,0,4,0,0
S01011596,35 to 49,120,50,41,9,70,38,1,10,19,2
S01011596,50 to 64,120,66,63,3,54,19,0,7,20,8
S01011596,65 to 74,57,22,22,0,35,11,0,4,6,14
S01011596,75 to 84,45,16,16,0,29,2,1,1,1,24
S01011596,85 and over,18,2,1,1,16,2,0,0,0,14
S01011597,All HRPs,268,110,90,20,158,83,1,13,30,31
S01011597,24 and under,14,4,0,4,10,10,0,0,0,0
S01011597,25 to 34,55,14,7,7,41,39,0,0,2,0
S01011597,35 to 49,87,42,36,6,45,25,0,10,9,1
S01011597,50 to 64,74,41,39,2,33,8,0,2,18,5
S01011597,65 to 74,17,5,4,1,12,1,0,1,1,9
S01011597,75 to 84,17,4,4,0,13,0,1,0,0,12
S01011597,85 and over,4,0,0,0,4,0,0,0,0,4
S01011598,All HRPs,544,74,33,41,470,288,2,48,93,39
S01011598,24 and under,85,3,0,3,82,82,0,0,0,0
S01011598,25 to 34,101,24,5,19,77,67,0,7,3,0
S01011598,35 to 49,165,24,13,11,141,95,0,15,29,2
S01011598,50 to 64,119,15,7,8,104,24,2,19,49,10
S01011598,65 to 74,40,5,5,0,35,9,0,6,9,11
S01011598,75 to 84,28,2,2,0,26,11,0,1,3,11
S01011598,85 and over,6,1,1,0,5,0,0,0,0,5
S01011599,All HRPs,362,167,141,26,195,75,0,23,36,61
S01011599,24 and under,11,1,1,0,10,10,0,0,0,0
S01011599,25 to 34,37,18,7,11,19,17,0,1,0,1
S01011599,35 to 49,98,49,40,9,49,22,0,13,13,1
S01011599,50 to 64,108,62,57,5,46,18,0,5,15,8
S01011599,65 to 74,57,24,23,1,33,4,0,3,8,18
S01011599,75 to 84,42,12,12,0,30,4,0,1,0,25
S01011599,85 and over,9,1,1,0,8,0,0,0,0,8
S01011600,All HRPs,392,155,118,37,237,96,5,18,41,77
S01011600,24 and under,20,2,1,1,18,17,0,1,0,0
S01011600,25 to 34,65,29,12,17,36,32,2,0,1,1
S01011600,35 to 49,88,40,26,14,48,29,2,4,13,0
S01011600,50 to 64,87,41,36,5,46,8,1,11,16,10
S01011600,65 to 74,63,26,26,0,37,4,0,2,11,20
S01011600,75 to 84,49,15,15,0,34,2,0,0,0,32
S01011600,85 and over,20,2,2,0,18,4,0,0,0,14
S01011601,All HRPs,316,216,182,34,100,38,3,16,28,15
S01011601,24 and under,3,0,0,0,3,3,0,0,0,0
S01011601,25 to 34,52,31,17,14,21,16,1,2,2,0
S01011601,35 to 49,132,93,80,13,39,16,2,9,11,1
S01011601,50 to 64,91,71,64,7,20,3,0,2,14,1
S01011601,65 to 74,27,18,18,0,9,0,0,2,1,6
S01011601,75 to 84,11,3,3,0,8,0,0,1,0,7
S01011601,85 and over,0,0,0,0,0,0,0,0,0,0
S01011602,All HRPs,266,125,98,27,141,63,2,11,27,38
S01011602,24 and under,13,2,0,2,11,11,0,0,0,0
S01011602,25 to 34,37,16,7,9,21,20,0,1,0,0
S01011602,35 to 49,81,44,31,13,37,19,2,5,11,0
S01011602,50 to 64,68,40,37,3,28,5,0,4,15,4
S01011602,65 to 74,24,12,12,0,12,4,0,1,0,7
S01011602,75 to 84,37,11,11,0,26,3,0,0,1,22
S01011602,85 and over,6,0,0,0,6,1,0,0,0,5
S01011603,All HRPs,443,129,104,25,314,116,2,27,66,103
S01011603,24 and under,11,1,0,1,10,10,0,0,0,0
S01011603,25 to 34,41,19,5,14,22,21,0,1,0,0
S01011603,35 to 49,109,37,32,5,72,48,1,7,15,1
S01011603,50 to 64,113,37,34,3,76,19,0,10,37,10
S01011603,65 to 74,77,18,17,1,59,7,0,6,14,32
S01011603,75 to 84,75,13,12,1,62,9,0,3,0,50
S01011603,85 and over,17,4,4,0,13,2,1,0,0,10
S01011604,All HRPs,293,130,111,19,163,79,4,9,27,44
S01011604,24 and under,17,2,0,2,15,15,0,0,0,0
S01011604,25 to 34,54,20,13,7,34,30,0,1,2,1
S01011604,35 to 49,80,38,30,8,42,23,1,5,13,0
S01011604,50 to 64,60,35,33,2,25,5,1,2,11,6
S01011604,65 to 74,30,17,17,0,13,2,0,0,0,11
S01011604,75 to 84,33,14,14,0,19,1,1,1,1,15
S01011604,85 and over,19,4,4,0,15,3,1,0,0,11
S01011605,All HRPs,376,190,171,19,186,53,1,14,30,88
S01011605,24 and under,8,2,0,2,6,5,0,1,0,0
S01011605,25 to 34,31,12,7,5,19,16,0,2,1,0
S01011605,35 to 49,80,50,44,6,30,14,0,5,9,2
S01011605,50 to 64,121,73,67,6,48,15,1,4,16,12
S01011605,65 to 74,57,34,34,0,23,0,0,2,2,19
S01011605,75 to 84,65,17,17,0,48,2,0,0,2,44
S01011605,85 and over,14,2,2,0,12,1,0,0,0,11
S01011606,All HRPs,342,250,210,40,92,37,4,17,15,19
S01011606,24 and under,2,0,0,0,2,2,0,0,0,0
S01011606,25 to 34,66,49,29,20,17,15,0,1,1,0
S01011606,35 to 49,186,143,127,16,43,15,4,12,9,3
S01011606,50 to 64,72,52,48,4,20,5,0,3,5,7
S01011606,65 to 74,11,5,5,0,6,0,0,1,0,5
S01011606,75 to 84,5,1,1,0,4,0,0,0,0,4
S01011606,85 and over,0,0,0,0,0,0,0,0,0,0
S01011607,All HRPs,231,153,141,12,78,41,2,11,10,14
S01011607,24 and under,5,1,0,1,4,4,0,0,0,0
S01011607,25 to 34,35,17,12,5,18,16,1,0,1,0
S01011607,35 to 49,75,44,39,5,31,17,1,8,5,0
S01011607,50 to 64,91,75,74,1,16,3,0,2,4,7
S01011607,65 to 74,19,11,11,0,8,1,0,1,0,6
S01011607,75 to 84,5,5,5,0,0,0,0,0,0,0
S01011607,85 and over,1,0,0,0,1,0,0,0,0,1
S01011608,All HRPs,360,251,207,44,109,47,4,17,25,16
S01011608,24 and under,12,3,1,2,9,9,0,0,0,0
S01011608,25 to 34,66,39,23,16,27,17,2,6,2,0
S01011608,35 to 49,143,111,90,21,32,11,0,6,12,3
S01011608,50 to 64,110,82,77,5,28,8,1,5,10,4
S01011608,65 to 74,18,11,11,0,7,1,0,0,1,5
S01011608,75 to 84,9,5,5,0,4,1,1,0,0,2
S01011608,85 and over,2,0,0,0,2,0,0,0,0,2
S01011609,All HRPs,479,132,97,35,347,183,3,35,80,46
S01011609,24 and under,37,7,2,5,30,30,0,0,0,0
S01011609,25 to 34,93,30,17,13,63,60,0,2,1,0
S01011609,35 to 49,150,43,30,13,107,62,1,16,27,1
S01011609,50 to 64,116,32,29,3,84,24,1,11,40,8
S01011609,65 to 74,52,12,12,0,40,3,1,6,10,20
S01011609,75 to 84,19,8,7,1,11,2,0,0,1,8
S01011609,85 and over,12,0,0,0,12,2,0,0,1,9
S01011610,All HRPs,362,147,111,36,215,93,1,25,45,51
S01011610,24 and under,22,2,0,2,20,20,0,0,0,0
S01011610,25 to 34,59,29,14,15,30,25,1,3,1,0
S01011610,35 to 49,119,55,43,12,64,29,0,11,22,2
S01011610,50 to 64,80,38,33,5,42,14,0,7,15,6
S01011610,65 to 74,35,14,14,0,21,3,0,0,4,14
S01011610,75 to 84,41,9,7,2,32,1,0,4,3,24
S01011610,85 and over,6,0,0,0,6,1,0,0,0,5
S01011611,All HRPs,258,155,132,23,103,45,1,8,21,28
S01011611,24 and under,5,1,0,1,4,4,0,0,0,0
S01011611,25 to 34,36,20,13,7,16,14,0,1,1,0
S01011611,35 to 49,79,54,44,10,25,15,0,3,6,1
S01011611,50 to 64,98,64,59,5,34,9,0,4,10,11
S01011611,65 to 74,26,11,11,0,15,3,1,0,3,8
S01011611,75 to 84,14,5,5,0,9,0,0,0,1,8
S01011611,85 and over,0,0,0,0,0,0,0,0,0,0
S01011612,All HRPs,211,173,133,40,38,16,0,15,7,0
S01011612,24 and under,1,1,0,1,0,0,0,0,0,0
S01011612,25 to 34,45,36,26,10,9,6,0,1,2,0
S01011612,35 to 49,130,106,83,23,24,9,0,12,3,0
S01011612,50 to 64,31,28,22,6,3,0,0,1,2,0
S01011612,65 to 74,4,2,2,0,2,1,0,1,0,0
S01011612,75 to 84,0,0,0,0,0,0,0,0,0,0
S01011612,85 and over,0,0,0,0,0,0,0,0,0,0
S01011613,All HRPs,374,280,260,20,94,25,3,11,22,33
S01011613,24 and under,5,2,1,1,3,3,0,0,0,0
S01011613,25 to 34,32,19,11,8,13,10,0,2,1,0
S01011613,35 to 49,87,66,61,5,21,4,1,5,11,0
S01011613,50 to 64,152,127,123,4,25,8,1,4,7,5
S01011613,65 to 74,64,46,44,2,18,0,0,0,3,15
S01011613,75 to 84,28,18,18,0,10,0,1,0,0,9
S01011613,85 and over,6,2,2,0,4,0,0,0,0,4
S01011614,All HRPs,183,113,92,21,70,18,0,7,11,34
S01011614,24 and under,3,1,0,1,2,2,0,0,0,0
S01011614,25 to 34,19,9,2,7,10,6,0,4,0,0
S01011614,35 to 49,51,41,31,10,10,3,0,1,3,3
S01011614,50 to 64,56,37,35,2,19,3,0,2,8,6
S01011614,65 to 74,25,15,14,1,10,2,0,0,0,8
S01011614,75 to 84,18,7,7,0,11,2,0,0,0,9
S01011614,85 and over,11,3,3,0,8,0,0,0,0,8
S01011615,All HRPs,296,145,111,34,151,57,2,19,37,36
S01011615,24 and under,11,1,0,1,10,10,0,0,0,0
S01011615,25 to 34,50,23,9,14,27,24,0,2,0,1
S01011615,35 to 49,100,47,33,14,53,16,2,12,21,2
S01011615,50 to 64,78,51,47,4,27,3,0,4,14,6
S01011615,65 to 74,31,16,15,1,15,1,0,1,2,11
S01011615,75 to 84,23,7,7,0,16,3,0,0,0,13
S01011615,85 and over,3,0,0,0,3,0,0,0,0,3
S01011616,All HRPs,211,81,65,16,130,58,3,16,21,32
S01011616,24 and under,6,0,0,0,6,6,0,0,0,0
S01011616,25 to 34,34,13,7,6,21,19,0,2,0,0
S01011616,35 to 49,45,17,11,6,28,14,0,5,7,2
S01011616,50 to 64,68,31,27,4,37,12,0,7,12,6
S01011616,65 to 74,29,13,13,0,16,2,1,2,2,9
S01011616,75 to 84,25,7,7,0,18,4,2,0,0,12
S01011616,85 and over,4,0,0,0,4,1,0,0,0,3
S01011617,All HRPs,388,171,144,27,217,67,3,16,55,76
S01011617,24 and under,10,0,0,0,10,10,0,0,0,0
S01011617,25 to 34,41,15,8,7,26,23,0,1,2,0
S01011617,35 to 49,96,47,36,11,49,18,1,8,21,1
S01011617,50 to 64,130,67,60,7,63,12,1,6,26,18
S01011617,65 to 74,53,28,27,1,25,3,0,0,5,17
S01011617,75 to 84,39,12,11,1,27,1,1,1,0,24
S01011617,85 and over,19,2,2,0,17,0,0,0,1,16
S01011618,All HRPs,277,125,99,26,152,59,4,19,26,44
S01011618,24 and under,14,3,0,3,11,11,0,0,0,0
S01011618,25 to 34,42,17,10,7,25,19,0,3,3,0
S01011618,35 to 49,75,45,33,12,30,11,2,8,9,0
S01011618,50 to 64,71,37,33,4,34,9,1,8,8,8
S01011618,65 to 74,30,12,12,0,18,6,1,0,3,8
S01011618,75 to 84,34,9,9,0,25,2,0,0,2,21
S01011618,85 and over,11,2,2,0,9,1,0,0,1,7
S01011619,All HRPs,406,265,230,35,141,50,5,23,34,29
S01011619,24 and under,4,0,0,0,4,4,0,0,0,0
S01011619,25 to 34,65,38,24,14,27,23,0,0,4,0
S01011619,35 to 49,176,124,107,17,52,17,3,15,14,3
S01011619,50 to 64,117,79,75,4,38,6,1,7,13,11
S01011619,65 to 74,31,17,17,0,14,0,1,1,2,10
S01011619,75 to 84,10,6,6,0,4,0,0,0,1,3
S01011619,85 and over,3,1,1,0,2,0,0,0,0,2
S01011620,All HRPs,394,299,233,66,95,38,3,15,32,7
S01011620,24 and under,10,4,1,3,6,6,0,0,0,0
S01011620,25 to 34,86,67,37,30,19,16,0,2,1,0
S01011620,35 to 49,210,160,132,28,50,12,2,9,25,2
S01011620,50 to 64,63,48,45,3,15,4,1,4,5,1
S01011620,65 to 74,18,16,14,2,2,0,0,0,1,1
S01011620,75 to 84,5,2,2,0,3,0,0,0,0,3
S01011620,85 and over,2,2,2,0,0,0,0,0,0,0
S01011621,All HRPs,286,178,145,33,108,37,2,17,24,28
S01011621,24 and under,9,3,0,3,6,6,0,0,0,0
S01011621,25 to 34,35,23,13,10,12,12,0,0,0,0
S01011621,35 to 49,88,55,38,17,33,12,0,11,8,2
S01011621,50 to 64,95,68,65,3,27,4,0,3,13,7
S01011621,65 to 74,43,24,24,0,19,3,2,3,2,9
S01011621,75 to 84,14,5,5,0,9,0,0,0,1,8
S01011621,85 and over,2,0,0,0,2,0,0,0,0,2
S01011622,All HRPs,230,172,143,29,58,18,0,13,13,14
S01011622,24 and under,1,0,0,0,1,1,0,0,0,0
S01011622,25 to 34,37,26,19,7,11,9,0,2,0,0
S01011622,35 to 49,106,89,76,13,17,1,0,8,8,0
S01011622,50 to 64,61,43,34,9,18,3,0,3,5,7
S01011622,65 to 74,14,10,10,0,4,2,0,0,0,2
S01011622,75 to 84,11,4,4,0,7,2,0,0,0,5
S01011622,85 and over,0,0,0,0,0,0,0,0,0,0
S01011623,All HRPs,314,147,120,27,167,54,3,19,39,52
S01011623,24 and under,9,1,0,1,8,8,0,0,0,0
S01011623,25 to 34,37,22,11,11,15,12,0,1,2,0
S01011623,35 to 49,85,41,33,8,44,16,0,14,12,2
S01011623,50 to 64,89,47,41,6,42,12,1,3,19,7
S01011623,65 to 74,54,27,26,1,27,3,2,1,5,16
S01011623,75 to 84,26,6,6,0,20,1,0,0,1,18
S01011623,85 and over,14,3,3,0,11,2,0,0,0,9
S01011624,All HRPs,294,170,131,39,124,57,0,20,23,24
S01011624,24 and under,10,3,0,3,7,7,0,0,0,0
S01011624,25 to 34,53,29,12,17,24,22,0,0,2,0
S01011624,35 to 49,125,83,67,16,42,18,0,13,10,1
S01011624,50 to 64,65,39,36,3,26,5,0,6,9,6
S01011624,65 to 74,23,10,10,0,13,3,0,1,2,7
S01011624,75 to 84,12,5,5,0,7,1,0,0,0,6
S01011624,85 and over,6,1,1,0,5,1,0,0,0,4
S01011625,All HRPs,240,128,107,21,112,40,1,15,28,28
S01011625,24 and under,5,3,0,3,2,2,0,0,0,0
S01011625,25 to 34,32,15,9,6,17,15,0,2,0,0
S01011625,35 to 49,74,40,33,7,34,16,0,7,11,0
S01011625,50 to 64,81,53,48,5,28,4,1,6,11,6
S01011625,65 to 74,34,14,14,0,20,3,0,0,5,12
S01011625,75 to 84,8,2,2,0,6,0,0,0,1,5
S01011625,85 and over,6,1,1,0,5,0,0,0,0,5
S01011626,All HRPs,289,198,172,26,91,41,1,16,18,15
S01011626,24 and under,10,2,0,2,8,8,0,0,0,0
S01011626,25 to 34,45,29,15,14,16,16,0,0,0,0
S01011626,35 to 49,123,86,80,6,37,12,1,10,13,1
S01011626,50 to 64,86,66,62,4,20,4,0,6,5,5
S01011626,65 to 74,14,10,10,0,4,0,0,0,0,4
S01011626,75 to 84,10,4,4,0,6,1,0,0,0,5
S01011626,85 and over,1,1,1,0,0,0,0,0,0,0
S01011627,All HRPs,260,190,164,26,70,38,0,6,16,10
S01011627,24 and under,4,1,0,1,3,3,0,0,0,0
S01011627,25 to 34,52,35,22,13,17,14,0,1,2,0
S01011627,35 to 49,133,103,93,10,30,18,0,4,6,2
S01011627,50 to 64,53,41,39,2,12,2,0,1,8,1
S01011627,65 to 74,8,5,5,0,3,1,0,0,0,2
S01011627,75 to 84,8,4,4,0,4,0,0,0,0,4
S01011627,85 and over,2,1,1,0,1,0,0,0,0,1
S01011628,All HRPs,410,301,272,29,109,27,2,14,26,40
S01011628,24 and under,2,1,1,0,1,1,0,0,0,0
S01011628,25 to 34,30,21,13,8,9,8,0,0,1,0
S01011628,35 to 49,150,113,93,20,37,13,1,9,12,2
S01011628,50 to 64,119,94,94,0,25,3,0,5,11,6
S01011628,65 to 74,67,50,49,1,17,2,0,0,1,14
S01011628,75 to 84,32,17,17,0,15,0,1,0,1,13
S01011628,85 and over,10,5,5,0,5,0,0,0,0,5
S01011629,All HRPs,240,119,101,18,121,37,0,19,31,34
S01011629,24 and under,3,1,0,1,2,2,0,0,0,0
S01011629,25 to 34,16,9,2,7,7,6,0,1,0,0
S01011629,35 to 49,83,41,34,7,42,19,0,12,11,0
S01011629,50 to 64,76,43,40,3,33,9,0,5,17,2
S01011629,65 to 74,32,15,15,0,17,1,0,1,3,12
S01011629,75 to 84,26,10,10,0,16,0,0,0,0,16
S01011629,85 and over,4,0,0,0,4,0,0,0,0,4
S01011630,All HRPs,255,139,115,24,116,46,1,9,20,40
S01011630,24 and under,5,1,0,1,4,4,0,0,0,0
S01011630,25 to 34,32,14,8,6,18,17,0,0,1,0
S01011630,35 to 49,74,47,34,13,27,16,0,6,5,0
S01011630,50 to 64,71,51,47,4,20,3,0,2,6,9
S01011630,65 to 74,44,19,19,0,25,4,0,1,6,14
S01011630,75 to 84,18,5,5,0,13,2,1,0,2,8
S01011630,85 and over,11,2,2,0,9,0,0,0,0,9
S01011631,All HRPs,245,97,78,19,148,74,5,18,32,19
S01011631,24 and under,10,2,2,0,8,8,0,0,0,0
S01011631,25 to 34,42,14,12,2,28,27,0,1,0,0
S01011631,35 to 49,90,35,23,12,55,26,1,11,14,3
S01011631,50 to 64,73,35,30,5,38,9,2,4,17,6
S01011631,65 to 74,18,5,5,0,13,2,2,2,1,6
S01011631,75 to 84,12,6,6,0,6,2,0,0,0,4
S01011631,85 and over,0,0,0,0,0,0,0,0,0,0
S01011632,All HRPs,315,137,100,37,178,77,1,14,40,46
S01011632,24 and under,12,2,0,2,10,10,0,0,0,0
S01011632,25 to 34,45,16,7,9,29,26,0,2,1,0
S01011632,35 to 49,105,52,31,21,53,32,0,6,12,3
S01011632,50 to 64,91,52,47,5,39,5,1,4,17,12
S01011632,65 to 74,26,9,9,0,17,3,0,1,6,7
S01011632,75 to 84,32,6,6,0,26,1,0,1,4,20
S01011632,85 and over,4,0,0,0,4,0,0,0,0,4
S01011633,All HRPs,321,157,128,29,164,58,0,23,31,52
S01011633,24 and under,11,4,0,4,7,7,0,0,0,0
S01011633,25 to 34,47,19,9,10,28,26,0,1,1,0
S01011633,35 to 49,87,46,36,10,41,15,0,17,8,1
S01011633,50 to 64,81,47,44,3,34,8,0,3,15,8
S01011633,65 to 74,37,17,15,2,20,0,0,2,4,14
S01011633,75 to 84,45,24,24,0,21,2,0,0,3,16
S01011633,85 and over,13,0,0,0,13,0,0,0,0,13
S01011634,All HRPs,235,106,87,19,129,66,1,18,22,22
S01011634,24 and under,11,3,0,3,8,8,0,0,0,0
S01011634,25 to 34,45,10,7,3,35,28,1,5,1,0
S01011634,35 to 49,75,36,25,11,39,26,0,5,7,1
S01011634,50 to 64,56,30,28,2,26,3,0,5,12,6
S01011634,65 to 74,35,22,22,0,13,1,0,2,2,8
S01011634,75 to 84,12,5,5,0,7,0,0,1,0,6
S01011634,85 and over,1,0,0,0,1,0,0,0,0,1
S01011635,All HRPs,274,137,110,27,137,53,0,18,37,29
S01011635,24 and under,6,1,0,1,5,5,0,0,0,0
S01011635,25 to 34,45,22,11,11,23,21,0,0,2,0
S01011635,35 to 49,88,42,31,11,46,20,0,7,18,1
S01011635,50 to 64,87,49,46,3,38,5,0,8,15,10
S01011635,65 to 74,34,20,19,1,14,2,0,3,1,8
S01011635,75 to 84,10,3,3,0,7,0,0,0,1,6
S01011635,85 and over,4,0,0,0,4,0,0,0,0,4
S01011636,All HRPs,283,133,113,20,150,80,1,14,20,35
S01011636,24 and under,16,0,0,0,16,16,0,0,0,0
S01011636,25 to 34,40,18,8,10,22,17,0,3,2,0
S01011636,35 to 49,91,48,42,6,43,25,0,7,9,2
S01011636,50 to 64,68,36,33,3,32,12,0,3,7,10
S01011636,65 to 74,45,23,22,1,22,9,1,0,1,11
S01011636,75 to 84,18,6,6,0,12,1,0,1,1,9
S01011636,85 and over,5,2,2,0,3,0,0,0,0,3
S01011637,All HRPs,299,132,106,26,167,71,3,20,31,42
S01011637,24 and under,13,2,0,2,11,11,0,0,0,0
S01011637,25 to 34,35,19,11,8,16,14,0,2,0,0
S01011637,35 to 49,88,36,25,11,52,30,0,9,11,2
S01011637,50 to 64,92,49,46,3,43,13,1,7,11,11
S01011637,65 to 74,39,21,20,1,18,1,1,1,7,8
S01011637,75 to 84,25,4,3,1,21,2,0,1,2,16
S01011637,85 and over,7,1,1,0,6,0,1,0,0,5
S01011638,All HRPs,260,105,85,20,155,55,4,8,33,55
S01011638,24 and under,8,1,0,1,7,7,0,0,0,0
S01011638,25 to 34,26,12,3,9,14,14,0,0,0,0
S01011638,35 to 49,63,27,19,8,36,18,1,5,10,2
S01011638,50 to 64,70,36,34,2,34,9,2,2,15,6
S01011638,65 to 74,52,22,22,0,30,7,0,0,7,16
S01011638,75 to 84,28,7,7,0,21,0,0,1,1,19
S01011638,85 and over,13,0,0,0,13,0,1,0,0,12
S01011639,All HRPs,250,94,72,22,156,57,1,18,38,42
S01011639,24 and under,9,0,0,0,9,9,0,0,0,0
S01011639,25 to 34,41,17,6,11,24,19,0,1,3,1
S01011639,35 to 49,70,27,21,6,43,15,0,9,17,2
S01011639,50 to 64,58,28,24,4,30,6,0,4,12,8
S01011639,65 to 74,42,15,14,1,27,2,0,2,6,17
S01011639,75 to 84,25,7,7,0,18,6,1,2,0,9
S01011639,85 and over,5,0,0,0,5,0,0,0,0,5
S01011640,All HRPs,259,145,114,31,114,37,2,10,33,32
S01011640,24 and under,8,3,0,3,5,5,0,0,0,0
S01011640,25 to 34,31,20,9,11,11,9,0,2,0,0
S01011640,35 to 49,81,47,35,12,34,16,0,4,11,3
S01011640,50 to 64,78,51,47,4,27,3,0,3,14,7
S01011640,65 to 74,42,18,18,0,24,3,0,1,7,13
S01011640,75 to 84,15,6,5,1,9,1,2,0,1,5
S01011640,85 and over,4,0,0,0,4,0,0,0,0,4
S01011641,All HRPs,195,139,135,4,56,8,1,7,14,26
S01011641,24 and under,0,0,0,0,0,0,0,0,0,0
S01011641,25 to 34,19,14,12,2,5,2,0,2,1,0
S01011641,35 to 49,52,44,43,1,8,2,0,4,2,0
S01011641,50 to 64,62,49,49,0,13,1,0,1,7,4
S01011641,65 to 74,33,22,21,1,11,2,0,0,1,8
S01011641,75 to 84,22,10,10,0,12,1,0,0,3,8
S01011641,85 and over,7,0,0,0,7,0,1,0,0,6
S01011642,All HRPs,352,204,174,30,148,61,2,18,32,35
S01011642,24 and under,18,6,0,6,12,12,0,0,0,0
S01011642,25 to 34,41,16,8,8,25,22,1,0,2,0
S01011642,35 to 49,99,57,47,10,42,21,0,7,13,1
S01011642,50 to 64,115,81,75,6,34,5,1,11,11,6
S01011642,65 to 74,46,26,26,0,20,0,0,0,5,15
S01011642,75 to 84,28,15,15,0,13,1,0,0,1,11
S01011642,85 and over,5,3,3,0,2,0,0,0,0,2
S01011643,All HRPs,238,156,128,28,82,29,2,5,16,30
S01011643,24 and under,12,5,0,5,7,7,0,0,0,0
S01011643,25 to 34,39,30,21,9,9,9,0,0,0,0
S01011643,35 to 49,76,60,48,12,16,5,0,3,5,3
S01011643,50 to 64,52,38,36,2,14,4,1,2,5,2
S01011643,65 to 74,30,15,15,0,15,2,1,0,4,8
S01011643,75 to 84,19,7,7,0,12,1,0,0,2,9
S01011643,85 and over,10,1,1,0,9,1,0,0,0,8
S01011644,All HRPs,339,178,156,22,161,45,3,7,21,85
S01011644,24 and under,1,0,0,0,1,1,0,0,0,0
S01011644,25 to 34,30,15,9,6,15,13,0,1,1,0
S01011644,35 to 49,75,58,49,9,17,7,0,6,4,0
S01011644,50 to 64,88,63,57,6,25,10,0,0,9,6
S01011644,65 to 74,47,21,21,0,26,4,0,0,3,19
S01011644,75 to 84,70,16,16,0,54,7,2,0,4,41
S01011644,85 and over,28,5,4,1,23,3,1,0,0,19
S01011645,All HRPs,257,123,103,20,134,53,2,9,27,43
S01011645,24 and under,5,1,0,1,4,4,0,0,0,0
S01011645,25 to 34,28,14,7,7,14,13,0,0,1,0
S01011645,35 to 49,59,31,25,6,28,16,1,6,5,0
S01011645,50 to 64,59,31,26,5,28,9,0,1,15,3
S01011645,65 to 74,51,27,26,1,24,6,0,2,4,12
S01011645,75 to 84,45,19,19,0,26,5,1,0,2,18
S01011645,85 and over,10,0,0,0,10,0,0,0,0,10
S01011646,All HRPs,262,211,198,13,51,5,3,10,11,22
S01011646,24 and under,2,0,0,0,2,2,0,0,0,0
S01011646,25 to 34,15,11,9,2,4,1,0,2,0,1
S01011646,35 to 49,59,49,42,7,10,2,1,4,3,0
S01011646,50 to 64,116,100,97,3,16,0,0,4,7,5
S01011646,65 to 74,43,32,32,0,11,0,1,0,1,9
S01011646,75 to 84,26,18,17,1,8,0,1,0,0,7
S01011646,85 and over,1,1,1,0,0,0,0,0,0,0
S01011647,All HRPs,330,229,189,40,101,38,1,14,25,23
S01011647,24 and under,4,0,0,0,4,4,0,0,0,0
S01011647,25 to 34,47,35,19,16,12,11,0,1,0,0
S01011647,35 to 49,140,98,80,18,42,19,1,10,11,1
S01011647,50 to 64,94,68,64,4,26,3,0,3,12,8
S01011647,65 to 74,25,16,15,1,9,1,0,0,2,6
S01011647,75 to 84,18,12,11,1,6,0,0,0,0,6
S01011647,85 and over,2,0,0,0,2,0,0,0,0,2
S01011648,All HRPs,276,168,116,52,108,56,3,7,29,13
S01011648,24 and under,8,2,0,2,6,4,0,0,2,0
S01011648,25 to 34,83,54,28,26,29,26,0,1,2,0
S01011648,35 to 49,109,76,57,19,33,22,1,4,6,0
S01011648,50 to 64,49,23,19,4,26,4,2,2,16,2
S01011648,65 to 74,18,9,8,1,9,0,0,0,3,6
S01011648,75 to 84,7,3,3,0,4,0,0,0,0,4
S01011648,85 and over,2,1,1,0,1,0,0,0,0,1
S01011649,All HRPs,243,99,65,34,144,62,4,13,29,36
S01011649,24 and under,15,2,0,2,13,13,0,0,0,0
S01011649,25 to 34,51,26,7,19,25,23,0,1,1,0
S01011649,35 to 49,73,33,24,9,40,18,1,7,13,1
S01011649,50 to 64,46,21,17,4,25,7,2,3,9,4
S01011649,65 to 74,30,13,13,0,17,1,0,2,5,9
S01011649,75 to 84,18,3,3,0,15,0,1,0,1,13
S01011649,85 and over,10,1,1,0,9,0,0,0,0,9
S01011650,All HRPs,308,178,153,25,130,32,2,16,31,49
S01011650,24 and under,5,4,1,3,1,1,0,0,0,0
S01011650,25 to 34,33,16,4,12,17,14,0,2,1,0
S01011650,35 to 49,82,57,52,5,25,7,0,10,8,0
S01011650,50 to 64,103,63,59,4,40,8,1,4,20,7
S01011650,65 to 74,44,24,23,1,20,2,0,0,1,17
S01011650,75 to 84,36,14,14,0,22,0,1,0,1,20
S01011650,85 and over,5,0,0,0,5,0,0,0,0,5
S01011651,All HRPs,446,196,157,39,250,114,2,20,38,76
S01011651,24 and under,14,3,2,1,11,11,0,0,0,0
S01011651,25 to 34,74,25,12,13,49,47,0,0,1,1
S01011651,35 to 49,137,69,52,17,68,34,0,11,18,5
S01011651,50 to 64,86,48,42,6,38,9,1,6,14,8
S01011651,65 to 74,74,31,30,1,43,9,1,3,5,25
S01011651,75 to 84,45,16,15,1,29,3,0,0,0,26
S01011651,85 and over,16,4,4,0,12,1,0,0,0,11
S01011652,All HRPs,311,179,154,25,132,62,2,15,22,31
S01011652,24 and under,17,5,0,5,12,12,0,0,0,0
S01011652,25 to 34,39,21,13,8,18,14,0,4,0,0
S01011652,35 to 49,87,52,42,10,35,22,1,8,3,1
S01011652,50 to 64,112,73,71,2,39,8,1,3,17,10
S01011652,65 to 74,33,21,21,0,12,4,0,0,2,6
S01011652,75 to 84,18,7,7,0,11,2,0,0,0,9
S01011652,85 and over,5,0,0,0,5,0,0,0,0,5
S01011653,All HRPs,340,179,148,31,161,57,2,15,36,51
S01011653,24 and under,11,2,0,2,9,9,0,0,0,0
S01011653,25 to 34,36,19,13,6,17,16,0,1,0,0
S01011653,35 to 49,104,68,52,16,36,13,1,9,12,1
S01011653,50 to 64,97,57,51,6,40,5,1,4,20,10
S01011653,65 to 74,49,20,19,1,29,10,0,1,3,15
S01011653,75 to 84,30,10,10,0,20,3,0,0,1,16
S01011653,85 and over,13,3,3,0,10,1,0,0,0,9
S01011654,All HRPs,521,193,151,42,328,161,5,28,48,86
S01011654,24 and under,32,7,1,6,25,25,0,0,0,0
S01011654,25 to 34,88,36,17,19,52,52,0,0,0,0
S01011654,35 to 49,127,56,43,13,71,44,0,14,10,3
S01011654,50 to 64,118,50,47,3,68,24,2,14,21,7
S01011654,65 to 74,68,22,22,0,46,9,0,0,11,26
S01011654,75 to 84,70,20,19,1,50,6,3,0,6,35
S01011654,85 and over,18,2,2,0,16,1,0,0,0,15
S01011655,All HRPs,471,130,109,21,341,156,1,32,72,80
S01011655,24 and under,37,1,0,1,36,36,0,0,0,0
S01011655,25 to 34,72,23,14,9,49,47,0,1,1,0
S01011655,35 to 49,111,31,22,9,80,38,1,16,25,0
S01011655,50 to 64,122,49,47,2,73,22,0,12,33,6
S01011655,65 to 74,62,19,19,0,43,7,0,0,11,25
S01011655,75 to 84,49,7,7,0,42,4,0,2,2,34
S01011655,85 and over,18,0,0,0,18,2,0,1,0,15
S01011656,All HRPs,287,99,70,29,188,87,3,17,49,32
S01011656,24 and under,28,7,0,7,21,19,2,0,0,0
S01011656,25 to 34,50,15,8,7,35,32,0,1,0,2
S01011656,35 to 49,80,29,23,6,51,26,0,8,15,2
S01011656,50 to 64,82,33,25,8,49,7,1,8,28,5
S01011656,65 to 74,26,9,9,0,17,2,0,0,5,10
S01011656,75 to 84,18,6,5,1,12,1,0,0,1,10
S01011656,85 and over,3,0,0,0,3,0,0,0,0,3
S01011657,All HRPs,281,78,54,24,203,106,2,22,38,35
S01011657,24 and under,30,10,1,9,20,20,0,0,0,0
S01011657,25 to 34,49,13,4,9,36,32,0,2,2,0
S01011657,35 to 49,71,22,19,3,49,31,0,7,10,1
S01011657,50 to 64,84,25,22,3,59,21,2,8,18,10
S01011657,65 to 74,27,6,6,0,21,1,0,4,6,10
S01011657,75 to 84,14,2,2,0,12,0,0,1,2,9
S01011657,85 and over,6,0,0,0,6,1,0,0,0,5
S01011658,All HRPs,304,146,121,25,158,65,1,9,30,53
S01011658,24 and under,17,3,0,3,14,14,0,0,0,0
S01011658,25 to 34,36,12,5,7,24,22,0,2,0,0
S01011658,35 to 49,80,45,36,9,35,23,1,5,6,0
S01011658,50 to 64,92,52,48,4,40,5,0,1,21,13
S01011658,65 to 74,37,19,18,1,18,0,0,1,2,15
S01011658,75 to 84,37,13,12,1,24,1,0,0,1,22
S01011658,85 and over,5,2,2,0,3,0,0,0,0,3
S01011659,All HRPs,353,168,142,26,185,76,3,24,28,54
S01011659,24 and under,27,11,0,11,16,16,0,0,0,0
S01011659,25 to 34,32,10,5,5,22,21,0,0,1,0
S01011659,35 to 49,98,40,31,9,58,27,0,17,12,2
S01011659,50 to 64,85,54,53,1,31,5,1,4,14,7
S01011659,65 to 74,58,35,35,0,23,3,1,2,1,16
S01011659,75 to 84,47,17,17,0,30,4,1,1,0,24
S01011659,85 and over,6,1,1,0,5,0,0,0,0,5
S01011660,All HRPs,379,234,200,34,145,59,5,13,24,44
S01011660,24 and under,12,3,0,3,9,9,0,0,0,0
S01011660,25 to 34,39,20,9,11,19,17,0,1,1,0
S01011660,35 to 49,101,61,51,10,40,22,1,10,6,1
S01011660,50 to 64,134,101,91,10,33,8,2,2,14,7
S01011660,65 to 74,50,28,28,0,22,3,1,0,2,16
S01011660,75 to 84,38,18,18,0,20,0,1,0,1,18
S01011660,85 and over,5,3,3,0,2,0,0,0,0,2
S01011661,All HRPs,246,117,95,22,129,53,3,14,24,35
S01011661,24 and under,12,2,0,2,10,10,0,0,0,0
S01011661,25 to 34,28,10,3,7,18,14,1,1,2,0
S01011661,35 to 49,82,40,32,8,42,22,0,7,10,3
S01011661,50 to 64,52,28,24,4,24,5,1,5,10,3
S01011661,65 to 74,49,31,30,1,18,0,1,0,2,15
S01011661,75 to 84,23,6,6,0,17,2,0,1,0,14
S01011661,85 and over,0,0,0,0,0,0,0,0,0,0
S01011662,All HRPs,237,170,147,23,67,20,2,13,16,16
S01011662,24 and under,2,1,0,1,1,1,0,0,0,0
S01011662,25 to 34,36,26,18,8,10,6,1,0,3,0
S01011662,35 to 49,100,77,67,10,23,9,0,6,6,2
S01011662,50 to 64,66,50,46,4,16,2,1,7,6,0
S01011662,65 to 74,24,13,13,0,11,1,0,0,1,9
S01011662,75 to 84,8,3,3,0,5,1,0,0,0,4
S01011662,85 and over,1,0,0,0,1,0,0,0,0,1
S01011663,All HRPs,428,164,113,51,264,139,1,34,65,25
S01011663,24 and under,36,4,1,3,32,30,0,1,0,1
S01011663,25 to 34,97,34,15,19,63,57,0,4,2,0
S01011663,35 to 49,167,73,51,22,94,42,1,19,28,4
S01011663,50 to 64,85,37,30,7,48,10,0,7,24,7
S01011663,65 to 74,29,10,10,0,19,0,0,1,11,7
S01011663,75 to 84,13,6,6,0,7,0,0,2,0,5
S01011663,85 and over,1,0,0,0,1,0,0,0,0,1
S01011664,All HRPs,408,200,162,38,208,74,2,28,35,69
S01011664,24 and under,6,1,0,1,5,5,0,0,0,0
S01011664,25 to 34,48,22,11,11,26,22,1,3,0,0
S01011664,35 to 49,124,65,47,18,59,27,0,15,14,3
S01011664,50 to 64,109,69,61,8,40,10,0,8,16,6
S01011664,65 to 74,82,33,33,0,49,7,0,1,5,36
S01011664,75 to 84,30,8,8,0,22,2,1,0,0,19
S01011664,85 and over,9,2,2,0,7,1,0,1,0,5
S01011665,All HRPs,428,158,117,41,270,121,2,31,51,65
S01011665,24 and under,27,8,0,8,19,18,0,0,0,1
S01011665,25 to 34,61,24,10,14,37,34,0,3,0,0
S01011665,35 to 49,111,43,31,12,68,41,1,10,14,2
S01011665,50 to 64,107,45,39,6,62,16,1,13,25,7
S01011665,65 to 74,71,25,25,0,46,9,0,3,10,24
S01011665,75 to 84,37,11,10,1,26,2,0,2,2,20
S01011665,85 and over,14,2,2,0,12,1,0,0,0,11
S01011666,All HRPs,454,154,126,28,300,129,4,25,60,82
S01011666,24 and under,17,3,0,3,14,14,0,0,0,0
S01011666,25 to 34,58,17,6,11,41,36,0,3,2,0
S01011666,35 to 49,131,42,36,6,89,51,3,15,17,3
S01011666,50 to 64,101,48,42,6,53,14,1,3,21,14
S01011666,65 to 74,82,27,26,1,55,8,0,4,16,27
S01011666,75 to 84,46,14,14,0,32,5,0,0,3,24
S01011666,85 and over,19,3,2,1,16,1,0,0,1,14
S01011667,All HRPs,375,150,111,39,225,99,1,18,60,47
S01011667,24 and under,19,8,2,6,11,11,0,0,0,0
S01011667,25 to 34,55,25,10,15,30,27,0,1,1,1
S01011667,35 to 49,103,47,32,15,56,33,0,10,12,1
S01011667,50 to 64,101,39,37,2,62,22,1,5,28,6
S01011667,65 to 74,55,22,21,1,33,4,0,1,13,15
S01011667,75 to 84,35,7,7,0,28,1,0,1,6,20
S01011667,85 and over,7,2,2,0,5,1,0,0,0,4
S01011668,All HRPs,429,178,128,50,251,117,2,44,48,40
S01011668,24 and under,23,5,1,4,18,17,0,0,1,0
S01011668,25 to 34,75,24,10,14,51,39,1,7,4,0
S01011668,35 to 49,154,61,39,22,93,45,1,27,19,1
S01011668,50 to 64,111,63,55,8,48,11,0,5,21,11
S01011668,65 to 74,45,19,17,2,26,3,0,3,2,18
S01011668,75 to 84,19,6,6,0,13,0,0,2,1,10
S01011668,85 and over,2,0,0,0,2,2,0,0,0,0
S01011669,All HRPs,299,158,135,23,141,52,2,9,28,50
S01011669,24 and under,4,1,0,1,3,3,0,0,0,0
S01011669,25 to 34,22,14,7,7,8,7,0,0,1,0
S01011669,35 to 49,78,40,30,10,38,27,1,3,6,1
S01011669,50 to 64,81,48,44,4,33,8,1,3,15,6
S01011669,65 to 74,67,40,39,1,27,4,0,0,6,17
S01011669,75 to 84,37,12,12,0,25,3,0,1,0,21
S01011669,85 and over,10,3,3,0,7,0,0,2,0,5
S01011670,All HRPs,234,94,68,26,140,65,0,14,25,36
S01011670,24 and under,15,0,0,0,15,15,0,0,0,0
S01011670,25 to 34,49,23,12,11,26,22,0,0,2,2
S01011670,35 to 49,80,36,25,11,44,18,0,12,11,3
S01011670,50 to 64,51,23,20,3,28,7,0,2,11,8
S01011670,65 to 74,18,7,6,1,11,2,0,0,0,9
S01011670,75 to 84,14,4,4,0,10,1,0,0,1,8
S01011670,85 and over,7,1,1,0,6,0,0,0,0,6
S01011671,All HRPs,316,166,145,21,150,52,4,14,30,50
S01011671,24 and under,6,1,0,1,5,5,0,0,0,0
S01011671,25 to 34,31,16,11,5,15,15,0,0,0,0
S01011671,35 to 49,84,48,38,10,36,16,2,9,8,1
S01011671,50 to 64,85,57,53,4,28,5,1,4,16,2
S01011671,65 to 74,50,27,26,1,23,4,0,1,4,14
S01011671,75 to 84,46,15,15,0,31,5,1,0,2,23
S01011671,85 and over,14,2,2,0,12,2,0,0,0,10
S01011672,All HRPs,275,133,111,22,142,36,2,18,31,55
S01011672,24 and under,5,1,0,1,4,4,0,0,0,0
S01011672,25 to 34,33,17,11,6,16,13,0,3,0,0
S01011672,35 to 49,64,35,26,9,29,7,0,9,12,1
S01011672,50 to 64,80,50,45,5,30,5,0,4,15,6
S01011672,65 to 74,43,13,13,0,30,5,2,2,4,17
S01011672,75 to 84,42,16,15,1,26,2,0,0,0,24
S01011672,85 and over,8,1,1,0,7,0,0,0,0,7
S01011673,All HRPs,275,141,113,28,134,52,3,15,32,32
S01011673,24 and under,7,3,1,2,4,4,0,0,0,0
S01011673,25 to 34,44,15,4,11,29,25,2,2,0,0
S01011673,35 to 49,80,47,35,12,33,13,1,7,12,0
S01011673,50 to 64,78,51,49,2,27,7,0,5,11,4
S01011673,65 to 74,38,18,18,0,20,3,0,1,6,10
S01011673,75 to 84,27,6,5,1,21,0,0,0,3,18
S01011673,85 and over,1,1,1,0,0,0,0,0,0,0
S01011674,All HRPs,434,260,202,58,174,61,4,16,45,48
S01011674,24 and under,11,5,0,5,6,6,0,0,0,0
S01011674,25 to 34,84,60,29,31,24,21,1,2,0,0
S01011674,35 to 49,134,88,70,18,46,18,1,7,20,0
S01011674,50 to 64,102,65,61,4,37,11,0,5,15,6
S01011674,65 to 74,52,26,26,0,26,1,0,2,9,14
S01011674,75 to 84,37,14,14,0,23,3,0,0,0,20
S01011674,85 and over,14,2,2,0,12,1,2,0,1,8
S01011675,All HRPs,387,199,163,36,188,71,2,28,30,57
S01011675,24 and under,8,3,2,1,5,5,0,0,0,0
S01011675,25 to 34,42,20,10,10,22,17,1,3,0,1
S01011675,35 to 49,116,56,40,16,60,31,0,16,12,1
S01011675,50 to 64,113,67,60,7,46,9,1,9,15,12
S01011675,65 to 74,64,38,37,1,26,5,0,0,3,18
S01011675,75 to 84,38,14,13,1,24,4,0,0,0,20
S01011675,85 and over,6,1,1,0,5,0,0,0,0,5
S01011676,All HRPs,311,133,112,21,178,77,0,28,27,46
S01011676,24 and under,10,0,0,0,10,10,0,0,0,0
S01011676,25 to 34,42,13,8,5,29,23,0,5,1,0
S01011676,35 to 49,100,40,34,6,60,30,0,15,13,2
S01011676,50 to 64,72,42,34,8,30,10,0,6,11,3
S01011676,65 to 74,47,28,26,2,19,2,0,2,0,15
S01011676,75 to 84,31,9,9,0,22,1,0,0,2,19
S01011676,85 and over,9,1,1,0,8,1,0,0,0,7
S01011677,All HRPs,258,127,89,38,131,65,2,29,25,10
S01011677,24 and under,19,3,1,2,16,16,0,0,0,0
S01011677,25 to 34,67,26,11,15,41,32,2,7,0,0
S01011677,35 to 49,97,58,41,17,39,11,0,14,14,0
S01011677,50 to 64,53,31,27,4,22,5,0,7,8,2
S01011677,65 to 74,12,6,6,0,6,1,0,1,3,1
S01011677,75 to 84,9,3,3,0,6,0,0,0,0,6
S01011677,85 and over,1,0,0,0,1,0,0,0,0,1
S01011678,All HRPs,222,84,67,17,138,65,1,17,18,37
S01011678,24 and under,13,2,0,2,11,11,0,0,0,0
S01011678,25 to 34,30,9,2,7,21,18,0,1,0,2
S01011678,35 to 49,61,28,23,5,33,18,1,5,6,3
S01011678,50 to 64,56,23,20,3,33,9,0,11,8,5
S01011678,65 to 74,41,15,15,0,26,6,0,0,4,16
S01011678,75 to 84,16,7,7,0,9,3,0,0,0,6
S01011678,85 and over,5,0,0,0,5,0,0,0,0,5
S01011679,All HRPs,204,152,115,37,52,18,1,13,9,11
S01011679,24 and under,3,2,1,1,1,1,0,0,0,0
S01011679,25 to 34,54,42,23,19,12,9,0,2,1,0
S01011679,35 to 49,91,69,56,13,22,5,1,11,5,0
S01011679,50 to 64,37,32,28,4,5,2,0,0,2,1
S01011679,65 to 74,12,4,4,0,8,1,0,0,1,6
S01011679,75 to 84,7,3,3,0,4,0,0,0,0,4
S01011679,85 and over,0,0,0,0,0,0,0,0,0,0
S01011680,All HRPs,454,210,166,44,244,94,7,18,40,85
S01011680,24 and under,11,1,1,0,10,9,0,0,1,0
S01011680,25 to 34,51,28,12,16,23,22,0,1,0,0
S01011680,35 to 49,137,77,61,16,60,34,1,10,14,1
S01011680,50 to 64,108,59,50,9,49,14,2,3,18,12
S01011680,65 to 74,69,24,22,2,45,8,3,3,6,25
S01011680,75 to 84,57,18,17,1,39,5,1,1,0,32
S01011680,85 and over,21,3,3,0,18,2,0,0,1,15
S01011681,All HRPs,345,200,159,41,145,49,3,17,33,43
S01011681,24 and under,7,1,0,1,6,5,1,0,0,0
S01011681,25 to 34,55,36,16,20,19,17,0,1,1,0
S01011681,35 to 49,101,64,53,11,37,15,1,8,13,0
S01011681,50 to 64,99,62,53,9,37,6,0,4,18,9
S01011681,65 to 74,42,22,22,0,20,4,0,4,0,12
S01011681,75 to 84,31,13,13,0,18,1,1,0,1,15
S01011681,85 and over,10,2,2,0,8,1,0,0,0,7
S01011682,All HRPs,182,109,102,7,73,29,4,12,12,16
S01011682,24 and under,4,0,0,0,4,4,0,0,0,0
S01011682,25 to 34,18,7,5,2,11,8,0,1,2,0
S01011682,35 to 49,61,42,37,5,19,10,2,5,2,0
S01011682,50 to 64,55,34,34,0,21,4,1,4,7,5
S01011682,65 to 74,26,17,17,0,9,1,0,2,1,5
S01011682,75 to 84,16,9,9,0,7,2,1,0,0,4
S01011682,85 and over,2,0,0,0,2,0,0,0,0,2
S01011683,All HRPs,306,174,139,35,132,49,2,18,33,30
S01011683,24 and under,15,6,2,4,9,9,0,0,0,0
S01011683,25 to 34,35,20,12,8,15,15,0,0,0,0
S01011683,35 to 49,99,58,44,14,41,16,0,7,15,3
S01011683,50 to 64,94,58,49,9,36,4,0,9,15,8
S01011683,65 to 74,35,20,20,0,15,1,0,2,3,9
S01011683,75 to 84,19,11,11,0,8,2,0,0,0,6
S01011683,85 and over,9,1,1,0,8,2,2,0,0,4
S01011684,All HRPs,234,128,118,10,106,38,0,10,18,40
S01011684,24 and under,4,0,0,0,4,4,0,0,0,0
S01011684,25 to 34,26,17,13,4,9,9,0,0,0,0
S01011684,35 to 49,68,46,41,5,22,10,0,7,5,0
S01011684,50 to 64,62,34,34,0,28,8,0,3,9,8
S01011684,65 to 74,43,23,22,1,20,7,0,0,2,11
S01011684,75 to 84,23,7,7,0,16,0,0,0,2,14
S01011684,85 and over,8,1,1,0,7,0,0,0,0,7
S01011685,All HRPs,279,200,164,36,79,38,1,11,18,11
S01011685,24 and under,3,1,0,1,2,2,0,0,0,0
S01011685,25 to 34,52,37,26,11,15,14,0,0,1,0
S01011685,35 to 49,131,101,83,18,30,17,0,6,7,0
S01011685,50 to 64,58,42,36,6,16,2,1,4,8,1
S01011685,65 to 74,20,12,12,0,8,1,0,1,2,4
S01011685,75 to 84,10,7,7,0,3,0,0,0,0,3
S01011685,85 and over,5,0,0,0,5,2,0,0,0,3
S01011686,All HRPs,344,238,205,33,106,33,1,8,28,36
S01011686,24 and under,6,0,0,0,6,6,0,0,0,0
S01011686,25 to 34,41,23,10,13,18,13,0,3,1,1
S01011686,35 to 49,99,78,66,12,21,10,0,1,9,1
S01011686,50 to 64,122,92,87,5,30,4,1,4,15,6
S01011686,65 to 74,42,25,24,1,17,0,0,0,2,15
S01011686,75 to 84,31,20,18,2,11,0,0,0,1,10
S01011686,85 and over,3,0,0,0,3,0,0,0,0,3
S01011687,All HRPs,386,185,146,39,201,63,1,22,42,73
S01011687,24 and under,11,3,1,2,8,8,0,0,0,0
S01011687,25 to 34,57,30,11,19,27,24,0,1,2,0
S01011687,35 to 49,107,63,48,15,44,16,1,12,14,1
S01011687,50 to 64,107,58,55,3,49,10,0,8,16,15
S01011687,65 to 74,58,24,24,0,34,4,0,1,9,20
S01011687,75 to 84,32,5,5,0,27,0,0,0,1,26
S01011687,85 and over,14,2,2,0,12,1,0,0,0,11
S01011688,All HRPs,307,213,178,35,94,40,0,12,19,23
S01011688,24 and under,9,4,0,4,5,5,0,0,0,0
S01011688,25 to 34,37,26,14,12,11,7,0,1,3,0
S01011688,35 to 49,142,101,90,11,41,20,0,10,10,1
S01011688,50 to 64,71,54,47,7,17,6,0,1,4,6
S01011688,65 to 74,30,19,19,0,11,1,0,0,2,8
S01011688,75 to 84,18,9,8,1,9,1,0,0,0,8
S01011688,85 and over,0,0,0,0,0,0,0,0,0,0
S01011689,All HRPs,248,194,170,24,54,19,4,7,9,15
S01011689,24 and under,1,0,0,0,1,1,0,0,0,0
S01011689,25 to 34,23,20,14,6,3,3,0,0,0,0
S01011689,35 to 49,105,84,69,15,21,8,2,6,3,2
S01011689,50 to 64,74,61,59,2,13,5,0,1,5,2
S01011689,65 to 74,26,21,21,0,5,1,0,0,1,3
S01011689,75 to 84,18,7,7,0,11,1,2,0,0,8
S01011689,85 and over,1,1,0,1,0,0,0,0,0,0
S01011690,All HRPs,396,252,187,65,144,67,3,18,25,31
S01011690,24 and under,8,5,0,5,3,3,0,0,0,0
S01011690,25 to 34,80,55,35,20,25,21,1,3,0,0
S01011690,35 to 49,169,116,82,34,53,31,0,10,10,2
S01011690,50 to 64,88,57,51,6,31,9,1,5,12,4
S01011690,65 to 74,27,13,13,0,14,0,1,0,3,10
S01011690,75 to 84,20,6,6,0,14,3,0,0,0,11
S01011690,85 and over,4,0,0,0,4,0,0,0,0,4
S01011691,All HRPs,224,152,123,29,72,28,2,6,16,20
S01011691,24 and under,1,1,0,1,0,0,0,0,0,0
S01011691,25 to 34,41,24,16,8,17,14,0,1,2,0
S01011691,35 to 49,94,71,58,13,23,10,1,5,6,1
S01011691,50 to 64,52,38,32,6,14,4,1,0,5,4
S01011691,65 to 74,27,15,14,1,12,0,0,0,3,9
S01011691,75 to 84,7,3,3,0,4,0,0,0,0,4
S01011691,85 and over,2,0,0,0,2,0,0,0,0,2
S01011692,All HRPs,455,223,166,57,232,96,0,19,46,71
S01011692,24 and under,19,6,0,6,13,13,0,0,0,0
S01011692,25 to 34,50,27,11,16,23,23,0,0,0,0
S01011692,35 to 49,134,73,50,23,61,23,0,15,21,2
S01011692,50 to 64,124,68,60,8,56,25,0,3,15,13
S01011692,65 to 74,90,38,34,4,52,11,0,1,8,32
S01011692,75 to 84,34,10,10,0,24,1,0,0,1,22
S01011692,85 and over,4,1,1,0,3,0,0,0,1,2
S01011693,All HRPs,367,207,159,48,160,67,1,18,27,47
S01011693,24 and under,18,9,0,9,9,6,0,3,0,0
S01011693,25 to 34,74,39,25,14,35,30,0,3,2,0
S01011693,35 to 49,101,59,42,17,42,23,0,8,9,2
S01011693,50 to 64,91,67,60,7,24,5,0,1,11,7
S01011693,65 to 74,48,23,22,1,25,1,1,3,4,16
S01011693,75 to 84,31,9,9,0,22,2,0,0,1,19
S01011693,85 and over,4,1,1,0,3,0,0,0,0,3
S01011694,All HRPs,200,135,111,24,65,28,2,7,18,10
S01011694,24 and under,3,1,0,1,2,2,0,0,0,0
S01011694,25 to 34,42,29,20,9,13,11,0,1,0,1
S01011694,35 to 49,101,73,60,13,28,12,2,4,8,2
S01011694,50 to 64,41,25,24,1,16,2,0,2,9,3
S01011694,65 to 74,6,6,6,0,0,0,0,0,0,0
S01011694,75 to 84,6,1,1,0,5,1,0,0,1,3
S01011694,85 and over,1,0,0,0,1,0,0,0,0,1
S01011695,All HRPs,333,257,222,35,76,28,0,12,21,15
S01011695,24 and under,1,1,1,0,0,0,0,0,0,0
S01011695,25 to 34,56,44,29,15,12,6,0,5,1,0
S01011695,35 to 49,147,114,101,13,33,14,0,5,13,1
S01011695,50 to 64,87,73,69,4,14,5,0,2,6,1
S01011695,65 to 74,23,17,16,1,6,0,0,0,1,5
S01011695,75 to 84,17,7,5,2,10,3,0,0,0,7
S01011695,85 and over,2,1,1,0,1,0,0,0,0,1
S01011696,All HRPs,351,286,248,38,65,22,6,13,19,5
S01011696,24 and under,4,3,2,1,1,1,0,0,0,0
S01011696,25 to 34,45,38,32,6,7,5,0,1,1,0
S01011696,35 to 49,203,162,138,24,41,11,6,10,13,1
S01011696,50 to 64,87,74,67,7,13,4,0,2,4,3
S01011696,65 to 74,8,5,5,0,3,1,0,0,1,1
S01011696,75 to 84,4,4,4,0,0,0,0,0,0,0
S01011696,85 and over,0,0,0,0,0,0,0,0,0,0
S01011697,All HRPs,398,245,202,43,153,54,2,31,38,28
S01011697,24 and under,4,1,0,1,3,3,0,0,0,0
S01011697,25 to 34,67,45,32,13,22,19,0,3,0,0
S01011697,35 to 49,181,120,95,25,61,22,2,20,17,0
S01011697,50 to 64,81,51,47,4,30,7,0,7,12,4
S01011697,65 to 74,37,19,19,0,18,1,0,1,6,10
S01011697,75 to 84,19,6,6,0,13,2,0,0,2,9
S01011697,85 and over,9,3,3,0,6,0,0,0,1,5
S01011698,All HRPs,271,141,116,25,130,45,3,12,21,49
S01011698,24 and under,5,1,0,1,4,4,0,0,0,0
S01011698,25 to 34,27,14,5,9,13,12,1,0,0,0
S01011698,35 to 49,76,50,40,10,26,17,0,3,4,2
S01011698,50 to 64,92,52,47,5,40,8,1,5,11,15
S01011698,65 to 74,48,19,19,0,29,0,1,4,6,18
S01011698,75 to 84,17,3,3,0,14,4,0,0,0,10
S01011698,85 and over,6,2,2,0,4,0,0,0,0,4
S01011699,All HRPs,387,241,213,28,146,53,3,19,34,37
S01011699,24 and under,7,2,0,2,5,5,0,0,0,0
S01011699,25 to 34,41,21,15,6,20,19,0,1,0,0
S01011699,35 to 49,108,77,67,10,31,15,2,9,5,0
S01011699,50 to 64,135,85,75,10,50,10,1,9,21,9
S01011699,65 to 74,55,35,35,0,20,2,0,0,6,12
S01011699,75 to 84,33,17,17,0,16,1,0,0,2,13
S01011699,85 and over,8,4,4,0,4,1,0,0,0,3
S01011700,All HRPs,354,172,150,22,182,67,3,15,35,62
S01011700,24 and under,5,1,0,1,4,4,0,0,0,0
S01011700,25 to 34,32,14,4,10,18,12,1,5,0,0
S01011700,35 to 49,82,46,38,8,36,19,2,1,11,3
S01011700,50 to 64,119,67,64,3,52,21,0,5,16,10
S01011700,65 to 74,56,22,22,0,34,3,0,3,6,22
S01011700,75 to 84,47,16,16,0,31,6,0,1,2,22
S01011700,85 and over,13,6,6,0,7,2,0,0,0,5
S01011701,All HRPs,444,260,219,41,184,67,3,31,32,51
S01011701,24 and under,12,6,0,6,6,6,0,0,0,0
S01011701,25 to 34,61,30,16,14,31,23,1,4,3,0
S01011701,35 to 49,140,85,77,8,55,26,1,12,14,2
S01011701,50 to 64,123,83,74,9,40,9,0,12,15,4
S01011701,65 to 74,58,37,34,3,21,1,0,3,0,17
S01011701,75 to 84,42,15,14,1,27,2,1,0,0,24
S01011701,85 and over,8,4,4,0,4,0,0,0,0,4
S01011702,All HRPs,335,194,169,25,141,46,1,5,32,57
S01011702,24 and under,3,2,0,2,1,1,0,0,0,0
S01011702,25 to 34,23,13,10,3,10,10,0,0,0,0
S01011702,35 to 49,73,53,39,14,20,9,0,3,8,0
S01011702,50 to 64,127,78,74,4,49,17,0,2,19,11
S01011702,65 to 74,46,27,25,2,19,2,1,0,4,12
S01011702,75 to 84,44,17,17,0,27,6,0,0,0,21
S01011702,85 and over,19,4,4,0,15,1,0,0,1,13
S01011703,All HRPs,255,164,147,17,91,29,4,11,15,32
S01011703,24 and under,2,2,0,2,0,0,0,0,0,0
S01011703,25 to 34,18,12,6,6,6,4,0,2,0,0
S01011703,35 to 49,75,54,48,6,21,12,0,5,4,0
S01011703,50 to 64,89,66,63,3,23,10,0,2,8,3
S01011703,65 to 74,35,19,19,0,16,2,1,2,1,10
S01011703,75 to 84,22,11,11,0,11,0,0,0,2,9
S01011703,85 and over,14,0,0,0,14,1,3,0,0,10
S01011704,All HRPs,274,180,158,22,94,46,2,6,16,24
S01011704,24 and under,2,0,0,0,2,2,0,0,0,0
S01011704,25 to 34,26,15,8,7,11,10,0,0,1,0
S01011704,35 to 49,134,103,92,11,31,18,0,3,6,4
S01011704,50 to 64,64,38,34,4,26,11,1,1,8,5
S01011704,65 to 74,18,10,10,0,8,1,0,2,0,5
S01011704,75 to 84,22,12,12,0,10,3,0,0,1,6
S01011704,85 and over,8,2,2,0,6,1,1,0,0,4
S01011705,All HRPs,318,148,117,31,170,83,5,25,29,28
S01011705,24 and under,20,2,0,2,18,16,0,2,0,0
S01011705,25 to 34,48,18,8,10,30,25,0,4,1,0
S01011705,35 to 49,117,62,47,15,55,24,1,13,17,0
S01011705,50 to 64,69,46,42,4,23,4,2,4,9,4
S01011705,65 to 74,28,12,12,0,16,3,2,2,2,7
S01011705,75 to 84,30,8,8,0,22,10,0,0,0,12
S01011705,85 and over,6,0,0,0,6,1,0,0,0,5
S01011706,All HRPs,450,222,188,34,228,89,2,18,44,75
S01011706,24 and under,9,5,1,4,4,4,0,0,0,0
S01011706,25 to 34,42,15,5,10,27,25,0,0,2,0
S01011706,35 to 49,134,77,65,12,57,33,0,12,11,1
S01011706,50 to 64,105,70,64,6,35,11,0,3,15,6
S01011706,65 to 74,83,34,32,2,49,6,1,1,10,31
S01011706,75 to 84,56,17,17,0,39,7,1,2,6,23
S01011706,85 and over,21,4,4,0,17,3,0,0,0,14
S01011707,All HRPs,283,203,185,18,80,17,3,8,17,35
S01011707,24 and under,2,1,0,1,1,1,0,0,0,0
S01011707,25 to 34,18,15,10,5,3,3,0,0,0,0
S01011707,35 to 49,75,61,53,8,14,8,1,1,4,0
S01011707,50 to 64,97,69,65,4,28,3,2,5,7,11
S01011707,65 to 74,62,43,43,0,19,1,0,2,5,11
S01011707,75 to 84,25,13,13,0,12,1,0,0,1,10
S01011707,85 and over,4,1,1,0,3,0,0,0,0,3
S01011708,All HRPs,448,185,155,30,263,111,3,33,46,70
S01011708,24 and under,11,5,0,5,6,6,0,0,0,0
S01011708,25 to 34,46,18,7,11,28,28,0,0,0,0
S01011708,35 to 49,112,51,44,7,61,31,2,11,16,1
S01011708,50 to 64,145,74,68,6,71,26,1,13,18,13
S01011708,65 to 74,75,26,25,1,49,11,0,5,10,23
S01011708,75 to 84,47,11,11,0,36,4,0,3,2,27
S01011708,85 and over,12,0,0,0,12,5,0,1,0,6
S01011709,All HRPs,370,235,190,45,135,52,3,16,21,43
S01011709,24 and under,5,3,0,3,2,2,0,0,0,0
S01011709,25 to 34,37,24,13,11,13,12,0,1,0,0
S01011709,35 to 49,130,89,66,23,41,23,0,8,9,1
S01011709,50 to 64,105,69,63,6,36,10,2,5,11,8
S01011709,65 to 74,51,33,32,1,18,2,1,1,1,13
S01011709,75 to 84,33,14,13,1,19,3,0,1,0,15
S01011709,85 and over,9,3,3,0,6,0,0,0,0,6
S01011710,All HRPs,257,119,84,35,138,53,3,13,41,28
S01011710,24 and under,13,6,0,6,7,7,0,0,0,0
S01011710,25 to 34,41,25,7,18,16,13,1,2,0,0
S01011710,35 to 49,90,32,27,5,58,27,1,7,23,0
S01011710,50 to 64,67,40,35,5,27,2,1,4,13,7
S01011710,65 to 74,32,14,13,1,18,3,0,0,4,11
S01011710,75 to 84,11,2,2,0,9,1,0,0,1,7
S01011710,85 and over,3,0,0,0,3,0,0,0,0,3
S01011711,All HRPs,321,122,76,46,199,78,2,24,38,57
S01011711,24 and under,16,5,0,5,11,11,0,0,0,0
S01011711,25 to 34,51,22,6,16,29,26,0,2,0,1
S01011711,35 to 49,89,38,19,19,51,24,1,10,16,0
S01011711,50 to 64,76,28,23,5,48,11,0,12,17,8
S01011711,65 to 74,45,18,17,1,27,5,1,0,5,16
S01011711,75 to 84,28,9,9,0,19,1,0,0,0,18
S01011711,85 and over,16,2,2,0,14,0,0,0,0,14
S01011712,All HRPs,294,105,67,38,189,83,6,18,30,52
S01011712,24 and under,10,3,0,3,7,7,0,0,0,0
S01011712,25 to 34,58,21,9,12,37,30,5,2,0,0
S01011712,35 to 49,94,40,23,17,54,33,1,7,11,2
S01011712,50 to 64,69,24,18,6,45,10,0,8,16,11
S01011712,65 to 74,32,10,10,0,22,3,0,1,2,16
S01011712,75 to 84,22,5,5,0,17,0,0,0,1,16
S01011712,85 and over,9,2,2,0,7,0,0,0,0,7
S01011713,All HRPs,389,238,202,36,151,37,5,15,24,70
S01011713,24 and under,4,1,0,1,3,2,0,1,0,0
S01011713,25 to 34,30,24,11,13,6,4,1,1,0,0
S01011713,35 to 49,90,60,47,13,30,13,0,7,9,1
S01011713,50 to 64,149,106,97,9,43,13,3,4,11,12
S01011713,65 to 74,59,29,29,0,30,2,0,2,4,22
S01011713,75 to 84,48,17,17,0,31,2,1,0,0,28
S01011713,85 and over,9,1,1,0,8,1,0,0,0,7
S01011714,All HRPs,194,149,122,27,45,17,0,12,12,4
S01011714,24 and under,2,1,1,0,1,1,0,0,0,0
S01011714,25 to 34,35,29,18,11,6,6,0,0,0,0
S01011714,35 to 49,105,82,68,14,23,8,0,9,6,0
S01011714,50 to 64,42,31,29,2,11,1,0,2,6,2
S01011714,65 to 74,6,4,4,0,2,0,0,1,0,1
S01011714,75 to 84,3,1,1,0,2,1,0,0,0,1
S01011714,85 and over,1,1,1,0,0,0,0,0,0,0
S01011715,All HRPs,297,124,94,30,173,81,0,24,34,34
S01011715,24 and under,16,3,0,3,13,13,0,0,0,0
S01011715,25 to 34,49,20,10,10,29,20,0,8,0,1
S01011715,35 to 49,97,44,28,16,53,35,0,6,11,1
S01011715,50 to 64,63,29,28,1,34,6,0,5,16,7
S01011715,65 to 74,43,18,18,0,25,5,0,2,5,13
S01011715,75 to 84,24,10,10,0,14,1,0,3,2,8
S01011715,85 and over,5,0,0,0,5,1,0,0,0,4
S01011716,All HRPs,351,234,191,43,117,58,0,15,22,22
S01011716,24 and under,9,6,0,6,3,3,0,0,0,0
S01011716,25 to 34,71,42,27,15,29,26,0,2,1,0
S01011716,35 to 49,142,103,89,14,39,24,0,6,9,0
S01011716,50 to 64,90,59,53,6,31,4,0,6,10,11
S01011716,65 to 74,26,20,18,2,6,1,0,0,0,5
S01011716,75 to 84,11,3,3,0,8,0,0,1,2,5
S01011716,85 and over,2,1,1,0,1,0,0,0,0,1
S01011717,All HRPs,294,210,184,26,84,12,1,13,21,37
S01011717,24 and under,1,0,0,0,1,0,0,0,1,0
S01011717,25 to 34,15,13,7,6,2,1,0,1,0,0
S01011717,35 to 49,71,61,48,13,10,4,0,3,1,2
S01011717,50 to 64,124,89,82,7,35,5,1,5,15,9
S01011717,65 to 74,60,36,36,0,24,2,0,4,4,14
S01011717,75 to 84,19,11,11,0,8,0,0,0,0,8
S01011717,85 and over,4,0,0,0,4,0,0,0,0,4
S01011718,All HRPs,289,206,168,38,83,41,5,12,15,10
S01011718,24 and under,7,1,0,1,6,6,0,0,0,0
S01011718,25 to 34,75,51,37,14,24,20,0,3,1,0
S01011718,35 to 49,142,113,95,18,29,11,2,9,6,1
S01011718,50 to 64,48,33,28,5,15,3,1,0,7,4
S01011718,65 to 74,9,6,6,0,3,0,1,0,1,1
S01011718,75 to 84,7,2,2,0,5,1,1,0,0,3
S01011718,85 and over,1,0,0,0,1,0,0,0,0,1
S01011719,All HRPs,224,172,144,28,52,20,1,7,14,10
S01011719,24 and under,5,2,0,2,3,3,0,0,0,0
S01011719,25 to 34,17,13,8,5,4,3,0,0,1,0
S01011719,35 to 49,101,77,62,15,24,10,1,4,8,1
S01011719,50 to 64,86,72,66,6,14,3,0,3,4,4
S01011719,65 to 74,11,7,7,0,4,1,0,0,1,2
S01011719,75 to 84,2,1,1,0,1,0,0,0,0,1
S01011719,85 and over,2,0,0,0,2,0,0,0,0,2
S01011720,All HRPs,213,159,143,16,54,21,0,5,8,20
S01011720,24 and under,2,2,0,2,0,0,0,0,0,0
S01011720,25 to 34,16,10,5,5,6,5,0,1,0,0
S01011720,35 to 49,51,35,29,6,16,11,0,2,1,2
S01011720,50 to 64,93,74,71,3,19,5,0,2,5,7
S01011720,65 to 74,36,28,28,0,8,0,0,0,2,6
S01011720,75 to 84,13,8,8,0,5,0,0,0,0,5
S01011720,85 and over,2,2,2,0,0,0,0,0,0,0
S01011721,All HRPs,305,176,157,19,129,25,0,21,35,48
S01011721,24 and under,1,1,0,1,0,0,0,0,0,0
S01011721,25 to 34,35,22,13,9,13,8,0,3,2,0
S01011721,35 to 49,70,43,39,4,27,12,0,6,9,0
S01011721,50 to 64,114,67,63,4,47,4,0,11,21,11
S01011721,65 to 74,47,24,23,1,23,1,0,1,1,20
S01011721,75 to 84,30,19,19,0,11,0,0,0,2,9
S01011721,85 and over,8,0,0,0,8,0,0,0,0,8
S01011722,All HRPs,317,157,123,34,160,40,0,13,38,69
S01011722,24 and under,8,2,0,2,6,5,0,0,1,0
S01011722,25 to 34,30,13,4,9,17,14,0,1,2,0
S01011722,35 to 49,73,43,27,16,30,16,0,7,7,0
S01011722,50 to 64,104,63,57,6,41,4,0,4,21,12
S01011722,65 to 74,50,26,26,0,24,0,0,0,5,19
S01011722,75 to 84,41,10,9,1,31,0,0,1,2,28
S01011722,85 and over,11,0,0,0,11,1,0,0,0,10
S01011723,All HRPs,397,249,214,35,148,43,0,20,34,51
S01011723,24 and under,6,4,0,4,2,2,0,0,0,0
S01011723,25 to 34,45,30,18,12,15,12,0,2,1,0
S01011723,35 to 49,124,86,71,15,38,21,0,10,7,0
S01011723,50 to 64,121,79,76,3,42,5,0,6,20,11
S01011723,65 to 74,56,35,34,1,21,1,0,1,5,14
S01011723,75 to 84,38,15,15,0,23,1,0,1,1,20
S01011723,85 and over,7,0,0,0,7,1,0,0,0,6
S01011724,All HRPs,261,156,112,44,105,48,1,21,22,13
S01011724,24 and under,6,2,1,1,4,4,0,0,0,0
S01011724,25 to 34,62,30,15,15,32,22,1,8,1,0
S01011724,35 to 49,127,86,63,23,41,21,0,7,10,3
S01011724,50 to 64,56,34,30,4,22,1,0,6,11,4
S01011724,65 to 74,5,3,2,1,2,0,0,0,0,2
S01011724,75 to 84,5,1,1,0,4,0,0,0,0,4
S01011724,85 and over,0,0,0,0,0,0,0,0,0,0
S01011725,All HRPs,219,176,145,31,43,13,0,7,15,8
S01011725,24 and under,4,1,0,1,3,3,0,0,0,0
S01011725,25 to 34,26,22,12,10,4,3,0,1,0,0
S01011725,35 to 49,105,85,72,13,20,5,0,5,8,2
S01011725,50 to 64,67,58,51,7,9,1,0,1,5,2
S01011725,65 to 74,11,5,5,0,6,1,0,0,2,3
S01011725,75 to 84,6,5,5,0,1,0,0,0,0,1
S01011725,85 and over,0,0,0,0,0,0,0,0,0,0
S01011726,All HRPs,208,150,134,16,58,21,0,11,18,8
S01011726,24 and under,1,0,0,0,1,1,0,0,0,0
S01011726,25 to 34,34,27,20,7,7,6,0,0,1,0
S01011726,35 to 49,90,62,55,7,28,10,0,7,10,1
S01011726,50 to 64,65,49,47,2,16,4,0,3,7,2
S01011726,65 to 74,14,11,11,0,3,0,0,1,0,2
S01011726,75 to 84,3,1,1,0,2,0,0,0,0,2
S01011726,85 and over,1,0,0,0,1,0,0,0,0,1
S01011727,All HRPs,261,200,175,25,61,24,1,14,17,5
S01011727,24 and under,3,2,1,1,1,1,0,0,0,0
S01011727,25 to 34,49,33,26,7,16,14,0,2,0,0
S01011727,35 to 49,135,111,97,14,24,6,1,10,7,0
S01011727,50 to 64,56,43,41,2,13,2,0,2,9,0
S01011727,65 to 74,16,10,9,1,6,1,0,0,1,4
S01011727,75 to 84,1,0,0,0,1,0,0,0,0,1
S01011727,85 and over,1,1,1,0,0,0,0,0,0,0
S01011728,All HRPs,393,199,157,42,194,76,3,22,36,57
S01011728,24 and under,19,6,1,5,13,13,0,0,0,0
S01011728,25 to 34,67,34,15,19,33,27,0,6,0,0
S01011728,35 to 49,88,40,30,10,48,21,0,7,18,2
S01011728,50 to 64,129,78,71,7,51,9,1,7,18,16
S01011728,65 to 74,47,29,29,0,18,2,1,0,0,15
S01011728,75 to 84,36,12,11,1,24,4,0,2,0,18
S01011728,85 and over,7,0,0,0,7,0,1,0,0,6
S01011729,All HRPs,302,126,104,22,176,75,0,13,43,45
S01011729,24 and under,7,2,0,2,5,5,0,0,0,0
S01011729,25 to 34,46,12,5,7,34,30,0,1,2,1
S01011729,35 to 49,86,41,33,8,45,26,0,4,15,0
S01011729,50 to 64,76,39,34,5,37,10,0,8,15,4
S01011729,65 to 74,52,22,22,0,30,1,0,0,9,20
S01011729,75 to 84,29,9,9,0,20,3,0,0,2,15
S01011729,85 and over,6,1,1,0,5,0,0,0,0,5
S01011730,All HRPs,431,238,215,23,193,65,5,27,33,63
S01011730,24 and under,7,0,0,0,7,7,0,0,0,0
S01011730,25 to 34,40,17,6,11,23,18,2,0,3,0
S01011730,35 to 49,84,40,33,7,44,27,0,10,6,1
S01011730,50 to 64,164,111,107,4,53,11,1,13,16,12
S01011730,65 to 74,83,54,53,1,29,1,1,4,5,18
S01011730,75 to 84,46,15,15,0,31,1,1,0,3,26
S01011730,85 and over,7,1,1,0,6,0,0,0,0,6
S01011731,All HRPs,352,191,163,28,161,29,3,16,47,66
S01011731,24 and under,4,2,0,2,2,2,0,0,0,0
S01011731,25 to 34,33,22,10,12,11,11,0,0,0,0
S01011731,35 to 49,91,57,47,10,34,9,2,6,16,1
S01011731,50 to 64,104,61,58,3,43,5,0,7,21,10
S01011731,65 to 74,74,35,35,0,39,0,1,3,8,27
S01011731,75 to 84,35,11,11,0,24,2,0,0,1,21
S01011731,85 and over,11,3,2,1,8,0,0,0,1,7
S01011732,All HRPs,299,244,224,20,55,13,1,4,10,27
S01011732,24 and under,0,0,0,0,0,0,0,0,0,0
S01011732,25 to 34,16,14,11,3,2,2,0,0,0,0
S01011732,35 to 49,64,57,47,10,7,4,1,0,1,1
S01011732,50 to 64,157,131,125,6,26,5,0,4,8,9
S01011732,65 to 74,44,32,31,1,12,0,0,0,1,11
S01011732,75 to 84,16,9,9,0,7,1,0,0,0,6
S01011732,85 and over,2,1,1,0,1,1,0,0,0,0
S01011733,All HRPs,352,216,182,34,136,51,1,11,23,50
S01011733,24 and under,4,3,1,2,1,1,0,0,0,0
S01011733,25 to 34,48,20,6,14,28,27,0,0,1,0
S01011733,35 to 49,83,55,43,12,28,17,1,4,5,1
S01011733,50 to 64,102,81,76,5,21,5,0,5,7,4
S01011733,65 to 74,73,40,39,1,33,1,0,1,10,21
S01011733,75 to 84,36,17,17,0,19,0,0,1,0,18
S01011733,85 and over,6,0,0,0,6,0,0,0,0,6
S01011734,All HRPs,335,184,163,21,151,53,2,23,29,44
S01011734,24 and under,5,1,0,1,4,4,0,0,0,0
S01011734,25 to 34,30,13,8,5,17,16,0,1,0,0
S01011734,35 to 49,96,50,41,9,46,21,1,15,8,1
S01011734,50 to 64,93,66,61,5,27,6,0,4,12,5
S01011734,65 to 74,64,36,36,0,28,5,1,0,8,14
S01011734,75 to 84,41,16,16,0,25,1,0,3,1,20
S01011734,85 and over,6,2,1,1,4,0,0,0,0,4
S01011735,All HRPs,288,217,199,18,71,11,2,9,13,36
S01011735,24 and under,1,1,0,1,0,0,0,0,0,0
S01011735,25 to 34,16,10,7,3,6,4,0,1,1,0
S01011735,35 to 49,68,53,43,10,15,5,0,6,3,1
S01011735,50 to 64,106,91,87,4,15,2,1,2,7,3
S01011735,65 to 74,63,47,47,0,16,0,0,0,2,14
S01011735,75 to 84,31,14,14,0,17,0,1,0,0,16
S01011735,85 and over,3,1,1,0,2,0,0,0,0,2
S01011736,All HRPs,317,150,112,38,167,63,3,23,42,36
S01011736,24 and under,13,5,0,5,8,8,0,0,0,0
S01011736,25 to 34,57,28,12,16,29,22,2,3,2,0
S01011736,35 to 49,111,57,45,12,54,28,1,15,10,0
S01011736,50 to 64,74,41,36,5,33,4,0,4,21,4
S01011736,65 to 74,36,14,14,0,22,0,0,1,7,14
S01011736,75 to 84,25,5,5,0,20,1,0,0,2,17
S01011736,85 and over,1,0,0,0,1,0,0,0,0,1
S01011737,All HRPs,294,141,118,23,153,63,0,19,25,46
S01011737,24 and under,15,1,0,1,14,14,0,0,0,0
S01011737,25 to 34,29,15,7,8,14,13,0,1,0,0
S01011737,35 to 49,105,57,46,11,48,26,0,13,9,0
S01011737,50 to 64,66,39,39,0,27,6,0,3,12,6
S01011737,65 to 74,35,19,18,1,16,2,0,2,2,10
S01011737,75 to 84,36,9,8,1,27,0,0,0,1,26
S01011737,85 and over,8,1,0,1,7,2,0,0,1,4
S01011738,All HRPs,466,200,155,45,266,133,6,37,56,34
S01011738,24 and under,45,8,1,7,37,37,0,0,0,0
S01011738,25 to 34,65,32,13,19,33,27,1,4,1,0
S01011738,35 to 49,156,63,48,15,93,50,1,18,21,3
S01011738,50 to 64,122,64,60,4,58,13,2,14,26,3
S01011738,65 to 74,43,19,19,0,24,4,1,1,7,11
S01011738,75 to 84,30,14,14,0,16,1,1,0,1,13
S01011738,85 and over,5,0,0,0,5,1,0,0,0,4
S01011739,All HRPs,226,111,88,23,115,25,3,15,29,43
S01011739,24 and under,6,1,0,1,5,5,0,0,0,0
S01011739,25 to 34,12,9,2,7,3,3,0,0,0,0
S01011739,35 to 49,76,36,25,11,40,16,0,8,14,2
S01011739,50 to 64,61,36,32,4,25,1,1,6,11,6
S01011739,65 to 74,35,15,15,0,20,0,1,1,2,16
S01011739,75 to 84,32,11,11,0,21,0,1,0,2,18
S01011739,85 and over,4,3,3,0,1,0,0,0,0,1
S01011740,All HRPs,356,127,88,39,229,86,19,26,58,40
S01011740,24 and under,16,6,0,6,10,10,0,0,0,0
S01011740,25 to 34,68,18,7,11,50,25,17,6,1,1
S01011740,35 to 49,113,44,28,16,69,36,2,7,22,2
S01011740,50 to 64,90,29,23,6,61,11,0,7,29,14
S01011740,65 to 74,44,22,22,0,22,4,0,5,5,8
S01011740,75 to 84,22,7,7,0,15,0,0,1,1,13
S01011740,85 and over,3,1,1,0,2,0,0,0,0,2
S01011741,All HRPs,296,128,106,22,168,65,2,22,33,46
S01011741,24 and under,13,1,0,1,12,11,0,1,0,0
S01011741,25 to 34,42,13,4,9,29,23,1,2,3,0
S01011741,35 to 49,85,41,33,8,44,23,0,11,9,1
S01011741,50 to 64,75,37,34,3,38,3,0,7,19,9
S01011741,65 to 74,49,22,21,1,27,5,1,0,2,19
S01011741,75 to 84,27,13,13,0,14,0,0,1,0,13
S01011741,85 and over,5,1,1,0,4,0,0,0,0,4
S01011742,All HRPs,333,171,142,29,162,47,2,23,38,52
S01011742,24 and under,11,2,1,1,9,9,0,0,0,0
S01011742,25 to 34,35,21,13,8,14,13,0,1,0,0
S01011742,35 to 49,96,48,37,11,48,19,1,13,11,4
S01011742,50 to 64,96,58,52,6,38,5,0,7,18,8
S01011742,65 to 74,55,28,25,3,27,0,1,2,7,17
S01011742,75 to 84,37,14,14,0,23,0,0,0,2,21
S01011742,85 and over,3,0,0,0,3,1,0,0,0,2
S01011743,All HRPs,379,180,126,54,199,62,5,26,49,57
S01011743,24 and under,16,5,2,3,11,11,0,0,0,0
S01011743,25 to 34,71,44,14,30,27,23,1,2,0,1
S01011743,35 to 49,88,44,31,13,44,20,0,14,9,1
S01011743,50 to 64,88,43,38,5,45,6,0,10,25,4
S01011743,65 to 74,64,29,28,1,35,1,0,0,11,23
S01011743,75 to 84,42,15,13,2,27,1,3,0,3,20
S01011743,85 and over,10,0,0,0,10,0,1,0,1,8
S01011744,All HRPs,462,170,113,57,292,103,7,22,67,93
S01011744,24 and under,30,10,2,8,20,18,0,0,0,2
S01011744,25 to 34,72,40,9,31,32,29,2,1,0,0
S01011744,35 to 49,104,36,25,11,68,40,2,6,16,4
S01011744,50 to 64,100,39,34,5,61,10,2,11,29,9
S01011744,65 to 74,62,26,25,1,36,1,0,3,11,21
S01011744,75 to 84,58,12,12,0,46,5,0,1,6,34
S01011744,85 and over,36,7,6,1,29,0,1,0,5,23
S01011745,All HRPs,398,139,115,24,259,61,7,17,39,135
S01011745,24 and under,9,0,0,0,9,9,0,0,0,0
S01011745,25 to 34,36,18,11,7,18,16,1,1,0,0
S01011745,35 to 49,87,40,30,10,47,21,1,11,12,2
S01011745,50 to 64,61,31,27,4,30,6,2,3,15,4
S01011745,65 to 74,79,23,21,2,56,3,0,1,12,40
S01011745,75 to 84,95,25,24,1,70,4,3,1,0,62
S01011745,85 and over,31,2,2,0,29,2,0,0,0,27
S01011746,All HRPs,215,103,82,21,112,38,5,18,29,22
S01011746,24 and under,6,3,1,2,3,3,0,0,0,0
S01011746,25 to 34,23,10,3,7,13,11,2,0,0,0
S01011746,35 to 49,67,35,26,9,32,8,0,10,13,1
S01011746,50 to 64,68,35,32,3,33,12,3,4,10,4
S01011746,65 to 74,36,14,14,0,22,3,0,4,5,10
S01011746,75 to 84,14,6,6,0,8,1,0,0,1,6
S01011746,85 and over,1,0,0,0,1,0,0,0,0,1
S01011747,All HRPs,413,159,126,33,254,106,9,33,61,45
S01011747,24 and under,30,4,1,3,26,25,0,1,0,0
S01011747,25 to 34,56,20,9,11,36,28,3,3,2,0
S01011747,35 to 49,136,48,36,12,88,42,2,17,26,1
S01011747,50 to 64,109,52,48,4,57,10,2,10,25,10
S01011747,65 to 74,48,20,18,2,28,1,0,2,6,19
S01011747,75 to 84,33,14,13,1,19,0,2,0,2,15
S01011747,85 and over,1,1,1,0,0,0,0,0,0,0
S01011748,All HRPs,375,135,100,35,240,110,4,35,56,35
S01011748,24 and under,14,2,0,2,12,12,0,0,0,0
S01011748,25 to 34,82,25,8,17,57,48,1,4,4,0
S01011748,35 to 49,130,48,37,11,82,41,1,21,19,0
S01011748,50 to 64,81,42,38,4,39,8,2,8,18,3
S01011748,65 to 74,44,13,13,0,31,1,0,2,9,19
S01011748,75 to 84,23,5,4,1,18,0,0,0,5,13
S01011748,85 and over,1,0,0,0,1,0,0,0,1,0
S01011749,All HRPs,370,101,51,50,269,129,7,50,64,19
S01011749,24 and under,63,19,0,19,44,44,0,0,0,0
S01011749,25 to 34,81,24,7,17,57,40,4,5,8,0
S01011749,35 to 49,132,37,24,13,95,33,1,29,31,1
S01011749,50 to 64,69,11,10,1,58,11,2,15,21,9
S01011749,65 to 74,19,9,9,0,10,0,0,1,3,6
S01011749,75 to 84,5,1,1,0,4,1,0,0,1,2
S01011749,85 and over,1,0,0,0,1,0,0,0,0,1
S01011750,All HRPs,398,176,145,31,222,74,5,27,53,63
S01011750,24 and under,15,2,0,2,13,13,0,0,0,0
S01011750,25 to 34,53,25,17,8,28,24,0,3,1,0
S01011750,35 to 49,118,56,42,14,62,25,0,15,21,1
S01011750,50 to 64,91,46,40,6,45,9,0,5,23,8
S01011750,65 to 74,65,27,26,1,38,1,1,4,8,24
S01011750,75 to 84,47,19,19,0,28,2,4,0,0,22
S01011750,85 and over,9,1,1,0,8,0,0,0,0,8
S01011751,All HRPs,532,135,76,59,397,199,6,41,106,45
S01011751,24 and under,48,11,2,9,37,37,0,0,0,0
S01011751,25 to 34,120,39,10,29,81,71,3,2,4,1
S01011751,35 to 49,181,41,25,16,140,70,2,23,40,5
S01011751,50 to 64,115,30,27,3,85,16,1,11,50,7
S01011751,65 to 74,39,6,5,1,33,5,0,4,8,16
S01011751,75 to 84,25,7,6,1,18,0,0,1,4,13
S01011751,85 and over,4,1,1,0,3,0,0,0,0,3
S01011752,All HRPs,460,176,121,55,284,124,5,30,61,64
S01011752,24 and under,14,6,0,6,8,8,0,0,0,0
S01011752,25 to 34,93,42,15,27,51,42,2,2,3,2
S01011752,35 to 49,148,47,33,14,101,57,2,18,22,2
S01011752,50 to 64,103,45,39,6,58,14,1,7,27,9
S01011752,65 to 74,48,23,21,2,25,2,0,2,5,16
S01011752,75 to 84,47,12,12,0,35,0,0,1,4,30
S01011752,85 and over,7,1,1,0,6,1,0,0,0,5
S01011753,All HRPs,366,202,156,46,164,67,0,12,35,50
S01011753,24 and under,13,7,0,7,6,6,0,0,0,0
S01011753,25 to 34,56,26,8,18,30,30,0,0,0,0
S01011753,35 to 49,93,52,34,18,41,24,0,6,10,1
S01011753,50 to 64,95,64,62,2,31,6,0,2,18,5
S01011753,65 to 74,63,33,32,1,30,0,0,3,5,22
S01011753,75 to 84,37,17,17,0,20,1,0,0,1,18
S01011753,85 and over,9,3,3,0,6,0,0,1,1,4
S01011754,All HRPs,339,172,150,22,167,49,4,15,42,57
S01011754,24 and under,11,2,0,2,9,9,0,0,0,0
S01011754,25 to 34,31,19,16,3,12,11,0,1,0,0
S01011754,35 to 49,87,52,37,15,35,17,2,6,10,0
S01011754,50 to 64,97,50,49,1,47,10,1,7,22,7
S01011754,65 to 74,50,24,24,0,26,0,1,1,7,17
S01011754,75 to 84,51,24,23,1,27,2,0,0,3,22
S01011754,85 and over,12,1,1,0,11,0,0,0,0,11
S01011755,All HRPs,456,188,145,43,268,140,3,32,52,41
S01011755,24 and under,23,6,0,6,17,17,0,0,0,0
S01011755,25 to 34,86,31,11,20,55,44,2,7,2,0
S01011755,35 to 49,169,62,51,11,107,68,0,18,20,1
S01011755,50 to 64,107,61,57,4,46,7,0,5,23,11
S01011755,65 to 74,40,19,19,0,21,3,1,2,7,8
S01011755,75 to 84,26,9,7,2,17,1,0,0,0,16
S01011755,85 and over,5,0,0,0,5,0,0,0,0,5
S01011756,All HRPs,430,198,155,43,232,105,1,22,65,39
S01011756,24 and under,20,5,0,5,15,15,0,0,0,0
S01011756,25 to 34,77,33,17,16,44,40,0,4,0,0
S01011756,35 to 49,139,63,50,13,76,38,0,12,26,0
S01011756,50 to 64,113,64,55,9,49,9,1,6,27,6
S01011756,65 to 74,49,23,23,0,26,2,0,0,12,12
S01011756,75 to 84,27,9,9,0,18,1,0,0,0,17
S01011756,85 and over,5,1,1,0,4,0,0,0,0,4
S01011757,All HRPs,327,148,108,40,179,58,2,24,28,67
S01011757,24 and under,16,5,1,4,11,11,0,0,0,0
S01011757,25 to 34,46,24,9,15,22,17,0,3,1,1
S01011757,35 to 49,81,43,29,14,38,17,1,10,9,1
S01011757,50 to 64,96,52,46,6,44,10,0,9,11,14
S01011757,65 to 74,40,16,16,0,24,0,0,2,7,15
S01011757,75 to 84,33,7,6,1,26,2,0,0,0,24
S01011757,85 and over,15,1,1,0,14,1,1,0,0,12
S01011758,All HRPs,252,141,116,25,111,33,0,15,37,26
S01011758,24 and under,3,1,0,1,2,2,0,0,0,0
S01011758,25 to 34,28,20,11,9,8,6,0,1,1,0
S01011758,35 to 49,88,46,34,12,42,22,0,7,13,0
S01011758,50 to 64,79,47,44,3,32,1,0,3,18,10
S01011758,65 to 74,38,21,21,0,17,1,0,4,5,7
S01011758,75 to 84,15,6,6,0,9,1,0,0,0,8
S01011758,85 and over,1,0,0,0,1,0,0,0,0,1
S01011759,All HRPs,340,207,177,30,133,26,1,13,48,45
S01011759,24 and under,4,0,0,0,4,4,0,0,0,0
S01011759,25 to 34,29,15,6,9,14,9,0,2,2,1
S01011759,35 to 49,91,60,43,17,31,9,0,6,15,1
S01011759,50 to 64,110,72,68,4,38,3,0,4,20,11
S01011759,65 to 74,76,46,46,0,30,1,0,1,11,17
S01011759,75 to 84,20,11,11,0,9,0,0,0,0,9
S01011759,85 and over,10,3,3,0,7,0,1,0,0,6
S01011760,All HRPs,411,195,136,59,216,91,4,20,55,46
S01011760,24 and under,23,7,0,7,16,16,0,0,0,0
S01011760,25 to 34,71,32,9,23,39,35,0,3,1,0
S01011760,35 to 49,123,60,38,22,63,29,0,9,24,1
S01011760,50 to 64,93,53,48,5,40,7,2,4,22,5
S01011760,65 to 74,73,32,30,2,41,3,2,4,5,27
S01011760,75 to 84,24,10,10,0,14,1,0,0,3,10
S01011760,85 and over,4,1,1,0,3,0,0,0,0,3
S01011761,All HRPs,272,138,97,41,134,56,0,26,25,27
S01011761,24 and under,7,3,0,3,4,4,0,0,0,0
S01011761,25 to 34,63,28,13,15,35,29,0,6,0,0
S01011761,35 to 49,109,64,46,18,45,18,0,13,14,0
S01011761,50 to 64,59,34,29,5,25,4,0,6,9,6
S01011761,65 to 74,20,7,7,0,13,0,0,1,2,10
S01011761,75 to 84,10,2,2,0,8,1,0,0,0,7
S01011761,85 and over,4,0,0,0,4,0,0,0,0,4
S01011762,All HRPs,322,107,74,33,215,106,1,21,45,42
S01011762,24 and under,30,3,1,2,27,27,0,0,0,0
S01011762,25 to 34,74,25,6,19,49,46,0,3,0,0
S01011762,35 to 49,90,32,22,10,58,25,0,10,23,0
S01011762,50 to 64,64,24,22,2,40,6,1,6,18,9
S01011762,65 to 74,41,16,16,0,25,1,0,2,4,18
S01011762,75 to 84,22,7,7,0,15,1,0,0,0,14
S01011762,85 and over,1,0,0,0,1,0,0,0,0,1
S01011763,All HRPs,350,192,170,22,158,48,2,21,24,63
S01011763,24 and under,9,0,0,0,9,9,0,0,0,0
S01011763,25 to 34,31,23,14,9,8,6,0,2,0,0
S01011763,35 to 49,90,52,44,8,38,22,1,8,6,1
S01011763,50 to 64,128,81,77,4,47,6,1,9,15,16
S01011763,65 to 74,50,26,26,0,24,4,0,2,3,15
S01011763,75 to 84,24,9,8,1,15,0,0,0,0,15
S01011763,85 and over,18,1,1,0,17,1,0,0,0,16
S01011764,All HRPs,136,99,91,8,37,6,2,6,10,13
S01011764,24 and under,2,0,0,0,2,2,0,0,0,0
S01011764,25 to 34,10,8,5,3,2,1,0,1,0,0
S01011764,35 to 49,43,33,28,5,10,2,1,3,4,0
S01011764,50 to 64,56,40,40,0,16,1,1,2,5,7
S01011764,65 to 74,20,15,15,0,5,0,0,0,1,4
S01011764,75 to 84,3,3,3,0,0,0,0,0,0,0
S01011764,85 and over,2,0,0,0,2,0,0,0,0,2
S01011765,All HRPs,380,266,234,32,114,40,2,22,23,27
S01011765,24 and under,7,2,0,2,5,5,0,0,0,0
S01011765,25 to 34,44,28,14,14,16,12,0,3,1,0
S01011765,35 to 49,136,95,83,12,41,18,1,12,9,1
S01011765,50 to 64,144,110,107,3,34,5,0,6,9,14
S01011765,65 to 74,34,23,22,1,11,0,0,0,4,7
S01011765,75 to 84,13,7,7,0,6,0,1,1,0,4
S01011765,85 and over,2,1,1,0,1,0,0,0,0,1
S01011766,All HRPs,209,149,135,14,60,16,1,7,18,18
S01011766,24 and under,5,1,0,1,4,4,0,0,0,0
S01011766,25 to 34,10,8,5,3,2,2,0,0,0,0
S01011766,35 to 49,73,52,47,5,21,7,1,4,8,1
S01011766,50 to 64,76,59,54,5,17,2,0,3,8,4
S01011766,65 to 74,31,22,22,0,9,0,0,0,2,7
S01011766,75 to 84,13,6,6,0,7,1,0,0,0,6
S01011766,85 and over,1,1,1,0,0,0,0,0,0,0
S01011767,All HRPs,443,175,148,27,268,105,4,19,63,77
S01011767,24 and under,25,6,4,2,19,19,0,0,0,0
S01011767,25 to 34,53,15,7,8,38,31,1,5,1,0
S01011767,35 to 49,91,35,26,9,56,43,0,3,10,0
S01011767,50 to 64,140,75,67,8,65,6,1,11,35,12
S01011767,65 to 74,65,25,25,0,40,1,1,0,11,27
S01011767,75 to 84,54,17,17,0,37,4,0,0,5,28
S01011767,85 and over,15,2,2,0,13,1,1,0,1,10
S01011768,All HRPs,342,133,101,32,209,110,0,30,53,16
S01011768,24 and under,23,4,0,4,19,18,0,1,0,0
S01011768,25 to 34,74,24,10,14,50,45,0,4,1,0
S01011768,35 to 49,118,49,37,12,69,34,0,13,22,0
S01011768,50 to 64,72,31,30,1,41,9,0,7,20,5
S01011768,65 to 74,35,17,16,1,18,2,0,5,7,4
S01011768,75 to 84,18,8,8,0,10,2,0,0,2,6
S01011768,85 and over,2,0,0,0,2,0,0,0,1,1
S01011769,All HRPs,321,125,103,22,196,70,3,26,45,52
S01011769,24 and under,12,4,1,3,8,8,0,0,0,0
S01011769,25 to 34,35,17,9,8,18,17,0,1,0,0
S01011769,35 to 49,83,22,13,9,61,29,1,17,14,0
S01011769,50 to 64,81,34,33,1,47,8,1,8,22,8
S01011769,65 to 74,59,32,31,1,27,5,0,0,8,14
S01011769,75 to 84,43,13,13,0,30,2,1,0,1,26
S01011769,85 and over,8,3,3,0,5,1,0,0,0,4
S01011770,All HRPs,409,153,121,32,256,98,2,32,62,62
S01011770,24 and under,22,5,1,4,17,17,0,0,0,0
S01011770,25 to 34,60,34,16,18,26,24,1,1,0,0
S01011770,35 to 49,96,39,31,8,57,22,0,15,18,2
S01011770,50 to 64,109,35,33,2,74,23,0,10,31,10
S01011770,65 to 74,61,20,20,0,41,4,1,4,13,19
S01011770,75 to 84,45,15,15,0,30,5,0,1,0,24
S01011770,85 and over,16,5,5,0,11,3,0,1,0,7
S01011771,All HRPs,238,187,168,19,51,10,2,14,16,9
S01011771,24 and under,1,0,0,0,1,1,0,0,0,0
S01011771,25 to 34,21,20,17,3,1,1,0,0,0,0
S01011771,35 to 49,98,79,69,10,19,5,1,9,3,1
S01011771,50 to 64,88,70,64,6,18,2,1,4,10,1
S01011771,65 to 74,21,14,14,0,7,0,0,0,3,4
S01011771,75 to 84,7,4,4,0,3,0,0,1,0,2
S01011771,85 and over,2,0,0,0,2,1,0,0,0,1
S01011772,All HRPs,390,314,295,19,76,15,2,16,11,32
S01011772,24 and under,3,0,0,0,3,3,0,0,0,0
S01011772,25 to 34,9,6,4,2,3,2,0,1,0,0
S01011772,35 to 49,136,113,103,10,23,4,0,12,7,0
S01011772,50 to 64,155,138,132,6,17,3,1,3,3,7
S01011772,65 to 74,59,45,44,1,14,2,0,0,1,11
S01011772,75 to 84,27,12,12,0,15,1,1,0,0,13
S01011772,85 and over,1,0,0,0,1,0,0,0,0,1
S01011773,All HRPs,200,160,138,22,40,14,1,10,10,5
S01011773,24 and under,3,0,0,0,3,3,0,0,0,0
S01011773,25 to 34,23,18,11,7,5,2,0,2,1,0
S01011773,35 to 49,104,87,75,12,17,7,0,4,5,1
S01011773,50 to 64,56,47,44,3,9,2,1,3,1,2
S01011773,65 to 74,9,4,4,0,5,0,0,1,3,1
S01011773,75 to 84,5,4,4,0,1,0,0,0,0,1
S01011773,85 and over,0,0,0,0,0,0,0,0,0,0
S01011774,All HRPs,354,212,186,26,142,53,3,30,41,15
S01011774,24 and under,5,0,0,0,5,5,0,0,0,0
S01011774,25 to 34,46,24,17,7,22,20,0,2,0,0
S01011774,35 to 49,173,118,104,14,55,21,2,20,12,0
S01011774,50 to 64,99,62,57,5,37,5,0,5,23,4
S01011774,65 to 74,21,5,5,0,16,0,0,3,6,7
S01011774,75 to 84,10,3,3,0,7,2,1,0,0,4
S01011774,85 and over,0,0,0,0,0,0,0,0,0,0
S01011775,All HRPs,228,173,152,21,55,16,3,16,17,3
S01011775,24 and under,0,0,0,0,0,0,0,0,0,0
S01011775,25 to 34,26,16,14,2,10,7,0,3,0,0
S01011775,35 to 49,125,101,86,15,24,7,1,8,7,1
S01011775,50 to 64,57,41,38,3,16,1,2,3,9,1
S01011775,65 to 74,10,6,5,1,4,0,0,2,1,1
S01011775,75 to 84,10,9,9,0,1,1,0,0,0,0
S01011775,85 and over,0,0,0,0,0,0,0,0,0,0
S01011776,All HRPs,319,282,246,36,37,10,2,12,7,6
S01011776,24 and under,2,2,0,2,0,0,0,0,0,0
S01011776,25 to 34,33,32,20,12,1,1,0,0,0,0
S01011776,35 to 49,197,175,157,18,22,7,0,10,2,3
S01011776,50 to 64,71,60,56,4,11,2,2,2,5,0
S01011776,65 to 74,13,11,11,0,2,0,0,0,0,2
S01011776,75 to 84,3,2,2,0,1,0,0,0,0,1
S01011776,85 and over,0,0,0,0,0,0,0,0,0,0
S01011777,All HRPs,264,164,133,31,100,39,1,15,27,18
S01011777,24 and under,2,1,0,1,1,1,0,0,0,0
S01011777,25 to 34,38,25,15,10,13,11,1,0,1,0
S01011777,35 to 49,122,82,69,13,40,22,0,8,8,2
S01011777,50 to 64,62,38,31,7,24,2,0,7,11,4
S01011777,65 to 74,27,12,12,0,15,2,0,0,6,7
S01011777,75 to 84,11,6,6,0,5,0,0,0,1,4
S01011777,85 and over,2,0,0,0,2,1,0,0,0,1
S01011778,All HRPs,261,150,125,25,111,38,1,11,37,24
S01011778,24 and under,4,2,0,2,2,2,0,0,0,0
S01011778,25 to 34,43,23,11,12,20,20,0,0,0,0
S01011778,35 to 49,98,70,62,8,28,11,0,6,11,0
S01011778,50 to 64,68,45,43,2,23,3,1,2,14,3
S01011778,65 to 74,25,6,6,0,19,2,0,2,8,7
S01011778,75 to 84,19,4,3,1,15,0,0,1,4,10
S01011778,85 and over,4,0,0,0,4,0,0,0,0,4
S01011779,All HRPs,324,226,202,24,98,31,3,7,18,39
S01011779,24 and under,5,0,0,0,5,5,0,0,0,0
S01011779,25 to 34,35,28,15,13,7,7,0,0,0,0
S01011779,35 to 49,102,77,71,6,25,12,1,4,7,1
S01011779,50 to 64,97,81,76,5,16,5,0,0,6,5
S01011779,65 to 74,50,27,27,0,23,2,1,3,3,14
S01011779,75 to 84,32,11,11,0,21,0,1,0,2,18
S01011779,85 and over,3,2,2,0,1,0,0,0,0,1
S01011780,All HRPs,315,260,236,24,55,12,6,1,14,22
S01011780,24 and under,1,0,0,0,1,1,0,0,0,0
S01011780,25 to 34,13,10,5,5,3,2,0,0,1,0
S01011780,35 to 49,123,108,100,8,15,8,0,1,5,1
S01011780,50 to 64,130,113,104,9,17,1,3,0,7,6
S01011780,65 to 74,33,23,22,1,10,0,1,0,1,8
S01011780,75 to 84,13,6,5,1,7,0,2,0,0,5
S01011780,85 and over,2,0,0,0,2,0,0,0,0,2
S01011781,All HRPs,214,155,138,17,59,14,1,8,15,21
S01011781,24 and under,5,0,0,0,5,5,0,0,0,0
S01011781,25 to 34,7,6,3,3,1,1,0,0,0,0
S01011781,35 to 49,78,65,55,10,13,3,0,6,3,1
S01011781,50 to 64,76,61,58,3,15,2,0,0,8,5
S01011781,65 to 74,29,14,14,0,15,3,1,1,3,7
S01011781,75 to 84,16,9,8,1,7,0,0,1,0,6
S01011781,85 and over,3,0,0,0,3,0,0,0,1,2
S01011782,All HRPs,271,193,183,10,78,19,1,6,23,29
S01011782,24 and under,1,0,0,0,1,1,0,0,0,0
S01011782,25 to 34,18,12,8,4,6,5,0,0,1,0
S01011782,35 to 49,59,46,44,2,13,5,0,2,5,1
S01011782,50 to 64,129,97,94,3,32,7,1,4,14,6
S01011782,65 to 74,44,30,29,1,14,0,0,0,2,12
S01011782,75 to 84,15,5,5,0,10,0,0,0,1,9
S01011782,85 and over,5,3,3,0,2,1,0,0,0,1
S01011783,All HRPs,213,167,149,18,46,14,0,8,8,16
S01011783,24 and under,5,1,0,1,4,4,0,0,0,0
S01011783,25 to 34,13,10,5,5,3,3,0,0,0,0
S01011783,35 to 49,58,49,41,8,9,5,0,1,3,0
S01011783,50 to 64,90,75,71,4,15,2,0,6,3,4
S01011783,65 to 74,29,20,20,0,9,0,0,1,2,6
S01011783,75 to 84,16,10,10,0,6,0,0,0,0,6
S01011783,85 and over,2,2,2,0,0,0,0,0,0,0
S01011784,All HRPs,349,174,138,36,175,62,1,16,43,53
S01011784,24 and under,11,3,0,3,8,8,0,0,0,0
S01011784,25 to 34,37,19,9,10,18,15,0,2,1,0
S01011784,35 to 49,101,48,34,14,53,27,0,9,16,1
S01011784,50 to 64,123,80,73,7,43,10,0,3,17,13
S01011784,65 to 74,41,14,13,1,27,2,0,2,8,15
S01011784,75 to 84,26,9,8,1,17,0,0,0,1,16
S01011784,85 and over,10,1,1,0,9,0,1,0,0,8
S01011785,All HRPs,389,201,179,22,188,43,3,16,48,78
S01011785,24 and under,5,1,0,1,4,4,0,0,0,0
S01011785,25 to 34,40,21,10,11,19,17,0,0,1,1
S01011785,35 to 49,84,49,42,7,35,13,0,10,12,0
S01011785,50 to 64,137,88,85,3,49,5,2,6,23,13
S01011785,65 to 74,57,23,23,0,34,3,0,0,9,22
S01011785,75 to 84,51,18,18,0,33,1,1,0,3,28
S01011785,85 and over,15,1,1,0,14,0,0,0,0,14
S01011786,All HRPs,124,106,85,21,18,5,1,5,5,2
S01011786,24 and under,1,0,0,0,1,1,0,0,0,0
S01011786,25 to 34,34,32,23,9,2,1,0,1,0,0
S01011786,35 to 49,71,57,50,7,14,3,1,4,5,1
S01011786,50 to 64,16,15,11,4,1,0,0,0,0,1
S01011786,65 to 74,1,1,0,1,0,0,0,0,0,0
S01011786,75 to 84,1,1,1,0,0,0,0,0,0,0
S01011786,85 and over,0,0,0,0,0,0,0,0,0,0
S01011787,All HRPs,483,178,144,34,305,148,6,19,47,85
S01011787,24 and under,31,1,0,1,30,30,0,0,0,0
S01011787,25 to 34,60,22,10,12,38,34,1,2,1,0
S01011787,35 to 49,151,64,52,12,87,53,2,11,19,2
S01011787,50 to 64,108,54,45,9,54,15,0,5,23,11
S01011787,65 to 74,70,24,24,0,46,10,0,1,4,31
S01011787,75 to 84,49,12,12,0,37,5,3,0,0,29
S01011787,85 and over,14,1,1,0,13,1,0,0,0,12
S01011788,All HRPs,225,197,177,20,28,4,1,6,5,12
S01011788,24 and under,2,1,0,1,1,1,0,0,0,0
S01011788,25 to 34,4,4,4,0,0,0,0,0,0,0
S01011788,35 to 49,109,100,89,11,9,2,1,3,1,2
S01011788,50 to 64,82,73,66,7,9,1,0,3,3,2
S01011788,65 to 74,15,14,13,1,1,0,0,0,1,0
S01011788,75 to 84,11,5,5,0,6,0,0,0,0,6
S01011788,85 and over,2,0,0,0,2,0,0,0,0,2
S01011789,All HRPs,284,170,156,14,114,30,0,7,31,46
S01011789,24 and under,5,3,0,3,2,1,0,0,0,1
S01011789,25 to 34,17,10,8,2,7,6,0,0,1,0
S01011789,35 to 49,77,44,41,3,33,12,0,5,14,2
S01011789,50 to 64,91,66,62,4,25,4,0,2,11,8
S01011789,65 to 74,51,35,34,1,16,2,0,0,5,9
S01011789,75 to 84,34,11,10,1,23,3,0,0,0,20
S01011789,85 and over,9,1,1,0,8,2,0,0,0,6
S01011790,All HRPs,404,224,178,46,180,72,3,21,42,42
S01011790,24 and under,18,4,0,4,14,11,0,0,0,3
S01011790,25 to 34,62,35,19,16,27,16,0,7,3,1
S01011790,35 to 49,132,76,58,18,56,32,0,7,11,6
S01011790,50 to 64,123,76,68,8,47,5,1,7,22,12
S01011790,65 to 74,43,26,26,0,17,5,0,0,5,7
S01011790,75 to 84,23,7,7,0,16,3,2,0,1,10
S01011790,85 and over,3,0,0,0,3,0,0,0,0,3
S01011791,All HRPs,347,160,124,36,187,78,2,21,42,44
S01011791,24 and under,16,8,1,7,8,8,0,0,0,0
S01011791,25 to 34,55,21,7,14,34,28,0,5,0,1
S01011791,35 to 49,89,53,45,8,36,17,0,7,11,1
S01011791,50 to 64,98,44,39,5,54,15,0,8,25,6
S01011791,65 to 74,42,14,14,0,28,5,1,1,5,16
S01011791,75 to 84,39,17,15,2,22,5,0,0,1,16
S01011791,85 and over,8,3,3,0,5,0,1,0,0,4
S01011792,All HRPs,515,188,153,35,327,111,5,27,53,131
S01011792,24 and under,13,5,1,4,8,8,0,0,0,0
S01011792,25 to 34,56,22,9,13,34,30,1,2,1,0
S01011792,35 to 49,108,52,44,8,56,35,1,10,9,1
S01011792,50 to 64,116,56,51,5,60,16,1,7,20,16
S01011792,65 to 74,94,31,28,3,63,10,1,5,17,30
S01011792,75 to 84,95,18,16,2,77,9,1,3,6,58
S01011792,85 and over,33,4,4,0,29,3,0,0,0,26
S01011793,All HRPs,327,171,135,36,156,46,3,11,33,63
S01011793,24 and under,1,1,0,1,0,0,0,0,0,0
S01011793,25 to 34,42,23,8,15,19,19,0,0,0,0
S01011793,35 to 49,81,52,39,13,29,10,2,6,9,2
S01011793,50 to 64,98,67,61,6,31,8,0,2,14,7
S01011793,65 to 74,43,16,16,0,27,7,1,1,4,14
S01011793,75 to 84,46,11,10,1,35,2,0,2,6,25
S01011793,85 and over,16,1,1,0,15,0,0,0,0,15
S01011794,All HRPs,414,198,162,36,216,73,4,19,65,55
S01011794,24 and under,12,5,1,4,7,7,0,0,0,0
S01011794,25 to 34,54,20,9,11,34,25,0,5,3,1
S01011794,35 to 49,129,72,58,14,57,27,2,9,19,0
S01011794,50 to 64,116,60,55,5,56,5,1,5,26,19
S01011794,65 to 74,70,29,27,2,41,7,0,0,14,20
S01011794,75 to 84,26,9,9,0,17,0,1,0,3,13
S01011794,85 and over,7,3,3,0,4,2,0,0,0,2
S01011795,All HRPs,317,137,108,29,180,100,1,15,36,28
S01011795,24 and under,26,3,0,3,23,23,0,0,0,0
S01011795,25 to 34,56,15,7,8,41,38,0,2,1,0
S01011795,35 to 49,70,31,18,13,39,20,0,4,13,2
S01011795,50 to 64,97,58,53,5,39,11,0,9,13,6
S01011795,65 to 74,37,21,21,0,16,2,0,0,9,5
S01011795,75 to 84,24,8,8,0,16,4,1,0,0,11
S01011795,85 and over,7,1,1,0,6,2,0,0,0,4
S01011796,All HRPs,354,129,93,36,225,93,1,25,55,51
S01011796,24 and under,19,5,1,4,14,14,0,0,0,0
S01011796,25 to 34,61,23,9,14,38,32,0,5,1,0
S01011796,35 to 49,111,49,37,12,62,22,0,10,26,4
S01011796,50 to 64,79,32,27,5,47,13,0,7,19,8
S01011796,65 to 74,44,11,10,1,33,9,0,2,8,14
S01011796,75 to 84,31,8,8,0,23,3,1,1,1,17
S01011796,85 and over,9,1,1,0,8,0,0,0,0,8
S01011797,All HRPs,385,296,271,25,89,23,0,13,11,42
S01011797,24 and under,1,1,0,1,0,0,0,0,0,0
S01011797,25 to 34,27,20,17,3,7,3,0,4,0,0
S01011797,35 to 49,121,102,94,8,19,9,0,3,5,2
S01011797,50 to 64,132,113,101,12,19,5,0,6,5,3
S01011797,65 to 74,61,41,40,1,20,5,0,0,1,14
S01011797,75 to 84,34,17,17,0,17,1,0,0,0,16
S01011797,85 and over,9,2,2,0,7,0,0,0,0,7
S01011798,All HRPs,242,122,81,41,120,39,1,19,24,37
S01011798,24 and under,10,5,0,5,5,5,0,0,0,0
S01011798,25 to 34,35,16,4,12,19,16,0,3,0,0
S01011798,35 to 49,70,39,22,17,31,11,1,6,11,2
S01011798,50 to 64,63,35,30,5,28,5,0,10,11,2
S01011798,65 to 74,30,16,14,2,14,0,0,0,1,13
S01011798,75 to 84,26,10,10,0,16,2,0,0,1,13
S01011798,85 and over,8,1,1,0,7,0,0,0,0,7
S01011799,All HRPs,357,239,219,20,118,31,1,15,27,44
S01011799,24 and under,4,2,0,2,2,2,0,0,0,0
S01011799,25 to 34,24,11,8,3,13,10,0,2,1,0
S01011799,35 to 49,97,64,57,7,33,15,1,7,9,1
S01011799,50 to 64,128,99,93,6,29,3,0,5,13,8
S01011799,65 to 74,61,44,43,1,17,1,0,1,3,12
S01011799,75 to 84,34,19,18,1,15,0,0,0,1,14
S01011799,85 and over,9,0,0,0,9,0,0,0,0,9
S01011800,All HRPs,219,128,112,16,91,25,2,10,18,36
S01011800,24 and under,4,2,0,2,2,2,0,0,0,0
S01011800,25 to 34,18,12,6,6,6,3,0,3,0,0
S01011800,35 to 49,54,35,29,6,19,7,1,4,5,2
S01011800,50 to 64,66,47,45,2,19,6,0,2,8,3
S01011800,65 to 74,40,20,20,0,20,6,0,1,5,8
S01011800,75 to 84,28,12,12,0,16,0,0,0,0,16
S01011800,85 and over,9,0,0,0,9,1,1,0,0,7
S01011801,All HRPs,253,122,98,24,131,70,1,17,26,17
S01011801,24 and under,18,3,0,3,15,15,0,0,0,0
S01011801,25 to 34,51,24,12,12,27,21,1,4,1,0
S01011801,35 to 49,78,36,30,6,42,22,0,8,11,1
S01011801,50 to 64,64,40,39,1,24,6,0,5,12,1
S01011801,65 to 74,28,14,13,1,14,4,0,0,2,8
S01011801,75 to 84,10,5,4,1,5,2,0,0,0,3
S01011801,85 and over,4,0,0,0,4,0,0,0,0,4
S01011802,All HRPs,361,144,124,20,217,79,1,27,33,77
S01011802,24 and under,15,2,2,0,13,13,0,0,0,0
S01011802,25 to 34,54,20,11,9,34,27,0,6,1,0
S01011802,35 to 49,97,41,34,7,56,28,0,11,17,0
S01011802,50 to 64,67,35,32,3,32,7,1,7,8,9
S01011802,65 to 74,56,26,25,1,30,2,0,3,6,19
S01011802,75 to 84,54,17,17,0,37,2,0,0,1,34
S01011802,85 and over,18,3,3,0,15,0,0,0,0,15
S01011803,All HRPs,236,133,119,14,103,29,2,22,25,25
S01011803,24 and under,3,2,2,0,1,1,0,0,0,0
S01011803,25 to 34,21,10,8,2,11,6,0,4,1,0
S01011803,35 to 49,75,48,40,8,27,12,0,10,5,0
S01011803,50 to 64,78,45,43,2,33,8,1,6,14,4
S01011803,65 to 74,31,19,18,1,12,2,1,1,2,6
S01011803,75 to 84,22,8,7,1,14,0,0,1,3,10
S01011803,85 and over,6,1,1,0,5,0,0,0,0,5
S01011804,All HRPs,379,150,105,45,229,83,3,25,60,58
S01011804,24 and under,13,2,1,1,11,11,0,0,0,0
S01011804,25 to 34,43,22,7,15,21,17,0,3,0,1
S01011804,35 to 49,107,43,24,19,64,27,1,11,23,2
S01011804,50 to 64,107,53,45,8,54,18,1,8,21,6
S01011804,65 to 74,61,20,18,2,41,8,1,1,14,17
S01011804,75 to 84,30,7,7,0,23,1,0,1,2,19
S01011804,85 and over,18,3,3,0,15,1,0,1,0,13
S01011805,All HRPs,279,115,93,22,164,65,7,12,41,39
S01011805,24 and under,15,2,0,2,13,13,0,0,0,0
S01011805,25 to 34,28,9,1,8,19,19,0,0,0,0
S01011805,35 to 49,69,36,28,8,33,17,1,6,8,1
S01011805,50 to 64,81,35,32,3,46,12,5,5,21,3
S01011805,65 to 74,45,20,19,1,25,1,1,1,8,14
S01011805,75 to 84,32,12,12,0,20,2,0,0,4,14
S01011805,85 and over,9,1,1,0,8,1,0,0,0,7
S01011806,All HRPs,362,202,166,36,160,61,3,14,34,48
S01011806,24 and under,13,7,4,3,6,6,0,0,0,0
S01011806,25 to 34,37,13,6,7,24,22,0,1,1,0
S01011806,35 to 49,88,61,46,15,27,9,1,9,7,1
S01011806,50 to 64,103,64,56,8,39,13,0,4,15,7
S01011806,65 to 74,67,40,37,3,27,5,1,0,9,12
S01011806,75 to 84,39,16,16,0,23,3,0,0,2,18
S01011806,85 and over,15,1,1,0,14,3,1,0,0,10
S01011807,All HRPs,444,294,244,50,150,47,9,14,25,55
S01011807,24 and under,6,5,0,5,1,1,0,0,0,0
S01011807,25 to 34,28,17,9,8,11,10,0,0,0,1
S01011807,35 to 49,105,75,58,17,30,16,3,8,3,0
S01011807,50 to 64,168,120,105,15,48,11,0,5,18,14
S01011807,65 to 74,86,56,51,5,30,7,2,1,4,16
S01011807,75 to 84,41,19,19,0,22,2,4,0,0,16
S01011807,85 and over,10,2,2,0,8,0,0,0,0,8
S01011808,All HRPs,287,154,124,30,133,45,1,17,26,44
S01011808,24 and under,14,6,0,6,8,7,0,0,0,1
S01011808,25 to 34,36,14,8,6,22,15,0,7,0,0
S01011808,35 to 49,75,56,44,12,19,12,0,4,3,0
S01011808,50 to 64,70,44,40,4,26,6,0,6,11,3
S01011808,65 to 74,40,17,15,2,23,1,0,0,9,13
S01011808,75 to 84,41,15,15,0,26,2,1,0,3,20
S01011808,85 and over,11,2,2,0,9,2,0,0,0,7
S01011809,All HRPs,302,204,173,31,98,40,2,7,16,33
S01011809,24 and under,5,5,0,5,0,0,0,0,0,0
S01011809,25 to 34,15,8,5,3,7,6,0,1,0,0
S01011809,35 to 49,97,72,58,14,25,13,1,1,7,3
S01011809,50 to 64,98,76,68,8,22,11,0,4,5,2
S01011809,65 to 74,54,32,31,1,22,6,0,1,4,11
S01011809,75 to 84,27,11,11,0,16,3,1,0,0,12
S01011809,85 and over,6,0,0,0,6,1,0,0,0,5
S01011810,All HRPs,413,263,226,37,150,47,4,12,26,61
S01011810,24 and under,3,2,0,2,1,1,0,0,0,0
S01011810,25 to 34,38,31,19,12,7,5,0,1,1,0
S01011810,35 to 49,112,79,66,13,33,14,1,6,9,3
S01011810,50 to 64,138,89,80,9,49,16,2,3,12,16
S01011810,65 to 74,62,42,41,1,20,5,1,2,3,9
S01011810,75 to 84,47,18,18,0,29,5,0,0,1,23
S01011810,85 and over,13,2,2,0,11,1,0,0,0,10
S01011811,All HRPs,436,294,257,37,142,42,3,9,28,60
S01011811,24 and under,3,0,0,0,3,3,0,0,0,0
S01011811,25 to 34,39,29,20,9,10,10,0,0,0,0
S01011811,35 to 49,126,95,80,15,31,13,1,4,12,1
S01011811,50 to 64,135,101,92,9,34,9,1,2,12,10
S01011811,65 to 74,75,46,44,2,29,2,0,2,3,22
S01011811,75 to 84,48,21,19,2,27,4,1,1,1,20
S01011811,85 and over,10,2,2,0,8,1,0,0,0,7
S01011812,All HRPs,275,189,167,22,86,20,1,10,19,36
S01011812,24 and under,1,1,0,1,0,0,0,0,0,0
S01011812,25 to 34,20,14,10,4,6,3,0,3,0,0
S01011812,35 to 49,76,61,51,10,15,5,0,4,3,3
S01011812,50 to 64,104,82,77,5,22,6,0,2,9,5
S01011812,65 to 74,36,16,15,1,20,5,1,0,7,7
S01011812,75 to 84,29,13,12,1,16,1,0,0,0,15
S01011812,85 and over,9,2,2,0,7,0,0,1,0,6
S01011813,All HRPs,306,213,174,39,93,28,2,10,24,29
S01011813,24 and under,7,5,0,5,2,2,0,0,0,0
S01011813,25 to 34,33,20,12,8,13,9,0,2,2,0
S01011813,35 to 49,93,72,54,18,21,7,1,8,4,1
S01011813,50 to 64,94,73,66,7,21,5,1,0,12,3
S01011813,65 to 74,46,27,26,1,19,4,0,0,5,10
S01011813,75 to 84,24,13,13,0,11,1,0,0,1,9
S01011813,85 and over,9,3,3,0,6,0,0,0,0,6
S01011814,All HRPs,297,201,180,21,96,36,3,5,20,32
S01011814,24 and under,2,1,0,1,1,1,0,0,0,0
S01011814,25 to 34,22,16,12,4,6,6,0,0,0,0
S01011814,35 to 49,93,71,64,7,22,13,0,2,7,0
S01011814,50 to 64,89,67,59,8,22,5,2,3,9,3
S01011814,65 to 74,46,23,23,0,23,5,1,0,1,16
S01011814,75 to 84,30,19,18,1,11,4,0,0,2,5
S01011814,85 and over,15,4,4,0,11,2,0,0,1,8
S01011815,All HRPs,313,197,157,40,116,53,1,17,13,32
S01011815,24 and under,9,0,0,0,9,7,0,2,0,0
S01011815,25 to 34,57,38,18,20,19,16,0,2,1,0
S01011815,35 to 49,109,75,62,13,34,19,1,8,5,1
S01011815,50 to 64,65,45,38,7,20,6,0,5,5,4
S01011815,65 to 74,47,29,29,0,18,4,0,0,1,13
S01011815,75 to 84,23,10,10,0,13,1,0,0,1,11
S01011815,85 and over,3,0,0,0,3,0,0,0,0,3
S01011816,All HRPs,257,187,170,17,70,15,2,6,20,27
S01011816,24 and under,2,0,0,0,2,2,0,0,0,0
S01011816,25 to 34,21,13,8,5,8,7,0,0,0,1
S01011816,35 to 49,70,56,48,8,14,1,1,5,7,0
S01011816,50 to 64,96,75,71,4,21,3,1,1,12,4
S01011816,65 to 74,26,24,24,0,2,1,0,0,0,1
S01011816,75 to 84,32,18,18,0,14,1,0,0,1,12
S01011816,85 and over,10,1,1,0,9,0,0,0,0,9
S01011817,All HRPs,294,197,170,27,97,34,2,3,25,33
S01011817,24 and under,8,1,0,1,7,6,1,0,0,0
S01011817,25 to 34,34,22,9,13,12,10,0,0,2,0
S01011817,35 to 49,90,75,64,11,15,9,0,1,3,2
S01011817,50 to 64,88,64,62,2,24,7,0,1,12,4
S01011817,65 to 74,40,21,21,0,19,2,0,1,6,10
S01011817,75 to 84,24,11,11,0,13,0,0,0,2,11
S01011817,85 and over,10,3,3,0,7,0,1,0,0,6
S01011818,All HRPs,486,284,229,55,202,84,2,15,44,57
S01011818,24 and under,24,10,1,9,14,14,0,0,0,0
S01011818,25 to 34,49,28,15,13,21,17,0,3,1,0
S01011818,35 to 49,134,82,65,17,52,35,1,5,11,0
S01011818,50 to 64,140,94,82,12,46,9,0,7,24,6
S01011818,65 to 74,69,37,34,3,32,3,0,0,7,22
S01011818,75 to 84,52,28,27,1,24,3,1,0,1,19
S01011818,85 and over,18,5,5,0,13,3,0,0,0,10
S01011819,All HRPs,438,182,137,45,256,100,2,17,57,80
S01011819,24 and under,29,8,1,7,21,21,0,0,0,0
S01011819,25 to 34,61,28,12,16,33,28,1,3,1,0
S01011819,35 to 49,106,54,40,14,52,28,0,4,18,2
S01011819,50 to 64,119,58,50,8,61,15,1,7,22,16
S01011819,65 to 74,66,20,20,0,46,6,0,1,13,26
S01011819,75 to 84,39,13,13,0,26,2,0,2,2,20
S01011819,85 and over,18,1,1,0,17,0,0,0,1,16
S01011820,All HRPs,319,175,136,39,144,45,3,11,27,58
S01011820,24 and under,19,10,0,10,9,9,0,0,0,0
S01011820,25 to 34,39,20,8,12,19,14,2,0,3,0
S01011820,35 to 49,92,58,47,11,34,16,0,8,9,1
S01011820,50 to 64,58,43,40,3,15,0,1,3,5,6
S01011820,65 to 74,47,22,21,1,25,3,0,0,7,15
S01011820,75 to 84,33,14,12,2,19,0,0,0,1,18
S01011820,85 and over,31,8,8,0,23,3,0,0,2,18
S01011821,All HRPs,223,84,45,39,139,76,1,11,29,22
S01011821,24 and under,29,11,0,11,18,18,0,0,0,0
S01011821,25 to 34,33,15,1,14,18,17,0,1,0,0
S01011821,35 to 49,78,33,19,14,45,28,1,5,11,0
S01011821,50 to 64,41,13,13,0,28,7,0,4,12,5
S01011821,65 to 74,26,10,10,0,16,4,0,1,6,5
S01011821,75 to 84,12,2,2,0,10,1,0,0,0,9
S01011821,85 and over,4,0,0,0,4,1,0,0,0,3
S01011822,All HRPs,410,132,78,54,278,146,6,21,60,45
S01011822,24 and under,61,18,1,17,43,43,0,0,0,0
S01011822,25 to 34,76,18,4,14,58,56,0,1,1,0
S01011822,35 to 49,80,38,21,17,42,17,2,8,14,1
S01011822,50 to 64,84,29,23,6,55,17,0,12,25,1
S01011822,65 to 74,47,21,21,0,26,4,0,0,12,10
S01011822,75 to 84,44,6,6,0,38,7,1,0,8,22
S01011822,85 and over,18,2,2,0,16,2,3,0,0,11
S01011823,All HRPs,290,148,115,33,142,57,2,10,32,41
S01011823,24 and under,15,3,0,3,12,12,0,0,0,0
S01011823,25 to 34,40,15,6,9,25,21,0,1,2,1
S01011823,35 to 49,67,42,30,12,25,8,0,8,9,0
S01011823,50 to 64,88,52,44,8,36,11,1,1,15,8
S01011823,65 to 74,39,23,22,1,16,3,0,0,3,10
S01011823,75 to 84,32,13,13,0,19,2,0,0,2,15
S01011823,85 and over,9,0,0,0,9,0,1,0,1,7
S01011824,All HRPs,316,153,112,41,163,64,3,17,40,39
S01011824,24 and under,17,7,0,7,10,10,0,0,0,0
S01011824,25 to 34,51,30,16,14,21,19,0,2,0,0
S01011824,35 to 49,83,39,27,12,44,13,2,8,20,1
S01011824,50 to 64,98,56,48,8,42,8,1,6,13,14
S01011824,65 to 74,37,13,13,0,24,8,0,0,6,10
S01011824,75 to 84,25,7,7,0,18,6,0,1,1,10
S01011824,85 and over,5,1,1,0,4,0,0,0,0,4
S01011825,All HRPs,275,131,103,28,144,69,2,14,18,41
S01011825,24 and under,23,8,0,8,15,15,0,0,0,0
S01011825,25 to 34,38,18,10,8,20,16,0,4,0,0
S01011825,35 to 49,67,30,22,8,37,23,1,6,7,0
S01011825,50 to 64,61,41,39,2,20,7,0,4,7,2
S01011825,65 to 74,41,21,19,2,20,2,1,0,2,15
S01011825,75 to 84,31,13,13,0,18,3,0,0,1,14
S01011825,85 and over,14,0,0,0,14,3,0,0,1,10
S01011826,All HRPs,320,164,118,46,156,77,2,9,29,39
S01011826,24 and under,28,11,0,11,17,17,0,0,0,0
S01011826,25 to 34,51,24,7,17,27,26,0,0,1,0
S01011826,35 to 49,79,48,39,9,31,20,1,3,7,0
S01011826,50 to 64,77,47,39,8,30,9,1,2,16,2
S01011826,65 to 74,34,21,20,1,13,2,0,1,4,6
S01011826,75 to 84,36,11,11,0,25,2,0,2,1,20
S01011826,85 and over,15,2,2,0,13,1,0,1,0,11
S01011827,All HRPs,289,139,117,22,150,57,5,4,43,41
S01011827,24 and under,5,0,0,0,5,5,0,0,0,0
S01011827,25 to 34,15,5,1,4,10,9,0,1,0,0
S01011827,35 to 49,50,27,20,7,23,14,0,1,7,1
S01011827,50 to 64,100,56,49,7,44,11,1,1,21,10
S01011827,65 to 74,68,39,35,4,29,5,2,1,11,10
S01011827,75 to 84,38,12,12,0,26,6,2,0,3,15
S01011827,85 and over,13,0,0,0,13,7,0,0,1,5
S01011828,All HRPs,411,251,205,46,160,58,7,11,32,52
S01011828,24 and under,7,4,1,3,3,3,0,0,0,0
S01011828,25 to 34,32,26,12,14,6,4,0,0,2,0
S01011828,35 to 49,107,70,54,16,37,22,1,5,8,1
S01011828,50 to 64,136,94,83,11,42,17,0,4,14,7
S01011828,65 to 74,74,42,40,2,32,5,2,2,5,18
S01011828,75 to 84,42,13,13,0,29,7,4,0,3,15
S01011828,85 and over,13,2,2,0,11,0,0,0,0,11
S01011829,All HRPs,195,120,92,28,75,32,0,4,21,18
S01011829,24 and under,1,1,0,1,0,0,0,0,0,0
S01011829,25 to 34,21,14,4,10,7,6,0,1,0,0
S01011829,35 to 49,52,35,26,9,17,13,0,1,3,0
S01011829,50 to 64,63,42,40,2,21,5,0,0,15,1
S01011829,65 to 74,28,16,11,5,12,4,0,1,2,5
S01011829,75 to 84,22,10,9,1,12,3,0,1,1,7
S01011829,85 and over,8,2,2,0,6,1,0,0,0,5
S01011830,All HRPs,279,145,121,24,134,47,6,20,25,36
S01011830,24 and under,5,1,0,1,4,4,0,0,0,0
S01011830,25 to 34,19,11,9,2,8,5,0,2,1,0
S01011830,35 to 49,64,30,18,12,34,18,0,9,7,0
S01011830,50 to 64,95,59,53,6,36,9,0,7,14,6
S01011830,65 to 74,64,31,29,2,33,6,5,2,3,17
S01011830,75 to 84,22,10,9,1,12,4,1,0,0,7
S01011830,85 and over,10,3,3,0,7,1,0,0,0,6
S01011831,All HRPs,425,229,198,31,196,54,14,21,41,66
S01011831,24 and under,6,0,0,0,6,6,0,0,0,0
S01011831,25 to 34,18,10,6,4,8,3,2,2,1,0
S01011831,35 to 49,87,60,49,11,27,10,5,5,6,1
S01011831,50 to 64,143,84,77,7,59,17,5,12,18,7
S01011831,65 to 74,96,54,45,9,42,10,1,2,12,17
S01011831,75 to 84,61,20,20,0,41,4,1,0,4,32
S01011831,85 and over,14,1,1,0,13,4,0,0,0,9
S01011832,All HRPs,405,232,201,31,173,64,7,14,30,58
S01011832,24 and under,20,9,1,8,11,11,0,0,0,0
S01011832,25 to 34,34,19,16,3,15,12,2,0,1,0
S01011832,35 to 49,78,57,45,12,21,9,0,5,6,1
S01011832,50 to 64,129,82,76,6,47,15,5,4,10,13
S01011832,65 to 74,74,38,36,2,36,8,0,5,9,14
S01011832,75 to 84,48,23,23,0,25,5,0,0,3,17
S01011832,85 and over,22,4,4,0,18,4,0,0,1,13
S01011833,All HRPs,360,273,253,20,87,21,2,6,22,36
S01011833,24 and under,2,1,0,1,1,1,0,0,0,0
S01011833,25 to 34,10,8,6,2,2,2,0,0,0,0
S01011833,35 to 49,106,90,78,12,16,7,0,4,5,0
S01011833,50 to 64,141,112,107,5,29,5,1,2,12,9
S01011833,65 to 74,50,37,37,0,13,3,1,0,1,8
S01011833,75 to 84,42,23,23,0,19,2,0,0,4,13
S01011833,85 and over,9,2,2,0,7,1,0,0,0,6
S01011834,All HRPs,180,151,146,5,29,6,1,4,10,8
S01011834,24 and under,1,1,1,0,0,0,0,0,0,0
S01011834,25 to 34,7,7,5,2,0,0,0,0,0,0
S01011834,35 to 49,75,68,66,2,7,2,0,1,4,0
S01011834,50 to 64,58,48,48,0,10,0,1,3,5,1
S01011834,65 to 74,20,16,16,0,4,0,0,0,1,3
S01011834,75 to 84,17,10,9,1,7,4,0,0,0,3
S01011834,85 and over,2,1,1,0,1,0,0,0,0,1
S01011835,All HRPs,278,197,168,29,81,25,1,10,20,25
S01011835,24 and under,1,0,0,0,1,1,0,0,0,0
S01011835,25 to 34,10,7,4,3,3,3,0,0,0,0
S01011835,35 to 49,99,77,64,13,22,10,1,5,4,2
S01011835,50 to 64,111,84,71,13,27,6,0,4,11,6
S01011835,65 to 74,34,16,16,0,18,3,0,1,3,11
S01011835,75 to 84,21,12,12,0,9,2,0,0,2,5
S01011835,85 and over,2,1,1,0,1,0,0,0,0,1
S01011836,All HRPs,332,231,209,22,101,24,2,13,27,35
S01011836,24 and under,4,2,0,2,2,2,0,0,0,0
S01011836,25 to 34,6,4,2,2,2,1,0,0,1,0
S01011836,35 to 49,85,61,48,13,24,10,0,7,7,0
S01011836,50 to 64,136,103,98,5,33,6,1,5,14,7
S01011836,65 to 74,63,42,42,0,21,3,1,1,5,11
S01011836,75 to 84,31,17,17,0,14,2,0,0,0,12
S01011836,85 and over,7,2,2,0,5,0,0,0,0,5
S01011837,All HRPs,255,196,177,19,59,16,2,7,13,21
S01011837,24 and under,2,0,0,0,2,2,0,0,0,0
S01011837,25 to 34,7,7,3,4,0,0,0,0,0,0
S01011837,35 to 49,79,61,56,5,18,9,2,4,3,0
S01011837,50 to 64,100,83,74,9,17,2,0,1,8,6
S01011837,65 to 74,41,30,30,0,11,3,0,2,2,4
S01011837,75 to 84,24,15,14,1,9,0,0,0,0,9
S01011837,85 and over,2,0,0,0,2,0,0,0,0,2
S01011838,All HRPs,327,240,218,22,87,24,2,6,18,37
S01011838,24 and under,4,1,0,1,3,3,0,0,0,0
S01011838,25 to 34,16,11,7,4,5,5,0,0,0,0
S01011838,35 to 49,91,73,66,7,18,6,0,6,5,1
S01011838,50 to 64,108,88,81,7,20,5,1,0,9,5
S01011838,65 to 74,71,50,48,2,21,3,0,0,3,15
S01011838,75 to 84,25,13,12,1,12,2,0,0,1,9
S01011838,85 and over,12,4,4,0,8,0,1,0,0,7
S01011839,All HRPs,444,279,235,44,165,34,3,16,38,74
S01011839,24 and under,6,3,0,3,3,3,0,0,0,0
S01011839,25 to 34,46,27,12,15,19,14,0,2,3,0
S01011839,35 to 49,102,79,64,15,23,6,0,10,7,0
S01011839,50 to 64,147,107,99,8,40,8,1,3,20,8
S01011839,65 to 74,72,36,33,3,36,2,0,1,7,26
S01011839,75 to 84,54,26,26,0,28,0,0,0,1,27
S01011839,85 and over,17,1,1,0,16,1,2,0,0,13
S01011840,All HRPs,406,258,226,32,148,33,6,19,43,47
S01011840,24 and under,4,3,0,3,1,1,0,0,0,0
S01011840,25 to 34,38,23,17,6,15,12,0,1,2,0
S01011840,35 to 49,118,86,76,10,32,7,0,12,10,3
S01011840,50 to 64,149,99,89,10,50,7,3,4,26,10
S01011840,65 to 74,54,32,29,3,22,4,1,1,3,13
S01011840,75 to 84,28,12,12,0,16,2,1,1,2,10
S01011840,85 and over,15,3,3,0,12,0,1,0,0,11
S01011841,All HRPs,415,229,194,35,186,55,6,19,36,70
S01011841,24 and under,8,1,0,1,7,7,0,0,0,0
S01011841,25 to 34,42,25,17,8,17,15,0,1,1,0
S01011841,35 to 49,112,73,59,14,39,13,2,8,14,2
S01011841,50 to 64,122,79,70,9,43,17,2,5,13,6
S01011841,65 to 74,59,35,33,2,24,1,0,3,4,16
S01011841,75 to 84,54,15,14,1,39,2,2,2,3,30
S01011841,85 and over,18,1,1,0,17,0,0,0,1,16
S01011842,All HRPs,462,206,167,39,256,72,0,33,65,86
S01011842,24 and under,8,5,1,4,3,3,0,0,0,0
S01011842,25 to 34,39,18,8,10,21,16,0,4,1,0
S01011842,35 to 49,121,63,50,13,58,23,0,19,15,1
S01011842,50 to 64,135,71,61,10,64,16,0,5,31,12
S01011842,65 to 74,75,34,33,1,41,6,0,3,9,23
S01011842,75 to 84,62,14,13,1,48,5,0,2,8,33
S01011842,85 and over,22,1,1,0,21,3,0,0,1,17
S01011843,All HRPs,415,283,253,30,132,42,2,14,34,40
S01011843,24 and under,0,0,0,0,0,0,0,0,0,0
S01011843,25 to 34,18,11,6,5,7,7,0,0,0,0
S01011843,35 to 49,128,92,79,13,36,16,1,6,9,4
S01011843,50 to 64,155,114,105,9,41,10,0,6,17,8
S01011843,65 to 74,69,48,45,3,21,4,1,0,6,10
S01011843,75 to 84,38,17,17,0,21,4,0,1,2,14
S01011843,85 and over,7,1,1,0,6,1,0,1,0,4
S01011844,All HRPs,295,210,184,26,85,18,3,7,20,37
S01011844,24 and under,5,3,0,3,2,2,0,0,0,0
S01011844,25 to 34,12,9,1,8,3,2,1,0,0,0
S01011844,35 to 49,107,87,76,11,20,8,2,6,3,1
S01011844,50 to 64,75,59,56,3,16,1,0,0,10,5
S01011844,65 to 74,43,29,28,1,14,2,0,1,5,6
S01011844,75 to 84,39,19,19,0,20,2,0,0,1,17
S01011844,85 and over,14,4,4,0,10,1,0,0,1,8
S01011845,All HRPs,382,205,175,30,177,48,7,17,54,51
S01011845,24 and under,8,4,0,4,4,4,0,0,0,0
S01011845,25 to 34,39,20,12,8,19,15,1,1,2,0
S01011845,35 to 49,107,61,54,7,46,16,0,11,19,0
S01011845,50 to 64,104,66,57,9,38,6,2,5,22,3
S01011845,65 to 74,72,42,40,2,30,4,1,0,8,17
S01011845,75 to 84,40,10,10,0,30,2,3,0,3,22
S01011845,85 and over,12,2,2,0,10,1,0,0,0,9
S01011846,All HRPs,385,238,211,27,147,52,2,15,31,47
S01011846,24 and under,14,1,0,1,13,13,0,0,0,0
S01011846,25 to 34,23,14,7,7,9,8,0,1,0,0
S01011846,35 to 49,101,71,57,14,30,10,0,7,11,2
S01011846,50 to 64,129,92,88,4,37,12,2,5,14,4
S01011846,65 to 74,56,33,32,1,23,5,0,1,5,12
S01011846,75 to 84,52,25,25,0,27,4,0,1,1,21
S01011846,85 and over,10,2,2,0,8,0,0,0,0,8
S01011847,All HRPs,178,134,121,13,44,20,1,4,11,8
S01011847,24 and under,0,0,0,0,0,0,0,0,0,0
S01011847,25 to 34,11,7,5,2,4,4,0,0,0,0
S01011847,35 to 49,56,43,39,4,13,7,0,2,4,0
S01011847,50 to 64,66,53,48,5,13,5,1,0,5,2
S01011847,65 to 74,30,23,22,1,7,1,0,1,1,4
S01011847,75 to 84,11,8,7,1,3,1,0,0,0,2
S01011847,85 and over,4,0,0,0,4,2,0,1,1,0
S01011848,All HRPs,305,208,177,31,97,30,4,5,20,38
S01011848,24 and under,4,2,0,2,2,2,0,0,0,0
S01011848,25 to 34,27,22,10,12,5,2,0,2,1,0
S01011848,35 to 49,74,56,48,8,18,12,1,0,4,1
S01011848,50 to 64,102,73,66,7,29,9,3,3,8,6
S01011848,65 to 74,54,35,34,1,19,4,0,0,5,10
S01011848,75 to 84,34,17,17,0,17,1,0,0,2,14
S01011848,85 and over,10,3,2,1,7,0,0,0,0,7
S01011849,All HRPs,352,208,178,30,144,48,3,16,45,32
S01011849,24 and under,8,3,0,3,5,5,0,0,0,0
S01011849,25 to 34,43,26,16,10,17,13,1,2,1,0
S01011849,35 to 49,106,66,55,11,40,15,0,8,17,0
S01011849,50 to 64,114,73,68,5,41,9,1,6,19,6
S01011849,65 to 74,39,21,21,0,18,3,1,0,7,7
S01011849,75 to 84,37,18,17,1,19,2,0,0,1,16
S01011849,85 and over,5,1,1,0,4,1,0,0,0,3
S01011850,All HRPs,314,183,158,25,131,46,7,8,33,37
S01011850,24 and under,7,1,0,1,6,6,0,0,0,0
S01011850,25 to 34,33,16,9,7,17,16,0,0,1,0
S01011850,35 to 49,89,57,48,9,32,16,1,6,9,0
S01011850,50 to 64,89,61,55,6,28,4,6,0,17,1
S01011850,65 to 74,48,33,32,1,15,1,0,1,5,8
S01011850,75 to 84,42,12,11,1,30,2,0,1,1,26
S01011850,85 and over,6,3,3,0,3,1,0,0,0,2
S01011851,All HRPs,368,226,172,54,142,52,7,9,34,40
S01011851,24 and under,5,5,0,5,0,0,0,0,0,0
S01011851,25 to 34,35,22,7,15,13,11,2,0,0,0
S01011851,35 to 49,110,78,58,20,32,18,0,4,9,1
S01011851,50 to 64,117,73,61,12,44,10,4,5,19,6
S01011851,65 to 74,42,28,27,1,14,5,1,0,4,4
S01011851,75 to 84,44,15,14,1,29,7,0,0,0,22
S01011851,85 and over,15,5,5,0,10,1,0,0,2,7
S01011852,All HRPs,460,232,187,45,228,81,4,24,37,82
S01011852,24 and under,25,5,0,5,20,20,0,0,0,0
S01011852,25 to 34,55,29,9,20,26,24,0,1,1,0
S01011852,35 to 49,119,75,62,13,44,14,1,17,11,1
S01011852,50 to 64,103,68,63,5,35,8,2,4,16,5
S01011852,65 to 74,62,29,28,1,33,7,0,2,7,17
S01011852,75 to 84,63,18,17,1,45,5,1,0,1,38
S01011852,85 and over,33,8,8,0,25,3,0,0,1,21
S01011853,All HRPs,304,182,140,42,122,50,3,14,31,24
S01011853,24 and under,17,7,0,7,10,10,0,0,0,0
S01011853,25 to 34,33,18,7,11,15,15,0,0,0,0
S01011853,35 to 49,94,52,38,14,42,20,0,8,13,1
S01011853,50 to 64,86,61,54,7,25,3,2,4,11,5
S01011853,65 to 74,39,26,23,3,13,2,0,1,6,4
S01011853,75 to 84,24,15,15,0,9,0,0,1,1,7
S01011853,85 and over,11,3,3,0,8,0,1,0,0,7
S01011854,All HRPs,356,206,180,26,150,40,5,15,26,64
S01011854,24 and under,6,2,0,2,4,4,0,0,0,0
S01011854,25 to 34,29,14,6,8,15,12,0,1,2,0
S01011854,35 to 49,64,34,24,10,30,19,0,7,3,1
S01011854,50 to 64,100,71,65,6,29,4,2,5,12,6
S01011854,65 to 74,75,48,48,0,27,0,1,2,6,18
S01011854,75 to 84,60,32,32,0,28,0,1,0,2,25
S01011854,85 and over,22,5,5,0,17,1,1,0,1,14
S01011855,All HRPs,364,208,173,35,156,46,1,14,42,53
S01011855,24 and under,11,3,1,2,8,8,0,0,0,0
S01011855,25 to 34,28,22,11,11,6,6,0,0,0,0
S01011855,35 to 49,86,56,44,12,30,12,0,7,10,1
S01011855,50 to 64,112,66,57,9,46,12,0,5,21,8
S01011855,65 to 74,56,30,29,1,26,3,1,0,7,15
S01011855,75 to 84,53,26,26,0,27,2,0,1,4,20
S01011855,85 and over,18,5,5,0,13,3,0,1,0,9
S01011856,All HRPs,309,215,195,20,94,19,3,5,10,57
S01011856,24 and under,1,0,0,0,1,1,0,0,0,0
S01011856,25 to 34,11,10,6,4,1,1,0,0,0,0
S01011856,35 to 49,69,59,48,11,10,6,1,2,1,0
S01011856,50 to 64,79,64,59,5,15,2,0,2,5,6
S01011856,65 to 74,73,46,46,0,27,5,2,1,4,15
S01011856,75 to 84,54,31,31,0,23,2,0,0,0,21
S01011856,85 and over,22,5,5,0,17,2,0,0,0,15
S01011857,All HRPs,301,192,167,25,109,35,2,12,19,41
S01011857,24 and under,5,4,1,3,1,1,0,0,0,0
S01011857,25 to 34,15,11,5,6,4,4,0,0,0,0
S01011857,35 to 49,85,62,52,10,23,11,0,6,3,3
S01011857,50 to 64,88,59,54,5,29,14,0,3,11,1
S01011857,65 to 74,46,33,32,1,13,3,0,0,2,8
S01011857,75 to 84,43,20,20,0,23,0,0,3,3,17
S01011857,85 and over,19,3,3,0,16,2,2,0,0,12
S01011858,All HRPs,403,254,234,20,149,40,3,13,34,59
S01011858,24 and under,0,0,0,0,0,0,0,0,0,0
S01011858,25 to 34,14,8,5,3,6,4,0,0,2,0
S01011858,35 to 49,89,62,50,12,27,10,0,10,7,0
S01011858,50 to 64,103,77,72,5,26,11,0,1,10,4
S01011858,65 to 74,67,46,46,0,21,4,2,0,5,10
S01011858,75 to 84,89,47,47,0,42,8,1,2,7,24
S01011858,85 and over,41,14,14,0,27,3,0,0,3,21
S01011859,All HRPs,446,218,192,26,228,61,7,17,41,102
S01011859,24 and under,5,3,1,2,2,2,0,0,0,0
S01011859,25 to 34,15,13,9,4,2,2,0,0,0,0
S01011859,35 to 49,76,42,32,10,34,17,0,10,7,0
S01011859,50 to 64,119,69,63,6,50,18,1,4,20,7
S01011859,65 to 74,99,50,48,2,49,9,1,1,9,29
S01011859,75 to 84,84,33,31,2,51,10,3,2,5,31
S01011859,85 and over,48,8,8,0,40,3,2,0,0,35
S01011860,All HRPs,206,139,119,20,67,18,7,6,24,12
S01011860,24 and under,2,0,0,0,2,2,0,0,0,0
S01011860,25 to 34,11,8,6,2,3,1,1,1,0,0
S01011860,35 to 49,61,40,32,8,21,8,1,3,9,0
S01011860,50 to 64,81,64,55,9,17,2,2,0,13,0
S01011860,65 to 74,22,13,12,1,9,2,1,2,1,3
S01011860,75 to 84,20,12,12,0,8,2,0,0,1,5
S01011860,85 and over,9,2,2,0,7,1,2,0,0,4
S01011861,All HRPs,343,199,166,33,144,43,3,21,36,41
S01011861,24 and under,4,0,0,0,4,4,0,0,0,0
S01011861,25 to 34,11,5,3,2,6,6,0,0,0,0
S01011861,35 to 49,98,56,39,17,42,15,0,8,17,2
S01011861,50 to 64,116,70,57,13,46,14,3,8,12,9
S01011861,65 to 74,63,41,40,1,22,1,0,4,6,11
S01011861,75 to 84,38,23,23,0,15,2,0,1,1,11
S01011861,85 and over,13,4,4,0,9,1,0,0,0,8
S01011862,All HRPs,425,286,268,18,139,36,3,5,34,61
S01011862,24 and under,1,0,0,0,1,1,0,0,0,0
S01011862,25 to 34,18,14,13,1,4,3,1,0,0,0
S01011862,35 to 49,88,71,67,4,17,8,1,2,6,0
S01011862,50 to 64,130,98,87,11,32,8,0,2,17,5
S01011862,65 to 74,95,59,58,1,36,11,1,1,7,16
S01011862,75 to 84,63,34,33,1,29,3,0,0,4,22
S01011862,85 and over,30,10,10,0,20,2,0,0,0,18
S01011863,All HRPs,328,192,170,22,136,52,8,10,28,38
S01011863,24 and under,11,3,0,3,8,8,0,0,0,0
S01011863,25 to 34,20,10,3,7,10,9,1,0,0,0
S01011863,35 to 49,71,43,39,4,28,13,0,3,11,1
S01011863,50 to 64,103,71,64,7,32,10,2,6,12,2
S01011863,65 to 74,54,36,35,1,18,5,1,0,5,7
S01011863,75 to 84,54,23,23,0,31,6,4,0,0,21
S01011863,85 and over,15,6,6,0,9,1,0,1,0,7
S01011864,All HRPs,315,216,193,23,99,33,2,7,17,40
S01011864,24 and under,4,1,0,1,3,3,0,0,0,0
S01011864,25 to 34,12,8,6,2,4,4,0,0,0,0
S01011864,35 to 49,84,64,54,10,20,10,1,5,3,1
S01011864,50 to 64,100,77,69,8,23,10,0,2,6,5
S01011864,65 to 74,50,32,31,1,18,1,0,0,3,14
S01011864,75 to 84,48,26,25,1,22,2,1,0,5,14
S01011864,85 and over,17,8,8,0,9,3,0,0,0,6
S01011865,All HRPs,291,141,117,24,150,51,1,9,31,58
S01011865,24 and under,3,1,0,1,2,2,0,0,0,0
S01011865,25 to 34,24,10,5,5,14,12,0,1,0,1
S01011865,35 to 49,63,34,24,10,29,16,0,5,8,0
S01011865,50 to 64,85,53,49,4,32,12,1,2,11,6
S01011865,65 to 74,51,25,22,3,26,3,0,1,8,14
S01011865,75 to 84,47,15,14,1,32,5,0,0,4,23
S01011865,85 and over,18,3,3,0,15,1,0,0,0,14
S01011866,All HRPs,341,219,190,29,122,31,1,10,27,53
S01011866,24 and under,6,2,0,2,4,4,0,0,0,0
S01011866,25 to 34,40,28,19,9,12,9,0,0,3,0
S01011866,35 to 49,85,68,57,11,17,7,0,4,4,2
S01011866,50 to 64,89,61,55,6,28,3,1,6,15,3
S01011866,65 to 74,61,37,36,1,24,4,0,0,2,18
S01011866,75 to 84,46,19,19,0,27,4,0,0,2,21
S01011866,85 and over,14,4,4,0,10,0,0,0,1,9
S01011867,All HRPs,444,211,171,40,233,77,3,23,51,79
S01011867,24 and under,12,4,1,3,8,8,0,0,0,0
S01011867,25 to 34,53,34,18,16,19,17,0,2,0,0
S01011867,35 to 49,128,77,63,14,51,23,1,10,17,0
S01011867,50 to 64,114,48,41,7,66,24,0,7,27,8
S01011867,65 to 74,52,26,26,0,26,2,0,2,4,18
S01011867,75 to 84,68,19,19,0,49,3,1,2,3,40
S01011867,85 and over,17,3,3,0,14,0,1,0,0,13
S01011868,All HRPs,416,198,150,48,218,83,2,21,46,66
S01011868,24 and under,20,9,1,8,11,11,0,0,0,0
S01011868,25 to 34,53,27,13,14,26,23,0,3,0,0
S01011868,35 to 49,112,67,53,14,45,27,0,6,11,1
S01011868,50 to 64,106,55,47,8,51,7,1,9,28,6
S01011868,65 to 74,48,18,15,3,30,8,0,3,4,15
S01011868,75 to 84,51,15,15,0,36,5,1,0,3,27
S01011868,85 and over,26,7,6,1,19,2,0,0,0,17
S01011869,All HRPs,409,174,135,39,235,98,6,21,63,47
S01011869,24 and under,26,5,3,2,21,21,0,0,0,0
S01011869,25 to 34,54,26,8,18,28,27,0,0,1,0
S01011869,35 to 49,118,56,44,12,62,27,1,10,23,1
S01011869,50 to 64,96,50,47,3,46,10,3,4,25,4
S01011869,65 to 74,58,25,21,4,33,6,2,7,5,13
S01011869,75 to 84,37,8,8,0,29,5,0,0,8,16
S01011869,85 and over,20,4,4,0,16,2,0,0,1,13
S01011870,All HRPs,315,160,126,34,155,60,3,21,40,31
S01011870,24 and under,12,3,0,3,9,8,0,0,1,0
S01011870,25 to 34,34,17,6,11,17,14,1,0,2,0
S01011870,35 to 49,110,48,34,14,62,25,1,16,19,1
S01011870,50 to 64,76,53,48,5,23,9,0,3,10,1
S01011870,65 to 74,38,22,22,0,16,1,1,1,3,10
S01011870,75 to 84,38,15,14,1,23,3,0,1,5,14
S01011870,85 and over,7,2,2,0,5,0,0,0,0,5
S01011871,All HRPs,438,292,240,52,146,50,1,15,37,43
S01011871,24 and under,10,5,2,3,5,3,0,0,0,2
S01011871,25 to 34,42,30,17,13,12,9,0,3,0,0
S01011871,35 to 49,143,98,76,22,45,23,0,6,15,1
S01011871,50 to 64,146,109,95,14,37,9,1,5,15,7
S01011871,65 to 74,48,32,32,0,16,3,0,1,5,7
S01011871,75 to 84,34,15,15,0,19,3,0,0,1,15
S01011871,85 and over,15,3,3,0,12,0,0,0,1,11
S01011872,All HRPs,365,271,228,43,94,30,4,9,33,18
S01011872,24 and under,6,1,0,1,5,5,0,0,0,0
S01011872,25 to 34,22,20,7,13,2,2,0,0,0,0
S01011872,35 to 49,127,100,85,15,27,10,2,5,10,0
S01011872,50 to 64,118,86,78,8,32,8,2,4,16,2
S01011872,65 to 74,56,42,37,5,14,2,0,0,5,7
S01011872,75 to 84,29,19,18,1,10,3,0,0,2,5
S01011872,85 and over,7,3,3,0,4,0,0,0,0,4
S01011873,All HRPs,339,227,184,43,112,43,4,12,27,26
S01011873,24 and under,9,5,2,3,4,3,0,1,0,0
S01011873,25 to 34,29,22,8,14,7,5,0,1,1,0
S01011873,35 to 49,116,80,67,13,36,16,2,5,12,1
S01011873,50 to 64,119,79,67,12,40,15,2,5,10,8
S01011873,65 to 74,38,24,23,1,14,2,0,0,4,8
S01011873,75 to 84,26,16,16,0,10,2,0,0,0,8
S01011873,85 and over,2,1,1,0,1,0,0,0,0,1
S01011874,All HRPs,285,183,147,36,102,33,2,9,25,33
S01011874,24 and under,2,1,0,1,1,1,0,0,0,0
S01011874,25 to 34,25,18,8,10,7,6,0,0,1,0
S01011874,35 to 49,92,64,48,16,28,11,0,6,10,1
S01011874,50 to 64,97,65,58,7,32,9,1,3,13,6
S01011874,65 to 74,34,21,20,1,13,3,1,0,1,8
S01011874,75 to 84,25,12,11,1,13,1,0,0,0,12
S01011874,85 and over,10,2,2,0,8,2,0,0,0,6
S01011875,All HRPs,322,178,142,36,144,38,0,10,37,59
S01011875,24 and under,5,4,0,4,1,1,0,0,0,0
S01011875,25 to 34,25,16,10,6,9,9,0,0,0,0
S01011875,35 to 49,66,43,26,17,23,11,0,6,6,0
S01011875,50 to 64,90,56,48,8,34,9,0,3,20,2
S01011875,65 to 74,56,29,28,1,27,4,0,1,6,16
S01011875,75 to 84,61,26,26,0,35,3,0,0,5,27
S01011875,85 and over,19,4,4,0,15,1,0,0,0,14
S01011876,All HRPs,398,257,219,38,141,36,4,24,42,35
S01011876,24 and under,3,2,0,2,1,1,0,0,0,0
S01011876,25 to 34,36,27,14,13,9,9,0,0,0,0
S01011876,35 to 49,117,89,75,14,28,8,2,6,9,3
S01011876,50 to 64,144,86,78,8,58,12,2,14,25,5
S01011876,65 to 74,47,29,28,1,18,4,0,0,5,9
S01011876,75 to 84,38,19,19,0,19,1,0,4,2,12
S01011876,85 and over,13,5,5,0,8,1,0,0,1,6
S01011877,All HRPs,262,152,130,22,110,28,1,12,33,36
S01011877,24 and under,4,2,0,2,2,2,0,0,0,0
S01011877,25 to 34,18,13,7,6,5,5,0,0,0,0
S01011877,35 to 49,68,36,27,9,32,14,0,4,12,2
S01011877,50 to 64,81,51,46,5,30,4,0,6,12,8
S01011877,65 to 74,51,31,31,0,20,3,0,1,6,10
S01011877,75 to 84,38,18,18,0,20,0,1,1,3,15
S01011877,85 and over,2,1,1,0,1,0,0,0,0,1
S01011878,All HRPs,379,270,235,35,109,29,4,14,23,39
S01011878,24 and under,4,3,1,2,1,0,0,1,0,0
S01011878,25 to 34,20,11,5,6,9,9,0,0,0,0
S01011878,35 to 49,114,80,67,13,34,7,4,9,12,2
S01011878,50 to 64,126,103,91,12,23,6,0,2,9,6
S01011878,65 to 74,72,52,50,2,20,2,0,2,2,14
S01011878,75 to 84,38,21,21,0,17,4,0,0,0,13
S01011878,85 and over,5,0,0,0,5,1,0,0,0,4
S01011879,All HRPs,218,148,134,14,70,23,3,8,18,18
S01011879,24 and under,7,3,1,2,4,4,0,0,0,0
S01011879,25 to 34,9,8,6,2,1,1,0,0,0,0
S01011879,35 to 49,72,51,45,6,21,11,0,3,5,2
S01011879,50 to 64,76,60,57,3,16,2,2,5,6,1
S01011879,65 to 74,31,16,15,1,15,3,1,0,4,7
S01011879,75 to 84,14,7,7,0,7,1,0,0,3,3
S01011879,85 and over,9,3,3,0,6,1,0,0,0,5
S01011880,All HRPs,241,182,157,25,59,12,3,7,14,23
S01011880,24 and under,4,2,0,2,2,2,0,0,0,0
S01011880,25 to 34,10,9,4,5,1,0,0,0,0,1
S01011880,35 to 49,83,72,63,9,11,4,0,3,4,0
S01011880,50 to 64,75,58,53,5,17,3,2,3,7,2
S01011880,65 to 74,39,25,21,4,14,3,1,1,2,7
S01011880,75 to 84,23,14,14,0,9,0,0,0,0,9
S01011880,85 and over,7,2,2,0,5,0,0,0,1,4
S01011881,All HRPs,371,199,147,52,172,57,5,14,40,56
S01011881,24 and under,15,7,2,5,8,8,0,0,0,0
S01011881,25 to 34,53,29,12,17,24,22,0,0,2,0
S01011881,35 to 49,104,66,45,21,38,14,0,11,13,0
S01011881,50 to 64,88,60,52,8,28,7,2,1,15,3
S01011881,65 to 74,38,21,20,1,17,0,1,2,9,5
S01011881,75 to 84,45,12,12,0,33,4,1,0,1,27
S01011881,85 and over,28,4,4,0,24,2,1,0,0,21
S01011882,All HRPs,450,241,209,32,209,46,5,16,47,95
S01011882,24 and under,5,1,0,1,4,4,0,0,0,0
S01011882,25 to 34,38,28,17,11,10,7,0,3,0,0
S01011882,35 to 49,87,61,49,12,26,7,1,6,10,2
S01011882,50 to 64,126,85,77,8,41,12,1,4,18,6
S01011882,65 to 74,85,34,34,0,51,9,0,3,15,24
S01011882,75 to 84,80,27,27,0,53,4,2,0,4,43
S01011882,85 and over,29,5,5,0,24,3,1,0,0,20
S01011883,All HRPs,439,302,255,47,137,46,6,11,30,44
S01011883,24 and under,9,2,1,1,7,7,0,0,0,0
S01011883,25 to 34,39,29,14,15,10,9,0,0,1,0
S01011883,35 to 49,111,86,68,18,25,10,0,7,7,1
S01011883,50 to 64,166,128,115,13,38,10,4,3,14,7
S01011883,65 to 74,67,39,39,0,28,8,2,1,4,13
S01011883,75 to 84,34,14,14,0,20,1,0,0,4,15
S01011883,85 and over,13,4,4,0,9,1,0,0,0,8
S01011884,All HRPs,169,117,103,14,52,21,2,2,9,18
S01011884,24 and under,1,1,0,1,0,0,0,0,0,0
S01011884,25 to 34,12,7,6,1,5,5,0,0,0,0
S01011884,35 to 49,51,42,35,7,9,6,0,0,3,0
S01011884,50 to 64,61,45,42,3,16,6,0,2,5,3
S01011884,65 to 74,27,14,12,2,13,4,2,0,0,7
S01011884,75 to 84,12,6,6,0,6,0,0,0,1,5
S01011884,85 and over,5,2,2,0,3,0,0,0,0,3
S01011885,All HRPs,270,207,169,38,63,24,3,6,8,22
S01011885,24 and under,0,0,0,0,0,0,0,0,0,0
S01011885,25 to 34,35,27,17,10,8,8,0,0,0,0
S01011885,35 to 49,106,91,75,16,15,6,2,3,4,0
S01011885,50 to 64,66,53,43,10,13,4,0,3,4,2
S01011885,65 to 74,24,19,17,2,5,1,0,0,0,4
S01011885,75 to 84,27,15,15,0,12,3,1,0,0,8
S01011885,85 and over,12,2,2,0,10,2,0,0,0,8
S01011886,All HRPs,368,235,199,36,133,42,3,11,30,47
S01011886,24 and under,7,3,1,2,4,4,0,0,0,0
S01011886,25 to 34,25,12,7,5,13,12,0,1,0,0
S01011886,35 to 49,104,73,56,17,31,14,2,5,10,0
S01011886,50 to 64,128,93,84,9,35,9,0,5,16,5
S01011886,65 to 74,54,32,29,3,22,2,1,0,3,16
S01011886,75 to 84,35,19,19,0,16,1,0,0,1,14
S01011886,85 and over,15,3,3,0,12,0,0,0,0,12
S01011887,All HRPs,230,136,107,29,94,23,2,8,26,35
S01011887,24 and under,2,1,0,1,1,1,0,0,0,0
S01011887,25 to 34,21,14,8,6,7,6,0,1,0,0
S01011887,35 to 49,71,52,40,12,19,5,1,5,8,0
S01011887,50 to 64,64,46,37,9,18,4,1,2,9,2
S01011887,65 to 74,31,13,12,1,18,3,0,0,5,10
S01011887,75 to 84,31,9,9,0,22,4,0,0,4,14
S01011887,85 and over,10,1,1,0,9,0,0,0,0,9
S01011888,All HRPs,369,167,129,38,202,67,2,26,57,50
S01011888,24 and under,12,1,0,1,11,11,0,0,0,0
S01011888,25 to 34,47,32,19,13,15,12,0,3,0,0
S01011888,35 to 49,121,63,50,13,58,26,0,16,14,2
S01011888,50 to 64,100,47,37,10,53,9,1,7,31,5
S01011888,65 to 74,33,16,15,1,17,3,0,0,7,7
S01011888,75 to 84,41,6,6,0,35,5,1,0,3,26
S01011888,85 and over,15,2,2,0,13,1,0,0,2,10
S01011889,All HRPs,430,222,188,34,208,53,6,19,41,89
S01011889,24 and under,6,2,1,1,4,4,0,0,0,0
S01011889,25 to 34,34,16,5,11,18,13,0,4,1,0
S01011889,35 to 49,108,73,62,11,35,13,3,8,9,2
S01011889,50 to 64,111,76,67,9,35,8,2,4,16,5
S01011889,65 to 74,72,31,29,2,41,10,0,3,11,17
S01011889,75 to 84,65,21,21,0,44,3,1,0,4,36
S01011889,85 and over,34,3,3,0,31,2,0,0,0,29
S01011890,All HRPs,300,175,138,37,125,48,2,11,39,25
S01011890,24 and under,4,1,0,1,3,3,0,0,0,0
S01011890,25 to 34,36,22,10,12,14,12,0,1,1,0
S01011890,35 to 49,94,61,47,14,33,14,1,5,13,0
S01011890,50 to 64,86,53,43,10,33,7,1,3,20,2
S01011890,65 to 74,39,20,20,0,19,9,0,1,4,5
S01011890,75 to 84,28,15,15,0,13,2,0,1,1,9
S01011890,85 and over,13,3,3,0,10,1,0,0,0,9
S01011891,All HRPs,378,139,99,40,239,103,2,14,62,58
S01011891,24 and under,25,3,0,3,22,22,0,0,0,0
S01011891,25 to 34,65,32,14,18,33,31,0,0,2,0
S01011891,35 to 49,106,43,34,9,63,30,0,8,24,1
S01011891,50 to 64,75,37,29,8,38,6,0,3,23,6
S01011891,65 to 74,40,16,15,1,24,4,0,3,7,10
S01011891,75 to 84,33,7,6,1,26,6,1,0,4,15
S01011891,85 and over,34,1,1,0,33,4,1,0,2,26
S01011892,All HRPs,503,220,143,77,283,160,7,33,53,30
S01011892,24 and under,39,16,1,15,23,20,0,2,1,0
S01011892,25 to 34,119,54,25,29,65,61,1,3,0,0
S01011892,35 to 49,170,74,51,23,96,60,3,15,18,0
S01011892,50 to 64,111,50,41,9,61,14,3,12,27,5
S01011892,65 to 74,28,15,14,1,13,1,0,0,6,6
S01011892,75 to 84,21,9,9,0,12,2,0,1,1,8
S01011892,85 and over,15,2,2,0,13,2,0,0,0,11
S01011893,All HRPs,500,228,145,83,272,137,4,23,56,52
S01011893,24 and under,26,14,0,14,12,11,0,1,0,0
S01011893,25 to 34,104,45,14,31,59,50,0,7,2,0
S01011893,35 to 49,128,56,40,16,72,38,1,6,26,1
S01011893,50 to 64,118,66,48,18,52,25,2,5,16,4
S01011893,65 to 74,50,26,24,2,24,3,0,3,8,10
S01011893,75 to 84,54,19,17,2,35,7,0,1,4,23
S01011893,85 and over,20,2,2,0,18,3,1,0,0,14
S01011894,All HRPs,291,145,106,39,146,74,2,11,29,30
S01011894,24 and under,10,3,0,3,7,7,0,0,0,0
S01011894,25 to 34,49,25,11,14,24,23,0,1,0,0
S01011894,35 to 49,83,45,32,13,38,22,1,5,9,1
S01011894,50 to 64,85,48,40,8,37,11,0,5,19,2
S01011894,65 to 74,26,11,10,1,15,8,0,0,1,6
S01011894,75 to 84,24,10,10,0,14,2,0,0,0,12
S01011894,85 and over,14,3,3,0,11,1,1,0,0,9
S01011895,All HRPs,305,186,161,25,119,36,4,7,18,54
S01011895,24 and under,7,3,0,3,4,4,0,0,0,0
S01011895,25 to 34,20,11,6,5,9,9,0,0,0,0
S01011895,35 to 49,71,45,34,11,26,10,1,4,9,2
S01011895,50 to 64,83,59,54,5,24,4,3,3,8,6
S01011895,65 to 74,48,34,33,1,14,3,0,0,1,10
S01011895,75 to 84,52,24,24,0,28,4,0,0,0,24
S01011895,85 and over,24,10,10,0,14,2,0,0,0,12
S01011896,All HRPs,421,225,186,39,196,61,3,15,50,67
S01011896,24 and under,7,6,0,6,1,1,0,0,0,0
S01011896,25 to 34,52,32,23,9,20,18,0,1,1,0
S01011896,35 to 49,115,70,57,13,45,19,0,8,18,0
S01011896,50 to 64,109,62,52,10,47,9,3,5,23,7
S01011896,65 to 74,49,28,27,1,21,3,0,1,5,12
S01011896,75 to 84,62,24,24,0,38,9,0,0,3,26
S01011896,85 and over,27,3,3,0,24,2,0,0,0,22
S01011897,All HRPs,436,277,235,42,159,49,1,19,31,59
S01011897,24 and under,3,0,0,0,3,2,0,0,1,0
S01011897,25 to 34,30,23,17,6,7,3,0,2,2,0
S01011897,35 to 49,120,87,65,22,33,13,0,8,11,1
S01011897,50 to 64,136,101,89,12,35,9,0,9,13,4
S01011897,65 to 74,56,30,28,2,26,6,1,0,3,16
S01011897,75 to 84,68,32,32,0,36,11,0,0,1,24
S01011897,85 and over,23,4,4,0,19,5,0,0,0,14
S01011898,All HRPs,246,189,170,19,57,14,0,8,17,18
S01011898,24 and under,2,1,0,1,1,1,0,0,0,0
S01011898,25 to 34,13,9,6,3,4,3,0,1,0,0
S01011898,35 to 49,85,70,63,7,15,4,0,3,8,0
S01011898,50 to 64,92,76,70,6,16,3,0,3,9,1
S01011898,65 to 74,33,26,24,2,7,2,0,1,0,4
S01011898,75 to 84,19,7,7,0,12,0,0,0,0,12
S01011898,85 and over,2,0,0,0,2,1,0,0,0,1
S01011899,All HRPs,352,242,217,25,110,24,3,6,31,46
S01011899,24 and under,3,3,0,3,0,0,0,0,0,0
S01011899,25 to 34,26,18,11,7,8,6,0,1,1,0
S01011899,35 to 49,74,59,51,8,15,8,0,2,5,0
S01011899,50 to 64,116,85,79,6,31,6,1,2,18,4
S01011899,65 to 74,82,51,51,0,31,3,1,1,6,20
S01011899,75 to 84,39,24,23,1,15,0,0,0,1,14
S01011899,85 and over,12,2,2,0,10,1,1,0,0,8
S01011900,All HRPs,293,209,187,22,84,20,4,6,27,27
S01011900,24 and under,1,0,0,0,1,1,0,0,0,0
S01011900,25 to 34,7,7,6,1,0,0,0,0,0,0
S01011900,35 to 49,93,70,58,12,23,7,2,3,9,2
S01011900,50 to 64,96,72,64,8,24,4,0,2,16,2
S01011900,65 to 74,57,43,43,0,14,5,1,0,1,7
S01011900,75 to 84,30,16,15,1,14,3,1,1,1,8
S01011900,85 and over,9,1,1,0,8,0,0,0,0,8
S01011901,All HRPs,397,238,189,49,159,68,2,13,27,49
S01011901,24 and under,15,3,0,3,12,11,0,1,0,0
S01011901,25 to 34,46,31,11,20,15,14,0,1,0,0
S01011901,35 to 49,122,77,60,17,45,22,1,9,11,2
S01011901,50 to 64,101,65,59,6,36,13,0,1,15,7
S01011901,65 to 74,51,33,30,3,18,3,0,0,0,15
S01011901,75 to 84,49,25,25,0,24,5,0,1,1,17
S01011901,85 and over,13,4,4,0,9,0,1,0,0,8
S01011902,All HRPs,465,303,279,24,162,38,6,14,23,81
S01011902,24 and under,3,2,1,1,1,1,0,0,0,0
S01011902,25 to 34,22,12,8,4,10,8,0,2,0,0
S01011902,35 to 49,109,89,78,11,20,7,1,6,5,1
S01011902,50 to 64,139,102,95,7,37,6,0,6,12,13
S01011902,65 to 74,101,61,61,0,40,9,3,0,1,27
S01011902,75 to 84,61,26,26,0,35,5,1,0,4,25
S01011902,85 and over,30,11,10,1,19,2,1,0,1,15
S01011903,All HRPs,352,242,224,18,110,25,1,6,16,62
S01011903,24 and under,5,2,1,1,3,3,0,0,0,0
S01011903,25 to 34,22,17,10,7,5,5,0,0,0,0
S01011903,35 to 49,64,51,45,6,13,2,0,4,7,0
S01011903,50 to 64,107,92,89,3,15,6,0,2,4,3
S01011903,65 to 74,70,43,42,1,27,7,0,0,4,16
S01011903,75 to 84,58,33,33,0,25,1,1,0,1,22
S01011903,85 and over,26,4,4,0,22,1,0,0,0,21
S01011904,All HRPs,324,226,206,20,98,23,2,7,22,44
S01011904,24 and under,5,3,1,2,2,2,0,0,0,0
S01011904,25 to 34,21,18,15,3,3,3,0,0,0,0
S01011904,35 to 49,76,58,49,9,18,6,0,3,7,2
S01011904,50 to 64,113,89,83,6,24,4,0,3,12,5
S01011904,65 to 74,52,34,34,0,18,7,0,0,3,8
S01011904,75 to 84,43,21,21,0,22,1,2,1,0,18
S01011904,85 and over,14,3,3,0,11,0,0,0,0,11
S01011905,All HRPs,280,217,204,13,63,15,4,7,12,25
S01011905,24 and under,0,0,0,0,0,0,0,0,0,0
S01011905,25 to 34,11,7,6,1,4,3,0,1,0,0
S01011905,35 to 49,104,85,79,6,19,8,1,4,6,0
S01011905,50 to 64,96,82,78,4,14,2,2,2,5,3
S01011905,65 to 74,33,25,23,2,8,2,0,0,0,6
S01011905,75 to 84,27,15,15,0,12,0,0,0,1,11
S01011905,85 and over,9,3,3,0,6,0,1,0,0,5
S01011906,All HRPs,201,134,112,22,67,22,0,4,20,21
S01011906,24 and under,2,2,0,2,0,0,0,0,0,0
S01011906,25 to 34,15,12,4,8,3,3,0,0,0,0
S01011906,35 to 49,60,39,33,6,21,12,0,1,6,2
S01011906,50 to 64,63,47,43,4,16,3,0,2,7,4
S01011906,65 to 74,31,14,13,1,17,3,0,1,6,7
S01011906,75 to 84,24,17,16,1,7,1,0,0,1,5
S01011906,85 and over,6,3,3,0,3,0,0,0,0,3
S01011907,All HRPs,338,205,163,42,133,60,1,9,32,31
S01011907,24 and under,7,3,0,3,4,2,0,0,2,0
S01011907,25 to 34,47,29,10,19,18,15,0,2,1,0
S01011907,35 to 49,103,60,49,11,43,25,0,2,16,0
S01011907,50 to 64,106,74,65,9,32,13,1,4,7,7
S01011907,65 to 74,36,24,24,0,12,1,0,1,5,5
S01011907,75 to 84,30,15,15,0,15,3,0,0,1,11
S01011907,85 and over,9,0,0,0,9,1,0,0,0,8
S01011908,All HRPs,147,105,83,22,42,9,2,5,18,8
S01011908,24 and under,1,1,1,0,0,0,0,0,0,0
S01011908,25 to 34,28,20,10,10,8,2,2,0,2,2
S01011908,35 to 49,45,33,24,9,12,4,0,2,6,0
S01011908,50 to 64,51,38,35,3,13,2,0,3,7,1
S01011908,65 to 74,15,10,10,0,5,0,0,0,2,3
S01011908,75 to 84,4,2,2,0,2,0,0,0,1,1
S01011908,85 and over,3,1,1,0,2,1,0,0,0,1
S01011909,All HRPs,404,279,202,77,125,65,2,12,33,13
S01011909,24 and under,10,3,0,3,7,7,0,0,0,0
S01011909,25 to 34,90,67,35,32,23,18,0,5,0,0
S01011909,35 to 49,201,136,103,33,65,36,1,5,21,2
S01011909,50 to 64,85,65,56,9,20,3,1,2,10,4
S01011909,65 to 74,13,7,7,0,6,1,0,0,2,3
S01011909,75 to 84,2,0,0,0,2,0,0,0,0,2
S01011909,85 and over,3,1,1,0,2,0,0,0,0,2
S01011910,All HRPs,464,165,99,66,299,155,3,22,65,54
S01011910,24 and under,50,8,2,6,42,42,0,0,0,0
S01011910,25 to 34,98,40,14,26,58,55,0,2,1,0
S01011910,35 to 49,113,50,28,22,63,31,1,13,16,2
S01011910,50 to 64,107,41,30,11,66,19,0,6,34,7
S01011910,65 to 74,40,17,17,0,23,2,1,1,7,12
S01011910,75 to 84,44,9,8,1,35,4,1,0,7,23
S01011910,85 and over,12,0,0,0,12,2,0,0,0,10
S01011911,All HRPs,285,150,122,28,135,26,1,14,38,56
S01011911,24 and under,6,3,2,1,3,3,0,0,0,0
S01011911,25 to 34,32,24,15,9,8,7,0,0,0,1
S01011911,35 to 49,62,39,29,10,23,6,0,5,12,0
S01011911,50 to 64,85,44,38,6,41,9,0,7,18,7
S01011911,65 to 74,44,18,17,1,26,1,0,1,6,18
S01011911,75 to 84,48,19,19,0,29,0,1,1,2,25
S01011911,85 and over,8,3,2,1,5,0,0,0,0,5
S01011912,All HRPs,327,145,102,43,182,55,2,22,56,47
S01011912,24 and under,12,3,0,3,9,9,0,0,0,0
S01011912,25 to 34,50,25,16,9,25,22,0,2,1,0
S01011912,35 to 49,101,49,30,19,52,14,1,12,24,1
S01011912,50 to 64,79,42,30,12,37,6,1,6,19,5
S01011912,65 to 74,35,13,13,0,22,1,0,1,7,13
S01011912,75 to 84,37,9,9,0,28,3,0,1,5,19
S01011912,85 and over,13,4,4,0,9,0,0,0,0,9
S01011913,All HRPs,365,153,93,60,212,94,3,22,55,38
S01011913,24 and under,30,8,2,6,22,22,0,0,0,0
S01011913,25 to 34,64,29,8,21,35,29,1,4,1,0
S01011913,35 to 49,92,48,26,22,44,27,1,4,12,0
S01011913,50 to 64,102,41,32,9,61,13,1,11,31,5
S01011913,65 to 74,40,14,13,1,26,3,0,3,11,9
S01011913,75 to 84,25,12,11,1,13,0,0,0,0,13
S01011913,85 and over,12,1,1,0,11,0,0,0,0,11
S01011914,All HRPs,360,143,83,60,217,103,2,17,59,36
S01011914,24 and under,25,6,0,6,19,18,1,0,0,0
S01011914,25 to 34,90,42,17,25,48,45,0,1,2,0
S01011914,35 to 49,119,55,39,16,64,23,1,13,25,2
S01011914,50 to 64,69,28,17,11,41,9,0,2,21,9
S01011914,65 to 74,27,5,4,1,22,4,0,1,9,8
S01011914,75 to 84,24,7,6,1,17,3,0,0,2,12
S01011914,85 and over,6,0,0,0,6,1,0,0,0,5
S01011915,All HRPs,337,179,133,46,158,43,3,17,45,50
S01011915,24 and under,8,7,0,7,1,1,0,0,0,0
S01011915,25 to 34,48,28,12,16,20,12,0,4,4,0
S01011915,35 to 49,83,42,29,13,41,12,0,11,16,2
S01011915,50 to 64,109,73,65,8,36,12,2,1,14,7
S01011915,65 to 74,45,19,18,1,26,2,1,1,8,14
S01011915,75 to 84,29,7,6,1,22,2,0,0,2,18
S01011915,85 and over,15,3,3,0,12,2,0,0,1,9
S01011916,All HRPs,232,127,101,26,105,32,0,8,30,35
S01011916,24 and under,6,3,1,2,3,3,0,0,0,0
S01011916,25 to 34,26,16,7,9,10,8,0,0,2,0
S01011916,35 to 49,84,45,36,9,39,18,0,4,14,3
S01011916,50 to 64,56,40,34,6,16,2,0,1,9,4
S01011916,65 to 74,28,13,13,0,15,1,0,2,2,10
S01011916,75 to 84,22,8,8,0,14,0,0,1,2,11
S01011916,85 and over,10,2,2,0,8,0,0,0,1,7
S01011917,All HRPs,232,109,91,18,123,40,2,13,33,35
S01011917,24 and under,9,1,0,1,8,6,0,2,0,0
S01011917,25 to 34,21,14,7,7,7,6,0,0,1,0
S01011917,35 to 49,73,32,24,8,41,19,0,8,14,0
S01011917,50 to 64,62,34,33,1,28,6,0,3,14,5
S01011917,65 to 74,27,15,15,0,12,3,1,0,2,6
S01011917,75 to 84,30,11,10,1,19,0,1,0,1,17
S01011917,85 and over,10,2,2,0,8,0,0,0,1,7
S01011918,All HRPs,368,129,86,43,239,119,1,21,65,33
S01011918,24 and under,35,7,3,4,28,28,0,0,0,0
S01011918,25 to 34,69,30,15,15,39,31,1,2,4,1
S01011918,35 to 49,117,45,30,15,72,41,0,8,21,2
S01011918,50 to 64,86,28,20,8,58,14,0,9,29,6
S01011918,65 to 74,46,15,14,1,31,5,0,2,9,15
S01011918,75 to 84,13,4,4,0,9,0,0,0,2,7
S01011918,85 and over,2,0,0,0,2,0,0,0,0,2
S01011919,All HRPs,390,175,108,67,215,124,3,20,41,27
S01011919,24 and under,38,13,1,12,25,25,0,0,0,0
S01011919,25 to 34,102,43,9,34,59,57,2,0,0,0
S01011919,35 to 49,96,45,33,12,51,24,0,11,15,1
S01011919,50 to 64,91,47,39,8,44,11,0,9,19,5
S01011919,65 to 74,36,18,17,1,18,3,0,0,7,8
S01011919,75 to 84,21,8,8,0,13,4,0,0,0,9
S01011919,85 and over,6,1,1,0,5,0,1,0,0,4
S01011920,All HRPs,291,127,89,38,164,63,4,17,33,47
S01011920,24 and under,14,3,0,3,11,11,0,0,0,0
S01011920,25 to 34,47,18,5,13,29,19,1,7,2,0
S01011920,35 to 49,81,36,21,15,45,24,0,8,10,3
S01011920,50 to 64,72,42,35,7,30,7,1,0,14,8
S01011920,65 to 74,37,16,16,0,21,1,0,2,7,11
S01011920,75 to 84,28,10,10,0,18,1,2,0,0,15
S01011920,85 and over,12,2,2,0,10,0,0,0,0,10
S01011921,All HRPs,285,111,79,32,174,68,4,21,48,33
S01011921,24 and under,15,3,1,2,12,12,0,0,0,0
S01011921,25 to 34,43,21,7,14,22,19,1,0,2,0
S01011921,35 to 49,87,28,18,10,59,25,2,13,18,1
S01011921,50 to 64,67,35,30,5,32,7,0,4,20,1
S01011921,65 to 74,33,15,14,1,18,3,1,4,2,8
S01011921,75 to 84,31,8,8,0,23,2,0,0,6,15
S01011921,85 and over,9,1,1,0,8,0,0,0,0,8
S01011922,All HRPs,356,163,120,43,193,85,2,19,51,36
S01011922,24 and under,27,13,2,11,14,14,0,0,0,0
S01011922,25 to 34,57,25,15,10,32,28,0,2,2,0
S01011922,35 to 49,108,48,31,17,60,27,0,12,21,0
S01011922,50 to 64,89,50,45,5,39,10,2,3,16,8
S01011922,65 to 74,42,21,21,0,21,2,0,1,8,10
S01011922,75 to 84,26,6,6,0,20,3,0,1,4,12
S01011922,85 and over,7,0,0,0,7,1,0,0,0,6
S01011923,All HRPs,383,176,113,63,207,99,5,17,49,37
S01011923,24 and under,25,12,0,12,13,13,0,0,0,0
S01011923,25 to 34,73,38,16,22,35,29,0,3,3,0
S01011923,35 to 49,125,62,40,22,63,36,2,6,18,1
S01011923,50 to 64,93,43,37,6,50,15,2,6,20,7
S01011923,65 to 74,39,14,13,1,25,3,1,2,5,14
S01011923,75 to 84,23,5,5,0,18,2,0,0,3,13
S01011923,85 and over,5,2,2,0,3,1,0,0,0,2
S01011924,All HRPs,206,104,78,26,102,35,0,12,36,19
S01011924,24 and under,8,4,0,4,4,4,0,0,0,0
S01011924,25 to 34,34,20,15,5,14,12,0,2,0,0
S01011924,35 to 49,52,26,13,13,26,12,0,5,9,0
S01011924,50 to 64,60,30,27,3,30,5,0,2,20,3
S01011924,65 to 74,30,13,12,1,17,1,0,2,5,9
S01011924,75 to 84,20,11,11,0,9,0,0,1,2,6
S01011924,85 and over,2,0,0,0,2,1,0,0,0,1
S01011925,All HRPs,264,192,155,37,72,35,3,11,18,5
S01011925,24 and under,6,2,0,2,4,4,0,0,0,0
S01011925,25 to 34,50,36,20,16,14,12,1,1,0,0
S01011925,35 to 49,125,95,79,16,30,16,1,6,6,1
S01011925,50 to 64,69,50,47,3,19,3,1,3,10,2
S01011925,65 to 74,9,6,6,0,3,0,0,1,2,0
S01011925,75 to 84,2,2,2,0,0,0,0,0,0,0
S01011925,85 and over,3,1,1,0,2,0,0,0,0,2
S01011926,All HRPs,298,141,111,30,157,64,3,9,53,28
S01011926,24 and under,7,3,1,2,4,4,0,0,0,0
S01011926,25 to 34,46,19,8,11,27,25,0,1,1,0
S01011926,35 to 49,77,40,30,10,37,22,1,2,12,0
S01011926,50 to 64,101,54,48,6,47,9,1,4,26,7
S01011926,65 to 74,32,15,15,0,17,1,1,1,11,3
S01011926,75 to 84,29,8,7,1,21,2,0,0,3,16
S01011926,85 and over,6,2,2,0,4,1,0,1,0,2
S01011927,All HRPs,285,129,97,32,156,56,0,13,52,35
S01011927,24 and under,9,4,0,4,5,5,0,0,0,0
S01011927,25 to 34,35,14,10,4,21,20,0,0,1,0
S01011927,35 to 49,77,38,26,12,39,19,0,8,9,3
S01011927,50 to 64,97,50,41,9,47,9,0,5,28,5
S01011927,65 to 74,36,15,13,2,21,2,0,0,12,7
S01011927,75 to 84,26,7,6,1,19,1,0,0,2,16
S01011927,85 and over,5,1,1,0,4,0,0,0,0,4
S01011928,All HRPs,338,173,133,40,165,58,0,13,44,50
S01011928,24 and under,7,3,0,3,4,4,0,0,0,0
S01011928,25 to 34,43,23,14,9,20,17,0,2,1,0
S01011928,35 to 49,80,46,28,18,34,24,0,3,7,0
S01011928,50 to 64,114,63,56,7,51,9,0,8,26,8
S01011928,65 to 74,55,28,27,1,27,2,0,0,7,18
S01011928,75 to 84,34,10,8,2,24,2,0,0,3,19
S01011928,85 and over,5,0,0,0,5,0,0,0,0,5
S01011929,All HRPs,319,149,111,38,170,47,0,16,47,60
S01011929,24 and under,11,3,0,3,8,7,0,1,0,0
S01011929,25 to 34,40,32,13,19,8,7,0,0,1,0
S01011929,35 to 49,75,40,33,7,35,15,0,10,9,1
S01011929,50 to 64,89,46,37,9,43,13,0,3,17,10
S01011929,65 to 74,52,22,22,0,30,2,0,2,13,13
S01011929,75 to 84,32,6,6,0,26,1,0,0,7,18
S01011929,85 and over,20,0,0,0,20,2,0,0,0,18
S01011930,All HRPs,294,135,100,35,159,60,2,9,48,40
S01011930,24 and under,12,2,1,1,10,10,0,0,0,0
S01011930,25 to 34,49,24,10,14,25,17,1,3,4,0
S01011930,35 to 49,75,41,31,10,34,18,1,5,10,0
S01011930,50 to 64,78,39,31,8,39,9,0,1,20,9
S01011930,65 to 74,53,25,23,2,28,1,0,0,12,15
S01011930,75 to 84,21,4,4,0,17,4,0,0,1,12
S01011930,85 and over,6,0,0,0,6,1,0,0,1,4
S01011931,All HRPs,250,110,75,35,140,63,1,19,35,22
S01011931,24 and under,6,4,1,3,2,2,0,0,0,0
S01011931,25 to 34,36,17,8,9,19,17,1,1,0,0
S01011931,35 to 49,94,45,28,17,49,27,0,13,7,2
S01011931,50 to 64,76,33,27,6,43,11,0,5,21,6
S01011931,65 to 74,22,10,10,0,12,2,0,0,5,5
S01011931,75 to 84,10,0,0,0,10,3,0,0,1,6
S01011931,85 and over,6,1,1,0,5,1,0,0,1,3
S01011932,All HRPs,300,140,76,64,160,106,3,10,28,13
S01011932,24 and under,42,17,0,17,25,24,0,0,1,0
S01011932,25 to 34,105,65,28,37,40,37,0,1,2,0
S01011932,35 to 49,70,24,20,4,46,32,1,4,9,0
S01011932,50 to 64,53,23,18,5,30,10,1,4,13,2
S01011932,65 to 74,17,9,9,0,8,0,1,0,3,4
S01011932,75 to 84,9,2,1,1,7,2,0,1,0,4
S01011932,85 and over,4,0,0,0,4,1,0,0,0,3
S01011933,All HRPs,344,132,86,46,212,111,5,16,53,27
S01011933,24 and under,37,9,0,9,28,28,0,0,0,0
S01011933,25 to 34,71,29,13,16,42,39,1,2,0,0
S01011933,35 to 49,87,41,27,14,46,28,2,6,9,1
S01011933,50 to 64,84,28,24,4,56,14,2,6,30,4
S01011933,65 to 74,28,14,12,2,14,1,0,2,6,5
S01011933,75 to 84,28,9,8,1,19,0,0,0,8,11
S01011933,85 and over,9,2,2,0,7,1,0,0,0,6
S01011934,All HRPs,520,257,188,69,263,119,9,21,61,53
S01011934,24 and under,36,13,0,13,23,23,0,0,0,0
S01011934,25 to 34,96,51,25,26,45,39,0,4,2,0
S01011934,35 to 49,140,69,57,12,71,29,2,14,26,0
S01011934,50 to 64,106,67,51,16,39,12,3,0,21,3
S01011934,65 to 74,65,32,32,0,33,7,1,2,9,14
S01011934,75 to 84,53,19,18,1,34,8,1,1,3,21
S01011934,85 and over,24,6,5,1,18,1,2,0,0,15
S01011935,All HRPs,459,150,100,50,309,171,9,22,61,46
S01011935,24 and under,53,14,0,14,39,37,1,0,1,0
S01011935,25 to 34,115,47,30,17,68,59,1,3,4,1
S01011935,35 to 49,114,37,23,14,77,48,3,9,15,2
S01011935,50 to 64,89,27,22,5,62,18,3,9,26,6
S01011935,65 to 74,37,10,10,0,27,6,0,1,14,6
S01011935,75 to 84,34,10,10,0,24,2,1,0,1,20
S01011935,85 and over,17,5,5,0,12,1,0,0,0,11
S01011936,All HRPs,380,129,80,49,251,142,6,16,56,31
S01011936,24 and under,39,13,1,12,26,26,0,0,0,0
S01011936,25 to 34,79,33,12,21,46,46,0,0,0,0
S01011936,35 to 49,102,32,19,13,70,44,3,9,13,1
S01011936,50 to 64,88,26,24,2,62,16,2,7,29,8
S01011936,65 to 74,34,13,13,0,21,3,0,0,11,7
S01011936,75 to 84,25,9,8,1,16,7,0,0,2,7
S01011936,85 and over,13,3,3,0,10,0,1,0,1,8
S01011937,All HRPs,408,122,61,61,286,148,12,26,63,37
S01011937,24 and under,43,14,1,13,29,28,0,1,0,0
S01011937,25 to 34,113,44,12,32,69,59,4,1,5,0
S01011937,35 to 49,91,19,10,9,72,39,1,16,15,1
S01011937,50 to 64,64,18,13,5,46,10,3,5,26,2
S01011937,65 to 74,37,12,10,2,25,4,1,3,9,8
S01011937,75 to 84,41,9,9,0,32,6,2,0,6,18
S01011937,85 and over,19,6,6,0,13,2,1,0,2,8
S01011938,All HRPs,400,148,98,50,252,116,9,25,55,47
S01011938,24 and under,23,5,1,4,18,16,0,1,1,0
S01011938,25 to 34,83,40,19,21,43,37,1,2,2,1
S01011938,35 to 49,97,36,21,15,61,32,2,8,18,1
S01011938,50 to 64,86,29,20,9,57,17,5,11,20,4
S01011938,65 to 74,54,19,19,0,35,4,1,3,10,17
S01011938,75 to 84,43,15,14,1,28,8,0,0,4,16
S01011938,85 and over,14,4,4,0,10,2,0,0,0,8
S01011939,All HRPs,446,108,61,47,338,232,4,23,62,17
S01011939,24 and under,81,12,0,12,69,68,0,0,1,0
S01011939,25 to 34,117,32,12,20,85,76,1,4,4,0
S01011939,35 to 49,111,26,15,11,85,54,2,8,21,0
S01011939,50 to 64,92,23,20,3,69,29,0,9,24,7
S01011939,65 to 74,25,9,8,1,16,2,1,1,9,3
S01011939,75 to 84,16,4,4,0,12,3,0,1,2,6
S01011939,85 and over,4,2,2,0,2,0,0,0,1,1
S01011940,All HRPs,266,73,40,33,193,128,7,10,15,33
S01011940,24 and under,32,3,0,3,29,28,0,1,0,0
S01011940,25 to 34,99,40,18,22,59,57,1,1,0,0
S01011940,35 to 49,52,10,6,4,42,29,1,6,5,1
S01011940,50 to 64,34,11,9,2,23,6,4,2,10,1
S01011940,65 to 74,11,1,1,0,10,4,0,0,0,6
S01011940,75 to 84,25,8,6,2,17,3,1,0,0,13
S01011940,85 and over,13,0,0,0,13,1,0,0,0,12
S01011941,All HRPs,441,109,38,71,332,209,8,25,67,23
S01011941,24 and under,67,19,0,19,48,48,0,0,0,0
S01011941,25 to 34,150,43,10,33,107,97,6,0,4,0
S01011941,35 to 49,110,24,12,12,86,48,1,13,24,0
S01011941,50 to 64,78,18,11,7,60,11,0,11,34,4
S01011941,65 to 74,16,3,3,0,13,1,1,1,5,5
S01011941,75 to 84,14,0,0,0,14,3,0,0,0,11
S01011941,85 and over,6,2,2,0,4,1,0,0,0,3
S01011942,All HRPs,573,133,61,72,440,265,3,18,71,83
S01011942,24 and under,90,23,3,20,67,67,0,0,0,0
S01011942,25 to 34,155,44,9,35,111,105,1,2,3,0
S01011942,35 to 49,104,23,14,9,81,57,1,6,17,0
S01011942,50 to 64,88,15,8,7,73,23,0,10,39,1
S01011942,65 to 74,28,8,7,1,20,7,0,0,6,7
S01011942,75 to 84,61,10,10,0,51,2,1,0,5,43
S01011942,85 and over,47,10,10,0,37,4,0,0,1,32
S01011943,All HRPs,715,167,84,83,548,302,14,38,113,81
S01011943,24 and under,87,20,1,19,67,65,2,0,0,0
S01011943,25 to 34,171,52,22,30,119,107,4,5,3,0
S01011943,35 to 49,173,48,19,29,125,73,1,19,31,1
S01011943,50 to 64,127,23,19,4,104,32,4,10,50,8
S01011943,65 to 74,58,8,8,0,50,10,0,4,20,16
S01011943,75 to 84,75,14,13,1,61,14,3,0,8,36
S01011943,85 and over,24,2,2,0,22,1,0,0,1,20
S01011944,All HRPs,188,137,123,14,51,12,2,6,10,21
S01011944,24 and under,0,0,0,0,0,0,0,0,0,0
S01011944,25 to 34,7,5,3,2,2,2,0,0,0,0
S01011944,35 to 49,42,31,25,6,11,4,0,3,3,1
S01011944,50 to 64,71,56,51,5,15,5,1,2,6,1
S01011944,65 to 74,39,32,31,1,7,1,0,0,1,5
S01011944,75 to 84,22,11,11,0,11,0,0,1,0,10
S01011944,85 and over,7,2,2,0,5,0,1,0,0,4
S01011945,All HRPs,313,245,232,13,68,12,3,3,13,37
S01011945,24 and under,1,1,0,1,0,0,0,0,0,0
S01011945,25 to 34,12,9,5,4,3,2,1,0,0,0
S01011945,35 to 49,55,51,49,2,4,2,0,0,2,0
S01011945,50 to 64,114,95,90,5,19,5,0,2,6,6
S01011945,65 to 74,72,53,52,1,19,3,0,1,5,10
S01011945,75 to 84,46,29,29,0,17,0,2,0,0,15
S01011945,85 and over,13,7,7,0,6,0,0,0,0,6
S01011946,All HRPs,377,187,156,31,190,64,3,11,56,56
S01011946,24 and under,15,2,0,2,13,12,1,0,0,0
S01011946,25 to 34,21,13,3,10,8,7,0,0,1,0
S01011946,35 to 49,86,50,37,13,36,19,0,5,12,0
S01011946,50 to 64,102,51,46,5,51,16,1,3,29,2
S01011946,65 to 74,74,41,40,1,33,2,1,3,11,16
S01011946,75 to 84,58,25,25,0,33,7,0,0,3,23
S01011946,85 and over,21,5,5,0,16,1,0,0,0,15
S01011947,All HRPs,214,145,138,7,69,7,3,8,13,38
S01011947,24 and under,0,0,0,0,0,0,0,0,0,0
S01011947,25 to 34,3,2,2,0,1,0,0,1,0,0
S01011947,35 to 49,45,32,28,4,13,1,0,6,6,0
S01011947,50 to 64,66,52,49,3,14,4,0,1,7,2
S01011947,65 to 74,54,36,36,0,18,1,2,0,0,15
S01011947,75 to 84,33,20,20,0,13,1,0,0,0,12
S01011947,85 and over,13,3,3,0,10,0,1,0,0,9
S01011948,All HRPs,527,254,220,34,273,84,5,19,61,104
S01011948,24 and under,12,5,3,2,7,7,0,0,0,0
S01011948,25 to 34,33,21,11,10,12,12,0,0,0,0
S01011948,35 to 49,122,68,58,10,54,27,0,11,14,2
S01011948,50 to 64,146,89,79,10,57,15,2,3,30,7
S01011948,65 to 74,83,40,38,2,43,6,2,5,11,19
S01011948,75 to 84,84,25,25,0,59,10,1,0,5,43
S01011948,85 and over,47,6,6,0,41,7,0,0,1,33
S01011949,All HRPs,392,248,229,19,144,25,2,7,26,84
S01011949,24 and under,0,0,0,0,0,0,0,0,0,0
S01011949,25 to 34,10,6,3,3,4,2,1,1,0,0
S01011949,35 to 49,69,53,45,8,16,8,0,2,4,2
S01011949,50 to 64,112,80,76,4,32,7,0,3,14,8
S01011949,65 to 74,78,52,51,1,26,3,0,0,8,15
S01011949,75 to 84,95,46,44,2,49,4,1,1,0,43
S01011949,85 and over,28,11,10,1,17,1,0,0,0,16
S01011950,All HRPs,348,200,178,22,148,35,4,6,34,69
S01011950,24 and under,1,0,0,0,1,1,0,0,0,0
S01011950,25 to 34,13,9,3,6,4,4,0,0,0,0
S01011950,35 to 49,66,48,40,8,18,6,0,3,8,1
S01011950,50 to 64,101,64,59,5,37,12,0,1,17,7
S01011950,65 to 74,72,43,41,2,29,3,1,1,7,17
S01011950,75 to 84,74,31,30,1,43,8,1,1,2,31
S01011950,85 and over,21,5,5,0,16,1,2,0,0,13
S01011951,All HRPs,306,175,144,31,131,37,1,8,27,58
S01011951,24 and under,8,4,1,3,4,3,0,1,0,0
S01011951,25 to 34,31,19,10,9,12,10,0,1,1,0
S01011951,35 to 49,77,56,41,15,21,7,0,1,12,1
S01011951,50 to 64,66,44,42,2,22,7,0,4,9,2
S01011951,65 to 74,60,33,32,1,27,6,0,1,3,17
S01011951,75 to 84,49,18,17,1,31,2,0,0,1,28
S01011951,85 and over,15,1,1,0,14,2,1,0,1,10
S01011952,All HRPs,200,162,143,19,38,6,1,1,10,20
S01011952,24 and under,0,0,0,0,0,0,0,0,0,0
S01011952,25 to 34,20,19,17,2,1,1,0,0,0,0
S01011952,35 to 49,63,58,45,13,5,1,0,0,2,2
S01011952,50 to 64,59,44,40,4,15,4,1,0,7,3
S01011952,65 to 74,31,24,24,0,7,0,0,1,1,5
S01011952,75 to 84,23,14,14,0,9,0,0,0,0,9
S01011952,85 and over,4,3,3,0,1,0,0,0,0,1
S01011953,All HRPs,325,201,179,22,124,23,7,14,25,55
S01011953,24 and under,2,1,0,1,1,1,0,0,0,0
S01011953,25 to 34,19,12,5,7,7,6,0,1,0,0
S01011953,35 to 49,86,61,54,7,25,8,0,8,5,4
S01011953,50 to 64,105,83,77,6,22,2,1,4,8,7
S01011953,65 to 74,45,17,17,0,28,2,2,1,11,12
S01011953,75 to 84,47,21,20,1,26,3,1,0,1,21
S01011953,85 and over,21,6,6,0,15,1,3,0,0,11
S01011954,All HRPs,230,119,101,18,111,33,2,6,26,44
S01011954,24 and under,2,0,0,0,2,2,0,0,0,0
S01011954,25 to 34,25,17,9,8,8,6,0,0,2,0
S01011954,35 to 49,58,37,29,8,21,11,1,4,4,1
S01011954,50 to 64,57,33,31,2,24,11,1,2,7,3
S01011954,65 to 74,43,21,21,0,22,1,0,0,10,11
S01011954,75 to 84,28,10,10,0,18,2,0,0,3,13
S01011954,85 and over,17,1,1,0,16,0,0,0,0,16
S01011955,All HRPs,467,235,192,43,232,63,5,29,58,77
S01011955,24 and under,6,3,0,3,3,3,0,0,0,0
S01011955,25 to 34,45,23,9,14,22,20,0,0,2,0
S01011955,35 to 49,99,57,40,17,42,21,1,9,10,1
S01011955,50 to 64,140,83,78,5,57,11,2,13,27,4
S01011955,65 to 74,65,32,30,2,33,2,0,7,6,18
S01011955,75 to 84,76,31,29,2,45,4,0,0,9,32
S01011955,85 and over,36,6,6,0,30,2,2,0,4,22
S01011956,All HRPs,392,287,261,26,105,31,2,11,22,39
S01011956,24 and under,2,0,0,0,2,2,0,0,0,0
S01011956,25 to 34,35,21,14,7,14,12,0,2,0,0
S01011956,35 to 49,139,117,108,9,22,7,1,5,7,2
S01011956,50 to 64,112,89,81,8,23,5,1,3,11,3
S01011956,65 to 74,55,41,39,2,14,1,0,1,3,9
S01011956,75 to 84,37,16,16,0,21,3,0,0,1,17
S01011956,85 and over,12,3,3,0,9,1,0,0,0,8
S01011957,All HRPs,325,196,175,21,129,49,3,14,28,35
S01011957,24 and under,1,1,0,1,0,0,0,0,0,0
S01011957,25 to 34,28,15,13,2,13,13,0,0,0,0
S01011957,35 to 49,96,64,58,6,32,21,0,5,5,1
S01011957,50 to 64,107,67,56,11,40,6,2,8,16,8
S01011957,65 to 74,56,34,33,1,22,8,1,0,6,7
S01011957,75 to 84,23,13,13,0,10,1,0,0,0,9
S01011957,85 and over,14,2,2,0,12,0,0,1,1,10
S01011958,All HRPs,481,299,255,44,182,58,4,15,50,55
S01011958,24 and under,7,5,3,2,2,2,0,0,0,0
S01011958,25 to 34,42,23,13,10,19,18,0,0,1,0
S01011958,35 to 49,108,77,62,15,31,11,0,9,11,0
S01011958,50 to 64,165,119,104,15,46,18,1,2,20,5
S01011958,65 to 74,77,41,40,1,36,5,2,3,14,12
S01011958,75 to 84,64,31,30,1,33,1,1,1,4,26
S01011958,85 and over,18,3,3,0,15,3,0,0,0,12
S01011959,All HRPs,365,240,209,31,125,40,2,18,23,42
S01011959,24 and under,9,3,0,3,6,5,0,1,0,0
S01011959,25 to 34,14,11,4,7,3,3,0,0,0,0
S01011959,35 to 49,116,84,70,14,32,18,1,8,5,0
S01011959,50 to 64,114,80,74,6,34,10,1,5,14,4
S01011959,65 to 74,52,31,31,0,21,3,0,3,3,12
S01011959,75 to 84,46,26,25,1,20,1,0,1,1,17
S01011959,85 and over,14,5,5,0,9,0,0,0,0,9
S01011960,All HRPs,325,240,204,36,85,35,1,11,20,18
S01011960,24 and under,8,4,2,2,4,3,1,0,0,0
S01011960,25 to 34,40,33,25,8,7,7,0,0,0,0
S01011960,35 to 49,110,86,74,12,24,12,0,3,9,0
S01011960,50 to 64,105,74,62,12,31,12,0,8,7,4
S01011960,65 to 74,39,29,29,0,10,0,0,0,4,6
S01011960,75 to 84,16,11,9,2,5,1,0,0,0,4
S01011960,85 and over,7,3,3,0,4,0,0,0,0,4
S01011961,All HRPs,311,196,155,41,115,33,1,20,23,38
S01011961,24 and under,7,5,0,5,2,2,0,0,0,0
S01011961,25 to 34,54,41,25,16,13,9,0,2,1,1
S01011961,35 to 49,92,55,41,14,37,15,0,12,8,2
S01011961,50 to 64,90,65,59,6,25,6,1,5,7,6
S01011961,65 to 74,35,19,19,0,16,1,0,1,6,8
S01011961,75 to 84,27,11,11,0,16,0,0,0,1,15
S01011961,85 and over,6,0,0,0,6,0,0,0,0,6
S01011962,All HRPs,264,211,182,29,53,20,0,7,14,12
S01011962,24 and under,0,0,0,0,0,0,0,0,0,0
S01011962,25 to 34,23,18,10,8,5,4,0,1,0,0
S01011962,35 to 49,101,84,70,14,17,8,0,5,4,0
S01011962,50 to 64,78,65,60,5,13,4,0,1,6,2
S01011962,65 to 74,40,32,31,1,8,2,0,0,3,3
S01011962,75 to 84,18,10,9,1,8,1,0,0,1,6
S01011962,85 and over,4,2,2,0,2,1,0,0,0,1
S01011963,All HRPs,231,132,106,26,99,20,3,12,23,41
S01011963,24 and under,1,0,0,0,1,1,0,0,0,0
S01011963,25 to 34,30,26,15,11,4,3,1,0,0,0
S01011963,35 to 49,66,48,37,11,18,7,1,6,3,1
S01011963,50 to 64,62,29,27,2,33,9,0,4,15,5
S01011963,65 to 74,33,18,16,2,15,0,0,2,4,9
S01011963,75 to 84,28,9,9,0,19,0,1,0,1,17
S01011963,85 and over,11,2,2,0,9,0,0,0,0,9
S01011964,All HRPs,453,281,239,42,172,63,7,11,46,45
S01011964,24 and under,8,2,0,2,6,6,0,0,0,0
S01011964,25 to 34,59,37,26,11,22,20,0,0,2,0
S01011964,35 to 49,130,80,63,17,50,22,4,9,15,0
S01011964,50 to 64,126,86,76,10,40,10,3,2,21,4
S01011964,65 to 74,73,50,49,1,23,4,0,0,8,11
S01011964,75 to 84,45,25,24,1,20,1,0,0,0,19
S01011964,85 and over,12,1,1,0,11,0,0,0,0,11
S01011965,All HRPs,381,202,180,22,179,54,4,13,29,79
S01011965,24 and under,3,0,0,0,3,3,0,0,0,0
S01011965,25 to 34,24,12,6,6,12,11,0,0,1,0
S01011965,35 to 49,84,55,48,7,29,17,1,8,3,0
S01011965,50 to 64,104,64,58,6,40,11,1,3,16,9
S01011965,65 to 74,66,39,38,1,27,4,1,2,2,18
S01011965,75 to 84,73,27,25,2,46,6,0,0,5,35
S01011965,85 and over,27,5,5,0,22,2,1,0,2,17
S01011966,All HRPs,351,234,205,29,117,34,7,6,24,46
S01011966,24 and under,3,2,0,2,1,1,0,0,0,0
S01011966,25 to 34,20,12,9,3,8,8,0,0,0,0
S01011966,35 to 49,113,82,66,16,31,12,2,4,12,1
S01011966,50 to 64,96,72,66,6,24,6,5,2,7,4
S01011966,65 to 74,58,42,41,1,16,2,0,0,4,10
S01011966,75 to 84,44,19,18,1,25,5,0,0,1,19
S01011966,85 and over,17,5,5,0,12,0,0,0,0,12
S01011967,All HRPs,420,281,234,47,139,41,5,18,37,38
S01011967,24 and under,1,0,0,0,1,1,0,0,0,0
S01011967,25 to 34,34,22,16,6,12,10,0,1,1,0
S01011967,35 to 49,132,87,66,21,45,16,4,8,17,0
S01011967,50 to 64,137,107,92,15,30,4,1,6,13,6
S01011967,65 to 74,75,48,45,3,27,6,0,3,5,13
S01011967,75 to 84,33,16,14,2,17,3,0,0,1,13
S01011967,85 and over,8,1,1,0,7,1,0,0,0,6
S01011968,All HRPs,478,247,181,66,231,99,2,13,53,64
S01011968,24 and under,19,8,0,8,11,11,0,0,0,0
S01011968,25 to 34,88,41,18,23,47,41,0,3,3,0
S01011968,35 to 49,129,74,48,26,55,28,2,6,16,3
S01011968,50 to 64,117,67,61,6,50,11,0,4,24,11
S01011968,65 to 74,63,35,34,1,28,4,0,0,8,16
S01011968,75 to 84,54,22,20,2,32,3,0,0,2,27
S01011968,85 and over,8,0,0,0,8,1,0,0,0,7
S01011969,All HRPs,480,280,219,61,200,74,2,25,40,59
S01011969,24 and under,7,6,0,6,1,1,0,0,0,0
S01011969,25 to 34,52,33,17,16,19,14,1,2,2,0
S01011969,35 to 49,120,63,38,25,57,27,0,16,14,0
S01011969,50 to 64,150,104,93,11,46,12,0,6,16,12
S01011969,65 to 74,66,40,40,0,26,7,0,0,6,13
S01011969,75 to 84,61,25,22,3,36,11,1,1,2,21
S01011969,85 and over,24,9,9,0,15,2,0,0,0,13
S01011970,All HRPs,432,219,147,72,213,91,2,20,57,43
S01011970,24 and under,14,7,2,5,7,6,0,0,1,0
S01011970,25 to 34,83,50,19,31,33,33,0,0,0,0
S01011970,35 to 49,121,59,36,23,62,32,1,7,21,1
S01011970,50 to 64,118,70,58,12,48,10,0,10,25,3
S01011970,65 to 74,54,22,22,0,32,6,0,3,9,14
S01011970,75 to 84,33,11,10,1,22,3,0,0,1,18
S01011970,85 and over,9,0,0,0,9,1,1,0,0,7
S01011971,All HRPs,243,144,127,17,99,26,0,13,27,33
S01011971,24 and under,2,1,1,0,1,0,0,0,1,0
S01011971,25 to 34,22,14,9,5,8,6,0,2,0,0
S01011971,35 to 49,74,54,44,10,20,8,0,3,8,1
S01011971,50 to 64,69,38,37,1,31,8,0,8,13,2
S01011971,65 to 74,36,20,20,0,16,1,0,0,5,10
S01011971,75 to 84,27,12,11,1,15,1,0,0,0,14
S01011971,85 and over,13,5,5,0,8,2,0,0,0,6
S01011972,All HRPs,512,319,273,46,193,55,3,25,47,63
S01011972,24 and under,3,1,0,1,2,2,0,0,0,0
S01011972,25 to 34,29,16,11,5,13,8,0,5,0,0
S01011972,35 to 49,127,80,56,24,47,19,0,6,21,1
S01011972,50 to 64,182,136,123,13,46,16,2,9,14,5
S01011972,65 to 74,98,61,58,3,37,9,0,1,9,18
S01011972,75 to 84,52,23,23,0,29,0,0,3,2,24
S01011972,85 and over,21,2,2,0,19,1,1,1,1,15
S01011973,All HRPs,272,183,155,28,89,33,0,11,19,26
S01011973,24 and under,5,3,1,2,2,2,0,0,0,0
S01011973,25 to 34,19,13,7,6,6,6,0,0,0,0
S01011973,35 to 49,78,53,44,9,25,12,0,7,6,0
S01011973,50 to 64,79,61,51,10,18,4,0,3,6,5
S01011973,65 to 74,51,31,30,1,20,7,0,1,4,8
S01011973,75 to 84,34,20,20,0,14,1,0,0,3,10
S01011973,85 and over,6,2,2,0,4,1,0,0,0,3
S01011974,All HRPs,320,224,192,32,96,35,3,8,18,32
S01011974,24 and under,8,2,0,2,6,6,0,0,0,0
S01011974,25 to 34,20,13,7,6,7,6,0,1,0,0
S01011974,35 to 49,76,61,46,15,15,6,0,3,5,1
S01011974,50 to 64,113,89,81,8,24,8,1,2,8,5
S01011974,65 to 74,63,43,42,1,20,6,0,2,3,9
S01011974,75 to 84,29,15,15,0,14,3,1,0,2,8
S01011974,85 and over,11,1,1,0,10,0,1,0,0,9
S01011975,All HRPs,199,133,108,25,66,21,2,3,18,22
S01011975,24 and under,2,0,0,0,2,2,0,0,0,0
S01011975,25 to 34,18,12,8,4,6,6,0,0,0,0
S01011975,35 to 49,44,31,23,8,13,4,1,0,7,1
S01011975,50 to 64,68,54,42,12,14,4,0,2,6,2
S01011975,65 to 74,35,24,23,1,11,2,0,1,2,6
S01011975,75 to 84,26,12,12,0,14,2,0,0,2,10
S01011975,85 and over,6,0,0,0,6,1,1,0,1,3
S01011976,All HRPs,353,214,171,43,139,48,1,9,35,46
S01011976,24 and under,12,5,1,4,7,7,0,0,0,0
S01011976,25 to 34,28,18,6,12,10,9,0,1,0,0
S01011976,35 to 49,93,66,49,17,27,10,0,4,10,3
S01011976,50 to 64,98,62,52,10,36,14,0,2,14,6
S01011976,65 to 74,62,40,40,0,22,3,0,2,8,9
S01011976,75 to 84,40,19,19,0,21,3,1,0,3,14
S01011976,85 and over,20,4,4,0,16,2,0,0,0,14
S01011977,All HRPs,508,286,232,54,222,80,4,14,48,76
S01011977,24 and under,19,6,0,6,13,13,0,0,0,0
S01011977,25 to 34,40,24,10,14,16,16,0,0,0,0
S01011977,35 to 49,125,74,55,19,51,24,0,10,15,2
S01011977,50 to 64,161,110,97,13,51,15,1,3,23,9
S01011977,65 to 74,91,55,53,2,36,7,0,1,7,21
S01011977,75 to 84,56,15,15,0,41,5,3,0,3,30
S01011977,85 and over,16,2,2,0,14,0,0,0,0,14
S01011978,All HRPs,351,171,138,33,180,51,1,15,38,75
S01011978,24 and under,13,3,1,2,10,10,0,0,0,0
S01011978,25 to 34,31,19,9,10,12,11,0,1,0,0
S01011978,35 to 49,67,39,28,11,28,13,0,6,8,1
S01011978,50 to 64,87,53,47,6,34,7,0,6,15,6
S01011978,65 to 74,58,25,23,2,33,6,1,1,9,16
S01011978,75 to 84,71,27,26,1,44,2,0,1,5,36
S01011978,85 and over,24,5,4,1,19,2,0,0,1,16
S01011979,All HRPs,397,282,243,39,115,33,3,14,14,51
S01011979,24 and under,2,0,0,0,2,2,0,0,0,0
S01011979,25 to 34,30,25,16,9,5,3,1,0,1,0
S01011979,35 to 49,110,85,69,16,25,13,1,6,4,1
S01011979,50 to 64,135,107,95,12,28,8,1,3,7,9
S01011979,65 to 74,61,38,37,1,23,6,0,2,2,13
S01011979,75 to 84,43,25,24,1,18,1,0,2,0,15
S01011979,85 and over,16,2,2,0,14,0,0,1,0,13
S01011980,All HRPs,182,120,98,22,62,17,2,3,18,22
S01011980,24 and under,4,2,1,1,2,2,0,0,0,0
S01011980,25 to 34,19,17,9,8,2,1,0,1,0,0
S01011980,35 to 49,42,30,26,4,12,8,0,0,3,1
S01011980,50 to 64,65,43,38,5,22,5,1,1,9,6
S01011980,65 to 74,33,19,16,3,14,1,0,1,6,6
S01011980,75 to 84,14,7,6,1,7,0,1,0,0,6
S01011980,85 and over,5,2,2,0,3,0,0,0,0,3
S01011981,All HRPs,396,245,200,45,151,53,8,18,33,39
S01011981,24 and under,13,4,1,3,9,9,0,0,0,0
S01011981,25 to 34,33,16,11,5,17,15,0,0,1,1
S01011981,35 to 49,88,63,46,17,25,13,3,6,3,0
S01011981,50 to 64,141,95,79,16,46,11,2,9,20,4
S01011981,65 to 74,66,44,42,2,22,3,2,2,6,9
S01011981,75 to 84,45,21,19,2,24,2,0,1,3,18
S01011981,85 and over,10,2,2,0,8,0,1,0,0,7
S01011982,All HRPs,414,273,234,39,141,57,4,10,31,39
S01011982,24 and under,4,0,0,0,4,4,0,0,0,0
S01011982,25 to 34,39,20,9,11,19,17,0,1,1,0
S01011982,35 to 49,117,81,62,19,36,19,0,4,11,2
S01011982,50 to 64,138,96,89,7,42,12,2,3,16,9
S01011982,65 to 74,66,47,45,2,19,4,1,2,1,11
S01011982,75 to 84,39,24,24,0,15,1,0,0,2,12
S01011982,85 and over,11,5,5,0,6,0,1,0,0,5
S01011983,All HRPs,351,200,168,32,151,47,2,6,35,61
S01011983,24 and under,2,1,0,1,1,1,0,0,0,0
S01011983,25 to 34,14,6,4,2,8,6,0,0,1,1
S01011983,35 to 49,71,41,26,15,30,18,0,2,10,0
S01011983,50 to 64,118,80,68,12,38,11,0,4,17,6
S01011983,65 to 74,65,40,38,2,25,5,2,0,6,12
S01011983,75 to 84,58,26,26,0,32,5,0,0,1,26
S01011983,85 and over,23,6,6,0,17,1,0,0,0,16
S01011984,All HRPs,315,137,111,26,178,68,5,20,28,57
S01011984,24 and under,11,1,0,1,10,10,0,0,0,0
S01011984,25 to 34,42,24,12,12,18,15,0,3,0,0
S01011984,35 to 49,80,42,32,10,38,21,3,7,6,1
S01011984,50 to 64,78,43,40,3,35,13,0,3,12,7
S01011984,65 to 74,41,17,17,0,24,3,1,6,5,9
S01011984,75 to 84,35,7,7,0,28,5,0,0,4,19
S01011984,85 and over,28,3,3,0,25,1,1,1,1,21
S01011985,All HRPs,293,189,152,37,104,32,1,8,25,38
S01011985,24 and under,8,6,1,5,2,2,0,0,0,0
S01011985,25 to 34,27,16,7,9,11,11,0,0,0,0
S01011985,35 to 49,73,54,41,13,19,8,1,6,3,1
S01011985,50 to 64,89,67,59,8,22,3,0,2,13,4
S01011985,65 to 74,45,25,23,2,20,7,0,0,6,7
S01011985,75 to 84,41,16,16,0,25,0,0,0,3,22
S01011985,85 and over,10,5,5,0,5,1,0,0,0,4
S01011986,All HRPs,320,136,99,37,184,81,4,10,47,42
S01011986,24 and under,20,4,0,4,16,15,0,0,0,1
S01011986,25 to 34,55,31,17,14,24,22,0,2,0,0
S01011986,35 to 49,85,32,19,13,53,29,2,6,15,1
S01011986,50 to 64,79,37,32,5,42,8,2,2,24,6
S01011986,65 to 74,39,18,17,1,21,3,0,0,5,13
S01011986,75 to 84,37,14,14,0,23,2,0,0,3,18
S01011986,85 and over,5,0,0,0,5,2,0,0,0,3
S01011987,All HRPs,403,246,209,37,157,48,5,11,46,47
S01011987,24 and under,3,2,0,2,1,1,0,0,0,0
S01011987,25 to 34,58,41,25,16,17,15,1,1,0,0
S01011987,35 to 49,108,62,52,10,46,21,1,7,17,0
S01011987,50 to 64,108,74,68,6,34,6,2,1,18,7
S01011987,65 to 74,70,45,43,2,25,3,0,1,8,13
S01011987,75 to 84,43,21,20,1,22,1,1,1,3,16
S01011987,85 and over,13,1,1,0,12,1,0,0,0,11
S01011988,All HRPs,297,193,175,18,104,21,3,9,19,52
S01011988,24 and under,2,0,0,0,2,2,0,0,0,0
S01011988,25 to 34,16,12,8,4,4,3,1,0,0,0
S01011988,35 to 49,46,36,30,6,10,4,0,3,2,1
S01011988,50 to 64,103,75,71,4,28,6,0,5,11,6
S01011988,65 to 74,63,39,36,3,24,3,2,0,4,15
S01011988,75 to 84,48,25,24,1,23,1,0,1,2,19
S01011988,85 and over,19,6,6,0,13,2,0,0,0,11
S01011989,All HRPs,379,230,195,35,149,26,3,16,42,62
S01011989,24 and under,6,4,1,3,2,1,0,1,0,0
S01011989,25 to 34,30,19,10,9,11,7,0,2,2,0
S01011989,35 to 49,98,63,50,13,35,8,0,6,17,4
S01011989,50 to 64,102,71,63,8,31,6,2,4,12,7
S01011989,65 to 74,63,39,38,1,24,2,1,1,5,15
S01011989,75 to 84,66,30,29,1,36,2,0,2,6,26
S01011989,85 and over,14,4,4,0,10,0,0,0,0,10
S01011990,All HRPs,364,219,203,16,145,32,3,9,26,75
S01011990,24 and under,4,1,0,1,3,3,0,0,0,0
S01011990,25 to 34,15,10,6,4,5,5,0,0,0,0
S01011990,35 to 49,75,54,47,7,21,13,0,1,7,0
S01011990,50 to 64,97,62,59,3,35,8,1,7,11,8
S01011990,65 to 74,71,51,50,1,20,1,0,1,4,14
S01011990,75 to 84,71,32,32,0,39,2,1,0,3,33
S01011990,85 and over,31,9,9,0,22,0,1,0,1,20
S01011991,All HRPs,298,175,151,24,123,32,4,7,26,54
S01011991,24 and under,6,5,1,4,1,1,0,0,0,0
S01011991,25 to 34,23,15,8,7,8,8,0,0,0,0
S01011991,35 to 49,72,47,40,7,25,7,0,3,12,3
S01011991,50 to 64,98,68,64,4,30,10,1,4,10,5
S01011991,65 to 74,42,27,26,1,15,2,2,0,2,9
S01011991,75 to 84,44,13,12,1,31,3,1,0,2,25
S01011991,85 and over,13,0,0,0,13,1,0,0,0,12
S01011992,All HRPs,472,254,209,45,218,71,5,14,49,79
S01011992,24 and under,8,4,2,2,4,4,0,0,0,0
S01011992,25 to 34,47,21,10,11,26,23,0,2,1,0
S01011992,35 to 49,90,57,41,16,33,13,0,5,14,1
S01011992,50 to 64,132,79,70,9,53,17,2,7,20,7
S01011992,65 to 74,76,45,43,2,31,9,0,0,10,12
S01011992,75 to 84,85,37,33,4,48,4,2,0,4,38
S01011992,85 and over,34,11,10,1,23,1,1,0,0,21
S01011993,All HRPs,460,167,101,66,293,104,7,20,76,86
S01011993,24 and under,30,13,1,12,17,16,1,0,0,0
S01011993,25 to 34,86,48,19,29,38,32,2,0,4,0
S01011993,35 to 49,105,47,32,15,58,37,0,10,9,2
S01011993,50 to 64,76,24,19,5,52,4,2,7,31,8
S01011993,65 to 74,84,21,16,5,63,7,2,3,22,29
S01011993,75 to 84,56,9,9,0,47,6,0,0,9,32
S01011993,85 and over,23,5,5,0,18,2,0,0,1,15
S01011994,All HRPs,305,234,222,12,71,13,3,4,10,41
S01011994,24 and under,0,0,0,0,0,0,0,0,0,0
S01011994,25 to 34,2,1,0,1,1,0,0,1,0,0
S01011994,35 to 49,38,35,31,4,3,3,0,0,0,0
S01011994,50 to 64,110,93,88,5,17,2,1,3,5,6
S01011994,65 to 74,73,54,54,0,19,4,1,0,5,9
S01011994,75 to 84,65,46,44,2,19,4,0,0,0,15
S01011994,85 and over,17,5,5,0,12,0,1,0,0,11
S01011995,All HRPs,324,241,207,34,83,28,5,11,15,24
S01011995,24 and under,6,1,0,1,5,5,0,0,0,0
S01011995,25 to 34,13,10,3,7,3,2,0,0,1,0
S01011995,35 to 49,114,88,70,18,26,11,4,7,4,0
S01011995,50 to 64,107,87,79,8,20,5,1,4,8,2
S01011995,65 to 74,48,37,37,0,11,4,0,0,1,6
S01011995,75 to 84,31,16,16,0,15,1,0,0,1,13
S01011995,85 and over,5,2,2,0,3,0,0,0,0,3
S01011996,All HRPs,254,125,109,16,129,30,1,7,39,52
S01011996,24 and under,9,3,0,3,6,6,0,0,0,0
S01011996,25 to 34,16,11,6,5,5,5,0,0,0,0
S01011996,35 to 49,64,36,31,5,28,8,0,5,15,0
S01011996,50 to 64,83,47,45,2,36,5,1,1,19,10
S01011996,65 to 74,32,16,15,1,16,2,0,1,3,10
S01011996,75 to 84,38,11,11,0,27,3,0,0,2,22
S01011996,85 and over,12,1,1,0,11,1,0,0,0,10
S01011997,All HRPs,422,216,169,47,206,89,0,21,47,49
S01011997,24 and under,15,3,0,3,12,12,0,0,0,0
S01011997,25 to 34,60,23,10,13,37,34,0,1,2,0
S01011997,35 to 49,110,66,44,22,44,25,0,8,10,1
S01011997,50 to 64,121,72,66,6,49,12,0,11,21,5
S01011997,65 to 74,56,34,31,3,22,1,0,0,11,10
S01011997,75 to 84,42,14,14,0,28,2,0,0,2,24
S01011997,85 and over,18,4,4,0,14,3,0,1,1,9
S01011998,All HRPs,220,168,156,12,52,14,2,5,10,21
S01011998,24 and under,1,0,0,0,1,1,0,0,0,0
S01011998,25 to 34,9,7,5,2,2,1,0,0,1,0
S01011998,35 to 49,76,58,50,8,18,7,0,4,5,2
S01011998,50 to 64,60,53,51,2,7,2,0,0,2,3
S01011998,65 to 74,44,34,34,0,10,1,0,1,2,6
S01011998,75 to 84,21,12,12,0,9,1,1,0,0,7
S01011998,85 and over,9,4,4,0,5,1,1,0,0,3
S01011999,All HRPs,291,167,133,34,124,37,4,10,34,39
S01011999,24 and under,2,1,0,1,1,1,0,0,0,0
S01011999,25 to 34,28,15,4,11,13,11,0,1,1,0
S01011999,35 to 49,86,50,34,16,36,13,1,8,12,2
S01011999,50 to 64,90,57,51,6,33,10,1,1,11,10
S01011999,65 to 74,45,31,31,0,14,0,2,0,5,7
S01011999,75 to 84,33,13,13,0,20,2,0,0,5,13
S01011999,85 and over,7,0,0,0,7,0,0,0,0,7
S01012000,All HRPs,198,138,113,25,60,20,0,6,9,25
S01012000,24 and under,3,3,0,3,0,0,0,0,0,0
S01012000,25 to 34,31,21,13,8,10,8,0,2,0,0
S01012000,35 to 49,48,37,28,9,11,3,0,3,4,1
S01012000,50 to 64,59,45,40,5,14,5,0,1,3,5
S01012000,65 to 74,28,19,19,0,9,2,0,0,2,5
S01012000,75 to 84,23,11,11,0,12,2,0,0,0,10
S01012000,85 and over,6,2,2,0,4,0,0,0,0,4
S01012001,All HRPs,296,171,137,34,125,41,0,8,35,41
S01012001,24 and under,5,1,0,1,4,4,0,0,0,0
S01012001,25 to 34,33,27,13,14,6,5,0,0,1,0
S01012001,35 to 49,77,52,40,12,25,16,0,4,5,0
S01012001,50 to 64,91,54,49,5,37,11,0,3,18,5
S01012001,65 to 74,43,20,18,2,23,2,0,1,7,13
S01012001,75 to 84,35,15,15,0,20,2,0,0,2,16
S01012001,85 and over,12,2,2,0,10,1,0,0,2,7
S01012002,All HRPs,243,153,139,14,90,18,2,6,21,43
S01012002,24 and under,2,1,0,1,1,1,0,0,0,0
S01012002,25 to 34,12,6,4,2,6,5,0,1,0,0
S01012002,35 to 49,45,34,32,2,11,4,0,3,4,0
S01012002,50 to 64,81,59,51,8,22,3,0,1,13,5
S01012002,65 to 74,47,27,27,0,20,3,1,1,2,13
S01012002,75 to 84,41,21,20,1,20,2,1,0,2,15
S01012002,85 and over,15,5,5,0,10,0,0,0,0,10
S01012003,All HRPs,241,135,105,30,106,28,2,11,37,28
S01012003,24 and under,5,1,0,1,4,3,0,1,0,0
S01012003,25 to 34,13,9,5,4,4,4,0,0,0,0
S01012003,35 to 49,77,46,31,15,31,11,0,6,13,1
S01012003,50 to 64,76,46,36,10,30,6,0,4,16,4
S01012003,65 to 74,41,22,22,0,19,3,0,0,4,12
S01012003,75 to 84,24,10,10,0,14,1,2,0,3,8
S01012003,85 and over,5,1,1,0,4,0,0,0,1,3
S01012004,All HRPs,398,237,192,45,161,44,0,14,35,68
S01012004,24 and under,4,2,0,2,2,2,0,0,0,0
S01012004,25 to 34,31,21,8,13,10,7,0,2,1,0
S01012004,35 to 49,97,63,51,12,34,14,0,6,12,2
S01012004,50 to 64,117,91,75,16,26,6,0,4,13,3
S01012004,65 to 74,73,35,34,1,38,8,0,1,8,21
S01012004,75 to 84,62,22,21,1,40,6,0,1,1,32
S01012004,85 and over,14,3,3,0,11,1,0,0,0,10
S01012005,All HRPs,334,237,210,27,97,35,3,15,24,20
S01012005,24 and under,3,2,0,2,1,1,0,0,0,0
S01012005,25 to 34,26,15,10,5,11,7,0,3,1,0
S01012005,35 to 49,123,89,77,12,34,11,1,9,10,3
S01012005,50 to 64,118,87,81,6,31,10,2,3,13,3
S01012005,65 to 74,41,32,31,1,9,5,0,0,0,4
S01012005,75 to 84,17,9,8,1,8,0,0,0,0,8
S01012005,85 and over,6,3,3,0,3,1,0,0,0,2
S01012006,All HRPs,280,180,154,26,100,45,5,10,15,25
S01012006,24 and under,4,1,0,1,3,3,0,0,0,0
S01012006,25 to 34,32,18,11,7,14,12,0,2,0,0
S01012006,35 to 49,74,51,42,9,23,13,0,5,5,0
S01012006,50 to 64,101,75,67,8,26,12,3,2,4,5
S01012006,65 to 74,41,28,27,1,13,3,0,0,2,8
S01012006,75 to 84,22,6,6,0,16,0,2,1,4,9
S01012006,85 and over,6,1,1,0,5,2,0,0,0,3
S01012007,All HRPs,374,207,176,31,167,45,4,10,40,68
S01012007,24 and under,1,0,0,0,1,1,0,0,0,0
S01012007,25 to 34,20,13,8,5,7,7,0,0,0,0
S01012007,35 to 49,82,56,41,15,26,14,0,4,8,0
S01012007,50 to 64,118,76,68,8,42,9,3,4,21,5
S01012007,65 to 74,68,33,31,2,35,5,0,1,7,22
S01012007,75 to 84,56,25,24,1,31,6,1,1,4,19
S01012007,85 and over,29,4,4,0,25,3,0,0,0,22
S01012008,All HRPs,421,227,182,45,194,70,7,13,50,54
S01012008,24 and under,10,3,0,3,7,6,0,0,0,1
S01012008,25 to 34,35,19,3,16,16,14,0,1,1,0
S01012008,35 to 49,129,68,52,16,61,30,1,5,22,3
S01012008,50 to 64,121,74,66,8,47,11,4,6,17,9
S01012008,65 to 74,51,30,29,1,21,4,1,1,9,6
S01012008,75 to 84,57,28,27,1,29,3,0,0,1,25
S01012008,85 and over,18,5,5,0,13,2,1,0,0,10
S01012009,All HRPs,300,169,133,36,131,53,4,16,24,34
S01012009,24 and under,8,4,0,4,4,4,0,0,0,0
S01012009,25 to 34,24,8,3,5,16,12,0,3,1,0
S01012009,35 to 49,85,52,38,14,33,22,1,6,2,2
S01012009,50 to 64,98,61,50,11,37,11,3,5,11,7
S01012009,65 to 74,41,23,22,1,18,2,0,2,7,7
S01012009,75 to 84,29,16,15,1,13,2,0,0,2,9
S01012009,85 and over,15,5,5,0,10,0,0,0,1,9
S01012010,All HRPs,524,290,239,51,234,90,7,8,45,84
S01012010,24 and under,10,5,0,5,5,5,0,0,0,0
S01012010,25 to 34,51,29,12,17,22,20,0,1,1,0
S01012010,35 to 49,101,48,36,12,53,35,1,4,12,1
S01012010,50 to 64,148,104,90,14,44,15,1,2,21,5
S01012010,65 to 74,86,49,47,2,37,6,1,1,9,20
S01012010,75 to 84,91,43,42,1,48,6,4,0,2,36
S01012010,85 and over,37,12,12,0,25,3,0,0,0,22
S01012011,All HRPs,537,247,198,49,290,119,6,27,53,85
S01012011,24 and under,22,2,0,2,20,20,0,0,0,0
S01012011,25 to 34,57,18,6,12,39,35,0,2,2,0
S01012011,35 to 49,133,74,52,22,59,23,1,16,19,0
S01012011,50 to 64,133,84,71,13,49,16,3,6,13,11
S01012011,65 to 74,89,33,33,0,56,16,2,1,13,24
S01012011,75 to 84,74,28,28,0,46,7,0,2,5,32
S01012011,85 and over,29,8,8,0,21,2,0,0,1,18
S01012012,All HRPs,320,193,169,24,127,23,3,7,34,60
S01012012,24 and under,2,2,0,2,0,0,0,0,0,0
S01012012,25 to 34,11,7,1,6,4,3,0,0,1,0
S01012012,35 to 49,51,39,28,11,12,4,0,4,3,1
S01012012,50 to 64,102,73,70,3,29,5,0,3,18,3
S01012012,65 to 74,60,40,39,1,20,3,2,0,6,9
S01012012,75 to 84,66,27,26,1,39,5,0,0,5,29
S01012012,85 and over,28,5,5,0,23,3,1,0,1,18
S01012013,All HRPs,357,214,185,29,143,49,4,15,36,39
S01012013,24 and under,11,3,0,3,8,8,0,0,0,0
S01012013,25 to 34,27,18,11,7,9,9,0,0,0,0
S01012013,35 to 49,69,47,40,7,22,8,2,5,7,0
S01012013,50 to 64,126,75,65,10,51,13,1,8,23,6
S01012013,65 to 74,67,46,45,1,21,7,1,1,4,8
S01012013,75 to 84,47,22,21,1,25,3,0,1,1,20
S01012013,85 and over,10,3,3,0,7,1,0,0,1,5
S01012014,All HRPs,402,179,135,44,223,97,12,12,46,56
S01012014,24 and under,13,1,0,1,12,12,0,0,0,0
S01012014,25 to 34,48,24,8,16,24,21,0,2,1,0
S01012014,35 to 49,105,54,36,18,51,32,4,5,9,1
S01012014,50 to 64,112,59,50,9,53,21,5,5,17,5
S01012014,65 to 74,53,25,25,0,28,5,0,0,13,10
S01012014,75 to 84,53,15,15,0,38,5,2,0,5,26
S01012014,85 and over,18,1,1,0,17,1,1,0,1,14
S01012015,All HRPs,420,245,193,52,175,54,1,20,38,62
S01012015,24 and under,9,4,0,4,5,5,0,0,0,0
S01012015,25 to 34,37,21,12,9,16,15,0,1,0,0
S01012015,35 to 49,123,76,53,23,47,18,1,15,12,1
S01012015,50 to 64,98,64,56,8,34,7,0,4,17,6
S01012015,65 to 74,60,35,32,3,25,6,0,0,7,12
S01012015,75 to 84,65,35,30,5,30,3,0,0,1,26
S01012015,85 and over,28,10,10,0,18,0,0,0,1,17
S01012016,All HRPs,360,229,197,32,131,51,3,15,22,40
S01012016,24 and under,8,1,0,1,7,7,0,0,0,0
S01012016,25 to 34,23,13,6,7,10,10,0,0,0,0
S01012016,35 to 49,90,61,48,13,29,14,2,7,6,0
S01012016,50 to 64,125,95,85,10,30,11,0,6,9,4
S01012016,65 to 74,58,38,37,1,20,4,0,1,6,9
S01012016,75 to 84,42,19,19,0,23,5,0,1,1,16
S01012016,85 and over,14,2,2,0,12,0,1,0,0,11
S01012017,All HRPs,221,150,127,23,71,30,3,5,9,24
S01012017,24 and under,2,0,0,0,2,2,0,0,0,0
S01012017,25 to 34,13,4,2,2,9,9,0,0,0,0
S01012017,35 to 49,57,43,31,12,14,11,0,1,2,0
S01012017,50 to 64,77,59,53,6,18,5,1,2,5,5
S01012017,65 to 74,44,32,30,2,12,1,2,1,1,7
S01012017,75 to 84,22,11,10,1,11,2,0,1,1,7
S01012017,85 and over,6,1,1,0,5,0,0,0,0,5
S01012018,All HRPs,374,233,207,26,141,49,7,15,33,37
S01012018,24 and under,5,1,0,1,4,4,0,0,0,0
S01012018,25 to 34,22,13,11,2,9,7,0,1,1,0
S01012018,35 to 49,103,68,54,14,35,16,1,6,11,1
S01012018,50 to 64,127,84,75,9,43,16,5,5,13,4
S01012018,65 to 74,62,43,43,0,19,4,0,2,3,10
S01012018,75 to 84,41,20,20,0,21,1,1,0,4,15
S01012018,85 and over,14,4,4,0,10,1,0,1,1,7
S01012019,All HRPs,371,213,180,33,158,66,7,19,32,34
S01012019,24 and under,11,1,0,1,10,10,0,0,0,0
S01012019,25 to 34,52,26,17,9,26,24,1,0,1,0
S01012019,35 to 49,120,76,60,16,44,24,6,8,6,0
S01012019,50 to 64,110,71,64,7,39,4,0,9,21,5
S01012019,65 to 74,42,25,25,0,17,3,0,2,3,9
S01012019,75 to 84,28,13,13,0,15,1,0,0,1,13
S01012019,85 and over,8,1,1,0,7,0,0,0,0,7
S01012020,All HRPs,361,157,130,27,204,75,2,12,47,68
S01012020,24 and under,11,0,0,0,11,10,0,0,1,0
S01012020,25 to 34,28,13,5,8,15,15,0,0,0,0
S01012020,35 to 49,93,50,39,11,43,30,0,3,7,3
S01012020,50 to 64,107,64,57,7,43,10,0,5,22,6
S01012020,65 to 74,53,18,17,1,35,3,2,2,13,15
S01012020,75 to 84,48,9,9,0,39,4,0,1,4,30
S01012020,85 and over,21,3,3,0,18,3,0,1,0,14
S01012021,All HRPs,225,148,127,21,77,35,0,5,19,18
S01012021,24 and under,3,0,0,0,3,3,0,0,0,0
S01012021,25 to 34,13,6,2,4,7,7,0,0,0,0
S01012021,35 to 49,69,45,37,8,24,15,0,1,8,0
S01012021,50 to 64,89,64,56,8,25,9,0,2,7,7
S01012021,65 to 74,24,19,19,0,5,1,0,2,1,1
S01012021,75 to 84,20,12,11,1,8,0,0,0,3,5
S01012021,85 and over,7,2,2,0,5,0,0,0,0,5
S01012022,All HRPs,289,167,141,26,122,47,2,11,25,37
S01012022,24 and under,5,2,0,2,3,3,0,0,0,0
S01012022,25 to 34,34,17,10,7,17,15,0,1,1,0
S01012022,35 to 49,97,58,47,11,39,23,1,5,8,2
S01012022,50 to 64,96,62,57,5,34,5,0,5,12,12
S01012022,65 to 74,29,20,20,0,9,0,0,0,4,5
S01012022,75 to 84,21,8,7,1,13,1,1,0,0,11
S01012022,85 and over,7,0,0,0,7,0,0,0,0,7
S01012023,All HRPs,228,146,120,26,82,23,3,10,16,30
S01012023,24 and under,2,0,0,0,2,2,0,0,0,0
S01012023,25 to 34,5,3,1,2,2,2,0,0,0,0
S01012023,35 to 49,75,56,44,12,19,8,1,3,2,5
S01012023,50 to 64,82,50,39,11,32,8,2,6,11,5
S01012023,65 to 74,39,24,23,1,15,3,0,1,3,8
S01012023,75 to 84,23,12,12,0,11,0,0,0,0,11
S01012023,85 and over,2,1,1,0,1,0,0,0,0,1
S01012024,All HRPs,363,238,211,27,125,44,3,12,34,32
S01012024,24 and under,3,0,0,0,3,3,0,0,0,0
S01012024,25 to 34,35,24,17,7,11,10,1,0,0,0
S01012024,35 to 49,148,111,96,15,37,14,1,10,11,1
S01012024,50 to 64,108,66,61,5,42,15,1,1,19,6
S01012024,65 to 74,40,27,27,0,13,1,0,1,2,9
S01012024,75 to 84,23,10,10,0,13,1,0,0,2,10
S01012024,85 and over,6,0,0,0,6,0,0,0,0,6
S01012025,All HRPs,288,182,162,20,106,35,0,11,24,36
S01012025,24 and under,2,1,0,1,1,1,0,0,0,0
S01012025,25 to 34,22,13,8,5,9,6,0,2,1,0
S01012025,35 to 49,105,71,62,9,34,18,0,5,10,1
S01012025,50 to 64,83,62,57,5,21,1,0,3,11,6
S01012025,65 to 74,43,26,26,0,17,4,0,1,2,10
S01012025,75 to 84,24,8,8,0,16,5,0,0,0,11
S01012025,85 and over,9,1,1,0,8,0,0,0,0,8
S01012026,All HRPs,211,164,147,17,47,19,2,8,12,6
S01012026,24 and under,4,1,0,1,3,3,0,0,0,0
S01012026,25 to 34,28,19,14,5,9,6,0,2,1,0
S01012026,35 to 49,108,89,81,8,19,8,0,5,4,2
S01012026,50 to 64,50,40,37,3,10,1,1,1,5,2
S01012026,65 to 74,14,10,10,0,4,1,0,0,2,1
S01012026,75 to 84,7,5,5,0,2,0,1,0,0,1
S01012026,85 and over,0,0,0,0,0,0,0,0,0,0
S01012027,All HRPs,311,227,195,32,84,31,2,4,21,26
S01012027,24 and under,7,3,2,1,4,4,0,0,0,0
S01012027,25 to 34,46,35,27,8,11,9,0,0,2,0
S01012027,35 to 49,107,87,69,18,20,10,2,2,5,1
S01012027,50 to 64,91,68,64,4,23,6,0,2,5,10
S01012027,65 to 74,33,20,19,1,13,1,0,0,8,4
S01012027,75 to 84,27,14,14,0,13,1,0,0,1,11
S01012027,85 and over,0,0,0,0,0,0,0,0,0,0
S01012028,All HRPs,375,278,254,24,97,30,4,11,20,32
S01012028,24 and under,4,1,1,0,3,3,0,0,0,0
S01012028,25 to 34,12,6,5,1,6,5,0,0,0,1
S01012028,35 to 49,102,82,66,16,20,9,1,4,5,1
S01012028,50 to 64,150,120,113,7,30,5,2,6,10,7
S01012028,65 to 74,59,44,44,0,15,5,0,1,3,6
S01012028,75 to 84,39,22,22,0,17,2,1,0,2,12
S01012028,85 and over,9,3,3,0,6,1,0,0,0,5
S01012029,All HRPs,418,240,201,39,178,61,6,25,38,48
S01012029,24 and under,4,2,0,2,2,2,0,0,0,0
S01012029,25 to 34,29,12,8,4,17,16,0,0,1,0
S01012029,35 to 49,131,90,71,19,41,19,0,12,9,1
S01012029,50 to 64,157,98,84,14,59,17,6,9,20,7
S01012029,65 to 74,48,22,22,0,26,4,0,4,6,12
S01012029,75 to 84,35,16,16,0,19,1,0,0,0,18
S01012029,85 and over,14,0,0,0,14,2,0,0,2,10
S01012030,All HRPs,249,164,139,25,85,33,4,10,23,15
S01012030,24 and under,2,1,0,1,1,1,0,0,0,0
S01012030,25 to 34,21,9,5,4,12,11,0,1,0,0
S01012030,35 to 49,87,64,51,13,23,10,2,4,6,1
S01012030,50 to 64,86,55,48,7,31,7,2,5,13,4
S01012030,65 to 74,37,26,26,0,11,3,0,0,3,5
S01012030,75 to 84,13,9,9,0,4,1,0,0,1,2
S01012030,85 and over,3,0,0,0,3,0,0,0,0,3
S01012031,All HRPs,231,175,156,19,56,13,1,5,11,26
S01012031,24 and under,0,0,0,0,0,0,0,0,0,0
S01012031,25 to 34,11,8,6,2,3,2,0,0,1,0
S01012031,35 to 49,57,47,35,12,10,5,0,2,1,2
S01012031,50 to 64,74,62,59,3,12,1,0,1,5,5
S01012031,65 to 74,54,42,40,2,12,3,1,1,3,4
S01012031,75 to 84,28,14,14,0,14,1,0,1,1,11
S01012031,85 and over,7,2,2,0,5,1,0,0,0,4
S01012032,All HRPs,142,92,83,9,50,16,0,3,11,20
S01012032,24 and under,1,0,0,0,1,1,0,0,0,0
S01012032,25 to 34,4,2,0,2,2,2,0,0,0,0
S01012032,35 to 49,40,27,23,4,13,5,0,3,3,2
S01012032,50 to 64,52,39,37,2,13,6,0,0,6,1
S01012032,65 to 74,25,17,16,1,8,0,0,0,2,6
S01012032,75 to 84,12,7,7,0,5,0,0,0,0,5
S01012032,85 and over,8,0,0,0,8,2,0,0,0,6
S01012033,All HRPs,373,200,168,32,173,48,0,17,33,75
S01012033,24 and under,6,2,2,0,4,4,0,0,0,0
S01012033,25 to 34,28,16,5,11,12,11,0,1,0,0
S01012033,35 to 49,83,49,33,16,34,18,0,5,9,2
S01012033,50 to 64,131,82,78,4,49,11,0,9,18,11
S01012033,65 to 74,62,32,31,1,30,1,0,2,4,23
S01012033,75 to 84,44,18,18,0,26,3,0,0,1,22
S01012033,85 and over,19,1,1,0,18,0,0,0,1,17
S01012034,All HRPs,386,185,148,37,201,77,4,17,49,54
S01012034,24 and under,14,3,0,3,11,11,0,0,0,0
S01012034,25 to 34,45,16,10,6,29,26,0,3,0,0
S01012034,35 to 49,124,77,58,19,47,18,2,9,18,0
S01012034,50 to 64,96,52,44,8,44,11,2,3,20,8
S01012034,65 to 74,58,26,25,1,32,7,0,0,8,17
S01012034,75 to 84,32,10,10,0,22,4,0,1,1,16
S01012034,85 and over,17,1,1,0,16,0,0,1,2,13
S01012035,All HRPs,431,236,198,38,195,78,2,25,40,50
S01012035,24 and under,19,3,0,3,16,16,0,0,0,0
S01012035,25 to 34,43,22,14,8,21,19,0,2,0,0
S01012035,35 to 49,107,58,41,17,49,26,0,11,12,0
S01012035,50 to 64,133,90,80,10,43,10,1,11,12,9
S01012035,65 to 74,66,37,37,0,29,4,0,0,11,14
S01012035,75 to 84,51,25,25,0,26,3,0,1,5,17
S01012035,85 and over,12,1,1,0,11,0,1,0,0,10
S01012036,All HRPs,385,225,210,15,160,67,4,11,33,45
S01012036,24 and under,10,3,1,2,7,7,0,0,0,0
S01012036,25 to 34,27,11,7,4,16,16,0,0,0,0
S01012036,35 to 49,92,52,46,6,40,20,2,5,12,1
S01012036,50 to 64,138,99,96,3,39,12,1,5,13,8
S01012036,65 to 74,62,37,37,0,25,7,0,1,6,11
S01012036,75 to 84,49,21,21,0,28,4,1,0,2,21
S01012036,85 and over,7,2,2,0,5,1,0,0,0,4
S01012037,All HRPs,438,196,157,39,242,100,1,34,46,61
S01012037,24 and under,20,2,0,2,18,18,0,0,0,0
S01012037,25 to 34,79,37,24,13,42,36,0,6,0,0
S01012037,35 to 49,132,64,46,18,68,35,0,9,20,4
S01012037,50 to 64,88,41,36,5,47,11,0,12,20,4
S01012037,65 to 74,68,31,30,1,37,0,1,4,4,28
S01012037,75 to 84,44,18,18,0,26,0,0,3,2,21
S01012037,85 and over,7,3,3,0,4,0,0,0,0,4
S01012038,All HRPs,366,118,77,41,248,140,3,23,48,34
S01012038,24 and under,30,6,1,5,24,24,0,0,0,0
S01012038,25 to 34,70,20,6,14,50,43,0,4,3,0
S01012038,35 to 49,133,41,23,18,92,57,2,8,21,4
S01012038,50 to 64,84,33,30,3,51,13,1,8,18,11
S01012038,65 to 74,33,13,12,1,20,3,0,3,5,9
S01012038,75 to 84,15,5,5,0,10,0,0,0,1,9
S01012038,85 and over,1,0,0,0,1,0,0,0,0,1
S01012039,All HRPs,413,213,175,38,200,67,3,16,32,82
S01012039,24 and under,9,1,0,1,8,8,0,0,0,0
S01012039,25 to 34,37,21,10,11,16,13,0,2,1,0
S01012039,35 to 49,121,70,48,22,51,25,2,8,12,4
S01012039,50 to 64,111,67,63,4,44,17,0,2,13,12
S01012039,65 to 74,84,43,43,0,41,2,1,2,5,31
S01012039,75 to 84,45,10,10,0,35,2,0,2,1,30
S01012039,85 and over,6,1,1,0,5,0,0,0,0,5
S01012040,All HRPs,255,167,149,18,88,25,4,17,18,24
S01012040,24 and under,3,0,0,0,3,3,0,0,0,0
S01012040,25 to 34,25,15,11,4,10,8,0,2,0,0
S01012040,35 to 49,92,63,53,10,29,10,0,9,8,2
S01012040,50 to 64,84,64,61,3,20,4,2,4,9,1
S01012040,65 to 74,27,15,14,1,12,0,1,1,1,9
S01012040,75 to 84,17,8,8,0,9,0,1,1,0,7
S01012040,85 and over,7,2,2,0,5,0,0,0,0,5
S01012041,All HRPs,382,204,166,38,178,64,4,12,47,51
S01012041,24 and under,11,0,0,0,11,11,0,0,0,0
S01012041,25 to 34,51,26,9,17,25,22,0,1,2,0
S01012041,35 to 49,127,76,58,18,51,23,1,5,22,0
S01012041,50 to 64,86,46,43,3,40,8,2,6,20,4
S01012041,65 to 74,48,32,32,0,16,0,1,0,2,13
S01012041,75 to 84,50,21,21,0,29,0,0,0,1,28
S01012041,85 and over,9,3,3,0,6,0,0,0,0,6
S01012042,All HRPs,408,193,162,31,215,70,2,19,36,88
S01012042,24 and under,10,3,0,3,7,7,0,0,0,0
S01012042,25 to 34,31,9,4,5,22,21,0,1,0,0
S01012042,35 to 49,117,59,43,16,58,31,0,7,17,3
S01012042,50 to 64,106,73,67,6,33,8,0,3,14,8
S01012042,65 to 74,78,29,29,0,49,3,2,7,5,32
S01012042,75 to 84,57,20,19,1,37,0,0,1,0,36
S01012042,85 and over,9,0,0,0,9,0,0,0,0,9
S01012043,All HRPs,380,169,127,42,211,104,6,23,45,33
S01012043,24 and under,26,9,0,9,17,17,0,0,0,0
S01012043,25 to 34,48,16,8,8,32,23,2,3,4,0
S01012043,35 to 49,135,60,44,16,75,45,2,11,15,2
S01012043,50 to 64,103,50,41,9,53,16,1,7,23,6
S01012043,65 to 74,45,23,23,0,22,3,1,2,3,13
S01012043,75 to 84,18,10,10,0,8,0,0,0,0,8
S01012043,85 and over,5,1,1,0,4,0,0,0,0,4
S01012044,All HRPs,474,167,129,38,307,131,4,26,60,86
S01012044,24 and under,23,4,0,4,19,18,0,1,0,0
S01012044,25 to 34,42,13,5,8,29,27,1,0,1,0
S01012044,35 to 49,119,49,31,18,70,44,1,10,13,2
S01012044,50 to 64,115,47,42,5,68,19,1,11,27,10
S01012044,65 to 74,84,35,33,2,49,9,1,3,10,26
S01012044,75 to 84,73,16,15,1,57,14,0,1,9,33
S01012044,85 and over,18,3,3,0,15,0,0,0,0,15
S01012045,All HRPs,583,203,136,67,380,194,2,36,78,70
S01012045,24 and under,43,13,2,11,30,30,0,0,0,0
S01012045,25 to 34,106,47,19,28,59,55,0,2,2,0
S01012045,35 to 49,173,60,40,20,113,74,1,16,21,1
S01012045,50 to 64,142,49,43,6,93,24,1,18,36,14
S01012045,65 to 74,56,19,19,0,37,5,0,0,16,16
S01012045,75 to 84,49,15,13,2,34,5,0,0,3,26
S01012045,85 and over,14,0,0,0,14,1,0,0,0,13
S01012046,All HRPs,376,106,80,26,270,119,2,26,64,59
S01012046,24 and under,23,3,0,3,20,20,0,0,0,0
S01012046,25 to 34,46,18,6,12,28,24,1,1,2,0
S01012046,35 to 49,101,30,22,8,71,43,0,11,17,0
S01012046,50 to 64,89,24,22,2,65,18,1,8,27,11
S01012046,65 to 74,62,19,18,1,43,7,0,5,12,19
S01012046,75 to 84,44,11,11,0,33,6,0,1,4,22
S01012046,85 and over,11,1,1,0,10,1,0,0,2,7
S01012047,All HRPs,548,154,119,35,394,155,2,31,85,121
S01012047,24 and under,28,6,1,5,22,22,0,0,0,0
S01012047,25 to 34,66,18,6,12,48,43,1,3,1,0
S01012047,35 to 49,131,40,30,10,91,52,0,12,27,0
S01012047,50 to 64,124,42,38,4,82,22,1,13,35,11
S01012047,65 to 74,74,31,28,3,43,5,0,2,11,25
S01012047,75 to 84,88,14,13,1,74,9,0,1,10,54
S01012047,85 and over,37,3,3,0,34,2,0,0,1,31
S01012048,All HRPs,402,116,82,34,286,110,6,22,70,78
S01012048,24 and under,21,4,1,3,17,17,0,0,0,0
S01012048,25 to 34,66,31,14,17,35,33,1,1,0,0
S01012048,35 to 49,113,34,22,12,79,37,3,12,25,2
S01012048,50 to 64,81,19,17,2,62,14,0,7,34,7
S01012048,65 to 74,47,17,17,0,30,5,0,2,8,15
S01012048,75 to 84,49,11,11,0,38,3,0,0,3,32
S01012048,85 and over,25,0,0,0,25,1,2,0,0,22
S01012049,All HRPs,347,146,107,39,201,87,6,18,44,46
S01012049,24 and under,15,4,0,4,11,10,0,0,0,1
S01012049,25 to 34,50,25,9,16,25,23,1,1,0,0
S01012049,35 to 49,95,41,29,12,54,35,1,7,11,0
S01012049,50 to 64,97,44,38,6,53,17,1,9,19,7
S01012049,65 to 74,51,23,22,1,28,1,0,1,13,13
S01012049,75 to 84,31,8,8,0,23,0,3,0,1,19
S01012049,85 and over,8,1,1,0,7,1,0,0,0,6
S01012050,All HRPs,423,236,197,39,187,75,4,25,51,32
S01012050,24 and under,8,2,0,2,6,6,0,0,0,0
S01012050,25 to 34,62,37,27,10,25,19,1,4,1,0
S01012050,35 to 49,170,93,77,16,77,38,2,13,22,2
S01012050,50 to 64,123,75,64,11,48,7,0,7,24,10
S01012050,65 to 74,38,22,22,0,16,3,0,1,3,9
S01012050,75 to 84,19,7,7,0,12,2,1,0,1,8
S01012050,85 and over,3,0,0,0,3,0,0,0,0,3
S01012051,All HRPs,255,106,95,11,149,54,1,12,28,54
S01012051,24 and under,14,4,0,4,10,10,0,0,0,0
S01012051,25 to 34,20,4,3,1,16,14,1,1,0,0
S01012051,35 to 49,51,27,24,3,24,14,0,4,5,1
S01012051,50 to 64,75,44,41,3,31,12,0,5,9,5
S01012051,65 to 74,42,19,19,0,23,2,0,1,7,13
S01012051,75 to 84,40,5,5,0,35,1,0,1,7,26
S01012051,85 and over,13,3,3,0,10,1,0,0,0,9
S01012052,All HRPs,469,178,155,23,291,111,3,21,65,91
S01012052,24 and under,14,2,0,2,12,11,0,1,0,0
S01012052,25 to 34,61,17,9,8,44,41,1,2,0,0
S01012052,35 to 49,130,60,54,6,70,35,1,10,21,3
S01012052,50 to 64,108,49,43,6,59,12,0,5,36,6
S01012052,65 to 74,69,31,30,1,38,9,0,2,6,21
S01012052,75 to 84,70,17,17,0,53,3,0,1,2,47
S01012052,85 and over,17,2,2,0,15,0,1,0,0,14
S01012053,All HRPs,461,175,139,36,286,133,4,20,61,68
S01012053,24 and under,27,4,0,4,23,23,0,0,0,0
S01012053,25 to 34,75,18,8,10,57,51,0,6,0,0
S01012053,35 to 49,116,51,37,14,65,40,0,9,16,0
S01012053,50 to 64,120,56,51,5,64,14,1,4,32,13
S01012053,65 to 74,49,28,26,2,21,3,2,1,7,8
S01012053,75 to 84,59,17,16,1,42,2,0,0,5,35
S01012053,85 and over,15,1,1,0,14,0,1,0,1,12
S01012054,All HRPs,443,119,71,48,324,188,0,30,67,39
S01012054,24 and under,58,6,0,6,52,52,0,0,0,0
S01012054,25 to 34,106,39,12,27,67,62,0,1,4,0
S01012054,35 to 49,126,27,18,9,99,53,0,20,25,1
S01012054,50 to 64,98,35,29,6,63,19,0,7,31,6
S01012054,65 to 74,23,6,6,0,17,2,0,1,5,9
S01012054,75 to 84,25,5,5,0,20,0,0,0,1,19
S01012054,85 and over,7,1,1,0,6,0,0,1,1,4
S01012055,All HRPs,463,165,126,39,298,114,4,21,73,86
S01012055,24 and under,18,3,0,3,15,15,0,0,0,0
S01012055,25 to 34,55,20,7,13,35,34,0,1,0,0
S01012055,35 to 49,120,45,33,12,75,44,0,8,21,2
S01012055,50 to 64,127,57,48,9,70,16,1,8,36,9
S01012055,65 to 74,47,15,15,0,32,5,1,2,7,17
S01012055,75 to 84,76,21,19,2,55,0,2,2,8,43
S01012055,85 and over,20,4,4,0,16,0,0,0,1,15
S01012056,All HRPs,354,198,174,24,156,41,0,17,42,56
S01012056,24 and under,8,0,0,0,8,8,0,0,0,0
S01012056,25 to 34,18,14,9,5,4,4,0,0,0,0
S01012056,35 to 49,98,68,58,10,30,14,0,4,11,1
S01012056,50 to 64,108,70,63,7,38,4,0,7,22,5
S01012056,65 to 74,63,27,25,2,36,7,0,5,7,17
S01012056,75 to 84,46,17,17,0,29,2,0,1,2,24
S01012056,85 and over,13,2,2,0,11,2,0,0,0,9
S01012057,All HRPs,316,213,194,19,103,18,3,17,18,47
S01012057,24 and under,1,0,0,0,1,1,0,0,0,0
S01012057,25 to 34,18,11,6,5,7,6,0,0,1,0
S01012057,35 to 49,83,67,60,7,16,7,0,7,2,0
S01012057,50 to 64,117,87,81,6,30,2,1,9,11,7
S01012057,65 to 74,42,24,23,1,18,2,0,1,3,12
S01012057,75 to 84,49,24,24,0,25,0,2,0,1,22
S01012057,85 and over,6,0,0,0,6,0,0,0,0,6
S01012058,All HRPs,328,186,170,16,142,46,3,10,34,49
S01012058,24 and under,6,1,0,1,5,5,0,0,0,0
S01012058,25 to 34,22,10,6,4,12,10,0,1,1,0
S01012058,35 to 49,89,57,50,7,32,14,1,7,10,0
S01012058,50 to 64,101,63,59,4,38,12,0,2,16,8
S01012058,65 to 74,54,35,35,0,19,3,0,0,4,12
S01012058,75 to 84,39,15,15,0,24,0,1,0,3,20
S01012058,85 and over,17,5,5,0,12,2,1,0,0,9
S01012059,All HRPs,412,169,134,35,243,90,4,17,47,85
S01012059,24 and under,12,4,0,4,8,8,0,0,0,0
S01012059,25 to 34,47,18,9,9,29,27,0,2,0,0
S01012059,35 to 49,103,46,34,12,57,36,0,8,11,2
S01012059,50 to 64,134,66,56,10,68,14,2,5,29,18
S01012059,65 to 74,46,22,22,0,24,1,0,1,5,17
S01012059,75 to 84,56,12,12,0,44,3,2,1,2,36
S01012059,85 and over,14,1,1,0,13,1,0,0,0,12
S01012060,All HRPs,408,177,146,31,231,91,3,10,44,83
S01012060,24 and under,17,2,0,2,15,14,0,1,0,0
S01012060,25 to 34,33,18,11,7,15,15,0,0,0,0
S01012060,35 to 49,112,60,48,12,52,34,0,4,13,1
S01012060,50 to 64,106,61,53,8,45,12,0,2,22,9
S01012060,65 to 74,61,22,22,0,39,10,2,1,7,19
S01012060,75 to 84,58,12,11,1,46,5,1,2,2,36
S01012060,85 and over,21,2,1,1,19,1,0,0,0,18
S01012061,All HRPs,440,248,212,36,192,94,1,15,33,49
S01012061,24 and under,10,2,1,1,8,8,0,0,0,0
S01012061,25 to 34,40,15,7,8,25,23,0,0,2,0
S01012061,35 to 49,138,82,60,22,56,36,1,7,12,0
S01012061,50 to 64,141,90,85,5,51,17,0,8,17,9
S01012061,65 to 74,57,36,36,0,21,7,0,0,1,13
S01012061,75 to 84,41,17,17,0,24,3,0,0,1,20
S01012061,85 and over,13,6,6,0,7,0,0,0,0,7
S01012062,All HRPs,335,219,191,28,116,45,3,11,29,28
S01012062,24 and under,4,2,0,2,2,2,0,0,0,0
S01012062,25 to 34,44,28,17,11,16,15,0,0,1,0
S01012062,35 to 49,122,84,75,9,38,17,0,8,10,3
S01012062,50 to 64,98,71,65,6,27,7,0,2,13,5
S01012062,65 to 74,43,25,25,0,18,4,1,0,3,10
S01012062,75 to 84,19,8,8,0,11,0,1,1,2,7
S01012062,85 and over,5,1,1,0,4,0,1,0,0,3
S01012063,All HRPs,235,120,89,31,115,62,0,15,31,7
S01012063,24 and under,11,1,1,0,10,10,0,0,0,0
S01012063,25 to 34,45,26,16,10,19,17,0,2,0,0
S01012063,35 to 49,107,55,38,17,52,32,0,9,11,0
S01012063,50 to 64,56,29,25,4,27,3,0,3,19,2
S01012063,65 to 74,11,7,7,0,4,0,0,0,1,3
S01012063,75 to 84,5,2,2,0,3,0,0,1,0,2
S01012063,85 and over,0,0,0,0,0,0,0,0,0,0
S01012064,All HRPs,276,94,60,34,182,111,1,26,28,16
S01012064,24 and under,18,2,1,1,16,16,0,0,0,0
S01012064,25 to 34,59,30,13,17,29,26,0,3,0,0
S01012064,35 to 49,106,35,22,13,71,49,0,9,13,0
S01012064,50 to 64,63,21,19,2,42,18,0,11,9,4
S01012064,65 to 74,25,5,4,1,20,1,0,3,6,10
S01012064,75 to 84,3,0,0,0,3,0,1,0,0,2
S01012064,85 and over,2,1,1,0,1,1,0,0,0,0
S01012065,All HRPs,261,64,42,22,197,106,4,24,45,18
S01012065,24 and under,21,1,0,1,20,20,0,0,0,0
S01012065,25 to 34,55,17,8,9,38,34,0,2,2,0
S01012065,35 to 49,89,24,15,9,65,33,4,10,15,3
S01012065,50 to 64,72,16,13,3,56,19,0,9,22,6
S01012065,65 to 74,18,4,4,0,14,0,0,3,6,5
S01012065,75 to 84,6,2,2,0,4,0,0,0,0,4
S01012065,85 and over,0,0,0,0,0,0,0,0,0,0
S01012066,All HRPs,382,132,93,39,250,135,3,34,50,28
S01012066,24 and under,19,2,0,2,17,17,0,0,0,0
S01012066,25 to 34,70,29,17,12,41,38,0,3,0,0
S01012066,35 to 49,152,52,36,16,100,62,1,15,21,1
S01012066,50 to 64,105,41,33,8,64,15,1,13,25,10
S01012066,65 to 74,21,6,5,1,15,2,0,2,3,8
S01012066,75 to 84,14,1,1,0,13,1,1,1,1,9
S01012066,85 and over,1,1,1,0,0,0,0,0,0,0
S01012067,All HRPs,250,57,39,18,193,97,2,30,36,28
S01012067,24 and under,7,1,0,1,6,6,0,0,0,0
S01012067,25 to 34,35,9,1,8,26,24,0,2,0,0
S01012067,35 to 49,95,20,17,3,75,49,1,15,8,2
S01012067,50 to 64,81,20,14,6,61,16,1,11,24,9
S01012067,65 to 74,19,4,4,0,15,0,0,2,3,10
S01012067,75 to 84,13,3,3,0,10,2,0,0,1,7
S01012067,85 and over,0,0,0,0,0,0,0,0,0,0
S01012068,All HRPs,268,58,36,22,210,119,1,19,37,34
S01012068,24 and under,17,3,0,3,14,14,0,0,0,0
S01012068,25 to 34,43,10,3,7,33,31,0,2,0,0
S01012068,35 to 49,82,23,16,7,59,45,0,5,9,0
S01012068,50 to 64,69,11,7,4,58,18,0,9,18,13
S01012068,65 to 74,31,6,5,1,25,8,0,3,7,7
S01012068,75 to 84,24,4,4,0,20,2,1,0,3,14
S01012068,85 and over,2,1,1,0,1,1,0,0,0,0
S01012069,All HRPs,292,66,35,31,226,138,3,18,45,22
S01012069,24 and under,22,4,0,4,18,17,0,0,0,1
S01012069,25 to 34,57,18,7,11,39,39,0,0,0,0
S01012069,35 to 49,101,27,12,15,74,49,2,8,15,0
S01012069,50 to 64,70,10,9,1,60,25,0,9,22,4
S01012069,65 to 74,27,5,5,0,22,6,1,0,5,10
S01012069,75 to 84,13,2,2,0,11,1,0,1,2,7
S01012069,85 and over,2,0,0,0,2,1,0,0,1,0
S01012070,All HRPs,449,84,55,29,365,183,3,25,83,71
S01012070,24 and under,45,3,1,2,42,42,0,0,0,0
S01012070,25 to 34,73,21,4,17,52,46,1,1,4,0
S01012070,35 to 49,110,24,15,9,86,56,0,12,16,2
S01012070,50 to 64,108,19,18,1,89,30,2,10,38,9
S01012070,65 to 74,53,9,9,0,44,5,0,1,17,21
S01012070,75 to 84,44,8,8,0,36,2,0,1,7,26
S01012070,85 and over,16,0,0,0,16,2,0,0,1,13
S01012071,All HRPs,692,138,73,65,554,336,10,41,106,61
S01012071,24 and under,83,13,0,13,70,66,0,4,0,0
S01012071,25 to 34,167,40,13,27,127,112,6,5,4,0
S01012071,35 to 49,165,30,14,16,135,94,3,11,24,3
S01012071,50 to 64,153,26,21,5,127,47,1,16,54,9
S01012071,65 to 74,58,17,14,3,41,7,0,3,17,14
S01012071,75 to 84,46,8,8,0,38,6,0,2,5,25
S01012071,85 and over,20,4,3,1,16,4,0,0,2,10
S01012072,All HRPs,722,148,94,54,574,345,5,43,99,82
S01012072,24 and under,93,7,0,7,86,84,0,2,0,0
S01012072,25 to 34,140,46,20,26,94,84,1,6,3,0
S01012072,35 to 49,184,39,26,13,145,106,2,14,18,5
S01012072,50 to 64,155,29,22,7,126,47,0,19,52,8
S01012072,65 to 74,56,10,9,1,46,9,0,2,15,20
S01012072,75 to 84,69,13,13,0,56,10,1,0,11,34
S01012072,85 and over,25,4,4,0,21,5,1,0,0,15
S01012073,All HRPs,320,161,106,55,159,85,2,19,25,28
S01012073,24 and under,18,7,0,7,11,11,0,0,0,0
S01012073,25 to 34,69,40,17,23,29,23,0,4,2,0
S01012073,35 to 49,121,62,47,15,59,36,0,12,9,2
S01012073,50 to 64,72,40,31,9,32,12,2,2,12,4
S01012073,65 to 74,25,10,9,1,15,2,0,1,2,10
S01012073,75 to 84,13,2,2,0,11,0,0,0,0,11
S01012073,85 and over,2,0,0,0,2,1,0,0,0,1
S01012074,All HRPs,343,167,126,41,176,90,4,11,41,30
S01012074,24 and under,17,4,0,4,13,13,0,0,0,0
S01012074,25 to 34,62,28,15,13,34,31,0,2,1,0
S01012074,35 to 49,138,73,56,17,65,37,1,6,21,0
S01012074,50 to 64,65,38,31,7,27,7,2,3,11,4
S01012074,65 to 74,30,11,11,0,19,1,0,0,6,12
S01012074,75 to 84,25,10,10,0,15,1,0,0,2,12
S01012074,85 and over,6,3,3,0,3,0,1,0,0,2
S01012075,All HRPs,269,196,170,26,73,25,1,13,22,12
S01012075,24 and under,7,1,0,1,6,6,0,0,0,0
S01012075,25 to 34,20,13,8,5,7,6,0,1,0,0
S01012075,35 to 49,125,97,84,13,28,11,1,5,11,0
S01012075,50 to 64,97,76,69,7,21,2,0,4,10,5
S01012075,65 to 74,16,7,7,0,9,0,0,3,1,5
S01012075,75 to 84,4,2,2,0,2,0,0,0,0,2
S01012075,85 and over,0,0,0,0,0,0,0,0,0,0
S01012076,All HRPs,382,162,136,26,220,96,1,14,42,67
S01012076,24 and under,14,4,1,3,10,10,0,0,0,0
S01012076,25 to 34,58,24,11,13,34,34,0,0,0,0
S01012076,35 to 49,102,53,48,5,49,27,0,9,9,4
S01012076,50 to 64,92,45,40,5,47,16,0,2,21,8
S01012076,65 to 74,48,19,19,0,29,2,0,3,10,14
S01012076,75 to 84,55,14,14,0,41,5,1,0,2,33
S01012076,85 and over,13,3,3,0,10,2,0,0,0,8
S01012077,All HRPs,363,137,90,47,226,123,1,27,46,29
S01012077,24 and under,27,8,1,7,19,19,0,0,0,0
S01012077,25 to 34,87,31,13,18,56,51,0,2,3,0
S01012077,35 to 49,103,36,24,12,67,36,0,12,18,1
S01012077,50 to 64,97,47,39,8,50,11,1,13,18,7
S01012077,65 to 74,28,10,8,2,18,4,0,0,5,9
S01012077,75 to 84,14,5,5,0,9,0,0,0,0,9
S01012077,85 and over,7,0,0,0,7,2,0,0,2,3
S01012078,All HRPs,367,191,156,35,176,87,2,19,49,19
S01012078,24 and under,15,4,0,4,11,11,0,0,0,0
S01012078,25 to 34,57,20,12,8,37,33,0,2,2,0
S01012078,35 to 49,154,84,69,15,70,34,2,12,22,0
S01012078,50 to 64,101,62,54,8,39,8,0,5,23,3
S01012078,65 to 74,22,15,15,0,7,0,0,0,0,7
S01012078,75 to 84,13,5,5,0,8,1,0,0,2,5
S01012078,85 and over,5,1,1,0,4,0,0,0,0,4
S01012079,All HRPs,448,178,141,37,270,117,4,18,57,74
S01012079,24 and under,11,1,0,1,10,10,0,0,0,0
S01012079,25 to 34,55,22,9,13,33,30,0,0,2,1
S01012079,35 to 49,120,45,32,13,75,45,1,9,17,3
S01012079,50 to 64,122,64,55,9,58,20,2,5,23,8
S01012079,65 to 74,69,27,27,0,42,3,0,3,14,22
S01012079,75 to 84,47,15,14,1,32,6,0,0,1,25
S01012079,85 and over,24,4,4,0,20,3,1,1,0,15
S01012080,All HRPs,352,127,82,45,225,128,1,29,45,22
S01012080,24 and under,26,6,0,6,20,19,0,0,1,0
S01012080,25 to 34,94,29,9,20,65,52,0,8,5,0
S01012080,35 to 49,130,52,41,11,78,47,1,14,15,1
S01012080,50 to 64,67,32,25,7,35,7,0,6,16,6
S01012080,65 to 74,22,5,4,1,17,3,0,1,6,7
S01012080,75 to 84,6,2,2,0,4,0,0,0,1,3
S01012080,85 and over,7,1,1,0,6,0,0,0,1,5
S01012081,All HRPs,387,108,70,38,279,155,2,26,56,40
S01012081,24 and under,21,5,1,4,16,16,0,0,0,0
S01012081,25 to 34,81,23,8,15,58,55,0,1,2,0
S01012081,35 to 49,117,33,22,11,84,56,1,12,13,2
S01012081,50 to 64,101,30,23,7,71,25,0,10,30,6
S01012081,65 to 74,36,10,9,1,26,1,0,3,10,12
S01012081,75 to 84,22,6,6,0,16,2,0,0,1,13
S01012081,85 and over,9,1,1,0,8,0,1,0,0,7
S01012082,All HRPs,323,102,79,23,221,105,2,21,36,57
S01012082,24 and under,23,1,0,1,22,22,0,0,0,0
S01012082,25 to 34,38,8,3,5,30,27,0,1,1,1
S01012082,35 to 49,90,34,24,10,56,29,0,12,12,3
S01012082,50 to 64,90,33,27,6,57,24,1,7,18,7
S01012082,65 to 74,31,12,12,0,19,2,0,1,3,13
S01012082,75 to 84,43,13,12,1,30,1,1,0,1,27
S01012082,85 and over,8,1,1,0,7,0,0,0,1,6
S01012083,All HRPs,383,112,82,30,271,124,2,20,68,57
S01012083,24 and under,24,4,1,3,20,20,0,0,0,0
S01012083,25 to 34,42,12,4,8,30,29,0,0,0,1
S01012083,35 to 49,112,29,18,11,83,55,1,9,17,1
S01012083,50 to 64,103,34,27,7,69,18,1,7,37,6
S01012083,65 to 74,54,17,17,0,37,2,0,1,10,24
S01012083,75 to 84,41,15,14,1,26,0,0,3,4,19
S01012083,85 and over,7,1,1,0,6,0,0,0,0,6
S01012084,All HRPs,238,151,127,24,87,21,1,10,22,33
S01012084,24 and under,5,1,0,1,4,4,0,0,0,0
S01012084,25 to 34,18,12,5,7,6,4,0,1,1,0
S01012084,35 to 49,70,51,36,15,19,6,1,5,5,2
S01012084,50 to 64,73,50,49,1,23,3,0,3,12,5
S01012084,65 to 74,37,22,22,0,15,2,0,1,1,11
S01012084,75 to 84,29,12,12,0,17,1,0,0,3,13
S01012084,85 and over,6,3,3,0,3,1,0,0,0,2
S01012085,All HRPs,301,173,155,18,128,31,1,17,29,50
S01012085,24 and under,7,0,0,0,7,7,0,0,0,0
S01012085,25 to 34,15,8,4,4,7,4,1,2,0,0
S01012085,35 to 49,73,47,37,10,26,11,0,7,8,0
S01012085,50 to 64,107,72,70,2,35,6,0,4,14,11
S01012085,65 to 74,60,29,28,1,31,2,0,4,6,19
S01012085,75 to 84,32,15,14,1,17,1,0,0,0,16
S01012085,85 and over,7,2,2,0,5,0,0,0,1,4
S01012086,All HRPs,448,169,126,43,279,124,5,25,62,63
S01012086,24 and under,28,5,1,4,23,23,0,0,0,0
S01012086,25 to 34,64,27,13,14,37,29,0,6,1,1
S01012086,35 to 49,133,44,27,17,89,55,4,5,23,2
S01012086,50 to 64,100,43,36,7,57,12,0,9,30,6
S01012086,65 to 74,62,27,27,0,35,3,0,3,5,24
S01012086,75 to 84,45,19,18,1,26,1,0,0,3,22
S01012086,85 and over,16,4,4,0,12,1,1,2,0,8
S01012087,All HRPs,364,148,120,28,216,84,0,23,46,63
S01012087,24 and under,6,0,0,0,6,6,0,0,0,0
S01012087,25 to 34,51,21,7,14,30,27,0,3,0,0
S01012087,35 to 49,110,46,34,12,64,33,0,14,17,0
S01012087,50 to 64,74,35,33,2,39,12,0,4,20,3
S01012087,65 to 74,40,15,15,0,25,4,0,1,5,15
S01012087,75 to 84,69,27,27,0,42,2,0,1,2,37
S01012087,85 and over,14,4,4,0,10,0,0,0,2,8
S01012088,All HRPs,286,174,144,30,112,54,2,14,24,18
S01012088,24 and under,5,3,0,3,2,2,0,0,0,0
S01012088,25 to 34,33,19,9,10,14,13,0,1,0,0
S01012088,35 to 49,123,78,66,12,45,24,1,8,11,1
S01012088,50 to 64,90,58,54,4,32,12,1,5,11,3
S01012088,65 to 74,19,10,10,0,9,1,0,0,1,7
S01012088,75 to 84,16,6,5,1,10,2,0,0,1,7
S01012088,85 and over,0,0,0,0,0,0,0,0,0,0
S01012089,All HRPs,357,224,209,15,133,64,3,7,26,33
S01012089,24 and under,5,0,0,0,5,5,0,0,0,0
S01012089,25 to 34,40,15,10,5,25,24,0,0,1,0
S01012089,35 to 49,122,77,69,8,45,27,1,4,10,3
S01012089,50 to 64,105,80,78,2,25,7,2,3,8,5
S01012089,65 to 74,53,33,33,0,20,0,0,0,5,15
S01012089,75 to 84,27,18,18,0,9,0,0,0,1,8
S01012089,85 and over,5,1,1,0,4,1,0,0,1,2
S01012090,All HRPs,356,272,256,16,84,21,2,9,15,37
S01012090,24 and under,1,1,0,1,0,0,0,0,0,0
S01012090,25 to 34,11,6,5,1,5,5,0,0,0,0
S01012090,35 to 49,79,63,56,7,16,7,0,6,3,0
S01012090,50 to 64,156,130,123,7,26,3,1,3,8,11
S01012090,65 to 74,66,49,49,0,17,5,1,0,3,8
S01012090,75 to 84,33,21,21,0,12,1,0,0,0,11
S01012090,85 and over,10,2,2,0,8,0,0,0,1,7
S01012091,All HRPs,244,138,119,19,106,32,7,11,20,36
S01012091,24 and under,3,1,0,1,2,2,0,0,0,0
S01012091,25 to 34,13,7,2,5,6,5,1,0,0,0
S01012091,35 to 49,69,34,26,8,35,18,1,6,9,1
S01012091,50 to 64,94,64,59,5,30,7,3,3,7,10
S01012091,65 to 74,36,22,22,0,14,0,1,2,3,8
S01012091,75 to 84,22,7,7,0,15,0,1,0,1,13
S01012091,85 and over,7,3,3,0,4,0,0,0,0,4
S01012092,All HRPs,214,143,128,15,71,15,2,12,22,20
S01012092,24 and under,0,0,0,0,0,0,0,0,0,0
S01012092,25 to 34,11,7,3,4,4,2,0,1,1,0
S01012092,35 to 49,62,44,35,9,18,8,0,3,7,0
S01012092,50 to 64,83,55,53,2,28,4,2,8,11,3
S01012092,65 to 74,37,28,28,0,9,0,0,0,2,7
S01012092,75 to 84,18,9,9,0,9,0,0,0,1,8
S01012092,85 and over,3,0,0,0,3,1,0,0,0,2
S01012093,All HRPs,295,128,108,20,167,83,4,18,24,38
S01012093,24 and under,12,2,0,2,10,10,0,0,0,0
S01012093,25 to 34,33,14,7,7,19,18,0,1,0,0
S01012093,35 to 49,76,32,26,6,44,26,1,9,8,0
S01012093,50 to 64,93,45,40,5,48,23,1,8,9,7
S01012093,65 to 74,48,25,25,0,23,4,0,0,4,15
S01012093,75 to 84,27,10,10,0,17,1,2,0,2,12
S01012093,85 and over,6,0,0,0,6,1,0,0,1,4
S01012094,All HRPs,317,217,202,15,100,24,0,17,15,44
S01012094,24 and under,0,0,0,0,0,0,0,0,0,0
S01012094,25 to 34,13,7,5,2,6,5,0,1,0,0
S01012094,35 to 49,89,65,60,5,24,9,0,8,6,1
S01012094,50 to 64,115,86,79,7,29,6,0,8,6,9
S01012094,65 to 74,50,34,34,0,16,2,0,0,3,11
S01012094,75 to 84,38,22,21,1,16,2,0,0,0,14
S01012094,85 and over,12,3,3,0,9,0,0,0,0,9
S01012095,All HRPs,410,235,187,48,175,83,3,17,44,28
S01012095,24 and under,17,5,0,5,12,11,0,0,1,0
S01012095,25 to 34,53,25,12,13,28,21,0,2,5,0
S01012095,35 to 49,167,102,84,18,65,38,1,11,12,3
S01012095,50 to 64,126,83,72,11,43,12,2,4,21,4
S01012095,65 to 74,29,14,14,0,15,0,0,0,4,11
S01012095,75 to 84,15,4,4,0,11,1,0,0,1,9
S01012095,85 and over,3,2,1,1,1,0,0,0,0,1
S01012096,All HRPs,388,171,125,46,217,75,2,18,55,67
S01012096,24 and under,7,2,0,2,5,5,0,0,0,0
S01012096,25 to 34,36,20,9,11,16,15,0,0,0,1
S01012096,35 to 49,121,50,30,20,71,34,1,11,20,5
S01012096,50 to 64,92,47,38,9,45,12,0,6,15,12
S01012096,65 to 74,86,37,34,3,49,8,1,1,18,21
S01012096,75 to 84,35,14,13,1,21,1,0,0,2,18
S01012096,85 and over,11,1,1,0,10,0,0,0,0,10
S01012097,All HRPs,279,154,120,34,125,42,2,11,31,39
S01012097,24 and under,5,3,0,3,2,2,0,0,0,0
S01012097,25 to 34,30,19,7,12,11,10,0,1,0,0
S01012097,35 to 49,87,47,35,12,40,19,0,6,15,0
S01012097,50 to 64,80,55,48,7,25,8,0,3,9,5
S01012097,65 to 74,39,19,19,0,20,2,0,1,6,11
S01012097,75 to 84,25,8,8,0,17,1,1,0,1,14
S01012097,85 and over,13,3,3,0,10,0,1,0,0,9
S01012098,All HRPs,277,114,89,25,163,63,2,11,36,51
S01012098,24 and under,7,3,1,2,4,4,0,0,0,0
S01012098,25 to 34,22,10,4,6,12,10,0,0,2,0
S01012098,35 to 49,92,40,30,10,52,30,1,4,14,3
S01012098,50 to 64,85,37,30,7,48,14,1,7,17,9
S01012098,65 to 74,36,14,14,0,22,3,0,0,1,18
S01012098,75 to 84,30,9,9,0,21,1,0,0,2,18
S01012098,85 and over,5,1,1,0,4,1,0,0,0,3
S01012099,All HRPs,348,140,116,24,208,76,4,18,48,62
S01012099,24 and under,5,0,0,0,5,5,0,0,0,0
S01012099,25 to 34,41,15,9,6,26,23,1,1,0,1
S01012099,35 to 49,91,36,28,8,55,26,1,10,13,5
S01012099,50 to 64,105,48,41,7,57,15,1,6,28,7
S01012099,65 to 74,47,26,25,1,21,4,0,1,5,11
S01012099,75 to 84,42,12,10,2,30,3,0,0,2,25
S01012099,85 and over,17,3,3,0,14,0,1,0,0,13
S01012100,All HRPs,493,218,174,44,275,94,3,19,57,102
S01012100,24 and under,12,4,1,3,8,7,0,0,0,1
S01012100,25 to 34,45,17,11,6,28,26,0,1,1,0
S01012100,35 to 49,137,68,45,23,69,38,0,13,17,1
S01012100,50 to 64,128,73,61,12,55,12,1,5,26,11
S01012100,65 to 74,73,32,32,0,41,5,0,0,9,27
S01012100,75 to 84,73,21,21,0,52,6,2,0,4,40
S01012100,85 and over,25,3,3,0,22,0,0,0,0,22
S01012101,All HRPs,311,208,186,22,103,28,2,6,24,43
S01012101,24 and under,5,2,1,1,3,3,0,0,0,0
S01012101,25 to 34,16,13,9,4,3,3,0,0,0,0
S01012101,35 to 49,80,62,50,12,18,7,0,2,8,1
S01012101,50 to 64,106,74,69,5,32,9,2,4,10,7
S01012101,65 to 74,61,38,38,0,23,3,0,0,4,16
S01012101,75 to 84,35,18,18,0,17,2,0,0,2,13
S01012101,85 and over,8,1,1,0,7,1,0,0,0,6
S01012102,All HRPs,319,103,73,30,216,132,1,20,38,25
S01012102,24 and under,34,5,0,5,29,29,0,0,0,0
S01012102,25 to 34,56,16,6,10,40,36,0,2,2,0
S01012102,35 to 49,110,30,22,8,80,51,1,10,16,2
S01012102,50 to 64,70,33,27,6,37,10,0,8,15,4
S01012102,65 to 74,28,11,10,1,17,2,0,0,4,11
S01012102,75 to 84,14,7,7,0,7,1,0,0,1,5
S01012102,85 and over,7,1,1,0,6,3,0,0,0,3
S01012103,All HRPs,425,210,160,50,215,93,3,21,64,34
S01012103,24 and under,10,2,1,1,8,8,0,0,0,0
S01012103,25 to 34,67,33,13,20,34,29,0,2,3,0
S01012103,35 to 49,156,77,55,22,79,42,2,13,20,2
S01012103,50 to 64,119,64,59,5,55,14,0,5,31,5
S01012103,65 to 74,44,21,19,2,23,0,0,0,10,13
S01012103,75 to 84,21,9,9,0,12,0,1,1,0,10
S01012103,85 and over,8,4,4,0,4,0,0,0,0,4
S01012104,All HRPs,345,241,218,23,104,33,1,13,28,29
S01012104,24 and under,4,0,0,0,4,4,0,0,0,0
S01012104,25 to 34,33,25,15,10,8,6,0,1,1,0
S01012104,35 to 49,172,131,123,8,41,18,0,6,11,6
S01012104,50 to 64,84,63,59,4,21,3,0,6,11,1
S01012104,65 to 74,32,16,16,0,16,0,0,0,4,12
S01012104,75 to 84,18,6,5,1,12,1,1,0,1,9
S01012104,85 and over,2,0,0,0,2,1,0,0,0,1
S01012105,All HRPs,492,269,233,36,223,75,3,26,45,74
S01012105,24 and under,11,2,0,2,9,9,0,0,0,0
S01012105,25 to 34,45,23,12,11,22,20,0,2,0,0
S01012105,35 to 49,137,90,74,16,47,19,0,7,18,3
S01012105,50 to 64,172,104,98,6,68,18,2,13,25,10
S01012105,65 to 74,54,29,28,1,25,4,0,3,2,16
S01012105,75 to 84,52,17,17,0,35,2,1,1,0,31
S01012105,85 and over,21,4,4,0,17,3,0,0,0,14
S01012106,All HRPs,497,279,214,65,218,125,6,19,34,34
S01012106,24 and under,17,5,0,5,12,12,0,0,0,0
S01012106,25 to 34,71,39,12,27,32,30,1,0,1,0
S01012106,35 to 49,185,108,84,24,77,54,3,12,7,1
S01012106,50 to 64,131,83,77,6,48,15,2,4,22,5
S01012106,65 to 74,43,22,22,0,21,9,0,0,2,10
S01012106,75 to 84,41,19,16,3,22,3,0,3,2,14
S01012106,85 and over,9,3,3,0,6,2,0,0,0,4
S01012107,All HRPs,279,171,149,22,108,43,3,9,21,32
S01012107,24 and under,3,0,0,0,3,3,0,0,0,0
S01012107,25 to 34,24,9,3,6,15,13,1,1,0,0
S01012107,35 to 49,68,46,41,5,22,14,1,1,6,0
S01012107,50 to 64,117,82,72,10,35,10,1,6,12,6
S01012107,65 to 74,36,20,19,1,16,1,0,1,1,13
S01012107,75 to 84,23,14,14,0,9,1,0,0,1,7
S01012107,85 and over,8,0,0,0,8,1,0,0,1,6
S01012108,All HRPs,632,137,110,27,495,183,5,26,102,179
S01012108,24 and under,20,2,1,1,18,17,0,1,0,0
S01012108,25 to 34,52,14,3,11,38,36,0,0,2,0
S01012108,35 to 49,102,21,14,7,81,55,0,12,11,3
S01012108,50 to 64,141,36,32,4,105,35,1,8,45,16
S01012108,65 to 74,110,22,20,2,88,18,2,3,27,38
S01012108,75 to 84,159,36,34,2,123,13,2,2,16,90
S01012108,85 and over,48,6,6,0,42,9,0,0,1,32
S01012109,All HRPs,560,130,82,48,430,242,5,48,81,54
S01012109,24 and under,57,11,1,10,46,45,0,0,0,1
S01012109,25 to 34,122,33,15,18,89,85,1,0,3,0
S01012109,35 to 49,183,39,28,11,144,81,4,34,18,7
S01012109,50 to 64,123,30,23,7,93,21,0,13,47,12
S01012109,65 to 74,32,8,8,0,24,4,0,1,8,11
S01012109,75 to 84,31,7,5,2,24,4,0,0,4,16
S01012109,85 and over,12,2,2,0,10,2,0,0,1,7
S01012110,All HRPs,458,132,88,44,326,150,4,17,76,79
S01012110,24 and under,10,1,0,1,9,9,0,0,0,0
S01012110,25 to 34,87,35,9,26,52,48,1,3,0,0
S01012110,35 to 49,111,20,10,10,91,66,0,6,19,0
S01012110,50 to 64,100,39,34,5,61,11,1,6,35,8
S01012110,65 to 74,68,21,21,0,47,8,1,2,17,19
S01012110,75 to 84,58,13,12,1,45,6,0,0,3,36
S01012110,85 and over,24,3,2,1,21,2,1,0,2,16
S01012111,All HRPs,309,83,50,33,226,120,3,16,43,44
S01012111,24 and under,23,2,0,2,21,21,0,0,0,0
S01012111,25 to 34,58,22,8,14,36,34,0,1,1,0
S01012111,35 to 49,97,34,22,12,63,39,1,9,14,0
S01012111,50 to 64,65,14,10,4,51,17,0,5,22,7
S01012111,65 to 74,25,7,6,1,18,3,1,1,5,8
S01012111,75 to 84,26,3,3,0,23,5,0,0,1,17
S01012111,85 and over,15,1,1,0,14,1,1,0,0,12
S01012112,All HRPs,423,165,143,22,258,82,1,13,50,112
S01012112,24 and under,6,1,0,1,5,5,0,0,0,0
S01012112,25 to 34,47,23,13,10,24,21,0,0,1,2
S01012112,35 to 49,76,34,28,6,42,27,0,6,9,0
S01012112,50 to 64,100,55,50,5,45,9,0,5,21,10
S01012112,65 to 74,81,31,31,0,50,12,1,1,15,21
S01012112,75 to 84,84,19,19,0,65,7,0,1,4,53
S01012112,85 and over,29,2,2,0,27,1,0,0,0,26
S01012113,All HRPs,511,237,188,49,274,99,3,24,65,83
S01012113,24 and under,11,2,0,2,9,9,0,0,0,0
S01012113,25 to 34,45,21,9,12,24,22,0,2,0,0
S01012113,35 to 49,127,74,55,19,53,33,1,7,11,1
S01012113,50 to 64,138,68,57,11,70,20,0,10,33,7
S01012113,65 to 74,83,35,31,4,48,9,1,3,16,19
S01012113,75 to 84,89,34,33,1,55,6,0,2,5,42
S01012113,85 and over,18,3,3,0,15,0,1,0,0,14
S01012114,All HRPs,357,211,181,30,146,49,1,15,27,54
S01012114,24 and under,8,1,0,1,7,7,0,0,0,0
S01012114,25 to 34,36,21,7,14,15,10,0,1,4,0
S01012114,35 to 49,97,62,51,11,35,18,0,6,10,1
S01012114,50 to 64,105,73,70,3,32,7,1,6,11,7
S01012114,65 to 74,49,28,27,1,21,6,0,1,1,13
S01012114,75 to 84,43,22,22,0,21,1,0,1,1,18
S01012114,85 and over,19,4,4,0,15,0,0,0,0,15
S01012115,All HRPs,257,108,87,21,149,50,3,20,30,46
S01012115,24 and under,5,0,0,0,5,5,0,0,0,0
S01012115,25 to 34,24,12,4,8,12,10,0,0,2,0
S01012115,35 to 49,87,37,27,10,50,21,1,13,15,0
S01012115,50 to 64,47,20,18,2,27,7,1,6,9,4
S01012115,65 to 74,54,27,26,1,27,4,1,1,4,17
S01012115,75 to 84,32,10,10,0,22,3,0,0,0,19
S01012115,85 and over,8,2,2,0,6,0,0,0,0,6
S01012116,All HRPs,283,139,116,23,144,56,1,10,32,45
S01012116,24 and under,8,2,0,2,6,6,0,0,0,0
S01012116,25 to 34,26,11,5,6,15,15,0,0,0,0
S01012116,35 to 49,85,54,46,8,31,19,0,6,5,1
S01012116,50 to 64,63,29,22,7,34,10,0,3,19,2
S01012116,65 to 74,46,23,23,0,23,2,0,0,6,15
S01012116,75 to 84,44,18,18,0,26,3,1,1,2,19
S01012116,85 and over,11,2,2,0,9,1,0,0,0,8
S01012117,All HRPs,289,218,179,39,71,24,0,15,21,11
S01012117,24 and under,2,0,0,0,2,2,0,0,0,0
S01012117,25 to 34,52,43,33,10,9,7,0,2,0,0
S01012117,35 to 49,144,112,90,22,32,11,0,10,11,0
S01012117,50 to 64,63,51,45,6,12,2,0,3,6,1
S01012117,65 to 74,15,7,6,1,8,1,0,0,3,4
S01012117,75 to 84,12,5,5,0,7,1,0,0,1,5
S01012117,85 and over,1,0,0,0,1,0,0,0,0,1
S01012118,All HRPs,226,172,159,13,54,22,0,10,19,3
S01012118,24 and under,1,1,0,1,0,0,0,0,0,0
S01012118,25 to 34,12,7,5,2,5,5,0,0,0,0
S01012118,35 to 49,102,75,70,5,27,16,0,5,6,0
S01012118,50 to 64,91,72,67,5,19,1,0,5,11,2
S01012118,65 to 74,14,11,11,0,3,0,0,0,2,1
S01012118,75 to 84,6,6,6,0,0,0,0,0,0,0
S01012118,85 and over,0,0,0,0,0,0,0,0,0,0
S01012119,All HRPs,349,259,232,27,90,18,2,9,22,39
S01012119,24 and under,7,1,0,1,6,6,0,0,0,0
S01012119,25 to 34,11,11,8,3,0,0,0,0,0,0
S01012119,35 to 49,102,79,64,15,23,10,0,5,8,0
S01012119,50 to 64,125,98,92,6,27,2,1,4,11,9
S01012119,65 to 74,74,57,55,2,17,0,1,0,3,13
S01012119,75 to 84,27,13,13,0,14,0,0,0,0,14
S01012119,85 and over,3,0,0,0,3,0,0,0,0,3
S01012120,All HRPs,256,113,89,24,143,78,0,20,19,26
S01012120,24 and under,5,0,0,0,5,5,0,0,0,0
S01012120,25 to 34,37,15,5,10,22,19,0,3,0,0
S01012120,35 to 49,93,42,32,10,51,38,0,10,3,0
S01012120,50 to 64,64,32,29,3,32,9,0,5,12,6
S01012120,65 to 74,33,15,14,1,18,4,0,2,3,9
S01012120,75 to 84,19,9,9,0,10,2,0,0,1,7
S01012120,85 and over,5,0,0,0,5,1,0,0,0,4
S01012121,All HRPs,404,185,156,29,219,100,1,18,39,61
S01012121,24 and under,10,2,0,2,8,8,0,0,0,0
S01012121,25 to 34,56,20,8,12,36,34,0,0,2,0
S01012121,35 to 49,105,44,35,9,61,40,0,7,11,3
S01012121,50 to 64,115,69,63,6,46,12,0,10,21,3
S01012121,65 to 74,57,31,31,0,26,4,1,0,4,17
S01012121,75 to 84,47,16,16,0,31,1,0,1,1,28
S01012121,85 and over,14,3,3,0,11,1,0,0,0,10
S01012122,All HRPs,318,167,137,30,151,57,2,17,26,49
S01012122,24 and under,7,2,0,2,5,5,0,0,0,0
S01012122,25 to 34,19,5,3,2,14,13,0,1,0,0
S01012122,35 to 49,88,48,29,19,40,27,0,5,7,1
S01012122,50 to 64,102,61,55,6,41,6,1,8,15,11
S01012122,65 to 74,55,36,35,1,19,2,1,3,2,11
S01012122,75 to 84,40,14,14,0,26,4,0,0,2,20
S01012122,85 and over,7,1,1,0,6,0,0,0,0,6
S01012123,All HRPs,212,105,89,16,107,49,2,10,24,22
S01012123,24 and under,6,1,0,1,5,5,0,0,0,0
S01012123,25 to 34,41,17,9,8,24,21,0,0,3,0
S01012123,35 to 49,52,24,22,2,28,15,0,4,8,1
S01012123,50 to 64,67,42,37,5,25,6,0,6,10,3
S01012123,65 to 74,18,12,12,0,6,0,0,0,1,5
S01012123,75 to 84,24,9,9,0,15,2,2,0,2,9
S01012123,85 and over,4,0,0,0,4,0,0,0,0,4
S01012124,All HRPs,262,115,95,20,147,80,4,13,29,21
S01012124,24 and under,20,3,1,2,17,17,0,0,0,0
S01012124,25 to 34,45,17,6,11,28,26,0,1,1,0
S01012124,35 to 49,72,29,22,7,43,27,2,4,8,2
S01012124,50 to 64,91,51,51,0,40,10,1,8,15,6
S01012124,65 to 74,20,9,9,0,11,0,1,0,4,6
S01012124,75 to 84,10,5,5,0,5,0,0,0,1,4
S01012124,85 and over,4,1,1,0,3,0,0,0,0,3
S01012125,All HRPs,504,97,54,43,407,209,11,36,88,63
S01012125,24 and under,39,7,0,7,32,30,2,0,0,0
S01012125,25 to 34,115,27,7,20,88,79,3,4,0,2
S01012125,35 to 49,144,26,19,7,118,72,1,16,27,2
S01012125,50 to 64,111,26,18,8,85,19,3,12,42,9
S01012125,65 to 74,50,7,6,1,43,6,2,4,16,15
S01012125,75 to 84,34,3,3,0,31,1,0,0,2,28
S01012125,85 and over,11,1,1,0,10,2,0,0,1,7
S01012126,All HRPs,389,160,109,51,229,140,3,21,49,16
S01012126,24 and under,17,4,0,4,13,13,0,0,0,0
S01012126,25 to 34,114,41,13,28,73,68,2,2,1,0
S01012126,35 to 49,159,70,55,15,89,48,0,14,25,2
S01012126,50 to 64,68,31,28,3,37,10,1,5,17,4
S01012126,65 to 74,18,10,9,1,8,1,0,0,3,4
S01012126,75 to 84,10,4,4,0,6,0,0,0,1,5
S01012126,85 and over,3,0,0,0,3,0,0,0,2,1
S01012127,All HRPs,552,118,58,60,434,301,4,30,65,34
S01012127,24 and under,87,14,0,14,73,73,0,0,0,0
S01012127,25 to 34,145,40,14,26,105,103,0,2,0,0
S01012127,35 to 49,161,29,13,16,132,95,2,6,25,4
S01012127,50 to 64,108,22,19,3,86,26,0,18,34,8
S01012127,65 to 74,25,5,5,0,20,1,1,4,6,8
S01012127,75 to 84,17,7,6,1,10,3,1,0,0,6
S01012127,85 and over,9,1,1,0,8,0,0,0,0,8
S01012128,All HRPs,278,85,42,43,193,123,7,23,25,15
S01012128,24 and under,28,7,0,7,21,21,0,0,0,0
S01012128,25 to 34,103,35,16,19,68,62,1,4,1,0
S01012128,35 to 49,85,26,12,14,59,32,3,11,9,4
S01012128,50 to 64,38,13,10,3,25,6,2,6,7,4
S01012128,65 to 74,18,3,3,0,15,2,0,2,6,5
S01012128,75 to 84,5,1,1,0,4,0,1,0,2,1
S01012128,85 and over,1,0,0,0,1,0,0,0,0,1
S01012129,All HRPs,440,102,69,33,338,207,5,24,70,32
S01012129,24 and under,37,6,1,5,31,31,0,0,0,0
S01012129,25 to 34,89,23,7,16,66,63,0,1,2,0
S01012129,35 to 49,127,26,18,8,101,70,2,10,16,3
S01012129,50 to 64,112,31,28,3,81,24,1,12,39,5
S01012129,65 to 74,35,7,6,1,28,10,1,0,9,8
S01012129,75 to 84,24,6,6,0,18,5,1,1,2,9
S01012129,85 and over,16,3,3,0,13,4,0,0,2,7
S01012130,All HRPs,687,179,129,50,508,243,7,36,96,126
S01012130,24 and under,52,11,0,11,41,40,0,0,0,1
S01012130,25 to 34,79,28,15,13,51,50,1,0,0,0
S01012130,35 to 49,167,50,37,13,117,85,1,17,13,1
S01012130,50 to 64,156,40,31,9,116,42,1,15,50,8
S01012130,65 to 74,99,31,29,2,68,13,1,2,22,30
S01012130,75 to 84,97,15,14,1,82,9,3,1,9,60
S01012130,85 and over,37,4,3,1,33,4,0,1,2,26
S01012131,All HRPs,610,148,98,50,462,279,8,29,91,55
S01012131,24 and under,64,6,0,6,58,58,0,0,0,0
S01012131,25 to 34,124,30,10,20,94,84,3,4,3,0
S01012131,35 to 49,187,48,30,18,139,104,3,11,20,1
S01012131,50 to 64,135,33,29,4,102,26,1,14,53,8
S01012131,65 to 74,49,16,14,2,33,2,0,0,11,20
S01012131,75 to 84,40,13,13,0,27,5,1,0,3,18
S01012131,85 and over,11,2,2,0,9,0,0,0,1,8
S01012132,All HRPs,426,98,56,42,328,199,14,15,69,31
S01012132,24 and under,79,9,0,9,70,68,2,0,0,0
S01012132,25 to 34,104,29,13,16,75,67,4,1,3,0
S01012132,35 to 49,108,27,17,10,81,38,6,10,26,1
S01012132,50 to 64,77,15,10,5,62,17,1,3,35,6
S01012132,65 to 74,32,12,11,1,20,5,1,1,4,9
S01012132,75 to 84,23,5,5,0,18,3,0,0,1,14
S01012132,85 and over,3,1,0,1,2,1,0,0,0,1
S01012133,All HRPs,421,138,85,53,283,165,4,33,58,23
S01012133,24 and under,39,4,0,4,35,35,0,0,0,0
S01012133,25 to 34,122,50,27,23,72,66,0,4,2,0
S01012133,35 to 49,119,44,26,18,75,43,3,17,12,0
S01012133,50 to 64,102,30,22,8,72,18,1,10,36,7
S01012133,65 to 74,29,8,8,0,21,2,0,1,7,11
S01012133,75 to 84,10,2,2,0,8,1,0,1,1,5
S01012133,85 and over,0,0,0,0,0,0,0,0,0,0
S01012134,All HRPs,606,254,195,59,352,158,5,31,52,106
S01012134,24 and under,25,7,1,6,18,18,0,0,0,0
S01012134,25 to 34,87,32,16,16,55,49,0,4,2,0
S01012134,35 to 49,143,61,42,19,82,48,2,13,19,0
S01012134,50 to 64,135,78,63,15,57,20,1,9,17,10
S01012134,65 to 74,85,39,36,3,46,13,0,3,12,18
S01012134,75 to 84,88,31,31,0,57,6,2,2,2,45
S01012134,85 and over,43,6,6,0,37,4,0,0,0,33
S01012135,All HRPs,570,94,49,45,476,277,1,31,115,52
S01012135,24 and under,60,13,1,12,47,47,0,0,0,0
S01012135,25 to 34,92,22,6,16,70,61,1,5,3,0
S01012135,35 to 49,182,19,8,11,163,112,0,17,32,2
S01012135,50 to 64,144,30,25,5,114,38,0,7,58,11
S01012135,65 to 74,55,5,5,0,50,10,0,1,20,19
S01012135,75 to 84,25,4,4,0,21,4,0,1,2,14
S01012135,85 and over,12,1,0,1,11,5,0,0,0,6
S01012136,All HRPs,516,98,43,55,418,276,6,39,72,25
S01012136,24 and under,70,10,0,10,60,59,0,1,0,0
S01012136,25 to 34,128,34,11,23,94,89,1,4,0,0
S01012136,35 to 49,175,31,17,14,144,100,2,18,22,2
S01012136,50 to 64,104,18,11,7,86,20,2,14,40,10
S01012136,65 to 74,24,3,2,1,21,7,0,2,6,6
S01012136,75 to 84,13,2,2,0,11,1,1,0,4,5
S01012136,85 and over,2,0,0,0,2,0,0,0,0,2
S01012137,All HRPs,463,94,63,31,369,199,7,19,65,79
S01012137,24 and under,35,6,2,4,29,27,0,1,1,0
S01012137,25 to 34,74,26,14,12,48,46,2,0,0,0
S01012137,35 to 49,121,18,9,9,103,78,1,5,19,0
S01012137,50 to 64,99,21,17,4,78,33,1,10,31,3
S01012137,65 to 74,49,13,11,2,36,7,0,3,8,18
S01012137,75 to 84,54,6,6,0,48,7,2,0,6,33
S01012137,85 and over,31,4,4,0,27,1,1,0,0,25
S01012138,All HRPs,460,198,153,45,262,124,4,17,49,68
S01012138,24 and under,18,3,0,3,15,15,0,0,0,0
S01012138,25 to 34,71,29,10,19,42,40,0,2,0,0
S01012138,35 to 49,112,59,42,17,53,26,0,9,17,1
S01012138,50 to 64,123,62,57,5,61,24,1,4,26,6
S01012138,65 to 74,50,24,24,0,26,7,2,2,5,10
S01012138,75 to 84,58,14,13,1,44,9,1,0,1,33
S01012138,85 and over,28,7,7,0,21,3,0,0,0,18
S01012139,All HRPs,462,211,170,41,251,81,3,19,49,99
S01012139,24 and under,12,2,0,2,10,9,0,0,1,0
S01012139,25 to 34,40,23,13,10,17,13,0,1,3,0
S01012139,35 to 49,108,68,48,20,40,21,0,11,8,0
S01012139,50 to 64,127,71,63,8,56,20,0,3,26,7
S01012139,65 to 74,63,27,26,1,36,7,0,4,10,15
S01012139,75 to 84,72,15,15,0,57,7,2,0,1,47
S01012139,85 and over,40,5,5,0,35,4,1,0,0,30
S01012140,All HRPs,205,152,143,9,53,12,3,1,11,26
S01012140,24 and under,1,0,0,0,1,1,0,0,0,0
S01012140,25 to 34,9,5,5,0,4,3,0,0,0,1
S01012140,35 to 49,52,45,40,5,7,3,0,0,4,0
S01012140,50 to 64,78,60,57,3,18,2,2,1,5,8
S01012140,65 to 74,34,26,25,1,8,1,1,0,2,4
S01012140,75 to 84,20,12,12,0,8,1,0,0,0,7
S01012140,85 and over,11,4,4,0,7,1,0,0,0,6
S01012141,All HRPs,412,267,243,24,145,34,2,18,33,58
S01012141,24 and under,1,1,0,1,0,0,0,0,0,0
S01012141,25 to 34,17,12,8,4,5,1,0,4,0,0
S01012141,35 to 49,117,83,73,10,34,15,1,8,7,3
S01012141,50 to 64,148,110,102,8,38,8,0,5,19,6
S01012141,65 to 74,68,40,39,1,28,8,1,1,4,14
S01012141,75 to 84,52,21,21,0,31,2,0,0,3,26
S01012141,85 and over,9,0,0,0,9,0,0,0,0,9
S01012142,All HRPs,395,272,251,21,123,29,2,6,15,71
S01012142,24 and under,0,0,0,0,0,0,0,0,0,0
S01012142,25 to 34,14,11,9,2,3,2,0,1,0,0
S01012142,35 to 49,99,74,66,8,25,11,0,5,6,3
S01012142,50 to 64,128,106,97,9,22,9,0,0,5,8
S01012142,65 to 74,78,50,49,1,28,2,0,0,4,22
S01012142,75 to 84,52,23,22,1,29,3,2,0,0,24
S01012142,85 and over,24,8,8,0,16,2,0,0,0,14
S01012143,All HRPs,376,238,225,13,138,25,3,5,16,89
S01012143,24 and under,1,0,0,0,1,1,0,0,0,0
S01012143,25 to 34,8,8,7,1,0,0,0,0,0,0
S01012143,35 to 49,65,45,39,6,20,6,1,3,10,0
S01012143,50 to 64,141,112,109,3,29,13,0,2,4,10
S01012143,65 to 74,55,40,38,2,15,3,1,0,2,9
S01012143,75 to 84,83,29,28,1,54,1,0,0,0,53
S01012143,85 and over,23,4,4,0,19,1,1,0,0,17
S01012144,All HRPs,449,277,248,29,172,40,1,15,23,93
S01012144,24 and under,3,0,0,0,3,2,0,0,0,1
S01012144,25 to 34,21,13,7,6,8,6,0,2,0,0
S01012144,35 to 49,121,94,79,15,27,11,0,9,5,2
S01012144,50 to 64,134,101,93,8,33,8,0,3,16,6
S01012144,65 to 74,65,37,37,0,28,8,1,1,2,16
S01012144,75 to 84,72,26,26,0,46,4,0,0,0,42
S01012144,85 and over,33,6,6,0,27,1,0,0,0,26
S01012145,All HRPs,399,274,254,20,125,27,2,13,14,69
S01012145,24 and under,1,1,0,1,0,0,0,0,0,0
S01012145,25 to 34,10,7,6,1,3,2,0,1,0,0
S01012145,35 to 49,118,92,80,12,26,9,1,8,5,3
S01012145,50 to 64,132,107,101,6,25,7,1,2,7,8
S01012145,65 to 74,61,37,37,0,24,6,0,2,0,16
S01012145,75 to 84,54,22,22,0,32,1,0,0,2,29
S01012145,85 and over,23,8,8,0,15,2,0,0,0,13
S01012146,All HRPs,572,143,99,44,429,197,12,37,94,89
S01012146,24 and under,36,4,0,4,32,31,0,1,0,0
S01012146,25 to 34,85,36,19,17,49,42,6,1,0,0
S01012146,35 to 49,164,26,16,10,138,87,1,15,31,4
S01012146,50 to 64,118,34,26,8,84,17,2,14,42,9
S01012146,65 to 74,68,20,19,1,48,6,2,4,14,22
S01012146,75 to 84,71,17,14,3,54,8,1,2,7,36
S01012146,85 and over,30,6,5,1,24,6,0,0,0,18
S01012147,All HRPs,407,104,68,36,303,141,1,15,85,61
S01012147,24 and under,31,4,0,4,27,27,0,0,0,0
S01012147,25 to 34,65,19,7,12,46,45,0,1,0,0
S01012147,35 to 49,113,34,23,11,79,48,1,6,23,1
S01012147,50 to 64,96,26,21,5,70,10,0,6,38,16
S01012147,65 to 74,60,15,12,3,45,5,0,2,19,19
S01012147,75 to 84,32,6,5,1,26,4,0,0,3,19
S01012147,85 and over,10,0,0,0,10,2,0,0,2,6
S01012148,All HRPs,364,126,78,48,238,131,2,20,42,43
S01012148,24 and under,26,5,1,4,21,21,0,0,0,0
S01012148,25 to 34,64,20,6,14,44,40,0,4,0,0
S01012148,35 to 49,118,40,20,20,78,43,1,8,26,0
S01012148,50 to 64,79,32,27,5,47,19,0,8,13,7
S01012148,65 to 74,48,23,19,4,25,4,0,0,3,18
S01012148,75 to 84,20,5,4,1,15,4,1,0,0,10
S01012148,85 and over,9,1,1,0,8,0,0,0,0,8
S01012149,All HRPs,335,174,137,37,161,88,2,15,33,23
S01012149,24 and under,19,2,0,2,17,17,0,0,0,0
S01012149,25 to 34,53,22,12,10,31,30,0,1,0,0
S01012149,35 to 49,116,63,47,16,53,26,1,10,14,2
S01012149,50 to 64,92,60,52,8,32,10,0,4,15,3
S01012149,65 to 74,37,18,17,1,19,5,1,0,4,9
S01012149,75 to 84,12,8,8,0,4,0,0,0,0,4
S01012149,85 and over,6,1,1,0,5,0,0,0,0,5
S01012150,All HRPs,359,150,125,25,209,85,2,15,41,66
S01012150,24 and under,26,1,0,1,25,18,0,1,0,6
S01012150,25 to 34,34,19,9,10,15,14,0,1,0,0
S01012150,35 to 49,97,41,36,5,56,33,0,8,14,1
S01012150,50 to 64,83,42,35,7,41,15,1,3,18,4
S01012150,65 to 74,59,33,31,2,26,2,1,2,5,16
S01012150,75 to 84,43,12,12,0,31,3,0,0,3,25
S01012150,85 and over,17,2,2,0,15,0,0,0,1,14
S01012151,All HRPs,397,139,113,26,258,105,4,21,65,63
S01012151,24 and under,25,6,2,4,19,19,0,0,0,0
S01012151,25 to 34,39,17,8,9,22,22,0,0,0,0
S01012151,35 to 49,112,37,28,9,75,43,1,8,22,1
S01012151,50 to 64,81,31,27,4,50,13,0,6,25,6
S01012151,65 to 74,79,34,34,0,45,5,2,5,13,20
S01012151,75 to 84,38,13,13,0,25,2,0,2,4,17
S01012151,85 and over,23,1,1,0,22,1,1,0,1,19
S01012152,All HRPs,362,120,86,34,242,138,1,11,56,36
S01012152,24 and under,28,1,0,1,27,27,0,0,0,0
S01012152,25 to 34,57,22,8,14,35,32,0,0,3,0
S01012152,35 to 49,123,40,25,15,83,52,1,10,19,1
S01012152,50 to 64,87,34,31,3,53,19,0,1,28,5
S01012152,65 to 74,39,13,12,1,26,3,0,0,3,20
S01012152,75 to 84,25,8,8,0,17,5,0,0,3,9
S01012152,85 and over,3,2,2,0,1,0,0,0,0,1
S01012153,All HRPs,329,63,25,38,266,163,1,26,60,16
S01012153,24 and under,34,8,0,8,26,26,0,0,0,0
S01012153,25 to 34,80,21,7,14,59,57,0,2,0,0
S01012153,35 to 49,102,18,6,12,84,54,1,12,17,0
S01012153,50 to 64,78,12,8,4,66,19,0,10,31,6
S01012153,65 to 74,23,3,3,0,20,5,0,2,8,5
S01012153,75 to 84,11,1,1,0,10,2,0,0,3,5
S01012153,85 and over,1,0,0,0,1,0,0,0,1,0
S01012154,All HRPs,513,117,65,52,396,259,2,24,64,47
S01012154,24 and under,54,8,0,8,46,46,0,0,0,0
S01012154,25 to 34,121,40,18,22,81,79,0,0,2,0
S01012154,35 to 49,146,31,15,16,115,91,1,8,15,0
S01012154,50 to 64,101,19,15,4,82,31,1,15,33,2
S01012154,65 to 74,47,9,8,1,38,5,0,1,9,23
S01012154,75 to 84,32,10,9,1,22,5,0,0,3,14
S01012154,85 and over,12,0,0,0,12,2,0,0,2,8
S01012155,All HRPs,357,84,53,31,273,153,6,24,68,22
S01012155,24 and under,32,5,2,3,27,27,0,0,0,0
S01012155,25 to 34,61,15,8,7,46,43,0,2,1,0
S01012155,35 to 49,116,23,10,13,93,65,3,9,15,1
S01012155,50 to 64,87,27,19,8,60,12,1,11,34,2
S01012155,65 to 74,32,9,9,0,23,3,0,2,13,5
S01012155,75 to 84,26,5,5,0,21,3,2,0,4,12
S01012155,85 and over,3,0,0,0,3,0,0,0,1,2
S01012156,All HRPs,372,85,61,24,287,143,2,23,64,55
S01012156,24 and under,21,1,0,1,20,20,0,0,0,0
S01012156,25 to 34,46,12,5,7,34,28,1,5,0,0
S01012156,35 to 49,113,25,13,12,88,59,0,6,21,2
S01012156,50 to 64,92,25,22,3,67,22,0,8,28,9
S01012156,65 to 74,50,13,12,1,37,9,0,4,9,15
S01012156,75 to 84,35,8,8,0,27,5,1,0,4,17
S01012156,85 and over,15,1,1,0,14,0,0,0,2,12
S01012157,All HRPs,487,189,134,55,298,143,5,33,63,54
S01012157,24 and under,17,6,2,4,11,11,0,0,0,0
S01012157,25 to 34,104,47,20,27,57,54,0,2,1,0
S01012157,35 to 49,152,65,49,16,87,53,2,15,17,0
S01012157,50 to 64,105,36,31,5,69,19,2,15,24,9
S01012157,65 to 74,57,22,19,3,35,4,1,1,13,16
S01012157,75 to 84,42,10,10,0,32,1,0,0,8,23
S01012157,85 and over,10,3,3,0,7,1,0,0,0,6
S01012158,All HRPs,487,253,186,67,234,118,9,29,49,29
S01012158,24 and under,27,7,2,5,20,20,0,0,0,0
S01012158,25 to 34,117,58,32,26,59,47,3,5,4,0
S01012158,35 to 49,181,100,73,27,81,41,4,16,18,2
S01012158,50 to 64,95,63,55,8,32,5,2,7,15,3
S01012158,65 to 74,39,15,15,0,24,3,0,1,10,10
S01012158,75 to 84,20,7,6,1,13,2,0,0,2,9
S01012158,85 and over,8,3,3,0,5,0,0,0,0,5
S01012159,All HRPs,229,153,139,14,76,16,1,7,8,44
S01012159,24 and under,1,0,0,0,1,1,0,0,0,0
S01012159,25 to 34,11,8,4,4,3,2,0,1,0,0
S01012159,35 to 49,53,41,35,6,12,7,0,3,2,0
S01012159,50 to 64,79,62,58,4,17,4,1,3,4,5
S01012159,65 to 74,51,31,31,0,20,1,0,0,1,18
S01012159,75 to 84,30,10,10,0,20,1,0,0,1,18
S01012159,85 and over,4,1,1,0,3,0,0,0,0,3
S01012160,All HRPs,293,184,158,26,109,27,2,13,20,47
S01012160,24 and under,2,0,0,0,2,2,0,0,0,0
S01012160,25 to 34,15,9,6,3,6,5,1,0,0,0
S01012160,35 to 49,81,56,40,16,25,10,0,5,9,1
S01012160,50 to 64,104,72,65,7,32,8,1,6,8,9
S01012160,65 to 74,53,35,35,0,18,2,0,1,3,12
S01012160,75 to 84,28,12,12,0,16,0,0,0,0,16
S01012160,85 and over,10,0,0,0,10,0,0,1,0,9
S01012161,All HRPs,208,70,52,18,138,68,1,14,31,24
S01012161,24 and under,17,3,0,3,14,14,0,0,0,0
S01012161,25 to 34,46,20,11,9,26,24,0,2,0,0
S01012161,35 to 49,60,16,10,6,44,23,1,5,14,1
S01012161,50 to 64,47,18,18,0,29,6,0,5,11,7
S01012161,65 to 74,22,7,7,0,15,0,0,2,5,8
S01012161,75 to 84,11,6,6,0,5,1,0,0,0,4
S01012161,85 and over,5,0,0,0,5,0,0,0,1,4
S01012162,All HRPs,386,155,104,51,231,131,0,31,52,17
S01012162,24 and under,20,2,1,1,18,18,0,0,0,0
S01012162,25 to 34,94,44,27,17,50,45,0,4,1,0
S01012162,35 to 49,161,64,39,25,97,55,0,20,21,1
S01012162,50 to 64,73,31,24,7,42,11,0,4,20,7
S01012162,65 to 74,28,9,9,0,19,1,0,3,9,6
S01012162,75 to 84,9,5,4,1,4,1,0,0,1,2
S01012162,85 and over,1,0,0,0,1,0,0,0,0,1
S01012163,All HRPs,384,136,104,32,248,155,3,20,48,22
S01012163,24 and under,26,4,1,3,22,21,0,1,0,0
S01012163,25 to 34,107,35,22,13,72,68,0,1,3,0
S01012163,35 to 49,118,52,41,11,66,44,2,5,15,0
S01012163,50 to 64,80,28,23,5,52,14,0,11,18,9
S01012163,65 to 74,33,10,10,0,23,5,1,1,11,5
S01012163,75 to 84,14,5,5,0,9,2,0,1,1,5
S01012163,85 and over,6,2,2,0,4,1,0,0,0,3
S01012164,All HRPs,413,281,225,56,132,54,3,28,26,21
S01012164,24 and under,5,1,0,1,4,4,0,0,0,0
S01012164,25 to 34,92,66,42,24,26,21,1,4,0,0
S01012164,35 to 49,211,154,130,24,57,22,2,19,14,0
S01012164,50 to 64,84,50,43,7,34,5,0,4,12,13
S01012164,65 to 74,13,9,9,0,4,1,0,0,0,3
S01012164,75 to 84,4,1,1,0,3,1,0,0,0,2
S01012164,85 and over,4,0,0,0,4,0,0,1,0,3
S01012165,All HRPs,452,138,89,49,314,147,5,34,76,52
S01012165,24 and under,31,3,1,2,28,27,0,0,1,0
S01012165,25 to 34,81,30,10,20,51,43,1,6,1,0
S01012165,35 to 49,147,42,24,18,105,59,0,19,22,5
S01012165,50 to 64,121,42,36,6,79,14,3,9,43,10
S01012165,65 to 74,38,10,9,1,28,4,0,0,8,16
S01012165,75 to 84,26,11,9,2,15,0,1,0,1,13
S01012165,85 and over,8,0,0,0,8,0,0,0,0,8
S01012166,All HRPs,292,99,79,20,193,98,3,18,49,25
S01012166,24 and under,18,7,1,6,11,11,0,0,0,0
S01012166,25 to 34,56,16,7,9,40,37,0,3,0,0
S01012166,35 to 49,88,25,23,2,63,36,0,6,20,1
S01012166,50 to 64,90,36,33,3,54,12,1,8,24,9
S01012166,65 to 74,26,12,12,0,14,1,0,1,5,7
S01012166,75 to 84,12,3,3,0,9,1,2,0,0,6
S01012166,85 and over,2,0,0,0,2,0,0,0,0,2
S01012167,All HRPs,425,168,136,32,257,135,1,23,55,43
S01012167,24 and under,22,2,2,0,20,20,0,0,0,0
S01012167,25 to 34,73,24,12,12,49,43,0,4,1,1
S01012167,35 to 49,115,40,30,10,75,49,1,11,14,0
S01012167,50 to 64,111,53,47,6,58,18,0,2,31,7
S01012167,65 to 74,74,36,33,3,38,3,0,6,7,22
S01012167,75 to 84,28,13,12,1,15,2,0,0,2,11
S01012167,85 and over,2,0,0,0,2,0,0,0,0,2
S01012168,All HRPs,379,210,183,27,169,45,2,19,28,75
S01012168,24 and under,7,2,1,1,5,5,0,0,0,0
S01012168,25 to 34,21,12,8,4,9,8,0,1,0,0
S01012168,35 to 49,87,55,46,9,32,15,1,9,7,0
S01012168,50 to 64,128,84,73,11,44,13,0,5,16,10
S01012168,65 to 74,55,31,29,2,24,1,0,1,4,18
S01012168,75 to 84,62,23,23,0,39,3,1,3,1,31
S01012168,85 and over,19,3,3,0,16,0,0,0,0,16
S01012169,All HRPs,429,198,165,33,231,92,4,28,51,56
S01012169,24 and under,8,3,0,3,5,5,0,0,0,0
S01012169,25 to 34,63,28,18,10,35,32,0,2,1,0
S01012169,35 to 49,98,44,32,12,54,29,0,11,14,0
S01012169,50 to 64,127,69,61,8,58,15,1,13,23,6
S01012169,65 to 74,65,29,29,0,36,7,2,1,8,18
S01012169,75 to 84,51,21,21,0,30,3,0,1,5,21
S01012169,85 and over,17,4,4,0,13,1,1,0,0,11
S01012170,All HRPs,543,201,158,43,342,110,6,32,70,124
S01012170,24 and under,10,3,0,3,7,7,0,0,0,0
S01012170,25 to 34,55,22,10,12,33,27,0,4,2,0
S01012170,35 to 49,121,54,40,14,67,36,1,13,16,1
S01012170,50 to 64,141,57,47,10,84,23,1,9,33,18
S01012170,65 to 74,91,30,28,2,61,7,1,6,17,30
S01012170,75 to 84,93,30,28,2,63,6,2,0,1,54
S01012170,85 and over,32,5,5,0,27,4,1,0,1,21
S01012171,All HRPs,470,220,173,47,250,87,4,22,61,76
S01012171,24 and under,16,7,2,5,9,9,0,0,0,0
S01012171,25 to 34,60,31,13,18,29,25,0,2,1,1
S01012171,35 to 49,124,57,42,15,67,36,1,11,14,5
S01012171,50 to 64,123,67,59,8,56,11,2,6,32,5
S01012171,65 to 74,91,46,46,0,45,3,1,2,11,28
S01012171,75 to 84,48,12,11,1,36,3,0,1,3,29
S01012171,85 and over,8,0,0,0,8,0,0,0,0,8
S01012172,All HRPs,360,151,119,32,209,91,3,23,30,62
S01012172,24 and under,22,8,0,8,14,11,0,3,0,0
S01012172,25 to 34,51,17,8,9,34,32,0,1,0,1
S01012172,35 to 49,86,31,21,10,55,30,1,11,12,1
S01012172,50 to 64,81,42,37,5,39,10,1,7,12,9
S01012172,65 to 74,70,39,39,0,31,5,1,1,5,19
S01012172,75 to 84,41,13,13,0,28,2,0,0,1,25
S01012172,85 and over,9,1,1,0,8,1,0,0,0,7
S01012173,All HRPs,289,177,168,9,112,21,4,16,8,63
S01012173,24 and under,2,0,0,0,2,2,0,0,0,0
S01012173,25 to 34,8,6,6,0,2,2,0,0,0,0
S01012173,35 to 49,61,41,35,6,20,10,2,7,1,0
S01012173,50 to 64,89,69,66,3,20,2,0,7,5,6
S01012173,65 to 74,54,29,29,0,25,1,1,2,1,20
S01012173,75 to 84,53,24,24,0,29,3,0,0,1,25
S01012173,85 and over,22,8,8,0,14,1,1,0,0,12
S01012174,All HRPs,301,222,204,18,79,20,1,13,28,17
S01012174,24 and under,1,0,0,0,1,1,0,0,0,0
S01012174,25 to 34,26,15,10,5,11,11,0,0,0,0
S01012174,35 to 49,153,119,109,10,34,5,0,11,14,4
S01012174,50 to 64,102,76,74,2,26,3,1,2,11,9
S01012174,65 to 74,14,10,9,1,4,0,0,0,3,1
S01012174,75 to 84,3,2,2,0,1,0,0,0,0,1
S01012174,85 and over,2,0,0,0,2,0,0,0,0,2
S01012175,All HRPs,385,203,167,36,182,83,4,20,43,32
S01012175,24 and under,13,1,0,1,12,12,0,0,0,0
S01012175,25 to 34,63,32,13,19,31,28,0,1,2,0
S01012175,35 to 49,97,50,41,9,47,27,0,11,9,0
S01012175,50 to 64,140,85,80,5,55,10,2,7,26,10
S01012175,65 to 74,45,28,27,1,17,4,1,1,5,6
S01012175,75 to 84,21,7,6,1,14,2,1,0,1,10
S01012175,85 and over,6,0,0,0,6,0,0,0,0,6
S01012176,All HRPs,367,211,185,26,156,75,0,11,32,38
S01012176,24 and under,9,1,0,1,8,8,0,0,0,0
S01012176,25 to 34,49,25,16,9,24,24,0,0,0,0
S01012176,35 to 49,90,53,46,7,37,23,0,3,10,1
S01012176,50 to 64,148,100,93,7,48,14,0,7,16,11
S01012176,65 to 74,51,30,28,2,21,5,0,1,4,11
S01012176,75 to 84,15,2,2,0,13,1,0,0,1,11
S01012176,85 and over,5,0,0,0,5,0,0,0,1,4
S01012177,All HRPs,242,175,167,8,67,25,1,10,14,17
S01012177,24 and under,1,1,0,1,0,0,0,0,0,0
S01012177,25 to 34,23,16,14,2,7,6,0,1,0,0
S01012177,35 to 49,60,38,35,3,22,13,0,6,2,1
S01012177,50 to 64,96,81,79,2,15,5,0,2,7,1
S01012177,65 to 74,45,31,31,0,14,1,0,1,5,7
S01012177,75 to 84,13,8,8,0,5,0,0,0,0,5
S01012177,85 and over,4,0,0,0,4,0,1,0,0,3
S01012178,All HRPs,212,162,144,18,50,9,1,5,5,30
S01012178,24 and under,1,1,0,1,0,0,0,0,0,0
S01012178,25 to 34,10,7,3,4,3,3,0,0,0,0
S01012178,35 to 49,50,41,31,10,9,2,0,2,2,3
S01012178,50 to 64,94,78,75,3,16,4,1,2,3,6
S01012178,65 to 74,39,29,29,0,10,0,0,1,0,9
S01012178,75 to 84,14,6,6,0,8,0,0,0,0,8
S01012178,85 and over,4,0,0,0,4,0,0,0,0,4
S01012179,All HRPs,301,127,108,19,174,61,2,10,34,67
S01012179,24 and under,12,2,1,1,10,10,0,0,0,0
S01012179,25 to 34,22,11,4,7,11,11,0,0,0,0
S01012179,35 to 49,57,31,25,6,26,16,0,4,6,0
S01012179,50 to 64,88,46,41,5,42,10,0,3,21,8
S01012179,65 to 74,46,24,24,0,22,6,0,1,4,11
S01012179,75 to 84,44,11,11,0,33,4,1,1,1,26
S01012179,85 and over,32,2,2,0,30,4,1,1,2,22
S01012180,All HRPs,273,127,114,13,146,52,4,12,17,61
S01012180,24 and under,8,2,0,2,6,6,0,0,0,0
S01012180,25 to 34,27,14,9,5,13,11,0,2,0,0
S01012180,35 to 49,57,29,24,5,28,14,2,6,5,1
S01012180,50 to 64,62,36,35,1,26,7,1,4,8,6
S01012180,65 to 74,57,29,29,0,28,10,0,0,4,14
S01012180,75 to 84,39,15,15,0,24,1,1,0,0,22
S01012180,85 and over,23,2,2,0,21,3,0,0,0,18
S01012181,All HRPs,384,147,129,18,237,90,7,26,36,78
S01012181,24 and under,6,0,0,0,6,6,0,0,0,0
S01012181,25 to 34,43,14,9,5,29,26,1,1,1,0
S01012181,35 to 49,101,46,41,5,55,30,1,15,9,0
S01012181,50 to 64,93,50,46,4,43,14,1,5,17,6
S01012181,65 to 74,58,23,21,2,35,5,0,4,7,19
S01012181,75 to 84,53,12,10,2,41,3,2,1,2,33
S01012181,85 and over,30,2,2,0,28,6,2,0,0,20
S01012182,All HRPs,431,270,207,63,161,87,2,24,29,19
S01012182,24 and under,19,3,1,2,16,16,0,0,0,0
S01012182,25 to 34,111,67,34,33,44,39,2,2,1,0
S01012182,35 to 49,157,104,84,20,53,24,0,12,14,3
S01012182,50 to 64,106,72,65,7,34,8,0,9,12,5
S01012182,65 to 74,25,19,19,0,6,0,0,1,0,5
S01012182,75 to 84,10,4,3,1,6,0,0,0,2,4
S01012182,85 and over,3,1,1,0,2,0,0,0,0,2
S01012183,All HRPs,408,138,81,57,270,140,2,25,63,40
S01012183,24 and under,36,11,2,9,25,25,0,0,0,0
S01012183,25 to 34,104,49,18,31,55,49,0,3,2,1
S01012183,35 to 49,94,31,21,10,63,38,0,5,20,0
S01012183,50 to 64,103,24,19,5,79,21,0,14,33,11
S01012183,65 to 74,34,10,9,1,24,3,2,1,7,11
S01012183,75 to 84,28,11,11,0,17,3,0,2,0,12
S01012183,85 and over,9,2,1,1,7,1,0,0,1,5
S01012184,All HRPs,280,113,70,43,167,102,4,23,30,8
S01012184,24 and under,25,8,1,7,17,17,0,0,0,0
S01012184,25 to 34,113,43,18,25,70,59,4,3,4,0
S01012184,35 to 49,77,34,25,9,43,19,0,9,15,0
S01012184,50 to 64,45,18,16,2,27,7,0,11,8,1
S01012184,65 to 74,11,6,6,0,5,0,0,0,3,2
S01012184,75 to 84,8,4,4,0,4,0,0,0,0,4
S01012184,85 and over,1,0,0,0,1,0,0,0,0,1
S01012185,All HRPs,506,78,36,42,428,257,5,43,100,23
S01012185,24 and under,34,3,0,3,31,30,0,0,1,0
S01012185,25 to 34,120,29,11,18,91,90,0,0,1,0
S01012185,35 to 49,184,22,9,13,162,100,2,22,37,1
S01012185,50 to 64,123,16,10,6,107,33,3,19,48,4
S01012185,65 to 74,33,6,5,1,27,3,0,2,11,11
S01012185,75 to 84,8,2,1,1,6,1,0,0,2,3
S01012185,85 and over,4,0,0,0,4,0,0,0,0,4
S01012186,All HRPs,344,149,124,25,195,64,3,22,32,74
S01012186,24 and under,2,0,0,0,2,2,0,0,0,0
S01012186,25 to 34,42,19,13,6,23,20,0,1,2,0
S01012186,35 to 49,67,31,20,11,36,21,0,10,4,1
S01012186,50 to 64,106,51,48,3,55,15,1,10,20,9
S01012186,65 to 74,52,24,21,3,28,2,0,0,3,23
S01012186,75 to 84,52,21,19,2,31,4,2,1,3,21
S01012186,85 and over,23,3,3,0,20,0,0,0,0,20
S01012187,All HRPs,382,113,88,25,269,125,4,20,55,65
S01012187,24 and under,22,5,0,5,17,17,0,0,0,0
S01012187,25 to 34,45,8,3,5,37,34,0,2,1,0
S01012187,35 to 49,91,31,20,11,60,45,1,7,7,0
S01012187,50 to 64,116,41,38,3,75,24,1,6,35,9
S01012187,65 to 74,49,16,16,0,33,2,0,2,10,19
S01012187,75 to 84,37,9,8,1,28,2,2,3,2,19
S01012187,85 and over,22,3,3,0,19,1,0,0,0,18
S01012188,All HRPs,252,146,128,18,106,26,4,8,21,47
S01012188,24 and under,3,1,0,1,2,2,0,0,0,0
S01012188,25 to 34,22,13,5,8,9,8,0,1,0,0
S01012188,35 to 49,51,32,25,7,19,7,1,4,6,1
S01012188,50 to 64,85,63,61,2,22,5,0,2,12,3
S01012188,65 to 74,38,23,23,0,15,4,1,1,0,9
S01012188,75 to 84,35,10,10,0,25,0,0,0,3,22
S01012188,85 and over,18,4,4,0,14,0,2,0,0,12
S01012189,All HRPs,245,144,118,26,101,33,1,8,23,36
S01012189,24 and under,2,0,0,0,2,2,0,0,0,0
S01012189,25 to 34,25,24,13,11,1,0,0,0,1,0
S01012189,35 to 49,75,49,37,12,26,16,0,3,6,1
S01012189,50 to 64,83,48,45,3,35,11,0,5,13,6
S01012189,65 to 74,21,12,12,0,9,0,0,0,2,7
S01012189,75 to 84,28,9,9,0,19,4,1,0,1,13
S01012189,85 and over,11,2,2,0,9,0,0,0,0,9
S01012190,All HRPs,210,152,132,20,58,28,0,7,14,9
S01012190,24 and under,5,2,1,1,3,3,0,0,0,0
S01012190,25 to 34,37,28,22,6,9,8,0,1,0,0
S01012190,35 to 49,89,67,63,4,22,11,0,3,7,1
S01012190,50 to 64,54,40,32,8,14,4,0,2,6,2
S01012190,65 to 74,17,11,10,1,6,1,0,1,1,3
S01012190,75 to 84,8,4,4,0,4,1,0,0,0,3
S01012190,85 and over,0,0,0,0,0,0,0,0,0,0
S01012191,All HRPs,322,235,218,17,87,22,4,11,22,28
S01012191,24 and under,2,0,0,0,2,2,0,0,0,0
S01012191,25 to 34,20,12,8,4,8,6,0,1,1,0
S01012191,35 to 49,94,70,63,7,24,10,1,7,6,0
S01012191,50 to 64,142,113,107,6,29,2,3,3,13,8
S01012191,65 to 74,45,32,32,0,13,1,0,0,1,11
S01012191,75 to 84,16,7,7,0,9,1,0,0,1,7
S01012191,85 and over,3,1,1,0,2,0,0,0,0,2
S01012192,All HRPs,187,140,129,11,47,17,3,1,10,16
S01012192,24 and under,2,1,1,0,1,1,0,0,0,0
S01012192,25 to 34,13,9,7,2,4,4,0,0,0,0
S01012192,35 to 49,57,48,43,5,9,6,0,0,3,0
S01012192,50 to 64,59,48,45,3,11,4,0,1,4,2
S01012192,65 to 74,35,23,23,0,12,1,2,0,1,8
S01012192,75 to 84,21,11,10,1,10,1,1,0,2,6
S01012192,85 and over,0,0,0,0,0,0,0,0,0,0
S01012193,All HRPs,175,149,138,11,26,5,1,9,5,6
S01012193,24 and under,0,0,0,0,0,0,0,0,0,0
S01012193,25 to 34,15,13,9,4,2,2,0,0,0,0
S01012193,35 to 49,77,65,59,6,12,2,0,7,3,0
S01012193,50 to 64,73,63,62,1,10,0,1,2,2,5
S01012193,65 to 74,8,6,6,0,2,1,0,0,0,1
S01012193,75 to 84,2,2,2,0,0,0,0,0,0,0
S01012193,85 and over,0,0,0,0,0,0,0,0,0,0
S01012194,All HRPs,179,141,137,4,38,9,0,8,14,7
S01012194,24 and under,1,0,0,0,1,1,0,0,0,0
S01012194,25 to 34,15,13,12,1,2,2,0,0,0,0
S01012194,35 to 49,82,65,63,2,17,3,0,4,10,0
S01012194,50 to 64,66,52,51,1,14,3,0,4,4,3
S01012194,65 to 74,13,11,11,0,2,0,0,0,0,2
S01012194,75 to 84,2,0,0,0,2,0,0,0,0,2
S01012194,85 and over,0,0,0,0,0,0,0,0,0,0
S01012195,All HRPs,423,290,259,31,133,38,0,14,34,47
S01012195,24 and under,6,2,0,2,4,4,0,0,0,0
S01012195,25 to 34,34,20,13,7,14,10,0,2,2,0
S01012195,35 to 49,160,122,108,14,38,17,0,7,14,0
S01012195,50 to 64,124,98,92,6,26,5,0,4,13,4
S01012195,65 to 74,58,37,35,2,21,2,0,1,5,13
S01012195,75 to 84,27,9,9,0,18,0,0,0,0,18
S01012195,85 and over,14,2,2,0,12,0,0,0,0,12
S01012196,All HRPs,211,133,121,12,78,22,3,11,24,18
S01012196,24 and under,6,2,0,2,4,4,0,0,0,0
S01012196,25 to 34,27,15,13,2,12,9,0,3,0,0
S01012196,35 to 49,80,63,57,6,17,5,1,3,8,0
S01012196,50 to 64,77,50,48,2,27,4,2,4,15,2
S01012196,65 to 74,9,3,3,0,6,0,0,0,1,5
S01012196,75 to 84,8,0,0,0,8,0,0,1,0,7
S01012196,85 and over,4,0,0,0,4,0,0,0,0,4
S01012197,All HRPs,311,155,137,18,156,43,3,20,37,53
S01012197,24 and under,3,2,0,2,1,1,0,0,0,0
S01012197,25 to 34,25,15,9,6,10,9,0,0,1,0
S01012197,35 to 49,91,55,48,7,36,21,0,6,9,0
S01012197,50 to 64,98,50,48,2,48,6,0,12,21,9
S01012197,65 to 74,51,24,24,0,27,4,1,2,5,15
S01012197,75 to 84,32,7,7,0,25,2,2,0,0,21
S01012197,85 and over,11,2,1,1,9,0,0,0,1,8
S01012198,All HRPs,403,188,163,25,215,74,5,22,61,53
S01012198,24 and under,3,2,0,2,1,1,0,0,0,0
S01012198,25 to 34,47,17,13,4,30,26,2,1,1,0
S01012198,35 to 49,132,75,63,12,57,24,0,13,20,0
S01012198,50 to 64,136,70,64,6,66,17,1,7,34,7
S01012198,65 to 74,37,14,13,1,23,4,1,1,5,12
S01012198,75 to 84,25,8,8,0,17,1,1,0,1,14
S01012198,85 and over,23,2,2,0,21,1,0,0,0,20
S01012199,All HRPs,309,165,145,20,144,39,1,26,31,47
S01012199,24 and under,4,0,0,0,4,4,0,0,0,0
S01012199,25 to 34,29,12,8,4,17,16,0,1,0,0
S01012199,35 to 49,92,50,39,11,42,12,1,15,13,1
S01012199,50 to 64,96,60,57,3,36,6,0,6,16,8
S01012199,65 to 74,57,36,35,1,21,1,0,4,2,14
S01012199,75 to 84,24,7,6,1,17,0,0,0,0,17
S01012199,85 and over,7,0,0,0,7,0,0,0,0,7
S01012200,All HRPs,278,138,128,10,140,43,5,14,34,44
S01012200,24 and under,5,1,0,1,4,4,0,0,0,0
S01012200,25 to 34,25,12,7,5,13,12,0,1,0,0
S01012200,35 to 49,86,47,44,3,39,14,2,8,15,0
S01012200,50 to 64,84,47,46,1,37,7,2,4,13,11
S01012200,65 to 74,52,23,23,0,29,5,1,1,6,16
S01012200,75 to 84,18,5,5,0,13,1,0,0,0,12
S01012200,85 and over,8,3,3,0,5,0,0,0,0,5
S01012201,All HRPs,318,187,157,30,131,45,1,12,33,40
S01012201,24 and under,10,3,1,2,7,7,0,0,0,0
S01012201,25 to 34,32,15,5,10,17,15,0,0,2,0
S01012201,35 to 49,97,61,50,11,36,16,1,8,10,1
S01012201,50 to 64,92,63,59,4,29,6,0,4,17,2
S01012201,65 to 74,46,27,24,3,19,1,0,0,4,14
S01012201,75 to 84,32,16,16,0,16,0,0,0,0,16
S01012201,85 and over,9,2,2,0,7,0,0,0,0,7
S01012202,All HRPs,239,143,125,18,96,35,1,9,23,28
S01012202,24 and under,3,0,0,0,3,3,0,0,0,0
S01012202,25 to 34,27,12,8,4,15,13,0,0,1,1
S01012202,35 to 49,80,49,37,12,31,15,0,8,7,1
S01012202,50 to 64,65,43,41,2,22,3,0,1,12,6
S01012202,65 to 74,39,31,31,0,8,0,0,0,3,5
S01012202,75 to 84,19,7,7,0,12,0,1,0,0,11
S01012202,85 and over,6,1,1,0,5,1,0,0,0,4
S01012203,All HRPs,316,226,209,17,90,23,4,10,19,34
S01012203,24 and under,0,0,0,0,0,0,0,0,0,0
S01012203,25 to 34,18,10,5,5,8,7,0,1,0,0
S01012203,35 to 49,66,49,44,5,17,5,2,4,6,0
S01012203,50 to 64,135,103,99,4,32,8,1,4,10,9
S01012203,65 to 74,55,41,38,3,14,1,0,1,2,10
S01012203,75 to 84,36,20,20,0,16,1,1,0,1,13
S01012203,85 and over,6,3,3,0,3,1,0,0,0,2
S01012204,All HRPs,270,218,202,16,52,13,5,5,16,13
S01012204,24 and under,2,1,0,1,1,0,0,0,1,0
S01012204,25 to 34,13,10,3,7,3,2,0,1,0,0
S01012204,35 to 49,88,77,70,7,11,5,2,1,3,0
S01012204,50 to 64,135,111,110,1,24,4,3,3,12,2
S01012204,65 to 74,18,14,14,0,4,2,0,0,0,2
S01012204,75 to 84,10,4,4,0,6,0,0,0,0,6
S01012204,85 and over,4,1,1,0,3,0,0,0,0,3
S01012205,All HRPs,273,190,171,19,83,29,1,12,23,18
S01012205,24 and under,0,0,0,0,0,0,0,0,0,0
S01012205,25 to 34,30,17,12,5,13,8,0,4,1,0
S01012205,35 to 49,74,52,44,8,22,12,1,3,6,0
S01012205,50 to 64,122,88,82,6,34,8,0,5,14,7
S01012205,65 to 74,28,22,22,0,6,1,0,0,1,4
S01012205,75 to 84,12,7,7,0,5,0,0,0,1,4
S01012205,85 and over,7,4,4,0,3,0,0,0,0,3
S01012206,All HRPs,317,213,186,27,104,31,1,12,24,36
S01012206,24 and under,5,2,0,2,3,3,0,0,0,0
S01012206,25 to 34,29,20,8,12,9,8,0,1,0,0
S01012206,35 to 49,119,84,76,8,35,12,1,7,13,2
S01012206,50 to 64,103,76,71,5,27,6,0,4,10,7
S01012206,65 to 74,34,21,21,0,13,1,0,0,1,11
S01012206,75 to 84,24,10,10,0,14,1,0,0,0,13
S01012206,85 and over,3,0,0,0,3,0,0,0,0,3
S01012207,All HRPs,401,185,159,26,216,63,1,32,43,77
S01012207,24 and under,9,2,0,2,7,6,0,0,1,0
S01012207,25 to 34,44,17,9,8,27,24,0,3,0,0
S01012207,35 to 49,126,63,52,11,63,23,0,17,17,6
S01012207,50 to 64,92,54,51,3,38,5,0,10,16,7
S01012207,65 to 74,65,28,28,0,37,2,0,2,9,24
S01012207,75 to 84,36,13,12,1,23,2,1,0,0,20
S01012207,85 and over,29,8,7,1,21,1,0,0,0,20
S01012208,All HRPs,457,217,177,40,240,74,4,25,55,82
S01012208,24 and under,5,2,1,1,3,2,0,1,0,0
S01012208,25 to 34,66,34,19,15,32,22,1,3,6,0
S01012208,35 to 49,127,61,47,14,66,30,2,13,20,1
S01012208,50 to 64,118,62,53,9,56,14,1,7,17,17
S01012208,65 to 74,63,34,34,0,29,4,0,0,6,19
S01012208,75 to 84,55,18,17,1,37,2,0,1,6,28
S01012208,85 and over,23,6,6,0,17,0,0,0,0,17
S01012209,All HRPs,318,158,131,27,160,60,3,18,35,44
S01012209,24 and under,11,3,0,3,8,8,0,0,0,0
S01012209,25 to 34,29,18,11,7,11,9,0,2,0,0
S01012209,35 to 49,97,57,44,13,40,22,2,8,6,2
S01012209,50 to 64,92,54,50,4,38,9,0,8,18,3
S01012209,65 to 74,46,12,12,0,34,8,1,0,10,15
S01012209,75 to 84,30,12,12,0,18,4,0,0,1,13
S01012209,85 and over,13,2,2,0,11,0,0,0,0,11
S01012210,All HRPs,385,159,127,32,226,84,2,17,40,83
S01012210,24 and under,20,4,0,4,16,16,0,0,0,0
S01012210,25 to 34,45,22,10,12,23,22,0,0,1,0
S01012210,35 to 49,95,48,36,12,47,28,1,8,9,1
S01012210,50 to 64,60,33,30,3,27,6,0,6,13,2
S01012210,65 to 74,65,26,26,0,39,5,0,3,9,22
S01012210,75 to 84,52,19,18,1,33,6,1,0,8,18
S01012210,85 and over,48,7,7,0,41,1,0,0,0,40
S01012211,All HRPs,408,208,185,23,200,65,10,28,41,56
S01012211,24 and under,8,1,0,1,7,7,0,0,0,0
S01012211,25 to 34,44,21,12,9,23,18,3,2,0,0
S01012211,35 to 49,122,79,69,10,43,22,1,11,7,2
S01012211,50 to 64,122,67,65,2,55,11,2,14,21,7
S01012211,65 to 74,49,22,22,0,27,1,1,0,13,12
S01012211,75 to 84,39,15,14,1,24,5,1,1,0,17
S01012211,85 and over,24,3,3,0,21,1,2,0,0,18
S01012212,All HRPs,304,234,221,13,70,21,1,8,10,30
S01012212,24 and under,0,0,0,0,0,0,0,0,0,0
S01012212,25 to 34,14,10,10,0,4,3,0,1,0,0
S01012212,35 to 49,76,62,50,12,14,7,1,2,4,0
S01012212,50 to 64,116,96,95,1,20,7,0,4,5,4
S01012212,65 to 74,65,49,49,0,16,4,0,1,0,11
S01012212,75 to 84,28,15,15,0,13,0,0,0,1,12
S01012212,85 and over,5,2,2,0,3,0,0,0,0,3
S01012213,All HRPs,336,242,223,19,94,23,3,14,20,34
S01012213,24 and under,1,0,0,0,1,1,0,0,0,0
S01012213,25 to 34,16,12,6,6,4,3,0,0,1,0
S01012213,35 to 49,84,62,53,9,22,11,1,5,5,0
S01012213,50 to 64,149,115,112,3,34,4,1,8,13,8
S01012213,65 to 74,58,41,40,1,17,4,0,1,0,12
S01012213,75 to 84,25,12,12,0,13,0,1,0,0,12
S01012213,85 and over,3,0,0,0,3,0,0,0,1,2
S01012214,All HRPs,282,197,183,14,85,16,3,2,15,49
S01012214,24 and under,2,0,0,0,2,2,0,0,0,0
S01012214,25 to 34,9,5,4,1,4,4,0,0,0,0
S01012214,35 to 49,68,61,54,7,7,3,0,2,2,0
S01012214,50 to 64,101,83,79,4,18,5,0,0,9,4
S01012214,65 to 74,49,31,30,1,18,1,0,0,1,16
S01012214,75 to 84,36,13,13,0,23,1,3,0,2,17
S01012214,85 and over,17,4,3,1,13,0,0,0,1,12
S01012215,All HRPs,329,238,226,12,91,24,0,8,26,33
S01012215,24 and under,1,0,0,0,1,1,0,0,0,0
S01012215,25 to 34,24,19,15,4,5,5,0,0,0,0
S01012215,35 to 49,89,65,60,5,24,11,0,3,9,1
S01012215,50 to 64,134,104,101,3,30,6,0,5,14,5
S01012215,65 to 74,54,38,38,0,16,0,0,0,2,14
S01012215,75 to 84,19,10,10,0,9,1,0,0,1,7
S01012215,85 and over,8,2,2,0,6,0,0,0,0,6
S01012216,All HRPs,282,199,187,12,83,30,1,10,11,31
S01012216,24 and under,4,0,0,0,4,4,0,0,0,0
S01012216,25 to 34,14,10,6,4,4,4,0,0,0,0
S01012216,35 to 49,81,63,61,2,18,10,0,6,2,0
S01012216,50 to 64,112,88,82,6,24,5,1,3,7,8
S01012216,65 to 74,45,28,28,0,17,2,0,1,2,12
S01012216,75 to 84,22,9,9,0,13,2,0,0,0,11
S01012216,85 and over,4,1,1,0,3,3,0,0,0,0
S01012217,All HRPs,267,91,57,34,176,107,4,17,18,30
S01012217,24 and under,20,2,0,2,18,18,0,0,0,0
S01012217,25 to 34,56,21,7,14,35,33,0,2,0,0
S01012217,35 to 49,94,27,15,12,67,47,4,10,4,2
S01012217,50 to 64,54,24,18,6,30,9,0,5,11,5
S01012217,65 to 74,20,11,11,0,9,0,0,0,2,7
S01012217,75 to 84,21,6,6,0,15,0,0,0,1,14
S01012217,85 and over,2,0,0,0,2,0,0,0,0,2
S01012218,All HRPs,228,68,51,17,160,88,1,20,32,19
S01012218,24 and under,19,1,1,0,18,18,0,0,0,0
S01012218,25 to 34,53,12,4,8,41,39,0,0,2,0
S01012218,35 to 49,74,21,16,5,53,27,0,14,12,0
S01012218,50 to 64,44,19,16,3,25,4,0,5,15,1
S01012218,65 to 74,20,7,6,1,13,0,0,1,2,10
S01012218,75 to 84,15,7,7,0,8,0,1,0,1,6
S01012218,85 and over,3,1,1,0,2,0,0,0,0,2
S01012219,All HRPs,415,166,134,32,249,89,3,21,54,82
S01012219,24 and under,10,6,0,6,4,4,0,0,0,0
S01012219,25 to 34,48,19,9,10,29,29,0,0,0,0
S01012219,35 to 49,93,29,19,10,64,36,0,9,19,0
S01012219,50 to 64,102,44,41,3,58,16,0,10,22,10
S01012219,65 to 74,78,32,30,2,46,2,0,1,8,35
S01012219,75 to 84,66,32,31,1,34,2,0,1,4,27
S01012219,85 and over,18,4,4,0,14,0,3,0,1,10
S01012220,All HRPs,367,97,67,30,270,112,3,21,70,64
S01012220,24 and under,27,7,0,7,20,20,0,0,0,0
S01012220,25 to 34,45,15,1,14,30,27,0,1,2,0
S01012220,35 to 49,79,13,8,5,66,46,1,9,10,0
S01012220,50 to 64,100,28,24,4,72,14,1,9,37,11
S01012220,65 to 74,53,15,15,0,38,4,1,2,15,16
S01012220,75 to 84,49,19,19,0,30,1,0,0,6,23
S01012220,85 and over,14,0,0,0,14,0,0,0,0,14
S01012221,All HRPs,332,122,98,24,210,61,1,19,44,85
S01012221,24 and under,9,0,0,0,9,9,0,0,0,0
S01012221,25 to 34,40,14,7,7,26,23,1,1,0,1
S01012221,35 to 49,69,28,17,11,41,19,0,8,11,3
S01012221,50 to 64,73,35,30,5,38,4,0,1,23,10
S01012221,65 to 74,75,25,24,1,50,1,0,9,7,33
S01012221,75 to 84,50,20,20,0,30,5,0,0,2,23
S01012221,85 and over,16,0,0,0,16,0,0,0,1,15
S01012222,All HRPs,402,174,151,23,228,86,1,16,57,68
S01012222,24 and under,17,4,1,3,13,13,0,0,0,0
S01012222,25 to 34,32,17,9,8,15,13,0,0,2,0
S01012222,35 to 49,101,36,32,4,65,40,0,7,17,1
S01012222,50 to 64,116,57,50,7,59,12,1,8,26,12
S01012222,65 to 74,73,38,37,1,35,4,0,0,8,23
S01012222,75 to 84,52,20,20,0,32,3,0,1,4,24
S01012222,85 and over,11,2,2,0,9,1,0,0,0,8
S01012223,All HRPs,360,126,97,29,234,94,2,21,45,72
S01012223,24 and under,19,3,0,3,16,14,0,2,0,0
S01012223,25 to 34,42,12,4,8,30,28,0,2,0,0
S01012223,35 to 49,92,35,24,11,57,30,0,11,12,4
S01012223,50 to 64,74,28,23,5,46,12,0,3,29,2
S01012223,65 to 74,70,29,28,1,41,6,0,2,2,31
S01012223,75 to 84,54,19,18,1,35,4,2,1,2,26
S01012223,85 and over,9,0,0,0,9,0,0,0,0,9
S01012224,All HRPs,333,154,121,33,179,75,2,20,34,48
S01012224,24 and under,16,4,0,4,12,12,0,0,0,0
S01012224,25 to 34,54,19,6,13,35,31,1,3,0,0
S01012224,35 to 49,115,58,47,11,57,25,0,13,18,1
S01012224,50 to 64,70,42,37,5,28,7,0,3,10,8
S01012224,65 to 74,40,16,16,0,24,0,1,0,5,18
S01012224,75 to 84,33,15,15,0,18,0,0,1,1,16
S01012224,85 and over,5,0,0,0,5,0,0,0,0,5
S01012225,All HRPs,459,190,139,51,269,114,1,21,52,81
S01012225,24 and under,24,3,1,2,21,21,0,0,0,0
S01012225,25 to 34,60,25,11,14,35,34,0,1,0,0
S01012225,35 to 49,151,76,48,28,75,34,0,10,27,4
S01012225,50 to 64,98,46,39,7,52,20,0,8,16,8
S01012225,65 to 74,70,24,24,0,46,4,0,1,8,33
S01012225,75 to 84,52,15,15,0,37,1,1,1,1,33
S01012225,85 and over,4,1,1,0,3,0,0,0,0,3
S01012226,All HRPs,287,169,149,20,118,30,0,15,32,41
S01012226,24 and under,1,1,0,1,0,0,0,0,0,0
S01012226,25 to 34,23,13,8,5,10,9,0,1,0,0
S01012226,35 to 49,95,58,49,9,37,14,0,10,10,3
S01012226,50 to 64,89,53,48,5,36,6,0,4,19,7
S01012226,65 to 74,47,30,30,0,17,1,0,0,3,13
S01012226,75 to 84,27,13,13,0,14,0,0,0,0,14
S01012226,85 and over,5,1,1,0,4,0,0,0,0,4
S01012227,All HRPs,260,144,126,18,116,40,1,16,31,28
S01012227,24 and under,5,0,0,0,5,4,1,0,0,0
S01012227,25 to 34,29,9,7,2,20,16,0,3,1,0
S01012227,35 to 49,96,60,47,13,36,16,0,8,10,2
S01012227,50 to 64,65,40,38,2,25,4,0,4,14,3
S01012227,65 to 74,41,22,21,1,19,0,0,1,6,12
S01012227,75 to 84,21,10,10,0,11,0,0,0,0,11
S01012227,85 and over,3,3,3,0,0,0,0,0,0,0
S01012228,All HRPs,252,167,143,24,85,17,1,17,21,29
S01012228,24 and under,6,2,1,1,4,4,0,0,0,0
S01012228,25 to 34,22,16,11,5,6,5,0,1,0,0
S01012228,35 to 49,87,59,45,14,28,7,1,12,8,0
S01012228,50 to 64,78,56,53,3,22,1,0,3,10,8
S01012228,65 to 74,37,22,21,1,15,0,0,0,3,12
S01012228,75 to 84,19,11,11,0,8,0,0,1,0,7
S01012228,85 and over,3,1,1,0,2,0,0,0,0,2
S01012229,All HRPs,323,188,161,27,135,63,1,15,26,30
S01012229,24 and under,8,3,0,3,5,4,0,0,1,0
S01012229,25 to 34,47,29,17,12,18,16,0,1,1,0
S01012229,35 to 49,87,50,44,6,37,26,0,4,7,0
S01012229,50 to 64,123,74,68,6,49,16,0,10,14,9
S01012229,65 to 74,31,19,19,0,12,1,1,0,2,8
S01012229,75 to 84,25,11,11,0,14,0,0,0,1,13
S01012229,85 and over,2,2,2,0,0,0,0,0,0,0
S01012230,All HRPs,392,247,215,32,145,64,1,11,33,36
S01012230,24 and under,7,2,0,2,5,5,0,0,0,0
S01012230,25 to 34,35,23,13,10,12,11,0,1,0,0
S01012230,35 to 49,139,91,76,15,48,29,1,8,7,3
S01012230,50 to 64,125,87,82,5,38,14,0,1,21,2
S01012230,65 to 74,51,32,32,0,19,4,0,1,3,11
S01012230,75 to 84,31,12,12,0,19,1,0,0,2,16
S01012230,85 and over,4,0,0,0,4,0,0,0,0,4
S01012231,All HRPs,289,223,212,11,66,11,3,12,17,23
S01012231,24 and under,1,0,0,0,1,1,0,0,0,0
S01012231,25 to 34,19,13,12,1,6,2,1,2,1,0
S01012231,35 to 49,93,80,76,4,13,4,1,2,5,1
S01012231,50 to 64,125,100,94,6,25,2,1,7,10,5
S01012231,65 to 74,33,21,21,0,12,1,0,0,1,10
S01012231,75 to 84,16,9,9,0,7,1,0,1,0,5
S01012231,85 and over,2,0,0,0,2,0,0,0,0,2
S01012232,All HRPs,318,230,208,22,88,26,1,12,18,31
S01012232,24 and under,2,1,0,1,1,1,0,0,0,0
S01012232,25 to 34,15,11,5,6,4,3,0,1,0,0
S01012232,35 to 49,117,95,86,9,22,8,0,5,7,2
S01012232,50 to 64,120,89,83,6,31,9,0,6,10,6
S01012232,65 to 74,36,27,27,0,9,2,0,0,0,7
S01012232,75 to 84,24,5,5,0,19,3,0,0,1,15
S01012232,85 and over,4,2,2,0,2,0,1,0,0,1
S01012233,All HRPs,341,274,256,18,67,22,0,9,19,17
S01012233,24 and under,4,1,0,1,3,3,0,0,0,0
S01012233,25 to 34,18,11,10,1,7,6,0,0,1,0
S01012233,35 to 49,107,87,80,7,20,5,0,6,9,0
S01012233,50 to 64,128,109,100,9,19,4,0,3,7,5
S01012233,65 to 74,58,47,47,0,11,3,0,0,2,6
S01012233,75 to 84,21,16,16,0,5,1,0,0,0,4
S01012233,85 and over,5,3,3,0,2,0,0,0,0,2
S01012234,All HRPs,393,285,254,31,108,37,2,12,30,27
S01012234,24 and under,4,2,0,2,2,2,0,0,0,0
S01012234,25 to 34,31,26,19,7,5,4,0,0,1,0
S01012234,35 to 49,151,112,99,13,39,20,1,9,9,0
S01012234,50 to 64,135,106,100,6,29,7,0,1,13,8
S01012234,65 to 74,48,28,25,3,20,3,0,2,6,9
S01012234,75 to 84,17,10,10,0,7,1,1,0,1,4
S01012234,85 and over,7,1,1,0,6,0,0,0,0,6
S01012235,All HRPs,192,147,143,4,45,13,0,2,4,26
S01012235,24 and under,1,0,0,0,1,1,0,0,0,0
S01012235,25 to 34,2,1,1,0,1,1,0,0,0,0
S01012235,35 to 49,33,28,25,3,5,3,0,2,0,0
S01012235,50 to 64,73,63,63,0,10,3,0,0,3,4
S01012235,65 to 74,47,39,38,1,8,2,0,0,1,5
S01012235,75 to 84,22,12,12,0,10,2,0,0,0,8
S01012235,85 and over,14,4,4,0,10,1,0,0,0,9
S01012236,All HRPs,278,143,129,14,135,43,1,18,28,45
S01012236,24 and under,4,2,0,2,2,2,0,0,0,0
S01012236,25 to 34,21,8,5,3,13,10,1,1,1,0
S01012236,35 to 49,86,50,45,5,36,16,0,9,11,0
S01012236,50 to 64,82,51,48,3,31,9,0,6,11,5
S01012236,65 to 74,44,23,23,0,21,3,0,2,5,11
S01012236,75 to 84,31,8,7,1,23,2,0,0,0,21
S01012236,85 and over,10,1,1,0,9,1,0,0,0,8
S01012237,All HRPs,319,220,205,15,99,25,3,12,23,36
S01012237,24 and under,4,2,1,1,2,2,0,0,0,0
S01012237,25 to 34,18,10,7,3,8,7,0,0,1,0
S01012237,35 to 49,92,73,66,7,19,5,0,7,6,1
S01012237,50 to 64,101,75,71,4,26,4,2,3,12,5
S01012237,65 to 74,63,46,46,0,17,2,1,2,4,8
S01012237,75 to 84,32,13,13,0,19,4,0,0,0,15
S01012237,85 and over,9,1,1,0,8,1,0,0,0,7
S01012238,All HRPs,309,130,89,41,179,60,5,25,42,47
S01012238,24 and under,9,2,0,2,7,6,0,1,0,0
S01012238,25 to 34,47,27,9,18,20,20,0,0,0,0
S01012238,35 to 49,89,39,28,11,50,26,2,10,12,0
S01012238,50 to 64,74,33,23,10,41,2,0,14,21,4
S01012238,65 to 74,43,20,20,0,23,2,3,0,7,11
S01012238,75 to 84,32,7,7,0,25,2,0,0,2,21
S01012238,85 and over,15,2,2,0,13,2,0,0,0,11
S01012239,All HRPs,274,113,80,33,161,63,2,12,49,35
S01012239,24 and under,6,2,0,2,4,4,0,0,0,0
S01012239,25 to 34,25,8,1,7,17,16,0,0,1,0
S01012239,35 to 49,97,36,21,15,61,27,2,4,26,2
S01012239,50 to 64,77,41,35,6,36,10,0,7,17,2
S01012239,65 to 74,35,15,13,2,20,6,0,0,5,9
S01012239,75 to 84,23,10,9,1,13,0,0,0,0,13
S01012239,85 and over,11,1,1,0,10,0,0,1,0,9
S01012240,All HRPs,391,198,162,36,193,69,4,19,39,62
S01012240,24 and under,7,1,0,1,6,6,0,0,0,0
S01012240,25 to 34,30,16,5,11,14,14,0,0,0,0
S01012240,35 to 49,104,59,45,14,45,25,0,10,8,2
S01012240,50 to 64,108,61,53,8,47,11,3,7,20,6
S01012240,65 to 74,74,39,38,1,35,6,1,2,8,18
S01012240,75 to 84,45,17,17,0,28,5,0,0,3,20
S01012240,85 and over,23,5,4,1,18,2,0,0,0,16
S01012241,All HRPs,232,170,156,14,62,22,2,7,19,12
S01012241,24 and under,1,0,0,0,1,1,0,0,0,0
S01012241,25 to 34,11,8,3,5,3,3,0,0,0,0
S01012241,35 to 49,73,54,47,7,19,11,1,4,3,0
S01012241,50 to 64,89,71,69,2,18,7,1,2,7,1
S01012241,65 to 74,38,27,27,0,11,0,0,1,8,2
S01012241,75 to 84,17,8,8,0,9,0,0,0,1,8
S01012241,85 and over,3,2,2,0,1,0,0,0,0,1
S01012242,All HRPs,307,224,209,15,83,9,3,8,30,33
S01012242,24 and under,1,0,0,0,1,1,0,0,0,0
S01012242,25 to 34,10,6,4,2,4,3,1,0,0,0
S01012242,35 to 49,89,71,65,6,18,1,1,5,10,1
S01012242,50 to 64,112,93,86,7,19,1,0,1,10,7
S01012242,65 to 74,54,31,31,0,23,2,0,2,10,9
S01012242,75 to 84,28,17,17,0,11,0,0,0,0,11
S01012242,85 and over,13,6,6,0,7,1,1,0,0,5
S01012243,All HRPs,244,169,148,21,75,19,0,10,15,31
S01012243,24 and under,2,1,0,1,1,1,0,0,0,0
S01012243,25 to 34,16,12,9,3,4,4,0,0,0,0
S01012243,35 to 49,80,61,49,12,19,9,0,5,3,2
S01012243,50 to 64,70,54,50,4,16,2,0,2,4,8
S01012243,65 to 74,47,26,25,1,21,1,0,3,8,9
S01012243,75 to 84,21,13,13,0,8,1,0,0,0,7
S01012243,85 and over,8,2,2,0,6,1,0,0,0,5
S01012244,All HRPs,347,269,228,41,78,21,4,5,29,19
S01012244,24 and under,1,0,0,0,1,1,0,0,0,0
S01012244,25 to 34,21,14,11,3,7,7,0,0,0,0
S01012244,35 to 49,118,104,89,15,14,3,3,1,6,1
S01012244,50 to 64,126,95,75,20,31,7,0,3,18,3
S01012244,65 to 74,52,41,38,3,11,1,0,0,4,6
S01012244,75 to 84,25,12,12,0,13,2,1,1,1,8
S01012244,85 and over,4,3,3,0,1,0,0,0,0,1
S01012245,All HRPs,335,195,173,22,140,34,4,8,35,59
S01012245,24 and under,0,0,0,0,0,0,0,0,0,0
S01012245,25 to 34,17,10,4,6,7,6,0,1,0,0
S01012245,35 to 49,87,66,57,9,21,12,0,2,7,0
S01012245,50 to 64,104,73,68,5,31,11,1,3,14,2
S01012245,65 to 74,60,27,25,2,33,2,2,2,11,16
S01012245,75 to 84,45,17,17,0,28,3,1,0,1,23
S01012245,85 and over,22,2,2,0,20,0,0,0,2,18
S01012246,All HRPs,301,211,194,17,90,17,3,10,21,39
S01012246,24 and under,2,0,0,0,2,2,0,0,0,0
S01012246,25 to 34,14,8,5,3,6,4,0,1,1,0
S01012246,35 to 49,116,96,86,10,20,5,1,4,10,0
S01012246,50 to 64,100,76,72,4,24,4,1,5,7,7
S01012246,65 to 74,44,25,25,0,19,1,0,0,3,15
S01012246,75 to 84,14,4,4,0,10,1,0,0,0,9
S01012246,85 and over,11,2,2,0,9,0,1,0,0,8
S01012247,All HRPs,303,207,173,34,96,33,4,11,21,27
S01012247,24 and under,1,0,0,0,1,1,0,0,0,0
S01012247,25 to 34,17,10,5,5,7,7,0,0,0,0
S01012247,35 to 49,104,73,60,13,31,14,1,6,10,0
S01012247,50 to 64,103,83,69,14,20,3,2,2,5,8
S01012247,65 to 74,42,25,23,2,17,6,0,3,3,5
S01012247,75 to 84,23,13,13,0,10,0,1,0,3,6
S01012247,85 and over,13,3,3,0,10,2,0,0,0,8
S01012248,All HRPs,332,227,199,28,105,30,7,13,27,28
S01012248,24 and under,4,1,0,1,3,3,0,0,0,0
S01012248,25 to 34,19,13,10,3,6,5,0,1,0,0
S01012248,35 to 49,123,93,77,16,30,16,3,3,8,0
S01012248,50 to 64,110,79,72,7,31,2,3,2,16,8
S01012248,65 to 74,38,26,25,1,12,2,0,6,0,4
S01012248,75 to 84,27,14,14,0,13,2,1,1,3,6
S01012248,85 and over,11,1,1,0,10,0,0,0,0,10
S01012249,All HRPs,365,239,212,27,126,41,8,13,32,32
S01012249,24 and under,2,2,0,2,0,0,0,0,0,0
S01012249,25 to 34,26,12,6,6,14,10,0,2,2,0
S01012249,35 to 49,123,86,77,9,37,17,3,4,9,4
S01012249,50 to 64,125,83,75,8,42,11,3,4,17,7
S01012249,65 to 74,49,36,34,2,13,2,1,2,1,7
S01012249,75 to 84,27,17,17,0,10,1,1,1,2,5
S01012249,85 and over,13,3,3,0,10,0,0,0,1,9
S01012250,All HRPs,301,199,160,39,102,40,4,7,24,27
S01012250,24 and under,6,1,0,1,5,5,0,0,0,0
S01012250,25 to 34,18,10,4,6,8,8,0,0,0,0
S01012250,35 to 49,87,67,48,19,20,8,1,2,9,0
S01012250,50 to 64,107,75,64,11,32,11,3,3,10,5
S01012250,65 to 74,45,26,24,2,19,6,0,2,3,8
S01012250,75 to 84,27,19,19,0,8,1,0,0,2,5
S01012250,85 and over,11,1,1,0,10,1,0,0,0,9
S01012251,All HRPs,457,212,169,43,245,96,3,17,60,69
S01012251,24 and under,13,5,0,5,8,8,0,0,0,0
S01012251,25 to 34,44,24,9,15,20,19,0,0,1,0
S01012251,35 to 49,134,72,57,15,62,35,3,8,16,0
S01012251,50 to 64,126,68,61,7,58,16,0,8,26,8
S01012251,65 to 74,49,21,20,1,28,7,0,0,6,15
S01012251,75 to 84,63,16,16,0,47,7,0,1,8,31
S01012251,85 and over,28,6,6,0,22,4,0,0,3,15
S01012252,All HRPs,333,161,114,47,172,60,1,17,45,49
S01012252,24 and under,17,3,1,2,14,14,0,0,0,0
S01012252,25 to 34,38,28,11,17,10,10,0,0,0,0
S01012252,35 to 49,103,62,42,20,41,21,0,10,10,0
S01012252,50 to 64,85,41,33,8,44,12,1,6,21,4
S01012252,65 to 74,42,15,15,0,27,3,0,1,13,10
S01012252,75 to 84,33,9,9,0,24,0,0,0,1,23
S01012252,85 and over,15,3,3,0,12,0,0,0,0,12
S01012253,All HRPs,508,187,145,42,321,125,7,22,72,95
S01012253,24 and under,22,6,0,6,16,16,0,0,0,0
S01012253,25 to 34,47,18,6,12,29,27,0,0,2,0
S01012253,35 to 49,110,51,38,13,59,31,2,11,13,2
S01012253,50 to 64,154,74,64,10,80,27,2,9,33,9
S01012253,65 to 74,60,24,23,1,36,7,0,2,12,15
S01012253,75 to 84,67,8,8,0,59,9,1,0,10,39
S01012253,85 and over,48,6,6,0,42,8,2,0,2,30
S01012254,All HRPs,399,213,172,41,186,71,3,13,47,52
S01012254,24 and under,9,3,0,3,6,6,0,0,0,0
S01012254,25 to 34,54,27,12,15,27,24,0,2,1,0
S01012254,35 to 49,103,74,58,16,29,15,1,3,9,1
S01012254,50 to 64,109,65,58,7,44,13,1,6,21,3
S01012254,65 to 74,55,25,25,0,30,6,0,0,13,11
S01012254,75 to 84,42,18,18,0,24,4,0,2,3,15
S01012254,85 and over,27,1,1,0,26,3,1,0,0,22
S01012255,All HRPs,475,220,180,40,255,82,9,19,61,84
S01012255,24 and under,14,6,0,6,8,7,1,0,0,0
S01012255,25 to 34,37,19,8,11,18,14,1,2,1,0
S01012255,35 to 49,127,67,54,13,60,29,2,9,20,0
S01012255,50 to 64,103,51,45,6,52,15,3,7,20,7
S01012255,65 to 74,69,33,32,1,36,4,2,1,12,17
S01012255,75 to 84,89,40,37,3,49,6,0,0,7,36
S01012255,85 and over,36,4,4,0,32,7,0,0,1,24
S01012256,All HRPs,327,239,205,34,88,19,2,15,24,28
S01012256,24 and under,6,2,1,1,4,4,0,0,0,0
S01012256,25 to 34,24,22,13,9,2,2,0,0,0,0
S01012256,35 to 49,113,84,73,11,29,7,1,10,9,2
S01012256,50 to 64,107,81,71,10,26,5,1,3,12,5
S01012256,65 to 74,41,30,28,2,11,1,0,1,2,7
S01012256,75 to 84,30,17,16,1,13,0,0,1,1,11
S01012256,85 and over,6,3,3,0,3,0,0,0,0,3
S01012257,All HRPs,412,241,214,27,171,47,3,26,46,49
S01012257,24 and under,6,2,1,1,4,4,0,0,0,0
S01012257,25 to 34,29,12,6,6,17,12,1,2,2,0
S01012257,35 to 49,119,72,57,15,47,13,0,17,16,1
S01012257,50 to 64,126,80,76,4,46,11,1,6,19,9
S01012257,65 to 74,84,55,54,1,29,5,0,1,9,14
S01012257,75 to 84,35,14,14,0,21,2,0,0,0,19
S01012257,85 and over,13,6,6,0,7,0,1,0,0,6
S01012258,All HRPs,297,226,213,13,71,12,3,13,14,29
S01012258,24 and under,0,0,0,0,0,0,0,0,0,0
S01012258,25 to 34,8,7,5,2,1,1,0,0,0,0
S01012258,35 to 49,98,80,73,7,18,4,0,8,6,0
S01012258,50 to 64,95,80,77,3,15,5,1,4,3,2
S01012258,65 to 74,43,32,31,1,11,1,0,1,3,6
S01012258,75 to 84,37,21,21,0,16,1,1,0,2,12
S01012258,85 and over,16,6,6,0,10,0,1,0,0,9
S01012259,All HRPs,277,189,178,11,88,17,6,6,16,43
S01012259,24 and under,1,1,0,1,0,0,0,0,0,0
S01012259,25 to 34,9,6,4,2,3,1,2,0,0,0
S01012259,35 to 49,46,37,32,5,9,3,2,2,2,0
S01012259,50 to 64,89,66,65,1,23,2,1,4,10,6
S01012259,65 to 74,61,44,42,2,17,3,1,0,2,11
S01012259,75 to 84,55,31,31,0,24,4,0,0,2,18
S01012259,85 and over,16,4,4,0,12,4,0,0,0,8
S01012260,All HRPs,368,222,193,29,146,32,3,13,34,64
S01012260,24 and under,3,3,0,3,0,0,0,0,0,0
S01012260,25 to 34,16,9,5,4,7,7,0,0,0,0
S01012260,35 to 49,116,90,77,13,26,11,0,7,7,1
S01012260,50 to 64,94,63,56,7,31,5,0,5,15,6
S01012260,65 to 74,65,35,33,2,30,3,1,0,10,16
S01012260,75 to 84,49,14,14,0,35,4,2,1,1,27
S01012260,85 and over,25,8,8,0,17,2,0,0,1,14
S01012261,All HRPs,322,244,216,28,78,18,5,14,21,20
S01012261,24 and under,1,1,0,1,0,0,0,0,0,0
S01012261,25 to 34,18,12,6,6,6,5,0,1,0,0
S01012261,35 to 49,153,124,106,18,29,7,3,10,9,0
S01012261,50 to 64,81,62,60,2,19,4,2,2,10,1
S01012261,65 to 74,42,28,28,0,14,2,0,1,2,9
S01012261,75 to 84,21,15,15,0,6,0,0,0,0,6
S01012261,85 and over,6,2,1,1,4,0,0,0,0,4
S01012262,All HRPs,343,228,181,47,115,49,4,12,23,27
S01012262,24 and under,1,0,0,0,1,1,0,0,0,0
S01012262,25 to 34,24,10,6,4,14,11,0,2,1,0
S01012262,35 to 49,101,72,58,14,29,18,1,4,6,0
S01012262,50 to 64,139,102,77,25,37,14,2,5,9,7
S01012262,65 to 74,49,29,26,3,20,3,1,1,7,8
S01012262,75 to 84,22,12,11,1,10,1,0,0,0,9
S01012262,85 and over,7,3,3,0,4,1,0,0,0,3
S01012263,All HRPs,366,154,111,43,212,94,3,20,51,44
S01012263,24 and under,16,4,1,3,12,12,0,0,0,0
S01012263,25 to 34,41,14,7,7,27,23,1,2,1,0
S01012263,35 to 49,107,49,31,18,58,27,2,7,19,3
S01012263,50 to 64,115,51,41,10,64,26,0,10,22,6
S01012263,65 to 74,48,20,16,4,28,5,0,1,8,14
S01012263,75 to 84,29,15,14,1,14,1,0,0,1,12
S01012263,85 and over,10,1,1,0,9,0,0,0,0,9
S01012264,All HRPs,222,121,106,15,101,45,0,8,27,21
S01012264,24 and under,5,1,0,1,4,4,0,0,0,0
S01012264,25 to 34,20,6,1,5,14,14,0,0,0,0
S01012264,35 to 49,57,36,31,5,21,9,0,5,7,0
S01012264,50 to 64,66,40,36,4,26,10,0,2,13,1
S01012264,65 to 74,38,26,26,0,12,2,0,0,6,4
S01012264,75 to 84,23,9,9,0,14,6,0,0,1,7
S01012264,85 and over,13,3,3,0,10,0,0,1,0,9
S01012265,All HRPs,340,186,157,29,154,46,1,20,36,51
S01012265,24 and under,8,0,0,0,8,8,0,0,0,0
S01012265,25 to 34,36,20,9,11,16,13,0,2,1,0
S01012265,35 to 49,98,61,50,11,37,14,0,10,10,3
S01012265,50 to 64,101,67,61,6,34,6,0,6,18,4
S01012265,65 to 74,43,16,15,1,27,4,1,2,3,17
S01012265,75 to 84,41,16,16,0,25,1,0,0,4,20
S01012265,85 and over,13,6,6,0,7,0,0,0,0,7
S01012266,All HRPs,536,285,235,50,251,101,0,12,56,82
S01012266,24 and under,14,5,1,4,9,9,0,0,0,0
S01012266,25 to 34,53,30,15,15,23,22,0,0,1,0
S01012266,35 to 49,147,88,70,18,59,30,0,8,20,1
S01012266,50 to 64,123,80,70,10,43,15,0,0,18,10
S01012266,65 to 74,86,37,35,2,49,17,0,3,12,17
S01012266,75 to 84,83,40,39,1,43,7,0,1,3,32
S01012266,85 and over,30,5,5,0,25,1,0,0,2,22
S01012267,All HRPs,318,200,167,33,118,51,1,14,19,33
S01012267,24 and under,4,3,0,3,1,1,0,0,0,0
S01012267,25 to 34,20,10,4,6,10,10,0,0,0,0
S01012267,35 to 49,102,62,48,14,40,22,1,11,5,1
S01012267,50 to 64,102,74,65,9,28,12,0,2,10,4
S01012267,65 to 74,53,35,34,1,18,5,0,1,3,9
S01012267,75 to 84,33,15,15,0,18,1,0,0,1,16
S01012267,85 and over,4,1,1,0,3,0,0,0,0,3
S01012268,All HRPs,265,172,148,24,93,32,2,12,20,27
S01012268,24 and under,1,1,0,1,0,0,0,0,0,0
S01012268,25 to 34,22,16,8,8,6,6,0,0,0,0
S01012268,35 to 49,80,51,45,6,29,14,0,9,5,1
S01012268,50 to 64,96,72,66,6,24,6,2,2,11,3
S01012268,65 to 74,39,25,23,2,14,4,0,1,3,6
S01012268,75 to 84,23,7,6,1,16,2,0,0,0,14
S01012268,85 and over,4,0,0,0,4,0,0,0,1,3
S01012269,All HRPs,461,262,222,40,199,51,4,20,35,89
S01012269,24 and under,6,3,0,3,3,3,0,0,0,0
S01012269,25 to 34,38,23,9,14,15,10,0,5,0,0
S01012269,35 to 49,103,75,61,14,28,12,1,6,9,0
S01012269,50 to 64,135,87,80,7,48,13,2,8,17,8
S01012269,65 to 74,75,47,45,2,28,7,0,1,8,12
S01012269,75 to 84,72,23,23,0,49,3,1,0,0,45
S01012269,85 and over,32,4,4,0,28,3,0,0,1,24
S01012270,All HRPs,348,179,144,35,169,50,3,26,47,43
S01012270,24 and under,8,3,0,3,5,5,0,0,0,0
S01012270,25 to 34,34,18,10,8,16,12,0,3,1,0
S01012270,35 to 49,121,67,51,16,54,20,2,18,11,3
S01012270,50 to 64,84,45,41,4,39,7,1,3,26,2
S01012270,65 to 74,43,23,21,2,20,3,0,2,6,9
S01012270,75 to 84,46,21,19,2,25,2,0,0,2,21
S01012270,85 and over,12,2,2,0,10,1,0,0,1,8
S01012271,All HRPs,421,306,247,59,115,38,4,12,35,26
S01012271,24 and under,2,2,1,1,0,0,0,0,0,0
S01012271,25 to 34,39,26,14,12,13,10,0,0,3,0
S01012271,35 to 49,142,112,84,28,30,11,2,7,9,1
S01012271,50 to 64,152,111,95,16,41,11,1,3,19,7
S01012271,65 to 74,59,41,39,2,18,4,1,2,2,9
S01012271,75 to 84,17,11,11,0,6,1,0,0,2,3
S01012271,85 and over,10,3,3,0,7,1,0,0,0,6
S01012272,All HRPs,305,189,151,38,116,39,1,19,21,36
S01012272,24 and under,1,0,0,0,1,1,0,0,0,0
S01012272,25 to 34,28,13,3,10,15,7,1,6,0,1
S01012272,35 to 49,102,66,46,20,36,17,0,5,12,2
S01012272,50 to 64,97,77,69,8,20,5,0,6,6,3
S01012272,65 to 74,33,16,16,0,17,5,0,2,1,9
S01012272,75 to 84,32,14,14,0,18,3,0,0,2,13
S01012272,85 and over,12,3,3,0,9,1,0,0,0,8
S01012273,All HRPs,297,212,194,18,85,25,1,4,20,35
S01012273,24 and under,4,2,0,2,2,2,0,0,0,0
S01012273,25 to 34,15,10,6,4,5,5,0,0,0,0
S01012273,35 to 49,80,62,57,5,18,6,0,2,9,1
S01012273,50 to 64,99,81,74,7,18,4,1,2,7,4
S01012273,65 to 74,62,39,39,0,23,4,0,0,4,15
S01012273,75 to 84,27,16,16,0,11,3,0,0,0,8
S01012273,85 and over,10,2,2,0,8,1,0,0,0,7
S01012274,All HRPs,432,239,187,52,193,85,4,22,47,35
S01012274,24 and under,15,5,0,5,10,10,0,0,0,0
S01012274,25 to 34,50,22,10,12,28,27,0,0,1,0
S01012274,35 to 49,133,82,60,22,51,25,0,11,13,2
S01012274,50 to 64,154,97,85,12,57,15,3,9,24,6
S01012274,65 to 74,43,20,19,1,23,5,1,2,7,8
S01012274,75 to 84,27,11,11,0,16,2,0,0,2,12
S01012274,85 and over,10,2,2,0,8,1,0,0,0,7
S01012275,All HRPs,450,149,89,60,301,198,7,21,47,28
S01012275,24 and under,83,13,0,13,70,69,0,0,1,0
S01012275,25 to 34,100,37,11,26,63,61,0,1,1,0
S01012275,35 to 49,102,44,28,16,58,35,3,11,9,0
S01012275,50 to 64,94,33,30,3,61,24,3,8,24,2
S01012275,65 to 74,35,14,12,2,21,6,1,0,8,6
S01012275,75 to 84,26,6,6,0,20,2,0,1,4,13
S01012275,85 and over,10,2,2,0,8,1,0,0,0,7
S01012276,All HRPs,463,220,177,43,243,119,1,20,49,54
S01012276,24 and under,29,7,0,7,22,22,0,0,0,0
S01012276,25 to 34,86,37,21,16,49,44,0,3,2,0
S01012276,35 to 49,113,58,43,15,55,31,0,6,18,0
S01012276,50 to 64,134,83,78,5,51,13,1,8,20,9
S01012276,65 to 74,40,17,17,0,23,4,0,3,6,10
S01012276,75 to 84,40,12,12,0,28,3,0,0,2,23
S01012276,85 and over,21,6,6,0,15,2,0,0,1,12
S01012277,All HRPs,482,257,180,77,225,106,7,17,61,34
S01012277,24 and under,30,10,0,10,20,20,0,0,0,0
S01012277,25 to 34,84,53,25,28,31,28,2,0,1,0
S01012277,35 to 49,165,83,57,26,82,39,1,14,26,2
S01012277,50 to 64,112,66,55,11,46,12,3,1,26,4
S01012277,65 to 74,40,26,25,1,14,4,0,1,7,2
S01012277,75 to 84,39,16,15,1,23,1,0,1,1,20
S01012277,85 and over,12,3,3,0,9,2,1,0,0,6
S01012278,All HRPs,401,125,100,25,276,125,13,13,65,60
S01012278,24 and under,51,8,1,7,43,43,0,0,0,0
S01012278,25 to 34,45,17,6,11,28,23,1,0,4,0
S01012278,35 to 49,100,37,31,6,63,32,6,6,19,0
S01012278,50 to 64,94,29,28,1,65,16,4,7,35,3
S01012278,65 to 74,38,19,19,0,19,4,0,0,4,11
S01012278,75 to 84,33,8,8,0,25,3,1,0,1,20
S01012278,85 and over,40,7,7,0,33,4,1,0,2,26
S01012279,All HRPs,407,153,106,47,254,156,4,11,56,27
S01012279,24 and under,50,11,2,9,39,37,0,1,1,0
S01012279,25 to 34,82,26,7,19,56,52,0,1,3,0
S01012279,35 to 49,117,43,30,13,74,41,1,6,24,2
S01012279,50 to 64,94,48,42,6,46,16,3,3,21,3
S01012279,65 to 74,31,16,16,0,15,6,0,0,4,5
S01012279,75 to 84,21,6,6,0,15,3,0,0,2,10
S01012279,85 and over,12,3,3,0,9,1,0,0,1,7
S01012280,All HRPs,409,215,167,48,194,74,1,20,55,44
S01012280,24 and under,13,3,0,3,10,10,0,0,0,0
S01012280,25 to 34,52,28,8,20,24,21,0,3,0,0
S01012280,35 to 49,119,70,55,15,49,20,0,11,14,4
S01012280,50 to 64,133,79,70,9,54,15,1,5,30,3
S01012280,65 to 74,41,17,17,0,24,4,0,0,8,12
S01012280,75 to 84,36,14,13,1,22,4,0,1,3,14
S01012280,85 and over,15,4,4,0,11,0,0,0,0,11
S01012281,All HRPs,371,162,110,52,209,103,2,15,39,50
S01012281,24 and under,21,4,0,4,17,17,0,0,0,0
S01012281,25 to 34,71,27,6,21,44,37,0,4,3,0
S01012281,35 to 49,97,47,32,15,50,33,1,6,10,0
S01012281,50 to 64,77,46,36,10,31,7,0,4,15,5
S01012281,65 to 74,32,14,13,1,18,3,1,0,8,6
S01012281,75 to 84,48,17,16,1,31,4,0,1,2,24
S01012281,85 and over,25,7,7,0,18,2,0,0,1,15
S01012282,All HRPs,466,242,215,27,224,61,4,15,51,93
S01012282,24 and under,12,1,0,1,11,11,0,0,0,0
S01012282,25 to 34,31,17,13,4,14,14,0,0,0,0
S01012282,35 to 49,90,66,54,12,24,9,1,5,9,0
S01012282,50 to 64,131,81,75,6,50,15,1,3,21,10
S01012282,65 to 74,80,37,33,4,43,6,0,5,11,21
S01012282,75 to 84,83,37,37,0,46,6,1,1,9,29
S01012282,85 and over,39,3,3,0,36,0,1,1,1,33
S01012283,All HRPs,369,208,171,37,161,66,1,20,46,28
S01012283,24 and under,17,5,0,5,12,12,0,0,0,0
S01012283,25 to 34,39,17,9,8,22,20,0,2,0,0
S01012283,35 to 49,100,60,44,16,40,11,1,13,15,0
S01012283,50 to 64,124,88,81,7,36,11,0,5,19,1
S01012283,65 to 74,40,17,16,1,23,7,0,0,10,6
S01012283,75 to 84,41,19,19,0,22,4,0,0,2,16
S01012283,85 and over,8,2,2,0,6,1,0,0,0,5
S01012284,All HRPs,436,153,107,46,283,127,3,16,50,87
S01012284,24 and under,50,8,0,8,42,42,0,0,0,0
S01012284,25 to 34,51,22,5,17,29,24,1,2,2,0
S01012284,35 to 49,106,44,31,13,62,37,2,8,12,3
S01012284,50 to 64,89,41,33,8,48,13,0,5,26,4
S01012284,65 to 74,52,24,24,0,28,5,0,1,5,17
S01012284,75 to 84,59,10,10,0,49,3,0,0,5,41
S01012284,85 and over,29,4,4,0,25,3,0,0,0,22
S01012285,All HRPs,266,167,155,12,99,33,2,3,20,41
S01012285,24 and under,4,1,0,1,3,3,0,0,0,0
S01012285,25 to 34,9,5,3,2,4,4,0,0,0,0
S01012285,35 to 49,49,29,27,2,20,14,0,1,5,0
S01012285,50 to 64,103,82,77,5,21,4,2,2,12,1
S01012285,65 to 74,46,29,27,2,17,3,0,0,1,13
S01012285,75 to 84,38,20,20,0,18,2,0,0,2,14
S01012285,85 and over,17,1,1,0,16,3,0,0,0,13
S01012286,All HRPs,493,241,193,48,252,126,2,17,52,55
S01012286,24 and under,48,10,0,10,38,38,0,0,0,0
S01012286,25 to 34,68,25,11,14,43,36,1,2,2,2
S01012286,35 to 49,127,63,45,18,64,32,1,7,23,1
S01012286,50 to 64,138,88,84,4,50,16,0,7,17,10
S01012286,65 to 74,66,35,35,0,31,1,0,1,8,21
S01012286,75 to 84,34,17,15,2,17,1,0,0,1,15
S01012286,85 and over,12,3,3,0,9,2,0,0,1,6
S01012287,All HRPs,479,195,128,67,284,125,5,17,79,58
S01012287,24 and under,29,10,1,9,19,19,0,0,0,0
S01012287,25 to 34,99,51,29,22,48,39,0,4,4,1
S01012287,35 to 49,145,61,37,24,84,38,5,9,29,3
S01012287,50 to 64,100,38,31,7,62,22,0,3,32,5
S01012287,65 to 74,50,21,16,5,29,6,0,1,12,10
S01012287,75 to 84,41,11,11,0,30,1,0,0,2,27
S01012287,85 and over,15,3,3,0,12,0,0,0,0,12
S01012288,All HRPs,377,152,114,38,225,102,2,24,50,47
S01012288,24 and under,25,5,1,4,20,20,0,0,0,0
S01012288,25 to 34,58,22,12,10,36,28,0,3,5,0
S01012288,35 to 49,107,42,24,18,65,34,0,9,20,2
S01012288,50 to 64,96,50,47,3,46,13,2,10,19,2
S01012288,65 to 74,46,23,21,2,23,4,0,2,5,12
S01012288,75 to 84,31,7,6,1,24,3,0,0,0,21
S01012288,85 and over,14,3,3,0,11,0,0,0,1,10
S01012289,All HRPs,411,237,215,22,174,52,6,22,26,68
S01012289,24 and under,1,0,0,0,1,1,0,0,0,0
S01012289,25 to 34,20,10,4,6,10,9,1,0,0,0
S01012289,35 to 49,73,47,40,7,26,10,2,9,4,1
S01012289,50 to 64,147,96,90,6,51,21,2,12,13,3
S01012289,65 to 74,81,49,48,1,32,5,0,1,7,19
S01012289,75 to 84,66,30,29,1,36,5,1,0,2,28
S01012289,85 and over,23,5,4,1,18,1,0,0,0,17
S01012290,All HRPs,292,131,104,27,161,51,0,8,35,67
S01012290,24 and under,5,2,0,2,3,3,0,0,0,0
S01012290,25 to 34,24,16,6,10,8,7,0,0,0,1
S01012290,35 to 49,76,41,33,8,35,15,0,6,13,1
S01012290,50 to 64,70,40,34,6,30,10,0,1,14,5
S01012290,65 to 74,35,14,13,1,21,3,0,0,6,12
S01012290,75 to 84,47,14,14,0,33,8,0,0,2,23
S01012290,85 and over,35,4,4,0,31,5,0,1,0,25
S01012291,All HRPs,421,235,198,37,186,58,6,29,53,40
S01012291,24 and under,14,2,0,2,12,12,0,0,0,0
S01012291,25 to 34,39,23,12,11,16,11,1,4,0,0
S01012291,35 to 49,169,99,83,16,70,20,3,18,25,4
S01012291,50 to 64,111,71,63,8,40,8,0,6,19,7
S01012291,65 to 74,50,30,30,0,20,4,1,1,6,8
S01012291,75 to 84,28,8,8,0,20,1,1,0,3,15
S01012291,85 and over,10,2,2,0,8,2,0,0,0,6
S01012292,All HRPs,341,192,176,16,149,45,6,15,22,61
S01012292,24 and under,1,1,0,1,0,0,0,0,0,0
S01012292,25 to 34,21,10,5,5,11,8,0,3,0,0
S01012292,35 to 49,78,47,43,4,31,14,1,10,5,1
S01012292,50 to 64,76,53,49,4,23,7,0,0,11,5
S01012292,65 to 74,73,47,47,0,26,7,1,1,3,14
S01012292,75 to 84,55,26,24,2,29,3,4,1,1,20
S01012292,85 and over,37,8,8,0,29,6,0,0,2,21
S01012293,All HRPs,212,131,109,22,81,34,2,6,21,18
S01012293,24 and under,3,2,0,2,1,1,0,0,0,0
S01012293,25 to 34,25,17,8,9,8,6,0,1,1,0
S01012293,35 to 49,51,28,21,7,23,10,1,4,8,0
S01012293,50 to 64,73,52,49,3,21,9,1,1,8,2
S01012293,65 to 74,33,19,18,1,14,4,0,0,3,7
S01012293,75 to 84,20,13,13,0,7,3,0,0,1,3
S01012293,85 and over,7,0,0,0,7,1,0,0,0,6
S01012294,All HRPs,371,220,185,35,151,53,0,18,43,37
S01012294,24 and under,5,2,1,1,3,3,0,0,0,0
S01012294,25 to 34,34,18,10,8,16,13,0,2,1,0
S01012294,35 to 49,128,75,59,16,53,23,0,12,17,1
S01012294,50 to 64,130,92,83,9,38,11,0,2,16,9
S01012294,65 to 74,44,21,21,0,23,2,0,2,7,12
S01012294,75 to 84,25,10,9,1,15,1,0,0,2,12
S01012294,85 and over,5,2,2,0,3,0,0,0,0,3
S01012295,All HRPs,280,183,141,42,97,34,2,12,34,15
S01012295,24 and under,8,4,1,3,4,4,0,0,0,0
S01012295,25 to 34,48,33,16,17,15,13,0,1,1,0
S01012295,35 to 49,137,98,77,21,39,12,1,7,18,1
S01012295,50 to 64,62,34,33,1,28,5,0,4,13,6
S01012295,65 to 74,14,9,9,0,5,0,0,0,1,4
S01012295,75 to 84,10,4,4,0,6,0,1,0,1,4
S01012295,85 and over,1,1,1,0,0,0,0,0,0,0
S01012296,All HRPs,330,230,190,40,100,31,0,15,30,24
S01012296,24 and under,1,0,0,0,1,1,0,0,0,0
S01012296,25 to 34,22,13,8,5,9,7,0,2,0,0
S01012296,35 to 49,166,130,103,27,36,11,0,12,12,1
S01012296,50 to 64,95,63,55,8,32,9,0,1,14,8
S01012296,65 to 74,31,18,18,0,13,1,0,0,4,8
S01012296,75 to 84,14,6,6,0,8,1,0,0,0,7
S01012296,85 and over,1,0,0,0,1,1,0,0,0,0
S01012297,All HRPs,253,178,148,30,75,17,3,10,24,21
S01012297,24 and under,0,0,0,0,0,0,0,0,0,0
S01012297,25 to 34,16,12,8,4,4,3,0,1,0,0
S01012297,35 to 49,77,59,44,15,18,7,0,3,7,1
S01012297,50 to 64,92,70,60,10,22,3,2,4,9,4
S01012297,65 to 74,41,25,25,0,16,4,1,1,6,4
S01012297,75 to 84,22,11,10,1,11,0,0,1,1,9
S01012297,85 and over,5,1,1,0,4,0,0,0,1,3
S01012298,All HRPs,374,220,189,31,154,42,1,12,40,59
S01012298,24 and under,3,2,0,2,1,1,0,0,0,0
S01012298,25 to 34,25,15,8,7,10,8,0,2,0,0
S01012298,35 to 49,96,71,58,13,25,14,0,7,3,1
S01012298,50 to 64,124,81,72,9,43,10,0,2,25,6
S01012298,65 to 74,60,28,28,0,32,6,0,1,9,16
S01012298,75 to 84,44,18,18,0,26,3,1,0,2,20
S01012298,85 and over,22,5,5,0,17,0,0,0,1,16
S01012299,All HRPs,257,186,149,37,71,28,4,9,13,17
S01012299,24 and under,2,0,0,0,2,2,0,0,0,0
S01012299,25 to 34,21,13,7,6,8,8,0,0,0,0
S01012299,35 to 49,83,66,51,15,17,7,2,6,2,0
S01012299,50 to 64,94,73,60,13,21,8,0,2,10,1
S01012299,65 to 74,36,24,21,3,12,3,0,1,1,7
S01012299,75 to 84,17,7,7,0,10,0,2,0,0,8
S01012299,85 and over,4,3,3,0,1,0,0,0,0,1
S01012300,All HRPs,294,167,142,25,127,38,1,12,32,44
S01012300,24 and under,4,2,0,2,2,2,0,0,0,0
S01012300,25 to 34,13,8,4,4,5,5,0,0,0,0
S01012300,35 to 49,94,65,52,13,29,13,1,5,7,3
S01012300,50 to 64,88,56,52,4,32,7,0,6,15,4
S01012300,65 to 74,46,22,20,2,24,3,0,1,7,13
S01012300,75 to 84,39,13,13,0,26,6,0,0,3,17
S01012300,85 and over,10,1,1,0,9,2,0,0,0,7
S01012301,All HRPs,407,277,233,44,130,37,7,10,35,41
S01012301,24 and under,5,3,0,3,2,2,0,0,0,0
S01012301,25 to 34,34,21,13,8,13,13,0,0,0,0
S01012301,35 to 49,107,78,64,14,29,8,2,7,7,5
S01012301,50 to 64,152,112,96,16,40,8,3,3,19,7
S01012301,65 to 74,61,38,35,3,23,2,0,0,8,13
S01012301,75 to 84,38,18,18,0,20,3,2,0,1,14
S01012301,85 and over,10,7,7,0,3,1,0,0,0,2
S01012302,All HRPs,240,159,136,23,81,31,7,6,18,19
S01012302,24 and under,4,3,1,2,1,1,0,0,0,0
S01012302,25 to 34,23,13,6,7,10,10,0,0,0,0
S01012302,35 to 49,79,55,44,11,24,11,5,2,4,2
S01012302,50 to 64,85,58,55,3,27,5,1,3,13,5
S01012302,65 to 74,31,19,19,0,12,3,1,1,0,7
S01012302,75 to 84,13,9,9,0,4,1,0,0,0,3
S01012302,85 and over,5,2,2,0,3,0,0,0,1,2
S01012303,All HRPs,378,264,232,32,114,32,5,10,28,39
S01012303,24 and under,4,4,1,3,0,0,0,0,0,0
S01012303,25 to 34,30,23,13,10,7,5,0,2,0,0
S01012303,35 to 49,114,90,84,6,24,11,1,4,7,1
S01012303,50 to 64,117,83,71,12,34,7,1,3,13,10
S01012303,65 to 74,71,43,42,1,28,8,3,0,7,10
S01012303,75 to 84,34,19,19,0,15,1,0,1,0,13
S01012303,85 and over,8,2,2,0,6,0,0,0,1,5
S01012304,All HRPs,424,270,230,40,154,56,2,14,39,43
S01012304,24 and under,12,4,1,3,8,8,0,0,0,0
S01012304,25 to 34,32,15,9,6,17,12,0,2,2,1
S01012304,35 to 49,120,84,69,15,36,16,0,4,15,1
S01012304,50 to 64,129,91,81,10,38,10,1,8,13,6
S01012304,65 to 74,81,58,53,5,23,5,1,0,6,11
S01012304,75 to 84,42,16,15,1,26,4,0,0,2,20
S01012304,85 and over,8,2,2,0,6,1,0,0,1,4
S01012305,All HRPs,333,173,147,26,160,42,2,16,41,59
S01012305,24 and under,4,2,0,2,2,2,0,0,0,0
S01012305,25 to 34,20,13,8,5,7,7,0,0,0,0
S01012305,35 to 49,70,36,26,10,34,12,0,9,12,1
S01012305,50 to 64,113,64,60,4,49,13,2,7,18,9
S01012305,65 to 74,59,32,28,4,27,6,0,0,10,11
S01012305,75 to 84,40,20,19,1,20,1,0,0,1,18
S01012305,85 and over,27,6,6,0,21,1,0,0,0,20
S01012306,All HRPs,308,126,104,22,182,59,0,10,36,77
S01012306,24 and under,8,1,1,0,7,7,0,0,0,0
S01012306,25 to 34,29,13,7,6,16,15,0,0,1,0
S01012306,35 to 49,60,35,26,9,25,11,0,5,9,0
S01012306,50 to 64,77,38,33,5,39,11,0,4,18,6
S01012306,65 to 74,48,18,17,1,30,6,0,1,6,17
S01012306,75 to 84,69,20,19,1,49,7,0,0,2,40
S01012306,85 and over,17,1,1,0,16,2,0,0,0,14
S01012307,All HRPs,323,148,129,19,175,76,6,11,44,38
S01012307,24 and under,17,2,1,1,15,15,0,0,0,0
S01012307,25 to 34,29,9,4,5,20,18,0,1,1,0
S01012307,35 to 49,92,39,33,6,53,24,1,7,20,1
S01012307,50 to 64,87,52,50,2,35,12,4,1,14,4
S01012307,65 to 74,40,21,19,2,19,3,1,1,5,9
S01012307,75 to 84,47,21,19,2,26,3,0,1,4,18
S01012307,85 and over,11,4,3,1,7,1,0,0,0,6
S01012308,All HRPs,334,229,203,26,105,26,0,10,27,42
S01012308,24 and under,4,2,0,2,2,2,0,0,0,0
S01012308,25 to 34,27,21,17,4,6,5,0,0,1,0
S01012308,35 to 49,106,82,68,14,24,10,0,6,8,0
S01012308,50 to 64,104,79,73,6,25,4,0,4,13,4
S01012308,65 to 74,47,26,26,0,21,3,0,0,4,14
S01012308,75 to 84,35,16,16,0,19,2,0,0,1,16
S01012308,85 and over,11,3,3,0,8,0,0,0,0,8
S01012309,All HRPs,245,153,128,25,92,17,1,13,24,37
S01012309,24 and under,3,3,0,3,0,0,0,0,0,0
S01012309,25 to 34,18,12,7,5,6,4,0,2,0,0
S01012309,35 to 49,53,35,26,9,18,7,0,7,3,1
S01012309,50 to 64,79,55,50,5,24,3,1,2,13,5
S01012309,65 to 74,41,28,26,2,13,1,0,0,6,6
S01012309,75 to 84,37,15,14,1,22,2,0,2,2,16
S01012309,85 and over,14,5,5,0,9,0,0,0,0,9
S01012310,All HRPs,427,253,200,53,174,56,4,12,50,52
S01012310,24 and under,5,2,0,2,3,3,0,0,0,0
S01012310,25 to 34,24,17,5,12,7,5,0,0,2,0
S01012310,35 to 49,109,69,49,20,40,17,1,7,13,2
S01012310,50 to 64,148,94,76,18,54,15,2,4,24,9
S01012310,65 to 74,75,44,43,1,31,6,0,0,9,16
S01012310,75 to 84,48,21,21,0,27,7,0,1,2,17
S01012310,85 and over,18,6,6,0,12,3,1,0,0,8
S01012311,All HRPs,263,149,130,19,114,29,1,4,30,50
S01012311,24 and under,3,1,0,1,2,2,0,0,0,0
S01012311,25 to 34,6,4,2,2,2,2,0,0,0,0
S01012311,35 to 49,58,41,32,9,17,7,1,1,8,0
S01012311,50 to 64,80,59,54,5,21,7,0,3,8,3
S01012311,65 to 74,53,26,25,1,27,3,0,0,11,13
S01012311,75 to 84,42,15,14,1,27,2,0,0,2,23
S01012311,85 and over,21,3,3,0,18,6,0,0,1,11
S01012312,All HRPs,439,283,248,35,156,47,9,18,47,35
S01012312,24 and under,8,2,0,2,6,6,0,0,0,0
S01012312,25 to 34,42,25,15,10,17,13,2,1,1,0
S01012312,35 to 49,86,62,51,11,24,10,0,5,9,0
S01012312,50 to 64,171,114,103,11,57,9,4,8,21,15
S01012312,65 to 74,77,55,54,1,22,2,2,4,11,3
S01012312,75 to 84,40,19,19,0,21,6,1,0,5,9
S01012312,85 and over,15,6,6,0,9,1,0,0,0,8
S01012313,All HRPs,345,216,178,38,129,34,3,16,38,38
S01012313,24 and under,4,4,0,4,0,0,0,0,0,0
S01012313,25 to 34,23,17,8,9,6,6,0,0,0,0
S01012313,35 to 49,96,68,50,18,28,13,2,4,7,2
S01012313,50 to 64,123,76,70,6,47,10,1,8,23,5
S01012313,65 to 74,66,38,37,1,28,4,0,2,8,14
S01012313,75 to 84,26,10,10,0,16,1,0,2,0,13
S01012313,85 and over,7,3,3,0,4,0,0,0,0,4
S01012314,All HRPs,365,196,160,36,169,47,1,9,43,69
S01012314,24 and under,12,4,1,3,8,8,0,0,0,0
S01012314,25 to 34,43,24,12,12,19,16,0,2,1,0
S01012314,35 to 49,90,59,43,16,31,9,1,2,17,2
S01012314,50 to 64,96,54,50,4,42,9,0,3,15,15
S01012314,65 to 74,69,37,36,1,32,3,0,2,7,20
S01012314,75 to 84,42,16,16,0,26,1,0,0,1,24
S01012314,85 and over,13,2,2,0,11,1,0,0,2,8
S01012315,All HRPs,400,162,129,33,238,91,4,15,44,84
S01012315,24 and under,17,1,0,1,16,16,0,0,0,0
S01012315,25 to 34,44,15,5,10,29,27,0,0,2,0
S01012315,35 to 49,67,31,23,8,36,17,3,3,12,1
S01012315,50 to 64,117,60,48,12,57,14,0,9,24,10
S01012315,65 to 74,61,31,29,2,30,6,1,2,4,17
S01012315,75 to 84,54,18,18,0,36,7,0,1,0,28
S01012315,85 and over,40,6,6,0,34,4,0,0,2,28
S01012316,All HRPs,315,148,120,28,167,75,0,7,46,39
S01012316,24 and under,17,5,2,3,12,12,0,0,0,0
S01012316,25 to 34,37,18,10,8,19,18,0,0,1,0
S01012316,35 to 49,64,29,18,11,35,17,0,4,13,1
S01012316,50 to 64,88,54,49,5,34,14,0,1,17,2
S01012316,65 to 74,61,24,23,1,37,8,0,1,13,15
S01012316,75 to 84,38,17,17,0,21,4,0,1,1,15
S01012316,85 and over,10,1,1,0,9,2,0,0,1,6
S01012317,All HRPs,209,141,121,20,68,11,2,14,15,26
S01012317,24 and under,3,2,1,1,1,1,0,0,0,0
S01012317,25 to 34,19,15,7,8,4,2,0,1,1,0
S01012317,35 to 49,80,60,50,10,20,2,1,8,7,2
S01012317,50 to 64,48,34,33,1,14,1,1,4,4,4
S01012317,65 to 74,25,19,19,0,6,2,0,0,2,2
S01012317,75 to 84,24,11,11,0,13,1,0,1,1,10
S01012317,85 and over,10,0,0,0,10,2,0,0,0,8
S01012318,All HRPs,329,211,154,57,118,36,1,17,31,33
S01012318,24 and under,11,8,0,8,3,2,0,0,0,1
S01012318,25 to 34,44,31,12,19,13,10,0,3,0,0
S01012318,35 to 49,98,68,45,23,30,10,0,9,11,0
S01012318,50 to 64,106,71,66,5,35,7,0,4,16,8
S01012318,65 to 74,36,18,17,1,18,2,1,1,3,11
S01012318,75 to 84,27,14,13,1,13,4,0,0,1,8
S01012318,85 and over,7,1,1,0,6,1,0,0,0,5
S01012319,All HRPs,343,212,168,44,131,49,2,13,30,37
S01012319,24 and under,3,1,0,1,2,2,0,0,0,0
S01012319,25 to 34,42,22,8,14,20,18,0,0,2,0
S01012319,35 to 49,91,66,47,19,25,12,0,5,7,1
S01012319,50 to 64,108,69,61,8,39,10,1,5,17,6
S01012319,65 to 74,50,34,33,1,16,4,0,2,2,8
S01012319,75 to 84,34,16,15,1,18,1,0,1,2,14
S01012319,85 and over,15,4,4,0,11,2,1,0,0,8
S01012320,All HRPs,276,175,141,34,101,31,1,15,18,36
S01012320,24 and under,8,3,1,2,5,5,0,0,0,0
S01012320,25 to 34,22,16,12,4,6,4,0,2,0,0
S01012320,35 to 49,86,64,46,18,22,9,0,5,7,1
S01012320,50 to 64,74,55,47,8,19,6,0,4,6,3
S01012320,65 to 74,38,21,19,2,17,3,0,4,3,7
S01012320,75 to 84,34,10,10,0,24,3,1,0,2,18
S01012320,85 and over,14,6,6,0,8,1,0,0,0,7
S01012321,All HRPs,339,211,170,41,128,40,6,13,20,49
S01012321,24 and under,12,7,1,6,5,5,0,0,0,0
S01012321,25 to 34,37,30,18,12,7,5,0,1,1,0
S01012321,35 to 49,77,56,43,13,21,13,1,3,3,1
S01012321,50 to 64,96,66,58,8,30,8,3,5,9,5
S01012321,65 to 74,53,31,29,2,22,2,0,3,5,12
S01012321,75 to 84,45,18,18,0,27,4,2,1,1,19
S01012321,85 and over,19,3,3,0,16,3,0,0,1,12
S01012322,All HRPs,453,292,255,37,161,45,12,18,41,45
S01012322,24 and under,9,4,1,3,5,5,0,0,0,0
S01012322,25 to 34,26,17,8,9,9,8,0,1,0,0
S01012322,35 to 49,110,83,70,13,27,9,4,4,8,2
S01012322,50 to 64,151,99,88,11,52,15,4,9,20,4
S01012322,65 to 74,87,60,59,1,27,3,0,4,8,12
S01012322,75 to 84,56,25,25,0,31,5,2,0,4,20
S01012322,85 and over,14,4,4,0,10,0,2,0,1,7
S01012323,All HRPs,403,272,238,34,131,41,8,11,34,37
S01012323,24 and under,3,0,0,0,3,3,0,0,0,0
S01012323,25 to 34,17,14,8,6,3,2,0,0,1,0
S01012323,35 to 49,96,65,51,14,31,12,3,5,9,2
S01012323,50 to 64,138,104,95,9,34,8,4,3,17,2
S01012323,65 to 74,82,60,56,4,22,8,0,2,2,10
S01012323,75 to 84,52,26,25,1,26,7,1,1,4,13
S01012323,85 and over,15,3,3,0,12,1,0,0,1,10
S01012324,All HRPs,365,228,184,44,137,36,3,12,42,44
S01012324,24 and under,8,3,0,3,5,5,0,0,0,0
S01012324,25 to 34,17,13,7,6,4,4,0,0,0,0
S01012324,35 to 49,86,54,37,17,32,13,0,8,11,0
S01012324,50 to 64,134,92,78,14,42,8,1,2,22,9
S01012324,65 to 74,68,44,41,3,24,4,1,1,7,11
S01012324,75 to 84,38,16,15,1,22,1,1,1,2,17
S01012324,85 and over,14,6,6,0,8,1,0,0,0,7
S01012325,All HRPs,301,187,167,20,114,30,3,5,26,50
S01012325,24 and under,3,2,0,2,1,1,0,0,0,0
S01012325,25 to 34,13,5,1,4,8,6,0,0,2,0
S01012325,35 to 49,58,39,31,8,19,5,1,4,9,0
S01012325,50 to 64,69,44,39,5,25,10,1,0,8,6
S01012325,65 to 74,77,55,54,1,22,3,1,0,5,13
S01012325,75 to 84,65,38,38,0,27,4,0,1,2,20
S01012325,85 and over,16,4,4,0,12,1,0,0,0,11
S01012326,All HRPs,310,118,96,22,192,80,2,13,41,56
S01012326,24 and under,17,2,1,1,15,15,0,0,0,0
S01012326,25 to 34,32,10,5,5,22,20,0,0,2,0
S01012326,35 to 49,55,24,18,6,31,16,0,5,10,0
S01012326,50 to 64,91,48,40,8,43,14,0,4,21,4
S01012326,65 to 74,55,25,23,2,30,8,0,3,8,11
S01012326,75 to 84,40,7,7,0,33,4,2,1,0,26
S01012326,85 and over,20,2,2,0,18,3,0,0,0,15
S01012327,All HRPs,366,205,165,40,161,41,1,16,36,67
S01012327,24 and under,7,4,0,4,3,3,0,0,0,0
S01012327,25 to 34,33,20,9,11,13,9,0,4,0,0
S01012327,35 to 49,87,47,38,9,40,13,1,10,13,3
S01012327,50 to 64,99,70,60,10,29,6,0,2,13,8
S01012327,65 to 74,66,40,36,4,26,4,0,0,7,15
S01012327,75 to 84,50,20,18,2,30,4,0,0,3,23
S01012327,85 and over,24,4,4,0,20,2,0,0,0,18
S01012328,All HRPs,293,147,131,16,146,44,6,10,29,57
S01012328,24 and under,4,1,0,1,3,3,0,0,0,0
S01012328,25 to 34,16,7,3,4,9,6,0,0,2,1
S01012328,35 to 49,44,25,21,4,19,10,1,4,4,0
S01012328,50 to 64,81,49,44,5,32,8,3,5,14,2
S01012328,65 to 74,79,47,45,2,32,8,2,0,6,16
S01012328,75 to 84,42,10,10,0,32,6,0,0,2,24
S01012328,85 and over,27,8,8,0,19,3,0,1,1,14
S01012329,All HRPs,381,241,206,35,140,50,1,15,38,36
S01012329,24 and under,4,2,0,2,2,2,0,0,0,0
S01012329,25 to 34,34,15,10,5,19,13,0,6,0,0
S01012329,35 to 49,93,64,50,14,29,15,1,4,8,1
S01012329,50 to 64,112,81,71,10,31,6,0,3,16,6
S01012329,65 to 74,82,47,45,2,35,12,0,2,9,12
S01012329,75 to 84,41,26,24,2,15,0,0,0,5,10
S01012329,85 and over,15,6,6,0,9,2,0,0,0,7
S01012330,All HRPs,280,180,156,24,100,27,0,13,21,39
S01012330,24 and under,4,1,0,1,3,3,0,0,0,0
S01012330,25 to 34,19,14,9,5,5,3,0,2,0,0
S01012330,35 to 49,60,42,32,10,18,7,0,6,4,1
S01012330,50 to 64,90,64,58,6,26,6,0,4,14,2
S01012330,65 to 74,45,33,32,1,12,2,0,1,1,8
S01012330,75 to 84,40,19,18,1,21,5,0,0,1,15
S01012330,85 and over,22,7,7,0,15,1,0,0,1,13
S01012331,All HRPs,265,179,153,26,86,20,1,7,29,29
S01012331,24 and under,2,0,0,0,2,2,0,0,0,0
S01012331,25 to 34,21,17,9,8,4,2,0,0,1,1
S01012331,35 to 49,98,78,70,8,20,11,0,4,5,0
S01012331,50 to 64,81,54,47,7,27,3,0,3,19,2
S01012331,65 to 74,28,16,15,1,12,2,0,0,2,8
S01012331,75 to 84,27,13,11,2,14,0,0,0,1,13
S01012331,85 and over,8,1,1,0,7,0,1,0,1,5
S01012332,All HRPs,435,299,249,50,136,48,5,13,30,40
S01012332,24 and under,6,3,0,3,3,3,0,0,0,0
S01012332,25 to 34,23,16,6,10,7,6,0,1,0,0
S01012332,35 to 49,117,80,63,17,37,17,1,7,12,0
S01012332,50 to 64,153,115,100,15,38,14,3,3,14,4
S01012332,65 to 74,72,51,46,5,21,4,1,1,4,11
S01012332,75 to 84,53,32,32,0,21,3,0,1,0,17
S01012332,85 and over,11,2,2,0,9,1,0,0,0,8
S01012333,All HRPs,452,298,249,49,154,45,2,18,32,57
S01012333,24 and under,3,1,1,0,2,2,0,0,0,0
S01012333,25 to 34,31,18,10,8,13,10,0,2,0,1
S01012333,35 to 49,118,77,59,18,41,14,0,12,14,1
S01012333,50 to 64,149,116,100,16,33,10,2,4,12,5
S01012333,65 to 74,82,55,52,3,27,6,0,0,5,16
S01012333,75 to 84,51,26,22,4,25,2,0,0,0,23
S01012333,85 and over,18,5,5,0,13,1,0,0,1,11
S01012334,All HRPs,365,220,186,34,145,44,2,11,40,48
S01012334,24 and under,8,3,0,3,5,5,0,0,0,0
S01012334,25 to 34,32,18,7,11,14,12,0,1,1,0
S01012334,35 to 49,86,48,39,9,38,12,0,6,20,0
S01012334,50 to 64,105,68,58,10,37,8,1,4,14,10
S01012334,65 to 74,68,49,49,0,19,3,0,0,3,13
S01012334,75 to 84,55,31,30,1,24,2,0,0,2,20
S01012334,85 and over,11,3,3,0,8,2,1,0,0,5
S01012335,All HRPs,414,258,213,45,156,32,2,24,55,43
S01012335,24 and under,1,1,0,1,0,0,0,0,0,0
S01012335,25 to 34,34,28,18,10,6,3,0,1,2,0
S01012335,35 to 49,139,80,61,19,59,17,1,16,24,1
S01012335,50 to 64,142,102,91,11,40,8,0,7,20,5
S01012335,65 to 74,53,30,27,3,23,1,1,0,9,12
S01012335,75 to 84,38,16,15,1,22,3,0,0,0,19
S01012335,85 and over,7,1,1,0,6,0,0,0,0,6
S01012336,All HRPs,275,171,154,17,104,29,1,7,21,46
S01012336,24 and under,2,1,1,0,1,1,0,0,0,0
S01012336,25 to 34,23,13,6,7,10,10,0,0,0,0
S01012336,35 to 49,62,40,35,5,22,9,0,6,7,0
S01012336,50 to 64,70,52,48,4,18,2,0,0,7,9
S01012336,65 to 74,53,35,35,0,18,5,0,1,5,7
S01012336,75 to 84,53,27,26,1,26,2,1,0,2,21
S01012336,85 and over,12,3,3,0,9,0,0,0,0,9
S01012337,All HRPs,453,183,144,39,270,86,6,22,52,104
S01012337,24 and under,14,5,1,4,9,9,0,0,0,0
S01012337,25 to 34,54,30,10,20,24,19,0,3,1,1
S01012337,35 to 49,89,36,31,5,53,19,4,12,16,2
S01012337,50 to 64,123,63,57,6,60,19,0,5,27,9
S01012337,65 to 74,62,24,21,3,38,12,0,2,5,19
S01012337,75 to 84,71,20,19,1,51,6,1,0,1,43
S01012337,85 and over,40,5,5,0,35,2,1,0,2,30
S01012338,All HRPs,384,160,121,39,224,100,3,13,50,58
S01012338,24 and under,15,4,0,4,11,11,0,0,0,0
S01012338,25 to 34,51,16,3,13,35,30,1,3,1,0
S01012338,35 to 49,82,30,24,6,52,30,0,5,17,0
S01012338,50 to 64,88,46,37,9,42,16,1,3,18,4
S01012338,65 to 74,59,33,29,4,26,5,0,1,9,11
S01012338,75 to 84,65,29,26,3,36,6,1,1,5,23
S01012338,85 and over,24,2,2,0,22,2,0,0,0,20
S01012339,All HRPs,366,107,72,35,259,124,2,19,41,73
S01012339,24 and under,29,8,0,8,21,19,0,0,2,0
S01012339,25 to 34,65,20,6,14,45,40,0,4,1,0
S01012339,35 to 49,59,20,12,8,39,29,0,5,4,1
S01012339,50 to 64,70,25,21,4,45,16,1,4,20,4
S01012339,65 to 74,61,20,20,0,41,8,0,4,11,18
S01012339,75 to 84,48,9,9,0,39,7,1,2,2,27
S01012339,85 and over,34,5,4,1,29,5,0,0,1,23
S01012340,All HRPs,477,260,219,41,217,64,7,18,45,83
S01012340,24 and under,3,1,0,1,2,2,0,0,0,0
S01012340,25 to 34,46,28,17,11,18,15,0,1,2,0
S01012340,35 to 49,112,64,47,17,48,26,1,8,12,1
S01012340,50 to 64,142,96,88,8,46,9,2,9,18,8
S01012340,65 to 74,64,38,34,4,26,2,2,0,8,14
S01012340,75 to 84,70,29,29,0,41,5,1,0,3,32
S01012340,85 and over,40,4,4,0,36,5,1,0,2,28
S01012341,All HRPs,404,293,256,37,111,36,4,10,39,22
S01012341,24 and under,3,3,0,3,0,0,0,0,0,0
S01012341,25 to 34,30,23,16,7,7,6,0,0,1,0
S01012341,35 to 49,118,85,75,10,33,15,1,6,9,2
S01012341,50 to 64,149,109,97,12,40,11,3,3,21,2
S01012341,65 to 74,65,47,43,4,18,2,0,1,6,9
S01012341,75 to 84,32,24,23,1,8,1,0,0,2,5
S01012341,85 and over,7,2,2,0,5,1,0,0,0,4
S01012342,All HRPs,403,246,205,41,157,51,2,12,35,57
S01012342,24 and under,9,1,0,1,8,8,0,0,0,0
S01012342,25 to 34,23,14,7,7,9,7,0,1,1,0
S01012342,35 to 49,102,66,46,20,36,18,0,4,14,0
S01012342,50 to 64,128,92,83,9,36,9,0,4,12,11
S01012342,65 to 74,70,49,46,3,21,1,0,2,4,14
S01012342,75 to 84,50,19,19,0,31,5,2,1,3,20
S01012342,85 and over,21,5,4,1,16,3,0,0,1,12
S01012343,All HRPs,448,296,247,49,152,42,5,16,49,40
S01012343,24 and under,7,4,0,4,3,3,0,0,0,0
S01012343,25 to 34,27,17,5,12,10,8,0,1,1,0
S01012343,35 to 49,125,82,57,25,43,20,1,6,16,0
S01012343,50 to 64,164,114,107,7,50,8,2,8,23,9
S01012343,65 to 74,79,57,56,1,22,1,2,1,8,10
S01012343,75 to 84,37,20,20,0,17,2,0,0,1,14
S01012343,85 and over,9,2,2,0,7,0,0,0,0,7
S01012344,All HRPs,296,142,99,43,154,55,6,15,39,39
S01012344,24 and under,14,10,2,8,4,4,0,0,0,0
S01012344,25 to 34,29,14,3,11,15,10,1,2,0,2
S01012344,35 to 49,84,39,28,11,45,25,1,7,11,1
S01012344,50 to 64,96,50,40,10,46,10,3,6,24,3
S01012344,65 to 74,48,23,20,3,25,5,1,0,4,15
S01012344,75 to 84,15,4,4,0,11,0,0,0,0,11
S01012344,85 and over,10,2,2,0,8,1,0,0,0,7
S01012345,All HRPs,321,197,164,33,124,43,1,9,41,30
S01012345,24 and under,4,0,0,0,4,4,0,0,0,0
S01012345,25 to 34,20,11,7,4,9,5,0,2,2,0
S01012345,35 to 49,102,68,48,20,34,18,0,5,11,0
S01012345,50 to 64,99,68,61,7,31,12,1,2,14,2
S01012345,65 to 74,47,27,25,2,20,2,0,0,12,6
S01012345,75 to 84,37,17,17,0,20,2,0,0,2,16
S01012345,85 and over,12,6,6,0,6,0,0,0,0,6
S01012346,All HRPs,361,215,178,37,146,46,4,12,43,41
S01012346,24 and under,7,1,0,1,6,6,0,0,0,0
S01012346,25 to 34,30,16,8,8,14,14,0,0,0,0
S01012346,35 to 49,97,66,51,15,31,13,0,4,13,1
S01012346,50 to 64,118,74,65,9,44,11,4,5,21,3
S01012346,65 to 74,63,38,36,2,25,1,0,2,9,13
S01012346,75 to 84,33,19,17,2,14,0,0,0,0,14
S01012346,85 and over,13,1,1,0,12,1,0,1,0,10
S01012347,All HRPs,364,202,172,30,162,39,4,11,36,72
S01012347,24 and under,3,3,1,2,0,0,0,0,0,0
S01012347,25 to 34,24,11,7,4,13,12,0,0,1,0
S01012347,35 to 49,100,72,59,13,28,11,0,7,10,0
S01012347,50 to 64,96,69,60,9,27,5,2,1,11,8
S01012347,65 to 74,67,30,29,1,37,4,1,3,12,17
S01012347,75 to 84,49,13,12,1,36,5,1,0,1,29
S01012347,85 and over,25,4,4,0,21,2,0,0,1,18
S01012348,All HRPs,325,207,181,26,118,35,2,9,35,37
S01012348,24 and under,4,1,0,1,3,3,0,0,0,0
S01012348,25 to 34,22,12,7,5,10,8,0,0,2,0
S01012348,35 to 49,88,67,52,15,21,9,0,3,8,1
S01012348,50 to 64,91,59,56,3,32,7,1,5,15,4
S01012348,65 to 74,61,35,33,2,26,4,0,1,10,11
S01012348,75 to 84,46,30,30,0,16,4,1,0,0,11
S01012348,85 and over,13,3,3,0,10,0,0,0,0,10
S01012349,All HRPs,402,239,194,45,163,48,1,19,37,58
S01012349,24 and under,9,7,0,7,2,2,0,0,0,0
S01012349,25 to 34,45,30,16,14,15,8,0,5,1,1
S01012349,35 to 49,102,61,46,15,41,18,0,9,14,0
S01012349,50 to 64,112,76,68,8,36,14,0,4,12,6
S01012349,65 to 74,79,47,46,1,32,5,0,0,5,22
S01012349,75 to 84,45,18,18,0,27,1,1,1,3,21
S01012349,85 and over,10,0,0,0,10,0,0,0,2,8
S01012350,All HRPs,337,197,164,33,140,39,5,20,29,47
S01012350,24 and under,10,4,0,4,6,6,0,0,0,0
S01012350,25 to 34,32,17,8,9,15,12,0,1,2,0
S01012350,35 to 49,83,49,36,13,34,9,0,14,10,1
S01012350,50 to 64,89,61,55,6,28,7,1,3,10,7
S01012350,65 to 74,68,43,42,1,25,3,0,1,6,15
S01012350,75 to 84,43,21,21,0,22,2,1,1,1,17
S01012350,85 and over,12,2,2,0,10,0,3,0,0,7
S01012351,All HRPs,373,205,161,44,168,50,1,29,42,46
S01012351,24 and under,6,2,0,2,4,4,0,0,0,0
S01012351,25 to 34,48,32,18,14,16,12,0,3,1,0
S01012351,35 to 49,122,77,57,20,45,15,0,15,13,2
S01012351,50 to 64,90,55,50,5,35,8,0,8,15,4
S01012351,65 to 74,53,23,20,3,30,7,0,2,11,10
S01012351,75 to 84,39,14,14,0,25,3,1,1,1,19
S01012351,85 and over,15,2,2,0,13,1,0,0,1,11
S01012352,All HRPs,350,189,160,29,161,61,3,9,34,54
S01012352,24 and under,8,3,0,3,5,5,0,0,0,0
S01012352,25 to 34,36,18,9,9,18,17,0,1,0,0
S01012352,35 to 49,91,65,55,10,26,14,1,2,9,0
S01012352,50 to 64,97,55,50,5,42,17,1,6,13,5
S01012352,65 to 74,61,31,29,2,30,4,0,0,11,15
S01012352,75 to 84,43,14,14,0,29,4,1,0,1,23
S01012352,85 and over,14,3,3,0,11,0,0,0,0,11
S01012353,All HRPs,453,147,107,40,306,123,4,24,61,94
S01012353,24 and under,42,8,0,8,34,34,0,0,0,0
S01012353,25 to 34,62,18,6,12,44,38,0,4,0,2
S01012353,35 to 49,91,38,26,12,53,29,0,9,15,0
S01012353,50 to 64,109,46,39,7,63,9,3,10,33,8
S01012353,65 to 74,52,19,18,1,33,3,0,1,11,18
S01012353,75 to 84,62,17,17,0,45,6,1,0,0,38
S01012353,85 and over,35,1,1,0,34,4,0,0,2,28
S01012354,All HRPs,385,199,170,29,186,52,4,9,35,86
S01012354,24 and under,8,6,2,4,2,2,0,0,0,0
S01012354,25 to 34,23,10,5,5,13,10,0,1,1,1
S01012354,35 to 49,84,59,48,11,25,12,0,4,8,1
S01012354,50 to 64,97,57,53,4,40,15,1,4,15,5
S01012354,65 to 74,76,37,33,4,39,9,2,0,8,20
S01012354,75 to 84,73,24,23,1,49,4,1,0,3,41
S01012354,85 and over,24,6,6,0,18,0,0,0,0,18
S01012355,All HRPs,377,246,220,26,131,36,3,10,44,38
S01012355,24 and under,4,1,0,1,3,3,0,0,0,0
S01012355,25 to 34,21,14,6,8,7,3,0,0,4,0
S01012355,35 to 49,78,53,42,11,25,11,0,1,13,0
S01012355,50 to 64,171,120,116,4,51,14,1,9,19,8
S01012355,65 to 74,61,42,40,2,19,4,1,0,5,9
S01012355,75 to 84,35,15,15,0,20,1,1,0,2,16
S01012355,85 and over,7,1,1,0,6,0,0,0,1,5
S01012356,All HRPs,320,182,149,33,138,39,3,10,31,55
S01012356,24 and under,1,1,0,1,0,0,0,0,0,0
S01012356,25 to 34,17,10,4,6,7,7,0,0,0,0
S01012356,35 to 49,85,56,42,14,29,14,0,7,8,0
S01012356,50 to 64,94,58,49,9,36,9,2,3,15,7
S01012356,65 to 74,59,35,32,3,24,5,0,0,7,12
S01012356,75 to 84,47,18,18,0,29,1,1,0,1,26
S01012356,85 and over,17,4,4,0,13,3,0,0,0,10
S01012357,All HRPs,355,263,223,40,92,18,4,5,30,35
S01012357,24 and under,2,0,0,0,2,2,0,0,0,0
S01012357,25 to 34,7,6,1,5,1,1,0,0,0,0
S01012357,35 to 49,76,57,46,11,19,7,0,2,10,0
S01012357,50 to 64,153,124,106,18,29,7,4,2,14,2
S01012357,65 to 74,68,55,51,4,13,0,0,1,5,7
S01012357,75 to 84,42,19,17,2,23,1,0,0,1,21
S01012357,85 and over,7,2,2,0,5,0,0,0,0,5
S01012358,All HRPs,343,244,206,38,99,34,9,6,12,38
S01012358,24 and under,5,3,0,3,2,2,0,0,0,0
S01012358,25 to 34,25,17,7,10,8,7,1,0,0,0
S01012358,35 to 49,81,63,55,8,18,8,1,2,6,1
S01012358,50 to 64,121,93,83,10,28,11,6,3,4,4
S01012358,65 to 74,66,46,40,6,20,2,1,0,2,15
S01012358,75 to 84,34,19,18,1,15,3,0,1,0,11
S01012358,85 and over,11,3,3,0,8,1,0,0,0,7
S01012359,All HRPs,367,178,130,48,189,68,6,26,46,43
S01012359,24 and under,8,2,0,2,6,6,0,0,0,0
S01012359,25 to 34,40,17,10,7,23,20,1,2,0,0
S01012359,35 to 49,105,53,33,20,52,25,2,13,12,0
S01012359,50 to 64,111,59,44,15,52,11,1,8,24,8
S01012359,65 to 74,63,35,31,4,28,1,0,3,8,16
S01012359,75 to 84,30,10,10,0,20,4,1,0,2,13
S01012359,85 and over,10,2,2,0,8,1,1,0,0,6
S01012360,All HRPs,324,164,115,49,160,71,0,22,38,29
S01012360,24 and under,20,7,1,6,13,13,0,0,0,0
S01012360,25 to 34,54,30,17,13,24,19,0,3,2,0
S01012360,35 to 49,108,55,32,23,53,25,0,14,14,0
S01012360,50 to 64,81,44,40,4,37,10,0,4,17,6
S01012360,65 to 74,38,20,18,2,18,3,0,1,5,9
S01012360,75 to 84,19,6,5,1,13,1,0,0,0,12
S01012360,85 and over,4,2,2,0,2,0,0,0,0,2
S01012361,All HRPs,275,135,95,40,140,48,0,13,43,36
S01012361,24 and under,11,6,2,4,5,5,0,0,0,0
S01012361,25 to 34,36,14,4,10,22,17,0,4,1,0
S01012361,35 to 49,79,51,31,20,28,14,0,3,11,0
S01012361,50 to 64,86,38,34,4,48,10,0,6,24,8
S01012361,65 to 74,29,19,19,0,10,1,0,0,2,7
S01012361,75 to 84,25,7,5,2,18,0,0,0,4,14
S01012361,85 and over,9,0,0,0,9,1,0,0,1,7
S01012362,All HRPs,306,156,96,60,150,61,0,17,41,31
S01012362,24 and under,20,6,1,5,14,14,0,0,0,0
S01012362,25 to 34,57,37,13,24,20,18,0,0,2,0
S01012362,35 to 49,115,63,41,22,52,20,0,14,16,2
S01012362,50 to 64,68,31,26,5,37,6,0,3,21,7
S01012362,65 to 74,26,17,13,4,9,1,0,0,1,7
S01012362,75 to 84,16,2,2,0,14,1,0,0,1,12
S01012362,85 and over,4,0,0,0,4,1,0,0,0,3
S01012363,All HRPs,575,183,136,47,392,181,5,35,90,81
S01012363,24 and under,44,6,0,6,38,38,0,0,0,0
S01012363,25 to 34,78,27,9,18,51,45,0,5,1,0
S01012363,35 to 49,139,48,35,13,91,48,1,14,28,0
S01012363,50 to 64,137,48,39,9,89,23,0,14,37,15
S01012363,65 to 74,77,30,29,1,47,5,3,1,21,17
S01012363,75 to 84,76,23,23,0,53,18,1,1,3,30
S01012363,85 and over,24,1,1,0,23,4,0,0,0,19
S01012364,All HRPs,375,159,116,43,216,89,0,11,52,64
S01012364,24 and under,14,4,1,3,10,10,0,0,0,0
S01012364,25 to 34,54,19,8,11,35,33,0,1,1,0
S01012364,35 to 49,81,47,28,19,34,16,0,3,14,1
S01012364,50 to 64,107,51,42,9,56,18,0,5,22,11
S01012364,65 to 74,47,19,18,1,28,4,0,2,9,13
S01012364,75 to 84,49,16,16,0,33,5,0,0,4,24
S01012364,85 and over,23,3,3,0,20,3,0,0,2,15
S01012365,All HRPs,443,264,220,44,179,60,2,13,47,57
S01012365,24 and under,8,2,0,2,6,6,0,0,0,0
S01012365,25 to 34,36,21,10,11,15,13,0,0,0,2
S01012365,35 to 49,125,83,65,18,42,21,0,7,13,1
S01012365,50 to 64,132,83,74,9,49,13,0,6,24,6
S01012365,65 to 74,73,42,39,3,31,2,1,0,7,21
S01012365,75 to 84,53,26,25,1,27,3,1,0,3,20
S01012365,85 and over,16,7,7,0,9,2,0,0,0,7
S01012366,All HRPs,513,203,149,54,310,144,4,21,55,86
S01012366,24 and under,25,6,0,6,19,19,0,0,0,0
S01012366,25 to 34,70,22,7,15,48,46,0,1,1,0
S01012366,35 to 49,111,42,26,16,69,38,0,10,21,0
S01012366,50 to 64,125,73,60,13,52,18,3,8,15,8
S01012366,65 to 74,87,37,35,2,50,10,0,2,14,24
S01012366,75 to 84,60,19,17,2,41,4,1,0,3,33
S01012366,85 and over,35,4,4,0,31,9,0,0,1,21
S01012367,All HRPs,420,256,226,30,164,49,1,15,36,63
S01012367,24 and under,3,1,1,0,2,2,0,0,0,0
S01012367,25 to 34,32,16,8,8,16,13,0,2,1,0
S01012367,35 to 49,98,63,52,11,35,13,0,9,11,2
S01012367,50 to 64,129,91,84,7,38,11,0,3,18,6
S01012367,65 to 74,76,54,51,3,22,6,0,0,5,11
S01012367,75 to 84,67,29,28,1,38,4,1,0,1,32
S01012367,85 and over,15,2,2,0,13,0,0,1,0,12
S01012368,All HRPs,261,175,160,15,86,26,1,9,14,36
S01012368,24 and under,2,0,0,0,2,2,0,0,0,0
S01012368,25 to 34,8,6,4,2,2,2,0,0,0,0
S01012368,35 to 49,63,45,35,10,18,9,0,4,5,0
S01012368,50 to 64,92,69,67,2,23,10,0,2,7,4
S01012368,65 to 74,55,37,37,0,18,2,1,3,0,12
S01012368,75 to 84,34,15,14,1,19,1,0,0,1,17
S01012368,85 and over,7,3,3,0,4,0,0,0,1,3
S01012369,All HRPs,375,242,207,35,133,40,3,11,32,47
S01012369,24 and under,6,2,0,2,4,4,0,0,0,0
S01012369,25 to 34,27,15,9,6,12,8,0,2,2,0
S01012369,35 to 49,106,75,58,17,31,17,0,4,10,0
S01012369,50 to 64,112,77,69,8,35,7,2,5,16,5
S01012369,65 to 74,71,51,50,1,20,3,0,0,2,15
S01012369,75 to 84,38,18,17,1,20,1,1,0,2,16
S01012369,85 and over,15,4,4,0,11,0,0,0,0,11
S01012370,All HRPs,516,225,175,50,291,106,3,23,66,93
S01012370,24 and under,14,4,0,4,10,10,0,0,0,0
S01012370,25 to 34,53,26,10,16,27,26,0,1,0,0
S01012370,35 to 49,129,69,55,14,60,30,0,12,18,0
S01012370,50 to 64,130,72,57,15,58,14,1,8,26,9
S01012370,65 to 74,93,34,33,1,59,16,0,2,17,24
S01012370,75 to 84,60,18,18,0,42,4,1,0,4,33
S01012370,85 and over,37,2,2,0,35,6,1,0,1,27
S01012371,All HRPs,486,197,147,50,289,134,3,18,65,69
S01012371,24 and under,42,5,0,5,37,37,0,0,0,0
S01012371,25 to 34,63,32,17,15,31,27,0,2,2,0
S01012371,35 to 49,133,57,42,15,76,42,1,8,24,1
S01012371,50 to 64,101,45,32,13,56,16,0,5,25,10
S01012371,65 to 74,68,38,37,1,30,4,0,3,8,15
S01012371,75 to 84,60,17,16,1,43,6,1,0,5,31
S01012371,85 and over,19,3,3,0,16,2,1,0,1,12
S01012372,All HRPs,450,142,104,38,308,144,4,25,59,76
S01012372,24 and under,30,5,0,5,25,25,0,0,0,0
S01012372,25 to 34,49,17,5,12,32,27,0,3,2,0
S01012372,35 to 49,116,43,27,16,73,41,2,9,21,0
S01012372,50 to 64,98,31,26,5,67,32,1,6,19,9
S01012372,65 to 74,66,26,26,0,40,10,0,5,10,15
S01012372,75 to 84,61,16,16,0,45,7,1,2,5,30
S01012372,85 and over,30,4,4,0,26,2,0,0,2,22
S01012373,All HRPs,479,262,211,51,217,85,8,25,31,68
S01012373,24 and under,24,8,0,8,16,16,0,0,0,0
S01012373,25 to 34,52,24,11,13,28,24,0,3,1,0
S01012373,35 to 49,117,79,57,22,38,20,0,10,8,0
S01012373,50 to 64,137,77,71,6,60,17,6,12,17,8
S01012373,65 to 74,69,43,42,1,26,1,0,0,3,22
S01012373,75 to 84,68,31,30,1,37,7,2,0,2,26
S01012373,85 and over,12,0,0,0,12,0,0,0,0,12
S01012374,All HRPs,402,237,182,55,165,44,0,16,45,60
S01012374,24 and under,6,1,0,1,5,5,0,0,0,0
S01012374,25 to 34,39,24,5,19,15,10,0,2,3,0
S01012374,35 to 49,112,74,53,21,38,11,0,8,15,4
S01012374,50 to 64,128,89,79,10,39,9,0,5,19,6
S01012374,65 to 74,48,25,23,2,23,6,0,1,5,11
S01012374,75 to 84,53,21,19,2,32,3,0,0,2,27
S01012374,85 and over,16,3,3,0,13,0,0,0,1,12
S01012375,All HRPs,429,220,174,46,209,72,4,18,47,68
S01012375,24 and under,24,8,2,6,16,15,0,1,0,0
S01012375,25 to 34,55,30,16,14,25,22,0,3,0,0
S01012375,35 to 49,116,67,47,20,49,17,0,6,26,0
S01012375,50 to 64,103,66,61,5,37,9,1,7,11,9
S01012375,65 to 74,58,27,26,1,31,2,0,1,7,21
S01012375,75 to 84,60,21,21,0,39,5,3,0,2,29
S01012375,85 and over,13,1,1,0,12,2,0,0,1,9
S01012376,All HRPs,407,271,245,26,136,47,7,18,26,38
S01012376,24 and under,5,2,0,2,3,3,0,0,0,0
S01012376,25 to 34,15,6,4,2,9,5,0,4,0,0
S01012376,35 to 49,128,82,76,6,46,20,5,7,8,6
S01012376,50 to 64,145,108,98,10,37,14,1,5,12,5
S01012376,65 to 74,70,55,51,4,15,1,0,1,5,8
S01012376,75 to 84,35,15,14,1,20,4,1,1,1,13
S01012376,85 and over,9,3,2,1,6,0,0,0,0,6
S01012377,All HRPs,324,193,176,17,131,51,4,11,35,30
S01012377,24 and under,7,1,0,1,6,5,0,0,1,0
S01012377,25 to 34,22,9,6,3,13,12,0,0,1,0
S01012377,35 to 49,76,43,39,4,33,16,4,6,6,1
S01012377,50 to 64,121,83,75,8,38,15,0,3,14,6
S01012377,65 to 74,56,35,34,1,21,2,0,1,10,8
S01012377,75 to 84,30,18,18,0,12,0,0,1,2,9
S01012377,85 and over,12,4,4,0,8,1,0,0,1,6
S01012378,All HRPs,250,180,158,22,70,19,1,13,15,22
S01012378,24 and under,5,0,0,0,5,5,0,0,0,0
S01012378,25 to 34,15,10,4,6,5,4,0,0,1,0
S01012378,35 to 49,59,41,34,7,18,8,0,6,3,1
S01012378,50 to 64,98,75,68,7,23,0,0,5,10,8
S01012378,65 to 74,48,39,37,2,9,1,0,1,1,6
S01012378,75 to 84,20,12,12,0,8,1,1,1,0,5
S01012378,85 and over,5,3,3,0,2,0,0,0,0,2
S01012379,All HRPs,227,148,110,38,79,27,3,12,17,20
S01012379,24 and under,7,4,0,4,3,3,0,0,0,0
S01012379,25 to 34,19,14,2,12,5,5,0,0,0,0
S01012379,35 to 49,63,44,30,14,19,8,0,6,5,0
S01012379,50 to 64,65,47,41,6,18,6,2,3,5,2
S01012379,65 to 74,50,31,29,2,19,5,1,2,5,6
S01012379,75 to 84,19,7,7,0,12,0,0,1,2,9
S01012379,85 and over,4,1,1,0,3,0,0,0,0,3
S01012380,All HRPs,423,216,169,47,207,89,1,20,56,41
S01012380,24 and under,8,3,2,1,5,5,0,0,0,0
S01012380,25 to 34,57,30,11,19,27,26,0,1,0,0
S01012380,35 to 49,133,67,47,20,66,31,1,9,23,2
S01012380,50 to 64,131,77,71,6,54,14,0,7,25,8
S01012380,65 to 74,48,19,18,1,29,6,0,2,6,15
S01012380,75 to 84,39,16,16,0,23,7,0,1,2,13
S01012380,85 and over,7,4,4,0,3,0,0,0,0,3
S01012381,All HRPs,456,183,155,28,273,92,4,19,59,99
S01012381,24 and under,13,6,0,6,7,7,0,0,0,0
S01012381,25 to 34,41,11,5,6,30,25,0,5,0,0
S01012381,35 to 49,102,53,44,9,49,28,2,6,13,0
S01012381,50 to 64,101,54,47,7,47,14,0,5,23,5
S01012381,65 to 74,74,33,33,0,41,3,0,3,14,21
S01012381,75 to 84,78,18,18,0,60,10,2,0,9,39
S01012381,85 and over,47,8,8,0,39,5,0,0,0,34
S01012382,All HRPs,437,279,250,29,158,44,0,21,33,60
S01012382,24 and under,2,0,0,0,2,2,0,0,0,0
S01012382,25 to 34,30,16,10,6,14,12,0,2,0,0
S01012382,35 to 49,103,82,69,13,21,8,0,6,7,0
S01012382,50 to 64,164,109,102,7,55,14,0,9,19,13
S01012382,65 to 74,70,46,44,2,24,6,0,2,5,11
S01012382,75 to 84,54,25,25,0,29,0,0,2,2,25
S01012382,85 and over,14,1,0,1,13,2,0,0,0,11
S01012383,All HRPs,424,233,196,37,191,62,6,15,36,72
S01012383,24 and under,5,3,0,3,2,2,0,0,0,0
S01012383,25 to 34,32,21,9,12,11,11,0,0,0,0
S01012383,35 to 49,81,44,35,9,37,21,2,7,7,0
S01012383,50 to 64,145,91,82,9,54,12,1,8,22,11
S01012383,65 to 74,72,42,38,4,30,6,1,0,6,17
S01012383,75 to 84,63,29,29,0,34,6,2,0,1,25
S01012383,85 and over,26,3,3,0,23,4,0,0,0,19
S01012384,All HRPs,267,129,97,32,138,60,2,11,24,41
S01012384,24 and under,22,6,0,6,16,16,0,0,0,0
S01012384,25 to 34,31,14,6,8,17,16,0,1,0,0
S01012384,35 to 49,60,38,26,12,22,11,0,5,6,0
S01012384,50 to 64,71,41,36,5,30,10,1,4,13,2
S01012384,65 to 74,37,20,20,0,17,3,1,1,4,8
S01012384,75 to 84,27,5,5,0,22,1,0,0,1,20
S01012384,85 and over,19,5,4,1,14,3,0,0,0,11
S01012385,All HRPs,332,187,151,36,145,78,3,10,32,22
S01012385,24 and under,19,7,1,6,12,12,0,0,0,0
S01012385,25 to 34,42,13,6,7,29,27,0,0,2,0
S01012385,35 to 49,99,61,47,14,38,26,0,5,7,0
S01012385,50 to 64,104,69,60,9,35,9,2,5,19,0
S01012385,65 to 74,34,24,24,0,10,2,0,0,2,6
S01012385,75 to 84,25,9,9,0,16,2,1,0,1,12
S01012385,85 and over,9,4,4,0,5,0,0,0,1,4
S01012386,All HRPs,440,209,164,45,231,96,3,23,62,47
S01012386,24 and under,19,8,2,6,11,10,1,0,0,0
S01012386,25 to 34,72,26,13,13,46,36,0,2,8,0
S01012386,35 to 49,137,69,48,21,68,29,1,17,20,1
S01012386,50 to 64,112,64,60,4,48,8,1,2,24,13
S01012386,65 to 74,52,26,26,0,26,8,0,1,7,10
S01012386,75 to 84,34,13,13,0,21,5,0,1,2,13
S01012386,85 and over,14,3,2,1,11,0,0,0,1,10
S01012387,All HRPs,407,248,206,42,159,57,6,16,40,40
S01012387,24 and under,7,3,0,3,4,4,0,0,0,0
S01012387,25 to 34,41,26,9,17,15,10,0,4,1,0
S01012387,35 to 49,107,74,58,16,33,17,1,3,11,1
S01012387,50 to 64,143,95,90,5,48,13,3,8,20,4
S01012387,65 to 74,64,30,30,0,34,9,1,1,8,15
S01012387,75 to 84,31,15,14,1,16,3,1,0,0,12
S01012387,85 and over,14,5,5,0,9,1,0,0,0,8
S01012388,All HRPs,306,196,172,24,110,51,0,13,22,24
S01012388,24 and under,6,1,1,0,5,5,0,0,0,0
S01012388,25 to 34,29,22,12,10,7,7,0,0,0,0
S01012388,35 to 49,88,57,50,7,31,19,0,5,7,0
S01012388,50 to 64,108,81,75,6,27,6,0,5,11,5
S01012388,65 to 74,38,19,19,0,19,6,0,2,3,8
S01012388,75 to 84,28,12,12,0,16,7,0,1,1,7
S01012388,85 and over,9,4,3,1,5,1,0,0,0,4
S01012389,All HRPs,339,215,176,39,124,56,2,11,27,28
S01012389,24 and under,4,3,0,3,1,1,0,0,0,0
S01012389,25 to 34,43,25,15,10,18,17,0,1,0,0
S01012389,35 to 49,123,89,67,22,34,22,0,3,8,1
S01012389,50 to 64,109,71,68,3,38,11,1,7,16,3
S01012389,65 to 74,33,18,17,1,15,4,0,0,3,8
S01012389,75 to 84,21,8,8,0,13,0,1,0,0,12
S01012389,85 and over,6,1,1,0,5,1,0,0,0,4
S01012390,All HRPs,307,193,160,33,114,39,5,9,23,38
S01012390,24 and under,7,4,1,3,3,3,0,0,0,0
S01012390,25 to 34,22,14,5,9,8,7,0,1,0,0
S01012390,35 to 49,102,77,62,15,25,15,2,1,6,1
S01012390,50 to 64,102,66,63,3,36,11,1,5,11,8
S01012390,65 to 74,44,22,19,3,22,3,2,2,6,9
S01012390,75 to 84,21,9,9,0,12,0,0,0,0,12
S01012390,85 and over,9,1,1,0,8,0,0,0,0,8
S01012391,All HRPs,412,288,233,55,124,53,1,17,25,28
S01012391,24 and under,8,4,0,4,4,4,0,0,0,0
S01012391,25 to 34,53,36,16,20,17,13,1,0,3,0
S01012391,35 to 49,172,137,117,20,35,18,0,7,9,1
S01012391,50 to 64,107,71,61,10,36,11,0,9,11,5
S01012391,65 to 74,47,31,30,1,16,2,0,1,2,11
S01012391,75 to 84,19,7,7,0,12,5,0,0,0,7
S01012391,85 and over,6,2,2,0,4,0,0,0,0,4
S01012392,All HRPs,327,178,147,31,149,79,1,12,32,25
S01012392,24 and under,24,2,0,2,22,22,0,0,0,0
S01012392,25 to 34,48,19,7,12,29,23,0,5,1,0
S01012392,35 to 49,100,64,48,16,36,18,0,4,14,0
S01012392,50 to 64,92,60,59,1,32,11,0,2,14,5
S01012392,65 to 74,37,20,20,0,17,5,1,1,3,7
S01012392,75 to 84,17,9,9,0,8,0,0,0,0,8
S01012392,85 and over,9,4,4,0,5,0,0,0,0,5
S01012393,All HRPs,377,223,178,45,154,52,7,14,41,40
S01012393,24 and under,9,3,1,2,6,6,0,0,0,0
S01012393,25 to 34,38,23,12,11,15,12,0,0,3,0
S01012393,35 to 49,111,62,42,20,49,22,4,7,16,0
S01012393,50 to 64,134,94,83,11,40,6,3,7,17,7
S01012393,65 to 74,48,32,31,1,16,4,0,0,3,9
S01012393,75 to 84,31,9,9,0,22,2,0,0,1,19
S01012393,85 and over,6,0,0,0,6,0,0,0,1,5
S01012394,All HRPs,276,133,93,40,143,71,1,10,38,23
S01012394,24 and under,30,8,1,7,22,21,0,0,0,1
S01012394,25 to 34,37,16,9,7,21,16,0,1,3,1
S01012394,35 to 49,80,39,21,18,41,25,0,5,10,1
S01012394,50 to 64,78,41,34,7,37,7,1,4,19,6
S01012394,65 to 74,29,18,17,1,11,0,0,0,5,6
S01012394,75 to 84,15,8,8,0,7,1,0,0,1,5
S01012394,85 and over,7,3,3,0,4,1,0,0,0,3
S01012395,All HRPs,279,138,106,32,141,62,1,10,24,44
S01012395,24 and under,8,1,0,1,7,7,0,0,0,0
S01012395,25 to 34,37,19,9,10,18,16,0,1,1,0
S01012395,35 to 49,76,43,30,13,33,20,0,7,6,0
S01012395,50 to 64,70,39,33,6,31,9,0,2,14,6
S01012395,65 to 74,36,14,14,0,22,6,0,0,3,13
S01012395,75 to 84,39,20,18,2,19,3,1,0,0,15
S01012395,85 and over,13,2,2,0,11,1,0,0,0,10
S01012396,All HRPs,312,144,90,54,168,83,3,9,30,43
S01012396,24 and under,17,8,0,8,9,9,0,0,0,0
S01012396,25 to 34,49,22,4,18,27,25,0,0,1,1
S01012396,35 to 49,80,42,21,21,38,18,2,6,12,0
S01012396,50 to 64,76,35,29,6,41,18,1,3,13,6
S01012396,65 to 74,37,18,18,0,19,7,0,0,2,10
S01012396,75 to 84,40,15,14,1,25,6,0,0,1,18
S01012396,85 and over,13,4,4,0,9,0,0,0,1,8
S01012397,All HRPs,418,197,155,42,221,77,4,25,46,69
S01012397,24 and under,16,5,1,4,11,11,0,0,0,0
S01012397,25 to 34,35,15,4,11,20,20,0,0,0,0
S01012397,35 to 49,105,50,33,17,55,24,2,14,14,1
S01012397,50 to 64,112,64,54,10,48,8,1,8,21,10
S01012397,65 to 74,76,36,36,0,40,11,1,3,8,17
S01012397,75 to 84,51,21,21,0,30,2,0,0,3,25
S01012397,85 and over,23,6,6,0,17,1,0,0,0,16
S01012398,All HRPs,432,183,129,54,249,132,8,13,37,59
S01012398,24 and under,30,8,0,8,22,21,1,0,0,0
S01012398,25 to 34,73,36,11,25,37,36,0,0,1,0
S01012398,35 to 49,113,47,38,9,66,46,1,6,13,0
S01012398,50 to 64,112,63,52,11,49,15,3,7,16,8
S01012398,65 to 74,32,8,8,0,24,4,1,0,5,14
S01012398,75 to 84,46,16,15,1,30,9,2,0,2,17
S01012398,85 and over,26,5,5,0,21,1,0,0,0,20
S01012399,All HRPs,287,135,86,49,152,57,3,8,43,41
S01012399,24 and under,16,8,0,8,8,7,0,1,0,0
S01012399,25 to 34,34,19,7,12,15,14,0,0,0,1
S01012399,35 to 49,74,34,20,14,40,18,0,5,17,0
S01012399,50 to 64,75,42,29,13,33,11,3,1,16,2
S01012399,65 to 74,45,17,15,2,28,3,0,1,7,17
S01012399,75 to 84,29,12,12,0,17,2,0,0,3,12
S01012399,85 and over,14,3,3,0,11,2,0,0,0,9
S01012400,All HRPs,274,121,90,31,153,71,9,11,41,21
S01012400,24 and under,30,6,0,6,24,22,0,2,0,0
S01012400,25 to 34,38,19,8,11,19,17,0,1,1,0
S01012400,35 to 49,98,42,30,12,56,28,8,3,16,1
S01012400,50 to 64,52,27,25,2,25,2,1,4,15,3
S01012400,65 to 74,32,16,16,0,16,1,0,1,6,8
S01012400,75 to 84,18,9,9,0,9,0,0,0,3,6
S01012400,85 and over,6,2,2,0,4,1,0,0,0,3
S01012401,All HRPs,408,166,110,56,242,138,8,9,52,35
S01012401,24 and under,57,16,2,14,41,41,0,0,0,0
S01012401,25 to 34,55,17,5,12,38,32,1,2,3,0
S01012401,35 to 49,110,43,28,15,67,45,4,3,13,2
S01012401,50 to 64,108,54,43,11,54,16,2,4,24,8
S01012401,65 to 74,45,25,22,3,20,1,1,0,9,9
S01012401,75 to 84,28,10,9,1,18,2,0,0,3,13
S01012401,85 and over,5,1,1,0,4,1,0,0,0,3
S01012402,All HRPs,184,113,91,22,71,28,3,12,10,18
S01012402,24 and under,3,1,0,1,2,2,0,0,0,0
S01012402,25 to 34,19,11,7,4,8,7,0,0,1,0
S01012402,35 to 49,66,46,34,12,20,10,2,6,1,1
S01012402,50 to 64,68,45,40,5,23,7,1,5,7,3
S01012402,65 to 74,12,5,5,0,7,1,0,1,1,4
S01012402,75 to 84,16,5,5,0,11,1,0,0,0,10
S01012402,85 and over,0,0,0,0,0,0,0,0,0,0
S01012403,All HRPs,437,278,225,53,159,69,4,10,30,46
S01012403,24 and under,13,7,1,6,6,6,0,0,0,0
S01012403,25 to 34,62,46,20,26,16,11,1,2,2,0
S01012403,35 to 49,117,75,62,13,42,27,0,4,11,0
S01012403,50 to 64,140,104,96,8,36,12,1,4,13,6
S01012403,65 to 74,51,30,30,0,21,8,0,0,3,10
S01012403,75 to 84,40,14,14,0,26,2,1,0,1,22
S01012403,85 and over,14,2,2,0,12,3,1,0,0,8
S01012404,All HRPs,448,216,155,61,232,107,9,16,48,52
S01012404,24 and under,16,2,0,2,14,14,0,0,0,0
S01012404,25 to 34,69,39,10,29,30,25,1,1,2,1
S01012404,35 to 49,115,62,44,18,53,30,4,7,12,0
S01012404,50 to 64,138,72,61,11,66,19,2,8,26,11
S01012404,65 to 74,50,21,20,1,29,15,1,0,6,7
S01012404,75 to 84,45,17,17,0,28,4,1,0,1,22
S01012404,85 and over,15,3,3,0,12,0,0,0,1,11
S01012405,All HRPs,274,194,161,33,80,24,2,12,20,22
S01012405,24 and under,4,1,0,1,3,3,0,0,0,0
S01012405,25 to 34,25,19,10,9,6,6,0,0,0,0
S01012405,35 to 49,115,83,68,15,32,10,2,6,14,0
S01012405,50 to 64,80,60,55,5,20,3,0,6,6,5
S01012405,65 to 74,29,25,23,2,4,0,0,0,0,4
S01012405,75 to 84,12,5,5,0,7,1,0,0,0,6
S01012405,85 and over,9,1,0,1,8,1,0,0,0,7
S01012406,All HRPs,260,161,130,31,99,42,4,7,20,26
S01012406,24 and under,4,0,0,0,4,4,0,0,0,0
S01012406,25 to 34,34,24,13,11,10,7,1,1,1,0
S01012406,35 to 49,65,50,38,12,15,8,0,3,4,0
S01012406,50 to 64,89,57,51,6,32,13,3,3,11,2
S01012406,65 to 74,38,17,16,1,21,6,0,0,4,11
S01012406,75 to 84,24,11,10,1,13,4,0,0,0,9
S01012406,85 and over,6,2,2,0,4,0,0,0,0,4
S01012407,All HRPs,335,200,164,36,135,48,6,9,34,38
S01012407,24 and under,8,6,0,6,2,2,0,0,0,0
S01012407,25 to 34,43,27,18,9,16,15,0,0,1,0
S01012407,35 to 49,105,69,58,11,36,15,1,5,15,0
S01012407,50 to 64,95,63,55,8,32,8,2,3,12,7
S01012407,65 to 74,43,25,24,1,18,3,1,1,6,7
S01012407,75 to 84,26,8,7,1,18,4,2,0,0,12
S01012407,85 and over,15,2,2,0,13,1,0,0,0,12
S01012408,All HRPs,250,166,138,28,84,28,3,7,19,27
S01012408,24 and under,9,4,1,3,5,5,0,0,0,0
S01012408,25 to 34,13,12,9,3,1,1,0,0,0,0
S01012408,35 to 49,83,62,50,12,21,7,1,3,8,2
S01012408,50 to 64,80,52,42,10,28,8,2,4,9,5
S01012408,65 to 74,36,23,23,0,13,4,0,0,2,7
S01012408,75 to 84,22,11,11,0,11,3,0,0,0,8
S01012408,85 and over,7,2,2,0,5,0,0,0,0,5
S01012409,All HRPs,311,170,137,33,141,57,8,8,26,42
S01012409,24 and under,8,3,1,2,5,5,0,0,0,0
S01012409,25 to 34,36,19,10,9,17,17,0,0,0,0
S01012409,35 to 49,83,55,42,13,28,9,2,5,10,2
S01012409,50 to 64,92,57,51,6,35,16,4,2,11,2
S01012409,65 to 74,43,20,20,0,23,8,1,0,3,11
S01012409,75 to 84,37,12,10,2,25,2,0,1,2,20
S01012409,85 and over,12,4,3,1,8,0,1,0,0,7
S01012410,All HRPs,420,261,192,69,159,69,11,16,37,26
S01012410,24 and under,21,10,1,9,11,11,0,0,0,0
S01012410,25 to 34,58,39,20,19,19,16,0,2,1,0
S01012410,35 to 49,124,85,60,25,39,13,2,7,15,2
S01012410,50 to 64,139,88,74,14,51,17,8,5,19,2
S01012410,65 to 74,47,29,27,2,18,6,0,1,2,9
S01012410,75 to 84,20,8,8,0,12,4,1,1,0,6
S01012410,85 and over,11,2,2,0,9,2,0,0,0,7
S01012411,All HRPs,410,216,169,47,194,72,7,26,53,36
S01012411,24 and under,14,7,1,6,7,7,0,0,0,0
S01012411,25 to 34,55,33,14,19,22,17,0,2,3,0
S01012411,35 to 49,133,64,56,8,69,31,4,12,22,0
S01012411,50 to 64,138,82,72,10,56,11,1,10,20,14
S01012411,65 to 74,39,15,11,4,24,4,1,2,7,10
S01012411,75 to 84,23,10,10,0,13,2,1,0,1,9
S01012411,85 and over,8,5,5,0,3,0,0,0,0,3
S01012412,All HRPs,281,163,136,27,118,46,4,8,25,35
S01012412,24 and under,5,3,1,2,2,2,0,0,0,0
S01012412,25 to 34,32,20,13,7,12,9,0,2,1,0
S01012412,35 to 49,61,45,32,13,16,10,1,1,3,1
S01012412,50 to 64,105,64,60,4,41,15,1,5,16,4
S01012412,65 to 74,36,21,20,1,15,4,0,0,5,6
S01012412,75 to 84,24,7,7,0,17,2,1,0,0,14
S01012412,85 and over,18,3,3,0,15,4,1,0,0,10
S01012413,All HRPs,419,273,229,44,146,64,2,9,13,58
S01012413,24 and under,2,1,0,1,1,1,0,0,0,0
S01012413,25 to 34,34,26,15,11,8,8,0,0,0,0
S01012413,35 to 49,100,78,59,19,22,12,1,7,1,1
S01012413,50 to 64,131,94,86,8,37,20,1,2,9,5
S01012413,65 to 74,75,47,43,4,28,10,0,0,3,15
S01012413,75 to 84,63,26,25,1,37,10,0,0,0,27
S01012413,85 and over,14,1,1,0,13,3,0,0,0,10
S01012414,All HRPs,341,176,155,21,165,60,2,10,32,61
S01012414,24 and under,3,1,0,1,2,2,0,0,0,0
S01012414,25 to 34,28,15,8,7,13,12,0,1,0,0
S01012414,35 to 49,76,49,42,7,27,20,0,1,5,1
S01012414,50 to 64,113,68,63,5,45,13,2,5,17,8
S01012414,65 to 74,69,32,32,0,37,6,0,3,5,23
S01012414,75 to 84,30,9,8,1,21,4,0,0,4,13
S01012414,85 and over,22,2,2,0,20,3,0,0,1,16
S01012415,All HRPs,203,147,129,18,56,23,2,2,7,22
S01012415,24 and under,3,1,0,1,2,2,0,0,0,0
S01012415,25 to 34,27,18,10,8,9,8,0,0,1,0
S01012415,35 to 49,56,48,39,9,8,5,0,0,2,1
S01012415,50 to 64,49,40,40,0,9,4,1,0,2,2
S01012415,65 to 74,36,28,28,0,8,2,0,1,2,3
S01012415,75 to 84,24,12,12,0,12,1,0,1,0,10
S01012415,85 and over,8,0,0,0,8,1,1,0,0,6
S01012416,All HRPs,216,149,132,17,67,29,5,5,6,22
S01012416,24 and under,2,1,0,1,1,1,0,0,0,0
S01012416,25 to 34,17,10,5,5,7,7,0,0,0,0
S01012416,35 to 49,51,43,35,8,8,5,0,2,0,1
S01012416,50 to 64,65,49,47,2,16,8,2,1,4,1
S01012416,65 to 74,44,28,27,1,16,5,0,2,2,7
S01012416,75 to 84,30,17,17,0,13,3,2,0,0,8
S01012416,85 and over,7,1,1,0,6,0,1,0,0,5
S01012417,All HRPs,299,172,151,21,127,43,1,13,21,49
S01012417,24 and under,3,2,0,2,1,1,0,0,0,0
S01012417,25 to 34,23,17,13,4,6,5,0,0,1,0
S01012417,35 to 49,54,34,30,4,20,11,0,1,8,0
S01012417,50 to 64,96,58,53,5,38,14,1,7,9,7
S01012417,65 to 74,65,42,36,6,23,4,0,4,2,13
S01012417,75 to 84,42,17,17,0,25,3,0,1,1,20
S01012417,85 and over,16,2,2,0,14,5,0,0,0,9
S01012418,All HRPs,343,223,193,30,120,41,1,13,24,41
S01012418,24 and under,7,2,0,2,5,5,0,0,0,0
S01012418,25 to 34,19,16,7,9,3,3,0,0,0,0
S01012418,35 to 49,79,51,43,8,28,17,0,6,4,1
S01012418,50 to 64,117,83,74,9,34,10,0,7,11,6
S01012418,65 to 74,71,50,49,1,21,2,1,0,7,11
S01012418,75 to 84,35,18,17,1,17,1,0,0,2,14
S01012418,85 and over,15,3,3,0,12,3,0,0,0,9
S01012419,All HRPs,313,218,184,34,95,26,3,9,22,35
S01012419,24 and under,4,1,1,0,3,3,0,0,0,0
S01012419,25 to 34,19,14,6,8,5,4,0,1,0,0
S01012419,35 to 49,82,67,51,16,15,6,0,7,2,0
S01012419,50 to 64,91,67,58,9,24,5,3,1,13,2
S01012419,65 to 74,72,50,50,0,22,4,0,0,6,12
S01012419,75 to 84,35,16,16,0,19,4,0,0,1,14
S01012419,85 and over,10,3,2,1,7,0,0,0,0,7
S01012420,All HRPs,362,208,162,46,154,53,3,13,32,53
S01012420,24 and under,16,9,3,6,7,7,0,0,0,0
S01012420,25 to 34,30,16,8,8,14,14,0,0,0,0
S01012420,35 to 49,93,59,43,16,34,20,0,7,6,1
S01012420,50 to 64,112,78,65,13,34,5,1,6,16,6
S01012420,65 to 74,57,31,29,2,26,5,0,0,5,16
S01012420,75 to 84,39,11,10,1,28,2,2,0,5,19
S01012420,85 and over,15,4,4,0,11,0,0,0,0,11
S01012421,All HRPs,325,182,159,23,143,46,4,17,24,52
S01012421,24 and under,6,2,0,2,4,4,0,0,0,0
S01012421,25 to 34,22,9,7,2,13,11,1,1,0,0
S01012421,35 to 49,89,52,42,10,37,15,2,8,12,0
S01012421,50 to 64,86,61,53,8,25,5,1,8,8,3
S01012421,65 to 74,59,41,40,1,18,5,0,0,2,11
S01012421,75 to 84,34,13,13,0,21,3,0,0,0,18
S01012421,85 and over,29,4,4,0,25,3,0,0,2,20
S01012422,All HRPs,402,223,186,37,179,54,7,26,35,57
S01012422,24 and under,12,3,0,3,9,9,0,0,0,0
S01012422,25 to 34,24,11,6,5,13,10,0,3,0,0
S01012422,35 to 49,104,60,46,14,44,18,3,14,9,0
S01012422,50 to 64,132,90,77,13,42,10,3,9,13,7
S01012422,65 to 74,67,38,37,1,29,4,0,0,8,17
S01012422,75 to 84,46,19,18,1,27,2,1,0,4,20
S01012422,85 and over,17,2,2,0,15,1,0,0,1,13
S01012423,All HRPs,346,232,191,41,114,32,4,8,28,42
S01012423,24 and under,5,4,1,3,1,1,0,0,0,0
S01012423,25 to 34,19,13,3,10,6,5,0,1,0,0
S01012423,35 to 49,88,65,48,17,23,12,1,6,4,0
S01012423,50 to 64,126,96,88,8,30,7,1,1,13,8
S01012423,65 to 74,55,28,26,2,27,5,0,0,9,13
S01012423,75 to 84,41,22,21,1,19,0,2,0,2,15
S01012423,85 and over,12,4,4,0,8,2,0,0,0,6
S01012424,All HRPs,414,232,180,52,182,59,3,9,43,68
S01012424,24 and under,10,2,0,2,8,8,0,0,0,0
S01012424,25 to 34,53,33,17,16,20,18,0,0,2,0
S01012424,35 to 49,113,68,43,25,45,22,2,5,13,3
S01012424,50 to 64,126,82,76,6,44,11,1,3,22,7
S01012424,65 to 74,38,27,24,3,11,0,0,0,5,6
S01012424,75 to 84,62,20,20,0,42,0,0,1,1,40
S01012424,85 and over,12,0,0,0,12,0,0,0,0,12
S01012425,All HRPs,307,123,97,26,184,82,0,14,45,43
S01012425,24 and under,12,2,0,2,10,10,0,0,0,0
S01012425,25 to 34,38,22,12,10,16,16,0,0,0,0
S01012425,35 to 49,71,27,20,7,44,28,0,6,9,1
S01012425,50 to 64,82,38,34,4,44,14,0,4,21,5
S01012425,65 to 74,48,19,17,2,29,7,0,3,10,9
S01012425,75 to 84,46,15,14,1,31,5,0,1,4,21
S01012425,85 and over,10,0,0,0,10,2,0,0,1,7
S01012426,All HRPs,237,96,70,26,141,71,1,8,29,32
S01012426,24 and under,16,4,0,4,12,12,0,0,0,0
S01012426,25 to 34,35,13,7,6,22,20,0,1,1,0
S01012426,35 to 49,65,31,19,12,34,21,0,5,8,0
S01012426,50 to 64,59,23,19,4,36,13,0,1,16,6
S01012426,65 to 74,30,11,11,0,19,4,1,1,4,9
S01012426,75 to 84,24,13,13,0,11,1,0,0,0,10
S01012426,85 and over,8,1,1,0,7,0,0,0,0,7
S01012427,All HRPs,300,144,96,48,156,63,0,24,38,31
S01012427,24 and under,19,10,0,10,9,8,0,1,0,0
S01012427,25 to 34,40,24,4,20,16,10,0,6,0,0
S01012427,35 to 49,79,38,26,12,41,26,0,5,9,1
S01012427,50 to 64,80,40,36,4,40,10,0,10,17,3
S01012427,65 to 74,52,22,20,2,30,4,0,1,9,16
S01012427,75 to 84,26,10,10,0,16,3,0,1,2,10
S01012427,85 and over,4,0,0,0,4,2,0,0,1,1
S01012428,All HRPs,286,179,140,39,107,22,1,16,24,44
S01012428,24 and under,9,8,1,7,1,1,0,0,0,0
S01012428,25 to 34,21,11,5,6,10,7,0,3,0,0
S01012428,35 to 49,73,53,33,20,20,8,1,7,4,0
S01012428,50 to 64,85,59,53,6,26,4,0,4,13,5
S01012428,65 to 74,56,32,32,0,24,1,0,2,4,17
S01012428,75 to 84,37,15,15,0,22,1,0,0,2,19
S01012428,85 and over,5,1,1,0,4,0,0,0,1,3
S01012429,All HRPs,286,129,103,26,157,61,1,2,38,55
S01012429,24 and under,17,4,0,4,13,13,0,0,0,0
S01012429,25 to 34,19,5,2,3,14,12,0,1,1,0
S01012429,35 to 49,59,33,25,8,26,13,0,0,13,0
S01012429,50 to 64,85,52,44,8,33,10,1,1,18,3
S01012429,65 to 74,57,22,21,1,35,8,0,0,5,22
S01012429,75 to 84,33,11,9,2,22,3,0,0,1,18
S01012429,85 and over,16,2,2,0,14,2,0,0,0,12
S01012430,All HRPs,277,130,108,22,147,51,0,11,37,48
S01012430,24 and under,5,1,0,1,4,4,0,0,0,0
S01012430,25 to 34,20,11,6,5,9,9,0,0,0,0
S01012430,35 to 49,78,42,33,9,36,18,0,7,10,1
S01012430,50 to 64,74,39,34,5,35,9,0,3,18,5
S01012430,65 to 74,49,24,23,1,25,3,0,1,7,14
S01012430,75 to 84,34,11,10,1,23,5,0,0,1,17
S01012430,85 and over,17,2,2,0,15,3,0,0,1,11
S01012431,All HRPs,432,219,185,34,213,63,8,14,33,95
S01012431,24 and under,10,4,0,4,6,6,0,0,0,0
S01012431,25 to 34,23,16,8,8,7,6,0,0,1,0
S01012431,35 to 49,81,47,38,9,34,8,3,9,14,0
S01012431,50 to 64,127,84,74,10,43,20,2,3,8,10
S01012431,65 to 74,89,45,43,2,44,11,0,1,7,25
S01012431,75 to 84,60,18,17,1,42,8,3,0,3,28
S01012431,85 and over,42,5,5,0,37,4,0,1,0,32
S01012432,All HRPs,352,186,158,28,166,48,2,10,39,67
S01012432,24 and under,9,5,0,5,4,3,0,0,0,1
S01012432,25 to 34,15,11,2,9,4,3,1,0,0,0
S01012432,35 to 49,75,47,38,9,28,16,0,3,8,1
S01012432,50 to 64,101,53,51,2,48,13,0,4,24,7
S01012432,65 to 74,68,37,34,3,31,6,1,3,5,16
S01012432,75 to 84,64,26,26,0,38,4,0,0,2,32
S01012432,85 and over,20,7,7,0,13,3,0,0,0,10
S01012433,All HRPs,265,124,99,25,141,60,1,8,32,40
S01012433,24 and under,6,4,0,4,2,2,0,0,0,0
S01012433,25 to 34,26,12,4,8,14,13,0,1,0,0
S01012433,35 to 49,63,31,21,10,32,18,0,5,9,0
S01012433,50 to 64,72,40,38,2,32,14,0,1,11,6
S01012433,65 to 74,59,24,23,1,35,8,1,1,8,17
S01012433,75 to 84,30,11,11,0,19,3,0,0,3,13
S01012433,85 and over,9,2,2,0,7,2,0,0,1,4
S01012434,All HRPs,334,143,108,35,191,84,2,11,34,60
S01012434,24 and under,16,5,2,3,11,11,0,0,0,0
S01012434,25 to 34,51,20,8,12,31,30,0,0,1,0
S01012434,35 to 49,94,44,33,11,50,32,0,5,11,2
S01012434,50 to 64,73,40,33,7,33,5,0,6,14,8
S01012434,65 to 74,46,18,17,1,28,3,1,0,7,17
S01012434,75 to 84,39,12,11,1,27,1,1,0,0,25
S01012434,85 and over,15,4,4,0,11,2,0,0,1,8
S01012435,All HRPs,311,136,108,28,175,74,2,15,41,43
S01012435,24 and under,15,6,1,5,9,9,0,0,0,0
S01012435,25 to 34,54,23,12,11,31,29,0,1,1,0
S01012435,35 to 49,86,40,32,8,46,23,0,8,15,0
S01012435,50 to 64,84,47,44,3,37,7,0,6,16,8
S01012435,65 to 74,36,11,10,1,25,4,0,0,8,13
S01012435,75 to 84,30,9,9,0,21,2,2,0,1,16
S01012435,85 and over,6,0,0,0,6,0,0,0,0,6
S01012436,All HRPs,345,158,121,37,187,84,0,14,49,40
S01012436,24 and under,19,4,0,4,15,15,0,0,0,0
S01012436,25 to 34,44,19,6,13,25,25,0,0,0,0
S01012436,35 to 49,111,46,34,12,65,36,0,7,20,2
S01012436,50 to 64,90,50,44,6,40,4,0,6,22,8
S01012436,65 to 74,36,24,22,2,12,1,0,1,4,6
S01012436,75 to 84,37,13,13,0,24,2,0,0,2,20
S01012436,85 and over,8,2,2,0,6,1,0,0,1,4
S01012437,All HRPs,336,178,144,34,158,51,5,11,45,46
S01012437,24 and under,10,4,0,4,6,5,0,1,0,0
S01012437,25 to 34,32,20,9,11,12,9,1,1,1,0
S01012437,35 to 49,79,48,36,12,31,16,0,3,10,2
S01012437,50 to 64,109,68,63,5,41,9,1,5,17,9
S01012437,65 to 74,62,27,26,1,35,8,1,1,14,11
S01012437,75 to 84,34,9,8,1,25,3,1,0,2,19
S01012437,85 and over,10,2,2,0,8,1,1,0,1,5
S01012438,All HRPs,260,181,155,26,79,31,0,8,16,24
S01012438,24 and under,8,2,1,1,6,5,0,1,0,0
S01012438,25 to 34,39,33,19,14,6,5,0,1,0,0
S01012438,35 to 49,87,58,50,8,29,16,0,3,7,3
S01012438,50 to 64,76,58,55,3,18,3,0,3,8,4
S01012438,65 to 74,30,21,21,0,9,0,0,0,1,8
S01012438,75 to 84,13,7,7,0,6,1,0,0,0,5
S01012438,85 and over,7,2,2,0,5,1,0,0,0,4
S01012439,All HRPs,355,182,146,36,173,77,4,15,32,45
S01012439,24 and under,19,5,1,4,14,14,0,0,0,0
S01012439,25 to 34,63,32,9,23,31,29,0,1,1,0
S01012439,35 to 49,75,44,37,7,31,17,0,7,6,1
S01012439,50 to 64,96,64,63,1,32,6,0,4,21,1
S01012439,65 to 74,48,26,25,1,22,3,0,3,3,13
S01012439,75 to 84,31,8,8,0,23,8,4,0,1,10
S01012439,85 and over,23,3,3,0,20,0,0,0,0,20
S01012440,All HRPs,221,149,136,13,72,19,5,3,13,32
S01012440,24 and under,5,0,0,0,5,5,0,0,0,0
S01012440,25 to 34,7,6,3,3,1,1,0,0,0,0
S01012440,35 to 49,50,34,29,5,16,9,1,2,3,1
S01012440,50 to 64,92,75,70,5,17,2,2,1,8,4
S01012440,65 to 74,36,22,22,0,14,1,1,0,0,12
S01012440,75 to 84,25,12,12,0,13,1,1,0,2,9
S01012440,85 and over,6,0,0,0,6,0,0,0,0,6
S01012441,All HRPs,387,267,229,38,120,29,4,15,25,47
S01012441,24 and under,5,1,0,1,4,3,0,1,0,0
S01012441,25 to 34,21,13,4,9,8,7,0,1,0,0
S01012441,35 to 49,80,61,48,13,19,4,3,6,6,0
S01012441,50 to 64,168,137,122,15,31,8,0,5,12,6
S01012441,65 to 74,50,35,35,0,15,2,0,2,4,7
S01012441,75 to 84,37,16,16,0,21,4,0,0,1,16
S01012441,85 and over,26,4,4,0,22,1,1,0,2,18
S01012442,All HRPs,423,248,210,38,175,57,5,20,53,40
S01012442,24 and under,4,0,0,0,4,2,0,2,0,0
S01012442,25 to 34,43,23,13,10,20,16,0,2,2,0
S01012442,35 to 49,136,83,71,12,53,22,2,12,15,2
S01012442,50 to 64,130,82,67,15,48,11,2,4,24,7
S01012442,65 to 74,67,39,39,0,28,4,1,0,11,12
S01012442,75 to 84,34,18,17,1,16,2,0,0,1,13
S01012442,85 and over,9,3,3,0,6,0,0,0,0,6
S01012443,All HRPs,313,206,171,35,107,35,1,5,25,41
S01012443,24 and under,2,0,0,0,2,2,0,0,0,0
S01012443,25 to 34,31,18,9,9,13,11,0,1,1,0
S01012443,35 to 49,104,80,62,18,24,12,1,2,8,1
S01012443,50 to 64,88,66,58,8,22,4,0,2,10,6
S01012443,65 to 74,55,29,29,0,26,4,0,0,6,16
S01012443,75 to 84,28,11,11,0,17,2,0,0,0,15
S01012443,85 and over,5,2,2,0,3,0,0,0,0,3
S01012444,All HRPs,292,200,186,14,92,26,4,6,18,38
S01012444,24 and under,4,1,1,0,3,3,0,0,0,0
S01012444,25 to 34,18,11,7,4,7,5,1,0,1,0
S01012444,35 to 49,69,53,49,4,16,8,1,5,2,0
S01012444,50 to 64,99,77,73,4,22,4,1,1,9,7
S01012444,65 to 74,51,37,35,2,14,0,0,0,5,9
S01012444,75 to 84,35,19,19,0,16,2,0,0,1,13
S01012444,85 and over,16,2,2,0,14,4,1,0,0,9
S01012445,All HRPs,183,148,134,14,35,13,4,7,4,7
S01012445,24 and under,0,0,0,0,0,0,0,0,0,0
S01012445,25 to 34,21,18,14,4,3,1,0,1,1,0
S01012445,35 to 49,74,62,54,8,12,6,0,3,1,2
S01012445,50 to 64,54,43,41,2,11,5,2,3,1,0
S01012445,65 to 74,21,19,19,0,2,1,0,0,1,0
S01012445,75 to 84,11,6,6,0,5,0,1,0,0,4
S01012445,85 and over,2,0,0,0,2,0,1,0,0,1
S01012446,All HRPs,252,101,73,28,151,52,0,14,39,46
S01012446,24 and under,3,2,0,2,1,1,0,0,0,0
S01012446,25 to 34,39,17,4,13,22,21,0,0,1,0
S01012446,35 to 49,64,22,16,6,42,19,0,8,13,2
S01012446,50 to 64,65,31,26,5,34,8,0,5,17,4
S01012446,65 to 74,33,13,11,2,20,2,0,0,6,12
S01012446,75 to 84,33,13,13,0,20,1,0,1,1,17
S01012446,85 and over,15,3,3,0,12,0,0,0,1,11
S01012447,All HRPs,354,243,221,22,111,21,1,13,28,48
S01012447,24 and under,1,0,0,0,1,1,0,0,0,0
S01012447,25 to 34,32,24,14,10,8,6,0,0,2,0
S01012447,35 to 49,103,75,69,6,28,6,0,9,12,1
S01012447,50 to 64,103,76,73,3,27,5,0,3,9,10
S01012447,65 to 74,56,37,37,0,19,0,1,1,3,14
S01012447,75 to 84,50,29,26,3,21,3,0,0,1,17
S01012447,85 and over,9,2,2,0,7,0,0,0,1,6
S01012448,All HRPs,361,248,220,28,113,39,3,14,30,27
S01012448,24 and under,6,2,0,2,4,4,0,0,0,0
S01012448,25 to 34,31,24,16,8,7,6,0,1,0,0
S01012448,35 to 49,136,91,81,10,45,21,0,8,15,1
S01012448,50 to 64,111,85,78,7,26,5,1,3,12,5
S01012448,65 to 74,47,30,30,0,17,1,1,2,3,10
S01012448,75 to 84,24,14,13,1,10,2,0,0,0,8
S01012448,85 and over,6,2,2,0,4,0,1,0,0,3
S01012449,All HRPs,252,146,117,29,106,34,1,15,23,33
S01012449,24 and under,5,3,0,3,2,2,0,0,0,0
S01012449,25 to 34,41,27,13,14,14,14,0,0,0,0
S01012449,35 to 49,78,45,37,8,33,12,0,10,11,0
S01012449,50 to 64,63,42,39,3,21,3,0,5,8,5
S01012449,65 to 74,34,18,17,1,16,2,1,0,3,10
S01012449,75 to 84,26,10,10,0,16,0,0,0,1,15
S01012449,85 and over,5,1,1,0,4,1,0,0,0,3
S01012450,All HRPs,322,225,204,21,97,29,3,7,27,31
S01012450,24 and under,2,1,1,0,1,1,0,0,0,0
S01012450,25 to 34,24,14,7,7,10,9,0,0,1,0
S01012450,35 to 49,99,77,69,8,22,9,1,4,6,2
S01012450,50 to 64,114,84,80,4,30,6,1,3,13,7
S01012450,65 to 74,52,38,36,2,14,2,1,0,4,7
S01012450,75 to 84,22,9,9,0,13,2,0,0,2,9
S01012450,85 and over,9,2,2,0,7,0,0,0,1,6
S01012451,All HRPs,397,261,247,14,136,26,2,9,19,80
S01012451,24 and under,0,0,0,0,0,0,0,0,0,0
S01012451,25 to 34,4,3,3,0,1,1,0,0,0,0
S01012451,35 to 49,76,62,55,7,14,6,1,3,4,0
S01012451,50 to 64,111,82,79,3,29,10,1,4,7,7
S01012451,65 to 74,107,71,69,2,36,5,0,0,6,25
S01012451,75 to 84,73,38,36,2,35,4,0,1,2,28
S01012451,85 and over,26,5,5,0,21,0,0,1,0,20
S01012452,All HRPs,301,149,135,14,152,46,2,8,29,67
S01012452,24 and under,2,0,0,0,2,2,0,0,0,0
S01012452,25 to 34,28,10,8,2,18,14,0,3,1,0
S01012452,35 to 49,61,37,32,5,24,14,0,2,8,0
S01012452,50 to 64,77,50,44,6,27,10,1,1,11,4
S01012452,65 to 74,51,23,22,1,28,2,0,2,5,19
S01012452,75 to 84,62,23,23,0,39,4,0,0,2,33
S01012452,85 and over,20,6,6,0,14,0,1,0,2,11
S01012453,All HRPs,322,266,253,13,56,7,3,5,5,36
S01012453,24 and under,2,2,0,2,0,0,0,0,0,0
S01012453,25 to 34,14,13,9,4,1,0,1,0,0,0
S01012453,35 to 49,75,68,61,7,7,3,0,1,1,2
S01012453,50 to 64,124,112,112,0,12,1,0,2,2,7
S01012453,65 to 74,57,46,46,0,11,0,1,2,1,7
S01012453,75 to 84,32,20,20,0,12,0,1,0,1,10
S01012453,85 and over,18,5,5,0,13,3,0,0,0,10
S01012454,All HRPs,301,195,185,10,106,26,2,7,14,57
S01012454,24 and under,1,0,0,0,1,1,0,0,0,0
S01012454,25 to 34,6,3,2,1,3,3,0,0,0,0
S01012454,35 to 49,58,46,40,6,12,4,1,5,2,0
S01012454,50 to 64,89,65,62,3,24,6,0,2,6,10
S01012454,65 to 74,67,46,46,0,21,4,0,0,4,13
S01012454,75 to 84,67,32,32,0,35,6,0,0,2,27
S01012454,85 and over,13,3,3,0,10,2,1,0,0,7
S01012455,All HRPs,246,191,183,8,55,11,1,2,7,34
S01012455,24 and under,0,0,0,0,0,0,0,0,0,0
S01012455,25 to 34,5,3,2,1,2,2,0,0,0,0
S01012455,35 to 49,62,58,54,4,4,2,0,0,2,0
S01012455,50 to 64,79,63,60,3,16,4,0,2,3,7
S01012455,65 to 74,51,43,43,0,8,2,1,0,2,3
S01012455,75 to 84,35,19,19,0,16,0,0,0,0,16
S01012455,85 and over,14,5,5,0,9,1,0,0,0,8
S01012456,All HRPs,300,228,216,12,72,13,0,5,10,44
S01012456,24 and under,1,1,0,1,0,0,0,0,0,0
S01012456,25 to 34,7,6,4,2,1,1,0,0,0,0
S01012456,35 to 49,63,51,46,5,12,4,0,4,2,2
S01012456,50 to 64,105,88,86,2,17,5,0,0,4,8
S01012456,65 to 74,73,54,52,2,19,2,0,0,1,16
S01012456,75 to 84,36,21,21,0,15,1,0,1,3,10
S01012456,85 and over,15,7,7,0,8,0,0,0,0,8
S01012457,All HRPs,380,291,280,11,89,9,2,7,18,53
S01012457,24 and under,0,0,0,0,0,0,0,0,0,0
S01012457,25 to 34,7,5,4,1,2,1,0,0,1,0
S01012457,35 to 49,53,47,44,3,6,0,1,2,3,0
S01012457,50 to 64,144,117,112,5,27,6,0,4,9,8
S01012457,65 to 74,98,79,78,1,19,1,0,1,3,14
S01012457,75 to 84,70,40,40,0,30,1,1,0,2,26
S01012457,85 and over,8,3,2,1,5,0,0,0,0,5
S01012458,All HRPs,330,239,227,12,91,20,3,5,18,45
S01012458,24 and under,1,0,0,0,1,1,0,0,0,0
S01012458,25 to 34,9,8,8,0,1,1,0,0,0,0
S01012458,35 to 49,81,62,56,6,19,8,0,3,7,1
S01012458,50 to 64,101,82,76,6,19,6,0,1,6,6
S01012458,65 to 74,65,50,50,0,15,1,1,0,3,10
S01012458,75 to 84,60,30,30,0,30,3,2,1,1,23
S01012458,85 and over,13,7,7,0,6,0,0,0,1,5
S01012459,All HRPs,271,204,177,27,67,12,5,8,17,25
S01012459,24 and under,0,0,0,0,0,0,0,0,0,0
S01012459,25 to 34,23,17,11,6,6,3,0,2,1,0
S01012459,35 to 49,94,82,66,16,12,1,1,4,4,2
S01012459,50 to 64,88,69,64,5,19,3,2,1,9,4
S01012459,65 to 74,36,22,22,0,14,2,1,1,3,7
S01012459,75 to 84,23,13,13,0,10,3,1,0,0,6
S01012459,85 and over,7,1,1,0,6,0,0,0,0,6
S01012460,All HRPs,242,163,151,12,79,14,1,6,11,47
S01012460,24 and under,1,1,0,1,0,0,0,0,0,0
S01012460,25 to 34,8,7,3,4,1,1,0,0,0,0
S01012460,35 to 49,50,41,38,3,9,4,0,4,0,1
S01012460,50 to 64,72,55,51,4,17,3,0,2,6,6
S01012460,65 to 74,62,40,40,0,22,4,0,0,5,13
S01012460,75 to 84,35,17,17,0,18,1,0,0,0,17
S01012460,85 and over,14,2,2,0,12,1,1,0,0,10
S01012461,All HRPs,250,125,103,22,125,44,2,11,32,36
S01012461,24 and under,6,0,0,0,6,6,0,0,0,0
S01012461,25 to 34,33,18,10,8,15,12,0,0,3,0
S01012461,35 to 49,66,33,25,8,33,16,0,7,9,1
S01012461,50 to 64,61,36,31,5,25,5,1,2,14,3
S01012461,65 to 74,28,11,10,1,17,1,0,1,3,12
S01012461,75 to 84,44,24,24,0,20,3,1,1,2,13
S01012461,85 and over,12,3,3,0,9,1,0,0,1,7
S01012462,All HRPs,386,157,122,35,229,92,3,22,50,62
S01012462,24 and under,28,6,0,6,22,22,0,0,0,0
S01012462,25 to 34,34,13,5,8,21,20,1,0,0,0
S01012462,35 to 49,113,47,33,14,66,30,1,16,16,3
S01012462,50 to 64,87,48,41,7,39,11,1,6,17,4
S01012462,65 to 74,49,18,18,0,31,4,0,0,9,18
S01012462,75 to 84,69,24,24,0,45,4,0,0,8,33
S01012462,85 and over,6,1,1,0,5,1,0,0,0,4
S01012463,All HRPs,256,128,88,40,128,54,0,10,45,19
S01012463,24 and under,14,3,0,3,11,11,0,0,0,0
S01012463,25 to 34,30,12,2,10,18,18,0,0,0,0
S01012463,35 to 49,80,40,22,18,40,19,0,5,16,0
S01012463,50 to 64,72,42,34,8,30,3,0,4,21,2
S01012463,65 to 74,38,19,19,0,19,2,0,1,6,10
S01012463,75 to 84,19,10,9,1,9,1,0,0,2,6
S01012463,85 and over,3,2,2,0,1,0,0,0,0,1
S01012464,All HRPs,255,134,105,29,121,50,2,15,30,24
S01012464,24 and under,3,2,1,1,1,1,0,0,0,0
S01012464,25 to 34,44,16,7,9,28,27,0,0,1,0
S01012464,35 to 49,81,46,34,12,35,18,2,4,9,2
S01012464,50 to 64,93,55,50,5,38,3,0,11,20,4
S01012464,65 to 74,22,11,9,2,11,1,0,0,0,10
S01012464,75 to 84,11,4,4,0,7,0,0,0,0,7
S01012464,85 and over,1,0,0,0,1,0,0,0,0,1
S01012465,All HRPs,286,168,135,33,118,39,1,15,30,33
S01012465,24 and under,6,1,0,1,5,4,0,0,1,0
S01012465,25 to 34,43,26,13,13,17,13,0,2,2,0
S01012465,35 to 49,82,45,31,14,37,15,0,9,11,2
S01012465,50 to 64,92,60,57,3,32,5,1,3,12,11
S01012465,65 to 74,44,28,26,2,16,1,0,1,4,10
S01012465,75 to 84,15,5,5,0,10,1,0,0,0,9
S01012465,85 and over,4,3,3,0,1,0,0,0,0,1
S01012466,All HRPs,349,184,164,20,165,59,6,15,31,54
S01012466,24 and under,16,1,1,0,15,15,0,0,0,0
S01012466,25 to 34,24,13,4,9,11,10,0,0,1,0
S01012466,35 to 49,76,41,36,5,35,15,1,7,8,4
S01012466,50 to 64,107,72,67,5,35,10,2,4,15,4
S01012466,65 to 74,59,33,32,1,26,1,0,4,6,15
S01012466,75 to 84,47,18,18,0,29,4,2,0,1,22
S01012466,85 and over,20,6,6,0,14,4,1,0,0,9
S01012467,All HRPs,307,164,130,34,143,54,3,13,29,44
S01012467,24 and under,8,5,1,4,3,3,0,0,0,0
S01012467,25 to 34,43,18,8,10,25,25,0,0,0,0
S01012467,35 to 49,94,55,40,15,39,14,0,11,13,1
S01012467,50 to 64,71,45,40,5,26,7,2,2,8,7
S01012467,65 to 74,39,22,22,0,17,3,0,0,5,9
S01012467,75 to 84,36,16,16,0,20,2,1,0,2,15
S01012467,85 and over,16,3,3,0,13,0,0,0,1,12
S01012468,All HRPs,316,181,148,33,135,35,1,13,34,52
S01012468,24 and under,5,2,0,2,3,3,0,0,0,0
S01012468,25 to 34,26,16,8,8,10,9,0,1,0,0
S01012468,35 to 49,91,57,44,13,34,14,0,6,13,1
S01012468,50 to 64,94,62,53,9,32,6,1,6,11,8
S01012468,65 to 74,49,25,24,1,24,3,0,0,8,13
S01012468,75 to 84,34,16,16,0,18,0,0,0,2,16
S01012468,85 and over,17,3,3,0,14,0,0,0,0,14
S01012469,All HRPs,333,229,208,21,104,21,1,6,17,59
S01012469,24 and under,1,0,0,0,1,1,0,0,0,0
S01012469,25 to 34,8,6,4,2,2,2,0,0,0,0
S01012469,35 to 49,70,59,50,9,11,4,0,3,4,0
S01012469,50 to 64,125,98,91,7,27,5,1,3,11,7
S01012469,65 to 74,50,35,34,1,15,4,0,0,2,9
S01012469,75 to 84,60,27,25,2,33,3,0,0,0,30
S01012469,85 and over,19,4,4,0,15,2,0,0,0,13
S01012470,All HRPs,492,218,177,41,274,100,2,18,56,98
S01012470,24 and under,19,2,0,2,17,16,0,0,0,1
S01012470,25 to 34,44,22,6,16,22,21,0,0,1,0
S01012470,35 to 49,112,50,38,12,62,34,0,9,15,4
S01012470,50 to 64,138,72,62,10,66,16,0,7,30,13
S01012470,65 to 74,66,37,37,0,29,6,0,1,6,16
S01012470,75 to 84,96,32,31,1,64,4,2,1,4,53
S01012470,85 and over,17,3,3,0,14,3,0,0,0,11
S01012471,All HRPs,352,258,243,15,94,21,6,7,18,42
S01012471,24 and under,2,2,1,1,0,0,0,0,0,0
S01012471,25 to 34,11,6,4,2,5,3,1,1,0,0
S01012471,35 to 49,69,56,51,5,13,4,1,3,4,1
S01012471,50 to 64,121,100,94,6,21,4,2,3,9,3
S01012471,65 to 74,77,53,53,0,24,5,1,0,3,15
S01012471,75 to 84,56,33,32,1,23,5,1,0,2,15
S01012471,85 and over,16,8,8,0,8,0,0,0,0,8
S01012472,All HRPs,317,219,200,19,98,17,0,9,19,53
S01012472,24 and under,0,0,0,0,0,0,0,0,0,0
S01012472,25 to 34,12,8,3,5,4,2,0,2,0,0
S01012472,35 to 49,55,45,39,6,10,2,0,4,4,0
S01012472,50 to 64,98,74,66,8,24,6,0,2,8,8
S01012472,65 to 74,65,46,46,0,19,3,0,0,5,11
S01012472,75 to 84,65,35,35,0,30,3,0,1,1,25
S01012472,85 and over,22,11,11,0,11,1,0,0,1,9
S01012473,All HRPs,218,169,152,17,49,13,1,4,12,19
S01012473,24 and under,3,1,0,1,2,2,0,0,0,0
S01012473,25 to 34,7,7,5,2,0,0,0,0,0,0
S01012473,35 to 49,52,41,35,6,11,4,1,3,3,0
S01012473,50 to 64,84,71,64,7,13,4,0,1,7,1
S01012473,65 to 74,37,30,29,1,7,1,0,0,1,5
S01012473,75 to 84,29,16,16,0,13,2,0,0,1,10
S01012473,85 and over,6,3,3,0,3,0,0,0,0,3
S01012474,All HRPs,371,160,140,20,211,69,9,6,52,75
S01012474,24 and under,5,0,0,0,5,5,0,0,0,0
S01012474,25 to 34,18,7,2,5,11,9,0,0,1,1
S01012474,35 to 49,77,40,32,8,37,21,1,4,10,1
S01012474,50 to 64,115,63,59,4,52,14,2,1,25,10
S01012474,65 to 74,71,33,32,1,38,9,1,1,9,18
S01012474,75 to 84,59,14,12,2,45,7,3,0,7,28
S01012474,85 and over,26,3,3,0,23,4,2,0,0,17
S01012475,All HRPs,300,174,162,12,126,30,2,9,26,59
S01012475,24 and under,6,0,0,0,6,6,0,0,0,0
S01012475,25 to 34,18,10,5,5,8,8,0,0,0,0
S01012475,35 to 49,61,37,35,2,24,8,0,4,11,1
S01012475,50 to 64,87,60,57,3,27,7,1,4,10,5
S01012475,65 to 74,47,34,32,2,13,1,1,1,2,8
S01012475,75 to 84,53,23,23,0,30,0,0,0,2,28
S01012475,85 and over,28,10,10,0,18,0,0,0,1,17
S01012476,All HRPs,422,217,179,38,205,63,2,14,56,70
S01012476,24 and under,8,3,0,3,5,5,0,0,0,0
S01012476,25 to 34,59,30,17,13,29,25,0,2,2,0
S01012476,35 to 49,110,60,46,14,50,23,1,7,18,1
S01012476,50 to 64,108,61,54,7,47,4,0,4,26,13
S01012476,65 to 74,65,40,40,0,25,2,0,1,8,14
S01012476,75 to 84,41,16,15,1,25,4,0,0,1,20
S01012476,85 and over,31,7,7,0,24,0,1,0,1,22
S01012477,All HRPs,283,196,177,19,87,21,3,11,19,33
S01012477,24 and under,2,0,0,0,2,1,0,1,0,0
S01012477,25 to 34,16,13,7,6,3,0,2,1,0,0
S01012477,35 to 49,74,45,39,6,29,11,0,7,10,1
S01012477,50 to 64,110,87,80,7,23,6,0,2,6,9
S01012477,65 to 74,46,34,34,0,12,1,0,0,3,8
S01012477,75 to 84,27,15,15,0,12,1,1,0,0,10
S01012477,85 and over,8,2,2,0,6,1,0,0,0,5
S01012478,All HRPs,368,193,162,31,175,57,3,12,38,65
S01012478,24 and under,6,2,2,0,4,4,0,0,0,0
S01012478,25 to 34,48,19,8,11,29,27,0,2,0,0
S01012478,35 to 49,96,64,52,12,32,12,0,8,11,1
S01012478,50 to 64,102,59,51,8,43,8,0,2,23,10
S01012478,65 to 74,47,30,30,0,17,3,1,0,3,10
S01012478,75 to 84,44,14,14,0,30,2,2,0,1,25
S01012478,85 and over,25,5,5,0,20,1,0,0,0,19
S01012479,All HRPs,261,188,160,28,73,15,1,6,27,24
S01012479,24 and under,0,0,0,0,0,0,0,0,0,0
S01012479,25 to 34,23,13,8,5,10,7,0,2,1,0
S01012479,35 to 49,89,74,58,16,15,6,0,1,4,4
S01012479,50 to 64,93,71,64,7,22,2,0,3,13,4
S01012479,65 to 74,40,25,25,0,15,0,0,0,8,7
S01012479,75 to 84,15,5,5,0,10,0,1,0,1,8
S01012479,85 and over,1,0,0,0,1,0,0,0,0,1
S01012480,All HRPs,339,102,58,44,237,106,7,32,60,32
S01012480,24 and under,28,5,0,5,23,22,0,0,1,0
S01012480,25 to 34,66,30,9,21,36,35,0,1,0,0
S01012480,35 to 49,79,17,6,11,62,28,2,16,16,0
S01012480,50 to 64,100,29,22,7,71,17,4,13,30,7
S01012480,65 to 74,40,16,16,0,24,2,1,2,10,9
S01012480,75 to 84,17,4,4,0,13,1,0,0,3,9
S01012480,85 and over,9,1,1,0,8,1,0,0,0,7
S01012481,All HRPs,419,142,93,49,277,147,9,14,63,44
S01012481,24 and under,28,4,1,3,24,24,0,0,0,0
S01012481,25 to 34,78,30,8,22,48,47,0,0,1,0
S01012481,35 to 49,113,40,25,15,73,43,3,11,13,3
S01012481,50 to 64,111,37,30,7,74,21,6,2,39,6
S01012481,65 to 74,51,24,22,2,27,6,0,1,9,11
S01012481,75 to 84,25,7,7,0,18,4,0,0,1,13
S01012481,85 and over,13,0,0,0,13,2,0,0,0,11
S01012482,All HRPs,439,160,124,36,279,82,7,8,49,133
S01012482,24 and under,15,7,0,7,8,8,0,0,0,0
S01012482,25 to 34,45,20,6,14,25,24,0,0,1,0
S01012482,35 to 49,62,35,24,11,27,13,4,3,6,1
S01012482,50 to 64,93,40,38,2,53,16,2,3,25,7
S01012482,65 to 74,69,27,26,1,42,7,0,1,8,26
S01012482,75 to 84,92,27,26,1,65,11,0,1,6,47
S01012482,85 and over,63,4,4,0,59,3,1,0,3,52
S01012483,All HRPs,570,149,106,43,421,217,11,22,88,83
S01012483,24 and under,64,16,0,16,48,48,0,0,0,0
S01012483,25 to 34,75,19,9,10,56,55,1,0,0,0
S01012483,35 to 49,125,31,22,9,94,56,5,7,24,2
S01012483,50 to 64,142,44,39,5,98,36,2,13,42,5
S01012483,65 to 74,62,19,16,3,43,8,3,1,15,16
S01012483,75 to 84,64,16,16,0,48,8,0,1,5,34
S01012483,85 and over,38,4,4,0,34,6,0,0,2,26
S01012484,All HRPs,366,193,173,20,173,65,5,12,38,53
S01012484,24 and under,6,0,0,0,6,6,0,0,0,0
S01012484,25 to 34,30,18,10,8,12,11,0,1,0,0
S01012484,35 to 49,103,57,53,4,46,28,0,7,11,0
S01012484,50 to 64,109,66,60,6,43,12,1,4,19,7
S01012484,65 to 74,61,36,35,1,25,4,0,0,5,16
S01012484,75 to 84,41,12,11,1,29,3,3,0,2,21
S01012484,85 and over,16,4,4,0,12,1,1,0,1,9
S01012485,All HRPs,384,217,184,33,167,51,3,20,34,59
S01012485,24 and under,14,6,0,6,8,8,0,0,0,0
S01012485,25 to 34,31,11,3,8,20,17,0,0,3,0
S01012485,35 to 49,88,49,42,7,39,16,1,12,9,1
S01012485,50 to 64,123,86,76,10,37,6,2,6,15,8
S01012485,65 to 74,59,39,38,1,20,2,0,1,6,11
S01012485,75 to 84,50,22,21,1,28,1,0,1,1,25
S01012485,85 and over,19,4,4,0,15,1,0,0,0,14
S01012486,All HRPs,268,146,140,6,122,26,4,11,20,61
S01012486,24 and under,3,0,0,0,3,3,0,0,0,0
S01012486,25 to 34,8,6,4,2,2,2,0,0,0,0
S01012486,35 to 49,44,28,27,1,16,3,0,6,5,2
S01012486,50 to 64,62,40,37,3,22,7,0,5,8,2
S01012486,65 to 74,63,39,39,0,24,8,2,0,5,9
S01012486,75 to 84,57,27,27,0,30,0,1,0,2,27
S01012486,85 and over,31,6,6,0,25,3,1,0,0,21
S01012487,All HRPs,306,141,108,33,165,75,0,18,35,37
S01012487,24 and under,7,1,1,0,6,6,0,0,0,0
S01012487,25 to 34,39,20,6,14,19,18,0,1,0,0
S01012487,35 to 49,93,45,33,12,48,31,0,10,7,0
S01012487,50 to 64,92,46,39,7,46,12,0,6,23,5
S01012487,65 to 74,30,17,17,0,13,4,0,1,4,4
S01012487,75 to 84,29,11,11,0,18,3,0,0,1,14
S01012487,85 and over,16,1,1,0,15,1,0,0,0,14
S01012488,All HRPs,483,220,175,45,263,107,7,21,40,88
S01012488,24 and under,20,6,1,5,14,14,0,0,0,0
S01012488,25 to 34,44,17,11,6,27,26,0,1,0,0
S01012488,35 to 49,114,53,35,18,61,40,0,11,10,0
S01012488,50 to 64,142,92,82,10,50,19,2,8,14,7
S01012488,65 to 74,66,33,28,5,33,4,1,1,10,17
S01012488,75 to 84,77,16,15,1,61,4,4,0,5,48
S01012488,85 and over,20,3,3,0,17,0,0,0,1,16
S01012489,All HRPs,553,159,90,69,394,217,4,44,86,43
S01012489,24 and under,54,14,1,13,40,39,1,0,0,0
S01012489,25 to 34,133,44,9,35,89,78,0,9,2,0
S01012489,35 to 49,163,36,20,16,127,73,2,21,29,2
S01012489,50 to 64,123,43,39,4,80,21,0,11,38,10
S01012489,65 to 74,44,15,14,1,29,1,0,3,15,10
S01012489,75 to 84,26,7,7,0,19,4,1,0,1,13
S01012489,85 and over,10,0,0,0,10,1,0,0,1,8
S01012490,All HRPs,606,150,81,69,456,222,14,40,116,64
S01012490,24 and under,57,14,2,12,43,43,0,0,0,0
S01012490,25 to 34,123,40,9,31,83,72,2,3,5,1
S01012490,35 to 49,152,39,23,16,113,68,4,17,24,0
S01012490,50 to 64,129,28,22,6,101,24,5,15,50,7
S01012490,65 to 74,80,15,12,3,65,12,0,5,27,21
S01012490,75 to 84,48,11,11,0,37,1,0,0,9,27
S01012490,85 and over,17,3,2,1,14,2,3,0,1,8
S01012491,All HRPs,245,67,34,33,178,100,1,13,51,13
S01012491,24 and under,32,9,1,8,23,23,0,0,0,0
S01012491,25 to 34,53,21,7,14,32,30,0,0,2,0
S01012491,35 to 49,69,15,8,7,54,24,0,7,22,1
S01012491,50 to 64,56,12,10,2,44,14,1,6,21,2
S01012491,65 to 74,21,7,5,2,14,5,0,0,5,4
S01012491,75 to 84,9,3,3,0,6,2,0,0,1,3
S01012491,85 and over,5,0,0,0,5,2,0,0,0,3
S01012492,All HRPs,490,118,66,52,372,210,10,21,81,50
S01012492,24 and under,54,17,1,16,37,36,0,1,0,0
S01012492,25 to 34,83,19,2,17,64,57,2,2,3,0
S01012492,35 to 49,129,25,12,13,104,74,4,9,17,0
S01012492,50 to 64,108,29,24,5,79,24,3,6,42,4
S01012492,65 to 74,59,13,12,1,46,13,1,2,12,18
S01012492,75 to 84,41,11,11,0,30,5,0,0,7,18
S01012492,85 and over,16,4,4,0,12,1,0,1,0,10
S01012493,All HRPs,409,130,107,23,279,74,7,21,87,90
S01012493,24 and under,8,1,0,1,7,7,0,0,0,0
S01012493,25 to 34,17,6,0,6,11,11,0,0,0,0
S01012493,35 to 49,48,26,18,8,22,13,0,4,5,0
S01012493,50 to 64,129,52,45,7,77,16,3,6,40,12
S01012493,65 to 74,78,20,20,0,58,9,1,6,28,14
S01012493,75 to 84,93,22,22,0,71,14,2,4,14,37
S01012493,85 and over,36,3,2,1,33,4,1,1,0,27
S01012494,All HRPs,383,195,162,33,188,67,0,24,32,65
S01012494,24 and under,8,2,0,2,6,6,0,0,0,0
S01012494,25 to 34,41,22,11,11,19,12,0,5,2,0
S01012494,35 to 49,108,55,40,15,53,26,0,15,12,0
S01012494,50 to 64,93,59,55,4,34,13,0,4,14,3
S01012494,65 to 74,67,39,39,0,28,5,0,0,4,19
S01012494,75 to 84,41,13,12,1,28,4,0,0,0,24
S01012494,85 and over,25,5,5,0,20,1,0,0,0,19
S01012495,All HRPs,496,207,160,47,289,117,4,27,57,84
S01012495,24 and under,34,5,1,4,29,29,0,0,0,0
S01012495,25 to 34,48,21,11,10,27,27,0,0,0,0
S01012495,35 to 49,131,58,38,20,73,41,2,13,17,0
S01012495,50 to 64,143,76,66,10,67,16,1,14,28,8
S01012495,65 to 74,52,26,24,2,26,0,0,0,6,20
S01012495,75 to 84,63,17,17,0,46,4,1,0,6,35
S01012495,85 and over,25,4,3,1,21,0,0,0,0,21
S01012496,All HRPs,314,156,127,29,158,47,1,19,29,62
S01012496,24 and under,2,1,0,1,1,1,0,0,0,0
S01012496,25 to 34,29,14,7,7,15,13,0,1,1,0
S01012496,35 to 49,85,45,34,11,40,13,0,13,13,1
S01012496,50 to 64,94,64,55,9,30,10,0,3,13,4
S01012496,65 to 74,47,17,16,1,30,9,0,1,2,18
S01012496,75 to 84,43,14,14,0,29,1,0,1,0,27
S01012496,85 and over,14,1,1,0,13,0,1,0,0,12
S01012497,All HRPs,231,103,83,20,128,48,1,15,28,36
S01012497,24 and under,4,2,1,1,2,2,0,0,0,0
S01012497,25 to 34,24,9,3,6,15,13,0,0,2,0
S01012497,35 to 49,67,26,18,8,41,21,0,9,10,1
S01012497,50 to 64,69,41,38,3,28,8,0,5,10,5
S01012497,65 to 74,28,15,13,2,13,1,0,1,4,7
S01012497,75 to 84,27,9,9,0,18,1,1,0,2,14
S01012497,85 and over,12,1,1,0,11,2,0,0,0,9
S01012498,All HRPs,343,148,107,41,195,79,4,25,50,37
S01012498,24 and under,20,4,0,4,16,16,0,0,0,0
S01012498,25 to 34,56,21,5,16,35,30,1,1,3,0
S01012498,35 to 49,103,42,31,11,61,23,1,16,19,2
S01012498,50 to 64,95,49,42,7,46,7,0,8,22,9
S01012498,65 to 74,36,18,15,3,18,1,1,0,4,12
S01012498,75 to 84,24,12,12,0,12,2,1,0,2,7
S01012498,85 and over,9,2,2,0,7,0,0,0,0,7
S01012499,All HRPs,277,125,88,37,152,61,5,21,34,31
S01012499,24 and under,11,3,0,3,8,8,0,0,0,0
S01012499,25 to 34,58,26,10,16,32,23,1,3,3,2
S01012499,35 to 49,97,43,31,12,54,27,0,11,16,0
S01012499,50 to 64,67,38,33,5,29,2,2,6,13,6
S01012499,65 to 74,24,11,10,1,13,1,0,0,1,11
S01012499,75 to 84,14,3,3,0,11,0,1,1,1,8
S01012499,85 and over,6,1,1,0,5,0,1,0,0,4
S01012500,All HRPs,217,93,73,20,124,65,0,12,31,16
S01012500,24 and under,18,1,0,1,17,16,0,1,0,0
S01012500,25 to 34,38,10,1,9,28,24,0,3,1,0
S01012500,35 to 49,63,25,20,5,38,22,0,4,12,0
S01012500,50 to 64,57,34,29,5,23,3,0,3,15,2
S01012500,65 to 74,18,14,14,0,4,0,0,1,0,3
S01012500,75 to 84,21,8,8,0,13,0,0,0,3,10
S01012500,85 and over,2,1,1,0,1,0,0,0,0,1
S01012501,All HRPs,260,88,53,35,172,90,1,19,40,22
S01012501,24 and under,32,7,0,7,25,25,0,0,0,0
S01012501,25 to 34,52,17,10,7,35,32,1,2,0,0
S01012501,35 to 49,83,33,16,17,50,20,0,11,16,3
S01012501,50 to 64,49,22,19,3,27,7,0,4,14,2
S01012501,65 to 74,26,8,7,1,18,3,0,2,8,5
S01012501,75 to 84,15,1,1,0,14,2,0,0,2,10
S01012501,85 and over,3,0,0,0,3,1,0,0,0,2
S01012502,All HRPs,360,127,75,52,233,124,2,19,48,40
S01012502,24 and under,42,15,1,14,27,26,0,1,0,0
S01012502,25 to 34,63,22,9,13,41,34,2,1,1,3
S01012502,35 to 49,130,39,23,16,91,52,0,10,27,2
S01012502,50 to 64,74,32,23,9,42,9,0,7,16,10
S01012502,65 to 74,30,12,12,0,18,1,0,0,4,13
S01012502,75 to 84,20,7,7,0,13,2,0,0,0,11
S01012502,85 and over,1,0,0,0,1,0,0,0,0,1
S01012503,All HRPs,308,115,88,27,193,87,2,18,32,54
S01012503,24 and under,23,3,0,3,20,20,0,0,0,0
S01012503,25 to 34,53,14,5,9,39,31,0,7,1,0
S01012503,35 to 49,77,36,30,6,41,26,0,5,8,2
S01012503,50 to 64,64,32,25,7,32,6,0,3,19,4
S01012503,65 to 74,42,19,17,2,23,3,1,1,3,15
S01012503,75 to 84,38,10,10,0,28,1,1,2,1,23
S01012503,85 and over,11,1,1,0,10,0,0,0,0,10
S01012504,All HRPs,282,116,84,32,166,67,1,21,42,35
S01012504,24 and under,14,2,0,2,12,12,0,0,0,0
S01012504,25 to 34,48,18,5,13,30,28,0,1,1,0
S01012504,35 to 49,79,39,26,13,40,14,1,12,12,1
S01012504,50 to 64,73,31,27,4,42,10,0,6,19,7
S01012504,65 to 74,33,13,13,0,20,1,0,0,6,13
S01012504,75 to 84,31,12,12,0,19,2,0,2,4,11
S01012504,85 and over,4,1,1,0,3,0,0,0,0,3
S01012505,All HRPs,515,204,152,52,311,148,5,19,61,78
S01012505,24 and under,47,6,1,5,41,36,0,5,0,0
S01012505,25 to 34,62,24,8,16,38,34,1,1,2,0
S01012505,35 to 49,119,50,32,18,69,48,2,4,15,0
S01012505,50 to 64,145,74,64,10,71,15,1,4,33,18
S01012505,65 to 74,73,29,27,2,44,10,0,4,10,20
S01012505,75 to 84,55,18,17,1,37,5,1,1,1,29
S01012505,85 and over,14,3,3,0,11,0,0,0,0,11
S01012506,All HRPs,241,123,104,19,118,47,4,9,24,34
S01012506,24 and under,7,0,0,0,7,7,0,0,0,0
S01012506,25 to 34,18,8,1,7,10,9,0,0,1,0
S01012506,35 to 49,58,31,24,7,27,17,0,4,6,0
S01012506,50 to 64,65,43,39,4,22,7,2,3,9,1
S01012506,65 to 74,44,21,20,1,23,5,0,2,6,10
S01012506,75 to 84,36,17,17,0,19,1,1,0,2,15
S01012506,85 and over,13,3,3,0,10,1,1,0,0,8
S01012507,All HRPs,482,219,169,50,263,102,4,22,56,79
S01012507,24 and under,19,7,0,7,12,12,0,0,0,0
S01012507,25 to 34,62,32,18,14,30,29,0,0,1,0
S01012507,35 to 49,115,59,43,16,56,26,3,12,14,1
S01012507,50 to 64,135,67,57,10,68,20,0,7,31,10
S01012507,65 to 74,79,36,33,3,43,10,0,2,8,23
S01012507,75 to 84,53,17,17,0,36,4,1,1,2,28
S01012507,85 and over,19,1,1,0,18,1,0,0,0,17
S01012508,All HRPs,399,172,140,32,227,101,0,17,48,61
S01012508,24 and under,18,5,1,4,13,13,0,0,0,0
S01012508,25 to 34,48,21,9,12,27,26,0,1,0,0
S01012508,35 to 49,115,57,47,10,58,35,0,8,13,2
S01012508,50 to 64,102,51,45,6,51,15,0,7,24,5
S01012508,65 to 74,41,18,18,0,23,4,0,1,7,11
S01012508,75 to 84,55,14,14,0,41,4,0,0,4,33
S01012508,85 and over,20,6,6,0,14,4,0,0,0,10
S01012509,All HRPs,256,127,109,18,129,43,1,11,19,55
S01012509,24 and under,4,0,0,0,4,4,0,0,0,0
S01012509,25 to 34,19,7,3,4,12,11,0,1,0,0
S01012509,35 to 49,71,45,37,8,26,16,0,8,2,0
S01012509,50 to 64,71,47,43,4,24,6,0,1,10,7
S01012509,65 to 74,40,16,14,2,24,2,1,1,6,14
S01012509,75 to 84,40,11,11,0,29,3,0,0,1,25
S01012509,85 and over,11,1,1,0,10,1,0,0,0,9
S01012510,All HRPs,381,236,202,34,145,48,1,15,38,43
S01012510,24 and under,7,3,1,2,4,4,0,0,0,0
S01012510,25 to 34,56,29,17,12,27,24,0,3,0,0
S01012510,35 to 49,111,86,71,15,25,9,0,4,12,0
S01012510,50 to 64,113,68,65,3,45,7,0,8,22,8
S01012510,65 to 74,54,34,32,2,20,3,1,0,4,12
S01012510,75 to 84,32,14,14,0,18,1,0,0,0,17
S01012510,85 and over,8,2,2,0,6,0,0,0,0,6
S01012511,All HRPs,316,158,130,28,158,61,3,11,40,43
S01012511,24 and under,10,5,1,4,5,5,0,0,0,0
S01012511,25 to 34,37,16,8,8,21,19,0,1,1,0
S01012511,35 to 49,85,44,33,11,41,19,0,6,14,2
S01012511,50 to 64,100,60,56,4,40,9,2,3,19,7
S01012511,65 to 74,50,27,27,0,23,5,0,1,6,11
S01012511,75 to 84,25,6,5,1,19,2,1,0,0,16
S01012511,85 and over,9,0,0,0,9,2,0,0,0,7
S01012512,All HRPs,286,154,136,18,132,64,0,14,27,27
S01012512,24 and under,19,4,1,3,15,15,0,0,0,0
S01012512,25 to 34,32,20,14,6,12,11,0,0,0,1
S01012512,35 to 49,95,54,49,5,41,21,0,9,11,0
S01012512,50 to 64,76,44,40,4,32,12,0,4,12,4
S01012512,65 to 74,38,21,21,0,17,3,0,1,3,10
S01012512,75 to 84,20,9,9,0,11,2,0,0,1,8
S01012512,85 and over,6,2,2,0,4,0,0,0,0,4
S01012513,All HRPs,234,148,130,18,86,30,2,12,21,21
S01012513,24 and under,6,2,0,2,4,4,0,0,0,0
S01012513,25 to 34,24,14,8,6,10,10,0,0,0,0
S01012513,35 to 49,77,47,40,7,30,6,1,9,13,1
S01012513,50 to 64,75,57,55,2,18,7,1,3,5,2
S01012513,65 to 74,32,24,23,1,8,1,0,0,3,4
S01012513,75 to 84,13,4,4,0,9,1,0,0,0,8
S01012513,85 and over,7,0,0,0,7,1,0,0,0,6
S01012514,All HRPs,392,248,199,49,144,61,2,28,35,18
S01012514,24 and under,6,2,0,2,4,4,0,0,0,0
S01012514,25 to 34,69,35,22,13,34,26,1,4,3,0
S01012514,35 to 49,199,134,111,23,65,26,1,20,17,1
S01012514,50 to 64,85,60,49,11,25,4,0,3,12,6
S01012514,65 to 74,20,10,10,0,10,1,0,1,3,5
S01012514,75 to 84,11,6,6,0,5,0,0,0,0,5
S01012514,85 and over,2,1,1,0,1,0,0,0,0,1
S01012515,All HRPs,319,123,98,25,196,60,3,13,55,65
S01012515,24 and under,6,1,0,1,5,4,0,1,0,0
S01012515,25 to 34,39,17,5,12,22,16,0,1,5,0
S01012515,35 to 49,72,33,25,8,39,22,0,4,12,1
S01012515,50 to 64,80,37,34,3,43,8,1,5,25,4
S01012515,65 to 74,41,18,17,1,23,4,0,1,9,9
S01012515,75 to 84,53,14,14,0,39,2,2,1,4,30
S01012515,85 and over,28,3,3,0,25,4,0,0,0,21
S01012516,All HRPs,301,168,146,22,133,38,3,11,37,44
S01012516,24 and under,6,2,0,2,4,4,0,0,0,0
S01012516,25 to 34,31,20,15,5,11,10,0,1,0,0
S01012516,35 to 49,81,49,37,12,32,12,1,8,11,0
S01012516,50 to 64,82,47,45,2,35,7,0,1,18,9
S01012516,65 to 74,45,28,28,0,17,2,1,1,4,9
S01012516,75 to 84,37,17,16,1,20,2,1,0,2,15
S01012516,85 and over,19,5,5,0,14,1,0,0,2,11
S01012517,All HRPs,410,186,145,41,224,99,4,19,52,50
S01012517,24 and under,28,8,1,7,20,19,0,0,1,0
S01012517,25 to 34,64,26,15,11,38,33,0,4,1,0
S01012517,35 to 49,118,62,45,17,56,32,0,5,18,1
S01012517,50 to 64,99,54,49,5,45,9,2,8,20,6
S01012517,65 to 74,55,28,27,1,27,2,2,0,9,14
S01012517,75 to 84,36,8,8,0,28,1,0,2,3,22
S01012517,85 and over,10,0,0,0,10,3,0,0,0,7
S01012518,All HRPs,277,143,128,15,134,44,6,10,36,38
S01012518,24 and under,7,1,1,0,6,6,0,0,0,0
S01012518,25 to 34,17,12,6,6,5,4,0,1,0,0
S01012518,35 to 49,67,41,36,5,26,16,2,2,6,0
S01012518,50 to 64,90,48,44,4,42,13,2,6,19,2
S01012518,65 to 74,47,22,22,0,25,4,1,1,8,11
S01012518,75 to 84,34,17,17,0,17,1,1,0,3,12
S01012518,85 and over,15,2,2,0,13,0,0,0,0,13
S01012519,All HRPs,279,121,102,19,158,54,4,15,40,45
S01012519,24 and under,13,5,1,4,8,8,0,0,0,0
S01012519,25 to 34,18,7,5,2,11,9,1,1,0,0
S01012519,35 to 49,73,29,24,5,44,18,1,9,16,0
S01012519,50 to 64,67,42,34,8,25,8,1,2,11,3
S01012519,65 to 74,47,24,24,0,23,3,0,3,9,8
S01012519,75 to 84,42,11,11,0,31,6,1,0,3,21
S01012519,85 and over,19,3,3,0,16,2,0,0,1,13
S01012520,All HRPs,345,212,176,36,133,37,4,7,28,57
S01012520,24 and under,2,0,0,0,2,2,0,0,0,0
S01012520,25 to 34,18,12,4,8,6,6,0,0,0,0
S01012520,35 to 49,74,60,42,18,14,5,0,2,7,0
S01012520,50 to 64,111,82,73,9,29,9,2,4,11,3
S01012520,65 to 74,56,30,29,1,26,3,2,1,7,13
S01012520,75 to 84,52,22,22,0,30,3,0,0,2,25
S01012520,85 and over,32,6,6,0,26,9,0,0,1,16
S01012521,All HRPs,270,115,91,24,155,64,6,13,29,43
S01012521,24 and under,9,3,0,3,6,6,0,0,0,0
S01012521,25 to 34,32,11,5,6,21,21,0,0,0,0
S01012521,35 to 49,83,41,32,9,42,19,0,11,11,1
S01012521,50 to 64,63,33,27,6,30,12,2,1,11,4
S01012521,65 to 74,30,12,12,0,18,2,0,0,6,10
S01012521,75 to 84,38,13,13,0,25,3,2,1,1,18
S01012521,85 and over,15,2,2,0,13,1,2,0,0,10
S01012522,All HRPs,360,254,234,20,106,35,5,8,17,41
S01012522,24 and under,2,0,0,0,2,2,0,0,0,0
S01012522,25 to 34,7,4,2,2,3,3,0,0,0,0
S01012522,35 to 49,80,63,52,11,17,4,1,7,4,1
S01012522,50 to 64,138,109,102,7,29,13,2,0,10,4
S01012522,65 to 74,68,52,52,0,16,5,1,1,1,8
S01012522,75 to 84,47,23,23,0,24,6,0,0,2,16
S01012522,85 and over,18,3,3,0,15,2,1,0,0,12
S01012523,All HRPs,385,227,198,29,158,35,3,18,33,69
S01012523,24 and under,5,3,1,2,2,1,0,1,0,0
S01012523,25 to 34,28,24,15,9,4,4,0,0,0,0
S01012523,35 to 49,89,58,48,10,31,10,3,6,10,2
S01012523,50 to 64,122,79,73,6,43,9,0,9,19,6
S01012523,65 to 74,56,38,36,2,18,2,0,2,3,11
S01012523,75 to 84,54,22,22,0,32,6,0,0,1,25
S01012523,85 and over,31,3,3,0,28,3,0,0,0,25
S01012524,All HRPs,467,228,214,14,239,65,4,9,44,117
S01012524,24 and under,0,0,0,0,0,0,0,0,0,0
S01012524,25 to 34,27,7,4,3,20,17,0,2,1,0
S01012524,35 to 49,87,51,45,6,36,22,0,2,11,1
S01012524,50 to 64,126,91,86,5,35,7,2,4,11,11
S01012524,65 to 74,103,40,40,0,63,11,0,1,15,36
S01012524,75 to 84,87,30,30,0,57,5,2,0,5,45
S01012524,85 and over,37,9,9,0,28,3,0,0,1,24
S01012525,All HRPs,341,205,186,19,136,37,5,11,35,48
S01012525,24 and under,4,2,1,1,2,2,0,0,0,0
S01012525,25 to 34,16,12,8,4,4,4,0,0,0,0
S01012525,35 to 49,82,59,51,8,23,8,0,7,8,0
S01012525,50 to 64,133,89,84,5,44,13,3,2,20,6
S01012525,65 to 74,56,31,31,0,25,2,2,2,5,14
S01012525,75 to 84,29,8,7,1,21,3,0,0,2,16
S01012525,85 and over,21,4,4,0,17,5,0,0,0,12
S01012526,All HRPs,334,226,209,17,108,23,2,14,18,51
S01012526,24 and under,0,0,0,0,0,0,0,0,0,0
S01012526,25 to 34,13,10,6,4,3,2,0,0,1,0
S01012526,35 to 49,85,61,53,8,24,6,0,9,8,1
S01012526,50 to 64,98,83,79,4,15,4,0,4,4,3
S01012526,65 to 74,70,46,46,0,24,7,2,1,4,10
S01012526,75 to 84,45,20,19,1,25,4,0,0,1,20
S01012526,85 and over,23,6,6,0,17,0,0,0,0,17
S01012527,All HRPs,285,185,169,16,100,27,1,6,18,48
S01012527,24 and under,4,2,0,2,2,2,0,0,0,0
S01012527,25 to 34,10,6,5,1,4,4,0,0,0,0
S01012527,35 to 49,52,38,28,10,14,9,0,2,3,0
S01012527,50 to 64,104,74,72,2,30,8,1,2,12,7
S01012527,65 to 74,50,33,33,0,17,3,0,2,1,11
S01012527,75 to 84,48,26,25,1,22,0,0,0,2,20
S01012527,85 and over,17,6,6,0,11,1,0,0,0,10
S01012528,All HRPs,337,174,141,33,163,49,4,17,48,45
S01012528,24 and under,11,5,0,5,6,5,0,1,0,0
S01012528,25 to 34,35,22,12,10,13,11,0,0,2,0
S01012528,35 to 49,106,60,49,11,46,17,1,9,15,4
S01012528,50 to 64,97,49,43,6,48,10,0,7,25,6
S01012528,65 to 74,49,30,29,1,19,1,1,0,4,13
S01012528,75 to 84,27,7,7,0,20,3,0,0,2,15
S01012528,85 and over,12,1,1,0,11,2,2,0,0,7
S01012529,All HRPs,342,160,140,20,182,71,2,15,41,53
S01012529,24 and under,11,1,0,1,10,10,0,0,0,0
S01012529,25 to 34,31,15,8,7,16,13,0,3,0,0
S01012529,35 to 49,88,51,43,8,37,22,1,5,9,0
S01012529,50 to 64,107,55,51,4,52,14,0,7,23,8
S01012529,65 to 74,47,24,24,0,23,7,0,0,6,10
S01012529,75 to 84,44,10,10,0,34,4,1,0,3,26
S01012529,85 and over,14,4,4,0,10,1,0,0,0,9
S01012530,All HRPs,400,249,220,29,151,29,4,12,19,87
S01012530,24 and under,4,2,0,2,2,2,0,0,0,0
S01012530,25 to 34,11,7,3,4,4,3,0,1,0,0
S01012530,35 to 49,92,71,54,17,21,7,2,6,5,1
S01012530,50 to 64,107,81,77,4,26,8,1,2,8,7
S01012530,65 to 74,68,42,42,0,26,3,1,3,2,17
S01012530,75 to 84,84,39,37,2,45,3,0,0,2,40
S01012530,85 and over,34,7,7,0,27,3,0,0,2,22
S01012531,All HRPs,332,198,166,32,134,43,2,17,31,41
S01012531,24 and under,10,3,1,2,7,7,0,0,0,0
S01012531,25 to 34,34,24,14,10,10,9,1,0,0,0
S01012531,35 to 49,113,74,61,13,39,17,1,9,12,0
S01012531,50 to 64,85,56,51,5,29,6,0,7,11,5
S01012531,65 to 74,44,26,24,2,18,2,0,1,7,8
S01012531,75 to 84,36,11,11,0,25,2,0,0,1,22
S01012531,85 and over,10,4,4,0,6,0,0,0,0,6
S01012532,All HRPs,348,222,184,38,126,36,1,7,36,46
S01012532,24 and under,8,3,0,3,5,5,0,0,0,0
S01012532,25 to 34,25,18,8,10,7,6,0,0,1,0
S01012532,35 to 49,101,72,55,17,29,14,0,3,12,0
S01012532,50 to 64,109,77,69,8,32,7,1,4,15,5
S01012532,65 to 74,56,27,27,0,29,4,0,0,8,17
S01012532,75 to 84,41,21,21,0,20,0,0,0,0,20
S01012532,85 and over,8,4,4,0,4,0,0,0,0,4
S01012533,All HRPs,274,127,101,26,147,59,3,13,26,46
S01012533,24 and under,8,0,0,0,8,8,0,0,0,0
S01012533,25 to 34,54,26,12,14,28,27,0,1,0,0
S01012533,35 to 49,56,31,23,8,25,13,1,7,4,0
S01012533,50 to 64,64,32,28,4,32,6,1,3,13,9
S01012533,65 to 74,52,23,23,0,29,3,0,2,7,17
S01012533,75 to 84,30,13,13,0,17,1,1,0,2,13
S01012533,85 and over,10,2,2,0,8,1,0,0,0,7
S01012534,All HRPs,288,123,97,26,165,61,1,12,41,50
S01012534,24 and under,6,1,0,1,5,4,0,1,0,0
S01012534,25 to 34,37,16,9,7,21,19,0,1,1,0
S01012534,35 to 49,76,43,34,9,33,14,0,7,12,0
S01012534,50 to 64,70,36,29,7,34,13,1,2,13,5
S01012534,65 to 74,44,16,14,2,28,8,0,1,8,11
S01012534,75 to 84,30,7,7,0,23,2,0,0,6,15
S01012534,85 and over,25,4,4,0,21,1,0,0,1,19
S01012535,All HRPs,361,191,149,42,170,52,2,16,41,59
S01012535,24 and under,8,4,0,4,4,4,0,0,0,0
S01012535,25 to 34,39,26,7,19,13,11,1,0,1,0
S01012535,35 to 49,110,68,53,15,42,18,1,11,12,0
S01012535,50 to 64,97,56,53,3,41,7,0,5,22,7
S01012535,65 to 74,56,26,25,1,30,8,0,0,4,18
S01012535,75 to 84,45,11,11,0,34,4,0,0,2,28
S01012535,85 and over,6,0,0,0,6,0,0,0,0,6
S01012536,All HRPs,312,177,154,23,135,47,0,12,31,45
S01012536,24 and under,8,6,0,6,2,2,0,0,0,0
S01012536,25 to 34,35,14,8,6,21,19,0,0,1,1
S01012536,35 to 49,95,58,53,5,37,17,0,6,14,0
S01012536,50 to 64,94,57,54,3,37,7,0,6,14,10
S01012536,65 to 74,47,28,25,3,19,1,0,0,1,17
S01012536,75 to 84,24,12,12,0,12,1,0,0,1,10
S01012536,85 and over,9,2,2,0,7,0,0,0,0,7
S01012537,All HRPs,334,172,137,35,162,54,3,9,37,59
S01012537,24 and under,12,5,2,3,7,7,0,0,0,0
S01012537,25 to 34,42,20,11,9,22,18,0,2,2,0
S01012537,35 to 49,70,39,26,13,31,13,1,3,13,1
S01012537,50 to 64,94,54,45,9,40,10,2,2,14,12
S01012537,65 to 74,69,38,37,1,31,4,0,2,7,18
S01012537,75 to 84,40,16,16,0,24,2,0,0,1,21
S01012537,85 and over,7,0,0,0,7,0,0,0,0,7
S01012538,All HRPs,476,248,180,68,228,78,4,24,59,63
S01012538,24 and under,17,6,0,6,11,10,1,0,0,0
S01012538,25 to 34,70,38,14,24,32,25,0,1,6,0
S01012538,35 to 49,149,81,54,27,68,28,1,13,22,4
S01012538,50 to 64,107,55,48,7,52,6,1,8,27,10
S01012538,65 to 74,71,42,40,2,29,6,1,1,3,18
S01012538,75 to 84,51,23,22,1,28,2,0,1,0,25
S01012538,85 and over,11,3,2,1,8,1,0,0,1,6
S01012539,All HRPs,315,169,140,29,146,44,1,19,32,50
S01012539,24 and under,11,1,0,1,10,10,0,0,0,0
S01012539,25 to 34,26,11,6,5,15,11,0,4,0,0
S01012539,35 to 49,83,56,39,17,27,9,0,8,8,2
S01012539,50 to 64,98,62,56,6,36,9,1,4,14,8
S01012539,65 to 74,46,21,21,0,25,3,0,2,8,12
S01012539,75 to 84,43,16,16,0,27,2,0,1,2,22
S01012539,85 and over,8,2,2,0,6,0,0,0,0,6
S01012540,All HRPs,299,160,130,30,139,44,2,12,37,44
S01012540,24 and under,14,6,2,4,8,8,0,0,0,0
S01012540,25 to 34,34,18,14,4,16,15,0,1,0,0
S01012540,35 to 49,96,61,45,16,35,12,0,6,17,0
S01012540,50 to 64,68,43,38,5,25,4,0,3,14,4
S01012540,65 to 74,53,23,22,1,30,5,2,1,5,17
S01012540,75 to 84,28,9,9,0,19,0,0,1,1,17
S01012540,85 and over,6,0,0,0,6,0,0,0,0,6
S01012541,All HRPs,442,265,223,42,177,74,4,12,45,42
S01012541,24 and under,6,3,1,2,3,3,0,0,0,0
S01012541,25 to 34,64,29,13,16,35,30,0,3,2,0
S01012541,35 to 49,129,84,70,14,45,22,0,4,16,3
S01012541,50 to 64,133,97,87,10,36,7,1,5,18,5
S01012541,65 to 74,71,38,38,0,33,9,1,0,9,14
S01012541,75 to 84,31,14,14,0,17,2,1,0,0,14
S01012541,85 and over,8,0,0,0,8,1,1,0,0,6
S01012542,All HRPs,380,228,208,20,152,41,2,13,32,64
S01012542,24 and under,4,2,1,1,2,2,0,0,0,0
S01012542,25 to 34,22,11,6,5,11,9,0,2,0,0
S01012542,35 to 49,103,69,58,11,34,15,0,6,12,1
S01012542,50 to 64,112,82,80,2,30,8,0,4,12,6
S01012542,65 to 74,69,39,38,1,30,1,1,0,6,22
S01012542,75 to 84,51,22,22,0,29,5,0,1,2,21
S01012542,85 and over,19,3,3,0,16,1,1,0,0,14
S01012543,All HRPs,276,193,165,28,83,26,1,7,25,24
S01012543,24 and under,2,1,0,1,1,1,0,0,0,0
S01012543,25 to 34,13,7,4,3,6,6,0,0,0,0
S01012543,35 to 49,103,77,63,14,26,8,0,4,12,2
S01012543,50 to 64,97,74,66,8,23,9,1,3,6,4
S01012543,65 to 74,42,21,19,2,21,2,0,0,7,12
S01012543,75 to 84,15,12,12,0,3,0,0,0,0,3
S01012543,85 and over,4,1,1,0,3,0,0,0,0,3
S01012544,All HRPs,341,207,177,30,134,61,2,10,27,34
S01012544,24 and under,11,2,0,2,9,9,0,0,0,0
S01012544,25 to 34,33,12,7,5,21,20,0,0,1,0
S01012544,35 to 49,123,79,65,14,44,21,0,7,14,2
S01012544,50 to 64,93,68,60,8,25,9,0,1,9,6
S01012544,65 to 74,45,30,29,1,15,1,1,1,3,9
S01012544,75 to 84,29,13,13,0,16,1,1,1,0,13
S01012544,85 and over,7,3,3,0,4,0,0,0,0,4
S01012545,All HRPs,214,111,76,35,103,30,0,7,22,44
S01012545,24 and under,6,3,1,2,3,3,0,0,0,0
S01012545,25 to 34,25,13,5,8,12,10,0,1,0,1
S01012545,35 to 49,58,38,24,14,20,12,0,1,7,0
S01012545,50 to 64,56,39,30,9,17,4,0,2,7,4
S01012545,65 to 74,30,11,9,2,19,1,0,3,7,8
S01012545,75 to 84,27,7,7,0,20,0,0,0,1,19
S01012545,85 and over,12,0,0,0,12,0,0,0,0,12
S01012546,All HRPs,322,210,163,47,112,28,4,16,30,34
S01012546,24 and under,4,2,0,2,2,2,0,0,0,0
S01012546,25 to 34,29,16,4,12,13,11,0,2,0,0
S01012546,35 to 49,114,84,62,22,30,9,2,11,8,0
S01012546,50 to 64,95,64,54,10,31,4,1,3,18,5
S01012546,65 to 74,47,27,26,1,20,2,1,0,3,14
S01012546,75 to 84,30,16,16,0,14,0,0,0,1,13
S01012546,85 and over,3,1,1,0,2,0,0,0,0,2
S01012547,All HRPs,312,211,195,16,101,20,2,9,25,45
S01012547,24 and under,0,0,0,0,0,0,0,0,0,0
S01012547,25 to 34,7,5,2,3,2,2,0,0,0,0
S01012547,35 to 49,78,61,53,8,17,7,0,6,2,2
S01012547,50 to 64,106,78,74,4,28,4,1,3,14,6
S01012547,65 to 74,74,48,47,1,26,4,1,0,9,12
S01012547,75 to 84,32,16,16,0,16,3,0,0,0,13
S01012547,85 and over,15,3,3,0,12,0,0,0,0,12
S01012548,All HRPs,394,236,200,36,158,47,7,13,24,67
S01012548,24 and under,3,0,0,0,3,3,0,0,0,0
S01012548,25 to 34,15,7,3,4,8,7,0,1,0,0
S01012548,35 to 49,94,65,50,15,29,17,1,5,5,1
S01012548,50 to 64,130,94,82,12,36,13,0,7,7,9
S01012548,65 to 74,87,47,42,5,40,3,3,0,8,26
S01012548,75 to 84,53,20,20,0,33,4,2,0,4,23
S01012548,85 and over,12,3,3,0,9,0,1,0,0,8
S01012549,All HRPs,251,113,90,23,138,56,1,17,34,30
S01012549,24 and under,11,3,0,3,8,8,0,0,0,0
S01012549,25 to 34,39,26,16,10,13,12,0,1,0,0
S01012549,35 to 49,79,34,26,8,45,22,0,6,17,0
S01012549,50 to 64,60,29,27,2,31,7,0,7,14,3
S01012549,65 to 74,29,11,11,0,18,3,0,3,1,11
S01012549,75 to 84,28,9,9,0,19,3,1,0,2,13
S01012549,85 and over,5,1,1,0,4,1,0,0,0,3
S01012550,All HRPs,345,188,156,32,157,35,2,23,48,49
S01012550,24 and under,3,2,1,1,1,1,0,0,0,0
S01012550,25 to 34,30,18,13,5,12,8,0,2,1,1
S01012550,35 to 49,100,57,42,15,43,11,0,14,16,2
S01012550,50 to 64,107,72,61,11,35,6,2,4,17,6
S01012550,65 to 74,64,28,28,0,36,5,0,3,12,16
S01012550,75 to 84,25,9,9,0,16,3,0,0,2,11
S01012550,85 and over,16,2,2,0,14,1,0,0,0,13
S01012551,All HRPs,319,236,210,26,83,21,1,6,25,30
S01012551,24 and under,3,3,1,2,0,0,0,0,0,0
S01012551,25 to 34,23,16,10,6,7,3,0,2,1,1
S01012551,35 to 49,89,69,55,14,20,6,0,3,11,0
S01012551,50 to 64,108,85,82,3,23,6,0,1,6,10
S01012551,65 to 74,59,40,39,1,19,3,1,0,6,9
S01012551,75 to 84,29,17,17,0,12,2,0,0,1,9
S01012551,85 and over,8,6,6,0,2,1,0,0,0,1
S01012552,All HRPs,352,281,255,26,71,18,1,9,12,31
S01012552,24 and under,3,1,0,1,2,2,0,0,0,0
S01012552,25 to 34,18,11,8,3,7,3,0,3,1,0
S01012552,35 to 49,90,78,65,13,12,4,1,3,4,0
S01012552,50 to 64,140,122,114,8,18,6,0,2,4,6
S01012552,65 to 74,56,42,42,0,14,1,0,0,2,11
S01012552,75 to 84,40,25,24,1,15,2,0,1,1,11
S01012552,85 and over,5,2,2,0,3,0,0,0,0,3
S01012553,All HRPs,347,221,183,38,126,60,1,11,33,21
S01012553,24 and under,11,2,0,2,9,9,0,0,0,0
S01012553,25 to 34,51,33,20,13,18,17,0,0,1,0
S01012553,35 to 49,129,90,75,15,39,22,0,5,12,0
S01012553,50 to 64,109,75,68,7,34,11,0,3,16,4
S01012553,65 to 74,24,13,12,1,11,0,1,3,1,6
S01012553,75 to 84,18,6,6,0,12,1,0,0,2,9
S01012553,85 and over,5,2,2,0,3,0,0,0,1,2
S01012554,All HRPs,190,130,114,16,60,13,0,10,23,14
S01012554,24 and under,0,0,0,0,0,0,0,0,0,0
S01012554,25 to 34,12,7,4,3,5,5,0,0,0,0
S01012554,35 to 49,51,38,28,10,13,2,0,4,7,0
S01012554,50 to 64,78,51,48,3,27,3,0,6,14,4
S01012554,65 to 74,30,22,22,0,8,1,0,0,1,6
S01012554,75 to 84,17,12,12,0,5,2,0,0,1,2
S01012554,85 and over,2,0,0,0,2,0,0,0,0,2
S01012555,All HRPs,211,153,136,17,58,17,2,10,16,13
S01012555,24 and under,4,3,0,3,1,1,0,0,0,0
S01012555,25 to 34,19,13,11,2,6,4,0,2,0,0
S01012555,35 to 49,61,46,39,7,15,5,2,5,3,0
S01012555,50 to 64,82,60,56,4,22,7,0,3,9,3
S01012555,65 to 74,29,24,23,1,5,0,0,0,3,2
S01012555,75 to 84,10,4,4,0,6,0,0,0,1,5
S01012555,85 and over,6,3,3,0,3,0,0,0,0,3
S01012556,All HRPs,221,169,156,13,52,5,1,2,14,30
S01012556,24 and under,0,0,0,0,0,0,0,0,0,0
S01012556,25 to 34,6,5,5,0,1,1,0,0,0,0
S01012556,35 to 49,37,31,27,4,6,1,0,1,3,1
S01012556,50 to 64,106,91,85,6,15,1,1,1,8,4
S01012556,65 to 74,37,27,25,2,10,0,0,0,2,8
S01012556,75 to 84,24,9,8,1,15,2,0,0,1,12
S01012556,85 and over,11,6,6,0,5,0,0,0,0,5
S01012557,All HRPs,249,182,168,14,67,9,6,5,12,35
S01012557,24 and under,3,2,0,2,1,1,0,0,0,0
S01012557,25 to 34,6,3,1,2,3,3,0,0,0,0
S01012557,35 to 49,54,41,34,7,13,2,4,2,5,0
S01012557,50 to 64,86,72,69,3,14,2,0,2,5,5
S01012557,65 to 74,41,33,33,0,8,1,0,1,1,5
S01012557,75 to 84,39,22,22,0,17,0,1,0,1,15
S01012557,85 and over,20,9,9,0,11,0,1,0,0,10
S01012558,All HRPs,279,119,88,31,160,63,0,13,56,28
S01012558,24 and under,7,3,0,3,4,4,0,0,0,0
S01012558,25 to 34,43,22,8,14,21,19,0,1,1,0
S01012558,35 to 49,96,37,27,10,59,26,0,9,24,0
S01012558,50 to 64,70,34,30,4,36,11,0,2,20,3
S01012558,65 to 74,34,13,13,0,21,1,0,1,9,10
S01012558,75 to 84,23,9,9,0,14,2,0,0,2,10
S01012558,85 and over,6,1,1,0,5,0,0,0,0,5
S01012559,All HRPs,457,149,108,41,308,115,3,28,71,91
S01012559,24 and under,18,4,0,4,14,14,0,0,0,0
S01012559,25 to 34,65,24,10,14,41,37,0,2,2,0
S01012559,35 to 49,95,32,19,13,63,32,0,9,21,1
S01012559,50 to 64,108,41,35,6,67,20,1,12,30,4
S01012559,65 to 74,62,25,22,3,37,5,0,3,10,19
S01012559,75 to 84,64,19,18,1,45,6,1,1,7,30
S01012559,85 and over,45,4,4,0,41,1,1,1,1,37
S01012560,All HRPs,264,139,111,28,125,26,0,9,39,51
S01012560,24 and under,1,0,0,0,1,1,0,0,0,0
S01012560,25 to 34,25,13,3,10,12,11,0,1,0,0
S01012560,35 to 49,60,41,28,13,19,7,0,1,9,2
S01012560,50 to 64,62,32,30,2,30,3,0,4,13,10
S01012560,65 to 74,70,40,38,2,30,3,0,3,11,13
S01012560,75 to 84,27,10,9,1,17,1,0,0,4,12
S01012560,85 and over,19,3,3,0,16,0,0,0,2,14
S01012561,All HRPs,365,174,146,28,191,58,1,26,50,56
S01012561,24 and under,3,0,0,0,3,3,0,0,0,0
S01012561,25 to 34,26,12,7,5,14,12,0,0,1,1
S01012561,35 to 49,102,55,43,12,47,23,0,15,9,0
S01012561,50 to 64,114,64,56,8,50,13,0,7,24,6
S01012561,65 to 74,59,26,24,2,33,6,0,2,10,15
S01012561,75 to 84,38,13,12,1,25,0,0,2,3,20
S01012561,85 and over,23,4,4,0,19,1,1,0,3,14
S01012562,All HRPs,434,155,98,57,279,127,3,28,56,65
S01012562,24 and under,29,8,1,7,21,20,0,1,0,0
S01012562,25 to 34,74,33,9,24,41,39,0,2,0,0
S01012562,35 to 49,112,36,16,20,76,45,1,8,21,1
S01012562,50 to 64,104,43,38,5,61,15,1,14,25,6
S01012562,65 to 74,52,24,23,1,28,4,0,2,5,17
S01012562,75 to 84,43,10,10,0,33,1,1,1,5,25
S01012562,85 and over,20,1,1,0,19,3,0,0,0,16
S01012563,All HRPs,271,196,192,4,75,19,2,5,5,44
S01012563,24 and under,2,0,0,0,2,2,0,0,0,0
S01012563,25 to 34,8,4,4,0,4,3,0,0,0,1
S01012563,35 to 49,46,40,39,1,6,4,0,1,0,1
S01012563,50 to 64,86,76,74,2,10,3,0,1,2,4
S01012563,65 to 74,67,52,51,1,15,5,0,2,2,6
S01012563,75 to 84,38,14,14,0,24,1,2,1,1,19
S01012563,85 and over,24,10,10,0,14,1,0,0,0,13
S01012564,All HRPs,373,235,219,16,138,30,1,7,30,70
S01012564,24 and under,1,1,1,0,0,0,0,0,0,0
S01012564,25 to 34,15,8,6,2,7,5,0,0,2,0
S01012564,35 to 49,85,68,61,7,17,4,1,3,8,1
S01012564,50 to 64,116,81,75,6,35,12,0,4,12,7
S01012564,65 to 74,82,50,49,1,32,2,0,0,6,24
S01012564,75 to 84,55,25,25,0,30,4,0,0,1,25
S01012564,85 and over,19,2,2,0,17,3,0,0,1,13
S01012565,All HRPs,379,194,177,17,185,45,5,15,35,85
S01012565,24 and under,3,2,0,2,1,1,0,0,0,0
S01012565,25 to 34,14,8,4,4,6,6,0,0,0,0
S01012565,35 to 49,86,52,46,6,34,18,2,6,8,0
S01012565,50 to 64,103,67,63,4,36,7,3,2,16,8
S01012565,65 to 74,73,35,34,1,38,8,0,6,7,17
S01012565,75 to 84,67,23,23,0,44,2,0,1,4,37
S01012565,85 and over,33,7,7,0,26,3,0,0,0,23
S01012566,All HRPs,445,150,113,37,295,138,3,28,60,66
S01012566,24 and under,24,5,1,4,19,19,0,0,0,0
S01012566,25 to 34,67,26,13,13,41,34,0,5,2,0
S01012566,35 to 49,111,39,26,13,72,50,0,11,11,0
S01012566,50 to 64,105,38,32,6,67,18,1,11,31,6
S01012566,65 to 74,59,21,20,1,38,9,1,1,8,19
S01012566,75 to 84,51,16,16,0,35,5,1,0,7,22
S01012566,85 and over,28,5,5,0,23,3,0,0,1,19
S01012567,All HRPs,557,215,157,58,342,138,2,39,86,77
S01012567,24 and under,26,7,0,7,19,17,0,2,0,0
S01012567,25 to 34,71,32,8,24,39,37,0,2,0,0
S01012567,35 to 49,152,57,40,17,95,53,2,15,24,1
S01012567,50 to 64,161,71,61,10,90,22,0,17,43,8
S01012567,65 to 74,78,27,27,0,51,7,0,3,16,25
S01012567,75 to 84,48,17,17,0,31,2,0,0,3,26
S01012567,85 and over,21,4,4,0,17,0,0,0,0,17
S01012568,All HRPs,281,172,160,12,109,34,5,7,23,40
S01012568,24 and under,2,0,0,0,2,2,0,0,0,0
S01012568,25 to 34,5,3,3,0,2,2,0,0,0,0
S01012568,35 to 49,63,44,39,5,19,8,2,3,5,1
S01012568,50 to 64,95,60,55,5,35,11,0,3,14,7
S01012568,65 to 74,53,38,38,0,15,6,1,0,3,5
S01012568,75 to 84,46,22,21,1,24,4,1,1,1,17
S01012568,85 and over,17,5,4,1,12,1,1,0,0,10
S01012569,All HRPs,315,212,196,16,103,25,4,10,11,53
S01012569,24 and under,2,0,0,0,2,2,0,0,0,0
S01012569,25 to 34,5,3,2,1,2,1,0,1,0,0
S01012569,35 to 49,66,48,40,8,18,9,0,6,2,1
S01012569,50 to 64,103,80,75,5,23,8,2,2,5,6
S01012569,65 to 74,70,48,48,0,22,3,0,1,4,14
S01012569,75 to 84,42,25,24,1,17,1,1,0,0,15
S01012569,85 and over,27,8,7,1,19,1,1,0,0,17
S01012570,All HRPs,197,129,104,25,68,26,1,7,14,20
S01012570,24 and under,5,2,0,2,3,3,0,0,0,0
S01012570,25 to 34,17,8,3,5,9,9,0,0,0,0
S01012570,35 to 49,59,46,34,12,13,8,0,3,2,0
S01012570,50 to 64,70,53,50,3,17,3,0,4,9,1
S01012570,65 to 74,27,11,9,2,16,3,0,0,3,10
S01012570,75 to 84,15,7,7,0,8,0,1,0,0,7
S01012570,85 and over,4,2,1,1,2,0,0,0,0,2
S01012571,All HRPs,362,206,169,37,156,52,8,22,38,36
S01012571,24 and under,8,1,0,1,7,7,0,0,0,0
S01012571,25 to 34,27,19,13,6,8,4,3,0,0,1
S01012571,35 to 49,123,76,60,16,47,23,0,11,13,0
S01012571,50 to 64,111,77,64,13,34,7,2,7,13,5
S01012571,65 to 74,49,22,22,0,27,6,2,2,9,8
S01012571,75 to 84,33,9,8,1,24,5,1,1,3,14
S01012571,85 and over,11,2,2,0,9,0,0,1,0,8
S01012572,All HRPs,224,139,113,26,85,21,4,8,16,36
S01012572,24 and under,1,1,0,1,0,0,0,0,0,0
S01012572,25 to 34,11,7,4,3,4,4,0,0,0,0
S01012572,35 to 49,69,45,36,9,24,11,1,4,8,0
S01012572,50 to 64,84,60,47,13,24,4,1,3,8,8
S01012572,65 to 74,43,22,22,0,21,1,1,1,0,18
S01012572,75 to 84,14,3,3,0,11,1,1,0,0,9
S01012572,85 and over,2,1,1,0,1,0,0,0,0,1
S01012573,All HRPs,325,246,216,30,79,24,2,7,15,31
S01012573,24 and under,1,0,0,0,1,1,0,0,0,0
S01012573,25 to 34,14,10,5,5,4,4,0,0,0,0
S01012573,35 to 49,105,85,70,15,20,10,0,3,7,0
S01012573,50 to 64,130,110,103,7,20,4,2,2,5,7
S01012573,65 to 74,45,29,28,1,16,4,0,1,2,9
S01012573,75 to 84,24,9,8,1,15,1,0,1,1,12
S01012573,85 and over,6,3,2,1,3,0,0,0,0,3
S01012574,All HRPs,359,251,223,28,108,28,2,8,22,48
S01012574,24 and under,4,1,0,1,3,3,0,0,0,0
S01012574,25 to 34,20,16,9,7,4,3,0,0,1,0
S01012574,35 to 49,110,91,82,9,19,9,1,3,6,0
S01012574,50 to 64,111,80,71,9,31,9,0,5,13,4
S01012574,65 to 74,69,42,42,0,27,2,1,0,2,22
S01012574,75 to 84,37,19,17,2,18,2,0,0,0,16
S01012574,85 and over,8,2,2,0,6,0,0,0,0,6
S01012575,All HRPs,289,178,158,20,111,34,3,14,29,31
S01012575,24 and under,4,3,0,3,1,1,0,0,0,0
S01012575,25 to 34,23,9,5,4,14,13,0,1,0,0
S01012575,35 to 49,86,58,53,5,28,7,0,12,8,1
S01012575,50 to 64,89,60,54,6,29,5,1,1,15,7
S01012575,65 to 74,37,24,23,1,13,2,0,0,4,7
S01012575,75 to 84,42,20,19,1,22,5,2,0,1,14
S01012575,85 and over,8,4,4,0,4,1,0,0,1,2
S01012576,All HRPs,370,187,163,24,183,69,3,19,31,61
S01012576,24 and under,4,0,0,0,4,3,0,1,0,0
S01012576,25 to 34,49,17,10,7,32,28,0,4,0,0
S01012576,35 to 49,81,53,42,11,28,14,1,3,9,1
S01012576,50 to 64,105,61,55,6,44,7,1,8,14,14
S01012576,65 to 74,63,36,36,0,27,8,0,3,5,11
S01012576,75 to 84,52,17,17,0,35,8,1,0,2,24
S01012576,85 and over,16,3,3,0,13,1,0,0,1,11
S01012577,All HRPs,336,208,172,36,128,43,1,7,42,35
S01012577,24 and under,7,4,0,4,3,3,0,0,0,0
S01012577,25 to 34,20,13,8,5,7,6,0,1,0,0
S01012577,35 to 49,104,66,52,14,38,22,1,3,11,1
S01012577,50 to 64,110,75,65,10,35,8,0,2,21,4
S01012577,65 to 74,57,35,33,2,22,3,0,0,7,12
S01012577,75 to 84,26,12,12,0,14,1,0,1,3,9
S01012577,85 and over,12,3,2,1,9,0,0,0,0,9
S01012578,All HRPs,463,232,203,29,231,63,5,19,44,100
S01012578,24 and under,7,0,0,0,7,7,0,0,0,0
S01012578,25 to 34,36,16,7,9,20,19,0,1,0,0
S01012578,35 to 49,101,68,53,15,33,13,1,10,9,0
S01012578,50 to 64,123,80,77,3,43,10,0,5,21,7
S01012578,65 to 74,77,38,37,1,39,8,2,3,10,16
S01012578,75 to 84,73,27,27,0,46,4,1,0,1,40
S01012578,85 and over,46,3,2,1,43,2,1,0,3,37
S01012579,All HRPs,287,180,153,27,107,34,2,14,28,29
S01012579,24 and under,13,5,1,4,8,8,0,0,0,0
S01012579,25 to 34,22,14,7,7,8,6,0,2,0,0
S01012579,35 to 49,87,58,51,7,29,10,1,7,11,0
S01012579,50 to 64,106,71,63,8,35,7,1,3,17,7
S01012579,65 to 74,38,27,27,0,11,2,0,2,0,7
S01012579,75 to 84,15,4,4,0,11,1,0,0,0,10
S01012579,85 and over,6,1,0,1,5,0,0,0,0,5
S01012580,All HRPs,325,216,174,42,109,45,5,12,20,27
S01012580,24 and under,2,2,2,0,0,0,0,0,0,0
S01012580,25 to 34,33,23,12,11,10,10,0,0,0,0
S01012580,35 to 49,100,74,53,21,26,17,1,5,3,0
S01012580,50 to 64,125,81,72,9,44,13,3,6,13,9
S01012580,65 to 74,39,25,25,0,14,3,1,1,4,5
S01012580,75 to 84,19,9,8,1,10,2,0,0,0,8
S01012580,85 and over,7,2,2,0,5,0,0,0,0,5
S01012581,All HRPs,331,143,107,36,188,80,6,17,27,58
S01012581,24 and under,22,5,1,4,17,15,0,2,0,0
S01012581,25 to 34,32,15,7,8,17,14,0,3,0,0
S01012581,35 to 49,101,50,34,16,51,33,3,8,5,2
S01012581,50 to 64,98,57,50,7,41,11,1,4,19,6
S01012581,65 to 74,30,9,8,1,21,4,1,0,3,13
S01012581,75 to 84,36,6,6,0,30,3,1,0,0,26
S01012581,85 and over,12,1,1,0,11,0,0,0,0,11
S01012582,All HRPs,365,249,209,40,116,40,1,14,27,34
S01012582,24 and under,5,1,1,0,4,3,0,1,0,0
S01012582,25 to 34,44,33,18,15,11,10,0,1,0,0
S01012582,35 to 49,127,89,73,16,38,18,0,8,11,1
S01012582,50 to 64,112,78,71,7,34,8,1,4,12,9
S01012582,65 to 74,47,33,31,2,14,1,0,0,3,10
S01012582,75 to 84,27,15,15,0,12,0,0,0,1,11
S01012582,85 and over,3,0,0,0,3,0,0,0,0,3
S01012583,All HRPs,326,172,140,32,154,63,1,22,20,48
S01012583,24 and under,16,0,0,0,16,16,0,0,0,0
S01012583,25 to 34,42,23,14,9,19,15,0,3,1,0
S01012583,35 to 49,88,53,40,13,35,17,1,8,6,3
S01012583,50 to 64,95,62,53,9,33,9,0,5,12,7
S01012583,65 to 74,37,22,21,1,15,1,0,5,1,8
S01012583,75 to 84,37,11,11,0,26,4,0,1,0,21
S01012583,85 and over,11,1,1,0,10,1,0,0,0,9
S01012584,All HRPs,331,190,166,24,141,36,3,17,31,54
S01012584,24 and under,4,1,0,1,3,3,0,0,0,0
S01012584,25 to 34,27,15,10,5,12,9,0,2,1,0
S01012584,35 to 49,104,65,53,12,39,15,2,10,10,2
S01012584,50 to 64,93,63,59,4,30,5,0,2,14,9
S01012584,65 to 74,50,26,26,0,24,2,0,1,5,16
S01012584,75 to 84,43,17,15,2,26,2,0,2,1,21
S01012584,85 and over,10,3,3,0,7,0,1,0,0,6
S01012585,All HRPs,404,174,129,45,230,92,1,21,53,63
S01012585,24 and under,22,4,0,4,18,17,0,1,0,0
S01012585,25 to 34,48,19,6,13,29,27,0,1,1,0
S01012585,35 to 49,124,55,36,19,69,31,0,15,22,1
S01012585,50 to 64,100,62,55,7,38,12,0,2,19,5
S01012585,65 to 74,55,20,18,2,35,1,0,1,7,26
S01012585,75 to 84,38,11,11,0,27,2,1,1,2,21
S01012585,85 and over,17,3,3,0,14,2,0,0,2,10
S01012586,All HRPs,313,231,195,36,82,31,2,9,17,23
S01012586,24 and under,5,4,2,2,1,1,0,0,0,0
S01012586,25 to 34,25,16,7,9,9,9,0,0,0,0
S01012586,35 to 49,120,86,71,15,34,15,1,6,11,1
S01012586,50 to 64,107,90,81,9,17,5,0,1,6,5
S01012586,65 to 74,31,19,18,1,12,1,0,2,0,9
S01012586,75 to 84,22,16,16,0,6,0,1,0,0,5
S01012586,85 and over,3,0,0,0,3,0,0,0,0,3
S01012587,All HRPs,327,237,210,27,90,25,1,12,22,30
S01012587,24 and under,2,0,0,0,2,2,0,0,0,0
S01012587,25 to 34,13,10,7,3,3,3,0,0,0,0
S01012587,35 to 49,119,96,82,14,23,7,0,7,7,2
S01012587,50 to 64,122,95,86,9,27,8,1,4,12,2
S01012587,65 to 74,32,22,21,1,10,1,0,1,2,6
S01012587,75 to 84,28,12,12,0,16,3,0,0,1,12
S01012587,85 and over,11,2,2,0,9,1,0,0,0,8
S01012588,All HRPs,256,173,152,21,83,30,1,6,23,23
S01012588,24 and under,3,1,1,0,2,2,0,0,0,0
S01012588,25 to 34,14,7,5,2,7,7,0,0,0,0
S01012588,35 to 49,92,75,59,16,17,10,0,1,4,2
S01012588,50 to 64,86,60,57,3,26,5,1,5,13,2
S01012588,65 to 74,40,19,19,0,21,6,0,0,4,11
S01012588,75 to 84,17,10,10,0,7,0,0,0,1,6
S01012588,85 and over,4,1,1,0,3,0,0,0,1,2
S01012589,All HRPs,284,170,143,27,114,38,7,7,20,42
S01012589,24 and under,9,4,1,3,5,5,0,0,0,0
S01012589,25 to 34,27,13,5,8,14,9,2,0,3,0
S01012589,35 to 49,79,53,42,11,26,9,3,6,7,1
S01012589,50 to 64,91,61,56,5,30,7,1,1,10,11
S01012589,65 to 74,39,24,24,0,15,6,0,0,0,9
S01012589,75 to 84,31,14,14,0,17,2,1,0,0,14
S01012589,85 and over,8,1,1,0,7,0,0,0,0,7
S01012590,All HRPs,371,181,138,43,190,82,6,17,37,48
S01012590,24 and under,21,4,0,4,17,17,0,0,0,0
S01012590,25 to 34,56,24,5,19,32,26,1,4,1,0
S01012590,35 to 49,86,56,43,13,30,15,2,8,4,1
S01012590,50 to 64,101,60,54,6,41,12,1,5,17,6
S01012590,65 to 74,59,23,23,0,36,8,1,0,11,16
S01012590,75 to 84,37,13,12,1,24,3,1,0,3,17
S01012590,85 and over,11,1,1,0,10,1,0,0,1,8
S01012591,All HRPs,385,184,156,28,201,87,0,17,35,62
S01012591,24 and under,24,6,0,6,18,18,0,0,0,0
S01012591,25 to 34,36,10,5,5,26,19,0,4,3,0
S01012591,35 to 49,87,49,38,11,38,22,0,4,10,2
S01012591,50 to 64,88,46,41,5,42,13,0,6,15,8
S01012591,65 to 74,89,52,51,1,37,10,0,3,5,19
S01012591,75 to 84,50,19,19,0,31,5,0,0,2,24
S01012591,85 and over,11,2,2,0,9,0,0,0,0,9
S01012592,All HRPs,215,168,148,20,47,16,0,8,11,12
S01012592,24 and under,0,0,0,0,0,0,0,0,0,0
S01012592,25 to 34,23,20,12,8,3,3,0,0,0,0
S01012592,35 to 49,74,62,54,8,12,6,0,3,3,0
S01012592,50 to 64,76,57,55,2,19,6,0,5,5,3
S01012592,65 to 74,27,20,19,1,7,0,0,0,3,4
S01012592,75 to 84,15,9,8,1,6,1,0,0,0,5
S01012592,85 and over,0,0,0,0,0,0,0,0,0,0
S01012593,All HRPs,333,241,214,27,92,23,0,16,18,35
S01012593,24 and under,6,3,0,3,3,2,0,1,0,0
S01012593,25 to 34,38,29,18,11,9,6,0,2,1,0
S01012593,35 to 49,104,83,75,8,21,6,0,7,7,1
S01012593,50 to 64,128,94,91,3,34,8,0,5,8,13
S01012593,65 to 74,37,23,22,1,14,0,0,1,2,11
S01012593,75 to 84,17,8,8,0,9,1,0,0,0,8
S01012593,85 and over,3,1,0,1,2,0,0,0,0,2
S01012594,All HRPs,212,117,107,10,95,27,0,8,26,34
S01012594,24 and under,4,1,0,1,3,3,0,0,0,0
S01012594,25 to 34,26,15,12,3,11,9,0,2,0,0
S01012594,35 to 49,49,30,26,4,19,6,0,4,9,0
S01012594,50 to 64,72,49,47,2,23,4,0,1,12,6
S01012594,65 to 74,32,18,18,0,14,2,0,0,5,7
S01012594,75 to 84,22,3,3,0,19,2,0,1,0,16
S01012594,85 and over,7,1,1,0,6,1,0,0,0,5
S01012595,All HRPs,288,150,124,26,138,52,4,12,29,41
S01012595,24 and under,4,2,0,2,2,2,0,0,0,0
S01012595,25 to 34,34,9,3,6,25,20,1,3,1,0
S01012595,35 to 49,81,48,38,10,33,14,1,5,12,1
S01012595,50 to 64,90,60,54,6,30,11,1,2,10,6
S01012595,65 to 74,48,22,20,2,26,4,0,1,4,17
S01012595,75 to 84,25,8,8,0,17,1,1,1,1,13
S01012595,85 and over,6,1,1,0,5,0,0,0,1,4
S01012596,All HRPs,347,176,140,36,171,63,1,26,39,42
S01012596,24 and under,14,1,0,1,13,13,0,0,0,0
S01012596,25 to 34,54,31,17,14,23,17,0,4,2,0
S01012596,35 to 49,121,57,44,13,64,28,0,14,21,1
S01012596,50 to 64,84,56,48,8,28,4,0,8,11,5
S01012596,65 to 74,35,17,17,0,18,1,0,0,2,15
S01012596,75 to 84,34,14,14,0,20,0,1,0,3,16
S01012596,85 and over,5,0,0,0,5,0,0,0,0,5
S01012597,All HRPs,177,130,98,32,47,11,3,9,16,8
S01012597,24 and under,5,4,0,4,1,1,0,0,0,0
S01012597,25 to 34,46,40,24,16,6,2,1,3,0,0
S01012597,35 to 49,65,54,43,11,11,4,0,4,3,0
S01012597,50 to 64,35,23,22,1,12,2,0,1,9,0
S01012597,65 to 74,12,5,5,0,7,0,1,0,4,2
S01012597,75 to 84,10,4,4,0,6,2,1,0,0,3
S01012597,85 and over,4,0,0,0,4,0,0,1,0,3
S01012598,All HRPs,302,191,159,32,111,40,0,9,20,42
S01012598,24 and under,8,5,0,5,3,3,0,0,0,0
S01012598,25 to 34,37,20,9,11,17,15,0,1,1,0
S01012598,35 to 49,72,50,42,8,22,10,0,6,5,1
S01012598,50 to 64,109,80,72,8,29,7,0,2,11,9
S01012598,65 to 74,32,22,22,0,10,1,0,0,1,8
S01012598,75 to 84,35,12,12,0,23,4,0,0,1,18
S01012598,85 and over,9,2,2,0,7,0,0,0,1,6
S01012599,All HRPs,330,169,146,23,161,72,5,15,25,44
S01012599,24 and under,10,0,0,0,10,10,0,0,0,0
S01012599,25 to 34,40,15,7,8,25,22,0,2,1,0
S01012599,35 to 49,74,47,38,9,27,15,0,8,4,0
S01012599,50 to 64,101,62,56,6,39,14,1,4,16,4
S01012599,65 to 74,45,26,26,0,19,4,2,1,3,9
S01012599,75 to 84,44,16,16,0,28,1,0,0,1,26
S01012599,85 and over,16,3,3,0,13,6,2,0,0,5
S01012600,All HRPs,308,184,160,24,124,55,2,3,30,34
S01012600,24 and under,7,1,0,1,6,6,0,0,0,0
S01012600,25 to 34,43,25,11,14,18,17,0,0,1,0
S01012600,35 to 49,79,51,47,4,28,15,0,2,11,0
S01012600,50 to 64,120,86,81,5,34,12,2,1,14,5
S01012600,65 to 74,37,18,18,0,19,3,0,0,4,12
S01012600,75 to 84,12,1,1,0,11,1,0,0,0,10
S01012600,85 and over,10,2,2,0,8,1,0,0,0,7
S01012601,All HRPs,357,248,225,23,109,29,1,14,26,39
S01012601,24 and under,2,1,0,1,1,1,0,0,0,0
S01012601,25 to 34,43,32,21,11,11,10,0,0,1,0
S01012601,35 to 49,119,86,80,6,33,9,1,11,10,2
S01012601,50 to 64,121,92,88,4,29,3,0,2,12,12
S01012601,65 to 74,49,27,26,1,22,6,0,1,3,12
S01012601,75 to 84,17,8,8,0,9,0,0,0,0,9
S01012601,85 and over,6,2,2,0,4,0,0,0,0,4
S01012602,All HRPs,329,115,91,24,214,86,3,19,49,57
S01012602,24 and under,18,4,0,4,14,14,0,0,0,0
S01012602,25 to 34,45,16,4,12,29,26,0,0,3,0
S01012602,35 to 49,65,23,19,4,42,21,1,5,14,1
S01012602,50 to 64,93,40,36,4,53,14,2,11,19,7
S01012602,65 to 74,46,16,16,0,30,3,0,2,12,13
S01012602,75 to 84,44,13,13,0,31,6,0,1,1,23
S01012602,85 and over,18,3,3,0,15,2,0,0,0,13
S01012603,All HRPs,337,157,126,31,180,74,1,8,53,44
S01012603,24 and under,8,0,0,0,8,8,0,0,0,0
S01012603,25 to 34,37,18,4,14,19,18,0,1,0,0
S01012603,35 to 49,82,39,31,8,43,25,1,2,15,0
S01012603,50 to 64,107,53,47,6,54,18,0,2,25,9
S01012603,65 to 74,54,33,30,3,21,2,0,2,10,7
S01012603,75 to 84,42,14,14,0,28,1,0,0,3,24
S01012603,85 and over,7,0,0,0,7,2,0,1,0,4
S01012604,All HRPs,275,168,137,31,107,28,2,11,29,37
S01012604,24 and under,3,2,0,2,1,1,0,0,0,0
S01012604,25 to 34,29,18,7,11,11,8,1,1,1,0
S01012604,35 to 49,68,39,28,11,29,10,1,6,11,1
S01012604,50 to 64,95,64,58,6,31,6,0,4,12,9
S01012604,65 to 74,40,29,28,1,11,1,0,0,3,7
S01012604,75 to 84,38,16,16,0,22,2,0,0,2,18
S01012604,85 and over,2,0,0,0,2,0,0,0,0,2
S01012605,All HRPs,240,134,116,18,106,31,1,11,25,38
S01012605,24 and under,4,1,0,1,3,3,0,0,0,0
S01012605,25 to 34,21,14,7,7,7,6,0,1,0,0
S01012605,35 to 49,57,34,25,9,23,10,0,5,8,0
S01012605,50 to 64,70,42,41,1,28,7,1,4,12,4
S01012605,65 to 74,49,28,28,0,21,2,0,1,5,13
S01012605,75 to 84,27,14,14,0,13,0,0,0,0,13
S01012605,85 and over,12,1,1,0,11,3,0,0,0,8
S01012606,All HRPs,249,228,192,36,21,6,2,3,7,3
S01012606,24 and under,1,0,0,0,1,1,0,0,0,0
S01012606,25 to 34,52,45,34,11,7,4,1,1,0,1
S01012606,35 to 49,147,140,118,22,7,1,1,2,3,0
S01012606,50 to 64,40,36,33,3,4,0,0,0,4,0
S01012606,65 to 74,6,5,5,0,1,0,0,0,0,1
S01012606,75 to 84,2,1,1,0,1,0,0,0,0,1
S01012606,85 and over,1,1,1,0,0,0,0,0,0,0
S01012607,All HRPs,312,200,173,27,112,43,1,12,27,29
S01012607,24 and under,6,2,0,2,4,4,0,0,0,0
S01012607,25 to 34,35,18,11,7,17,16,0,1,0,0
S01012607,35 to 49,86,63,52,11,23,11,0,7,5,0
S01012607,50 to 64,117,77,71,6,40,7,0,4,20,9
S01012607,65 to 74,47,29,28,1,18,4,0,0,2,12
S01012607,75 to 84,18,9,9,0,9,1,1,0,0,7
S01012607,85 and over,3,2,2,0,1,0,0,0,0,1
S01012608,All HRPs,358,194,160,34,164,51,1,8,38,66
S01012608,24 and under,9,2,1,1,7,7,0,0,0,0
S01012608,25 to 34,47,29,13,16,18,17,0,1,0,0
S01012608,35 to 49,89,63,52,11,26,12,1,4,8,1
S01012608,50 to 64,109,66,60,6,43,9,0,3,19,12
S01012608,65 to 74,53,18,18,0,35,2,0,0,10,23
S01012608,75 to 84,41,15,15,0,26,2,0,0,1,23
S01012608,85 and over,10,1,1,0,9,2,0,0,0,7
S01012609,All HRPs,383,180,147,33,203,75,4,21,45,58
S01012609,24 and under,9,3,1,2,6,6,0,0,0,0
S01012609,25 to 34,47,16,7,9,31,26,0,4,1,0
S01012609,35 to 49,127,65,48,17,62,30,3,12,15,2
S01012609,50 to 64,101,49,45,4,52,10,1,5,20,16
S01012609,65 to 74,48,29,28,1,19,3,0,0,5,11
S01012609,75 to 84,39,14,14,0,25,0,0,0,4,21
S01012609,85 and over,12,4,4,0,8,0,0,0,0,8
S01012610,All HRPs,425,178,122,56,247,105,4,37,54,47
S01012610,24 and under,23,5,0,5,18,18,0,0,0,0
S01012610,25 to 34,89,36,10,26,53,42,1,6,4,0
S01012610,35 to 49,118,50,39,11,68,28,0,20,18,2
S01012610,50 to 64,110,60,47,13,50,6,2,10,24,8
S01012610,65 to 74,49,21,20,1,28,8,1,1,6,12
S01012610,75 to 84,30,5,5,0,25,3,0,0,2,20
S01012610,85 and over,6,1,1,0,5,0,0,0,0,5
S01012611,All HRPs,352,215,192,23,137,40,1,11,38,47
S01012611,24 and under,5,3,0,3,2,2,0,0,0,0
S01012611,25 to 34,46,21,10,11,25,21,1,3,0,0
S01012611,35 to 49,80,55,48,7,25,8,0,6,11,0
S01012611,50 to 64,122,88,88,0,34,4,0,2,17,11
S01012611,65 to 74,64,42,40,2,22,3,0,0,9,10
S01012611,75 to 84,22,6,6,0,16,2,0,0,0,14
S01012611,85 and over,13,0,0,0,13,0,0,0,1,12
S01012612,All HRPs,294,182,158,24,112,27,1,16,23,45
S01012612,24 and under,1,0,0,0,1,1,0,0,0,0
S01012612,25 to 34,26,18,11,7,8,7,0,1,0,0
S01012612,35 to 49,82,56,45,11,26,9,1,8,7,1
S01012612,50 to 64,97,67,63,4,30,4,0,7,12,7
S01012612,65 to 74,56,31,30,1,25,2,0,0,4,19
S01012612,75 to 84,27,10,9,1,17,3,0,0,0,14
S01012612,85 and over,5,0,0,0,5,1,0,0,0,4
S01012613,All HRPs,287,163,132,31,124,48,0,18,26,32
S01012613,24 and under,7,1,0,1,6,6,0,0,0,0
S01012613,25 to 34,28,16,4,12,12,11,0,0,1,0
S01012613,35 to 49,99,50,36,14,49,25,0,12,10,2
S01012613,50 to 64,90,63,60,3,27,5,0,5,12,5
S01012613,65 to 74,40,26,25,1,14,0,0,1,3,10
S01012613,75 to 84,16,7,7,0,9,0,0,0,0,9
S01012613,85 and over,7,0,0,0,7,1,0,0,0,6
S01012614,All HRPs,455,261,215,46,194,69,1,28,39,57
S01012614,24 and under,23,8,0,8,15,14,0,1,0,0
S01012614,25 to 34,67,35,19,16,32,29,0,0,3,0
S01012614,35 to 49,102,58,47,11,44,18,0,13,12,1
S01012614,50 to 64,142,103,94,9,39,2,0,9,16,12
S01012614,65 to 74,74,43,41,2,31,5,0,3,8,15
S01012614,75 to 84,31,11,11,0,20,1,0,2,0,17
S01012614,85 and over,16,3,3,0,13,0,1,0,0,12
S01012615,All HRPs,306,183,155,28,123,32,2,13,30,46
S01012615,24 and under,3,2,1,1,1,1,0,0,0,0
S01012615,25 to 34,15,9,5,4,6,5,1,0,0,0
S01012615,35 to 49,75,49,39,10,26,11,1,8,5,1
S01012615,50 to 64,112,73,63,10,39,11,0,4,15,9
S01012615,65 to 74,56,32,30,2,24,2,0,1,9,12
S01012615,75 to 84,33,15,15,0,18,1,0,0,1,16
S01012615,85 and over,12,3,2,1,9,1,0,0,0,8
S01012616,All HRPs,384,254,224,30,130,38,2,11,31,48
S01012616,24 and under,10,4,2,2,6,6,0,0,0,0
S01012616,25 to 34,26,15,12,3,11,8,0,1,2,0
S01012616,35 to 49,111,84,71,13,27,12,0,5,9,1
S01012616,50 to 64,122,94,88,6,28,8,0,5,11,4
S01012616,65 to 74,57,36,33,3,21,1,1,0,7,12
S01012616,75 to 84,44,21,18,3,23,1,1,0,2,19
S01012616,85 and over,14,0,0,0,14,2,0,0,0,12
S01012617,All HRPs,151,113,97,16,38,11,1,6,6,14
S01012617,24 and under,1,0,0,0,1,1,0,0,0,0
S01012617,25 to 34,18,15,8,7,3,2,1,0,0,0
S01012617,35 to 49,40,29,24,5,11,2,0,5,4,0
S01012617,50 to 64,58,50,46,4,8,3,0,1,2,2
S01012617,65 to 74,16,9,9,0,7,1,0,0,0,6
S01012617,75 to 84,13,8,8,0,5,1,0,0,0,4
S01012617,85 and over,5,2,2,0,3,1,0,0,0,2
S01012618,All HRPs,209,135,120,15,74,24,1,10,15,24
S01012618,24 and under,3,1,0,1,2,2,0,0,0,0
S01012618,25 to 34,15,7,3,4,8,7,0,0,1,0
S01012618,35 to 49,68,49,42,7,19,8,1,5,5,0
S01012618,50 to 64,85,64,62,2,21,3,0,5,7,6
S01012618,65 to 74,19,9,8,1,10,1,0,0,2,7
S01012618,75 to 84,15,4,4,0,11,3,0,0,0,8
S01012618,85 and over,4,1,1,0,3,0,0,0,0,3
S01012619,All HRPs,295,111,89,22,184,82,0,20,43,39
S01012619,24 and under,10,0,0,0,10,9,0,1,0,0
S01012619,25 to 34,45,15,6,9,30,27,0,1,1,1
S01012619,35 to 49,49,17,11,6,32,16,0,7,9,0
S01012619,50 to 64,94,48,42,6,46,18,0,8,17,3
S01012619,65 to 74,46,18,18,0,28,6,0,1,8,13
S01012619,75 to 84,36,12,11,1,24,3,0,1,7,13
S01012619,85 and over,15,1,1,0,14,3,0,1,1,9
S01012620,All HRPs,325,222,209,13,103,26,3,7,19,48
S01012620,24 and under,1,0,0,0,1,1,0,0,0,0
S01012620,25 to 34,16,8,6,2,8,8,0,0,0,0
S01012620,35 to 49,68,51,47,4,17,7,0,3,5,2
S01012620,50 to 64,124,97,92,5,27,8,1,3,9,6
S01012620,65 to 74,57,41,39,2,16,1,0,1,4,10
S01012620,75 to 84,45,23,23,0,22,1,1,0,1,19
S01012620,85 and over,14,2,2,0,12,0,1,0,0,11
S01012621,All HRPs,277,157,134,23,120,36,2,14,23,45
S01012621,24 and under,5,2,0,2,3,3,0,0,0,0
S01012621,25 to 34,19,10,2,8,9,7,0,2,0,0
S01012621,35 to 49,58,33,26,7,25,14,0,9,1,1
S01012621,50 to 64,83,59,54,5,24,6,1,2,13,2
S01012621,65 to 74,48,31,30,1,17,2,1,1,5,8
S01012621,75 to 84,54,21,21,0,33,3,0,0,4,26
S01012621,85 and over,10,1,1,0,9,1,0,0,0,8
S01012622,All HRPs,341,175,149,26,166,62,1,17,43,43
S01012622,24 and under,4,0,0,0,4,4,0,0,0,0
S01012622,25 to 34,44,24,11,13,20,17,0,3,0,0
S01012622,35 to 49,103,52,41,11,51,21,1,11,18,0
S01012622,50 to 64,94,54,52,2,40,11,0,3,20,6
S01012622,65 to 74,48,31,31,0,17,5,0,0,2,10
S01012622,75 to 84,35,10,10,0,25,3,0,0,2,20
S01012622,85 and over,13,4,4,0,9,1,0,0,1,7
S01012623,All HRPs,320,140,112,28,180,69,2,13,40,56
S01012623,24 and under,8,3,0,3,5,5,0,0,0,0
S01012623,25 to 34,42,21,10,11,21,17,0,2,1,1
S01012623,35 to 49,78,30,22,8,48,27,0,7,12,2
S01012623,50 to 64,105,53,48,5,52,17,1,4,21,9
S01012623,65 to 74,43,26,25,1,17,1,0,0,6,10
S01012623,75 to 84,33,6,6,0,27,2,0,0,0,25
S01012623,85 and over,11,1,1,0,10,0,1,0,0,9
S01012624,All HRPs,334,153,126,27,181,59,1,15,47,59
S01012624,24 and under,6,4,0,4,2,2,0,0,0,0
S01012624,25 to 34,48,23,10,13,25,20,0,1,4,0
S01012624,35 to 49,87,43,36,7,44,20,1,9,14,0
S01012624,50 to 64,94,51,49,2,43,9,0,3,24,7
S01012624,65 to 74,44,19,18,1,25,5,0,2,2,16
S01012624,75 to 84,46,12,12,0,34,3,0,0,3,28
S01012624,85 and over,9,1,1,0,8,0,0,0,0,8
S01012625,All HRPs,263,122,97,25,141,59,1,9,37,35
S01012625,24 and under,25,3,0,3,22,20,0,0,0,2
S01012625,25 to 34,31,13,7,6,18,17,0,1,0,0
S01012625,35 to 49,71,38,28,10,33,12,0,6,15,0
S01012625,50 to 64,68,40,35,5,28,6,0,2,13,7
S01012625,65 to 74,27,12,11,1,15,1,0,0,8,6
S01012625,75 to 84,36,15,15,0,21,3,0,0,1,17
S01012625,85 and over,5,1,1,0,4,0,1,0,0,3
S01012626,All HRPs,216,133,116,17,83,21,2,11,17,32
S01012626,24 and under,2,2,1,1,0,0,0,0,0,0
S01012626,25 to 34,21,14,6,8,7,5,0,2,0,0
S01012626,35 to 49,49,31,27,4,18,10,0,5,3,0
S01012626,50 to 64,75,50,47,3,25,5,0,3,12,5
S01012626,65 to 74,35,27,26,1,8,0,1,1,1,5
S01012626,75 to 84,28,8,8,0,20,1,1,0,1,17
S01012626,85 and over,6,1,1,0,5,0,0,0,0,5
S01012627,All HRPs,241,120,96,24,121,41,1,19,38,22
S01012627,24 and under,15,5,0,5,10,10,0,0,0,0
S01012627,25 to 34,18,6,3,3,12,8,0,1,3,0
S01012627,35 to 49,79,40,29,11,39,15,0,10,13,1
S01012627,50 to 64,77,45,40,5,32,6,1,4,18,3
S01012627,65 to 74,34,21,21,0,13,0,0,3,2,8
S01012627,75 to 84,8,3,3,0,5,0,0,1,2,2
S01012627,85 and over,10,0,0,0,10,2,0,0,0,8
S01012628,All HRPs,334,256,225,31,78,32,2,9,14,21
S01012628,24 and under,2,0,0,0,2,2,0,0,0,0
S01012628,25 to 34,36,27,20,7,9,8,0,1,0,0
S01012628,35 to 49,144,117,100,17,27,12,1,5,8,1
S01012628,50 to 64,83,65,59,6,18,4,1,3,6,4
S01012628,65 to 74,37,29,29,0,8,0,0,0,0,8
S01012628,75 to 84,25,17,16,1,8,4,0,0,0,4
S01012628,85 and over,7,1,1,0,6,2,0,0,0,4
S01012629,All HRPs,197,126,114,12,71,18,2,10,15,26
S01012629,24 and under,1,0,0,0,1,1,0,0,0,0
S01012629,25 to 34,12,5,4,1,7,6,0,1,0,0
S01012629,35 to 49,67,52,45,7,15,4,1,5,5,0
S01012629,50 to 64,63,44,40,4,19,4,1,2,6,6
S01012629,65 to 74,26,14,14,0,12,2,0,2,2,6
S01012629,75 to 84,22,7,7,0,15,1,0,0,2,12
S01012629,85 and over,6,4,4,0,2,0,0,0,0,2
S01012630,All HRPs,508,174,132,42,334,108,11,29,75,111
S01012630,24 and under,21,8,0,8,13,13,0,0,0,0
S01012630,25 to 34,46,18,3,15,28,26,0,2,0,0
S01012630,35 to 49,101,32,22,10,69,30,2,13,23,1
S01012630,50 to 64,123,53,45,8,70,14,3,8,35,10
S01012630,65 to 74,82,30,30,0,52,13,3,3,9,24
S01012630,75 to 84,105,29,28,1,76,10,1,2,7,56
S01012630,85 and over,30,4,4,0,26,2,2,1,1,20
S01012631,All HRPs,423,185,141,44,238,126,5,24,50,33
S01012631,24 and under,33,7,0,7,26,25,1,0,0,0
S01012631,25 to 34,47,19,10,9,28,25,0,1,2,0
S01012631,35 to 49,151,69,54,15,82,48,1,15,17,1
S01012631,50 to 64,116,59,50,9,57,20,1,7,26,3
S01012631,65 to 74,41,18,14,4,23,6,2,1,4,10
S01012631,75 to 84,30,13,13,0,17,2,0,0,1,14
S01012631,85 and over,5,0,0,0,5,0,0,0,0,5
S01012632,All HRPs,304,207,187,20,97,43,2,7,26,19
S01012632,24 and under,2,0,0,0,2,2,0,0,0,0
S01012632,25 to 34,27,14,11,3,13,11,0,1,1,0
S01012632,35 to 49,102,76,63,13,26,13,1,4,8,0
S01012632,50 to 64,103,70,66,4,33,14,0,1,15,3
S01012632,65 to 74,40,31,31,0,9,2,1,1,1,4
S01012632,75 to 84,21,14,14,0,7,0,0,0,0,7
S01012632,85 and over,9,2,2,0,7,1,0,0,1,5
S01012633,All HRPs,283,198,177,21,85,35,1,15,15,19
S01012633,24 and under,7,1,0,1,6,6,0,0,0,0
S01012633,25 to 34,19,11,5,6,8,8,0,0,0,0
S01012633,35 to 49,81,58,53,5,23,12,0,8,3,0
S01012633,50 to 64,100,82,77,5,18,4,0,4,8,2
S01012633,65 to 74,46,32,29,3,14,4,1,2,3,4
S01012633,75 to 84,26,14,13,1,12,1,0,0,1,10
S01012633,85 and over,4,0,0,0,4,0,0,1,0,3
S01012634,All HRPs,339,150,123,27,189,69,2,15,57,46
S01012634,24 and under,5,0,0,0,5,5,0,0,0,0
S01012634,25 to 34,29,8,3,5,21,20,0,0,1,0
S01012634,35 to 49,91,45,32,13,46,28,0,5,12,1
S01012634,50 to 64,107,57,52,5,50,10,1,8,25,6
S01012634,65 to 74,65,30,28,2,35,5,0,2,14,14
S01012634,75 to 84,34,9,7,2,25,1,1,0,5,18
S01012634,85 and over,8,1,1,0,7,0,0,0,0,7
S01012635,All HRPs,430,304,263,41,126,41,3,14,27,41
S01012635,24 and under,13,5,1,4,8,8,0,0,0,0
S01012635,25 to 34,37,21,12,9,16,15,0,1,0,0
S01012635,35 to 49,141,108,93,15,33,11,1,9,10,2
S01012635,50 to 64,124,93,83,10,31,5,1,1,14,10
S01012635,65 to 74,72,56,53,3,16,1,0,3,2,10
S01012635,75 to 84,37,18,18,0,19,1,1,0,1,16
S01012635,85 and over,6,3,3,0,3,0,0,0,0,3
S01012636,All HRPs,250,174,142,32,76,24,3,8,16,25
S01012636,24 and under,8,2,0,2,6,6,0,0,0,0
S01012636,25 to 34,22,12,7,5,10,7,0,2,1,0
S01012636,35 to 49,79,65,51,14,14,4,0,4,3,3
S01012636,50 to 64,77,56,45,11,21,6,0,2,8,5
S01012636,65 to 74,38,27,27,0,11,1,3,0,3,4
S01012636,75 to 84,19,10,10,0,9,0,0,0,1,8
S01012636,85 and over,7,2,2,0,5,0,0,0,0,5
S01012637,All HRPs,365,178,130,48,187,69,1,23,39,55
S01012637,24 and under,14,2,0,2,12,11,0,1,0,0
S01012637,25 to 34,59,37,14,23,22,16,0,3,3,0
S01012637,35 to 49,111,56,43,13,55,21,0,14,16,4
S01012637,50 to 64,91,52,44,8,39,11,0,4,14,10
S01012637,65 to 74,43,19,18,1,24,6,1,1,6,10
S01012637,75 to 84,35,11,11,0,24,3,0,0,0,21
S01012637,85 and over,12,1,0,1,11,1,0,0,0,10
S01012638,All HRPs,406,208,176,32,198,48,4,33,31,82
S01012638,24 and under,10,6,0,6,4,4,0,0,0,0
S01012638,25 to 34,38,22,14,8,16,11,0,2,3,0
S01012638,35 to 49,105,68,55,13,37,12,1,15,9,0
S01012638,50 to 64,112,68,63,5,44,11,0,11,13,9
S01012638,65 to 74,61,26,26,0,35,6,2,1,2,24
S01012638,75 to 84,56,16,16,0,40,4,1,4,3,28
S01012638,85 and over,24,2,2,0,22,0,0,0,1,21
S01012639,All HRPs,360,200,170,30,160,66,1,11,32,50
S01012639,24 and under,5,1,0,1,4,4,0,0,0,0
S01012639,25 to 34,53,34,19,15,19,16,0,2,1,0
S01012639,35 to 49,107,66,56,10,41,17,1,7,12,4
S01012639,50 to 64,87,58,55,3,29,11,0,1,11,6
S01012639,65 to 74,56,28,28,0,28,10,0,0,7,11
S01012639,75 to 84,39,11,11,0,28,5,0,0,1,22
S01012639,85 and over,13,2,1,1,11,3,0,1,0,7
S01012640,All HRPs,439,211,147,64,228,96,5,17,60,50
S01012640,24 and under,19,6,0,6,13,13,0,0,0,0
S01012640,25 to 34,59,27,7,20,32,27,2,1,2,0
S01012640,35 to 49,106,49,29,20,57,30,2,7,17,1
S01012640,50 to 64,132,75,61,14,57,11,1,7,31,7
S01012640,65 to 74,66,37,34,3,29,8,0,2,5,14
S01012640,75 to 84,45,16,15,1,29,4,0,0,5,20
S01012640,85 and over,12,1,1,0,11,3,0,0,0,8
S01012641,All HRPs,484,234,193,41,250,91,7,24,29,99
S01012641,24 and under,27,9,1,8,18,17,0,0,0,1
S01012641,25 to 34,53,23,10,13,30,29,0,1,0,0
S01012641,35 to 49,114,73,61,12,41,14,2,16,9,0
S01012641,50 to 64,97,58,53,5,39,8,1,6,17,7
S01012641,65 to 74,67,36,33,3,31,9,0,1,3,18
S01012641,75 to 84,70,25,25,0,45,6,2,0,0,37
S01012641,85 and over,56,10,10,0,46,8,2,0,0,36
S01012642,All HRPs,380,159,119,40,221,84,0,27,44,66
S01012642,24 and under,18,5,1,4,13,13,0,0,0,0
S01012642,25 to 34,53,26,9,17,27,25,0,2,0,0
S01012642,35 to 49,104,35,27,8,69,31,0,14,20,4
S01012642,50 to 64,100,58,51,7,42,8,0,9,15,10
S01012642,65 to 74,59,21,18,3,38,6,0,1,7,24
S01012642,75 to 84,37,12,12,0,25,1,0,1,2,21
S01012642,85 and over,9,2,1,1,7,0,0,0,0,7
S01012643,All HRPs,199,122,99,23,77,27,1,9,13,27
S01012643,24 and under,4,2,1,1,2,2,0,0,0,0
S01012643,25 to 34,30,19,6,13,11,9,0,2,0,0
S01012643,35 to 49,51,28,23,5,23,10,1,5,5,2
S01012643,50 to 64,60,45,44,1,15,3,0,2,6,4
S01012643,65 to 74,23,17,16,1,6,1,0,0,2,3
S01012643,75 to 84,26,9,7,2,17,2,0,0,0,15
S01012643,85 and over,5,2,2,0,3,0,0,0,0,3
S01012644,All HRPs,301,150,119,31,151,56,1,17,28,49
S01012644,24 and under,8,3,1,2,5,5,0,0,0,0
S01012644,25 to 34,44,20,9,11,24,22,0,2,0,0
S01012644,35 to 49,101,60,49,11,41,16,1,11,13,0
S01012644,50 to 64,60,34,30,4,26,6,0,4,10,6
S01012644,65 to 74,40,22,19,3,18,5,0,0,2,11
S01012644,75 to 84,40,9,9,0,31,2,0,0,3,26
S01012644,85 and over,8,2,2,0,6,0,0,0,0,6
S01012645,All HRPs,368,192,167,25,176,53,5,18,37,63
S01012645,24 and under,4,1,0,1,3,3,0,0,0,0
S01012645,25 to 34,35,17,13,4,18,16,1,0,0,1
S01012645,35 to 49,107,71,61,10,36,14,0,7,13,2
S01012645,50 to 64,109,66,56,10,43,11,2,10,16,4
S01012645,65 to 74,50,26,26,0,24,4,2,1,7,10
S01012645,75 to 84,36,9,9,0,27,2,0,0,1,24
S01012645,85 and over,27,2,2,0,25,3,0,0,0,22
S01012646,All HRPs,405,259,224,35,146,51,0,26,31,38
S01012646,24 and under,7,3,0,3,4,3,0,1,0,0
S01012646,25 to 34,32,18,12,6,14,10,0,4,0,0
S01012646,35 to 49,150,101,84,17,49,18,0,14,16,1
S01012646,50 to 64,126,87,78,9,39,13,0,7,11,8
S01012646,65 to 74,48,28,28,0,20,3,0,0,4,13
S01012646,75 to 84,32,19,19,0,13,2,0,0,0,11
S01012646,85 and over,10,3,3,0,7,2,0,0,0,5
S01012647,All HRPs,269,197,149,48,72,29,1,14,21,7
S01012647,24 and under,14,7,0,7,7,7,0,0,0,0
S01012647,25 to 34,67,54,34,20,13,9,0,1,2,1
S01012647,35 to 49,128,97,78,19,31,9,1,12,8,1
S01012647,50 to 64,50,34,32,2,16,3,0,1,11,1
S01012647,65 to 74,8,5,5,0,3,0,0,0,0,3
S01012647,75 to 84,1,0,0,0,1,0,0,0,0,1
S01012647,85 and over,1,0,0,0,1,1,0,0,0,0
S01012648,All HRPs,229,110,88,22,119,43,1,17,23,35
S01012648,24 and under,8,0,0,0,8,8,0,0,0,0
S01012648,25 to 34,28,12,3,9,16,15,0,0,1,0
S01012648,35 to 49,65,35,26,9,30,12,0,10,8,0
S01012648,50 to 64,64,37,33,4,27,5,1,6,9,6
S01012648,65 to 74,40,18,18,0,22,3,0,1,5,13
S01012648,75 to 84,16,6,6,0,10,0,0,0,0,10
S01012648,85 and over,8,2,2,0,6,0,0,0,0,6
S01012649,All HRPs,267,156,133,23,111,52,3,8,17,31
S01012649,24 and under,7,2,0,2,5,5,0,0,0,0
S01012649,25 to 34,36,16,11,5,20,18,0,0,2,0
S01012649,35 to 49,76,48,41,7,28,13,0,6,7,2
S01012649,50 to 64,76,55,46,9,21,9,1,1,7,3
S01012649,65 to 74,38,24,24,0,14,4,1,1,1,7
S01012649,75 to 84,27,10,10,0,17,3,0,0,0,14
S01012649,85 and over,7,1,1,0,6,0,1,0,0,5
S01012650,All HRPs,266,163,145,18,103,41,1,3,26,32
S01012650,24 and under,2,1,0,1,1,1,0,0,0,0
S01012650,25 to 34,23,11,7,4,12,11,0,0,1,0
S01012650,35 to 49,80,50,40,10,30,18,0,1,10,1
S01012650,50 to 64,92,68,65,3,24,4,0,2,11,7
S01012650,65 to 74,43,27,27,0,16,4,0,0,1,11
S01012650,75 to 84,19,5,5,0,14,3,1,0,3,7
S01012650,85 and over,7,1,1,0,6,0,0,0,0,6
S01012651,All HRPs,327,130,101,29,197,73,1,17,49,57
S01012651,24 and under,18,8,2,6,10,9,0,1,0,0
S01012651,25 to 34,40,19,8,11,21,19,0,1,1,0
S01012651,35 to 49,97,35,25,10,62,29,0,8,22,3
S01012651,50 to 64,73,36,36,0,37,7,0,4,20,6
S01012651,65 to 74,58,23,21,2,35,7,1,3,5,19
S01012651,75 to 84,32,6,6,0,26,2,0,0,1,23
S01012651,85 and over,9,3,3,0,6,0,0,0,0,6
S01012652,All HRPs,431,309,278,31,122,41,1,9,22,49
S01012652,24 and under,6,2,0,2,4,4,0,0,0,0
S01012652,25 to 34,38,23,11,12,15,14,0,0,1,0
S01012652,35 to 49,116,90,75,15,26,12,0,6,7,1
S01012652,50 to 64,165,137,135,2,28,9,0,3,9,7
S01012652,65 to 74,62,37,37,0,25,1,0,0,5,19
S01012652,75 to 84,33,18,18,0,15,1,1,0,0,13
S01012652,85 and over,11,2,2,0,9,0,0,0,0,9
S01012653,All HRPs,363,191,143,48,172,86,6,17,28,35
S01012653,24 and under,17,3,0,3,14,14,0,0,0,0
S01012653,25 to 34,54,24,11,13,30,30,0,0,0,0
S01012653,35 to 49,127,71,49,22,56,26,2,15,12,1
S01012653,50 to 64,99,63,58,5,36,10,3,2,11,10
S01012653,65 to 74,39,24,21,3,15,3,1,0,3,8
S01012653,75 to 84,21,5,4,1,16,2,0,0,2,12
S01012653,85 and over,6,1,0,1,5,1,0,0,0,4
S01012654,All HRPs,326,199,173,26,127,56,3,20,18,30
S01012654,24 and under,11,2,0,2,9,9,0,0,0,0
S01012654,25 to 34,29,14,9,5,15,15,0,0,0,0
S01012654,35 to 49,119,80,64,16,39,20,1,10,7,1
S01012654,50 to 64,95,59,56,3,36,9,1,7,9,10
S01012654,65 to 74,44,30,30,0,14,3,1,2,1,7
S01012654,75 to 84,22,11,11,0,11,0,0,1,1,9
S01012654,85 and over,6,3,3,0,3,0,0,0,0,3
S01012655,All HRPs,454,255,214,41,199,78,5,20,33,63
S01012655,24 and under,15,2,0,2,13,10,0,3,0,0
S01012655,25 to 34,57,21,10,11,36,31,0,5,0,0
S01012655,35 to 49,126,76,54,22,50,22,3,7,15,3
S01012655,50 to 64,140,98,92,6,42,12,2,3,11,14
S01012655,65 to 74,64,36,36,0,28,1,0,2,7,18
S01012655,75 to 84,44,20,20,0,24,2,0,0,0,22
S01012655,85 and over,8,2,2,0,6,0,0,0,0,6
S01012656,All HRPs,405,172,133,39,233,89,2,22,50,70
S01012656,24 and under,14,4,0,4,10,10,0,0,0,0
S01012656,25 to 34,51,22,7,15,29,27,0,2,0,0
S01012656,35 to 49,108,51,39,12,57,32,0,7,18,0
S01012656,50 to 64,98,49,42,7,49,9,1,6,22,11
S01012656,65 to 74,67,29,28,1,38,9,0,2,8,19
S01012656,75 to 84,48,15,15,0,33,0,1,5,2,25
S01012656,85 and over,19,2,2,0,17,2,0,0,0,15
S01012657,All HRPs,272,116,97,19,156,69,0,15,24,48
S01012657,24 and under,18,2,1,1,16,16,0,0,0,0
S01012657,25 to 34,34,15,8,7,19,18,0,1,0,0
S01012657,35 to 49,74,36,28,8,38,21,0,8,6,3
S01012657,50 to 64,54,28,26,2,26,7,0,5,12,2
S01012657,65 to 74,44,20,19,1,24,4,0,1,4,15
S01012657,75 to 84,37,13,13,0,24,1,0,0,2,21
S01012657,85 and over,11,2,2,0,9,2,0,0,0,7
S01012658,All HRPs,424,263,235,28,161,47,3,8,33,70
S01012658,24 and under,9,5,0,5,4,4,0,0,0,0
S01012658,25 to 34,34,18,10,8,16,11,0,2,3,0
S01012658,35 to 49,108,73,64,9,35,17,1,4,9,4
S01012658,50 to 64,139,105,100,5,34,10,0,1,12,11
S01012658,65 to 74,75,42,42,0,33,3,0,1,7,22
S01012658,75 to 84,47,19,18,1,28,1,1,0,2,24
S01012658,85 and over,12,1,1,0,11,1,1,0,0,9
S01012659,All HRPs,366,288,256,32,78,30,2,18,16,12
S01012659,24 and under,1,0,0,0,1,1,0,0,0,0
S01012659,25 to 34,44,36,23,13,8,4,0,3,1,0
S01012659,35 to 49,194,152,136,16,42,20,2,13,7,0
S01012659,50 to 64,87,71,69,2,16,4,0,2,7,3
S01012659,65 to 74,22,16,15,1,6,1,0,0,1,4
S01012659,75 to 84,16,12,12,0,4,0,0,0,0,4
S01012659,85 and over,2,1,1,0,1,0,0,0,0,1
S01012660,All HRPs,326,152,132,20,174,52,3,9,38,72
S01012660,24 and under,9,1,0,1,8,8,0,0,0,0
S01012660,25 to 34,29,15,8,7,14,10,1,1,0,2
S01012660,35 to 49,91,56,46,10,35,17,0,5,12,1
S01012660,50 to 64,99,56,54,2,43,11,0,2,18,12
S01012660,65 to 74,43,18,18,0,25,1,0,1,6,17
S01012660,75 to 84,44,6,6,0,38,5,2,0,0,31
S01012660,85 and over,11,0,0,0,11,0,0,0,2,9
S01012661,All HRPs,324,193,162,31,131,38,1,19,34,39
S01012661,24 and under,12,4,0,4,8,7,0,1,0,0
S01012661,25 to 34,23,11,4,7,12,10,0,0,2,0
S01012661,35 to 49,101,64,54,10,37,16,1,10,9,1
S01012661,50 to 64,98,66,59,7,32,2,0,7,16,7
S01012661,65 to 74,39,30,28,2,9,1,0,1,3,4
S01012661,75 to 84,41,17,16,1,24,2,0,0,4,18
S01012661,85 and over,10,1,1,0,9,0,0,0,0,9
S01012662,All HRPs,370,167,137,30,203,70,1,21,41,70
S01012662,24 and under,13,2,1,1,11,11,0,0,0,0
S01012662,25 to 34,44,18,5,13,26,19,0,6,1,0
S01012662,35 to 49,87,42,32,10,45,23,0,10,10,2
S01012662,50 to 64,97,61,57,4,36,4,0,4,20,8
S01012662,65 to 74,68,29,27,2,39,2,1,1,6,29
S01012662,75 to 84,47,14,14,0,33,8,0,0,3,22
S01012662,85 and over,14,1,1,0,13,3,0,0,1,9
S01012663,All HRPs,301,201,177,24,100,37,3,8,22,30
S01012663,24 and under,5,1,0,1,4,4,0,0,0,0
S01012663,25 to 34,26,12,5,7,14,12,0,2,0,0
S01012663,35 to 49,74,56,48,8,18,9,1,4,3,1
S01012663,50 to 64,94,68,64,4,26,6,2,2,11,5
S01012663,65 to 74,61,42,39,3,19,3,0,0,6,10
S01012663,75 to 84,31,20,19,1,11,1,0,0,2,8
S01012663,85 and over,10,2,2,0,8,2,0,0,0,6
S01012664,All HRPs,462,206,172,34,256,97,3,28,58,70
S01012664,24 and under,17,2,0,2,15,15,0,0,0,0
S01012664,25 to 34,58,25,12,13,33,29,0,3,1,0
S01012664,35 to 49,140,64,51,13,76,33,2,14,27,0
S01012664,50 to 64,113,64,59,5,49,10,0,7,24,8
S01012664,65 to 74,59,37,36,1,22,1,1,3,3,14
S01012664,75 to 84,53,12,12,0,41,5,0,1,3,32
S01012664,85 and over,22,2,2,0,20,4,0,0,0,16
S01012665,All HRPs,346,147,119,28,199,94,2,19,40,44
S01012665,24 and under,20,6,2,4,14,14,0,0,0,0
S01012665,25 to 34,55,15,3,12,40,36,0,4,0,0
S01012665,35 to 49,101,44,36,8,57,25,1,11,20,0
S01012665,50 to 64,74,38,36,2,36,11,1,4,13,7
S01012665,65 to 74,61,33,33,0,28,4,0,0,6,18
S01012665,75 to 84,27,8,7,1,19,2,0,0,1,16
S01012665,85 and over,8,3,2,1,5,2,0,0,0,3
S01012666,All HRPs,337,142,116,26,195,67,1,23,35,69
S01012666,24 and under,10,2,1,1,8,8,0,0,0,0
S01012666,25 to 34,43,13,4,9,30,29,0,1,0,0
S01012666,35 to 49,83,35,23,12,48,20,1,11,12,4
S01012666,50 to 64,93,51,49,2,42,8,0,5,16,13
S01012666,65 to 74,60,29,27,2,31,2,0,2,4,23
S01012666,75 to 84,36,12,12,0,24,0,0,2,3,19
S01012666,85 and over,12,0,0,0,12,0,0,2,0,10
S01012667,All HRPs,279,116,92,24,163,79,0,13,39,32
S01012667,24 and under,21,2,0,2,19,17,0,0,2,0
S01012667,25 to 34,37,13,4,9,24,23,0,0,1,0
S01012667,35 to 49,81,30,22,8,51,22,0,9,18,2
S01012667,50 to 64,60,35,31,4,25,8,0,2,10,5
S01012667,65 to 74,50,26,25,1,24,6,0,2,7,9
S01012667,75 to 84,28,9,9,0,19,3,0,0,1,15
S01012667,85 and over,2,1,1,0,1,0,0,0,0,1
S01012668,All HRPs,347,149,115,34,198,72,4,17,51,54
S01012668,24 and under,15,8,0,8,7,7,0,0,0,0
S01012668,25 to 34,50,19,11,8,31,26,0,2,3,0
S01012668,35 to 49,104,51,38,13,53,19,1,6,25,2
S01012668,50 to 64,95,45,42,3,50,13,2,8,19,8
S01012668,65 to 74,40,18,16,2,22,3,0,1,2,16
S01012668,75 to 84,33,6,6,0,27,3,0,0,2,22
S01012668,85 and over,10,2,2,0,8,1,1,0,0,6
S01012669,All HRPs,296,211,195,16,85,17,3,11,19,35
S01012669,24 and under,1,1,0,1,0,0,0,0,0,0
S01012669,25 to 34,22,15,10,5,7,6,0,0,0,1
S01012669,35 to 49,83,61,53,8,22,5,1,7,8,1
S01012669,50 to 64,97,77,75,2,20,3,1,4,7,5
S01012669,65 to 74,57,35,35,0,22,2,1,0,3,16
S01012669,75 to 84,32,22,22,0,10,0,0,0,1,9
S01012669,85 and over,4,0,0,0,4,1,0,0,0,3
S01012670,All HRPs,295,212,189,23,83,18,2,10,13,40
S01012670,24 and under,9,6,1,5,3,3,0,0,0,0
S01012670,25 to 34,14,8,7,1,6,6,0,0,0,0
S01012670,35 to 49,66,50,39,11,16,6,0,4,6,0
S01012670,50 to 64,91,78,75,3,13,1,1,4,3,4
S01012670,65 to 74,64,48,45,3,16,2,0,2,3,9
S01012670,75 to 84,37,19,19,0,18,0,1,0,1,16
S01012670,85 and over,14,3,3,0,11,0,0,0,0,11
S01012671,All HRPs,388,217,181,36,171,62,0,12,36,61
S01012671,24 and under,11,1,0,1,10,10,0,0,0,0
S01012671,25 to 34,53,26,16,10,27,22,0,3,2,0
S01012671,35 to 49,101,69,51,18,32,12,0,4,11,5
S01012671,50 to 64,126,84,78,6,42,10,0,5,15,12
S01012671,65 to 74,39,23,22,1,16,2,0,0,4,10
S01012671,75 to 84,37,12,12,0,25,4,0,0,4,17
S01012671,85 and over,21,2,2,0,19,2,0,0,0,17
S01012672,All HRPs,361,129,94,35,232,90,1,25,63,53
S01012672,24 and under,13,4,0,4,9,8,0,0,1,0
S01012672,25 to 34,50,15,5,10,35,33,0,1,1,0
S01012672,35 to 49,93,41,29,12,52,23,1,10,15,3
S01012672,50 to 64,110,44,36,8,66,11,0,11,29,15
S01012672,65 to 74,57,18,18,0,39,10,0,3,13,13
S01012672,75 to 84,35,7,6,1,28,4,0,0,4,20
S01012672,85 and over,3,0,0,0,3,1,0,0,0,2
S01012673,All HRPs,252,107,84,23,145,61,3,15,31,35
S01012673,24 and under,9,3,0,3,6,6,0,0,0,0
S01012673,25 to 34,24,8,2,6,16,15,0,0,1,0
S01012673,35 to 49,77,26,18,8,51,22,0,9,18,2
S01012673,50 to 64,88,47,42,5,41,13,3,4,9,12
S01012673,65 to 74,39,20,19,1,19,4,0,1,3,11
S01012673,75 to 84,12,3,3,0,9,0,0,1,0,8
S01012673,85 and over,3,0,0,0,3,1,0,0,0,2
S01012674,All HRPs,240,97,76,21,143,53,2,17,33,38
S01012674,24 and under,9,1,0,1,8,8,0,0,0,0
S01012674,25 to 34,39,12,5,7,27,22,0,2,3,0
S01012674,35 to 49,72,38,29,9,34,15,0,6,12,1
S01012674,50 to 64,65,31,27,4,34,3,0,7,11,13
S01012674,65 to 74,32,12,12,0,20,0,2,2,5,11
S01012674,75 to 84,18,3,3,0,15,3,0,0,1,11
S01012674,85 and over,5,0,0,0,5,2,0,0,1,2
S01012675,All HRPs,361,156,116,40,205,97,1,21,42,44
S01012675,24 and under,26,1,0,1,25,25,0,0,0,0
S01012675,25 to 34,46,21,4,17,25,22,0,2,1,0
S01012675,35 to 49,104,46,34,12,58,32,1,11,12,2
S01012675,50 to 64,102,56,49,7,46,10,0,5,22,9
S01012675,65 to 74,49,28,25,3,21,4,0,3,5,9
S01012675,75 to 84,22,3,3,0,19,3,0,0,2,14
S01012675,85 and over,12,1,1,0,11,1,0,0,0,10
S01012676,All HRPs,307,185,155,30,122,46,1,12,28,35
S01012676,24 and under,12,3,0,3,9,6,0,1,0,2
S01012676,25 to 34,40,24,13,11,16,15,0,1,0,0
S01012676,35 to 49,113,75,63,12,38,17,0,5,16,0
S01012676,50 to 64,83,51,48,3,32,7,1,5,12,7
S01012676,65 to 74,29,21,20,1,8,1,0,0,0,7
S01012676,75 to 84,21,10,10,0,11,0,0,0,0,11
S01012676,85 and over,9,1,1,0,8,0,0,0,0,8
S01012677,All HRPs,256,131,101,30,125,39,1,14,37,34
S01012677,24 and under,13,6,0,6,7,7,0,0,0,0
S01012677,25 to 34,27,9,4,5,18,15,0,1,2,0
S01012677,35 to 49,67,38,27,11,29,13,0,7,9,0
S01012677,50 to 64,81,49,43,6,32,3,0,6,16,7
S01012677,65 to 74,39,19,18,1,20,1,0,0,5,14
S01012677,75 to 84,23,8,7,1,15,0,1,0,5,9
S01012677,85 and over,6,2,2,0,4,0,0,0,0,4
S01012678,All HRPs,268,192,159,33,76,20,0,15,19,22
S01012678,24 and under,2,2,1,1,0,0,0,0,0,0
S01012678,25 to 34,32,25,11,14,7,5,0,2,0,0
S01012678,35 to 49,100,72,63,9,28,8,0,10,9,1
S01012678,50 to 64,89,65,56,9,24,6,0,3,8,7
S01012678,65 to 74,35,24,24,0,11,0,0,0,1,10
S01012678,75 to 84,8,4,4,0,4,1,0,0,0,3
S01012678,85 and over,2,0,0,0,2,0,0,0,1,1
S01012679,All HRPs,372,206,171,35,166,70,5,11,32,48
S01012679,24 and under,9,1,0,1,8,8,0,0,0,0
S01012679,25 to 34,35,17,10,7,18,16,1,0,1,0
S01012679,35 to 49,95,58,45,13,37,26,0,2,9,0
S01012679,50 to 64,117,77,67,10,40,16,1,5,16,2
S01012679,65 to 74,58,29,25,4,29,3,0,3,5,18
S01012679,75 to 84,37,20,20,0,17,1,0,1,0,15
S01012679,85 and over,21,4,4,0,17,0,3,0,1,13
S01012680,All HRPs,210,154,137,17,56,16,3,7,6,24
S01012680,24 and under,0,0,0,0,0,0,0,0,0,0
S01012680,25 to 34,25,18,14,4,7,7,0,0,0,0
S01012680,35 to 49,86,71,59,12,15,7,1,5,2,0
S01012680,50 to 64,49,36,35,1,13,0,2,2,4,5
S01012680,65 to 74,27,21,21,0,6,1,0,0,0,5
S01012680,75 to 84,13,7,7,0,6,0,0,0,0,6
S01012680,85 and over,10,1,1,0,9,1,0,0,0,8
S01012681,All HRPs,311,165,134,31,146,47,5,19,26,49
S01012681,24 and under,9,4,2,2,5,4,0,1,0,0
S01012681,25 to 34,45,23,11,12,22,19,1,2,0,0
S01012681,35 to 49,82,48,38,10,34,14,0,7,12,1
S01012681,50 to 64,85,54,49,5,31,7,2,7,7,8
S01012681,65 to 74,52,21,19,2,31,2,1,2,7,19
S01012681,75 to 84,26,12,12,0,14,0,0,0,0,14
S01012681,85 and over,12,3,3,0,9,1,1,0,0,7
S01012682,All HRPs,315,192,166,26,123,28,0,7,28,60
S01012682,24 and under,4,1,0,1,3,3,0,0,0,0
S01012682,25 to 34,26,22,9,13,4,3,0,0,1,0
S01012682,35 to 49,67,39,34,5,28,10,0,5,12,1
S01012682,50 to 64,101,77,71,6,24,6,0,1,8,9
S01012682,65 to 74,53,30,30,0,23,3,0,1,4,15
S01012682,75 to 84,47,19,18,1,28,3,0,0,3,22
S01012682,85 and over,17,4,4,0,13,0,0,0,0,13
S01012683,All HRPs,326,168,130,38,158,61,1,20,40,36
S01012683,24 and under,9,1,0,1,8,8,0,0,0,0
S01012683,25 to 34,54,26,6,20,28,24,0,4,0,0
S01012683,35 to 49,104,58,44,14,46,16,0,14,12,4
S01012683,50 to 64,105,60,57,3,45,11,1,1,22,10
S01012683,65 to 74,25,17,17,0,8,0,0,1,2,5
S01012683,75 to 84,25,6,6,0,19,0,0,0,3,16
S01012683,85 and over,4,0,0,0,4,2,0,0,1,1
S01012684,All HRPs,219,127,114,13,92,38,3,9,25,17
S01012684,24 and under,5,0,0,0,5,5,0,0,0,0
S01012684,25 to 34,19,12,8,4,7,7,0,0,0,0
S01012684,35 to 49,98,62,54,8,36,16,3,5,12,0
S01012684,50 to 64,57,31,30,1,26,7,0,4,10,5
S01012684,65 to 74,24,15,15,0,9,1,0,0,2,6
S01012684,75 to 84,13,6,6,0,7,2,0,0,1,4
S01012684,85 and over,3,1,1,0,2,0,0,0,0,2
S01012685,All HRPs,334,173,139,34,161,55,4,8,52,42
S01012685,24 and under,9,1,0,1,8,7,0,1,0,0
S01012685,25 to 34,25,18,8,10,7,6,0,0,1,0
S01012685,35 to 49,121,65,51,14,56,20,2,7,24,3
S01012685,50 to 64,104,65,57,8,39,12,0,0,20,7
S01012685,65 to 74,38,15,14,1,23,6,1,0,6,10
S01012685,75 to 84,29,8,8,0,21,3,1,0,1,16
S01012685,85 and over,8,1,1,0,7,1,0,0,0,6
S01012686,All HRPs,434,249,215,34,185,71,3,22,32,57
S01012686,24 and under,14,3,0,3,11,11,0,0,0,0
S01012686,25 to 34,50,26,15,11,24,21,1,2,0,0
S01012686,35 to 49,131,80,64,16,51,22,1,13,14,1
S01012686,50 to 64,119,84,80,4,35,10,0,6,14,5
S01012686,65 to 74,59,35,35,0,24,2,1,1,3,17
S01012686,75 to 84,45,17,17,0,28,3,0,0,1,24
S01012686,85 and over,16,4,4,0,12,2,0,0,0,10
S01012687,All HRPs,235,162,155,7,73,14,4,2,9,44
S01012687,24 and under,0,0,0,0,0,0,0,0,0,0
S01012687,25 to 34,5,3,2,1,2,1,0,0,1,0
S01012687,35 to 49,43,32,26,6,11,5,2,1,3,0
S01012687,50 to 64,66,50,50,0,16,4,1,1,3,7
S01012687,65 to 74,70,49,49,0,21,3,0,0,1,17
S01012687,75 to 84,44,26,26,0,18,0,1,0,1,16
S01012687,85 and over,7,2,2,0,5,1,0,0,0,4
S01012688,All HRPs,449,166,125,41,283,127,6,22,59,69
S01012688,24 and under,13,5,0,5,8,8,0,0,0,0
S01012688,25 to 34,68,19,5,14,49,47,0,1,1,0
S01012688,35 to 49,108,46,32,14,62,35,3,8,16,0
S01012688,50 to 64,106,48,42,6,58,19,1,9,25,4
S01012688,65 to 74,67,28,26,2,39,5,1,2,14,17
S01012688,75 to 84,59,17,17,0,42,11,0,2,2,27
S01012688,85 and over,28,3,3,0,25,2,1,0,1,21
S01012689,All HRPs,185,133,123,10,52,12,2,13,10,15
S01012689,24 and under,2,0,0,0,2,2,0,0,0,0
S01012689,25 to 34,12,7,5,2,5,3,0,1,1,0
S01012689,35 to 49,51,40,35,5,11,3,0,5,3,0
S01012689,50 to 64,66,53,52,1,13,1,1,5,4,2
S01012689,65 to 74,32,18,16,2,14,2,1,1,2,8
S01012689,75 to 84,18,12,12,0,6,1,0,1,0,4
S01012689,85 and over,4,3,3,0,1,0,0,0,0,1
S01012690,All HRPs,202,153,140,13,49,12,1,5,11,20
S01012690,24 and under,1,0,0,0,1,1,0,0,0,0
S01012690,25 to 34,11,7,6,1,4,2,0,2,0,0
S01012690,35 to 49,55,45,37,8,10,4,0,2,3,1
S01012690,50 to 64,79,61,60,1,18,2,1,1,7,7
S01012690,65 to 74,31,24,22,2,7,0,0,0,0,7
S01012690,75 to 84,19,13,12,1,6,3,0,0,1,2
S01012690,85 and over,6,3,3,0,3,0,0,0,0,3
S01012691,All HRPs,296,197,185,12,99,29,4,21,19,26
S01012691,24 and under,3,0,0,0,3,3,0,0,0,0
S01012691,25 to 34,19,11,10,1,8,7,0,1,0,0
S01012691,35 to 49,98,74,69,5,24,2,0,14,6,2
S01012691,50 to 64,92,64,59,5,28,8,2,3,11,4
S01012691,65 to 74,48,33,32,1,15,3,0,3,2,7
S01012691,75 to 84,29,13,13,0,16,4,2,0,0,10
S01012691,85 and over,7,2,2,0,5,2,0,0,0,3
S01012692,All HRPs,334,179,158,21,155,50,2,12,26,65
S01012692,24 and under,10,1,0,1,9,9,0,0,0,0
S01012692,25 to 34,22,13,7,6,9,7,0,1,1,0
S01012692,35 to 49,96,66,53,13,30,11,0,6,12,1
S01012692,50 to 64,89,56,55,1,33,10,0,3,10,10
S01012692,65 to 74,58,34,34,0,24,10,0,1,3,10
S01012692,75 to 84,27,7,7,0,20,1,0,0,0,19
S01012692,85 and over,32,2,2,0,30,2,2,1,0,25
S01012693,All HRPs,321,252,233,19,69,17,1,12,19,20
S01012693,24 and under,0,0,0,0,0,0,0,0,0,0
S01012693,25 to 34,12,10,5,5,2,1,0,1,0,0
S01012693,35 to 49,131,100,89,11,31,11,0,9,9,2
S01012693,50 to 64,124,105,103,2,19,3,0,2,8,6
S01012693,65 to 74,27,21,21,0,6,0,0,0,1,5
S01012693,75 to 84,24,15,14,1,9,1,1,0,1,6
S01012693,85 and over,3,1,1,0,2,1,0,0,0,1
S01012694,All HRPs,200,128,106,22,72,22,5,3,16,26
S01012694,24 and under,0,0,0,0,0,0,0,0,0,0
S01012694,25 to 34,18,14,7,7,4,4,0,0,0,0
S01012694,35 to 49,74,51,42,9,23,13,1,1,7,1
S01012694,50 to 64,54,35,30,5,19,2,2,2,7,6
S01012694,65 to 74,26,18,18,0,8,0,0,0,1,7
S01012694,75 to 84,21,8,8,0,13,2,2,0,1,8
S01012694,85 and over,7,2,1,1,5,1,0,0,0,4
S01012695,All HRPs,306,228,199,29,78,28,3,10,14,23
S01012695,24 and under,2,0,0,0,2,2,0,0,0,0
S01012695,25 to 34,24,18,12,6,6,4,0,0,2,0
S01012695,35 to 49,104,79,69,10,25,9,0,8,6,2
S01012695,50 to 64,107,86,76,10,21,7,2,2,6,4
S01012695,65 to 74,43,31,28,3,12,3,0,0,0,9
S01012695,75 to 84,21,14,14,0,7,2,1,0,0,4
S01012695,85 and over,5,0,0,0,5,1,0,0,0,4
S01012696,All HRPs,272,193,171,22,79,27,1,11,16,24
S01012696,24 and under,2,0,0,0,2,0,0,2,0,0
S01012696,25 to 34,6,5,3,2,1,0,0,1,0,0
S01012696,35 to 49,103,72,62,10,31,16,0,5,9,1
S01012696,50 to 64,96,77,68,9,19,4,0,3,7,5
S01012696,65 to 74,42,27,26,1,15,5,0,0,0,10
S01012696,75 to 84,22,12,12,0,10,2,1,0,0,7
S01012696,85 and over,1,0,0,0,1,0,0,0,0,1
S01012697,All HRPs,197,144,136,8,53,13,0,6,14,20
S01012697,24 and under,2,0,0,0,2,2,0,0,0,0
S01012697,25 to 34,8,7,6,1,1,1,0,0,0,0
S01012697,35 to 49,65,51,46,5,14,5,0,3,6,0
S01012697,50 to 64,64,46,45,1,18,5,0,3,7,3
S01012697,65 to 74,38,30,29,1,8,0,0,0,1,7
S01012697,75 to 84,16,9,9,0,7,0,0,0,0,7
S01012697,85 and over,4,1,1,0,3,0,0,0,0,3
S01012698,All HRPs,339,223,196,27,116,31,1,13,22,49
S01012698,24 and under,4,2,0,2,2,2,0,0,0,0
S01012698,25 to 34,22,15,8,7,7,6,0,0,1,0
S01012698,35 to 49,86,51,42,9,35,13,0,7,12,3
S01012698,50 to 64,125,93,85,8,32,7,0,6,8,11
S01012698,65 to 74,55,38,37,1,17,2,1,0,1,13
S01012698,75 to 84,37,21,21,0,16,1,0,0,0,15
S01012698,85 and over,10,3,3,0,7,0,0,0,0,7
S01012699,All HRPs,429,260,234,26,169,51,2,24,33,59
S01012699,24 and under,2,0,0,0,2,2,0,0,0,0
S01012699,25 to 34,31,16,12,4,15,12,0,2,1,0
S01012699,35 to 49,145,94,82,12,51,19,1,16,13,2
S01012699,50 to 64,141,107,98,9,34,9,1,5,10,9
S01012699,65 to 74,62,30,29,1,32,6,0,1,5,20
S01012699,75 to 84,32,10,10,0,22,1,0,0,4,17
S01012699,85 and over,16,3,3,0,13,2,0,0,0,11
S01012700,All HRPs,320,218,198,20,102,33,1,15,23,30
S01012700,24 and under,2,1,0,1,1,1,0,0,0,0
S01012700,25 to 34,22,15,7,8,7,6,0,1,0,0
S01012700,35 to 49,110,75,70,5,35,13,1,10,9,2
S01012700,50 to 64,98,72,68,4,26,7,0,4,8,7
S01012700,65 to 74,59,38,36,2,21,5,0,0,6,10
S01012700,75 to 84,23,14,14,0,9,1,0,0,0,8
S01012700,85 and over,6,3,3,0,3,0,0,0,0,3
S01012701,All HRPs,221,161,147,14,60,10,1,6,12,31
S01012701,24 and under,1,1,0,1,0,0,0,0,0,0
S01012701,25 to 34,4,4,3,1,0,0,0,0,0,0
S01012701,35 to 49,61,47,42,5,14,3,1,5,5,0
S01012701,50 to 64,76,57,51,6,19,6,0,1,6,6
S01012701,65 to 74,54,39,39,0,15,0,0,0,1,14
S01012701,75 to 84,20,12,11,1,8,1,0,0,0,7
S01012701,85 and over,5,1,1,0,4,0,0,0,0,4
S01012702,All HRPs,254,153,122,31,101,42,1,8,22,28
S01012702,24 and under,9,4,0,4,5,5,0,0,0,0
S01012702,25 to 34,52,33,16,17,19,18,0,1,0,0
S01012702,35 to 49,77,51,43,8,26,11,0,5,10,0
S01012702,50 to 64,53,38,37,1,15,4,1,2,7,1
S01012702,65 to 74,39,22,21,1,17,2,0,0,4,11
S01012702,75 to 84,21,5,5,0,16,2,0,0,1,13
S01012702,85 and over,3,0,0,0,3,0,0,0,0,3
S01012703,All HRPs,205,157,140,17,48,16,2,9,17,4
S01012703,24 and under,0,0,0,0,0,0,0,0,0,0
S01012703,25 to 34,14,13,10,3,1,1,0,0,0,0
S01012703,35 to 49,102,79,72,7,23,9,0,5,9,0
S01012703,50 to 64,67,56,49,7,11,3,1,4,3,0
S01012703,65 to 74,14,6,6,0,8,1,0,0,5,2
S01012703,75 to 84,8,3,3,0,5,2,1,0,0,2
S01012703,85 and over,0,0,0,0,0,0,0,0,0,0
S01012704,All HRPs,329,162,131,31,167,88,1,8,34,36
S01012704,24 and under,14,0,0,0,14,14,0,0,0,0
S01012704,25 to 34,62,36,24,12,26,22,0,4,0,0
S01012704,35 to 49,102,64,48,16,38,27,0,4,6,1
S01012704,50 to 64,82,40,37,3,42,16,0,0,17,9
S01012704,65 to 74,41,15,15,0,26,7,0,0,8,11
S01012704,75 to 84,19,6,6,0,13,1,0,0,2,10
S01012704,85 and over,9,1,1,0,8,1,1,0,1,5
S01012705,All HRPs,257,207,189,18,50,14,3,10,9,14
S01012705,24 and under,0,0,0,0,0,0,0,0,0,0
S01012705,25 to 34,16,15,13,2,1,1,0,0,0,0
S01012705,35 to 49,129,107,97,10,22,7,1,6,7,1
S01012705,50 to 64,88,71,66,5,17,5,0,3,2,7
S01012705,65 to 74,15,11,11,0,4,0,0,0,0,4
S01012705,75 to 84,9,3,2,1,6,1,2,1,0,2
S01012705,85 and over,0,0,0,0,0,0,0,0,0,0
S01012706,All HRPs,297,143,127,16,154,58,2,16,31,47
S01012706,24 and under,3,0,0,0,3,3,0,0,0,0
S01012706,25 to 34,41,19,13,6,22,20,0,0,2,0
S01012706,35 to 49,96,47,41,6,49,24,1,13,11,0
S01012706,50 to 64,85,52,49,3,33,9,1,3,16,4
S01012706,65 to 74,36,20,20,0,16,0,0,0,1,15
S01012706,75 to 84,24,3,3,0,21,1,0,0,1,19
S01012706,85 and over,12,2,1,1,10,1,0,0,0,9
S01012707,All HRPs,322,255,240,15,67,15,2,7,19,24
S01012707,24 and under,2,1,0,1,1,1,0,0,0,0
S01012707,25 to 34,19,18,14,4,1,1,0,0,0,0
S01012707,35 to 49,104,82,74,8,22,11,1,3,6,1
S01012707,50 to 64,131,110,109,1,21,0,0,4,11,6
S01012707,65 to 74,46,34,34,0,12,1,0,0,1,10
S01012707,75 to 84,17,8,8,0,9,1,1,0,1,6
S01012707,85 and over,3,2,1,1,1,0,0,0,0,1
S01012708,All HRPs,332,140,115,25,192,69,3,13,63,44
S01012708,24 and under,5,1,0,1,4,3,0,1,0,0
S01012708,25 to 34,41,19,10,9,22,19,0,1,1,1
S01012708,35 to 49,97,41,29,12,56,25,2,7,22,0
S01012708,50 to 64,103,45,43,2,58,13,1,2,33,9
S01012708,65 to 74,52,24,23,1,28,5,0,2,5,16
S01012708,75 to 84,30,10,10,0,20,3,0,0,1,16
S01012708,85 and over,4,0,0,0,4,1,0,0,1,2
S01012709,All HRPs,253,116,99,17,137,33,4,18,34,48
S01012709,24 and under,6,1,0,1,5,5,0,0,0,0
S01012709,25 to 34,23,14,7,7,9,6,1,1,1,0
S01012709,35 to 49,60,28,22,6,32,11,0,10,11,0
S01012709,50 to 64,75,39,36,3,36,4,0,6,15,11
S01012709,65 to 74,44,24,24,0,20,2,2,1,6,9
S01012709,75 to 84,36,9,9,0,27,4,1,0,1,21
S01012709,85 and over,9,1,1,0,8,1,0,0,0,7
S01012710,All HRPs,356,149,121,28,207,86,3,14,49,55
S01012710,24 and under,12,2,0,2,10,10,0,0,0,0
S01012710,25 to 34,40,16,7,9,24,18,0,5,0,1
S01012710,35 to 49,102,53,41,12,49,28,0,4,16,1
S01012710,50 to 64,92,46,43,3,46,15,1,3,21,6
S01012710,65 to 74,49,24,23,1,25,7,1,2,5,10
S01012710,75 to 84,47,6,5,1,41,6,0,0,6,29
S01012710,85 and over,14,2,2,0,12,2,1,0,1,8
S01012711,All HRPs,435,133,110,23,302,146,3,33,73,47
S01012711,24 and under,26,1,0,1,25,23,0,2,0,0
S01012711,25 to 34,64,12,4,8,52,48,1,3,0,0
S01012711,35 to 49,118,34,24,10,84,48,0,14,21,1
S01012711,50 to 64,118,44,41,3,74,18,2,13,33,8
S01012711,65 to 74,68,31,30,1,37,6,0,1,16,14
S01012711,75 to 84,34,10,10,0,24,3,0,0,3,18
S01012711,85 and over,7,1,1,0,6,0,0,0,0,6
S01012712,All HRPs,335,238,224,14,97,9,7,16,11,54
S01012712,24 and under,1,0,0,0,1,1,0,0,0,0
S01012712,25 to 34,17,14,9,5,3,1,1,1,0,0
S01012712,35 to 49,87,73,65,8,14,3,0,8,3,0
S01012712,50 to 64,98,77,76,1,21,3,1,5,6,6
S01012712,65 to 74,71,46,46,0,25,1,1,2,2,19
S01012712,75 to 84,51,23,23,0,28,0,4,0,0,24
S01012712,85 and over,10,5,5,0,5,0,0,0,0,5
S01012713,All HRPs,329,183,168,15,146,38,2,13,21,72
S01012713,24 and under,4,0,0,0,4,3,0,1,0,0
S01012713,25 to 34,17,10,7,3,7,7,0,0,0,0
S01012713,35 to 49,78,57,48,9,21,11,2,4,3,1
S01012713,50 to 64,95,62,59,3,33,10,0,8,10,5
S01012713,65 to 74,60,33,33,0,27,4,0,0,5,18
S01012713,75 to 84,55,21,21,0,34,2,0,0,2,30
S01012713,85 and over,20,0,0,0,20,1,0,0,1,18
S01012714,All HRPs,264,178,168,10,86,16,4,7,12,47
S01012714,24 and under,0,0,0,0,0,0,0,0,0,0
S01012714,25 to 34,14,7,3,4,7,6,0,1,0,0
S01012714,35 to 49,55,43,41,2,12,4,0,3,5,0
S01012714,50 to 64,80,60,56,4,20,1,2,2,6,9
S01012714,65 to 74,58,41,41,0,17,1,1,1,1,13
S01012714,75 to 84,47,24,24,0,23,3,1,0,0,19
S01012714,85 and over,10,3,3,0,7,1,0,0,0,6
S01012715,All HRPs,411,130,98,32,281,126,7,34,49,65
S01012715,24 and under,27,8,0,8,19,18,0,1,0,0
S01012715,25 to 34,68,20,9,11,48,46,1,1,0,0
S01012715,35 to 49,95,34,26,8,61,30,1,13,12,5
S01012715,50 to 64,97,26,23,3,71,19,5,13,25,9
S01012715,65 to 74,64,28,26,2,36,6,0,5,8,17
S01012715,75 to 84,43,12,12,0,31,4,0,0,4,23
S01012715,85 and over,17,2,2,0,15,3,0,1,0,11
S01012716,All HRPs,369,220,204,16,149,48,2,15,24,60
S01012716,24 and under,7,1,0,1,6,6,0,0,0,0
S01012716,25 to 34,22,10,5,5,12,12,0,0,0,0
S01012716,35 to 49,73,38,35,3,35,16,1,10,7,1
S01012716,50 to 64,128,93,88,5,35,9,1,3,14,8
S01012716,65 to 74,66,48,47,1,18,3,0,1,2,12
S01012716,75 to 84,55,28,28,0,27,1,0,1,1,24
S01012716,85 and over,18,2,1,1,16,1,0,0,0,15
S01012717,All HRPs,581,186,146,40,395,161,7,42,70,115
S01012717,24 and under,20,2,0,2,18,18,0,0,0,0
S01012717,25 to 34,71,23,4,19,48,45,0,3,0,0
S01012717,35 to 49,121,43,32,11,78,40,1,14,23,0
S01012717,50 to 64,152,62,57,5,90,34,3,15,28,10
S01012717,65 to 74,91,30,28,2,61,14,0,7,13,27
S01012717,75 to 84,92,20,19,1,72,5,3,3,6,55
S01012717,85 and over,34,6,6,0,28,5,0,0,0,23
S01012718,All HRPs,489,220,174,46,269,110,15,28,53,63
S01012718,24 and under,20,2,0,2,18,18,0,0,0,0
S01012718,25 to 34,81,34,15,19,47,38,4,4,1,0
S01012718,35 to 49,114,58,42,16,56,23,5,15,12,1
S01012718,50 to 64,134,71,64,7,63,21,2,6,27,7
S01012718,65 to 74,59,29,28,1,30,0,2,3,10,15
S01012718,75 to 84,49,19,18,1,30,6,2,0,3,19
S01012718,85 and over,32,7,7,0,25,4,0,0,0,21
S01012719,All HRPs,438,152,111,41,286,143,6,33,61,43
S01012719,24 and under,36,15,3,12,21,21,0,0,0,0
S01012719,25 to 34,79,30,13,17,49,45,0,2,2,0
S01012719,35 to 49,132,35,26,9,97,55,4,17,20,1
S01012719,50 to 64,94,37,34,3,57,15,2,10,26,4
S01012719,65 to 74,52,24,24,0,28,4,0,4,7,13
S01012719,75 to 84,37,11,11,0,26,3,0,0,5,18
S01012719,85 and over,8,0,0,0,8,0,0,0,1,7
S01012720,All HRPs,318,95,54,41,223,152,6,23,30,12
S01012720,24 and under,35,7,0,7,28,28,0,0,0,0
S01012720,25 to 34,91,23,10,13,68,64,0,2,2,0
S01012720,35 to 49,87,27,12,15,60,41,2,10,7,0
S01012720,50 to 64,67,24,19,5,43,15,3,9,14,2
S01012720,65 to 74,23,10,9,1,13,2,0,2,6,3
S01012720,75 to 84,13,4,4,0,9,2,1,0,1,5
S01012720,85 and over,2,0,0,0,2,0,0,0,0,2
S01012721,All HRPs,288,169,138,31,119,37,0,12,15,55
S01012721,24 and under,4,0,0,0,4,4,0,0,0,0
S01012721,25 to 34,29,20,9,11,9,8,0,1,0,0
S01012721,35 to 49,74,53,38,15,21,12,0,6,3,0
S01012721,50 to 64,79,57,53,4,22,7,0,2,7,6
S01012721,65 to 74,48,19,19,0,29,5,0,3,3,18
S01012721,75 to 84,42,17,16,1,25,0,0,0,2,23
S01012721,85 and over,12,3,3,0,9,1,0,0,0,8
S01012722,All HRPs,413,128,101,27,285,125,0,30,72,58
S01012722,24 and under,17,2,0,2,15,15,0,0,0,0
S01012722,25 to 34,76,19,12,7,57,50,0,5,2,0
S01012722,35 to 49,105,41,26,15,64,29,0,10,25,0
S01012722,50 to 64,106,27,25,2,79,22,0,10,33,14
S01012722,65 to 74,66,26,26,0,40,7,0,3,10,20
S01012722,75 to 84,30,12,11,1,18,2,0,2,2,12
S01012722,85 and over,13,1,1,0,12,0,0,0,0,12
S01012723,All HRPs,358,114,87,27,244,109,5,30,47,53
S01012723,24 and under,23,2,0,2,21,21,0,0,0,0
S01012723,25 to 34,52,8,2,6,44,36,1,5,2,0
S01012723,35 to 49,86,38,24,14,48,32,0,8,6,2
S01012723,50 to 64,92,35,32,3,57,16,2,11,21,7
S01012723,65 to 74,55,18,18,0,37,0,0,4,17,16
S01012723,75 to 84,38,11,9,2,27,4,2,2,1,18
S01012723,85 and over,12,2,2,0,10,0,0,0,0,10
S01012724,All HRPs,412,156,113,43,256,102,4,28,44,78
S01012724,24 and under,18,5,0,5,13,11,0,0,2,0
S01012724,25 to 34,73,31,9,22,42,39,0,3,0,0
S01012724,35 to 49,97,38,26,12,59,29,1,12,15,2
S01012724,50 to 64,92,42,40,2,50,10,2,12,20,6
S01012724,65 to 74,62,25,25,0,37,8,1,0,5,23
S01012724,75 to 84,49,13,11,2,36,5,0,1,2,28
S01012724,85 and over,21,2,2,0,19,0,0,0,0,19
S01012725,All HRPs,494,167,131,36,327,173,6,35,65,48
S01012725,24 and under,18,2,0,2,16,16,0,0,0,0
S01012725,25 to 34,106,36,17,19,70,65,0,3,2,0
S01012725,35 to 49,160,55,42,13,105,66,1,15,21,2
S01012725,50 to 64,103,40,39,1,63,17,1,12,31,2
S01012725,65 to 74,51,19,18,1,32,3,2,4,8,15
S01012725,75 to 84,39,11,11,0,28,6,1,1,3,17
S01012725,85 and over,17,4,4,0,13,0,1,0,0,12
S01012726,All HRPs,283,135,120,15,148,37,3,15,32,61
S01012726,24 and under,6,0,0,0,6,6,0,0,0,0
S01012726,25 to 34,25,14,9,5,11,8,0,2,1,0
S01012726,35 to 49,80,41,35,6,39,15,3,8,13,0
S01012726,50 to 64,51,29,26,3,22,2,0,4,11,5
S01012726,65 to 74,52,29,29,0,23,3,0,1,3,16
S01012726,75 to 84,48,17,17,0,31,3,0,0,3,25
S01012726,85 and over,21,5,4,1,16,0,0,0,1,15
S01012727,All HRPs,294,130,112,18,164,73,2,26,31,32
S01012727,24 and under,6,0,0,0,6,6,0,0,0,0
S01012727,25 to 34,34,17,8,9,17,16,0,1,0,0
S01012727,35 to 49,95,36,30,6,59,33,1,11,13,1
S01012727,50 to 64,89,43,40,3,46,14,1,12,13,6
S01012727,65 to 74,40,19,19,0,21,4,0,1,4,12
S01012727,75 to 84,29,15,15,0,14,0,0,1,1,12
S01012727,85 and over,1,0,0,0,1,0,0,0,0,1
S01012728,All HRPs,339,111,73,38,228,116,6,27,46,33
S01012728,24 and under,25,4,0,4,21,21,0,0,0,0
S01012728,25 to 34,63,20,8,12,43,39,2,2,0,0
S01012728,35 to 49,129,49,31,18,80,41,1,16,20,2
S01012728,50 to 64,72,22,18,4,50,12,2,8,21,7
S01012728,65 to 74,36,13,13,0,23,2,1,1,5,14
S01012728,75 to 84,13,2,2,0,11,1,0,0,0,10
S01012728,85 and over,1,1,1,0,0,0,0,0,0,0
S01012729,All HRPs,346,194,175,19,152,56,3,17,37,39
S01012729,24 and under,9,1,1,0,8,8,0,0,0,0
S01012729,25 to 34,49,25,19,6,24,21,0,3,0,0
S01012729,35 to 49,109,61,54,7,48,18,1,10,16,3
S01012729,50 to 64,106,72,67,5,34,4,1,4,15,10
S01012729,65 to 74,45,25,24,1,20,3,0,0,5,12
S01012729,75 to 84,24,10,10,0,14,2,0,0,1,11
S01012729,85 and over,4,0,0,0,4,0,1,0,0,3
S01012730,All HRPs,266,123,85,38,143,61,0,15,33,34
S01012730,24 and under,14,8,0,8,6,6,0,0,0,0
S01012730,25 to 34,47,24,10,14,23,18,0,3,0,2
S01012730,35 to 49,77,30,19,11,47,29,0,8,9,1
S01012730,50 to 64,76,34,29,5,42,8,0,3,21,10
S01012730,65 to 74,36,22,22,0,14,0,0,0,2,12
S01012730,75 to 84,13,5,5,0,8,0,0,1,1,6
S01012730,85 and over,3,0,0,0,3,0,0,0,0,3
S01012731,All HRPs,335,176,150,26,159,59,3,25,31,41
S01012731,24 and under,6,0,0,0,6,6,0,0,0,0
S01012731,25 to 34,49,22,13,9,27,23,1,2,0,1
S01012731,35 to 49,110,64,49,15,46,16,0,15,15,0
S01012731,50 to 64,81,47,45,2,34,10,1,7,12,4
S01012731,65 to 74,45,29,29,0,16,2,0,1,3,10
S01012731,75 to 84,32,13,13,0,19,2,1,0,1,15
S01012731,85 and over,12,1,1,0,11,0,0,0,0,11
S01012732,All HRPs,292,166,140,26,126,50,1,24,27,24
S01012732,24 and under,11,2,0,2,9,9,0,0,0,0
S01012732,25 to 34,38,22,8,14,16,12,0,4,0,0
S01012732,35 to 49,101,46,39,7,55,27,0,13,15,0
S01012732,50 to 64,69,47,44,3,22,2,1,6,8,5
S01012732,65 to 74,50,38,38,0,12,0,0,1,2,9
S01012732,75 to 84,21,11,11,0,10,0,0,0,2,8
S01012732,85 and over,2,0,0,0,2,0,0,0,0,2
S01012733,All HRPs,364,285,237,48,79,35,2,17,14,11
S01012733,24 and under,4,2,0,2,2,2,0,0,0,0
S01012733,25 to 34,95,70,52,18,25,19,0,5,1,0
S01012733,35 to 49,190,154,132,22,36,10,2,11,9,4
S01012733,50 to 64,59,46,40,6,13,4,0,1,4,4
S01012733,65 to 74,12,10,10,0,2,0,0,0,0,2
S01012733,75 to 84,3,3,3,0,0,0,0,0,0,0
S01012733,85 and over,1,0,0,0,1,0,0,0,0,1
S01012734,All HRPs,198,170,149,21,28,7,1,8,6,6
S01012734,24 and under,0,0,0,0,0,0,0,0,0,0
S01012734,25 to 34,35,32,21,11,3,2,0,1,0,0
S01012734,35 to 49,124,107,99,8,17,3,1,6,4,3
S01012734,50 to 64,32,25,23,2,7,2,0,1,2,2
S01012734,65 to 74,5,5,5,0,0,0,0,0,0,0
S01012734,75 to 84,1,1,1,0,0,0,0,0,0,0
S01012734,85 and over,1,0,0,0,1,0,0,0,0,1
S01012735,All HRPs,213,115,97,18,98,45,1,5,24,23
S01012735,24 and under,5,0,0,0,5,5,0,0,0,0
S01012735,25 to 34,26,9,3,6,17,17,0,0,0,0
S01012735,35 to 49,73,38,28,10,35,18,1,4,11,1
S01012735,50 to 64,44,24,22,2,20,5,0,1,11,3
S01012735,65 to 74,43,29,29,0,14,0,0,0,2,12
S01012735,75 to 84,20,15,15,0,5,0,0,0,0,5
S01012735,85 and over,2,0,0,0,2,0,0,0,0,2
S01012736,All HRPs,376,224,185,39,152,50,0,31,34,37
S01012736,24 and under,4,3,0,3,1,1,0,0,0,0
S01012736,25 to 34,47,28,17,11,19,18,0,1,0,0
S01012736,35 to 49,157,94,75,19,63,20,0,25,17,1
S01012736,50 to 64,99,64,60,4,35,10,0,4,14,7
S01012736,65 to 74,43,29,28,1,14,1,0,1,2,10
S01012736,75 to 84,21,5,4,1,16,0,0,0,1,15
S01012736,85 and over,5,1,1,0,4,0,0,0,0,4
S01012737,All HRPs,329,214,169,45,115,47,2,23,20,23
S01012737,24 and under,7,5,1,4,2,2,0,0,0,0
S01012737,25 to 34,58,40,23,17,18,14,0,2,2,0
S01012737,35 to 49,140,85,68,17,55,24,0,19,9,3
S01012737,50 to 64,74,53,46,7,21,7,2,1,7,4
S01012737,65 to 74,30,23,23,0,7,0,0,1,2,4
S01012737,75 to 84,17,7,7,0,10,0,0,0,0,10
S01012737,85 and over,3,1,1,0,2,0,0,0,0,2
S01012738,All HRPs,255,125,109,16,130,52,0,13,25,40
S01012738,24 and under,4,1,0,1,3,3,0,0,0,0
S01012738,25 to 34,23,13,8,5,10,9,0,0,1,0
S01012738,35 to 49,87,40,34,6,47,26,0,4,12,5
S01012738,50 to 64,80,44,41,3,36,10,0,7,8,11
S01012738,65 to 74,37,20,19,1,17,4,0,2,4,7
S01012738,75 to 84,18,6,6,0,12,0,0,0,0,12
S01012738,85 and over,6,1,1,0,5,0,0,0,0,5
S01012739,All HRPs,289,236,187,49,53,27,2,9,13,2
S01012739,24 and under,1,1,1,0,0,0,0,0,0,0
S01012739,25 to 34,73,54,41,13,19,15,1,1,2,0
S01012739,35 to 49,159,130,101,29,29,12,1,7,8,1
S01012739,50 to 64,51,47,40,7,4,0,0,0,3,1
S01012739,65 to 74,5,4,4,0,1,0,0,1,0,0
S01012739,75 to 84,0,0,0,0,0,0,0,0,0,0
S01012739,85 and over,0,0,0,0,0,0,0,0,0,0
S01012740,All HRPs,308,229,188,41,79,33,1,20,17,8
S01012740,24 and under,1,0,0,0,1,1,0,0,0,0
S01012740,25 to 34,71,57,40,17,14,11,0,2,1,0
S01012740,35 to 49,163,122,104,18,41,19,1,9,9,3
S01012740,50 to 64,61,44,38,6,17,2,0,6,7,2
S01012740,65 to 74,10,6,6,0,4,0,0,3,0,1
S01012740,75 to 84,1,0,0,0,1,0,0,0,0,1
S01012740,85 and over,1,0,0,0,1,0,0,0,0,1
S01012741,All HRPs,272,151,130,21,121,59,1,12,29,20
S01012741,24 and under,10,3,1,2,7,7,0,0,0,0
S01012741,25 to 34,43,24,16,8,19,17,0,1,0,1
S01012741,35 to 49,99,48,38,10,51,26,0,9,15,1
S01012741,50 to 64,83,64,63,1,19,9,1,1,5,3
S01012741,65 to 74,21,8,8,0,13,0,0,0,7,6
S01012741,75 to 84,12,4,4,0,8,0,0,0,2,6
S01012741,85 and over,4,0,0,0,4,0,0,1,0,3
S01012742,All HRPs,276,210,196,14,66,11,0,9,16,30
S01012742,24 and under,3,1,0,1,2,2,0,0,0,0
S01012742,25 to 34,22,14,9,5,8,4,0,4,0,0
S01012742,35 to 49,62,49,45,4,13,3,0,2,6,2
S01012742,50 to 64,117,100,97,3,17,1,0,3,9,4
S01012742,65 to 74,42,29,28,1,13,1,0,0,1,11
S01012742,75 to 84,26,15,15,0,11,0,0,0,0,11
S01012742,85 and over,4,2,2,0,2,0,0,0,0,2
S01012743,All HRPs,237,167,156,11,70,14,1,11,13,31
S01012743,24 and under,0,0,0,0,0,0,0,0,0,0
S01012743,25 to 34,12,8,3,5,4,1,0,1,2,0
S01012743,35 to 49,49,36,32,4,13,7,0,4,2,0
S01012743,50 to 64,97,77,75,2,20,2,1,5,8,4
S01012743,65 to 74,37,23,23,0,14,3,0,1,1,9
S01012743,75 to 84,34,19,19,0,15,1,0,0,0,14
S01012743,85 and over,8,4,4,0,4,0,0,0,0,4
S01012744,All HRPs,277,201,175,26,76,26,3,8,24,15
S01012744,24 and under,3,2,0,2,1,1,0,0,0,0
S01012744,25 to 34,37,22,14,8,15,12,1,0,2,0
S01012744,35 to 49,89,65,53,12,24,9,1,5,8,1
S01012744,50 to 64,111,91,87,4,20,2,1,2,12,3
S01012744,65 to 74,23,15,15,0,8,2,0,1,1,4
S01012744,75 to 84,12,6,6,0,6,0,0,0,1,5
S01012744,85 and over,2,0,0,0,2,0,0,0,0,2
S01012745,All HRPs,302,212,195,17,90,22,0,10,15,43
S01012745,24 and under,1,0,0,0,1,1,0,0,0,0
S01012745,25 to 34,28,21,15,6,7,6,0,0,1,0
S01012745,35 to 49,82,60,52,8,22,8,0,5,8,1
S01012745,50 to 64,89,73,70,3,16,6,0,4,3,3
S01012745,65 to 74,51,36,36,0,15,1,0,1,1,12
S01012745,75 to 84,38,18,18,0,20,0,0,0,2,18
S01012745,85 and over,13,4,4,0,9,0,0,0,0,9
S01012746,All HRPs,311,215,172,43,96,40,2,14,27,13
S01012746,24 and under,12,4,2,2,8,8,0,0,0,0
S01012746,25 to 34,48,34,17,17,14,11,0,1,2,0
S01012746,35 to 49,117,86,67,19,31,12,0,10,9,0
S01012746,50 to 64,83,63,58,5,20,7,0,2,7,4
S01012746,65 to 74,39,24,24,0,15,1,1,1,9,3
S01012746,75 to 84,10,4,4,0,6,1,1,0,0,4
S01012746,85 and over,2,0,0,0,2,0,0,0,0,2
S01012747,All HRPs,348,192,164,28,156,47,0,28,32,49
S01012747,24 and under,5,1,0,1,4,4,0,0,0,0
S01012747,25 to 34,38,24,10,14,14,10,0,3,1,0
S01012747,35 to 49,90,52,44,8,38,23,0,10,4,1
S01012747,50 to 64,127,75,71,4,52,6,0,14,25,7
S01012747,65 to 74,45,24,23,1,21,2,0,1,1,17
S01012747,75 to 84,34,15,15,0,19,2,0,0,1,16
S01012747,85 and over,9,1,1,0,8,0,0,0,0,8
S01012748,All HRPs,369,120,92,28,249,103,4,28,55,59
S01012748,24 and under,13,2,2,0,11,11,0,0,0,0
S01012748,25 to 34,61,22,10,12,39,31,1,5,2,0
S01012748,35 to 49,114,35,22,13,79,39,1,13,21,5
S01012748,50 to 64,98,39,37,2,59,15,2,8,20,14
S01012748,65 to 74,35,11,11,0,24,4,0,2,9,9
S01012748,75 to 84,41,10,9,1,31,3,0,0,3,25
S01012748,85 and over,7,1,1,0,6,0,0,0,0,6
S01012749,All HRPs,387,159,112,47,228,112,5,30,44,37
S01012749,24 and under,21,4,0,4,17,14,0,3,0,0
S01012749,25 to 34,83,37,18,19,46,44,1,1,0,0
S01012749,35 to 49,114,42,28,14,72,32,3,19,15,3
S01012749,50 to 64,114,53,44,9,61,17,1,7,24,12
S01012749,65 to 74,26,8,8,0,18,5,0,0,3,10
S01012749,75 to 84,25,14,13,1,11,0,0,0,2,9
S01012749,85 and over,4,1,1,0,3,0,0,0,0,3
S01012750,All HRPs,336,141,97,44,195,92,4,27,39,33
S01012750,24 and under,22,11,1,10,11,11,0,0,0,0
S01012750,25 to 34,76,29,14,15,47,43,0,3,1,0
S01012750,35 to 49,99,41,27,14,58,29,3,16,10,0
S01012750,50 to 64,88,41,36,5,47,5,0,7,24,11
S01012750,65 to 74,28,12,12,0,16,3,1,1,3,8
S01012750,75 to 84,19,7,7,0,12,1,0,0,1,10
S01012750,85 and over,4,0,0,0,4,0,0,0,0,4
S01012751,All HRPs,423,192,161,31,231,92,2,19,39,79
S01012751,24 and under,8,2,0,2,6,6,0,0,0,0
S01012751,25 to 34,57,21,7,14,36,33,0,1,2,0
S01012751,35 to 49,118,54,42,12,64,39,1,13,9,2
S01012751,50 to 64,85,46,43,3,39,11,0,4,18,6
S01012751,65 to 74,64,33,33,0,31,3,0,0,7,21
S01012751,75 to 84,83,34,34,0,49,0,1,1,3,44
S01012751,85 and over,8,2,2,0,6,0,0,0,0,6
S01012752,All HRPs,375,173,141,32,202,94,7,23,42,36
S01012752,24 and under,23,3,1,2,20,20,0,0,0,0
S01012752,25 to 34,68,24,12,12,44,37,0,4,2,1
S01012752,35 to 49,115,57,43,14,58,21,3,13,16,5
S01012752,50 to 64,103,61,58,3,42,9,3,5,17,8
S01012752,65 to 74,41,18,17,1,23,4,1,1,7,10
S01012752,75 to 84,20,9,9,0,11,2,0,0,0,9
S01012752,85 and over,5,1,1,0,4,1,0,0,0,3
S01012753,All HRPs,235,84,60,24,151,66,2,17,29,37
S01012753,24 and under,8,2,0,2,6,5,0,1,0,0
S01012753,25 to 34,48,13,9,4,35,32,0,3,0,0
S01012753,35 to 49,55,22,12,10,33,19,0,3,7,4
S01012753,50 to 64,77,32,26,6,45,9,1,9,15,11
S01012753,65 to 74,34,11,10,1,23,1,1,1,5,15
S01012753,75 to 84,10,4,3,1,6,0,0,0,2,4
S01012753,85 and over,3,0,0,0,3,0,0,0,0,3
S01012754,All HRPs,255,122,101,21,133,44,4,16,30,39
S01012754,24 and under,11,2,0,2,9,7,2,0,0,0
S01012754,25 to 34,29,15,8,7,14,13,0,1,0,0
S01012754,35 to 49,50,27,19,8,23,9,0,7,7,0
S01012754,50 to 64,93,55,51,4,38,7,1,6,16,8
S01012754,65 to 74,40,18,18,0,22,3,0,2,5,12
S01012754,75 to 84,26,5,5,0,21,5,1,0,2,13
S01012754,85 and over,6,0,0,0,6,0,0,0,0,6
S01012755,All HRPs,280,75,59,16,205,93,0,21,46,45
S01012755,24 and under,15,1,1,0,14,14,0,0,0,0
S01012755,25 to 34,50,16,9,7,34,29,0,3,2,0
S01012755,35 to 49,62,20,14,6,42,25,0,8,8,1
S01012755,50 to 64,75,21,18,3,54,12,0,6,24,12
S01012755,65 to 74,50,10,10,0,40,5,0,4,9,22
S01012755,75 to 84,24,7,7,0,17,8,0,0,2,7
S01012755,85 and over,4,0,0,0,4,0,0,0,1,3
S01012756,All HRPs,271,111,101,10,160,53,2,8,30,67
S01012756,24 and under,7,1,1,0,6,6,0,0,0,0
S01012756,25 to 34,12,6,2,4,6,3,0,3,0,0
S01012756,35 to 49,54,23,17,6,31,24,0,1,6,0
S01012756,50 to 64,64,39,39,0,25,8,1,1,11,4
S01012756,65 to 74,59,29,29,0,30,5,0,2,6,17
S01012756,75 to 84,56,13,13,0,43,6,1,1,6,29
S01012756,85 and over,19,0,0,0,19,1,0,0,1,17
S01012757,All HRPs,236,97,81,16,139,59,1,9,32,38
S01012757,24 and under,6,3,0,3,3,3,0,0,0,0
S01012757,25 to 34,27,9,4,5,18,16,1,1,0,0
S01012757,35 to 49,62,22,16,6,40,23,0,6,11,0
S01012757,50 to 64,67,38,37,1,29,7,0,2,15,5
S01012757,65 to 74,42,16,15,1,26,4,0,0,6,16
S01012757,75 to 84,28,9,9,0,19,5,0,0,0,14
S01012757,85 and over,4,0,0,0,4,1,0,0,0,3
S01012758,All HRPs,274,127,102,25,147,47,6,20,41,33
S01012758,24 and under,9,3,1,2,6,6,0,0,0,0
S01012758,25 to 34,35,13,6,7,22,20,0,0,2,0
S01012758,35 to 49,73,40,29,11,33,16,3,5,9,0
S01012758,50 to 64,89,49,44,5,40,3,2,12,19,4
S01012758,65 to 74,30,10,10,0,20,2,0,2,8,8
S01012758,75 to 84,33,11,11,0,22,0,1,1,3,17
S01012758,85 and over,5,1,1,0,4,0,0,0,0,4
S01012759,All HRPs,342,128,94,34,214,85,1,23,54,51
S01012759,24 and under,6,2,0,2,4,4,0,0,0,0
S01012759,25 to 34,55,21,11,10,34,29,0,2,2,1
S01012759,35 to 49,106,37,23,14,69,31,0,13,22,3
S01012759,50 to 64,86,43,37,6,43,14,0,7,15,7
S01012759,65 to 74,59,17,15,2,42,4,0,1,14,23
S01012759,75 to 84,26,8,8,0,18,3,1,0,1,13
S01012759,85 and over,4,0,0,0,4,0,0,0,0,4
S01012760,All HRPs,424,153,115,38,271,128,6,22,60,55
S01012760,24 and under,17,1,0,1,16,16,0,0,0,0
S01012760,25 to 34,66,19,7,12,47,42,0,3,1,1
S01012760,35 to 49,150,60,44,16,90,44,5,10,29,2
S01012760,50 to 64,101,44,35,9,57,17,0,9,23,8
S01012760,65 to 74,47,16,16,0,31,6,0,0,4,21
S01012760,75 to 84,35,12,12,0,23,3,1,0,2,17
S01012760,85 and over,8,1,1,0,7,0,0,0,1,6
S01012761,All HRPs,369,179,142,37,190,92,1,10,42,45
S01012761,24 and under,13,0,0,0,13,13,0,0,0,0
S01012761,25 to 34,62,32,16,16,30,28,0,1,1,0
S01012761,35 to 49,88,46,31,15,42,22,0,3,17,0
S01012761,50 to 64,107,59,53,6,48,21,0,4,17,6
S01012761,65 to 74,59,29,29,0,30,5,1,0,6,18
S01012761,75 to 84,34,10,10,0,24,3,0,2,1,18
S01012761,85 and over,6,3,3,0,3,0,0,0,0,3
S01012762,All HRPs,315,175,152,23,140,46,0,13,27,54
S01012762,24 and under,8,0,0,0,8,8,0,0,0,0
S01012762,25 to 34,27,11,5,6,16,13,0,1,2,0
S01012762,35 to 49,75,41,29,12,34,16,0,8,8,2
S01012762,50 to 64,99,69,64,5,30,5,0,3,12,10
S01012762,65 to 74,72,37,37,0,35,4,0,1,5,25
S01012762,75 to 84,31,15,15,0,16,0,0,0,0,16
S01012762,85 and over,3,2,2,0,1,0,0,0,0,1
S01012763,All HRPs,178,79,68,11,99,32,0,14,25,28
S01012763,24 and under,4,1,1,0,3,3,0,0,0,0
S01012763,25 to 34,16,9,2,7,7,5,0,1,1,0
S01012763,35 to 49,54,23,21,2,31,16,0,7,7,1
S01012763,50 to 64,56,29,27,2,27,4,0,4,13,6
S01012763,65 to 74,29,12,12,0,17,4,0,2,2,9
S01012763,75 to 84,12,5,5,0,7,0,0,0,2,5
S01012763,85 and over,7,0,0,0,7,0,0,0,0,7
S01012764,All HRPs,348,147,125,22,201,85,3,21,36,56
S01012764,24 and under,12,1,0,1,11,10,0,1,0,0
S01012764,25 to 34,43,15,10,5,28,25,0,2,0,1
S01012764,35 to 49,106,55,46,9,51,24,2,11,10,4
S01012764,50 to 64,90,43,37,6,47,17,1,7,13,9
S01012764,65 to 74,53,24,23,1,29,4,0,0,10,15
S01012764,75 to 84,34,7,7,0,27,5,0,0,3,19
S01012764,85 and over,10,2,2,0,8,0,0,0,0,8
S01012765,All HRPs,296,165,148,17,131,50,1,12,25,43
S01012765,24 and under,2,1,0,1,1,1,0,0,0,0
S01012765,25 to 34,24,14,10,4,10,10,0,0,0,0
S01012765,35 to 49,82,47,40,7,35,19,0,6,10,0
S01012765,50 to 64,108,69,64,5,39,17,1,5,8,8
S01012765,65 to 74,51,29,29,0,22,3,0,1,6,12
S01012765,75 to 84,24,5,5,0,19,0,0,0,1,18
S01012765,85 and over,5,0,0,0,5,0,0,0,0,5
S01012766,All HRPs,358,193,163,30,165,63,0,15,46,41
S01012766,24 and under,4,1,0,1,3,3,0,0,0,0
S01012766,25 to 34,46,20,16,4,26,23,0,1,2,0
S01012766,35 to 49,132,78,61,17,54,26,0,6,21,1
S01012766,50 to 64,114,66,58,8,48,11,0,8,18,11
S01012766,65 to 74,26,13,13,0,13,0,0,0,5,8
S01012766,75 to 84,30,13,13,0,17,0,0,0,0,17
S01012766,85 and over,6,2,2,0,4,0,0,0,0,4
S01012767,All HRPs,228,175,148,27,53,8,0,10,6,29
S01012767,24 and under,1,0,0,0,1,1,0,0,0,0
S01012767,25 to 34,16,15,6,9,1,1,0,0,0,0
S01012767,35 to 49,60,51,39,12,9,3,0,5,0,1
S01012767,50 to 64,93,74,70,4,19,2,0,5,5,7
S01012767,65 to 74,39,26,24,2,13,1,0,0,1,11
S01012767,75 to 84,16,9,9,0,7,0,0,0,0,7
S01012767,85 and over,3,0,0,0,3,0,0,0,0,3
S01012768,All HRPs,291,220,209,11,71,14,1,17,11,28
S01012768,24 and under,0,0,0,0,0,0,0,0,0,0
S01012768,25 to 34,15,9,6,3,6,6,0,0,0,0
S01012768,35 to 49,80,60,55,5,20,5,0,10,4,1
S01012768,50 to 64,130,103,100,3,27,2,1,7,6,11
S01012768,65 to 74,46,36,36,0,10,0,0,0,1,9
S01012768,75 to 84,19,12,12,0,7,1,0,0,0,6
S01012768,85 and over,1,0,0,0,1,0,0,0,0,1
S01012769,All HRPs,152,112,103,9,40,18,1,1,6,14
S01012769,24 and under,2,0,0,0,2,2,0,0,0,0
S01012769,25 to 34,11,4,1,3,7,7,0,0,0,0
S01012769,35 to 49,70,61,56,5,9,4,0,1,4,0
S01012769,50 to 64,55,39,38,1,16,4,1,0,2,9
S01012769,65 to 74,12,7,7,0,5,1,0,0,0,4
S01012769,75 to 84,2,1,1,0,1,0,0,0,0,1
S01012769,85 and over,0,0,0,0,0,0,0,0,0,0
S01012770,All HRPs,408,186,153,33,222,87,2,13,48,72
S01012770,24 and under,15,5,2,3,10,10,0,0,0,0
S01012770,25 to 34,50,23,8,15,27,23,0,2,0,2
S01012770,35 to 49,117,58,48,10,59,32,1,7,17,2
S01012770,50 to 64,106,61,57,4,45,14,1,2,23,5
S01012770,65 to 74,58,28,27,1,30,4,0,2,6,18
S01012770,75 to 84,52,11,11,0,41,3,0,0,2,36
S01012770,85 and over,10,0,0,0,10,1,0,0,0,9
S01012771,All HRPs,357,137,109,28,220,100,3,22,44,51
S01012771,24 and under,8,0,0,0,8,8,0,0,0,0
S01012771,25 to 34,48,19,5,14,29,24,0,3,2,0
S01012771,35 to 49,103,39,30,9,64,36,2,9,15,2
S01012771,50 to 64,104,49,44,5,55,19,0,9,17,10
S01012771,65 to 74,53,21,21,0,32,7,0,0,9,16
S01012771,75 to 84,32,7,7,0,25,5,0,1,1,18
S01012771,85 and over,9,2,2,0,7,1,1,0,0,5
S01012772,All HRPs,285,130,115,15,155,57,1,21,40,36
S01012772,24 and under,5,1,0,1,4,4,0,0,0,0
S01012772,25 to 34,37,15,7,8,22,19,0,3,0,0
S01012772,35 to 49,73,27,23,4,46,20,0,8,18,0
S01012772,50 to 64,101,59,58,1,42,10,1,8,16,7
S01012772,65 to 74,37,16,15,1,21,2,0,2,6,11
S01012772,75 to 84,25,12,12,0,13,1,0,0,0,12
S01012772,85 and over,7,0,0,0,7,1,0,0,0,6
S01012773,All HRPs,391,189,158,31,202,68,5,25,40,64
S01012773,24 and under,4,0,0,0,4,4,0,0,0,0
S01012773,25 to 34,37,17,5,12,20,18,1,0,0,1
S01012773,35 to 49,101,49,39,10,52,26,0,11,14,1
S01012773,50 to 64,132,80,71,9,52,12,1,12,19,8
S01012773,65 to 74,72,27,27,0,45,5,3,1,7,29
S01012773,75 to 84,36,15,15,0,21,2,0,1,0,18
S01012773,85 and over,9,1,1,0,8,1,0,0,0,7
S01012774,All HRPs,408,190,139,51,218,102,6,27,44,39
S01012774,24 and under,27,10,0,10,17,16,0,0,0,1
S01012774,25 to 34,70,33,10,23,37,28,2,4,3,0
S01012774,35 to 49,123,51,38,13,72,40,1,15,14,2
S01012774,50 to 64,118,68,64,4,50,12,1,8,21,8
S01012774,65 to 74,36,17,17,0,19,4,1,0,4,10
S01012774,75 to 84,24,11,10,1,13,0,1,0,1,11
S01012774,85 and over,10,0,0,0,10,2,0,0,1,7
S01012775,All HRPs,211,90,78,12,121,48,1,13,26,33
S01012775,24 and under,9,1,0,1,8,8,0,0,0,0
S01012775,25 to 34,23,7,4,3,16,16,0,0,0,0
S01012775,35 to 49,54,25,23,2,29,13,1,4,10,1
S01012775,50 to 64,62,31,26,5,31,7,0,6,14,4
S01012775,65 to 74,35,15,15,0,20,4,0,2,1,13
S01012775,75 to 84,23,9,8,1,14,0,0,1,1,12
S01012775,85 and over,5,2,2,0,3,0,0,0,0,3
S01012776,All HRPs,359,165,119,46,194,87,1,22,41,43
S01012776,24 and under,18,3,1,2,15,15,0,0,0,0
S01012776,25 to 34,53,24,8,16,29,27,0,2,0,0
S01012776,35 to 49,95,49,29,20,46,25,0,11,10,0
S01012776,50 to 64,114,58,51,7,56,9,1,8,28,10
S01012776,65 to 74,49,23,22,1,26,6,0,1,2,17
S01012776,75 to 84,26,7,7,0,19,4,0,0,1,14
S01012776,85 and over,4,1,1,0,3,1,0,0,0,2
S01012777,All HRPs,365,238,183,55,127,63,1,26,24,13
S01012777,24 and under,11,3,0,3,8,8,0,0,0,0
S01012777,25 to 34,79,61,42,19,18,15,0,3,0,0
S01012777,35 to 49,175,118,92,26,57,25,0,19,12,1
S01012777,50 to 64,75,47,41,6,28,12,0,3,9,4
S01012777,65 to 74,16,7,6,1,9,1,1,0,3,4
S01012777,75 to 84,7,1,1,0,6,1,0,1,0,4
S01012777,85 and over,2,1,1,0,1,1,0,0,0,0
S01012778,All HRPs,295,150,114,36,145,61,1,26,38,19
S01012778,24 and under,8,3,1,2,5,5,0,0,0,0
S01012778,25 to 34,50,28,14,14,22,19,0,2,1,0
S01012778,35 to 49,138,73,57,16,65,28,0,19,16,2
S01012778,50 to 64,62,33,30,3,29,8,0,4,14,3
S01012778,65 to 74,24,9,8,1,15,1,0,1,6,7
S01012778,75 to 84,10,4,4,0,6,0,1,0,0,5
S01012778,85 and over,3,0,0,0,3,0,0,0,1,2
S01012779,All HRPs,200,78,57,21,122,65,1,17,26,13
S01012779,24 and under,5,1,1,0,4,4,0,0,0,0
S01012779,25 to 34,43,19,10,9,24,22,0,2,0,0
S01012779,35 to 49,79,37,27,10,42,28,0,7,7,0
S01012779,50 to 64,53,18,17,1,35,8,1,6,15,5
S01012779,65 to 74,13,2,2,0,11,2,0,2,3,4
S01012779,75 to 84,6,1,0,1,5,0,0,0,1,4
S01012779,85 and over,1,0,0,0,1,1,0,0,0,0
S01012780,All HRPs,346,123,93,30,223,110,1,25,47,40
S01012780,24 and under,19,2,1,1,17,17,0,0,0,0
S01012780,25 to 34,67,22,10,12,45,41,0,3,0,1
S01012780,35 to 49,105,45,32,13,60,33,0,10,15,2
S01012780,50 to 64,79,27,23,4,52,10,1,10,25,6
S01012780,65 to 74,41,17,17,0,24,6,0,1,7,10
S01012780,75 to 84,24,8,8,0,16,2,0,1,0,13
S01012780,85 and over,11,2,2,0,9,1,0,0,0,8
S01012781,All HRPs,300,175,143,32,125,55,2,11,27,30
S01012781,24 and under,7,2,0,2,5,5,0,0,0,0
S01012781,25 to 34,44,23,9,14,21,19,1,1,0,0
S01012781,35 to 49,82,48,40,8,34,14,1,9,10,0
S01012781,50 to 64,103,67,60,7,36,12,0,1,15,8
S01012781,65 to 74,32,24,24,0,8,1,0,0,2,5
S01012781,75 to 84,21,9,8,1,12,2,0,0,0,10
S01012781,85 and over,11,2,2,0,9,2,0,0,0,7
S01012782,All HRPs,313,99,78,21,214,95,3,26,39,51
S01012782,24 and under,17,3,0,3,14,14,0,0,0,0
S01012782,25 to 34,47,18,10,8,29,29,0,0,0,0
S01012782,35 to 49,78,21,16,5,57,26,0,18,13,0
S01012782,50 to 64,92,33,29,4,59,17,0,7,22,13
S01012782,65 to 74,40,13,13,0,27,5,2,1,4,15
S01012782,75 to 84,32,10,9,1,22,4,0,0,0,18
S01012782,85 and over,7,1,1,0,6,0,1,0,0,5
S01012783,All HRPs,322,128,88,40,194,85,4,24,47,34
S01012783,24 and under,24,4,1,3,20,20,0,0,0,0
S01012783,25 to 34,53,24,10,14,29,26,0,1,1,1
S01012783,35 to 49,111,43,27,16,68,21,1,18,25,3
S01012783,50 to 64,74,35,32,3,39,14,1,5,12,7
S01012783,65 to 74,33,12,10,2,21,2,1,0,8,10
S01012783,75 to 84,17,6,5,1,11,2,1,0,1,7
S01012783,85 and over,10,4,3,1,6,0,0,0,0,6
S01012784,All HRPs,391,154,111,43,237,106,1,20,56,54
S01012784,24 and under,14,4,0,4,10,10,0,0,0,0
S01012784,25 to 34,78,36,16,20,42,38,0,3,1,0
S01012784,35 to 49,121,52,39,13,69,41,0,9,19,0
S01012784,50 to 64,93,39,33,6,54,11,1,3,29,10
S01012784,65 to 74,29,11,11,0,18,3,0,5,7,3
S01012784,75 to 84,47,12,12,0,35,2,0,0,0,33
S01012784,85 and over,9,0,0,0,9,1,0,0,0,8
S01012785,All HRPs,388,106,71,35,282,122,5,25,75,55
S01012785,24 and under,30,4,0,4,26,26,0,0,0,0
S01012785,25 to 34,71,20,5,15,51,45,0,4,2,0
S01012785,35 to 49,90,21,13,8,69,29,2,13,23,2
S01012785,50 to 64,90,38,33,5,52,9,2,4,31,6
S01012785,65 to 74,57,17,15,2,40,9,0,1,14,16
S01012785,75 to 84,45,6,5,1,39,3,0,3,5,28
S01012785,85 and over,5,0,0,0,5,1,1,0,0,3
S01012786,All HRPs,423,83,55,28,340,185,2,41,71,41
S01012786,24 and under,43,3,0,3,40,40,0,0,0,0
S01012786,25 to 34,90,24,11,13,66,61,1,4,0,0
S01012786,35 to 49,112,18,10,8,94,53,1,11,29,0
S01012786,50 to 64,103,24,20,4,79,21,0,21,30,7
S01012786,65 to 74,41,8,8,0,33,7,0,5,8,13
S01012786,75 to 84,25,5,5,0,20,3,0,0,4,13
S01012786,85 and over,9,1,1,0,8,0,0,0,0,8
S01012787,All HRPs,250,127,95,32,123,75,2,11,17,18
S01012787,24 and under,24,7,0,7,17,17,0,0,0,0
S01012787,25 to 34,70,37,24,13,33,31,0,1,1,0
S01012787,35 to 49,74,42,33,9,32,18,1,7,4,2
S01012787,50 to 64,51,30,28,2,21,7,0,3,9,2
S01012787,65 to 74,18,9,9,0,9,2,1,0,3,3
S01012787,75 to 84,10,2,1,1,8,0,0,0,0,8
S01012787,85 and over,3,0,0,0,3,0,0,0,0,3
S01012788,All HRPs,259,113,86,27,146,61,3,24,25,33
S01012788,24 and under,8,1,0,1,7,7,0,0,0,0
S01012788,25 to 34,44,20,11,9,24,19,0,4,0,1
S01012788,35 to 49,76,36,24,12,40,18,2,11,8,1
S01012788,50 to 64,81,40,35,5,41,10,1,5,12,13
S01012788,65 to 74,35,12,12,0,23,7,0,3,3,10
S01012788,75 to 84,14,4,4,0,10,0,0,1,2,7
S01012788,85 and over,1,0,0,0,1,0,0,0,0,1
S01012789,All HRPs,325,181,165,16,144,58,1,13,38,34
S01012789,24 and under,5,0,0,0,5,5,0,0,0,0
S01012789,25 to 34,38,15,10,5,23,23,0,0,0,0
S01012789,35 to 49,102,57,49,8,45,27,0,7,11,0
S01012789,50 to 64,99,63,61,2,36,1,1,4,18,12
S01012789,65 to 74,58,34,33,1,24,1,0,2,7,14
S01012789,75 to 84,22,12,12,0,10,1,0,0,2,7
S01012789,85 and over,1,0,0,0,1,0,0,0,0,1
S01012790,All HRPs,289,145,117,28,144,72,3,15,21,33
S01012790,24 and under,24,5,1,4,19,19,0,0,0,0
S01012790,25 to 34,70,32,19,13,38,35,0,1,2,0
S01012790,35 to 49,85,52,45,7,33,10,1,12,9,1
S01012790,50 to 64,47,35,32,3,12,2,0,2,6,2
S01012790,65 to 74,22,12,11,1,10,3,1,0,1,5
S01012790,75 to 84,24,5,5,0,19,1,1,0,3,14
S01012790,85 and over,17,4,4,0,13,2,0,0,0,11
S01012791,All HRPs,324,194,176,18,130,37,3,5,29,56
S01012791,24 and under,2,0,0,0,2,2,0,0,0,0
S01012791,25 to 34,18,9,4,5,9,9,0,0,0,0
S01012791,35 to 49,75,51,42,9,24,10,1,4,9,0
S01012791,50 to 64,98,66,62,4,32,8,2,1,15,6
S01012791,65 to 74,63,41,41,0,22,4,0,0,3,15
S01012791,75 to 84,56,24,24,0,32,2,0,0,2,28
S01012791,85 and over,12,3,3,0,9,2,0,0,0,7
S01012792,All HRPs,496,177,140,37,319,135,6,35,62,81
S01012792,24 and under,26,4,0,4,22,22,0,0,0,0
S01012792,25 to 34,68,25,12,13,43,39,2,1,1,0
S01012792,35 to 49,119,43,32,11,76,46,1,15,13,1
S01012792,50 to 64,127,56,49,7,71,13,2,12,33,11
S01012792,65 to 74,68,27,26,1,41,5,0,7,11,18
S01012792,75 to 84,56,18,17,1,38,6,0,0,4,28
S01012792,85 and over,32,4,4,0,28,4,1,0,0,23
S01012793,All HRPs,363,98,77,21,265,131,6,21,55,52
S01012793,24 and under,15,2,1,1,13,13,0,0,0,0
S01012793,25 to 34,60,11,6,5,49,42,0,6,1,0
S01012793,35 to 49,97,28,18,10,69,47,3,7,12,0
S01012793,50 to 64,100,35,32,3,65,17,3,8,29,8
S01012793,65 to 74,37,13,11,2,24,5,0,0,10,9
S01012793,75 to 84,44,7,7,0,37,6,0,0,3,28
S01012793,85 and over,10,2,2,0,8,1,0,0,0,7
S01012794,All HRPs,378,129,94,35,249,111,7,30,58,43
S01012794,24 and under,21,4,0,4,17,17,0,0,0,0
S01012794,25 to 34,64,20,9,11,44,41,0,3,0,0
S01012794,35 to 49,101,30,18,12,71,29,2,17,22,1
S01012794,50 to 64,102,43,36,7,59,12,5,7,27,8
S01012794,65 to 74,42,20,19,1,22,4,0,2,6,10
S01012794,75 to 84,37,9,9,0,28,7,0,1,1,19
S01012794,85 and over,11,3,3,0,8,1,0,0,2,5
S01012795,All HRPs,439,188,155,33,251,100,3,39,61,48
S01012795,24 and under,4,0,0,0,4,4,0,0,0,0
S01012795,25 to 34,54,14,7,7,40,35,2,2,1,0
S01012795,35 to 49,148,63,43,20,85,42,0,23,18,2
S01012795,50 to 64,115,57,53,4,58,9,1,12,27,9
S01012795,65 to 74,71,35,33,2,36,3,0,2,13,18
S01012795,75 to 84,40,17,17,0,23,6,0,0,2,15
S01012795,85 and over,7,2,2,0,5,1,0,0,0,4
S01012796,All HRPs,347,171,126,45,176,90,0,13,41,32
S01012796,24 and under,17,4,1,3,13,12,0,0,1,0
S01012796,25 to 34,79,48,31,17,31,25,0,3,2,1
S01012796,35 to 49,120,60,46,14,60,41,0,8,10,1
S01012796,50 to 64,72,37,29,8,35,7,0,2,19,7
S01012796,65 to 74,33,12,10,2,21,5,0,0,6,10
S01012796,75 to 84,23,8,7,1,15,0,0,0,3,12
S01012796,85 and over,3,2,2,0,1,0,0,0,0,1
S01012797,All HRPs,276,155,109,46,121,54,4,16,29,18
S01012797,24 and under,6,1,0,1,5,5,0,0,0,0
S01012797,25 to 34,56,34,14,20,22,18,2,1,1,0
S01012797,35 to 49,111,64,41,23,47,19,1,10,15,2
S01012797,50 to 64,67,33,31,2,34,8,1,5,11,9
S01012797,65 to 74,24,15,15,0,9,4,0,0,1,4
S01012797,75 to 84,12,8,8,0,4,0,0,0,1,3
S01012797,85 and over,0,0,0,0,0,0,0,0,0,0
S01012798,All HRPs,329,175,160,15,154,54,2,17,38,43
S01012798,24 and under,7,2,0,2,5,5,0,0,0,0
S01012798,25 to 34,25,5,3,2,20,17,0,2,1,0
S01012798,35 to 49,104,68,63,5,36,18,0,5,11,2
S01012798,50 to 64,94,64,58,6,30,7,2,9,12,0
S01012798,65 to 74,38,16,16,0,22,4,0,1,8,9
S01012798,75 to 84,48,20,20,0,28,2,0,0,4,22
S01012798,85 and over,13,0,0,0,13,1,0,0,2,10
S01012799,All HRPs,393,195,179,16,198,58,5,16,34,85
S01012799,24 and under,7,0,0,0,7,7,0,0,0,0
S01012799,25 to 34,39,14,6,8,25,20,0,3,2,0
S01012799,35 to 49,86,49,44,5,37,15,1,6,14,1
S01012799,50 to 64,118,78,75,3,40,11,2,7,12,8
S01012799,65 to 74,50,25,25,0,25,1,2,0,5,17
S01012799,75 to 84,61,25,25,0,36,3,0,0,1,32
S01012799,85 and over,32,4,4,0,28,1,0,0,0,27
S01012800,All HRPs,398,236,204,32,162,60,5,18,32,47
S01012800,24 and under,4,3,0,3,1,1,0,0,0,0
S01012800,25 to 34,39,15,10,5,24,23,1,0,0,0
S01012800,35 to 49,122,84,68,16,38,19,0,7,11,1
S01012800,50 to 64,130,76,70,6,54,13,3,11,16,11
S01012800,65 to 74,56,44,42,2,12,0,0,0,2,10
S01012800,75 to 84,31,11,11,0,20,1,0,0,2,17
S01012800,85 and over,16,3,3,0,13,3,1,0,1,8
S01012801,All HRPs,252,107,93,14,145,44,8,16,20,57
S01012801,24 and under,7,2,0,2,5,5,0,0,0,0
S01012801,25 to 34,28,7,2,5,21,17,2,2,0,0
S01012801,35 to 49,55,20,18,2,35,16,2,7,10,0
S01012801,50 to 64,49,31,26,5,18,4,2,4,4,4
S01012801,65 to 74,41,23,23,0,18,1,0,3,4,10
S01012801,75 to 84,52,18,18,0,34,1,2,0,1,30
S01012801,85 and over,20,6,6,0,14,0,0,0,1,13
S01012802,All HRPs,207,166,162,4,41,9,1,10,12,9
S01012802,24 and under,0,0,0,0,0,0,0,0,0,0
S01012802,25 to 34,7,6,6,0,1,1,0,0,0,0
S01012802,35 to 49,72,58,56,2,14,4,0,4,6,0
S01012802,50 to 64,91,73,71,2,18,2,1,6,5,4
S01012802,65 to 74,23,20,20,0,3,2,0,0,0,1
S01012802,75 to 84,12,8,8,0,4,0,0,0,1,3
S01012802,85 and over,2,1,1,0,1,0,0,0,0,1
S01012803,All HRPs,262,180,170,10,82,19,3,10,20,30
S01012803,24 and under,1,0,0,0,1,1,0,0,0,0
S01012803,25 to 34,13,8,4,4,5,4,1,0,0,0
S01012803,35 to 49,73,50,46,4,23,9,0,5,9,0
S01012803,50 to 64,114,91,89,2,23,2,1,5,7,8
S01012803,65 to 74,39,24,24,0,15,2,1,0,3,9
S01012803,75 to 84,15,6,6,0,9,1,0,0,1,7
S01012803,85 and over,7,1,1,0,6,0,0,0,0,6
S01012804,All HRPs,351,146,126,20,205,84,2,19,39,61
S01012804,24 and under,11,1,0,1,10,10,0,0,0,0
S01012804,25 to 34,53,18,8,10,35,29,0,3,2,1
S01012804,35 to 49,98,46,41,5,52,32,0,6,14,0
S01012804,50 to 64,90,50,48,2,40,11,1,4,19,5
S01012804,65 to 74,44,22,20,2,22,1,0,4,3,14
S01012804,75 to 84,37,6,6,0,31,0,0,2,1,28
S01012804,85 and over,18,3,3,0,15,1,1,0,0,13
S01012805,All HRPs,383,187,153,34,196,67,3,27,41,58
S01012805,24 and under,8,2,0,2,6,6,0,0,0,0
S01012805,25 to 34,41,16,4,12,25,23,0,1,1,0
S01012805,35 to 49,125,68,49,19,57,29,0,12,15,1
S01012805,50 to 64,106,59,58,1,47,5,0,13,20,9
S01012805,65 to 74,42,25,25,0,17,0,0,1,4,12
S01012805,75 to 84,49,15,15,0,34,3,2,0,1,28
S01012805,85 and over,12,2,2,0,10,1,1,0,0,8
S01012806,All HRPs,299,163,140,23,136,49,0,13,41,33
S01012806,24 and under,2,0,0,0,2,2,0,0,0,0
S01012806,25 to 34,48,24,13,11,24,19,0,2,3,0
S01012806,35 to 49,96,58,51,7,38,17,0,7,14,0
S01012806,50 to 64,93,58,55,3,35,10,0,3,16,6
S01012806,65 to 74,36,19,17,2,17,1,0,1,6,9
S01012806,75 to 84,19,2,2,0,17,0,0,0,2,15
S01012806,85 and over,5,2,2,0,3,0,0,0,0,3
S01012807,All HRPs,218,164,156,8,54,19,0,8,9,18
S01012807,24 and under,3,0,0,0,3,3,0,0,0,0
S01012807,25 to 34,11,6,5,1,5,5,0,0,0,0
S01012807,35 to 49,74,58,55,3,16,9,0,4,2,1
S01012807,50 to 64,80,66,62,4,14,1,0,3,6,4
S01012807,65 to 74,22,16,16,0,6,1,0,1,0,4
S01012807,75 to 84,20,13,13,0,7,0,0,0,0,7
S01012807,85 and over,8,5,5,0,3,0,0,0,1,2
S01012808,All HRPs,475,262,236,26,213,61,6,16,46,84
S01012808,24 and under,5,0,0,0,5,5,0,0,0,0
S01012808,25 to 34,40,19,9,10,21,19,0,0,2,0
S01012808,35 to 49,133,94,86,8,39,16,0,7,14,2
S01012808,50 to 64,134,89,81,8,45,9,2,6,19,9
S01012808,65 to 74,66,38,38,0,28,4,1,1,7,15
S01012808,75 to 84,64,18,18,0,46,6,2,2,4,32
S01012808,85 and over,33,4,4,0,29,2,1,0,0,26
S01012809,All HRPs,337,131,102,29,206,114,2,21,38,31
S01012809,24 and under,11,1,0,1,10,10,0,0,0,0
S01012809,25 to 34,93,27,10,17,66,62,0,0,4,0
S01012809,35 to 49,81,32,24,8,49,27,1,7,13,1
S01012809,50 to 64,83,39,36,3,44,10,1,11,14,8
S01012809,65 to 74,38,22,22,0,16,2,0,3,6,5
S01012809,75 to 84,21,9,9,0,12,1,0,0,0,11
S01012809,85 and over,10,1,1,0,9,2,0,0,1,6
S01012810,All HRPs,481,140,112,28,341,160,3,23,69,86
S01012810,24 and under,17,2,0,2,15,15,0,0,0,0
S01012810,25 to 34,85,19,6,13,66,63,0,1,1,1
S01012810,35 to 49,125,45,37,8,80,43,1,9,24,3
S01012810,50 to 64,125,52,48,4,73,25,1,9,29,9
S01012810,65 to 74,58,13,12,1,45,5,1,3,11,25
S01012810,75 to 84,48,7,7,0,41,5,0,1,4,31
S01012810,85 and over,23,2,2,0,21,4,0,0,0,17
S01012811,All HRPs,348,180,166,14,168,48,5,16,31,68
S01012811,24 and under,5,1,1,0,4,4,0,0,0,0
S01012811,25 to 34,27,16,12,4,11,8,0,2,1,0
S01012811,35 to 49,81,41,38,3,40,19,0,6,11,4
S01012811,50 to 64,94,65,59,6,29,10,1,3,9,6
S01012811,65 to 74,81,37,36,1,44,3,3,2,8,28
S01012811,75 to 84,44,15,15,0,29,2,1,2,2,22
S01012811,85 and over,16,5,5,0,11,2,0,1,0,8
S01012812,All HRPs,285,164,139,25,121,54,3,6,30,28
S01012812,24 and under,4,1,0,1,3,3,0,0,0,0
S01012812,25 to 34,41,20,14,6,21,20,0,1,0,0
S01012812,35 to 49,92,54,41,13,38,19,1,2,16,0
S01012812,50 to 64,96,67,62,5,29,5,2,2,11,9
S01012812,65 to 74,27,12,12,0,15,4,0,0,2,9
S01012812,75 to 84,23,10,10,0,13,3,0,1,1,8
S01012812,85 and over,2,0,0,0,2,0,0,0,0,2
S01012813,All HRPs,372,273,253,20,99,27,2,10,14,46
S01012813,24 and under,0,0,0,0,0,0,0,0,0,0
S01012813,25 to 34,18,14,6,8,4,4,0,0,0,0
S01012813,35 to 49,96,74,67,7,22,10,0,6,3,3
S01012813,50 to 64,130,101,99,2,29,8,2,4,9,6
S01012813,65 to 74,70,54,52,2,16,1,0,0,1,14
S01012813,75 to 84,48,27,26,1,21,4,0,0,1,16
S01012813,85 and over,10,3,3,0,7,0,0,0,0,7
S01012814,All HRPs,333,219,180,39,114,55,1,16,22,20
S01012814,24 and under,7,0,0,0,7,6,0,1,0,0
S01012814,25 to 34,57,37,21,16,20,17,0,3,0,0
S01012814,35 to 49,154,107,88,19,47,24,1,10,11,1
S01012814,50 to 64,77,58,54,4,19,8,0,2,8,1
S01012814,65 to 74,25,13,13,0,12,0,0,0,2,10
S01012814,75 to 84,10,3,3,0,7,0,0,0,1,6
S01012814,85 and over,3,1,1,0,2,0,0,0,0,2
S01012815,All HRPs,320,223,182,41,97,45,1,20,18,13
S01012815,24 and under,10,0,0,0,10,9,0,1,0,0
S01012815,25 to 34,83,53,32,21,30,17,1,10,2,0
S01012815,35 to 49,151,116,102,14,35,15,0,8,10,2
S01012815,50 to 64,62,48,43,5,14,3,0,1,6,4
S01012815,65 to 74,9,5,4,1,4,1,0,0,0,3
S01012815,75 to 84,5,1,1,0,4,0,0,0,0,4
S01012815,85 and over,0,0,0,0,0,0,0,0,0,0
S01012816,All HRPs,229,134,103,31,95,42,0,16,21,16
S01012816,24 and under,6,1,0,1,5,5,0,0,0,0
S01012816,25 to 34,50,30,18,12,20,15,0,5,0,0
S01012816,35 to 49,100,66,49,17,34,19,0,6,9,0
S01012816,50 to 64,49,27,26,1,22,3,0,5,11,3
S01012816,65 to 74,15,9,9,0,6,0,0,0,0,6
S01012816,75 to 84,6,1,1,0,5,0,0,0,1,4
S01012816,85 and over,3,0,0,0,3,0,0,0,0,3
S01012817,All HRPs,175,139,121,18,36,6,3,12,12,3
S01012817,24 and under,0,0,0,0,0,0,0,0,0,0
S01012817,25 to 34,23,18,12,6,5,4,1,0,0,0
S01012817,35 to 49,106,84,80,4,22,2,2,10,6,2
S01012817,50 to 64,41,33,25,8,8,0,0,2,6,0
S01012817,65 to 74,5,4,4,0,1,0,0,0,0,1
S01012817,75 to 84,0,0,0,0,0,0,0,0,0,0
S01012817,85 and over,0,0,0,0,0,0,0,0,0,0
S01012818,All HRPs,271,217,196,21,54,15,1,9,15,14
S01012818,24 and under,1,0,0,0,1,1,0,0,0,0
S01012818,25 to 34,25,17,9,8,8,5,0,1,2,0
S01012818,35 to 49,124,108,97,11,16,5,0,5,4,2
S01012818,50 to 64,88,68,66,2,20,4,1,3,9,3
S01012818,65 to 74,23,18,18,0,5,0,0,0,0,5
S01012818,75 to 84,9,6,6,0,3,0,0,0,0,3
S01012818,85 and over,1,0,0,0,1,0,0,0,0,1
S01012819,All HRPs,365,126,102,24,239,83,1,33,53,69
S01012819,24 and under,13,4,0,4,9,9,0,0,0,0
S01012819,25 to 34,40,11,5,6,29,26,0,3,0,0
S01012819,35 to 49,97,39,28,11,58,33,1,12,11,1
S01012819,50 to 64,110,39,37,2,71,10,0,14,28,19
S01012819,65 to 74,60,29,28,1,31,2,0,4,10,15
S01012819,75 to 84,37,4,4,0,33,3,0,0,4,26
S01012819,85 and over,8,0,0,0,8,0,0,0,0,8
S01012820,All HRPs,370,270,216,54,100,45,2,15,27,11
S01012820,24 and under,11,7,1,6,4,4,0,0,0,0
S01012820,25 to 34,69,53,25,28,16,13,1,2,0,0
S01012820,35 to 49,172,124,109,15,48,26,0,9,13,0
S01012820,50 to 64,101,77,73,4,24,1,1,4,12,6
S01012820,65 to 74,12,8,8,0,4,1,0,0,2,1
S01012820,75 to 84,4,1,0,1,3,0,0,0,0,3
S01012820,85 and over,1,0,0,0,1,0,0,0,0,1
S01012821,All HRPs,263,184,137,47,79,23,8,24,18,6
S01012821,24 and under,3,2,0,2,1,1,0,0,0,0
S01012821,25 to 34,68,44,33,11,24,10,5,5,4,0
S01012821,35 to 49,132,99,74,25,33,12,0,13,5,3
S01012821,50 to 64,48,32,24,8,16,0,3,4,9,0
S01012821,65 to 74,10,6,5,1,4,0,0,2,0,2
S01012821,75 to 84,2,1,1,0,1,0,0,0,0,1
S01012821,85 and over,0,0,0,0,0,0,0,0,0,0
S01012822,All HRPs,256,55,38,17,201,94,2,33,43,29
S01012822,24 and under,13,2,0,2,11,11,0,0,0,0
S01012822,25 to 34,61,9,4,5,52,44,0,5,3,0
S01012822,35 to 49,86,17,9,8,69,33,2,17,15,2
S01012822,50 to 64,61,21,19,2,40,4,0,10,22,4
S01012822,65 to 74,17,5,5,0,12,1,0,1,1,9
S01012822,75 to 84,15,1,1,0,14,1,0,0,2,11
S01012822,85 and over,3,0,0,0,3,0,0,0,0,3
S01012823,All HRPs,285,213,176,37,72,20,4,14,20,14
S01012823,24 and under,2,1,0,1,1,1,0,0,0,0
S01012823,25 to 34,40,28,13,15,12,7,2,3,0,0
S01012823,35 to 49,151,120,105,15,31,6,1,10,10,4
S01012823,50 to 64,75,53,47,6,22,6,0,1,10,5
S01012823,65 to 74,11,7,7,0,4,0,0,0,0,4
S01012823,75 to 84,5,4,4,0,1,0,1,0,0,0
S01012823,85 and over,1,0,0,0,1,0,0,0,0,1
S01012824,All HRPs,273,151,120,31,122,59,0,13,23,27
S01012824,24 and under,7,0,0,0,7,7,0,0,0,0
S01012824,25 to 34,54,34,20,14,20,19,0,0,0,1
S01012824,35 to 49,96,53,40,13,43,22,0,8,13,0
S01012824,50 to 64,66,39,35,4,27,10,0,4,9,4
S01012824,65 to 74,30,16,16,0,14,0,0,1,1,12
S01012824,75 to 84,14,7,7,0,7,0,0,0,0,7
S01012824,85 and over,6,2,2,0,4,1,0,0,0,3
S01012825,All HRPs,269,93,74,19,176,76,2,24,44,30
S01012825,24 and under,3,0,0,0,3,3,0,0,0,0
S01012825,25 to 34,39,11,3,8,28,26,1,1,0,0
S01012825,35 to 49,70,28,23,5,42,23,1,9,9,0
S01012825,50 to 64,93,33,28,5,60,19,0,12,24,5
S01012825,65 to 74,28,10,9,1,18,2,0,2,6,8
S01012825,75 to 84,31,11,11,0,20,2,0,0,5,13
S01012825,85 and over,5,0,0,0,5,1,0,0,0,4
S01012826,All HRPs,231,74,43,31,157,85,2,19,43,8
S01012826,24 and under,5,2,0,2,3,3,0,0,0,0
S01012826,25 to 34,57,12,3,9,45,42,1,2,0,0
S01012826,35 to 49,108,40,22,18,68,33,1,12,21,1
S01012826,50 to 64,49,15,14,1,34,5,0,4,20,5
S01012826,65 to 74,10,5,4,1,5,1,0,1,2,1
S01012826,75 to 84,2,0,0,0,2,1,0,0,0,1
S01012826,85 and over,0,0,0,0,0,0,0,0,0,0
S01012827,All HRPs,233,172,133,39,61,29,4,14,10,4
S01012827,24 and under,8,3,1,2,5,5,0,0,0,0
S01012827,25 to 34,63,48,33,15,15,9,1,3,2,0
S01012827,35 to 49,129,99,80,19,30,15,0,9,6,0
S01012827,50 to 64,24,16,15,1,8,0,2,2,2,2
S01012827,65 to 74,7,5,3,2,2,0,0,0,0,2
S01012827,75 to 84,2,1,1,0,1,0,1,0,0,0
S01012827,85 and over,0,0,0,0,0,0,0,0,0,0
S01012828,All HRPs,254,164,122,42,90,49,2,18,10,11
S01012828,24 and under,11,4,0,4,7,7,0,0,0,0
S01012828,25 to 34,80,52,33,19,28,26,1,1,0,0
S01012828,35 to 49,101,73,56,17,28,13,0,8,6,1
S01012828,50 to 64,47,28,26,2,19,3,0,8,4,4
S01012828,65 to 74,9,7,7,0,2,0,0,0,0,2
S01012828,75 to 84,5,0,0,0,5,0,1,1,0,3
S01012828,85 and over,1,0,0,0,1,0,0,0,0,1
S01012829,All HRPs,362,156,120,36,206,89,2,25,44,46
S01012829,24 and under,13,4,0,4,9,9,0,0,0,0
S01012829,25 to 34,60,22,12,10,38,35,0,3,0,0
S01012829,35 to 49,124,56,41,15,68,30,1,13,24,0
S01012829,50 to 64,87,44,38,6,43,12,0,9,15,7
S01012829,65 to 74,45,19,18,1,26,1,1,0,5,19
S01012829,75 to 84,25,10,10,0,15,2,0,0,0,13
S01012829,85 and over,8,1,1,0,7,0,0,0,0,7
S01012830,All HRPs,313,155,131,24,158,55,4,17,35,47
S01012830,24 and under,6,0,0,0,6,6,0,0,0,0
S01012830,25 to 34,31,12,6,6,19,16,3,0,0,0
S01012830,35 to 49,80,55,40,15,25,14,0,8,3,0
S01012830,50 to 64,108,58,56,2,50,10,1,7,21,11
S01012830,65 to 74,56,28,27,1,28,6,0,2,7,13
S01012830,75 to 84,29,2,2,0,27,2,0,0,4,21
S01012830,85 and over,3,0,0,0,3,1,0,0,0,2
S01012831,All HRPs,333,126,110,16,207,56,3,27,43,78
S01012831,24 and under,3,2,0,2,1,1,0,0,0,0
S01012831,25 to 34,25,11,7,4,14,11,1,1,1,0
S01012831,35 to 49,57,20,15,5,37,17,0,12,7,1
S01012831,50 to 64,107,55,50,5,52,11,1,9,25,6
S01012831,65 to 74,57,23,23,0,34,8,0,5,7,14
S01012831,75 to 84,64,11,11,0,53,8,1,0,3,41
S01012831,85 and over,20,4,4,0,16,0,0,0,0,16
S01012832,All HRPs,215,116,95,21,99,34,2,12,22,29
S01012832,24 and under,4,1,0,1,3,3,0,0,0,0
S01012832,25 to 34,20,13,7,6,7,7,0,0,0,0
S01012832,35 to 49,61,38,29,9,23,16,0,2,5,0
S01012832,50 to 64,77,44,41,3,33,4,1,8,12,8
S01012832,65 to 74,31,15,13,2,16,3,0,2,4,7
S01012832,75 to 84,17,4,4,0,13,1,1,0,0,11
S01012832,85 and over,5,1,1,0,4,0,0,0,1,3
S01012833,All HRPs,319,112,89,23,207,90,2,31,45,39
S01012833,24 and under,5,1,0,1,4,4,0,0,0,0
S01012833,25 to 34,41,13,6,7,28,25,0,2,1,0
S01012833,35 to 49,102,23,17,6,79,40,2,19,17,1
S01012833,50 to 64,94,40,33,7,54,14,0,7,23,10
S01012833,65 to 74,43,22,21,1,21,5,0,3,4,9
S01012833,75 to 84,24,12,11,1,12,1,0,0,0,11
S01012833,85 and over,10,1,1,0,9,1,0,0,0,8
S01012834,All HRPs,289,120,99,21,169,73,2,31,31,32
S01012834,24 and under,12,2,0,2,10,10,0,0,0,0
S01012834,25 to 34,42,12,4,8,30,23,0,7,0,0
S01012834,35 to 49,82,30,25,5,52,30,0,11,10,1
S01012834,50 to 64,93,52,46,6,41,5,0,12,16,8
S01012834,65 to 74,27,16,16,0,11,2,1,1,3,4
S01012834,75 to 84,24,8,8,0,16,1,1,0,1,13
S01012834,85 and over,9,0,0,0,9,2,0,0,1,6
S01012835,All HRPs,403,184,144,40,219,96,4,24,30,65
S01012835,24 and under,10,3,0,3,7,7,0,0,0,0
S01012835,25 to 34,59,28,13,15,31,29,2,0,0,0
S01012835,35 to 49,105,52,39,13,53,32,0,11,10,0
S01012835,50 to 64,118,63,56,7,55,12,0,11,20,12
S01012835,65 to 74,53,24,23,1,29,9,0,1,0,19
S01012835,75 to 84,40,12,11,1,28,4,0,1,0,23
S01012835,85 and over,18,2,2,0,16,3,2,0,0,11
S01012836,All HRPs,220,167,145,22,53,22,0,16,9,6
S01012836,24 and under,1,1,1,0,0,0,0,0,0,0
S01012836,25 to 34,45,32,25,7,13,10,0,2,1,0
S01012836,35 to 49,103,86,77,9,17,4,0,10,2,1
S01012836,50 to 64,65,46,40,6,19,8,0,3,6,2
S01012836,65 to 74,6,2,2,0,4,0,0,1,0,3
S01012836,75 to 84,0,0,0,0,0,0,0,0,0,0
S01012836,85 and over,0,0,0,0,0,0,0,0,0,0
S01012837,All HRPs,414,83,49,34,331,174,3,36,86,32
S01012837,24 and under,46,6,0,6,40,35,0,3,2,0
S01012837,25 to 34,88,18,7,11,70,63,2,4,1,0
S01012837,35 to 49,149,28,18,10,121,63,1,19,36,2
S01012837,50 to 64,80,23,16,7,57,10,0,8,29,10
S01012837,65 to 74,37,8,8,0,29,2,0,2,15,10
S01012837,75 to 84,11,0,0,0,11,1,0,0,3,7
S01012837,85 and over,3,0,0,0,3,0,0,0,0,3
S01012838,All HRPs,528,96,57,39,432,253,5,51,86,37
S01012838,24 and under,63,8,1,7,55,55,0,0,0,0
S01012838,25 to 34,133,17,3,14,116,104,0,10,2,0
S01012838,35 to 49,175,36,24,12,139,74,1,30,32,2
S01012838,50 to 64,112,26,21,5,86,17,4,11,43,11
S01012838,65 to 74,25,5,5,0,20,1,0,0,8,11
S01012838,75 to 84,17,3,2,1,14,2,0,0,1,11
S01012838,85 and over,3,1,1,0,2,0,0,0,0,2
S01012839,All HRPs,300,187,159,28,113,48,5,15,27,18
S01012839,24 and under,1,1,0,1,0,0,0,0,0,0
S01012839,25 to 34,46,24,12,12,22,17,0,4,1,0
S01012839,35 to 49,70,45,37,8,25,18,1,1,5,0
S01012839,50 to 64,129,87,81,6,42,8,4,9,16,5
S01012839,65 to 74,35,19,19,0,16,4,0,1,5,6
S01012839,75 to 84,15,10,9,1,5,0,0,0,0,5
S01012839,85 and over,4,1,1,0,3,1,0,0,0,2
S01012840,All HRPs,285,210,178,32,75,26,3,13,27,6
S01012840,24 and under,5,2,0,2,3,3,0,0,0,0
S01012840,25 to 34,50,34,26,8,16,11,2,2,1,0
S01012840,35 to 49,139,110,92,18,29,8,1,7,13,0
S01012840,50 to 64,73,53,49,4,20,3,0,3,12,2
S01012840,65 to 74,15,11,11,0,4,1,0,1,1,1
S01012840,75 to 84,3,0,0,0,3,0,0,0,0,3
S01012840,85 and over,0,0,0,0,0,0,0,0,0,0
S01012841,All HRPs,253,172,158,14,81,27,1,15,18,20
S01012841,24 and under,3,3,0,3,0,0,0,0,0,0
S01012841,25 to 34,16,10,7,3,6,5,0,0,1,0
S01012841,35 to 49,77,47,42,5,30,15,0,7,6,2
S01012841,50 to 64,109,83,80,3,26,6,0,8,9,3
S01012841,65 to 74,24,18,18,0,6,1,0,0,2,3
S01012841,75 to 84,22,10,10,0,12,0,1,0,0,11
S01012841,85 and over,2,1,1,0,1,0,0,0,0,1
S01012842,All HRPs,198,135,115,20,63,21,2,7,15,18
S01012842,24 and under,6,3,1,2,3,3,0,0,0,0
S01012842,25 to 34,22,12,8,4,10,8,0,1,0,1
S01012842,35 to 49,51,33,25,8,18,8,1,4,5,0
S01012842,50 to 64,89,68,62,6,21,2,1,1,9,8
S01012842,65 to 74,20,12,12,0,8,0,0,1,0,7
S01012842,75 to 84,9,7,7,0,2,0,0,0,1,1
S01012842,85 and over,1,0,0,0,1,0,0,0,0,1
S01012843,All HRPs,381,276,243,33,105,41,3,5,13,43
S01012843,24 and under,3,2,0,2,1,1,0,0,0,0
S01012843,25 to 34,24,17,10,7,7,7,0,0,0,0
S01012843,35 to 49,129,103,90,13,26,12,1,3,8,2
S01012843,50 to 64,112,92,84,8,20,10,0,2,4,4
S01012843,65 to 74,59,41,39,2,18,5,1,0,0,12
S01012843,75 to 84,42,15,14,1,27,6,1,0,1,19
S01012843,85 and over,12,6,6,0,6,0,0,0,0,6
S01012844,All HRPs,249,187,175,12,62,12,4,6,12,28
S01012844,24 and under,0,0,0,0,0,0,0,0,0,0
S01012844,25 to 34,16,9,6,3,7,3,1,3,0,0
S01012844,35 to 49,83,69,65,4,14,5,1,1,6,1
S01012844,50 to 64,99,83,78,5,16,2,1,1,5,7
S01012844,65 to 74,25,18,18,0,7,1,1,0,1,4
S01012844,75 to 84,19,6,6,0,13,1,0,1,0,11
S01012844,85 and over,7,2,2,0,5,0,0,0,0,5
S01012845,All HRPs,281,167,150,17,114,48,0,6,24,36
S01012845,24 and under,3,0,0,0,3,3,0,0,0,0
S01012845,25 to 34,15,6,4,2,9,9,0,0,0,0
S01012845,35 to 49,94,64,56,8,30,18,0,4,6,2
S01012845,50 to 64,102,65,59,6,37,16,0,1,11,9
S01012845,65 to 74,30,14,14,0,16,1,0,1,6,8
S01012845,75 to 84,27,15,14,1,12,0,0,0,1,11
S01012845,85 and over,10,3,3,0,7,1,0,0,0,6
S01012846,All HRPs,543,157,119,38,386,176,4,46,54,106
S01012846,24 and under,31,8,0,8,23,23,0,0,0,0
S01012846,25 to 34,78,20,6,14,58,55,0,1,2,0
S01012846,35 to 49,105,36,26,10,69,43,2,15,5,4
S01012846,50 to 64,143,45,41,4,98,35,0,21,27,15
S01012846,65 to 74,92,27,26,1,65,10,1,6,15,33
S01012846,75 to 84,71,18,17,1,53,9,1,3,5,35
S01012846,85 and over,23,3,3,0,20,1,0,0,0,19
S01012847,All HRPs,249,129,116,13,120,39,2,13,21,45
S01012847,24 and under,3,0,0,0,3,3,0,0,0,0
S01012847,25 to 34,26,12,8,4,14,12,0,1,1,0
S01012847,35 to 49,64,42,35,7,22,12,1,4,5,0
S01012847,50 to 64,77,54,52,2,23,5,0,5,7,6
S01012847,65 to 74,33,13,13,0,20,4,0,2,6,8
S01012847,75 to 84,37,7,7,0,30,1,1,1,2,25
S01012847,85 and over,9,1,1,0,8,2,0,0,0,6
S01012848,All HRPs,283,193,155,38,90,40,3,6,16,25
S01012848,24 and under,5,0,0,0,5,5,0,0,0,0
S01012848,25 to 34,49,40,29,11,9,9,0,0,0,0
S01012848,35 to 49,91,72,55,17,19,8,1,5,4,1
S01012848,50 to 64,80,52,44,8,28,12,2,1,9,4
S01012848,65 to 74,29,14,13,1,15,3,0,0,2,10
S01012848,75 to 84,16,9,8,1,7,2,0,0,0,5
S01012848,85 and over,13,6,6,0,7,1,0,0,1,5
S01012849,All HRPs,345,152,99,53,193,98,2,23,39,31
S01012849,24 and under,25,12,1,11,13,13,0,0,0,0
S01012849,25 to 34,101,53,24,29,48,38,0,8,0,2
S01012849,35 to 49,87,39,29,10,48,31,0,7,9,1
S01012849,50 to 64,68,23,21,2,45,10,1,7,22,5
S01012849,65 to 74,34,17,16,1,17,2,0,1,6,8
S01012849,75 to 84,23,8,8,0,15,4,1,0,0,10
S01012849,85 and over,7,0,0,0,7,0,0,0,2,5
S01012850,All HRPs,339,146,115,31,193,48,4,29,33,79
S01012850,24 and under,7,3,1,2,4,4,0,0,0,0
S01012850,25 to 34,16,6,3,3,10,9,0,1,0,0
S01012850,35 to 49,72,35,23,12,37,14,0,11,11,1
S01012850,50 to 64,112,57,45,12,55,13,3,10,14,15
S01012850,65 to 74,57,27,25,2,30,2,1,5,6,16
S01012850,75 to 84,60,17,17,0,43,3,0,2,2,36
S01012850,85 and over,15,1,1,0,14,3,0,0,0,11
S01012851,All HRPs,374,190,169,21,184,52,3,23,36,70
S01012851,24 and under,2,0,0,0,2,2,0,0,0,0
S01012851,25 to 34,21,10,7,3,11,8,0,3,0,0
S01012851,35 to 49,88,52,41,11,36,21,0,6,9,0
S01012851,50 to 64,134,81,76,5,53,13,1,9,21,9
S01012851,65 to 74,61,30,28,2,31,5,1,4,4,17
S01012851,75 to 84,49,14,14,0,35,3,1,1,2,28
S01012851,85 and over,19,3,3,0,16,0,0,0,0,16
S01012852,All HRPs,298,186,167,19,112,37,4,10,21,40
S01012852,24 and under,5,0,0,0,5,5,0,0,0,0
S01012852,25 to 34,21,14,10,4,7,6,0,0,1,0
S01012852,35 to 49,87,58,48,10,29,10,2,5,7,5
S01012852,50 to 64,97,73,68,5,24,2,1,5,11,5
S01012852,65 to 74,46,27,27,0,19,5,0,0,2,12
S01012852,75 to 84,31,12,12,0,19,7,1,0,0,11
S01012852,85 and over,11,2,2,0,9,2,0,0,0,7
S01012853,All HRPs,338,220,204,16,118,44,2,3,14,55
S01012853,24 and under,3,1,0,1,2,2,0,0,0,0
S01012853,25 to 34,15,4,1,3,11,11,0,0,0,0
S01012853,35 to 49,62,47,41,6,15,10,0,2,3,0
S01012853,50 to 64,123,95,89,6,28,13,1,0,6,8
S01012853,65 to 74,65,43,43,0,22,1,1,1,3,16
S01012853,75 to 84,50,23,23,0,27,4,0,0,2,21
S01012853,85 and over,20,7,7,0,13,3,0,0,0,10
S01012854,All HRPs,374,197,163,34,177,79,5,24,21,48
S01012854,24 and under,12,2,0,2,10,10,0,0,0,0
S01012854,25 to 34,53,26,16,10,27,24,0,3,0,0
S01012854,35 to 49,104,67,55,12,37,21,1,8,5,2
S01012854,50 to 64,128,70,60,10,58,21,1,13,14,9
S01012854,65 to 74,39,23,23,0,16,1,0,0,1,14
S01012854,75 to 84,29,8,8,0,21,1,2,0,1,17
S01012854,85 and over,9,1,1,0,8,1,1,0,0,6
S01012855,All HRPs,284,159,122,37,125,72,0,13,22,18
S01012855,24 and under,14,7,0,7,7,7,0,0,0,0
S01012855,25 to 34,55,26,10,16,29,29,0,0,0,0
S01012855,35 to 49,98,59,46,13,39,24,0,8,7,0
S01012855,50 to 64,90,53,52,1,37,9,0,5,14,9
S01012855,65 to 74,10,6,6,0,4,2,0,0,0,2
S01012855,75 to 84,12,6,6,0,6,1,0,0,1,4
S01012855,85 and over,5,2,2,0,3,0,0,0,0,3
S01012856,All HRPs,414,128,93,35,286,115,2,20,50,99
S01012856,24 and under,18,5,0,5,13,13,0,0,0,0
S01012856,25 to 34,67,18,6,12,49,42,1,3,3,0
S01012856,35 to 49,89,39,26,13,50,28,0,6,16,0
S01012856,50 to 64,89,40,35,5,49,16,0,8,18,7
S01012856,65 to 74,57,15,15,0,42,7,0,2,7,26
S01012856,75 to 84,64,10,10,0,54,4,1,1,6,42
S01012856,85 and over,30,1,1,0,29,5,0,0,0,24
S01012857,All HRPs,472,153,126,27,319,138,3,23,56,99
S01012857,24 and under,15,1,0,1,14,14,0,0,0,0
S01012857,25 to 34,50,22,11,11,28,28,0,0,0,0
S01012857,35 to 49,94,34,27,7,60,39,0,8,11,2
S01012857,50 to 64,130,43,40,3,87,31,0,12,30,14
S01012857,65 to 74,71,23,20,3,48,11,0,1,11,25
S01012857,75 to 84,83,26,24,2,57,7,3,1,2,44
S01012857,85 and over,29,4,4,0,25,8,0,1,2,14
S01012858,All HRPs,422,107,76,31,315,166,2,31,62,54
S01012858,24 and under,17,2,0,2,15,15,0,0,0,0
S01012858,25 to 34,80,24,5,19,56,53,0,2,1,0
S01012858,35 to 49,113,19,14,5,94,65,2,10,17,0
S01012858,50 to 64,117,40,36,4,77,22,0,16,30,9
S01012858,65 to 74,49,17,16,1,32,3,0,2,11,16
S01012858,75 to 84,34,5,5,0,29,5,0,0,3,21
S01012858,85 and over,12,0,0,0,12,3,0,1,0,8
S01012859,All HRPs,530,210,141,69,320,191,3,34,47,45
S01012859,24 and under,39,11,0,11,28,28,0,0,0,0
S01012859,25 to 34,136,56,20,36,80,71,0,5,4,0
S01012859,35 to 49,167,65,51,14,102,71,2,17,11,1
S01012859,50 to 64,110,46,41,5,64,14,1,10,27,12
S01012859,65 to 74,39,22,21,1,17,3,0,1,3,10
S01012859,75 to 84,26,8,6,2,18,4,0,0,1,13
S01012859,85 and over,13,2,2,0,11,0,0,1,1,9
S01012860,All HRPs,382,188,168,20,194,60,6,13,29,86
S01012860,24 and under,15,2,0,2,13,13,0,0,0,0
S01012860,25 to 34,23,9,7,2,14,14,0,0,0,0
S01012860,35 to 49,85,56,45,11,29,16,0,6,6,1
S01012860,50 to 64,109,80,76,4,29,5,0,6,13,5
S01012860,65 to 74,45,15,14,1,30,4,1,1,6,18
S01012860,75 to 84,69,21,21,0,48,8,4,0,3,33
S01012860,85 and over,36,5,5,0,31,0,1,0,1,29
S01012861,All HRPs,322,168,141,27,154,66,4,12,27,45
S01012861,24 and under,5,0,0,0,5,5,0,0,0,0
S01012861,25 to 34,33,15,5,10,18,17,0,0,1,0
S01012861,35 to 49,101,60,47,13,41,24,2,6,8,1
S01012861,50 to 64,94,59,56,3,35,13,0,4,14,4
S01012861,65 to 74,44,25,24,1,19,4,0,2,4,9
S01012861,75 to 84,32,7,7,0,25,2,0,0,0,23
S01012861,85 and over,13,2,2,0,11,1,2,0,0,8
S01012862,All HRPs,369,74,60,14,295,146,5,23,66,55
S01012862,24 and under,20,1,0,1,19,18,0,1,0,0
S01012862,25 to 34,51,11,8,3,40,38,0,2,0,0
S01012862,35 to 49,109,21,15,6,88,60,3,6,15,4
S01012862,50 to 64,87,25,21,4,62,17,0,11,28,6
S01012862,65 to 74,49,11,11,0,38,3,1,2,15,17
S01012862,75 to 84,36,3,3,0,33,6,1,1,5,20
S01012862,85 and over,17,2,2,0,15,4,0,0,3,8
S01012863,All HRPs,424,74,45,29,350,191,5,37,80,37
S01012863,24 and under,32,5,0,5,27,24,2,1,0,0
S01012863,25 to 34,100,18,10,8,82,76,1,3,2,0
S01012863,35 to 49,108,16,8,8,92,55,1,14,21,1
S01012863,50 to 64,121,26,20,6,95,22,0,17,47,9
S01012863,65 to 74,36,5,4,1,31,13,1,0,7,10
S01012863,75 to 84,20,3,2,1,17,1,0,2,2,12
S01012863,85 and over,7,1,1,0,6,0,0,0,1,5
S01012864,All HRPs,469,109,66,43,360,227,0,30,68,35
S01012864,24 and under,30,4,0,4,26,25,0,1,0,0
S01012864,25 to 34,110,23,4,19,87,81,0,3,3,0
S01012864,35 to 49,164,39,26,13,125,97,0,9,17,2
S01012864,50 to 64,92,24,18,6,68,20,0,12,28,8
S01012864,65 to 74,50,14,13,1,36,2,0,5,15,14
S01012864,75 to 84,18,5,5,0,13,1,0,0,4,8
S01012864,85 and over,5,0,0,0,5,1,0,0,1,3
S01012865,All HRPs,390,171,146,25,219,64,4,18,50,83
S01012865,24 and under,12,0,0,0,12,12,0,0,0,0
S01012865,25 to 34,27,12,7,5,15,14,0,1,0,0
S01012865,35 to 49,80,52,43,9,28,14,0,4,9,1
S01012865,50 to 64,104,58,52,6,46,8,1,10,20,7
S01012865,65 to 74,73,31,29,2,42,8,0,2,15,17
S01012865,75 to 84,65,15,12,3,50,4,2,1,5,38
S01012865,85 and over,29,3,3,0,26,4,1,0,1,20
S01012866,All HRPs,374,154,118,36,220,90,3,26,42,59
S01012866,24 and under,17,3,0,3,14,14,0,0,0,0
S01012866,25 to 34,42,25,9,16,17,17,0,0,0,0
S01012866,35 to 49,113,48,36,12,65,35,0,11,16,3
S01012866,50 to 64,111,56,53,3,55,16,2,11,19,7
S01012866,65 to 74,50,13,11,2,37,4,0,3,5,25
S01012866,75 to 84,31,8,8,0,23,3,1,1,2,16
S01012866,85 and over,10,1,1,0,9,1,0,0,0,8
S01012867,All HRPs,396,135,113,22,261,95,4,29,50,83
S01012867,24 and under,8,3,0,3,5,5,0,0,0,0
S01012867,25 to 34,33,17,8,9,16,15,0,1,0,0
S01012867,35 to 49,87,23,20,3,64,40,0,13,8,3
S01012867,50 to 64,128,46,40,6,82,21,1,11,30,19
S01012867,65 to 74,67,30,30,0,37,8,0,4,6,19
S01012867,75 to 84,61,15,14,1,46,5,3,0,4,34
S01012867,85 and over,12,1,1,0,11,1,0,0,2,8
S01012868,All HRPs,321,97,72,25,224,91,2,26,53,52
S01012868,24 and under,9,4,0,4,5,5,0,0,0,0
S01012868,25 to 34,38,6,1,5,32,27,1,3,1,0
S01012868,35 to 49,94,25,15,10,69,32,1,15,19,2
S01012868,50 to 64,88,37,32,5,51,22,0,7,19,3
S01012868,65 to 74,53,14,14,0,39,4,0,1,11,23
S01012868,75 to 84,33,10,10,0,23,1,0,0,2,20
S01012868,85 and over,6,1,0,1,5,0,0,0,1,4
S01012869,All HRPs,257,62,42,20,195,107,0,19,36,33
S01012869,24 and under,20,3,0,3,17,17,0,0,0,0
S01012869,25 to 34,48,12,4,8,36,36,0,0,0,0
S01012869,35 to 49,89,20,14,6,69,40,0,12,16,1
S01012869,50 to 64,59,17,15,2,42,11,0,5,17,9
S01012869,65 to 74,24,6,6,0,18,1,0,1,2,14
S01012869,75 to 84,16,4,3,1,12,2,0,1,1,8
S01012869,85 and over,1,0,0,0,1,0,0,0,0,1
S01012870,All HRPs,450,233,212,21,217,82,1,20,45,69
S01012870,24 and under,5,0,0,0,5,5,0,0,0,0
S01012870,25 to 34,31,18,11,7,13,13,0,0,0,0
S01012870,35 to 49,109,62,52,10,47,27,0,3,17,0
S01012870,50 to 64,162,98,95,3,64,23,0,14,18,9
S01012870,65 to 74,85,37,37,0,48,8,0,2,10,28
S01012870,75 to 84,45,16,15,1,29,4,0,1,0,24
S01012870,85 and over,13,2,2,0,11,2,1,0,0,8
S01012871,All HRPs,384,202,173,29,182,70,2,21,33,56
S01012871,24 and under,2,1,1,0,1,0,0,1,0,0
S01012871,25 to 34,49,26,16,10,23,20,0,2,1,0
S01012871,35 to 49,94,53,42,11,41,22,1,10,6,2
S01012871,50 to 64,125,77,69,8,48,15,1,6,20,6
S01012871,65 to 74,61,27,27,0,34,9,0,2,4,19
S01012871,75 to 84,43,16,16,0,27,3,0,0,1,23
S01012871,85 and over,10,2,2,0,8,1,0,0,1,6
S01012872,All HRPs,318,146,119,27,172,92,5,17,29,29
S01012872,24 and under,17,2,0,2,15,15,0,0,0,0
S01012872,25 to 34,66,29,16,13,37,33,3,0,0,1
S01012872,35 to 49,100,48,40,8,52,27,1,11,11,2
S01012872,50 to 64,79,43,39,4,36,11,0,6,13,6
S01012872,65 to 74,34,16,16,0,18,6,1,0,3,8
S01012872,75 to 84,19,7,7,0,12,0,0,0,2,10
S01012872,85 and over,3,1,1,0,2,0,0,0,0,2
S01012873,All HRPs,338,186,147,39,152,60,3,18,40,31
S01012873,24 and under,11,3,0,3,8,8,0,0,0,0
S01012873,25 to 34,59,36,17,19,23,20,1,2,0,0
S01012873,35 to 49,98,43,31,12,55,22,1,12,16,4
S01012873,50 to 64,115,78,73,5,37,8,1,4,18,6
S01012873,65 to 74,26,18,18,0,8,0,0,0,3,5
S01012873,75 to 84,22,8,8,0,14,2,0,0,2,10
S01012873,85 and over,7,0,0,0,7,0,0,0,1,6
S01012874,All HRPs,383,126,111,15,257,105,5,31,58,58
S01012874,24 and under,15,2,2,0,13,13,0,0,0,0
S01012874,25 to 34,51,11,6,5,40,29,0,5,5,1
S01012874,35 to 49,98,31,24,7,67,41,3,12,9,2
S01012874,50 to 64,122,51,48,3,71,21,0,13,30,7
S01012874,65 to 74,51,21,21,0,30,1,1,1,10,17
S01012874,75 to 84,33,9,9,0,24,0,0,0,3,21
S01012874,85 and over,13,1,1,0,12,0,1,0,1,10
S01012875,All HRPs,277,104,74,30,173,79,3,22,32,37
S01012875,24 and under,15,0,0,0,15,14,0,0,1,0
S01012875,25 to 34,45,19,5,14,26,21,0,4,1,0
S01012875,35 to 49,84,27,21,6,57,33,2,10,11,1
S01012875,50 to 64,72,39,29,10,33,9,0,5,14,5
S01012875,65 to 74,33,15,15,0,18,1,1,3,5,8
S01012875,75 to 84,19,3,3,0,16,0,0,0,0,16
S01012875,85 and over,9,1,1,0,8,1,0,0,0,7
S01012876,All HRPs,371,150,123,27,221,71,3,34,51,62
S01012876,24 and under,16,4,1,3,12,12,0,0,0,0
S01012876,25 to 34,40,12,5,7,28,20,1,5,1,1
S01012876,35 to 49,92,39,29,10,53,25,1,12,15,0
S01012876,50 to 64,94,38,32,6,56,10,0,13,24,9
S01012876,65 to 74,65,37,37,0,28,3,0,4,9,12
S01012876,75 to 84,54,20,19,1,34,1,1,0,2,30
S01012876,85 and over,10,0,0,0,10,0,0,0,0,10
S01012877,All HRPs,331,150,134,16,181,49,5,17,38,72
S01012877,24 and under,0,0,0,0,0,0,0,0,0,0
S01012877,25 to 34,17,6,4,2,11,10,0,1,0,0
S01012877,35 to 49,85,46,35,11,39,23,1,8,7,0
S01012877,50 to 64,107,53,51,2,54,10,1,6,20,17
S01012877,65 to 74,66,27,27,0,39,4,0,1,7,27
S01012877,75 to 84,44,14,13,1,30,1,3,1,4,21
S01012877,85 and over,12,4,4,0,8,1,0,0,0,7
S01012878,All HRPs,373,253,226,27,120,55,1,14,18,32
S01012878,24 and under,6,2,0,2,4,4,0,0,0,0
S01012878,25 to 34,42,24,14,10,18,17,0,1,0,0
S01012878,35 to 49,119,86,77,9,33,16,1,8,8,0
S01012878,50 to 64,121,97,91,6,24,8,0,5,8,3
S01012878,65 to 74,48,29,29,0,19,6,0,0,1,12
S01012878,75 to 84,30,13,13,0,17,3,0,0,1,13
S01012878,85 and over,7,2,2,0,5,1,0,0,0,4
S01012879,All HRPs,323,176,156,20,147,52,3,13,18,61
S01012879,24 and under,3,0,0,0,3,3,0,0,0,0
S01012879,25 to 34,38,20,13,7,18,17,0,1,0,0
S01012879,35 to 49,90,60,51,9,30,17,0,6,7,0
S01012879,50 to 64,85,59,55,4,26,7,1,6,9,3
S01012879,65 to 74,44,25,25,0,19,3,0,0,2,14
S01012879,75 to 84,42,10,10,0,32,3,2,0,0,27
S01012879,85 and over,21,2,2,0,19,2,0,0,0,17
S01012880,All HRPs,374,237,224,13,137,40,5,8,26,58
S01012880,24 and under,3,0,0,0,3,3,0,0,0,0
S01012880,25 to 34,18,8,4,4,10,10,0,0,0,0
S01012880,35 to 49,97,67,60,7,30,13,2,3,10,2
S01012880,50 to 64,119,94,93,1,25,5,2,4,10,4
S01012880,65 to 74,59,39,38,1,20,2,0,1,3,14
S01012880,75 to 84,61,26,26,0,35,6,1,0,3,25
S01012880,85 and over,17,3,3,0,14,1,0,0,0,13
S01012881,All HRPs,406,210,188,22,196,64,2,11,31,88
S01012881,24 and under,4,0,0,0,4,4,0,0,0,0
S01012881,25 to 34,20,9,6,3,11,10,0,1,0,0
S01012881,35 to 49,91,63,54,9,28,17,0,2,9,0
S01012881,50 to 64,112,62,56,6,50,19,2,4,16,9
S01012881,65 to 74,75,34,32,2,41,6,0,3,5,27
S01012881,75 to 84,69,30,29,1,39,4,0,1,1,33
S01012881,85 and over,35,12,11,1,23,4,0,0,0,19
S01012882,All HRPs,287,114,93,21,173,78,0,23,32,40
S01012882,24 and under,15,4,0,4,11,11,0,0,0,0
S01012882,25 to 34,48,9,2,7,39,36,0,2,1,0
S01012882,35 to 49,75,28,21,7,47,25,0,13,9,0
S01012882,50 to 64,81,41,38,3,40,5,0,8,19,8
S01012882,65 to 74,36,19,19,0,17,1,0,0,3,13
S01012882,75 to 84,25,12,12,0,13,0,0,0,0,13
S01012882,85 and over,7,1,1,0,6,0,0,0,0,6
S01012883,All HRPs,378,88,71,17,290,101,2,32,79,76
S01012883,24 and under,14,1,0,1,13,13,0,0,0,0
S01012883,25 to 34,53,18,10,8,35,31,0,3,1,0
S01012883,35 to 49,90,21,17,4,69,37,2,9,21,0
S01012883,50 to 64,107,22,20,2,85,16,0,18,40,11
S01012883,65 to 74,54,14,14,0,40,2,0,2,12,24
S01012883,75 to 84,49,10,8,2,39,2,0,0,4,33
S01012883,85 and over,11,2,2,0,9,0,0,0,1,8
S01012884,All HRPs,285,108,95,13,177,68,5,16,31,57
S01012884,24 and under,12,0,0,0,12,10,0,2,0,0
S01012884,25 to 34,25,10,6,4,15,15,0,0,0,0
S01012884,35 to 49,61,31,24,7,30,18,0,8,4,0
S01012884,50 to 64,73,38,36,2,35,8,0,5,16,6
S01012884,65 to 74,32,9,9,0,23,7,1,1,8,6
S01012884,75 to 84,60,15,15,0,45,8,3,0,2,32
S01012884,85 and over,22,5,5,0,17,2,1,0,1,13
S01012885,All HRPs,270,66,41,25,204,93,2,29,38,42
S01012885,24 and under,26,2,0,2,24,24,0,0,0,0
S01012885,25 to 34,32,8,1,7,24,22,0,2,0,0
S01012885,35 to 49,69,19,10,9,50,32,0,7,9,2
S01012885,50 to 64,75,25,18,7,50,11,0,12,21,6
S01012885,65 to 74,29,6,6,0,23,2,1,3,7,10
S01012885,75 to 84,32,5,5,0,27,1,1,5,1,19
S01012885,85 and over,7,1,1,0,6,1,0,0,0,5
S01012886,All HRPs,315,218,191,27,97,27,2,9,13,46
S01012886,24 and under,0,0,0,0,0,0,0,0,0,0
S01012886,25 to 34,29,17,10,7,12,10,0,1,0,1
S01012886,35 to 49,84,67,52,15,17,9,1,2,4,1
S01012886,50 to 64,95,76,72,4,19,5,1,2,8,3
S01012886,65 to 74,47,34,34,0,13,1,0,4,1,7
S01012886,75 to 84,49,24,23,1,25,1,0,0,0,24
S01012886,85 and over,11,0,0,0,11,1,0,0,0,10
S01012887,All HRPs,352,200,172,28,152,57,5,12,19,59
S01012887,24 and under,3,1,0,1,2,2,0,0,0,0
S01012887,25 to 34,20,15,8,7,5,5,0,0,0,0
S01012887,35 to 49,85,61,49,12,24,15,1,5,3,0
S01012887,50 to 64,117,61,53,8,56,21,3,7,12,13
S01012887,65 to 74,58,32,32,0,26,3,0,0,4,19
S01012887,75 to 84,52,22,22,0,30,10,1,0,0,19
S01012887,85 and over,17,8,8,0,9,1,0,0,0,8
S01012888,All HRPs,333,230,216,14,103,22,5,7,18,51
S01012888,24 and under,0,0,0,0,0,0,0,0,0,0
S01012888,25 to 34,16,9,6,3,7,5,1,1,0,0
S01012888,35 to 49,91,74,67,7,17,6,1,1,8,1
S01012888,50 to 64,110,84,81,3,26,5,1,5,8,7
S01012888,65 to 74,49,34,33,1,15,1,1,0,1,12
S01012888,75 to 84,51,24,24,0,27,2,1,0,1,23
S01012888,85 and over,16,5,5,0,11,3,0,0,0,8
S01012889,All HRPs,342,230,187,43,112,43,1,15,35,18
S01012889,24 and under,9,2,0,2,7,7,0,0,0,0
S01012889,25 to 34,60,44,25,19,16,15,0,0,1,0
S01012889,35 to 49,139,98,86,12,41,15,0,7,15,4
S01012889,50 to 64,100,66,56,10,34,6,0,8,16,4
S01012889,65 to 74,26,17,17,0,9,0,1,0,3,5
S01012889,75 to 84,6,2,2,0,4,0,0,0,0,4
S01012889,85 and over,2,1,1,0,1,0,0,0,0,1
S01012890,All HRPs,300,128,100,28,172,83,2,17,38,32
S01012890,24 and under,13,2,0,2,11,11,0,0,0,0
S01012890,25 to 34,49,16,10,6,33,25,0,2,6,0
S01012890,35 to 49,107,52,36,16,55,36,1,6,11,1
S01012890,50 to 64,73,36,32,4,37,10,0,7,13,7
S01012890,65 to 74,42,16,16,0,26,1,1,2,8,14
S01012890,75 to 84,12,6,6,0,6,0,0,0,0,6
S01012890,85 and over,4,0,0,0,4,0,0,0,0,4
S01012891,All HRPs,255,116,95,21,139,47,4,9,30,49
S01012891,24 and under,3,1,1,0,2,2,0,0,0,0
S01012891,25 to 34,26,14,7,7,12,11,0,0,1,0
S01012891,35 to 49,71,39,29,10,32,21,1,6,2,2
S01012891,50 to 64,71,32,30,2,39,9,2,2,21,5
S01012891,65 to 74,40,20,18,2,20,3,1,1,4,11
S01012891,75 to 84,31,10,10,0,21,0,0,0,1,20
S01012891,85 and over,13,0,0,0,13,1,0,0,1,11
S01012892,All HRPs,566,176,149,27,390,172,4,36,69,109
S01012892,24 and under,19,2,0,2,17,15,0,0,0,2
S01012892,25 to 34,74,16,7,9,58,52,0,5,0,1
S01012892,35 to 49,146,38,32,6,108,71,0,16,18,3
S01012892,50 to 64,171,77,69,8,94,24,3,12,39,16
S01012892,65 to 74,71,26,24,2,45,5,1,1,10,28
S01012892,75 to 84,65,14,14,0,51,3,0,2,1,45
S01012892,85 and over,20,3,3,0,17,2,0,0,1,14
S01012893,All HRPs,369,122,107,15,247,96,1,15,61,74
S01012893,24 and under,14,3,0,3,11,11,0,0,0,0
S01012893,25 to 34,53,14,9,5,39,37,0,2,0,0
S01012893,35 to 49,92,20,16,4,72,38,1,5,28,0
S01012893,50 to 64,101,49,47,2,52,8,0,7,28,9
S01012893,65 to 74,51,23,22,1,28,2,0,1,4,21
S01012893,75 to 84,41,10,10,0,31,0,0,0,1,30
S01012893,85 and over,17,3,3,0,14,0,0,0,0,14
S01012894,All HRPs,311,187,156,31,124,50,0,23,26,25
S01012894,24 and under,6,1,0,1,5,5,0,0,0,0
S01012894,25 to 34,51,32,20,12,19,14,0,3,2,0
S01012894,35 to 49,125,87,76,11,38,18,0,7,13,0
S01012894,50 to 64,81,54,47,7,27,9,0,8,9,1
S01012894,65 to 74,19,7,7,0,12,3,0,4,0,5
S01012894,75 to 84,21,6,6,0,15,1,0,0,2,12
S01012894,85 and over,8,0,0,0,8,0,0,1,0,7
S01012895,All HRPs,197,137,116,21,60,25,1,7,11,16
S01012895,24 and under,3,0,0,0,3,3,0,0,0,0
S01012895,25 to 34,29,17,11,6,12,12,0,0,0,0
S01012895,35 to 49,86,66,53,13,20,6,1,5,7,1
S01012895,50 to 64,49,39,37,2,10,3,0,2,2,3
S01012895,65 to 74,13,6,6,0,7,1,0,0,2,4
S01012895,75 to 84,14,9,9,0,5,0,0,0,0,5
S01012895,85 and over,3,0,0,0,3,0,0,0,0,3
S01012896,All HRPs,482,176,145,31,306,76,2,40,125,63
S01012896,24 and under,5,2,0,2,3,3,0,0,0,0
S01012896,25 to 34,16,11,4,7,5,5,0,0,0,0
S01012896,35 to 49,117,40,26,14,77,30,0,17,29,1
S01012896,50 to 64,176,60,52,8,116,28,1,12,66,9
S01012896,65 to 74,101,36,36,0,65,6,1,10,27,21
S01012896,75 to 84,55,24,24,0,31,3,0,1,3,24
S01012896,85 and over,12,3,3,0,9,1,0,0,0,8
S01012897,All HRPs,248,161,138,23,87,36,2,10,16,23
S01012897,24 and under,5,0,0,0,5,5,0,0,0,0
S01012897,25 to 34,46,28,23,5,18,15,1,2,0,0
S01012897,35 to 49,87,63,52,11,24,10,1,5,4,4
S01012897,50 to 64,66,45,39,6,21,4,0,3,8,6
S01012897,65 to 74,27,20,19,1,7,0,0,0,2,5
S01012897,75 to 84,14,5,5,0,9,1,0,0,2,6
S01012897,85 and over,3,0,0,0,3,1,0,0,0,2
S01012898,All HRPs,177,146,125,21,31,14,1,7,6,3
S01012898,24 and under,0,0,0,0,0,0,0,0,0,0
S01012898,25 to 34,18,14,11,3,4,3,0,0,1,0
S01012898,35 to 49,123,102,86,16,21,11,0,6,2,2
S01012898,50 to 64,31,26,24,2,5,0,1,1,3,0
S01012898,65 to 74,4,3,3,0,1,0,0,0,0,1
S01012898,75 to 84,1,1,1,0,0,0,0,0,0,0
S01012898,85 and over,0,0,0,0,0,0,0,0,0,0
S01012899,All HRPs,317,89,72,17,228,62,3,37,88,38
S01012899,24 and under,7,1,0,1,6,6,0,0,0,0
S01012899,25 to 34,17,6,3,3,11,10,0,1,0,0
S01012899,35 to 49,80,23,16,7,57,25,1,18,12,1
S01012899,50 to 64,125,36,31,5,89,16,1,13,52,7
S01012899,65 to 74,59,15,14,1,44,2,0,4,22,16
S01012899,75 to 84,20,7,7,0,13,0,1,1,2,9
S01012899,85 and over,9,1,1,0,8,3,0,0,0,5
S01012900,All HRPs,226,153,138,15,73,24,2,7,15,25
S01012900,24 and under,1,1,0,1,0,0,0,0,0,0
S01012900,25 to 34,19,10,5,5,9,8,0,1,0,0
S01012900,35 to 49,74,51,42,9,23,10,2,5,4,2
S01012900,50 to 64,75,55,55,0,20,5,0,1,9,5
S01012900,65 to 74,29,25,25,0,4,0,0,0,0,4
S01012900,75 to 84,26,11,11,0,15,1,0,0,2,12
S01012900,85 and over,2,0,0,0,2,0,0,0,0,2
S01012901,All HRPs,336,150,115,35,186,91,4,11,38,42
S01012901,24 and under,14,4,0,4,10,10,0,0,0,0
S01012901,25 to 34,53,24,10,14,29,25,0,1,3,0
S01012901,35 to 49,111,54,41,13,57,37,1,8,11,0
S01012901,50 to 64,76,31,28,3,45,13,2,2,17,11
S01012901,65 to 74,43,22,22,0,21,2,0,0,7,12
S01012901,75 to 84,30,13,12,1,17,4,1,0,0,12
S01012901,85 and over,9,2,2,0,7,0,0,0,0,7
S01012902,All HRPs,359,186,146,40,173,83,3,21,29,37
S01012902,24 and under,18,2,0,2,16,15,0,0,0,1
S01012902,25 to 34,66,34,14,20,32,24,0,6,1,1
S01012902,35 to 49,112,60,45,15,52,34,2,7,8,1
S01012902,50 to 64,83,48,46,2,35,8,1,8,12,6
S01012902,65 to 74,46,29,28,1,17,1,0,0,7,9
S01012902,75 to 84,27,10,10,0,17,0,0,0,1,16
S01012902,85 and over,7,3,3,0,4,1,0,0,0,3
S01012903,All HRPs,400,174,141,33,226,99,1,27,46,53
S01012903,24 and under,14,6,0,6,8,8,0,0,0,0
S01012903,25 to 34,76,29,17,12,47,39,0,1,7,0
S01012903,35 to 49,122,54,42,12,68,35,0,18,14,1
S01012903,50 to 64,89,39,36,3,50,13,1,5,21,10
S01012903,65 to 74,46,29,29,0,17,1,0,3,3,10
S01012903,75 to 84,47,16,16,0,31,2,0,0,1,28
S01012903,85 and over,6,1,1,0,5,1,0,0,0,4
S01012904,All HRPs,371,162,133,29,209,100,2,23,43,41
S01012904,24 and under,31,6,0,6,25,25,0,0,0,0
S01012904,25 to 34,57,27,16,11,30,24,0,6,0,0
S01012904,35 to 49,113,51,45,6,62,34,2,12,13,1
S01012904,50 to 64,86,45,40,5,41,13,0,5,17,6
S01012904,65 to 74,37,15,14,1,22,2,0,0,11,9
S01012904,75 to 84,36,17,17,0,19,1,0,0,1,17
S01012904,85 and over,11,1,1,0,10,1,0,0,1,8
S01012905,All HRPs,272,103,73,30,169,63,1,27,57,21
S01012905,24 and under,13,3,1,2,10,9,0,1,0,0
S01012905,25 to 34,43,16,8,8,27,25,0,2,0,0
S01012905,35 to 49,113,38,24,14,75,24,1,20,30,0
S01012905,50 to 64,58,27,21,6,31,5,0,4,20,2
S01012905,65 to 74,25,15,15,0,10,0,0,0,5,5
S01012905,75 to 84,16,3,3,0,13,0,0,0,2,11
S01012905,85 and over,4,1,1,0,3,0,0,0,0,3
S01012906,All HRPs,482,193,148,45,289,101,4,42,72,70
S01012906,24 and under,16,6,1,5,10,10,0,0,0,0
S01012906,25 to 34,64,36,17,19,28,25,0,1,2,0
S01012906,35 to 49,143,61,45,16,82,42,1,18,20,1
S01012906,50 to 64,133,54,50,4,79,20,0,15,36,8
S01012906,65 to 74,49,21,21,0,28,0,0,5,9,14
S01012906,75 to 84,61,15,14,1,46,4,3,3,5,31
S01012906,85 and over,16,0,0,0,16,0,0,0,0,16
S01012907,All HRPs,449,191,164,27,258,95,2,21,51,89
S01012907,24 and under,6,0,0,0,6,6,0,0,0,0
S01012907,25 to 34,57,26,15,11,31,28,0,2,1,0
S01012907,35 to 49,123,52,38,14,71,45,0,13,10,3
S01012907,50 to 64,101,49,48,1,52,9,0,6,26,11
S01012907,65 to 74,60,29,29,0,31,3,0,0,9,19
S01012907,75 to 84,83,30,29,1,53,3,2,0,5,43
S01012907,85 and over,19,5,5,0,14,1,0,0,0,13
S01012908,All HRPs,355,155,129,26,200,71,1,15,53,60
S01012908,24 and under,19,2,0,2,17,17,0,0,0,0
S01012908,25 to 34,39,25,13,12,14,14,0,0,0,0
S01012908,35 to 49,92,39,34,5,53,25,0,6,22,0
S01012908,50 to 64,87,38,34,4,49,11,0,7,26,5
S01012908,65 to 74,51,32,29,3,19,3,0,2,3,11
S01012908,75 to 84,54,17,17,0,37,0,1,0,2,34
S01012908,85 and over,13,2,2,0,11,1,0,0,0,10
S01012909,All HRPs,331,126,91,35,205,50,0,30,51,74
S01012909,24 and under,10,7,0,7,3,3,0,0,0,0
S01012909,25 to 34,43,17,6,11,26,21,0,4,0,1
S01012909,35 to 49,86,33,27,6,53,17,0,13,23,0
S01012909,50 to 64,65,33,23,10,32,4,0,10,11,7
S01012909,65 to 74,41,14,13,1,27,2,0,3,14,8
S01012909,75 to 84,66,17,17,0,49,2,0,0,2,45
S01012909,85 and over,20,5,5,0,15,1,0,0,1,13
S01012910,All HRPs,485,144,114,30,341,121,4,39,106,71
S01012910,24 and under,10,1,1,0,9,9,0,0,0,0
S01012910,25 to 34,54,19,8,11,35,32,0,2,1,0
S01012910,35 to 49,135,46,37,9,89,47,0,14,27,1
S01012910,50 to 64,158,42,33,9,116,24,3,18,61,10
S01012910,65 to 74,58,22,22,0,36,2,0,4,15,15
S01012910,75 to 84,56,11,10,1,45,5,0,1,2,37
S01012910,85 and over,14,3,3,0,11,2,1,0,0,8
S01012911,All HRPs,340,183,159,24,157,47,4,21,31,54
S01012911,24 and under,4,2,1,1,2,2,0,0,0,0
S01012911,25 to 34,37,18,9,9,19,15,1,1,2,0
S01012911,35 to 49,89,46,37,9,43,19,1,11,11,1
S01012911,50 to 64,86,60,56,4,26,6,0,5,14,1
S01012911,65 to 74,47,28,28,0,19,2,0,3,3,11
S01012911,75 to 84,58,25,24,1,33,2,2,1,1,27
S01012911,85 and over,19,4,4,0,15,1,0,0,0,14
S01012912,All HRPs,339,142,116,26,197,72,4,17,39,65
S01012912,24 and under,10,3,1,2,7,6,0,0,1,0
S01012912,25 to 34,37,15,7,8,22,19,1,1,1,0
S01012912,35 to 49,82,31,20,11,51,28,0,12,11,0
S01012912,50 to 64,83,43,40,3,40,13,1,3,18,5
S01012912,65 to 74,49,22,21,1,27,2,0,0,7,18
S01012912,75 to 84,60,22,21,1,38,2,2,1,1,32
S01012912,85 and over,18,6,6,0,12,2,0,0,0,10
S01012913,All HRPs,417,189,160,29,228,68,6,17,62,75
S01012913,24 and under,10,3,0,3,7,7,0,0,0,0
S01012913,25 to 34,41,20,11,9,21,19,1,1,0,0
S01012913,35 to 49,107,58,48,10,49,23,1,8,16,1
S01012913,50 to 64,111,58,54,4,53,14,1,6,26,6
S01012913,65 to 74,56,24,23,1,32,3,0,2,11,16
S01012913,75 to 84,75,24,22,2,51,2,2,0,7,40
S01012913,85 and over,17,2,2,0,15,0,1,0,2,12
S01012914,All HRPs,410,190,147,43,220,87,2,27,58,46
S01012914,24 and under,16,7,1,6,9,9,0,0,0,0
S01012914,25 to 34,61,27,10,17,34,29,0,4,1,0
S01012914,35 to 49,113,54,41,13,59,25,1,13,19,1
S01012914,50 to 64,129,60,55,5,69,17,1,10,32,9
S01012914,65 to 74,34,19,18,1,15,4,0,0,3,8
S01012914,75 to 84,42,20,19,1,22,2,0,0,3,17
S01012914,85 and over,15,3,3,0,12,1,0,0,0,11
S01012915,All HRPs,447,241,194,47,206,88,0,22,33,63
S01012915,24 and under,19,5,0,5,14,14,0,0,0,0
S01012915,25 to 34,65,41,24,17,24,22,0,2,0,0
S01012915,35 to 49,168,107,85,22,61,34,0,13,14,0
S01012915,50 to 64,98,54,51,3,44,17,0,6,15,6
S01012915,65 to 74,38,21,21,0,17,1,0,1,3,12
S01012915,75 to 84,36,10,10,0,26,0,0,0,0,26
S01012915,85 and over,23,3,3,0,20,0,0,0,1,19
S01012916,All HRPs,331,154,132,22,177,74,2,15,38,48
S01012916,24 and under,14,1,0,1,13,13,0,0,0,0
S01012916,25 to 34,30,12,3,9,18,18,0,0,0,0
S01012916,35 to 49,87,38,32,6,49,27,0,9,11,2
S01012916,50 to 64,87,44,39,5,43,12,1,4,17,9
S01012916,65 to 74,64,39,38,1,25,4,0,2,6,13
S01012916,75 to 84,37,19,19,0,18,0,1,0,2,15
S01012916,85 and over,12,1,1,0,11,0,0,0,2,9
S01012917,All HRPs,270,187,179,8,83,12,0,9,19,43
S01012917,24 and under,1,0,0,0,1,1,0,0,0,0
S01012917,25 to 34,5,4,4,0,1,1,0,0,0,0
S01012917,35 to 49,84,65,61,4,19,5,0,6,4,4
S01012917,50 to 64,94,73,69,4,21,2,0,3,11,5
S01012917,65 to 74,47,27,27,0,20,2,0,0,3,15
S01012917,75 to 84,31,17,17,0,14,1,0,0,1,12
S01012917,85 and over,8,1,1,0,7,0,0,0,0,7
S01012918,All HRPs,255,102,75,27,153,61,1,14,26,51
S01012918,24 and under,12,4,1,3,8,8,0,0,0,0
S01012918,25 to 34,37,18,5,13,19,17,0,1,1,0
S01012918,35 to 49,81,28,22,6,53,26,0,9,13,5
S01012918,50 to 64,47,27,24,3,20,8,1,3,7,1
S01012918,65 to 74,25,12,10,2,13,0,0,1,3,9
S01012918,75 to 84,43,11,11,0,32,2,0,0,2,28
S01012918,85 and over,10,2,2,0,8,0,0,0,0,8
S01012919,All HRPs,229,105,91,14,124,39,1,8,20,56
S01012919,24 and under,4,1,1,0,3,3,0,0,0,0
S01012919,25 to 34,21,13,7,6,8,8,0,0,0,0
S01012919,35 to 49,55,26,19,7,29,16,0,7,6,0
S01012919,50 to 64,45,26,25,1,19,7,0,1,9,2
S01012919,65 to 74,52,27,27,0,25,3,0,0,4,18
S01012919,75 to 84,35,11,11,0,24,2,1,0,0,21
S01012919,85 and over,17,1,1,0,16,0,0,0,1,15
S01012920,All HRPs,258,169,158,11,89,17,3,10,19,40
S01012920,24 and under,1,0,0,0,1,1,0,0,0,0
S01012920,25 to 34,9,3,2,1,6,6,0,0,0,0
S01012920,35 to 49,52,38,33,5,14,4,1,4,5,0
S01012920,50 to 64,86,61,58,3,25,5,2,4,7,7
S01012920,65 to 74,78,53,51,2,25,0,0,2,5,18
S01012920,75 to 84,26,14,14,0,12,1,0,0,2,9
S01012920,85 and over,6,0,0,0,6,0,0,0,0,6
S01012921,All HRPs,338,154,129,25,184,65,2,21,46,50
S01012921,24 and under,20,4,1,3,16,15,0,0,1,0
S01012921,25 to 34,33,18,9,9,15,13,0,0,2,0
S01012921,35 to 49,101,42,34,8,59,25,1,12,20,1
S01012921,50 to 64,75,39,34,5,36,8,1,7,19,1
S01012921,65 to 74,48,27,27,0,21,3,0,2,2,14
S01012921,75 to 84,48,19,19,0,29,1,0,0,2,26
S01012921,85 and over,13,5,5,0,8,0,0,0,0,8
S01012922,All HRPs,437,225,186,39,212,79,2,25,53,53
S01012922,24 and under,10,7,0,7,3,3,0,0,0,0
S01012922,25 to 34,59,33,19,14,26,24,0,1,1,0
S01012922,35 to 49,179,95,81,14,84,40,1,20,22,1
S01012922,50 to 64,85,43,39,4,42,10,1,3,22,6
S01012922,65 to 74,49,30,30,0,19,1,0,1,2,15
S01012922,75 to 84,47,14,14,0,33,1,0,0,6,26
S01012922,85 and over,8,3,3,0,5,0,0,0,0,5
S01012923,All HRPs,306,156,133,23,150,49,3,14,37,47
S01012923,24 and under,11,2,0,2,9,9,0,0,0,0
S01012923,25 to 34,40,18,8,10,22,20,1,1,0,0
S01012923,35 to 49,102,51,46,5,51,18,1,9,20,3
S01012923,50 to 64,71,51,46,5,20,2,1,4,10,3
S01012923,65 to 74,48,25,24,1,23,0,0,0,4,19
S01012923,75 to 84,30,8,8,0,22,0,0,0,3,19
S01012923,85 and over,4,1,1,0,3,0,0,0,0,3
S01012924,All HRPs,243,117,100,17,126,57,3,14,28,24
S01012924,24 and under,8,2,0,2,6,5,0,0,0,1
S01012924,25 to 34,45,21,10,11,24,21,0,1,2,0
S01012924,35 to 49,76,35,32,3,41,23,0,9,8,1
S01012924,50 to 64,57,32,31,1,25,6,0,3,12,4
S01012924,65 to 74,35,18,18,0,17,1,1,1,5,9
S01012924,75 to 84,20,9,9,0,11,0,2,0,1,8
S01012924,85 and over,2,0,0,0,2,1,0,0,0,1
S01012925,All HRPs,194,136,126,10,58,21,1,6,11,19
S01012925,24 and under,5,1,0,1,4,4,0,0,0,0
S01012925,25 to 34,16,5,2,3,11,10,0,0,1,0
S01012925,35 to 49,50,39,33,6,11,4,1,1,5,0
S01012925,50 to 64,68,52,52,0,16,2,0,5,5,4
S01012925,65 to 74,30,28,28,0,2,0,0,0,0,2
S01012925,75 to 84,17,11,11,0,6,0,0,0,0,6
S01012925,85 and over,8,0,0,0,8,1,0,0,0,7
S01012926,All HRPs,333,163,132,31,170,80,4,21,28,37
S01012926,24 and under,17,3,0,3,14,14,0,0,0,0
S01012926,25 to 34,51,18,6,12,33,30,0,2,1,0
S01012926,35 to 49,100,54,41,13,46,23,3,13,6,1
S01012926,50 to 64,85,49,47,2,36,9,1,6,12,8
S01012926,65 to 74,49,31,30,1,18,1,0,0,5,12
S01012926,75 to 84,26,6,6,0,20,2,0,0,4,14
S01012926,85 and over,5,2,2,0,3,1,0,0,0,2
S01012927,All HRPs,339,178,150,28,161,71,4,18,33,35
S01012927,24 and under,8,5,0,5,3,3,0,0,0,0
S01012927,25 to 34,57,21,12,9,36,34,0,0,2,0
S01012927,35 to 49,107,49,42,7,58,28,3,15,11,1
S01012927,50 to 64,78,53,50,3,25,3,0,2,16,4
S01012927,65 to 74,51,36,32,4,15,3,0,1,1,10
S01012927,75 to 84,32,11,11,0,21,0,1,0,2,18
S01012927,85 and over,6,3,3,0,3,0,0,0,1,2
S01012928,All HRPs,353,192,164,28,161,49,4,12,28,68
S01012928,24 and under,7,0,0,0,7,7,0,0,0,0
S01012928,25 to 34,25,13,8,5,12,11,0,1,0,0
S01012928,35 to 49,112,77,62,15,35,16,0,6,12,1
S01012928,50 to 64,85,59,54,5,26,6,0,5,7,8
S01012928,65 to 74,60,26,25,1,34,5,2,0,6,21
S01012928,75 to 84,46,15,13,2,31,3,1,0,2,25
S01012928,85 and over,18,2,2,0,16,1,1,0,1,13
S01012929,All HRPs,340,196,176,20,144,54,3,10,25,52
S01012929,24 and under,7,0,0,0,7,6,1,0,0,0
S01012929,25 to 34,36,21,14,7,15,14,0,1,0,0
S01012929,35 to 49,83,48,42,6,35,22,0,3,9,1
S01012929,50 to 64,80,54,50,4,26,8,0,5,10,3
S01012929,65 to 74,58,37,34,3,21,1,0,1,6,13
S01012929,75 to 84,59,35,35,0,24,2,1,0,0,21
S01012929,85 and over,17,1,1,0,16,1,1,0,0,14
S01012930,All HRPs,512,163,126,37,349,123,14,30,63,119
S01012930,24 and under,15,8,1,7,7,7,0,0,0,0
S01012930,25 to 34,76,31,13,18,45,38,4,1,2,0
S01012930,35 to 49,121,37,29,8,84,53,2,16,13,0
S01012930,50 to 64,99,31,28,3,68,13,3,10,34,8
S01012930,65 to 74,74,28,27,1,46,8,2,3,11,22
S01012930,75 to 84,91,25,25,0,66,3,1,0,3,59
S01012930,85 and over,36,3,3,0,33,1,2,0,0,30
S01012931,All HRPs,435,195,141,54,240,83,3,22,65,67
S01012931,24 and under,12,3,1,2,9,9,0,0,0,0
S01012931,25 to 34,54,35,11,24,19,18,0,1,0,0
S01012931,35 to 49,125,56,46,10,69,29,3,14,21,2
S01012931,50 to 64,119,60,44,16,59,17,0,5,32,5
S01012931,65 to 74,56,25,23,2,31,5,0,1,10,15
S01012931,75 to 84,45,11,11,0,34,5,0,1,1,27
S01012931,85 and over,24,5,5,0,19,0,0,0,1,18
S01012932,All HRPs,211,128,121,7,83,26,4,8,17,28
S01012932,24 and under,4,0,0,0,4,4,0,0,0,0
S01012932,25 to 34,13,8,4,4,5,4,0,1,0,0
S01012932,35 to 49,64,39,36,3,25,9,1,4,9,2
S01012932,50 to 64,67,53,53,0,14,5,1,3,4,1
S01012932,65 to 74,19,13,13,0,6,1,0,0,1,4
S01012932,75 to 84,31,12,12,0,19,3,1,0,3,12
S01012932,85 and over,13,3,3,0,10,0,1,0,0,9
S01012933,All HRPs,352,179,151,28,173,59,1,14,36,63
S01012933,24 and under,7,1,0,1,6,5,0,1,0,0
S01012933,25 to 34,30,17,6,11,13,13,0,0,0,0
S01012933,35 to 49,106,56,47,9,50,20,1,10,17,2
S01012933,50 to 64,102,62,56,6,40,16,0,3,16,5
S01012933,65 to 74,45,29,29,0,16,3,0,0,2,11
S01012933,75 to 84,42,12,12,0,30,2,0,0,1,27
S01012933,85 and over,20,2,1,1,18,0,0,0,0,18
S01012934,All HRPs,360,156,135,21,204,72,4,21,46,61
S01012934,24 and under,13,3,0,3,10,10,0,0,0,0
S01012934,25 to 34,42,20,13,7,22,18,0,2,1,1
S01012934,35 to 49,68,25,18,7,43,18,0,10,15,0
S01012934,50 to 64,104,50,47,3,54,19,2,9,19,5
S01012934,65 to 74,56,28,27,1,28,5,0,0,8,15
S01012934,75 to 84,53,26,26,0,27,1,2,0,3,21
S01012934,85 and over,24,4,4,0,20,1,0,0,0,19
S01012935,All HRPs,363,212,181,31,151,33,2,11,34,71
S01012935,24 and under,5,2,2,0,3,3,0,0,0,0
S01012935,25 to 34,36,24,17,7,12,8,0,1,3,0
S01012935,35 to 49,106,74,57,17,32,13,1,6,10,2
S01012935,50 to 64,99,71,65,6,28,7,0,2,16,3
S01012935,65 to 74,34,20,19,1,14,1,0,0,4,9
S01012935,75 to 84,60,16,16,0,44,1,1,2,0,40
S01012935,85 and over,23,5,5,0,18,0,0,0,1,17
S01012936,All HRPs,351,163,136,27,188,60,3,23,43,59
S01012936,24 and under,8,4,1,3,4,4,0,0,0,0
S01012936,25 to 34,40,16,9,7,24,20,1,2,1,0
S01012936,35 to 49,89,39,32,7,50,21,1,10,16,2
S01012936,50 to 64,101,58,49,9,43,7,0,9,20,7
S01012936,65 to 74,41,20,19,1,21,4,1,0,4,12
S01012936,75 to 84,50,21,21,0,29,2,0,2,1,24
S01012936,85 and over,22,5,5,0,17,2,0,0,1,14
S01012937,All HRPs,314,156,127,29,158,63,2,20,31,42
S01012937,24 and under,14,1,0,1,13,13,0,0,0,0
S01012937,25 to 34,33,16,6,10,17,14,0,3,0,0
S01012937,35 to 49,98,52,40,12,46,23,1,10,12,0
S01012937,50 to 64,93,60,55,5,33,8,0,5,15,5
S01012937,65 to 74,35,16,15,1,19,2,0,2,3,12
S01012937,75 to 84,30,10,10,0,20,3,1,0,1,15
S01012937,85 and over,11,1,1,0,10,0,0,0,0,10
S01012938,All HRPs,307,187,174,13,120,20,4,17,20,59
S01012938,24 and under,1,0,0,0,1,1,0,0,0,0
S01012938,25 to 34,11,9,5,4,2,2,0,0,0,0
S01012938,35 to 49,69,54,50,4,15,3,1,8,3,0
S01012938,50 to 64,108,77,75,2,31,8,2,6,13,2
S01012938,65 to 74,57,34,31,3,23,3,0,2,2,16
S01012938,75 to 84,43,9,9,0,34,2,1,1,2,28
S01012938,85 and over,18,4,4,0,14,1,0,0,0,13
S01012939,All HRPs,216,172,159,13,44,14,1,7,5,17
S01012939,24 and under,1,0,0,0,1,1,0,0,0,0
S01012939,25 to 34,11,9,6,3,2,2,0,0,0,0
S01012939,35 to 49,81,70,62,8,11,5,0,2,3,1
S01012939,50 to 64,83,67,65,2,16,5,0,5,2,4
S01012939,65 to 74,23,18,18,0,5,1,0,0,0,4
S01012939,75 to 84,13,8,8,0,5,0,1,0,0,4
S01012939,85 and over,4,0,0,0,4,0,0,0,0,4
S01012940,All HRPs,268,200,175,25,68,19,4,5,17,23
S01012940,24 and under,1,0,0,0,1,1,0,0,0,0
S01012940,25 to 34,17,12,7,5,5,3,0,2,0,0
S01012940,35 to 49,82,64,53,11,18,8,0,2,7,1
S01012940,50 to 64,120,97,88,9,23,5,3,1,7,7
S01012940,65 to 74,31,18,18,0,13,1,0,0,3,9
S01012940,75 to 84,13,8,8,0,5,1,0,0,0,4
S01012940,85 and over,4,1,1,0,3,0,1,0,0,2
S01012941,All HRPs,257,215,197,18,42,11,0,7,16,8
S01012941,24 and under,2,0,0,0,2,2,0,0,0,0
S01012941,25 to 34,14,13,10,3,1,1,0,0,0,0
S01012941,35 to 49,112,91,84,7,21,4,0,5,11,1
S01012941,50 to 64,102,90,82,8,12,4,0,2,5,1
S01012941,65 to 74,21,17,17,0,4,0,0,0,0,4
S01012941,75 to 84,5,3,3,0,2,0,0,0,0,2
S01012941,85 and over,1,1,1,0,0,0,0,0,0,0
S01012942,All HRPs,364,149,117,32,215,74,6,26,46,63
S01012942,24 and under,19,7,2,5,12,12,0,0,0,0
S01012942,25 to 34,54,23,14,9,31,25,2,3,1,0
S01012942,35 to 49,117,51,41,10,66,26,1,14,23,2
S01012942,50 to 64,80,43,35,8,37,8,3,7,12,7
S01012942,65 to 74,34,14,14,0,20,3,0,1,8,8
S01012942,75 to 84,47,9,9,0,38,0,0,1,2,35
S01012942,85 and over,13,2,2,0,11,0,0,0,0,11
S01012943,All HRPs,291,194,167,27,97,25,0,13,32,27
S01012943,24 and under,4,1,0,1,3,3,0,0,0,0
S01012943,25 to 34,38,29,15,14,9,7,0,1,1,0
S01012943,35 to 49,112,77,71,6,35,10,0,10,14,1
S01012943,50 to 64,81,60,54,6,21,3,0,2,13,3
S01012943,65 to 74,27,14,14,0,13,2,0,0,4,7
S01012943,75 to 84,21,10,10,0,11,0,0,0,0,11
S01012943,85 and over,8,3,3,0,5,0,0,0,0,5
S01012944,All HRPs,207,144,135,9,63,16,3,11,14,19
S01012944,24 and under,1,1,0,1,0,0,0,0,0,0
S01012944,25 to 34,13,12,8,4,1,1,0,0,0,0
S01012944,35 to 49,73,50,47,3,23,7,1,9,4,2
S01012944,50 to 64,61,41,40,1,20,7,0,2,8,3
S01012944,65 to 74,31,24,24,0,7,0,1,0,2,4
S01012944,75 to 84,25,15,15,0,10,1,1,0,0,8
S01012944,85 and over,3,1,1,0,2,0,0,0,0,2
S01012945,All HRPs,241,199,189,10,42,14,3,6,12,7
S01012945,24 and under,0,0,0,0,0,0,0,0,0,0
S01012945,25 to 34,12,10,9,1,2,2,0,0,0,0
S01012945,35 to 49,111,94,88,6,17,6,1,4,4,2
S01012945,50 to 64,95,76,73,3,19,5,2,2,8,2
S01012945,65 to 74,17,13,13,0,4,1,0,0,0,3
S01012945,75 to 84,6,6,6,0,0,0,0,0,0,0
S01012945,85 and over,0,0,0,0,0,0,0,0,0,0
S01012946,All HRPs,338,233,206,27,105,44,2,15,23,21
S01012946,24 and under,9,4,1,3,5,5,0,0,0,0
S01012946,25 to 34,38,18,11,7,20,19,0,0,1,0
S01012946,35 to 49,129,93,84,9,36,15,0,10,9,2
S01012946,50 to 64,114,88,82,6,26,5,2,4,11,4
S01012946,65 to 74,28,18,16,2,10,0,0,1,1,8
S01012946,75 to 84,16,10,10,0,6,0,0,0,1,5
S01012946,85 and over,4,2,2,0,2,0,0,0,0,2
S01012947,All HRPs,151,130,124,6,21,4,1,1,8,7
S01012947,24 and under,0,0,0,0,0,0,0,0,0,0
S01012947,25 to 34,4,3,3,0,1,0,0,0,1,0
S01012947,35 to 49,47,39,37,2,8,4,0,0,4,0
S01012947,50 to 64,82,74,70,4,8,0,1,1,3,3
S01012947,65 to 74,14,10,10,0,4,0,0,0,0,4
S01012947,75 to 84,3,3,3,0,0,0,0,0,0,0
S01012947,85 and over,1,1,1,0,0,0,0,0,0,0
S01012948,All HRPs,249,194,175,19,55,9,3,9,23,11
S01012948,24 and under,1,0,0,0,1,1,0,0,0,0
S01012948,25 to 34,16,14,10,4,2,1,0,0,1,0
S01012948,35 to 49,89,69,58,11,20,3,1,6,8,2
S01012948,50 to 64,99,74,70,4,25,2,2,3,12,6
S01012948,65 to 74,33,28,28,0,5,2,0,0,2,1
S01012948,75 to 84,7,6,6,0,1,0,0,0,0,1
S01012948,85 and over,4,3,3,0,1,0,0,0,0,1
S01012949,All HRPs,282,195,180,15,87,28,0,15,20,24
S01012949,24 and under,4,2,0,2,2,2,0,0,0,0
S01012949,25 to 34,20,9,5,4,11,6,0,4,1,0
S01012949,35 to 49,72,52,49,3,20,9,0,4,6,1
S01012949,50 to 64,127,96,92,4,31,7,0,6,11,7
S01012949,65 to 74,33,24,22,2,9,2,0,1,1,5
S01012949,75 to 84,22,9,9,0,13,2,0,0,1,10
S01012949,85 and over,4,3,3,0,1,0,0,0,0,1
S01012950,All HRPs,273,237,219,18,36,13,2,8,9,4
S01012950,24 and under,2,2,0,2,0,0,0,0,0,0
S01012950,25 to 34,16,11,9,2,5,3,0,2,0,0
S01012950,35 to 49,131,111,103,8,20,7,0,5,7,1
S01012950,50 to 64,101,93,88,5,8,3,1,1,2,1
S01012950,65 to 74,19,17,16,1,2,0,1,0,0,1
S01012950,75 to 84,4,3,3,0,1,0,0,0,0,1
S01012950,85 and over,0,0,0,0,0,0,0,0,0,0
S01012951,All HRPs,294,257,219,38,37,14,1,7,11,4
S01012951,24 and under,6,3,1,2,3,3,0,0,0,0
S01012951,25 to 34,47,40,35,5,7,5,1,1,0,0
S01012951,35 to 49,170,158,131,27,12,5,0,4,2,1
S01012951,50 to 64,61,49,45,4,12,1,0,2,8,1
S01012951,65 to 74,8,6,6,0,2,0,0,0,0,2
S01012951,75 to 84,2,1,1,0,1,0,0,0,1,0
S01012951,85 and over,0,0,0,0,0,0,0,0,0,0
S01012952,All HRPs,247,186,176,10,61,13,3,11,8,26
S01012952,24 and under,5,1,0,1,4,4,0,0,0,0
S01012952,25 to 34,7,5,4,1,2,0,0,2,0,0
S01012952,35 to 49,65,52,45,7,13,7,1,4,1,0
S01012952,50 to 64,84,69,68,1,15,1,1,4,7,2
S01012952,65 to 74,43,35,35,0,8,0,0,1,0,7
S01012952,75 to 84,35,22,22,0,13,1,0,0,0,12
S01012952,85 and over,8,2,2,0,6,0,1,0,0,5
S01012953,All HRPs,292,187,165,22,105,40,1,17,25,22
S01012953,24 and under,4,0,0,0,4,4,0,0,0,0
S01012953,25 to 34,32,12,7,5,20,17,0,3,0,0
S01012953,35 to 49,90,59,46,13,31,14,1,8,7,1
S01012953,50 to 64,114,80,77,3,34,4,0,5,17,8
S01012953,65 to 74,31,25,24,1,6,1,0,1,1,3
S01012953,75 to 84,16,10,10,0,6,0,0,0,0,6
S01012953,85 and over,5,1,1,0,4,0,0,0,0,4
S01012954,All HRPs,173,134,113,21,39,10,0,3,13,13
S01012954,24 and under,3,2,1,1,1,1,0,0,0,0
S01012954,25 to 34,12,9,5,4,3,2,0,0,1,0
S01012954,35 to 49,68,55,43,12,13,7,0,2,4,0
S01012954,50 to 64,66,55,51,4,11,0,0,1,7,3
S01012954,65 to 74,14,10,10,0,4,0,0,0,1,3
S01012954,75 to 84,8,3,3,0,5,0,0,0,0,5
S01012954,85 and over,2,0,0,0,2,0,0,0,0,2
S01012955,All HRPs,356,239,207,32,117,45,2,24,21,25
S01012955,24 and under,12,4,0,4,8,8,0,0,0,0
S01012955,25 to 34,45,27,17,10,18,17,0,1,0,0
S01012955,35 to 49,132,92,82,10,40,10,0,17,13,0
S01012955,50 to 64,106,79,75,4,27,7,2,6,8,4
S01012955,65 to 74,27,20,18,2,7,3,0,0,0,4
S01012955,75 to 84,28,16,14,2,12,0,0,0,0,12
S01012955,85 and over,6,1,1,0,5,0,0,0,0,5
S01012956,All HRPs,458,203,170,33,255,92,6,19,51,87
S01012956,24 and under,15,4,0,4,11,11,0,0,0,0
S01012956,25 to 34,40,23,11,12,17,16,0,1,0,0
S01012956,35 to 49,126,56,45,11,70,37,2,5,25,1
S01012956,50 to 64,104,57,51,6,47,20,2,9,13,3
S01012956,65 to 74,81,35,35,0,46,1,1,4,10,30
S01012956,75 to 84,69,27,27,0,42,2,1,0,3,36
S01012956,85 and over,23,1,1,0,22,5,0,0,0,17
S01012957,All HRPs,304,143,122,21,161,61,1,16,39,44
S01012957,24 and under,10,5,0,5,5,5,0,0,0,0
S01012957,25 to 34,35,14,7,7,21,21,0,0,0,0
S01012957,35 to 49,84,46,40,6,38,18,0,6,12,2
S01012957,50 to 64,74,40,37,3,34,14,0,2,15,3
S01012957,65 to 74,56,26,26,0,30,3,0,4,7,16
S01012957,75 to 84,36,11,11,0,25,0,0,4,5,16
S01012957,85 and over,9,1,1,0,8,0,1,0,0,7
S01012958,All HRPs,206,130,115,15,76,22,1,11,16,26
S01012958,24 and under,2,0,0,0,2,2,0,0,0,0
S01012958,25 to 34,20,12,9,3,8,6,0,2,0,0
S01012958,35 to 49,59,40,32,8,19,10,1,5,3,0
S01012958,50 to 64,83,62,58,4,21,2,0,3,12,4
S01012958,65 to 74,26,12,12,0,14,1,0,1,1,11
S01012958,75 to 84,13,4,4,0,9,1,0,0,0,8
S01012958,85 and over,3,0,0,0,3,0,0,0,0,3
S01012959,All HRPs,228,139,115,24,89,38,2,15,23,11
S01012959,24 and under,4,0,0,0,4,4,0,0,0,0
S01012959,25 to 34,27,17,10,7,10,8,0,1,1,0
S01012959,35 to 49,108,66,50,16,42,20,1,9,11,1
S01012959,50 to 64,66,46,45,1,20,6,1,5,7,1
S01012959,65 to 74,15,6,6,0,9,0,0,0,4,5
S01012959,75 to 84,6,4,4,0,2,0,0,0,0,2
S01012959,85 and over,2,0,0,0,2,0,0,0,0,2
S01012960,All HRPs,229,149,126,23,80,15,2,14,24,25
S01012960,24 and under,2,0,0,0,2,2,0,0,0,0
S01012960,25 to 34,22,13,6,7,9,7,0,2,0,0
S01012960,35 to 49,72,44,35,9,28,5,1,9,11,2
S01012960,50 to 64,88,64,58,6,24,0,1,3,13,7
S01012960,65 to 74,28,20,19,1,8,0,0,0,0,8
S01012960,75 to 84,15,8,8,0,7,0,0,0,0,7
S01012960,85 and over,2,0,0,0,2,1,0,0,0,1
S01012961,All HRPs,200,143,125,18,57,23,0,7,17,10
S01012961,24 and under,2,0,0,0,2,2,0,0,0,0
S01012961,25 to 34,17,12,10,2,5,4,0,1,0,0
S01012961,35 to 49,67,43,33,10,24,13,0,4,7,0
S01012961,50 to 64,81,67,62,5,14,1,0,1,8,4
S01012961,65 to 74,22,15,15,0,7,2,0,1,2,2
S01012961,75 to 84,9,6,5,1,3,1,0,0,0,2
S01012961,85 and over,2,0,0,0,2,0,0,0,0,2
S01012962,All HRPs,236,194,173,21,42,6,1,2,15,18
S01012962,24 and under,1,0,0,0,1,1,0,0,0,0
S01012962,25 to 34,11,10,4,6,1,0,0,1,0,0
S01012962,35 to 49,54,48,42,6,6,1,0,1,3,1
S01012962,50 to 64,106,91,84,7,15,2,0,0,10,3
S01012962,65 to 74,43,32,30,2,11,1,1,0,2,7
S01012962,75 to 84,19,12,12,0,7,1,0,0,0,6
S01012962,85 and over,2,1,1,0,1,0,0,0,0,1
S01012963,All HRPs,275,221,200,21,54,17,1,12,13,11
S01012963,24 and under,0,0,0,0,0,0,0,0,0,0
S01012963,25 to 34,20,16,11,5,4,3,0,1,0,0
S01012963,35 to 49,128,104,90,14,24,9,0,6,9,0
S01012963,50 to 64,96,79,77,2,17,5,0,5,3,4
S01012963,65 to 74,10,9,9,0,1,0,0,0,0,1
S01012963,75 to 84,20,13,13,0,7,0,1,0,1,5
S01012963,85 and over,1,0,0,0,1,0,0,0,0,1
S01012964,All HRPs,200,160,136,24,40,14,0,8,13,5
S01012964,24 and under,4,2,2,0,2,2,0,0,0,0
S01012964,25 to 34,23,20,15,5,3,2,0,0,1,0
S01012964,35 to 49,113,89,76,13,24,9,0,6,7,2
S01012964,50 to 64,51,45,39,6,6,0,0,1,5,0
S01012964,65 to 74,6,2,2,0,4,1,0,1,0,2
S01012964,75 to 84,3,2,2,0,1,0,0,0,0,1
S01012964,85 and over,0,0,0,0,0,0,0,0,0,0
S01012965,All HRPs,229,145,119,26,84,40,1,10,22,11
S01012965,24 and under,12,2,0,2,10,10,0,0,0,0
S01012965,25 to 34,30,19,12,7,11,11,0,0,0,0
S01012965,35 to 49,106,73,61,12,33,12,1,7,13,0
S01012965,50 to 64,64,41,36,5,23,6,0,3,8,6
S01012965,65 to 74,9,5,5,0,4,0,0,0,1,3
S01012965,75 to 84,5,4,4,0,1,0,0,0,0,1
S01012965,85 and over,3,1,1,0,2,1,0,0,0,1
S01012966,All HRPs,262,165,141,24,97,34,2,16,25,20
S01012966,24 and under,4,1,1,0,3,1,0,2,0,0
S01012966,25 to 34,28,17,9,8,11,8,0,1,2,0
S01012966,35 to 49,106,70,55,15,36,20,1,8,7,0
S01012966,50 to 64,83,55,54,1,28,4,0,4,11,9
S01012966,65 to 74,28,18,18,0,10,0,1,1,2,6
S01012966,75 to 84,11,3,3,0,8,1,0,0,3,4
S01012966,85 and over,2,1,1,0,1,0,0,0,0,1
S01012967,All HRPs,183,114,101,13,69,18,0,8,21,22
S01012967,24 and under,1,0,0,0,1,1,0,0,0,0
S01012967,25 to 34,21,14,7,7,7,6,0,1,0,0
S01012967,35 to 49,55,37,34,3,18,8,0,4,6,0
S01012967,50 to 64,79,47,44,3,32,3,0,2,15,12
S01012967,65 to 74,18,10,10,0,8,0,0,1,0,7
S01012967,75 to 84,8,6,6,0,2,0,0,0,0,2
S01012967,85 and over,1,0,0,0,1,0,0,0,0,1
S01012968,All HRPs,271,152,129,23,119,54,3,14,32,16
S01012968,24 and under,14,0,0,0,14,14,0,0,0,0
S01012968,25 to 34,44,26,16,10,18,16,0,1,1,0
S01012968,35 to 49,84,40,31,9,44,20,0,8,16,0
S01012968,50 to 64,94,64,60,4,30,3,2,5,12,8
S01012968,65 to 74,27,19,19,0,8,0,1,0,2,5
S01012968,75 to 84,8,3,3,0,5,1,0,0,1,3
S01012968,85 and over,0,0,0,0,0,0,0,0,0,0
S01012969,All HRPs,306,165,136,29,141,41,2,12,39,47
S01012969,24 and under,2,0,0,0,2,2,0,0,0,0
S01012969,25 to 34,38,23,13,10,15,13,0,2,0,0
S01012969,35 to 49,90,53,39,14,37,19,0,6,12,0
S01012969,50 to 64,85,50,45,5,35,5,2,4,20,4
S01012969,65 to 74,44,27,27,0,17,0,0,0,5,12
S01012969,75 to 84,36,10,10,0,26,1,0,0,2,23
S01012969,85 and over,11,2,2,0,9,1,0,0,0,8
S01012970,All HRPs,236,147,126,21,89,23,1,7,26,32
S01012970,24 and under,2,0,0,0,2,2,0,0,0,0
S01012970,25 to 34,20,13,8,5,7,6,0,1,0,0
S01012970,35 to 49,66,45,38,7,21,6,1,4,8,2
S01012970,50 to 64,85,60,53,7,25,5,0,1,13,6
S01012970,65 to 74,31,19,17,2,12,2,0,0,4,6
S01012970,75 to 84,25,8,8,0,17,1,0,1,1,14
S01012970,85 and over,7,2,2,0,5,1,0,0,0,4
S01012971,All HRPs,299,164,139,25,135,56,2,18,39,20
S01012971,24 and under,7,0,0,0,7,7,0,0,0,0
S01012971,25 to 34,49,24,16,8,25,23,0,2,0,0
S01012971,35 to 49,131,71,58,13,60,21,1,12,23,3
S01012971,50 to 64,78,48,45,3,30,4,0,4,16,6
S01012971,65 to 74,26,19,19,0,7,0,1,0,0,6
S01012971,75 to 84,8,2,1,1,6,1,0,0,0,5
S01012971,85 and over,0,0,0,0,0,0,0,0,0,0
S01012972,All HRPs,329,170,131,39,159,65,1,23,34,36
S01012972,24 and under,17,6,3,3,11,11,0,0,0,0
S01012972,25 to 34,54,29,15,14,25,22,0,2,1,0
S01012972,35 to 49,89,44,30,14,45,23,0,10,12,0
S01012972,50 to 64,92,59,52,7,33,7,0,6,14,6
S01012972,65 to 74,41,21,20,1,20,0,0,5,3,12
S01012972,75 to 84,22,7,7,0,15,1,0,0,2,12
S01012972,85 and over,14,4,4,0,10,1,1,0,2,6
S01012973,All HRPs,335,194,159,35,141,27,2,17,32,63
S01012973,24 and under,2,0,0,0,2,2,0,0,0,0
S01012973,25 to 34,38,30,19,11,8,6,0,1,1,0
S01012973,35 to 49,93,63,49,14,30,14,0,8,7,1
S01012973,50 to 64,92,59,53,6,33,4,0,7,13,9
S01012973,65 to 74,59,30,27,3,29,0,0,1,6,22
S01012973,75 to 84,34,11,10,1,23,0,1,0,4,18
S01012973,85 and over,17,1,1,0,16,1,1,0,1,13
S01012974,All HRPs,446,217,180,37,229,85,1,26,40,77
S01012974,24 and under,10,2,1,1,8,7,0,0,1,0
S01012974,25 to 34,54,25,12,13,29,25,0,2,2,0
S01012974,35 to 49,116,56,43,13,60,34,0,13,9,4
S01012974,50 to 64,127,77,70,7,50,17,0,7,17,9
S01012974,65 to 74,54,32,30,2,22,0,0,2,6,14
S01012974,75 to 84,64,19,18,1,45,2,0,2,4,37
S01012974,85 and over,21,6,6,0,15,0,1,0,1,13
S01012975,All HRPs,266,135,106,29,131,28,3,15,27,58
S01012975,24 and under,3,0,0,0,3,3,0,0,0,0
S01012975,25 to 34,30,19,6,13,11,9,0,1,1,0
S01012975,35 to 49,76,42,34,8,34,10,2,11,9,2
S01012975,50 to 64,62,40,35,5,22,2,1,2,10,7
S01012975,65 to 74,44,20,17,3,24,1,0,0,6,17
S01012975,75 to 84,38,13,13,0,25,2,0,0,1,22
S01012975,85 and over,13,1,1,0,12,1,0,1,0,10
S01012976,All HRPs,229,121,92,29,108,38,0,12,26,32
S01012976,24 and under,5,3,0,3,2,2,0,0,0,0
S01012976,25 to 34,38,21,5,16,17,12,0,5,0,0
S01012976,35 to 49,58,30,25,5,28,16,0,3,8,1
S01012976,50 to 64,62,36,33,3,26,5,0,4,10,7
S01012976,65 to 74,45,22,21,1,23,2,0,0,6,15
S01012976,75 to 84,17,7,6,1,10,1,0,0,2,7
S01012976,85 and over,4,2,2,0,2,0,0,0,0,2
S01012977,All HRPs,287,147,108,39,140,45,2,33,33,27
S01012977,24 and under,8,4,0,4,4,4,0,0,0,0
S01012977,25 to 34,50,22,9,13,28,18,0,10,0,0
S01012977,35 to 49,108,53,34,19,55,18,1,17,17,2
S01012977,50 to 64,72,44,42,2,28,3,1,4,14,6
S01012977,65 to 74,36,18,18,0,18,0,0,2,1,15
S01012977,75 to 84,13,6,5,1,7,2,0,0,1,4
S01012977,85 and over,0,0,0,0,0,0,0,0,0,0
S01012978,All HRPs,334,161,126,35,173,54,0,28,58,33
S01012978,24 and under,7,2,0,2,5,5,0,0,0,0
S01012978,25 to 34,49,22,10,12,27,23,0,2,2,0
S01012978,35 to 49,107,42,31,11,65,22,0,17,24,2
S01012978,50 to 64,108,62,55,7,46,3,0,7,27,9
S01012978,65 to 74,41,28,25,3,13,0,0,1,4,8
S01012978,75 to 84,16,5,5,0,11,0,0,1,1,9
S01012978,85 and over,6,0,0,0,6,1,0,0,0,5
S01012979,All HRPs,224,158,140,18,66,11,2,8,22,23
S01012979,24 and under,3,1,0,1,2,2,0,0,0,0
S01012979,25 to 34,26,20,13,7,6,3,0,0,1,2
S01012979,35 to 49,83,65,57,8,18,6,1,5,5,1
S01012979,50 to 64,79,54,52,2,25,0,0,3,12,10
S01012979,65 to 74,22,15,15,0,7,0,0,0,4,3
S01012979,75 to 84,8,3,3,0,5,0,1,0,0,4
S01012979,85 and over,3,0,0,0,3,0,0,0,0,3
S01012980,All HRPs,311,140,102,38,171,90,0,18,34,29
S01012980,24 and under,14,1,0,1,13,13,0,0,0,0
S01012980,25 to 34,74,39,15,24,35,30,0,4,1,0
S01012980,35 to 49,99,39,30,9,60,34,0,10,15,1
S01012980,50 to 64,64,33,29,4,31,9,0,3,12,7
S01012980,65 to 74,36,18,18,0,18,2,0,1,6,9
S01012980,75 to 84,17,8,8,0,9,0,0,0,0,9
S01012980,85 and over,7,2,2,0,5,2,0,0,0,3
S01012981,All HRPs,347,147,113,34,200,86,1,20,57,36
S01012981,24 and under,13,3,0,3,10,10,0,0,0,0
S01012981,25 to 34,54,22,11,11,32,29,0,0,3,0
S01012981,35 to 49,133,63,46,17,70,32,1,11,26,0
S01012981,50 to 64,82,37,36,1,45,11,0,8,19,7
S01012981,65 to 74,34,14,13,1,20,2,0,1,5,12
S01012981,75 to 84,24,8,7,1,16,2,0,0,4,10
S01012981,85 and over,7,0,0,0,7,0,0,0,0,7
S01012982,All HRPs,383,191,152,39,192,78,3,17,55,39
S01012982,24 and under,25,5,2,3,20,20,0,0,0,0
S01012982,25 to 34,53,31,15,16,22,19,0,2,1,0
S01012982,35 to 49,128,62,49,13,66,30,3,10,22,1
S01012982,50 to 64,92,45,41,4,47,8,0,5,27,7
S01012982,65 to 74,52,31,28,3,21,0,0,0,3,18
S01012982,75 to 84,30,16,16,0,14,1,0,0,1,12
S01012982,85 and over,3,1,1,0,2,0,0,0,1,1
S01012983,All HRPs,326,194,169,25,132,36,2,13,27,54
S01012983,24 and under,3,0,0,0,3,3,0,0,0,0
S01012983,25 to 34,18,8,3,5,10,8,0,0,2,0
S01012983,35 to 49,100,69,57,12,31,14,0,9,8,0
S01012983,50 to 64,100,67,61,6,33,9,0,4,14,6
S01012983,65 to 74,53,31,30,1,22,2,1,0,2,17
S01012983,75 to 84,48,17,16,1,31,0,0,0,1,30
S01012983,85 and over,4,2,2,0,2,0,1,0,0,1
S01012984,All HRPs,279,142,114,28,137,49,2,14,27,45
S01012984,24 and under,4,0,0,0,4,3,0,1,0,0
S01012984,25 to 34,39,17,8,9,22,21,0,0,1,0
S01012984,35 to 49,94,55,43,12,39,19,1,7,10,2
S01012984,50 to 64,67,43,37,6,24,6,0,5,10,3
S01012984,65 to 74,30,13,12,1,17,0,0,1,6,10
S01012984,75 to 84,39,13,13,0,26,0,1,0,0,25
S01012984,85 and over,6,1,1,0,5,0,0,0,0,5
S01012985,All HRPs,330,201,187,14,129,30,0,15,28,56
S01012985,24 and under,3,1,0,1,2,2,0,0,0,0
S01012985,25 to 34,32,16,12,4,16,13,0,0,3,0
S01012985,35 to 49,99,68,61,7,31,7,0,12,11,1
S01012985,50 to 64,95,72,70,2,23,8,0,3,8,4
S01012985,65 to 74,36,22,22,0,14,0,0,0,5,9
S01012985,75 to 84,56,20,20,0,36,0,0,0,1,35
S01012985,85 and over,9,2,2,0,7,0,0,0,0,7
S01012986,All HRPs,394,152,121,31,242,107,1,19,50,65
S01012986,24 and under,14,2,0,2,12,12,0,0,0,0
S01012986,25 to 34,69,24,13,11,45,41,1,1,2,0
S01012986,35 to 49,112,51,35,16,61,28,0,11,21,1
S01012986,50 to 64,103,41,39,2,62,24,0,5,20,13
S01012986,65 to 74,41,19,19,0,22,1,0,2,4,15
S01012986,75 to 84,47,13,13,0,34,0,0,0,3,31
S01012986,85 and over,8,2,2,0,6,1,0,0,0,5
S01012987,All HRPs,356,167,133,34,189,60,3,14,37,75
S01012987,24 and under,11,2,0,2,9,9,0,0,0,0
S01012987,25 to 34,34,20,9,11,14,13,0,0,1,0
S01012987,35 to 49,99,57,40,17,42,22,1,6,10,3
S01012987,50 to 64,83,44,40,4,39,11,0,5,20,3
S01012987,65 to 74,51,26,26,0,25,2,1,1,1,20
S01012987,75 to 84,55,15,15,0,40,0,1,1,5,33
S01012987,85 and over,23,3,3,0,20,3,0,1,0,16
S01012988,All HRPs,463,191,163,28,272,97,2,18,54,101
S01012988,24 and under,18,5,0,5,13,13,0,0,0,0
S01012988,25 to 34,53,24,15,9,29,28,1,0,0,0
S01012988,35 to 49,107,52,44,8,55,24,0,9,21,1
S01012988,50 to 64,111,53,47,6,58,24,1,7,17,9
S01012988,65 to 74,68,35,35,0,33,3,0,1,8,21
S01012988,75 to 84,82,20,20,0,62,3,0,1,8,50
S01012988,85 and over,24,2,2,0,22,2,0,0,0,20
S01012989,All HRPs,409,211,180,31,198,66,2,20,46,64
S01012989,24 and under,16,5,0,5,11,11,0,0,0,0
S01012989,25 to 34,58,28,22,6,30,24,0,3,3,0
S01012989,35 to 49,96,47,32,15,49,21,2,10,12,4
S01012989,50 to 64,113,70,65,5,43,10,0,7,20,6
S01012989,65 to 74,44,22,22,0,22,0,0,0,7,15
S01012989,75 to 84,68,36,36,0,32,0,0,0,4,28
S01012989,85 and over,14,3,3,0,11,0,0,0,0,11
S01012990,All HRPs,303,117,103,14,186,48,6,14,44,74
S01012990,24 and under,5,2,0,2,3,3,0,0,0,0
S01012990,25 to 34,18,10,6,4,8,8,0,0,0,0
S01012990,35 to 49,79,37,32,5,42,24,1,10,6,1
S01012990,50 to 64,87,47,45,2,40,11,1,2,22,4
S01012990,65 to 74,40,12,12,0,28,1,0,1,11,15
S01012990,75 to 84,44,7,7,0,37,1,4,1,4,27
S01012990,85 and over,30,2,1,1,28,0,0,0,1,27
S01012991,All HRPs,351,181,148,33,170,61,0,27,27,55
S01012991,24 and under,13,1,0,1,12,12,0,0,0,0
S01012991,25 to 34,34,20,9,11,14,11,0,1,2,0
S01012991,35 to 49,114,62,49,13,52,26,0,15,11,0
S01012991,50 to 64,83,52,46,6,31,9,0,10,9,3
S01012991,65 to 74,42,18,17,1,24,2,0,1,3,18
S01012991,75 to 84,45,21,20,1,24,1,0,0,2,21
S01012991,85 and over,20,7,7,0,13,0,0,0,0,13
S01012992,All HRPs,380,164,138,26,216,69,3,20,44,80
S01012992,24 and under,13,4,0,4,9,9,0,0,0,0
S01012992,25 to 34,41,21,10,11,20,17,0,2,1,0
S01012992,35 to 49,103,50,41,9,53,27,0,11,14,1
S01012992,50 to 64,87,48,47,1,39,11,0,6,19,3
S01012992,65 to 74,43,19,19,0,24,2,1,1,6,14
S01012992,75 to 84,77,20,19,1,57,3,1,0,4,49
S01012992,85 and over,16,2,2,0,14,0,1,0,0,13
S01012993,All HRPs,376,139,104,35,237,100,7,15,44,71
S01012993,24 and under,17,9,0,9,8,8,0,0,0,0
S01012993,25 to 34,58,16,8,8,42,38,1,1,1,1
S01012993,35 to 49,96,32,21,11,64,38,1,8,12,5
S01012993,50 to 64,87,47,42,5,40,11,1,3,22,3
S01012993,65 to 74,38,18,17,1,20,1,0,1,5,13
S01012993,75 to 84,64,14,13,1,50,4,3,2,3,38
S01012993,85 and over,16,3,3,0,13,0,1,0,1,11
S01012994,All HRPs,502,144,102,42,358,157,5,27,86,83
S01012994,24 and under,28,7,1,6,21,18,3,0,0,0
S01012994,25 to 34,72,25,7,18,47,47,0,0,0,0
S01012994,35 to 49,132,41,31,10,91,50,1,9,29,2
S01012994,50 to 64,131,45,38,7,86,26,1,10,41,8
S01012994,65 to 74,48,12,11,1,36,6,0,3,13,14
S01012994,75 to 84,63,9,9,0,54,4,0,5,3,42
S01012994,85 and over,28,5,5,0,23,6,0,0,0,17
S01012995,All HRPs,331,209,172,37,122,48,0,14,32,28
S01012995,24 and under,6,1,0,1,5,4,0,1,0,0
S01012995,25 to 34,44,28,16,12,16,13,0,2,1,0
S01012995,35 to 49,104,65,48,17,39,18,0,7,14,0
S01012995,50 to 64,114,77,71,6,37,12,0,4,14,7
S01012995,65 to 74,36,26,26,0,10,0,0,0,1,9
S01012995,75 to 84,21,10,9,1,11,1,0,0,2,8
S01012995,85 and over,6,2,2,0,4,0,0,0,0,4
S01012996,All HRPs,246,144,125,19,102,30,2,10,35,25
S01012996,24 and under,7,1,0,1,6,6,0,0,0,0
S01012996,25 to 34,27,17,13,4,10,8,0,1,1,0
S01012996,35 to 49,91,52,42,10,39,13,2,8,15,1
S01012996,50 to 64,83,57,53,4,26,2,0,1,13,10
S01012996,65 to 74,24,15,15,0,9,0,0,0,3,6
S01012996,75 to 84,14,2,2,0,12,1,0,0,3,8
S01012996,85 and over,0,0,0,0,0,0,0,0,0,0
S01012997,All HRPs,210,108,92,16,102,31,0,14,25,32
S01012997,24 and under,4,1,0,1,3,3,0,0,0,0
S01012997,25 to 34,26,9,5,4,17,14,0,2,1,0
S01012997,35 to 49,52,36,27,9,16,9,0,2,5,0
S01012997,50 to 64,54,32,30,2,22,3,0,3,11,5
S01012997,65 to 74,50,23,23,0,27,1,0,5,8,13
S01012997,75 to 84,19,7,7,0,12,1,0,2,0,9
S01012997,85 and over,5,0,0,0,5,0,0,0,0,5
S01012998,All HRPs,414,262,221,41,152,55,6,16,35,40
S01012998,24 and under,11,6,0,6,5,5,0,0,0,0
S01012998,25 to 34,57,30,15,15,27,24,0,3,0,0
S01012998,35 to 49,163,111,97,14,52,22,4,8,18,0
S01012998,50 to 64,101,73,68,5,28,4,1,4,15,4
S01012998,65 to 74,29,20,19,1,9,0,1,0,0,8
S01012998,75 to 84,44,17,17,0,27,0,0,1,2,24
S01012998,85 and over,9,5,5,0,4,0,0,0,0,4
S01012999,All HRPs,220,109,92,17,111,44,1,15,20,31
S01012999,24 and under,6,2,0,2,4,4,0,0,0,0
S01012999,25 to 34,31,14,6,8,17,13,1,2,0,1
S01012999,35 to 49,68,40,34,6,28,16,0,9,3,0
S01012999,50 to 64,50,27,27,0,23,7,0,1,10,5
S01012999,65 to 74,25,13,12,1,12,2,0,1,4,5
S01012999,75 to 84,29,10,10,0,19,0,0,2,3,14
S01012999,85 and over,11,3,3,0,8,2,0,0,0,6
S01013000,All HRPs,322,145,123,22,177,67,4,17,40,49
S01013000,24 and under,12,1,0,1,11,11,0,0,0,0
S01013000,25 to 34,37,18,10,8,19,15,0,2,2,0
S01013000,35 to 49,94,39,33,6,55,31,0,10,13,1
S01013000,50 to 64,71,39,34,5,32,5,1,4,17,5
S01013000,65 to 74,47,27,25,2,20,2,1,1,4,12
S01013000,75 to 84,49,18,18,0,31,3,1,0,4,23
S01013000,85 and over,12,3,3,0,9,0,1,0,0,8
S01013001,All HRPs,156,113,105,8,43,13,3,10,6,11
S01013001,24 and under,2,0,0,0,2,2,0,0,0,0
S01013001,25 to 34,5,4,1,3,1,0,0,1,0,0
S01013001,35 to 49,35,27,23,4,8,4,0,3,1,0
S01013001,50 to 64,67,48,47,1,19,6,0,6,5,2
S01013001,65 to 74,22,18,18,0,4,0,1,0,0,3
S01013001,75 to 84,20,13,13,0,7,1,1,0,0,5
S01013001,85 and over,5,3,3,0,2,0,1,0,0,1
S01013002,All HRPs,205,138,123,15,67,22,1,11,17,16
S01013002,24 and under,2,0,0,0,2,2,0,0,0,0
S01013002,25 to 34,10,5,3,2,5,5,0,0,0,0
S01013002,35 to 49,63,45,37,8,18,5,0,7,6,0
S01013002,50 to 64,64,47,44,3,17,8,0,2,6,1
S01013002,65 to 74,38,26,25,1,12,1,1,2,5,3
S01013002,75 to 84,23,14,13,1,9,0,0,0,0,9
S01013002,85 and over,5,1,1,0,4,1,0,0,0,3
S01013003,All HRPs,246,202,192,10,44,7,0,4,4,29
S01013003,24 and under,1,0,0,0,1,1,0,0,0,0
S01013003,25 to 34,2,1,1,0,1,1,0,0,0,0
S01013003,35 to 49,60,51,46,5,9,2,0,3,2,2
S01013003,50 to 64,89,81,77,4,8,0,0,1,1,6
S01013003,65 to 74,44,38,37,1,6,1,0,0,1,4
S01013003,75 to 84,35,24,24,0,11,1,0,0,0,10
S01013003,85 and over,15,7,7,0,8,1,0,0,0,7
S01013004,All HRPs,264,184,172,12,80,19,2,8,19,32
S01013004,24 and under,4,2,0,2,2,2,0,0,0,0
S01013004,25 to 34,8,4,1,3,4,4,0,0,0,0
S01013004,35 to 49,70,55,50,5,15,2,1,5,7,0
S01013004,50 to 64,107,76,74,2,31,9,1,3,9,9
S01013004,65 to 74,41,28,28,0,13,1,0,0,1,11
S01013004,75 to 84,30,17,17,0,13,1,0,0,2,10
S01013004,85 and over,4,2,2,0,2,0,0,0,0,2
S01013005,All HRPs,300,192,173,19,108,32,4,18,14,40
S01013005,24 and under,1,0,0,0,1,1,0,0,0,0
S01013005,25 to 34,16,12,8,4,4,3,1,0,0,0
S01013005,35 to 49,79,49,42,7,30,11,1,10,5,3
S01013005,50 to 64,103,77,71,6,26,9,1,6,5,5
S01013005,65 to 74,57,34,33,1,23,5,0,2,3,13
S01013005,75 to 84,31,14,13,1,17,2,1,0,1,13
S01013005,85 and over,13,6,6,0,7,1,0,0,0,6
S01013006,All HRPs,240,182,163,19,58,24,3,2,14,15
S01013006,24 and under,1,0,0,0,1,1,0,0,0,0
S01013006,25 to 34,7,5,4,1,2,2,0,0,0,0
S01013006,35 to 49,77,54,44,10,23,13,1,2,6,1
S01013006,50 to 64,88,72,65,7,16,7,1,0,6,2
S01013006,65 to 74,37,30,29,1,7,0,1,0,1,5
S01013006,75 to 84,24,17,17,0,7,1,0,0,1,5
S01013006,85 and over,6,4,4,0,2,0,0,0,0,2
S01013007,All HRPs,397,261,232,29,136,45,0,6,33,52
S01013007,24 and under,1,0,0,0,1,1,0,0,0,0
S01013007,25 to 34,14,7,3,4,7,7,0,0,0,0
S01013007,35 to 49,100,73,59,14,27,14,0,5,7,1
S01013007,50 to 64,119,86,76,10,33,9,0,1,13,10
S01013007,65 to 74,77,54,53,1,23,2,0,0,10,11
S01013007,75 to 84,65,35,35,0,30,10,0,0,3,17
S01013007,85 and over,21,6,6,0,15,2,0,0,0,13
S01013008,All HRPs,330,202,170,32,128,45,4,17,27,35
S01013008,24 and under,3,1,0,1,2,2,0,0,0,0
S01013008,25 to 34,21,9,5,4,12,9,0,2,1,0
S01013008,35 to 49,101,64,51,13,37,17,2,7,10,1
S01013008,50 to 64,96,70,59,11,26,7,0,7,8,4
S01013008,65 to 74,71,45,42,3,26,3,2,1,4,16
S01013008,75 to 84,28,11,11,0,17,3,0,0,4,10
S01013008,85 and over,10,2,2,0,8,4,0,0,0,4
S01013009,All HRPs,293,149,128,21,144,31,2,20,42,49
S01013009,24 and under,1,1,0,1,0,0,0,0,0,0
S01013009,25 to 34,21,7,3,4,14,12,1,0,1,0
S01013009,35 to 49,85,54,42,12,31,9,1,9,12,0
S01013009,50 to 64,61,32,28,4,29,6,0,2,17,4
S01013009,65 to 74,54,30,30,0,24,2,0,9,6,7
S01013009,75 to 84,49,21,21,0,28,1,0,0,4,23
S01013009,85 and over,22,4,4,0,18,1,0,0,2,15
S01013010,All HRPs,246,159,140,19,87,23,5,6,12,41
S01013010,24 and under,2,0,0,0,2,2,0,0,0,0
S01013010,25 to 34,10,4,2,2,6,6,0,0,0,0
S01013010,35 to 49,66,54,46,8,12,5,1,3,2,1
S01013010,50 to 64,87,62,54,8,25,4,2,1,9,9
S01013010,65 to 74,45,32,31,1,13,2,1,0,1,9
S01013010,75 to 84,21,5,5,0,16,4,0,2,0,10
S01013010,85 and over,15,2,2,0,13,0,1,0,0,12
S01013011,All HRPs,261,178,153,25,83,25,3,12,19,24
S01013011,24 and under,3,1,0,1,2,2,0,0,0,0
S01013011,25 to 34,15,12,8,4,3,3,0,0,0,0
S01013011,35 to 49,122,92,76,16,30,14,0,9,7,0
S01013011,50 to 64,64,47,43,4,17,2,2,1,8,4
S01013011,65 to 74,28,14,14,0,14,1,1,2,4,6
S01013011,75 to 84,27,12,12,0,15,2,0,0,0,13
S01013011,85 and over,2,0,0,0,2,1,0,0,0,1
S01013012,All HRPs,292,148,121,27,144,54,1,9,38,42
S01013012,24 and under,5,3,0,3,2,2,0,0,0,0
S01013012,25 to 34,27,9,3,6,18,16,0,1,1,0
S01013012,35 to 49,87,55,45,10,32,14,0,3,12,3
S01013012,50 to 64,86,48,41,7,38,9,1,4,19,5
S01013012,65 to 74,38,24,24,0,14,4,0,0,5,5
S01013012,75 to 84,24,8,7,1,16,3,0,1,1,11
S01013012,85 and over,25,1,1,0,24,6,0,0,0,18
S01013013,All HRPs,297,187,160,27,110,23,2,14,17,54
S01013013,24 and under,3,0,0,0,3,3,0,0,0,0
S01013013,25 to 34,14,10,3,7,4,4,0,0,0,0
S01013013,35 to 49,78,57,45,12,21,9,1,8,3,0
S01013013,50 to 64,105,80,72,8,25,5,1,5,7,7
S01013013,65 to 74,47,30,30,0,17,1,0,1,4,11
S01013013,75 to 84,34,9,9,0,25,1,0,0,3,21
S01013013,85 and over,16,1,1,0,15,0,0,0,0,15
S01013014,All HRPs,336,184,151,33,152,47,4,12,36,53
S01013014,24 and under,6,3,0,3,3,3,0,0,0,0
S01013014,25 to 34,13,5,2,3,8,7,0,0,1,0
S01013014,35 to 49,85,61,49,12,24,12,1,5,6,0
S01013014,50 to 64,114,68,53,15,46,16,2,3,19,6
S01013014,65 to 74,48,24,24,0,24,6,1,1,4,12
S01013014,75 to 84,51,22,22,0,29,1,0,3,4,21
S01013014,85 and over,19,1,1,0,18,2,0,0,2,14
S01013015,All HRPs,309,209,186,23,100,25,1,13,21,40
S01013015,24 and under,2,0,0,0,2,2,0,0,0,0
S01013015,25 to 34,15,7,5,2,8,7,0,1,0,0
S01013015,35 to 49,82,64,52,12,18,8,0,4,5,1
S01013015,50 to 64,115,81,73,8,34,3,0,6,14,11
S01013015,65 to 74,42,28,27,1,14,2,0,2,2,8
S01013015,75 to 84,44,28,28,0,16,2,1,0,0,13
S01013015,85 and over,9,1,1,0,8,1,0,0,0,7
S01013016,All HRPs,244,179,166,13,65,17,3,12,16,17
S01013016,24 and under,1,0,0,0,1,1,0,0,0,0
S01013016,25 to 34,9,6,4,2,3,3,0,0,0,0
S01013016,35 to 49,67,47,41,6,20,7,1,5,6,1
S01013016,50 to 64,107,85,80,5,22,3,2,7,8,2
S01013016,65 to 74,34,28,28,0,6,1,0,0,2,3
S01013016,75 to 84,17,11,11,0,6,1,0,0,0,5
S01013016,85 and over,9,2,2,0,7,1,0,0,0,6
S01013017,All HRPs,359,205,185,20,154,47,2,16,43,46
S01013017,24 and under,5,2,0,2,3,3,0,0,0,0
S01013017,25 to 34,17,9,8,1,8,7,0,0,0,1
S01013017,35 to 49,112,68,60,8,44,23,1,6,11,3
S01013017,50 to 64,104,73,65,8,31,8,0,5,12,6
S01013017,65 to 74,66,33,33,0,33,3,0,4,14,12
S01013017,75 to 84,37,18,17,1,19,1,1,0,5,12
S01013017,85 and over,18,2,2,0,16,2,0,1,1,12
S01013018,All HRPs,387,267,242,25,120,33,2,19,28,38
S01013018,24 and under,4,2,2,0,2,2,0,0,0,0
S01013018,25 to 34,12,9,6,3,3,2,0,1,0,0
S01013018,35 to 49,117,84,73,11,33,14,1,7,7,4
S01013018,50 to 64,140,100,89,11,40,10,0,11,13,6
S01013018,65 to 74,58,43,43,0,15,3,0,0,7,5
S01013018,75 to 84,40,25,25,0,15,2,1,0,0,12
S01013018,85 and over,16,4,4,0,12,0,0,0,1,11
S01013019,All HRPs,355,236,199,37,119,54,5,10,20,30
S01013019,24 and under,14,5,0,5,9,9,0,0,0,0
S01013019,25 to 34,46,29,17,12,17,15,0,1,1,0
S01013019,35 to 49,133,98,87,11,35,19,0,5,10,1
S01013019,50 to 64,85,63,55,8,22,5,3,4,5,5
S01013019,65 to 74,37,22,21,1,15,2,0,0,2,11
S01013019,75 to 84,31,16,16,0,15,3,1,0,2,9
S01013019,85 and over,9,3,3,0,6,1,1,0,0,4
S01013020,All HRPs,226,113,85,28,113,27,5,2,29,50
S01013020,24 and under,7,3,0,3,4,4,0,0,0,0
S01013020,25 to 34,23,16,7,9,7,7,0,0,0,0
S01013020,35 to 49,40,24,18,6,16,7,0,1,8,0
S01013020,50 to 64,58,39,32,7,19,2,2,1,12,2
S01013020,65 to 74,38,15,13,2,23,4,1,0,7,11
S01013020,75 to 84,46,16,15,1,30,2,2,0,2,24
S01013020,85 and over,14,0,0,0,14,1,0,0,0,13
S01013021,All HRPs,187,118,101,17,69,25,1,5,20,18
S01013021,24 and under,5,2,0,2,3,3,0,0,0,0
S01013021,25 to 34,20,16,12,4,4,2,1,1,0,0
S01013021,35 to 49,60,34,25,9,26,13,0,2,11,0
S01013021,50 to 64,53,41,40,1,12,1,0,2,7,2
S01013021,65 to 74,23,15,14,1,8,4,0,0,1,3
S01013021,75 to 84,17,7,7,0,10,1,0,0,0,9
S01013021,85 and over,9,3,3,0,6,1,0,0,1,4
S01013022,All HRPs,186,85,63,22,101,57,4,6,20,14
S01013022,24 and under,13,4,0,4,9,9,0,0,0,0
S01013022,25 to 34,43,19,12,7,24,22,1,0,1,0
S01013022,35 to 49,69,35,25,10,34,14,1,4,14,1
S01013022,50 to 64,32,12,12,0,20,9,2,2,4,3
S01013022,65 to 74,17,11,11,0,6,2,0,0,1,3
S01013022,75 to 84,9,3,3,0,6,1,0,0,0,5
S01013022,85 and over,3,1,0,1,2,0,0,0,0,2
S01013023,All HRPs,337,257,241,16,80,17,5,10,13,35
S01013023,24 and under,1,1,0,1,0,0,0,0,0,0
S01013023,25 to 34,17,10,6,4,7,6,0,0,0,1
S01013023,35 to 49,95,78,70,8,17,2,2,7,5,1
S01013023,50 to 64,115,96,94,2,19,3,2,3,4,7
S01013023,65 to 74,63,48,48,0,15,5,0,0,3,7
S01013023,75 to 84,37,22,21,1,15,1,1,0,1,12
S01013023,85 and over,9,2,2,0,7,0,0,0,0,7
S01013024,All HRPs,227,141,124,17,86,22,4,7,16,37
S01013024,24 and under,6,1,0,1,5,5,0,0,0,0
S01013024,25 to 34,16,12,7,5,4,3,0,1,0,0
S01013024,35 to 49,56,41,36,5,15,4,1,3,7,0
S01013024,50 to 64,68,51,45,6,17,5,1,2,7,2
S01013024,65 to 74,36,21,21,0,15,2,1,0,2,10
S01013024,75 to 84,24,11,11,0,13,2,1,1,0,9
S01013024,85 and over,21,4,4,0,17,1,0,0,0,16
S01013025,All HRPs,211,142,123,19,69,23,5,8,16,17
S01013025,24 and under,1,1,0,1,0,0,0,0,0,0
S01013025,25 to 34,11,6,3,3,5,3,0,0,2,0
S01013025,35 to 49,62,42,33,9,20,11,1,3,5,0
S01013025,50 to 64,91,63,57,6,28,9,3,4,8,4
S01013025,65 to 74,25,18,18,0,7,0,0,1,1,5
S01013025,75 to 84,14,10,10,0,4,0,0,0,0,4
S01013025,85 and over,7,2,2,0,5,0,1,0,0,4
S01013026,All HRPs,410,237,188,49,173,69,2,23,38,41
S01013026,24 and under,11,4,0,4,7,7,0,0,0,0
S01013026,25 to 34,71,44,29,15,27,20,0,4,3,0
S01013026,35 to 49,141,81,62,19,60,27,1,13,17,2
S01013026,50 to 64,116,72,65,7,44,12,0,6,16,10
S01013026,65 to 74,36,20,18,2,16,2,1,0,2,11
S01013026,75 to 84,33,16,14,2,17,1,0,0,0,16
S01013026,85 and over,2,0,0,0,2,0,0,0,0,2
S01013027,All HRPs,422,193,152,41,229,86,3,20,52,68
S01013027,24 and under,18,6,1,5,12,11,0,0,0,1
S01013027,25 to 34,52,23,9,14,29,25,1,1,2,0
S01013027,35 to 49,126,56,43,13,70,35,1,9,23,2
S01013027,50 to 64,112,68,61,7,44,6,0,9,23,6
S01013027,65 to 74,58,26,25,1,32,2,1,1,4,24
S01013027,75 to 84,44,14,13,1,30,5,0,0,0,25
S01013027,85 and over,12,0,0,0,12,2,0,0,0,10
S01013028,All HRPs,191,124,98,26,67,23,0,5,18,21
S01013028,24 and under,5,3,1,2,2,2,0,0,0,0
S01013028,25 to 34,18,12,4,8,6,5,0,1,0,0
S01013028,35 to 49,65,43,35,8,22,10,0,3,8,1
S01013028,50 to 64,60,44,39,5,16,3,0,1,10,2
S01013028,65 to 74,23,14,11,3,9,1,0,0,0,8
S01013028,75 to 84,15,8,8,0,7,1,0,0,0,6
S01013028,85 and over,5,0,0,0,5,1,0,0,0,4
S01013029,All HRPs,269,133,103,30,136,53,2,14,25,42
S01013029,24 and under,11,7,2,5,4,4,0,0,0,0
S01013029,25 to 34,28,18,7,11,10,8,0,1,1,0
S01013029,35 to 49,65,28,20,8,37,25,0,4,8,0
S01013029,50 to 64,72,40,34,6,32,10,1,7,10,4
S01013029,65 to 74,48,25,25,0,23,2,1,2,4,14
S01013029,75 to 84,40,14,14,0,26,3,0,0,2,21
S01013029,85 and over,5,1,1,0,4,1,0,0,0,3
S01013030,All HRPs,225,137,100,37,88,35,2,13,19,19
S01013030,24 and under,4,2,0,2,2,2,0,0,0,0
S01013030,25 to 34,25,15,7,8,10,9,0,0,1,0
S01013030,35 to 49,77,42,23,19,35,16,0,11,7,1
S01013030,50 to 64,74,56,51,5,18,6,1,2,4,5
S01013030,65 to 74,26,14,13,1,12,2,1,0,4,5
S01013030,75 to 84,17,7,5,2,10,0,0,0,3,7
S01013030,85 and over,2,1,1,0,1,0,0,0,0,1
S01013031,All HRPs,291,115,88,27,176,77,2,22,40,35
S01013031,24 and under,15,5,0,5,10,10,0,0,0,0
S01013031,25 to 34,51,18,11,7,33,27,0,5,1,0
S01013031,35 to 49,85,37,29,8,48,25,0,10,13,0
S01013031,50 to 64,82,33,29,4,49,11,2,6,21,9
S01013031,65 to 74,37,16,13,3,21,3,0,1,5,12
S01013031,75 to 84,16,6,6,0,10,0,0,0,0,10
S01013031,85 and over,5,0,0,0,5,1,0,0,0,4
S01013032,All HRPs,309,208,160,48,101,53,4,20,16,8
S01013032,24 and under,7,1,0,1,6,6,0,0,0,0
S01013032,25 to 34,77,41,24,17,36,31,1,3,1,0
S01013032,35 to 49,146,109,88,21,37,14,0,16,6,1
S01013032,50 to 64,60,44,36,8,16,2,3,1,8,2
S01013032,65 to 74,16,11,11,0,5,0,0,0,1,4
S01013032,75 to 84,2,2,1,1,0,0,0,0,0,0
S01013032,85 and over,1,0,0,0,1,0,0,0,0,1
S01013033,All HRPs,276,168,121,47,108,61,1,13,14,19
S01013033,24 and under,12,5,0,5,7,7,0,0,0,0
S01013033,25 to 34,79,48,29,19,31,28,0,3,0,0
S01013033,35 to 49,107,70,55,15,37,24,0,6,6,1
S01013033,50 to 64,48,30,24,6,18,2,1,3,7,5
S01013033,65 to 74,16,11,9,2,5,0,0,1,1,3
S01013033,75 to 84,11,4,4,0,7,0,0,0,0,7
S01013033,85 and over,3,0,0,0,3,0,0,0,0,3
S01013034,All HRPs,296,169,131,38,127,44,1,10,36,36
S01013034,24 and under,13,5,0,5,8,8,0,0,0,0
S01013034,25 to 34,37,24,11,13,13,12,0,0,1,0
S01013034,35 to 49,83,43,35,8,40,17,0,5,15,3
S01013034,50 to 64,80,55,45,10,25,5,1,4,12,3
S01013034,65 to 74,56,33,31,2,23,2,0,0,7,14
S01013034,75 to 84,25,9,9,0,16,0,0,1,1,14
S01013034,85 and over,2,0,0,0,2,0,0,0,0,2
S01013035,All HRPs,300,134,92,42,166,62,1,20,40,43
S01013035,24 and under,20,4,1,3,16,16,0,0,0,0
S01013035,25 to 34,40,21,6,15,19,14,0,3,1,1
S01013035,35 to 49,92,39,23,16,53,23,0,11,16,3
S01013035,50 to 64,76,40,35,5,36,6,0,5,15,10
S01013035,65 to 74,34,18,16,2,16,2,0,1,5,8
S01013035,75 to 84,34,12,11,1,22,1,1,0,3,17
S01013035,85 and over,4,0,0,0,4,0,0,0,0,4
S01013036,All HRPs,280,146,116,30,134,53,2,15,28,36
S01013036,24 and under,10,4,1,3,6,6,0,0,0,0
S01013036,25 to 34,38,16,10,6,22,16,1,2,3,0
S01013036,35 to 49,93,53,38,15,40,17,0,9,14,0
S01013036,50 to 64,88,57,53,4,31,12,1,3,8,7
S01013036,65 to 74,33,11,11,0,22,1,0,1,3,17
S01013036,75 to 84,14,5,3,2,9,0,0,0,0,9
S01013036,85 and over,4,0,0,0,4,1,0,0,0,3
S01013037,All HRPs,283,201,170,31,82,25,3,11,22,21
S01013037,24 and under,7,2,0,2,5,5,0,0,0,0
S01013037,25 to 34,23,18,6,12,5,5,0,0,0,0
S01013037,35 to 49,98,72,60,12,26,6,2,6,7,5
S01013037,50 to 64,102,73,68,5,29,8,1,5,12,3
S01013037,65 to 74,30,24,24,0,6,0,0,0,1,5
S01013037,75 to 84,18,11,11,0,7,1,0,0,2,4
S01013037,85 and over,5,1,1,0,4,0,0,0,0,4
S01013038,All HRPs,434,205,162,43,229,84,6,31,41,67
S01013038,24 and under,12,5,0,5,7,7,0,0,0,0
S01013038,25 to 34,56,22,8,14,34,30,0,4,0,0
S01013038,35 to 49,133,75,57,18,58,26,1,15,15,1
S01013038,50 to 64,109,61,57,4,48,12,2,9,17,8
S01013038,65 to 74,44,18,16,2,26,4,1,3,8,10
S01013038,75 to 84,56,21,21,0,35,5,1,0,1,28
S01013038,85 and over,24,3,3,0,21,0,1,0,0,20
S01013039,All HRPs,178,145,127,18,33,9,0,4,9,11
S01013039,24 and under,0,0,0,0,0,0,0,0,0,0
S01013039,25 to 34,14,11,6,5,3,2,0,1,0,0
S01013039,35 to 49,74,61,52,9,13,4,0,2,7,0
S01013039,50 to 64,71,60,57,3,11,3,0,1,2,5
S01013039,65 to 74,12,9,8,1,3,0,0,0,0,3
S01013039,75 to 84,6,4,4,0,2,0,0,0,0,2
S01013039,85 and over,1,0,0,0,1,0,0,0,0,1
S01013040,All HRPs,324,142,115,27,182,53,8,15,40,66
S01013040,24 and under,8,1,0,1,7,7,0,0,0,0
S01013040,25 to 34,40,15,1,14,25,21,2,1,1,0
S01013040,35 to 49,71,42,35,7,29,17,0,4,8,0
S01013040,50 to 64,81,44,40,4,37,5,2,3,20,7
S01013040,65 to 74,67,27,26,1,40,1,3,5,8,23
S01013040,75 to 84,45,12,12,0,33,0,1,2,2,28
S01013040,85 and over,12,1,1,0,11,2,0,0,1,8
S01013041,All HRPs,257,138,110,28,119,52,0,9,28,30
S01013041,24 and under,12,4,0,4,8,8,0,0,0,0
S01013041,25 to 34,35,20,8,12,15,13,0,2,0,0
S01013041,35 to 49,69,43,33,10,26,19,0,1,5,1
S01013041,50 to 64,86,48,46,2,38,5,0,5,23,5
S01013041,65 to 74,25,13,13,0,12,4,0,1,0,7
S01013041,75 to 84,23,9,9,0,14,1,0,0,0,13
S01013041,85 and over,7,1,1,0,6,2,0,0,0,4
S01013042,All HRPs,318,194,151,43,124,50,1,15,30,28
S01013042,24 and under,8,2,0,2,6,5,1,0,0,0
S01013042,25 to 34,49,29,17,12,20,16,0,3,1,0
S01013042,35 to 49,132,91,66,25,41,21,0,10,9,1
S01013042,50 to 64,72,50,46,4,22,6,0,2,14,0
S01013042,65 to 74,31,12,12,0,19,2,0,0,4,13
S01013042,75 to 84,22,10,10,0,12,0,0,0,2,10
S01013042,85 and over,4,0,0,0,4,0,0,0,0,4
S01013043,All HRPs,278,137,108,29,141,44,3,11,33,50
S01013043,24 and under,10,5,1,4,5,4,1,0,0,0
S01013043,25 to 34,38,22,9,13,16,14,0,1,1,0
S01013043,35 to 49,77,41,36,5,36,17,1,5,12,1
S01013043,50 to 64,82,46,40,6,36,8,1,5,14,8
S01013043,65 to 74,35,15,15,0,20,1,0,0,4,15
S01013043,75 to 84,30,7,7,0,23,0,0,0,2,21
S01013043,85 and over,6,1,0,1,5,0,0,0,0,5
S01013044,All HRPs,323,174,137,37,149,52,2,21,39,35
S01013044,24 and under,6,3,1,2,3,3,0,0,0,0
S01013044,25 to 34,40,16,8,8,24,21,0,1,2,0
S01013044,35 to 49,98,54,39,15,44,12,2,14,15,1
S01013044,50 to 64,97,62,51,11,35,10,0,5,14,6
S01013044,65 to 74,52,25,24,1,27,4,0,1,6,16
S01013044,75 to 84,27,14,14,0,13,2,0,0,2,9
S01013044,85 and over,3,0,0,0,3,0,0,0,0,3
S01013045,All HRPs,277,161,138,23,116,43,0,13,30,30
S01013045,24 and under,5,0,0,0,5,5,0,0,0,0
S01013045,25 to 34,41,20,15,5,21,15,0,3,2,1
S01013045,35 to 49,97,65,54,11,32,15,0,8,8,1
S01013045,50 to 64,76,53,47,6,23,6,0,1,14,2
S01013045,65 to 74,21,8,8,0,13,2,0,1,5,5
S01013045,75 to 84,25,12,11,1,13,0,0,0,0,13
S01013045,85 and over,12,3,3,0,9,0,0,0,1,8
S01013046,All HRPs,214,113,86,27,101,30,0,17,25,29
S01013046,24 and under,6,3,0,3,3,3,0,0,0,0
S01013046,25 to 34,28,15,7,8,13,10,0,2,1,0
S01013046,35 to 49,54,30,24,6,24,8,0,9,7,0
S01013046,50 to 64,62,38,32,6,24,5,0,6,8,5
S01013046,65 to 74,41,21,19,2,20,3,0,0,6,11
S01013046,75 to 84,19,5,3,2,14,1,0,0,3,10
S01013046,85 and over,4,1,1,0,3,0,0,0,0,3
S01013047,All HRPs,350,259,222,37,91,39,2,7,23,20
S01013047,24 and under,3,1,0,1,2,2,0,0,0,0
S01013047,25 to 34,55,43,27,16,12,12,0,0,0,0
S01013047,35 to 49,157,126,112,14,31,14,2,5,10,0
S01013047,50 to 64,92,69,63,6,23,7,0,2,9,5
S01013047,65 to 74,30,18,18,0,12,2,0,0,4,6
S01013047,75 to 84,10,2,2,0,8,2,0,0,0,6
S01013047,85 and over,3,0,0,0,3,0,0,0,0,3
S01013048,All HRPs,401,205,159,46,196,114,0,16,40,26
S01013048,24 and under,19,4,0,4,15,15,0,0,0,0
S01013048,25 to 34,86,37,12,25,49,47,0,0,2,0
S01013048,35 to 49,142,74,61,13,68,37,0,9,22,0
S01013048,50 to 64,88,57,54,3,31,9,0,6,12,4
S01013048,65 to 74,35,21,21,0,14,2,0,1,2,9
S01013048,75 to 84,26,11,10,1,15,3,0,0,2,10
S01013048,85 and over,5,1,1,0,4,1,0,0,0,3
S01013049,All HRPs,354,218,187,31,136,60,0,17,25,34
S01013049,24 and under,3,2,0,2,1,1,0,0,0,0
S01013049,25 to 34,46,25,15,10,21,20,0,1,0,0
S01013049,35 to 49,112,68,53,15,44,22,0,12,9,1
S01013049,50 to 64,107,77,74,3,30,7,0,4,13,6
S01013049,65 to 74,54,28,27,1,26,6,0,0,3,17
S01013049,75 to 84,27,16,16,0,11,3,0,0,0,8
S01013049,85 and over,5,2,2,0,3,1,0,0,0,2
S01013050,All HRPs,351,160,132,28,191,77,4,15,42,53
S01013050,24 and under,9,4,0,4,5,5,0,0,0,0
S01013050,25 to 34,42,18,8,10,24,20,2,0,2,0
S01013050,35 to 49,85,34,24,10,51,31,0,7,13,0
S01013050,50 to 64,126,66,63,3,60,16,1,6,23,14
S01013050,65 to 74,56,28,27,1,28,3,0,1,4,20
S01013050,75 to 84,26,9,9,0,17,1,1,1,0,14
S01013050,85 and over,7,1,1,0,6,1,0,0,0,5
S01013051,All HRPs,422,195,155,40,227,86,4,16,57,64
S01013051,24 and under,14,6,1,5,8,8,0,0,0,0
S01013051,25 to 34,37,20,11,9,17,13,0,4,0,0
S01013051,35 to 49,131,67,50,17,64,33,1,8,22,0
S01013051,50 to 64,110,62,55,7,48,16,1,4,22,5
S01013051,65 to 74,51,18,18,0,33,9,0,0,9,15
S01013051,75 to 84,57,19,18,1,38,6,2,0,3,27
S01013051,85 and over,22,3,2,1,19,1,0,0,1,17
S01013052,All HRPs,391,154,125,29,237,69,6,33,40,89
S01013052,24 and under,13,3,0,3,10,10,0,0,0,0
S01013052,25 to 34,41,18,5,13,23,19,0,4,0,0
S01013052,35 to 49,90,35,28,7,55,25,1,12,16,1
S01013052,50 to 64,100,54,49,5,46,9,1,12,12,12
S01013052,65 to 74,51,18,18,0,33,4,2,4,6,17
S01013052,75 to 84,72,22,21,1,50,1,1,1,5,42
S01013052,85 and over,24,4,4,0,20,1,1,0,1,17
S01013053,All HRPs,337,102,75,27,235,110,5,21,60,39
S01013053,24 and under,17,5,0,5,12,12,0,0,0,0
S01013053,25 to 34,44,11,4,7,33,28,2,1,2,0
S01013053,35 to 49,91,29,21,8,62,32,2,9,19,0
S01013053,50 to 64,87,33,27,6,54,21,1,8,21,3
S01013053,65 to 74,48,16,15,1,32,7,0,3,10,12
S01013053,75 to 84,40,7,7,0,33,9,0,0,8,16
S01013053,85 and over,10,1,1,0,9,1,0,0,0,8
S01013054,All HRPs,305,171,128,43,134,38,1,7,28,60
S01013054,24 and under,7,1,0,1,6,6,0,0,0,0
S01013054,25 to 34,29,18,8,10,11,11,0,0,0,0
S01013054,35 to 49,87,60,39,21,27,12,0,2,11,2
S01013054,50 to 64,81,54,45,9,27,4,0,3,13,7
S01013054,65 to 74,45,21,20,1,24,1,1,2,2,18
S01013054,75 to 84,42,11,10,1,31,4,0,0,2,25
S01013054,85 and over,14,6,6,0,8,0,0,0,0,8
S01013055,All HRPs,336,137,94,43,199,79,2,15,44,59
S01013055,24 and under,14,3,0,3,11,11,0,0,0,0
S01013055,25 to 34,54,26,9,17,28,24,0,1,3,0
S01013055,35 to 49,86,46,31,15,40,19,0,4,16,1
S01013055,50 to 64,73,37,31,6,36,13,0,4,14,5
S01013055,65 to 74,49,17,15,2,32,8,0,5,6,13
S01013055,75 to 84,42,7,7,0,35,3,2,1,5,24
S01013055,85 and over,18,1,1,0,17,1,0,0,0,16
S01013056,All HRPs,431,196,157,39,235,91,3,22,48,71
S01013056,24 and under,15,7,2,5,8,8,0,0,0,0
S01013056,25 to 34,49,21,14,7,28,25,0,3,0,0
S01013056,35 to 49,124,53,39,14,71,33,1,11,25,1
S01013056,50 to 64,102,61,53,8,41,16,2,6,12,5
S01013056,65 to 74,60,31,28,3,29,6,0,1,8,14
S01013056,75 to 84,63,21,19,2,42,2,0,1,3,36
S01013056,85 and over,18,2,2,0,16,1,0,0,0,15
S01013057,All HRPs,369,139,98,41,230,117,1,20,60,32
S01013057,24 and under,18,6,1,5,12,11,0,1,0,0
S01013057,25 to 34,71,25,11,14,46,42,0,3,1,0
S01013057,35 to 49,134,42,30,12,92,47,1,9,31,4
S01013057,50 to 64,84,40,30,10,44,13,0,5,22,4
S01013057,65 to 74,34,11,11,0,23,2,0,2,5,14
S01013057,75 to 84,26,14,14,0,12,2,0,0,1,9
S01013057,85 and over,2,1,1,0,1,0,0,0,0,1
S01013058,All HRPs,213,158,130,28,55,24,2,6,13,10
S01013058,24 and under,5,4,0,4,1,1,0,0,0,0
S01013058,25 to 34,51,39,26,13,12,12,0,0,0,0
S01013058,35 to 49,103,79,71,8,24,9,1,4,6,4
S01013058,50 to 64,41,31,28,3,10,2,1,2,5,0
S01013058,65 to 74,9,4,4,0,5,0,0,0,2,3
S01013058,75 to 84,3,1,1,0,2,0,0,0,0,2
S01013058,85 and over,1,0,0,0,1,0,0,0,0,1
S01013059,All HRPs,406,198,170,28,208,68,11,10,25,94
S01013059,24 and under,7,3,0,3,4,4,0,0,0,0
S01013059,25 to 34,45,15,5,10,30,28,0,1,1,0
S01013059,35 to 49,85,54,47,7,31,16,6,2,7,0
S01013059,50 to 64,79,51,46,5,28,7,2,4,9,6
S01013059,65 to 74,68,37,35,2,31,5,1,2,6,17
S01013059,75 to 84,85,30,29,1,55,7,2,1,1,44
S01013059,85 and over,37,8,8,0,29,1,0,0,1,27
S01013060,All HRPs,227,132,118,14,95,44,4,3,16,28
S01013060,24 and under,5,0,0,0,5,5,0,0,0,0
S01013060,25 to 34,27,15,6,9,12,11,1,0,0,0
S01013060,35 to 49,50,31,28,3,19,15,1,1,2,0
S01013060,50 to 64,72,49,47,2,23,8,1,1,10,3
S01013060,65 to 74,33,21,21,0,12,2,0,1,2,7
S01013060,75 to 84,30,15,15,0,15,3,1,0,1,10
S01013060,85 and over,10,1,1,0,9,0,0,0,1,8
S01013061,All HRPs,362,245,229,16,117,28,6,6,22,55
S01013061,24 and under,5,2,0,2,3,3,0,0,0,0
S01013061,25 to 34,23,16,12,4,7,6,0,1,0,0
S01013061,35 to 49,76,59,51,8,17,10,2,2,2,1
S01013061,50 to 64,95,69,67,2,26,4,2,2,13,5
S01013061,65 to 74,80,54,54,0,26,4,2,1,2,17
S01013061,75 to 84,65,39,39,0,26,0,0,0,5,21
S01013061,85 and over,18,6,6,0,12,1,0,0,0,11
S01013062,All HRPs,403,218,185,33,185,76,6,8,22,73
S01013062,24 and under,16,4,2,2,12,12,0,0,0,0
S01013062,25 to 34,31,18,9,9,13,13,0,0,0,0
S01013062,35 to 49,101,63,52,11,38,21,6,3,6,2
S01013062,50 to 64,101,70,65,5,31,18,0,4,5,4
S01013062,65 to 74,54,31,27,4,23,4,0,1,6,12
S01013062,75 to 84,72,29,27,2,43,5,0,0,5,33
S01013062,85 and over,28,3,3,0,25,3,0,0,0,22
S01013063,All HRPs,371,201,179,22,170,66,6,12,32,54
S01013063,24 and under,18,2,0,2,16,16,0,0,0,0
S01013063,25 to 34,22,4,1,3,18,16,0,0,2,0
S01013063,35 to 49,84,61,52,9,23,11,2,3,7,0
S01013063,50 to 64,116,83,75,8,33,6,3,7,15,2
S01013063,65 to 74,60,26,26,0,34,10,1,0,6,17
S01013063,75 to 84,50,25,25,0,25,5,0,1,2,17
S01013063,85 and over,21,0,0,0,21,2,0,1,0,18
S01013064,All HRPs,386,215,178,37,171,51,1,10,43,66
S01013064,24 and under,12,4,1,3,8,8,0,0,0,0
S01013064,25 to 34,34,24,10,14,10,8,0,2,0,0
S01013064,35 to 49,101,67,54,13,34,15,1,5,12,1
S01013064,50 to 64,87,46,40,6,41,11,0,3,20,7
S01013064,65 to 74,85,48,47,1,37,4,0,0,7,26
S01013064,75 to 84,56,23,23,0,33,4,0,0,4,25
S01013064,85 and over,11,3,3,0,8,1,0,0,0,7
S01013065,All HRPs,415,172,129,43,243,113,2,21,48,59
S01013065,24 and under,23,6,0,6,17,17,0,0,0,0
S01013065,25 to 34,79,43,18,25,36,30,0,4,2,0
S01013065,35 to 49,114,45,35,10,69,37,0,12,18,2
S01013065,50 to 64,80,29,29,0,51,15,0,4,22,10
S01013065,65 to 74,64,30,28,2,34,5,0,1,3,25
S01013065,75 to 84,39,16,16,0,23,7,1,0,3,12
S01013065,85 and over,16,3,3,0,13,2,1,0,0,10
S01013066,All HRPs,347,155,124,31,192,104,1,19,39,29
S01013066,24 and under,19,4,1,3,15,15,0,0,0,0
S01013066,25 to 34,70,23,13,10,47,37,0,4,5,1
S01013066,35 to 49,106,49,37,12,57,35,0,12,10,0
S01013066,50 to 64,88,51,45,6,37,13,0,2,17,5
S01013066,65 to 74,32,18,18,0,14,2,0,1,5,6
S01013066,75 to 84,24,7,7,0,17,1,1,0,2,13
S01013066,85 and over,8,3,3,0,5,1,0,0,0,4
S01013067,All HRPs,396,87,29,58,309,251,10,7,32,9
S01013067,24 and under,139,21,1,20,118,118,0,0,0,0
S01013067,25 to 34,123,30,9,21,93,84,6,1,2,0
S01013067,35 to 49,76,24,11,13,52,36,2,2,12,0
S01013067,50 to 64,39,8,4,4,31,10,1,3,16,1
S01013067,65 to 74,13,4,4,0,9,3,1,1,2,2
S01013067,75 to 84,3,0,0,0,3,0,0,0,0,3
S01013067,85 and over,3,0,0,0,3,0,0,0,0,3
S01013068,All HRPs,406,92,47,45,314,205,7,23,53,26
S01013068,24 and under,88,16,1,15,72,72,0,0,0,0
S01013068,25 to 34,91,23,9,14,68,63,1,4,0,0
S01013068,35 to 49,104,24,15,9,80,45,2,13,19,1
S01013068,50 to 64,75,20,15,5,55,17,2,4,27,5
S01013068,65 to 74,27,6,5,1,21,6,0,2,5,8
S01013068,75 to 84,16,3,2,1,13,1,1,0,2,9
S01013068,85 and over,5,0,0,0,5,1,1,0,0,3
S01013069,All HRPs,350,89,48,41,261,211,3,10,21,16
S01013069,24 and under,121,14,0,14,107,107,0,0,0,0
S01013069,25 to 34,66,27,11,16,39,38,0,0,1,0
S01013069,35 to 49,85,21,14,7,64,45,2,7,10,0
S01013069,50 to 64,52,20,17,3,32,14,1,3,10,4
S01013069,65 to 74,10,3,2,1,7,5,0,0,0,2
S01013069,75 to 84,11,3,3,0,8,1,0,0,0,7
S01013069,85 and over,5,1,1,0,4,1,0,0,0,3
S01013070,All HRPs,301,78,34,44,223,160,5,13,33,12
S01013070,24 and under,87,14,1,13,73,73,0,0,0,0
S01013070,25 to 34,78,25,9,16,53,48,2,2,0,1
S01013070,35 to 49,68,25,14,11,43,25,2,6,10,0
S01013070,50 to 64,36,9,5,4,27,9,0,3,14,1
S01013070,65 to 74,19,3,3,0,16,2,1,1,6,6
S01013070,75 to 84,12,2,2,0,10,3,0,1,3,3
S01013070,85 and over,1,0,0,0,1,0,0,0,0,1
S01013071,All HRPs,359,83,30,53,276,224,7,11,24,10
S01013071,24 and under,142,21,0,21,121,121,0,0,0,0
S01013071,25 to 34,81,30,11,19,51,47,2,2,0,0
S01013071,35 to 49,69,13,6,7,56,34,2,4,15,1
S01013071,50 to 64,51,17,11,6,34,18,3,4,7,2
S01013071,65 to 74,8,1,1,0,7,1,0,1,2,3
S01013071,75 to 84,7,1,1,0,6,3,0,0,0,3
S01013071,85 and over,1,0,0,0,1,0,0,0,0,1
S01013072,All HRPs,227,103,79,24,124,35,0,16,34,39
S01013072,24 and under,6,2,0,2,4,4,0,0,0,0
S01013072,25 to 34,21,11,4,7,10,5,0,4,1,0
S01013072,35 to 49,62,32,22,10,30,12,0,5,11,2
S01013072,50 to 64,79,40,35,5,39,12,0,4,14,9
S01013072,65 to 74,35,15,15,0,20,1,0,2,7,10
S01013072,75 to 84,21,3,3,0,18,0,0,1,1,16
S01013072,85 and over,3,0,0,0,3,1,0,0,0,2
S01013073,All HRPs,352,121,69,52,231,148,3,23,37,20
S01013073,24 and under,53,12,2,10,41,41,0,0,0,0
S01013073,25 to 34,108,48,17,31,60,56,0,3,1,0
S01013073,35 to 49,95,27,22,5,68,32,0,14,20,2
S01013073,50 to 64,59,23,20,3,36,10,1,6,15,4
S01013073,65 to 74,22,7,5,2,15,6,1,0,0,8
S01013073,75 to 84,15,4,3,1,11,3,1,0,1,6
S01013073,85 and over,0,0,0,0,0,0,0,0,0,0
S01013074,All HRPs,302,101,70,31,201,87,2,27,39,46
S01013074,24 and under,13,2,1,1,11,11,0,0,0,0
S01013074,25 to 34,52,12,3,9,40,37,1,2,0,0
S01013074,35 to 49,90,36,23,13,54,25,1,14,10,4
S01013074,50 to 64,91,39,33,6,52,11,0,9,23,9
S01013074,65 to 74,29,8,7,1,21,2,0,1,4,14
S01013074,75 to 84,17,3,2,1,14,1,0,1,2,10
S01013074,85 and over,10,1,1,0,9,0,0,0,0,9
S01013075,All HRPs,481,128,89,39,353,155,5,22,79,92
S01013075,24 and under,25,4,0,4,21,21,0,0,0,0
S01013075,25 to 34,50,8,5,3,42,34,3,0,5,0
S01013075,35 to 49,106,39,25,14,67,45,1,11,9,1
S01013075,50 to 64,134,36,22,14,98,35,0,8,38,17
S01013075,65 to 74,88,24,20,4,64,14,1,2,20,27
S01013075,75 to 84,60,14,14,0,46,5,0,1,7,33
S01013075,85 and over,18,3,3,0,15,1,0,0,0,14
S01013076,All HRPs,172,98,71,27,74,34,1,9,15,15
S01013076,24 and under,21,2,0,2,19,19,0,0,0,0
S01013076,25 to 34,28,22,12,10,6,5,0,0,1,0
S01013076,35 to 49,65,44,31,13,21,6,0,5,5,5
S01013076,50 to 64,38,22,20,2,16,3,1,3,6,3
S01013076,65 to 74,13,5,5,0,8,0,0,1,3,4
S01013076,75 to 84,6,3,3,0,3,1,0,0,0,2
S01013076,85 and over,1,0,0,0,1,0,0,0,0,1
S01013077,All HRPs,297,130,100,30,167,59,3,21,43,41
S01013077,24 and under,17,4,2,2,13,13,0,0,0,0
S01013077,25 to 34,42,19,8,11,23,17,2,4,0,0
S01013077,35 to 49,79,35,28,7,44,16,1,14,12,1
S01013077,50 to 64,82,37,30,7,45,11,0,1,28,5
S01013077,65 to 74,48,26,23,3,22,1,0,2,3,16
S01013077,75 to 84,23,8,8,0,15,1,0,0,0,14
S01013077,85 and over,6,1,1,0,5,0,0,0,0,5
S01013078,All HRPs,252,99,71,28,153,75,0,17,38,23
S01013078,24 and under,19,6,0,6,13,12,0,0,1,0
S01013078,25 to 34,46,20,9,11,26,25,0,1,0,0
S01013078,35 to 49,83,29,23,6,54,29,0,9,15,1
S01013078,50 to 64,67,30,26,4,37,7,0,5,20,5
S01013078,65 to 74,22,12,11,1,10,0,0,2,1,7
S01013078,75 to 84,6,1,1,0,5,0,0,0,0,5
S01013078,85 and over,9,1,1,0,8,2,0,0,1,5
S01013079,All HRPs,376,248,206,42,128,61,3,18,31,15
S01013079,24 and under,10,4,0,4,6,6,0,0,0,0
S01013079,25 to 34,57,29,16,13,28,23,2,2,1,0
S01013079,35 to 49,186,136,116,20,50,23,1,10,14,2
S01013079,50 to 64,77,54,50,4,23,5,0,6,11,1
S01013079,65 to 74,35,21,20,1,14,3,0,0,4,7
S01013079,75 to 84,8,4,4,0,4,1,0,0,1,2
S01013079,85 and over,3,0,0,0,3,0,0,0,0,3
S01013080,All HRPs,374,198,163,35,176,70,5,12,36,53
S01013080,24 and under,34,4,0,4,30,30,0,0,0,0
S01013080,25 to 34,34,15,7,8,19,15,1,2,1,0
S01013080,35 to 49,89,70,58,12,19,5,1,5,8,0
S01013080,50 to 64,98,65,54,11,33,10,2,3,16,2
S01013080,65 to 74,45,23,23,0,22,2,0,2,9,9
S01013080,75 to 84,46,15,15,0,31,6,1,0,1,23
S01013080,85 and over,28,6,6,0,22,2,0,0,1,19
S01013081,All HRPs,280,190,169,21,90,24,4,5,16,41
S01013081,24 and under,6,0,0,0,6,6,0,0,0,0
S01013081,25 to 34,20,14,11,3,6,5,0,0,1,0
S01013081,35 to 49,66,55,44,11,11,2,1,3,5,0
S01013081,50 to 64,96,70,65,5,26,7,2,2,7,8
S01013081,65 to 74,54,36,34,2,18,3,0,0,3,12
S01013081,75 to 84,30,14,14,0,16,0,1,0,0,15
S01013081,85 and over,8,1,1,0,7,1,0,0,0,6
S01013082,All HRPs,395,237,214,23,158,54,2,13,23,66
S01013082,24 and under,9,1,0,1,8,8,0,0,0,0
S01013082,25 to 34,30,17,13,4,13,13,0,0,0,0
S01013082,35 to 49,98,65,56,9,33,20,1,3,6,3
S01013082,50 to 64,125,97,89,8,28,6,0,7,9,6
S01013082,65 to 74,67,37,36,1,30,6,0,3,4,17
S01013082,75 to 84,49,15,15,0,34,0,0,0,4,30
S01013082,85 and over,17,5,5,0,12,1,1,0,0,10
S01013083,All HRPs,187,133,119,14,54,14,0,4,15,21
S01013083,24 and under,3,0,0,0,3,2,0,0,1,0
S01013083,25 to 34,11,7,5,2,4,4,0,0,0,0
S01013083,35 to 49,61,48,42,6,13,7,0,1,4,1
S01013083,50 to 64,57,43,38,5,14,0,0,3,8,3
S01013083,65 to 74,28,16,16,0,12,1,0,0,2,9
S01013083,75 to 84,23,16,15,1,7,0,0,0,0,7
S01013083,85 and over,4,3,3,0,1,0,0,0,0,1
S01013084,All HRPs,307,227,209,18,80,14,3,10,8,45
S01013084,24 and under,1,0,0,0,1,1,0,0,0,0
S01013084,25 to 34,14,9,6,3,5,2,1,0,1,1
S01013084,35 to 49,72,61,52,9,11,0,0,5,3,3
S01013084,50 to 64,94,78,73,5,16,6,1,3,1,5
S01013084,65 to 74,58,42,41,1,16,0,0,2,1,13
S01013084,75 to 84,46,27,27,0,19,4,1,0,2,12
S01013084,85 and over,22,10,10,0,12,1,0,0,0,11
S01013085,All HRPs,259,102,81,21,157,29,5,11,38,74
S01013085,24 and under,1,0,0,0,1,1,0,0,0,0
S01013085,25 to 34,25,17,9,8,8,8,0,0,0,0
S01013085,35 to 49,57,33,23,10,24,9,2,7,6,0
S01013085,50 to 64,53,27,24,3,26,5,0,2,14,5
S01013085,65 to 74,40,12,12,0,28,1,0,2,12,13
S01013085,75 to 84,48,10,10,0,38,4,2,0,6,26
S01013085,85 and over,35,3,3,0,32,1,1,0,0,30
S01013086,All HRPs,448,183,143,40,265,142,9,13,49,52
S01013086,24 and under,39,3,0,3,36,35,0,0,1,0
S01013086,25 to 34,77,31,13,18,46,39,5,0,2,0
S01013086,35 to 49,117,63,48,15,54,33,4,6,10,1
S01013086,50 to 64,105,45,44,1,60,19,0,6,28,7
S01013086,65 to 74,47,24,22,2,23,10,0,0,6,7
S01013086,75 to 84,39,15,14,1,24,4,0,1,2,17
S01013086,85 and over,24,2,2,0,22,2,0,0,0,20
S01013087,All HRPs,327,214,196,18,113,52,7,6,24,24
S01013087,24 and under,20,1,0,1,19,19,0,0,0,0
S01013087,25 to 34,19,8,7,1,11,7,4,0,0,0
S01013087,35 to 49,95,72,60,12,23,17,1,0,5,0
S01013087,50 to 64,103,80,76,4,23,8,1,5,8,1
S01013087,65 to 74,50,37,37,0,13,0,0,1,8,4
S01013087,75 to 84,32,14,14,0,18,1,1,0,3,13
S01013087,85 and over,8,2,2,0,6,0,0,0,0,6
S01013088,All HRPs,388,286,271,15,102,27,9,7,19,40
S01013088,24 and under,3,0,0,0,3,3,0,0,0,0
S01013088,25 to 34,20,12,10,2,8,6,0,1,1,0
S01013088,35 to 49,94,70,65,5,24,10,2,4,6,2
S01013088,50 to 64,127,110,103,7,17,3,5,0,5,4
S01013088,65 to 74,81,63,62,1,18,4,1,1,2,10
S01013088,75 to 84,41,20,20,0,21,0,1,1,4,15
S01013088,85 and over,22,11,11,0,11,1,0,0,1,9
S01013089,All HRPs,359,177,143,34,182,78,2,17,36,49
S01013089,24 and under,19,6,0,6,13,10,0,3,0,0
S01013089,25 to 34,52,25,13,12,27,26,0,0,1,0
S01013089,35 to 49,77,45,37,8,32,17,1,8,6,0
S01013089,50 to 64,84,53,46,7,31,10,0,2,15,4
S01013089,65 to 74,68,30,30,0,38,8,0,2,10,18
S01013089,75 to 84,45,16,15,1,29,5,1,2,3,18
S01013089,85 and over,14,2,2,0,12,2,0,0,1,9
S01013090,All HRPs,349,160,113,47,189,133,2,12,20,22
S01013090,24 and under,62,12,0,12,50,49,0,0,1,0
S01013090,25 to 34,85,36,13,23,49,49,0,0,0,0
S01013090,35 to 49,88,53,44,9,35,19,1,9,6,0
S01013090,50 to 64,65,38,35,3,27,9,1,3,11,3
S01013090,65 to 74,19,9,9,0,10,3,0,0,2,5
S01013090,75 to 84,21,9,9,0,12,1,0,0,0,11
S01013090,85 and over,9,3,3,0,6,3,0,0,0,3
S01013091,All HRPs,254,83,33,50,171,120,8,12,15,16
S01013091,24 and under,70,17,0,17,53,52,0,0,1,0
S01013091,25 to 34,86,40,16,24,46,42,1,0,1,2
S01013091,35 to 49,48,13,6,7,35,18,2,8,5,2
S01013091,50 to 64,31,11,9,2,20,5,3,4,6,2
S01013091,65 to 74,6,0,0,0,6,2,0,0,2,2
S01013091,75 to 84,6,2,2,0,4,1,0,0,0,3
S01013091,85 and over,7,0,0,0,7,0,2,0,0,5
S01013092,All HRPs,440,190,131,59,250,130,6,14,48,52
S01013092,24 and under,26,8,0,8,18,18,0,0,0,0
S01013092,25 to 34,91,41,16,25,50,46,0,1,3,0
S01013092,35 to 49,138,66,45,21,72,41,4,6,20,1
S01013092,50 to 64,95,47,43,4,48,17,2,7,16,6
S01013092,65 to 74,34,17,16,1,17,2,0,0,4,11
S01013092,75 to 84,38,10,10,0,28,4,0,0,4,20
S01013092,85 and over,18,1,1,0,17,2,0,0,1,14
S01013093,All HRPs,223,139,117,22,84,29,2,9,12,32
S01013093,24 and under,7,2,0,2,5,5,0,0,0,0
S01013093,25 to 34,8,4,3,1,4,3,0,1,0,0
S01013093,35 to 49,52,32,21,11,20,10,1,4,3,2
S01013093,50 to 64,72,49,42,7,23,9,1,4,6,3
S01013093,65 to 74,43,31,30,1,12,2,0,0,2,8
S01013093,75 to 84,35,19,19,0,16,0,0,0,1,15
S01013093,85 and over,6,2,2,0,4,0,0,0,0,4
S01013094,All HRPs,230,180,174,6,50,10,3,3,16,18
S01013094,24 and under,0,0,0,0,0,0,0,0,0,0
S01013094,25 to 34,3,2,2,0,1,1,0,0,0,0
S01013094,35 to 49,67,59,56,3,8,0,0,2,6,0
S01013094,50 to 64,82,64,61,3,18,6,0,1,7,4
S01013094,65 to 74,54,42,42,0,12,2,2,0,3,5
S01013094,75 to 84,22,11,11,0,11,1,1,0,0,9
S01013094,85 and over,2,2,2,0,0,0,0,0,0,0
S01013095,All HRPs,282,254,248,6,28,9,1,3,8,7
S01013095,24 and under,1,0,0,0,1,1,0,0,0,0
S01013095,25 to 34,6,4,3,1,2,2,0,0,0,0
S01013095,35 to 49,116,108,103,5,8,2,0,3,3,0
S01013095,50 to 64,112,103,103,0,9,3,1,0,4,1
S01013095,65 to 74,32,27,27,0,5,0,0,0,1,4
S01013095,75 to 84,11,8,8,0,3,1,0,0,0,2
S01013095,85 and over,4,4,4,0,0,0,0,0,0,0
S01013096,All HRPs,213,102,89,13,111,41,0,9,30,31
S01013096,24 and under,11,1,1,0,10,10,0,0,0,0
S01013096,25 to 34,23,15,12,3,8,6,0,1,1,0
S01013096,35 to 49,55,28,20,8,27,14,0,6,6,1
S01013096,50 to 64,68,41,39,2,27,9,0,1,13,4
S01013096,65 to 74,31,9,9,0,22,2,0,1,9,10
S01013096,75 to 84,22,7,7,0,15,0,0,0,1,14
S01013096,85 and over,3,1,1,0,2,0,0,0,0,2
S01013097,All HRPs,248,180,160,20,68,28,2,3,18,17
S01013097,24 and under,4,3,0,3,1,1,0,0,0,0
S01013097,25 to 34,11,11,8,3,0,0,0,0,0,0
S01013097,35 to 49,85,70,61,9,15,12,0,1,1,1
S01013097,50 to 64,103,69,64,5,34,10,2,1,12,9
S01013097,65 to 74,23,14,14,0,9,3,0,0,4,2
S01013097,75 to 84,20,12,12,0,8,2,0,1,1,4
S01013097,85 and over,2,1,1,0,1,0,0,0,0,1
S01013098,All HRPs,189,176,167,9,13,2,3,3,2,3
S01013098,24 and under,0,0,0,0,0,0,0,0,0,0
S01013098,25 to 34,12,12,12,0,0,0,0,0,0,0
S01013098,35 to 49,125,119,116,3,6,1,2,1,2,0
S01013098,50 to 64,42,38,33,5,4,0,1,2,0,1
S01013098,65 to 74,8,5,4,1,3,1,0,0,0,2
S01013098,75 to 84,1,1,1,0,0,0,0,0,0,0
S01013098,85 and over,1,1,1,0,0,0,0,0,0,0
S01013099,All HRPs,439,215,180,35,224,87,11,21,47,58
S01013099,24 and under,11,4,0,4,7,7,0,0,0,0
S01013099,25 to 34,55,32,21,11,23,20,1,2,0,0
S01013099,35 to 49,108,58,43,15,50,32,3,9,6,0
S01013099,50 to 64,119,62,58,4,57,15,3,7,27,5
S01013099,65 to 74,66,34,33,1,32,5,3,2,9,13
S01013099,75 to 84,54,22,22,0,32,6,0,1,4,21
S01013099,85 and over,26,3,3,0,23,2,1,0,1,19
S01013100,All HRPs,265,185,174,11,80,15,2,5,14,44
S01013100,24 and under,3,1,0,1,2,2,0,0,0,0
S01013100,25 to 34,11,6,3,3,5,4,0,0,1,0
S01013100,35 to 49,63,53,48,5,10,3,1,3,3,0
S01013100,50 to 64,72,57,55,2,15,1,1,2,9,2
S01013100,65 to 74,54,39,39,0,15,3,0,0,1,11
S01013100,75 to 84,47,24,24,0,23,2,0,0,0,21
S01013100,85 and over,15,5,5,0,10,0,0,0,0,10
S01013101,All HRPs,502,214,164,50,288,120,2,18,71,77
S01013101,24 and under,19,7,2,5,12,12,0,0,0,0
S01013101,25 to 34,63,26,12,14,37,33,0,3,1,0
S01013101,35 to 49,123,51,35,16,72,40,0,5,25,2
S01013101,50 to 64,130,76,64,12,54,15,0,6,26,7
S01013101,65 to 74,71,29,29,0,42,9,2,4,10,17
S01013101,75 to 84,73,21,19,2,52,10,0,0,9,33
S01013101,85 and over,23,4,3,1,19,1,0,0,0,18
S01013102,All HRPs,291,158,145,13,133,32,6,9,21,65
S01013102,24 and under,2,0,0,0,2,2,0,0,0,0
S01013102,25 to 34,7,2,0,2,5,5,0,0,0,0
S01013102,35 to 49,62,47,41,6,15,10,1,3,1,0
S01013102,50 to 64,85,61,60,1,24,7,3,2,9,3
S01013102,65 to 74,54,26,26,0,28,2,1,3,7,15
S01013102,75 to 84,52,21,17,4,31,3,1,1,3,23
S01013102,85 and over,29,1,1,0,28,3,0,0,1,24
S01013103,All HRPs,289,231,213,18,58,10,1,12,17,18
S01013103,24 and under,0,0,0,0,0,0,0,0,0,0
S01013103,25 to 34,10,9,8,1,1,0,0,1,0,0
S01013103,35 to 49,130,109,97,12,21,5,0,7,8,1
S01013103,50 to 64,91,77,74,3,14,1,1,4,6,2
S01013103,65 to 74,38,26,25,1,12,2,0,0,2,8
S01013103,75 to 84,17,10,9,1,7,2,0,0,1,4
S01013103,85 and over,3,0,0,0,3,0,0,0,0,3
S01013104,All HRPs,404,275,247,28,129,27,1,13,34,54
S01013104,24 and under,2,0,0,0,2,2,0,0,0,0
S01013104,25 to 34,17,12,7,5,5,4,0,1,0,0
S01013104,35 to 49,106,85,73,12,21,6,0,6,8,1
S01013104,50 to 64,140,108,97,11,32,6,0,5,15,6
S01013104,65 to 74,79,49,49,0,30,4,1,1,8,16
S01013104,75 to 84,46,17,17,0,29,5,0,0,3,21
S01013104,85 and over,14,4,4,0,10,0,0,0,0,10
S01013105,All HRPs,387,248,230,18,139,32,8,16,32,51
S01013105,24 and under,3,0,0,0,3,3,0,0,0,0
S01013105,25 to 34,25,12,7,5,13,7,2,4,0,0
S01013105,35 to 49,98,80,74,6,18,5,1,6,6,0
S01013105,50 to 64,134,91,85,6,43,9,5,6,12,11
S01013105,65 to 74,69,42,41,1,27,4,0,0,10,13
S01013105,75 to 84,42,20,20,0,22,3,0,0,4,15
S01013105,85 and over,16,3,3,0,13,1,0,0,0,12
S01013106,All HRPs,350,195,169,26,155,62,4,15,26,48
S01013106,24 and under,12,5,1,4,7,7,0,0,0,0
S01013106,25 to 34,32,17,7,10,15,13,0,2,0,0
S01013106,35 to 49,101,57,48,9,44,24,2,9,9,0
S01013106,50 to 64,89,57,55,2,32,13,1,4,11,3
S01013106,65 to 74,51,33,32,1,18,4,0,0,5,9
S01013106,75 to 84,49,24,24,0,25,1,1,0,1,22
S01013106,85 and over,16,2,2,0,14,0,0,0,0,14
S01013107,All HRPs,275,213,191,22,62,15,2,9,15,21
S01013107,24 and under,2,1,0,1,1,1,0,0,0,0
S01013107,25 to 34,13,11,7,4,2,2,0,0,0,0
S01013107,35 to 49,60,48,39,9,12,5,0,6,1,0
S01013107,50 to 64,111,93,87,6,18,3,1,3,9,2
S01013107,65 to 74,57,43,43,0,14,2,0,0,5,7
S01013107,75 to 84,23,15,13,2,8,1,1,0,0,6
S01013107,85 and over,9,2,2,0,7,1,0,0,0,6
S01013108,All HRPs,255,156,139,17,99,35,3,7,23,31
S01013108,24 and under,8,1,0,1,7,7,0,0,0,0
S01013108,25 to 34,22,13,6,7,9,7,0,1,1,0
S01013108,35 to 49,69,48,44,4,21,11,0,3,7,0
S01013108,50 to 64,80,55,50,5,25,8,1,1,11,4
S01013108,65 to 74,42,27,27,0,15,1,0,1,4,9
S01013108,75 to 84,24,11,11,0,13,0,2,1,0,10
S01013108,85 and over,10,1,1,0,9,1,0,0,0,8
S01013109,All HRPs,412,275,244,31,137,44,2,10,30,51
S01013109,24 and under,3,2,0,2,1,1,0,0,0,0
S01013109,25 to 34,19,10,5,5,9,7,0,2,0,0
S01013109,35 to 49,127,97,85,12,30,13,0,6,10,1
S01013109,50 to 64,151,111,100,11,40,12,2,1,16,9
S01013109,65 to 74,61,38,37,1,23,6,0,1,2,14
S01013109,75 to 84,37,14,14,0,23,2,0,0,2,19
S01013109,85 and over,14,3,3,0,11,3,0,0,0,8
S01013110,All HRPs,245,161,138,23,84,22,6,8,18,30
S01013110,24 and under,3,2,0,2,1,1,0,0,0,0
S01013110,25 to 34,11,5,3,2,6,5,1,0,0,0
S01013110,35 to 49,72,47,38,9,25,8,3,6,7,1
S01013110,50 to 64,85,63,56,7,22,4,0,1,8,9
S01013110,65 to 74,41,30,28,2,11,1,1,1,3,5
S01013110,75 to 84,23,9,8,1,14,3,1,0,0,10
S01013110,85 and over,10,5,5,0,5,0,0,0,0,5
S01013111,All HRPs,192,118,103,15,74,23,3,8,22,18
S01013111,24 and under,2,0,0,0,2,2,0,0,0,0
S01013111,25 to 34,7,6,4,2,1,1,0,0,0,0
S01013111,35 to 49,50,32,25,7,18,6,1,5,6,0
S01013111,50 to 64,63,46,41,5,17,6,1,1,7,2
S01013111,65 to 74,43,24,23,1,19,4,1,2,6,6
S01013111,75 to 84,16,7,7,0,9,4,0,0,2,3
S01013111,85 and over,11,3,3,0,8,0,0,0,1,7
S01013112,All HRPs,265,162,125,37,103,38,1,15,24,25
S01013112,24 and under,8,5,0,5,3,3,0,0,0,0
S01013112,25 to 34,22,11,2,9,11,10,0,1,0,0
S01013112,35 to 49,108,70,54,16,38,17,0,7,12,2
S01013112,50 to 64,68,48,43,5,20,5,1,4,7,3
S01013112,65 to 74,31,19,18,1,12,1,0,2,3,6
S01013112,75 to 84,26,9,8,1,17,2,0,1,2,12
S01013112,85 and over,2,0,0,0,2,0,0,0,0,2
S01013113,All HRPs,372,204,170,34,168,43,0,10,41,74
S01013113,24 and under,7,3,0,3,4,4,0,0,0,0
S01013113,25 to 34,17,13,7,6,4,3,0,1,0,0
S01013113,35 to 49,95,61,46,15,34,15,0,5,13,1
S01013113,50 to 64,111,68,60,8,43,14,0,2,18,9
S01013113,65 to 74,54,26,26,0,28,5,0,1,8,14
S01013113,75 to 84,65,27,25,2,38,2,0,1,2,33
S01013113,85 and over,23,6,6,0,17,0,0,0,0,17
S01013114,All HRPs,337,207,175,32,130,48,4,8,30,40
S01013114,24 and under,6,3,1,2,3,3,0,0,0,0
S01013114,25 to 34,23,15,10,5,8,6,2,0,0,0
S01013114,35 to 49,103,66,55,11,37,21,0,5,11,0
S01013114,50 to 64,98,75,67,8,23,12,0,3,7,1
S01013114,65 to 74,64,34,30,4,30,5,1,0,10,14
S01013114,75 to 84,26,13,11,2,13,0,1,0,2,10
S01013114,85 and over,17,1,1,0,16,1,0,0,0,15
S01013115,All HRPs,320,127,97,30,193,68,4,24,51,46
S01013115,24 and under,14,3,0,3,11,11,0,0,0,0
S01013115,25 to 34,40,13,5,8,27,24,0,3,0,0
S01013115,35 to 49,68,30,21,9,38,20,0,8,10,0
S01013115,50 to 64,78,43,35,8,35,2,2,7,21,3
S01013115,65 to 74,55,22,20,2,33,5,1,5,12,10
S01013115,75 to 84,40,13,13,0,27,3,0,1,7,16
S01013115,85 and over,25,3,3,0,22,3,1,0,1,17
S01013116,All HRPs,331,219,207,12,112,31,2,2,24,53
S01013116,24 and under,2,0,0,0,2,2,0,0,0,0
S01013116,25 to 34,7,3,3,0,4,4,0,0,0,0
S01013116,35 to 49,59,46,39,7,13,9,1,0,3,0
S01013116,50 to 64,115,86,82,4,29,5,1,2,14,7
S01013116,65 to 74,68,45,44,1,23,5,0,0,6,12
S01013116,75 to 84,56,32,32,0,24,6,0,0,1,17
S01013116,85 and over,24,7,7,0,17,0,0,0,0,17
S01013117,All HRPs,271,142,110,32,129,50,2,13,39,25
S01013117,24 and under,6,3,0,3,3,3,0,0,0,0
S01013117,25 to 34,36,16,8,8,20,16,0,1,3,0
S01013117,35 to 49,87,52,41,11,35,19,0,5,11,0
S01013117,50 to 64,92,57,48,9,35,9,0,3,21,2
S01013117,65 to 74,24,6,6,0,18,3,0,3,3,9
S01013117,75 to 84,17,6,5,1,11,0,0,1,1,9
S01013117,85 and over,9,2,2,0,7,0,2,0,0,5
S01013118,All HRPs,195,137,124,13,58,19,1,6,16,16
S01013118,24 and under,0,0,0,0,0,0,0,0,0,0
S01013118,25 to 34,9,4,3,1,5,4,0,0,1,0
S01013118,35 to 49,55,42,37,5,13,6,0,3,3,1
S01013118,50 to 64,74,57,52,5,17,5,0,2,8,2
S01013118,65 to 74,30,21,19,2,9,2,1,1,2,3
S01013118,75 to 84,19,11,11,0,8,1,0,0,1,6
S01013118,85 and over,8,2,2,0,6,1,0,0,1,4
S01013119,All HRPs,337,210,170,40,127,36,5,14,38,34
S01013119,24 and under,5,3,0,3,2,2,0,0,0,0
S01013119,25 to 34,22,13,7,6,9,8,1,0,0,0
S01013119,35 to 49,72,44,30,14,28,12,0,3,13,0
S01013119,50 to 64,136,94,81,13,42,10,3,4,17,8
S01013119,65 to 74,56,34,33,1,22,3,0,7,5,7
S01013119,75 to 84,38,20,18,2,18,1,1,0,3,13
S01013119,85 and over,8,2,1,1,6,0,0,0,0,6
S01013120,All HRPs,440,236,192,44,204,63,11,29,45,56
S01013120,24 and under,10,2,1,1,8,8,0,0,0,0
S01013120,25 to 34,45,20,9,11,25,18,2,4,1,0
S01013120,35 to 49,102,61,48,13,41,12,3,12,13,1
S01013120,50 to 64,142,86,72,14,56,18,4,5,20,9
S01013120,65 to 74,74,43,40,3,31,4,0,7,5,15
S01013120,75 to 84,50,19,17,2,31,2,2,1,4,22
S01013120,85 and over,17,5,5,0,12,1,0,0,2,9
S01013121,All HRPs,146,92,74,18,54,19,2,1,9,23
S01013121,24 and under,2,1,0,1,1,1,0,0,0,0
S01013121,25 to 34,12,8,3,5,4,4,0,0,0,0
S01013121,35 to 49,58,42,32,10,16,9,1,0,5,1
S01013121,50 to 64,38,26,24,2,12,4,1,1,3,3
S01013121,65 to 74,22,9,9,0,13,1,0,0,1,11
S01013121,75 to 84,10,4,4,0,6,0,0,0,0,6
S01013121,85 and over,4,2,2,0,2,0,0,0,0,2
S01013122,All HRPs,333,91,62,29,242,123,6,21,58,34
S01013122,24 and under,26,5,0,5,21,20,0,0,0,1
S01013122,25 to 34,57,21,11,10,36,33,2,1,0,0
S01013122,35 to 49,119,32,23,9,87,45,4,9,26,3
S01013122,50 to 64,76,18,13,5,58,18,0,9,23,8
S01013122,65 to 74,29,6,6,0,23,6,0,2,9,6
S01013122,75 to 84,18,8,8,0,10,1,0,0,0,9
S01013122,85 and over,8,1,1,0,7,0,0,0,0,7
S01013123,All HRPs,414,121,89,32,293,161,3,17,70,42
S01013123,24 and under,30,3,0,3,27,27,0,0,0,0
S01013123,25 to 34,93,25,10,15,68,61,1,4,2,0
S01013123,35 to 49,115,37,26,11,78,47,1,7,22,1
S01013123,50 to 64,97,31,28,3,66,20,0,4,36,6
S01013123,65 to 74,40,19,19,0,21,1,1,2,9,8
S01013123,75 to 84,32,6,6,0,26,5,0,0,1,20
S01013123,85 and over,7,0,0,0,7,0,0,0,0,7
S01013124,All HRPs,334,157,129,28,177,68,0,16,42,51
S01013124,24 and under,6,3,0,3,3,3,0,0,0,0
S01013124,25 to 34,28,11,9,2,17,15,0,2,0,0
S01013124,35 to 49,109,57,46,11,52,29,0,7,14,2
S01013124,50 to 64,99,53,42,11,46,11,0,7,19,9
S01013124,65 to 74,43,19,18,1,24,7,0,0,7,10
S01013124,75 to 84,39,13,13,0,26,3,0,0,2,21
S01013124,85 and over,10,1,1,0,9,0,0,0,0,9
S01013125,All HRPs,374,159,137,22,215,81,6,13,43,72
S01013125,24 and under,9,2,1,1,7,7,0,0,0,0
S01013125,25 to 34,37,13,3,10,24,23,0,0,1,0
S01013125,35 to 49,92,38,33,5,54,37,2,4,11,0
S01013125,50 to 64,107,63,58,5,44,10,0,5,22,7
S01013125,65 to 74,59,29,28,1,30,1,2,4,5,18
S01013125,75 to 84,53,13,13,0,40,1,1,0,3,35
S01013125,85 and over,17,1,1,0,16,2,1,0,1,12
S01013126,All HRPs,342,116,86,30,226,105,4,35,55,27
S01013126,24 and under,27,3,0,3,24,21,0,2,1,0
S01013126,25 to 34,53,17,4,13,36,32,1,1,2,0
S01013126,35 to 49,124,42,33,9,82,41,2,21,17,1
S01013126,50 to 64,90,38,34,4,52,10,0,11,25,6
S01013126,65 to 74,25,8,8,0,17,0,0,0,8,9
S01013126,75 to 84,16,8,7,1,8,1,0,0,2,5
S01013126,85 and over,7,0,0,0,7,0,1,0,0,6
S01013127,All HRPs,378,114,81,33,264,127,1,36,57,43
S01013127,24 and under,19,2,0,2,17,17,0,0,0,0
S01013127,25 to 34,59,17,4,13,42,34,0,2,5,1
S01013127,35 to 49,132,37,26,11,95,57,0,20,16,2
S01013127,50 to 64,88,33,28,5,55,11,1,7,30,6
S01013127,65 to 74,48,13,12,1,35,5,0,6,6,18
S01013127,75 to 84,27,10,9,1,17,2,0,1,0,14
S01013127,85 and over,5,2,2,0,3,1,0,0,0,2
S01013128,All HRPs,455,77,46,31,378,243,3,31,62,39
S01013128,24 and under,38,5,1,4,33,33,0,0,0,0
S01013128,25 to 34,111,24,9,15,87,79,0,5,2,1
S01013128,35 to 49,163,20,10,10,143,98,1,13,28,3
S01013128,50 to 64,78,15,13,2,63,23,2,11,23,4
S01013128,65 to 74,28,7,7,0,21,3,0,2,8,8
S01013128,75 to 84,26,6,6,0,20,5,0,0,1,14
S01013128,85 and over,11,0,0,0,11,2,0,0,0,9
S01013129,All HRPs,533,219,160,59,314,149,8,30,58,69
S01013129,24 and under,32,4,0,4,28,28,0,0,0,0
S01013129,25 to 34,106,56,21,35,50,47,0,3,0,0
S01013129,35 to 49,148,63,48,15,85,55,2,10,18,0
S01013129,50 to 64,123,56,52,4,67,11,3,13,29,11
S01013129,65 to 74,68,29,28,1,39,4,1,4,7,23
S01013129,75 to 84,44,9,9,0,35,2,2,0,4,27
S01013129,85 and over,12,2,2,0,10,2,0,0,0,8
S01013130,All HRPs,340,94,65,29,246,140,1,29,51,25
S01013130,24 and under,25,4,0,4,21,21,0,0,0,0
S01013130,25 to 34,69,29,14,15,40,35,0,4,1,0
S01013130,35 to 49,144,36,28,8,108,63,1,15,25,4
S01013130,50 to 64,57,16,14,2,41,13,0,9,18,1
S01013130,65 to 74,22,8,8,0,14,2,0,1,3,8
S01013130,75 to 84,15,1,1,0,14,5,0,0,4,5
S01013130,85 and over,8,0,0,0,8,1,0,0,0,7
S01013131,All HRPs,316,111,84,27,205,102,1,30,52,20
S01013131,24 and under,23,4,0,4,19,19,0,0,0,0
S01013131,25 to 34,67,31,18,13,36,32,0,4,0,0
S01013131,35 to 49,105,39,35,4,66,35,0,13,17,1
S01013131,50 to 64,78,24,19,5,54,13,0,10,29,2
S01013131,65 to 74,23,8,7,1,15,1,1,3,4,6
S01013131,75 to 84,14,3,3,0,11,1,0,0,2,8
S01013131,85 and over,6,2,2,0,4,1,0,0,0,3
S01013132,All HRPs,318,80,55,25,238,120,3,20,49,46
S01013132,24 and under,17,3,0,3,14,14,0,0,0,0
S01013132,25 to 34,56,18,7,11,38,35,0,3,0,0
S01013132,35 to 49,92,21,14,7,71,44,1,10,15,1
S01013132,50 to 64,77,28,25,3,49,15,1,5,19,9
S01013132,65 to 74,31,2,2,0,29,6,0,2,10,11
S01013132,75 to 84,34,8,7,1,26,5,0,0,4,17
S01013132,85 and over,11,0,0,0,11,1,1,0,1,8
S01013133,All HRPs,441,134,92,42,307,179,0,32,58,38
S01013133,24 and under,26,8,1,7,18,18,0,0,0,0
S01013133,25 to 34,73,21,9,12,52,49,0,1,2,0
S01013133,35 to 49,156,52,35,17,104,79,0,8,15,2
S01013133,50 to 64,106,30,26,4,76,23,0,17,30,6
S01013133,65 to 74,40,13,11,2,27,4,0,5,11,7
S01013133,75 to 84,22,7,7,0,15,3,0,1,0,11
S01013133,85 and over,18,3,3,0,15,3,0,0,0,12
S01013134,All HRPs,376,174,148,26,202,81,4,14,42,61
S01013134,24 and under,8,1,0,1,7,5,0,0,0,2
S01013134,25 to 34,44,17,9,8,27,26,0,0,1,0
S01013134,35 to 49,111,64,51,13,47,25,0,8,13,1
S01013134,50 to 64,104,58,55,3,46,15,0,5,20,6
S01013134,65 to 74,52,23,22,1,29,6,2,0,4,17
S01013134,75 to 84,42,10,10,0,32,2,1,1,4,24
S01013134,85 and over,15,1,1,0,14,2,1,0,0,11
S01013135,All HRPs,391,109,74,35,282,150,0,22,62,48
S01013135,24 and under,21,1,0,1,20,20,0,0,0,0
S01013135,25 to 34,78,23,12,11,55,48,0,3,4,0
S01013135,35 to 49,114,35,17,18,79,52,0,9,17,1
S01013135,50 to 64,107,36,32,4,71,20,0,9,37,5
S01013135,65 to 74,33,8,7,1,25,4,0,1,4,16
S01013135,75 to 84,21,5,5,0,16,2,0,0,0,14
S01013135,85 and over,17,1,1,0,16,4,0,0,0,12
S01013136,All HRPs,395,204,169,35,191,57,2,13,51,68
S01013136,24 and under,6,3,0,3,3,3,0,0,0,0
S01013136,25 to 34,29,14,6,8,15,15,0,0,0,0
S01013136,35 to 49,99,60,44,16,39,23,0,6,7,3
S01013136,50 to 64,111,58,52,6,53,11,0,7,28,7
S01013136,65 to 74,81,45,43,2,36,1,1,0,9,25
S01013136,75 to 84,55,20,20,0,35,3,1,0,5,26
S01013136,85 and over,14,4,4,0,10,1,0,0,2,7
S01013137,All HRPs,307,156,134,22,151,43,4,12,29,63
S01013137,24 and under,2,0,0,0,2,2,0,0,0,0
S01013137,25 to 34,22,12,8,4,10,10,0,0,0,0
S01013137,35 to 49,84,51,41,10,33,16,1,1,13,2
S01013137,50 to 64,89,48,41,7,41,10,1,8,10,12
S01013137,65 to 74,59,29,28,1,30,5,2,3,4,16
S01013137,75 to 84,43,15,15,0,28,0,0,0,1,27
S01013137,85 and over,8,1,1,0,7,0,0,0,1,6
S01013138,All HRPs,342,91,67,24,251,127,4,25,58,37
S01013138,24 and under,24,3,1,2,21,21,0,0,0,0
S01013138,25 to 34,63,18,8,10,45,41,1,3,0,0
S01013138,35 to 49,116,30,23,7,86,49,3,8,25,1
S01013138,50 to 64,89,28,23,5,61,14,0,12,27,8
S01013138,65 to 74,26,11,11,0,15,2,0,1,3,9
S01013138,75 to 84,16,1,1,0,15,0,0,1,3,11
S01013138,85 and over,8,0,0,0,8,0,0,0,0,8
S01013139,All HRPs,409,129,105,24,280,120,3,29,61,67
S01013139,24 and under,14,3,0,3,11,11,0,0,0,0
S01013139,25 to 34,43,8,4,4,35,33,0,0,2,0
S01013139,35 to 49,126,41,29,12,85,46,1,13,25,0
S01013139,50 to 64,107,40,37,3,67,15,1,13,25,13
S01013139,65 to 74,67,25,23,2,42,10,0,3,7,22
S01013139,75 to 84,39,12,12,0,27,3,1,0,0,23
S01013139,85 and over,13,0,0,0,13,2,0,0,2,9
S01013140,All HRPs,366,138,117,21,228,81,6,30,45,66
S01013140,24 and under,17,0,0,0,17,17,0,0,0,0
S01013140,25 to 34,35,16,11,5,19,16,0,2,1,0
S01013140,35 to 49,97,41,28,13,56,27,1,14,11,3
S01013140,50 to 64,106,43,40,3,63,15,1,12,24,11
S01013140,65 to 74,51,19,19,0,32,5,1,1,6,19
S01013140,75 to 84,45,17,17,0,28,1,1,1,2,23
S01013140,85 and over,15,2,2,0,13,0,2,0,1,10
S01013141,All HRPs,330,113,86,27,217,97,3,14,40,63
S01013141,24 and under,15,2,0,2,13,13,0,0,0,0
S01013141,25 to 34,43,18,10,8,25,22,0,0,2,1
S01013141,35 to 49,68,26,17,9,42,30,0,5,7,0
S01013141,50 to 64,87,27,20,7,60,19,3,7,26,5
S01013141,65 to 74,51,25,24,1,26,5,0,2,4,15
S01013141,75 to 84,42,12,12,0,30,5,0,0,1,24
S01013141,85 and over,24,3,3,0,21,3,0,0,0,18
S01013142,All HRPs,517,118,91,27,399,126,5,45,98,125
S01013142,24 and under,20,4,1,3,16,16,0,0,0,0
S01013142,25 to 34,46,14,7,7,32,31,1,0,0,0
S01013142,35 to 49,110,17,7,10,93,48,0,17,25,3
S01013142,50 to 64,133,30,26,4,103,22,1,17,51,12
S01013142,65 to 74,61,11,8,3,50,4,0,7,15,24
S01013142,75 to 84,105,34,34,0,71,3,0,4,5,59
S01013142,85 and over,42,8,8,0,34,2,3,0,2,27
S01013143,All HRPs,419,175,139,36,244,93,3,22,56,70
S01013143,24 and under,14,1,0,1,13,13,0,0,0,0
S01013143,25 to 34,63,29,16,13,34,30,0,3,1,0
S01013143,35 to 49,115,54,40,14,61,31,1,8,19,2
S01013143,50 to 64,90,42,36,6,48,8,0,7,24,9
S01013143,65 to 74,76,33,31,2,43,5,1,3,10,24
S01013143,75 to 84,49,12,12,0,37,6,1,1,0,29
S01013143,85 and over,12,4,4,0,8,0,0,0,2,6
S01013144,All HRPs,427,196,158,38,231,85,4,17,37,88
S01013144,24 and under,10,2,0,2,8,8,0,0,0,0
S01013144,25 to 34,32,19,8,11,13,13,0,0,0,0
S01013144,35 to 49,99,47,32,15,52,33,1,9,9,0
S01013144,50 to 64,121,63,55,8,58,21,0,6,17,14
S01013144,65 to 74,77,41,40,1,36,3,2,2,8,21
S01013144,75 to 84,67,18,17,1,49,5,1,0,3,40
S01013144,85 and over,21,6,6,0,15,2,0,0,0,13
S01013145,All HRPs,336,146,123,23,190,66,1,18,38,67
S01013145,24 and under,7,1,0,1,6,4,0,0,0,2
S01013145,25 to 34,35,17,9,8,18,17,0,1,0,0
S01013145,35 to 49,91,41,33,8,50,27,0,11,9,3
S01013145,50 to 64,85,50,45,5,35,7,0,4,14,10
S01013145,65 to 74,51,22,21,1,29,6,0,1,9,13
S01013145,75 to 84,51,12,12,0,39,5,1,0,5,28
S01013145,85 and over,16,3,3,0,13,0,0,1,1,11
S01013146,All HRPs,197,105,88,17,92,32,3,8,15,34
S01013146,24 and under,2,0,0,0,2,2,0,0,0,0
S01013146,25 to 34,17,12,5,7,5,5,0,0,0,0
S01013146,35 to 49,56,39,32,7,17,9,0,5,2,1
S01013146,50 to 64,54,30,29,1,24,10,0,1,9,4
S01013146,65 to 74,33,12,10,2,21,3,1,2,3,12
S01013146,75 to 84,31,10,10,0,21,2,2,0,1,16
S01013146,85 and over,4,2,2,0,2,1,0,0,0,1
S01013147,All HRPs,307,160,141,19,147,45,1,11,30,60
S01013147,24 and under,4,1,0,1,3,1,0,0,2,0
S01013147,25 to 34,24,10,6,4,14,13,0,0,0,1
S01013147,35 to 49,93,66,56,10,27,14,1,6,5,1
S01013147,50 to 64,78,47,46,1,31,8,0,4,15,4
S01013147,65 to 74,43,22,19,3,21,4,0,1,4,12
S01013147,75 to 84,43,13,13,0,30,4,0,0,2,24
S01013147,85 and over,22,1,1,0,21,1,0,0,2,18
S01013148,All HRPs,381,183,150,33,198,83,2,23,31,59
S01013148,24 and under,15,4,1,3,11,11,0,0,0,0
S01013148,25 to 34,57,31,14,17,26,26,0,0,0,0
S01013148,35 to 49,91,41,34,7,50,27,1,14,6,2
S01013148,50 to 64,98,56,51,5,42,14,0,6,13,9
S01013148,65 to 74,52,29,28,1,23,2,1,3,10,7
S01013148,75 to 84,51,17,17,0,34,3,0,0,2,29
S01013148,85 and over,17,5,5,0,12,0,0,0,0,12
S01013149,All HRPs,418,166,131,35,252,115,4,26,40,67
S01013149,24 and under,28,3,0,3,25,25,0,0,0,0
S01013149,25 to 34,59,26,14,12,33,31,0,0,2,0
S01013149,35 to 49,118,52,37,15,66,38,2,11,15,0
S01013149,50 to 64,106,53,48,5,53,16,2,11,15,9
S01013149,65 to 74,44,19,19,0,25,1,0,1,5,18
S01013149,75 to 84,46,12,12,0,34,2,0,3,2,27
S01013149,85 and over,17,1,1,0,16,2,0,0,1,13
S01013150,All HRPs,403,196,170,26,207,71,2,14,51,69
S01013150,24 and under,3,1,0,1,2,2,0,0,0,0
S01013150,25 to 34,41,22,11,11,19,17,0,0,1,1
S01013150,35 to 49,102,40,33,7,62,36,0,8,17,1
S01013150,50 to 64,114,68,61,7,46,9,2,5,20,10
S01013150,65 to 74,77,42,42,0,35,5,0,1,12,17
S01013150,75 to 84,41,15,15,0,26,2,0,0,1,23
S01013150,85 and over,25,8,8,0,17,0,0,0,0,17
S01013151,All HRPs,261,139,118,21,122,50,1,13,14,44
S01013151,24 and under,8,1,0,1,7,7,0,0,0,0
S01013151,25 to 34,32,14,8,6,18,17,0,0,0,1
S01013151,35 to 49,78,46,36,10,32,15,0,9,6,2
S01013151,50 to 64,73,54,50,4,19,6,0,3,6,4
S01013151,65 to 74,25,10,10,0,15,3,1,1,0,10
S01013151,75 to 84,36,13,13,0,23,1,0,0,2,20
S01013151,85 and over,9,1,1,0,8,1,0,0,0,7
S01013152,All HRPs,386,216,189,27,170,67,2,15,31,55
S01013152,24 and under,8,2,1,1,6,6,0,0,0,0
S01013152,25 to 34,38,26,18,8,12,11,0,1,0,0
S01013152,35 to 49,124,80,67,13,44,27,0,8,9,0
S01013152,50 to 64,97,57,53,4,40,12,1,6,14,7
S01013152,65 to 74,53,30,29,1,23,7,0,0,4,12
S01013152,75 to 84,48,19,19,0,29,4,1,0,4,20
S01013152,85 and over,18,2,2,0,16,0,0,0,0,16
S01013153,All HRPs,398,145,104,41,253,118,1,18,66,50
S01013153,24 and under,12,1,0,1,11,10,0,1,0,0
S01013153,25 to 34,69,24,8,16,45,40,0,4,1,0
S01013153,35 to 49,129,51,34,17,78,43,1,6,26,2
S01013153,50 to 64,106,39,34,5,67,23,0,6,30,8
S01013153,65 to 74,37,16,14,2,21,1,0,1,5,14
S01013153,75 to 84,31,11,11,0,20,0,0,0,4,16
S01013153,85 and over,14,3,3,0,11,1,0,0,0,10
S01013154,All HRPs,452,169,140,29,283,130,5,28,55,65
S01013154,24 and under,27,3,0,3,24,24,0,0,0,0
S01013154,25 to 34,70,18,8,10,52,47,0,3,1,1
S01013154,35 to 49,140,54,44,10,86,45,1,16,22,2
S01013154,50 to 64,112,54,49,5,58,10,1,9,26,12
S01013154,65 to 74,38,17,16,1,21,2,1,0,4,14
S01013154,75 to 84,42,14,14,0,28,1,1,0,1,25
S01013154,85 and over,23,9,9,0,14,1,1,0,1,11
S01013155,All HRPs,399,113,75,38,286,151,4,26,75,30
S01013155,24 and under,29,5,0,5,24,24,0,0,0,0
S01013155,25 to 34,92,27,11,16,65,63,0,1,1,0
S01013155,35 to 49,146,42,30,12,104,52,2,16,33,1
S01013155,50 to 64,100,35,30,5,65,9,1,8,36,11
S01013155,65 to 74,19,3,3,0,16,2,1,1,4,8
S01013155,75 to 84,8,1,1,0,7,0,0,0,1,6
S01013155,85 and over,5,0,0,0,5,1,0,0,0,4
S01013156,All HRPs,354,121,88,33,233,100,2,31,71,29
S01013156,24 and under,16,4,1,3,12,12,0,0,0,0
S01013156,25 to 34,54,15,4,11,39,30,0,4,5,0
S01013156,35 to 49,139,40,30,10,99,48,1,17,32,1
S01013156,50 to 64,90,44,36,8,46,6,1,9,25,5
S01013156,65 to 74,32,10,9,1,22,4,0,1,9,8
S01013156,75 to 84,17,7,7,0,10,0,0,0,0,10
S01013156,85 and over,6,1,1,0,5,0,0,0,0,5
S01013157,All HRPs,430,147,103,44,283,130,6,38,51,58
S01013157,24 and under,38,2,0,2,36,36,0,0,0,0
S01013157,25 to 34,73,32,14,18,41,38,0,2,1,0
S01013157,35 to 49,132,46,31,15,86,43,3,20,17,3
S01013157,50 to 64,116,50,42,8,66,10,1,13,27,15
S01013157,65 to 74,29,11,10,1,18,2,0,3,6,7
S01013157,75 to 84,31,5,5,0,26,0,1,0,0,25
S01013157,85 and over,11,1,1,0,10,1,1,0,0,8
S01013158,All HRPs,205,149,134,15,56,16,0,6,9,25
S01013158,24 and under,0,0,0,0,0,0,0,0,0,0
S01013158,25 to 34,14,12,9,3,2,1,0,0,1,0
S01013158,35 to 49,65,46,40,6,19,10,0,5,4,0
S01013158,50 to 64,76,63,58,5,13,4,0,1,2,6
S01013158,65 to 74,23,16,15,1,7,0,0,0,1,6
S01013158,75 to 84,22,10,10,0,12,0,0,0,1,11
S01013158,85 and over,5,2,2,0,3,1,0,0,0,2
S01013159,All HRPs,297,192,171,21,105,32,2,14,21,36
S01013159,24 and under,8,0,0,0,8,4,0,4,0,0
S01013159,25 to 34,24,16,9,7,8,7,0,1,0,0
S01013159,35 to 49,65,44,37,7,21,11,1,4,4,1
S01013159,50 to 64,112,86,80,6,26,9,0,4,9,4
S01013159,65 to 74,51,30,29,1,21,0,1,1,6,13
S01013159,75 to 84,31,16,16,0,15,1,0,0,2,12
S01013159,85 and over,6,0,0,0,6,0,0,0,0,6
S01013160,All HRPs,264,210,192,18,54,12,1,3,11,27
S01013160,24 and under,1,0,0,0,1,0,0,0,1,0
S01013160,25 to 34,18,13,9,4,5,5,0,0,0,0
S01013160,35 to 49,82,69,56,13,13,7,1,1,4,0
S01013160,50 to 64,97,84,83,1,13,0,0,1,6,6
S01013160,65 to 74,49,33,33,0,16,0,0,1,0,15
S01013160,75 to 84,14,9,9,0,5,0,0,0,0,5
S01013160,85 and over,3,2,2,0,1,0,0,0,0,1
S01013161,All HRPs,488,216,152,64,272,126,1,30,51,64
S01013161,24 and under,21,4,0,4,17,17,0,0,0,0
S01013161,25 to 34,95,49,18,31,46,41,0,3,2,0
S01013161,35 to 49,144,69,49,20,75,41,1,16,17,0
S01013161,50 to 64,106,55,49,6,51,14,0,9,20,8
S01013161,65 to 74,67,23,21,2,44,4,0,2,10,28
S01013161,75 to 84,46,14,13,1,32,9,0,0,2,21
S01013161,85 and over,9,2,2,0,7,0,0,0,0,7
S01013162,All HRPs,426,146,119,27,280,111,3,27,45,94
S01013162,24 and under,8,2,0,2,6,6,0,0,0,0
S01013162,25 to 34,44,16,7,9,28,27,0,1,0,0
S01013162,35 to 49,108,40,30,10,68,43,0,15,8,2
S01013162,50 to 64,107,42,38,4,65,19,1,8,28,9
S01013162,65 to 74,82,30,28,2,52,10,0,2,8,32
S01013162,75 to 84,57,15,15,0,42,5,2,0,1,34
S01013162,85 and over,20,1,1,0,19,1,0,1,0,17
S01013163,All HRPs,253,197,177,20,56,19,1,6,11,19
S01013163,24 and under,5,3,0,3,2,2,0,0,0,0
S01013163,25 to 34,19,11,8,3,8,8,0,0,0,0
S01013163,35 to 49,72,54,48,6,18,9,1,4,3,1
S01013163,50 to 64,106,91,84,7,15,0,0,2,8,5
S01013163,65 to 74,38,29,29,0,9,0,0,0,0,9
S01013163,75 to 84,12,8,8,0,4,0,0,0,0,4
S01013163,85 and over,1,1,0,1,0,0,0,0,0,0
S01013164,All HRPs,485,210,189,21,275,115,3,29,64,64
S01013164,24 and under,10,1,0,1,9,9,0,0,0,0
S01013164,25 to 34,35,15,11,4,20,19,0,1,0,0
S01013164,35 to 49,142,74,64,10,68,43,1,5,17,2
S01013164,50 to 64,168,72,69,3,96,33,1,18,34,10
S01013164,65 to 74,69,30,29,1,39,5,0,5,8,21
S01013164,75 to 84,40,12,12,0,28,3,0,0,5,20
S01013164,85 and over,21,6,4,2,15,3,1,0,0,11
S01013165,All HRPs,412,201,179,22,211,65,6,16,38,86
S01013165,24 and under,9,4,1,3,5,5,0,0,0,0
S01013165,25 to 34,32,11,9,2,21,20,0,1,0,0
S01013165,35 to 49,101,64,51,13,37,18,0,5,13,1
S01013165,50 to 64,114,72,70,2,42,14,1,8,13,6
S01013165,65 to 74,62,26,26,0,36,4,2,1,4,25
S01013165,75 to 84,66,18,16,2,48,2,2,1,5,38
S01013165,85 and over,28,6,6,0,22,2,1,0,3,16
S01013166,All HRPs,387,73,37,36,314,168,0,34,74,38
S01013166,24 and under,37,4,0,4,33,32,0,1,0,0
S01013166,25 to 34,58,13,4,9,45,41,0,4,0,0
S01013166,35 to 49,113,26,8,18,87,56,0,9,21,1
S01013166,50 to 64,115,23,19,4,92,30,0,16,38,8
S01013166,65 to 74,38,5,4,1,33,5,0,4,14,10
S01013166,75 to 84,18,2,2,0,16,3,0,0,1,12
S01013166,85 and over,8,0,0,0,8,1,0,0,0,7
S01013167,All HRPs,383,91,54,37,292,179,5,29,55,24
S01013167,24 and under,39,7,1,6,32,32,0,0,0,0
S01013167,25 to 34,83,26,10,16,57,52,0,3,1,1
S01013167,35 to 49,130,26,16,10,104,68,3,8,24,1
S01013167,50 to 64,90,23,19,4,67,22,2,16,21,6
S01013167,65 to 74,19,5,4,1,14,1,0,2,7,4
S01013167,75 to 84,17,3,3,0,14,4,0,0,2,8
S01013167,85 and over,5,1,1,0,4,0,0,0,0,4
S01013168,All HRPs,408,165,138,27,243,96,5,29,40,73
S01013168,24 and under,14,5,0,5,9,9,0,0,0,0
S01013168,25 to 34,54,21,15,6,33,28,1,4,0,0
S01013168,35 to 49,99,44,34,10,55,32,0,12,10,1
S01013168,50 to 64,107,48,45,3,59,20,2,11,17,9
S01013168,65 to 74,69,23,21,2,46,5,2,1,10,28
S01013168,75 to 84,50,20,20,0,30,1,0,1,3,25
S01013168,85 and over,15,4,3,1,11,1,0,0,0,10
S01013169,All HRPs,436,165,136,29,271,90,2,15,61,103
S01013169,24 and under,16,0,0,0,16,16,0,0,0,0
S01013169,25 to 34,39,18,8,10,21,20,0,1,0,0
S01013169,35 to 49,96,50,36,14,46,25,0,4,16,1
S01013169,50 to 64,113,53,49,4,60,10,1,9,29,11
S01013169,65 to 74,62,23,23,0,39,11,0,1,9,18
S01013169,75 to 84,75,19,18,1,56,5,1,0,6,44
S01013169,85 and over,35,2,2,0,33,3,0,0,1,29
S01013170,All HRPs,265,85,63,22,180,81,0,13,44,42
S01013170,24 and under,16,2,0,2,14,14,0,0,0,0
S01013170,25 to 34,28,8,2,6,20,19,0,1,0,0
S01013170,35 to 49,77,31,21,10,46,29,0,4,12,1
S01013170,50 to 64,69,31,27,4,38,7,0,7,18,6
S01013170,65 to 74,33,8,8,0,25,5,0,1,9,10
S01013170,75 to 84,32,5,5,0,27,5,0,0,4,18
S01013170,85 and over,10,0,0,0,10,2,0,0,1,7
S01013171,All HRPs,249,157,142,15,92,37,4,12,23,16
S01013171,24 and under,2,0,0,0,2,2,0,0,0,0
S01013171,25 to 34,19,10,7,3,9,8,1,0,0,0
S01013171,35 to 49,102,71,63,8,31,14,1,7,9,0
S01013171,50 to 64,83,52,49,3,31,10,0,5,13,3
S01013171,65 to 74,19,13,12,1,6,2,2,0,0,2
S01013171,75 to 84,16,10,10,0,6,0,0,0,1,5
S01013171,85 and over,8,1,1,0,7,1,0,0,0,6
S01013172,All HRPs,319,164,138,26,155,63,3,20,36,33
S01013172,24 and under,7,2,1,1,5,3,0,2,0,0
S01013172,25 to 34,35,16,6,10,19,16,0,3,0,0
S01013172,35 to 49,86,49,39,10,37,22,1,5,7,2
S01013172,50 to 64,112,62,57,5,50,13,2,9,18,8
S01013172,65 to 74,50,22,22,0,28,7,0,1,7,13
S01013172,75 to 84,22,12,12,0,10,2,0,0,3,5
S01013172,85 and over,7,1,1,0,6,0,0,0,1,5
S01013173,All HRPs,358,191,159,32,167,78,3,19,32,35
S01013173,24 and under,12,3,0,3,9,9,0,0,0,0
S01013173,25 to 34,50,27,12,15,23,19,0,4,0,0
S01013173,35 to 49,108,63,57,6,45,31,1,6,7,0
S01013173,50 to 64,125,71,64,7,54,12,1,9,18,14
S01013173,65 to 74,36,19,19,0,17,4,0,0,4,9
S01013173,75 to 84,24,8,7,1,16,3,0,0,3,10
S01013173,85 and over,3,0,0,0,3,0,1,0,0,2
S01013174,All HRPs,284,211,201,10,73,19,2,13,15,24
S01013174,24 and under,0,0,0,0,0,0,0,0,0,0
S01013174,25 to 34,24,15,12,3,9,8,0,1,0,0
S01013174,35 to 49,118,95,91,4,23,3,1,10,8,1
S01013174,50 to 64,100,81,78,3,19,5,0,2,5,7
S01013174,65 to 74,22,11,11,0,11,3,1,0,1,6
S01013174,75 to 84,17,9,9,0,8,0,0,0,0,8
S01013174,85 and over,3,0,0,0,3,0,0,0,1,2
S01013175,All HRPs,343,219,189,30,124,45,0,22,21,36
S01013175,24 and under,4,0,0,0,4,4,0,0,0,0
S01013175,25 to 34,28,17,5,12,11,10,0,1,0,0
S01013175,35 to 49,136,98,90,8,38,18,0,8,9,3
S01013175,50 to 64,111,75,66,9,36,11,0,11,8,6
S01013175,65 to 74,31,17,17,0,14,0,0,1,2,11
S01013175,75 to 84,26,9,9,0,17,2,0,1,2,12
S01013175,85 and over,7,3,2,1,4,0,0,0,0,4
S01013176,All HRPs,411,174,142,32,237,89,7,29,35,77
S01013176,24 and under,12,1,0,1,11,10,0,1,0,0
S01013176,25 to 34,51,19,6,13,32,30,0,2,0,0
S01013176,35 to 49,87,38,29,9,49,27,1,13,6,2
S01013176,50 to 64,126,66,60,6,60,10,2,12,21,15
S01013176,65 to 74,64,29,28,1,35,5,3,1,4,22
S01013176,75 to 84,43,17,15,2,26,6,0,0,2,18
S01013176,85 and over,28,4,4,0,24,1,1,0,2,20
S01013177,All HRPs,290,155,132,23,135,66,2,10,23,34
S01013177,24 and under,6,0,0,0,6,6,0,0,0,0
S01013177,25 to 34,46,22,13,9,24,24,0,0,0,0
S01013177,35 to 49,75,44,33,11,31,21,0,7,3,0
S01013177,50 to 64,88,54,52,2,34,7,2,1,12,12
S01013177,65 to 74,40,20,20,0,20,5,0,2,7,6
S01013177,75 to 84,25,13,13,0,12,1,0,0,1,10
S01013177,85 and over,10,2,1,1,8,2,0,0,0,6
S01013178,All HRPs,346,175,128,47,171,67,0,24,34,46
S01013178,24 and under,11,3,0,3,8,8,0,0,0,0
S01013178,25 to 34,46,25,6,19,21,20,0,0,1,0
S01013178,35 to 49,94,52,38,14,42,25,0,6,10,1
S01013178,50 to 64,98,56,47,9,42,11,0,15,12,4
S01013178,65 to 74,60,28,26,2,32,2,0,2,11,17
S01013178,75 to 84,28,10,10,0,18,1,0,1,0,16
S01013178,85 and over,9,1,1,0,8,0,0,0,0,8
S01013179,All HRPs,363,197,175,22,166,70,2,15,32,47
S01013179,24 and under,23,2,0,2,21,20,0,0,0,1
S01013179,25 to 34,36,13,11,2,23,20,1,2,0,0
S01013179,35 to 49,79,46,33,13,33,18,0,7,8,0
S01013179,50 to 64,132,90,88,2,42,5,1,6,21,9
S01013179,65 to 74,54,32,31,1,22,6,0,0,3,13
S01013179,75 to 84,35,13,11,2,22,1,0,0,0,21
S01013179,85 and over,4,1,1,0,3,0,0,0,0,3
S01013180,All HRPs,170,116,102,14,54,15,4,13,9,13
S01013180,24 and under,4,2,0,2,2,1,0,1,0,0
S01013180,25 to 34,12,9,5,4,3,3,0,0,0,0
S01013180,35 to 49,67,49,41,8,18,7,1,7,2,1
S01013180,50 to 64,63,45,45,0,18,3,2,4,5,4
S01013180,65 to 74,19,9,9,0,10,0,1,1,2,6
S01013180,75 to 84,5,2,2,0,3,1,0,0,0,2
S01013180,85 and over,0,0,0,0,0,0,0,0,0,0
S01013181,All HRPs,310,187,163,24,123,22,4,13,25,59
S01013181,24 and under,4,0,0,0,4,3,0,1,0,0
S01013181,25 to 34,20,15,9,6,5,5,0,0,0,0
S01013181,35 to 49,83,61,47,14,22,5,0,8,7,2
S01013181,50 to 64,106,75,72,3,31,7,2,4,14,4
S01013181,65 to 74,40,20,19,1,20,0,0,0,4,16
S01013181,75 to 84,44,15,15,0,29,2,1,0,0,26
S01013181,85 and over,13,1,1,0,12,0,1,0,0,11
S01013182,All HRPs,372,138,112,26,234,89,2,20,52,71
S01013182,24 and under,5,2,0,2,3,3,0,0,0,0
S01013182,25 to 34,35,13,4,9,22,19,0,2,1,0
S01013182,35 to 49,87,43,35,8,44,23,0,7,14,0
S01013182,50 to 64,104,42,36,6,62,23,0,7,23,9
S01013182,65 to 74,60,22,21,1,38,7,1,4,8,18
S01013182,75 to 84,57,14,14,0,43,11,1,0,4,27
S01013182,85 and over,24,2,2,0,22,3,0,0,2,17
S01013183,All HRPs,334,233,215,18,101,34,0,6,32,29
S01013183,24 and under,3,1,0,1,2,2,0,0,0,0
S01013183,25 to 34,26,15,10,5,11,10,0,0,1,0
S01013183,35 to 49,95,71,60,11,24,11,0,3,8,2
S01013183,50 to 64,135,105,104,1,30,6,0,3,17,4
S01013183,65 to 74,41,23,23,0,18,3,0,0,3,12
S01013183,75 to 84,31,17,17,0,14,2,0,0,3,9
S01013183,85 and over,3,1,1,0,2,0,0,0,0,2
S01013184,All HRPs,279,74,45,29,205,102,1,21,51,30
S01013184,24 and under,20,0,0,0,20,20,0,0,0,0
S01013184,25 to 34,59,20,10,10,39,33,1,3,2,0
S01013184,35 to 49,90,23,9,14,67,39,0,5,22,1
S01013184,50 to 64,72,22,17,5,50,8,0,12,20,10
S01013184,65 to 74,18,5,5,0,13,0,0,1,6,6
S01013184,75 to 84,15,3,3,0,12,2,0,0,1,9
S01013184,85 and over,5,1,1,0,4,0,0,0,0,4
S01013185,All HRPs,362,145,103,42,217,83,3,23,54,54
S01013185,24 and under,16,3,0,3,13,13,0,0,0,0
S01013185,25 to 34,54,24,7,17,30,28,0,2,0,0
S01013185,35 to 49,112,52,37,15,60,25,2,13,20,0
S01013185,50 to 64,89,35,29,6,54,13,1,8,22,10
S01013185,65 to 74,45,20,20,0,25,2,0,0,6,17
S01013185,75 to 84,31,10,9,1,21,0,0,0,6,15
S01013185,85 and over,15,1,1,0,14,2,0,0,0,12
S01013186,All HRPs,292,113,71,42,179,79,1,24,39,36
S01013186,24 and under,25,7,1,6,18,18,0,0,0,0
S01013186,25 to 34,53,23,11,12,30,26,1,3,0,0
S01013186,35 to 49,86,37,22,15,49,24,0,12,11,2
S01013186,50 to 64,76,33,25,8,43,7,0,9,22,5
S01013186,65 to 74,29,9,8,1,20,3,0,0,5,12
S01013186,75 to 84,16,4,4,0,12,1,0,0,1,10
S01013186,85 and over,7,0,0,0,7,0,0,0,0,7
S01013187,All HRPs,386,150,101,49,236,101,6,25,55,49
S01013187,24 and under,21,7,0,7,14,13,1,0,0,0
S01013187,25 to 34,67,35,11,24,32,31,1,0,0,0
S01013187,35 to 49,120,47,32,15,73,39,1,13,18,2
S01013187,50 to 64,96,35,32,3,61,14,3,9,29,6
S01013187,65 to 74,47,16,16,0,31,4,0,3,6,18
S01013187,75 to 84,30,10,10,0,20,0,0,0,2,18
S01013187,85 and over,5,0,0,0,5,0,0,0,0,5
S01013188,All HRPs,348,216,188,28,132,49,3,18,29,33
S01013188,24 and under,5,1,0,1,4,4,0,0,0,0
S01013188,25 to 34,45,26,15,11,19,18,0,1,0,0
S01013188,35 to 49,115,73,63,10,42,18,1,12,10,1
S01013188,50 to 64,95,64,59,5,31,6,2,5,13,5
S01013188,65 to 74,47,35,34,1,12,1,0,0,5,6
S01013188,75 to 84,33,16,16,0,17,2,0,0,1,14
S01013188,85 and over,8,1,1,0,7,0,0,0,0,7
S01013189,All HRPs,238,157,143,14,81,23,1,9,11,37
S01013189,24 and under,2,1,0,1,1,1,0,0,0,0
S01013189,25 to 34,14,12,7,5,2,1,0,1,0,0
S01013189,35 to 49,61,46,44,2,15,7,1,5,0,2
S01013189,50 to 64,79,61,57,4,18,8,0,2,8,0
S01013189,65 to 74,48,23,22,1,25,4,0,1,3,17
S01013189,75 to 84,26,12,11,1,14,2,0,0,0,12
S01013189,85 and over,8,2,2,0,6,0,0,0,0,6
S01013190,All HRPs,367,165,141,24,202,72,4,20,42,64
S01013190,24 and under,6,2,1,1,4,4,0,0,0,0
S01013190,25 to 34,33,19,10,9,14,11,1,2,0,0
S01013190,35 to 49,128,75,64,11,53,29,1,8,11,4
S01013190,50 to 64,91,39,37,2,52,16,2,6,20,8
S01013190,65 to 74,58,20,20,0,38,9,0,4,10,15
S01013190,75 to 84,36,7,6,1,29,2,0,0,1,26
S01013190,85 and over,15,3,3,0,12,1,0,0,0,11
S01013191,All HRPs,386,295,262,33,91,22,3,10,22,34
S01013191,24 and under,1,1,0,1,0,0,0,0,0,0
S01013191,25 to 34,28,25,22,3,3,1,1,1,0,0
S01013191,35 to 49,163,134,106,28,29,10,2,7,9,1
S01013191,50 to 64,121,100,99,1,21,7,0,1,9,4
S01013191,65 to 74,37,22,22,0,15,4,0,0,4,7
S01013191,75 to 84,29,10,10,0,19,0,0,0,0,19
S01013191,85 and over,7,3,3,0,4,0,0,1,0,3
S01013192,All HRPs,417,207,169,38,210,74,5,24,42,65
S01013192,24 and under,8,3,1,2,5,5,0,0,0,0
S01013192,25 to 34,48,23,9,14,25,24,1,0,0,0
S01013192,35 to 49,102,61,48,13,41,19,3,12,7,0
S01013192,50 to 64,136,76,69,7,60,14,0,9,25,12
S01013192,65 to 74,55,26,24,2,29,7,0,2,5,15
S01013192,75 to 84,48,16,16,0,32,4,1,1,3,23
S01013192,85 and over,20,2,2,0,18,1,0,0,2,15
S01013193,All HRPs,356,139,106,33,217,102,1,23,48,43
S01013193,24 and under,23,6,2,4,17,17,0,0,0,0
S01013193,25 to 34,64,25,11,14,39,37,0,2,0,0
S01013193,35 to 49,91,31,25,6,60,31,1,11,16,1
S01013193,50 to 64,93,48,41,7,45,10,0,8,23,4
S01013193,65 to 74,41,15,14,1,26,5,0,1,5,15
S01013193,75 to 84,36,14,13,1,22,1,0,1,4,16
S01013193,85 and over,8,0,0,0,8,1,0,0,0,7
S01013194,All HRPs,319,117,81,36,202,101,2,21,48,30
S01013194,24 and under,16,7,0,7,9,9,0,0,0,0
S01013194,25 to 34,69,30,8,22,39,35,0,4,0,0
S01013194,35 to 49,107,30,24,6,77,43,0,13,20,1
S01013194,50 to 64,72,31,30,1,41,8,2,2,23,6
S01013194,65 to 74,39,14,14,0,25,6,0,2,4,13
S01013194,75 to 84,11,4,4,0,7,0,0,0,1,6
S01013194,85 and over,5,1,1,0,4,0,0,0,0,4
S01013195,All HRPs,597,178,113,65,419,230,2,35,68,84
S01013195,24 and under,61,10,1,9,51,50,0,0,1,0
S01013195,25 to 34,100,49,15,34,51,50,0,0,1,0
S01013195,35 to 49,163,50,38,12,113,68,0,20,24,1
S01013195,50 to 64,118,37,29,8,81,37,1,10,31,2
S01013195,65 to 74,51,19,17,2,32,10,0,1,7,14
S01013195,75 to 84,69,11,11,0,58,13,0,3,4,38
S01013195,85 and over,35,2,2,0,33,2,1,1,0,29
S01013196,All HRPs,371,131,86,45,240,130,1,29,41,39
S01013196,24 and under,13,2,0,2,11,11,0,0,0,0
S01013196,25 to 34,81,35,14,21,46,44,0,2,0,0
S01013196,35 to 49,108,38,25,13,70,45,0,10,14,1
S01013196,50 to 64,91,29,23,6,62,17,1,14,21,9
S01013196,65 to 74,30,13,11,2,17,3,0,3,5,6
S01013196,75 to 84,38,12,11,1,26,7,0,0,1,18
S01013196,85 and over,10,2,2,0,8,3,0,0,0,5
S01013197,All HRPs,262,133,123,10,129,29,1,15,29,55
S01013197,24 and under,1,0,0,0,1,1,0,0,0,0
S01013197,25 to 34,14,7,4,3,7,6,0,1,0,0
S01013197,35 to 49,54,37,33,4,17,10,0,0,7,0
S01013197,50 to 64,83,53,51,2,30,6,0,7,13,4
S01013197,65 to 74,50,21,20,1,29,4,0,6,4,15
S01013197,75 to 84,44,14,14,0,30,1,1,1,5,22
S01013197,85 and over,16,1,1,0,15,1,0,0,0,14
S01013198,All HRPs,379,159,134,25,220,64,1,24,53,78
S01013198,24 and under,5,1,0,1,4,4,0,0,0,0
S01013198,25 to 34,42,23,8,15,19,17,0,1,1,0
S01013198,35 to 49,81,33,30,3,48,23,0,12,13,0
S01013198,50 to 64,130,67,62,5,63,10,0,9,32,12
S01013198,65 to 74,57,21,20,1,36,6,0,2,3,25
S01013198,75 to 84,45,14,14,0,31,2,1,0,3,25
S01013198,85 and over,19,0,0,0,19,2,0,0,1,16
S01013199,All HRPs,488,196,170,26,292,94,2,25,62,109
S01013199,24 and under,6,1,0,1,5,5,0,0,0,0
S01013199,25 to 34,36,20,11,9,16,13,0,3,0,0
S01013199,35 to 49,94,45,38,7,49,30,0,5,14,0
S01013199,50 to 64,160,87,79,8,73,18,1,14,30,10
S01013199,65 to 74,85,27,26,1,58,17,1,3,13,24
S01013199,75 to 84,79,14,14,0,65,9,0,0,4,52
S01013199,85 and over,28,2,2,0,26,2,0,0,1,23
S01013200,All HRPs,313,137,113,24,176,65,1,30,31,49
S01013200,24 and under,12,3,1,2,9,9,0,0,0,0
S01013200,25 to 34,42,22,9,13,20,14,0,6,0,0
S01013200,35 to 49,91,40,33,7,51,29,0,11,9,2
S01013200,50 to 64,84,45,43,2,39,4,0,9,16,10
S01013200,65 to 74,51,21,21,0,30,5,1,4,6,14
S01013200,75 to 84,26,6,6,0,20,3,0,0,0,17
S01013200,85 and over,7,0,0,0,7,1,0,0,0,6
S01013201,All HRPs,380,99,78,21,281,127,2,29,76,47
S01013201,24 and under,19,2,1,1,17,17,0,0,0,0
S01013201,25 to 34,47,12,3,9,35,31,0,3,1,0
S01013201,35 to 49,130,36,26,10,94,40,1,13,36,4
S01013201,50 to 64,106,28,27,1,78,29,0,10,31,8
S01013201,65 to 74,42,14,14,0,28,4,0,2,6,16
S01013201,75 to 84,32,6,6,0,26,6,0,1,2,17
S01013201,85 and over,4,1,1,0,3,0,1,0,0,2
S01013202,All HRPs,235,103,87,16,132,71,1,19,28,13
S01013202,24 and under,19,2,1,1,17,16,0,1,0,0
S01013202,25 to 34,32,9,3,6,23,20,0,2,1,0
S01013202,35 to 49,79,30,24,6,49,23,0,9,16,1
S01013202,50 to 64,62,33,30,3,29,8,0,6,10,5
S01013202,65 to 74,25,18,18,0,7,2,1,1,0,3
S01013202,75 to 84,14,10,10,0,4,0,0,0,1,3
S01013202,85 and over,4,1,1,0,3,2,0,0,0,1
S01013203,All HRPs,355,133,97,36,222,99,1,23,48,51
S01013203,24 and under,32,7,1,6,25,24,0,0,1,0
S01013203,25 to 34,42,20,10,10,22,18,1,3,0,0
S01013203,35 to 49,105,45,29,16,60,37,0,7,16,0
S01013203,50 to 64,102,41,38,3,61,14,0,11,26,10
S01013203,65 to 74,39,14,14,0,25,5,0,1,3,16
S01013203,75 to 84,22,3,3,0,19,1,0,1,2,15
S01013203,85 and over,13,3,2,1,10,0,0,0,0,10
S01013204,All HRPs,332,204,176,28,128,49,1,19,38,21
S01013204,24 and under,7,1,1,0,6,6,0,0,0,0
S01013204,25 to 34,32,22,15,7,10,10,0,0,0,0
S01013204,35 to 49,144,89,76,13,55,26,0,12,17,0
S01013204,50 to 64,98,64,57,7,34,5,1,5,14,9
S01013204,65 to 74,32,21,20,1,11,1,0,1,4,5
S01013204,75 to 84,17,6,6,0,11,1,0,1,2,7
S01013204,85 and over,2,1,1,0,1,0,0,0,1,0
S01013205,All HRPs,240,104,74,30,136,64,0,18,31,23
S01013205,24 and under,13,1,0,1,12,12,0,0,0,0
S01013205,25 to 34,49,15,3,12,34,28,0,3,3,0
S01013205,35 to 49,62,31,20,11,31,11,0,9,10,1
S01013205,50 to 64,70,38,32,6,32,10,0,4,14,4
S01013205,65 to 74,28,12,12,0,16,3,0,2,4,7
S01013205,75 to 84,13,7,7,0,6,0,0,0,0,6
S01013205,85 and over,5,0,0,0,5,0,0,0,0,5
S01013206,All HRPs,298,114,84,30,184,85,0,14,51,34
S01013206,24 and under,15,2,0,2,13,13,0,0,0,0
S01013206,25 to 34,40,14,5,9,26,22,0,2,2,0
S01013206,35 to 49,89,37,26,11,52,33,0,3,15,1
S01013206,50 to 64,84,38,30,8,46,12,0,7,22,5
S01013206,65 to 74,45,19,19,0,26,3,0,2,10,11
S01013206,75 to 84,15,3,3,0,12,0,0,0,2,10
S01013206,85 and over,10,1,1,0,9,2,0,0,0,7
S01013207,All HRPs,390,156,122,34,234,102,1,27,62,42
S01013207,24 and under,35,4,0,4,31,31,0,0,0,0
S01013207,25 to 34,46,19,10,9,27,24,0,1,2,0
S01013207,35 to 49,91,40,31,9,51,30,0,13,6,2
S01013207,50 to 64,121,62,52,10,59,10,1,7,32,9
S01013207,65 to 74,57,20,18,2,37,5,0,4,18,10
S01013207,75 to 84,26,8,8,0,18,2,0,2,2,12
S01013207,85 and over,14,3,3,0,11,0,0,0,2,9
S01013208,All HRPs,436,166,122,44,270,137,1,29,69,34
S01013208,24 and under,22,1,0,1,21,21,0,0,0,0
S01013208,25 to 34,56,24,8,16,32,30,0,1,1,0
S01013208,35 to 49,161,64,52,12,97,59,1,12,19,6
S01013208,50 to 64,135,52,40,12,83,20,0,13,41,9
S01013208,65 to 74,41,19,16,3,22,4,0,2,7,9
S01013208,75 to 84,19,6,6,0,13,3,0,0,1,9
S01013208,85 and over,2,0,0,0,2,0,0,1,0,1
S01013209,All HRPs,435,173,130,43,262,109,4,29,67,53
S01013209,24 and under,24,7,0,7,17,17,0,0,0,0
S01013209,25 to 34,45,20,6,14,25,23,1,1,0,0
S01013209,35 to 49,116,43,29,14,73,41,1,9,21,1
S01013209,50 to 64,121,57,52,5,64,9,2,14,31,8
S01013209,65 to 74,60,22,20,2,38,12,0,3,8,15
S01013209,75 to 84,52,20,20,0,32,5,0,2,6,19
S01013209,85 and over,17,4,3,1,13,2,0,0,1,10
S01013210,All HRPs,253,159,143,16,94,27,1,5,23,38
S01013210,24 and under,4,0,0,0,4,4,0,0,0,0
S01013210,25 to 34,18,11,2,9,7,7,0,0,0,0
S01013210,35 to 49,66,43,36,7,23,13,0,3,7,0
S01013210,50 to 64,95,66,66,0,29,3,1,2,14,9
S01013210,65 to 74,43,26,26,0,17,0,0,0,2,15
S01013210,75 to 84,18,11,11,0,7,0,0,0,0,7
S01013210,85 and over,9,2,2,0,7,0,0,0,0,7
S01013211,All HRPs,411,200,156,44,211,76,1,29,53,52
S01013211,24 and under,14,6,0,6,8,8,0,0,0,0
S01013211,25 to 34,51,26,8,18,25,23,0,1,1,0
S01013211,35 to 49,132,57,46,11,75,37,1,10,24,3
S01013211,50 to 64,125,77,69,8,48,6,0,16,18,8
S01013211,65 to 74,48,23,22,1,25,1,0,1,8,15
S01013211,75 to 84,31,8,8,0,23,1,0,1,1,20
S01013211,85 and over,10,3,3,0,7,0,0,0,1,6
S01013212,All HRPs,192,155,142,13,37,7,2,8,15,5
S01013212,24 and under,2,1,0,1,1,1,0,0,0,0
S01013212,25 to 34,9,9,9,0,0,0,0,0,0,0
S01013212,35 to 49,78,60,54,6,18,4,2,7,5,0
S01013212,50 to 64,91,77,71,6,14,2,0,1,9,2
S01013212,65 to 74,9,7,7,0,2,0,0,0,1,1
S01013212,75 to 84,3,1,1,0,2,0,0,0,0,2
S01013212,85 and over,0,0,0,0,0,0,0,0,0,0
S01013213,All HRPs,197,159,138,21,38,10,2,7,11,8
S01013213,24 and under,2,1,1,0,1,1,0,0,0,0
S01013213,25 to 34,13,12,9,3,1,0,0,1,0,0
S01013213,35 to 49,78,62,51,11,16,4,1,6,5,0
S01013213,50 to 64,82,70,64,6,12,4,0,0,5,3
S01013213,65 to 74,17,11,10,1,6,1,1,0,1,3
S01013213,75 to 84,5,3,3,0,2,0,0,0,0,2
S01013213,85 and over,0,0,0,0,0,0,0,0,0,0
S01013214,All HRPs,159,118,101,17,41,13,3,3,10,12
S01013214,24 and under,1,1,0,1,0,0,0,0,0,0
S01013214,25 to 34,16,13,7,6,3,2,1,0,0,0
S01013214,35 to 49,75,58,53,5,17,6,1,3,7,0
S01013214,50 to 64,50,38,33,5,12,4,1,0,2,5
S01013214,65 to 74,10,7,7,0,3,0,0,0,0,3
S01013214,75 to 84,7,1,1,0,6,1,0,0,1,4
S01013214,85 and over,0,0,0,0,0,0,0,0,0,0
S01013215,All HRPs,385,179,140,39,206,105,3,25,46,27
S01013215,24 and under,31,6,0,6,25,25,0,0,0,0
S01013215,25 to 34,64,36,16,20,28,24,0,2,2,0
S01013215,35 to 49,129,49,42,7,80,51,1,11,15,2
S01013215,50 to 64,106,56,52,4,50,5,1,10,26,8
S01013215,65 to 74,46,29,27,2,17,0,0,1,2,14
S01013215,75 to 84,9,3,3,0,6,0,1,1,1,3
S01013215,85 and over,0,0,0,0,0,0,0,0,0,0
S01013216,All HRPs,237,105,76,29,132,62,0,14,37,19
S01013216,24 and under,14,3,0,3,11,11,0,0,0,0
S01013216,25 to 34,40,22,9,13,18,14,0,2,2,0
S01013216,35 to 49,80,34,27,7,46,30,0,5,9,2
S01013216,50 to 64,74,34,29,5,40,6,0,6,21,7
S01013216,65 to 74,22,10,9,1,12,1,0,1,5,5
S01013216,75 to 84,4,2,2,0,2,0,0,0,0,2
S01013216,85 and over,3,0,0,0,3,0,0,0,0,3
S01013217,All HRPs,279,154,135,19,125,48,2,14,31,30
S01013217,24 and under,9,3,1,2,6,6,0,0,0,0
S01013217,25 to 34,39,18,13,5,21,19,0,0,2,0
S01013217,35 to 49,84,47,40,7,37,17,0,9,8,3
S01013217,50 to 64,94,57,52,5,37,6,1,5,19,6
S01013217,65 to 74,36,21,21,0,15,0,1,0,2,12
S01013217,75 to 84,15,8,8,0,7,0,0,0,0,7
S01013217,85 and over,2,0,0,0,2,0,0,0,0,2
S01013218,All HRPs,251,109,76,33,142,76,0,13,34,19
S01013218,24 and under,21,4,0,4,17,17,0,0,0,0
S01013218,25 to 34,47,18,6,12,29,25,0,3,1,0
S01013218,35 to 49,78,30,21,9,48,25,0,4,18,1
S01013218,50 to 64,67,36,30,6,31,7,0,5,12,7
S01013218,65 to 74,29,16,14,2,13,2,0,1,3,7
S01013218,75 to 84,9,5,5,0,4,0,0,0,0,4
S01013218,85 and over,0,0,0,0,0,0,0,0,0,0
S01013219,All HRPs,220,111,84,27,109,54,0,15,26,14
S01013219,24 and under,9,2,1,1,7,7,0,0,0,0
S01013219,25 to 34,34,12,6,6,22,20,0,2,0,0
S01013219,35 to 49,61,27,18,9,34,20,0,6,6,2
S01013219,50 to 64,84,54,45,9,30,6,0,5,15,4
S01013219,65 to 74,17,9,8,1,8,1,0,2,2,3
S01013219,75 to 84,12,7,6,1,5,0,0,0,3,2
S01013219,85 and over,3,0,0,0,3,0,0,0,0,3
S01013220,All HRPs,313,114,93,21,199,95,4,21,49,30
S01013220,24 and under,26,4,1,3,22,22,0,0,0,0
S01013220,25 to 34,35,14,7,7,21,18,0,2,1,0
S01013220,35 to 49,108,34,28,6,74,41,1,12,20,0
S01013220,50 to 64,59,31,28,3,28,9,1,2,12,4
S01013220,65 to 74,58,23,22,1,35,3,0,4,15,13
S01013220,75 to 84,20,8,7,1,12,0,2,1,1,8
S01013220,85 and over,7,0,0,0,7,2,0,0,0,5
S01013221,All HRPs,382,188,150,38,194,65,4,24,65,36
S01013221,24 and under,15,5,0,5,10,10,0,0,0,0
S01013221,25 to 34,35,19,9,10,16,16,0,0,0,0
S01013221,35 to 49,127,61,46,15,66,26,1,8,29,2
S01013221,50 to 64,116,58,52,6,58,10,1,13,27,7
S01013221,65 to 74,56,29,29,0,27,3,0,3,9,12
S01013221,75 to 84,29,14,12,2,15,0,2,0,0,13
S01013221,85 and over,4,2,2,0,2,0,0,0,0,2
S01013222,All HRPs,316,92,66,26,224,93,2,21,55,53
S01013222,24 and under,18,3,0,3,15,15,0,0,0,0
S01013222,25 to 34,32,12,3,9,20,16,0,1,2,1
S01013222,35 to 49,92,32,25,7,60,32,2,5,16,5
S01013222,50 to 64,91,26,24,2,65,24,0,10,23,8
S01013222,65 to 74,43,11,9,2,32,3,0,4,10,15
S01013222,75 to 84,32,8,5,3,24,2,0,1,3,18
S01013222,85 and over,8,0,0,0,8,1,0,0,1,6
S01013223,All HRPs,637,198,151,47,439,180,8,35,79,137
S01013223,24 and under,48,16,2,14,32,30,0,2,0,0
S01013223,25 to 34,91,33,15,18,58,58,0,0,0,0
S01013223,35 to 49,153,63,57,6,90,52,2,13,22,1
S01013223,50 to 64,123,44,38,6,79,25,3,13,29,9
S01013223,65 to 74,85,26,23,3,59,6,1,4,16,32
S01013223,75 to 84,87,14,14,0,73,7,1,3,11,51
S01013223,85 and over,50,2,2,0,48,2,1,0,1,44
S01013224,All HRPs,370,173,142,31,197,79,2,21,52,43
S01013224,24 and under,15,5,1,4,10,10,0,0,0,0
S01013224,25 to 34,45,25,11,14,20,19,0,0,1,0
S01013224,35 to 49,122,53,45,8,69,36,0,14,18,1
S01013224,50 to 64,119,68,64,4,51,11,2,7,19,12
S01013224,65 to 74,36,16,16,0,20,2,0,0,8,10
S01013224,75 to 84,27,6,5,1,21,1,0,0,5,15
S01013224,85 and over,6,0,0,0,6,0,0,0,1,5
S01013225,All HRPs,315,143,112,31,172,66,2,26,41,37
S01013225,24 and under,10,2,0,2,8,8,0,0,0,0
S01013225,25 to 34,36,18,9,9,18,15,1,2,0,0
S01013225,35 to 49,108,46,35,11,62,25,1,18,17,1
S01013225,50 to 64,91,52,46,6,39,8,0,4,17,10
S01013225,65 to 74,43,21,18,3,22,6,0,2,3,11
S01013225,75 to 84,21,4,4,0,17,3,0,0,3,11
S01013225,85 and over,6,0,0,0,6,1,0,0,1,4
S01013226,All HRPs,207,129,111,18,78,29,0,17,21,11
S01013226,24 and under,3,1,0,1,2,2,0,0,0,0
S01013226,25 to 34,27,19,12,7,8,5,0,3,0,0
S01013226,35 to 49,93,57,51,6,36,17,0,8,9,2
S01013226,50 to 64,59,38,34,4,21,3,0,6,11,1
S01013226,65 to 74,13,10,10,0,3,1,0,0,0,2
S01013226,75 to 84,11,4,4,0,7,1,0,0,1,5
S01013226,85 and over,1,0,0,0,1,0,0,0,0,1
S01013227,All HRPs,366,115,89,26,251,117,3,15,54,62
S01013227,24 and under,27,2,0,2,25,25,0,0,0,0
S01013227,25 to 34,51,15,6,9,36,31,2,2,1,0
S01013227,35 to 49,105,44,33,11,61,43,0,9,8,1
S01013227,50 to 64,81,29,26,3,52,14,0,3,27,8
S01013227,65 to 74,53,15,15,0,38,4,0,1,12,21
S01013227,75 to 84,42,10,9,1,32,0,1,0,5,26
S01013227,85 and over,7,0,0,0,7,0,0,0,1,6
S01013228,All HRPs,416,122,98,24,294,159,5,25,63,42
S01013228,24 and under,32,4,0,4,28,28,0,0,0,0
S01013228,25 to 34,82,21,13,8,61,58,1,2,0,0
S01013228,35 to 49,124,38,30,8,86,54,1,10,19,2
S01013228,50 to 64,110,41,37,4,69,13,2,8,36,10
S01013228,65 to 74,43,13,13,0,30,2,1,5,7,15
S01013228,75 to 84,16,5,5,0,11,2,0,0,1,8
S01013228,85 and over,9,0,0,0,9,2,0,0,0,7
S01013229,All HRPs,370,142,109,33,228,104,2,23,49,50
S01013229,24 and under,25,6,0,6,19,19,0,0,0,0
S01013229,25 to 34,55,20,8,12,35,33,1,1,0,0
S01013229,35 to 49,104,47,41,6,57,28,1,10,17,1
S01013229,50 to 64,99,45,39,6,54,15,0,6,23,10
S01013229,65 to 74,53,17,14,3,36,7,0,6,6,17
S01013229,75 to 84,26,6,6,0,20,1,0,0,3,16
S01013229,85 and over,8,1,1,0,7,1,0,0,0,6
S01013230,All HRPs,327,147,118,29,180,64,0,22,36,58
S01013230,24 and under,10,3,0,3,7,7,0,0,0,0
S01013230,25 to 34,30,13,5,8,17,15,0,2,0,0
S01013230,35 to 49,65,37,26,11,28,14,0,9,5,0
S01013230,50 to 64,94,47,43,4,47,15,0,6,17,9
S01013230,65 to 74,57,24,22,2,33,4,0,4,13,12
S01013230,75 to 84,57,23,22,1,34,6,0,1,1,26
S01013230,85 and over,14,0,0,0,14,3,0,0,0,11
S01013231,All HRPs,374,154,121,33,220,81,2,17,60,60
S01013231,24 and under,18,5,0,5,13,13,0,0,0,0
S01013231,25 to 34,36,18,9,9,18,13,0,5,0,0
S01013231,35 to 49,97,54,43,11,43,25,0,4,14,0
S01013231,50 to 64,119,52,44,8,67,20,1,5,30,11
S01013231,65 to 74,46,16,16,0,30,6,0,3,8,13
S01013231,75 to 84,51,9,9,0,42,3,1,0,8,30
S01013231,85 and over,7,0,0,0,7,1,0,0,0,6
S01013232,All HRPs,331,146,121,25,185,65,2,17,44,57
S01013232,24 and under,12,1,0,1,11,11,0,0,0,0
S01013232,25 to 34,30,17,10,7,13,11,0,2,0,0
S01013232,35 to 49,70,30,23,7,40,16,0,9,14,1
S01013232,50 to 64,98,61,52,9,37,12,0,4,16,5
S01013232,65 to 74,60,23,23,0,37,7,2,2,8,18
S01013232,75 to 84,48,14,13,1,34,7,0,0,4,23
S01013232,85 and over,13,0,0,0,13,1,0,0,2,10
S01013233,All HRPs,262,149,130,19,113,39,2,11,22,39
S01013233,24 and under,10,0,0,0,10,10,0,0,0,0
S01013233,25 to 34,10,7,1,6,3,3,0,0,0,0
S01013233,35 to 49,55,32,26,6,23,11,0,5,7,0
S01013233,50 to 64,95,73,67,6,22,4,1,4,9,4
S01013233,65 to 74,36,18,17,1,18,3,0,1,4,10
S01013233,75 to 84,45,17,17,0,28,3,1,1,2,21
S01013233,85 and over,11,2,2,0,9,5,0,0,0,4
S01013234,All HRPs,137,109,98,11,28,4,1,3,14,6
S01013234,24 and under,0,0,0,0,0,0,0,0,0,0
S01013234,25 to 34,5,4,3,1,1,1,0,0,0,0
S01013234,35 to 49,50,42,37,5,8,2,0,1,5,0
S01013234,50 to 64,62,51,46,5,11,1,0,2,7,1
S01013234,65 to 74,15,7,7,0,8,0,1,0,2,5
S01013234,75 to 84,5,5,5,0,0,0,0,0,0,0
S01013234,85 and over,0,0,0,0,0,0,0,0,0,0
S01013235,All HRPs,386,177,141,36,209,74,4,12,47,72
S01013235,24 and under,12,2,0,2,10,10,0,0,0,0
S01013235,25 to 34,37,25,10,15,12,11,0,1,0,0
S01013235,35 to 49,106,52,39,13,54,36,2,4,12,0
S01013235,50 to 64,106,58,52,6,48,9,1,4,23,11
S01013235,65 to 74,60,26,26,0,34,3,1,1,10,19
S01013235,75 to 84,51,13,13,0,38,4,0,2,2,30
S01013235,85 and over,14,1,1,0,13,1,0,0,0,12
S01013236,All HRPs,381,249,223,26,132,47,1,5,27,52
S01013236,24 and under,6,1,0,1,5,5,0,0,0,0
S01013236,25 to 34,18,11,9,2,7,7,0,0,0,0
S01013236,35 to 49,90,61,45,16,29,15,1,3,9,1
S01013236,50 to 64,130,85,78,7,45,12,0,2,16,15
S01013236,65 to 74,75,57,57,0,18,5,0,0,2,11
S01013236,75 to 84,51,33,33,0,18,3,0,0,0,15
S01013236,85 and over,11,1,1,0,10,0,0,0,0,10
S01013237,All HRPs,360,180,148,32,180,90,7,16,33,34
S01013237,24 and under,19,1,0,1,18,18,0,0,0,0
S01013237,25 to 34,50,26,13,13,24,24,0,0,0,0
S01013237,35 to 49,141,75,63,12,66,36,1,11,16,2
S01013237,50 to 64,91,57,53,4,34,8,2,4,15,5
S01013237,65 to 74,30,14,13,1,16,3,2,0,1,10
S01013237,75 to 84,22,6,5,1,16,1,0,1,0,14
S01013237,85 and over,7,1,1,0,6,0,2,0,1,3
S01013238,All HRPs,389,119,93,26,270,108,4,26,75,57
S01013238,24 and under,7,1,0,1,6,5,0,0,1,0
S01013238,25 to 34,55,26,11,15,29,24,0,2,3,0
S01013238,35 to 49,116,35,29,6,81,50,2,13,16,0
S01013238,50 to 64,110,33,29,4,77,19,0,9,41,8
S01013238,65 to 74,46,11,11,0,35,4,1,2,13,15
S01013238,75 to 84,40,9,9,0,31,6,0,0,1,24
S01013238,85 and over,15,4,4,0,11,0,1,0,0,10
S01013239,All HRPs,425,158,113,45,267,121,4,21,56,65
S01013239,24 and under,25,6,0,6,19,19,0,0,0,0
S01013239,25 to 34,59,30,15,15,29,27,0,2,0,0
S01013239,35 to 49,132,50,31,19,82,46,3,10,22,1
S01013239,50 to 64,116,41,36,5,75,24,1,7,22,21
S01013239,65 to 74,53,21,21,0,32,3,0,1,10,18
S01013239,75 to 84,31,7,7,0,24,2,0,1,2,19
S01013239,85 and over,9,3,3,0,6,0,0,0,0,6
S01013240,All HRPs,256,82,57,25,174,69,1,21,57,26
S01013240,24 and under,13,3,0,3,10,10,0,0,0,0
S01013240,25 to 34,39,16,7,9,23,17,1,4,1,0
S01013240,35 to 49,86,21,12,9,65,28,0,12,21,4
S01013240,50 to 64,69,23,19,4,46,11,0,3,29,3
S01013240,65 to 74,24,12,12,0,12,1,0,2,5,4
S01013240,75 to 84,15,6,6,0,9,1,0,0,1,7
S01013240,85 and over,10,1,1,0,9,1,0,0,0,8
S01013241,All HRPs,336,254,234,20,82,17,5,5,13,42
S01013241,24 and under,1,0,0,0,1,1,0,0,0,0
S01013241,25 to 34,11,9,7,2,2,2,0,0,0,0
S01013241,35 to 49,84,74,62,12,10,5,1,1,2,1
S01013241,50 to 64,139,112,106,6,27,5,1,3,10,8
S01013241,65 to 74,61,40,40,0,21,2,1,1,1,16
S01013241,75 to 84,32,17,17,0,15,1,2,0,0,12
S01013241,85 and over,8,2,2,0,6,1,0,0,0,5
S01013242,All HRPs,229,161,145,16,68,18,1,3,12,34
S01013242,24 and under,2,1,1,0,1,1,0,0,0,0
S01013242,25 to 34,10,10,8,2,0,0,0,0,0,0
S01013242,35 to 49,46,38,34,4,8,5,0,1,1,1
S01013242,50 to 64,88,75,67,8,13,3,0,1,6,3
S01013242,65 to 74,40,21,19,2,19,5,0,1,4,9
S01013242,75 to 84,33,15,15,0,18,3,1,0,1,13
S01013242,85 and over,10,1,1,0,9,1,0,0,0,8
S01013243,All HRPs,325,177,141,36,148,60,3,18,30,37
S01013243,24 and under,11,3,0,3,8,8,0,0,0,0
S01013243,25 to 34,49,22,10,12,27,22,0,4,1,0
S01013243,35 to 49,98,54,40,14,44,24,3,8,9,0
S01013243,50 to 64,99,61,56,5,38,5,0,4,19,10
S01013243,65 to 74,43,27,26,1,16,0,0,2,1,13
S01013243,75 to 84,23,9,8,1,14,1,0,0,0,13
S01013243,85 and over,2,1,1,0,1,0,0,0,0,1
S01013244,All HRPs,351,150,130,20,201,76,2,15,48,60
S01013244,24 and under,8,0,0,0,8,7,0,0,1,0
S01013244,25 to 34,43,13,4,9,30,28,0,2,0,0
S01013244,35 to 49,74,38,33,5,36,14,1,5,12,4
S01013244,50 to 64,98,50,45,5,48,13,0,5,22,8
S01013244,65 to 74,69,29,28,1,40,8,1,2,11,18
S01013244,75 to 84,42,19,19,0,23,4,0,1,2,16
S01013244,85 and over,17,1,1,0,16,2,0,0,0,14
S01013245,All HRPs,407,262,223,39,145,41,2,17,35,50
S01013245,24 and under,11,6,1,5,5,5,0,0,0,0
S01013245,25 to 34,47,29,16,13,18,15,0,3,0,0
S01013245,35 to 49,144,105,90,15,39,13,0,9,16,1
S01013245,50 to 64,106,75,72,3,31,2,1,3,13,12
S01013245,65 to 74,64,35,33,2,29,5,0,2,5,17
S01013245,75 to 84,27,11,11,0,16,0,1,0,1,14
S01013245,85 and over,8,1,0,1,7,1,0,0,0,6
S01013246,All HRPs,184,112,93,19,72,20,2,16,12,22
S01013246,24 and under,3,0,0,0,3,3,0,0,0,0
S01013246,25 to 34,18,11,4,7,7,5,0,1,1,0
S01013246,35 to 49,66,46,36,10,20,7,1,8,3,1
S01013246,50 to 64,56,40,38,2,16,1,1,7,5,2
S01013246,65 to 74,23,10,10,0,13,3,0,0,3,7
S01013246,75 to 84,15,4,4,0,11,1,0,0,0,10
S01013246,85 and over,3,1,1,0,2,0,0,0,0,2
S01013247,All HRPs,338,145,99,46,193,77,1,21,55,39
S01013247,24 and under,25,11,3,8,14,12,0,0,2,0
S01013247,25 to 34,56,23,8,15,33,32,0,1,0,0
S01013247,35 to 49,114,52,35,17,62,24,1,15,21,1
S01013247,50 to 64,82,36,31,5,46,7,0,3,25,11
S01013247,65 to 74,39,17,16,1,22,1,0,2,7,12
S01013247,75 to 84,16,6,6,0,10,1,0,0,0,9
S01013247,85 and over,6,0,0,0,6,0,0,0,0,6
S01013248,All HRPs,300,117,85,32,183,71,3,25,34,50
S01013248,24 and under,11,2,0,2,9,9,0,0,0,0
S01013248,25 to 34,47,19,5,14,28,23,0,2,3,0
S01013248,35 to 49,93,33,23,10,60,27,3,17,13,0
S01013248,50 to 64,74,36,31,5,38,10,0,4,16,8
S01013248,65 to 74,43,18,17,1,25,0,0,0,1,24
S01013248,75 to 84,25,7,7,0,18,2,0,2,1,13
S01013248,85 and over,7,2,2,0,5,0,0,0,0,5
S01013249,All HRPs,201,114,97,17,87,35,1,6,20,25
S01013249,24 and under,6,1,0,1,5,4,0,1,0,0
S01013249,25 to 34,24,10,6,4,14,12,1,1,0,0
S01013249,35 to 49,69,43,34,9,26,12,0,2,12,0
S01013249,50 to 64,57,38,35,3,19,4,0,2,3,10
S01013249,65 to 74,17,8,8,0,9,2,0,0,4,3
S01013249,75 to 84,25,13,13,0,12,1,0,0,1,10
S01013249,85 and over,3,1,1,0,2,0,0,0,0,2
S01013250,All HRPs,339,228,193,35,111,44,1,17,22,27
S01013250,24 and under,13,4,0,4,9,7,0,2,0,0
S01013250,25 to 34,31,17,12,5,14,13,0,1,0,0
S01013250,35 to 49,103,76,61,15,27,12,0,7,7,1
S01013250,50 to 64,120,92,82,10,28,5,1,5,13,4
S01013250,65 to 74,48,28,27,1,20,4,0,2,2,12
S01013250,75 to 84,18,10,10,0,8,3,0,0,0,5
S01013250,85 and over,6,1,1,0,5,0,0,0,0,5
S01013251,All HRPs,319,154,113,41,165,80,5,16,39,25
S01013251,24 and under,25,7,2,5,18,18,0,0,0,0
S01013251,25 to 34,67,37,18,19,30,19,3,7,1,0
S01013251,35 to 49,99,56,42,14,43,21,0,7,15,0
S01013251,50 to 64,75,34,31,3,41,13,2,2,19,5
S01013251,65 to 74,33,15,15,0,18,5,0,0,2,11
S01013251,75 to 84,19,5,5,0,14,4,0,0,2,8
S01013251,85 and over,1,0,0,0,1,0,0,0,0,1
S01013252,All HRPs,288,155,125,30,133,70,0,10,22,31
S01013252,24 and under,12,3,1,2,9,9,0,0,0,0
S01013252,25 to 34,42,13,8,5,29,27,0,2,0,0
S01013252,35 to 49,80,47,36,11,33,19,0,5,8,1
S01013252,50 to 64,91,61,52,9,30,12,0,3,7,8
S01013252,65 to 74,41,21,18,3,20,3,0,0,6,11
S01013252,75 to 84,18,10,10,0,8,0,0,0,1,7
S01013252,85 and over,4,0,0,0,4,0,0,0,0,4
S01013253,All HRPs,316,179,145,34,137,54,1,9,29,44
S01013253,24 and under,11,4,1,3,7,7,0,0,0,0
S01013253,25 to 34,46,29,12,17,17,16,0,1,0,0
S01013253,35 to 49,86,50,39,11,36,20,0,4,11,1
S01013253,50 to 64,86,54,51,3,32,6,0,3,13,10
S01013253,65 to 74,47,28,28,0,19,2,0,1,4,12
S01013253,75 to 84,25,11,11,0,14,2,1,0,1,10
S01013253,85 and over,15,3,3,0,12,1,0,0,0,11
S01013254,All HRPs,297,127,97,30,170,81,0,17,33,39
S01013254,24 and under,19,7,0,7,12,12,0,0,0,0
S01013254,25 to 34,57,18,12,6,39,32,0,6,1,0
S01013254,35 to 49,75,35,25,10,40,21,0,5,13,1
S01013254,50 to 64,73,43,38,5,30,12,0,4,8,6
S01013254,65 to 74,45,18,17,1,27,2,0,1,8,16
S01013254,75 to 84,24,5,4,1,19,2,0,1,3,13
S01013254,85 and over,4,1,1,0,3,0,0,0,0,3
S01013255,All HRPs,345,203,171,32,142,51,4,18,33,36
S01013255,24 and under,12,2,0,2,10,10,0,0,0,0
S01013255,25 to 34,26,12,7,5,14,8,1,5,0,0
S01013255,35 to 49,102,65,53,12,37,18,1,6,8,4
S01013255,50 to 64,112,75,67,8,37,10,1,6,16,4
S01013255,65 to 74,62,35,32,3,27,5,0,1,8,13
S01013255,75 to 84,21,10,8,2,11,0,1,0,1,9
S01013255,85 and over,10,4,4,0,6,0,0,0,0,6
S01013256,All HRPs,322,171,143,28,151,58,2,16,35,40
S01013256,24 and under,9,3,1,2,6,6,0,0,0,0
S01013256,25 to 34,38,21,13,8,17,17,0,0,0,0
S01013256,35 to 49,106,69,56,13,37,20,1,7,8,1
S01013256,50 to 64,81,42,38,4,39,10,0,5,21,3
S01013256,65 to 74,35,20,19,1,15,2,1,2,2,8
S01013256,75 to 84,42,13,13,0,29,3,0,0,4,22
S01013256,85 and over,11,3,3,0,8,0,0,2,0,6
S01013257,All HRPs,419,194,154,40,225,73,4,22,42,84
S01013257,24 and under,14,4,1,3,10,10,0,0,0,0
S01013257,25 to 34,52,32,11,21,20,19,0,0,1,0
S01013257,35 to 49,95,49,35,14,46,21,1,12,10,2
S01013257,50 to 64,102,62,60,2,40,11,1,7,16,5
S01013257,65 to 74,59,23,23,0,36,1,0,3,9,23
S01013257,75 to 84,66,19,19,0,47,7,1,0,5,34
S01013257,85 and over,31,5,5,0,26,4,1,0,1,20
S01013258,All HRPs,312,219,190,29,93,26,2,16,15,34
S01013258,24 and under,9,4,0,4,5,5,0,0,0,0
S01013258,25 to 34,23,17,9,8,6,5,0,1,0,0
S01013258,35 to 49,78,59,49,10,19,5,0,7,5,2
S01013258,50 to 64,121,95,88,7,26,7,1,7,6,5
S01013258,65 to 74,45,28,28,0,17,1,0,1,4,11
S01013258,75 to 84,26,14,14,0,12,2,1,0,0,9
S01013258,85 and over,10,2,2,0,8,1,0,0,0,7
S01013259,All HRPs,361,191,158,33,170,64,0,21,38,47
S01013259,24 and under,11,6,0,6,5,5,0,0,0,0
S01013259,25 to 34,48,20,10,10,28,22,0,4,2,0
S01013259,35 to 49,106,49,42,7,57,22,0,13,19,3
S01013259,50 to 64,98,64,56,8,34,11,0,4,13,6
S01013259,65 to 74,51,30,30,0,21,1,0,0,2,18
S01013259,75 to 84,39,20,18,2,19,1,0,0,2,16
S01013259,85 and over,8,2,2,0,6,2,0,0,0,4
S01013260,All HRPs,382,184,137,47,198,96,1,17,44,40
S01013260,24 and under,24,2,1,1,22,22,0,0,0,0
S01013260,25 to 34,59,29,13,16,30,27,1,1,1,0
S01013260,35 to 49,121,58,42,16,63,31,0,8,21,3
S01013260,50 to 64,104,62,50,12,42,11,0,8,15,8
S01013260,65 to 74,39,22,20,2,17,3,0,0,7,7
S01013260,75 to 84,25,9,9,0,16,0,0,0,0,16
S01013260,85 and over,10,2,2,0,8,2,0,0,0,6
S01013261,All HRPs,345,172,131,41,173,58,1,31,41,42
S01013261,24 and under,15,4,1,3,11,10,0,1,0,0
S01013261,25 to 34,43,23,7,16,20,16,0,3,0,1
S01013261,35 to 49,126,72,53,19,54,16,0,19,17,2
S01013261,50 to 64,87,51,48,3,36,9,0,7,17,3
S01013261,65 to 74,37,15,15,0,22,3,0,1,6,12
S01013261,75 to 84,29,7,7,0,22,3,1,0,0,18
S01013261,85 and over,8,0,0,0,8,1,0,0,1,6
S01013262,All HRPs,276,151,123,28,125,37,3,14,33,38
S01013262,24 and under,8,2,0,2,6,6,0,0,0,0
S01013262,25 to 34,27,15,8,7,12,9,0,1,2,0
S01013262,35 to 49,92,55,39,16,37,15,2,5,13,2
S01013262,50 to 64,80,48,45,3,32,4,0,6,15,7
S01013262,65 to 74,35,19,19,0,16,3,0,1,2,10
S01013262,75 to 84,32,12,12,0,20,0,1,1,1,17
S01013262,85 and over,2,0,0,0,2,0,0,0,0,2
S01013263,All HRPs,195,152,137,15,43,9,1,7,9,17
S01013263,24 and under,3,2,0,2,1,0,0,0,1,0
S01013263,25 to 34,10,6,5,1,4,2,0,2,0,0
S01013263,35 to 49,78,66,59,7,12,3,1,4,3,1
S01013263,50 to 64,66,59,55,4,7,1,0,1,4,1
S01013263,65 to 74,23,13,13,0,10,2,0,0,1,7
S01013263,75 to 84,14,6,5,1,8,0,0,0,0,8
S01013263,85 and over,1,0,0,0,1,1,0,0,0,0
S01013264,All HRPs,163,141,133,8,22,3,2,5,8,4
S01013264,24 and under,0,0,0,0,0,0,0,0,0,0
S01013264,25 to 34,9,7,4,3,2,0,2,0,0,0
S01013264,35 to 49,91,80,75,5,11,2,0,4,4,1
S01013264,50 to 64,51,44,44,0,7,1,0,1,3,2
S01013264,65 to 74,8,7,7,0,1,0,0,0,1,0
S01013264,75 to 84,3,2,2,0,1,0,0,0,0,1
S01013264,85 and over,1,1,1,0,0,0,0,0,0,0
S01013265,All HRPs,201,178,164,14,23,6,1,3,12,1
S01013265,24 and under,0,0,0,0,0,0,0,0,0,0
S01013265,25 to 34,5,5,3,2,0,0,0,0,0,0
S01013265,35 to 49,117,102,96,6,15,2,1,3,9,0
S01013265,50 to 64,68,62,56,6,6,4,0,0,2,0
S01013265,65 to 74,10,8,8,0,2,0,0,0,1,1
S01013265,75 to 84,1,1,1,0,0,0,0,0,0,0
S01013265,85 and over,0,0,0,0,0,0,0,0,0,0
S01013266,All HRPs,189,155,133,22,34,13,1,1,13,6
S01013266,24 and under,2,0,0,0,2,2,0,0,0,0
S01013266,25 to 34,13,9,3,6,4,4,0,0,0,0
S01013266,35 to 49,97,85,78,7,12,3,0,0,9,0
S01013266,50 to 64,61,51,43,8,10,4,1,1,3,1
S01013266,65 to 74,10,7,6,1,3,0,0,0,1,2
S01013266,75 to 84,4,3,3,0,1,0,0,0,0,1
S01013266,85 and over,2,0,0,0,2,0,0,0,0,2
S01013267,All HRPs,237,119,94,25,118,50,2,13,33,20
S01013267,24 and under,9,0,0,0,9,9,0,0,0,0
S01013267,25 to 34,21,12,5,7,9,7,0,1,1,0
S01013267,35 to 49,92,39,27,12,53,28,0,7,18,0
S01013267,50 to 64,66,47,42,5,19,2,1,5,6,5
S01013267,65 to 74,29,13,13,0,16,3,0,0,6,7
S01013267,75 to 84,15,7,6,1,8,1,0,0,1,6
S01013267,85 and over,5,1,1,0,4,0,1,0,1,2
S01013268,All HRPs,328,192,156,36,136,37,2,22,27,48
S01013268,24 and under,5,3,0,3,2,2,0,0,0,0
S01013268,25 to 34,48,26,14,12,22,16,0,4,0,2
S01013268,35 to 49,95,56,42,14,39,12,1,14,10,2
S01013268,50 to 64,114,75,69,6,39,6,0,4,14,15
S01013268,65 to 74,31,20,20,0,11,0,0,0,2,9
S01013268,75 to 84,26,10,9,1,16,1,1,0,1,13
S01013268,85 and over,9,2,2,0,7,0,0,0,0,7
S01013269,All HRPs,379,260,204,56,119,47,5,17,28,22
S01013269,24 and under,6,3,0,3,3,3,0,0,0,0
S01013269,25 to 34,63,36,17,19,27,18,3,4,2,0
S01013269,35 to 49,153,104,81,23,49,23,1,10,12,3
S01013269,50 to 64,111,90,79,11,21,1,1,3,12,4
S01013269,65 to 74,33,20,20,0,13,2,0,0,1,10
S01013269,75 to 84,10,6,6,0,4,0,0,0,1,3
S01013269,85 and over,3,1,1,0,2,0,0,0,0,2
S01013270,All HRPs,285,234,217,17,51,19,1,4,18,9
S01013270,24 and under,0,0,0,0,0,0,0,0,0,0
S01013270,25 to 34,17,14,11,3,3,3,0,0,0,0
S01013270,35 to 49,142,120,109,11,22,9,1,2,9,1
S01013270,50 to 64,94,78,76,2,16,6,0,2,7,1
S01013270,65 to 74,21,15,14,1,6,1,0,0,1,4
S01013270,75 to 84,11,7,7,0,4,0,0,0,1,3
S01013270,85 and over,0,0,0,0,0,0,0,0,0,0
S01013271,All HRPs,242,194,179,15,48,10,1,4,8,25
S01013271,24 and under,1,0,0,0,1,1,0,0,0,0
S01013271,25 to 34,9,7,7,0,2,2,0,0,0,0
S01013271,35 to 49,64,55,46,9,9,2,0,3,3,1
S01013271,50 to 64,98,87,84,3,11,3,0,1,4,3
S01013271,65 to 74,44,36,34,2,8,1,0,0,1,6
S01013271,75 to 84,24,9,8,1,15,1,1,0,0,13
S01013271,85 and over,2,0,0,0,2,0,0,0,0,2
S01013272,All HRPs,253,201,187,14,52,13,0,8,15,16
S01013272,24 and under,2,0,0,0,2,2,0,0,0,0
S01013272,25 to 34,17,13,11,2,4,4,0,0,0,0
S01013272,35 to 49,122,104,98,6,18,3,0,7,7,1
S01013272,50 to 64,88,73,68,5,15,3,0,1,6,5
S01013272,65 to 74,16,9,8,1,7,1,0,0,2,4
S01013272,75 to 84,7,2,2,0,5,0,0,0,0,5
S01013272,85 and over,1,0,0,0,1,0,0,0,0,1
S01013273,All HRPs,291,249,226,23,42,5,2,15,11,9
S01013273,24 and under,2,2,0,2,0,0,0,0,0,0
S01013273,25 to 34,31,27,20,7,4,1,0,2,0,1
S01013273,35 to 49,174,151,142,9,23,3,1,9,8,2
S01013273,50 to 64,64,56,52,4,8,1,1,4,2,0
S01013273,65 to 74,17,12,11,1,5,0,0,0,0,5
S01013273,75 to 84,2,1,1,0,1,0,0,0,0,1
S01013273,85 and over,1,0,0,0,1,0,0,0,1,0
S01013274,All HRPs,348,219,190,29,129,44,4,14,31,36
S01013274,24 and under,20,8,0,8,12,12,0,0,0,0
S01013274,25 to 34,36,20,15,5,16,13,1,2,0,0
S01013274,35 to 49,104,63,52,11,41,14,2,11,10,4
S01013274,50 to 64,124,91,86,5,33,4,1,1,18,9
S01013274,65 to 74,37,28,28,0,9,1,0,0,2,6
S01013274,75 to 84,15,6,6,0,9,0,0,0,0,9
S01013274,85 and over,12,3,3,0,9,0,0,0,1,8
S01013275,All HRPs,253,181,160,21,72,16,2,14,21,19
S01013275,24 and under,3,2,0,2,1,1,0,0,0,0
S01013275,25 to 34,26,16,9,7,10,8,1,1,0,0
S01013275,35 to 49,78,63,56,7,15,2,0,4,7,2
S01013275,50 to 64,119,86,82,4,33,4,1,9,11,8
S01013275,65 to 74,20,10,10,0,10,1,0,0,3,6
S01013275,75 to 84,7,4,3,1,3,0,0,0,0,3
S01013275,85 and over,0,0,0,0,0,0,0,0,0,0
S01013276,All HRPs,233,171,147,24,62,20,3,11,14,14
S01013276,24 and under,3,1,0,1,2,2,0,0,0,0
S01013276,25 to 34,19,13,5,8,6,5,0,1,0,0
S01013276,35 to 49,91,67,56,11,24,9,1,7,5,2
S01013276,50 to 64,90,73,69,4,17,3,1,3,7,3
S01013276,65 to 74,22,14,14,0,8,1,0,0,2,5
S01013276,75 to 84,7,3,3,0,4,0,1,0,0,3
S01013276,85 and over,1,0,0,0,1,0,0,0,0,1
S01013277,All HRPs,363,200,170,30,163,38,2,25,46,52
S01013277,24 and under,8,2,0,2,6,6,0,0,0,0
S01013277,25 to 34,35,24,16,8,11,10,0,1,0,0
S01013277,35 to 49,114,65,54,11,49,14,0,12,20,3
S01013277,50 to 64,127,81,75,6,46,7,2,10,19,8
S01013277,65 to 74,46,22,19,3,24,1,0,2,3,18
S01013277,75 to 84,26,5,5,0,21,0,0,0,3,18
S01013277,85 and over,7,1,1,0,6,0,0,0,1,5
S01013278,All HRPs,322,159,121,38,163,56,3,29,50,25
S01013278,24 and under,9,5,0,5,4,4,0,0,0,0
S01013278,25 to 34,50,27,16,11,23,15,0,8,0,0
S01013278,35 to 49,99,49,38,11,50,25,0,11,12,2
S01013278,50 to 64,98,50,42,8,48,9,2,6,25,6
S01013278,65 to 74,42,21,20,1,21,2,0,3,10,6
S01013278,75 to 84,20,7,5,2,13,1,0,1,3,8
S01013278,85 and over,4,0,0,0,4,0,1,0,0,3
S01013279,All HRPs,299,128,94,34,171,69,3,17,54,28
S01013279,24 and under,17,4,1,3,13,13,0,0,0,0
S01013279,25 to 34,37,21,10,11,16,14,1,1,0,0
S01013279,35 to 49,107,45,32,13,62,29,2,10,18,3
S01013279,50 to 64,86,39,32,7,47,11,0,6,25,5
S01013279,65 to 74,31,16,16,0,15,1,0,0,6,8
S01013279,75 to 84,17,3,3,0,14,1,0,0,5,8
S01013279,85 and over,4,0,0,0,4,0,0,0,0,4
S01013280,All HRPs,227,145,126,19,82,24,1,12,16,29
S01013280,24 and under,3,0,0,0,3,3,0,0,0,0
S01013280,25 to 34,29,18,13,5,11,8,1,1,1,0
S01013280,35 to 49,68,51,41,10,17,6,0,7,4,0
S01013280,50 to 64,61,45,43,2,16,5,0,3,6,2
S01013280,65 to 74,32,20,19,1,12,0,0,1,4,7
S01013280,75 to 84,29,10,9,1,19,1,0,0,1,17
S01013280,85 and over,5,1,1,0,4,1,0,0,0,3
S01013281,All HRPs,384,205,163,42,179,53,3,23,45,55
S01013281,24 and under,10,2,1,1,8,8,0,0,0,0
S01013281,25 to 34,47,27,14,13,20,14,0,5,1,0
S01013281,35 to 49,110,69,58,11,41,17,2,10,12,0
S01013281,50 to 64,102,58,45,13,44,7,0,6,19,12
S01013281,65 to 74,59,31,28,3,28,1,0,2,11,14
S01013281,75 to 84,36,16,15,1,20,4,1,0,2,13
S01013281,85 and over,20,2,2,0,18,2,0,0,0,16
S01013282,All HRPs,346,150,101,49,196,101,3,17,53,22
S01013282,24 and under,31,8,1,7,23,22,1,0,0,0
S01013282,25 to 34,64,30,15,15,34,31,0,3,0,0
S01013282,35 to 49,129,71,50,21,58,33,0,10,14,1
S01013282,50 to 64,83,35,29,6,48,9,1,1,29,8
S01013282,65 to 74,21,5,5,0,16,2,1,2,8,3
S01013282,75 to 84,15,1,1,0,14,4,0,1,2,7
S01013282,85 and over,3,0,0,0,3,0,0,0,0,3
S01013283,All HRPs,310,142,86,56,168,108,7,16,28,9
S01013283,24 and under,29,13,1,12,16,16,0,0,0,0
S01013283,25 to 34,111,52,29,23,59,52,6,1,0,0
S01013283,35 to 49,92,32,22,10,60,34,1,11,14,0
S01013283,50 to 64,55,34,25,9,21,5,0,3,10,3
S01013283,65 to 74,12,9,7,2,3,0,0,1,1,1
S01013283,75 to 84,9,2,2,0,7,1,0,0,3,3
S01013283,85 and over,2,0,0,0,2,0,0,0,0,2
S01013284,All HRPs,301,176,141,35,125,60,0,13,36,16
S01013284,24 and under,12,6,0,6,6,6,0,0,0,0
S01013284,25 to 34,56,30,16,14,26,22,0,2,1,1
S01013284,35 to 49,96,60,51,9,36,22,0,2,11,1
S01013284,50 to 64,93,56,52,4,37,7,0,8,18,4
S01013284,65 to 74,27,16,15,1,11,2,0,1,5,3
S01013284,75 to 84,15,7,7,0,8,1,0,0,1,6
S01013284,85 and over,2,1,0,1,1,0,0,0,0,1
S01013285,All HRPs,269,167,130,37,102,34,0,13,35,20
S01013285,24 and under,8,4,0,4,4,4,0,0,0,0
S01013285,25 to 34,38,23,10,13,15,14,0,1,0,0
S01013285,35 to 49,92,61,46,15,31,9,0,4,18,0
S01013285,50 to 64,88,57,53,4,31,6,0,8,12,5
S01013285,65 to 74,29,14,13,1,15,1,0,0,5,9
S01013285,75 to 84,14,8,8,0,6,0,0,0,0,6
S01013285,85 and over,0,0,0,0,0,0,0,0,0,0
S01013286,All HRPs,284,184,152,32,100,37,0,11,33,19
S01013286,24 and under,3,2,0,2,1,1,0,0,0,0
S01013286,25 to 34,33,23,10,13,10,8,0,2,0,0
S01013286,35 to 49,100,60,52,8,40,20,0,4,14,2
S01013286,50 to 64,106,74,66,8,32,7,0,2,17,6
S01013286,65 to 74,26,16,16,0,10,0,0,3,2,5
S01013286,75 to 84,15,9,8,1,6,1,0,0,0,5
S01013286,85 and over,1,0,0,0,1,0,0,0,0,1
S01013287,All HRPs,282,211,185,26,71,21,2,10,20,18
S01013287,24 and under,3,0,0,0,3,3,0,0,0,0
S01013287,25 to 34,9,7,5,2,2,2,0,0,0,0
S01013287,35 to 49,115,89,72,17,26,9,1,6,8,2
S01013287,50 to 64,122,96,90,6,26,6,1,4,9,6
S01013287,65 to 74,21,15,15,0,6,1,0,0,1,4
S01013287,75 to 84,11,3,3,0,8,0,0,0,2,6
S01013287,85 and over,1,1,0,1,0,0,0,0,0,0
S01013288,All HRPs,315,157,120,37,158,54,2,15,28,59
S01013288,24 and under,8,4,0,4,4,4,0,0,0,0
S01013288,25 to 34,37,17,7,10,20,19,0,1,0,0
S01013288,35 to 49,77,48,38,10,29,12,0,6,11,0
S01013288,50 to 64,100,56,47,9,44,13,1,7,12,11
S01013288,65 to 74,42,20,18,2,22,3,0,0,3,16
S01013288,75 to 84,32,9,7,2,23,1,1,1,2,18
S01013288,85 and over,19,3,3,0,16,2,0,0,0,14
S01013289,All HRPs,303,209,186,23,94,30,4,7,25,28
S01013289,24 and under,3,2,0,2,1,1,0,0,0,0
S01013289,25 to 34,11,8,6,2,3,3,0,0,0,0
S01013289,35 to 49,114,76,66,10,38,17,2,5,12,2
S01013289,50 to 64,99,79,71,8,20,7,0,2,8,3
S01013289,65 to 74,53,34,33,1,19,2,0,0,5,12
S01013289,75 to 84,15,8,8,0,7,0,2,0,0,5
S01013289,85 and over,8,2,2,0,6,0,0,0,0,6
S01013290,All HRPs,361,212,177,35,149,55,0,15,44,35
S01013290,24 and under,6,2,0,2,4,4,0,0,0,0
S01013290,25 to 34,28,21,13,8,7,7,0,0,0,0
S01013290,35 to 49,170,106,91,15,64,32,0,14,18,0
S01013290,50 to 64,100,60,52,8,40,9,0,1,21,9
S01013290,65 to 74,27,15,14,1,12,1,0,0,2,9
S01013290,75 to 84,27,8,7,1,19,2,0,0,3,14
S01013290,85 and over,3,0,0,0,3,0,0,0,0,3
S01013291,All HRPs,257,181,152,29,76,28,1,11,22,14
S01013291,24 and under,3,0,0,0,3,3,0,0,0,0
S01013291,25 to 34,35,20,12,8,15,14,0,1,0,0
S01013291,35 to 49,128,96,82,14,32,11,1,9,11,0
S01013291,50 to 64,71,52,46,6,19,0,0,1,8,10
S01013291,65 to 74,15,11,10,1,4,0,0,0,1,3
S01013291,75 to 84,5,2,2,0,3,0,0,0,2,1
S01013291,85 and over,0,0,0,0,0,0,0,0,0,0
S01013292,All HRPs,284,201,177,24,83,20,0,19,19,25
S01013292,24 and under,7,5,1,4,2,2,0,0,0,0
S01013292,25 to 34,29,20,11,9,9,6,0,3,0,0
S01013292,35 to 49,97,63,57,6,34,10,0,10,12,2
S01013292,50 to 64,100,84,80,4,16,1,0,6,4,5
S01013292,65 to 74,37,22,21,1,15,1,0,0,3,11
S01013292,75 to 84,11,7,7,0,4,0,0,0,0,4
S01013292,85 and over,3,0,0,0,3,0,0,0,0,3
S01013293,All HRPs,273,203,181,22,70,19,0,9,21,21
S01013293,24 and under,1,0,0,0,1,1,0,0,0,0
S01013293,25 to 34,20,15,13,2,5,4,0,0,1,0
S01013293,35 to 49,99,73,63,10,26,9,0,7,9,1
S01013293,50 to 64,106,84,75,9,22,4,0,1,7,10
S01013293,65 to 74,31,24,24,0,7,0,0,1,3,3
S01013293,75 to 84,13,6,5,1,7,1,0,0,1,5
S01013293,85 and over,3,1,1,0,2,0,0,0,0,2
S01013294,All HRPs,306,173,141,32,133,46,5,19,35,28
S01013294,24 and under,8,2,0,2,6,6,0,0,0,0
S01013294,25 to 34,40,24,14,10,16,13,0,2,1,0
S01013294,35 to 49,106,58,44,14,48,18,1,13,15,1
S01013294,50 to 64,102,67,63,4,35,7,4,4,13,7
S01013294,65 to 74,27,17,16,1,10,1,0,0,4,5
S01013294,75 to 84,20,5,4,1,15,1,0,0,2,12
S01013294,85 and over,3,0,0,0,3,0,0,0,0,3
S01013295,All HRPs,324,188,156,32,136,64,2,14,40,16
S01013295,24 and under,9,2,0,2,7,7,0,0,0,0
S01013295,25 to 34,53,30,16,14,23,21,1,1,0,0
S01013295,35 to 49,106,57,45,12,49,28,0,5,16,0
S01013295,50 to 64,109,72,68,4,37,6,0,6,19,6
S01013295,65 to 74,32,21,21,0,11,0,0,2,4,5
S01013295,75 to 84,11,6,6,0,5,0,1,0,1,3
S01013295,85 and over,4,0,0,0,4,2,0,0,0,2
S01013296,All HRPs,310,144,122,22,166,53,1,16,42,54
S01013296,24 and under,7,2,0,2,5,5,0,0,0,0
S01013296,25 to 34,20,7,2,5,13,11,0,1,1,0
S01013296,35 to 49,88,42,35,7,46,20,1,13,11,1
S01013296,50 to 64,103,58,51,7,45,12,0,1,22,10
S01013296,65 to 74,41,22,21,1,19,1,0,0,7,11
S01013296,75 to 84,42,12,12,0,30,4,0,1,1,24
S01013296,85 and over,9,1,1,0,8,0,0,0,0,8
S01013297,All HRPs,308,163,132,31,145,49,2,15,34,45
S01013297,24 and under,8,4,0,4,4,4,0,0,0,0
S01013297,25 to 34,22,10,5,5,12,11,0,1,0,0
S01013297,35 to 49,106,63,48,15,43,25,2,7,9,0
S01013297,50 to 64,80,52,46,6,28,4,0,5,13,6
S01013297,65 to 74,51,23,22,1,28,1,0,2,9,16
S01013297,75 to 84,31,9,9,0,22,4,0,0,3,15
S01013297,85 and over,10,2,2,0,8,0,0,0,0,8
S01013298,All HRPs,310,160,136,24,150,41,2,16,37,54
S01013298,24 and under,10,0,0,0,10,10,0,0,0,0
S01013298,25 to 34,27,11,7,4,16,11,0,3,2,0
S01013298,35 to 49,86,52,40,12,34,10,0,10,13,1
S01013298,50 to 64,76,44,41,3,32,8,0,3,18,3
S01013298,65 to 74,52,29,25,4,23,2,1,0,4,16
S01013298,75 to 84,47,20,19,1,27,0,1,0,0,26
S01013298,85 and over,12,4,4,0,8,0,0,0,0,8
S01013299,All HRPs,424,248,208,40,176,62,3,23,38,50
S01013299,24 and under,11,5,2,3,6,6,0,0,0,0
S01013299,25 to 34,46,30,19,11,16,14,0,2,0,0
S01013299,35 to 49,162,96,78,18,66,26,1,20,18,1
S01013299,50 to 64,104,70,64,6,34,11,0,1,16,6
S01013299,65 to 74,53,31,29,2,22,3,1,0,2,16
S01013299,75 to 84,38,12,12,0,26,2,1,0,2,21
S01013299,85 and over,10,4,4,0,6,0,0,0,0,6
S01013300,All HRPs,264,136,108,28,128,31,1,16,29,51
S01013300,24 and under,3,2,0,2,1,1,0,0,0,0
S01013300,25 to 34,29,15,4,11,14,13,0,1,0,0
S01013300,35 to 49,70,44,36,8,26,12,0,6,7,1
S01013300,50 to 64,82,43,38,5,39,2,1,6,17,13
S01013300,65 to 74,47,25,24,1,22,2,0,2,3,15
S01013300,75 to 84,25,6,5,1,19,1,0,0,1,17
S01013300,85 and over,8,1,1,0,7,0,0,1,1,5
S01013301,All HRPs,217,110,89,21,107,47,2,5,23,30
S01013301,24 and under,8,2,0,2,6,5,0,0,0,1
S01013301,25 to 34,22,11,4,7,11,11,0,0,0,0
S01013301,35 to 49,58,31,23,8,27,15,0,5,7,0
S01013301,50 to 64,63,39,36,3,24,9,0,0,11,4
S01013301,65 to 74,35,17,16,1,18,4,1,0,4,9
S01013301,75 to 84,27,9,9,0,18,2,1,0,1,14
S01013301,85 and over,4,1,1,0,3,1,0,0,0,2
S01013302,All HRPs,270,175,146,29,95,35,2,13,19,26
S01013302,24 and under,4,4,2,2,0,0,0,0,0,0
S01013302,25 to 34,31,17,7,10,14,9,0,5,0,0
S01013302,35 to 49,82,55,40,15,27,15,1,5,6,0
S01013302,50 to 64,97,70,68,2,27,9,1,3,7,7
S01013302,65 to 74,32,16,16,0,16,1,0,0,5,10
S01013302,75 to 84,21,10,10,0,11,1,0,0,1,9
S01013302,85 and over,3,3,3,0,0,0,0,0,0,0
S01013303,All HRPs,384,233,196,37,151,29,2,8,40,72
S01013303,24 and under,4,0,0,0,4,4,0,0,0,0
S01013303,25 to 34,18,9,1,8,9,7,0,1,1,0
S01013303,35 to 49,108,83,65,18,25,11,1,2,11,0
S01013303,50 to 64,109,77,68,9,32,4,1,5,17,5
S01013303,65 to 74,78,41,39,2,37,2,0,0,6,29
S01013303,75 to 84,54,22,22,0,32,1,0,0,4,27
S01013303,85 and over,13,1,1,0,12,0,0,0,1,11
S01013304,All HRPs,422,174,124,50,248,114,5,36,60,33
S01013304,24 and under,25,9,2,7,16,16,0,0,0,0
S01013304,25 to 34,85,32,12,20,53,37,3,13,0,0
S01013304,35 to 49,145,64,46,18,81,46,1,7,27,0
S01013304,50 to 64,99,40,36,4,59,12,1,14,22,10
S01013304,65 to 74,42,19,18,1,23,3,0,1,10,9
S01013304,75 to 84,21,9,9,0,12,0,0,1,1,10
S01013304,85 and over,5,1,1,0,4,0,0,0,0,4
S01013305,All HRPs,444,215,140,75,229,85,5,25,60,54
S01013305,24 and under,26,10,1,9,16,16,0,0,0,0
S01013305,25 to 34,81,45,13,32,36,31,2,3,0,0
S01013305,35 to 49,131,70,44,26,61,28,0,9,24,0
S01013305,50 to 64,100,51,45,6,49,7,1,11,24,6
S01013305,65 to 74,65,30,28,2,35,3,0,1,10,21
S01013305,75 to 84,33,8,8,0,25,0,2,1,1,21
S01013305,85 and over,8,1,1,0,7,0,0,0,1,6
S01013306,All HRPs,501,137,68,69,364,200,7,24,94,39
S01013306,24 and under,58,24,3,21,34,33,0,0,0,1
S01013306,25 to 34,110,32,9,23,78,70,1,5,2,0
S01013306,35 to 49,164,38,21,17,126,73,2,13,34,4
S01013306,50 to 64,101,31,23,8,70,17,3,6,40,4
S01013306,65 to 74,55,10,10,0,45,6,1,0,18,20
S01013306,75 to 84,9,2,2,0,7,0,0,0,0,7
S01013306,85 and over,4,0,0,0,4,1,0,0,0,3
S01013307,All HRPs,436,213,140,73,223,106,10,27,46,34
S01013307,24 and under,20,7,1,6,13,12,1,0,0,0
S01013307,25 to 34,111,60,29,31,51,40,4,5,2,0
S01013307,35 to 49,143,68,44,24,75,39,1,16,16,3
S01013307,50 to 64,103,59,49,10,44,12,2,2,20,8
S01013307,65 to 74,44,14,12,2,30,3,2,3,8,14
S01013307,75 to 84,14,5,5,0,9,0,0,1,0,8
S01013307,85 and over,1,0,0,0,1,0,0,0,0,1
S01013308,All HRPs,374,144,93,51,230,116,3,34,54,23
S01013308,24 and under,33,12,3,9,21,21,0,0,0,0
S01013308,25 to 34,97,33,13,20,64,55,1,6,2,0
S01013308,35 to 49,137,60,40,20,77,34,1,18,24,0
S01013308,50 to 64,67,21,20,1,46,5,0,8,23,10
S01013308,65 to 74,27,15,15,0,12,1,1,2,3,5
S01013308,75 to 84,9,3,2,1,6,0,0,0,2,4
S01013308,85 and over,4,0,0,0,4,0,0,0,0,4
S01013309,All HRPs,236,150,126,24,86,37,1,11,23,14
S01013309,24 and under,5,2,0,2,3,3,0,0,0,0
S01013309,25 to 34,37,22,11,11,15,12,0,0,3,0
S01013309,35 to 49,104,66,57,9,38,16,1,9,12,0
S01013309,50 to 64,60,42,40,2,18,5,0,2,7,4
S01013309,65 to 74,19,12,12,0,7,0,0,0,1,6
S01013309,75 to 84,8,5,5,0,3,0,0,0,0,3
S01013309,85 and over,3,1,1,0,2,1,0,0,0,1
S01013310,All HRPs,241,156,121,35,85,19,1,11,27,27
S01013310,24 and under,5,2,0,2,3,3,0,0,0,0
S01013310,25 to 34,35,27,12,15,8,7,0,0,1,0
S01013310,35 to 49,86,60,44,16,26,7,1,6,11,1
S01013310,50 to 64,64,43,41,2,21,0,0,4,12,5
S01013310,65 to 74,34,14,14,0,20,1,0,1,3,15
S01013310,75 to 84,16,10,10,0,6,1,0,0,0,5
S01013310,85 and over,1,0,0,0,1,0,0,0,0,1
S01013311,All HRPs,313,172,135,37,141,46,1,24,46,24
S01013311,24 and under,10,3,0,3,7,7,0,0,0,0
S01013311,25 to 34,48,22,14,8,26,23,0,3,0,0
S01013311,35 to 49,104,57,42,15,47,16,0,12,18,1
S01013311,50 to 64,94,63,55,8,31,0,0,6,20,5
S01013311,65 to 74,46,22,20,2,24,0,0,3,7,14
S01013311,75 to 84,9,4,3,1,5,0,1,0,1,3
S01013311,85 and over,2,1,1,0,1,0,0,0,0,1
S01013312,All HRPs,486,216,163,53,270,126,1,32,67,44
S01013312,24 and under,15,4,1,3,11,11,0,0,0,0
S01013312,25 to 34,84,36,23,13,48,40,0,6,2,0
S01013312,35 to 49,165,79,48,31,86,54,0,11,21,0
S01013312,50 to 64,125,51,46,5,74,20,1,12,30,11
S01013312,65 to 74,58,33,33,0,25,1,0,3,8,13
S01013312,75 to 84,35,13,12,1,22,0,0,0,6,16
S01013312,85 and over,4,0,0,0,4,0,0,0,0,4
S01013313,All HRPs,276,147,102,45,129,46,6,11,38,28
S01013313,24 and under,13,7,1,6,6,6,0,0,0,0
S01013313,25 to 34,41,22,7,15,19,13,2,2,2,0
S01013313,35 to 49,95,49,35,14,46,20,3,4,17,2
S01013313,50 to 64,62,39,30,9,23,7,1,5,8,2
S01013313,65 to 74,40,22,21,1,18,0,0,0,9,9
S01013313,75 to 84,20,7,7,0,13,0,0,0,2,11
S01013313,85 and over,5,1,1,0,4,0,0,0,0,4
S01013314,All HRPs,304,129,94,35,175,47,6,24,43,55
S01013314,24 and under,11,5,1,4,6,5,0,1,0,0
S01013314,25 to 34,43,23,6,17,20,14,1,4,1,0
S01013314,35 to 49,84,34,23,11,50,19,2,11,15,3
S01013314,50 to 64,75,30,28,2,45,5,1,5,18,16
S01013314,65 to 74,53,26,26,0,27,1,1,2,7,16
S01013314,75 to 84,30,8,8,0,22,3,1,1,2,15
S01013314,85 and over,8,3,2,1,5,0,0,0,0,5
S01013315,All HRPs,174,162,147,15,12,1,1,5,5,0
S01013315,24 and under,2,2,1,1,0,0,0,0,0,0
S01013315,25 to 34,24,22,20,2,2,0,0,1,1,0
S01013315,35 to 49,107,99,90,9,8,1,1,4,2,0
S01013315,50 to 64,33,31,28,3,2,0,0,0,2,0
S01013315,65 to 74,6,6,6,0,0,0,0,0,0,0
S01013315,75 to 84,2,2,2,0,0,0,0,0,0,0
S01013315,85 and over,0,0,0,0,0,0,0,0,0,0
S01013316,All HRPs,273,189,172,17,84,20,2,7,18,37
S01013316,24 and under,4,1,0,1,3,3,0,0,0,0
S01013316,25 to 34,17,12,10,2,5,4,0,1,0,0
S01013316,35 to 49,54,41,33,8,13,6,0,3,4,0
S01013316,50 to 64,106,83,78,5,23,5,1,3,8,6
S01013316,65 to 74,50,35,34,1,15,1,0,0,4,10
S01013316,75 to 84,33,14,14,0,19,1,1,0,1,16
S01013316,85 and over,9,3,3,0,6,0,0,0,1,5
S01013317,All HRPs,257,147,127,20,110,38,1,12,24,35
S01013317,24 and under,7,4,1,3,3,3,0,0,0,0
S01013317,25 to 34,20,13,9,4,7,6,0,1,0,0
S01013317,35 to 49,82,42,33,9,40,25,0,6,9,0
S01013317,50 to 64,84,53,51,2,31,4,1,5,11,10
S01013317,65 to 74,38,27,26,1,11,0,0,0,4,7
S01013317,75 to 84,18,6,5,1,12,0,0,0,0,12
S01013317,85 and over,8,2,2,0,6,0,0,0,0,6
S01013318,All HRPs,245,169,136,33,76,30,4,10,17,15
S01013318,24 and under,2,1,0,1,1,1,0,0,0,0
S01013318,25 to 34,46,33,21,12,13,11,0,1,1,0
S01013318,35 to 49,103,71,58,13,32,14,3,5,9,1
S01013318,50 to 64,63,48,42,6,15,3,1,2,7,2
S01013318,65 to 74,19,11,11,0,8,1,0,2,0,5
S01013318,75 to 84,10,4,3,1,6,0,0,0,0,6
S01013318,85 and over,2,1,1,0,1,0,0,0,0,1
S01013319,All HRPs,209,133,115,18,76,28,5,9,23,11
S01013319,24 and under,11,1,1,0,10,9,1,0,0,0
S01013319,25 to 34,25,16,11,5,9,8,0,1,0,0
S01013319,35 to 49,99,69,60,9,30,11,2,5,12,0
S01013319,50 to 64,48,36,32,4,12,0,2,3,6,1
S01013319,65 to 74,18,9,9,0,9,0,0,0,5,4
S01013319,75 to 84,8,2,2,0,6,0,0,0,0,6
S01013319,85 and over,0,0,0,0,0,0,0,0,0,0
S01013320,All HRPs,357,266,219,47,91,46,4,16,18,7
S01013320,24 and under,10,2,0,2,8,8,0,0,0,0
S01013320,25 to 34,86,59,39,20,27,21,2,3,1,0
S01013320,35 to 49,186,145,125,20,41,15,1,9,14,2
S01013320,50 to 64,62,52,47,5,10,2,1,4,3,0
S01013320,65 to 74,8,5,5,0,3,0,0,0,0,3
S01013320,75 to 84,5,3,3,0,2,0,0,0,0,2
S01013320,85 and over,0,0,0,0,0,0,0,0,0,0
S01013321,All HRPs,223,93,62,31,130,53,1,12,35,29
S01013321,24 and under,6,3,0,3,3,3,0,0,0,0
S01013321,25 to 34,31,14,8,6,17,15,0,2,0,0
S01013321,35 to 49,68,31,15,16,37,25,0,3,9,0
S01013321,50 to 64,57,24,19,5,33,7,0,5,19,2
S01013321,65 to 74,28,12,12,0,16,2,1,2,5,6
S01013321,75 to 84,27,9,8,1,18,1,0,0,2,15
S01013321,85 and over,6,0,0,0,6,0,0,0,0,6
S01013322,All HRPs,267,167,140,27,100,32,3,17,27,21
S01013322,24 and under,3,0,0,0,3,3,0,0,0,0
S01013322,25 to 34,36,17,9,8,19,15,1,3,0,0
S01013322,35 to 49,91,62,51,11,29,10,1,9,9,0
S01013322,50 to 64,95,70,63,7,25,4,1,5,11,4
S01013322,65 to 74,25,12,11,1,13,0,0,0,7,6
S01013322,75 to 84,14,6,6,0,8,0,0,0,0,8
S01013322,85 and over,3,0,0,0,3,0,0,0,0,3
S01013323,All HRPs,416,199,152,47,217,83,5,37,49,43
S01013323,24 and under,21,5,0,5,16,16,0,0,0,0
S01013323,25 to 34,67,34,21,13,33,28,0,5,0,0
S01013323,35 to 49,135,63,46,17,72,32,1,15,21,3
S01013323,50 to 64,115,64,55,9,51,4,4,15,24,4
S01013323,65 to 74,52,26,23,3,26,1,0,2,3,20
S01013323,75 to 84,23,7,7,0,16,2,0,0,0,14
S01013323,85 and over,3,0,0,0,3,0,0,0,1,2
S01013324,All HRPs,275,117,91,26,158,68,2,20,47,21
S01013324,24 and under,27,8,2,6,19,18,1,0,0,0
S01013324,25 to 34,38,12,8,4,26,21,0,3,2,0
S01013324,35 to 49,97,46,34,12,51,22,1,10,16,2
S01013324,50 to 64,68,35,31,4,33,7,0,6,16,4
S01013324,65 to 74,29,12,12,0,17,0,0,1,9,7
S01013324,75 to 84,13,3,3,0,10,0,0,0,4,6
S01013324,85 and over,3,1,1,0,2,0,0,0,0,2
S01013325,All HRPs,353,153,113,40,200,82,4,35,59,20
S01013325,24 and under,19,2,0,2,17,15,0,2,0,0
S01013325,25 to 34,56,21,8,13,35,25,0,7,3,0
S01013325,35 to 49,126,51,37,14,75,33,3,13,26,0
S01013325,50 to 64,96,51,40,11,45,7,1,11,19,7
S01013325,65 to 74,43,21,21,0,22,2,0,2,9,9
S01013325,75 to 84,12,6,6,0,6,0,0,0,2,4
S01013325,85 and over,1,1,1,0,0,0,0,0,0,0
S01013326,All HRPs,218,96,67,29,122,44,1,18,25,34
S01013326,24 and under,20,5,0,5,15,15,0,0,0,0
S01013326,25 to 34,30,17,8,9,13,8,1,3,1,0
S01013326,35 to 49,64,28,19,9,36,16,0,9,9,2
S01013326,50 to 64,60,30,25,5,30,5,0,5,13,7
S01013326,65 to 74,26,12,11,1,14,0,0,1,1,12
S01013326,75 to 84,15,4,4,0,11,0,0,0,1,10
S01013326,85 and over,3,0,0,0,3,0,0,0,0,3
S01013327,All HRPs,269,129,103,26,140,44,2,19,48,27
S01013327,24 and under,7,3,0,3,4,4,0,0,0,0
S01013327,25 to 34,29,14,8,6,15,11,0,1,3,0
S01013327,35 to 49,108,46,34,12,62,26,1,13,22,0
S01013327,50 to 64,80,51,46,5,29,3,0,4,19,3
S01013327,65 to 74,33,13,13,0,20,0,0,1,2,17
S01013327,75 to 84,8,1,1,0,7,0,0,0,1,6
S01013327,85 and over,4,1,1,0,3,0,1,0,1,1
S01013328,All HRPs,236,116,94,22,120,34,1,20,41,24
S01013328,24 and under,8,2,1,1,6,6,0,0,0,0
S01013328,25 to 34,32,16,10,6,16,10,1,5,0,0
S01013328,35 to 49,89,50,35,15,39,13,0,10,15,1
S01013328,50 to 64,70,34,34,0,36,3,0,4,19,10
S01013328,65 to 74,28,10,10,0,18,2,0,1,6,9
S01013328,75 to 84,9,4,4,0,5,0,0,0,1,4
S01013328,85 and over,0,0,0,0,0,0,0,0,0,0
S01013329,All HRPs,228,115,88,27,113,35,2,18,15,43
S01013329,24 and under,11,5,0,5,6,5,0,0,1,0
S01013329,25 to 34,28,18,11,7,10,8,0,2,0,0
S01013329,35 to 49,59,28,22,6,31,16,0,10,4,1
S01013329,50 to 64,70,44,37,7,26,5,1,5,8,7
S01013329,65 to 74,31,13,11,2,18,1,1,1,2,13
S01013329,75 to 84,24,6,6,0,18,0,0,0,0,18
S01013329,85 and over,5,1,1,0,4,0,0,0,0,4
S01013330,All HRPs,430,267,180,87,163,85,3,28,35,12
S01013330,24 and under,29,16,1,15,13,13,0,0,0,0
S01013330,25 to 34,107,68,31,37,39,33,1,4,1,0
S01013330,35 to 49,177,109,82,27,68,32,0,16,19,1
S01013330,50 to 64,91,59,52,7,32,6,1,8,13,4
S01013330,65 to 74,17,11,11,0,6,1,0,0,1,4
S01013330,75 to 84,7,4,3,1,3,0,0,0,1,2
S01013330,85 and over,2,0,0,0,2,0,1,0,0,1
S01013331,All HRPs,248,159,112,47,89,43,4,10,22,10
S01013331,24 and under,24,12,2,10,12,12,0,0,0,0
S01013331,25 to 34,53,39,18,21,14,14,0,0,0,0
S01013331,35 to 49,111,76,64,12,35,11,1,8,12,3
S01013331,50 to 64,48,29,26,3,19,4,3,2,9,1
S01013331,65 to 74,8,2,2,0,6,2,0,0,1,3
S01013331,75 to 84,3,1,0,1,2,0,0,0,0,2
S01013331,85 and over,1,0,0,0,1,0,0,0,0,1
S01013332,All HRPs,285,154,126,28,131,37,2,13,38,41
S01013332,24 and under,8,2,0,2,6,6,0,0,0,0
S01013332,25 to 34,32,19,9,10,13,8,1,3,1,0
S01013332,35 to 49,81,52,42,10,29,15,1,5,8,0
S01013332,50 to 64,87,53,47,6,34,6,0,5,14,9
S01013332,65 to 74,48,16,16,0,32,2,0,0,12,18
S01013332,75 to 84,26,12,12,0,14,0,0,0,2,12
S01013332,85 and over,3,0,0,0,3,0,0,0,1,2
S01013333,All HRPs,327,211,171,40,116,40,2,23,25,26
S01013333,24 and under,6,4,0,4,2,2,0,0,0,0
S01013333,25 to 34,47,33,19,14,14,13,0,1,0,0
S01013333,35 to 49,135,86,73,13,49,22,1,17,9,0
S01013333,50 to 64,87,68,62,6,19,3,1,2,9,4
S01013333,65 to 74,35,19,16,3,16,0,0,1,5,10
S01013333,75 to 84,15,1,1,0,14,0,0,2,2,10
S01013333,85 and over,2,0,0,0,2,0,0,0,0,2
S01013334,All HRPs,294,154,114,40,140,72,2,12,33,21
S01013334,24 and under,19,9,1,8,10,10,0,0,0,0
S01013334,25 to 34,55,24,14,10,31,28,0,1,2,0
S01013334,35 to 49,104,45,33,12,59,32,1,6,18,2
S01013334,50 to 64,81,57,48,9,24,2,1,4,8,9
S01013334,65 to 74,25,13,12,1,12,0,0,1,5,6
S01013334,75 to 84,6,4,4,0,2,0,0,0,0,2
S01013334,85 and over,4,2,2,0,2,0,0,0,0,2
S01013335,All HRPs,294,145,105,40,149,59,0,22,46,22
S01013335,24 and under,10,6,1,5,4,4,0,0,0,0
S01013335,25 to 34,61,22,11,11,39,25,0,6,8,0
S01013335,35 to 49,108,62,43,19,46,24,0,10,12,0
S01013335,50 to 64,80,47,42,5,33,4,0,4,17,8
S01013335,65 to 74,25,8,8,0,17,1,0,2,5,9
S01013335,75 to 84,8,0,0,0,8,1,0,0,3,4
S01013335,85 and over,2,0,0,0,2,0,0,0,1,1
S01013336,All HRPs,339,152,107,45,187,76,4,27,52,28
S01013336,24 and under,19,3,0,3,16,16,0,0,0,0
S01013336,25 to 34,57,29,7,22,28,24,1,1,2,0
S01013336,35 to 49,124,49,33,16,75,31,2,18,23,1
S01013336,50 to 64,97,57,53,4,40,5,1,6,18,10
S01013336,65 to 74,32,11,11,0,21,0,0,2,7,12
S01013336,75 to 84,9,2,2,0,7,0,0,0,2,5
S01013336,85 and over,1,1,1,0,0,0,0,0,0,0
S01013337,All HRPs,365,264,227,37,101,29,5,18,20,29
S01013337,24 and under,1,0,0,0,1,1,0,0,0,0
S01013337,25 to 34,29,20,8,12,9,8,0,1,0,0
S01013337,35 to 49,116,85,70,15,31,12,3,11,4,1
S01013337,50 to 64,134,99,91,8,35,6,2,5,15,7
S01013337,65 to 74,50,40,40,0,10,2,0,1,0,7
S01013337,75 to 84,27,17,15,2,10,0,0,0,1,9
S01013337,85 and over,8,3,3,0,5,0,0,0,0,5
S01013338,All HRPs,165,143,121,22,22,4,2,7,7,2
S01013338,24 and under,0,0,0,0,0,0,0,0,0,0
S01013338,25 to 34,11,11,8,3,0,0,0,0,0,0
S01013338,35 to 49,118,105,87,18,13,3,1,6,2,1
S01013338,50 to 64,28,21,20,1,7,1,1,1,3,1
S01013338,65 to 74,6,4,4,0,2,0,0,0,2,0
S01013338,75 to 84,2,2,2,0,0,0,0,0,0,0
S01013338,85 and over,0,0,0,0,0,0,0,0,0,0
S01013339,All HRPs,233,164,137,27,69,19,0,13,22,15
S01013339,24 and under,2,1,1,0,1,1,0,0,0,0
S01013339,25 to 34,33,26,11,15,7,5,0,2,0,0
S01013339,35 to 49,77,48,41,7,29,10,0,7,12,0
S01013339,50 to 64,85,65,61,4,20,2,0,4,9,5
S01013339,65 to 74,21,19,19,0,2,0,0,0,1,1
S01013339,75 to 84,13,5,4,1,8,1,0,0,0,7
S01013339,85 and over,2,0,0,0,2,0,0,0,0,2
S01013340,All HRPs,335,252,220,32,83,25,2,14,18,24
S01013340,24 and under,5,1,0,1,4,4,0,0,0,0
S01013340,25 to 34,25,17,5,12,8,7,0,0,1,0
S01013340,35 to 49,93,63,51,12,30,10,1,8,9,2
S01013340,50 to 64,139,115,108,7,24,3,0,5,8,8
S01013340,65 to 74,45,39,39,0,6,1,0,1,0,4
S01013340,75 to 84,21,14,14,0,7,0,1,0,0,6
S01013340,85 and over,7,3,3,0,4,0,0,0,0,4
S01013341,All HRPs,388,239,198,41,149,50,10,30,37,22
S01013341,24 and under,7,2,0,2,5,5,0,0,0,0
S01013341,25 to 34,60,36,20,16,24,20,2,1,1,0
S01013341,35 to 49,159,94,75,19,65,20,3,20,19,3
S01013341,50 to 64,108,77,74,3,31,4,3,8,10,6
S01013341,65 to 74,36,23,22,1,13,0,1,1,6,5
S01013341,75 to 84,15,6,6,0,9,1,1,0,1,6
S01013341,85 and over,3,1,1,0,2,0,0,0,0,2
S01013342,All HRPs,286,123,86,37,163,65,0,17,43,38
S01013342,24 and under,17,4,1,3,13,12,0,1,0,0
S01013342,25 to 34,43,17,5,12,26,23,0,2,1,0
S01013342,35 to 49,74,34,19,15,40,23,0,5,11,1
S01013342,50 to 64,74,37,32,5,37,2,0,9,21,5
S01013342,65 to 74,45,21,20,1,24,4,0,0,7,13
S01013342,75 to 84,28,9,8,1,19,1,0,0,3,15
S01013342,85 and over,5,1,1,0,4,0,0,0,0,4
S01013343,All HRPs,276,156,128,28,120,38,0,13,33,36
S01013343,24 and under,7,3,0,3,4,4,0,0,0,0
S01013343,25 to 34,47,28,15,13,19,11,0,4,4,0
S01013343,35 to 49,96,65,57,8,31,15,0,6,10,0
S01013343,50 to 64,73,43,41,2,30,6,0,3,12,9
S01013343,65 to 74,37,12,10,2,25,2,0,0,7,16
S01013343,75 to 84,12,5,5,0,7,0,0,0,0,7
S01013343,85 and over,4,0,0,0,4,0,0,0,0,4
S01013344,All HRPs,356,154,122,32,202,61,4,20,61,56
S01013344,24 and under,9,2,0,2,7,7,0,0,0,0
S01013344,25 to 34,49,21,14,7,28,22,1,4,1,0
S01013344,35 to 49,90,47,30,17,43,16,0,9,18,0
S01013344,50 to 64,93,46,41,5,47,9,1,6,24,7
S01013344,65 to 74,62,26,26,0,36,5,1,1,14,15
S01013344,75 to 84,43,10,9,1,33,2,1,0,4,26
S01013344,85 and over,10,2,2,0,8,0,0,0,0,8
S01013345,All HRPs,298,159,124,35,139,52,2,18,36,31
S01013345,24 and under,9,3,0,3,6,6,0,0,0,0
S01013345,25 to 34,46,27,16,11,19,16,0,3,0,0
S01013345,35 to 49,102,54,42,12,48,22,0,8,17,1
S01013345,50 to 64,88,56,48,8,32,6,1,7,12,6
S01013345,65 to 74,31,14,14,0,17,0,0,0,5,12
S01013345,75 to 84,15,4,3,1,11,1,1,0,2,7
S01013345,85 and over,7,1,1,0,6,1,0,0,0,5
S01013346,All HRPs,282,222,190,32,60,17,2,10,24,7
S01013346,24 and under,4,2,0,2,2,2,0,0,0,0
S01013346,25 to 34,35,27,18,9,8,6,0,2,0,0
S01013346,35 to 49,152,120,104,16,32,9,1,5,16,1
S01013346,50 to 64,72,59,54,5,13,0,0,3,8,2
S01013346,65 to 74,16,13,13,0,3,0,1,0,0,2
S01013346,75 to 84,3,1,1,0,2,0,0,0,0,2
S01013346,85 and over,0,0,0,0,0,0,0,0,0,0
S01013347,All HRPs,332,176,132,44,156,62,6,21,46,21
S01013347,24 and under,12,0,0,0,12,12,0,0,0,0
S01013347,25 to 34,49,30,13,17,19,17,0,1,1,0
S01013347,35 to 49,126,67,51,16,59,21,3,12,22,1
S01013347,50 to 64,100,57,48,9,43,9,3,7,16,8
S01013347,65 to 74,32,17,15,2,15,3,0,1,6,5
S01013347,75 to 84,9,5,5,0,4,0,0,0,1,3
S01013347,85 and over,4,0,0,0,4,0,0,0,0,4
S01013348,All HRPs,169,129,107,22,40,13,1,10,8,8
S01013348,24 and under,2,2,0,2,0,0,0,0,0,0
S01013348,25 to 34,20,18,13,5,2,1,0,1,0,0
S01013348,35 to 49,94,71,58,13,23,10,1,6,5,1
S01013348,50 to 64,40,34,32,2,6,1,0,2,2,1
S01013348,65 to 74,8,3,3,0,5,0,0,1,1,3
S01013348,75 to 84,3,1,1,0,2,0,0,0,0,2
S01013348,85 and over,2,0,0,0,2,1,0,0,0,1
S01013349,All HRPs,359,177,97,80,182,113,5,29,30,5
S01013349,24 and under,38,18,2,16,20,20,0,0,0,0
S01013349,25 to 34,149,75,34,41,74,63,0,7,4,0
S01013349,35 to 49,129,63,42,21,66,29,4,16,17,0
S01013349,50 to 64,33,17,15,2,16,1,1,6,6,2
S01013349,65 to 74,7,4,4,0,3,0,0,0,3,0
S01013349,75 to 84,2,0,0,0,2,0,0,0,0,2
S01013349,85 and over,1,0,0,0,1,0,0,0,0,1
S01013350,All HRPs,285,151,99,52,134,47,3,19,24,41
S01013350,24 and under,12,6,0,6,6,6,0,0,0,0
S01013350,25 to 34,48,26,13,13,22,18,0,3,1,0
S01013350,35 to 49,91,53,30,23,38,18,3,10,6,1
S01013350,50 to 64,63,46,37,9,17,3,0,2,11,1
S01013350,65 to 74,32,12,11,1,20,1,0,4,6,9
S01013350,75 to 84,25,7,7,0,18,1,0,0,0,17
S01013350,85 and over,14,1,1,0,13,0,0,0,0,13
S01013351,All HRPs,320,189,146,43,131,31,1,12,48,39
S01013351,24 and under,8,5,0,5,3,3,0,0,0,0
S01013351,25 to 34,43,28,13,15,15,12,0,3,0,0
S01013351,35 to 49,107,67,51,16,40,10,1,6,21,2
S01013351,50 to 64,100,64,58,6,36,3,0,3,21,9
S01013351,65 to 74,34,18,17,1,16,3,0,0,3,10
S01013351,75 to 84,21,7,7,0,14,0,0,0,2,12
S01013351,85 and over,7,0,0,0,7,0,0,0,1,6
S01013352,All HRPs,355,208,167,41,147,51,4,17,41,34
S01013352,24 and under,12,4,0,4,8,6,0,0,2,0
S01013352,25 to 34,49,24,17,7,25,22,0,2,1,0
S01013352,35 to 49,104,60,45,15,44,17,1,8,18,0
S01013352,50 to 64,113,79,68,11,34,2,1,5,15,11
S01013352,65 to 74,44,29,26,3,15,1,1,1,3,9
S01013352,75 to 84,26,11,10,1,15,1,1,1,2,10
S01013352,85 and over,7,1,1,0,6,2,0,0,0,4
S01013353,All HRPs,283,124,93,31,159,53,2,16,53,35
S01013353,24 and under,17,6,0,6,11,11,0,0,0,0
S01013353,25 to 34,37,20,12,8,17,14,0,2,1,0
S01013353,35 to 49,90,45,32,13,45,19,0,9,17,0
S01013353,50 to 64,92,41,39,2,51,6,0,4,28,13
S01013353,65 to 74,29,9,8,1,20,3,1,1,5,10
S01013353,75 to 84,13,3,2,1,10,0,1,0,1,8
S01013353,85 and over,5,0,0,0,5,0,0,0,1,4
S01013354,All HRPs,318,203,184,19,115,31,1,11,33,39
S01013354,24 and under,12,3,1,2,9,9,0,0,0,0
S01013354,25 to 34,25,12,7,5,13,9,0,3,0,1
S01013354,35 to 49,109,83,76,7,26,5,1,7,13,0
S01013354,50 to 64,85,58,55,3,27,3,0,1,12,11
S01013354,65 to 74,61,37,35,2,24,5,0,0,8,11
S01013354,75 to 84,22,9,9,0,13,0,0,0,0,13
S01013354,85 and over,4,1,1,0,3,0,0,0,0,3
S01013355,All HRPs,274,161,134,27,113,33,1,12,31,36
S01013355,24 and under,4,2,0,2,2,2,0,0,0,0
S01013355,25 to 34,21,10,6,4,11,9,0,1,0,1
S01013355,35 to 49,92,65,50,15,27,10,0,5,10,2
S01013355,50 to 64,80,53,47,6,27,7,0,4,12,4
S01013355,65 to 74,42,23,23,0,19,3,0,1,6,9
S01013355,75 to 84,29,8,8,0,21,2,0,1,3,15
S01013355,85 and over,6,0,0,0,6,0,1,0,0,5
S01013356,All HRPs,323,157,117,40,166,78,1,13,44,30
S01013356,24 and under,17,5,2,3,12,12,0,0,0,0
S01013356,25 to 34,65,25,12,13,40,35,0,2,3,0
S01013356,35 to 49,103,47,37,10,56,23,1,7,23,2
S01013356,50 to 64,79,45,33,12,34,5,0,4,15,10
S01013356,65 to 74,42,32,30,2,10,2,0,0,2,6
S01013356,75 to 84,15,3,3,0,12,1,0,0,1,10
S01013356,85 and over,2,0,0,0,2,0,0,0,0,2
S01013357,All HRPs,346,224,181,43,122,48,2,20,21,31
S01013357,24 and under,9,2,0,2,7,6,0,1,0,0
S01013357,25 to 34,44,22,10,12,22,17,0,5,0,0
S01013357,35 to 49,126,87,68,19,39,17,1,9,10,2
S01013357,50 to 64,94,71,62,9,23,3,0,4,9,7
S01013357,65 to 74,42,26,25,1,16,2,0,0,1,13
S01013357,75 to 84,25,15,15,0,10,2,1,0,1,6
S01013357,85 and over,6,1,1,0,5,1,0,1,0,3
S01013358,All HRPs,382,197,158,39,185,58,3,17,43,64
S01013358,24 and under,10,4,2,2,6,6,0,0,0,0
S01013358,25 to 34,41,27,15,12,14,12,0,2,0,0
S01013358,35 to 49,106,66,54,12,40,18,0,7,15,0
S01013358,50 to 64,91,58,50,8,33,8,1,4,14,6
S01013358,65 to 74,72,32,29,3,40,7,1,2,13,17
S01013358,75 to 84,45,8,6,2,37,7,1,2,1,26
S01013358,85 and over,17,2,2,0,15,0,0,0,0,15
S01013359,All HRPs,298,124,92,32,174,65,2,24,37,46
S01013359,24 and under,14,3,0,3,11,11,0,0,0,0
S01013359,25 to 34,50,24,7,17,26,18,0,5,3,0
S01013359,35 to 49,72,30,22,8,42,21,0,8,10,3
S01013359,50 to 64,83,39,35,4,44,12,1,7,16,8
S01013359,65 to 74,37,16,16,0,21,1,1,3,6,10
S01013359,75 to 84,33,10,10,0,23,2,0,1,2,18
S01013359,85 and over,9,2,2,0,7,0,0,0,0,7
S01013360,All HRPs,299,149,125,24,150,53,2,14,40,41
S01013360,24 and under,11,1,1,0,10,10,0,0,0,0
S01013360,25 to 34,31,14,5,9,17,17,0,0,0,0
S01013360,35 to 49,80,43,34,9,37,14,0,8,14,1
S01013360,50 to 64,90,50,45,5,40,8,1,6,22,3
S01013360,65 to 74,44,30,29,1,14,3,0,0,2,9
S01013360,75 to 84,34,10,10,0,24,1,1,0,2,20
S01013360,85 and over,9,1,1,0,8,0,0,0,0,8
S01013361,All HRPs,280,116,91,25,164,64,1,22,49,28
S01013361,24 and under,11,3,0,3,8,8,0,0,0,0
S01013361,25 to 34,40,17,8,9,23,19,1,2,1,0
S01013361,35 to 49,81,33,23,10,48,25,0,13,10,0
S01013361,50 to 64,80,36,33,3,44,7,0,4,26,7
S01013361,65 to 74,41,20,20,0,21,3,0,3,10,5
S01013361,75 to 84,24,7,7,0,17,2,0,0,2,13
S01013361,85 and over,3,0,0,0,3,0,0,0,0,3
S01013362,All HRPs,220,94,79,15,126,47,1,8,28,42
S01013362,24 and under,10,1,0,1,9,9,0,0,0,0
S01013362,25 to 34,28,16,14,2,12,11,0,0,1,0
S01013362,35 to 49,56,27,20,7,29,17,0,4,8,0
S01013362,50 to 64,53,28,26,2,25,8,1,3,10,3
S01013362,65 to 74,36,13,10,3,23,2,0,0,5,16
S01013362,75 to 84,29,9,9,0,20,0,0,1,3,16
S01013362,85 and over,8,0,0,0,8,0,0,0,1,7
S01013363,All HRPs,390,130,95,35,260,134,0,25,56,45
S01013363,24 and under,42,7,2,5,35,35,0,0,0,0
S01013363,25 to 34,77,21,8,13,56,45,0,6,5,0
S01013363,35 to 49,104,37,22,15,67,37,0,9,20,1
S01013363,50 to 64,76,34,32,2,42,12,0,9,16,5
S01013363,65 to 74,52,23,23,0,29,3,0,1,12,13
S01013363,75 to 84,31,6,6,0,25,1,0,0,3,21
S01013363,85 and over,8,2,2,0,6,1,0,0,0,5
S01013364,All HRPs,366,233,191,42,133,45,0,15,36,37
S01013364,24 and under,9,5,0,5,4,4,0,0,0,0
S01013364,25 to 34,37,24,15,9,13,9,0,3,1,0
S01013364,35 to 49,141,98,76,22,43,18,0,8,15,2
S01013364,50 to 64,96,64,60,4,32,8,0,3,14,7
S01013364,65 to 74,62,32,30,2,30,5,0,1,4,20
S01013364,75 to 84,16,10,10,0,6,1,0,0,2,3
S01013364,85 and over,5,0,0,0,5,0,0,0,0,5
S01013365,All HRPs,367,215,175,40,152,68,2,11,40,31
S01013365,24 and under,8,4,0,4,4,4,0,0,0,0
S01013365,25 to 34,45,20,9,11,25,24,0,1,0,0
S01013365,35 to 49,107,58,44,14,49,28,1,6,13,1
S01013365,50 to 64,133,91,82,9,42,11,1,3,21,6
S01013365,65 to 74,53,34,33,1,19,1,0,1,6,11
S01013365,75 to 84,19,8,7,1,11,0,0,0,0,11
S01013365,85 and over,2,0,0,0,2,0,0,0,0,2
S01013366,All HRPs,348,229,191,38,119,47,3,18,33,18
S01013366,24 and under,5,3,0,3,2,2,0,0,0,0
S01013366,25 to 34,50,31,18,13,19,16,1,1,1,0
S01013366,35 to 49,146,98,80,18,48,22,1,7,17,1
S01013366,50 to 64,96,67,63,4,29,4,1,8,11,5
S01013366,65 to 74,41,26,26,0,15,2,0,1,4,8
S01013366,75 to 84,9,4,4,0,5,1,0,1,0,3
S01013366,85 and over,1,0,0,0,1,0,0,0,0,1
S01013367,All HRPs,221,153,130,23,68,17,0,10,21,20
S01013367,24 and under,1,0,0,0,1,1,0,0,0,0
S01013367,25 to 34,19,15,7,8,4,4,0,0,0,0
S01013367,35 to 49,90,72,60,12,18,6,0,2,9,1
S01013367,50 to 64,77,54,51,3,23,4,0,5,7,7
S01013367,65 to 74,18,6,6,0,12,1,0,3,3,5
S01013367,75 to 84,15,6,6,0,9,1,0,0,2,6
S01013367,85 and over,1,0,0,0,1,0,0,0,0,1
S01013368,All HRPs,284,184,159,25,100,32,6,9,21,32
S01013368,24 and under,8,1,0,1,7,7,0,0,0,0
S01013368,25 to 34,15,8,5,3,7,5,0,2,0,0
S01013368,35 to 49,99,72,59,13,27,10,3,4,7,3
S01013368,50 to 64,93,69,62,7,24,4,3,2,11,4
S01013368,65 to 74,34,20,19,1,14,2,0,1,3,8
S01013368,75 to 84,31,13,13,0,18,4,0,0,0,14
S01013368,85 and over,4,1,1,0,3,0,0,0,0,3
S01013369,All HRPs,420,178,135,43,242,81,5,22,65,69
S01013369,24 and under,25,8,0,8,17,17,0,0,0,0
S01013369,25 to 34,58,28,14,14,30,26,0,4,0,0
S01013369,35 to 49,104,50,36,14,54,23,2,8,19,2
S01013369,50 to 64,101,51,46,5,50,9,0,7,28,6
S01013369,65 to 74,63,26,24,2,37,3,1,1,15,17
S01013369,75 to 84,50,14,14,0,36,3,2,2,2,27
S01013369,85 and over,19,1,1,0,18,0,0,0,1,17
S01013370,All HRPs,298,119,85,34,179,86,2,15,43,33
S01013370,24 and under,41,6,1,5,35,35,0,0,0,0
S01013370,25 to 34,38,13,5,8,25,19,0,3,3,0
S01013370,35 to 49,87,38,24,14,49,21,0,9,18,1
S01013370,50 to 64,70,33,30,3,37,9,0,0,18,10
S01013370,65 to 74,34,19,15,4,15,1,1,1,2,10
S01013370,75 to 84,25,9,9,0,16,1,1,2,2,10
S01013370,85 and over,3,1,1,0,2,0,0,0,0,2
S01013371,All HRPs,327,155,137,18,172,35,3,17,38,79
S01013371,24 and under,9,3,2,1,6,6,0,0,0,0
S01013371,25 to 34,24,8,5,3,16,14,0,1,1,0
S01013371,35 to 49,78,37,29,8,41,10,0,8,22,1
S01013371,50 to 64,61,40,36,4,21,0,1,5,9,6
S01013371,65 to 74,80,42,41,1,38,2,1,2,4,29
S01013371,75 to 84,61,24,23,1,37,3,1,0,1,32
S01013371,85 and over,14,1,1,0,13,0,0,1,1,11
S01013372,All HRPs,489,203,150,53,286,135,5,27,78,41
S01013372,24 and under,39,8,0,8,31,30,0,0,1,0
S01013372,25 to 34,66,27,11,16,39,37,1,1,0,0
S01013372,35 to 49,180,74,54,20,106,53,2,15,34,2
S01013372,50 to 64,110,57,49,8,53,8,1,8,29,7
S01013372,65 to 74,55,21,20,1,34,5,1,3,12,13
S01013372,75 to 84,32,13,13,0,19,2,0,0,2,15
S01013372,85 and over,7,3,3,0,4,0,0,0,0,4
S01013373,All HRPs,451,200,164,36,251,105,3,26,61,56
S01013373,24 and under,20,5,0,5,15,15,0,0,0,0
S01013373,25 to 34,62,22,11,11,40,36,0,4,0,0
S01013373,35 to 49,140,61,46,15,79,42,0,13,22,2
S01013373,50 to 64,100,52,47,5,48,8,3,7,24,6
S01013373,65 to 74,61,31,31,0,30,1,0,2,11,16
S01013373,75 to 84,58,26,26,0,32,1,0,0,4,27
S01013373,85 and over,10,3,3,0,7,2,0,0,0,5
S01013374,All HRPs,453,158,106,52,295,115,1,29,69,81
S01013374,24 and under,33,6,0,6,27,25,0,2,0,0
S01013374,25 to 34,76,28,13,15,48,41,0,6,1,0
S01013374,35 to 49,116,43,25,18,73,30,0,14,28,1
S01013374,50 to 64,98,42,31,11,56,11,0,6,23,16
S01013374,65 to 74,58,27,25,2,31,6,0,0,11,14
S01013374,75 to 84,45,10,10,0,35,1,1,1,6,26
S01013374,85 and over,27,2,2,0,25,1,0,0,0,24
S01013375,All HRPs,262,128,94,34,134,56,0,10,29,39
S01013375,24 and under,12,5,1,4,7,6,0,0,1,0
S01013375,25 to 34,42,17,4,13,25,24,0,0,1,0
S01013375,35 to 49,68,31,19,12,37,19,0,5,9,4
S01013375,50 to 64,61,41,37,4,20,5,0,3,7,5
S01013375,65 to 74,50,25,25,0,25,1,0,2,9,13
S01013375,75 to 84,24,8,7,1,16,1,0,0,1,14
S01013375,85 and over,5,1,1,0,4,0,0,0,1,3
S01013376,All HRPs,272,130,115,15,142,48,3,13,34,44
S01013376,24 and under,11,2,0,2,9,9,0,0,0,0
S01013376,25 to 34,24,14,11,3,10,8,0,2,0,0
S01013376,35 to 49,63,34,28,6,29,13,2,5,8,1
S01013376,50 to 64,82,43,39,4,39,10,0,6,15,8
S01013376,65 to 74,56,23,23,0,33,5,0,0,9,19
S01013376,75 to 84,31,13,13,0,18,3,1,0,2,12
S01013376,85 and over,5,1,1,0,4,0,0,0,0,4
S01013377,All HRPs,377,183,148,35,194,66,2,14,33,79
S01013377,24 and under,18,6,0,6,12,12,0,0,0,0
S01013377,25 to 34,38,19,9,10,19,14,1,3,1,0
S01013377,35 to 49,87,43,34,9,44,25,0,8,10,1
S01013377,50 to 64,100,62,53,9,38,12,0,3,10,13
S01013377,65 to 74,57,27,27,0,30,3,0,0,10,17
S01013377,75 to 84,59,21,20,1,38,0,0,0,1,37
S01013377,85 and over,18,5,5,0,13,0,1,0,1,11
S01013378,All HRPs,426,217,171,46,209,95,3,21,45,45
S01013378,24 and under,37,5,0,5,32,31,0,1,0,0
S01013378,25 to 34,49,19,10,9,30,26,0,2,2,0
S01013378,35 to 49,136,78,56,22,58,31,1,10,11,5
S01013378,50 to 64,112,78,70,8,34,4,2,6,19,3
S01013378,65 to 74,60,27,26,1,33,3,0,1,8,21
S01013378,75 to 84,26,8,7,1,18,0,0,1,5,12
S01013378,85 and over,6,2,2,0,4,0,0,0,0,4
S01013379,All HRPs,345,229,200,29,116,44,1,12,26,33
S01013379,24 and under,9,3,1,2,6,6,0,0,0,0
S01013379,25 to 34,26,15,9,6,11,10,0,0,1,0
S01013379,35 to 49,112,67,52,15,45,26,0,7,9,3
S01013379,50 to 64,118,94,90,4,24,2,0,4,11,7
S01013379,65 to 74,51,35,33,2,16,0,1,0,3,12
S01013379,75 to 84,26,13,13,0,13,0,0,1,2,10
S01013379,85 and over,3,2,2,0,1,0,0,0,0,1
S01013380,All HRPs,36,24,24,0,12,1,0,2,3,6
S01013380,24 and under,0,0,0,0,0,0,0,0,0,0
S01013380,25 to 34,0,0,0,0,0,0,0,0,0,0
S01013380,35 to 49,12,8,8,0,4,0,0,2,2,0
S01013380,50 to 64,10,8,8,0,2,1,0,0,1,0
S01013380,65 to 74,7,4,4,0,3,0,0,0,0,3
S01013380,75 to 84,4,3,3,0,1,0,0,0,0,1
S01013380,85 and over,3,1,1,0,2,0,0,0,0,2
S01013381,All HRPs,211,116,96,20,95,31,2,10,16,36
S01013381,24 and under,4,2,0,2,2,2,0,0,0,0
S01013381,25 to 34,24,14,4,10,10,5,0,3,1,1
S01013381,35 to 49,61,36,30,6,25,14,1,2,7,1
S01013381,50 to 64,55,36,34,2,19,4,0,4,6,5
S01013381,65 to 74,46,26,26,0,20,5,0,0,2,13
S01013381,75 to 84,17,2,2,0,15,1,1,1,0,12
S01013381,85 and over,4,0,0,0,4,0,0,0,0,4
S01013382,All HRPs,225,146,114,32,79,30,0,11,8,30
S01013382,24 and under,5,2,0,2,3,3,0,0,0,0
S01013382,25 to 34,32,20,8,12,12,10,0,2,0,0
S01013382,35 to 49,77,54,42,12,23,12,0,6,3,2
S01013382,50 to 64,63,48,43,5,15,4,0,1,5,5
S01013382,65 to 74,29,17,17,0,12,1,0,2,0,9
S01013382,75 to 84,11,3,3,0,8,0,0,0,0,8
S01013382,85 and over,8,2,1,1,6,0,0,0,0,6
S01013383,All HRPs,353,141,108,33,212,81,2,16,49,64
S01013383,24 and under,27,10,0,10,17,17,0,0,0,0
S01013383,25 to 34,31,12,7,5,19,12,1,4,2,0
S01013383,35 to 49,87,46,33,13,41,26,0,1,12,2
S01013383,50 to 64,81,31,29,2,50,17,1,8,17,7
S01013383,65 to 74,62,26,24,2,36,2,0,1,12,21
S01013383,75 to 84,52,16,15,1,36,5,0,2,4,25
S01013383,85 and over,13,0,0,0,13,2,0,0,2,9
S01013384,All HRPs,337,177,135,42,160,40,2,17,43,58
S01013384,24 and under,7,5,0,5,2,2,0,0,0,0
S01013384,25 to 34,30,25,10,15,5,5,0,0,0,0
S01013384,35 to 49,98,59,41,18,39,15,0,13,10,1
S01013384,50 to 64,85,48,44,4,37,7,0,3,21,6
S01013384,65 to 74,55,28,28,0,27,4,0,1,6,16
S01013384,75 to 84,45,8,8,0,37,6,2,0,5,24
S01013384,85 and over,17,4,4,0,13,1,0,0,1,11
S01013385,All HRPs,217,127,108,19,90,29,2,12,21,26
S01013385,24 and under,3,2,0,2,1,1,0,0,0,0
S01013385,25 to 34,32,26,14,12,6,6,0,0,0,0
S01013385,35 to 49,56,28,23,5,28,13,0,6,7,2
S01013385,50 to 64,70,45,45,0,25,5,1,4,12,3
S01013385,65 to 74,29,15,15,0,14,3,0,2,2,7
S01013385,75 to 84,25,10,10,0,15,1,1,0,0,13
S01013385,85 and over,2,1,1,0,1,0,0,0,0,1
S01013386,All HRPs,335,252,220,32,83,27,0,5,24,27
S01013386,24 and under,9,2,0,2,7,7,0,0,0,0
S01013386,25 to 34,30,25,17,8,5,5,0,0,0,0
S01013386,35 to 49,111,89,76,13,22,9,0,1,11,1
S01013386,50 to 64,111,83,75,8,28,5,0,4,12,7
S01013386,65 to 74,52,39,38,1,13,0,0,0,1,12
S01013386,75 to 84,18,13,13,0,5,0,0,0,0,5
S01013386,85 and over,4,1,1,0,3,1,0,0,0,2
S01013387,All HRPs,265,123,91,32,142,43,2,16,30,51
S01013387,24 and under,6,3,0,3,3,3,0,0,0,0
S01013387,25 to 34,36,20,9,11,16,12,0,2,2,0
S01013387,35 to 49,70,35,24,11,35,12,1,9,11,2
S01013387,50 to 64,69,37,32,5,32,10,0,5,9,8
S01013387,65 to 74,32,15,13,2,17,4,0,0,6,7
S01013387,75 to 84,46,13,13,0,33,2,1,0,2,28
S01013387,85 and over,6,0,0,0,6,0,0,0,0,6
S01013388,All HRPs,382,161,132,29,221,61,2,18,43,97
S01013388,24 and under,10,0,0,0,10,8,0,1,1,0
S01013388,25 to 34,44,21,10,11,23,22,0,0,1,0
S01013388,35 to 49,86,49,38,11,37,17,0,9,10,1
S01013388,50 to 64,84,43,37,6,41,7,0,7,21,6
S01013388,65 to 74,78,34,33,1,44,4,0,1,8,31
S01013388,75 to 84,57,14,14,0,43,1,0,0,2,40
S01013388,85 and over,23,0,0,0,23,2,2,0,0,19
S01013389,All HRPs,347,181,137,44,166,70,1,22,41,32
S01013389,24 and under,13,4,0,4,9,9,0,0,0,0
S01013389,25 to 34,60,31,11,20,29,23,0,4,2,0
S01013389,35 to 49,106,54,39,15,52,25,0,13,13,1
S01013389,50 to 64,100,61,57,4,39,9,0,4,17,9
S01013389,65 to 74,39,22,21,1,17,2,1,1,6,7
S01013389,75 to 84,21,9,9,0,12,2,0,0,2,8
S01013389,85 and over,8,0,0,0,8,0,0,0,1,7
S01013390,All HRPs,210,109,89,20,101,37,1,12,20,31
S01013390,24 and under,3,2,0,2,1,1,0,0,0,0
S01013390,25 to 34,26,10,3,7,16,15,0,1,0,0
S01013390,35 to 49,60,35,28,7,25,13,0,7,4,1
S01013390,50 to 64,71,39,36,3,32,8,0,4,13,7
S01013390,65 to 74,29,16,15,1,13,0,0,0,1,12
S01013390,75 to 84,15,6,6,0,9,0,1,0,2,6
S01013390,85 and over,6,1,1,0,5,0,0,0,0,5
S01013391,All HRPs,173,114,88,26,59,12,3,3,14,27
S01013391,24 and under,3,2,0,2,1,1,0,0,0,0
S01013391,25 to 34,19,15,5,10,4,3,0,1,0,0
S01013391,35 to 49,41,32,23,9,9,5,1,0,3,0
S01013391,50 to 64,56,41,36,5,15,3,1,2,6,3
S01013391,65 to 74,23,13,13,0,10,0,0,0,5,5
S01013391,75 to 84,18,8,8,0,10,0,1,0,0,9
S01013391,85 and over,13,3,3,0,10,0,0,0,0,10
S01013392,All HRPs,270,214,170,44,56,22,3,8,18,5
S01013392,24 and under,5,2,0,2,3,3,0,0,0,0
S01013392,25 to 34,59,46,30,16,13,12,0,1,0,0
S01013392,35 to 49,151,125,105,20,26,6,3,7,9,1
S01013392,50 to 64,43,32,27,5,11,1,0,0,9,1
S01013392,65 to 74,12,9,8,1,3,0,0,0,0,3
S01013392,75 to 84,0,0,0,0,0,0,0,0,0,0
S01013392,85 and over,0,0,0,0,0,0,0,0,0,0
S01013393,All HRPs,324,158,120,38,166,73,1,15,30,47
S01013393,24 and under,22,5,0,5,17,17,0,0,0,0
S01013393,25 to 34,53,31,14,17,22,22,0,0,0,0
S01013393,35 to 49,97,59,47,12,38,22,0,7,8,1
S01013393,50 to 64,59,32,29,3,27,2,0,4,11,10
S01013393,65 to 74,57,27,27,0,30,5,1,3,8,13
S01013393,75 to 84,31,4,3,1,27,5,0,1,3,18
S01013393,85 and over,5,0,0,0,5,0,0,0,0,5
S01013394,All HRPs,288,144,114,30,144,66,1,10,33,34
S01013394,24 and under,20,3,0,3,17,16,1,0,0,0
S01013394,25 to 34,38,17,5,12,21,18,0,3,0,0
S01013394,35 to 49,94,47,35,12,47,26,0,2,15,4
S01013394,50 to 64,74,45,43,2,29,3,0,5,14,7
S01013394,65 to 74,36,24,24,0,12,2,0,0,2,8
S01013394,75 to 84,20,6,5,1,14,1,0,0,2,11
S01013394,85 and over,6,2,2,0,4,0,0,0,0,4
S01013395,All HRPs,352,112,56,56,240,134,1,25,54,26
S01013395,24 and under,47,17,3,14,30,28,0,2,0,0
S01013395,25 to 34,94,28,6,22,66,60,0,5,1,0
S01013395,35 to 49,103,35,24,11,68,36,0,13,17,2
S01013395,50 to 64,64,21,14,7,43,6,1,4,28,4
S01013395,65 to 74,22,9,8,1,13,2,0,0,4,7
S01013395,75 to 84,20,2,1,1,18,2,0,1,3,12
S01013395,85 and over,2,0,0,0,2,0,0,0,1,1
S01013396,All HRPs,255,205,156,49,50,25,1,7,8,9
S01013396,24 and under,12,10,1,9,2,2,0,0,0,0
S01013396,25 to 34,86,72,56,16,14,13,0,1,0,0
S01013396,35 to 49,120,98,75,23,22,10,1,5,4,2
S01013396,50 to 64,33,24,23,1,9,0,0,1,4,4
S01013396,65 to 74,2,0,0,0,2,0,0,0,0,2
S01013396,75 to 84,1,1,1,0,0,0,0,0,0,0
S01013396,85 and over,1,0,0,0,1,0,0,0,0,1
S01013397,All HRPs,376,217,168,49,159,46,2,27,36,48
S01013397,24 and under,10,3,0,3,7,7,0,0,0,0
S01013397,25 to 34,59,41,17,24,18,16,0,2,0,0
S01013397,35 to 49,112,65,54,11,47,15,0,18,13,1
S01013397,50 to 64,106,70,62,8,36,6,1,4,15,10
S01013397,65 to 74,46,27,25,2,19,1,1,1,7,9
S01013397,75 to 84,34,9,8,1,25,1,0,2,1,21
S01013397,85 and over,9,2,2,0,7,0,0,0,0,7
S01013398,All HRPs,183,155,142,13,28,7,3,6,6,6
S01013398,24 and under,0,0,0,0,0,0,0,0,0,0
S01013398,25 to 34,18,17,14,3,1,1,0,0,0,0
S01013398,35 to 49,112,98,89,9,14,3,1,5,4,1
S01013398,50 to 64,41,33,32,1,8,2,1,1,2,2
S01013398,65 to 74,7,5,5,0,2,0,1,0,0,1
S01013398,75 to 84,5,2,2,0,3,1,0,0,0,2
S01013398,85 and over,0,0,0,0,0,0,0,0,0,0
S01013399,All HRPs,399,285,221,64,114,33,8,20,26,27
S01013399,24 and under,12,5,0,5,7,7,0,0,0,0
S01013399,25 to 34,93,82,52,30,11,9,0,2,0,0
S01013399,35 to 49,166,123,99,24,43,11,2,12,17,1
S01013399,50 to 64,73,50,45,5,23,6,3,5,6,3
S01013399,65 to 74,37,20,20,0,17,0,2,1,2,12
S01013399,75 to 84,17,5,5,0,12,0,1,0,0,11
S01013399,85 and over,1,0,0,0,1,0,0,0,1,0
S01013400,All HRPs,314,145,104,41,169,86,3,18,32,30
S01013400,24 and under,22,7,2,5,15,15,0,0,0,0
S01013400,25 to 34,55,24,9,15,31,29,1,1,0,0
S01013400,35 to 49,92,45,32,13,47,20,1,11,14,1
S01013400,50 to 64,85,39,35,4,46,16,1,5,17,7
S01013400,65 to 74,29,21,20,1,8,2,0,1,1,4
S01013400,75 to 84,27,9,6,3,18,3,0,0,0,15
S01013400,85 and over,4,0,0,0,4,1,0,0,0,3
S01013401,All HRPs,324,223,145,78,101,69,0,9,16,7
S01013401,24 and under,22,8,0,8,14,14,0,0,0,0
S01013401,25 to 34,105,74,35,39,31,29,0,1,1,0
S01013401,35 to 49,146,106,79,27,40,23,0,4,12,1
S01013401,50 to 64,40,30,26,4,10,2,0,4,3,1
S01013401,65 to 74,7,5,5,0,2,0,0,0,0,2
S01013401,75 to 84,4,0,0,0,4,1,0,0,0,3
S01013401,85 and over,0,0,0,0,0,0,0,0,0,0
S01013402,All HRPs,429,281,192,89,148,92,1,16,34,5
S01013402,24 and under,26,9,1,8,17,17,0,0,0,0
S01013402,25 to 34,151,104,55,49,47,39,0,5,3,0
S01013402,35 to 49,206,141,112,29,65,34,1,8,22,0
S01013402,50 to 64,39,24,21,3,15,2,0,2,9,2
S01013402,65 to 74,4,1,1,0,3,0,0,1,0,2
S01013402,75 to 84,2,2,2,0,0,0,0,0,0,0
S01013402,85 and over,1,0,0,0,1,0,0,0,0,1
S01013403,All HRPs,332,222,158,64,110,66,1,15,24,4
S01013403,24 and under,28,13,0,13,15,15,0,0,0,0
S01013403,25 to 34,84,55,29,26,29,23,1,2,3,0
S01013403,35 to 49,173,124,100,24,49,24,0,11,14,0
S01013403,50 to 64,34,24,23,1,10,3,0,2,4,1
S01013403,65 to 74,13,6,6,0,7,1,0,0,3,3
S01013403,75 to 84,0,0,0,0,0,0,0,0,0,0
S01013403,85 and over,0,0,0,0,0,0,0,0,0,0
S01013404,All HRPs,211,140,104,36,71,33,0,17,20,1
S01013404,24 and under,14,9,0,9,5,5,0,0,0,0
S01013404,25 to 34,39,28,17,11,11,8,0,2,1,0
S01013404,35 to 49,108,70,57,13,38,16,0,13,9,0
S01013404,50 to 64,41,25,22,3,16,4,0,2,9,1
S01013404,65 to 74,6,5,5,0,1,0,0,0,1,0
S01013404,75 to 84,1,1,1,0,0,0,0,0,0,0
S01013404,85 and over,2,2,2,0,0,0,0,0,0,0
S01013405,All HRPs,329,181,142,39,148,48,1,12,25,62
S01013405,24 and under,13,5,0,5,8,8,0,0,0,0
S01013405,25 to 34,38,21,7,14,17,13,0,2,0,2
S01013405,35 to 49,84,54,39,15,30,13,0,4,13,0
S01013405,50 to 64,78,47,42,5,31,6,1,6,9,9
S01013405,65 to 74,56,31,31,0,25,4,0,0,2,19
S01013405,75 to 84,50,22,22,0,28,3,0,0,1,24
S01013405,85 and over,10,1,1,0,9,1,0,0,0,8
S01013406,All HRPs,270,141,104,37,129,51,1,13,36,28
S01013406,24 and under,9,2,0,2,7,7,0,0,0,0
S01013406,25 to 34,41,22,12,10,19,18,0,0,1,0
S01013406,35 to 49,85,46,29,17,39,20,1,5,13,0
S01013406,50 to 64,66,34,26,8,32,4,0,7,18,3
S01013406,65 to 74,34,21,21,0,13,1,0,0,2,10
S01013406,75 to 84,27,12,12,0,15,0,0,1,2,12
S01013406,85 and over,8,4,4,0,4,1,0,0,0,3
S01013407,All HRPs,259,116,84,32,143,40,3,13,43,44
S01013407,24 and under,5,1,0,1,4,4,0,0,0,0
S01013407,25 to 34,33,17,6,11,16,12,0,2,0,2
S01013407,35 to 49,86,35,22,13,51,18,1,9,22,1
S01013407,50 to 64,63,34,28,6,29,5,2,2,16,4
S01013407,65 to 74,32,15,14,1,17,0,0,0,4,13
S01013407,75 to 84,34,14,14,0,20,0,0,0,1,19
S01013407,85 and over,6,0,0,0,6,1,0,0,0,5
S01013408,All HRPs,302,128,90,38,174,62,1,14,39,58
S01013408,24 and under,22,5,0,5,17,17,0,0,0,0
S01013408,25 to 34,44,23,6,17,21,20,0,1,0,0
S01013408,35 to 49,84,34,23,11,50,20,0,9,17,4
S01013408,50 to 64,51,27,23,4,24,3,0,4,12,5
S01013408,65 to 74,51,22,21,1,29,1,0,0,6,22
S01013408,75 to 84,42,17,17,0,25,1,1,0,3,20
S01013408,85 and over,8,0,0,0,8,0,0,0,1,7
S01013409,All HRPs,428,243,193,50,185,79,5,30,46,25
S01013409,24 and under,27,8,0,8,19,18,0,1,0,0
S01013409,25 to 34,67,31,13,18,36,32,1,3,0,0
S01013409,35 to 49,144,88,70,18,56,20,0,17,18,1
S01013409,50 to 64,119,73,68,5,46,5,2,9,22,8
S01013409,65 to 74,49,31,31,0,18,3,1,0,5,9
S01013409,75 to 84,17,12,11,1,5,0,0,0,1,4
S01013409,85 and over,5,0,0,0,5,1,1,0,0,3
S01013410,All HRPs,290,120,61,59,170,86,2,22,43,17
S01013410,24 and under,33,13,2,11,20,18,1,1,0,0
S01013410,25 to 34,91,43,12,31,48,42,0,5,1,0
S01013410,35 to 49,91,32,18,14,59,23,1,9,22,4
S01013410,50 to 64,45,17,14,3,28,2,0,6,18,2
S01013410,65 to 74,21,10,10,0,11,0,0,1,2,8
S01013410,75 to 84,7,5,5,0,2,0,0,0,0,2
S01013410,85 and over,2,0,0,0,2,1,0,0,0,1
S01013411,All HRPs,333,180,142,38,153,64,2,16,43,28
S01013411,24 and under,18,11,1,10,7,7,0,0,0,0
S01013411,25 to 34,49,24,13,11,25,23,1,0,1,0
S01013411,35 to 49,117,57,43,14,60,24,0,11,23,2
S01013411,50 to 64,82,48,46,2,34,9,1,5,15,4
S01013411,65 to 74,29,20,19,1,9,0,0,0,4,5
S01013411,75 to 84,28,18,18,0,10,1,0,0,0,9
S01013411,85 and over,10,2,2,0,8,0,0,0,0,8
S01013412,All HRPs,364,178,139,39,186,88,3,19,44,32
S01013412,24 and under,14,4,1,3,10,9,0,1,0,0
S01013412,25 to 34,54,32,18,14,22,20,0,2,0,0
S01013412,35 to 49,140,71,55,16,69,42,0,8,15,4
S01013412,50 to 64,85,45,40,5,40,9,2,5,23,1
S01013412,65 to 74,40,17,16,1,23,5,1,3,3,11
S01013412,75 to 84,27,7,7,0,20,3,0,0,3,14
S01013412,85 and over,4,2,2,0,2,0,0,0,0,2
S01013413,All HRPs,336,222,186,36,114,37,3,14,27,33
S01013413,24 and under,4,2,0,2,2,2,0,0,0,0
S01013413,25 to 34,32,22,9,13,10,8,1,1,0,0
S01013413,35 to 49,101,78,64,14,23,9,0,8,6,0
S01013413,50 to 64,87,67,60,7,20,7,0,2,9,2
S01013413,65 to 74,48,25,25,0,23,7,0,1,10,5
S01013413,75 to 84,45,24,24,0,21,2,1,2,2,14
S01013413,85 and over,19,4,4,0,15,2,1,0,0,12
S01013414,All HRPs,484,158,115,43,326,131,7,29,63,96
S01013414,24 and under,39,9,1,8,30,30,0,0,0,0
S01013414,25 to 34,73,37,12,25,36,29,0,2,5,0
S01013414,35 to 49,103,31,24,7,72,43,4,11,14,0
S01013414,50 to 64,94,36,34,2,58,10,2,9,33,4
S01013414,65 to 74,73,20,20,0,53,12,0,2,8,31
S01013414,75 to 84,73,21,20,1,52,5,0,3,2,42
S01013414,85 and over,29,4,4,0,25,2,1,2,1,19
S01013415,All HRPs,385,102,74,28,283,135,3,21,67,57
S01013415,24 and under,24,6,0,6,18,18,0,0,0,0
S01013415,25 to 34,62,15,7,8,47,41,0,5,1,0
S01013415,35 to 49,86,26,16,10,60,41,0,8,11,0
S01013415,50 to 64,90,25,22,3,65,17,1,5,35,7
S01013415,65 to 74,55,18,18,0,37,9,0,1,16,11
S01013415,75 to 84,48,11,10,1,37,8,2,2,2,23
S01013415,85 and over,20,1,1,0,19,1,0,0,2,16
S01013416,All HRPs,276,118,88,30,158,60,5,14,39,40
S01013416,24 and under,7,3,0,3,4,4,0,0,0,0
S01013416,25 to 34,34,15,8,7,19,19,0,0,0,0
S01013416,35 to 49,81,38,25,13,43,22,0,9,11,1
S01013416,50 to 64,86,41,35,6,45,8,2,5,21,9
S01013416,65 to 74,38,15,14,1,23,3,1,0,6,13
S01013416,75 to 84,23,4,4,0,19,3,2,0,1,13
S01013416,85 and over,7,2,2,0,5,1,0,0,0,4
S01013417,All HRPs,442,181,124,57,261,138,3,15,69,36
S01013417,24 and under,25,9,0,9,16,16,0,0,0,0
S01013417,25 to 34,87,38,13,25,49,47,0,1,1,0
S01013417,35 to 49,113,42,27,15,71,47,0,6,18,0
S01013417,50 to 64,118,44,36,8,74,20,2,7,37,8
S01013417,65 to 74,55,31,31,0,24,6,1,1,5,11
S01013417,75 to 84,37,16,16,0,21,1,0,0,6,14
S01013417,85 and over,7,1,1,0,6,1,0,0,2,3
S01013418,All HRPs,256,143,117,26,113,43,2,10,26,32
S01013418,24 and under,1,0,0,0,1,1,0,0,0,0
S01013418,25 to 34,35,15,8,7,20,17,0,1,2,0
S01013418,35 to 49,89,58,45,13,31,17,0,5,9,0
S01013418,50 to 64,77,46,41,5,31,5,2,4,15,5
S01013418,65 to 74,28,14,13,1,14,3,0,0,0,11
S01013418,75 to 84,23,10,10,0,13,0,0,0,0,13
S01013418,85 and over,3,0,0,0,3,0,0,0,0,3
S01013419,All HRPs,187,132,118,14,55,18,1,8,13,15
S01013419,24 and under,3,0,0,0,3,3,0,0,0,0
S01013419,25 to 34,11,9,6,3,2,2,0,0,0,0
S01013419,35 to 49,62,48,42,6,14,4,0,5,4,1
S01013419,50 to 64,64,46,42,4,18,7,0,1,9,1
S01013419,65 to 74,30,20,20,0,10,1,0,1,0,8
S01013419,75 to 84,17,9,8,1,8,1,1,1,0,5
S01013419,85 and over,0,0,0,0,0,0,0,0,0,0
S01013420,All HRPs,265,139,118,21,126,60,1,11,28,26
S01013420,24 and under,10,3,1,2,7,7,0,0,0,0
S01013420,25 to 34,37,20,12,8,17,13,0,0,4,0
S01013420,35 to 49,86,44,37,7,42,28,0,3,11,0
S01013420,50 to 64,70,41,40,1,29,6,0,7,11,5
S01013420,65 to 74,30,18,16,2,12,3,0,1,1,7
S01013420,75 to 84,27,11,10,1,16,2,0,0,1,13
S01013420,85 and over,5,2,2,0,3,1,1,0,0,1
S01013421,All HRPs,278,213,180,33,65,21,0,21,17,6
S01013421,24 and under,3,1,0,1,2,2,0,0,0,0
S01013421,25 to 34,50,40,28,12,10,6,0,4,0,0
S01013421,35 to 49,145,114,104,10,31,10,0,11,9,1
S01013421,50 to 64,61,44,37,7,17,3,0,5,7,2
S01013421,65 to 74,13,9,7,2,4,0,0,1,1,2
S01013421,75 to 84,6,5,4,1,1,0,0,0,0,1
S01013421,85 and over,0,0,0,0,0,0,0,0,0,0
S01013422,All HRPs,303,181,142,39,122,33,2,12,27,48
S01013422,24 and under,8,3,1,2,5,5,0,0,0,0
S01013422,25 to 34,35,27,12,15,8,4,1,1,2,0
S01013422,35 to 49,96,63,51,12,33,17,0,7,9,0
S01013422,50 to 64,87,57,48,9,30,7,1,4,13,5
S01013422,65 to 74,34,22,21,1,12,0,0,0,2,10
S01013422,75 to 84,28,7,7,0,21,0,0,0,1,20
S01013422,85 and over,15,2,2,0,13,0,0,0,0,13
S01013423,All HRPs,332,209,184,25,123,32,3,14,23,51
S01013423,24 and under,2,0,0,0,2,2,0,0,0,0
S01013423,25 to 34,28,17,7,10,11,8,0,2,1,0
S01013423,35 to 49,122,89,74,15,33,13,1,8,7,4
S01013423,50 to 64,93,66,66,0,27,7,1,3,12,4
S01013423,65 to 74,55,28,28,0,27,1,1,1,3,21
S01013423,75 to 84,22,7,7,0,15,1,0,0,0,14
S01013423,85 and over,10,2,2,0,8,0,0,0,0,8
S01013424,All HRPs,188,133,123,10,55,16,1,6,16,16
S01013424,24 and under,2,2,0,2,0,0,0,0,0,0
S01013424,25 to 34,13,6,4,2,7,7,0,0,0,0
S01013424,35 to 49,75,56,51,5,19,7,0,4,8,0
S01013424,50 to 64,57,45,44,1,12,1,0,2,7,2
S01013424,65 to 74,28,20,20,0,8,1,0,0,1,6
S01013424,75 to 84,10,4,4,0,6,0,0,0,0,6
S01013424,85 and over,3,0,0,0,3,0,1,0,0,2
S01013425,All HRPs,199,106,94,12,93,30,1,14,20,28
S01013425,24 and under,2,0,0,0,2,2,0,0,0,0
S01013425,25 to 34,21,10,6,4,11,10,1,0,0,0
S01013425,35 to 49,59,38,31,7,21,10,0,6,5,0
S01013425,50 to 64,63,37,36,1,26,7,0,4,13,2
S01013425,65 to 74,31,15,15,0,16,0,0,4,1,11
S01013425,75 to 84,17,6,6,0,11,1,0,0,1,9
S01013425,85 and over,6,0,0,0,6,0,0,0,0,6
S01013426,All HRPs,368,181,145,36,187,75,3,17,40,52
S01013426,24 and under,11,2,0,2,9,9,0,0,0,0
S01013426,25 to 34,53,20,10,10,33,30,0,2,1,0
S01013426,35 to 49,88,45,31,14,43,23,0,8,10,2
S01013426,50 to 64,111,76,67,9,35,9,1,2,17,6
S01013426,65 to 74,59,26,26,0,33,2,0,5,10,16
S01013426,75 to 84,32,9,8,1,23,1,2,0,2,18
S01013426,85 and over,14,3,3,0,11,1,0,0,0,10
S01013427,All HRPs,171,117,96,21,54,12,0,12,17,13
S01013427,24 and under,4,3,1,2,1,1,0,0,0,0
S01013427,25 to 34,17,16,8,8,1,1,0,0,0,0
S01013427,35 to 49,94,68,61,7,26,7,0,11,7,1
S01013427,50 to 64,37,22,18,4,15,3,0,1,10,1
S01013427,65 to 74,8,5,5,0,3,0,0,0,0,3
S01013427,75 to 84,9,3,3,0,6,0,0,0,0,6
S01013427,85 and over,2,0,0,0,2,0,0,0,0,2
S01013428,All HRPs,379,193,135,58,186,77,5,19,47,38
S01013428,24 and under,29,11,1,10,18,18,0,0,0,0
S01013428,25 to 34,61,30,13,17,31,28,0,2,1,0
S01013428,35 to 49,121,69,45,24,52,19,1,11,18,3
S01013428,50 to 64,105,57,50,7,48,9,3,5,19,12
S01013428,65 to 74,46,22,22,0,24,1,0,1,9,13
S01013428,75 to 84,15,4,4,0,11,2,1,0,0,8
S01013428,85 and over,2,0,0,0,2,0,0,0,0,2
S01013429,All HRPs,300,167,128,39,133,53,0,12,35,33
S01013429,24 and under,14,6,0,6,8,8,0,0,0,0
S01013429,25 to 34,51,29,15,14,22,22,0,0,0,0
S01013429,35 to 49,96,57,42,15,39,18,0,6,13,2
S01013429,50 to 64,80,51,47,4,29,4,0,4,15,6
S01013429,65 to 74,40,17,17,0,23,1,0,2,7,13
S01013429,75 to 84,15,7,7,0,8,0,0,0,0,8
S01013429,85 and over,4,0,0,0,4,0,0,0,0,4
S01013430,All HRPs,277,195,167,28,82,20,1,11,23,27
S01013430,24 and under,8,5,1,4,3,3,0,0,0,0
S01013430,25 to 34,30,25,15,10,5,4,0,1,0,0
S01013430,35 to 49,93,66,57,9,27,7,0,9,10,1
S01013430,50 to 64,86,65,61,4,21,3,1,1,8,8
S01013430,65 to 74,37,25,24,1,12,2,0,0,3,7
S01013430,75 to 84,17,4,4,0,13,1,0,0,2,10
S01013430,85 and over,6,5,5,0,1,0,0,0,0,1
S01013431,All HRPs,304,151,121,30,153,31,5,18,44,55
S01013431,24 and under,10,5,0,5,5,5,0,0,0,0
S01013431,25 to 34,29,14,9,5,15,11,0,1,3,0
S01013431,35 to 49,89,48,35,13,41,12,0,12,15,2
S01013431,50 to 64,86,49,46,3,37,2,2,5,19,9
S01013431,65 to 74,46,22,19,3,24,1,0,0,6,17
S01013431,75 to 84,38,12,11,1,26,0,3,0,1,22
S01013431,85 and over,6,1,1,0,5,0,0,0,0,5
S01013432,All HRPs,293,185,155,30,108,41,1,13,31,22
S01013432,24 and under,4,2,0,2,2,2,0,0,0,0
S01013432,25 to 34,30,20,13,7,10,9,0,1,0,0
S01013432,35 to 49,102,66,56,10,36,20,0,8,8,0
S01013432,50 to 64,99,67,56,11,32,6,0,4,16,6
S01013432,65 to 74,39,21,21,0,18,3,0,0,5,10
S01013432,75 to 84,16,9,9,0,7,1,1,0,2,3
S01013432,85 and over,3,0,0,0,3,0,0,0,0,3
S01013433,All HRPs,309,212,187,25,97,25,2,7,29,34
S01013433,24 and under,1,0,0,0,1,1,0,0,0,0
S01013433,25 to 34,17,11,10,1,6,5,0,1,0,0
S01013433,35 to 49,94,70,54,16,24,11,0,4,8,1
S01013433,50 to 64,106,87,81,6,19,4,0,1,11,3
S01013433,65 to 74,52,30,28,2,22,2,0,1,7,12
S01013433,75 to 84,33,14,14,0,19,1,2,0,3,13
S01013433,85 and over,6,0,0,0,6,1,0,0,0,5
S01013434,All HRPs,207,151,136,15,56,16,1,5,14,20
S01013434,24 and under,2,1,0,1,1,1,0,0,0,0
S01013434,25 to 34,13,10,6,4,3,3,0,0,0,0
S01013434,35 to 49,78,65,58,7,13,6,1,1,4,1
S01013434,50 to 64,72,57,54,3,15,0,0,4,8,3
S01013434,65 to 74,23,12,12,0,11,4,0,0,2,5
S01013434,75 to 84,14,6,6,0,8,1,0,0,0,7
S01013434,85 and over,5,0,0,0,5,1,0,0,0,4
S01013435,All HRPs,221,183,168,15,38,12,1,6,12,7
S01013435,24 and under,3,1,0,1,2,2,0,0,0,0
S01013435,25 to 34,9,7,3,4,2,1,0,0,1,0
S01013435,35 to 49,92,83,78,5,9,2,1,3,3,0
S01013435,50 to 64,98,79,75,4,19,5,0,3,8,3
S01013435,65 to 74,13,8,7,1,5,2,0,0,0,3
S01013435,75 to 84,5,4,4,0,1,0,0,0,0,1
S01013435,85 and over,1,1,1,0,0,0,0,0,0,0
S01013436,All HRPs,339,188,172,16,151,44,0,21,32,54
S01013436,24 and under,1,1,0,1,0,0,0,0,0,0
S01013436,25 to 34,27,14,12,2,13,9,0,3,1,0
S01013436,35 to 49,138,85,76,9,53,23,0,13,14,3
S01013436,50 to 64,89,57,54,3,32,9,0,3,15,5
S01013436,65 to 74,44,21,20,1,23,3,0,2,2,16
S01013436,75 to 84,30,10,10,0,20,0,0,0,0,20
S01013436,85 and over,10,0,0,0,10,0,0,0,0,10
S01013437,All HRPs,308,161,114,47,147,71,2,20,28,26
S01013437,24 and under,14,6,0,6,8,8,0,0,0,0
S01013437,25 to 34,62,39,17,22,23,20,0,3,0,0
S01013437,35 to 49,95,41,29,12,54,30,1,11,9,3
S01013437,50 to 64,79,47,41,6,32,9,1,4,12,6
S01013437,65 to 74,28,14,14,0,14,2,0,0,6,6
S01013437,75 to 84,26,14,13,1,12,2,0,2,0,8
S01013437,85 and over,4,0,0,0,4,0,0,0,1,3
S01013438,All HRPs,285,123,90,33,162,65,4,14,41,38
S01013438,24 and under,8,3,0,3,5,5,0,0,0,0
S01013438,25 to 34,46,23,8,15,23,20,0,1,2,0
S01013438,35 to 49,87,40,31,9,47,24,4,5,14,0
S01013438,50 to 64,69,37,33,4,32,8,0,4,17,3
S01013438,65 to 74,40,17,15,2,23,5,0,2,7,9
S01013438,75 to 84,23,2,2,0,21,3,0,0,1,17
S01013438,85 and over,12,1,1,0,11,0,0,2,0,9
S01013439,All HRPs,351,287,261,26,64,7,1,4,16,36
S01013439,24 and under,1,1,0,1,0,0,0,0,0,0
S01013439,25 to 34,9,9,7,2,0,0,0,0,0,0
S01013439,35 to 49,99,91,75,16,8,3,0,1,4,0
S01013439,50 to 64,124,105,98,7,19,3,1,2,10,3
S01013439,65 to 74,85,62,62,0,23,1,0,1,2,19
S01013439,75 to 84,32,19,19,0,13,0,0,0,0,13
S01013439,85 and over,1,0,0,0,1,0,0,0,0,1
S01013440,All HRPs,378,315,300,15,63,9,1,6,21,26
S01013440,24 and under,2,2,0,2,0,0,0,0,0,0
S01013440,25 to 34,11,10,9,1,1,1,0,0,0,0
S01013440,35 to 49,106,94,87,7,12,5,0,2,4,1
S01013440,50 to 64,152,127,123,4,25,2,1,4,11,7
S01013440,65 to 74,68,54,53,1,14,1,0,0,5,8
S01013440,75 to 84,38,28,28,0,10,0,0,0,1,9
S01013440,85 and over,1,0,0,0,1,0,0,0,0,1
S01013441,All HRPs,317,221,196,25,96,30,1,10,24,31
S01013441,24 and under,1,1,0,1,0,0,0,0,0,0
S01013441,25 to 34,30,23,9,14,7,7,0,0,0,0
S01013441,35 to 49,88,67,62,5,21,12,0,2,7,0
S01013441,50 to 64,111,78,74,4,33,7,1,7,14,4
S01013441,65 to 74,43,32,31,1,11,1,0,0,1,9
S01013441,75 to 84,34,18,18,0,16,3,0,1,2,10
S01013441,85 and over,10,2,2,0,8,0,0,0,0,8
S01013442,All HRPs,328,203,181,22,125,54,0,11,39,21
S01013442,24 and under,9,3,1,2,6,6,0,0,0,0
S01013442,25 to 34,50,29,20,9,21,19,0,0,2,0
S01013442,35 to 49,107,66,58,8,41,19,0,7,14,1
S01013442,50 to 64,102,73,70,3,29,5,0,2,19,3
S01013442,65 to 74,41,25,25,0,16,3,0,1,3,9
S01013442,75 to 84,17,7,7,0,10,2,0,1,1,6
S01013442,85 and over,2,0,0,0,2,0,0,0,0,2
S01013443,All HRPs,295,157,135,22,138,50,2,14,36,36
S01013443,24 and under,6,3,0,3,3,3,0,0,0,0
S01013443,25 to 34,42,23,14,9,19,18,0,0,1,0
S01013443,35 to 49,94,51,42,9,43,17,2,11,11,2
S01013443,50 to 64,77,48,47,1,29,7,0,2,17,3
S01013443,65 to 74,31,19,19,0,12,3,0,1,3,5
S01013443,75 to 84,31,11,11,0,20,1,0,0,1,18
S01013443,85 and over,14,2,2,0,12,1,0,0,3,8
S01013444,All HRPs,520,195,137,58,325,123,3,25,74,100
S01013444,24 and under,19,8,3,5,11,11,0,0,0,0
S01013444,25 to 34,83,37,18,19,46,37,1,3,4,1
S01013444,35 to 49,120,56,36,20,64,40,1,12,11,0
S01013444,50 to 64,139,67,54,13,72,20,0,8,33,11
S01013444,65 to 74,59,16,15,1,43,9,1,2,17,14
S01013444,75 to 84,67,8,8,0,59,4,0,0,8,47
S01013444,85 and over,33,3,3,0,30,2,0,0,1,27
S01013445,All HRPs,252,167,159,8,85,24,1,4,7,49
S01013445,24 and under,1,0,0,0,1,1,0,0,0,0
S01013445,25 to 34,6,2,2,0,4,4,0,0,0,0
S01013445,35 to 49,65,57,56,1,8,6,0,1,1,0
S01013445,50 to 64,88,79,72,7,9,2,1,0,4,2
S01013445,65 to 74,24,14,14,0,10,4,0,1,0,5
S01013445,75 to 84,44,12,12,0,32,4,0,1,0,27
S01013445,85 and over,24,3,3,0,21,3,0,1,2,15
S01013446,All HRPs,309,180,151,29,129,34,3,14,28,50
S01013446,24 and under,4,1,0,1,3,3,0,0,0,0
S01013446,25 to 34,31,16,5,11,15,13,0,2,0,0
S01013446,35 to 49,80,55,46,9,25,8,0,9,8,0
S01013446,50 to 64,98,69,62,7,29,4,0,3,16,6
S01013446,65 to 74,43,27,26,1,16,4,1,0,3,8
S01013446,75 to 84,43,12,12,0,31,2,2,0,0,27
S01013446,85 and over,10,0,0,0,10,0,0,0,1,9
S01013447,All HRPs,198,162,147,15,36,11,0,12,9,4
S01013447,24 and under,0,0,0,0,0,0,0,0,0,0
S01013447,25 to 34,15,12,8,4,3,3,0,0,0,0
S01013447,35 to 49,124,105,95,10,19,6,0,7,5,1
S01013447,50 to 64,51,40,39,1,11,2,0,5,3,1
S01013447,65 to 74,7,4,4,0,3,0,0,0,1,2
S01013447,75 to 84,1,1,1,0,0,0,0,0,0,0
S01013447,85 and over,0,0,0,0,0,0,0,0,0,0
S01013448,All HRPs,390,216,197,19,174,46,2,15,28,83
S01013448,24 and under,1,1,0,1,0,0,0,0,0,0
S01013448,25 to 34,24,17,13,4,7,6,0,0,1,0
S01013448,35 to 49,89,55,44,11,34,24,0,6,4,0
S01013448,50 to 64,121,84,82,2,37,9,2,4,14,8
S01013448,65 to 74,62,38,37,1,24,2,0,4,4,14
S01013448,75 to 84,66,17,17,0,49,5,0,1,3,40
S01013448,85 and over,27,4,4,0,23,0,0,0,2,21
S01013449,All HRPs,273,176,157,19,97,25,0,7,30,35
S01013449,24 and under,3,1,0,1,2,2,0,0,0,0
S01013449,25 to 34,27,17,9,8,10,8,0,0,2,0
S01013449,35 to 49,77,55,51,4,22,9,0,6,6,1
S01013449,50 to 64,99,71,65,6,28,5,0,1,16,6
S01013449,65 to 74,48,23,23,0,25,0,0,0,6,19
S01013449,75 to 84,15,8,8,0,7,1,0,0,0,6
S01013449,85 and over,4,1,1,0,3,0,0,0,0,3
S01013450,All HRPs,249,160,139,21,89,44,0,9,22,14
S01013450,24 and under,6,2,0,2,4,4,0,0,0,0
S01013450,25 to 34,43,25,15,10,18,17,0,0,1,0
S01013450,35 to 49,82,55,49,6,27,17,0,2,7,1
S01013450,50 to 64,79,56,53,3,23,5,0,6,9,3
S01013450,65 to 74,25,16,16,0,9,0,0,1,4,4
S01013450,75 to 84,12,5,5,0,7,1,0,0,1,5
S01013450,85 and over,2,1,1,0,1,0,0,0,0,1
S01013451,All HRPs,296,238,218,20,58,22,1,10,14,11
S01013451,24 and under,3,2,0,2,1,1,0,0,0,0
S01013451,25 to 34,20,14,12,2,6,5,0,1,0,0
S01013451,35 to 49,124,98,93,5,26,12,0,8,5,1
S01013451,50 to 64,128,108,98,10,20,4,1,1,8,6
S01013451,65 to 74,12,11,11,0,1,0,0,0,1,0
S01013451,75 to 84,5,3,3,0,2,0,0,0,0,2
S01013451,85 and over,4,2,1,1,2,0,0,0,0,2
S01013452,All HRPs,300,215,186,29,85,36,2,14,19,14
S01013452,24 and under,3,2,0,2,1,1,0,0,0,0
S01013452,25 to 34,31,24,12,12,7,7,0,0,0,0
S01013452,35 to 49,113,83,74,9,30,14,1,9,6,0
S01013452,50 to 64,99,76,70,6,23,9,0,2,9,3
S01013452,65 to 74,32,21,21,0,11,4,0,2,3,2
S01013452,75 to 84,13,5,5,0,8,1,1,1,1,4
S01013452,85 and over,9,4,4,0,5,0,0,0,0,5
S01013453,All HRPs,344,163,118,45,181,69,4,23,32,53
S01013453,24 and under,18,8,0,8,10,10,0,0,0,0
S01013453,25 to 34,59,26,8,18,33,28,1,2,2,0
S01013453,35 to 49,102,52,38,14,50,20,1,16,13,0
S01013453,50 to 64,82,47,43,4,35,7,1,4,12,11
S01013453,65 to 74,40,22,21,1,18,2,0,0,3,13
S01013453,75 to 84,28,6,6,0,22,1,0,0,2,19
S01013453,85 and over,15,2,2,0,13,1,1,1,0,10
S01013454,All HRPs,317,214,187,27,103,35,0,12,20,36
S01013454,24 and under,2,1,0,1,1,1,0,0,0,0
S01013454,25 to 34,33,22,14,8,11,7,0,4,0,0
S01013454,35 to 49,102,79,72,7,23,15,0,5,3,0
S01013454,50 to 64,105,77,66,11,28,7,0,2,12,7
S01013454,65 to 74,51,30,30,0,21,3,0,1,4,13
S01013454,75 to 84,18,5,5,0,13,1,0,0,1,11
S01013454,85 and over,6,0,0,0,6,1,0,0,0,5
S01013455,All HRPs,262,151,118,33,111,50,1,10,24,26
S01013455,24 and under,11,4,2,2,7,6,0,0,1,0
S01013455,25 to 34,36,22,12,10,14,13,0,1,0,0
S01013455,35 to 49,71,46,35,11,25,18,0,5,2,0
S01013455,50 to 64,70,43,36,7,27,4,0,2,16,5
S01013455,65 to 74,43,26,23,3,17,5,0,2,4,6
S01013455,75 to 84,25,9,9,0,16,3,1,0,1,11
S01013455,85 and over,6,1,1,0,5,1,0,0,0,4
S01013456,All HRPs,372,184,138,46,188,63,3,25,41,56
S01013456,24 and under,14,8,0,8,6,6,0,0,0,0
S01013456,25 to 34,50,34,17,17,16,14,0,2,0,0
S01013456,35 to 49,101,60,42,18,41,19,2,13,7,0
S01013456,50 to 64,93,46,44,2,47,12,1,8,17,9
S01013456,65 to 74,66,25,25,0,41,6,0,2,10,23
S01013456,75 to 84,34,10,9,1,24,5,0,0,5,14
S01013456,85 and over,14,1,1,0,13,1,0,0,2,10
S01013457,All HRPs,384,202,155,47,182,76,1,19,35,51
S01013457,24 and under,22,6,2,4,16,16,0,0,0,0
S01013457,25 to 34,41,23,13,10,18,15,0,3,0,0
S01013457,35 to 49,110,60,36,24,50,24,0,10,15,1
S01013457,50 to 64,106,72,64,8,34,11,0,4,10,9
S01013457,65 to 74,52,21,20,1,31,7,0,2,7,15
S01013457,75 to 84,43,19,19,0,24,3,1,0,3,17
S01013457,85 and over,10,1,1,0,9,0,0,0,0,9
S01013458,All HRPs,333,169,136,33,164,82,1,15,40,26
S01013458,24 and under,9,4,0,4,5,5,0,0,0,0
S01013458,25 to 34,42,18,14,4,24,21,0,2,1,0
S01013458,35 to 49,105,47,36,11,58,37,0,9,11,1
S01013458,50 to 64,109,69,55,14,40,13,0,2,20,5
S01013458,65 to 74,50,23,23,0,27,4,1,2,7,13
S01013458,75 to 84,17,8,8,0,9,2,0,0,1,6
S01013458,85 and over,1,0,0,0,1,0,0,0,0,1
S01013459,All HRPs,421,169,121,48,252,87,7,29,51,78
S01013459,24 and under,12,5,0,5,7,7,0,0,0,0
S01013459,25 to 34,46,26,9,17,20,17,0,2,1,0
S01013459,35 to 49,109,54,41,13,55,29,3,12,8,3
S01013459,50 to 64,128,59,48,11,69,21,2,11,25,10
S01013459,65 to 74,51,14,13,1,37,7,0,2,13,15
S01013459,75 to 84,41,10,9,1,31,2,2,2,4,21
S01013459,85 and over,34,1,1,0,33,4,0,0,0,29
S01013460,All HRPs,346,171,144,27,175,67,3,25,38,42
S01013460,24 and under,12,2,0,2,10,10,0,0,0,0
S01013460,25 to 34,41,19,12,7,22,20,0,2,0,0
S01013460,35 to 49,105,56,45,11,49,17,0,16,15,1
S01013460,50 to 64,90,55,50,5,35,8,0,6,14,7
S01013460,65 to 74,57,26,24,2,31,8,0,1,6,16
S01013460,75 to 84,32,12,12,0,20,4,3,0,3,10
S01013460,85 and over,9,1,1,0,8,0,0,0,0,8
S01013461,All HRPs,443,247,184,63,196,82,1,17,50,46
S01013461,24 and under,14,8,1,7,6,6,0,0,0,0
S01013461,25 to 34,77,51,29,22,26,23,0,1,2,0
S01013461,35 to 49,176,106,81,25,70,41,1,11,16,1
S01013461,50 to 64,104,61,52,9,43,9,0,3,23,8
S01013461,65 to 74,31,14,14,0,17,1,0,0,7,9
S01013461,75 to 84,30,5,5,0,25,1,0,1,2,21
S01013461,85 and over,11,2,2,0,9,1,0,1,0,7
S01013462,All HRPs,354,232,183,49,122,49,1,20,39,13
S01013462,24 and under,10,6,1,5,4,4,0,0,0,0
S01013462,25 to 34,53,37,22,15,16,15,0,1,0,0
S01013462,35 to 49,141,88,70,18,53,24,1,10,16,2
S01013462,50 to 64,106,76,66,10,30,4,0,8,16,2
S01013462,65 to 74,24,14,13,1,10,2,0,1,3,4
S01013462,75 to 84,15,8,8,0,7,0,0,0,3,4
S01013462,85 and over,5,3,3,0,2,0,0,0,1,1
S01013463,All HRPs,216,119,91,28,97,45,3,16,20,13
S01013463,24 and under,4,0,0,0,4,3,0,1,0,0
S01013463,25 to 34,48,23,13,10,25,19,3,0,3,0
S01013463,35 to 49,109,62,46,16,47,21,0,13,11,2
S01013463,50 to 64,38,31,29,2,7,1,0,1,3,2
S01013463,65 to 74,11,2,2,0,9,1,0,0,2,6
S01013463,75 to 84,5,0,0,0,5,0,0,1,1,3
S01013463,85 and over,1,1,1,0,0,0,0,0,0,0
S01013464,All HRPs,323,191,161,30,132,35,1,10,34,52
S01013464,24 and under,5,1,0,1,4,4,0,0,0,0
S01013464,25 to 34,27,18,10,8,9,9,0,0,0,0
S01013464,35 to 49,80,54,40,14,26,10,0,6,9,1
S01013464,50 to 64,97,69,65,4,28,6,0,2,15,5
S01013464,65 to 74,49,21,20,1,28,3,1,2,8,14
S01013464,75 to 84,56,26,24,2,30,2,0,0,2,26
S01013464,85 and over,9,2,2,0,7,1,0,0,0,6
S01013465,All HRPs,337,171,141,30,166,54,5,14,32,61
S01013465,24 and under,5,0,0,0,5,5,0,0,0,0
S01013465,25 to 34,31,17,9,8,14,11,1,2,0,0
S01013465,35 to 49,82,49,36,13,33,19,1,3,9,1
S01013465,50 to 64,94,56,49,7,38,6,0,7,13,12
S01013465,65 to 74,69,30,28,2,39,8,1,1,7,22
S01013465,75 to 84,43,18,18,0,25,2,1,1,3,18
S01013465,85 and over,13,1,1,0,12,3,1,0,0,8
S01013466,All HRPs,116,85,75,10,31,10,1,7,4,9
S01013466,24 and under,1,0,0,0,1,1,0,0,0,0
S01013466,25 to 34,10,5,3,2,5,3,1,1,0,0
S01013466,35 to 49,31,27,21,6,4,2,0,2,0,0
S01013466,50 to 64,43,34,33,1,9,2,0,2,4,1
S01013466,65 to 74,13,9,9,0,4,0,0,2,0,2
S01013466,75 to 84,17,9,9,0,8,2,0,0,0,6
S01013466,85 and over,1,1,0,1,0,0,0,0,0,0
S01013467,All HRPs,364,278,242,36,86,31,0,9,17,29
S01013467,24 and under,0,0,0,0,0,0,0,0,0,0
S01013467,25 to 34,53,44,30,14,9,6,0,1,1,1
S01013467,35 to 49,140,116,101,15,24,15,0,5,3,1
S01013467,50 to 64,89,69,62,7,20,5,0,2,8,5
S01013467,65 to 74,47,34,34,0,13,2,0,1,4,6
S01013467,75 to 84,27,15,15,0,12,2,0,0,1,9
S01013467,85 and over,8,0,0,0,8,1,0,0,0,7
S01013468,All HRPs,312,122,99,23,190,67,3,13,53,54
S01013468,24 and under,4,0,0,0,4,4,0,0,0,0
S01013468,25 to 34,41,15,10,5,26,25,0,1,0,0
S01013468,35 to 49,85,40,28,12,45,16,0,5,22,2
S01013468,50 to 64,81,39,34,5,42,12,1,3,18,8
S01013468,65 to 74,54,19,18,1,35,4,2,4,13,12
S01013468,75 to 84,36,8,8,0,28,4,0,0,0,24
S01013468,85 and over,11,1,1,0,10,2,0,0,0,8
S01013469,All HRPs,329,211,188,23,118,24,4,15,34,41
S01013469,24 and under,5,2,0,2,3,3,0,0,0,0
S01013469,25 to 34,19,14,9,5,5,3,1,1,0,0
S01013469,35 to 49,81,50,45,5,31,12,0,8,11,0
S01013469,50 to 64,108,76,69,7,32,3,2,4,14,9
S01013469,65 to 74,71,50,46,4,21,0,0,1,7,13
S01013469,75 to 84,38,16,16,0,22,3,1,0,1,17
S01013469,85 and over,7,3,3,0,4,0,0,1,1,2
S01013470,All HRPs,321,146,102,44,175,69,5,16,58,27
S01013470,24 and under,12,5,1,4,7,7,0,0,0,0
S01013470,25 to 34,52,25,12,13,27,20,3,1,3,0
S01013470,35 to 49,108,44,27,17,64,29,2,12,20,1
S01013470,50 to 64,84,51,42,9,33,4,0,1,24,4
S01013470,65 to 74,42,17,16,1,25,4,0,2,9,10
S01013470,75 to 84,18,3,3,0,15,4,0,0,2,9
S01013470,85 and over,5,1,1,0,4,1,0,0,0,3
S01013471,All HRPs,383,208,151,57,175,56,2,20,53,44
S01013471,24 and under,12,4,0,4,8,7,0,1,0,0
S01013471,25 to 34,49,36,10,26,13,9,0,3,1,0
S01013471,35 to 49,113,63,43,20,50,20,0,5,24,1
S01013471,50 to 64,119,67,60,7,52,12,0,10,21,9
S01013471,65 to 74,55,29,29,0,26,5,0,0,7,14
S01013471,75 to 84,26,9,9,0,17,2,2,1,0,12
S01013471,85 and over,9,0,0,0,9,1,0,0,0,8
S01013472,All HRPs,208,171,146,25,37,13,0,7,14,3
S01013472,24 and under,1,1,0,1,0,0,0,0,0,0
S01013472,25 to 34,32,27,18,9,5,5,0,0,0,0
S01013472,35 to 49,119,98,86,12,21,6,0,4,10,1
S01013472,50 to 64,42,33,32,1,9,1,0,3,3,2
S01013472,65 to 74,13,11,9,2,2,1,0,0,1,0
S01013472,75 to 84,1,1,1,0,0,0,0,0,0,0
S01013472,85 and over,0,0,0,0,0,0,0,0,0,0
S01013473,All HRPs,213,186,164,22,27,6,2,4,10,5
S01013473,24 and under,2,1,1,0,1,1,0,0,0,0
S01013473,25 to 34,26,23,18,5,3,2,1,0,0,0
S01013473,35 to 49,136,120,106,14,16,2,1,3,8,2
S01013473,50 to 64,38,34,31,3,4,1,0,1,1,1
S01013473,65 to 74,9,7,7,0,2,0,0,0,1,1
S01013473,75 to 84,1,0,0,0,1,0,0,0,0,1
S01013473,85 and over,1,1,1,0,0,0,0,0,0,0
S01013474,All HRPs,238,172,145,27,66,27,1,8,16,14
S01013474,24 and under,6,3,0,3,3,3,0,0,0,0
S01013474,25 to 34,36,24,19,5,12,11,1,0,0,0
S01013474,35 to 49,110,91,79,12,19,7,0,7,5,0
S01013474,50 to 64,56,39,32,7,17,6,0,1,8,2
S01013474,65 to 74,15,8,8,0,7,0,0,0,3,4
S01013474,75 to 84,12,5,5,0,7,0,0,0,0,7
S01013474,85 and over,3,2,2,0,1,0,0,0,0,1
S01013475,All HRPs,246,172,151,21,74,30,2,9,13,20
S01013475,24 and under,8,3,0,3,5,5,0,0,0,0
S01013475,25 to 34,23,15,12,3,8,6,0,1,1,0
S01013475,35 to 49,77,56,45,11,21,10,0,7,4,0
S01013475,50 to 64,84,63,59,4,21,8,2,1,5,5
S01013475,65 to 74,39,27,27,0,12,1,0,0,3,8
S01013475,75 to 84,14,8,8,0,6,0,0,0,0,6
S01013475,85 and over,1,0,0,0,1,0,0,0,0,1
S01013476,All HRPs,271,172,143,29,99,33,3,13,23,27
S01013476,24 and under,12,4,0,4,8,8,0,0,0,0
S01013476,25 to 34,24,14,4,10,10,7,0,1,2,0
S01013476,35 to 49,74,45,35,10,29,10,0,5,12,2
S01013476,50 to 64,74,57,53,4,17,2,0,6,5,4
S01013476,65 to 74,55,36,35,1,19,3,0,1,4,11
S01013476,75 to 84,23,12,12,0,11,2,3,0,0,6
S01013476,85 and over,9,4,4,0,5,1,0,0,0,4
S01013477,All HRPs,303,133,97,36,170,71,6,17,36,40
S01013477,24 and under,15,6,0,6,9,7,0,2,0,0
S01013477,25 to 34,43,18,5,13,25,21,0,3,1,0
S01013477,35 to 49,80,37,24,13,43,27,4,5,7,0
S01013477,50 to 64,81,47,43,4,34,8,0,4,20,2
S01013477,65 to 74,37,16,16,0,21,3,1,3,4,10
S01013477,75 to 84,33,8,8,0,25,4,1,0,4,16
S01013477,85 and over,14,1,1,0,13,1,0,0,0,12
S01013478,All HRPs,358,190,136,54,168,81,5,11,47,24
S01013478,24 and under,13,2,0,2,11,11,0,0,0,0
S01013478,25 to 34,56,27,12,15,29,26,1,1,1,0
S01013478,35 to 49,144,88,63,25,56,29,2,7,17,1
S01013478,50 to 64,105,63,52,11,42,13,2,3,20,4
S01013478,65 to 74,17,5,5,0,12,2,0,0,7,3
S01013478,75 to 84,19,5,4,1,14,0,0,0,2,12
S01013478,85 and over,4,0,0,0,4,0,0,0,0,4
S01013479,All HRPs,428,162,114,48,266,121,5,22,44,74
S01013479,24 and under,21,11,0,11,10,10,0,0,0,0
S01013479,25 to 34,76,29,11,18,47,43,0,2,2,0
S01013479,35 to 49,93,34,27,7,59,37,3,9,8,2
S01013479,50 to 64,102,47,37,10,55,13,1,11,26,4
S01013479,65 to 74,65,27,25,2,38,8,0,0,7,23
S01013479,75 to 84,48,11,11,0,37,5,1,0,0,31
S01013479,85 and over,23,3,3,0,20,5,0,0,1,14
S01013480,All HRPs,302,163,128,35,139,32,1,10,34,62
S01013480,24 and under,7,3,1,2,4,4,0,0,0,0
S01013480,25 to 34,31,21,11,10,10,10,0,0,0,0
S01013480,35 to 49,71,50,32,18,21,5,1,7,8,0
S01013480,50 to 64,71,42,39,3,29,6,0,3,15,5
S01013480,65 to 74,63,26,25,1,37,6,0,0,11,20
S01013480,75 to 84,46,19,18,1,27,0,0,0,0,27
S01013480,85 and over,13,2,2,0,11,1,0,0,0,10
S01013481,All HRPs,189,119,105,14,70,25,2,7,14,22
S01013481,24 and under,3,0,0,0,3,3,0,0,0,0
S01013481,25 to 34,14,11,5,6,3,2,1,0,0,0
S01013481,35 to 49,47,36,33,3,11,7,0,3,1,0
S01013481,50 to 64,55,35,30,5,20,7,0,3,7,3
S01013481,65 to 74,42,22,22,0,20,3,1,1,5,10
S01013481,75 to 84,26,15,15,0,11,3,0,0,1,7
S01013481,85 and over,2,0,0,0,2,0,0,0,0,2
