,LC2406SC0001,LC2406SC0002,LC2406SC0003,LC2406SC0004,LC2406SC0005,LC2406SC0006,LC2406SC0007,LC2406SC0008,LC2406SC0009,LC2406SC0010,LC2406SC0011,LC2406SC0012,LC2406SC0013,LC2406SC0014,LC2406SC0015,LC2406SC0016,LC2406SC0017,LC2406SC0018,LC2406SC0019,LC2406SC0020,LC2406SC0021,LC2406SC0022,LC2406SC0023,LC2406SC0024,LC2406SC0025,LC2406SC0026,LC2406SC0027,LC2406SC0028
S92000003,5196386,1173530,2082207,1940649,4848469,1060914,1937071,1850484,347917,112616,145136,90165,65773,35605,22302,7866,78116,28951,35980,13185,68247,20001,31965,16281,135781,28059,54889,52833
S01006506,852,108,319,425,770,91,289,390,82,17,30,35,20,3,7,10,26,11,7,8,12,0,6,6,24,3,10,11
S01006507,836,100,303,433,769,96,284,389,67,4,19,44,10,1,3,6,6,0,1,5,19,1,5,13,32,2,10,20
S01006508,643,51,290,302,588,47,255,286,55,4,35,16,9,0,9,0,9,1,7,1,18,1,10,7,19,2,9,8
S01006509,580,88,255,237,543,85,237,221,37,3,18,16,10,3,4,3,8,0,2,6,9,0,4,5,10,0,8,2
S01006510,577,79,231,267,546,79,210,257,31,0,21,10,8,0,7,1,4,0,3,1,3,0,2,1,16,0,9,7
S01006511,749,48,253,448,692,46,240,406,57,2,13,42,14,1,1,12,5,1,2,2,4,0,3,1,34,0,7,27
S01006512,496,13,86,397,426,9,79,338,70,4,7,59,17,0,0,17,13,3,0,10,13,0,1,12,27,1,6,20
S01006513,568,29,176,363,506,20,162,324,62,9,14,39,8,2,3,3,11,5,1,5,12,1,1,10,31,1,9,21
S01006514,940,17,164,759,757,14,140,603,183,3,24,156,53,1,11,41,45,0,4,41,20,0,2,18,65,2,7,56
S01006515,762,22,171,569,650,22,132,496,112,0,39,73,25,0,8,17,25,0,10,15,23,0,12,11,39,0,9,30
S01006516,467,26,127,314,394,17,92,285,73,9,35,29,13,1,8,4,5,1,2,2,12,2,4,6,43,5,21,17
S01006517,1014,61,231,722,886,49,199,638,128,12,32,84,21,1,6,14,33,4,13,16,11,0,1,10,63,7,12,44
S01006518,627,11,142,474,545,7,116,422,82,4,26,52,18,0,4,14,7,2,5,0,15,2,4,9,42,0,13,29
S01006519,807,2,193,612,668,1,154,513,139,1,39,99,17,0,7,10,33,1,11,21,28,0,5,23,61,0,16,45
S01006520,729,9,125,595,525,4,80,441,204,5,45,154,82,3,27,52,52,2,10,40,32,0,3,29,38,0,5,33
S01006521,663,10,136,517,536,6,95,435,127,4,41,82,49,3,19,27,35,0,9,26,12,1,3,8,31,0,10,21
S01006522,574,16,162,396,508,11,141,356,66,5,21,40,10,3,2,5,21,0,7,14,14,2,4,8,21,0,8,13
S01006523,941,67,330,544,816,59,281,476,125,8,49,68,28,0,6,22,19,2,13,4,14,0,10,4,64,6,20,38
S01006524,711,80,216,415,582,69,176,337,129,11,40,78,34,1,9,24,25,4,7,14,14,2,4,8,56,4,20,32
S01006525,798,22,308,468,658,18,244,396,140,4,64,72,31,2,14,15,27,2,13,12,27,0,10,17,55,0,27,28
S01006526,902,316,383,203,797,272,342,183,105,44,41,20,30,18,9,3,38,17,14,7,12,2,8,2,25,7,10,8
S01006527,674,197,326,151,596,174,281,141,78,23,45,10,26,13,9,4,25,5,20,0,16,3,12,1,11,2,4,5
S01006528,981,262,460,259,787,204,383,200,194,58,77,59,65,40,17,8,78,12,34,32,27,1,13,13,24,5,13,6
S01006529,892,304,410,178,708,213,343,152,184,91,67,26,82,47,25,10,51,27,20,4,28,9,14,5,23,8,8,7
S01006530,748,201,383,164,672,174,344,154,76,27,39,10,28,17,11,0,14,5,7,2,7,1,2,4,27,4,19,4
S01006531,955,348,429,178,821,304,362,155,134,44,67,23,42,17,23,2,47,15,23,9,23,7,10,6,22,5,11,6
S01006532,703,98,312,293,622,84,283,255,81,14,29,38,30,8,11,11,16,3,8,5,8,1,1,6,27,2,9,16
S01006533,694,36,232,426,611,30,205,376,83,6,27,50,29,3,10,16,17,0,5,12,5,0,3,2,32,3,9,20
S01006534,910,70,424,416,802,55,373,374,108,15,51,42,49,13,18,18,9,0,4,5,18,2,12,4,32,0,17,15
S01006535,1038,212,510,316,853,154,411,288,185,58,99,28,55,29,26,0,48,13,25,10,33,6,21,6,49,10,27,12
S01006536,1013,301,466,246,820,212,386,222,193,89,80,24,57,40,13,4,61,16,36,9,30,16,11,3,45,17,20,8
S01006537,754,41,334,379,695,35,306,354,59,6,28,25,10,1,6,3,15,1,3,11,11,4,2,5,23,0,17,6
S01006538,569,28,227,314,534,27,211,296,35,1,16,18,1,0,1,0,10,0,3,7,6,0,4,2,18,1,8,9
S01006539,713,53,287,373,651,46,254,351,62,7,33,22,7,1,2,4,15,0,11,4,7,3,0,4,33,3,20,10
S01006540,960,98,448,414,839,70,389,380,121,28,59,34,42,22,13,7,33,3,23,7,16,1,11,4,30,2,12,16
S01006541,801,109,278,414,740,104,254,382,61,5,24,32,4,0,1,3,21,0,5,16,17,2,9,6,19,3,9,7
S01006542,1000,84,479,437,856,76,396,384,144,8,83,53,51,2,30,19,21,3,11,7,14,0,9,5,58,3,33,22
S01006543,797,55,337,405,750,55,317,378,47,0,20,27,5,0,1,4,9,0,5,4,10,0,3,7,23,0,11,12
S01006544,1020,85,430,505,803,55,320,428,217,30,110,77,91,14,62,15,42,8,18,16,34,1,14,19,50,7,16,27
S01006545,1065,177,504,384,905,148,411,346,160,29,93,38,32,12,20,0,55,7,34,14,27,4,13,10,46,6,26,14
S01006546,626,22,182,422,593,16,177,400,33,6,5,22,13,1,0,12,5,3,1,1,5,2,1,2,10,0,3,7
S01006547,907,156,325,426,802,149,280,373,105,7,45,53,17,0,11,6,36,3,20,13,23,2,7,14,29,2,7,20
S01006548,721,46,265,410,680,46,244,390,41,0,21,20,9,0,5,4,9,0,3,6,3,0,2,1,20,0,11,9
S01006549,811,47,308,456,717,40,284,393,94,7,24,63,35,5,7,23,26,0,4,22,7,1,4,2,26,1,9,16
S01006550,909,30,298,581,840,29,269,542,69,1,29,39,23,0,10,13,10,0,3,7,7,0,6,1,29,1,10,18
S01006551,690,190,285,215,599,175,236,188,91,15,49,27,7,1,5,1,36,7,23,6,19,3,11,5,29,4,10,15
S01006552,870,52,379,439,767,48,329,390,103,4,50,49,13,0,7,6,29,0,14,15,21,1,17,3,40,3,12,25
S01006553,826,142,365,319,753,132,324,297,73,10,41,22,15,1,13,1,20,3,10,7,14,2,11,1,24,4,7,13
S01006554,692,108,333,251,613,101,303,209,79,7,30,42,9,3,6,0,22,1,7,14,26,1,8,17,22,2,9,11
S01006555,763,264,365,134,615,216,287,112,148,48,78,22,31,9,21,1,62,24,26,12,34,10,21,3,21,5,10,6
S01006556,838,238,389,211,762,221,341,200,76,17,48,11,9,4,4,1,25,0,22,3,22,6,15,1,20,7,7,6
S01006557,701,192,336,173,624,181,285,158,77,11,51,15,15,5,6,4,22,2,19,1,19,2,10,7,21,2,16,3
S01006558,622,138,304,180,525,114,249,162,97,24,55,18,25,8,16,1,21,6,12,3,12,3,4,5,39,7,23,9
S01006559,607,69,227,311,476,46,165,265,131,23,62,46,50,15,23,12,21,2,12,7,25,1,13,11,35,5,14,16
S01006560,985,137,399,449,854,108,351,395,131,29,48,54,37,14,12,11,18,4,7,7,36,7,13,16,40,4,16,20
S01006561,766,49,350,367,682,35,318,329,84,14,32,38,41,8,18,15,5,1,4,0,13,0,1,12,25,5,9,11
S01006562,703,104,277,322,636,96,248,292,67,8,29,30,12,4,5,3,17,2,7,8,13,1,4,8,25,1,13,11
S01006563,824,113,407,304,663,73,320,270,161,40,87,34,68,22,40,6,36,8,21,7,32,8,17,7,25,2,9,14
S01006564,980,438,407,135,765,349,310,106,215,89,97,29,58,22,31,5,50,24,21,5,58,25,24,9,49,18,21,10
S01006565,850,387,391,72,619,265,297,57,231,122,94,15,81,55,24,2,88,41,41,6,25,12,9,4,37,14,20,3
S01006566,748,225,379,144,573,155,289,129,175,70,90,15,58,27,30,1,45,18,25,2,35,13,18,4,37,12,17,8
S01006567,835,434,348,53,650,321,282,47,185,113,66,6,58,49,9,0,52,31,18,3,39,17,20,2,36,16,19,1
S01006568,923,316,457,150,664,212,339,113,259,104,118,37,90,50,35,5,63,29,28,6,61,14,33,14,45,11,22,12
S01006569,566,149,273,144,409,91,186,132,157,58,87,12,49,23,26,0,47,18,24,5,29,7,19,3,32,10,18,4
S01006570,783,114,372,297,604,68,274,262,179,46,98,35,76,29,35,12,52,12,32,8,22,4,14,4,29,1,17,11
S01006571,886,166,400,320,755,137,343,275,131,29,57,45,35,15,9,11,25,6,8,11,19,2,13,4,52,6,27,19
S01006572,901,32,256,613,750,21,190,539,151,11,66,74,56,6,22,28,34,1,19,14,8,1,3,4,53,3,22,28
S01006573,724,26,243,455,605,18,210,377,119,8,33,78,38,4,12,22,28,0,6,22,17,1,4,12,36,3,11,22
S01006574,977,54,375,548,785,42,283,460,192,12,92,88,78,10,39,29,38,1,20,17,18,1,6,11,58,0,27,31
S01006575,909,84,411,414,766,65,352,349,143,19,59,65,39,5,23,11,38,8,13,17,15,4,4,7,51,2,19,30
S01006576,714,97,305,312,576,69,237,270,138,28,68,42,37,9,13,15,36,10,21,5,23,2,13,8,42,7,21,14
S01006577,769,152,360,257,594,102,272,220,175,50,88,37,41,19,20,2,59,11,37,11,33,12,14,7,42,8,17,17
S01006578,1032,364,482,186,772,239,375,158,260,125,107,28,83,48,30,5,84,42,36,6,51,21,24,6,42,14,17,11
S01006579,964,358,490,116,669,229,353,87,295,129,137,29,102,60,33,9,115,39,65,11,40,19,18,3,38,11,21,6
S01006580,712,182,363,167,560,129,294,137,152,53,69,30,45,15,24,6,38,18,14,6,32,9,14,9,37,11,17,9
S01006581,889,50,321,518,784,37,277,470,105,13,44,48,31,5,12,14,24,3,10,11,15,0,6,9,35,5,16,14
S01006582,797,358,337,102,519,180,252,87,278,178,85,15,110,85,21,4,95,61,33,1,31,12,12,7,42,20,19,3
S01006583,712,266,339,107,522,193,250,79,190,73,89,28,77,37,30,10,56,23,26,7,28,7,14,7,29,6,19,4
S01006584,628,220,305,103,467,149,228,90,161,71,77,13,49,33,13,3,48,21,24,3,26,7,14,5,38,10,26,2
S01006585,795,384,309,102,617,296,240,81,178,88,69,21,46,41,2,3,61,24,30,7,32,13,14,5,39,10,23,6
S01006586,1017,607,339,71,762,454,256,52,255,153,83,19,88,61,23,4,90,55,29,6,36,16,18,2,41,21,13,7
S01006587,535,269,217,49,347,177,137,33,188,92,80,16,70,44,25,1,68,30,29,9,28,9,16,3,22,9,10,3
S01006588,586,380,177,29,365,209,128,28,221,171,49,1,95,80,15,0,76,57,19,0,32,22,10,0,18,12,5,1
S01006589,682,389,218,75,453,238,155,60,229,151,63,15,99,78,17,4,82,49,26,7,25,10,13,2,23,14,7,2
S01006590,633,244,302,87,428,143,218,67,205,101,84,20,79,43,27,9,68,29,34,5,26,11,15,0,32,18,8,6
S01006591,705,217,322,166,515,126,265,124,190,91,57,42,58,35,12,11,65,37,18,10,38,12,14,12,29,7,13,9
S01006592,680,93,421,166,534,53,329,152,146,40,92,14,40,17,20,3,43,13,26,4,30,4,26,0,33,6,20,7
S01006593,742,140,414,188,569,95,308,166,173,45,106,22,57,19,35,3,48,16,23,9,26,7,16,3,42,3,32,7
S01006594,539,167,260,112,457,136,221,100,82,31,39,12,16,11,4,1,28,6,16,6,23,7,13,3,15,7,6,2
S01006595,916,191,539,186,716,133,416,167,200,58,123,19,49,22,27,0,74,17,52,5,39,11,23,5,38,8,21,9
S01006596,678,153,318,207,509,90,252,167,169,63,66,40,57,29,18,10,42,20,19,3,29,6,14,9,41,8,15,18
S01006597,513,200,238,75,405,145,196,64,108,55,42,11,32,22,9,1,32,11,17,4,22,8,10,4,22,14,6,2
S01006598,957,53,473,431,792,49,374,369,165,4,99,62,88,2,53,33,31,2,19,10,15,0,10,5,31,0,17,14
S01006599,805,284,382,139,674,239,313,122,131,45,69,17,32,16,15,1,41,15,23,3,25,4,15,6,33,10,16,7
S01006600,1058,262,467,329,912,219,396,297,146,43,71,32,40,16,17,7,48,16,21,11,39,10,21,8,19,1,12,6
S01006601,1002,251,516,235,850,191,440,219,152,60,76,16,48,24,21,3,36,15,17,4,38,13,22,3,30,8,16,6
S01006602,851,136,340,375,704,114,274,316,147,22,66,59,46,10,21,15,20,2,8,10,35,4,19,12,46,6,18,22
S01006603,820,291,374,155,751,277,332,142,69,14,42,13,13,6,4,3,30,2,25,3,12,1,7,4,14,5,6,3
S01006604,675,138,285,252,626,128,268,230,49,10,17,22,9,1,5,3,17,3,1,13,15,2,8,5,8,4,3,1
S01006605,802,296,398,108,748,284,365,99,54,12,33,9,9,4,4,1,17,2,9,6,12,3,9,0,16,3,11,2
S01006606,818,141,337,340,745,132,291,322,73,9,46,18,14,2,9,3,21,1,18,2,19,0,10,9,19,6,9,4
S01006607,932,229,491,212,881,214,464,203,51,15,27,9,3,2,1,0,23,8,11,4,11,3,7,1,14,2,8,4
S01006608,732,33,255,444,649,30,204,415,83,3,51,29,22,3,15,4,15,0,10,5,17,0,8,9,29,0,18,11
S01006609,1063,270,527,266,1007,267,489,251,56,3,38,15,6,0,3,3,16,1,14,1,18,0,17,1,16,2,4,10
S01006610,449,126,205,118,426,119,191,116,23,7,14,2,0,0,0,0,8,3,5,0,11,4,7,0,4,0,2,2
S01006611,919,290,420,209,846,269,382,195,73,21,38,14,4,2,1,1,36,9,19,8,16,3,10,3,17,7,8,2
S01006612,861,150,369,342,812,145,342,325,49,5,27,17,6,1,4,1,15,3,6,6,16,1,9,6,12,0,8,4
S01006613,612,25,264,323,582,23,248,311,30,2,16,12,7,0,7,0,8,0,8,0,3,0,0,3,12,2,1,9
S01006614,678,23,314,341,624,21,286,317,54,2,28,24,8,1,6,1,21,1,15,5,12,0,2,10,13,0,5,8
S01006615,796,21,250,525,712,18,221,473,84,3,29,52,19,2,9,8,14,1,7,6,28,0,5,23,23,0,8,15
S01006616,788,30,389,369,740,25,358,357,48,5,31,12,10,0,10,0,13,2,9,2,13,2,6,5,12,1,6,5
S01006617,681,75,253,353,656,74,233,349,25,1,20,4,2,0,2,0,2,1,1,0,10,0,10,0,11,0,7,4
S01006618,514,37,209,268,487,37,197,253,27,0,12,15,5,0,2,3,0,0,0,0,8,0,4,4,14,0,6,8
S01006619,881,66,401,414,834,66,371,397,47,0,30,17,2,0,2,0,11,0,7,4,8,0,7,1,26,0,14,12
S01006620,848,117,385,346,806,114,353,339,42,3,32,7,7,1,6,0,12,0,12,0,9,0,8,1,14,2,6,6
S01006621,520,55,270,195,493,49,253,191,27,6,17,4,6,5,1,0,8,0,8,0,7,1,4,2,6,0,4,2
S01006622,669,28,317,324,624,26,289,309,45,2,28,15,3,0,2,1,11,0,11,0,19,1,9,9,12,1,6,5
S01006623,705,149,364,192,618,136,304,178,87,13,60,14,19,6,12,1,31,1,28,2,19,3,12,4,18,3,8,7
S01006624,806,338,329,139,600,233,250,117,206,105,79,22,62,39,22,1,86,37,36,13,36,16,15,5,22,13,6,3
S01006625,623,175,288,160,523,135,248,140,100,40,40,20,30,13,13,4,40,17,13,10,17,6,8,3,13,4,6,3
S01006626,718,313,292,113,616,285,240,91,102,28,52,22,29,9,17,3,47,13,21,13,16,4,9,3,10,2,5,3
S01006627,843,417,346,80,569,263,244,62,274,154,102,18,128,90,32,6,85,40,36,9,39,18,19,2,22,6,15,1
S01006628,1097,624,390,83,654,354,238,62,443,270,152,21,181,113,61,7,167,106,57,4,61,30,26,5,34,21,8,5
S01006629,724,307,302,115,573,251,226,96,151,56,76,19,22,8,12,2,50,14,29,7,63,25,30,8,16,9,5,2
S01006630,627,263,228,136,589,246,213,130,38,17,15,6,11,8,3,0,18,6,11,1,5,2,0,3,4,1,1,2
S01006631,904,386,371,147,794,345,326,123,110,41,45,24,18,9,6,3,41,15,24,2,30,11,7,12,21,6,8,7
S01006632,812,389,347,76,638,326,254,58,174,63,93,18,30,16,14,0,76,20,50,6,55,17,27,11,13,10,2,1
S01006633,699,272,342,85,601,247,278,76,98,25,64,9,11,1,6,4,52,9,38,5,22,10,12,0,13,5,8,0
S01006634,634,318,247,69,512,265,187,60,122,53,60,9,12,8,4,0,63,20,39,4,35,21,11,3,12,4,6,2
S01006635,658,197,335,126,550,175,264,111,108,22,71,15,22,5,17,0,53,10,34,9,19,4,13,2,14,3,7,4
S01006636,870,400,380,90,721,370,296,55,149,30,84,35,15,2,7,6,62,12,39,11,58,11,32,15,14,5,6,3
S01006637,706,314,274,118,535,225,210,100,171,89,64,18,58,33,21,4,59,34,21,4,25,12,8,5,29,10,14,5
S01006638,834,425,311,98,642,310,245,87,192,115,66,11,73,53,19,1,63,36,20,7,32,19,13,0,24,7,14,3
S01006639,945,555,292,98,733,431,230,72,212,124,62,26,62,48,9,5,80,46,23,11,32,16,12,4,38,14,18,6
S01006640,723,200,376,147,517,141,265,111,206,59,111,36,77,23,45,9,64,17,36,11,42,14,20,8,23,5,10,8
S01006641,1000,419,428,153,741,283,330,128,259,136,98,25,92,48,38,6,92,49,35,8,55,27,22,6,20,12,3,5
S01006642,830,408,333,89,614,275,266,73,216,133,67,16,90,72,17,1,74,41,25,8,32,13,17,2,20,7,8,5
S01006643,730,338,286,106,560,240,233,87,170,98,53,19,67,51,13,3,53,27,17,9,24,11,9,4,26,9,14,3
S01006644,963,383,448,132,747,278,352,117,216,105,96,15,82,51,26,5,70,31,33,6,40,12,25,3,24,11,12,1
S01006645,687,365,270,52,542,292,211,39,145,73,59,13,31,27,3,1,55,21,28,6,32,11,18,3,27,14,10,3
S01006646,550,304,199,47,392,204,151,37,158,100,48,10,54,35,16,3,61,42,12,7,27,14,13,0,16,9,7,0
S01006647,648,327,253,68,531,266,201,64,117,61,52,4,33,24,9,0,40,21,18,1,29,8,19,2,15,8,6,1
S01006648,1078,569,414,95,718,361,287,70,360,208,127,25,131,86,42,3,118,76,33,9,74,30,37,7,37,16,15,6
S01006649,961,408,418,135,725,310,300,115,236,98,118,20,74,47,23,4,79,29,47,3,38,9,27,2,45,13,21,11
S01006650,859,408,342,109,585,243,250,92,274,165,92,17,102,71,26,5,98,56,38,4,31,18,8,5,43,20,20,3
S01006651,635,364,229,42,446,255,156,35,189,109,73,7,91,47,40,4,48,29,19,0,25,13,11,1,25,20,3,2
S01006652,545,205,239,101,397,133,188,76,148,72,51,25,34,22,10,2,69,33,18,18,17,5,8,4,28,12,15,1
S01006653,564,151,256,157,413,99,183,131,151,52,73,26,38,16,18,4,45,20,18,7,40,11,25,4,28,5,12,11
S01006654,904,383,396,125,751,312,340,99,153,71,56,26,40,23,16,1,49,31,11,7,30,5,15,10,34,12,14,8
S01006655,624,136,303,185,492,96,238,158,132,40,65,27,33,16,13,4,39,11,22,6,26,5,13,8,34,8,17,9
S01006656,954,362,450,142,702,239,348,115,252,123,102,27,77,42,34,1,88,43,30,15,45,23,19,3,42,15,19,8
S01006657,536,210,258,68,397,138,205,54,139,72,53,14,54,30,21,3,47,25,19,3,11,6,2,3,27,11,11,5
S01006658,1019,459,475,85,670,302,310,58,349,157,165,27,105,71,34,0,127,47,67,13,72,18,44,10,45,21,20,4
S01006659,632,190,264,178,503,126,225,152,129,64,39,26,30,19,4,7,61,28,21,12,13,6,5,2,25,11,9,5
S01006660,527,267,234,26,320,169,128,23,207,98,106,3,74,38,35,1,64,39,24,1,45,17,28,0,24,4,19,1
S01006661,622,175,276,171,457,110,205,142,165,65,71,29,40,22,16,2,68,26,28,14,25,6,17,2,32,11,10,11
S01006662,600,270,262,68,408,196,169,43,192,74,93,25,52,24,26,2,77,25,39,13,33,12,18,3,30,13,10,7
S01006663,562,197,229,136,398,123,168,107,164,74,61,29,58,30,19,9,52,24,20,8,19,7,10,2,35,13,12,10
S01006664,503,197,211,95,344,133,154,57,159,64,57,38,56,28,20,8,47,25,21,1,28,7,6,15,28,4,10,14
S01006665,584,255,244,85,409,148,184,77,175,107,60,8,73,48,23,2,51,32,19,0,24,13,10,1,27,14,8,5
S01006666,877,450,362,65,644,388,214,42,233,62,148,23,35,15,20,0,107,20,72,15,60,14,42,4,31,13,14,4
S01006667,737,408,281,48,535,327,177,31,202,81,104,17,31,15,14,2,91,32,57,2,44,16,24,4,36,18,9,9
S01006668,723,275,313,135,534,180,236,118,189,95,77,17,61,40,14,7,59,27,30,2,26,9,15,2,43,19,18,6
S01006669,730,332,324,74,527,240,225,62,203,92,99,12,83,50,30,3,56,21,34,1,22,6,15,1,42,15,20,7
S01006670,530,255,217,58,429,195,182,52,101,60,35,6,23,17,6,0,44,28,14,2,14,8,5,1,20,7,10,3
S01006671,465,180,205,80,345,123,158,64,120,57,47,16,53,31,17,5,30,13,15,2,18,4,6,8,19,9,9,1
S01006672,752,353,295,104,601,282,224,95,151,71,71,9,35,24,11,0,67,34,27,6,28,8,18,2,21,5,15,1
S01006673,719,288,305,126,520,201,230,89,199,87,75,37,57,37,15,5,57,21,24,12,47,14,23,10,38,15,13,10
S01006674,928,453,367,108,704,384,260,60,224,69,107,48,31,20,8,3,111,23,64,24,49,11,23,15,33,15,12,6
S01006675,712,313,332,67,414,231,154,29,298,82,178,38,31,19,8,4,139,32,83,24,104,18,77,9,24,13,10,1
S01006676,747,328,325,94,539,280,197,62,208,48,128,32,50,11,35,4,90,24,53,13,52,9,33,10,16,4,7,5
S01006677,723,367,272,84,540,280,192,68,183,87,80,16,48,28,20,0,74,32,41,1,42,17,15,10,19,10,4,5
S01006678,1148,488,505,155,818,383,328,107,330,105,177,48,64,33,19,12,161,42,100,19,75,13,48,14,30,17,10,3
S01006679,654,133,314,207,583,106,279,198,71,27,35,9,11,9,1,1,25,5,18,2,25,11,10,4,10,2,6,2
S01006680,851,335,420,96,536,255,237,44,315,80,183,52,37,13,19,5,186,42,109,35,58,11,39,8,34,14,16,4
S01006681,734,317,288,129,664,287,259,118,70,30,29,11,8,6,2,0,24,10,10,4,24,7,13,4,14,7,4,3
S01006682,853,420,320,113,541,324,163,54,312,96,157,59,86,43,36,7,128,30,72,26,66,11,40,15,32,12,9,11
S01006683,872,351,355,166,601,257,211,133,271,94,144,33,67,34,31,2,111,29,64,18,61,17,35,9,32,14,14,4
S01006684,684,318,275,91,495,254,175,66,189,64,100,25,33,15,12,6,75,27,40,8,57,9,41,7,24,13,7,4
S01006685,740,293,346,101,632,254,290,88,108,39,56,13,23,11,10,2,36,12,24,0,35,10,14,11,14,6,8,0
S01006686,622,188,351,83,537,168,297,72,85,20,54,11,15,6,9,0,31,6,25,0,23,5,12,6,16,3,8,5
S01006687,833,278,415,140,725,246,348,131,108,32,67,9,31,12,18,1,27,8,18,1,26,2,20,4,24,10,11,3
S01006688,948,263,409,276,887,250,370,267,61,13,39,9,7,2,4,1,26,7,19,0,16,2,11,3,12,2,5,5
S01006689,629,53,292,284,508,38,238,232,121,15,54,52,22,7,11,4,35,4,13,18,31,0,17,14,33,4,13,16
S01006690,594,174,269,151,490,141,227,122,104,33,42,29,31,17,10,4,25,6,9,10,27,4,11,12,21,6,12,3
S01006691,559,132,267,160,442,96,205,141,117,36,62,19,31,18,10,3,38,13,22,3,25,3,13,9,23,2,17,4
S01006692,737,132,397,208,637,105,345,187,100,27,52,21,29,21,5,3,28,2,20,6,22,1,13,8,21,3,14,4
S01006693,1001,272,538,191,788,222,397,169,213,50,141,22,67,18,49,0,64,15,43,6,39,9,25,5,43,8,24,11
S01006694,865,368,379,118,807,358,340,109,58,10,39,9,16,3,13,0,17,1,13,3,15,0,10,5,10,6,3,1
S01006695,712,194,333,185,628,167,293,168,84,27,40,17,13,6,7,0,38,15,15,8,15,1,6,8,18,5,12,1
S01006696,849,355,335,159,703,266,295,142,146,89,40,17,53,41,8,4,45,28,15,2,32,13,12,7,16,7,5,4
S01006697,926,314,394,218,777,253,333,191,149,61,61,27,37,24,11,2,68,27,28,13,29,6,16,7,15,4,6,5
S01006698,691,278,322,91,581,240,259,82,110,38,63,9,34,21,10,3,43,7,33,3,18,6,10,2,15,4,10,1
S01006699,471,118,206,147,391,90,179,122,80,28,27,25,31,15,6,10,28,8,12,8,15,2,7,6,6,3,2,1
S01006700,830,262,358,210,687,202,292,193,143,60,66,17,56,27,26,3,30,9,18,3,34,16,14,4,23,8,8,7
S01006701,728,269,333,126,682,245,315,122,46,24,18,4,7,4,0,3,27,16,11,0,7,2,5,0,5,2,2,1
S01006702,761,167,352,242,725,162,336,227,36,5,16,15,2,0,1,1,18,2,12,4,7,1,0,6,9,2,3,4
S01006703,675,238,319,118,586,212,265,109,89,26,54,9,20,12,4,4,33,9,22,2,29,2,26,1,7,3,2,2
S01006704,605,245,267,93,562,228,247,87,43,17,20,6,8,5,2,1,23,10,10,3,7,0,5,2,5,2,3,0
S01006705,739,238,328,173,694,222,312,160,45,16,16,13,14,7,3,4,16,3,8,5,6,4,2,0,9,2,3,4
S01006706,619,145,297,177,568,138,266,164,51,7,31,13,9,0,9,0,15,4,11,0,20,3,8,9,7,0,3,4
S01006707,685,264,284,137,616,253,242,121,69,11,42,16,9,4,5,0,22,1,17,4,26,1,16,9,12,5,4,3
S01006708,790,156,431,203,698,146,364,188,92,10,67,15,16,6,10,0,24,0,22,2,37,1,28,8,15,3,7,5
S01006709,878,201,461,216,815,187,421,207,63,14,40,9,7,2,4,1,26,9,15,2,21,3,16,2,9,0,5,4
S01006710,853,165,402,286,820,162,386,272,33,3,16,14,0,0,0,0,10,1,2,7,7,2,3,2,16,0,11,5
S01006711,927,281,412,234,889,272,389,228,38,9,23,6,3,2,1,0,8,4,4,0,10,0,9,1,17,3,9,5
S01006712,524,118,249,157,499,113,232,154,25,5,17,3,2,0,2,0,4,0,4,0,10,4,5,1,9,1,6,2
S01006713,937,283,422,232,878,276,392,210,59,7,30,22,11,0,3,8,13,1,8,4,17,1,11,5,18,5,8,5
S01006714,682,139,314,229,643,129,291,223,39,10,23,6,4,1,2,1,15,4,11,0,9,1,4,4,11,4,6,1
S01006715,623,238,269,116,566,228,243,95,57,10,26,21,12,3,9,0,26,2,12,12,8,1,3,4,11,4,2,5
S01006716,606,190,267,149,556,180,234,142,50,10,33,7,8,2,2,4,30,2,28,0,4,2,2,0,8,4,1,3
S01006717,974,276,452,246,914,264,421,229,60,12,31,17,6,2,3,1,19,5,12,2,21,3,11,7,14,2,5,7
S01006718,627,188,267,172,552,166,227,159,75,22,40,13,19,10,4,5,26,5,19,2,18,3,12,3,12,4,5,3
S01006719,916,214,428,274,864,204,404,256,52,10,24,18,12,8,3,1,15,1,14,0,20,0,6,14,5,1,1,3
S01006720,587,137,256,194,533,121,232,180,54,16,24,14,10,5,5,0,17,3,10,4,11,2,5,4,16,6,4,6
S01006721,888,237,381,270,832,228,357,247,56,9,24,23,5,1,2,2,19,2,12,5,17,3,6,8,15,3,4,8
S01006722,774,191,366,217,694,175,327,192,80,16,39,25,12,1,8,3,40,3,24,13,18,8,6,4,10,4,1,5
S01006723,645,130,283,232,602,129,270,203,43,1,13,29,4,0,0,4,22,0,4,18,5,0,3,2,12,1,6,5
S01006724,1005,401,414,190,896,359,364,173,109,42,50,17,8,5,3,0,45,15,23,7,39,16,15,8,17,6,9,2
S01006725,664,174,305,185,617,173,286,158,47,1,19,27,1,0,0,1,23,0,8,15,12,0,4,8,11,1,7,3
S01006726,1391,647,490,254,1018,535,320,163,373,112,170,91,77,38,23,16,182,45,91,46,89,16,51,22,25,13,5,7
S01006727,956,376,362,218,731,343,236,152,225,33,126,66,22,5,10,7,123,21,65,37,64,3,42,19,16,4,9,3
S01006728,754,235,364,155,657,197,308,152,97,38,56,3,16,10,6,0,38,11,25,2,29,9,20,0,14,8,5,1
S01006729,831,364,317,150,709,327,266,116,122,37,51,34,21,10,4,7,46,17,13,16,38,6,24,8,17,4,10,3
S01006730,704,128,350,226,628,114,298,216,76,14,52,10,17,1,16,0,25,3,17,5,18,8,9,1,16,2,10,4
S01006731,577,162,264,151,549,157,247,145,28,5,17,6,1,1,0,0,7,0,7,0,11,2,7,2,9,2,3,4
S01006732,933,41,228,664,817,32,189,596,116,9,39,68,19,2,8,9,29,4,20,5,24,2,4,18,44,1,7,36
S01006733,900,14,232,654,773,13,181,579,127,1,51,75,24,0,18,6,27,0,17,10,31,0,6,25,45,1,10,34
S01006734,910,20,274,616,768,19,216,533,142,1,58,83,35,0,14,21,30,0,14,16,40,0,16,24,37,1,14,22
S01006735,618,11,185,422,538,11,159,368,80,0,26,54,28,0,10,18,14,0,0,14,11,0,4,7,27,0,12,15
S01006736,1079,21,338,720,947,20,288,639,132,1,50,81,24,0,5,19,31,0,14,17,43,0,18,25,34,1,13,20
S01006737,669,35,206,428,571,35,167,369,98,0,39,59,17,0,6,11,38,0,14,24,24,0,10,14,19,0,9,10
S01006738,827,138,446,243,745,128,398,219,82,10,48,24,17,3,9,5,30,1,14,15,19,4,14,1,16,2,11,3
S01006739,607,82,307,218,540,72,280,188,67,10,27,30,12,2,4,6,29,6,14,9,17,0,5,12,9,2,4,3
S01006740,737,160,328,249,701,158,302,241,36,2,26,8,2,0,2,0,14,1,11,2,5,0,5,0,15,1,8,6
S01006741,666,139,343,184,638,136,321,181,28,3,22,3,4,1,3,0,13,1,12,0,4,0,4,0,7,1,3,3
S01006742,460,121,227,112,434,110,218,106,26,11,9,6,3,3,0,0,12,6,2,4,4,0,3,1,7,2,4,1
S01006743,531,71,240,220,507,68,234,205,24,3,6,15,1,0,1,0,5,0,1,4,8,0,2,6,10,3,2,5
S01006744,608,106,283,219,566,97,267,202,42,9,16,17,6,4,1,1,17,4,8,5,11,0,6,5,8,1,1,6
S01006745,822,180,401,241,773,172,377,224,49,8,24,17,16,4,8,4,16,0,9,7,4,0,3,1,13,4,4,5
S01006746,806,152,386,268,778,150,366,262,28,2,20,6,4,0,2,2,9,0,8,1,5,0,5,0,10,2,5,3
S01006747,816,53,390,373,776,50,368,358,40,3,22,15,8,2,4,2,8,0,7,1,6,0,2,4,18,1,9,8
S01006748,906,89,375,442,839,82,339,418,67,7,36,24,18,2,8,8,21,2,14,5,11,1,7,3,17,2,7,8
S01006749,909,140,479,290,827,121,433,273,82,19,46,17,18,10,8,0,23,5,14,4,12,1,7,4,29,3,17,9
S01006750,641,90,271,280,608,84,257,267,33,6,14,13,12,2,7,3,10,4,4,2,2,0,1,1,9,0,2,7
S01006751,509,119,203,187,485,116,186,183,24,3,17,4,4,0,4,0,6,0,6,0,1,0,1,0,13,3,6,4
S01006752,712,159,369,184,665,144,352,169,47,15,17,15,9,8,0,1,15,1,7,7,2,0,2,0,21,6,8,7
S01006753,913,76,455,382,873,71,433,369,40,5,22,13,6,2,3,1,12,0,9,3,3,0,3,0,19,3,7,9
S01006754,892,53,392,447,853,48,378,427,39,5,14,20,4,2,0,2,12,2,8,2,7,0,1,6,16,1,5,10
S01006755,731,46,254,431,672,41,230,401,59,5,24,30,10,0,3,7,15,3,10,2,17,1,7,9,17,1,4,12
S01006756,658,36,244,378,548,23,190,335,110,13,54,43,29,3,24,2,18,3,8,7,27,4,13,10,36,3,9,24
S01006757,737,46,326,365,690,38,303,349,47,8,23,16,1,1,0,0,20,3,11,6,10,4,4,2,16,0,8,8
S01006758,694,31,295,368,663,27,285,351,31,4,10,17,1,0,1,0,11,2,3,6,7,1,2,4,12,1,4,7
S01006759,595,30,223,342,564,28,214,322,31,2,9,20,5,0,1,4,1,1,0,0,6,0,2,4,19,1,6,12
S01006760,493,29,242,222,462,25,220,217,31,4,22,5,5,1,4,0,11,1,10,0,10,1,6,3,5,1,2,2
S01006761,697,50,302,345,673,49,291,333,24,1,11,12,1,0,0,1,7,0,4,3,3,1,0,2,13,0,7,6
S01006762,805,141,335,329,754,136,316,302,51,5,19,27,5,0,3,2,8,2,0,6,14,0,5,9,24,3,11,10
S01006763,865,37,369,459,766,26,326,414,99,11,43,45,10,5,0,5,39,5,23,11,17,1,10,6,33,0,10,23
S01006764,790,33,432,325,722,33,378,311,68,0,54,14,8,0,8,0,29,0,23,6,9,0,8,1,22,0,15,7
S01006765,586,33,281,272,554,30,259,265,32,3,22,7,5,3,2,0,9,0,9,0,9,0,6,3,9,0,5,4
S01006766,608,36,197,375,578,34,188,356,30,2,9,19,1,0,1,0,1,0,0,1,8,1,2,5,20,1,6,13
S01006767,689,66,305,318,652,64,282,306,37,2,23,12,2,0,1,1,13,1,8,4,6,0,6,0,16,1,8,7
S01006768,599,12,132,455,566,7,120,439,33,5,12,16,1,0,0,1,0,0,0,0,0,0,0,0,32,5,12,15
S01006769,959,87,405,467,908,82,381,445,51,5,24,22,18,0,12,6,12,5,5,2,6,0,3,3,15,0,4,11
S01006770,655,32,288,335,626,31,270,325,29,1,18,10,7,0,7,0,5,1,0,4,9,0,8,1,8,0,3,5
S01006771,465,11,172,282,415,5,153,257,50,6,19,25,7,1,0,6,7,3,0,4,13,0,8,5,23,2,11,10
S01006772,839,36,345,458,773,35,312,426,66,1,33,32,6,0,6,0,16,1,10,5,15,0,6,9,29,0,11,18
S01006773,672,24,285,363,619,22,252,345,53,2,33,18,1,0,1,0,11,0,7,4,13,1,4,8,28,1,21,6
S01006774,651,24,188,439,598,18,165,415,53,6,23,24,1,0,0,1,7,0,6,1,9,3,2,4,36,3,15,18
S01006775,618,96,288,234,574,90,269,215,44,6,19,19,7,3,1,3,17,1,9,7,3,0,3,0,17,2,6,9
S01006776,496,159,226,111,454,148,215,91,42,11,11,20,1,0,1,0,20,4,2,14,4,0,0,4,17,7,8,2
S01006777,649,34,282,333,627,27,274,326,22,7,8,7,4,1,2,1,5,4,1,0,2,0,2,0,11,2,3,6
S01006778,634,81,279,274,615,78,272,265,19,3,7,9,2,1,1,0,5,0,4,1,5,1,0,4,7,1,2,4
S01006779,615,165,306,144,575,157,287,131,40,8,19,13,10,0,5,5,4,4,0,0,12,0,10,2,14,4,4,6
S01006780,576,79,237,260,544,75,219,250,32,4,18,10,6,3,2,1,11,0,9,2,4,0,3,1,11,1,4,6
S01006781,691,56,329,306,645,53,305,287,46,3,24,19,3,1,2,0,9,0,8,1,9,1,2,6,25,1,12,12
S01006782,744,82,330,332,648,69,280,299,96,13,50,33,43,8,27,8,8,1,3,4,17,1,10,6,28,3,10,15
S01006783,672,73,327,272,626,70,302,254,46,3,25,18,3,0,1,2,13,1,9,3,12,0,7,5,18,2,8,8
S01006784,599,80,292,227,533,56,265,212,66,24,27,15,26,15,9,2,12,5,3,4,9,3,4,2,19,1,11,7
S01006785,611,10,239,362,564,10,209,345,47,0,30,17,4,0,3,1,9,0,7,2,17,0,12,5,17,0,8,9
S01006786,832,40,298,494,750,32,264,454,82,8,34,40,17,5,11,1,21,1,6,14,4,1,0,3,40,1,17,22
S01006787,650,54,277,319,598,51,245,302,52,3,32,17,16,1,13,2,15,0,12,3,6,0,1,5,15,2,6,7
S01006788,746,34,261,451,680,31,229,420,66,3,32,31,11,1,5,5,15,0,12,3,15,1,8,6,25,1,7,17
S01006789,596,51,262,283,545,50,237,258,51,1,25,25,4,0,2,2,13,0,7,6,9,0,5,4,25,1,11,13
S01006790,889,153,417,319,845,144,395,306,44,9,22,13,2,2,0,0,10,1,9,0,8,0,2,6,24,6,11,7
S01006791,529,23,188,318,509,23,180,306,20,0,8,12,2,0,2,0,3,0,0,3,3,0,2,1,12,0,4,8
S01006792,482,11,185,286,452,9,175,268,30,2,10,18,3,0,1,2,2,0,1,1,4,0,1,3,21,2,7,12
S01006793,506,52,213,241,464,46,198,220,42,6,15,21,8,3,2,3,9,1,3,5,3,0,0,3,22,2,10,10
S01006794,560,60,168,332,527,57,153,317,33,3,15,15,0,0,0,0,2,0,1,1,2,0,0,2,29,3,14,12
S01006795,733,50,229,454,672,47,205,420,61,3,24,34,1,0,1,0,13,0,6,7,7,0,5,2,40,3,12,25
S01006796,575,25,183,367,521,24,167,330,54,1,16,37,2,0,0,2,16,0,6,10,13,0,2,11,23,1,8,14
S01006797,613,4,153,456,566,3,138,425,47,1,15,31,8,1,0,7,9,0,3,6,3,0,3,0,27,0,9,18
S01006798,625,11,130,484,593,10,120,463,32,1,10,21,1,0,1,0,1,0,0,1,4,0,1,3,26,1,8,17
S01006799,875,86,338,451,837,83,324,430,38,3,14,21,2,0,0,2,5,0,2,3,4,0,1,3,27,3,11,13
S01006800,853,11,168,674,778,10,160,608,75,1,8,66,6,0,2,4,20,0,0,20,12,1,0,11,37,0,6,31
S01006801,875,15,284,576,831,15,263,553,44,0,21,23,3,0,1,2,2,0,2,0,7,0,2,5,32,0,16,16
S01006802,675,54,196,425,629,48,181,400,46,6,15,25,13,2,4,7,7,3,0,4,3,1,2,0,23,0,9,14
S01006803,687,82,266,339,662,79,252,331,25,3,14,8,0,0,0,0,4,0,4,0,9,0,4,5,12,3,6,3
S01006804,748,59,247,442,717,48,245,424,31,11,2,18,4,4,0,0,7,5,0,2,8,1,0,7,12,1,2,9
S01006805,1122,105,395,622,1013,71,357,585,109,34,38,37,43,16,15,12,25,9,10,6,12,2,8,2,29,7,5,17
S01006806,1031,41,294,696,988,40,284,664,43,1,10,32,1,0,1,0,8,0,2,6,9,0,2,7,25,1,5,19
S01006807,620,16,198,406,572,10,181,381,48,6,17,25,5,3,1,1,2,1,1,0,12,1,5,6,29,1,10,18
S01006808,626,10,206,410,594,10,196,388,32,0,10,22,4,0,1,3,3,0,1,2,7,0,5,2,18,0,3,15
S01006809,813,70,339,404,777,67,325,385,36,3,14,19,0,0,0,0,0,0,0,0,9,0,5,4,27,3,9,15
S01006810,877,63,327,487,838,63,311,464,39,0,16,23,5,0,3,2,4,0,3,1,3,0,1,2,27,0,9,18
S01006811,1090,50,265,775,1029,44,242,743,61,6,23,32,10,4,3,3,8,0,4,4,10,0,9,1,33,2,7,24
S01006812,735,21,167,547,694,20,163,511,41,1,4,36,2,0,0,2,6,0,0,6,12,0,0,12,21,1,4,16
S01006813,789,87,302,400,753,83,292,378,36,4,10,22,1,0,0,1,9,0,2,7,10,0,3,7,16,4,5,7
S01006814,782,18,203,561,748,17,190,541,34,1,13,20,3,0,1,2,6,0,2,4,3,0,1,2,22,1,9,12
S01006815,577,107,251,219,550,105,242,203,27,2,9,16,0,0,0,0,10,0,0,10,4,0,0,4,13,2,9,2
S01006816,703,58,238,407,680,56,231,393,23,2,7,14,4,1,0,3,1,0,1,0,2,0,0,2,16,1,6,9
S01006817,650,49,206,395,604,46,190,368,46,3,16,27,7,1,6,0,17,2,2,13,5,0,0,5,17,0,8,9
S01006818,719,19,159,541,695,19,148,528,24,0,11,13,5,0,2,3,2,0,0,2,4,0,4,0,13,0,5,8
S01006819,836,16,179,641,789,13,165,611,47,3,14,30,4,1,0,3,10,2,4,4,7,0,2,5,26,0,8,18
S01006820,444,6,114,324,415,6,108,301,29,0,6,23,5,0,0,5,3,0,2,1,8,0,1,7,13,0,3,10
S01006821,582,6,120,456,523,6,103,414,59,0,17,42,20,0,9,11,8,0,2,6,3,0,0,3,28,0,6,22
S01006822,759,7,118,634,720,7,110,603,39,0,8,31,5,0,1,4,3,0,1,2,8,0,1,7,23,0,5,18
S01006823,676,35,289,352,633,33,266,334,43,2,23,18,10,0,5,5,4,2,1,1,7,0,4,3,22,0,13,9
S01006824,813,188,390,235,776,182,365,229,37,6,25,6,8,0,8,0,10,2,8,0,2,0,1,1,17,4,8,5
S01006825,807,69,345,393,771,67,326,378,36,2,19,15,3,0,3,0,8,0,2,6,7,0,2,5,18,2,12,4
S01006826,884,40,262,582,855,36,255,564,29,4,7,18,3,1,0,2,9,2,2,5,4,0,2,2,13,1,3,9
S01006827,884,153,403,328,842,151,379,312,42,2,24,16,6,0,5,1,8,0,3,5,8,1,6,1,20,1,10,9
S01006828,914,156,452,306,854,150,416,288,60,6,36,18,13,0,11,2,11,2,4,5,16,3,6,7,20,1,15,4
S01006829,428,13,93,322,404,12,86,306,24,1,7,16,1,0,1,0,3,0,0,3,1,0,0,1,19,1,6,12
S01006830,729,60,248,421,709,57,241,411,20,3,7,10,2,0,2,0,1,0,1,0,2,1,1,0,15,2,3,10
S01006831,538,29,214,295,516,28,202,286,22,1,12,9,3,1,2,0,1,0,0,1,6,0,2,4,12,0,8,4
S01006832,1003,88,415,500,956,83,400,473,47,5,15,27,6,2,1,3,10,0,5,5,9,1,2,6,22,2,7,13
S01006833,438,25,106,307,395,23,91,281,43,2,15,26,4,0,4,0,7,0,6,1,7,0,2,5,25,2,3,20
S01006834,532,19,117,396,495,19,110,366,37,0,7,30,0,0,0,0,8,0,0,8,3,0,1,2,26,0,6,20
S01006835,841,219,388,234,779,201,356,222,62,18,32,12,15,3,9,3,21,7,11,3,10,3,4,3,16,5,8,3
S01006836,514,32,164,318,489,31,153,305,25,1,11,13,3,0,2,1,2,0,1,1,10,0,2,8,10,1,6,3
S01006837,599,33,227,339,561,32,208,321,38,1,19,18,4,0,2,2,15,0,8,7,5,0,4,1,14,1,5,8
S01006838,648,32,196,420,617,32,186,399,31,0,10,21,0,0,0,0,4,0,2,2,12,0,6,6,15,0,2,13
S01006839,1040,86,387,567,999,83,367,549,41,3,20,18,1,0,1,0,10,0,10,0,11,0,0,11,19,3,9,7
S01006840,1020,13,266,741,992,13,257,722,28,0,9,19,1,0,1,0,6,0,3,3,1,0,1,0,20,0,4,16
S01006841,922,8,264,650,867,8,243,616,55,0,21,34,6,0,2,4,11,0,6,5,7,0,5,2,31,0,8,23
S01006842,809,32,258,519,779,30,245,504,30,2,13,15,3,1,2,0,2,0,2,0,2,0,0,2,23,1,9,13
S01006843,835,29,301,505,802,24,289,489,33,5,12,16,8,4,4,0,5,0,3,2,1,0,1,0,19,1,4,14
S01006844,671,46,258,367,638,41,249,348,33,5,9,19,1,1,0,0,3,0,1,2,12,3,2,7,17,1,6,10
S01006845,942,45,312,585,907,44,303,560,35,1,9,25,2,1,0,1,4,0,1,3,7,0,3,4,22,0,5,17
S01006846,551,35,234,282,521,33,223,265,30,2,11,17,7,1,0,6,3,0,0,3,7,1,4,2,13,0,7,6
S01006847,659,17,236,406,630,14,226,390,29,3,10,16,1,0,1,0,1,1,0,0,8,0,4,4,19,2,5,12
S01006848,916,23,218,675,802,16,191,595,114,7,27,80,37,4,9,24,17,2,3,12,24,0,9,15,36,1,6,29
S01006849,971,46,396,529,911,44,375,492,60,2,21,37,3,0,0,3,22,1,11,10,22,1,8,13,13,0,2,11
S01006850,959,101,394,464,899,95,369,435,60,6,25,29,3,0,3,0,13,2,7,4,10,1,3,6,34,3,12,19
S01006851,805,108,323,374,772,102,315,355,33,6,8,19,3,1,1,1,5,2,1,2,1,0,1,0,24,3,5,16
S01006852,595,9,179,407,567,8,175,384,28,1,4,23,6,0,0,6,4,0,2,2,3,0,1,2,15,1,1,13
S01006853,842,18,125,699,732,14,118,600,110,4,7,99,24,1,0,23,25,2,2,21,21,1,2,18,40,0,3,37
S01006854,853,31,324,498,799,29,296,474,54,2,28,24,0,0,0,0,11,1,5,5,16,0,9,7,27,1,14,12
S01006855,790,11,142,637,733,10,134,589,57,1,8,48,12,0,3,9,7,0,1,6,6,1,3,2,32,0,1,31
S01006856,678,11,125,542,643,11,123,509,35,0,2,33,1,0,1,0,13,0,0,13,3,0,0,3,18,0,1,17
S01006857,997,31,201,765,920,29,184,707,77,2,17,58,4,0,2,2,12,1,2,9,8,0,3,5,53,1,10,42
S01006858,642,14,104,524,581,5,90,486,61,9,14,38,11,7,0,4,10,2,3,5,7,0,5,2,33,0,6,27
S01006859,1084,25,281,778,999,21,251,727,85,4,30,51,8,2,4,2,20,1,14,5,11,0,2,9,46,1,10,35
S01006860,542,81,229,232,502,72,215,215,40,9,14,17,11,4,3,4,10,2,3,5,6,2,3,1,13,1,5,7
S01006861,604,1,120,483,538,0,102,436,66,1,18,47,5,1,2,2,13,0,0,13,21,0,7,14,27,0,9,18
S01006862,681,79,280,322,627,70,262,295,54,9,18,27,2,0,2,0,9,1,3,5,13,3,2,8,30,5,11,14
S01006863,687,77,283,327,643,71,254,318,44,6,29,9,11,3,5,3,13,1,10,2,11,2,7,2,9,0,7,2
S01006864,447,32,167,248,420,31,158,231,27,1,9,17,3,0,2,1,15,0,6,9,2,0,1,1,7,1,0,6
S01006865,902,75,358,469,788,56,307,425,114,19,51,44,20,5,8,7,34,6,21,7,26,6,12,8,34,2,10,22
S01006866,549,20,189,340,509,14,181,314,40,6,8,26,9,4,5,0,5,0,3,2,9,1,0,8,17,1,0,16
S01006867,723,36,203,484,659,34,186,439,64,2,17,45,8,0,1,7,10,0,1,9,10,2,5,3,36,0,10,26
S01006868,879,89,289,501,843,88,280,475,36,1,9,26,4,0,0,4,2,0,0,2,10,0,5,5,20,1,4,15
S01006869,490,26,164,300,454,24,150,280,36,2,14,20,4,0,3,1,8,0,7,1,5,1,0,4,19,1,4,14
S01006870,483,22,114,347,447,22,108,317,36,0,6,30,2,0,0,2,10,0,1,9,4,0,3,1,20,0,2,18
S01006871,711,60,159,492,679,52,155,472,32,8,4,20,6,6,0,0,2,0,2,0,0,0,0,0,24,2,2,20
S01006872,714,8,116,590,678,8,110,560,36,0,6,30,11,0,0,11,5,0,3,2,1,0,0,1,19,0,3,16
S01006873,955,50,292,613,885,45,268,572,70,5,24,41,11,0,6,5,11,0,2,9,9,0,4,5,39,5,12,22
S01006874,566,5,135,426,525,3,116,406,41,2,19,20,2,2,0,0,9,0,8,1,7,0,3,4,23,0,8,15
S01006875,694,71,257,366,656,66,245,345,38,5,12,21,6,0,1,5,7,1,4,2,11,1,4,6,14,3,3,8
S01006876,992,37,260,695,959,34,250,675,33,3,10,20,0,0,0,0,6,0,3,3,9,0,3,6,18,3,4,11
S01006877,928,19,180,729,878,15,168,695,50,4,12,34,2,2,0,0,9,2,4,3,5,0,0,5,34,0,8,26
S01006878,704,42,240,422,668,40,222,406,36,2,18,16,5,0,4,1,3,0,1,2,1,0,1,0,27,2,12,13
S01006879,740,14,216,510,706,13,201,492,34,1,15,18,4,1,3,0,2,0,2,0,3,0,2,1,25,0,8,17
S01006880,600,12,116,472,569,10,113,446,31,2,3,26,2,0,0,2,4,0,0,4,9,2,1,6,16,0,2,14
S01006881,578,5,148,425,550,5,139,406,28,0,9,19,1,0,0,1,7,0,2,5,3,0,1,2,17,0,6,11
S01006882,398,79,163,156,393,78,161,154,5,1,2,2,0,0,0,0,0,0,0,0,0,0,0,0,5,1,2,2
S01006883,458,40,165,253,445,38,161,246,13,2,4,7,1,0,0,1,0,0,0,0,0,0,0,0,12,2,4,6
S01006884,888,58,333,497,859,55,320,484,29,3,13,13,7,1,6,0,0,0,0,0,6,0,2,4,16,2,5,9
S01006885,518,23,131,364,506,23,128,355,12,0,3,9,0,0,0,0,2,0,0,2,2,0,2,0,8,0,1,7
S01006886,733,24,189,520,689,24,184,481,44,0,5,39,5,0,1,4,7,0,0,7,8,0,0,8,24,0,4,20
S01006887,587,18,149,420,559,17,139,403,28,1,10,17,1,0,0,1,5,1,3,1,1,0,1,0,21,0,6,15
S01006888,800,13,173,614,774,13,169,592,26,0,4,22,1,0,1,0,6,0,1,5,5,0,1,4,14,0,1,13
S01006889,826,90,437,299,784,80,423,281,42,10,14,18,9,3,6,0,6,1,1,4,6,0,1,5,21,6,6,9
S01006890,665,20,190,455,630,20,182,428,35,0,8,27,2,0,1,1,6,0,3,3,2,0,1,1,25,0,3,22
S01006891,913,95,317,501,864,93,288,483,49,2,29,18,8,0,7,1,5,0,2,3,11,1,7,3,25,1,13,11
S01006892,612,64,245,303,591,64,234,293,21,0,11,10,3,0,3,0,4,0,0,4,7,0,4,3,7,0,4,3
S01006893,543,61,170,312,538,61,169,308,5,0,1,4,1,0,0,1,1,0,1,0,0,0,0,0,3,0,0,3
S01006894,934,110,430,394,903,109,415,379,31,1,15,15,2,0,0,2,1,0,1,0,8,0,7,1,20,1,7,12
S01006895,534,95,263,176,500,84,240,176,34,11,23,0,9,5,4,0,8,4,4,0,11,1,10,0,6,1,5,0
S01006896,768,101,352,315,710,82,322,306,58,19,30,9,11,6,3,2,13,7,6,0,18,6,10,2,16,0,11,5
S01006897,708,39,274,395,682,37,262,383,26,2,12,12,2,0,0,2,6,0,3,3,4,2,1,1,14,0,8,6
S01006898,751,76,309,366,717,70,296,351,34,6,13,15,4,0,2,2,3,0,2,1,3,0,2,1,24,6,7,11
S01006899,609,19,210,380,584,18,200,366,25,1,10,14,4,0,4,0,7,0,3,4,6,0,1,5,8,1,2,5
S01006900,579,24,215,340,551,23,203,325,28,1,12,15,3,0,1,2,9,1,5,3,7,0,1,6,9,0,5,4
S01006901,595,125,222,248,570,117,216,237,25,8,6,11,1,0,0,1,12,6,3,3,5,2,0,3,7,0,3,4
S01006902,693,81,270,342,655,74,260,321,38,7,10,21,12,3,4,5,8,2,0,6,8,2,2,4,10,0,4,6
S01006903,778,129,347,302,746,123,331,292,32,6,16,10,4,1,3,0,8,1,6,1,7,0,3,4,13,4,4,5
S01006904,694,113,304,277,635,102,273,260,59,11,31,17,12,4,7,1,20,2,9,9,11,4,6,1,16,1,9,6
S01006905,878,124,305,449,845,115,292,438,33,9,13,11,8,5,3,0,5,0,4,1,5,3,2,0,15,1,4,10
S01006906,843,238,384,221,821,229,374,218,22,9,10,3,7,2,3,2,3,3,0,0,5,1,4,0,7,3,3,1
S01006907,594,115,228,251,506,94,187,225,88,21,41,26,33,13,13,7,29,6,15,8,16,1,9,6,10,1,4,5
S01006908,803,176,403,224,728,160,357,211,75,16,46,13,30,10,17,3,21,2,15,4,13,2,9,2,11,2,5,4
S01006909,768,8,187,573,709,7,167,535,59,1,20,38,3,0,1,2,13,0,7,6,9,0,5,4,34,1,7,26
S01006910,852,15,190,647,783,14,162,607,69,1,28,40,9,0,8,1,8,0,7,1,13,0,3,10,39,1,10,28
S01006911,671,34,215,422,630,32,196,402,41,2,19,20,6,0,5,1,11,0,4,7,6,0,3,3,18,2,7,9
S01006912,423,9,58,356,401,9,54,338,22,0,4,18,2,0,0,2,3,0,1,2,1,0,0,1,16,0,3,13
S01006913,546,4,122,420,511,4,116,391,35,0,6,29,4,0,2,2,9,0,2,7,3,0,0,3,19,0,2,17
S01006914,743,10,153,580,676,9,121,546,67,1,32,34,17,0,9,8,9,0,9,0,14,0,8,6,27,1,6,20
S01006915,826,21,149,656,795,21,146,628,31,0,3,28,0,0,0,0,2,0,1,1,11,0,0,11,18,0,2,16
S01006916,562,33,193,336,523,30,180,313,39,3,13,23,9,3,6,0,12,0,3,9,8,0,1,7,10,0,3,7
S01006917,996,15,183,798,949,14,166,769,47,1,17,29,23,0,9,14,4,0,2,2,8,0,1,7,12,1,5,6
S01006918,493,29,137,327,464,28,129,307,29,1,8,20,3,0,1,2,12,0,5,7,5,0,0,5,9,1,2,6
S01006919,485,15,167,303,456,14,161,281,29,1,6,22,0,0,0,0,1,0,0,1,8,1,1,6,20,0,5,15
S01006920,502,62,211,229,477,59,202,216,25,3,9,13,1,0,1,0,6,1,5,0,7,1,2,4,11,1,1,9
S01006921,829,9,169,651,771,9,150,612,58,0,19,39,14,0,3,11,5,0,2,3,22,0,8,14,17,0,6,11
S01006922,506,7,107,392,488,4,103,381,18,3,4,11,1,0,0,1,5,1,0,4,4,0,1,3,8,2,3,3
S01006923,775,56,197,522,736,56,190,490,39,0,7,32,2,0,0,2,7,0,0,7,7,0,0,7,23,0,7,16
S01006924,556,2,78,476,520,2,73,445,36,0,5,31,5,0,1,4,7,0,2,5,6,0,0,6,18,0,2,16
S01006925,499,22,174,303,470,22,164,284,29,0,10,19,5,0,0,5,4,0,2,2,9,0,1,8,11,0,7,4
S01006926,737,11,184,542,680,11,166,503,57,0,18,39,6,0,1,5,14,0,8,6,12,0,5,7,25,0,4,21
S01006927,1002,25,235,742,897,23,200,674,105,2,35,68,10,0,1,9,36,0,13,23,28,2,11,15,31,0,10,21
S01006928,1033,59,321,653,950,55,297,598,83,4,24,55,13,0,5,8,32,1,8,23,15,1,3,11,23,2,8,13
S01006929,836,3,149,684,746,3,117,626,90,0,32,58,27,0,21,6,16,0,4,12,11,0,1,10,36,0,6,30
S01006930,889,15,203,671,843,15,188,640,46,0,15,31,16,0,8,8,0,0,0,0,8,0,0,8,22,0,7,15
S01006931,392,13,78,301,369,13,73,283,23,0,5,18,1,0,0,1,1,0,0,1,4,0,0,4,17,0,5,12
S01006932,614,27,155,432,580,26,147,407,34,1,8,25,1,0,0,1,5,0,0,5,6,0,3,3,22,1,5,16
S01006933,580,10,169,401,550,10,155,385,30,0,14,16,1,0,1,0,9,0,6,3,5,0,1,4,15,0,6,9
S01006934,558,18,150,390,511,18,141,352,47,0,9,38,5,0,0,5,12,0,3,9,9,0,2,7,21,0,4,17
S01006935,699,24,240,435,660,24,221,415,39,0,19,20,2,0,2,0,7,0,5,2,6,0,5,1,24,0,7,17
S01006936,643,25,268,350,620,25,257,338,23,0,11,12,0,0,0,0,2,0,0,2,6,0,4,2,15,0,7,8
S01006937,730,27,306,397,666,19,274,373,64,8,32,24,10,6,4,0,18,0,9,9,4,0,3,1,32,2,16,14
S01006938,537,55,256,226,482,51,219,212,55,4,37,14,16,0,10,6,6,0,6,0,5,1,4,0,28,3,17,8
S01006939,615,12,183,420,581,10,168,403,34,2,15,17,1,1,0,0,5,0,5,0,5,0,2,3,23,1,8,14
S01006940,939,28,314,597,855,21,281,553,84,7,33,44,14,4,5,5,16,1,9,6,17,0,5,12,37,2,14,21
S01006941,626,43,263,320,579,40,244,295,47,3,19,25,2,0,0,2,12,0,4,8,4,0,2,2,29,3,13,13
S01006942,1082,35,291,756,996,31,266,699,86,4,25,57,11,2,5,4,9,0,3,6,38,2,9,27,28,0,8,20
S01006943,682,3,128,551,621,1,111,509,61,2,17,42,14,2,6,6,15,0,5,10,18,0,2,16,14,0,4,10
S01006944,874,29,309,536,772,28,261,483,102,1,48,53,31,0,13,18,21,0,20,1,31,0,9,22,19,1,6,12
S01006945,508,16,170,322,475,14,150,311,33,2,20,11,3,0,2,1,18,1,11,6,2,1,1,0,10,0,6,4
S01006946,800,18,238,544,757,17,221,519,43,1,17,25,4,0,3,1,9,0,4,5,13,0,3,10,17,1,7,9
S01006947,861,14,255,592,812,14,236,562,49,0,19,30,2,0,1,1,15,0,6,9,9,0,5,4,23,0,7,16
S01006948,871,54,233,584,832,53,222,557,39,1,11,27,5,0,0,5,2,0,0,2,14,0,4,10,18,1,7,10
S01006949,655,6,112,537,623,6,109,508,32,0,3,29,6,0,0,6,5,0,3,2,2,0,0,2,19,0,0,19
S01006950,548,6,173,369,521,6,162,353,27,0,11,16,0,0,0,0,9,0,5,4,8,0,3,5,10,0,3,7
S01006951,470,32,153,285,440,31,134,275,30,1,19,10,1,0,0,1,13,0,8,5,5,0,4,1,11,1,7,3
S01006952,827,27,241,559,791,27,229,535,36,0,12,24,7,0,1,6,5,0,3,2,2,0,0,2,22,0,8,14
S01006953,793,17,206,570,748,17,185,546,45,0,21,24,2,0,2,0,16,0,9,7,10,0,7,3,17,0,3,14
S01006954,829,18,191,620,793,18,175,600,36,0,16,20,8,0,8,0,1,0,1,0,4,0,1,3,23,0,6,17
S01006955,622,48,288,286,599,46,275,278,23,2,13,8,0,0,0,0,8,0,7,1,7,0,3,4,8,2,3,3
S01006956,1105,31,335,739,1005,28,298,679,100,3,37,60,9,0,7,2,18,1,10,7,23,1,6,16,50,1,14,35
S01006957,1053,19,243,791,992,17,223,752,61,2,20,39,3,0,0,3,6,0,3,3,11,1,4,6,41,1,13,27
S01006958,876,64,383,429,842,62,360,420,34,2,23,9,8,1,3,4,2,0,1,1,6,0,6,0,18,1,13,4
S01006959,680,148,291,241,658,143,280,235,22,5,11,6,0,0,0,0,5,0,3,2,5,0,2,3,12,5,6,1
S01006960,976,19,207,750,935,17,201,717,41,2,6,33,4,0,2,2,10,1,3,6,5,0,0,5,22,1,1,20
S01006961,984,7,264,713,934,2,244,688,50,5,20,25,7,3,3,1,15,1,6,8,8,0,3,5,20,1,8,11
S01006962,871,71,376,424,834,67,363,404,37,4,13,20,3,0,2,1,11,4,3,4,6,0,1,5,17,0,7,10
S01006963,663,35,215,413,648,33,207,408,15,2,8,5,1,0,0,1,0,0,0,0,5,0,5,0,9,2,3,4
S01006964,741,68,288,385,696,64,269,363,45,4,19,22,4,1,2,1,12,0,4,8,7,0,4,3,22,3,9,10
S01006965,488,43,167,278,467,43,161,263,21,0,6,15,2,0,2,0,1,0,1,0,6,0,0,6,12,0,3,9
S01006966,602,99,274,229,586,94,266,226,16,5,8,3,1,1,0,0,1,1,0,0,2,0,1,1,12,3,7,2
S01006967,629,18,220,391,615,17,214,384,14,1,6,7,0,0,0,0,0,0,0,0,4,0,1,3,10,1,5,4
S01006968,514,50,188,276,503,49,179,275,11,1,9,1,0,0,0,0,6,0,6,0,0,0,0,0,5,1,3,1
S01006969,889,88,381,420,847,83,352,412,42,5,29,8,3,1,2,0,17,3,12,2,5,0,5,0,17,1,10,6
S01006970,712,19,211,482,673,15,199,459,39,4,12,23,3,3,0,0,4,1,2,1,9,0,7,2,23,0,3,20
S01006971,510,92,203,215,498,92,197,209,12,0,6,6,0,0,0,0,3,0,3,0,1,0,0,1,8,0,3,5
S01006972,522,7,99,416,513,6,98,409,9,1,1,7,0,0,0,0,2,0,0,2,1,0,0,1,6,1,1,4
S01006973,522,29,141,352,504,29,134,341,18,0,7,11,1,0,0,1,0,0,0,0,5,0,4,1,12,0,3,9
S01006974,1037,29,274,734,972,23,258,691,65,6,16,43,3,0,0,3,3,0,0,3,9,1,5,3,50,5,11,34
S01006975,951,32,225,694,907,25,212,670,44,7,13,24,3,2,1,0,14,5,5,4,6,0,1,5,21,0,6,15
S01006976,446,4,80,362,425,3,77,345,21,1,3,17,1,0,0,1,1,0,0,1,3,0,1,2,16,1,2,13
S01006977,823,15,246,562,792,15,236,541,31,0,10,21,2,0,2,0,11,0,4,7,5,0,1,4,13,0,3,10
S01006978,855,43,269,543,822,41,251,530,33,2,18,13,6,1,4,1,9,0,6,3,1,0,1,0,17,1,7,9
S01006979,842,64,264,514,816,62,256,498,26,2,8,16,3,0,0,3,1,0,1,0,4,0,1,3,18,2,6,10
S01006980,843,20,200,623,790,14,190,586,53,6,10,37,8,1,1,6,6,2,3,1,8,0,1,7,31,3,5,23
S01006981,798,27,193,578,764,25,184,555,34,2,9,23,6,0,1,5,8,0,2,6,8,1,3,4,12,1,3,8
S01006982,910,44,291,575,865,42,274,549,45,2,17,26,15,0,9,6,4,0,0,4,6,0,1,5,20,2,7,11
S01006983,743,30,230,483,716,30,223,463,27,0,7,20,2,0,0,2,3,0,1,2,1,0,0,1,21,0,6,15
S01006984,702,12,156,534,652,6,142,504,50,6,14,30,5,1,1,3,13,5,4,4,7,0,1,6,25,0,8,17
S01006985,1006,81,314,611,976,80,308,588,30,1,6,23,2,0,0,2,2,1,0,1,7,0,3,4,19,0,3,16
S01006986,646,26,218,402,607,26,205,376,39,0,13,26,0,0,0,0,8,0,5,3,8,0,1,7,23,0,7,16
S01006987,665,76,219,370,621,71,194,356,44,5,25,14,5,0,1,4,14,1,9,4,8,2,5,1,17,2,10,5
S01006988,612,11,159,442,584,11,155,418,28,0,4,24,2,0,1,1,3,0,1,2,8,0,0,8,15,0,2,13
S01006989,1026,15,165,846,979,13,156,810,47,2,9,36,4,2,0,2,7,0,3,4,3,0,0,3,33,0,6,27
S01006990,905,14,201,690,825,13,163,649,80,1,38,41,15,0,11,4,24,0,15,9,20,0,8,12,21,1,4,16
S01006991,443,67,197,179,426,63,194,169,17,4,3,10,4,3,0,1,3,0,0,3,1,0,0,1,9,1,3,5
S01006992,608,8,92,508,579,8,85,486,29,0,7,22,0,0,0,0,5,0,0,5,5,0,2,3,19,0,5,14
S01006993,535,13,127,395,511,13,117,381,24,0,10,14,1,0,0,1,3,0,3,0,2,0,2,0,18,0,5,13
S01006994,559,12,127,420,540,12,121,407,19,0,6,13,3,0,2,1,1,0,1,0,1,0,1,0,14,0,2,12
S01006995,859,7,242,610,825,6,231,588,34,1,11,22,0,0,0,0,7,0,3,4,2,0,1,1,25,1,7,17
S01006996,782,41,193,548,753,39,179,535,29,2,14,13,3,0,3,0,7,2,2,3,5,0,3,2,14,0,6,8
S01006997,786,24,131,631,731,22,122,587,55,2,9,44,4,1,0,3,5,0,2,3,14,0,1,13,32,1,6,25
S01006998,1091,34,315,742,1030,30,300,700,61,4,15,42,5,0,0,5,9,4,1,4,7,0,3,4,40,0,11,29
S01006999,848,4,186,658,813,4,177,632,35,0,9,26,3,0,0,3,5,0,4,1,3,0,2,1,24,0,3,21
S01007000,927,83,330,514,894,78,322,494,33,5,8,20,3,0,0,3,9,3,1,5,4,1,0,3,17,1,7,9
S01007001,906,68,352,486,874,67,340,467,32,1,12,19,2,0,1,1,7,0,1,6,4,0,1,3,19,1,9,9
S01007002,605,47,195,363,579,40,187,352,26,7,8,11,1,0,0,1,12,5,4,3,2,1,1,0,11,1,3,7
S01007003,524,17,117,390,510,14,116,380,14,3,1,10,2,2,0,0,0,0,0,0,4,0,0,4,8,1,1,6
S01007004,718,12,221,485,685,12,202,471,33,0,19,14,1,0,0,1,2,0,2,0,3,0,3,0,27,0,14,13
S01007005,904,7,230,667,875,7,220,648,29,0,10,19,0,0,0,0,4,0,3,1,6,0,1,5,19,0,6,13
S01007006,898,64,315,519,845,59,295,491,53,5,20,28,7,0,0,7,2,0,2,0,14,0,9,5,30,5,9,16
S01007007,848,16,245,587,803,13,239,551,45,3,6,36,1,1,0,0,11,1,0,10,9,1,3,5,24,0,3,21
S01007008,991,155,482,354,948,150,461,337,43,5,21,17,10,1,7,2,14,0,9,5,6,1,2,3,13,3,3,7
S01007009,1011,186,457,368,958,167,433,358,53,19,24,10,2,1,1,0,26,16,7,3,3,1,2,0,22,1,14,7
S01007010,781,108,398,275,751,103,380,268,30,5,18,7,1,0,1,0,6,0,6,0,6,1,2,3,17,4,9,4
S01007011,857,252,398,207,822,241,379,202,35,11,19,5,7,2,5,0,6,3,3,0,5,0,4,1,17,6,7,4
S01007012,707,211,357,139,687,205,346,136,20,6,11,3,1,0,0,1,2,0,2,0,1,0,1,0,16,6,8,2
S01007013,565,13,142,410,541,10,136,395,24,3,6,15,3,1,1,1,1,1,0,0,8,1,0,7,12,0,5,7
S01007014,996,20,312,664,949,13,295,641,47,7,17,23,1,0,0,1,10,5,5,0,6,0,2,4,30,2,10,18
S01007015,625,8,157,460,589,8,150,431,36,0,7,29,5,0,2,3,15,0,0,15,4,0,1,3,12,0,4,8
S01007016,592,10,133,449,557,10,115,432,35,0,18,17,11,0,11,0,3,0,1,2,6,0,3,3,15,0,3,12
S01007017,986,179,478,329,932,165,446,321,54,14,32,8,7,3,4,0,16,4,7,5,17,6,11,0,14,1,10,3
S01007018,990,72,451,467,944,65,426,453,46,7,25,14,4,0,1,3,15,6,7,2,10,1,7,2,17,0,10,7
S01007019,665,109,356,200,593,85,318,190,72,24,38,10,24,8,12,4,27,11,16,0,10,2,7,1,11,3,3,5
S01007020,768,151,332,285,687,138,280,269,81,13,52,16,28,11,15,2,26,1,20,5,17,0,14,3,10,1,3,6
S01007021,879,107,467,305,815,100,422,293,64,7,45,12,14,3,10,1,22,1,15,6,18,2,14,2,10,1,6,3
S01007022,498,49,191,258,479,49,179,251,19,0,12,7,3,0,3,0,4,0,4,0,2,0,2,0,10,0,3,7
S01007023,494,24,161,309,476,24,156,296,18,0,5,13,2,0,0,2,0,0,0,0,10,0,2,8,6,0,3,3
S01007024,1014,41,314,659,988,39,302,647,26,2,12,12,10,1,6,3,0,0,0,0,1,0,0,1,15,1,6,8
S01007025,854,141,389,324,822,137,379,306,32,4,10,18,2,0,2,0,12,2,5,5,6,0,0,6,12,2,3,7
S01007026,860,128,368,364,830,120,361,349,30,8,7,15,4,2,1,1,5,0,0,5,5,0,1,4,16,6,5,5
S01007027,1085,134,517,434,1042,128,484,430,43,6,33,4,8,0,8,0,6,1,5,0,16,1,14,1,13,4,6,3
S01007028,734,30,240,464,694,27,225,442,40,3,15,22,7,0,2,5,8,0,4,4,4,0,3,1,21,3,6,12
S01007029,560,11,136,413,545,10,133,402,15,1,3,11,1,0,1,0,0,0,0,0,2,0,0,2,12,1,2,9
S01007030,820,81,318,421,782,77,298,407,38,4,20,14,7,0,5,2,15,1,8,6,8,2,5,1,8,1,2,5
S01007031,630,60,240,330,590,56,224,310,40,4,16,20,3,0,0,3,7,0,4,3,10,0,7,3,20,4,5,11
S01007032,966,283,435,248,869,252,402,215,97,31,33,33,33,9,10,14,31,13,13,5,15,5,3,7,18,4,7,7
S01007033,740,156,376,208,716,150,362,204,24,6,14,4,2,2,0,0,4,2,2,0,9,1,4,4,9,1,8,0
S01007034,592,114,239,239,537,95,214,228,55,19,25,11,14,6,6,2,17,5,7,5,12,3,8,1,12,5,4,3
S01007035,786,234,355,197,719,221,320,178,67,13,35,19,3,0,0,3,24,4,17,3,23,5,12,6,17,4,6,7
S01007036,919,125,339,455,861,107,312,442,58,18,27,13,11,8,1,2,15,5,7,3,21,2,16,3,11,3,3,5
S01007037,1020,205,457,358,981,198,440,343,39,7,17,15,4,3,0,1,18,3,11,4,8,1,3,4,9,0,3,6
S01007038,755,128,354,273,659,117,306,236,96,11,48,37,19,6,6,7,45,2,28,15,17,1,8,8,15,2,6,7
S01007039,860,141,355,364,838,134,347,357,22,7,8,7,2,1,0,1,3,2,1,0,7,0,5,2,10,4,2,4
S01007040,647,108,325,214,623,102,312,209,24,6,13,5,2,1,1,0,3,1,2,0,14,3,7,4,5,1,3,1
S01007041,713,107,310,296,691,105,303,283,22,2,7,13,1,0,0,1,3,0,0,3,6,0,2,4,12,2,5,5
S01007042,737,80,226,431,716,79,222,415,21,1,4,16,9,0,1,8,2,0,2,0,0,0,0,0,10,1,1,8
S01007043,964,17,218,729,911,14,208,689,53,3,10,40,5,0,2,3,20,0,0,20,9,0,2,7,19,3,6,10
S01007044,667,55,244,368,641,53,237,351,26,2,7,17,2,0,1,1,5,1,3,1,10,0,0,10,9,1,3,5
S01007045,799,24,251,524,767,23,236,508,32,1,15,16,4,0,4,0,9,0,2,7,1,0,0,1,18,1,9,8
S01007046,574,26,211,337,554,25,197,332,20,1,14,5,2,0,2,0,9,1,4,4,1,0,1,0,8,0,7,1
S01007047,665,32,154,479,649,32,147,470,16,0,7,9,0,0,0,0,1,0,0,1,2,0,1,1,13,0,6,7
S01007048,879,29,222,628,847,25,218,604,32,4,4,24,1,0,0,1,8,0,0,8,1,0,0,1,22,4,4,14
S01007049,945,128,399,418,908,125,384,399,37,3,15,19,3,0,3,0,13,1,3,9,4,0,4,0,17,2,5,10
S01007050,641,54,238,349,606,54,222,330,35,0,16,19,3,0,1,2,17,0,9,8,4,0,1,3,11,0,5,6
S01007051,768,46,238,484,750,43,234,473,18,3,4,11,1,0,1,0,2,0,0,2,2,0,0,2,13,3,3,7
S01007052,573,21,162,390,564,20,157,387,9,1,5,3,1,0,1,0,1,1,0,0,2,0,2,0,5,0,2,3
S01007053,494,3,122,369,487,3,121,363,7,0,1,6,1,0,0,1,2,0,0,2,1,0,0,1,3,0,1,2
S01007054,957,112,376,469,931,107,371,453,26,5,5,16,1,0,0,1,7,3,1,3,2,0,0,2,16,2,4,10
S01007055,515,9,106,400,498,9,99,390,17,0,7,10,3,0,1,2,1,0,0,1,2,0,1,1,11,0,5,6
S01007056,614,13,182,419,584,13,169,402,30,0,13,17,2,0,2,0,1,0,1,0,7,0,4,3,20,0,6,14
S01007057,520,49,224,247,501,47,215,239,19,2,9,8,4,1,3,0,0,0,0,0,1,0,1,0,14,1,5,8
S01007058,576,103,266,207,569,101,263,205,7,2,3,2,0,0,0,0,1,0,1,0,1,0,1,0,5,2,1,2
S01007059,1020,74,446,500,988,68,429,491,32,6,17,9,2,2,0,0,6,1,4,1,4,0,1,3,20,3,12,5
S01007060,604,87,284,233,587,87,279,221,17,0,5,12,0,0,0,0,10,0,2,8,1,0,0,1,6,0,3,3
S01007061,930,12,172,746,897,11,166,720,33,1,6,26,2,0,0,2,3,0,0,3,5,0,0,5,23,1,6,16
S01007062,665,11,140,514,626,8,125,493,39,3,15,21,1,0,1,0,16,0,9,7,1,0,0,1,21,3,5,13
S01007063,670,35,230,405,648,34,226,388,22,1,4,17,1,0,1,0,1,0,0,1,2,0,0,2,18,1,3,14
S01007064,627,34,159,434,585,34,144,407,42,0,15,27,6,0,5,1,5,0,3,2,10,0,0,10,21,0,7,14
S01007065,578,38,176,364,549,36,166,347,29,2,10,17,1,0,1,0,2,0,1,1,9,1,4,4,17,1,4,12
S01007066,648,23,153,472,622,23,147,452,26,0,6,20,5,0,0,5,7,0,1,6,4,0,2,2,10,0,3,7
S01007067,553,21,222,310,539,21,217,301,14,0,5,9,0,0,0,0,2,0,0,2,3,0,0,3,9,0,5,4
S01007068,708,103,269,336,690,100,263,327,18,3,6,9,2,0,2,0,1,1,0,0,2,0,1,1,13,2,3,8
S01007069,845,102,354,389,796,98,325,373,49,4,29,16,8,0,4,4,11,0,8,3,4,0,4,0,26,4,13,9
S01007070,500,83,234,183,487,82,224,181,13,1,10,2,0,0,0,0,1,1,0,0,5,0,5,0,7,0,5,2
S01007071,821,77,293,451,791,76,280,435,30,1,13,16,4,0,4,0,5,0,1,4,5,1,2,2,16,0,6,10
S01007072,641,36,257,348,632,34,253,345,9,2,4,3,0,0,0,0,1,0,1,0,2,0,2,0,6,2,1,3
S01007073,913,63,374,476,895,62,370,463,18,1,4,13,2,0,2,0,4,1,1,2,5,0,0,5,7,0,1,6
S01007074,661,124,351,186,629,119,332,178,32,5,19,8,4,3,1,0,4,0,4,0,5,0,4,1,19,2,10,7
S01007075,727,139,370,218,684,134,338,212,43,5,32,6,25,3,22,0,7,0,2,5,4,1,2,1,7,1,6,0
S01007076,759,106,370,283,714,100,348,266,45,6,22,17,7,0,1,6,8,0,7,1,12,0,5,7,18,6,9,3
S01007077,674,83,347,244,655,80,333,242,19,3,14,2,0,0,0,0,5,1,4,0,2,1,1,0,12,1,9,2
S01007078,843,174,414,255,799,169,387,243,44,5,27,12,2,0,1,1,13,2,10,1,13,1,6,6,16,2,10,4
S01007079,978,253,402,323,908,237,370,301,70,16,32,22,21,4,12,5,23,5,15,3,12,2,3,7,14,5,2,7
S01007080,790,240,343,207,741,223,323,195,49,17,20,12,15,9,3,3,18,3,10,5,10,2,6,2,6,3,1,2
S01007081,951,260,399,292,820,241,323,256,131,19,76,36,29,8,16,5,63,4,42,17,20,6,7,7,19,1,11,7
S01007082,551,178,228,145,467,148,191,128,84,30,37,17,32,16,11,5,21,4,8,9,26,9,15,2,5,1,3,1
S01007083,904,304,481,119,777,282,384,111,127,22,97,8,53,9,41,3,44,6,36,2,19,5,12,2,11,2,8,1
S01007084,559,108,250,201,511,94,227,190,48,14,23,11,13,5,6,2,13,4,4,5,12,2,8,2,10,3,5,2
S01007085,770,216,329,225,627,157,264,206,143,59,65,19,52,27,21,4,39,24,9,6,34,6,26,2,18,2,9,7
S01007086,1118,488,463,167,824,390,294,140,294,98,169,27,99,45,50,4,122,29,81,12,56,19,31,6,17,5,7,5
S01007087,868,350,371,147,665,250,292,123,203,100,79,24,79,52,24,3,74,30,26,18,37,12,23,2,13,6,6,1
S01007088,535,238,244,53,449,202,203,44,86,36,41,9,21,14,7,0,34,8,22,4,25,11,11,3,6,3,1,2
S01007089,529,12,191,326,508,10,178,320,21,2,13,6,2,0,2,0,4,0,4,0,2,0,1,1,13,2,6,5
S01007090,540,35,283,222,502,28,267,207,38,7,16,15,11,4,2,5,14,0,8,6,3,0,1,2,10,3,5,2
S01007091,829,118,378,333,766,112,347,307,63,6,31,26,6,0,2,4,27,4,18,5,13,0,3,10,17,2,8,7
S01007092,624,128,295,201,607,120,291,196,17,8,4,5,2,1,1,0,11,6,2,3,1,1,0,0,3,0,1,2
S01007093,952,66,414,472,903,55,393,455,49,11,21,17,9,5,3,1,16,2,4,10,8,2,6,0,16,2,8,6
S01007094,893,62,349,482,855,59,328,468,38,3,21,14,9,0,7,2,2,0,0,2,12,0,8,4,15,3,6,6
S01007095,551,7,121,423,535,7,112,416,16,0,9,7,2,0,0,2,5,0,5,0,3,0,2,1,6,0,2,4
S01007096,837,39,265,533,809,38,254,517,28,1,11,16,2,0,1,1,2,0,1,1,5,0,1,4,19,1,8,10
S01007097,484,11,142,331,467,10,132,325,17,1,10,6,0,0,0,0,7,0,7,0,6,0,3,3,4,1,0,3
S01007098,807,7,221,579,782,7,217,558,25,0,4,21,4,0,0,4,0,0,0,0,7,0,1,6,14,0,3,11
S01007099,883,42,256,585,863,40,253,570,20,2,3,15,1,0,0,1,2,0,1,1,2,0,0,2,15,2,2,11
S01007100,722,28,222,472,703,28,217,458,19,0,5,14,2,0,1,1,4,0,0,4,1,0,1,0,12,0,3,9
S01007101,800,106,356,338,775,105,337,333,25,1,19,5,2,0,2,0,6,0,6,0,3,0,2,1,14,1,9,4
S01007102,697,21,180,496,684,21,177,486,13,0,3,10,0,0,0,0,0,0,0,0,3,0,0,3,10,0,3,7
S01007103,832,91,273,468,824,91,271,462,8,0,2,6,2,0,0,2,2,0,2,0,1,0,0,1,3,0,0,3
S01007104,486,22,145,319,460,16,138,306,26,6,7,13,7,1,1,5,9,3,2,4,5,1,2,2,5,1,2,2
S01007105,543,61,248,234,529,57,243,229,14,4,5,5,3,1,2,0,1,0,0,1,0,0,0,0,10,3,3,4
S01007106,713,94,300,319,695,92,289,314,18,2,11,5,7,0,6,1,1,0,1,0,2,0,2,0,8,2,2,4
S01007107,685,20,140,525,656,18,134,504,29,2,6,21,2,0,1,1,3,0,0,3,12,2,2,8,12,0,3,9
S01007108,577,27,134,416,565,24,130,411,12,3,4,5,2,0,2,0,1,0,1,0,2,2,0,0,7,1,1,5
S01007109,824,153,397,274,757,141,351,265,67,12,46,9,11,4,7,0,13,3,4,6,26,5,20,1,17,0,15,2
S01007110,796,111,289,396,744,101,262,381,52,10,27,15,4,0,1,3,19,5,10,4,20,4,12,4,9,1,4,4
S01007111,525,58,250,217,507,57,241,209,18,1,9,8,3,0,2,1,1,0,1,0,5,0,3,2,9,1,3,5
S01007112,540,23,217,300,520,23,201,296,20,0,16,4,4,0,4,0,11,0,10,1,3,0,1,2,2,0,1,1
S01007113,496,59,252,185,448,50,230,168,48,9,22,17,10,0,8,2,17,4,8,5,12,4,2,6,9,1,4,4
S01007114,888,116,447,325,854,108,426,320,34,8,21,5,18,4,14,0,3,0,3,0,3,2,1,0,10,2,3,5
S01007115,641,58,239,344,627,52,233,342,14,6,6,2,2,1,1,0,2,2,0,0,4,3,1,0,6,0,4,2
S01007116,1006,19,289,698,983,19,283,681,23,0,6,17,1,0,1,0,8,0,3,5,8,0,1,7,6,0,1,5
S01007117,471,18,165,288,462,10,165,287,9,8,0,1,0,0,0,0,6,6,0,0,2,2,0,0,1,0,0,1
S01007118,679,169,352,158,603,154,315,134,76,15,37,24,10,5,3,2,28,1,13,14,21,4,13,4,17,5,8,4
S01007119,812,186,426,200,778,173,405,200,34,13,21,0,12,7,5,0,17,5,12,0,2,0,2,0,3,1,2,0
S01007120,1078,320,516,242,931,261,453,217,147,59,63,25,55,29,25,1,52,15,25,12,26,11,9,6,14,4,4,6
S01007121,533,210,236,87,441,170,193,78,92,40,43,9,30,15,13,2,42,17,22,3,12,4,6,2,8,4,2,2
S01007122,594,134,257,203,543,116,241,186,51,18,16,17,10,6,2,2,16,7,6,3,11,3,7,1,14,2,1,11
S01007123,644,152,320,172,593,136,293,164,51,16,27,8,5,0,5,0,28,12,12,4,8,2,5,1,10,2,5,3
S01007124,913,123,481,309,847,121,451,275,66,2,30,34,16,0,8,8,25,0,11,14,14,0,9,5,11,2,2,7
S01007125,867,234,431,202,711,178,355,178,156,56,76,24,34,16,15,3,63,26,31,6,43,11,23,9,16,3,7,6
S01007126,919,332,361,226,657,257,233,167,262,75,128,59,50,16,16,18,122,27,72,23,82,30,35,17,8,2,5,1
S01007127,1007,379,447,181,652,240,271,141,355,139,176,40,110,43,58,9,125,46,68,11,96,42,42,12,24,8,8,8
S01007128,847,216,443,188,778,208,402,168,69,8,41,20,10,0,10,0,21,3,15,3,21,1,9,11,17,4,7,6
S01007129,956,31,205,720,895,26,188,681,61,5,17,39,1,0,1,0,1,0,0,1,17,4,5,8,42,1,11,30
S01007130,612,49,245,318,591,46,238,307,21,3,7,11,0,0,0,0,1,0,0,1,1,0,1,0,19,3,6,10
S01007131,775,62,257,456,746,52,248,446,29,10,9,10,1,0,0,1,7,5,2,0,9,4,4,1,12,1,3,8
S01007132,700,38,253,409,674,36,242,396,26,2,11,13,2,1,1,0,3,0,0,3,2,0,2,0,19,1,8,10
S01007133,674,18,190,466,655,15,183,457,19,3,7,9,2,2,0,0,2,0,2,0,3,0,1,2,12,1,4,7
S01007134,743,46,217,480,721,44,210,467,22,2,7,13,2,0,1,1,2,1,0,1,3,1,2,0,15,0,4,11
S01007135,558,11,130,417,530,10,124,396,28,1,6,21,2,1,0,1,2,0,2,0,0,0,0,0,24,0,4,20
S01007136,533,1,77,455,497,1,75,421,36,0,2,34,0,0,0,0,2,0,0,2,9,0,2,7,25,0,0,25
S01007137,751,8,170,573,709,8,153,548,42,0,17,25,7,0,6,1,5,0,0,5,10,0,2,8,20,0,9,11
S01007138,597,21,133,443,579,21,128,430,18,0,5,13,3,0,2,1,3,0,1,2,0,0,0,0,12,0,2,10
S01007139,776,25,229,522,753,25,219,509,23,0,10,13,5,0,5,0,5,0,0,5,5,0,3,2,8,0,2,6
S01007140,1022,41,322,659,978,39,310,629,44,2,12,30,6,0,0,6,6,1,4,1,11,0,4,7,21,1,4,16
S01007141,684,17,162,505,650,15,143,492,34,2,19,13,8,1,4,3,5,1,3,1,4,0,3,1,17,0,9,8
S01007142,566,10,113,443,535,9,105,421,31,1,8,22,0,0,0,0,7,0,0,7,7,0,3,4,17,1,5,11
S01007143,671,2,167,502,645,2,159,484,26,0,8,18,1,0,1,0,7,0,2,5,1,0,0,1,17,0,5,12
S01007144,589,34,190,365,532,19,164,349,57,15,26,16,14,7,7,0,17,4,7,6,9,1,5,3,17,3,7,7
S01007145,892,90,383,419,856,87,368,401,36,3,15,18,0,0,0,0,0,0,0,0,1,0,1,0,35,3,14,18
S01007146,759,115,344,300,741,111,337,293,18,4,7,7,0,0,0,0,5,0,2,3,4,0,4,0,9,4,1,4
S01007147,711,70,295,346,680,63,284,333,31,7,11,13,2,2,0,0,1,1,0,0,1,1,0,0,27,3,11,13
S01007148,538,16,185,337,502,15,166,321,36,1,19,16,11,0,7,4,0,0,0,0,3,0,3,0,22,1,9,12
S01007149,542,32,224,286,519,32,215,272,23,0,9,14,1,0,0,1,0,0,0,0,4,0,3,1,18,0,6,12
S01007150,700,73,315,312,668,70,302,296,32,3,13,16,0,0,0,0,0,0,0,0,7,0,3,4,25,3,10,12
S01007151,859,40,301,518,828,30,297,501,31,10,4,17,9,9,0,0,1,1,0,0,8,0,1,7,13,0,3,10
S01007152,543,45,223,275,528,44,213,271,15,1,10,4,2,0,2,0,4,0,2,2,0,0,0,0,9,1,6,2
S01007153,633,85,259,289,612,82,252,278,21,3,7,11,1,0,1,0,1,0,1,0,2,0,1,1,17,3,4,10
S01007154,776,215,347,214,744,209,328,207,32,6,19,7,2,0,0,2,3,0,2,1,3,1,2,0,24,5,15,4
S01007155,640,91,283,266,610,87,267,256,30,4,16,10,3,1,2,0,2,0,1,1,7,2,3,2,18,1,10,7
S01007156,722,66,297,359,703,64,294,345,19,2,3,14,2,0,0,2,0,0,0,0,1,0,0,1,16,2,3,11
S01007157,648,92,326,230,620,92,308,220,28,0,18,10,6,0,4,2,5,0,3,2,6,0,5,1,11,0,6,5
S01007158,939,67,392,480,906,64,374,468,33,3,18,12,2,0,2,0,6,0,5,1,7,2,4,1,18,1,7,10
S01007159,840,182,428,230,803,177,403,223,37,5,25,7,4,0,4,0,16,0,12,4,3,1,2,0,14,4,7,3
S01007160,826,171,387,268,806,170,376,260,20,1,11,8,0,0,0,0,0,0,0,0,3,0,2,1,17,1,9,7
S01007161,701,124,328,249,674,120,315,239,27,4,13,10,1,0,1,0,1,0,1,0,4,0,4,0,21,4,7,10
S01007162,523,140,268,115,501,136,255,110,22,4,13,5,3,0,3,0,5,1,4,0,4,0,1,3,10,3,5,2
S01007163,865,123,413,329,840,122,397,321,25,1,16,8,2,0,1,1,1,0,0,1,8,0,5,3,14,1,10,3
S01007164,558,79,235,244,541,74,232,235,17,5,3,9,0,0,0,0,0,0,0,0,3,0,1,2,14,5,2,7
S01007165,788,78,282,428,757,77,268,412,31,1,14,16,7,0,7,0,1,0,0,1,2,0,0,2,21,1,7,13
S01007166,707,85,332,290,672,82,315,275,35,3,17,15,3,0,0,3,1,0,0,1,5,1,3,1,26,2,14,10
S01007167,795,65,296,434,773,62,281,430,22,3,15,4,5,1,4,0,1,0,1,0,4,1,2,1,12,1,8,3
S01007168,965,55,378,532,934,54,366,514,31,1,12,18,0,0,0,0,5,0,2,3,5,0,0,5,21,1,10,10
S01007169,758,85,252,421,732,83,239,410,26,2,13,11,1,1,0,0,1,0,0,1,1,0,1,0,23,1,12,10
S01007170,648,25,184,439,623,24,171,428,25,1,13,11,1,0,1,0,6,0,3,3,1,0,1,0,17,1,8,8
S01007171,799,88,300,411,676,40,241,395,123,48,59,16,64,33,31,0,20,7,13,0,19,5,11,3,20,3,4,13
S01007172,792,17,272,503,756,15,255,486,36,2,17,17,2,0,2,0,8,1,6,1,5,0,3,2,21,1,6,14
S01007173,881,52,333,496,856,50,319,487,25,2,14,9,0,0,0,0,4,1,2,1,6,0,6,0,15,1,6,8
S01007174,851,125,281,445,821,116,274,431,30,9,7,14,5,3,1,1,3,1,2,0,9,2,0,7,13,3,4,6
S01007175,665,93,362,210,651,92,354,205,14,1,8,5,0,0,0,0,1,0,0,1,4,0,2,2,9,1,6,2
S01007176,708,99,361,248,684,94,351,239,24,5,10,9,5,4,1,0,5,0,3,2,4,1,2,1,10,0,4,6
S01007177,631,198,322,111,598,185,310,103,33,13,12,8,2,1,1,0,7,4,1,2,5,3,1,1,19,5,9,5
S01007178,1047,352,462,233,1006,341,438,227,41,11,24,6,7,0,5,2,9,5,3,1,8,2,6,0,17,4,10,3
S01007179,914,43,379,492,882,43,361,478,32,0,18,14,3,0,3,0,4,0,3,1,1,0,0,1,24,0,12,12
S01007180,750,90,332,328,722,90,312,320,28,0,20,8,1,0,1,0,6,0,4,2,9,0,6,3,12,0,9,3
S01007181,739,76,284,379,718,73,275,370,21,3,9,9,4,1,3,0,2,1,1,0,0,0,0,0,15,1,5,9
S01007182,1024,196,467,361,976,195,437,344,48,1,30,17,9,0,9,0,7,0,5,2,9,0,7,2,23,1,9,13
S01007183,1078,309,461,308,1032,290,440,302,46,19,21,6,7,3,4,0,14,7,7,0,6,2,3,1,19,7,7,5
S01007184,1039,366,485,188,977,347,447,183,62,19,38,5,17,1,15,1,21,7,13,1,11,7,4,0,13,4,6,3
S01007185,820,367,307,146,779,355,282,142,41,12,25,4,9,5,4,0,12,2,9,1,11,0,8,3,9,5,4,0
S01007186,593,284,205,104,540,259,184,97,53,25,21,7,24,11,13,0,11,8,2,1,8,3,2,3,10,3,4,3
S01007187,804,366,338,100,719,333,288,98,85,33,50,2,19,9,10,0,23,7,16,0,19,11,8,0,24,6,16,2
S01007188,602,201,242,159,544,179,216,149,58,22,26,10,9,5,3,1,30,11,15,4,5,0,3,2,14,6,5,3
S01007189,768,298,314,156,731,273,303,155,37,25,11,1,8,7,1,0,9,7,2,0,6,5,1,0,14,6,7,1
S01007190,815,128,396,291,791,127,386,278,24,1,10,13,7,0,5,2,1,0,0,1,5,0,1,4,11,1,4,6
S01007191,616,171,291,154,569,149,281,139,47,22,10,15,15,12,0,3,9,2,4,3,14,5,5,4,9,3,1,5
S01007192,612,164,341,107,596,160,332,104,16,4,9,3,0,0,0,0,2,0,2,0,0,0,0,0,14,4,7,3
S01007193,769,170,360,239,735,166,344,225,34,4,16,14,2,1,1,0,6,0,6,0,10,0,5,5,16,3,4,9
S01007194,641,280,280,81,604,267,259,78,37,13,21,3,10,5,5,0,9,3,6,0,7,1,6,0,11,4,4,3
S01007195,580,183,270,127,554,179,257,118,26,4,13,9,0,0,0,0,5,2,0,3,2,0,1,1,19,2,12,5
S01007196,768,201,367,200,745,196,359,190,23,5,8,10,3,0,3,0,7,3,0,4,3,0,1,2,10,2,4,4
S01007197,637,266,255,116,603,255,239,109,34,11,16,7,7,3,2,2,9,4,4,1,6,0,5,1,12,4,5,3
S01007198,532,217,221,94,512,207,213,92,20,10,8,2,3,1,2,0,2,1,1,0,8,5,3,0,7,3,2,2
S01007199,804,337,363,104,770,328,348,94,34,9,15,10,7,1,4,2,11,2,2,7,4,1,3,0,12,5,6,1
S01007200,849,182,437,230,831,175,430,226,18,7,7,4,6,4,2,0,2,1,1,0,1,1,0,0,9,1,4,4
S01007201,738,168,363,207,716,165,348,203,22,3,15,4,4,0,3,1,3,1,2,0,2,0,1,1,13,2,9,2
S01007202,735,194,346,195,719,193,340,186,16,1,6,9,1,0,1,0,2,0,1,1,3,0,2,1,10,1,2,7
S01007203,643,100,275,268,631,100,269,262,12,0,6,6,0,0,0,0,0,0,0,0,1,0,0,1,11,0,6,5
S01007204,956,55,370,531,907,55,357,495,49,0,13,36,10,0,4,6,5,0,0,5,5,0,1,4,29,0,8,21
S01007205,672,41,220,411,636,39,210,387,36,2,10,24,6,0,0,6,3,0,2,1,8,1,3,4,19,1,5,13
S01007206,392,94,170,128,380,88,168,124,12,6,2,4,0,0,0,0,4,4,0,0,3,1,0,2,5,1,2,2
S01007207,898,150,379,369,869,148,361,360,29,2,18,9,5,0,5,0,4,0,3,1,5,0,5,0,15,2,5,8
S01007208,990,425,413,152,920,398,380,142,70,27,33,10,8,3,5,0,19,8,9,2,14,3,9,2,29,13,10,6
S01007209,702,241,319,142,656,225,294,137,46,16,25,5,5,1,4,0,8,5,3,0,16,4,11,1,17,6,7,4
S01007210,779,294,302,183,750,284,288,178,29,10,14,5,5,0,5,0,8,5,3,0,4,1,2,1,12,4,4,4
S01007211,967,351,427,189,911,337,397,177,56,14,30,12,6,0,5,1,7,0,4,3,16,5,8,3,27,9,13,5
S01007212,546,107,286,153,511,102,268,141,35,5,18,12,6,0,3,3,7,0,7,0,8,4,3,1,14,1,5,8
S01007213,873,171,409,293,816,161,370,285,57,10,39,8,10,6,4,0,3,0,3,0,18,1,17,0,26,3,15,8
S01007214,726,305,321,100,684,293,300,91,42,12,21,9,6,1,4,1,10,1,9,0,5,2,2,1,21,8,6,7
S01007215,770,246,339,185,683,219,303,161,87,27,36,24,18,4,12,2,24,5,13,6,14,5,3,6,31,13,8,10
S01007216,694,92,329,273,671,91,323,257,23,1,6,16,3,0,2,1,0,0,0,0,5,1,2,2,15,0,2,13
S01007217,943,248,450,245,899,237,434,228,44,11,16,17,1,1,0,0,17,1,9,7,9,2,2,5,17,7,5,5
S01007218,876,39,426,411,842,37,411,394,34,2,15,17,4,0,3,1,3,0,3,0,7,0,0,7,20,2,9,9
S01007219,808,168,394,246,784,166,381,237,24,2,13,9,2,0,1,1,7,1,5,1,2,0,1,1,13,1,6,6
S01007220,701,166,346,189,685,163,337,185,16,3,9,4,0,0,0,0,3,0,3,0,3,0,1,2,10,3,5,2
S01007221,699,25,292,382,669,21,281,367,30,4,11,15,5,2,2,1,3,1,1,1,6,0,4,2,16,1,4,11
S01007222,806,109,331,366,779,108,315,356,27,1,16,10,1,0,1,0,9,0,6,3,3,0,3,0,14,1,6,7
S01007223,516,22,187,307,503,21,181,301,13,1,6,6,0,0,0,0,1,0,1,0,2,0,2,0,10,1,3,6
S01007224,615,83,225,307,587,77,216,294,28,6,9,13,1,0,1,0,3,1,1,1,5,1,2,2,19,4,5,10
S01007225,873,30,268,575,838,28,255,555,35,2,13,20,3,0,0,3,3,0,1,2,2,0,2,0,27,2,10,15
S01007226,797,27,227,543,760,24,214,522,37,3,13,21,9,0,3,6,5,0,5,0,9,0,3,6,14,3,2,9
S01007227,962,83,364,515,933,82,348,503,29,1,16,12,1,0,0,1,9,0,5,4,0,0,0,0,19,1,11,7
S01007228,648,30,186,432,620,30,177,413,28,0,9,19,0,0,0,0,6,0,4,2,2,0,1,1,20,0,4,16
S01007229,1102,35,300,767,1064,33,292,739,38,2,8,28,1,0,1,0,5,0,0,5,2,0,2,0,30,2,5,23
S01007230,742,203,373,166,632,167,309,156,110,36,64,10,22,14,6,2,58,13,40,5,17,5,12,0,13,4,6,3
S01007231,701,229,310,162,650,208,290,152,51,21,20,10,10,5,4,1,17,7,10,0,12,5,1,6,12,4,5,3
S01007232,726,252,344,130,670,245,307,118,56,7,37,12,2,0,2,0,14,5,6,3,22,1,15,6,18,1,14,3
S01007233,788,141,355,292,740,138,322,280,48,3,33,12,10,0,10,0,12,3,7,2,9,0,5,4,17,0,11,6
S01007234,613,123,275,215,584,121,261,202,29,2,14,13,1,0,1,0,6,0,0,6,10,0,7,3,12,2,6,4
S01007235,774,209,361,204,721,193,334,194,53,16,27,10,14,5,8,1,14,5,6,3,7,2,1,4,18,4,12,2
S01007236,619,109,331,179,595,106,313,176,24,3,18,3,2,0,2,0,9,1,7,1,4,0,4,0,9,2,5,2
S01007237,719,64,290,365,696,61,275,360,23,3,15,5,0,0,0,0,10,1,8,1,0,0,0,0,13,2,7,4
S01007238,915,123,450,342,877,114,440,323,38,9,10,19,2,0,0,2,23,5,8,10,1,0,1,0,12,4,1,7
S01007239,810,62,285,463,781,58,272,451,29,4,13,12,4,2,2,0,1,1,0,0,4,1,2,1,20,0,9,11
S01007240,539,15,161,363,510,13,152,345,29,2,9,18,3,0,3,0,4,2,2,0,9,0,1,8,13,0,3,10
S01007241,614,13,168,433,589,12,163,414,25,1,5,19,0,0,0,0,0,0,0,0,3,0,0,3,22,1,5,16
S01007242,999,102,353,544,966,98,340,528,33,4,13,16,9,0,4,5,3,0,3,0,2,2,0,0,19,2,6,11
S01007243,585,44,213,328,567,43,202,322,18,1,11,6,0,0,0,0,7,0,7,0,0,0,0,0,11,1,4,6
S01007244,717,36,230,451,689,34,223,432,28,2,7,19,3,1,0,2,1,0,0,1,3,1,0,2,21,0,7,14
S01007245,669,62,222,385,643,59,214,370,26,3,8,15,1,0,0,1,3,0,0,3,6,0,1,5,16,3,7,6
S01007246,564,26,192,346,553,25,189,339,11,1,3,7,0,0,0,0,1,0,0,1,2,0,0,2,8,1,3,4
S01007247,641,38,278,325,620,38,260,322,21,0,18,3,2,0,2,0,0,0,0,0,9,0,9,0,10,0,7,3
S01007248,763,26,269,468,740,26,262,452,23,0,7,16,0,0,0,0,1,0,1,0,1,0,1,0,21,0,5,16
S01007249,377,42,177,158,361,36,172,153,16,6,5,5,0,0,0,0,6,5,0,1,1,1,0,0,9,0,5,4
S01007250,822,150,432,240,786,143,408,235,36,7,24,5,10,3,5,2,5,2,3,0,4,0,4,0,17,2,12,3
S01007251,523,120,251,152,502,120,231,151,21,0,20,1,0,0,0,0,13,0,13,0,2,0,2,0,6,0,5,1
S01007252,798,118,328,352,776,115,312,349,22,3,16,3,0,0,0,0,8,2,6,0,3,0,3,0,11,1,7,3
S01007253,798,60,315,423,780,54,312,414,18,6,3,9,6,4,1,1,0,0,0,0,2,0,0,2,10,2,2,6
S01007254,793,206,364,223,734,190,327,217,59,16,37,6,19,2,17,0,20,9,11,0,4,1,3,0,16,4,6,6
S01007255,792,239,390,163,740,217,369,154,52,22,21,9,11,10,1,0,23,7,11,5,4,0,3,1,14,5,6,3
S01007256,799,236,375,188,737,216,346,175,62,20,29,13,18,6,11,1,19,5,7,7,6,0,4,2,19,9,7,3
S01007257,606,208,239,159,554,189,213,152,52,19,26,7,16,7,8,1,16,6,9,1,7,3,4,0,13,3,5,5
S01007258,870,200,381,289,812,182,348,282,58,18,33,7,22,8,13,1,12,4,8,0,6,1,4,1,18,5,8,5
S01007259,840,238,392,210,795,224,366,205,45,14,26,5,4,0,1,3,11,5,6,0,9,0,9,0,21,9,10,2
S01007260,884,306,369,209,849,300,349,200,35,6,20,9,2,0,2,0,10,2,7,1,10,1,5,4,13,3,6,4
S01007261,782,88,304,390,757,87,291,379,25,1,13,11,5,1,4,0,4,0,3,1,3,0,2,1,13,0,4,9
S01007262,712,147,368,197,686,137,356,193,26,10,12,4,4,2,2,0,4,2,2,0,3,2,1,0,15,4,7,4
S01007263,777,123,427,227,762,122,415,225,15,1,12,2,2,0,2,0,2,0,2,0,0,0,0,0,11,1,8,2
S01007264,744,118,271,355,730,114,266,350,14,4,5,5,0,0,0,0,4,2,2,0,0,0,0,0,10,2,3,5
S01007265,1059,260,507,292,1015,242,493,280,44,18,14,12,11,6,5,0,10,9,0,1,8,1,2,5,15,2,7,6
S01007266,678,88,269,321,654,87,255,312,24,1,14,9,5,0,5,0,2,0,2,0,4,0,2,2,13,1,5,7
S01007267,521,16,164,341,500,15,155,330,21,1,9,11,1,0,0,1,1,0,1,0,5,0,2,3,14,1,6,7
S01007268,594,17,163,414,575,15,158,402,19,2,5,12,1,0,1,0,1,1,0,0,2,1,1,0,15,0,3,12
S01007269,528,26,176,326,505,22,169,314,23,4,7,12,4,1,0,3,4,0,3,1,2,0,1,1,13,3,3,7
S01007270,457,29,146,282,438,24,139,275,19,5,7,7,3,3,0,0,3,0,1,2,5,1,2,2,8,1,4,3
S01007271,957,107,409,441,924,103,392,429,33,4,17,12,3,0,2,1,7,2,2,3,6,0,4,2,17,2,9,6
S01007272,864,233,388,243,841,228,378,235,23,5,10,8,2,1,0,1,2,0,0,2,5,1,3,1,14,3,7,4
S01007273,668,86,281,301,650,80,275,295,18,6,6,6,4,4,0,0,0,0,0,0,4,1,1,2,10,1,5,4
S01007274,826,191,355,280,775,178,326,271,51,13,29,9,3,0,3,0,8,1,6,1,11,1,9,1,29,11,11,7
S01007275,551,80,200,271,507,78,184,245,44,2,16,26,3,0,0,3,3,0,3,0,12,0,8,4,26,2,5,19
S01007276,850,117,380,353,822,110,372,340,28,7,8,13,3,0,2,1,5,3,2,0,6,0,2,4,14,4,2,8
S01007277,756,48,325,383,731,47,314,370,25,1,11,13,0,0,0,0,0,0,0,0,7,0,3,4,18,1,8,9
S01007278,542,21,202,319,532,20,199,313,10,1,3,6,0,0,0,0,0,0,0,0,2,0,0,2,8,1,3,4
S01007279,558,17,149,392,533,15,142,376,25,2,7,16,0,0,0,0,1,1,0,0,1,1,0,0,23,0,7,16
S01007280,568,18,158,392,546,18,150,378,22,0,8,14,5,0,5,0,0,0,0,0,1,0,0,1,16,0,3,13
S01007281,885,26,261,598,845,18,255,572,40,8,6,26,16,5,2,9,3,2,0,1,2,0,1,1,19,1,3,15
S01007282,538,22,174,342,513,17,162,334,25,5,12,8,1,0,0,1,10,4,6,0,5,0,3,2,9,1,3,5
S01007283,992,114,364,514,943,106,353,484,49,8,11,30,6,3,0,3,3,0,2,1,8,1,0,7,32,4,9,19
S01007284,841,59,343,439,822,58,334,430,19,1,9,9,1,0,1,0,1,0,0,1,1,0,1,0,16,1,7,8
S01007285,833,46,322,465,787,43,299,445,46,3,23,20,5,0,2,3,7,0,5,2,4,1,1,2,30,2,15,13
S01007286,939,143,472,324,891,134,451,306,48,9,21,18,3,1,2,0,6,0,4,2,15,3,6,6,24,5,9,10
S01007287,562,70,267,225,526,61,248,217,36,9,19,8,6,2,1,3,4,0,4,0,3,0,1,2,23,7,13,3
S01007288,534,24,245,265,507,21,227,259,27,3,18,6,2,0,2,0,1,1,0,0,5,0,4,1,19,2,12,5
S01007289,792,43,340,409,768,41,330,397,24,2,10,12,5,2,3,0,5,0,1,4,1,0,1,0,13,0,5,8
S01007290,786,175,352,259,741,166,324,251,45,9,28,8,6,3,3,0,16,1,15,0,9,1,4,4,14,4,6,4
S01007291,643,183,291,169,620,180,278,162,23,3,13,7,5,1,4,0,9,2,4,3,3,0,2,1,6,0,3,3
S01007292,771,71,334,366,747,62,327,358,24,9,7,8,3,2,1,0,6,5,0,1,0,0,0,0,15,2,6,7
S01007293,786,270,409,107,736,261,382,93,50,9,27,14,8,1,7,0,17,2,11,4,15,2,6,7,10,4,3,3
S01007294,865,161,401,303,836,158,386,292,29,3,15,11,3,1,0,2,3,0,3,0,5,0,2,3,18,2,10,6
S01007295,520,250,172,98,480,234,160,86,40,16,12,12,11,4,1,6,8,4,4,0,7,2,3,2,14,6,4,4
S01007296,544,183,271,90,507,173,249,85,37,10,22,5,4,0,4,0,12,2,10,0,7,2,4,1,14,6,4,4
S01007297,880,192,420,268,783,162,376,245,97,30,44,23,21,7,7,7,28,8,15,5,19,8,8,3,29,7,14,8
S01007298,532,81,245,206,505,68,234,203,27,13,11,3,7,7,0,0,3,1,2,0,10,1,8,1,7,4,1,2
S01007299,785,202,372,211,705,185,330,190,80,17,42,21,18,8,7,3,21,6,10,5,20,2,13,5,21,1,12,8
S01007300,464,175,200,89,443,169,188,86,21,6,12,3,2,2,0,0,5,1,4,0,5,0,5,0,9,3,3,3
S01007301,723,36,252,435,668,31,226,411,55,5,26,24,13,0,4,9,4,0,4,0,9,0,8,1,29,5,10,14
S01007302,625,120,291,214,609,118,284,207,16,2,7,7,1,0,0,1,3,0,3,0,2,0,2,0,10,2,2,6
S01007303,868,59,290,519,814,47,269,498,54,12,21,21,16,7,8,1,5,1,1,3,6,1,5,0,27,3,7,17
S01007304,684,36,248,400,636,34,236,366,48,2,12,34,3,2,1,0,6,0,0,6,7,0,1,6,32,0,10,22
S01007305,736,38,262,436,696,38,239,419,40,0,23,17,5,0,4,1,0,0,0,0,9,0,6,3,26,0,13,13
S01007306,756,56,303,397,730,54,288,388,26,2,15,9,2,0,2,0,5,0,5,0,4,0,4,0,15,2,4,9
S01007307,782,24,262,496,745,23,251,471,37,1,11,25,1,0,1,0,6,0,4,2,5,0,1,4,25,1,5,19
S01007308,749,49,305,395,703,39,286,378,46,10,19,17,5,1,4,0,12,4,6,2,6,0,4,2,23,5,5,13
S01007309,609,34,196,379,571,31,185,355,38,3,11,24,2,0,0,2,6,0,2,4,6,2,2,2,24,1,7,16
S01007310,808,67,342,399,772,66,321,385,36,1,21,14,4,1,3,0,4,0,3,1,5,0,3,2,23,0,12,11
S01007311,734,86,306,342,697,74,295,328,37,12,11,14,8,4,3,1,2,2,0,0,9,4,4,1,18,2,4,12
S01007312,770,63,338,369,739,62,317,360,31,1,21,9,1,0,1,0,5,0,4,1,9,0,6,3,16,1,10,5
S01007313,965,53,345,567,918,51,325,542,47,2,20,25,2,0,0,2,2,0,0,2,10,0,4,6,33,2,16,15
S01007314,635,42,208,385,603,42,194,367,32,0,14,18,4,0,0,4,4,0,3,1,8,0,1,7,16,0,10,6
S01007315,937,128,438,371,908,121,426,361,29,7,12,10,6,5,0,1,3,0,1,2,6,2,1,3,14,0,10,4
S01007316,861,195,375,291,840,189,364,287,21,6,11,4,3,2,1,0,4,3,1,0,1,0,1,0,13,1,8,4
S01007317,639,71,303,265,605,71,284,250,34,0,19,15,5,0,4,1,3,0,3,0,16,0,9,7,10,0,3,7
S01007318,607,77,244,286,585,72,236,277,22,5,8,9,0,0,0,0,2,0,1,1,9,1,6,2,11,4,1,6
S01007319,725,100,278,347,691,93,265,333,34,7,13,14,2,0,1,1,9,0,3,6,5,1,2,2,18,6,7,5
S01007320,743,25,267,451,690,20,238,432,53,5,29,19,4,0,1,3,9,3,6,0,10,2,7,1,30,0,15,15
S01007321,586,28,202,356,560,27,188,345,26,1,14,11,0,0,0,0,4,0,1,3,0,0,0,0,22,1,13,8
S01007322,730,117,346,267,701,116,330,255,29,1,16,12,4,0,4,0,2,1,1,0,9,0,4,5,14,0,7,7
S01007323,448,72,201,175,428,71,187,170,20,1,14,5,0,0,0,0,6,0,6,0,2,0,1,1,12,1,7,4
S01007324,323,38,144,141,300,35,132,133,23,3,12,8,4,2,2,0,2,0,2,0,4,0,3,1,13,1,5,7
S01007325,828,77,389,362,784,74,361,349,44,3,28,13,9,0,9,0,6,1,5,0,9,1,6,2,20,1,8,11
S01007326,762,46,290,426,752,43,286,423,10,3,4,3,1,1,0,0,1,0,1,0,0,0,0,0,8,2,3,3
S01007327,763,133,374,256,738,130,360,248,25,3,14,8,4,0,3,1,3,0,2,1,2,0,0,2,16,3,9,4
S01007328,846,173,396,277,817,162,383,272,29,11,13,5,12,3,8,1,5,4,0,1,2,1,0,1,10,3,5,2
S01007329,702,62,244,396,671,57,231,383,31,5,13,13,3,0,3,0,5,2,2,1,5,2,1,2,18,1,7,10
S01007330,766,73,347,346,743,72,334,337,23,1,13,9,1,0,0,1,2,0,2,0,7,1,3,3,13,0,8,5
S01007331,986,87,382,517,948,84,361,503,38,3,21,14,5,0,4,1,8,0,4,4,5,0,3,2,20,3,10,7
S01007332,505,22,177,306,492,22,170,300,13,0,7,6,0,0,0,0,0,0,0,0,1,0,1,0,12,0,6,6
S01007333,781,110,358,313,758,106,343,309,23,4,15,4,1,0,1,0,1,0,0,1,0,0,0,0,21,4,14,3
S01007334,750,298,350,102,719,290,329,100,31,8,21,2,2,2,0,0,5,2,3,0,14,1,12,1,10,3,6,1
S01007335,810,267,375,168,796,261,368,167,14,6,7,1,0,0,0,0,3,2,1,0,2,1,1,0,9,3,5,1
S01007336,500,201,223,76,468,189,206,73,32,12,17,3,2,2,0,0,8,1,5,2,5,3,2,0,17,6,10,1
S01007337,654,238,280,136,639,232,273,134,15,6,7,2,2,2,0,0,2,1,1,0,2,0,2,0,9,3,4,2
S01007338,752,123,376,253,737,118,370,249,15,5,6,4,0,0,0,0,0,0,0,0,2,0,0,2,13,5,6,2
S01007339,610,97,268,245,598,92,262,244,12,5,6,1,1,0,1,0,0,0,0,0,4,1,3,0,7,4,2,1
S01007340,470,146,216,108,457,143,206,108,13,3,10,0,0,0,0,0,1,0,1,0,1,0,1,0,11,3,8,0
S01007341,730,146,359,225,711,143,349,219,19,3,10,6,2,2,0,0,0,0,0,0,4,0,3,1,13,1,7,5
S01007342,797,44,338,415,764,43,324,397,33,1,14,18,4,0,3,1,2,0,0,2,5,0,3,2,22,1,8,13
S01007343,649,61,260,328,625,58,252,315,24,3,8,13,3,0,2,1,1,0,1,0,3,2,0,1,17,1,5,11
S01007344,438,130,217,91,417,121,208,88,21,9,9,3,5,3,1,1,1,1,0,0,1,0,1,0,14,5,7,2
S01007345,595,288,234,73,585,284,229,72,10,4,5,1,0,0,0,0,0,0,0,0,3,0,2,1,7,4,3,0
S01007346,533,306,178,49,513,297,168,48,20,9,10,1,4,2,2,0,7,2,5,0,2,1,1,0,7,4,2,1
S01007347,601,236,257,108,588,231,250,107,13,5,7,1,0,0,0,0,1,1,0,0,0,0,0,0,12,4,7,1
S01007348,600,218,269,113,590,215,264,111,10,3,5,2,1,1,0,0,2,0,2,0,0,0,0,0,7,2,3,2
S01007349,457,170,178,109,445,167,171,107,12,3,7,2,4,0,4,0,0,0,0,0,2,0,0,2,6,3,3,0
S01007350,553,224,203,126,526,218,196,112,27,6,7,14,9,0,0,9,7,2,1,4,1,0,1,0,10,4,5,1
S01007351,650,81,320,249,615,76,302,237,35,5,18,12,1,0,0,1,2,0,1,1,2,1,1,0,30,4,16,10
S01007352,488,23,196,269,444,16,166,262,44,7,30,7,10,3,7,0,8,0,8,0,8,3,5,0,18,1,10,7
S01007353,642,50,274,318,610,48,252,310,32,2,22,8,2,0,1,1,5,1,4,0,8,0,6,2,17,1,11,5
S01007354,786,98,391,297,756,93,374,289,30,5,17,8,1,0,1,0,3,0,3,0,6,0,5,1,20,5,8,7
S01007355,916,69,378,469,866,59,353,454,50,10,25,15,5,5,0,0,7,1,5,1,3,0,0,3,35,4,20,11
S01007356,714,79,352,283,679,75,334,270,35,4,18,13,0,0,0,0,0,0,0,0,2,0,1,1,33,4,17,12
S01007357,793,66,314,413,739,59,290,390,54,7,24,23,1,0,1,0,6,1,3,2,7,2,2,3,40,4,18,18
S01007358,843,49,319,475,814,45,306,463,29,4,13,12,3,1,0,2,0,0,0,0,4,0,4,0,22,3,9,10
S01007359,823,132,431,260,789,128,411,250,34,4,20,10,0,0,0,0,2,0,1,1,7,1,3,3,25,3,16,6
S01007360,494,55,217,222,459,50,203,206,35,5,14,16,5,4,0,1,2,0,2,0,5,0,2,3,23,1,10,12
S01007361,983,168,442,373,938,156,416,366,45,12,26,7,2,0,2,0,9,1,8,0,7,0,7,0,27,11,9,7
S01007362,729,105,383,241,696,88,370,238,33,17,13,3,5,2,3,0,10,9,0,1,1,0,1,0,17,6,9,2
S01007363,679,143,301,235,645,140,277,228,34,3,24,7,2,0,2,0,2,0,2,0,3,0,3,0,27,3,17,7
S01007364,897,339,400,158,869,330,383,156,28,9,17,2,3,0,3,0,7,3,4,0,1,0,1,0,17,6,9,2
S01007365,467,86,230,151,458,84,224,150,9,2,6,1,3,0,2,1,2,0,2,0,0,0,0,0,4,2,2,0
S01007366,465,216,178,71,447,207,170,70,18,9,8,1,0,0,0,0,2,2,0,0,5,3,2,0,11,4,6,1
S01007367,556,175,236,145,519,165,219,135,37,10,17,10,1,1,0,0,11,1,7,3,9,2,4,3,16,6,6,4
S01007368,541,205,222,114,516,196,211,109,25,9,11,5,5,2,2,1,4,1,3,0,3,2,0,1,13,4,6,3
S01007369,786,211,378,197,751,199,361,191,35,12,17,6,1,0,1,0,8,2,4,2,9,4,1,4,17,6,11,0
S01007370,738,236,318,184,698,216,306,176,40,20,12,8,3,0,3,0,11,9,1,1,6,5,1,0,20,6,7,7
S01007371,716,132,354,230,683,124,334,225,33,8,20,5,5,0,5,0,6,4,2,0,3,2,1,0,19,2,12,5
S01007372,814,82,427,305,771,75,398,298,43,7,29,7,3,3,0,0,8,0,8,0,7,0,7,0,25,4,14,7
S01007373,605,33,256,316,585,33,247,305,20,0,9,11,0,0,0,0,1,0,0,1,1,0,0,1,18,0,9,9
S01007374,531,42,206,283,514,40,199,275,17,2,7,8,0,0,0,0,2,0,0,2,1,1,0,0,14,1,7,6
S01007375,464,33,163,268,438,30,150,258,26,3,13,10,2,0,1,1,0,0,0,0,2,0,2,0,22,3,10,9
S01007376,844,195,341,308,818,191,330,297,26,4,11,11,2,1,0,1,3,0,2,1,2,0,1,1,19,3,8,8
S01007377,664,32,248,384,628,28,234,366,36,4,14,18,0,0,0,0,3,1,2,0,1,0,1,0,32,3,11,18
S01007378,548,25,190,333,508,23,171,314,40,2,19,19,3,0,1,2,3,0,3,0,11,0,8,3,23,2,7,14
S01007379,484,112,234,138,469,105,229,135,15,7,5,3,1,0,0,1,1,0,0,1,1,0,0,1,12,7,5,0
S01007380,581,85,290,206,564,84,282,198,17,1,8,8,5,0,3,2,0,0,0,0,5,0,2,3,7,1,3,3
S01007381,470,19,138,313,431,17,120,294,39,2,18,19,8,0,6,2,7,0,7,0,4,0,2,2,20,2,3,15
S01007382,650,23,267,360,629,23,258,348,21,0,9,12,0,0,0,0,1,0,1,0,2,0,0,2,18,0,8,10
S01007383,749,56,313,380,710,54,301,355,39,2,12,25,6,0,0,6,2,0,0,2,2,0,0,2,29,2,12,15
S01007384,793,76,383,334,749,72,356,321,44,4,27,13,3,0,1,2,4,0,3,1,7,1,6,0,30,3,17,10
S01007385,826,142,341,343,789,129,329,331,37,13,12,12,0,0,0,0,7,7,0,0,2,0,0,2,28,6,12,10
S01007386,806,33,242,531,766,26,228,512,40,7,14,19,0,0,0,0,5,4,1,0,8,1,2,5,27,2,11,14
S01007387,778,9,230,539,738,7,220,511,40,2,10,28,0,0,0,0,9,0,3,6,3,0,0,3,28,2,7,19
S01007388,680,27,233,420,658,26,223,409,22,1,10,11,0,0,0,0,2,0,1,1,3,0,2,1,17,1,7,9
S01007389,585,110,314,161,545,101,292,152,40,9,22,9,9,3,2,4,8,3,5,0,8,0,8,0,15,3,7,5
S01007390,571,102,282,187,544,101,268,175,27,1,14,12,2,0,2,0,4,0,2,2,2,0,2,0,19,1,8,10
S01007391,572,14,209,349,546,9,199,338,26,5,10,11,5,5,0,0,0,0,0,0,1,0,0,1,20,0,10,10
S01007392,450,14,170,266,432,14,161,257,18,0,9,9,0,0,0,0,0,0,0,0,4,0,4,0,14,0,5,9
S01007393,653,104,238,311,607,95,223,289,46,9,15,22,3,0,2,1,4,1,1,2,19,4,4,11,20,4,8,8
S01007394,640,105,275,260,598,89,265,244,42,16,10,16,6,5,1,0,6,1,0,5,4,2,1,1,26,8,8,10
S01007395,785,309,357,119,749,295,342,112,36,14,15,7,4,1,3,0,6,2,0,4,3,2,1,0,23,9,11,3
S01007396,783,269,367,147,732,257,340,135,51,12,27,12,0,0,0,0,19,0,16,3,6,0,3,3,26,12,8,6
S01007397,937,127,397,413,875,118,373,384,62,9,24,29,5,2,0,3,6,0,5,1,13,0,6,7,38,7,13,18
S01007398,703,249,288,166,683,243,278,162,20,6,10,4,2,0,2,0,2,0,1,1,5,4,1,0,11,2,6,3
S01007399,642,304,251,87,623,301,236,86,19,3,15,1,0,0,0,0,4,1,3,0,6,0,6,0,9,2,6,1
S01007400,699,120,304,275,649,115,281,253,50,5,23,22,9,1,4,4,6,0,6,0,8,0,5,3,27,4,8,15
S01007401,676,68,328,280,636,63,308,265,40,5,20,15,1,0,1,0,6,2,3,1,10,3,5,2,23,0,11,12
S01007402,610,50,230,330,586,47,220,319,24,3,10,11,3,0,2,1,3,1,0,2,2,0,2,0,16,2,6,8
S01007403,825,54,374,397,797,47,367,383,28,7,7,14,2,2,0,0,4,2,1,1,3,2,1,0,19,1,5,13
S01007404,426,18,164,244,405,17,153,235,21,1,11,9,3,0,3,0,0,0,0,0,5,1,4,0,13,0,4,9
S01007405,665,23,188,454,639,22,182,435,26,1,6,19,1,0,0,1,0,0,0,0,2,0,0,2,23,1,6,16
S01007406,603,19,209,375,567,19,192,356,36,0,17,19,1,0,0,1,3,0,1,2,7,0,5,2,25,0,11,14
S01007407,722,57,279,386,696,56,270,370,26,1,9,16,0,0,0,0,1,0,0,1,7,0,1,6,18,1,8,9
S01007408,596,75,254,267,576,75,241,260,20,0,13,7,2,0,1,1,1,0,1,0,1,0,1,0,16,0,10,6
S01007409,669,90,230,349,661,88,226,347,8,2,4,2,0,0,0,0,0,0,0,0,2,1,1,0,6,1,3,2
S01007410,703,193,317,193,664,185,301,178,39,8,16,15,3,1,0,2,16,1,9,6,6,1,3,2,14,5,4,5
S01007411,895,321,336,238,864,307,324,233,31,14,12,5,1,0,1,0,12,6,4,2,2,1,1,0,16,7,6,3
S01007412,478,104,215,159,469,103,211,155,9,1,4,4,2,0,2,0,1,0,0,1,1,0,1,0,5,1,1,3
S01007413,910,59,315,536,878,59,300,519,32,0,15,17,9,0,7,2,2,0,0,2,6,0,2,4,15,0,6,9
S01007414,694,13,180,501,666,13,169,484,28,0,11,17,2,0,2,0,5,0,2,3,2,0,0,2,19,0,7,12
S01007415,853,198,406,249,832,190,397,245,21,8,9,4,0,0,0,0,8,2,6,0,6,2,1,3,7,4,2,1
S01007416,595,179,250,166,574,178,241,155,21,1,9,11,3,0,1,2,14,1,7,6,1,0,1,0,3,0,0,3
S01007417,992,35,339,618,933,28,321,584,59,7,18,34,0,0,0,0,10,0,5,5,8,1,4,3,41,6,9,26
S01007418,654,132,347,175,631,130,328,173,23,2,19,2,4,0,4,0,5,0,5,0,3,0,3,0,11,2,7,2
S01007419,865,223,403,239,812,210,389,213,53,13,14,26,0,0,0,0,18,6,3,9,14,3,3,8,21,4,8,9
S01007420,794,30,226,538,756,28,212,516,38,2,14,22,1,0,1,0,13,1,7,5,7,0,2,5,17,1,4,12
S01007421,663,57,231,375,646,54,223,369,17,3,8,6,0,0,0,0,1,0,1,0,0,0,0,0,16,3,7,6
S01007422,550,61,260,229,516,58,237,221,34,3,23,8,1,0,1,0,7,0,5,2,10,3,6,1,16,0,11,5
S01007423,764,76,289,399,742,75,277,390,22,1,12,9,3,1,1,1,4,0,4,0,4,0,3,1,11,0,4,7
S01007424,787,42,310,435,767,41,299,427,20,1,11,8,2,0,2,0,0,0,0,0,0,0,0,0,18,1,9,8
S01007425,872,88,317,467,850,88,302,460,22,0,15,7,3,0,3,0,6,0,6,0,1,0,1,0,12,0,5,7
S01007426,658,167,290,201,613,161,268,184,45,6,22,17,20,4,7,9,4,0,2,2,8,1,6,1,13,1,7,5
S01007427,642,151,290,201,628,145,283,200,14,6,7,1,0,0,0,0,2,2,0,0,3,1,2,0,9,3,5,1
S01007428,887,203,416,268,855,196,395,264,32,7,21,4,4,3,1,0,9,0,9,0,6,0,5,1,13,4,6,3
S01007429,715,97,296,322,691,95,281,315,24,2,15,7,2,0,2,0,4,0,4,0,6,0,6,0,12,2,3,7
S01007430,442,58,163,221,425,56,154,215,17,2,9,6,2,1,1,0,3,0,3,0,4,0,2,2,8,1,3,4
S01007431,554,26,151,377,545,25,149,371,9,1,2,6,0,0,0,0,1,0,0,1,1,1,0,0,7,0,2,5
S01007432,782,103,308,371,762,102,297,363,20,1,11,8,0,0,0,0,0,0,0,0,6,0,4,2,14,1,7,6
S01007433,798,102,277,419,780,99,275,406,18,3,2,13,1,0,1,0,2,1,0,1,5,0,0,5,10,2,1,7
S01007434,496,142,243,111,483,139,235,109,13,3,8,2,1,0,1,0,3,0,3,0,2,1,1,0,7,2,3,2
S01007435,668,100,293,275,634,93,284,257,34,7,9,18,1,0,1,0,18,4,1,13,2,1,1,0,13,2,6,5
S01007436,674,225,294,155,651,220,283,148,23,5,11,7,2,0,2,0,1,0,1,0,10,1,5,4,10,4,3,3
S01007437,440,129,171,140,417,123,165,129,23,6,6,11,1,0,0,1,5,3,0,2,2,0,0,2,15,3,6,6
S01007438,671,153,294,224,642,147,283,212,29,6,11,12,4,1,3,0,5,0,2,3,5,3,1,1,15,2,5,8
S01007439,686,105,324,257,659,103,319,237,27,2,5,20,5,1,0,4,4,0,2,2,5,0,1,4,13,1,2,10
S01007440,645,88,296,261,614,86,274,254,31,2,22,7,3,0,3,0,0,0,0,0,12,0,9,3,16,2,10,4
S01007441,551,12,208,331,530,12,197,321,21,0,11,10,1,0,1,0,0,0,0,0,3,0,3,0,17,0,7,10
S01007442,478,6,174,298,461,6,166,289,17,0,8,9,1,0,1,0,2,0,1,1,3,0,2,1,11,0,4,7
S01007443,856,75,268,513,796,74,240,482,60,1,28,31,8,0,5,3,7,0,2,5,5,0,4,1,40,1,17,22
S01007444,936,84,315,537,878,80,291,507,58,4,24,30,5,0,1,4,8,1,5,2,4,0,1,3,41,3,17,21
S01007445,625,22,188,415,593,22,175,396,32,0,13,19,0,0,0,0,0,0,0,0,6,0,1,5,26,0,12,14
S01007446,541,13,113,415,498,12,105,381,43,1,8,34,7,0,1,6,0,0,0,0,5,0,1,4,31,1,6,24
S01007447,485,8,146,331,456,7,136,313,29,1,10,18,0,0,0,0,4,0,0,4,3,0,2,1,22,1,8,13
S01007448,867,31,294,542,844,30,289,525,23,1,5,17,5,0,0,5,0,0,0,0,1,0,1,0,17,1,4,12
S01007449,980,189,407,384,956,181,402,373,24,8,5,11,8,3,3,2,9,3,1,5,2,0,0,2,5,2,1,2
S01007450,774,208,296,270,763,204,293,266,11,4,3,4,0,0,0,0,3,2,1,0,1,0,0,1,7,2,2,3
S01007451,623,85,238,300,608,83,233,292,15,2,5,8,0,0,0,0,0,0,0,0,2,0,1,1,13,2,4,7
S01007452,523,102,188,233,504,101,180,223,19,1,8,10,0,0,0,0,7,1,3,3,3,0,1,2,9,0,4,5
S01007453,635,14,137,484,591,13,128,450,44,1,9,34,2,1,0,1,11,0,0,11,10,0,3,7,21,0,6,15
S01007454,512,68,221,223,494,67,214,213,18,1,7,10,0,0,0,0,7,0,3,4,4,0,3,1,7,1,1,5
S01007455,846,260,335,251,812,254,316,242,34,6,19,9,4,2,2,0,12,1,9,2,6,0,5,1,12,3,3,6
S01007456,853,254,391,208,810,249,373,188,43,5,18,20,4,0,4,0,16,2,7,7,14,0,2,12,9,3,5,1
S01007457,1033,232,379,422,980,210,356,414,53,22,23,8,11,7,4,0,18,10,6,2,7,2,5,0,17,3,8,6
S01007458,523,32,192,299,510,31,190,289,13,1,2,10,0,0,0,0,0,0,0,0,6,0,0,6,7,1,2,4
S01007459,643,67,277,299,621,67,261,293,22,0,16,6,1,0,1,0,6,0,5,1,9,0,7,2,6,0,3,3
S01007460,717,145,320,252,697,143,308,246,20,2,12,6,2,0,2,0,8,0,8,0,0,0,0,0,10,2,2,6
S01007461,680,276,295,109,656,261,286,109,24,15,9,0,1,0,1,0,7,4,3,0,7,4,3,0,9,7,2,0
S01007462,774,173,327,274,729,167,309,253,45,6,18,21,1,0,0,1,26,3,11,12,9,1,3,5,9,2,4,3
S01007463,988,375,395,218,945,362,384,199,43,13,11,19,7,5,0,2,10,1,0,9,10,1,6,3,16,6,5,5
S01007464,686,264,293,129,643,253,271,119,43,11,22,10,2,0,2,0,20,3,13,4,9,4,1,4,12,4,6,2
S01007465,785,383,296,106,748,377,268,103,37,6,28,3,2,0,2,0,20,1,17,2,7,4,2,1,8,1,7,0
S01007466,984,452,394,138,907,432,345,130,77,20,49,8,20,8,12,0,21,0,16,5,14,4,8,2,22,8,13,1
S01007467,974,255,455,264,913,238,419,256,61,17,36,8,17,8,8,1,11,1,10,0,7,1,6,0,26,7,12,7
S01007468,714,47,314,353,686,46,303,337,28,1,11,16,3,0,0,3,5,0,4,1,2,0,1,1,18,1,6,11
S01007469,611,106,292,213,593,104,281,208,18,2,11,5,0,0,0,0,5,1,4,0,3,0,0,3,10,1,7,2
S01007470,699,218,293,188,642,207,268,167,57,11,25,21,6,4,0,2,23,1,7,15,10,1,8,1,18,5,10,3
S01007471,479,109,157,213,472,107,155,210,7,2,2,3,1,0,0,1,1,0,1,0,0,0,0,0,5,2,1,2
S01007472,554,155,241,158,537,153,233,151,17,2,8,7,1,0,1,0,4,0,3,1,2,0,1,1,10,2,3,5
S01007473,438,91,216,131,431,91,209,131,7,0,7,0,0,0,0,0,1,0,1,0,1,0,1,0,5,0,5,0
S01007474,535,37,142,356,525,35,137,353,10,2,5,3,0,0,0,0,2,2,0,0,1,0,0,1,7,0,5,2
S01007475,594,47,229,318,565,45,218,302,29,2,11,16,8,1,1,6,7,0,4,3,4,0,3,1,10,1,3,6
S01007476,651,88,263,300,630,88,248,294,21,0,15,6,0,0,0,0,2,0,1,1,4,0,3,1,15,0,11,4
S01007477,540,74,195,271,524,69,191,264,16,5,4,7,1,1,0,0,3,2,1,0,1,0,0,1,11,2,3,6
S01007478,901,152,380,369,861,140,370,351,40,12,10,18,0,0,0,0,14,6,4,4,7,1,0,6,19,5,6,8
S01007479,579,88,261,230,554,84,254,216,25,4,7,14,0,0,0,0,5,0,0,5,4,0,3,1,16,4,4,8
S01007480,776,78,328,370,737,68,310,359,39,10,18,11,1,0,0,1,12,5,7,0,14,4,6,4,12,1,5,6
S01007481,830,48,330,452,810,45,323,442,20,3,7,10,0,0,0,0,4,0,0,4,2,0,2,0,14,3,5,6
S01007482,478,134,219,125,469,129,215,125,9,5,4,0,2,2,0,0,0,0,0,0,1,0,1,0,6,3,3,0
S01007483,783,143,376,264,768,140,368,260,15,3,8,4,0,0,0,0,1,0,1,0,0,0,0,0,14,3,7,4
S01007484,548,170,217,161,528,163,209,156,20,7,8,5,2,2,0,0,5,3,2,0,1,0,1,0,12,2,5,5
S01007485,481,230,203,48,471,227,197,47,10,3,6,1,4,0,3,1,1,0,1,0,2,1,1,0,3,2,1,0
S01007486,540,292,179,69,534,289,177,68,6,3,2,1,0,0,0,0,0,0,0,0,0,0,0,0,6,3,2,1
S01007487,893,368,388,137,864,359,376,129,29,9,12,8,5,2,3,0,6,4,2,0,4,1,2,1,14,2,5,7
S01007488,1032,224,469,339,1004,215,457,332,28,9,12,7,4,2,2,0,5,4,1,0,4,0,2,2,15,3,7,5
S01007489,856,142,382,332,844,142,375,327,12,0,7,5,0,0,0,0,0,0,0,0,0,0,0,0,12,0,7,5
S01007490,883,252,413,218,865,248,407,210,18,4,6,8,4,0,0,4,0,0,0,0,4,2,2,0,10,2,4,4
S01007491,1127,281,536,310,1095,270,526,299,32,11,10,11,3,3,0,0,7,3,4,0,5,0,2,3,17,5,4,8
S01007492,679,136,341,202,666,135,334,197,13,1,7,5,0,0,0,0,1,0,1,0,0,0,0,0,12,1,6,5
S01007493,824,159,428,237,812,155,425,232,12,4,3,5,0,0,0,0,1,1,0,0,6,3,0,3,5,0,3,2
S01007494,533,59,191,283,522,57,189,276,11,2,2,7,0,0,0,0,2,0,0,2,2,0,0,2,7,2,2,3
S01007495,844,49,248,547,811,44,234,533,33,5,14,14,10,2,4,4,7,1,4,2,4,0,4,0,12,2,2,8
S01007496,1011,111,357,543,977,106,342,529,34,5,15,14,9,3,3,3,4,0,3,1,3,0,3,0,18,2,6,10
S01007497,596,65,215,316,581,63,212,306,15,2,3,10,0,0,0,0,1,0,0,1,4,0,2,2,10,2,1,7
S01007498,836,107,453,276,821,106,443,272,15,1,10,4,0,0,0,0,2,0,1,1,0,0,0,0,13,1,9,3
S01007499,842,79,312,451,821,76,304,441,21,3,8,10,4,2,1,1,1,1,0,0,0,0,0,0,16,0,7,9
S01007500,603,62,253,288,589,61,245,283,14,1,8,5,1,0,0,1,2,0,2,0,4,0,4,0,7,1,2,4
S01007501,678,59,293,326,654,57,279,318,24,2,14,8,1,0,1,0,5,0,5,0,0,0,0,0,18,2,8,8
S01007502,521,33,247,241,512,32,243,237,9,1,4,4,0,0,0,0,1,0,0,1,1,0,1,0,7,1,3,3
S01007503,1044,143,369,532,1009,135,359,515,35,8,10,17,7,5,0,2,9,0,4,5,4,0,2,2,15,3,4,8
S01007504,677,47,307,323,661,46,299,316,16,1,8,7,5,1,3,1,0,0,0,0,1,0,1,0,10,0,4,6
S01007505,429,27,158,244,415,23,154,238,14,4,4,6,1,1,0,0,1,0,1,0,3,0,0,3,9,3,3,3
S01007506,514,14,209,291,499,13,202,284,15,1,7,7,1,0,1,0,0,0,0,0,2,0,1,1,12,1,5,6
S01007507,921,145,435,341,894,140,420,334,27,5,15,7,2,0,1,1,0,0,0,0,2,0,1,1,23,5,13,5
S01007508,696,73,279,344,674,72,266,336,22,1,13,8,3,0,3,0,4,0,3,1,5,0,3,2,10,1,4,5
S01007509,626,40,218,368,611,38,210,363,15,2,8,5,1,0,0,1,0,0,0,0,1,0,0,1,13,2,8,3
S01007510,997,79,415,503,966,76,398,492,31,3,17,11,1,0,1,0,2,0,0,2,0,0,0,0,28,3,16,9
S01007511,829,185,419,225,803,181,402,220,26,4,17,5,4,2,2,0,10,0,8,2,2,0,1,1,10,2,6,2
S01007512,526,40,194,292,510,37,186,287,16,3,8,5,1,0,1,0,0,0,0,0,3,0,2,1,12,3,5,4
S01007513,1045,194,481,370,1009,188,466,355,36,6,15,15,3,0,1,2,12,2,7,3,5,1,3,1,16,3,4,9
S01007514,518,118,258,142,464,90,238,136,54,28,20,6,14,14,0,0,19,9,5,5,10,4,6,0,11,1,9,1
S01007515,563,68,220,275,539,64,211,264,24,4,9,11,7,3,2,2,0,0,0,0,3,1,2,0,14,0,5,9
S01007516,620,142,290,188,588,136,275,177,32,6,15,11,1,0,1,0,11,3,3,5,1,0,1,0,19,3,10,6
S01007517,423,66,192,165,415,64,187,164,8,2,5,1,0,0,0,0,0,0,0,0,0,0,0,0,8,2,5,1
S01007518,832,166,381,285,816,157,380,279,16,9,1,6,3,3,0,0,3,3,0,0,3,0,0,3,7,3,1,3
S01007519,433,17,195,221,416,17,186,213,17,0,9,8,2,0,0,2,0,0,0,0,4,0,2,2,11,0,7,4
S01007520,978,113,460,405,926,102,439,385,52,11,21,20,7,7,0,0,11,2,4,5,8,0,4,4,26,2,13,11
S01007521,443,20,151,272,422,20,140,262,21,0,11,10,2,0,0,2,1,0,0,1,3,0,2,1,15,0,9,6
S01007522,940,136,407,397,888,128,376,384,52,8,31,13,2,2,0,0,7,0,6,1,6,1,3,2,37,5,22,10
S01007523,540,41,168,331,513,38,157,318,27,3,11,13,2,0,2,0,1,0,1,0,6,0,3,3,18,3,5,10
S01007524,897,42,349,506,876,42,336,498,21,0,13,8,0,0,0,0,5,0,2,3,0,0,0,0,16,0,11,5
S01007525,504,69,262,173,487,63,255,169,17,6,7,4,0,0,0,0,2,1,1,0,1,1,0,0,14,4,6,4
S01007526,734,189,375,170,676,181,339,156,58,8,36,14,2,1,1,0,22,0,17,5,9,2,5,2,25,5,13,7
S01007527,787,95,406,286,764,92,398,274,23,3,8,12,0,0,0,0,1,0,0,1,1,0,0,1,21,3,8,10
S01007528,735,199,311,225,695,184,296,215,40,15,15,10,7,5,2,0,11,5,4,2,6,2,2,2,16,3,7,6
S01007529,663,46,300,317,634,45,280,309,29,1,20,8,2,0,1,1,3,0,3,0,7,0,6,1,17,1,10,6
S01007530,524,19,183,322,495,18,172,305,29,1,11,17,4,0,1,3,5,0,4,1,8,0,3,5,12,1,3,8
S01007531,690,50,265,375,658,46,251,361,32,4,14,14,2,0,0,2,3,0,2,1,10,0,8,2,17,4,4,9
S01007532,597,34,237,326,572,34,218,320,25,0,19,6,1,0,1,0,8,0,8,0,2,0,2,0,14,0,8,6
S01007533,533,15,173,345,512,13,166,333,21,2,7,12,0,0,0,0,2,0,1,1,3,0,3,0,16,2,3,11
S01007534,939,153,466,320,919,150,460,309,20,3,6,11,1,0,0,1,0,0,0,0,5,0,0,5,14,3,6,5
S01007535,1058,219,441,398,1030,209,432,389,28,10,9,9,1,1,0,0,1,0,1,0,10,3,0,7,16,6,8,2
S01007536,934,160,437,337,914,155,425,334,20,5,12,3,0,0,0,0,1,0,1,0,4,1,3,0,15,4,8,3
S01007537,1010,187,461,362,970,181,438,351,40,6,23,11,10,3,4,3,13,0,12,1,3,0,0,3,14,3,7,4
S01007538,892,30,310,552,868,28,301,539,24,2,9,13,1,0,0,1,3,0,1,2,3,0,1,2,17,2,7,8
S01007539,667,44,303,320,648,41,297,310,19,3,6,10,2,1,1,0,5,0,0,5,0,0,0,0,12,2,5,5
S01007540,837,185,386,266,822,183,379,260,15,2,7,6,1,0,1,0,2,0,2,0,4,0,0,4,8,2,4,2
S01007541,724,80,297,347,718,80,293,345,6,0,4,2,0,0,0,0,0,0,0,0,1,0,0,1,5,0,4,1
S01007542,866,195,386,285,840,193,370,277,26,2,16,8,3,0,3,0,3,0,1,2,3,1,0,2,17,1,12,4
S01007543,1078,236,465,377,1059,236,456,367,19,0,9,10,0,0,0,0,2,0,1,1,4,0,2,2,13,0,6,7
S01007544,1047,27,414,606,998,24,391,583,49,3,23,23,0,0,0,0,4,0,3,1,5,0,2,3,40,3,18,19
S01007545,808,45,276,487,788,43,272,473,20,2,4,14,0,0,0,0,1,1,0,0,0,0,0,0,19,1,4,14
S01007546,565,16,168,381,554,16,164,374,11,0,4,7,0,0,0,0,3,0,1,2,0,0,0,0,8,0,3,5
S01007547,549,21,153,375,514,18,141,355,35,3,12,20,3,0,3,0,2,0,0,2,4,0,2,2,26,3,7,16
S01007548,703,52,273,378,670,52,256,362,33,0,17,16,4,0,3,1,3,0,2,1,1,0,1,0,25,0,11,14
S01007549,620,62,241,317,597,61,233,303,23,1,8,14,4,0,4,0,0,0,0,0,3,0,0,3,16,1,4,11
S01007550,915,78,420,417,882,77,403,402,33,1,17,15,3,0,0,3,2,0,1,1,7,0,4,3,21,1,12,8
S01007551,856,19,309,528,813,18,290,505,43,1,19,23,1,0,0,1,4,0,1,3,5,0,3,2,33,1,15,17
S01007552,913,244,414,255,896,240,408,248,17,4,6,7,1,1,0,0,1,0,1,0,1,0,0,1,14,3,5,6
S01007553,885,241,443,201,877,239,438,200,8,2,5,1,0,0,0,0,1,0,1,0,0,0,0,0,7,2,4,1
S01007554,435,164,180,91,431,163,180,88,4,1,0,3,0,0,0,0,2,0,0,2,0,0,0,0,2,1,0,1
S01007555,509,65,175,269,495,64,169,262,14,1,6,7,0,0,0,0,1,0,1,0,2,0,1,1,11,1,4,6
S01007556,456,115,182,159,445,111,178,156,11,4,4,3,2,1,1,0,0,0,0,0,1,1,0,0,8,2,3,3
S01007557,1131,277,532,322,1118,276,526,316,13,1,6,6,0,0,0,0,3,0,0,3,1,0,1,0,9,1,5,3
S01007558,427,19,149,259,416,19,144,253,11,0,5,6,0,0,0,0,3,0,0,3,0,0,0,0,8,0,5,3
S01007559,734,41,260,433,710,39,255,416,24,2,5,17,3,0,2,1,0,0,0,0,3,1,1,1,18,1,2,15
S01007560,940,128,414,398,910,123,398,389,30,5,16,9,0,0,0,0,6,0,2,4,6,1,5,0,18,4,9,5
S01007561,687,125,335,227,666,123,322,221,21,2,13,6,0,0,0,0,3,0,2,1,1,0,1,0,17,2,10,5
S01007562,851,49,321,481,829,49,308,472,22,0,13,9,0,0,0,0,1,0,1,0,4,0,1,3,17,0,11,6
S01007563,889,74,353,462,848,70,333,445,41,4,20,17,7,1,4,2,0,0,0,0,4,1,2,1,30,2,14,14
S01007564,772,34,264,474,752,33,255,464,20,1,9,10,1,0,1,0,1,0,0,1,3,0,2,1,15,1,6,8
S01007565,943,63,340,540,920,62,329,529,23,1,11,11,0,0,0,0,1,0,1,0,2,0,2,0,20,1,8,11
S01007566,719,36,170,513,696,36,160,500,23,0,10,13,0,0,0,0,3,0,3,0,6,0,3,3,14,0,4,10
S01007567,588,15,140,433,579,15,138,426,9,0,2,7,0,0,0,0,2,0,1,1,4,0,0,4,3,0,1,2
S01007568,657,33,233,391,623,31,220,372,34,2,13,19,1,0,1,0,4,0,4,0,6,0,0,6,23,2,8,13
S01007569,781,51,309,421,748,48,288,412,33,3,21,9,1,0,1,0,7,0,7,0,10,1,8,1,15,2,5,8
S01007570,680,81,211,388,661,81,206,374,19,0,5,14,1,0,0,1,1,0,0,1,1,0,0,1,16,0,5,11
S01007571,539,20,150,369,521,18,140,363,18,2,10,6,1,0,0,1,0,0,0,0,2,0,1,1,15,2,9,4
S01007572,882,140,359,383,857,140,342,375,25,0,17,8,5,0,5,0,2,0,2,0,5,0,5,0,13,0,5,8
S01007573,895,31,355,509,851,27,331,493,44,4,24,16,3,0,3,0,14,0,12,2,10,0,3,7,17,4,6,7
S01007574,1023,273,506,244,1007,271,496,240,16,2,10,4,1,0,0,1,1,0,0,1,1,0,0,1,13,2,10,1
S01007575,854,375,339,140,829,367,334,128,25,8,5,12,2,1,1,0,5,1,1,3,5,2,0,3,13,4,3,6
S01007576,718,425,210,83,693,411,203,79,25,14,7,4,0,0,0,0,1,1,0,0,7,4,2,1,17,9,5,3
S01007577,688,346,253,89,673,340,245,88,15,6,8,1,1,0,1,0,2,1,0,1,1,0,1,0,11,5,6,0
S01007578,692,255,315,122,661,248,297,116,31,7,18,6,8,0,8,0,6,1,3,2,4,0,3,1,13,6,4,3
S01007579,663,236,281,146,642,228,271,143,21,8,10,3,0,0,0,0,2,0,2,0,3,2,1,0,16,6,7,3
S01007580,809,280,326,203,767,273,314,180,42,7,12,23,2,0,0,2,3,0,2,1,20,1,6,13,17,6,4,7
S01007581,509,131,211,167,500,130,203,167,9,1,8,0,0,0,0,0,3,0,3,0,0,0,0,0,6,1,5,0
S01007582,660,202,296,162,642,198,283,161,18,4,13,1,1,0,1,0,3,0,3,0,1,0,1,0,13,4,8,1
S01007583,1048,467,439,142,1014,459,419,136,34,8,20,6,2,1,1,0,10,1,9,0,7,3,4,0,15,3,6,6
S01007584,624,216,252,156,579,210,222,147,45,6,30,9,9,0,5,4,18,1,17,0,9,1,4,4,9,4,4,1
S01007585,906,128,431,347,870,123,413,334,36,5,18,13,5,0,4,1,2,1,1,0,5,0,0,5,24,4,13,7
S01007586,858,294,374,190,828,290,362,176,30,4,12,14,1,0,1,0,9,0,6,3,4,0,0,4,16,4,5,7
S01007587,623,114,254,255,598,110,240,248,25,4,14,7,5,0,3,2,3,0,1,2,3,1,2,0,14,3,8,3
S01007588,844,83,309,452,807,80,291,436,37,3,18,16,2,0,2,0,7,0,7,0,5,0,2,3,23,3,7,13
S01007589,751,150,363,238,689,143,329,217,62,7,34,21,9,0,8,1,23,5,12,6,7,1,4,2,23,1,10,12
S01007590,661,53,298,310,631,50,280,301,30,3,18,9,3,0,3,0,7,0,5,2,3,0,2,1,17,3,8,6
S01007591,574,87,258,229,531,83,234,214,43,4,24,15,7,1,2,4,18,0,11,7,10,2,6,2,8,1,5,2
S01007592,694,237,336,121,654,222,313,119,40,15,23,2,8,6,2,0,7,2,5,0,10,2,8,0,15,5,8,2
S01007593,1047,116,474,457,974,108,446,420,73,8,28,37,14,3,4,7,14,3,4,7,14,0,8,6,31,2,12,17
S01007594,799,49,294,456,772,46,283,443,27,3,11,13,0,0,0,0,3,0,1,2,5,0,4,1,19,3,6,10
S01007595,977,70,322,585,939,66,306,567,38,4,16,18,0,0,0,0,2,0,2,0,5,0,1,4,31,4,13,14
S01007596,550,60,236,254,521,59,215,247,29,1,21,7,2,0,2,0,2,0,1,1,9,0,7,2,16,1,11,4
S01007597,646,16,176,454,626,16,167,443,20,0,9,11,0,0,0,0,5,0,5,0,2,0,1,1,13,0,3,10
S01007598,627,44,194,389,607,36,191,380,20,8,3,9,11,8,0,3,0,0,0,0,0,0,0,0,9,0,3,6
S01007599,808,105,349,354,763,104,327,332,45,1,22,22,5,0,1,4,14,0,10,4,11,0,4,7,15,1,7,7
S01007600,1037,175,402,460,962,161,370,431,75,14,32,29,9,3,2,4,16,4,7,5,17,1,8,8,33,6,15,12
S01007601,631,65,294,272,611,62,284,265,20,3,10,7,0,0,0,0,6,0,4,2,5,0,4,1,9,3,2,4
S01007602,650,55,287,308,628,47,280,301,22,8,7,7,6,5,0,1,1,0,1,0,1,1,0,0,14,2,6,6
S01007603,778,32,250,496,758,32,245,481,20,0,5,15,0,0,0,0,2,0,0,2,3,0,0,3,15,0,5,10
S01007604,891,46,348,497,866,45,339,482,25,1,9,15,2,0,2,0,1,0,0,1,6,0,0,6,16,1,7,8
S01007605,828,42,358,428,808,42,354,412,20,0,4,16,1,0,0,1,2,0,0,2,5,0,2,3,12,0,2,10
S01007606,614,78,313,223,580,71,296,213,34,7,17,10,2,0,2,0,6,0,6,0,4,2,1,1,22,5,8,9
S01007607,702,45,291,366,681,43,279,359,21,2,12,7,4,0,4,0,4,2,2,0,4,0,2,2,9,0,4,5
S01007608,731,35,337,359,705,34,330,341,26,1,7,18,0,0,0,0,3,0,1,2,5,0,1,4,18,1,5,12
S01007609,917,245,446,226,878,235,425,218,39,10,21,8,2,1,1,0,6,1,5,0,7,0,5,2,24,8,10,6
S01007610,456,119,231,106,437,116,223,98,19,3,8,8,3,0,3,0,6,2,0,4,2,0,2,0,8,1,3,4
S01007611,917,373,382,162,863,358,354,151,54,15,28,11,7,4,3,0,21,5,14,2,10,0,5,5,16,6,6,4
S01007612,1037,441,411,185,936,406,364,166,101,35,47,19,16,10,4,2,26,6,15,5,23,8,12,3,36,11,16,9
S01007613,736,90,307,339,714,87,299,328,22,3,8,11,2,0,2,0,2,0,1,1,4,0,1,3,14,3,4,7
S01007614,843,54,358,431,809,52,345,412,34,2,13,19,1,0,1,0,3,0,2,1,3,0,1,2,27,2,9,16
S01007615,1074,190,504,380,1021,180,473,368,53,10,31,12,11,4,5,2,5,0,5,0,10,3,7,0,27,3,14,10
S01007616,736,187,368,181,707,183,348,176,29,4,20,5,6,3,2,1,4,0,2,2,4,0,4,0,15,1,12,2
S01007617,519,116,233,170,506,116,223,167,13,0,10,3,0,0,0,0,3,0,2,1,3,0,3,0,7,0,5,2
S01007618,638,151,288,199,632,148,285,199,6,3,3,0,0,0,0,0,0,0,0,0,0,0,0,0,6,3,3,0
S01007619,629,171,270,188,613,169,266,178,16,2,4,10,0,0,0,0,2,0,0,2,1,0,0,1,13,2,4,7
S01007620,579,32,274,273,565,31,263,271,14,1,11,2,1,0,1,0,1,0,1,0,2,0,1,1,10,1,8,1
S01007621,656,40,329,287,644,40,322,282,12,0,7,5,1,0,1,0,0,0,0,0,1,0,1,0,10,0,5,5
S01007622,582,88,259,235,565,87,252,226,17,1,7,9,2,0,0,2,6,0,3,3,2,0,1,1,7,1,3,3
S01007623,608,41,225,342,577,31,215,331,31,10,10,11,2,1,0,1,0,0,0,0,6,5,0,1,23,4,10,9
S01007624,664,51,277,336,645,50,265,330,19,1,12,6,5,0,5,0,1,0,1,0,1,0,0,1,12,1,6,5
S01007625,505,43,207,255,490,39,203,248,15,4,4,7,0,0,0,0,0,0,0,0,0,0,0,0,15,4,4,7
S01007626,650,35,245,370,629,32,237,360,21,3,8,10,1,0,1,0,5,0,0,5,4,3,1,0,11,0,6,5
S01007627,547,61,212,274,504,61,189,254,43,0,23,20,8,0,7,1,12,0,5,7,8,0,3,5,15,0,8,7
S01007628,713,65,293,355,693,63,282,348,20,2,11,7,0,0,0,0,7,0,7,0,1,0,1,0,12,2,3,7
S01007629,696,39,219,438,686,38,214,434,10,1,5,4,1,0,0,1,1,0,0,1,1,0,1,0,7,1,4,2
S01007630,809,30,238,541,790,29,235,526,19,1,3,15,2,0,1,1,2,0,1,1,0,0,0,0,15,1,1,13
S01007631,625,24,186,415,603,21,180,402,22,3,6,13,3,2,1,0,4,0,1,3,1,0,0,1,14,1,4,9
S01007632,960,116,451,393,933,113,435,385,27,3,16,8,3,0,0,3,6,0,4,2,0,0,0,0,18,3,12,3
S01007633,977,104,461,412,947,104,444,399,30,0,17,13,1,0,1,0,3,0,2,1,4,0,4,0,22,0,10,12
S01007634,570,35,179,356,561,35,173,353,9,0,6,3,1,0,0,1,1,0,1,0,2,0,2,0,5,0,3,2
S01007635,671,51,275,345,661,50,269,342,10,1,6,3,0,0,0,0,1,0,1,0,2,0,1,1,7,1,4,2
S01007636,819,149,405,265,798,142,400,256,21,7,5,9,1,1,0,0,3,2,0,1,6,1,1,4,11,3,4,4
S01007637,857,179,360,318,844,177,354,313,13,2,6,5,0,0,0,0,1,0,1,0,3,0,1,2,9,2,4,3
S01007638,768,161,365,242,733,157,341,235,35,4,24,7,3,0,2,1,4,0,4,0,10,1,8,1,18,3,10,5
S01007639,1087,211,488,388,1064,208,474,382,23,3,14,6,1,1,0,0,3,0,1,2,6,2,4,0,13,0,9,4
S01007640,722,31,225,466,704,29,218,457,18,2,7,9,0,0,0,0,1,0,1,0,3,2,0,1,14,0,6,8
S01007641,854,119,368,367,821,112,354,355,33,7,14,12,4,1,0,3,3,1,2,0,1,0,1,0,25,5,11,9
S01007642,794,121,341,332,745,111,315,319,49,10,26,13,7,2,5,0,11,2,8,1,7,3,3,1,24,3,10,11
S01007643,897,150,414,333,872,145,401,326,25,5,13,7,3,2,1,0,0,0,0,0,4,0,2,2,18,3,10,5
S01007644,844,132,382,330,818,130,363,325,26,2,19,5,2,0,2,0,8,2,4,2,4,0,4,0,12,0,9,3
S01007645,524,13,155,356,507,13,146,348,17,0,9,8,3,0,2,1,0,0,0,0,1,0,0,1,13,0,7,6
S01007646,576,51,208,317,551,46,198,307,25,5,10,10,2,2,0,0,5,0,3,2,1,0,0,1,17,3,7,7
S01007647,717,132,339,246,695,129,327,239,22,3,12,7,2,0,1,1,0,0,0,0,0,0,0,0,20,3,11,6
S01007648,873,152,481,240,849,146,473,230,24,6,8,10,1,1,0,0,0,0,0,0,9,2,5,2,14,3,3,8
S01007649,729,130,357,242,716,130,350,236,13,0,7,6,1,0,1,0,1,0,1,0,4,0,0,4,7,0,5,2
S01007650,949,60,351,538,912,60,331,521,37,0,20,17,1,0,1,0,1,0,1,0,13,0,11,2,22,0,7,15
S01007651,585,20,155,410,571,20,152,399,14,0,3,11,0,0,0,0,1,0,0,1,0,0,0,0,13,0,3,10
S01007652,588,58,231,299,577,58,225,294,11,0,6,5,1,0,0,1,2,0,0,2,0,0,0,0,8,0,6,2
S01007653,886,64,274,548,869,60,268,541,17,4,6,7,1,0,1,0,3,2,1,0,7,1,1,5,6,1,3,2
S01007654,1050,141,411,498,1021,136,399,486,29,5,12,12,4,1,2,1,4,1,1,2,6,1,4,1,15,2,5,8
S01007655,780,20,265,495,745,19,245,481,35,1,20,14,6,0,4,2,3,0,3,0,2,0,2,0,24,1,11,12
S01007656,848,36,306,506,826,35,298,493,22,1,8,13,2,0,2,0,3,0,0,3,1,0,0,1,16,1,6,9
S01007657,428,10,139,279,416,10,137,269,12,0,2,10,0,0,0,0,1,0,0,1,3,0,2,1,8,0,0,8
S01007658,505,33,191,281,494,31,187,276,11,2,4,5,0,0,0,0,1,0,0,1,4,0,1,3,6,2,3,1
S01007659,820,78,359,383,787,77,342,368,33,1,17,15,11,0,3,8,4,0,4,0,7,0,6,1,11,1,4,6
S01007660,851,291,392,168,812,279,377,156,39,12,15,12,5,3,0,2,14,6,6,2,8,1,4,3,12,2,5,5
S01007661,652,135,284,233,613,122,267,224,39,13,17,9,4,3,1,0,4,2,2,0,12,5,4,3,19,3,10,6
S01007662,908,245,433,230,866,238,405,223,42,7,28,7,3,0,3,0,16,1,13,2,10,1,7,2,13,5,5,3
S01007663,841,138,322,381,818,135,317,366,23,3,5,15,2,0,1,1,1,0,0,1,2,1,0,1,18,2,4,12
S01007664,578,176,220,182,543,164,210,169,35,12,10,13,0,0,0,0,19,8,8,3,7,1,2,4,9,3,0,6
S01007665,660,117,305,238,651,117,301,233,9,0,4,5,2,0,2,0,3,0,0,3,0,0,0,0,4,0,2,2
S01007666,502,32,217,253,497,31,214,252,5,1,3,1,0,0,0,0,0,0,0,0,2,0,2,0,3,1,1,1
S01007667,717,38,232,447,689,36,218,435,28,2,14,12,0,0,0,0,6,0,5,1,3,0,2,1,19,2,7,10
S01007668,1041,251,469,321,1018,247,457,314,23,4,12,7,3,0,0,3,8,0,8,0,2,1,1,0,10,3,3,4
S01007669,642,224,298,120,596,218,264,114,46,6,34,6,4,1,3,0,24,2,22,0,12,1,8,3,6,2,1,3
S01007670,729,220,301,208,666,206,270,190,63,14,31,18,17,9,7,1,16,0,9,7,19,4,13,2,11,1,2,8
S01007671,711,31,184,496,702,30,183,489,9,1,1,7,1,0,0,1,0,0,0,0,1,0,0,1,7,1,1,5
S01007672,874,48,364,462,855,43,355,457,19,5,9,5,1,0,1,0,3,3,0,0,7,2,5,0,8,0,3,5
S01007673,697,72,254,371,672,67,239,366,25,5,15,5,2,0,1,1,4,0,4,0,13,4,7,2,6,1,3,2
S01007674,797,182,354,261,773,177,339,257,24,5,15,4,2,0,2,0,9,2,7,0,2,0,2,0,11,3,4,4
S01007675,627,28,202,397,615,28,195,392,12,0,7,5,0,0,0,0,1,0,1,0,1,0,1,0,10,0,5,5
S01007676,681,17,196,468,672,17,193,462,9,0,3,6,2,0,0,2,1,0,0,1,2,0,2,0,4,0,1,3
S01007677,511,33,202,276,500,33,198,269,11,0,4,7,2,0,0,2,0,0,0,0,1,0,1,0,8,0,3,5
S01007678,788,191,349,248,771,188,339,244,17,3,10,4,0,0,0,0,4,0,3,1,2,0,1,1,11,3,6,2
S01007679,843,208,433,202,818,199,423,196,25,9,10,6,0,0,0,0,4,4,0,0,11,4,4,3,10,1,6,3
S01007680,916,42,434,440,887,42,427,418,29,0,7,22,1,0,1,0,3,0,1,2,13,0,2,11,12,0,3,9
S01007681,389,64,166,159,380,64,160,156,9,0,6,3,0,0,0,0,1,0,1,0,3,0,1,2,5,0,4,1
S01007682,882,85,414,383,743,58,350,335,139,27,64,48,18,9,7,2,23,5,14,4,22,5,9,8,76,8,34,34
S01007683,701,96,324,281,523,50,223,250,178,46,101,31,69,36,32,1,25,3,18,4,31,3,19,9,53,4,32,17
S01007684,781,51,377,353,719,46,338,335,62,5,39,18,11,2,9,0,3,0,3,0,3,0,3,0,45,3,24,18
S01007685,638,38,277,323,564,34,238,292,74,4,39,31,3,1,1,1,4,0,4,0,6,0,6,0,61,3,28,30
S01007686,665,115,309,241,587,91,270,226,78,24,39,15,10,4,6,0,9,3,5,1,18,6,11,1,41,11,17,13
S01007687,869,190,369,310,754,157,321,276,115,33,48,34,29,16,10,3,25,7,12,6,18,6,8,4,43,4,18,21
S01007688,1015,394,459,162,805,287,366,152,210,107,93,10,90,57,32,1,46,19,26,1,39,17,20,2,35,14,15,6
S01007689,579,235,218,126,454,179,175,100,125,56,43,26,61,36,18,7,24,5,15,4,9,7,2,0,31,8,8,15
S01007690,835,369,310,156,704,301,265,138,131,68,45,18,58,39,16,3,31,15,12,4,20,6,11,3,22,8,6,8
S01007691,1013,575,363,75,817,449,308,60,196,126,55,15,82,61,12,9,46,34,10,2,39,18,21,0,29,13,12,4
S01007692,939,389,386,164,775,318,316,141,164,71,70,23,73,34,31,8,36,18,14,4,28,13,14,1,27,6,11,10
S01007693,563,362,173,28,388,238,125,25,175,124,48,3,88,67,20,1,46,34,10,2,26,16,10,0,15,7,8,0
S01007694,1015,487,401,127,796,372,315,109,219,115,86,18,73,41,30,2,70,40,26,4,36,20,15,1,40,14,15,11
S01007695,963,482,371,110,771,383,298,90,192,99,73,20,75,47,27,1,46,27,13,6,35,11,18,6,36,14,15,7
S01007696,800,475,253,72,589,315,209,65,211,160,44,7,96,72,23,1,40,34,4,2,28,20,6,2,47,34,11,2
S01007697,948,444,374,130,796,370,319,107,152,74,55,23,54,37,15,2,43,16,16,11,27,11,10,6,28,10,14,4
S01007698,1056,472,407,177,773,315,316,142,283,157,91,35,109,75,24,10,76,49,24,3,49,18,27,4,49,15,16,18
S01007699,808,462,263,83,612,336,203,73,196,126,60,10,82,62,18,2,54,39,12,3,26,13,10,3,34,12,20,2
S01007700,971,165,437,369,867,133,400,334,104,32,37,35,21,1,4,16,26,14,9,3,23,13,9,1,34,4,15,15
S01007701,535,325,166,44,437,271,129,37,98,54,37,7,34,21,9,4,42,20,20,2,7,5,2,0,15,8,6,1
S01007702,560,197,261,102,440,139,209,92,120,58,52,10,68,32,35,1,20,16,3,1,14,5,5,4,18,5,9,4
S01007703,762,256,330,176,681,233,291,157,81,23,39,19,32,14,14,4,14,5,6,3,7,1,3,3,28,3,16,9
S01007704,907,610,233,64,774,520,196,58,133,90,37,6,50,45,5,0,19,10,7,2,23,13,10,0,41,22,15,4
S01007705,541,385,122,34,375,258,92,25,166,127,30,9,89,72,14,3,38,29,5,4,17,10,5,2,22,16,6,0
S01007706,775,539,192,44,585,381,160,44,190,158,32,0,109,96,13,0,44,37,7,0,22,16,6,0,15,9,6,0
S01007707,862,210,459,193,636,131,334,171,226,79,125,22,121,47,70,4,45,11,28,6,26,12,14,0,34,9,13,12
S01007708,644,303,273,68,560,257,238,65,84,46,35,3,18,14,4,0,29,12,17,0,20,13,7,0,17,7,7,3
S01007709,539,283,184,72,451,235,152,64,88,48,32,8,44,25,19,0,17,8,7,2,7,2,2,3,20,13,4,3
S01007710,803,465,280,58,637,351,240,46,166,114,40,12,81,58,17,6,35,29,6,0,24,13,7,4,26,14,10,2
S01007711,961,592,276,93,775,461,230,84,186,131,46,9,85,71,13,1,44,29,12,3,24,17,7,0,33,14,14,5
S01007712,644,330,252,62,488,237,198,53,156,93,54,9,56,32,23,1,33,17,13,3,45,32,13,0,22,12,5,5
S01007713,472,205,212,55,387,182,163,42,85,23,49,13,26,14,10,2,20,4,15,1,18,4,11,3,21,1,13,7
S01007714,637,207,320,110,544,174,265,105,93,33,55,5,17,7,10,0,29,6,22,1,25,11,13,1,22,9,10,3
S01007715,516,270,194,52,410,214,156,40,106,56,38,12,18,12,6,0,39,20,19,0,31,17,8,6,18,7,5,6
S01007716,967,553,340,74,754,425,266,63,213,128,74,11,104,67,34,3,52,33,15,4,33,18,13,2,24,10,12,2
S01007717,997,514,370,113,835,435,296,104,162,79,74,9,69,43,26,0,42,16,26,0,29,11,16,2,22,9,6,7
S01007718,689,385,269,35,583,333,219,31,106,52,50,4,55,32,22,1,24,7,14,3,16,9,7,0,11,4,7,0
S01007719,960,515,340,105,902,485,317,100,58,30,23,5,12,9,3,0,11,3,8,0,16,7,6,3,19,11,6,2
S01007720,705,247,349,109,684,240,336,108,21,7,13,1,1,0,1,0,2,2,0,0,5,1,4,0,13,4,8,1
S01007721,730,311,323,96,685,300,301,84,45,11,22,12,12,1,6,5,12,5,4,3,10,2,7,1,11,3,5,3
S01007722,840,471,296,73,784,445,267,72,56,26,29,1,8,7,1,0,17,4,12,1,12,6,6,0,19,9,10,0
S01007723,952,536,344,72,852,496,293,63,100,40,51,9,10,6,4,0,37,9,27,1,23,8,13,2,30,17,7,6
S01007724,643,384,242,17,481,291,182,8,162,93,60,9,43,25,18,0,58,40,14,4,29,11,13,5,32,17,15,0
S01007725,773,445,271,57,681,402,224,55,92,43,47,2,24,19,5,0,20,7,13,0,10,3,7,0,38,14,22,2
S01007726,786,387,317,82,631,320,249,62,155,67,68,20,47,27,17,3,44,16,19,9,36,11,21,4,28,13,11,4
S01007727,1007,522,377,108,850,462,298,90,157,60,79,18,48,21,22,5,43,17,24,2,39,11,23,5,27,11,10,6
S01007728,694,357,266,71,566,301,203,62,128,56,63,9,53,33,20,0,27,12,15,0,30,8,15,7,18,3,13,2
S01007729,772,393,338,41,577,302,242,33,195,91,96,8,64,23,39,2,68,43,24,1,27,7,20,0,36,18,13,5
S01007730,764,354,332,78,614,273,271,70,150,81,61,8,45,30,11,4,57,26,30,1,25,14,10,1,23,11,10,2
S01007731,729,287,341,101,601,236,281,84,128,51,60,17,34,18,11,5,42,12,28,2,22,10,10,2,30,11,11,8
S01007732,677,325,250,102,558,282,198,78,119,43,52,24,27,15,10,2,34,14,16,4,35,9,16,10,23,5,10,8
S01007733,853,127,365,361,771,117,333,321,82,10,32,40,7,0,6,1,9,1,6,2,17,2,4,11,49,7,16,26
S01007734,821,108,354,359,761,103,328,330,60,5,26,29,6,0,6,0,6,0,2,4,8,0,5,3,40,5,13,22
S01007735,827,91,362,374,768,86,342,340,59,5,20,34,1,0,0,1,4,0,2,2,4,0,3,1,50,5,15,30
S01007736,723,102,299,322,665,92,284,289,58,10,15,33,2,0,0,2,10,2,6,2,5,0,0,5,41,8,9,24
S01007737,1062,320,456,286,960,287,413,260,102,33,43,26,17,11,6,0,13,6,7,0,15,3,9,3,57,13,21,23
S01007738,730,167,377,186,698,166,355,177,32,1,22,9,4,0,4,0,5,0,5,0,4,0,2,2,19,1,11,7
S01007739,591,229,208,154,572,224,203,145,19,5,5,9,0,0,0,0,1,0,1,0,6,1,0,5,12,4,4,4
S01007740,541,100,253,188,510,99,235,176,31,1,18,12,4,0,4,0,2,0,2,0,5,0,3,2,20,1,9,10
S01007741,753,281,331,141,715,269,310,136,38,12,21,5,1,1,0,0,4,0,1,3,6,3,3,0,27,8,17,2
S01007742,624,169,296,159,597,160,283,154,27,9,13,5,2,0,2,0,1,1,0,0,4,3,1,0,20,5,10,5
S01007743,895,350,391,154,858,336,374,148,37,14,17,6,2,0,2,0,10,6,3,1,10,2,7,1,15,6,5,4
S01007744,766,395,281,90,724,373,268,83,42,22,13,7,5,1,3,1,11,5,5,1,8,4,3,1,18,12,2,4
S01007745,667,282,284,101,642,272,271,99,25,10,13,2,1,0,1,0,5,3,2,0,3,1,2,0,16,6,8,2
S01007746,889,299,413,177,863,289,397,177,26,10,16,0,2,2,0,0,7,2,5,0,4,0,4,0,13,6,7,0
S01007747,505,191,222,92,483,188,209,86,22,3,13,6,3,0,2,1,5,1,4,0,7,1,2,4,7,1,5,1
S01007748,704,389,247,68,676,371,237,68,28,18,10,0,2,2,0,0,2,2,0,0,5,4,1,0,19,10,9,0
S01007749,709,53,289,367,663,50,271,342,46,3,18,25,3,1,0,2,8,1,7,0,6,0,2,4,29,1,9,19
S01007750,794,101,281,412,719,77,264,378,75,24,17,34,17,15,0,2,6,3,2,1,9,2,2,5,43,4,13,26
S01007751,737,69,274,394,674,60,247,367,63,9,27,27,6,5,1,0,13,1,8,4,5,0,2,3,39,3,16,20
S01007752,689,137,249,303,663,131,246,286,26,6,3,17,0,0,0,0,3,2,0,1,3,0,0,3,20,4,3,13
S01007753,535,208,232,95,511,200,221,90,24,8,11,5,0,0,0,0,8,1,4,3,8,5,2,1,8,2,5,1
S01007754,884,374,375,135,853,365,365,123,31,9,10,12,0,0,0,0,10,3,4,3,10,3,2,5,11,3,4,4
S01007755,877,431,319,127,855,425,304,126,22,6,15,1,4,1,3,0,8,1,7,0,1,1,0,0,9,3,5,1
S01007756,629,295,254,80,607,289,243,75,22,6,11,5,2,1,1,0,1,1,0,0,10,3,4,3,9,1,6,2
S01007757,840,57,412,371,782,49,374,359,58,8,38,12,5,1,4,0,11,3,7,1,8,1,7,0,34,3,20,11
S01007758,899,126,411,362,842,116,379,347,57,10,32,15,9,3,5,1,5,3,1,1,11,0,5,6,32,4,21,7
S01007759,951,320,469,162,900,303,439,158,51,17,30,4,6,3,3,0,6,4,1,1,14,5,9,0,25,5,17,3
S01007760,588,53,210,325,561,50,199,312,27,3,11,13,1,0,1,0,5,0,4,1,1,0,0,1,20,3,6,11
S01007761,849,77,356,416,779,64,318,397,70,13,38,19,13,8,3,2,9,2,6,1,11,0,9,2,37,3,20,14
S01007762,761,229,371,161,718,218,348,152,43,11,23,9,4,2,2,0,8,0,3,5,4,0,3,1,27,9,15,3
S01007763,545,206,243,96,523,202,230,91,22,4,13,5,3,1,1,1,3,1,2,0,5,0,4,1,11,2,6,3
S01007764,756,41,316,399,727,39,306,382,29,2,10,17,2,0,0,2,3,2,0,1,2,0,2,0,22,0,8,14
S01007765,683,52,321,310,662,47,308,307,21,5,13,3,0,0,0,0,1,0,1,0,5,0,3,2,15,5,9,1
S01007766,914,49,386,479,874,41,378,455,40,8,8,24,0,0,0,0,2,0,0,2,14,5,3,6,24,3,5,16
S01007767,884,64,392,428,848,64,370,414,36,0,22,14,1,0,1,0,7,0,5,2,3,0,2,1,25,0,14,11
S01007768,649,117,311,221,616,113,300,203,33,4,11,18,1,0,0,1,2,0,1,1,4,1,1,2,26,3,9,14
S01007769,708,62,253,393,674,60,243,371,34,2,10,22,4,0,0,4,1,0,1,0,1,0,0,1,28,2,9,17
S01007770,738,55,322,361,701,53,302,346,37,2,20,15,0,0,0,0,2,0,0,2,9,0,4,5,26,2,16,8
S01007771,532,35,228,269,512,35,215,262,20,0,13,7,1,0,1,0,4,0,3,1,3,0,2,1,12,0,7,5
S01007772,964,314,415,235,926,301,396,229,38,13,19,6,7,3,4,0,3,3,0,0,8,1,6,1,20,6,9,5
S01007773,734,50,299,385,708,46,287,375,26,4,12,10,4,3,0,1,3,0,2,1,0,0,0,0,19,1,10,8
S01007774,954,15,325,614,915,9,311,595,39,6,14,19,3,3,0,0,7,2,3,2,11,0,4,7,18,1,7,10
S01007775,825,63,320,442,776,55,303,418,49,8,17,24,0,0,0,0,6,0,2,4,8,4,2,2,35,4,13,18
S01007776,727,46,217,464,682,36,200,446,45,10,17,18,11,8,3,0,3,1,1,1,5,0,3,2,26,1,10,15
S01007777,962,17,261,684,909,16,240,653,53,1,21,31,1,0,1,0,7,0,3,4,15,0,7,8,30,1,10,19
S01007778,446,3,84,359,425,2,74,349,21,1,10,10,0,0,0,0,5,0,2,3,3,0,1,2,13,1,7,5
S01007779,701,78,312,311,689,76,309,304,12,2,3,7,1,0,0,1,0,0,0,0,0,0,0,0,11,2,3,6
S01007780,795,42,306,447,771,42,297,432,24,0,9,15,4,0,0,4,6,0,1,5,1,0,1,0,13,0,7,6
S01007781,899,127,384,388,874,122,373,379,25,5,11,9,1,0,0,1,5,0,4,1,12,4,4,4,7,1,3,3
S01007782,499,200,219,80,455,188,197,70,44,12,22,10,10,3,6,1,13,0,11,2,17,7,3,7,4,2,2,0
S01007783,782,470,235,77,764,462,228,74,18,8,7,3,1,0,1,0,2,0,1,1,3,0,2,1,12,8,3,1
S01007784,711,136,321,254,680,136,303,241,31,0,18,13,2,0,0,2,4,0,2,2,8,0,7,1,17,0,9,8
S01007785,603,314,204,85,590,309,198,83,13,5,6,2,4,3,1,0,3,0,3,0,0,0,0,0,6,2,2,2
S01007786,763,242,376,145,752,239,373,140,11,3,3,5,0,0,0,0,1,0,0,1,3,0,1,2,7,3,2,2
S01007787,676,260,286,130,659,253,281,125,17,7,5,5,0,0,0,0,5,4,0,1,1,1,0,0,11,2,5,4
S01007788,708,330,279,99,676,330,259,87,32,0,20,12,2,0,1,1,19,0,9,10,8,0,7,1,3,0,3,0
S01007789,624,183,295,146,611,180,288,143,13,3,7,3,1,0,0,1,2,1,1,0,1,0,1,0,9,2,5,2
S01007790,895,461,376,58,863,450,355,58,32,11,21,0,9,4,5,0,5,4,1,0,8,0,8,0,10,3,7,0
S01007791,468,18,126,324,456,16,122,318,12,2,4,6,2,1,1,0,2,0,1,1,2,0,0,2,6,1,2,3
S01007792,879,240,436,203,858,236,426,196,21,4,10,7,4,0,1,3,6,1,5,0,1,0,1,0,10,3,3,4
S01007793,959,471,385,103,889,455,335,99,70,16,50,4,15,4,10,1,37,4,31,2,7,4,3,0,11,4,6,1
S01007794,567,167,295,105,556,162,292,102,11,5,3,3,0,0,0,0,1,1,0,0,0,0,0,0,10,4,3,3
S01007795,606,171,321,114,589,168,309,112,17,3,12,2,0,0,0,0,7,3,4,0,3,0,3,0,7,0,5,2
S01007796,724,260,231,233,689,245,222,222,35,15,9,11,6,2,3,1,3,0,2,1,5,3,1,1,21,10,3,8
S01007797,522,268,168,86,497,258,153,86,25,10,15,0,1,0,1,0,7,0,7,0,2,1,1,0,15,9,6,0
S01007798,665,32,249,384,629,28,240,361,36,4,9,23,0,0,0,0,5,0,3,2,8,0,1,7,23,4,5,14
S01007799,622,30,201,391,576,25,186,365,46,5,15,26,8,0,5,3,9,2,4,3,8,1,3,4,21,2,3,16
S01007800,913,403,383,127,889,399,363,127,24,4,20,0,1,1,0,0,1,0,1,0,14,0,14,0,8,3,5,0
S01007801,833,405,319,109,806,392,307,107,27,13,12,2,0,0,0,0,7,1,6,0,2,1,0,1,18,11,6,1
S01007802,547,50,280,217,498,46,247,205,49,4,33,12,9,0,9,0,9,1,8,0,17,2,10,5,14,1,6,7
S01007803,1087,594,371,122,1055,583,353,119,32,11,18,3,7,3,3,1,6,1,5,0,6,1,3,2,13,6,7,0
S01007804,627,305,223,99,607,298,217,92,20,7,6,7,0,0,0,0,3,2,1,0,9,0,2,7,8,5,3,0
S01007805,520,206,230,84,510,205,222,83,10,1,8,1,0,0,0,0,2,0,2,0,5,1,4,0,3,0,2,1
S01007806,634,215,291,128,610,210,282,118,24,5,9,10,1,0,0,1,9,2,6,1,10,1,2,7,4,2,1,1
S01007807,707,56,281,370,691,56,275,360,16,0,6,10,0,0,0,0,2,0,0,2,0,0,0,0,14,0,6,8
S01007808,848,252,352,244,815,241,338,236,33,11,14,8,1,0,1,0,11,5,6,0,9,2,3,4,12,4,4,4
S01007809,919,91,456,372,887,88,438,361,32,3,18,11,2,0,2,0,5,1,4,0,1,0,0,1,24,2,12,10
S01007810,883,328,400,155,861,326,390,145,22,2,10,10,3,1,2,0,4,0,0,4,8,0,3,5,7,1,5,1
S01007811,871,278,402,191,845,270,387,188,26,8,15,3,5,2,3,0,5,0,4,1,5,0,4,1,11,6,4,1
S01007812,850,322,349,179,798,315,317,166,52,7,32,13,1,0,1,0,9,1,6,2,28,3,17,8,14,3,8,3
S01007813,799,285,360,154,757,284,337,136,42,1,23,18,5,0,1,4,16,1,11,4,8,0,3,5,13,0,8,5
S01007814,565,131,259,175,548,130,251,167,17,1,8,8,4,0,4,0,0,0,0,0,0,0,0,0,13,1,4,8
S01007815,856,75,375,406,834,70,360,404,22,5,15,2,3,2,1,0,2,1,1,0,0,0,0,0,17,2,13,2
S01007816,669,84,320,265,662,83,316,263,7,1,4,2,0,0,0,0,1,0,1,0,0,0,0,0,6,1,3,2
S01007817,449,96,242,111,444,96,237,111,5,0,5,0,0,0,0,0,0,0,0,0,4,0,4,0,1,0,1,0
S01007818,753,102,335,316,736,100,327,309,17,2,8,7,0,0,0,0,1,0,1,0,2,0,1,1,14,2,6,6
S01007819,803,115,353,335,788,112,344,332,15,3,9,3,0,0,0,0,1,0,1,0,1,0,1,0,13,3,7,3
S01007820,954,225,432,297,912,210,412,290,42,15,20,7,8,3,5,0,9,3,6,0,8,3,5,0,17,6,4,7
S01007821,552,108,290,154,538,102,284,152,14,6,6,2,0,0,0,0,1,0,1,0,5,3,2,0,8,3,3,2
S01007822,734,124,377,233,717,120,372,225,17,4,5,8,0,0,0,0,6,0,1,5,0,0,0,0,11,4,4,3
S01007823,696,97,322,277,672,90,310,272,24,7,12,5,0,0,0,0,2,0,2,0,2,1,1,0,20,6,9,5
S01007824,727,107,321,299,680,104,304,272,47,3,17,27,4,2,1,1,3,0,3,0,5,0,3,2,35,1,10,24
S01007825,1013,211,392,410,956,198,373,385,57,13,19,25,12,6,6,0,7,1,6,0,4,0,0,4,34,6,7,21
S01007826,573,243,232,98,558,241,221,96,15,2,11,2,2,1,0,1,7,0,7,0,1,0,1,0,5,1,3,1
S01007827,583,127,326,130,547,116,307,124,36,11,19,6,6,3,2,1,8,3,3,2,8,0,5,3,14,5,9,0
S01007828,924,382,428,114,859,357,401,101,65,25,27,13,18,10,6,2,11,1,7,3,10,4,5,1,26,10,9,7
S01007829,579,241,241,97,548,228,228,92,31,13,13,5,6,1,3,2,8,6,0,2,4,2,2,0,13,4,8,1
S01007830,928,414,381,133,853,387,342,124,75,27,39,9,9,6,1,2,25,3,21,1,12,9,3,0,29,9,14,6
S01007831,883,402,379,102,808,374,340,94,75,28,39,8,28,16,12,0,14,0,13,1,9,1,7,1,24,11,7,6
S01007832,629,281,265,83,588,262,248,78,41,19,17,5,6,2,4,0,12,9,3,0,6,4,2,0,17,4,8,5
S01007833,792,321,313,158,755,309,294,152,37,12,19,6,12,9,3,0,3,0,3,0,6,2,4,0,16,1,9,6
S01007834,742,350,315,77,654,309,274,71,88,41,41,6,26,14,12,0,29,16,13,0,14,2,8,4,19,9,8,2
S01007835,695,173,332,190,655,164,311,180,40,9,21,10,2,0,2,0,8,3,3,2,9,1,3,5,21,5,13,3
S01007836,522,107,257,158,479,102,229,148,43,5,28,10,3,1,2,0,7,1,5,1,11,0,7,4,22,3,14,5
S01007837,778,84,363,331,747,76,349,322,31,8,14,9,2,0,2,0,3,3,0,0,0,0,0,0,26,5,12,9
S01007838,845,114,416,315,791,107,387,297,54,7,29,18,8,0,5,3,5,1,3,1,11,2,8,1,30,4,13,13
S01007839,528,188,231,109,478,170,213,95,50,18,18,14,10,8,2,0,7,0,5,2,5,3,0,2,28,7,11,10
S01007840,762,336,327,99,704,318,300,86,58,18,27,13,16,4,11,1,14,2,5,7,9,4,3,2,19,8,8,3
S01007841,711,268,354,89,670,250,340,80,41,18,14,9,8,5,3,0,11,3,3,5,4,0,4,0,18,10,4,4
S01007842,770,414,288,68,717,394,263,60,53,20,25,8,14,4,6,4,20,6,12,2,9,5,4,0,10,5,3,2
S01007843,705,327,283,95,628,288,254,86,77,39,29,9,19,16,2,1,24,8,13,3,21,9,11,1,13,6,3,4
S01007844,935,395,456,84,844,359,403,82,91,36,53,2,30,11,19,0,14,6,8,0,26,10,15,1,21,9,11,1
S01007845,903,452,355,96,852,444,326,82,51,8,29,14,4,0,2,2,10,0,9,1,17,2,7,8,20,6,11,3
S01007846,744,306,316,122,711,300,300,111,33,6,16,11,0,0,0,0,7,2,5,0,9,0,7,2,17,4,4,9
S01007847,917,412,392,113,863,395,359,109,54,17,33,4,5,1,4,0,5,3,1,1,28,6,20,2,16,7,8,1
S01007848,819,439,330,50,766,420,296,50,53,19,34,0,11,8,3,0,18,2,16,0,10,3,7,0,14,6,8,0
S01007849,934,397,425,112,899,382,414,103,35,15,11,9,3,0,1,2,13,5,4,4,5,4,0,1,14,6,6,2
S01007850,754,258,352,144,731,252,337,142,23,6,15,2,6,4,2,0,1,0,1,0,4,0,4,0,12,2,8,2
S01007851,939,302,413,224,918,295,405,218,21,7,8,6,2,2,0,0,3,1,2,0,3,0,2,1,13,4,4,5
S01007852,667,300,274,93,638,290,259,89,29,10,15,4,5,2,3,0,6,1,5,0,5,0,3,2,13,7,4,2
S01007853,660,423,187,50,637,410,179,48,23,13,8,2,2,2,0,0,5,3,2,0,8,5,3,0,8,3,3,2
S01007854,1075,595,323,157,1030,574,306,150,45,21,17,7,4,4,0,0,8,4,2,2,10,1,9,0,23,12,6,5
S01007855,501,270,175,56,454,244,161,49,47,26,14,7,17,10,6,1,11,4,4,3,11,7,2,2,8,5,2,1
S01007856,843,205,396,242,820,195,391,234,23,10,5,8,5,5,0,0,8,4,1,3,3,0,2,1,7,1,2,4
S01007857,492,202,217,73,477,192,212,73,15,10,5,0,6,6,0,0,0,0,0,0,1,0,1,0,8,4,4,0
S01007858,1019,362,499,158,980,343,482,155,39,19,17,3,0,0,0,0,7,4,3,0,9,5,3,1,23,10,11,2
S01007859,528,237,221,70,503,229,213,61,25,8,8,9,8,4,4,0,3,1,0,2,4,1,0,3,10,2,4,4
S01007860,637,127,289,221,612,125,275,212,25,2,14,9,0,0,0,0,1,0,1,0,6,0,5,1,18,2,8,8
S01007861,674,184,343,147,662,181,340,141,12,3,3,6,1,1,0,0,0,0,0,0,1,0,0,1,10,2,3,5
S01007862,701,223,311,167,686,219,306,161,15,4,5,6,1,0,0,1,0,0,0,0,6,0,2,4,8,4,3,1
S01007863,895,486,310,99,874,479,299,96,21,7,11,3,1,0,1,0,9,0,6,3,4,1,3,0,7,6,1,0
S01007864,938,305,445,188,907,295,429,183,31,10,16,5,8,4,4,0,8,1,5,2,4,2,1,1,11,3,6,2
S01007865,693,15,252,426,664,13,241,410,29,2,11,16,1,1,0,0,5,0,0,5,5,0,3,2,18,1,8,9
S01007866,586,25,237,324,570,25,231,314,16,0,6,10,3,0,2,1,0,0,0,0,3,0,3,0,10,0,1,9
S01007867,456,31,194,231,417,27,169,221,39,4,25,10,5,0,3,2,19,4,12,3,7,0,7,0,8,0,3,5
S01007868,861,50,378,433,815,45,358,412,46,5,20,21,1,0,1,0,6,0,4,2,9,1,6,2,30,4,9,17
S01007869,906,69,413,424,785,46,365,374,121,23,48,50,23,14,7,2,14,4,8,2,24,2,15,7,60,3,18,39
S01007870,505,38,172,295,495,37,170,288,10,1,2,7,1,0,0,1,0,0,0,0,2,0,1,1,7,1,1,5
S01007871,669,233,272,164,653,231,264,158,16,2,8,6,1,0,0,1,5,0,2,3,4,1,2,1,6,1,4,1
S01007872,705,285,277,143,695,283,275,137,10,2,2,6,1,0,0,1,1,1,0,0,0,0,0,0,8,1,2,5
S01007873,639,147,279,213,624,145,272,207,15,2,7,6,0,0,0,0,3,2,0,1,3,0,2,1,9,0,5,4
S01007874,723,206,328,189,710,199,323,188,13,7,5,1,3,0,3,0,0,0,0,0,2,1,1,0,8,6,1,1
S01007875,526,95,242,189,520,93,239,188,6,2,3,1,1,1,0,0,0,0,0,0,1,0,1,0,4,1,2,1
S01007876,1009,120,449,440,995,119,447,429,14,1,2,11,0,0,0,0,2,1,0,1,5,0,1,4,7,0,1,6
S01007877,773,151,351,271,763,150,343,270,10,1,8,1,3,0,3,0,0,0,0,0,1,0,1,0,6,1,4,1
S01007878,598,171,255,172,594,169,253,172,4,2,2,0,0,0,0,0,0,0,0,0,0,0,0,0,4,2,2,0
S01007879,764,219,337,208,752,217,329,206,12,2,8,2,0,0,0,0,0,0,0,0,3,0,3,0,9,2,5,2
S01007880,382,38,121,223,374,36,118,220,8,2,3,3,0,0,0,0,0,0,0,0,1,0,1,0,7,2,2,3
S01007881,557,135,202,220,555,134,202,219,2,1,0,1,0,0,0,0,0,0,0,0,0,0,0,0,2,1,0,1
S01007882,730,11,122,597,712,11,119,582,18,0,3,15,0,0,0,0,2,0,2,0,4,0,0,4,12,0,1,11
S01007883,1046,130,362,554,1025,125,355,545,21,5,7,9,0,0,0,0,1,0,1,0,1,0,1,0,19,5,5,9
S01007884,639,106,311,222,630,103,308,219,9,3,3,3,0,0,0,0,2,0,2,0,2,1,0,1,5,2,1,2
S01007885,730,287,283,160,713,283,279,151,17,4,4,9,0,0,0,0,0,0,0,0,1,0,1,0,16,4,3,9
S01007886,867,193,310,364,848,188,308,352,19,5,2,12,2,2,0,0,0,0,0,0,1,0,0,1,16,3,2,11
S01007887,578,34,162,382,569,34,157,378,9,0,5,4,0,0,0,0,1,0,1,0,0,0,0,0,8,0,4,4
S01007888,1070,325,524,221,1052,323,514,215,18,2,10,6,0,0,0,0,7,0,5,2,2,0,2,0,9,2,3,4
S01007889,533,138,250,145,528,137,248,143,5,1,2,2,0,0,0,0,0,0,0,0,0,0,0,0,5,1,2,2
S01007890,736,137,296,303,724,137,294,293,12,0,2,10,1,0,0,1,0,0,0,0,5,0,1,4,6,0,1,5
S01007891,866,132,326,408,851,130,320,401,15,2,6,7,0,0,0,0,1,0,1,0,4,1,0,3,10,1,5,4
S01007892,738,88,298,352,723,86,293,344,15,2,5,8,2,0,0,2,0,0,0,0,1,1,0,0,12,1,5,6
S01007893,1019,79,364,576,996,77,356,563,23,2,8,13,2,0,2,0,4,0,3,1,7,0,1,6,10,2,2,6
S01007894,916,146,371,399,900,143,366,391,16,3,5,8,1,0,1,0,0,0,0,0,1,1,0,0,14,2,4,8
S01007895,542,97,205,240,528,95,202,231,14,2,3,9,4,0,0,4,2,0,0,2,3,1,2,0,5,1,1,3
S01007896,867,255,361,251,858,253,357,248,9,2,4,3,6,2,2,2,0,0,0,0,1,0,1,0,2,0,1,1
S01007897,439,14,114,311,432,13,114,305,7,1,0,6,0,0,0,0,0,0,0,0,1,1,0,0,6,0,0,6
S01007898,446,19,109,318,443,19,109,315,3,0,0,3,0,0,0,0,0,0,0,0,0,0,0,0,3,0,0,3
S01007899,349,14,115,220,346,13,113,220,3,1,2,0,0,0,0,0,0,0,0,0,1,0,1,0,2,1,1,0
S01007900,549,132,261,156,541,129,258,154,8,3,3,2,0,0,0,0,3,0,3,0,1,0,0,1,4,3,0,1
S01007901,711,193,300,218,696,192,290,214,15,1,10,4,0,0,0,0,6,0,5,1,3,0,1,2,6,1,4,1
S01007902,883,257,366,260,861,253,355,253,22,4,11,7,1,0,0,1,9,0,7,2,1,0,0,1,11,4,4,3
S01007903,645,141,298,206,641,140,297,204,4,1,1,2,0,0,0,0,0,0,0,0,1,0,0,1,3,1,1,1
S01007904,787,31,221,535,767,31,216,520,20,0,5,15,0,0,0,0,2,0,1,1,3,0,1,2,15,0,3,12
S01007905,687,221,271,195,682,221,270,191,5,0,1,4,0,0,0,0,0,0,0,0,1,0,0,1,4,0,1,3
S01007906,724,250,326,148,716,249,322,145,8,1,4,3,1,0,1,0,0,0,0,0,3,0,1,2,4,1,2,1
S01007907,536,136,222,178,535,136,222,177,1,0,0,1,0,0,0,0,0,0,0,0,0,0,0,0,1,0,0,1
S01007908,913,152,369,392,905,152,364,389,8,0,5,3,0,0,0,0,0,0,0,0,2,0,0,2,6,0,5,1
S01007909,543,94,301,148,539,94,298,147,4,0,3,1,0,0,0,0,0,0,0,0,1,0,1,0,3,0,2,1
S01007910,916,285,368,263,906,283,366,257,10,2,2,6,1,0,1,0,2,0,1,1,2,0,0,2,5,2,0,3
S01007911,777,143,311,323,774,141,310,323,3,2,1,0,0,0,0,0,1,0,1,0,0,0,0,0,2,2,0,0
S01007912,757,141,367,249,750,139,362,249,7,2,5,0,0,0,0,0,1,0,1,0,2,1,1,0,4,1,3,0
S01007913,616,223,267,126,612,221,266,125,4,2,1,1,0,0,0,0,0,0,0,0,0,0,0,0,4,2,1,1
S01007914,628,217,277,134,625,217,275,133,3,0,2,1,0,0,0,0,0,0,0,0,0,0,0,0,3,0,2,1
S01007915,835,174,403,258,822,170,400,252,13,4,3,6,0,0,0,0,0,0,0,0,2,0,0,2,11,4,3,4
S01007916,810,202,389,219,801,199,384,218,9,3,5,1,0,0,0,0,0,0,0,0,3,3,0,0,6,0,5,1
S01007917,811,200,392,219,806,198,390,218,5,2,2,1,0,0,0,0,0,0,0,0,0,0,0,0,5,2,2,1
S01007918,902,238,307,357,887,234,299,354,15,4,8,3,1,0,1,0,3,0,3,0,1,0,0,1,10,4,4,2
S01007919,773,40,257,476,763,38,255,470,10,2,2,6,0,0,0,0,0,0,0,0,0,0,0,0,10,2,2,6
S01007920,615,34,245,336,592,32,237,323,23,2,8,13,0,0,0,0,1,0,1,0,3,0,3,0,19,2,4,13
S01007921,922,286,408,228,911,286,400,225,11,0,8,3,1,0,0,1,2,0,2,0,0,0,0,0,8,0,6,2
S01007922,867,263,406,198,850,262,403,185,17,1,3,13,5,0,0,5,1,0,0,1,3,0,0,3,8,1,3,4
S01007923,968,168,370,430,932,163,353,416,36,5,17,14,7,5,2,0,7,0,3,4,15,0,9,6,7,0,3,4
S01007924,984,213,471,300,959,211,460,288,25,2,11,12,1,0,1,0,6,0,6,0,5,1,1,3,13,1,3,9
S01007925,465,34,101,330,451,31,94,326,14,3,7,4,1,0,1,0,3,3,0,0,0,0,0,0,10,0,6,4
S01007926,464,8,129,327,454,8,128,318,10,0,1,9,0,0,0,0,2,0,0,2,0,0,0,0,8,0,1,7
S01007927,617,27,123,467,597,25,115,457,20,2,8,10,1,0,1,0,1,0,1,0,5,0,1,4,13,2,5,6
S01007928,998,63,354,581,971,60,343,568,27,3,11,13,4,1,1,2,4,2,1,1,3,0,1,2,16,0,8,8
S01007929,738,20,136,582,714,20,132,562,24,0,4,20,2,0,0,2,1,0,1,0,5,0,0,5,16,0,3,13
S01007930,595,15,117,463,580,14,114,452,15,1,3,11,0,0,0,0,1,0,0,1,2,0,1,1,12,1,2,9
S01007931,1124,126,441,557,1075,121,420,534,49,5,21,23,1,0,1,0,3,0,2,1,4,0,2,2,41,5,16,20
S01007932,831,49,284,498,811,47,275,489,20,2,9,9,0,0,0,0,5,0,5,0,2,0,1,1,13,2,3,8
S01007933,874,94,343,437,843,91,322,430,31,3,21,7,1,0,0,1,6,0,6,0,3,0,3,0,21,3,12,6
S01007934,720,121,296,303,705,120,288,297,15,1,8,6,0,0,0,0,1,0,1,0,1,0,0,1,13,1,7,5
S01007935,803,208,358,237,776,203,341,232,27,5,17,5,0,0,0,0,2,0,2,0,3,0,0,3,22,5,15,2
S01007936,1008,43,301,664,980,39,295,646,28,4,6,18,1,0,1,0,0,0,0,0,2,0,0,2,25,4,5,16
S01007937,1059,72,386,601,1030,68,368,594,29,4,18,7,6,3,3,0,5,1,3,1,3,0,2,1,15,0,10,5
S01007938,740,191,319,230,729,187,314,228,11,4,5,2,0,0,0,0,0,0,0,0,1,0,0,1,10,4,5,1
S01007939,896,264,393,239,881,260,386,235,15,4,7,4,1,0,1,0,0,0,0,0,2,1,1,0,12,3,5,4
S01007940,1056,169,428,459,1022,167,425,430,34,2,3,29,22,0,1,21,3,1,0,2,2,0,0,2,7,1,2,4
S01007941,631,32,210,389,617,28,207,382,14,4,3,7,0,0,0,0,0,0,0,0,5,4,0,1,9,0,3,6
S01007942,508,116,175,217,502,116,172,214,6,0,3,3,0,0,0,0,0,0,0,0,0,0,0,0,6,0,3,3
S01007943,660,106,287,267,648,103,281,264,12,3,6,3,0,0,0,0,1,1,0,0,2,0,1,1,9,2,5,2
S01007944,915,179,430,306,900,175,423,302,15,4,7,4,3,3,0,0,1,0,1,0,2,0,2,0,9,1,4,4
S01007945,850,197,329,324,831,190,323,318,19,7,6,6,0,0,0,0,3,0,2,1,1,0,0,1,15,7,4,4
S01007946,780,174,350,256,773,174,345,254,7,0,5,2,0,0,0,0,0,0,0,0,0,0,0,0,7,0,5,2
S01007947,756,106,266,384,736,102,260,374,20,4,6,10,6,1,4,1,2,0,0,2,2,0,0,2,10,3,2,5
S01007948,660,216,257,187,639,214,250,175,21,2,7,12,1,0,0,1,6,0,1,5,2,1,1,0,12,1,5,6
S01007949,751,91,295,365,739,91,289,359,12,0,6,6,1,0,0,1,4,0,4,0,0,0,0,0,7,0,2,5
S01007950,881,51,325,505,866,50,319,497,15,1,6,8,2,0,2,0,2,0,0,2,4,0,2,2,7,1,2,4
S01007951,755,115,310,330,739,114,296,329,16,1,14,1,1,0,1,0,2,0,2,0,4,0,4,0,9,1,7,1
S01007952,617,210,248,159,602,205,239,158,15,5,9,1,0,0,0,0,2,2,0,0,4,0,4,0,9,3,5,1
S01007953,938,158,424,356,931,157,422,352,7,1,2,4,0,0,0,0,1,0,1,0,0,0,0,0,6,1,1,4
S01007954,728,228,325,175,714,226,318,170,14,2,7,5,3,0,1,2,5,0,5,0,4,0,1,3,2,2,0,0
S01007955,833,208,390,235,816,205,381,230,17,3,9,5,0,0,0,0,0,0,0,0,1,1,0,0,16,2,9,5
S01007956,745,190,368,187,733,189,359,185,12,1,9,2,0,0,0,0,2,0,2,0,2,0,2,0,8,1,5,2
S01007957,928,210,415,303,897,203,399,295,31,7,16,8,5,0,5,0,1,0,1,0,5,1,1,3,20,6,9,5
S01007958,809,255,266,288,798,253,261,284,11,2,5,4,0,0,0,0,3,0,2,1,1,0,1,0,7,2,2,3
S01007959,761,97,341,323,742,95,335,312,19,2,6,11,1,0,1,0,1,0,0,1,2,2,0,0,15,0,5,10
S01007960,696,171,244,281,690,169,244,277,6,2,0,4,0,0,0,0,0,0,0,0,0,0,0,0,6,2,0,4
S01007961,703,19,161,523,692,18,158,516,11,1,3,7,0,0,0,0,0,0,0,0,0,0,0,0,11,1,3,7
S01007962,597,164,245,188,581,160,234,187,16,4,11,1,0,0,0,0,1,0,1,0,1,0,1,0,14,4,9,1
S01007963,1003,508,377,118,972,498,358,116,31,10,19,2,4,0,4,0,0,0,0,0,4,4,0,0,23,6,15,2
S01007964,791,276,360,155,777,267,359,151,14,9,1,4,1,1,0,0,0,0,0,0,9,6,0,3,4,2,1,1
S01007965,576,192,236,148,562,190,228,144,14,2,8,4,0,0,0,0,1,1,0,0,2,0,1,1,11,1,7,3
S01007966,977,371,415,191,955,361,411,183,22,10,4,8,1,1,0,0,1,0,1,0,4,3,0,1,16,6,3,7
S01007967,639,237,271,131,620,233,261,126,19,4,10,5,3,0,3,0,1,1,0,0,6,1,1,4,9,2,6,1
S01007968,869,197,414,258,847,192,402,253,22,5,12,5,0,0,0,0,2,0,2,0,3,0,0,3,17,5,10,2
S01007969,840,223,332,285,824,221,322,281,16,2,10,4,0,0,0,0,2,0,2,0,3,0,3,0,11,2,5,4
S01007970,874,229,432,213,862,227,425,210,12,2,7,3,0,0,0,0,3,0,2,1,3,0,2,1,6,2,3,1
S01007971,927,304,391,232,910,299,384,227,17,5,7,5,0,0,0,0,1,1,0,0,1,0,1,0,15,4,6,5
S01007972,828,201,363,264,820,200,357,263,8,1,6,1,0,0,0,0,1,0,1,0,2,0,1,1,5,1,4,0
S01007973,816,35,330,451,804,35,325,444,12,0,5,7,1,0,1,0,0,0,0,0,1,0,0,1,10,0,4,6
S01007974,784,302,326,156,771,296,321,154,13,6,5,2,0,0,0,0,2,2,0,0,3,1,0,2,8,3,5,0
S01007975,655,204,286,165,643,203,276,164,12,1,10,1,2,0,2,0,0,0,0,0,2,1,1,0,8,0,7,1
S01007976,703,314,301,88,683,304,292,87,20,10,9,1,1,1,0,0,3,1,2,0,5,1,3,1,11,7,4,0
S01007977,645,95,284,266,636,94,284,258,9,1,0,8,0,0,0,0,0,0,0,0,3,1,0,2,6,0,0,6
S01007978,559,201,251,107,547,200,242,105,12,1,9,2,1,0,1,0,2,0,2,0,3,0,3,0,6,1,3,2
S01007979,829,99,322,408,805,94,310,401,24,5,12,7,1,0,1,0,2,0,2,0,3,0,2,1,18,5,7,6
S01007980,701,145,283,273,685,138,277,270,16,7,6,3,5,4,1,0,2,0,2,0,3,2,0,1,6,1,3,2
S01007981,547,48,241,258,535,48,233,254,12,0,8,4,2,0,0,2,0,0,0,0,1,0,1,0,9,0,7,2
S01007982,514,73,191,250,510,72,189,249,4,1,2,1,0,0,0,0,0,0,0,0,0,0,0,0,4,1,2,1
S01007983,777,238,402,137,761,233,396,132,16,5,6,5,0,0,0,0,2,1,0,1,1,0,0,1,13,4,6,3
S01007984,825,138,426,261,804,132,418,254,21,6,8,7,2,2,0,0,3,0,2,1,3,0,2,1,13,4,4,5
S01007985,923,329,391,203,899,320,382,197,24,9,9,6,4,2,2,0,1,0,0,1,4,2,2,0,15,5,5,5
S01007986,576,108,254,214,565,105,249,211,11,3,5,3,0,0,0,0,1,0,1,0,4,3,0,1,6,0,4,2
S01007987,759,108,352,299,741,106,341,294,18,2,11,5,1,0,0,1,5,0,4,1,3,0,3,0,9,2,4,3
S01007988,817,183,416,218,801,182,413,206,16,1,3,12,0,0,0,0,0,0,0,0,5,0,0,5,11,1,3,7
S01007989,722,220,341,161,698,216,326,156,24,4,15,5,0,0,0,0,5,0,4,1,4,0,4,0,15,4,7,4
S01007990,928,189,348,391,902,187,336,379,26,2,12,12,0,0,0,0,2,1,1,0,7,0,5,2,17,1,6,10
S01007991,958,17,240,701,914,16,224,674,44,1,16,27,6,0,0,6,3,0,2,1,5,0,2,3,30,1,12,17
S01007992,657,19,168,470,619,15,159,445,38,4,9,25,0,0,0,0,2,1,0,1,13,3,5,5,23,0,4,19
S01007993,818,29,287,502,804,27,283,494,14,2,4,8,0,0,0,0,2,0,2,0,2,0,1,1,10,2,1,7
S01007994,853,14,207,632,813,14,195,604,40,0,12,28,1,0,0,1,4,0,2,2,17,0,4,13,18,0,6,12
S01007995,887,32,274,581,860,32,268,560,27,0,6,21,0,0,0,0,3,0,0,3,9,0,2,7,15,0,4,11
S01007996,468,34,144,290,452,32,134,286,16,2,10,4,1,0,0,1,1,0,0,1,0,0,0,0,14,2,10,2
S01007997,669,30,209,430,636,30,194,412,33,0,15,18,6,0,2,4,3,0,3,0,1,0,0,1,23,0,10,13
S01007998,506,46,160,300,490,45,159,286,16,1,1,14,0,0,0,0,1,0,0,1,0,0,0,0,15,1,1,13
S01007999,656,216,294,146,647,214,288,145,9,2,6,1,0,0,0,0,0,0,0,0,0,0,0,0,9,2,6,1
S01008000,868,347,340,181,855,342,333,180,13,5,7,1,3,0,3,0,2,0,2,0,1,1,0,0,7,4,2,1
S01008001,858,377,369,112,840,369,365,106,18,8,4,6,4,2,1,1,1,1,0,0,6,2,2,2,7,3,1,3
S01008002,781,307,316,158,762,302,310,150,19,5,6,8,1,0,1,0,1,0,1,0,5,3,1,1,12,2,3,7
S01008003,596,139,236,221,555,130,229,196,41,9,7,25,2,0,0,2,13,7,2,4,11,2,0,9,15,0,5,10
S01008004,673,72,232,369,641,66,224,351,32,6,8,18,0,0,0,0,12,3,4,5,6,2,1,3,14,1,3,10
S01008005,565,105,223,237,538,97,221,220,27,8,2,17,0,0,0,0,10,5,1,4,4,1,0,3,13,2,1,10
S01008006,579,267,233,79,571,263,230,78,8,4,3,1,1,1,0,0,2,0,1,1,1,1,0,0,4,2,2,0
S01008007,430,229,147,54,418,226,142,50,12,3,5,4,0,0,0,0,3,0,1,2,2,1,0,1,7,2,4,1
S01008008,645,210,277,158,609,206,264,139,36,4,13,19,5,0,2,3,11,2,2,7,9,1,4,4,11,1,5,5
S01008009,785,304,335,146,764,301,325,138,21,3,10,8,6,0,5,1,8,2,2,4,4,0,2,2,3,1,1,1
S01008010,858,301,311,246,818,295,288,235,40,6,23,11,0,0,0,0,10,1,9,0,5,1,3,1,25,4,11,10
S01008011,657,366,196,95,634,355,187,92,23,11,9,3,4,0,2,2,4,1,3,0,4,1,2,1,11,9,2,0
S01008012,760,268,315,177,732,261,300,171,28,7,15,6,7,4,3,0,3,0,3,0,7,1,3,3,11,2,6,3
S01008013,605,200,243,162,588,191,237,160,17,9,6,2,5,3,2,0,3,3,0,0,1,1,0,0,8,2,4,2
S01008014,622,108,262,252,603,108,250,245,19,0,12,7,5,0,5,0,0,0,0,0,2,0,1,1,12,0,6,6
S01008015,776,242,381,153,759,240,370,149,17,2,11,4,1,0,0,1,0,0,0,0,5,0,5,0,11,2,6,3
S01008016,781,238,315,228,766,232,311,223,15,6,4,5,1,1,0,0,0,0,0,0,1,1,0,0,13,4,4,5
S01008017,879,51,303,525,853,50,291,512,26,1,12,13,2,0,1,1,2,0,2,0,5,0,5,0,17,1,4,12
S01008018,634,61,288,285,612,61,273,278,22,0,15,7,4,0,4,0,2,0,2,0,0,0,0,0,16,0,9,7
S01008019,695,45,271,379,677,45,265,367,18,0,6,12,2,0,0,2,0,0,0,0,0,0,0,0,16,0,6,10
S01008020,587,69,297,221,562,65,286,211,25,4,11,10,2,1,1,0,3,3,0,0,2,0,1,1,18,0,9,9
S01008021,571,44,238,289,554,39,229,286,17,5,9,3,2,2,0,0,3,0,3,0,0,0,0,0,12,3,6,3
S01008022,728,22,271,435,706,17,265,424,22,5,6,11,4,4,0,0,2,0,0,2,2,0,0,2,14,1,6,7
S01008023,734,12,199,523,711,12,191,508,23,0,8,15,3,0,3,0,2,0,1,1,1,0,0,1,17,0,4,13
S01008024,685,12,119,554,654,10,110,534,31,2,9,20,13,0,3,10,6,2,3,1,4,0,3,1,8,0,0,8
S01008025,685,32,266,387,676,29,264,383,9,3,2,4,0,0,0,0,0,0,0,0,2,1,1,0,7,2,1,4
S01008026,1026,228,423,375,1010,220,422,368,16,8,1,7,6,6,0,0,0,0,0,0,3,0,0,3,7,2,1,4
S01008027,563,147,283,133,553,145,277,131,10,2,6,2,0,0,0,0,0,0,0,0,2,0,2,0,8,2,4,2
S01008028,585,50,198,337,562,50,193,319,23,0,5,18,1,0,0,1,1,0,1,0,8,0,1,7,13,0,3,10
S01008029,784,78,229,477,761,76,219,466,23,2,10,11,1,0,1,0,1,0,1,0,2,0,2,0,19,2,6,11
S01008030,1054,118,389,547,1023,116,374,533,31,2,15,14,0,0,0,0,4,0,4,0,5,0,0,5,22,2,11,9
S01008031,881,185,370,326,865,182,362,321,16,3,8,5,0,0,0,0,0,0,0,0,0,0,0,0,16,3,8,5
S01008032,890,104,405,381,869,104,395,370,21,0,10,11,3,0,0,3,4,0,4,0,3,0,3,0,11,0,3,8
S01008033,810,10,166,634,761,5,152,604,49,5,14,30,3,0,0,3,13,4,1,8,5,0,2,3,28,1,11,16
S01008034,790,26,216,548,724,22,195,507,66,4,21,41,5,0,5,0,9,0,8,1,19,4,5,10,33,0,3,30
S01008035,627,65,248,314,613,64,242,307,14,1,6,7,0,0,0,0,1,0,1,0,2,0,2,0,11,1,3,7
S01008036,669,21,271,377,653,20,264,369,16,1,7,8,2,0,2,0,1,0,1,0,3,0,0,3,10,1,4,5
S01008037,1014,215,450,349,978,209,432,337,36,6,18,12,1,0,1,0,1,0,1,0,3,1,2,0,31,5,14,12
S01008038,761,172,312,277,742,171,306,265,19,1,6,12,0,0,0,0,2,0,1,1,5,0,1,4,12,1,4,7
S01008039,898,134,410,354,856,131,392,333,42,3,18,21,6,1,5,0,9,0,6,3,5,0,1,4,22,2,6,14
S01008040,814,59,347,408,778,58,324,396,36,1,23,12,3,0,2,1,3,0,1,2,4,0,3,1,26,1,17,8
S01008041,707,148,320,239,662,136,299,227,45,12,21,12,3,0,0,3,9,2,6,1,5,3,2,0,28,7,13,8
S01008042,597,47,233,317,557,42,217,298,40,5,16,19,5,0,2,3,3,2,1,0,2,0,1,1,30,3,12,15
S01008043,962,51,317,594,925,47,310,568,37,4,7,26,0,0,0,0,0,0,0,0,4,0,1,3,33,4,6,23
S01008044,959,86,398,475,918,77,382,459,41,9,16,16,6,2,3,1,0,0,0,0,8,3,2,3,27,4,11,12
S01008045,977,111,306,560,912,103,280,529,65,8,26,31,12,4,3,5,4,0,2,2,9,2,7,0,40,2,14,24
S01008046,847,325,318,204,819,313,308,198,28,12,10,6,1,1,0,0,3,1,2,0,2,1,0,1,22,9,8,5
S01008047,697,50,217,430,672,48,208,416,25,2,9,14,2,0,2,0,4,0,1,3,1,0,0,1,18,2,6,10
S01008048,575,19,184,372,559,19,175,365,16,0,9,7,0,0,0,0,0,0,0,0,0,0,0,0,16,0,9,7
S01008049,858,32,357,469,827,32,341,454,31,0,16,15,2,0,2,0,0,0,0,0,5,0,3,2,24,0,11,13
S01008050,618,36,171,411,558,34,147,377,60,2,24,34,1,1,0,0,4,0,2,2,11,0,8,3,44,1,14,29
S01008051,884,28,341,515,837,27,320,490,47,1,21,25,10,1,2,7,6,0,4,2,8,0,7,1,23,0,8,15
S01008052,829,40,269,520,796,38,255,503,33,2,14,17,1,0,1,0,1,0,0,1,3,0,2,1,28,2,11,15
S01008053,610,34,294,282,575,31,275,269,35,3,19,13,4,0,0,4,2,0,0,2,5,0,1,4,24,3,18,3
S01008054,769,101,234,434,717,93,217,407,52,8,17,27,6,3,1,2,4,0,2,2,1,0,0,1,41,5,14,22
S01008055,1049,21,336,692,991,19,315,657,58,2,21,35,4,2,0,2,12,0,8,4,4,0,1,3,38,0,12,26
S01008056,755,62,263,430,693,59,235,399,62,3,28,31,6,0,6,0,2,0,2,0,11,0,6,5,43,3,14,26
S01008057,936,43,319,574,871,41,288,542,65,2,31,32,7,0,5,2,6,0,6,0,10,0,9,1,42,2,11,29
S01008058,895,12,168,715,803,9,147,647,92,3,21,68,2,0,0,2,12,0,5,7,12,0,5,7,66,3,11,52
S01008059,678,18,229,431,641,17,209,415,37,1,20,16,5,0,5,0,1,0,0,1,8,0,4,4,23,1,11,11
S01008060,903,28,284,591,856,27,265,564,47,1,19,27,0,0,0,0,1,0,1,0,3,0,1,2,43,1,17,25
S01008061,704,51,264,389,659,47,242,370,45,4,22,19,2,0,2,0,5,3,1,1,12,1,10,1,26,0,9,17
S01008062,872,75,372,425,834,65,361,408,38,10,11,17,4,4,0,0,10,3,6,1,0,0,0,0,24,3,5,16
S01008063,936,47,363,526,863,41,334,488,73,6,29,38,2,1,1,0,8,0,3,5,7,0,4,3,56,5,21,30
S01008064,701,165,273,263,659,155,259,245,42,10,14,18,4,1,3,0,3,1,0,2,11,4,3,4,24,4,8,12
S01008065,993,13,323,657,917,13,301,603,76,0,22,54,0,0,0,0,8,0,1,7,9,0,3,6,59,0,18,41
S01008066,937,20,178,739,876,19,160,697,61,1,18,42,9,0,3,6,6,0,4,2,6,0,0,6,40,1,11,28
S01008067,629,21,214,394,586,17,198,371,43,4,16,23,6,0,5,1,6,0,0,6,8,4,0,4,23,0,11,12
S01008068,914,49,339,526,851,45,319,487,63,4,20,39,6,0,4,2,5,0,2,3,9,0,2,7,43,4,12,27
S01008069,932,100,475,357,881,94,453,334,51,6,22,23,3,0,1,2,5,0,0,5,17,6,5,6,26,0,16,10
S01008070,878,101,409,368,847,93,400,354,31,8,9,14,0,0,0,0,8,5,2,1,2,1,0,1,21,2,7,12
S01008071,702,77,321,304,677,74,308,295,25,3,13,9,0,0,0,0,0,0,0,0,4,0,3,1,21,3,10,8
S01008072,769,36,310,423,706,33,284,389,63,3,26,34,7,0,7,0,6,0,5,1,10,1,6,3,40,2,8,30
S01008073,471,14,105,352,427,10,89,328,44,4,16,24,0,0,0,0,3,2,0,1,2,0,0,2,39,2,16,21
S01008074,972,54,365,553,917,51,332,534,55,3,33,19,2,0,2,0,4,1,3,0,2,0,2,0,47,2,26,19
S01008075,613,29,182,402,579,29,170,380,34,0,12,22,0,0,0,0,0,0,0,0,3,0,3,0,31,0,9,22
S01008076,624,31,259,334,580,26,238,316,44,5,21,18,3,0,3,0,1,0,1,0,8,0,6,2,32,5,11,16
S01008077,831,33,285,513,778,30,260,488,53,3,25,25,7,1,6,0,1,0,0,1,3,0,2,1,42,2,17,23
S01008078,860,59,287,514,796,50,263,483,64,9,24,31,7,2,1,4,11,4,5,2,6,2,4,0,40,1,14,25
S01008079,905,40,263,602,836,35,236,565,69,5,27,37,4,0,3,1,8,0,7,1,7,1,1,5,50,4,16,30
S01008080,699,42,261,396,655,40,240,375,44,2,21,21,5,0,4,1,0,0,0,0,6,0,1,5,33,2,16,15
S01008081,599,31,163,405,551,23,154,374,48,8,9,31,6,5,0,1,2,1,1,0,7,1,1,5,33,1,7,25
S01008082,820,38,236,546,742,35,208,499,78,3,28,47,4,0,3,1,8,0,3,5,10,0,4,6,56,3,18,35
S01008083,727,30,212,485,669,27,198,444,58,3,14,41,1,0,0,1,2,1,1,0,5,0,2,3,50,2,11,37
S01008084,853,53,322,478,831,53,314,464,22,0,8,14,2,0,1,1,0,0,0,0,5,0,1,4,15,0,6,9
S01008085,973,40,209,724,943,40,202,701,30,0,7,23,0,0,0,0,3,0,2,1,5,0,4,1,22,0,1,21
S01008086,1091,67,368,656,1059,67,353,639,32,0,15,17,1,0,0,1,4,0,3,1,10,0,4,6,17,0,8,9
S01008087,856,64,328,464,815,58,315,442,41,6,13,22,0,0,0,0,0,0,0,0,1,0,0,1,40,6,13,21
S01008088,917,104,367,446,878,97,354,427,39,7,13,19,3,2,1,0,3,1,1,1,8,1,4,3,25,3,7,15
S01008089,653,43,245,365,623,38,236,349,30,5,9,16,0,0,0,0,3,3,0,0,2,1,0,1,25,1,9,15
S01008090,771,97,305,369,731,94,287,350,40,3,18,19,0,0,0,0,2,0,1,1,6,0,1,5,32,3,16,13
S01008091,385,16,152,217,379,16,149,214,6,0,3,3,1,0,0,1,0,0,0,0,2,0,2,0,3,0,1,2
S01008092,908,60,375,473,869,59,363,447,39,1,12,26,0,0,0,0,0,0,0,0,7,0,0,7,32,1,12,19
S01008093,809,80,305,424,784,77,290,417,25,3,15,7,0,0,0,0,3,1,1,1,10,0,6,4,12,2,8,2
S01008094,667,35,196,436,637,35,186,416,30,0,10,20,0,0,0,0,1,0,1,0,4,0,2,2,25,0,7,18
S01008095,744,105,347,292,723,100,337,286,21,5,10,6,2,2,0,0,0,0,0,0,0,0,0,0,19,3,10,6
S01008096,790,91,311,388,774,91,302,381,16,0,9,7,3,0,2,1,0,0,0,0,2,0,2,0,11,0,5,6
S01008097,628,99,260,269,609,98,255,256,19,1,5,13,0,0,0,0,1,0,0,1,4,0,1,3,14,1,4,9
S01008098,750,64,355,331,722,62,337,323,28,2,18,8,3,0,1,2,1,0,1,0,8,0,8,0,16,2,8,6
S01008099,521,47,259,215,512,47,252,213,9,0,7,2,0,0,0,0,0,0,0,0,4,0,4,0,5,0,3,2
S01008100,946,112,328,506,884,105,309,470,62,7,19,36,1,0,1,0,0,0,0,0,4,0,0,4,57,7,18,32
S01008101,790,119,355,316,762,116,345,301,28,3,10,15,1,0,1,0,0,0,0,0,2,1,1,0,25,2,8,15
S01008102,749,110,348,291,719,103,338,278,30,7,10,13,0,0,0,0,0,0,0,0,9,3,4,2,21,4,6,11
S01008103,610,199,287,124,584,194,273,117,26,5,14,7,0,0,0,0,1,1,0,0,10,0,7,3,15,4,7,4
S01008104,864,250,386,228,846,248,372,226,18,2,14,2,1,0,1,0,4,0,4,0,2,0,1,1,11,2,8,1
S01008105,1072,335,463,274,1042,328,449,265,30,7,14,9,1,1,0,0,3,0,2,1,8,1,7,0,18,5,5,8
S01008106,785,276,315,194,763,272,306,185,22,4,9,9,1,1,0,0,6,0,5,1,4,2,0,2,11,1,4,6
S01008107,909,38,229,642,815,28,206,581,94,10,23,61,6,0,4,2,9,6,1,2,12,0,7,5,67,4,11,52
S01008108,655,34,277,344,618,33,258,327,37,1,19,17,0,0,0,0,2,0,2,0,6,0,5,1,29,1,12,16
S01008109,940,77,360,503,915,76,346,493,25,1,14,10,0,0,0,0,1,0,1,0,3,0,3,0,21,1,10,10
S01008110,881,48,371,462,830,47,353,430,51,1,18,32,1,0,1,0,2,0,2,0,9,0,4,5,39,1,11,27
S01008111,869,107,319,443,832,102,306,424,37,5,13,19,2,0,1,1,0,0,0,0,1,0,1,0,34,5,11,18
S01008112,816,50,397,369,780,46,376,358,36,4,21,11,0,0,0,0,0,0,0,0,5,2,2,1,31,2,19,10
S01008113,891,83,331,477,850,79,314,457,41,4,17,20,1,0,1,0,0,0,0,0,2,1,1,0,38,3,15,20
S01008114,685,40,311,334,667,39,302,326,18,1,9,8,0,0,0,0,1,0,1,0,1,0,1,0,16,1,7,8
S01008115,913,93,406,414,853,91,376,386,60,2,30,28,4,0,1,3,2,0,2,0,4,0,1,3,50,2,26,22
S01008116,933,37,366,530,882,33,336,513,51,4,30,17,3,0,3,0,4,1,0,3,6,0,6,0,38,3,21,14
S01008117,800,55,310,435,770,54,295,421,30,1,15,14,0,0,0,0,2,0,2,0,4,0,0,4,24,1,13,10
S01008118,882,114,339,429,859,113,323,423,23,1,16,6,0,0,0,0,5,0,5,0,2,0,2,0,16,1,9,6
S01008119,665,137,297,231,646,134,288,224,19,3,9,7,0,0,0,0,5,0,0,5,1,0,1,0,13,3,8,2
S01008120,635,110,242,283,611,108,231,272,24,2,11,11,0,0,0,0,4,0,3,1,3,0,1,2,17,2,7,8
S01008121,662,43,208,411,644,41,203,400,18,2,5,11,0,0,0,0,1,0,1,0,3,0,0,3,14,2,4,8
S01008122,752,10,221,521,707,10,201,496,45,0,20,25,10,0,8,2,1,0,1,0,3,0,2,1,31,0,9,22
S01008123,904,56,291,557,878,56,285,537,26,0,6,20,4,0,0,4,0,0,0,0,1,0,0,1,21,0,6,15
S01008124,835,38,257,540,809,35,248,526,26,3,9,14,0,0,0,0,2,2,0,0,2,0,1,1,22,1,8,13
S01008125,881,71,326,484,851,66,313,472,30,5,13,12,6,3,1,2,0,0,0,0,1,0,1,0,23,2,11,10
S01008126,812,17,270,525,796,16,260,520,16,1,10,5,0,0,0,0,0,0,0,0,0,0,0,0,16,1,10,5
S01008127,489,14,189,286,476,13,182,281,13,1,7,5,0,0,0,0,2,0,1,1,1,0,1,0,10,1,5,4
S01008128,880,63,367,450,863,60,361,442,17,3,6,8,0,0,0,0,2,0,2,0,4,0,3,1,11,3,1,7
S01008129,891,210,389,292,861,203,378,280,30,7,11,12,0,0,0,0,3,0,3,0,6,3,2,1,21,4,6,11
S01008130,955,290,385,280,919,285,367,267,36,5,18,13,2,0,0,2,6,1,2,3,5,0,5,0,23,4,11,8
S01008131,766,228,349,189,748,219,341,188,18,9,8,1,0,0,0,0,4,2,2,0,0,0,0,0,14,7,6,1
S01008132,1025,71,399,555,991,64,381,546,34,7,18,9,1,1,0,0,1,1,0,0,7,2,2,3,25,3,16,6
S01008133,630,186,222,222,596,168,210,218,34,18,12,4,6,4,0,2,9,4,5,0,5,4,1,0,14,6,6,2
S01008134,602,147,235,220,572,128,231,213,30,19,4,7,2,1,0,1,4,4,0,0,10,10,0,0,14,4,4,6
S01008135,1105,186,424,495,1060,173,403,484,45,13,21,11,4,1,2,1,13,5,7,1,11,3,8,0,17,4,4,9
S01008136,875,234,409,232,855,228,402,225,20,6,7,7,0,0,0,0,1,0,1,0,2,0,2,0,17,6,4,7
S01008137,900,461,300,139,885,460,289,136,15,1,11,3,0,0,0,0,0,0,0,0,7,0,5,2,8,1,6,1
S01008138,852,346,365,141,832,339,353,140,20,7,12,1,0,0,0,0,7,0,7,0,6,4,2,0,7,3,3,1
S01008139,875,226,387,262,860,222,382,256,15,4,5,6,0,0,0,0,0,0,0,0,2,0,0,2,13,4,5,4
S01008140,522,183,189,150,516,181,188,147,6,2,1,3,0,0,0,0,0,0,0,0,0,0,0,0,6,2,1,3
S01008141,840,50,315,475,820,48,305,467,20,2,10,8,0,0,0,0,4,0,4,0,3,1,1,1,13,1,5,7
S01008142,802,35,269,498,793,35,267,491,9,0,2,7,0,0,0,0,2,0,0,2,4,0,1,3,3,0,1,2
S01008143,899,196,419,284,879,193,406,280,20,3,13,4,0,0,0,0,2,0,2,0,2,0,2,0,16,3,9,4
S01008144,614,31,197,386,608,31,194,383,6,0,3,3,0,0,0,0,0,0,0,0,1,0,0,1,5,0,3,2
S01008145,808,170,343,295,796,170,338,288,12,0,5,7,0,0,0,0,3,0,3,0,3,0,2,1,6,0,0,6
S01008146,499,153,189,157,493,152,184,157,6,1,5,0,0,0,0,0,0,0,0,0,1,0,1,0,5,1,4,0
S01008147,788,135,398,255,776,134,391,251,12,1,7,4,2,0,2,0,0,0,0,0,1,0,0,1,9,1,5,3
S01008148,747,114,224,409,739,114,220,405,8,0,4,4,0,0,0,0,0,0,0,0,0,0,0,0,8,0,4,4
S01008149,707,137,351,219,691,136,339,216,16,1,12,3,3,0,2,1,0,0,0,0,6,0,6,0,7,1,4,2
S01008150,941,212,454,275,925,207,447,271,16,5,7,4,3,3,0,0,4,1,3,0,2,1,1,0,7,0,3,4
S01008151,704,168,343,193,690,165,336,189,14,3,7,4,1,0,1,0,2,1,1,0,0,0,0,0,11,2,5,4
S01008152,1057,302,467,288,1025,293,452,280,32,9,15,8,5,0,3,2,0,0,0,0,3,1,1,1,24,8,11,5
S01008153,795,50,217,528,780,48,212,520,15,2,5,8,2,0,0,2,1,0,1,0,1,0,1,0,11,2,3,6
S01008154,828,72,369,387,817,71,362,384,11,1,7,3,0,0,0,0,1,0,1,0,1,1,0,0,9,0,6,3
S01008155,670,40,257,373,646,38,248,360,24,2,9,13,6,0,0,6,1,0,1,0,2,0,2,0,15,2,6,7
S01008156,919,163,330,426,895,161,315,419,24,2,15,7,0,0,0,0,8,0,6,2,3,0,2,1,13,2,7,4
S01008157,746,65,235,446,724,62,226,436,22,3,9,10,3,3,0,0,2,0,2,0,1,0,0,1,16,0,7,9
S01008158,715,32,208,475,683,24,197,462,32,8,11,13,2,2,0,0,5,1,0,4,5,0,5,0,20,5,6,9
S01008159,987,361,408,218,962,353,397,212,25,8,11,6,4,1,3,0,1,0,0,1,5,3,1,1,15,4,7,4
S01008160,942,254,352,336,925,251,344,330,17,3,8,6,2,0,1,1,1,1,0,0,7,0,5,2,7,2,2,3
S01008161,1035,49,350,636,993,42,331,620,42,7,19,16,5,4,0,1,6,0,5,1,7,0,5,2,24,3,9,12
S01008162,993,145,347,501,961,143,335,483,32,2,12,18,0,0,0,0,5,0,2,3,7,0,4,3,20,2,6,12
S01008163,758,157,362,239,732,153,346,233,26,4,16,6,3,0,2,1,4,0,2,2,6,0,6,0,13,4,6,3
S01008164,650,141,253,256,611,133,235,243,39,8,18,13,6,4,2,0,8,2,2,4,8,0,4,4,17,2,10,5
S01008165,763,28,323,412,711,21,293,397,52,7,30,15,4,1,2,1,6,1,5,0,24,3,13,8,18,2,10,6
S01008166,559,133,250,176,544,132,243,169,15,1,7,7,0,0,0,0,8,0,4,4,3,0,2,1,4,1,1,2
S01008167,724,208,370,146,693,201,356,136,31,7,14,10,1,0,0,1,5,0,3,2,7,0,4,3,18,7,7,4
S01008168,816,242,372,202,773,233,347,193,43,9,25,9,2,0,1,1,5,0,4,1,21,4,12,5,15,5,8,2
S01008169,711,176,325,210,685,172,314,199,26,4,11,11,4,0,1,3,9,2,3,4,3,0,2,1,10,2,5,3
S01008170,575,57,197,321,562,56,193,313,13,1,4,8,1,1,0,0,2,0,1,1,0,0,0,0,10,0,3,7
S01008171,733,181,377,175,682,166,353,163,51,15,24,12,3,0,3,0,6,0,4,2,18,8,5,5,24,7,12,5
S01008172,557,106,308,143,536,101,298,137,21,5,10,6,2,0,2,0,1,0,1,0,3,0,1,2,15,5,6,4
S01008173,664,56,300,308,644,54,292,298,20,2,8,10,0,0,0,0,4,0,4,0,3,0,0,3,13,2,4,7
S01008174,532,70,224,238,518,66,216,236,14,4,8,2,0,0,0,0,4,3,1,0,1,0,1,0,9,1,6,2
S01008175,750,212,368,170,703,199,343,161,47,13,25,9,5,3,1,1,10,0,9,1,6,2,2,2,26,8,13,5
S01008176,727,80,300,347,682,74,276,332,45,6,24,15,8,1,6,1,8,3,3,2,7,2,5,0,22,0,10,12
S01008177,776,213,393,170,742,203,380,159,34,10,13,11,5,4,1,0,6,2,0,4,4,1,3,0,19,3,9,7
S01008178,640,71,301,268,619,66,289,264,21,5,12,4,0,0,0,0,5,1,4,0,8,1,7,0,8,3,1,4
S01008179,512,20,190,302,491,20,185,286,21,0,5,16,3,0,1,2,1,0,1,0,4,0,2,2,13,0,1,12
S01008180,473,6,146,321,465,6,144,315,8,0,2,6,0,0,0,0,1,0,0,1,0,0,0,0,7,0,2,5
S01008181,678,65,279,334,651,61,262,328,27,4,17,6,2,1,1,0,6,0,6,0,6,1,5,0,13,2,5,6
S01008182,924,331,426,167,816,284,379,153,108,47,47,14,11,10,1,0,30,6,18,6,27,8,17,2,40,23,11,6
S01008183,642,130,333,179,583,114,304,165,59,16,29,14,7,2,5,0,16,4,8,4,7,0,3,4,29,10,13,6
S01008184,798,288,346,164,724,266,307,151,74,22,39,13,19,7,10,2,18,3,11,4,14,2,9,3,23,10,9,4
S01008185,1012,383,480,149,917,350,433,134,95,33,47,15,25,9,8,8,29,9,15,5,25,10,14,1,16,5,10,1
S01008186,628,221,299,108,574,199,273,102,54,22,26,6,8,4,4,0,18,7,11,0,10,5,4,1,18,6,7,5
S01008187,617,182,275,160,575,169,258,148,42,13,17,12,6,4,1,1,7,3,4,0,5,0,3,2,24,6,9,9
S01008188,920,352,413,155,852,334,378,140,68,18,35,15,8,3,4,1,29,9,18,2,14,3,7,4,17,3,6,8
S01008189,565,122,252,191,532,114,233,185,33,8,19,6,3,1,2,0,14,1,13,0,5,2,1,2,11,4,3,4
S01008190,877,234,423,220,837,227,398,212,40,7,25,8,2,0,2,0,5,0,5,0,15,3,9,3,18,4,9,5
S01008191,478,128,198,152,462,125,193,144,16,3,5,8,2,1,0,1,0,0,0,0,2,2,0,0,12,0,5,7
S01008192,773,206,350,217,685,167,317,201,88,39,33,16,34,21,6,7,24,8,10,6,8,3,5,0,22,7,12,3
S01008193,790,117,399,274,744,114,372,258,46,3,27,16,1,1,0,0,14,0,11,3,11,0,9,2,20,2,7,11
S01008194,584,126,272,186,539,115,258,166,45,11,14,20,1,0,0,1,15,3,5,7,9,1,4,4,20,7,5,8
S01008195,796,246,358,192,744,239,339,166,52,7,19,26,10,4,5,1,10,0,3,7,14,1,6,7,18,2,5,11
S01008196,796,246,368,182,763,242,347,174,33,4,21,8,3,2,1,0,6,0,6,0,13,0,9,4,11,2,5,4
S01008197,940,99,472,369,866,90,435,341,74,9,37,28,9,1,3,5,27,7,14,6,19,1,8,10,19,0,12,7
S01008198,693,161,389,143,670,157,371,142,23,4,18,1,1,0,1,0,6,0,5,1,4,0,4,0,12,4,8,0
S01008199,776,225,366,185,750,223,344,183,26,2,22,2,6,0,6,0,6,1,5,0,6,0,6,0,8,1,5,2
S01008200,628,182,289,157,609,178,281,150,19,4,8,7,0,0,0,0,4,1,3,0,3,0,1,2,12,3,4,5
S01008201,797,263,327,207,759,254,312,193,38,9,15,14,4,0,2,2,8,0,3,5,9,1,3,5,17,8,7,2
S01008202,567,129,255,183,547,126,249,172,20,3,6,11,2,0,2,0,2,0,0,2,2,1,1,0,14,2,3,9
S01008203,556,196,269,91,533,192,253,88,23,4,16,3,3,0,2,1,4,0,4,0,7,2,5,0,9,2,5,2
S01008204,875,245,384,246,857,238,377,242,18,7,7,4,1,1,0,0,3,0,1,2,2,2,0,0,12,4,6,2
S01008205,680,139,312,229,657,138,300,219,23,1,12,10,10,1,9,0,1,0,1,0,3,0,1,2,9,0,1,8
S01008206,654,152,322,180,638,148,311,179,16,4,11,1,1,1,0,0,5,0,5,0,7,3,4,0,3,0,2,1
S01008207,618,164,269,185,610,163,267,180,8,1,2,5,0,0,0,0,0,0,0,0,2,0,1,1,6,1,1,4
S01008208,793,95,333,365,743,91,311,341,50,4,22,24,4,0,0,4,14,2,10,2,13,2,4,7,19,0,8,11
S01008209,563,30,223,310,538,30,208,300,25,0,15,10,0,0,0,0,4,0,4,0,8,0,8,0,13,0,3,10
S01008210,935,170,410,355,901,164,390,347,34,6,20,8,2,0,1,1,4,0,4,0,8,2,4,2,20,4,11,5
S01008211,887,174,345,368,838,164,320,354,49,10,25,14,8,3,4,1,2,0,1,1,8,1,4,3,31,6,16,9
S01008212,583,27,204,352,566,27,198,341,17,0,6,11,1,0,0,1,2,0,0,2,4,0,3,1,10,0,3,7
S01008213,1029,55,406,568,1011,55,398,558,18,0,8,10,4,0,2,2,1,0,1,0,5,0,1,4,8,0,4,4
S01008214,704,153,360,191,691,148,354,189,13,5,6,2,0,0,0,0,1,0,0,1,0,0,0,0,12,5,6,1
S01008215,735,106,323,306,699,104,298,297,36,2,25,9,1,0,0,1,8,0,8,0,12,1,9,2,15,1,8,6
S01008216,515,22,190,303,498,22,178,298,17,0,12,5,1,0,1,0,5,0,5,0,4,0,3,1,7,0,3,4
S01008217,557,18,193,346,534,16,182,336,23,2,11,10,7,0,5,2,1,0,1,0,0,0,0,0,15,2,5,8
S01008218,1077,26,368,683,1048,25,359,664,29,1,9,19,0,0,0,0,5,0,2,3,8,0,2,6,16,1,5,10
S01008219,933,172,390,371,881,165,358,358,52,7,32,13,0,0,0,0,18,1,14,3,13,2,8,3,21,4,10,7
S01008220,644,167,230,247,620,164,221,235,24,3,9,12,1,0,0,1,7,1,6,0,8,0,0,8,8,2,3,3
S01008221,718,285,314,119,676,266,293,117,42,19,21,2,6,6,0,0,8,3,5,0,16,5,10,1,12,5,6,1
S01008222,641,167,278,196,624,163,270,191,17,4,8,5,1,0,0,1,6,0,6,0,1,0,1,0,9,4,1,4
S01008223,597,136,247,214,579,133,234,212,18,3,13,2,3,1,2,0,5,0,5,0,3,1,1,1,7,1,5,1
S01008224,907,74,333,500,871,69,310,492,36,5,23,8,6,0,5,1,7,0,7,0,4,0,2,2,19,5,9,5
S01008225,714,90,303,321,701,88,302,311,13,2,1,10,0,0,0,0,4,1,0,3,1,0,0,1,8,1,1,6
S01008226,755,231,321,203,735,228,313,194,20,3,8,9,0,0,0,0,3,0,3,0,4,1,1,2,13,2,4,7
S01008227,819,230,366,223,798,226,353,219,21,4,13,4,2,0,1,1,1,0,1,0,9,1,7,1,9,3,4,2
S01008228,639,78,198,363,598,64,188,346,41,14,10,17,12,8,1,3,2,1,0,1,6,4,2,0,21,1,7,13
S01008229,686,151,342,193,668,150,335,183,18,1,7,10,0,0,0,0,5,0,1,4,3,0,1,2,10,1,5,4
S01008230,811,55,257,499,771,48,247,476,40,7,10,23,2,1,1,0,5,0,5,0,12,4,4,4,21,2,0,19
S01008231,794,23,204,567,772,20,200,552,22,3,4,15,0,0,0,0,2,0,0,2,0,0,0,0,20,3,4,13
S01008232,686,85,254,347,658,83,241,334,28,2,13,13,0,0,0,0,5,0,1,4,10,0,4,6,13,2,8,3
S01008233,467,30,169,268,437,28,149,260,30,2,20,8,2,0,1,1,8,0,7,1,10,1,9,0,10,1,3,6
S01008234,387,76,160,151,378,75,155,148,9,1,5,3,0,0,0,0,0,0,0,0,0,0,0,0,9,1,5,3
S01008235,829,113,317,399,811,110,312,389,18,3,5,10,3,0,1,2,3,0,2,1,3,0,1,2,9,3,1,5
S01008236,845,151,307,387,817,146,296,375,28,5,11,12,1,1,0,0,4,0,2,2,5,0,2,3,18,4,7,7
S01008237,864,99,360,405,833,98,346,389,31,1,14,16,1,0,0,1,6,0,1,5,8,1,3,4,16,0,10,6
S01008238,756,147,295,314,741,143,292,306,15,4,3,8,0,0,0,0,4,1,3,0,3,3,0,0,8,0,0,8
S01008239,760,85,242,433,748,84,236,428,12,1,6,5,0,0,0,0,3,0,2,1,4,0,1,3,5,1,3,1
S01008240,885,19,311,555,858,19,298,541,27,0,13,14,0,0,0,0,5,0,3,2,4,0,3,1,18,0,7,11
S01008241,648,15,185,448,617,13,172,432,31,2,13,16,0,0,0,0,3,1,1,1,4,0,3,1,24,1,9,14
S01008242,900,117,372,411,870,115,360,395,30,2,12,16,1,0,0,1,2,0,2,0,5,0,3,2,22,2,7,13
S01008243,936,54,276,606,890,48,267,575,46,6,9,31,6,4,0,2,6,0,0,6,11,1,5,5,23,1,4,18
S01008244,574,52,196,326,542,48,177,317,32,4,19,9,3,0,3,0,2,0,2,0,6,0,3,3,21,4,11,6
S01008245,992,65,290,637,951,65,274,612,41,0,16,25,0,0,0,0,5,0,5,0,9,0,3,6,27,0,8,19
S01008246,933,26,217,690,888,21,201,666,45,5,16,24,6,4,0,2,2,0,1,1,5,0,2,3,32,1,13,18
S01008247,789,19,177,593,748,17,163,568,41,2,14,25,3,0,1,2,4,0,2,2,1,0,1,0,33,2,10,21
S01008248,936,77,286,573,891,76,265,550,45,1,21,23,1,0,0,1,3,0,3,0,3,0,2,1,38,1,16,21
S01008249,883,32,258,593,814,28,226,560,69,4,32,33,0,0,0,0,8,0,7,1,14,1,7,6,47,3,18,26
S01008250,1024,42,326,656,964,38,309,617,60,4,17,39,7,0,4,3,7,0,2,5,12,2,0,10,34,2,11,21
S01008251,754,17,188,549,725,16,174,535,29,1,14,14,9,1,7,1,2,0,2,0,0,0,0,0,18,0,5,13
S01008252,825,19,347,459,795,18,328,449,30,1,19,10,2,0,2,0,1,0,1,0,3,0,2,1,24,1,14,9
S01008253,755,146,326,283,721,142,310,269,34,4,16,14,4,0,4,0,5,2,1,2,2,0,1,1,23,2,10,11
S01008254,973,202,463,308,923,192,437,294,50,10,26,14,6,4,2,0,0,0,0,0,17,0,13,4,27,6,11,10
S01008255,725,91,294,340,695,85,281,329,30,6,13,11,1,0,1,0,4,4,0,0,7,2,4,1,18,0,8,10
S01008256,838,246,335,257,778,226,313,239,60,20,22,18,7,2,1,4,13,6,7,0,11,4,5,2,29,8,9,12
S01008257,642,197,275,170,607,185,258,164,35,12,17,6,7,4,2,1,7,0,6,1,2,0,1,1,19,8,8,3
S01008258,809,76,418,315,764,68,391,305,45,8,27,10,3,0,2,1,10,3,7,0,8,3,4,1,24,2,14,8
S01008259,777,127,292,358,697,109,264,324,80,18,28,34,14,4,6,4,21,9,7,5,6,0,4,2,39,5,11,23
S01008260,780,187,325,268,733,178,303,252,47,9,22,16,2,2,0,0,10,3,7,0,13,2,5,6,22,2,10,10
S01008261,901,174,357,370,871,167,350,354,30,7,7,16,2,0,1,1,4,2,2,0,3,0,1,2,21,5,3,13
S01008262,612,21,167,424,587,21,158,408,25,0,9,16,1,0,0,1,2,0,1,1,5,0,3,2,17,0,5,12
S01008263,560,54,261,245,516,53,234,229,44,1,27,16,0,0,0,0,7,0,6,1,8,0,3,5,29,1,18,10
S01008264,751,105,317,329,723,100,302,321,28,5,15,8,1,0,1,0,3,1,1,1,5,1,3,1,19,3,10,6
S01008265,706,46,284,376,668,40,268,360,38,6,16,16,1,1,0,0,8,3,4,1,8,1,5,2,21,1,7,13
S01008266,678,39,215,424,638,39,195,404,40,0,20,20,3,0,0,3,2,0,0,2,4,0,2,2,31,0,18,13
S01008267,808,54,234,520,760,43,221,496,48,11,13,24,8,0,4,4,7,0,5,2,8,7,1,0,25,4,3,18
S01008268,827,33,299,495,768,26,278,464,59,7,21,31,5,0,0,5,4,0,2,2,8,1,4,3,42,6,15,21
S01008269,808,108,368,332,771,101,348,322,37,7,20,10,4,0,4,0,5,1,0,4,4,0,4,0,24,6,12,6
S01008270,785,105,384,296,732,97,362,273,53,8,22,23,3,0,3,0,6,1,5,0,10,1,1,8,34,6,13,15
S01008271,664,184,340,140,583,161,301,121,81,23,39,19,23,8,9,6,9,4,4,1,14,2,10,2,35,9,16,10
S01008272,1002,94,328,580,933,86,307,540,69,8,21,40,6,0,0,6,8,0,4,4,21,5,5,11,34,3,12,19
S01008273,841,81,324,436,794,72,314,408,47,9,10,28,3,1,0,2,10,2,2,6,10,0,1,9,24,6,7,11
S01008274,729,166,323,240,696,166,305,225,33,0,18,15,6,0,6,0,7,0,4,3,0,0,0,0,20,0,8,12
S01008275,558,78,210,270,522,76,192,254,36,2,18,16,5,0,1,4,11,0,8,3,5,1,2,2,15,1,7,7
S01008276,557,28,149,380,530,26,141,363,27,2,8,17,1,0,0,1,6,0,4,2,3,0,1,2,17,2,3,12
S01008277,502,8,134,360,475,7,117,351,27,1,17,9,1,0,1,0,2,0,2,0,6,0,6,0,18,1,8,9
S01008278,774,19,243,512,728,18,221,489,46,1,22,23,2,0,2,0,3,0,2,1,7,0,3,4,34,1,15,18
S01008279,733,70,309,354,709,68,301,340,24,2,8,14,0,0,0,0,8,0,2,6,2,1,1,0,14,1,5,8
S01008280,939,112,273,554,887,107,252,528,52,5,21,26,1,1,0,0,11,2,6,3,7,1,2,4,33,1,13,19
S01008281,726,31,261,434,682,28,241,413,44,3,20,21,7,0,3,4,4,0,1,3,6,0,2,4,27,3,14,10
S01008282,686,42,225,419,645,37,208,400,41,5,17,19,8,2,4,2,4,0,2,2,4,0,1,3,25,3,10,12
S01008283,504,21,144,339,475,21,132,322,29,0,12,17,6,0,4,2,0,0,0,0,2,0,0,2,21,0,8,13
S01008284,892,96,352,444,861,96,337,428,31,0,15,16,3,0,0,3,0,0,0,0,9,0,9,0,19,0,6,13
S01008285,754,226,367,161,714,215,351,148,40,11,16,13,8,4,1,3,13,0,9,4,9,4,5,0,10,3,1,6
S01008286,724,160,312,252,699,157,298,244,25,3,14,8,2,1,1,0,5,1,4,0,2,0,1,1,16,1,8,7
S01008287,737,141,313,283,706,134,298,274,31,7,15,9,9,5,2,2,0,0,0,0,3,1,2,0,19,1,11,7
S01008288,899,184,401,314,831,172,368,291,68,12,33,23,11,2,6,3,7,5,2,0,13,2,6,5,37,3,19,15
S01008289,617,196,280,141,585,190,266,129,32,6,14,12,10,4,5,1,6,0,2,4,3,0,0,3,13,2,7,4
S01008290,864,171,413,280,793,151,371,271,71,20,42,9,17,10,6,1,12,2,9,1,9,2,7,0,33,6,20,7
S01008291,717,113,364,240,696,108,351,237,21,5,13,3,0,0,0,0,2,0,2,0,4,2,2,0,15,3,9,3
S01008292,831,150,398,283,802,147,386,269,29,3,12,14,3,0,1,2,5,0,3,2,3,0,1,2,18,3,7,8
S01008293,606,11,217,378,590,11,209,370,16,0,8,8,1,0,1,0,0,0,0,0,2,0,1,1,13,0,6,7
S01008294,937,67,335,535,888,62,306,520,49,5,29,15,3,2,0,1,8,0,5,3,11,1,9,1,27,2,15,10
S01008295,957,70,388,499,934,67,377,490,23,3,11,9,1,0,1,0,0,0,0,0,2,1,1,0,20,2,9,9
S01008296,687,211,215,261,675,209,208,258,12,2,7,3,0,0,0,0,0,0,0,0,2,0,0,2,10,2,7,1
S01008297,789,84,292,413,772,80,287,405,17,4,5,8,0,0,0,0,1,1,0,0,2,0,0,2,14,3,5,6
S01008298,745,68,294,383,729,66,285,378,16,2,9,5,1,0,1,0,0,0,0,0,5,2,3,0,10,0,5,5
S01008299,813,313,342,158,796,308,333,155,17,5,9,3,1,0,0,1,1,0,1,0,1,0,1,0,14,5,7,2
S01008300,846,221,365,260,831,220,359,252,15,1,6,8,0,0,0,0,1,1,0,0,5,0,2,3,9,0,4,5
S01008301,832,55,307,470,812,54,295,463,20,1,12,7,3,0,3,0,3,0,0,3,3,0,3,0,11,1,6,4
S01008302,745,20,186,539,726,20,180,526,19,0,6,13,1,0,0,1,0,0,0,0,2,0,0,2,16,0,6,10
S01008303,558,123,204,231,541,120,199,222,17,3,5,9,1,0,0,1,1,0,1,0,1,0,1,0,14,3,3,8
S01008304,476,70,136,270,455,68,133,254,21,2,3,16,4,0,1,3,1,0,0,1,4,2,0,2,12,0,2,10
S01008305,791,43,343,405,773,41,337,395,18,2,6,10,0,0,0,0,0,0,0,0,0,0,0,0,18,2,6,10
S01008306,611,33,225,353,600,33,219,348,11,0,6,5,0,0,0,0,0,0,0,0,2,0,0,2,9,0,6,3
S01008307,589,35,223,331,575,32,216,327,14,3,7,4,1,0,0,1,0,0,0,0,3,3,0,0,10,0,7,3
S01008308,566,33,193,340,538,25,180,333,28,8,13,7,3,3,0,0,13,4,6,3,7,1,3,3,5,0,4,1
S01008309,706,300,261,145,686,290,254,142,20,10,7,3,2,2,0,0,3,2,1,0,5,3,2,0,10,3,4,3
S01008310,949,249,367,333,930,244,357,329,19,5,10,4,0,0,0,0,1,0,1,0,3,0,3,0,15,5,6,4
S01008311,384,87,140,157,374,87,133,154,10,0,7,3,0,0,0,0,2,0,1,1,2,0,1,1,6,0,5,1
S01008312,413,74,145,194,404,72,143,189,9,2,2,5,0,0,0,0,1,0,0,1,3,0,1,2,5,2,1,2
S01008313,834,284,347,203,810,277,337,196,24,7,10,7,2,1,0,1,4,1,2,1,6,4,1,1,12,1,7,4
S01008314,566,235,248,83,541,231,230,80,25,4,18,3,0,0,0,0,12,0,11,1,5,3,2,0,8,1,5,2
S01008315,748,305,329,114,729,295,326,108,19,10,3,6,0,0,0,0,5,2,0,3,1,0,1,0,13,8,2,3
S01008316,598,264,238,96,563,260,217,86,35,4,21,10,5,1,4,0,10,0,6,4,11,2,5,4,9,1,6,2
S01008317,738,145,301,292,706,139,283,284,32,6,18,8,4,3,1,0,7,2,4,1,4,0,3,1,17,1,10,6
S01008318,923,61,301,561,894,58,286,550,29,3,15,11,1,0,0,1,4,3,0,1,7,0,6,1,17,0,9,8
S01008319,739,187,367,185,716,182,354,180,23,5,13,5,0,0,0,0,2,0,2,0,8,2,3,3,13,3,8,2
S01008320,633,112,285,236,621,110,278,233,12,2,7,3,2,0,2,0,1,0,1,0,2,0,2,0,7,2,2,3
S01008321,546,19,197,330,530,17,191,322,16,2,6,8,1,0,1,0,0,0,0,0,2,2,0,0,13,0,5,8
S01008322,1055,253,455,347,1029,248,440,341,26,5,15,6,5,2,2,1,8,2,6,0,0,0,0,0,13,1,7,5
S01008323,799,254,325,220,782,253,319,210,17,1,6,10,1,0,0,1,1,0,0,1,4,0,0,4,11,1,6,4
S01008324,651,192,257,202,641,191,249,201,10,1,8,1,0,0,0,0,1,0,1,0,5,0,4,1,4,1,3,0
S01008325,764,247,316,201,716,240,289,187,48,7,27,14,5,0,3,2,15,1,10,4,16,2,11,3,12,4,3,5
S01008326,990,294,494,202,950,287,471,192,40,7,23,10,0,0,0,0,9,2,4,3,17,1,13,3,14,4,6,4
S01008327,857,249,351,257,838,246,339,253,19,3,12,4,0,0,0,0,0,0,0,0,8,0,7,1,11,3,5,3
S01008328,699,11,191,497,640,10,174,456,59,1,17,41,1,0,0,1,3,0,1,2,23,0,9,14,32,1,7,24
S01008329,883,14,253,616,815,13,232,570,68,1,21,46,4,0,3,1,3,0,2,1,5,0,3,2,56,1,13,42
S01008330,871,36,297,538,778,27,261,490,93,9,36,48,4,3,0,1,5,1,4,0,23,3,6,14,61,2,26,33
S01008331,602,35,196,371,542,35,178,329,60,0,18,42,3,0,0,3,7,0,4,3,9,0,5,4,41,0,9,32
S01008332,884,70,271,543,813,67,245,501,71,3,26,42,2,0,2,0,4,0,3,1,9,1,8,0,56,2,13,41
S01008333,943,101,274,568,888,98,259,531,55,3,15,37,3,0,3,0,4,0,3,1,7,0,0,7,41,3,9,29
S01008334,731,31,241,459,666,26,221,419,65,5,20,40,7,0,5,2,4,0,2,2,11,1,2,8,43,4,11,28
S01008335,763,145,254,364,709,131,234,344,54,14,20,20,5,5,0,0,7,2,2,3,5,0,3,2,37,7,15,15
S01008336,662,114,197,351,611,108,186,317,51,6,11,34,0,0,0,0,5,0,5,0,8,0,3,5,38,6,3,29
S01008337,906,79,268,559,849,76,252,521,57,3,16,38,1,0,1,0,6,0,0,6,15,0,7,8,35,3,8,24
S01008338,876,12,186,678,781,10,160,611,95,2,26,67,9,0,4,5,10,0,8,2,12,0,7,5,64,2,7,55
S01008339,629,16,173,440,579,10,159,410,50,6,14,30,1,1,0,0,8,3,2,3,14,1,1,12,27,1,11,15
S01008340,822,22,286,514,752,21,265,466,70,1,21,48,5,0,4,1,0,0,0,0,13,0,2,11,52,1,15,36
S01008341,700,3,100,597,654,3,91,560,46,0,9,37,3,0,2,1,3,0,2,1,4,0,0,4,36,0,5,31
S01008342,853,81,240,532,790,75,221,494,63,6,19,38,6,0,0,6,4,1,1,2,6,0,2,4,47,5,16,26
S01008343,848,22,181,645,809,22,173,614,39,0,8,31,0,0,0,0,3,0,0,3,7,0,0,7,29,0,8,21
S01008344,872,30,200,642,810,25,182,603,62,5,18,39,6,0,5,1,3,0,0,3,3,1,0,2,50,4,13,33
S01008345,916,23,148,745,854,22,137,695,62,1,11,50,9,0,0,9,3,0,1,2,6,1,3,2,44,0,7,37
S01008346,1023,23,137,863,968,21,127,820,55,2,10,43,2,0,0,2,2,1,0,1,2,0,1,1,49,1,9,39
S01008347,980,114,344,522,930,109,323,498,50,5,21,24,3,0,2,1,2,0,1,1,9,0,6,3,36,5,12,19
S01008348,734,44,272,418,697,36,259,402,37,8,13,16,5,4,1,0,2,2,0,0,4,0,0,4,26,2,12,12
S01008349,890,15,163,712,838,14,154,670,52,1,9,42,2,0,0,2,3,1,1,1,5,0,0,5,42,0,8,34
S01008350,589,45,133,411,569,37,128,404,20,8,5,7,4,4,0,0,4,3,0,1,0,0,0,0,12,1,5,6
S01008351,893,27,274,592,851,23,250,578,42,4,24,14,5,0,4,1,5,0,5,0,7,2,5,0,25,2,10,13
S01008352,674,10,164,500,624,7,143,474,50,3,21,26,1,0,0,1,7,0,1,6,13,0,11,2,29,3,9,17
S01008353,525,15,107,403,472,11,100,361,53,4,7,42,6,3,0,3,2,1,0,1,16,0,0,16,29,0,7,22
S01008354,698,42,161,495,645,41,157,447,53,1,4,48,2,0,0,2,4,0,0,4,14,0,0,14,33,1,4,28
S01008355,658,96,241,321,649,94,237,318,9,2,4,3,0,0,0,0,1,0,1,0,4,0,2,2,4,2,1,1
S01008356,587,36,268,283,572,35,261,276,15,1,7,7,1,0,1,0,2,0,0,2,2,0,0,2,10,1,6,3
S01008357,706,38,196,472,690,37,186,467,16,1,10,5,1,0,1,0,3,0,3,0,2,0,0,2,10,1,6,3
S01008358,697,134,241,322,678,129,231,318,19,5,10,4,0,0,0,0,1,0,1,0,4,1,2,1,14,4,7,3
S01008359,639,27,207,405,630,27,204,399,9,0,3,6,1,0,0,1,0,0,0,0,0,0,0,0,8,0,3,5
S01008360,844,28,205,611,803,28,186,589,41,0,19,22,4,0,3,1,2,0,2,0,6,0,3,3,29,0,11,18
S01008361,516,19,138,359,502,16,136,350,14,3,2,9,0,0,0,0,1,1,0,0,5,2,1,2,8,0,1,7
S01008362,956,56,373,527,897,51,353,493,59,5,20,34,4,0,2,2,9,0,3,6,14,4,3,7,32,1,12,19
S01008363,739,43,245,451,705,41,227,437,34,2,18,14,8,1,7,0,2,0,0,2,2,1,1,0,22,0,10,12
S01008364,761,27,263,471,702,27,223,452,59,0,40,19,14,0,14,0,4,0,2,2,6,0,4,2,35,0,20,15
S01008365,674,20,166,488,646,20,157,469,28,0,9,19,1,0,0,1,1,0,0,1,4,0,0,4,22,0,9,13
S01008366,897,181,418,298,863,178,402,283,34,3,16,15,7,0,0,7,1,0,0,1,1,0,1,0,25,3,15,7
S01008367,727,185,366,176,688,179,342,167,39,6,24,9,6,0,5,1,8,0,8,0,8,0,6,2,17,6,5,6
S01008368,657,67,348,242,630,61,336,233,27,6,12,9,0,0,0,0,4,0,3,1,4,0,4,0,19,6,5,8
S01008369,529,84,224,221,508,81,212,215,21,3,12,6,0,0,0,0,0,0,0,0,4,0,4,0,17,3,8,6
S01008370,692,77,269,346,654,72,256,326,38,5,13,20,0,0,0,0,6,0,6,0,7,2,3,2,25,3,4,18
S01008371,808,36,288,484,777,33,283,461,31,3,5,23,0,0,0,0,1,0,1,0,5,0,0,5,25,3,4,18
S01008372,790,30,260,500,744,27,249,468,46,3,11,32,3,0,0,3,10,0,2,8,3,2,1,0,30,1,8,21
S01008373,795,16,272,507,766,15,261,490,29,1,11,17,4,0,4,0,1,0,1,0,2,0,0,2,22,1,6,15
S01008374,705,25,249,431,681,24,235,422,24,1,14,9,0,0,0,0,4,0,4,0,3,0,2,1,17,1,8,8
S01008375,789,25,205,559,757,25,193,539,32,0,12,20,4,0,2,2,3,0,0,3,8,0,4,4,17,0,6,11
S01008376,550,61,201,288,539,61,197,281,11,0,4,7,0,0,0,0,0,0,0,0,0,0,0,0,11,0,4,7
S01008377,746,49,327,370,708,48,302,358,38,1,25,12,8,0,7,1,6,0,5,1,2,0,1,1,22,1,12,9
S01008378,1015,98,375,542,963,92,361,510,52,6,14,32,4,2,0,2,1,0,0,1,8,1,2,5,39,3,12,24
S01008379,530,21,199,310,513,20,197,296,17,1,2,14,0,0,0,0,0,0,0,0,2,0,0,2,15,1,2,12
S01008380,649,28,232,389,623,28,226,369,26,0,6,20,4,0,0,4,3,0,1,2,3,0,2,1,16,0,3,13
S01008381,649,16,234,399,624,15,224,385,25,1,10,14,0,0,0,0,0,0,0,0,7,0,2,5,18,1,8,9
S01008382,650,40,258,352,635,38,251,346,15,2,7,6,0,0,0,0,0,0,0,0,2,0,2,0,13,2,5,6
S01008383,480,18,146,316,462,17,142,303,18,1,4,13,0,0,0,0,0,0,0,0,1,0,0,1,17,1,4,12
S01008384,968,84,419,465,936,78,401,457,32,6,18,8,4,4,0,0,1,0,0,1,4,0,4,0,23,2,14,7
S01008385,674,33,198,443,648,32,189,427,26,1,9,16,1,0,0,1,0,0,0,0,2,0,0,2,23,1,9,13
S01008386,795,67,416,312,766,62,403,301,29,5,13,11,1,0,1,0,0,0,0,0,1,0,1,0,27,5,11,11
S01008387,609,63,330,216,586,55,320,211,23,8,10,5,2,0,2,0,5,4,1,0,2,1,1,0,14,3,6,5
S01008388,637,61,296,280,617,59,288,270,20,2,8,10,4,0,4,0,5,0,0,5,2,0,2,0,9,2,2,5
S01008389,621,63,245,313,599,58,236,305,22,5,9,8,2,0,2,0,1,0,1,0,0,0,0,0,19,5,6,8
S01008390,619,36,238,345,611,35,234,342,8,1,4,3,1,0,1,0,0,0,0,0,0,0,0,0,7,1,3,3
S01008391,785,114,295,376,745,106,280,359,40,8,15,17,7,5,2,0,4,1,3,0,3,0,1,2,26,2,9,15
S01008392,906,47,333,526,881,47,322,512,25,0,11,14,0,0,0,0,0,0,0,0,3,0,1,2,22,0,10,12
S01008393,836,74,363,399,801,65,354,382,35,9,9,17,1,0,0,1,0,0,0,0,2,2,0,0,32,7,9,16
S01008394,832,15,281,536,790,15,261,514,42,0,20,22,2,0,2,0,0,0,0,0,5,0,4,1,35,0,14,21
S01008395,531,32,188,311,497,29,181,287,34,3,7,24,2,2,0,0,1,1,0,0,0,0,0,0,31,0,7,24
S01008396,626,68,291,267,591,64,273,254,35,4,18,13,1,0,1,0,1,1,0,0,1,0,1,0,32,3,16,13
S01008397,935,19,278,638,890,19,260,611,45,0,18,27,4,0,2,2,6,0,6,0,3,0,3,0,32,0,7,25
S01008398,587,55,232,300,552,53,218,281,35,2,14,19,2,0,2,0,3,0,2,1,3,0,3,0,27,2,7,18
S01008399,536,50,242,244,479,47,214,218,57,3,28,26,2,0,1,1,10,0,8,2,9,0,2,7,36,3,17,16
S01008400,690,25,310,355,634,20,292,322,56,5,18,33,0,0,0,0,1,0,0,1,7,0,7,0,48,5,11,32
S01008401,968,109,384,475,901,103,357,441,67,6,27,34,1,0,1,0,7,3,4,0,6,2,2,2,53,1,20,32
S01008402,1092,32,222,838,1027,27,200,800,65,5,22,38,3,1,0,2,9,0,9,0,2,2,0,0,51,2,13,36
S01008403,610,18,166,426,591,18,158,415,19,0,8,11,0,0,0,0,1,0,1,0,0,0,0,0,18,0,7,11
S01008404,886,62,320,504,847,60,301,486,39,2,19,18,4,0,3,1,0,0,0,0,4,0,1,3,31,2,15,14
S01008405,771,32,191,548,745,30,187,528,26,2,4,20,3,1,2,0,1,1,0,0,3,0,1,2,19,0,1,18
S01008406,966,200,314,452,911,190,294,427,55,10,20,25,4,0,2,2,0,0,0,0,15,4,9,2,36,6,9,21
S01008407,522,106,229,187,494,100,220,174,28,6,9,13,2,2,0,0,3,2,1,0,1,0,0,1,22,2,8,12
S01008408,667,54,308,305,637,49,292,296,30,5,16,9,0,0,0,0,2,1,1,0,5,3,1,1,23,1,14,8
S01008409,832,178,356,298,787,165,333,289,45,13,23,9,1,0,0,1,9,5,4,0,7,2,3,2,28,6,16,6
S01008410,589,96,225,268,517,86,204,227,72,10,21,41,2,0,0,2,7,0,5,2,5,2,2,1,58,8,14,36
S01008411,604,53,223,328,576,48,213,315,28,5,10,13,0,0,0,0,0,0,0,0,6,1,4,1,22,4,6,12
S01008412,706,66,242,398,669,66,232,371,37,0,10,27,0,0,0,0,5,0,4,1,0,0,0,0,32,0,6,26
S01008413,549,66,192,291,511,61,172,278,38,5,20,13,1,0,0,1,2,1,1,0,12,0,10,2,23,4,9,10
S01008414,458,14,149,295,419,12,135,272,39,2,14,23,6,0,1,5,1,0,1,0,5,0,1,4,27,2,11,14
S01008415,841,130,335,376,772,125,309,338,69,5,26,38,0,0,0,0,8,0,7,1,6,0,2,4,55,5,17,33
S01008416,941,249,396,296,870,228,371,271,71,21,25,25,12,6,6,0,1,0,0,1,15,4,7,4,43,11,12,20
S01008417,726,43,226,457,672,40,207,425,54,3,19,32,5,0,1,4,5,0,1,4,17,1,7,9,27,2,10,15
S01008418,692,56,291,345,643,53,264,326,49,3,27,19,2,1,1,0,10,1,7,2,4,0,4,0,33,1,15,17
S01008419,500,35,155,310,473,34,140,299,27,1,15,11,1,0,1,0,1,0,1,0,8,0,6,2,17,1,7,9
S01008420,476,34,201,241,439,33,181,225,37,1,20,16,12,1,5,6,3,0,2,1,1,0,1,0,21,0,12,9
S01008421,858,162,414,282,811,148,394,269,47,14,20,13,3,3,0,0,5,2,2,1,14,3,8,3,25,6,10,9
S01008422,621,40,192,389,586,34,181,371,35,6,11,18,7,4,1,2,2,0,2,0,4,0,0,4,22,2,8,12
S01008423,1063,44,266,753,982,37,243,702,81,7,23,51,4,0,1,3,13,0,5,8,9,3,2,4,55,4,15,36
S01008424,835,33,243,559,792,30,229,533,43,3,14,26,3,0,0,3,3,0,1,2,7,1,0,6,30,2,13,15
S01008425,955,74,381,500,903,72,351,480,52,2,30,20,2,0,0,2,10,0,7,3,8,1,6,1,32,1,17,14
S01008426,573,138,284,151,545,128,267,150,28,10,17,1,9,7,2,0,1,0,1,0,5,0,4,1,13,3,10,0
S01008427,1068,37,443,588,1017,30,412,575,51,7,31,13,5,0,5,0,9,2,5,2,8,3,3,2,29,2,18,9
S01008428,676,131,333,212,643,126,318,199,33,5,15,13,4,0,4,0,4,1,1,2,2,0,1,1,23,4,9,10
S01008429,841,71,441,329,807,68,419,320,34,3,22,9,3,2,0,1,2,0,2,0,3,0,2,1,26,1,18,7
S01008430,666,57,284,325,623,56,260,307,43,1,24,18,4,0,3,1,3,0,3,0,7,0,1,6,29,1,17,11
S01008431,842,70,364,408,819,66,351,402,23,4,13,6,2,0,2,0,6,3,3,0,2,0,2,0,13,1,6,6
S01008432,701,45,285,371,674,42,274,358,27,3,11,13,1,0,0,1,8,0,1,7,1,0,1,0,17,3,9,5
S01008433,807,57,397,353,770,53,375,342,37,4,22,11,4,0,2,2,1,0,1,0,4,1,3,0,28,3,16,9
S01008434,801,46,373,382,761,41,352,368,40,5,21,14,4,3,0,1,1,0,1,0,7,0,6,1,28,2,14,12
S01008435,766,42,359,365,705,34,328,343,61,8,31,22,3,0,3,0,11,4,7,0,13,4,8,1,34,0,13,21
S01008436,836,76,350,410,783,73,319,391,53,3,31,19,4,0,4,0,11,1,7,3,2,0,2,0,36,2,18,16
S01008437,708,124,327,257,647,105,302,240,61,19,25,17,7,4,3,0,13,8,4,1,12,3,5,4,29,4,13,12
S01008438,437,30,158,249,407,28,143,236,30,2,15,13,0,0,0,0,6,0,5,1,7,0,5,2,17,2,5,10
S01008439,1112,62,358,692,1034,54,325,655,78,8,33,37,15,2,6,7,3,1,0,2,11,2,9,0,49,3,18,28
S01008440,997,42,382,573,934,32,357,545,63,10,25,28,0,0,0,0,4,4,0,0,9,0,4,5,50,6,21,23
S01008441,465,21,207,237,445,20,193,232,20,1,14,5,0,0,0,0,2,0,2,0,3,0,2,1,15,1,10,4
S01008442,680,34,308,338,601,20,269,312,79,14,39,26,8,4,4,0,9,1,5,3,15,2,8,5,47,7,22,18
S01008443,582,48,177,357,538,41,164,333,44,7,13,24,7,3,0,4,7,2,1,4,2,0,2,0,28,2,10,16
S01008444,623,71,287,265,577,60,268,249,46,11,19,16,2,0,2,0,7,6,1,0,2,1,1,0,35,4,15,16
S01008445,909,234,454,221,802,200,405,197,107,34,49,24,11,6,5,0,19,11,8,0,20,4,9,7,57,13,27,17
S01008446,781,29,309,443,744,25,296,423,37,4,13,20,2,0,2,0,5,0,2,3,1,0,1,0,29,4,8,17
S01008447,675,40,254,381,633,32,235,366,42,8,19,15,8,4,4,0,2,0,0,2,5,0,4,1,27,4,11,12
S01008448,755,72,333,350,691,52,308,331,64,20,25,19,13,7,1,5,10,5,4,1,7,3,3,1,34,5,17,12
S01008449,795,395,308,92,607,336,205,66,188,59,103,26,20,11,4,5,83,29,50,4,59,12,37,10,26,7,12,7
S01008450,555,288,204,63,440,226,171,43,115,62,33,20,10,9,1,0,29,22,3,4,52,20,19,13,24,11,10,3
S01008451,699,407,223,69,566,348,167,51,133,59,56,18,10,8,2,0,41,15,16,10,47,19,25,3,35,17,13,5
S01008452,631,361,224,46,440,271,145,24,191,90,79,22,30,15,15,0,73,35,24,14,50,22,23,5,38,18,17,3
S01008453,506,190,259,57,327,131,167,29,179,59,92,28,15,4,9,2,61,18,34,9,72,27,34,11,31,10,15,6
S01008454,951,403,373,175,830,351,317,162,121,52,56,13,10,10,0,0,38,16,22,0,34,13,18,3,39,13,16,10
S01008455,1000,609,295,96,811,482,242,87,189,127,53,9,70,62,7,1,48,25,23,0,38,23,12,3,33,17,11,5
S01008456,973,622,258,93,786,512,204,70,187,110,54,23,38,28,6,4,46,24,20,2,66,39,18,9,37,19,10,8
S01008457,616,366,196,54,535,320,172,43,81,46,24,11,36,28,4,4,24,8,10,6,8,1,6,1,13,9,4,0
S01008458,994,319,469,206,891,283,414,194,103,36,55,12,24,14,9,1,19,6,11,2,27,7,14,6,33,9,21,3
S01008459,741,430,260,51,623,379,197,47,118,51,63,4,27,13,14,0,33,13,20,0,35,13,22,0,23,12,7,4
S01008460,805,527,247,31,679,445,204,30,126,82,43,1,15,11,3,1,58,38,20,0,35,24,11,0,18,9,9,0
S01008461,914,570,286,58,789,512,232,45,125,58,54,13,19,10,8,1,38,17,19,2,39,14,20,5,29,17,7,5
S01008462,564,349,190,25,504,325,156,23,60,24,34,2,12,3,9,0,17,7,10,0,14,4,8,2,17,10,7,0
S01008463,670,372,258,40,557,322,196,39,113,50,62,1,41,21,20,0,26,10,15,1,22,5,17,0,24,14,10,0
S01008464,850,278,457,115,784,251,424,109,66,27,33,6,17,12,4,1,9,2,7,0,13,5,5,3,27,8,17,2
S01008465,742,297,331,114,671,246,314,111,71,51,17,3,22,21,1,0,10,8,1,1,18,8,8,2,21,14,7,0
S01008466,744,270,338,136,647,222,299,126,97,48,39,10,27,17,9,1,22,15,7,0,29,10,16,3,19,6,7,6
S01008467,785,236,342,207,728,206,320,202,57,30,22,5,11,6,5,0,9,6,3,0,12,5,6,1,25,13,8,4
S01008468,615,247,263,105,539,216,224,99,76,31,39,6,19,16,3,0,11,3,8,0,35,8,25,2,11,4,3,4
S01008469,577,178,291,108,428,120,217,91,149,58,74,17,53,22,31,0,22,17,5,0,38,8,22,8,36,11,16,9
S01008470,728,341,286,101,610,309,223,78,118,32,63,23,28,9,17,2,32,10,20,2,32,4,17,11,26,9,9,8
S01008471,858,453,325,80,699,369,263,67,159,84,62,13,44,32,11,1,44,17,25,2,52,27,22,3,19,8,4,7
S01008472,714,263,324,127,565,214,242,109,149,49,82,18,71,26,44,1,26,4,17,5,33,12,16,5,19,7,5,7
S01008473,700,301,321,78,597,241,286,70,103,60,35,8,21,15,3,3,37,23,12,2,25,13,10,2,20,9,10,1
S01008474,779,439,293,47,673,374,256,43,106,65,37,4,15,10,5,0,30,19,11,0,38,23,12,3,23,13,9,1
S01008475,610,296,274,40,540,264,237,39,70,32,37,1,14,9,5,0,26,11,15,0,19,6,13,0,11,6,4,1
S01008476,699,343,296,60,619,298,270,51,80,45,26,9,11,8,2,1,25,10,13,2,16,7,5,4,28,20,6,2
S01008477,773,366,337,70,687,329,293,65,86,37,44,5,17,11,5,1,31,6,22,3,25,10,15,0,13,10,2,1
S01008478,803,377,306,120,671,317,251,103,132,60,55,17,44,26,16,2,32,15,14,3,33,11,12,10,23,8,13,2
S01008479,755,376,298,81,659,311,276,72,96,65,22,9,26,23,2,1,29,18,7,4,20,12,6,2,21,12,7,2
S01008480,607,248,298,61,493,194,239,60,114,54,59,1,29,13,16,0,41,21,20,0,28,15,13,0,16,5,10,1
S01008481,983,320,426,237,918,301,395,222,65,19,31,15,10,6,4,0,5,1,3,1,14,1,11,2,36,11,13,12
S01008482,607,230,264,113,569,215,249,105,38,15,15,8,12,5,5,2,9,5,2,2,7,1,4,2,10,4,4,2
S01008483,598,229,231,138,521,193,194,134,77,36,37,4,28,20,8,0,10,4,5,1,14,3,10,1,25,9,14,2
S01008484,754,181,337,236,695,154,312,229,59,27,25,7,11,9,2,0,8,4,3,1,13,6,6,1,27,8,14,5
S01008485,1015,183,551,281,925,161,493,271,90,22,58,10,25,6,18,1,15,5,10,0,17,0,14,3,33,11,16,6
S01008486,867,296,377,194,779,254,346,179,88,42,31,15,27,20,6,1,11,4,6,1,14,7,5,2,36,11,14,11
S01008487,759,169,411,179,658,136,354,168,101,33,57,11,24,11,8,5,26,14,12,0,30,5,21,4,21,3,16,2
S01008488,764,274,366,124,639,221,313,105,125,53,53,19,42,17,23,2,24,13,8,3,32,13,11,8,27,10,11,6
S01008489,620,229,306,85,532,191,262,79,88,38,44,6,26,20,6,0,15,8,5,2,20,1,18,1,27,9,15,3
S01008490,893,384,401,108,736,295,346,95,157,89,55,13,39,29,10,0,49,25,20,4,28,15,9,4,41,20,16,5
S01008491,914,389,396,129,639,253,296,90,275,136,100,39,113,80,24,9,84,32,38,14,37,10,18,9,41,14,20,7
S01008492,944,472,359,113,778,376,295,107,166,96,64,6,55,45,10,0,40,21,18,1,26,16,9,1,45,14,27,4
S01008493,793,378,310,105,685,309,277,99,108,69,33,6,35,32,3,0,25,14,11,0,21,11,9,1,27,12,10,5
S01008494,688,424,228,36,512,303,179,30,176,121,49,6,51,48,3,0,50,26,21,3,44,29,13,2,31,18,12,1
S01008495,891,554,307,30,582,338,217,27,309,216,90,3,156,123,33,0,76,53,23,0,53,26,26,1,24,14,8,2
S01008496,956,566,331,59,584,327,220,37,372,239,111,22,140,114,26,0,89,53,28,8,86,50,30,6,57,22,27,8
S01008497,786,485,280,21,545,313,211,21,241,172,69,0,78,71,7,0,84,59,25,0,50,23,27,0,29,19,10,0
S01008498,764,469,235,60,578,344,184,50,186,125,51,10,68,59,8,1,38,22,16,0,46,29,13,4,34,15,14,5
S01008499,996,605,342,49,652,370,243,39,344,235,99,10,98,74,23,1,102,67,34,1,84,56,23,5,60,38,19,3
S01008500,402,218,147,37,307,162,115,30,95,56,32,7,36,25,10,1,19,8,8,3,19,13,6,0,21,10,8,3
S01008501,607,322,223,62,394,182,154,58,213,140,69,4,106,81,23,2,51,27,24,0,34,15,18,1,22,17,4,1
S01008502,635,296,274,65,414,167,195,52,221,129,79,13,102,66,31,5,64,35,24,5,26,15,9,2,29,13,15,1
S01008503,833,260,477,96,667,179,402,86,166,81,75,10,54,35,15,4,33,15,16,2,36,18,15,3,43,13,29,1
S01008504,1107,245,672,190,923,193,565,165,184,52,107,25,49,26,22,1,36,10,21,5,44,8,22,14,55,8,42,5
S01008505,711,202,376,133,624,161,342,121,87,41,34,12,29,20,9,0,12,6,5,1,15,5,9,1,31,10,11,10
S01008506,788,223,400,165,671,173,347,151,117,50,53,14,17,14,3,0,28,13,15,0,19,8,7,4,53,15,28,10
S01008507,755,195,422,138,617,145,356,116,138,50,66,22,35,22,12,1,31,16,12,3,29,7,19,3,43,5,23,15
S01008508,847,86,444,317,778,72,413,293,69,14,31,24,7,5,1,1,6,0,6,0,13,6,6,1,43,3,18,22
S01008509,994,118,572,304,907,95,520,292,87,23,52,12,19,14,5,0,12,4,8,0,12,0,9,3,44,5,30,9
S01008510,904,127,420,357,835,93,400,342,69,34,20,15,27,21,2,4,10,4,3,3,8,5,2,1,24,4,13,7
S01008511,879,45,359,475,791,43,319,429,88,2,40,46,12,0,8,4,6,0,3,3,12,0,4,8,58,2,25,31
S01008512,505,28,209,268,469,24,190,255,36,4,19,13,1,0,1,0,3,1,1,1,3,2,1,0,29,1,16,12
S01008513,669,47,223,399,611,45,198,368,58,2,25,31,1,0,1,0,4,1,3,0,14,0,5,9,39,1,16,22
S01008514,877,121,444,312,790,106,386,298,87,15,58,14,15,8,7,0,17,2,15,0,9,2,7,0,46,3,29,14
S01008515,747,73,400,274,688,62,371,255,59,11,29,19,5,3,1,1,2,2,0,0,13,4,7,2,39,2,21,16
S01008516,901,369,437,95,700,268,352,80,201,101,85,15,68,47,17,4,47,27,15,5,40,11,28,1,46,16,25,5
S01008517,860,326,387,147,682,225,330,127,178,101,57,20,70,47,19,4,36,21,11,4,32,17,11,4,40,16,16,8
S01008518,905,168,432,305,770,127,371,272,135,41,61,33,32,16,11,5,9,5,4,0,27,9,17,1,67,11,29,27
S01008519,809,85,418,306,738,70,383,285,71,15,35,21,8,6,1,1,14,2,10,2,2,0,1,1,47,7,23,17
S01008520,1076,75,418,583,990,67,382,541,86,8,36,42,6,1,3,2,9,2,2,5,12,0,3,9,59,5,28,26
S01008521,902,33,385,484,850,32,358,460,52,1,27,24,4,0,1,3,3,0,2,1,1,0,1,0,44,1,23,20
S01008522,532,28,205,299,470,24,175,271,62,4,30,28,3,0,2,1,8,1,6,1,13,0,7,6,38,3,15,20
S01008523,967,40,420,507,857,25,369,463,110,15,51,44,23,4,7,12,21,3,16,2,22,4,6,12,44,4,22,18
S01008524,863,453,316,94,786,418,281,87,77,35,35,7,16,12,4,0,18,6,10,2,18,4,10,4,25,13,11,1
S01008525,775,293,370,112,691,274,319,98,84,19,51,14,11,3,6,2,19,2,14,3,31,3,19,9,23,11,12,0
S01008526,846,234,473,139,765,209,426,130,81,25,47,9,8,1,6,1,8,0,6,2,32,10,21,1,33,14,14,5
S01008527,726,204,365,157,666,186,327,153,60,18,38,4,9,4,3,2,11,3,7,1,13,3,10,0,27,8,18,1
S01008528,720,179,401,140,667,165,371,131,53,14,30,9,7,3,4,0,5,3,1,1,15,3,6,6,26,5,19,2
S01008529,724,233,244,247,692,217,235,240,32,16,9,7,3,1,2,0,6,4,0,2,5,4,1,0,18,7,6,5
S01008530,724,359,295,70,647,324,261,62,77,35,34,8,15,7,8,0,8,1,5,2,25,10,12,3,29,17,9,3
S01008531,748,397,260,91,673,360,233,80,75,37,27,11,12,8,4,0,10,5,5,0,27,8,10,9,26,16,8,2
S01008532,443,149,190,104,414,142,175,97,29,7,15,7,5,0,3,2,7,3,2,2,8,1,6,1,9,3,4,2
S01008533,541,74,376,91,452,49,326,77,89,25,50,14,16,9,7,0,15,6,9,0,26,8,14,4,32,2,20,10
S01008534,723,64,319,340,662,56,292,314,61,8,27,26,15,5,7,3,5,0,3,2,12,1,5,6,29,2,12,15
S01008535,709,37,279,393,674,32,266,376,35,5,13,17,1,0,0,1,4,2,2,0,3,2,1,0,27,1,10,16
S01008536,569,72,233,264,535,68,218,249,34,4,15,15,1,0,0,1,5,1,4,0,7,1,2,4,21,2,9,10
S01008537,673,33,271,369,640,30,252,358,33,3,19,11,1,1,0,0,3,1,1,1,6,0,6,0,23,1,12,10
S01008538,542,33,189,320,508,33,166,309,34,0,23,11,7,0,7,0,1,0,0,1,2,0,0,2,24,0,16,8
S01008539,833,73,288,472,769,59,264,446,64,14,24,26,5,3,1,1,4,3,0,1,13,3,6,4,42,5,17,20
S01008540,861,68,403,390,809,61,379,369,52,7,24,21,2,2,0,0,3,0,3,0,11,0,6,5,36,5,15,16
S01008541,886,40,465,381,832,37,429,366,54,3,36,15,1,1,0,0,12,1,11,0,7,0,7,0,34,1,18,15
S01008542,942,40,421,481,876,37,381,458,66,3,40,23,6,0,5,1,8,1,6,1,14,1,7,6,38,1,22,15
S01008543,740,39,281,420,681,36,251,394,59,3,30,26,2,2,0,0,2,0,2,0,14,0,12,2,41,1,16,24
S01008544,653,17,199,437,607,14,179,414,46,3,20,23,4,2,2,0,5,0,1,4,3,0,0,3,34,1,17,16
S01008545,898,29,249,620,832,23,220,589,66,6,29,31,6,0,0,6,17,1,13,3,1,0,1,0,42,5,15,22
S01008546,806,23,235,548,750,18,212,520,56,5,23,28,2,2,0,0,0,0,0,0,6,0,6,0,48,3,17,28
S01008547,1010,84,480,446,901,77,417,407,109,7,63,39,6,0,4,2,15,4,8,3,30,2,24,4,58,1,27,30
S01008548,835,122,413,300,744,106,362,276,91,16,51,24,5,2,3,0,20,3,14,3,33,7,15,11,33,4,19,10
S01008549,948,166,372,410,863,150,341,372,85,16,31,38,13,6,7,0,11,2,2,7,15,6,6,3,46,2,16,28
S01008550,798,70,356,372,701,54,318,329,97,16,38,43,8,5,2,1,13,3,5,5,19,1,12,6,57,7,19,31
S01008551,969,164,504,301,878,141,464,273,91,23,40,28,16,8,7,1,8,3,3,2,12,5,6,1,55,7,24,24
S01008552,876,112,408,356,801,102,374,325,75,10,34,31,7,4,0,3,8,1,7,0,11,1,4,6,49,4,23,22
S01008553,523,118,229,176,471,107,211,153,52,11,18,23,7,4,2,1,12,2,3,7,13,2,6,5,20,3,7,10
S01008554,1090,353,551,186,963,331,460,172,127,22,91,14,8,2,5,1,27,1,25,1,51,6,42,3,41,13,19,9
S01008555,1027,533,411,83,916,490,357,69,111,43,54,14,13,6,6,1,28,13,11,4,48,13,28,7,22,11,9,2
S01008556,778,343,335,100,695,319,290,86,83,24,45,14,7,5,2,0,23,6,15,2,24,7,11,6,29,6,17,6
S01008557,914,414,365,135,774,385,298,91,140,29,67,44,11,1,7,3,45,3,19,23,47,12,26,9,37,13,15,9
S01008558,912,403,363,146,811,352,330,129,101,51,33,17,31,17,4,10,10,5,4,1,27,9,14,4,33,20,11,2
S01008559,715,229,378,108,658,206,353,99,57,23,25,9,7,5,1,1,8,5,3,0,19,3,10,6,23,10,11,2
S01008560,699,252,295,152,611,224,251,136,88,28,44,16,17,9,4,4,11,4,6,1,41,5,29,7,19,10,5,4
S01008561,674,199,360,115,602,163,327,112,72,36,33,3,25,21,4,0,7,0,7,0,25,13,12,0,15,2,10,3
S01008562,675,356,253,66,621,335,223,63,54,21,30,3,6,5,1,0,10,2,6,2,20,4,16,0,18,10,7,1
S01008563,805,275,392,138,716,246,341,129,89,29,51,9,17,12,5,0,13,3,10,0,31,6,22,3,28,8,14,6
S01008564,587,169,299,119,543,155,273,115,44,14,26,4,1,0,1,0,11,2,9,0,17,5,12,0,15,7,4,4
S01008565,928,334,412,182,808,303,337,168,120,31,75,14,19,6,11,2,20,3,15,2,42,8,32,2,39,14,17,8
S01008566,1064,305,498,261,975,293,452,230,89,12,46,31,12,2,7,3,25,3,13,9,20,2,17,1,32,5,9,18
S01008567,744,177,360,207,660,158,310,192,84,19,50,15,23,7,15,1,15,2,9,4,31,6,22,3,15,4,4,7
S01008568,793,169,405,219,666,144,322,200,127,25,83,19,17,3,11,3,22,5,15,2,45,7,34,4,43,10,23,10
S01008569,640,457,146,37,542,398,115,29,98,59,31,8,18,15,3,0,18,14,4,0,38,18,17,3,24,12,7,5
S01008570,961,463,359,139,828,419,291,118,133,44,68,21,39,16,18,5,31,13,14,4,45,10,26,9,18,5,10,3
S01008571,672,209,284,179,611,189,252,170,61,20,32,9,4,2,2,0,13,6,7,0,18,3,12,3,26,9,11,6
S01008572,817,207,408,202,690,173,347,170,127,34,61,32,15,7,5,3,36,14,18,4,37,5,19,13,39,8,19,12
S01008573,819,79,397,343,688,60,339,289,131,19,58,54,8,5,2,1,20,3,16,1,19,4,3,12,84,7,37,40
S01008574,727,51,354,322,634,38,310,286,93,13,44,36,16,4,10,2,12,2,9,1,10,1,6,3,55,6,19,30
S01008575,801,73,363,365,702,65,318,319,99,8,45,46,10,1,7,2,9,0,6,3,14,2,9,3,66,5,23,38
S01008576,820,127,443,250,735,98,399,238,85,29,44,12,19,7,12,0,10,6,4,0,16,9,7,0,40,7,21,12
S01008577,792,112,394,286,739,97,366,276,53,15,28,10,11,5,6,0,3,2,1,0,7,3,4,0,32,5,17,10
S01008578,741,37,325,379,670,27,285,358,71,10,40,21,5,1,3,1,13,1,10,2,17,1,12,4,36,7,15,14
S01008579,639,54,265,320,575,50,234,291,64,4,31,29,3,0,1,2,9,0,7,2,10,0,9,1,42,4,14,24
S01008580,542,127,279,136,446,101,221,124,96,26,58,12,21,10,10,1,22,7,15,0,23,3,17,3,30,6,16,8
S01008581,894,382,396,116,763,328,338,97,131,54,58,19,24,15,4,5,35,16,16,3,48,14,25,9,24,9,13,2
S01008582,1020,382,438,200,894,351,367,176,126,31,71,24,16,3,13,0,29,9,17,3,25,5,13,7,56,14,28,14
S01008583,713,296,306,111,552,241,219,92,161,55,87,19,52,22,28,2,48,20,25,3,25,4,15,6,36,9,19,8
S01008584,857,312,401,144,706,256,323,127,151,56,78,17,44,9,33,2,44,27,13,4,30,9,15,6,33,11,17,5
S01008585,598,242,267,89,485,202,210,73,113,40,57,16,25,9,14,2,14,5,4,5,48,14,26,8,26,12,13,1
S01008586,811,290,371,150,726,261,329,136,85,29,42,14,15,7,8,0,9,3,3,3,24,5,13,6,37,14,18,5
S01008587,754,85,297,372,608,47,243,318,146,38,54,54,22,9,9,4,20,10,7,3,21,8,9,4,83,11,29,43
S01008588,775,147,417,211,691,121,378,192,84,26,39,19,22,15,1,6,20,4,16,0,8,3,4,1,34,4,18,12
S01008589,390,71,201,118,350,60,188,102,40,11,13,16,3,3,0,0,6,5,1,0,6,1,3,2,25,2,9,14
S01008590,759,224,444,91,632,181,372,79,127,43,72,12,46,27,19,0,22,4,18,0,20,3,9,8,39,9,26,4
S01008591,807,182,441,184,670,120,395,155,137,62,46,29,35,27,2,6,29,18,7,4,24,9,14,1,49,8,23,18
S01008592,760,238,367,155,604,157,306,141,156,81,61,14,47,40,7,0,48,21,27,0,26,11,12,3,35,9,15,11
S01008593,776,44,381,351,684,36,330,318,92,8,51,33,8,2,6,0,11,2,5,4,14,1,10,3,59,3,30,26
S01008594,961,160,477,324,796,113,411,272,165,47,66,52,46,27,14,5,21,9,8,4,22,3,10,9,76,8,34,34
S01008595,842,386,366,90,692,323,288,81,150,63,78,9,33,19,13,1,44,18,26,0,25,10,14,1,48,16,25,7
S01008596,852,480,312,60,695,385,264,46,157,95,48,14,59,33,24,2,38,24,11,3,26,16,4,6,34,22,9,3
S01008597,880,141,433,306,815,126,398,291,65,15,35,15,11,7,3,1,13,4,9,0,4,0,4,0,37,4,19,14
S01008598,812,364,325,123,613,237,273,103,199,127,52,20,85,62,17,6,52,38,7,7,22,14,8,0,40,13,20,7
S01008599,896,225,392,279,672,127,312,233,224,98,80,46,69,52,16,1,38,20,17,1,29,11,10,8,88,15,37,36
S01008600,797,226,368,203,556,103,275,178,241,123,93,25,102,64,31,7,53,30,21,2,29,16,12,1,57,13,29,15
S01008601,752,427,229,96,567,299,185,83,185,128,44,13,76,65,11,0,40,27,13,0,39,24,9,6,30,12,11,7
S01008602,557,251,245,61,404,160,198,46,153,91,47,15,59,49,8,2,44,25,15,4,18,8,7,3,32,9,17,6
S01008603,1121,701,329,91,822,478,268,76,299,223,61,15,85,76,9,0,103,81,18,4,54,33,17,4,57,33,17,7
S01008604,863,306,349,208,669,202,284,183,194,104,65,25,62,43,14,5,39,19,18,2,35,20,14,1,58,22,19,17
S01008605,702,328,248,126,548,234,199,115,154,94,49,11,51,34,14,3,34,27,7,0,28,15,12,1,41,18,16,7
S01008606,763,123,404,236,643,78,354,211,120,45,50,25,35,24,6,5,17,6,5,6,14,5,4,5,54,10,35,9
S01008607,628,78,306,244,549,63,268,218,79,15,38,26,16,0,9,7,5,4,1,0,8,3,5,0,50,8,23,19
S01008608,706,90,431,185,621,76,382,163,85,14,49,22,12,2,10,0,16,3,12,1,12,3,7,2,45,6,20,19
S01008609,900,143,416,341,799,115,372,312,101,28,44,29,26,16,2,8,4,0,2,2,14,3,7,4,57,9,33,15
S01008610,848,259,373,216,734,206,330,198,114,53,43,18,21,16,5,0,20,8,11,1,14,6,6,2,59,23,21,15
S01008611,1111,529,429,153,791,330,332,129,320,199,97,24,123,93,25,5,80,53,27,0,47,23,19,5,70,30,26,14
S01008612,779,477,254,48,575,332,198,45,204,145,56,3,74,62,12,0,45,33,11,1,37,26,11,0,48,24,22,2
S01008613,798,320,300,178,611,212,245,154,187,108,55,24,56,43,9,4,42,33,8,1,28,12,12,4,61,20,26,15
S01008614,677,369,240,68,516,281,176,59,161,88,64,9,48,33,14,1,47,34,13,0,24,6,16,2,42,15,21,6
S01008615,846,377,348,121,646,252,286,108,200,125,62,13,50,37,12,1,53,37,12,4,29,22,7,0,68,29,31,8
S01008616,733,340,295,98,570,241,243,86,163,99,52,12,58,44,13,1,39,25,12,2,15,10,2,3,51,20,25,6
S01008617,829,387,304,138,677,301,260,116,152,86,44,22,37,30,4,3,45,30,12,3,19,7,10,2,51,19,18,14
S01008618,739,357,253,129,572,247,210,115,167,110,43,14,45,35,9,1,39,34,2,3,30,18,11,1,53,23,21,9
S01008619,520,190,236,94,391,132,181,78,129,58,55,16,40,19,18,3,30,21,7,2,15,8,5,2,44,10,25,9
S01008620,815,349,323,143,593,223,256,114,222,126,67,29,83,64,11,8,60,37,19,4,22,11,8,3,57,14,29,14
S01008621,770,363,306,101,603,273,244,86,167,90,62,15,52,37,15,0,43,22,18,3,25,12,11,2,47,19,18,10
S01008622,517,196,211,110,393,148,169,76,124,48,42,34,28,20,3,5,28,10,14,4,22,10,9,3,46,8,16,22
S01008623,869,326,386,157,683,230,310,143,186,96,76,14,66,46,19,1,22,14,6,2,23,9,11,3,75,27,40,8
S01008624,683,99,300,284,593,85,252,256,90,14,48,28,13,6,6,1,11,2,9,0,14,2,5,7,52,4,28,20
S01008625,566,38,236,292,507,27,210,270,59,11,26,22,5,1,3,1,3,2,1,0,5,0,4,1,46,8,18,20
S01008626,919,127,382,410,774,96,325,353,145,31,57,57,33,10,9,14,17,5,4,8,26,6,13,7,69,10,31,28
S01008627,695,40,302,353,594,26,253,315,101,14,49,38,14,2,6,6,16,5,11,0,8,1,3,4,63,6,29,28
S01008628,581,147,302,132,459,106,242,111,122,41,60,21,41,21,15,5,23,6,16,1,25,6,14,5,33,8,15,10
S01008629,571,194,315,62,460,149,253,58,111,45,62,4,25,8,17,0,16,10,6,0,15,7,5,3,55,20,34,1
S01008630,556,259,225,72,441,190,183,68,115,69,42,4,61,45,14,2,19,10,9,0,15,4,10,1,20,10,9,1
S01008631,786,319,372,95,613,230,296,87,173,89,76,8,56,40,16,0,32,17,12,3,26,9,14,3,59,23,34,2
S01008632,711,281,320,110,575,206,269,100,136,75,51,10,28,23,5,0,30,16,9,5,32,17,14,1,46,19,23,4
S01008633,928,151,421,356,800,120,365,315,128,31,56,41,31,11,12,8,10,5,4,1,20,5,12,3,67,10,28,29
S01008634,727,196,321,210,578,127,269,182,149,69,52,28,45,29,14,2,19,14,2,3,22,9,5,8,63,17,31,15
S01008635,824,205,406,213,638,140,309,189,186,65,97,24,47,31,14,2,37,13,22,2,31,12,17,2,71,9,44,18
S01008636,861,270,322,269,687,188,260,239,174,82,62,30,52,32,17,3,41,23,14,4,29,14,11,4,52,13,20,19
S01008637,679,223,249,207,571,175,214,182,108,48,35,25,26,18,5,3,18,9,5,4,16,4,8,4,48,17,17,14
S01008638,798,363,297,138,596,240,243,113,202,123,54,25,69,45,17,7,45,30,12,3,29,16,10,3,59,32,15,12
S01008639,866,372,359,135,645,261,272,112,221,111,87,23,76,49,22,5,41,24,14,3,37,21,13,3,67,17,38,12
S01008640,776,316,373,87,606,227,308,71,170,89,65,16,61,35,22,4,43,22,15,6,24,13,9,2,42,19,19,4
S01008641,825,366,337,122,645,268,271,106,180,98,66,16,66,45,18,3,39,25,10,4,24,11,10,3,51,17,28,6
S01008642,932,324,467,141,739,231,379,129,193,93,88,12,64,28,36,0,38,21,15,2,26,15,10,1,65,29,27,9
S01008643,702,259,347,96,569,178,307,84,133,81,40,12,28,19,6,3,24,21,3,0,22,15,5,2,59,26,26,7
S01008644,769,336,330,103,555,209,251,95,214,127,79,8,61,40,16,5,41,25,15,1,28,13,14,1,84,49,34,1
S01008645,825,378,346,101,612,248,287,77,213,130,59,24,77,62,14,1,42,33,9,0,37,12,16,9,57,23,20,14
S01008646,812,404,328,80,619,275,275,69,193,129,53,11,65,53,11,1,47,28,17,2,34,22,7,5,47,26,18,3
S01008647,589,252,241,96,432,163,191,78,157,89,50,18,63,44,12,7,35,21,14,0,37,18,13,6,22,6,11,5
S01008648,610,341,232,37,450,251,168,31,160,90,64,6,43,32,9,2,50,26,23,1,46,17,27,2,21,15,5,1
S01008649,841,472,330,39,600,313,254,33,241,159,76,6,105,75,30,0,60,51,9,0,31,16,15,0,45,17,22,6
S01008650,731,461,231,39,510,292,184,34,221,169,47,5,83,72,11,0,43,36,5,2,54,32,22,0,41,29,9,3
S01008651,686,394,235,57,499,269,176,54,187,125,59,3,66,50,16,0,38,28,10,0,44,24,20,0,39,23,13,3
S01008652,567,356,185,26,424,264,138,22,143,92,47,4,49,35,11,3,30,18,12,0,29,18,11,0,35,21,13,1
S01008653,684,418,225,41,483,279,164,40,201,139,61,1,87,64,23,0,44,35,9,0,44,22,22,0,26,18,7,1
S01008654,937,621,275,41,594,373,187,34,343,248,88,7,110,88,22,0,92,68,24,0,82,55,26,1,59,37,16,6
S01008655,796,383,313,100,531,214,239,78,265,169,74,22,112,88,17,7,62,35,19,8,49,27,17,5,42,19,21,2
S01008656,644,469,158,17,448,320,115,13,196,149,43,4,93,79,13,1,40,28,12,0,31,22,8,1,32,20,10,2
S01008657,664,367,258,39,544,299,213,32,120,68,45,7,29,26,3,0,32,16,14,2,28,9,18,1,31,17,10,4
S01008658,900,590,280,30,661,414,226,21,239,176,54,9,95,80,14,1,62,44,15,3,32,18,13,1,50,34,12,4
S01008659,825,582,182,61,583,400,141,42,242,182,41,19,112,93,8,11,57,45,11,1,37,23,10,4,36,21,12,3
S01008660,936,548,303,85,647,344,236,67,289,204,67,18,113,92,15,6,76,48,23,5,39,29,7,3,61,35,22,4
S01008661,754,544,173,37,539,390,122,27,215,154,51,10,91,81,10,0,60,41,15,4,27,10,14,3,37,22,12,3
S01008662,512,348,142,22,301,189,91,21,211,159,51,1,92,76,16,0,55,42,12,1,33,23,10,0,31,18,13,0
S01008663,829,591,190,48,585,406,142,37,244,185,48,11,91,78,12,1,58,48,7,3,44,27,13,4,51,32,16,3
S01008664,705,453,210,42,502,310,159,33,203,143,51,9,59,48,9,2,62,51,10,1,34,20,11,3,48,24,21,3
S01008665,941,530,348,63,648,353,249,46,293,177,99,17,90,60,25,5,75,44,30,1,68,34,26,8,60,39,18,3
S01008666,770,409,293,68,537,271,217,49,233,138,76,19,93,67,23,3,58,31,21,6,36,19,16,1,46,21,16,9
S01008667,725,380,292,53,559,275,238,46,166,105,54,7,71,57,11,3,44,30,13,1,13,4,9,0,38,14,21,3
S01008668,557,381,141,35,392,256,109,27,165,125,32,8,69,58,10,1,51,38,11,2,21,17,3,1,24,12,8,4
S01008669,578,401,143,34,442,306,109,27,136,95,34,7,70,56,13,1,29,16,9,4,15,10,5,0,22,13,7,2
S01008670,757,520,157,80,550,360,124,66,207,160,33,14,78,67,8,3,69,62,6,1,21,13,6,2,39,18,13,8
S01008671,751,553,163,35,488,341,119,28,263,212,44,7,120,109,10,1,71,60,10,1,34,22,11,1,38,21,13,4
S01008672,686,436,214,36,432,230,173,29,254,206,41,7,114,106,8,0,60,50,10,0,34,22,8,4,46,28,15,3
S01008673,1064,722,274,68,629,403,175,51,435,319,99,17,233,190,37,6,117,81,31,5,36,21,13,2,49,27,18,4
S01008674,784,601,135,48,501,375,89,37,283,226,46,11,127,105,18,4,74,54,17,3,44,35,6,3,38,32,5,1
S01008675,705,492,177,36,442,289,128,25,263,203,49,11,93,80,13,0,75,59,13,3,51,38,10,3,44,26,13,5
S01008676,690,362,232,96,509,247,181,81,181,115,51,15,67,54,11,2,43,26,16,1,24,16,6,2,47,19,18,10
S01008677,731,521,175,35,454,300,130,24,277,221,45,11,130,116,13,1,53,44,8,1,51,41,8,2,43,20,16,7
S01008678,721,545,149,27,395,271,102,22,326,274,47,5,160,146,13,1,84,69,15,0,46,38,7,1,36,21,12,3
S01008679,877,693,152,32,620,485,108,27,257,208,44,5,147,125,19,3,36,27,9,0,38,28,9,1,36,28,7,1
S01008680,597,460,110,27,385,280,86,19,212,180,24,8,104,91,11,2,44,39,3,2,24,21,3,0,40,29,7,4
S01008681,971,708,214,49,679,487,155,37,292,221,59,12,147,116,27,4,65,51,12,2,50,33,14,3,30,21,6,3
S01008682,783,460,284,39,523,289,201,33,260,171,83,6,114,82,30,2,73,50,22,1,34,20,13,1,39,19,18,2
S01008683,1074,738,300,36,741,478,233,30,333,260,67,6,134,118,16,0,75,62,12,1,58,37,19,2,66,43,20,3
S01008684,923,588,297,38,653,414,210,29,270,174,87,9,106,71,33,2,51,33,18,0,45,31,13,1,68,39,23,6
S01008685,777,425,301,51,554,289,221,44,223,136,80,7,90,64,26,0,48,38,10,0,33,14,18,1,52,20,26,6
S01008686,955,585,316,54,753,453,254,46,202,132,62,8,51,40,8,3,51,38,11,2,56,29,25,2,44,25,18,1
S01008687,648,333,273,42,438,206,197,35,210,127,76,7,63,48,15,0,62,34,25,3,43,22,19,2,42,23,17,2
S01008688,807,364,368,75,569,231,276,62,238,133,92,13,76,57,19,0,58,34,19,5,52,25,24,3,52,17,30,5
S01008689,860,576,253,31,659,430,202,27,201,146,51,4,45,39,6,0,62,43,19,0,55,36,15,4,39,28,11,0
S01008690,990,520,379,91,734,365,289,80,256,155,90,11,71,53,17,1,76,50,26,0,67,32,31,4,42,20,16,6
S01008691,1050,533,439,78,782,368,348,66,268,165,91,12,77,63,10,4,73,43,27,3,67,29,33,5,51,30,21,0
S01008692,627,308,270,49,484,220,217,47,143,88,53,2,38,35,3,0,38,23,13,2,41,20,21,0,26,10,16,0
S01008693,487,111,230,146,472,105,224,143,15,6,6,3,0,0,0,0,3,0,3,0,4,1,1,2,8,5,2,1
S01008694,1000,408,415,177,787,284,340,163,213,124,75,14,48,38,9,1,60,41,13,6,55,26,27,2,50,19,26,5
S01008695,703,211,380,112,620,175,338,107,83,36,42,5,11,9,2,0,6,3,3,0,27,10,15,2,39,14,22,3
S01008696,675,97,403,175,621,92,367,162,54,5,36,13,6,0,5,1,16,4,7,5,8,0,8,0,24,1,16,7
S01008697,1055,136,571,348,964,121,525,318,91,15,46,30,13,0,11,2,18,9,6,3,19,3,12,4,41,3,17,21
S01008698,492,71,239,182,460,58,224,178,32,13,15,4,2,1,0,1,10,7,2,1,5,3,2,0,15,2,11,2
S01008699,905,352,382,171,815,325,340,150,90,27,42,21,20,6,12,2,20,7,9,4,21,9,9,3,29,5,12,12
S01008700,569,71,252,246,506,68,227,211,63,3,25,35,9,0,8,1,6,0,1,5,5,1,0,4,43,2,16,25
S01008701,396,211,158,27,337,193,122,22,59,18,36,5,1,1,0,0,13,4,9,0,22,4,14,4,23,9,13,1
S01008702,584,199,278,107,437,156,198,83,147,43,80,24,38,8,26,4,37,12,22,3,39,14,18,7,33,9,14,10
S01008703,961,494,373,94,740,417,272,51,221,77,101,43,29,24,5,0,71,23,34,14,61,10,36,15,60,20,26,14
S01008704,700,268,304,128,581,225,251,105,119,43,53,23,21,13,6,2,28,16,10,2,34,7,18,9,36,7,19,10
S01008705,494,268,192,34,402,241,134,27,92,27,58,7,10,4,6,0,22,6,15,1,32,9,18,5,28,8,19,1
S01008706,577,259,275,43,498,238,221,39,79,21,54,4,8,6,2,0,27,7,20,0,31,5,22,4,13,3,10,0
S01008707,862,476,292,94,745,420,245,80,117,56,47,14,16,11,5,0,33,14,16,3,44,22,14,8,24,9,12,3
S01008708,859,497,301,61,744,452,243,49,115,45,58,12,7,4,3,0,29,10,19,0,48,16,26,6,31,15,10,6
S01008709,763,310,319,134,680,282,274,124,83,28,45,10,3,0,2,1,16,7,9,0,34,15,18,1,30,6,16,8
S01008710,494,215,188,91,387,180,146,61,107,35,42,30,15,9,2,4,32,14,13,5,40,8,17,15,20,4,10,6
S01008711,706,374,241,91,608,334,199,75,98,40,42,16,19,9,9,1,20,13,4,3,33,10,23,0,26,8,6,12
S01008712,1038,550,351,137,935,516,303,116,103,34,48,21,11,7,3,1,29,7,16,6,34,11,17,6,29,9,12,8
S01008713,635,373,212,50,594,358,188,48,41,15,24,2,4,2,2,0,16,4,12,0,9,2,6,1,12,7,4,1
S01008714,554,242,245,67,512,228,221,63,42,14,24,4,2,1,1,0,10,5,5,0,11,1,10,0,19,7,8,4
S01008715,763,301,292,170,734,291,284,159,29,10,8,11,4,3,1,0,9,2,3,4,13,4,3,6,3,1,1,1
S01008716,545,239,235,71,511,229,217,65,34,10,18,6,1,0,0,1,15,3,9,3,4,1,3,0,14,6,6,2
S01008717,440,97,229,114,404,92,212,100,36,5,17,14,2,2,0,0,9,2,3,4,3,0,2,1,22,1,12,9
S01008718,510,76,264,170,455,69,229,157,55,7,35,13,11,0,10,1,15,2,9,4,11,2,9,0,18,3,7,8
S01008719,1003,204,483,316,880,176,431,273,123,28,52,43,22,9,12,1,31,9,12,10,26,8,12,6,44,2,16,26
S01008720,508,166,223,119,481,158,211,112,27,8,12,7,10,6,3,1,1,0,1,0,3,1,1,1,13,1,7,5
S01008721,809,45,365,399,776,38,359,379,33,7,6,20,4,4,0,0,1,0,0,1,2,0,1,1,26,3,5,18
S01008722,1057,180,431,446,1000,162,419,419,57,18,12,27,3,1,0,2,8,7,0,1,6,3,1,2,40,7,11,22
S01008723,625,60,279,286,579,46,266,267,46,14,13,19,6,4,2,0,4,4,0,0,3,3,0,0,33,3,11,19
S01008724,934,165,453,316,874,149,431,294,60,16,22,22,4,3,1,0,10,4,2,4,11,6,4,1,35,3,15,17
S01008725,749,136,378,235,693,126,346,221,56,10,32,14,0,0,0,0,7,1,3,3,16,4,8,4,33,5,21,7
S01008726,576,39,313,224,551,35,299,217,25,4,14,7,1,0,1,0,0,0,0,0,2,1,1,0,22,3,12,7
S01008727,1034,189,547,298,934,168,488,278,100,21,59,20,13,2,11,0,14,4,8,2,16,3,9,4,57,12,31,14
S01008728,552,177,282,93,516,171,260,85,36,6,22,8,1,0,0,1,8,0,3,5,10,1,8,1,17,5,11,1
S01008729,740,122,371,247,693,109,353,231,47,13,18,16,5,5,0,0,6,3,2,1,5,1,1,3,31,4,15,12
S01008730,794,310,367,117,689,266,317,106,105,44,50,11,24,15,8,1,23,10,13,0,17,8,8,1,41,11,21,9
S01008731,430,153,217,60,400,141,202,57,30,12,15,3,2,0,0,2,4,0,4,0,8,6,2,0,16,6,9,1
S01008732,610,290,246,74,547,253,227,67,63,37,19,7,21,17,3,1,11,6,3,2,12,6,5,1,19,8,8,3
S01008733,793,279,398,116,678,241,336,101,115,38,62,15,13,3,6,4,40,23,15,2,19,6,12,1,43,6,29,8
S01008734,564,114,244,206,515,97,223,195,49,17,21,11,5,5,0,0,11,2,9,0,6,3,2,1,27,7,10,10
S01008735,996,67,401,528,895,54,364,477,101,13,37,51,16,3,3,10,16,5,8,3,18,3,4,11,51,2,22,27
S01008736,734,94,284,356,656,76,256,324,78,18,28,32,6,5,1,0,5,3,1,1,13,0,6,7,54,10,20,24
S01008737,801,88,379,334,756,77,360,319,45,11,19,15,3,1,1,1,10,7,0,3,7,0,5,2,25,3,13,9
S01008738,754,45,320,389,711,41,294,376,43,4,26,13,2,2,0,0,0,0,0,0,4,0,4,0,37,2,22,13
S01008739,559,98,314,147,536,95,302,139,23,3,12,8,0,0,0,0,5,0,4,1,3,0,1,2,15,3,7,5
S01008740,553,84,272,197,519,79,253,187,34,5,19,10,3,1,1,1,4,2,2,0,4,0,1,3,23,2,15,6
S01008741,953,156,453,344,906,150,431,325,47,6,22,19,7,3,3,1,1,1,0,0,6,0,4,2,33,2,15,16
S01008742,484,167,225,92,449,153,212,84,35,14,13,8,8,4,4,0,8,4,4,0,5,3,1,1,14,3,4,7
S01008743,914,421,371,122,808,368,328,112,106,53,43,10,14,12,2,0,35,20,9,6,23,11,9,3,34,10,23,1
S01008744,1058,387,490,181,984,345,462,177,74,42,28,4,18,15,2,1,19,9,8,2,17,11,6,0,20,7,12,1
S01008745,466,119,226,121,412,96,209,107,54,23,17,14,6,4,0,2,10,3,6,1,16,8,4,4,22,8,7,7
S01008746,1062,555,401,106,846,455,311,80,216,100,90,26,53,31,18,4,59,26,31,2,51,19,26,6,53,24,15,14
S01008747,501,95,235,171,464,83,218,163,37,12,17,8,11,4,6,1,9,4,4,1,5,1,1,3,12,3,6,3
S01008748,667,81,329,257,626,69,312,245,41,12,17,12,8,3,3,2,7,7,0,0,0,0,0,0,26,2,14,10
S01008749,983,99,474,410,896,89,436,371,87,10,38,39,4,0,2,2,9,3,5,1,3,0,3,0,71,7,28,36
S01008750,703,96,326,281,670,90,311,269,33,6,15,12,0,0,0,0,2,0,2,0,2,0,1,1,29,6,12,11
S01008751,622,216,241,165,582,196,227,159,40,20,14,6,7,4,2,1,3,2,0,1,17,10,6,1,13,4,6,3
S01008752,787,463,266,58,735,430,250,55,52,33,16,3,12,9,3,0,6,5,1,0,10,6,2,2,24,13,10,1
S01008753,536,273,205,58,491,261,173,57,45,12,32,1,9,1,8,0,12,4,8,0,8,3,5,0,16,4,11,1
S01008754,590,261,275,54,502,214,243,45,88,47,32,9,17,15,1,1,24,14,10,0,30,9,17,4,17,9,4,4
S01008755,941,470,367,104,751,375,303,73,190,95,64,31,50,32,13,5,66,33,23,10,45,21,18,6,29,9,10,10
S01008756,708,395,232,81,594,337,191,66,114,58,41,15,35,29,5,1,18,5,11,2,28,9,14,5,33,15,11,7
S01008757,638,417,165,56,586,389,146,51,52,28,19,5,6,4,2,0,12,6,5,1,10,6,4,0,24,12,8,4
S01008758,823,389,337,97,727,339,296,92,96,50,41,5,16,13,1,2,20,10,10,0,24,10,13,1,36,17,17,2
S01008759,564,306,206,52,529,282,196,51,35,24,10,1,2,1,1,0,9,8,1,0,7,4,3,0,17,11,5,1
S01008760,941,463,362,116,843,420,314,109,98,43,48,7,14,8,6,0,18,7,11,0,22,3,16,3,44,25,15,4
S01008761,690,189,335,166,483,124,222,137,207,65,113,29,36,11,23,2,81,24,45,12,65,22,34,9,25,8,11,6
S01008762,608,145,352,111,573,131,336,106,35,14,16,5,9,4,5,0,8,4,4,0,9,3,1,5,9,3,6,0
S01008763,925,269,483,173,829,235,436,158,96,34,47,15,18,11,7,0,18,9,6,3,26,8,14,4,34,6,20,8
S01008764,714,143,408,163,648,127,376,145,66,16,32,18,11,4,5,2,13,6,5,2,8,3,5,0,34,3,17,14
S01008765,850,198,478,174,779,186,436,157,71,12,42,17,7,0,6,1,11,3,7,1,20,5,11,4,33,4,18,11
S01008766,1013,165,523,325,958,152,500,306,55,13,23,19,8,0,4,4,10,6,3,1,8,1,5,2,29,6,11,12
S01008767,542,169,258,115,505,150,247,108,37,19,11,7,10,4,5,1,6,5,1,0,6,4,1,1,15,6,4,5
S01008768,490,196,233,61,427,170,201,56,63,26,32,5,5,4,1,0,16,7,9,0,27,10,14,3,15,5,8,2
S01008769,666,145,366,155,534,103,296,135,132,42,70,20,30,14,14,2,30,7,19,4,31,9,18,4,41,12,19,10
S01008770,855,148,490,217,610,113,342,155,245,35,148,62,61,15,36,10,72,9,39,24,57,7,37,13,55,4,36,15
S01008771,778,223,363,192,635,187,296,152,143,36,67,40,16,11,5,0,49,10,17,22,35,4,26,5,43,11,19,13
S01008772,767,222,359,186,691,198,317,176,76,24,42,10,8,6,1,1,24,12,9,3,22,4,16,2,22,2,16,4
S01008773,1019,425,464,130,872,368,392,112,147,57,72,18,28,18,8,2,55,13,34,8,28,9,16,3,36,17,14,5
S01008774,897,457,363,77,708,367,286,55,189,90,77,22,30,21,5,4,73,33,31,9,50,23,21,6,36,13,20,3
S01008775,471,139,247,85,418,116,223,79,53,23,24,6,15,11,4,0,10,6,4,0,5,2,2,1,23,4,14,5
S01008776,799,501,243,55,664,410,212,42,135,91,31,13,25,25,0,0,39,33,5,1,32,18,9,5,39,15,17,7
S01008777,991,610,324,57,790,476,265,49,201,134,59,8,37,29,8,0,50,38,12,0,58,36,21,1,56,31,18,7
S01008778,1086,455,486,145,843,324,406,113,243,131,80,32,46,37,6,3,76,42,25,9,66,35,23,8,55,17,26,12
S01008779,718,178,400,140,566,122,320,124,152,56,80,16,29,14,10,5,42,19,19,4,44,8,33,3,37,15,18,4
S01008780,583,216,289,78,446,153,223,70,137,63,66,8,32,21,11,0,50,24,25,1,27,8,17,2,28,10,13,5
S01008781,891,417,379,95,688,324,299,65,203,93,80,30,29,14,12,3,79,30,34,15,55,26,21,8,40,23,13,4
S01008782,749,278,362,109,598,215,285,98,151,63,77,11,33,16,15,2,34,17,15,2,50,24,24,2,34,6,23,5
S01008783,417,160,206,51,357,140,171,46,60,20,35,5,0,0,0,0,24,11,13,0,16,3,10,3,20,6,12,2
S01008784,442,208,194,40,353,179,146,28,89,29,48,12,17,5,11,1,21,7,12,2,27,8,14,5,24,9,11,4
S01008785,867,534,278,55,683,443,194,46,184,91,84,9,33,20,11,2,51,20,29,2,65,34,27,4,35,17,17,1
S01008786,894,480,341,73,693,346,281,66,201,134,60,7,50,41,7,2,53,37,15,1,41,22,16,3,57,34,22,1
S01008787,374,267,83,24,315,240,60,15,59,27,23,9,19,8,7,4,8,4,4,0,22,12,8,2,10,3,4,3
S01008788,690,329,310,51,540,252,240,48,150,77,70,3,48,26,22,0,44,25,18,1,35,18,16,1,23,8,14,1
S01008789,654,363,216,75,560,325,174,61,94,38,42,14,16,9,5,2,32,11,15,6,21,6,14,1,25,12,8,5
S01008790,624,383,181,60,487,279,155,53,137,104,26,7,30,27,3,0,40,30,9,1,39,28,9,2,28,19,5,4
S01008791,877,386,399,92,505,212,230,63,372,174,169,29,99,57,33,9,126,52,64,10,92,40,49,3,55,25,23,7
S01008792,774,369,308,97,614,287,251,76,160,82,57,21,45,30,12,3,36,14,18,4,35,16,15,4,44,22,12,10
S01008793,427,295,120,12,326,226,92,8,101,69,28,4,39,34,5,0,24,17,7,0,15,8,7,0,23,10,9,4
S01008794,857,500,285,72,712,411,239,62,145,89,46,10,37,22,14,1,36,26,10,0,51,30,15,6,21,11,7,3
S01008795,1122,523,489,110,787,336,362,89,335,187,127,21,104,73,29,2,83,51,28,4,92,48,38,6,56,15,32,9
S01008796,1117,645,381,91,868,505,289,74,249,140,92,17,51,43,8,0,96,58,36,2,53,22,28,3,49,17,20,12
S01008797,947,510,362,75,699,357,282,60,248,153,80,15,89,61,26,2,57,44,12,1,58,30,27,1,44,18,15,11
S01008798,783,476,272,35,600,353,215,32,183,123,57,3,54,47,7,0,48,33,15,0,43,25,16,2,38,18,19,1
S01008799,665,293,270,102,413,179,163,71,252,114,107,31,46,20,16,10,104,50,45,9,79,36,33,10,23,8,13,2
S01008800,1035,531,423,81,714,359,290,65,321,172,133,16,73,54,15,4,116,58,54,4,93,42,45,6,39,18,19,2
S01008801,936,511,382,43,630,338,264,28,306,173,118,15,89,59,28,2,78,51,24,3,73,24,40,9,66,39,26,1
S01008802,958,593,315,50,704,414,249,41,254,179,66,9,78,66,12,0,77,55,20,2,50,31,17,2,49,27,17,5
S01008803,952,570,306,76,734,425,252,57,218,145,54,19,70,62,5,3,61,39,15,7,41,22,18,1,46,22,16,8
S01008804,535,356,159,20,292,195,88,9,243,161,71,11,81,61,17,3,73,42,27,4,47,30,17,0,42,28,10,4
S01008805,623,381,193,49,380,200,147,33,243,181,46,16,117,102,11,4,79,56,19,4,22,12,5,5,25,11,11,3
S01008806,1019,500,433,86,687,322,303,62,332,178,130,24,95,60,29,6,95,61,29,5,82,28,46,8,60,29,26,5
S01008807,792,428,300,64,584,299,236,49,208,129,64,15,57,46,11,0,46,34,7,5,49,21,25,3,56,28,21,7
S01008808,663,333,267,63,513,257,208,48,150,76,59,15,26,20,6,0,36,16,17,3,28,19,8,1,60,21,28,11
S01008809,636,236,253,147,484,161,193,130,152,75,60,17,32,29,2,1,40,22,17,1,31,12,15,4,49,12,26,11
S01008810,733,342,315,76,540,227,248,65,193,115,67,11,65,53,12,0,46,28,16,2,30,13,14,3,52,21,25,6
S01008811,829,367,297,165,598,242,224,132,231,125,73,33,69,47,13,9,59,32,23,4,39,18,18,3,64,28,19,17
S01008812,471,249,189,33,350,168,152,30,121,81,37,3,39,33,6,0,24,17,7,0,28,14,13,1,30,17,11,2
S01008813,955,445,404,106,722,316,314,92,233,129,90,14,68,54,14,0,54,26,25,3,39,19,18,2,72,30,33,9
S01008814,841,374,378,89,591,229,288,74,250,145,90,15,65,56,8,1,68,38,27,3,64,27,31,6,53,24,24,5
S01008815,908,490,348,70,667,348,266,53,241,142,82,17,70,62,7,1,72,42,29,1,56,20,29,7,43,18,17,8
S01008816,523,210,263,50,442,184,212,46,81,26,51,4,30,9,21,0,13,5,7,1,19,4,14,1,19,8,9,2
S01008817,764,329,350,85,603,263,263,77,161,66,87,8,35,27,8,0,62,24,35,3,33,4,28,1,31,11,16,4
S01008818,775,213,406,156,688,184,356,148,87,29,50,8,6,2,3,1,20,11,9,0,28,10,18,0,33,6,20,7
S01008819,705,197,385,123,613,165,334,114,92,32,51,9,19,12,6,1,21,5,15,1,20,5,14,1,32,10,16,6
S01008820,1113,551,423,139,934,469,348,117,179,82,75,22,25,20,5,0,51,19,27,5,41,19,20,2,62,24,23,15
S01008821,712,140,385,187,611,112,336,163,101,28,49,24,15,7,7,1,11,8,2,1,14,6,6,2,61,7,34,20
S01008822,726,57,398,271,669,50,371,248,57,7,27,23,10,1,5,4,8,3,3,2,4,1,1,2,35,2,18,15
S01008823,626,75,313,238,569,62,291,216,57,13,22,22,5,0,4,1,8,7,0,1,10,2,7,1,34,4,11,19
S01008824,961,172,584,205,875,148,533,194,86,24,51,11,3,3,0,0,18,6,12,0,24,9,11,4,41,6,28,7
S01008825,610,103,332,175,551,91,299,161,59,12,33,14,11,4,2,5,15,5,10,0,10,1,8,1,23,2,13,8
S01008826,650,209,304,137,575,188,260,127,75,21,44,10,15,6,9,0,20,6,13,1,10,3,6,1,30,6,16,8
S01008827,698,22,294,382,642,19,267,356,56,3,27,26,3,0,2,1,6,1,4,1,11,0,6,5,36,2,15,19
S01008828,882,171,445,266,796,153,401,242,86,18,44,24,14,6,4,4,13,3,7,3,19,5,8,6,40,4,25,11
S01008829,715,135,326,254,624,118,286,220,91,17,40,34,35,10,10,15,20,2,13,5,15,0,11,4,21,5,6,10
S01008830,689,143,372,174,629,134,330,165,60,9,42,9,9,4,5,0,7,1,6,0,10,0,5,5,34,4,26,4
S01008831,774,94,353,327,734,86,342,306,40,8,11,21,6,4,0,2,1,1,0,0,8,1,4,3,25,2,7,16
S01008832,697,75,335,287,602,63,284,255,95,12,51,32,15,5,6,4,18,3,11,4,17,2,11,4,45,2,23,20
S01008833,985,307,433,245,843,249,383,211,142,58,50,34,36,19,16,1,24,10,6,8,20,10,5,5,62,19,23,20
S01008834,1078,237,543,298,922,191,468,263,156,46,75,35,16,5,8,3,29,15,8,6,24,9,13,2,87,17,46,24
S01008835,813,185,436,192,754,169,406,179,59,16,30,13,12,1,6,5,4,1,3,0,19,7,11,1,24,7,10,7
S01008836,675,286,298,91,542,238,233,71,133,48,65,20,23,12,8,3,25,8,12,5,46,21,21,4,39,7,24,8
S01008837,1015,402,510,103,793,304,400,89,222,98,110,14,60,46,13,1,55,26,26,3,58,9,46,3,49,17,25,7
S01008838,1009,478,391,140,804,356,324,124,205,122,67,16,60,48,12,0,38,27,10,1,46,24,22,0,61,23,23,15
S01008839,1024,371,501,152,834,278,420,136,190,93,81,16,45,39,4,2,48,25,23,0,32,11,19,2,65,18,35,12
S01008840,1073,404,520,149,887,285,466,136,186,119,54,13,47,42,5,0,42,33,8,1,37,16,15,6,60,28,26,6
S01008841,568,212,271,85,435,137,228,70,133,75,43,15,45,32,6,7,34,20,11,3,20,8,10,2,34,15,16,3
S01008842,882,291,451,140,591,157,325,109,291,134,126,31,95,59,28,8,93,44,39,10,62,19,36,7,41,12,23,6
S01008843,881,374,416,91,616,243,304,69,265,131,112,22,83,52,25,6,55,28,24,3,59,24,33,2,68,27,30,11
S01008844,695,275,348,72,505,182,262,61,190,93,86,11,38,31,7,0,71,37,33,1,40,17,21,2,41,8,25,8
S01008845,851,364,369,118,584,198,284,102,267,166,85,16,89,77,10,2,76,44,29,3,41,20,15,6,61,25,31,5
S01008846,807,288,355,164,623,202,280,141,184,86,75,23,78,44,31,3,23,16,6,1,33,13,15,5,50,13,23,14
S01008847,573,203,208,162,433,122,177,134,140,81,31,28,57,37,8,12,19,14,4,1,29,16,10,3,35,14,9,12
S01008848,765,254,332,179,626,195,280,151,139,59,52,28,41,23,12,6,18,9,4,5,17,6,11,0,63,21,25,17
S01008849,727,232,332,163,542,155,253,134,185,77,79,29,73,30,31,12,38,24,10,4,26,16,7,3,48,7,31,10
S01008850,818,199,408,211,682,134,355,193,136,65,53,18,53,31,16,6,26,16,7,3,12,5,7,0,45,13,23,9
S01008851,1021,467,410,144,808,357,332,119,213,110,78,25,58,29,21,8,38,25,9,4,37,20,13,4,80,36,35,9
S01008852,992,231,491,270,784,144,404,236,208,87,87,34,53,26,21,6,37,20,12,5,31,19,8,4,87,22,46,19
S01008853,680,269,304,107,474,162,225,87,206,107,79,20,64,47,17,0,46,25,15,6,41,20,20,1,55,15,27,13
S01008854,908,275,433,200,710,189,349,172,198,86,84,28,71,44,25,2,39,16,13,10,28,10,16,2,60,16,30,14
S01008855,1056,383,529,144,837,278,435,124,219,105,94,20,67,47,16,4,46,22,21,3,37,19,16,2,69,17,41,11
S01008856,562,244,235,83,396,158,181,57,166,86,54,26,62,39,16,7,31,17,10,4,33,15,9,9,40,15,19,6
S01008857,764,264,422,78,642,209,363,70,122,55,59,8,24,12,9,3,22,15,7,0,24,8,14,2,52,20,29,3
S01008858,552,168,275,109,465,137,227,101,87,31,48,8,12,6,6,0,18,7,11,0,14,2,11,1,43,16,20,7
S01008859,1103,474,532,97,869,357,423,89,234,117,109,8,53,37,16,0,56,32,21,3,38,17,19,2,87,31,53,3
S01008860,882,382,371,129,721,302,307,112,161,80,64,17,39,30,5,4,27,11,13,3,35,18,16,1,60,21,30,9
S01008861,760,98,389,273,664,77,342,245,96,21,47,28,14,10,4,0,10,1,7,2,14,1,9,4,58,9,27,22
S01008862,877,333,428,116,716,259,351,106,161,74,77,10,55,32,22,1,31,18,12,1,29,10,18,1,46,14,25,7
S01008863,733,225,406,102,604,175,343,86,129,50,63,16,33,19,13,1,28,13,13,2,23,8,13,2,45,10,24,11
S01008864,721,219,367,135,603,170,313,120,118,49,54,15,16,11,5,0,25,9,15,1,31,14,15,2,46,15,19,12
S01008865,850,278,436,136,693,201,373,119,157,77,63,17,35,22,13,0,34,13,16,5,41,18,18,5,47,24,16,7
S01008866,798,199,452,147,639,150,366,123,159,49,86,24,19,11,6,2,33,13,17,3,32,10,20,2,75,15,43,17
S01008867,800,126,447,227,656,82,369,205,144,44,78,22,37,12,21,4,31,15,16,0,19,7,6,6,57,10,35,12
S01008868,726,320,277,129,489,184,203,102,237,136,74,27,94,66,20,8,60,37,20,3,32,12,16,4,51,21,18,12
S01008869,998,334,481,183,775,219,400,156,223,115,81,27,71,54,11,6,53,26,17,10,21,11,9,1,78,24,44,10
S01008870,757,161,387,209,624,123,327,174,133,38,60,35,25,9,12,4,30,14,13,3,25,6,10,9,53,9,25,19
S01008871,1031,330,476,225,821,228,404,189,210,102,72,36,69,47,11,11,44,25,13,6,23,9,7,7,74,21,41,12
S01008872,851,270,400,181,675,197,331,147,176,73,69,34,70,34,22,14,30,14,11,5,23,12,8,3,53,13,28,12
S01008873,688,90,317,281,585,57,270,258,103,33,47,23,33,21,9,3,18,5,12,1,7,3,3,1,45,4,23,18
S01008874,848,254,454,140,676,183,378,115,172,71,76,25,55,32,22,1,47,17,28,2,41,16,13,12,29,6,13,10
S01008875,820,384,335,101,645,288,275,82,175,96,60,19,67,45,18,4,54,27,24,3,30,16,7,7,24,8,11,5
S01008876,587,120,308,159,544,114,280,150,43,6,28,9,4,1,3,0,10,2,6,2,3,2,1,0,26,1,18,7
S01008877,548,84,284,180,492,72,258,162,56,12,26,18,9,3,1,5,18,4,9,5,10,1,7,2,19,4,9,6
S01008878,907,273,422,212,831,249,386,196,76,24,36,16,17,4,12,1,8,1,6,1,18,10,6,2,33,9,12,12
S01008879,817,200,412,205,739,182,366,191,78,18,46,14,4,0,3,1,13,5,7,1,21,6,12,3,40,7,24,9
S01008880,595,90,323,182,532,83,286,163,63,7,37,19,10,6,3,1,18,0,10,8,14,0,9,5,21,1,15,5
S01008881,520,62,252,206,451,52,218,181,69,10,34,25,6,1,1,4,8,2,4,2,18,2,12,4,37,5,17,15
S01008882,976,61,320,595,906,59,293,554,70,2,27,41,11,0,5,6,4,0,1,3,8,0,4,4,47,2,17,28
S01008883,869,34,287,548,799,26,261,512,70,8,26,36,7,1,5,1,9,0,2,7,15,0,7,8,39,7,12,20
S01008884,706,33,273,400,635,29,232,374,71,4,41,26,6,0,6,0,8,0,7,1,8,0,8,0,49,4,20,25
S01008885,888,48,345,495,814,34,318,462,74,14,27,33,0,0,0,0,8,3,4,1,16,6,4,6,50,5,19,26
S01008886,804,147,461,196,666,111,396,159,138,36,65,37,41,9,17,15,26,14,7,5,16,3,10,3,55,10,31,14
S01008887,766,130,396,240,684,113,347,224,82,17,49,16,13,8,4,1,16,3,13,0,17,3,9,5,36,3,23,10
S01008888,592,112,365,115,477,81,294,102,115,31,71,13,27,10,16,1,28,12,12,4,32,4,24,4,28,5,19,4
S01008889,542,81,299,162,477,62,271,144,65,19,28,18,11,8,2,1,13,5,8,0,6,1,5,0,35,5,13,17
S01008890,716,93,354,269,662,83,331,248,54,10,23,21,1,1,0,0,4,0,4,0,7,1,2,4,42,8,17,17
S01008891,763,57,350,356,708,55,314,339,55,2,36,17,0,0,0,0,3,0,3,0,7,0,7,0,45,2,26,17
S01008892,971,219,456,296,862,185,408,269,109,34,48,27,26,12,8,6,21,5,10,6,27,12,8,7,35,5,22,8
S01008893,899,56,352,491,813,43,321,449,86,13,31,42,12,4,3,5,18,3,4,11,7,0,5,2,49,6,19,24
S01008894,868,33,332,503,812,30,308,474,56,3,24,29,2,0,1,1,6,0,1,5,6,0,4,2,42,3,18,21
S01008895,715,49,274,392,634,40,240,354,81,9,34,38,14,1,12,1,14,4,5,5,14,2,6,6,39,2,11,26
S01008896,566,37,194,335,502,26,171,305,64,11,23,30,11,6,2,3,23,4,8,11,2,0,1,1,28,1,12,15
S01008897,689,71,279,339,610,55,244,311,79,16,35,28,4,1,3,0,23,7,13,3,10,2,5,3,42,6,14,22
S01008898,870,41,344,485,785,33,295,457,85,8,49,28,14,1,11,2,8,3,4,1,16,4,9,3,47,0,25,22
S01008899,843,450,291,102,774,412,267,95,69,38,24,7,3,2,1,0,16,10,5,1,26,12,11,3,24,14,7,3
S01008900,948,340,364,244,849,303,321,225,99,37,43,19,22,18,2,2,18,2,13,3,26,7,11,8,33,10,17,6
S01008901,846,281,395,170,768,257,363,148,78,24,32,22,9,7,2,0,16,7,6,3,25,3,13,9,28,7,11,10
S01008902,1012,442,418,152,845,383,341,121,167,59,77,31,28,19,6,3,41,11,23,7,37,12,16,9,61,17,32,12
S01008903,962,329,429,204,892,302,394,196,70,27,35,8,4,3,1,0,16,8,7,1,25,5,19,1,25,11,8,6
S01008904,1073,640,327,106,750,461,214,75,323,179,113,31,110,85,24,1,65,36,26,3,75,36,34,5,73,22,29,22
S01008905,1104,705,340,59,931,610,277,44,173,95,63,15,55,30,23,2,39,22,11,6,45,22,17,6,34,21,12,1
S01008906,813,453,308,52,635,364,242,29,178,89,66,23,35,25,6,4,45,22,19,4,66,29,23,14,32,13,18,1
S01008907,692,422,226,44,563,361,168,34,129,61,58,10,9,5,4,0,71,38,31,2,34,10,17,7,15,8,6,1
S01008908,929,428,378,123,757,354,294,109,172,74,84,14,21,12,8,1,63,40,23,0,40,12,23,5,48,10,30,8
S01008909,797,233,423,141,708,207,374,127,89,26,49,14,17,10,7,0,27,10,9,8,27,4,20,3,18,2,13,3
S01008910,476,141,250,85,419,120,221,78,57,21,29,7,15,11,3,1,17,5,12,0,10,1,6,3,15,4,8,3
S01008911,861,186,467,208,662,129,352,181,199,57,115,27,32,11,18,3,71,19,44,8,50,14,29,7,46,13,24,9
S01008912,792,99,408,285,721,85,381,255,71,14,27,30,8,3,5,0,18,3,6,9,12,4,5,3,33,4,11,18
S01008913,684,161,317,206,608,135,289,184,76,26,28,22,21,18,2,1,10,2,5,3,22,1,11,10,23,5,10,8
S01008914,868,245,397,226,810,223,371,216,58,22,26,10,5,3,1,1,14,6,7,1,16,8,6,2,23,5,12,6
S01008915,569,95,313,161,512,81,279,152,57,14,34,9,13,11,2,0,5,0,5,0,12,0,11,1,27,3,16,8
S01008916,1085,581,400,104,979,540,342,97,106,41,58,7,15,8,7,0,19,10,9,0,39,9,26,4,33,14,16,3
S01008917,681,388,243,50,597,348,206,43,84,40,37,7,13,6,4,3,19,7,12,0,29,19,10,0,23,8,11,4
S01008918,584,404,159,21,417,301,102,14,167,103,57,7,29,23,5,1,71,41,25,5,41,23,17,1,26,16,10,0
S01008919,544,344,175,25,431,275,143,13,113,69,32,12,23,18,5,0,35,27,7,1,29,11,11,7,26,13,9,4
S01008920,1075,254,556,265,846,186,450,210,229,68,106,55,44,20,18,6,70,18,36,16,59,19,25,15,56,11,27,18
S01008921,755,442,253,60,613,381,190,42,142,61,63,18,20,7,9,4,53,20,30,3,48,22,15,11,21,12,9,0
S01008922,785,342,341,102,698,310,294,94,87,32,47,8,11,5,5,1,18,12,6,0,31,3,24,4,27,12,12,3
S01008923,749,370,271,108,656,335,223,98,93,35,48,10,14,9,1,4,29,9,19,1,29,10,15,4,21,7,13,1
S01008924,982,490,366,126,838,446,284,108,144,44,82,18,28,20,3,5,46,6,35,5,47,10,36,1,23,8,8,7
S01008925,691,321,241,129,532,243,180,109,159,78,61,20,33,18,15,0,40,21,16,3,54,27,17,10,32,12,13,7
S01008926,607,139,317,151,540,131,278,131,67,8,39,20,12,2,10,0,12,1,9,2,21,1,13,7,22,4,7,11
S01008927,799,240,474,85,579,192,326,61,220,48,148,24,31,6,23,2,93,15,65,13,78,22,49,7,18,5,11,2
S01008928,609,180,290,139,520,156,249,115,89,24,41,24,9,7,1,1,26,6,18,2,34,8,15,11,20,3,7,10
S01008929,762,602,134,26,644,527,94,23,118,75,40,3,19,13,6,0,32,18,14,0,35,21,12,2,32,23,8,1
S01008930,913,553,277,83,798,505,233,60,115,48,44,23,19,9,9,1,24,9,10,5,48,14,21,13,24,16,4,4
S01008931,776,438,293,45,705,402,267,36,71,36,26,9,6,2,4,0,25,17,8,0,25,9,12,4,15,8,2,5
S01008932,885,331,380,174,703,269,292,142,182,62,88,32,21,11,6,4,79,28,40,11,41,9,24,8,41,14,18,9
S01008933,686,329,287,70,559,285,212,62,127,44,75,8,12,6,6,0,32,17,14,1,58,13,45,0,25,8,10,7
S01008934,792,300,323,169,641,243,254,144,151,57,69,25,33,14,15,4,36,18,15,3,41,12,20,9,41,13,19,9
S01008935,893,136,382,375,815,117,355,343,78,19,27,32,8,3,3,2,9,1,6,2,12,6,3,3,49,9,15,25
S01008936,397,14,197,186,377,14,188,175,20,0,9,11,0,0,0,0,1,0,1,0,2,0,1,1,17,0,7,10
S01008937,831,183,409,239,764,162,380,222,67,21,29,17,2,1,0,1,12,5,7,0,10,4,2,4,43,11,20,12
S01008938,750,60,373,317,717,52,355,310,33,8,18,7,11,5,6,0,3,0,1,2,3,0,2,1,16,3,9,4
S01008939,781,85,375,321,739,81,351,307,42,4,24,14,2,0,1,1,8,0,4,4,5,0,3,2,27,4,16,7
S01008940,636,20,237,379,588,12,218,358,48,8,19,21,2,2,0,0,3,0,2,1,12,5,4,3,31,1,13,17
S01008941,881,51,294,536,827,49,277,501,54,2,17,35,0,0,0,0,7,0,5,2,11,1,1,9,36,1,11,24
S01008942,727,54,357,316,671,49,327,295,56,5,30,21,4,0,4,0,5,1,3,1,4,0,2,2,43,4,21,18
S01008943,826,31,219,576,769,28,204,537,57,3,15,39,6,1,1,4,3,0,1,2,6,1,1,4,42,1,12,29
S01008944,1013,51,299,663,924,45,267,612,89,6,32,51,7,0,2,5,4,0,4,0,19,2,8,9,59,4,18,37
S01008945,782,21,254,507,720,18,230,472,62,3,24,35,6,0,3,3,9,0,6,3,3,0,2,1,44,3,13,28
S01008946,912,61,318,533,839,52,295,492,73,9,23,41,7,0,3,4,5,0,5,0,14,2,6,6,47,7,9,31
S01008947,1063,90,376,597,952,82,340,530,111,8,36,67,12,2,3,7,10,4,4,2,13,0,3,10,76,2,26,48
S01008948,699,52,287,360,613,46,245,322,86,6,42,38,4,2,2,0,10,1,8,1,13,2,9,2,59,1,23,35
S01008949,924,230,419,275,876,220,392,264,48,10,27,11,6,4,2,0,12,4,6,2,7,1,6,0,23,1,13,9
S01008950,935,221,429,285,875,205,397,273,60,16,32,12,4,1,3,0,13,5,8,0,8,2,6,0,35,8,15,12
S01008951,822,376,326,120,719,326,288,105,103,50,38,15,22,14,6,2,30,13,11,6,23,13,8,2,28,10,13,5
S01008952,803,404,307,92,711,371,259,81,92,33,48,11,20,11,8,1,30,12,16,2,24,5,17,2,18,5,7,6
S01008953,903,325,371,207,816,300,323,193,87,25,48,14,8,5,3,0,15,2,12,1,25,5,16,4,39,13,17,9
S01008954,839,299,359,181,773,278,330,165,66,21,29,16,5,4,1,0,17,7,8,2,13,5,5,3,31,5,15,11
S01008955,637,80,301,256,587,70,280,237,50,10,21,19,8,6,2,0,2,1,1,0,2,1,1,0,38,2,17,19
S01008956,878,118,456,304,809,108,417,284,69,10,39,20,12,5,5,2,17,3,13,1,10,0,6,4,30,2,15,13
S01008957,1010,216,444,350,906,200,410,296,104,16,34,54,15,6,6,3,10,2,5,3,38,3,12,23,41,5,11,25
S01008958,722,234,331,157,647,211,293,143,75,23,38,14,8,3,5,0,13,4,8,1,16,8,7,1,38,8,18,12
S01008959,859,128,472,259,811,124,438,249,48,4,34,10,2,1,1,0,10,1,8,1,4,0,4,0,32,2,21,9
S01008960,916,49,289,578,831,39,263,529,85,10,26,49,11,0,3,8,10,4,2,4,22,5,6,11,42,1,15,26
S01008961,715,101,368,246,653,84,335,234,62,17,33,12,8,5,2,1,15,5,8,2,10,3,7,0,29,4,16,9
S01008962,616,82,304,230,572,74,282,216,44,8,22,14,5,2,1,2,4,3,1,0,7,1,3,3,28,2,17,9
S01008963,783,102,344,337,740,93,322,325,43,9,22,12,10,8,2,0,5,1,4,0,11,0,7,4,17,0,9,8
S01008964,525,54,211,260,497,50,198,249,28,4,13,11,3,2,1,0,3,0,0,3,2,1,1,0,20,1,11,8
S01008965,742,69,336,337,708,61,325,322,34,8,11,15,3,3,0,0,2,0,1,1,3,0,1,2,26,5,9,12
S01008966,590,48,277,265,560,46,262,252,30,2,15,13,2,0,1,1,5,0,5,0,3,0,3,0,20,2,6,12
S01008967,1045,93,570,382,985,88,542,355,60,5,28,27,2,0,1,1,0,0,0,0,14,0,8,6,44,5,19,20
S01008968,997,63,468,466,949,59,443,447,48,4,25,19,3,0,3,0,6,2,0,4,7,0,2,5,32,2,20,10
S01008969,1088,174,448,466,998,150,417,431,90,24,31,35,8,7,0,1,15,3,9,3,25,6,8,11,42,8,14,20
S01008970,1014,95,519,400,944,81,475,388,70,14,44,12,12,1,9,2,9,4,4,1,14,7,5,2,35,2,26,7
S01008971,697,26,285,386,645,22,263,360,52,4,22,26,1,0,0,1,2,0,2,0,7,1,6,0,42,3,14,25
S01008972,765,49,314,402,705,45,280,380,60,4,34,22,5,0,5,0,6,1,4,1,16,3,13,0,33,0,12,21
S01008973,708,131,383,194,622,115,336,171,86,16,47,23,13,5,6,2,21,7,8,6,13,1,11,1,39,3,22,14
S01008974,803,227,343,233,726,185,316,225,77,42,27,8,28,19,9,0,17,13,3,1,8,2,6,0,24,8,9,7
S01008975,728,336,292,100,675,317,274,84,53,19,18,16,15,8,6,1,3,0,3,0,8,2,1,5,27,9,8,10
S01008976,525,34,244,247,481,28,221,232,44,6,23,15,9,1,8,0,4,1,0,3,3,2,1,0,28,2,14,12
S01008977,605,55,288,262,573,54,268,251,32,1,20,11,2,0,2,0,12,0,7,5,5,0,3,2,13,1,8,4
S01008978,580,132,308,140,529,117,285,127,51,15,23,13,6,5,0,1,16,4,11,1,14,4,4,6,15,2,8,5
S01008979,743,156,418,169,645,122,372,151,98,34,46,18,29,19,7,3,19,3,9,7,26,8,17,1,24,4,13,7
S01008980,834,219,435,180,721,180,376,165,113,39,59,15,24,14,10,0,18,7,7,4,28,7,19,2,43,11,23,9
S01008981,708,91,377,240,683,88,367,228,25,3,10,12,1,1,0,0,5,1,3,1,2,0,2,0,17,1,5,11
S01008982,789,198,476,115,716,170,436,110,73,28,40,5,22,10,11,1,26,13,12,1,6,1,4,1,19,4,13,2
S01008983,650,222,329,99,562,197,277,88,88,25,52,11,25,13,10,2,36,2,26,8,8,2,5,1,19,8,11,0
S01008984,518,147,246,125,481,139,224,118,37,8,22,7,10,3,7,0,8,1,6,1,9,2,4,3,10,2,5,3
S01008985,679,159,362,158,632,152,334,146,47,7,28,12,17,2,12,3,11,2,3,6,9,2,6,1,10,1,7,2
S01008986,802,117,450,235,761,104,431,226,41,13,19,9,9,6,3,0,5,1,0,4,7,1,4,2,20,5,12,3
S01008987,822,66,446,310,800,62,435,303,22,4,11,7,4,1,1,2,7,3,3,1,0,0,0,0,11,0,7,4
S01008988,941,225,503,213,828,193,450,185,113,32,53,28,29,18,10,1,17,5,5,7,33,6,15,12,34,3,23,8
S01008989,653,117,382,154,581,94,342,145,72,23,40,9,26,17,9,0,17,4,11,2,17,0,12,5,12,2,8,2
S01008990,737,143,393,201,638,100,351,187,99,43,42,14,33,25,8,0,34,12,16,6,20,2,12,6,12,4,6,2
S01008991,935,99,455,381,840,82,408,350,95,17,47,31,10,6,4,0,21,4,12,5,12,3,5,4,52,4,26,22
S01008992,562,124,304,134,495,104,261,130,67,20,43,4,14,6,8,0,12,4,8,0,24,7,17,0,17,3,10,4
S01008993,1068,134,450,484,980,116,411,453,88,18,39,31,18,10,8,0,6,1,4,1,12,2,7,3,52,5,20,27
S01008994,773,159,357,257,738,153,338,247,35,6,19,10,7,2,5,0,8,0,7,1,4,0,1,3,16,4,6,6
S01008995,861,52,282,527,811,47,259,505,50,5,23,22,6,3,3,0,6,0,4,2,7,0,3,4,31,2,13,16
S01008996,562,139,217,206,534,134,209,191,28,5,8,15,3,0,1,2,2,0,2,0,6,3,1,2,17,2,4,11
S01008997,984,113,329,542,929,107,310,512,55,6,19,30,1,0,0,1,3,1,2,0,17,2,4,11,34,3,13,18
S01008998,628,190,286,152,607,188,272,147,21,2,14,5,1,0,1,0,4,0,4,0,0,0,0,0,16,2,9,5
S01008999,854,201,399,254,811,195,383,233,43,6,16,21,1,0,0,1,10,3,4,3,11,1,3,7,21,2,9,10
S01009000,911,70,344,497,883,68,333,482,28,2,11,15,4,0,1,3,2,0,1,1,4,1,1,2,18,1,8,9
S01009001,880,52,247,581,837,50,225,562,43,2,22,19,5,0,3,2,8,0,7,1,9,0,2,7,21,2,10,9
S01009002,807,91,324,392,770,87,305,378,37,4,19,14,2,0,2,0,4,1,3,0,5,1,3,1,26,2,11,13
S01009003,960,75,356,529,879,68,315,496,81,7,41,33,10,2,5,3,13,1,8,4,16,0,10,6,42,4,18,20
S01009004,680,90,307,283,662,88,298,276,18,2,9,7,0,0,0,0,2,0,1,1,2,0,1,1,14,2,7,5
S01009005,730,99,390,241,691,97,367,227,39,2,23,14,1,0,1,0,12,1,4,7,5,1,3,1,21,0,15,6
S01009006,766,174,348,244,717,159,328,230,49,15,20,14,9,3,4,2,10,6,4,0,13,3,5,5,17,3,7,7
S01009007,701,156,371,174,662,150,348,164,39,6,23,10,3,1,2,0,2,0,2,0,6,0,4,2,28,5,15,8
S01009008,916,123,409,384,863,118,381,364,53,5,28,20,2,0,0,2,7,2,5,0,10,3,6,1,34,0,17,17
S01009009,476,204,226,46,456,200,215,41,20,4,11,5,3,2,1,0,0,0,0,0,7,0,5,2,10,2,5,3
S01009010,1021,71,402,548,967,65,377,525,54,6,25,23,11,1,5,5,3,1,2,0,13,2,5,6,27,2,13,12
S01009011,869,29,350,490,841,28,337,476,28,1,13,14,3,0,2,1,2,0,2,0,7,0,5,2,16,1,4,11
S01009012,752,36,303,413,717,33,283,401,35,3,20,12,8,1,5,2,0,0,0,0,4,1,3,0,23,1,12,10
S01009013,893,65,342,486,828,51,318,459,65,14,24,27,13,10,2,1,9,0,6,3,1,0,1,0,42,4,15,23
S01009014,609,111,229,269,596,108,226,262,13,3,3,7,0,0,0,0,3,0,0,3,2,0,1,1,8,3,2,3
S01009015,637,85,251,301,629,84,244,301,8,1,7,0,4,0,4,0,0,0,0,0,2,1,1,0,2,0,2,0
S01009016,528,84,249,195,519,84,244,191,9,0,5,4,0,0,0,0,3,0,3,0,2,0,0,2,4,0,2,2
S01009017,604,108,246,250,594,105,243,246,10,3,3,4,3,1,2,0,0,0,0,0,2,0,1,1,5,2,0,3
S01009018,743,75,329,339,729,73,321,335,14,2,8,4,2,0,2,0,1,0,1,0,0,0,0,0,11,2,5,4
S01009019,517,78,209,230,497,71,201,225,20,7,8,5,3,0,3,0,2,2,0,0,3,1,2,0,12,4,3,5
S01009020,807,112,369,326,760,103,346,311,47,9,23,15,5,1,4,0,6,3,2,1,9,1,3,5,27,4,14,9
S01009021,731,60,271,400,713,59,269,385,18,1,2,15,2,0,0,2,2,0,1,1,4,0,0,4,10,1,1,8
S01009022,873,130,364,379,845,126,345,374,28,4,19,5,0,0,0,0,6,0,5,1,4,0,3,1,18,4,11,3
S01009023,908,115,351,442,884,111,338,435,24,4,13,7,1,0,1,0,4,0,4,0,2,0,2,0,17,4,6,7
S01009024,959,168,438,353,940,165,428,347,19,3,10,6,0,0,0,0,2,0,2,0,5,2,2,1,12,1,6,5
S01009025,918,112,308,498,892,109,297,486,26,3,11,12,5,0,1,4,0,0,0,0,2,0,2,0,19,3,8,8
S01009026,892,111,363,418,864,109,350,405,28,2,13,13,1,0,1,0,3,0,1,2,5,0,1,4,19,2,10,7
S01009027,768,83,315,370,741,81,299,361,27,2,16,9,2,0,0,2,0,0,0,0,3,0,3,0,22,2,13,7
S01009028,494,52,205,237,485,52,202,231,9,0,3,6,3,0,0,3,0,0,0,0,0,0,0,0,6,0,3,3
S01009029,617,84,211,322,592,81,200,311,25,3,11,11,7,2,3,2,5,1,4,0,0,0,0,0,13,0,4,9
S01009030,733,95,288,350,718,92,282,344,15,3,6,6,0,0,0,0,1,1,0,0,4,0,2,2,10,2,4,4
S01009031,761,103,305,353,748,100,298,350,13,3,7,3,1,1,0,0,3,0,0,3,0,0,0,0,9,2,7,0
S01009032,656,85,246,325,649,84,241,324,7,1,5,1,0,0,0,0,0,0,0,0,0,0,0,0,7,1,5,1
S01009033,795,107,299,389,776,105,290,381,19,2,9,8,0,0,0,0,1,0,1,0,1,0,1,0,17,2,7,8
S01009034,709,63,238,408,691,62,233,396,18,1,5,12,0,0,0,0,1,0,0,1,8,0,3,5,9,1,2,6
S01009035,927,70,332,525,904,69,319,516,23,1,13,9,3,0,3,0,5,0,2,3,2,0,1,1,13,1,7,5
S01009036,1074,95,420,559,1044,93,409,542,30,2,11,17,2,0,0,2,2,0,2,0,5,0,1,4,21,2,8,11
S01009037,893,98,317,478,872,94,305,473,21,4,12,5,1,1,0,0,4,2,1,1,9,0,6,3,7,1,5,1
S01009038,1081,146,461,474,1059,135,454,470,22,11,7,4,2,2,0,0,4,2,1,1,0,0,0,0,16,7,6,3
S01009039,656,189,265,202,625,176,252,197,31,13,13,5,12,4,7,1,7,3,3,1,8,3,2,3,4,3,1,0
S01009040,620,194,312,114,584,175,297,112,36,19,15,2,11,11,0,0,7,3,4,0,7,2,4,1,11,3,7,1
S01009041,846,256,351,239,793,226,333,234,53,30,18,5,6,4,2,0,9,9,0,0,12,5,5,2,26,12,11,3
S01009042,808,203,343,262,780,197,334,249,28,6,9,13,2,1,1,0,8,0,2,6,7,1,2,4,11,4,4,3
S01009043,600,143,297,160,576,141,289,146,24,2,8,14,0,0,0,0,6,1,1,4,9,1,0,8,9,0,7,2
S01009044,801,214,408,179,774,205,394,175,27,9,14,4,4,3,0,1,5,0,5,0,5,2,3,0,13,4,6,3
S01009045,630,103,260,267,608,99,255,254,22,4,5,13,1,0,0,1,1,0,0,1,8,0,3,5,12,4,2,6
S01009046,868,112,296,460,844,112,289,443,24,0,7,17,0,0,0,0,5,0,0,5,8,0,3,5,11,0,4,7
S01009047,802,98,323,381,783,95,316,372,19,3,7,9,2,0,2,0,0,0,0,0,7,1,1,5,10,2,4,4
S01009048,837,85,274,478,825,85,269,471,12,0,5,7,2,0,2,0,1,0,0,1,0,0,0,0,9,0,3,6
S01009049,616,61,262,293,597,61,253,283,19,0,9,10,3,0,1,2,1,0,1,0,5,0,2,3,10,0,5,5
S01009050,775,94,253,428,767,92,249,426,8,2,4,2,0,0,0,0,2,0,2,0,0,0,0,0,6,2,2,2
S01009051,761,139,302,320,744,132,295,317,17,7,7,3,0,0,0,0,6,3,3,0,2,2,0,0,9,2,4,3
S01009052,598,100,233,265,585,95,232,258,13,5,1,7,2,0,0,2,4,4,0,0,2,0,0,2,5,1,1,3
S01009053,532,206,197,129,518,205,193,120,14,1,4,9,0,0,0,0,6,0,2,4,0,0,0,0,8,1,2,5
S01009054,583,101,285,197,559,94,277,188,24,7,8,9,5,4,0,1,1,0,0,1,3,0,0,3,15,3,8,4
S01009055,807,49,242,516,795,49,239,507,12,0,3,9,0,0,0,0,3,0,1,2,3,0,1,2,6,0,1,5
S01009056,554,137,272,145,537,137,259,141,17,0,13,4,1,0,1,0,1,0,1,0,4,0,2,2,11,0,9,2
S01009057,554,199,239,116,528,190,233,105,26,9,6,11,7,2,3,2,2,1,0,1,3,1,2,0,14,5,1,8
S01009058,786,182,385,219,743,175,358,210,43,7,27,9,12,1,11,0,8,3,4,1,8,0,7,1,15,3,5,7
S01009059,881,88,255,538,843,84,239,520,38,4,16,18,4,4,0,0,9,0,6,3,7,0,4,3,18,0,6,12
S01009060,560,10,97,453,540,9,89,442,20,1,8,11,1,0,1,0,2,0,1,1,8,0,4,4,9,1,2,6
S01009061,810,115,376,319,787,112,362,313,23,3,14,6,1,1,0,0,6,0,6,0,7,0,4,3,9,2,4,3
S01009062,647,181,276,190,636,179,271,186,11,2,5,4,0,0,0,0,0,0,0,0,0,0,0,0,11,2,5,4
S01009063,733,59,227,447,710,56,210,444,23,3,17,3,6,0,6,0,6,0,5,1,3,0,2,1,8,3,4,1
S01009064,583,124,264,195,575,123,259,193,8,1,5,2,0,0,0,0,0,0,0,0,0,0,0,0,8,1,5,2
S01009065,686,218,271,197,671,211,266,194,15,7,5,3,3,2,0,1,7,4,3,0,1,1,0,0,4,0,2,2
S01009066,693,168,331,194,683,167,326,190,10,1,5,4,1,0,0,1,1,0,0,1,2,0,1,1,6,1,4,1
S01009067,863,28,222,613,848,27,219,602,15,1,3,11,0,0,0,0,0,0,0,0,4,1,0,3,11,0,3,8
S01009068,895,144,370,381,877,144,355,378,18,0,15,3,1,0,1,0,5,0,4,1,4,0,4,0,8,0,6,2
S01009069,631,30,152,449,618,30,149,439,13,0,3,10,1,0,0,1,0,0,0,0,4,0,0,4,8,0,3,5
S01009070,627,47,248,332,605,46,244,315,22,1,4,17,3,1,2,0,8,0,0,8,1,0,0,1,10,0,2,8
S01009071,508,56,171,281,498,56,167,275,10,0,4,6,0,0,0,0,0,0,0,0,0,0,0,0,10,0,4,6
S01009072,528,32,155,341,505,32,148,325,23,0,7,16,5,0,0,5,1,0,0,1,11,0,6,5,6,0,1,5
S01009073,585,158,230,197,575,155,227,193,10,3,3,4,1,1,0,0,0,0,0,0,3,1,1,1,6,1,2,3
S01009074,721,132,317,272,706,126,313,267,15,6,4,5,0,0,0,0,0,0,0,0,1,0,1,0,14,6,3,5
S01009075,536,89,211,236,529,89,208,232,7,0,3,4,2,0,2,0,1,0,1,0,1,0,0,1,3,0,0,3
S01009076,918,49,323,546,881,41,306,534,37,8,17,12,7,3,4,0,5,3,2,0,7,1,6,0,18,1,5,12
S01009077,626,93,223,310,608,91,214,303,18,2,9,7,0,0,0,0,2,0,1,1,1,0,1,0,15,2,7,6
S01009078,821,14,202,605,801,14,195,592,20,0,7,13,1,0,0,1,6,0,4,2,2,0,1,1,11,0,2,9
S01009079,837,246,324,267,816,242,315,259,21,4,9,8,0,0,0,0,3,0,3,0,5,0,4,1,13,4,2,7
S01009080,934,202,417,315,921,199,410,312,13,3,7,3,0,0,0,0,0,0,0,0,0,0,0,0,13,3,7,3
S01009081,654,80,258,316,645,79,254,312,9,1,4,4,0,0,0,0,1,0,1,0,3,0,1,2,5,1,2,2
S01009082,974,237,381,356,955,233,376,346,19,4,5,10,2,0,0,2,1,0,1,0,1,0,1,0,15,4,3,8
S01009083,774,135,322,317,749,130,311,308,25,5,11,9,0,0,0,0,2,0,1,1,8,1,3,4,15,4,7,4
S01009084,490,28,129,333,479,27,123,329,11,1,6,4,0,0,0,0,1,0,1,0,4,0,4,0,6,1,1,4
S01009085,834,25,170,639,808,24,161,623,26,1,9,16,1,0,0,1,3,1,0,2,3,0,1,2,19,0,8,11
S01009086,715,121,236,358,702,120,230,352,13,1,6,6,1,0,1,0,3,0,2,1,1,0,1,0,8,1,2,5
S01009087,571,132,227,212,554,130,221,203,17,2,6,9,1,0,1,0,4,0,1,3,2,0,1,1,10,2,3,5
S01009088,1012,51,339,622,979,49,325,605,33,2,14,17,5,1,4,0,6,0,1,5,1,0,0,1,21,1,9,11
S01009089,977,8,243,726,917,7,218,692,60,1,25,34,6,0,6,0,3,0,2,1,10,0,5,5,41,1,12,28
S01009090,764,17,232,515,737,15,222,500,27,2,10,15,2,0,2,0,3,1,2,0,9,0,3,6,13,1,3,9
S01009091,711,11,146,554,679,10,140,529,32,1,6,25,2,0,0,2,5,0,2,3,8,0,2,6,17,1,2,14
S01009092,1047,170,439,438,1017,166,424,427,30,4,15,11,1,0,1,0,6,0,1,5,11,3,7,1,12,1,6,5
S01009093,775,154,355,266,756,152,343,261,19,2,12,5,1,0,1,0,2,0,0,2,4,0,3,1,12,2,8,2
S01009094,682,29,263,390,668,29,257,382,14,0,6,8,1,0,0,1,3,0,2,1,0,0,0,0,10,0,4,6
S01009095,763,118,281,364,739,116,274,349,24,2,7,15,1,1,0,0,2,0,2,0,5,0,2,3,16,1,3,12
S01009096,942,103,316,523,910,98,302,510,32,5,14,13,8,2,6,0,3,1,2,0,1,0,1,0,20,2,5,13
S01009097,900,35,325,540,885,34,320,531,15,1,5,9,2,0,1,1,1,0,1,0,3,0,0,3,9,1,3,5
S01009098,509,22,145,342,493,17,138,338,16,5,7,4,0,0,0,0,0,0,0,0,6,3,3,0,10,2,4,4
S01009099,755,173,287,295,740,172,278,290,15,1,9,5,0,0,0,0,0,0,0,0,4,0,3,1,11,1,6,4
S01009100,745,225,330,190,729,219,323,187,16,6,7,3,0,0,0,0,2,2,0,0,0,0,0,0,14,4,7,3
S01009101,935,223,383,329,916,217,374,325,19,6,9,4,1,1,0,0,6,4,2,0,2,0,0,2,10,1,7,2
S01009102,819,266,317,236,802,265,311,226,17,1,6,10,0,0,0,0,1,0,0,1,2,0,0,2,14,1,6,7
S01009103,570,43,205,322,562,43,202,317,8,0,3,5,0,0,0,0,0,0,0,0,3,0,3,0,5,0,0,5
S01009104,775,112,329,334,757,109,320,328,18,3,9,6,3,0,3,0,3,0,0,3,4,1,3,0,8,2,3,3
S01009105,796,120,320,356,770,118,307,345,26,2,13,11,3,0,3,0,5,0,4,1,2,0,2,0,16,2,4,10
S01009106,551,87,297,167,536,86,290,160,15,1,7,7,1,0,0,1,4,0,4,0,1,0,1,0,9,1,2,6
S01009107,845,62,271,512,815,61,253,501,30,1,18,11,2,1,1,0,7,0,6,1,3,0,3,0,18,0,8,10
S01009108,714,42,227,445,699,42,220,437,15,0,7,8,0,0,0,0,2,0,2,0,0,0,0,0,13,0,5,8
S01009109,670,13,172,485,662,13,171,478,8,0,1,7,0,0,0,0,0,0,0,0,2,0,0,2,6,0,1,5
S01009110,607,83,291,233,595,83,285,227,12,0,6,6,0,0,0,0,0,0,0,0,4,0,3,1,8,0,3,5
S01009111,848,80,296,472,827,80,289,458,21,0,7,14,2,0,2,0,0,0,0,0,1,0,1,0,18,0,4,14
S01009112,560,24,189,347,550,23,188,339,10,1,1,8,0,0,0,0,1,0,0,1,0,0,0,0,9,1,1,7
S01009113,852,33,319,500,828,33,310,485,24,0,9,15,1,0,0,1,4,0,2,2,4,0,2,2,15,0,5,10
S01009114,786,74,267,445,745,66,247,432,41,8,20,13,4,0,1,3,4,0,3,1,10,4,3,3,23,4,13,6
S01009115,582,74,164,344,566,70,156,340,16,4,8,4,1,0,1,0,3,1,2,0,4,0,4,0,8,3,1,4
S01009116,464,18,164,282,453,16,162,275,11,2,2,7,0,0,0,0,0,0,0,0,0,0,0,0,11,2,2,7
S01009117,857,148,329,380,835,147,316,372,22,1,13,8,0,0,0,0,5,1,4,0,2,0,1,1,15,0,8,7
S01009118,632,14,183,435,608,13,173,422,24,1,10,13,0,0,0,0,0,0,0,0,3,0,3,0,21,1,7,13
S01009119,752,143,314,295,726,140,303,283,26,3,11,12,6,0,6,0,3,0,3,0,2,2,0,0,15,1,2,12
S01009120,530,103,238,189,519,103,234,182,11,0,4,7,0,0,0,0,2,0,2,0,2,0,1,1,7,0,1,6
S01009121,811,152,338,321,795,146,333,316,16,6,5,5,1,1,0,0,2,0,0,2,1,0,1,0,12,5,4,3
S01009122,919,97,313,509,903,94,309,500,16,3,4,9,0,0,0,0,0,0,0,0,1,0,0,1,15,3,4,8
S01009123,574,34,145,395,558,34,138,386,16,0,7,9,1,0,0,1,1,0,0,1,2,0,1,1,12,0,6,6
S01009124,584,50,216,318,568,47,214,307,16,3,2,11,3,2,1,0,0,0,0,0,5,0,0,5,8,1,1,6
S01009125,659,88,293,278,642,87,284,271,17,1,9,7,0,0,0,0,4,0,3,1,5,0,1,4,8,1,5,2
S01009126,579,273,200,106,549,259,190,100,30,14,10,6,5,5,0,0,8,1,4,3,11,4,6,1,6,4,0,2
S01009127,626,248,292,86,575,236,265,74,51,12,27,12,0,0,0,0,25,7,11,7,17,4,10,3,9,1,6,2
S01009128,806,381,291,134,767,374,267,126,39,7,24,8,5,2,3,0,7,0,6,1,8,1,7,0,19,4,8,7
S01009129,486,145,206,135,472,145,194,133,14,0,12,2,1,0,1,0,5,0,5,0,4,0,4,0,4,0,2,2
S01009130,661,148,258,255,616,139,238,239,45,9,20,16,2,1,0,1,17,6,5,6,15,1,9,5,11,1,6,4
S01009131,482,141,233,108,459,136,221,102,23,5,12,6,4,2,2,0,5,0,4,1,11,2,5,4,3,1,1,1
S01009132,822,93,301,428,778,81,283,414,44,12,18,14,3,3,0,0,7,3,2,2,13,3,6,4,21,3,10,8
S01009133,567,166,272,129,516,157,239,120,51,9,33,9,12,1,9,2,23,4,14,5,11,2,8,1,5,2,2,1
S01009134,920,143,416,361,873,133,386,354,47,10,30,7,7,3,4,0,14,0,14,0,10,1,6,3,16,6,6,4
S01009135,565,67,240,258,529,61,214,254,36,6,26,4,3,3,0,0,16,1,15,0,7,0,7,0,10,2,4,4
S01009136,691,59,218,414,631,48,187,396,60,11,31,18,7,4,3,0,15,2,11,2,22,3,14,5,16,2,3,11
S01009137,616,2,167,447,595,2,152,441,21,0,15,6,0,0,0,0,2,0,2,0,8,0,6,2,11,0,7,4
S01009138,861,116,381,364,775,85,355,335,86,31,26,29,30,25,2,3,26,1,12,13,14,3,2,9,16,2,10,4
S01009139,406,150,194,62,371,135,174,62,35,15,20,0,10,6,4,0,12,4,8,0,4,0,4,0,9,5,4,0
S01009140,700,217,302,181,635,187,277,171,65,30,25,10,14,14,0,0,24,9,10,5,10,4,3,3,17,3,12,2
S01009141,780,274,362,144,733,256,335,142,47,18,27,2,2,1,1,0,14,8,6,0,17,3,14,0,14,6,6,2
S01009142,600,242,273,85,535,215,243,77,65,27,30,8,14,10,2,2,22,8,11,3,9,2,6,1,20,7,11,2
S01009143,600,246,251,103,579,236,243,100,21,10,8,3,3,3,0,0,4,0,3,1,1,1,0,0,13,6,5,2
S01009144,668,73,313,282,597,43,280,274,71,30,33,8,22,17,5,0,15,7,6,2,29,5,19,5,5,1,3,1
S01009145,1056,227,550,279,1006,213,532,261,50,14,18,18,6,4,0,2,14,3,4,7,9,1,4,4,21,6,10,5
S01009146,904,219,421,264,837,197,389,251,67,22,32,13,21,18,3,0,9,0,8,1,23,3,12,8,14,1,9,4
S01009147,832,263,359,210,793,253,348,192,39,10,11,18,7,2,1,4,10,3,2,5,8,2,3,3,14,3,5,6
S01009148,694,182,350,162,670,181,331,158,24,1,19,4,4,0,4,0,10,0,10,0,5,0,2,3,5,1,3,1
S01009149,799,126,364,309,752,109,345,298,47,17,19,11,7,3,4,0,12,8,2,2,12,1,5,6,16,5,8,3
S01009150,747,417,290,40,733,409,285,39,14,8,5,1,2,0,2,0,0,0,0,0,0,0,0,0,12,8,3,1
S01009151,890,260,406,224,856,243,396,217,34,17,10,7,2,0,2,0,5,3,0,2,9,4,3,2,18,10,5,3
S01009152,667,267,312,88,613,237,291,85,54,30,21,3,16,14,2,0,13,3,10,0,11,8,2,1,14,5,7,2
S01009153,472,153,210,109,416,138,173,105,56,15,37,4,7,1,6,0,20,2,15,3,13,5,8,0,16,7,8,1
S01009154,899,128,336,435,842,113,309,420,57,15,27,15,15,9,5,1,5,2,3,0,12,0,12,0,25,4,7,14
S01009155,550,63,222,265,528,59,211,258,22,4,11,7,3,1,1,1,6,0,6,0,1,0,0,1,12,3,4,5
S01009156,548,54,193,301,531,54,182,295,17,0,11,6,1,0,1,0,1,0,1,0,1,0,0,1,14,0,9,5
S01009157,838,131,424,283,810,125,412,273,28,6,12,10,4,2,2,0,3,1,2,0,4,0,3,1,17,3,5,9
S01009158,558,129,285,144,543,121,278,144,15,8,7,0,4,0,4,0,6,4,2,0,3,2,1,0,2,2,0,0
S01009159,511,208,228,75,496,198,224,74,15,10,4,1,1,1,0,0,2,1,1,0,3,1,2,0,9,7,1,1
S01009160,618,191,283,144,578,182,258,138,40,9,25,6,6,4,2,0,16,4,11,1,14,1,12,1,4,0,0,4
S01009161,647,308,248,91,611,295,232,84,36,13,16,7,8,4,4,0,2,1,0,1,11,4,5,2,15,4,7,4
S01009162,709,294,296,119,668,273,284,111,41,21,12,8,5,5,0,0,11,8,1,2,9,3,2,4,16,5,9,2
S01009163,465,128,176,161,441,120,167,154,24,8,9,7,2,2,0,0,3,2,1,0,6,2,4,0,13,2,4,7
S01009164,750,123,369,258,729,118,359,252,21,5,10,6,3,2,1,0,5,0,4,1,3,1,1,1,10,2,4,4
S01009165,720,238,311,171,677,234,286,157,43,4,25,14,4,0,4,0,12,1,5,6,6,1,5,0,21,2,11,8
S01009166,839,312,381,146,815,305,368,142,24,7,13,4,1,0,1,0,8,2,6,0,7,2,2,3,8,3,4,1
S01009167,548,120,258,170,528,112,250,166,20,8,8,4,3,2,1,0,4,3,1,0,7,2,3,2,6,1,3,2
S01009168,634,72,290,272,624,71,287,266,10,1,3,6,0,0,0,0,2,0,0,2,1,0,0,1,7,1,3,3
S01009169,746,262,333,151,724,255,323,146,22,7,10,5,5,0,5,0,4,0,4,0,3,2,0,1,10,5,1,4
S01009170,677,159,299,219,662,152,297,213,15,7,2,6,2,1,0,1,5,3,0,2,3,1,0,2,5,2,2,1
S01009171,664,113,316,235,638,111,303,224,26,2,13,11,2,0,2,0,9,0,6,3,4,0,3,1,11,2,2,7
S01009172,656,42,256,358,632,40,246,346,24,2,10,12,0,0,0,0,6,0,6,0,4,1,1,2,14,1,3,10
S01009173,768,31,279,458,740,30,273,437,28,1,6,21,1,0,0,1,2,0,0,2,9,0,2,7,16,1,4,11
S01009174,487,4,107,376,466,4,97,365,21,0,10,11,0,0,0,0,8,0,6,2,6,0,0,6,7,0,4,3
S01009175,848,15,231,602,824,15,222,587,24,0,9,15,0,0,0,0,2,0,2,0,4,0,3,1,18,0,4,14
S01009176,984,48,308,628,954,48,296,610,30,0,12,18,2,0,0,2,2,0,1,1,4,0,1,3,22,0,10,12
S01009177,817,186,356,275,777,177,343,257,40,9,13,18,6,1,1,4,12,1,2,9,3,1,1,1,19,6,9,4
S01009178,743,214,324,205,716,209,309,198,27,5,15,7,2,0,2,0,8,1,6,1,5,1,3,1,12,3,4,5
S01009179,683,157,296,230,658,148,286,224,25,9,10,6,2,0,1,1,4,4,0,0,7,3,3,1,12,2,6,4
S01009180,984,234,430,320,966,233,417,316,18,1,13,4,1,0,0,1,1,0,1,0,5,0,4,1,11,1,8,2
S01009181,855,171,355,329,828,170,340,318,27,1,15,11,2,0,2,0,3,0,3,0,4,0,1,3,18,1,9,8
S01009182,1002,94,353,555,972,92,335,545,30,2,18,10,1,0,1,0,1,0,1,0,7,1,5,1,21,1,11,9
S01009183,737,15,191,531,714,13,176,525,23,2,15,6,8,0,7,1,3,0,3,0,3,0,2,1,9,2,3,4
S01009184,858,206,334,318,836,203,330,303,22,3,4,15,1,0,0,1,5,0,0,5,1,0,1,0,15,3,3,9
S01009185,888,165,338,385,854,161,315,378,34,4,23,7,6,0,5,1,0,0,0,0,16,3,10,3,12,1,8,3
S01009186,810,91,285,434,774,89,266,419,36,2,19,15,6,0,6,0,10,1,4,5,9,0,6,3,11,1,3,7
S01009187,512,14,135,363,486,11,126,349,26,3,9,14,2,0,2,0,5,1,2,2,6,1,1,4,13,1,4,8
S01009188,890,138,293,459,864,138,279,447,26,0,14,12,3,0,3,0,2,0,0,2,4,0,1,3,17,0,10,7
S01009189,776,193,305,278,757,191,299,267,19,2,6,11,1,0,0,1,1,0,1,0,2,0,2,0,15,2,3,10
S01009190,796,32,226,538,767,28,215,524,29,4,11,14,1,1,0,0,3,2,1,0,12,1,4,7,13,0,6,7
S01009191,746,17,162,567,722,12,151,559,24,5,11,8,6,4,2,0,2,0,2,0,6,0,4,2,10,1,3,6
S01009192,625,43,271,311,611,43,264,304,14,0,7,7,0,0,0,0,1,0,1,0,2,0,2,0,11,0,4,7
S01009193,309,4,116,189,299,2,111,186,10,2,5,3,0,0,0,0,1,0,1,0,3,0,2,1,6,2,2,2
S01009194,788,21,223,544,769,19,218,532,19,2,5,12,0,0,0,0,4,0,0,4,2,0,1,1,13,2,4,7
S01009195,860,42,375,443,820,42,351,427,40,0,24,16,3,0,2,1,10,0,10,0,1,0,1,0,26,0,11,15
S01009196,693,101,299,293,662,85,294,283,31,16,5,10,11,11,0,0,2,2,0,0,7,0,1,6,11,3,4,4
S01009197,1027,60,381,586,992,58,367,567,35,2,14,19,2,1,0,1,2,0,0,2,3,0,1,2,28,1,13,14
S01009198,730,57,236,437,719,56,231,432,11,1,5,5,2,0,1,1,2,0,2,0,0,0,0,0,7,1,2,4
S01009199,616,48,197,371,600,48,191,361,16,0,6,10,0,0,0,0,1,0,0,1,2,0,0,2,13,0,6,7
S01009200,1121,68,358,695,1075,65,328,682,46,3,30,13,4,0,4,0,6,0,5,1,6,0,6,0,30,3,15,12
S01009201,630,92,277,261,575,89,241,245,55,3,36,16,4,0,2,2,16,0,16,0,9,0,5,4,26,3,13,10
S01009202,525,20,143,362,495,20,137,338,30,0,6,24,9,0,1,8,9,0,3,6,2,0,0,2,10,0,2,8
S01009203,633,158,321,154,617,157,313,147,16,1,8,7,1,0,0,1,4,0,4,0,0,0,0,0,11,1,4,6
S01009204,895,133,368,394,861,127,350,384,34,6,18,10,5,2,3,0,4,0,4,0,5,1,3,1,20,3,8,9
S01009205,702,32,263,407,687,31,258,398,15,1,5,9,0,0,0,0,0,0,0,0,4,0,1,3,11,1,4,6
S01009206,807,28,310,469,794,27,304,463,13,1,6,6,0,0,0,0,2,0,2,0,1,0,1,0,10,1,3,6
S01009207,760,48,351,361,741,45,344,352,19,3,7,9,0,0,0,0,2,0,1,1,3,0,1,2,14,3,5,6
S01009208,631,57,279,295,619,56,270,293,12,1,9,2,0,0,0,0,3,0,3,0,1,0,1,0,8,1,5,2
S01009209,597,58,234,305,582,56,223,303,15,2,11,2,3,0,3,0,0,0,0,0,4,2,2,0,8,0,6,2
S01009210,569,30,186,353,552,29,180,343,17,1,6,10,0,0,0,0,2,0,2,0,1,0,0,1,14,1,4,9
S01009211,628,100,230,298,615,98,222,295,13,2,8,3,1,0,1,0,1,0,1,0,0,0,0,0,11,2,6,3
S01009212,829,149,408,272,804,142,400,262,25,7,8,10,1,0,1,0,0,0,0,0,4,0,3,1,20,7,4,9
S01009213,836,166,341,329,814,161,333,320,22,5,8,9,3,1,1,1,6,3,2,1,3,1,2,0,10,0,3,7
S01009214,972,77,348,547,948,75,337,536,24,2,11,11,1,0,1,0,1,0,0,1,7,0,4,3,15,2,6,7
S01009215,926,202,403,321,899,194,393,312,27,8,10,9,1,0,1,0,6,2,1,3,7,1,2,4,13,5,6,2
S01009216,886,183,376,327,862,172,366,324,24,11,10,3,7,5,2,0,3,2,0,1,0,0,0,0,14,4,8,2
S01009217,623,215,249,159,604,209,242,153,19,6,7,6,0,0,0,0,7,3,2,2,7,1,2,4,5,2,3,0
S01009218,821,138,377,306,809,136,372,301,12,2,5,5,0,0,0,0,0,0,0,0,3,1,2,0,9,1,3,5
S01009219,630,164,301,165,612,157,299,156,18,7,2,9,1,0,0,1,5,1,0,4,2,0,0,2,10,6,2,2
S01009220,550,151,242,157,529,148,232,149,21,3,10,8,2,0,2,0,5,0,4,1,2,1,1,0,12,2,3,7
S01009221,574,148,228,198,562,141,224,197,12,7,4,1,2,2,0,0,5,3,1,1,1,1,0,0,4,1,3,0
S01009222,538,154,215,169,520,149,206,165,18,5,9,4,4,1,3,0,4,2,2,0,3,1,2,0,7,1,2,4
S01009223,556,120,247,189,538,117,243,178,18,3,4,11,0,0,0,0,2,0,0,2,5,0,2,3,11,3,2,6
S01009224,627,168,281,178,614,164,275,175,13,4,6,3,0,0,0,0,2,0,1,1,1,0,0,1,10,4,5,1
S01009225,536,113,282,141,520,108,277,135,16,5,5,6,0,0,0,0,5,3,2,0,3,1,2,0,8,1,1,6
S01009226,909,273,443,193,889,269,434,186,20,4,9,7,2,1,1,0,1,0,1,0,4,0,0,4,13,3,7,3
S01009227,589,184,243,162,576,182,236,158,13,2,7,4,0,0,0,0,2,0,2,0,2,0,1,1,9,2,4,3
S01009228,602,184,299,119,591,179,294,118,11,5,5,1,0,0,0,0,3,0,3,0,3,3,0,0,5,2,2,1
S01009229,579,131,244,204,556,123,230,203,23,8,14,1,4,3,1,0,10,0,10,0,3,2,1,0,6,3,2,1
S01009230,558,76,306,176,541,73,294,174,17,3,12,2,2,1,0,1,10,0,10,0,2,0,2,0,3,2,0,1
S01009231,958,122,408,428,935,118,395,422,23,4,13,6,4,1,3,0,5,0,5,0,4,3,1,0,10,0,4,6
S01009232,581,276,202,103,556,262,195,99,25,14,7,4,11,7,4,0,1,0,0,1,5,4,1,0,8,3,2,3
S01009233,567,139,262,166,555,134,259,162,12,5,3,4,0,0,0,0,5,3,0,2,1,0,0,1,6,2,3,1
S01009234,1021,361,499,161,925,340,441,144,96,21,58,17,17,5,10,2,39,5,28,6,24,5,13,6,16,6,7,3
S01009235,921,278,419,224,863,260,403,200,58,18,16,24,9,4,1,4,20,4,6,10,11,6,2,3,18,4,7,7
S01009236,483,74,236,173,473,73,230,170,10,1,6,3,0,0,0,0,0,0,0,0,1,0,1,0,9,1,5,3
S01009237,847,65,313,469,823,63,302,458,24,2,11,11,1,1,0,0,2,1,1,0,3,0,1,2,18,0,9,9
S01009238,726,166,374,186,714,164,366,184,12,2,8,2,1,0,1,0,2,0,2,0,1,0,1,0,8,2,4,2
S01009239,866,225,412,229,829,216,395,218,37,9,17,11,4,1,3,0,10,4,3,3,4,0,3,1,19,4,8,7
S01009240,672,322,251,99,656,319,242,95,16,3,9,4,1,0,0,1,8,0,7,1,2,1,1,0,5,2,1,2
S01009241,895,328,377,190,867,317,369,181,28,11,8,9,1,0,0,1,1,0,1,0,3,0,3,0,23,11,4,8
S01009242,725,100,277,348,712,95,276,341,13,5,1,7,1,0,0,1,5,3,0,2,0,0,0,0,7,2,1,4
S01009243,1003,101,483,419,955,97,460,398,48,4,23,21,3,0,3,0,6,0,5,1,15,0,3,12,24,4,12,8
S01009244,809,29,273,507,792,28,267,497,17,1,6,10,1,0,1,0,0,0,0,0,2,0,1,1,14,1,4,9
S01009245,830,52,321,457,805,48,312,445,25,4,9,12,0,0,0,0,3,0,0,3,4,0,2,2,18,4,7,7
S01009246,803,163,360,280,763,156,341,266,40,7,19,14,5,1,0,4,11,5,5,1,10,1,6,3,14,0,8,6
S01009247,1010,201,423,386,990,199,419,372,20,2,4,14,2,0,0,2,10,0,2,8,2,0,0,2,6,2,2,2
S01009248,688,102,220,366,676,99,219,358,12,3,1,8,2,1,1,0,0,0,0,0,1,1,0,0,9,1,0,8
S01009249,810,217,367,226,765,212,342,211,45,5,25,15,16,1,11,4,6,0,1,5,9,3,4,2,14,1,9,4
S01009250,638,116,294,228,622,114,288,220,16,2,6,8,3,0,0,3,4,0,2,2,4,0,2,2,5,2,2,1
S01009251,553,77,210,266,539,76,204,259,14,1,6,7,1,0,0,1,3,0,1,2,4,1,1,2,6,0,4,2
S01009252,478,4,107,367,471,4,107,360,7,0,0,7,0,0,0,0,1,0,0,1,2,0,0,2,4,0,0,4
S01009253,476,133,238,105,469,132,236,101,7,1,2,4,0,0,0,0,2,0,1,1,2,0,0,2,3,1,1,1
S01009254,822,278,355,189,780,274,330,176,42,4,25,13,3,1,1,1,20,1,13,6,8,0,7,1,11,2,4,5
S01009255,633,205,283,145,542,175,236,131,91,30,47,14,32,15,13,4,35,9,18,8,14,1,12,1,10,5,4,1
S01009256,478,56,224,198,464,52,217,195,14,4,7,3,3,0,3,0,2,2,0,0,0,0,0,0,9,2,4,3
S01009257,640,118,284,238,596,93,275,228,44,25,9,10,14,12,1,1,14,7,3,4,5,2,0,3,11,4,5,2
S01009258,633,34,197,402,609,33,191,385,24,1,6,17,4,0,3,1,4,0,0,4,6,0,2,4,10,1,1,8
S01009259,942,58,272,612,911,57,263,591,31,1,9,21,0,0,0,0,7,0,3,4,5,0,0,5,19,1,6,12
S01009260,1121,178,470,473,1037,158,427,452,84,20,43,21,17,8,7,2,29,8,12,9,19,2,13,4,19,2,11,6
S01009261,738,258,283,197,669,241,253,175,69,17,30,22,13,5,7,1,29,10,12,7,10,1,5,4,17,1,6,10
S01009262,604,220,287,97,572,212,272,88,32,8,15,9,3,1,1,1,13,4,7,2,7,0,4,3,9,3,3,3
S01009263,817,51,314,452,758,43,286,429,59,8,28,23,14,2,6,6,17,4,10,3,12,2,6,4,16,0,6,10
S01009264,517,22,173,322,491,20,165,306,26,2,8,16,0,0,0,0,1,0,1,0,3,1,1,1,22,1,6,15
S01009265,791,149,306,336,770,144,300,326,21,5,6,10,2,1,0,1,1,1,0,0,1,1,0,0,17,2,6,9
S01009266,853,136,362,355,825,132,347,346,28,4,15,9,0,0,0,0,6,0,6,0,1,0,0,1,21,4,9,8
S01009267,790,125,367,298,757,114,358,285,33,11,9,13,2,1,0,1,7,5,2,0,1,0,1,0,23,5,6,12
S01009268,1002,149,408,445,975,148,400,427,27,1,8,18,3,0,1,2,1,0,0,1,6,0,4,2,17,1,3,13
S01009269,892,255,390,247,881,253,384,244,11,2,6,3,2,0,2,0,0,0,0,0,3,0,2,1,6,2,2,2
S01009270,595,204,251,140,582,197,249,136,13,7,2,4,0,0,0,0,2,2,0,0,2,2,0,0,9,3,2,4
S01009271,885,28,275,582,848,24,266,558,37,4,9,24,5,0,2,3,0,0,0,0,2,0,1,1,30,4,6,20
S01009272,704,167,300,237,680,164,288,228,24,3,12,9,5,1,4,0,6,0,4,2,5,0,2,3,8,2,2,4
S01009273,466,23,116,327,455,21,112,322,11,2,4,5,0,0,0,0,1,0,1,0,1,0,0,1,9,2,3,4
S01009274,631,54,212,365,610,52,204,354,21,2,8,11,0,0,0,0,0,0,0,0,3,0,3,0,18,2,5,11
S01009275,579,52,133,394,557,51,126,380,22,1,7,14,0,0,0,0,3,0,0,3,4,1,2,1,15,0,5,10
S01009276,889,55,301,533,864,53,293,518,25,2,8,15,2,0,1,1,3,0,1,2,3,0,1,2,17,2,5,10
S01009277,527,16,127,384,513,16,122,375,14,0,5,9,0,0,0,0,0,0,0,0,1,0,0,1,13,0,5,8
S01009278,559,37,178,344,535,34,176,325,24,3,2,19,2,0,0,2,0,0,0,0,6,0,0,6,16,3,2,11
S01009279,584,67,234,283,559,61,227,271,25,6,7,12,2,2,0,0,0,0,0,0,2,0,1,1,21,4,6,11
S01009280,898,314,395,189,880,309,387,184,18,5,8,5,0,0,0,0,2,1,1,0,7,1,6,0,9,3,1,5
S01009281,826,214,371,241,811,214,363,234,15,0,8,7,0,0,0,0,2,0,1,1,5,0,2,3,8,0,5,3
S01009282,737,102,249,386,695,97,234,364,42,5,15,22,1,0,1,0,9,1,4,4,7,1,1,5,25,3,9,13
S01009283,444,44,136,264,423,44,128,251,21,0,8,13,0,0,0,0,5,0,2,3,3,0,2,1,13,0,4,9
S01009284,822,35,251,536,795,33,238,524,27,2,13,12,3,1,1,1,1,0,1,0,2,1,0,1,21,0,11,10
S01009285,906,40,367,499,863,34,356,473,43,6,11,26,1,0,0,1,7,0,4,3,5,2,1,2,30,4,6,20
S01009286,737,58,260,419,714,57,253,404,23,1,7,15,0,0,0,0,2,1,0,1,4,0,1,3,17,0,6,11
S01009287,754,59,230,465,720,56,215,449,34,3,15,16,6,1,4,1,4,0,3,1,4,0,2,2,20,2,6,12
S01009288,829,62,312,455,794,60,297,437,35,2,15,18,7,1,5,1,0,0,0,0,2,0,2,0,26,1,8,17
S01009289,871,72,330,469,841,71,315,455,30,1,15,14,2,1,1,0,2,0,2,0,3,0,2,1,23,0,10,13
S01009290,646,43,186,417,628,42,178,408,18,1,8,9,0,0,0,0,0,0,0,0,1,0,0,1,17,1,8,8
S01009291,979,36,380,563,959,35,369,555,20,1,11,8,3,0,3,0,3,0,3,0,3,0,2,1,11,1,3,7
S01009292,511,141,211,159,498,138,204,156,13,3,7,3,1,0,1,0,0,0,0,0,0,0,0,0,12,3,6,3
S01009293,723,97,235,391,698,95,231,372,25,2,4,19,4,0,2,2,0,0,0,0,2,0,1,1,19,2,1,16
S01009294,506,25,132,349,491,23,128,340,15,2,4,9,0,0,0,0,2,0,0,2,0,0,0,0,13,2,4,7
S01009295,611,37,235,339,586,35,226,325,25,2,9,14,1,0,1,0,2,1,1,0,2,0,0,2,20,1,7,12
S01009296,506,24,169,313,495,24,168,303,11,0,1,10,2,0,0,2,1,0,1,0,0,0,0,0,8,0,0,8
S01009297,826,40,232,554,799,39,220,540,27,1,12,14,0,0,0,0,0,0,0,0,7,0,5,2,20,1,7,12
S01009298,971,322,452,197,920,312,427,181,51,10,25,16,8,3,4,1,4,1,2,1,15,1,8,6,24,5,11,8
S01009299,972,199,422,351,913,189,394,330,59,10,28,21,6,3,3,0,5,2,2,1,17,5,6,6,31,0,17,14
S01009300,510,146,247,117,475,132,230,113,35,14,17,4,6,4,2,0,3,1,0,2,12,4,6,2,14,5,9,0
S01009301,921,370,389,162,877,358,367,152,44,12,22,10,8,1,6,1,4,1,3,0,12,4,7,1,20,6,6,8
S01009302,845,364,361,120,788,343,336,109,57,21,25,11,2,1,0,1,8,5,3,0,11,3,5,3,36,12,17,7
S01009303,717,87,321,309,661,78,299,284,56,9,22,25,8,3,4,1,9,1,5,3,11,0,2,9,28,5,11,12
S01009304,964,124,444,396,948,120,437,391,16,4,7,5,0,0,0,0,0,0,0,0,1,0,1,0,15,4,6,5
S01009305,736,186,336,214,705,176,319,210,31,10,17,4,5,1,4,0,6,2,3,1,2,0,2,0,18,7,8,3
S01009306,1094,258,543,293,1022,234,507,281,72,24,36,12,17,9,8,0,19,6,11,2,10,0,8,2,26,9,9,8
S01009307,979,279,419,281,886,249,371,266,93,30,48,15,18,9,7,2,20,7,11,2,17,5,11,1,38,9,19,10
S01009308,513,170,225,118,444,152,189,103,69,18,36,15,16,5,7,4,10,0,9,1,25,3,15,7,18,10,5,3
S01009309,726,161,325,240,678,149,302,227,48,12,23,13,7,1,5,1,12,5,5,2,8,1,3,4,21,5,10,6
S01009310,891,62,358,471,839,56,331,452,52,6,27,19,8,0,6,2,3,0,2,1,9,1,5,3,32,5,14,13
S01009311,753,193,354,206,723,193,335,195,30,0,19,11,0,0,0,0,8,0,7,1,6,0,3,3,16,0,9,7
S01009312,650,176,343,131,573,153,301,119,77,23,42,12,9,2,5,2,30,12,16,2,12,1,8,3,26,8,13,5
S01009313,542,143,257,142,509,134,242,133,33,9,15,9,1,1,0,0,6,0,5,1,10,4,1,5,16,4,9,3
S01009314,650,51,234,365,621,49,219,353,29,2,15,12,2,0,1,1,2,0,2,0,9,0,5,4,16,2,7,7
S01009315,616,123,320,173,584,113,303,168,32,10,17,5,12,4,8,0,7,1,5,1,3,0,1,2,10,5,3,2
S01009316,749,79,312,358,714,74,294,346,35,5,18,12,1,1,0,0,10,1,5,4,7,0,7,0,17,3,6,8
S01009317,847,38,354,455,806,32,344,430,41,6,10,25,1,0,1,0,8,2,0,6,3,0,0,3,29,4,9,16
S01009318,619,17,205,397,596,17,198,381,23,0,7,16,0,0,0,0,2,0,0,2,3,0,1,2,18,0,6,12
S01009319,903,69,394,440,868,65,376,427,35,4,18,13,1,0,1,0,2,0,2,0,4,2,0,2,28,2,15,11
S01009320,704,135,332,237,670,126,318,226,34,9,14,11,3,2,1,0,4,1,1,2,0,0,0,0,27,6,12,9
S01009321,676,27,297,352,643,26,282,335,33,1,15,17,0,0,0,0,2,0,1,1,11,0,4,7,20,1,10,9
S01009322,798,60,335,403,778,60,328,390,20,0,7,13,1,0,1,0,0,0,0,0,4,0,0,4,15,0,6,9
S01009323,622,116,295,211,610,115,286,209,12,1,9,2,2,0,2,0,1,0,1,0,0,0,0,0,9,1,6,2
S01009324,528,96,292,140,504,96,283,125,24,0,9,15,1,0,1,0,5,0,2,3,9,0,4,5,9,0,2,7
S01009325,730,42,304,384,708,37,298,373,22,5,6,11,6,2,0,4,2,2,0,0,2,1,0,1,12,0,6,6
S01009326,602,64,247,291,580,64,237,279,22,0,10,12,0,0,0,0,5,0,2,3,12,0,6,6,5,0,2,3
S01009327,579,67,258,254,564,65,250,249,15,2,8,5,1,0,1,0,1,0,0,1,3,0,1,2,10,2,6,2
S01009328,683,8,204,471,636,5,188,443,47,3,16,28,6,2,4,0,10,1,3,6,14,0,4,10,17,0,5,12
S01009329,442,21,219,202,417,18,203,196,25,3,16,6,1,0,1,0,3,0,3,0,6,1,3,2,15,2,9,4
S01009330,503,75,211,217,464,73,187,204,39,2,24,13,6,0,4,2,15,0,12,3,9,1,4,4,9,1,4,4
S01009331,573,8,141,424,548,8,134,406,25,0,7,18,0,0,0,0,6,0,2,4,6,0,1,5,13,0,4,9
S01009332,867,33,321,513,831,27,306,498,36,6,15,15,2,1,1,0,5,2,2,1,8,1,4,3,21,2,8,11
S01009333,738,173,344,221,704,165,325,214,34,8,19,7,2,0,2,0,12,3,8,1,4,2,1,1,16,3,8,5
S01009334,636,222,307,107,613,213,294,106,23,9,13,1,0,0,0,0,7,2,5,0,3,0,3,0,13,7,5,1
S01009335,772,226,340,206,735,220,327,188,37,6,13,18,3,0,3,0,9,0,3,6,12,1,3,8,13,5,4,4
S01009336,655,287,247,121,614,273,222,119,41,14,25,2,9,2,7,0,17,3,14,0,4,2,2,0,11,7,2,2
S01009337,743,243,324,176,719,238,315,166,24,5,9,10,1,0,0,1,7,0,3,4,1,0,1,0,15,5,5,5
S01009338,725,277,269,179,689,270,250,169,36,7,19,10,2,0,2,0,9,3,0,6,11,0,9,2,14,4,8,2
S01009339,853,309,413,131,809,304,383,122,44,5,30,9,0,0,0,0,14,0,11,3,10,0,8,2,20,5,11,4
S01009340,596,215,258,123,572,204,247,121,24,11,11,2,4,1,2,1,8,6,2,0,3,2,1,0,9,2,6,1
S01009341,583,156,304,123,562,155,293,114,21,1,11,9,1,0,1,0,3,0,0,3,4,0,1,3,13,1,9,3
S01009342,742,168,383,191,702,163,357,182,40,5,26,9,0,0,0,0,13,0,12,1,5,0,3,2,22,5,11,6
S01009343,574,82,297,195,554,79,283,192,20,3,14,3,0,0,0,0,5,1,4,0,6,0,3,3,9,2,7,0
S01009344,630,182,289,159,609,177,284,148,21,5,5,11,0,0,0,0,1,1,0,0,7,0,1,6,13,4,4,5
S01009345,942,118,492,332,909,116,474,319,33,2,18,13,1,0,1,0,7,0,7,0,6,0,4,2,19,2,6,11
S01009346,719,5,209,505,662,4,185,473,57,1,24,32,5,1,2,2,5,0,2,3,15,0,6,9,32,0,14,18
S01009347,691,2,124,565,660,2,117,541,31,0,7,24,0,0,0,0,3,0,2,1,5,0,3,2,23,0,2,21
S01009348,510,0,160,350,483,0,153,330,27,0,7,20,0,0,0,0,6,0,1,5,4,0,1,3,17,0,5,12
S01009349,830,34,226,570,770,22,210,538,60,12,16,32,6,4,1,1,7,0,3,4,13,7,2,4,34,1,10,23
S01009350,622,70,264,288,576,67,246,263,46,3,18,25,2,0,2,0,6,0,4,2,12,0,1,11,26,3,11,12
S01009351,527,29,177,321,473,21,156,296,54,8,21,25,3,2,0,1,15,1,5,9,14,0,8,6,22,5,8,9
S01009352,797,21,295,481,755,16,277,462,42,5,18,19,2,1,1,0,10,2,4,4,9,1,5,3,21,1,8,12
S01009353,403,5,136,262,382,5,131,246,21,0,5,16,2,0,1,1,0,0,0,0,3,0,1,2,16,0,3,13
S01009354,925,14,260,651,876,10,242,624,49,4,18,27,4,0,2,2,8,2,3,3,11,2,5,4,26,0,8,18
S01009355,866,46,358,462,835,43,348,444,31,3,10,18,1,0,1,0,2,0,0,2,2,0,1,1,26,3,8,15
S01009356,963,51,445,467,930,49,428,453,33,2,17,14,1,0,1,0,0,0,0,0,7,0,3,4,25,2,13,10
S01009357,485,15,157,313,444,11,142,291,41,4,15,22,4,0,1,3,7,2,3,2,5,0,4,1,25,2,7,16
S01009358,725,5,171,549,679,3,161,515,46,2,10,34,2,0,1,1,6,0,1,5,5,2,1,2,33,0,7,26
S01009359,774,24,261,489,715,20,243,452,59,4,18,37,1,0,1,0,10,0,5,5,13,3,3,7,35,1,9,25
S01009360,835,88,327,420,768,80,292,396,67,8,35,24,3,2,1,0,13,3,9,1,19,1,12,6,32,2,13,17
S01009361,768,96,369,303,744,96,362,286,24,0,7,17,1,0,1,0,0,0,0,0,5,0,0,5,18,0,6,12
S01009362,1015,82,446,487,988,80,431,477,27,2,15,10,1,1,0,0,3,1,2,0,6,0,5,1,17,0,8,9
S01009363,833,173,429,231,805,168,418,219,28,5,11,12,0,0,0,0,5,0,3,2,3,0,3,0,20,5,5,10
S01009364,860,90,426,344,826,84,416,326,34,6,10,18,0,0,0,0,6,0,4,2,9,4,1,4,19,2,5,12
S01009365,565,117,287,161,548,114,277,157,17,3,10,4,0,0,0,0,5,0,5,0,4,0,2,2,8,3,3,2
S01009366,758,198,315,245,716,192,284,240,42,6,31,5,9,1,8,0,6,0,6,0,12,1,11,0,15,4,6,5
S01009367,628,146,312,170,595,135,299,161,33,11,13,9,4,1,1,2,14,5,6,3,5,1,2,2,10,4,4,2
S01009368,581,109,288,184,564,107,276,181,17,2,12,3,1,0,1,0,5,0,5,0,3,1,1,1,8,1,5,2
S01009369,598,103,297,198,572,100,284,188,26,3,13,10,2,1,0,1,1,0,0,1,3,0,0,3,20,2,13,5
S01009370,828,144,392,292,793,139,379,275,35,5,13,17,1,0,1,0,10,5,4,1,6,0,1,5,18,0,7,11
S01009371,526,90,299,137,510,90,287,133,16,0,12,4,0,0,0,0,1,0,1,0,2,0,1,1,13,0,10,3
S01009372,521,124,239,158,508,119,236,153,13,5,3,5,0,0,0,0,3,1,1,1,0,0,0,0,10,4,2,4
S01009373,799,279,383,137,774,275,373,126,25,4,10,11,6,3,3,0,3,0,3,0,7,1,0,6,9,0,4,5
S01009374,846,219,396,231,815,210,382,223,31,9,14,8,5,5,0,0,0,0,0,0,13,2,7,4,13,2,7,4
S01009375,797,193,372,232,781,191,363,227,16,2,9,5,0,0,0,0,2,1,1,0,2,0,1,1,12,1,7,4
S01009376,577,157,288,132,561,154,276,131,16,3,12,1,0,0,0,0,2,0,2,0,2,0,2,0,12,3,8,1
S01009377,971,90,514,367,890,84,468,338,81,6,46,29,11,1,5,5,23,1,15,7,16,1,14,1,31,3,12,16
S01009378,994,175,437,382,961,169,421,371,33,6,16,11,0,0,0,0,8,4,1,3,3,0,2,1,22,2,13,7
S01009379,981,112,394,475,948,105,382,461,33,7,12,14,6,6,0,0,2,0,2,0,5,0,3,2,20,1,7,12
S01009380,554,41,266,247,508,40,234,234,46,1,32,13,10,0,10,0,14,1,10,3,9,0,7,2,13,0,5,8
S01009381,632,90,285,257,596,81,273,242,36,9,12,15,2,1,1,0,5,5,0,0,12,1,4,7,17,2,7,8
S01009382,782,226,333,223,760,217,322,221,22,9,11,2,2,1,0,1,1,1,0,0,1,0,1,0,18,7,10,1
S01009383,811,254,408,149,774,242,390,142,37,12,18,7,8,3,5,0,4,2,2,0,11,2,4,5,14,5,7,2
S01009384,560,34,208,318,518,33,194,291,42,1,14,27,4,1,2,1,1,0,0,1,6,0,1,5,31,0,11,20
S01009385,512,85,219,208,489,83,207,199,23,2,12,9,1,0,1,0,3,1,0,2,3,0,3,0,16,1,8,7
S01009386,670,135,326,209,652,132,320,200,18,3,6,9,2,0,1,1,2,2,0,0,3,0,1,2,11,1,4,6
S01009387,604,107,344,153,568,105,316,147,36,2,28,6,1,0,1,0,11,1,8,2,8,0,8,0,16,1,11,4
S01009388,929,393,367,169,865,374,342,149,64,19,25,20,16,7,6,3,19,5,7,7,11,1,4,6,18,6,8,4
S01009389,902,202,389,311,863,192,374,297,39,10,15,14,1,1,0,0,12,3,3,6,7,2,2,3,19,4,10,5
S01009390,777,18,241,518,726,18,229,479,51,0,12,39,1,0,0,1,2,0,0,2,8,0,1,7,40,0,11,29
S01009391,695,27,305,363,650,23,281,346,45,4,24,17,2,0,2,0,9,1,8,0,4,0,1,3,30,3,13,14
S01009392,581,9,225,347,538,9,208,321,43,0,17,26,3,0,1,2,11,0,6,5,6,0,5,1,23,0,5,18
S01009393,686,35,240,411,661,32,235,394,25,3,5,17,1,1,0,0,3,0,0,3,7,0,3,4,14,2,2,10
S01009394,891,69,445,377,817,58,404,355,74,11,41,22,3,2,0,1,21,0,15,6,16,2,9,5,34,7,17,10
S01009395,677,42,247,388,650,41,238,371,27,1,9,17,0,0,0,0,0,0,0,0,2,1,0,1,25,0,9,16
S01009396,736,18,263,455,696,15,248,433,40,3,15,22,5,0,3,2,2,0,1,1,5,0,3,2,28,3,8,17
S01009397,703,59,238,406,671,55,227,389,32,4,11,17,2,1,1,0,4,1,2,1,3,1,0,2,23,1,8,14
S01009398,688,48,317,323,654,46,302,306,34,2,15,17,0,0,0,0,13,0,4,9,4,0,4,0,17,2,7,8
S01009399,705,55,281,369,679,49,270,360,26,6,11,9,2,0,2,0,4,0,4,0,3,0,2,1,17,6,3,8
S01009400,519,77,271,171,495,73,260,162,24,4,11,9,0,0,0,0,5,0,2,3,3,0,0,3,16,4,9,3
S01009401,681,31,289,361,640,29,277,334,41,2,12,27,0,0,0,0,9,0,0,9,3,0,3,0,29,2,9,18
S01009402,944,33,349,562,902,30,333,539,42,3,16,23,2,0,0,2,2,0,1,1,3,1,2,0,35,2,13,20
S01009403,539,40,193,306,514,38,181,295,25,2,12,11,1,0,1,0,3,0,1,2,3,0,3,0,18,2,7,9
S01009404,546,131,234,181,514,125,215,174,32,6,19,7,2,2,0,0,5,1,3,1,8,0,6,2,17,3,10,4
S01009405,401,10,140,251,389,9,137,243,12,1,3,8,1,0,0,1,1,0,0,1,1,0,0,1,9,1,3,5
S01009406,904,170,370,364,874,167,354,353,30,3,16,11,3,0,3,0,4,0,4,0,3,0,1,2,20,3,8,9
S01009407,502,68,201,233,486,67,194,225,16,1,7,8,0,0,0,0,1,0,0,1,4,0,2,2,11,1,5,5
S01009408,739,54,266,419,719,52,261,406,20,2,5,13,1,0,1,0,2,1,0,1,0,0,0,0,17,1,4,12
S01009409,665,157,290,218,648,156,280,212,17,1,10,6,1,0,1,0,6,0,6,0,4,0,2,2,6,1,1,4
S01009410,877,266,348,263,868,266,343,259,9,0,5,4,1,0,1,0,2,0,2,0,0,0,0,0,6,0,2,4
S01009411,875,197,401,277,862,195,395,272,13,2,6,5,0,0,0,0,0,0,0,0,1,0,1,0,12,2,5,5
S01009412,848,241,367,240,835,236,362,237,13,5,5,3,1,1,0,0,0,0,0,0,0,0,0,0,12,4,5,3
S01009413,988,149,433,406,957,142,424,391,31,7,9,15,1,1,0,0,2,0,2,0,6,0,1,5,22,6,6,10
S01009414,682,77,346,259,672,75,341,256,10,2,5,3,0,0,0,0,2,0,1,1,3,0,3,0,5,2,1,2
S01009415,791,216,320,255,759,203,303,253,32,13,17,2,4,2,2,0,8,5,3,0,10,2,7,1,10,4,5,1
S01009416,528,28,192,308,513,28,187,298,15,0,5,10,1,0,0,1,4,0,4,0,1,0,0,1,9,0,1,8
S01009417,304,16,76,212,293,16,74,203,11,0,2,9,1,0,1,0,1,0,0,1,1,0,0,1,8,0,1,7
S01009418,1078,292,461,325,1040,276,449,315,38,16,12,10,7,1,5,1,9,5,2,2,6,2,2,2,16,8,3,5
S01009419,574,138,239,197,562,136,237,189,12,2,2,8,0,0,0,0,0,0,0,0,4,0,0,4,8,2,2,4
S01009420,632,209,271,152,622,206,267,149,10,3,4,3,0,0,0,0,1,0,1,0,0,0,0,0,9,3,3,3
S01009421,722,208,296,218,701,202,288,211,21,6,8,7,1,0,1,0,0,0,0,0,9,4,4,1,11,2,3,6
S01009422,810,151,376,283,791,143,369,279,19,8,7,4,1,1,0,0,5,1,4,0,2,1,0,1,11,5,3,3
S01009423,932,24,303,605,882,19,289,574,50,5,14,31,3,1,0,2,5,1,0,4,19,2,7,10,23,1,7,15
S01009424,551,50,200,301,536,50,197,289,15,0,3,12,2,0,0,2,1,0,1,0,3,0,1,2,9,0,1,8
S01009425,739,119,336,284,710,115,324,271,29,4,12,13,4,0,4,0,1,0,0,1,3,0,1,2,21,4,7,10
S01009426,776,262,363,151,748,259,345,144,28,3,18,7,1,0,1,0,4,0,4,0,13,2,9,2,10,1,4,5
S01009427,608,209,261,138,592,205,256,131,16,4,5,7,0,0,0,0,0,0,0,0,2,1,1,0,14,3,4,7
S01009428,588,124,269,195,574,122,261,191,14,2,8,4,0,0,0,0,2,0,0,2,2,0,2,0,10,2,6,2
S01009429,704,226,294,184,693,219,291,183,11,7,3,1,2,1,1,0,0,0,0,0,0,0,0,0,9,6,2,1
S01009430,737,213,285,239,722,211,277,234,15,2,8,5,1,0,1,0,0,0,0,0,3,0,3,0,11,2,4,5
S01009431,672,183,246,243,655,180,240,235,17,3,6,8,2,0,1,1,3,1,2,0,3,0,1,2,9,2,2,5
S01009432,809,276,349,184,798,273,344,181,11,3,5,3,1,0,0,1,1,0,1,0,2,0,1,1,7,3,3,1
S01009433,824,273,373,178,807,265,367,175,17,8,6,3,1,1,0,0,1,1,0,0,10,4,5,1,5,2,1,2
S01009434,543,134,255,154,532,131,250,151,11,3,5,3,0,0,0,0,2,0,2,0,0,0,0,0,9,3,3,3
S01009435,774,316,248,210,762,314,240,208,12,2,8,2,0,0,0,0,0,0,0,0,4,0,4,0,8,2,4,2
S01009436,701,174,328,199,683,173,316,194,18,1,12,5,0,0,0,0,4,0,4,0,4,0,4,0,10,1,4,5
S01009437,678,132,308,238,666,130,301,235,12,2,7,3,2,0,2,0,0,0,0,0,1,0,1,0,9,2,4,3
S01009438,872,223,377,272,842,217,363,262,30,6,14,10,0,0,0,0,7,0,5,2,2,0,2,0,21,6,7,8
S01009439,923,200,406,317,902,193,396,313,21,7,10,4,1,0,0,1,0,0,0,0,0,0,0,0,20,7,10,3
S01009440,638,169,323,146,623,169,311,143,15,0,12,3,3,0,3,0,2,0,1,1,1,0,1,0,9,0,7,2
S01009441,836,246,382,208,820,243,375,202,16,3,7,6,1,0,1,0,3,2,1,0,0,0,0,0,12,1,5,6
S01009442,563,15,226,322,549,15,220,314,14,0,6,8,0,0,0,0,6,0,4,2,3,0,1,2,5,0,1,4
S01009443,666,82,210,374,642,80,200,362,24,2,10,12,0,0,0,0,6,1,4,1,1,0,0,1,17,1,6,10
S01009444,846,54,299,493,813,49,290,474,33,5,9,19,1,0,1,0,4,0,2,2,2,0,0,2,26,5,6,15
S01009445,778,146,322,310,762,143,318,301,16,3,4,9,0,0,0,0,1,0,1,0,2,0,0,2,13,3,3,7
S01009446,878,341,363,174,846,321,356,169,32,20,7,5,5,5,0,0,6,4,2,0,2,0,1,1,19,11,4,4
S01009447,486,130,211,145,474,128,205,141,12,2,6,4,0,0,0,0,1,0,1,0,2,0,2,0,9,2,3,4
S01009448,808,130,303,375,793,128,297,368,15,2,6,7,1,0,1,0,0,0,0,0,3,1,1,1,11,1,4,6
S01009449,528,109,236,183,524,109,234,181,4,0,2,2,0,0,0,0,0,0,0,0,1,0,0,1,3,0,2,1
S01009450,596,198,296,102,584,195,290,99,12,3,6,3,0,0,0,0,4,0,4,0,3,1,2,0,5,2,0,3
S01009451,1014,301,423,290,984,296,410,278,30,5,13,12,2,1,0,1,10,1,4,5,6,0,6,0,12,3,3,6
S01009452,503,172,201,130,495,168,197,130,8,4,4,0,1,0,1,0,1,1,0,0,0,0,0,0,6,3,3,0
S01009453,981,260,418,303,952,250,402,300,29,10,16,3,1,1,0,0,7,1,6,0,1,0,1,0,20,8,9,3
S01009454,878,90,389,399,831,88,355,388,47,2,34,11,4,0,4,0,3,0,3,0,9,0,8,1,31,2,19,10
S01009455,847,58,312,477,804,53,296,455,43,5,16,22,2,0,2,0,3,1,2,0,8,0,2,6,30,4,10,16
S01009456,664,179,270,215,644,175,262,207,20,4,8,8,0,0,0,0,0,0,0,0,7,2,3,2,13,2,5,6
S01009457,587,51,187,349,570,49,180,341,17,2,7,8,0,0,0,0,7,2,5,0,4,0,2,2,6,0,0,6
S01009458,661,134,284,243,638,125,274,239,23,9,10,4,0,0,0,0,4,4,0,0,0,0,0,0,19,5,10,4
S01009459,865,251,355,259,825,239,334,252,40,12,21,7,6,2,4,0,6,2,4,0,5,3,0,2,23,5,13,5
S01009460,854,359,384,111,833,353,374,106,21,6,10,5,3,0,3,0,2,1,1,0,8,2,3,3,8,3,3,2
S01009461,576,17,187,372,563,17,179,367,13,0,8,5,2,0,2,0,2,0,2,0,1,0,1,0,8,0,3,5
S01009462,694,105,293,296,667,99,287,281,27,6,6,15,1,1,0,0,11,3,1,7,3,1,0,2,12,1,5,6
S01009463,667,111,287,269,638,111,276,251,29,0,11,18,3,0,2,1,1,0,0,1,9,0,2,7,16,0,7,9
S01009464,842,120,375,347,806,116,353,337,36,4,22,10,6,0,6,0,3,0,1,2,10,1,8,1,17,3,7,7
S01009465,609,100,266,243,589,99,253,237,20,1,13,6,0,0,0,0,2,0,2,0,5,0,5,0,13,1,6,6
S01009466,569,48,241,280,540,45,228,267,29,3,13,13,2,0,1,1,5,3,2,0,4,0,2,2,18,0,8,10
S01009467,770,72,296,402,744,70,284,390,26,2,12,12,0,0,0,0,2,0,1,1,5,0,3,2,19,2,8,9
S01009468,748,213,328,207,721,203,316,202,27,10,12,5,2,1,1,0,2,1,1,0,7,1,5,1,16,7,5,4
S01009469,791,115,351,325,757,109,329,319,34,6,22,6,5,1,4,0,1,0,1,0,10,0,10,0,18,5,7,6
S01009470,473,83,214,176,465,83,210,172,8,0,4,4,0,0,0,0,1,0,0,1,1,0,1,0,6,0,3,3
S01009471,659,336,211,112,589,306,187,96,70,30,24,16,19,11,6,2,24,10,6,8,12,3,7,2,15,6,5,4
S01009472,932,310,368,254,831,273,330,228,101,37,38,26,4,1,1,2,28,5,16,7,15,7,3,5,54,24,18,12
S01009473,902,323,418,161,715,278,311,126,187,45,107,35,32,10,14,8,103,16,70,17,30,9,13,8,22,10,10,2
S01009474,900,257,291,352,858,250,263,345,42,7,28,7,6,3,3,0,12,1,9,2,11,2,9,0,13,1,7,5
S01009475,585,25,189,371,541,24,176,341,44,1,13,30,4,0,3,1,10,1,4,5,7,0,3,4,23,0,3,20
S01009476,479,15,107,357,443,11,97,335,36,4,10,22,3,0,0,3,12,2,5,5,3,0,1,2,18,2,4,12
S01009477,701,159,276,266,641,148,244,249,60,11,32,17,6,1,5,0,24,5,12,7,5,0,4,1,25,5,11,9
S01009478,832,230,406,196,711,193,356,162,121,37,50,34,24,15,8,1,40,9,19,12,30,3,16,11,27,10,7,10
S01009479,777,204,344,229,679,168,301,210,98,36,43,19,25,14,11,0,26,10,12,4,16,4,6,6,31,8,14,9
S01009480,822,153,362,307,774,143,339,292,48,10,23,15,4,0,4,0,13,2,4,7,3,0,2,1,28,8,13,7
S01009481,895,194,468,233,784,167,419,198,111,27,49,35,20,9,5,6,38,4,24,10,24,6,9,9,29,8,11,10
S01009482,584,164,285,135,487,125,243,119,97,39,42,16,24,15,6,3,36,11,18,7,21,7,10,4,16,6,8,2
S01009483,724,179,350,195,646,157,314,175,78,22,36,20,14,7,4,3,22,4,11,7,24,7,10,7,18,4,11,3
S01009484,739,241,298,200,684,219,275,190,55,22,23,10,9,4,0,5,18,8,7,3,7,1,6,0,21,9,10,2
S01009485,786,203,319,264,743,192,293,258,43,11,26,6,4,1,3,0,20,5,14,1,4,0,4,0,15,5,5,5
S01009486,650,104,274,272,613,95,256,262,37,9,18,10,8,3,5,0,10,1,7,2,2,0,1,1,17,5,5,7
S01009487,789,208,352,229,728,196,320,212,61,12,32,17,9,4,4,1,22,3,15,4,13,0,6,7,17,5,7,5
S01009488,705,146,308,251,674,143,286,245,31,3,22,6,4,0,3,1,13,0,13,0,3,0,1,2,11,3,5,3
S01009489,775,233,340,202,747,231,323,193,28,2,17,9,0,0,0,0,1,0,1,0,8,0,5,3,19,2,11,6
S01009490,853,334,339,180,838,329,332,177,15,5,7,3,2,2,0,0,1,0,1,0,0,0,0,0,12,3,6,3
S01009491,677,165,347,165,667,164,341,162,10,1,6,3,0,0,0,0,2,0,2,0,1,0,1,0,7,1,3,3
S01009492,740,125,382,233,725,124,375,226,15,1,7,7,0,0,0,0,4,0,4,0,2,0,0,2,9,1,3,5
S01009493,821,39,278,504,770,32,250,488,51,7,28,16,4,1,3,0,7,4,0,3,5,0,4,1,35,2,21,12
S01009494,947,37,292,618,906,35,275,596,41,2,17,22,2,0,0,2,8,0,4,4,8,0,3,5,23,2,10,11
S01009495,871,37,351,483,837,28,343,466,34,9,8,17,3,3,0,0,12,6,3,3,1,0,0,1,18,0,5,13
S01009496,785,169,405,211,757,164,391,202,28,5,14,9,1,1,0,0,10,0,8,2,4,0,3,1,13,4,3,6
S01009497,955,121,473,361,928,119,458,351,27,2,15,10,2,2,0,0,3,0,3,0,4,0,0,4,18,0,12,6
S01009498,643,33,232,378,623,30,227,366,20,3,5,12,2,1,0,1,0,0,0,0,0,0,0,0,18,2,5,11
S01009499,796,155,313,328,768,148,301,319,28,7,12,9,3,2,0,1,5,2,3,0,8,0,6,2,12,3,3,6
S01009500,778,271,365,142,744,259,349,136,34,12,16,6,3,2,1,0,17,6,9,2,7,1,5,1,7,3,1,3
S01009501,654,195,284,175,627,190,267,170,27,5,17,5,9,0,9,0,6,0,5,1,1,0,0,1,11,5,3,3
S01009502,823,251,380,192,798,247,365,186,25,4,15,6,1,0,1,0,6,0,3,3,4,0,4,0,14,4,7,3
S01009503,729,157,360,212,715,155,353,207,14,2,7,5,0,0,0,0,3,0,2,1,2,0,1,1,9,2,4,3
S01009504,695,253,290,152,670,250,278,142,25,3,12,10,0,0,0,0,4,0,3,1,8,0,4,4,13,3,5,5
S01009505,817,376,285,156,771,362,265,144,46,14,20,12,2,1,0,1,20,3,13,4,9,4,3,2,15,6,4,5
S01009506,735,254,352,129,696,246,327,123,39,8,25,6,1,1,0,0,14,3,11,0,11,2,9,0,13,2,5,6
S01009507,889,156,371,362,846,153,347,346,43,3,24,16,6,0,3,3,6,1,5,0,13,0,7,6,18,2,9,7
S01009508,876,350,340,186,826,338,318,170,50,12,22,16,6,2,3,1,19,5,8,6,10,0,7,3,15,5,4,6
S01009509,1006,273,501,232,934,263,454,217,72,10,47,15,7,3,4,0,19,3,14,2,28,0,20,8,18,4,9,5
S01009510,700,37,286,377,673,34,276,363,27,3,10,14,2,0,1,1,3,0,1,2,10,0,2,8,12,3,6,3
S01009511,597,35,265,297,566,33,245,288,31,2,20,9,2,0,2,0,6,0,5,1,6,0,4,2,17,2,9,6
S01009512,771,51,293,427,741,47,275,419,30,4,18,8,4,2,2,0,5,0,5,0,4,0,3,1,17,2,8,7
S01009513,575,31,262,282,563,29,256,278,12,2,6,4,0,0,0,0,1,0,1,0,2,0,2,0,9,2,3,4
S01009514,706,25,278,403,674,23,264,387,32,2,14,16,0,0,0,0,7,1,3,3,3,0,3,0,22,1,8,13
S01009515,738,248,314,176,713,241,303,169,25,7,11,7,3,1,2,0,5,1,3,1,4,2,1,1,13,3,5,5
S01009516,839,185,370,284,816,184,363,269,23,1,7,15,1,0,0,1,0,0,0,0,7,0,1,6,15,1,6,8
S01009517,982,38,297,647,899,33,263,603,83,5,34,44,17,2,7,8,7,0,3,4,18,0,7,11,41,3,17,21
S01009518,936,28,231,677,878,26,214,638,58,2,17,39,2,0,1,1,11,0,4,7,19,1,4,14,26,1,8,17
S01009519,487,54,182,251,459,52,176,231,28,2,6,20,3,0,1,2,1,0,0,1,2,0,0,2,22,2,5,15
S01009520,837,68,295,474,777,63,270,444,60,5,25,30,9,0,9,0,6,0,5,1,15,2,4,9,30,3,7,20
S01009521,873,235,419,219,827,224,394,209,46,11,25,10,6,4,2,0,12,0,9,3,15,1,12,2,13,6,2,5
S01009522,1013,243,493,277,907,236,435,236,106,7,58,41,5,1,2,2,35,2,17,16,45,2,31,12,21,2,8,11
S01009523,581,193,247,141,529,189,214,126,52,4,33,15,6,3,1,2,20,0,14,6,16,0,14,2,10,1,4,5
S01009524,668,242,284,142,594,221,247,126,74,21,37,16,21,6,12,3,21,6,13,2,17,3,7,7,15,6,5,4
S01009525,532,184,202,146,490,172,195,123,42,12,7,23,7,1,1,5,9,2,4,3,8,2,2,4,18,7,0,11
S01009526,650,121,344,185,584,104,307,173,66,17,37,12,13,6,6,1,28,7,16,5,11,0,8,3,14,4,7,3
S01009527,639,196,289,154,582,182,260,140,57,14,29,14,10,1,8,1,18,6,9,3,14,2,8,4,15,5,4,6
S01009528,520,206,231,83,480,190,214,76,40,16,17,7,7,3,3,1,13,4,5,4,6,1,3,2,14,8,6,0
S01009529,535,63,195,277,513,63,181,269,22,0,14,8,0,0,0,0,3,0,3,0,6,0,6,0,13,0,5,8
S01009530,575,42,213,320,553,42,202,309,22,0,11,11,5,0,0,5,5,0,3,2,3,0,2,1,9,0,6,3
S01009531,795,278,325,192,743,268,302,173,52,10,23,19,13,4,6,3,13,3,5,5,11,1,4,6,15,2,8,5
S01009532,779,287,372,120,748,274,355,119,31,13,17,1,5,4,1,0,12,4,8,0,8,2,5,1,6,3,3,0
S01009533,783,265,391,127,713,241,358,114,70,24,33,13,11,3,8,0,26,10,11,5,14,6,6,2,19,5,8,6
S01009534,856,383,337,136,788,357,303,128,68,26,34,8,3,1,2,0,23,7,13,3,15,5,9,1,27,13,10,4
S01009535,629,283,236,110,598,272,222,104,31,11,14,6,3,2,0,1,8,2,4,2,5,0,3,2,15,7,7,1
S01009536,548,125,192,231,516,115,178,223,32,10,14,8,4,2,2,0,12,6,4,2,3,1,1,1,13,1,7,5
S01009537,539,136,238,165,503,129,228,146,36,7,10,19,5,0,0,5,2,1,1,0,5,0,3,2,24,6,6,12
S01009538,708,196,310,202,667,184,293,190,41,12,17,12,2,1,1,0,6,0,2,4,10,3,5,2,23,8,9,6
S01009539,865,166,416,283,815,162,384,269,50,4,32,14,5,0,2,3,20,2,17,1,6,1,3,2,19,1,10,8
S01009540,815,296,324,195,765,285,297,183,50,11,27,12,15,5,6,4,20,1,14,5,10,2,6,2,5,3,1,1
S01009541,725,87,268,370,712,82,263,367,13,5,5,3,3,3,0,0,0,0,0,0,3,0,2,1,7,2,3,2
S01009542,753,254,329,170,735,252,319,164,18,2,10,6,2,1,1,0,3,0,0,3,3,0,3,0,10,1,6,3
S01009543,523,90,257,176,503,87,244,172,20,3,13,4,3,0,3,0,6,0,5,1,2,0,2,0,9,3,3,3
S01009544,855,128,415,312,818,126,397,295,37,2,18,17,1,0,0,1,6,0,0,6,9,0,5,4,21,2,13,6
S01009545,789,132,342,315,775,131,336,308,14,1,6,7,0,0,0,0,0,0,0,0,6,0,2,4,8,1,4,3
S01009546,967,131,372,464,929,130,353,446,38,1,19,18,0,0,0,0,14,0,9,5,9,0,3,6,15,1,7,7
S01009547,744,165,292,287,705,160,281,264,39,5,11,23,3,0,2,1,13,2,3,8,10,0,3,7,13,3,3,7
S01009548,694,125,287,282,682,122,284,276,12,3,3,6,3,1,2,0,1,0,0,1,0,0,0,0,8,2,1,5
S01009549,778,111,303,364,753,106,292,355,25,5,11,9,2,2,0,0,5,1,4,0,4,1,2,1,14,1,5,8
S01009550,515,62,200,253,495,62,191,242,20,0,9,11,0,0,0,0,0,0,0,0,2,0,2,0,18,0,7,11
S01009551,533,112,257,164,494,104,238,152,39,8,19,12,7,4,3,0,6,2,4,0,9,1,3,5,17,1,9,7
S01009552,862,135,356,371,837,132,347,358,25,3,9,13,0,0,0,0,2,0,1,1,4,1,2,1,19,2,6,11
S01009553,852,251,361,240,830,249,351,230,22,2,10,10,3,0,0,3,2,0,1,1,1,0,1,0,16,2,8,6
S01009554,651,148,252,251,635,146,245,244,16,2,7,7,0,0,0,0,0,0,0,0,0,0,0,0,16,2,7,7
S01009555,735,116,308,311,710,112,298,300,25,4,10,11,0,0,0,0,4,0,3,1,0,0,0,0,21,4,7,10
S01009556,767,208,336,223,719,193,307,219,48,15,29,4,14,5,9,0,13,3,10,0,4,1,2,1,17,6,8,3
S01009557,675,215,348,112,644,205,330,109,31,10,18,3,4,1,3,0,8,0,8,0,3,1,0,2,16,8,7,1
S01009558,673,229,324,120,640,226,306,108,33,3,18,12,5,0,1,4,9,0,5,4,6,0,6,0,13,3,6,4
S01009559,857,247,411,199,807,236,384,187,50,11,27,12,6,0,6,0,14,7,7,0,10,0,5,5,20,4,9,7
S01009560,748,245,337,166,699,236,308,155,49,9,29,11,7,3,4,0,17,3,12,2,4,0,4,0,21,3,9,9
S01009561,536,188,222,126,496,169,211,116,40,19,11,10,11,7,2,2,3,3,0,0,6,3,3,0,20,6,6,8
S01009562,715,150,315,250,679,138,303,238,36,12,12,12,5,4,1,0,10,5,2,3,9,2,7,0,12,1,2,9
S01009563,793,158,455,180,753,152,429,172,40,6,26,8,9,4,5,0,10,0,4,6,4,0,4,0,17,2,13,2
S01009564,681,135,320,226,663,131,311,221,18,4,9,5,0,0,0,0,1,0,0,1,3,0,2,1,14,4,7,3
S01009565,588,156,285,147,569,155,275,139,19,1,10,8,1,0,0,1,1,0,0,1,3,0,2,1,14,1,8,5
S01009566,1070,158,478,434,1024,153,459,412,46,5,19,22,2,0,0,2,11,0,6,5,8,1,2,5,25,4,11,10
S01009567,882,200,399,283,836,178,384,274,46,22,15,9,11,10,1,0,8,8,0,0,8,0,4,4,19,4,10,5
S01009568,736,161,352,223,706,157,334,215,30,4,18,8,0,0,0,0,2,0,2,0,7,0,5,2,21,4,11,6
S01009569,812,182,412,218,781,174,401,206,31,8,11,12,1,0,1,0,11,3,2,6,5,0,4,1,14,5,4,5
S01009570,559,151,247,161,537,145,239,153,22,6,8,8,0,0,0,0,7,0,4,3,5,3,1,1,10,3,3,4
S01009571,686,291,236,159,630,259,220,151,56,32,16,8,9,9,0,0,33,21,10,2,7,0,5,2,7,2,1,4
S01009572,1030,335,498,197,945,312,451,182,85,23,47,15,7,2,5,0,31,8,17,6,21,6,8,7,26,7,17,2
S01009573,743,281,328,134,685,250,314,121,58,31,14,13,7,1,4,2,16,9,5,2,15,10,2,3,20,11,3,6
S01009574,970,247,453,270,910,234,428,248,60,13,25,22,9,1,3,5,9,0,6,3,14,7,5,2,28,5,11,12
S01009575,523,112,222,189,512,108,217,187,11,4,5,2,0,0,0,0,0,0,0,0,0,0,0,0,11,4,5,2
S01009576,516,26,185,305,492,24,172,296,24,2,13,9,4,0,4,0,4,0,3,1,2,1,0,1,14,1,6,7
S01009577,660,22,186,452,618,21,179,418,42,1,7,34,0,0,0,0,1,0,0,1,2,0,0,2,39,1,7,31
S01009578,771,99,327,345,745,95,319,331,26,4,8,14,1,0,0,1,8,1,1,6,3,0,0,3,14,3,7,4
S01009579,1029,136,401,492,984,130,392,462,45,6,9,30,2,0,0,2,2,2,0,0,13,1,3,9,28,3,6,19
S01009580,970,38,334,598,927,30,323,574,43,8,11,24,6,5,1,0,5,0,0,5,5,1,2,2,27,2,8,17
S01009581,553,131,241,181,531,126,232,173,22,5,9,8,2,0,1,1,11,4,7,0,1,0,1,0,8,1,0,7
S01009582,533,97,251,185,506,91,238,177,27,6,13,8,1,0,1,0,4,0,4,0,7,3,2,2,15,3,6,6
S01009583,812,178,386,248,784,175,370,239,28,3,16,9,1,0,1,0,3,0,1,2,11,0,9,2,13,3,5,5
S01009584,537,39,255,243,506,38,235,233,31,1,20,10,5,0,4,1,6,0,5,1,4,0,4,0,16,1,7,8
S01009585,969,168,445,356,952,164,440,348,17,4,5,8,2,1,0,1,2,1,0,1,0,0,0,0,13,2,5,6
S01009586,647,145,306,196,625,140,298,187,22,5,8,9,0,0,0,0,0,0,0,0,8,2,2,4,14,3,6,5
S01009587,684,172,329,183,654,159,315,180,30,13,14,3,1,1,0,0,2,1,1,0,5,4,1,0,22,7,12,3
S01009588,977,182,438,357,956,179,430,347,21,3,8,10,0,0,0,0,1,1,0,0,1,0,0,1,19,2,8,9
S01009589,954,165,442,347,923,163,416,344,31,2,26,3,1,0,1,0,13,0,12,1,8,0,8,0,9,2,5,2
S01009590,718,15,242,461,691,12,236,443,27,3,6,18,2,0,1,1,1,1,0,0,3,1,1,1,21,1,4,16
S01009591,643,47,235,361,611,40,222,349,32,7,13,12,0,0,0,0,13,4,5,4,1,1,0,0,18,2,8,8
S01009592,554,28,187,339,532,24,177,331,22,4,10,8,4,0,4,0,1,0,0,1,1,0,0,1,16,4,6,6
S01009593,592,10,132,450,568,10,124,434,24,0,8,16,3,0,3,0,2,0,0,2,4,0,2,2,15,0,3,12
S01009594,675,15,216,444,649,13,210,426,26,2,6,18,1,0,0,1,2,1,0,1,6,0,3,3,17,1,3,13
S01009595,514,19,84,411,466,16,80,370,48,3,4,41,5,0,0,5,9,0,1,8,6,3,1,2,28,0,2,26
S01009596,783,136,395,252,758,129,383,246,25,7,12,6,0,0,0,0,5,4,1,0,3,2,1,0,17,1,10,6
S01009597,875,247,374,254,828,236,358,234,47,11,16,20,4,4,0,0,9,0,4,5,14,2,6,6,20,5,6,9
S01009598,664,185,275,204,654,182,270,202,10,3,5,2,0,0,0,0,0,0,0,0,0,0,0,0,10,3,5,2
S01009599,888,174,422,292,855,157,408,290,33,17,14,2,5,5,0,0,8,4,4,0,3,1,1,1,17,7,9,1
S01009600,634,237,265,132,616,231,260,125,18,6,5,7,0,0,0,0,3,0,3,0,1,1,0,0,14,5,2,7
S01009601,672,137,339,196,642,135,321,186,30,2,18,10,5,0,4,1,6,0,5,1,4,0,2,2,15,2,7,6
S01009602,770,30,201,539,740,27,193,520,30,3,8,19,1,0,1,0,7,1,1,5,4,0,0,4,18,2,6,10
S01009603,560,55,163,342,528,55,148,325,32,0,15,17,1,0,1,0,3,0,2,1,2,0,2,0,26,0,10,16
S01009604,857,103,442,312,818,95,426,297,39,8,16,15,3,0,3,0,11,4,4,3,9,2,4,3,16,2,5,9
S01009605,765,136,307,322,727,128,289,310,38,8,18,12,3,2,1,0,11,0,10,1,1,0,1,0,23,6,6,11
S01009606,545,21,126,398,514,20,110,384,31,1,16,14,4,0,0,4,7,0,5,2,3,0,2,1,17,1,9,7
S01009607,528,18,156,354,508,17,152,339,20,1,4,15,3,1,1,1,5,0,0,5,1,0,0,1,11,0,3,8
S01009608,606,143,190,273,588,137,185,266,18,6,5,7,3,1,1,1,1,0,0,1,1,1,0,0,13,4,4,5
S01009609,808,70,329,409,788,69,322,397,20,1,7,12,2,1,1,0,3,0,1,2,4,0,2,2,11,0,3,8
S01009610,982,174,470,338,962,166,460,336,20,8,10,2,1,1,0,0,2,1,1,0,5,1,4,0,12,5,5,2
S01009611,520,19,137,364,507,19,131,357,13,0,6,7,1,0,1,0,0,0,0,0,1,0,0,1,11,0,5,6
S01009612,597,84,244,269,575,84,232,259,22,0,12,10,0,0,0,0,6,0,3,3,4,0,3,1,12,0,6,6
S01009613,462,12,137,313,447,12,133,302,15,0,4,11,1,0,0,1,1,0,0,1,1,0,0,1,12,0,4,8
S01009614,506,29,190,287,496,28,187,281,10,1,3,6,2,0,0,2,0,0,0,0,1,0,0,1,7,1,3,3
S01009615,398,40,165,193,393,40,163,190,5,0,2,3,0,0,0,0,0,0,0,0,0,0,0,0,5,0,2,3
S01009616,725,98,253,374,707,96,246,365,18,2,7,9,0,0,0,0,3,2,0,1,3,0,1,2,12,0,6,6
S01009617,724,53,226,445,701,53,215,433,23,0,11,12,0,0,0,0,2,0,1,1,5,0,4,1,16,0,6,10
S01009618,682,146,321,215,661,140,311,210,21,6,10,5,2,2,0,0,4,0,3,1,2,1,1,0,13,3,6,4
S01009619,609,155,238,216,601,153,236,212,8,2,2,4,1,0,1,0,0,0,0,0,0,0,0,0,7,2,1,4
S01009620,797,240,369,188,766,237,350,179,31,3,19,9,6,0,5,1,4,1,2,1,6,1,2,3,15,1,10,4
S01009621,768,212,318,238,746,201,309,236,22,11,9,2,4,0,4,0,2,0,2,0,6,5,0,1,10,6,3,1
S01009622,729,316,276,137,716,311,268,137,13,5,8,0,0,0,0,0,1,0,1,0,4,3,1,0,8,2,6,0
S01009623,495,139,211,145,479,133,206,140,16,6,5,5,8,5,3,0,0,0,0,0,3,0,1,2,5,1,1,3
S01009624,876,228,416,232,857,221,409,227,19,7,7,5,0,0,0,0,2,0,2,0,4,0,3,1,13,7,2,4
S01009625,868,236,434,198,857,233,427,197,11,3,7,1,0,0,0,0,2,0,2,0,3,1,2,0,6,2,3,1
S01009626,601,202,246,153,584,198,237,149,17,4,9,4,2,0,2,0,5,0,3,2,0,0,0,0,10,4,4,2
S01009627,825,190,325,310,812,184,319,309,13,6,6,1,1,0,0,1,1,1,0,0,1,1,0,0,10,4,6,0
S01009628,495,175,224,96,484,172,219,93,11,3,5,3,0,0,0,0,2,0,0,2,0,0,0,0,9,3,5,1
S01009629,1082,314,405,363,1058,311,394,353,24,3,11,10,1,0,1,0,0,0,0,0,4,1,3,0,19,2,7,10
S01009630,811,252,379,180,801,247,375,179,10,5,4,1,4,2,2,0,0,0,0,0,1,1,0,0,5,2,2,1
S01009631,677,304,276,97,662,298,269,95,15,6,7,2,2,2,0,0,3,1,2,0,3,0,2,1,7,3,3,1
S01009632,558,265,189,104,538,257,187,94,20,8,2,10,3,3,0,0,3,0,0,3,1,0,1,0,13,5,1,7
S01009633,755,278,342,135,736,268,338,130,19,10,4,5,8,8,0,0,2,2,0,0,0,0,0,0,9,0,4,5
S01009634,485,167,243,75,482,165,242,75,3,2,1,0,0,0,0,0,1,1,0,0,0,0,0,0,2,1,1,0
S01009635,842,215,365,262,824,212,353,259,18,3,12,3,4,3,1,0,1,0,1,0,1,0,1,0,12,0,9,3
S01009636,904,437,327,140,877,426,316,135,27,11,11,5,8,7,1,0,1,0,1,0,1,0,1,0,17,4,8,5
S01009637,705,197,275,233,684,192,267,225,21,5,8,8,1,0,0,1,3,0,3,0,3,0,2,1,14,5,3,6
S01009638,781,268,307,206,764,266,298,200,17,2,9,6,7,0,5,2,0,0,0,0,1,0,1,0,9,2,3,4
S01009639,755,63,308,384,720,62,296,362,35,1,12,22,3,0,3,0,3,0,0,3,3,0,3,0,26,1,6,19
S01009640,586,210,242,134,568,205,231,132,18,5,11,2,2,0,2,0,2,2,0,0,3,2,1,0,11,1,8,2
S01009641,770,320,323,127,737,306,307,124,33,14,16,3,2,2,0,0,10,3,7,0,7,1,6,0,14,8,3,3
S01009642,910,208,428,274,868,190,415,263,42,18,13,11,7,1,6,0,7,6,1,0,4,4,0,0,24,7,6,11
S01009643,584,15,227,342,571,14,221,336,13,1,6,6,1,1,0,0,1,0,1,0,1,0,0,1,10,0,5,5
S01009644,815,134,364,317,792,130,354,308,23,4,10,9,2,0,2,0,2,0,2,0,6,0,2,4,13,4,4,5
S01009645,649,137,306,206,630,133,302,195,19,4,4,11,0,0,0,0,2,0,0,2,6,0,0,6,11,4,4,3
S01009646,592,113,276,203,577,111,271,195,15,2,5,8,0,0,0,0,3,0,2,1,1,0,0,1,11,2,3,6
S01009647,562,204,222,136,547,201,213,133,15,3,9,3,1,0,1,0,3,1,2,0,5,0,3,2,6,2,3,1
S01009648,872,177,412,283,852,169,407,276,20,8,5,7,1,0,0,1,2,0,2,0,1,0,1,0,16,8,2,6
S01009649,1037,200,462,375,1013,194,452,367,24,6,10,8,3,0,3,0,2,0,0,2,0,0,0,0,19,6,7,6
S01009650,755,44,291,420,729,43,271,415,26,1,20,5,1,0,1,0,8,0,8,0,1,0,1,0,16,1,10,5
S01009651,913,72,276,565,862,69,259,534,51,3,17,31,5,0,0,5,17,1,10,6,4,0,1,3,25,2,6,17
S01009652,760,65,292,403,734,65,284,385,26,0,8,18,0,0,0,0,3,0,1,2,1,0,1,0,22,0,6,16
S01009653,530,31,175,324,513,29,170,314,17,2,5,10,2,1,0,1,3,0,1,2,0,0,0,0,12,1,4,7
S01009654,583,48,257,278,573,48,252,273,10,0,5,5,0,0,0,0,2,0,2,0,0,0,0,0,8,0,3,5
S01009655,846,207,358,281,830,205,350,275,16,2,8,6,0,0,0,0,4,0,4,0,1,0,0,1,11,2,4,5
S01009656,728,240,298,190,712,236,292,184,16,4,6,6,1,0,0,1,6,3,1,2,0,0,0,0,9,1,5,3
S01009657,763,131,229,403,741,126,226,389,22,5,3,14,3,3,0,0,0,0,0,0,2,0,0,2,17,2,3,12
S01009658,738,133,312,293,721,128,305,288,17,5,7,5,0,0,0,0,1,0,1,0,6,3,2,1,10,2,4,4
S01009659,480,92,201,187,474,88,200,186,6,4,1,1,0,0,0,0,1,0,0,1,0,0,0,0,5,4,1,0
S01009660,1085,189,436,460,1062,188,424,450,23,1,12,10,2,0,2,0,2,0,2,0,3,0,1,2,16,1,7,8
S01009661,774,45,169,560,739,43,157,539,35,2,12,21,2,0,2,0,6,2,0,4,10,0,4,6,17,0,6,11
S01009662,708,61,217,430,684,57,208,419,24,4,9,11,2,1,0,1,1,0,1,0,2,0,2,0,19,3,6,10
S01009663,641,59,190,392,626,57,184,385,15,2,6,7,0,0,0,0,2,0,2,0,2,1,1,0,11,1,3,7
S01009664,889,42,300,547,851,40,281,530,38,2,19,17,2,0,2,0,5,0,4,1,5,1,2,2,26,1,11,14
S01009665,662,75,251,336,645,75,245,325,17,0,6,11,1,0,0,1,1,0,1,0,1,0,0,1,14,0,5,9
S01009666,758,97,259,402,736,96,251,389,22,1,8,13,1,0,0,1,3,0,2,1,2,0,1,1,16,1,5,10
S01009667,523,18,152,353,508,18,145,345,15,0,7,8,0,0,0,0,0,0,0,0,2,0,0,2,13,0,7,6
S01009668,586,30,209,347,560,27,198,335,26,3,11,12,0,0,0,0,3,0,2,1,4,0,2,2,19,3,7,9
S01009669,502,44,219,239,488,43,215,230,14,1,4,9,0,0,0,0,0,0,0,0,3,0,1,2,11,1,3,7
S01009670,777,73,283,421,750,70,272,408,27,3,11,13,1,1,0,0,1,1,0,0,3,0,0,3,22,1,11,10
S01009671,607,42,218,347,581,38,208,335,26,4,10,12,1,0,1,0,4,0,3,1,4,1,1,2,17,3,5,9
S01009672,807,104,335,368,792,103,327,362,15,1,8,6,1,1,0,0,1,0,1,0,1,0,0,1,12,0,7,5
S01009673,779,58,307,414,740,55,286,399,39,3,21,15,0,0,0,0,9,0,9,0,5,2,1,2,25,1,11,13
S01009674,875,57,298,520,845,55,287,503,30,2,11,17,0,0,0,0,2,0,1,1,1,0,1,0,27,2,9,16
S01009675,882,57,277,548,852,56,264,532,30,1,13,16,0,0,0,0,1,0,1,0,2,0,1,1,27,1,11,15
S01009676,833,64,289,480,811,64,279,468,22,0,10,12,1,0,1,0,1,0,1,0,4,0,1,3,16,0,7,9
S01009677,592,27,189,376,552,25,170,357,40,2,19,19,5,0,3,2,6,0,3,3,1,0,1,0,28,2,12,14
S01009678,591,83,249,259,559,82,235,242,32,1,14,17,9,0,5,4,1,0,1,0,3,0,1,2,19,1,7,11
S01009679,875,156,354,365,838,145,340,353,37,11,14,12,4,0,4,0,6,4,1,1,3,0,1,2,24,7,8,9
S01009680,817,124,305,388,790,124,291,375,27,0,14,13,0,0,0,0,1,0,0,1,8,0,7,1,18,0,7,11
S01009681,558,47,225,286,527,45,210,272,31,2,15,14,3,1,2,0,3,0,3,0,5,0,1,4,20,1,9,10
S01009682,624,47,277,300,584,46,251,287,40,1,26,13,1,0,1,0,17,1,13,3,6,0,5,1,16,0,7,9
S01009683,765,129,303,333,728,123,288,317,37,6,15,16,5,0,5,0,0,0,0,0,5,0,1,4,27,6,9,12
S01009684,1085,31,334,720,1046,28,317,701,39,3,17,19,3,0,0,3,3,0,2,1,4,0,3,1,29,3,12,14
S01009685,608,66,232,310,583,63,223,297,25,3,9,13,5,1,1,3,2,0,2,0,2,0,1,1,16,2,5,9
S01009686,1123,291,567,265,1001,254,510,237,122,37,57,28,29,12,9,8,37,8,23,6,18,9,6,3,38,8,19,11
S01009687,723,83,314,326,693,81,304,308,30,2,10,18,3,0,0,3,5,0,2,3,4,1,1,2,18,1,7,10
S01009688,904,329,382,193,835,305,348,182,69,24,34,11,11,5,5,1,15,1,10,4,10,1,7,2,33,17,12,4
S01009689,605,186,240,179,525,155,206,164,80,31,34,15,13,8,4,1,23,9,13,1,16,3,10,3,28,11,7,10
S01009690,701,143,314,244,654,136,284,234,47,7,30,10,3,0,3,0,6,2,4,0,12,2,9,1,26,3,14,9
S01009691,611,65,245,301,575,59,237,279,36,6,8,22,2,0,2,0,7,2,2,3,5,0,0,5,22,4,4,14
S01009692,1034,116,474,444,983,106,450,427,51,10,24,17,8,4,3,1,4,2,0,2,6,1,5,0,33,3,16,14
S01009693,632,39,252,341,609,37,241,331,23,2,11,10,0,0,0,0,4,0,3,1,0,0,0,0,19,2,8,9
S01009694,962,57,415,490,899,56,389,454,63,1,26,36,9,0,6,3,9,0,1,8,6,0,2,4,39,1,17,21
S01009695,623,39,207,377,584,38,190,356,39,1,17,21,6,0,6,0,1,0,1,0,7,0,3,4,25,1,7,17
S01009696,945,62,340,543,899,59,315,525,46,3,25,18,1,0,1,0,7,0,7,0,6,0,2,4,32,3,15,14
S01009697,702,56,226,420,629,48,198,383,73,8,28,37,2,2,0,0,23,2,13,8,7,0,5,2,41,4,10,27
S01009698,564,13,133,418,509,10,113,386,55,3,20,32,9,0,7,2,8,3,0,5,5,0,4,1,33,0,9,24
S01009699,468,35,197,236,448,34,186,228,20,1,11,8,2,0,2,0,3,0,2,1,2,0,1,1,13,1,6,6
S01009700,649,45,238,366,606,43,223,340,43,2,15,26,8,0,7,1,8,1,2,5,5,0,1,4,22,1,5,16
S01009701,426,38,200,188,403,32,188,183,23,6,12,5,4,0,4,0,3,1,2,0,3,2,1,0,13,3,5,5
S01009702,631,22,207,402,607,21,196,390,24,1,11,12,2,0,1,1,0,0,0,0,4,1,3,0,18,0,7,11
S01009703,569,85,246,238,543,81,232,230,26,4,14,8,7,1,3,3,4,1,1,2,2,0,2,0,13,2,8,3
S01009704,917,109,382,426,877,104,362,411,40,5,20,15,6,3,3,0,5,1,2,2,2,0,2,0,27,1,13,13
S01009705,732,133,282,317,698,126,272,300,34,7,10,17,3,0,3,0,3,2,1,0,5,0,1,4,23,5,5,13
S01009706,625,99,240,286,583,93,220,270,42,6,20,16,10,3,7,0,2,0,2,0,6,1,2,3,24,2,9,13
S01009707,477,44,224,209,446,33,212,201,31,11,12,8,1,1,0,0,7,4,1,2,7,4,2,1,16,2,9,5
S01009708,573,49,213,311,549,47,198,304,24,2,15,7,10,2,7,1,0,0,0,0,2,0,0,2,12,0,8,4
S01009709,794,112,362,320,749,100,334,315,45,12,28,5,13,1,11,1,12,5,6,1,5,0,5,0,15,6,6,3
S01009710,567,61,207,299,541,52,201,288,26,9,6,11,4,4,0,0,4,2,2,0,7,0,2,5,11,3,2,6
S01009711,760,165,325,270,707,147,310,250,53,18,15,20,7,5,2,0,10,4,3,3,8,3,1,4,28,6,9,13
S01009712,593,48,269,276,548,44,235,269,45,4,34,7,6,1,5,0,10,1,9,0,9,0,9,0,20,2,11,7
S01009713,887,110,389,388,821,98,358,365,66,12,31,23,10,3,4,3,11,2,3,6,8,2,5,1,37,5,19,13
S01009714,915,86,452,377,836,79,406,351,79,7,46,26,11,1,8,2,17,3,8,6,16,0,10,6,35,3,20,12
S01009715,638,60,322,256,576,52,287,237,62,8,35,19,9,3,4,2,10,2,6,2,10,0,6,4,33,3,19,11
S01009716,726,134,339,253,620,104,297,219,106,30,42,34,33,14,10,9,37,11,15,11,10,2,1,7,26,3,16,7
S01009717,701,263,329,109,563,190,269,104,138,73,60,5,71,37,32,2,38,24,13,1,4,1,2,1,25,11,13,1
S01009718,731,208,363,160,625,164,321,140,106,44,42,20,30,13,16,1,31,16,9,6,24,7,7,10,21,8,10,3
S01009719,745,228,325,192,690,208,296,186,55,20,29,6,17,10,6,1,10,1,9,0,7,3,4,0,21,6,10,5
S01009720,797,261,379,157,669,210,319,140,128,51,60,17,38,21,14,3,54,20,25,9,21,7,13,1,15,3,8,4
S01009721,580,327,142,111,302,140,91,71,278,187,51,40,116,86,17,13,104,70,16,18,23,15,5,3,35,16,13,6
S01009722,831,444,266,121,549,251,202,96,282,193,64,25,125,98,20,7,91,70,16,5,28,12,13,3,38,13,15,10
S01009723,638,370,192,76,425,216,140,69,213,154,52,7,91,74,17,0,78,61,16,1,14,7,6,1,30,12,13,5
S01009724,959,466,363,130,720,306,302,112,239,160,61,18,97,78,15,4,88,60,23,5,22,12,7,3,32,10,16,6
S01009725,680,311,273,96,508,205,215,88,172,106,58,8,76,56,20,0,61,32,25,4,17,8,6,3,18,10,7,1
S01009726,557,258,180,119,364,135,128,101,193,123,52,18,79,60,18,1,79,49,23,7,10,3,4,3,25,11,7,7
S01009727,853,79,324,450,754,58,276,420,99,21,48,30,24,10,13,1,28,5,21,2,14,4,7,3,33,2,7,24
S01009728,727,66,330,331,635,48,278,309,92,18,52,22,18,10,8,0,18,3,11,4,20,1,15,4,36,4,18,14
S01009729,620,63,242,315,551,43,210,298,69,20,32,17,15,8,4,3,7,3,3,1,10,3,5,2,37,6,20,11
S01009730,522,116,272,134,438,90,227,121,84,26,45,13,23,5,15,3,23,10,10,3,14,6,8,0,24,5,12,7
S01009731,585,105,262,218,506,67,240,199,79,38,22,19,14,13,0,1,17,15,1,1,7,1,3,3,41,9,18,14
S01009732,798,275,343,180,604,168,271,165,194,107,72,15,74,46,27,1,60,38,20,2,22,13,8,1,38,10,17,11
S01009733,485,19,185,281,447,14,167,266,38,5,18,15,5,2,1,2,11,1,8,2,2,1,1,0,20,1,8,11
S01009734,875,54,319,502,770,37,264,469,105,17,55,33,24,9,13,2,16,5,10,1,22,0,17,5,43,3,15,25
S01009735,741,73,265,403,630,39,212,379,111,34,53,24,28,13,13,2,32,15,15,2,7,0,3,4,44,6,22,16
S01009736,710,326,261,123,482,190,185,107,228,136,76,16,111,71,34,6,73,48,22,3,7,3,3,1,37,14,17,6
S01009737,782,106,416,260,750,97,401,252,32,9,15,8,1,0,0,1,7,3,4,0,5,1,2,2,19,5,9,5
S01009738,420,69,209,142,393,64,195,134,27,5,14,8,3,1,2,0,6,2,3,1,5,1,2,2,13,1,7,5
S01009739,761,42,338,381,704,36,324,344,57,6,14,37,8,2,2,4,10,2,1,7,7,1,3,3,32,1,8,23
S01009740,541,127,274,140,498,115,257,126,43,12,17,14,3,0,0,3,3,1,1,1,12,1,7,4,25,10,9,6
S01009741,583,29,379,175,544,27,355,162,39,2,24,13,5,0,4,1,10,1,9,0,7,0,4,3,17,1,7,9
S01009742,495,28,125,342,469,28,122,319,26,0,3,23,2,0,0,2,3,0,0,3,1,0,1,0,20,0,2,18
S01009743,946,62,338,546,897,62,317,518,49,0,21,28,11,0,2,9,7,0,2,5,4,0,1,3,27,0,16,11
S01009744,698,39,215,444,669,39,208,422,29,0,7,22,2,0,0,2,4,0,0,4,5,0,2,3,18,0,5,13
S01009745,1078,59,403,616,1024,59,381,584,54,0,22,32,1,0,1,0,9,0,5,4,14,0,6,8,30,0,10,20
S01009746,557,12,149,396,528,12,136,380,29,0,13,16,6,0,6,0,2,0,2,0,4,0,1,3,17,0,4,13
S01009747,656,133,347,176,608,120,323,165,48,13,24,11,3,0,1,2,6,2,3,1,10,2,6,2,29,9,14,6
S01009748,703,84,304,315,648,79,279,290,55,5,25,25,9,0,8,1,6,2,3,1,2,0,0,2,38,3,14,21
S01009749,954,100,453,401,908,94,431,383,46,6,22,18,5,0,2,3,9,2,4,3,5,3,2,0,27,1,14,12
S01009750,679,129,272,278,641,122,261,258,38,7,11,20,2,0,2,0,4,2,1,1,7,0,4,3,25,5,4,16
S01009751,778,170,361,247,747,166,338,243,31,4,23,4,5,0,5,0,2,2,0,0,8,0,8,0,16,2,10,4
S01009752,596,21,214,361,549,19,196,334,47,2,18,27,2,0,0,2,0,0,0,0,8,0,3,5,37,2,15,20
S01009753,694,101,309,284,636,98,291,247,58,3,18,37,13,0,0,13,3,0,2,1,11,0,3,8,31,3,13,15
S01009754,804,109,336,359,753,99,319,335,51,10,17,24,5,0,4,1,8,3,4,1,5,1,1,3,33,6,8,19
S01009755,660,45,261,354,613,44,234,335,47,1,27,19,5,0,2,3,8,0,5,3,8,0,8,0,26,1,12,13
S01009756,740,49,271,420,697,48,247,402,43,1,24,18,3,0,2,1,6,0,6,0,7,0,6,1,27,1,10,16
S01009757,665,42,205,418,617,40,180,397,48,2,25,21,2,0,1,1,12,0,9,3,4,0,4,0,30,2,11,17
S01009758,547,51,266,230,521,50,251,220,26,1,15,10,1,0,0,1,2,0,2,0,1,1,0,0,22,0,13,9
S01009759,927,521,328,78,654,400,202,52,273,121,126,26,49,36,13,0,115,45,59,11,87,30,43,14,22,10,11,1
S01009760,893,464,335,94,755,399,271,85,138,65,64,9,19,9,9,1,60,29,27,4,39,15,23,1,20,12,5,3
S01009761,910,156,416,338,847,148,389,310,63,8,27,28,1,1,0,0,12,0,4,8,8,1,5,2,42,6,18,18
S01009762,921,493,355,73,719,420,251,48,202,73,104,25,36,12,20,4,84,29,46,9,70,27,33,10,12,5,5,2
S01009763,772,46,194,532,697,27,177,493,75,19,17,39,13,6,6,1,8,5,2,1,9,4,2,3,45,4,7,34
S01009764,674,226,266,182,625,218,247,160,49,8,19,22,3,1,1,1,4,0,3,1,8,1,2,5,34,6,13,15
S01009765,970,215,387,368,872,205,351,316,98,10,36,52,3,1,1,1,13,0,12,1,17,1,5,11,65,8,18,39
S01009766,563,97,242,224,534,82,232,220,29,15,10,4,11,11,0,0,5,2,3,0,3,0,2,1,10,2,5,3
S01009767,509,205,212,92,491,202,200,89,18,3,12,3,3,1,2,0,2,1,0,1,6,0,6,0,7,1,4,2
S01009768,610,254,197,159,568,242,186,140,42,12,11,19,7,3,0,4,7,0,4,3,15,5,5,5,13,4,2,7
S01009769,606,89,274,243,545,76,250,219,61,13,24,24,4,2,2,0,11,6,4,1,23,3,13,7,23,2,5,16
S01009770,711,49,339,323,594,40,290,264,117,9,49,59,11,0,11,0,14,1,11,2,19,3,3,13,73,5,24,44
S01009771,888,52,342,494,735,43,288,404,153,9,54,90,6,2,1,3,15,0,10,5,40,5,14,21,92,2,29,61
S01009772,635,111,277,247,598,108,259,231,37,3,18,16,1,1,0,0,2,1,0,1,13,1,11,1,21,0,7,14
S01009773,629,45,166,418,478,17,129,332,151,28,37,86,7,6,0,1,24,4,5,15,43,11,9,23,77,7,23,47
S01009774,563,23,129,411,460,15,110,335,103,8,19,76,7,0,1,6,6,1,2,3,30,4,6,20,60,3,10,47
S01009775,797,406,294,97,756,385,277,94,41,21,17,3,16,8,8,0,10,8,2,0,6,2,4,0,9,3,3,3
S01009776,659,409,202,48,644,405,192,47,15,4,10,1,5,0,5,0,0,0,0,0,4,4,0,0,6,0,5,1
S01009777,482,282,148,52,443,253,140,50,39,29,8,2,6,5,1,0,8,5,2,1,12,11,1,0,13,8,4,1
S01009778,822,438,267,117,781,417,255,109,41,21,12,8,10,7,3,0,3,0,3,0,14,5,5,4,14,9,1,4
S01009779,551,350,138,63,525,333,135,57,26,17,3,6,5,3,0,2,2,2,0,0,7,5,2,0,12,7,1,4
S01009780,608,316,238,54,544,282,209,53,64,34,29,1,10,5,5,0,17,4,13,0,21,13,8,0,16,12,3,1
S01009781,548,245,220,83,534,239,212,83,14,6,8,0,0,0,0,0,2,2,0,0,7,1,6,0,5,3,2,0
S01009782,556,158,246,152,504,147,220,137,52,11,26,15,10,5,3,2,8,2,5,1,13,2,7,4,21,2,11,8
S01009783,741,287,314,140,713,276,299,138,28,11,15,2,5,2,3,0,5,5,0,0,7,3,4,0,11,1,8,2
S01009784,749,358,275,116,722,345,264,113,27,13,11,3,6,1,5,0,2,2,0,0,9,7,1,1,10,3,5,2
S01009785,801,385,300,116,764,371,282,111,37,14,18,5,6,6,0,0,7,3,4,0,9,0,8,1,15,5,6,4
S01009786,925,551,305,69,876,525,284,67,49,26,21,2,3,2,1,0,8,5,3,0,28,14,13,1,10,5,4,1
S01009787,867,479,269,119,848,467,267,114,19,12,2,5,3,3,0,0,0,0,0,0,9,6,0,3,7,3,2,2
S01009788,832,291,368,173,815,283,363,169,17,8,5,4,1,1,0,0,3,1,1,1,2,1,0,1,11,5,4,2
S01009789,896,339,340,217,852,321,323,208,44,18,17,9,3,2,1,0,12,5,7,0,9,1,6,2,20,10,3,7
S01009790,629,174,289,166,604,165,277,162,25,9,12,4,0,0,0,0,6,2,4,0,5,2,1,2,14,5,7,2
S01009791,661,317,253,91,631,296,248,87,30,21,5,4,0,0,0,0,9,9,0,0,5,1,2,2,16,11,3,2
S01009792,958,55,239,664,832,34,207,591,126,21,32,73,23,15,3,5,6,0,4,2,27,4,10,13,70,2,15,53
S01009793,885,139,413,333,838,131,394,313,47,8,19,20,9,1,3,5,2,1,1,0,11,2,6,3,25,4,9,12
S01009794,516,23,207,286,492,17,198,277,24,6,9,9,6,2,4,0,1,1,0,0,6,0,2,4,11,3,3,5
S01009795,842,41,245,556,803,38,233,532,39,3,12,24,1,0,1,0,4,3,0,1,12,0,3,9,22,0,8,14
S01009796,768,81,270,417,699,75,253,371,69,6,17,46,6,1,2,3,8,3,5,0,7,1,2,4,48,1,8,39
S01009797,776,57,311,408,701,53,278,370,75,4,33,38,5,3,2,0,4,0,2,2,24,0,12,12,42,1,17,24
S01009798,722,41,261,420,694,37,260,397,28,4,1,23,4,1,1,2,1,1,0,0,3,0,0,3,20,2,0,18
S01009799,834,442,279,113,797,433,258,106,37,9,21,7,4,0,4,0,9,0,9,0,8,2,5,1,16,7,3,6
S01009800,1107,472,445,190,1059,460,425,174,48,12,20,16,2,1,1,0,12,3,5,4,20,4,10,6,14,4,4,6
S01009801,894,388,341,165,855,369,329,157,39,19,12,8,1,0,0,1,5,4,1,0,17,6,5,6,16,9,6,1
S01009802,1022,392,374,256,968,384,341,243,54,8,33,13,2,2,0,0,12,2,8,2,25,1,17,7,15,3,8,4
S01009803,801,368,301,132,757,347,282,128,44,21,19,4,11,6,4,1,7,1,6,0,6,2,4,0,20,12,5,3
S01009804,385,73,169,143,365,66,162,137,20,7,7,6,2,0,2,0,2,0,1,1,9,3,3,3,7,4,1,2
S01009805,956,393,376,187,897,367,348,182,59,26,28,5,6,5,1,0,16,9,6,1,22,9,13,0,15,3,8,4
S01009806,828,349,354,125,770,323,327,120,58,26,27,5,11,8,2,1,9,4,5,0,15,5,8,2,23,9,12,2
S01009807,1008,427,430,151,914,372,393,149,94,55,37,2,15,9,6,0,25,12,11,2,23,14,9,0,31,20,11,0
S01009808,889,538,250,101,669,376,199,94,220,162,51,7,34,26,5,3,67,55,9,3,95,65,29,1,24,16,8,0
S01009809,685,272,282,131,653,261,268,124,32,11,14,7,0,0,0,0,10,1,7,2,15,9,3,3,7,1,4,2
S01009810,855,480,305,70,800,456,278,66,55,24,27,4,11,1,10,0,10,5,3,2,11,6,3,2,23,12,11,0
S01009811,1048,438,398,212,1020,426,388,206,28,12,10,6,2,0,1,1,5,2,0,3,9,4,5,0,12,6,4,2
S01009812,744,309,312,123,721,298,302,121,23,11,10,2,4,2,2,0,5,4,1,0,5,1,4,0,9,4,3,2
S01009813,769,439,254,76,586,351,172,63,183,88,82,13,28,8,20,0,61,41,19,1,67,24,37,6,27,15,6,6
S01009814,840,246,349,245,789,219,340,230,51,27,9,15,15,10,1,4,6,5,0,1,8,7,0,1,22,5,8,9
S01009815,710,252,334,124,693,249,320,124,17,3,14,0,3,0,3,0,0,0,0,0,5,0,5,0,9,3,6,0
S01009816,705,192,338,175,673,182,330,161,32,10,8,14,5,3,1,1,2,0,1,1,5,0,2,3,20,7,4,9
S01009817,690,209,296,185,675,205,286,184,15,4,10,1,0,0,0,0,1,1,0,0,2,0,2,0,12,3,8,1
S01009818,926,153,421,352,891,145,401,345,35,8,20,7,5,1,1,3,6,2,4,0,8,1,7,0,16,4,8,4
S01009819,619,166,292,161,602,162,289,151,17,4,3,10,0,0,0,0,0,0,0,0,0,0,0,0,17,4,3,10
S01009820,958,290,424,244,922,269,412,241,36,21,12,3,16,15,0,1,1,0,0,1,9,5,4,0,10,1,8,1
S01009821,662,137,285,240,628,133,266,229,34,4,19,11,3,0,3,0,4,2,1,1,2,0,2,0,25,2,13,10
S01009822,479,138,215,126,444,128,200,116,35,10,15,10,5,3,2,0,8,1,5,2,16,3,5,8,6,3,3,0
S01009823,680,311,287,82,642,292,272,78,38,19,15,4,7,7,0,0,5,0,4,1,9,4,5,0,17,8,6,3
S01009824,893,300,369,224,828,284,348,196,65,16,21,28,5,3,0,2,11,1,5,5,31,7,6,18,18,5,10,3
S01009825,1006,407,405,194,955,394,381,180,51,13,24,14,6,0,3,3,9,3,4,2,17,3,13,1,19,7,4,8
S01009826,582,243,241,98,554,238,224,92,28,5,17,6,0,0,0,0,8,0,8,0,7,3,2,2,13,2,7,4
S01009827,854,344,389,121,822,336,372,114,32,8,17,7,4,1,0,3,5,2,3,0,4,1,2,1,19,4,12,3
S01009828,767,471,206,90,723,446,196,81,44,25,10,9,10,7,2,1,7,4,1,2,10,4,3,3,17,10,4,3
S01009829,967,393,439,135,892,360,399,133,75,33,40,2,21,15,6,0,20,5,15,0,14,8,6,0,20,5,13,2
S01009830,770,311,287,172,737,298,272,167,33,13,15,5,2,0,2,0,8,3,4,1,10,5,5,0,13,5,4,4
S01009831,779,224,402,153,748,219,381,148,31,5,21,5,7,1,5,1,3,0,1,2,9,1,8,0,12,3,7,2
S01009832,1003,309,460,234,933,284,424,225,70,25,36,9,8,6,1,1,22,7,14,1,12,2,8,2,28,10,13,5
S01009833,525,118,244,163,488,107,225,156,37,11,19,7,10,4,3,3,5,1,4,0,14,4,7,3,8,2,5,1
S01009834,841,325,317,199,787,312,297,178,54,13,20,21,7,2,0,5,13,1,10,2,17,7,5,5,17,3,5,9
S01009835,526,266,200,60,513,259,196,58,13,7,4,2,3,3,0,0,4,2,0,2,4,0,4,0,2,2,0,0
S01009836,951,268,462,221,910,265,440,205,41,3,22,16,2,0,2,0,9,0,2,7,12,0,11,1,18,3,7,8
S01009837,652,337,222,93,629,325,214,90,23,12,8,3,2,0,2,0,7,6,1,0,2,2,0,0,12,4,5,3
S01009838,757,392,287,78,693,359,256,78,64,33,31,0,6,1,5,0,10,5,5,0,29,17,12,0,19,10,9,0
S01009839,974,635,275,64,884,593,243,48,90,42,32,16,21,4,10,7,19,8,8,3,29,15,9,5,21,15,5,1
S01009840,965,402,382,181,945,392,374,179,20,10,8,2,2,2,0,0,3,1,2,0,1,0,1,0,14,7,5,2
S01009841,759,466,221,72,544,351,145,48,215,115,76,24,30,15,13,2,103,60,36,7,61,30,24,7,21,10,3,8
S01009842,662,398,193,71,498,307,130,61,164,91,63,10,35,26,8,1,60,28,31,1,47,28,17,2,22,9,7,6
S01009843,640,403,193,44,560,369,154,37,80,34,39,7,2,0,2,0,40,17,19,4,29,13,14,2,9,4,4,1
S01009844,573,441,122,10,440,365,70,5,133,76,52,5,37,24,12,1,47,22,24,1,27,12,14,1,22,18,2,2
S01009845,744,538,180,26,479,370,96,13,265,168,84,13,45,35,8,2,131,72,51,8,60,40,17,3,29,21,8,0
S01009846,862,466,304,92,718,376,257,85,144,90,47,7,23,14,9,0,51,34,16,1,37,24,12,1,33,18,10,5
S01009847,582,307,236,39,494,259,201,34,88,48,35,5,23,15,8,0,38,16,20,2,23,15,6,2,4,2,1,1
S01009848,866,377,398,91,815,354,380,81,51,23,18,10,10,10,0,0,13,6,6,1,16,2,9,5,12,5,3,4
S01009849,734,463,208,63,698,445,192,61,36,18,16,2,8,8,0,0,10,3,7,0,6,3,3,0,12,4,6,2
S01009850,879,396,342,141,839,377,326,136,40,19,16,5,4,3,1,0,3,3,0,0,13,7,5,1,20,6,10,4
S01009851,824,418,295,111,797,411,279,107,27,7,16,4,2,1,1,0,6,1,5,0,4,1,1,2,15,4,9,2
S01009852,599,163,287,149,562,154,264,144,37,9,23,5,3,1,2,0,3,2,1,0,13,1,12,0,18,5,8,5
S01009853,876,282,406,188,839,274,391,174,37,8,15,14,5,2,3,0,5,0,2,3,7,1,4,2,20,5,6,9
S01009854,896,280,410,206,843,267,384,192,53,13,26,14,10,6,4,0,13,2,6,5,14,1,8,5,16,4,8,4
S01009855,572,133,270,169,544,126,262,156,28,7,8,13,5,5,0,0,1,0,0,1,6,1,5,0,16,1,3,12
S01009856,635,234,244,157,583,225,221,137,52,9,23,20,9,3,5,1,6,1,5,0,14,2,8,4,23,3,5,15
S01009857,907,214,456,237,864,204,428,232,43,10,28,5,3,1,1,1,4,2,2,0,16,3,13,0,20,4,12,4
S01009858,746,236,318,192,708,223,296,189,38,13,22,3,3,0,3,0,5,2,3,0,8,1,7,0,22,10,9,3
S01009859,1038,655,322,61,934,581,295,58,104,74,27,3,18,13,5,0,27,22,4,1,26,20,6,0,33,19,12,2
S01009860,920,627,239,54,833,567,218,48,87,60,21,6,22,21,1,0,16,8,5,3,23,14,9,0,26,17,6,3
S01009861,1024,653,308,63,850,540,257,53,174,113,51,10,25,19,6,0,53,37,15,1,47,35,11,1,49,22,19,8
S01009862,1007,637,305,65,794,502,246,46,213,135,59,19,46,29,16,1,53,27,18,8,67,52,14,1,47,27,11,9
S01009863,790,500,252,38,540,336,176,28,250,164,76,10,52,44,8,0,86,59,25,2,60,34,23,3,52,27,20,5
S01009864,594,334,213,47,506,286,185,35,88,48,28,12,29,20,7,2,18,12,6,0,19,8,9,2,22,8,6,8
S01009865,448,214,192,42,367,175,160,32,81,39,32,10,20,15,5,0,21,11,10,0,9,6,3,0,31,7,14,10
S01009866,882,334,430,118,751,289,353,109,131,45,77,9,10,4,5,1,41,12,27,2,28,10,17,1,52,19,28,5
S01009867,994,349,462,183,816,269,387,160,178,80,75,23,46,24,17,5,33,21,10,2,49,17,25,7,50,18,23,9
S01009868,644,248,283,113,461,151,222,88,183,97,61,25,47,36,10,1,58,39,12,7,42,18,20,4,36,4,19,13
S01009869,530,265,200,65,337,152,138,47,193,113,62,18,52,40,9,3,54,38,14,2,31,18,8,5,56,17,31,8
S01009870,599,289,236,74,439,206,179,54,160,83,57,20,38,24,12,2,25,17,6,2,31,16,14,1,66,26,25,15
S01009871,984,456,390,138,794,369,307,118,190,87,83,20,36,27,9,0,45,19,24,2,44,13,28,3,65,28,22,15
S01009872,724,381,262,81,524,289,178,57,200,92,84,24,51,36,13,2,29,17,11,1,41,11,26,4,79,28,34,17
S01009873,913,298,269,346,775,267,223,285,138,31,46,61,12,2,5,5,21,9,7,5,19,6,12,1,86,14,22,50
S01009874,1044,283,393,368,923,255,345,323,121,28,48,45,15,6,8,1,18,7,10,1,20,6,8,6,68,9,22,37
S01009875,707,308,308,91,448,217,171,60,259,91,137,31,36,14,18,4,51,15,34,2,87,31,40,16,85,31,45,9
S01009876,729,455,209,65,469,291,139,39,260,164,70,26,50,43,4,3,59,43,15,1,95,52,32,11,56,26,19,11
S01009877,876,104,334,438,702,85,269,348,174,19,65,90,12,5,5,2,15,1,3,11,27,4,15,8,120,9,42,69
S01009878,705,188,293,224,435,111,196,128,270,77,97,96,35,10,11,14,41,18,17,6,57,23,20,14,137,26,49,62
S01009879,892,45,299,548,758,36,256,466,134,9,43,82,18,1,6,11,6,0,2,4,21,1,7,13,89,7,28,54
S01009880,788,75,328,385,561,47,245,269,227,28,83,116,12,5,4,3,15,3,9,3,26,1,15,10,174,19,55,100
S01009881,528,164,221,143,325,99,139,87,203,65,82,56,29,14,10,5,31,9,13,9,41,15,22,4,102,27,37,38
S01009882,1089,368,566,155,803,262,403,138,286,106,163,17,69,33,35,1,72,37,34,1,86,24,56,6,59,12,38,9
S01009883,824,283,395,146,451,115,235,101,373,168,160,45,76,44,31,1,80,60,19,1,70,32,29,9,147,32,81,34
S01009884,815,292,382,141,574,188,284,102,241,104,98,39,27,13,12,2,46,26,16,4,45,28,16,1,123,37,54,32
S01009885,870,167,435,268,588,101,299,188,282,66,136,80,35,8,19,8,20,11,8,1,53,20,24,9,174,27,85,62
S01009886,813,241,288,284,593,173,207,213,220,68,81,71,28,18,7,3,23,9,10,4,34,21,5,8,135,20,59,56
S01009887,976,586,350,40,568,329,209,30,408,257,141,10,113,80,32,1,120,72,46,2,74,41,33,0,101,64,30,7
S01009888,719,295,318,106,391,162,158,71,328,133,160,35,67,29,37,1,72,35,35,2,66,28,29,9,123,41,59,23
S01009889,805,371,335,99,529,247,223,59,276,124,112,40,45,27,16,2,72,57,9,6,49,11,28,10,110,29,59,22
S01009890,535,318,201,16,394,254,124,16,141,64,77,0,21,12,9,0,51,15,36,0,29,16,13,0,40,21,19,0
S01009891,733,403,296,34,561,328,211,22,172,75,85,12,33,19,14,0,60,16,37,7,33,15,13,5,46,25,21,0
S01009892,781,507,235,39,567,369,168,30,214,138,67,9,49,39,9,1,61,34,25,2,52,36,14,2,52,29,19,4
S01009893,837,470,276,91,536,287,190,59,301,183,86,32,55,38,13,4,102,75,19,8,53,39,11,3,91,31,43,17
S01009894,823,542,223,58,653,439,169,45,170,103,54,13,27,19,7,1,45,32,9,4,41,20,17,4,57,32,21,4
S01009895,717,441,240,36,521,340,158,23,196,101,82,13,35,25,8,2,32,11,21,0,56,26,26,4,73,39,27,7
S01009896,959,492,351,116,738,383,263,92,221,109,88,24,34,26,7,1,67,39,27,1,43,12,23,8,77,32,31,14
S01009897,940,404,407,129,751,300,339,112,189,104,68,17,35,28,7,0,25,17,8,0,35,22,9,4,94,37,44,13
S01009898,611,270,240,101,465,209,183,73,146,61,57,28,37,25,10,2,18,4,11,3,34,12,12,10,57,20,24,13
S01009899,776,334,365,77,705,304,332,69,71,30,33,8,4,4,0,0,21,10,11,0,18,3,13,2,28,13,9,6
S01009900,829,274,457,98,764,248,427,89,65,26,30,9,12,5,6,1,9,4,3,2,21,7,13,1,23,10,8,5
S01009901,864,244,460,160,775,214,422,139,89,30,38,21,7,2,3,2,13,5,6,2,18,8,9,1,51,15,20,16
S01009902,908,397,374,137,788,361,318,109,120,36,56,28,16,4,11,1,17,8,9,0,20,4,14,2,67,20,22,25
S01009903,813,155,382,276,607,105,305,197,206,50,77,79,16,8,5,3,35,23,7,5,32,10,11,11,123,9,54,60
S01009904,784,299,371,114,681,257,330,94,103,42,41,20,11,8,2,1,18,7,11,0,22,11,10,1,52,16,18,18
S01009905,749,410,268,71,504,252,215,37,245,158,53,34,88,70,4,14,64,37,16,11,39,23,11,5,54,28,22,4
S01009906,667,364,257,46,467,237,195,35,200,127,62,11,51,42,9,0,42,37,5,0,57,25,28,4,50,23,20,7
S01009907,779,492,269,18,532,321,203,8,247,171,66,10,73,50,20,3,74,48,21,5,50,36,13,1,50,37,12,1
S01009908,1027,270,506,251,868,207,451,210,159,63,55,41,30,22,4,4,40,18,14,8,21,8,10,3,68,15,27,26
S01009909,821,353,371,97,679,280,309,90,142,73,62,7,35,28,7,0,27,16,11,0,36,18,17,1,44,11,27,6
S01009910,532,231,236,65,405,178,180,47,127,53,56,18,25,11,10,4,29,14,15,0,22,9,10,3,51,19,21,11
S01009911,945,157,492,296,845,131,450,264,100,26,42,32,13,9,3,1,10,6,3,1,11,3,5,3,66,8,31,27
S01009912,873,98,340,435,721,73,287,361,152,25,53,74,10,2,3,5,18,6,7,5,22,4,12,6,102,13,31,58
S01009913,719,24,215,480,557,17,180,360,162,7,35,120,7,2,1,4,6,1,2,3,20,0,2,18,129,4,30,95
S01009914,978,79,357,542,859,65,321,473,119,14,36,69,6,3,1,2,9,3,3,3,10,2,6,2,94,6,26,62
S01009915,861,106,419,336,754,86,378,290,107,20,41,46,9,2,4,3,6,4,1,1,12,3,5,4,80,11,31,38
S01009916,985,82,344,559,745,65,278,402,240,17,66,157,7,2,2,3,24,2,9,13,18,4,2,12,191,9,53,129
S01009917,709,99,383,227,626,85,346,195,83,14,37,32,12,5,6,1,8,2,2,4,15,4,9,2,48,3,20,25
S01009918,709,82,355,272,645,77,327,241,64,5,28,31,7,0,2,5,10,3,5,2,7,1,4,2,40,1,17,22
S01009919,1099,505,513,81,896,423,401,72,203,82,112,9,43,24,19,0,71,32,37,2,47,15,30,2,42,11,26,5
S01009920,831,291,432,108,740,266,381,93,91,25,51,15,14,4,10,0,15,4,10,1,16,1,11,4,46,16,20,10
S01009921,627,253,301,73,539,203,270,66,88,50,31,7,18,14,2,2,20,12,8,0,24,9,15,0,26,15,6,5
S01009922,1016,341,498,177,904,292,454,158,112,49,44,19,24,15,5,4,27,17,7,3,24,5,17,2,37,12,15,10
S01009923,855,334,411,110,761,296,376,89,94,38,35,21,7,7,0,0,16,6,8,2,17,9,3,5,54,16,24,14
S01009924,1007,411,435,161,863,348,379,136,144,63,56,25,25,17,7,1,31,16,13,2,25,14,7,4,63,16,29,18
S01009925,658,290,278,90,569,247,246,76,89,43,32,14,21,17,4,0,14,8,5,1,18,7,7,4,36,11,16,9
S01009926,773,286,344,143,667,246,299,122,106,40,45,21,11,4,3,4,22,10,10,2,22,11,9,2,51,15,23,13
S01009927,511,147,252,112,455,134,222,99,56,13,30,13,9,2,3,4,16,4,7,5,10,2,7,1,21,5,13,3
S01009928,797,83,468,246,745,79,433,233,52,4,35,13,5,0,3,2,7,3,4,0,10,0,8,2,30,1,20,9
S01009929,499,112,241,146,436,83,220,133,63,29,21,13,3,1,0,2,10,6,3,1,19,8,6,5,31,14,12,5
S01009930,850,285,419,146,746,248,365,133,104,37,54,13,12,5,5,2,15,2,11,2,21,7,12,2,56,23,26,7
S01009931,751,213,388,150,698,204,351,143,53,9,37,7,5,3,0,2,9,0,8,1,10,2,8,0,29,4,21,4
S01009932,619,170,358,91,556,155,316,85,63,15,42,6,4,2,2,0,16,5,11,0,23,4,16,3,20,4,13,3
S01009933,909,506,341,62,680,413,221,46,229,93,120,16,24,15,8,1,82,28,46,8,73,24,45,4,50,26,21,3
S01009934,924,223,485,216,795,166,438,191,129,57,47,25,21,12,5,4,26,16,7,3,48,20,24,4,34,9,11,14
S01009935,544,374,145,25,513,356,133,24,31,18,12,1,4,2,2,0,9,3,6,0,9,6,3,0,9,7,1,1
S01009936,627,293,233,101,537,257,199,81,90,36,34,20,12,7,4,1,12,4,8,0,32,17,13,2,34,8,9,17
S01009937,531,375,103,53,358,236,70,52,173,139,33,1,37,37,0,0,35,28,7,0,67,53,14,0,34,21,12,1
S01009938,938,493,333,112,859,450,303,106,79,43,30,6,3,3,0,0,15,8,7,0,18,12,4,2,43,20,19,4
S01009939,901,758,120,23,617,513,88,16,284,245,32,7,70,65,5,0,89,79,5,5,87,69,17,1,38,32,5,1
S01009940,837,475,281,81,821,465,276,80,16,10,5,1,2,0,2,0,4,3,0,1,4,2,2,0,6,5,1,0
S01009941,1033,102,459,472,832,68,376,388,201,34,83,84,6,3,3,0,27,12,10,5,34,4,19,11,134,15,51,68
S01009942,1022,545,363,114,938,486,344,108,84,59,19,6,11,10,1,0,19,11,8,0,26,19,5,2,28,19,5,4
S01009943,841,454,321,66,787,425,300,62,54,29,21,4,3,3,0,0,19,12,7,0,19,9,8,2,13,5,6,2
S01009944,799,244,389,166,727,228,350,149,72,16,39,17,7,2,5,0,11,4,6,1,19,5,8,6,35,5,20,10
S01009945,963,436,432,95,884,388,406,90,79,48,26,5,21,16,5,0,4,2,2,0,26,14,10,2,28,16,9,3
S01009946,815,200,443,172,743,178,403,162,72,22,40,10,14,11,3,0,13,2,11,0,14,6,5,3,31,3,21,7
S01009947,567,180,254,133,520,157,235,128,47,23,19,5,7,5,2,0,2,1,0,1,14,5,9,0,24,12,8,4
S01009948,812,421,300,91,697,347,266,84,115,74,34,7,20,12,8,0,9,6,3,0,58,42,15,1,28,14,8,6
S01009949,821,299,357,165,746,272,322,152,75,27,35,13,9,7,0,2,12,5,6,1,22,5,9,8,32,10,20,2
S01009950,727,30,177,520,642,21,160,461,85,9,17,59,12,4,0,8,2,0,1,1,17,3,6,8,54,2,10,42
S01009951,769,33,194,542,700,29,183,488,69,4,11,54,5,1,1,3,4,0,0,4,4,2,0,2,56,1,10,45
S01009952,733,110,321,302,685,102,300,283,48,8,21,19,8,1,5,2,3,0,3,0,7,3,2,2,30,4,11,15
S01009953,889,96,359,434,812,86,328,398,77,10,31,36,2,0,2,0,11,4,5,2,10,3,3,4,54,3,21,30
S01009954,632,60,193,379,528,46,171,311,104,14,22,68,7,4,0,3,16,4,7,5,14,1,3,10,67,5,12,50
S01009955,948,223,367,358,874,216,340,318,74,7,27,40,4,0,3,1,2,0,1,1,7,0,4,3,61,7,19,35
S01009956,750,227,319,204,683,206,294,183,67,21,25,21,3,3,0,0,16,5,7,4,11,2,4,5,37,11,14,12
S01009957,760,65,254,441,718,62,237,419,42,3,17,22,0,0,0,0,4,0,4,0,3,2,1,0,35,1,12,22
S01009958,915,87,433,395,863,83,408,372,52,4,25,23,0,0,0,0,7,0,4,3,7,1,5,1,38,3,16,19
S01009959,657,57,212,388,614,43,201,370,43,14,11,18,7,3,2,2,1,1,0,0,5,3,1,1,30,7,8,15
S01009960,902,172,322,408,838,161,307,370,64,11,15,38,2,2,0,0,8,3,3,2,10,3,2,5,44,3,10,31
S01009961,674,179,271,224,642,165,258,219,32,14,13,5,1,0,0,1,3,2,0,1,6,4,2,0,22,8,11,3
S01009962,991,334,459,198,940,312,437,191,51,22,22,7,7,4,3,0,11,7,4,0,9,3,6,0,24,8,9,7
S01009963,802,71,386,345,762,65,365,332,40,6,21,13,9,2,3,4,2,0,1,1,2,2,0,0,27,2,17,8
S01009964,925,148,402,375,849,135,375,339,76,13,27,36,7,4,3,0,5,3,1,1,18,1,8,9,46,5,15,26
S01009965,718,84,292,342,678,81,280,317,40,3,12,25,0,0,0,0,5,0,0,5,1,0,0,1,34,3,12,19
S01009966,776,68,378,330,741,61,363,317,35,7,15,13,4,0,2,2,2,1,1,0,6,5,1,0,23,1,11,11
S01009967,801,111,350,340,769,105,339,325,32,6,11,15,4,4,0,0,1,0,0,1,1,0,1,0,26,2,10,14
S01009968,608,88,285,235,576,77,274,225,32,11,11,10,1,1,0,0,1,1,0,0,3,0,2,1,27,9,9,9
S01009969,857,96,221,540,825,88,211,526,32,8,10,14,4,4,0,0,5,3,2,0,1,0,0,1,22,1,8,13
S01009970,946,573,309,64,889,553,276,60,57,20,33,4,11,2,9,0,15,3,9,3,12,5,7,0,19,10,8,1
S01009971,1093,475,400,218,1047,465,377,205,46,10,23,13,3,3,0,0,14,1,8,5,11,2,9,0,18,4,6,8
S01009972,814,203,315,296,772,197,288,287,42,6,27,9,4,3,1,0,8,0,5,3,14,2,11,1,16,1,10,5
S01009973,725,223,281,221,707,216,276,215,18,7,5,6,0,0,0,0,4,4,0,0,2,1,0,1,12,2,5,5
S01009974,615,388,177,50,601,380,171,50,14,8,6,0,0,0,0,0,2,1,1,0,5,4,1,0,7,3,4,0
S01009975,800,502,245,53,786,491,242,53,14,11,3,0,0,0,0,0,7,4,3,0,0,0,0,0,7,7,0,0
S01009976,490,293,150,47,483,290,146,47,7,3,4,0,2,0,2,0,0,0,0,0,3,2,1,0,2,1,1,0
S01009977,926,633,238,55,904,616,233,55,22,17,5,0,2,1,1,0,11,8,3,0,3,3,0,0,6,5,1,0
S01009978,1019,561,365,93,957,537,336,84,62,24,29,9,12,6,5,1,23,9,9,5,19,4,12,3,8,5,3,0
S01009979,481,270,168,43,470,267,164,39,11,3,4,4,1,1,0,0,1,1,0,0,5,0,3,2,4,1,1,2
S01009980,567,346,188,33,550,336,181,33,17,10,7,0,5,2,3,0,0,0,0,0,2,1,1,0,10,7,3,0
S01009981,694,392,252,50,677,386,250,41,17,6,2,9,1,1,0,0,3,0,1,2,8,3,0,5,5,2,1,2
S01009982,1030,403,427,200,964,387,388,189,66,16,39,11,7,4,3,0,11,5,6,0,20,4,16,0,28,3,14,11
S01009983,579,407,148,24,453,335,107,11,126,72,41,13,31,20,8,3,39,20,13,6,39,21,14,4,17,11,6,0
S01009984,750,316,324,110,678,268,304,106,72,48,20,4,12,10,2,0,25,17,8,0,25,16,9,0,10,5,1,4
S01009985,611,408,154,49,554,368,137,49,57,40,17,0,8,5,3,0,12,5,7,0,21,16,5,0,16,14,2,0
S01009986,552,353,145,54,534,346,143,45,18,7,2,9,12,4,0,8,0,0,0,0,0,0,0,0,6,3,2,1
S01009987,880,477,308,95,829,450,292,87,51,27,16,8,6,4,2,0,11,6,1,4,8,2,3,3,26,15,10,1
S01009988,497,328,150,19,474,313,143,18,23,15,7,1,0,0,0,0,6,6,0,0,7,4,3,0,10,5,4,1
S01009989,803,303,326,174,762,279,314,169,41,24,12,5,3,3,0,0,3,2,0,1,10,5,3,2,25,14,9,2
S01009990,673,217,330,126,646,210,316,120,27,7,14,6,1,1,0,0,2,0,0,2,7,0,6,1,17,6,8,3
S01009991,800,211,432,157,758,201,411,146,42,10,21,11,7,6,0,1,1,0,1,0,11,0,4,7,23,4,16,3
S01009992,695,393,235,67,668,374,231,63,27,19,4,4,5,3,2,0,2,2,0,0,4,1,0,3,16,13,2,1
S01009993,826,168,497,161,790,155,477,158,36,13,20,3,5,4,1,0,11,2,9,0,4,3,1,0,16,4,9,3
S01009994,725,198,366,161,703,195,349,159,22,3,17,2,3,1,2,0,13,1,12,0,1,0,1,0,5,1,2,2
S01009995,653,205,314,134,606,188,291,127,47,17,23,7,8,6,1,1,13,5,8,0,13,3,9,1,13,3,5,5
S01009996,744,268,295,181,704,254,290,160,40,14,5,21,12,4,1,7,10,5,2,3,11,4,2,5,7,1,0,6
S01009997,575,182,277,116,541,171,256,114,34,11,21,2,6,3,3,0,3,2,1,0,11,2,9,0,14,4,8,2
S01009998,634,80,232,322,575,70,213,292,59,10,19,30,5,2,0,3,5,1,0,4,9,4,3,2,40,3,16,21
S01009999,733,100,360,273,702,89,351,262,31,11,9,11,0,0,0,0,3,0,2,1,6,3,1,2,22,8,6,8
S01010000,616,216,295,105,581,209,274,98,35,7,21,7,2,0,0,2,7,3,3,1,9,0,7,2,17,4,11,2
S01010001,798,231,385,182,731,215,348,168,67,16,37,14,7,4,3,0,14,3,10,1,14,3,4,7,32,6,20,6
S01010002,779,246,385,148,686,226,329,131,93,20,56,17,13,3,9,1,20,3,11,6,9,4,5,0,51,10,31,10
S01010003,712,111,337,264,687,107,325,255,25,4,12,9,0,0,0,0,1,0,1,0,3,0,2,1,21,4,9,8
S01010004,730,86,300,344,678,72,287,319,52,14,13,25,5,2,1,2,1,0,0,1,9,3,3,3,37,9,9,19
S01010005,748,362,282,104,700,333,269,98,48,29,13,6,10,7,3,0,6,3,1,2,8,6,1,1,24,13,8,3
S01010006,874,424,377,73,786,365,351,70,88,59,26,3,19,17,2,0,12,8,3,1,17,11,6,0,40,23,15,2
S01010007,959,157,411,391,905,139,391,375,54,18,20,16,9,8,0,1,3,0,3,0,5,2,1,2,37,8,16,13
S01010008,618,194,352,72,575,184,323,68,43,10,29,4,9,2,6,1,4,1,3,0,9,4,5,0,21,3,15,3
S01010009,555,259,248,48,504,239,220,45,51,20,28,3,8,1,7,0,11,4,5,2,12,8,4,0,20,7,12,1
S01010010,1043,138,469,436,978,122,445,411,65,16,24,25,12,8,3,1,3,1,2,0,9,2,4,3,41,5,15,21
S01010011,730,375,276,79,679,352,261,66,51,23,15,13,5,1,3,1,4,3,1,0,18,9,7,2,24,10,4,10
S01010012,843,180,442,221,764,168,390,206,79,12,52,15,7,1,6,0,10,1,7,2,9,2,4,3,53,8,35,10
S01010013,781,304,292,185,733,289,282,162,48,15,10,23,3,2,0,1,16,8,3,5,5,0,2,3,24,5,5,14
S01010014,1003,331,446,226,879,281,412,186,124,50,34,40,7,5,1,1,20,11,6,3,30,10,9,11,67,24,18,25
S01010015,790,301,352,137,696,257,314,125,94,44,38,12,20,17,2,1,16,7,8,1,18,10,5,3,40,10,23,7
S01010016,723,244,332,147,665,224,306,135,58,20,26,12,3,0,3,0,16,5,4,7,6,1,3,2,33,14,16,3
S01010017,748,434,259,55,709,415,242,52,39,19,17,3,0,0,0,0,10,5,4,1,14,3,10,1,15,11,3,1
S01010018,945,516,328,101,846,462,290,94,99,54,38,7,12,8,4,0,25,17,8,0,17,5,10,2,45,24,16,5
S01010019,725,516,184,25,658,481,156,21,67,35,28,4,3,2,0,1,21,8,13,0,16,6,9,1,27,19,6,2
S01010020,742,270,325,147,684,245,298,141,58,25,27,6,8,5,3,0,3,2,1,0,6,0,6,0,41,18,17,6
S01010021,806,589,176,41,581,429,120,32,225,160,56,9,29,26,3,0,54,43,11,0,99,66,28,5,43,25,14,4
S01010022,956,499,351,106,844,445,308,91,112,54,43,15,29,15,7,7,20,10,10,0,36,15,15,6,27,14,11,2
S01010023,640,480,148,12,595,446,137,12,45,34,11,0,1,1,0,0,4,4,0,0,16,9,7,0,24,20,4,0
S01010024,718,355,298,65,624,310,258,56,94,45,40,9,15,12,2,1,14,6,5,3,30,12,15,3,35,15,18,2
S01010025,534,368,142,24,424,301,104,19,110,67,38,5,12,8,4,0,33,20,13,0,46,31,15,0,19,8,6,5
S01010026,876,495,315,66,736,417,263,56,140,78,52,10,17,10,5,2,40,20,19,1,51,30,18,3,32,18,10,4
S01010027,904,457,372,75,768,388,315,65,136,69,57,10,42,25,13,4,27,8,14,5,31,20,10,1,36,16,20,0
S01010028,639,406,180,53,556,357,151,48,83,49,29,5,16,9,7,0,14,6,8,0,36,27,6,3,17,7,8,2
S01010029,668,454,183,31,601,413,160,28,67,41,23,3,5,3,2,0,7,3,4,0,22,15,7,0,33,20,10,3
S01010030,815,332,368,115,680,262,312,106,135,70,56,9,41,30,11,0,27,10,17,0,19,11,7,1,48,19,21,8
S01010031,692,250,326,116,520,157,270,93,172,93,56,23,66,47,11,8,36,17,17,2,33,15,13,5,37,14,15,8
S01010032,518,245,228,45,404,166,194,44,114,79,34,1,55,48,7,0,30,14,16,0,19,12,7,0,10,5,4,1
S01010033,905,520,286,99,631,377,189,65,274,143,97,34,75,41,25,9,79,39,30,10,62,33,25,4,58,30,17,11
S01010034,852,539,268,45,703,439,224,40,149,100,44,5,34,28,6,0,25,16,8,1,40,27,13,0,50,29,17,4
S01010035,686,482,179,25,426,318,95,13,260,164,84,12,44,38,6,0,59,33,25,1,91,43,41,7,66,50,12,4
S01010036,796,446,298,52,471,231,200,40,325,215,98,12,163,132,24,7,92,56,35,1,46,19,24,3,24,8,15,1
S01010037,642,418,177,47,583,380,156,47,59,38,21,0,13,8,5,0,20,12,8,0,12,9,3,0,14,9,5,0
S01010038,990,656,277,57,870,562,252,56,120,94,25,1,30,27,3,0,47,38,9,0,33,24,9,0,10,5,4,1
S01010039,945,501,388,56,708,337,324,47,237,164,64,9,89,73,15,1,62,43,16,3,44,24,19,1,42,24,14,4
S01010040,725,310,290,125,585,240,242,103,140,70,48,22,24,18,6,0,39,25,5,9,48,18,26,4,29,9,11,9
S01010041,649,362,247,40,536,284,221,31,113,78,26,9,31,27,2,2,31,22,9,0,24,12,7,5,27,17,8,2
S01010042,1095,553,426,116,810,393,317,100,285,160,109,16,109,77,25,7,94,49,42,3,66,27,33,6,16,7,9,0
S01010043,770,491,218,61,655,420,181,54,115,71,37,7,29,24,4,1,32,27,5,0,23,10,13,0,31,10,15,6
S01010044,1100,593,397,110,960,528,339,93,140,65,58,17,24,15,8,1,51,21,20,10,45,21,21,3,20,8,9,3
S01010045,550,397,121,32,519,374,116,29,31,23,5,3,4,3,1,0,9,9,0,0,14,9,2,3,4,2,2,0
S01010046,747,404,268,75,697,381,246,70,50,23,22,5,8,0,4,4,14,5,8,1,18,15,3,0,10,3,7,0
S01010047,828,586,208,34,780,558,188,34,48,28,20,0,5,3,2,0,25,15,10,0,14,7,7,0,4,3,1,0
S01010048,950,570,330,50,846,507,294,45,104,63,36,5,7,6,1,0,55,31,20,4,29,17,11,1,13,9,4,0
S01010049,807,534,237,36,695,473,188,34,112,61,49,2,16,11,5,0,68,34,33,1,24,13,10,1,4,3,1,0
S01010050,979,710,210,59,891,659,177,55,88,51,33,4,15,10,5,0,42,19,20,3,15,11,3,1,16,11,5,0
S01010051,699,512,149,38,582,422,127,33,117,90,22,5,42,33,9,0,33,22,6,5,35,28,7,0,7,7,0,0
S01010052,627,459,140,28,509,368,114,27,118,91,26,1,30,25,5,0,39,29,10,0,37,32,5,0,12,5,6,1
S01010053,859,411,351,97,702,350,280,72,157,61,71,25,29,17,8,4,70,31,29,10,39,5,28,6,19,8,6,5
S01010054,573,352,216,5,527,345,177,5,46,7,39,0,6,0,6,0,15,3,12,0,18,2,16,0,7,2,5,0
S01010055,948,541,312,95,861,487,285,89,87,54,27,6,20,18,2,0,20,14,6,0,29,14,12,3,18,8,7,3
S01010056,451,291,119,41,422,277,108,37,29,14,11,4,5,2,3,0,14,9,2,3,6,1,4,1,4,2,2,0
S01010057,407,215,157,35,354,189,134,31,53,26,23,4,19,10,6,3,16,5,11,0,15,9,6,0,3,2,0,1
S01010058,781,428,283,70,723,393,272,58,58,35,11,12,13,9,1,3,17,13,2,2,13,5,6,2,15,8,2,5
S01010059,604,300,237,67,540,259,219,62,64,41,18,5,13,10,3,0,32,23,7,2,10,2,5,3,9,6,3,0
S01010060,901,533,270,98,826,496,238,92,75,37,32,6,10,9,1,0,29,13,16,0,11,5,6,0,25,10,9,6
S01010061,510,140,274,96,479,124,264,91,31,16,10,5,13,8,3,2,4,4,0,0,1,0,0,1,13,4,7,2
S01010062,750,335,318,97,703,320,291,92,47,15,27,5,6,2,4,0,25,3,19,3,8,3,3,2,8,7,1,0
S01010063,925,575,273,77,848,530,244,74,77,45,29,3,27,15,10,2,28,17,11,0,10,7,2,1,12,6,6,0
S01010064,544,255,205,84,501,229,189,83,43,26,16,1,6,4,2,0,15,12,3,0,16,7,8,1,6,3,3,0
S01010065,839,430,251,158,803,409,242,152,36,21,9,6,3,2,0,1,16,8,4,4,10,6,4,0,7,5,1,1
S01010066,753,417,266,70,691,375,252,64,62,42,14,6,14,13,1,0,21,13,6,2,8,6,1,1,19,10,6,3
S01010067,608,430,141,37,576,419,120,37,32,11,21,0,7,0,7,0,9,3,6,0,4,1,3,0,12,7,5,0
S01010068,641,290,244,107,529,240,200,89,112,50,44,18,30,19,8,3,40,13,19,8,26,13,13,0,16,5,4,7
S01010069,829,129,350,350,794,125,337,332,35,4,13,18,2,0,1,1,4,2,2,0,4,1,0,3,25,1,10,14
S01010070,665,55,270,340,633,51,252,330,32,4,18,10,11,0,9,2,1,0,0,1,4,0,4,0,16,4,5,7
S01010071,793,183,319,291,761,172,313,276,32,11,6,15,11,5,5,1,0,0,0,0,2,1,1,0,19,5,0,14
S01010072,796,236,319,241,777,233,309,235,19,3,10,6,2,0,2,0,2,1,1,0,7,1,4,2,8,1,3,4
S01010073,780,165,332,283,761,161,319,281,19,4,13,2,6,0,6,0,0,0,0,0,3,1,1,1,10,3,6,1
S01010074,711,79,297,335,690,73,293,324,21,6,4,11,7,4,0,3,0,0,0,0,2,0,1,1,12,2,3,7
S01010075,624,246,286,92,621,244,285,92,3,2,1,0,0,0,0,0,0,0,0,0,1,1,0,0,2,1,1,0
S01010076,686,220,346,120,676,217,339,120,10,3,7,0,2,0,2,0,1,0,1,0,2,2,0,0,5,1,4,0
S01010077,614,239,251,124,602,231,249,122,12,8,2,2,5,4,1,0,2,1,1,0,3,1,0,2,2,2,0,0
S01010078,631,73,218,340,592,67,202,323,39,6,16,17,3,0,1,2,5,1,2,2,1,0,0,1,30,5,13,12
S01010079,923,57,311,555,904,55,306,543,19,2,5,12,1,0,0,1,1,1,0,0,5,1,2,2,12,0,3,9
S01010080,651,68,281,302,635,63,272,300,16,5,9,2,3,0,3,0,2,1,0,1,1,0,1,0,10,4,5,1
S01010081,701,68,263,370,672,55,252,365,29,13,11,5,6,4,2,0,5,3,2,0,2,1,1,0,16,5,6,5
S01010082,854,151,307,396,812,138,287,387,42,13,20,9,5,3,1,1,9,2,7,0,12,6,4,2,16,2,8,6
S01010083,716,240,308,168,689,230,297,162,27,10,11,6,4,0,3,1,1,0,1,0,10,7,2,1,12,3,5,4
S01010084,878,344,395,139,860,336,386,138,18,8,9,1,2,2,0,0,4,1,3,0,3,3,0,0,9,2,6,1
S01010085,760,93,365,302,745,87,358,300,15,6,7,2,1,1,0,0,4,3,1,0,0,0,0,0,10,2,6,2
S01010086,915,379,361,175,900,373,356,171,15,6,5,4,1,0,1,0,0,0,0,0,5,1,0,4,9,5,4,0
S01010087,573,54,287,232,564,54,281,229,9,0,6,3,0,0,0,0,0,0,0,0,0,0,0,0,9,0,6,3
S01010088,821,41,229,551,782,33,217,532,39,8,12,19,3,2,1,0,5,4,0,1,8,1,6,1,23,1,5,17
S01010089,683,235,261,187,639,209,248,182,44,26,13,5,13,7,6,0,6,6,0,0,6,2,3,1,19,11,4,4
S01010090,1054,175,407,472,1026,162,398,466,28,13,9,6,5,3,2,0,3,1,2,0,7,3,3,1,13,6,2,5
S01010091,866,113,335,418,838,110,321,407,28,3,14,11,4,0,4,0,6,2,2,2,3,1,1,1,15,0,7,8
S01010092,958,408,398,152,917,382,389,146,41,26,9,6,11,7,4,0,11,9,0,2,9,6,3,0,10,4,2,4
S01010093,869,200,402,267,837,189,392,256,32,11,10,11,1,1,0,0,2,1,0,1,11,2,7,2,18,7,3,8
S01010094,687,117,287,283,672,114,280,278,15,3,7,5,2,2,0,0,0,0,0,0,1,0,1,0,12,1,6,5
S01010095,696,68,311,317,686,66,308,312,10,2,3,5,1,1,0,0,1,0,0,1,1,1,0,0,7,0,3,4
S01010096,752,98,343,311,735,96,336,303,17,2,7,8,0,0,0,0,3,1,1,1,2,0,1,1,12,1,5,6
S01010097,731,132,325,274,705,126,319,260,26,6,6,14,1,1,0,0,0,0,0,0,10,2,0,8,15,3,6,6
S01010098,727,63,318,346,714,61,310,343,13,2,8,3,4,0,4,0,1,0,1,0,1,0,1,0,7,2,2,3
S01010099,699,77,309,313,692,76,304,312,7,1,5,1,0,0,0,0,0,0,0,0,1,0,1,0,6,1,4,1
S01010100,886,137,385,364,853,135,367,351,33,2,18,13,0,0,0,0,1,0,1,0,4,2,2,0,28,0,15,13
S01010101,719,94,276,349,688,88,263,337,31,6,13,12,8,1,6,1,7,2,3,2,4,1,2,1,12,2,2,8
S01010102,939,78,349,512,890,64,337,489,49,14,12,23,3,1,2,0,4,3,1,0,11,2,1,8,31,8,8,15
S01010103,974,67,371,536,937,60,348,529,37,7,23,7,0,0,0,0,6,1,4,1,5,1,4,0,26,5,15,6
S01010104,755,51,373,331,735,49,367,319,20,2,6,12,3,1,0,2,0,0,0,0,0,0,0,0,17,1,6,10
S01010105,406,192,149,65,384,175,144,65,22,17,5,0,5,4,1,0,3,2,1,0,12,10,2,0,2,1,1,0
S01010106,442,249,145,48,428,245,135,48,14,4,10,0,6,3,3,0,5,0,5,0,0,0,0,0,3,1,2,0
S01010107,793,427,284,82,753,413,259,81,40,14,25,1,7,4,3,0,9,5,4,0,12,4,8,0,12,1,10,1
S01010108,733,289,295,149,717,285,285,147,16,4,10,2,4,2,2,0,3,0,3,0,5,1,3,1,4,1,2,1
S01010109,731,287,254,190,698,271,241,186,33,16,13,4,6,5,1,0,10,5,5,0,7,4,3,0,10,2,4,4
S01010110,805,479,269,57,780,469,256,55,25,10,13,2,7,2,4,1,12,6,6,0,4,2,2,0,2,0,1,1
S01010111,986,596,297,93,953,582,285,86,33,14,12,7,3,3,0,0,13,3,5,5,5,3,2,0,12,5,5,2
S01010112,949,577,305,67,921,560,294,67,28,17,11,0,3,3,0,0,15,8,7,0,5,4,1,0,5,2,3,0
S01010113,551,317,174,60,525,305,160,60,26,12,14,0,8,3,5,0,7,5,2,0,10,4,6,0,1,0,1,0
S01010114,777,522,192,63,720,484,180,56,57,38,12,7,11,10,0,1,36,23,8,5,2,0,2,0,8,5,2,1
S01010115,632,150,283,199,612,138,277,197,20,12,6,2,8,5,3,0,0,0,0,0,4,3,1,0,8,4,2,2
S01010116,1020,237,473,310,928,204,436,288,92,33,37,22,27,20,5,2,20,9,6,5,27,3,17,7,18,1,9,8
S01010117,653,105,249,299,596,91,227,278,57,14,22,21,7,0,4,3,12,6,2,4,18,1,8,9,20,7,8,5
S01010118,678,463,177,38,653,453,162,38,25,10,15,0,6,0,6,0,5,1,4,0,9,5,4,0,5,4,1,0
S01010119,543,295,207,41,519,288,192,39,24,7,15,2,0,0,0,0,5,4,1,0,11,2,8,1,8,1,6,1
S01010120,1045,603,333,109,1005,574,324,107,40,29,9,2,6,5,1,0,9,8,1,0,13,10,3,0,12,6,4,2
S01010121,675,382,220,73,657,369,215,73,18,13,5,0,2,1,1,0,8,8,0,0,4,2,2,0,4,2,2,0
S01010122,425,269,121,35,411,263,119,29,14,6,2,6,6,1,0,5,3,2,0,1,1,1,0,0,4,2,2,0
S01010123,733,426,251,56,662,394,216,52,71,32,35,4,11,9,2,0,24,8,14,2,23,5,16,2,13,10,3,0
S01010124,646,214,291,141,610,199,279,132,36,15,12,9,13,3,7,3,7,5,0,2,8,3,3,2,8,4,2,2
S01010125,548,280,184,84,500,260,164,76,48,20,20,8,12,10,0,2,17,6,9,2,13,3,7,3,6,1,4,1
S01010126,730,218,272,240,713,206,269,238,17,12,3,2,6,6,0,0,2,2,0,0,4,4,0,0,5,0,3,2
S01010127,620,299,214,107,616,297,212,107,4,2,2,0,1,1,0,0,1,0,1,0,0,0,0,0,2,1,1,0
S01010128,492,327,129,36,456,303,119,34,36,24,10,2,7,7,0,0,14,10,3,1,14,6,7,1,1,1,0,0
S01010129,719,435,198,86,682,419,186,77,37,16,12,9,16,7,4,5,10,2,7,1,6,4,1,1,5,3,0,2
S01010130,416,233,145,38,410,233,141,36,6,0,4,2,2,0,0,2,3,0,3,0,0,0,0,0,1,0,1,0
S01010131,908,99,391,418,872,88,375,409,36,11,16,9,2,2,0,0,1,1,0,0,3,2,0,1,30,6,16,8
S01010132,969,500,340,129,916,474,315,127,53,26,25,2,13,9,4,0,21,11,10,0,10,4,6,0,9,2,5,2
S01010133,713,403,226,84,682,390,216,76,31,13,10,8,6,6,0,0,10,2,5,3,3,1,1,1,12,4,4,4
S01010134,995,477,415,103,969,464,408,97,26,13,7,6,6,6,0,0,5,0,3,2,5,3,0,2,10,4,4,2
S01010135,768,339,327,102,749,334,313,102,19,5,14,0,10,0,10,0,1,1,0,0,1,0,1,0,7,4,3,0
S01010136,809,304,311,194,793,300,303,190,16,4,8,4,1,1,0,0,0,0,0,0,6,1,4,1,9,2,4,3
S01010137,967,481,382,104,946,466,377,103,21,15,5,1,4,4,0,0,5,4,1,0,3,1,1,1,9,6,3,0
S01010138,941,604,268,69,872,554,249,69,69,50,19,0,23,17,6,0,21,17,4,0,10,8,2,0,15,8,7,0
S01010139,1024,509,369,146,988,485,360,143,36,24,9,3,9,7,0,2,8,5,3,0,10,6,3,1,9,6,3,0
S01010140,753,300,333,120,692,267,309,116,61,33,24,4,15,13,2,0,20,10,8,2,13,3,10,0,13,7,4,2
S01010141,807,511,254,42,761,490,231,40,46,21,23,2,14,7,7,0,14,8,6,0,12,3,9,0,6,3,1,2
S01010142,572,246,208,118,549,231,201,117,23,15,7,1,7,7,0,0,7,3,4,0,6,3,3,0,3,2,0,1
S01010143,739,297,320,122,725,290,315,120,14,7,5,2,2,2,0,0,4,0,3,1,0,0,0,0,8,5,2,1
S01010144,700,377,258,65,600,321,224,55,100,56,34,10,25,17,8,0,47,22,18,7,19,11,6,2,9,6,2,1
S01010145,778,352,323,103,665,297,278,90,113,55,45,13,27,15,11,1,53,25,23,5,18,11,4,3,15,4,7,4
S01010146,765,426,262,77,677,382,229,66,88,44,33,11,30,25,5,0,30,10,14,6,15,2,8,5,13,7,6,0
S01010147,953,596,318,39,899,570,292,37,54,26,26,2,18,7,9,2,23,12,11,0,5,2,3,0,8,5,3,0
S01010148,784,461,234,89,742,445,218,79,42,16,16,10,5,0,4,1,15,7,5,3,10,1,5,4,12,8,2,2
S01010149,499,117,264,118,458,108,246,104,41,9,18,14,7,6,1,0,16,2,9,5,6,1,3,2,12,0,5,7
S01010150,604,307,232,65,581,299,219,63,23,8,13,2,3,2,1,0,4,0,3,1,10,2,7,1,6,4,2,0
S01010151,625,314,251,60,607,305,244,58,18,9,7,2,5,4,1,0,5,2,3,0,2,0,2,0,6,3,1,2
S01010152,851,358,395,98,797,339,361,97,54,19,34,1,3,1,2,0,34,12,22,0,5,3,1,1,12,3,9,0
S01010153,908,427,352,129,865,403,337,125,43,24,15,4,10,9,1,0,7,5,2,0,14,2,8,4,12,8,4,0
S01010154,832,396,329,107,810,383,321,106,22,13,8,1,4,4,0,0,3,0,3,0,10,7,3,0,5,2,2,1
S01010155,700,277,302,121,686,272,294,120,14,5,8,1,2,0,1,1,3,0,3,0,2,0,2,0,7,5,2,0
S01010156,565,261,226,78,534,257,200,77,31,4,26,1,3,1,2,0,16,0,15,1,4,0,4,0,8,3,5,0
S01010157,569,312,216,41,552,306,209,37,17,6,7,4,0,0,0,0,8,2,3,3,5,1,3,1,4,3,1,0
S01010158,913,397,380,136,871,371,369,131,42,26,11,5,13,11,0,2,6,4,2,0,14,4,7,3,9,7,2,0
S01010159,723,264,352,107,700,249,345,106,23,15,7,1,4,4,0,0,3,3,0,0,6,2,4,0,10,6,3,1
S01010160,605,345,207,53,354,233,91,30,251,112,116,23,52,23,29,0,106,43,52,11,74,41,26,7,19,5,9,5
S01010161,636,215,267,154,602,205,247,150,34,10,20,4,5,1,4,0,9,7,2,0,12,1,10,1,8,1,4,3
S01010162,769,556,176,37,707,527,152,28,62,29,24,9,13,11,2,0,26,6,14,6,19,9,7,3,4,3,1,0
S01010163,597,274,254,69,574,270,237,67,23,4,17,2,0,0,0,0,11,1,10,0,7,1,6,0,5,2,1,2
S01010164,749,323,284,142,727,313,278,136,22,10,6,6,4,3,1,0,3,1,0,2,1,1,0,0,14,5,5,4
S01010165,627,359,204,64,603,346,194,63,24,13,10,1,5,2,3,0,7,4,3,0,6,4,2,0,6,3,2,1
S01010166,714,313,302,99,689,296,295,98,25,17,7,1,0,0,0,0,6,5,1,0,9,8,1,0,10,4,5,1
S01010167,792,421,314,57,775,412,306,57,17,9,8,0,0,0,0,0,10,5,5,0,2,1,1,0,5,3,2,0
S01010168,506,210,206,90,501,208,203,90,5,2,3,0,1,1,0,0,1,0,1,0,0,0,0,0,3,1,2,0
S01010169,842,439,290,113,743,374,262,107,99,65,28,6,43,34,9,0,18,10,8,0,19,8,8,3,19,13,3,3
S01010170,533,270,181,82,514,262,170,82,19,8,11,0,8,5,3,0,4,1,3,0,4,0,4,0,3,2,1,0
S01010171,1038,713,244,81,1020,704,242,74,18,9,2,7,3,2,0,1,5,1,0,4,4,2,0,2,6,4,2,0
S01010172,696,386,259,51,660,370,241,49,36,16,18,2,2,1,1,0,12,6,5,1,8,1,7,0,14,8,5,1
S01010173,764,242,327,195,736,227,314,195,28,15,13,0,9,2,7,0,8,8,0,0,7,2,5,0,4,3,1,0
S01010174,583,160,307,116,571,158,303,110,12,2,4,6,1,0,1,0,2,0,0,2,6,2,1,3,3,0,2,1
S01010175,480,180,185,115,466,176,181,109,14,4,4,6,2,1,0,1,0,0,0,0,4,0,1,3,8,3,3,2
S01010176,705,311,316,78,671,295,298,78,34,16,18,0,7,2,5,0,11,3,8,0,8,7,1,0,8,4,4,0
S01010177,776,469,244,63,718,431,224,63,58,38,20,0,17,15,2,0,19,14,5,0,19,7,12,0,3,2,1,0
S01010178,1033,581,364,88,937,548,316,73,96,33,48,15,10,4,5,1,37,9,23,5,34,8,18,8,15,12,2,1
S01010179,837,479,297,61,799,468,279,52,38,11,18,9,2,2,0,0,6,0,4,2,19,8,8,3,11,1,6,4
S01010180,560,184,252,124,467,164,203,100,93,20,49,24,7,1,4,2,31,7,18,6,37,5,21,11,18,7,6,5
S01010181,631,376,177,78,618,365,175,78,13,11,2,0,0,0,0,0,3,2,1,0,2,1,1,0,8,8,0,0
S01010182,667,108,318,241,623,103,305,215,44,5,13,26,4,1,1,2,5,0,3,2,8,2,4,2,27,2,5,20
S01010183,463,228,193,42,458,227,190,41,5,1,3,1,1,0,1,0,1,0,1,0,2,1,0,1,1,0,1,0
S01010184,624,313,247,64,605,304,237,64,19,9,10,0,7,4,3,0,7,2,5,0,1,1,0,0,4,2,2,0
S01010185,633,368,203,62,594,343,189,62,39,25,14,0,9,5,4,0,14,8,6,0,11,8,3,0,5,4,1,0
S01010186,647,64,308,275,570,61,274,235,77,3,34,40,5,2,3,0,7,1,2,4,9,0,7,2,56,0,22,34
S01010187,635,92,300,243,620,88,291,241,15,4,9,2,2,2,0,0,4,0,4,0,1,0,1,0,8,2,4,2
S01010188,681,74,267,340,646,70,248,328,35,4,19,12,3,1,2,0,6,2,2,2,4,0,2,2,22,1,13,8
S01010189,976,44,333,599,909,40,305,564,67,4,28,35,2,0,0,2,4,0,2,2,13,3,3,7,48,1,23,24
S01010190,740,28,224,488,637,21,194,422,103,7,30,66,9,5,3,1,9,2,2,5,8,0,3,5,77,0,22,55
S01010191,736,42,316,378,694,37,294,363,42,5,22,15,0,0,0,0,3,1,0,2,8,0,2,6,31,4,20,7
S01010192,869,57,298,514,750,38,272,440,119,19,26,74,7,2,3,2,8,6,1,1,16,5,7,4,88,6,15,67
S01010193,739,92,319,328,696,88,306,302,43,4,13,26,1,0,1,0,15,0,4,11,10,0,5,5,17,4,3,10
S01010194,628,241,248,139,614,230,246,138,14,11,2,1,0,0,0,0,5,5,0,0,0,0,0,0,9,6,2,1
S01010195,531,175,255,101,513,170,243,100,18,5,12,1,5,0,5,0,4,3,1,0,3,0,3,0,6,2,3,1
S01010196,690,291,287,112,677,284,283,110,13,7,4,2,2,2,0,0,1,1,0,0,2,2,0,0,8,2,4,2
S01010197,660,290,266,104,645,283,259,103,15,7,7,1,1,1,0,0,1,0,1,0,5,1,4,0,8,5,2,1
S01010198,949,418,379,152,904,407,353,144,45,11,26,8,4,0,4,0,1,0,0,1,11,4,4,3,29,7,18,4
S01010199,521,246,214,61,494,232,204,58,27,14,10,3,0,0,0,0,2,1,1,0,15,10,5,0,10,3,4,3
S01010200,690,284,265,141,679,277,261,141,11,7,4,0,0,0,0,0,1,1,0,0,2,1,1,0,8,5,3,0
S01010201,643,168,279,196,632,167,269,196,11,1,10,0,0,0,0,0,0,0,0,0,0,0,0,0,11,1,10,0
S01010202,783,550,203,30,679,469,185,25,104,81,18,5,6,5,1,0,38,35,3,0,44,32,8,4,16,9,6,1
S01010203,671,129,288,254,613,111,274,228,58,18,14,26,5,5,0,0,13,5,1,7,22,6,4,12,18,2,9,7
S01010204,800,471,283,46,755,441,268,46,45,30,15,0,9,9,0,0,3,2,1,0,18,14,4,0,15,5,10,0
S01010205,658,346,246,66,598,305,227,66,60,41,19,0,3,3,0,0,16,13,3,0,27,16,11,0,14,9,5,0
S01010206,497,468,26,3,196,180,15,1,301,288,11,2,113,113,0,0,95,95,0,0,64,62,1,1,29,18,10,1
S01010207,778,515,220,43,363,229,109,25,415,286,111,18,78,66,10,2,156,118,32,6,148,90,49,9,33,12,20,1
S01010208,903,465,369,69,815,421,332,62,88,44,37,7,11,5,6,0,21,11,10,0,33,19,10,4,23,9,11,3
S01010209,880,397,361,122,811,373,325,113,69,24,36,9,8,7,1,0,7,1,5,1,26,11,13,2,28,5,17,6
S01010210,885,332,372,181,856,314,364,178,29,18,8,3,6,4,2,0,4,3,0,1,4,3,1,0,15,8,5,2
S01010211,858,519,274,65,822,504,259,59,36,15,15,6,7,6,1,0,12,2,10,0,9,4,2,3,8,3,2,3
S01010212,1030,659,320,51,915,582,287,46,115,77,33,5,19,16,3,0,26,17,9,0,48,28,17,3,22,16,4,2
S01010213,924,424,429,71,882,408,403,71,42,16,26,0,6,0,6,0,8,2,6,0,10,4,6,0,18,10,8,0
S01010214,967,238,430,299,877,215,403,259,90,23,27,40,5,2,1,2,12,2,6,4,22,8,8,6,51,11,12,28
S01010215,842,536,241,65,765,485,223,57,77,51,18,8,10,9,1,0,21,9,11,1,25,16,3,6,21,17,3,1
S01010216,621,413,187,21,545,365,162,18,76,48,25,3,11,9,2,0,17,10,6,1,32,23,9,0,16,6,8,2
S01010217,817,516,271,30,694,441,227,26,123,75,44,4,15,7,8,0,42,32,10,0,48,27,19,2,18,9,7,2
S01010218,1018,502,400,116,876,441,336,99,142,61,64,17,20,14,4,2,32,14,15,3,59,22,30,7,31,11,15,5
S01010219,503,386,105,12,266,208,57,1,237,178,48,11,43,38,4,1,71,62,8,1,89,57,26,6,34,21,10,3
S01010220,476,151,270,55,364,94,218,52,112,57,52,3,28,22,6,0,22,11,11,0,35,14,19,2,27,10,16,1
S01010221,465,321,121,23,431,298,115,18,34,23,6,5,13,12,1,0,8,4,2,2,10,6,1,3,3,1,2,0
S01010222,492,255,196,41,443,233,169,41,49,22,27,0,12,4,8,0,9,4,5,0,15,8,7,0,13,6,7,0
S01010223,552,326,185,41,492,289,163,40,60,37,22,1,12,9,3,0,8,5,3,0,19,9,10,0,21,14,6,1
S01010224,989,674,268,47,861,593,226,42,128,81,42,5,20,17,3,0,30,19,11,0,54,33,17,4,24,12,11,1
S01010225,812,468,282,62,664,371,232,61,148,97,50,1,19,13,6,0,29,23,6,0,61,40,21,0,39,21,17,1
S01010226,816,567,190,59,384,287,79,18,432,280,111,41,57,45,7,5,116,78,27,11,172,114,48,10,87,43,29,15
S01010227,692,522,148,22,342,274,55,13,350,248,93,9,44,38,5,1,116,89,27,0,141,94,41,6,49,27,20,2
S01010228,642,376,212,54,619,362,205,52,23,14,7,2,1,0,1,0,10,8,0,2,6,2,4,0,6,4,2,0
S01010229,1016,483,368,165,953,468,341,144,63,15,27,21,6,2,4,0,7,4,3,0,27,6,14,7,23,3,6,14
S01010230,1005,710,270,25,589,437,134,18,416,273,136,7,102,81,21,0,128,79,47,2,151,93,55,3,35,20,13,2
S01010231,1013,631,334,48,816,536,249,31,197,95,85,17,24,17,6,1,46,29,15,2,89,32,43,14,38,17,21,0
S01010232,1074,632,339,103,791,445,247,99,283,187,92,4,61,42,19,0,90,63,26,1,94,62,29,3,38,20,18,0
S01010233,970,663,271,36,696,462,204,30,274,201,67,6,64,52,10,2,83,57,25,1,88,69,17,2,39,23,15,1
S01010234,940,473,369,98,772,372,316,84,168,101,53,14,65,50,12,3,37,25,10,2,35,16,15,4,31,10,16,5
S01010235,782,254,400,128,613,185,313,115,169,69,87,13,41,20,20,1,64,26,37,1,36,15,17,4,28,8,13,7
S01010236,725,294,326,105,618,241,287,90,107,53,39,15,25,19,5,1,32,17,13,2,20,13,5,2,30,4,16,10
S01010237,644,325,270,49,571,285,240,46,73,40,30,3,16,13,3,0,16,13,3,0,16,5,10,1,25,9,14,2
S01010238,826,428,318,80,696,359,268,69,130,69,50,11,29,20,7,2,43,20,20,3,33,19,12,2,25,10,11,4
S01010239,790,504,246,40,682,430,218,34,108,74,28,6,41,33,8,0,30,22,7,1,16,11,5,0,21,8,8,5
S01010240,691,407,232,52,615,362,210,43,76,45,22,9,28,19,6,3,16,9,5,2,9,3,4,2,23,14,7,2
S01010241,980,558,363,59,869,484,329,56,111,74,34,3,46,37,9,0,26,15,9,2,24,12,12,0,15,10,4,1
S01010242,793,497,258,38,685,442,208,35,108,55,50,3,22,20,2,0,51,19,29,3,20,9,11,0,15,7,8,0
S01010243,1019,718,275,26,817,587,208,22,202,131,67,4,52,37,15,0,84,53,31,0,51,30,17,4,15,11,4,0
S01010244,735,537,174,24,632,461,150,21,103,76,24,3,32,20,9,3,31,21,10,0,25,21,4,0,15,14,1,0
S01010245,952,705,207,40,898,670,191,37,54,35,16,3,7,4,3,0,21,14,7,0,14,10,2,2,12,7,4,1
S01010246,841,566,234,41,752,511,204,37,89,55,30,4,19,14,5,0,30,17,10,3,19,10,9,0,21,14,6,1
S01010247,728,229,297,202,687,215,282,190,41,14,15,12,3,3,0,0,4,3,1,0,10,2,4,4,24,6,10,8
S01010248,834,413,315,106,727,340,289,98,107,73,26,8,32,29,3,0,21,14,6,1,25,18,4,3,29,12,13,4
S01010249,668,385,237,46,591,342,205,44,77,43,32,2,19,17,2,0,22,8,12,2,20,9,11,0,16,9,7,0
S01010250,771,421,280,70,630,327,240,63,141,94,40,7,45,39,6,0,31,21,10,0,36,18,17,1,29,16,7,6
S01010251,665,286,316,63,503,202,248,53,162,84,68,10,29,12,17,0,52,35,13,4,61,29,29,3,20,8,9,3
S01010252,614,243,262,109,509,187,228,94,105,56,34,15,33,24,6,3,20,7,10,3,21,16,2,3,31,9,16,6
S01010253,631,407,204,20,573,368,186,19,58,39,18,1,21,14,7,0,19,13,6,0,12,8,3,1,6,4,2,0
S01010254,1054,602,362,90,951,545,325,81,103,57,37,9,26,20,6,0,23,10,10,3,26,14,9,3,28,13,12,3
S01010255,718,487,173,58,575,393,139,43,143,94,34,15,32,14,9,9,33,18,9,6,67,54,13,0,11,8,3,0
S01010256,859,583,247,29,820,564,230,26,39,19,17,3,11,3,8,0,6,4,1,1,5,2,3,0,17,10,5,2
S01010257,773,550,183,40,514,343,135,36,259,207,48,4,156,126,29,1,60,52,7,1,25,15,8,2,18,14,4,0
S01010258,728,421,278,29,444,230,191,23,284,191,87,6,154,114,38,2,64,44,20,0,33,19,13,1,33,14,16,3
S01010259,766,563,184,19,571,432,124,15,195,131,60,4,72,59,13,0,52,33,19,0,43,26,13,4,28,13,15,0
S01010260,1012,643,304,65,756,445,249,62,256,198,55,3,98,87,11,0,68,56,12,0,31,21,9,1,59,34,23,2
S01010261,905,697,188,20,657,495,142,20,248,202,46,0,100,89,11,0,62,57,5,0,41,25,16,0,45,31,14,0
S01010262,844,563,220,61,739,484,202,53,105,79,18,8,39,34,4,1,18,16,1,1,16,11,3,2,32,18,10,4
S01010263,651,458,165,28,477,314,138,25,174,144,27,3,76,73,3,0,44,34,9,1,29,20,8,1,25,17,7,1
S01010264,762,546,198,18,574,390,169,15,188,156,29,3,89,81,7,1,37,30,7,0,33,23,8,2,29,22,7,0
S01010265,860,516,269,75,597,314,223,60,263,202,46,15,133,105,22,6,61,50,11,0,34,26,5,3,35,21,8,6
S01010266,521,270,189,62,401,210,143,48,120,60,46,14,32,27,5,0,21,14,5,2,16,6,9,1,51,13,27,11
S01010267,608,394,159,55,391,232,118,41,217,162,41,14,105,88,11,6,57,42,12,3,36,20,13,3,19,12,5,2
S01010268,728,402,270,56,513,278,196,39,215,124,74,17,76,63,13,0,48,25,21,2,23,11,11,1,68,25,29,14
S01010269,528,325,156,47,336,195,112,29,192,130,44,18,88,71,16,1,35,26,8,1,40,22,8,10,29,11,12,6
S01010270,1100,794,279,27,905,642,242,21,195,152,37,6,68,59,6,3,41,35,6,0,15,9,5,1,71,49,20,2
S01010271,723,494,181,48,501,331,131,39,222,163,50,9,100,87,12,1,24,16,7,1,37,22,11,4,61,38,20,3
S01010272,1013,738,215,60,740,533,160,47,273,205,55,13,108,90,12,6,45,26,17,2,59,42,14,3,61,47,12,2
S01010273,655,432,182,41,430,273,122,35,225,159,60,6,127,93,32,2,44,32,11,1,19,8,8,3,35,26,9,0
S01010274,536,260,243,33,389,175,186,28,147,85,57,5,70,47,23,0,30,21,8,1,22,12,7,3,25,5,19,1
S01010275,592,438,111,43,409,284,87,38,183,154,24,5,84,76,6,2,38,32,6,0,37,30,4,3,24,16,8,0
S01010276,993,211,583,199,711,139,411,161,282,72,172,38,116,37,66,13,64,15,47,2,53,14,29,10,49,6,30,13
S01010277,610,317,239,54,532,270,212,50,78,47,27,4,25,22,2,1,11,9,2,0,17,8,9,0,25,8,14,3
S01010278,650,399,204,47,497,316,143,38,153,83,61,9,20,11,7,2,23,11,11,1,50,23,25,2,60,38,18,4
S01010279,605,364,191,50,454,266,145,43,151,98,46,7,40,32,8,0,39,31,8,0,42,20,22,0,30,15,8,7
S01010280,782,426,317,39,611,311,262,38,171,115,55,1,62,47,14,1,42,38,4,0,26,14,12,0,41,16,25,0
S01010281,779,415,310,54,512,260,208,44,267,155,102,10,131,87,43,1,47,29,16,2,58,23,31,4,31,16,12,3
S01010282,976,566,362,48,793,448,303,42,183,118,59,6,64,48,14,2,42,31,11,0,34,20,14,0,43,19,20,4
S01010283,539,236,226,77,428,182,177,69,111,54,49,8,24,22,2,0,32,12,19,1,24,6,18,0,31,14,10,7
S01010284,1002,495,412,95,760,344,336,80,242,151,76,15,108,74,29,5,52,32,20,0,38,23,13,2,44,22,14,8
S01010285,838,425,337,76,634,312,257,65,204,113,80,11,56,41,11,4,52,35,17,0,33,10,21,2,63,27,31,5
S01010286,736,330,317,89,531,232,235,64,205,98,82,25,55,38,15,2,52,27,15,10,43,16,21,6,55,17,31,7
S01010287,874,408,357,109,678,286,296,96,196,122,61,13,99,75,20,4,33,21,8,4,19,5,12,2,45,21,21,3
S01010288,810,329,340,141,616,212,279,125,194,117,61,16,78,53,22,3,45,28,17,0,30,17,7,6,41,19,15,7
S01010289,717,131,367,219,595,92,309,194,122,39,58,25,33,17,10,6,30,9,18,3,27,7,17,3,32,6,13,13
S01010290,546,225,277,44,408,164,204,40,138,61,73,4,44,28,16,0,28,12,16,0,13,6,6,1,53,15,35,3
S01010291,1003,566,338,99,732,389,261,82,271,177,77,17,96,70,21,5,51,43,7,1,24,21,3,0,100,43,46,11
S01010292,890,389,397,104,688,287,324,77,202,102,73,27,54,43,7,4,31,21,8,2,35,16,12,7,82,22,46,14
S01010293,839,480,271,88,595,328,199,68,244,152,72,20,56,45,7,4,49,37,11,1,39,25,8,6,100,45,46,9
S01010294,690,374,216,100,535,291,171,73,155,83,45,27,36,23,8,5,16,13,3,0,25,19,5,1,78,28,29,21
S01010295,974,471,368,135,683,314,265,104,291,157,103,31,103,67,32,4,54,34,15,5,24,13,10,1,110,43,46,21
S01010296,664,293,262,109,498,220,203,75,166,73,59,34,35,26,5,4,17,10,5,2,18,7,9,2,96,30,40,26
S01010297,1066,694,315,57,837,539,248,50,229,155,67,7,60,46,13,1,51,40,10,1,39,29,10,0,79,40,34,5
S01010298,843,515,255,73,705,431,224,50,138,84,31,23,30,15,6,9,32,26,4,2,16,9,7,0,60,34,14,12
S01010299,536,293,182,61,429,250,133,46,107,43,49,15,14,9,4,1,14,4,8,2,12,5,6,1,67,25,31,11
S01010300,889,560,252,77,679,411,197,71,210,149,55,6,100,85,15,0,46,24,21,1,20,13,4,3,44,27,15,2
S01010301,516,257,212,47,337,157,140,40,179,100,72,7,60,36,21,3,49,34,15,0,35,13,22,0,35,17,14,4
S01010302,658,490,150,18,494,361,115,18,164,129,35,0,30,25,5,0,40,25,15,0,47,43,4,0,47,36,11,0
S01010303,579,362,174,43,362,240,97,25,217,122,77,18,24,21,3,0,72,41,25,6,67,37,28,2,54,23,21,10
S01010304,542,358,140,44,443,298,113,32,99,60,27,12,34,23,6,5,29,18,9,2,23,12,9,2,13,7,3,3
S01010305,797,438,270,89,673,351,242,80,124,87,28,9,44,40,2,2,28,19,7,2,20,11,9,0,32,17,10,5
S01010306,752,385,314,53,573,284,244,45,179,101,70,8,61,41,20,0,43,30,9,4,37,17,18,2,38,13,23,2
S01010307,821,289,419,113,693,243,360,90,128,46,59,23,25,14,11,0,36,16,17,3,29,4,15,10,38,12,16,10
S01010308,959,397,439,123,747,277,366,104,212,120,73,19,92,63,21,8,44,25,13,6,27,14,13,0,49,18,26,5
S01010309,419,258,115,46,378,235,101,42,41,23,14,4,6,4,2,0,17,7,7,3,10,6,4,0,8,6,1,1
S01010310,706,462,190,54,540,345,156,39,166,117,34,15,42,33,5,4,57,45,10,2,39,25,9,5,28,14,10,4
S01010311,714,468,227,19,637,416,202,19,77,52,25,0,28,25,3,0,12,7,5,0,22,12,10,0,15,8,7,0
S01010312,857,633,191,33,791,593,166,32,66,40,25,1,10,10,0,0,22,13,9,0,19,12,7,0,15,5,9,1
S01010313,636,417,162,57,589,388,148,53,47,29,14,4,6,6,0,0,22,13,6,3,10,3,6,1,9,7,2,0
S01010314,955,535,322,98,837,473,272,92,118,62,50,6,25,16,7,2,35,26,7,2,32,10,22,0,26,10,14,2
S01010315,911,347,387,177,786,299,336,151,125,48,51,26,21,13,5,3,19,6,11,2,43,21,16,6,42,8,19,15
S01010316,512,333,175,4,433,277,152,4,79,56,23,0,13,13,0,0,26,16,10,0,19,12,7,0,21,15,6,0
S01010317,725,332,313,80,609,268,276,65,116,64,37,15,23,16,6,1,31,25,6,0,21,12,4,5,41,11,21,9
S01010318,505,280,187,38,425,243,157,25,80,37,30,13,17,12,3,2,30,10,11,9,11,6,5,0,22,9,11,2
S01010319,711,289,324,98,578,226,266,86,133,63,58,12,33,14,17,2,32,20,9,3,25,14,11,0,43,15,21,7
S01010320,670,394,205,71,527,301,172,54,143,93,33,17,23,22,1,0,48,34,8,6,45,20,14,11,27,17,10,0
S01010321,695,382,283,30,602,320,254,28,93,62,29,2,22,18,4,0,23,18,4,1,20,10,9,1,28,16,12,0
S01010322,1028,335,501,192,875,252,446,177,153,83,55,15,46,34,11,1,42,23,17,2,26,10,9,7,39,16,18,5
S01010323,603,467,116,20,543,435,93,15,60,32,23,5,13,4,8,1,24,13,7,4,19,12,7,0,4,3,1,0
S01010324,759,331,321,107,731,321,307,103,28,10,14,4,14,5,6,3,2,2,0,0,3,2,1,0,9,1,7,1
S01010325,939,439,427,73,922,434,416,72,17,5,11,1,0,0,0,0,4,0,4,0,4,1,3,0,9,4,4,1
S01010326,986,637,266,83,930,600,254,76,56,37,12,7,14,9,4,1,19,11,7,1,14,14,0,0,9,3,1,5
S01010327,865,349,329,187,775,317,290,168,90,32,39,19,19,17,1,1,20,2,11,7,22,4,13,5,29,9,14,6
S01010328,969,327,407,235,882,299,370,213,87,28,37,22,13,9,4,0,22,12,9,1,27,4,14,9,25,3,10,12
S01010329,573,257,229,87,540,248,210,82,33,9,19,5,5,0,4,1,6,2,3,1,6,2,3,1,16,5,9,2
S01010330,663,376,219,68,634,359,214,61,29,17,5,7,4,4,0,0,2,0,2,0,8,6,0,2,15,7,3,5
S01010331,923,514,317,92,879,488,304,87,44,26,13,5,4,4,0,0,4,4,0,0,14,6,8,0,22,12,5,5
S01010332,708,305,302,101,691,299,292,100,17,6,10,1,3,1,2,0,0,0,0,0,0,0,0,0,14,5,8,1
S01010333,962,468,365,129,906,442,344,120,56,26,21,9,12,8,4,0,11,3,5,3,12,9,0,3,21,6,12,3
S01010334,927,359,433,135,910,354,422,134,17,5,11,1,0,0,0,0,5,1,4,0,3,0,3,0,9,4,4,1
S01010335,793,360,326,107,748,351,294,103,45,9,32,4,6,1,5,0,6,1,5,0,16,5,11,0,17,2,11,4
S01010336,657,445,175,37,639,432,173,34,18,13,2,3,1,1,0,0,3,3,0,0,2,2,0,0,12,7,2,3
S01010337,623,269,275,79,601,265,264,72,22,4,11,7,4,0,3,1,9,0,6,3,2,1,0,1,7,3,2,2
S01010338,751,452,245,54,715,433,232,50,36,19,13,4,5,4,1,0,16,6,8,2,7,5,1,1,8,4,3,1
S01010339,692,350,256,86,659,328,248,83,33,22,8,3,3,2,1,0,12,11,1,0,8,7,1,0,10,2,5,3
S01010340,752,386,258,108,688,356,227,105,64,30,31,3,6,5,1,0,19,12,6,1,35,11,22,2,4,2,2,0
S01010341,591,142,291,158,568,140,276,152,23,2,15,6,1,0,1,0,5,0,4,1,3,0,2,1,14,2,8,4
S01010342,633,123,323,187,601,110,311,180,32,13,12,7,5,4,1,0,4,1,3,0,6,1,4,1,17,7,4,6
S01010343,938,118,404,416,901,111,389,401,37,7,15,15,4,0,2,2,2,2,0,0,5,1,3,1,26,4,10,12
S01010344,690,441,202,47,676,435,196,45,14,6,6,2,5,2,3,0,0,0,0,0,3,0,2,1,6,4,1,1
S01010345,489,18,175,296,434,13,150,271,55,5,25,25,5,0,3,2,6,0,2,4,20,3,8,9,24,2,12,10
S01010346,981,187,461,333,919,174,432,313,62,13,29,20,2,1,1,0,3,1,2,0,5,4,1,0,52,7,25,20
S01010347,919,457,368,94,858,432,339,87,61,25,29,7,17,5,12,0,16,8,7,1,17,6,9,2,11,6,1,4
S01010348,980,398,438,144,950,391,426,133,30,7,12,11,0,0,0,0,5,0,1,4,6,2,2,2,19,5,9,5
S01010349,883,392,361,130,864,377,358,129,19,15,3,1,4,3,1,0,4,4,0,0,1,1,0,0,10,7,2,1
S01010350,950,505,345,100,885,473,313,99,65,32,32,1,7,2,5,0,14,6,8,0,31,15,16,0,13,9,3,1
S01010351,878,361,388,129,774,313,339,122,104,48,49,7,22,8,11,3,24,11,13,0,36,24,12,0,22,5,13,4
S01010352,506,288,189,29,470,266,175,29,36,22,14,0,7,4,3,0,15,8,7,0,5,2,3,0,9,8,1,0
S01010353,961,734,193,34,804,622,160,22,157,112,33,12,32,23,8,1,52,35,9,8,48,36,10,2,25,18,6,1
S01010354,733,383,286,64,644,338,244,62,89,45,42,2,23,18,5,0,19,10,8,1,22,7,14,1,25,10,15,0
S01010355,742,436,250,56,677,394,228,55,65,42,22,1,9,7,2,0,14,10,4,0,18,13,5,0,24,12,11,1
S01010356,682,241,348,93,625,215,320,90,57,26,28,3,8,3,5,0,24,15,9,0,11,4,7,0,14,4,7,3
S01010357,585,327,183,75,528,286,176,66,57,41,7,9,9,9,0,0,9,6,0,3,15,10,4,1,24,16,3,5
S01010358,842,508,269,65,797,478,254,65,45,30,15,0,14,11,3,0,8,5,3,0,13,7,6,0,10,7,3,0
S01010359,816,597,203,16,731,533,184,14,85,64,19,2,14,13,1,0,27,20,5,2,25,17,8,0,19,14,5,0
S01010360,567,316,215,36,492,279,180,33,75,37,35,3,14,8,6,0,27,7,18,2,24,16,7,1,10,6,4,0
S01010361,611,473,122,16,512,392,104,16,99,81,18,0,16,14,2,0,38,36,2,0,32,20,12,0,13,11,2,0
S01010362,783,577,172,34,632,441,160,31,151,136,12,3,30,29,1,0,50,46,3,1,35,32,1,2,36,29,7,0
S01010363,758,192,340,226,657,161,292,204,101,31,48,22,24,18,6,0,23,5,15,3,16,2,12,2,38,6,15,17
S01010364,915,92,423,400,802,84,362,356,113,8,61,44,1,0,1,0,1,0,1,0,18,2,14,2,93,6,45,42
S01010365,976,96,479,401,861,71,427,363,115,25,52,38,19,4,12,3,15,9,3,3,20,5,14,1,61,7,23,31
S01010366,1025,183,524,318,868,126,447,295,157,57,77,23,43,22,21,0,23,8,13,2,44,19,19,6,47,8,24,15
S01010367,1021,137,507,377,885,95,440,350,136,42,67,27,24,15,9,0,22,14,5,3,25,7,14,4,65,6,39,20
S01010368,676,97,322,257,596,75,290,231,80,22,32,26,14,11,3,0,9,2,4,3,13,2,9,2,44,7,16,21
S01010369,767,310,344,113,645,246,304,95,122,64,40,18,23,20,1,2,24,20,3,1,20,6,14,0,55,18,22,15
S01010370,725,157,386,182,598,104,332,162,127,53,54,20,24,15,8,1,35,22,9,4,17,6,8,3,51,10,29,12
S01010371,992,311,485,196,798,228,397,173,194,83,88,23,52,31,18,3,54,26,20,8,27,11,13,3,61,15,37,9
S01010372,529,157,274,98,450,129,240,81,79,28,34,17,12,9,3,0,10,7,1,2,8,4,3,1,49,8,27,14
S01010373,761,268,380,113,649,201,345,103,112,67,35,10,39,32,7,0,30,17,11,2,10,8,2,0,33,10,15,8
S01010374,950,279,439,232,801,210,387,204,149,69,52,28,57,33,17,7,27,15,7,5,25,11,11,3,40,10,17,13
S01010375,531,299,149,83,433,239,126,68,98,60,23,15,36,25,5,6,23,17,2,4,17,8,7,2,22,10,9,3
S01010376,708,381,246,81,497,242,186,69,211,139,60,12,130,95,32,3,30,21,7,2,15,8,7,0,36,15,14,7
S01010377,858,450,256,152,603,282,204,117,255,168,52,35,95,82,10,3,69,54,9,6,34,18,9,7,57,14,24,19
S01010378,730,342,252,136,582,254,214,114,148,88,38,22,67,53,8,6,28,19,9,0,19,6,9,4,34,10,12,12
S01010379,997,503,345,149,790,389,278,123,207,114,67,26,89,57,26,6,42,28,11,3,30,16,6,8,46,13,24,9
S01010380,958,389,434,135,809,314,378,117,149,75,56,18,37,25,11,1,33,19,9,5,29,15,9,5,50,16,27,7
S01010381,605,321,237,47,435,214,182,39,170,107,55,8,60,44,15,1,61,34,26,1,30,19,7,4,19,10,7,2
S01010382,850,413,364,73,718,333,318,67,132,80,46,6,33,23,9,1,43,28,13,2,34,19,14,1,22,10,10,2
S01010383,656,394,222,40,520,299,185,36,136,95,37,4,55,46,9,0,23,15,8,0,17,12,5,0,41,22,15,4
S01010384,812,350,340,122,612,231,277,104,200,119,63,18,78,59,17,2,31,26,4,1,43,16,21,6,48,18,21,9
S01010385,844,484,296,64,716,391,265,60,128,93,31,4,44,40,4,0,37,30,6,1,11,7,4,0,36,16,17,3
S01010386,889,513,306,70,774,438,274,62,115,75,32,8,36,29,7,0,26,21,4,1,21,11,8,2,32,14,13,5
S01010387,1040,511,425,104,831,390,356,85,209,121,69,19,89,68,17,4,48,28,15,5,42,12,23,7,30,13,14,3
S01010388,1008,567,353,88,897,503,313,81,111,64,40,7,29,19,9,1,27,16,11,0,23,15,6,2,32,14,14,4
S01010389,1022,300,517,205,758,175,404,179,264,125,113,26,117,66,48,3,73,42,25,6,37,8,21,8,37,9,19,9
S01010390,1076,540,444,92,944,451,407,86,132,89,37,6,35,26,9,0,30,21,9,0,42,29,11,2,25,13,8,4
S01010391,793,415,318,60,677,343,283,51,116,72,35,9,44,31,11,2,30,21,8,1,21,9,8,4,21,11,8,2
S01010392,695,135,392,168,530,74,304,152,165,61,88,16,63,39,24,0,35,8,26,1,26,7,16,3,41,7,22,12
S01010393,984,459,407,118,869,393,364,112,115,66,43,6,27,20,6,1,38,22,14,2,19,8,11,0,31,16,12,3
S01010394,807,465,265,77,727,420,248,59,80,45,17,18,24,18,1,5,14,9,4,1,6,3,1,2,36,15,11,10
S01010395,1006,507,416,83,869,432,362,75,137,75,54,8,39,31,7,1,31,16,15,0,25,8,16,1,42,20,16,6
S01010396,1033,525,381,127,889,439,331,119,144,86,50,8,51,38,12,1,27,19,7,1,26,9,16,1,40,20,15,5
S01010397,542,193,236,113,480,171,212,97,62,22,24,16,10,5,2,3,18,5,5,8,11,5,5,1,23,7,12,4
S01010398,1052,319,533,200,900,253,462,185,152,66,71,15,55,33,22,0,23,13,10,0,19,3,15,1,55,17,24,14
S01010399,1036,329,505,202,895,270,445,180,141,59,60,22,33,19,13,1,38,17,16,5,28,12,7,9,42,11,24,7
S01010400,1101,251,566,284,975,198,522,255,126,53,44,29,31,24,6,1,28,12,8,8,13,7,5,1,54,10,25,19
S01010401,717,251,304,162,615,203,262,150,102,48,42,12,31,18,12,1,20,11,9,0,15,6,6,3,36,13,15,8
S01010402,1031,253,487,291,917,214,430,273,114,39,57,18,33,17,16,0,17,7,9,1,10,4,6,0,54,11,26,17
S01010403,990,202,505,283,841,152,438,251,149,50,67,32,38,24,14,0,34,10,19,5,31,8,8,15,46,8,26,12
S01010404,783,144,394,245,691,123,347,221,92,21,47,24,16,7,5,4,9,2,6,1,14,4,9,1,53,8,27,18
S01010405,789,154,391,244,690,118,350,222,99,36,41,22,15,6,4,5,18,14,4,0,12,4,8,0,54,12,25,17
S01010406,822,325,340,157,679,235,296,148,143,90,44,9,30,27,2,1,37,29,8,0,28,15,8,5,48,19,26,3
S01010407,897,461,272,164,729,337,239,153,168,124,33,11,73,64,8,1,44,32,11,1,12,10,2,0,39,18,12,9
S01010408,547,128,219,200,515,118,209,188,32,10,10,12,8,5,1,2,4,1,2,1,4,0,2,2,16,4,5,7
S01010409,706,55,242,409,654,51,223,380,52,4,19,29,4,1,0,3,5,0,3,2,7,3,2,2,36,0,14,22
S01010410,595,46,236,313,534,32,204,298,61,14,32,15,23,9,13,1,2,1,1,0,13,4,3,6,23,0,15,8
S01010411,1104,50,438,616,1041,36,414,591,63,14,24,25,3,1,1,1,8,4,4,0,8,7,0,1,44,2,19,23
S01010412,759,169,362,228,633,132,305,196,126,37,57,32,34,12,6,16,27,12,15,0,28,7,17,4,37,6,19,12
S01010413,714,86,316,312,628,62,284,282,86,24,32,30,19,12,5,2,15,3,5,7,10,0,5,5,42,9,17,16
S01010414,1066,206,483,377,986,187,441,358,80,19,42,19,11,5,5,1,9,2,5,2,14,4,7,3,46,8,25,13
S01010415,1004,408,408,188,931,389,378,164,73,19,30,24,10,4,4,2,12,5,3,4,20,6,9,5,31,4,14,13
S01010416,684,91,378,215,613,85,337,191,71,6,41,24,11,0,10,1,13,1,11,1,19,1,11,7,28,4,9,15
S01010417,580,98,309,173,532,89,289,154,48,9,20,19,4,2,2,0,7,4,3,0,10,1,5,4,27,2,10,15
S01010418,1056,225,479,352,964,200,433,331,92,25,46,21,14,4,9,1,19,3,14,2,15,7,6,2,44,11,17,16
S01010419,993,188,535,270,915,171,488,256,78,17,47,14,16,7,9,0,13,3,10,0,13,1,12,0,36,6,16,14
S01010420,717,109,262,346,679,101,249,329,38,8,13,17,0,0,0,0,2,1,1,0,2,1,0,1,34,6,12,16
S01010421,882,81,366,435,826,76,331,419,56,5,35,16,5,0,5,0,9,1,8,0,10,1,6,3,32,3,16,13
S01010422,1085,224,460,401,1005,205,425,375,80,19,35,26,2,0,0,2,8,5,3,0,19,5,10,4,51,9,22,20
S01010423,831,440,346,45,703,377,284,42,128,63,62,3,25,12,13,0,31,15,14,2,48,25,23,0,24,11,12,1
S01010424,834,420,309,105,756,375,281,100,78,45,28,5,18,16,1,1,17,9,6,2,27,9,17,1,16,11,4,1
S01010425,1032,560,392,80,930,500,357,73,102,60,35,7,21,18,3,0,35,22,10,3,26,13,12,1,20,7,10,3
S01010426,708,344,265,99,620,290,235,95,88,54,30,4,11,7,4,0,35,27,8,0,19,10,9,0,23,10,9,4
S01010427,1053,527,364,162,784,362,276,146,269,165,88,16,39,33,5,1,76,50,19,7,112,58,51,3,42,24,13,5
S01010428,730,157,278,295,693,150,262,281,37,7,16,14,0,0,0,0,0,0,0,0,10,3,5,2,27,4,11,12
S01010429,967,96,488,383,898,74,457,367,69,22,31,16,8,4,2,2,16,13,2,1,9,2,7,0,36,3,20,13
S01010430,854,470,321,63,672,375,246,51,182,95,75,12,32,17,15,0,72,30,36,6,52,30,19,3,26,18,5,3
S01010431,700,52,284,364,654,42,263,349,46,10,21,15,2,2,0,0,2,0,2,0,7,2,2,3,35,6,17,12
S01010432,880,449,363,68,766,400,305,61,114,49,58,7,24,8,15,1,24,8,16,0,41,24,14,3,25,9,13,3
S01010433,803,549,200,54,409,286,97,26,394,263,103,28,75,68,7,0,100,76,20,4,132,84,32,16,87,35,44,8
S01010434,623,362,242,19,498,293,188,17,125,69,54,2,27,17,9,1,34,16,18,0,45,24,21,0,19,12,6,1
S01010435,634,233,301,100,602,218,287,97,32,15,14,3,8,8,0,0,2,0,2,0,4,1,2,1,18,6,10,2
S01010436,778,443,258,77,667,375,221,71,111,68,37,6,15,11,4,0,39,23,16,0,34,21,8,5,23,13,9,1
S01010437,557,241,221,95,525,230,204,91,32,11,17,4,6,3,3,0,7,3,3,1,8,4,4,0,11,1,7,3
S01010438,854,385,347,122,703,319,270,114,151,66,77,8,12,7,4,1,47,25,20,2,65,22,40,3,27,12,13,2
S01010439,973,475,398,100,842,408,349,85,131,67,49,15,24,16,6,2,52,30,18,4,33,18,11,4,22,3,14,5
S01010440,650,320,203,127,601,291,191,119,49,29,12,8,5,4,1,0,2,2,0,0,20,15,5,0,22,8,6,8
S01010441,783,251,389,143,727,233,357,137,56,18,32,6,10,8,1,1,16,2,14,0,15,4,10,1,15,4,7,4
S01010442,741,344,323,74,655,299,286,70,86,45,37,4,19,7,12,0,17,8,9,0,26,20,6,0,24,10,10,4
S01010443,550,144,256,150,538,144,250,144,12,0,6,6,0,0,0,0,3,0,3,0,5,0,1,4,4,0,2,2
S01010444,685,253,254,178,667,245,248,174,18,8,6,4,2,2,0,0,0,0,0,0,10,2,5,3,6,4,1,1
S01010445,777,230,355,192,734,220,337,177,43,10,18,15,5,2,2,1,10,2,6,2,14,2,3,9,14,4,7,3
S01010446,838,176,318,344,814,173,306,335,24,3,12,9,0,0,0,0,7,3,0,4,2,0,2,0,15,0,10,5
S01010447,1028,449,386,193,933,403,350,180,95,46,36,13,27,20,2,5,10,5,5,0,30,13,13,4,28,8,16,4
S01010448,859,182,359,318,822,170,342,310,37,12,17,8,3,2,0,1,4,1,3,0,9,3,3,3,21,6,11,4
S01010449,779,275,380,124,738,259,358,121,41,16,22,3,9,3,6,0,11,3,8,0,13,7,6,0,8,3,2,3
S01010450,783,305,342,136,753,288,331,134,30,17,11,2,1,1,0,0,7,7,0,0,4,2,2,0,18,7,9,2
S01010451,829,413,305,111,702,349,253,100,127,64,52,11,10,10,0,0,50,28,21,1,42,17,19,6,25,9,12,4
S01010452,813,309,357,147,779,296,344,139,34,13,13,8,3,3,0,0,9,2,4,3,3,0,2,1,19,8,7,4
S01010453,664,402,171,91,533,319,130,84,131,83,41,7,27,23,4,0,49,30,16,3,41,24,17,0,14,6,4,4
S01010454,789,275,326,188,771,269,318,184,18,6,8,4,2,2,0,0,6,3,3,0,0,0,0,0,10,1,5,4
S01010455,942,609,277,56,852,549,250,53,90,60,27,3,20,16,4,0,20,14,6,0,28,17,11,0,22,13,6,3
S01010456,565,184,264,117,543,176,255,112,22,8,9,5,3,1,1,1,6,2,3,1,4,1,1,2,9,4,4,1
S01010457,642,279,233,130,556,228,206,122,86,51,27,8,16,15,1,0,24,16,7,1,35,18,13,4,11,2,6,3
S01010458,771,378,272,121,700,340,247,113,71,38,25,8,6,5,1,0,26,14,12,0,20,13,6,1,19,6,6,7
S01010459,539,178,265,96,502,165,242,95,37,13,23,1,6,2,4,0,15,7,8,0,7,1,5,1,9,3,6,0
S01010460,741,108,319,314,636,97,260,279,105,11,59,35,25,2,22,1,7,3,4,0,11,1,10,0,62,5,23,34
S01010461,732,321,287,124,656,273,265,118,76,48,22,6,23,19,2,2,14,10,4,0,25,13,10,2,14,6,6,2
S01010462,899,678,189,32,529,411,102,16,370,267,87,16,82,54,23,5,125,96,26,3,106,81,21,4,57,36,17,4
S01010463,796,179,392,225,749,169,365,215,47,10,27,10,2,2,0,0,6,0,6,0,19,5,6,8,20,3,15,2
S01010464,524,167,247,110,500,155,235,110,24,12,12,0,3,2,1,0,6,6,0,0,4,2,2,0,11,2,9,0
S01010465,947,131,509,307,872,118,469,285,75,13,40,22,2,0,2,0,14,4,6,4,25,5,13,7,34,4,19,11
S01010466,879,213,379,287,738,160,315,263,141,53,64,24,34,17,16,1,40,16,16,8,30,10,15,5,37,10,17,10
S01010467,837,229,431,177,741,197,377,167,96,32,54,10,19,11,8,0,16,6,10,0,24,4,17,3,37,11,19,7
S01010468,949,213,421,315,796,181,361,254,153,32,60,61,26,21,0,5,29,3,20,6,31,4,13,14,67,4,27,36
S01010469,559,345,184,30,486,296,165,25,73,49,19,5,19,10,5,4,16,10,5,1,20,15,5,0,18,14,4,0
S01010470,718,241,332,145,691,234,318,139,27,7,14,6,1,0,1,0,2,0,2,0,11,3,6,2,13,4,5,4
S01010471,666,263,327,76,619,247,298,74,47,16,29,2,13,4,9,0,10,4,6,0,16,4,12,0,8,4,2,2
S01010472,514,136,266,112,431,102,226,103,83,34,40,9,18,5,9,4,36,22,13,1,23,3,16,4,6,4,2,0
S01010473,756,278,360,118,680,258,317,105,76,20,43,13,11,7,4,0,14,2,10,2,12,5,6,1,39,6,23,10
S01010474,820,366,360,94,669,290,299,80,151,76,61,14,33,21,12,0,50,31,13,6,35,15,18,2,33,9,18,6
S01010475,677,121,368,188,588,93,326,169,89,28,42,19,18,13,5,0,27,11,11,5,26,3,13,10,18,1,13,4
S01010476,1015,317,428,270,953,294,401,258,62,23,27,12,10,5,4,1,14,5,9,0,13,4,4,5,25,9,10,6
S01010477,724,221,348,155,687,207,330,150,37,14,18,5,1,0,1,0,10,6,4,0,12,5,6,1,14,3,7,4
S01010478,991,477,420,94,899,430,383,86,92,47,37,8,6,2,4,0,24,14,6,4,34,12,19,3,28,19,8,1
S01010479,1022,336,526,160,972,320,495,157,50,16,31,3,5,5,0,0,11,4,6,1,13,2,11,0,21,5,14,2
S01010480,616,164,291,161,600,161,283,156,16,3,8,5,5,3,2,0,0,0,0,0,4,0,3,1,7,0,3,4
S01010481,667,353,217,97,643,337,212,94,24,16,5,3,5,5,0,0,5,3,1,1,4,1,3,0,10,7,1,2
S01010482,794,243,365,186,750,222,351,177,44,21,14,9,2,1,1,0,10,8,0,2,5,2,1,2,27,10,12,5
S01010483,1036,310,531,195,1001,295,515,191,35,15,16,4,3,2,1,0,6,2,4,0,11,4,5,2,15,7,6,2
S01010484,550,187,245,118,529,183,234,112,21,4,11,6,0,0,0,0,5,1,3,1,5,1,2,2,11,2,6,3
S01010485,986,216,441,329,934,207,411,316,52,9,30,13,3,1,1,1,6,0,4,2,8,2,4,2,35,6,21,8
S01010486,930,94,343,493,889,79,332,478,41,15,11,15,8,8,0,0,2,2,0,0,4,0,2,2,27,5,9,13
S01010487,1010,265,427,318,982,249,416,317,28,16,11,1,10,10,0,0,3,0,3,0,5,2,2,1,10,4,6,0
S01010488,822,446,295,81,763,412,272,79,59,34,23,2,15,13,2,0,13,11,2,0,25,8,17,0,6,2,2,2
S01010489,932,439,398,95,861,406,362,93,71,33,36,2,11,7,4,0,15,6,9,0,17,9,8,0,28,11,15,2
S01010490,749,449,193,107,698,413,184,101,51,36,9,6,4,3,1,0,8,6,2,0,25,17,4,4,14,10,2,2
S01010491,906,570,257,79,846,527,245,74,60,43,12,5,20,15,2,3,14,10,4,0,13,11,1,1,13,7,5,1
S01010492,575,336,196,43,561,328,192,41,14,8,4,2,1,0,1,0,2,1,1,0,1,0,0,1,10,7,2,1
S01010493,719,507,174,38,681,488,161,32,38,19,13,6,9,7,2,0,15,5,6,4,8,3,3,2,6,4,2,0
S01010494,628,242,251,135,581,224,233,124,47,18,18,11,5,4,1,0,3,1,2,0,27,9,10,8,12,4,5,3
S01010495,858,476,330,52,821,460,310,51,37,16,20,1,3,0,3,0,19,5,14,0,8,8,0,0,7,3,3,1
S01010496,812,552,197,63,753,511,181,61,59,41,16,2,4,4,0,0,19,12,5,2,22,14,8,0,14,11,3,0
S01010497,749,325,270,154,719,320,252,147,30,5,18,7,8,1,7,0,8,2,5,1,8,1,4,3,6,1,2,3
S01010498,839,433,334,72,819,424,326,69,20,9,8,3,6,6,0,0,3,0,2,1,3,1,2,0,8,2,4,2
S01010499,804,631,151,22,705,547,136,22,99,84,15,0,24,21,3,0,26,20,6,0,24,20,4,0,25,23,2,0
S01010500,1078,551,367,160,1044,544,344,156,34,7,23,4,1,0,1,0,10,1,8,1,1,0,1,0,22,6,13,3
S01010501,928,408,311,209,883,394,295,194,45,14,16,15,10,4,3,3,14,1,7,6,6,0,3,3,15,9,3,3
S01010502,803,235,373,195,777,231,353,193,26,4,20,2,0,0,0,0,10,0,10,0,10,1,8,1,6,3,2,1
S01010503,655,372,225,58,627,355,215,57,28,17,10,1,6,6,0,0,4,3,1,0,12,4,8,0,6,4,1,1
S01010504,531,40,221,270,502,35,208,259,29,5,13,11,1,0,1,0,4,2,2,0,1,0,1,0,23,3,9,11
S01010505,558,45,192,321,534,44,180,310,24,1,12,11,3,0,3,0,1,0,1,0,2,0,1,1,18,1,7,10
S01010506,828,110,330,388,786,104,312,370,42,6,18,18,0,0,0,0,4,1,2,1,11,1,4,6,27,4,12,11
S01010507,794,109,416,269,768,108,400,260,26,1,16,9,0,0,0,0,4,0,4,0,9,0,8,1,13,1,4,8
S01010508,962,74,403,485,926,72,382,472,36,2,21,13,6,0,5,1,5,1,1,3,6,0,4,2,19,1,11,7
S01010509,922,47,313,562,859,43,279,537,63,4,34,25,7,0,7,0,5,0,4,1,11,2,9,0,40,2,14,24
S01010510,777,107,351,319,745,99,335,311,32,8,16,8,6,0,4,2,7,1,4,2,7,3,2,2,12,4,6,2
S01010511,870,182,469,219,845,180,451,214,25,2,18,5,5,0,5,0,5,0,5,0,5,1,4,0,10,1,4,5
S01010512,611,129,282,200,598,122,277,199,13,7,5,1,4,2,2,0,3,3,0,0,2,2,0,0,4,0,3,1
S01010513,757,54,298,405,716,47,279,390,41,7,19,15,5,5,0,0,11,2,5,4,5,0,3,2,20,0,11,9
S01010514,709,133,380,196,674,122,367,185,35,11,13,11,2,2,0,0,15,4,5,6,7,3,3,1,11,2,5,4
S01010515,799,214,373,212,750,193,352,205,49,21,21,7,9,2,7,0,12,11,1,0,11,3,4,4,17,5,9,3
S01010516,557,93,244,220,522,86,226,210,35,7,18,10,5,4,0,1,7,1,5,1,7,0,7,0,16,2,6,8
S01010517,858,239,363,256,799,214,340,245,59,25,23,11,11,9,1,1,11,5,5,1,21,10,8,3,16,1,9,6
S01010518,656,128,304,224,582,104,268,210,74,24,36,14,20,8,11,1,22,10,8,4,11,0,9,2,21,6,8,7
S01010519,748,168,347,233,693,164,322,207,55,4,25,26,18,0,9,9,10,0,1,9,10,0,7,3,17,4,8,5
S01010520,945,152,495,298,905,144,472,289,40,8,23,9,4,2,2,0,4,1,3,0,11,2,9,0,21,3,9,9
S01010521,750,185,343,222,705,173,319,213,45,12,24,9,9,5,4,0,8,2,6,0,11,1,6,4,17,4,8,5
S01010522,581,158,252,171,522,135,237,150,59,23,15,21,19,8,3,8,21,6,5,10,11,8,3,0,8,1,4,3
S01010523,644,237,271,136,541,212,211,118,103,25,60,18,20,5,13,2,35,6,26,3,34,10,16,8,14,4,5,5
S01010524,504,29,188,287,466,28,171,267,38,1,17,20,5,0,3,2,7,0,2,5,5,1,2,2,21,0,10,11
S01010525,624,21,216,387,595,20,207,368,29,1,9,19,4,0,3,1,2,0,2,0,3,1,1,1,20,0,3,17
S01010526,787,73,340,374,742,69,318,355,45,4,22,19,4,0,1,3,8,0,6,2,13,0,6,7,20,4,9,7
S01010527,889,219,411,259,834,208,386,240,55,11,25,19,8,2,2,4,9,1,2,6,11,0,8,3,27,8,13,6
S01010528,611,31,208,372,577,27,193,357,34,4,15,15,6,1,4,1,4,0,3,1,7,1,2,4,17,2,6,9
S01010529,698,41,268,389,657,39,251,367,41,2,17,22,3,0,3,0,11,0,4,7,7,0,4,3,20,2,6,12
S01010530,645,22,270,353,623,21,260,342,22,1,10,11,4,0,1,3,3,0,1,2,5,0,4,1,10,1,4,5
S01010531,1067,101,518,448,1011,91,487,433,56,10,31,15,4,1,3,0,11,4,7,0,7,0,4,3,34,5,17,12
S01010532,545,16,242,287,516,12,230,274,29,4,12,13,2,0,2,0,2,1,0,1,5,2,1,2,20,1,9,10
S01010533,561,84,266,211,514,71,245,198,47,13,21,13,14,7,3,4,10,2,7,1,3,0,1,2,20,4,10,6
S01010534,882,111,402,369,837,100,377,360,45,11,25,9,6,0,6,0,7,4,3,0,11,5,3,3,21,2,13,6
S01010535,699,33,259,407,656,32,243,381,43,1,16,26,7,0,4,3,1,0,0,1,3,0,0,3,32,1,12,19
S01010536,840,191,431,218,787,179,396,212,53,12,35,6,6,2,4,0,15,2,9,4,13,1,11,1,19,7,11,1
S01010537,668,140,336,192,600,120,296,184,68,20,40,8,17,10,7,0,23,4,18,1,8,3,5,0,20,3,10,7
S01010538,849,103,451,295,772,93,412,267,77,10,39,28,12,4,3,5,20,2,14,4,30,1,17,12,15,3,5,7
S01010539,1005,121,475,409,918,108,425,385,87,13,50,24,13,4,8,1,37,5,28,4,9,0,4,5,28,4,10,14
S01010540,626,48,270,308,593,42,250,301,33,6,20,7,6,0,4,2,6,0,6,0,5,3,2,0,16,3,8,5
S01010541,819,50,322,447,768,45,298,425,51,5,24,22,12,2,3,7,12,3,5,4,3,0,2,1,24,0,14,10
S01010542,880,85,349,446,831,81,327,423,49,4,22,23,4,3,0,1,10,0,5,5,7,0,3,4,28,1,14,13
S01010543,600,31,198,371,565,29,176,360,35,2,22,11,4,2,2,0,16,0,14,2,0,0,0,0,15,0,6,9
S01010544,864,90,395,379,822,89,368,365,42,1,27,14,11,0,7,4,12,0,11,1,8,0,6,2,11,1,3,7
S01010545,727,110,311,306,669,102,281,286,58,8,30,20,6,1,4,1,18,1,13,4,15,0,7,8,19,6,6,7
S01010546,733,97,349,287,643,83,303,257,90,14,46,30,20,6,4,10,30,3,19,8,10,2,5,3,30,3,18,9
S01010547,754,34,269,451,721,30,257,434,33,4,12,17,3,1,1,1,5,3,0,2,5,0,3,2,20,0,8,12
S01010548,677,20,273,384,642,19,258,365,35,1,15,19,0,0,0,0,4,0,2,2,2,1,1,0,29,0,12,17
S01010549,941,27,421,493,887,23,391,473,54,4,30,20,2,0,0,2,9,0,8,1,19,4,10,5,24,0,12,12
S01010550,535,62,203,270,505,56,189,260,30,6,14,10,1,0,0,1,5,0,5,0,2,1,1,0,22,5,8,9
S01010551,685,47,221,417,649,44,208,397,36,3,13,20,0,0,0,0,8,0,4,4,3,0,0,3,25,3,9,13
S01010552,783,46,256,481,739,45,228,466,44,1,28,15,6,0,6,0,5,0,4,1,9,0,8,1,24,1,10,13
S01010553,621,14,177,430,579,3,170,406,42,11,7,24,4,2,2,0,4,0,1,3,10,6,0,4,24,3,4,17
S01010554,776,161,407,208,692,145,356,191,84,16,51,17,13,8,1,4,27,5,20,2,17,0,12,5,27,3,18,6
S01010555,924,222,431,271,846,206,403,237,78,16,28,34,12,2,2,8,6,2,3,1,20,5,7,8,40,7,16,17
S01010556,926,250,439,237,897,245,421,231,29,5,18,6,2,0,2,0,4,1,3,0,5,1,2,2,18,3,11,4
S01010557,641,123,297,221,627,121,289,217,14,2,8,4,0,0,0,0,2,0,2,0,0,0,0,0,12,2,6,4
S01010558,800,134,404,262,772,130,385,257,28,4,19,5,3,0,3,0,2,0,2,0,5,1,4,0,18,3,10,5
S01010559,728,91,299,338,688,88,282,318,40,3,17,20,5,0,2,3,3,0,0,3,6,0,2,4,26,3,13,10
S01010560,663,49,303,311,637,47,289,301,26,2,14,10,0,0,0,0,2,0,2,0,11,2,5,4,13,0,7,6
S01010561,697,44,256,397,662,43,245,374,35,1,11,23,0,0,0,0,1,0,0,1,10,0,2,8,24,1,9,14
S01010562,731,60,373,298,699,53,355,291,32,7,18,7,6,2,4,0,3,1,1,1,3,0,3,0,20,4,10,6
S01010563,519,118,214,187,506,116,212,178,13,2,2,9,3,0,0,3,1,0,0,1,1,0,0,1,8,2,2,4
S01010564,500,168,195,137,493,166,191,136,7,2,4,1,0,0,0,0,0,0,0,0,1,0,1,0,6,2,3,1
S01010565,654,110,251,293,640,106,246,288,14,4,5,5,0,0,0,0,2,2,0,0,2,2,0,0,10,0,5,5
S01010566,1088,43,355,690,1040,41,329,670,48,2,26,20,3,0,0,3,10,0,7,3,10,1,6,3,25,1,13,11
S01010567,983,17,238,728,947,15,228,704,36,2,10,24,5,2,2,1,4,0,1,3,5,0,3,2,22,0,4,18
S01010568,977,69,289,619,934,68,280,586,43,1,9,33,1,0,1,0,5,0,2,3,12,1,0,11,25,0,6,19
S01010569,712,25,243,444,670,24,236,410,42,1,7,34,2,0,0,2,6,0,2,4,4,1,0,3,30,0,5,25
S01010570,1089,197,516,376,1044,189,493,362,45,8,23,14,1,0,1,0,12,0,7,5,4,1,1,2,28,7,14,7
S01010571,776,72,393,311,717,62,356,299,59,10,37,12,5,4,1,0,13,2,11,0,12,2,7,3,29,2,18,9
S01010572,765,192,373,200,708,186,345,177,57,6,28,23,8,0,1,7,21,2,12,7,15,4,7,4,13,0,8,5
S01010573,534,97,282,155,513,95,271,147,21,2,11,8,1,0,1,0,2,0,0,2,6,0,4,2,12,2,6,4
S01010574,609,27,275,307,577,25,259,293,32,2,16,14,1,0,0,1,5,0,5,0,5,0,3,2,21,2,8,11
S01010575,686,27,254,405,664,26,242,396,22,1,12,9,1,0,1,0,2,0,2,0,3,0,2,1,16,1,7,8
S01010576,822,30,279,513,786,29,266,491,36,1,13,22,3,0,0,3,3,0,2,1,7,0,1,6,23,1,10,12
S01010577,901,223,412,266,854,220,385,249,47,3,27,17,7,0,1,6,8,0,8,0,13,0,7,6,19,3,11,5
S01010578,576,78,266,232,547,75,250,222,29,3,16,10,4,0,4,0,4,0,4,0,7,3,4,0,14,0,4,10
S01010579,736,65,317,354,700,62,303,335,36,3,14,19,5,0,2,3,5,0,0,5,4,0,2,2,22,3,10,9
S01010580,513,112,292,109,438,93,244,101,75,19,48,8,8,3,5,0,29,8,18,3,23,6,15,2,15,2,10,3
S01010581,522,45,284,193,471,42,251,178,51,3,33,15,7,0,6,1,19,0,18,1,10,1,4,5,15,2,5,8
S01010582,451,31,183,237,410,27,156,227,41,4,27,10,7,1,5,1,15,0,10,5,7,0,6,1,12,3,6,3
S01010583,986,62,466,458,935,59,440,436,51,3,26,22,8,0,5,3,6,1,2,3,18,1,9,8,19,1,10,8
S01010584,819,71,335,413,766,63,312,391,53,8,23,22,5,0,4,1,12,1,10,1,18,4,5,9,18,3,4,11
S01010585,844,46,326,472,807,43,313,451,37,3,13,21,2,1,0,1,10,1,1,8,11,1,7,3,14,0,5,9
S01010586,783,21,294,468,742,13,275,454,41,8,19,14,3,0,3,0,13,5,4,4,10,3,5,2,15,0,7,8
S01010587,687,32,290,365,646,31,268,347,41,1,22,18,1,0,1,0,7,1,6,0,13,0,8,5,20,0,7,13
S01010588,649,36,292,321,611,36,264,311,38,0,28,10,6,0,6,0,9,0,9,0,4,0,3,1,19,0,10,9
S01010589,620,152,289,179,580,143,269,168,40,9,20,11,1,0,1,0,12,2,6,4,12,3,8,1,15,4,5,6
S01010590,889,7,222,660,848,6,212,630,41,1,10,30,3,0,0,3,6,0,5,1,11,0,2,9,21,1,3,17
S01010591,767,48,367,352,711,48,332,331,56,0,35,21,4,0,4,0,30,0,19,11,11,0,7,4,11,0,5,6
S01010592,509,70,308,131,474,67,282,125,35,3,26,6,6,0,5,1,7,0,7,0,12,2,8,2,10,1,6,3
S01010593,651,17,260,374,604,13,243,348,47,4,17,26,6,0,0,6,8,1,4,3,9,1,3,5,24,2,10,12
S01010594,668,59,315,294,588,44,279,265,80,15,36,29,4,0,3,1,25,6,14,5,29,6,13,10,22,3,6,13
S01010595,837,79,394,364,765,69,356,340,72,10,38,24,6,0,5,1,20,4,13,3,28,3,15,10,18,3,5,10
S01010596,834,12,317,505,792,12,300,480,42,0,17,25,4,0,2,2,11,0,5,6,8,0,4,4,19,0,6,13
S01010597,644,69,292,283,602,64,267,271,42,5,25,12,4,0,2,2,14,2,12,0,8,0,7,1,16,3,4,9
S01010598,1041,75,497,469,968,70,465,433,73,5,32,36,5,0,1,4,22,2,15,5,23,0,10,13,23,3,6,14
S01010599,607,27,300,280,570,25,280,265,37,2,20,15,8,1,6,1,11,1,6,4,2,0,1,1,16,0,7,9
S01010600,911,101,408,402,858,87,383,388,53,14,25,14,9,3,4,2,12,7,4,1,3,1,1,1,29,3,16,10
S01010601,676,47,345,284,625,45,317,263,51,2,28,21,3,0,0,3,14,0,7,7,10,1,5,4,24,1,16,7
S01010602,522,52,256,214,493,43,240,210,29,9,16,4,11,1,7,3,6,0,5,1,2,2,0,0,10,6,4,0
S01010603,809,71,361,377,774,70,341,363,35,1,20,14,1,0,0,1,2,0,2,0,4,0,3,1,28,1,15,12
S01010604,494,17,211,266,474,16,202,256,20,1,9,10,5,0,2,3,1,0,1,0,2,0,0,2,12,1,6,5
S01010605,891,64,418,409,833,56,391,386,58,8,27,23,5,2,3,0,11,2,4,5,8,1,2,5,34,3,18,13
S01010606,816,188,437,191,747,167,405,175,69,21,32,16,10,7,2,1,23,4,16,3,11,3,6,2,25,7,8,10
S01010607,846,81,325,440,802,65,316,421,44,16,9,19,3,1,1,1,14,11,1,2,8,3,1,4,19,1,6,12
S01010608,673,292,273,108,611,283,239,89,62,9,34,19,4,3,1,0,22,1,17,4,23,1,10,12,13,4,6,3
S01010609,570,154,284,132,524,146,256,122,46,8,28,10,4,2,0,2,18,1,12,5,11,3,7,1,13,2,9,2
S01010610,639,61,309,269,596,55,280,261,43,6,29,8,4,0,2,2,5,1,3,1,9,1,8,0,25,4,16,5
S01010611,925,270,463,192,869,253,429,187,56,17,34,5,11,4,7,0,13,3,9,1,11,3,8,0,21,7,10,4
S01010612,781,110,451,220,746,104,428,214,35,6,23,6,6,4,2,0,7,0,7,0,6,0,4,2,16,2,10,4
S01010613,698,164,300,234,653,150,284,219,45,14,16,15,4,2,2,0,14,3,8,3,10,4,1,5,17,5,5,7
S01010614,542,197,277,68,502,190,248,64,40,7,29,4,1,1,0,0,11,3,6,2,12,0,12,0,16,3,11,2
S01010615,824,139,393,292,762,118,368,276,62,21,25,16,6,5,1,0,20,5,10,5,19,4,10,5,17,7,4,6
S01010616,856,90,433,333,807,77,413,317,49,13,20,16,7,5,1,1,10,2,4,4,11,1,8,2,21,5,7,9
S01010617,904,62,499,343,877,52,489,336,27,10,10,7,1,1,0,0,5,0,3,2,8,6,0,2,13,3,7,3
S01010618,756,46,397,313,714,42,382,290,42,4,15,23,3,1,1,1,10,0,4,6,12,2,3,7,17,1,7,9
S01010619,619,241,279,99,512,195,221,96,107,46,58,3,10,6,4,0,55,23,32,0,29,14,13,2,13,3,9,1
S01010620,614,388,180,46,474,294,135,45,140,94,45,1,41,33,7,1,48,36,12,0,32,15,17,0,19,10,9,0
S01010621,904,201,424,279,784,165,359,260,120,36,65,19,18,12,3,3,42,3,29,10,34,16,16,2,26,5,17,4
S01010622,648,281,283,84,597,263,253,81,51,18,30,3,2,2,0,0,15,6,9,0,17,4,11,2,17,6,10,1
S01010623,867,117,517,233,761,101,446,214,106,16,71,19,16,3,8,5,30,4,20,6,29,3,23,3,31,6,20,5
S01010624,546,154,258,134,486,140,223,123,60,14,35,11,3,2,0,1,21,5,12,4,17,3,12,2,19,4,11,4
S01010625,761,64,345,352,720,58,330,332,41,6,15,20,0,0,0,0,8,0,6,2,9,2,2,5,24,4,7,13
S01010626,818,69,342,407,761,67,301,393,57,2,41,14,5,0,4,1,10,0,10,0,11,0,7,4,31,2,20,9
S01010627,778,203,374,201,658,176,305,177,120,27,69,24,27,8,15,4,38,10,18,10,36,6,27,3,19,3,9,7
S01010628,904,248,458,198,782,201,410,171,122,47,48,27,13,9,3,1,51,23,20,8,29,11,10,8,29,4,15,10
S01010629,914,191,428,295,834,175,387,272,80,16,41,23,9,3,3,3,27,5,16,6,15,4,8,3,29,4,14,11
S01010630,551,183,226,142,506,159,212,135,45,24,14,7,8,4,4,0,11,9,2,0,9,3,3,3,17,8,5,4
S01010631,588,233,238,117,509,197,210,102,79,36,28,15,8,6,0,2,23,11,10,2,22,8,11,3,26,11,7,8
S01010632,956,290,474,192,857,257,424,176,99,33,50,16,9,3,4,2,42,19,18,5,25,3,16,6,23,8,12,3
S01010633,1035,387,468,180,971,364,440,167,64,23,28,13,6,3,3,0,21,9,9,3,20,4,8,8,17,7,8,2
S01010634,665,197,263,205,615,176,240,199,50,21,23,6,6,3,3,0,19,9,10,0,14,3,8,3,11,6,2,3
S01010635,803,263,341,199,738,240,313,185,65,23,28,14,3,2,1,0,30,10,16,4,11,2,7,2,21,9,4,8
S01010636,808,160,408,240,744,141,375,228,64,19,33,12,9,6,3,0,23,3,15,5,10,6,4,0,22,4,11,7
S01010637,519,267,193,59,445,228,167,50,74,39,26,9,9,2,5,2,35,20,11,4,16,10,6,0,14,7,4,3
S01010638,785,248,371,166,698,220,334,144,87,28,37,22,11,6,2,3,34,8,18,8,19,6,5,8,23,8,12,3
S01010639,1121,446,509,166,981,394,435,152,140,52,74,14,21,5,14,2,78,31,39,8,31,13,15,3,10,3,6,1
S01010640,792,271,349,172,614,198,277,139,178,73,72,33,42,18,17,7,59,23,26,10,39,19,13,7,38,13,16,9
S01010641,1015,504,385,126,886,468,315,103,129,36,70,23,16,1,11,4,45,12,29,4,34,7,19,8,34,16,11,7
S01010642,978,491,373,114,897,455,335,107,81,36,38,7,7,3,4,0,37,16,18,3,17,4,12,1,20,13,4,3
S01010643,741,322,310,109,671,312,269,90,70,10,41,19,5,0,4,1,42,7,23,12,9,2,5,2,14,1,9,4
S01010644,665,407,184,74,627,396,167,64,38,11,17,10,4,0,0,4,7,6,0,1,11,1,6,4,16,4,11,1
S01010645,534,64,272,198,487,57,247,183,47,7,25,15,4,1,2,1,14,2,8,4,14,2,9,3,15,2,6,7
S01010646,669,61,279,329,618,55,257,306,51,6,22,23,3,1,2,0,19,1,6,12,16,3,6,7,13,1,8,4
S01010647,616,67,311,238,586,64,294,228,30,3,17,10,0,0,0,0,10,0,6,4,4,0,3,1,16,3,8,5
S01010648,651,128,301,222,610,122,280,208,41,6,21,14,11,1,7,3,6,3,0,3,12,0,7,5,12,2,7,3
S01010649,556,74,277,205,517,68,254,195,39,6,23,10,6,1,4,1,12,2,8,2,9,2,6,1,12,1,5,6
S01010650,452,55,191,206,424,48,178,198,28,7,13,8,3,1,0,2,6,6,0,0,6,0,4,2,13,0,9,4
S01010651,665,166,305,194,626,160,285,181,39,6,20,13,3,0,3,0,12,0,10,2,7,2,0,5,17,4,7,6
S01010652,718,85,389,244,665,77,361,227,53,8,28,17,2,0,1,1,13,1,7,5,13,0,12,1,25,7,8,10
S01010653,584,62,310,212,560,58,301,201,24,4,9,11,3,0,2,1,8,3,3,2,4,0,0,4,9,1,4,4
S01010654,763,178,393,192,706,163,362,181,57,15,31,11,8,4,2,2,9,2,6,1,23,4,15,4,17,5,8,4
S01010655,909,36,275,598,857,35,255,567,52,1,20,31,0,0,0,0,5,0,1,4,9,0,3,6,38,1,16,21
S01010656,475,41,193,241,448,40,180,228,27,1,13,13,1,0,1,0,3,1,1,1,8,0,3,5,15,0,8,7
S01010657,639,27,147,465,615,19,144,452,24,8,3,13,1,1,0,0,3,3,0,0,0,0,0,0,20,4,3,13
S01010658,732,47,241,444,701,40,228,433,31,7,13,11,1,1,0,0,5,1,4,0,8,4,3,1,17,1,6,10
S01010659,648,18,213,417,613,18,201,394,35,0,12,23,2,0,0,2,12,0,5,7,9,0,4,5,12,0,3,9
S01010660,606,92,269,245,583,86,259,238,23,6,10,7,4,0,1,3,2,1,1,0,3,2,0,1,14,3,8,3
S01010661,568,124,216,228,544,116,207,221,24,8,9,7,6,2,4,0,7,5,2,0,2,0,2,0,9,1,1,7
S01010662,758,34,289,435,734,34,273,427,24,0,16,8,3,0,3,0,2,0,2,0,3,0,2,1,16,0,9,7
S01010663,953,31,259,663,915,30,246,639,38,1,13,24,2,0,1,1,7,0,5,2,8,0,4,4,21,1,3,17
S01010664,819,21,198,600,773,21,181,571,46,0,17,29,0,0,0,0,3,0,3,0,5,0,3,2,38,0,11,27
S01010665,952,57,361,534,899,54,334,511,53,3,27,23,2,0,2,0,2,0,1,1,16,0,8,8,33,3,16,14
S01010666,941,109,369,463,910,105,357,448,31,4,12,15,5,0,3,2,2,0,0,2,4,1,1,2,20,3,8,9
S01010667,695,24,211,460,649,22,199,428,46,2,12,32,3,0,0,3,9,1,2,6,12,0,3,9,22,1,7,14
S01010668,1082,102,514,466,1021,100,479,442,61,2,35,24,2,0,2,0,9,0,9,0,18,0,8,10,32,2,16,14
S01010669,602,39,244,319,588,37,238,313,14,2,6,6,0,0,0,0,0,0,0,0,2,0,1,1,12,2,5,5
S01010670,683,50,288,345,660,49,276,335,23,1,12,10,4,0,3,1,0,0,0,0,6,1,3,2,13,0,6,7
S01010671,723,69,260,394,694,67,247,380,29,2,13,14,5,0,3,2,3,0,2,1,1,0,0,1,20,2,8,10
S01010672,648,153,308,187,628,148,297,183,20,5,11,4,0,0,0,0,0,0,0,0,3,0,1,2,17,5,10,2
S01010673,880,109,407,364,826,96,384,346,54,13,23,18,7,3,4,0,5,3,1,1,11,1,5,5,31,6,13,12
S01010674,951,97,350,504,908,95,331,482,43,2,19,22,4,0,3,1,5,0,2,3,7,0,4,3,27,2,10,15
S01010675,627,49,192,386,602,49,179,374,25,0,13,12,3,0,3,0,5,0,5,0,7,0,3,4,10,0,2,8
S01010676,846,66,405,375,795,64,375,356,51,2,30,19,0,0,0,0,10,0,6,4,11,1,6,4,30,1,18,11
S01010677,499,23,205,271,474,21,196,257,25,2,9,14,6,1,2,3,1,0,1,0,4,0,1,3,14,1,5,8
S01010678,610,56,230,324,590,54,219,317,20,2,11,7,0,0,0,0,2,0,2,0,5,0,1,4,13,2,8,3
S01010679,552,102,244,206,527,99,236,192,25,3,8,14,5,0,4,1,0,0,0,0,1,0,1,0,19,3,3,13
S01010680,621,119,298,204,589,115,277,197,32,4,21,7,1,0,1,0,12,3,6,3,5,0,3,2,14,1,11,2
S01010681,1067,217,531,319,1031,212,514,305,36,5,17,14,9,0,5,4,3,0,2,1,8,2,4,2,16,3,6,7
S01010682,963,52,359,552,939,50,346,543,24,2,13,9,1,0,0,1,6,1,4,1,4,0,2,2,13,1,7,5
S01010683,956,83,393,480,931,80,375,476,25,3,18,4,4,0,4,0,2,0,2,0,5,0,4,1,14,3,8,3
S01010684,756,47,311,398,722,40,301,381,34,7,10,17,3,1,2,0,6,2,1,3,4,0,0,4,21,4,7,10
S01010685,609,48,238,323,577,45,228,304,32,3,10,19,2,0,0,2,5,2,1,2,2,0,0,2,23,1,9,13
S01010686,690,42,305,343,656,41,287,328,34,1,18,15,1,0,1,0,4,1,3,0,3,0,0,3,26,0,14,12
S01010687,805,87,340,378,777,83,330,364,28,4,10,14,2,0,0,2,2,0,2,0,4,1,1,2,20,3,7,10
S01010688,692,42,294,356,661,41,274,346,31,1,20,10,1,0,1,0,3,0,1,2,2,0,2,0,25,1,16,8
S01010689,754,61,396,297,709,58,371,280,45,3,25,17,1,0,1,0,2,0,2,0,13,0,8,5,29,3,14,12
S01010690,651,155,320,176,600,139,291,170,51,16,29,6,7,3,4,0,9,2,7,0,14,7,7,0,21,4,11,6
S01010691,743,29,301,413,695,29,274,392,48,0,27,21,6,0,5,1,4,0,3,1,9,0,4,5,29,0,15,14
S01010692,711,96,384,231,656,87,344,225,55,9,40,6,9,4,5,0,8,1,6,1,19,2,15,2,19,2,14,3
S01010693,472,20,185,267,444,17,174,253,28,3,11,14,1,0,0,1,3,0,0,3,6,0,2,4,18,3,9,6
S01010694,554,46,227,281,532,46,212,274,22,0,15,7,0,0,0,0,0,0,0,0,11,0,10,1,11,0,5,6
S01010695,707,27,222,458,682,23,215,444,25,4,7,14,1,1,0,0,4,1,0,3,1,0,0,1,19,2,7,10
S01010696,970,71,356,543,928,66,333,529,42,5,23,14,9,0,8,1,5,0,4,1,8,2,2,4,20,3,9,8
S01010697,1072,42,374,656,1038,40,361,637,34,2,13,19,0,0,0,0,6,0,4,2,2,0,1,1,26,2,8,16
S01010698,757,51,332,374,714,48,314,352,43,3,18,22,4,0,0,4,10,0,4,6,6,1,2,3,23,2,12,9
S01010699,605,15,193,397,570,11,190,369,35,4,3,28,7,3,0,4,1,0,0,1,4,0,0,4,23,1,3,19
S01010700,611,25,188,398,586,25,178,383,25,0,10,15,3,0,2,1,1,0,0,1,6,0,4,2,15,0,4,11
S01010701,1063,100,434,529,1028,98,418,512,35,2,16,17,2,0,2,0,4,0,4,0,4,0,2,2,25,2,8,15
S01010702,957,27,299,631,896,23,286,587,61,4,13,44,3,1,0,2,10,0,2,8,12,2,2,8,36,1,9,26
S01010703,824,13,265,546,790,13,251,526,34,0,14,20,2,0,0,2,9,0,4,5,5,0,1,4,18,0,9,9
S01010704,658,111,273,274,627,99,265,263,31,12,8,11,4,3,1,0,3,3,0,0,6,0,3,3,18,6,4,8
S01010705,1121,102,494,525,1084,99,474,511,37,3,20,14,4,0,3,1,3,0,3,0,4,1,2,1,26,2,12,12
S01010706,671,97,296,278,641,93,284,264,30,4,12,14,3,2,1,0,5,0,1,4,7,0,6,1,15,2,4,9
S01010707,676,20,190,466,648,19,176,453,28,1,14,13,7,0,5,2,0,0,0,0,3,0,3,0,18,1,6,11
S01010708,546,80,214,252,527,75,206,246,19,5,8,6,0,0,0,0,1,0,1,0,10,4,4,2,8,1,3,4
S01010709,745,49,266,430,729,46,259,424,16,3,7,6,2,0,2,0,1,0,1,0,2,0,0,2,11,3,4,4
S01010710,766,150,343,273,752,145,335,272,14,5,8,1,1,1,0,0,0,0,0,0,1,0,1,0,12,4,7,1
S01010711,778,44,280,454,758,38,272,448,20,6,8,6,2,2,0,0,3,2,1,0,3,0,2,1,12,2,5,5
S01010712,723,131,333,259,689,122,313,254,34,9,20,5,9,2,7,0,10,2,8,0,4,1,2,1,11,4,3,4
S01010713,799,136,393,270,738,119,365,254,61,17,28,16,11,2,4,5,26,10,10,6,8,3,4,1,16,2,10,4
S01010714,748,248,329,171,694,229,302,163,54,19,27,8,9,5,3,1,17,7,9,1,10,4,1,5,18,3,14,1
S01010715,701,154,357,190,662,148,337,177,39,6,20,13,6,0,4,2,17,3,9,5,4,0,3,1,12,3,4,5
S01010716,834,216,422,196,711,178,364,169,123,38,58,27,33,12,19,2,45,14,23,8,14,3,8,3,31,9,8,14
S01010717,621,51,287,283,595,49,273,273,26,2,14,10,0,0,0,0,6,2,2,2,2,0,2,0,18,0,10,8
S01010718,945,94,373,478,897,92,341,464,48,2,32,14,4,1,1,2,11,0,7,4,9,0,8,1,24,1,16,7
S01010719,634,63,274,297,599,58,256,285,35,5,18,12,2,0,2,0,3,1,0,2,11,0,6,5,19,4,10,5
S01010720,731,85,236,410,709,84,226,399,22,1,10,11,2,0,0,2,0,0,0,0,5,0,1,4,15,1,9,5
S01010721,630,31,278,321,595,28,268,299,35,3,10,22,1,1,0,0,0,0,0,0,5,0,1,4,29,2,9,18
S01010722,867,118,339,410,833,118,325,390,34,0,14,20,0,0,0,0,1,0,1,0,10,0,2,8,23,0,11,12
S01010723,901,21,224,656,843,19,208,616,58,2,16,40,4,0,1,3,15,0,7,8,1,0,0,1,38,2,8,28
S01010724,887,53,319,515,847,51,297,499,40,2,22,16,5,0,2,3,5,0,3,2,3,0,0,3,27,2,17,8
S01010725,691,27,188,476,657,26,171,460,34,1,17,16,2,0,2,0,4,1,1,2,6,0,2,4,22,0,12,10
S01010726,921,69,369,483,893,67,359,467,28,2,10,16,0,0,0,0,1,0,0,1,4,0,2,2,23,2,8,13
S01010727,645,17,159,469,632,15,155,462,13,2,4,7,3,2,1,0,0,0,0,0,0,0,0,0,10,0,3,7
S01010728,521,11,170,340,494,9,160,325,27,2,10,15,0,0,0,0,9,2,3,4,1,0,0,1,17,0,7,10
S01010729,723,13,177,533,702,13,170,519,21,0,7,14,0,0,0,0,0,0,0,0,7,0,3,4,14,0,4,10
S01010730,845,15,227,603,802,14,216,572,43,1,11,31,5,0,1,4,2,0,1,1,8,0,1,7,28,1,8,19
S01010731,891,126,400,365,837,113,373,351,54,13,27,14,3,2,0,1,8,2,6,0,15,3,10,2,28,6,11,11
S01010732,840,177,395,268,788,168,365,255,52,9,30,13,15,3,11,1,13,3,5,5,3,0,3,0,21,3,11,7
S01010733,580,182,246,152,556,170,239,147,24,12,7,5,0,0,0,0,7,3,4,0,5,1,1,3,12,8,2,2
S01010734,894,246,356,292,860,238,340,282,34,8,16,10,5,1,0,4,9,3,5,1,9,1,5,3,11,3,6,2
S01010735,644,157,338,149,559,153,277,129,85,4,61,20,12,0,6,6,26,2,23,1,36,1,23,12,11,1,9,1
S01010736,500,16,234,250,484,16,223,245,16,0,11,5,3,0,3,0,4,0,4,0,0,0,0,0,9,0,4,5
S01010737,1012,197,461,354,952,187,424,341,60,10,37,13,6,4,1,1,13,1,7,5,12,0,11,1,29,5,18,6
S01010738,548,114,265,169,534,112,254,168,14,2,11,1,3,0,3,0,2,0,2,0,2,0,2,0,7,2,4,1
S01010739,870,177,458,235,813,160,431,222,57,17,27,13,8,4,4,0,8,4,4,0,22,5,7,10,19,4,12,3
S01010740,507,173,253,81,497,169,248,80,10,4,5,1,0,0,0,0,3,1,2,0,1,1,0,0,6,2,3,1
S01010741,573,64,232,277,549,62,224,263,24,2,8,14,0,0,0,0,4,0,2,2,4,0,2,2,16,2,4,10
S01010742,730,162,344,224,696,156,316,224,34,6,28,0,2,1,1,0,11,0,11,0,9,3,6,0,12,2,10,0
S01010743,761,182,388,191,732,179,372,181,29,3,16,10,4,0,4,0,8,0,6,2,12,2,4,6,5,1,2,2
S01010744,1041,141,480,420,1014,138,466,410,27,3,14,10,0,0,0,0,6,0,4,2,6,1,1,4,15,2,9,4
S01010745,612,156,257,199,574,149,238,187,38,7,19,12,13,1,4,8,3,1,2,0,8,0,7,1,14,5,6,3
S01010746,1016,61,315,640,971,55,299,617,45,6,16,23,7,1,1,5,3,1,2,0,6,1,1,4,29,3,12,14
S01010747,827,127,315,385,783,125,288,370,44,2,27,15,5,0,5,0,13,0,6,7,5,0,4,1,21,2,12,7
S01010748,631,43,266,322,606,41,257,308,25,2,9,14,0,0,0,0,4,2,2,0,3,0,0,3,18,0,7,11
S01010749,614,32,224,358,599,32,221,346,15,0,3,12,1,0,1,0,1,0,0,1,4,0,0,4,9,0,2,7
S01010750,624,35,265,324,599,34,247,318,25,1,18,6,5,0,2,3,3,0,3,0,6,1,3,2,11,0,10,1
S01010751,745,204,317,224,706,197,300,209,39,7,17,15,7,0,1,6,9,2,7,0,12,1,4,7,11,4,5,2
S01010752,756,197,320,239,714,185,301,228,42,12,19,11,8,6,2,0,12,2,10,0,10,1,4,5,12,3,3,6
S01010753,1047,191,438,418,1018,189,418,411,29,2,20,7,0,0,0,0,13,0,12,1,3,1,2,0,13,1,6,6
S01010754,695,163,337,195,647,157,305,185,48,6,32,10,6,2,4,0,14,2,11,1,7,0,5,2,21,2,12,7
S01010755,626,107,327,192,602,100,322,180,24,7,5,12,1,0,1,0,5,1,1,3,2,0,0,2,16,6,3,7
S01010756,659,30,316,313,634,28,298,308,25,2,18,5,3,0,3,0,6,0,5,1,0,0,0,0,16,2,10,4
S01010757,743,42,279,422,711,39,267,405,32,3,12,17,1,0,0,1,1,0,0,1,3,1,1,1,27,2,11,14
S01010758,677,49,295,333,639,46,278,315,38,3,17,18,13,1,5,7,11,2,4,5,6,0,2,4,8,0,6,2
S01010759,606,87,288,231,570,87,274,209,36,0,14,22,10,0,1,9,7,0,3,4,10,0,5,5,9,0,5,4
S01010760,566,80,277,209,538,73,263,202,28,7,14,7,3,1,2,0,4,3,1,0,6,0,4,2,15,3,7,5
S01010761,527,15,149,363,505,13,138,354,22,2,11,9,1,1,0,0,4,0,2,2,2,0,2,0,15,1,7,7
S01010762,598,35,194,369,580,33,188,359,18,2,6,10,2,0,1,1,0,0,0,0,2,0,2,0,14,2,3,9
S01010763,681,79,294,308,654,77,280,297,27,2,14,11,4,0,2,2,0,0,0,0,3,1,2,0,20,1,10,9
S01010764,576,37,253,286,551,35,244,272,25,2,9,14,3,0,1,2,1,0,0,1,2,0,1,1,19,2,7,10
S01010765,1005,112,443,450,977,107,429,441,28,5,14,9,7,0,5,2,3,3,0,0,6,1,5,0,12,1,4,7
S01010766,779,134,367,278,753,129,353,271,26,5,14,7,1,0,1,0,2,0,2,0,3,2,1,0,20,3,10,7
S01010767,706,158,351,197,685,150,343,192,21,8,8,5,0,0,0,0,8,5,3,0,4,1,3,0,9,2,2,5
S01010768,576,119,272,185,561,112,265,184,15,7,7,1,0,0,0,0,2,2,0,0,5,3,1,1,8,2,6,0
S01010769,483,22,211,250,467,22,201,244,16,0,10,6,1,0,1,0,5,0,4,1,3,0,1,2,7,0,4,3
S01010770,862,110,354,398,831,104,346,381,31,6,8,17,7,4,1,2,7,0,3,4,3,0,1,2,14,2,3,9
S01010771,864,165,388,311,827,162,365,300,37,3,23,11,2,0,2,0,8,1,7,0,7,0,4,3,20,2,10,8
S01010772,737,64,345,328,715,61,335,319,22,3,10,9,4,0,2,2,1,0,0,1,0,0,0,0,17,3,8,6
S01010773,785,62,255,468,759,62,243,454,26,0,12,14,2,0,0,2,4,0,4,0,2,0,1,1,18,0,7,11
S01010774,721,138,338,245,702,136,331,235,19,2,7,10,0,0,0,0,2,0,0,2,6,1,1,4,11,1,6,4
S01010775,643,39,296,308,625,36,284,305,18,3,12,3,2,0,2,0,3,2,0,1,1,0,1,0,12,1,9,2
S01010776,540,117,310,113,519,110,298,111,21,7,12,2,6,2,3,1,2,1,1,0,4,0,3,1,9,4,5,0
S01010777,494,191,208,95,471,180,199,92,23,11,9,3,5,3,2,0,1,0,1,0,5,3,2,0,12,5,4,3
S01010778,491,179,225,87,485,178,223,84,6,1,2,3,0,0,0,0,0,0,0,0,3,0,0,3,3,1,2,0
S01010779,769,289,294,186,742,282,282,178,27,7,12,8,0,0,0,0,9,0,7,2,5,4,0,1,13,3,5,5
S01010780,561,119,286,156,542,118,274,150,19,1,12,6,2,0,1,1,9,0,5,4,1,0,1,0,7,1,5,1
S01010781,777,119,414,244,750,115,398,237,27,4,16,7,5,1,2,2,2,1,1,0,2,0,1,1,18,2,12,4
S01010782,590,145,279,166,573,141,268,164,17,4,11,2,0,0,0,0,4,0,4,0,7,4,3,0,6,0,4,2
S01010783,550,176,235,139,532,173,223,136,18,3,12,3,3,1,2,0,4,1,3,0,7,0,7,0,4,1,0,3
S01010784,743,272,327,144,726,269,315,142,17,3,12,2,1,1,0,0,6,1,5,0,3,0,2,1,7,1,5,1
S01010785,683,83,344,256,665,81,336,248,18,2,8,8,1,0,1,0,1,0,0,1,4,1,3,0,12,1,4,7
S01010786,654,48,263,343,644,47,257,340,10,1,6,3,1,0,1,0,0,0,0,0,2,0,2,0,7,1,3,3
S01010787,913,65,299,549,898,64,294,540,15,1,5,9,0,0,0,0,2,0,1,1,1,0,0,1,12,1,4,7
S01010788,622,48,253,321,602,42,244,316,20,6,9,5,1,0,1,0,8,4,4,0,4,0,2,2,7,2,2,3
S01010789,729,50,271,408,716,49,266,401,13,1,5,7,0,0,0,0,0,0,0,0,9,1,4,4,4,0,1,3
S01010790,668,36,234,398,661,36,232,393,7,0,2,5,0,0,0,0,0,0,0,0,2,0,0,2,5,0,2,3
S01010791,835,54,302,479,794,51,282,461,41,3,20,18,6,0,2,4,6,1,1,4,10,1,5,4,19,1,12,6
S01010792,620,121,277,222,609,118,271,220,11,3,6,2,2,0,2,0,1,0,1,0,0,0,0,0,8,3,3,2
S01010793,649,34,208,407,629,31,201,397,20,3,7,10,0,0,0,0,2,0,2,0,4,0,0,4,14,3,5,6
S01010794,550,38,211,301,536,38,207,291,14,0,4,10,2,0,0,2,0,0,0,0,5,0,2,3,7,0,2,5
S01010795,982,85,410,487,964,82,403,479,18,3,7,8,4,1,2,1,0,0,0,0,2,0,2,0,12,2,3,7
S01010796,829,23,210,596,817,22,208,587,12,1,2,9,2,0,1,1,2,0,0,2,0,0,0,0,8,1,1,6
S01010797,762,42,226,494,740,41,216,483,22,1,10,11,0,0,0,0,2,0,2,0,5,0,4,1,15,1,4,10
S01010798,667,39,247,381,646,34,238,374,21,5,9,7,1,1,0,0,6,2,3,1,5,2,2,1,9,0,4,5
S01010799,891,265,438,188,870,256,428,186,21,9,10,2,2,0,2,0,6,5,1,0,8,3,4,1,5,1,3,1
S01010800,731,186,370,175,718,181,364,173,13,5,6,2,0,0,0,0,5,2,2,1,2,2,0,0,6,1,4,1
S01010801,708,190,324,194,691,187,314,190,17,3,10,4,3,1,2,0,3,0,3,0,3,0,1,2,8,2,4,2
S01010802,565,135,262,168,547,130,253,164,18,5,9,4,7,1,5,1,2,1,1,0,4,2,2,0,5,1,1,3
S01010803,589,173,260,156,572,167,255,150,17,6,5,6,0,0,0,0,5,1,1,3,4,4,0,0,8,1,4,3
S01010804,588,100,285,203,569,99,272,198,19,1,13,5,3,0,3,0,2,0,2,0,1,0,1,0,13,1,7,5
S01010805,853,125,438,290,825,123,421,281,28,2,17,9,2,1,0,1,7,0,6,1,2,1,0,1,17,0,11,6
S01010806,916,337,309,270,889,328,300,261,27,9,9,9,1,0,0,1,10,6,3,1,1,0,1,0,15,3,5,7
S01010807,570,95,307,168,554,91,297,166,16,4,10,2,1,0,1,0,1,0,0,1,3,0,2,1,11,4,7,0
S01010808,553,79,296,178,539,77,285,177,14,2,11,1,6,2,4,0,5,0,4,1,1,0,1,0,2,0,2,0
S01010809,724,72,288,364,707,68,282,357,17,4,6,7,1,0,0,1,3,0,1,2,5,3,2,0,8,1,3,4
S01010810,480,52,222,206,465,52,211,202,15,0,11,4,0,0,0,0,2,0,1,1,6,0,6,0,7,0,4,3
S01010811,847,71,313,463,817,68,300,449,30,3,13,14,2,0,2,0,5,0,3,2,3,0,1,2,20,3,7,10
S01010812,515,54,208,253,493,54,197,242,22,0,11,11,4,0,3,1,5,0,2,3,2,0,1,1,11,0,5,6
S01010813,534,62,249,223,512,60,242,210,22,2,7,13,0,0,0,0,1,0,0,1,6,0,2,4,15,2,5,8
S01010814,620,40,303,277,575,39,274,262,45,1,29,15,6,0,4,2,5,0,5,0,2,0,2,0,32,1,18,13
S01010815,442,39,206,197,421,34,194,193,21,5,12,4,0,0,0,0,3,3,0,0,2,0,1,1,16,2,11,3
S01010816,634,65,154,415,610,58,147,405,24,7,7,10,4,3,0,1,2,0,0,2,3,1,0,2,15,3,7,5
S01010817,905,61,276,568,867,58,261,548,38,3,15,20,1,0,1,0,1,0,1,0,4,0,2,2,32,3,11,18
S01010818,1014,122,344,548,957,117,323,517,57,5,21,31,7,0,4,3,10,3,4,3,8,1,2,5,32,1,11,20
S01010819,805,107,290,408,771,103,278,390,34,4,12,18,1,0,1,0,2,0,1,1,8,0,2,6,23,4,8,11
S01010820,526,15,158,353,501,15,148,338,25,0,10,15,0,0,0,0,2,0,1,1,3,0,1,2,20,0,8,12
S01010821,597,17,139,441,555,16,130,409,42,1,9,32,2,0,0,2,2,0,0,2,9,0,3,6,29,1,6,22
S01010822,663,12,177,474,620,12,164,444,43,0,13,30,6,0,3,3,2,0,0,2,4,0,3,1,31,0,7,24
S01010823,435,54,170,211,426,54,168,204,9,0,2,7,0,0,0,0,1,0,1,0,0,0,0,0,8,0,1,7
S01010824,758,22,199,537,744,20,191,533,14,2,8,4,1,0,1,0,4,2,2,0,0,0,0,0,9,0,5,4
S01010825,355,14,96,245,345,14,86,245,10,0,10,0,0,0,0,0,0,0,0,0,7,0,7,0,3,0,3,0
S01010826,755,53,261,441,719,50,252,417,36,3,9,24,7,0,3,4,2,0,1,1,3,1,2,0,24,2,3,19
S01010827,598,36,194,368,586,35,189,362,12,1,5,6,1,0,1,0,0,0,0,0,4,0,3,1,7,1,1,5
S01010828,1239,55,300,884,1193,53,283,857,46,2,17,27,6,0,4,2,1,0,0,1,10,1,4,5,29,1,9,19
S01010829,900,105,387,408,869,100,371,398,31,5,16,10,3,1,1,1,5,0,3,2,3,2,1,0,20,2,11,7
S01010830,556,78,181,297,546,76,177,293,10,2,4,4,1,0,0,1,0,0,0,0,0,0,0,0,9,2,4,3
S01010831,598,19,104,475,581,17,99,465,17,2,5,10,1,0,0,1,4,1,1,2,3,1,2,0,9,0,2,7
S01010832,730,79,265,386,719,75,265,379,11,4,0,7,0,0,0,0,0,0,0,0,1,0,0,1,10,4,0,6
S01010833,902,35,204,663,872,35,195,642,30,0,9,21,0,0,0,0,3,0,0,3,5,0,1,4,22,0,8,14
S01010834,916,53,371,492,885,44,365,476,31,9,6,16,3,2,1,0,1,1,0,0,5,3,2,0,22,3,3,16
S01010835,645,13,208,424,619,12,200,407,26,1,8,17,0,0,0,0,0,0,0,0,1,0,0,1,25,1,8,16
S01010836,771,72,363,336,747,70,350,327,24,2,13,9,0,0,0,0,5,0,1,4,1,0,0,1,18,2,12,4
S01010837,660,125,296,239,655,124,296,235,5,1,0,4,0,0,0,0,0,0,0,0,1,0,0,1,4,1,0,3
S01010838,842,120,360,362,830,118,358,354,12,2,2,8,0,0,0,0,1,0,0,1,0,0,0,0,11,2,2,7
S01010839,729,135,310,284,712,132,302,278,17,3,8,6,0,0,0,0,4,1,1,2,2,0,2,0,11,2,5,4
S01010840,490,134,230,126,469,127,218,124,21,7,12,2,0,0,0,0,3,1,2,0,4,1,2,1,14,5,8,1
S01010841,748,146,377,225,714,135,359,220,34,11,18,5,3,1,2,0,3,0,3,0,9,0,6,3,19,10,7,2
S01010842,899,447,346,106,858,431,329,98,41,16,17,8,7,6,1,0,7,0,5,2,8,3,4,1,19,7,7,5
S01010843,643,237,313,93,625,229,304,92,18,8,9,1,3,1,2,0,2,0,2,0,3,2,1,0,10,5,4,1
S01010844,668,67,273,328,654,66,263,325,14,1,10,3,0,0,0,0,1,0,0,1,1,0,1,0,12,1,9,2
S01010845,619,85,283,251,605,85,279,241,14,0,4,10,0,0,0,0,1,0,0,1,2,0,1,1,11,0,3,8
S01010846,765,217,327,221,750,215,320,215,15,2,7,6,0,0,0,0,1,0,0,1,3,0,3,0,11,2,4,5
S01010847,649,32,275,342,629,32,266,331,20,0,9,11,0,0,0,0,5,0,5,0,2,0,0,2,13,0,4,9
S01010848,665,268,260,137,658,264,258,136,7,4,2,1,0,0,0,0,1,0,1,0,0,0,0,0,6,4,1,1
S01010849,951,330,378,243,924,322,363,239,27,8,15,4,2,0,2,0,11,7,4,0,6,0,6,0,8,1,3,4
S01010850,801,370,268,163,791,367,268,156,10,3,0,7,0,0,0,0,0,0,0,0,0,0,0,0,10,3,0,7
S01010851,814,293,330,191,794,290,319,185,20,3,11,6,0,0,0,0,0,0,0,0,4,0,1,3,16,3,10,3
S01010852,722,208,304,210,710,204,296,210,12,4,8,0,0,0,0,0,0,0,0,0,1,1,0,0,11,3,8,0
S01010853,882,230,392,260,868,229,387,252,14,1,5,8,1,0,1,0,1,0,0,1,0,0,0,0,12,1,4,7
S01010854,923,329,374,220,899,322,361,216,24,7,13,4,4,4,0,0,4,0,4,0,3,1,1,1,13,2,8,3
S01010855,560,222,232,106,551,215,230,106,9,7,2,0,0,0,0,0,4,3,1,0,1,1,0,0,4,3,1,0
S01010856,869,344,372,153,852,339,360,153,17,5,12,0,0,0,0,0,4,0,4,0,2,1,1,0,11,4,7,0
S01010857,842,149,356,337,828,147,351,330,14,2,5,7,0,0,0,0,0,0,0,0,0,0,0,0,14,2,5,7
S01010858,725,244,286,195,706,237,278,191,19,7,8,4,6,2,0,4,1,0,1,0,5,2,3,0,7,3,4,0
S01010859,734,272,309,153,725,271,305,149,9,1,4,4,2,0,2,0,0,0,0,0,2,1,1,0,5,0,1,4
S01010860,626,196,258,172,609,191,253,165,17,5,5,7,1,0,0,1,2,1,1,0,5,1,1,3,9,3,3,3
S01010861,649,317,245,87,630,308,239,83,19,9,6,4,2,2,0,0,1,0,1,0,5,3,1,1,11,4,4,3
S01010862,540,303,173,64,535,300,172,63,5,3,1,1,0,0,0,0,0,0,0,0,1,1,0,0,4,2,1,1
S01010863,747,111,285,351,724,109,274,341,23,2,11,10,0,0,0,0,2,0,0,2,5,1,4,0,16,1,7,8
S01010864,560,56,181,323,544,56,173,315,16,0,8,8,0,0,0,0,0,0,0,0,1,0,1,0,15,0,7,8
S01010865,699,64,319,316,664,62,301,301,35,2,18,15,5,1,4,0,1,0,0,1,2,0,0,2,27,1,14,12
S01010866,657,98,219,340,632,95,207,330,25,3,12,10,0,0,0,0,1,0,1,0,1,0,0,1,23,3,11,9
S01010867,632,81,205,346,606,77,194,335,26,4,11,11,1,0,1,0,2,0,2,0,3,1,2,0,20,3,6,11
S01010868,702,80,300,322,675,77,287,311,27,3,13,11,3,1,1,1,4,0,1,3,2,0,2,0,18,2,9,7
S01010869,756,45,224,487,723,44,217,462,33,1,7,25,0,0,0,0,4,0,0,4,2,1,0,1,27,0,7,20
S01010870,771,156,349,266,729,150,326,253,42,6,23,13,9,2,5,2,3,1,2,0,6,0,5,1,24,3,11,10
S01010871,853,179,390,284,806,165,370,271,47,14,20,13,6,5,0,1,11,2,9,0,7,4,1,2,23,3,10,10
S01010872,715,225,336,154,678,216,314,148,37,9,22,6,8,5,3,0,6,0,4,2,8,2,6,0,15,2,9,4
S01010873,547,368,139,40,521,354,128,39,26,14,11,1,3,2,1,0,4,2,2,0,5,0,5,0,14,10,3,1
S01010874,771,126,301,344,744,118,291,335,27,8,10,9,6,4,2,0,4,0,1,3,2,0,2,0,15,4,5,6
S01010875,517,172,218,127,481,154,203,124,36,18,15,3,13,11,2,0,11,6,5,0,2,0,1,1,10,1,7,2
S01010876,740,339,317,84,711,323,305,83,29,16,12,1,5,4,1,0,8,3,5,0,10,7,3,0,6,2,3,1
S01010877,958,258,425,275,928,250,415,263,30,8,10,12,1,1,0,0,7,2,3,2,6,3,2,1,16,2,5,9
S01010878,977,298,428,251,959,292,421,246,18,6,7,5,0,0,0,0,1,0,1,0,6,3,1,2,11,3,5,3
S01010879,829,178,346,305,817,175,339,303,12,3,7,2,0,0,0,0,2,2,0,0,2,1,1,0,8,0,6,2
S01010880,549,199,242,108,533,194,234,105,16,5,8,3,0,0,0,0,4,0,4,0,2,2,0,0,10,3,4,3
S01010881,621,169,268,184,615,168,264,183,6,1,4,1,1,0,1,0,0,0,0,0,1,0,1,0,4,1,2,1
S01010882,557,88,217,252,546,84,215,247,11,4,2,5,0,0,0,0,0,0,0,0,1,0,1,0,10,4,1,5
S01010883,839,139,277,423,807,135,267,405,32,4,10,18,0,0,0,0,2,0,2,0,1,0,1,0,29,4,7,18
S01010884,723,365,265,93,718,363,262,93,5,2,3,0,0,0,0,0,0,0,0,0,0,0,0,0,5,2,3,0
S01010885,946,530,295,121,909,509,283,117,37,21,12,4,5,5,0,0,10,7,3,0,5,2,3,0,17,7,6,4
S01010886,448,192,159,97,440,187,158,95,8,5,1,2,2,2,0,0,0,0,0,0,4,2,1,1,2,1,0,1
S01010887,821,487,239,95,809,483,231,95,12,4,8,0,0,0,0,0,1,1,0,0,5,0,5,0,6,3,3,0
S01010888,768,322,311,135,741,307,301,133,27,15,10,2,2,2,0,0,4,4,0,0,5,1,4,0,16,8,6,2
S01010889,524,286,202,36,508,276,196,36,16,10,6,0,2,2,0,0,2,1,1,0,1,1,0,0,11,6,5,0
S01010890,769,491,235,43,754,480,232,42,15,11,3,1,6,4,2,0,1,1,0,0,1,1,0,0,7,5,1,1
S01010891,397,289,96,12,375,271,93,11,22,18,3,1,5,5,0,0,2,1,1,0,2,1,1,0,13,11,1,1
S01010892,819,469,269,81,795,455,262,78,24,14,7,3,3,3,0,0,8,4,3,1,3,2,1,0,10,5,3,2
S01010893,511,291,169,51,501,283,167,51,10,8,2,0,3,3,0,0,1,0,1,0,3,3,0,0,3,2,1,0
S01010894,596,213,275,108,576,209,265,102,20,4,10,6,3,3,0,0,5,0,2,3,5,0,4,1,7,1,4,2
S01010895,411,202,141,68,407,200,139,68,4,2,2,0,0,0,0,0,0,0,0,0,0,0,0,0,4,2,2,0
S01010896,667,282,306,79,662,280,303,79,5,2,3,0,0,0,0,0,0,0,0,0,1,0,1,0,4,2,2,0
S01010897,836,393,310,133,830,390,307,133,6,3,3,0,0,0,0,0,2,0,2,0,0,0,0,0,4,3,1,0
S01010898,596,223,203,170,591,223,202,166,5,0,1,4,1,0,0,1,0,0,0,0,0,0,0,0,4,0,1,3
S01010899,584,99,227,258,577,98,223,256,7,1,4,2,0,0,0,0,3,0,2,1,0,0,0,0,4,1,2,1
S01010900,688,295,273,120,680,293,270,117,8,2,3,3,0,0,0,0,0,0,0,0,1,1,0,0,7,1,3,3
S01010901,465,213,164,88,457,212,161,84,8,1,3,4,0,0,0,0,1,0,1,0,0,0,0,0,7,1,2,4
S01010902,957,314,388,255,941,312,382,247,16,2,6,8,1,0,1,0,4,0,1,3,2,0,1,1,9,2,3,4
S01010903,793,418,267,108,784,413,264,107,9,5,3,1,0,0,0,0,0,0,0,0,0,0,0,0,9,5,3,1
S01010904,528,243,179,106,520,240,175,105,8,3,4,1,0,0,0,0,0,0,0,0,2,1,1,0,6,2,3,1
S01010905,635,142,318,175,613,142,306,165,22,0,12,10,0,0,0,0,3,0,3,0,8,0,4,4,11,0,5,6
S01010906,956,266,401,289,946,264,395,287,10,2,6,2,0,0,0,0,1,0,0,1,4,2,2,0,5,0,4,1
S01010907,526,23,205,298,513,22,198,293,13,1,7,5,1,0,1,0,0,0,0,0,3,1,2,0,9,0,4,5
S01010908,610,195,228,187,604,194,224,186,6,1,4,1,0,0,0,0,0,0,0,0,1,0,0,1,5,1,4,0
S01010909,668,91,306,271,650,89,300,261,18,2,6,10,2,0,0,2,0,0,0,0,0,0,0,0,16,2,6,8
S01010910,500,269,206,25,491,264,203,24,9,5,3,1,0,0,0,0,0,0,0,0,2,1,1,0,7,4,2,1
S01010911,541,297,185,59,536,296,182,58,5,1,3,1,0,0,0,0,0,0,0,0,0,0,0,0,5,1,3,1
S01010912,674,368,200,106,653,360,193,100,21,8,7,6,3,0,2,1,0,0,0,0,1,0,0,1,17,8,5,4
S01010913,642,99,255,288,623,96,249,278,19,3,6,10,2,1,1,0,1,1,0,0,6,0,2,4,10,1,3,6
S01010914,660,88,242,330,651,88,239,324,9,0,3,6,0,0,0,0,1,0,1,0,1,0,1,0,7,0,1,6
S01010915,736,101,276,359,719,101,267,351,17,0,9,8,1,0,1,0,0,0,0,0,4,0,2,2,12,0,6,6
S01010916,576,306,187,83,562,299,182,81,14,7,5,2,0,0,0,0,3,2,1,0,5,3,1,1,6,2,3,1
S01010917,712,255,303,154,700,251,297,152,12,4,6,2,0,0,0,0,3,3,0,0,1,0,1,0,8,1,5,2
S01010918,728,231,309,188,718,225,307,186,10,6,2,2,0,0,0,0,0,0,0,0,1,0,0,1,9,6,2,1
S01010919,789,255,331,203,780,252,329,199,9,3,2,4,0,0,0,0,0,0,0,0,1,0,1,0,8,3,1,4
S01010920,591,267,209,115,576,263,205,108,15,4,4,7,0,0,0,0,0,0,0,0,1,1,0,0,14,3,4,7
S01010921,630,217,254,159,626,217,251,158,4,0,3,1,0,0,0,0,0,0,0,0,0,0,0,0,4,0,3,1
S01010922,821,339,315,167,815,337,312,166,6,2,3,1,0,0,0,0,0,0,0,0,1,0,1,0,5,2,2,1
S01010923,879,303,382,194,870,300,376,194,9,3,6,0,0,0,0,0,1,0,1,0,0,0,0,0,8,3,5,0
S01010924,607,199,245,163,602,198,245,159,5,1,0,4,0,0,0,0,0,0,0,0,0,0,0,0,5,1,0,4
S01010925,858,318,397,143,853,317,393,143,5,1,4,0,1,1,0,0,0,0,0,0,1,0,1,0,3,0,3,0
S01010926,785,291,326,168,777,287,323,167,8,4,3,1,1,0,0,1,0,0,0,0,0,0,0,0,7,4,3,0
S01010927,577,181,279,117,569,179,274,116,8,2,5,1,0,0,0,0,1,0,1,0,4,2,2,0,3,0,2,1
S01010928,739,262,315,162,735,261,312,162,4,1,3,0,0,0,0,0,0,0,0,0,1,0,1,0,3,1,2,0
S01010929,660,272,254,134,648,269,245,134,12,3,9,0,2,0,2,0,1,0,1,0,4,0,4,0,5,3,2,0
S01010930,887,23,263,601,831,23,244,564,56,0,19,37,8,0,2,6,8,0,5,3,10,0,6,4,30,0,6,24
S01010931,428,11,177,240,410,11,167,232,18,0,10,8,0,0,0,0,1,0,1,0,6,0,5,1,11,0,4,7
S01010932,548,139,211,198,526,130,206,190,22,9,5,8,0,0,0,0,4,4,0,0,3,2,1,0,15,3,4,8
S01010933,753,30,188,535,711,26,177,508,42,4,11,27,1,0,1,0,6,0,3,3,8,2,3,3,27,2,4,21
S01010934,1031,85,336,610,995,77,319,599,36,8,17,11,3,2,1,0,4,2,2,0,4,1,3,0,25,3,11,11
S01010935,655,123,237,295,628,117,227,284,27,6,10,11,2,0,2,0,3,2,1,0,6,1,0,5,16,3,7,6
S01010936,675,183,308,184,647,176,293,178,28,7,15,6,1,1,0,0,3,2,0,1,6,0,6,0,18,4,9,5
S01010937,728,96,278,354,714,90,272,352,14,6,6,2,2,2,0,0,0,0,0,0,2,0,2,0,10,4,4,2
S01010938,809,304,351,154,788,296,343,149,21,8,8,5,0,0,0,0,5,4,0,1,3,0,2,1,13,4,6,3
S01010939,514,62,209,243,491,61,195,235,23,1,14,8,4,0,2,2,5,0,5,0,1,0,1,0,13,1,6,6
S01010940,683,30,308,345,665,28,296,341,18,2,12,4,0,0,0,0,0,0,0,0,4,0,4,0,14,2,8,4
S01010941,860,25,294,541,832,23,284,525,28,2,10,16,1,0,1,0,1,0,1,0,2,0,1,1,24,2,7,15
S01010942,646,30,283,333,625,27,272,326,21,3,11,7,1,0,1,0,0,0,0,0,3,3,0,0,17,0,10,7
S01010943,623,152,302,169,593,148,280,165,30,4,22,4,5,0,5,0,4,0,4,0,6,2,4,0,15,2,9,4
S01010944,588,233,248,107,565,230,233,102,23,3,15,5,1,0,1,0,3,0,3,0,4,0,3,1,15,3,8,4
S01010945,540,112,254,174,523,107,250,166,17,5,4,8,0,0,0,0,6,3,0,3,3,1,1,1,8,1,3,4
S01010946,811,181,378,252,801,179,372,250,10,2,6,2,0,0,0,0,0,0,0,0,2,1,1,0,8,1,5,2
S01010947,536,131,260,145,514,122,253,139,22,9,7,6,6,5,0,1,0,0,0,0,1,1,0,0,15,3,7,5
S01010948,673,142,347,184,653,140,335,178,20,2,12,6,3,0,2,1,2,0,0,2,5,1,3,1,10,1,7,2
S01010949,927,42,338,547,904,39,328,537,23,3,10,10,1,0,1,0,1,0,1,0,2,0,2,0,19,3,6,10
S01010950,846,185,371,290,822,183,353,286,24,2,18,4,3,0,3,0,4,0,4,0,2,0,2,0,15,2,9,4
S01010951,626,101,309,216,589,98,293,198,37,3,16,18,0,0,0,0,4,0,3,1,3,0,1,2,30,3,12,15
S01010952,540,77,203,260,516,77,193,246,24,0,10,14,2,0,1,1,3,0,2,1,3,0,2,1,16,0,5,11
S01010953,561,85,227,249,548,84,219,245,13,1,8,4,0,0,0,0,0,0,0,0,0,0,0,0,13,1,8,4
S01010954,512,35,205,272,501,32,203,266,11,3,2,6,0,0,0,0,2,1,1,0,5,1,1,3,4,1,0,3
S01010955,1023,125,466,432,906,104,397,405,117,21,69,27,12,8,4,0,29,4,22,3,29,4,22,3,47,5,21,21
S01010956,691,55,225,411,653,53,206,394,38,2,19,17,3,0,2,1,9,1,8,0,3,0,2,1,23,1,7,15
S01010957,581,31,242,308,548,26,225,297,33,5,17,11,4,3,1,0,3,0,0,3,13,1,8,4,13,1,8,4
S01010958,482,77,203,202,469,75,194,200,13,2,9,2,1,0,1,0,0,0,0,0,2,0,2,0,10,2,6,2
S01010959,579,77,307,195,544,75,291,178,35,2,16,17,2,0,0,2,2,0,1,1,6,0,4,2,25,2,11,12
S01010960,1093,181,461,451,1036,174,436,426,57,7,25,25,6,1,0,5,15,2,6,7,21,0,13,8,15,4,6,5
S01010961,566,115,216,235,543,112,206,225,23,3,10,10,2,0,2,0,2,0,2,0,2,1,1,0,17,2,5,10
S01010962,530,114,277,139,508,108,265,135,22,6,12,4,2,0,1,1,2,0,2,0,0,0,0,0,18,6,9,3
S01010963,949,150,378,421,907,145,354,408,42,5,24,13,0,0,0,0,8,0,6,2,10,0,10,0,24,5,8,11
S01010964,523,85,231,207,516,83,228,205,7,2,3,2,0,0,0,0,0,0,0,0,0,0,0,0,7,2,3,2
S01010965,517,185,205,127,490,179,201,110,27,6,4,17,1,0,0,1,4,0,1,3,7,1,1,5,15,5,2,8
S01010966,684,133,369,182,658,130,357,171,26,3,12,11,4,1,1,2,0,0,0,0,8,0,2,6,14,2,9,3
S01010967,697,147,373,177,680,143,366,171,17,4,7,6,1,0,0,1,1,0,1,0,5,0,1,4,10,4,5,1
S01010968,715,106,334,275,687,103,317,267,28,3,17,8,2,1,0,1,7,1,6,0,3,0,3,0,16,1,8,7
S01010969,538,87,219,232,505,78,208,219,33,9,11,13,4,4,0,0,6,0,5,1,4,1,2,1,19,4,4,11
S01010970,955,155,394,406,915,151,373,391,40,4,21,15,1,0,1,0,5,0,4,1,16,1,7,8,18,3,9,6
S01010971,1056,90,431,535,1024,88,416,520,32,2,15,15,1,0,0,1,3,0,3,0,4,0,3,1,24,2,9,13
S01010972,846,213,417,216,814,208,400,206,32,5,17,10,5,1,2,2,4,1,3,0,9,0,5,4,14,3,7,4
S01010973,490,50,235,205,481,50,229,202,9,0,6,3,0,0,0,0,0,0,0,0,2,0,2,0,7,0,4,3
S01010974,696,154,313,229,680,148,308,224,16,6,5,5,5,1,1,3,2,0,2,0,1,0,1,0,8,5,1,2
S01010975,490,153,178,159,475,148,173,154,15,5,5,5,0,0,0,0,0,0,0,0,4,1,2,1,11,4,3,4
S01010976,498,89,211,198,486,85,208,193,12,4,3,5,0,0,0,0,2,0,2,0,1,0,0,1,9,4,1,4
S01010977,721,111,320,290,707,110,313,284,14,1,7,6,0,0,0,0,0,0,0,0,3,0,3,0,11,1,4,6
S01010978,739,240,275,224,705,233,256,216,34,7,19,8,5,1,4,0,3,0,3,0,3,1,2,0,23,5,10,8
S01010979,825,173,385,267,778,163,363,252,47,10,22,15,5,2,1,2,4,0,4,0,10,0,9,1,28,8,8,12
S01010980,727,162,346,219,705,159,337,209,22,3,9,10,0,0,0,0,0,0,0,0,3,0,1,2,19,3,8,8
S01010981,739,167,356,216,715,163,342,210,24,4,14,6,3,1,2,0,6,0,6,0,4,0,4,0,11,3,2,6
S01010982,1048,85,348,615,989,81,323,585,59,4,25,30,8,3,2,3,8,1,1,6,9,0,4,5,34,0,18,16
S01010983,780,161,349,270,757,160,344,253,23,1,5,17,3,0,1,2,3,0,0,3,4,0,0,4,13,1,4,8
S01010984,663,85,299,279,650,84,293,273,13,1,6,6,0,0,0,0,0,0,0,0,1,0,1,0,12,1,5,6
S01010985,638,104,254,280,608,96,244,268,30,8,10,12,4,2,2,0,10,4,4,2,1,0,1,0,15,2,3,10
S01010986,537,19,136,382,510,17,128,365,27,2,8,17,2,0,0,2,3,0,0,3,8,1,3,4,14,1,5,8
S01010987,658,22,170,466,637,21,166,450,21,1,4,16,0,0,0,0,3,1,1,1,7,0,0,7,11,0,3,8
S01010988,627,17,181,429,612,17,174,421,15,0,7,8,1,0,1,0,0,0,0,0,0,0,0,0,14,0,6,8
S01010989,917,23,363,531,883,23,346,514,34,0,17,17,2,0,0,2,5,0,2,3,5,0,4,1,22,0,11,11
S01010990,798,140,353,305,754,131,338,285,44,9,15,20,1,1,0,0,10,3,7,0,8,1,4,3,25,4,4,17
S01010991,523,50,189,284,498,50,182,266,25,0,7,18,1,0,0,1,2,0,2,0,9,0,2,7,13,0,3,10
S01010992,583,15,106,462,538,14,93,431,45,1,13,31,4,0,2,2,2,0,0,2,9,0,2,7,30,1,9,20
S01010993,632,61,271,300,612,58,261,293,20,3,10,7,0,0,0,0,0,0,0,0,3,1,1,1,17,2,9,6
S01010994,992,39,349,604,950,38,329,583,42,1,20,21,5,0,0,5,4,0,3,1,8,0,7,1,25,1,10,14
S01010995,719,33,291,395,704,32,284,388,15,1,7,7,5,0,5,0,0,0,0,0,1,0,0,1,9,1,2,6
S01010996,553,30,204,319,527,29,196,302,26,1,8,17,1,0,0,1,4,0,4,0,4,1,1,2,17,0,3,14
S01010997,637,37,231,369,616,35,221,360,21,2,10,9,0,0,0,0,0,0,0,0,3,1,2,0,18,1,8,9
S01010998,578,36,130,412,551,34,127,390,27,2,3,22,1,0,0,1,0,0,0,0,2,0,0,2,24,2,3,19
S01010999,886,129,358,399,831,117,328,386,55,12,30,13,16,7,9,0,6,1,5,0,12,1,10,1,21,3,6,12
S01011000,842,81,316,445,809,78,303,428,33,3,13,17,0,0,0,0,4,1,3,0,1,1,0,0,28,1,10,17
S01011001,643,138,303,202,628,133,298,197,15,5,5,5,4,1,0,3,3,0,3,0,3,1,1,1,5,3,1,1
S01011002,707,171,335,201,682,163,321,198,25,8,14,3,2,0,2,0,6,4,2,0,3,0,3,0,14,4,7,3
S01011003,688,117,397,174,672,112,387,173,16,5,10,1,2,0,2,0,0,0,0,0,3,1,2,0,11,4,6,1
S01011004,624,47,280,297,590,44,266,280,34,3,14,17,2,1,1,0,3,1,0,2,10,0,4,6,19,1,9,9
S01011005,660,247,285,128,638,237,275,126,22,10,10,2,2,2,0,0,6,3,3,0,3,1,2,0,11,4,5,2
S01011006,1002,134,429,439,954,130,408,416,48,4,21,23,3,0,2,1,5,0,4,1,17,2,3,12,23,2,12,9
S01011007,684,207,328,149,655,194,319,142,29,13,9,7,3,3,0,0,5,5,0,0,8,2,3,3,13,3,6,4
S01011008,783,166,374,243,765,162,368,235,18,4,6,8,0,0,0,0,1,0,1,0,6,0,4,2,11,4,1,6
S01011009,508,121,238,149,481,114,230,137,27,7,8,12,3,1,0,2,6,0,4,2,0,0,0,0,18,6,4,8
S01011010,558,269,218,71,502,248,192,62,56,21,26,9,5,2,2,1,13,3,7,3,19,10,5,4,19,6,12,1
S01011011,753,331,316,106,709,316,292,101,44,15,24,5,7,3,4,0,7,3,4,0,7,2,4,1,23,7,12,4
S01011012,722,302,315,105,679,294,285,100,43,8,30,5,7,0,7,0,13,0,12,1,9,1,7,1,14,7,4,3
S01011013,802,201,410,191,781,198,396,187,21,3,14,4,1,0,1,0,4,0,4,0,5,1,4,0,11,2,5,4
S01011014,811,146,313,352,780,141,295,344,31,5,18,8,3,2,0,1,6,1,5,0,10,1,5,4,12,1,8,3
S01011015,443,90,162,191,434,87,158,189,9,3,4,2,0,0,0,0,0,0,0,0,3,0,3,0,6,3,1,2
S01011016,846,63,253,530,782,59,220,503,64,4,33,27,9,0,6,3,11,0,5,6,19,0,14,5,25,4,8,13
S01011017,822,30,271,521,779,26,258,495,43,4,13,26,1,0,1,0,2,0,0,2,12,0,7,5,28,4,5,19
S01011018,860,102,334,424,838,102,322,414,22,0,12,10,0,0,0,0,3,0,3,0,1,0,0,1,18,0,9,9
S01011019,1031,111,360,560,971,107,334,530,60,4,26,30,9,0,9,0,3,0,0,3,15,0,6,9,33,4,11,18
S01011020,471,23,124,324,451,22,115,314,20,1,9,10,0,0,0,0,4,0,4,0,3,0,1,2,13,1,4,8
S01011021,882,198,361,323,842,195,343,304,40,3,18,19,3,0,1,2,4,0,2,2,15,1,8,6,18,2,7,9
S01011022,581,192,273,116,545,184,259,102,36,8,14,14,2,0,1,1,14,4,3,7,12,0,6,6,8,4,4,0
S01011023,812,181,304,327,793,173,300,320,19,8,4,7,4,4,0,0,3,0,0,3,2,0,2,0,10,4,2,4
S01011024,782,254,357,171,733,247,336,150,49,7,21,21,4,1,1,2,21,1,9,11,11,1,6,4,13,4,5,4
S01011025,680,210,294,176,647,208,286,153,33,2,8,23,0,0,0,0,5,0,1,4,14,0,4,10,14,2,3,9
S01011026,540,141,238,161,529,140,229,160,11,1,9,1,0,0,0,0,0,0,0,0,7,0,7,0,4,1,2,1
S01011027,928,308,434,186,870,298,402,170,58,10,32,16,3,2,1,0,19,2,16,1,11,2,7,2,25,4,8,13
S01011028,987,313,475,199,967,310,461,196,20,3,14,3,4,0,4,0,1,0,1,0,7,3,3,1,8,0,6,2
S01011029,615,134,267,214,583,130,245,208,32,4,22,6,2,1,1,0,13,0,13,0,7,0,3,4,10,3,5,2
S01011030,969,90,450,429,930,88,419,423,39,2,31,6,1,0,1,0,6,0,6,0,8,0,6,2,24,2,18,4
S01011031,734,187,379,168,726,185,374,167,8,2,5,1,0,0,0,0,0,0,0,0,2,0,2,0,6,2,3,1
S01011032,778,233,320,225,765,228,316,221,13,5,4,4,0,0,0,0,1,0,1,0,0,0,0,0,12,5,3,4
S01011033,633,80,299,254,616,77,289,250,17,3,10,4,4,2,2,0,0,0,0,0,2,0,2,0,11,1,6,4
S01011034,664,183,271,210,636,180,250,206,28,3,21,4,2,0,2,0,8,0,8,0,0,0,0,0,18,3,11,4
S01011035,662,170,294,198,638,159,289,190,24,11,5,8,5,4,0,1,4,2,1,1,6,3,1,2,9,2,3,4
S01011036,646,96,298,252,627,93,287,247,19,3,11,5,4,0,3,1,2,0,2,0,3,0,1,2,10,3,5,2
S01011037,963,243,421,299,937,239,407,291,26,4,14,8,2,0,2,0,5,0,5,0,6,0,3,3,13,4,4,5
S01011038,885,301,365,219,862,298,359,205,23,3,6,14,5,0,2,3,1,0,0,1,6,1,0,5,11,2,4,5
S01011039,782,140,319,323,744,134,299,311,38,6,20,12,5,1,1,3,10,0,8,2,5,0,4,1,18,5,7,6
S01011040,752,182,355,215,734,180,350,204,18,2,5,11,0,0,0,0,4,0,0,4,3,0,1,2,11,2,4,5
S01011041,789,251,340,198,767,244,328,195,22,7,12,3,0,0,0,0,5,4,0,1,9,1,8,0,8,2,4,2
S01011042,813,105,295,413,789,101,285,403,24,4,10,10,2,2,0,0,2,1,1,0,1,0,0,1,19,1,9,9
S01011043,707,171,301,235,682,166,287,229,25,5,14,6,1,1,0,0,1,0,1,0,9,3,5,1,14,1,8,5
S01011044,694,176,239,279,668,169,228,271,26,7,11,8,6,3,2,1,2,0,2,0,2,0,1,1,16,4,6,6
S01011045,815,69,309,437,778,63,298,417,37,6,11,20,0,0,0,0,10,2,1,7,5,0,1,4,22,4,9,9
S01011046,854,43,284,527,829,43,277,509,25,0,7,18,2,0,2,0,0,0,0,0,4,0,1,3,19,0,4,15
S01011047,988,40,346,602,941,34,325,582,47,6,21,20,3,0,2,1,11,2,5,4,7,1,1,5,26,3,13,10
S01011048,975,127,414,434,937,123,392,422,38,4,22,12,5,3,2,0,10,0,9,1,7,0,4,3,16,1,7,8
S01011049,680,74,346,260,656,72,329,255,24,2,17,5,3,1,2,0,4,1,2,1,4,0,4,0,13,0,9,4
S01011050,800,21,255,524,773,20,249,504,27,1,6,20,2,0,0,2,0,0,0,0,1,0,0,1,24,1,6,17
S01011051,937,99,316,522,897,92,307,498,40,7,9,24,5,0,2,3,8,4,0,4,6,0,4,2,21,3,3,15
S01011052,812,104,388,320,749,95,346,308,63,9,42,12,14,5,9,0,25,1,23,1,8,1,7,0,16,2,3,11
S01011053,656,123,332,201,616,115,309,192,40,8,23,9,6,6,0,0,11,0,9,2,10,0,7,3,13,2,7,4
S01011054,536,54,220,262,510,51,206,253,26,3,14,9,5,3,2,0,3,0,2,1,5,0,5,0,13,0,5,8
S01011055,566,17,156,393,546,16,148,382,20,1,8,11,4,0,3,1,2,1,1,0,1,0,1,0,13,0,3,10
S01011056,699,17,187,495,678,17,180,481,21,0,7,14,0,0,0,0,4,0,3,1,0,0,0,0,17,0,4,13
S01011057,579,23,244,312,569,23,242,304,10,0,2,8,0,0,0,0,1,0,0,1,1,0,1,0,8,0,1,7
S01011058,638,9,161,468,611,9,153,449,27,0,8,19,1,0,1,0,3,0,0,3,2,0,1,1,21,0,6,15
S01011059,635,14,183,438,606,12,175,419,29,2,8,19,5,0,2,3,4,0,2,2,0,0,0,0,20,2,4,14
S01011060,833,120,347,366,810,116,338,356,23,4,9,10,0,0,0,0,4,0,4,0,3,0,1,2,16,4,4,8
S01011061,843,192,399,252,827,188,391,248,16,4,8,4,0,0,0,0,1,0,1,0,4,1,2,1,11,3,5,3
S01011062,916,145,349,422,900,141,340,419,16,4,9,3,1,0,1,0,3,0,3,0,3,0,3,0,9,4,2,3
S01011063,1036,202,499,335,1015,198,492,325,21,4,7,10,2,0,1,1,6,0,2,4,1,0,1,0,12,4,3,5
S01011064,1025,146,426,453,1003,143,413,447,22,3,13,6,1,0,1,0,2,0,2,0,5,0,4,1,14,3,6,5
S01011065,706,42,317,347,684,38,305,341,22,4,12,6,4,0,3,1,0,0,0,0,5,1,3,1,13,3,6,4
S01011066,504,72,200,232,484,68,189,227,20,4,11,5,0,0,0,0,3,2,1,0,8,0,6,2,9,2,4,3
S01011067,575,104,298,173,553,102,286,165,22,2,12,8,1,0,1,0,0,0,0,0,7,0,4,3,14,2,7,5
S01011068,535,82,271,182,526,81,265,180,9,1,6,2,1,0,1,0,2,0,2,0,2,0,2,0,4,1,1,2
S01011069,578,63,251,264,565,61,247,257,13,2,4,7,0,0,0,0,2,0,1,1,2,0,0,2,9,2,3,4
S01011070,625,72,282,271,618,72,280,266,7,0,2,5,1,0,0,1,1,0,0,1,0,0,0,0,5,0,2,3
S01011071,843,70,365,408,818,67,353,398,25,3,12,10,1,0,0,1,5,1,4,0,9,2,0,7,10,0,8,2
S01011072,1000,67,431,502,982,66,422,494,18,1,9,8,2,0,2,0,2,0,1,1,3,1,1,1,11,0,5,6
S01011073,682,64,276,342,656,58,263,335,26,6,13,7,3,1,2,0,4,0,4,0,4,0,3,1,15,5,4,6
S01011074,607,88,308,211,589,84,298,207,18,4,10,4,4,2,1,1,4,1,3,0,2,0,2,0,8,1,4,3
S01011075,714,198,366,150,696,191,358,147,18,7,8,3,1,0,1,0,4,2,2,0,2,0,1,1,11,5,4,2
S01011076,740,209,309,222,709,194,299,216,31,15,10,6,8,4,4,0,6,5,0,1,4,2,2,0,13,4,4,5
S01011077,777,212,429,136,761,212,417,132,16,0,12,4,1,0,1,0,6,0,2,4,3,0,3,0,6,0,6,0
S01011078,1104,103,545,456,1085,96,539,450,19,7,6,6,4,3,1,0,2,1,1,0,3,2,1,0,10,1,3,6
S01011079,1046,173,561,312,974,159,523,292,72,14,38,20,11,6,3,2,24,5,15,4,17,2,10,5,20,1,10,9
S01011080,967,163,451,353,932,155,432,345,35,8,19,8,1,0,1,0,9,4,3,2,9,1,5,3,16,3,10,3
S01011081,824,145,457,222,809,141,449,219,15,4,8,3,1,1,0,0,2,0,2,0,4,1,3,0,8,2,3,3
S01011082,495,158,208,129,487,155,203,129,8,3,5,0,2,2,0,0,2,0,2,0,2,0,2,0,2,1,1,0
S01011083,787,108,349,330,751,108,333,310,36,0,16,20,5,0,4,1,4,0,3,1,11,0,3,8,16,0,6,10
S01011084,774,38,235,501,750,38,224,488,24,0,11,13,3,0,2,1,4,0,4,0,1,0,0,1,16,0,5,11
S01011085,888,49,307,532,863,47,295,521,25,2,12,11,0,0,0,0,5,0,4,1,3,0,2,1,17,2,6,9
S01011086,641,56,237,348,626,56,232,338,15,0,5,10,0,0,0,0,3,0,1,2,0,0,0,0,12,0,4,8
S01011087,584,67,282,235,563,64,269,230,21,3,13,5,0,0,0,0,7,0,7,0,3,0,3,0,11,3,3,5
S01011088,981,105,402,474,939,103,386,450,42,2,16,24,3,0,1,2,4,1,0,3,14,0,7,7,21,1,8,12
S01011089,650,110,302,238,633,107,296,230,17,3,6,8,1,0,1,0,5,2,0,3,0,0,0,0,11,1,5,5
S01011090,715,18,206,491,679,16,196,467,36,2,10,24,3,0,2,1,10,0,2,8,4,0,1,3,19,2,5,12
S01011091,621,10,209,402,593,10,198,385,28,0,11,17,0,0,0,0,1,0,1,0,3,0,1,2,24,0,9,15
S01011092,465,118,206,141,434,110,193,131,31,8,13,10,4,0,3,1,6,1,5,0,10,3,5,2,11,4,0,7
S01011093,612,7,162,443,597,7,156,434,15,0,6,9,0,0,0,0,3,0,1,2,0,0,0,0,12,0,5,7
S01011094,486,15,158,313,455,14,148,293,31,1,10,20,8,0,2,6,3,1,2,0,4,0,2,2,16,0,4,12
S01011095,783,36,196,551,742,34,180,528,41,2,16,23,2,0,2,0,10,2,4,4,5,0,1,4,24,0,9,15
S01011096,557,28,264,265,515,27,236,252,42,1,28,13,3,0,3,0,9,0,9,0,7,0,3,4,23,1,13,9
S01011097,715,17,194,504,683,17,185,481,32,0,9,23,1,0,1,0,5,0,1,4,4,0,0,4,22,0,7,15
S01011098,749,70,321,358,707,64,310,333,42,6,11,25,2,1,0,1,9,2,1,6,12,0,5,7,19,3,5,11
S01011099,819,198,356,265,792,193,344,255,27,5,12,10,1,0,0,1,5,1,2,2,4,1,0,3,17,3,10,4
S01011100,458,56,201,201,446,55,199,192,12,1,2,9,0,0,0,0,1,0,0,1,0,0,0,0,11,1,2,8
S01011101,626,171,308,147,595,167,296,132,31,4,12,15,5,0,0,5,5,0,3,2,6,0,3,3,15,4,6,5
S01011102,642,247,296,99,569,221,258,90,73,26,38,9,11,8,3,0,34,12,18,4,14,3,9,2,14,3,8,3
S01011103,568,211,272,85,498,199,220,79,70,12,52,6,9,6,3,0,34,1,32,1,16,3,11,2,11,2,6,3
S01011104,583,123,252,208,521,109,221,191,62,14,31,17,8,3,5,0,11,4,6,1,15,3,7,5,28,4,13,11
S01011105,796,170,461,165,710,148,408,154,86,22,53,11,23,11,12,0,24,3,19,2,20,2,13,5,19,6,9,4
S01011106,988,156,509,323,912,142,476,294,76,14,33,29,3,0,3,0,24,8,3,13,15,3,8,4,34,3,19,12
S01011107,935,109,502,324,840,102,440,298,95,7,62,26,16,3,12,1,40,4,28,8,24,0,13,11,15,0,9,6
S01011108,543,81,265,197,506,76,248,182,37,5,17,15,4,0,4,0,8,2,4,2,4,0,2,2,21,3,7,11
S01011109,807,121,421,265,748,107,389,252,59,14,32,13,5,3,2,0,22,5,16,1,15,3,8,4,17,3,6,8
S01011110,702,148,357,197,657,141,331,185,45,7,26,12,8,2,6,0,11,2,7,2,10,1,9,0,16,2,4,10
S01011111,880,264,449,167,827,248,414,165,53,16,35,2,4,0,4,0,18,7,11,0,14,4,10,0,17,5,10,2
S01011112,874,50,407,417,822,43,386,393,52,7,21,24,6,0,3,3,13,5,6,2,16,1,8,7,17,1,4,12
S01011113,925,191,414,320,898,185,399,314,27,6,15,6,1,0,1,0,2,0,2,0,6,1,3,2,18,5,9,4
S01011114,713,41,384,288,675,38,355,282,38,3,29,6,2,0,2,0,12,1,10,1,9,2,7,0,15,0,10,5
S01011115,902,207,471,224,858,204,441,213,44,3,30,11,6,0,4,2,15,1,11,3,8,0,4,4,15,2,11,2
S01011116,661,73,362,226,610,69,332,209,51,4,30,17,9,0,4,5,12,3,9,0,8,1,5,2,22,0,12,10
S01011117,730,122,347,261,668,102,316,250,62,20,31,11,7,6,1,0,21,5,13,3,13,6,2,5,21,3,15,3
S01011118,880,93,376,411,811,84,346,381,69,9,30,30,16,2,13,1,13,2,4,7,8,1,3,4,32,4,10,18
S01011119,928,103,396,429,841,72,364,405,87,31,32,24,22,16,3,3,24,11,8,5,10,1,8,1,31,3,13,15
S01011120,669,20,206,443,647,20,198,429,22,0,8,14,0,0,0,0,0,0,0,0,2,0,0,2,20,0,8,12
S01011121,520,216,208,96,451,183,180,88,69,33,28,8,16,10,6,0,17,6,10,1,17,8,6,3,19,9,6,4
S01011122,647,124,341,182,592,109,318,165,55,15,23,17,15,6,3,6,8,4,2,2,12,2,6,4,20,3,12,5
S01011123,1121,212,581,328,1067,203,549,315,54,9,32,13,5,1,4,0,21,1,20,0,4,1,2,1,24,6,6,12
S01011124,661,98,335,228,611,90,316,205,50,8,19,23,5,3,1,1,12,0,7,5,16,2,3,11,17,3,8,6
S01011125,492,111,235,146,471,104,226,141,21,7,9,5,5,5,0,0,5,1,4,0,3,0,3,0,8,1,2,5
S01011126,502,73,235,194,475,70,224,181,27,3,11,13,0,0,0,0,4,0,1,3,8,0,6,2,15,3,4,8
S01011127,536,10,322,204,511,9,305,197,25,1,17,7,5,0,5,0,4,0,3,1,2,0,2,0,14,1,7,6
S01011128,709,119,353,237,666,114,330,222,43,5,23,15,9,2,6,1,9,2,4,3,10,1,5,4,15,0,8,7
S01011129,973,32,326,615,917,28,311,578,56,4,15,37,9,1,1,7,9,1,2,6,8,0,0,8,30,2,12,16
S01011130,597,128,313,156,550,123,294,133,47,5,19,23,13,1,7,5,15,0,4,11,5,0,3,2,14,4,5,5
S01011131,637,76,333,228,603,76,313,214,34,0,20,14,6,0,5,1,2,0,2,0,4,0,2,2,22,0,11,11
S01011132,898,94,369,435,835,89,346,400,63,5,23,35,4,0,1,3,17,5,8,4,7,0,1,6,35,0,13,22
S01011133,445,69,187,189,425,66,177,182,20,3,10,7,0,0,0,0,2,1,0,1,6,1,2,3,12,1,8,3
S01011134,744,143,332,269,706,135,313,258,38,8,19,11,5,2,3,0,5,2,3,0,6,1,3,2,22,3,10,9
S01011135,740,144,392,204,714,141,371,202,26,3,21,2,0,0,0,0,7,0,7,0,5,0,5,0,14,3,9,2
S01011136,644,104,279,261,616,100,270,246,28,4,9,15,2,0,2,0,8,0,0,8,3,0,2,1,15,4,5,6
S01011137,502,65,247,190,483,65,237,181,19,0,10,9,0,0,0,0,1,0,1,0,7,0,2,5,11,0,7,4
S01011138,635,132,316,187,608,130,306,172,27,2,10,15,5,0,0,5,2,0,2,0,1,0,1,0,19,2,7,10
S01011139,764,45,438,281,728,43,416,269,36,2,22,12,6,0,3,3,2,1,1,0,4,0,2,2,24,1,16,7
S01011140,537,79,286,172,515,79,271,165,22,0,15,7,3,0,2,1,0,0,0,0,1,0,0,1,18,0,13,5
S01011141,558,107,262,189,542,107,252,183,16,0,10,6,1,0,1,0,3,0,1,2,2,0,0,2,10,0,8,2
S01011142,839,18,328,493,795,16,307,472,44,2,21,21,1,0,1,0,8,0,7,1,7,0,2,5,28,2,11,15
S01011143,950,71,400,479,909,69,384,456,41,2,16,23,6,0,5,1,3,0,0,3,6,0,5,1,26,2,6,18
S01011144,769,96,283,390,745,95,270,380,24,1,13,10,2,0,0,2,1,0,0,1,2,0,0,2,19,1,13,5
S01011145,653,31,216,406,616,30,201,385,37,1,15,21,2,0,0,2,2,0,2,0,4,0,0,4,29,1,13,15
S01011146,759,56,363,340,743,55,357,331,16,1,6,9,1,0,0,1,0,0,0,0,1,0,0,1,14,1,6,7
S01011147,995,110,390,495,948,106,365,477,47,4,25,18,7,0,6,1,4,0,1,3,4,1,3,0,32,3,15,14
S01011148,763,44,284,435,719,40,264,415,44,4,20,20,8,0,5,3,8,0,6,2,4,1,1,2,24,3,8,13
S01011149,679,43,333,303,590,21,296,273,89,22,37,30,10,3,6,1,18,3,7,8,14,4,5,5,47,12,19,16
S01011150,474,15,242,217,440,15,220,205,34,0,22,12,4,0,4,0,7,0,6,1,5,0,4,1,18,0,8,10
S01011151,578,41,267,270,534,35,246,253,44,6,21,17,3,1,1,1,10,2,4,4,5,0,4,1,26,3,12,11
S01011152,695,65,345,285,606,55,297,254,89,10,48,31,4,1,2,1,17,0,14,3,11,3,3,5,57,6,29,22
S01011153,848,171,429,248,784,161,396,227,64,10,33,21,17,4,4,9,6,1,4,1,6,1,4,1,35,4,21,10
S01011154,559,201,256,102,523,195,233,95,36,6,23,7,5,0,4,1,6,0,4,2,5,1,3,1,20,5,12,3
S01011155,643,178,288,177,610,170,275,165,33,8,13,12,3,3,0,0,5,0,1,4,8,0,3,5,17,5,9,3
S01011156,565,36,234,295,538,35,225,278,27,1,9,17,2,0,1,1,5,0,2,3,3,0,3,0,17,1,3,13
S01011157,575,54,229,292,552,52,218,282,23,2,11,10,0,0,0,0,4,1,3,0,4,0,3,1,15,1,5,9
S01011158,505,26,222,257,474,25,208,241,31,1,14,16,4,0,2,2,1,0,1,0,4,0,2,2,22,1,9,12
S01011159,545,167,271,107,513,162,250,101,32,5,21,6,4,0,4,0,3,0,3,0,1,0,1,0,24,5,13,6
S01011160,909,159,425,325,845,151,390,304,64,8,35,21,4,0,0,4,18,1,9,8,13,3,9,1,29,4,17,8
S01011161,636,110,358,168,595,103,331,161,41,7,27,7,0,0,0,0,5,2,3,0,19,3,16,0,17,2,8,7
S01011162,497,85,280,132,480,84,270,126,17,1,10,6,4,0,4,0,1,0,1,0,2,0,2,0,10,1,3,6
S01011163,786,195,370,221,758,190,354,214,28,5,16,7,3,1,1,1,0,0,0,0,6,0,6,0,19,4,9,6
S01011164,718,92,317,309,685,90,304,291,33,2,13,18,1,1,0,0,10,0,4,6,3,0,1,2,19,1,8,10
S01011165,748,237,357,154,712,231,335,146,36,6,22,8,6,0,6,0,5,2,3,0,6,1,3,2,19,3,10,6
S01011166,513,50,204,259,490,45,197,248,23,5,7,11,4,3,1,0,3,1,0,2,0,0,0,0,16,1,6,9
S01011167,640,13,193,434,602,13,179,410,38,0,14,24,2,0,1,1,0,0,0,0,7,0,3,4,29,0,10,19
S01011168,845,16,286,543,794,14,269,511,51,2,17,32,4,0,2,2,6,0,1,5,4,0,1,3,37,2,13,22
S01011169,963,45,415,503,919,43,394,482,44,2,21,21,3,0,3,0,5,0,1,4,7,1,3,3,29,1,14,14
S01011170,910,54,324,532,852,52,301,499,58,2,23,33,2,0,1,1,11,0,4,7,7,0,2,5,38,2,16,20
S01011171,876,75,386,415,836,66,365,405,40,9,21,10,7,3,1,3,10,0,10,0,2,1,1,0,21,5,9,7
S01011172,721,84,300,337,708,80,295,333,13,4,5,4,0,0,0,0,3,1,0,2,5,1,2,2,5,2,3,0
S01011173,516,40,259,217,490,36,239,215,26,4,20,2,4,3,1,0,4,0,4,0,2,0,2,0,16,1,13,2
S01011174,434,65,215,154,415,64,207,144,19,1,8,10,5,0,0,5,0,0,0,0,2,0,1,1,12,1,7,4
S01011175,532,108,248,176,520,105,242,173,12,3,6,3,0,0,0,0,0,0,0,0,3,0,0,3,9,3,6,0
S01011176,531,57,231,243,511,52,226,233,20,5,5,10,2,2,0,0,6,1,2,3,0,0,0,0,12,2,3,7
S01011177,838,163,414,261,783,145,388,250,55,18,26,11,7,3,4,0,7,5,2,0,11,7,4,0,30,3,16,11
S01011178,514,45,264,205,497,45,252,200,17,0,12,5,5,0,3,2,0,0,0,0,1,0,1,0,11,0,8,3
S01011179,589,160,250,179,579,160,245,174,10,0,5,5,0,0,0,0,0,0,0,0,5,0,1,4,5,0,4,1
S01011180,670,242,278,150,659,240,271,148,11,2,7,2,0,0,0,0,4,0,4,0,2,0,1,1,5,2,2,1
S01011181,453,10,169,274,436,10,159,267,17,0,10,7,0,0,0,0,0,0,0,0,3,0,2,1,14,0,8,6
S01011182,395,9,110,276,391,8,109,274,4,1,1,2,0,0,0,0,0,0,0,0,0,0,0,0,4,1,1,2
S01011183,571,95,176,300,549,95,174,280,22,0,2,20,2,0,0,2,1,0,0,1,9,0,0,9,10,0,2,8
S01011184,820,20,277,523,793,20,263,510,27,0,14,13,2,0,2,0,0,0,0,0,3,0,2,1,22,0,10,12
S01011185,680,80,320,280,660,76,313,271,20,4,7,9,4,4,0,0,0,0,0,0,3,0,3,0,13,0,4,9
S01011186,913,252,379,282,897,247,375,275,16,5,4,7,2,2,0,0,0,0,0,0,2,0,1,1,12,3,3,6
S01011187,665,45,264,356,656,45,262,349,9,0,2,7,0,0,0,0,0,0,0,0,0,0,0,0,9,0,2,7
S01011188,951,226,498,227,937,222,489,226,14,4,9,1,4,0,4,0,1,0,1,0,2,0,2,0,7,4,2,1
S01011189,767,125,328,314,751,123,322,306,16,2,6,8,2,0,1,1,1,1,0,0,2,0,2,0,11,1,3,7
S01011190,633,195,261,177,626,193,257,176,7,2,4,1,0,0,0,0,0,0,0,0,2,2,0,0,5,0,4,1
S01011191,546,143,221,182,530,142,209,179,16,1,12,3,3,0,3,0,6,0,6,0,2,0,2,0,5,1,1,3
S01011192,697,125,354,218,685,125,346,214,12,0,8,4,0,0,0,0,1,0,0,1,2,0,1,1,9,0,7,2
S01011193,703,194,350,159,684,188,341,155,19,6,9,4,4,4,0,0,3,0,2,1,4,0,4,0,8,2,3,3
S01011194,727,209,353,165,705,206,340,159,22,3,13,6,2,1,1,0,4,0,2,2,2,0,0,2,14,2,10,2
S01011195,781,213,357,211,764,205,351,208,17,8,6,3,0,0,0,0,2,0,2,0,3,0,3,0,12,8,1,3
S01011196,903,355,345,203,889,355,336,198,14,0,9,5,0,0,0,0,0,0,0,0,2,0,1,1,12,0,8,4
S01011197,871,257,435,179,857,255,429,173,14,2,6,6,0,0,0,0,0,0,0,0,3,0,3,0,11,2,3,6
S01011198,624,197,236,191,616,190,235,191,8,7,1,0,5,5,0,0,0,0,0,0,0,0,0,0,3,2,1,0
S01011199,781,199,327,255,767,198,318,251,14,1,9,4,0,0,0,0,0,0,0,0,1,0,1,0,13,1,8,4
S01011200,740,132,390,218,732,131,385,216,8,1,5,2,2,0,2,0,0,0,0,0,1,0,1,0,5,1,2,2
S01011201,586,86,261,239,581,84,261,236,5,2,0,3,0,0,0,0,0,0,0,0,0,0,0,0,5,2,0,3
S01011202,844,223,385,236,827,221,374,232,17,2,11,4,0,0,0,0,3,0,3,0,1,0,1,0,13,2,7,4
S01011203,806,162,366,278,795,158,361,276,11,4,5,2,2,1,1,0,0,0,0,0,0,0,0,0,9,3,4,2
S01011204,555,36,209,310,534,36,198,300,21,0,11,10,0,0,0,0,3,0,2,1,2,0,1,1,16,0,8,8
S01011205,716,21,192,503,689,16,186,487,27,5,6,16,3,1,2,0,1,0,0,1,3,0,3,0,20,4,1,15
S01011206,734,46,263,425,702,43,249,410,32,3,14,15,1,0,1,0,2,0,1,1,6,1,5,0,23,2,7,14
S01011207,757,124,281,352,741,121,275,345,16,3,6,7,0,0,0,0,1,0,1,0,1,0,1,0,14,3,4,7
S01011208,907,58,312,537,889,57,303,529,18,1,9,8,0,0,0,0,0,0,0,0,2,0,1,1,16,1,8,7
S01011209,633,174,262,197,625,172,260,193,8,2,2,4,2,0,0,2,0,0,0,0,0,0,0,0,6,2,2,2
S01011210,733,54,158,521,696,50,154,492,37,4,4,29,1,1,0,0,3,0,0,3,6,2,0,4,27,1,4,22
S01011211,702,56,193,453,692,55,191,446,10,1,2,7,1,1,0,0,0,0,0,0,0,0,0,0,9,0,2,7
S01011212,548,196,211,141,543,196,207,140,5,0,4,1,1,0,1,0,2,0,2,0,0,0,0,0,2,0,1,1
S01011213,1048,273,471,304,1027,269,464,294,21,4,7,10,3,0,3,0,0,0,0,0,2,0,1,1,16,4,3,9
S01011214,852,334,370,148,839,329,364,146,13,5,6,2,1,0,1,0,2,0,2,0,0,0,0,0,10,5,3,2
S01011215,596,277,217,102,588,275,214,99,8,2,3,3,3,1,2,0,0,0,0,0,0,0,0,0,5,1,1,3
S01011216,482,205,201,76,473,201,198,74,9,4,3,2,0,0,0,0,0,0,0,0,0,0,0,0,9,4,3,2
S01011217,799,340,297,162,782,333,291,158,17,7,6,4,0,0,0,0,6,3,3,0,1,0,1,0,10,4,2,4
S01011218,696,328,268,100,687,326,264,97,9,2,4,3,2,1,1,0,0,0,0,0,1,1,0,0,6,0,3,3
S01011219,782,272,317,193,773,269,313,191,9,3,4,2,1,0,0,1,1,0,1,0,0,0,0,0,7,3,3,1
S01011220,889,305,393,191,876,302,384,190,13,3,9,1,0,0,0,0,3,0,2,1,3,0,3,0,7,3,4,0
S01011221,947,273,433,241,928,270,428,230,19,3,5,11,1,0,1,0,4,0,0,4,4,1,1,2,10,2,3,5
S01011222,662,182,326,154,643,179,318,146,19,3,8,8,1,1,0,0,6,0,1,5,0,0,0,0,12,2,7,3
S01011223,796,185,356,255,780,184,349,247,16,1,7,8,0,0,0,0,5,0,4,1,2,0,1,1,9,1,2,6
S01011224,681,197,276,208,653,191,267,195,28,6,9,13,4,0,3,1,2,2,0,0,2,0,1,1,20,4,5,11
S01011225,697,292,288,117,680,284,280,116,17,8,8,1,2,2,0,0,5,2,3,0,2,1,1,0,8,3,4,1
S01011226,971,140,415,416,955,134,409,412,16,6,6,4,2,2,0,0,3,3,0,0,1,1,0,0,10,0,6,4
S01011227,709,282,264,163,683,273,252,158,26,9,12,5,0,0,0,0,1,0,1,0,4,1,2,1,21,8,9,4
S01011228,768,278,337,153,751,274,327,150,17,4,10,3,2,0,2,0,7,2,3,2,3,1,1,1,5,1,4,0
S01011229,510,230,198,82,499,227,191,81,11,3,7,1,0,0,0,0,1,0,1,0,2,0,2,0,8,3,4,1
S01011230,886,495,315,76,867,484,308,75,19,11,7,1,4,4,0,0,2,1,1,0,3,0,3,0,10,6,3,1
S01011231,604,243,248,113,589,239,241,109,15,4,7,4,0,0,0,0,1,1,0,0,2,0,2,0,12,3,5,4
S01011232,874,260,409,205,854,256,398,200,20,4,11,5,1,0,1,0,0,0,0,0,2,1,1,0,17,3,9,5
S01011233,365,94,157,114,356,94,154,108,9,0,3,6,1,0,0,1,0,0,0,0,1,0,1,0,7,0,2,5
S01011234,1031,383,415,233,1010,378,403,229,21,5,12,4,0,0,0,0,1,0,1,0,7,3,1,3,13,2,10,1
S01011235,384,170,158,56,379,166,157,56,5,4,1,0,0,0,0,0,1,0,1,0,1,1,0,0,3,3,0,0
S01011236,542,193,220,129,532,193,215,124,10,0,5,5,1,0,1,0,3,0,0,3,0,0,0,0,6,0,4,2
S01011237,763,260,348,155,749,259,338,152,14,1,10,3,0,0,0,0,2,0,2,0,2,0,1,1,10,1,7,2
S01011238,644,362,217,65,619,345,213,61,25,17,4,4,11,10,1,0,3,0,1,2,2,0,0,2,9,7,2,0
S01011239,689,311,285,93,673,306,275,92,16,5,10,1,0,0,0,0,1,0,1,0,0,0,0,0,15,5,9,1
S01011240,684,352,274,58,660,342,262,56,24,10,12,2,2,1,1,0,9,4,5,0,6,2,4,0,7,3,2,2
S01011241,997,295,393,309,973,291,380,302,24,4,13,7,1,0,1,0,5,0,4,1,3,0,2,1,15,4,6,5
S01011242,737,215,288,234,714,210,280,224,23,5,8,10,0,0,0,0,4,2,2,0,3,2,1,0,16,1,5,10
S01011243,862,490,270,102,836,481,258,97,26,9,12,5,2,1,0,1,6,1,5,0,3,2,0,1,15,5,7,3
S01011244,666,345,222,99,652,338,220,94,14,7,2,5,0,0,0,0,1,0,0,1,5,3,1,1,8,4,1,3
S01011245,846,340,346,160,826,329,341,156,20,11,5,4,0,0,0,0,4,3,1,0,1,0,1,0,15,8,3,4
S01011246,842,147,376,319,822,143,366,313,20,4,10,6,1,0,1,0,0,0,0,0,2,0,1,1,17,4,8,5
S01011247,790,74,370,346,772,74,356,342,18,0,14,4,2,0,2,0,1,0,1,0,1,0,0,1,14,0,11,3
S01011248,739,115,299,325,720,113,290,317,19,2,9,8,0,0,0,0,0,0,0,0,1,0,1,0,18,2,8,8
S01011249,723,58,271,394,709,58,262,389,14,0,9,5,0,0,0,0,6,0,6,0,1,0,1,0,7,0,2,5
S01011250,1083,392,483,208,1062,387,473,202,21,5,10,6,2,1,1,0,2,0,2,0,4,2,1,1,13,2,6,5
S01011251,871,258,395,218,861,256,389,216,10,2,6,2,0,0,0,0,2,0,1,1,4,1,2,1,4,1,3,0
S01011252,825,314,357,154,807,308,350,149,18,6,7,5,0,0,0,0,0,0,0,0,3,0,3,0,15,6,4,5
S01011253,855,358,348,149,838,354,343,141,17,4,5,8,1,1,0,0,0,0,0,0,3,0,0,3,13,3,5,5
S01011254,955,48,342,565,941,48,336,557,14,0,6,8,0,0,0,0,2,0,2,0,0,0,0,0,12,0,4,8
S01011255,780,23,216,541,767,23,211,533,13,0,5,8,0,0,0,0,0,0,0,0,4,0,3,1,9,0,2,7
S01011256,497,22,200,275,482,22,187,273,15,0,13,2,6,0,6,0,0,0,0,0,3,0,3,0,6,0,4,2
S01011257,408,13,169,226,399,13,167,219,9,0,2,7,0,0,0,0,3,0,0,3,0,0,0,0,6,0,2,4
S01011258,565,69,222,274,552,64,215,273,13,5,7,1,1,0,1,0,1,0,1,0,2,2,0,0,9,3,5,1
S01011259,763,217,328,218,751,211,325,215,12,6,3,3,1,0,0,1,4,3,0,1,2,0,1,1,5,3,2,0
S01011260,718,106,294,318,703,102,286,315,15,4,8,3,2,0,2,0,1,0,1,0,0,0,0,0,12,4,5,3
S01011261,809,338,312,159,797,336,306,155,12,2,6,4,0,0,0,0,1,0,1,0,0,0,0,0,11,2,5,4
S01011262,495,100,244,151,482,98,237,147,13,2,7,4,5,0,4,1,4,0,2,2,1,0,1,0,3,2,0,1
S01011263,1063,220,399,444,1048,220,390,438,15,0,9,6,1,0,1,0,0,0,0,0,0,0,0,0,14,0,8,6
S01011264,688,231,294,163,675,229,288,158,13,2,6,5,0,0,0,0,0,0,0,0,5,0,4,1,8,2,2,4
S01011265,1077,381,476,220,1052,372,467,213,25,9,9,7,5,4,1,0,7,2,2,3,4,0,1,3,9,3,5,1
S01011266,908,214,421,273,890,212,408,270,18,2,13,3,0,0,0,0,6,0,6,0,0,0,0,0,12,2,7,3
S01011267,585,105,206,274,568,103,200,265,17,2,6,9,5,0,0,5,3,0,0,3,2,0,2,0,7,2,4,1
S01011268,375,92,136,147,361,85,129,147,14,7,7,0,5,5,0,0,3,0,3,0,2,0,2,0,4,2,2,0
S01011269,514,199,181,134,499,192,174,133,15,7,7,1,3,0,3,0,0,0,0,0,2,2,0,0,10,5,4,1
S01011270,680,281,264,135,660,269,259,132,20,12,5,3,3,3,0,0,6,6,0,0,2,1,1,0,9,2,4,3
S01011271,760,246,318,196,744,237,314,193,16,9,4,3,6,5,1,0,1,0,1,0,2,0,0,2,7,4,2,1
S01011272,728,257,313,158,712,252,304,156,16,5,9,2,5,4,1,0,5,0,4,1,0,0,0,0,6,1,4,1
S01011273,901,276,425,200,885,266,419,200,16,10,6,0,1,1,0,0,0,0,0,0,7,5,2,0,8,4,4,0
S01011274,888,338,345,205,860,333,335,192,28,5,10,13,3,1,1,1,4,0,2,2,5,1,1,3,16,3,6,7
S01011275,711,248,326,137,698,244,318,136,13,4,8,1,3,3,0,0,4,0,4,0,2,0,2,0,4,1,2,1
S01011276,978,288,430,260,960,285,419,256,18,3,11,4,1,1,0,0,3,0,3,0,5,1,4,0,9,1,4,4
S01011277,654,59,297,298,643,58,292,293,11,1,5,5,0,0,0,0,2,0,1,1,3,0,1,2,6,1,3,2
S01011278,494,37,222,235,481,36,215,230,13,1,7,5,0,0,0,0,0,0,0,0,0,0,0,0,13,1,7,5
S01011279,651,109,270,272,637,106,265,266,14,3,5,6,0,0,0,0,3,0,0,3,0,0,0,0,11,3,5,3
S01011280,590,18,240,332,578,17,233,328,12,1,7,4,0,0,0,0,2,0,2,0,0,0,0,0,10,1,5,4
S01011281,645,34,256,355,628,34,244,350,17,0,12,5,3,0,2,1,0,0,0,0,3,0,3,0,11,0,7,4
S01011282,918,60,294,564,889,56,285,548,29,4,9,16,0,0,0,0,6,4,2,0,7,0,0,7,16,0,7,9
S01011283,737,24,244,469,702,21,227,454,35,3,17,15,0,0,0,0,4,0,4,0,4,0,4,0,27,3,9,15
S01011284,615,14,149,452,598,14,143,441,17,0,6,11,0,0,0,0,2,0,0,2,3,0,1,2,12,0,5,7
S01011285,729,244,355,130,716,241,349,126,13,3,6,4,0,0,0,0,0,0,0,0,2,1,1,0,11,2,5,4
S01011286,720,229,358,133,702,226,354,122,18,3,4,11,2,2,0,0,0,0,0,0,1,0,1,0,15,1,3,11
S01011287,807,254,318,235,793,246,314,233,14,8,4,2,0,0,0,0,0,0,0,0,1,0,0,1,13,8,4,1
S01011288,757,217,409,131,742,216,399,127,15,1,10,4,0,0,0,0,1,0,1,0,4,0,3,1,10,1,6,3
S01011289,934,260,454,220,916,260,445,211,18,0,9,9,2,0,1,1,0,0,0,0,3,0,2,1,13,0,6,7
S01011290,1054,356,401,297,1038,353,392,293,16,3,9,4,2,2,0,0,4,0,4,0,1,0,1,0,9,1,4,4
S01011291,815,286,366,163,794,283,353,158,21,3,13,5,0,0,0,0,1,0,0,1,5,0,3,2,15,3,10,2
S01011292,692,318,270,104,685,315,266,104,7,3,4,0,0,0,0,0,2,0,2,0,1,0,1,0,4,3,1,0
S01011293,736,245,337,154,724,240,331,153,12,5,6,1,0,0,0,0,0,0,0,0,0,0,0,0,12,5,6,1
S01011294,833,386,309,138,814,377,300,137,19,9,9,1,0,0,0,0,1,0,1,0,2,0,2,0,16,9,6,1
S01011295,946,154,360,432,931,152,356,423,15,2,4,9,1,0,1,0,0,0,0,0,2,1,0,1,12,1,3,8
S01011296,556,137,242,177,552,136,241,175,4,1,1,2,0,0,0,0,0,0,0,0,0,0,0,0,4,1,1,2
S01011297,839,254,365,220,826,252,357,217,13,2,8,3,0,0,0,0,2,1,0,1,4,0,4,0,7,1,4,2
S01011298,642,223,227,192,630,221,224,185,12,2,3,7,0,0,0,0,0,0,0,0,2,0,0,2,10,2,3,5
S01011299,489,7,80,402,481,7,77,397,8,0,3,5,1,0,0,1,1,0,0,1,2,0,1,1,4,0,2,2
S01011300,944,294,391,259,930,289,385,256,14,5,6,3,1,0,1,0,1,0,1,0,3,0,2,1,9,5,2,2
S01011301,705,57,294,354,695,57,287,351,10,0,7,3,0,0,0,0,3,0,3,0,1,0,0,1,6,0,4,2
S01011302,856,323,354,179,838,320,348,170,18,3,6,9,1,1,0,0,0,0,0,0,4,0,1,3,13,2,5,6
S01011303,1004,111,376,517,980,109,372,499,24,2,4,18,1,0,1,0,1,0,1,0,8,0,1,7,14,2,1,11
S01011304,708,206,304,198,694,204,293,197,14,2,11,1,0,0,0,0,0,0,0,0,1,0,1,0,13,2,10,1
S01011305,829,176,332,321,811,175,324,312,18,1,8,9,2,0,1,1,1,0,1,0,6,0,1,5,9,1,5,3
S01011306,590,160,298,132,578,157,292,129,12,3,6,3,1,1,0,0,0,0,0,0,1,0,0,1,10,2,6,2
S01011307,470,20,158,292,451,19,143,289,19,1,15,3,3,0,3,0,7,0,7,0,1,0,1,0,8,1,4,3
S01011308,432,23,140,269,417,23,134,260,15,0,6,9,0,0,0,0,1,0,1,0,2,0,0,2,12,0,5,7
S01011309,712,47,268,397,688,43,256,389,24,4,12,8,0,0,0,0,2,0,2,0,3,0,2,1,19,4,8,7
S01011310,706,118,301,287,679,117,283,279,27,1,18,8,0,0,0,0,2,0,2,0,5,0,3,2,20,1,13,6
S01011311,666,46,219,401,628,43,201,384,38,3,18,17,5,1,0,4,5,0,5,0,3,0,2,1,25,2,11,12
S01011312,1103,47,371,685,1066,43,355,668,37,4,16,17,7,0,5,2,2,0,1,1,1,0,0,1,27,4,10,13
S01011313,735,143,315,277,710,136,305,269,25,7,10,8,5,3,2,0,4,2,1,1,1,0,1,0,15,2,6,7
S01011314,1097,127,507,463,1056,126,475,455,41,1,32,8,3,0,3,0,3,0,3,0,11,0,9,2,24,1,17,6
S01011315,410,98,169,143,394,98,160,136,16,0,9,7,1,0,0,1,1,0,0,1,5,0,2,3,9,0,7,2
S01011316,748,167,316,265,729,165,308,256,19,2,8,9,3,0,0,3,0,0,0,0,7,1,3,3,9,1,5,3
S01011317,752,99,314,339,739,96,307,336,13,3,7,3,1,0,0,1,0,0,0,0,0,0,0,0,12,3,7,2
S01011318,919,214,436,269,880,202,417,261,39,12,19,8,5,1,2,2,5,2,2,1,4,0,3,1,25,9,12,4
S01011319,856,115,316,425,830,112,303,415,26,3,13,10,1,0,1,0,1,0,1,0,3,0,1,2,21,3,10,8
S01011320,522,122,272,128,510,119,266,125,12,3,6,3,0,0,0,0,1,0,0,1,2,1,0,1,9,2,6,1
S01011321,596,103,247,246,568,98,233,237,28,5,14,9,0,0,0,0,5,1,0,4,7,3,4,0,16,1,10,5
S01011322,634,86,231,317,613,80,223,310,21,6,8,7,2,0,1,1,0,0,0,0,4,0,4,0,15,6,3,6
S01011323,917,213,472,232,892,212,454,226,25,1,18,6,7,0,7,0,1,0,0,1,10,0,8,2,7,1,3,3
S01011324,449,111,167,171,415,106,157,152,34,5,10,19,0,0,0,0,4,2,1,1,4,0,1,3,26,3,8,15
S01011325,737,298,337,102,702,282,323,97,35,16,14,5,3,2,1,0,6,2,1,3,8,5,3,0,18,7,9,2
S01011326,747,374,306,67,705,355,285,65,42,19,21,2,5,3,2,0,9,6,3,0,7,3,4,0,21,7,12,2
S01011327,648,206,335,107,629,197,327,105,19,9,8,2,2,1,1,0,2,1,0,1,4,3,1,0,11,4,6,1
S01011328,697,144,317,236,678,139,305,234,19,5,12,2,3,1,2,0,0,0,0,0,2,0,1,1,14,4,9,1
S01011329,914,209,434,271,869,197,412,260,45,12,22,11,5,0,4,1,3,1,2,0,7,2,2,3,30,9,14,7
S01011330,754,56,308,390,732,55,295,382,22,1,13,8,0,0,0,0,5,0,5,0,0,0,0,0,17,1,8,8
S01011331,745,53,287,405,727,53,280,394,18,0,7,11,0,0,0,0,0,0,0,0,1,0,1,0,17,0,6,11
S01011332,863,51,377,435,840,48,367,425,23,3,10,10,3,0,1,2,1,0,1,0,0,0,0,0,19,3,8,8
S01011333,733,88,260,385,705,85,252,368,28,3,8,17,0,0,0,0,0,0,0,0,4,0,1,3,24,3,7,14
S01011334,706,74,172,460,688,69,170,449,18,5,2,11,1,0,0,1,0,0,0,0,1,1,0,0,16,4,2,10
S01011335,934,64,393,477,891,62,372,457,43,2,21,20,1,0,0,1,2,0,1,1,6,0,3,3,34,2,17,15
S01011336,617,109,246,262,597,108,238,251,20,1,8,11,1,0,1,0,1,1,0,0,3,0,1,2,15,0,6,9
S01011337,682,22,176,484,653,22,166,465,29,0,10,19,1,0,1,0,0,0,0,0,4,0,4,0,24,0,5,19
S01011338,660,132,265,263,650,132,261,257,10,0,4,6,0,0,0,0,2,0,0,2,1,0,1,0,7,0,3,4
S01011339,560,149,210,201,546,149,203,194,14,0,7,7,1,0,0,1,0,0,0,0,9,0,4,5,4,0,3,1
S01011340,694,170,309,215,683,167,303,213,11,3,6,2,0,0,0,0,1,1,0,0,0,0,0,0,10,2,6,2
S01011341,721,204,266,251,700,192,260,248,21,12,6,3,0,0,0,0,8,8,0,0,3,1,2,0,10,3,4,3
S01011342,702,103,288,311,690,103,279,308,12,0,9,3,1,0,1,0,1,0,1,0,3,0,3,0,7,0,4,3
S01011343,826,294,346,186,812,291,337,184,14,3,9,2,1,0,1,0,0,0,0,0,1,0,1,0,12,3,7,2
S01011344,883,333,349,201,869,331,342,196,14,2,7,5,2,1,1,0,2,0,0,2,2,0,1,1,8,1,5,2
S01011345,794,291,343,160,779,283,339,157,15,8,4,3,1,1,0,0,2,1,1,0,0,0,0,0,12,6,3,3
S01011346,678,186,331,161,669,183,328,158,9,3,3,3,0,0,0,0,2,0,1,1,1,0,0,1,6,3,2,1
S01011347,1043,264,449,330,1022,257,438,327,21,7,11,3,5,2,3,0,3,2,1,0,0,0,0,0,13,3,7,3
S01011348,921,235,389,297,905,234,382,289,16,1,7,8,3,0,1,2,4,0,0,4,3,0,2,1,6,1,4,1
S01011349,923,49,299,575,906,46,294,566,17,3,5,9,0,0,0,0,0,0,0,0,3,0,1,2,14,3,4,7
S01011350,658,53,228,377,643,52,222,369,15,1,6,8,2,0,0,2,1,0,1,0,2,0,2,0,10,1,3,6
S01011351,696,229,312,155,680,226,302,152,16,3,10,3,3,0,2,1,2,0,2,0,2,1,0,1,9,2,6,1
S01011352,635,143,282,210,623,140,276,207,12,3,6,3,0,0,0,0,0,0,0,0,3,1,1,1,9,2,5,2
S01011353,610,118,282,210,600,114,282,204,10,4,0,6,0,0,0,0,1,0,0,1,2,0,0,2,7,4,0,3
S01011354,730,82,328,320,711,81,319,311,19,1,9,9,0,0,0,0,2,0,1,1,2,0,1,1,15,1,7,7
S01011355,927,161,384,382,912,158,381,373,15,3,3,9,3,0,0,3,2,0,0,2,1,0,1,0,9,3,2,4
S01011356,962,61,308,593,937,59,299,579,25,2,9,14,5,0,3,2,3,1,2,0,5,0,0,5,12,1,4,7
S01011357,852,135,305,412,842,135,297,410,10,0,8,2,0,0,0,0,2,0,2,0,2,0,2,0,6,0,4,2
S01011358,547,18,184,345,537,17,181,339,10,1,3,6,0,0,0,0,0,0,0,0,3,0,2,1,7,1,1,5
S01011359,737,184,299,254,725,181,294,250,12,3,5,4,1,0,1,0,2,2,0,0,4,1,0,3,5,0,4,1
S01011360,756,269,365,122,646,245,294,107,110,24,71,15,19,5,12,2,60,12,39,9,23,4,17,2,8,3,3,2
S01011361,537,315,170,52,452,286,132,34,85,29,38,18,24,9,11,4,45,11,21,13,8,4,3,1,8,5,3,0
S01011362,555,18,147,390,522,17,141,364,33,1,6,26,2,0,0,2,13,0,5,8,6,0,1,5,12,1,0,11
S01011363,870,237,330,303,853,235,322,296,17,2,8,7,1,1,0,0,2,1,0,1,5,0,2,3,9,0,6,3
S01011364,659,94,316,249,649,90,314,245,10,4,2,4,0,0,0,0,5,3,0,2,1,1,0,0,4,0,2,2
S01011365,648,47,179,422,636,45,176,415,12,2,3,7,0,0,0,0,2,1,0,1,2,0,0,2,8,1,3,4
S01011366,433,125,217,91,428,123,215,90,5,2,2,1,1,1,0,0,2,0,1,1,1,0,1,0,1,1,0,0
S01011367,840,209,399,232,827,205,396,226,13,4,3,6,0,0,0,0,5,2,0,3,1,0,1,0,7,2,2,3
S01011368,843,40,204,599,803,38,192,573,40,2,12,26,6,1,3,2,6,0,0,6,11,1,5,5,17,0,4,13
S01011369,811,207,373,231,774,197,350,227,37,10,23,4,3,2,1,0,15,6,9,0,11,2,9,0,8,0,4,4
S01011370,811,152,270,389,778,141,261,376,33,11,9,13,5,4,1,0,6,2,4,0,7,2,1,4,15,3,3,9
S01011371,925,421,322,182,881,397,306,178,44,24,16,4,7,7,0,0,9,1,8,0,10,8,1,1,18,8,7,3
S01011372,667,372,227,68,613,349,209,55,54,23,18,13,11,6,5,0,26,13,8,5,9,0,2,7,8,4,3,1
S01011373,674,255,292,127,649,245,279,125,25,10,13,2,6,2,4,0,6,3,3,0,0,0,0,0,13,5,6,2
S01011374,694,83,342,269,674,79,328,267,20,4,14,2,1,1,0,0,3,2,1,0,4,0,4,0,12,1,9,2
S01011375,645,158,230,257,624,153,217,254,21,5,13,3,1,0,0,1,2,1,1,0,4,0,4,0,14,4,8,2
S01011376,475,223,209,43,463,219,203,41,12,4,6,2,0,0,0,0,1,0,0,1,2,0,2,0,9,4,4,1
S01011377,594,59,187,348,580,56,182,342,14,3,5,6,1,0,1,0,1,0,1,0,4,0,0,4,8,3,3,2
S01011378,793,120,335,338,781,118,332,331,12,2,3,7,1,0,0,1,0,0,0,0,2,0,1,1,9,2,2,5
S01011379,902,38,294,570,881,38,288,555,21,0,6,15,0,0,0,0,2,0,1,1,8,0,1,7,11,0,4,7
S01011380,665,166,326,173,627,158,301,168,38,8,25,5,6,2,4,0,13,2,11,0,5,1,3,1,14,3,7,4
S01011381,617,106,276,235,589,103,257,229,28,3,19,6,1,0,1,0,12,0,10,2,1,0,1,0,14,3,7,4
S01011382,531,159,237,135,500,150,218,132,31,9,19,3,7,3,4,0,14,3,11,0,10,3,4,3,0,0,0,0
S01011383,686,368,249,69,678,362,247,69,8,6,2,0,1,1,0,0,1,1,0,0,2,1,1,0,4,3,1,0
S01011384,734,396,220,118,724,396,215,113,10,0,5,5,0,0,0,0,5,0,5,0,5,0,0,5,0,0,0,0
S01011385,957,437,337,183,945,432,330,183,12,5,7,0,3,0,3,0,1,0,1,0,1,1,0,0,7,4,3,0
S01011386,588,234,246,108,584,234,244,106,4,0,2,2,0,0,0,0,0,0,0,0,0,0,0,0,4,0,2,2
S01011387,810,303,350,157,781,294,341,146,29,9,9,11,3,2,1,0,7,4,3,0,9,0,4,5,10,3,1,6
S01011388,1083,95,458,530,1050,87,444,519,33,8,14,11,2,2,0,0,7,0,4,3,10,3,7,0,14,3,3,8
S01011389,761,302,326,133,743,297,317,129,18,5,9,4,2,1,0,1,5,1,4,0,3,1,2,0,8,2,3,3
S01011390,815,213,369,233,808,212,366,230,7,1,3,3,0,0,0,0,0,0,0,0,3,0,2,1,4,1,1,2
S01011391,645,191,293,161,635,187,287,161,10,4,6,0,1,0,1,0,2,1,1,0,2,1,1,0,5,2,3,0
S01011392,680,249,281,150,664,245,269,150,16,4,12,0,6,0,6,0,3,0,3,0,1,1,0,0,6,3,3,0
S01011393,823,180,290,353,810,176,285,349,13,4,5,4,0,0,0,0,2,1,1,0,4,2,0,2,7,1,4,2
S01011394,613,50,159,404,601,49,155,397,12,1,4,7,0,0,0,0,2,0,0,2,0,0,0,0,10,1,4,5
S01011395,737,258,331,148,723,254,322,147,14,4,9,1,2,1,1,0,3,1,2,0,3,0,3,0,6,2,3,1
S01011396,762,263,282,217,744,258,270,216,18,5,12,1,3,0,3,0,11,3,7,1,2,0,2,0,2,2,0,0
S01011397,736,249,260,227,712,240,249,223,24,9,11,4,1,0,1,0,8,3,5,0,2,0,1,1,13,6,4,3
S01011398,775,270,340,165,762,266,332,164,13,4,8,1,0,0,0,0,2,2,0,0,7,0,6,1,4,2,2,0
S01011399,508,208,204,96,503,206,201,96,5,2,3,0,0,0,0,0,4,1,3,0,0,0,0,0,1,1,0,0
S01011400,668,155,279,234,645,147,267,231,23,8,12,3,0,0,0,0,8,3,4,1,5,2,2,1,10,3,6,1
S01011401,614,117,295,202,608,117,291,200,6,0,4,2,2,0,1,1,0,0,0,0,0,0,0,0,4,0,3,1
S01011402,954,228,443,283,916,218,428,270,38,10,15,13,4,2,1,1,6,2,4,0,3,1,2,0,25,5,8,12
S01011403,534,94,204,236,503,83,187,233,31,11,17,3,4,3,1,0,3,1,1,1,11,6,5,0,13,1,10,2
S01011404,924,298,352,274,902,292,341,269,22,6,11,5,1,0,0,1,6,1,4,1,2,1,0,1,13,4,7,2
S01011405,635,143,257,235,619,143,246,230,16,0,11,5,1,0,1,0,4,0,4,0,3,0,3,0,8,0,3,5
S01011406,643,174,275,194,631,170,272,189,12,4,3,5,3,2,0,1,1,0,1,0,1,1,0,0,7,1,2,4
S01011407,1105,178,487,440,1076,175,478,423,29,3,9,17,1,0,0,1,8,0,3,5,3,0,0,3,17,3,6,8
S01011408,827,242,355,230,816,241,351,224,11,1,4,6,4,0,0,4,1,0,1,0,0,0,0,0,6,1,3,2
S01011409,839,253,400,186,819,247,396,176,20,6,4,10,2,2,0,0,1,0,0,1,2,1,0,1,15,3,4,8
S01011410,628,160,263,205,620,158,258,204,8,2,5,1,0,0,0,0,3,0,3,0,0,0,0,0,5,2,2,1
S01011411,678,144,277,257,669,142,275,252,9,2,2,5,0,0,0,0,1,1,0,0,4,0,0,4,4,1,2,1
S01011412,860,52,261,547,847,51,258,538,13,1,3,9,0,0,0,0,0,0,0,0,0,0,0,0,13,1,3,9
S01011413,560,37,205,318,540,34,199,307,20,3,6,11,3,2,0,1,1,0,1,0,6,0,2,4,10,1,3,6
S01011414,827,203,385,239,797,201,363,233,30,2,22,6,4,0,4,0,5,0,5,0,4,0,4,0,17,2,9,6
S01011415,866,142,344,380,857,141,339,377,9,1,5,3,0,0,0,0,1,0,1,0,0,0,0,0,8,1,4,3
S01011416,626,20,234,372,612,19,228,365,14,1,6,7,0,0,0,0,1,1,0,0,1,0,0,1,12,0,6,6
S01011417,818,148,375,295,797,145,367,285,21,3,8,10,0,0,0,0,0,0,0,0,4,0,0,4,17,3,8,6
S01011418,552,161,281,110,541,161,272,108,11,0,9,2,0,0,0,0,6,0,6,0,2,0,1,1,3,0,2,1
S01011419,558,149,228,181,549,146,224,179,9,3,4,2,0,0,0,0,0,0,0,0,1,1,0,0,8,2,4,2
S01011420,491,215,166,110,479,211,159,109,12,4,7,1,0,0,0,0,1,0,1,0,0,0,0,0,11,4,6,1
S01011421,615,79,229,307,601,78,220,303,14,1,9,4,1,0,1,0,2,0,2,0,4,0,2,2,7,1,4,2
S01011422,660,178,247,235,644,177,238,229,16,1,9,6,0,0,0,0,5,0,4,1,6,0,2,4,5,1,3,1
S01011423,570,220,185,165,555,220,179,156,15,0,6,9,0,0,0,0,9,0,4,5,2,0,1,1,4,0,1,3
S01011424,560,110,238,212,553,108,236,209,7,2,2,3,0,0,0,0,1,0,1,0,0,0,0,0,6,2,1,3
S01011425,901,201,377,323,880,200,369,311,21,1,8,12,3,1,0,2,1,0,1,0,8,0,1,7,9,0,6,3
S01011426,993,32,279,682,975,32,268,675,18,0,11,7,6,0,6,0,3,0,3,0,2,0,0,2,7,0,2,5
S01011427,679,145,289,245,669,143,286,240,10,2,3,5,1,1,0,0,3,0,0,3,2,0,2,0,4,1,1,2
S01011428,506,97,216,193,503,97,213,193,3,0,3,0,0,0,0,0,0,0,0,0,1,0,1,0,2,0,2,0
S01011429,626,22,180,424,599,21,169,409,27,1,11,15,0,0,0,0,4,0,1,3,5,0,1,4,18,1,9,8
S01011430,880,100,374,406,858,99,368,391,22,1,6,15,0,0,0,0,1,0,1,0,7,1,0,6,14,0,5,9
S01011431,1063,272,474,317,1050,271,468,311,13,1,6,6,0,0,0,0,2,0,2,0,3,0,0,3,8,1,4,3
S01011432,1025,188,504,333,1016,184,502,330,9,4,2,3,1,0,1,0,2,2,0,0,3,0,1,2,3,2,0,1
S01011433,909,358,380,171,880,343,368,169,29,15,12,2,6,4,2,0,13,5,8,0,5,4,0,1,5,2,2,1
S01011434,562,91,265,206,558,90,262,206,4,1,3,0,1,1,0,0,0,0,0,0,1,0,1,0,2,0,2,0
S01011435,927,64,318,545,912,60,312,540,15,4,6,5,2,1,0,1,3,0,2,1,3,0,3,0,7,3,1,3
S01011436,718,238,286,194,693,224,278,191,25,14,8,3,5,5,0,0,12,9,3,0,3,0,3,0,5,0,2,3
S01011437,731,221,309,201,709,214,295,200,22,7,14,1,3,1,2,0,12,6,5,1,4,0,4,0,3,0,3,0
S01011438,544,239,218,87,519,230,205,84,25,9,13,3,0,0,0,0,14,2,10,2,6,3,2,1,5,4,1,0
S01011439,889,214,337,338,880,213,332,335,9,1,5,3,0,0,0,0,0,0,0,0,3,0,2,1,6,1,3,2
S01011440,597,122,292,183,586,122,285,179,11,0,7,4,1,0,1,0,3,0,3,0,3,0,1,2,4,0,2,2
S01011441,763,182,328,253,747,182,317,248,16,0,11,5,3,0,3,0,5,0,4,1,5,0,3,2,3,0,1,2
S01011442,683,162,301,220,671,159,298,214,12,3,3,6,2,2,0,0,1,0,1,0,1,0,1,0,8,1,1,6
S01011443,622,136,290,196,617,135,288,194,5,1,2,2,0,0,0,0,0,0,0,0,0,0,0,0,5,1,2,2
S01011444,764,204,394,166,752,203,384,165,12,1,10,1,0,0,0,0,5,0,5,0,2,0,2,0,5,1,3,1
S01011445,548,88,232,228,536,85,226,225,12,3,6,3,1,1,0,0,4,1,1,2,3,0,3,0,4,1,2,1
S01011446,522,80,187,255,513,80,187,246,9,0,0,9,3,0,0,3,0,0,0,0,2,0,0,2,4,0,0,4
S01011447,924,222,370,332,907,218,362,327,17,4,8,5,0,0,0,0,6,0,4,2,2,0,2,0,9,4,2,3
S01011448,884,125,352,407,874,125,349,400,10,0,3,7,0,0,0,0,1,0,1,0,0,0,0,0,9,0,2,7
S01011449,530,175,200,155,517,171,194,152,13,4,6,3,3,3,0,0,3,1,1,1,0,0,0,0,7,0,5,2
S01011450,652,54,187,411,615,54,176,385,37,0,11,26,2,0,0,2,8,0,5,3,4,0,3,1,23,0,3,20
S01011451,727,19,136,572,675,19,128,528,52,0,8,44,0,0,0,0,6,0,2,4,8,0,3,5,38,0,3,35
S01011452,947,100,393,454,921,97,387,437,26,3,6,17,1,1,0,0,3,0,2,1,2,0,2,0,20,2,2,16
S01011453,728,119,296,313,696,106,288,302,32,13,8,11,0,0,0,0,0,0,0,0,20,10,5,5,12,3,3,6
S01011454,802,228,346,228,787,224,339,224,15,4,7,4,4,0,4,0,5,3,0,2,0,0,0,0,6,1,3,2
S01011455,746,244,322,180,728,242,315,171,18,2,7,9,1,1,0,0,3,0,0,3,2,0,2,0,12,1,5,6
S01011456,814,197,368,249,791,195,356,240,23,2,12,9,0,0,0,0,0,0,0,0,1,0,1,0,22,2,11,9
S01011457,917,265,431,221,902,258,423,221,15,7,8,0,4,0,4,0,2,2,0,0,1,0,1,0,8,5,3,0
S01011458,1114,83,327,704,1063,74,312,677,51,9,15,27,5,0,0,5,8,4,4,0,14,2,4,8,24,3,7,14
S01011459,1053,157,430,466,1028,155,417,456,25,2,13,10,6,0,5,1,3,0,1,2,5,0,3,2,11,2,4,5
S01011460,756,172,277,307,730,164,268,298,26,8,9,9,6,6,0,0,4,1,0,3,2,0,1,1,14,1,8,5
S01011461,722,219,316,187,695,206,303,186,27,13,13,1,13,8,5,0,1,1,0,0,3,1,1,1,10,3,7,0
S01011462,897,164,311,422,876,157,303,416,21,7,8,6,4,4,0,0,2,0,2,0,3,0,3,0,12,3,3,6
S01011463,670,99,312,259,652,99,305,248,18,0,7,11,0,0,0,0,8,0,5,3,2,0,0,2,8,0,2,6
S01011464,571,44,137,390,548,44,130,374,23,0,7,16,0,0,0,0,7,0,4,3,1,0,1,0,15,0,2,13
S01011465,547,187,215,145,527,184,210,133,20,3,5,12,2,0,1,1,2,0,0,2,4,0,0,4,12,3,4,5
S01011466,592,232,229,131,558,229,206,123,34,3,23,8,4,0,4,0,21,2,15,4,4,1,3,0,5,0,1,4
S01011467,539,120,195,224,501,114,182,205,38,6,13,19,4,2,1,1,7,2,5,0,16,1,4,11,11,1,3,7
S01011468,915,36,247,632,861,31,234,596,54,5,13,36,3,0,2,1,17,0,6,11,7,2,1,4,27,3,4,20
S01011469,859,276,342,241,761,254,283,224,98,22,59,17,30,7,23,0,39,10,26,3,15,2,8,5,14,3,2,9
S01011470,1099,244,496,359,1049,232,474,343,50,12,22,16,8,1,7,0,11,3,5,3,9,1,6,2,22,7,4,11
S01011471,869,214,347,308,837,211,328,298,32,3,19,10,3,0,1,2,15,1,11,3,7,1,6,0,7,1,1,5
S01011472,880,413,339,128,828,400,315,113,52,13,24,15,6,1,5,0,24,5,10,9,17,3,8,6,5,4,1,0
S01011473,662,337,270,55,644,326,265,53,18,11,5,2,5,5,0,0,1,1,0,0,3,1,1,1,9,4,4,1
S01011474,798,380,336,82,772,375,317,80,26,5,19,2,2,2,0,0,12,2,9,1,2,0,2,0,10,1,8,1
S01011475,605,315,220,70,565,305,190,70,40,10,30,0,5,4,1,0,27,3,24,0,2,0,2,0,6,3,3,0
S01011476,487,29,189,269,481,29,184,268,6,0,5,1,0,0,0,0,3,0,3,0,2,0,2,0,1,0,0,1
S01011477,851,27,306,518,831,26,301,504,20,1,5,14,0,0,0,0,4,0,1,3,0,0,0,0,16,1,4,11
S01011478,1060,83,361,616,1009,80,339,590,51,3,22,26,4,1,3,0,5,0,2,3,12,0,5,7,30,2,12,16
S01011479,783,81,353,349,759,76,341,342,24,5,12,7,0,0,0,0,6,2,2,2,2,0,2,0,16,3,8,5
S01011480,1019,120,404,495,998,115,397,486,21,5,7,9,3,3,0,0,1,0,1,0,3,1,2,0,14,1,4,9
S01011481,812,126,291,395,784,119,275,390,28,7,16,5,1,0,0,1,7,2,5,0,12,3,8,1,8,2,3,3
S01011482,895,280,389,226,864,273,373,218,31,7,16,8,4,2,2,0,6,0,5,1,11,4,3,4,10,1,6,3
S01011483,531,27,229,275,507,25,217,265,24,2,12,10,2,2,0,0,7,0,5,2,2,0,0,2,13,0,7,6
S01011484,865,286,398,181,841,276,389,176,24,10,9,5,3,1,2,0,6,4,1,1,5,3,1,1,10,2,5,3
S01011485,965,387,386,192,938,386,369,183,27,1,17,9,1,1,0,0,5,0,4,1,14,0,11,3,7,0,2,5
S01011486,562,188,220,154,551,185,215,151,11,3,5,3,3,3,0,0,6,0,3,3,1,0,1,0,1,0,1,0
S01011487,1090,277,522,291,1050,271,502,277,40,6,20,14,1,0,0,1,10,2,4,4,12,2,6,4,17,2,10,5
S01011488,697,321,257,119,673,318,239,116,24,3,18,3,3,1,2,0,11,1,10,0,5,0,4,1,5,1,2,2
S01011489,750,58,316,376,740,57,312,371,10,1,4,5,0,0,0,0,0,0,0,0,2,0,2,0,8,1,2,5
S01011490,956,288,411,257,896,266,377,253,60,22,34,4,7,0,7,0,21,11,10,0,23,7,13,3,9,4,4,1
S01011491,514,253,169,92,472,238,147,87,42,15,22,5,5,1,4,0,28,10,14,4,6,4,1,1,3,0,3,0
S01011492,760,381,307,72,588,312,220,56,172,69,87,16,44,27,16,1,68,23,43,2,46,14,25,7,14,5,3,6
S01011493,545,13,189,343,523,9,180,334,22,4,9,9,4,4,0,0,0,0,0,0,7,0,3,4,11,0,6,5
S01011494,729,234,306,189,708,222,304,182,21,12,2,7,5,5,0,0,4,4,0,0,4,0,0,4,8,3,2,3
S01011495,812,286,389,137,767,277,356,134,45,9,33,3,11,5,6,0,14,0,14,0,9,0,9,0,11,4,4,3
S01011496,649,319,245,85,545,298,186,61,104,21,59,24,13,3,8,2,70,16,43,11,14,0,7,7,7,2,1,4
S01011497,617,66,236,315,586,58,228,300,31,8,8,15,3,1,0,2,8,6,2,0,4,0,3,1,16,1,3,12
S01011498,672,41,204,427,648,34,197,417,24,7,7,10,4,0,2,2,5,4,0,1,2,2,0,0,13,1,5,7
S01011499,806,143,316,347,785,141,309,335,21,2,7,12,3,0,2,1,1,0,1,0,5,2,2,1,12,0,2,10
S01011500,512,102,215,195,504,100,211,193,8,2,4,2,2,0,2,0,0,0,0,0,1,0,1,0,5,2,1,2
S01011501,673,308,264,101,656,306,251,99,17,2,13,2,13,1,12,0,0,0,0,0,2,1,1,0,2,0,0,2
S01011502,755,172,388,195,740,169,379,192,15,3,9,3,0,0,0,0,6,2,4,0,2,1,1,0,7,0,4,3
S01011503,641,161,258,222,634,161,254,219,7,0,4,3,1,0,0,1,0,0,0,0,0,0,0,0,6,0,4,2
S01011504,578,136,208,234,558,135,198,225,20,1,10,9,0,0,0,0,0,0,0,0,1,0,1,0,19,1,9,9
S01011505,698,240,273,185,674,234,259,181,24,6,14,4,1,1,0,0,9,1,8,0,4,1,2,1,10,3,4,3
S01011506,503,115,203,185,495,112,200,183,8,3,3,2,0,0,0,0,0,0,0,0,1,0,1,0,7,3,2,2
S01011507,612,167,273,172,594,165,263,166,18,2,10,6,3,0,3,0,5,0,4,1,1,0,0,1,9,2,3,4
S01011508,962,210,403,349,915,199,388,328,47,11,15,21,2,1,1,0,16,2,4,10,8,2,4,2,21,6,6,9
S01011509,610,128,178,304,601,127,175,299,9,1,3,5,0,0,0,0,1,0,0,1,2,1,1,0,6,0,2,4
S01011510,1122,385,419,318,1101,383,410,308,21,2,9,10,1,0,0,1,5,2,2,1,5,0,1,4,10,0,6,4
S01011511,524,227,241,56,510,221,233,56,14,6,8,0,0,0,0,0,4,2,2,0,4,2,2,0,6,2,4,0
S01011512,951,522,321,108,937,516,314,107,14,6,7,1,0,0,0,0,1,1,0,0,5,0,4,1,8,5,3,0
S01011513,774,315,341,118,737,305,324,108,37,10,17,10,2,0,1,1,15,5,7,3,7,0,5,2,13,5,4,4
S01011514,954,346,387,221,935,339,384,212,19,7,3,9,1,0,1,0,3,0,0,3,3,2,1,0,12,5,1,6
S01011515,522,96,212,214,509,94,206,209,13,2,6,5,2,0,2,0,3,2,1,0,0,0,0,0,8,0,3,5
S01011516,887,42,354,491,855,42,339,474,32,0,15,17,2,0,2,0,6,0,3,3,10,0,7,3,14,0,3,11
S01011517,565,138,255,172,546,131,251,164,19,7,4,8,1,1,0,0,6,3,0,3,1,0,0,1,11,3,4,4
S01011518,661,233,284,144,653,231,278,144,8,2,6,0,1,0,1,0,2,0,2,0,1,0,1,0,4,2,2,0
S01011519,781,227,347,207,772,224,347,201,9,3,0,6,0,0,0,0,1,0,0,1,6,1,0,5,2,2,0,0
S01011520,596,312,191,93,591,312,187,92,5,0,4,1,1,0,1,0,0,0,0,0,0,0,0,0,4,0,3,1
S01011521,967,365,406,196,937,356,391,190,30,9,15,6,2,0,2,0,11,5,5,1,7,1,5,1,10,3,3,4
S01011522,891,364,311,216,842,341,297,204,49,23,14,12,1,0,1,0,11,7,4,0,17,9,2,6,20,7,7,6
S01011523,741,265,325,151,721,264,316,141,20,1,9,10,1,0,1,0,8,0,7,1,6,1,0,5,5,0,1,4
S01011524,890,160,357,373,873,158,351,364,17,2,6,9,0,0,0,0,8,2,4,2,1,0,0,1,8,0,2,6
S01011525,873,122,314,437,860,119,308,433,13,3,6,4,0,0,0,0,7,3,3,1,2,0,1,1,4,0,2,2
S01011526,1018,219,420,379,983,215,406,362,35,4,14,17,1,1,0,0,2,0,1,1,5,1,1,3,27,2,12,13
S01011527,704,96,273,335,689,90,268,331,15,6,5,4,2,2,0,0,0,0,0,0,2,1,1,0,11,3,4,4
S01011528,974,334,441,199,948,330,427,191,26,4,14,8,1,1,0,0,6,1,2,3,9,1,6,2,10,1,6,3
S01011529,529,294,177,58,518,293,169,56,11,1,8,2,0,0,0,0,3,0,3,0,3,1,1,1,5,0,4,1
S01011530,947,295,453,199,937,292,449,196,10,3,4,3,1,0,1,0,0,0,0,0,1,1,0,0,8,2,3,3
S01011531,1100,166,395,539,1052,160,373,519,48,6,22,20,1,0,1,0,13,0,10,3,9,1,4,4,25,5,7,13
S01011532,652,51,184,417,641,51,179,411,11,0,5,6,1,0,1,0,0,0,0,0,2,0,1,1,8,0,3,5
S01011533,626,246,253,127,615,243,247,125,11,3,6,2,0,0,0,0,2,0,2,0,2,2,0,0,7,1,4,2
S01011534,766,160,304,302,752,159,302,291,14,1,2,11,0,0,0,0,0,0,0,0,0,0,0,0,14,1,2,11
S01011535,862,436,326,100,842,432,315,95,20,4,11,5,4,0,4,0,2,1,1,0,2,0,1,1,12,3,5,4
S01011536,674,29,231,414,646,29,223,394,28,0,8,20,0,0,0,0,1,0,0,1,1,0,1,0,26,0,7,19
S01011537,530,46,241,243,511,43,233,235,19,3,8,8,1,1,0,0,3,0,2,1,3,1,2,0,12,1,4,7
S01011538,655,33,245,377,635,33,238,364,20,0,7,13,1,0,1,0,1,0,1,0,3,0,0,3,15,0,5,10
S01011539,738,256,332,150,731,256,328,147,7,0,4,3,0,0,0,0,0,0,0,0,1,0,0,1,6,0,4,2
S01011540,1052,218,457,377,1044,218,456,370,8,0,1,7,1,0,1,0,4,0,0,4,0,0,0,0,3,0,0,3
S01011541,937,355,384,198,925,351,377,197,12,4,7,1,0,0,0,0,3,0,3,0,1,0,1,0,8,4,3,1
S01011542,929,271,409,249,916,269,399,248,13,2,10,1,0,0,0,0,1,0,1,0,1,0,0,1,11,2,9,0
S01011543,810,341,281,188,802,341,276,185,8,0,5,3,0,0,0,0,0,0,0,0,0,0,0,0,8,0,5,3
S01011544,673,230,274,169,669,229,273,167,4,1,1,2,0,0,0,0,0,0,0,0,0,0,0,0,4,1,1,2
S01011545,572,165,263,144,565,163,259,143,7,2,4,1,1,0,1,0,1,0,1,0,0,0,0,0,5,2,2,1
S01011546,747,24,186,537,724,23,178,523,23,1,8,14,1,0,0,1,4,1,3,0,2,0,2,0,16,0,3,13
S01011547,609,23,221,365,600,23,215,362,9,0,6,3,1,0,0,1,0,0,0,0,0,0,0,0,8,0,6,2
S01011548,746,159,331,256,732,154,325,253,14,5,6,3,1,1,0,0,0,0,0,0,2,0,2,0,11,4,4,3
S01011549,801,82,343,376,792,81,336,375,9,1,7,1,0,0,0,0,2,0,2,0,4,0,4,0,3,1,1,1
S01011550,714,36,262,416,693,35,252,406,21,1,10,10,0,0,0,0,1,0,1,0,0,0,0,0,20,1,9,10
S01011551,548,92,200,256,535,88,195,252,13,4,5,4,0,0,0,0,0,0,0,0,5,3,1,1,8,1,4,3
S01011552,703,74,245,384,684,66,239,379,19,8,6,5,0,0,0,0,4,3,1,0,3,2,1,0,12,3,4,5
S01011553,857,32,191,634,807,29,172,606,50,3,19,28,3,1,2,0,5,0,2,3,13,0,7,6,29,2,8,19
S01011554,855,217,367,271,844,214,362,268,11,3,5,3,0,0,0,0,0,0,0,0,1,0,0,1,10,3,5,2
S01011555,552,207,198,147,543,206,191,146,9,1,7,1,2,0,2,0,4,0,4,0,0,0,0,0,3,1,1,1
S01011556,507,183,231,93,505,183,229,93,2,0,2,0,0,0,0,0,0,0,0,0,0,0,0,0,2,0,2,0
S01011557,750,199,356,195,741,197,354,190,9,2,2,5,0,0,0,0,3,0,0,3,1,0,0,1,5,2,2,1
S01011558,577,154,260,163,566,149,260,157,11,5,0,6,0,0,0,0,6,4,0,2,0,0,0,0,5,1,0,4
S01011559,620,212,263,145,611,212,257,142,9,0,6,3,0,0,0,0,4,0,4,0,3,0,1,2,2,0,1,1
S01011560,757,246,356,155,736,240,343,153,21,6,13,2,1,1,0,0,9,3,5,1,5,0,4,1,6,2,4,0
S01011561,834,288,332,214,822,284,327,211,12,4,5,3,5,4,1,0,2,0,2,0,0,0,0,0,5,0,2,3
S01011562,647,290,220,137,639,285,217,137,8,5,3,0,2,2,0,0,0,0,0,0,0,0,0,0,6,3,3,0
S01011563,762,263,314,185,747,263,304,180,15,0,10,5,1,0,1,0,5,0,5,0,3,0,3,0,6,0,1,5
S01011564,966,220,428,318,949,216,422,311,17,4,6,7,3,2,1,0,5,0,1,4,5,1,2,2,4,1,2,1
S01011565,952,256,341,355,938,255,334,349,14,1,7,6,0,0,0,0,6,0,4,2,3,0,2,1,5,1,1,3
S01011566,917,337,403,177,896,333,392,171,21,4,11,6,0,0,0,0,8,1,4,3,6,1,3,2,7,2,4,1
S01011567,965,321,420,224,960,321,418,221,5,0,2,3,0,0,0,0,2,0,2,0,2,0,0,2,1,0,0,1
S01011568,847,143,385,319,831,142,378,311,16,1,7,8,0,0,0,0,6,0,2,4,5,0,3,2,5,1,2,2
S01011569,958,223,410,325,931,221,393,317,27,2,17,8,3,0,2,1,11,0,9,2,3,0,0,3,10,2,6,2
S01011570,690,254,313,123,659,245,293,121,31,9,20,2,6,0,6,0,10,2,7,1,9,5,4,0,6,2,3,1
S01011571,649,304,250,95,616,294,236,86,33,10,14,9,3,1,2,0,16,1,8,7,6,1,3,2,8,7,1,0
S01011572,588,210,245,133,561,205,231,125,27,5,14,8,1,0,0,1,13,5,7,1,3,0,2,1,10,0,5,5
S01011573,1084,199,400,485,1067,198,393,476,17,1,7,9,0,0,0,0,3,0,1,2,7,0,4,3,7,1,2,4
S01011574,795,154,332,309,787,153,329,305,8,1,3,4,0,0,0,0,2,0,0,2,2,0,0,2,4,1,3,0
S01011575,533,180,207,146,526,178,202,146,7,2,5,0,0,0,0,0,2,2,0,0,4,0,4,0,1,0,1,0
S01011576,779,375,321,83,767,375,310,82,12,0,11,1,0,0,0,0,4,0,4,0,5,0,5,0,3,0,2,1
S01011577,702,190,279,233,659,176,262,221,43,14,17,12,11,2,9,0,10,6,3,1,6,1,2,3,16,5,3,8
S01011578,826,297,295,234,801,290,281,230,25,7,14,4,0,0,0,0,15,5,10,0,3,1,1,1,7,1,3,3
S01011579,1089,67,356,666,1072,63,353,656,17,4,3,10,1,1,0,0,0,0,0,0,1,1,0,0,15,2,3,10
S01011580,766,232,302,232,731,229,283,219,35,3,19,13,4,0,4,0,6,1,2,3,9,0,4,5,16,2,9,5
S01011581,789,410,278,101,754,393,262,99,35,17,16,2,10,8,2,0,15,4,10,1,1,1,0,0,9,4,4,1
S01011582,1072,127,450,495,1055,127,439,489,17,0,11,6,3,0,0,3,2,0,1,1,2,0,2,0,10,0,8,2
S01011583,672,223,318,131,653,214,308,131,19,9,10,0,2,1,1,0,9,5,4,0,1,0,1,0,7,3,4,0
S01011584,708,203,363,142,692,198,356,138,16,5,7,4,2,0,0,2,1,0,0,1,0,0,0,0,13,5,7,1
S01011585,719,240,309,170,702,236,297,169,17,4,12,1,0,0,0,0,11,3,8,0,3,0,3,0,3,1,1,1
S01011586,556,178,253,125,535,174,237,124,21,4,16,1,0,0,0,0,9,1,8,0,2,0,2,0,10,3,6,1
S01011587,575,191,269,115,561,189,262,110,14,2,7,5,5,2,3,0,3,0,3,0,0,0,0,0,6,0,1,5
S01011588,792,228,339,225,784,226,338,220,8,2,1,5,0,0,0,0,4,1,0,3,1,1,0,0,3,0,1,2
S01011589,868,161,382,325,853,158,375,320,15,3,7,5,0,0,0,0,1,0,1,0,2,0,1,1,12,3,5,4
S01011590,689,179,293,217,677,178,282,217,12,1,11,0,1,0,1,0,4,0,4,0,3,1,2,0,4,0,4,0
S01011591,597,190,252,155,582,185,245,152,15,5,7,3,1,0,0,1,8,2,6,0,1,0,1,0,5,3,0,2
S01011592,705,343,261,101,705,343,261,101,0,0,0,0,0,0,0,0,0,0,0,0,0,0,0,0,0,0,0,0
S01011593,717,161,314,242,705,157,309,239,12,4,5,3,0,0,0,0,0,0,0,0,1,0,1,0,11,4,4,3
S01011594,438,122,186,130,429,119,182,128,9,3,4,2,2,2,0,0,0,0,0,0,1,0,1,0,6,1,3,2
S01011595,596,94,292,210,583,92,282,209,13,2,10,1,0,0,0,0,2,0,2,0,2,1,1,0,9,1,7,1
S01011596,980,288,427,265,925,271,399,255,55,17,28,10,7,2,4,1,25,10,13,2,9,1,5,3,14,4,6,4
S01011597,525,105,250,170,508,102,236,170,17,3,14,0,4,0,4,0,7,1,6,0,2,1,1,0,4,1,3,0
S01011598,785,568,165,52,705,539,128,38,80,29,37,14,21,7,13,1,36,16,15,5,16,4,7,5,7,2,2,3
S01011599,823,251,383,189,795,245,372,178,28,6,11,11,3,2,0,1,9,1,5,3,1,0,1,0,15,3,5,7
S01011600,737,271,295,171,705,261,284,160,32,10,11,11,9,4,0,5,10,4,3,3,9,2,6,1,4,0,2,2
S01011601,848,83,361,404,826,80,355,391,22,3,6,13,4,3,0,1,4,0,0,4,4,0,2,2,10,0,4,6
S01011602,614,198,246,170,574,186,224,164,40,12,22,6,0,0,0,0,26,10,16,0,12,2,4,6,2,0,2,0
S01011603,791,335,321,135,774,330,316,128,17,5,5,7,0,0,0,0,4,2,1,1,6,0,2,4,7,3,2,2
S01011604,690,244,311,135,637,236,270,131,53,8,41,4,3,1,2,0,38,4,31,3,6,1,5,0,6,2,3,1
S01011605,844,245,351,248,823,239,338,246,21,6,13,2,0,0,0,0,4,3,1,0,6,1,5,0,11,2,7,2
S01011606,1001,33,294,674,971,33,277,661,30,0,17,13,2,0,2,0,4,0,3,1,7,0,5,2,17,0,7,10
S01011607,569,16,219,334,554,16,212,326,15,0,7,8,1,0,0,1,2,0,2,0,5,0,3,2,7,0,2,5
S01011608,945,54,334,557,916,50,318,548,29,4,16,9,0,0,0,0,7,2,5,0,8,1,5,2,14,1,6,7
S01011609,970,479,378,113,881,465,308,108,89,14,70,5,8,1,7,0,57,10,44,3,17,3,14,0,7,0,5,2
S01011610,833,353,338,142,784,340,321,123,49,13,17,19,9,3,1,5,23,7,10,6,4,0,1,3,13,3,5,5
S01011611,626,60,236,330,614,59,233,322,12,1,3,8,2,0,0,2,5,0,0,5,3,1,2,0,2,0,1,1
S01011612,628,11,108,509,614,11,104,499,14,0,4,10,0,0,0,0,1,0,0,1,1,0,1,0,12,0,3,9
S01011613,940,43,303,594,917,40,293,584,23,3,10,10,3,1,0,2,5,1,3,1,3,0,1,2,12,1,6,5
S01011614,447,54,171,222,437,53,166,218,10,1,5,4,3,0,0,3,0,0,0,0,5,1,4,0,2,0,1,1
S01011615,728,187,325,216,718,187,320,211,10,0,5,5,1,0,0,1,2,0,2,0,0,0,0,0,7,0,3,4
S01011616,423,160,170,93,416,155,168,93,7,5,2,0,1,0,1,0,0,0,0,0,3,3,0,0,3,2,1,0
S01011617,840,198,411,231,833,198,405,230,7,0,6,1,0,0,0,0,7,0,6,1,0,0,0,0,0,0,0,0
S01011618,654,174,272,208,637,163,271,203,17,11,1,5,0,0,0,0,6,4,0,2,3,3,0,0,8,4,1,3
S01011619,1050,75,329,646,1006,71,306,629,44,4,23,17,3,0,2,1,12,4,7,1,11,0,5,6,18,0,9,9
S01011620,1097,24,341,732,1056,21,329,706,41,3,12,26,0,0,0,0,8,3,2,3,6,0,3,3,27,0,7,20
S01011621,781,123,300,358,761,123,292,346,20,0,8,12,2,0,2,0,0,0,0,0,4,0,0,4,14,0,6,8
S01011622,649,12,206,431,629,12,198,419,20,0,8,12,0,0,0,0,1,0,1,0,9,0,1,8,10,0,6,4
S01011623,703,191,308,204,677,189,296,192,26,2,12,12,3,0,3,0,4,0,3,1,5,0,3,2,14,2,3,9
S01011624,722,96,292,334,705,95,283,327,17,1,9,7,2,0,2,0,2,0,0,2,3,0,0,3,10,1,7,2
S01011625,548,109,237,202,538,104,234,200,10,5,3,2,1,0,1,0,2,2,0,0,2,2,0,0,5,1,2,2
S01011626,811,23,250,538,793,22,244,527,18,1,6,11,0,0,0,0,2,0,2,0,2,0,1,1,14,1,3,10
S01011627,733,38,255,440,713,37,246,430,20,1,9,10,1,0,0,1,1,0,1,0,7,1,1,5,11,0,7,4
S01011628,1063,70,382,611,1040,69,369,602,23,1,13,9,2,0,0,2,3,0,0,3,6,0,6,0,12,1,7,4
S01011629,629,139,286,204,614,129,284,201,15,10,2,3,0,0,0,0,9,9,0,0,1,0,1,0,5,1,1,3
S01011630,639,152,298,189,634,151,295,188,5,1,3,1,2,0,1,1,0,0,0,0,1,0,1,0,2,1,1,0
S01011631,628,259,235,134,613,257,227,129,15,2,8,5,0,0,0,0,7,0,3,4,1,1,0,0,7,1,5,1
S01011632,754,217,331,206,725,208,312,205,29,9,19,1,3,2,1,0,14,4,10,0,3,1,2,0,9,2,6,1
S01011633,736,233,307,196,707,227,297,183,29,6,10,13,1,0,1,0,11,1,6,4,6,1,0,5,11,4,3,4
S01011634,565,130,280,155,540,129,270,141,25,1,10,14,1,0,0,1,16,0,10,6,8,1,0,7,0,0,0,0
S01011635,683,180,324,179,651,174,305,172,32,6,19,7,8,0,8,0,12,1,7,4,5,4,1,0,7,1,3,3
S01011636,720,268,262,190,700,266,258,176,20,2,4,14,5,0,3,2,8,1,0,7,1,0,0,1,6,1,1,4
S01011637,686,190,281,215,675,188,277,210,11,2,4,5,1,1,0,0,4,0,1,3,1,0,1,0,5,1,2,2
S01011638,483,145,206,132,467,144,196,127,16,1,10,5,1,0,1,0,6,0,6,0,3,0,2,1,6,1,1,4
S01011639,590,199,253,138,575,196,245,134,15,3,8,4,0,0,0,0,0,0,0,0,7,0,4,3,8,3,4,1
S01011640,674,159,312,203,655,158,301,196,19,1,11,7,0,0,0,0,6,0,6,0,3,0,2,1,10,1,3,6
S01011641,476,36,148,292,467,36,142,289,9,0,6,3,0,0,0,0,0,0,0,0,1,0,1,0,8,0,5,3
S01011642,790,128,286,376,749,123,265,361,41,5,21,15,13,2,9,2,8,0,6,2,6,2,3,1,14,1,3,10
S01011643,586,70,225,291,564,67,209,288,22,3,16,3,1,0,1,0,9,0,9,0,3,3,0,0,9,0,6,3
S01011644,717,142,304,271,700,135,295,270,17,7,9,1,3,0,3,0,2,0,2,0,0,0,0,0,12,7,4,1
S01011645,537,97,287,153,530,95,282,153,7,2,5,0,0,0,0,0,4,1,3,0,0,0,0,0,3,1,2,0
S01011646,696,32,228,436,682,31,223,428,14,1,5,8,2,0,1,1,3,0,0,3,1,0,0,1,8,1,4,3
S01011647,878,53,337,488,861,52,330,479,17,1,7,9,1,0,1,0,1,0,1,0,6,0,3,3,9,1,2,6
S01011648,694,153,231,310,656,142,215,299,38,11,16,11,2,1,0,1,10,3,7,0,12,6,5,1,14,1,4,9
S01011649,502,161,191,150,475,152,182,141,27,9,9,9,3,1,2,0,12,6,2,4,7,0,3,4,5,2,2,1
S01011650,721,119,290,312,693,109,276,308,28,10,14,4,2,1,1,0,13,7,6,0,7,1,6,0,6,1,1,4
S01011651,926,197,484,245,891,188,466,237,35,9,18,8,10,7,3,0,11,1,9,1,9,0,3,6,5,1,3,1
S01011652,747,106,299,342,702,97,273,332,45,9,26,10,8,1,6,1,12,3,6,3,5,0,4,1,20,5,10,5
S01011653,899,245,376,278,884,241,368,275,15,4,8,3,2,2,0,0,3,0,3,0,4,1,3,0,6,1,2,3
S01011654,983,360,373,250,930,340,350,240,53,20,23,10,19,5,14,0,18,14,4,0,2,0,2,0,14,1,3,10
S01011655,846,344,354,148,821,335,345,141,25,9,9,7,1,1,0,0,14,5,7,2,5,1,0,4,5,2,2,1
S01011656,608,267,253,88,586,263,245,78,22,4,8,10,0,0,0,0,6,1,3,2,5,2,3,0,11,1,2,8
S01011657,514,250,164,100,484,240,148,96,30,10,16,4,3,1,2,0,17,6,10,1,4,1,3,0,6,2,1,3
S01011658,655,163,311,181,642,161,301,180,13,2,10,1,3,0,3,0,2,1,1,0,4,0,4,0,4,1,2,1
S01011659,787,259,314,214,764,254,304,206,23,5,10,8,1,0,0,1,14,1,7,6,2,1,1,0,6,3,2,1
S01011660,906,105,366,435,878,96,354,428,28,9,12,7,5,1,4,0,6,2,2,2,8,5,3,0,9,1,3,5
S01011661,516,143,231,142,509,141,226,142,7,2,5,0,0,0,0,0,4,0,4,0,0,0,0,0,3,2,1,0
S01011662,642,25,191,426,636,25,189,422,6,0,2,4,0,0,0,0,0,0,0,0,0,0,0,0,6,0,2,4
S01011663,961,331,386,244,891,310,359,222,70,21,27,22,16,3,7,6,26,6,9,11,20,8,9,3,8,4,2,2
S01011664,1044,332,462,250,1012,324,450,238,32,8,12,12,3,3,0,0,15,2,7,6,4,1,1,2,10,2,4,4
S01011665,850,330,337,183,820,317,327,176,30,13,10,7,6,3,3,0,12,5,2,5,4,4,0,0,8,1,5,2
S01011666,853,352,305,196,841,346,300,195,12,6,5,1,4,2,2,0,5,2,3,0,0,0,0,0,3,2,0,1
S01011667,723,215,307,201,681,208,282,191,42,7,25,10,13,2,10,1,10,0,7,3,9,2,3,4,10,3,5,2
S01011668,1042,398,477,167,1020,392,463,165,22,6,14,2,4,1,3,0,11,3,8,0,0,0,0,0,7,2,3,2
S01011669,628,126,236,266,604,119,230,255,24,7,6,11,0,0,0,0,0,0,0,0,7,3,3,1,17,4,3,10
S01011670,536,159,248,129,525,154,243,128,11,5,5,1,1,1,0,0,5,1,4,0,1,1,0,0,4,2,1,1
S01011671,659,125,256,278,642,125,248,269,17,0,8,9,4,0,1,3,6,0,6,0,5,0,1,4,2,0,0,2
S01011672,591,202,200,189,561,194,193,174,30,8,7,15,4,3,1,0,3,1,0,2,7,0,3,4,16,4,3,9
S01011673,661,198,259,204,639,187,250,202,22,11,9,2,7,5,2,0,8,5,3,0,2,1,1,0,5,0,3,2
S01011674,1002,170,433,399,981,167,427,387,21,3,6,12,0,0,0,0,3,0,1,2,5,1,0,4,13,2,5,6
S01011675,896,226,376,294,885,220,372,293,11,6,4,1,0,0,0,0,1,1,0,0,3,2,1,0,7,3,3,1
S01011676,699,221,299,179,685,215,292,178,14,6,7,1,1,0,1,0,1,0,1,0,5,2,3,0,7,4,2,1
S01011677,622,83,223,316,611,80,218,313,11,3,5,3,2,0,1,1,1,0,1,0,4,1,1,2,4,2,2,0
S01011678,464,159,173,132,455,157,170,128,9,2,3,4,0,0,0,0,3,1,2,0,5,0,1,4,1,1,0,0
S01011679,563,17,253,293,537,17,235,285,26,0,18,8,0,0,0,0,7,0,4,3,14,0,11,3,5,0,3,2
S01011680,1100,270,441,389,1089,267,434,388,11,3,7,1,2,1,1,0,4,0,4,0,2,0,2,0,3,2,0,1
S01011681,847,155,364,328,834,148,362,324,13,7,2,4,2,1,0,1,7,5,1,1,0,0,0,0,4,1,1,2
S01011682,435,23,149,263,429,23,145,261,6,0,4,2,1,0,0,1,1,0,1,0,1,0,1,0,3,0,2,1
S01011683,745,134,282,329,727,132,274,321,18,2,8,8,2,1,0,1,8,0,5,3,4,0,2,2,4,1,1,2
S01011684,543,77,189,277,532,77,185,270,11,0,4,7,0,0,0,0,2,0,2,0,3,0,1,2,6,0,1,5
S01011685,802,43,216,543,787,43,211,533,15,0,5,10,0,0,0,0,1,0,1,0,4,0,3,1,10,0,1,9
S01011686,828,45,268,515,803,45,249,509,25,0,19,6,3,0,3,0,6,0,5,1,3,0,2,1,13,0,9,4
S01011687,864,214,323,327,859,213,321,325,5,1,2,2,1,0,1,0,0,0,0,0,1,0,1,0,3,1,0,2
S01011688,820,84,246,490,793,79,234,480,27,5,12,10,2,1,0,1,11,4,7,0,0,0,0,0,14,0,5,9
S01011689,667,29,172,466,642,25,168,449,25,4,4,17,1,0,1,0,7,4,1,2,1,0,0,1,16,0,2,14
S01011690,983,105,305,573,963,103,297,563,20,2,8,10,0,0,0,0,1,0,1,0,3,0,2,1,16,2,5,9
S01011691,624,82,201,341,602,78,193,331,22,4,8,10,0,0,0,0,0,0,0,0,7,0,0,7,15,4,8,3
S01011692,1074,321,448,305,1057,318,438,301,17,3,10,4,1,0,1,0,4,0,4,0,3,0,3,0,9,3,2,4
S01011693,807,89,355,363,775,84,348,343,32,5,7,20,7,1,1,5,2,1,1,0,4,1,1,2,19,2,4,13
S01011694,535,42,194,299,526,41,191,294,9,1,3,5,4,0,3,1,0,0,0,0,1,0,0,1,4,1,0,3
S01011695,931,38,256,637,920,35,252,633,11,3,4,4,1,1,0,0,3,2,1,0,1,0,0,1,6,0,3,3
S01011696,1068,26,295,747,1003,24,279,700,65,2,16,47,0,0,0,0,10,0,6,4,7,2,1,4,48,0,9,39
S01011697,1029,106,448,475,994,105,432,457,35,1,16,18,0,0,0,0,6,0,6,0,3,0,2,1,26,1,8,17
S01011698,643,117,286,240,628,114,281,233,15,3,5,7,0,0,0,0,3,0,2,1,1,0,0,1,11,3,3,5
S01011699,911,97,377,437,884,93,368,423,27,4,9,14,1,1,0,0,2,0,0,2,9,2,1,6,15,1,8,6
S01011700,759,123,332,304,734,119,324,291,25,4,8,13,2,0,2,0,3,1,0,2,0,0,0,0,20,3,6,11
S01011701,1016,92,380,544,977,87,357,533,39,5,23,11,0,0,0,0,4,2,2,0,11,0,5,6,24,3,16,5
S01011702,733,102,299,332,711,93,292,326,22,9,7,6,1,1,0,0,7,6,1,0,3,0,0,3,11,2,6,3
S01011703,631,35,205,391,596,35,197,364,35,0,8,27,2,0,2,0,8,0,0,8,3,0,2,1,22,0,4,18
S01011704,747,67,250,430,720,60,247,413,27,7,3,17,3,2,0,1,4,4,0,0,6,0,0,6,14,1,3,10
S01011705,759,142,321,296,744,137,316,291,15,5,5,5,0,0,0,0,0,0,0,0,3,1,0,2,12,4,5,3
S01011706,987,213,415,359,956,205,406,345,31,8,9,14,3,1,2,0,5,3,0,2,4,1,3,0,19,3,4,12
S01011707,713,41,286,386,694,40,270,384,19,1,16,2,1,0,1,0,7,0,7,0,2,0,2,0,9,1,6,2
S01011708,919,223,380,316,886,217,366,303,33,6,14,13,3,0,3,0,4,0,4,0,10,0,3,7,16,6,4,6
S01011709,954,163,337,454,920,161,326,433,34,2,11,21,1,0,1,0,2,0,1,1,5,0,4,1,26,2,5,19
S01011710,647,229,316,102,639,227,311,101,8,2,5,1,0,0,0,0,1,0,1,0,0,0,0,0,7,2,4,1
S01011711,683,307,258,118,677,306,255,116,6,1,3,2,0,0,0,0,0,0,0,0,0,0,0,0,6,1,3,2
S01011712,530,153,255,122,518,151,249,118,12,2,6,4,0,0,0,0,2,1,0,1,3,0,3,0,7,1,3,3
S01011713,851,135,354,362,830,133,350,347,21,2,4,15,0,0,0,0,5,0,0,5,2,0,0,2,14,2,4,8
S01011714,566,29,231,306,556,29,228,299,10,0,3,7,0,0,0,0,0,0,0,0,2,0,1,1,8,0,2,6
S01011715,633,212,292,129,629,211,291,127,4,1,1,2,0,0,0,0,0,0,0,0,0,0,0,0,4,1,1,2
S01011716,917,50,379,488,896,47,372,477,21,3,7,11,0,0,0,0,8,1,1,6,3,0,2,1,10,2,4,4
S01011717,710,44,289,377,697,41,286,370,13,3,3,7,0,0,0,0,0,0,0,0,2,0,1,1,11,3,2,6
S01011718,800,30,202,568,782,24,201,557,18,6,1,11,4,4,0,0,0,0,0,0,2,1,0,1,12,1,1,10
S01011719,634,22,184,428,605,15,175,415,29,7,9,13,10,4,2,4,5,1,1,3,10,1,5,4,4,1,1,2
S01011720,529,14,202,313,512,14,193,305,17,0,9,8,0,0,0,0,0,0,0,0,1,0,1,0,16,0,8,8
S01011721,716,122,376,218,709,121,371,217,7,1,5,1,0,0,0,0,0,0,0,0,0,0,0,0,7,1,5,1
S01011722,721,175,315,231,712,173,312,227,9,2,3,4,0,0,0,0,0,0,0,0,0,0,0,0,9,2,3,4
S01011723,941,162,451,328,929,162,446,321,12,0,5,7,0,0,0,0,2,0,0,2,1,0,1,0,9,0,4,5
S01011724,733,55,287,391,709,54,283,372,24,1,4,19,0,0,0,0,0,0,0,0,10,1,2,7,14,0,2,12
S01011725,634,20,175,439,613,18,169,426,21,2,6,13,2,1,1,0,3,0,1,2,0,0,0,0,16,1,4,11
S01011726,552,24,154,374,542,24,152,366,10,0,2,8,0,0,0,0,0,0,0,0,0,0,0,0,10,0,2,8
S01011727,774,8,208,558,749,7,197,545,25,1,11,13,1,0,0,1,5,1,3,1,2,0,2,0,17,0,6,11
S01011728,929,203,429,297,913,200,423,290,16,3,6,7,0,0,0,0,2,0,2,0,0,0,0,0,14,3,4,7
S01011729,710,232,299,179,695,227,296,172,15,5,3,7,2,0,0,2,3,3,0,0,2,0,0,2,8,2,3,3
S01011730,844,93,378,373,831,90,371,370,13,3,7,3,2,0,0,2,1,0,1,0,1,1,0,0,9,2,6,1
S01011731,824,179,387,258,806,171,383,252,18,8,4,6,0,0,0,0,2,2,0,0,1,0,0,1,15,6,4,5
S01011732,785,29,302,454,766,26,295,445,19,3,7,9,2,2,0,0,3,0,3,0,2,0,0,2,12,1,4,7
S01011733,851,165,414,272,842,162,411,269,9,3,3,3,1,1,0,0,0,0,0,0,0,0,0,0,8,2,3,3
S01011734,751,162,302,287,734,159,293,282,17,3,9,5,2,0,0,2,5,1,2,2,1,0,1,0,9,2,6,1
S01011735,736,35,291,410,710,34,277,399,26,1,14,11,0,0,0,0,8,0,8,0,6,0,2,4,12,1,4,7
S01011736,770,205,342,223,742,200,327,215,28,5,15,8,1,0,1,0,7,4,3,0,13,1,6,6,7,0,5,2
S01011737,727,241,297,189,662,216,277,169,65,25,20,20,17,12,1,4,19,12,7,0,14,0,6,8,15,1,6,8
S01011738,1016,301,370,345,935,270,337,328,81,31,33,17,20,14,5,1,26,9,16,1,12,2,8,2,23,6,4,13
S01011739,502,156,245,101,485,152,239,94,17,4,6,7,0,0,0,0,7,2,1,4,0,0,0,0,10,2,5,3
S01011740,783,326,340,117,736,303,321,112,47,23,19,5,9,3,6,0,9,7,2,0,2,0,1,1,27,13,10,4
S01011741,657,248,286,123,633,239,273,121,24,9,13,2,3,3,0,0,9,2,7,0,6,0,5,1,6,4,1,1
S01011742,758,189,371,198,738,187,362,189,20,2,9,9,0,0,0,0,1,0,0,1,6,0,3,3,13,2,6,5
S01011743,797,200,393,204,787,196,389,202,10,4,4,2,1,1,0,0,1,1,0,0,0,0,0,0,8,2,4,2
S01011744,849,331,373,145,819,315,362,142,30,16,11,3,3,3,0,0,5,2,3,0,4,2,2,0,18,9,6,3
S01011745,711,316,258,137,678,303,244,131,33,13,14,6,3,0,3,0,8,3,2,3,6,3,1,2,16,7,8,1
S01011746,539,225,225,89,516,215,215,86,23,10,10,3,9,5,4,0,5,0,3,2,3,1,1,1,6,4,2,0
S01011747,992,466,404,122,910,450,357,103,82,16,47,19,18,10,7,1,32,2,27,3,18,0,6,12,14,4,7,3
S01011748,878,380,360,138,830,365,335,130,48,15,25,8,13,5,4,4,10,2,8,0,9,4,5,0,16,4,8,4
S01011749,769,392,308,69,715,370,283,62,54,22,25,7,9,4,5,0,20,9,6,5,10,2,8,0,15,7,6,2
S01011750,876,266,424,186,845,254,409,182,31,12,15,4,6,5,1,0,16,6,9,1,4,1,2,1,5,0,3,2
S01011751,972,554,316,102,894,523,286,85,78,31,30,17,4,2,2,0,36,18,13,5,12,1,6,5,26,10,9,7
S01011752,921,329,421,171,882,316,399,167,39,13,22,4,2,1,1,0,12,4,8,0,8,3,4,1,17,5,9,3
S01011753,777,172,360,245,746,159,347,240,31,13,13,5,0,0,0,0,7,3,4,0,8,5,1,2,16,5,8,3
S01011754,764,190,336,238,739,181,325,233,25,9,11,5,1,1,0,0,3,2,1,0,6,2,4,0,15,4,6,5
S01011755,939,279,428,232,916,271,417,228,23,8,11,4,3,1,2,0,9,7,2,0,3,0,1,2,8,0,6,2
S01011756,990,295,451,244,965,288,440,237,25,7,11,7,1,0,1,0,3,0,2,1,3,2,1,0,18,5,7,6
S01011757,730,230,321,179,716,221,318,177,14,9,3,2,0,0,0,0,7,5,2,0,0,0,0,0,7,4,1,2
S01011758,624,133,266,225,615,131,265,219,9,2,1,6,0,0,0,0,0,0,0,0,2,0,0,2,7,2,1,4
S01011759,836,194,400,242,827,191,395,241,9,3,5,1,0,0,0,0,0,0,0,0,3,0,3,0,6,3,2,1
S01011760,884,240,404,240,855,240,389,226,29,0,15,14,8,0,8,0,8,0,0,8,1,0,0,1,12,0,7,5
S01011761,720,201,330,189,704,196,325,183,16,5,5,6,1,0,0,1,2,2,0,0,1,0,1,0,12,3,4,5
S01011762,656,260,266,130,645,255,261,129,11,5,5,1,0,0,0,0,2,2,0,0,2,1,1,0,7,2,4,1
S01011763,773,168,343,262,767,166,341,260,6,2,2,2,0,0,0,0,1,0,1,0,0,0,0,0,5,2,1,2
S01011764,403,34,191,178,385,28,187,170,18,6,4,8,0,0,0,0,1,0,0,1,5,5,0,0,12,1,4,7
S01011765,974,67,321,586,956,64,316,576,18,3,5,10,4,1,0,3,1,1,0,0,2,1,1,0,11,0,4,7
S01011766,513,38,195,280,489,37,182,270,24,1,13,10,4,0,1,3,2,0,2,0,2,0,2,0,16,1,8,7
S01011767,848,251,389,208,832,248,378,206,16,3,11,2,2,0,2,0,4,1,3,0,1,0,1,0,9,2,5,2
S01011768,694,232,306,156,663,225,293,145,31,7,13,11,0,0,0,0,8,2,6,0,6,2,4,0,17,3,3,11
S01011769,607,202,306,99,589,197,298,94,18,5,8,5,0,0,0,0,7,2,4,1,6,1,2,3,5,2,2,1
S01011770,808,260,378,170,782,249,371,162,26,11,7,8,0,0,0,0,2,2,0,0,5,0,3,2,19,9,4,6
S01011771,667,16,202,449,647,14,197,436,20,2,5,13,1,0,0,1,1,0,1,0,3,1,2,0,15,1,2,12
S01011772,1102,29,248,825,1044,27,236,781,58,2,12,44,2,0,0,2,2,1,1,0,3,0,2,1,51,1,9,41
S01011773,596,13,150,433,577,11,145,421,19,2,5,12,1,0,1,0,1,0,1,0,2,0,0,2,15,2,3,10
S01011774,941,83,325,533,912,81,311,520,29,2,14,13,1,0,1,0,6,1,4,1,3,0,2,1,19,1,7,11
S01011775,667,9,190,468,647,8,185,454,20,1,5,14,0,0,0,0,2,0,0,2,2,0,0,2,16,1,5,10
S01011776,1097,20,212,865,1047,18,199,830,50,2,13,35,6,0,1,5,2,0,0,2,11,0,7,4,31,2,5,24
S01011777,645,36,221,388,629,35,212,382,16,1,9,6,0,0,0,0,1,0,1,0,4,0,3,1,11,1,5,5
S01011778,634,64,187,383,622,63,182,377,12,1,5,6,1,0,0,1,0,0,0,0,3,1,2,0,8,0,3,5
S01011779,793,43,280,470,776,42,275,459,17,1,5,11,1,0,1,0,2,0,2,0,4,0,0,4,10,1,2,7
S01011780,939,15,219,705,911,13,212,686,28,2,7,19,3,0,0,3,2,0,0,2,2,0,0,2,21,2,7,12
S01011781,584,23,215,346,576,21,211,344,8,2,4,2,1,1,0,0,2,1,1,0,1,0,1,0,4,0,2,2
S01011782,683,40,195,448,664,37,189,438,19,3,6,10,2,0,0,2,1,0,1,0,1,0,0,1,15,3,5,7
S01011783,575,20,174,381,556,19,173,364,19,1,1,17,0,0,0,0,0,0,0,0,3,0,0,3,16,1,1,14
S01011784,793,167,366,260,781,166,358,257,12,1,8,3,0,0,0,0,1,0,1,0,0,0,0,0,11,1,7,3
S01011785,873,199,426,248,848,188,419,241,25,11,7,7,1,1,0,0,0,0,0,0,5,5,0,0,19,5,7,7
S01011786,431,9,86,336,419,9,82,328,12,0,4,8,1,0,1,0,0,0,0,0,1,0,0,1,10,0,3,7
S01011787,1026,390,415,221,1009,387,405,217,17,3,10,4,1,0,1,0,5,0,3,2,1,0,1,0,10,3,5,2
S01011788,697,14,96,587,652,11,88,553,45,3,8,34,1,0,1,0,5,0,5,0,3,0,0,3,36,3,2,31
S01011789,660,56,254,350,643,54,249,340,17,2,5,10,0,0,0,0,1,0,1,0,6,0,1,5,10,2,3,5
S01011790,998,221,389,388,974,214,380,380,24,7,9,8,0,0,0,0,3,0,3,0,6,5,1,0,15,2,5,8
S01011791,735,205,341,189,718,199,333,186,17,6,8,3,0,0,0,0,4,2,2,0,0,0,0,0,13,4,6,3
S01011792,888,291,343,254,864,282,333,249,24,9,10,5,3,2,1,0,8,2,5,1,2,0,2,0,11,5,2,4
S01011793,660,113,259,288,651,112,254,285,9,1,5,3,1,1,0,0,1,0,0,1,0,0,0,0,7,0,5,2
S01011794,884,242,418,224,867,237,411,219,17,5,7,5,0,0,0,0,1,0,0,1,1,0,0,1,15,5,7,3
S01011795,627,221,250,156,613,217,241,155,14,4,9,1,0,0,0,0,4,0,4,0,2,1,1,0,8,3,4,1
S01011796,774,302,308,164,761,294,304,163,13,8,4,1,2,2,0,0,6,4,2,0,0,0,0,0,5,2,2,1
S01011797,1012,34,295,683,989,30,286,673,23,4,9,10,1,0,1,0,1,0,1,0,1,0,0,1,20,4,7,9
S01011798,550,174,222,154,540,172,218,150,10,2,4,4,1,1,0,0,1,1,0,0,1,0,0,1,7,0,4,3
S01011799,918,109,363,446,910,108,358,444,8,1,5,2,0,0,0,0,0,0,0,0,1,0,0,1,7,1,5,1
S01011800,519,115,196,208,512,114,193,205,7,1,3,3,1,0,1,0,0,0,0,0,1,0,0,1,5,1,2,2
S01011801,608,191,282,135,589,187,268,134,19,4,14,1,1,1,0,0,5,0,5,0,1,0,1,0,12,3,8,1
S01011802,731,239,282,210,721,234,280,207,10,5,2,3,0,0,0,0,0,0,0,0,0,0,0,0,10,5,2,3
S01011803,593,93,303,197,585,93,298,194,8,0,5,3,1,0,1,0,0,0,0,0,4,0,4,0,3,0,0,3
S01011804,724,182,365,177,700,179,348,173,24,3,17,4,7,0,6,1,4,2,2,0,2,0,2,0,11,1,7,3
S01011805,534,116,263,155,494,110,233,151,40,6,30,4,7,2,4,1,10,3,7,0,8,0,7,1,15,1,12,2
S01011806,768,103,317,348,741,98,303,340,27,5,14,8,3,1,2,0,4,1,2,1,3,1,1,1,17,2,9,6
S01011807,1063,34,363,666,1028,30,348,650,35,4,15,16,1,0,1,0,5,0,4,1,9,1,3,5,20,3,7,10
S01011808,623,59,257,307,608,58,245,305,15,1,12,2,2,0,2,0,6,0,6,0,1,0,1,0,6,1,3,2
S01011809,715,34,216,465,689,30,207,452,26,4,9,13,1,1,0,0,2,0,0,2,3,0,2,1,20,3,7,10
S01011810,940,36,356,548,918,34,348,536,22,2,8,12,2,2,0,0,2,0,0,2,4,0,2,2,14,0,6,8
S01011811,1052,28,342,682,1013,28,322,663,39,0,20,19,9,0,2,7,4,0,3,1,6,0,4,2,20,0,11,9
S01011812,669,17,225,427,653,16,216,421,16,1,9,6,3,0,0,3,0,0,0,0,0,0,0,0,13,1,9,3
S01011813,748,40,247,461,732,39,243,450,16,1,4,11,0,0,0,0,3,0,2,1,2,0,0,2,11,1,2,8
S01011814,721,29,195,497,699,29,182,488,22,0,13,9,5,0,2,3,0,0,0,0,3,0,2,1,14,0,9,5
S01011815,814,56,296,462,787,52,288,447,27,4,8,15,4,0,3,1,1,1,0,0,9,1,3,5,13,2,2,9
S01011816,628,25,243,360,619,25,238,356,9,0,5,4,0,0,0,0,2,0,2,0,1,0,1,0,6,0,2,4
S01011817,724,32,198,494,712,32,194,486,12,0,4,8,0,0,0,0,1,0,1,0,5,0,0,5,6,0,3,3
S01011818,1091,119,592,380,1067,116,582,369,24,3,10,11,5,0,2,3,3,1,0,2,2,0,1,1,14,2,7,5
S01011819,835,198,418,219,809,194,402,213,26,4,16,6,6,1,5,0,7,2,5,0,2,0,2,0,11,1,4,6
S01011820,720,138,336,246,699,133,325,241,21,5,11,5,1,0,0,1,11,3,8,0,1,0,1,0,8,2,2,4
S01011821,430,107,227,96,421,103,223,95,9,4,4,1,1,1,0,0,2,0,1,1,1,0,1,0,5,3,2,0
S01011822,712,267,273,172,682,252,261,169,30,15,12,3,4,3,0,1,10,6,4,0,8,5,3,0,8,1,5,2
S01011823,608,123,327,158,582,118,315,149,26,5,12,9,3,0,3,0,5,2,3,0,3,1,0,2,15,2,6,7
S01011824,703,215,325,163,687,211,314,162,16,4,11,1,0,0,0,0,6,0,6,0,2,0,2,0,8,4,3,1
S01011825,535,108,276,151,522,104,273,145,13,4,3,6,3,2,1,0,0,0,0,0,4,0,1,3,6,2,1,3
S01011826,652,118,341,193,615,102,322,191,37,16,19,2,10,4,6,0,7,5,1,1,6,1,4,1,14,6,8,0
S01011827,527,70,240,217,503,69,227,207,24,1,13,10,1,0,1,0,4,0,4,0,3,1,1,1,16,0,7,9
S01011828,904,64,339,501,881,63,333,485,23,1,6,16,3,0,0,3,3,0,1,2,5,0,0,5,12,1,5,6
S01011829,409,29,130,250,395,26,125,244,14,3,5,6,2,1,0,1,1,0,0,1,2,0,2,0,9,2,3,4
S01011830,572,57,231,284,538,49,213,276,34,8,18,8,7,6,1,0,0,0,0,0,4,0,2,2,23,2,15,6
S01011831,896,81,397,418,868,80,377,411,28,1,20,7,1,0,1,0,3,0,3,0,3,1,1,1,21,0,15,6
S01011832,834,51,368,415,799,47,350,402,35,4,18,13,2,2,0,0,9,0,5,4,11,0,8,3,13,2,5,6
S01011833,959,14,187,758,929,14,183,732,30,0,4,26,1,0,0,1,8,0,0,8,2,0,1,1,19,0,3,16
S01011834,496,11,87,398,477,10,84,383,19,1,3,15,1,0,1,0,1,0,1,0,7,0,0,7,10,1,1,8
S01011835,685,9,143,533,659,9,138,512,26,0,5,21,0,0,0,0,0,0,0,0,2,0,0,2,24,0,5,19
S01011836,756,21,203,532,728,20,194,514,28,1,9,18,1,0,0,1,2,0,1,1,3,0,0,3,22,1,8,13
S01011837,620,7,137,476,595,7,126,462,25,0,11,14,1,0,0,1,3,0,2,1,2,0,2,0,19,0,7,12
S01011838,805,22,243,540,767,20,228,519,38,2,15,21,4,1,0,3,6,0,4,2,4,0,2,2,24,1,9,14
S01011839,962,53,376,533,917,52,352,513,45,1,24,20,8,1,7,0,1,0,1,0,9,0,4,5,27,0,12,15
S01011840,1001,65,365,571,948,62,340,546,53,3,25,25,2,0,2,0,10,0,4,6,9,3,1,5,32,0,18,14
S01011841,950,118,361,471,905,109,355,441,45,9,6,30,1,0,0,1,9,1,0,8,11,0,0,11,24,8,6,10
S01011842,965,182,417,366,929,172,405,352,36,10,12,14,3,0,3,0,1,0,1,0,1,0,1,0,31,10,7,14
S01011843,980,32,216,732,924,27,199,698,56,5,17,34,7,0,2,5,7,1,5,1,4,2,1,1,38,2,9,27
S01011844,753,35,202,516,722,35,193,494,31,0,9,22,1,0,1,0,1,0,0,1,9,0,3,6,20,0,5,15
S01011845,857,84,374,399,829,78,361,390,28,6,13,9,1,1,0,0,4,0,4,0,5,2,3,0,18,3,6,9
S01011846,869,69,236,564,827,68,220,539,42,1,16,25,1,0,1,0,5,0,0,5,3,0,2,1,33,1,13,19
S01011847,429,13,87,329,402,9,77,316,27,4,10,13,2,0,2,0,8,2,1,5,3,0,1,2,14,2,6,6
S01011848,727,25,232,470,686,20,220,446,41,5,12,24,9,5,2,2,2,0,2,0,2,0,1,1,28,0,7,21
S01011849,813,70,306,437,773,67,291,415,40,3,15,22,1,0,0,1,9,1,7,1,11,0,3,8,19,2,5,12
S01011850,672,21,227,424,631,16,210,405,41,5,17,19,5,2,0,3,8,2,3,3,7,0,5,2,21,1,9,11
S01011851,870,65,322,483,834,60,309,465,36,5,13,18,2,0,1,1,6,2,0,4,6,0,6,0,22,3,6,13
S01011852,976,187,374,415,906,176,334,396,70,11,40,19,12,2,7,3,28,5,21,2,11,1,7,3,19,3,5,11
S01011853,708,90,236,382,680,85,220,375,28,5,16,7,2,2,0,0,6,1,2,3,8,0,8,0,12,2,6,4
S01011854,745,81,340,324,699,75,322,302,46,6,18,22,8,2,4,2,14,1,5,8,6,1,2,3,18,2,7,9
S01011855,848,158,342,348,795,147,316,332,53,11,26,16,19,7,10,2,5,1,3,1,10,0,5,5,19,3,8,8
S01011856,691,26,236,429,661,23,221,417,30,3,15,12,2,2,0,0,1,0,1,0,5,0,4,1,22,1,10,11
S01011857,689,51,202,436,664,51,197,416,25,0,5,20,2,0,0,2,4,0,0,4,4,0,0,4,15,0,5,10
S01011858,859,52,357,450,816,49,347,420,43,3,10,30,3,0,1,2,4,1,1,2,4,0,0,4,32,2,8,22
S01011859,839,108,368,363,804,105,355,344,35,3,13,19,3,0,0,3,3,1,0,2,6,0,3,3,23,2,10,11
S01011860,506,23,155,328,476,23,147,306,30,0,8,22,3,0,0,3,3,0,0,3,7,0,1,6,17,0,7,10
S01011861,732,54,283,395,681,52,266,363,51,2,17,32,1,0,1,0,5,0,2,3,5,0,3,2,40,2,11,27
S01011862,947,54,385,508,879,42,361,476,68,12,24,32,11,8,3,0,3,2,0,1,9,0,7,2,45,2,14,29
S01011863,734,106,228,400,684,95,209,380,50,11,19,20,6,0,3,3,6,6,0,0,7,1,5,1,31,4,11,16
S01011864,716,35,304,377,682,29,288,365,34,6,16,12,2,1,1,0,2,1,1,0,5,0,1,4,25,4,13,8
S01011865,601,93,275,233,570,85,264,221,31,8,11,12,4,1,0,3,4,3,1,0,6,2,1,3,17,2,9,6
S01011866,817,109,357,351,755,102,326,327,62,7,31,24,6,3,3,0,17,0,10,7,24,3,12,9,15,1,6,8
S01011867,961,231,416,314,888,207,379,302,73,24,37,12,8,3,4,1,16,6,8,2,26,7,14,5,23,8,11,4
S01011868,869,175,404,290,792,155,365,272,77,20,39,18,14,8,6,0,18,4,12,2,16,1,7,8,29,7,14,8
S01011869,758,165,395,198,670,146,344,180,88,19,51,18,15,4,10,1,25,8,15,2,20,0,13,7,28,7,13,8
S01011870,692,115,329,248,652,108,313,231,40,7,16,17,7,0,6,1,10,1,5,4,4,1,2,1,19,5,3,11
S01011871,1087,52,372,663,1012,48,340,624,75,4,32,39,12,0,10,2,23,3,12,8,8,0,4,4,32,1,6,25
S01011872,914,12,239,663,870,12,225,633,44,0,14,30,0,0,0,0,3,0,2,1,18,0,10,8,23,0,2,21
S01011873,812,30,280,502,774,23,264,487,38,7,16,15,6,2,0,4,6,4,1,1,4,0,2,2,22,1,13,8
S01011874,657,59,227,371,641,58,220,363,16,1,7,8,0,0,0,0,1,0,1,0,4,0,3,1,11,1,3,7
S01011875,672,91,327,254,653,86,318,249,19,5,9,5,1,0,1,0,5,1,4,0,8,4,1,3,5,0,3,2
S01011876,939,38,288,613,888,34,271,583,51,4,17,30,5,0,4,1,7,0,3,4,7,0,2,5,32,4,8,20
S01011877,546,34,255,257,520,32,239,249,26,2,16,8,0,0,0,0,4,0,2,2,5,1,3,1,17,1,11,5
S01011878,947,53,322,572,914,52,315,547,33,1,7,25,3,0,1,2,0,0,0,0,9,0,3,6,21,1,3,17
S01011879,547,22,156,369,525,21,148,356,22,1,8,13,0,0,0,0,0,0,0,0,3,0,2,1,19,1,6,12
S01011880,593,19,170,404,568,18,161,389,25,1,9,15,4,0,4,0,4,0,0,4,0,0,0,0,17,1,5,11
S01011881,817,89,353,375,799,88,345,366,18,1,8,9,1,0,1,0,2,0,0,2,2,0,1,1,13,1,6,6
S01011882,941,110,440,391,928,109,434,385,13,1,6,6,1,0,1,0,0,0,0,0,1,0,0,1,11,1,5,5
S01011883,1026,62,347,617,974,59,323,592,52,3,24,25,7,0,3,4,3,1,1,1,5,0,1,4,37,2,19,16
S01011884,412,2,105,305,392,2,102,288,20,0,3,17,0,0,0,0,2,0,0,2,0,0,0,0,18,0,3,15
S01011885,689,24,177,488,654,19,167,468,35,5,10,20,2,2,0,0,3,1,1,1,10,0,4,6,20,2,5,13
S01011886,875,64,285,526,828,56,275,497,47,8,10,29,4,4,0,0,9,0,4,5,9,1,0,8,25,3,6,16
S01011887,594,73,277,244,579,73,268,238,15,0,9,6,0,0,0,0,3,0,2,1,4,0,0,4,8,0,7,1
S01011888,871,198,457,216,803,181,425,197,68,17,32,19,7,3,3,1,12,3,6,3,13,0,6,7,36,11,17,8
S01011889,892,143,399,350,849,138,378,333,43,5,21,17,2,2,0,0,9,1,8,0,6,0,1,5,26,2,12,12
S01011890,708,113,294,301,666,109,267,290,42,4,27,11,2,1,0,1,9,0,8,1,5,0,3,2,26,3,16,7
S01011891,741,249,302,190,696,236,284,176,45,13,18,14,7,1,2,4,11,0,6,5,10,5,4,1,17,7,6,4
S01011892,981,185,517,279,904,167,478,259,77,18,39,20,11,2,6,3,14,1,12,1,23,9,8,6,29,6,13,10
S01011893,929,234,479,216,874,209,454,211,55,25,25,5,13,7,6,0,16,9,7,0,6,2,4,0,20,7,8,5
S01011894,635,117,299,219,583,109,280,194,52,8,19,25,14,0,2,12,14,2,9,3,4,2,0,2,20,4,8,8
S01011895,632,46,294,292,610,42,284,284,22,4,10,8,0,0,0,0,2,1,1,0,0,0,0,0,20,3,9,8
S01011896,866,149,456,261,840,145,440,255,26,4,16,6,3,0,3,0,5,1,4,0,5,2,3,0,13,1,6,6
S01011897,1027,99,481,447,989,97,460,432,38,2,21,15,1,0,0,1,0,0,0,0,7,0,5,2,30,2,16,12
S01011898,675,26,203,446,649,24,195,430,26,2,8,16,1,0,1,0,4,1,1,2,2,0,0,2,19,1,6,12
S01011899,779,54,434,291,745,50,411,284,34,4,23,7,6,0,6,0,6,0,6,0,3,0,3,0,19,4,8,7
S01011900,735,33,270,432,692,30,252,410,43,3,18,22,7,0,6,1,0,0,0,0,9,0,6,3,27,3,6,18
S01011901,899,46,438,415,857,45,411,401,42,1,27,14,3,0,3,0,12,0,11,1,6,0,1,5,21,1,12,8
S01011902,1056,81,436,539,1001,73,409,519,55,8,27,20,4,0,1,3,10,3,7,0,13,2,6,5,28,3,13,12
S01011903,798,50,352,396,768,48,339,381,30,2,13,15,1,0,0,1,1,0,1,0,6,0,2,4,22,2,10,10
S01011904,744,45,342,357,707,44,315,348,37,1,27,9,6,0,6,0,5,0,5,0,2,0,2,0,24,1,14,9
S01011905,775,29,244,502,736,21,227,488,39,8,17,14,4,3,1,0,2,1,1,0,7,0,4,3,26,4,11,11
S01011906,425,20,216,189,403,18,206,179,22,2,10,10,3,0,3,0,4,0,1,3,3,0,1,2,12,2,5,5
S01011907,745,74,354,317,705,70,339,296,40,4,15,21,1,0,1,0,1,0,1,0,5,0,2,3,33,4,11,18
S01011908,376,40,186,150,360,35,182,143,16,5,4,7,1,0,0,1,4,4,0,0,1,0,0,1,10,1,4,5
S01011909,1036,80,519,437,982,67,493,422,54,13,26,15,21,6,6,9,8,2,4,2,10,1,7,2,15,4,9,2
S01011910,910,435,354,121,851,409,326,116,59,26,28,5,11,7,4,0,13,3,10,0,12,1,7,4,23,15,7,1
S01011911,641,177,308,156,609,171,289,149,32,6,19,7,0,0,0,0,9,2,7,0,7,2,2,3,16,2,10,4
S01011912,727,230,343,154,675,220,322,133,52,10,21,21,3,1,0,2,16,2,7,7,16,1,6,9,17,6,8,3
S01011913,739,285,333,121,709,275,316,118,30,10,17,3,4,2,2,0,7,0,6,1,9,3,5,1,10,5,4,1
S01011914,865,378,344,143,800,358,315,127,65,20,29,16,6,2,2,2,17,5,10,2,23,3,12,8,19,10,5,4
S01011915,811,215,398,198,761,197,384,180,50,18,14,18,5,4,0,1,17,3,4,10,12,4,5,3,16,7,5,4
S01011916,592,169,306,117,555,163,280,112,37,6,26,5,1,0,1,0,13,3,9,1,13,1,8,4,10,2,8,0
S01011917,510,147,248,115,478,133,240,105,32,14,8,10,7,6,0,1,4,4,0,0,9,0,3,6,12,4,5,3
S01011918,786,373,298,115,694,343,248,103,92,30,50,12,5,1,4,0,48,14,31,3,21,6,10,5,18,9,5,4
S01011919,809,264,365,180,718,239,317,162,91,25,48,18,22,10,10,2,24,2,13,9,18,1,12,5,27,12,13,2
S01011920,622,215,287,120,568,200,258,110,54,15,29,10,9,5,1,3,17,2,13,2,6,1,4,1,22,7,11,4
S01011921,594,218,271,105,554,207,251,96,40,11,20,9,9,1,8,0,11,3,3,5,7,2,5,0,13,5,4,4
S01011922,768,250,390,128,719,240,362,117,49,10,28,11,10,0,7,3,9,2,7,0,10,1,7,2,20,7,7,6
S01011923,880,311,411,158,793,295,356,142,87,16,55,16,6,0,6,0,39,3,27,9,20,2,14,4,22,11,8,3
S01011924,454,131,233,90,414,125,211,78,40,6,22,12,4,4,0,0,15,0,7,8,13,0,11,2,8,2,4,2
S01011925,758,49,320,389,704,49,295,360,54,0,25,29,11,0,7,4,4,0,3,1,16,0,6,10,23,0,9,14
S01011926,656,216,313,127,612,197,306,109,44,19,7,18,11,10,0,1,12,3,2,7,7,1,0,6,14,5,5,4
S01011927,613,204,277,132,588,198,263,127,25,6,14,5,2,0,0,2,10,0,10,0,2,2,0,0,11,4,4,3
S01011928,702,168,335,199,675,165,321,189,27,3,14,10,3,0,2,1,8,0,5,3,5,1,2,2,11,2,5,4
S01011929,692,215,348,129,651,202,327,122,41,13,21,7,6,3,2,1,14,0,8,6,10,2,8,0,11,8,3,0
S01011930,638,168,350,120,587,163,315,109,51,5,35,11,7,3,3,1,31,0,24,7,2,0,1,1,11,2,7,2
S01011931,625,231,285,109,583,214,270,99,42,17,15,10,2,1,1,0,8,7,1,0,6,2,4,0,26,7,9,10
S01011932,621,176,330,115,504,147,251,106,117,29,79,9,21,9,11,1,41,7,32,2,43,10,30,3,12,3,6,3
S01011933,631,232,275,124,529,181,233,115,102,51,42,9,25,18,7,0,42,21,14,7,9,1,8,0,26,11,13,2
S01011934,1091,272,537,282,847,193,402,252,244,79,135,30,79,26,53,0,96,31,51,14,32,9,18,5,37,13,13,11
S01011935,793,384,297,112,555,262,208,85,238,122,89,27,61,46,13,2,116,48,51,17,34,15,16,3,27,13,9,5
S01011936,679,254,303,122,577,199,265,113,102,55,38,9,37,22,13,2,27,16,8,3,15,7,6,2,23,10,11,2
S01011937,667,284,298,85,545,227,237,81,122,57,61,4,62,42,18,2,22,6,16,0,17,3,13,1,21,6,14,1
S01011938,670,176,356,138,569,142,306,121,101,34,50,17,25,12,13,0,27,9,16,2,21,6,9,6,28,7,12,9
S01011939,710,383,230,97,602,337,187,78,108,46,43,19,35,15,16,4,28,17,5,6,24,6,13,5,21,8,9,4
S01011940,441,266,141,34,320,210,90,20,121,56,51,14,37,23,11,3,43,12,27,4,27,14,9,4,14,7,4,3
S01011941,682,406,226,50,495,280,172,43,187,126,54,7,45,39,5,1,62,43,18,1,57,33,21,3,23,11,10,2
S01011942,849,525,272,52,677,419,216,42,172,106,56,10,48,37,9,2,56,30,24,2,34,23,9,2,34,16,14,4
S01011943,1112,657,356,99,890,543,271,76,222,114,85,23,62,43,14,5,77,31,34,12,42,21,20,1,41,19,17,5
S01011944,444,18,137,289,413,18,120,275,31,0,17,14,7,0,6,1,9,0,5,4,1,0,1,0,14,0,5,9
S01011945,767,35,206,526,740,31,200,509,27,4,6,17,0,0,0,0,2,1,0,1,1,0,1,0,24,3,5,16
S01011946,789,196,344,249,744,186,327,231,45,10,17,18,4,1,2,1,15,7,5,3,8,2,0,6,18,0,10,8
S01011947,490,49,259,182,468,49,248,171,22,0,11,11,3,0,0,3,1,0,1,0,2,0,2,0,16,0,8,8
S01011948,1042,196,410,436,985,184,382,419,57,12,28,17,6,0,5,1,9,2,4,3,5,0,4,1,37,10,15,12
S01011949,825,59,349,417,802,59,337,406,23,0,12,11,2,0,1,1,0,0,0,0,2,0,0,2,19,0,11,8
S01011950,738,103,319,316,707,93,308,306,31,10,11,10,3,2,1,0,0,0,0,0,3,1,1,1,25,7,9,9
S01011951,678,94,277,307,656,86,275,295,22,8,2,12,0,0,0,0,3,2,0,1,6,3,0,3,13,3,2,8
S01011952,498,12,203,283,484,12,199,273,14,0,4,10,1,0,1,0,0,0,0,0,1,0,0,1,12,0,3,9
S01011953,754,60,292,402,724,58,278,388,30,2,14,14,4,0,4,0,2,1,1,0,0,0,0,0,24,1,9,14
S01011954,492,94,214,184,473,90,204,179,19,4,10,5,5,0,4,1,5,0,3,2,0,0,0,0,9,4,3,2
S01011955,959,162,417,380,927,155,402,370,32,7,15,10,0,0,0,0,3,2,1,0,11,0,8,3,18,5,6,7
S01011956,1033,47,290,696,984,39,273,672,49,8,17,24,2,0,2,0,12,3,3,6,7,2,5,0,28,3,7,18
S01011957,742,51,261,430,689,38,250,401,53,13,11,29,13,6,1,6,8,3,0,5,4,0,3,1,28,4,7,17
S01011958,1060,67,371,622,1027,62,360,605,33,5,11,17,1,0,1,0,6,3,0,3,5,2,2,1,21,0,8,13
S01011959,854,35,256,563,818,33,244,541,36,2,12,22,1,0,0,1,8,1,3,4,7,0,2,5,20,1,7,12
S01011960,798,19,249,530,749,18,228,503,49,1,21,27,11,1,3,7,8,0,4,4,6,0,5,1,24,0,9,15
S01011961,734,46,322,366,705,43,313,349,29,3,9,17,4,0,0,4,2,0,1,1,2,0,2,0,21,3,6,12
S01011962,688,13,183,492,656,13,173,470,32,0,10,22,2,0,0,2,11,0,2,9,4,0,2,2,15,0,6,9
S01011963,522,70,192,260,499,66,187,246,23,4,5,14,2,1,0,1,2,0,0,2,8,0,4,4,11,3,1,7
S01011964,980,85,374,521,926,80,357,489,54,5,17,32,8,1,2,5,13,3,4,6,10,0,4,6,23,1,7,15
S01011965,797,93,365,339,774,93,355,326,23,0,10,13,3,0,2,1,8,0,2,6,1,0,0,1,11,0,6,5
S01011966,840,47,291,502,789,37,271,481,51,10,20,21,8,3,4,1,9,4,5,0,7,1,4,2,27,2,7,18
S01011967,997,55,287,655,950,47,265,638,47,8,22,17,4,0,2,2,12,1,9,2,8,3,3,2,23,4,8,11
S01011968,996,130,496,370,930,121,457,352,66,9,39,18,10,0,10,0,5,2,3,0,17,1,11,5,34,6,15,13
S01011969,1045,128,529,388,1012,122,509,381,33,6,20,7,5,3,2,0,3,0,2,1,8,1,7,0,17,2,9,6
S01011970,990,228,496,266,889,204,432,253,101,24,64,13,24,7,16,1,34,11,19,4,30,3,21,6,13,3,8,2
S01011971,576,30,219,327,549,27,205,317,27,3,14,10,0,0,0,0,5,0,3,2,3,0,2,1,19,3,9,7
S01011972,1115,51,383,681,1067,48,358,661,48,3,25,20,7,2,4,1,8,0,7,1,5,0,5,0,28,1,9,18
S01011973,621,33,187,401,598,32,183,383,23,1,4,18,1,0,1,0,2,0,0,2,6,0,0,6,14,1,3,10
S01011974,738,28,251,459,696,25,229,442,42,3,22,17,3,0,3,0,5,0,3,2,3,1,2,0,31,2,14,15
S01011975,452,27,179,246,435,26,169,240,17,1,10,6,1,0,1,0,1,0,1,0,1,1,0,0,14,0,8,6
S01011976,779,105,290,384,747,99,281,367,32,6,9,17,2,0,0,2,2,0,2,0,6,0,1,5,22,6,6,10
S01011977,1111,135,410,566,1055,129,387,539,56,6,23,27,9,4,3,2,6,0,5,1,7,0,1,6,34,2,14,18
S01011978,693,145,343,205,667,139,330,198,26,6,13,7,1,1,0,0,5,1,1,3,4,2,2,0,16,2,10,4
S01011979,947,38,309,600,907,32,300,575,40,6,9,25,4,2,2,0,3,0,2,1,5,1,0,4,28,3,5,20
S01011980,401,15,113,273,385,13,109,263,16,2,4,10,3,0,3,0,0,0,0,0,0,0,0,0,13,2,1,10
S01011981,890,36,380,474,829,30,354,445,61,6,26,29,5,0,3,2,6,1,4,1,12,3,4,5,38,2,15,21
S01011982,940,34,303,603,882,32,275,575,58,2,28,28,9,1,5,3,6,0,4,2,12,1,6,5,31,0,13,18
S01011983,695,73,305,317,647,67,279,301,48,6,26,16,8,3,4,1,9,2,4,3,8,0,7,1,23,1,11,11
S01011984,676,212,299,165,603,194,253,156,73,18,46,9,19,7,11,1,12,3,8,1,27,5,22,0,15,3,5,7
S01011985,662,61,262,339,620,58,230,332,42,3,32,7,6,1,3,2,6,2,2,2,14,0,13,1,16,0,14,2
S01011986,664,214,331,119,608,206,294,108,56,8,37,11,7,1,6,0,19,2,16,1,18,4,12,2,12,1,3,8
S01011987,948,151,427,370,905,144,402,359,43,7,25,11,6,3,3,0,5,1,4,0,9,1,7,1,23,2,11,10
S01011988,620,49,227,344,597,44,217,336,23,5,10,8,3,2,1,0,3,0,3,0,2,0,1,1,15,3,5,7
S01011989,866,74,388,404,838,72,378,388,28,2,10,16,1,0,1,0,4,0,1,3,8,1,4,3,15,1,4,10
S01011990,750,67,348,335,712,63,324,325,38,4,24,10,5,2,3,0,2,0,1,1,8,1,7,0,23,1,13,9
S01011991,703,107,296,300,682,107,291,284,21,0,5,16,2,0,0,2,3,0,2,1,4,0,2,2,12,0,1,11
S01011992,962,122,417,423,901,113,392,396,61,9,25,27,7,6,0,1,4,0,1,3,6,0,3,3,44,3,21,20
S01011993,838,252,393,193,728,220,326,182,110,32,67,11,32,16,16,0,36,10,24,2,25,2,19,4,17,4,8,5
S01011994,676,14,220,442,635,13,207,415,41,1,13,27,5,1,0,4,0,0,0,0,7,0,0,7,29,0,13,16
S01011995,806,23,218,565,775,19,209,547,31,4,9,18,3,1,1,1,2,1,0,1,7,0,3,4,19,2,5,12
S01011996,555,91,267,197,523,84,254,185,32,7,13,12,4,0,4,0,3,0,2,1,4,0,4,0,21,7,3,11
S01011997,886,117,397,372,856,109,388,359,30,8,9,13,0,0,0,0,5,3,0,2,7,1,5,1,18,4,4,10
S01011998,545,12,142,391,523,8,138,377,22,4,4,14,1,0,0,1,8,4,2,2,1,0,0,1,12,0,2,10
S01011999,621,26,221,374,594,24,210,360,27,2,11,14,2,0,0,2,1,0,1,0,3,0,1,2,21,2,9,10
S01012000,454,15,214,225,443,15,210,218,11,0,4,7,0,0,0,0,1,0,0,1,1,0,0,1,9,0,4,5
S01012001,635,77,243,315,613,73,233,307,22,4,10,8,1,0,1,0,8,3,5,0,1,0,0,1,12,1,4,7
S01012002,539,50,219,270,526,48,214,264,13,2,5,6,0,0,0,0,0,0,0,0,1,0,0,1,12,2,5,5
S01012003,533,52,213,268,523,52,211,260,10,0,2,8,0,0,0,0,0,0,0,0,1,0,1,0,9,0,1,8
S01012004,846,79,308,459,816,70,295,451,30,9,13,8,7,4,2,1,5,4,1,0,5,0,1,4,13,1,9,3
S01012005,877,31,334,512,843,29,315,499,34,2,19,13,5,0,4,1,4,0,4,0,4,1,1,2,21,1,10,10
S01012006,624,31,173,420,576,25,162,389,48,6,11,31,7,4,2,1,4,0,0,4,6,0,2,4,31,2,7,22
S01012007,790,85,313,392,707,76,278,353,83,9,35,39,11,0,7,4,24,5,11,8,8,1,1,6,40,3,16,21
S01012008,901,94,381,426,834,85,353,396,67,9,28,30,4,0,1,3,5,0,2,3,18,3,12,3,40,6,13,21
S01012009,642,47,266,329,595,41,247,307,47,6,19,22,15,5,8,2,6,1,3,2,7,0,0,7,19,0,8,11
S01012010,1079,127,496,456,950,111,437,402,129,16,59,54,24,3,7,14,44,7,25,12,22,3,13,6,39,3,14,22
S01012011,1068,222,498,348,961,203,458,300,107,19,40,48,24,2,6,16,30,6,12,12,12,1,7,4,41,10,15,16
S01012012,626,81,214,331,599,77,206,316,27,4,8,15,5,3,1,1,9,0,7,2,2,0,0,2,11,1,0,10
S01012013,738,51,312,375,681,49,287,345,57,2,25,30,6,2,2,2,7,0,2,5,10,0,7,3,34,0,14,20
S01012014,813,168,380,265,720,142,338,240,93,26,42,25,15,8,4,3,36,13,16,7,14,2,3,9,28,3,19,6
S01012015,980,118,473,389,918,112,429,377,62,6,44,12,18,1,17,0,13,0,13,0,12,1,6,5,19,4,8,7
S01012016,780,55,307,418,735,53,284,398,45,2,23,20,3,0,2,1,9,0,6,3,5,1,2,2,28,1,13,14
S01012017,495,14,178,303,455,13,159,283,40,1,19,20,4,0,2,2,8,0,4,4,1,0,0,1,27,1,13,13
S01012018,843,55,339,449,791,48,321,422,52,7,18,27,7,0,0,7,8,2,4,2,4,0,4,0,33,5,10,18
S01012019,846,70,327,449,820,67,309,444,26,3,18,5,5,0,4,1,0,0,0,0,3,0,2,1,18,3,12,3
S01012020,698,138,257,303,669,134,249,286,29,4,8,17,0,0,0,0,6,1,2,3,0,0,0,0,23,3,6,14
S01012021,565,56,167,342,556,55,164,337,9,1,3,5,0,0,0,0,2,0,1,1,1,0,1,0,6,1,1,4
S01012022,660,82,317,261,649,81,316,252,11,1,1,9,1,0,0,1,5,0,1,4,3,0,0,3,2,1,0,1
S01012023,531,20,151,360,509,19,145,345,22,1,6,15,0,0,0,0,0,0,0,0,2,0,1,1,20,1,5,14
S01012024,868,68,306,494,844,67,296,481,24,1,10,13,0,0,0,0,5,0,0,5,3,0,3,0,16,1,7,8
S01012025,687,72,267,348,678,72,261,345,9,0,6,3,0,0,0,0,0,0,0,0,0,0,0,0,9,0,6,3
S01012026,648,38,119,491,622,33,110,479,26,5,9,12,2,2,0,0,0,0,0,0,5,0,4,1,19,3,5,11
S01012027,823,51,251,521,775,49,229,497,48,2,22,24,9,0,5,4,14,1,9,4,9,0,5,4,16,1,3,12
S01012028,932,40,249,643,899,39,237,623,33,1,12,20,2,0,1,1,4,0,3,1,2,0,0,2,25,1,8,16
S01012029,967,89,317,561,942,82,313,547,25,7,4,14,4,3,1,0,2,1,1,0,1,0,0,1,18,3,2,13
S01012030,641,23,183,435,621,19,178,424,20,4,5,11,0,0,0,0,8,4,4,0,0,0,0,0,12,0,1,11
S01012031,553,14,148,391,532,14,140,378,21,0,8,13,2,0,0,2,5,0,3,2,3,0,0,3,11,0,5,6
S01012032,347,20,73,254,336,20,70,246,11,0,3,8,0,0,0,0,0,0,0,0,1,0,1,0,10,0,2,8
S01012033,800,151,308,341,787,148,307,332,13,3,1,9,1,0,0,1,0,0,0,0,1,0,0,1,11,3,1,7
S01012034,825,127,333,365,802,123,323,356,23,4,10,9,1,0,1,0,0,0,0,0,6,0,1,5,16,4,8,4
S01012035,919,119,391,409,902,116,384,402,17,3,7,7,1,0,0,1,2,0,2,0,2,0,2,0,12,3,3,6
S01012036,846,58,342,446,822,56,328,438,24,2,14,8,1,0,1,0,0,0,0,0,4,1,3,0,19,1,10,8
S01012037,989,386,385,218,974,380,380,214,15,6,5,4,1,0,1,0,2,1,1,0,5,1,1,3,7,4,2,1
S01012038,932,471,348,113,909,466,337,106,23,5,11,7,5,1,4,0,3,2,1,0,3,1,2,0,12,1,4,7
S01012039,956,263,439,254,927,258,429,240,29,5,10,14,11,0,3,8,4,0,4,0,3,1,0,2,11,4,3,4
S01012040,691,114,211,366,658,99,202,357,33,15,9,9,6,6,0,0,0,0,0,0,5,2,2,1,22,7,7,8
S01012041,914,223,376,315,893,218,365,310,21,5,11,5,1,0,1,0,6,1,4,1,2,1,0,1,12,3,6,3
S01012042,917,265,407,245,900,261,397,242,17,4,10,3,1,0,0,1,2,1,1,0,2,0,2,0,12,3,7,2
S01012043,926,386,306,234,892,381,286,225,34,5,20,9,4,0,4,0,9,0,8,1,3,0,2,1,18,5,6,7
S01012044,892,370,337,185,873,367,323,183,19,3,14,2,6,0,6,0,3,0,2,1,1,0,1,0,9,3,5,1
S01012045,1060,399,386,275,1021,392,364,265,39,7,22,10,9,1,4,4,3,0,3,0,6,1,5,0,21,5,10,6
S01012046,686,288,311,87,670,283,301,86,16,5,10,1,5,1,4,0,1,1,0,0,3,2,1,0,7,1,5,1
S01012047,932,431,348,153,900,424,332,144,32,7,16,9,5,2,3,0,7,1,6,0,8,0,3,5,12,4,4,4
S01012048,740,328,298,114,716,322,287,107,24,6,11,7,1,0,0,1,8,4,1,3,3,0,3,0,12,2,7,3
S01012049,660,191,303,166,646,186,295,165,14,5,8,1,1,0,1,0,2,0,2,0,6,3,3,0,5,2,2,1
S01012050,1019,155,435,429,999,151,427,421,20,4,8,8,0,0,0,0,1,0,1,0,6,1,5,0,13,3,2,8
S01012051,497,131,157,209,481,128,154,199,16,3,3,10,1,0,0,1,0,0,0,0,1,0,0,1,14,3,3,8
S01012052,866,260,378,228,840,250,365,225,26,10,13,3,0,0,0,0,6,1,3,2,7,0,7,0,13,9,3,1
S01012053,903,329,395,179,890,324,389,177,13,5,6,2,0,0,0,0,0,0,0,0,0,0,0,0,13,5,6,2
S01012054,829,433,276,120,766,415,237,114,63,18,39,6,13,8,4,1,29,8,19,2,8,0,7,1,13,2,9,2
S01012055,877,327,368,182,856,317,360,179,21,10,8,3,1,1,0,0,2,0,1,1,2,0,1,1,16,9,6,1
S01012056,776,151,315,310,757,141,310,306,19,10,5,4,10,8,0,2,0,0,0,0,2,0,1,1,7,2,4,1
S01012057,743,54,279,410,722,52,269,401,21,2,10,9,2,0,2,0,1,0,1,0,4,2,1,1,14,0,6,8
S01012058,728,97,283,348,707,90,277,340,21,7,6,8,0,0,0,0,1,1,0,0,2,1,1,0,18,5,5,8
S01012059,870,274,389,207,849,266,377,206,21,8,12,1,0,0,0,0,5,0,5,0,5,2,2,1,11,6,5,0
S01012060,857,260,360,237,840,255,353,232,17,5,7,5,1,0,1,0,5,1,3,1,0,0,0,0,11,4,3,4
S01012061,963,127,371,465,933,126,358,449,30,1,13,16,1,0,0,1,0,0,0,0,3,0,3,0,26,1,10,15
S01012062,846,85,310,451,808,76,296,436,38,9,14,15,5,4,1,0,4,1,3,0,10,3,5,2,19,1,5,13
S01012063,547,61,287,199,522,56,277,189,25,5,10,10,4,3,1,0,6,1,4,1,2,0,1,1,13,1,4,8
S01012064,653,341,245,67,609,332,218,59,44,9,27,8,7,1,5,1,10,6,4,0,18,0,14,4,9,2,4,3
S01012065,624,391,181,52,589,385,160,44,35,6,21,8,1,0,1,0,11,0,9,2,17,3,9,5,6,3,2,1
S01012066,852,299,378,175,784,288,336,160,68,11,42,15,3,0,3,0,25,6,18,1,21,2,10,9,19,3,11,5
S01012067,534,268,175,91,518,264,166,88,16,4,9,3,0,0,0,0,4,0,4,0,2,0,2,0,10,4,3,3
S01012068,538,328,164,46,514,320,152,42,24,8,12,4,2,2,0,0,8,1,7,0,8,1,4,3,6,4,1,1
S01012069,479,284,147,48,461,278,135,48,18,6,12,0,3,0,3,0,6,3,3,0,5,3,2,0,4,0,4,0
S01012070,710,458,183,69,635,421,154,60,75,37,29,9,14,10,4,0,37,17,16,4,14,8,4,2,10,2,5,3
S01012071,1057,658,299,100,928,595,246,87,129,63,53,13,27,16,9,2,54,26,25,3,19,5,12,2,29,16,7,6
S01012072,1107,634,346,127,1021,594,306,121,86,40,40,6,29,12,15,2,32,17,15,0,11,4,7,0,14,7,3,4
S01012073,695,125,290,280,635,107,256,272,60,18,34,8,12,7,3,2,26,6,18,2,10,2,7,1,12,3,6,3
S01012074,715,102,300,313,674,82,285,307,41,20,15,6,6,5,1,0,15,11,4,0,3,2,0,1,17,2,10,5
S01012075,724,36,250,438,715,36,249,430,9,0,1,8,0,0,0,0,0,0,0,0,0,0,0,0,9,0,1,8
S01012076,722,182,328,212,710,180,319,211,12,2,9,1,0,0,0,0,0,0,0,0,4,0,4,0,8,2,5,1
S01012077,751,277,268,206,720,265,257,198,31,12,11,8,2,0,2,0,5,2,2,1,11,7,3,1,13,3,4,6
S01012078,871,162,341,368,837,157,321,359,34,5,20,9,0,0,0,0,12,0,9,3,8,3,4,1,14,2,7,5
S01012079,917,369,365,183,892,356,358,178,25,13,7,5,0,0,0,0,7,5,2,0,5,1,3,1,13,7,2,4
S01012080,809,377,290,142,748,350,267,131,61,27,23,11,7,5,2,0,19,6,9,4,16,9,7,0,19,7,5,7
S01012081,737,349,262,126,715,335,255,125,22,14,7,1,0,0,0,0,6,6,0,0,5,0,4,1,11,8,3,0
S01012082,620,289,210,121,601,283,200,118,19,6,10,3,2,2,0,0,1,0,1,0,7,0,6,1,9,4,3,2
S01012083,690,321,237,132,680,314,234,132,10,7,3,0,0,0,0,0,0,0,0,0,1,0,1,0,9,7,2,0
S01012084,577,77,225,275,560,75,213,272,17,2,12,3,4,0,4,0,6,0,6,0,0,0,0,0,7,2,2,3
S01012085,677,112,253,312,666,110,247,309,11,2,6,3,0,0,0,0,0,0,0,0,3,1,2,0,8,1,4,3
S01012086,918,335,373,210,894,328,359,207,24,7,14,3,1,0,1,0,5,1,3,1,3,0,3,0,15,6,7,2
S01012087,720,190,329,201,710,189,324,197,10,1,5,4,0,0,0,0,0,0,0,0,0,0,0,0,10,1,5,4
S01012088,740,88,233,419,719,84,222,413,21,4,11,6,1,0,1,0,2,1,0,1,4,0,4,0,14,3,6,5
S01012089,842,37,339,466,825,37,332,456,17,0,7,10,0,0,0,0,1,0,0,1,1,0,0,1,15,0,7,8
S01012090,884,24,254,606,859,23,246,590,25,1,8,16,2,0,0,2,0,0,0,0,2,0,0,2,21,1,8,12
S01012091,537,66,251,220,521,63,242,216,16,3,9,4,3,3,0,0,0,0,0,0,1,0,1,0,12,0,8,4
S01012092,506,34,237,235,483,27,231,225,23,7,6,10,0,0,0,0,10,4,0,6,2,1,0,1,11,2,6,3
S01012093,535,74,267,194,519,71,258,190,16,3,9,4,1,1,0,0,2,1,1,0,4,0,4,0,9,1,4,4
S01012094,751,37,261,453,728,34,246,448,23,3,15,5,2,0,2,0,0,0,0,0,1,0,0,1,20,3,13,4
S01012095,1061,201,401,459,1045,200,389,456,16,1,12,3,0,0,0,0,1,0,1,0,6,0,6,0,9,1,5,3
S01012096,871,283,398,190,851,277,392,182,20,6,6,8,0,0,0,0,0,0,0,0,2,1,1,0,18,5,5,8
S01012097,695,216,310,169,679,209,305,165,16,7,5,4,1,0,1,0,1,1,0,0,4,2,1,1,10,4,3,3
S01012098,628,223,253,152,610,219,240,151,18,4,13,1,0,0,0,0,6,0,6,0,4,0,4,0,8,4,3,1
S01012099,787,293,362,132,749,274,348,127,38,19,14,5,7,5,2,0,9,4,5,0,7,4,2,1,15,6,5,4
S01012100,1089,307,485,297,1052,292,469,291,37,15,16,6,2,0,2,0,5,0,5,0,5,2,3,0,25,13,6,6
S01012101,785,60,273,452,765,58,267,440,20,2,6,12,2,1,0,1,0,0,0,0,0,0,0,0,18,1,6,11
S01012102,670,305,273,92,650,300,260,90,20,5,13,2,0,0,0,0,2,0,2,0,11,3,8,0,7,2,3,2
S01012103,925,190,422,313,884,184,396,304,41,6,26,9,5,2,3,0,12,1,11,0,10,1,8,1,14,2,4,8
S01012104,924,58,357,509,881,53,328,500,43,5,29,9,4,0,4,0,7,2,4,1,12,2,8,2,20,1,13,6
S01012105,1115,149,451,515,1056,137,423,496,59,12,28,19,11,1,8,2,9,1,8,0,13,5,5,3,26,5,7,14
S01012106,1101,105,469,527,1044,97,443,504,57,8,26,23,4,4,0,0,11,0,9,2,10,1,7,2,32,3,10,19
S01012107,646,73,205,368,616,70,195,351,30,3,10,17,1,0,0,1,5,1,4,0,4,0,0,4,20,2,6,12
S01012108,908,517,325,66,872,499,312,61,36,18,13,5,4,2,1,1,5,3,2,0,10,2,6,2,17,11,4,2
S01012109,922,449,352,121,825,419,300,106,97,30,52,15,9,7,1,1,42,13,25,4,24,3,17,4,22,7,9,6
S01012110,700,325,275,100,675,311,267,97,25,14,8,3,2,2,0,0,10,6,3,1,2,2,0,0,11,4,5,2
S01012111,558,265,205,88,516,247,181,88,42,18,24,0,11,6,5,0,10,1,9,0,14,9,5,0,7,2,5,0
S01012112,731,215,323,193,708,210,317,181,23,5,6,12,0,0,0,0,5,0,1,4,6,1,3,2,12,4,2,6
S01012113,990,243,461,286,961,238,446,277,29,5,15,9,3,2,0,1,1,0,1,0,5,0,5,0,20,3,9,8
S01012114,820,82,281,457,801,74,277,450,19,8,4,7,2,2,0,0,1,1,0,0,1,1,0,0,15,4,4,7
S01012115,517,131,281,105,503,127,276,100,14,4,5,5,1,1,0,0,2,0,2,0,4,0,0,4,7,3,3,1
S01012116,591,156,279,156,568,146,272,150,23,10,7,6,1,0,1,0,1,0,1,0,5,3,2,0,16,7,3,6
S01012117,807,35,245,527,785,31,235,519,22,4,10,8,2,0,2,0,5,0,3,2,5,4,1,0,10,0,4,6
S01012118,661,45,228,388,636,42,216,378,25,3,12,10,1,0,0,1,8,1,5,2,5,1,3,1,11,1,4,6
S01012119,900,54,352,494,875,51,342,482,25,3,10,12,1,0,1,0,0,0,0,0,1,0,1,0,23,3,8,12
S01012120,583,193,223,167,557,190,210,157,26,3,13,10,0,0,0,0,12,0,6,6,1,0,1,0,13,3,6,4
S01012121,903,318,412,173,868,308,394,166,35,10,18,7,3,1,1,1,7,1,5,1,8,2,4,2,17,6,8,3
S01012122,764,198,382,184,753,196,379,178,11,2,3,6,0,0,0,0,0,0,0,0,0,0,0,0,11,2,3,6
S01012123,510,114,205,191,472,107,191,174,38,7,14,17,3,2,1,0,3,0,3,0,10,1,5,4,22,4,5,13
S01012124,503,95,285,123,473,87,271,115,30,8,14,8,2,1,1,0,4,0,1,3,8,3,4,1,16,4,8,4
S01012125,782,398,306,78,737,382,281,74,45,16,25,4,0,0,0,0,13,3,10,0,10,3,5,2,22,10,10,2
S01012126,753,153,362,238,696,138,330,228,57,15,32,10,7,3,4,0,12,2,10,0,18,5,12,1,20,5,6,9
S01012127,849,473,285,91,706,365,260,81,143,108,25,10,59,54,4,1,30,21,9,0,31,22,6,3,23,11,6,6
S01012128,510,222,207,81,453,206,173,74,57,16,34,7,5,0,5,0,20,11,7,2,10,0,8,2,22,5,14,3
S01012129,669,310,269,90,630,283,260,87,39,27,9,3,7,6,1,0,8,8,0,0,10,5,5,0,14,8,3,3
S01012130,1002,489,352,161,951,460,340,151,51,29,12,10,6,6,0,0,13,6,4,3,8,1,3,4,24,16,5,3
S01012131,962,519,355,88,880,478,314,88,82,41,41,0,21,15,6,0,23,12,11,0,17,7,10,0,21,7,14,0
S01012132,684,437,214,33,557,351,179,27,127,86,35,6,53,43,8,2,26,14,11,1,25,17,7,1,23,12,9,2
S01012133,750,257,313,180,673,223,282,168,77,34,31,12,15,8,6,1,24,14,8,2,21,9,8,4,17,3,9,5
S01012134,1090,291,504,295,1028,280,468,280,62,11,36,15,11,2,5,4,7,1,4,2,16,1,12,3,28,7,15,6
S01012135,878,528,285,65,821,497,267,57,57,31,18,8,16,11,1,4,10,5,5,0,14,5,5,4,17,10,7,0
S01012136,835,454,314,67,698,368,265,65,137,86,49,2,42,33,9,0,53,36,17,0,17,2,13,2,25,15,10,0
S01012137,671,365,243,63,629,341,229,59,42,24,14,4,11,7,3,1,5,3,2,0,10,7,2,1,16,7,7,2
S01012138,904,191,427,286,856,186,403,267,48,5,24,19,20,0,11,9,3,0,2,1,4,2,2,0,21,3,9,9
S01012139,940,229,417,294,908,221,402,285,32,8,15,9,12,2,6,4,3,2,1,0,2,2,0,0,15,2,8,5
S01012140,519,22,175,322,500,16,172,312,19,6,3,10,2,2,0,0,2,1,1,0,1,0,0,1,14,3,2,9
S01012141,1014,99,467,448,982,91,449,442,32,8,18,6,4,2,2,0,7,1,6,0,4,2,2,0,17,3,8,6
S01012142,952,87,306,559,929,87,293,549,23,0,13,10,0,0,0,0,2,0,2,0,7,0,6,1,14,0,5,9
S01012143,869,69,278,522,840,66,263,511,29,3,15,11,0,0,0,0,0,0,0,0,3,0,2,1,26,3,13,10
S01012144,1046,106,425,515,1014,105,414,495,32,1,11,20,4,0,0,4,0,0,0,0,1,0,0,1,27,1,11,15
S01012145,1019,63,382,574,974,60,357,557,45,3,25,17,1,0,1,0,1,1,0,0,3,0,3,0,40,2,21,17
S01012146,979,485,416,78,913,453,390,70,66,32,26,8,8,6,2,0,33,11,17,5,3,2,1,0,22,13,6,3
S01012147,753,366,269,118,711,354,250,107,42,12,19,11,4,2,2,0,10,0,3,7,7,2,2,3,21,8,12,1
S01012148,756,415,271,70,739,406,264,69,17,9,7,1,0,0,0,0,6,3,3,0,4,2,2,0,7,4,2,1
S01012149,800,194,265,341,743,182,247,314,57,12,18,27,2,1,1,0,14,5,5,4,10,1,6,3,31,5,6,20
S01012150,778,327,299,152,749,320,283,146,29,7,16,6,0,0,0,0,0,0,0,0,17,3,9,5,12,4,7,1
S01012151,760,333,301,126,738,327,292,119,22,6,9,7,2,0,1,1,3,0,3,0,6,0,2,4,11,6,3,2
S01012152,744,333,294,117,701,321,271,109,43,12,23,8,3,3,0,0,13,1,10,2,7,2,4,1,20,6,9,5
S01012153,538,282,192,64,499,258,185,56,39,24,7,8,4,3,0,1,15,10,1,4,8,4,3,1,12,7,3,2
S01012154,777,414,312,51,679,377,257,45,98,37,55,6,30,22,8,0,37,10,25,2,20,3,14,3,11,2,8,1
S01012155,546,272,214,60,511,261,196,54,35,11,18,6,6,5,1,0,11,2,7,2,9,1,8,0,9,3,2,4
S01012156,605,294,231,80,586,286,222,78,19,8,9,2,0,0,0,0,4,0,4,0,4,1,3,0,11,7,2,2
S01012157,989,324,445,220,920,300,408,212,69,24,37,8,7,5,2,0,25,8,17,0,14,4,9,1,23,7,9,7
S01012158,1068,189,423,456,997,176,393,428,71,13,30,28,10,5,4,1,13,3,8,2,11,0,4,7,37,5,14,18
S01012159,503,47,220,236,490,46,212,232,13,1,8,4,2,0,2,0,0,0,0,0,3,0,2,1,8,1,4,3
S01012160,662,47,327,288,641,46,312,283,21,1,15,5,6,0,6,0,1,0,1,0,1,0,0,1,13,1,8,4
S01012161,457,229,172,56,426,215,157,54,31,14,15,2,5,5,0,0,12,5,7,0,2,0,2,0,12,4,6,2
S01012162,870,309,339,222,801,295,308,198,69,14,31,24,14,2,9,3,15,4,8,3,19,3,9,7,21,5,5,11
S01012163,761,218,329,214,691,202,290,199,70,16,39,15,8,1,7,0,32,9,22,1,11,1,6,4,19,5,4,10
S01012164,1098,76,456,566,1026,63,419,544,72,13,37,22,4,2,1,1,14,3,9,2,23,4,17,2,31,4,10,17
S01012165,921,437,348,136,872,421,321,130,49,16,27,6,6,1,5,0,21,8,12,1,6,1,4,1,16,6,6,4
S01012166,604,240,221,143,585,234,210,141,19,6,11,2,2,2,0,0,6,1,5,0,3,2,1,0,8,1,5,2
S01012167,781,260,345,176,756,249,334,173,25,11,11,3,1,0,1,0,6,3,3,0,4,1,3,0,14,7,4,3
S01012168,848,114,408,326,825,112,397,316,23,2,11,10,3,0,3,0,1,0,1,0,4,0,2,2,15,2,5,8
S01012169,851,235,391,225,828,225,380,223,23,10,11,2,3,2,1,0,0,0,0,0,3,0,2,1,17,8,8,1
S01012170,975,347,436,192,958,339,431,188,17,8,5,4,1,1,0,0,1,0,1,0,0,0,0,0,15,7,4,4
S01012171,1000,323,429,248,983,320,418,245,17,3,11,3,0,0,0,0,4,2,1,1,2,0,2,0,11,1,8,2
S01012172,744,302,325,117,720,296,311,113,24,6,14,4,3,0,3,0,3,0,3,0,5,1,3,1,13,5,5,3
S01012173,647,72,253,322,622,68,242,312,25,4,11,10,1,1,0,0,5,0,5,0,1,0,0,1,18,3,6,9
S01012174,894,30,310,554,851,29,296,526,43,1,14,28,4,0,4,0,2,0,1,1,7,0,3,4,30,1,6,23
S01012175,818,77,411,330,761,70,381,310,57,7,30,20,4,0,1,3,9,2,6,1,13,1,9,3,31,4,14,13
S01012176,841,68,371,402,804,67,352,385,37,1,19,17,3,0,3,0,3,0,2,1,3,0,3,0,28,1,11,16
S01012177,617,48,254,315,591,44,245,302,26,4,9,13,2,0,2,0,4,1,1,2,3,1,2,0,17,2,4,11
S01012178,519,40,208,271,503,36,200,267,16,4,8,4,0,0,0,0,0,0,0,0,0,0,0,0,16,4,8,4
S01012179,604,194,197,213,581,191,185,205,23,3,12,8,0,0,0,0,6,1,5,0,4,1,2,1,13,1,5,7
S01012180,573,142,285,146,563,141,280,142,10,1,5,4,1,0,1,0,0,0,0,0,1,0,0,1,8,1,4,3
S01012181,757,206,311,240,707,200,283,224,50,6,28,16,7,2,3,2,7,0,7,0,9,2,3,4,27,2,15,10
S01012182,1049,82,465,502,984,74,446,464,65,8,19,38,6,2,0,4,11,2,6,3,11,2,2,7,37,2,11,24
S01012183,720,251,308,161,683,240,288,155,37,11,20,6,7,1,6,0,8,3,5,0,9,2,5,2,13,5,4,4
S01012184,502,60,270,172,456,45,247,164,46,15,23,8,7,4,1,2,9,4,3,2,12,3,7,2,18,4,12,2
S01012185,704,357,273,74,640,326,245,69,64,31,28,5,8,7,0,1,14,8,5,1,6,4,1,1,36,12,22,2
S01012186,694,211,304,179,680,203,302,175,14,8,2,4,1,0,0,1,0,0,0,0,0,0,0,0,13,8,2,3
S01012187,669,309,274,86,644,292,268,84,25,17,6,2,3,2,1,0,4,3,1,0,4,3,1,0,14,9,3,2
S01012188,523,75,222,226,514,75,216,223,9,0,6,3,0,0,0,0,4,0,4,0,1,0,0,1,4,0,2,2
S01012189,581,83,240,258,568,79,237,252,13,4,3,6,0,0,0,0,1,0,1,0,2,0,0,2,10,4,2,4
S01012190,556,32,199,325,547,32,197,318,9,0,2,7,0,0,0,0,0,0,0,0,0,0,0,0,9,0,2,7
S01012191,872,44,272,556,855,43,265,547,17,1,7,9,0,0,0,0,2,0,0,2,2,0,2,0,13,1,5,7
S01012192,505,34,151,320,479,30,148,301,26,4,3,19,5,4,0,1,2,0,0,2,1,0,0,1,18,0,3,15
S01012193,562,7,110,445,550,7,107,436,12,0,3,9,1,0,1,0,0,0,0,0,1,0,0,1,10,0,2,8
S01012194,561,3,126,432,551,3,124,424,10,0,2,8,0,0,0,0,0,0,0,0,1,0,0,1,9,0,2,7
S01012195,1118,105,354,659,1094,105,341,648,24,0,13,11,0,0,0,0,1,0,0,1,5,0,2,3,18,0,11,7
S01012196,573,37,183,353,544,33,176,335,29,4,7,18,2,0,2,0,1,0,1,0,2,0,0,2,24,4,4,16
S01012197,726,152,305,269,718,151,302,265,8,1,3,4,0,0,0,0,0,0,0,0,2,0,1,1,6,1,2,3
S01012198,859,163,346,350,841,160,337,344,18,3,9,6,0,0,0,0,3,2,1,0,2,0,2,0,13,1,6,6
S01012199,730,110,368,252,719,110,362,247,11,0,6,5,0,0,0,0,0,0,0,0,3,0,1,2,8,0,5,3
S01012200,647,141,295,211,634,137,290,207,13,4,5,4,0,0,0,0,2,0,2,0,0,0,0,0,11,4,3,4
S01012201,770,134,384,252,754,133,375,246,16,1,9,6,2,0,1,1,0,0,0,0,4,0,3,1,10,1,5,4
S01012202,598,88,236,274,577,86,225,266,21,2,11,8,0,0,0,0,4,0,4,0,6,2,2,2,11,0,5,6
S01012203,772,21,229,522,758,20,223,515,14,1,6,7,2,0,2,0,0,0,0,0,2,0,0,2,10,1,4,5
S01012204,789,17,242,530,773,10,237,526,16,7,5,4,3,3,0,0,2,2,0,0,3,0,3,0,8,2,2,4
S01012205,675,28,198,449,651,25,189,437,24,3,9,12,4,0,3,1,1,0,1,0,2,1,0,1,17,2,5,10
S01012206,846,91,319,436,831,90,309,432,15,1,10,4,0,0,0,0,0,0,0,0,6,0,6,0,9,1,4,4
S01012207,926,226,439,261,915,225,430,260,11,1,9,1,2,0,2,0,2,0,2,0,2,0,2,0,5,1,3,1
S01012208,1057,238,446,373,1035,233,440,362,22,5,6,11,4,2,1,1,5,0,0,5,0,0,0,0,13,3,5,5
S01012209,737,151,372,214,720,149,363,208,17,2,9,6,0,0,0,0,3,0,3,0,0,0,0,0,14,2,6,6
S01012210,790,227,343,220,771,220,338,213,19,7,5,7,1,1,0,0,1,1,0,0,4,0,0,4,13,5,5,3
S01012211,905,139,371,395,867,135,347,385,38,4,24,10,2,0,2,0,14,2,12,0,10,0,4,6,12,2,6,4
S01012212,762,31,260,471,751,28,256,467,11,3,4,4,0,0,0,0,0,0,0,0,1,0,1,0,10,3,3,4
S01012213,808,38,295,475,789,38,291,460,19,0,4,15,3,0,0,3,1,0,0,1,4,0,0,4,11,0,4,7
S01012214,681,35,240,406,668,35,234,399,13,0,6,7,0,0,0,0,0,0,0,0,1,0,0,1,12,0,6,6
S01012215,843,46,298,499,823,41,294,488,20,5,4,11,0,0,0,0,5,5,0,0,2,0,0,2,13,0,4,9
S01012216,709,20,228,461,695,20,222,453,14,0,6,8,0,0,0,0,0,0,0,0,0,0,0,0,14,0,6,8
S01012217,560,231,251,78,532,216,243,73,28,15,8,5,0,0,0,0,12,6,4,2,7,3,3,1,9,6,1,2
S01012218,487,238,192,57,455,229,176,50,32,9,16,7,2,1,1,0,10,3,4,3,3,1,0,2,17,4,11,2
S01012219,846,362,321,163,829,354,318,157,17,8,3,6,1,1,0,0,0,0,0,0,3,2,1,0,13,5,2,6
S01012220,629,312,232,85,594,301,214,79,35,11,18,6,3,0,3,0,6,0,6,0,10,3,3,4,16,8,6,2
S01012221,628,241,289,98,612,233,281,98,16,8,8,0,6,3,3,0,1,1,0,0,2,0,2,0,7,4,3,0
S01012222,789,243,353,193,769,236,346,187,20,7,7,6,8,0,4,4,1,0,1,0,1,1,0,0,10,6,2,2
S01012223,722,281,319,122,702,279,305,118,20,2,14,4,1,0,1,0,7,0,6,1,4,1,2,1,8,1,5,2
S01012224,767,201,373,193,738,195,350,193,29,6,23,0,3,1,2,0,8,1,7,0,6,2,4,0,12,2,10,0
S01012225,1070,325,458,287,1046,320,444,282,24,5,14,5,0,0,0,0,4,1,3,0,8,0,4,4,12,4,7,1
S01012226,731,132,350,249,722,130,347,245,9,2,3,4,0,0,0,0,1,0,0,1,3,0,3,0,5,2,0,3
S01012227,669,143,295,231,659,141,292,226,10,2,3,5,0,0,0,0,1,0,1,0,0,0,0,0,9,2,2,5
S01012228,693,111,352,230,674,104,341,229,19,7,11,1,6,3,3,0,0,0,0,0,1,0,1,0,12,4,7,1
S01012229,684,45,246,393,668,44,240,384,16,1,6,9,2,0,1,1,0,0,0,0,5,1,2,2,9,0,3,6
S01012230,911,26,318,567,877,24,310,543,34,2,8,24,3,2,1,0,0,0,0,0,3,0,2,1,28,0,5,23
S01012231,831,14,164,653,792,12,149,631,39,2,15,22,8,0,4,4,2,1,0,1,3,0,3,0,26,1,8,17
S01012232,868,30,185,653,847,27,182,638,21,3,3,15,0,0,0,0,6,1,0,5,2,0,0,2,13,2,3,8
S01012233,953,33,218,702,925,29,209,687,28,4,9,15,2,2,0,0,6,0,0,6,6,2,1,3,14,0,8,6
S01012234,1082,51,250,781,1052,51,239,762,30,0,11,19,0,0,0,0,1,0,1,0,1,0,0,1,28,0,10,18
S01012235,457,22,129,306,449,22,128,299,8,0,1,7,0,0,0,0,0,0,0,0,1,0,0,1,7,0,1,6
S01012236,610,84,217,309,596,82,214,300,14,2,3,9,3,0,0,3,1,0,0,1,4,1,1,2,6,1,2,3
S01012237,801,27,213,561,760,22,197,541,41,5,16,20,5,1,3,1,8,1,5,2,4,1,3,0,24,2,5,17
S01012238,604,143,257,204,579,136,250,193,25,7,7,11,4,0,4,0,6,2,0,4,3,1,1,1,12,4,2,6
S01012239,586,173,244,169,562,169,229,164,24,4,15,5,1,0,1,0,6,0,5,1,3,1,2,0,14,3,7,4
S01012240,842,137,386,319,811,131,368,312,31,6,18,7,0,0,0,0,0,0,0,0,6,0,3,3,25,6,15,4
S01012241,569,39,120,410,547,38,115,394,22,1,5,16,0,0,0,0,2,0,1,1,3,0,3,0,17,1,1,15
S01012242,800,14,182,604,751,12,169,570,49,2,13,34,2,0,0,2,9,0,4,5,4,0,1,3,34,2,8,24
S01012243,644,20,180,444,619,20,168,431,25,0,12,13,6,0,6,0,5,0,1,4,6,0,3,3,8,0,2,6
S01012244,911,19,166,726,827,14,144,669,84,5,22,57,16,4,4,8,9,0,5,4,15,1,5,9,44,0,8,36
S01012245,734,75,230,429,694,67,211,416,40,8,19,13,6,0,6,0,13,4,3,6,3,0,1,2,18,4,9,5
S01012246,813,36,220,557,770,31,202,537,43,5,18,20,2,0,2,0,8,1,6,1,8,2,2,4,25,2,8,15
S01012247,713,23,220,470,650,19,197,434,63,4,23,36,5,2,1,2,7,2,3,2,15,0,7,8,36,0,12,24
S01012248,818,22,217,579,760,18,187,555,58,4,30,24,12,3,5,4,5,0,4,1,9,0,8,1,32,1,13,18
S01012249,863,27,250,586,811,25,239,547,52,2,11,39,2,1,1,0,4,1,0,3,7,0,1,6,39,0,9,30
S01012250,671,17,176,478,628,17,164,447,43,0,12,31,2,0,0,2,12,0,5,7,12,0,2,10,17,0,5,12
S01012251,957,228,452,277,900,216,414,270,57,12,38,7,10,7,3,0,12,0,10,2,13,1,10,2,22,4,15,3
S01012252,713,156,280,277,673,150,262,261,40,6,18,16,4,0,3,1,10,0,4,6,7,1,3,3,19,5,8,6
S01012253,871,234,400,237,798,211,361,226,73,23,39,11,8,2,2,4,17,11,5,1,17,5,10,2,31,5,22,4
S01012254,858,125,426,307,789,111,399,279,69,14,27,28,8,1,5,2,23,5,9,9,13,5,5,3,25,3,8,14
S01012255,859,168,397,294,783,145,364,274,76,23,33,20,7,4,1,2,23,7,10,6,15,3,9,3,31,9,13,9
S01012256,867,43,338,486,816,42,309,465,51,1,29,21,2,0,1,1,12,0,8,4,6,0,3,3,31,1,17,13
S01012257,926,139,419,368,879,135,395,349,47,4,24,19,4,1,3,0,10,1,4,5,12,1,7,4,21,1,10,10
S01012258,759,39,228,492,732,37,215,480,27,2,13,12,2,0,2,0,4,0,3,1,0,0,0,0,21,2,8,11
S01012259,606,38,211,357,579,33,201,345,27,5,10,12,1,0,0,1,1,0,0,1,6,3,1,2,19,2,9,8
S01012260,857,130,299,428,823,126,285,412,34,4,14,16,6,0,6,0,2,0,2,0,3,0,1,2,23,4,5,14
S01012261,883,17,213,653,844,16,199,629,39,1,14,24,6,0,4,2,12,0,2,10,3,1,2,0,18,0,6,12
S01012262,792,30,211,551,762,30,200,532,30,0,11,19,2,0,0,2,1,0,0,1,6,0,2,4,21,0,9,12
S01012263,699,146,324,229,656,134,308,214,43,12,16,15,9,4,5,0,6,0,4,2,12,5,2,5,16,3,5,8
S01012264,472,57,187,228,449,55,177,217,23,2,10,11,0,0,0,0,2,0,0,2,1,0,0,1,20,2,10,8
S01012265,788,155,372,261,770,152,363,255,18,3,9,6,1,0,0,1,4,1,2,1,1,0,0,1,12,2,7,3
S01012266,1058,158,495,405,1012,146,472,394,46,12,23,11,3,2,0,1,8,1,7,0,5,2,2,1,30,7,14,9
S01012267,682,52,274,356,665,51,266,348,17,1,8,8,0,0,0,0,3,0,2,1,4,1,2,1,10,0,4,6
S01012268,627,24,178,425,599,20,170,409,28,4,8,16,3,2,0,1,3,0,0,3,5,0,1,4,17,2,7,8
S01012269,999,108,365,526,971,105,353,513,28,3,12,13,0,0,0,0,1,0,1,0,12,0,5,7,15,3,6,6
S01012270,775,84,400,291,739,81,379,279,36,3,21,12,3,0,3,0,6,0,6,0,8,0,7,1,19,3,5,11
S01012271,1023,33,296,694,978,29,284,665,45,4,12,29,2,0,0,2,5,2,2,1,4,0,2,2,34,2,8,24
S01012272,718,58,249,411,678,56,235,387,40,2,14,24,0,0,0,0,7,0,2,5,6,0,0,6,27,2,12,13
S01012273,697,24,222,451,673,24,215,434,24,0,7,17,1,0,0,1,3,0,0,3,6,0,4,2,14,0,3,11
S01012274,916,121,425,370,891,119,407,365,25,2,18,5,0,0,0,0,8,0,5,3,2,0,2,0,15,2,11,2
S01012275,800,280,367,153,720,250,329,141,80,30,38,12,11,8,3,0,23,7,15,1,29,9,14,6,17,6,6,5
S01012276,915,167,384,364,870,160,360,350,45,7,24,14,5,0,4,1,9,1,7,1,11,2,7,2,20,4,6,10
S01012277,1045,171,489,385,989,160,456,373,56,11,33,12,7,4,3,0,16,3,11,2,19,1,12,6,14,3,7,4
S01012278,687,243,304,140,626,215,289,122,61,28,15,18,7,2,2,3,20,10,5,5,11,4,2,5,23,12,6,5
S01012279,774,240,320,214,704,209,301,194,70,31,19,20,18,13,2,3,24,10,9,5,16,4,5,7,12,4,3,5
S01012280,933,228,406,299,903,223,388,292,30,5,18,7,3,0,2,1,2,0,2,0,6,0,3,3,19,5,11,3
S01012281,704,167,378,159,660,156,349,155,44,11,29,4,1,0,1,0,16,5,11,0,10,1,8,1,17,5,9,3
S01012282,936,116,385,435,897,112,358,427,39,4,27,8,4,0,3,1,8,1,6,1,6,1,3,2,21,2,15,4
S01012283,848,115,343,390,796,104,322,370,52,11,21,20,11,2,5,4,13,5,4,4,9,0,7,2,19,4,5,10
S01012284,774,273,363,138,720,251,340,129,54,22,23,9,6,4,2,0,23,11,8,4,7,1,4,2,18,6,9,3
S01012285,537,87,216,234,510,78,208,224,27,9,8,10,2,2,0,0,5,1,0,4,3,1,1,1,17,5,7,5
S01012286,1049,252,484,313,955,225,427,303,94,27,57,10,26,9,17,0,35,10,24,1,13,3,8,2,20,5,8,7
S01012287,980,423,409,148,821,384,312,125,159,39,97,23,20,6,13,1,92,19,59,14,32,11,17,4,15,3,8,4
S01012288,769,298,317,154,694,278,271,145,75,20,46,9,6,3,3,0,30,6,20,4,18,7,8,3,21,4,15,2
S01012289,837,71,289,477,769,61,260,448,68,10,29,29,4,1,1,2,3,0,0,3,10,1,6,3,51,8,22,21
S01012290,585,106,201,278,559,99,190,270,26,7,11,8,0,0,0,0,2,0,2,0,5,1,4,0,19,6,5,8
S01012291,961,70,386,505,894,69,348,477,67,1,38,28,14,0,10,4,11,1,5,5,7,0,3,4,35,0,20,15
S01012292,717,76,321,320,669,72,302,295,48,4,19,25,3,0,3,0,7,1,2,4,4,0,2,2,34,3,12,19
S01012293,477,41,205,231,447,40,193,214,30,1,12,17,5,0,2,3,8,0,4,4,5,0,3,2,12,1,3,8
S01012294,870,101,434,335,829,97,408,324,41,4,26,11,4,3,0,1,6,0,6,0,4,0,4,0,27,1,16,10
S01012295,731,60,262,409,686,58,238,390,45,2,24,19,5,0,4,1,13,1,7,5,9,1,5,3,18,0,8,10
S01012296,888,45,258,585,844,44,242,558,44,1,16,27,4,0,1,3,5,0,0,5,10,0,3,7,25,1,12,12
S01012297,589,8,134,447,563,6,129,428,26,2,5,19,5,1,0,4,3,0,0,3,1,0,1,0,17,1,4,12
S01012298,810,63,308,439,787,60,294,433,23,3,14,6,2,0,2,0,4,0,4,0,4,1,2,1,13,2,6,5
S01012299,620,15,186,419,586,15,169,402,34,0,17,17,1,0,0,1,9,0,7,2,6,0,4,2,18,0,6,12
S01012300,648,85,246,317,621,79,237,305,27,6,9,12,0,0,0,0,3,0,1,2,7,0,4,3,17,6,4,7
S01012301,949,29,310,610,906,24,293,589,43,5,17,21,6,0,6,0,5,3,0,2,9,1,5,3,23,1,6,16
S01012302,556,13,202,341,527,12,187,328,29,1,15,13,5,0,3,2,5,1,2,2,4,0,2,2,15,0,8,7
S01012303,896,13,300,583,843,12,286,545,53,1,14,38,8,0,4,4,5,0,2,3,1,0,0,1,39,1,8,30
S01012304,983,42,334,607,952,39,323,590,31,3,11,17,2,1,0,1,5,0,5,0,2,0,1,1,22,2,5,15
S01012305,697,91,274,332,648,85,247,316,49,6,27,16,10,0,7,3,11,4,5,2,10,1,8,1,18,1,7,10
S01012306,594,156,262,176,549,144,237,168,45,12,25,8,3,1,2,0,9,3,6,0,15,4,8,3,18,4,9,5
S01012307,612,120,317,175,565,106,287,172,47,14,30,3,4,2,2,0,7,3,4,0,23,5,17,1,13,4,7,2
S01012308,842,60,396,386,806,57,374,375,36,3,22,11,3,0,3,0,3,1,2,0,18,0,13,5,12,2,4,6
S01012309,535,40,213,282,515,38,204,273,20,2,9,9,2,0,2,0,1,0,0,1,5,0,2,3,12,2,5,5
S01012310,879,62,369,448,829,59,339,431,50,3,30,17,4,0,2,2,9,1,4,4,15,1,13,1,22,1,11,10
S01012311,561,53,238,270,546,53,231,262,15,0,7,8,0,0,0,0,1,0,1,0,2,0,1,1,12,0,5,7
S01012312,997,54,327,616,938,50,293,595,59,4,34,21,16,1,13,2,6,2,2,2,13,1,8,4,24,0,11,13
S01012313,758,42,314,402,721,41,291,389,37,1,23,13,5,0,4,1,1,0,1,0,6,0,4,2,25,1,14,10
S01012314,851,170,421,260,809,154,408,247,42,16,13,13,1,0,0,1,8,1,6,1,18,3,5,10,15,12,2,1
S01012315,699,186,328,185,643,168,306,169,56,18,22,16,19,8,6,5,12,3,3,6,16,5,6,5,9,2,7,0
S01012316,612,164,275,173,574,161,253,160,38,3,22,13,6,0,1,5,12,1,8,3,13,1,12,0,7,1,1,5
S01012317,558,46,251,261,523,44,231,248,35,2,20,13,7,0,6,1,10,0,6,4,3,0,3,0,15,2,5,8
S01012318,792,163,393,236,747,154,366,227,45,9,27,9,11,1,6,4,4,0,4,0,15,3,12,0,15,5,5,5
S01012319,767,24,272,471,707,24,246,437,60,0,26,34,3,0,1,2,19,0,13,6,15,0,7,8,23,0,5,18
S01012320,687,98,296,293,658,93,285,280,29,5,11,13,5,2,0,3,9,0,6,3,5,1,3,1,10,2,2,6
S01012321,772,97,316,359,743,88,305,350,29,9,11,9,4,2,2,0,0,0,0,0,8,3,4,1,17,4,5,8
S01012322,985,38,364,583,947,35,344,568,38,3,20,15,3,0,3,0,6,0,2,4,12,3,6,3,17,0,9,8
S01012323,866,31,304,531,821,30,284,507,45,1,20,24,13,0,11,2,8,0,4,4,6,0,0,6,18,1,5,12
S01012324,789,32,305,452,763,30,295,438,26,2,10,14,2,0,2,0,3,1,1,1,3,0,3,0,18,1,4,13
S01012325,590,76,305,209,575,74,301,200,15,2,4,9,0,0,0,0,0,0,0,0,7,1,0,6,8,1,4,3
S01012326,540,124,242,174,510,118,224,168,30,6,18,6,5,2,2,1,6,0,6,0,9,2,6,1,10,2,4,4
S01012327,802,98,421,283,760,94,400,266,42,4,21,17,0,0,0,0,7,0,4,3,10,0,1,9,25,4,16,5
S01012328,544,50,266,228,522,50,254,218,22,0,12,10,1,0,1,0,3,0,3,0,0,0,0,0,18,0,8,10
S01012329,831,41,338,452,803,35,329,439,28,6,9,13,0,0,0,0,5,3,2,0,5,2,2,1,18,1,5,12
S01012330,582,41,266,275,567,36,259,272,15,5,7,3,0,0,0,0,0,0,0,0,4,2,2,0,11,3,5,3
S01012331,638,20,229,389,622,19,224,379,16,1,5,10,1,1,0,0,0,0,0,0,5,0,1,4,10,0,4,6
S01012332,988,34,338,616,961,34,321,606,27,0,17,10,0,0,0,0,4,0,4,0,4,0,2,2,19,0,11,8
S01012333,993,39,357,597,947,37,337,573,46,2,20,24,2,0,0,2,6,0,5,1,10,0,3,7,28,2,12,14
S01012334,816,116,434,266,791,109,426,256,25,7,8,10,1,1,0,0,2,2,0,0,2,0,2,0,20,4,6,10
S01012335,989,91,467,431,948,86,437,425,41,5,30,6,1,0,0,1,9,2,7,0,8,0,8,0,23,3,15,5
S01012336,603,66,309,228,593,66,301,226,10,0,8,2,1,0,1,0,2,0,2,0,1,0,0,1,6,0,5,1
S01012337,844,239,389,216,802,224,367,211,42,15,22,5,2,1,1,0,21,8,13,0,10,4,6,0,9,2,2,5
S01012338,695,143,344,208,654,137,321,196,41,6,23,12,0,0,0,0,12,0,5,7,8,2,6,0,21,4,12,5
S01012339,581,152,301,128,537,139,276,122,44,13,25,6,6,3,3,0,8,1,7,0,6,3,3,0,24,6,12,6
S01012340,1032,143,480,409,996,140,463,393,36,3,17,16,0,0,0,0,9,0,9,0,2,0,1,1,25,3,7,15
S01012341,941,16,239,686,905,15,226,664,36,1,13,22,1,0,0,1,4,0,3,1,7,0,4,3,24,1,6,17
S01012342,884,49,336,499,850,48,314,488,34,1,22,11,2,0,2,0,5,0,1,4,3,0,2,1,24,1,17,6
S01012343,977,17,337,623,937,17,321,599,40,0,16,24,6,0,4,2,3,0,0,3,6,0,3,3,25,0,9,16
S01012344,579,93,266,220,552,89,251,212,27,4,15,8,2,0,1,1,7,0,7,0,4,0,1,3,14,4,6,4
S01012345,700,62,259,379,686,59,250,377,14,3,9,2,0,0,0,0,2,0,2,0,1,0,1,0,11,3,6,2
S01012346,777,23,271,483,736,23,253,460,41,0,18,23,3,0,0,3,4,0,2,2,8,0,3,5,26,0,13,13
S01012347,774,82,304,388,739,77,288,374,35,5,16,14,3,0,2,1,4,1,2,1,3,0,3,0,25,4,9,12
S01012348,719,54,265,400,687,50,255,382,32,4,10,18,2,1,0,1,5,0,1,4,3,0,1,2,22,3,8,11
S01012349,899,161,458,280,877,157,447,273,22,4,11,7,1,1,0,0,1,0,1,0,6,1,4,1,14,2,6,6
S01012350,773,118,380,275,746,115,370,261,27,3,10,14,0,0,0,0,4,1,1,2,6,1,3,2,17,1,6,10
S01012351,850,150,432,268,803,139,408,256,47,11,24,12,5,5,0,0,9,0,5,4,14,2,9,3,19,4,10,5
S01012352,734,128,289,317,707,120,277,310,27,8,12,7,4,1,3,0,6,2,3,1,4,2,1,1,13,3,5,5
S01012353,744,197,373,174,705,186,348,171,39,11,25,3,7,4,3,0,1,0,1,0,7,1,6,0,24,6,15,3
S01012354,763,111,349,303,739,105,341,293,24,6,8,10,4,0,0,4,0,0,0,0,3,0,3,0,17,6,5,6
S01012355,849,34,274,541,819,34,264,521,30,0,10,20,0,0,0,0,3,0,0,3,4,0,2,2,23,0,8,15
S01012356,653,49,293,311,639,47,288,304,14,2,5,7,0,0,0,0,0,0,0,0,1,1,0,0,13,1,5,7
S01012357,812,15,211,586,764,13,188,563,48,2,23,23,9,2,5,2,6,0,3,3,3,0,2,1,30,0,13,17
S01012358,764,29,224,511,733,28,210,495,31,1,14,16,0,0,0,0,2,0,2,0,3,1,2,0,26,0,10,16
S01012359,785,246,376,163,745,237,353,155,40,9,23,8,6,0,6,0,11,4,7,0,13,3,7,3,10,2,3,5
S01012360,808,260,421,127,723,238,368,117,85,22,53,10,22,5,17,0,35,8,20,7,17,3,13,1,11,6,3,2
S01012361,641,204,311,126,589,189,290,110,52,15,21,16,3,0,2,1,21,8,5,8,17,5,7,5,11,2,7,2
S01012362,834,269,397,168,738,251,343,144,96,18,54,24,8,0,6,2,49,10,29,10,25,4,12,9,14,4,7,3
S01012363,962,316,418,228,883,300,383,200,79,16,35,28,9,6,2,1,22,2,12,8,22,5,8,9,26,3,13,10
S01012364,666,195,302,169,631,177,289,165,35,18,13,4,6,4,2,0,9,6,2,1,6,1,5,0,14,7,4,3
S01012365,923,121,470,332,892,115,453,324,31,6,17,8,5,0,4,1,10,1,7,2,1,1,0,0,15,4,6,5
S01012366,862,270,449,143,831,261,431,139,31,9,18,4,3,0,3,0,7,2,5,0,5,4,1,0,16,3,9,4
S01012367,916,127,461,328,893,123,448,322,23,4,13,6,0,0,0,0,9,1,8,0,1,1,0,0,13,2,5,6
S01012368,574,45,255,274,548,39,241,268,26,6,14,6,2,0,2,0,4,3,1,0,4,1,3,0,16,2,8,6
S01012369,872,105,401,366,848,99,390,359,24,6,11,7,1,1,0,0,3,1,0,2,3,0,3,0,17,4,8,5
S01012370,944,229,397,318,914,220,381,313,30,9,16,5,0,0,0,0,9,2,6,1,6,2,4,0,15,5,6,4
S01012371,881,262,456,163,831,241,432,158,50,21,24,5,7,7,0,0,9,3,4,2,16,3,11,2,18,8,9,1
S01012372,738,251,331,156,713,246,315,152,25,5,16,4,0,0,0,0,11,2,6,3,7,1,5,1,7,2,5,0
S01012373,981,165,478,338,945,159,464,322,36,6,14,16,1,0,0,1,14,4,7,3,7,0,4,3,14,2,3,9
S01012374,920,143,467,310,896,135,455,306,24,8,12,4,2,1,1,0,6,3,3,0,4,0,2,2,12,4,6,2
S01012375,928,240,443,245,902,237,423,242,26,3,20,3,0,0,0,0,11,2,9,0,10,0,8,2,5,1,3,1
S01012376,960,24,280,656,902,19,262,621,58,5,18,35,11,5,4,2,9,0,2,7,4,0,2,2,34,0,10,24
S01012377,690,28,228,434,632,25,200,407,58,3,28,27,10,0,7,3,8,1,3,4,11,2,5,4,29,0,13,16
S01012378,567,20,186,361,533,19,173,341,34,1,13,20,2,0,1,1,10,0,1,9,3,0,1,2,19,1,10,8
S01012379,520,14,191,315,482,13,178,291,38,1,13,24,3,0,1,2,4,0,0,4,9,0,6,3,22,1,6,15
S01012380,892,142,392,358,874,138,383,353,18,4,9,5,3,1,2,0,2,1,1,0,1,0,1,0,12,2,5,5
S01012381,844,235,395,214,800,223,378,199,44,12,17,15,5,2,3,0,4,1,3,0,11,4,2,5,24,5,9,10
S01012382,969,92,374,503,952,87,370,495,17,5,4,8,1,0,1,0,3,3,0,0,0,0,0,0,13,2,3,8
S01012383,825,128,425,272,798,118,414,266,27,10,11,6,2,0,2,0,3,1,2,0,5,3,1,1,17,6,6,5
S01012384,515,84,244,187,495,81,234,180,20,3,10,7,2,1,1,0,2,1,0,1,5,0,3,2,11,1,6,4
S01012385,689,82,243,364,653,76,228,349,36,6,15,15,7,2,1,4,6,0,2,4,3,0,3,0,20,4,9,7
S01012386,977,253,438,286,934,246,421,267,43,7,17,19,5,0,5,0,6,1,0,5,14,0,6,8,18,6,6,6
S01012387,930,103,355,472,892,96,342,454,38,7,13,18,9,0,1,8,8,1,5,2,5,3,1,1,16,3,6,7
S01012388,691,39,233,419,654,36,217,401,37,3,16,18,2,0,0,2,2,0,1,1,13,1,6,6,20,2,9,9
S01012389,882,56,314,512,861,55,301,505,21,1,13,7,1,0,1,0,4,1,1,2,2,0,1,1,14,0,10,4
S01012390,769,54,224,491,750,51,216,483,19,3,8,8,2,1,0,1,2,1,0,1,2,0,1,1,13,1,7,5
S01012391,1114,40,379,695,1058,36,356,666,56,4,23,29,7,0,4,3,6,0,4,2,18,4,3,11,25,0,12,13
S01012392,791,90,319,382,764,87,307,370,27,3,12,12,2,0,0,2,5,2,3,0,8,0,3,5,12,1,6,5
S01012393,899,102,385,412,812,94,333,385,87,8,52,27,23,0,15,8,29,3,19,7,7,2,3,2,28,3,15,10
S01012394,638,192,264,182,614,184,253,177,24,8,11,5,9,3,2,4,5,3,1,1,5,2,3,0,5,0,5,0
S01012395,607,104,276,227,558,93,250,215,49,11,26,12,13,0,12,1,8,7,0,1,16,1,11,4,12,3,3,6
S01012396,638,182,274,182,598,169,250,179,40,13,24,3,7,5,2,0,14,4,10,0,4,0,4,0,15,4,8,3
S01012397,833,162,377,294,786,148,355,283,47,14,22,11,11,8,0,3,8,4,3,1,5,0,5,0,23,2,14,7
S01012398,849,259,366,224,761,216,325,220,88,43,41,4,33,16,15,2,32,14,17,1,12,9,2,1,11,4,7,0
S01012399,621,158,278,185,586,152,255,179,35,6,23,6,8,0,5,3,8,2,4,2,9,2,6,1,10,2,8,0
S01012400,587,153,262,172,516,132,225,159,71,21,37,13,30,8,22,0,19,8,7,4,7,1,4,2,15,4,4,7
S01012401,770,208,335,227,724,202,305,217,46,6,30,10,7,2,5,0,10,0,5,5,12,1,11,0,17,3,9,5
S01012402,460,20,117,323,435,18,105,312,25,2,12,11,10,0,8,2,6,0,4,2,1,0,0,1,8,2,0,6
S01012403,1025,58,397,570,958,57,348,553,67,1,49,17,18,0,18,0,17,0,15,2,14,0,9,5,18,1,7,10
S01012404,968,186,372,410,877,161,333,383,91,25,39,27,27,8,14,5,35,5,14,16,11,6,4,1,18,6,7,5
S01012405,726,11,181,534,703,11,174,518,23,0,7,16,5,0,0,5,0,0,0,0,1,0,0,1,17,0,7,10
S01012406,624,24,192,408,595,22,177,396,29,2,15,12,10,0,6,4,1,0,1,0,3,0,1,2,15,2,7,6
S01012407,813,49,268,496,787,48,253,486,26,1,15,10,8,0,6,2,1,0,1,0,5,0,3,2,12,1,5,6
S01012408,652,21,162,469,641,20,158,463,11,1,4,6,2,1,0,1,0,0,0,0,0,0,0,0,9,0,4,5
S01012409,688,62,226,400,660,58,211,391,28,4,15,9,3,2,1,0,5,0,5,0,4,0,2,2,16,2,7,7
S01012410,1037,71,337,629,997,67,315,615,40,4,22,14,12,2,7,3,2,0,2,0,12,0,9,3,14,2,4,8
S01012411,957,110,380,467,932,106,365,461,25,4,15,6,9,1,7,1,1,0,0,1,2,1,1,0,13,2,7,4
S01012412,643,42,230,371,624,40,225,359,19,2,5,12,1,0,1,0,1,0,0,1,2,0,0,2,15,2,4,9
S01012413,960,80,303,577,930,77,285,568,30,3,18,9,4,0,3,1,5,0,4,1,5,1,4,0,16,2,7,7
S01012414,684,92,250,342,652,84,239,329,32,8,11,13,0,0,0,0,8,1,3,4,4,1,2,1,20,6,6,8
S01012415,566,28,183,355,557,28,180,349,9,0,3,6,0,0,0,0,0,0,0,0,3,0,1,2,6,0,2,4
S01012416,559,32,150,377,535,32,142,361,24,0,8,16,4,0,0,4,7,0,5,2,6,0,0,6,7,0,3,4
S01012417,631,69,324,238,601,63,308,230,30,6,16,8,4,3,1,0,4,2,2,0,4,0,2,2,18,1,11,6
S01012418,768,51,290,427,733,47,277,409,35,4,13,18,3,2,1,0,11,0,2,9,3,2,0,1,18,0,10,8
S01012419,769,69,280,420,741,67,263,411,28,2,17,9,8,1,5,2,4,0,1,3,2,0,2,0,14,1,9,4
S01012420,850,167,405,278,842,166,400,276,8,1,5,2,2,1,0,1,1,0,1,0,0,0,0,0,5,0,4,1
S01012421,712,72,319,321,690,69,308,313,22,3,11,8,0,0,0,0,6,0,3,3,3,1,1,1,13,2,7,4
S01012422,863,76,376,411,826,73,358,395,37,3,18,16,4,0,4,0,8,1,4,3,8,1,5,2,17,1,5,11
S01012423,814,76,247,491,793,75,237,481,21,1,10,10,2,0,1,1,0,0,0,0,3,0,3,0,16,1,6,9
S01012424,950,192,425,333,936,189,419,328,14,3,6,5,0,0,0,0,0,0,0,0,4,1,1,2,10,2,5,3
S01012425,626,228,303,95,608,216,298,94,18,12,5,1,8,8,0,0,2,0,2,0,3,1,2,0,5,3,1,1
S01012426,493,192,215,86,482,185,212,85,11,7,3,1,1,0,1,0,4,2,2,0,1,1,0,0,5,4,0,1
S01012427,674,223,305,146,667,222,300,145,7,1,5,1,0,0,0,0,0,0,0,0,0,0,0,0,7,1,5,1
S01012428,662,123,301,238,635,121,291,223,27,2,10,15,6,1,3,2,5,0,0,5,4,0,2,2,12,1,5,6
S01012429,558,132,269,157,543,124,264,155,15,8,5,2,4,4,0,0,4,2,2,0,3,2,0,1,4,0,3,1
S01012430,551,114,288,149,538,112,284,142,13,2,4,7,3,0,2,1,0,0,0,0,4,0,1,3,6,2,1,3
S01012431,899,204,368,327,856,193,355,308,43,11,13,19,10,3,1,6,6,4,1,1,3,0,2,1,24,4,9,11
S01012432,712,148,325,239,691,137,319,235,21,11,6,4,1,0,0,1,6,6,0,0,2,1,1,0,12,4,5,3
S01012433,501,128,227,146,486,123,220,143,15,5,7,3,1,0,0,1,2,0,2,0,6,2,2,2,6,3,3,0
S01012434,709,171,302,236,695,167,297,231,14,4,5,5,1,0,1,0,2,0,1,1,5,2,1,2,6,2,2,2
S01012435,637,191,286,160,627,191,278,158,10,0,8,2,0,0,0,0,3,0,3,0,0,0,0,0,7,0,5,2
S01012436,748,215,329,204,717,210,311,196,31,5,18,8,2,0,2,0,16,1,11,4,1,0,1,0,12,4,4,4
S01012437,733,143,321,269,728,143,320,265,5,0,1,4,0,0,0,0,0,0,0,0,0,0,0,0,5,0,1,4
S01012438,693,78,244,371,673,75,237,361,20,3,7,10,1,0,0,1,0,0,0,0,8,0,4,4,11,3,3,5
S01012439,765,199,313,253,742,194,300,248,23,5,13,5,7,0,6,1,1,1,0,0,8,0,6,2,7,4,1,2
S01012440,524,39,164,321,508,36,156,316,16,3,8,5,3,2,1,0,0,0,0,0,0,0,0,0,13,1,7,5
S01012441,890,58,279,553,869,55,277,537,21,3,2,16,7,1,0,6,2,1,1,0,1,0,0,1,11,1,1,9
S01012442,964,53,349,562,923,52,335,536,41,1,14,26,2,0,2,0,4,0,1,3,4,0,0,4,31,1,11,19
S01012443,746,44,206,496,724,43,195,486,22,1,11,10,0,0,0,0,3,0,3,0,3,0,3,0,16,1,5,10
S01012444,686,43,245,398,661,43,233,385,25,0,12,13,2,0,2,0,0,0,0,0,4,0,0,4,19,0,10,9
S01012445,548,15,127,406,513,15,113,385,35,0,14,21,1,0,0,1,10,0,6,4,9,0,4,5,15,0,4,11
S01012446,491,81,247,163,479,81,237,161,12,0,10,2,0,0,0,0,0,0,0,0,2,0,2,0,10,0,8,2
S01012447,860,43,283,534,844,43,276,525,16,0,7,9,0,0,0,0,3,0,3,0,5,0,1,4,8,0,3,5
S01012448,925,47,278,600,898,45,263,590,27,2,15,10,2,0,1,1,6,2,4,0,1,0,0,1,18,0,10,8
S01012449,571,64,219,288,557,62,216,279,14,2,3,9,0,0,0,0,1,1,0,0,2,0,1,1,11,1,2,8
S01012450,830,42,265,523,805,42,255,508,25,0,10,15,0,0,0,0,2,0,0,2,0,0,0,0,23,0,10,13
S01012451,868,36,352,480,832,36,338,458,36,0,14,22,3,0,2,1,1,0,1,0,6,0,5,1,26,0,6,20
S01012452,589,47,298,244,570,45,286,239,19,2,12,5,0,0,0,0,1,0,1,0,4,0,4,0,14,2,7,5
S01012453,821,27,161,633,786,25,156,605,35,2,5,28,7,0,1,6,0,0,0,0,5,0,0,5,23,2,4,17
S01012454,662,40,264,358,638,39,255,344,24,1,9,14,0,0,0,0,1,0,0,1,1,0,0,1,22,1,9,12
S01012455,612,17,153,442,580,15,144,421,32,2,9,21,5,0,0,5,0,0,0,0,3,1,0,2,24,1,9,14
S01012456,751,14,258,479,719,14,242,463,32,0,16,16,0,0,0,0,2,0,1,1,5,0,3,2,25,0,12,13
S01012457,840,22,243,575,811,20,236,555,29,2,7,20,2,1,0,1,3,0,0,3,1,0,0,1,23,1,7,15
S01012458,813,21,264,528,786,21,252,513,27,0,12,15,0,0,0,0,0,0,0,0,2,0,2,0,25,0,10,15
S01012459,735,42,227,466,700,36,215,449,35,6,12,17,2,0,2,0,7,2,5,0,8,0,2,6,18,4,3,11
S01012460,546,38,191,317,521,31,180,310,25,7,11,7,5,2,3,0,5,1,2,2,4,2,1,1,11,2,5,4
S01012461,545,112,237,196,524,105,228,191,21,7,9,5,3,1,2,0,4,3,1,0,3,0,0,3,11,3,6,2
S01012462,757,249,334,174,747,247,329,171,10,2,5,3,0,0,0,0,2,1,1,0,0,0,0,0,8,1,4,3
S01012463,578,179,241,158,563,175,238,150,15,4,3,8,1,0,0,1,3,0,0,3,2,1,1,0,9,3,2,4
S01012464,625,186,307,132,596,182,289,125,29,4,18,7,4,0,4,0,6,0,6,0,3,0,0,3,16,4,8,4
S01012465,701,186,316,199,687,181,309,197,14,5,7,2,0,0,0,0,4,3,1,0,1,1,0,0,9,1,6,2
S01012466,782,124,370,288,760,119,357,284,22,5,13,4,2,1,1,0,1,0,1,0,2,0,2,0,17,4,9,4
S01012467,699,118,356,225,674,116,343,215,25,2,13,10,2,0,2,0,2,0,2,0,6,0,2,4,15,2,7,6
S01012468,757,130,360,267,733,126,354,253,24,4,6,14,0,0,0,0,0,0,0,0,5,0,5,0,19,4,1,14
S01012469,769,47,271,451,733,41,259,433,36,6,12,18,1,1,0,0,1,0,1,0,6,0,2,4,28,5,9,14
S01012470,962,240,417,305,938,232,409,297,24,8,8,8,2,2,0,0,4,2,1,1,2,1,0,1,16,3,7,6
S01012471,805,31,264,510,771,31,247,493,34,0,17,17,6,0,0,6,4,0,4,0,3,0,2,1,21,0,11,10
S01012472,719,41,311,367,687,41,301,345,32,0,10,22,0,0,0,0,10,0,4,6,2,0,0,2,20,0,6,14
S01012473,554,29,178,347,525,15,171,339,29,14,7,8,8,8,0,0,4,4,0,0,2,1,0,1,15,1,7,7
S01012474,714,165,298,251,687,160,285,242,27,5,13,9,0,0,0,0,2,0,2,0,4,1,2,1,21,4,9,8
S01012475,630,67,312,251,609,66,299,244,21,1,13,7,9,0,6,3,0,0,0,0,5,0,3,2,7,1,4,2
S01012476,941,181,461,299,915,175,451,289,26,6,10,10,2,1,1,0,5,3,2,0,1,0,0,1,18,2,7,9
S01012477,674,32,262,380,656,29,258,369,18,3,4,11,0,0,0,0,0,0,0,0,2,0,1,1,16,3,3,10
S01012478,840,203,314,323,822,201,310,311,18,2,4,12,1,0,1,0,0,0,0,0,3,0,0,3,14,2,3,9
S01012479,688,35,264,389,669,33,254,382,19,2,10,7,0,0,0,0,3,0,2,1,4,0,3,1,12,2,5,5
S01012480,515,132,301,82,466,121,270,75,49,11,31,7,8,5,3,0,18,3,12,3,9,0,6,3,14,3,10,1
S01012481,775,241,342,192,698,218,305,175,77,23,37,17,27,11,13,3,16,8,3,5,10,0,6,4,24,4,15,5
S01012482,762,219,309,234,715,210,291,214,47,9,18,20,13,3,4,6,15,3,6,6,5,1,3,1,14,2,5,7
S01012483,881,450,291,140,801,400,267,134,80,50,24,6,23,20,3,0,13,10,3,0,15,7,6,2,29,13,12,4
S01012484,780,97,280,403,735,92,267,376,45,5,13,27,3,1,1,1,4,0,1,3,7,2,4,1,31,2,7,22
S01012485,790,76,331,383,743,68,318,357,47,8,13,26,4,2,0,2,10,3,4,3,12,1,4,7,21,2,5,14
S01012486,532,49,224,259,508,47,213,248,24,2,11,11,4,0,2,2,0,0,0,0,3,0,1,2,17,2,8,7
S01012487,612,155,251,206,583,140,240,203,29,15,11,3,5,4,1,0,3,0,3,0,7,5,0,2,14,6,7,1
S01012488,903,262,373,268,878,254,360,264,25,8,13,4,2,0,2,0,8,3,5,0,1,1,0,0,14,4,6,4
S01012489,1023,556,372,95,970,533,349,88,53,23,23,7,3,0,3,0,9,7,2,0,9,4,4,1,32,12,14,6
S01012490,978,516,345,117,919,494,319,106,59,22,26,11,14,2,7,5,18,8,8,2,11,4,6,1,16,8,5,3
S01012491,440,263,124,53,424,254,117,53,16,9,7,0,2,2,0,0,2,1,1,0,2,1,1,0,10,5,5,0
S01012492,772,479,217,76,735,465,206,64,37,14,11,12,2,1,1,0,13,5,4,4,7,5,1,1,15,3,5,7
S01012493,651,258,236,157,622,250,224,148,29,8,12,9,6,6,0,0,1,0,1,0,6,0,4,2,16,2,7,7
S01012494,861,204,430,227,837,197,418,222,24,7,12,5,1,0,0,1,0,0,0,0,3,2,1,0,20,5,11,4
S01012495,1024,305,456,263,1007,302,445,260,17,3,11,3,0,0,0,0,2,0,2,0,1,0,1,0,14,3,8,3
S01012496,765,239,339,187,750,236,331,183,15,3,8,4,0,0,0,0,7,2,5,0,1,0,0,1,7,1,3,3
S01012497,487,191,205,91,482,189,204,89,5,2,1,2,1,1,0,0,1,0,1,0,0,0,0,0,3,1,0,2
S01012498,857,369,310,178,835,361,301,173,22,8,9,5,4,1,1,2,6,1,5,0,3,2,0,1,9,4,3,2
S01012499,700,215,348,137,678,209,334,135,22,6,14,2,4,0,4,0,2,0,2,0,9,4,3,2,7,2,5,0
S01012500,468,180,188,100,450,167,185,98,18,13,3,2,5,5,0,0,2,2,0,0,6,4,0,2,5,2,3,0
S01012501,619,304,248,67,610,299,245,66,9,5,3,1,0,0,0,0,0,0,0,0,2,1,1,0,7,4,2,1
S01012502,832,415,304,113,816,412,295,109,16,3,9,4,2,0,2,0,0,0,0,0,5,2,2,1,9,1,5,3
S01012503,637,222,285,130,631,220,281,130,6,2,4,0,0,0,0,0,1,1,0,0,1,0,1,0,4,1,3,0
S01012504,636,219,266,151,624,217,258,149,12,2,8,2,0,0,0,0,3,0,3,0,0,0,0,0,9,2,5,2
S01012505,1014,345,408,261,983,332,400,251,31,13,8,10,4,3,1,0,2,1,0,1,10,7,3,0,15,2,4,9
S01012506,478,89,210,179,463,86,204,173,15,3,6,6,2,2,0,0,2,0,2,0,2,1,1,0,9,0,3,6
S01012507,946,277,411,258,927,273,400,254,19,4,11,4,1,0,1,0,8,2,6,0,2,0,0,2,8,2,4,2
S01012508,762,183,321,258,737,178,312,247,25,5,9,11,4,0,2,2,0,0,0,0,2,1,1,0,19,4,6,9
S01012509,541,94,211,236,527,90,206,231,14,4,5,5,3,3,0,0,2,0,1,1,3,0,2,1,6,1,2,3
S01012510,877,98,423,356,861,92,416,353,16,6,7,3,1,0,1,0,1,0,1,0,3,2,0,1,11,4,5,2
S01012511,628,130,302,196,613,125,299,189,15,5,3,7,1,1,0,0,4,2,0,2,2,0,1,1,8,2,2,4
S01012512,677,182,260,235,645,175,241,229,32,7,19,6,4,0,4,0,2,1,0,1,15,5,9,1,11,1,6,4
S01012513,550,48,203,299,527,46,189,292,23,2,14,7,6,0,4,2,1,0,1,0,4,0,4,0,12,2,5,5
S01012514,986,24,378,584,964,23,370,571,22,1,8,13,0,0,0,0,3,0,2,1,4,0,1,3,15,1,5,9
S01012515,612,194,256,162,596,189,253,154,16,5,3,8,0,0,0,0,1,0,0,1,1,0,0,1,14,5,3,6
S01012516,668,123,294,251,637,118,278,241,31,5,16,10,4,1,3,0,3,0,3,0,7,0,3,4,17,4,7,6
S01012517,860,167,357,336,821,157,343,321,39,10,14,15,5,4,1,0,0,0,0,0,12,3,2,7,22,3,11,8
S01012518,559,94,222,243,541,93,214,234,18,1,8,9,4,0,3,1,2,0,1,1,2,0,0,2,10,1,4,5
S01012519,516,110,213,193,479,104,204,171,37,6,9,22,8,3,4,1,1,0,0,1,2,0,0,2,26,3,5,18
S01012520,783,84,295,404,758,80,282,396,25,4,13,8,5,0,4,1,2,2,0,0,3,0,1,2,15,2,8,5
S01012521,515,98,223,194,493,94,211,188,22,4,12,6,2,1,1,0,6,1,3,2,5,2,3,0,9,0,5,4
S01012522,860,67,315,478,819,56,302,461,41,11,13,17,0,0,0,0,6,5,0,1,16,3,6,7,19,3,7,9
S01012523,864,107,373,384,843,102,358,383,21,5,15,1,3,1,2,0,4,0,4,0,4,1,3,0,10,3,6,1
S01012524,864,151,378,335,836,147,359,330,28,4,19,5,5,0,5,0,0,0,0,0,2,0,2,0,21,4,12,5
S01012525,714,89,333,292,693,83,325,285,21,6,8,7,1,0,1,0,1,0,1,0,5,3,0,2,14,3,6,5
S01012526,775,44,309,422,753,42,298,413,22,2,11,9,0,0,0,0,1,0,1,0,6,0,3,3,15,2,7,6
S01012527,625,81,276,268,613,80,273,260,12,1,3,8,1,1,0,0,0,0,0,0,0,0,0,0,11,0,3,8
S01012528,823,161,378,284,790,159,367,264,33,2,11,20,1,0,0,1,2,0,1,1,12,0,1,11,18,2,9,7
S01012529,712,140,280,292,695,139,272,284,17,1,8,8,0,0,0,0,1,0,1,0,1,0,1,0,15,1,6,8
S01012530,874,93,346,435,853,90,340,423,21,3,6,12,0,0,0,0,6,1,0,5,2,0,0,2,13,2,6,5
S01012531,754,83,285,386,723,80,270,373,31,3,15,13,2,1,1,0,5,1,2,2,8,0,4,4,16,1,8,7
S01012532,788,82,296,410,773,79,290,404,15,3,6,6,0,0,0,0,3,0,3,0,1,0,1,0,11,3,2,6
S01012533,532,87,273,172,507,82,263,162,25,5,10,10,3,1,2,0,1,0,1,0,5,0,0,5,16,4,7,5
S01012534,569,128,223,218,551,126,215,210,18,2,8,8,4,0,4,0,1,1,0,0,3,0,1,2,10,1,3,6
S01012535,818,153,357,308,812,152,353,307,6,1,4,1,0,0,0,0,1,0,1,0,2,1,1,0,3,0,2,1
S01012536,750,156,306,288,732,155,296,281,18,1,10,7,1,0,0,1,3,0,0,3,2,0,2,0,12,1,8,3
S01012537,727,182,304,241,707,175,297,235,20,7,7,6,6,6,0,0,3,0,2,1,0,0,0,0,11,1,5,5
S01012538,1081,209,449,423,1059,202,442,415,22,7,7,8,2,0,2,0,6,4,0,2,2,0,0,2,12,3,5,4
S01012539,701,100,299,302,684,98,291,295,17,2,8,7,1,0,0,1,6,1,2,3,4,0,1,3,6,1,5,0
S01012540,717,189,293,235,709,189,287,233,8,0,6,2,1,0,1,0,2,0,2,0,0,0,0,0,5,0,3,2
S01012541,1066,125,336,605,1046,124,328,594,20,1,8,11,0,0,0,0,5,0,4,1,0,0,0,0,15,1,4,10
S01012542,870,89,306,475,852,83,304,465,18,6,2,10,2,2,0,0,0,0,0,0,0,0,0,0,16,4,2,10
S01012543,686,38,201,447,659,38,195,426,27,0,6,21,0,0,0,0,0,0,0,0,5,0,2,3,22,0,4,18
S01012544,810,89,293,428,797,88,290,419,13,1,3,9,1,1,0,0,0,0,0,0,2,0,0,2,10,0,3,7
S01012545,473,125,189,159,461,123,182,156,12,2,7,3,0,0,0,0,1,0,0,1,4,2,2,0,7,0,5,2
S01012546,807,93,325,389,782,86,313,383,25,7,12,6,2,2,0,0,1,0,1,0,0,0,0,0,22,5,11,6
S01012547,746,75,250,421,725,66,244,415,21,9,6,6,1,0,0,1,5,3,1,1,3,3,0,0,12,3,5,4
S01012548,830,62,330,438,803,59,322,422,27,3,8,16,0,0,0,0,4,0,0,4,2,0,1,1,21,3,7,11
S01012549,545,134,222,189,520,129,208,183,25,5,14,6,1,0,0,1,7,2,2,3,3,0,3,0,14,3,9,2
S01012550,824,139,359,326,799,137,343,319,25,2,16,7,1,0,1,0,8,0,8,0,3,0,3,0,13,2,4,7
S01012551,815,32,317,466,779,27,303,449,36,5,14,17,1,0,1,0,4,1,3,0,2,1,1,0,29,3,9,17
S01012552,905,40,325,540,893,39,319,535,12,1,6,5,0,0,0,0,1,0,1,0,0,0,0,0,11,1,5,5
S01012553,839,56,284,499,814,54,269,491,25,2,15,8,1,0,1,0,0,0,0,0,3,0,1,2,21,2,13,6
S01012554,458,19,181,258,444,18,174,252,14,1,7,6,1,0,1,0,0,0,0,0,3,0,3,0,10,1,3,6
S01012555,541,26,209,306,524,23,200,301,17,3,9,5,6,1,5,0,2,2,0,0,1,0,0,1,8,0,4,4
S01012556,545,21,150,374,532,21,148,363,13,0,2,11,0,0,0,0,2,0,0,2,2,0,1,1,9,0,1,8
S01012557,636,69,176,391,616,64,170,382,20,5,6,9,5,3,1,1,2,2,0,0,3,0,1,2,10,0,4,6
S01012558,577,161,264,152,552,154,250,148,25,7,14,4,0,0,0,0,6,1,4,1,1,0,1,0,18,6,9,3
S01012559,767,295,345,127,731,287,324,120,36,8,21,7,5,2,3,0,6,0,3,3,4,1,3,0,21,5,12,4
S01012560,562,126,248,188,553,123,244,186,9,3,4,2,0,0,0,0,0,0,0,0,2,1,0,1,7,2,4,1
S01012561,757,158,348,251,735,148,342,245,22,10,6,6,4,3,0,1,6,4,2,0,2,1,0,1,10,2,4,4
S01012562,747,239,365,143,724,232,355,137,23,7,10,6,4,2,2,0,0,0,0,0,4,1,1,2,15,4,7,4
S01012563,630,18,173,439,604,18,162,424,26,0,11,15,1,0,1,0,0,0,0,0,5,0,2,3,20,0,8,12
S01012564,824,79,319,426,786,76,304,406,38,3,15,20,2,2,0,0,1,0,0,1,2,0,0,2,33,1,15,17
S01012565,779,116,337,326,755,114,326,315,24,2,11,11,7,0,3,4,2,0,2,0,0,0,0,0,15,2,6,7
S01012566,716,232,339,145,660,206,312,142,56,26,27,3,6,5,1,0,13,6,6,1,12,4,7,1,25,11,13,1
S01012567,1010,268,490,252,964,259,462,243,46,9,28,9,9,2,6,1,7,1,4,2,7,1,5,1,23,5,13,5
S01012568,617,61,201,355,599,61,193,345,18,0,8,10,0,0,0,0,0,0,0,0,4,0,3,1,14,0,5,9
S01012569,738,19,216,503,705,19,207,479,33,0,9,24,2,0,1,1,1,0,1,0,11,0,4,7,19,0,3,16
S01012570,454,33,147,274,439,32,145,262,15,1,2,12,2,0,0,2,1,0,0,1,6,0,2,4,6,1,0,5
S01012571,807,84,309,414,782,80,297,405,25,4,12,9,2,0,0,2,5,2,3,0,5,1,3,1,13,1,6,6
S01012572,514,37,181,296,488,32,177,279,26,5,4,17,2,1,0,1,4,0,1,3,6,4,0,2,14,0,3,11
S01012573,821,28,226,567,790,25,216,549,31,3,10,18,1,0,1,0,1,0,1,0,3,0,2,1,26,3,6,17
S01012574,886,29,312,545,867,29,308,530,19,0,4,15,1,0,1,0,1,0,0,1,2,0,0,2,15,0,3,12
S01012575,655,27,248,380,628,23,236,369,27,4,12,11,1,0,0,1,2,1,1,0,6,1,4,1,18,2,7,9
S01012576,751,66,318,367,718,64,295,359,33,2,23,8,7,0,7,0,3,0,3,0,2,0,2,0,21,2,11,8
S01012577,768,65,317,386,743,62,310,371,25,3,7,15,4,2,2,0,0,0,0,0,6,0,2,4,15,1,3,11
S01012578,936,142,329,465,892,141,315,436,44,1,14,29,7,0,1,6,6,0,1,5,12,0,3,9,19,1,9,9
S01012579,718,44,256,418,690,42,245,403,28,2,11,15,2,0,1,1,3,2,1,0,3,0,3,0,20,0,6,14
S01012580,753,36,194,523,725,36,187,502,28,0,7,21,2,0,1,1,1,0,0,1,5,0,3,2,20,0,3,17
S01012581,747,175,261,311,726,173,247,306,21,2,14,5,3,0,3,0,3,0,3,0,4,0,2,2,11,2,6,3
S01012582,919,40,284,595,879,39,271,569,40,1,13,26,2,0,0,2,11,0,3,8,4,0,3,1,23,1,7,15
S01012583,689,109,280,300,673,105,274,294,16,4,6,6,2,2,0,0,4,0,3,1,1,0,0,1,9,2,3,4
S01012584,737,84,264,389,724,78,260,386,13,6,4,3,0,0,0,0,3,3,0,0,1,1,0,0,9,2,4,3
S01012585,833,171,402,260,804,162,393,249,29,9,9,11,2,0,2,0,9,5,2,2,4,0,0,4,14,4,5,5
S01012586,808,34,225,549,795,33,221,541,13,1,4,8,1,0,0,1,3,0,0,3,0,0,0,0,9,1,4,4
S01012587,862,23,172,667,852,23,169,660,10,0,3,7,1,0,0,1,0,0,0,0,2,0,1,1,7,0,2,5
S01012588,637,11,169,457,622,11,164,447,15,0,5,10,1,0,1,0,0,0,0,0,0,0,0,0,14,0,4,10
S01012589,688,78,310,300,671,76,306,289,17,2,4,11,1,0,0,1,7,0,3,4,2,0,1,1,7,2,0,5
S01012590,777,182,287,308,769,180,286,303,8,2,1,5,0,0,0,0,0,0,0,0,2,0,1,1,6,2,0,4
S01012591,792,208,345,239,775,205,337,233,17,3,8,6,1,0,0,1,3,0,3,0,3,0,2,1,10,3,3,4
S01012592,568,15,153,400,552,14,148,390,16,1,5,10,0,0,0,0,1,0,0,1,2,1,0,1,13,0,5,8
S01012593,823,29,222,572,814,28,215,571,9,1,7,1,0,0,0,0,1,0,1,0,5,0,5,0,3,1,1,1
S01012594,470,64,170,236,466,63,169,234,4,1,1,2,0,0,0,0,0,0,0,0,0,0,0,0,4,1,1,2
S01012595,616,85,276,255,604,85,272,247,12,0,4,8,0,0,0,0,0,0,0,0,4,0,1,3,8,0,3,5
S01012596,788,151,360,277,775,149,352,274,13,2,8,3,3,0,3,0,3,2,1,0,2,0,0,2,5,0,4,1
S01012597,472,42,117,313,455,37,111,307,17,5,6,6,0,0,0,0,1,0,1,0,6,3,3,0,10,2,2,6
S01012598,661,36,261,364,649,36,256,357,12,0,5,7,2,0,2,0,2,0,1,1,0,0,0,0,8,0,2,6
S01012599,660,92,261,307,640,90,253,297,20,2,8,10,1,0,1,0,0,0,0,0,2,0,1,1,17,2,6,9
S01012600,692,47,253,392,670,45,243,382,22,2,10,10,1,0,0,1,2,0,2,0,3,1,2,0,16,1,6,9
S01012601,889,41,294,554,864,41,278,545,25,0,16,9,0,0,0,0,7,0,6,1,6,0,5,1,12,0,5,7
S01012602,558,169,208,181,544,163,202,179,14,6,6,2,0,0,0,0,0,0,0,0,5,2,3,0,9,4,3,2
S01012603,650,138,289,223,642,138,285,219,8,0,4,4,0,0,0,0,2,0,0,2,2,0,1,1,4,0,3,1
S01012604,664,104,346,214,648,102,338,208,16,2,8,6,1,0,1,0,0,0,0,0,3,1,0,2,12,1,7,4
S01012605,515,101,237,177,509,100,234,175,6,1,3,2,0,0,0,0,0,0,0,0,0,0,0,0,6,1,3,2
S01012606,782,3,119,660,772,3,116,653,10,0,3,7,1,0,0,1,0,0,0,0,0,0,0,0,9,0,3,6
S01012607,737,95,285,357,724,93,278,353,13,2,7,4,0,0,0,0,0,0,0,0,2,0,2,0,11,2,5,4
S01012608,801,170,324,307,796,169,322,305,5,1,2,2,0,0,0,0,0,0,0,0,2,0,1,1,3,1,1,1
S01012609,834,214,403,217,830,214,401,215,4,0,2,2,0,0,0,0,1,0,1,0,1,0,1,0,2,0,0,2
S01012610,920,230,450,240,907,227,444,236,13,3,6,4,1,0,1,0,1,0,1,0,1,0,1,0,10,3,3,4
S01012611,804,90,327,387,791,90,322,379,13,0,5,8,0,0,0,0,1,0,1,0,0,0,0,0,12,0,4,8
S01012612,756,128,335,293,723,123,313,287,33,5,22,6,1,1,0,0,4,0,4,0,13,1,12,0,15,3,6,6
S01012613,668,110,293,265,661,109,290,262,7,1,3,3,1,0,0,1,0,0,0,0,0,0,0,0,6,1,3,2
S01012614,1001,125,431,445,981,124,424,433,20,1,7,12,0,0,0,0,2,0,0,2,4,0,4,0,14,1,3,10
S01012615,674,53,200,421,662,51,196,415,12,2,4,6,1,0,1,0,2,0,2,0,0,0,0,0,9,2,1,6
S01012616,928,81,268,579,903,78,261,564,25,3,7,15,5,0,3,2,1,0,0,1,3,1,0,2,16,2,4,10
S01012617,384,16,98,270,376,13,98,265,8,3,0,5,0,0,0,0,0,0,0,0,2,2,0,0,6,1,0,5
S01012618,529,53,158,318,520,51,154,315,9,2,4,3,1,0,1,0,2,0,2,0,0,0,0,0,6,2,1,3
S01012619,513,154,223,136,492,148,211,133,21,6,12,3,1,0,1,0,3,1,2,0,8,2,6,0,9,3,3,3
S01012620,746,40,258,448,717,37,252,428,29,3,6,20,0,0,0,0,0,0,0,0,6,2,0,4,23,1,6,16
S01012621,563,71,248,244,548,71,244,233,15,0,4,11,0,0,0,0,2,0,0,2,5,0,3,2,8,0,1,7
S01012622,732,126,297,309,712,122,286,304,20,4,11,5,0,0,0,0,0,0,0,0,11,2,6,3,9,2,5,2
S01012623,649,175,287,187,621,169,273,179,28,6,14,8,1,0,1,0,3,0,3,0,8,1,2,5,16,5,8,3
S01012624,715,171,311,233,702,169,305,228,13,2,6,5,0,0,0,0,1,1,0,0,2,0,0,2,10,1,6,3
S01012625,524,118,215,191,519,116,213,190,5,2,2,1,0,0,0,0,1,0,1,0,0,0,0,0,4,2,1,1
S01012626,478,33,228,217,465,32,219,214,13,1,9,3,3,0,3,0,0,0,0,0,2,0,2,0,8,1,4,3
S01012627,524,102,242,180,514,100,239,175,10,2,3,5,1,0,0,1,1,0,0,1,0,0,0,0,8,2,3,3
S01012628,925,34,250,641,903,33,243,627,22,1,7,14,0,0,0,0,4,0,0,4,4,1,2,1,14,0,5,9
S01012629,470,39,153,278,451,34,150,267,19,5,3,11,0,0,0,0,0,0,0,0,2,0,1,1,17,5,2,10
S01012630,823,273,303,247,808,265,300,243,15,8,3,4,1,1,0,0,4,4,0,0,1,0,0,1,9,3,3,3
S01012631,931,297,370,264,909,288,360,261,22,9,10,3,2,0,2,0,2,2,0,0,6,2,4,0,12,5,4,3
S01012632,726,13,235,478,700,13,223,464,26,0,12,14,1,0,1,0,5,0,0,5,1,0,1,0,19,0,10,9
S01012633,679,56,212,411,659,56,201,402,20,0,11,9,0,0,0,0,1,0,0,1,1,0,1,0,18,0,10,8
S01012634,685,129,311,245,660,127,293,240,25,2,18,5,2,0,0,2,2,0,1,1,1,0,1,0,20,2,16,2
S01012635,1077,112,298,667,1060,111,292,657,17,1,6,10,0,0,0,0,2,0,1,1,3,0,1,2,12,1,4,7
S01012636,613,29,178,406,591,28,167,396,22,1,11,10,2,0,2,0,3,0,3,0,2,0,0,2,15,1,6,8
S01012637,848,209,395,244,835,205,392,238,13,4,3,6,2,0,1,1,3,2,1,0,1,1,0,0,7,1,1,5
S01012638,865,172,354,339,847,166,346,335,18,6,8,4,5,3,2,0,1,0,1,0,1,1,0,0,11,2,5,4
S01012639,844,187,345,312,833,186,342,305,11,1,3,7,0,0,0,0,4,0,0,4,0,0,0,0,7,1,3,3
S01012640,942,249,423,270,913,237,414,262,29,12,9,8,0,0,0,0,9,4,1,4,8,3,3,2,12,5,5,2
S01012641,987,210,411,366,959,208,396,355,28,2,15,11,2,0,0,2,3,0,1,2,5,0,5,0,18,2,9,7
S01012642,804,316,324,164,771,310,300,161,33,6,24,3,0,0,0,0,10,1,9,0,12,0,12,0,11,5,3,3
S01012643,470,93,229,148,460,90,225,145,10,3,4,3,0,0,0,0,0,0,0,0,1,0,0,1,9,3,4,2
S01012644,708,143,289,276,676,143,277,256,32,0,12,20,2,0,1,1,8,0,6,2,16,0,5,11,6,0,0,6
S01012645,781,134,235,412,755,132,224,399,26,2,11,13,2,0,2,0,8,0,7,1,0,0,0,0,16,2,2,12
S01012646,972,77,336,559,945,71,327,547,27,6,9,12,0,0,0,0,3,2,1,0,5,1,2,2,19,3,6,10
S01012647,733,27,244,462,709,26,232,451,24,1,12,11,0,0,0,0,1,0,1,0,7,0,4,3,16,1,7,8
S01012648,554,138,232,184,544,137,226,181,10,1,6,3,0,0,0,0,1,0,0,1,2,0,2,0,7,1,4,2
S01012649,641,100,239,302,617,97,224,296,24,3,15,6,0,0,0,0,4,0,4,0,11,1,7,3,9,2,4,3
S01012650,587,51,218,318,578,50,217,311,9,1,1,7,0,0,0,0,1,0,0,1,0,0,0,0,8,1,1,6
S01012651,649,211,280,158,638,210,273,155,11,1,7,3,1,0,1,0,0,0,0,0,0,0,0,0,10,1,6,3
S01012652,1045,52,297,696,1018,51,283,684,27,1,14,12,3,0,2,1,1,0,1,0,8,1,5,2,15,0,6,9
S01012653,885,207,269,409,871,205,264,402,14,2,5,7,2,1,0,1,1,0,0,1,2,0,1,1,9,1,4,4
S01012654,767,49,291,427,746,48,279,419,21,1,12,8,0,0,0,0,2,0,2,0,5,0,2,3,14,1,8,5
S01012655,1032,170,372,490,1016,166,365,485,16,4,7,5,0,0,0,0,3,2,1,0,3,0,3,0,10,2,3,5
S01012656,821,216,386,219,815,214,382,219,6,2,4,0,0,0,0,0,0,0,0,0,1,1,0,0,5,1,4,0
S01012657,542,133,249,160,531,131,245,155,11,2,4,5,0,0,0,0,4,0,2,2,1,0,0,1,6,2,2,2
S01012658,938,86,374,478,918,82,364,472,20,4,10,6,3,3,0,0,0,0,0,0,1,0,1,0,16,1,9,6
S01012659,1066,19,380,667,1040,18,367,655,26,1,13,12,0,0,0,0,8,0,8,0,1,0,1,0,17,1,4,12
S01012660,715,182,262,271,698,180,253,265,17,2,9,6,2,0,2,0,5,0,4,1,3,0,1,2,7,2,2,3
S01012661,739,65,329,345,724,64,318,342,15,1,11,3,2,0,2,0,6,1,5,0,3,0,1,2,4,0,3,1
S01012662,732,228,349,155,724,227,345,152,8,1,4,3,0,0,0,0,1,0,0,1,0,0,0,0,7,1,4,2
S01012663,691,54,298,339,684,54,294,336,7,0,4,3,0,0,0,0,0,0,0,0,0,0,0,0,7,0,4,3
S01012664,900,164,397,339,883,162,387,334,17,2,10,5,1,0,0,1,2,0,1,1,4,0,3,1,10,2,6,2
S01012665,717,234,363,120,711,232,360,119,6,2,3,1,0,0,0,0,0,0,0,0,0,0,0,0,6,2,3,1
S01012666,650,226,293,131,646,226,290,130,4,0,3,1,0,0,0,0,0,0,0,0,0,0,0,0,4,0,3,1
S01012667,580,216,212,152,568,212,206,150,12,4,6,2,1,0,1,0,0,0,0,0,5,0,3,2,6,4,2,0
S01012668,761,235,324,202,746,234,311,201,15,1,13,1,3,0,3,0,1,0,1,0,4,0,4,0,7,1,5,1
S01012669,722,31,311,380,711,31,303,377,11,0,8,3,0,0,0,0,3,0,3,0,4,0,1,3,4,0,4,0
S01012670,696,64,264,368,688,64,263,361,8,0,1,7,0,0,0,0,1,0,0,1,0,0,0,0,7,0,1,6
S01012671,898,172,431,295,884,168,425,291,14,4,6,4,0,0,0,0,0,0,0,0,3,0,3,0,11,4,3,4
S01012672,722,280,314,128,717,280,310,127,5,0,4,1,0,0,0,0,2,0,2,0,1,0,1,0,2,0,1,1
S01012673,582,222,253,107,576,222,250,104,6,0,3,3,0,0,0,0,1,0,1,0,0,0,0,0,5,0,2,3
S01012674,582,219,268,95,574,216,263,95,8,3,5,0,0,0,0,0,4,1,3,0,1,0,1,0,3,2,1,0
S01012675,766,291,300,175,751,286,292,173,15,5,8,2,0,0,0,0,5,1,4,0,3,1,1,1,7,3,3,1
S01012676,835,127,348,360,818,123,340,355,17,4,8,5,7,4,1,2,0,0,0,0,5,0,3,2,5,0,4,1
S01012677,583,152,277,154,574,151,270,153,9,1,7,1,0,0,0,0,4,0,4,0,0,0,0,0,5,1,3,1
S01012678,711,36,241,434,706,36,240,430,5,0,1,4,1,0,0,1,0,0,0,0,1,0,0,1,3,0,1,2
S01012679,791,147,292,352,768,145,286,337,23,2,6,15,0,0,0,0,3,0,1,2,4,0,3,1,16,2,2,12
S01012680,557,35,124,398,549,34,120,395,8,1,4,3,0,0,0,0,0,0,0,0,0,0,0,0,8,1,4,3
S01012681,705,93,278,334,688,92,266,330,17,1,12,4,2,0,2,0,2,0,2,0,0,0,0,0,13,1,8,4
S01012682,691,76,227,388,680,75,222,383,11,1,5,5,0,0,0,0,0,0,0,0,1,0,0,1,10,1,5,4
S01012683,749,164,284,301,743,164,280,299,6,0,4,2,0,0,0,0,2,0,2,0,1,0,0,1,3,0,2,1
S01012684,528,49,204,275,521,48,201,272,7,1,3,3,0,0,0,0,1,0,1,0,1,0,0,1,5,1,2,2
S01012685,779,141,348,290,768,139,345,284,11,2,3,6,0,0,0,0,2,0,1,1,1,0,1,0,8,2,1,5
S01012686,941,88,320,533,907,85,307,515,34,3,13,18,3,1,0,2,4,1,3,0,3,0,2,1,24,1,8,15
S01012687,538,21,178,339,529,21,173,335,9,0,5,4,0,0,0,0,1,0,1,0,0,0,0,0,8,0,4,4
S01012688,791,141,337,313,747,132,313,302,44,9,24,11,4,0,4,0,6,2,3,1,6,2,2,2,28,5,15,8
S01012689,481,14,131,336,474,14,130,330,7,0,1,6,0,0,0,0,0,0,0,0,0,0,0,0,7,0,1,6
S01012690,532,33,193,306,520,32,187,301,12,1,6,5,0,0,0,0,0,0,0,0,0,0,0,0,12,1,6,5
S01012691,766,33,189,544,734,31,176,527,32,2,13,17,0,0,0,0,1,0,0,1,8,0,7,1,23,2,6,15
S01012692,736,123,229,384,720,122,224,374,16,1,5,10,0,0,0,0,0,0,0,0,5,0,3,2,11,1,2,8
S01012693,905,15,178,712,875,15,169,691,30,0,9,21,0,0,0,0,1,0,1,0,9,0,1,8,20,0,7,13
S01012694,476,62,179,235,460,62,168,230,16,0,11,5,0,0,0,0,3,0,3,0,7,0,4,3,6,0,4,2
S01012695,830,38,234,558,809,36,228,545,21,2,6,13,0,0,0,0,4,2,2,0,8,0,2,6,9,0,2,7
S01012696,689,7,144,538,658,6,139,513,31,1,5,25,3,0,0,3,9,0,2,7,1,0,0,1,18,1,3,14
S01012697,509,11,134,364,489,11,124,354,20,0,10,10,4,0,4,0,1,0,0,1,2,0,1,1,13,0,5,8
S01012698,748,54,258,436,728,54,247,427,20,0,11,9,1,0,1,0,0,0,0,0,7,0,5,2,12,0,5,7
S01012699,1045,105,289,651,1023,104,284,635,22,1,5,16,5,0,0,5,1,0,0,1,2,0,1,1,14,1,4,9
S01012700,818,36,259,523,790,35,247,508,28,1,12,15,1,0,1,0,2,0,2,0,6,0,3,3,19,1,6,12
S01012701,551,32,238,281,540,32,233,275,11,0,5,6,0,0,0,0,1,0,1,0,4,0,3,1,6,0,1,5
S01012702,588,60,218,310,573,58,213,302,15,2,5,8,2,0,2,0,1,0,0,1,3,0,2,1,9,2,1,6
S01012703,606,41,141,424,587,41,133,413,19,0,8,11,1,0,0,1,0,0,0,0,7,0,2,5,11,0,6,5
S01012704,772,214,360,198,763,212,354,197,9,2,6,1,1,0,1,0,0,0,0,0,1,0,1,0,7,2,4,1
S01012705,780,27,225,528,740,23,209,508,40,4,16,20,2,2,0,0,2,1,1,0,12,0,4,8,24,1,11,12
S01012706,687,196,268,223,677,192,263,222,10,4,5,1,2,2,0,0,1,1,0,0,0,0,0,0,7,1,5,1
S01012707,898,19,279,600,871,19,264,588,27,0,15,12,2,0,2,0,1,0,0,1,10,0,7,3,14,0,6,8
S01012708,723,242,319,162,708,241,310,157,15,1,9,5,1,0,1,0,5,0,0,5,3,0,3,0,6,1,5,0
S01012709,506,134,224,148,490,129,214,147,16,5,10,1,3,0,3,0,0,0,0,0,3,1,2,0,10,4,5,1
S01012710,697,209,260,228,680,208,250,222,17,1,10,6,2,1,0,1,2,0,1,1,6,0,6,0,7,0,3,4
S01012711,768,298,291,179,750,289,287,174,18,9,4,5,0,0,0,0,3,3,0,0,6,1,3,2,9,5,1,3
S01012712,857,80,297,480,827,75,288,464,30,5,9,16,2,2,0,0,2,1,0,1,3,2,1,0,23,0,8,15
S01012713,727,86,313,328,701,83,302,316,26,3,11,12,1,0,0,1,2,0,2,0,4,0,4,0,19,3,5,11
S01012714,598,45,242,311,583,42,235,306,15,3,7,5,0,0,0,0,4,0,4,0,1,1,0,0,10,2,3,5
S01012715,696,260,280,156,655,240,264,151,41,20,16,5,2,0,2,0,14,10,3,1,5,1,2,2,20,9,9,2
S01012716,802,67,248,487,764,58,231,475,38,9,17,12,5,3,2,0,12,5,7,0,2,0,0,2,19,1,8,10
S01012717,945,338,377,230,901,311,366,224,44,27,11,6,6,4,0,2,15,10,5,0,11,6,3,2,12,7,3,2
S01012718,942,189,442,311,879,167,407,305,63,22,35,6,11,9,2,0,13,7,6,0,20,2,18,0,19,4,9,6
S01012719,771,192,355,224,695,164,318,213,76,28,37,11,20,10,9,1,15,7,7,1,6,2,3,1,35,9,18,8
S01012720,506,144,216,146,455,123,193,139,51,21,23,7,13,7,6,0,14,6,8,0,11,7,4,0,13,1,5,7
S01012721,644,106,340,198,619,94,331,194,25,12,9,4,9,6,3,0,3,0,3,0,0,0,0,0,13,6,3,4
S01012722,742,277,321,144,714,268,309,137,28,9,12,7,1,0,0,1,9,3,4,2,3,0,2,1,15,6,6,3
S01012723,688,273,281,134,672,270,271,131,16,3,10,3,0,0,0,0,2,0,1,1,2,0,1,1,12,3,8,1
S01012724,728,171,362,195,693,168,336,189,35,3,26,6,6,1,5,0,5,0,2,3,7,0,6,1,17,2,13,2
S01012725,881,247,353,281,812,215,323,274,69,32,30,7,13,5,7,1,17,11,6,0,13,5,8,0,26,11,9,6
S01012726,641,150,299,192,628,146,295,187,13,4,4,5,0,0,0,0,0,0,0,0,2,1,1,0,11,3,3,5
S01012727,708,272,262,174,688,269,257,162,20,3,5,12,2,1,1,0,2,0,0,2,9,0,2,7,7,2,2,3
S01012728,814,388,309,117,774,373,289,112,40,15,20,5,6,2,3,1,18,10,8,0,3,0,3,0,13,3,6,4
S01012729,837,129,336,372,806,124,322,360,31,5,14,12,2,2,0,0,5,0,5,0,4,0,0,4,20,3,9,8
S01012730,556,210,243,103,548,206,241,101,8,4,2,2,1,0,0,1,2,2,0,0,1,0,1,0,4,2,1,1
S01012731,797,204,383,210,774,203,366,205,23,1,17,5,0,0,0,0,5,0,4,1,4,0,3,1,14,1,10,3
S01012732,678,169,340,169,666,164,336,166,12,5,4,3,0,0,0,0,4,4,0,0,1,0,0,1,7,1,4,2
S01012733,1087,24,257,806,1049,24,245,780,38,0,12,26,1,0,0,1,14,0,5,9,4,0,1,3,19,0,6,13
S01012734,640,4,125,511,610,4,114,492,30,0,11,19,0,0,0,0,8,0,8,0,2,0,0,2,20,0,3,17
S01012735,476,141,215,120,462,136,208,118,14,5,7,2,1,0,1,0,4,0,2,2,5,3,2,0,4,2,2,0
S01012736,959,128,438,393,922,122,425,375,37,6,13,18,4,4,0,0,14,0,4,10,5,0,3,2,14,2,6,6
S01012737,800,100,326,374,762,96,301,365,38,4,25,9,8,0,8,0,5,0,5,0,4,1,3,0,21,3,9,9
S01012738,612,162,243,207,591,155,238,198,21,7,5,9,0,0,0,0,0,0,0,0,2,2,0,0,19,5,5,9
S01012739,841,14,217,610,778,9,201,568,63,5,16,42,5,1,0,4,1,0,1,0,15,3,4,8,42,1,11,30
S01012740,890,34,242,614,854,33,235,586,36,1,7,28,1,0,0,1,3,0,0,3,9,0,4,5,23,1,3,19
S01012741,555,47,239,269,544,47,232,265,11,0,7,4,0,0,0,0,0,0,0,0,1,0,1,0,10,0,6,4
S01012742,689,48,217,424,652,41,204,407,37,7,13,17,1,1,0,0,8,2,0,6,5,0,3,2,23,4,10,9
S01012743,581,27,218,336,572,27,213,332,9,0,5,4,0,0,0,0,0,0,0,0,0,0,0,0,9,0,5,4
S01012744,675,18,248,409,656,18,234,404,19,0,14,5,0,0,0,0,1,0,1,0,0,0,0,0,18,0,13,5
S01012745,704,44,285,375,669,39,266,364,35,5,19,11,7,1,4,2,1,0,0,1,6,1,5,0,21,3,10,8
S01012746,772,68,231,473,743,63,218,462,29,5,13,11,2,1,0,1,9,1,6,2,5,1,3,1,13,2,4,7
S01012747,831,188,348,295,801,180,334,287,30,8,14,8,4,2,2,0,10,5,3,2,11,1,6,4,5,0,3,2
S01012748,829,410,305,114,808,404,298,106,21,6,7,8,0,0,0,0,7,2,2,3,4,1,3,0,10,3,2,5
S01012749,876,345,402,129,811,322,363,126,65,23,39,3,11,4,7,0,30,9,21,0,15,5,8,2,9,5,3,1
S01012750,788,318,309,161,720,296,271,153,68,22,38,8,7,5,2,0,34,3,29,2,16,6,6,4,11,8,1,2
S01012751,817,268,388,161,788,265,367,156,29,3,21,5,0,0,0,0,12,0,12,0,10,1,6,3,7,2,3,2
S01012752,832,245,289,298,809,232,283,294,23,13,6,4,2,1,0,1,6,5,0,1,2,2,0,0,13,5,6,2
S01012753,496,219,194,83,486,216,190,80,10,3,4,3,0,0,0,0,2,1,1,0,2,0,1,1,6,2,2,2
S01012754,538,166,206,166,530,164,203,163,8,2,3,3,1,0,0,1,1,1,0,0,3,0,1,2,3,1,2,0
S01012755,499,231,173,95,484,223,170,91,15,8,3,4,0,0,0,0,4,2,1,1,4,3,1,0,7,3,1,3
S01012756,496,142,203,151,484,140,198,146,12,2,5,5,0,0,0,0,0,0,0,0,3,0,1,2,9,2,4,3
S01012757,461,169,223,69,449,164,220,65,12,5,3,4,0,0,0,0,1,1,0,0,7,1,2,4,4,3,1,0
S01012758,608,144,252,212,581,137,245,199,27,7,7,13,2,0,0,2,7,1,1,5,9,4,3,2,9,2,3,4
S01012759,722,261,315,146,715,258,311,146,7,3,4,0,0,0,0,0,0,0,0,0,1,1,0,0,6,2,4,0
S01012760,959,360,421,178,929,354,400,175,30,6,21,3,2,0,1,1,10,1,9,0,8,1,7,0,10,4,4,2
S01012761,754,200,353,201,731,194,343,194,23,6,10,7,3,2,1,0,2,0,2,0,3,0,1,2,15,4,6,5
S01012762,708,153,347,208,686,148,336,202,22,5,11,6,0,0,0,0,0,0,0,0,5,1,4,0,17,4,7,6
S01012763,402,124,193,85,395,121,190,84,7,3,3,1,0,0,0,0,2,2,0,0,3,0,3,0,2,1,0,1
S01012764,764,259,283,222,752,258,276,218,12,1,7,4,1,0,1,0,2,0,2,0,3,1,2,0,6,0,2,4
S01012765,717,132,301,284,695,130,292,273,22,2,9,11,1,1,0,0,2,0,0,2,5,0,5,0,14,1,4,9
S01012766,904,231,380,293,889,225,374,290,15,6,6,3,0,0,0,0,0,0,0,0,8,5,3,0,7,1,3,3
S01012767,568,26,236,306,567,26,236,305,1,0,0,1,0,0,0,0,0,0,0,0,0,0,0,0,1,0,0,1
S01012768,726,36,291,399,714,33,285,396,12,3,6,3,3,3,0,0,0,0,0,0,0,0,0,0,9,0,6,3
S01012769,442,21,99,322,435,21,97,317,7,0,2,5,0,0,0,0,2,0,0,2,0,0,0,0,5,0,2,3
S01012770,839,217,392,230,816,212,379,225,23,5,13,5,3,2,0,1,9,2,7,0,0,0,0,0,11,1,6,4
S01012771,705,208,281,216,691,205,275,211,14,3,6,5,3,2,0,1,0,0,0,0,2,0,1,1,9,1,5,3
S01012772,685,272,305,108,676,271,299,106,9,1,6,2,1,0,1,0,0,0,0,0,2,0,2,0,6,1,3,2
S01012773,853,191,400,262,831,187,385,259,22,4,15,3,1,0,1,0,1,0,1,0,10,1,8,1,10,3,5,2
S01012774,825,203,391,231,803,199,383,221,22,4,8,10,0,0,0,0,3,1,2,0,10,2,2,6,9,1,4,4
S01012775,409,106,145,158,402,101,143,158,7,5,2,0,0,0,0,0,1,1,0,0,4,2,2,0,2,2,0,0
S01012776,738,245,327,166,726,243,323,160,12,2,4,6,2,1,0,1,1,0,0,1,0,0,0,0,9,1,4,4
S01012777,969,94,451,424,941,87,436,418,28,7,15,6,3,3,0,0,15,3,10,2,3,1,1,1,7,0,4,3
S01012778,732,158,326,248,708,149,313,246,24,9,13,2,5,2,3,0,8,2,6,0,5,4,1,0,6,1,3,2
S01012779,458,178,169,111,441,173,161,107,17,5,8,4,3,0,3,0,2,0,1,1,11,4,4,3,1,1,0,0
S01012780,731,322,256,153,699,314,245,140,32,8,11,13,3,2,0,1,5,2,2,1,13,1,5,7,11,3,4,4
S01012781,648,109,295,244,627,102,290,235,21,7,5,9,1,0,0,1,3,2,1,0,4,0,1,3,13,5,3,5
S01012782,614,306,223,85,591,300,210,81,23,6,13,4,0,0,0,0,6,0,6,0,2,0,2,0,15,6,5,4
S01012783,698,253,323,122,676,245,310,121,22,8,13,1,3,3,0,0,6,2,4,0,6,3,3,0,7,0,6,1
S01012784,745,295,279,171,719,285,267,167,26,10,12,4,2,1,1,0,5,3,2,0,7,1,5,1,12,5,4,3
S01012785,711,376,268,67,673,363,250,60,38,13,18,7,6,4,2,0,13,6,3,4,12,1,11,0,7,2,2,3
S01012786,692,406,234,52,614,369,197,48,78,37,37,4,17,12,5,0,35,15,16,4,18,6,12,0,8,4,4,0
S01012787,550,120,257,173,530,113,247,170,20,7,10,3,6,2,4,0,5,2,2,1,2,1,0,1,7,2,4,1
S01012788,615,202,237,176,591,195,223,173,24,7,14,3,1,1,0,0,7,1,5,1,2,0,1,1,14,5,8,1
S01012789,740,137,283,320,695,127,264,304,45,10,19,16,6,2,3,1,7,2,1,4,4,1,2,1,28,5,13,10
S01012790,587,57,224,306,565,55,217,293,22,2,7,13,3,2,0,1,4,0,1,3,3,0,2,1,12,0,4,8
S01012791,720,87,270,363,700,84,266,350,20,3,4,13,0,0,0,0,10,1,0,9,0,0,0,0,10,2,4,4
S01012792,842,282,376,184,798,261,358,179,44,21,18,5,17,11,5,1,9,8,1,0,4,1,3,0,14,1,9,4
S01012793,635,298,212,125,559,251,194,114,76,47,18,11,8,5,3,0,35,27,8,0,22,10,3,9,11,5,4,2
S01012794,590,93,334,163,527,88,293,146,63,5,41,17,11,0,9,2,11,2,5,4,23,2,15,6,18,1,12,5
S01012795,1029,355,449,225,993,348,435,210,36,7,14,15,1,0,0,1,15,2,6,7,11,4,5,2,9,1,3,5
S01012796,787,197,337,253,725,192,305,228,62,5,32,25,9,0,2,7,17,0,15,2,25,5,7,13,11,0,8,3
S01012797,690,195,307,188,646,183,279,184,44,12,28,4,8,2,6,0,9,1,7,1,12,5,5,2,15,4,10,1
S01012798,720,62,205,453,689,56,194,439,31,6,11,14,3,2,0,1,8,1,2,5,6,2,2,2,14,1,7,6
S01012799,778,105,226,447,723,100,204,419,55,5,22,28,13,1,6,6,8,2,3,3,3,1,0,2,31,1,13,17
S01012800,894,54,258,582,854,50,248,556,40,4,10,26,3,1,1,1,2,0,2,0,7,0,2,5,28,3,5,20
S01012801,426,71,201,154,402,69,186,147,24,2,15,7,3,0,2,1,0,0,0,0,8,1,7,0,13,1,6,6
S01012802,612,3,120,489,572,3,98,471,40,0,22,18,0,0,0,0,7,0,5,2,13,0,7,6,20,0,10,10
S01012803,675,22,232,421,657,20,225,412,18,2,7,9,3,2,0,1,0,0,0,0,0,0,0,0,15,0,7,8
S01012804,764,205,325,234,745,201,315,229,19,4,10,5,2,0,2,0,2,2,0,0,8,1,6,1,7,1,2,4
S01012805,912,209,413,290,889,203,410,276,23,6,3,14,5,3,1,1,4,0,0,4,3,1,1,1,11,2,1,8
S01012806,715,116,299,300,683,114,280,289,32,2,19,11,2,0,2,0,10,0,7,3,3,0,3,0,17,2,7,8
S01012807,587,9,104,474,553,8,96,449,34,1,8,25,1,0,0,1,2,0,2,0,6,1,0,5,25,0,6,19
S01012808,1059,153,360,546,1043,151,356,536,16,2,4,10,1,0,0,1,0,0,0,0,1,0,0,1,14,2,4,8
S01012809,612,103,250,259,588,99,244,245,24,4,6,14,3,1,2,0,1,1,0,0,14,2,2,10,6,0,2,4
S01012810,836,298,310,228,817,287,309,221,19,11,1,7,1,1,0,0,3,2,0,1,3,2,0,1,12,6,1,5
S01012811,770,178,313,279,743,176,303,264,27,2,10,15,6,0,1,5,1,0,1,0,4,0,2,2,16,2,6,8
S01012812,666,75,278,313,645,73,268,304,21,2,10,9,3,0,1,2,4,0,0,4,5,0,4,1,9,2,5,2
S01012813,884,30,292,562,861,28,280,553,23,2,12,9,2,0,1,1,3,0,3,0,3,1,1,1,15,1,7,7
S01012814,836,38,376,422,809,33,371,405,27,5,5,17,1,0,1,0,6,2,0,4,8,1,0,7,12,2,4,6
S01012815,875,50,308,517,823,42,284,497,52,8,24,20,6,4,1,1,13,0,10,3,18,2,7,9,15,2,6,7
S01012816,583,67,262,254,551,63,250,238,32,4,12,16,1,1,0,0,4,1,1,2,18,0,10,8,9,2,1,6
S01012817,563,10,156,397,535,6,143,386,28,4,13,11,1,0,1,0,2,0,2,0,8,4,4,0,17,0,6,11
S01012818,840,57,271,512,797,52,260,485,43,5,11,27,2,0,0,2,4,1,0,3,11,2,3,6,26,2,8,16
S01012819,735,321,310,104,723,316,305,102,12,5,5,2,0,0,0,0,1,1,0,0,7,1,5,1,4,3,0,1
S01012820,1027,71,372,584,966,65,344,557,61,6,28,27,7,3,4,0,5,2,2,1,21,0,14,7,28,1,8,19
S01012821,772,36,297,439,678,31,250,397,94,5,47,42,6,0,2,4,18,5,10,3,21,0,9,12,49,0,26,23
S01012822,474,233,164,77,455,224,158,73,19,9,6,4,1,1,0,0,2,0,2,0,9,5,3,1,7,3,1,3
S01012823,847,53,356,438,802,53,338,411,45,0,18,27,1,0,0,1,7,0,0,7,11,0,7,4,26,0,11,15
S01012824,664,135,293,236,640,130,282,228,24,5,11,8,2,1,0,1,1,0,1,0,7,1,3,3,14,3,7,4
S01012825,475,168,215,92,460,163,206,91,15,5,9,1,2,1,1,0,4,2,2,0,3,1,2,0,6,1,4,1
S01012826,599,255,260,84,577,247,246,84,22,8,14,0,0,0,0,0,5,0,5,0,13,6,7,0,4,2,2,0
S01012827,702,54,236,412,651,49,216,386,51,5,20,26,4,0,2,2,7,3,1,3,19,0,12,7,21,2,5,14
S01012828,583,29,277,277,550,25,254,271,33,4,23,6,4,0,4,0,8,1,7,0,10,2,5,3,11,1,7,3
S01012829,865,287,416,162,837,281,401,155,28,6,15,7,3,1,1,1,5,1,2,2,11,3,6,2,9,1,6,2
S01012830,690,172,271,247,671,165,261,245,19,7,10,2,1,1,0,0,2,1,0,1,5,2,3,0,11,3,7,1
S01012831,630,205,292,133,609,199,286,124,21,6,6,9,2,0,0,2,4,1,2,1,4,0,0,4,11,5,4,2
S01012832,544,132,201,211,534,128,199,207,10,4,2,4,1,1,0,0,2,2,0,0,0,0,0,0,7,1,2,4
S01012833,714,279,331,104,693,273,321,99,21,6,10,5,2,0,2,0,4,0,2,2,5,2,2,1,10,4,4,2
S01012834,616,210,199,207,603,207,196,200,13,3,3,7,0,0,0,0,1,0,1,0,1,1,0,0,11,2,2,7
S01012835,804,204,392,208,770,197,374,199,34,7,18,9,0,0,0,0,8,3,4,1,9,1,8,0,17,3,6,8
S01012836,673,22,233,418,642,22,220,400,31,0,13,18,1,0,0,1,4,0,4,0,2,0,1,1,24,0,8,16
S01012837,735,402,269,64,710,390,256,64,25,12,13,0,3,3,0,0,11,5,6,0,1,1,0,0,10,3,7,0
S01012838,917,545,288,84,862,519,266,77,55,26,22,7,13,3,8,2,20,16,4,0,8,3,4,1,14,4,6,4
S01012839,666,82,313,271,652,78,307,267,14,4,6,4,4,4,0,0,0,0,0,0,1,0,1,0,9,0,5,4
S01012840,786,27,248,511,747,24,237,486,39,3,11,25,4,0,4,0,6,1,0,5,4,0,0,4,25,2,7,16
S01012841,589,47,228,314,563,44,217,302,26,3,11,12,3,1,2,0,1,0,1,0,5,2,2,1,17,0,6,11
S01012842,475,38,205,232,460,38,198,224,15,0,7,8,0,0,0,0,3,0,3,0,0,0,0,0,12,0,4,8
S01012843,979,74,317,588,937,72,298,567,42,2,19,21,1,0,1,0,5,0,3,2,5,1,4,0,31,1,11,19
S01012844,697,19,197,481,659,18,180,461,38,1,17,20,4,0,3,1,5,0,4,1,5,0,4,1,24,1,6,17
S01012845,685,58,274,353,669,58,268,343,16,0,6,10,0,0,0,0,1,0,1,0,3,0,1,2,12,0,4,8
S01012846,926,446,322,158,903,440,311,152,23,6,11,6,3,0,2,1,4,0,4,0,3,0,0,3,13,6,5,2
S01012847,547,103,215,229,537,99,212,226,10,4,3,3,0,0,0,0,0,0,0,0,0,0,0,0,10,4,3,3
S01012848,773,87,271,415,734,78,254,402,39,9,17,13,1,0,0,1,11,4,5,2,13,1,8,4,14,4,4,6
S01012849,683,212,300,171,644,211,272,161,39,1,28,10,5,0,5,0,15,0,9,6,5,0,4,1,14,1,10,3
S01012850,710,251,304,155,696,247,296,153,14,4,8,2,2,0,2,0,1,0,1,0,0,0,0,0,11,4,5,2
S01012851,803,178,407,218,782,171,399,212,21,7,8,6,3,2,0,1,1,1,0,0,4,1,0,3,13,3,8,2
S01012852,696,68,286,342,666,59,270,337,30,9,16,5,5,2,3,0,2,1,1,0,8,3,5,0,15,3,7,5
S01012853,772,89,357,326,750,83,350,317,22,6,7,9,3,2,1,0,4,3,0,1,0,0,0,0,15,1,6,8
S01012854,797,104,402,291,774,102,392,280,23,2,10,11,2,1,0,1,0,0,0,0,6,0,4,2,15,1,6,8
S01012855,642,120,273,249,611,115,262,234,31,5,11,15,0,0,0,0,6,0,0,6,8,2,3,3,17,3,8,6
S01012856,667,246,314,107,645,236,305,104,22,10,9,3,0,0,0,0,0,0,0,0,6,3,3,0,16,7,6,3
S01012857,807,345,352,110,795,339,349,107,12,6,3,3,0,0,0,0,1,1,0,0,1,1,0,0,10,4,3,3
S01012858,689,326,257,106,667,318,250,99,22,8,7,7,0,0,0,0,4,1,3,0,5,0,0,5,13,7,4,2
S01012859,1014,318,519,177,944,307,473,164,70,11,46,13,6,3,3,0,16,2,14,0,32,4,20,8,16,2,9,5
S01012860,808,165,342,301,790,159,333,298,18,6,9,3,2,0,2,0,1,0,1,0,1,1,0,0,14,5,6,3
S01012861,687,157,318,212,647,146,303,198,40,11,15,14,6,4,1,1,5,2,0,3,8,0,7,1,21,5,7,9
S01012862,588,318,215,55,523,290,182,51,65,28,33,4,11,7,4,0,14,4,10,0,13,4,7,2,27,13,12,2
S01012863,621,414,163,44,589,392,157,40,32,22,6,4,13,10,3,0,4,3,0,1,4,1,2,1,11,8,1,2
S01012864,775,417,267,91,735,401,253,81,40,16,14,10,17,12,5,0,7,0,1,6,4,1,1,2,12,3,7,2
S01012865,779,244,326,209,761,235,320,206,18,9,6,3,3,1,2,0,0,0,0,0,1,0,0,1,14,8,4,2
S01012866,749,245,328,176,702,235,300,167,47,10,28,9,14,3,11,0,5,0,4,1,7,1,5,1,21,6,8,7
S01012867,720,399,248,73,703,390,242,71,17,9,6,2,3,3,0,0,2,0,2,0,0,0,0,0,12,6,4,2
S01012868,554,295,209,50,533,284,203,46,21,11,6,4,2,1,1,0,6,2,2,2,5,4,1,0,8,4,2,2
S01012869,546,341,140,65,523,332,130,61,23,9,10,4,2,1,1,0,10,2,8,0,9,5,0,4,2,1,1,0
S01012870,915,212,398,305,889,207,385,297,26,5,13,8,0,0,0,0,4,0,3,1,5,2,2,1,17,3,8,6
S01012871,815,166,416,233,762,155,382,225,53,11,34,8,6,2,4,0,10,0,10,0,12,2,7,3,25,7,13,5
S01012872,726,197,376,153,661,176,339,146,65,21,37,7,12,7,5,0,22,6,14,2,18,5,12,1,13,3,6,4
S01012873,801,188,416,197,757,178,399,180,44,10,17,17,6,1,4,1,6,5,1,0,10,2,2,6,22,2,10,10
S01012874,777,331,275,171,750,314,266,170,27,17,9,1,6,6,0,0,6,5,1,0,8,4,4,0,7,2,4,1
S01012875,573,208,280,85,540,199,260,81,33,9,20,4,7,0,7,0,3,1,2,0,7,2,5,0,16,6,6,4
S01012876,801,315,320,166,771,303,308,160,30,12,12,6,0,0,0,0,4,3,1,0,13,6,7,0,13,3,4,6
S01012877,726,246,333,147,714,243,328,143,12,3,5,4,0,0,0,0,0,0,0,0,2,0,2,0,10,3,3,4
S01012878,925,57,339,529,900,53,327,520,25,4,12,9,0,0,0,0,8,3,2,3,2,0,1,1,15,1,9,5
S01012879,729,113,321,295,708,109,310,289,21,4,11,6,3,1,1,1,3,1,2,0,1,0,1,0,14,2,7,5
S01012880,892,100,337,455,860,96,327,437,32,4,10,18,2,0,2,0,3,0,1,2,2,0,0,2,25,4,7,14
S01012881,832,124,338,370,796,116,324,356,36,8,14,14,1,0,1,0,0,0,0,0,7,4,2,1,28,4,11,13
S01012882,603,249,200,154,592,246,195,151,11,3,5,3,0,0,0,0,1,1,0,0,4,2,2,0,6,0,3,3
S01012883,634,326,232,76,619,315,230,74,15,11,2,2,0,0,0,0,0,0,0,0,3,0,1,2,12,11,1,0
S01012884,531,188,164,179,517,184,157,176,14,4,7,3,1,1,0,0,2,2,0,0,3,0,3,0,8,1,4,3
S01012885,446,243,153,50,427,234,145,48,19,9,8,2,0,0,0,0,6,4,2,0,5,2,3,0,8,3,3,2
S01012886,766,57,322,387,725,52,305,368,41,5,17,19,8,0,5,3,4,2,2,0,8,2,2,4,21,1,8,12
S01012887,734,91,322,321,709,87,313,309,25,4,9,12,0,0,0,0,3,1,2,0,6,0,2,4,16,3,5,8
S01012888,808,71,269,468,783,65,262,456,25,6,7,12,0,0,0,0,2,0,1,1,3,2,0,1,20,4,6,10
S01012889,875,103,314,458,839,99,299,441,36,4,15,17,1,0,0,1,3,0,0,3,8,1,6,1,24,3,9,12
S01012890,717,234,300,183,698,226,293,179,19,8,7,4,1,0,1,0,3,1,2,0,4,1,1,2,11,6,3,2
S01012891,548,168,242,138,535,166,238,131,13,2,4,7,0,0,0,0,2,0,0,2,3,0,1,2,8,2,3,3
S01012892,1107,539,393,175,1066,525,369,172,41,14,24,3,7,2,5,0,13,6,7,0,2,0,2,0,19,6,10,3
S01012893,746,411,237,98,718,395,227,96,28,16,10,2,1,1,0,0,4,4,0,0,6,2,4,0,17,9,6,2
S01012894,814,101,203,510,781,99,193,489,33,2,10,21,0,0,0,0,3,0,0,3,6,0,3,3,24,2,7,15
S01012895,522,27,146,349,495,23,137,335,27,4,9,14,2,2,0,0,1,0,1,0,8,2,3,3,16,0,5,11
S01012896,840,260,399,181,816,249,388,179,24,11,11,2,0,0,0,0,2,2,0,0,7,4,3,0,15,5,8,2
S01012897,607,27,230,350,583,27,219,337,24,0,11,13,5,0,1,4,1,0,0,1,4,0,0,4,14,0,10,4
S01012898,567,12,112,443,543,11,101,431,24,1,11,12,1,0,1,0,1,1,0,0,3,0,2,1,19,0,8,11
S01012899,529,199,235,95,518,193,230,95,11,6,5,0,2,0,2,0,0,0,0,0,4,3,1,0,5,3,2,0
S01012900,573,55,168,350,545,46,161,338,28,9,7,12,4,3,1,0,0,0,0,0,11,6,2,3,13,0,4,9
S01012901,689,154,360,175,665,151,341,173,24,3,19,2,3,0,3,0,4,0,4,0,0,0,0,0,17,3,12,2
S01012902,748,176,323,249,728,171,312,245,20,5,11,4,0,0,0,0,3,1,2,0,1,1,0,0,16,3,9,4
S01012903,811,185,396,230,778,172,383,223,33,13,13,7,1,1,0,0,3,2,1,0,12,5,4,3,17,5,8,4
S01012904,816,204,376,236,791,197,365,229,25,7,11,7,1,0,1,0,5,3,1,1,3,0,2,1,16,4,7,5
S01012905,622,179,300,143,613,177,294,142,9,2,6,1,0,0,0,0,6,2,4,0,0,0,0,0,3,0,2,1
S01012906,900,193,458,249,869,182,449,238,31,11,9,11,2,2,0,0,2,0,1,1,5,0,2,3,22,9,6,7
S01012907,858,242,435,181,832,236,420,176,26,6,15,5,0,0,0,0,3,1,0,2,13,2,10,1,10,3,5,2
S01012908,699,248,295,156,691,243,293,155,8,5,2,1,0,0,0,0,1,1,0,0,1,0,0,1,6,4,2,0
S01012909,610,213,255,142,587,202,248,137,23,11,7,5,0,0,0,0,0,0,0,0,7,4,1,2,16,7,6,3
S01012910,834,316,357,161,820,312,350,158,14,4,7,3,2,0,2,0,1,0,1,0,1,0,1,0,10,4,3,3
S01012911,728,127,350,251,690,117,330,243,38,10,20,8,7,3,0,4,4,2,2,0,9,1,8,0,18,4,10,4
S01012912,673,226,286,161,663,222,282,159,10,4,4,2,0,0,0,0,3,2,1,0,0,0,0,0,7,2,3,2
S01012913,882,230,386,266,857,226,373,258,25,4,13,8,6,2,3,1,3,0,2,1,2,0,1,1,14,2,7,5
S01012914,848,213,378,257,819,201,370,248,29,12,8,9,8,6,0,2,3,1,1,1,3,1,2,0,15,4,5,6
S01012915,1055,167,360,528,1027,165,344,518,28,2,16,10,3,1,2,0,1,0,1,0,0,0,0,0,24,1,13,10
S01012916,651,129,320,202,628,127,303,198,23,2,17,4,1,0,1,0,8,0,8,0,2,0,2,0,12,2,6,4
S01012917,717,56,245,416,695,53,236,406,22,3,9,10,0,0,0,0,1,0,1,0,3,1,2,0,18,2,6,10
S01012918,490,110,246,134,482,107,242,133,8,3,4,1,0,0,0,0,5,2,3,0,0,0,0,0,3,1,1,1
S01012919,455,130,206,119,444,130,198,116,11,0,8,3,2,0,2,0,7,0,4,3,0,0,0,0,2,0,2,0
S01012920,571,25,223,323,546,21,213,312,25,4,10,11,0,0,0,0,1,0,0,1,5,0,1,4,19,4,9,6
S01012921,705,192,356,157,675,185,334,156,30,7,22,1,4,1,3,0,6,1,5,0,11,2,9,0,9,3,5,1
S01012922,1011,180,459,372,985,176,446,363,26,4,13,9,4,0,4,0,6,0,3,3,3,1,1,1,13,3,5,5
S01012923,706,116,332,258,685,108,323,254,21,8,9,4,5,3,2,0,4,2,2,0,3,1,2,0,9,2,3,4
S01012924,500,94,258,148,486,88,252,146,14,6,6,2,0,0,0,0,4,3,1,0,1,0,1,0,9,3,4,2
S01012925,482,41,189,252,470,41,183,246,12,0,6,6,0,0,0,0,1,0,1,0,5,0,2,3,6,0,3,3
S01012926,697,126,333,238,678,126,325,227,19,0,8,11,4,0,3,1,0,0,0,0,4,0,1,3,11,0,4,7
S01012927,772,142,378,252,747,133,372,242,25,9,6,10,9,4,2,3,2,2,0,0,3,0,2,1,11,3,2,6
S01012928,810,103,341,366,782,102,330,350,28,1,11,16,2,0,2,0,2,0,0,2,5,0,2,3,19,1,7,11
S01012929,749,116,360,273,731,112,351,268,18,4,9,5,2,0,2,0,3,3,0,0,2,0,0,2,11,1,7,3
S01012930,823,294,339,190,782,277,328,177,41,17,11,13,11,8,3,0,6,2,1,3,8,1,3,4,16,6,4,6
S01012931,883,222,370,291,842,210,355,277,41,12,15,14,5,3,1,1,0,0,0,0,4,2,1,1,32,7,13,12
S01012932,512,60,181,271,496,56,177,263,16,4,4,8,3,0,0,3,1,0,1,0,3,0,2,1,9,4,1,4
S01012933,803,164,331,308,792,164,327,301,11,0,4,7,0,0,0,0,1,0,1,0,5,0,2,3,5,0,1,4
S01012934,708,203,349,156,688,194,338,156,20,9,11,0,3,2,1,0,2,0,2,0,4,2,2,0,11,5,6,0
S01012935,887,150,388,349,855,146,371,338,32,4,17,11,0,0,0,0,1,0,1,0,10,1,6,3,21,3,10,8
S01012936,726,172,309,245,694,169,291,234,32,3,18,11,2,1,1,0,5,0,4,1,5,1,2,2,20,1,11,8
S01012937,692,136,321,235,664,133,306,225,28,3,15,10,0,0,0,0,6,0,2,4,1,0,1,0,21,3,12,6
S01012938,691,72,230,389,664,72,221,371,27,0,9,18,2,0,2,0,0,0,0,0,3,0,2,1,22,0,5,17
S01012939,651,14,176,461,621,13,169,439,30,1,7,22,2,0,2,0,1,0,1,0,4,0,0,4,23,1,4,18
S01012940,698,22,221,455,669,15,216,438,29,7,5,17,2,0,0,2,3,3,0,0,2,1,0,1,22,3,5,14
S01012941,789,6,132,651,762,6,123,633,27,0,9,18,0,0,0,0,2,0,2,0,5,0,3,2,20,0,4,16
S01012942,788,218,414,156,761,213,396,152,27,5,18,4,4,1,3,0,7,1,6,0,4,0,2,2,12,3,7,2
S01012943,751,52,336,363,723,44,326,353,28,8,10,10,3,2,1,0,6,2,4,0,3,0,2,1,16,4,3,9
S01012944,525,14,207,304,514,14,202,298,11,0,5,6,0,0,0,0,5,0,3,2,0,0,0,0,6,0,2,4
S01012945,724,24,148,552,683,23,135,525,41,1,13,27,5,0,2,3,2,0,2,0,7,0,2,5,27,1,7,19
S01012946,861,31,283,547,822,29,267,526,39,2,16,21,3,1,0,2,3,0,3,0,10,0,6,4,23,1,7,15
S01012947,453,6,73,374,426,2,66,358,27,4,7,16,1,0,0,1,5,0,5,0,4,4,0,0,17,0,2,15
S01012948,681,15,250,416,670,15,245,410,11,0,5,6,1,0,0,1,1,0,0,1,1,0,1,0,8,0,4,4
S01012949,667,40,222,405,649,36,211,402,18,4,11,3,1,1,0,0,3,1,2,0,0,0,0,0,14,2,9,3
S01012950,865,7,207,651,831,7,196,628,34,0,11,23,4,0,0,4,2,0,2,0,2,0,2,0,26,0,7,19
S01012951,914,7,126,781,864,7,116,741,50,0,10,40,4,0,1,3,5,0,0,5,12,0,2,10,29,0,7,22
S01012952,640,18,120,502,605,15,112,478,35,3,8,24,2,1,0,1,0,0,0,0,3,0,0,3,30,2,8,20
S01012953,685,54,252,379,664,50,240,374,21,4,12,5,3,1,2,0,3,1,2,0,0,0,0,0,15,2,8,5
S01012954,485,24,156,305,468,24,147,297,17,0,9,8,4,0,4,0,0,0,0,0,1,0,1,0,12,0,4,8
S01012955,899,34,291,574,846,34,263,549,53,0,28,25,1,0,1,0,14,0,12,2,14,0,7,7,24,0,8,16
S01012956,926,253,442,231,879,246,414,219,47,7,28,12,6,0,6,0,5,0,4,1,7,1,5,1,29,6,13,10
S01012957,633,156,304,173,607,151,285,171,26,5,19,2,5,0,5,0,5,0,5,0,7,0,7,0,9,5,2,2
S01012958,502,53,178,271,497,51,178,268,5,2,0,3,0,0,0,0,0,0,0,0,1,1,0,0,4,1,0,3
S01012959,572,46,221,305,561,44,215,302,11,2,6,3,2,2,0,0,1,0,1,0,1,0,0,1,7,0,5,2
S01012960,602,90,228,284,587,89,220,278,15,1,8,6,0,0,0,0,1,0,1,0,4,0,2,2,10,1,5,4
S01012961,521,21,200,300,511,21,196,294,10,0,4,6,0,0,0,0,0,0,0,0,3,0,3,0,7,0,1,6
S01012962,649,11,191,447,617,11,184,422,32,0,7,25,0,0,0,0,0,0,0,0,3,0,0,3,29,0,7,22
S01012963,812,7,255,550,784,7,245,532,28,0,10,18,0,0,0,0,0,0,0,0,4,0,1,3,24,0,9,15
S01012964,644,10,123,511,614,9,117,488,30,1,6,23,2,0,2,0,1,0,0,1,2,0,0,2,25,1,4,20
S01012965,645,69,235,341,630,64,227,339,15,5,8,2,7,0,7,0,1,0,0,1,4,4,0,0,3,1,1,1
S01012966,690,78,275,337,665,76,261,328,25,2,14,9,2,2,0,0,0,0,0,0,10,0,8,2,13,0,6,7
S01012967,493,91,236,166,486,90,232,164,7,1,4,2,0,0,0,0,0,0,0,0,2,0,2,0,5,1,2,2
S01012968,660,150,318,192,620,142,301,177,40,8,17,15,6,0,1,5,13,6,4,3,12,1,6,5,9,1,6,2
S01012969,688,185,289,214,663,178,278,207,25,7,11,7,3,0,0,3,8,4,3,1,6,1,5,0,8,2,3,3
S01012970,579,118,278,183,563,116,271,176,16,2,7,7,1,1,0,0,1,0,1,0,0,0,0,0,14,1,6,7
S01012971,833,236,371,226,810,233,357,220,23,3,14,6,2,0,2,0,5,0,3,2,1,0,1,0,15,3,8,4
S01012972,797,182,404,211,772,174,395,203,25,8,9,8,0,0,0,0,4,0,3,1,1,0,1,0,20,8,5,7
S01012973,790,152,375,263,770,151,362,257,20,1,13,6,1,0,1,0,4,0,4,0,2,1,1,0,13,0,7,6
S01012974,919,258,395,266,904,251,392,261,15,7,3,5,0,0,0,0,2,1,0,1,4,2,1,1,9,4,2,3
S01012975,618,162,291,165,595,156,277,162,23,6,14,3,1,0,1,0,6,0,6,0,7,1,5,1,9,5,2,2
S01012976,522,139,275,108,512,134,271,107,10,5,4,1,1,1,0,0,5,3,2,0,0,0,0,0,4,1,2,1
S01012977,719,185,334,200,701,179,325,197,18,6,9,3,2,0,2,0,3,1,2,0,0,0,0,0,13,5,5,3
S01012978,808,206,386,216,795,201,382,212,13,5,4,4,3,2,0,1,0,0,0,0,1,0,0,1,9,3,4,2
S01012979,640,60,311,269,610,58,293,259,30,2,18,10,3,0,1,2,6,0,4,2,2,0,2,0,19,2,11,6
S01012980,668,168,323,177,650,161,318,171,18,7,5,6,2,2,0,0,0,0,0,0,5,3,0,2,11,2,5,4
S01012981,748,200,352,196,708,191,331,186,40,9,21,10,8,6,2,0,5,1,2,2,12,0,7,5,15,2,10,3
S01012982,820,208,378,234,792,203,363,226,28,5,15,8,0,0,0,0,4,0,3,1,7,2,2,3,17,3,10,4
S01012983,745,80,322,343,725,73,314,338,20,7,8,5,0,0,0,0,2,2,0,0,2,0,2,0,16,5,6,5
S01012984,628,132,300,196,596,128,273,195,32,4,27,1,0,0,0,0,4,0,4,0,7,0,7,0,21,4,16,1
S01012985,783,144,336,303,765,139,328,298,18,5,8,5,1,1,0,0,0,0,0,0,0,0,0,0,17,4,8,5
S01012986,746,228,324,194,729,225,313,191,17,3,11,3,0,0,0,0,1,0,1,0,5,1,4,0,11,2,6,3
S01012987,733,204,336,193,705,194,332,179,28,10,4,14,0,0,0,0,8,6,0,2,0,0,0,0,20,4,4,12
S01012988,883,288,382,213,842,277,364,201,41,11,18,12,7,4,3,0,14,2,8,4,3,0,1,2,17,5,6,6
S01012989,920,188,471,261,888,183,453,252,32,5,18,9,4,0,4,0,5,2,3,0,5,1,3,1,18,2,8,8
S01012990,602,223,216,163,576,212,207,157,26,11,9,6,0,0,0,0,2,1,0,1,10,4,3,3,14,6,6,2
S01012991,811,222,400,189,783,216,385,182,28,6,15,7,1,1,0,0,5,0,4,1,8,0,4,4,14,5,7,2
S01012992,786,232,320,234,763,228,303,232,23,4,17,2,3,0,3,0,4,0,3,1,7,0,7,0,9,4,4,1
S01012993,689,246,308,135,671,235,303,133,18,11,5,2,2,2,0,0,2,0,2,0,9,7,2,0,5,2,1,2
S01012994,871,351,328,192,833,332,314,187,38,19,14,5,2,2,0,0,5,3,2,0,7,4,3,0,24,10,9,5
S01012995,795,85,352,358,777,83,342,352,18,2,10,6,1,0,1,0,3,0,3,0,2,1,1,0,12,1,5,6
S01012996,651,103,268,280,628,99,255,274,23,4,13,6,2,0,2,0,5,0,5,0,2,1,1,0,14,3,5,6
S01012997,487,128,242,117,478,127,237,114,9,1,5,3,0,0,0,0,0,0,0,0,0,0,0,0,9,1,5,3
S01012998,1054,207,396,451,1020,194,383,443,34,13,13,8,1,0,1,0,9,4,4,1,8,5,2,1,16,4,6,6
S01012999,479,126,190,163,453,122,175,156,26,4,15,7,1,0,1,0,6,0,6,0,9,3,5,1,10,1,3,6
S01013000,642,163,322,157,620,157,309,154,22,6,13,3,2,0,1,1,3,1,2,0,5,1,4,0,12,4,6,2
S01013001,381,6,89,286,346,6,82,258,35,0,7,28,2,0,0,2,5,0,1,4,1,0,0,1,27,0,6,21
S01013002,492,13,112,367,474,13,105,356,18,0,7,11,2,0,2,0,2,0,2,0,3,0,1,2,11,0,2,9
S01013003,641,13,103,525,619,12,93,514,22,1,10,11,0,0,0,0,3,0,3,0,0,0,0,0,19,1,7,11
S01013004,671,27,169,475,651,27,163,461,20,0,6,14,0,0,0,0,0,0,0,0,1,0,0,1,19,0,6,13
S01013005,711,32,176,503,682,31,167,484,29,1,9,19,4,0,0,4,2,1,1,0,2,0,1,1,21,0,7,14
S01013006,611,27,121,463,573,18,116,439,38,9,5,24,5,5,0,0,1,1,0,0,11,0,1,10,21,3,4,14
S01013007,910,33,317,560,873,30,299,544,37,3,18,16,1,0,1,0,3,1,0,2,12,0,8,4,21,2,9,10
S01013008,777,53,273,451,732,51,246,435,45,2,27,16,14,0,10,4,5,1,4,0,8,1,3,4,18,0,10,8
S01013009,634,81,229,324,618,81,223,314,16,0,6,10,1,0,1,0,2,0,1,1,0,0,0,0,13,0,4,9
S01013010,592,15,97,480,564,12,91,461,28,3,6,19,4,3,0,1,2,0,1,1,0,0,0,0,22,0,5,17
S01013011,705,33,185,487,681,30,178,473,24,3,7,14,1,0,0,1,7,3,1,3,0,0,0,0,16,0,6,10
S01013012,654,74,238,342,614,73,217,324,40,1,21,18,9,0,7,2,10,1,5,4,10,0,4,6,11,0,5,6
S01013013,731,54,214,463,696,52,204,440,35,2,10,23,6,0,2,4,4,0,1,3,2,0,0,2,23,2,7,14
S01013014,732,61,228,443,702,59,217,426,30,2,11,17,4,0,1,3,1,0,1,0,4,0,2,2,21,2,7,12
S01013015,760,21,220,519,722,18,207,497,38,3,13,22,2,0,1,1,2,1,1,0,7,1,3,3,27,1,8,18
S01013016,604,11,138,455,578,11,131,436,26,0,7,19,1,0,0,1,0,0,0,0,2,0,0,2,23,0,7,16
S01013017,846,66,253,527,821,63,248,510,25,3,5,17,2,0,1,1,4,0,0,4,2,0,2,0,17,3,2,12
S01013018,953,39,294,620,908,38,280,590,45,1,14,30,0,0,0,0,4,0,2,2,5,0,1,4,36,1,11,24
S01013019,898,40,304,554,857,33,285,539,41,7,19,15,2,0,1,1,12,4,4,4,10,1,6,3,17,2,8,7
S01013020,466,98,217,151,450,96,204,150,16,2,13,1,3,2,1,0,2,0,2,0,1,0,1,0,10,0,9,1
S01013021,464,73,191,200,441,70,184,187,23,3,7,13,2,2,0,0,0,0,0,0,9,1,3,5,12,0,4,8
S01013022,430,75,204,151,411,72,197,142,19,3,7,9,4,1,0,3,6,1,5,0,1,0,0,1,8,1,2,5
S01013023,854,33,321,500,821,30,304,487,33,3,17,13,5,3,1,1,1,0,0,1,6,0,6,0,21,0,10,11
S01013024,527,36,185,306,510,35,177,298,17,1,8,8,1,1,0,0,1,0,1,0,3,0,1,2,12,0,6,6
S01013025,498,11,139,348,471,11,132,328,27,0,7,20,0,0,0,0,10,0,3,7,4,0,2,2,13,0,2,11
S01013026,956,155,358,443,920,151,347,422,36,4,11,21,8,2,1,5,2,0,2,0,6,0,5,1,20,2,3,15
S01013027,1026,310,464,252,1011,307,456,248,15,3,8,4,0,0,0,0,1,0,1,0,6,0,4,2,8,3,3,2
S01013028,457,39,127,291,431,29,119,283,26,10,8,8,6,6,0,0,4,1,3,0,3,2,0,1,13,1,5,7
S01013029,577,197,232,148,564,192,228,144,13,5,4,4,4,3,0,1,4,2,2,0,0,0,0,0,5,0,2,3
S01013030,627,156,258,213,615,154,253,208,12,2,5,5,1,0,1,0,0,0,0,0,3,0,3,0,8,2,1,5
S01013031,635,171,303,161,628,169,299,160,7,2,4,1,0,0,0,0,1,0,1,0,0,0,0,0,6,2,3,1
S01013032,810,40,313,457,763,38,289,436,47,2,24,21,4,0,2,2,7,0,6,1,21,2,8,11,15,0,8,7
S01013033,669,76,294,299,638,74,285,279,31,2,9,20,3,1,1,1,4,0,0,4,9,0,3,6,15,1,5,9
S01013034,717,134,348,235,704,132,345,227,13,2,3,8,2,1,0,1,3,0,0,3,3,0,2,1,5,1,1,3
S01013035,676,210,308,158,660,201,305,154,16,9,3,4,4,1,2,1,2,2,0,0,2,1,1,0,8,5,0,3
S01013036,770,162,363,245,765,161,360,244,5,1,3,1,0,0,0,0,1,1,0,0,0,0,0,0,4,0,3,1
S01013037,714,44,270,400,695,41,262,392,19,3,8,8,1,0,1,0,1,0,1,0,3,0,3,0,14,3,3,8
S01013038,970,216,412,342,938,211,394,333,32,5,18,9,6,0,4,2,4,0,3,1,7,2,4,1,15,3,7,5
S01013039,527,14,114,399,501,9,108,384,26,5,6,15,4,4,0,0,4,0,0,4,3,1,1,1,15,0,5,10
S01013040,628,124,258,246,611,120,247,244,17,4,11,2,7,0,7,0,1,1,0,0,3,1,2,0,6,2,2,2
S01013041,587,93,260,234,564,90,250,224,23,3,10,10,4,0,4,0,2,0,0,2,0,0,0,0,17,3,6,8
S01013042,795,116,256,423,775,115,247,413,20,1,9,10,0,0,0,0,9,0,5,4,2,0,1,1,9,1,3,5
S01013043,704,197,310,197,671,189,301,181,33,8,9,16,0,0,0,0,7,4,0,3,4,0,0,4,22,4,9,9
S01013044,827,172,380,275,802,169,371,262,25,3,9,13,1,1,0,0,4,1,0,3,5,0,0,5,15,1,9,5
S01013045,713,120,275,318,672,117,254,301,41,3,21,17,4,1,2,1,15,0,12,3,6,0,0,6,16,2,7,7
S01013046,499,100,247,152,481,98,240,143,18,2,7,9,0,0,0,0,5,1,4,0,3,0,0,3,10,1,3,6
S01013047,931,33,268,630,882,24,252,606,49,9,16,24,6,5,0,1,5,2,0,3,6,0,5,1,32,2,11,19
S01013048,791,114,319,358,746,94,302,350,45,20,17,8,6,3,3,0,13,8,3,2,11,5,6,0,15,4,5,6
S01013049,803,76,349,378,760,62,335,363,43,14,14,15,6,6,0,0,6,6,0,0,6,0,4,2,25,2,10,13
S01013050,709,159,344,206,684,154,326,204,25,5,18,2,2,2,0,0,6,3,3,0,5,0,5,0,12,0,10,2
S01013051,931,252,360,319,912,247,355,310,19,5,5,9,0,0,0,0,3,1,0,2,1,0,0,1,15,4,5,6
S01013052,738,179,339,220,724,177,334,213,14,2,5,7,0,0,0,0,1,0,0,1,4,0,1,3,9,2,4,3
S01013053,615,248,264,103,574,236,244,94,41,12,20,9,9,3,6,0,6,0,6,0,13,5,2,6,13,4,6,3
S01013054,658,101,285,272,632,94,272,266,26,7,13,6,5,3,2,0,3,3,0,0,6,0,3,3,12,1,8,3
S01013055,688,190,291,207,647,177,273,197,41,13,18,10,9,8,0,1,11,1,10,0,5,0,3,2,16,4,5,7
S01013056,904,269,390,245,866,261,371,234,38,8,19,11,5,0,5,0,7,2,4,1,6,1,4,1,20,5,6,9
S01013057,870,374,331,165,836,369,318,149,34,5,13,16,5,0,4,1,5,0,1,4,5,1,2,2,19,4,6,9
S01013058,625,26,207,392,579,23,183,373,46,3,24,19,11,2,8,1,8,0,5,3,6,0,3,3,21,1,8,12
S01013059,779,146,304,329,740,141,284,315,39,5,20,14,3,1,0,2,11,0,7,4,6,1,3,2,19,3,10,6
S01013060,491,62,194,235,452,50,179,223,39,12,15,12,12,8,4,0,2,1,1,0,7,1,6,0,18,2,4,12
S01013061,794,43,337,414,758,32,321,405,36,11,16,9,15,10,5,0,1,0,1,0,3,0,2,1,17,1,8,8
S01013062,824,81,351,392,756,66,310,380,68,15,41,12,33,11,19,3,5,1,3,1,5,1,4,0,25,2,15,8
S01013063,805,94,315,396,725,78,294,353,80,16,21,43,16,12,2,2,12,1,2,9,9,0,3,6,43,3,14,26
S01013064,866,157,414,295,823,149,392,282,43,8,22,13,5,2,1,2,12,4,7,1,7,0,6,1,19,2,8,9
S01013065,864,239,376,249,815,217,353,245,49,22,23,4,18,9,8,1,14,6,7,1,8,2,6,0,9,5,2,2
S01013066,690,174,286,230,654,167,272,215,36,7,14,15,2,1,1,0,3,2,1,0,14,3,5,6,17,1,7,9
S01013067,808,453,271,84,577,309,205,63,231,144,66,21,128,96,26,6,55,27,20,8,22,8,10,4,26,13,10,3
S01013068,776,399,290,87,655,336,244,75,121,63,46,12,56,34,14,8,31,19,10,2,20,7,12,1,14,3,10,1
S01013069,733,344,267,122,588,278,206,104,145,66,61,18,69,37,27,5,28,14,11,3,18,5,12,1,30,10,11,9
S01013070,560,296,197,67,461,236,161,64,99,60,36,3,56,42,14,0,24,10,13,1,11,6,5,0,8,2,4,2
S01013071,750,371,276,103,537,240,210,87,213,131,66,16,97,72,20,5,55,29,23,3,38,18,16,4,23,12,7,4
S01013072,517,211,242,64,509,210,237,62,8,1,5,2,0,0,0,0,3,1,0,2,2,0,2,0,3,0,3,0
S01013073,747,321,307,119,679,302,274,103,68,19,33,16,18,12,3,3,19,1,12,6,14,2,9,3,17,4,9,4
S01013074,711,359,259,93,678,340,247,91,33,19,12,2,11,9,1,1,12,7,5,0,6,2,4,0,4,1,2,1
S01013075,866,469,289,108,811,439,269,103,55,30,20,5,19,11,7,1,8,2,4,2,14,7,6,1,14,10,3,1
S01013076,467,52,185,230,418,42,167,209,49,10,18,21,15,7,2,6,12,3,6,3,11,0,5,6,11,0,5,6
S01013077,717,254,276,187,673,233,261,179,44,21,15,8,9,7,1,1,10,10,0,0,11,1,7,3,14,3,7,4
S01013078,572,237,235,100,540,224,219,97,32,13,16,3,10,4,5,1,6,3,3,0,6,2,3,1,10,4,5,1
S01013079,1052,85,311,656,963,77,278,608,89,8,33,48,24,5,16,3,9,1,3,5,10,0,1,9,46,2,13,31
S01013080,856,144,302,410,759,112,269,378,97,32,33,32,35,17,6,12,28,9,11,8,8,1,5,2,26,5,11,10
S01013081,643,36,235,372,617,35,221,361,26,1,14,11,3,1,1,1,1,0,0,1,4,0,3,1,18,0,10,8
S01013082,830,73,337,420,787,69,309,409,43,4,28,11,6,1,5,0,4,0,2,2,5,0,4,1,28,3,17,8
S01013083,469,32,169,268,435,19,157,259,34,13,12,9,4,1,2,1,15,7,4,4,7,5,2,0,8,0,4,4
S01013084,759,27,274,458,713,22,255,436,46,5,19,22,8,0,6,2,5,1,0,4,4,1,1,2,29,3,12,14
S01013085,527,131,221,175,486,125,194,167,41,6,27,8,11,3,5,3,8,1,7,0,6,1,4,1,16,1,11,4
S01013086,854,193,348,313,720,143,288,289,134,50,60,24,49,28,21,0,35,9,19,7,19,5,10,4,31,8,10,13
S01013087,771,48,235,488,674,26,194,454,97,22,41,34,23,17,3,3,21,4,11,6,17,0,14,3,36,1,13,22
S01013088,927,24,241,662,867,17,220,630,60,7,21,32,8,4,4,0,8,0,5,3,4,0,2,2,40,3,10,27
S01013089,749,154,371,224,681,128,337,216,68,26,34,8,20,12,8,0,11,4,5,2,21,6,13,2,16,4,8,4
S01013090,789,212,344,233,662,145,292,225,127,67,52,8,63,40,20,3,37,19,17,1,9,4,4,1,18,4,11,3
S01013091,461,157,228,76,356,102,186,68,105,55,42,8,56,34,17,5,27,7,19,1,12,7,4,1,10,7,2,1
S01013092,893,223,411,259,789,181,362,246,104,42,49,13,45,22,23,0,23,9,11,3,17,5,8,4,19,6,7,6
S01013093,470,43,155,272,436,38,141,257,34,5,14,15,2,0,1,1,6,2,2,2,1,0,0,1,25,3,11,11
S01013094,602,12,154,436,587,12,152,423,15,0,2,13,0,0,0,0,1,0,0,1,1,0,1,0,13,0,1,12
S01013095,889,17,161,711,838,9,147,682,51,8,14,29,7,3,4,0,9,3,3,3,0,0,0,0,35,2,7,26
S01013096,469,86,223,160,431,70,206,155,38,16,17,5,12,11,1,0,0,0,0,0,7,1,3,3,19,4,13,2
S01013097,620,17,149,454,584,10,147,427,36,7,2,27,3,2,0,1,4,2,0,2,0,0,0,0,29,3,2,24
S01013098,708,10,89,609,676,10,87,579,32,0,2,30,2,0,0,2,1,0,0,1,7,0,0,7,22,0,2,20
S01013099,854,143,395,316,779,126,365,288,75,17,30,28,21,8,12,1,8,3,2,3,6,0,3,3,40,6,13,21
S01013100,620,16,153,451,577,12,139,426,43,4,14,25,9,1,3,5,2,0,1,1,7,1,1,5,25,2,9,14
S01013101,993,242,449,302,960,236,433,291,33,6,16,11,0,0,0,0,4,2,1,1,6,1,3,2,23,3,12,8
S01013102,603,68,226,309,565,58,212,295,38,10,14,14,0,0,0,0,7,0,6,1,9,6,0,3,22,4,8,10
S01013103,863,9,267,587,836,6,257,573,27,3,10,14,0,0,0,0,0,0,0,0,8,2,2,4,19,1,8,10
S01013104,984,40,340,604,944,38,326,580,40,2,14,24,0,0,0,0,6,1,3,2,3,0,1,2,31,1,10,20
S01013105,889,61,274,554,843,58,262,523,46,3,12,31,2,0,0,2,8,0,4,4,1,0,0,1,35,3,8,24
S01013106,811,92,308,411,781,90,297,394,30,2,11,17,3,0,2,1,4,0,3,1,3,0,1,2,20,2,5,13
S01013107,661,19,146,496,643,19,142,482,18,0,4,14,3,0,0,3,1,0,0,1,0,0,0,0,14,0,4,10
S01013108,596,58,227,311,576,57,219,300,20,1,8,11,2,0,0,2,2,0,2,0,1,0,1,0,15,1,5,9
S01013109,1037,30,286,721,978,30,263,685,59,0,23,36,18,0,6,12,5,0,1,4,6,0,3,3,30,0,13,17
S01013110,597,29,144,424,558,29,135,394,39,0,9,30,3,0,3,0,8,0,0,8,10,0,3,7,18,0,3,15
S01013111,447,22,118,307,429,22,117,290,18,0,1,17,0,0,0,0,0,0,0,0,5,0,0,5,13,0,1,12
S01013112,648,70,254,324,622,67,251,304,26,3,3,20,3,0,0,3,8,1,1,6,1,1,0,0,14,1,2,11
S01013113,812,119,340,353,774,113,326,335,38,6,14,18,2,0,0,2,3,0,3,0,5,0,0,5,28,6,11,11
S01013114,776,59,252,465,717,54,237,426,59,5,15,39,8,1,5,2,12,0,2,10,11,1,4,6,28,3,4,21
S01013115,563,107,267,189,518,94,246,178,45,13,21,11,4,4,0,0,14,3,7,4,10,0,5,5,17,6,9,2
S01013116,717,34,290,393,680,32,271,377,37,2,19,16,5,0,1,4,5,0,3,2,7,0,3,4,20,2,12,6
S01013117,602,81,254,267,564,74,239,251,38,7,15,16,9,6,2,1,7,0,2,5,8,0,2,6,14,1,9,4
S01013118,444,18,104,322,423,18,96,309,21,0,8,13,1,0,1,0,5,0,5,0,1,0,1,0,14,0,1,13
S01013119,744,48,252,444,716,45,243,428,28,3,9,16,2,2,0,0,1,0,1,0,5,0,1,4,20,1,7,12
S01013120,909,72,419,418,863,64,401,398,46,8,18,20,9,5,2,2,5,1,1,3,3,0,3,0,29,2,12,15
S01013121,340,43,139,158,317,41,127,149,23,2,12,9,3,0,0,3,3,0,2,1,4,0,3,1,13,2,7,4
S01013122,598,294,226,78,481,247,162,72,117,47,64,6,7,4,3,0,71,24,44,3,20,6,12,2,19,13,5,1
S01013123,767,334,317,116,737,322,305,110,30,12,12,6,4,2,2,0,4,3,0,1,10,2,3,5,12,5,7,0
S01013124,719,186,359,174,694,177,345,172,25,9,14,2,1,1,0,0,3,0,3,0,1,0,0,1,20,8,11,1
S01013125,762,194,362,206,739,193,346,200,23,1,16,6,2,0,2,0,3,0,3,0,2,0,2,0,16,1,9,6
S01013126,743,365,275,103,721,357,264,100,22,8,11,3,0,0,0,0,2,2,0,0,2,1,1,0,18,5,10,3
S01013127,853,459,310,84,813,441,299,73,40,18,11,11,0,0,0,0,2,2,0,0,16,7,3,6,22,9,8,5
S01013128,624,313,264,47,597,299,252,46,27,14,12,1,9,5,4,0,4,3,1,0,4,1,3,0,10,5,4,1
S01013129,1100,336,557,207,1055,324,536,195,45,12,21,12,4,2,2,0,7,1,1,5,3,0,2,1,31,9,16,6
S01013130,710,331,300,79,670,319,283,68,40,12,17,11,3,2,0,1,12,1,4,7,9,2,5,2,16,7,8,1
S01013131,653,232,287,134,629,219,278,132,24,13,9,2,1,1,0,0,3,2,1,0,4,1,3,0,16,9,5,2
S01013132,587,257,227,103,569,249,220,100,18,8,7,3,1,1,0,0,0,0,0,0,3,1,1,1,14,6,6,2
S01013133,756,309,286,161,729,301,270,158,27,8,16,3,2,1,1,0,3,0,3,0,4,2,2,0,18,5,10,3
S01013134,840,222,389,229,813,212,377,224,27,10,12,5,4,1,2,1,1,0,1,0,2,1,1,0,20,8,8,4
S01013135,771,381,291,99,738,369,275,94,33,12,16,5,1,0,0,1,9,3,6,0,4,0,3,1,19,9,7,3
S01013136,928,282,427,219,894,269,412,213,34,13,15,6,0,0,0,0,7,1,6,0,8,5,2,1,19,7,7,5
S01013137,745,236,320,189,714,226,303,185,31,10,17,4,2,2,0,0,4,0,3,1,3,1,2,0,22,7,12,3
S01013138,704,384,239,81,676,373,223,80,28,11,16,1,8,1,7,0,4,2,2,0,5,4,1,0,11,4,6,1
S01013139,878,365,370,143,840,347,358,135,38,18,12,8,2,0,2,0,1,0,0,1,6,1,0,5,29,17,10,2
S01013140,816,349,319,148,791,339,309,143,25,10,10,5,1,0,1,0,4,2,2,0,2,0,1,1,18,8,6,4
S01013141,647,307,211,129,630,304,205,121,17,3,6,8,0,0,0,0,5,0,2,3,4,0,1,3,8,3,3,2
S01013142,863,519,261,83,834,508,252,74,29,11,9,9,3,1,0,2,0,0,0,0,10,2,3,5,16,8,6,2
S01013143,853,278,384,191,823,269,372,182,30,9,12,9,4,1,1,2,1,0,1,0,5,0,3,2,20,8,7,5
S01013144,894,247,457,190,866,239,446,181,28,8,11,9,0,0,0,0,3,1,1,1,6,3,1,2,19,4,9,6
S01013145,704,200,307,197,685,197,302,186,19,3,5,11,1,0,0,1,1,0,1,0,2,0,1,1,15,3,3,9
S01013146,455,151,203,101,448,149,199,100,7,2,4,1,0,0,0,0,0,0,0,0,2,0,2,0,5,2,2,1
S01013147,726,170,303,253,682,153,288,241,44,17,15,12,0,0,0,0,7,2,3,2,17,5,9,3,20,10,3,7
S01013148,757,154,357,246,731,146,341,244,26,8,16,2,1,1,0,0,8,0,7,1,5,1,3,1,12,6,6,0
S01013149,824,243,378,203,803,239,365,199,21,4,13,4,1,1,0,0,0,0,0,0,2,0,2,0,18,3,11,4
S01013150,846,191,426,229,825,189,418,218,21,2,8,11,1,0,0,1,2,1,1,0,3,1,0,2,15,0,7,8
S01013151,566,95,215,256,551,91,210,250,15,4,5,6,0,0,0,0,1,0,1,0,2,0,0,2,12,4,4,4
S01013152,910,189,375,346,886,180,371,335,24,9,4,11,1,0,0,1,6,4,1,1,3,1,0,2,14,4,3,7
S01013153,890,384,350,156,870,376,341,153,20,8,9,3,0,0,0,0,0,0,0,0,2,0,0,2,18,8,9,1
S01013154,979,357,419,203,945,341,405,199,34,16,14,4,4,3,1,0,10,4,4,2,9,5,4,0,11,4,5,2
S01013155,908,450,331,127,839,426,302,111,69,24,29,16,8,1,7,0,18,12,6,0,30,6,11,13,13,5,5,3
S01013156,865,375,337,153,840,361,328,151,25,14,9,2,1,0,0,1,5,0,4,1,8,5,3,0,11,9,2,0
S01013157,983,454,419,110,905,435,376,94,78,19,43,16,5,1,4,0,19,5,11,3,38,9,22,7,16,4,6,6
S01013158,555,17,204,334,542,15,198,329,13,2,6,5,0,0,0,0,2,0,0,2,3,0,3,0,8,2,3,3
S01013159,701,79,282,340,670,73,267,330,31,6,15,10,0,0,0,0,6,2,3,1,4,1,2,1,21,3,10,8
S01013160,728,14,248,466,718,14,245,459,10,0,3,7,0,0,0,0,1,0,0,1,1,0,0,1,8,0,3,5
S01013161,1021,259,452,310,1003,255,446,302,18,4,6,8,0,0,0,0,2,0,2,0,1,0,1,0,15,4,3,8
S01013162,815,276,384,155,799,274,373,152,16,2,11,3,0,0,0,0,2,0,2,0,4,0,1,3,10,2,8,0
S01013163,702,62,282,358,695,62,276,357,7,0,6,1,0,0,0,0,1,0,0,1,0,0,0,0,6,0,6,0
S01013164,1064,253,394,417,1033,248,379,406,31,5,15,11,0,0,0,0,2,0,0,2,10,0,7,3,19,5,8,6
S01013165,883,224,327,332,847,215,306,326,36,9,21,6,6,5,1,0,8,0,7,1,3,0,2,1,19,4,11,4
S01013166,642,418,166,58,624,403,163,58,18,15,3,0,2,2,0,0,2,2,0,0,5,3,2,0,9,8,1,0
S01013167,655,368,204,83,616,351,191,74,39,17,13,9,3,2,0,1,6,0,2,4,15,4,8,3,15,11,3,1
S01013168,891,356,385,150,855,344,364,147,36,12,21,3,4,0,4,0,8,2,6,0,10,2,6,2,14,8,5,1
S01013169,853,347,353,153,828,335,345,148,25,12,8,5,4,0,2,2,2,1,1,0,4,3,0,1,15,8,5,2
S01013170,528,217,212,99,515,211,206,98,13,6,6,1,1,1,0,0,2,1,1,0,1,0,1,0,9,4,4,1
S01013171,679,105,217,357,664,102,214,348,15,3,3,9,0,0,0,0,7,0,2,5,2,0,1,1,6,3,0,3
S01013172,749,163,360,226,730,158,356,216,19,5,4,10,1,0,1,0,0,0,0,0,4,0,1,3,14,5,2,7
S01013173,799,113,352,334,779,112,339,328,20,1,13,6,0,0,0,0,3,0,2,1,3,0,2,1,14,1,9,4
S01013174,793,21,242,530,780,21,237,522,13,0,5,8,0,0,0,0,4,0,0,4,3,0,3,0,6,0,2,4
S01013175,867,87,334,446,847,86,324,437,20,1,10,9,0,0,0,0,1,0,1,0,6,0,4,2,13,1,5,7
S01013176,745,171,356,218,716,160,344,212,29,11,12,6,7,3,2,2,2,1,1,0,5,3,2,0,15,4,7,4
S01013177,617,82,290,245,604,80,280,244,13,2,10,1,0,0,0,0,0,0,0,0,1,1,0,0,12,1,10,1
S01013178,719,115,326,278,704,111,317,276,15,4,9,2,1,0,1,0,2,2,0,0,0,0,0,0,12,2,8,2
S01013179,781,140,312,329,762,136,306,320,19,4,6,9,1,0,0,1,5,3,1,1,2,0,0,2,11,1,5,5
S01013180,434,41,187,206,421,37,181,203,13,4,6,3,0,0,0,0,1,0,0,1,8,4,4,0,4,0,2,2
S01013181,718,102,314,302,700,101,304,295,18,1,10,7,0,0,0,0,0,0,0,0,0,0,0,0,18,1,10,7
S01013182,743,224,343,176,732,221,336,175,11,3,7,1,0,0,0,0,0,0,0,0,1,0,1,0,10,3,6,1
S01013183,834,90,266,478,806,83,250,473,28,7,16,5,2,0,2,0,2,2,0,0,6,1,5,0,18,4,9,5
S01013184,572,287,189,96,560,280,186,94,12,7,3,2,0,0,0,0,0,0,0,0,0,0,0,0,12,7,3,2
S01013185,810,272,399,139,795,264,394,137,15,8,5,2,4,4,0,0,1,0,1,0,2,2,0,0,8,2,4,2
S01013186,673,253,287,133,652,248,275,129,21,5,12,4,5,0,4,1,2,0,2,0,2,0,1,1,12,5,5,2
S01013187,825,290,322,213,815,288,315,212,10,2,7,1,0,0,0,0,0,0,0,0,5,1,4,0,5,1,3,1
S01013188,885,145,332,408,863,139,326,398,22,6,6,10,4,3,1,0,2,2,0,0,0,0,0,0,16,1,5,10
S01013189,618,56,246,316,607,55,239,313,11,1,7,3,2,0,2,0,1,0,1,0,0,0,0,0,8,1,4,3
S01013190,805,196,317,292,788,191,308,289,17,5,9,3,0,0,0,0,0,0,0,0,2,1,0,1,15,4,9,2
S01013191,1055,51,395,609,1032,48,385,599,23,3,10,10,2,2,0,0,5,0,5,0,1,0,1,0,15,1,4,10
S01013192,895,169,401,325,862,163,387,312,33,6,14,13,1,0,0,1,6,3,0,3,7,0,3,4,19,3,11,5
S01013193,649,157,322,170,619,150,309,160,30,7,13,10,1,0,1,0,2,0,2,0,6,3,2,1,21,4,8,9
S01013194,568,160,293,115,549,153,282,114,19,7,11,1,3,3,0,0,2,0,2,0,1,1,0,0,13,3,9,1
S01013195,977,368,396,213,929,352,379,198,48,16,17,15,11,4,3,4,2,0,2,0,9,7,2,0,26,5,10,11
S01013196,626,130,375,121,606,124,363,119,20,6,12,2,0,0,0,0,1,0,1,0,2,0,1,1,17,6,10,1
S01013197,555,102,227,226,536,96,217,223,19,6,10,3,0,0,0,0,4,0,4,0,3,0,3,0,12,6,3,3
S01013198,768,232,314,222,746,229,305,212,22,3,9,10,1,0,1,0,8,0,4,4,3,0,1,2,10,3,3,4
S01013199,897,239,342,316,859,227,330,302,38,12,12,14,4,2,2,0,2,1,1,0,9,3,1,5,23,6,8,9
S01013200,695,198,261,236,676,193,254,229,19,5,7,7,1,0,0,1,3,2,1,0,0,0,0,0,15,3,6,6
S01013201,741,352,264,125,734,350,259,125,7,2,5,0,0,0,0,0,0,0,0,0,1,0,1,0,6,2,4,0
S01013202,552,213,178,161,539,209,175,155,13,4,3,6,0,0,0,0,0,0,0,0,3,1,0,2,10,3,3,4
S01013203,717,257,280,180,692,247,271,174,25,10,9,6,0,0,0,0,3,3,0,0,6,0,6,0,16,7,3,6
S01013204,793,86,350,357,772,82,341,349,21,4,9,8,3,2,0,1,4,0,3,1,3,0,2,1,11,2,4,5
S01013205,629,279,245,105,616,274,239,103,13,5,6,2,1,1,0,0,5,0,5,0,3,1,0,2,4,3,1,0
S01013206,627,214,262,151,609,207,254,148,18,7,8,3,0,0,0,0,0,0,0,0,2,0,2,0,16,7,6,3
S01013207,766,244,300,222,742,234,292,216,24,10,8,6,5,1,3,1,1,1,0,0,5,1,3,1,13,7,2,4
S01013208,919,318,422,179,894,315,404,175,25,3,18,4,0,0,0,0,7,0,7,0,7,0,7,0,11,3,4,4
S01013209,819,225,365,229,805,219,360,226,14,6,5,3,2,2,0,0,1,0,0,1,3,2,0,1,8,2,5,1
S01013210,588,61,246,281,578,60,244,274,10,1,2,7,0,0,0,0,1,0,1,0,0,0,0,0,9,1,1,7
S01013211,859,173,376,310,834,170,359,305,25,3,17,5,2,0,2,0,4,0,4,0,6,1,3,2,13,2,8,3
S01013212,590,3,170,417,567,3,163,401,23,0,7,16,0,0,0,0,1,0,1,0,5,0,0,5,17,0,6,11
S01013213,555,18,179,358,544,16,177,351,11,2,2,7,0,0,0,0,0,0,0,0,2,1,0,1,9,1,2,6
S01013214,438,12,107,319,430,12,105,313,8,0,2,6,0,0,0,0,0,0,0,0,0,0,0,0,8,0,2,6
S01013215,762,145,320,297,740,144,313,283,22,1,7,14,0,0,0,0,4,0,3,1,1,0,0,1,17,1,4,12
S01013216,579,198,236,145,566,193,229,144,13,5,7,1,0,0,0,0,2,1,1,0,1,0,1,0,10,4,5,1
S01013217,676,170,322,184,661,170,312,179,15,0,10,5,0,0,0,0,2,0,1,1,0,0,0,0,13,0,9,4
S01013218,609,252,238,119,599,250,235,114,10,2,3,5,0,0,0,0,3,1,2,0,2,0,1,1,5,1,0,4
S01013219,527,153,250,124,516,152,241,123,11,1,9,1,1,0,1,0,1,0,1,0,2,0,2,0,7,1,5,1
S01013220,696,226,300,170,689,223,296,170,7,3,4,0,2,0,2,0,1,1,0,0,1,1,0,0,3,1,2,0
S01013221,907,225,449,233,878,216,439,223,29,9,10,10,3,0,0,3,4,3,0,1,2,0,1,1,20,6,9,5
S01013222,595,263,217,115,571,254,212,105,24,9,5,10,3,0,1,2,3,0,0,3,7,3,1,3,11,6,3,2
S01013223,1113,396,446,271,1084,388,435,261,29,8,11,10,4,0,2,2,7,2,2,3,5,1,1,3,13,5,6,2
S01013224,814,206,314,294,798,197,310,291,16,9,4,3,0,0,0,0,0,0,0,0,3,3,0,0,13,6,4,3
S01013225,812,231,325,256,787,226,317,244,25,5,8,12,0,0,0,0,3,0,3,0,3,0,3,0,19,5,2,12
S01013226,512,31,221,260,497,31,214,252,15,0,7,8,3,0,3,0,0,0,0,0,0,0,0,0,12,0,4,8
S01013227,703,276,276,151,693,271,274,148,10,5,2,3,1,1,0,0,1,0,0,1,0,0,0,0,8,4,2,2
S01013228,693,248,337,108,677,242,330,105,16,6,7,3,3,3,0,0,2,1,1,0,4,1,3,0,7,1,3,3
S01013229,772,249,362,161,755,244,351,160,17,5,11,1,0,0,0,0,2,1,1,0,3,0,3,0,12,4,7,1
S01013230,654,176,310,168,641,173,300,168,13,3,10,0,0,0,0,0,7,0,7,0,2,0,2,0,4,3,1,0
S01013231,732,191,371,170,712,185,362,165,20,6,9,5,2,1,1,0,0,0,0,0,4,3,0,1,14,2,8,4
S01013232,691,160,340,191,676,158,332,186,15,2,8,5,1,0,1,0,3,0,3,0,0,0,0,0,11,2,4,5
S01013233,579,80,283,216,551,71,271,209,28,9,12,7,5,3,2,0,3,2,0,1,2,0,1,1,18,4,9,5
S01013234,383,17,109,257,363,14,104,245,20,3,5,12,0,0,0,0,0,0,0,0,9,0,1,8,11,3,4,4
S01013235,751,144,314,293,735,140,306,289,16,4,8,4,0,0,0,0,0,0,0,0,5,1,4,0,11,3,4,4
S01013236,864,95,350,419,842,89,348,405,22,6,2,14,2,2,0,0,1,0,0,1,1,0,0,1,18,4,2,12
S01013237,813,146,290,377,790,134,284,372,23,12,6,5,2,1,1,0,2,2,0,0,6,3,1,2,13,6,4,3
S01013238,767,310,335,122,745,302,324,119,22,8,11,3,0,0,0,0,6,0,6,0,2,1,0,1,14,7,5,2
S01013239,885,333,397,155,867,326,390,151,18,7,7,4,2,0,2,0,0,0,0,0,4,2,1,1,12,5,4,3
S01013240,534,212,229,93,514,202,225,87,20,10,4,6,0,0,0,0,4,1,0,3,7,4,1,2,9,5,3,1
S01013241,809,19,256,534,787,18,245,524,22,1,11,10,4,0,3,1,0,0,0,0,3,0,2,1,15,1,6,8
S01013242,590,26,137,427,579,26,134,419,11,0,3,8,0,0,0,0,0,0,0,0,3,0,0,3,8,0,3,5
S01013243,735,162,295,278,683,160,262,261,52,2,33,17,6,0,5,1,27,1,16,10,15,1,10,4,4,0,2,2
S01013244,752,225,329,198,742,225,324,193,10,0,5,5,0,0,0,0,0,0,0,0,2,0,1,1,8,0,4,4
S01013245,1009,129,361,519,989,129,354,506,20,0,7,13,0,0,0,0,1,0,0,1,7,0,4,3,12,0,3,9
S01013246,467,79,149,239,462,79,147,236,5,0,2,3,0,0,0,0,1,0,0,1,0,0,0,0,4,0,2,2
S01013247,741,220,312,209,726,216,306,204,15,4,6,5,0,0,0,0,4,4,0,0,2,0,2,0,9,0,4,5
S01013248,629,195,307,127,613,194,296,123,16,1,11,4,2,0,1,1,6,0,6,0,3,0,2,1,5,1,2,2
S01013249,460,89,178,193,456,89,176,191,4,0,2,2,1,0,0,1,1,0,0,1,0,0,0,0,2,0,2,0
S01013250,864,65,188,611,824,65,182,577,40,0,6,34,2,0,1,1,8,0,1,7,6,0,1,5,24,0,3,21
S01013251,780,226,327,227,754,224,309,221,26,2,18,6,1,0,1,0,11,0,11,0,2,1,1,0,12,1,5,6
S01013252,680,122,257,301,656,117,247,292,24,5,10,9,1,1,0,0,6,2,3,1,4,1,2,1,13,1,5,7
S01013253,708,103,289,316,690,102,287,301,18,1,2,15,0,0,0,0,1,0,1,0,7,0,0,7,10,1,1,8
S01013254,633,154,298,181,615,153,287,175,18,1,11,6,0,0,0,0,2,0,2,0,5,0,3,2,11,1,6,4
S01013255,840,142,335,363,809,142,315,352,31,0,20,11,3,0,0,3,5,0,5,0,5,0,4,1,18,0,11,7
S01013256,710,109,282,319,687,104,273,310,23,5,9,9,0,0,0,0,0,0,0,0,3,0,2,1,20,5,7,8
S01013257,803,190,339,274,779,188,323,268,24,2,16,6,3,0,3,0,7,0,4,3,3,0,3,0,11,2,6,3
S01013258,759,62,309,388,734,59,299,376,25,3,10,12,3,1,0,2,3,0,1,2,5,1,2,2,14,1,7,6
S01013259,841,166,370,305,820,163,362,295,21,3,8,10,2,1,1,0,6,0,0,6,0,0,0,0,13,2,7,4
S01013260,887,255,347,285,867,251,339,277,20,4,8,8,0,0,0,0,1,0,1,0,7,0,5,2,12,4,2,6
S01013261,812,192,379,241,799,191,370,238,13,1,9,3,0,0,0,0,3,0,3,0,1,0,1,0,9,1,5,3
S01013262,642,113,291,238,611,105,280,226,31,8,11,12,2,2,0,0,16,4,6,6,5,0,1,4,8,2,4,2
S01013263,557,14,139,404,539,14,137,388,18,0,2,16,0,0,0,0,2,0,1,1,7,0,0,7,9,0,1,8
S01013264,524,2,131,391,502,2,122,378,22,0,9,13,2,0,2,0,2,0,0,2,6,0,4,2,12,0,3,9
S01013265,675,12,90,573,610,12,79,519,65,0,11,54,1,0,0,1,4,0,0,4,18,0,2,16,42,0,9,33
S01013266,566,13,161,392,539,12,151,376,27,1,10,16,0,0,0,0,4,1,3,0,12,0,2,10,11,0,5,6
S01013267,544,106,253,185,524,105,248,171,20,1,5,14,0,0,0,0,5,0,0,5,4,0,2,2,11,1,3,7
S01013268,839,147,378,314,790,139,355,296,49,8,23,18,7,4,2,1,5,1,2,2,14,0,4,10,23,3,15,5
S01013269,949,46,346,557,857,27,300,530,92,19,46,27,17,11,6,0,23,6,14,3,20,0,10,10,32,2,16,14
S01013270,829,10,174,645,788,10,164,614,41,0,10,31,2,0,1,1,4,0,4,0,12,0,2,10,23,0,3,20
S01013271,597,6,146,445,563,6,135,422,34,0,11,23,6,0,5,1,2,0,0,2,6,0,1,5,20,0,5,15
S01013272,777,16,154,607,753,15,149,589,24,1,5,18,0,0,0,0,2,0,1,1,2,0,1,1,20,1,3,16
S01013273,939,11,204,724,882,6,193,683,57,5,11,41,4,4,0,0,4,0,0,4,7,0,2,5,42,1,9,32
S01013274,793,68,279,446,758,59,270,429,35,9,9,17,2,2,0,0,8,1,3,4,2,1,1,0,23,5,5,13
S01013275,671,41,256,374,628,33,241,354,43,8,15,20,3,0,1,2,10,7,2,1,9,0,4,5,21,1,8,12
S01013276,611,30,206,375,592,30,197,365,19,0,9,10,1,0,0,1,2,0,2,0,2,0,1,1,14,0,6,8
S01013277,889,205,403,281,823,186,372,265,66,19,31,16,6,5,1,0,26,8,14,4,11,3,7,1,23,3,9,11
S01013278,781,239,368,174,732,238,336,158,49,1,32,16,5,0,3,2,12,0,9,3,8,0,5,3,24,1,15,8
S01013279,740,250,333,157,679,231,305,143,61,19,28,14,5,3,2,0,18,6,9,3,15,5,9,1,23,5,8,10
S01013280,585,73,285,227,525,66,258,201,60,7,27,26,3,1,0,2,22,5,9,8,15,0,9,6,20,1,9,10
S01013281,963,245,424,294,883,230,385,268,80,15,39,26,10,4,5,1,21,3,10,8,20,3,6,11,29,5,18,6
S01013282,827,270,370,187,756,257,325,174,71,13,45,13,14,5,5,4,21,1,18,2,7,0,5,2,29,7,17,5
S01013283,642,191,324,127,504,142,255,107,138,49,69,20,46,21,25,0,50,14,25,11,24,10,9,5,18,4,10,4
S01013284,651,62,267,322,620,61,249,310,31,1,18,12,0,0,0,0,8,0,7,1,5,0,3,2,18,1,8,9
S01013285,656,55,302,299,626,51,290,285,30,4,12,14,10,3,6,1,3,0,0,3,3,0,1,2,14,1,5,8
S01013286,667,36,304,327,636,32,286,318,31,4,18,9,3,0,3,0,8,3,3,2,4,1,2,1,16,0,10,6
S01013287,784,24,234,526,760,24,229,507,24,0,5,19,0,0,0,0,3,0,3,0,0,0,0,0,21,0,2,19
S01013288,660,124,243,293,640,121,238,281,20,3,5,12,1,0,0,1,6,1,2,3,2,0,0,2,11,2,3,6
S01013289,760,24,231,505,708,22,213,473,52,2,18,32,2,0,1,1,3,1,0,2,10,1,3,6,37,0,14,23
S01013290,911,63,381,467,856,60,361,435,55,3,20,32,3,0,2,1,10,0,7,3,9,0,3,6,33,3,8,22
S01013291,724,42,268,414,693,40,262,391,31,2,6,23,1,0,1,0,0,0,0,0,10,0,0,10,20,2,5,13
S01013292,723,46,287,390,702,46,276,380,21,0,11,10,0,0,0,0,2,0,2,0,2,0,1,1,17,0,8,9
S01013293,714,16,250,448,694,16,247,431,20,0,3,17,0,0,0,0,3,0,0,3,3,0,2,1,14,0,1,13
S01013294,729,59,327,343,701,58,313,330,28,1,14,13,0,0,0,0,3,0,2,1,9,0,3,6,16,1,9,6
S01013295,746,59,328,359,715,58,310,347,31,1,18,12,2,0,2,0,4,0,2,2,1,0,1,0,24,1,13,10
S01013296,712,176,319,217,688,174,305,209,24,2,14,8,2,0,0,2,3,0,0,3,2,0,1,1,17,2,13,2
S01013297,688,125,317,246,655,116,300,239,33,9,17,7,1,1,0,0,6,1,3,2,7,3,3,1,19,4,11,4
S01013298,668,105,287,276,640,104,277,259,28,1,10,17,8,0,5,3,4,0,1,3,2,0,1,1,14,1,3,10
S01013299,1019,177,388,454,990,170,375,445,29,7,13,9,2,0,1,1,4,1,0,3,7,2,4,1,16,4,8,4
S01013300,552,115,244,193,519,109,233,177,33,6,11,16,5,5,0,0,5,0,3,2,6,0,3,3,17,1,5,11
S01013301,481,129,174,178,462,120,167,175,19,9,7,3,3,0,3,0,7,5,2,0,5,2,1,2,4,2,1,1
S01013302,614,54,254,306,588,53,239,296,26,1,15,10,4,0,3,1,7,0,5,2,5,0,4,1,10,1,3,6
S01013303,881,135,351,395,815,117,333,365,66,18,18,30,17,8,1,8,19,6,2,11,3,0,1,2,27,4,14,9
S01013304,929,307,430,192,842,287,383,172,87,20,47,20,17,5,11,1,40,8,22,10,21,4,9,8,9,3,5,1
S01013305,952,317,449,186,814,282,384,148,138,35,65,38,31,8,15,8,51,18,19,14,33,5,18,10,23,4,13,6
S01013306,920,478,319,123,862,458,289,115,58,20,30,8,15,5,9,1,11,6,5,0,8,2,4,2,24,7,12,5
S01013307,1047,399,433,215,878,361,344,173,169,38,89,42,32,9,15,8,69,10,44,15,40,10,15,15,28,9,15,4
S01013308,943,329,446,168,882,319,405,158,61,10,41,10,8,4,4,0,21,3,14,4,17,1,13,3,15,2,10,3
S01013309,618,81,224,313,564,74,196,294,54,7,28,19,13,3,2,8,14,1,11,2,7,0,7,0,20,3,8,9
S01013310,649,135,304,210,603,130,281,192,46,5,23,18,7,1,5,1,14,1,6,7,18,2,10,6,7,1,2,4
S01013311,801,190,416,195,763,187,384,192,38,3,32,3,4,1,3,0,12,0,10,2,9,2,7,0,13,0,12,1
S01013312,1042,250,498,294,945,220,456,269,97,30,42,25,20,6,10,4,33,10,19,4,14,3,5,6,30,11,8,11
S01013313,692,134,397,161,596,127,344,125,96,7,53,36,12,1,10,1,47,3,24,20,15,0,7,8,22,3,12,7
S01013314,670,157,369,144,612,137,346,129,58,20,23,15,7,4,1,2,20,7,7,6,9,3,3,3,22,6,12,4
S01013315,567,11,119,437,528,7,108,413,39,4,11,24,3,2,1,0,8,2,5,1,6,0,1,5,22,0,4,18
S01013316,663,69,203,391,644,64,200,380,19,5,3,11,0,0,0,0,3,2,0,1,1,0,0,1,15,3,3,9
S01013317,521,44,219,258,505,44,205,256,16,0,14,2,1,0,1,0,2,0,2,0,9,0,9,0,4,0,2,2
S01013318,612,43,211,358,559,38,184,337,53,5,27,21,6,1,4,1,18,2,15,1,11,1,4,6,18,1,4,13
S01013319,570,47,184,339,531,44,170,317,39,3,14,22,3,1,1,1,7,0,2,5,7,0,4,3,22,2,7,13
S01013320,1040,52,346,642,929,33,300,596,111,19,46,46,20,9,9,2,31,5,13,13,29,4,15,10,31,1,9,21
S01013321,423,105,206,112,400,96,196,108,23,9,10,4,2,2,0,0,6,3,0,3,3,1,2,0,12,3,8,1
S01013322,724,86,283,355,691,83,268,340,33,3,15,15,3,1,2,0,5,0,5,0,7,2,4,1,18,0,4,14
S01013323,947,221,458,268,871,205,426,240,76,16,32,28,10,6,1,3,19,5,7,7,22,3,11,8,25,2,13,10
S01013324,649,206,310,133,585,194,276,115,64,12,34,18,11,1,10,0,8,4,3,1,17,2,8,7,28,5,13,10
S01013325,905,256,420,229,862,238,406,218,43,18,14,11,5,1,4,0,15,7,4,4,11,8,1,2,12,2,5,5
S01013326,541,195,203,143,486,182,176,128,55,13,27,15,7,0,5,2,18,7,6,5,10,1,5,4,20,5,11,4
S01013327,697,191,326,180,648,185,296,167,49,6,30,13,6,2,4,0,21,1,17,3,10,0,2,8,12,3,7,2
S01013328,652,206,345,101,614,201,321,92,38,5,24,9,3,0,2,1,6,0,3,3,11,0,11,0,18,5,8,5
S01013329,538,139,253,146,510,135,238,137,28,4,15,9,7,0,4,3,10,1,5,4,2,0,1,1,9,3,5,1
S01013330,1051,123,452,476,941,111,392,438,110,12,60,38,15,3,8,4,38,5,28,5,24,4,12,8,33,0,12,21
S01013331,647,84,289,274,524,57,230,237,123,27,59,37,20,11,7,2,35,7,20,8,28,5,13,10,40,4,19,17
S01013332,673,118,322,233,636,115,298,223,37,3,24,10,8,1,6,1,8,0,8,0,1,0,1,0,20,2,9,9
S01013333,826,74,330,422,765,69,301,395,61,5,29,27,10,3,4,3,7,0,5,2,13,0,7,6,31,2,13,16
S01013334,784,252,383,149,737,238,358,141,47,14,25,8,14,11,3,0,9,2,6,1,8,0,7,1,16,1,9,6
S01013335,825,297,364,164,764,287,332,145,61,10,32,19,7,0,1,6,19,1,16,2,10,5,3,2,25,4,12,9
S01013336,863,260,331,272,796,256,309,231,67,4,22,41,8,0,1,7,25,0,6,19,14,0,6,8,20,4,9,7
S01013337,950,76,312,562,871,68,284,519,79,8,28,43,10,3,0,7,15,2,8,5,13,2,9,2,41,1,11,29
S01013338,588,5,129,454,525,2,111,412,63,3,18,42,13,0,10,3,12,0,2,10,5,0,0,5,33,3,6,24
S01013339,584,48,232,304,540,43,206,291,44,5,26,13,7,2,4,1,15,1,12,2,10,1,3,6,12,1,7,4
S01013340,805,57,274,474,757,48,256,453,48,9,18,21,4,2,2,0,3,2,1,0,7,0,4,3,34,5,11,18
S01013341,898,29,307,562,822,24,283,515,76,5,24,47,7,2,3,2,12,2,4,6,15,0,4,11,42,1,13,28
S01013342,644,201,308,135,614,195,291,128,30,6,17,7,0,0,0,0,8,1,4,3,13,2,8,3,9,3,5,1
S01013343,673,111,290,272,625,107,262,256,48,4,28,16,2,1,1,0,10,1,3,6,19,0,18,1,17,2,6,9
S01013344,792,253,340,199,766,250,330,186,26,3,10,13,3,0,0,3,1,0,0,1,9,0,4,5,13,3,6,4
S01013345,762,202,390,170,697,189,354,154,65,13,36,16,23,7,11,5,17,1,10,6,6,1,5,0,19,4,10,5
S01013346,881,40,369,472,803,32,326,445,78,8,43,27,6,1,1,4,17,5,11,1,14,0,10,4,41,2,21,18
S01013347,700,70,305,325,641,64,280,297,59,6,25,28,9,0,6,3,21,3,7,11,11,0,7,4,18,3,5,10
S01013348,470,10,172,288,446,9,153,284,24,1,19,4,1,0,1,0,7,0,7,0,4,0,3,1,12,1,8,3
S01013349,785,185,370,230,606,135,271,200,179,50,99,30,61,29,25,7,63,14,42,7,27,5,17,5,28,2,15,11
S01013350,662,184,263,215,619,177,245,197,43,7,18,18,3,1,1,1,13,2,4,7,13,3,8,2,14,1,5,8
S01013351,784,138,367,279,719,134,328,257,65,4,39,22,10,0,7,3,21,0,15,6,12,0,7,5,22,4,10,8
S01013352,897,131,409,357,847,122,388,337,50,9,21,20,5,0,4,1,9,1,2,6,14,3,9,2,22,5,6,11
S01013353,669,183,297,189,636,172,286,178,33,11,11,11,5,3,2,0,3,1,1,1,4,1,2,1,21,6,6,9
S01013354,727,67,265,395,694,60,254,380,33,7,11,15,0,0,0,0,8,2,5,1,8,3,3,2,17,2,3,12
S01013355,653,97,237,319,644,97,234,313,9,0,3,6,0,0,0,0,1,0,0,1,2,0,1,1,6,0,2,4
S01013356,754,206,305,243,718,200,285,233,36,6,20,10,3,0,3,0,11,0,10,1,9,2,4,3,13,4,3,6
S01013357,827,109,322,396,781,104,296,381,46,5,26,15,0,0,0,0,17,3,11,3,13,1,7,5,16,1,8,7
S01013358,811,152,341,318,773,150,319,304,38,2,22,14,5,0,5,0,12,0,9,3,9,0,3,6,12,2,5,5
S01013359,621,204,263,154,586,194,243,149,35,10,20,5,1,0,0,1,8,4,4,0,15,3,10,2,11,3,6,2
S01013360,687,184,295,208,667,177,284,206,20,7,11,2,5,0,5,0,3,0,3,0,3,2,1,0,9,5,2,2
S01013361,545,174,235,136,528,172,227,129,17,2,8,7,1,0,0,1,3,0,1,2,6,2,2,2,7,0,5,2
S01013362,494,130,230,134,471,126,216,129,23,4,14,5,0,0,0,0,12,0,11,1,2,0,0,2,9,4,3,2
S01013363,753,290,343,120,714,278,324,112,39,12,19,8,11,3,6,2,13,2,7,4,7,3,3,1,8,4,3,1
S01013364,903,97,310,496,880,95,304,481,23,2,6,15,0,0,0,0,6,0,2,4,5,0,2,3,12,2,2,8
S01013365,779,63,310,406,746,60,297,389,33,3,13,17,5,2,3,0,9,0,8,1,6,1,0,5,13,0,2,11
S01013366,888,78,298,512,871,77,294,500,17,1,4,12,0,0,0,0,2,0,0,2,4,0,1,3,11,1,3,7
S01013367,584,24,128,432,557,24,116,417,27,0,12,15,1,0,0,1,3,0,2,1,6,0,6,0,17,0,4,13
S01013368,719,107,239,373,708,107,237,364,11,0,2,9,0,0,0,0,3,0,0,3,1,0,0,1,7,0,2,5
S01013369,911,300,388,223,895,298,382,215,16,2,6,8,1,0,0,1,5,2,0,3,5,0,3,2,5,0,3,2
S01013370,582,177,281,124,559,170,269,120,23,7,12,4,3,1,2,0,9,1,5,3,3,1,1,1,8,4,4,0
S01013371,661,169,299,193,648,166,294,188,13,3,5,5,0,0,0,0,0,0,0,0,0,0,0,0,13,3,5,5
S01013372,1094,381,460,253,1060,372,447,241,34,9,13,12,4,0,4,0,12,1,6,5,10,5,2,3,8,3,1,4
S01013373,925,252,442,231,914,249,439,226,11,3,3,5,0,0,0,0,1,0,0,1,0,0,0,0,10,3,3,4
S01013374,959,430,387,142,938,425,376,137,21,5,11,5,0,0,0,0,5,1,1,3,6,0,5,1,10,4,5,1
S01013375,574,160,248,166,552,152,241,159,22,8,7,7,11,7,4,0,4,0,1,3,4,1,0,3,3,0,2,1
S01013376,594,152,264,178,582,148,262,172,12,4,2,6,4,4,0,0,0,0,0,0,2,0,0,2,6,0,2,4
S01013377,772,264,280,228,756,259,275,222,16,5,5,6,1,0,1,0,9,4,1,4,4,1,2,1,2,0,1,1
S01013378,973,206,343,424,950,204,331,415,23,2,12,9,0,0,0,0,3,0,2,1,3,0,3,0,17,2,7,8
S01013379,826,134,326,366,794,131,312,351,32,3,14,15,4,0,4,0,4,2,2,0,3,0,2,1,21,1,6,14
S01013380,108,10,13,85,107,10,13,84,1,0,0,1,0,0,0,0,0,0,0,0,0,0,0,0,1,0,0,1
S01013381,489,74,216,199,475,74,211,190,14,0,5,9,0,0,0,0,4,0,3,1,7,0,0,7,3,0,2,1
S01013382,553,62,254,237,516,52,244,220,37,10,10,17,0,0,0,0,9,5,3,1,15,5,3,7,13,0,4,9
S01013383,679,213,328,138,662,209,317,136,17,4,11,2,0,0,0,0,4,0,4,0,4,1,2,1,9,3,5,1
S01013384,745,151,333,261,721,149,314,258,24,2,19,3,6,0,6,0,6,1,3,2,1,0,1,0,11,1,9,1
S01013385,480,55,198,227,469,55,197,217,11,0,1,10,0,0,0,0,4,0,0,4,4,0,0,4,3,0,1,2
S01013386,855,64,271,520,842,63,269,510,13,1,2,10,1,0,1,0,2,1,0,1,0,0,0,0,10,0,1,9
S01013387,612,151,268,193,600,148,263,189,12,3,5,4,0,0,0,0,2,0,2,0,1,0,1,0,9,3,2,4
S01013388,737,179,310,248,725,178,301,246,12,1,9,2,2,1,1,0,1,0,1,0,2,0,2,0,7,0,5,2
S01013389,757,115,357,285,749,113,355,281,8,2,2,4,0,0,0,0,1,0,0,1,2,1,1,0,5,1,1,3
S01013390,459,89,226,144,453,89,222,142,6,0,4,2,1,0,1,0,0,0,0,0,1,0,1,0,4,0,2,2
S01013391,435,54,164,217,427,54,159,214,8,0,5,3,3,0,3,0,2,0,1,1,1,0,0,1,2,0,1,1
S01013392,761,15,204,542,729,14,194,521,32,1,10,21,0,0,0,0,8,0,4,4,12,1,4,7,12,0,2,10
S01013393,713,154,300,259,683,151,290,242,30,3,10,17,0,0,0,0,5,1,1,3,18,0,8,10,7,2,1,4
S01013394,680,178,278,224,645,172,265,208,35,6,13,16,1,0,0,1,10,2,8,0,6,2,2,2,18,2,3,13
S01013395,728,370,279,79,689,357,258,74,39,13,21,5,3,0,3,0,14,7,7,0,12,3,5,4,10,3,6,1
S01013396,689,26,174,489,642,24,152,466,47,2,22,23,3,0,3,0,6,0,6,0,19,0,11,8,19,2,2,15
S01013397,858,163,292,403,815,154,277,384,43,9,15,19,6,4,1,1,9,3,2,4,15,2,9,4,13,0,3,10
S01013398,612,9,124,479,570,6,121,443,42,3,3,36,5,3,0,2,9,0,0,9,8,0,0,8,20,0,3,17
S01013399,1032,76,331,625,990,73,317,600,42,3,14,25,4,2,1,1,10,1,1,8,17,0,11,6,11,0,1,10
S01013400,637,144,241,252,605,141,226,238,32,3,15,14,2,0,2,0,16,0,6,10,2,1,1,0,12,2,6,4
S01013401,805,51,257,497,748,47,230,471,57,4,27,26,1,0,1,0,17,0,13,4,15,1,8,6,24,3,5,16
S01013402,1057,72,359,626,949,67,321,561,108,5,38,65,4,0,0,4,47,3,21,23,22,1,7,14,35,1,10,24
S01013403,889,56,267,566,826,53,252,521,63,3,15,45,8,0,2,6,10,0,2,8,23,1,5,17,22,2,6,14
S01013404,595,64,248,283,550,56,229,265,45,8,19,18,8,4,1,3,18,3,8,7,5,0,2,3,14,1,8,5
S01013405,663,146,308,209,600,126,277,197,63,20,31,12,10,9,0,1,21,7,12,2,13,1,10,2,19,3,9,7
S01013406,612,176,291,145,565,162,263,140,47,14,28,5,7,3,4,0,20,5,13,2,11,2,7,2,9,4,4,1
S01013407,534,143,241,150,487,137,221,129,47,6,20,21,3,0,3,0,15,1,5,9,15,3,5,7,14,2,7,5
S01013408,658,234,284,140,604,224,258,122,54,10,26,18,13,1,7,5,20,4,12,4,10,2,6,2,11,3,1,7
S01013409,1052,182,373,497,977,168,343,466,75,14,30,31,15,5,6,4,23,4,10,9,18,2,8,8,19,3,6,10
S01013410,687,207,339,141,636,197,301,138,51,10,38,3,7,5,1,1,15,4,11,0,21,0,20,1,8,1,6,1
S01013411,723,142,246,335,644,119,231,294,79,23,15,41,23,11,2,10,22,7,3,12,14,4,1,9,20,1,9,10
S01013412,797,161,279,357,751,147,262,342,46,14,17,15,10,7,1,2,13,5,4,4,10,1,4,5,13,1,8,4
S01013413,776,93,242,441,759,90,232,437,17,3,10,4,1,0,1,0,2,0,2,0,3,0,3,0,11,3,4,4
S01013414,825,275,348,202,742,240,309,193,83,35,39,9,16,11,5,0,42,14,23,5,13,4,7,2,12,6,4,2
S01013415,649,287,286,76,619,279,266,74,30,8,20,2,9,3,5,1,5,1,4,0,10,3,7,0,6,1,4,1
S01013416,576,165,265,146,529,141,257,131,47,24,8,15,11,10,0,1,8,1,1,6,12,7,0,5,16,6,7,3
S01013417,812,261,325,226,715,212,282,221,97,49,43,5,21,11,10,0,37,27,9,1,25,7,18,0,14,4,6,4
S01013418,642,108,246,288,613,107,230,276,29,1,16,12,8,0,8,0,8,0,3,5,3,0,3,0,10,1,2,7
S01013419,468,23,151,294,455,23,146,286,13,0,5,8,0,0,0,0,0,0,0,0,5,0,1,4,8,0,4,4
S01013420,565,93,271,201,546,92,261,193,19,1,10,8,2,0,2,0,7,0,4,3,3,0,2,1,7,1,2,4
S01013421,804,29,266,509,765,28,253,484,39,1,13,25,1,0,0,1,9,0,4,5,12,0,6,6,17,1,3,13
S01013422,724,122,334,268,699,121,323,255,25,1,11,13,3,0,1,2,1,0,0,1,12,0,6,6,9,1,4,4
S01013423,820,92,292,436,791,89,275,427,29,3,17,9,3,0,3,0,5,2,2,1,12,0,6,6,9,1,6,2
S01013424,494,24,156,314,476,23,150,303,18,1,6,11,1,0,0,1,4,0,0,4,6,0,4,2,7,1,2,4
S01013425,429,72,171,186,412,72,155,185,17,0,16,1,8,0,8,0,4,0,4,0,3,0,2,1,2,0,2,0
S01013426,826,175,371,280,798,174,364,260,28,1,7,20,5,0,1,4,10,1,0,9,6,0,3,3,7,0,3,4
S01013427,452,21,93,338,439,20,88,331,13,1,5,7,0,0,0,0,4,1,3,0,2,0,1,1,7,0,1,6
S01013428,944,186,389,369,886,179,368,339,58,7,21,30,15,1,11,3,22,3,7,12,7,1,1,5,14,2,2,10
S01013429,681,85,309,287,648,83,295,270,33,2,14,17,0,0,0,0,14,0,6,8,8,1,4,3,11,1,4,6
S01013430,693,74,239,380,674,72,229,373,19,2,10,7,0,0,0,0,2,0,1,1,5,1,4,0,12,1,5,6
S01013431,683,150,263,270,666,149,252,265,17,1,11,5,3,0,3,0,3,1,2,0,6,0,5,1,5,0,1,4
S01013432,703,54,265,384,682,53,257,372,21,1,8,12,0,0,0,0,1,0,0,1,7,0,1,6,13,1,7,5
S01013433,746,52,218,476,723,51,211,461,23,1,7,15,0,0,0,0,0,0,0,0,7,0,3,4,16,1,4,11
S01013434,534,22,101,411,500,18,90,392,34,4,11,19,2,0,2,0,1,0,0,1,3,0,0,3,28,4,9,15
S01013435,664,12,137,515,628,11,124,493,36,1,13,22,0,0,0,0,4,0,3,1,5,1,3,1,27,0,7,20
S01013436,884,110,386,388,855,109,372,374,29,1,14,14,0,0,0,0,7,0,6,1,2,0,1,1,20,1,7,12
S01013437,645,113,320,212,606,111,297,198,39,2,23,14,3,0,3,0,6,0,4,2,12,1,5,6,18,1,11,6
S01013438,575,149,280,146,537,140,256,141,38,9,24,5,6,1,5,0,10,1,8,1,8,3,4,1,14,4,7,3
S01013439,899,43,339,517,854,36,324,494,45,7,15,23,5,0,4,1,9,0,5,4,5,4,0,1,26,3,6,17
S01013440,1012,23,353,636,981,22,333,626,31,1,20,10,0,0,0,0,8,0,8,0,3,0,3,0,20,1,9,10
S01013441,745,50,346,349,703,43,328,332,42,7,18,17,0,0,0,0,4,1,1,2,11,2,8,1,27,4,9,14
S01013442,785,69,342,374,744,66,321,357,41,3,21,17,2,0,1,1,7,1,3,3,11,1,7,3,21,1,10,10
S01013443,635,70,275,290,605,67,259,279,30,3,16,11,5,1,4,0,11,0,7,4,4,1,2,1,10,1,3,6
S01013444,928,286,402,240,842,263,358,221,86,23,44,19,10,5,3,2,20,1,10,9,13,3,9,1,43,14,22,7
S01013445,624,49,187,388,604,47,184,373,20,2,3,15,0,0,0,0,1,0,0,1,5,0,0,5,14,2,3,9
S01013446,713,115,315,283,682,110,304,268,31,5,11,15,0,0,0,0,2,0,1,1,3,1,1,1,26,4,9,13
S01013447,645,7,178,460,611,6,169,436,34,1,9,24,1,0,1,0,7,0,3,4,1,0,1,0,25,1,4,20
S01013448,798,95,388,315,758,87,369,302,40,8,19,13,3,0,3,0,8,4,4,0,3,0,1,2,26,4,11,11
S01013449,640,40,262,338,608,34,249,325,32,6,13,13,4,3,1,0,3,0,2,1,1,0,1,0,24,3,9,12
S01013450,588,24,267,297,554,20,248,286,34,4,19,11,3,1,1,1,10,2,5,3,9,1,4,4,12,0,9,3
S01013451,871,19,252,600,831,17,237,577,40,2,15,23,2,0,2,0,1,0,1,0,9,0,3,6,28,2,9,17
S01013452,779,51,192,536,745,48,176,521,34,3,16,15,3,0,3,0,2,1,0,1,9,1,4,4,20,1,9,10
S01013453,772,209,345,218,744,206,334,204,28,3,11,14,1,0,0,1,4,0,0,4,9,0,6,3,14,3,5,6
S01013454,753,54,230,469,727,51,219,457,26,3,11,12,1,0,0,1,4,2,2,0,6,0,5,1,15,1,4,10
S01013455,560,59,217,284,522,56,209,257,38,3,8,27,10,1,2,7,9,0,0,9,2,0,0,2,17,2,6,9
S01013456,772,160,310,302,746,151,302,293,26,9,8,9,1,1,0,0,5,1,2,2,6,3,2,1,14,4,4,6
S01013457,909,196,457,256,887,194,442,251,22,2,15,5,0,0,0,0,2,1,0,1,9,0,5,4,11,1,10,0
S01013458,711,114,291,306,668,104,272,292,43,10,19,14,8,4,0,4,3,2,1,0,5,2,3,0,27,2,15,10
S01013459,797,224,372,201,734,202,341,191,63,22,31,10,5,4,1,0,18,7,7,4,18,5,11,2,22,6,12,4
S01013460,849,145,397,307,816,136,383,297,33,9,14,10,2,0,1,1,8,1,5,2,8,3,4,1,15,5,4,6
S01013461,1098,233,430,435,1018,214,393,411,80,19,37,24,12,3,8,1,15,5,9,1,21,7,8,6,32,4,12,16
S01013462,830,82,322,426,776,66,298,412,54,16,24,14,4,3,1,0,15,3,11,1,10,6,3,1,25,4,9,12
S01013463,590,104,288,198,524,93,264,167,66,11,24,31,9,4,1,4,18,4,8,6,26,1,10,15,13,2,5,6
S01013464,698,59,298,341,665,52,277,336,33,7,21,5,5,3,1,1,8,2,6,0,3,0,3,0,17,2,11,4
S01013465,669,115,335,219,644,106,319,219,25,9,16,0,6,2,4,0,2,0,2,0,2,1,1,0,15,6,9,0
S01013466,295,18,58,219,276,18,57,201,19,0,1,18,11,0,1,10,1,0,0,1,1,0,0,1,6,0,0,6
S01013467,950,63,315,572,904,61,293,550,46,2,22,22,5,2,2,1,3,0,3,0,14,0,8,6,24,0,9,15
S01013468,597,136,216,245,575,134,203,238,22,2,13,7,2,0,2,0,2,2,0,0,4,0,4,0,14,0,7,7
S01013469,744,89,302,353,712,84,290,338,32,5,12,15,4,0,2,2,6,2,1,3,8,0,3,5,14,3,6,5
S01013470,742,217,282,243,678,204,251,223,64,13,31,20,8,3,0,5,29,5,17,7,16,3,11,2,11,2,3,6
S01013471,935,213,458,264,895,208,433,254,40,5,25,10,5,0,4,1,13,3,10,0,11,0,6,5,11,2,5,4
S01013472,624,25,163,436,573,22,154,397,51,3,9,39,5,2,0,3,12,0,2,10,8,1,4,3,26,0,3,23
S01013473,682,20,168,494,637,19,149,469,45,1,19,25,6,1,4,1,2,0,2,0,11,0,8,3,26,0,5,21
S01013474,639,51,225,363,578,37,193,348,61,14,32,15,9,5,4,0,11,6,5,0,13,1,10,2,28,2,13,13
S01013475,613,53,248,312,589,51,237,301,24,2,11,11,0,0,0,0,5,0,5,0,4,0,1,3,15,2,5,8
S01013476,626,102,288,236,591,89,275,227,35,13,13,9,9,8,1,0,13,4,6,3,4,1,2,1,9,0,4,5
S01013477,605,174,237,194,541,149,208,184,64,25,29,10,17,9,5,3,17,7,10,0,16,6,8,2,14,3,6,5
S01013478,851,146,335,370,794,135,303,356,57,11,32,14,1,0,1,0,27,9,16,2,20,0,13,7,9,2,2,5
S01013479,781,309,308,164,695,261,273,161,86,48,35,3,15,12,3,0,36,17,19,0,17,12,4,1,18,7,9,2
S01013480,671,162,336,173,612,148,306,158,59,14,30,15,19,5,11,3,18,5,6,7,11,2,8,1,11,2,5,4
S01013481,451,73,141,237,423,59,133,231,28,14,8,6,10,8,2,0,3,2,1,0,7,3,3,1,8,1,2,5
