,,All people aged 16 and over,Economically active: Total,Economically active: Employee (1),Economically active: Self-employed (1),Economically active: Unemployed (1),Economically inactive
S92000003,All people aged 16 and over,4379072,2750136,2222098,305722,222316,1628936
S92000003,No qualifications,1173116,407991,301770,55327,50894,765125
S92000003,Level 1,1010875,700347,547330,71240,81777,310528
S92000003,Level 2,627423,452462,371854,44381,36227,174961
S92000003,Level 3,424996,334956,281159,32374,21423,90040
S92000003,Level 4 and above,1142662,854380,719985,102400,31995,288282
S01006506,All people aged 16 and over,749,527,427,82,18,222
S01006506,No qualifications,115,34,24,7,3,81
S01006506,Level 1,143,101,80,16,5,42
S01006506,Level 2,94,77,66,7,4,17
S01006506,Level 3,77,64,57,7,0,13
S01006506,Level 4 and above,320,251,200,45,6,69
S01006507,All people aged 16 and over,696,471,406,57,8,225
S01006507,No qualifications,207,80,67,11,2,127
S01006507,Level 1,166,119,99,17,3,47
S01006507,Level 2,83,70,62,6,2,13
S01006507,Level 3,60,48,45,3,0,12
S01006507,Level 4 and above,180,154,133,20,1,26
S01006508,All people aged 16 and over,552,435,377,48,10,117
S01006508,No qualifications,53,26,22,2,2,27
S01006508,Level 1,126,103,81,20,2,23
S01006508,Level 2,69,52,42,6,4,17
S01006508,Level 3,87,69,63,5,1,18
S01006508,Level 4 and above,217,185,169,15,1,32
S01006509,All people aged 16 and over,479,320,270,35,15,159
S01006509,No qualifications,127,45,37,8,0,82
S01006509,Level 1,113,80,66,5,9,33
S01006509,Level 2,58,49,39,8,2,9
S01006509,Level 3,52,43,37,5,1,9
S01006509,Level 4 and above,129,103,91,9,3,26
S01006510,All people aged 16 and over,549,305,258,33,14,244
S01006510,No qualifications,174,38,26,7,5,136
S01006510,Level 1,118,75,64,6,5,43
S01006510,Level 2,81,60,52,6,2,21
S01006510,Level 3,38,31,27,4,0,7
S01006510,Level 4 and above,138,101,89,10,2,37
S01006511,All people aged 16 and over,633,371,308,46,17,262
S01006511,No qualifications,112,28,16,12,0,84
S01006511,Level 1,138,78,65,5,8,60
S01006511,Level 2,90,62,52,7,3,28
S01006511,Level 3,60,43,37,3,3,17
S01006511,Level 4 and above,233,160,138,19,3,73
S01006512,All people aged 16 and over,360,256,198,54,4,104
S01006512,No qualifications,46,17,13,4,0,29
S01006512,Level 1,64,51,38,11,2,13
S01006512,Level 2,48,33,25,7,1,15
S01006512,Level 3,20,16,12,4,0,4
S01006512,Level 4 and above,182,139,110,28,1,43
S01006513,All people aged 16 and over,529,280,241,36,3,249
S01006513,No qualifications,102,15,14,1,0,87
S01006513,Level 1,74,37,31,5,1,37
S01006513,Level 2,53,36,32,4,0,17
S01006513,Level 3,62,42,34,8,0,20
S01006513,Level 4 and above,238,150,130,18,2,88
S01006514,All people aged 16 and over,809,490,395,85,10,319
S01006514,No qualifications,102,15,12,3,0,87
S01006514,Level 1,97,48,37,10,1,49
S01006514,Level 2,102,76,63,11,2,26
S01006514,Level 3,65,45,33,10,2,20
S01006514,Level 4 and above,443,306,250,51,5,137
S01006515,All people aged 16 and over,569,378,306,66,6,191
S01006515,No qualifications,38,13,5,7,1,25
S01006515,Level 1,84,40,30,7,3,44
S01006515,Level 2,84,60,50,9,1,24
S01006515,Level 3,61,43,35,7,1,18
S01006515,Level 4 and above,302,222,186,36,0,80
S01006516,All people aged 16 and over,452,280,187,90,3,172
S01006516,No qualifications,44,11,8,3,0,33
S01006516,Level 1,59,36,27,8,1,23
S01006516,Level 2,68,38,30,8,0,30
S01006516,Level 3,36,29,15,14,0,7
S01006516,Level 4 and above,245,166,107,57,2,79
S01006517,All people aged 16 and over,808,532,433,85,14,276
S01006517,No qualifications,81,28,24,4,0,53
S01006517,Level 1,117,67,47,20,0,50
S01006517,Level 2,124,79,65,9,5,45
S01006517,Level 3,67,45,33,11,1,22
S01006517,Level 4 and above,419,313,264,41,8,106
S01006518,All people aged 16 and over,514,317,249,58,10,197
S01006518,No qualifications,24,6,2,4,0,18
S01006518,Level 1,77,45,33,10,2,32
S01006518,Level 2,55,34,26,5,3,21
S01006518,Level 3,30,21,17,4,0,9
S01006518,Level 4 and above,328,211,171,35,5,117
S01006519,All people aged 16 and over,675,438,348,82,8,237
S01006519,No qualifications,74,25,14,10,1,49
S01006519,Level 1,100,58,48,7,3,42
S01006519,Level 2,76,49,44,4,1,27
S01006519,Level 3,70,52,42,10,0,18
S01006519,Level 4 and above,355,254,200,51,3,101
S01006520,All people aged 16 and over,505,351,294,50,7,154
S01006520,No qualifications,12,3,2,1,0,9
S01006520,Level 1,65,26,22,2,2,39
S01006520,Level 2,54,39,37,1,1,15
S01006520,Level 3,42,29,25,4,0,13
S01006520,Level 4 and above,332,254,208,42,4,78
S01006521,All people aged 16 and over,513,349,265,73,11,164
S01006521,No qualifications,29,16,9,7,0,13
S01006521,Level 1,51,27,19,4,4,24
S01006521,Level 2,70,43,32,9,2,27
S01006521,Level 3,41,30,22,8,0,11
S01006521,Level 4 and above,322,233,183,45,5,89
S01006522,All people aged 16 and over,438,304,250,45,9,134
S01006522,No qualifications,26,10,8,2,0,16
S01006522,Level 1,44,26,22,3,1,18
S01006522,Level 2,39,27,18,6,3,12
S01006522,Level 3,32,26,24,2,0,6
S01006522,Level 4 and above,297,215,178,32,5,82
S01006523,All people aged 16 and over,766,471,404,53,14,295
S01006523,No qualifications,69,16,12,2,2,53
S01006523,Level 1,110,59,45,6,8,51
S01006523,Level 2,75,43,38,5,0,32
S01006523,Level 3,58,41,33,6,2,17
S01006523,Level 4 and above,454,312,276,34,2,142
S01006524,All people aged 16 and over,772,400,292,90,18,372
S01006524,No qualifications,166,19,12,6,1,147
S01006524,Level 1,105,50,38,8,4,55
S01006524,Level 2,69,38,28,8,2,31
S01006524,Level 3,59,43,30,11,2,16
S01006524,Level 4 and above,373,250,184,57,9,123
S01006525,All people aged 16 and over,650,389,314,62,13,261
S01006525,No qualifications,71,14,12,2,0,57
S01006525,Level 1,97,53,44,7,2,44
S01006525,Level 2,84,58,48,8,2,26
S01006525,Level 3,60,44,37,4,3,16
S01006525,Level 4 and above,338,220,173,41,6,118
S01006526,All people aged 16 and over,784,488,416,26,46,296
S01006526,No qualifications,209,67,53,4,10,142
S01006526,Level 1,190,137,111,8,18,53
S01006526,Level 2,118,79,68,3,8,39
S01006526,Level 3,82,58,51,2,5,24
S01006526,Level 4 and above,185,147,133,9,5,38
S01006527,All people aged 16 and over,559,346,295,24,27,213
S01006527,No qualifications,176,82,70,7,5,94
S01006527,Level 1,156,101,86,8,7,55
S01006527,Level 2,63,46,41,0,5,17
S01006527,Level 3,37,32,26,3,3,5
S01006527,Level 4 and above,127,85,72,6,7,42
S01006528,All people aged 16 and over,876,535,470,20,45,341
S01006528,No qualifications,205,69,61,4,4,136
S01006528,Level 1,191,126,112,6,8,65
S01006528,Level 2,122,92,78,4,10,30
S01006528,Level 3,84,63,54,2,7,21
S01006528,Level 4 and above,274,185,165,4,16,89
S01006529,All people aged 16 and over,790,511,438,34,39,279
S01006529,No qualifications,172,61,50,7,4,111
S01006529,Level 1,149,100,81,9,10,49
S01006529,Level 2,121,84,75,1,8,37
S01006529,Level 3,79,59,52,4,3,20
S01006529,Level 4 and above,269,207,180,13,14,62
S01006530,All people aged 16 and over,671,433,366,31,36,238
S01006530,No qualifications,200,79,65,5,9,121
S01006530,Level 1,149,110,98,3,9,39
S01006530,Level 2,94,75,62,6,7,19
S01006530,Level 3,57,45,39,4,2,12
S01006530,Level 4 and above,171,124,102,13,9,47
S01006531,All people aged 16 and over,811,484,416,21,47,327
S01006531,No qualifications,253,92,78,5,9,161
S01006531,Level 1,208,145,123,5,17,63
S01006531,Level 2,100,70,59,4,7,30
S01006531,Level 3,91,66,55,3,8,25
S01006531,Level 4 and above,159,111,101,4,6,48
S01006532,All people aged 16 and over,644,374,316,42,16,270
S01006532,No qualifications,113,19,13,6,0,94
S01006532,Level 1,117,71,53,11,7,46
S01006532,Level 2,95,58,51,4,3,37
S01006532,Level 3,65,47,43,2,2,18
S01006532,Level 4 and above,254,179,156,19,4,75
S01006533,All people aged 16 and over,594,411,344,59,8,183
S01006533,No qualifications,51,13,9,4,0,38
S01006533,Level 1,83,51,32,17,2,32
S01006533,Level 2,85,57,47,8,2,28
S01006533,Level 3,43,33,31,1,1,10
S01006533,Level 4 and above,332,257,225,29,3,75
S01006534,All people aged 16 and over,729,504,434,62,8,225
S01006534,No qualifications,59,15,12,2,1,44
S01006534,Level 1,97,56,45,8,3,41
S01006534,Level 2,86,70,64,6,0,16
S01006534,Level 3,70,49,40,8,1,21
S01006534,Level 4 and above,417,314,273,38,3,103
S01006535,All people aged 16 and over,912,718,612,67,39,194
S01006535,No qualifications,59,19,16,2,1,40
S01006535,Level 1,126,88,66,8,14,38
S01006535,Level 2,124,99,82,9,8,25
S01006535,Level 3,111,99,88,4,7,12
S01006535,Level 4 and above,492,413,360,44,9,79
S01006536,All people aged 16 and over,920,760,678,55,27,160
S01006536,No qualifications,57,31,23,5,3,26
S01006536,Level 1,126,100,88,7,5,26
S01006536,Level 2,145,117,106,7,4,28
S01006536,Level 3,114,102,92,8,2,12
S01006536,Level 4 and above,478,410,369,28,13,68
S01006537,All people aged 16 and over,638,369,314,48,7,269
S01006537,No qualifications,86,17,13,4,0,69
S01006537,Level 1,109,58,49,7,2,51
S01006537,Level 2,84,54,46,6,2,30
S01006537,Level 3,66,47,41,6,0,19
S01006537,Level 4 and above,293,193,165,25,3,100
S01006538,All people aged 16 and over,480,304,252,42,10,176
S01006538,No qualifications,52,15,11,4,0,37
S01006538,Level 1,73,44,34,8,2,29
S01006538,Level 2,68,47,42,3,2,21
S01006538,Level 3,57,37,33,2,2,20
S01006538,Level 4 and above,230,161,132,25,4,69
S01006539,All people aged 16 and over,626,378,333,39,6,248
S01006539,No qualifications,94,17,15,2,0,77
S01006539,Level 1,91,50,40,7,3,41
S01006539,Level 2,90,64,61,2,1,26
S01006539,Level 3,56,43,35,7,1,13
S01006539,Level 4 and above,295,204,182,21,1,91
S01006540,All people aged 16 and over,825,555,494,46,15,270
S01006540,No qualifications,92,22,17,3,2,70
S01006540,Level 1,123,71,62,8,1,52
S01006540,Level 2,121,89,87,1,1,32
S01006540,Level 3,92,72,58,10,4,20
S01006540,Level 4 and above,397,301,270,24,7,96
S01006541,All people aged 16 and over,680,377,326,42,9,303
S01006541,No qualifications,121,17,12,3,2,104
S01006541,Level 1,108,55,44,8,3,53
S01006541,Level 2,89,61,57,4,0,28
S01006541,Level 3,65,46,40,5,1,19
S01006541,Level 4 and above,297,198,173,22,3,99
S01006542,All people aged 16 and over,874,481,420,53,8,393
S01006542,No qualifications,136,25,22,3,0,111
S01006542,Level 1,145,70,54,10,6,75
S01006542,Level 2,106,66,56,9,1,40
S01006542,Level 3,72,50,43,7,0,22
S01006542,Level 4 and above,415,270,245,24,1,145
S01006543,All people aged 16 and over,678,386,329,45,12,292
S01006543,No qualifications,99,18,10,7,1,81
S01006543,Level 1,128,78,67,10,1,50
S01006543,Level 2,95,61,50,9,2,34
S01006543,Level 3,66,41,36,5,0,25
S01006543,Level 4 and above,290,188,166,14,8,102
S01006544,All people aged 16 and over,930,663,543,102,18,267
S01006544,No qualifications,108,42,25,16,1,66
S01006544,Level 1,114,79,61,16,2,35
S01006544,Level 2,115,80,66,10,4,35
S01006544,Level 3,72,56,43,13,0,16
S01006544,Level 4 and above,521,406,348,47,11,115
S01006545,All people aged 16 and over,935,582,478,85,19,353
S01006545,No qualifications,144,29,22,6,1,115
S01006545,Level 1,134,69,56,11,2,65
S01006545,Level 2,113,78,54,18,6,35
S01006545,Level 3,91,72,65,7,0,19
S01006545,Level 4 and above,453,334,281,43,10,119
S01006546,All people aged 16 and over,526,325,277,41,7,201
S01006546,No qualifications,44,13,13,0,0,31
S01006546,Level 1,89,50,41,7,2,39
S01006546,Level 2,82,56,49,5,2,26
S01006546,Level 3,50,35,27,6,2,15
S01006546,Level 4 and above,261,171,147,23,1,90
S01006547,All people aged 16 and over,769,443,374,44,25,326
S01006547,No qualifications,185,43,33,6,4,142
S01006547,Level 1,157,93,76,8,9,64
S01006547,Level 2,92,62,52,8,2,30
S01006547,Level 3,64,52,45,3,4,12
S01006547,Level 4 and above,271,193,168,19,6,78
S01006548,All people aged 16 and over,618,349,300,42,7,269
S01006548,No qualifications,60,5,2,3,0,55
S01006548,Level 1,102,60,45,12,3,42
S01006548,Level 2,81,54,50,3,1,27
S01006548,Level 3,77,58,49,7,2,19
S01006548,Level 4 and above,298,172,154,17,1,126
S01006549,All people aged 16 and over,699,417,337,62,18,282
S01006549,No qualifications,62,25,17,5,3,37
S01006549,Level 1,122,64,58,3,3,58
S01006549,Level 2,90,60,43,13,4,30
S01006549,Level 3,63,44,37,6,1,19
S01006549,Level 4 and above,362,224,182,35,7,138
S01006550,All people aged 16 and over,821,445,382,52,11,376
S01006550,No qualifications,99,17,12,4,1,82
S01006550,Level 1,113,60,51,7,2,53
S01006550,Level 2,122,78,68,8,2,44
S01006550,Level 3,73,46,38,6,2,27
S01006550,Level 4 and above,414,244,213,27,4,170
S01006551,All people aged 16 and over,591,337,273,46,18,254
S01006551,No qualifications,198,60,47,10,3,138
S01006551,Level 1,125,83,68,7,8,42
S01006551,Level 2,61,37,31,3,3,24
S01006551,Level 3,47,35,29,4,2,12
S01006551,Level 4 and above,160,122,98,22,2,38
S01006552,All people aged 16 and over,753,540,458,66,16,213
S01006552,No qualifications,80,31,25,6,0,49
S01006552,Level 1,137,97,83,10,4,40
S01006552,Level 2,109,85,76,5,4,24
S01006552,Level 3,74,60,53,6,1,14
S01006552,Level 4 and above,353,267,221,39,7,86
S01006553,All people aged 16 and over,726,369,304,46,19,357
S01006553,No qualifications,216,43,35,4,4,173
S01006553,Level 1,139,82,65,11,6,57
S01006553,Level 2,84,55,45,7,3,29
S01006553,Level 3,73,58,47,9,2,15
S01006553,Level 4 and above,214,131,112,15,4,83
S01006554,All people aged 16 and over,615,403,344,33,26,212
S01006554,No qualifications,151,56,49,5,2,95
S01006554,Level 1,147,109,94,4,11,38
S01006554,Level 2,67,50,39,5,6,17
S01006554,Level 3,53,41,36,4,1,12
S01006554,Level 4 and above,197,147,126,15,6,50
S01006555,All people aged 16 and over,656,475,429,27,19,181
S01006555,No qualifications,158,70,61,5,4,88
S01006555,Level 1,190,139,122,9,8,51
S01006555,Level 2,76,56,52,0,4,20
S01006555,Level 3,42,38,36,2,0,4
S01006555,Level 4 and above,190,172,158,11,3,18
S01006556,All people aged 16 and over,707,413,351,37,25,294
S01006556,No qualifications,225,61,47,9,5,164
S01006556,Level 1,229,156,132,13,11,73
S01006556,Level 2,79,58,49,7,2,21
S01006556,Level 3,60,51,42,5,4,9
S01006556,Level 4 and above,114,87,81,3,3,27
S01006557,All people aged 16 and over,581,385,337,23,25,196
S01006557,No qualifications,174,65,54,6,5,109
S01006557,Level 1,192,148,129,7,12,44
S01006557,Level 2,64,57,52,2,3,7
S01006557,Level 3,47,40,34,2,4,7
S01006557,Level 4 and above,104,75,68,6,1,29
S01006558,All people aged 16 and over,563,414,377,34,3,149
S01006558,No qualifications,52,17,12,5,0,35
S01006558,Level 1,68,42,39,2,1,26
S01006558,Level 2,73,50,48,2,0,23
S01006558,Level 3,46,35,34,1,0,11
S01006558,Level 4 and above,324,270,244,24,2,54
S01006559,All people aged 16 and over,513,337,278,48,11,176
S01006559,No qualifications,27,7,6,0,1,20
S01006559,Level 1,64,33,24,5,4,31
S01006559,Level 2,80,40,39,0,1,40
S01006559,Level 3,29,23,19,3,1,6
S01006559,Level 4 and above,313,234,190,40,4,79
S01006560,All people aged 16 and over,847,534,442,76,16,313
S01006560,No qualifications,122,12,7,4,1,110
S01006560,Level 1,113,59,47,6,6,54
S01006560,Level 2,78,50,45,4,1,28
S01006560,Level 3,76,52,37,15,0,24
S01006560,Level 4 and above,458,361,306,47,8,97
S01006561,All people aged 16 and over,615,413,346,54,13,202
S01006561,No qualifications,49,14,9,5,0,35
S01006561,Level 1,76,42,35,4,3,34
S01006561,Level 2,77,54,42,8,4,23
S01006561,Level 3,70,56,43,11,2,14
S01006561,Level 4 and above,343,247,217,26,4,96
S01006562,All people aged 16 and over,608,367,305,50,12,241
S01006562,No qualifications,109,24,20,2,2,85
S01006562,Level 1,120,69,55,10,4,51
S01006562,Level 2,59,42,35,5,2,17
S01006562,Level 3,55,42,38,4,0,13
S01006562,Level 4 and above,265,190,157,29,4,75
S01006563,All people aged 16 and over,671,432,372,40,20,239
S01006563,No qualifications,89,26,23,3,0,63
S01006563,Level 1,112,61,53,4,4,51
S01006563,Level 2,73,45,35,5,5,28
S01006563,Level 3,46,38,29,7,2,8
S01006563,Level 4 and above,351,262,232,21,9,89
S01006564,All people aged 16 and over,891,623,547,39,37,268
S01006564,No qualifications,150,57,51,4,2,93
S01006564,Level 1,163,106,86,10,10,57
S01006564,Level 2,119,78,71,1,6,41
S01006564,Level 3,84,69,63,2,4,15
S01006564,Level 4 and above,375,313,276,22,15,62
S01006565,All people aged 16 and over,953,659,577,34,48,294
S01006565,No qualifications,109,38,32,1,5,71
S01006565,Level 1,149,103,84,8,11,46
S01006565,Level 2,184,110,93,3,14,74
S01006565,Level 3,105,84,73,7,4,21
S01006565,Level 4 and above,406,324,295,15,14,82
S01006566,All people aged 16 and over,684,505,452,33,20,179
S01006566,No qualifications,57,23,22,1,0,34
S01006566,Level 1,71,49,44,5,0,22
S01006566,Level 2,95,63,57,3,3,32
S01006566,Level 3,73,57,51,3,3,16
S01006566,Level 4 and above,388,313,278,21,14,75
S01006567,All people aged 16 and over,789,548,478,22,48,241
S01006567,No qualifications,116,35,30,1,4,81
S01006567,Level 1,106,75,52,5,18,31
S01006567,Level 2,133,81,76,0,5,52
S01006567,Level 3,68,52,44,1,7,16
S01006567,Level 4 and above,366,305,276,15,14,61
S01006568,All people aged 16 and over,876,739,665,41,33,137
S01006568,No qualifications,36,18,13,4,1,18
S01006568,Level 1,89,78,66,3,9,11
S01006568,Level 2,140,104,90,6,8,36
S01006568,Level 3,91,85,80,2,3,6
S01006568,Level 4 and above,520,454,416,26,12,66
S01006569,All people aged 16 and over,495,367,322,29,16,128
S01006569,No qualifications,37,13,9,2,2,24
S01006569,Level 1,69,44,41,1,2,25
S01006569,Level 2,58,43,39,1,3,15
S01006569,Level 3,40,38,31,2,5,2
S01006569,Level 4 and above,291,229,202,23,4,62
S01006570,All people aged 16 and over,657,464,389,56,19,193
S01006570,No qualifications,65,19,16,2,1,46
S01006570,Level 1,61,32,25,5,2,29
S01006570,Level 2,89,57,49,7,1,32
S01006570,Level 3,60,50,40,6,4,10
S01006570,Level 4 and above,382,306,259,36,11,76
S01006571,All people aged 16 and over,748,554,472,62,20,194
S01006571,No qualifications,42,13,10,1,2,29
S01006571,Level 1,62,40,32,5,3,22
S01006571,Level 2,100,73,60,9,4,27
S01006571,Level 3,76,63,56,5,2,13
S01006571,Level 4 and above,468,365,314,42,9,103
S01006572,All people aged 16 and over,718,470,379,80,11,248
S01006572,No qualifications,57,14,9,5,0,43
S01006572,Level 1,93,53,40,8,5,40
S01006572,Level 2,76,46,34,8,4,30
S01006572,Level 3,55,39,34,4,1,16
S01006572,Level 4 and above,437,318,262,55,1,119
S01006573,All people aged 16 and over,566,406,335,58,13,160
S01006573,No qualifications,29,11,10,0,1,18
S01006573,Level 1,52,29,25,3,1,23
S01006573,Level 2,63,45,36,7,2,18
S01006573,Level 3,32,18,14,2,2,14
S01006573,Level 4 and above,390,303,250,46,7,87
S01006574,All people aged 16 and over,809,537,435,80,22,272
S01006574,No qualifications,49,12,8,2,2,37
S01006574,Level 1,90,45,34,6,5,45
S01006574,Level 2,110,67,53,11,3,43
S01006574,Level 3,68,55,43,8,4,13
S01006574,Level 4 and above,492,358,297,53,8,134
S01006575,All people aged 16 and over,768,564,453,80,31,204
S01006575,No qualifications,60,18,12,2,4,42
S01006575,Level 1,102,61,46,10,5,41
S01006575,Level 2,113,77,58,8,11,36
S01006575,Level 3,61,52,43,8,1,9
S01006575,Level 4 and above,432,356,294,52,10,76
S01006576,All people aged 16 and over,577,451,377,58,16,126
S01006576,No qualifications,24,10,7,3,0,14
S01006576,Level 1,72,47,37,4,6,25
S01006576,Level 2,66,46,39,5,2,20
S01006576,Level 3,54,45,34,8,3,9
S01006576,Level 4 and above,361,303,260,38,5,58
S01006577,All people aged 16 and over,682,540,456,58,26,142
S01006577,No qualifications,34,13,10,2,1,21
S01006577,Level 1,85,60,50,5,5,25
S01006577,Level 2,74,53,45,6,2,21
S01006577,Level 3,54,44,41,1,2,10
S01006577,Level 4 and above,435,370,310,44,16,65
S01006578,All people aged 16 and over,1025,782,707,37,38,243
S01006578,No qualifications,116,36,32,1,3,80
S01006578,Level 1,146,98,85,4,9,48
S01006578,Level 2,152,117,105,4,8,35
S01006578,Level 3,94,77,66,5,6,17
S01006578,Level 4 and above,517,454,419,23,12,63
S01006579,All people aged 16 and over,914,741,672,39,30,173
S01006579,No qualifications,52,18,12,2,4,34
S01006579,Level 1,92,70,64,4,2,22
S01006579,Level 2,125,91,83,2,6,34
S01006579,Level 3,105,97,89,3,5,8
S01006579,Level 4 and above,540,465,424,28,13,75
S01006580,All people aged 16 and over,643,512,455,37,20,131
S01006580,No qualifications,45,15,12,2,1,30
S01006580,Level 1,80,65,55,8,2,15
S01006580,Level 2,79,63,57,4,2,16
S01006580,Level 3,64,51,46,4,1,13
S01006580,Level 4 and above,375,318,285,19,14,57
S01006581,All people aged 16 and over,745,493,401,78,14,252
S01006581,No qualifications,61,15,13,2,0,46
S01006581,Level 1,101,52,40,9,3,49
S01006581,Level 2,96,64,58,4,2,32
S01006581,Level 3,73,55,42,8,5,18
S01006581,Level 4 and above,414,307,248,55,4,107
S01006582,All people aged 16 and over,817,660,547,64,49,157
S01006582,No qualifications,70,37,15,7,15,33
S01006582,Level 1,122,96,75,9,12,26
S01006582,Level 2,97,70,61,5,4,27
S01006582,Level 3,86,73,64,7,2,13
S01006582,Level 4 and above,442,384,332,36,16,58
S01006583,All people aged 16 and over,678,548,486,22,40,130
S01006583,No qualifications,37,14,11,2,1,23
S01006583,Level 1,69,50,43,0,7,19
S01006583,Level 2,151,104,91,3,10,47
S01006583,Level 3,83,72,62,6,4,11
S01006583,Level 4 and above,338,308,279,11,18,30
S01006584,All people aged 16 and over,573,466,408,33,25,107
S01006584,No qualifications,41,26,21,2,3,15
S01006584,Level 1,59,45,42,0,3,14
S01006584,Level 2,114,84,70,6,8,30
S01006584,Level 3,48,38,35,3,0,10
S01006584,Level 4 and above,311,273,240,22,11,38
S01006585,All people aged 16 and over,734,515,431,42,42,219
S01006585,No qualifications,161,69,50,11,8,92
S01006585,Level 1,138,96,77,8,11,42
S01006585,Level 2,109,72,58,4,10,37
S01006585,Level 3,79,69,58,5,6,10
S01006585,Level 4 and above,247,209,188,14,7,38
S01006586,All people aged 16 and over,991,683,613,37,33,308
S01006586,No qualifications,170,67,60,5,2,103
S01006586,Level 1,134,89,76,4,9,45
S01006586,Level 2,171,116,104,4,8,55
S01006586,Level 3,109,88,75,7,6,21
S01006586,Level 4 and above,407,323,298,17,8,84
S01006587,All people aged 16 and over,504,406,347,24,35,98
S01006587,No qualifications,53,31,26,3,2,22
S01006587,Level 1,66,60,51,2,7,6
S01006587,Level 2,89,58,46,3,9,31
S01006587,Level 3,60,53,42,6,5,7
S01006587,Level 4 and above,236,204,182,10,12,32
S01006588,All people aged 16 and over,551,458,405,19,34,93
S01006588,No qualifications,23,16,14,1,1,7
S01006588,Level 1,70,51,41,5,5,19
S01006588,Level 2,106,81,70,2,9,25
S01006588,Level 3,88,79,74,4,1,9
S01006588,Level 4 and above,264,231,206,7,18,33
S01006589,All people aged 16 and over,630,484,405,33,46,146
S01006589,No qualifications,72,38,30,3,5,34
S01006589,Level 1,109,78,64,5,9,31
S01006589,Level 2,103,68,53,5,10,35
S01006589,Level 3,85,71,65,2,4,14
S01006589,Level 4 and above,261,229,193,18,18,32
S01006590,All people aged 16 and over,656,521,432,50,39,135
S01006590,No qualifications,59,17,10,5,2,42
S01006590,Level 1,105,82,62,9,11,23
S01006590,Level 2,90,64,51,9,4,26
S01006590,Level 3,75,63,52,6,5,12
S01006590,Level 4 and above,327,295,257,21,17,32
S01006591,All people aged 16 and over,654,555,489,42,24,99
S01006591,No qualifications,49,29,22,4,3,20
S01006591,Level 1,109,91,80,5,6,18
S01006591,Level 2,85,63,51,7,5,22
S01006591,Level 3,71,64,55,6,3,7
S01006591,Level 4 and above,340,308,281,20,7,32
S01006592,All people aged 16 and over,607,521,462,50,9,86
S01006592,No qualifications,20,12,8,4,0,8
S01006592,Level 1,87,70,61,8,1,17
S01006592,Level 2,75,65,57,6,2,10
S01006592,Level 3,92,71,68,2,1,21
S01006592,Level 4 and above,333,303,268,30,5,30
S01006593,All people aged 16 and over,707,572,508,42,22,135
S01006593,No qualifications,49,16,13,2,1,33
S01006593,Level 1,83,67,56,9,2,16
S01006593,Level 2,99,69,58,3,8,30
S01006593,Level 3,87,72,62,8,2,15
S01006593,Level 4 and above,389,348,319,20,9,41
S01006594,All people aged 16 and over,508,349,313,26,10,159
S01006594,No qualifications,73,22,22,0,0,51
S01006594,Level 1,82,49,44,2,3,33
S01006594,Level 2,70,57,49,5,3,13
S01006594,Level 3,78,51,45,5,1,27
S01006594,Level 4 and above,205,170,153,14,3,35
S01006595,All people aged 16 and over,852,710,629,58,23,142
S01006595,No qualifications,66,26,22,3,1,40
S01006595,Level 1,117,97,82,7,8,20
S01006595,Level 2,114,88,79,5,4,26
S01006595,Level 3,87,81,74,6,1,6
S01006595,Level 4 and above,468,418,372,37,9,50
S01006596,All people aged 16 and over,639,524,442,66,16,115
S01006596,No qualifications,61,29,23,6,0,32
S01006596,Level 1,69,56,44,9,3,13
S01006596,Level 2,72,62,51,9,2,10
S01006596,Level 3,68,58,52,5,1,10
S01006596,Level 4 and above,369,319,272,37,10,50
S01006597,All people aged 16 and over,498,420,382,26,12,78
S01006597,No qualifications,31,10,8,2,0,21
S01006597,Level 1,71,55,49,4,2,16
S01006597,Level 2,82,69,59,7,3,13
S01006597,Level 3,68,61,57,3,1,7
S01006597,Level 4 and above,246,225,209,10,6,21
S01006598,All people aged 16 and over,805,589,509,66,14,216
S01006598,No qualifications,65,28,19,8,1,37
S01006598,Level 1,97,52,46,6,0,45
S01006598,Level 2,97,76,64,7,5,21
S01006598,Level 3,80,61,50,11,0,19
S01006598,Level 4 and above,466,372,330,34,8,94
S01006599,All people aged 16 and over,751,477,415,37,25,274
S01006599,No qualifications,182,50,46,2,2,132
S01006599,Level 1,130,78,65,6,7,52
S01006599,Level 2,116,86,74,7,5,30
S01006599,Level 3,81,66,57,1,8,15
S01006599,Level 4 and above,242,197,173,21,3,45
S01006600,All people aged 16 and over,978,624,539,66,19,354
S01006600,No qualifications,186,26,22,4,0,160
S01006600,Level 1,169,105,89,13,3,64
S01006600,Level 2,112,74,63,8,3,38
S01006600,Level 3,105,88,77,9,2,17
S01006600,Level 4 and above,406,331,288,32,11,75
S01006601,All people aged 16 and over,899,681,591,53,37,218
S01006601,No qualifications,97,34,30,3,1,63
S01006601,Level 1,156,105,89,10,6,51
S01006601,Level 2,119,90,73,6,11,29
S01006601,Level 3,110,94,75,12,7,16
S01006601,Level 4 and above,417,358,324,22,12,59
S01006602,All people aged 16 and over,737,448,364,70,14,289
S01006602,No qualifications,108,9,6,2,1,99
S01006602,Level 1,97,47,38,7,2,50
S01006602,Level 2,70,45,35,6,4,25
S01006602,Level 3,78,64,48,12,4,14
S01006602,Level 4 and above,384,283,237,43,3,101
S01006603,All people aged 16 and over,704,428,371,23,34,276
S01006603,No qualifications,263,96,83,1,12,167
S01006603,Level 1,200,146,123,10,13,54
S01006603,Level 2,90,74,62,7,5,16
S01006603,Level 3,49,44,44,0,0,5
S01006603,Level 4 and above,102,68,59,5,4,34
S01006604,All people aged 16 and over,587,379,323,32,24,208
S01006604,No qualifications,178,58,49,6,3,120
S01006604,Level 1,202,147,119,17,11,55
S01006604,Level 2,74,62,52,5,5,12
S01006604,Level 3,53,47,41,3,3,6
S01006604,Level 4 and above,80,65,62,1,2,15
S01006605,All people aged 16 and over,658,399,341,23,35,259
S01006605,No qualifications,241,76,69,2,5,165
S01006605,Level 1,219,171,142,11,18,48
S01006605,Level 2,54,41,35,2,4,13
S01006605,Level 3,53,38,32,2,4,15
S01006605,Level 4 and above,91,73,63,6,4,18
S01006606,All people aged 16 and over,732,425,356,50,19,307
S01006606,No qualifications,199,63,50,11,2,136
S01006606,Level 1,183,109,91,9,9,74
S01006606,Level 2,88,68,60,6,2,20
S01006606,Level 3,62,48,39,5,4,14
S01006606,Level 4 and above,200,137,116,19,2,63
S01006607,All people aged 16 and over,769,518,456,40,22,251
S01006607,No qualifications,239,111,98,9,4,128
S01006607,Level 1,266,197,170,17,10,69
S01006607,Level 2,92,69,59,5,5,23
S01006607,Level 3,64,52,48,3,1,12
S01006607,Level 4 and above,108,89,81,6,2,19
S01006608,All people aged 16 and over,598,409,332,61,16,189
S01006608,No qualifications,111,45,28,14,3,66
S01006608,Level 1,171,125,106,14,5,46
S01006608,Level 2,75,58,46,8,4,17
S01006608,Level 3,62,43,34,8,1,19
S01006608,Level 4 and above,179,138,118,17,3,41
S01006609,All people aged 16 and over,886,556,489,46,21,330
S01006609,No qualifications,306,101,88,9,4,205
S01006609,Level 1,285,210,187,13,10,75
S01006609,Level 2,93,78,69,6,3,15
S01006609,Level 3,79,63,56,5,2,16
S01006609,Level 4 and above,123,104,89,13,2,19
S01006610,All people aged 16 and over,386,242,219,12,11,144
S01006610,No qualifications,133,39,30,5,4,94
S01006610,Level 1,127,96,87,5,4,31
S01006610,Level 2,48,44,43,1,0,4
S01006610,Level 3,32,24,22,0,2,8
S01006610,Level 4 and above,46,39,37,1,1,7
S01006611,All people aged 16 and over,772,476,406,32,38,296
S01006611,No qualifications,258,88,75,4,9,170
S01006611,Level 1,263,187,149,16,22,76
S01006611,Level 2,72,57,47,6,4,15
S01006611,Level 3,50,43,41,2,0,7
S01006611,Level 4 and above,129,101,94,4,3,28
S01006612,All people aged 16 and over,741,521,457,35,29,220
S01006612,No qualifications,207,80,69,6,5,127
S01006612,Level 1,178,138,120,10,8,40
S01006612,Level 2,113,96,82,8,6,17
S01006612,Level 3,74,67,61,3,3,7
S01006612,Level 4 and above,169,140,125,8,7,29
S01006613,All people aged 16 and over,493,412,366,36,10,81
S01006613,No qualifications,54,27,25,2,0,27
S01006613,Level 1,170,143,128,11,4,27
S01006613,Level 2,82,72,66,4,2,10
S01006613,Level 3,58,51,46,4,1,7
S01006613,Level 4 and above,129,119,101,15,3,10
S01006614,All people aged 16 and over,491,425,378,32,15,66
S01006614,No qualifications,50,30,25,3,2,20
S01006614,Level 1,132,115,93,14,8,17
S01006614,Level 2,81,72,59,9,4,9
S01006614,Level 3,66,61,59,2,0,5
S01006614,Level 4 and above,162,147,142,4,1,15
S01006615,All people aged 16 and over,563,464,407,46,11,99
S01006615,No qualifications,51,28,23,5,0,23
S01006615,Level 1,150,121,106,12,3,29
S01006615,Level 2,79,64,57,6,1,15
S01006615,Level 3,87,74,64,9,1,13
S01006615,Level 4 and above,196,177,157,14,6,19
S01006616,All people aged 16 and over,665,587,526,47,14,78
S01006616,No qualifications,80,50,41,7,2,30
S01006616,Level 1,199,174,150,17,7,25
S01006616,Level 2,131,125,122,2,1,6
S01006616,Level 3,98,91,79,9,3,7
S01006616,Level 4 and above,157,147,134,12,1,10
S01006617,All people aged 16 and over,574,418,361,39,18,156
S01006617,No qualifications,142,52,45,5,2,90
S01006617,Level 1,173,139,119,11,9,34
S01006617,Level 2,88,80,66,12,2,8
S01006617,Level 3,50,41,37,4,0,9
S01006617,Level 4 and above,121,106,94,7,5,15
S01006618,All people aged 16 and over,469,342,302,32,8,127
S01006618,No qualifications,90,41,36,5,0,49
S01006618,Level 1,165,131,116,12,3,34
S01006618,Level 2,60,49,43,4,2,11
S01006618,Level 3,58,49,45,3,1,9
S01006618,Level 4 and above,96,72,62,8,2,24
S01006619,All people aged 16 and over,744,549,470,64,15,195
S01006619,No qualifications,165,83,69,12,2,82
S01006619,Level 1,214,155,129,20,6,59
S01006619,Level 2,108,87,71,10,6,21
S01006619,Level 3,78,72,63,8,1,6
S01006619,Level 4 and above,179,152,138,14,0,27
S01006620,All people aged 16 and over,738,563,512,35,16,175
S01006620,No qualifications,193,86,71,11,4,107
S01006620,Level 1,230,189,176,11,2,41
S01006620,Level 2,100,94,88,2,4,6
S01006620,Level 3,62,60,55,3,2,2
S01006620,Level 4 and above,153,134,122,8,4,19
S01006621,All people aged 16 and over,428,327,291,24,12,101
S01006621,No qualifications,100,50,43,4,3,50
S01006621,Level 1,132,108,96,8,4,24
S01006621,Level 2,50,43,40,3,0,7
S01006621,Level 3,46,41,38,1,2,5
S01006621,Level 4 and above,100,85,74,8,3,15
S01006622,All people aged 16 and over,549,472,424,39,9,77
S01006622,No qualifications,65,37,32,5,0,28
S01006622,Level 1,183,158,143,12,3,25
S01006622,Level 2,95,86,76,6,4,9
S01006622,Level 3,57,55,50,5,0,2
S01006622,Level 4 and above,149,136,123,11,2,13
S01006623,All people aged 16 and over,670,441,391,28,22,229
S01006623,No qualifications,214,77,66,4,7,137
S01006623,Level 1,190,151,134,9,8,39
S01006623,Level 2,87,68,62,3,3,19
S01006623,Level 3,60,48,40,5,3,12
S01006623,Level 4 and above,119,97,89,7,1,22
S01006624,All people aged 16 and over,891,582,509,32,41,309
S01006624,No qualifications,223,82,73,4,5,141
S01006624,Level 1,245,168,135,11,22,77
S01006624,Level 2,102,72,65,4,3,30
S01006624,Level 3,109,77,70,3,4,32
S01006624,Level 4 and above,212,183,166,10,7,29
S01006625,All people aged 16 and over,547,392,337,32,23,155
S01006625,No qualifications,152,69,53,11,5,83
S01006625,Level 1,143,112,102,3,7,31
S01006625,Level 2,73,59,50,5,4,14
S01006625,Level 3,55,44,39,4,1,11
S01006625,Level 4 and above,124,108,93,9,6,16
S01006626,All people aged 16 and over,614,417,364,22,31,197
S01006626,No qualifications,224,106,94,3,9,118
S01006626,Level 1,193,144,124,8,12,49
S01006626,Level 2,56,43,41,1,1,13
S01006626,Level 3,42,38,34,3,1,4
S01006626,Level 4 and above,99,86,71,7,8,13
S01006627,All people aged 16 and over,773,615,532,32,51,158
S01006627,No qualifications,161,92,77,6,9,69
S01006627,Level 1,205,163,134,9,20,42
S01006627,Level 2,76,63,56,2,5,13
S01006627,Level 3,98,85,75,1,9,13
S01006627,Level 4 and above,233,212,190,14,8,21
S01006628,All people aged 16 and over,978,808,699,32,77,170
S01006628,No qualifications,178,122,102,4,16,56
S01006628,Level 1,227,182,152,6,24,45
S01006628,Level 2,110,86,76,1,9,24
S01006628,Level 3,133,114,94,10,10,19
S01006628,Level 4 and above,330,304,275,11,18,26
S01006629,All people aged 16 and over,650,409,342,19,48,241
S01006629,No qualifications,227,91,77,3,11,136
S01006629,Level 1,206,155,127,6,22,51
S01006629,Level 2,70,42,35,4,3,28
S01006629,Level 3,46,37,29,1,7,9
S01006629,Level 4 and above,101,84,74,5,5,17
S01006630,All people aged 16 and over,489,309,263,20,26,180
S01006630,No qualifications,225,105,91,8,6,120
S01006630,Level 1,146,105,89,5,11,41
S01006630,Level 2,45,34,30,3,1,11
S01006630,Level 3,35,33,26,2,5,2
S01006630,Level 4 and above,38,32,27,2,3,6
S01006631,All people aged 16 and over,805,533,468,27,38,272
S01006631,No qualifications,296,119,106,3,10,177
S01006631,Level 1,223,160,140,7,13,63
S01006631,Level 2,68,63,55,1,7,5
S01006631,Level 3,70,62,52,6,4,8
S01006631,Level 4 and above,148,129,115,10,4,19
S01006632,All people aged 16 and over,658,452,385,23,44,206
S01006632,No qualifications,234,104,84,6,14,130
S01006632,Level 1,177,137,119,3,15,40
S01006632,Level 2,64,53,44,1,8,11
S01006632,Level 3,62,56,45,5,6,6
S01006632,Level 4 and above,121,102,93,8,1,19
S01006633,All people aged 16 and over,529,339,298,11,30,190
S01006633,No qualifications,200,85,78,2,5,115
S01006633,Level 1,178,130,109,4,17,48
S01006633,Level 2,42,37,33,1,3,5
S01006633,Level 3,40,31,28,1,2,9
S01006633,Level 4 and above,69,56,50,3,3,13
S01006634,All people aged 16 and over,465,304,262,9,33,161
S01006634,No qualifications,166,75,66,1,8,91
S01006634,Level 1,151,110,94,1,15,41
S01006634,Level 2,44,32,27,0,5,12
S01006634,Level 3,36,29,27,1,1,7
S01006634,Level 4 and above,68,58,48,6,4,10
S01006635,All people aged 16 and over,522,360,304,25,31,162
S01006635,No qualifications,172,81,74,2,5,91
S01006635,Level 1,174,127,102,9,16,47
S01006635,Level 2,43,34,28,4,2,9
S01006635,Level 3,43,36,30,4,2,7
S01006635,Level 4 and above,90,82,70,6,6,8
S01006636,All people aged 16 and over,641,429,352,22,55,212
S01006636,No qualifications,247,124,103,4,17,123
S01006636,Level 1,211,154,124,5,25,57
S01006636,Level 2,50,41,36,3,2,9
S01006636,Level 3,52,41,33,3,5,11
S01006636,Level 4 and above,81,69,56,7,6,12
S01006637,All people aged 16 and over,699,457,387,40,30,242
S01006637,No qualifications,157,38,31,4,3,119
S01006637,Level 1,127,86,65,9,12,41
S01006637,Level 2,83,56,48,5,3,27
S01006637,Level 3,58,47,46,0,1,11
S01006637,Level 4 and above,274,230,197,22,11,44
S01006638,All people aged 16 and over,795,560,506,16,38,235
S01006638,No qualifications,125,46,37,1,8,79
S01006638,Level 1,130,99,83,3,13,31
S01006638,Level 2,148,81,73,0,8,67
S01006638,Level 3,80,69,63,4,2,11
S01006638,Level 4 and above,312,265,250,8,7,47
S01006639,All people aged 16 and over,900,578,498,30,50,322
S01006639,No qualifications,199,51,42,2,7,148
S01006639,Level 1,148,98,85,3,10,50
S01006639,Level 2,159,96,83,3,10,63
S01006639,Level 3,66,54,46,3,5,12
S01006639,Level 4 and above,328,279,242,19,18,49
S01006640,All people aged 16 and over,684,506,449,27,30,178
S01006640,No qualifications,34,20,15,1,4,14
S01006640,Level 1,74,49,46,2,1,25
S01006640,Level 2,171,92,79,2,11,79
S01006640,Level 3,79,63,55,4,4,16
S01006640,Level 4 and above,326,282,254,18,10,44
S01006641,All people aged 16 and over,980,723,636,39,48,257
S01006641,No qualifications,121,51,36,7,8,70
S01006641,Level 1,165,113,95,5,13,52
S01006641,Level 2,199,138,121,4,13,61
S01006641,Level 3,97,87,81,4,2,10
S01006641,Level 4 and above,398,334,303,19,12,64
S01006642,All people aged 16 and over,1332,773,613,25,135,559
S01006642,No qualifications,67,24,22,0,2,43
S01006642,Level 1,169,90,67,8,15,79
S01006642,Level 2,525,275,201,6,68,250
S01006642,Level 3,144,105,85,4,16,39
S01006642,Level 4 and above,427,279,238,7,34,148
S01006643,All people aged 16 and over,709,529,467,31,31,180
S01006643,No qualifications,34,12,9,1,2,22
S01006643,Level 1,77,49,42,4,3,28
S01006643,Level 2,201,133,116,5,12,68
S01006643,Level 3,81,75,68,3,4,6
S01006643,Level 4 and above,316,260,232,18,10,56
S01006644,All people aged 16 and over,915,642,564,33,45,273
S01006644,No qualifications,99,38,36,0,2,61
S01006644,Level 1,117,83,72,2,9,34
S01006644,Level 2,234,144,116,8,20,90
S01006644,Level 3,114,98,92,3,3,16
S01006644,Level 4 and above,351,279,248,20,11,72
S01006645,All people aged 16 and over,577,390,333,17,40,187
S01006645,No qualifications,148,60,53,1,6,88
S01006645,Level 1,144,103,85,4,14,41
S01006645,Level 2,75,51,45,3,3,24
S01006645,Level 3,53,46,40,3,3,7
S01006645,Level 4 and above,157,130,110,6,14,27
S01006646,All people aged 16 and over,979,568,424,9,135,411
S01006646,No qualifications,70,16,14,1,1,54
S01006646,Level 1,135,83,55,0,28,52
S01006646,Level 2,374,182,124,0,58,192
S01006646,Level 3,83,60,53,2,5,23
S01006646,Level 4 and above,317,227,178,6,43,90
S01006647,All people aged 16 and over,550,384,326,19,39,166
S01006647,No qualifications,126,52,41,5,6,74
S01006647,Level 1,124,97,75,6,16,27
S01006647,Level 2,90,63,53,3,7,27
S01006647,Level 3,63,52,45,3,4,11
S01006647,Level 4 and above,147,120,112,2,6,27
S01006648,All people aged 16 and over,1730,1096,891,39,166,634
S01006648,No qualifications,103,48,38,4,6,55
S01006648,Level 1,197,138,109,5,24,59
S01006648,Level 2,603,332,248,2,82,271
S01006648,Level 3,232,166,139,8,19,66
S01006648,Level 4 and above,595,412,357,20,35,183
S01006649,All people aged 16 and over,892,673,591,33,49,219
S01006649,No qualifications,109,60,45,9,6,49
S01006649,Level 1,158,114,93,4,17,44
S01006649,Level 2,158,103,90,5,8,55
S01006649,Level 3,96,81,74,3,4,15
S01006649,Level 4 and above,371,315,289,12,14,56
S01006650,All people aged 16 and over,813,580,495,38,47,233
S01006650,No qualifications,78,40,31,4,5,38
S01006650,Level 1,117,78,61,11,6,39
S01006650,Level 2,193,112,93,3,16,81
S01006650,Level 3,74,69,61,2,6,5
S01006650,Level 4 and above,351,281,249,18,14,70
S01006651,All people aged 16 and over,612,383,326,13,44,229
S01006651,No qualifications,109,31,26,0,5,78
S01006651,Level 1,82,60,47,1,12,22
S01006651,Level 2,117,67,56,2,9,50
S01006651,Level 3,70,57,49,1,7,13
S01006651,Level 4 and above,234,168,148,9,11,66
S01006652,All people aged 16 and over,516,391,337,29,25,125
S01006652,No qualifications,55,23,15,5,3,32
S01006652,Level 1,64,48,35,6,7,16
S01006652,Level 2,121,84,75,4,5,37
S01006652,Level 3,61,50,47,1,2,11
S01006652,Level 4 and above,215,186,165,13,8,29
S01006653,All people aged 16 and over,513,375,335,22,18,138
S01006653,No qualifications,26,13,10,2,1,13
S01006653,Level 1,81,53,48,4,1,28
S01006653,Level 2,104,58,44,4,10,46
S01006653,Level 3,53,41,37,4,0,12
S01006653,Level 4 and above,249,210,196,8,6,39
S01006654,All people aged 16 and over,798,510,438,28,44,288
S01006654,No qualifications,213,64,53,4,7,149
S01006654,Level 1,189,131,109,7,15,58
S01006654,Level 2,123,82,68,7,7,41
S01006654,Level 3,61,49,42,2,5,12
S01006654,Level 4 and above,212,184,166,8,10,28
S01006655,All people aged 16 and over,650,396,348,30,18,254
S01006655,No qualifications,129,34,29,3,2,95
S01006655,Level 1,80,47,41,4,2,33
S01006655,Level 2,95,59,48,4,7,36
S01006655,Level 3,49,36,31,3,2,13
S01006655,Level 4 and above,297,220,199,16,5,77
S01006656,All people aged 16 and over,858,650,575,35,40,208
S01006656,No qualifications,87,33,25,5,3,54
S01006656,Level 1,124,82,65,4,13,42
S01006656,Level 2,155,112,98,5,9,43
S01006656,Level 3,97,82,75,3,4,15
S01006656,Level 4 and above,395,341,312,18,11,54
S01006657,All people aged 16 and over,482,350,309,18,23,132
S01006657,No qualifications,50,26,23,2,1,24
S01006657,Level 1,97,72,66,2,4,25
S01006657,Level 2,89,58,47,2,9,31
S01006657,Level 3,62,51,44,2,5,11
S01006657,Level 4 and above,184,143,129,10,4,41
S01006658,All people aged 16 and over,878,615,523,28,64,263
S01006658,No qualifications,126,66,53,5,8,60
S01006658,Level 1,152,98,82,3,13,54
S01006658,Level 2,187,118,101,3,14,69
S01006658,Level 3,101,90,73,5,12,11
S01006658,Level 4 and above,312,243,214,12,17,69
S01006659,All people aged 16 and over,594,357,308,25,24,237
S01006659,No qualifications,56,18,12,4,2,38
S01006659,Level 1,68,43,37,4,2,25
S01006659,Level 2,194,93,77,4,12,101
S01006659,Level 3,37,29,27,0,2,8
S01006659,Level 4 and above,239,174,155,13,6,65
S01006660,All people aged 16 and over,425,286,240,16,30,139
S01006660,No qualifications,50,25,18,3,4,25
S01006660,Level 1,79,57,49,3,5,22
S01006660,Level 2,98,55,46,1,8,43
S01006660,Level 3,40,36,28,1,7,4
S01006660,Level 4 and above,158,113,99,8,6,45
S01006661,All people aged 16 and over,590,363,318,16,29,227
S01006661,No qualifications,56,24,19,5,0,32
S01006661,Level 1,73,33,27,1,5,40
S01006661,Level 2,159,86,73,1,12,73
S01006661,Level 3,53,40,36,1,3,13
S01006661,Level 4 and above,249,180,163,8,9,69
S01006662,All people aged 16 and over,738,403,309,24,70,335
S01006662,No qualifications,98,63,53,3,7,35
S01006662,Level 1,106,67,52,6,9,39
S01006662,Level 2,228,100,65,4,31,128
S01006662,Level 3,47,36,31,1,4,11
S01006662,Level 4 and above,259,137,108,10,19,122
S01006663,All people aged 16 and over,522,315,264,22,29,207
S01006663,No qualifications,32,15,13,1,1,17
S01006663,Level 1,56,36,29,4,3,20
S01006663,Level 2,183,86,72,3,11,97
S01006663,Level 3,44,29,26,1,2,15
S01006663,Level 4 and above,207,149,124,13,12,58
S01006664,All people aged 16 and over,471,311,278,12,21,160
S01006664,No qualifications,50,20,15,2,3,30
S01006664,Level 1,52,33,29,0,4,19
S01006664,Level 2,124,66,59,3,4,58
S01006664,Level 3,53,43,38,2,3,10
S01006664,Level 4 and above,192,149,137,5,7,43
S01006665,All people aged 16 and over,681,407,346,22,39,274
S01006665,No qualifications,68,23,17,3,3,45
S01006665,Level 1,82,54,49,1,4,28
S01006665,Level 2,242,117,93,6,18,125
S01006665,Level 3,51,40,33,3,4,11
S01006665,Level 4 and above,238,173,154,9,10,65
S01006666,All people aged 16 and over,742,424,340,28,56,318
S01006666,No qualifications,307,94,72,6,16,213
S01006666,Level 1,173,124,87,10,27,49
S01006666,Level 2,75,48,42,3,3,27
S01006666,Level 3,47,43,40,1,2,4
S01006666,Level 4 and above,140,115,99,8,8,25
S01006667,All people aged 16 and over,653,405,321,21,63,248
S01006667,No qualifications,207,79,61,4,14,128
S01006667,Level 1,146,99,78,5,16,47
S01006667,Level 2,89,51,38,2,11,38
S01006667,Level 3,69,57,45,4,8,12
S01006667,Level 4 and above,142,119,99,6,14,23
S01006668,All people aged 16 and over,858,550,468,19,63,308
S01006668,No qualifications,68,21,17,2,2,47
S01006668,Level 1,109,75,63,3,9,34
S01006668,Level 2,290,151,114,4,33,139
S01006668,Level 3,91,66,59,1,6,25
S01006668,Level 4 and above,300,237,215,9,13,63
S01006669,All people aged 16 and over,1161,522,394,28,100,639
S01006669,No qualifications,200,55,48,4,3,145
S01006669,Level 1,179,85,63,5,17,94
S01006669,Level 2,340,135,80,3,52,205
S01006669,Level 3,59,35,25,2,8,24
S01006669,Level 4 and above,383,212,178,14,20,171
S01006670,All people aged 16 and over,901,549,450,20,79,352
S01006670,No qualifications,121,29,25,3,1,92
S01006670,Level 1,117,67,47,7,13,50
S01006670,Level 2,324,204,172,4,28,120
S01006670,Level 3,76,58,49,1,8,18
S01006670,Level 4 and above,263,191,157,5,29,72
S01006671,All people aged 16 and over,2355,988,580,26,382,1367
S01006671,No qualifications,82,26,18,3,5,56
S01006671,Level 1,316,131,79,4,48,185
S01006671,Level 2,1088,494,266,5,223,594
S01006671,Level 3,196,84,50,3,31,112
S01006671,Level 4 and above,673,253,167,11,75,420
S01006672,All people aged 16 and over,685,422,358,19,45,263
S01006672,No qualifications,162,76,65,3,8,86
S01006672,Level 1,134,89,68,7,14,45
S01006672,Level 2,127,65,55,2,8,62
S01006672,Level 3,70,48,45,0,3,22
S01006672,Level 4 and above,192,144,125,7,12,48
S01006673,All people aged 16 and over,760,499,392,43,64,261
S01006673,No qualifications,131,67,52,9,6,64
S01006673,Level 1,137,100,74,10,16,37
S01006673,Level 2,146,81,66,3,12,65
S01006673,Level 3,78,63,49,7,7,15
S01006673,Level 4 and above,268,188,151,14,23,80
S01006674,All people aged 16 and over,779,453,368,33,52,326
S01006674,No qualifications,285,97,75,7,15,188
S01006674,Level 1,196,135,104,9,22,61
S01006674,Level 2,63,47,43,1,3,16
S01006674,Level 3,81,55,48,3,4,26
S01006674,Level 4 and above,154,119,98,13,8,35
S01006675,All people aged 16 and over,530,387,317,16,54,143
S01006675,No qualifications,118,61,50,2,9,57
S01006675,Level 1,153,107,84,6,17,46
S01006675,Level 2,54,32,26,0,6,22
S01006675,Level 3,65,59,49,4,6,6
S01006675,Level 4 and above,140,128,108,4,16,12
S01006676,All people aged 16 and over,606,386,322,21,43,220
S01006676,No qualifications,186,75,61,6,8,111
S01006676,Level 1,148,95,76,5,14,53
S01006676,Level 2,87,60,51,2,7,27
S01006676,Level 3,64,55,44,5,6,9
S01006676,Level 4 and above,121,101,90,3,8,20
S01006677,All people aged 16 and over,621,417,339,26,52,204
S01006677,No qualifications,172,87,72,5,10,85
S01006677,Level 1,165,124,92,8,24,41
S01006677,Level 2,83,51,43,3,5,32
S01006677,Level 3,56,41,35,3,3,15
S01006677,Level 4 and above,145,114,97,7,10,31
S01006678,All people aged 16 and over,935,627,523,25,79,308
S01006678,No qualifications,299,150,118,5,27,149
S01006678,Level 1,311,227,189,4,34,84
S01006678,Level 2,87,62,54,2,6,25
S01006678,Level 3,84,67,58,5,4,17
S01006678,Level 4 and above,154,121,104,9,8,33
S01006679,All people aged 16 and over,581,398,361,21,16,183
S01006679,No qualifications,161,63,58,4,1,98
S01006679,Level 1,126,96,82,6,8,30
S01006679,Level 2,86,67,60,3,4,19
S01006679,Level 3,54,46,42,4,0,8
S01006679,Level 4 and above,154,126,119,4,3,28
S01006680,All people aged 16 and over,668,471,391,26,54,197
S01006680,No qualifications,209,110,88,10,12,99
S01006680,Level 1,199,148,121,4,23,51
S01006680,Level 2,47,33,29,2,2,14
S01006680,Level 3,87,71,59,3,9,16
S01006680,Level 4 and above,126,109,94,7,8,17
S01006681,All people aged 16 and over,765,497,444,24,29,268
S01006681,No qualifications,306,117,112,1,4,189
S01006681,Level 1,170,138,114,6,18,32
S01006681,Level 2,86,74,62,6,6,12
S01006681,Level 3,63,54,52,1,1,9
S01006681,Level 4 and above,140,114,104,10,0,26
S01006682,All people aged 16 and over,662,459,374,28,57,203
S01006682,No qualifications,186,84,57,7,20,102
S01006682,Level 1,187,147,126,6,15,40
S01006682,Level 2,72,53,42,1,10,19
S01006682,Level 3,71,64,54,6,4,7
S01006682,Level 4 and above,146,111,95,8,8,35
S01006683,All people aged 16 and over,697,509,431,24,54,188
S01006683,No qualifications,134,69,54,6,9,65
S01006683,Level 1,170,138,114,2,22,32
S01006683,Level 2,119,80,67,6,7,39
S01006683,Level 3,74,58,50,1,7,16
S01006683,Level 4 and above,200,164,146,9,9,36
S01006684,All people aged 16 and over,605,429,366,17,46,176
S01006684,No qualifications,143,71,62,1,8,72
S01006684,Level 1,171,119,93,3,23,52
S01006684,Level 2,91,72,62,3,7,19
S01006684,Level 3,46,40,36,3,1,6
S01006684,Level 4 and above,154,127,113,7,7,27
S01006685,All people aged 16 and over,638,457,388,21,48,181
S01006685,No qualifications,178,81,65,5,11,97
S01006685,Level 1,172,131,104,7,20,41
S01006685,Level 2,76,59,53,0,6,17
S01006685,Level 3,74,62,55,1,6,12
S01006685,Level 4 and above,138,124,111,8,5,14
S01006686,All people aged 16 and over,521,348,305,22,21,173
S01006686,No qualifications,166,60,50,5,5,106
S01006686,Level 1,165,131,115,11,5,34
S01006686,Level 2,55,44,37,0,7,11
S01006686,Level 3,41,33,29,3,1,8
S01006686,Level 4 and above,94,80,74,3,3,14
S01006687,All people aged 16 and over,719,475,422,18,35,244
S01006687,No qualifications,217,82,72,5,5,135
S01006687,Level 1,173,121,102,4,15,52
S01006687,Level 2,103,76,70,1,5,27
S01006687,Level 3,58,52,44,4,4,6
S01006687,Level 4 and above,168,144,134,4,6,24
S01006688,All people aged 16 and over,851,430,366,46,18,421
S01006688,No qualifications,273,57,49,4,4,216
S01006688,Level 1,210,128,109,17,2,82
S01006688,Level 2,113,69,55,10,4,44
S01006688,Level 3,64,43,38,3,2,21
S01006688,Level 4 and above,191,133,115,12,6,58
S01006689,All people aged 16 and over,546,405,341,47,17,141
S01006689,No qualifications,44,19,16,3,0,25
S01006689,Level 1,77,57,47,10,0,20
S01006689,Level 2,98,60,44,8,8,38
S01006689,Level 3,63,43,36,5,2,20
S01006689,Level 4 and above,264,226,198,21,7,38
S01006690,All people aged 16 and over,533,348,305,18,25,185
S01006690,No qualifications,102,31,24,1,6,71
S01006690,Level 1,100,70,61,3,6,30
S01006690,Level 2,102,57,45,5,7,45
S01006690,Level 3,48,36,33,2,1,12
S01006690,Level 4 and above,181,154,142,7,5,27
S01006691,All people aged 16 and over,497,350,311,26,13,147
S01006691,No qualifications,70,28,22,5,1,42
S01006691,Level 1,101,72,59,8,5,29
S01006691,Level 2,78,43,38,2,3,35
S01006691,Level 3,46,41,38,1,2,5
S01006691,Level 4 and above,202,166,154,10,2,36
S01006692,All people aged 16 and over,669,396,350,32,14,273
S01006692,No qualifications,127,47,39,7,1,80
S01006692,Level 1,115,65,54,9,2,50
S01006692,Level 2,126,61,56,2,3,65
S01006692,Level 3,51,35,30,2,3,16
S01006692,Level 4 and above,250,188,171,12,5,62
S01006693,All people aged 16 and over,834,609,531,35,43,225
S01006693,No qualifications,137,54,44,4,6,83
S01006693,Level 1,199,153,124,14,15,46
S01006693,Level 2,130,97,87,6,4,33
S01006693,Level 3,78,61,54,3,4,17
S01006693,Level 4 and above,290,244,222,8,14,46
S01006694,All people aged 16 and over,735,354,304,26,24,381
S01006694,No qualifications,340,83,73,5,5,257
S01006694,Level 1,212,129,111,8,10,83
S01006694,Level 2,49,36,26,4,6,13
S01006694,Level 3,43,37,32,4,1,6
S01006694,Level 4 and above,91,69,62,5,2,22
S01006695,All people aged 16 and over,608,376,335,29,12,232
S01006695,No qualifications,187,67,54,10,3,120
S01006695,Level 1,175,117,108,6,3,58
S01006695,Level 2,67,50,46,3,1,17
S01006695,Level 3,70,57,51,5,1,13
S01006695,Level 4 and above,109,85,76,5,4,24
S01006696,All people aged 16 and over,695,437,377,20,40,258
S01006696,No qualifications,210,68,54,3,11,142
S01006696,Level 1,201,146,125,8,13,55
S01006696,Level 2,84,63,59,2,2,21
S01006696,Level 3,68,57,50,1,6,11
S01006696,Level 4 and above,132,103,89,6,8,29
S01006697,All people aged 16 and over,772,499,441,36,22,273
S01006697,No qualifications,228,89,73,11,5,139
S01006697,Level 1,243,164,147,12,5,79
S01006697,Level 2,94,77,69,5,3,17
S01006697,Level 3,54,46,39,3,4,8
S01006697,Level 4 and above,153,123,113,5,5,30
S01006698,All people aged 16 and over,608,339,313,8,18,269
S01006698,No qualifications,218,54,49,4,1,164
S01006698,Level 1,145,104,100,0,4,41
S01006698,Level 2,76,52,46,2,4,24
S01006698,Level 3,51,37,36,0,1,14
S01006698,Level 4 and above,118,92,82,2,8,26
S01006699,All people aged 16 and over,410,288,252,17,19,122
S01006699,No qualifications,88,47,40,5,2,41
S01006699,Level 1,117,90,77,4,9,27
S01006699,Level 2,34,21,18,1,2,13
S01006699,Level 3,30,27,24,3,0,3
S01006699,Level 4 and above,141,103,93,4,6,38
S01006700,All people aged 16 and over,754,450,386,34,30,304
S01006700,No qualifications,184,54,38,6,10,130
S01006700,Level 1,183,113,95,10,8,70
S01006700,Level 2,93,57,47,4,6,36
S01006700,Level 3,68,53,50,1,2,15
S01006700,Level 4 and above,226,173,156,13,4,53
S01006701,All people aged 16 and over,554,376,319,15,42,178
S01006701,No qualifications,186,87,71,3,13,99
S01006701,Level 1,209,161,131,7,23,48
S01006701,Level 2,57,44,40,1,3,13
S01006701,Level 3,42,37,33,2,2,5
S01006701,Level 4 and above,60,47,44,2,1,13
S01006702,All people aged 16 and over,635,433,370,34,29,202
S01006702,No qualifications,245,116,99,7,10,129
S01006702,Level 1,207,167,142,13,12,40
S01006702,Level 2,65,55,46,8,1,10
S01006702,Level 3,57,45,41,2,2,12
S01006702,Level 4 and above,61,50,42,4,4,11
S01006703,All people aged 16 and over,522,356,303,19,34,166
S01006703,No qualifications,179,81,71,5,5,98
S01006703,Level 1,175,136,110,7,19,39
S01006703,Level 2,52,44,41,2,1,8
S01006703,Level 3,37,30,27,1,2,7
S01006703,Level 4 and above,79,65,54,4,7,14
S01006704,All people aged 16 and over,481,297,261,11,25,184
S01006704,No qualifications,175,66,54,4,8,109
S01006704,Level 1,169,131,114,3,14,38
S01006704,Level 2,42,22,19,2,1,20
S01006704,Level 3,43,35,33,0,2,8
S01006704,Level 4 and above,52,43,41,2,0,9
S01006705,All people aged 16 and over,627,373,328,27,18,254
S01006705,No qualifications,248,89,78,8,3,159
S01006705,Level 1,226,158,139,11,8,68
S01006705,Level 2,52,44,39,5,0,8
S01006705,Level 3,41,37,35,1,1,4
S01006705,Level 4 and above,60,45,37,2,6,15
S01006706,All people aged 16 and over,495,343,296,27,20,152
S01006706,No qualifications,153,60,58,1,1,93
S01006706,Level 1,159,128,107,15,6,31
S01006706,Level 2,63,52,39,3,10,11
S01006706,Level 3,40,33,31,2,0,7
S01006706,Level 4 and above,80,70,61,6,3,10
S01006707,All people aged 16 and over,543,363,310,23,30,180
S01006707,No qualifications,190,93,74,10,9,97
S01006707,Level 1,171,113,90,9,14,58
S01006707,Level 2,54,45,40,3,2,9
S01006707,Level 3,40,35,32,0,3,5
S01006707,Level 4 and above,88,77,74,1,2,11
S01006708,All people aged 16 and over,668,405,359,27,19,263
S01006708,No qualifications,222,64,53,8,3,158
S01006708,Level 1,218,163,139,11,13,55
S01006708,Level 2,57,42,39,3,0,15
S01006708,Level 3,56,46,42,4,0,10
S01006708,Level 4 and above,115,90,86,1,3,25
S01006709,All people aged 16 and over,678,443,379,33,31,235
S01006709,No qualifications,218,90,71,11,8,128
S01006709,Level 1,245,188,161,12,15,57
S01006709,Level 2,73,54,50,2,2,19
S01006709,Level 3,60,52,46,4,2,8
S01006709,Level 4 and above,82,59,51,4,4,23
S01006710,All people aged 16 and over,753,464,418,31,15,289
S01006710,No qualifications,301,108,87,17,4,193
S01006710,Level 1,212,158,144,6,8,54
S01006710,Level 2,93,81,77,3,1,12
S01006710,Level 3,54,39,35,3,1,15
S01006710,Level 4 and above,93,78,75,2,1,15
S01006711,All people aged 16 and over,807,508,424,53,31,299
S01006711,No qualifications,295,112,91,16,5,183
S01006711,Level 1,245,183,152,16,15,62
S01006711,Level 2,99,80,68,8,4,19
S01006711,Level 3,55,45,42,1,2,10
S01006711,Level 4 and above,113,88,71,12,5,25
S01006712,All people aged 16 and over,454,266,240,13,13,188
S01006712,No qualifications,178,56,47,5,4,122
S01006712,Level 1,147,108,102,2,4,39
S01006712,Level 2,45,37,36,0,1,8
S01006712,Level 3,32,22,19,0,3,10
S01006712,Level 4 and above,52,43,36,6,1,9
S01006713,All people aged 16 and over,788,488,437,30,21,300
S01006713,No qualifications,310,129,115,10,4,181
S01006713,Level 1,263,192,169,11,12,71
S01006713,Level 2,84,67,59,5,3,17
S01006713,Level 3,49,41,39,1,1,8
S01006713,Level 4 and above,82,59,55,3,1,23
S01006714,All people aged 16 and over,589,367,328,16,23,222
S01006714,No qualifications,227,93,77,8,8,134
S01006714,Level 1,168,124,108,6,10,44
S01006714,Level 2,61,47,44,1,2,14
S01006714,Level 3,50,43,42,0,1,7
S01006714,Level 4 and above,83,60,57,1,2,23
S01006715,All people aged 16 and over,439,295,252,15,28,144
S01006715,No qualifications,154,77,62,4,11,77
S01006715,Level 1,160,111,98,3,10,49
S01006715,Level 2,39,33,30,2,1,6
S01006715,Level 3,28,24,19,1,4,4
S01006715,Level 4 and above,58,50,43,5,2,8
S01006716,All people aged 16 and over,496,344,289,30,25,152
S01006716,No qualifications,160,82,63,10,9,78
S01006716,Level 1,188,139,118,12,9,49
S01006716,Level 2,56,43,36,2,5,13
S01006716,Level 3,37,30,29,0,1,7
S01006716,Level 4 and above,55,50,43,6,1,5
S01006717,All people aged 16 and over,819,516,453,27,36,303
S01006717,No qualifications,324,122,109,8,5,202
S01006717,Level 1,248,189,162,10,17,59
S01006717,Level 2,83,72,61,3,8,11
S01006717,Level 3,60,51,45,2,4,9
S01006717,Level 4 and above,104,82,76,4,2,22
S01006718,All people aged 16 and over,519,345,284,27,34,174
S01006718,No qualifications,190,101,81,11,9,89
S01006718,Level 1,192,133,109,7,17,59
S01006718,Level 2,50,41,30,4,7,9
S01006718,Level 3,31,24,23,1,0,7
S01006718,Level 4 and above,56,46,41,4,1,10
S01006719,All people aged 16 and over,724,491,419,40,32,233
S01006719,No qualifications,243,110,93,7,10,133
S01006719,Level 1,239,188,152,18,18,51
S01006719,Level 2,89,67,61,4,2,22
S01006719,Level 3,58,46,43,1,2,12
S01006719,Level 4 and above,95,80,70,10,0,15
S01006720,All people aged 16 and over,477,339,291,20,28,138
S01006720,No qualifications,168,81,71,5,5,87
S01006720,Level 1,159,135,108,8,19,24
S01006720,Level 2,44,35,34,1,0,9
S01006720,Level 3,40,36,34,1,1,4
S01006720,Level 4 and above,66,52,44,5,3,14
S01006721,All people aged 16 and over,735,489,424,27,38,246
S01006721,No qualifications,265,117,102,9,6,148
S01006721,Level 1,271,205,176,8,21,66
S01006721,Level 2,62,51,46,4,1,11
S01006721,Level 3,49,42,37,2,3,7
S01006721,Level 4 and above,88,74,63,4,7,14
S01006722,All people aged 16 and over,619,406,353,19,34,213
S01006722,No qualifications,205,90,79,3,8,115
S01006722,Level 1,223,162,138,10,14,61
S01006722,Level 2,53,42,37,2,3,11
S01006722,Level 3,46,42,40,0,2,4
S01006722,Level 4 and above,92,70,59,4,7,22
S01006723,All people aged 16 and over,553,354,303,26,25,199
S01006723,No qualifications,191,76,59,8,9,115
S01006723,Level 1,179,136,122,8,6,43
S01006723,Level 2,72,53,44,6,3,19
S01006723,Level 3,31,27,25,1,1,4
S01006723,Level 4 and above,80,62,53,3,6,18
S01006724,All people aged 16 and over,687,470,375,28,67,217
S01006724,No qualifications,225,120,95,7,18,105
S01006724,Level 1,281,208,162,10,36,73
S01006724,Level 2,60,45,36,1,8,15
S01006724,Level 3,36,32,27,3,2,4
S01006724,Level 4 and above,85,65,55,7,3,20
S01006725,All people aged 16 and over,532,352,315,19,18,180
S01006725,No qualifications,196,88,80,2,6,108
S01006725,Level 1,179,139,121,11,7,40
S01006725,Level 2,61,46,41,2,3,15
S01006725,Level 3,46,39,35,2,2,7
S01006725,Level 4 and above,50,40,38,2,0,10
S01006726,All people aged 16 and over,985,717,584,33,100,268
S01006726,No qualifications,297,164,127,8,29,133
S01006726,Level 1,327,240,186,6,48,87
S01006726,Level 2,97,84,70,2,12,13
S01006726,Level 3,97,82,71,8,3,15
S01006726,Level 4 and above,167,147,130,9,8,20
S01006727,All people aged 16 and over,784,483,392,23,68,301
S01006727,No qualifications,294,105,83,6,16,189
S01006727,Level 1,262,197,153,9,35,65
S01006727,Level 2,76,58,48,2,8,18
S01006727,Level 3,60,45,41,2,2,15
S01006727,Level 4 and above,92,78,67,4,7,14
S01006728,All people aged 16 and over,588,399,351,16,32,189
S01006728,No qualifications,193,88,76,4,8,105
S01006728,Level 1,190,146,128,3,15,44
S01006728,Level 2,52,38,35,1,2,14
S01006728,Level 3,55,43,41,2,0,12
S01006728,Level 4 and above,98,84,71,6,7,14
S01006729,All people aged 16 and over,639,410,347,14,49,229
S01006729,No qualifications,249,106,88,6,12,143
S01006729,Level 1,200,145,123,2,20,55
S01006729,Level 2,55,43,32,1,10,12
S01006729,Level 3,43,38,34,2,2,5
S01006729,Level 4 and above,92,78,70,3,5,14
S01006730,All people aged 16 and over,579,417,374,16,27,162
S01006730,No qualifications,181,97,86,7,4,84
S01006730,Level 1,189,146,132,2,12,43
S01006730,Level 2,70,58,58,0,0,12
S01006730,Level 3,42,38,32,2,4,4
S01006730,Level 4 and above,97,78,66,5,7,19
S01006731,All people aged 16 and over,482,313,273,18,22,169
S01006731,No qualifications,190,89,70,7,12,101
S01006731,Level 1,168,127,116,3,8,41
S01006731,Level 2,51,36,31,3,2,15
S01006731,Level 3,26,21,18,3,0,5
S01006731,Level 4 and above,47,40,38,2,0,7
S01006732,All people aged 16 and over,858,573,463,84,26,285
S01006732,No qualifications,130,48,30,16,2,82
S01006732,Level 1,167,113,87,15,11,54
S01006732,Level 2,129,93,75,12,6,36
S01006732,Level 3,118,77,68,7,2,41
S01006732,Level 4 and above,314,242,203,34,5,72
S01006733,All people aged 16 and over,646,482,402,63,17,164
S01006733,No qualifications,43,13,10,2,1,30
S01006733,Level 1,136,99,79,15,5,37
S01006733,Level 2,93,71,61,7,3,22
S01006733,Level 3,78,66,60,5,1,12
S01006733,Level 4 and above,296,233,192,34,7,63
S01006734,All people aged 16 and over,756,545,449,79,17,211
S01006734,No qualifications,118,26,16,9,1,92
S01006734,Level 1,148,107,83,16,8,41
S01006734,Level 2,92,77,67,9,1,15
S01006734,Level 3,78,68,57,9,2,10
S01006734,Level 4 and above,320,267,226,36,5,53
S01006735,All people aged 16 and over,501,297,260,29,8,204
S01006735,No qualifications,72,18,17,1,0,54
S01006735,Level 1,80,38,35,2,1,42
S01006735,Level 2,73,50,39,7,4,23
S01006735,Level 3,42,28,27,0,1,14
S01006735,Level 4 and above,234,163,142,19,2,71
S01006736,All people aged 16 and over,772,675,578,76,21,97
S01006736,No qualifications,40,24,17,6,1,16
S01006736,Level 1,147,124,110,11,3,23
S01006736,Level 2,118,100,93,3,4,18
S01006736,Level 3,113,104,87,13,4,9
S01006736,Level 4 and above,354,323,271,43,9,31
S01006737,All people aged 16 and over,544,352,293,45,14,192
S01006737,No qualifications,80,28,15,12,1,52
S01006737,Level 1,116,71,54,10,7,45
S01006737,Level 2,75,54,50,2,2,21
S01006737,Level 3,63,47,40,6,1,16
S01006737,Level 4 and above,210,152,134,15,3,58
S01006738,All people aged 16 and over,714,608,542,41,25,106
S01006738,No qualifications,119,78,68,5,5,41
S01006738,Level 1,203,181,163,11,7,22
S01006738,Level 2,102,88,73,11,4,14
S01006738,Level 3,92,86,79,4,3,6
S01006738,Level 4 and above,198,175,159,10,6,23
S01006739,All people aged 16 and over,529,427,375,35,17,102
S01006739,No qualifications,103,52,40,8,4,51
S01006739,Level 1,142,118,103,8,7,24
S01006739,Level 2,84,75,66,7,2,9
S01006739,Level 3,64,57,54,3,0,7
S01006739,Level 4 and above,136,125,112,9,4,11
S01006740,All people aged 16 and over,637,420,373,22,25,217
S01006740,No qualifications,208,75,65,5,5,133
S01006740,Level 1,190,156,137,5,14,34
S01006740,Level 2,72,54,48,2,4,18
S01006740,Level 3,64,50,44,5,1,14
S01006740,Level 4 and above,103,85,79,5,1,18
S01006741,All people aged 16 and over,596,325,294,26,5,271
S01006741,No qualifications,253,76,72,4,0,177
S01006741,Level 1,164,120,109,11,0,44
S01006741,Level 2,45,33,30,2,1,12
S01006741,Level 3,43,33,29,2,2,10
S01006741,Level 4 and above,91,63,54,7,2,28
S01006742,All people aged 16 and over,388,218,191,18,9,170
S01006742,No qualifications,149,39,32,5,2,110
S01006742,Level 1,115,78,66,8,4,37
S01006742,Level 2,38,30,28,0,2,8
S01006742,Level 3,22,20,19,1,0,2
S01006742,Level 4 and above,64,51,46,4,1,13
S01006743,All people aged 16 and over,481,326,297,25,4,155
S01006743,No qualifications,127,40,35,3,2,87
S01006743,Level 1,133,93,85,7,1,40
S01006743,Level 2,73,65,56,8,1,8
S01006743,Level 3,47,42,40,2,0,5
S01006743,Level 4 and above,101,86,81,5,0,15
S01006744,All people aged 16 and over,524,401,350,34,17,123
S01006744,No qualifications,123,57,51,5,1,66
S01006744,Level 1,139,112,95,8,9,27
S01006744,Level 2,72,63,52,10,1,9
S01006744,Level 3,64,63,58,2,3,1
S01006744,Level 4 and above,126,106,94,9,3,20
S01006745,All people aged 16 and over,707,429,374,35,20,278
S01006745,No qualifications,249,95,75,13,7,154
S01006745,Level 1,216,141,125,8,8,75
S01006745,Level 2,73,60,52,5,3,13
S01006745,Level 3,67,57,54,2,1,10
S01006745,Level 4 and above,102,76,68,7,1,26
S01006746,All people aged 16 and over,712,455,401,29,25,257
S01006746,No qualifications,230,66,56,6,4,164
S01006746,Level 1,246,199,174,12,13,47
S01006746,Level 2,80,68,62,2,4,12
S01006746,Level 3,65,53,47,4,2,12
S01006746,Level 4 and above,91,69,62,5,2,22
S01006747,All people aged 16 and over,728,425,380,30,15,303
S01006747,No qualifications,160,52,49,1,2,108
S01006747,Level 1,177,109,96,8,5,68
S01006747,Level 2,103,78,68,7,3,25
S01006747,Level 3,85,59,53,5,1,26
S01006747,Level 4 and above,203,127,114,9,4,76
S01006748,All people aged 16 and over,772,500,431,52,17,272
S01006748,No qualifications,156,40,28,10,2,116
S01006748,Level 1,212,152,132,12,8,60
S01006748,Level 2,108,91,81,7,3,17
S01006748,Level 3,80,55,46,7,2,25
S01006748,Level 4 and above,216,162,144,16,2,54
S01006749,All people aged 16 and over,773,536,483,31,22,237
S01006749,No qualifications,236,91,82,4,5,145
S01006749,Level 1,254,206,185,11,10,48
S01006749,Level 2,86,73,66,5,2,13
S01006749,Level 3,65,54,51,2,1,11
S01006749,Level 4 and above,132,112,99,9,4,20
S01006750,All people aged 16 and over,627,374,329,26,19,253
S01006750,No qualifications,234,84,72,8,4,150
S01006750,Level 1,178,128,111,7,10,50
S01006750,Level 2,74,49,45,3,1,25
S01006750,Level 3,45,41,37,2,2,4
S01006750,Level 4 and above,96,72,64,6,2,24
S01006751,All people aged 16 and over,436,258,234,19,5,178
S01006751,No qualifications,156,43,36,7,0,113
S01006751,Level 1,109,83,72,7,4,26
S01006751,Level 2,57,45,44,1,0,12
S01006751,Level 3,35,31,30,1,0,4
S01006751,Level 4 and above,79,56,52,3,1,23
S01006752,All people aged 16 and over,596,366,338,13,15,230
S01006752,No qualifications,213,66,60,3,3,147
S01006752,Level 1,162,123,112,6,5,39
S01006752,Level 2,66,53,51,0,2,13
S01006752,Level 3,64,48,45,2,1,16
S01006752,Level 4 and above,91,76,70,2,4,15
S01006753,All people aged 16 and over,779,507,447,52,8,272
S01006753,No qualifications,177,61,54,5,2,116
S01006753,Level 1,198,137,121,11,5,61
S01006753,Level 2,105,80,69,11,0,25
S01006753,Level 3,95,77,70,7,0,18
S01006753,Level 4 and above,204,152,133,18,1,52
S01006754,All people aged 16 and over,808,511,462,34,15,297
S01006754,No qualifications,163,46,42,3,1,117
S01006754,Level 1,234,162,140,10,12,72
S01006754,Level 2,112,87,84,3,0,25
S01006754,Level 3,89,67,58,8,1,22
S01006754,Level 4 and above,210,149,138,10,1,61
S01006755,All people aged 16 and over,574,451,377,66,8,123
S01006755,No qualifications,73,36,26,8,2,37
S01006755,Level 1,160,126,106,17,3,34
S01006755,Level 2,80,61,51,8,2,19
S01006755,Level 3,74,64,51,13,0,10
S01006755,Level 4 and above,187,164,143,20,1,23
S01006756,All people aged 16 and over,616,444,390,41,13,172
S01006756,No qualifications,106,12,10,2,0,94
S01006756,Level 1,92,74,60,7,7,18
S01006756,Level 2,86,65,55,7,3,21
S01006756,Level 3,78,72,67,4,1,6
S01006756,Level 4 and above,254,221,198,21,2,33
S01006757,All people aged 16 and over,749,521,468,34,19,228
S01006757,No qualifications,182,50,39,5,6,132
S01006757,Level 1,180,142,122,14,6,38
S01006757,Level 2,116,97,91,3,3,19
S01006757,Level 3,77,63,58,3,2,14
S01006757,Level 4 and above,194,169,158,9,2,25
S01006758,All people aged 16 and over,599,470,427,33,10,129
S01006758,No qualifications,78,35,32,3,0,43
S01006758,Level 1,173,137,126,8,3,36
S01006758,Level 2,93,74,68,4,2,19
S01006758,Level 3,70,63,57,4,2,7
S01006758,Level 4 and above,185,161,144,14,3,24
S01006759,All people aged 16 and over,492,363,322,30,11,129
S01006759,No qualifications,87,32,27,5,0,55
S01006759,Level 1,139,103,87,10,6,36
S01006759,Level 2,84,69,64,2,3,15
S01006759,Level 3,58,50,44,5,1,8
S01006759,Level 4 and above,124,109,100,8,1,15
S01006760,All people aged 16 and over,421,340,306,22,12,81
S01006760,No qualifications,62,22,19,3,0,40
S01006760,Level 1,121,103,89,6,8,18
S01006760,Level 2,68,60,58,1,1,8
S01006760,Level 3,57,55,52,3,0,2
S01006760,Level 4 and above,113,100,88,9,3,13
S01006761,All people aged 16 and over,629,458,397,44,17,171
S01006761,No qualifications,140,59,46,9,4,81
S01006761,Level 1,177,138,121,14,3,39
S01006761,Level 2,87,74,65,2,7,13
S01006761,Level 3,65,55,50,4,1,10
S01006761,Level 4 and above,160,132,115,15,2,28
S01006762,All people aged 16 and over,718,397,340,45,12,321
S01006762,No qualifications,232,54,40,12,2,178
S01006762,Level 1,154,111,97,10,4,43
S01006762,Level 2,99,68,60,6,2,31
S01006762,Level 3,57,44,38,5,1,13
S01006762,Level 4 and above,176,120,105,12,3,56
S01006763,All people aged 16 and over,667,590,529,41,20,77
S01006763,No qualifications,49,36,28,7,1,13
S01006763,Level 1,210,178,157,11,10,32
S01006763,Level 2,111,102,91,8,3,9
S01006763,Level 3,88,79,72,6,1,9
S01006763,Level 4 and above,209,195,181,9,5,14
S01006764,All people aged 16 and over,665,560,521,23,16,105
S01006764,No qualifications,71,38,35,2,1,33
S01006764,Level 1,208,176,157,11,8,32
S01006764,Level 2,114,102,96,4,2,12
S01006764,Level 3,76,71,69,2,0,5
S01006764,Level 4 and above,196,173,164,4,5,23
S01006765,All people aged 16 and over,500,414,381,23,10,86
S01006765,No qualifications,58,38,36,2,0,20
S01006765,Level 1,166,141,125,11,5,25
S01006765,Level 2,84,73,68,3,2,11
S01006765,Level 3,56,50,48,2,0,6
S01006765,Level 4 and above,136,112,104,5,3,24
S01006766,All people aged 16 and over,505,397,353,34,10,108
S01006766,No qualifications,44,21,19,2,0,23
S01006766,Level 1,129,98,81,12,5,31
S01006766,Level 2,102,86,79,6,1,16
S01006766,Level 3,59,53,47,4,2,6
S01006766,Level 4 and above,171,139,127,10,2,32
S01006767,All people aged 16 and over,591,438,393,32,13,153
S01006767,No qualifications,156,69,65,4,0,87
S01006767,Level 1,169,132,120,8,4,37
S01006767,Level 2,104,95,85,6,4,9
S01006767,Level 3,48,44,40,2,2,4
S01006767,Level 4 and above,114,98,83,12,3,16
S01006768,All people aged 16 and over,507,388,342,41,5,119
S01006768,No qualifications,58,31,23,8,0,27
S01006768,Level 1,117,84,74,10,0,33
S01006768,Level 2,94,73,65,6,2,21
S01006768,Level 3,63,54,46,7,1,9
S01006768,Level 4 and above,175,146,134,10,2,29
S01006769,All people aged 16 and over,793,580,522,47,11,213
S01006769,No qualifications,199,87,74,12,1,112
S01006769,Level 1,221,175,157,11,7,46
S01006769,Level 2,97,85,79,4,2,12
S01006769,Level 3,77,68,63,4,1,9
S01006769,Level 4 and above,199,165,149,16,0,34
S01006770,All people aged 16 and over,567,406,367,33,6,161
S01006770,No qualifications,122,51,46,5,0,71
S01006770,Level 1,146,102,94,7,1,44
S01006770,Level 2,87,77,69,6,2,10
S01006770,Level 3,56,43,39,4,0,13
S01006770,Level 4 and above,156,133,119,11,3,23
S01006771,All people aged 16 and over,378,297,260,29,8,81
S01006771,No qualifications,41,20,14,6,0,21
S01006771,Level 1,112,86,77,5,4,26
S01006771,Level 2,70,56,47,7,2,14
S01006771,Level 3,45,40,36,4,0,5
S01006771,Level 4 and above,110,95,86,7,2,15
S01006772,All people aged 16 and over,728,561,489,57,15,167
S01006772,No qualifications,143,78,67,9,2,65
S01006772,Level 1,210,160,127,28,5,50
S01006772,Level 2,112,96,87,7,2,16
S01006772,Level 3,81,68,64,2,2,13
S01006772,Level 4 and above,182,159,144,11,4,23
S01006773,All people aged 16 and over,604,408,356,43,9,196
S01006773,No qualifications,149,42,30,12,0,107
S01006773,Level 1,141,101,88,12,1,40
S01006773,Level 2,101,87,80,6,1,14
S01006773,Level 3,56,45,41,4,0,11
S01006773,Level 4 and above,157,133,117,9,7,24
S01006774,All people aged 16 and over,540,432,382,38,12,108
S01006774,No qualifications,82,50,44,6,0,32
S01006774,Level 1,144,122,113,5,4,22
S01006774,Level 2,108,88,72,13,3,20
S01006774,Level 3,59,53,49,2,2,6
S01006774,Level 4 and above,147,119,104,12,3,28
S01006775,All people aged 16 and over,549,392,348,29,15,157
S01006775,No qualifications,138,53,44,7,2,85
S01006775,Level 1,168,133,117,10,6,35
S01006775,Level 2,81,66,61,3,2,15
S01006775,Level 3,52,45,40,3,2,7
S01006775,Level 4 and above,110,95,86,6,3,15
S01006776,All people aged 16 and over,447,264,231,21,12,183
S01006776,No qualifications,192,59,52,7,0,133
S01006776,Level 1,113,90,79,5,6,23
S01006776,Level 2,43,34,32,2,0,9
S01006776,Level 3,36,30,24,5,1,6
S01006776,Level 4 and above,63,51,44,2,5,12
S01006777,All people aged 16 and over,553,391,354,35,2,162
S01006777,No qualifications,98,52,43,9,0,46
S01006777,Level 1,159,115,107,8,0,44
S01006777,Level 2,95,75,67,7,1,20
S01006777,Level 3,71,53,52,0,1,18
S01006777,Level 4 and above,130,96,85,11,0,34
S01006778,All people aged 16 and over,566,385,350,20,15,181
S01006778,No qualifications,146,49,41,6,2,97
S01006778,Level 1,163,121,107,5,9,42
S01006778,Level 2,86,77,72,4,1,9
S01006778,Level 3,59,46,45,0,1,13
S01006778,Level 4 and above,112,92,85,5,2,20
S01006779,All people aged 16 and over,527,335,296,19,20,192
S01006779,No qualifications,220,80,71,5,4,140
S01006779,Level 1,118,92,82,7,3,26
S01006779,Level 2,53,41,35,4,2,12
S01006779,Level 3,43,41,33,2,6,2
S01006779,Level 4 and above,93,81,75,1,5,12
S01006780,All people aged 16 and over,498,335,274,42,19,163
S01006780,No qualifications,129,41,33,6,2,88
S01006780,Level 1,124,93,70,15,8,31
S01006780,Level 2,74,59,50,6,3,15
S01006780,Level 3,55,46,38,4,4,9
S01006780,Level 4 and above,116,96,83,11,2,20
S01006781,All people aged 16 and over,607,379,320,44,15,228
S01006781,No qualifications,146,49,38,9,2,97
S01006781,Level 1,168,117,97,11,9,51
S01006781,Level 2,109,82,73,8,1,27
S01006781,Level 3,48,32,27,4,1,16
S01006781,Level 4 and above,136,99,85,12,2,37
S01006782,All people aged 16 and over,624,463,406,47,10,161
S01006782,No qualifications,120,50,43,7,0,70
S01006782,Level 1,177,132,118,10,4,45
S01006782,Level 2,85,75,64,7,4,10
S01006782,Level 3,67,63,54,9,0,4
S01006782,Level 4 and above,175,143,127,14,2,32
S01006783,All people aged 16 and over,585,340,296,26,18,245
S01006783,No qualifications,166,52,46,5,1,114
S01006783,Level 1,157,101,89,8,4,56
S01006783,Level 2,72,59,51,2,6,13
S01006783,Level 3,54,37,35,2,0,17
S01006783,Level 4 and above,136,91,75,9,7,45
S01006784,All people aged 16 and over,548,399,338,38,23,149
S01006784,No qualifications,87,29,19,8,2,58
S01006784,Level 1,115,91,73,10,8,24
S01006784,Level 2,80,61,50,5,6,19
S01006784,Level 3,66,58,52,4,2,8
S01006784,Level 4 and above,200,160,144,11,5,40
S01006785,All people aged 16 and over,495,390,354,27,9,105
S01006785,No qualifications,67,34,32,2,0,33
S01006785,Level 1,143,111,101,8,2,32
S01006785,Level 2,83,71,63,5,3,12
S01006785,Level 3,60,57,47,10,0,3
S01006785,Level 4 and above,142,117,111,2,4,25
S01006786,All people aged 16 and over,672,497,428,54,15,175
S01006786,No qualifications,107,44,37,5,2,63
S01006786,Level 1,148,106,85,12,9,42
S01006786,Level 2,113,84,75,7,2,29
S01006786,Level 3,84,73,62,9,2,11
S01006786,Level 4 and above,220,190,169,21,0,30
S01006787,All people aged 16 and over,569,376,312,49,15,193
S01006787,No qualifications,142,50,41,8,1,92
S01006787,Level 1,138,104,86,14,4,34
S01006787,Level 2,73,61,53,5,3,12
S01006787,Level 3,71,53,45,6,2,18
S01006787,Level 4 and above,145,108,87,16,5,37
S01006788,All people aged 16 and over,662,491,424,54,13,171
S01006788,No qualifications,143,49,33,12,4,94
S01006788,Level 1,163,132,116,12,4,31
S01006788,Level 2,110,91,80,9,2,19
S01006788,Level 3,69,58,51,7,0,11
S01006788,Level 4 and above,177,161,144,14,3,16
S01006789,All people aged 16 and over,552,325,259,56,10,227
S01006789,No qualifications,124,45,33,10,2,79
S01006789,Level 1,138,101,83,15,3,37
S01006789,Level 2,51,33,24,7,2,18
S01006789,Level 3,49,42,34,8,0,7
S01006789,Level 4 and above,190,104,85,16,3,86
S01006790,All people aged 16 and over,766,426,341,68,17,340
S01006790,No qualifications,183,66,54,9,3,117
S01006790,Level 1,202,148,123,18,7,54
S01006790,Level 2,112,77,66,7,4,35
S01006790,Level 3,43,27,22,4,1,16
S01006790,Level 4 and above,226,108,76,30,2,118
S01006791,All people aged 16 and over,446,293,189,89,15,153
S01006791,No qualifications,108,52,23,25,4,56
S01006791,Level 1,92,68,46,18,4,24
S01006791,Level 2,61,49,38,9,2,12
S01006791,Level 3,44,29,19,10,0,15
S01006791,Level 4 and above,141,95,63,27,5,46
S01006792,All people aged 16 and over,416,279,202,68,9,137
S01006792,No qualifications,73,44,32,11,1,29
S01006792,Level 1,96,64,54,9,1,32
S01006792,Level 2,62,46,25,17,4,16
S01006792,Level 3,47,37,29,7,1,10
S01006792,Level 4 and above,138,88,62,24,2,50
S01006793,All people aged 16 and over,478,322,247,71,4,156
S01006793,No qualifications,117,59,48,11,0,58
S01006793,Level 1,116,79,63,14,2,37
S01006793,Level 2,53,47,37,9,1,6
S01006793,Level 3,44,37,28,8,1,7
S01006793,Level 4 and above,148,100,71,29,0,48
S01006794,All people aged 16 and over,499,287,233,43,11,212
S01006794,No qualifications,130,44,33,9,2,86
S01006794,Level 1,122,88,72,10,6,34
S01006794,Level 2,55,42,34,5,3,13
S01006794,Level 3,33,22,18,4,0,11
S01006794,Level 4 and above,159,91,76,15,0,68
S01006795,All people aged 16 and over,587,349,273,67,9,238
S01006795,No qualifications,81,24,19,5,0,57
S01006795,Level 1,106,72,58,9,5,34
S01006795,Level 2,66,47,40,6,1,19
S01006795,Level 3,50,35,27,7,1,15
S01006795,Level 4 and above,284,171,129,40,2,113
S01006796,All people aged 16 and over,436,291,232,51,8,145
S01006796,No qualifications,50,22,13,6,3,28
S01006796,Level 1,85,57,49,6,2,28
S01006796,Level 2,67,50,40,9,1,17
S01006796,Level 3,49,40,35,5,0,9
S01006796,Level 4 and above,185,122,95,25,2,63
S01006797,All people aged 16 and over,500,360,258,92,10,140
S01006797,No qualifications,64,28,21,6,1,36
S01006797,Level 1,101,71,51,18,2,30
S01006797,Level 2,67,54,41,11,2,13
S01006797,Level 3,50,41,26,14,1,9
S01006797,Level 4 and above,218,166,119,43,4,52
S01006798,All people aged 16 and over,493,369,265,97,7,124
S01006798,No qualifications,81,46,24,21,1,35
S01006798,Level 1,122,99,71,26,2,23
S01006798,Level 2,62,45,33,12,0,17
S01006798,Level 3,55,46,34,12,0,9
S01006798,Level 4 and above,173,133,103,26,4,40
S01006799,All people aged 16 and over,745,466,389,62,15,279
S01006799,No qualifications,186,53,40,10,3,133
S01006799,Level 1,194,145,121,20,4,49
S01006799,Level 2,94,79,70,6,3,15
S01006799,Level 3,71,59,55,3,1,12
S01006799,Level 4 and above,200,130,103,23,4,70
S01006800,All people aged 16 and over,687,450,358,80,12,237
S01006800,No qualifications,99,42,32,9,1,57
S01006800,Level 1,112,84,62,19,3,28
S01006800,Level 2,112,79,63,13,3,33
S01006800,Level 3,68,43,32,8,3,25
S01006800,Level 4 and above,296,202,169,31,2,94
S01006801,All people aged 16 and over,796,495,384,96,15,301
S01006801,No qualifications,213,60,37,21,2,153
S01006801,Level 1,166,111,91,16,4,55
S01006801,Level 2,112,85,72,9,4,27
S01006801,Level 3,70,53,39,13,1,17
S01006801,Level 4 and above,235,186,145,37,4,49
S01006802,All people aged 16 and over,556,376,280,75,21,180
S01006802,No qualifications,141,57,43,12,2,84
S01006802,Level 1,134,102,75,17,10,32
S01006802,Level 2,74,59,41,16,2,15
S01006802,Level 3,51,40,30,10,0,11
S01006802,Level 4 and above,156,118,91,20,7,38
S01006803,All people aged 16 and over,571,360,308,37,15,211
S01006803,No qualifications,195,60,50,7,3,135
S01006803,Level 1,156,123,108,8,7,33
S01006803,Level 2,67,56,47,6,3,11
S01006803,Level 3,54,44,41,2,1,10
S01006803,Level 4 and above,99,77,62,14,1,22
S01006804,All people aged 16 and over,578,422,367,42,13,156
S01006804,No qualifications,116,49,37,9,3,67
S01006804,Level 1,145,108,93,11,4,37
S01006804,Level 2,80,65,55,8,2,15
S01006804,Level 3,63,52,44,7,1,11
S01006804,Level 4 and above,174,148,138,7,3,26
S01006805,All people aged 16 and over,894,644,521,100,23,250
S01006805,No qualifications,185,81,52,25,4,104
S01006805,Level 1,250,196,156,26,14,54
S01006805,Level 2,131,101,88,11,2,30
S01006805,Level 3,93,75,65,8,2,18
S01006805,Level 4 and above,235,191,160,30,1,44
S01006806,All people aged 16 and over,849,603,464,123,16,246
S01006806,No qualifications,172,75,49,24,2,97
S01006806,Level 1,191,147,117,27,3,44
S01006806,Level 2,134,98,73,21,4,36
S01006806,Level 3,107,89,67,21,1,18
S01006806,Level 4 and above,245,194,158,30,6,51
S01006807,All people aged 16 and over,484,369,276,70,23,115
S01006807,No qualifications,78,45,33,8,4,33
S01006807,Level 1,120,83,65,11,7,37
S01006807,Level 2,86,72,53,16,3,14
S01006807,Level 3,47,41,30,11,0,6
S01006807,Level 4 and above,153,128,95,24,9,25
S01006808,All people aged 16 and over,507,339,260,70,9,168
S01006808,No qualifications,78,35,26,9,0,43
S01006808,Level 1,127,84,67,14,3,43
S01006808,Level 2,72,47,37,8,2,25
S01006808,Level 3,55,40,31,9,0,15
S01006808,Level 4 and above,175,133,99,30,4,42
S01006809,All people aged 16 and over,656,397,318,57,22,259
S01006809,No qualifications,175,68,56,10,2,107
S01006809,Level 1,180,122,94,16,12,58
S01006809,Level 2,81,52,46,3,3,29
S01006809,Level 3,74,60,48,9,3,14
S01006809,Level 4 and above,146,95,74,19,2,51
S01006810,All people aged 16 and over,704,468,341,101,26,236
S01006810,No qualifications,159,62,39,18,5,97
S01006810,Level 1,164,110,76,24,10,54
S01006810,Level 2,79,61,45,11,5,18
S01006810,Level 3,67,51,37,12,2,16
S01006810,Level 4 and above,235,184,144,36,4,51
S01006811,All people aged 16 and over,841,608,485,102,21,233
S01006811,No qualifications,143,66,51,13,2,77
S01006811,Level 1,169,116,89,18,9,53
S01006811,Level 2,111,84,61,20,3,27
S01006811,Level 3,108,92,71,17,4,16
S01006811,Level 4 and above,310,250,213,34,3,60
S01006812,All people aged 16 and over,601,452,367,74,11,149
S01006812,No qualifications,122,65,53,9,3,57
S01006812,Level 1,149,114,91,19,4,35
S01006812,Level 2,80,61,50,10,1,19
S01006812,Level 3,51,47,41,4,2,4
S01006812,Level 4 and above,199,165,132,32,1,34
S01006813,All people aged 16 and over,626,436,353,67,16,190
S01006813,No qualifications,175,72,49,22,1,103
S01006813,Level 1,186,151,129,17,5,35
S01006813,Level 2,82,71,58,9,4,11
S01006813,Level 3,55,46,38,6,2,9
S01006813,Level 4 and above,128,96,79,13,4,32
S01006814,All people aged 16 and over,624,425,375,44,6,199
S01006814,No qualifications,84,29,21,8,0,55
S01006814,Level 1,161,113,98,13,2,48
S01006814,Level 2,121,87,74,11,2,34
S01006814,Level 3,57,46,42,3,1,11
S01006814,Level 4 and above,201,150,140,9,1,51
S01006815,All people aged 16 and over,485,308,272,19,17,177
S01006815,No qualifications,189,70,59,5,6,119
S01006815,Level 1,125,96,86,5,5,29
S01006815,Level 2,55,49,47,1,1,6
S01006815,Level 3,44,43,36,3,4,1
S01006815,Level 4 and above,72,50,44,5,1,22
S01006816,All people aged 16 and over,586,380,325,48,7,206
S01006816,No qualifications,136,47,39,8,0,89
S01006816,Level 1,141,97,84,10,3,44
S01006816,Level 2,88,67,54,11,2,21
S01006816,Level 3,63,48,43,3,2,15
S01006816,Level 4 and above,158,121,105,16,0,37
S01006817,All people aged 16 and over,517,377,307,58,12,140
S01006817,No qualifications,114,54,44,7,3,60
S01006817,Level 1,127,93,74,15,4,34
S01006817,Level 2,54,42,35,4,3,12
S01006817,Level 3,66,55,45,9,1,11
S01006817,Level 4 and above,156,133,109,23,1,23
S01006818,All people aged 16 and over,580,429,343,74,12,151
S01006818,No qualifications,103,46,30,15,1,57
S01006818,Level 1,132,102,79,19,4,30
S01006818,Level 2,81,66,50,15,1,15
S01006818,Level 3,63,52,44,6,2,11
S01006818,Level 4 and above,201,163,140,19,4,38
S01006819,All people aged 16 and over,655,509,378,123,8,146
S01006819,No qualifications,94,50,33,17,0,44
S01006819,Level 1,124,99,67,28,4,25
S01006819,Level 2,104,77,59,16,2,27
S01006819,Level 3,75,61,42,19,0,14
S01006819,Level 4 and above,258,222,177,43,2,36
S01006820,All people aged 16 and over,383,269,234,25,10,114
S01006820,No qualifications,48,16,16,0,0,32
S01006820,Level 1,90,64,50,7,7,26
S01006820,Level 2,48,32,28,4,0,16
S01006820,Level 3,33,29,27,2,0,4
S01006820,Level 4 and above,164,128,113,12,3,36
S01006821,All people aged 16 and over,484,375,282,80,13,109
S01006821,No qualifications,57,32,17,14,1,25
S01006821,Level 1,97,75,51,20,4,22
S01006821,Level 2,77,63,51,10,2,14
S01006821,Level 3,63,56,45,9,2,7
S01006821,Level 4 and above,190,149,118,27,4,41
S01006822,All people aged 16 and over,609,469,339,115,15,140
S01006822,No qualifications,92,47,21,25,1,45
S01006822,Level 1,144,117,74,36,7,27
S01006822,Level 2,99,74,63,11,0,25
S01006822,Level 3,72,66,56,9,1,6
S01006822,Level 4 and above,202,165,125,34,6,37
S01006823,All people aged 16 and over,613,382,319,51,12,231
S01006823,No qualifications,101,20,17,1,2,81
S01006823,Level 1,110,73,59,10,4,37
S01006823,Level 2,92,60,52,7,1,32
S01006823,Level 3,68,50,42,5,3,18
S01006823,Level 4 and above,242,179,149,28,2,63
S01006824,All people aged 16 and over,652,444,388,29,27,208
S01006824,No qualifications,206,87,75,8,4,119
S01006824,Level 1,222,168,142,9,17,54
S01006824,Level 2,71,60,58,1,1,11
S01006824,Level 3,56,46,42,1,3,10
S01006824,Level 4 and above,97,83,71,10,2,14
S01006825,All people aged 16 and over,678,493,441,35,17,185
S01006825,No qualifications,166,76,63,12,1,90
S01006825,Level 1,186,146,130,6,10,40
S01006825,Level 2,99,82,78,3,1,17
S01006825,Level 3,57,53,48,4,1,4
S01006825,Level 4 and above,170,136,122,10,4,34
S01006826,All people aged 16 and over,785,503,429,65,9,282
S01006826,No qualifications,190,43,34,7,2,147
S01006826,Level 1,151,109,90,15,4,42
S01006826,Level 2,123,101,86,14,1,22
S01006826,Level 3,90,71,60,9,2,19
S01006826,Level 4 and above,231,179,159,20,0,52
S01006827,All people aged 16 and over,735,482,425,35,22,253
S01006827,No qualifications,199,70,62,5,3,129
S01006827,Level 1,161,108,95,4,9,53
S01006827,Level 2,95,75,65,7,3,20
S01006827,Level 3,81,67,59,5,3,14
S01006827,Level 4 and above,199,162,144,14,4,37
S01006828,All people aged 16 and over,799,534,449,59,26,265
S01006828,No qualifications,152,46,36,10,0,106
S01006828,Level 1,199,148,120,17,11,51
S01006828,Level 2,120,88,74,6,8,32
S01006828,Level 3,83,72,61,6,5,11
S01006828,Level 4 and above,245,180,158,20,2,65
S01006829,All people aged 16 and over,291,244,213,25,6,47
S01006829,No qualifications,19,9,7,2,0,10
S01006829,Level 1,46,38,31,4,3,8
S01006829,Level 2,43,39,34,4,1,4
S01006829,Level 3,35,29,25,4,0,6
S01006829,Level 4 and above,148,129,116,11,2,19
S01006830,All people aged 16 and over,627,416,352,51,13,211
S01006830,No qualifications,148,54,44,9,1,94
S01006830,Level 1,172,128,106,15,7,44
S01006830,Level 2,87,70,63,7,0,17
S01006830,Level 3,83,62,56,4,2,21
S01006830,Level 4 and above,137,102,83,16,3,35
S01006831,All people aged 16 and over,452,278,244,23,11,174
S01006831,No qualifications,77,24,18,4,2,53
S01006831,Level 1,87,53,44,7,2,34
S01006831,Level 2,65,51,48,2,1,14
S01006831,Level 3,56,47,46,1,0,9
S01006831,Level 4 and above,167,103,88,9,6,64
S01006832,All people aged 16 and over,862,548,462,67,19,314
S01006832,No qualifications,137,34,26,6,2,103
S01006832,Level 1,172,106,86,11,9,66
S01006832,Level 2,144,109,91,14,4,35
S01006832,Level 3,101,76,66,10,0,25
S01006832,Level 4 and above,308,223,193,26,4,85
S01006833,All people aged 16 and over,373,225,179,41,5,148
S01006833,No qualifications,55,9,3,6,0,46
S01006833,Level 1,66,40,31,8,1,26
S01006833,Level 2,39,27,21,4,2,12
S01006833,Level 3,35,26,23,3,0,9
S01006833,Level 4 and above,178,123,101,20,2,55
S01006834,All people aged 16 and over,375,315,277,28,10,60
S01006834,No qualifications,29,14,9,3,2,15
S01006834,Level 1,94,74,59,10,5,20
S01006834,Level 2,69,58,55,1,2,11
S01006834,Level 3,49,43,39,3,1,6
S01006834,Level 4 and above,134,126,115,11,0,8
S01006835,All people aged 16 and over,745,422,345,62,15,323
S01006835,No qualifications,214,40,26,10,4,174
S01006835,Level 1,134,74,66,4,4,60
S01006835,Level 2,102,78,68,10,0,24
S01006835,Level 3,68,57,33,22,2,11
S01006835,Level 4 and above,227,173,152,16,5,54
S01006836,All people aged 16 and over,372,308,257,38,13,64
S01006836,No qualifications,40,21,11,5,5,19
S01006836,Level 1,67,52,44,5,3,15
S01006836,Level 2,59,50,44,3,3,9
S01006836,Level 3,62,59,51,7,1,3
S01006836,Level 4 and above,144,126,107,18,1,18
S01006837,All people aged 16 and over,466,317,268,46,3,149
S01006837,No qualifications,73,26,18,7,1,47
S01006837,Level 1,116,84,74,9,1,32
S01006837,Level 2,77,57,47,9,1,20
S01006837,Level 3,48,39,32,7,0,9
S01006837,Level 4 and above,152,111,97,14,0,41
S01006838,All people aged 16 and over,510,376,331,39,6,134
S01006838,No qualifications,77,30,26,4,0,47
S01006838,Level 1,120,90,80,8,2,30
S01006838,Level 2,86,64,57,4,3,22
S01006838,Level 3,58,53,45,8,0,5
S01006838,Level 4 and above,169,139,123,15,1,30
S01006839,All people aged 16 and over,864,613,534,57,22,251
S01006839,No qualifications,173,63,54,6,3,110
S01006839,Level 1,205,162,148,8,6,43
S01006839,Level 2,122,107,89,12,6,15
S01006839,Level 3,92,81,71,7,3,11
S01006839,Level 4 and above,272,200,172,24,4,72
S01006840,All people aged 16 and over,793,575,502,57,16,218
S01006840,No qualifications,90,29,22,6,1,61
S01006840,Level 1,195,148,131,10,7,47
S01006840,Level 2,124,93,85,5,3,31
S01006840,Level 3,116,88,76,10,2,28
S01006840,Level 4 and above,268,217,188,26,3,51
S01006841,All people aged 16 and over,729,580,498,59,23,149
S01006841,No qualifications,101,51,36,14,1,50
S01006841,Level 1,162,120,108,6,6,42
S01006841,Level 2,124,109,94,7,8,15
S01006841,Level 3,87,81,72,5,4,6
S01006841,Level 4 and above,255,219,188,27,4,36
S01006842,All people aged 16 and over,680,508,453,45,10,172
S01006842,No qualifications,91,41,35,4,2,50
S01006842,Level 1,221,168,149,18,1,53
S01006842,Level 2,116,100,90,7,3,16
S01006842,Level 3,79,64,60,3,1,15
S01006842,Level 4 and above,173,135,119,13,3,38
S01006843,All people aged 16 and over,669,527,463,51,13,142
S01006843,No qualifications,120,62,52,7,3,58
S01006843,Level 1,209,172,149,17,6,37
S01006843,Level 2,114,97,88,8,1,17
S01006843,Level 3,91,81,70,9,2,10
S01006843,Level 4 and above,135,115,104,10,1,20
S01006844,All people aged 16 and over,587,467,416,42,9,120
S01006844,No qualifications,103,45,37,8,0,58
S01006844,Level 1,164,133,123,9,1,31
S01006844,Level 2,93,85,77,7,1,8
S01006844,Level 3,92,85,72,8,5,7
S01006844,Level 4 and above,135,119,107,10,2,16
S01006845,All people aged 16 and over,778,622,564,43,15,156
S01006845,No qualifications,99,49,40,8,1,50
S01006845,Level 1,229,179,163,10,6,50
S01006845,Level 2,140,122,111,9,2,18
S01006845,Level 3,111,99,93,5,1,12
S01006845,Level 4 and above,199,173,157,11,5,26
S01006846,All people aged 16 and over,474,357,319,28,10,117
S01006846,No qualifications,100,46,41,5,0,54
S01006846,Level 1,147,113,98,12,3,34
S01006846,Level 2,84,75,66,5,4,9
S01006846,Level 3,45,41,38,1,2,4
S01006846,Level 4 and above,98,82,76,5,1,16
S01006847,All people aged 16 and over,583,421,380,33,8,162
S01006847,No qualifications,110,33,24,9,0,77
S01006847,Level 1,188,148,131,12,5,40
S01006847,Level 2,94,79,73,4,2,15
S01006847,Level 3,62,53,51,2,0,9
S01006847,Level 4 and above,129,108,101,6,1,21
S01006848,All people aged 16 and over,787,513,394,97,22,274
S01006848,No qualifications,181,64,44,15,5,117
S01006848,Level 1,175,118,97,15,6,57
S01006848,Level 2,97,71,49,17,5,26
S01006848,Level 3,68,59,51,7,1,9
S01006848,Level 4 and above,266,201,153,43,5,65
S01006849,All people aged 16 and over,700,610,543,41,26,90
S01006849,No qualifications,61,42,35,7,0,19
S01006849,Level 1,204,170,142,12,16,34
S01006849,Level 2,95,86,74,7,5,9
S01006849,Level 3,105,94,90,3,1,11
S01006849,Level 4 and above,235,218,202,12,4,17
S01006850,All people aged 16 and over,767,628,561,41,26,139
S01006850,No qualifications,142,85,68,12,5,57
S01006850,Level 1,262,213,186,15,12,49
S01006850,Level 2,112,107,100,3,4,5
S01006850,Level 3,96,86,78,6,2,10
S01006850,Level 4 and above,155,137,129,5,3,18
S01006851,All people aged 16 and over,651,447,388,37,22,204
S01006851,No qualifications,168,51,47,3,1,117
S01006851,Level 1,210,162,136,14,12,48
S01006851,Level 2,97,83,75,4,4,14
S01006851,Level 3,73,61,51,7,3,12
S01006851,Level 4 and above,103,90,79,9,2,13
S01006852,All people aged 16 and over,492,355,284,55,16,137
S01006852,No qualifications,83,33,20,11,2,50
S01006852,Level 1,125,92,73,14,5,33
S01006852,Level 2,76,68,53,10,5,8
S01006852,Level 3,49,41,36,4,1,8
S01006852,Level 4 and above,159,121,102,16,3,38
S01006853,All people aged 16 and over,666,487,363,114,10,179
S01006853,No qualifications,62,29,19,10,0,33
S01006853,Level 1,121,85,64,20,1,36
S01006853,Level 2,93,64,44,17,3,29
S01006853,Level 3,62,45,30,13,2,17
S01006853,Level 4 and above,328,264,206,54,4,64
S01006854,All people aged 16 and over,707,456,371,65,20,251
S01006854,No qualifications,140,54,41,8,5,86
S01006854,Level 1,169,119,89,24,6,50
S01006854,Level 2,82,55,48,6,1,27
S01006854,Level 3,75,57,50,6,1,18
S01006854,Level 4 and above,241,171,143,21,7,70
S01006855,All people aged 16 and over,622,443,328,108,7,179
S01006855,No qualifications,103,49,25,22,2,54
S01006855,Level 1,99,71,48,22,1,28
S01006855,Level 2,86,65,50,13,2,21
S01006855,Level 3,56,43,32,11,0,13
S01006855,Level 4 and above,278,215,173,40,2,63
S01006856,All people aged 16 and over,518,387,301,75,11,131
S01006856,No qualifications,84,38,30,7,1,46
S01006856,Level 1,110,83,64,15,4,27
S01006856,Level 2,77,63,46,16,1,14
S01006856,Level 3,45,39,29,9,1,6
S01006856,Level 4 and above,202,164,132,28,4,38
S01006857,All people aged 16 and over,809,601,430,157,14,208
S01006857,No qualifications,156,82,45,36,1,74
S01006857,Level 1,176,139,100,37,2,37
S01006857,Level 2,118,99,68,27,4,19
S01006857,Level 3,79,59,44,14,1,20
S01006857,Level 4 and above,280,222,173,43,6,58
S01006858,All people aged 16 and over,518,362,251,104,7,156
S01006858,No qualifications,82,35,15,20,0,47
S01006858,Level 1,102,77,52,24,1,25
S01006858,Level 2,67,54,39,14,1,13
S01006858,Level 3,42,31,24,7,0,11
S01006858,Level 4 and above,225,165,121,39,5,60
S01006859,All people aged 16 and over,861,587,497,74,16,274
S01006859,No qualifications,87,22,17,2,3,65
S01006859,Level 1,167,98,79,15,4,69
S01006859,Level 2,112,83,67,15,1,29
S01006859,Level 3,84,66,58,8,0,18
S01006859,Level 4 and above,411,318,276,34,8,93
S01006860,All people aged 16 and over,465,306,267,28,11,159
S01006860,No qualifications,146,62,54,7,1,84
S01006860,Level 1,119,87,73,5,9,32
S01006860,Level 2,55,46,41,4,1,9
S01006860,Level 3,47,40,32,8,0,7
S01006860,Level 4 and above,98,71,67,4,0,27
S01006861,All people aged 16 and over,413,331,278,42,11,82
S01006861,No qualifications,26,14,11,3,0,12
S01006861,Level 1,80,65,51,13,1,15
S01006861,Level 2,68,54,40,8,6,14
S01006861,Level 3,40,31,28,2,1,9
S01006861,Level 4 and above,199,167,148,16,3,32
S01006862,All people aged 16 and over,575,378,313,53,12,197
S01006862,No qualifications,135,50,35,12,3,85
S01006862,Level 1,133,100,89,5,6,33
S01006862,Level 2,81,60,52,6,2,21
S01006862,Level 3,57,40,36,4,0,17
S01006862,Level 4 and above,169,128,101,26,1,41
S01006863,All people aged 16 and over,560,360,306,42,12,200
S01006863,No qualifications,134,37,30,6,1,97
S01006863,Level 1,170,125,102,18,5,45
S01006863,Level 2,73,61,54,4,3,12
S01006863,Level 3,48,37,34,1,2,11
S01006863,Level 4 and above,135,100,86,13,1,35
S01006864,All people aged 16 and over,311,241,210,20,11,70
S01006864,No qualifications,39,20,18,2,0,19
S01006864,Level 1,89,69,52,10,7,20
S01006864,Level 2,48,36,30,2,4,12
S01006864,Level 3,45,41,39,2,0,4
S01006864,Level 4 and above,90,75,71,4,0,15
S01006865,All people aged 16 and over,802,516,422,84,10,286
S01006865,No qualifications,109,44,34,10,0,65
S01006865,Level 1,168,107,85,17,5,61
S01006865,Level 2,110,80,58,19,3,30
S01006865,Level 3,86,58,48,9,1,28
S01006865,Level 4 and above,329,227,197,29,1,102
S01006866,All people aged 16 and over,455,259,222,33,4,196
S01006866,No qualifications,49,15,13,1,1,34
S01006866,Level 1,97,58,49,8,1,39
S01006866,Level 2,64,43,37,5,1,21
S01006866,Level 3,40,25,25,0,0,15
S01006866,Level 4 and above,205,118,98,19,1,87
S01006867,All people aged 16 and over,614,352,265,69,18,262
S01006867,No qualifications,79,14,11,2,1,65
S01006867,Level 1,90,54,43,9,2,36
S01006867,Level 2,87,50,35,12,3,37
S01006867,Level 3,49,33,26,4,3,16
S01006867,Level 4 and above,309,201,150,42,9,108
S01006868,All people aged 16 and over,709,455,395,52,8,254
S01006868,No qualifications,189,75,66,9,0,114
S01006868,Level 1,166,115,102,11,2,51
S01006868,Level 2,90,65,57,6,2,25
S01006868,Level 3,57,40,36,2,2,17
S01006868,Level 4 and above,207,160,134,24,2,47
S01006869,All people aged 16 and over,405,282,212,52,18,123
S01006869,No qualifications,68,34,22,10,2,34
S01006869,Level 1,99,74,54,15,5,25
S01006869,Level 2,50,35,27,1,7,15
S01006869,Level 3,58,47,42,5,0,11
S01006869,Level 4 and above,130,92,67,21,4,38
S01006870,All people aged 16 and over,397,258,194,51,13,139
S01006870,No qualifications,69,21,16,4,1,48
S01006870,Level 1,64,48,32,9,7,16
S01006870,Level 2,59,47,38,8,1,12
S01006870,Level 3,37,27,25,2,0,10
S01006870,Level 4 and above,168,115,83,28,4,53
S01006871,All people aged 16 and over,571,354,302,39,13,217
S01006871,No qualifications,128,31,23,7,1,97
S01006871,Level 1,118,81,66,7,8,37
S01006871,Level 2,53,37,33,3,1,16
S01006871,Level 3,45,36,28,6,2,9
S01006871,Level 4 and above,227,169,152,16,1,58
S01006872,All people aged 16 and over,537,381,288,88,5,156
S01006872,No qualifications,77,38,20,18,0,39
S01006872,Level 1,103,74,55,16,3,29
S01006872,Level 2,61,44,37,6,1,17
S01006872,Level 3,43,36,31,5,0,7
S01006872,Level 4 and above,253,189,145,43,1,64
S01006873,All people aged 16 and over,833,417,303,103,11,416
S01006873,No qualifications,152,47,28,18,1,105
S01006873,Level 1,137,75,48,22,5,62
S01006873,Level 2,94,47,38,7,2,47
S01006873,Level 3,64,35,25,9,1,29
S01006873,Level 4 and above,386,213,164,47,2,173
S01006874,All people aged 16 and over,490,343,264,73,6,147
S01006874,No qualifications,90,37,20,15,2,53
S01006874,Level 1,85,65,47,16,2,20
S01006874,Level 2,73,53,44,8,1,20
S01006874,Level 3,56,47,39,8,0,9
S01006874,Level 4 and above,186,141,114,26,1,45
S01006875,All people aged 16 and over,569,351,253,70,28,218
S01006875,No qualifications,170,65,43,17,5,105
S01006875,Level 1,145,104,77,16,11,41
S01006875,Level 2,55,48,36,8,4,7
S01006875,Level 3,41,29,21,6,2,12
S01006875,Level 4 and above,158,105,76,23,6,53
S01006876,All people aged 16 and over,795,562,424,123,15,233
S01006876,No qualifications,172,67,45,20,2,105
S01006876,Level 1,199,149,108,38,3,50
S01006876,Level 2,113,99,77,17,5,14
S01006876,Level 3,72,58,42,16,0,14
S01006876,Level 4 and above,239,189,152,32,5,50
S01006877,All people aged 16 and over,780,561,402,141,18,219
S01006877,No qualifications,130,59,27,32,0,71
S01006877,Level 1,173,132,91,37,4,41
S01006877,Level 2,119,95,68,21,6,24
S01006877,Level 3,80,68,55,9,4,12
S01006877,Level 4 and above,278,207,161,42,4,71
S01006878,All people aged 16 and over,587,402,253,133,16,185
S01006878,No qualifications,163,70,35,29,6,93
S01006878,Level 1,152,124,78,44,2,28
S01006878,Level 2,74,57,35,17,5,17
S01006878,Level 3,39,32,22,10,0,7
S01006878,Level 4 and above,159,119,83,33,3,40
S01006879,All people aged 16 and over,659,444,303,127,14,215
S01006879,No qualifications,133,57,30,26,1,76
S01006879,Level 1,154,111,83,19,9,43
S01006879,Level 2,73,57,34,22,1,16
S01006879,Level 3,65,48,38,10,0,17
S01006879,Level 4 and above,234,171,118,50,3,63
S01006880,All people aged 16 and over,470,361,298,57,6,109
S01006880,No qualifications,45,19,14,5,0,26
S01006880,Level 1,109,82,67,13,2,27
S01006880,Level 2,69,61,50,8,3,8
S01006880,Level 3,62,51,40,10,1,11
S01006880,Level 4 and above,185,148,127,21,0,37
S01006881,All people aged 16 and over,461,334,252,76,6,127
S01006881,No qualifications,85,43,29,14,0,42
S01006881,Level 1,124,87,64,21,2,37
S01006881,Level 2,51,44,34,10,0,7
S01006881,Level 3,39,37,32,3,2,2
S01006881,Level 4 and above,162,123,93,28,2,39
S01006882,All people aged 16 and over,336,189,164,16,9,147
S01006882,No qualifications,127,38,29,8,1,89
S01006882,Level 1,99,67,59,3,5,32
S01006882,Level 2,39,30,28,1,1,9
S01006882,Level 3,17,16,15,0,1,1
S01006882,Level 4 and above,54,38,33,4,1,16
S01006883,All people aged 16 and over,381,251,210,31,10,130
S01006883,No qualifications,88,28,21,5,2,60
S01006883,Level 1,92,68,58,6,4,24
S01006883,Level 2,63,51,41,9,1,12
S01006883,Level 3,31,27,25,1,1,4
S01006883,Level 4 and above,107,77,65,10,2,30
S01006884,All people aged 16 and over,727,471,406,55,10,256
S01006884,No qualifications,169,45,35,9,1,124
S01006884,Level 1,175,125,115,6,4,50
S01006884,Level 2,114,88,77,8,3,26
S01006884,Level 3,75,64,53,9,2,11
S01006884,Level 4 and above,194,149,126,23,0,45
S01006885,All people aged 16 and over,448,275,211,63,1,173
S01006885,No qualifications,86,22,11,11,0,64
S01006885,Level 1,103,73,61,12,0,30
S01006885,Level 2,60,43,33,10,0,17
S01006885,Level 3,31,24,19,4,1,7
S01006885,Level 4 and above,168,113,87,26,0,55
S01006886,All people aged 16 and over,617,430,322,89,19,187
S01006886,No qualifications,112,56,35,18,3,56
S01006886,Level 1,115,82,58,19,5,33
S01006886,Level 2,80,58,41,12,5,22
S01006886,Level 3,47,35,30,4,1,12
S01006886,Level 4 and above,263,199,158,36,5,64
S01006887,All people aged 16 and over,434,328,259,57,12,106
S01006887,No qualifications,60,23,16,6,1,37
S01006887,Level 1,102,83,62,16,5,19
S01006887,Level 2,63,49,43,5,1,14
S01006887,Level 3,44,36,27,8,1,8
S01006887,Level 4 and above,165,137,111,22,4,28
S01006888,All people aged 16 and over,624,456,336,104,16,168
S01006888,No qualifications,91,41,27,12,2,50
S01006888,Level 1,152,108,80,26,2,44
S01006888,Level 2,90,71,53,17,1,19
S01006888,Level 3,58,43,29,11,3,15
S01006888,Level 4 and above,233,193,147,38,8,40
S01006889,All people aged 16 and over,659,443,383,31,29,216
S01006889,No qualifications,210,117,104,7,6,93
S01006889,Level 1,212,152,132,9,11,60
S01006889,Level 2,79,59,47,6,6,20
S01006889,Level 3,49,36,31,3,2,13
S01006889,Level 4 and above,109,79,69,6,4,30
S01006890,All people aged 16 and over,521,380,319,42,19,141
S01006890,No qualifications,65,25,18,4,3,40
S01006890,Level 1,143,97,79,11,7,46
S01006890,Level 2,83,70,58,8,4,13
S01006890,Level 3,63,53,45,5,3,10
S01006890,Level 4 and above,167,135,119,14,2,32
S01006891,All people aged 16 and over,797,532,469,51,12,265
S01006891,No qualifications,162,55,46,7,2,107
S01006891,Level 1,216,157,141,11,5,59
S01006891,Level 2,100,82,73,8,1,18
S01006891,Level 3,86,71,65,5,1,15
S01006891,Level 4 and above,233,167,144,20,3,66
S01006892,All people aged 16 and over,493,341,304,25,12,152
S01006892,No qualifications,117,38,32,5,1,79
S01006892,Level 1,168,128,114,9,5,40
S01006892,Level 2,75,64,58,4,2,11
S01006892,Level 3,41,38,35,1,2,3
S01006892,Level 4 and above,92,73,65,6,2,19
S01006893,All people aged 16 and over,417,286,245,28,13,131
S01006893,No qualifications,103,55,47,5,3,48
S01006893,Level 1,132,96,84,7,5,36
S01006893,Level 2,70,52,43,7,2,18
S01006893,Level 3,28,23,21,1,1,5
S01006893,Level 4 and above,84,60,50,8,2,24
S01006894,All people aged 16 and over,820,492,438,40,14,328
S01006894,No qualifications,247,73,63,7,3,174
S01006894,Level 1,205,145,126,15,4,60
S01006894,Level 2,125,97,87,7,3,28
S01006894,Level 3,61,51,46,3,2,10
S01006894,Level 4 and above,182,126,116,8,2,56
S01006895,All people aged 16 and over,450,326,290,23,13,124
S01006895,No qualifications,115,46,37,6,3,69
S01006895,Level 1,138,107,96,6,5,31
S01006895,Level 2,44,41,39,1,1,3
S01006895,Level 3,66,59,54,3,2,7
S01006895,Level 4 and above,87,73,64,7,2,14
S01006896,All people aged 16 and over,681,460,417,31,12,221
S01006896,No qualifications,161,53,47,3,3,108
S01006896,Level 1,179,144,125,13,6,35
S01006896,Level 2,106,86,81,4,1,20
S01006896,Level 3,75,61,58,2,1,14
S01006896,Level 4 and above,160,116,106,9,1,44
S01006897,All people aged 16 and over,604,444,394,36,14,160
S01006897,No qualifications,95,41,35,5,1,54
S01006897,Level 1,162,127,113,8,6,35
S01006897,Level 2,106,88,79,5,4,18
S01006897,Level 3,79,64,59,5,0,15
S01006897,Level 4 and above,162,124,108,13,3,38
S01006898,All people aged 16 and over,613,443,396,34,13,170
S01006898,No qualifications,152,66,59,6,1,86
S01006898,Level 1,173,136,118,13,5,37
S01006898,Level 2,84,72,67,1,4,12
S01006898,Level 3,48,44,38,5,1,4
S01006898,Level 4 and above,156,125,114,9,2,31
S01006899,All people aged 16 and over,490,397,358,30,9,93
S01006899,No qualifications,77,34,28,4,2,43
S01006899,Level 1,118,98,92,3,3,20
S01006899,Level 2,93,84,78,4,2,9
S01006899,Level 3,51,47,42,5,0,4
S01006899,Level 4 and above,151,134,118,14,2,17
S01006900,All people aged 16 and over,504,379,353,20,6,125
S01006900,No qualifications,107,38,37,1,0,69
S01006900,Level 1,152,124,114,6,4,28
S01006900,Level 2,77,64,58,5,1,13
S01006900,Level 3,59,54,49,4,1,5
S01006900,Level 4 and above,109,99,95,4,0,10
S01006901,All people aged 16 and over,517,364,331,17,16,153
S01006901,No qualifications,166,74,62,8,4,92
S01006901,Level 1,152,125,117,3,5,27
S01006901,Level 2,59,49,45,1,3,10
S01006901,Level 3,46,39,35,3,1,7
S01006901,Level 4 and above,94,77,72,2,3,17
S01006902,All people aged 16 and over,540,388,348,27,13,152
S01006902,No qualifications,143,72,63,5,4,71
S01006902,Level 1,150,121,109,8,4,29
S01006902,Level 2,79,64,59,2,3,15
S01006902,Level 3,41,36,33,3,0,5
S01006902,Level 4 and above,127,95,84,9,2,32
S01006903,All people aged 16 and over,672,448,393,36,19,224
S01006903,No qualifications,212,72,60,7,5,140
S01006903,Level 1,184,148,126,11,11,36
S01006903,Level 2,90,80,74,6,0,10
S01006903,Level 3,54,48,46,1,1,6
S01006903,Level 4 and above,132,100,87,11,2,32
S01006904,All people aged 16 and over,604,379,330,34,15,225
S01006904,No qualifications,153,34,27,5,2,119
S01006904,Level 1,174,132,114,13,5,42
S01006904,Level 2,78,58,49,5,4,20
S01006904,Level 3,48,42,41,1,0,6
S01006904,Level 4 and above,151,113,99,10,4,38
S01006905,All people aged 16 and over,763,451,386,55,10,312
S01006905,No qualifications,187,53,44,6,3,134
S01006905,Level 1,186,117,100,15,2,69
S01006905,Level 2,108,85,73,11,1,23
S01006905,Level 3,56,45,37,7,1,11
S01006905,Level 4 and above,226,151,132,16,3,75
S01006906,All people aged 16 and over,732,412,355,35,22,320
S01006906,No qualifications,296,91,80,6,5,205
S01006906,Level 1,205,150,127,12,11,55
S01006906,Level 2,91,66,58,5,3,25
S01006906,Level 3,51,44,40,4,0,7
S01006906,Level 4 and above,89,61,50,8,3,28
S01006907,All people aged 16 and over,534,386,334,41,11,148
S01006907,No qualifications,140,75,62,8,5,65
S01006907,Level 1,122,102,84,15,3,20
S01006907,Level 2,81,59,52,5,2,22
S01006907,Level 3,62,49,47,1,1,13
S01006907,Level 4 and above,129,101,89,12,0,28
S01006908,All people aged 16 and over,713,471,417,32,22,242
S01006908,No qualifications,189,61,50,4,7,128
S01006908,Level 1,185,133,121,5,7,52
S01006908,Level 2,83,69,65,1,3,14
S01006908,Level 3,97,83,77,4,2,14
S01006908,Level 4 and above,159,125,104,18,3,34
S01006909,All people aged 16 and over,578,452,389,54,9,126
S01006909,No qualifications,53,18,14,3,1,35
S01006909,Level 1,141,117,106,10,1,24
S01006909,Level 2,90,72,62,5,5,18
S01006909,Level 3,69,62,54,8,0,7
S01006909,Level 4 and above,225,183,153,28,2,42
S01006910,All people aged 16 and over,701,541,430,99,12,160
S01006910,No qualifications,84,45,29,15,1,39
S01006910,Level 1,151,111,83,24,4,40
S01006910,Level 2,96,77,59,17,1,19
S01006910,Level 3,74,60,52,8,0,14
S01006910,Level 4 and above,296,248,207,35,6,48
S01006911,All people aged 16 and over,451,397,353,35,9,54
S01006911,No qualifications,30,20,15,4,1,10
S01006911,Level 1,93,76,66,7,3,17
S01006911,Level 2,70,58,54,4,0,12
S01006911,Level 3,56,51,43,5,3,5
S01006911,Level 4 and above,202,192,175,15,2,10
S01006912,All people aged 16 and over,378,285,214,59,12,93
S01006912,No qualifications,53,26,15,10,1,27
S01006912,Level 1,101,82,59,18,5,19
S01006912,Level 2,42,28,19,7,2,14
S01006912,Level 3,39,34,29,5,0,5
S01006912,Level 4 and above,143,115,92,19,4,28
S01006913,All people aged 16 and over,385,328,277,45,6,57
S01006913,No qualifications,34,25,20,4,1,9
S01006913,Level 1,82,69,60,8,1,13
S01006913,Level 2,63,51,45,6,0,12
S01006913,Level 3,57,52,40,10,2,5
S01006913,Level 4 and above,149,131,112,17,2,18
S01006914,All people aged 16 and over,590,466,370,88,8,124
S01006914,No qualifications,68,37,21,14,2,31
S01006914,Level 1,145,115,86,25,4,30
S01006914,Level 2,97,81,70,11,0,16
S01006914,Level 3,61,48,40,7,1,13
S01006914,Level 4 and above,219,185,153,31,1,34
S01006915,All people aged 16 and over,640,484,395,81,8,156
S01006915,No qualifications,105,55,37,16,2,50
S01006915,Level 1,149,119,98,19,2,30
S01006915,Level 2,115,92,78,11,3,23
S01006915,Level 3,66,56,49,7,0,10
S01006915,Level 4 and above,205,162,133,28,1,43
S01006916,All people aged 16 and over,397,307,272,25,10,90
S01006916,No qualifications,47,21,19,2,0,26
S01006916,Level 1,105,82,70,8,4,23
S01006916,Level 2,58,48,46,2,0,10
S01006916,Level 3,56,49,44,1,4,7
S01006916,Level 4 and above,131,107,93,12,2,24
S01006917,All people aged 16 and over,643,564,487,65,12,79
S01006917,No qualifications,37,21,15,3,3,16
S01006917,Level 1,155,127,104,21,2,28
S01006917,Level 2,105,93,78,13,2,12
S01006917,Level 3,85,75,64,8,3,10
S01006917,Level 4 and above,261,248,226,20,2,13
S01006918,All people aged 16 and over,376,269,231,30,8,107
S01006918,No qualifications,61,21,18,1,2,40
S01006918,Level 1,103,71,56,11,4,32
S01006918,Level 2,49,35,28,5,2,14
S01006918,Level 3,30,27,24,3,0,3
S01006918,Level 4 and above,133,115,105,10,0,18
S01006919,All people aged 16 and over,418,265,229,32,4,153
S01006919,No qualifications,79,19,15,4,0,60
S01006919,Level 1,100,71,60,9,2,29
S01006919,Level 2,62,49,45,2,2,13
S01006919,Level 3,34,28,21,7,0,6
S01006919,Level 4 and above,143,98,88,10,0,45
S01006920,All people aged 16 and over,409,272,240,26,6,137
S01006920,No qualifications,95,28,19,4,5,67
S01006920,Level 1,99,70,60,9,1,29
S01006920,Level 2,63,50,45,5,0,13
S01006920,Level 3,33,29,26,3,0,4
S01006920,Level 4 and above,119,95,90,5,0,24
S01006921,All people aged 16 and over,560,474,431,37,6,86
S01006921,No qualifications,56,33,29,4,0,23
S01006921,Level 1,137,114,102,7,5,23
S01006921,Level 2,86,75,70,5,0,11
S01006921,Level 3,60,52,44,8,0,8
S01006921,Level 4 and above,221,200,186,13,1,21
S01006922,All people aged 16 and over,407,278,225,46,7,129
S01006922,No qualifications,91,39,29,9,1,52
S01006922,Level 1,104,70,57,13,0,34
S01006922,Level 2,54,38,33,4,1,16
S01006922,Level 3,35,34,27,6,1,1
S01006922,Level 4 and above,123,97,79,14,4,26
S01006923,All people aged 16 and over,667,414,326,74,14,253
S01006923,No qualifications,170,58,39,19,0,112
S01006923,Level 1,141,90,75,8,7,51
S01006923,Level 2,90,76,57,16,3,14
S01006923,Level 3,64,46,38,7,1,18
S01006923,Level 4 and above,202,144,117,24,3,58
S01006924,All people aged 16 and over,439,348,257,83,8,91
S01006924,No qualifications,49,21,11,10,0,28
S01006924,Level 1,102,78,49,27,2,24
S01006924,Level 2,51,44,36,5,3,7
S01006924,Level 3,35,32,24,8,0,3
S01006924,Level 4 and above,202,173,137,33,3,29
S01006925,All people aged 16 and over,410,283,253,24,6,127
S01006925,No qualifications,75,25,20,5,0,50
S01006925,Level 1,118,94,81,8,5,24
S01006925,Level 2,58,49,47,2,0,9
S01006925,Level 3,38,28,25,3,0,10
S01006925,Level 4 and above,121,87,80,6,1,34
S01006926,All people aged 16 and over,538,444,387,40,17,94
S01006926,No qualifications,50,18,14,3,1,32
S01006926,Level 1,143,131,109,15,7,12
S01006926,Level 2,80,64,56,5,3,16
S01006926,Level 3,65,61,57,3,1,4
S01006926,Level 4 and above,200,170,151,14,5,30
S01006927,All people aged 16 and over,707,633,563,51,19,74
S01006927,No qualifications,32,18,12,3,3,14
S01006927,Level 1,153,128,106,14,8,25
S01006927,Level 2,89,84,73,10,1,5
S01006927,Level 3,121,111,99,11,1,10
S01006927,Level 4 and above,312,292,273,13,6,20
S01006928,All people aged 16 and over,825,637,553,71,13,188
S01006928,No qualifications,145,63,48,13,2,82
S01006928,Level 1,227,182,160,16,6,45
S01006928,Level 2,127,106,93,12,1,21
S01006928,Level 3,103,92,81,10,1,11
S01006928,Level 4 and above,223,194,171,20,3,29
S01006929,All people aged 16 and over,647,480,410,58,12,167
S01006929,No qualifications,29,7,5,2,0,22
S01006929,Level 1,111,65,56,9,0,46
S01006929,Level 2,104,87,77,5,5,17
S01006929,Level 3,70,54,43,9,2,16
S01006929,Level 4 and above,333,267,229,33,5,66
S01006930,All people aged 16 and over,762,546,462,67,17,216
S01006930,No qualifications,75,19,14,5,0,56
S01006930,Level 1,146,99,87,9,3,47
S01006930,Level 2,145,116,100,14,2,29
S01006930,Level 3,95,82,72,7,3,13
S01006930,Level 4 and above,301,230,189,32,9,71
S01006931,All people aged 16 and over,318,229,177,46,6,89
S01006931,No qualifications,55,26,14,11,1,29
S01006931,Level 1,63,43,34,7,2,20
S01006931,Level 2,50,34,27,6,1,16
S01006931,Level 3,20,19,16,3,0,1
S01006931,Level 4 and above,130,107,86,19,2,23
S01006932,All people aged 16 and over,433,354,297,42,15,79
S01006932,No qualifications,26,12,7,4,1,14
S01006932,Level 1,119,91,76,12,3,28
S01006932,Level 2,67,49,38,5,6,18
S01006932,Level 3,55,48,40,7,1,7
S01006932,Level 4 and above,166,154,136,14,4,12
S01006933,All people aged 16 and over,481,394,360,28,6,87
S01006933,No qualifications,32,19,14,4,1,13
S01006933,Level 1,110,87,82,5,0,23
S01006933,Level 2,95,83,74,7,2,12
S01006933,Level 3,59,48,46,2,0,11
S01006933,Level 4 and above,185,157,144,10,3,28
S01006934,All people aged 16 and over,527,324,252,64,8,203
S01006934,No qualifications,149,35,28,6,1,114
S01006934,Level 1,115,78,54,21,3,37
S01006934,Level 2,65,46,37,7,2,19
S01006934,Level 3,47,38,32,6,0,9
S01006934,Level 4 and above,151,127,101,24,2,24
S01006935,All people aged 16 and over,598,402,352,42,8,196
S01006935,No qualifications,78,25,21,3,1,53
S01006935,Level 1,122,75,67,7,1,47
S01006935,Level 2,98,81,71,8,2,17
S01006935,Level 3,67,48,44,3,1,19
S01006935,Level 4 and above,233,173,149,21,3,60
S01006936,All people aged 16 and over,521,358,311,32,15,163
S01006936,No qualifications,81,31,21,8,2,50
S01006936,Level 1,121,80,69,8,3,41
S01006936,Level 2,86,64,53,6,5,22
S01006936,Level 3,71,56,55,0,1,15
S01006936,Level 4 and above,162,127,113,10,4,35
S01006937,All people aged 16 and over,613,459,400,42,17,154
S01006937,No qualifications,64,25,20,5,0,39
S01006937,Level 1,139,102,90,8,4,37
S01006937,Level 2,110,92,80,8,4,18
S01006937,Level 3,76,67,59,6,2,9
S01006937,Level 4 and above,224,173,151,15,7,51
S01006938,All people aged 16 and over,456,311,276,26,9,145
S01006938,No qualifications,96,28,24,4,0,68
S01006938,Level 1,98,70,60,9,1,28
S01006938,Level 2,81,62,52,5,5,19
S01006938,Level 3,38,34,32,1,1,4
S01006938,Level 4 and above,143,117,108,7,2,26
S01006939,All people aged 16 and over,512,372,335,30,7,140
S01006939,No qualifications,56,27,23,4,0,29
S01006939,Level 1,110,80,70,8,2,30
S01006939,Level 2,91,77,72,4,1,14
S01006939,Level 3,60,49,45,3,1,11
S01006939,Level 4 and above,195,139,125,11,3,56
S01006940,All people aged 16 and over,787,568,494,61,13,219
S01006940,No qualifications,88,39,31,8,0,49
S01006940,Level 1,182,123,108,11,4,59
S01006940,Level 2,125,91,82,6,3,34
S01006940,Level 3,79,65,58,6,1,14
S01006940,Level 4 and above,313,250,215,30,5,63
S01006941,All people aged 16 and over,490,348,305,32,11,142
S01006941,No qualifications,78,32,27,5,0,46
S01006941,Level 1,121,88,76,9,3,33
S01006941,Level 2,84,69,60,7,2,15
S01006941,Level 3,53,42,34,5,3,11
S01006941,Level 4 and above,154,117,108,6,3,37
S01006942,All people aged 16 and over,842,618,531,77,10,224
S01006942,No qualifications,107,28,23,3,2,79
S01006942,Level 1,190,144,117,23,4,46
S01006942,Level 2,141,113,105,8,0,28
S01006942,Level 3,110,90,76,12,2,20
S01006942,Level 4 and above,294,243,210,31,2,51
S01006943,All people aged 16 and over,442,374,326,34,14,68
S01006943,No qualifications,13,9,8,1,0,4
S01006943,Level 1,65,48,38,7,3,17
S01006943,Level 2,80,67,56,6,5,13
S01006943,Level 3,45,39,35,2,2,6
S01006943,Level 4 and above,239,211,189,18,4,28
S01006944,All people aged 16 and over,621,546,488,49,9,75
S01006944,No qualifications,30,18,12,4,2,12
S01006944,Level 1,149,130,122,5,3,19
S01006944,Level 2,113,97,91,5,1,16
S01006944,Level 3,88,81,68,11,2,7
S01006944,Level 4 and above,241,220,195,24,1,21
S01006945,All people aged 16 and over,427,307,261,38,8,120
S01006945,No qualifications,57,22,17,3,2,35
S01006945,Level 1,91,59,52,6,1,32
S01006945,Level 2,64,53,41,9,3,11
S01006945,Level 3,53,46,36,8,2,7
S01006945,Level 4 and above,162,127,115,12,0,35
S01006946,All people aged 16 and over,650,505,437,56,12,145
S01006946,No qualifications,90,40,33,5,2,50
S01006946,Level 1,157,125,107,13,5,32
S01006946,Level 2,101,81,69,11,1,20
S01006946,Level 3,89,74,62,11,1,15
S01006946,Level 4 and above,213,185,166,16,3,28
S01006947,All people aged 16 and over,621,544,491,39,14,77
S01006947,No qualifications,71,40,34,3,3,31
S01006947,Level 1,162,144,127,10,7,18
S01006947,Level 2,93,83,78,5,0,10
S01006947,Level 3,91,86,79,4,3,5
S01006947,Level 4 and above,204,191,173,17,1,13
S01006948,All people aged 16 and over,732,490,403,79,8,242
S01006948,No qualifications,154,61,47,14,0,93
S01006948,Level 1,156,102,86,13,3,54
S01006948,Level 2,101,83,68,14,1,18
S01006948,Level 3,80,68,62,5,1,12
S01006948,Level 4 and above,241,176,140,33,3,65
S01006949,All people aged 16 and over,505,386,310,68,8,119
S01006949,No qualifications,67,34,20,13,1,33
S01006949,Level 1,100,72,55,14,3,28
S01006949,Level 2,70,53,43,9,1,17
S01006949,Level 3,60,48,36,12,0,12
S01006949,Level 4 and above,208,179,156,20,3,29
S01006950,All people aged 16 and over,382,336,307,24,5,46
S01006950,No qualifications,20,10,9,1,0,10
S01006950,Level 1,104,91,80,9,2,13
S01006950,Level 2,55,51,45,4,2,4
S01006950,Level 3,60,54,46,7,1,6
S01006950,Level 4 and above,143,130,127,3,0,13
S01006951,All people aged 16 and over,384,303,272,20,11,81
S01006951,No qualifications,70,27,24,3,0,43
S01006951,Level 1,99,82,72,7,3,17
S01006951,Level 2,72,67,61,5,1,5
S01006951,Level 3,37,32,27,1,4,5
S01006951,Level 4 and above,106,95,88,4,3,11
S01006952,All people aged 16 and over,712,489,397,78,14,223
S01006952,No qualifications,153,67,50,16,1,86
S01006952,Level 1,188,133,100,25,8,55
S01006952,Level 2,100,72,64,8,0,28
S01006952,Level 3,75,66,59,6,1,9
S01006952,Level 4 and above,196,151,124,23,4,45
S01006953,All people aged 16 and over,629,495,418,65,12,134
S01006953,No qualifications,92,42,28,12,2,50
S01006953,Level 1,143,112,89,18,5,31
S01006953,Level 2,106,94,82,11,1,12
S01006953,Level 3,77,64,57,5,2,13
S01006953,Level 4 and above,211,183,162,19,2,28
S01006954,All people aged 16 and over,665,506,431,63,12,159
S01006954,No qualifications,119,46,40,6,0,73
S01006954,Level 1,170,138,114,21,3,32
S01006954,Level 2,101,87,74,9,4,14
S01006954,Level 3,66,59,56,3,0,7
S01006954,Level 4 and above,209,176,147,24,5,33
S01006955,All people aged 16 and over,484,360,324,27,9,124
S01006955,No qualifications,88,32,29,1,2,56
S01006955,Level 1,138,101,89,9,3,37
S01006955,Level 2,85,77,68,7,2,8
S01006955,Level 3,59,53,48,4,1,6
S01006955,Level 4 and above,114,97,90,6,1,17
S01006956,All people aged 16 and over,815,675,596,58,21,140
S01006956,No qualifications,75,44,37,6,1,31
S01006956,Level 1,189,150,121,20,9,39
S01006956,Level 2,123,104,93,7,4,19
S01006956,Level 3,124,110,100,6,4,14
S01006956,Level 4 and above,304,267,245,19,3,37
S01006957,All people aged 16 and over,847,649,515,112,22,198
S01006957,No qualifications,132,58,36,22,0,74
S01006957,Level 1,197,142,108,26,8,55
S01006957,Level 2,143,117,95,19,3,26
S01006957,Level 3,70,60,47,9,4,10
S01006957,Level 4 and above,305,272,229,36,7,33
S01006958,All people aged 16 and over,790,458,395,52,11,332
S01006958,No qualifications,184,47,32,14,1,137
S01006958,Level 1,177,102,86,11,5,75
S01006958,Level 2,106,82,72,9,1,24
S01006958,Level 3,92,75,70,3,2,17
S01006958,Level 4 and above,231,152,135,15,2,79
S01006959,All people aged 16 and over,625,339,289,33,17,286
S01006959,No qualifications,215,56,45,7,4,159
S01006959,Level 1,137,87,74,8,5,50
S01006959,Level 2,88,67,57,6,4,21
S01006959,Level 3,54,42,38,3,1,12
S01006959,Level 4 and above,131,87,75,9,3,44
S01006960,All people aged 16 and over,677,571,492,64,15,106
S01006960,No qualifications,47,27,17,8,2,20
S01006960,Level 1,172,143,122,17,4,29
S01006960,Level 2,112,98,85,8,5,14
S01006960,Level 3,94,77,71,5,1,17
S01006960,Level 4 and above,252,226,197,26,3,26
S01006961,All people aged 16 and over,673,575,511,53,11,98
S01006961,No qualifications,41,23,18,5,0,18
S01006961,Level 1,155,121,104,14,3,34
S01006961,Level 2,115,99,88,9,2,16
S01006961,Level 3,102,94,82,9,3,8
S01006961,Level 4 and above,260,238,219,16,3,22
S01006962,All people aged 16 and over,778,502,450,35,17,276
S01006962,No qualifications,206,61,57,4,0,145
S01006962,Level 1,195,145,126,13,6,50
S01006962,Level 2,117,95,88,3,4,22
S01006962,Level 3,73,60,54,3,3,13
S01006962,Level 4 and above,187,141,125,12,4,46
S01006963,All people aged 16 and over,572,402,347,32,23,170
S01006963,No qualifications,95,44,34,7,3,51
S01006963,Level 1,160,115,91,13,11,45
S01006963,Level 2,110,82,73,5,4,28
S01006963,Level 3,55,48,43,2,3,7
S01006963,Level 4 and above,152,113,106,5,2,39
S01006964,All people aged 16 and over,638,499,448,37,14,139
S01006964,No qualifications,110,58,51,6,1,52
S01006964,Level 1,184,152,138,10,4,32
S01006964,Level 2,122,108,97,10,1,14
S01006964,Level 3,62,54,47,4,3,8
S01006964,Level 4 and above,160,127,115,7,5,33
S01006965,All people aged 16 and over,434,271,235,27,9,163
S01006965,No qualifications,93,21,15,5,1,72
S01006965,Level 1,107,77,70,5,2,30
S01006965,Level 2,56,43,35,7,1,13
S01006965,Level 3,39,29,26,2,1,10
S01006965,Level 4 and above,139,101,89,8,4,38
S01006966,All people aged 16 and over,489,347,302,22,23,142
S01006966,No qualifications,126,55,50,1,4,71
S01006966,Level 1,149,115,96,7,12,34
S01006966,Level 2,78,66,58,6,2,12
S01006966,Level 3,46,41,36,2,3,5
S01006966,Level 4 and above,90,70,62,6,2,20
S01006967,All people aged 16 and over,507,395,352,34,9,112
S01006967,No qualifications,77,34,30,2,2,43
S01006967,Level 1,143,118,105,10,3,25
S01006967,Level 2,103,91,81,8,2,12
S01006967,Level 3,47,38,33,5,0,9
S01006967,Level 4 and above,137,114,103,9,2,23
S01006968,All people aged 16 and over,434,312,283,25,4,122
S01006968,No qualifications,122,57,55,2,0,65
S01006968,Level 1,122,94,83,9,2,28
S01006968,Level 2,62,54,50,3,1,8
S01006968,Level 3,40,35,30,5,0,5
S01006968,Level 4 and above,88,72,65,6,1,16
S01006969,All people aged 16 and over,826,532,464,44,24,294
S01006969,No qualifications,232,61,54,5,2,171
S01006969,Level 1,217,165,134,20,11,52
S01006969,Level 2,122,106,98,3,5,16
S01006969,Level 3,81,69,62,5,2,12
S01006969,Level 4 and above,174,131,116,11,4,43
S01006970,All people aged 16 and over,568,422,387,28,7,146
S01006970,No qualifications,62,18,15,3,0,44
S01006970,Level 1,139,103,99,3,1,36
S01006970,Level 2,109,88,82,3,3,21
S01006970,Level 3,77,64,59,4,1,13
S01006970,Level 4 and above,181,149,132,15,2,32
S01006971,All people aged 16 and over,453,269,236,20,13,184
S01006971,No qualifications,149,45,39,3,3,104
S01006971,Level 1,127,85,74,5,6,42
S01006971,Level 2,60,53,48,3,2,7
S01006971,Level 3,31,28,23,4,1,3
S01006971,Level 4 and above,86,58,52,5,1,28
S01006972,All people aged 16 and over,422,322,245,65,12,100
S01006972,No qualifications,72,42,29,10,3,30
S01006972,Level 1,107,88,63,22,3,19
S01006972,Level 2,58,43,38,3,2,15
S01006972,Level 3,38,32,24,8,0,6
S01006972,Level 4 and above,147,117,91,22,4,30
S01006973,All people aged 16 and over,461,318,271,37,10,143
S01006973,No qualifications,92,38,27,10,1,54
S01006973,Level 1,88,62,53,6,3,26
S01006973,Level 2,67,62,57,4,1,5
S01006973,Level 3,43,34,26,7,1,9
S01006973,Level 4 and above,171,122,108,10,4,49
S01006974,All people aged 16 and over,814,621,514,84,23,193
S01006974,No qualifications,91,40,29,9,2,51
S01006974,Level 1,165,125,106,13,6,40
S01006974,Level 2,121,101,86,12,3,20
S01006974,Level 3,83,71,63,5,3,12
S01006974,Level 4 and above,354,284,230,45,9,70
S01006975,All people aged 16 and over,777,607,475,115,17,170
S01006975,No qualifications,123,64,41,21,2,59
S01006975,Level 1,203,170,121,42,7,33
S01006975,Level 2,111,92,75,13,4,19
S01006975,Level 3,90,79,66,13,0,11
S01006975,Level 4 and above,250,202,172,26,4,48
S01006976,All people aged 16 and over,375,285,216,63,6,90
S01006976,No qualifications,69,41,28,11,2,28
S01006976,Level 1,84,64,49,13,2,20
S01006976,Level 2,54,41,33,8,0,13
S01006976,Level 3,45,38,27,9,2,7
S01006976,Level 4 and above,123,101,79,22,0,22
S01006977,All people aged 16 and over,652,504,381,108,15,148
S01006977,No qualifications,109,65,38,26,1,44
S01006977,Level 1,178,141,105,30,6,37
S01006977,Level 2,106,83,62,18,3,23
S01006977,Level 3,67,59,47,11,1,8
S01006977,Level 4 and above,192,156,129,23,4,36
S01006978,All people aged 16 and over,718,492,399,77,16,226
S01006978,No qualifications,154,68,51,15,2,86
S01006978,Level 1,159,103,79,19,5,56
S01006978,Level 2,114,90,78,6,6,24
S01006978,Level 3,61,50,40,9,1,11
S01006978,Level 4 and above,230,181,151,28,2,49
S01006979,All people aged 16 and over,699,465,361,84,20,234
S01006979,No qualifications,165,58,40,14,4,107
S01006979,Level 1,173,125,97,23,5,48
S01006979,Level 2,107,82,67,12,3,25
S01006979,Level 3,53,44,35,8,1,9
S01006979,Level 4 and above,201,156,122,27,7,45
S01006980,All people aged 16 and over,687,503,409,76,18,184
S01006980,No qualifications,115,55,43,12,0,60
S01006980,Level 1,162,118,94,18,6,44
S01006980,Level 2,114,87,70,13,4,27
S01006980,Level 3,74,64,54,7,3,10
S01006980,Level 4 and above,222,179,148,26,5,43
S01006981,All people aged 16 and over,649,501,412,76,13,148
S01006981,No qualifications,123,68,58,7,3,55
S01006981,Level 1,144,111,79,27,5,33
S01006981,Level 2,89,75,64,9,2,14
S01006981,Level 3,65,54,42,12,0,11
S01006981,Level 4 and above,228,193,169,21,3,35
S01006982,All people aged 16 and over,683,527,449,61,17,156
S01006982,No qualifications,131,61,50,8,3,70
S01006982,Level 1,165,125,109,11,5,40
S01006982,Level 2,115,101,85,13,3,14
S01006982,Level 3,84,79,68,9,2,5
S01006982,Level 4 and above,188,161,137,20,4,27
S01006983,All people aged 16 and over,581,442,362,65,15,139
S01006983,No qualifications,90,44,31,11,2,46
S01006983,Level 1,161,124,100,20,4,37
S01006983,Level 2,89,70,60,8,2,19
S01006983,Level 3,74,62,50,9,3,12
S01006983,Level 4 and above,167,142,121,17,4,25
S01006984,All people aged 16 and over,566,436,338,89,9,130
S01006984,No qualifications,74,27,13,14,0,47
S01006984,Level 1,117,83,64,16,3,34
S01006984,Level 2,77,64,52,12,0,13
S01006984,Level 3,68,61,50,10,1,7
S01006984,Level 4 and above,230,201,159,37,5,29
S01006985,All people aged 16 and over,839,574,477,79,18,265
S01006985,No qualifications,206,81,64,13,4,125
S01006985,Level 1,222,165,136,21,8,57
S01006985,Level 2,127,104,88,14,2,23
S01006985,Level 3,77,63,53,9,1,14
S01006985,Level 4 and above,207,161,136,22,3,46
S01006986,All people aged 16 and over,514,379,332,32,15,135
S01006986,No qualifications,91,36,27,7,2,55
S01006986,Level 1,131,92,81,7,4,39
S01006986,Level 2,78,65,62,1,2,13
S01006986,Level 3,56,50,43,3,4,6
S01006986,Level 4 and above,158,136,119,14,3,22
S01006987,All people aged 16 and over,546,355,309,29,17,191
S01006987,No qualifications,130,52,47,4,1,78
S01006987,Level 1,129,98,79,7,12,31
S01006987,Level 2,61,44,43,1,0,17
S01006987,Level 3,54,44,38,3,3,10
S01006987,Level 4 and above,172,117,102,14,1,55
S01006988,All people aged 16 and over,455,362,284,63,15,93
S01006988,No qualifications,73,39,27,8,4,34
S01006988,Level 1,101,84,69,11,4,17
S01006988,Level 2,74,58,48,8,2,16
S01006988,Level 3,51,44,30,10,4,7
S01006988,Level 4 and above,156,137,110,26,1,19
S01006989,All people aged 16 and over,794,605,478,113,14,189
S01006989,No qualifications,103,62,40,22,0,41
S01006989,Level 1,185,135,103,25,7,50
S01006989,Level 2,120,103,86,14,3,17
S01006989,Level 3,73,57,46,9,2,16
S01006989,Level 4 and above,313,248,203,43,2,65
S01006990,All people aged 16 and over,657,540,439,83,18,117
S01006990,No qualifications,49,22,11,7,4,27
S01006990,Level 1,158,128,103,21,4,30
S01006990,Level 2,107,86,75,10,1,21
S01006990,Level 3,71,70,54,14,2,1
S01006990,Level 4 and above,272,234,196,31,7,38
S01006991,All people aged 16 and over,371,212,174,32,6,159
S01006991,No qualifications,125,41,31,9,1,84
S01006991,Level 1,106,72,60,9,3,34
S01006991,Level 2,35,22,19,3,0,13
S01006991,Level 3,26,20,19,1,0,6
S01006991,Level 4 and above,79,57,45,10,2,22
S01006992,All people aged 16 and over,501,368,276,83,9,133
S01006992,No qualifications,91,52,29,23,0,39
S01006992,Level 1,111,81,61,18,2,30
S01006992,Level 2,60,39,31,5,3,21
S01006992,Level 3,60,44,33,11,0,16
S01006992,Level 4 and above,179,152,122,26,4,27
S01006993,All people aged 16 and over,433,319,240,75,4,114
S01006993,No qualifications,102,62,39,22,1,40
S01006993,Level 1,106,87,65,19,3,19
S01006993,Level 2,77,50,40,10,0,27
S01006993,Level 3,39,36,28,8,0,3
S01006993,Level 4 and above,109,84,68,16,0,25
S01006994,All people aged 16 and over,495,361,293,58,10,134
S01006994,No qualifications,93,43,33,10,0,50
S01006994,Level 1,126,102,80,16,6,24
S01006994,Level 2,71,56,47,7,2,15
S01006994,Level 3,48,39,33,6,0,9
S01006994,Level 4 and above,157,121,100,19,2,36
S01006995,All people aged 16 and over,673,526,392,121,13,147
S01006995,No qualifications,136,86,56,29,1,50
S01006995,Level 1,170,126,89,29,8,44
S01006995,Level 2,82,76,65,11,0,6
S01006995,Level 3,72,60,44,15,1,12
S01006995,Level 4 and above,213,178,138,37,3,35
S01006996,All people aged 16 and over,604,442,364,64,14,162
S01006996,No qualifications,152,65,50,10,5,87
S01006996,Level 1,185,151,125,20,6,34
S01006996,Level 2,78,64,57,6,1,14
S01006996,Level 3,56,51,43,8,0,5
S01006996,Level 4 and above,133,111,89,20,2,22
S01006997,All people aged 16 and over,603,477,377,89,11,126
S01006997,No qualifications,91,40,25,15,0,51
S01006997,Level 1,125,104,79,20,5,21
S01006997,Level 2,104,86,69,15,2,18
S01006997,Level 3,60,52,42,7,3,8
S01006997,Level 4 and above,223,195,162,32,1,28
S01006998,All people aged 16 and over,899,670,528,126,16,229
S01006998,No qualifications,172,79,47,32,0,93
S01006998,Level 1,212,156,121,29,6,56
S01006998,Level 2,128,109,91,13,5,19
S01006998,Level 3,89,79,60,16,3,10
S01006998,Level 4 and above,298,247,209,36,2,51
S01006999,All people aged 16 and over,724,522,370,143,9,202
S01006999,No qualifications,182,92,45,47,0,90
S01006999,Level 1,198,153,114,37,2,45
S01006999,Level 2,101,79,57,18,4,22
S01006999,Level 3,67,53,42,11,0,14
S01006999,Level 4 and above,176,145,112,30,3,31
S01007000,All people aged 16 and over,766,526,443,62,21,240
S01007000,No qualifications,189,65,50,9,6,124
S01007000,Level 1,201,159,129,19,11,42
S01007000,Level 2,96,79,68,11,0,17
S01007000,Level 3,73,60,54,5,1,13
S01007000,Level 4 and above,207,163,142,18,3,44
S01007001,All people aged 16 and over,775,485,394,72,19,290
S01007001,No qualifications,170,49,34,8,7,121
S01007001,Level 1,213,144,118,19,7,69
S01007001,Level 2,98,76,62,10,4,22
S01007001,Level 3,69,56,51,5,0,13
S01007001,Level 4 and above,225,160,129,30,1,65
S01007002,All people aged 16 and over,450,315,248,55,12,135
S01007002,No qualifications,110,55,36,18,1,55
S01007002,Level 1,123,83,58,18,7,40
S01007002,Level 2,48,38,34,2,2,10
S01007002,Level 3,42,34,29,5,0,8
S01007002,Level 4 and above,127,105,91,12,2,22
S01007003,All people aged 16 and over,425,317,217,91,9,108
S01007003,No qualifications,100,54,21,32,1,46
S01007003,Level 1,119,99,68,28,3,20
S01007003,Level 2,56,41,33,8,0,15
S01007003,Level 3,26,22,15,6,1,4
S01007003,Level 4 and above,124,101,80,17,4,23
S01007004,All people aged 16 and over,588,419,320,96,3,169
S01007004,No qualifications,119,63,31,32,0,56
S01007004,Level 1,165,118,95,23,0,47
S01007004,Level 2,70,50,42,7,1,20
S01007004,Level 3,57,50,36,12,2,7
S01007004,Level 4 and above,177,138,116,22,0,39
S01007005,All people aged 16 and over,729,537,404,114,19,192
S01007005,No qualifications,119,56,35,16,5,63
S01007005,Level 1,188,149,109,31,9,39
S01007005,Level 2,105,85,61,23,1,20
S01007005,Level 3,57,46,40,5,1,11
S01007005,Level 4 and above,260,201,159,39,3,59
S01007006,All people aged 16 and over,735,483,363,93,27,252
S01007006,No qualifications,197,86,58,22,6,111
S01007006,Level 1,203,150,119,24,7,53
S01007006,Level 2,90,66,42,17,7,24
S01007006,Level 3,60,47,41,6,0,13
S01007006,Level 4 and above,185,134,103,24,7,51
S01007007,All people aged 16 and over,672,478,312,142,24,194
S01007007,No qualifications,154,81,50,29,2,73
S01007007,Level 1,191,150,104,36,10,41
S01007007,Level 2,86,67,42,20,5,19
S01007007,Level 3,53,43,30,13,0,10
S01007007,Level 4 and above,188,137,86,44,7,51
S01007008,All people aged 16 and over,870,529,455,56,18,341
S01007008,No qualifications,290,88,76,9,3,202
S01007008,Level 1,240,183,155,20,8,57
S01007008,Level 2,118,88,77,9,2,30
S01007008,Level 3,69,59,49,8,2,10
S01007008,Level 4 and above,153,111,98,10,3,42
S01007009,All people aged 16 and over,874,547,456,63,28,327
S01007009,No qualifications,277,98,73,17,8,179
S01007009,Level 1,241,180,154,12,14,61
S01007009,Level 2,97,82,68,12,2,15
S01007009,Level 3,62,53,47,5,1,9
S01007009,Level 4 and above,197,134,114,17,3,63
S01007010,All people aged 16 and over,720,381,306,51,24,339
S01007010,No qualifications,222,48,39,7,2,174
S01007010,Level 1,151,107,80,15,12,44
S01007010,Level 2,94,73,62,5,6,21
S01007010,Level 3,50,36,32,2,2,14
S01007010,Level 4 and above,203,117,93,22,2,86
S01007011,All people aged 16 and over,730,447,363,45,39,283
S01007011,No qualifications,271,79,59,10,10,192
S01007011,Level 1,193,155,121,14,20,38
S01007011,Level 2,97,89,76,11,2,8
S01007011,Level 3,68,57,50,5,2,11
S01007011,Level 4 and above,101,67,57,5,5,34
S01007012,All people aged 16 and over,571,341,292,14,35,230
S01007012,No qualifications,250,101,89,4,8,149
S01007012,Level 1,178,133,108,9,16,45
S01007012,Level 2,54,44,40,0,4,10
S01007012,Level 3,49,37,32,1,4,12
S01007012,Level 4 and above,40,26,23,0,3,14
S01007013,All people aged 16 and over,458,327,222,98,7,131
S01007013,No qualifications,123,67,39,28,0,56
S01007013,Level 1,125,97,71,23,3,28
S01007013,Level 2,65,50,31,18,1,15
S01007013,Level 3,41,36,19,15,2,5
S01007013,Level 4 and above,104,77,62,14,1,27
S01007014,All people aged 16 and over,806,604,466,118,20,202
S01007014,No qualifications,158,81,52,27,2,77
S01007014,Level 1,239,182,143,28,11,57
S01007014,Level 2,112,90,73,16,1,22
S01007014,Level 3,92,78,61,14,3,14
S01007014,Level 4 and above,205,173,137,33,3,32
S01007015,All people aged 16 and over,505,369,255,106,8,136
S01007015,No qualifications,108,54,27,26,1,54
S01007015,Level 1,147,118,85,31,2,29
S01007015,Level 2,73,56,41,14,1,17
S01007015,Level 3,57,48,37,10,1,9
S01007015,Level 4 and above,120,93,65,25,3,27
S01007016,All people aged 16 and over,478,368,275,79,14,110
S01007016,No qualifications,84,55,36,17,2,29
S01007016,Level 1,159,128,100,24,4,31
S01007016,Level 2,71,57,39,15,3,14
S01007016,Level 3,44,35,25,8,2,9
S01007016,Level 4 and above,120,93,75,15,3,27
S01007017,All people aged 16 and over,829,525,449,49,27,304
S01007017,No qualifications,314,118,105,11,2,196
S01007017,Level 1,257,200,172,19,9,57
S01007017,Level 2,90,71,58,7,6,19
S01007017,Level 3,53,46,39,3,4,7
S01007017,Level 4 and above,115,90,75,9,6,25
S01007018,All people aged 16 and over,793,503,431,54,18,290
S01007018,No qualifications,237,78,67,7,4,159
S01007018,Level 1,248,185,162,15,8,63
S01007018,Level 2,98,76,64,9,3,22
S01007018,Level 3,74,59,50,7,2,15
S01007018,Level 4 and above,136,105,88,16,1,31
S01007019,All people aged 16 and over,574,352,300,33,19,222
S01007019,No qualifications,214,86,72,10,4,128
S01007019,Level 1,164,129,111,10,8,35
S01007019,Level 2,59,38,29,5,4,21
S01007019,Level 3,44,36,34,0,2,8
S01007019,Level 4 and above,93,63,54,8,1,30
S01007020,All people aged 16 and over,675,409,340,48,21,266
S01007020,No qualifications,209,64,52,8,4,145
S01007020,Level 1,175,119,96,15,8,56
S01007020,Level 2,76,53,44,4,5,23
S01007020,Level 3,78,71,62,8,1,7
S01007020,Level 4 and above,137,102,86,13,3,35
S01007021,All people aged 16 and over,774,456,400,40,16,318
S01007021,No qualifications,286,88,74,10,4,198
S01007021,Level 1,209,157,136,14,7,52
S01007021,Level 2,96,76,66,8,2,20
S01007021,Level 3,69,63,59,2,2,6
S01007021,Level 4 and above,114,72,65,6,1,42
S01007022,All people aged 16 and over,391,231,186,32,13,160
S01007022,No qualifications,115,40,32,5,3,75
S01007022,Level 1,115,83,62,13,8,32
S01007022,Level 2,34,25,20,5,0,9
S01007022,Level 3,46,34,27,5,2,12
S01007022,Level 4 and above,81,49,45,4,0,32
S01007023,All people aged 16 and over,394,246,161,71,14,148
S01007023,No qualifications,117,37,21,13,3,80
S01007023,Level 1,116,83,55,25,3,33
S01007023,Level 2,53,45,36,6,3,8
S01007023,Level 3,38,32,18,12,2,6
S01007023,Level 4 and above,70,49,31,15,3,21
S01007024,All people aged 16 and over,877,540,376,145,19,337
S01007024,No qualifications,270,107,64,40,3,163
S01007024,Level 1,215,158,106,42,10,57
S01007024,Level 2,109,78,56,20,2,31
S01007024,Level 3,78,64,51,11,2,14
S01007024,Level 4 and above,205,133,99,32,2,72
S01007025,All people aged 16 and over,708,425,350,52,23,283
S01007025,No qualifications,270,99,88,6,5,171
S01007025,Level 1,197,144,122,14,8,53
S01007025,Level 2,87,70,56,10,4,17
S01007025,Level 3,47,38,24,10,4,9
S01007025,Level 4 and above,107,74,60,12,2,33
S01007026,All people aged 16 and over,774,407,327,61,19,367
S01007026,No qualifications,292,86,68,13,5,206
S01007026,Level 1,168,114,92,17,5,54
S01007026,Level 2,97,66,54,10,2,31
S01007026,Level 3,64,55,49,3,3,9
S01007026,Level 4 and above,153,86,64,18,4,67
S01007027,All people aged 16 and over,880,528,418,84,26,352
S01007027,No qualifications,298,97,73,17,7,201
S01007027,Level 1,188,146,111,28,7,42
S01007027,Level 2,94,68,57,6,5,26
S01007027,Level 3,93,72,61,8,3,21
S01007027,Level 4 and above,207,145,116,25,4,62
S01007028,All people aged 16 and over,614,404,282,108,14,210
S01007028,No qualifications,155,56,38,16,2,99
S01007028,Level 1,161,118,78,33,7,43
S01007028,Level 2,89,68,50,16,2,21
S01007028,Level 3,53,46,31,13,2,7
S01007028,Level 4 and above,156,116,85,30,1,40
S01007029,All people aged 16 and over,458,310,192,104,14,148
S01007029,No qualifications,109,51,19,31,1,58
S01007029,Level 1,166,122,78,38,6,44
S01007029,Level 2,49,38,27,10,1,11
S01007029,Level 3,35,31,20,7,4,4
S01007029,Level 4 and above,99,68,48,18,2,31
S01007030,All people aged 16 and over,663,417,340,58,19,246
S01007030,No qualifications,226,95,73,19,3,131
S01007030,Level 1,218,162,127,25,10,56
S01007030,Level 2,68,52,45,4,3,16
S01007030,Level 3,46,36,31,4,1,10
S01007030,Level 4 and above,105,72,64,6,2,33
S01007031,All people aged 16 and over,517,317,243,53,21,200
S01007031,No qualifications,164,67,48,14,5,97
S01007031,Level 1,148,106,80,18,8,42
S01007031,Level 2,65,46,35,7,4,19
S01007031,Level 3,33,25,21,3,1,8
S01007031,Level 4 and above,107,73,59,11,3,34
S01007032,All people aged 16 and over,833,488,383,57,48,345
S01007032,No qualifications,271,81,60,7,14,190
S01007032,Level 1,214,157,121,17,19,57
S01007032,Level 2,106,73,60,7,6,33
S01007032,Level 3,55,46,33,10,3,9
S01007032,Level 4 and above,187,131,109,16,6,56
S01007033,All people aged 16 and over,603,381,342,15,24,222
S01007033,No qualifications,193,88,76,4,8,105
S01007033,Level 1,189,135,118,5,12,54
S01007033,Level 2,86,64,58,4,2,22
S01007033,Level 3,45,35,34,1,0,10
S01007033,Level 4 and above,90,59,56,1,2,31
S01007034,All people aged 16 and over,494,324,271,32,21,170
S01007034,No qualifications,122,47,33,7,7,75
S01007034,Level 1,145,104,89,9,6,41
S01007034,Level 2,63,47,37,6,4,16
S01007034,Level 3,53,44,38,4,2,9
S01007034,Level 4 and above,111,82,74,6,2,29
S01007035,All people aged 16 and over,643,374,317,33,24,269
S01007035,No qualifications,265,102,86,8,8,163
S01007035,Level 1,191,134,111,10,13,57
S01007035,Level 2,58,45,40,4,1,13
S01007035,Level 3,43,34,28,5,1,9
S01007035,Level 4 and above,86,59,52,6,1,27
S01007036,All people aged 16 and over,800,452,364,74,14,348
S01007036,No qualifications,260,85,69,13,3,175
S01007036,Level 1,187,130,99,25,6,57
S01007036,Level 2,88,57,50,6,1,31
S01007036,Level 3,58,43,39,2,2,15
S01007036,Level 4 and above,207,137,107,28,2,70
S01007037,All people aged 16 and over,830,528,455,49,24,302
S01007037,No qualifications,309,122,107,9,6,187
S01007037,Level 1,248,198,165,19,14,50
S01007037,Level 2,103,77,68,8,1,26
S01007037,Level 3,54,41,34,7,0,13
S01007037,Level 4 and above,116,90,81,6,3,26
S01007038,All people aged 16 and over,613,418,340,54,24,195
S01007038,No qualifications,172,73,56,15,2,99
S01007038,Level 1,184,142,107,22,13,42
S01007038,Level 2,77,62,54,4,4,15
S01007038,Level 3,55,48,43,4,1,7
S01007038,Level 4 and above,125,93,80,9,4,32
S01007039,All people aged 16 and over,685,435,360,42,33,250
S01007039,No qualifications,223,85,66,12,7,138
S01007039,Level 1,217,162,131,13,18,55
S01007039,Level 2,79,59,47,10,2,20
S01007039,Level 3,68,57,53,2,2,11
S01007039,Level 4 and above,98,72,63,5,4,26
S01007040,All people aged 16 and over,537,324,269,31,24,213
S01007040,No qualifications,192,76,67,7,2,116
S01007040,Level 1,166,124,98,10,16,42
S01007040,Level 2,67,49,39,7,3,18
S01007040,Level 3,30,19,16,3,0,11
S01007040,Level 4 and above,82,56,49,4,3,26
S01007041,All people aged 16 and over,628,406,324,50,32,222
S01007041,No qualifications,196,73,49,15,9,123
S01007041,Level 1,184,137,105,15,17,47
S01007041,Level 2,95,74,65,9,0,21
S01007041,Level 3,51,45,40,4,1,6
S01007041,Level 4 and above,102,77,65,7,5,25
S01007042,All people aged 16 and over,598,374,287,60,27,224
S01007042,No qualifications,189,69,53,11,5,120
S01007042,Level 1,183,138,101,22,15,45
S01007042,Level 2,68,53,41,11,1,15
S01007042,Level 3,46,35,30,4,1,11
S01007042,Level 4 and above,112,79,62,12,5,33
S01007043,All people aged 16 and over,835,600,425,160,15,235
S01007043,No qualifications,234,118,77,39,2,116
S01007043,Level 1,192,146,108,32,6,46
S01007043,Level 2,111,87,56,28,3,24
S01007043,Level 3,80,71,57,12,2,9
S01007043,Level 4 and above,218,178,127,49,2,40
S01007044,All people aged 16 and over,581,321,229,82,10,260
S01007044,No qualifications,179,49,32,16,1,130
S01007044,Level 1,159,108,70,34,4,51
S01007044,Level 2,70,45,36,6,3,25
S01007044,Level 3,45,28,21,7,0,17
S01007044,Level 4 and above,128,91,70,19,2,37
S01007045,All people aged 16 and over,683,454,284,144,26,229
S01007045,No qualifications,209,100,51,43,6,109
S01007045,Level 1,176,135,76,45,14,41
S01007045,Level 2,94,67,45,19,3,27
S01007045,Level 3,59,49,36,12,1,10
S01007045,Level 4 and above,145,103,76,25,2,42
S01007046,All people aged 16 and over,509,328,267,58,3,181
S01007046,No qualifications,170,65,43,21,1,105
S01007046,Level 1,141,111,90,20,1,30
S01007046,Level 2,60,45,43,2,0,15
S01007046,Level 3,47,38,32,5,1,9
S01007046,Level 4 and above,91,69,59,10,0,22
S01007047,All people aged 16 and over,550,377,265,97,15,173
S01007047,No qualifications,167,91,50,37,4,76
S01007047,Level 1,153,111,83,24,4,42
S01007047,Level 2,49,39,26,11,2,10
S01007047,Level 3,51,38,32,4,2,13
S01007047,Level 4 and above,130,98,74,21,3,32
S01007048,All people aged 16 and over,775,532,380,128,24,243
S01007048,No qualifications,232,113,69,37,7,119
S01007048,Level 1,212,149,106,35,8,63
S01007048,Level 2,102,82,59,18,5,20
S01007048,Level 3,66,52,43,9,0,14
S01007048,Level 4 and above,163,136,103,29,4,27
S01007049,All people aged 16 and over,767,493,413,52,28,274
S01007049,No qualifications,295,129,100,17,12,166
S01007049,Level 1,219,160,139,13,8,59
S01007049,Level 2,87,70,63,5,2,17
S01007049,Level 3,70,60,49,9,2,10
S01007049,Level 4 and above,96,74,62,8,4,22
S01007050,All people aged 16 and over,547,334,258,61,15,213
S01007050,No qualifications,171,50,36,13,1,121
S01007050,Level 1,160,114,85,24,5,46
S01007050,Level 2,71,58,44,9,5,13
S01007050,Level 3,39,31,27,3,1,8
S01007050,Level 4 and above,106,81,66,12,3,25
S01007051,All people aged 16 and over,614,435,376,47,12,179
S01007051,No qualifications,167,56,43,13,0,111
S01007051,Level 1,169,146,124,16,6,23
S01007051,Level 2,95,82,77,5,0,13
S01007051,Level 3,61,53,48,3,2,8
S01007051,Level 4 and above,122,98,84,10,4,24
S01007052,All people aged 16 and over,473,320,255,50,15,153
S01007052,No qualifications,142,68,50,14,4,74
S01007052,Level 1,120,91,76,13,2,29
S01007052,Level 2,74,58,45,10,3,16
S01007052,Level 3,54,43,36,6,1,11
S01007052,Level 4 and above,83,60,48,7,5,23
S01007053,All people aged 16 and over,402,278,202,63,13,124
S01007053,No qualifications,79,37,19,17,1,42
S01007053,Level 1,95,65,48,12,5,30
S01007053,Level 2,68,54,40,10,4,14
S01007053,Level 3,52,39,27,11,1,13
S01007053,Level 4 and above,108,83,68,13,2,25
S01007054,All people aged 16 and over,803,506,430,49,27,297
S01007054,No qualifications,280,101,80,12,9,179
S01007054,Level 1,212,155,128,18,9,57
S01007054,Level 2,116,93,87,4,2,23
S01007054,Level 3,73,57,52,3,2,16
S01007054,Level 4 and above,122,100,83,12,5,22
S01007055,All people aged 16 and over,422,321,219,91,11,101
S01007055,No qualifications,84,50,25,24,1,34
S01007055,Level 1,128,95,64,27,4,33
S01007055,Level 2,62,51,43,6,2,11
S01007055,Level 3,51,44,26,16,2,7
S01007055,Level 4 and above,97,81,61,18,2,16
S01007056,All people aged 16 and over,528,378,251,107,20,150
S01007056,No qualifications,137,55,27,24,4,82
S01007056,Level 1,129,104,67,28,9,25
S01007056,Level 2,90,80,57,17,6,10
S01007056,Level 3,45,37,28,8,1,8
S01007056,Level 4 and above,127,102,72,30,0,25
S01007057,All people aged 16 and over,459,249,212,25,12,210
S01007057,No qualifications,182,49,40,5,4,133
S01007057,Level 1,92,60,49,7,4,32
S01007057,Level 2,65,53,46,4,3,12
S01007057,Level 3,43,34,29,4,1,9
S01007057,Level 4 and above,77,53,48,5,0,24
S01007058,All people aged 16 and over,502,269,235,23,11,233
S01007058,No qualifications,218,57,45,10,2,161
S01007058,Level 1,116,93,82,4,7,23
S01007058,Level 2,72,56,49,5,2,16
S01007058,Level 3,41,33,32,1,0,8
S01007058,Level 4 and above,55,30,27,3,0,25
S01007059,All people aged 16 and over,813,510,432,56,22,303
S01007059,No qualifications,243,77,66,8,3,166
S01007059,Level 1,230,157,131,15,11,73
S01007059,Level 2,109,83,69,12,2,26
S01007059,Level 3,88,75,66,6,3,13
S01007059,Level 4 and above,143,118,100,15,3,25
S01007060,All people aged 16 and over,485,316,257,24,35,169
S01007060,No qualifications,172,72,57,5,10,100
S01007060,Level 1,164,121,95,11,15,43
S01007060,Level 2,59,47,44,1,2,12
S01007060,Level 3,39,34,26,4,4,5
S01007060,Level 4 and above,51,42,35,3,4,9
S01007061,All people aged 16 and over,739,576,449,109,18,163
S01007061,No qualifications,121,63,34,25,4,58
S01007061,Level 1,152,128,97,26,5,24
S01007061,Level 2,120,98,79,18,1,22
S01007061,Level 3,88,77,66,8,3,11
S01007061,Level 4 and above,258,210,173,32,5,48
S01007062,All people aged 16 and over,565,423,305,104,14,142
S01007062,No qualifications,103,51,25,22,4,52
S01007062,Level 1,136,98,69,27,2,38
S01007062,Level 2,77,62,40,19,3,15
S01007062,Level 3,54,46,30,14,2,8
S01007062,Level 4 and above,195,166,141,22,3,29
S01007063,All people aged 16 and over,549,361,305,46,10,188
S01007063,No qualifications,162,62,54,8,0,100
S01007063,Level 1,138,101,79,18,4,37
S01007063,Level 2,81,68,57,9,2,13
S01007063,Level 3,65,53,47,4,2,12
S01007063,Level 4 and above,103,77,68,7,2,26
S01007064,All people aged 16 and over,528,392,279,101,12,136
S01007064,No qualifications,121,61,39,16,6,60
S01007064,Level 1,135,110,73,33,4,25
S01007064,Level 2,74,56,44,12,0,18
S01007064,Level 3,48,43,30,12,1,5
S01007064,Level 4 and above,150,122,93,28,1,28
S01007065,All people aged 16 and over,474,325,269,50,6,149
S01007065,No qualifications,95,44,34,9,1,51
S01007065,Level 1,103,71,60,10,1,32
S01007065,Level 2,62,48,43,5,0,14
S01007065,Level 3,58,44,37,6,1,14
S01007065,Level 4 and above,156,118,95,20,3,38
S01007066,All people aged 16 and over,537,386,291,82,13,151
S01007066,No qualifications,112,57,33,20,4,55
S01007066,Level 1,141,98,74,20,4,43
S01007066,Level 2,88,68,52,15,1,20
S01007066,Level 3,52,45,40,4,1,7
S01007066,Level 4 and above,144,118,92,23,3,26
S01007067,All people aged 16 and over,489,339,294,30,15,150
S01007067,No qualifications,92,34,29,4,1,58
S01007067,Level 1,130,96,88,4,4,34
S01007067,Level 2,95,76,65,10,1,19
S01007067,Level 3,64,53,44,4,5,11
S01007067,Level 4 and above,108,80,68,8,4,28
S01007068,All people aged 16 and over,625,378,301,59,18,247
S01007068,No qualifications,192,62,50,9,3,130
S01007068,Level 1,150,111,86,16,9,39
S01007068,Level 2,77,57,47,7,3,20
S01007068,Level 3,65,46,39,6,1,19
S01007068,Level 4 and above,141,102,79,21,2,39
S01007069,All people aged 16 and over,644,435,364,47,24,209
S01007069,No qualifications,172,74,60,12,2,98
S01007069,Level 1,218,170,136,18,16,48
S01007069,Level 2,81,59,50,4,5,22
S01007069,Level 3,74,58,54,3,1,16
S01007069,Level 4 and above,99,74,64,10,0,25
S01007070,All people aged 16 and over,429,288,239,26,23,141
S01007070,No qualifications,144,66,55,6,5,78
S01007070,Level 1,125,96,76,8,12,29
S01007070,Level 2,52,44,35,5,4,8
S01007070,Level 3,47,40,33,5,2,7
S01007070,Level 4 and above,61,42,40,2,0,19
S01007071,All people aged 16 and over,688,497,438,44,15,191
S01007071,No qualifications,162,75,62,7,6,87
S01007071,Level 1,218,169,152,9,8,49
S01007071,Level 2,95,73,64,9,0,22
S01007071,Level 3,63,54,48,6,0,9
S01007071,Level 4 and above,150,126,112,13,1,24
S01007072,All people aged 16 and over,513,399,338,44,17,114
S01007072,No qualifications,128,69,58,8,3,59
S01007072,Level 1,137,110,88,17,5,27
S01007072,Level 2,104,93,79,9,5,11
S01007072,Level 3,64,55,47,6,2,9
S01007072,Level 4 and above,80,72,66,4,2,8
S01007073,All people aged 16 and over,903,524,447,57,20,379
S01007073,No qualifications,276,95,77,15,3,181
S01007073,Level 1,284,176,147,20,9,108
S01007073,Level 2,115,84,77,4,3,31
S01007073,Level 3,90,70,65,5,0,20
S01007073,Level 4 and above,138,99,81,13,5,39
S01007074,All people aged 16 and over,549,393,333,30,30,156
S01007074,No qualifications,184,96,80,8,8,88
S01007074,Level 1,179,139,109,13,17,40
S01007074,Level 2,54,48,43,3,2,6
S01007074,Level 3,56,49,45,3,1,7
S01007074,Level 4 and above,76,61,56,3,2,15
S01007075,All people aged 16 and over,585,398,371,8,19,187
S01007075,No qualifications,206,89,80,2,7,117
S01007075,Level 1,196,159,150,1,8,37
S01007075,Level 2,78,65,61,2,2,13
S01007075,Level 3,44,37,34,2,1,7
S01007075,Level 4 and above,61,48,46,1,1,13
S01007076,All people aged 16 and over,599,441,385,31,25,158
S01007076,No qualifications,187,96,81,9,6,91
S01007076,Level 1,200,168,147,12,9,32
S01007076,Level 2,70,63,57,2,4,7
S01007076,Level 3,67,59,52,4,3,8
S01007076,Level 4 and above,75,55,48,4,3,20
S01007077,All people aged 16 and over,594,379,337,21,21,215
S01007077,No qualifications,242,99,87,7,5,143
S01007077,Level 1,161,123,108,3,12,38
S01007077,Level 2,70,60,54,6,0,10
S01007077,Level 3,40,32,29,0,3,8
S01007077,Level 4 and above,81,65,59,5,1,16
S01007078,All people aged 16 and over,717,436,361,34,41,281
S01007078,No qualifications,277,115,92,12,11,162
S01007078,Level 1,188,140,109,14,17,48
S01007078,Level 2,85,61,55,3,3,24
S01007078,Level 3,67,47,40,1,6,20
S01007078,Level 4 and above,100,73,65,4,4,27
S01007079,All people aged 16 and over,858,488,413,38,37,370
S01007079,No qualifications,330,99,82,7,10,231
S01007079,Level 1,233,169,142,9,18,64
S01007079,Level 2,99,76,67,6,3,23
S01007079,Level 3,66,52,45,4,3,14
S01007079,Level 4 and above,130,92,77,12,3,38
S01007080,All people aged 16 and over,669,388,330,22,36,281
S01007080,No qualifications,270,94,76,5,13,176
S01007080,Level 1,181,127,105,6,16,54
S01007080,Level 2,74,53,47,2,4,21
S01007080,Level 3,67,58,50,6,2,9
S01007080,Level 4 and above,77,56,52,3,1,21
S01007081,All people aged 16 and over,734,500,425,40,35,234
S01007081,No qualifications,290,159,133,15,11,131
S01007081,Level 1,224,170,143,11,16,54
S01007081,Level 2,64,48,43,2,3,16
S01007081,Level 3,50,41,38,3,0,9
S01007081,Level 4 and above,106,82,68,9,5,24
S01007082,All people aged 16 and over,439,300,251,26,23,139
S01007082,No qualifications,171,90,71,7,12,81
S01007082,Level 1,124,95,78,10,7,29
S01007082,Level 2,42,37,29,5,3,5
S01007082,Level 3,47,33,30,2,1,14
S01007082,Level 4 and above,55,45,43,2,0,10
S01007083,All people aged 16 and over,794,429,367,27,35,365
S01007083,No qualifications,375,126,107,10,9,249
S01007083,Level 1,206,151,124,7,20,55
S01007083,Level 2,59,44,39,2,3,15
S01007083,Level 3,74,54,50,3,1,20
S01007083,Level 4 and above,80,54,47,5,2,26
S01007084,All people aged 16 and over,557,302,260,33,9,255
S01007084,No qualifications,213,57,41,14,2,156
S01007084,Level 1,127,93,83,7,3,34
S01007084,Level 2,71,51,44,4,3,20
S01007084,Level 3,56,45,43,2,0,11
S01007084,Level 4 and above,90,56,49,6,1,34
S01007085,All people aged 16 and over,684,490,390,54,46,194
S01007085,No qualifications,176,90,69,4,17,86
S01007085,Level 1,191,145,105,19,21,46
S01007085,Level 2,70,50,40,5,5,20
S01007085,Level 3,78,67,57,9,1,11
S01007085,Level 4 and above,169,138,119,17,2,31
S01007086,All people aged 16 and over,917,665,540,32,93,252
S01007086,No qualifications,281,146,113,6,27,135
S01007086,Level 1,306,242,196,9,37,64
S01007086,Level 2,95,75,62,5,8,20
S01007086,Level 3,87,76,66,4,6,11
S01007086,Level 4 and above,148,126,103,8,15,22
S01007087,All people aged 16 and over,753,497,416,34,47,256
S01007087,No qualifications,294,115,96,8,11,179
S01007087,Level 1,200,164,134,11,19,36
S01007087,Level 2,79,64,58,1,5,15
S01007087,Level 3,57,45,37,4,4,12
S01007087,Level 4 and above,123,109,91,10,8,14
S01007088,All people aged 16 and over,437,263,209,19,35,174
S01007088,No qualifications,197,93,69,9,15,104
S01007088,Level 1,130,80,63,2,15,50
S01007088,Level 2,32,25,21,3,1,7
S01007088,Level 3,28,24,18,3,3,4
S01007088,Level 4 and above,50,41,38,2,1,9
S01007089,All people aged 16 and over,423,284,238,37,9,139
S01007089,No qualifications,98,42,36,5,1,56
S01007089,Level 1,118,84,65,16,3,34
S01007089,Level 2,70,54,49,3,2,16
S01007089,Level 3,47,40,36,4,0,7
S01007089,Level 4 and above,90,64,52,9,3,26
S01007090,All people aged 16 and over,451,346,298,35,13,105
S01007090,No qualifications,112,51,47,4,0,61
S01007090,Level 1,144,119,102,13,4,25
S01007090,Level 2,68,63,51,6,6,5
S01007090,Level 3,48,42,39,1,2,6
S01007090,Level 4 and above,79,71,59,11,1,8
S01007091,All people aged 16 and over,587,446,390,27,29,141
S01007091,No qualifications,127,68,55,3,10,59
S01007091,Level 1,201,153,128,11,14,48
S01007091,Level 2,103,90,81,6,3,13
S01007091,Level 3,67,58,53,4,1,9
S01007091,Level 4 and above,89,77,73,3,1,12
S01007092,All people aged 16 and over,537,311,274,18,19,226
S01007092,No qualifications,228,81,71,5,5,147
S01007092,Level 1,164,116,106,3,7,48
S01007092,Level 2,43,38,27,8,3,5
S01007092,Level 3,41,31,29,1,1,10
S01007092,Level 4 and above,61,45,41,1,3,16
S01007093,All people aged 16 and over,853,549,489,48,12,304
S01007093,No qualifications,245,75,62,10,3,170
S01007093,Level 1,227,165,147,14,4,62
S01007093,Level 2,125,100,94,5,1,25
S01007093,Level 3,100,83,74,9,0,17
S01007093,Level 4 and above,156,126,112,10,4,30
S01007094,All people aged 16 and over,759,498,419,69,10,261
S01007094,No qualifications,227,100,79,20,1,127
S01007094,Level 1,237,171,142,23,6,66
S01007094,Level 2,92,77,71,6,0,15
S01007094,Level 3,72,58,51,6,1,14
S01007094,Level 4 and above,131,92,76,14,2,39
S01007095,All people aged 16 and over,447,301,220,74,7,146
S01007095,No qualifications,109,42,25,15,2,67
S01007095,Level 1,119,91,61,27,3,28
S01007095,Level 2,69,55,44,11,0,14
S01007095,Level 3,46,35,25,8,2,11
S01007095,Level 4 and above,104,78,65,13,0,26
S01007096,All people aged 16 and over,645,475,392,73,10,170
S01007096,No qualifications,124,54,36,15,3,70
S01007096,Level 1,178,137,113,19,5,41
S01007096,Level 2,98,79,65,13,1,19
S01007096,Level 3,86,75,67,7,1,11
S01007096,Level 4 and above,159,130,111,19,0,29
S01007097,All people aged 16 and over,396,293,235,50,8,103
S01007097,No qualifications,85,40,26,14,0,45
S01007097,Level 1,116,89,78,10,1,27
S01007097,Level 2,57,48,38,7,3,9
S01007097,Level 3,48,45,37,7,1,3
S01007097,Level 4 and above,90,71,56,12,3,19
S01007098,All people aged 16 and over,640,455,350,97,8,185
S01007098,No qualifications,133,64,42,21,1,69
S01007098,Level 1,150,112,84,24,4,38
S01007098,Level 2,118,94,81,12,1,24
S01007098,Level 3,76,65,50,15,0,11
S01007098,Level 4 and above,163,120,93,25,2,43
S01007099,All people aged 16 and over,694,504,383,105,16,190
S01007099,No qualifications,159,63,50,11,2,96
S01007099,Level 1,199,154,112,38,4,45
S01007099,Level 2,114,95,67,21,7,19
S01007099,Level 3,85,77,66,11,0,8
S01007099,Level 4 and above,137,115,88,24,3,22
S01007100,All people aged 16 and over,601,406,332,60,14,195
S01007100,No qualifications,166,75,51,20,4,91
S01007100,Level 1,159,127,107,14,6,32
S01007100,Level 2,82,58,51,5,2,24
S01007100,Level 3,57,42,39,2,1,15
S01007100,Level 4 and above,137,104,84,19,1,33
S01007101,All people aged 16 and over,706,438,359,40,39,268
S01007101,No qualifications,285,119,99,10,10,166
S01007101,Level 1,205,155,131,12,12,50
S01007101,Level 2,69,52,39,4,9,17
S01007101,Level 3,55,44,37,5,2,11
S01007101,Level 4 and above,92,68,53,9,6,24
S01007102,All people aged 16 and over,590,386,303,66,17,204
S01007102,No qualifications,181,81,58,20,3,100
S01007102,Level 1,149,109,88,13,8,40
S01007102,Level 2,77,57,48,6,3,20
S01007102,Level 3,52,45,36,8,1,7
S01007102,Level 4 and above,131,94,73,19,2,37
S01007103,All people aged 16 and over,678,435,350,69,16,243
S01007103,No qualifications,207,90,70,16,4,117
S01007103,Level 1,180,132,107,19,6,48
S01007103,Level 2,90,63,54,7,2,27
S01007103,Level 3,78,62,53,6,3,16
S01007103,Level 4 and above,123,88,66,21,1,35
S01007104,All people aged 16 and over,398,250,178,66,6,148
S01007104,No qualifications,119,53,31,22,0,66
S01007104,Level 1,116,79,56,21,2,37
S01007104,Level 2,49,33,27,6,0,16
S01007104,Level 3,40,32,27,3,2,8
S01007104,Level 4 and above,74,53,37,14,2,21
S01007105,All people aged 16 and over,447,257,218,30,9,190
S01007105,No qualifications,143,33,26,5,2,110
S01007105,Level 1,129,95,74,16,5,34
S01007105,Level 2,59,40,37,3,0,19
S01007105,Level 3,56,44,41,1,2,12
S01007105,Level 4 and above,60,45,40,5,0,15
S01007106,All people aged 16 and over,615,357,289,46,22,258
S01007106,No qualifications,207,65,52,9,4,142
S01007106,Level 1,159,109,93,11,5,50
S01007106,Level 2,66,51,44,4,3,15
S01007106,Level 3,77,59,45,10,4,18
S01007106,Level 4 and above,106,73,55,12,6,33
S01007107,All people aged 16 and over,543,374,280,84,10,169
S01007107,No qualifications,139,78,52,24,2,61
S01007107,Level 1,141,100,74,23,3,41
S01007107,Level 2,78,54,41,11,2,24
S01007107,Level 3,72,59,47,11,1,13
S01007107,Level 4 and above,113,83,66,15,2,30
S01007108,All people aged 16 and over,468,315,211,92,12,153
S01007108,No qualifications,138,62,32,29,1,76
S01007108,Level 1,115,85,57,24,4,30
S01007108,Level 2,58,50,33,15,2,8
S01007108,Level 3,66,55,39,13,3,11
S01007108,Level 4 and above,91,63,50,11,2,28
S01007109,All people aged 16 and over,668,404,329,47,28,264
S01007109,No qualifications,270,122,103,12,7,148
S01007109,Level 1,181,129,103,17,9,52
S01007109,Level 2,64,44,36,4,4,20
S01007109,Level 3,67,49,41,4,4,18
S01007109,Level 4 and above,86,60,46,10,4,26
S01007110,All people aged 16 and over,608,396,326,45,25,212
S01007110,No qualifications,174,64,47,10,7,110
S01007110,Level 1,198,152,115,22,15,46
S01007110,Level 2,68,53,52,1,0,15
S01007110,Level 3,77,59,52,6,1,18
S01007110,Level 4 and above,91,68,60,6,2,23
S01007111,All people aged 16 and over,435,268,231,23,14,167
S01007111,No qualifications,147,52,43,7,2,95
S01007111,Level 1,122,86,75,6,5,36
S01007111,Level 2,48,32,29,2,1,16
S01007111,Level 3,64,56,49,5,2,8
S01007111,Level 4 and above,54,42,35,3,4,12
S01007112,All people aged 16 and over,475,300,228,58,14,175
S01007112,No qualifications,160,72,46,22,4,88
S01007112,Level 1,108,72,54,15,3,36
S01007112,Level 2,60,45,39,4,2,15
S01007112,Level 3,57,49,40,7,2,8
S01007112,Level 4 and above,90,62,49,10,3,28
S01007113,All people aged 16 and over,488,268,209,48,11,220
S01007113,No qualifications,130,25,15,10,0,105
S01007113,Level 1,118,87,63,17,7,31
S01007113,Level 2,39,27,26,1,0,12
S01007113,Level 3,54,41,32,7,2,13
S01007113,Level 4 and above,147,88,73,13,2,59
S01007114,All people aged 16 and over,745,464,420,35,9,281
S01007114,No qualifications,251,98,90,6,2,153
S01007114,Level 1,201,145,125,15,5,56
S01007114,Level 2,98,68,63,5,0,30
S01007114,Level 3,101,84,77,5,2,17
S01007114,Level 4 and above,94,69,65,4,0,25
S01007115,All people aged 16 and over,584,347,303,31,13,237
S01007115,No qualifications,199,73,64,8,1,126
S01007115,Level 1,149,104,87,11,6,45
S01007115,Level 2,63,48,45,1,2,15
S01007115,Level 3,81,64,53,8,3,17
S01007115,Level 4 and above,92,58,54,3,1,34
S01007116,All people aged 16 and over,732,557,441,92,24,175
S01007116,No qualifications,135,75,54,17,4,60
S01007116,Level 1,209,157,117,31,9,52
S01007116,Level 2,112,86,76,6,4,26
S01007116,Level 3,112,99,86,10,3,13
S01007116,Level 4 and above,164,140,108,28,4,24
S01007117,All people aged 16 and over,398,252,203,43,6,146
S01007117,No qualifications,89,29,21,7,1,60
S01007117,Level 1,110,85,69,12,4,25
S01007117,Level 2,57,39,31,7,1,18
S01007117,Level 3,48,36,29,7,0,12
S01007117,Level 4 and above,94,63,53,10,0,31
S01007118,All people aged 16 and over,531,365,315,20,30,166
S01007118,No qualifications,171,89,68,10,11,82
S01007118,Level 1,179,131,121,1,9,48
S01007118,Level 2,53,46,41,3,2,7
S01007118,Level 3,75,58,52,2,4,17
S01007118,Level 4 and above,53,41,33,4,4,12
S01007119,All people aged 16 and over,658,422,365,29,28,236
S01007119,No qualifications,261,122,101,12,9,139
S01007119,Level 1,205,150,126,9,15,55
S01007119,Level 2,65,50,48,1,1,15
S01007119,Level 3,72,58,54,2,2,14
S01007119,Level 4 and above,55,42,36,5,1,13
S01007120,All people aged 16 and over,907,591,513,27,51,316
S01007120,No qualifications,371,174,143,7,24,197
S01007120,Level 1,221,170,147,6,17,51
S01007120,Level 2,100,73,68,3,2,27
S01007120,Level 3,100,81,69,5,7,19
S01007120,Level 4 and above,115,93,86,6,1,22
S01007121,All people aged 16 and over,466,226,194,16,16,240
S01007121,No qualifications,215,56,49,6,1,159
S01007121,Level 1,109,71,58,5,8,38
S01007121,Level 2,50,36,32,0,4,14
S01007121,Level 3,37,27,22,3,2,10
S01007121,Level 4 and above,55,36,33,2,1,19
S01007122,All people aged 16 and over,506,311,265,35,11,195
S01007122,No qualifications,142,45,36,7,2,97
S01007122,Level 1,133,92,75,10,7,41
S01007122,Level 2,56,41,39,2,0,15
S01007122,Level 3,60,50,44,4,2,10
S01007122,Level 4 and above,115,83,71,12,0,32
S01007123,All people aged 16 and over,566,328,291,21,16,238
S01007123,No qualifications,245,86,79,5,2,159
S01007123,Level 1,147,105,89,7,9,42
S01007123,Level 2,58,46,43,2,1,12
S01007123,Level 3,48,39,38,1,0,9
S01007123,Level 4 and above,68,52,42,6,4,16
S01007124,All people aged 16 and over,749,500,433,41,26,249
S01007124,No qualifications,244,107,85,15,7,137
S01007124,Level 1,223,181,153,16,12,42
S01007124,Level 2,96,71,64,4,3,25
S01007124,Level 3,84,64,60,2,2,20
S01007124,Level 4 and above,102,77,71,4,2,25
S01007125,All people aged 16 and over,676,418,351,33,34,258
S01007125,No qualifications,249,105,83,13,9,144
S01007125,Level 1,208,143,124,6,13,65
S01007125,Level 2,67,51,45,3,3,16
S01007125,Level 3,60,50,41,6,3,10
S01007125,Level 4 and above,92,69,58,5,6,23
S01007126,All people aged 16 and over,723,454,383,25,46,269
S01007126,No qualifications,307,140,119,5,16,167
S01007126,Level 1,198,144,114,11,19,54
S01007126,Level 2,54,38,32,3,3,16
S01007126,Level 3,86,73,67,2,4,13
S01007126,Level 4 and above,78,59,51,4,4,19
S01007127,All people aged 16 and over,833,599,503,41,55,234
S01007127,No qualifications,336,196,160,13,23,140
S01007127,Level 1,204,165,141,10,14,39
S01007127,Level 2,67,46,36,5,5,21
S01007127,Level 3,79,66,54,3,9,13
S01007127,Level 4 and above,147,126,112,10,4,21
S01007128,All people aged 16 and over,696,392,329,27,36,304
S01007128,No qualifications,332,120,96,11,13,212
S01007128,Level 1,167,126,102,10,14,41
S01007128,Level 2,68,57,50,2,5,11
S01007128,Level 3,52,38,36,2,0,14
S01007128,Level 4 and above,77,51,45,2,4,26
S01007129,All people aged 16 and over,739,517,431,75,11,222
S01007129,No qualifications,86,35,15,18,2,51
S01007129,Level 1,92,63,57,4,2,29
S01007129,Level 2,103,80,70,8,2,23
S01007129,Level 3,87,64,55,8,1,23
S01007129,Level 4 and above,371,275,234,37,4,96
S01007130,All people aged 16 and over,530,327,272,41,14,203
S01007130,No qualifications,121,32,27,5,0,89
S01007130,Level 1,113,64,54,6,4,49
S01007130,Level 2,72,61,49,12,0,11
S01007130,Level 3,61,50,41,3,6,11
S01007130,Level 4 and above,163,120,101,15,4,43
S01007131,All people aged 16 and over,655,417,368,34,15,238
S01007131,No qualifications,148,40,33,6,1,108
S01007131,Level 1,133,85,72,7,6,48
S01007131,Level 2,96,75,65,9,1,21
S01007131,Level 3,57,48,40,5,3,9
S01007131,Level 4 and above,221,169,158,7,4,52
S01007132,All people aged 16 and over,590,370,320,42,8,220
S01007132,No qualifications,114,42,30,9,3,72
S01007132,Level 1,125,73,62,10,1,52
S01007132,Level 2,95,72,67,3,2,23
S01007132,Level 3,70,51,46,5,0,19
S01007132,Level 4 and above,186,132,115,15,2,54
S01007133,All people aged 16 and over,554,379,287,84,8,175
S01007133,No qualifications,121,53,35,17,1,68
S01007133,Level 1,117,84,61,19,4,33
S01007133,Level 2,80,61,47,14,0,19
S01007133,Level 3,55,47,36,10,1,8
S01007133,Level 4 and above,181,134,108,24,2,47
S01007134,All people aged 16 and over,611,409,305,88,16,202
S01007134,No qualifications,163,61,40,19,2,102
S01007134,Level 1,144,104,79,20,5,40
S01007134,Level 2,70,55,41,12,2,15
S01007134,Level 3,69,57,41,13,3,12
S01007134,Level 4 and above,165,132,104,24,4,33
S01007135,All people aged 16 and over,437,291,218,63,10,146
S01007135,No qualifications,47,18,14,4,0,29
S01007135,Level 1,87,60,35,18,7,27
S01007135,Level 2,58,42,33,9,0,16
S01007135,Level 3,36,29,20,8,1,7
S01007135,Level 4 and above,209,142,116,24,2,67
S01007136,All people aged 16 and over,403,294,210,72,12,109
S01007136,No qualifications,40,16,5,10,1,24
S01007136,Level 1,77,54,29,19,6,23
S01007136,Level 2,58,42,31,8,3,16
S01007136,Level 3,45,39,31,7,1,6
S01007136,Level 4 and above,183,143,114,28,1,40
S01007137,All people aged 16 and over,519,439,360,58,21,80
S01007137,No qualifications,38,20,11,5,4,18
S01007137,Level 1,125,99,75,16,8,26
S01007137,Level 2,79,69,56,9,4,10
S01007137,Level 3,67,53,47,6,0,14
S01007137,Level 4 and above,210,198,171,22,5,12
S01007138,All people aged 16 and over,477,333,261,59,13,144
S01007138,No qualifications,75,37,27,9,1,38
S01007138,Level 1,109,73,51,16,6,36
S01007138,Level 2,68,47,36,8,3,21
S01007138,Level 3,50,43,37,3,3,7
S01007138,Level 4 and above,175,133,110,23,0,42
S01007139,All people aged 16 and over,627,414,316,70,28,213
S01007139,No qualifications,166,57,41,11,5,109
S01007139,Level 1,151,110,76,18,16,41
S01007139,Level 2,87,75,62,9,4,12
S01007139,Level 3,69,53,42,10,1,16
S01007139,Level 4 and above,154,119,95,22,2,35
S01007140,All people aged 16 and over,826,523,404,93,26,303
S01007140,No qualifications,156,70,42,25,3,86
S01007140,Level 1,206,120,86,22,12,86
S01007140,Level 2,101,75,57,11,7,26
S01007140,Level 3,94,57,46,11,0,37
S01007140,Level 4 and above,269,201,173,24,4,68
S01007141,All people aged 16 and over,541,368,295,63,10,173
S01007141,No qualifications,94,25,25,0,0,69
S01007141,Level 1,131,91,69,19,3,40
S01007141,Level 2,83,58,46,10,2,25
S01007141,Level 3,62,55,43,11,1,7
S01007141,Level 4 and above,171,139,112,23,4,32
S01007142,All people aged 16 and over,453,315,275,33,7,138
S01007142,No qualifications,89,19,12,5,2,70
S01007142,Level 1,81,50,44,4,2,31
S01007142,Level 2,76,60,51,8,1,16
S01007142,Level 3,50,44,40,3,1,6
S01007142,Level 4 and above,157,142,128,13,1,15
S01007143,All people aged 16 and over,435,374,331,37,6,61
S01007143,No qualifications,23,12,10,2,0,11
S01007143,Level 1,100,83,70,12,1,17
S01007143,Level 2,82,72,63,8,1,10
S01007143,Level 3,61,53,44,8,1,8
S01007143,Level 4 and above,169,154,144,7,3,15
S01007144,All people aged 16 and over,614,398,283,92,23,216
S01007144,No qualifications,171,78,54,21,3,93
S01007144,Level 1,139,92,63,16,13,47
S01007144,Level 2,89,66,51,14,1,23
S01007144,Level 3,55,44,31,12,1,11
S01007144,Level 4 and above,160,118,84,29,5,42
S01007145,All people aged 16 and over,773,414,351,43,20,359
S01007145,No qualifications,182,45,34,5,6,137
S01007145,Level 1,172,109,84,17,8,63
S01007145,Level 2,111,71,60,7,4,40
S01007145,Level 3,77,44,38,5,1,33
S01007145,Level 4 and above,231,145,135,9,1,86
S01007146,All people aged 16 and over,606,346,301,29,16,260
S01007146,No qualifications,126,28,20,6,2,98
S01007146,Level 1,154,94,73,12,9,60
S01007146,Level 2,78,51,46,3,2,27
S01007146,Level 3,51,39,38,0,1,12
S01007146,Level 4 and above,197,134,124,8,2,63
S01007147,All people aged 16 and over,607,364,317,33,14,243
S01007147,No qualifications,105,35,27,5,3,70
S01007147,Level 1,141,83,72,8,3,58
S01007147,Level 2,93,71,62,7,2,22
S01007147,Level 3,79,60,52,6,2,19
S01007147,Level 4 and above,189,115,104,7,4,74
S01007148,All people aged 16 and over,444,289,239,33,17,155
S01007148,No qualifications,55,17,13,2,2,38
S01007148,Level 1,101,60,46,8,6,41
S01007148,Level 2,67,54,46,7,1,13
S01007148,Level 3,56,37,34,2,1,19
S01007148,Level 4 and above,165,121,100,14,7,44
S01007149,All people aged 16 and over,472,264,236,21,7,208
S01007149,No qualifications,99,29,22,7,0,70
S01007149,Level 1,118,70,64,5,1,48
S01007149,Level 2,65,49,43,3,3,16
S01007149,Level 3,62,42,39,3,0,20
S01007149,Level 4 and above,128,74,68,3,3,54
S01007150,All people aged 16 and over,697,292,233,50,9,405
S01007150,No qualifications,159,26,16,9,1,133
S01007150,Level 1,125,51,43,5,3,74
S01007150,Level 2,92,50,42,5,3,42
S01007150,Level 3,83,41,36,4,1,42
S01007150,Level 4 and above,238,124,96,27,1,114
S01007151,All people aged 16 and over,714,464,395,48,21,250
S01007151,No qualifications,124,29,25,4,0,95
S01007151,Level 1,150,95,73,17,5,55
S01007151,Level 2,119,91,70,9,12,28
S01007151,Level 3,84,61,55,4,2,23
S01007151,Level 4 and above,237,188,172,14,2,49
S01007152,All people aged 16 and over,476,279,241,25,13,197
S01007152,No qualifications,93,19,12,4,3,74
S01007152,Level 1,104,66,51,9,6,38
S01007152,Level 2,65,50,45,3,2,15
S01007152,Level 3,49,37,35,2,0,12
S01007152,Level 4 and above,165,107,98,7,2,58
S01007153,All people aged 16 and over,526,304,259,35,10,222
S01007153,No qualifications,110,28,24,3,1,82
S01007153,Level 1,101,59,43,11,5,42
S01007153,Level 2,82,53,46,5,2,29
S01007153,Level 3,61,45,41,4,0,16
S01007153,Level 4 and above,172,119,105,12,2,53
S01007154,All people aged 16 and over,712,349,295,33,21,363
S01007154,No qualifications,202,38,32,3,3,164
S01007154,Level 1,160,87,71,7,9,73
S01007154,Level 2,84,51,46,4,1,33
S01007154,Level 3,85,55,49,4,2,30
S01007154,Level 4 and above,181,118,97,15,6,63
S01007155,All people aged 16 and over,541,301,255,34,12,240
S01007155,No qualifications,120,20,12,7,1,100
S01007155,Level 1,113,66,54,9,3,47
S01007155,Level 2,86,53,46,4,3,33
S01007155,Level 3,58,45,39,5,1,13
S01007155,Level 4 and above,164,117,104,9,4,47
S01007156,All people aged 16 and over,608,383,325,35,23,225
S01007156,No qualifications,160,60,53,4,3,100
S01007156,Level 1,161,105,87,14,4,56
S01007156,Level 2,92,71,59,7,5,21
S01007156,Level 3,67,48,42,2,4,19
S01007156,Level 4 and above,128,99,84,8,7,29
S01007157,All people aged 16 and over,503,365,304,35,26,138
S01007157,No qualifications,111,44,32,6,6,67
S01007157,Level 1,143,113,91,13,9,30
S01007157,Level 2,85,74,59,6,9,11
S01007157,Level 3,73,62,54,6,2,11
S01007157,Level 4 and above,91,72,68,4,0,19
S01007158,All people aged 16 and over,740,535,463,40,32,205
S01007158,No qualifications,135,45,35,6,4,90
S01007158,Level 1,186,142,125,12,5,44
S01007158,Level 2,122,103,92,5,6,19
S01007158,Level 3,107,90,76,6,8,17
S01007158,Level 4 and above,190,155,135,11,9,35
S01007159,All people aged 16 and over,687,430,350,46,34,257
S01007159,No qualifications,211,78,57,12,9,133
S01007159,Level 1,178,127,100,12,15,51
S01007159,Level 2,103,75,65,6,4,28
S01007159,Level 3,87,73,59,11,3,14
S01007159,Level 4 and above,108,77,69,5,3,31
S01007160,All people aged 16 and over,676,399,319,40,40,277
S01007160,No qualifications,190,50,32,16,2,140
S01007160,Level 1,184,126,95,7,24,58
S01007160,Level 2,95,68,56,8,4,27
S01007160,Level 3,86,66,55,3,8,20
S01007160,Level 4 and above,121,89,81,6,2,32
S01007161,All people aged 16 and over,576,351,287,39,25,225
S01007161,No qualifications,134,42,33,5,4,92
S01007161,Level 1,153,97,77,11,9,56
S01007161,Level 2,93,65,61,2,2,28
S01007161,Level 3,60,46,32,7,7,14
S01007161,Level 4 and above,136,101,84,14,3,35
S01007162,All people aged 16 and over,422,255,218,19,18,167
S01007162,No qualifications,88,21,19,0,2,67
S01007162,Level 1,95,60,47,6,7,35
S01007162,Level 2,58,40,36,2,2,18
S01007162,Level 3,60,45,41,3,1,15
S01007162,Level 4 and above,121,89,75,8,6,32
S01007163,All people aged 16 and over,745,413,346,44,23,332
S01007163,No qualifications,185,45,34,7,4,140
S01007163,Level 1,194,112,92,9,11,82
S01007163,Level 2,83,59,50,7,2,24
S01007163,Level 3,90,64,53,6,5,26
S01007163,Level 4 and above,193,133,117,15,1,60
S01007164,All people aged 16 and over,503,278,232,29,17,225
S01007164,No qualifications,121,23,15,4,4,98
S01007164,Level 1,111,63,54,6,3,48
S01007164,Level 2,71,48,42,4,2,23
S01007164,Level 3,43,35,29,2,4,8
S01007164,Level 4 and above,157,109,92,13,4,48
S01007165,All people aged 16 and over,707,407,323,63,21,300
S01007165,No qualifications,112,29,18,6,5,83
S01007165,Level 1,136,84,57,20,7,52
S01007165,Level 2,101,60,47,8,5,41
S01007165,Level 3,78,59,46,12,1,19
S01007165,Level 4 and above,280,175,155,17,3,105
S01007166,All people aged 16 and over,562,316,266,37,13,246
S01007166,No qualifications,113,35,25,8,2,78
S01007166,Level 1,121,81,65,11,5,40
S01007166,Level 2,68,39,30,6,3,29
S01007166,Level 3,66,40,37,2,1,26
S01007166,Level 4 and above,194,121,109,10,2,73
S01007167,All people aged 16 and over,679,415,345,57,13,264
S01007167,No qualifications,110,38,29,8,1,72
S01007167,Level 1,156,96,74,18,4,60
S01007167,Level 2,99,71,55,13,3,28
S01007167,Level 3,88,62,53,5,4,26
S01007167,Level 4 and above,226,148,134,13,1,78
S01007168,All people aged 16 and over,842,516,448,52,16,326
S01007168,No qualifications,157,43,29,12,2,114
S01007168,Level 1,188,110,87,17,6,78
S01007168,Level 2,134,99,94,2,3,35
S01007168,Level 3,101,77,69,8,0,24
S01007168,Level 4 and above,262,187,169,13,5,75
S01007169,All people aged 16 and over,636,393,335,35,23,243
S01007169,No qualifications,112,32,25,5,2,80
S01007169,Level 1,137,86,74,5,7,51
S01007169,Level 2,115,76,63,4,9,39
S01007169,Level 3,76,55,47,6,2,21
S01007169,Level 4 and above,196,144,126,15,3,52
S01007170,All people aged 16 and over,542,385,258,96,31,157
S01007170,No qualifications,128,72,39,29,4,56
S01007170,Level 1,109,81,50,20,11,28
S01007170,Level 2,88,73,56,10,7,15
S01007170,Level 3,58,40,23,13,4,18
S01007170,Level 4 and above,159,119,90,24,5,40
S01007171,All people aged 16 and over,742,526,413,96,17,216
S01007171,No qualifications,184,83,63,15,5,101
S01007171,Level 1,198,153,121,27,5,45
S01007171,Level 2,97,84,65,16,3,13
S01007171,Level 3,92,74,58,13,3,18
S01007171,Level 4 and above,171,132,106,25,1,39
S01007172,All people aged 16 and over,701,385,289,74,22,316
S01007172,No qualifications,161,47,25,19,3,114
S01007172,Level 1,150,93,67,16,10,57
S01007172,Level 2,99,65,54,8,3,34
S01007172,Level 3,66,44,37,5,2,22
S01007172,Level 4 and above,225,136,106,26,4,89
S01007173,All people aged 16 and over,670,511,438,50,23,159
S01007173,No qualifications,135,69,56,9,4,66
S01007173,Level 1,183,146,118,15,13,37
S01007173,Level 2,126,105,88,13,4,21
S01007173,Level 3,106,94,87,7,0,12
S01007173,Level 4 and above,120,97,89,6,2,23
S01007174,All people aged 16 and over,681,456,376,48,32,225
S01007174,No qualifications,187,66,45,13,8,121
S01007174,Level 1,170,132,109,13,10,38
S01007174,Level 2,112,95,81,6,8,17
S01007174,Level 3,96,78,65,8,5,18
S01007174,Level 4 and above,116,85,76,8,1,31
S01007175,All people aged 16 and over,548,281,251,19,11,267
S01007175,No qualifications,195,41,34,3,4,154
S01007175,Level 1,133,88,82,1,5,45
S01007175,Level 2,80,57,50,7,0,23
S01007175,Level 3,50,33,27,5,1,17
S01007175,Level 4 and above,90,62,58,3,1,28
S01007176,All people aged 16 and over,557,340,295,25,20,217
S01007176,No qualifications,156,46,40,4,2,110
S01007176,Level 1,146,103,87,8,8,43
S01007176,Level 2,88,70,60,6,4,18
S01007176,Level 3,80,53,45,3,5,27
S01007176,Level 4 and above,87,68,63,4,1,19
S01007177,All people aged 16 and over,508,300,236,18,46,208
S01007177,No qualifications,168,52,34,4,14,116
S01007177,Level 1,125,91,71,6,14,34
S01007177,Level 2,67,53,41,3,9,14
S01007177,Level 3,71,57,47,3,7,14
S01007177,Level 4 and above,77,47,43,2,2,30
S01007178,All people aged 16 and over,837,518,406,49,63,319
S01007178,No qualifications,275,110,80,11,19,165
S01007178,Level 1,255,175,134,14,27,80
S01007178,Level 2,111,82,69,8,5,29
S01007178,Level 3,92,75,62,5,8,17
S01007178,Level 4 and above,104,76,61,11,4,28
S01007179,All people aged 16 and over,870,510,446,42,22,360
S01007179,No qualifications,243,61,53,3,5,182
S01007179,Level 1,200,128,104,14,10,72
S01007179,Level 2,120,94,83,8,3,26
S01007179,Level 3,101,78,67,9,2,23
S01007179,Level 4 and above,206,149,139,8,2,57
S01007180,All people aged 16 and over,634,337,269,47,21,297
S01007180,No qualifications,153,42,25,15,2,111
S01007180,Level 1,143,82,56,15,11,61
S01007180,Level 2,77,50,42,6,2,27
S01007180,Level 3,85,66,58,4,4,19
S01007180,Level 4 and above,176,97,88,7,2,79
S01007181,All people aged 16 and over,704,372,282,68,22,332
S01007181,No qualifications,190,39,25,13,1,151
S01007181,Level 1,154,83,56,16,11,71
S01007181,Level 2,101,66,58,6,2,35
S01007181,Level 3,76,59,45,10,4,17
S01007181,Level 4 and above,183,125,98,23,4,58
S01007182,All people aged 16 and over,907,532,437,66,29,375
S01007182,No qualifications,249,68,50,14,4,181
S01007182,Level 1,190,137,108,18,11,53
S01007182,Level 2,119,86,78,4,4,33
S01007182,Level 3,110,82,68,9,5,28
S01007182,Level 4 and above,239,159,133,21,5,80
S01007183,All people aged 16 and over,939,529,434,56,39,410
S01007183,No qualifications,307,77,56,12,9,230
S01007183,Level 1,205,143,110,15,18,62
S01007183,Level 2,122,91,74,7,10,31
S01007183,Level 3,117,85,76,9,0,32
S01007183,Level 4 and above,188,133,118,13,2,55
S01007184,All people aged 16 and over,916,553,450,37,66,363
S01007184,No qualifications,284,90,67,4,19,194
S01007184,Level 1,245,161,126,15,20,84
S01007184,Level 2,114,93,79,6,8,21
S01007184,Level 3,115,99,85,5,9,16
S01007184,Level 4 and above,158,110,93,7,10,48
S01007185,All people aged 16 and over,692,389,304,38,47,303
S01007185,No qualifications,279,76,54,9,13,203
S01007185,Level 1,168,122,92,11,19,46
S01007185,Level 2,74,62,54,4,4,12
S01007185,Level 3,65,53,45,3,5,12
S01007185,Level 4 and above,106,76,59,11,6,30
S01007186,All people aged 16 and over,494,308,232,24,52,186
S01007186,No qualifications,179,71,49,8,14,108
S01007186,Level 1,125,86,61,4,21,39
S01007186,Level 2,56,43,36,4,3,13
S01007186,Level 3,66,55,42,4,9,11
S01007186,Level 4 and above,68,53,44,4,5,15
S01007187,All people aged 16 and over,707,422,327,43,52,285
S01007187,No qualifications,266,80,55,8,17,186
S01007187,Level 1,148,98,70,9,19,50
S01007187,Level 2,86,72,58,10,4,14
S01007187,Level 3,93,81,72,5,4,12
S01007187,Level 4 and above,114,91,72,11,8,23
S01007188,All people aged 16 and over,515,350,281,42,27,165
S01007188,No qualifications,131,57,39,12,6,74
S01007188,Level 1,128,98,76,11,11,30
S01007188,Level 2,69,48,38,5,5,21
S01007188,Level 3,83,67,56,7,4,16
S01007188,Level 4 and above,104,80,72,7,1,24
S01007189,All people aged 16 and over,710,348,264,38,46,362
S01007189,No qualifications,281,62,41,10,11,219
S01007189,Level 1,181,115,87,9,19,66
S01007189,Level 2,90,64,48,10,6,26
S01007189,Level 3,53,38,30,2,6,15
S01007189,Level 4 and above,105,69,58,7,4,36
S01007190,All people aged 16 and over,711,364,299,51,14,347
S01007190,No qualifications,266,68,51,14,3,198
S01007190,Level 1,188,113,92,17,4,75
S01007190,Level 2,80,62,51,6,5,18
S01007190,Level 3,75,54,46,7,1,21
S01007190,Level 4 and above,102,67,59,7,1,35
S01007191,All people aged 16 and over,511,335,268,33,34,176
S01007191,No qualifications,172,70,54,9,7,102
S01007191,Level 1,152,113,86,10,17,39
S01007191,Level 2,58,47,39,7,1,11
S01007191,Level 3,63,54,44,3,7,9
S01007191,Level 4 and above,66,51,45,4,2,15
S01007192,All people aged 16 and over,501,307,251,20,36,194
S01007192,No qualifications,181,66,52,4,10,115
S01007192,Level 1,168,123,96,8,19,45
S01007192,Level 2,46,34,26,4,4,12
S01007192,Level 3,46,35,33,0,2,11
S01007192,Level 4 and above,60,49,44,4,1,11
S01007193,All people aged 16 and over,608,376,303,35,38,232
S01007193,No qualifications,214,86,65,5,16,128
S01007193,Level 1,200,131,103,18,10,69
S01007193,Level 2,72,49,40,6,3,23
S01007193,Level 3,65,60,50,4,6,5
S01007193,Level 4 and above,57,50,45,2,3,7
S01007194,All people aged 16 and over,463,277,206,17,54,186
S01007194,No qualifications,164,59,40,3,16,105
S01007194,Level 1,184,132,95,9,28,52
S01007194,Level 2,37,25,21,1,3,12
S01007194,Level 3,40,33,27,0,6,7
S01007194,Level 4 and above,38,28,23,4,1,10
S01007195,All people aged 16 and over,436,259,197,24,38,177
S01007195,No qualifications,162,67,49,6,12,95
S01007195,Level 1,121,79,66,4,9,42
S01007195,Level 2,53,42,36,4,2,11
S01007195,Level 3,44,32,15,4,13,12
S01007195,Level 4 and above,56,39,31,6,2,17
S01007196,All people aged 16 and over,540,369,297,19,53,171
S01007196,No qualifications,135,63,44,7,12,72
S01007196,Level 1,183,133,100,6,27,50
S01007196,Level 2,81,61,56,1,4,20
S01007196,Level 3,57,49,44,2,3,8
S01007196,Level 4 and above,84,63,53,3,7,21
S01007197,All people aged 16 and over,457,308,223,18,67,149
S01007197,No qualifications,152,64,46,4,14,88
S01007197,Level 1,142,108,75,2,31,34
S01007197,Level 2,55,49,37,4,8,6
S01007197,Level 3,43,35,24,3,8,8
S01007197,Level 4 and above,65,52,41,5,6,13
S01007198,All people aged 16 and over,402,258,190,22,46,144
S01007198,No qualifications,157,68,44,3,21,89
S01007198,Level 1,104,76,53,6,17,28
S01007198,Level 2,44,35,27,5,3,9
S01007198,Level 3,40,33,27,3,3,7
S01007198,Level 4 and above,57,46,39,5,2,11
S01007199,All people aged 16 and over,601,366,282,17,67,235
S01007199,No qualifications,210,95,72,5,18,115
S01007199,Level 1,196,136,99,8,29,60
S01007199,Level 2,61,41,33,1,7,20
S01007199,Level 3,67,50,39,1,10,17
S01007199,Level 4 and above,67,44,39,2,3,23
S01007200,All people aged 16 and over,715,477,408,35,34,238
S01007200,No qualifications,217,87,72,7,8,130
S01007200,Level 1,210,148,120,11,17,62
S01007200,Level 2,107,91,84,4,3,16
S01007200,Level 3,75,67,57,8,2,8
S01007200,Level 4 and above,106,84,75,5,4,22
S01007201,All people aged 16 and over,625,352,297,24,31,273
S01007201,No qualifications,220,67,49,5,13,153
S01007201,Level 1,178,122,99,9,14,56
S01007201,Level 2,76,50,47,2,1,26
S01007201,Level 3,51,41,37,3,1,10
S01007201,Level 4 and above,100,72,65,5,2,28
S01007202,All people aged 16 and over,619,384,302,31,51,235
S01007202,No qualifications,229,97,69,12,16,132
S01007202,Level 1,172,124,94,7,23,48
S01007202,Level 2,70,54,49,1,4,16
S01007202,Level 3,68,49,42,3,4,19
S01007202,Level 4 and above,80,60,48,8,4,20
S01007203,All people aged 16 and over,518,344,288,32,24,174
S01007203,No qualifications,170,67,59,4,4,103
S01007203,Level 1,144,112,87,15,10,32
S01007203,Level 2,64,52,43,5,4,12
S01007203,Level 3,63,52,47,2,3,11
S01007203,Level 4 and above,77,61,52,6,3,16
S01007204,All people aged 16 and over,825,538,406,111,21,287
S01007204,No qualifications,186,74,54,17,3,112
S01007204,Level 1,184,130,103,24,3,54
S01007204,Level 2,107,79,57,20,2,28
S01007204,Level 3,97,83,65,11,7,14
S01007204,Level 4 and above,251,172,127,39,6,79
S01007205,All people aged 16 and over,583,356,261,75,20,227
S01007205,No qualifications,111,33,22,10,1,78
S01007205,Level 1,156,102,74,14,14,54
S01007205,Level 2,81,60,39,18,3,21
S01007205,Level 3,65,50,37,11,2,15
S01007205,Level 4 and above,170,111,89,22,0,59
S01007206,All people aged 16 and over,331,193,164,17,12,138
S01007206,No qualifications,113,34,31,2,1,79
S01007206,Level 1,64,49,39,2,8,15
S01007206,Level 2,38,25,22,1,2,13
S01007206,Level 3,36,27,24,2,1,9
S01007206,Level 4 and above,80,58,48,10,0,22
S01007207,All people aged 16 and over,754,478,400,53,25,276
S01007207,No qualifications,223,71,48,15,8,152
S01007207,Level 1,190,148,120,16,12,42
S01007207,Level 2,103,80,73,5,2,23
S01007207,Level 3,92,80,74,4,2,12
S01007207,Level 4 and above,146,99,85,13,1,47
S01007208,All people aged 16 and over,808,517,419,24,74,291
S01007208,No qualifications,217,68,48,4,16,149
S01007208,Level 1,235,176,136,5,35,59
S01007208,Level 2,105,79,70,4,5,26
S01007208,Level 3,109,89,73,5,11,20
S01007208,Level 4 and above,142,105,92,6,7,37
S01007209,All people aged 16 and over,671,391,313,46,32,280
S01007209,No qualifications,205,47,29,8,10,158
S01007209,Level 1,163,106,88,8,10,57
S01007209,Level 2,76,61,49,9,3,15
S01007209,Level 3,80,71,58,8,5,9
S01007209,Level 4 and above,147,106,89,13,4,41
S01007210,All people aged 16 and over,628,416,343,30,43,212
S01007210,No qualifications,209,86,63,7,16,123
S01007210,Level 1,171,135,113,7,15,36
S01007210,Level 2,75,58,48,5,5,17
S01007210,Level 3,69,53,46,5,2,16
S01007210,Level 4 and above,104,84,73,6,5,20
S01007211,All people aged 16 and over,805,457,374,37,46,348
S01007211,No qualifications,280,87,62,10,15,193
S01007211,Level 1,205,136,111,10,15,69
S01007211,Level 2,96,71,63,3,5,25
S01007211,Level 3,89,72,61,4,7,17
S01007211,Level 4 and above,135,91,77,10,4,44
S01007212,All people aged 16 and over,456,295,240,35,20,161
S01007212,No qualifications,115,44,36,6,2,71
S01007212,Level 1,107,77,61,6,10,30
S01007212,Level 2,66,51,42,8,1,15
S01007212,Level 3,58,51,39,7,5,7
S01007212,Level 4 and above,110,72,62,8,2,38
S01007213,All people aged 16 and over,789,422,346,48,28,367
S01007213,No qualifications,225,54,43,10,1,171
S01007213,Level 1,187,112,84,13,15,75
S01007213,Level 2,92,60,49,6,5,32
S01007213,Level 3,77,57,52,3,2,20
S01007213,Level 4 and above,208,139,118,16,5,69
S01007214,All people aged 16 and over,656,358,289,35,34,298
S01007214,No qualifications,256,70,50,9,11,186
S01007214,Level 1,145,100,80,7,13,45
S01007214,Level 2,71,55,52,3,0,16
S01007214,Level 3,73,59,50,2,7,14
S01007214,Level 4 and above,111,74,57,14,3,37
S01007215,All people aged 16 and over,650,403,332,40,31,247
S01007215,No qualifications,205,65,46,11,8,140
S01007215,Level 1,163,120,97,7,16,43
S01007215,Level 2,80,63,57,4,2,17
S01007215,Level 3,76,61,53,6,2,15
S01007215,Level 4 and above,126,94,79,12,3,32
S01007216,All people aged 16 and over,616,371,309,41,21,245
S01007216,No qualifications,164,43,27,13,3,121
S01007216,Level 1,159,109,94,6,9,50
S01007216,Level 2,88,76,66,7,3,12
S01007216,Level 3,59,42,38,2,2,17
S01007216,Level 4 and above,146,101,84,13,4,45
S01007217,All people aged 16 and over,787,481,394,44,43,306
S01007217,No qualifications,308,107,87,12,8,201
S01007217,Level 1,204,152,112,17,23,52
S01007217,Level 2,88,72,62,3,7,16
S01007217,Level 3,66,54,51,2,1,12
S01007217,Level 4 and above,121,96,82,10,4,25
S01007218,All people aged 16 and over,722,446,372,59,15,276
S01007218,No qualifications,174,63,50,11,2,111
S01007218,Level 1,165,116,104,8,4,49
S01007218,Level 2,94,75,58,13,4,19
S01007218,Level 3,96,75,63,10,2,21
S01007218,Level 4 and above,193,117,97,17,3,76
S01007219,All people aged 16 and over,675,406,346,34,26,269
S01007219,No qualifications,239,70,58,8,4,169
S01007219,Level 1,185,144,117,9,18,41
S01007219,Level 2,91,72,62,8,2,19
S01007219,Level 3,66,53,49,3,1,13
S01007219,Level 4 and above,94,67,60,6,1,27
S01007220,All people aged 16 and over,556,364,309,29,26,192
S01007220,No qualifications,210,85,72,7,6,125
S01007220,Level 1,166,139,117,9,13,27
S01007220,Level 2,61,48,40,4,4,13
S01007220,Level 3,40,31,28,2,1,9
S01007220,Level 4 and above,79,61,52,7,2,18
S01007221,All people aged 16 and over,525,323,261,47,15,202
S01007221,No qualifications,132,29,17,7,5,103
S01007221,Level 1,106,64,48,12,4,42
S01007221,Level 2,84,71,61,9,1,13
S01007221,Level 3,66,58,47,7,4,8
S01007221,Level 4 and above,137,101,88,12,1,36
S01007222,All people aged 16 and over,640,417,350,39,28,223
S01007222,No qualifications,171,80,63,9,8,91
S01007222,Level 1,190,139,116,12,11,51
S01007222,Level 2,80,60,55,3,2,20
S01007222,Level 3,74,59,50,4,5,15
S01007222,Level 4 and above,125,79,66,11,2,46
S01007223,All people aged 16 and over,416,280,239,28,13,136
S01007223,No qualifications,82,24,19,3,2,58
S01007223,Level 1,91,63,49,7,7,28
S01007223,Level 2,60,47,40,4,3,13
S01007223,Level 3,62,54,49,5,0,8
S01007223,Level 4 and above,121,92,82,9,1,29
S01007224,All people aged 16 and over,491,284,232,42,10,207
S01007224,No qualifications,128,36,27,7,2,92
S01007224,Level 1,114,71,60,7,4,43
S01007224,Level 2,62,52,41,9,2,10
S01007224,Level 3,48,37,34,2,1,11
S01007224,Level 4 and above,139,88,70,17,1,51
S01007225,All people aged 16 and over,721,491,379,96,16,230
S01007225,No qualifications,152,68,51,17,0,84
S01007225,Level 1,188,143,109,26,8,45
S01007225,Level 2,89,67,48,16,3,22
S01007225,Level 3,82,69,53,12,4,13
S01007225,Level 4 and above,210,144,118,25,1,66
S01007226,All people aged 16 and over,669,453,305,123,25,216
S01007226,No qualifications,155,71,35,34,2,84
S01007226,Level 1,152,104,68,27,9,48
S01007226,Level 2,95,72,49,19,4,23
S01007226,Level 3,58,49,35,12,2,9
S01007226,Level 4 and above,209,157,118,31,8,52
S01007227,All people aged 16 and over,780,484,388,65,31,296
S01007227,No qualifications,225,78,64,11,3,147
S01007227,Level 1,172,120,94,13,13,52
S01007227,Level 2,110,87,65,16,6,23
S01007227,Level 3,86,65,53,6,6,21
S01007227,Level 4 and above,187,134,112,19,3,53
S01007228,All people aged 16 and over,517,348,245,84,19,169
S01007228,No qualifications,111,48,31,14,3,63
S01007228,Level 1,113,75,58,12,5,38
S01007228,Level 2,82,66,40,24,2,16
S01007228,Level 3,58,46,30,13,3,12
S01007228,Level 4 and above,153,113,86,21,6,40
S01007229,All people aged 16 and over,915,632,470,138,24,283
S01007229,No qualifications,209,96,60,33,3,113
S01007229,Level 1,236,184,137,34,13,52
S01007229,Level 2,128,93,71,20,2,35
S01007229,Level 3,95,77,52,23,2,18
S01007229,Level 4 and above,247,182,150,28,4,65
S01007230,All people aged 16 and over,588,365,292,23,50,223
S01007230,No qualifications,197,78,59,2,17,119
S01007230,Level 1,191,139,109,8,22,52
S01007230,Level 2,74,55,43,9,3,19
S01007230,Level 3,53,43,36,3,4,10
S01007230,Level 4 and above,73,50,45,1,4,23
S01007231,All people aged 16 and over,576,312,251,22,39,264
S01007231,No qualifications,234,71,53,10,8,163
S01007231,Level 1,169,119,92,4,23,50
S01007231,Level 2,72,49,41,5,3,23
S01007231,Level 3,39,29,27,1,1,10
S01007231,Level 4 and above,62,44,38,2,4,18
S01007232,All people aged 16 and over,601,350,285,15,50,251
S01007232,No qualifications,226,77,55,4,18,149
S01007232,Level 1,189,127,100,6,21,62
S01007232,Level 2,67,55,51,1,3,12
S01007232,Level 3,48,39,32,2,5,9
S01007232,Level 4 and above,71,52,47,2,3,19
S01007233,All people aged 16 and over,647,428,338,53,37,219
S01007233,No qualifications,204,90,68,13,9,114
S01007233,Level 1,190,145,114,16,15,45
S01007233,Level 2,86,66,56,6,4,20
S01007233,Level 3,54,40,31,5,4,14
S01007233,Level 4 and above,113,87,69,13,5,26
S01007234,All people aged 16 and over,505,297,245,25,27,208
S01007234,No qualifications,182,68,49,9,10,114
S01007234,Level 1,140,96,79,7,10,44
S01007234,Level 2,57,42,37,0,5,15
S01007234,Level 3,43,36,34,1,1,7
S01007234,Level 4 and above,83,55,46,8,1,28
S01007235,All people aged 16 and over,659,395,326,36,33,264
S01007235,No qualifications,209,67,55,7,5,142
S01007235,Level 1,157,118,94,8,16,39
S01007235,Level 2,83,56,44,6,6,27
S01007235,Level 3,85,68,58,7,3,17
S01007235,Level 4 and above,125,86,75,8,3,39
S01007236,All people aged 16 and over,521,335,277,37,21,186
S01007236,No qualifications,165,54,40,10,4,111
S01007236,Level 1,138,111,97,7,7,27
S01007236,Level 2,72,54,48,4,2,18
S01007236,Level 3,55,39,30,5,4,16
S01007236,Level 4 and above,91,77,62,11,4,14
S01007237,All people aged 16 and over,608,371,317,41,13,237
S01007237,No qualifications,163,42,38,3,1,121
S01007237,Level 1,172,116,100,11,5,56
S01007237,Level 2,86,70,59,10,1,16
S01007237,Level 3,52,47,39,6,2,5
S01007237,Level 4 and above,135,96,81,11,4,39
S01007238,All people aged 16 and over,778,487,421,38,28,291
S01007238,No qualifications,239,71,58,6,7,168
S01007238,Level 1,228,171,143,15,13,57
S01007238,Level 2,110,93,82,7,4,17
S01007238,Level 3,79,62,55,6,1,17
S01007238,Level 4 and above,122,90,83,4,3,32
S01007239,All people aged 16 and over,745,373,307,55,11,372
S01007239,No qualifications,192,47,32,13,2,145
S01007239,Level 1,164,95,75,15,5,69
S01007239,Level 2,87,61,54,7,0,26
S01007239,Level 3,71,50,44,5,1,21
S01007239,Level 4 and above,231,120,102,15,3,111
S01007240,All people aged 16 and over,463,310,225,71,14,153
S01007240,No qualifications,96,43,27,16,0,53
S01007240,Level 1,121,86,63,17,6,35
S01007240,Level 2,56,46,34,10,2,10
S01007240,Level 3,80,65,44,19,2,15
S01007240,Level 4 and above,110,70,57,9,4,40
S01007241,All people aged 16 and over,507,352,254,90,8,155
S01007241,No qualifications,112,49,28,18,3,63
S01007241,Level 1,106,79,56,22,1,27
S01007241,Level 2,70,58,48,9,1,12
S01007241,Level 3,54,40,27,12,1,14
S01007241,Level 4 and above,165,126,95,29,2,39
S01007242,All people aged 16 and over,833,496,401,69,26,337
S01007242,No qualifications,183,51,38,6,7,132
S01007242,Level 1,217,145,111,23,11,72
S01007242,Level 2,115,88,72,12,4,27
S01007242,Level 3,83,60,52,7,1,23
S01007242,Level 4 and above,235,152,128,21,3,83
S01007243,All people aged 16 and over,504,312,254,38,20,192
S01007243,No qualifications,122,38,24,9,5,84
S01007243,Level 1,104,67,53,10,4,37
S01007243,Level 2,77,58,42,8,8,19
S01007243,Level 3,64,47,42,4,1,17
S01007243,Level 4 and above,137,102,93,7,2,35
S01007244,All people aged 16 and over,620,372,282,74,16,248
S01007244,No qualifications,161,58,37,19,2,103
S01007244,Level 1,142,91,77,9,5,51
S01007244,Level 2,72,54,38,11,5,18
S01007244,Level 3,70,56,43,11,2,14
S01007244,Level 4 and above,175,113,87,24,2,62
S01007245,All people aged 16 and over,583,368,278,77,13,215
S01007245,No qualifications,194,61,38,22,1,133
S01007245,Level 1,153,118,89,23,6,35
S01007245,Level 2,58,51,38,10,3,7
S01007245,Level 3,63,52,43,7,2,11
S01007245,Level 4 and above,115,86,70,15,1,29
S01007246,All people aged 16 and over,473,324,249,58,17,149
S01007246,No qualifications,132,65,42,20,3,67
S01007246,Level 1,128,97,80,13,4,31
S01007246,Level 2,72,55,41,9,5,17
S01007246,Level 3,45,35,28,4,3,10
S01007246,Level 4 and above,96,72,58,12,2,24
S01007247,All people aged 16 and over,530,350,276,62,12,180
S01007247,No qualifications,143,54,47,7,0,89
S01007247,Level 1,107,79,61,11,7,28
S01007247,Level 2,80,62,42,17,3,18
S01007247,Level 3,37,32,26,4,2,5
S01007247,Level 4 and above,163,123,100,23,0,40
S01007248,All people aged 16 and over,643,366,297,57,12,277
S01007248,No qualifications,124,35,26,7,2,89
S01007248,Level 1,137,87,70,14,3,50
S01007248,Level 2,99,63,53,9,1,36
S01007248,Level 3,66,51,42,8,1,15
S01007248,Level 4 and above,217,130,106,19,5,87
S01007249,All people aged 16 and over,371,186,157,20,9,185
S01007249,No qualifications,117,17,12,5,0,100
S01007249,Level 1,73,46,37,5,4,27
S01007249,Level 2,47,31,27,2,2,16
S01007249,Level 3,39,32,27,3,2,7
S01007249,Level 4 and above,95,60,54,5,1,35
S01007250,All people aged 16 and over,716,490,415,44,31,226
S01007250,No qualifications,196,73,62,7,4,123
S01007250,Level 1,185,136,109,11,16,49
S01007250,Level 2,93,77,65,10,2,16
S01007250,Level 3,85,72,62,2,8,13
S01007250,Level 4 and above,157,132,117,14,1,25
S01007251,All people aged 16 and over,422,247,199,34,14,175
S01007251,No qualifications,146,40,31,7,2,106
S01007251,Level 1,95,66,49,11,6,29
S01007251,Level 2,54,43,36,5,2,11
S01007251,Level 3,37,32,24,5,3,5
S01007251,Level 4 and above,90,66,59,6,1,24
S01007252,All people aged 16 and over,642,421,346,54,21,221
S01007252,No qualifications,163,51,37,11,3,112
S01007252,Level 1,182,137,113,16,8,45
S01007252,Level 2,93,73,55,11,7,20
S01007252,Level 3,65,50,45,4,1,15
S01007252,Level 4 and above,139,110,96,12,2,29
S01007253,All people aged 16 and over,687,405,339,42,24,282
S01007253,No qualifications,200,64,50,8,6,136
S01007253,Level 1,180,121,96,15,10,59
S01007253,Level 2,87,65,59,3,3,22
S01007253,Level 3,67,48,41,5,2,19
S01007253,Level 4 and above,153,107,93,11,3,46
S01007254,All people aged 16 and over,679,376,314,29,33,303
S01007254,No qualifications,271,66,52,7,7,205
S01007254,Level 1,172,129,106,6,17,43
S01007254,Level 2,72,53,49,2,2,19
S01007254,Level 3,68,60,47,7,6,8
S01007254,Level 4 and above,96,68,60,7,1,28
S01007255,All people aged 16 and over,613,414,318,21,75,199
S01007255,No qualifications,246,117,82,8,27,129
S01007255,Level 1,182,143,102,7,34,39
S01007255,Level 2,59,47,38,1,8,12
S01007255,Level 3,48,42,37,2,3,6
S01007255,Level 4 and above,78,65,59,3,3,13
S01007256,All people aged 16 and over,647,428,357,35,36,219
S01007256,No qualifications,233,106,83,10,13,127
S01007256,Level 1,152,114,93,8,13,38
S01007256,Level 2,64,53,47,3,3,11
S01007256,Level 3,79,67,60,4,3,12
S01007256,Level 4 and above,119,88,74,10,4,31
S01007257,All people aged 16 and over,486,317,254,30,33,169
S01007257,No qualifications,144,74,57,9,8,70
S01007257,Level 1,148,93,72,5,16,55
S01007257,Level 2,65,49,42,3,4,16
S01007257,Level 3,46,37,30,5,2,9
S01007257,Level 4 and above,83,64,53,8,3,19
S01007258,All people aged 16 and over,733,417,332,52,33,316
S01007258,No qualifications,198,63,53,5,5,135
S01007258,Level 1,192,112,80,17,15,80
S01007258,Level 2,79,49,40,6,3,30
S01007258,Level 3,80,62,53,5,4,18
S01007258,Level 4 and above,184,131,106,19,6,53
S01007259,All people aged 16 and over,722,418,348,34,36,304
S01007259,No qualifications,266,78,62,5,11,188
S01007259,Level 1,212,146,122,11,13,66
S01007259,Level 2,83,70,61,7,2,13
S01007259,Level 3,69,59,51,6,2,10
S01007259,Level 4 and above,92,65,52,5,8,27
S01007260,All people aged 16 and over,719,489,373,37,79,230
S01007260,No qualifications,276,132,100,16,16,144
S01007260,Level 1,219,173,126,7,40,46
S01007260,Level 2,61,51,40,3,8,10
S01007260,Level 3,73,58,46,1,11,15
S01007260,Level 4 and above,90,75,61,10,4,15
S01007261,All people aged 16 and over,683,399,335,42,22,284
S01007261,No qualifications,221,80,63,16,1,141
S01007261,Level 1,168,117,94,13,10,51
S01007261,Level 2,86,59,51,2,6,27
S01007261,Level 3,61,46,40,3,3,15
S01007261,Level 4 and above,147,97,87,8,2,50
S01007262,All people aged 16 and over,585,385,331,12,42,200
S01007262,No qualifications,221,94,82,2,10,127
S01007262,Level 1,172,129,106,4,19,43
S01007262,Level 2,64,55,48,1,6,9
S01007262,Level 3,54,46,40,2,4,8
S01007262,Level 4 and above,74,61,55,3,3,13
S01007263,All people aged 16 and over,653,393,348,22,23,260
S01007263,No qualifications,245,92,79,6,7,153
S01007263,Level 1,186,134,120,8,6,52
S01007263,Level 2,66,46,43,2,1,20
S01007263,Level 3,63,56,52,0,4,7
S01007263,Level 4 and above,93,65,54,6,5,28
S01007264,All people aged 16 and over,663,364,322,29,13,299
S01007264,No qualifications,235,67,57,8,2,168
S01007264,Level 1,162,108,96,8,4,54
S01007264,Level 2,80,60,53,3,4,20
S01007264,Level 3,63,51,48,0,3,12
S01007264,Level 4 and above,123,78,68,10,0,45
S01007265,All people aged 16 and over,902,553,472,49,32,349
S01007265,No qualifications,334,100,82,7,11,234
S01007265,Level 1,253,193,159,21,13,60
S01007265,Level 2,94,81,70,9,2,13
S01007265,Level 3,94,81,73,5,3,13
S01007265,Level 4 and above,127,98,88,7,3,29
S01007266,All people aged 16 and over,569,378,328,39,11,191
S01007266,No qualifications,170,76,63,10,3,94
S01007266,Level 1,160,126,112,11,3,34
S01007266,Level 2,65,49,41,7,1,16
S01007266,Level 3,47,33,30,0,3,14
S01007266,Level 4 and above,127,94,82,11,1,33
S01007267,All people aged 16 and over,439,313,220,76,17,126
S01007267,No qualifications,110,53,33,14,6,57
S01007267,Level 1,108,85,61,18,6,23
S01007267,Level 2,58,43,30,11,2,15
S01007267,Level 3,45,38,24,14,0,7
S01007267,Level 4 and above,118,94,72,19,3,24
S01007268,All people aged 16 and over,496,333,226,88,19,163
S01007268,No qualifications,96,44,28,10,6,52
S01007268,Level 1,111,75,52,20,3,36
S01007268,Level 2,79,62,38,22,2,17
S01007268,Level 3,44,32,17,13,2,12
S01007268,Level 4 and above,166,120,91,23,6,46
S01007269,All people aged 16 and over,440,251,196,46,9,189
S01007269,No qualifications,111,34,21,10,3,77
S01007269,Level 1,104,63,50,12,1,41
S01007269,Level 2,55,34,30,2,2,21
S01007269,Level 3,51,38,35,2,1,13
S01007269,Level 4 and above,119,82,60,20,2,37
S01007270,All people aged 16 and over,384,277,191,76,10,107
S01007270,No qualifications,88,47,28,15,4,41
S01007270,Level 1,75,60,42,14,4,15
S01007270,Level 2,55,41,32,9,0,14
S01007270,Level 3,46,42,21,19,2,4
S01007270,Level 4 and above,120,87,68,19,0,33
S01007271,All people aged 16 and over,836,518,416,74,28,318
S01007271,No qualifications,242,85,58,21,6,157
S01007271,Level 1,195,136,108,16,12,59
S01007271,Level 2,115,92,74,12,6,23
S01007271,Level 3,77,54,46,7,1,23
S01007271,Level 4 and above,207,151,130,18,3,56
S01007272,All people aged 16 and over,672,407,331,32,44,265
S01007272,No qualifications,235,87,75,7,5,148
S01007272,Level 1,199,144,110,8,26,55
S01007272,Level 2,89,71,61,6,4,18
S01007272,Level 3,63,46,32,5,9,17
S01007272,Level 4 and above,86,59,53,6,0,27
S01007273,All people aged 16 and over,547,338,280,39,19,209
S01007273,No qualifications,145,52,36,11,5,93
S01007273,Level 1,133,88,73,9,6,45
S01007273,Level 2,86,62,55,5,2,24
S01007273,Level 3,52,45,39,3,3,7
S01007273,Level 4 and above,131,91,77,11,3,40
S01007274,All people aged 16 and over,717,432,335,55,42,285
S01007274,No qualifications,215,59,45,9,5,156
S01007274,Level 1,152,98,72,9,17,54
S01007274,Level 2,96,76,55,15,6,20
S01007274,Level 3,78,60,51,5,4,18
S01007274,Level 4 and above,176,139,112,17,10,37
S01007275,All people aged 16 and over,499,262,214,35,13,237
S01007275,No qualifications,127,28,22,5,1,99
S01007275,Level 1,88,42,37,2,3,46
S01007275,Level 2,69,46,31,11,4,23
S01007275,Level 3,49,37,31,4,2,12
S01007275,Level 4 and above,166,109,93,13,3,57
S01007276,All people aged 16 and over,678,417,347,42,28,261
S01007276,No qualifications,149,61,48,6,7,88
S01007276,Level 1,187,116,97,9,10,71
S01007276,Level 2,102,76,61,12,3,26
S01007276,Level 3,76,59,52,4,3,17
S01007276,Level 4 and above,164,105,89,11,5,59
S01007277,All people aged 16 and over,637,373,317,42,14,264
S01007277,No qualifications,117,32,25,7,0,85
S01007277,Level 1,138,83,73,8,2,55
S01007277,Level 2,99,73,62,5,6,26
S01007277,Level 3,53,37,31,4,2,16
S01007277,Level 4 and above,230,148,126,18,4,82
S01007278,All people aged 16 and over,449,273,226,39,8,176
S01007278,No qualifications,79,23,19,4,0,56
S01007278,Level 1,113,72,57,11,4,41
S01007278,Level 2,88,59,49,7,3,29
S01007278,Level 3,35,26,24,2,0,9
S01007278,Level 4 and above,134,93,77,15,1,41
S01007279,All people aged 16 and over,466,318,200,106,12,148
S01007279,No qualifications,89,43,23,17,3,46
S01007279,Level 1,95,66,36,29,1,29
S01007279,Level 2,61,51,35,11,5,10
S01007279,Level 3,48,34,22,12,0,14
S01007279,Level 4 and above,173,124,84,37,3,49
S01007280,All people aged 16 and over,445,306,204,79,23,139
S01007280,No qualifications,103,50,28,18,4,53
S01007280,Level 1,93,67,43,19,5,26
S01007280,Level 2,61,44,27,11,6,17
S01007280,Level 3,45,34,22,9,3,11
S01007280,Level 4 and above,143,111,84,22,5,32
S01007281,All people aged 16 and over,805,522,394,109,19,283
S01007281,No qualifications,170,66,40,20,6,104
S01007281,Level 1,194,118,90,20,8,76
S01007281,Level 2,126,98,71,27,0,28
S01007281,Level 3,97,75,60,13,2,22
S01007281,Level 4 and above,218,165,133,29,3,53
S01007282,All people aged 16 and over,436,312,220,78,14,124
S01007282,No qualifications,108,56,42,12,2,52
S01007282,Level 1,117,94,70,17,7,23
S01007282,Level 2,58,48,30,15,3,10
S01007282,Level 3,37,29,17,12,0,8
S01007282,Level 4 and above,116,85,61,22,2,31
S01007283,All people aged 16 and over,866,406,310,81,15,460
S01007283,No qualifications,248,47,36,11,0,201
S01007283,Level 1,175,97,68,25,4,78
S01007283,Level 2,98,57,45,11,1,41
S01007283,Level 3,92,60,45,10,5,32
S01007283,Level 4 and above,253,145,116,24,5,108
S01007284,All people aged 16 and over,702,427,275,141,11,275
S01007284,No qualifications,166,59,30,25,4,107
S01007284,Level 1,153,100,69,27,4,53
S01007284,Level 2,109,77,51,25,1,32
S01007284,Level 3,57,46,33,11,2,11
S01007284,Level 4 and above,217,145,92,53,0,72
S01007285,All people aged 16 and over,724,456,267,176,13,268
S01007285,No qualifications,157,64,36,26,2,93
S01007285,Level 1,154,93,58,31,4,61
S01007285,Level 2,112,88,51,33,4,24
S01007285,Level 3,67,53,28,24,1,14
S01007285,Level 4 and above,234,158,94,62,2,76
S01007286,All people aged 16 and over,787,513,345,146,22,274
S01007286,No qualifications,176,62,32,26,4,114
S01007286,Level 1,171,131,92,33,6,40
S01007286,Level 2,119,90,64,23,3,29
S01007286,Level 3,76,57,39,15,3,19
S01007286,Level 4 and above,245,173,118,49,6,72
S01007287,All people aged 16 and over,523,360,204,140,16,163
S01007287,No qualifications,104,49,25,22,2,55
S01007287,Level 1,98,73,35,26,12,25
S01007287,Level 2,77,59,31,28,0,18
S01007287,Level 3,49,36,22,14,0,13
S01007287,Level 4 and above,195,143,91,50,2,52
S01007288,All people aged 16 and over,487,318,189,117,12,169
S01007288,No qualifications,101,41,24,15,2,60
S01007288,Level 1,103,72,40,30,2,31
S01007288,Level 2,79,58,31,25,2,21
S01007288,Level 3,42,31,17,11,3,11
S01007288,Level 4 and above,162,116,77,36,3,46
S01007289,All people aged 16 and over,674,455,352,95,8,219
S01007289,No qualifications,113,41,29,12,0,72
S01007289,Level 1,151,110,85,20,5,41
S01007289,Level 2,135,101,78,22,1,34
S01007289,Level 3,38,28,25,3,0,10
S01007289,Level 4 and above,237,175,135,38,2,62
S01007290,All people aged 16 and over,515,394,303,56,35,121
S01007290,No qualifications,91,50,32,10,8,41
S01007290,Level 1,176,134,96,20,18,42
S01007290,Level 2,100,80,67,10,3,20
S01007290,Level 3,36,31,27,3,1,5
S01007290,Level 4 and above,112,99,81,13,5,13
S01007291,All people aged 16 and over,583,336,267,49,20,247
S01007291,No qualifications,240,65,49,13,3,175
S01007291,Level 1,124,100,77,13,10,24
S01007291,Level 2,79,62,48,9,5,17
S01007291,Level 3,36,27,26,1,0,9
S01007291,Level 4 and above,104,82,67,13,2,22
S01007292,All people aged 16 and over,632,440,365,61,14,192
S01007292,No qualifications,135,64,51,9,4,71
S01007292,Level 1,188,140,112,22,6,48
S01007292,Level 2,118,99,81,14,4,19
S01007292,Level 3,43,36,31,5,0,7
S01007292,Level 4 and above,148,101,90,11,0,47
S01007293,All people aged 16 and over,577,449,375,34,40,128
S01007293,No qualifications,179,110,84,12,14,69
S01007293,Level 1,195,158,134,8,16,37
S01007293,Level 2,74,67,58,5,4,7
S01007293,Level 3,45,42,37,2,3,3
S01007293,Level 4 and above,84,72,62,7,3,12
S01007294,All people aged 16 and over,745,501,411,69,21,244
S01007294,No qualifications,217,96,81,10,5,121
S01007294,Level 1,230,182,144,25,13,48
S01007294,Level 2,129,105,89,16,0,24
S01007294,Level 3,43,32,28,3,1,11
S01007294,Level 4 and above,126,86,69,15,2,40
S01007295,All people aged 16 and over,432,257,206,24,27,175
S01007295,No qualifications,167,59,43,4,12,108
S01007295,Level 1,114,86,69,7,10,28
S01007295,Level 2,60,44,36,5,3,16
S01007295,Level 3,23,22,21,1,0,1
S01007295,Level 4 and above,68,46,37,7,2,22
S01007296,All people aged 16 and over,519,352,270,52,30,167
S01007296,No qualifications,130,56,42,7,7,74
S01007296,Level 1,132,99,73,14,12,33
S01007296,Level 2,78,65,51,11,3,13
S01007296,Level 3,47,43,32,6,5,4
S01007296,Level 4 and above,132,89,72,14,3,43
S01007297,All people aged 16 and over,783,567,450,96,21,216
S01007297,No qualifications,143,54,38,13,3,89
S01007297,Level 1,165,134,99,22,13,31
S01007297,Level 2,128,101,81,18,2,27
S01007297,Level 3,66,57,50,6,1,9
S01007297,Level 4 and above,281,221,182,37,2,60
S01007298,All people aged 16 and over,437,293,240,39,14,144
S01007298,No qualifications,134,59,42,10,7,75
S01007298,Level 1,95,74,62,11,1,21
S01007298,Level 2,70,60,50,9,1,10
S01007298,Level 3,35,29,26,2,1,6
S01007298,Level 4 and above,103,71,60,7,4,32
S01007299,All people aged 16 and over,733,521,406,78,37,212
S01007299,No qualifications,192,89,63,18,8,103
S01007299,Level 1,207,162,122,25,15,45
S01007299,Level 2,117,92,75,11,6,25
S01007299,Level 3,53,50,45,2,3,3
S01007299,Level 4 and above,164,128,101,22,5,36
S01007300,All people aged 16 and over,411,282,212,38,32,129
S01007300,No qualifications,164,77,55,10,12,87
S01007300,Level 1,108,88,65,13,10,20
S01007300,Level 2,59,51,40,4,7,8
S01007300,Level 3,28,27,20,4,3,1
S01007300,Level 4 and above,52,39,32,7,0,13
S01007301,All people aged 16 and over,626,399,291,99,9,227
S01007301,No qualifications,125,51,23,24,4,74
S01007301,Level 1,114,77,60,15,2,37
S01007301,Level 2,81,64,49,15,0,17
S01007301,Level 3,47,41,29,11,1,6
S01007301,Level 4 and above,259,166,130,34,2,93
S01007302,All people aged 16 and over,512,345,278,42,25,167
S01007302,No qualifications,185,78,54,19,5,107
S01007302,Level 1,130,107,81,14,12,23
S01007302,Level 2,75,64,58,2,4,11
S01007302,Level 3,34,30,27,1,2,4
S01007302,Level 4 and above,88,66,58,6,2,22
S01007303,All people aged 16 and over,779,476,346,113,17,303
S01007303,No qualifications,140,53,34,14,5,87
S01007303,Level 1,141,106,69,34,3,35
S01007303,Level 2,120,89,66,20,3,31
S01007303,Level 3,81,52,37,12,3,29
S01007303,Level 4 and above,297,176,140,33,3,121
S01007304,All people aged 16 and over,584,343,215,118,10,241
S01007304,No qualifications,129,49,24,24,1,80
S01007304,Level 1,121,86,60,23,3,35
S01007304,Level 2,66,47,30,16,1,19
S01007304,Level 3,44,33,22,10,1,11
S01007304,Level 4 and above,224,128,79,45,4,96
S01007305,All people aged 16 and over,608,407,298,100,9,201
S01007305,No qualifications,118,49,30,16,3,69
S01007305,Level 1,106,78,51,23,4,28
S01007305,Level 2,111,84,69,15,0,27
S01007305,Level 3,49,38,31,7,0,11
S01007305,Level 4 and above,224,158,117,39,2,66
S01007306,All people aged 16 and over,612,396,294,81,21,216
S01007306,No qualifications,147,61,41,13,7,86
S01007306,Level 1,113,84,67,14,3,29
S01007306,Level 2,98,73,46,25,2,25
S01007306,Level 3,68,51,44,5,2,17
S01007306,Level 4 and above,186,127,96,24,7,59
S01007307,All people aged 16 and over,663,439,299,129,11,224
S01007307,No qualifications,109,37,23,12,2,72
S01007307,Level 1,150,101,67,30,4,49
S01007307,Level 2,94,73,49,22,2,21
S01007307,Level 3,73,60,46,14,0,13
S01007307,Level 4 and above,237,168,114,51,3,69
S01007308,All people aged 16 and over,686,439,326,91,22,247
S01007308,No qualifications,162,67,44,18,5,95
S01007308,Level 1,164,110,89,13,8,54
S01007308,Level 2,84,61,44,14,3,23
S01007308,Level 3,67,57,44,10,3,10
S01007308,Level 4 and above,209,144,105,36,3,65
S01007309,All people aged 16 and over,550,365,248,101,16,185
S01007309,No qualifications,116,52,31,19,2,64
S01007309,Level 1,117,78,52,24,2,39
S01007309,Level 2,77,53,32,15,6,24
S01007309,Level 3,35,32,23,8,1,3
S01007309,Level 4 and above,205,150,110,35,5,55
S01007310,All people aged 16 and over,686,384,231,125,28,302
S01007310,No qualifications,126,45,16,25,4,81
S01007310,Level 1,161,104,58,28,18,57
S01007310,Level 2,83,55,34,20,1,28
S01007310,Level 3,46,29,18,11,0,17
S01007310,Level 4 and above,270,151,105,41,5,119
S01007311,All people aged 16 and over,653,474,361,89,24,179
S01007311,No qualifications,176,80,48,22,10,96
S01007311,Level 1,180,150,117,26,7,30
S01007311,Level 2,108,92,75,14,3,16
S01007311,Level 3,59,50,43,5,2,9
S01007311,Level 4 and above,130,102,78,22,2,28
S01007312,All people aged 16 and over,626,371,278,71,22,255
S01007312,No qualifications,125,51,32,16,3,74
S01007312,Level 1,143,89,65,17,7,54
S01007312,Level 2,73,51,31,14,6,22
S01007312,Level 3,64,45,40,3,2,19
S01007312,Level 4 and above,221,135,110,21,4,86
S01007313,All people aged 16 and over,826,533,345,171,17,293
S01007313,No qualifications,149,61,36,22,3,88
S01007313,Level 1,140,84,52,26,6,56
S01007313,Level 2,112,87,61,24,2,25
S01007313,Level 3,73,56,31,23,2,17
S01007313,Level 4 and above,352,245,165,76,4,107
S01007314,All people aged 16 and over,528,386,290,84,12,142
S01007314,No qualifications,119,57,34,21,2,62
S01007314,Level 1,92,73,53,16,4,19
S01007314,Level 2,91,81,66,11,4,10
S01007314,Level 3,47,44,39,5,0,3
S01007314,Level 4 and above,179,131,98,31,2,48
S01007315,All people aged 16 and over,781,532,456,49,27,249
S01007315,No qualifications,150,64,48,11,5,86
S01007315,Level 1,182,139,113,8,18,43
S01007315,Level 2,140,108,94,11,3,32
S01007315,Level 3,64,50,45,4,1,14
S01007315,Level 4 and above,245,171,156,15,0,74
S01007316,All people aged 16 and over,733,431,348,48,35,302
S01007316,No qualifications,195,53,40,6,7,142
S01007316,Level 1,196,138,101,20,17,58
S01007316,Level 2,113,96,84,7,5,17
S01007316,Level 3,54,38,34,2,2,16
S01007316,Level 4 and above,175,106,89,13,4,69
S01007317,All people aged 16 and over,530,376,315,41,20,154
S01007317,No qualifications,110,51,40,8,3,59
S01007317,Level 1,142,108,94,7,7,34
S01007317,Level 2,71,58,47,5,6,13
S01007317,Level 3,39,34,29,4,1,5
S01007317,Level 4 and above,168,125,105,17,3,43
S01007318,All people aged 16 and over,475,318,242,56,20,157
S01007318,No qualifications,119,50,33,10,7,69
S01007318,Level 1,118,94,67,20,7,24
S01007318,Level 2,72,59,48,9,2,13
S01007318,Level 3,45,33,27,4,2,12
S01007318,Level 4 and above,121,82,67,13,2,39
S01007319,All people aged 16 and over,632,396,310,64,22,236
S01007319,No qualifications,169,67,45,15,7,102
S01007319,Level 1,146,105,76,18,11,41
S01007319,Level 2,79,61,51,8,2,18
S01007319,Level 3,50,40,34,6,0,10
S01007319,Level 4 and above,188,123,104,17,2,65
S01007320,All people aged 16 and over,640,400,269,108,23,240
S01007320,No qualifications,101,42,15,21,6,59
S01007320,Level 1,106,72,49,15,8,34
S01007320,Level 2,84,56,41,12,3,28
S01007320,Level 3,65,53,42,9,2,12
S01007320,Level 4 and above,284,177,122,51,4,107
S01007321,All people aged 16 and over,528,330,204,111,15,198
S01007321,No qualifications,111,47,29,15,3,64
S01007321,Level 1,110,78,47,26,5,32
S01007321,Level 2,78,59,29,28,2,19
S01007321,Level 3,39,28,16,10,2,11
S01007321,Level 4 and above,190,118,83,32,3,72
S01007322,All people aged 16 and over,634,395,274,95,26,239
S01007322,No qualifications,195,75,36,32,7,120
S01007322,Level 1,150,109,80,20,9,41
S01007322,Level 2,97,73,55,17,1,24
S01007322,Level 3,49,42,33,7,2,7
S01007322,Level 4 and above,143,96,70,19,7,47
S01007323,All people aged 16 and over,394,266,209,48,9,128
S01007323,No qualifications,120,57,38,15,4,63
S01007323,Level 1,97,70,54,14,2,27
S01007323,Level 2,65,59,48,10,1,6
S01007323,Level 3,23,19,16,2,1,4
S01007323,Level 4 and above,89,61,53,7,1,28
S01007324,All people aged 16 and over,290,180,126,43,11,110
S01007324,No qualifications,59,25,19,6,0,34
S01007324,Level 1,48,34,26,5,3,14
S01007324,Level 2,48,31,24,5,2,17
S01007324,Level 3,14,12,8,3,1,2
S01007324,Level 4 and above,121,78,49,24,5,43
S01007325,All people aged 16 and over,685,411,274,121,16,274
S01007325,No qualifications,171,62,39,21,2,109
S01007325,Level 1,133,90,57,24,9,43
S01007325,Level 2,113,87,56,28,3,26
S01007325,Level 3,54,46,29,17,0,8
S01007325,Level 4 and above,214,126,93,31,2,88
S01007326,All people aged 16 and over,659,410,294,97,19,249
S01007326,No qualifications,202,89,53,34,2,113
S01007326,Level 1,160,115,92,15,8,45
S01007326,Level 2,100,74,56,14,4,26
S01007326,Level 3,53,46,31,11,4,7
S01007326,Level 4 and above,144,86,62,23,1,58
S01007327,All people aged 16 and over,657,396,305,66,25,261
S01007327,No qualifications,225,78,55,13,10,147
S01007327,Level 1,171,119,92,17,10,52
S01007327,Level 2,77,62,47,11,4,15
S01007327,Level 3,46,40,31,9,0,6
S01007327,Level 4 and above,138,97,80,16,1,41
S01007328,All people aged 16 and over,713,448,334,87,27,265
S01007328,No qualifications,248,104,63,29,12,144
S01007328,Level 1,197,154,114,31,9,43
S01007328,Level 2,112,83,70,10,3,29
S01007328,Level 3,38,31,28,2,1,7
S01007328,Level 4 and above,118,76,59,15,2,42
S01007329,All people aged 16 and over,568,364,227,119,18,204
S01007329,No qualifications,166,73,33,35,5,93
S01007329,Level 1,118,76,43,27,6,42
S01007329,Level 2,91,70,53,14,3,21
S01007329,Level 3,31,29,22,6,1,2
S01007329,Level 4 and above,162,116,76,37,3,46
S01007330,All people aged 16 and over,690,369,231,114,24,321
S01007330,No qualifications,209,74,38,28,8,135
S01007330,Level 1,148,98,60,31,7,50
S01007330,Level 2,87,59,37,20,2,28
S01007330,Level 3,53,34,24,8,2,19
S01007330,Level 4 and above,193,104,72,27,5,89
S01007331,All people aged 16 and over,815,545,380,135,30,270
S01007331,No qualifications,252,108,65,37,6,144
S01007331,Level 1,206,162,107,44,11,44
S01007331,Level 2,129,106,81,19,6,23
S01007331,Level 3,61,44,32,9,3,17
S01007331,Level 4 and above,167,125,95,26,4,42
S01007332,All people aged 16 and over,435,254,137,104,13,181
S01007332,No qualifications,128,51,13,34,4,77
S01007332,Level 1,115,74,49,22,3,41
S01007332,Level 2,66,49,28,17,4,17
S01007332,Level 3,31,17,12,4,1,14
S01007332,Level 4 and above,95,63,35,27,1,32
S01007333,All people aged 16 and over,688,385,296,70,19,303
S01007333,No qualifications,182,60,44,12,4,122
S01007333,Level 1,147,98,79,15,4,49
S01007333,Level 2,120,94,80,10,4,26
S01007333,Level 3,50,30,22,4,4,20
S01007333,Level 4 and above,189,103,71,29,3,86
S01007334,All people aged 16 and over,591,327,243,33,51,264
S01007334,No qualifications,277,96,65,9,22,181
S01007334,Level 1,153,109,86,7,16,44
S01007334,Level 2,68,53,39,7,7,15
S01007334,Level 3,31,25,22,2,1,6
S01007334,Level 4 and above,62,44,31,8,5,18
S01007335,All people aged 16 and over,667,379,315,27,37,288
S01007335,No qualifications,291,100,78,7,15,191
S01007335,Level 1,178,127,107,8,12,51
S01007335,Level 2,82,62,51,3,8,20
S01007335,Level 3,42,33,30,3,0,9
S01007335,Level 4 and above,74,57,49,6,2,17
S01007336,All people aged 16 and over,458,269,190,37,42,189
S01007336,No qualifications,146,54,22,16,16,92
S01007336,Level 1,103,67,49,5,13,36
S01007336,Level 2,71,56,48,4,4,15
S01007336,Level 3,36,31,20,6,5,5
S01007336,Level 4 and above,102,61,51,6,4,41
S01007337,All people aged 16 and over,562,285,218,44,23,277
S01007337,No qualifications,250,53,39,10,4,197
S01007337,Level 1,138,94,74,11,9,44
S01007337,Level 2,66,59,47,5,7,7
S01007337,Level 3,32,26,18,8,0,6
S01007337,Level 4 and above,76,53,40,10,3,23
S01007338,All people aged 16 and over,606,384,321,42,21,222
S01007338,No qualifications,232,93,79,9,5,139
S01007338,Level 1,169,132,110,15,7,37
S01007338,Level 2,93,75,61,9,5,18
S01007338,Level 3,39,30,25,1,4,9
S01007338,Level 4 and above,73,54,46,8,0,19
S01007339,All people aged 16 and over,527,289,229,53,7,238
S01007339,No qualifications,158,45,34,10,1,113
S01007339,Level 1,113,74,62,10,2,39
S01007339,Level 2,78,56,39,15,2,22
S01007339,Level 3,41,27,24,3,0,14
S01007339,Level 4 and above,137,87,70,15,2,50
S01007340,All people aged 16 and over,404,200,146,38,16,204
S01007340,No qualifications,127,34,24,8,2,93
S01007340,Level 1,83,51,37,8,6,32
S01007340,Level 2,59,38,28,7,3,21
S01007340,Level 3,40,30,21,8,1,10
S01007340,Level 4 and above,95,47,36,7,4,48
S01007341,All people aged 16 and over,654,295,217,58,20,359
S01007341,No qualifications,198,38,18,16,4,160
S01007341,Level 1,143,78,60,9,9,65
S01007341,Level 2,95,55,47,7,1,40
S01007341,Level 3,47,38,30,7,1,9
S01007341,Level 4 and above,171,86,62,19,5,85
S01007342,All people aged 16 and over,724,383,272,99,12,341
S01007342,No qualifications,166,48,34,12,2,118
S01007342,Level 1,126,80,49,27,4,46
S01007342,Level 2,97,60,46,10,4,37
S01007342,Level 3,62,44,27,17,0,18
S01007342,Level 4 and above,273,151,116,33,2,122
S01007343,All people aged 16 and over,569,337,204,125,8,232
S01007343,No qualifications,164,80,37,41,2,84
S01007343,Level 1,138,92,54,35,3,46
S01007343,Level 2,80,53,37,15,1,27
S01007343,Level 3,39,30,23,7,0,9
S01007343,Level 4 and above,148,82,53,27,2,66
S01007344,All people aged 16 and over,394,193,148,38,7,201
S01007344,No qualifications,118,33,18,12,3,85
S01007344,Level 1,96,55,48,7,0,41
S01007344,Level 2,41,25,20,4,1,16
S01007344,Level 3,39,26,18,8,0,13
S01007344,Level 4 and above,100,54,44,7,3,46
S01007345,All people aged 16 and over,454,272,197,30,45,182
S01007345,No qualifications,158,60,36,9,15,98
S01007345,Level 1,124,93,68,8,17,31
S01007345,Level 2,76,55,42,5,8,21
S01007345,Level 3,32,25,20,2,3,7
S01007345,Level 4 and above,64,39,31,6,2,25
S01007346,All people aged 16 and over,487,258,191,25,42,229
S01007346,No qualifications,203,52,37,4,11,151
S01007346,Level 1,122,82,54,8,20,40
S01007346,Level 2,55,37,33,1,3,18
S01007346,Level 3,34,27,22,0,5,7
S01007346,Level 4 and above,73,60,45,12,3,13
S01007347,All people aged 16 and over,543,265,199,32,34,278
S01007347,No qualifications,250,69,49,11,9,181
S01007347,Level 1,127,79,64,8,7,48
S01007347,Level 2,51,40,27,5,8,11
S01007347,Level 3,44,36,28,4,4,8
S01007347,Level 4 and above,71,41,31,4,6,30
S01007348,All people aged 16 and over,491,279,217,32,30,212
S01007348,No qualifications,196,77,53,13,11,119
S01007348,Level 1,135,89,70,9,10,46
S01007348,Level 2,68,47,39,2,6,21
S01007348,Level 3,31,26,23,2,1,5
S01007348,Level 4 and above,61,40,32,6,2,21
S01007349,All people aged 16 and over,340,207,168,18,21,133
S01007349,No qualifications,106,45,29,8,8,61
S01007349,Level 1,110,78,62,4,12,32
S01007349,Level 2,50,36,34,1,1,14
S01007349,Level 3,17,9,9,0,0,8
S01007349,Level 4 and above,57,39,34,5,0,18
S01007350,All people aged 16 and over,506,274,198,50,26,232
S01007350,No qualifications,178,47,36,7,4,131
S01007350,Level 1,139,98,66,22,10,41
S01007350,Level 2,53,38,25,6,7,15
S01007350,Level 3,41,33,26,5,2,8
S01007350,Level 4 and above,95,58,45,10,3,37
S01007351,All people aged 16 and over,592,281,170,97,14,311
S01007351,No qualifications,164,36,21,13,2,128
S01007351,Level 1,118,73,43,27,3,45
S01007351,Level 2,72,48,28,18,2,24
S01007351,Level 3,47,32,17,12,3,15
S01007351,Level 4 and above,191,92,61,27,4,99
S01007352,All people aged 16 and over,442,262,142,102,18,180
S01007352,No qualifications,80,28,11,16,1,52
S01007352,Level 1,84,54,30,22,2,30
S01007352,Level 2,78,56,32,21,3,22
S01007352,Level 3,34,22,5,16,1,12
S01007352,Level 4 and above,166,102,64,27,11,64
S01007353,All people aged 16 and over,538,286,200,66,20,252
S01007353,No qualifications,115,29,19,8,2,86
S01007353,Level 1,113,70,47,17,6,43
S01007353,Level 2,67,47,35,9,3,20
S01007353,Level 3,50,33,24,8,1,17
S01007353,Level 4 and above,193,107,75,24,8,86
S01007354,All people aged 16 and over,707,340,258,62,20,367
S01007354,No qualifications,164,32,24,3,5,132
S01007354,Level 1,149,76,50,17,9,73
S01007354,Level 2,91,48,36,9,3,43
S01007354,Level 3,68,41,35,6,0,27
S01007354,Level 4 and above,235,143,113,27,3,92
S01007355,All people aged 16 and over,854,459,311,124,24,395
S01007355,No qualifications,226,73,40,30,3,153
S01007355,Level 1,137,72,54,14,4,65
S01007355,Level 2,116,69,46,19,4,47
S01007355,Level 3,83,64,46,16,2,19
S01007355,Level 4 and above,292,181,125,45,11,111
S01007356,All people aged 16 and over,625,320,221,70,29,305
S01007356,No qualifications,128,49,31,12,6,79
S01007356,Level 1,124,59,38,12,9,65
S01007356,Level 2,86,50,39,6,5,36
S01007356,Level 3,60,40,28,8,4,20
S01007356,Level 4 and above,227,122,85,32,5,105
S01007357,All people aged 16 and over,681,386,263,108,15,295
S01007357,No qualifications,183,73,47,24,2,110
S01007357,Level 1,139,89,60,23,6,50
S01007357,Level 2,73,42,34,5,3,31
S01007357,Level 3,54,40,25,15,0,14
S01007357,Level 4 and above,232,142,97,41,4,90
S01007358,All people aged 16 and over,765,537,420,91,26,228
S01007358,No qualifications,188,88,65,14,9,100
S01007358,Level 1,173,132,107,15,10,41
S01007358,Level 2,103,82,62,19,1,21
S01007358,Level 3,64,51,44,6,1,13
S01007358,Level 4 and above,237,184,142,37,5,53
S01007359,All people aged 16 and over,668,364,290,43,31,304
S01007359,No qualifications,213,68,51,8,9,145
S01007359,Level 1,145,96,76,10,10,49
S01007359,Level 2,102,66,49,10,7,36
S01007359,Level 3,51,37,30,4,3,14
S01007359,Level 4 and above,157,97,84,11,2,60
S01007360,All people aged 16 and over,481,234,178,42,14,247
S01007360,No qualifications,111,34,22,9,3,77
S01007360,Level 1,104,54,48,3,3,50
S01007360,Level 2,75,44,31,9,4,31
S01007360,Level 3,43,22,21,1,0,21
S01007360,Level 4 and above,148,80,56,20,4,68
S01007361,All people aged 16 and over,884,475,339,98,38,409
S01007361,No qualifications,238,66,46,15,5,172
S01007361,Level 1,163,104,69,25,10,59
S01007361,Level 2,138,99,64,23,12,39
S01007361,Level 3,83,64,42,14,8,19
S01007361,Level 4 and above,262,142,118,21,3,120
S01007362,All people aged 16 and over,659,349,281,48,20,310
S01007362,No qualifications,176,56,39,13,4,120
S01007362,Level 1,148,83,66,6,11,65
S01007362,Level 2,98,68,57,8,3,30
S01007362,Level 3,77,47,35,11,1,30
S01007362,Level 4 and above,160,95,84,10,1,65
S01007363,All people aged 16 and over,608,283,219,35,29,325
S01007363,No qualifications,187,39,28,6,5,148
S01007363,Level 1,121,73,54,9,10,48
S01007363,Level 2,75,50,39,5,6,25
S01007363,Level 3,55,39,33,5,1,16
S01007363,Level 4 and above,170,82,65,10,7,88
S01007364,All people aged 16 and over,687,404,317,27,60,283
S01007364,No qualifications,244,89,66,7,16,155
S01007364,Level 1,190,129,102,3,24,61
S01007364,Level 2,95,74,63,5,6,21
S01007364,Level 3,74,51,36,7,8,23
S01007364,Level 4 and above,84,61,50,5,6,23
S01007365,All people aged 16 and over,392,230,178,25,27,162
S01007365,No qualifications,115,38,26,6,6,77
S01007365,Level 1,103,80,58,8,14,23
S01007365,Level 2,57,40,32,6,2,17
S01007365,Level 3,33,25,21,3,1,8
S01007365,Level 4 and above,84,47,41,2,4,37
S01007366,All people aged 16 and over,398,173,132,17,24,225
S01007366,No qualifications,178,38,31,2,5,140
S01007366,Level 1,94,44,31,7,6,50
S01007366,Level 2,42,32,24,0,8,10
S01007366,Level 3,26,21,18,2,1,5
S01007366,Level 4 and above,58,38,28,6,4,20
S01007367,All people aged 16 and over,474,273,212,41,20,201
S01007367,No qualifications,152,50,35,10,5,102
S01007367,Level 1,130,92,77,7,8,38
S01007367,Level 2,50,37,29,6,2,13
S01007367,Level 3,49,40,29,7,4,9
S01007367,Level 4 and above,93,54,42,11,1,39
S01007368,All people aged 16 and over,404,240,174,26,40,164
S01007368,No qualifications,123,49,32,3,14,74
S01007368,Level 1,115,77,58,6,13,38
S01007368,Level 2,71,50,35,7,8,21
S01007368,Level 3,40,27,22,2,3,13
S01007368,Level 4 and above,55,37,27,8,2,18
S01007369,All people aged 16 and over,628,394,311,49,34,234
S01007369,No qualifications,191,65,45,11,9,126
S01007369,Level 1,165,117,88,13,16,48
S01007369,Level 2,85,65,51,8,6,20
S01007369,Level 3,55,48,44,3,1,7
S01007369,Level 4 and above,132,99,83,14,2,33
S01007370,All people aged 16 and over,640,433,330,50,53,207
S01007370,No qualifications,135,58,35,11,12,77
S01007370,Level 1,152,109,85,9,15,43
S01007370,Level 2,109,92,69,14,9,17
S01007370,Level 3,74,62,52,3,7,12
S01007370,Level 4 and above,170,112,89,13,10,58
S01007371,All people aged 16 and over,563,370,293,44,33,193
S01007371,No qualifications,126,51,37,9,5,75
S01007371,Level 1,143,99,77,9,13,44
S01007371,Level 2,88,68,52,8,8,20
S01007371,Level 3,70,55,44,6,5,15
S01007371,Level 4 and above,136,97,83,12,2,39
S01007372,All people aged 16 and over,759,398,310,61,27,361
S01007372,No qualifications,194,51,33,15,3,143
S01007372,Level 1,154,91,70,16,5,63
S01007372,Level 2,99,63,50,7,6,36
S01007372,Level 3,76,56,51,2,3,20
S01007372,Level 4 and above,236,137,106,21,10,99
S01007373,All people aged 16 and over,536,278,189,70,19,258
S01007373,No qualifications,128,27,15,10,2,101
S01007373,Level 1,109,69,46,15,8,40
S01007373,Level 2,66,43,30,9,4,23
S01007373,Level 3,58,38,29,7,2,20
S01007373,Level 4 and above,175,101,69,29,3,74
S01007374,All people aged 16 and over,435,286,223,47,16,149
S01007374,No qualifications,60,23,19,1,3,37
S01007374,Level 1,88,62,48,8,6,26
S01007374,Level 2,71,50,39,11,0,21
S01007374,Level 3,51,39,33,5,1,12
S01007374,Level 4 and above,165,112,84,22,6,53
S01007375,All people aged 16 and over,406,223,159,47,17,183
S01007375,No qualifications,77,22,10,10,2,55
S01007375,Level 1,71,42,28,10,4,29
S01007375,Level 2,60,46,37,6,3,14
S01007375,Level 3,44,30,24,6,0,14
S01007375,Level 4 and above,154,83,60,15,8,71
S01007376,All people aged 16 and over,688,416,328,33,55,272
S01007376,No qualifications,197,65,52,3,10,132
S01007376,Level 1,185,124,90,9,25,61
S01007376,Level 2,116,86,71,4,11,30
S01007376,Level 3,68,52,42,7,3,16
S01007376,Level 4 and above,122,89,73,10,6,33
S01007377,All people aged 16 and over,553,356,280,61,15,197
S01007377,No qualifications,89,36,27,9,0,53
S01007377,Level 1,110,72,54,15,3,38
S01007377,Level 2,70,48,41,4,3,22
S01007377,Level 3,67,49,42,6,1,18
S01007377,Level 4 and above,217,151,116,27,8,66
S01007378,All people aged 16 and over,1367,1180,1116,49,15,187
S01007378,No qualifications,131,83,70,13,0,48
S01007378,Level 1,480,447,426,11,10,33
S01007378,Level 2,290,273,268,3,2,17
S01007378,Level 3,137,116,111,4,1,21
S01007378,Level 4 and above,329,261,241,18,2,68
S01007379,All people aged 16 and over,405,235,194,15,26,170
S01007379,No qualifications,161,58,45,5,8,103
S01007379,Level 1,106,74,58,2,14,32
S01007379,Level 2,56,48,46,1,1,8
S01007379,Level 3,39,26,20,3,3,13
S01007379,Level 4 and above,43,29,25,4,0,14
S01007380,All people aged 16 and over,448,314,270,20,24,134
S01007380,No qualifications,90,43,38,2,3,47
S01007380,Level 1,168,129,107,5,17,39
S01007380,Level 2,58,40,35,3,2,18
S01007380,Level 3,42,36,32,3,1,6
S01007380,Level 4 and above,90,66,58,7,1,24
S01007381,All people aged 16 and over,423,208,170,28,10,215
S01007381,No qualifications,57,12,12,0,0,45
S01007381,Level 1,79,30,21,4,5,49
S01007381,Level 2,54,29,24,4,1,25
S01007381,Level 3,31,16,15,1,0,15
S01007381,Level 4 and above,202,121,98,19,4,81
S01007382,All people aged 16 and over,534,336,273,53,10,198
S01007382,No qualifications,71,21,17,4,0,50
S01007382,Level 1,104,66,53,10,3,38
S01007382,Level 2,86,53,41,10,2,33
S01007382,Level 3,62,47,42,4,1,15
S01007382,Level 4 and above,211,149,120,25,4,62
S01007383,All people aged 16 and over,637,369,286,63,20,268
S01007383,No qualifications,107,38,29,9,0,69
S01007383,Level 1,130,65,48,8,9,65
S01007383,Level 2,73,49,36,10,3,24
S01007383,Level 3,77,58,45,8,5,19
S01007383,Level 4 and above,250,159,128,28,3,91
S01007384,All people aged 16 and over,611,419,353,33,33,192
S01007384,No qualifications,86,35,23,4,8,51
S01007384,Level 1,115,81,71,2,8,34
S01007384,Level 2,110,89,73,9,7,21
S01007384,Level 3,57,44,37,3,4,13
S01007384,Level 4 and above,243,170,149,15,6,73
S01007385,All people aged 16 and over,729,388,312,56,20,341
S01007385,No qualifications,147,36,28,7,1,111
S01007385,Level 1,157,94,73,13,8,63
S01007385,Level 2,94,62,47,10,5,32
S01007385,Level 3,86,52,44,5,3,34
S01007385,Level 4 and above,245,144,120,21,3,101
S01007386,All people aged 16 and over,684,369,263,94,12,315
S01007386,No qualifications,61,13,8,4,1,48
S01007386,Level 1,78,40,29,10,1,38
S01007386,Level 2,104,61,43,13,5,43
S01007386,Level 3,60,39,28,10,1,21
S01007386,Level 4 and above,381,216,155,57,4,165
S01007387,All people aged 16 and over,664,376,302,64,10,288
S01007387,No qualifications,66,22,18,3,1,44
S01007387,Level 1,89,42,32,8,2,47
S01007387,Level 2,106,58,52,4,2,48
S01007387,Level 3,68,51,38,11,2,17
S01007387,Level 4 and above,335,203,162,38,3,132
S01007388,All people aged 16 and over,572,366,301,41,24,206
S01007388,No qualifications,60,20,12,6,2,40
S01007388,Level 1,106,69,56,8,5,37
S01007388,Level 2,99,67,57,5,5,32
S01007388,Level 3,66,57,47,5,5,9
S01007388,Level 4 and above,241,153,129,17,7,88
S01007389,All people aged 16 and over,388,292,242,16,34,96
S01007389,No qualifications,40,28,21,1,6,12
S01007389,Level 1,135,101,86,1,14,34
S01007389,Level 2,69,51,43,3,5,18
S01007389,Level 3,51,38,34,3,1,13
S01007389,Level 4 and above,93,74,58,8,8,19
S01007390,All people aged 16 and over,363,277,229,29,19,86
S01007390,No qualifications,54,29,23,4,2,25
S01007390,Level 1,137,102,86,7,9,35
S01007390,Level 2,80,65,51,8,6,15
S01007390,Level 3,38,34,28,5,1,4
S01007390,Level 4 and above,54,47,41,5,1,7
S01007391,All people aged 16 and over,487,303,254,31,18,184
S01007391,No qualifications,44,13,11,2,0,31
S01007391,Level 1,104,64,50,7,7,40
S01007391,Level 2,89,59,46,8,5,30
S01007391,Level 3,57,38,34,3,1,19
S01007391,Level 4 and above,193,129,113,11,5,64
S01007392,All people aged 16 and over,413,219,176,32,11,194
S01007392,No qualifications,59,18,14,4,0,41
S01007392,Level 1,65,35,30,3,2,30
S01007392,Level 2,61,34,24,6,4,27
S01007392,Level 3,46,31,26,3,2,15
S01007392,Level 4 and above,182,101,82,16,3,81
S01007393,All people aged 16 and over,665,271,191,61,19,394
S01007393,No qualifications,121,14,11,1,2,107
S01007393,Level 1,102,33,19,10,4,69
S01007393,Level 2,83,32,20,3,9,51
S01007393,Level 3,43,23,18,5,0,20
S01007393,Level 4 and above,316,169,123,42,4,147
S01007394,All people aged 16 and over,559,264,212,34,18,295
S01007394,No qualifications,102,15,11,4,0,87
S01007394,Level 1,104,55,35,13,7,49
S01007394,Level 2,68,32,26,4,2,36
S01007394,Level 3,47,31,27,2,2,16
S01007394,Level 4 and above,238,131,113,11,7,107
S01007395,All people aged 16 and over,714,433,341,52,40,281
S01007395,No qualifications,193,53,37,8,8,140
S01007395,Level 1,147,103,80,9,14,44
S01007395,Level 2,109,85,67,10,8,24
S01007395,Level 3,89,62,49,7,6,27
S01007395,Level 4 and above,176,130,108,18,4,46
S01007396,All people aged 16 and over,691,409,334,44,31,282
S01007396,No qualifications,195,57,38,8,11,138
S01007396,Level 1,143,91,80,5,6,52
S01007396,Level 2,92,73,60,11,2,19
S01007396,Level 3,76,63,54,5,4,13
S01007396,Level 4 and above,185,125,102,15,8,60
S01007397,All people aged 16 and over,794,455,369,69,17,339
S01007397,No qualifications,145,42,30,10,2,103
S01007397,Level 1,125,75,61,8,6,50
S01007397,Level 2,110,73,60,11,2,37
S01007397,Level 3,85,61,48,12,1,24
S01007397,Level 4 and above,329,204,170,28,6,125
S01007398,All people aged 16 and over,515,330,265,23,42,185
S01007398,No qualifications,180,84,65,8,11,96
S01007398,Level 1,148,106,86,3,17,42
S01007398,Level 2,76,54,42,6,6,22
S01007398,Level 3,52,34,26,3,5,18
S01007398,Level 4 and above,59,52,46,3,3,7
S01007399,All people aged 16 and over,503,312,222,27,63,191
S01007399,No qualifications,202,89,57,10,22,113
S01007399,Level 1,133,101,67,5,29,32
S01007399,Level 2,59,40,29,4,7,19
S01007399,Level 3,41,32,26,4,2,9
S01007399,Level 4 and above,68,50,43,4,3,18
S01007400,All people aged 16 and over,605,362,285,47,30,243
S01007400,No qualifications,145,38,25,10,3,107
S01007400,Level 1,118,82,66,6,10,36
S01007400,Level 2,96,71,56,8,7,25
S01007400,Level 3,44,35,28,3,4,9
S01007400,Level 4 and above,202,136,110,20,6,66
S01007401,All people aged 16 and over,570,373,314,37,22,197
S01007401,No qualifications,96,32,24,7,1,64
S01007401,Level 1,116,82,70,7,5,34
S01007401,Level 2,102,69,58,6,5,33
S01007401,Level 3,67,51,46,1,4,16
S01007401,Level 4 and above,189,139,116,16,7,50
S01007402,All people aged 16 and over,521,321,274,39,8,200
S01007402,No qualifications,109,33,28,5,0,76
S01007402,Level 1,110,72,56,16,0,38
S01007402,Level 2,85,60,48,8,4,25
S01007402,Level 3,62,47,43,3,1,15
S01007402,Level 4 and above,155,109,99,7,3,46
S01007403,All people aged 16 and over,551,434,377,32,25,117
S01007403,No qualifications,53,24,19,3,2,29
S01007403,Level 1,148,114,95,7,12,34
S01007403,Level 2,126,103,93,4,6,23
S01007403,Level 3,75,62,56,4,2,13
S01007403,Level 4 and above,149,131,114,14,3,18
S01007404,All people aged 16 and over,371,241,151,75,15,130
S01007404,No qualifications,83,33,15,16,2,50
S01007404,Level 1,79,57,34,16,7,22
S01007404,Level 2,62,42,27,13,2,20
S01007404,Level 3,37,31,23,7,1,6
S01007404,Level 4 and above,110,78,52,23,3,32
S01007405,All people aged 16 and over,550,376,288,73,15,174
S01007405,No qualifications,62,30,14,14,2,32
S01007405,Level 1,97,61,43,15,3,36
S01007405,Level 2,85,62,47,12,3,23
S01007405,Level 3,55,46,39,3,4,9
S01007405,Level 4 and above,251,177,145,29,3,74
S01007406,All people aged 16 and over,521,309,249,47,13,212
S01007406,No qualifications,55,14,7,5,2,41
S01007406,Level 1,78,46,37,7,2,32
S01007406,Level 2,101,71,62,6,3,30
S01007406,Level 3,55,40,30,6,4,15
S01007406,Level 4 and above,232,138,113,23,2,94
S01007407,All people aged 16 and over,598,358,291,54,13,240
S01007407,No qualifications,92,24,16,6,2,68
S01007407,Level 1,118,68,51,14,3,50
S01007407,Level 2,100,70,58,10,2,30
S01007407,Level 3,75,56,47,6,3,19
S01007407,Level 4 and above,213,140,119,18,3,73
S01007408,All people aged 16 and over,484,313,249,34,30,171
S01007408,No qualifications,120,35,22,8,5,85
S01007408,Level 1,109,84,73,4,7,25
S01007408,Level 2,69,55,47,4,4,14
S01007408,Level 3,45,37,29,4,4,8
S01007408,Level 4 and above,141,102,78,14,10,39
S01007409,All people aged 16 and over,614,390,340,34,16,224
S01007409,No qualifications,174,58,49,8,1,116
S01007409,Level 1,154,108,91,10,7,46
S01007409,Level 2,98,83,73,6,4,15
S01007409,Level 3,64,51,46,5,0,13
S01007409,Level 4 and above,124,90,81,5,4,34
S01007410,All people aged 16 and over,541,302,244,17,41,239
S01007410,No qualifications,228,76,52,5,19,152
S01007410,Level 1,162,108,91,5,12,54
S01007410,Level 2,60,47,37,4,6,13
S01007410,Level 3,49,34,33,0,1,15
S01007410,Level 4 and above,42,37,31,3,3,5
S01007411,All people aged 16 and over,699,411,318,29,64,288
S01007411,No qualifications,267,85,61,3,21,182
S01007411,Level 1,206,144,101,9,34,62
S01007411,Level 2,63,51,42,5,4,12
S01007411,Level 3,67,58,50,4,4,9
S01007411,Level 4 and above,96,73,64,8,1,23
S01007412,All people aged 16 and over,396,230,194,12,24,166
S01007412,No qualifications,142,45,38,2,5,97
S01007412,Level 1,107,73,56,5,12,34
S01007412,Level 2,48,37,30,2,5,11
S01007412,Level 3,34,27,25,1,1,7
S01007412,Level 4 and above,65,48,45,2,1,17
S01007413,All people aged 16 and over,721,564,476,53,35,157
S01007413,No qualifications,93,43,32,9,2,50
S01007413,Level 1,212,158,135,9,14,54
S01007413,Level 2,147,126,112,11,3,21
S01007413,Level 3,87,79,69,5,5,8
S01007413,Level 4 and above,182,158,128,19,11,24
S01007414,All people aged 16 and over,525,410,367,32,11,115
S01007414,No qualifications,65,24,19,4,1,41
S01007414,Level 1,121,91,80,6,5,30
S01007414,Level 2,89,75,67,6,2,14
S01007414,Level 3,72,67,61,6,0,5
S01007414,Level 4 and above,178,153,140,10,3,25
S01007415,All people aged 16 and over,677,414,341,27,46,263
S01007415,No qualifications,306,134,107,9,18,172
S01007415,Level 1,198,137,112,6,19,61
S01007415,Level 2,47,36,34,1,1,11
S01007415,Level 3,49,44,38,1,5,5
S01007415,Level 4 and above,77,63,50,10,3,14
S01007416,All people aged 16 and over,423,247,185,14,48,176
S01007416,No qualifications,151,69,47,5,17,82
S01007416,Level 1,150,92,65,3,24,58
S01007416,Level 2,42,27,21,2,4,15
S01007416,Level 3,38,24,20,2,2,14
S01007416,Level 4 and above,42,35,32,2,1,7
S01007417,All people aged 16 and over,793,579,502,47,30,214
S01007417,No qualifications,124,47,41,3,3,77
S01007417,Level 1,181,127,111,9,7,54
S01007417,Level 2,132,110,94,11,5,22
S01007417,Level 3,94,76,66,6,4,18
S01007417,Level 4 and above,262,219,190,18,11,43
S01007418,All people aged 16 and over,534,330,279,18,33,204
S01007418,No qualifications,233,99,82,5,12,134
S01007418,Level 1,142,101,84,3,14,41
S01007418,Level 2,47,38,34,3,1,9
S01007418,Level 3,59,47,42,1,4,12
S01007418,Level 4 and above,53,45,37,6,2,8
S01007419,All people aged 16 and over,650,437,337,23,77,213
S01007419,No qualifications,220,109,79,5,25,111
S01007419,Level 1,211,151,115,5,31,60
S01007419,Level 2,94,75,61,2,12,19
S01007419,Level 3,50,39,32,4,3,11
S01007419,Level 4 and above,75,63,50,7,6,12
S01007420,All people aged 16 and over,1283,607,500,64,43,676
S01007420,No qualifications,340,71,55,8,8,269
S01007420,Level 1,379,174,144,15,15,205
S01007420,Level 2,182,97,82,6,9,85
S01007420,Level 3,124,64,54,9,1,60
S01007420,Level 4 and above,258,201,165,26,10,57
S01007421,All people aged 16 and over,524,381,305,49,27,143
S01007421,No qualifications,117,39,33,4,2,78
S01007421,Level 1,113,83,61,10,12,30
S01007421,Level 2,62,46,36,5,5,16
S01007421,Level 3,76,71,55,12,4,5
S01007421,Level 4 and above,156,142,120,18,4,14
S01007422,All people aged 16 and over,492,299,242,37,20,193
S01007422,No qualifications,143,46,30,10,6,97
S01007422,Level 1,104,75,57,7,11,29
S01007422,Level 2,60,41,37,3,1,19
S01007422,Level 3,48,35,26,7,2,13
S01007422,Level 4 and above,137,102,92,10,0,35
S01007423,All people aged 16 and over,600,432,374,37,21,168
S01007423,No qualifications,122,36,31,2,3,86
S01007423,Level 1,138,102,85,7,10,36
S01007423,Level 2,80,63,52,9,2,17
S01007423,Level 3,61,53,46,6,1,8
S01007423,Level 4 and above,199,178,160,13,5,21
S01007424,All people aged 16 and over,673,413,376,29,8,260
S01007424,No qualifications,139,38,34,4,0,101
S01007424,Level 1,129,81,73,5,3,48
S01007424,Level 2,135,98,90,7,1,37
S01007424,Level 3,64,42,39,2,1,22
S01007424,Level 4 and above,206,154,140,11,3,52
S01007425,All people aged 16 and over,724,459,380,41,38,265
S01007425,No qualifications,139,54,41,5,8,85
S01007425,Level 1,176,120,92,12,16,56
S01007425,Level 2,124,89,77,6,6,35
S01007425,Level 3,74,57,49,3,5,17
S01007425,Level 4 and above,211,139,121,15,3,72
S01007426,All people aged 16 and over,543,317,254,35,28,226
S01007426,No qualifications,162,54,41,5,8,108
S01007426,Level 1,135,99,73,10,16,36
S01007426,Level 2,64,47,41,3,3,17
S01007426,Level 3,44,30,27,3,0,14
S01007426,Level 4 and above,138,87,72,14,1,51
S01007427,All people aged 16 and over,550,312,246,19,47,238
S01007427,No qualifications,198,65,48,4,13,133
S01007427,Level 1,147,94,73,2,19,53
S01007427,Level 2,83,63,51,4,8,20
S01007427,Level 3,47,37,30,1,6,10
S01007427,Level 4 and above,75,53,44,8,1,22
S01007428,All people aged 16 and over,749,456,379,36,41,293
S01007428,No qualifications,227,68,52,6,10,159
S01007428,Level 1,193,131,102,9,20,62
S01007428,Level 2,104,79,68,5,6,25
S01007428,Level 3,70,60,51,7,2,10
S01007428,Level 4 and above,155,118,106,9,3,37
S01007429,All people aged 16 and over,601,423,344,40,39,178
S01007429,No qualifications,144,56,41,7,8,88
S01007429,Level 1,142,113,87,13,13,29
S01007429,Level 2,105,77,57,12,8,28
S01007429,Level 3,64,52,44,2,6,12
S01007429,Level 4 and above,146,125,115,6,4,21
S01007430,All people aged 16 and over,395,238,191,30,17,157
S01007430,No qualifications,105,27,19,4,4,78
S01007430,Level 1,84,61,49,6,6,23
S01007430,Level 2,50,36,27,6,3,14
S01007430,Level 3,33,29,24,2,3,4
S01007430,Level 4 and above,123,85,72,12,1,38
S01007431,All people aged 16 and over,478,326,282,21,23,152
S01007431,No qualifications,84,28,24,2,2,56
S01007431,Level 1,122,93,76,10,7,29
S01007431,Level 2,80,54,46,1,7,26
S01007431,Level 3,60,43,40,0,3,17
S01007431,Level 4 and above,132,108,96,8,4,24
S01007432,All people aged 16 and over,708,415,350,41,24,293
S01007432,No qualifications,265,86,65,14,7,179
S01007432,Level 1,167,119,105,7,7,48
S01007432,Level 2,99,76,64,5,7,23
S01007432,Level 3,64,50,45,5,0,14
S01007432,Level 4 and above,113,84,71,10,3,29
S01007433,All people aged 16 and over,659,390,309,57,24,269
S01007433,No qualifications,210,67,53,8,6,143
S01007433,Level 1,148,88,67,13,8,60
S01007433,Level 2,78,58,47,8,3,20
S01007433,Level 3,67,53,46,4,3,14
S01007433,Level 4 and above,156,124,96,24,4,32
S01007434,All people aged 16 and over,402,262,196,26,40,140
S01007434,No qualifications,151,70,44,10,16,81
S01007434,Level 1,113,83,61,6,16,30
S01007434,Level 2,55,39,31,4,4,16
S01007434,Level 3,31,28,23,2,3,3
S01007434,Level 4 and above,52,42,37,4,1,10
S01007435,All people aged 16 and over,574,377,308,34,35,197
S01007435,No qualifications,158,62,43,7,12,96
S01007435,Level 1,140,107,86,8,13,33
S01007435,Level 2,100,78,72,3,3,22
S01007435,Level 3,53,40,31,7,2,13
S01007435,Level 4 and above,123,90,76,9,5,33
S01007436,All people aged 16 and over,543,336,279,20,37,207
S01007436,No qualifications,180,70,59,5,6,110
S01007436,Level 1,161,120,91,8,21,41
S01007436,Level 2,51,39,33,1,5,12
S01007436,Level 3,48,37,35,1,1,11
S01007436,Level 4 and above,103,70,61,5,4,33
S01007437,All people aged 16 and over,370,234,179,24,31,136
S01007437,No qualifications,91,33,20,4,9,58
S01007437,Level 1,98,63,51,5,7,35
S01007437,Level 2,53,39,26,8,5,14
S01007437,Level 3,39,34,24,3,7,5
S01007437,Level 4 and above,89,65,58,4,3,24
S01007438,All people aged 16 and over,572,348,280,25,43,224
S01007438,No qualifications,191,65,49,8,8,126
S01007438,Level 1,142,93,72,6,15,49
S01007438,Level 2,71,55,45,1,9,16
S01007438,Level 3,65,55,44,6,5,10
S01007438,Level 4 and above,103,80,70,4,6,23
S01007439,All people aged 16 and over,600,352,296,29,27,248
S01007439,No qualifications,198,64,45,9,10,134
S01007439,Level 1,123,77,61,6,10,46
S01007439,Level 2,98,82,72,7,3,16
S01007439,Level 3,53,40,38,1,1,13
S01007439,Level 4 and above,128,89,80,6,3,39
S01007440,All people aged 16 and over,539,335,281,28,26,204
S01007440,No qualifications,200,75,57,11,7,125
S01007440,Level 1,130,103,86,9,8,27
S01007440,Level 2,78,63,54,4,5,15
S01007440,Level 3,50,35,29,2,4,15
S01007440,Level 4 and above,81,59,55,2,2,22
S01007441,All people aged 16 and over,462,303,265,25,13,159
S01007441,No qualifications,68,32,24,5,3,36
S01007441,Level 1,99,62,57,2,3,37
S01007441,Level 2,94,71,60,8,3,23
S01007441,Level 3,56,38,34,2,2,18
S01007441,Level 4 and above,145,100,90,8,2,45
S01007442,All people aged 16 and over,418,258,216,35,7,160
S01007442,No qualifications,57,22,18,3,1,35
S01007442,Level 1,89,49,35,11,3,40
S01007442,Level 2,64,42,36,4,2,22
S01007442,Level 3,54,37,32,4,1,17
S01007442,Level 4 and above,154,108,95,13,0,46
S01007443,All people aged 16 and over,758,379,290,62,27,379
S01007443,No qualifications,127,37,28,5,4,90
S01007443,Level 1,148,76,55,11,10,72
S01007443,Level 2,114,57,50,3,4,57
S01007443,Level 3,62,42,36,6,0,20
S01007443,Level 4 and above,307,167,121,37,9,140
S01007444,All people aged 16 and over,773,424,319,89,16,349
S01007444,No qualifications,107,24,15,7,2,83
S01007444,Level 1,128,60,44,12,4,68
S01007444,Level 2,104,64,49,12,3,40
S01007444,Level 3,45,32,25,6,1,13
S01007444,Level 4 and above,389,244,186,52,6,145
S01007445,All people aged 16 and over,505,298,239,50,9,207
S01007445,No qualifications,42,16,13,3,0,26
S01007445,Level 1,56,29,22,6,1,27
S01007445,Level 2,75,42,38,3,1,33
S01007445,Level 3,59,38,30,7,1,21
S01007445,Level 4 and above,273,173,136,31,6,100
S01007446,All people aged 16 and over,422,268,201,52,15,154
S01007446,No qualifications,40,7,2,4,1,33
S01007446,Level 1,66,42,34,4,4,24
S01007446,Level 2,60,42,32,5,5,18
S01007446,Level 3,24,16,11,3,2,8
S01007446,Level 4 and above,232,161,122,36,3,71
S01007447,All people aged 16 and over,411,250,176,64,10,161
S01007447,No qualifications,58,17,10,7,0,41
S01007447,Level 1,57,35,25,9,1,22
S01007447,Level 2,55,36,27,8,1,19
S01007447,Level 3,47,33,25,8,0,14
S01007447,Level 4 and above,194,129,89,32,8,65
S01007448,All people aged 16 and over,736,454,347,80,27,282
S01007448,No qualifications,189,61,38,19,4,128
S01007448,Level 1,170,115,88,16,11,55
S01007448,Level 2,105,78,60,13,5,27
S01007448,Level 3,83,57,44,8,5,26
S01007448,Level 4 and above,189,143,117,24,2,46
S01007449,All people aged 16 and over,821,515,402,38,75,306
S01007449,No qualifications,249,99,74,8,17,150
S01007449,Level 1,248,175,128,10,37,73
S01007449,Level 2,99,73,57,5,11,26
S01007449,Level 3,86,66,55,6,5,20
S01007449,Level 4 and above,139,102,88,9,5,37
S01007450,All people aged 16 and over,598,357,276,25,56,241
S01007450,No qualifications,227,81,59,6,16,146
S01007450,Level 1,181,130,95,8,27,51
S01007450,Level 2,69,51,39,7,5,18
S01007450,Level 3,59,50,43,2,5,9
S01007450,Level 4 and above,62,45,40,2,3,17
S01007451,All people aged 16 and over,524,330,280,25,25,194
S01007451,No qualifications,191,69,57,5,7,122
S01007451,Level 1,132,91,78,4,9,41
S01007451,Level 2,70,57,46,8,3,13
S01007451,Level 3,46,41,36,2,3,5
S01007451,Level 4 and above,85,72,63,6,3,13
S01007452,All people aged 16 and over,414,257,180,37,40,157
S01007452,No qualifications,145,70,51,6,13,75
S01007452,Level 1,111,76,45,11,20,35
S01007452,Level 2,52,40,28,9,3,12
S01007452,Level 3,22,19,13,5,1,3
S01007452,Level 4 and above,84,52,43,6,3,32
S01007453,All people aged 16 and over,458,358,311,34,13,100
S01007453,No qualifications,50,23,18,4,1,27
S01007453,Level 1,113,80,66,8,6,33
S01007453,Level 2,69,55,45,5,5,14
S01007453,Level 3,47,43,41,2,0,4
S01007453,Level 4 and above,179,157,141,15,1,22
S01007454,All people aged 16 and over,418,279,223,28,28,139
S01007454,No qualifications,168,79,63,6,10,89
S01007454,Level 1,118,90,76,6,8,28
S01007454,Level 2,48,40,28,8,4,8
S01007454,Level 3,35,28,21,3,4,7
S01007454,Level 4 and above,49,42,35,5,2,7
S01007455,All people aged 16 and over,677,428,345,21,62,249
S01007455,No qualifications,242,87,65,4,18,155
S01007455,Level 1,216,166,134,8,24,50
S01007455,Level 2,77,62,52,2,8,15
S01007455,Level 3,71,56,45,1,10,15
S01007455,Level 4 and above,71,57,49,6,2,14
S01007456,All people aged 16 and over,702,430,347,22,61,272
S01007456,No qualifications,256,98,74,4,20,158
S01007456,Level 1,246,180,142,8,30,66
S01007456,Level 2,63,43,37,3,3,20
S01007456,Level 3,62,51,43,2,6,11
S01007456,Level 4 and above,75,58,51,5,2,17
S01007457,All people aged 16 and over,870,553,440,41,72,317
S01007457,No qualifications,259,83,57,7,19,176
S01007457,Level 1,256,194,143,12,39,62
S01007457,Level 2,120,98,83,7,8,22
S01007457,Level 3,93,69,59,8,2,24
S01007457,Level 4 and above,142,109,98,7,4,33
S01007458,All people aged 16 and over,443,288,259,19,10,155
S01007458,No qualifications,90,30,25,4,1,60
S01007458,Level 1,117,84,70,6,8,33
S01007458,Level 2,75,57,54,3,0,18
S01007458,Level 3,69,52,49,2,1,17
S01007458,Level 4 and above,92,65,61,4,0,27
S01007459,All people aged 16 and over,551,313,262,31,20,238
S01007459,No qualifications,192,49,39,6,4,143
S01007459,Level 1,132,91,76,7,8,41
S01007459,Level 2,81,59,47,9,3,22
S01007459,Level 3,53,42,36,2,4,11
S01007459,Level 4 and above,93,72,64,7,1,21
S01007460,All people aged 16 and over,619,364,282,43,39,255
S01007460,No qualifications,218,61,45,4,12,157
S01007460,Level 1,180,136,102,18,16,44
S01007460,Level 2,99,74,58,7,9,25
S01007460,Level 3,53,38,35,3,0,15
S01007460,Level 4 and above,69,55,42,11,2,14
S01007461,All people aged 16 and over,568,327,235,21,71,241
S01007461,No qualifications,229,84,50,7,27,145
S01007461,Level 1,157,102,76,6,20,55
S01007461,Level 2,72,54,38,2,14,18
S01007461,Level 3,55,44,37,1,6,11
S01007461,Level 4 and above,55,43,34,5,4,12
S01007462,All people aged 16 and over,661,462,388,43,31,199
S01007462,No qualifications,170,56,40,7,9,114
S01007462,Level 1,178,136,107,15,14,42
S01007462,Level 2,99,89,81,7,1,10
S01007462,Level 3,76,63,56,7,0,13
S01007462,Level 4 and above,138,118,104,7,7,20
S01007463,All people aged 16 and over,721,419,292,35,92,302
S01007463,No qualifications,309,129,75,14,40,180
S01007463,Level 1,244,168,123,11,34,76
S01007463,Level 2,55,35,27,2,6,20
S01007463,Level 3,38,30,22,3,5,8
S01007463,Level 4 and above,75,57,45,5,7,18
S01007464,All people aged 16 and over,548,286,232,10,44,262
S01007464,No qualifications,246,85,67,1,17,161
S01007464,Level 1,157,101,82,1,18,56
S01007464,Level 2,58,42,37,2,3,16
S01007464,Level 3,35,25,22,0,3,10
S01007464,Level 4 and above,52,33,24,6,3,19
S01007465,All people aged 16 and over,594,324,215,18,91,270
S01007465,No qualifications,256,82,52,2,28,174
S01007465,Level 1,171,118,72,2,44,53
S01007465,Level 2,61,42,27,6,9,19
S01007465,Level 3,58,44,33,3,8,14
S01007465,Level 4 and above,48,38,31,5,2,10
S01007466,All people aged 16 and over,851,490,372,31,87,361
S01007466,No qualifications,318,89,59,3,27,229
S01007466,Level 1,233,162,116,9,37,71
S01007466,Level 2,111,92,77,7,8,19
S01007466,Level 3,71,55,41,5,9,16
S01007466,Level 4 and above,118,92,79,7,6,26
S01007467,All people aged 16 and over,824,469,397,32,40,355
S01007467,No qualifications,254,63,42,8,13,191
S01007467,Level 1,198,125,108,5,12,73
S01007467,Level 2,108,80,71,4,5,28
S01007467,Level 3,85,68,62,2,4,17
S01007467,Level 4 and above,179,133,114,13,6,46
S01007468,All people aged 16 and over,607,429,376,36,17,178
S01007468,No qualifications,115,41,32,7,2,74
S01007468,Level 1,179,129,109,13,7,50
S01007468,Level 2,105,82,78,2,2,23
S01007468,Level 3,72,62,53,5,4,10
S01007468,Level 4 and above,136,115,104,9,2,21
S01007469,All people aged 16 and over,465,311,260,18,33,154
S01007469,No qualifications,143,57,49,5,3,86
S01007469,Level 1,144,108,86,4,18,36
S01007469,Level 2,62,45,41,1,3,17
S01007469,Level 3,45,38,32,3,3,7
S01007469,Level 4 and above,71,63,52,5,6,8
S01007470,All people aged 16 and over,572,320,248,26,46,252
S01007470,No qualifications,188,60,43,6,11,128
S01007470,Level 1,162,105,73,8,24,57
S01007470,Level 2,60,34,26,4,4,26
S01007470,Level 3,76,57,48,4,5,19
S01007470,Level 4 and above,86,64,58,4,2,22
S01007471,All people aged 16 and over,382,264,236,14,14,118
S01007471,No qualifications,107,43,33,6,4,64
S01007471,Level 1,107,74,69,0,5,33
S01007471,Level 2,51,42,41,0,1,9
S01007471,Level 3,61,55,49,5,1,6
S01007471,Level 4 and above,56,50,44,3,3,6
S01007472,All people aged 16 and over,458,256,210,13,33,202
S01007472,No qualifications,194,58,45,4,9,136
S01007472,Level 1,111,75,62,2,11,36
S01007472,Level 2,60,47,43,0,4,13
S01007472,Level 3,44,35,25,6,4,9
S01007472,Level 4 and above,49,41,35,1,5,8
S01007473,All people aged 16 and over,370,227,197,11,19,143
S01007473,No qualifications,148,56,47,4,5,92
S01007473,Level 1,94,75,66,0,9,19
S01007473,Level 2,47,36,30,3,3,11
S01007473,Level 3,39,30,29,0,1,9
S01007473,Level 4 and above,42,30,25,4,1,12
S01007474,All people aged 16 and over,445,313,263,35,15,132
S01007474,No qualifications,88,45,35,8,2,43
S01007474,Level 1,95,66,53,8,5,29
S01007474,Level 2,89,74,62,8,4,15
S01007474,Level 3,65,52,47,3,2,13
S01007474,Level 4 and above,108,76,66,8,2,32
S01007475,All people aged 16 and over,491,337,290,24,23,154
S01007475,No qualifications,73,24,18,6,0,49
S01007475,Level 1,101,68,58,3,7,33
S01007475,Level 2,81,66,58,3,5,15
S01007475,Level 3,72,59,49,6,4,13
S01007475,Level 4 and above,164,120,107,6,7,44
S01007476,All people aged 16 and over,565,313,264,29,20,252
S01007476,No qualifications,155,52,41,4,7,103
S01007476,Level 1,119,81,72,5,4,38
S01007476,Level 2,83,55,45,7,3,28
S01007476,Level 3,69,48,39,5,4,21
S01007476,Level 4 and above,139,77,67,8,2,62
S01007477,All people aged 16 and over,437,291,238,37,16,146
S01007477,No qualifications,77,28,17,8,3,49
S01007477,Level 1,99,67,56,9,2,32
S01007477,Level 2,58,46,39,2,5,12
S01007477,Level 3,61,49,42,3,4,12
S01007477,Level 4 and above,142,101,84,15,2,41
S01007478,All people aged 16 and over,751,474,398,46,30,277
S01007478,No qualifications,193,42,33,6,3,151
S01007478,Level 1,116,77,60,9,8,39
S01007478,Level 2,109,87,76,9,2,22
S01007478,Level 3,84,70,58,6,6,14
S01007478,Level 4 and above,249,198,171,16,11,51
S01007479,All people aged 16 and over,458,331,294,14,23,127
S01007479,No qualifications,99,38,32,2,4,61
S01007479,Level 1,116,92,78,2,12,24
S01007479,Level 2,80,65,55,6,4,15
S01007479,Level 3,69,60,57,1,2,9
S01007479,Level 4 and above,94,76,72,3,1,18
S01007480,All people aged 16 and over,609,476,428,25,23,133
S01007480,No qualifications,124,59,51,6,2,65
S01007480,Level 1,179,150,132,5,13,29
S01007480,Level 2,99,90,81,4,5,9
S01007480,Level 3,79,70,65,3,2,9
S01007480,Level 4 and above,128,107,99,7,1,21
S01007481,All people aged 16 and over,740,359,288,59,12,381
S01007481,No qualifications,202,50,34,15,1,152
S01007481,Level 1,173,94,72,18,4,79
S01007481,Level 2,94,62,57,3,2,32
S01007481,Level 3,64,43,33,10,0,21
S01007481,Level 4 and above,207,110,92,13,5,97
S01007482,All people aged 16 and over,408,197,167,18,12,211
S01007482,No qualifications,198,50,43,5,2,148
S01007482,Level 1,89,58,45,7,6,31
S01007482,Level 2,37,28,25,0,3,9
S01007482,Level 3,28,26,24,2,0,2
S01007482,Level 4 and above,56,35,30,4,1,21
S01007483,All people aged 16 and over,629,402,311,57,34,227
S01007483,No qualifications,266,113,82,20,11,153
S01007483,Level 1,144,109,83,17,9,35
S01007483,Level 2,89,70,58,6,6,19
S01007483,Level 3,52,46,33,8,5,6
S01007483,Level 4 and above,78,64,55,6,3,14
S01007484,All people aged 16 and over,470,277,193,36,48,193
S01007484,No qualifications,188,59,37,9,13,129
S01007484,Level 1,125,87,57,16,14,38
S01007484,Level 2,62,52,35,4,13,10
S01007484,Level 3,38,30,23,2,5,8
S01007484,Level 4 and above,57,49,41,5,3,8
S01007485,All people aged 16 and over,359,210,154,13,43,149
S01007485,No qualifications,153,60,36,4,20,93
S01007485,Level 1,126,83,64,3,16,43
S01007485,Level 2,38,34,26,2,6,4
S01007485,Level 3,18,13,11,2,0,5
S01007485,Level 4 and above,24,20,17,2,1,4
S01007486,All people aged 16 and over,382,193,134,8,51,189
S01007486,No qualifications,180,63,42,2,19,117
S01007486,Level 1,127,81,54,4,23,46
S01007486,Level 2,34,22,21,0,1,12
S01007486,Level 3,18,12,6,1,5,6
S01007486,Level 4 and above,23,15,11,1,3,8
S01007487,All people aged 16 and over,763,452,336,50,66,311
S01007487,No qualifications,321,111,77,15,19,210
S01007487,Level 1,207,150,111,16,23,57
S01007487,Level 2,108,90,64,7,19,18
S01007487,Level 3,47,41,36,5,0,6
S01007487,Level 4 and above,80,60,48,7,5,20
S01007488,All people aged 16 and over,838,535,420,71,44,303
S01007488,No qualifications,258,84,53,21,10,174
S01007488,Level 1,226,164,129,22,13,62
S01007488,Level 2,137,110,85,15,10,27
S01007488,Level 3,71,58,49,3,6,13
S01007488,Level 4 and above,146,119,104,10,5,27
S01007489,All people aged 16 and over,725,429,339,58,32,296
S01007489,No qualifications,285,115,82,22,11,170
S01007489,Level 1,175,122,101,11,10,53
S01007489,Level 2,98,74,63,6,5,24
S01007489,Level 3,55,41,30,7,4,14
S01007489,Level 4 and above,112,77,63,12,2,35
S01007490,All people aged 16 and over,757,397,318,46,33,360
S01007490,No qualifications,375,117,90,15,12,258
S01007490,Level 1,179,127,106,11,10,52
S01007490,Level 2,98,79,62,11,6,19
S01007490,Level 3,38,26,23,1,2,12
S01007490,Level 4 and above,67,48,37,8,3,19
S01007491,All people aged 16 and over,886,570,470,42,58,316
S01007491,No qualifications,285,110,82,12,16,175
S01007491,Level 1,275,206,159,19,28,69
S01007491,Level 2,138,107,97,4,6,31
S01007491,Level 3,76,61,55,4,2,15
S01007491,Level 4 and above,112,86,77,3,6,26
S01007492,All people aged 16 and over,597,358,301,29,28,239
S01007492,No qualifications,274,106,86,9,11,168
S01007492,Level 1,138,108,92,6,10,30
S01007492,Level 2,65,52,44,5,3,13
S01007492,Level 3,50,44,38,4,2,6
S01007492,Level 4 and above,70,48,41,5,2,22
S01007493,All people aged 16 and over,677,433,369,31,33,244
S01007493,No qualifications,260,114,99,9,6,146
S01007493,Level 1,223,165,137,10,18,58
S01007493,Level 2,97,76,65,5,6,21
S01007493,Level 3,46,36,33,3,0,10
S01007493,Level 4 and above,51,42,35,4,3,9
S01007494,All people aged 16 and over,448,258,164,79,15,190
S01007494,No qualifications,155,55,28,23,4,100
S01007494,Level 1,108,78,45,26,7,30
S01007494,Level 2,57,45,33,10,2,12
S01007494,Level 3,43,27,18,7,2,16
S01007494,Level 4 and above,85,53,40,13,0,32
S01007495,All people aged 16 and over,677,449,309,129,11,228
S01007495,No qualifications,227,113,77,35,1,114
S01007495,Level 1,165,126,80,38,8,39
S01007495,Level 2,91,73,54,18,1,18
S01007495,Level 3,52,46,32,14,0,6
S01007495,Level 4 and above,142,91,66,24,1,51
S01007496,All people aged 16 and over,882,481,313,142,26,401
S01007496,No qualifications,266,95,54,35,6,171
S01007496,Level 1,183,118,74,38,6,65
S01007496,Level 2,121,80,55,21,4,41
S01007496,Level 3,69,48,39,7,2,21
S01007496,Level 4 and above,243,140,91,41,8,103
S01007497,All people aged 16 and over,481,274,201,60,13,207
S01007497,No qualifications,198,65,52,9,4,133
S01007497,Level 1,127,98,68,24,6,29
S01007497,Level 2,60,44,35,7,2,16
S01007497,Level 3,34,29,18,10,1,5
S01007497,Level 4 and above,62,38,28,10,0,24
S01007498,All people aged 16 and over,737,393,294,72,27,344
S01007498,No qualifications,323,102,73,22,7,221
S01007498,Level 1,168,125,90,21,14,43
S01007498,Level 2,89,62,48,12,2,27
S01007498,Level 3,44,32,24,5,3,12
S01007498,Level 4 and above,113,72,59,12,1,41
S01007499,All people aged 16 and over,687,444,309,103,32,243
S01007499,No qualifications,255,114,75,30,9,141
S01007499,Level 1,183,142,97,35,10,41
S01007499,Level 2,82,55,38,13,4,27
S01007499,Level 3,54,38,32,4,2,16
S01007499,Level 4 and above,113,95,67,21,7,18
S01007500,All people aged 16 and over,516,260,168,71,21,256
S01007500,No qualifications,197,54,34,14,6,143
S01007500,Level 1,108,63,37,18,8,45
S01007500,Level 2,68,53,36,16,1,15
S01007500,Level 3,41,31,18,9,4,10
S01007500,Level 4 and above,102,59,43,14,2,43
S01007501,All people aged 16 and over,598,296,167,102,27,302
S01007501,No qualifications,205,67,24,34,9,138
S01007501,Level 1,123,70,40,22,8,53
S01007501,Level 2,81,56,34,19,3,25
S01007501,Level 3,41,27,18,8,1,14
S01007501,Level 4 and above,148,76,51,19,6,72
S01007502,All people aged 16 and over,447,261,177,72,12,186
S01007502,No qualifications,157,53,31,20,2,104
S01007502,Level 1,119,84,48,28,8,35
S01007502,Level 2,66,53,42,10,1,13
S01007502,Level 3,26,20,13,6,1,6
S01007502,Level 4 and above,79,51,43,8,0,28
S01007503,All people aged 16 and over,870,485,309,136,40,385
S01007503,No qualifications,328,110,66,36,8,218
S01007503,Level 1,209,149,84,43,22,60
S01007503,Level 2,104,73,45,21,7,31
S01007503,Level 3,67,50,34,15,1,17
S01007503,Level 4 and above,162,103,80,21,2,59
S01007504,All people aged 16 and over,588,351,204,124,23,237
S01007504,No qualifications,192,70,37,28,5,122
S01007504,Level 1,132,101,55,35,11,31
S01007504,Level 2,89,61,37,21,3,28
S01007504,Level 3,40,30,16,13,1,10
S01007504,Level 4 and above,135,89,59,27,3,46
S01007505,All people aged 16 and over,346,226,131,78,17,120
S01007505,No qualifications,92,34,11,18,5,58
S01007505,Level 1,90,68,42,18,8,22
S01007505,Level 2,49,37,19,14,4,12
S01007505,Level 3,23,18,14,4,0,5
S01007505,Level 4 and above,92,69,45,24,0,23
S01007506,All people aged 16 and over,426,240,140,91,9,186
S01007506,No qualifications,124,38,18,19,1,86
S01007506,Level 1,82,57,30,25,2,25
S01007506,Level 2,58,42,30,10,2,16
S01007506,Level 3,37,24,9,15,0,13
S01007506,Level 4 and above,125,79,53,22,4,46
S01007507,All people aged 16 and over,793,436,297,107,32,357
S01007507,No qualifications,324,121,81,29,11,203
S01007507,Level 1,179,124,85,25,14,55
S01007507,Level 2,89,67,49,12,6,22
S01007507,Level 3,35,28,18,10,0,7
S01007507,Level 4 and above,166,96,64,31,1,70
S01007508,All people aged 16 and over,604,348,234,98,16,256
S01007508,No qualifications,239,101,55,36,10,138
S01007508,Level 1,121,89,59,26,4,32
S01007508,Level 2,71,55,41,12,2,16
S01007508,Level 3,36,23,15,8,0,13
S01007508,Level 4 and above,137,80,64,16,0,57
S01007509,All people aged 16 and over,528,316,187,108,21,212
S01007509,No qualifications,174,73,35,29,9,101
S01007509,Level 1,120,89,54,28,7,31
S01007509,Level 2,53,38,23,14,1,15
S01007509,Level 3,46,33,19,13,1,13
S01007509,Level 4 and above,135,83,56,24,3,52
S01007510,All people aged 16 and over,862,416,269,125,22,446
S01007510,No qualifications,303,97,64,28,5,206
S01007510,Level 1,198,119,78,32,9,79
S01007510,Level 2,93,57,37,18,2,36
S01007510,Level 3,68,45,29,16,0,23
S01007510,Level 4 and above,200,98,61,31,6,102
S01007511,All people aged 16 and over,675,350,226,81,43,325
S01007511,No qualifications,308,110,74,21,15,198
S01007511,Level 1,163,106,67,22,17,57
S01007511,Level 2,68,48,31,8,9,20
S01007511,Level 3,37,27,21,4,2,10
S01007511,Level 4 and above,99,59,33,26,0,40
S01007512,All people aged 16 and over,449,247,143,90,14,202
S01007512,No qualifications,132,57,34,22,1,75
S01007512,Level 1,105,70,42,22,6,35
S01007512,Level 2,50,36,22,12,2,14
S01007512,Level 3,31,20,11,9,0,11
S01007512,Level 4 and above,131,64,34,25,5,67
S01007513,All people aged 16 and over,825,501,393,61,47,324
S01007513,No qualifications,297,114,78,15,21,183
S01007513,Level 1,225,166,130,20,16,59
S01007513,Level 2,122,104,91,7,6,18
S01007513,Level 3,53,39,35,4,0,14
S01007513,Level 4 and above,128,78,59,15,4,50
S01007514,All people aged 16 and over,445,274,210,46,18,171
S01007514,No qualifications,176,72,59,11,2,104
S01007514,Level 1,104,75,58,7,10,29
S01007514,Level 2,64,48,31,12,5,16
S01007514,Level 3,21,18,13,4,1,3
S01007514,Level 4 and above,80,61,49,12,0,19
S01007515,All people aged 16 and over,519,263,196,44,23,256
S01007515,No qualifications,136,34,16,11,7,102
S01007515,Level 1,112,67,45,11,11,45
S01007515,Level 2,79,56,49,3,4,23
S01007515,Level 3,25,16,12,3,1,9
S01007515,Level 4 and above,167,90,74,16,0,77
S01007516,All people aged 16 and over,475,305,240,36,29,170
S01007516,No qualifications,191,88,64,13,11,103
S01007516,Level 1,137,100,75,10,15,37
S01007516,Level 2,70,60,53,5,2,10
S01007516,Level 3,23,18,17,0,1,5
S01007516,Level 4 and above,54,39,31,8,0,15
S01007517,All people aged 16 and over,426,182,144,30,8,244
S01007517,No qualifications,165,30,20,8,2,135
S01007517,Level 1,77,50,40,7,3,27
S01007517,Level 2,40,27,24,3,0,13
S01007517,Level 3,30,21,16,4,1,9
S01007517,Level 4 and above,114,54,44,8,2,60
S01007518,All people aged 16 and over,699,393,318,47,28,306
S01007518,No qualifications,297,95,72,15,8,202
S01007518,Level 1,176,132,107,10,15,44
S01007518,Level 2,94,69,59,8,2,25
S01007518,Level 3,43,37,31,5,1,6
S01007518,Level 4 and above,89,60,49,9,2,29
S01007519,All people aged 16 and over,406,209,130,70,9,197
S01007519,No qualifications,113,35,15,18,2,78
S01007519,Level 1,86,55,37,15,3,31
S01007519,Level 2,48,29,17,12,0,19
S01007519,Level 3,33,23,16,7,0,10
S01007519,Level 4 and above,126,67,45,18,4,59
S01007520,All people aged 16 and over,810,433,310,94,29,377
S01007520,No qualifications,269,89,62,18,9,180
S01007520,Level 1,198,131,94,24,13,67
S01007520,Level 2,107,68,54,13,1,39
S01007520,Level 3,67,46,29,13,4,21
S01007520,Level 4 and above,169,99,71,26,2,70
S01007521,All people aged 16 and over,380,225,159,61,5,155
S01007521,No qualifications,70,32,19,11,2,38
S01007521,Level 1,84,56,44,11,1,28
S01007521,Level 2,59,37,24,11,2,22
S01007521,Level 3,36,29,20,9,0,7
S01007521,Level 4 and above,131,71,52,19,0,60
S01007522,All people aged 16 and over,868,436,317,92,27,432
S01007522,No qualifications,279,82,58,20,4,197
S01007522,Level 1,166,110,86,18,6,56
S01007522,Level 2,115,87,61,19,7,28
S01007522,Level 3,68,45,27,16,2,23
S01007522,Level 4 and above,240,112,85,19,8,128
S01007523,All people aged 16 and over,457,272,187,67,18,185
S01007523,No qualifications,116,51,26,22,3,65
S01007523,Level 1,101,77,57,12,8,24
S01007523,Level 2,71,40,32,7,1,31
S01007523,Level 3,32,24,15,8,1,8
S01007523,Level 4 and above,137,80,57,18,5,57
S01007524,All people aged 16 and over,818,496,325,150,21,322
S01007524,No qualifications,238,89,49,38,2,149
S01007524,Level 1,209,158,107,44,7,51
S01007524,Level 2,94,67,47,15,5,27
S01007524,Level 3,58,44,32,9,3,14
S01007524,Level 4 and above,219,138,90,44,4,81
S01007525,All people aged 16 and over,465,251,198,38,15,214
S01007525,No qualifications,200,69,50,17,2,131
S01007525,Level 1,90,69,56,7,6,21
S01007525,Level 2,63,50,40,7,3,13
S01007525,Level 3,26,22,17,4,1,4
S01007525,Level 4 and above,86,41,35,3,3,45
S01007526,All people aged 16 and over,633,311,226,61,24,322
S01007526,No qualifications,195,66,43,13,10,129
S01007526,Level 1,137,87,68,12,7,50
S01007526,Level 2,84,50,39,8,3,34
S01007526,Level 3,48,33,22,9,2,15
S01007526,Level 4 and above,169,75,54,19,2,94
S01007527,All people aged 16 and over,679,398,293,76,29,281
S01007527,No qualifications,213,85,55,20,10,128
S01007527,Level 1,156,121,90,20,11,35
S01007527,Level 2,97,70,61,7,2,27
S01007527,Level 3,48,34,25,6,3,14
S01007527,Level 4 and above,165,88,62,23,3,77
S01007528,All people aged 16 and over,633,393,289,75,29,240
S01007528,No qualifications,231,88,59,24,5,143
S01007528,Level 1,154,120,85,22,13,34
S01007528,Level 2,84,64,51,6,7,20
S01007528,Level 3,51,45,38,6,1,6
S01007528,Level 4 and above,113,76,56,17,3,37
S01007529,All people aged 16 and over,582,290,210,70,10,292
S01007529,No qualifications,149,40,20,15,5,109
S01007529,Level 1,114,67,50,15,2,47
S01007529,Level 2,100,62,48,12,2,38
S01007529,Level 3,37,26,17,9,0,11
S01007529,Level 4 and above,182,95,75,19,1,87
S01007530,All people aged 16 and over,446,278,175,95,8,168
S01007530,No qualifications,91,41,23,17,1,50
S01007530,Level 1,100,70,42,26,2,30
S01007530,Level 2,66,49,38,10,1,17
S01007530,Level 3,35,24,14,8,2,11
S01007530,Level 4 and above,154,94,58,34,2,60
S01007531,All people aged 16 and over,581,343,219,113,11,238
S01007531,No qualifications,164,68,40,26,2,96
S01007531,Level 1,117,82,55,26,1,35
S01007531,Level 2,77,47,36,11,0,30
S01007531,Level 3,45,32,18,12,2,13
S01007531,Level 4 and above,178,114,70,38,6,64
S01007532,All people aged 16 and over,480,302,196,90,16,178
S01007532,No qualifications,111,41,23,16,2,70
S01007532,Level 1,130,97,65,22,10,33
S01007532,Level 2,70,56,40,16,0,14
S01007532,Level 3,39,26,14,11,1,13
S01007532,Level 4 and above,130,82,54,25,3,48
S01007533,All people aged 16 and over,471,295,183,99,13,176
S01007533,No qualifications,138,52,26,24,2,86
S01007533,Level 1,115,84,43,35,6,31
S01007533,Level 2,74,59,40,19,0,15
S01007533,Level 3,37,28,18,6,4,9
S01007533,Level 4 and above,107,72,56,15,1,35
S01007534,All people aged 16 and over,790,440,334,78,28,350
S01007534,No qualifications,293,81,66,10,5,212
S01007534,Level 1,200,142,104,25,13,58
S01007534,Level 2,100,76,64,9,3,24
S01007534,Level 3,55,40,34,5,1,15
S01007534,Level 4 and above,142,101,66,29,6,41
S01007535,All people aged 16 and over,862,487,380,72,35,375
S01007535,No qualifications,259,78,53,18,7,181
S01007535,Level 1,204,147,110,21,16,57
S01007535,Level 2,130,95,74,15,6,35
S01007535,Level 3,63,47,38,7,2,16
S01007535,Level 4 and above,206,120,105,11,4,86
S01007536,All people aged 16 and over,783,482,373,79,30,301
S01007536,No qualifications,275,95,61,26,8,180
S01007536,Level 1,198,138,107,19,12,60
S01007536,Level 2,121,101,87,10,4,20
S01007536,Level 3,73,63,45,12,6,10
S01007536,Level 4 and above,116,85,73,12,0,31
S01007537,All people aged 16 and over,906,472,367,79,26,434
S01007537,No qualifications,319,96,68,19,9,223
S01007537,Level 1,171,120,94,19,7,51
S01007537,Level 2,131,86,69,13,4,45
S01007537,Level 3,66,45,36,6,3,21
S01007537,Level 4 and above,219,125,100,22,3,94
S01007538,All people aged 16 and over,760,476,320,134,22,284
S01007538,No qualifications,210,69,40,26,3,141
S01007538,Level 1,178,131,89,29,13,47
S01007538,Level 2,104,88,58,26,4,16
S01007538,Level 3,66,47,29,17,1,19
S01007538,Level 4 and above,202,141,104,36,1,61
S01007539,All people aged 16 and over,584,289,230,48,11,295
S01007539,No qualifications,170,37,24,10,3,133
S01007539,Level 1,114,73,59,11,3,41
S01007539,Level 2,74,51,38,11,2,23
S01007539,Level 3,52,37,30,7,0,15
S01007539,Level 4 and above,174,91,79,9,3,83
S01007540,All people aged 16 and over,722,384,304,53,27,338
S01007540,No qualifications,265,75,60,13,2,190
S01007540,Level 1,192,132,100,21,11,60
S01007540,Level 2,92,66,52,8,6,26
S01007540,Level 3,54,41,35,3,3,13
S01007540,Level 4 and above,119,70,57,8,5,49
S01007541,All people aged 16 and over,672,352,288,44,20,320
S01007541,No qualifications,228,61,45,13,3,167
S01007541,Level 1,148,107,89,10,8,41
S01007541,Level 2,95,68,56,6,6,27
S01007541,Level 3,42,29,24,5,0,13
S01007541,Level 4 and above,159,87,74,10,3,72
S01007542,All people aged 16 and over,712,464,341,67,56,248
S01007542,No qualifications,231,88,56,18,14,143
S01007542,Level 1,210,157,108,26,23,53
S01007542,Level 2,100,88,70,9,9,12
S01007542,Level 3,55,39,34,3,2,16
S01007542,Level 4 and above,116,92,73,11,8,24
S01007543,All people aged 16 and over,869,562,453,64,45,307
S01007543,No qualifications,308,138,112,13,13,170
S01007543,Level 1,260,200,160,23,17,60
S01007543,Level 2,115,95,72,13,10,20
S01007543,Level 3,62,44,36,5,3,18
S01007543,Level 4 and above,124,85,73,10,2,39
S01007544,All people aged 16 and over,930,437,259,162,16,493
S01007544,No qualifications,207,60,27,29,4,147
S01007544,Level 1,159,83,52,25,6,76
S01007544,Level 2,116,71,39,30,2,45
S01007544,Level 3,72,49,33,16,0,23
S01007544,Level 4 and above,376,174,108,62,4,202
S01007545,All people aged 16 and over,682,405,258,130,17,277
S01007545,No qualifications,164,68,36,29,3,96
S01007545,Level 1,142,91,60,27,4,51
S01007545,Level 2,99,72,46,21,5,27
S01007545,Level 3,76,60,33,25,2,16
S01007545,Level 4 and above,201,114,83,28,3,87
S01007546,All people aged 16 and over,458,302,211,78,13,156
S01007546,No qualifications,129,47,28,18,1,82
S01007546,Level 1,91,70,51,15,4,21
S01007546,Level 2,66,50,33,15,2,16
S01007546,Level 3,36,29,21,6,2,7
S01007546,Level 4 and above,136,106,78,24,4,30
S01007547,All people aged 16 and over,459,317,200,105,12,142
S01007547,No qualifications,116,59,29,26,4,57
S01007547,Level 1,93,70,41,26,3,23
S01007547,Level 2,64,44,31,10,3,20
S01007547,Level 3,43,38,28,9,1,5
S01007547,Level 4 and above,143,106,71,34,1,37
S01007548,All people aged 16 and over,578,361,264,71,26,217
S01007548,No qualifications,152,56,38,11,7,96
S01007548,Level 1,133,87,61,17,9,46
S01007548,Level 2,89,68,47,15,6,21
S01007548,Level 3,55,44,36,7,1,11
S01007548,Level 4 and above,149,106,82,21,3,43
S01007549,All people aged 16 and over,519,274,179,70,25,245
S01007549,No qualifications,145,41,22,14,5,104
S01007549,Level 1,113,65,40,13,12,48
S01007549,Level 2,67,42,27,13,2,25
S01007549,Level 3,52,35,30,5,0,17
S01007549,Level 4 and above,142,91,60,25,6,51
S01007550,All people aged 16 and over,789,381,264,98,19,408
S01007550,No qualifications,232,49,35,12,2,183
S01007550,Level 1,161,110,76,24,10,51
S01007550,Level 2,91,55,35,19,1,36
S01007550,Level 3,70,35,28,5,2,35
S01007550,Level 4 and above,235,132,90,38,4,103
S01007551,All people aged 16 and over,766,462,272,171,19,304
S01007551,No qualifications,180,69,35,32,2,111
S01007551,Level 1,156,96,51,39,6,60
S01007551,Level 2,94,63,39,21,3,31
S01007551,Level 3,59,45,28,14,3,14
S01007551,Level 4 and above,277,189,119,65,5,88
S01007552,All people aged 16 and over,737,439,333,51,55,298
S01007552,No qualifications,310,120,88,11,21,190
S01007552,Level 1,222,162,131,15,16,60
S01007552,Level 2,80,61,42,12,7,19
S01007552,Level 3,55,44,31,7,6,11
S01007552,Level 4 and above,70,52,41,6,5,18
S01007553,All people aged 16 and over,709,368,290,26,52,341
S01007553,No qualifications,375,122,91,12,19,253
S01007553,Level 1,176,133,102,7,24,43
S01007553,Level 2,73,52,45,0,7,21
S01007553,Level 3,36,24,20,2,2,12
S01007553,Level 4 and above,49,37,32,5,0,12
S01007554,All people aged 16 and over,371,159,125,9,25,212
S01007554,No qualifications,210,55,45,3,7,155
S01007554,Level 1,93,61,48,3,10,32
S01007554,Level 2,28,16,13,1,2,12
S01007554,Level 3,23,16,12,0,4,7
S01007554,Level 4 and above,17,11,7,2,2,6
S01007555,All people aged 16 and over,446,259,199,40,20,187
S01007555,No qualifications,141,37,28,6,3,104
S01007555,Level 1,110,84,70,7,7,26
S01007555,Level 2,54,47,33,11,3,7
S01007555,Level 3,34,23,18,3,2,11
S01007555,Level 4 and above,107,68,50,13,5,39
S01007556,All people aged 16 and over,439,230,176,29,25,209
S01007556,No qualifications,225,65,47,8,10,160
S01007556,Level 1,109,83,67,10,6,26
S01007556,Level 2,36,29,23,3,3,7
S01007556,Level 3,22,18,14,1,3,4
S01007556,Level 4 and above,47,35,25,7,3,12
S01007557,All people aged 16 and over,899,513,426,32,55,386
S01007557,No qualifications,400,147,115,15,17,253
S01007557,Level 1,252,189,153,12,24,63
S01007557,Level 2,115,83,76,1,6,32
S01007557,Level 3,47,43,39,1,3,4
S01007557,Level 4 and above,85,51,43,3,5,34
S01007558,All people aged 16 and over,366,202,132,58,12,164
S01007558,No qualifications,114,41,27,9,5,73
S01007558,Level 1,84,54,35,15,4,30
S01007558,Level 2,47,29,20,8,1,18
S01007558,Level 3,41,27,18,9,0,14
S01007558,Level 4 and above,80,51,32,17,2,29
S01007559,All people aged 16 and over,591,411,275,111,25,180
S01007559,No qualifications,116,49,25,20,4,67
S01007559,Level 1,158,131,83,35,13,27
S01007559,Level 2,84,57,42,11,4,27
S01007559,Level 3,46,38,27,10,1,8
S01007559,Level 4 and above,187,136,98,35,3,51
S01007560,All people aged 16 and over,796,432,343,70,19,364
S01007560,No qualifications,296,85,68,16,1,211
S01007560,Level 1,169,117,91,19,7,52
S01007560,Level 2,90,65,50,8,7,25
S01007560,Level 3,51,42,32,8,2,9
S01007560,Level 4 and above,190,123,102,19,2,67
S01007561,All people aged 16 and over,640,314,243,41,30,326
S01007561,No qualifications,250,68,46,14,8,182
S01007561,Level 1,143,91,70,10,11,52
S01007561,Level 2,82,59,47,7,5,23
S01007561,Level 3,36,26,23,3,0,10
S01007561,Level 4 and above,129,70,57,7,6,59
S01007562,All people aged 16 and over,688,420,297,97,26,268
S01007562,No qualifications,160,49,30,15,4,111
S01007562,Level 1,180,125,89,24,12,55
S01007562,Level 2,110,78,58,18,2,32
S01007562,Level 3,48,35,25,7,3,13
S01007562,Level 4 and above,190,133,95,33,5,57
S01007563,All people aged 16 and over,729,422,280,116,26,307
S01007563,No qualifications,193,63,39,21,3,130
S01007563,Level 1,158,103,66,29,8,55
S01007563,Level 2,89,67,41,20,6,22
S01007563,Level 3,47,31,21,7,3,16
S01007563,Level 4 and above,242,158,113,39,6,84
S01007564,All people aged 16 and over,652,410,256,132,22,242
S01007564,No qualifications,177,73,44,25,4,104
S01007564,Level 1,136,97,54,31,12,39
S01007564,Level 2,81,52,39,11,2,29
S01007564,Level 3,62,52,32,19,1,10
S01007564,Level 4 and above,196,136,87,46,3,60
S01007565,All people aged 16 and over,794,482,362,87,33,312
S01007565,No qualifications,210,71,48,16,7,139
S01007565,Level 1,215,150,116,21,13,65
S01007565,Level 2,110,81,61,12,8,29
S01007565,Level 3,59,48,35,11,2,11
S01007565,Level 4 and above,200,132,102,27,3,68
S01007566,All people aged 16 and over,603,376,262,93,21,227
S01007566,No qualifications,162,64,40,21,3,98
S01007566,Level 1,158,120,81,29,10,38
S01007566,Level 2,88,60,43,14,3,28
S01007566,Level 3,56,41,31,9,1,15
S01007566,Level 4 and above,139,91,67,20,4,48
S01007567,All people aged 16 and over,483,338,236,86,16,145
S01007567,No qualifications,112,48,28,19,1,64
S01007567,Level 1,106,82,58,19,5,24
S01007567,Level 2,81,66,45,18,3,15
S01007567,Level 3,38,35,26,7,2,3
S01007567,Level 4 and above,146,107,79,23,5,39
S01007568,All people aged 16 and over,550,355,276,68,11,195
S01007568,No qualifications,126,49,31,18,0,77
S01007568,Level 1,122,85,65,19,1,37
S01007568,Level 2,74,48,33,11,4,26
S01007568,Level 3,52,45,37,4,4,7
S01007568,Level 4 and above,176,128,110,16,2,48
S01007569,All people aged 16 and over,698,414,321,80,13,284
S01007569,No qualifications,256,100,69,26,5,156
S01007569,Level 1,176,128,100,23,5,48
S01007569,Level 2,76,54,41,11,2,22
S01007569,Level 3,44,36,31,5,0,8
S01007569,Level 4 and above,146,96,80,15,1,50
S01007570,All people aged 16 and over,567,365,283,59,23,202
S01007570,No qualifications,133,52,39,10,3,81
S01007570,Level 1,142,94,70,12,12,48
S01007570,Level 2,76,58,46,10,2,18
S01007570,Level 3,41,32,23,7,2,9
S01007570,Level 4 and above,175,129,105,20,4,46
S01007571,All people aged 16 and over,465,303,218,73,12,162
S01007571,No qualifications,97,42,24,16,2,55
S01007571,Level 1,101,71,52,17,2,30
S01007571,Level 2,65,51,40,10,1,14
S01007571,Level 3,42,33,24,7,2,9
S01007571,Level 4 and above,160,106,78,23,5,54
S01007572,All people aged 16 and over,788,459,357,67,35,329
S01007572,No qualifications,285,77,52,17,8,208
S01007572,Level 1,199,150,114,20,16,49
S01007572,Level 2,117,81,62,15,4,36
S01007572,Level 3,46,42,35,5,2,4
S01007572,Level 4 and above,141,109,94,10,5,32
S01007573,All people aged 16 and over,646,543,490,45,8,103
S01007573,No qualifications,76,42,33,8,1,34
S01007573,Level 1,176,150,131,17,2,26
S01007573,Level 2,114,99,95,1,3,15
S01007573,Level 3,78,73,66,6,1,5
S01007573,Level 4 and above,202,179,165,13,1,23
S01007574,All people aged 16 and over,820,514,431,35,48,306
S01007574,No qualifications,346,133,102,12,19,213
S01007574,Level 1,243,189,160,10,19,54
S01007574,Level 2,96,77,65,7,5,19
S01007574,Level 3,66,57,56,1,0,9
S01007574,Level 4 and above,69,58,48,5,5,11
S01007575,All people aged 16 and over,704,393,308,30,55,311
S01007575,No qualifications,346,125,91,10,24,221
S01007575,Level 1,185,139,113,10,16,46
S01007575,Level 2,70,51,43,2,6,19
S01007575,Level 3,51,42,38,0,4,9
S01007575,Level 4 and above,52,36,23,8,5,16
S01007576,All people aged 16 and over,542,319,212,17,90,223
S01007576,No qualifications,246,103,61,5,37,143
S01007576,Level 1,173,128,84,4,40,45
S01007576,Level 2,45,33,28,1,4,12
S01007576,Level 3,43,37,29,3,5,6
S01007576,Level 4 and above,35,18,10,4,4,17
S01007577,All people aged 16 and over,527,305,235,16,54,222
S01007577,No qualifications,220,84,67,4,13,136
S01007577,Level 1,177,132,98,3,31,45
S01007577,Level 2,64,41,34,4,3,23
S01007577,Level 3,33,28,22,1,5,5
S01007577,Level 4 and above,33,20,14,4,2,13
S01007578,All people aged 16 and over,540,325,257,22,46,215
S01007578,No qualifications,244,95,75,3,17,149
S01007578,Level 1,169,127,93,12,22,42
S01007578,Level 2,59,50,43,5,2,9
S01007578,Level 3,37,31,26,1,4,6
S01007578,Level 4 and above,31,22,20,1,1,9
S01007579,All people aged 16 and over,495,329,269,13,47,166
S01007579,No qualifications,170,74,59,1,14,96
S01007579,Level 1,159,127,96,4,27,32
S01007579,Level 2,58,45,40,3,2,13
S01007579,Level 3,44,37,34,1,2,7
S01007579,Level 4 and above,64,46,40,4,2,18
S01007580,All people aged 16 and over,638,389,319,16,54,249
S01007580,No qualifications,261,107,86,3,18,154
S01007580,Level 1,232,167,128,8,31,65
S01007580,Level 2,56,49,45,1,3,7
S01007580,Level 3,45,38,34,3,1,7
S01007580,Level 4 and above,44,28,26,1,1,16
S01007581,All people aged 16 and over,392,241,197,21,23,151
S01007581,No qualifications,164,63,53,7,3,101
S01007581,Level 1,136,102,81,3,18,34
S01007581,Level 2,48,43,36,7,0,5
S01007581,Level 3,16,13,11,1,1,3
S01007581,Level 4 and above,28,20,16,3,1,8
S01007582,All people aged 16 and over,533,339,278,23,38,194
S01007582,No qualifications,214,93,77,10,6,121
S01007582,Level 1,172,125,96,6,23,47
S01007582,Level 2,63,50,41,3,6,13
S01007582,Level 3,37,32,25,4,3,5
S01007582,Level 4 and above,47,39,39,0,0,8
S01007583,All people aged 16 and over,833,493,389,30,74,340
S01007583,No qualifications,334,131,100,8,23,203
S01007583,Level 1,271,190,149,9,32,81
S01007583,Level 2,80,65,57,1,7,15
S01007583,Level 3,62,47,35,5,7,15
S01007583,Level 4 and above,86,60,48,7,5,26
S01007584,All people aged 16 and over,493,330,264,30,36,163
S01007584,No qualifications,189,87,64,11,12,102
S01007584,Level 1,155,121,100,8,13,34
S01007584,Level 2,56,48,39,2,7,8
S01007584,Level 3,36,28,25,2,1,8
S01007584,Level 4 and above,57,46,36,7,3,11
S01007585,All people aged 16 and over,811,435,367,44,24,376
S01007585,No qualifications,291,95,78,13,4,196
S01007585,Level 1,172,117,90,13,14,55
S01007585,Level 2,112,71,64,5,2,41
S01007585,Level 3,63,43,40,2,1,20
S01007585,Level 4 and above,173,109,95,11,3,64
S01007586,All people aged 16 and over,670,422,345,29,48,248
S01007586,No qualifications,217,84,64,9,11,133
S01007586,Level 1,219,158,131,6,21,61
S01007586,Level 2,97,81,69,4,8,16
S01007586,Level 3,51,38,30,2,6,13
S01007586,Level 4 and above,86,61,51,8,2,25
S01007587,All people aged 16 and over,732,353,286,39,28,379
S01007587,No qualifications,238,50,36,10,4,188
S01007587,Level 1,140,77,55,10,12,63
S01007587,Level 2,96,55,48,3,4,41
S01007587,Level 3,55,39,35,1,3,16
S01007587,Level 4 and above,203,132,112,15,5,71
S01007588,All people aged 16 and over,711,410,337,62,11,301
S01007588,No qualifications,140,33,23,9,1,107
S01007588,Level 1,140,96,78,12,6,44
S01007588,Level 2,101,68,60,7,1,33
S01007588,Level 3,53,33,25,8,0,20
S01007588,Level 4 and above,277,180,151,26,3,97
S01007589,All people aged 16 and over,679,453,376,49,28,226
S01007589,No qualifications,155,63,47,13,3,92
S01007589,Level 1,122,85,68,9,8,37
S01007589,Level 2,96,71,62,2,7,25
S01007589,Level 3,71,62,51,5,6,9
S01007589,Level 4 and above,235,172,148,20,4,63
S01007590,All people aged 16 and over,539,295,239,46,10,244
S01007590,No qualifications,106,22,18,4,0,84
S01007590,Level 1,92,48,36,10,2,44
S01007590,Level 2,85,58,49,8,1,27
S01007590,Level 3,48,37,28,7,2,11
S01007590,Level 4 and above,208,130,108,17,5,78
S01007591,All people aged 16 and over,490,336,286,32,18,154
S01007591,No qualifications,135,52,43,4,5,83
S01007591,Level 1,114,84,67,11,6,30
S01007591,Level 2,76,64,58,5,1,12
S01007591,Level 3,37,31,29,1,1,6
S01007591,Level 4 and above,128,105,89,11,5,23
S01007592,All people aged 16 and over,580,366,310,22,34,214
S01007592,No qualifications,197,76,62,6,8,121
S01007592,Level 1,150,119,99,5,15,31
S01007592,Level 2,87,67,58,4,5,20
S01007592,Level 3,41,31,26,3,2,10
S01007592,Level 4 and above,105,73,65,4,4,32
S01007593,All people aged 16 and over,922,519,427,72,20,403
S01007593,No qualifications,312,84,69,14,1,228
S01007593,Level 1,196,139,118,16,5,57
S01007593,Level 2,115,85,69,12,4,30
S01007593,Level 3,71,60,46,5,9,11
S01007593,Level 4 and above,228,151,125,25,1,77
S01007594,All people aged 16 and over,712,454,361,75,18,258
S01007594,No qualifications,246,93,69,20,4,153
S01007594,Level 1,165,125,105,15,5,40
S01007594,Level 2,92,81,70,6,5,11
S01007594,Level 3,56,43,32,10,1,13
S01007594,Level 4 and above,153,112,85,24,3,41
S01007595,All people aged 16 and over,901,588,378,191,19,313
S01007595,No qualifications,247,102,65,34,3,145
S01007595,Level 1,214,151,95,52,4,63
S01007595,Level 2,121,92,68,22,2,29
S01007595,Level 3,73,61,36,22,3,12
S01007595,Level 4 and above,246,182,114,61,7,64
S01007596,All people aged 16 and over,483,253,172,68,13,230
S01007596,No qualifications,156,45,28,13,4,111
S01007596,Level 1,113,78,59,16,3,35
S01007596,Level 2,60,42,26,13,3,18
S01007596,Level 3,27,15,11,4,0,12
S01007596,Level 4 and above,127,73,48,22,3,54
S01007597,All people aged 16 and over,529,345,259,70,16,184
S01007597,No qualifications,115,50,28,18,4,65
S01007597,Level 1,120,73,51,17,5,47
S01007597,Level 2,81,62,51,9,2,19
S01007597,Level 3,40,33,25,7,1,7
S01007597,Level 4 and above,173,127,104,19,4,46
S01007598,All people aged 16 and over,551,355,272,64,19,196
S01007598,No qualifications,140,59,39,12,8,81
S01007598,Level 1,137,100,77,17,6,37
S01007598,Level 2,78,57,47,8,2,21
S01007598,Level 3,40,30,24,6,0,10
S01007598,Level 4 and above,156,109,85,21,3,47
S01007599,All people aged 16 and over,697,457,389,42,26,240
S01007599,No qualifications,198,79,66,9,4,119
S01007599,Level 1,135,105,81,14,10,30
S01007599,Level 2,110,80,70,6,4,30
S01007599,Level 3,53,42,38,0,4,11
S01007599,Level 4 and above,201,151,134,13,4,50
S01007600,All people aged 16 and over,952,542,448,73,21,410
S01007600,No qualifications,243,66,43,18,5,177
S01007600,Level 1,168,106,83,16,7,62
S01007600,Level 2,119,86,68,13,5,33
S01007600,Level 3,71,47,39,7,1,24
S01007600,Level 4 and above,351,237,215,19,3,114
S01007601,All people aged 16 and over,526,421,371,30,20,105
S01007601,No qualifications,83,57,45,6,6,26
S01007601,Level 1,145,117,100,6,11,28
S01007601,Level 2,85,70,66,3,1,15
S01007601,Level 3,65,59,52,7,0,6
S01007601,Level 4 and above,148,118,108,8,2,30
S01007602,All people aged 16 and over,528,385,333,36,16,143
S01007602,No qualifications,102,53,45,6,2,49
S01007602,Level 1,140,102,81,12,9,38
S01007602,Level 2,84,70,66,1,3,14
S01007602,Level 3,51,40,36,3,1,11
S01007602,Level 4 and above,151,120,105,14,1,31
S01007603,All people aged 16 and over,646,504,450,36,18,142
S01007603,No qualifications,102,47,36,5,6,55
S01007603,Level 1,124,102,88,10,4,22
S01007603,Level 2,136,119,109,8,2,17
S01007603,Level 3,73,60,55,3,2,13
S01007603,Level 4 and above,211,176,162,10,4,35
S01007604,All people aged 16 and over,760,469,418,41,10,291
S01007604,No qualifications,174,46,37,9,0,128
S01007604,Level 1,171,122,110,8,4,49
S01007604,Level 2,124,91,79,9,3,33
S01007604,Level 3,78,54,49,4,1,24
S01007604,Level 4 and above,213,156,143,11,2,57
S01007605,All people aged 16 and over,713,469,425,36,8,244
S01007605,No qualifications,161,53,48,4,1,108
S01007605,Level 1,166,123,109,11,3,43
S01007605,Level 2,126,100,94,5,1,26
S01007605,Level 3,74,60,53,7,0,14
S01007605,Level 4 and above,186,133,121,9,3,53
S01007606,All people aged 16 and over,522,331,277,32,22,191
S01007606,No qualifications,117,39,30,7,2,78
S01007606,Level 1,127,97,79,11,7,30
S01007606,Level 2,75,61,52,3,6,14
S01007606,Level 3,44,32,23,4,5,12
S01007606,Level 4 and above,159,102,93,7,2,57
S01007607,All people aged 16 and over,590,403,359,30,14,187
S01007607,No qualifications,131,38,34,3,1,93
S01007607,Level 1,141,115,98,11,6,26
S01007607,Level 2,102,88,77,6,5,14
S01007607,Level 3,57,50,49,0,1,7
S01007607,Level 4 and above,159,112,101,10,1,47
S01007608,All people aged 16 and over,640,414,374,32,8,226
S01007608,No qualifications,133,37,32,5,0,96
S01007608,Level 1,166,127,106,17,4,39
S01007608,Level 2,91,74,68,5,1,17
S01007608,Level 3,61,46,44,1,1,15
S01007608,Level 4 and above,189,130,124,4,2,59
S01007609,All people aged 16 and over,738,469,401,25,43,269
S01007609,No qualifications,255,100,83,5,12,155
S01007609,Level 1,203,156,132,6,18,47
S01007609,Level 2,95,83,72,6,5,12
S01007609,Level 3,67,56,46,4,6,11
S01007609,Level 4 and above,118,74,68,4,2,44
S01007610,All people aged 16 and over,450,246,205,15,26,204
S01007610,No qualifications,181,42,37,3,2,139
S01007610,Level 1,102,75,58,5,12,27
S01007610,Level 2,54,43,39,1,3,11
S01007610,Level 3,32,27,20,2,5,5
S01007610,Level 4 and above,81,59,51,4,4,22
S01007611,All people aged 16 and over,795,433,364,24,45,362
S01007611,No qualifications,272,80,62,11,7,192
S01007611,Level 1,173,117,95,7,15,56
S01007611,Level 2,109,77,66,2,9,32
S01007611,Level 3,66,51,43,1,7,15
S01007611,Level 4 and above,175,108,98,3,7,67
S01007612,All people aged 16 and over,938,619,477,55,87,319
S01007612,No qualifications,279,104,65,10,29,175
S01007612,Level 1,230,180,132,19,29,50
S01007612,Level 2,161,135,109,10,16,26
S01007612,Level 3,89,75,64,4,7,14
S01007612,Level 4 and above,179,125,107,12,6,54
S01007613,All people aged 16 and over,662,433,311,81,41,229
S01007613,No qualifications,125,41,19,11,11,84
S01007613,Level 1,139,95,67,18,10,44
S01007613,Level 2,100,74,52,11,11,26
S01007613,Level 3,55,45,31,9,5,10
S01007613,Level 4 and above,243,178,142,32,4,65
S01007614,All people aged 16 and over,695,440,376,49,15,255
S01007614,No qualifications,99,36,28,6,2,63
S01007614,Level 1,145,89,77,11,1,56
S01007614,Level 2,95,72,64,4,4,23
S01007614,Level 3,56,36,31,4,1,20
S01007614,Level 4 and above,300,207,176,24,7,93
S01007615,All people aged 16 and over,881,569,465,67,37,312
S01007615,No qualifications,221,59,44,10,5,162
S01007615,Level 1,193,148,114,17,17,45
S01007615,Level 2,117,90,74,13,3,27
S01007615,Level 3,89,70,57,10,3,19
S01007615,Level 4 and above,261,202,176,17,9,59
S01007616,All people aged 16 and over,610,402,341,29,32,208
S01007616,No qualifications,183,73,52,7,14,110
S01007616,Level 1,155,118,104,7,7,37
S01007616,Level 2,87,72,63,7,2,15
S01007616,Level 3,70,53,44,5,4,17
S01007616,Level 4 and above,115,86,78,3,5,29
S01007617,All people aged 16 and over,441,276,226,23,27,165
S01007617,No qualifications,192,82,62,10,10,110
S01007617,Level 1,110,90,73,5,12,20
S01007617,Level 2,49,40,33,5,2,9
S01007617,Level 3,31,23,20,1,2,8
S01007617,Level 4 and above,59,41,38,2,1,18
S01007618,All people aged 16 and over,517,291,252,15,24,226
S01007618,No qualifications,250,86,74,6,6,164
S01007618,Level 1,142,113,96,6,11,29
S01007618,Level 2,41,29,27,1,1,12
S01007618,Level 3,38,30,24,1,5,8
S01007618,Level 4 and above,46,33,31,1,1,13
S01007619,All people aged 16 and over,518,325,280,18,27,193
S01007619,No qualifications,246,108,92,7,9,138
S01007619,Level 1,131,107,92,4,11,24
S01007619,Level 2,46,40,34,4,2,6
S01007619,Level 3,41,30,27,1,2,11
S01007619,Level 4 and above,54,40,35,2,3,14
S01007620,All people aged 16 and over,507,324,272,42,10,183
S01007620,No qualifications,152,61,45,14,2,91
S01007620,Level 1,145,100,81,13,6,45
S01007620,Level 2,54,47,43,4,0,7
S01007620,Level 3,50,40,35,3,2,10
S01007620,Level 4 and above,106,76,68,8,0,30
S01007621,All people aged 16 and over,558,343,297,33,13,215
S01007621,No qualifications,189,62,47,13,2,127
S01007621,Level 1,138,105,91,8,6,33
S01007621,Level 2,81,59,52,5,2,22
S01007621,Level 3,49,38,35,1,2,11
S01007621,Level 4 and above,101,79,72,6,1,22
S01007622,All people aged 16 and over,471,290,244,33,13,181
S01007622,No qualifications,177,64,52,9,3,113
S01007622,Level 1,109,77,66,8,3,32
S01007622,Level 2,64,52,44,5,3,12
S01007622,Level 3,48,40,33,5,2,8
S01007622,Level 4 and above,73,57,49,6,2,16
S01007623,All people aged 16 and over,510,333,279,40,14,177
S01007623,No qualifications,120,42,34,5,3,78
S01007623,Level 1,131,99,80,14,5,32
S01007623,Level 2,79,63,53,6,4,16
S01007623,Level 3,41,34,29,5,0,7
S01007623,Level 4 and above,139,95,83,10,2,44
S01007624,All people aged 16 and over,539,400,361,33,6,139
S01007624,No qualifications,145,65,54,10,1,80
S01007624,Level 1,141,111,100,8,3,30
S01007624,Level 2,88,76,70,5,1,12
S01007624,Level 3,56,53,51,2,0,3
S01007624,Level 4 and above,109,95,86,8,1,14
S01007625,All people aged 16 and over,431,287,251,27,9,144
S01007625,No qualifications,131,46,36,7,3,85
S01007625,Level 1,114,89,75,10,4,25
S01007625,Level 2,73,63,55,7,1,10
S01007625,Level 3,36,29,27,2,0,7
S01007625,Level 4 and above,77,60,58,1,1,17
S01007626,All people aged 16 and over,501,407,365,32,10,94
S01007626,No qualifications,105,55,48,6,1,50
S01007626,Level 1,140,122,109,12,1,18
S01007626,Level 2,89,79,73,5,1,10
S01007626,Level 3,54,52,48,0,4,2
S01007626,Level 4 and above,113,99,87,9,3,14
S01007627,All people aged 16 and over,445,304,258,38,8,141
S01007627,No qualifications,102,32,22,10,0,70
S01007627,Level 1,105,76,63,10,3,29
S01007627,Level 2,62,50,39,7,4,12
S01007627,Level 3,38,35,30,4,1,3
S01007627,Level 4 and above,138,111,104,7,0,27
S01007628,All people aged 16 and over,605,346,279,54,13,259
S01007628,No qualifications,171,47,30,14,3,124
S01007628,Level 1,112,85,66,19,0,27
S01007628,Level 2,92,62,49,6,7,30
S01007628,Level 3,62,44,39,4,1,18
S01007628,Level 4 and above,168,108,95,11,2,60
S01007629,All people aged 16 and over,578,381,287,74,20,197
S01007629,No qualifications,166,68,46,19,3,98
S01007629,Level 1,146,110,81,19,10,36
S01007629,Level 2,74,63,51,9,3,11
S01007629,Level 3,50,36,26,7,3,14
S01007629,Level 4 and above,142,104,83,20,1,38
S01007630,All people aged 16 and over,696,483,348,118,17,213
S01007630,No qualifications,164,73,42,28,3,91
S01007630,Level 1,163,128,93,29,6,35
S01007630,Level 2,126,86,56,26,4,40
S01007630,Level 3,63,55,45,10,0,8
S01007630,Level 4 and above,180,141,112,25,4,39
S01007631,All people aged 16 and over,518,325,211,103,11,193
S01007631,No qualifications,118,45,23,21,1,73
S01007631,Level 1,114,80,49,25,6,34
S01007631,Level 2,72,55,41,11,3,17
S01007631,Level 3,48,40,28,11,1,8
S01007631,Level 4 and above,166,105,70,35,0,61
S01007632,All people aged 16 and over,803,500,410,60,30,303
S01007632,No qualifications,247,93,67,21,5,154
S01007632,Level 1,201,147,123,11,13,54
S01007632,Level 2,116,93,82,7,4,23
S01007632,Level 3,67,51,38,10,3,16
S01007632,Level 4 and above,172,116,100,11,5,56
S01007633,All people aged 16 and over,822,498,399,61,38,324
S01007633,No qualifications,276,103,73,22,8,173
S01007633,Level 1,201,159,126,11,22,42
S01007633,Level 2,115,84,70,11,3,31
S01007633,Level 3,59,48,45,1,2,11
S01007633,Level 4 and above,171,104,85,16,3,67
S01007634,All people aged 16 and over,485,314,236,59,19,171
S01007634,No qualifications,151,59,31,22,6,92
S01007634,Level 1,122,88,64,13,11,34
S01007634,Level 2,63,48,39,8,1,15
S01007634,Level 3,39,31,24,7,0,8
S01007634,Level 4 and above,110,88,78,9,1,22
S01007635,All people aged 16 and over,649,276,223,45,8,373
S01007635,No qualifications,217,41,24,14,3,176
S01007635,Level 1,124,78,66,10,2,46
S01007635,Level 2,91,57,48,9,0,34
S01007635,Level 3,47,28,22,6,0,19
S01007635,Level 4 and above,170,72,63,6,3,98
S01007636,All people aged 16 and over,743,398,310,55,33,345
S01007636,No qualifications,278,75,55,17,3,203
S01007636,Level 1,181,134,100,14,20,47
S01007636,Level 2,104,73,58,8,7,31
S01007636,Level 3,47,34,30,2,2,13
S01007636,Level 4 and above,133,82,67,14,1,51
S01007637,All people aged 16 and over,703,435,352,52,31,268
S01007637,No qualifications,299,118,91,19,8,181
S01007637,Level 1,186,145,118,14,13,41
S01007637,Level 2,85,73,62,5,6,12
S01007637,Level 3,40,32,29,3,0,8
S01007637,Level 4 and above,93,67,52,11,4,26
S01007638,All people aged 16 and over,653,395,321,44,30,258
S01007638,No qualifications,222,65,45,10,10,157
S01007638,Level 1,161,129,99,19,11,32
S01007638,Level 2,89,66,57,5,4,23
S01007638,Level 3,48,41,40,0,1,7
S01007638,Level 4 and above,133,94,80,10,4,39
S01007639,All people aged 16 and over,846,564,476,39,49,282
S01007639,No qualifications,288,127,100,9,18,161
S01007639,Level 1,263,205,176,11,18,58
S01007639,Level 2,109,87,72,7,8,22
S01007639,Level 3,65,54,49,3,2,11
S01007639,Level 4 and above,121,91,79,9,3,30
S01007640,All people aged 16 and over,600,390,257,109,24,210
S01007640,No qualifications,175,71,43,22,6,104
S01007640,Level 1,138,103,64,29,10,35
S01007640,Level 2,80,64,37,24,3,16
S01007640,Level 3,52,40,27,12,1,12
S01007640,Level 4 and above,155,112,86,22,4,43
S01007641,All people aged 16 and over,679,434,319,90,25,245
S01007641,No qualifications,202,85,60,21,4,117
S01007641,Level 1,149,114,86,21,7,35
S01007641,Level 2,91,67,42,20,5,24
S01007641,Level 3,44,39,31,6,2,5
S01007641,Level 4 and above,193,129,100,22,7,64
S01007642,All people aged 16 and over,718,381,265,100,16,337
S01007642,No qualifications,200,57,31,22,4,143
S01007642,Level 1,151,87,59,26,2,64
S01007642,Level 2,102,71,53,13,5,31
S01007642,Level 3,44,31,26,3,2,13
S01007642,Level 4 and above,221,135,96,36,3,86
S01007643,All people aged 16 and over,761,463,346,85,32,298
S01007643,No qualifications,217,66,43,14,9,151
S01007643,Level 1,174,134,105,19,10,40
S01007643,Level 2,108,79,59,15,5,29
S01007643,Level 3,59,49,38,8,3,10
S01007643,Level 4 and above,203,135,101,29,5,68
S01007644,All people aged 16 and over,698,371,288,60,23,327
S01007644,No qualifications,199,78,62,10,6,121
S01007644,Level 1,185,119,95,11,13,66
S01007644,Level 2,77,52,41,8,3,25
S01007644,Level 3,50,24,20,4,0,26
S01007644,Level 4 and above,187,98,70,27,1,89
S01007645,All people aged 16 and over,449,299,182,91,26,150
S01007645,No qualifications,122,62,29,27,6,60
S01007645,Level 1,116,79,52,20,7,37
S01007645,Level 2,42,35,23,10,2,7
S01007645,Level 3,36,31,18,9,4,5
S01007645,Level 4 and above,133,92,60,25,7,41
S01007646,All people aged 16 and over,534,323,203,98,22,211
S01007646,No qualifications,133,50,27,17,6,83
S01007646,Level 1,117,86,62,18,6,31
S01007646,Level 2,96,67,39,22,6,29
S01007646,Level 3,42,32,18,13,1,10
S01007646,Level 4 and above,146,88,57,28,3,58
S01007647,All people aged 16 and over,620,360,282,56,22,260
S01007647,No qualifications,185,71,53,11,7,114
S01007647,Level 1,148,104,77,16,11,44
S01007647,Level 2,82,52,39,9,4,30
S01007647,Level 3,39,25,23,2,0,14
S01007647,Level 4 and above,166,108,90,18,0,58
S01007648,All people aged 16 and over,743,459,366,70,23,284
S01007648,No qualifications,253,88,68,15,5,165
S01007648,Level 1,193,144,113,27,4,49
S01007648,Level 2,94,80,70,7,3,14
S01007648,Level 3,55,42,33,6,3,13
S01007648,Level 4 and above,148,105,82,15,8,43
S01007649,All people aged 16 and over,620,399,318,64,17,221
S01007649,No qualifications,270,128,106,20,2,142
S01007649,Level 1,150,121,99,12,10,29
S01007649,Level 2,78,56,43,12,1,22
S01007649,Level 3,35,30,21,8,1,5
S01007649,Level 4 and above,87,64,49,12,3,23
S01007650,All people aged 16 and over,827,518,373,120,25,309
S01007650,No qualifications,297,128,81,38,9,169
S01007650,Level 1,204,148,96,46,6,56
S01007650,Level 2,102,82,67,11,4,20
S01007650,Level 3,42,36,32,3,1,6
S01007650,Level 4 and above,182,124,97,22,5,58
S01007651,All people aged 16 and over,475,329,205,108,16,146
S01007651,No qualifications,159,93,40,48,5,66
S01007651,Level 1,126,96,58,32,6,30
S01007651,Level 2,59,45,33,10,2,14
S01007651,Level 3,31,22,14,7,1,9
S01007651,Level 4 and above,100,73,60,11,2,27
S01007652,All people aged 16 and over,503,268,200,52,16,235
S01007652,No qualifications,212,63,39,18,6,149
S01007652,Level 1,127,91,71,17,3,36
S01007652,Level 2,53,39,27,9,3,14
S01007652,Level 3,35,26,23,1,2,9
S01007652,Level 4 and above,76,49,40,7,2,27
S01007653,All people aged 16 and over,758,491,345,120,26,267
S01007653,No qualifications,252,97,61,28,8,155
S01007653,Level 1,197,146,103,34,9,51
S01007653,Level 2,108,94,75,16,3,14
S01007653,Level 3,55,43,36,6,1,12
S01007653,Level 4 and above,146,111,70,36,5,35
S01007654,All people aged 16 and over,907,533,409,93,31,374
S01007654,No qualifications,355,135,103,21,11,220
S01007654,Level 1,253,179,135,32,12,74
S01007654,Level 2,116,98,79,16,3,18
S01007654,Level 3,52,38,29,7,2,14
S01007654,Level 4 and above,131,83,63,17,3,48
S01007655,All people aged 16 and over,663,425,239,166,20,238
S01007655,No qualifications,213,95,35,57,3,118
S01007655,Level 1,152,119,61,50,8,33
S01007655,Level 2,81,55,33,18,4,26
S01007655,Level 3,59,49,33,14,2,10
S01007655,Level 4 and above,158,107,77,27,3,51
S01007656,All people aged 16 and over,716,436,302,112,22,280
S01007656,No qualifications,225,87,47,35,5,138
S01007656,Level 1,183,138,89,39,10,45
S01007656,Level 2,96,61,45,14,2,35
S01007656,Level 3,59,49,36,9,4,10
S01007656,Level 4 and above,153,101,85,15,1,52
S01007657,All people aged 16 and over,360,248,184,55,9,112
S01007657,No qualifications,100,35,20,13,2,65
S01007657,Level 1,83,67,50,13,4,16
S01007657,Level 2,57,47,35,11,1,10
S01007657,Level 3,36,31,21,10,0,5
S01007657,Level 4 and above,84,68,58,8,2,16
S01007658,All people aged 16 and over,429,264,184,65,15,165
S01007658,No qualifications,115,44,26,16,2,71
S01007658,Level 1,117,80,52,21,7,37
S01007658,Level 2,45,29,21,7,1,16
S01007658,Level 3,38,32,25,6,1,6
S01007658,Level 4 and above,114,79,60,15,4,35
S01007659,All people aged 16 and over,667,388,286,79,23,279
S01007659,No qualifications,224,80,50,23,7,144
S01007659,Level 1,184,129,95,23,11,55
S01007659,Level 2,93,67,45,20,2,26
S01007659,Level 3,39,30,28,1,1,9
S01007659,Level 4 and above,127,82,68,12,2,45
S01007660,All people aged 16 and over,680,429,359,35,35,251
S01007660,No qualifications,262,110,87,12,11,152
S01007660,Level 1,217,168,141,8,19,49
S01007660,Level 2,86,66,57,8,1,20
S01007660,Level 3,38,32,27,5,0,6
S01007660,Level 4 and above,77,53,47,2,4,24
S01007661,All people aged 16 and over,564,351,278,50,23,213
S01007661,No qualifications,196,79,57,16,6,117
S01007661,Level 1,144,99,78,13,8,45
S01007661,Level 2,77,61,49,6,6,16
S01007661,Level 3,42,33,27,4,2,9
S01007661,Level 4 and above,105,79,67,11,1,26
S01007662,All people aged 16 and over,775,422,343,40,39,353
S01007662,No qualifications,316,82,52,20,10,234
S01007662,Level 1,205,150,127,6,17,55
S01007662,Level 2,86,64,56,5,3,22
S01007662,Level 3,51,38,34,2,2,13
S01007662,Level 4 and above,117,88,74,7,7,29
S01007663,All people aged 16 and over,725,415,354,43,18,310
S01007663,No qualifications,248,77,59,16,2,171
S01007663,Level 1,155,109,93,7,9,46
S01007663,Level 2,111,80,66,9,5,31
S01007663,Level 3,65,49,46,3,0,16
S01007663,Level 4 and above,146,100,90,8,2,46
S01007664,All people aged 16 and over,485,292,238,29,25,193
S01007664,No qualifications,199,71,59,7,5,128
S01007664,Level 1,144,109,90,6,13,35
S01007664,Level 2,52,41,32,7,2,11
S01007664,Level 3,41,31,26,2,3,10
S01007664,Level 4 and above,49,40,31,7,2,9
S01007665,All people aged 16 and over,502,341,296,22,23,161
S01007665,No qualifications,178,69,57,6,6,109
S01007665,Level 1,169,135,116,9,10,34
S01007665,Level 2,66,60,55,2,3,6
S01007665,Level 3,27,23,22,1,0,4
S01007665,Level 4 and above,62,54,46,4,4,8
S01007666,All people aged 16 and over,415,247,220,23,4,168
S01007666,No qualifications,135,31,28,1,2,104
S01007666,Level 1,85,62,57,5,0,23
S01007666,Level 2,65,52,43,7,2,13
S01007666,Level 3,39,32,31,1,0,7
S01007666,Level 4 and above,91,70,61,9,0,21
S01007667,All people aged 16 and over,586,390,332,46,12,196
S01007667,No qualifications,132,41,30,10,1,91
S01007667,Level 1,158,114,94,15,5,44
S01007667,Level 2,107,93,87,6,0,14
S01007667,Level 3,54,45,42,3,0,9
S01007667,Level 4 and above,135,97,79,12,6,38
S01007668,All people aged 16 and over,879,516,440,29,47,363
S01007668,No qualifications,426,150,124,7,19,276
S01007668,Level 1,226,188,163,9,16,38
S01007668,Level 2,88,79,66,5,8,9
S01007668,Level 3,50,41,37,2,2,9
S01007668,Level 4 and above,89,58,50,6,2,31
S01007669,All people aged 16 and over,480,307,238,22,47,173
S01007669,No qualifications,224,102,71,9,22,122
S01007669,Level 1,142,119,99,10,10,23
S01007669,Level 2,38,27,20,0,7,11
S01007669,Level 3,30,24,19,1,4,6
S01007669,Level 4 and above,46,35,29,2,4,11
S01007670,All people aged 16 and over,539,355,283,19,53,184
S01007670,No qualifications,195,89,63,5,21,106
S01007670,Level 1,162,138,112,4,22,24
S01007670,Level 2,66,52,43,3,6,14
S01007670,Level 3,40,27,23,1,3,13
S01007670,Level 4 and above,76,49,42,6,1,27
S01007671,All people aged 16 and over,623,397,305,88,4,226
S01007671,No qualifications,201,71,43,27,1,130
S01007671,Level 1,127,96,68,26,2,31
S01007671,Level 2,81,65,52,13,0,16
S01007671,Level 3,58,49,43,6,0,9
S01007671,Level 4 and above,156,116,99,16,1,40
S01007672,All people aged 16 and over,770,398,325,61,12,372
S01007672,No qualifications,197,42,31,9,2,155
S01007672,Level 1,167,114,96,11,7,53
S01007672,Level 2,91,59,50,8,1,32
S01007672,Level 3,72,48,42,5,1,24
S01007672,Level 4 and above,243,135,106,28,1,108
S01007673,All people aged 16 and over,586,405,342,54,9,181
S01007673,No qualifications,197,92,73,17,2,105
S01007673,Level 1,177,133,113,16,4,44
S01007673,Level 2,86,77,69,6,2,9
S01007673,Level 3,36,29,25,4,0,7
S01007673,Level 4 and above,90,74,62,11,1,16
S01007674,All people aged 16 and over,665,399,334,24,41,266
S01007674,No qualifications,303,133,106,8,19,170
S01007674,Level 1,198,139,117,5,17,59
S01007674,Level 2,77,62,54,5,3,15
S01007674,Level 3,35,22,22,0,0,13
S01007674,Level 4 and above,52,43,35,6,2,9
S01007675,All people aged 16 and over,525,331,264,49,18,194
S01007675,No qualifications,157,63,50,11,2,94
S01007675,Level 1,140,104,79,17,8,36
S01007675,Level 2,79,69,54,11,4,10
S01007675,Level 3,46,31,27,4,0,15
S01007675,Level 4 and above,103,64,54,6,4,39
S01007676,All people aged 16 and over,573,401,277,112,12,172
S01007676,No qualifications,197,85,45,37,3,112
S01007676,Level 1,148,125,89,29,7,23
S01007676,Level 2,81,72,52,18,2,9
S01007676,Level 3,42,38,26,12,0,4
S01007676,Level 4 and above,105,81,65,16,0,24
S01007677,All people aged 16 and over,412,258,220,32,6,154
S01007677,No qualifications,119,31,21,9,1,88
S01007677,Level 1,139,108,95,10,3,31
S01007677,Level 2,61,52,45,6,1,9
S01007677,Level 3,29,26,23,3,0,3
S01007677,Level 4 and above,64,41,36,4,1,23
S01007678,All people aged 16 and over,668,373,315,33,25,295
S01007678,No qualifications,335,124,105,4,15,211
S01007678,Level 1,167,118,97,17,4,49
S01007678,Level 2,75,65,59,1,5,10
S01007678,Level 3,21,17,15,2,0,4
S01007678,Level 4 and above,70,49,39,9,1,21
S01007679,All people aged 16 and over,683,353,285,29,39,330
S01007679,No qualifications,310,105,82,8,15,205
S01007679,Level 1,185,127,100,10,17,58
S01007679,Level 2,69,52,45,4,3,17
S01007679,Level 3,33,24,19,4,1,9
S01007679,Level 4 and above,86,45,39,3,3,41
S01007680,All people aged 16 and over,783,522,438,65,19,261
S01007680,No qualifications,252,102,86,13,3,150
S01007680,Level 1,254,214,175,28,11,40
S01007680,Level 2,79,61,51,8,2,18
S01007680,Level 3,49,37,28,7,2,12
S01007680,Level 4 and above,149,108,98,9,1,41
S01007681,All people aged 16 and over,365,230,185,33,12,135
S01007681,No qualifications,192,83,63,17,3,109
S01007681,Level 1,67,63,51,7,5,4
S01007681,Level 2,36,29,24,2,3,7
S01007681,Level 3,15,10,9,1,0,5
S01007681,Level 4 and above,55,45,38,6,1,10
S01007682,All people aged 16 and over,766,478,375,76,27,288
S01007682,No qualifications,98,31,23,5,3,67
S01007682,Level 1,111,69,42,17,10,42
S01007682,Level 2,111,72,59,10,3,39
S01007682,Level 3,67,53,47,4,2,14
S01007682,Level 4 and above,379,253,204,40,9,126
S01007683,All people aged 16 and over,584,357,291,41,25,227
S01007683,No qualifications,66,22,13,7,2,44
S01007683,Level 1,83,54,34,7,13,29
S01007683,Level 2,101,56,50,3,3,45
S01007683,Level 3,58,43,33,7,3,15
S01007683,Level 4 and above,276,182,161,17,4,94
S01007684,All people aged 16 and over,694,369,310,43,16,325
S01007684,No qualifications,82,11,9,2,0,71
S01007684,Level 1,98,42,35,3,4,56
S01007684,Level 2,108,53,45,4,4,55
S01007684,Level 3,59,49,38,7,4,10
S01007684,Level 4 and above,347,214,183,27,4,133
S01007685,All people aged 16 and over,801,440,304,69,67,361
S01007685,No qualifications,35,13,7,5,1,22
S01007685,Level 1,95,41,31,6,4,54
S01007685,Level 2,245,98,59,6,33,147
S01007685,Level 3,54,34,19,4,11,20
S01007685,Level 4 and above,372,254,188,48,18,118
S01007686,All people aged 16 and over,591,344,297,37,10,247
S01007686,No qualifications,65,13,9,3,1,52
S01007686,Level 1,86,42,33,7,2,44
S01007686,Level 2,90,42,35,3,4,48
S01007686,Level 3,48,35,31,4,0,13
S01007686,Level 4 and above,302,212,189,20,3,90
S01007687,All people aged 16 and over,776,461,381,45,35,315
S01007687,No qualifications,53,13,7,4,2,40
S01007687,Level 1,90,45,34,7,4,45
S01007687,Level 2,197,100,82,4,14,97
S01007687,Level 3,59,43,33,8,2,16
S01007687,Level 4 and above,377,260,225,22,13,117
S01007688,All people aged 16 and over,930,557,455,44,58,373
S01007688,No qualifications,62,19,15,3,1,43
S01007688,Level 1,90,57,42,8,7,33
S01007688,Level 2,230,96,73,4,19,134
S01007688,Level 3,110,79,68,5,6,31
S01007688,Level 4 and above,438,306,257,24,25,132
S01007689,All people aged 16 and over,559,328,261,34,33,231
S01007689,No qualifications,88,14,12,2,0,74
S01007689,Level 1,42,21,14,3,4,21
S01007689,Level 2,116,68,55,4,9,48
S01007689,Level 3,54,33,26,4,3,21
S01007689,Level 4 and above,259,192,154,21,17,67
S01007690,All people aged 16 and over,822,399,331,31,37,423
S01007690,No qualifications,94,16,14,1,1,78
S01007690,Level 1,64,34,21,5,8,30
S01007690,Level 2,274,117,100,5,12,157
S01007690,Level 3,75,52,43,3,6,23
S01007690,Level 4 and above,315,180,153,17,10,135
S01007691,All people aged 16 and over,2819,1118,701,41,376,1701
S01007691,No qualifications,143,45,20,5,20,98
S01007691,Level 1,256,97,50,4,43,159
S01007691,Level 2,1394,508,312,5,191,886
S01007691,Level 3,263,129,92,4,33,134
S01007691,Level 4 and above,763,339,227,23,89,424
S01007692,All people aged 16 and over,865,441,346,31,64,424
S01007692,No qualifications,63,16,14,0,2,47
S01007692,Level 1,88,57,38,8,11,31
S01007692,Level 2,305,102,76,2,24,203
S01007692,Level 3,84,58,48,1,9,26
S01007692,Level 4 and above,325,208,170,20,18,117
S01007693,All people aged 16 and over,931,387,274,19,94,544
S01007693,No qualifications,66,35,20,2,13,31
S01007693,Level 1,105,42,28,3,11,63
S01007693,Level 2,475,147,98,3,46,328
S01007693,Level 3,81,51,35,2,14,30
S01007693,Level 4 and above,204,112,93,9,10,92
S01007694,All people aged 16 and over,1011,502,406,28,68,509
S01007694,No qualifications,151,41,26,5,10,110
S01007694,Level 1,124,62,52,5,5,62
S01007694,Level 2,353,143,106,7,30,210
S01007694,Level 3,103,74,64,3,7,29
S01007694,Level 4 and above,280,182,158,8,16,98
S01007695,All people aged 16 and over,894,461,372,35,54,433
S01007695,No qualifications,217,34,26,4,4,183
S01007695,Level 1,106,60,46,6,8,46
S01007695,Level 2,134,67,50,5,12,67
S01007695,Level 3,69,41,34,3,4,28
S01007695,Level 4 and above,368,259,216,17,26,109
S01007696,All people aged 16 and over,719,340,253,18,69,379
S01007696,No qualifications,128,38,24,6,8,90
S01007696,Level 1,93,56,33,3,20,37
S01007696,Level 2,219,81,61,1,19,138
S01007696,Level 3,75,47,36,0,11,28
S01007696,Level 4 and above,204,118,99,8,11,86
S01007697,All people aged 16 and over,886,461,389,34,38,425
S01007697,No qualifications,224,30,20,5,5,194
S01007697,Level 1,123,77,64,5,8,46
S01007697,Level 2,124,71,57,6,8,53
S01007697,Level 3,82,51,42,3,6,31
S01007697,Level 4 and above,333,232,206,15,11,101
S01007698,All people aged 16 and over,984,615,489,40,86,369
S01007698,No qualifications,144,51,33,8,10,93
S01007698,Level 1,137,94,67,9,18,43
S01007698,Level 2,220,109,92,2,15,111
S01007698,Level 3,121,88,65,6,17,33
S01007698,Level 4 and above,362,273,232,15,26,89
S01007699,All people aged 16 and over,691,427,349,23,55,264
S01007699,No qualifications,118,46,30,4,12,72
S01007699,Level 1,119,70,53,5,12,49
S01007699,Level 2,120,81,64,1,16,39
S01007699,Level 3,80,59,55,1,3,21
S01007699,Level 4 and above,254,171,147,12,12,83
S01007700,All people aged 16 and over,858,557,453,62,42,301
S01007700,No qualifications,110,26,15,6,5,84
S01007700,Level 1,130,79,60,7,12,51
S01007700,Level 2,132,91,80,6,5,41
S01007700,Level 3,77,62,47,8,7,15
S01007700,Level 4 and above,409,299,251,35,13,110
S01007701,All people aged 16 and over,492,258,189,7,62,234
S01007701,No qualifications,135,47,30,2,15,88
S01007701,Level 1,91,49,32,0,17,42
S01007701,Level 2,85,44,32,0,12,41
S01007701,Level 3,44,27,16,1,10,17
S01007701,Level 4 and above,137,91,79,4,8,46
S01007702,All people aged 16 and over,963,508,329,32,147,455
S01007702,No qualifications,39,15,9,5,1,24
S01007702,Level 1,85,45,25,1,19,40
S01007702,Level 2,412,209,113,4,92,203
S01007702,Level 3,127,70,45,4,21,57
S01007702,Level 4 and above,300,169,137,18,14,131
S01007703,All people aged 16 and over,696,405,330,38,37,291
S01007703,No qualifications,151,36,32,2,2,115
S01007703,Level 1,127,80,64,6,10,47
S01007703,Level 2,117,72,51,10,11,45
S01007703,Level 3,75,64,57,4,3,11
S01007703,Level 4 and above,226,153,126,16,11,73
S01007704,All people aged 16 and over,799,438,285,23,130,361
S01007704,No qualifications,255,79,42,1,36,176
S01007704,Level 1,161,103,59,3,41,58
S01007704,Level 2,128,75,50,3,22,53
S01007704,Level 3,80,53,37,6,10,27
S01007704,Level 4 and above,175,128,97,10,21,47
S01007705,All people aged 16 and over,735,389,277,15,97,346
S01007705,No qualifications,36,21,11,0,10,15
S01007705,Level 1,86,47,30,1,16,39
S01007705,Level 2,256,125,82,6,37,131
S01007705,Level 3,96,59,41,1,17,37
S01007705,Level 4 and above,261,137,113,7,17,124
S01007706,All people aged 16 and over,757,396,315,13,68,361
S01007706,No qualifications,29,9,4,0,5,20
S01007706,Level 1,61,35,27,0,8,26
S01007706,Level 2,296,143,112,5,26,153
S01007706,Level 3,105,68,53,3,12,37
S01007706,Level 4 and above,266,141,119,5,17,125
S01007707,All people aged 16 and over,766,506,433,38,35,260
S01007707,No qualifications,36,17,11,3,3,19
S01007707,Level 1,70,55,46,4,5,15
S01007707,Level 2,152,70,56,6,8,82
S01007707,Level 3,82,58,45,8,5,24
S01007707,Level 4 and above,426,306,275,17,14,120
S01007708,All people aged 16 and over,550,368,294,27,47,182
S01007708,No qualifications,135,47,32,6,9,88
S01007708,Level 1,113,76,62,4,10,37
S01007708,Level 2,83,66,51,3,12,17
S01007708,Level 3,71,56,43,3,10,15
S01007708,Level 4 and above,148,123,106,11,6,25
S01007709,All people aged 16 and over,530,292,226,14,52,238
S01007709,No qualifications,156,47,26,4,17,109
S01007709,Level 1,106,58,42,3,13,48
S01007709,Level 2,71,39,32,2,5,32
S01007709,Level 3,63,47,36,1,10,16
S01007709,Level 4 and above,134,101,90,4,7,33
S01007710,All people aged 16 and over,741,451,362,24,65,290
S01007710,No qualifications,111,40,35,1,4,71
S01007710,Level 1,123,77,63,3,11,46
S01007710,Level 2,137,82,66,2,14,55
S01007710,Level 3,110,82,69,3,10,28
S01007710,Level 4 and above,260,170,129,15,26,90
S01007711,All people aged 16 and over,980,535,432,20,83,445
S01007711,No qualifications,240,70,58,6,6,170
S01007711,Level 1,157,101,79,4,18,56
S01007711,Level 2,232,144,111,3,30,88
S01007711,Level 3,102,77,62,2,13,25
S01007711,Level 4 and above,249,143,122,5,16,106
S01007712,All people aged 16 and over,631,371,297,23,51,260
S01007712,No qualifications,89,21,15,2,4,68
S01007712,Level 1,77,44,32,3,9,33
S01007712,Level 2,130,64,45,7,12,66
S01007712,Level 3,78,55,45,2,8,23
S01007712,Level 4 and above,257,187,160,9,18,70
S01007713,All people aged 16 and over,417,249,185,29,35,168
S01007713,No qualifications,111,35,24,4,7,76
S01007713,Level 1,93,64,45,8,11,29
S01007713,Level 2,65,43,31,6,6,22
S01007713,Level 3,46,35,27,5,3,11
S01007713,Level 4 and above,102,72,58,6,8,30
S01007714,All people aged 16 and over,547,376,327,15,34,171
S01007714,No qualifications,144,58,46,3,9,86
S01007714,Level 1,151,124,105,6,13,27
S01007714,Level 2,76,55,50,1,4,21
S01007714,Level 3,66,55,50,0,5,11
S01007714,Level 4 and above,110,84,76,5,3,26
S01007715,All people aged 16 and over,434,250,196,11,43,184
S01007715,No qualifications,121,40,27,1,12,81
S01007715,Level 1,96,56,41,2,13,40
S01007715,Level 2,52,35,24,2,9,17
S01007715,Level 3,50,44,37,4,3,6
S01007715,Level 4 and above,115,75,67,2,6,40
S01007716,All people aged 16 and over,943,472,347,39,86,471
S01007716,No qualifications,343,63,43,3,17,280
S01007716,Level 1,171,108,79,6,23,63
S01007716,Level 2,111,78,60,4,14,33
S01007716,Level 3,83,67,50,8,9,16
S01007716,Level 4 and above,235,156,115,18,23,79
S01007717,All people aged 16 and over,840,470,345,38,87,370
S01007717,No qualifications,276,93,62,11,20,183
S01007717,Level 1,217,149,99,10,40,68
S01007717,Level 2,77,47,38,3,6,30
S01007717,Level 3,83,64,49,5,10,19
S01007717,Level 4 and above,187,117,97,9,11,70
S01007718,All people aged 16 and over,633,330,262,22,46,303
S01007718,No qualifications,241,59,40,6,13,182
S01007718,Level 1,126,81,65,4,12,45
S01007718,Level 2,66,52,43,4,5,14
S01007718,Level 3,65,49,40,4,5,16
S01007718,Level 4 and above,135,89,74,4,11,46
S01007719,All people aged 16 and over,880,491,402,28,61,389
S01007719,No qualifications,352,91,67,5,19,261
S01007719,Level 1,191,126,98,12,16,65
S01007719,Level 2,85,59,53,1,5,26
S01007719,Level 3,89,73,58,5,10,16
S01007719,Level 4 and above,163,142,126,5,11,21
S01007720,All people aged 16 and over,647,296,241,24,31,351
S01007720,No qualifications,278,59,43,6,10,219
S01007720,Level 1,143,67,52,6,9,76
S01007720,Level 2,62,49,40,3,6,13
S01007720,Level 3,62,46,41,3,2,16
S01007720,Level 4 and above,102,75,65,6,4,27
S01007721,All people aged 16 and over,646,389,315,32,42,257
S01007721,No qualifications,222,70,49,6,15,152
S01007721,Level 1,145,103,79,11,13,42
S01007721,Level 2,89,70,59,5,6,19
S01007721,Level 3,74,52,45,3,4,22
S01007721,Level 4 and above,116,94,83,7,4,22
S01007722,All people aged 16 and over,733,390,307,25,58,343
S01007722,No qualifications,312,83,62,8,13,229
S01007722,Level 1,182,114,82,7,25,68
S01007722,Level 2,74,57,47,1,9,17
S01007722,Level 3,52,39,30,4,5,13
S01007722,Level 4 and above,113,97,86,5,6,16
S01007723,All people aged 16 and over,851,396,331,16,49,455
S01007723,No qualifications,389,87,77,2,8,302
S01007723,Level 1,181,104,83,4,17,77
S01007723,Level 2,69,49,40,1,8,20
S01007723,Level 3,81,57,45,1,11,24
S01007723,Level 4 and above,131,99,86,8,5,32
S01007724,All people aged 16 and over,528,353,276,15,62,175
S01007724,No qualifications,140,71,56,1,14,69
S01007724,Level 1,128,86,62,4,20,42
S01007724,Level 2,70,53,41,2,10,17
S01007724,Level 3,68,57,45,3,9,11
S01007724,Level 4 and above,122,86,72,5,9,36
S01007725,All people aged 16 and over,690,416,325,21,70,274
S01007725,No qualifications,235,75,54,3,18,160
S01007725,Level 1,201,135,100,7,28,66
S01007725,Level 2,72,61,45,5,11,11
S01007725,Level 3,75,61,49,4,8,14
S01007725,Level 4 and above,107,84,77,2,5,23
S01007726,All people aged 16 and over,677,421,330,22,69,256
S01007726,No qualifications,195,59,43,3,13,136
S01007726,Level 1,143,101,70,2,29,42
S01007726,Level 2,90,71,62,2,7,19
S01007726,Level 3,85,64,51,5,8,21
S01007726,Level 4 and above,164,126,104,10,12,38
S01007727,All people aged 16 and over,876,507,372,41,94,369
S01007727,No qualifications,243,77,51,5,21,166
S01007727,Level 1,192,133,82,17,34,59
S01007727,Level 2,127,65,51,0,14,62
S01007727,Level 3,101,74,60,4,10,27
S01007727,Level 4 and above,213,158,128,15,15,55
S01007728,All people aged 16 and over,684,437,322,27,88,247
S01007728,No qualifications,143,81,59,9,13,62
S01007728,Level 1,160,91,59,4,28,69
S01007728,Level 2,102,76,57,2,17,26
S01007728,Level 3,80,54,40,3,11,26
S01007728,Level 4 and above,199,135,107,9,19,64
S01007729,All people aged 16 and over,664,470,362,29,79,194
S01007729,No qualifications,129,66,44,2,20,63
S01007729,Level 1,150,112,81,6,25,38
S01007729,Level 2,102,73,58,6,9,29
S01007729,Level 3,82,67,53,3,11,15
S01007729,Level 4 and above,201,152,126,12,14,49
S01007730,All people aged 16 and over,674,494,410,33,51,180
S01007730,No qualifications,125,59,48,2,9,66
S01007730,Level 1,112,90,75,6,9,22
S01007730,Level 2,110,72,62,7,3,38
S01007730,Level 3,99,82,65,5,12,17
S01007730,Level 4 and above,228,191,160,13,18,37
S01007731,All people aged 16 and over,615,472,407,26,39,143
S01007731,No qualifications,104,46,37,1,8,58
S01007731,Level 1,157,110,86,9,15,47
S01007731,Level 2,96,87,76,3,8,9
S01007731,Level 3,77,61,53,4,4,16
S01007731,Level 4 and above,181,168,155,9,4,13
S01007732,All people aged 16 and over,594,400,319,21,60,194
S01007732,No qualifications,129,47,33,6,8,82
S01007732,Level 1,109,72,56,2,14,37
S01007732,Level 2,95,62,50,1,11,33
S01007732,Level 3,81,65,50,4,11,16
S01007732,Level 4 and above,180,154,130,8,16,26
S01007733,All people aged 16 and over,685,479,389,59,31,206
S01007733,No qualifications,95,32,21,9,2,63
S01007733,Level 1,139,93,69,13,11,46
S01007733,Level 2,104,69,57,6,6,35
S01007733,Level 3,69,59,44,10,5,10
S01007733,Level 4 and above,278,226,198,21,7,52
S01007734,All people aged 16 and over,725,440,341,70,29,285
S01007734,No qualifications,142,48,29,12,7,94
S01007734,Level 1,151,94,66,16,12,57
S01007734,Level 2,111,74,66,6,2,37
S01007734,Level 3,85,68,52,13,3,17
S01007734,Level 4 and above,236,156,128,23,5,80
S01007735,All people aged 16 and over,716,452,375,49,28,264
S01007735,No qualifications,144,49,31,10,8,95
S01007735,Level 1,172,118,93,12,13,54
S01007735,Level 2,96,68,59,7,2,28
S01007735,Level 3,79,58,52,3,3,21
S01007735,Level 4 and above,225,159,140,17,2,66
S01007736,All people aged 16 and over,618,413,338,59,16,205
S01007736,No qualifications,146,40,29,9,2,106
S01007736,Level 1,148,111,86,18,7,37
S01007736,Level 2,74,60,52,4,4,14
S01007736,Level 3,66,57,48,8,1,9
S01007736,Level 4 and above,184,145,123,20,2,39
S01007737,All people aged 16 and over,887,525,422,56,47,362
S01007737,No qualifications,248,63,45,8,10,185
S01007737,Level 1,211,137,107,15,15,74
S01007737,Level 2,113,79,67,5,7,34
S01007737,Level 3,100,76,61,10,5,24
S01007737,Level 4 and above,215,170,142,18,10,45
S01007738,All people aged 16 and over,626,343,286,22,35,283
S01007738,No qualifications,191,42,34,5,3,149
S01007738,Level 1,160,105,80,10,15,55
S01007738,Level 2,73,49,38,1,10,24
S01007738,Level 3,51,38,32,2,4,13
S01007738,Level 4 and above,151,109,102,4,3,42
S01007739,All people aged 16 and over,541,237,198,18,21,304
S01007739,No qualifications,223,34,22,7,5,189
S01007739,Level 1,131,75,61,6,8,56
S01007739,Level 2,59,39,30,2,7,20
S01007739,Level 3,46,33,31,1,1,13
S01007739,Level 4 and above,82,56,54,2,0,26
S01007740,All people aged 16 and over,497,270,238,20,12,227
S01007740,No qualifications,126,27,20,4,3,99
S01007740,Level 1,133,85,71,10,4,48
S01007740,Level 2,70,44,39,3,2,26
S01007740,Level 3,47,40,40,0,0,7
S01007740,Level 4 and above,121,74,68,3,3,47
S01007741,All people aged 16 and over,658,308,253,21,34,350
S01007741,No qualifications,253,35,26,4,5,218
S01007741,Level 1,134,75,58,7,10,59
S01007741,Level 2,82,65,53,3,9,17
S01007741,Level 3,78,54,45,2,7,24
S01007741,Level 4 and above,111,79,71,5,3,32
S01007742,All people aged 16 and over,552,292,249,24,19,260
S01007742,No qualifications,153,39,31,5,3,114
S01007742,Level 1,149,84,71,5,8,65
S01007742,Level 2,73,42,35,4,3,31
S01007742,Level 3,54,42,39,2,1,12
S01007742,Level 4 and above,123,85,73,8,4,38
S01007743,All people aged 16 and over,724,463,375,32,56,261
S01007743,No qualifications,232,88,66,6,16,144
S01007743,Level 1,224,154,113,11,30,70
S01007743,Level 2,90,75,64,5,6,15
S01007743,Level 3,69,60,58,1,1,9
S01007743,Level 4 and above,109,86,74,9,3,23
S01007744,All people aged 16 and over,617,318,251,14,53,299
S01007744,No qualifications,283,88,61,8,19,195
S01007744,Level 1,180,106,82,1,23,74
S01007744,Level 2,62,45,37,3,5,17
S01007744,Level 3,41,38,32,1,5,3
S01007744,Level 4 and above,51,41,39,1,1,10
S01007745,All people aged 16 and over,583,349,287,25,37,234
S01007745,No qualifications,222,78,48,11,19,144
S01007745,Level 1,178,132,114,6,12,46
S01007745,Level 2,62,51,47,2,2,11
S01007745,Level 3,48,33,29,2,2,15
S01007745,Level 4 and above,73,55,49,4,2,18
S01007746,All people aged 16 and over,720,467,367,28,72,253
S01007746,No qualifications,296,126,97,8,21,170
S01007746,Level 1,245,187,140,8,39,58
S01007746,Level 2,72,63,55,4,4,9
S01007746,Level 3,45,38,33,3,2,7
S01007746,Level 4 and above,62,53,42,5,6,9
S01007747,All people aged 16 and over,417,254,194,15,45,163
S01007747,No qualifications,154,61,41,6,14,93
S01007747,Level 1,150,105,83,2,20,45
S01007747,Level 2,38,31,23,3,5,7
S01007747,Level 3,29,20,16,3,1,9
S01007747,Level 4 and above,46,37,31,1,5,9
S01007748,All people aged 16 and over,543,318,242,17,59,225
S01007748,No qualifications,231,87,61,5,21,144
S01007748,Level 1,156,104,68,6,30,52
S01007748,Level 2,52,44,41,2,1,8
S01007748,Level 3,47,39,36,3,0,8
S01007748,Level 4 and above,57,44,36,1,7,13
S01007749,All people aged 16 and over,583,355,306,31,18,228
S01007749,No qualifications,134,44,37,4,3,90
S01007749,Level 1,149,91,75,9,7,58
S01007749,Level 2,102,79,66,9,4,23
S01007749,Level 3,61,44,40,3,1,17
S01007749,Level 4 and above,137,97,88,6,3,40
S01007750,All people aged 16 and over,720,365,306,46,13,355
S01007750,No qualifications,130,31,26,5,0,99
S01007750,Level 1,135,68,51,11,6,67
S01007750,Level 2,116,81,64,12,5,35
S01007750,Level 3,74,43,38,5,0,31
S01007750,Level 4 and above,265,142,127,13,2,123
S01007751,All people aged 16 and over,676,294,225,58,11,382
S01007751,No qualifications,143,23,15,8,0,120
S01007751,Level 1,108,42,33,6,3,66
S01007751,Level 2,91,46,38,7,1,45
S01007751,Level 3,60,44,38,5,1,16
S01007751,Level 4 and above,274,139,101,32,6,135
S01007752,All people aged 16 and over,658,282,227,42,13,376
S01007752,No qualifications,186,19,15,2,2,167
S01007752,Level 1,105,41,35,4,2,64
S01007752,Level 2,81,43,40,1,2,38
S01007752,Level 3,50,34,27,4,3,16
S01007752,Level 4 and above,236,145,110,31,4,91
S01007753,All people aged 16 and over,416,251,208,16,27,165
S01007753,No qualifications,156,65,54,5,6,91
S01007753,Level 1,133,91,74,5,12,42
S01007753,Level 2,48,38,28,5,5,10
S01007753,Level 3,39,28,25,1,2,11
S01007753,Level 4 and above,40,29,27,0,2,11
S01007754,All people aged 16 and over,690,376,287,20,69,314
S01007754,No qualifications,324,117,84,5,28,207
S01007754,Level 1,181,123,86,8,29,58
S01007754,Level 2,66,48,41,2,5,18
S01007754,Level 3,60,44,36,3,5,16
S01007754,Level 4 and above,59,44,40,2,2,15
S01007755,All people aged 16 and over,676,345,270,16,59,331
S01007755,No qualifications,319,91,70,7,14,228
S01007755,Level 1,186,123,93,3,27,63
S01007755,Level 2,66,49,43,1,5,17
S01007755,Level 3,53,43,34,1,8,10
S01007755,Level 4 and above,52,39,30,4,5,13
S01007756,All people aged 16 and over,481,261,210,18,33,220
S01007756,No qualifications,209,65,51,5,9,144
S01007756,Level 1,150,106,80,6,20,44
S01007756,Level 2,41,28,23,4,1,13
S01007756,Level 3,31,25,22,1,2,6
S01007756,Level 4 and above,50,37,34,2,1,13
S01007757,All people aged 16 and over,718,361,300,48,13,357
S01007757,No qualifications,109,23,15,6,2,86
S01007757,Level 1,183,91,69,18,4,92
S01007757,Level 2,85,46,40,5,1,39
S01007757,Level 3,92,55,49,3,3,37
S01007757,Level 4 and above,249,146,127,16,3,103
S01007758,All people aged 16 and over,791,372,296,64,12,419
S01007758,No qualifications,134,17,11,5,1,117
S01007758,Level 1,146,65,49,11,5,81
S01007758,Level 2,115,67,55,10,2,48
S01007758,Level 3,72,44,37,6,1,28
S01007758,Level 4 and above,324,179,144,32,3,145
S01007759,All people aged 16 and over,869,494,406,48,40,375
S01007759,No qualifications,246,60,44,7,9,186
S01007759,Level 1,157,98,75,10,13,59
S01007759,Level 2,104,76,62,10,4,28
S01007759,Level 3,89,70,58,9,3,19
S01007759,Level 4 and above,273,190,167,12,11,83
S01007760,All people aged 16 and over,518,258,205,48,5,260
S01007760,No qualifications,81,13,7,6,0,68
S01007760,Level 1,79,31,25,5,1,48
S01007760,Level 2,65,34,28,4,2,31
S01007760,Level 3,42,26,17,8,1,16
S01007760,Level 4 and above,251,154,128,25,1,97
S01007761,All people aged 16 and over,727,464,370,76,18,263
S01007761,No qualifications,84,26,18,6,2,58
S01007761,Level 1,104,51,42,5,4,53
S01007761,Level 2,100,66,52,10,4,34
S01007761,Level 3,69,57,46,10,1,12
S01007761,Level 4 and above,370,264,212,45,7,106
S01007762,All people aged 16 and over,729,398,336,36,26,331
S01007762,No qualifications,172,42,29,10,3,130
S01007762,Level 1,138,69,60,7,2,69
S01007762,Level 2,82,53,44,5,4,29
S01007762,Level 3,69,55,49,3,3,14
S01007762,Level 4 and above,268,179,154,11,14,89
S01007763,All people aged 16 and over,483,193,158,21,14,290
S01007763,No qualifications,207,29,23,5,1,178
S01007763,Level 1,106,51,39,5,7,55
S01007763,Level 2,48,32,28,3,1,16
S01007763,Level 3,47,31,25,4,2,16
S01007763,Level 4 and above,75,50,43,4,3,25
S01007764,All people aged 16 and over,634,431,363,53,15,203
S01007764,No qualifications,63,23,15,7,1,40
S01007764,Level 1,142,103,84,13,6,39
S01007764,Level 2,121,86,73,7,6,35
S01007764,Level 3,74,60,49,10,1,14
S01007764,Level 4 and above,234,159,142,16,1,75
S01007765,All people aged 16 and over,568,308,271,24,13,260
S01007765,No qualifications,79,19,17,2,0,60
S01007765,Level 1,128,61,48,8,5,67
S01007765,Level 2,90,59,52,4,3,31
S01007765,Level 3,70,49,41,5,3,21
S01007765,Level 4 and above,201,120,113,5,2,81
S01007766,All people aged 16 and over,777,436,379,36,21,341
S01007766,No qualifications,97,26,22,4,0,71
S01007766,Level 1,181,100,79,12,9,81
S01007766,Level 2,125,77,72,1,4,48
S01007766,Level 3,92,63,58,2,3,29
S01007766,Level 4 and above,282,170,148,17,5,112
S01007767,All people aged 16 and over,762,446,379,56,11,316
S01007767,No qualifications,126,31,22,7,2,95
S01007767,Level 1,167,90,80,10,0,77
S01007767,Level 2,109,92,81,10,1,17
S01007767,Level 3,93,68,56,7,5,25
S01007767,Level 4 and above,267,165,140,22,3,102
S01007768,All people aged 16 and over,572,313,258,36,19,259
S01007768,No qualifications,108,20,16,4,0,88
S01007768,Level 1,100,51,35,6,10,49
S01007768,Level 2,75,47,42,5,0,28
S01007768,Level 3,53,34,32,2,0,19
S01007768,Level 4 and above,236,161,133,19,9,75
S01007769,All people aged 16 and over,641,335,266,53,16,306
S01007769,No qualifications,110,27,15,11,1,83
S01007769,Level 1,121,66,51,10,5,55
S01007769,Level 2,89,55,44,9,2,34
S01007769,Level 3,63,38,30,7,1,25
S01007769,Level 4 and above,258,149,126,16,7,109
S01007770,All people aged 16 and over,613,362,286,58,18,251
S01007770,No qualifications,50,13,7,5,1,37
S01007770,Level 1,106,63,45,10,8,43
S01007770,Level 2,93,63,49,11,3,30
S01007770,Level 3,66,45,39,4,2,21
S01007770,Level 4 and above,298,178,146,28,4,120
S01007771,All people aged 16 and over,450,220,183,26,11,230
S01007771,No qualifications,65,11,9,1,1,54
S01007771,Level 1,68,35,27,6,2,33
S01007771,Level 2,67,43,34,2,7,24
S01007771,Level 3,43,23,20,3,0,20
S01007771,Level 4 and above,207,108,93,14,1,99
S01007772,All people aged 16 and over,846,457,377,37,43,389
S01007772,No qualifications,248,53,45,5,3,195
S01007772,Level 1,212,133,105,9,19,79
S01007772,Level 2,98,78,72,2,4,20
S01007772,Level 3,103,75,59,5,11,28
S01007772,Level 4 and above,185,118,96,16,6,67
S01007773,All people aged 16 and over,642,399,344,40,15,243
S01007773,No qualifications,111,37,27,7,3,74
S01007773,Level 1,159,100,82,11,7,59
S01007773,Level 2,102,83,69,11,3,19
S01007773,Level 3,65,49,46,3,0,16
S01007773,Level 4 and above,205,130,120,8,2,75
S01007774,All people aged 16 and over,681,578,511,51,16,103
S01007774,No qualifications,48,25,21,3,1,23
S01007774,Level 1,130,106,92,11,3,24
S01007774,Level 2,123,105,89,11,5,18
S01007774,Level 3,91,77,68,6,3,14
S01007774,Level 4 and above,289,265,241,20,4,24
S01007775,All people aged 16 and over,755,484,417,42,25,271
S01007775,No qualifications,138,25,22,2,1,113
S01007775,Level 1,186,117,96,14,7,69
S01007775,Level 2,91,72,63,5,4,19
S01007775,Level 3,76,63,53,5,5,13
S01007775,Level 4 and above,264,207,183,16,8,57
S01007776,All people aged 16 and over,561,412,350,42,20,149
S01007776,No qualifications,69,25,21,3,1,44
S01007776,Level 1,121,85,65,11,9,36
S01007776,Level 2,98,77,71,4,2,21
S01007776,Level 3,61,51,46,5,0,10
S01007776,Level 4 and above,212,174,147,19,8,38
S01007777,All people aged 16 and over,671,571,494,60,17,100
S01007777,No qualifications,56,33,25,6,2,23
S01007777,Level 1,122,102,75,19,8,20
S01007777,Level 2,123,109,94,9,6,14
S01007777,Level 3,91,82,73,9,0,9
S01007777,Level 4 and above,279,245,227,17,1,34
S01007778,All people aged 16 and over,372,269,218,44,7,103
S01007778,No qualifications,55,10,7,2,1,45
S01007778,Level 1,57,40,28,11,1,17
S01007778,Level 2,48,35,23,9,3,13
S01007778,Level 3,39,38,34,4,0,1
S01007778,Level 4 and above,173,146,126,18,2,27
S01007779,All people aged 16 and over,608,428,371,33,24,180
S01007779,No qualifications,150,71,53,10,8,79
S01007779,Level 1,187,139,118,10,11,48
S01007779,Level 2,83,75,67,5,3,8
S01007779,Level 3,77,58,55,3,0,19
S01007779,Level 4 and above,111,85,78,5,2,26
S01007780,All people aged 16 and over,649,501,430,43,28,148
S01007780,No qualifications,102,56,44,9,3,46
S01007780,Level 1,213,168,143,11,14,45
S01007780,Level 2,104,85,69,10,6,19
S01007780,Level 3,71,60,55,3,2,11
S01007780,Level 4 and above,159,132,119,10,3,27
S01007781,All people aged 16 and over,736,580,499,37,44,156
S01007781,No qualifications,162,92,74,9,9,70
S01007781,Level 1,227,184,158,7,19,43
S01007781,Level 2,105,91,72,12,7,14
S01007781,Level 3,84,73,65,4,4,11
S01007781,Level 4 and above,158,140,130,5,5,18
S01007782,All people aged 16 and over,375,243,171,19,53,132
S01007782,No qualifications,116,43,24,2,17,73
S01007782,Level 1,120,89,58,6,25,31
S01007782,Level 2,40,29,23,1,5,11
S01007782,Level 3,49,43,36,5,2,6
S01007782,Level 4 and above,50,39,30,5,4,11
S01007783,All people aged 16 and over,637,288,211,11,66,349
S01007783,No qualifications,349,112,77,5,30,237
S01007783,Level 1,150,85,63,1,21,65
S01007783,Level 2,45,29,21,1,7,16
S01007783,Level 3,41,26,21,0,5,15
S01007783,Level 4 and above,52,36,29,4,3,16
S01007784,All people aged 16 and over,531,419,343,29,47,112
S01007784,No qualifications,111,63,43,9,11,48
S01007784,Level 1,176,144,113,7,24,32
S01007784,Level 2,74,63,55,3,5,11
S01007784,Level 3,67,58,48,4,6,9
S01007784,Level 4 and above,103,91,84,6,1,12
S01007785,All people aged 16 and over,438,252,187,10,55,186
S01007785,No qualifications,187,67,49,2,16,120
S01007785,Level 1,129,87,62,3,22,42
S01007785,Level 2,41,36,24,3,9,5
S01007785,Level 3,32,24,19,0,5,8
S01007785,Level 4 and above,49,38,33,2,3,11
S01007786,All people aged 16 and over,612,353,293,24,36,259
S01007786,No qualifications,265,102,79,9,14,163
S01007786,Level 1,194,129,109,8,12,65
S01007786,Level 2,61,50,46,2,2,11
S01007786,Level 3,45,32,25,1,6,13
S01007786,Level 4 and above,47,40,34,4,2,7
S01007787,All people aged 16 and over,522,317,251,26,40,205
S01007787,No qualifications,211,96,72,8,16,115
S01007787,Level 1,163,115,94,8,13,48
S01007787,Level 2,48,38,27,5,6,10
S01007787,Level 3,47,31,29,2,0,16
S01007787,Level 4 and above,53,37,29,3,5,16
S01007788,All people aged 16 and over,466,280,181,17,82,186
S01007788,No qualifications,187,81,40,7,34,106
S01007788,Level 1,157,106,71,2,33,51
S01007788,Level 2,46,31,22,4,5,15
S01007788,Level 3,32,27,20,2,5,5
S01007788,Level 4 and above,44,35,28,2,5,9
S01007789,All people aged 16 and over,459,288,221,18,49,171
S01007789,No qualifications,141,62,41,7,14,79
S01007789,Level 1,171,118,90,6,22,53
S01007789,Level 2,53,38,28,3,7,15
S01007789,Level 3,50,34,29,1,4,16
S01007789,Level 4 and above,44,36,33,1,2,8
S01007790,All people aged 16 and over,560,362,280,12,70,198
S01007790,No qualifications,209,110,80,2,28,99
S01007790,Level 1,203,132,101,4,27,71
S01007790,Level 2,57,44,33,3,8,13
S01007790,Level 3,47,37,29,2,6,10
S01007790,Level 4 and above,44,39,37,1,1,5
S01007791,All people aged 16 and over,400,300,254,35,11,100
S01007791,No qualifications,97,40,31,6,3,57
S01007791,Level 1,84,67,55,8,4,17
S01007791,Level 2,57,49,39,7,3,8
S01007791,Level 3,42,35,30,4,1,7
S01007791,Level 4 and above,120,109,99,10,0,11
S01007792,All people aged 16 and over,709,424,346,21,57,285
S01007792,No qualifications,283,103,80,6,17,180
S01007792,Level 1,218,156,124,4,28,62
S01007792,Level 2,76,65,58,3,4,11
S01007792,Level 3,56,44,37,2,5,12
S01007792,Level 4 and above,76,56,47,6,3,20
S01007793,All people aged 16 and over,724,369,285,24,60,355
S01007793,No qualifications,333,108,81,6,21,225
S01007793,Level 1,207,137,99,11,27,70
S01007793,Level 2,60,39,32,2,5,21
S01007793,Level 3,63,43,37,2,4,20
S01007793,Level 4 and above,61,42,36,3,3,19
S01007794,All people aged 16 and over,448,275,221,16,38,173
S01007794,No qualifications,168,67,52,7,8,101
S01007794,Level 1,144,109,90,4,15,35
S01007794,Level 2,56,41,24,3,14,15
S01007794,Level 3,36,29,28,1,0,7
S01007794,Level 4 and above,44,29,27,1,1,15
S01007795,All people aged 16 and over,458,303,256,14,33,155
S01007795,No qualifications,170,82,72,7,3,88
S01007795,Level 1,159,112,91,4,17,47
S01007795,Level 2,41,35,27,0,8,6
S01007795,Level 3,33,29,27,0,2,4
S01007795,Level 4 and above,55,45,39,3,3,10
S01007796,All people aged 16 and over,528,341,281,17,43,187
S01007796,No qualifications,170,64,46,4,14,106
S01007796,Level 1,166,125,96,7,22,41
S01007796,Level 2,61,52,51,0,1,9
S01007796,Level 3,49,40,35,3,2,9
S01007796,Level 4 and above,82,60,53,3,4,22
S01007797,All people aged 16 and over,406,225,177,11,37,181
S01007797,No qualifications,197,71,53,4,14,126
S01007797,Level 1,121,89,68,3,18,32
S01007797,Level 2,32,25,22,2,1,7
S01007797,Level 3,25,17,13,2,2,8
S01007797,Level 4 and above,31,23,21,0,2,8
S01007798,All people aged 16 and over,494,399,332,48,19,95
S01007798,No qualifications,86,44,34,6,4,42
S01007798,Level 1,149,127,104,15,8,22
S01007798,Level 2,82,72,63,6,3,10
S01007798,Level 3,51,45,42,2,1,6
S01007798,Level 4 and above,126,111,89,19,3,15
S01007799,All people aged 16 and over,430,365,306,36,23,65
S01007799,No qualifications,49,36,26,7,3,13
S01007799,Level 1,131,104,80,13,11,27
S01007799,Level 2,79,69,57,7,5,10
S01007799,Level 3,47,41,39,1,1,6
S01007799,Level 4 and above,124,115,104,8,3,9
S01007800,All people aged 16 and over,720,404,302,26,76,316
S01007800,No qualifications,341,142,106,8,28,199
S01007800,Level 1,184,115,71,10,34,69
S01007800,Level 2,61,47,41,2,4,14
S01007800,Level 3,55,44,37,2,5,11
S01007800,Level 4 and above,79,56,47,4,5,23
S01007801,All people aged 16 and over,799,398,266,16,116,401
S01007801,No qualifications,348,136,89,7,40,212
S01007801,Level 1,178,99,63,5,31,79
S01007801,Level 2,154,93,58,2,33,61
S01007801,Level 3,57,34,25,2,7,23
S01007801,Level 4 and above,62,36,31,0,5,26
S01007802,All people aged 16 and over,403,348,308,27,13,55
S01007802,No qualifications,60,47,37,9,1,13
S01007802,Level 1,130,109,92,9,8,21
S01007802,Level 2,71,65,59,5,1,6
S01007802,Level 3,49,43,41,1,1,6
S01007802,Level 4 and above,93,84,79,3,2,9
S01007803,All people aged 16 and over,808,408,308,17,83,400
S01007803,No qualifications,370,113,75,8,30,257
S01007803,Level 1,232,155,113,5,37,77
S01007803,Level 2,68,41,31,2,8,27
S01007803,Level 3,73,49,43,1,5,24
S01007803,Level 4 and above,65,50,46,1,3,15
S01007804,All people aged 16 and over,452,246,195,13,38,206
S01007804,No qualifications,187,55,42,3,10,132
S01007804,Level 1,106,69,47,7,15,37
S01007804,Level 2,53,42,34,1,7,11
S01007804,Level 3,50,33,30,1,2,17
S01007804,Level 4 and above,56,47,42,1,4,9
S01007805,All people aged 16 and over,366,244,190,11,43,122
S01007805,No qualifications,148,71,49,6,16,77
S01007805,Level 1,102,75,57,2,16,27
S01007805,Level 2,38,31,30,0,1,7
S01007805,Level 3,28,21,16,1,4,7
S01007805,Level 4 and above,50,46,38,2,6,4
S01007806,All people aged 16 and over,520,311,264,17,30,209
S01007806,No qualifications,214,78,60,6,12,136
S01007806,Level 1,139,99,83,5,11,40
S01007806,Level 2,62,54,52,0,2,8
S01007806,Level 3,41,29,26,1,2,12
S01007806,Level 4 and above,64,51,43,5,3,13
S01007807,All people aged 16 and over,548,392,337,32,23,156
S01007807,No qualifications,108,44,34,5,5,64
S01007807,Level 1,142,109,87,10,12,33
S01007807,Level 2,95,73,64,8,1,22
S01007807,Level 3,77,66,58,5,3,11
S01007807,Level 4 and above,126,100,94,4,2,26
S01007808,All people aged 16 and over,635,432,347,32,53,203
S01007808,No qualifications,209,102,77,8,17,107
S01007808,Level 1,172,124,86,13,25,48
S01007808,Level 2,90,68,61,3,4,22
S01007808,Level 3,76,60,55,3,2,16
S01007808,Level 4 and above,88,78,68,5,5,10
S01007809,All people aged 16 and over,790,489,426,45,18,301
S01007809,No qualifications,173,50,35,13,2,123
S01007809,Level 1,199,132,110,16,6,67
S01007809,Level 2,115,82,72,4,6,33
S01007809,Level 3,80,68,63,4,1,12
S01007809,Level 4 and above,223,157,146,8,3,66
S01007810,All people aged 16 and over,690,359,283,19,57,331
S01007810,No qualifications,305,98,78,5,15,207
S01007810,Level 1,189,119,91,5,23,70
S01007810,Level 2,70,45,32,1,12,25
S01007810,Level 3,58,44,39,3,2,14
S01007810,Level 4 and above,68,53,43,5,5,15
S01007811,All people aged 16 and over,638,417,347,15,55,221
S01007811,No qualifications,273,136,110,4,22,137
S01007811,Level 1,189,134,113,1,20,55
S01007811,Level 2,60,50,42,1,7,10
S01007811,Level 3,53,42,33,6,3,11
S01007811,Level 4 and above,63,55,49,3,3,8
S01007812,All people aged 16 and over,589,371,269,22,80,218
S01007812,No qualifications,258,133,91,6,36,125
S01007812,Level 1,173,121,88,6,27,52
S01007812,Level 2,57,39,29,3,7,18
S01007812,Level 3,56,40,29,3,8,16
S01007812,Level 4 and above,45,38,32,4,2,7
S01007813,All people aged 16 and over,580,347,272,13,62,233
S01007813,No qualifications,256,123,85,6,32,133
S01007813,Level 1,152,104,86,3,15,48
S01007813,Level 2,39,26,25,0,1,13
S01007813,Level 3,63,43,34,1,8,20
S01007813,Level 4 and above,70,51,42,3,6,19
S01007814,All people aged 16 and over,468,279,237,21,21,189
S01007814,No qualifications,161,59,48,6,5,102
S01007814,Level 1,129,91,75,6,10,38
S01007814,Level 2,72,51,45,2,4,21
S01007814,Level 3,39,37,32,3,2,2
S01007814,Level 4 and above,67,41,37,4,0,26
S01007815,All people aged 16 and over,808,501,437,39,25,307
S01007815,No qualifications,214,67,49,11,7,147
S01007815,Level 1,211,135,113,12,10,76
S01007815,Level 2,108,85,74,6,5,23
S01007815,Level 3,91,77,71,5,1,14
S01007815,Level 4 and above,184,137,130,5,2,47
S01007816,All people aged 16 and over,558,375,324,35,16,183
S01007816,No qualifications,120,47,35,12,0,73
S01007816,Level 1,188,136,116,13,7,52
S01007816,Level 2,86,68,61,4,3,18
S01007816,Level 3,59,47,44,1,2,12
S01007816,Level 4 and above,105,77,68,5,4,28
S01007817,All people aged 16 and over,393,209,184,13,12,184
S01007817,No qualifications,177,61,50,6,5,116
S01007817,Level 1,84,57,50,4,3,27
S01007817,Level 2,51,34,30,1,3,17
S01007817,Level 3,32,21,18,2,1,11
S01007817,Level 4 and above,49,36,36,0,0,13
S01007818,All people aged 16 and over,607,415,358,38,19,192
S01007818,No qualifications,162,61,55,5,1,101
S01007818,Level 1,177,134,108,17,9,43
S01007818,Level 2,84,64,54,5,5,20
S01007818,Level 3,63,57,52,2,3,6
S01007818,Level 4 and above,121,99,89,9,1,22
S01007819,All people aged 16 and over,675,418,358,38,22,257
S01007819,No qualifications,214,71,54,10,7,143
S01007819,Level 1,188,125,106,13,6,63
S01007819,Level 2,76,61,49,7,5,15
S01007819,Level 3,68,55,50,3,2,13
S01007819,Level 4 and above,129,106,99,5,2,23
S01007820,All people aged 16 and over,808,459,380,40,39,349
S01007820,No qualifications,269,78,55,13,10,191
S01007820,Level 1,232,145,117,10,18,87
S01007820,Level 2,112,93,84,4,5,19
S01007820,Level 3,76,59,49,7,3,17
S01007820,Level 4 and above,119,84,75,6,3,35
S01007821,All people aged 16 and over,469,299,263,21,15,170
S01007821,No qualifications,142,52,46,4,2,90
S01007821,Level 1,132,92,77,5,10,40
S01007821,Level 2,54,40,36,4,0,14
S01007821,Level 3,54,48,42,4,2,6
S01007821,Level 4 and above,87,67,62,4,1,20
S01007822,All people aged 16 and over,634,359,315,29,15,275
S01007822,No qualifications,209,58,49,6,3,151
S01007822,Level 1,162,99,82,10,7,63
S01007822,Level 2,67,55,48,4,3,12
S01007822,Level 3,72,54,52,1,1,18
S01007822,Level 4 and above,124,93,84,8,1,31
S01007823,All people aged 16 and over,611,400,344,35,21,211
S01007823,No qualifications,116,41,27,12,2,75
S01007823,Level 1,157,93,82,4,7,64
S01007823,Level 2,106,85,76,6,3,21
S01007823,Level 3,58,48,43,3,2,10
S01007823,Level 4 and above,174,133,116,10,7,41
S01007824,All people aged 16 and over,632,362,323,34,5,270
S01007824,No qualifications,169,56,47,9,0,113
S01007824,Level 1,154,102,89,11,2,52
S01007824,Level 2,88,60,54,3,3,28
S01007824,Level 3,55,37,34,3,0,18
S01007824,Level 4 and above,166,107,99,8,0,59
S01007825,All people aged 16 and over,876,511,424,59,28,365
S01007825,No qualifications,234,73,48,16,9,161
S01007825,Level 1,229,134,103,23,8,95
S01007825,Level 2,115,85,75,7,3,30
S01007825,Level 3,91,68,65,2,1,23
S01007825,Level 4 and above,207,151,133,11,7,56
S01007826,All people aged 16 and over,465,236,187,17,32,229
S01007826,No qualifications,220,63,50,6,7,157
S01007826,Level 1,119,75,54,6,15,44
S01007826,Level 2,37,29,24,1,4,8
S01007826,Level 3,37,33,26,3,4,4
S01007826,Level 4 and above,52,36,33,1,2,16
S01007827,All people aged 16 and over,495,368,308,24,36,127
S01007827,No qualifications,98,39,30,2,7,59
S01007827,Level 1,122,96,71,7,18,26
S01007827,Level 2,67,52,44,4,4,15
S01007827,Level 3,72,62,51,7,4,10
S01007827,Level 4 and above,136,119,112,4,3,17
S01007828,All people aged 16 and over,889,465,383,32,50,424
S01007828,No qualifications,293,64,46,4,14,229
S01007828,Level 1,202,105,81,11,13,97
S01007828,Level 2,104,77,62,3,12,27
S01007828,Level 3,95,74,65,6,3,21
S01007828,Level 4 and above,195,145,129,8,8,50
S01007829,All people aged 16 and over,539,233,204,19,10,306
S01007829,No qualifications,229,40,35,5,0,189
S01007829,Level 1,106,48,37,6,5,58
S01007829,Level 2,52,40,34,3,3,12
S01007829,Level 3,50,37,34,2,1,13
S01007829,Level 4 and above,102,68,64,3,1,34
S01007830,All people aged 16 and over,818,405,342,23,40,413
S01007830,No qualifications,312,83,64,5,14,229
S01007830,Level 1,183,98,81,6,11,85
S01007830,Level 2,86,56,51,1,4,30
S01007830,Level 3,72,51,44,4,3,21
S01007830,Level 4 and above,165,117,102,7,8,48
S01007831,All people aged 16 and over,742,350,279,23,48,392
S01007831,No qualifications,263,56,35,6,15,207
S01007831,Level 1,190,101,75,6,20,89
S01007831,Level 2,83,57,52,2,3,26
S01007831,Level 3,78,51,40,5,6,27
S01007831,Level 4 and above,128,85,77,4,4,43
S01007832,All people aged 16 and over,551,300,240,19,41,251
S01007832,No qualifications,187,55,40,2,13,132
S01007832,Level 1,151,84,65,5,14,67
S01007832,Level 2,63,50,42,5,3,13
S01007832,Level 3,50,32,22,4,6,18
S01007832,Level 4 and above,100,79,71,3,5,21
S01007833,All people aged 16 and over,731,255,210,21,24,476
S01007833,No qualifications,335,54,42,7,5,281
S01007833,Level 1,167,72,58,8,6,95
S01007833,Level 2,54,34,27,1,6,20
S01007833,Level 3,65,42,36,0,6,23
S01007833,Level 4 and above,110,53,47,5,1,57
S01007834,All people aged 16 and over,625,373,301,20,52,252
S01007834,No qualifications,182,62,42,5,15,120
S01007834,Level 1,144,80,61,5,14,64
S01007834,Level 2,75,59,44,5,10,16
S01007834,Level 3,64,49,39,3,7,15
S01007834,Level 4 and above,160,123,115,2,6,37
S01007835,All people aged 16 and over,580,353,295,28,30,227
S01007835,No qualifications,153,44,32,3,9,109
S01007835,Level 1,133,85,70,8,7,48
S01007835,Level 2,75,59,50,4,5,16
S01007835,Level 3,57,42,38,2,2,15
S01007835,Level 4 and above,162,123,105,11,7,39
S01007836,All people aged 16 and over,468,248,214,17,17,220
S01007836,No qualifications,120,30,27,1,2,90
S01007836,Level 1,104,56,46,6,4,48
S01007836,Level 2,65,42,34,4,4,23
S01007836,Level 3,38,29,27,1,1,9
S01007836,Level 4 and above,141,91,80,5,6,50
S01007837,All people aged 16 and over,695,382,328,44,10,313
S01007837,No qualifications,140,36,22,11,3,104
S01007837,Level 1,167,91,78,10,3,76
S01007837,Level 2,109,78,69,7,2,31
S01007837,Level 3,98,64,57,5,2,34
S01007837,Level 4 and above,181,113,102,11,0,68
S01007838,All people aged 16 and over,738,402,345,38,19,336
S01007838,No qualifications,162,37,29,7,1,125
S01007838,Level 1,178,104,87,9,8,74
S01007838,Level 2,106,71,60,6,5,35
S01007838,Level 3,83,58,53,4,1,25
S01007838,Level 4 and above,209,132,116,12,4,77
S01007839,All people aged 16 and over,651,284,231,24,29,367
S01007839,No qualifications,244,40,32,3,5,204
S01007839,Level 1,116,67,51,7,9,49
S01007839,Level 2,96,43,30,5,8,53
S01007839,Level 3,37,20,16,1,3,17
S01007839,Level 4 and above,158,114,102,8,4,44
S01007840,All people aged 16 and over,647,376,326,18,32,271
S01007840,No qualifications,211,61,50,2,9,150
S01007840,Level 1,160,114,104,4,6,46
S01007840,Level 2,96,60,50,4,6,36
S01007840,Level 3,59,45,38,3,4,14
S01007840,Level 4 and above,121,96,84,5,7,25
S01007841,All people aged 16 and over,566,365,296,21,48,201
S01007841,No qualifications,170,60,43,5,12,110
S01007841,Level 1,205,151,122,9,20,54
S01007841,Level 2,65,52,43,3,6,13
S01007841,Level 3,39,33,29,0,4,6
S01007841,Level 4 and above,87,69,59,4,6,18
S01007842,All people aged 16 and over,575,372,275,20,77,203
S01007842,No qualifications,150,63,38,7,18,87
S01007842,Level 1,195,141,104,5,32,54
S01007842,Level 2,78,52,43,3,6,26
S01007842,Level 3,60,44,32,0,12,16
S01007842,Level 4 and above,92,72,58,5,9,20
S01007843,All people aged 16 and over,578,347,279,17,51,231
S01007843,No qualifications,167,66,48,2,16,101
S01007843,Level 1,185,118,88,7,23,67
S01007843,Level 2,78,53,46,5,2,25
S01007843,Level 3,53,39,33,0,6,14
S01007843,Level 4 and above,95,71,64,3,4,24
S01007844,All people aged 16 and over,773,493,383,32,78,280
S01007844,No qualifications,216,86,61,7,18,130
S01007844,Level 1,214,160,114,3,43,54
S01007844,Level 2,94,58,48,6,4,36
S01007844,Level 3,92,77,65,5,7,15
S01007844,Level 4 and above,157,112,95,11,6,45
S01007845,All people aged 16 and over,669,388,308,23,57,281
S01007845,No qualifications,282,96,67,7,22,186
S01007845,Level 1,171,115,90,6,19,56
S01007845,Level 2,74,64,52,3,9,10
S01007845,Level 3,51,44,36,3,5,7
S01007845,Level 4 and above,91,69,63,4,2,22
S01007846,All people aged 16 and over,576,334,279,16,39,242
S01007846,No qualifications,207,82,65,5,12,125
S01007846,Level 1,169,105,88,2,15,64
S01007846,Level 2,64,45,41,2,2,19
S01007846,Level 3,45,36,32,1,3,9
S01007846,Level 4 and above,91,66,53,6,7,25
S01007847,All people aged 16 and over,737,438,361,23,54,299
S01007847,No qualifications,271,92,75,4,13,179
S01007847,Level 1,214,151,118,9,24,63
S01007847,Level 2,91,72,61,4,7,19
S01007847,Level 3,58,46,39,0,7,12
S01007847,Level 4 and above,103,77,68,6,3,26
S01007848,All people aged 16 and over,643,364,278,12,74,279
S01007848,No qualifications,272,92,53,5,34,180
S01007848,Level 1,155,108,83,2,23,47
S01007848,Level 2,75,48,38,1,9,27
S01007848,Level 3,57,46,44,1,1,11
S01007848,Level 4 and above,84,70,60,3,7,14
S01007849,All people aged 16 and over,688,422,354,21,47,266
S01007849,No qualifications,245,94,70,6,18,151
S01007849,Level 1,236,167,143,6,18,69
S01007849,Level 2,81,63,55,4,4,18
S01007849,Level 3,55,45,38,2,5,10
S01007849,Level 4 and above,71,53,48,3,2,18
S01007850,All people aged 16 and over,615,345,273,27,45,270
S01007850,No qualifications,273,110,81,11,18,163
S01007850,Level 1,191,119,92,9,18,72
S01007850,Level 2,51,38,29,3,6,13
S01007850,Level 3,48,36,31,2,3,12
S01007850,Level 4 and above,52,42,40,2,0,10
S01007851,All people aged 16 and over,811,378,319,34,25,433
S01007851,No qualifications,347,76,64,7,5,271
S01007851,Level 1,187,109,85,13,11,78
S01007851,Level 2,91,62,55,3,4,29
S01007851,Level 3,64,50,43,4,3,14
S01007851,Level 4 and above,122,81,72,7,2,41
S01007852,All people aged 16 and over,540,328,229,21,78,212
S01007852,No qualifications,189,76,48,3,25,113
S01007852,Level 1,172,116,71,9,36,56
S01007852,Level 2,62,43,39,2,2,19
S01007852,Level 3,46,36,25,3,8,10
S01007852,Level 4 and above,71,57,46,4,7,14
S01007853,All people aged 16 and over,576,252,175,14,63,324
S01007853,No qualifications,270,65,44,2,19,205
S01007853,Level 1,126,80,46,6,28,46
S01007853,Level 2,63,32,22,1,9,31
S01007853,Level 3,50,31,26,2,3,19
S01007853,Level 4 and above,67,44,37,3,4,23
S01007854,All people aged 16 and over,891,484,343,30,111,407
S01007854,No qualifications,359,118,75,8,35,241
S01007854,Level 1,239,151,87,10,54,88
S01007854,Level 2,85,64,53,1,10,21
S01007854,Level 3,66,45,36,5,4,21
S01007854,Level 4 and above,142,106,92,6,8,36
S01007855,All people aged 16 and over,428,265,194,19,52,163
S01007855,No qualifications,167,61,38,4,19,106
S01007855,Level 1,97,74,56,2,16,23
S01007855,Level 2,56,40,20,9,11,16
S01007855,Level 3,47,39,33,2,4,8
S01007855,Level 4 and above,61,51,47,2,2,10
S01007856,All people aged 16 and over,674,423,364,27,32,251
S01007856,No qualifications,205,79,67,6,6,126
S01007856,Level 1,214,152,126,8,18,62
S01007856,Level 2,82,51,42,6,3,31
S01007856,Level 3,53,40,37,2,1,13
S01007856,Level 4 and above,120,101,92,5,4,19
S01007857,All people aged 16 and over,384,215,178,12,25,169
S01007857,No qualifications,131,44,31,6,7,87
S01007857,Level 1,130,85,73,1,11,45
S01007857,Level 2,37,26,22,0,4,11
S01007857,Level 3,38,28,22,3,3,10
S01007857,Level 4 and above,48,32,30,2,0,16
S01007858,All people aged 16 and over,879,475,364,38,73,404
S01007858,No qualifications,341,101,68,14,19,240
S01007858,Level 1,264,177,141,10,26,87
S01007858,Level 2,72,54,40,2,12,18
S01007858,Level 3,87,68,50,8,10,19
S01007858,Level 4 and above,115,75,65,4,6,40
S01007859,All people aged 16 and over,389,214,164,17,33,175
S01007859,No qualifications,161,57,42,4,11,104
S01007859,Level 1,124,80,60,6,14,44
S01007859,Level 2,28,18,15,1,2,10
S01007859,Level 3,35,24,19,4,1,11
S01007859,Level 4 and above,41,35,28,2,5,6
S01007860,All people aged 16 and over,445,332,258,31,43,113
S01007860,No qualifications,102,53,39,5,9,49
S01007860,Level 1,129,98,67,9,22,31
S01007860,Level 2,62,50,45,1,4,12
S01007860,Level 3,51,44,36,4,4,7
S01007860,Level 4 and above,101,87,71,12,4,14
S01007861,All people aged 16 and over,533,320,262,14,44,213
S01007861,No qualifications,235,102,79,6,17,133
S01007861,Level 1,150,105,87,3,15,45
S01007861,Level 2,56,44,35,3,6,12
S01007861,Level 3,46,38,32,1,5,8
S01007861,Level 4 and above,46,31,29,1,1,15
S01007862,All people aged 16 and over,575,346,279,23,44,229
S01007862,No qualifications,226,99,78,8,13,127
S01007862,Level 1,174,116,89,7,20,58
S01007862,Level 2,73,55,44,1,10,18
S01007862,Level 3,39,32,28,3,1,7
S01007862,Level 4 and above,63,44,40,4,0,19
S01007863,All people aged 16 and over,676,382,287,17,78,294
S01007863,No qualifications,286,118,75,10,33,168
S01007863,Level 1,234,153,114,4,35,81
S01007863,Level 2,46,38,31,1,6,8
S01007863,Level 3,63,40,37,2,1,23
S01007863,Level 4 and above,47,33,30,0,3,14
S01007864,All people aged 16 and over,771,441,368,24,49,330
S01007864,No qualifications,300,108,83,4,21,192
S01007864,Level 1,226,140,115,6,19,86
S01007864,Level 2,94,71,64,4,3,23
S01007864,Level 3,59,49,43,3,3,10
S01007864,Level 4 and above,92,73,63,7,3,19
S01007865,All people aged 16 and over,487,417,369,28,20,70
S01007865,No qualifications,54,31,26,5,0,23
S01007865,Level 1,120,94,73,10,11,26
S01007865,Level 2,76,68,57,6,5,8
S01007865,Level 3,56,52,48,3,1,4
S01007865,Level 4 and above,181,172,165,4,3,9
S01007866,All people aged 16 and over,450,397,339,38,20,53
S01007866,No qualifications,54,41,30,8,3,13
S01007866,Level 1,145,125,108,10,7,20
S01007866,Level 2,71,64,54,5,5,7
S01007866,Level 3,64,60,48,10,2,4
S01007866,Level 4 and above,116,107,99,5,3,9
S01007867,All people aged 16 and over,411,251,206,34,11,160
S01007867,No qualifications,86,28,22,3,3,58
S01007867,Level 1,84,52,37,13,2,32
S01007867,Level 2,45,27,25,1,1,18
S01007867,Level 3,51,33,25,5,3,18
S01007867,Level 4 and above,145,111,97,12,2,34
S01007868,All people aged 16 and over,758,501,429,44,28,257
S01007868,No qualifications,134,58,39,12,7,76
S01007868,Level 1,187,105,91,9,5,82
S01007868,Level 2,146,122,107,6,9,24
S01007868,Level 3,74,63,53,7,3,11
S01007868,Level 4 and above,217,153,139,10,4,64
S01007869,All people aged 16 and over,782,524,443,53,28,258
S01007869,No qualifications,132,40,32,7,1,92
S01007869,Level 1,141,96,82,8,6,45
S01007869,Level 2,91,64,50,5,9,27
S01007869,Level 3,65,55,48,4,3,10
S01007869,Level 4 and above,353,269,231,29,9,84
S01007870,All people aged 16 and over,458,289,223,53,13,169
S01007870,No qualifications,172,73,49,21,3,99
S01007870,Level 1,112,76,59,11,6,36
S01007870,Level 2,60,52,42,9,1,8
S01007870,Level 3,36,24,20,2,2,12
S01007870,Level 4 and above,78,64,53,10,1,14
S01007871,All people aged 16 and over,524,264,182,27,55,260
S01007871,No qualifications,278,92,52,12,28,186
S01007871,Level 1,141,92,67,6,19,49
S01007871,Level 2,56,44,33,6,5,12
S01007871,Level 3,20,16,14,0,2,4
S01007871,Level 4 and above,29,20,16,3,1,9
S01007872,All people aged 16 and over,558,286,209,13,64,272
S01007872,No qualifications,267,80,52,3,25,187
S01007872,Level 1,151,96,65,4,27,55
S01007872,Level 2,66,52,48,3,1,14
S01007872,Level 3,30,25,18,2,5,5
S01007872,Level 4 and above,44,33,26,1,6,11
S01007873,All people aged 16 and over,598,330,271,37,22,268
S01007873,No qualifications,258,73,64,2,7,185
S01007873,Level 1,153,112,92,12,8,41
S01007873,Level 2,77,61,52,6,3,16
S01007873,Level 3,39,35,28,4,3,4
S01007873,Level 4 and above,71,49,35,13,1,22
S01007874,All people aged 16 and over,638,335,273,25,37,303
S01007874,No qualifications,295,80,63,10,7,215
S01007874,Level 1,180,137,105,10,22,43
S01007874,Level 2,66,49,46,1,2,17
S01007874,Level 3,37,27,24,0,3,10
S01007874,Level 4 and above,60,42,35,4,3,18
S01007875,All people aged 16 and over,442,285,237,20,28,157
S01007875,No qualifications,140,53,43,2,8,87
S01007875,Level 1,110,84,71,4,9,26
S01007875,Level 2,61,50,37,5,8,11
S01007875,Level 3,41,32,30,2,0,9
S01007875,Level 4 and above,90,66,56,7,3,24
S01007876,All people aged 16 and over,776,516,409,59,48,260
S01007876,No qualifications,227,85,61,14,10,142
S01007876,Level 1,202,145,108,9,28,57
S01007876,Level 2,124,97,74,16,7,27
S01007876,Level 3,95,77,70,5,2,18
S01007876,Level 4 and above,128,112,96,15,1,16
S01007877,All people aged 16 and over,642,364,292,34,38,278
S01007877,No qualifications,290,89,68,9,12,201
S01007877,Level 1,166,128,103,7,18,38
S01007877,Level 2,74,65,55,6,4,9
S01007877,Level 3,50,32,29,1,2,18
S01007877,Level 4 and above,62,50,37,11,2,12
S01007878,All people aged 16 and over,560,282,231,19,32,278
S01007878,No qualifications,272,68,57,3,8,204
S01007878,Level 1,144,102,77,9,16,42
S01007878,Level 2,55,43,37,3,3,12
S01007878,Level 3,42,32,28,1,3,10
S01007878,Level 4 and above,47,37,32,3,2,10
S01007879,All people aged 16 and over,588,319,261,13,45,269
S01007879,No qualifications,257,85,68,6,11,172
S01007879,Level 1,157,98,78,1,19,59
S01007879,Level 2,78,60,49,3,8,18
S01007879,Level 3,50,41,33,3,5,9
S01007879,Level 4 and above,46,35,33,0,2,11
S01007880,All people aged 16 and over,336,210,148,50,12,126
S01007880,No qualifications,105,37,19,13,5,68
S01007880,Level 1,61,44,33,9,2,17
S01007880,Level 2,55,40,27,10,3,15
S01007880,Level 3,23,20,14,5,1,3
S01007880,Level 4 and above,92,69,55,13,1,23
S01007881,All people aged 16 and over,452,256,177,41,38,196
S01007881,No qualifications,175,62,42,13,7,113
S01007881,Level 1,126,81,50,12,19,45
S01007881,Level 2,48,35,26,5,4,13
S01007881,Level 3,48,38,27,4,7,10
S01007881,Level 4 and above,55,40,32,7,1,15
S01007882,All people aged 16 and over,614,440,319,104,17,174
S01007882,No qualifications,145,78,35,40,3,67
S01007882,Level 1,144,103,63,30,10,41
S01007882,Level 2,80,65,53,9,3,15
S01007882,Level 3,62,52,45,7,0,10
S01007882,Level 4 and above,183,142,123,18,1,41
S01007883,All people aged 16 and over,873,576,475,63,38,297
S01007883,No qualifications,258,88,58,17,13,170
S01007883,Level 1,205,152,120,18,14,53
S01007883,Level 2,125,97,80,15,2,28
S01007883,Level 3,101,84,73,5,6,17
S01007883,Level 4 and above,184,155,144,8,3,29
S01007884,All people aged 16 and over,514,330,270,32,28,184
S01007884,No qualifications,176,62,51,5,6,114
S01007884,Level 1,155,117,90,15,12,38
S01007884,Level 2,89,76,66,5,5,13
S01007884,Level 3,48,38,30,4,4,10
S01007884,Level 4 and above,46,37,33,3,1,9
S01007885,All people aged 16 and over,613,345,242,26,77,268
S01007885,No qualifications,292,108,71,6,31,184
S01007885,Level 1,169,114,77,10,27,55
S01007885,Level 2,55,40,31,3,6,15
S01007885,Level 3,51,47,33,4,10,4
S01007885,Level 4 and above,46,36,30,3,3,10
S01007886,All people aged 16 and over,742,430,344,50,36,312
S01007886,No qualifications,256,67,50,7,10,189
S01007886,Level 1,157,100,77,15,8,57
S01007886,Level 2,118,96,82,8,6,22
S01007886,Level 3,83,71,60,7,4,12
S01007886,Level 4 and above,128,96,75,13,8,32
S01007887,All people aged 16 and over,481,321,231,79,11,160
S01007887,No qualifications,117,35,19,14,2,82
S01007887,Level 1,118,85,54,29,2,33
S01007887,Level 2,78,61,44,14,3,17
S01007887,Level 3,53,42,31,9,2,11
S01007887,Level 4 and above,115,98,83,13,2,17
S01007888,All people aged 16 and over,829,514,394,24,96,315
S01007888,No qualifications,381,178,133,7,38,203
S01007888,Level 1,246,183,132,4,47,63
S01007888,Level 2,84,59,52,5,2,25
S01007888,Level 3,48,36,32,2,2,12
S01007888,Level 4 and above,70,58,45,6,7,12
S01007889,All people aged 16 and over,443,244,208,11,25,199
S01007889,No qualifications,211,67,55,3,9,144
S01007889,Level 1,117,88,74,4,10,29
S01007889,Level 2,48,37,33,1,3,11
S01007889,Level 3,34,29,27,1,1,5
S01007889,Level 4 and above,33,23,19,2,2,10
S01007890,All people aged 16 and over,594,381,304,44,33,213
S01007890,No qualifications,225,80,63,9,8,145
S01007890,Level 1,177,148,118,16,14,29
S01007890,Level 2,72,56,43,8,5,16
S01007890,Level 3,42,37,30,4,3,5
S01007890,Level 4 and above,78,60,50,7,3,18
S01007891,All people aged 16 and over,714,452,387,35,30,262
S01007891,No qualifications,271,101,80,11,10,170
S01007891,Level 1,193,145,127,9,9,48
S01007891,Level 2,100,76,65,6,5,24
S01007891,Level 3,52,45,40,3,2,7
S01007891,Level 4 and above,98,85,75,6,4,13
S01007892,All people aged 16 and over,634,404,330,50,24,230
S01007892,No qualifications,167,53,35,10,8,114
S01007892,Level 1,138,101,76,18,7,37
S01007892,Level 2,110,85,68,9,8,25
S01007892,Level 3,74,54,50,3,1,20
S01007892,Level 4 and above,145,111,101,10,0,34
S01007893,All people aged 16 and over,868,521,409,81,31,347
S01007893,No qualifications,233,66,46,14,6,167
S01007893,Level 1,206,132,92,25,15,74
S01007893,Level 2,123,95,77,13,5,28
S01007893,Level 3,87,68,58,8,2,19
S01007893,Level 4 and above,219,160,136,21,3,59
S01007894,All people aged 16 and over,761,488,405,47,36,273
S01007894,No qualifications,279,108,92,9,7,171
S01007894,Level 1,196,144,116,13,15,52
S01007894,Level 2,119,94,76,11,7,25
S01007894,Level 3,72,63,54,4,5,9
S01007894,Level 4 and above,95,79,67,10,2,16
S01007895,All people aged 16 and over,462,259,210,31,18,203
S01007895,No qualifications,138,34,25,4,5,104
S01007895,Level 1,96,69,53,9,7,27
S01007895,Level 2,72,52,39,10,3,20
S01007895,Level 3,44,28,24,3,1,16
S01007895,Level 4 and above,112,76,69,5,2,36
S01007896,All people aged 16 and over,701,386,298,35,53,315
S01007896,No qualifications,306,106,78,12,16,200
S01007896,Level 1,189,121,92,11,18,68
S01007896,Level 2,73,56,48,3,5,17
S01007896,Level 3,69,57,43,6,8,12
S01007896,Level 4 and above,64,46,37,3,6,18
S01007897,All people aged 16 and over,358,245,163,69,13,113
S01007897,No qualifications,96,42,14,24,4,54
S01007897,Level 1,85,63,46,15,2,22
S01007897,Level 2,55,43,29,9,5,12
S01007897,Level 3,38,33,24,7,2,5
S01007897,Level 4 and above,84,64,50,14,0,20
S01007898,All people aged 16 and over,363,249,169,65,15,114
S01007898,No qualifications,90,41,21,18,2,49
S01007898,Level 1,112,79,52,16,11,33
S01007898,Level 2,59,50,35,14,1,9
S01007898,Level 3,30,27,20,7,0,3
S01007898,Level 4 and above,72,52,41,10,1,20
S01007899,All people aged 16 and over,308,211,136,66,9,97
S01007899,No qualifications,99,56,22,32,2,43
S01007899,Level 1,78,58,37,17,4,20
S01007899,Level 2,54,39,29,9,1,15
S01007899,Level 3,29,24,19,4,1,5
S01007899,Level 4 and above,48,34,29,4,1,14
S01007900,All people aged 16 and over,451,248,199,15,34,203
S01007900,No qualifications,219,78,60,4,14,141
S01007900,Level 1,102,72,51,6,15,30
S01007900,Level 2,60,47,42,4,1,13
S01007900,Level 3,35,29,28,0,1,6
S01007900,Level 4 and above,35,22,18,1,3,13
S01007901,All people aged 16 and over,576,334,264,27,43,242
S01007901,No qualifications,242,91,72,7,12,151
S01007901,Level 1,171,129,98,10,21,42
S01007901,Level 2,73,51,42,4,5,22
S01007901,Level 3,41,31,27,1,3,10
S01007901,Level 4 and above,49,32,25,5,2,17
S01007902,All people aged 16 and over,732,372,298,28,46,360
S01007902,No qualifications,372,127,100,8,19,245
S01007902,Level 1,199,128,106,6,16,71
S01007902,Level 2,66,47,33,7,7,19
S01007902,Level 3,52,45,38,5,2,7
S01007902,Level 4 and above,43,25,21,2,2,18
S01007903,All people aged 16 and over,563,262,199,30,33,301
S01007903,No qualifications,246,62,46,10,6,184
S01007903,Level 1,138,90,74,6,10,48
S01007903,Level 2,65,42,32,6,4,23
S01007903,Level 3,52,39,26,4,9,13
S01007903,Level 4 and above,62,29,21,4,4,33
S01007904,All people aged 16 and over,697,418,300,102,16,279
S01007904,No qualifications,225,73,42,28,3,152
S01007904,Level 1,165,112,82,28,2,53
S01007904,Level 2,76,57,42,9,6,19
S01007904,Level 3,73,60,48,11,1,13
S01007904,Level 4 and above,158,116,86,26,4,42
S01007905,All people aged 16 and over,547,302,226,9,67,245
S01007905,No qualifications,267,109,77,1,31,158
S01007905,Level 1,169,110,84,3,23,59
S01007905,Level 2,48,36,29,1,6,12
S01007905,Level 3,28,19,16,0,3,9
S01007905,Level 4 and above,35,28,20,4,4,7
S01007906,All people aged 16 and over,625,308,240,26,42,317
S01007906,No qualifications,360,99,73,10,16,261
S01007906,Level 1,134,100,77,8,15,34
S01007906,Level 2,48,38,34,3,1,10
S01007906,Level 3,37,31,21,5,5,6
S01007906,Level 4 and above,46,40,35,0,5,6
S01007907,All people aged 16 and over,475,246,203,15,28,229
S01007907,No qualifications,236,74,58,3,13,162
S01007907,Level 1,106,76,62,5,9,30
S01007907,Level 2,52,41,36,2,3,11
S01007907,Level 3,30,24,22,0,2,6
S01007907,Level 4 and above,51,31,25,5,1,20
S01007908,All people aged 16 and over,796,426,339,43,44,370
S01007908,No qualifications,355,108,77,15,16,247
S01007908,Level 1,182,127,95,12,20,55
S01007908,Level 2,106,76,65,9,2,30
S01007908,Level 3,72,56,51,2,3,16
S01007908,Level 4 and above,81,59,51,5,3,22
S01007909,All people aged 16 and over,422,264,222,20,22,158
S01007909,No qualifications,147,52,42,5,5,95
S01007909,Level 1,121,94,79,6,9,27
S01007909,Level 2,73,53,39,9,5,20
S01007909,Level 3,42,35,32,0,3,7
S01007909,Level 4 and above,39,30,30,0,0,9
S01007910,All people aged 16 and over,695,419,323,29,67,276
S01007910,No qualifications,255,96,71,9,16,159
S01007910,Level 1,230,159,114,12,33,71
S01007910,Level 2,88,71,60,3,8,17
S01007910,Level 3,65,51,41,2,8,14
S01007910,Level 4 and above,57,42,37,3,2,15
S01007911,All people aged 16 and over,633,381,326,30,25,252
S01007911,No qualifications,240,86,64,13,9,154
S01007911,Level 1,161,110,97,7,6,51
S01007911,Level 2,99,78,68,6,4,21
S01007911,Level 3,69,55,49,2,4,14
S01007911,Level 4 and above,64,52,48,2,2,12
S01007912,All people aged 16 and over,662,397,324,27,46,265
S01007912,No qualifications,275,99,80,8,11,176
S01007912,Level 1,163,117,93,8,16,46
S01007912,Level 2,81,72,57,6,9,9
S01007912,Level 3,63,52,42,2,8,11
S01007912,Level 4 and above,80,57,52,3,2,23
S01007913,All people aged 16 and over,509,274,214,23,37,235
S01007913,No qualifications,248,78,55,12,11,170
S01007913,Level 1,144,107,86,5,16,37
S01007913,Level 2,54,41,33,4,4,13
S01007913,Level 3,35,30,25,1,4,5
S01007913,Level 4 and above,28,18,15,1,2,10
S01007914,All people aged 16 and over,517,295,219,21,55,222
S01007914,No qualifications,204,72,55,5,12,132
S01007914,Level 1,135,94,59,8,27,41
S01007914,Level 2,62,44,35,1,8,18
S01007914,Level 3,59,48,38,3,7,11
S01007914,Level 4 and above,57,37,32,4,1,20
S01007915,All people aged 16 and over,686,426,342,32,52,260
S01007915,No qualifications,245,94,78,8,8,151
S01007915,Level 1,185,134,99,8,27,51
S01007915,Level 2,100,74,58,8,8,26
S01007915,Level 3,83,69,59,5,5,14
S01007915,Level 4 and above,73,55,48,3,4,18
S01007916,All people aged 16 and over,704,333,274,29,30,371
S01007916,No qualifications,313,73,58,6,9,240
S01007916,Level 1,167,105,81,8,16,62
S01007916,Level 2,96,64,52,9,3,32
S01007916,Level 3,51,36,31,4,1,15
S01007916,Level 4 and above,77,55,52,2,1,22
S01007917,All people aged 16 and over,731,420,340,30,50,311
S01007917,No qualifications,314,113,92,12,9,201
S01007917,Level 1,208,149,116,7,26,59
S01007917,Level 2,83,64,54,3,7,19
S01007917,Level 3,53,44,34,4,6,9
S01007917,Level 4 and above,73,50,44,4,2,23
S01007918,All people aged 16 and over,794,465,373,42,50,329
S01007918,No qualifications,289,88,63,7,18,201
S01007918,Level 1,178,129,101,13,15,49
S01007918,Level 2,109,86,72,7,7,23
S01007918,Level 3,82,67,56,2,9,15
S01007918,Level 4 and above,136,95,81,13,1,41
S01007919,All people aged 16 and over,649,402,339,45,18,247
S01007919,No qualifications,142,42,32,10,0,100
S01007919,Level 1,121,78,64,9,5,43
S01007919,Level 2,106,75,65,7,3,31
S01007919,Level 3,80,67,59,3,5,13
S01007919,Level 4 and above,200,140,119,16,5,60
S01007920,All people aged 16 and over,493,327,282,32,13,166
S01007920,No qualifications,112,42,30,10,2,70
S01007920,Level 1,103,73,60,6,7,30
S01007920,Level 2,99,75,67,6,2,24
S01007920,Level 3,68,53,47,4,2,15
S01007920,Level 4 and above,111,84,78,6,0,27
S01007921,All people aged 16 and over,776,420,321,39,60,356
S01007921,No qualifications,365,109,78,12,19,256
S01007921,Level 1,215,169,127,12,30,46
S01007921,Level 2,89,66,55,6,5,23
S01007921,Level 3,48,38,35,2,1,10
S01007921,Level 4 and above,59,38,26,7,5,21
S01007922,All people aged 16 and over,718,396,295,38,63,322
S01007922,No qualifications,348,114,83,16,15,234
S01007922,Level 1,174,130,91,10,29,44
S01007922,Level 2,88,70,55,7,8,18
S01007922,Level 3,58,46,37,4,5,12
S01007922,Level 4 and above,50,36,29,1,6,14
S01007923,All people aged 16 and over,814,527,438,58,31,287
S01007923,No qualifications,282,114,95,14,5,168
S01007923,Level 1,209,156,126,21,9,53
S01007923,Level 2,106,86,67,12,7,20
S01007923,Level 3,77,64,54,5,5,13
S01007923,Level 4 and above,140,107,96,6,5,33
S01007924,All people aged 16 and over,826,461,351,30,80,365
S01007924,No qualifications,361,113,78,6,29,248
S01007924,Level 1,217,162,118,12,32,55
S01007924,Level 2,85,63,50,3,10,22
S01007924,Level 3,69,54,44,5,5,15
S01007924,Level 4 and above,94,69,61,4,4,25
S01007925,All people aged 16 and over,387,272,164,91,17,115
S01007925,No qualifications,88,42,12,27,3,46
S01007925,Level 1,69,56,30,22,4,13
S01007925,Level 2,63,41,33,5,3,22
S01007925,Level 3,49,44,24,17,3,5
S01007925,Level 4 and above,118,89,65,20,4,29
S01007926,All people aged 16 and over,393,277,194,74,9,116
S01007926,No qualifications,98,46,18,26,2,52
S01007926,Level 1,88,62,42,18,2,26
S01007926,Level 2,65,47,37,9,1,18
S01007926,Level 3,40,36,28,8,0,4
S01007926,Level 4 and above,102,86,69,13,4,16
S01007927,All people aged 16 and over,525,376,246,117,13,149
S01007927,No qualifications,131,57,27,28,2,74
S01007927,Level 1,86,64,35,27,2,22
S01007927,Level 2,81,68,46,20,2,13
S01007927,Level 3,64,56,39,14,3,8
S01007927,Level 4 and above,163,131,99,28,4,32
S01007928,All people aged 16 and over,850,495,381,93,21,355
S01007928,No qualifications,215,63,45,13,5,152
S01007928,Level 1,167,113,85,21,7,54
S01007928,Level 2,135,94,74,15,5,41
S01007928,Level 3,59,37,27,10,0,22
S01007928,Level 4 and above,274,188,150,34,4,86
S01007929,All people aged 16 and over,598,437,293,129,15,161
S01007929,No qualifications,111,55,25,27,3,56
S01007929,Level 1,128,100,58,37,5,28
S01007929,Level 2,99,68,48,17,3,31
S01007929,Level 3,62,50,38,12,0,12
S01007929,Level 4 and above,198,164,124,36,4,34
S01007930,All people aged 16 and over,473,357,238,111,8,116
S01007930,No qualifications,86,50,18,31,1,36
S01007930,Level 1,90,69,41,24,4,21
S01007930,Level 2,92,76,56,20,0,16
S01007930,Level 3,36,27,17,9,1,9
S01007930,Level 4 and above,169,135,106,27,2,34
S01007931,All people aged 16 and over,912,535,445,65,25,377
S01007931,No qualifications,219,58,46,6,6,161
S01007931,Level 1,155,94,69,14,11,61
S01007931,Level 2,118,76,60,12,4,42
S01007931,Level 3,84,63,57,5,1,21
S01007931,Level 4 and above,336,244,213,28,3,92
S01007932,All people aged 16 and over,725,414,327,59,28,311
S01007932,No qualifications,142,30,19,5,6,112
S01007932,Level 1,145,92,70,14,8,53
S01007932,Level 2,124,79,62,11,6,45
S01007932,Level 3,72,56,43,12,1,16
S01007932,Level 4 and above,242,157,133,17,7,85
S01007933,All people aged 16 and over,650,437,347,52,38,213
S01007933,No qualifications,156,68,53,8,7,88
S01007933,Level 1,145,90,68,10,12,55
S01007933,Level 2,111,84,66,8,10,27
S01007933,Level 3,61,53,42,6,5,8
S01007933,Level 4 and above,177,142,118,20,4,35
S01007934,All people aged 16 and over,561,355,284,36,35,206
S01007934,No qualifications,143,36,22,5,9,107
S01007934,Level 1,148,105,86,10,9,43
S01007934,Level 2,107,88,74,7,7,19
S01007934,Level 3,56,43,32,7,4,13
S01007934,Level 4 and above,107,83,70,7,6,24
S01007935,All people aged 16 and over,678,417,316,52,49,261
S01007935,No qualifications,173,35,21,8,6,138
S01007935,Level 1,145,105,73,15,17,40
S01007935,Level 2,110,85,66,9,10,25
S01007935,Level 3,82,71,57,6,8,11
S01007935,Level 4 and above,168,121,99,14,8,47
S01007936,All people aged 16 and over,791,567,491,56,20,224
S01007936,No qualifications,118,43,29,9,5,75
S01007936,Level 1,108,82,69,10,3,26
S01007936,Level 2,124,92,78,8,6,32
S01007936,Level 3,102,83,75,7,1,19
S01007936,Level 4 and above,339,267,240,22,5,72
S01007937,All people aged 16 and over,865,603,495,73,35,262
S01007937,No qualifications,155,48,37,6,5,107
S01007937,Level 1,202,143,113,21,9,59
S01007937,Level 2,143,116,97,11,8,27
S01007937,Level 3,89,78,67,6,5,11
S01007937,Level 4 and above,276,218,181,29,8,58
S01007938,All people aged 16 and over,632,372,295,39,38,260
S01007938,No qualifications,227,65,43,15,7,162
S01007938,Level 1,155,108,75,12,21,47
S01007938,Level 2,73,53,46,3,4,20
S01007938,Level 3,83,74,68,2,4,9
S01007938,Level 4 and above,94,72,63,7,2,22
S01007939,All people aged 16 and over,713,424,318,30,76,289
S01007939,No qualifications,260,95,66,10,19,165
S01007939,Level 1,211,145,98,9,38,66
S01007939,Level 2,85,66,56,3,7,19
S01007939,Level 3,78,59,46,6,7,19
S01007939,Level 4 and above,79,59,52,2,5,20
S01007940,All people aged 16 and over,871,508,400,60,48,363
S01007940,No qualifications,301,94,66,16,12,207
S01007940,Level 1,211,147,117,14,16,64
S01007940,Level 2,120,85,68,9,8,35
S01007940,Level 3,65,48,37,7,4,17
S01007940,Level 4 and above,174,134,112,14,8,40
S01007941,All people aged 16 and over,544,368,308,40,20,176
S01007941,No qualifications,132,52,37,11,4,80
S01007941,Level 1,132,104,79,14,11,28
S01007941,Level 2,98,74,67,5,2,24
S01007941,Level 3,64,50,44,5,1,14
S01007941,Level 4 and above,118,88,81,5,2,30
S01007942,All people aged 16 and over,362,262,211,25,26,100
S01007942,No qualifications,77,32,20,7,5,45
S01007942,Level 1,111,89,75,4,10,22
S01007942,Level 2,51,38,27,2,9,13
S01007942,Level 3,53,43,38,3,2,10
S01007942,Level 4 and above,70,60,51,9,0,10
S01007943,All people aged 16 and over,564,312,250,32,30,252
S01007943,No qualifications,204,66,48,9,9,138
S01007943,Level 1,122,81,63,6,12,41
S01007943,Level 2,79,63,46,9,8,16
S01007943,Level 3,51,29,28,1,0,22
S01007943,Level 4 and above,108,73,65,7,1,35
S01007944,All people aged 16 and over,764,467,358,53,56,297
S01007944,No qualifications,248,87,65,8,14,161
S01007944,Level 1,218,160,116,17,27,58
S01007944,Level 2,109,74,58,15,1,35
S01007944,Level 3,65,51,38,4,9,14
S01007944,Level 4 and above,124,95,81,9,5,29
S01007945,All people aged 16 and over,723,401,282,63,56,322
S01007945,No qualifications,233,66,37,13,16,167
S01007945,Level 1,171,103,70,11,22,68
S01007945,Level 2,105,72,49,12,11,33
S01007945,Level 3,62,52,40,8,4,10
S01007945,Level 4 and above,152,108,86,19,3,44
S01007946,All people aged 16 and over,663,402,302,42,58,261
S01007946,No qualifications,223,76,51,12,13,147
S01007946,Level 1,150,99,70,9,20,51
S01007946,Level 2,100,77,55,8,14,23
S01007946,Level 3,65,54,45,4,5,11
S01007946,Level 4 and above,125,96,81,9,6,29
S01007947,All people aged 16 and over,618,364,290,43,31,254
S01007947,No qualifications,172,60,43,7,10,112
S01007947,Level 1,127,76,61,10,5,51
S01007947,Level 2,105,75,61,8,6,30
S01007947,Level 3,69,52,39,9,4,17
S01007947,Level 4 and above,145,101,86,9,6,44
S01007948,All people aged 16 and over,526,283,194,29,60,243
S01007948,No qualifications,246,97,60,14,23,149
S01007948,Level 1,138,84,61,4,19,54
S01007948,Level 2,52,38,28,3,7,14
S01007948,Level 3,48,38,26,6,6,10
S01007948,Level 4 and above,42,26,19,2,5,16
S01007949,All people aged 16 and over,654,401,342,27,32,253
S01007949,No qualifications,172,48,34,5,9,124
S01007949,Level 1,159,114,92,10,12,45
S01007949,Level 2,112,86,72,7,7,26
S01007949,Level 3,93,78,73,3,2,15
S01007949,Level 4 and above,118,75,71,2,2,43
S01007950,All people aged 16 and over,735,473,395,58,20,262
S01007950,No qualifications,177,55,39,11,5,122
S01007950,Level 1,176,116,94,17,5,60
S01007950,Level 2,117,87,74,10,3,30
S01007950,Level 3,95,74,67,5,2,21
S01007950,Level 4 and above,170,141,121,15,5,29
S01007951,All people aged 16 and over,619,404,329,35,40,215
S01007951,No qualifications,184,70,49,11,10,114
S01007951,Level 1,177,130,98,12,20,47
S01007951,Level 2,71,50,40,5,5,21
S01007951,Level 3,66,57,48,4,5,9
S01007951,Level 4 and above,121,97,94,3,0,24
S01007952,All people aged 16 and over,543,297,208,44,45,246
S01007952,No qualifications,229,58,34,16,8,171
S01007952,Level 1,124,91,63,10,18,33
S01007952,Level 2,75,60,46,6,8,15
S01007952,Level 3,50,39,30,3,6,11
S01007952,Level 4 and above,65,49,35,9,5,16
S01007953,All people aged 16 and over,763,487,387,47,53,276
S01007953,No qualifications,277,113,89,13,11,164
S01007953,Level 1,211,152,115,14,23,59
S01007953,Level 2,106,81,62,9,10,25
S01007953,Level 3,74,65,53,6,6,9
S01007953,Level 4 and above,95,76,68,5,3,19
S01007954,All people aged 16 and over,586,337,263,17,57,249
S01007954,No qualifications,244,86,66,3,17,158
S01007954,Level 1,165,108,80,6,22,57
S01007954,Level 2,61,47,41,1,5,14
S01007954,Level 3,57,53,43,4,6,4
S01007954,Level 4 and above,59,43,33,3,7,16
S01007955,All people aged 16 and over,636,442,347,24,71,194
S01007955,No qualifications,241,120,91,8,21,121
S01007955,Level 1,213,174,134,7,33,39
S01007955,Level 2,73,57,49,2,6,16
S01007955,Level 3,60,48,38,3,7,12
S01007955,Level 4 and above,49,43,35,4,4,6
S01007956,All people aged 16 and over,577,376,295,25,56,201
S01007956,No qualifications,211,87,66,4,17,124
S01007956,Level 1,185,140,106,10,24,45
S01007956,Level 2,64,52,43,2,7,12
S01007956,Level 3,71,62,51,4,7,9
S01007956,Level 4 and above,46,35,29,5,1,11
S01007957,All people aged 16 and over,795,436,370,28,38,359
S01007957,No qualifications,352,105,88,11,6,247
S01007957,Level 1,185,134,112,7,15,51
S01007957,Level 2,95,64,56,1,7,31
S01007957,Level 3,67,56,50,2,4,11
S01007957,Level 4 and above,96,77,64,7,6,19
S01007958,All people aged 16 and over,740,426,322,22,82,314
S01007958,No qualifications,312,114,75,6,33,198
S01007958,Level 1,179,130,99,6,25,49
S01007958,Level 2,91,63,50,4,9,28
S01007958,Level 3,72,59,44,3,12,13
S01007958,Level 4 and above,86,60,54,3,3,26
S01007959,All people aged 16 and over,690,417,356,36,25,273
S01007959,No qualifications,278,97,77,12,8,181
S01007959,Level 1,144,106,90,8,8,38
S01007959,Level 2,85,69,59,7,3,16
S01007959,Level 3,63,53,48,2,3,10
S01007959,Level 4 and above,120,92,82,7,3,28
S01007960,All people aged 16 and over,571,370,309,22,39,201
S01007960,No qualifications,220,97,73,7,17,123
S01007960,Level 1,145,106,89,6,11,39
S01007960,Level 2,72,55,49,2,4,17
S01007960,Level 3,68,56,47,3,6,12
S01007960,Level 4 and above,66,56,51,4,1,10
S01007961,All people aged 16 and over,1103,477,296,155,26,626
S01007961,No qualifications,402,92,50,33,9,310
S01007961,Level 1,288,116,72,38,6,172
S01007961,Level 2,130,85,47,30,8,45
S01007961,Level 3,95,60,45,15,0,35
S01007961,Level 4 and above,188,124,82,39,3,64
S01007962,All people aged 16 and over,443,284,218,28,38,159
S01007962,No qualifications,128,50,35,6,9,78
S01007962,Level 1,141,93,71,6,16,48
S01007962,Level 2,64,53,39,10,4,11
S01007962,Level 3,49,39,35,0,4,10
S01007962,Level 4 and above,61,49,38,6,5,12
S01007963,All people aged 16 and over,702,369,222,27,120,333
S01007963,No qualifications,348,142,74,11,57,206
S01007963,Level 1,211,127,72,9,46,84
S01007963,Level 2,56,33,27,2,4,23
S01007963,Level 3,49,39,25,3,11,10
S01007963,Level 4 and above,38,28,24,2,2,10
S01007964,All people aged 16 and over,643,358,275,25,58,285
S01007964,No qualifications,290,104,82,5,17,186
S01007964,Level 1,181,130,92,8,30,51
S01007964,Level 2,68,46,40,2,4,22
S01007964,Level 3,47,36,30,4,2,11
S01007964,Level 4 and above,57,42,31,6,5,15
S01007965,All people aged 16 and over,456,274,224,14,36,182
S01007965,No qualifications,173,64,54,1,9,109
S01007965,Level 1,135,88,64,6,18,47
S01007965,Level 2,75,65,56,5,4,10
S01007965,Level 3,44,32,26,1,5,12
S01007965,Level 4 and above,29,25,24,1,0,4
S01007966,All people aged 16 and over,733,400,309,19,72,333
S01007966,No qualifications,346,133,93,7,33,213
S01007966,Level 1,194,130,100,3,27,64
S01007966,Level 2,61,39,34,1,4,22
S01007966,Level 3,64,45,37,3,5,19
S01007966,Level 4 and above,68,53,45,5,3,15
S01007967,All people aged 16 and over,464,296,223,14,59,168
S01007967,No qualifications,189,88,59,4,25,101
S01007967,Level 1,137,96,72,2,22,41
S01007967,Level 2,63,50,40,3,7,13
S01007967,Level 3,47,37,33,1,3,10
S01007967,Level 4 and above,28,25,19,4,2,3
S01007968,All people aged 16 and over,741,421,352,24,45,320
S01007968,No qualifications,322,98,75,6,17,224
S01007968,Level 1,183,136,112,10,14,47
S01007968,Level 2,86,65,58,1,6,21
S01007968,Level 3,75,64,56,2,6,11
S01007968,Level 4 and above,75,58,51,5,2,17
S01007969,All people aged 16 and over,700,404,337,29,38,296
S01007969,No qualifications,289,95,72,13,10,194
S01007969,Level 1,163,119,95,6,18,44
S01007969,Level 2,83,63,53,4,6,20
S01007969,Level 3,80,61,57,2,2,19
S01007969,Level 4 and above,85,66,60,4,2,19
S01007970,All people aged 16 and over,707,451,373,25,53,256
S01007970,No qualifications,295,115,85,16,14,180
S01007970,Level 1,183,145,118,4,23,38
S01007970,Level 2,83,65,59,0,6,18
S01007970,Level 3,74,67,57,4,6,7
S01007970,Level 4 and above,72,59,54,1,4,13
S01007971,All people aged 16 and over,796,450,363,23,64,346
S01007971,No qualifications,324,88,65,8,15,236
S01007971,Level 1,222,172,133,6,33,50
S01007971,Level 2,86,63,51,5,7,23
S01007971,Level 3,69,57,51,0,6,12
S01007971,Level 4 and above,95,70,63,4,3,25
S01007972,All people aged 16 and over,705,447,371,26,50,258
S01007972,No qualifications,297,108,90,10,8,189
S01007972,Level 1,198,162,126,8,28,36
S01007972,Level 2,82,68,60,2,6,14
S01007972,Level 3,61,53,46,3,4,8
S01007972,Level 4 and above,67,56,49,3,4,11
S01007973,All people aged 16 and over,724,485,431,38,16,239
S01007973,No qualifications,185,76,61,10,5,109
S01007973,Level 1,183,132,118,10,4,51
S01007973,Level 2,110,87,75,8,4,23
S01007973,Level 3,84,78,73,3,2,6
S01007973,Level 4 and above,162,112,104,7,1,50
S01007974,All people aged 16 and over,699,376,314,22,40,323
S01007974,No qualifications,310,83,67,5,11,227
S01007974,Level 1,190,134,108,9,17,56
S01007974,Level 2,80,63,53,6,4,17
S01007974,Level 3,52,42,37,1,4,10
S01007974,Level 4 and above,67,54,49,1,4,13
S01007975,All people aged 16 and over,561,321,256,23,42,240
S01007975,No qualifications,232,69,56,5,8,163
S01007975,Level 1,137,109,83,7,19,28
S01007975,Level 2,75,53,41,6,6,22
S01007975,Level 3,47,36,28,2,6,11
S01007975,Level 4 and above,70,54,48,3,3,16
S01007976,All people aged 16 and over,645,354,274,27,53,291
S01007976,No qualifications,296,84,56,6,22,212
S01007976,Level 1,113,81,58,7,16,32
S01007976,Level 2,76,59,47,8,4,17
S01007976,Level 3,71,60,50,3,7,11
S01007976,Level 4 and above,89,70,63,3,4,19
S01007977,All people aged 16 and over,558,392,343,31,18,166
S01007977,No qualifications,124,49,43,4,2,75
S01007977,Level 1,133,90,73,9,8,43
S01007977,Level 2,71,57,50,6,1,14
S01007977,Level 3,66,53,50,2,1,13
S01007977,Level 4 and above,164,143,127,10,6,21
S01007978,All people aged 16 and over,505,348,289,19,40,157
S01007978,No qualifications,146,46,35,3,8,100
S01007978,Level 1,103,76,59,5,12,27
S01007978,Level 2,78,68,50,6,12,10
S01007978,Level 3,70,65,58,3,4,5
S01007978,Level 4 and above,108,93,87,2,4,15
S01007979,All people aged 16 and over,707,469,386,53,30,238
S01007979,No qualifications,141,49,43,3,3,92
S01007979,Level 1,125,82,56,14,12,43
S01007979,Level 2,114,85,72,7,6,29
S01007979,Level 3,87,75,61,8,6,12
S01007979,Level 4 and above,240,178,154,21,3,62
S01007980,All people aged 16 and over,611,370,304,35,31,241
S01007980,No qualifications,184,58,40,9,9,126
S01007980,Level 1,143,90,74,7,9,53
S01007980,Level 2,91,71,60,4,7,20
S01007980,Level 3,65,59,52,7,0,6
S01007980,Level 4 and above,128,92,78,8,6,36
S01007981,All people aged 16 and over,488,267,216,37,14,221
S01007981,No qualifications,163,45,30,10,5,118
S01007981,Level 1,106,62,50,8,4,44
S01007981,Level 2,66,46,34,9,3,20
S01007981,Level 3,45,31,29,2,0,14
S01007981,Level 4 and above,108,83,73,8,2,25
S01007982,All people aged 16 and over,439,260,226,23,11,179
S01007982,No qualifications,127,44,36,7,1,83
S01007982,Level 1,103,68,58,6,4,35
S01007982,Level 2,57,43,37,2,4,14
S01007982,Level 3,49,34,32,2,0,15
S01007982,Level 4 and above,103,71,63,6,2,32
S01007983,All people aged 16 and over,649,335,257,26,52,314
S01007983,No qualifications,287,76,59,7,10,211
S01007983,Level 1,165,109,79,4,26,56
S01007983,Level 2,68,43,34,2,7,25
S01007983,Level 3,70,59,47,6,6,11
S01007983,Level 4 and above,59,48,38,7,3,11
S01007984,All people aged 16 and over,681,396,328,30,38,285
S01007984,No qualifications,241,73,56,7,10,168
S01007984,Level 1,146,107,87,6,14,39
S01007984,Level 2,78,54,45,4,5,24
S01007984,Level 3,74,57,48,4,5,17
S01007984,Level 4 and above,142,105,92,9,4,37
S01007985,All people aged 16 and over,744,430,330,25,75,314
S01007985,No qualifications,288,96,74,5,17,192
S01007985,Level 1,231,162,116,10,36,69
S01007985,Level 2,97,70,49,3,18,27
S01007985,Level 3,68,58,50,5,3,10
S01007985,Level 4 and above,60,44,41,2,1,16
S01007986,All people aged 16 and over,475,279,240,17,22,196
S01007986,No qualifications,181,65,55,4,6,116
S01007986,Level 1,119,78,63,7,8,41
S01007986,Level 2,67,48,40,3,5,19
S01007986,Level 3,51,40,36,1,3,11
S01007986,Level 4 and above,57,48,46,2,0,9
S01007987,All people aged 16 and over,621,419,357,30,32,202
S01007987,No qualifications,188,67,54,9,4,121
S01007987,Level 1,140,109,84,7,18,31
S01007987,Level 2,103,85,80,3,2,18
S01007987,Level 3,70,58,52,2,4,12
S01007987,Level 4 and above,120,100,87,9,4,20
S01007988,All people aged 16 and over,667,375,316,21,38,292
S01007988,No qualifications,262,86,67,10,9,176
S01007988,Level 1,173,112,97,3,12,61
S01007988,Level 2,95,70,57,3,10,25
S01007988,Level 3,66,55,47,3,5,11
S01007988,Level 4 and above,71,52,48,2,2,19
S01007989,All people aged 16 and over,551,369,297,27,45,182
S01007989,No qualifications,167,83,63,9,11,84
S01007989,Level 1,163,116,83,11,22,47
S01007989,Level 2,89,62,56,2,4,27
S01007989,Level 3,74,60,52,2,6,14
S01007989,Level 4 and above,58,48,43,3,2,10
S01007990,All people aged 16 and over,683,509,422,27,60,174
S01007990,No qualifications,154,75,55,10,10,79
S01007990,Level 1,216,167,134,7,26,49
S01007990,Level 2,111,91,76,2,13,20
S01007990,Level 3,94,83,73,2,8,11
S01007990,Level 4 and above,108,93,84,6,3,15
S01007991,All people aged 16 and over,720,594,516,52,26,126
S01007991,No qualifications,86,52,38,13,1,34
S01007991,Level 1,134,107,86,13,8,27
S01007991,Level 2,144,118,101,12,5,26
S01007991,Level 3,100,90,82,1,7,10
S01007991,Level 4 and above,256,227,209,13,5,29
S01007992,All people aged 16 and over,494,396,338,46,12,98
S01007992,No qualifications,65,35,25,10,0,30
S01007992,Level 1,106,78,65,10,3,28
S01007992,Level 2,88,74,62,10,2,14
S01007992,Level 3,77,65,55,7,3,12
S01007992,Level 4 and above,158,144,131,9,4,14
S01007993,All people aged 16 and over,703,503,429,47,27,200
S01007993,No qualifications,139,64,51,8,5,75
S01007993,Level 1,166,125,102,16,7,41
S01007993,Level 2,127,100,86,9,5,27
S01007993,Level 3,89,73,59,7,7,16
S01007993,Level 4 and above,182,141,131,7,3,41
S01007994,All people aged 16 and over,605,507,434,52,21,98
S01007994,No qualifications,56,37,28,6,3,19
S01007994,Level 1,129,95,76,16,3,34
S01007994,Level 2,97,78,68,8,2,19
S01007994,Level 3,111,99,87,6,6,12
S01007994,Level 4 and above,212,198,175,16,7,14
S01007995,All people aged 16 and over,683,540,482,35,23,143
S01007995,No qualifications,103,54,43,4,7,49
S01007995,Level 1,180,134,114,12,8,46
S01007995,Level 2,121,99,89,5,5,22
S01007995,Level 3,73,66,63,2,1,7
S01007995,Level 4 and above,206,187,173,12,2,19
S01007996,All people aged 16 and over,392,251,202,39,10,141
S01007996,No qualifications,90,34,24,8,2,56
S01007996,Level 1,71,52,35,14,3,19
S01007996,Level 2,71,50,43,5,2,21
S01007996,Level 3,38,32,25,5,2,6
S01007996,Level 4 and above,122,83,75,7,1,39
S01007997,All people aged 16 and over,581,358,288,51,19,223
S01007997,No qualifications,110,45,28,10,7,65
S01007997,Level 1,94,61,51,7,3,33
S01007997,Level 2,91,64,54,6,4,27
S01007997,Level 3,58,41,30,10,1,17
S01007997,Level 4 and above,228,147,125,18,4,81
S01007998,All people aged 16 and over,451,274,218,45,11,177
S01007998,No qualifications,80,21,10,6,5,59
S01007998,Level 1,72,42,33,7,2,30
S01007998,Level 2,83,64,54,8,2,19
S01007998,Level 3,49,38,28,9,1,11
S01007998,Level 4 and above,167,109,93,15,1,58
S01007999,All people aged 16 and over,544,353,289,29,35,191
S01007999,No qualifications,232,107,79,14,14,125
S01007999,Level 1,161,123,101,8,14,38
S01007999,Level 2,63,49,42,3,4,14
S01007999,Level 3,42,37,32,2,3,5
S01007999,Level 4 and above,46,37,35,2,0,9
S01008000,All people aged 16 and over,733,415,329,20,66,318
S01008000,No qualifications,307,100,75,6,19,207
S01008000,Level 1,208,146,111,4,31,62
S01008000,Level 2,75,61,49,4,8,14
S01008000,Level 3,69,55,49,2,4,14
S01008000,Level 4 and above,74,53,45,4,4,21
S01008001,All people aged 16 and over,655,367,272,14,81,288
S01008001,No qualifications,309,121,84,2,35,188
S01008001,Level 1,180,120,83,3,34,60
S01008001,Level 2,68,53,41,4,8,15
S01008001,Level 3,56,41,36,3,2,15
S01008001,Level 4 and above,42,32,28,2,2,10
S01008002,All people aged 16 and over,611,377,245,39,93,234
S01008002,No qualifications,267,123,77,9,37,144
S01008002,Level 1,167,105,67,8,30,62
S01008002,Level 2,59,54,34,5,15,5
S01008002,Level 3,51,45,32,8,5,6
S01008002,Level 4 and above,67,50,35,9,6,17
S01008003,All people aged 16 and over,533,316,255,29,32,217
S01008003,No qualifications,217,68,50,9,9,149
S01008003,Level 1,122,93,71,11,11,29
S01008003,Level 2,54,41,32,3,6,13
S01008003,Level 3,49,41,38,1,2,8
S01008003,Level 4 and above,91,73,64,5,4,18
S01008004,All people aged 16 and over,465,354,305,24,25,111
S01008004,No qualifications,93,52,39,7,6,41
S01008004,Level 1,124,93,80,5,8,31
S01008004,Level 2,70,57,45,5,7,13
S01008004,Level 3,63,49,46,1,2,14
S01008004,Level 4 and above,115,103,95,6,2,12
S01008005,All people aged 16 and over,397,322,270,27,25,75
S01008005,No qualifications,49,24,17,6,1,25
S01008005,Level 1,106,81,59,7,15,25
S01008005,Level 2,72,66,60,3,3,6
S01008005,Level 3,58,47,40,4,3,11
S01008005,Level 4 and above,112,104,94,7,3,8
S01008006,All people aged 16 and over,445,217,158,15,44,228
S01008006,No qualifications,230,72,55,3,14,158
S01008006,Level 1,113,72,48,8,16,41
S01008006,Level 2,48,27,16,3,8,21
S01008006,Level 3,28,27,23,1,3,1
S01008006,Level 4 and above,26,19,16,0,3,7
S01008007,All people aged 16 and over,336,221,161,7,53,115
S01008007,No qualifications,141,74,48,2,24,67
S01008007,Level 1,82,58,39,2,17,24
S01008007,Level 2,40,32,23,0,9,8
S01008007,Level 3,31,25,22,0,3,6
S01008007,Level 4 and above,42,32,29,3,0,10
S01008008,All people aged 16 and over,459,294,228,24,42,165
S01008008,No qualifications,167,67,43,8,16,100
S01008008,Level 1,126,90,70,5,15,36
S01008008,Level 2,58,50,36,8,6,8
S01008008,Level 3,47,38,33,2,3,9
S01008008,Level 4 and above,61,49,46,1,2,12
S01008009,All people aged 16 and over,590,363,271,31,61,227
S01008009,No qualifications,188,72,43,8,21,116
S01008009,Level 1,142,96,63,10,23,46
S01008009,Level 2,79,53,44,4,5,26
S01008009,Level 3,76,55,43,2,10,21
S01008009,Level 4 and above,105,87,78,7,2,18
S01008010,All people aged 16 and over,747,487,351,43,93,260
S01008010,No qualifications,250,90,54,9,27,160
S01008010,Level 1,197,146,90,9,47,51
S01008010,Level 2,106,86,68,6,12,20
S01008010,Level 3,83,73,60,9,4,10
S01008010,Level 4 and above,111,92,79,10,3,19
S01008011,All people aged 16 and over,612,311,231,19,61,301
S01008011,No qualifications,290,60,35,3,22,230
S01008011,Level 1,106,74,49,5,20,32
S01008011,Level 2,50,40,32,1,7,10
S01008011,Level 3,57,46,34,4,8,11
S01008011,Level 4 and above,109,91,81,6,4,18
S01008012,All people aged 16 and over,701,460,369,47,44,241
S01008012,No qualifications,184,54,38,10,6,130
S01008012,Level 1,161,114,95,5,14,47
S01008012,Level 2,95,77,58,9,10,18
S01008012,Level 3,89,72,58,5,9,17
S01008012,Level 4 and above,172,143,120,18,5,29
S01008013,All people aged 16 and over,620,338,279,36,23,282
S01008013,No qualifications,232,38,30,3,5,194
S01008013,Level 1,107,73,56,9,8,34
S01008013,Level 2,73,56,44,10,2,17
S01008013,Level 3,56,45,40,2,3,11
S01008013,Level 4 and above,152,126,109,12,5,26
S01008014,All people aged 16 and over,545,350,289,33,28,195
S01008014,No qualifications,144,38,22,9,7,106
S01008014,Level 1,127,93,74,7,12,34
S01008014,Level 2,85,65,53,6,6,20
S01008014,Level 3,56,49,45,3,1,7
S01008014,Level 4 and above,133,105,95,8,2,28
S01008015,All people aged 16 and over,663,394,330,19,45,269
S01008015,No qualifications,258,86,66,5,15,172
S01008015,Level 1,155,103,86,7,10,52
S01008015,Level 2,73,61,50,1,10,12
S01008015,Level 3,66,52,44,3,5,14
S01008015,Level 4 and above,111,92,84,3,5,19
S01008016,All people aged 16 and over,689,394,313,41,40,295
S01008016,No qualifications,276,76,50,11,15,200
S01008016,Level 1,172,122,97,11,14,50
S01008016,Level 2,74,59,44,11,4,15
S01008016,Level 3,67,54,47,3,4,13
S01008016,Level 4 and above,100,83,75,5,3,17
S01008017,All people aged 16 and over,787,427,364,46,17,360
S01008017,No qualifications,191,37,28,7,2,154
S01008017,Level 1,120,67,52,11,4,53
S01008017,Level 2,132,92,82,5,5,40
S01008017,Level 3,71,53,49,3,1,18
S01008017,Level 4 and above,273,178,153,20,5,95
S01008018,All people aged 16 and over,573,321,272,38,11,252
S01008018,No qualifications,142,33,26,4,3,109
S01008018,Level 1,109,70,58,9,3,39
S01008018,Level 2,80,54,46,7,1,26
S01008018,Level 3,51,39,33,6,0,12
S01008018,Level 4 and above,191,125,109,12,4,66
S01008019,All people aged 16 and over,620,386,307,60,19,234
S01008019,No qualifications,125,22,15,4,3,103
S01008019,Level 1,96,66,48,14,4,30
S01008019,Level 2,89,64,49,9,6,25
S01008019,Level 3,77,55,49,5,1,22
S01008019,Level 4 and above,233,179,146,28,5,54
S01008020,All people aged 16 and over,524,367,309,42,16,157
S01008020,No qualifications,131,48,35,10,3,83
S01008020,Level 1,97,80,68,9,3,17
S01008020,Level 2,91,66,55,8,3,25
S01008020,Level 3,58,47,39,7,1,11
S01008020,Level 4 and above,147,126,112,8,6,21
S01008021,All people aged 16 and over,482,288,233,43,12,194
S01008021,No qualifications,93,29,18,9,2,64
S01008021,Level 1,91,52,40,9,3,39
S01008021,Level 2,89,65,54,8,3,24
S01008021,Level 3,60,41,33,7,1,19
S01008021,Level 4 and above,149,101,88,10,3,48
S01008022,All people aged 16 and over,605,391,326,47,18,214
S01008022,No qualifications,116,45,33,10,2,71
S01008022,Level 1,106,69,56,9,4,37
S01008022,Level 2,114,82,68,7,7,32
S01008022,Level 3,78,59,49,8,2,19
S01008022,Level 4 and above,191,136,120,13,3,55
S01008023,All people aged 16 and over,549,421,351,51,19,128
S01008023,No qualifications,82,42,34,6,2,40
S01008023,Level 1,128,99,70,19,10,29
S01008023,Level 2,107,88,71,12,5,19
S01008023,Level 3,64,55,50,4,1,9
S01008023,Level 4 and above,168,137,126,10,1,31
S01008024,All people aged 16 and over,482,430,367,48,15,52
S01008024,No qualifications,23,12,9,2,1,11
S01008024,Level 1,91,80,60,14,6,11
S01008024,Level 2,86,75,66,7,2,11
S01008024,Level 3,84,81,69,9,3,3
S01008024,Level 4 and above,198,182,163,16,3,16
S01008025,All people aged 16 and over,583,405,356,38,11,178
S01008025,No qualifications,162,71,52,15,4,91
S01008025,Level 1,167,121,109,7,5,46
S01008025,Level 2,96,79,74,3,2,17
S01008025,Level 3,57,50,43,7,0,7
S01008025,Level 4 and above,101,84,78,6,0,17
S01008026,All people aged 16 and over,853,535,440,48,47,318
S01008026,No qualifications,316,107,84,9,14,209
S01008026,Level 1,208,166,134,19,13,42
S01008026,Level 2,112,93,76,5,12,19
S01008026,Level 3,84,67,58,6,3,17
S01008026,Level 4 and above,133,102,88,9,5,31
S01008027,All people aged 16 and over,475,289,252,11,26,186
S01008027,No qualifications,189,69,63,1,5,120
S01008027,Level 1,126,95,77,4,14,31
S01008027,Level 2,62,47,42,0,5,15
S01008027,Level 3,40,35,33,0,2,5
S01008027,Level 4 and above,58,43,37,6,0,15
S01008028,All people aged 16 and over,469,332,277,38,17,137
S01008028,No qualifications,133,57,41,10,6,76
S01008028,Level 1,110,81,70,9,2,29
S01008028,Level 2,74,66,56,6,4,8
S01008028,Level 3,60,51,42,7,2,9
S01008028,Level 4 and above,92,77,68,6,3,15
S01008029,All people aged 16 and over,784,472,351,91,30,312
S01008029,No qualifications,225,76,43,27,6,149
S01008029,Level 1,174,91,62,21,8,83
S01008029,Level 2,110,88,63,21,4,22
S01008029,Level 3,81,62,51,5,6,19
S01008029,Level 4 and above,194,155,132,17,6,39
S01008030,All people aged 16 and over,912,557,427,92,38,355
S01008030,No qualifications,231,55,35,16,4,176
S01008030,Level 1,172,116,79,24,13,56
S01008030,Level 2,138,89,68,13,8,49
S01008030,Level 3,112,92,70,12,10,20
S01008030,Level 4 and above,259,205,175,27,3,54
S01008031,All people aged 16 and over,730,446,366,37,43,284
S01008031,No qualifications,248,80,59,7,14,168
S01008031,Level 1,171,131,110,10,11,40
S01008031,Level 2,84,59,52,3,4,25
S01008031,Level 3,90,66,53,7,6,24
S01008031,Level 4 and above,137,110,92,10,8,27
S01008032,All people aged 16 and over,733,472,401,40,31,261
S01008032,No qualifications,265,114,95,11,8,151
S01008032,Level 1,186,134,109,13,12,52
S01008032,Level 2,85,63,57,3,3,22
S01008032,Level 3,84,69,58,6,5,15
S01008032,Level 4 and above,113,92,82,7,3,21
S01008033,All people aged 16 and over,625,468,368,86,14,157
S01008033,No qualifications,50,23,12,8,3,27
S01008033,Level 1,99,62,45,12,5,37
S01008033,Level 2,116,82,72,9,1,34
S01008033,Level 3,66,54,40,14,0,12
S01008033,Level 4 and above,294,247,199,43,5,47
S01008034,All people aged 16 and over,599,461,370,75,16,138
S01008034,No qualifications,55,19,11,7,1,36
S01008034,Level 1,88,59,40,16,3,29
S01008034,Level 2,101,75,65,7,3,26
S01008034,Level 3,59,52,46,4,2,7
S01008034,Level 4 and above,296,256,208,41,7,40
S01008035,All people aged 16 and over,531,332,278,34,20,199
S01008035,No qualifications,82,27,20,3,4,55
S01008035,Level 1,98,55,41,7,7,43
S01008035,Level 2,99,64,56,5,3,35
S01008035,Level 3,56,38,31,6,1,18
S01008035,Level 4 and above,196,148,130,13,5,48
S01008036,All people aged 16 and over,567,357,300,38,19,210
S01008036,No qualifications,96,34,23,10,1,62
S01008036,Level 1,104,68,55,7,6,36
S01008036,Level 2,87,61,47,6,8,26
S01008036,Level 3,67,51,44,5,2,16
S01008036,Level 4 and above,213,143,131,10,2,70
S01008037,All people aged 16 and over,833,512,422,57,33,321
S01008037,No qualifications,262,92,75,13,4,170
S01008037,Level 1,212,141,114,17,10,71
S01008037,Level 2,133,103,83,9,11,30
S01008037,Level 3,64,49,44,1,4,15
S01008037,Level 4 and above,162,127,106,17,4,35
S01008038,All people aged 16 and over,592,400,323,47,30,192
S01008038,No qualifications,175,74,55,15,4,101
S01008038,Level 1,156,110,81,17,12,46
S01008038,Level 2,83,64,49,7,8,19
S01008038,Level 3,65,58,55,0,3,7
S01008038,Level 4 and above,113,94,83,8,3,19
S01008039,All people aged 16 and over,715,467,381,46,40,248
S01008039,No qualifications,164,65,53,8,4,99
S01008039,Level 1,169,120,92,11,17,49
S01008039,Level 2,121,94,76,8,10,27
S01008039,Level 3,83,57,44,8,5,26
S01008039,Level 4 and above,178,131,116,11,4,47
S01008040,All people aged 16 and over,653,376,300,57,19,277
S01008040,No qualifications,102,36,24,10,2,66
S01008040,Level 1,105,61,48,9,4,44
S01008040,Level 2,101,61,48,8,5,40
S01008040,Level 3,63,44,36,2,6,19
S01008040,Level 4 and above,282,174,144,28,2,108
S01008041,All people aged 16 and over,600,320,266,41,13,280
S01008041,No qualifications,144,24,16,7,1,120
S01008041,Level 1,93,54,43,6,5,39
S01008041,Level 2,80,50,43,7,0,30
S01008041,Level 3,52,38,32,4,2,14
S01008041,Level 4 and above,231,154,132,17,5,77
S01008042,All people aged 16 and over,480,265,200,58,7,215
S01008042,No qualifications,65,14,10,2,2,51
S01008042,Level 1,56,27,15,8,4,29
S01008042,Level 2,69,41,34,7,0,28
S01008042,Level 3,29,22,18,4,0,7
S01008042,Level 4 and above,261,161,123,37,1,100
S01008043,All people aged 16 and over,767,449,339,102,8,318
S01008043,No qualifications,78,20,9,11,0,58
S01008043,Level 1,79,29,21,6,2,50
S01008043,Level 2,111,71,51,19,1,40
S01008043,Level 3,76,52,37,12,3,24
S01008043,Level 4 and above,423,277,221,54,2,146
S01008044,All people aged 16 and over,815,487,388,87,12,328
S01008044,No qualifications,91,25,15,9,1,66
S01008044,Level 1,115,64,47,15,2,51
S01008044,Level 2,115,69,57,9,3,46
S01008044,Level 3,82,62,52,8,2,20
S01008044,Level 4 and above,412,267,217,46,4,145
S01008045,All people aged 16 and over,828,449,310,111,28,379
S01008045,No qualifications,162,37,25,10,2,125
S01008045,Level 1,121,73,36,26,11,48
S01008045,Level 2,128,72,50,14,8,56
S01008045,Level 3,44,29,22,6,1,15
S01008045,Level 4 and above,373,238,177,55,6,135
S01008046,All people aged 16 and over,755,347,276,38,33,408
S01008046,No qualifications,241,47,35,6,6,194
S01008046,Level 1,132,73,60,6,7,59
S01008046,Level 2,94,54,46,4,4,40
S01008046,Level 3,57,37,24,4,9,20
S01008046,Level 4 and above,231,136,111,18,7,95
S01008047,All people aged 16 and over,581,319,251,55,13,262
S01008047,No qualifications,86,17,16,1,0,69
S01008047,Level 1,78,31,21,9,1,47
S01008047,Level 2,101,53,40,6,7,48
S01008047,Level 3,43,30,25,4,1,13
S01008047,Level 4 and above,273,188,149,35,4,85
S01008048,All people aged 16 and over,488,252,213,29,10,236
S01008048,No qualifications,63,10,4,4,2,53
S01008048,Level 1,67,33,26,4,3,34
S01008048,Level 2,85,51,44,5,2,34
S01008048,Level 3,54,35,31,3,1,19
S01008048,Level 4 and above,219,123,108,13,2,96
S01008049,All people aged 16 and over,709,382,309,63,10,327
S01008049,No qualifications,105,15,11,3,1,90
S01008049,Level 1,100,56,46,10,0,44
S01008049,Level 2,113,69,56,9,4,44
S01008049,Level 3,65,44,37,6,1,21
S01008049,Level 4 and above,326,198,159,35,4,128
S01008050,All people aged 16 and over,508,273,220,45,8,235
S01008050,No qualifications,56,13,9,3,1,43
S01008050,Level 1,67,26,16,8,2,41
S01008050,Level 2,68,43,34,7,2,25
S01008050,Level 3,52,38,33,4,1,14
S01008050,Level 4 and above,265,153,128,23,2,112
S01008051,All people aged 16 and over,690,445,379,51,15,245
S01008051,No qualifications,55,12,9,3,0,43
S01008051,Level 1,93,51,45,3,3,42
S01008051,Level 2,108,66,56,6,4,42
S01008051,Level 3,61,43,37,5,1,18
S01008051,Level 4 and above,373,273,232,34,7,100
S01008052,All people aged 16 and over,668,448,368,67,13,220
S01008052,No qualifications,73,21,14,6,1,52
S01008052,Level 1,82,45,35,8,2,37
S01008052,Level 2,90,60,48,8,4,30
S01008052,Level 3,61,45,40,4,1,16
S01008052,Level 4 and above,362,277,231,41,5,85
S01008053,All people aged 16 and over,507,261,210,41,10,246
S01008053,No qualifications,76,18,10,6,2,58
S01008053,Level 1,60,27,21,5,1,33
S01008053,Level 2,66,40,30,6,4,26
S01008053,Level 3,39,19,16,2,1,20
S01008053,Level 4 and above,266,157,133,22,2,109
S01008054,All people aged 16 and over,662,360,275,75,10,302
S01008054,No qualifications,81,13,11,2,0,68
S01008054,Level 1,83,37,24,8,5,46
S01008054,Level 2,103,48,38,10,0,55
S01008054,Level 3,47,35,29,6,0,12
S01008054,Level 4 and above,348,227,173,49,5,121
S01008055,All people aged 16 and over,835,507,408,85,14,328
S01008055,No qualifications,45,15,8,7,0,30
S01008055,Level 1,102,50,41,7,2,52
S01008055,Level 2,124,65,54,8,3,59
S01008055,Level 3,65,42,33,8,1,23
S01008055,Level 4 and above,499,335,272,55,8,164
S01008056,All people aged 16 and over,623,321,261,53,7,302
S01008056,No qualifications,80,7,6,1,0,73
S01008056,Level 1,72,35,28,6,1,37
S01008056,Level 2,85,38,28,8,2,47
S01008056,Level 3,34,18,13,5,0,16
S01008056,Level 4 and above,352,223,186,33,4,129
S01008057,All people aged 16 and over,758,449,364,74,11,309
S01008057,No qualifications,79,19,10,9,0,60
S01008057,Level 1,78,53,37,13,3,25
S01008057,Level 2,107,61,54,6,1,46
S01008057,Level 3,69,46,36,9,1,23
S01008057,Level 4 and above,425,270,227,37,6,155
S01008058,All people aged 16 and over,718,507,377,111,19,211
S01008058,No qualifications,59,25,15,8,2,34
S01008058,Level 1,112,72,45,24,3,40
S01008058,Level 2,128,93,73,14,6,35
S01008058,Level 3,55,45,29,15,1,10
S01008058,Level 4 and above,364,272,215,50,7,92
S01008059,All people aged 16 and over,559,359,294,55,10,200
S01008059,No qualifications,77,27,18,9,0,50
S01008059,Level 1,83,54,40,12,2,29
S01008059,Level 2,112,77,61,13,3,35
S01008059,Level 3,78,55,46,9,0,23
S01008059,Level 4 and above,209,146,129,12,5,63
S01008060,All people aged 16 and over,725,481,401,62,18,244
S01008060,No qualifications,79,20,16,4,0,59
S01008060,Level 1,118,70,56,11,3,48
S01008060,Level 2,147,104,92,8,4,43
S01008060,Level 3,67,53,41,6,6,14
S01008060,Level 4 and above,314,234,196,33,5,80
S01008061,All people aged 16 and over,627,399,330,52,17,228
S01008061,No qualifications,124,23,13,7,3,101
S01008061,Level 1,96,56,41,12,3,40
S01008061,Level 2,120,92,81,6,5,28
S01008061,Level 3,63,48,40,4,4,15
S01008061,Level 4 and above,224,180,155,23,2,44
S01008062,All people aged 16 and over,714,444,387,43,14,270
S01008062,No qualifications,127,48,40,8,0,79
S01008062,Level 1,139,76,59,13,4,63
S01008062,Level 2,115,78,71,5,2,37
S01008062,Level 3,88,66,55,6,5,22
S01008062,Level 4 and above,245,176,162,11,3,69
S01008063,All people aged 16 and over,764,471,394,63,14,293
S01008063,No qualifications,103,37,27,9,1,66
S01008063,Level 1,134,74,60,12,2,60
S01008063,Level 2,95,55,44,9,2,40
S01008063,Level 3,82,61,55,2,4,21
S01008063,Level 4 and above,350,244,208,31,5,106
S01008064,All people aged 16 and over,568,365,286,32,47,203
S01008064,No qualifications,127,53,42,6,5,74
S01008064,Level 1,143,93,65,9,19,50
S01008064,Level 2,93,58,44,3,11,35
S01008064,Level 3,67,52,41,4,7,15
S01008064,Level 4 and above,138,109,94,10,5,29
S01008065,All people aged 16 and over,775,510,410,76,24,265
S01008065,No qualifications,72,29,20,7,2,43
S01008065,Level 1,92,56,43,8,5,36
S01008065,Level 2,129,89,70,13,6,40
S01008065,Level 3,70,48,43,5,0,22
S01008065,Level 4 and above,412,288,234,43,11,124
S01008066,All people aged 16 and over,727,445,318,108,19,282
S01008066,No qualifications,46,16,6,6,4,30
S01008066,Level 1,58,33,12,18,3,25
S01008066,Level 2,121,61,43,13,5,60
S01008066,Level 3,39,26,19,5,2,13
S01008066,Level 4 and above,463,309,238,66,5,154
S01008067,All people aged 16 and over,524,318,251,59,8,206
S01008067,No qualifications,54,20,13,7,0,34
S01008067,Level 1,60,33,25,8,0,27
S01008067,Level 2,65,40,30,6,4,25
S01008067,Level 3,37,23,20,3,0,14
S01008067,Level 4 and above,308,202,163,35,4,106
S01008068,All people aged 16 and over,777,489,392,76,21,288
S01008068,No qualifications,140,55,43,8,4,85
S01008068,Level 1,115,68,54,11,3,47
S01008068,Level 2,118,74,65,5,4,44
S01008068,Level 3,77,54,44,6,4,23
S01008068,Level 4 and above,327,238,186,46,6,89
S01008069,All people aged 16 and over,777,521,437,49,35,256
S01008069,No qualifications,177,58,42,9,7,119
S01008069,Level 1,165,112,95,10,7,53
S01008069,Level 2,139,109,87,9,13,30
S01008069,Level 3,92,71,60,6,5,21
S01008069,Level 4 and above,204,171,153,15,3,33
S01008070,All people aged 16 and over,742,506,436,43,27,236
S01008070,No qualifications,165,57,47,9,1,108
S01008070,Level 1,175,129,99,17,13,46
S01008070,Level 2,148,115,105,6,4,33
S01008070,Level 3,89,67,59,4,4,22
S01008070,Level 4 and above,165,138,126,7,5,27
S01008071,All people aged 16 and over,580,396,342,42,12,184
S01008071,No qualifications,84,27,19,8,0,57
S01008071,Level 1,103,67,52,11,4,36
S01008071,Level 2,109,77,65,7,5,32
S01008071,Level 3,63,50,47,3,0,13
S01008071,Level 4 and above,221,175,159,13,3,46
S01008072,All people aged 16 and over,706,422,335,68,19,284
S01008072,No qualifications,101,23,11,9,3,78
S01008072,Level 1,92,54,42,8,4,38
S01008072,Level 2,102,50,43,7,0,52
S01008072,Level 3,73,55,44,5,6,18
S01008072,Level 4 and above,338,240,195,39,6,98
S01008073,All people aged 16 and over,403,247,187,50,10,156
S01008073,No qualifications,39,17,8,8,1,22
S01008073,Level 1,49,24,14,8,2,25
S01008073,Level 2,61,39,32,5,2,22
S01008073,Level 3,36,18,16,2,0,18
S01008073,Level 4 and above,218,149,117,27,5,69
S01008074,All people aged 16 and over,809,519,409,93,17,290
S01008074,No qualifications,81,27,15,12,0,54
S01008074,Level 1,102,61,44,15,2,41
S01008074,Level 2,133,90,69,15,6,43
S01008074,Level 3,62,42,35,4,3,20
S01008074,Level 4 and above,431,299,246,47,6,132
S01008075,All people aged 16 and over,492,237,174,59,4,255
S01008075,No qualifications,54,8,3,5,0,46
S01008075,Level 1,63,21,11,10,0,42
S01008075,Level 2,83,37,28,7,2,46
S01008075,Level 3,47,26,22,4,0,21
S01008075,Level 4 and above,245,145,110,33,2,100
S01008076,All people aged 16 and over,582,241,172,61,8,341
S01008076,No qualifications,94,14,6,8,0,80
S01008076,Level 1,82,29,24,5,0,53
S01008076,Level 2,69,23,16,6,1,46
S01008076,Level 3,39,19,12,5,2,20
S01008076,Level 4 and above,298,156,114,37,5,142
S01008077,All people aged 16 and over,679,372,265,87,20,307
S01008077,No qualifications,78,24,9,14,1,54
S01008077,Level 1,67,26,19,4,3,41
S01008077,Level 2,94,45,32,7,6,49
S01008077,Level 3,52,37,28,7,2,15
S01008077,Level 4 and above,388,240,177,55,8,148
S01008078,All people aged 16 and over,699,392,306,72,14,307
S01008078,No qualifications,112,21,14,5,2,91
S01008078,Level 1,105,62,44,15,3,43
S01008078,Level 2,126,85,67,16,2,41
S01008078,Level 3,56,38,31,6,1,18
S01008078,Level 4 and above,300,186,150,30,6,114
S01008079,All people aged 16 and over,735,415,324,70,21,320
S01008079,No qualifications,86,15,11,3,1,71
S01008079,Level 1,88,48,33,13,2,40
S01008079,Level 2,109,70,56,11,3,39
S01008079,Level 3,56,35,25,9,1,21
S01008079,Level 4 and above,396,247,199,34,14,149
S01008080,All people aged 16 and over,560,352,272,67,13,208
S01008080,No qualifications,76,25,17,8,0,51
S01008080,Level 1,86,46,30,12,4,40
S01008080,Level 2,79,50,37,11,2,29
S01008080,Level 3,49,39,28,8,3,10
S01008080,Level 4 and above,270,192,160,28,4,78
S01008081,All people aged 16 and over,492,296,231,48,17,196
S01008081,No qualifications,58,17,12,4,1,41
S01008081,Level 1,63,29,17,7,5,34
S01008081,Level 2,81,42,36,4,2,39
S01008081,Level 3,42,32,24,6,2,10
S01008081,Level 4 and above,248,176,142,27,7,72
S01008082,All people aged 16 and over,686,423,355,54,14,263
S01008082,No qualifications,93,31,17,12,2,62
S01008082,Level 1,85,46,37,6,3,39
S01008082,Level 2,106,71,65,4,2,35
S01008082,Level 3,73,46,35,9,2,27
S01008082,Level 4 and above,329,229,201,23,5,100
S01008083,All people aged 16 and over,586,352,296,46,10,234
S01008083,No qualifications,70,14,8,5,1,56
S01008083,Level 1,91,48,40,8,0,43
S01008083,Level 2,105,65,54,5,6,40
S01008083,Level 3,52,36,29,4,3,16
S01008083,Level 4 and above,268,189,165,24,0,79
S01008084,All people aged 16 and over,712,451,348,72,31,261
S01008084,No qualifications,132,44,23,17,4,88
S01008084,Level 1,157,108,86,14,8,49
S01008084,Level 2,103,67,51,7,9,36
S01008084,Level 3,71,46,36,7,3,25
S01008084,Level 4 and above,249,186,152,27,7,63
S01008085,All people aged 16 and over,794,550,429,106,15,244
S01008085,No qualifications,105,41,21,19,1,64
S01008085,Level 1,132,80,54,21,5,52
S01008085,Level 2,147,97,75,18,4,50
S01008085,Level 3,86,68,56,11,1,18
S01008085,Level 4 and above,324,264,223,37,4,60
S01008086,All people aged 16 and over,861,614,489,90,35,247
S01008086,No qualifications,154,65,50,7,8,89
S01008086,Level 1,187,120,86,21,13,67
S01008086,Level 2,155,132,94,29,9,23
S01008086,Level 3,91,69,54,11,4,22
S01008086,Level 4 and above,274,228,205,22,1,46
S01008087,All people aged 16 and over,694,389,330,43,16,305
S01008087,No qualifications,135,31,25,4,2,104
S01008087,Level 1,148,81,60,12,9,67
S01008087,Level 2,101,65,55,7,3,36
S01008087,Level 3,79,46,41,5,0,33
S01008087,Level 4 and above,231,166,149,15,2,65
S01008088,All people aged 16 and over,780,447,389,39,19,333
S01008088,No qualifications,162,46,36,8,2,116
S01008088,Level 1,148,91,73,13,5,57
S01008088,Level 2,141,88,78,4,6,53
S01008088,Level 3,79,54,48,4,2,25
S01008088,Level 4 and above,250,168,154,10,4,82
S01008089,All people aged 16 and over,543,331,280,30,21,212
S01008089,No qualifications,103,25,16,4,5,78
S01008089,Level 1,119,72,58,11,3,47
S01008089,Level 2,104,70,61,5,4,34
S01008089,Level 3,53,41,35,2,4,12
S01008089,Level 4 and above,164,123,110,8,5,41
S01008090,All people aged 16 and over,622,405,344,38,23,217
S01008090,No qualifications,119,39,33,5,1,80
S01008090,Level 1,112,70,53,10,7,42
S01008090,Level 2,106,83,64,10,9,23
S01008090,Level 3,73,61,56,4,1,12
S01008090,Level 4 and above,212,152,138,9,5,60
S01008091,All people aged 16 and over,332,197,169,22,6,135
S01008091,No qualifications,79,25,18,6,1,54
S01008091,Level 1,56,35,29,5,1,21
S01008091,Level 2,55,33,31,1,1,22
S01008091,Level 3,26,21,19,2,0,5
S01008091,Level 4 and above,116,83,72,8,3,33
S01008092,All people aged 16 and over,767,422,354,47,21,345
S01008092,No qualifications,121,22,14,7,1,99
S01008092,Level 1,131,61,42,14,5,70
S01008092,Level 2,160,111,94,12,5,49
S01008092,Level 3,73,48,42,4,2,25
S01008092,Level 4 and above,282,180,162,10,8,102
S01008093,All people aged 16 and over,672,378,325,36,17,294
S01008093,No qualifications,125,27,22,5,0,98
S01008093,Level 1,137,87,72,11,4,50
S01008093,Level 2,130,75,60,9,6,55
S01008093,Level 3,59,46,40,5,1,13
S01008093,Level 4 and above,221,143,131,6,6,78
S01008094,All people aged 16 and over,555,332,257,61,14,223
S01008094,No qualifications,106,40,26,11,3,66
S01008094,Level 1,117,72,51,17,4,45
S01008094,Level 2,94,56,44,11,1,38
S01008094,Level 3,54,36,30,3,3,18
S01008094,Level 4 and above,184,128,106,19,3,56
S01008095,All people aged 16 and over,645,373,316,38,19,272
S01008095,No qualifications,173,53,41,8,4,120
S01008095,Level 1,143,90,75,10,5,53
S01008095,Level 2,112,72,62,8,2,40
S01008095,Level 3,74,53,43,6,4,21
S01008095,Level 4 and above,143,105,95,6,4,38
S01008096,All people aged 16 and over,676,358,298,41,19,318
S01008096,No qualifications,174,41,30,9,2,133
S01008096,Level 1,110,59,49,6,4,51
S01008096,Level 2,122,84,70,6,8,38
S01008096,Level 3,62,41,34,4,3,21
S01008096,Level 4 and above,208,133,115,16,2,75
S01008097,All people aged 16 and over,543,294,233,43,18,249
S01008097,No qualifications,117,28,16,10,2,89
S01008097,Level 1,97,50,34,11,5,47
S01008097,Level 2,86,58,47,4,7,28
S01008097,Level 3,52,35,29,3,3,17
S01008097,Level 4 and above,191,123,107,15,1,68
S01008098,All people aged 16 and over,620,394,337,42,15,226
S01008098,No qualifications,131,50,40,8,2,81
S01008098,Level 1,121,75,61,8,6,46
S01008098,Level 2,106,69,56,9,4,37
S01008098,Level 3,70,54,50,2,2,16
S01008098,Level 4 and above,192,146,130,15,1,46
S01008099,All people aged 16 and over,444,289,235,36,18,155
S01008099,No qualifications,109,50,36,10,4,59
S01008099,Level 1,116,72,55,11,6,44
S01008099,Level 2,81,62,56,3,3,19
S01008099,Level 3,42,35,27,4,4,7
S01008099,Level 4 and above,96,70,61,8,1,26
S01008100,All people aged 16 and over,800,432,332,70,30,368
S01008100,No qualifications,162,35,20,11,4,127
S01008100,Level 1,150,78,57,12,9,72
S01008100,Level 2,112,65,52,9,4,47
S01008100,Level 3,69,44,32,8,4,25
S01008100,Level 4 and above,307,210,171,30,9,97
S01008101,All people aged 16 and over,629,459,379,46,34,170
S01008101,No qualifications,129,66,45,15,6,63
S01008101,Level 1,128,82,62,11,9,46
S01008101,Level 2,106,85,67,7,11,21
S01008101,Level 3,81,68,62,4,2,13
S01008101,Level 4 and above,185,158,143,9,6,27
S01008102,All people aged 16 and over,695,414,335,45,34,281
S01008102,No qualifications,209,54,42,7,5,155
S01008102,Level 1,152,108,81,15,12,44
S01008102,Level 2,105,77,62,9,6,28
S01008102,Level 3,64,50,39,5,6,14
S01008102,Level 4 and above,165,125,111,9,5,40
S01008103,All people aged 16 and over,524,314,254,38,22,210
S01008103,No qualifications,174,56,41,10,5,118
S01008103,Level 1,106,63,49,7,7,43
S01008103,Level 2,68,50,40,7,3,18
S01008103,Level 3,59,47,40,4,3,12
S01008103,Level 4 and above,117,98,84,10,4,19
S01008104,All people aged 16 and over,718,451,365,42,44,267
S01008104,No qualifications,241,92,67,10,15,149
S01008104,Level 1,176,132,103,17,12,44
S01008104,Level 2,94,64,53,6,5,30
S01008104,Level 3,69,56,47,2,7,13
S01008104,Level 4 and above,138,107,95,7,5,31
S01008105,All people aged 16 and over,856,531,420,44,67,325
S01008105,No qualifications,306,110,80,7,23,196
S01008105,Level 1,237,171,130,18,23,66
S01008105,Level 2,110,83,72,4,7,27
S01008105,Level 3,70,59,48,7,4,11
S01008105,Level 4 and above,133,108,90,8,10,25
S01008106,All people aged 16 and over,639,361,287,28,46,278
S01008106,No qualifications,259,82,64,4,14,177
S01008106,Level 1,148,99,69,10,20,49
S01008106,Level 2,78,61,50,6,5,17
S01008106,Level 3,57,46,43,1,2,11
S01008106,Level 4 and above,97,73,61,7,5,24
S01008107,All people aged 16 and over,625,509,401,86,22,116
S01008107,No qualifications,103,60,40,19,1,43
S01008107,Level 1,129,100,73,22,5,29
S01008107,Level 2,98,83,65,10,8,15
S01008107,Level 3,77,66,51,12,3,11
S01008107,Level 4 and above,218,200,172,23,5,18
S01008108,All people aged 16 and over,540,410,343,51,16,130
S01008108,No qualifications,98,55,36,14,5,43
S01008108,Level 1,114,81,66,9,6,33
S01008108,Level 2,104,86,75,9,2,18
S01008108,Level 3,63,56,50,4,2,7
S01008108,Level 4 and above,161,132,116,15,1,29
S01008109,All people aged 16 and over,756,514,438,49,27,242
S01008109,No qualifications,156,59,41,14,4,97
S01008109,Level 1,185,125,108,11,6,60
S01008109,Level 2,159,120,103,8,9,39
S01008109,Level 3,80,72,61,8,3,8
S01008109,Level 4 and above,176,138,125,8,5,38
S01008110,All people aged 16 and over,697,513,434,50,29,184
S01008110,No qualifications,139,64,45,16,3,75
S01008110,Level 1,170,127,106,13,8,43
S01008110,Level 2,120,95,81,7,7,25
S01008110,Level 3,72,61,55,1,5,11
S01008110,Level 4 and above,196,166,147,13,6,30
S01008111,All people aged 16 and over,751,445,395,42,8,306
S01008111,No qualifications,166,34,22,12,0,132
S01008111,Level 1,138,84,75,7,2,54
S01008111,Level 2,122,84,73,9,2,38
S01008111,Level 3,83,61,54,5,2,22
S01008111,Level 4 and above,242,182,171,9,2,60
S01008112,All people aged 16 and over,713,413,350,36,27,300
S01008112,No qualifications,179,51,41,8,2,128
S01008112,Level 1,126,82,71,8,3,44
S01008112,Level 2,130,93,75,5,13,37
S01008112,Level 3,85,62,49,9,4,23
S01008112,Level 4 and above,193,125,114,6,5,68
S01008113,All people aged 16 and over,779,471,402,48,21,308
S01008113,No qualifications,138,39,34,3,2,99
S01008113,Level 1,163,109,92,10,7,54
S01008113,Level 2,145,99,82,10,7,46
S01008113,Level 3,91,71,58,9,4,20
S01008113,Level 4 and above,242,153,136,16,1,89
S01008114,All people aged 16 and over,578,357,301,37,19,221
S01008114,No qualifications,119,37,27,8,2,82
S01008114,Level 1,120,73,61,8,4,47
S01008114,Level 2,125,89,77,7,5,36
S01008114,Level 3,61,51,40,7,4,10
S01008114,Level 4 and above,153,107,96,7,4,46
S01008115,All people aged 16 and over,761,551,462,54,35,210
S01008115,No qualifications,160,81,61,18,2,79
S01008115,Level 1,190,139,113,15,11,51
S01008115,Level 2,156,131,117,5,9,25
S01008115,Level 3,84,68,56,3,9,16
S01008115,Level 4 and above,171,132,115,13,4,39
S01008116,All people aged 16 and over,753,500,430,46,24,253
S01008116,No qualifications,106,42,32,8,2,64
S01008116,Level 1,144,94,85,5,4,50
S01008116,Level 2,144,97,83,5,9,47
S01008116,Level 3,73,53,45,6,2,20
S01008116,Level 4 and above,286,214,185,22,7,72
S01008117,All people aged 16 and over,676,402,323,54,25,274
S01008117,No qualifications,103,34,26,4,4,69
S01008117,Level 1,132,73,50,10,13,59
S01008117,Level 2,104,66,57,7,2,38
S01008117,Level 3,67,54,44,9,1,13
S01008117,Level 4 and above,270,175,146,24,5,95
S01008118,All people aged 16 and over,690,421,340,50,31,269
S01008118,No qualifications,176,53,39,10,4,123
S01008118,Level 1,133,83,63,11,9,50
S01008118,Level 2,105,74,59,7,8,31
S01008118,Level 3,56,48,38,6,4,8
S01008118,Level 4 and above,220,163,141,16,6,57
S01008119,All people aged 16 and over,542,316,261,18,37,226
S01008119,No qualifications,172,68,60,3,5,104
S01008119,Level 1,163,111,84,7,20,52
S01008119,Level 2,82,50,43,3,4,32
S01008119,Level 3,47,31,24,4,3,16
S01008119,Level 4 and above,78,56,50,1,5,22
S01008120,All people aged 16 and over,518,290,237,37,16,228
S01008120,No qualifications,98,19,15,3,1,79
S01008120,Level 1,89,52,41,6,5,37
S01008120,Level 2,78,52,43,7,2,26
S01008120,Level 3,50,35,33,0,2,15
S01008120,Level 4 and above,203,132,105,21,6,71
S01008121,All people aged 16 and over,556,316,264,44,8,240
S01008121,No qualifications,67,16,10,6,0,51
S01008121,Level 1,64,31,25,2,4,33
S01008121,Level 2,78,47,41,3,3,31
S01008121,Level 3,53,39,32,6,1,14
S01008121,Level 4 and above,294,183,156,27,0,111
S01008122,All people aged 16 and over,592,366,272,75,19,226
S01008122,No qualifications,62,14,6,6,2,48
S01008122,Level 1,73,40,29,7,4,33
S01008122,Level 2,110,65,45,11,9,45
S01008122,Level 3,41,32,24,6,2,9
S01008122,Level 4 and above,306,215,168,45,2,91
S01008123,All people aged 16 and over,763,451,354,85,12,312
S01008123,No qualifications,74,15,12,3,0,59
S01008123,Level 1,97,45,32,10,3,52
S01008123,Level 2,125,78,65,10,3,47
S01008123,Level 3,63,45,37,6,2,18
S01008123,Level 4 and above,404,268,208,56,4,136
S01008124,All people aged 16 and over,667,448,392,41,15,219
S01008124,No qualifications,84,28,22,5,1,56
S01008124,Level 1,140,89,71,12,6,51
S01008124,Level 2,130,91,79,8,4,39
S01008124,Level 3,58,48,43,4,1,10
S01008124,Level 4 and above,255,192,177,12,3,63
S01008125,All people aged 16 and over,728,468,404,51,13,260
S01008125,No qualifications,94,27,20,6,1,67
S01008125,Level 1,139,79,66,12,1,60
S01008125,Level 2,125,87,75,11,1,38
S01008125,Level 3,79,54,49,5,0,25
S01008125,Level 4 and above,291,221,194,17,10,70
S01008126,All people aged 16 and over,668,477,398,61,18,191
S01008126,No qualifications,69,33,18,13,2,36
S01008126,Level 1,105,66,55,7,4,39
S01008126,Level 2,159,110,98,10,2,49
S01008126,Level 3,83,71,60,8,3,12
S01008126,Level 4 and above,252,197,167,23,7,55
S01008127,All people aged 16 and over,411,267,225,26,16,144
S01008127,No qualifications,48,14,9,4,1,34
S01008127,Level 1,51,33,28,1,4,18
S01008127,Level 2,64,44,35,3,6,20
S01008127,Level 3,37,26,23,1,2,11
S01008127,Level 4 and above,211,150,130,17,3,61
S01008128,All people aged 16 and over,750,464,391,52,21,286
S01008128,No qualifications,108,27,17,6,4,81
S01008128,Level 1,160,105,90,9,6,55
S01008128,Level 2,166,116,103,10,3,50
S01008128,Level 3,81,52,43,8,1,29
S01008128,Level 4 and above,235,164,138,19,7,71
S01008129,All people aged 16 and over,748,474,385,49,40,274
S01008129,No qualifications,215,74,60,12,2,141
S01008129,Level 1,179,121,82,15,24,58
S01008129,Level 2,102,82,71,8,3,20
S01008129,Level 3,83,71,62,2,7,12
S01008129,Level 4 and above,169,126,110,12,4,43
S01008130,All people aged 16 and over,815,537,429,46,62,278
S01008130,No qualifications,215,76,58,7,11,139
S01008130,Level 1,199,140,110,12,18,59
S01008130,Level 2,143,108,85,7,16,35
S01008130,Level 3,93,76,63,4,9,17
S01008130,Level 4 and above,165,137,113,16,8,28
S01008131,All people aged 16 and over,642,395,320,33,42,247
S01008131,No qualifications,179,66,46,6,14,113
S01008131,Level 1,163,107,83,9,15,56
S01008131,Level 2,78,53,46,3,4,25
S01008131,Level 3,66,52,42,6,4,14
S01008131,Level 4 and above,156,117,103,9,5,39
S01008132,All people aged 16 and over,850,490,400,70,20,360
S01008132,No qualifications,136,30,21,7,2,106
S01008132,Level 1,167,94,72,15,7,73
S01008132,Level 2,150,105,91,10,4,45
S01008132,Level 3,77,55,46,6,3,22
S01008132,Level 4 and above,320,206,170,32,4,114
S01008133,All people aged 16 and over,540,268,211,40,17,272
S01008133,No qualifications,160,37,27,5,5,123
S01008133,Level 1,94,55,45,4,6,39
S01008133,Level 2,67,46,36,5,5,21
S01008133,Level 3,49,30,27,3,0,19
S01008133,Level 4 and above,170,100,76,23,1,70
S01008134,All people aged 16 and over,520,348,289,36,23,172
S01008134,No qualifications,104,34,21,6,7,70
S01008134,Level 1,100,66,55,4,7,34
S01008134,Level 2,96,76,64,7,5,20
S01008134,Level 3,57,43,37,4,2,14
S01008134,Level 4 and above,163,129,112,15,2,34
S01008135,All people aged 16 and over,916,639,539,59,41,277
S01008135,No qualifications,204,54,40,11,3,150
S01008135,Level 1,177,139,109,14,16,38
S01008135,Level 2,165,137,116,14,7,28
S01008135,Level 3,128,107,100,3,4,21
S01008135,Level 4 and above,242,202,174,17,11,40
S01008136,All people aged 16 and over,756,469,392,42,35,287
S01008136,No qualifications,232,70,51,11,8,162
S01008136,Level 1,200,147,120,12,15,53
S01008136,Level 2,102,84,72,4,8,18
S01008136,Level 3,69,55,53,2,0,14
S01008136,Level 4 and above,153,113,96,13,4,40
S01008137,All people aged 16 and over,667,394,301,24,69,273
S01008137,No qualifications,266,110,74,6,30,156
S01008137,Level 1,182,123,94,7,22,59
S01008137,Level 2,73,58,47,3,8,15
S01008137,Level 3,61,38,33,1,4,23
S01008137,Level 4 and above,85,65,53,7,5,20
S01008138,All people aged 16 and over,645,390,304,25,61,255
S01008138,No qualifications,268,105,73,6,26,163
S01008138,Level 1,197,139,111,7,21,58
S01008138,Level 2,75,61,50,6,5,14
S01008138,Level 3,44,36,25,3,8,8
S01008138,Level 4 and above,61,49,45,3,1,12
S01008139,All people aged 16 and over,713,427,333,32,62,286
S01008139,No qualifications,232,90,66,9,15,142
S01008139,Level 1,189,116,86,5,25,73
S01008139,Level 2,95,74,62,7,5,21
S01008139,Level 3,79,66,52,3,11,13
S01008139,Level 4 and above,118,81,67,8,6,37
S01008140,All people aged 16 and over,407,236,194,13,29,171
S01008140,No qualifications,151,59,38,5,16,92
S01008140,Level 1,98,59,50,1,8,39
S01008140,Level 2,53,39,34,3,2,14
S01008140,Level 3,42,35,31,1,3,7
S01008140,Level 4 and above,63,44,41,3,0,19
S01008141,All people aged 16 and over,712,446,373,54,19,266
S01008141,No qualifications,138,53,41,10,2,85
S01008141,Level 1,187,123,103,15,5,64
S01008141,Level 2,127,87,70,11,6,40
S01008141,Level 3,75,55,43,8,4,20
S01008141,Level 4 and above,185,128,116,10,2,57
S01008142,All people aged 16 and over,664,477,408,37,32,187
S01008142,No qualifications,111,53,42,9,2,58
S01008142,Level 1,147,101,83,8,10,46
S01008142,Level 2,140,108,94,4,10,32
S01008142,Level 3,83,70,63,2,5,13
S01008142,Level 4 and above,183,145,126,14,5,38
S01008143,All people aged 16 and over,755,452,359,35,58,303
S01008143,No qualifications,214,92,65,10,17,122
S01008143,Level 1,200,123,92,9,22,77
S01008143,Level 2,112,75,65,3,7,37
S01008143,Level 3,57,48,44,1,3,9
S01008143,Level 4 and above,172,114,93,12,9,58
S01008144,All people aged 16 and over,505,326,257,53,16,179
S01008144,No qualifications,86,29,18,8,3,57
S01008144,Level 1,125,96,73,15,8,29
S01008144,Level 2,93,64,50,13,1,29
S01008144,Level 3,56,40,29,7,4,16
S01008144,Level 4 and above,145,97,87,10,0,48
S01008145,All people aged 16 and over,646,432,343,40,49,214
S01008145,No qualifications,263,126,96,11,19,137
S01008145,Level 1,146,114,89,10,15,32
S01008145,Level 2,103,80,65,9,6,23
S01008145,Level 3,55,50,42,2,6,5
S01008145,Level 4 and above,79,62,51,8,3,17
S01008146,All people aged 16 and over,414,236,188,23,25,178
S01008146,No qualifications,159,60,46,7,7,99
S01008146,Level 1,106,66,48,9,9,40
S01008146,Level 2,58,45,37,5,3,13
S01008146,Level 3,31,26,22,0,4,5
S01008146,Level 4 and above,60,39,35,2,2,21
S01008147,All people aged 16 and over,664,437,366,40,31,227
S01008147,No qualifications,210,88,69,9,10,122
S01008147,Level 1,181,140,120,9,11,41
S01008147,Level 2,104,83,66,11,6,21
S01008147,Level 3,62,54,49,2,3,8
S01008147,Level 4 and above,107,72,62,9,1,35
S01008148,All people aged 16 and over,648,445,379,41,25,203
S01008148,No qualifications,128,58,44,8,6,70
S01008148,Level 1,176,115,97,12,6,61
S01008148,Level 2,138,112,95,9,8,26
S01008148,Level 3,71,60,53,3,4,11
S01008148,Level 4 and above,135,100,90,9,1,35
S01008149,All people aged 16 and over,568,373,312,23,38,195
S01008149,No qualifications,159,53,44,4,5,106
S01008149,Level 1,168,121,94,8,19,47
S01008149,Level 2,88,70,65,1,4,18
S01008149,Level 3,54,48,40,3,5,6
S01008149,Level 4 and above,99,81,69,7,5,18
S01008150,All people aged 16 and over,764,447,375,32,40,317
S01008150,No qualifications,226,55,41,6,8,171
S01008150,Level 1,222,151,122,12,17,71
S01008150,Level 2,117,91,80,3,8,26
S01008150,Level 3,65,55,49,3,3,10
S01008150,Level 4 and above,134,95,83,8,4,39
S01008151,All people aged 16 and over,589,354,295,23,36,235
S01008151,No qualifications,208,74,54,11,9,134
S01008151,Level 1,143,94,80,3,11,49
S01008151,Level 2,108,79,62,6,11,29
S01008151,Level 3,48,42,38,1,3,6
S01008151,Level 4 and above,82,65,61,2,2,17
S01008152,All people aged 16 and over,891,498,407,36,55,393
S01008152,No qualifications,332,96,72,10,14,236
S01008152,Level 1,195,143,115,9,19,52
S01008152,Level 2,131,98,78,5,15,33
S01008152,Level 3,86,58,53,3,2,28
S01008152,Level 4 and above,147,103,89,9,5,44
S01008153,All people aged 16 and over,769,501,423,48,30,268
S01008153,No qualifications,147,44,28,12,4,103
S01008153,Level 1,173,121,103,11,7,52
S01008153,Level 2,149,110,93,7,10,39
S01008153,Level 3,76,62,51,5,6,14
S01008153,Level 4 and above,224,164,148,13,3,60
S01008154,All people aged 16 and over,710,407,333,46,28,303
S01008154,No qualifications,139,38,30,6,2,101
S01008154,Level 1,146,80,65,9,6,66
S01008154,Level 2,95,70,55,8,7,25
S01008154,Level 3,87,66,54,7,5,21
S01008154,Level 4 and above,243,153,129,16,8,90
S01008155,All people aged 16 and over,576,379,309,41,29,197
S01008155,No qualifications,119,48,34,8,6,71
S01008155,Level 1,111,68,57,4,7,43
S01008155,Level 2,104,76,63,8,5,28
S01008155,Level 3,65,54,45,5,4,11
S01008155,Level 4 and above,177,133,110,16,7,44
S01008156,All people aged 16 and over,771,487,364,79,44,284
S01008156,No qualifications,206,90,52,27,11,116
S01008156,Level 1,178,117,82,18,17,61
S01008156,Level 2,130,88,69,12,7,42
S01008156,Level 3,77,58,48,5,5,19
S01008156,Level 4 and above,180,134,113,17,4,46
S01008157,All people aged 16 and over,592,415,343,42,30,177
S01008157,No qualifications,95,37,25,8,4,58
S01008157,Level 1,125,87,64,11,12,38
S01008157,Level 2,103,76,63,7,6,27
S01008157,Level 3,78,62,56,5,1,16
S01008157,Level 4 and above,191,153,135,11,7,38
S01008158,All people aged 16 and over,627,486,416,46,24,141
S01008158,No qualifications,69,39,29,8,2,30
S01008158,Level 1,157,117,91,16,10,40
S01008158,Level 2,126,101,87,7,7,25
S01008158,Level 3,81,71,64,6,1,10
S01008158,Level 4 and above,194,158,145,9,4,36
S01008159,All people aged 16 and over,781,448,347,40,61,333
S01008159,No qualifications,253,79,59,5,15,174
S01008159,Level 1,190,132,97,15,20,58
S01008159,Level 2,108,80,63,4,13,28
S01008159,Level 3,74,52,41,3,8,22
S01008159,Level 4 and above,156,105,87,13,5,51
S01008160,All people aged 16 and over,771,449,354,39,56,322
S01008160,No qualifications,259,89,66,6,17,170
S01008160,Level 1,192,123,87,11,25,69
S01008160,Level 2,90,69,56,5,8,21
S01008160,Level 3,78,61,55,4,2,17
S01008160,Level 4 and above,152,107,90,13,4,45
S01008161,All people aged 16 and over,815,627,513,90,24,188
S01008161,No qualifications,117,57,39,16,2,60
S01008161,Level 1,200,147,107,27,13,53
S01008161,Level 2,126,100,80,18,2,26
S01008161,Level 3,94,84,71,9,4,10
S01008161,Level 4 and above,278,239,216,20,3,39
S01008162,All people aged 16 and over,831,547,463,60,24,284
S01008162,No qualifications,195,63,52,6,5,132
S01008162,Level 1,185,142,122,12,8,43
S01008162,Level 2,106,77,58,11,8,29
S01008162,Level 3,73,64,61,3,0,9
S01008162,Level 4 and above,272,201,170,28,3,71
S01008163,All people aged 16 and over,601,368,290,43,35,233
S01008163,No qualifications,241,88,68,16,4,153
S01008163,Level 1,176,129,100,10,19,47
S01008163,Level 2,72,61,50,5,6,11
S01008163,Level 3,45,38,28,5,5,7
S01008163,Level 4 and above,67,52,44,7,1,15
S01008164,All people aged 16 and over,1318,731,490,42,199,587
S01008164,No qualifications,171,76,63,7,6,95
S01008164,Level 1,260,170,105,15,50,90
S01008164,Level 2,442,246,162,5,79,196
S01008164,Level 3,100,68,46,5,17,32
S01008164,Level 4 and above,345,171,114,10,47,174
S01008165,All people aged 16 and over,580,459,372,70,17,121
S01008165,No qualifications,107,57,37,16,4,50
S01008165,Level 1,143,115,89,21,5,28
S01008165,Level 2,85,67,56,10,1,18
S01008165,Level 3,76,70,58,10,2,6
S01008165,Level 4 and above,169,150,132,13,5,19
S01008166,All people aged 16 and over,443,293,233,26,34,150
S01008166,No qualifications,170,73,53,11,9,97
S01008166,Level 1,143,111,86,6,19,32
S01008166,Level 2,51,42,34,3,5,9
S01008166,Level 3,32,27,24,2,1,5
S01008166,Level 4 and above,47,40,36,4,0,7
S01008167,All people aged 16 and over,561,362,285,25,52,199
S01008167,No qualifications,242,106,86,7,13,136
S01008167,Level 1,182,138,101,9,28,44
S01008167,Level 2,59,55,45,4,6,4
S01008167,Level 3,31,25,22,2,1,6
S01008167,Level 4 and above,47,38,31,3,4,9
S01008168,All people aged 16 and over,668,412,348,24,40,256
S01008168,No qualifications,242,84,70,5,9,158
S01008168,Level 1,194,148,121,7,20,46
S01008168,Level 2,87,64,53,6,5,23
S01008168,Level 3,45,36,30,3,3,9
S01008168,Level 4 and above,100,80,74,3,3,20
S01008169,All people aged 16 and over,584,409,350,30,29,175
S01008169,No qualifications,214,106,87,13,6,108
S01008169,Level 1,164,126,106,7,13,38
S01008169,Level 2,67,55,47,2,6,12
S01008169,Level 3,52,49,44,4,1,3
S01008169,Level 4 and above,87,73,66,4,3,14
S01008170,All people aged 16 and over,492,341,282,46,13,151
S01008170,No qualifications,95,32,24,8,0,63
S01008170,Level 1,135,89,74,11,4,46
S01008170,Level 2,100,81,64,13,4,19
S01008170,Level 3,46,39,34,3,2,7
S01008170,Level 4 and above,116,100,86,11,3,16
S01008171,All people aged 16 and over,616,373,325,25,23,243
S01008171,No qualifications,207,52,42,4,6,155
S01008171,Level 1,143,103,91,6,6,40
S01008171,Level 2,88,65,56,5,4,23
S01008171,Level 3,49,42,38,1,3,7
S01008171,Level 4 and above,129,111,98,9,4,18
S01008172,All people aged 16 and over,457,284,238,29,17,173
S01008172,No qualifications,143,53,40,9,4,90
S01008172,Level 1,131,93,79,8,6,38
S01008172,Level 2,46,36,30,2,4,10
S01008172,Level 3,44,33,27,3,3,11
S01008172,Level 4 and above,93,69,62,7,0,24
S01008173,All people aged 16 and over,521,376,329,29,18,145
S01008173,No qualifications,111,45,37,7,1,66
S01008173,Level 1,164,120,101,8,11,44
S01008173,Level 2,80,71,63,6,2,9
S01008173,Level 3,60,53,49,3,1,7
S01008173,Level 4 and above,106,87,79,5,3,19
S01008174,All people aged 16 and over,448,319,270,36,13,129
S01008174,No qualifications,120,46,39,7,0,74
S01008174,Level 1,121,97,83,9,5,24
S01008174,Level 2,88,74,65,4,5,14
S01008174,Level 3,38,34,29,4,1,4
S01008174,Level 4 and above,81,68,54,12,2,13
S01008175,All people aged 16 and over,615,439,372,38,29,176
S01008175,No qualifications,156,57,46,7,4,99
S01008175,Level 1,154,123,98,12,13,31
S01008175,Level 2,91,73,64,6,3,18
S01008175,Level 3,60,54,49,4,1,6
S01008175,Level 4 and above,154,132,115,9,8,22
S01008176,All people aged 16 and over,610,403,315,70,18,207
S01008176,No qualifications,95,33,27,4,2,62
S01008176,Level 1,99,63,48,10,5,36
S01008176,Level 2,98,65,57,6,2,33
S01008176,Level 3,47,35,31,4,0,12
S01008176,Level 4 and above,271,207,152,46,9,64
S01008177,All people aged 16 and over,635,365,310,31,24,270
S01008177,No qualifications,224,66,54,7,5,158
S01008177,Level 1,143,98,81,6,11,45
S01008177,Level 2,88,64,52,7,5,24
S01008177,Level 3,55,41,35,6,0,14
S01008177,Level 4 and above,125,96,88,5,3,29
S01008178,All people aged 16 and over,560,325,285,25,15,235
S01008178,No qualifications,136,45,37,4,4,91
S01008178,Level 1,147,92,74,11,7,55
S01008178,Level 2,101,75,65,7,3,26
S01008178,Level 3,64,42,40,2,0,22
S01008178,Level 4 and above,112,71,69,1,1,41
S01008179,All people aged 16 and over,390,308,252,42,14,82
S01008179,No qualifications,42,16,10,3,3,26
S01008179,Level 1,115,85,68,14,3,30
S01008179,Level 2,85,75,62,9,4,10
S01008179,Level 3,30,26,22,3,1,4
S01008179,Level 4 and above,118,106,90,13,3,12
S01008180,All people aged 16 and over,381,295,245,41,9,86
S01008180,No qualifications,35,18,13,4,1,17
S01008180,Level 1,105,81,62,16,3,24
S01008180,Level 2,89,64,57,5,2,25
S01008180,Level 3,44,40,34,3,3,4
S01008180,Level 4 and above,108,92,79,13,0,16
S01008181,All people aged 16 and over,579,354,289,48,17,225
S01008181,No qualifications,106,38,26,11,1,68
S01008181,Level 1,140,85,63,13,9,55
S01008181,Level 2,111,71,62,6,3,40
S01008181,Level 3,61,45,40,2,3,16
S01008181,Level 4 and above,161,115,98,16,1,46
S01008182,All people aged 16 and over,833,576,478,47,51,257
S01008182,No qualifications,214,81,63,9,9,133
S01008182,Level 1,181,133,101,7,25,48
S01008182,Level 2,113,89,77,7,5,24
S01008182,Level 3,68,55,45,5,5,13
S01008182,Level 4 and above,257,218,192,19,7,39
S01008183,All people aged 16 and over,521,377,309,33,35,144
S01008183,No qualifications,106,32,20,3,9,74
S01008183,Level 1,115,83,63,8,12,32
S01008183,Level 2,87,76,60,6,10,11
S01008183,Level 3,59,51,47,3,1,8
S01008183,Level 4 and above,154,135,119,13,3,19
S01008184,All people aged 16 and over,735,442,351,50,41,293
S01008184,No qualifications,211,51,38,8,5,160
S01008184,Level 1,158,110,78,14,18,48
S01008184,Level 2,107,76,63,7,6,31
S01008184,Level 3,62,50,42,5,3,12
S01008184,Level 4 and above,197,155,130,16,9,42
S01008185,All people aged 16 and over,887,562,456,52,54,325
S01008185,No qualifications,236,61,49,5,7,175
S01008185,Level 1,219,167,130,13,24,52
S01008185,Level 2,107,81,65,7,9,26
S01008185,Level 3,96,79,62,8,9,17
S01008185,Level 4 and above,229,174,150,19,5,55
S01008186,All people aged 16 and over,722,370,287,40,43,352
S01008186,No qualifications,157,28,16,3,9,129
S01008186,Level 1,170,80,62,5,13,90
S01008186,Level 2,152,79,59,12,8,73
S01008186,Level 3,59,45,41,3,1,14
S01008186,Level 4 and above,184,138,109,17,12,46
S01008187,All people aged 16 and over,501,326,266,32,28,175
S01008187,No qualifications,164,66,51,8,7,98
S01008187,Level 1,137,101,77,11,13,36
S01008187,Level 2,58,49,45,0,4,9
S01008187,Level 3,28,24,17,5,2,4
S01008187,Level 4 and above,114,86,76,8,2,28
S01008188,All people aged 16 and over,769,433,350,38,45,336
S01008188,No qualifications,275,78,63,6,9,197
S01008188,Level 1,188,123,92,10,21,65
S01008188,Level 2,96,69,61,3,5,27
S01008188,Level 3,74,52,44,4,4,22
S01008188,Level 4 and above,136,111,90,15,6,25
S01008189,All people aged 16 and over,491,294,231,43,20,197
S01008189,No qualifications,130,43,31,11,1,87
S01008189,Level 1,124,79,56,11,12,45
S01008189,Level 2,82,58,49,6,3,24
S01008189,Level 3,56,39,32,4,3,17
S01008189,Level 4 and above,99,75,63,11,1,24
S01008190,All people aged 16 and over,709,446,365,38,43,263
S01008190,No qualifications,282,120,103,9,8,162
S01008190,Level 1,230,165,131,9,25,65
S01008190,Level 2,69,56,42,8,6,13
S01008190,Level 3,43,39,34,4,1,4
S01008190,Level 4 and above,85,66,55,8,3,19
S01008191,All people aged 16 and over,387,249,201,23,25,138
S01008191,No qualifications,127,60,47,4,9,67
S01008191,Level 1,115,80,68,4,8,35
S01008191,Level 2,51,38,29,5,4,13
S01008191,Level 3,32,26,23,1,2,6
S01008191,Level 4 and above,62,45,34,9,2,17
S01008192,All people aged 16 and over,680,471,395,38,38,209
S01008192,No qualifications,177,77,61,8,8,100
S01008192,Level 1,170,130,115,5,10,40
S01008192,Level 2,94,72,54,9,9,22
S01008192,Level 3,57,46,39,3,4,11
S01008192,Level 4 and above,182,146,126,13,7,36
S01008193,All people aged 16 and over,678,421,342,49,30,257
S01008193,No qualifications,195,55,42,7,6,140
S01008193,Level 1,170,128,107,6,15,42
S01008193,Level 2,91,70,59,6,5,21
S01008193,Level 3,46,40,34,5,1,6
S01008193,Level 4 and above,176,128,100,25,3,48
S01008194,All people aged 16 and over,509,321,268,29,24,188
S01008194,No qualifications,140,57,43,6,8,83
S01008194,Level 1,131,91,77,6,8,40
S01008194,Level 2,63,44,31,7,6,19
S01008194,Level 3,37,30,27,2,1,7
S01008194,Level 4 and above,138,99,90,8,1,39
S01008195,All people aged 16 and over,623,433,342,44,47,190
S01008195,No qualifications,200,100,77,9,14,100
S01008195,Level 1,200,149,114,15,20,51
S01008195,Level 2,91,73,61,5,7,18
S01008195,Level 3,58,49,44,2,3,9
S01008195,Level 4 and above,74,62,46,13,3,12
S01008196,All people aged 16 and over,596,409,321,35,53,187
S01008196,No qualifications,176,82,65,8,9,94
S01008196,Level 1,223,169,132,14,23,54
S01008196,Level 2,80,63,47,4,12,17
S01008196,Level 3,47,39,30,4,5,8
S01008196,Level 4 and above,70,56,47,5,4,14
S01008197,All people aged 16 and over,740,636,549,47,40,104
S01008197,No qualifications,83,45,33,5,7,38
S01008197,Level 1,211,180,144,23,13,31
S01008197,Level 2,131,118,102,6,10,13
S01008197,Level 3,88,75,70,4,1,13
S01008197,Level 4 and above,227,218,200,9,9,9
S01008198,All people aged 16 and over,575,347,293,27,27,228
S01008198,No qualifications,224,93,71,12,10,131
S01008198,Level 1,172,119,100,9,10,53
S01008198,Level 2,67,53,49,0,4,14
S01008198,Level 3,50,40,37,2,1,10
S01008198,Level 4 and above,62,42,36,4,2,20
S01008199,All people aged 16 and over,608,379,308,24,47,229
S01008199,No qualifications,248,113,87,7,19,135
S01008199,Level 1,211,150,119,10,21,61
S01008199,Level 2,65,45,38,3,4,20
S01008199,Level 3,40,32,28,1,3,8
S01008199,Level 4 and above,44,39,36,3,0,5
S01008200,All people aged 16 and over,511,276,225,24,27,235
S01008200,No qualifications,241,77,65,7,5,164
S01008200,Level 1,139,99,73,10,16,40
S01008200,Level 2,49,36,31,4,1,13
S01008200,Level 3,27,21,19,0,2,6
S01008200,Level 4 and above,55,43,37,3,3,12
S01008201,All people aged 16 and over,632,386,312,17,57,246
S01008201,No qualifications,265,112,84,5,23,153
S01008201,Level 1,169,122,97,3,22,47
S01008201,Level 2,86,66,55,5,6,20
S01008201,Level 3,42,35,32,0,3,7
S01008201,Level 4 and above,70,51,44,4,3,19
S01008202,All people aged 16 and over,487,288,247,22,19,199
S01008202,No qualifications,164,41,31,3,7,123
S01008202,Level 1,135,101,87,6,8,34
S01008202,Level 2,80,60,52,5,3,20
S01008202,Level 3,38,27,22,4,1,11
S01008202,Level 4 and above,70,59,55,4,0,11
S01008203,All people aged 16 and over,460,295,213,28,54,165
S01008203,No qualifications,165,70,45,5,20,95
S01008203,Level 1,137,96,67,8,21,41
S01008203,Level 2,48,41,33,6,2,7
S01008203,Level 3,43,37,29,3,5,6
S01008203,Level 4 and above,67,51,39,6,6,16
S01008204,All people aged 16 and over,776,373,302,41,30,403
S01008204,No qualifications,340,67,59,4,4,273
S01008204,Level 1,170,116,88,15,13,54
S01008204,Level 2,85,60,50,7,3,25
S01008204,Level 3,53,40,30,4,6,13
S01008204,Level 4 and above,128,90,75,11,4,38
S01008205,All people aged 16 and over,565,367,300,36,31,198
S01008205,No qualifications,226,98,72,13,13,128
S01008205,Level 1,170,127,107,11,9,43
S01008205,Level 2,59,51,44,4,3,8
S01008205,Level 3,40,34,28,2,4,6
S01008205,Level 4 and above,70,57,49,6,2,13
S01008206,All people aged 16 and over,529,318,265,31,22,211
S01008206,No qualifications,231,94,73,14,7,137
S01008206,Level 1,152,110,90,8,12,42
S01008206,Level 2,50,40,38,1,1,10
S01008206,Level 3,34,25,24,1,0,9
S01008206,Level 4 and above,62,49,40,7,2,13
S01008207,All people aged 16 and over,453,310,246,31,33,143
S01008207,No qualifications,158,71,57,8,6,87
S01008207,Level 1,174,135,104,11,20,39
S01008207,Level 2,50,41,28,6,7,9
S01008207,Level 3,29,24,20,4,0,5
S01008207,Level 4 and above,42,39,37,2,0,3
S01008208,All people aged 16 and over,622,514,436,42,36,108
S01008208,No qualifications,109,63,51,7,5,46
S01008208,Level 1,197,167,136,11,20,30
S01008208,Level 2,91,81,68,8,5,10
S01008208,Level 3,71,61,53,6,2,10
S01008208,Level 4 and above,154,142,128,10,4,12
S01008209,All people aged 16 and over,412,342,276,53,13,70
S01008209,No qualifications,53,27,23,3,1,26
S01008209,Level 1,143,121,91,23,7,22
S01008209,Level 2,75,67,56,7,4,8
S01008209,Level 3,46,44,36,8,0,2
S01008209,Level 4 and above,95,83,70,12,1,12
S01008210,All people aged 16 and over,753,495,397,60,38,258
S01008210,No qualifications,223,81,62,16,3,142
S01008210,Level 1,210,158,119,18,21,52
S01008210,Level 2,117,88,68,10,10,29
S01008210,Level 3,67,58,53,4,1,9
S01008210,Level 4 and above,136,110,95,12,3,26
S01008211,All people aged 16 and over,744,479,372,66,41,265
S01008211,No qualifications,205,71,45,16,10,134
S01008211,Level 1,196,140,96,19,25,56
S01008211,Level 2,85,64,57,4,3,21
S01008211,Level 3,62,55,49,4,2,7
S01008211,Level 4 and above,196,149,125,23,1,47
S01008212,All people aged 16 and over,447,354,305,36,13,93
S01008212,No qualifications,56,26,20,5,1,30
S01008212,Level 1,142,115,94,12,9,27
S01008212,Level 2,82,70,65,4,1,12
S01008212,Level 3,52,47,40,6,1,5
S01008212,Level 4 and above,115,96,86,9,1,19
S01008213,All people aged 16 and over,777,566,471,60,35,211
S01008213,No qualifications,147,53,42,5,6,94
S01008213,Level 1,232,177,141,22,14,55
S01008213,Level 2,145,116,93,14,9,29
S01008213,Level 3,76,66,57,7,2,10
S01008213,Level 4 and above,177,154,138,12,4,23
S01008214,All people aged 16 and over,611,318,259,32,27,293
S01008214,No qualifications,237,59,43,5,11,178
S01008214,Level 1,167,102,77,12,13,65
S01008214,Level 2,59,47,38,8,1,12
S01008214,Level 3,47,36,34,1,1,11
S01008214,Level 4 and above,101,74,67,6,1,27
S01008215,All people aged 16 and over,620,408,348,33,27,212
S01008215,No qualifications,194,75,61,8,6,119
S01008215,Level 1,174,123,101,13,9,51
S01008215,Level 2,78,61,51,3,7,17
S01008215,Level 3,48,38,35,1,2,10
S01008215,Level 4 and above,126,111,100,8,3,15
S01008216,All people aged 16 and over,419,307,254,38,15,112
S01008216,No qualifications,86,43,26,14,3,43
S01008216,Level 1,115,84,75,6,3,31
S01008216,Level 2,80,59,47,6,6,21
S01008216,Level 3,46,39,36,2,1,7
S01008216,Level 4 and above,92,82,70,10,2,10
S01008217,All people aged 16 and over,472,333,267,54,12,139
S01008217,No qualifications,78,38,26,10,2,40
S01008217,Level 1,95,64,55,7,2,31
S01008217,Level 2,94,74,61,9,4,20
S01008217,Level 3,31,22,17,3,2,9
S01008217,Level 4 and above,174,135,108,25,2,39
S01008218,All people aged 16 and over,821,674,547,99,28,147
S01008218,No qualifications,90,50,21,24,5,40
S01008218,Level 1,243,204,162,30,12,39
S01008218,Level 2,156,130,107,13,10,26
S01008218,Level 3,90,79,73,6,0,11
S01008218,Level 4 and above,242,211,184,26,1,31
S01008219,All people aged 16 and over,857,571,448,78,45,286
S01008219,No qualifications,265,100,72,18,10,165
S01008219,Level 1,232,177,133,20,24,55
S01008219,Level 2,116,96,76,16,4,20
S01008219,Level 3,79,63,54,6,3,16
S01008219,Level 4 and above,165,135,113,18,4,30
S01008220,All people aged 16 and over,459,298,240,25,33,161
S01008220,No qualifications,153,70,60,4,6,83
S01008220,Level 1,160,114,81,13,20,46
S01008220,Level 2,46,37,31,3,3,9
S01008220,Level 3,45,38,32,2,4,7
S01008220,Level 4 and above,55,39,36,3,0,16
S01008221,All people aged 16 and over,539,355,257,28,70,184
S01008221,No qualifications,175,72,50,4,18,103
S01008221,Level 1,202,150,102,9,39,52
S01008221,Level 2,57,48,36,4,8,9
S01008221,Level 3,35,29,28,0,1,6
S01008221,Level 4 and above,70,56,41,11,4,14
S01008222,All people aged 16 and over,506,275,224,19,32,231
S01008222,No qualifications,205,61,52,2,7,144
S01008222,Level 1,171,124,99,11,14,47
S01008222,Level 2,44,32,25,4,3,12
S01008222,Level 3,32,23,15,2,6,9
S01008222,Level 4 and above,54,35,33,0,2,19
S01008223,All people aged 16 and over,510,270,235,15,20,240
S01008223,No qualifications,209,51,42,4,5,158
S01008223,Level 1,143,98,85,5,8,45
S01008223,Level 2,64,45,41,1,3,19
S01008223,Level 3,35,30,26,2,2,5
S01008223,Level 4 and above,59,46,41,3,2,13
S01008224,All people aged 16 and over,783,583,503,51,29,200
S01008224,No qualifications,190,82,62,16,4,108
S01008224,Level 1,228,193,160,18,15,35
S01008224,Level 2,131,112,100,9,3,19
S01008224,Level 3,84,70,67,2,1,14
S01008224,Level 4 and above,150,126,114,6,6,24
S01008225,All people aged 16 and over,594,396,349,31,16,198
S01008225,No qualifications,160,64,53,8,3,96
S01008225,Level 1,202,147,129,12,6,55
S01008225,Level 2,88,71,61,4,6,17
S01008225,Level 3,51,43,40,3,0,8
S01008225,Level 4 and above,93,71,66,4,1,22
S01008226,All people aged 16 and over,638,367,293,30,44,271
S01008226,No qualifications,294,96,85,5,6,198
S01008226,Level 1,202,156,117,13,26,46
S01008226,Level 2,64,53,42,5,6,11
S01008226,Level 3,28,23,17,1,5,5
S01008226,Level 4 and above,50,39,32,6,1,11
S01008227,All people aged 16 and over,681,396,348,27,21,285
S01008227,No qualifications,266,91,77,7,7,175
S01008227,Level 1,215,154,137,9,8,61
S01008227,Level 2,87,66,57,6,3,21
S01008227,Level 3,41,32,30,1,1,9
S01008227,Level 4 and above,72,53,47,4,2,19
S01008228,All people aged 16 and over,539,360,289,51,20,179
S01008228,No qualifications,124,52,35,12,5,72
S01008228,Level 1,143,97,77,15,5,46
S01008228,Level 2,84,69,57,9,3,15
S01008228,Level 3,53,34,30,4,0,19
S01008228,Level 4 and above,135,108,90,11,7,27
S01008229,All people aged 16 and over,551,347,301,25,21,204
S01008229,No qualifications,197,69,61,6,2,128
S01008229,Level 1,187,139,121,7,11,48
S01008229,Level 2,77,67,56,6,5,10
S01008229,Level 3,35,30,26,2,2,5
S01008229,Level 4 and above,55,42,37,4,1,13
S01008230,All people aged 16 and over,614,511,427,61,23,103
S01008230,No qualifications,84,45,36,7,2,39
S01008230,Level 1,215,177,136,28,13,38
S01008230,Level 2,111,97,78,14,5,14
S01008230,Level 3,52,50,45,3,2,2
S01008230,Level 4 and above,152,142,132,9,1,10
S01008231,All people aged 16 and over,524,460,385,59,16,64
S01008231,No qualifications,60,43,33,9,1,17
S01008231,Level 1,171,147,114,26,7,24
S01008231,Level 2,116,105,94,5,6,11
S01008231,Level 3,59,54,45,8,1,5
S01008231,Level 4 and above,118,111,99,11,1,7
S01008232,All people aged 16 and over,486,423,355,35,33,63
S01008232,No qualifications,41,24,18,2,4,17
S01008232,Level 1,172,150,119,13,18,22
S01008232,Level 2,98,87,72,10,5,11
S01008232,Level 3,62,57,53,2,2,5
S01008232,Level 4 and above,113,105,93,8,4,8
S01008233,All people aged 16 and over,350,285,239,33,13,65
S01008233,No qualifications,38,20,15,4,1,18
S01008233,Level 1,120,96,75,12,9,24
S01008233,Level 2,49,42,36,4,2,7
S01008233,Level 3,37,32,28,4,0,5
S01008233,Level 4 and above,106,95,85,9,1,11
S01008234,All people aged 16 and over,340,184,156,18,10,156
S01008234,No qualifications,143,46,40,4,2,97
S01008234,Level 1,94,60,47,9,4,34
S01008234,Level 2,35,24,23,1,0,11
S01008234,Level 3,21,17,12,2,3,4
S01008234,Level 4 and above,47,37,34,2,1,10
S01008235,All people aged 16 and over,690,420,352,51,17,270
S01008235,No qualifications,241,81,67,8,6,160
S01008235,Level 1,183,129,107,14,8,54
S01008235,Level 2,96,75,66,8,1,21
S01008235,Level 3,50,43,39,4,0,7
S01008235,Level 4 and above,120,92,73,17,2,28
S01008236,All people aged 16 and over,691,454,347,69,38,237
S01008236,No qualifications,168,67,52,12,3,101
S01008236,Level 1,184,130,90,20,20,54
S01008236,Level 2,90,64,51,9,4,26
S01008236,Level 3,69,55,45,5,5,14
S01008236,Level 4 and above,180,138,109,23,6,42
S01008237,All people aged 16 and over,695,467,351,79,37,228
S01008237,No qualifications,177,73,48,16,9,104
S01008237,Level 1,203,148,114,18,16,55
S01008237,Level 2,79,62,52,5,5,17
S01008237,Level 3,68,54,46,4,4,14
S01008237,Level 4 and above,168,130,91,36,3,38
S01008238,All people aged 16 and over,631,383,309,35,39,248
S01008238,No qualifications,228,74,60,10,4,154
S01008238,Level 1,180,137,106,10,21,43
S01008238,Level 2,79,61,48,7,6,18
S01008238,Level 3,57,44,39,2,3,13
S01008238,Level 4 and above,87,67,56,6,5,20
S01008239,All people aged 16 and over,630,422,341,70,11,208
S01008239,No qualifications,195,66,47,19,0,129
S01008239,Level 1,178,135,105,22,8,43
S01008239,Level 2,92,80,70,10,0,12
S01008239,Level 3,40,36,34,1,1,4
S01008239,Level 4 and above,125,105,85,18,2,20
S01008240,All people aged 16 and over,732,423,337,62,24,309
S01008240,No qualifications,111,33,20,12,1,78
S01008240,Level 1,136,91,69,18,4,45
S01008240,Level 2,123,73,57,8,8,50
S01008240,Level 3,71,53,41,9,3,18
S01008240,Level 4 and above,291,173,150,15,8,118
S01008241,All people aged 16 and over,557,317,247,56,14,240
S01008241,No qualifications,51,16,10,6,0,35
S01008241,Level 1,110,61,44,11,6,49
S01008241,Level 2,86,51,38,10,3,35
S01008241,Level 3,53,38,30,5,3,15
S01008241,Level 4 and above,257,151,125,24,2,106
S01008242,All people aged 16 and over,787,416,315,74,27,371
S01008242,No qualifications,227,55,40,12,3,172
S01008242,Level 1,173,100,74,18,8,73
S01008242,Level 2,91,63,49,13,1,28
S01008242,Level 3,55,42,32,3,7,13
S01008242,Level 4 and above,241,156,120,28,8,85
S01008243,All people aged 16 and over,705,473,355,107,11,232
S01008243,No qualifications,133,54,40,13,1,79
S01008243,Level 1,135,88,66,19,3,47
S01008243,Level 2,98,67,40,23,4,31
S01008243,Level 3,69,46,37,9,0,23
S01008243,Level 4 and above,270,218,172,43,3,52
S01008244,All people aged 16 and over,470,258,183,61,14,212
S01008244,No qualifications,93,22,15,2,5,71
S01008244,Level 1,72,46,29,16,1,26
S01008244,Level 2,67,34,24,8,2,33
S01008244,Level 3,37,27,19,6,2,10
S01008244,Level 4 and above,201,129,96,29,4,72
S01008245,All people aged 16 and over,790,522,410,98,14,268
S01008245,No qualifications,149,46,34,10,2,103
S01008245,Level 1,134,79,54,19,6,55
S01008245,Level 2,101,86,69,13,4,15
S01008245,Level 3,70,60,48,11,1,10
S01008245,Level 4 and above,336,251,205,45,1,85
S01008246,All people aged 16 and over,787,540,419,106,15,247
S01008246,No qualifications,131,49,31,14,4,82
S01008246,Level 1,138,84,63,18,3,54
S01008246,Level 2,111,83,63,18,2,28
S01008246,Level 3,69,54,47,4,3,15
S01008246,Level 4 and above,338,270,215,52,3,68
S01008247,All people aged 16 and over,642,456,323,116,17,186
S01008247,No qualifications,105,55,29,21,5,50
S01008247,Level 1,140,99,73,23,3,41
S01008247,Level 2,79,51,34,15,2,28
S01008247,Level 3,55,45,34,10,1,10
S01008247,Level 4 and above,263,206,153,47,6,57
S01008248,All people aged 16 and over,742,449,328,100,21,293
S01008248,No qualifications,158,55,36,17,2,103
S01008248,Level 1,150,98,77,13,8,52
S01008248,Level 2,84,55,39,13,3,29
S01008248,Level 3,62,48,31,13,4,14
S01008248,Level 4 and above,288,193,145,44,4,95
S01008249,All people aged 16 and over,747,466,327,122,17,281
S01008249,No qualifications,109,35,20,14,1,74
S01008249,Level 1,136,92,64,23,5,44
S01008249,Level 2,103,59,33,18,8,44
S01008249,Level 3,64,47,37,9,1,17
S01008249,Level 4 and above,335,233,173,58,2,102
S01008250,All people aged 16 and over,835,555,403,133,19,280
S01008250,No qualifications,118,45,33,9,3,73
S01008250,Level 1,145,92,68,19,5,53
S01008250,Level 2,114,78,60,15,3,36
S01008250,Level 3,82,67,47,19,1,15
S01008250,Level 4 and above,376,273,195,71,7,103
S01008251,All people aged 16 and over,544,395,329,56,10,149
S01008251,No qualifications,49,21,17,4,0,28
S01008251,Level 1,90,61,46,13,2,29
S01008251,Level 2,97,67,50,12,5,30
S01008251,Level 3,49,40,35,3,2,9
S01008251,Level 4 and above,259,206,181,24,1,53
S01008252,All people aged 16 and over,689,423,348,60,15,266
S01008252,No qualifications,104,36,25,8,3,68
S01008252,Level 1,134,80,63,14,3,54
S01008252,Level 2,104,74,65,6,3,30
S01008252,Level 3,71,54,47,5,2,17
S01008252,Level 4 and above,276,179,148,27,4,97
S01008253,All people aged 16 and over,648,378,315,37,26,270
S01008253,No qualifications,223,71,65,5,1,152
S01008253,Level 1,171,123,96,16,11,48
S01008253,Level 2,76,56,45,6,5,20
S01008253,Level 3,63,49,41,4,4,14
S01008253,Level 4 and above,115,79,68,6,5,36
S01008254,All people aged 16 and over,819,478,397,48,33,341
S01008254,No qualifications,274,78,64,7,7,196
S01008254,Level 1,209,148,117,15,16,61
S01008254,Level 2,102,75,61,7,7,27
S01008254,Level 3,68,52,46,4,2,16
S01008254,Level 4 and above,166,125,109,15,1,41
S01008255,All people aged 16 and over,576,385,307,53,25,191
S01008255,No qualifications,126,51,43,5,3,75
S01008255,Level 1,145,112,81,14,17,33
S01008255,Level 2,81,60,49,9,2,21
S01008255,Level 3,48,33,30,3,0,15
S01008255,Level 4 and above,176,129,104,22,3,47
S01008256,All people aged 16 and over,665,439,341,59,39,226
S01008256,No qualifications,169,77,62,6,9,92
S01008256,Level 1,198,136,101,17,18,62
S01008256,Level 2,93,69,52,12,5,24
S01008256,Level 3,71,56,44,10,2,15
S01008256,Level 4 and above,134,101,82,14,5,33
S01008257,All people aged 16 and over,581,272,204,55,13,309
S01008257,No qualifications,187,33,25,6,2,154
S01008257,Level 1,105,60,43,10,7,45
S01008257,Level 2,71,51,38,11,2,20
S01008257,Level 3,43,29,24,5,0,14
S01008257,Level 4 and above,175,99,74,23,2,76
S01008258,All people aged 16 and over,710,499,427,50,22,211
S01008258,No qualifications,121,46,37,5,4,75
S01008258,Level 1,184,139,112,19,8,45
S01008258,Level 2,106,82,70,6,6,24
S01008258,Level 3,70,57,47,8,2,13
S01008258,Level 4 and above,229,175,161,12,2,54
S01008259,All people aged 16 and over,637,417,320,74,23,220
S01008259,No qualifications,137,48,34,8,6,89
S01008259,Level 1,128,95,70,15,10,33
S01008259,Level 2,73,50,39,9,2,23
S01008259,Level 3,62,55,42,10,3,7
S01008259,Level 4 and above,237,169,135,32,2,68
S01008260,All people aged 16 and over,650,422,355,35,32,228
S01008260,No qualifications,152,60,48,8,4,92
S01008260,Level 1,181,128,105,10,13,53
S01008260,Level 2,103,78,69,3,6,25
S01008260,Level 3,53,44,37,3,4,9
S01008260,Level 4 and above,161,112,96,11,5,49
S01008261,All people aged 16 and over,708,475,385,53,37,233
S01008261,No qualifications,237,114,90,13,11,123
S01008261,Level 1,207,152,115,19,18,55
S01008261,Level 2,89,73,65,5,3,16
S01008261,Level 3,58,49,45,2,2,9
S01008261,Level 4 and above,117,87,70,14,3,30
S01008262,All people aged 16 and over,493,348,249,86,13,145
S01008262,No qualifications,83,30,17,11,2,53
S01008262,Level 1,104,78,65,11,2,26
S01008262,Level 2,77,63,45,15,3,14
S01008262,Level 3,39,34,28,6,0,5
S01008262,Level 4 and above,190,143,94,43,6,47
S01008263,All people aged 16 and over,522,297,223,64,10,225
S01008263,No qualifications,105,24,20,4,0,81
S01008263,Level 1,61,32,24,5,3,29
S01008263,Level 2,56,37,26,8,3,19
S01008263,Level 3,52,34,27,6,1,18
S01008263,Level 4 and above,248,170,126,41,3,78
S01008264,All people aged 16 and over,575,364,304,41,19,211
S01008264,No qualifications,161,58,47,8,3,103
S01008264,Level 1,140,97,81,8,8,43
S01008264,Level 2,70,59,53,3,3,11
S01008264,Level 3,53,45,38,5,2,8
S01008264,Level 4 and above,151,105,85,17,3,46
S01008265,All people aged 16 and over,563,292,219,63,10,271
S01008265,No qualifications,81,19,13,6,0,62
S01008265,Level 1,78,35,22,8,5,43
S01008265,Level 2,78,47,37,8,2,31
S01008265,Level 3,38,21,15,5,1,17
S01008265,Level 4 and above,288,170,132,36,2,118
S01008266,All people aged 16 and over,577,296,209,78,9,281
S01008266,No qualifications,63,13,7,6,0,50
S01008266,Level 1,83,39,23,12,4,44
S01008266,Level 2,76,46,33,13,0,30
S01008266,Level 3,42,28,24,3,1,14
S01008266,Level 4 and above,313,170,122,44,4,143
S01008267,All people aged 16 and over,667,424,312,96,16,243
S01008267,No qualifications,118,47,36,9,2,71
S01008267,Level 1,115,78,61,13,4,37
S01008267,Level 2,89,60,47,9,4,29
S01008267,Level 3,61,43,33,8,2,18
S01008267,Level 4 and above,284,196,135,57,4,88
S01008268,All people aged 16 and over,724,382,257,112,13,342
S01008268,No qualifications,69,19,12,6,1,50
S01008268,Level 1,121,67,52,11,4,54
S01008268,Level 2,93,40,27,10,3,53
S01008268,Level 3,47,29,15,14,0,18
S01008268,Level 4 and above,394,227,151,71,5,167
S01008269,All people aged 16 and over,754,299,234,54,11,455
S01008269,No qualifications,156,20,18,2,0,136
S01008269,Level 1,110,39,30,7,2,71
S01008269,Level 2,108,51,35,14,2,57
S01008269,Level 3,77,38,36,2,0,39
S01008269,Level 4 and above,303,151,115,29,7,152
S01008270,All people aged 16 and over,705,320,226,75,19,385
S01008270,No qualifications,119,16,10,5,1,103
S01008270,Level 1,114,49,29,12,8,65
S01008270,Level 2,88,44,30,11,3,44
S01008270,Level 3,49,18,11,4,3,31
S01008270,Level 4 and above,335,193,146,43,4,142
S01008271,All people aged 16 and over,586,353,246,72,35,233
S01008271,No qualifications,116,37,24,5,8,79
S01008271,Level 1,112,79,55,13,11,33
S01008271,Level 2,93,68,47,19,2,25
S01008271,Level 3,52,43,32,8,3,9
S01008271,Level 4 and above,213,126,88,27,11,87
S01008272,All people aged 16 and over,816,500,401,83,16,316
S01008272,No qualifications,153,51,41,10,0,102
S01008272,Level 1,167,114,90,17,7,53
S01008272,Level 2,126,83,62,15,6,43
S01008272,Level 3,55,35,25,9,1,20
S01008272,Level 4 and above,315,217,183,32,2,98
S01008273,All people aged 16 and over,673,388,300,71,17,285
S01008273,No qualifications,92,21,15,3,3,71
S01008273,Level 1,122,75,62,10,3,47
S01008273,Level 2,90,57,46,8,3,33
S01008273,Level 3,50,31,25,5,1,19
S01008273,Level 4 and above,319,204,152,45,7,115
S01008274,All people aged 16 and over,593,343,264,40,39,250
S01008274,No qualifications,183,67,44,9,14,116
S01008274,Level 1,165,107,84,10,13,58
S01008274,Level 2,80,64,49,9,6,16
S01008274,Level 3,38,27,22,3,2,11
S01008274,Level 4 and above,127,78,65,9,4,49
S01008275,All people aged 16 and over,462,270,192,66,12,192
S01008275,No qualifications,96,27,22,5,0,69
S01008275,Level 1,70,43,32,4,7,27
S01008275,Level 2,60,40,29,10,1,20
S01008275,Level 3,28,16,13,2,1,12
S01008275,Level 4 and above,208,144,96,45,3,64
S01008276,All people aged 16 and over,423,288,216,61,11,135
S01008276,No qualifications,57,27,19,7,1,30
S01008276,Level 1,72,45,34,6,5,27
S01008276,Level 2,53,32,26,4,2,21
S01008276,Level 3,39,27,15,11,1,12
S01008276,Level 4 and above,202,157,122,33,2,45
S01008277,All people aged 16 and over,408,280,170,97,13,128
S01008277,No qualifications,48,18,7,8,3,30
S01008277,Level 1,72,42,22,16,4,30
S01008277,Level 2,69,49,34,13,2,20
S01008277,Level 3,31,26,15,10,1,5
S01008277,Level 4 and above,188,145,92,50,3,43
S01008278,All people aged 16 and over,637,386,282,91,13,251
S01008278,No qualifications,76,25,15,8,2,51
S01008278,Level 1,88,50,38,10,2,38
S01008278,Level 2,89,57,42,13,2,32
S01008278,Level 3,61,43,31,8,4,18
S01008278,Level 4 and above,323,211,156,52,3,112
S01008279,All people aged 16 and over,605,357,283,54,20,248
S01008279,No qualifications,160,55,40,8,7,105
S01008279,Level 1,136,94,74,12,8,42
S01008279,Level 2,79,54,45,5,4,25
S01008279,Level 3,50,37,32,4,1,13
S01008279,Level 4 and above,180,117,92,25,0,63
S01008280,All people aged 16 and over,778,511,350,138,23,267
S01008280,No qualifications,154,47,31,13,3,107
S01008280,Level 1,136,99,68,22,9,37
S01008280,Level 2,115,81,54,22,5,34
S01008280,Level 3,74,57,41,14,2,17
S01008280,Level 4 and above,299,227,156,67,4,72
S01008281,All people aged 16 and over,584,417,300,97,20,167
S01008281,No qualifications,90,47,33,14,0,43
S01008281,Level 1,115,81,58,17,6,34
S01008281,Level 2,81,58,40,13,5,23
S01008281,Level 3,68,56,45,9,2,12
S01008281,Level 4 and above,230,175,124,44,7,55
S01008282,All people aged 16 and over,587,390,259,109,22,197
S01008282,No qualifications,154,62,37,22,3,92
S01008282,Level 1,121,87,55,22,10,34
S01008282,Level 2,87,62,40,19,3,25
S01008282,Level 3,60,53,41,9,3,7
S01008282,Level 4 and above,165,126,86,37,3,39
S01008283,All people aged 16 and over,395,303,231,49,23,92
S01008283,No qualifications,51,30,15,11,4,21
S01008283,Level 1,84,61,45,10,6,23
S01008283,Level 2,55,45,39,0,6,10
S01008283,Level 3,50,42,36,3,3,8
S01008283,Level 4 and above,155,125,96,25,4,30
S01008284,All people aged 16 and over,672,460,373,65,22,212
S01008284,No qualifications,156,62,52,6,4,94
S01008284,Level 1,164,112,80,22,10,52
S01008284,Level 2,86,62,52,8,2,24
S01008284,Level 3,49,43,35,7,1,6
S01008284,Level 4 and above,217,181,154,22,5,36
S01008285,All people aged 16 and over,628,355,274,42,39,273
S01008285,No qualifications,249,81,56,15,10,168
S01008285,Level 1,174,119,94,11,14,55
S01008285,Level 2,74,58,47,7,4,16
S01008285,Level 3,41,32,28,1,3,9
S01008285,Level 4 and above,90,65,49,8,8,25
S01008286,All people aged 16 and over,620,374,307,47,20,246
S01008286,No qualifications,207,73,61,7,5,134
S01008286,Level 1,169,117,92,15,10,52
S01008286,Level 2,84,65,58,6,1,19
S01008286,Level 3,42,33,30,1,2,9
S01008286,Level 4 and above,118,86,66,18,2,32
S01008287,All people aged 16 and over,617,418,336,43,39,199
S01008287,No qualifications,144,50,41,6,3,94
S01008287,Level 1,160,117,84,8,25,43
S01008287,Level 2,73,61,47,8,6,12
S01008287,Level 3,48,39,32,4,3,9
S01008287,Level 4 and above,192,151,132,17,2,41
S01008288,All people aged 16 and over,753,432,334,69,29,321
S01008288,No qualifications,191,55,38,15,2,136
S01008288,Level 1,160,108,83,8,17,52
S01008288,Level 2,88,63,50,11,2,25
S01008288,Level 3,58,40,30,6,4,18
S01008288,Level 4 and above,256,166,133,29,4,90
S01008289,All people aged 16 and over,525,366,290,53,23,159
S01008289,No qualifications,123,53,38,13,2,70
S01008289,Level 1,142,102,83,7,12,40
S01008289,Level 2,82,66,50,10,6,16
S01008289,Level 3,46,39,35,4,0,7
S01008289,Level 4 and above,132,106,84,19,3,26
S01008290,All people aged 16 and over,737,455,337,82,36,282
S01008290,No qualifications,138,41,31,4,6,97
S01008290,Level 1,160,108,84,15,9,52
S01008290,Level 2,106,67,47,13,7,39
S01008290,Level 3,62,46,30,8,8,16
S01008290,Level 4 and above,271,193,145,42,6,78
S01008291,All people aged 16 and over,644,334,291,25,18,310
S01008291,No qualifications,184,45,34,8,3,139
S01008291,Level 1,173,100,88,6,6,73
S01008291,Level 2,72,47,45,1,1,25
S01008291,Level 3,67,51,47,0,4,16
S01008291,Level 4 and above,148,91,77,10,4,57
S01008292,All people aged 16 and over,592,428,354,35,39,164
S01008292,No qualifications,164,86,69,10,7,78
S01008292,Level 1,179,129,106,3,20,50
S01008292,Level 2,91,75,57,11,7,16
S01008292,Level 3,40,37,34,0,3,3
S01008292,Level 4 and above,118,101,88,11,2,17
S01008293,All people aged 16 and over,428,305,256,41,8,123
S01008293,No qualifications,44,17,12,5,0,27
S01008293,Level 1,87,54,40,13,1,33
S01008293,Level 2,64,48,40,5,3,16
S01008293,Level 3,56,48,37,7,4,8
S01008293,Level 4 and above,177,138,127,11,0,39
S01008294,All people aged 16 and over,683,491,402,63,26,192
S01008294,No qualifications,136,43,36,5,2,93
S01008294,Level 1,144,108,79,16,13,36
S01008294,Level 2,119,98,81,10,7,21
S01008294,Level 3,65,61,52,8,1,4
S01008294,Level 4 and above,219,181,154,24,3,38
S01008295,All people aged 16 and over,795,582,519,35,28,213
S01008295,No qualifications,180,96,81,10,5,84
S01008295,Level 1,175,140,122,10,8,35
S01008295,Level 2,157,119,101,5,13,38
S01008295,Level 3,102,83,79,4,0,19
S01008295,Level 4 and above,181,144,136,6,2,37
S01008296,All people aged 16 and over,567,317,247,37,33,250
S01008296,No qualifications,215,61,50,6,5,154
S01008296,Level 1,135,86,62,8,16,49
S01008296,Level 2,64,45,32,8,5,19
S01008296,Level 3,49,41,32,5,4,8
S01008296,Level 4 and above,104,84,71,10,3,20
S01008297,All people aged 16 and over,586,409,352,41,16,177
S01008297,No qualifications,95,34,27,5,2,61
S01008297,Level 1,146,97,74,16,7,49
S01008297,Level 2,108,87,76,7,4,21
S01008297,Level 3,66,55,51,2,2,11
S01008297,Level 4 and above,171,136,124,11,1,35
S01008298,All people aged 16 and over,608,403,333,52,18,205
S01008298,No qualifications,132,34,25,8,1,98
S01008298,Level 1,138,97,79,13,5,41
S01008298,Level 2,110,83,68,9,6,27
S01008298,Level 3,65,50,40,8,2,15
S01008298,Level 4 and above,163,139,121,14,4,24
S01008299,All people aged 16 and over,616,334,245,36,53,282
S01008299,No qualifications,237,71,44,12,15,166
S01008299,Level 1,145,94,68,8,18,51
S01008299,Level 2,83,62,41,4,17,21
S01008299,Level 3,61,44,39,3,2,17
S01008299,Level 4 and above,90,63,53,9,1,27
S01008300,All people aged 16 and over,710,405,318,45,42,305
S01008300,No qualifications,212,56,46,4,6,156
S01008300,Level 1,195,130,91,16,23,65
S01008300,Level 2,112,80,64,9,7,32
S01008300,Level 3,70,54,48,4,2,16
S01008300,Level 4 and above,121,85,69,12,4,36
S01008301,All people aged 16 and over,687,492,410,54,28,195
S01008301,No qualifications,107,51,39,11,1,56
S01008301,Level 1,179,129,109,11,9,50
S01008301,Level 2,138,103,82,10,11,35
S01008301,Level 3,83,71,63,6,2,12
S01008301,Level 4 and above,180,138,117,16,5,42
S01008302,All people aged 16 and over,617,391,293,78,20,226
S01008302,No qualifications,91,37,26,8,3,54
S01008302,Level 1,96,63,43,16,4,33
S01008302,Level 2,111,78,57,14,7,33
S01008302,Level 3,65,53,43,9,1,12
S01008302,Level 4 and above,254,160,124,31,5,94
S01008303,All people aged 16 and over,471,299,248,27,24,172
S01008303,No qualifications,128,38,30,3,5,90
S01008303,Level 1,108,77,62,9,6,31
S01008303,Level 2,89,68,48,10,10,21
S01008303,Level 3,50,37,33,1,3,13
S01008303,Level 4 and above,96,79,75,4,0,17
S01008304,All people aged 16 and over,411,252,209,23,20,159
S01008304,No qualifications,81,17,14,1,2,64
S01008304,Level 1,74,47,36,5,6,27
S01008304,Level 2,74,54,45,5,4,20
S01008304,Level 3,50,40,32,3,5,10
S01008304,Level 4 and above,132,94,82,9,3,38
S01008305,All people aged 16 and over,678,450,394,35,21,228
S01008305,No qualifications,125,31,24,6,1,94
S01008305,Level 1,147,99,79,14,6,48
S01008305,Level 2,135,100,89,5,6,35
S01008305,Level 3,92,76,69,4,3,16
S01008305,Level 4 and above,179,144,133,6,5,35
S01008306,All people aged 16 and over,538,369,314,37,18,169
S01008306,No qualifications,95,29,22,5,2,66
S01008306,Level 1,120,86,73,9,4,34
S01008306,Level 2,106,80,66,7,7,26
S01008306,Level 3,68,53,46,5,2,15
S01008306,Level 4 and above,149,121,107,11,3,28
S01008307,All people aged 16 and over,493,331,283,30,18,162
S01008307,No qualifications,118,31,25,2,4,87
S01008307,Level 1,110,84,69,10,5,26
S01008307,Level 2,97,73,67,3,3,24
S01008307,Level 3,48,44,38,3,3,4
S01008307,Level 4 and above,120,99,84,12,3,21
S01008308,All people aged 16 and over,501,294,254,28,12,207
S01008308,No qualifications,86,21,17,3,1,65
S01008308,Level 1,84,53,47,5,1,31
S01008308,Level 2,98,64,57,3,4,34
S01008308,Level 3,53,38,34,3,1,15
S01008308,Level 4 and above,180,118,99,14,5,62
S01008309,All people aged 16 and over,603,323,254,19,50,280
S01008309,No qualifications,219,58,44,4,10,161
S01008309,Level 1,149,93,67,6,20,56
S01008309,Level 2,92,65,55,2,8,27
S01008309,Level 3,64,52,41,2,9,12
S01008309,Level 4 and above,79,55,47,5,3,24
S01008310,All people aged 16 and over,818,482,406,38,38,336
S01008310,No qualifications,282,77,54,9,14,205
S01008310,Level 1,168,113,95,9,9,55
S01008310,Level 2,133,104,86,9,9,29
S01008310,Level 3,85,71,63,6,2,14
S01008310,Level 4 and above,150,117,108,5,4,33
S01008311,All people aged 16 and over,313,212,176,13,23,101
S01008311,No qualifications,93,34,26,3,5,59
S01008311,Level 1,93,68,55,2,11,25
S01008311,Level 2,57,47,42,2,3,10
S01008311,Level 3,24,23,19,1,3,1
S01008311,Level 4 and above,46,40,34,5,1,6
S01008312,All people aged 16 and over,329,222,190,17,15,107
S01008312,No qualifications,75,19,15,1,3,56
S01008312,Level 1,83,60,52,3,5,23
S01008312,Level 2,57,52,47,1,4,5
S01008312,Level 3,50,43,36,5,2,7
S01008312,Level 4 and above,64,48,40,7,1,16
S01008313,All people aged 16 and over,748,391,307,31,53,357
S01008313,No qualifications,352,112,79,10,23,240
S01008313,Level 1,163,107,78,11,18,56
S01008313,Level 2,65,50,45,0,5,15
S01008313,Level 3,68,56,47,6,3,12
S01008313,Level 4 and above,100,66,58,4,4,34
S01008314,All people aged 16 and over,470,312,250,21,41,158
S01008314,No qualifications,130,57,48,4,5,73
S01008314,Level 1,148,101,77,6,18,47
S01008314,Level 2,66,55,47,2,6,11
S01008314,Level 3,51,38,28,3,7,13
S01008314,Level 4 and above,75,61,50,6,5,14
S01008315,All people aged 16 and over,617,367,288,29,50,250
S01008315,No qualifications,193,67,49,8,10,126
S01008315,Level 1,188,119,86,5,28,69
S01008315,Level 2,90,69,58,4,7,21
S01008315,Level 3,77,56,49,5,2,21
S01008315,Level 4 and above,69,56,46,7,3,13
S01008316,All people aged 16 and over,421,234,178,15,41,187
S01008316,No qualifications,166,58,41,2,15,108
S01008316,Level 1,113,66,49,2,15,47
S01008316,Level 2,42,30,18,4,8,12
S01008316,Level 3,41,31,30,1,0,10
S01008316,Level 4 and above,59,49,40,6,3,10
S01008317,All people aged 16 and over,560,389,317,37,35,171
S01008317,No qualifications,137,58,41,7,10,79
S01008317,Level 1,136,83,59,9,15,53
S01008317,Level 2,93,79,66,7,6,14
S01008317,Level 3,68,55,49,5,1,13
S01008317,Level 4 and above,126,114,102,9,3,12
S01008318,All people aged 16 and over,799,505,422,66,17,294
S01008318,No qualifications,161,54,38,11,5,107
S01008318,Level 1,163,100,84,13,3,63
S01008318,Level 2,118,88,72,11,5,30
S01008318,Level 3,105,76,66,8,2,29
S01008318,Level 4 and above,252,187,162,23,2,65
S01008319,All people aged 16 and over,622,336,286,27,23,286
S01008319,No qualifications,220,49,40,4,5,171
S01008319,Level 1,148,98,77,12,9,50
S01008319,Level 2,86,61,54,4,3,25
S01008319,Level 3,70,57,52,0,5,13
S01008319,Level 4 and above,98,71,63,7,1,27
S01008320,All people aged 16 and over,574,281,240,28,13,293
S01008320,No qualifications,175,45,37,8,0,130
S01008320,Level 1,127,75,62,4,9,52
S01008320,Level 2,84,57,50,6,1,27
S01008320,Level 3,62,44,39,4,1,18
S01008320,Level 4 and above,126,60,52,6,2,66
S01008321,All people aged 16 and over,436,321,272,31,18,115
S01008321,No qualifications,68,23,17,5,1,45
S01008321,Level 1,99,70,58,5,7,29
S01008321,Level 2,94,75,61,9,5,19
S01008321,Level 3,42,36,32,3,1,6
S01008321,Level 4 and above,133,117,104,9,4,16
S01008322,All people aged 16 and over,839,516,436,38,42,323
S01008322,No qualifications,233,87,70,7,10,146
S01008322,Level 1,219,142,112,12,18,77
S01008322,Level 2,122,87,80,3,4,35
S01008322,Level 3,95,65,56,4,5,30
S01008322,Level 4 and above,170,135,118,12,5,35
S01008323,All people aged 16 and over,610,353,266,39,48,257
S01008323,No qualifications,232,76,49,6,21,156
S01008323,Level 1,165,113,87,11,15,52
S01008323,Level 2,78,58,45,5,8,20
S01008323,Level 3,56,41,37,3,1,15
S01008323,Level 4 and above,79,65,48,14,3,14
S01008324,All people aged 16 and over,496,311,252,30,29,185
S01008324,No qualifications,171,72,46,10,16,99
S01008324,Level 1,130,93,74,9,10,37
S01008324,Level 2,67,46,43,3,0,21
S01008324,Level 3,48,35,29,4,2,13
S01008324,Level 4 and above,80,65,60,4,1,15
S01008325,All people aged 16 and over,554,367,298,10,59,187
S01008325,No qualifications,166,72,55,0,17,94
S01008325,Level 1,156,111,84,4,23,45
S01008325,Level 2,81,56,40,3,13,25
S01008325,Level 3,60,51,50,0,1,9
S01008325,Level 4 and above,91,77,69,3,5,14
S01008326,All people aged 16 and over,753,459,371,27,61,294
S01008326,No qualifications,264,100,76,9,15,164
S01008326,Level 1,227,165,124,11,30,62
S01008326,Level 2,86,61,52,1,8,25
S01008326,Level 3,80,66,55,5,6,14
S01008326,Level 4 and above,96,67,64,1,2,29
S01008327,All people aged 16 and over,712,424,346,29,49,288
S01008327,No qualifications,282,102,85,5,12,180
S01008327,Level 1,185,134,103,8,23,51
S01008327,Level 2,111,83,73,3,7,28
S01008327,Level 3,51,42,37,1,4,9
S01008327,Level 4 and above,83,63,48,12,3,20
S01008328,All people aged 16 and over,501,384,303,60,21,117
S01008328,No qualifications,59,35,18,10,7,24
S01008328,Level 1,83,54,42,7,5,29
S01008328,Level 2,97,81,68,9,4,16
S01008328,Level 3,61,49,39,9,1,12
S01008328,Level 4 and above,201,165,136,25,4,36
S01008329,All people aged 16 and over,679,488,391,70,27,191
S01008329,No qualifications,69,24,19,3,2,45
S01008329,Level 1,99,70,51,14,5,29
S01008329,Level 2,150,109,85,13,11,41
S01008329,Level 3,98,77,60,10,7,21
S01008329,Level 4 and above,263,208,176,30,2,55
S01008330,All people aged 16 and over,685,496,399,59,38,189
S01008330,No qualifications,89,35,26,5,4,54
S01008330,Level 1,143,96,65,19,12,47
S01008330,Level 2,141,109,92,10,7,32
S01008330,Level 3,81,61,54,5,2,20
S01008330,Level 4 and above,231,195,162,20,13,36
S01008331,All people aged 16 and over,477,360,287,58,15,117
S01008331,No qualifications,65,28,17,6,5,37
S01008331,Level 1,106,80,58,19,3,26
S01008331,Level 2,87,67,56,8,3,20
S01008331,Level 3,50,43,38,4,1,7
S01008331,Level 4 and above,169,142,118,21,3,27
S01008332,All people aged 16 and over,814,446,350,80,16,368
S01008332,No qualifications,167,31,25,6,0,136
S01008332,Level 1,117,65,46,15,4,52
S01008332,Level 2,134,77,58,11,8,57
S01008332,Level 3,79,55,47,7,1,24
S01008332,Level 4 and above,317,218,174,41,3,99
S01008333,All people aged 16 and over,859,413,308,87,18,446
S01008333,No qualifications,224,40,22,17,1,184
S01008333,Level 1,115,54,36,11,7,61
S01008333,Level 2,133,73,61,9,3,60
S01008333,Level 3,79,50,34,15,1,29
S01008333,Level 4 and above,308,196,155,35,6,112
S01008334,All people aged 16 and over,602,345,278,49,18,257
S01008334,No qualifications,98,20,14,5,1,78
S01008334,Level 1,91,52,40,6,6,39
S01008334,Level 2,99,67,57,8,2,32
S01008334,Level 3,59,40,29,6,5,19
S01008334,Level 4 and above,255,166,138,24,4,89
S01008335,All people aged 16 and over,590,332,267,41,24,258
S01008335,No qualifications,162,40,32,3,5,122
S01008335,Level 1,98,60,45,8,7,38
S01008335,Level 2,97,59,47,8,4,38
S01008335,Level 3,53,43,34,6,3,10
S01008335,Level 4 and above,180,130,109,16,5,50
S01008336,All people aged 16 and over,508,326,241,61,24,182
S01008336,No qualifications,138,35,24,7,4,103
S01008336,Level 1,86,53,38,7,8,33
S01008336,Level 2,85,68,56,6,6,17
S01008336,Level 3,39,34,20,13,1,5
S01008336,Level 4 and above,160,136,103,28,5,24
S01008337,All people aged 16 and over,663,492,436,31,25,171
S01008337,No qualifications,95,33,25,3,5,62
S01008337,Level 1,105,73,60,8,5,32
S01008337,Level 2,115,88,76,5,7,27
S01008337,Level 3,70,57,51,4,2,13
S01008337,Level 4 and above,278,241,224,11,6,37
S01008338,All people aged 16 and over,620,480,397,55,28,140
S01008338,No qualifications,66,32,21,11,0,34
S01008338,Level 1,97,61,44,9,8,36
S01008338,Level 2,112,91,69,11,11,21
S01008338,Level 3,64,46,40,5,1,18
S01008338,Level 4 and above,281,250,223,19,8,31
S01008339,All people aged 16 and over,493,405,335,43,27,88
S01008339,No qualifications,39,24,17,7,0,15
S01008339,Level 1,78,62,48,7,7,16
S01008339,Level 2,118,100,83,8,9,18
S01008339,Level 3,50,40,32,6,2,10
S01008339,Level 4 and above,208,179,155,15,9,29
S01008340,All people aged 16 and over,643,491,403,69,19,152
S01008340,No qualifications,58,31,23,7,1,27
S01008340,Level 1,105,66,55,10,1,39
S01008340,Level 2,135,106,84,15,7,29
S01008340,Level 3,65,53,44,7,2,12
S01008340,Level 4 and above,280,235,197,30,8,45
S01008341,All people aged 16 and over,484,391,297,72,22,93
S01008341,No qualifications,37,19,13,6,0,18
S01008341,Level 1,71,54,34,16,4,17
S01008341,Level 2,95,71,53,11,7,24
S01008341,Level 3,38,32,26,5,1,6
S01008341,Level 4 and above,243,215,171,34,10,28
S01008342,All people aged 16 and over,694,439,348,62,29,255
S01008342,No qualifications,126,35,21,13,1,91
S01008342,Level 1,123,78,56,8,14,45
S01008342,Level 2,120,80,66,8,6,40
S01008342,Level 3,61,41,37,3,1,20
S01008342,Level 4 and above,264,205,168,30,7,59
S01008343,All people aged 16 and over,702,428,318,83,27,274
S01008343,No qualifications,69,12,8,4,0,57
S01008343,Level 1,95,45,31,12,2,50
S01008343,Level 2,147,94,61,17,16,53
S01008343,Level 3,56,46,36,8,2,10
S01008343,Level 4 and above,335,231,182,42,7,104
S01008344,All people aged 16 and over,711,436,288,130,18,275
S01008344,No qualifications,84,36,22,12,2,48
S01008344,Level 1,95,44,31,11,2,51
S01008344,Level 2,116,67,45,18,4,49
S01008344,Level 3,63,44,30,11,3,19
S01008344,Level 4 and above,353,245,160,78,7,108
S01008345,All people aged 16 and over,765,416,280,115,21,349
S01008345,No qualifications,92,27,14,13,0,65
S01008345,Level 1,101,46,28,15,3,55
S01008345,Level 2,143,74,45,19,10,69
S01008345,Level 3,52,22,18,3,1,30
S01008345,Level 4 and above,377,247,175,65,7,130
S01008346,All people aged 16 and over,774,477,344,108,25,297
S01008346,No qualifications,70,15,10,3,2,55
S01008346,Level 1,111,59,44,13,2,52
S01008346,Level 2,160,105,66,30,9,55
S01008346,Level 3,63,42,28,11,3,21
S01008346,Level 4 and above,370,256,196,51,9,114
S01008347,All people aged 16 and over,832,439,328,76,35,393
S01008347,No qualifications,154,35,20,12,3,119
S01008347,Level 1,115,44,32,8,4,71
S01008347,Level 2,138,83,60,12,11,55
S01008347,Level 3,79,53,37,13,3,26
S01008347,Level 4 and above,346,224,179,31,14,122
S01008348,All people aged 16 and over,618,342,257,60,25,276
S01008348,No qualifications,83,25,12,12,1,58
S01008348,Level 1,94,45,27,9,9,49
S01008348,Level 2,118,70,55,10,5,48
S01008348,Level 3,47,25,20,2,3,22
S01008348,Level 4 and above,276,177,143,27,7,99
S01008349,All people aged 16 and over,696,405,303,91,11,291
S01008349,No qualifications,72,15,10,5,0,57
S01008349,Level 1,122,58,35,18,5,64
S01008349,Level 2,121,84,71,10,3,37
S01008349,Level 3,54,35,26,8,1,19
S01008349,Level 4 and above,327,213,161,50,2,114
S01008350,All people aged 16 and over,504,255,190,55,10,249
S01008350,No qualifications,83,16,8,8,0,67
S01008350,Level 1,79,36,25,7,4,43
S01008350,Level 2,66,39,31,6,2,27
S01008350,Level 3,43,25,17,6,2,18
S01008350,Level 4 and above,233,139,109,28,2,94
S01008351,All people aged 16 and over,727,453,359,67,27,274
S01008351,No qualifications,81,19,12,5,2,62
S01008351,Level 1,108,54,41,11,2,54
S01008351,Level 2,129,87,70,5,12,42
S01008351,Level 3,70,49,39,8,2,21
S01008351,Level 4 and above,339,244,197,38,9,95
S01008352,All people aged 16 and over,529,304,241,51,12,225
S01008352,No qualifications,65,16,10,6,0,49
S01008352,Level 1,59,26,17,7,2,33
S01008352,Level 2,89,58,47,7,4,31
S01008352,Level 3,54,30,26,4,0,24
S01008352,Level 4 and above,262,174,141,27,6,88
S01008353,All people aged 16 and over,406,242,168,60,14,164
S01008353,No qualifications,50,15,5,10,0,35
S01008353,Level 1,66,23,17,5,1,43
S01008353,Level 2,85,60,40,13,7,25
S01008353,Level 3,23,14,11,3,0,9
S01008353,Level 4 and above,182,130,95,29,6,52
S01008354,All people aged 16 and over,540,357,251,91,15,183
S01008354,No qualifications,109,44,23,21,0,65
S01008354,Level 1,100,65,38,22,5,35
S01008354,Level 2,76,49,41,7,1,27
S01008354,Level 3,38,27,24,1,2,11
S01008354,Level 4 and above,217,172,125,40,7,45
S01008355,All people aged 16 and over,540,301,231,49,21,239
S01008355,No qualifications,148,36,26,5,5,112
S01008355,Level 1,95,51,34,13,4,44
S01008355,Level 2,80,62,48,5,9,18
S01008355,Level 3,48,30,26,4,0,18
S01008355,Level 4 and above,169,122,97,22,3,47
S01008356,All people aged 16 and over,457,342,274,54,14,115
S01008356,No qualifications,47,26,20,5,1,21
S01008356,Level 1,89,66,45,15,6,23
S01008356,Level 2,80,64,52,9,3,16
S01008356,Level 3,60,50,44,3,3,10
S01008356,Level 4 and above,181,136,113,22,1,45
S01008357,All people aged 16 and over,566,355,292,53,10,211
S01008357,No qualifications,76,20,18,2,0,56
S01008357,Level 1,109,64,52,8,4,45
S01008357,Level 2,95,71,57,11,3,24
S01008357,Level 3,58,40,35,5,0,18
S01008357,Level 4 and above,228,160,130,27,3,68
S01008358,All people aged 16 and over,582,333,260,45,28,249
S01008358,No qualifications,170,49,37,6,6,121
S01008358,Level 1,100,61,39,12,10,39
S01008358,Level 2,95,60,43,12,5,35
S01008358,Level 3,58,40,36,2,2,18
S01008358,Level 4 and above,159,123,105,13,5,36
S01008359,All people aged 16 and over,492,324,239,73,12,168
S01008359,No qualifications,68,16,8,7,1,52
S01008359,Level 1,90,62,43,15,4,28
S01008359,Level 2,108,80,57,17,6,28
S01008359,Level 3,46,37,23,14,0,9
S01008359,Level 4 and above,180,129,108,20,1,51
S01008360,All people aged 16 and over,687,437,331,87,19,250
S01008360,No qualifications,84,25,12,12,1,59
S01008360,Level 1,118,69,53,11,5,49
S01008360,Level 2,136,100,79,14,7,36
S01008360,Level 3,59,41,28,11,2,18
S01008360,Level 4 and above,290,202,159,39,4,88
S01008361,All people aged 16 and over,424,289,245,31,13,135
S01008361,No qualifications,56,30,20,10,0,26
S01008361,Level 1,85,51,40,3,8,34
S01008361,Level 2,79,62,56,5,1,17
S01008361,Level 3,52,37,31,5,1,15
S01008361,Level 4 and above,152,109,98,8,3,43
S01008362,All people aged 16 and over,721,523,431,67,25,198
S01008362,No qualifications,85,25,19,5,1,60
S01008362,Level 1,120,82,64,11,7,38
S01008362,Level 2,136,106,90,8,8,30
S01008362,Level 3,92,72,57,13,2,20
S01008362,Level 4 and above,288,238,201,30,7,50
S01008363,All people aged 16 and over,601,388,328,43,17,213
S01008363,No qualifications,63,15,11,3,1,48
S01008363,Level 1,105,62,53,6,3,43
S01008363,Level 2,114,87,69,11,7,27
S01008363,Level 3,59,48,37,8,3,11
S01008363,Level 4 and above,260,176,158,15,3,84
S01008364,All people aged 16 and over,628,390,297,71,22,238
S01008364,No qualifications,90,25,17,5,3,65
S01008364,Level 1,98,60,41,14,5,38
S01008364,Level 2,108,67,52,12,3,41
S01008364,Level 3,48,31,21,5,5,17
S01008364,Level 4 and above,284,207,166,35,6,77
S01008365,All people aged 16 and over,567,313,217,76,20,254
S01008365,No qualifications,62,13,7,5,1,49
S01008365,Level 1,97,46,16,19,11,51
S01008365,Level 2,102,58,38,18,2,44
S01008365,Level 3,48,26,19,4,3,22
S01008365,Level 4 and above,258,170,137,30,3,88
S01008366,All people aged 16 and over,746,396,330,37,29,350
S01008366,No qualifications,211,53,41,10,2,158
S01008366,Level 1,143,81,67,6,8,62
S01008366,Level 2,132,87,73,6,8,45
S01008366,Level 3,76,62,52,6,4,14
S01008366,Level 4 and above,184,113,97,9,7,71
S01008367,All people aged 16 and over,617,370,306,34,30,247
S01008367,No qualifications,172,60,39,10,11,112
S01008367,Level 1,118,64,54,5,5,54
S01008367,Level 2,96,66,58,4,4,30
S01008367,Level 3,77,57,48,3,6,20
S01008367,Level 4 and above,154,123,107,12,4,31
S01008368,All people aged 16 and over,541,361,304,41,16,180
S01008368,No qualifications,108,39,32,6,1,69
S01008368,Level 1,88,63,50,8,5,25
S01008368,Level 2,104,78,69,5,4,26
S01008368,Level 3,50,39,34,4,1,11
S01008368,Level 4 and above,191,142,119,18,5,49
S01008369,All people aged 16 and over,421,268,227,23,18,153
S01008369,No qualifications,97,36,26,3,7,61
S01008369,Level 1,72,46,36,4,6,26
S01008369,Level 2,68,53,45,6,2,15
S01008369,Level 3,48,33,28,3,2,15
S01008369,Level 4 and above,136,100,92,7,1,36
S01008370,All people aged 16 and over,553,373,288,64,21,180
S01008370,No qualifications,78,14,9,3,2,64
S01008370,Level 1,80,53,37,12,4,27
S01008370,Level 2,104,78,58,12,8,26
S01008370,Level 3,71,51,36,11,4,20
S01008370,Level 4 and above,220,177,148,26,3,43
S01008371,All people aged 16 and over,618,404,340,49,15,214
S01008371,No qualifications,58,11,6,5,0,47
S01008371,Level 1,113,64,54,7,3,49
S01008371,Level 2,121,87,70,10,7,34
S01008371,Level 3,56,47,42,2,3,9
S01008371,Level 4 and above,270,195,168,25,2,75
S01008372,All people aged 16 and over,613,412,355,39,18,201
S01008372,No qualifications,71,31,23,6,2,40
S01008372,Level 1,126,73,60,6,7,53
S01008372,Level 2,112,84,71,10,3,28
S01008372,Level 3,77,47,38,7,2,30
S01008372,Level 4 and above,227,177,163,10,4,50
S01008373,All people aged 16 and over,614,437,378,39,20,177
S01008373,No qualifications,55,21,15,5,1,34
S01008373,Level 1,104,66,53,11,2,38
S01008373,Level 2,112,82,69,8,5,30
S01008373,Level 3,48,36,33,1,2,12
S01008373,Level 4 and above,295,232,208,14,10,63
S01008374,All people aged 16 and over,558,370,322,40,8,188
S01008374,No qualifications,74,24,17,6,1,50
S01008374,Level 1,93,59,51,6,2,34
S01008374,Level 2,118,87,79,6,2,31
S01008374,Level 3,83,60,49,10,1,23
S01008374,Level 4 and above,190,140,126,12,2,50
S01008375,All people aged 16 and over,633,418,356,46,16,215
S01008375,No qualifications,72,19,17,2,0,53
S01008375,Level 1,97,59,47,9,3,38
S01008375,Level 2,122,84,71,9,4,38
S01008375,Level 3,58,40,33,5,2,18
S01008375,Level 4 and above,284,216,188,21,7,68
S01008376,All people aged 16 and over,415,284,222,43,19,131
S01008376,No qualifications,55,23,13,8,2,32
S01008376,Level 1,59,40,31,4,5,19
S01008376,Level 2,76,50,40,6,4,26
S01008376,Level 3,42,34,27,5,2,8
S01008376,Level 4 and above,183,137,111,20,6,46
S01008377,All people aged 16 and over,584,404,332,50,22,180
S01008377,No qualifications,76,11,10,1,0,65
S01008377,Level 1,99,66,44,15,7,33
S01008377,Level 2,113,77,59,13,5,36
S01008377,Level 3,48,42,34,5,3,6
S01008377,Level 4 and above,248,208,185,16,7,40
S01008378,All people aged 16 and over,811,494,406,72,16,317
S01008378,No qualifications,123,19,16,3,0,104
S01008378,Level 1,122,66,48,10,8,56
S01008378,Level 2,147,102,87,10,5,45
S01008378,Level 3,70,50,43,6,1,20
S01008378,Level 4 and above,349,257,212,43,2,92
S01008379,All people aged 16 and over,434,238,191,30,17,196
S01008379,No qualifications,63,13,8,5,0,50
S01008379,Level 1,63,34,25,5,4,29
S01008379,Level 2,97,57,44,8,5,40
S01008379,Level 3,48,31,27,2,2,17
S01008379,Level 4 and above,163,103,87,10,6,60
S01008380,All people aged 16 and over,512,354,292,45,17,158
S01008380,No qualifications,52,12,9,3,0,40
S01008380,Level 1,70,41,31,5,5,29
S01008380,Level 2,107,81,62,14,5,26
S01008380,Level 3,62,44,39,3,2,18
S01008380,Level 4 and above,221,176,151,20,5,45
S01008381,All people aged 16 and over,489,370,305,54,11,119
S01008381,No qualifications,48,21,11,9,1,27
S01008381,Level 1,78,50,36,9,5,28
S01008381,Level 2,88,57,49,6,2,31
S01008381,Level 3,40,32,26,5,1,8
S01008381,Level 4 and above,235,210,183,25,2,25
S01008382,All people aged 16 and over,502,310,255,43,12,192
S01008382,No qualifications,67,17,13,4,0,50
S01008382,Level 1,80,38,30,5,3,42
S01008382,Level 2,111,72,53,13,6,39
S01008382,Level 3,50,34,29,4,1,16
S01008382,Level 4 and above,194,149,130,17,2,45
S01008383,All people aged 16 and over,378,265,214,35,16,113
S01008383,No qualifications,31,7,3,3,1,24
S01008383,Level 1,62,30,24,6,0,32
S01008383,Level 2,69,61,51,1,9,8
S01008383,Level 3,40,33,28,5,0,7
S01008383,Level 4 and above,176,134,108,20,6,42
S01008384,All people aged 16 and over,779,521,454,49,18,258
S01008384,No qualifications,122,32,27,5,0,90
S01008384,Level 1,170,100,83,12,5,70
S01008384,Level 2,144,117,97,8,12,27
S01008384,Level 3,75,60,54,6,0,15
S01008384,Level 4 and above,268,212,193,18,1,56
S01008385,All people aged 16 and over,542,332,260,57,15,210
S01008385,No qualifications,71,17,10,6,1,54
S01008385,Level 1,60,30,25,5,0,30
S01008385,Level 2,104,66,47,13,6,38
S01008385,Level 3,57,39,31,5,3,18
S01008385,Level 4 and above,250,180,147,28,5,70
S01008386,All people aged 16 and over,661,446,378,45,23,215
S01008386,No qualifications,113,34,29,3,2,79
S01008386,Level 1,143,99,82,13,4,44
S01008386,Level 2,133,95,76,8,11,38
S01008386,Level 3,60,47,39,6,2,13
S01008386,Level 4 and above,212,171,152,15,4,41
S01008387,All people aged 16 and over,476,342,297,32,13,134
S01008387,No qualifications,75,26,19,4,3,49
S01008387,Level 1,95,59,39,15,5,36
S01008387,Level 2,97,84,77,3,4,13
S01008387,Level 3,66,58,55,3,0,8
S01008387,Level 4 and above,143,115,107,7,1,28
S01008388,All people aged 16 and over,488,381,326,41,14,107
S01008388,No qualifications,66,44,36,7,1,22
S01008388,Level 1,102,74,63,8,3,28
S01008388,Level 2,90,67,51,9,7,23
S01008388,Level 3,76,56,51,3,2,20
S01008388,Level 4 and above,154,140,125,14,1,14
S01008389,All people aged 16 and over,570,218,173,39,6,352
S01008389,No qualifications,149,20,16,4,0,129
S01008389,Level 1,91,38,28,10,0,53
S01008389,Level 2,86,40,31,5,4,46
S01008389,Level 3,34,17,12,4,1,17
S01008389,Level 4 and above,210,103,86,16,1,107
S01008390,All people aged 16 and over,515,327,269,45,13,188
S01008390,No qualifications,65,15,11,4,0,50
S01008390,Level 1,81,48,36,9,3,33
S01008390,Level 2,77,50,40,5,5,27
S01008390,Level 3,46,29,22,5,2,17
S01008390,Level 4 and above,246,185,160,22,3,61
S01008391,All people aged 16 and over,627,333,273,41,19,294
S01008391,No qualifications,113,17,14,2,1,96
S01008391,Level 1,95,35,28,3,4,60
S01008391,Level 2,116,77,60,11,6,39
S01008391,Level 3,50,29,24,4,1,21
S01008391,Level 4 and above,253,175,147,21,7,78
S01008392,All people aged 16 and over,707,500,421,65,14,207
S01008392,No qualifications,58,13,8,5,0,45
S01008392,Level 1,95,48,35,12,1,47
S01008392,Level 2,108,78,70,5,3,30
S01008392,Level 3,62,49,42,6,1,13
S01008392,Level 4 and above,384,312,266,37,9,72
S01008393,All people aged 16 and over,669,358,296,49,13,311
S01008393,No qualifications,111,14,11,3,0,97
S01008393,Level 1,77,28,21,3,4,49
S01008393,Level 2,98,62,50,8,4,36
S01008393,Level 3,42,21,18,3,0,21
S01008393,Level 4 and above,341,233,196,32,5,108
S01008394,All people aged 16 and over,600,415,343,62,10,185
S01008394,No qualifications,57,20,11,8,1,37
S01008394,Level 1,89,41,31,8,2,48
S01008394,Level 2,85,43,35,6,2,42
S01008394,Level 3,31,24,22,2,0,7
S01008394,Level 4 and above,338,287,244,38,5,51
S01008395,All people aged 16 and over,413,303,269,27,7,110
S01008395,No qualifications,53,21,13,6,2,32
S01008395,Level 1,74,47,44,3,0,27
S01008395,Level 2,82,61,57,2,2,21
S01008395,Level 3,43,33,31,2,0,10
S01008395,Level 4 and above,161,141,124,14,3,20
S01008396,All people aged 16 and over,554,274,208,50,16,280
S01008396,No qualifications,120,28,16,9,3,92
S01008396,Level 1,89,47,32,9,6,42
S01008396,Level 2,92,41,34,3,4,51
S01008396,Level 3,57,32,25,6,1,25
S01008396,Level 4 and above,196,126,101,23,2,70
S01008397,All people aged 16 and over,762,498,408,62,28,264
S01008397,No qualifications,62,14,8,5,1,48
S01008397,Level 1,115,66,46,10,10,49
S01008397,Level 2,141,83,73,7,3,58
S01008397,Level 3,68,44,38,6,0,24
S01008397,Level 4 and above,376,291,243,34,14,85
S01008398,All people aged 16 and over,479,276,224,41,11,203
S01008398,No qualifications,58,13,8,3,2,45
S01008398,Level 1,74,33,26,5,2,41
S01008398,Level 2,80,40,30,6,4,40
S01008398,Level 3,45,29,26,3,0,16
S01008398,Level 4 and above,222,161,134,24,3,61
S01008399,All people aged 16 and over,463,237,191,37,9,226
S01008399,No qualifications,102,17,9,7,1,85
S01008399,Level 1,57,20,16,4,0,37
S01008399,Level 2,78,50,41,5,4,28
S01008399,Level 3,43,21,15,5,1,22
S01008399,Level 4 and above,183,129,110,16,3,54
S01008400,All people aged 16 and over,536,335,274,41,20,201
S01008400,No qualifications,86,26,19,5,2,60
S01008400,Level 1,84,45,29,7,9,39
S01008400,Level 2,75,55,42,7,6,20
S01008400,Level 3,53,36,30,5,1,17
S01008400,Level 4 and above,238,173,154,17,2,65
S01008401,All people aged 16 and over,807,468,388,60,20,339
S01008401,No qualifications,151,41,29,10,2,110
S01008401,Level 1,100,55,44,9,2,45
S01008401,Level 2,147,90,69,14,7,57
S01008401,Level 3,83,56,44,7,5,27
S01008401,Level 4 and above,326,226,202,20,4,100
S01008402,All people aged 16 and over,900,513,337,162,14,387
S01008402,No qualifications,120,30,15,14,1,90
S01008402,Level 1,96,32,18,13,1,64
S01008402,Level 2,173,103,68,29,6,70
S01008402,Level 3,52,38,23,11,4,14
S01008402,Level 4 and above,459,310,213,95,2,149
S01008403,All people aged 16 and over,473,293,227,54,12,180
S01008403,No qualifications,61,15,7,5,3,46
S01008403,Level 1,57,27,17,8,2,30
S01008403,Level 2,83,56,50,5,1,27
S01008403,Level 3,47,32,25,5,2,15
S01008403,Level 4 and above,225,163,128,31,4,62
S01008404,All people aged 16 and over,799,431,339,77,15,368
S01008404,No qualifications,161,35,21,10,4,126
S01008404,Level 1,103,42,36,4,2,61
S01008404,Level 2,103,52,41,8,3,51
S01008404,Level 3,79,58,42,14,2,21
S01008404,Level 4 and above,353,244,199,41,4,109
S01008405,All people aged 16 and over,584,407,293,96,18,177
S01008405,No qualifications,47,13,7,5,1,34
S01008405,Level 1,64,34,24,6,4,30
S01008405,Level 2,93,65,51,10,4,28
S01008405,Level 3,45,31,20,9,2,14
S01008405,Level 4 and above,335,264,191,66,7,71
S01008406,All people aged 16 and over,791,392,306,67,19,399
S01008406,No qualifications,207,23,13,9,1,184
S01008406,Level 1,96,43,32,8,3,53
S01008406,Level 2,113,66,48,13,5,47
S01008406,Level 3,57,39,24,11,4,18
S01008406,Level 4 and above,318,221,189,26,6,97
S01008407,All people aged 16 and over,456,226,184,31,11,230
S01008407,No qualifications,128,17,12,5,0,111
S01008407,Level 1,57,34,27,4,3,23
S01008407,Level 2,55,32,22,7,3,23
S01008407,Level 3,44,33,28,3,2,11
S01008407,Level 4 and above,172,110,95,12,3,62
S01008408,All people aged 16 and over,512,368,299,44,25,144
S01008408,No qualifications,96,32,22,6,4,64
S01008408,Level 1,86,61,42,15,4,25
S01008408,Level 2,94,69,56,5,8,25
S01008408,Level 3,52,45,33,6,6,7
S01008408,Level 4 and above,184,161,146,12,3,23
S01008409,All people aged 16 and over,719,417,351,28,38,302
S01008409,No qualifications,205,45,39,3,3,160
S01008409,Level 1,174,118,90,5,23,56
S01008409,Level 2,92,64,55,5,4,28
S01008409,Level 3,86,68,59,2,7,18
S01008409,Level 4 and above,162,122,108,13,1,40
S01008410,All people aged 16 and over,495,261,196,44,21,234
S01008410,No qualifications,108,19,12,4,3,89
S01008410,Level 1,86,45,33,7,5,41
S01008410,Level 2,73,46,33,8,5,27
S01008410,Level 3,42,26,23,1,2,16
S01008410,Level 4 and above,186,125,95,24,6,61
S01008411,All people aged 16 and over,500,332,275,41,16,168
S01008411,No qualifications,103,37,23,11,3,66
S01008411,Level 1,119,82,67,6,9,37
S01008411,Level 2,82,55,46,8,1,27
S01008411,Level 3,46,37,32,3,2,9
S01008411,Level 4 and above,150,121,107,13,1,29
S01008412,All people aged 16 and over,561,347,283,43,21,214
S01008412,No qualifications,103,32,24,6,2,71
S01008412,Level 1,103,67,53,11,3,36
S01008412,Level 2,100,69,59,4,6,31
S01008412,Level 3,58,43,38,2,3,15
S01008412,Level 4 and above,197,136,109,20,7,61
S01008413,All people aged 16 and over,442,283,224,41,18,159
S01008413,No qualifications,96,29,24,4,1,67
S01008413,Level 1,97,66,52,8,6,31
S01008413,Level 2,69,43,36,6,1,26
S01008413,Level 3,45,40,35,3,2,5
S01008413,Level 4 and above,135,105,77,20,8,30
S01008414,All people aged 16 and over,361,232,185,34,13,129
S01008414,No qualifications,36,8,6,2,0,28
S01008414,Level 1,58,38,32,4,2,20
S01008414,Level 2,75,47,33,7,7,28
S01008414,Level 3,25,19,14,3,2,6
S01008414,Level 4 and above,167,120,100,18,2,47
S01008415,All people aged 16 and over,680,468,383,52,33,212
S01008415,No qualifications,153,53,42,9,2,100
S01008415,Level 1,151,99,79,7,13,52
S01008415,Level 2,114,88,72,12,4,26
S01008415,Level 3,80,65,55,4,6,15
S01008415,Level 4 and above,182,163,135,20,8,19
S01008416,All people aged 16 and over,780,491,386,46,59,289
S01008416,No qualifications,225,87,58,16,13,138
S01008416,Level 1,184,124,99,6,19,60
S01008416,Level 2,123,90,79,2,9,33
S01008416,Level 3,85,62,48,8,6,23
S01008416,Level 4 and above,163,128,102,14,12,35
S01008417,All people aged 16 and over,586,363,288,65,10,223
S01008417,No qualifications,62,24,13,9,2,38
S01008417,Level 1,103,59,48,11,0,44
S01008417,Level 2,94,60,52,5,3,34
S01008417,Level 3,45,34,27,5,2,11
S01008417,Level 4 and above,282,186,148,35,3,96
S01008418,All people aged 16 and over,584,386,323,55,8,198
S01008418,No qualifications,64,18,11,7,0,46
S01008418,Level 1,119,73,55,15,3,46
S01008418,Level 2,87,62,55,6,1,25
S01008418,Level 3,54,40,37,3,0,14
S01008418,Level 4 and above,260,193,165,24,4,67
S01008419,All people aged 16 and over,373,250,199,43,8,123
S01008419,No qualifications,52,13,8,4,1,39
S01008419,Level 1,46,29,19,8,2,17
S01008419,Level 2,51,34,28,4,2,17
S01008419,Level 3,22,16,14,2,0,6
S01008419,Level 4 and above,202,158,130,25,3,44
S01008420,All people aged 16 and over,396,249,214,26,9,147
S01008420,No qualifications,56,13,9,2,2,43
S01008420,Level 1,65,42,34,4,4,23
S01008420,Level 2,60,39,33,5,1,21
S01008420,Level 3,38,27,24,3,0,11
S01008420,Level 4 and above,177,128,114,12,2,49
S01008421,All people aged 16 and over,687,465,393,38,34,222
S01008421,No qualifications,183,66,49,10,7,117
S01008421,Level 1,156,111,90,8,13,45
S01008421,Level 2,85,72,61,7,4,13
S01008421,Level 3,67,59,52,2,5,8
S01008421,Level 4 and above,196,157,141,11,5,39
S01008422,All people aged 16 and over,490,273,220,51,2,217
S01008422,No qualifications,44,5,3,2,0,39
S01008422,Level 1,78,33,28,4,1,45
S01008422,Level 2,73,33,28,5,0,40
S01008422,Level 3,43,29,22,7,0,14
S01008422,Level 4 and above,252,173,139,33,1,79
S01008423,All people aged 16 and over,826,517,395,95,27,309
S01008423,No qualifications,78,24,17,7,0,54
S01008423,Level 1,121,63,52,4,7,58
S01008423,Level 2,128,78,52,21,5,50
S01008423,Level 3,64,44,31,11,2,20
S01008423,Level 4 and above,435,308,243,52,13,127
S01008424,All people aged 16 and over,698,346,279,55,12,352
S01008424,No qualifications,71,19,13,5,1,52
S01008424,Level 1,110,45,29,10,6,65
S01008424,Level 2,104,62,50,8,4,42
S01008424,Level 3,45,17,14,3,0,28
S01008424,Level 4 and above,368,203,173,29,1,165
S01008425,All people aged 16 and over,2308,861,612,70,179,1447
S01008425,No qualifications,146,50,25,18,7,96
S01008425,Level 1,302,138,108,14,16,164
S01008425,Level 2,778,303,201,17,85,475
S01008425,Level 3,154,78,55,4,19,76
S01008425,Level 4 and above,928,292,223,17,52,636
S01008426,All people aged 16 and over,482,274,232,24,18,208
S01008426,No qualifications,152,48,44,4,0,104
S01008426,Level 1,151,95,74,10,11,56
S01008426,Level 2,56,41,34,5,2,15
S01008426,Level 3,35,24,21,1,2,11
S01008426,Level 4 and above,88,66,59,4,3,22
S01008427,All people aged 16 and over,868,671,570,78,23,197
S01008427,No qualifications,92,39,32,6,1,53
S01008427,Level 1,221,168,136,23,9,53
S01008427,Level 2,169,130,107,19,4,39
S01008427,Level 3,87,75,63,9,3,12
S01008427,Level 4 and above,299,259,232,21,6,40
S01008428,All people aged 16 and over,561,317,269,34,14,244
S01008428,No qualifications,185,60,42,15,3,125
S01008428,Level 1,151,102,90,7,5,49
S01008428,Level 2,69,41,35,3,3,28
S01008428,Level 3,31,24,22,2,0,7
S01008428,Level 4 and above,125,90,80,7,3,35
S01008429,All people aged 16 and over,707,407,353,41,13,300
S01008429,No qualifications,113,31,23,6,2,82
S01008429,Level 1,165,81,70,10,1,84
S01008429,Level 2,126,87,72,8,7,39
S01008429,Level 3,53,36,30,6,0,17
S01008429,Level 4 and above,250,172,158,11,3,78
S01008430,All people aged 16 and over,555,330,270,34,26,225
S01008430,No qualifications,91,23,17,4,2,68
S01008430,Level 1,104,56,40,6,10,48
S01008430,Level 2,103,68,56,5,7,35
S01008430,Level 3,40,28,23,3,2,12
S01008430,Level 4 and above,217,155,134,16,5,62
S01008431,All people aged 16 and over,698,406,349,41,16,292
S01008431,No qualifications,101,33,29,2,2,68
S01008431,Level 1,146,74,56,14,4,72
S01008431,Level 2,112,79,67,8,4,33
S01008431,Level 3,73,44,42,2,0,29
S01008431,Level 4 and above,266,176,155,15,6,90
S01008432,All people aged 16 and over,590,320,256,46,18,270
S01008432,No qualifications,96,24,19,3,2,72
S01008432,Level 1,128,71,49,17,5,57
S01008432,Level 2,98,62,53,7,2,36
S01008432,Level 3,57,29,24,4,1,28
S01008432,Level 4 and above,211,134,111,15,8,77
S01008433,All people aged 16 and over,685,461,395,56,10,224
S01008433,No qualifications,116,47,33,13,1,69
S01008433,Level 1,207,126,104,18,4,81
S01008433,Level 2,119,95,82,11,2,24
S01008433,Level 3,77,65,62,3,0,12
S01008433,Level 4 and above,166,128,114,11,3,38
S01008434,All people aged 16 and over,661,437,365,50,22,224
S01008434,No qualifications,114,42,30,10,2,72
S01008434,Level 1,176,113,92,13,8,63
S01008434,Level 2,131,93,77,8,8,38
S01008434,Level 3,60,40,35,5,0,20
S01008434,Level 4 and above,180,149,131,14,4,31
S01008435,All people aged 16 and over,652,376,329,39,8,276
S01008435,No qualifications,96,26,20,5,1,70
S01008435,Level 1,182,102,81,18,3,80
S01008435,Level 2,109,69,66,1,2,40
S01008435,Level 3,66,48,46,1,1,18
S01008435,Level 4 and above,199,131,116,14,1,68
S01008436,All people aged 16 and over,723,432,350,62,20,291
S01008436,No qualifications,122,26,16,6,4,96
S01008436,Level 1,139,76,59,10,7,63
S01008436,Level 2,98,73,60,8,5,25
S01008436,Level 3,57,39,30,6,3,18
S01008436,Level 4 and above,307,218,185,32,1,89
S01008437,All people aged 16 and over,606,371,299,52,20,235
S01008437,No qualifications,119,17,13,4,0,102
S01008437,Level 1,96,57,44,7,6,39
S01008437,Level 2,79,55,45,5,5,24
S01008437,Level 3,36,25,19,5,1,11
S01008437,Level 4 and above,276,217,178,31,8,59
S01008438,All people aged 16 and over,363,251,199,48,4,112
S01008438,No qualifications,41,18,13,5,0,23
S01008438,Level 1,49,36,31,5,0,13
S01008438,Level 2,46,27,18,7,2,19
S01008438,Level 3,27,19,13,5,1,8
S01008438,Level 4 and above,200,151,124,26,1,49
S01008439,All people aged 16 and over,848,544,451,81,12,304
S01008439,No qualifications,43,13,11,2,0,30
S01008439,Level 1,108,57,46,8,3,51
S01008439,Level 2,96,56,45,9,2,40
S01008439,Level 3,66,45,35,9,1,21
S01008439,Level 4 and above,535,373,314,53,6,162
S01008440,All people aged 16 and over,808,460,360,85,15,348
S01008440,No qualifications,48,15,10,5,0,33
S01008440,Level 1,92,36,28,4,4,56
S01008440,Level 2,97,41,32,6,3,56
S01008440,Level 3,44,32,23,7,2,12
S01008440,Level 4 and above,527,336,267,63,6,191
S01008441,All people aged 16 and over,374,229,183,41,5,145
S01008441,No qualifications,43,12,7,5,0,31
S01008441,Level 1,47,19,12,6,1,28
S01008441,Level 2,51,36,28,6,2,15
S01008441,Level 3,25,18,18,0,0,7
S01008441,Level 4 and above,208,144,118,24,2,64
S01008442,All people aged 16 and over,554,403,316,71,16,151
S01008442,No qualifications,36,11,5,5,1,25
S01008442,Level 1,64,36,27,5,4,28
S01008442,Level 2,74,58,44,11,3,16
S01008442,Level 3,32,27,19,7,1,5
S01008442,Level 4 and above,348,271,221,43,7,77
S01008443,All people aged 16 and over,486,274,208,50,16,212
S01008443,No qualifications,55,11,6,5,0,44
S01008443,Level 1,83,47,33,8,6,36
S01008443,Level 2,61,25,22,1,2,36
S01008443,Level 3,24,17,16,1,0,7
S01008443,Level 4 and above,263,174,131,35,8,89
S01008444,All people aged 16 and over,513,357,293,44,20,156
S01008444,No qualifications,62,28,24,2,2,34
S01008444,Level 1,118,71,56,10,5,47
S01008444,Level 2,79,57,43,9,5,22
S01008444,Level 3,49,40,35,4,1,9
S01008444,Level 4 and above,205,161,135,19,7,44
S01008445,All people aged 16 and over,690,327,280,32,15,363
S01008445,No qualifications,178,28,21,6,1,150
S01008445,Level 1,148,82,70,6,6,66
S01008445,Level 2,83,55,44,6,5,28
S01008445,Level 3,50,22,22,0,0,28
S01008445,Level 4 and above,231,140,123,14,3,91
S01008446,All people aged 16 and over,810,410,326,76,8,400
S01008446,No qualifications,77,16,9,6,1,61
S01008446,Level 1,156,43,33,7,3,113
S01008446,Level 2,134,46,34,8,4,88
S01008446,Level 3,47,29,24,5,0,18
S01008446,Level 4 and above,396,276,226,50,0,120
S01008447,All people aged 16 and over,556,354,274,67,13,202
S01008447,No qualifications,48,17,10,5,2,31
S01008447,Level 1,106,67,53,12,2,39
S01008447,Level 2,67,45,35,8,2,22
S01008447,Level 3,27,21,13,5,3,6
S01008447,Level 4 and above,308,204,163,37,4,104
S01008448,All people aged 16 and over,637,386,297,70,19,251
S01008448,No qualifications,116,39,19,17,3,77
S01008448,Level 1,147,92,71,16,5,55
S01008448,Level 2,96,57,46,8,3,39
S01008448,Level 3,51,37,30,3,4,14
S01008448,Level 4 and above,227,161,131,26,4,66
S01008449,All people aged 16 and over,594,377,279,31,67,217
S01008449,No qualifications,163,69,54,3,12,94
S01008449,Level 1,199,129,86,10,33,70
S01008449,Level 2,69,55,39,4,12,14
S01008449,Level 3,44,35,25,5,5,9
S01008449,Level 4 and above,119,89,75,9,5,30
S01008450,All people aged 16 and over,429,254,203,21,30,175
S01008450,No qualifications,122,44,33,4,7,78
S01008450,Level 1,127,83,64,4,15,44
S01008450,Level 2,52,41,35,3,3,11
S01008450,Level 3,49,31,26,3,2,18
S01008450,Level 4 and above,79,55,45,7,3,24
S01008451,All people aged 16 and over,505,308,218,14,76,197
S01008451,No qualifications,179,80,56,2,22,99
S01008451,Level 1,152,98,72,3,23,54
S01008451,Level 2,61,43,30,5,8,18
S01008451,Level 3,41,35,25,0,10,6
S01008451,Level 4 and above,72,52,35,4,13,20
S01008452,All people aged 16 and over,442,275,212,22,41,167
S01008452,No qualifications,135,60,43,2,15,75
S01008452,Level 1,153,94,76,5,13,59
S01008452,Level 2,47,34,27,2,5,13
S01008452,Level 3,26,22,16,3,3,4
S01008452,Level 4 and above,81,65,50,10,5,16
S01008453,All people aged 16 and over,379,295,245,26,24,84
S01008453,No qualifications,66,31,25,4,2,35
S01008453,Level 1,108,83,66,7,10,25
S01008453,Level 2,38,31,27,1,3,7
S01008453,Level 3,32,25,19,2,4,7
S01008453,Level 4 and above,135,125,108,12,5,10
S01008454,All people aged 16 and over,688,426,326,30,70,262
S01008454,No qualifications,168,74,62,3,9,94
S01008454,Level 1,279,169,123,8,38,110
S01008454,Level 2,88,68,43,9,16,20
S01008454,Level 3,61,43,39,1,3,18
S01008454,Level 4 and above,92,72,59,9,4,20
S01008455,All people aged 16 and over,806,447,333,31,83,359
S01008455,No qualifications,269,103,63,8,32,166
S01008455,Level 1,219,126,98,6,22,93
S01008455,Level 2,116,75,56,3,16,41
S01008455,Level 3,58,45,33,5,7,13
S01008455,Level 4 and above,144,98,83,9,6,46
S01008456,All people aged 16 and over,775,467,327,33,107,308
S01008456,No qualifications,237,91,56,7,28,146
S01008456,Level 1,261,165,109,6,50,96
S01008456,Level 2,85,68,46,7,15,17
S01008456,Level 3,58,37,27,4,6,21
S01008456,Level 4 and above,134,106,89,9,8,28
S01008457,All people aged 16 and over,534,283,234,11,38,251
S01008457,No qualifications,224,74,65,1,8,150
S01008457,Level 1,162,110,88,5,17,52
S01008457,Level 2,49,35,27,4,4,14
S01008457,Level 3,33,24,22,0,2,9
S01008457,Level 4 and above,66,40,32,1,7,26
S01008458,All people aged 16 and over,779,516,429,36,51,263
S01008458,No qualifications,223,93,72,3,18,130
S01008458,Level 1,259,188,156,13,19,71
S01008458,Level 2,103,76,61,8,7,27
S01008458,Level 3,62,52,43,5,4,10
S01008458,Level 4 and above,132,107,97,7,3,25
S01008459,All people aged 16 and over,606,382,278,21,83,224
S01008459,No qualifications,180,73,54,4,15,107
S01008459,Level 1,224,157,102,5,50,67
S01008459,Level 2,71,55,46,2,7,16
S01008459,Level 3,43,29,21,5,3,14
S01008459,Level 4 and above,88,68,55,5,8,20
S01008460,All people aged 16 and over,567,344,244,15,85,223
S01008460,No qualifications,205,89,56,5,28,116
S01008460,Level 1,195,130,89,6,35,65
S01008460,Level 2,58,40,28,1,11,18
S01008460,Level 3,40,32,26,0,6,8
S01008460,Level 4 and above,69,53,45,3,5,16
S01008461,All people aged 16 and over,708,440,339,21,80,268
S01008461,No qualifications,239,104,83,5,16,135
S01008461,Level 1,243,160,118,5,37,83
S01008461,Level 2,79,66,49,0,17,13
S01008461,Level 3,47,38,34,1,3,9
S01008461,Level 4 and above,100,72,55,10,7,28
S01008462,All people aged 16 and over,486,239,178,11,50,247
S01008462,No qualifications,225,84,67,4,13,141
S01008462,Level 1,126,73,52,1,20,53
S01008462,Level 2,51,34,25,2,7,17
S01008462,Level 3,26,16,9,1,6,10
S01008462,Level 4 and above,58,32,25,3,4,26
S01008463,All people aged 16 and over,552,339,255,23,61,213
S01008463,No qualifications,178,71,51,2,18,107
S01008463,Level 1,199,134,93,11,30,65
S01008463,Level 2,37,26,21,1,4,11
S01008463,Level 3,33,24,21,2,1,9
S01008463,Level 4 and above,105,84,69,7,8,21
S01008464,All people aged 16 and over,695,458,394,27,37,237
S01008464,No qualifications,201,86,74,6,6,115
S01008464,Level 1,222,166,140,7,19,56
S01008464,Level 2,102,79,70,4,5,23
S01008464,Level 3,55,46,41,3,2,9
S01008464,Level 4 and above,115,81,69,7,5,34
S01008465,All people aged 16 and over,610,414,358,31,25,196
S01008465,No qualifications,170,80,64,8,8,90
S01008465,Level 1,183,136,115,13,8,47
S01008465,Level 2,111,86,78,4,4,25
S01008465,Level 3,42,35,33,1,1,7
S01008465,Level 4 and above,104,77,68,5,4,27
S01008466,All people aged 16 and over,596,387,332,20,35,209
S01008466,No qualifications,160,83,71,6,6,77
S01008466,Level 1,225,147,118,8,21,78
S01008466,Level 2,62,45,42,1,2,17
S01008466,Level 3,46,34,28,3,3,12
S01008466,Level 4 and above,103,78,73,2,3,25
S01008467,All people aged 16 and over,639,412,333,41,38,227
S01008467,No qualifications,187,82,59,12,11,105
S01008467,Level 1,248,169,141,12,16,79
S01008467,Level 2,77,63,52,6,5,14
S01008467,Level 3,58,44,37,3,4,14
S01008467,Level 4 and above,69,54,44,8,2,15
S01008468,All people aged 16 and over,529,283,236,22,25,246
S01008468,No qualifications,173,53,44,6,3,120
S01008468,Level 1,182,122,101,6,15,60
S01008468,Level 2,57,39,32,5,2,18
S01008468,Level 3,26,15,15,0,0,11
S01008468,Level 4 and above,91,54,44,5,5,37
S01008469,All people aged 16 and over,480,311,262,29,20,169
S01008469,No qualifications,136,58,46,10,2,78
S01008469,Level 1,126,95,81,5,9,31
S01008469,Level 2,49,32,26,3,3,17
S01008469,Level 3,42,36,33,2,1,6
S01008469,Level 4 and above,127,90,76,9,5,37
S01008470,All people aged 16 and over,586,336,260,23,53,250
S01008470,No qualifications,219,92,70,1,21,127
S01008470,Level 1,183,117,88,8,21,66
S01008470,Level 2,60,35,29,0,6,25
S01008470,Level 3,34,23,17,5,1,11
S01008470,Level 4 and above,90,69,56,9,4,21
S01008471,All people aged 16 and over,626,412,325,24,63,214
S01008471,No qualifications,207,104,87,4,13,103
S01008471,Level 1,233,157,120,9,28,76
S01008471,Level 2,48,40,30,2,8,8
S01008471,Level 3,49,42,34,2,6,7
S01008471,Level 4 and above,89,69,54,7,8,20
S01008472,All people aged 16 and over,541,328,252,35,41,213
S01008472,No qualifications,169,73,49,13,11,96
S01008472,Level 1,165,101,77,12,12,64
S01008472,Level 2,69,51,39,6,6,18
S01008472,Level 3,44,36,28,3,5,8
S01008472,Level 4 and above,94,67,59,1,7,27
S01008473,All people aged 16 and over,550,340,285,22,33,210
S01008473,No qualifications,170,67,54,5,8,103
S01008473,Level 1,162,109,90,6,13,53
S01008473,Level 2,64,45,38,3,4,19
S01008473,Level 3,48,42,38,2,2,6
S01008473,Level 4 and above,106,77,65,6,6,29
S01008474,All people aged 16 and over,666,372,314,16,42,294
S01008474,No qualifications,247,73,60,4,9,174
S01008474,Level 1,182,124,103,5,16,58
S01008474,Level 2,68,47,37,4,6,21
S01008474,Level 3,55,42,40,0,2,13
S01008474,Level 4 and above,114,86,74,3,9,28
S01008475,All people aged 16 and over,500,284,237,19,28,216
S01008475,No qualifications,177,51,40,8,3,126
S01008475,Level 1,131,90,73,5,12,41
S01008475,Level 2,61,44,40,1,3,17
S01008475,Level 3,37,25,21,2,2,12
S01008475,Level 4 and above,94,74,63,3,8,20
S01008476,All people aged 16 and over,614,336,283,26,27,278
S01008476,No qualifications,227,58,43,4,11,169
S01008476,Level 1,152,104,89,7,8,48
S01008476,Level 2,57,32,24,6,2,25
S01008476,Level 3,47,41,36,4,1,6
S01008476,Level 4 and above,131,101,91,5,5,30
S01008477,All people aged 16 and over,680,383,337,25,21,297
S01008477,No qualifications,261,77,69,4,4,184
S01008477,Level 1,167,108,92,8,8,59
S01008477,Level 2,75,55,52,1,2,20
S01008477,Level 3,46,33,27,4,2,13
S01008477,Level 4 and above,131,110,97,8,5,21
S01008478,All people aged 16 and over,706,355,289,30,36,351
S01008478,No qualifications,234,41,31,4,6,193
S01008478,Level 1,189,115,90,10,15,74
S01008478,Level 2,79,45,44,1,0,34
S01008478,Level 3,51,36,26,2,8,15
S01008478,Level 4 and above,153,118,98,13,7,35
S01008479,All people aged 16 and over,660,371,301,21,49,289
S01008479,No qualifications,259,79,63,7,9,180
S01008479,Level 1,170,109,89,3,17,61
S01008479,Level 2,76,60,47,5,8,16
S01008479,Level 3,43,32,27,3,2,11
S01008479,Level 4 and above,112,91,75,3,13,21
S01008480,All people aged 16 and over,503,334,289,11,34,169
S01008480,No qualifications,109,38,28,1,9,71
S01008480,Level 1,139,101,85,4,12,38
S01008480,Level 2,68,48,43,1,4,20
S01008480,Level 3,45,36,33,1,2,9
S01008480,Level 4 and above,142,111,100,4,7,31
S01008481,All people aged 16 and over,1408,520,418,60,42,888
S01008481,No qualifications,492,99,74,14,11,393
S01008481,Level 1,494,202,169,15,18,292
S01008481,Level 2,163,93,78,11,4,70
S01008481,Level 3,103,41,32,5,4,62
S01008481,Level 4 and above,156,85,65,15,5,71
S01008482,All people aged 16 and over,522,280,231,24,25,242
S01008482,No qualifications,196,53,43,6,4,143
S01008482,Level 1,149,89,71,8,10,60
S01008482,Level 2,49,37,28,6,3,12
S01008482,Level 3,46,35,30,2,3,11
S01008482,Level 4 and above,82,66,59,2,5,16
S01008483,All people aged 16 and over,531,299,250,32,17,232
S01008483,No qualifications,170,49,40,6,3,121
S01008483,Level 1,164,102,81,11,10,62
S01008483,Level 2,58,43,36,6,1,15
S01008483,Level 3,42,37,34,2,1,5
S01008483,Level 4 and above,97,68,59,7,2,29
S01008484,All people aged 16 and over,628,389,315,46,28,239
S01008484,No qualifications,181,57,38,12,7,124
S01008484,Level 1,198,140,114,11,15,58
S01008484,Level 2,82,64,53,8,3,18
S01008484,Level 3,54,40,36,3,1,14
S01008484,Level 4 and above,113,88,74,12,2,25
S01008485,All people aged 16 and over,798,539,451,49,39,259
S01008485,No qualifications,154,71,55,12,4,83
S01008485,Level 1,269,181,150,11,20,88
S01008485,Level 2,134,98,81,8,9,36
S01008485,Level 3,58,41,35,4,2,17
S01008485,Level 4 and above,183,148,130,14,4,35
S01008486,All people aged 16 and over,777,414,341,47,26,363
S01008486,No qualifications,256,61,47,10,4,195
S01008486,Level 1,190,105,83,14,8,85
S01008486,Level 2,118,78,64,7,7,40
S01008486,Level 3,44,34,27,6,1,10
S01008486,Level 4 and above,169,136,120,10,6,33
S01008487,All people aged 16 and over,678,522,461,46,15,156
S01008487,No qualifications,72,25,19,2,4,47
S01008487,Level 1,118,86,77,6,3,32
S01008487,Level 2,124,89,75,13,1,35
S01008487,Level 3,57,52,43,8,1,5
S01008487,Level 4 and above,307,270,247,17,6,37
S01008488,All people aged 16 and over,675,409,353,36,20,266
S01008488,No qualifications,159,38,33,2,3,121
S01008488,Level 1,141,88,77,5,6,53
S01008488,Level 2,106,68,60,6,2,38
S01008488,Level 3,48,39,32,4,3,9
S01008488,Level 4 and above,221,176,151,19,6,45
S01008489,All people aged 16 and over,544,342,281,24,37,202
S01008489,No qualifications,148,59,44,5,10,89
S01008489,Level 1,159,102,82,7,13,57
S01008489,Level 2,80,63,52,4,7,17
S01008489,Level 3,48,37,33,1,3,11
S01008489,Level 4 and above,109,81,70,7,4,28
S01008490,All people aged 16 and over,795,584,500,44,40,211
S01008490,No qualifications,154,48,41,2,5,106
S01008490,Level 1,151,115,95,8,12,36
S01008490,Level 2,104,87,74,9,4,17
S01008490,Level 3,72,61,55,1,5,11
S01008490,Level 4 and above,314,273,235,24,14,41
S01008491,All people aged 16 and over,826,539,458,39,42,287
S01008491,No qualifications,131,44,31,6,7,87
S01008491,Level 1,121,86,72,4,10,35
S01008491,Level 2,126,85,67,5,13,41
S01008491,Level 3,70,55,49,4,2,15
S01008491,Level 4 and above,378,269,239,20,10,109
S01008492,All people aged 16 and over,814,619,545,39,35,195
S01008492,No qualifications,125,52,35,8,9,73
S01008492,Level 1,131,89,80,3,6,42
S01008492,Level 2,115,94,86,3,5,21
S01008492,Level 3,78,64,56,5,3,14
S01008492,Level 4 and above,365,320,288,20,12,45
S01008493,All people aged 16 and over,693,422,362,26,34,271
S01008493,No qualifications,169,50,38,6,6,119
S01008493,Level 1,158,96,79,8,9,62
S01008493,Level 2,101,68,56,3,9,33
S01008493,Level 3,67,54,46,3,5,13
S01008493,Level 4 and above,198,154,143,6,5,44
S01008494,All people aged 16 and over,598,413,343,33,37,185
S01008494,No qualifications,120,41,30,5,6,79
S01008494,Level 1,105,72,53,10,9,33
S01008494,Level 2,71,53,48,0,5,18
S01008494,Level 3,76,50,43,3,4,26
S01008494,Level 4 and above,226,197,169,15,13,29
S01008495,All people aged 16 and over,850,650,548,32,70,200
S01008495,No qualifications,101,43,33,4,6,58
S01008495,Level 1,99,78,63,3,12,21
S01008495,Level 2,126,94,75,9,10,32
S01008495,Level 3,88,77,68,3,6,11
S01008495,Level 4 and above,436,358,309,13,36,78
S01008496,All people aged 16 and over,929,719,622,38,59,210
S01008496,No qualifications,78,38,27,3,8,40
S01008496,Level 1,116,82,62,6,14,34
S01008496,Level 2,112,88,80,3,5,24
S01008496,Level 3,94,75,67,3,5,19
S01008496,Level 4 and above,529,436,386,23,27,93
S01008497,All people aged 16 and over,754,617,539,28,50,137
S01008497,No qualifications,86,43,39,3,1,43
S01008497,Level 1,102,86,71,4,11,16
S01008497,Level 2,76,63,54,2,7,13
S01008497,Level 3,86,79,68,3,8,7
S01008497,Level 4 and above,404,346,307,16,23,58
S01008498,All people aged 16 and over,732,555,463,45,47,177
S01008498,No qualifications,102,45,31,6,8,57
S01008498,Level 1,101,68,57,4,7,33
S01008498,Level 2,108,84,70,7,7,24
S01008498,Level 3,71,61,52,5,4,10
S01008498,Level 4 and above,350,297,253,23,21,53
S01008499,All people aged 16 and over,935,683,583,40,60,252
S01008499,No qualifications,76,25,19,3,3,51
S01008499,Level 1,110,81,59,7,15,29
S01008499,Level 2,168,106,86,2,18,62
S01008499,Level 3,70,58,49,3,6,12
S01008499,Level 4 and above,511,413,370,25,18,98
S01008500,All people aged 16 and over,352,236,197,15,24,116
S01008500,No qualifications,59,23,18,4,1,36
S01008500,Level 1,71,47,33,1,13,24
S01008500,Level 2,63,36,30,1,5,27
S01008500,Level 3,31,24,19,4,1,7
S01008500,Level 4 and above,128,106,97,5,4,22
S01008501,All people aged 16 and over,556,433,383,25,25,123
S01008501,No qualifications,25,17,14,0,3,8
S01008501,Level 1,55,36,31,1,4,19
S01008501,Level 2,89,54,51,0,3,35
S01008501,Level 3,37,29,25,2,2,8
S01008501,Level 4 and above,350,297,262,22,13,53
S01008502,All people aged 16 and over,604,463,420,20,23,141
S01008502,No qualifications,31,17,16,1,0,14
S01008502,Level 1,59,35,27,4,4,24
S01008502,Level 2,87,72,67,1,4,15
S01008502,Level 3,46,37,33,3,1,9
S01008502,Level 4 and above,381,302,277,11,14,79
S01008503,All people aged 16 and over,751,615,536,48,31,136
S01008503,No qualifications,40,14,12,1,1,26
S01008503,Level 1,73,50,44,4,2,23
S01008503,Level 2,114,87,72,4,11,27
S01008503,Level 3,61,54,47,2,5,7
S01008503,Level 4 and above,463,410,361,37,12,53
S01008504,All people aged 16 and over,950,733,630,69,34,217
S01008504,No qualifications,73,19,14,3,2,54
S01008504,Level 1,104,65,48,6,11,39
S01008504,Level 2,140,99,85,9,5,41
S01008504,Level 3,63,53,47,2,4,10
S01008504,Level 4 and above,570,497,436,49,12,73
S01008505,All people aged 16 and over,599,471,397,47,27,128
S01008505,No qualifications,42,16,13,2,1,26
S01008505,Level 1,73,44,36,3,5,29
S01008505,Level 2,69,56,44,5,7,13
S01008505,Level 3,45,37,31,3,3,8
S01008505,Level 4 and above,370,318,273,34,11,52
S01008506,All people aged 16 and over,760,439,368,56,15,321
S01008506,No qualifications,109,10,8,1,1,99
S01008506,Level 1,86,19,16,2,1,67
S01008506,Level 2,86,50,40,5,5,36
S01008506,Level 3,47,38,30,4,4,9
S01008506,Level 4 and above,432,322,274,44,4,110
S01008507,All people aged 16 and over,801,587,484,50,53,214
S01008507,No qualifications,39,15,9,4,2,24
S01008507,Level 1,100,62,46,5,11,38
S01008507,Level 2,163,82,56,7,19,81
S01008507,Level 3,58,43,33,5,5,15
S01008507,Level 4 and above,441,385,340,29,16,56
S01008508,All people aged 16 and over,682,450,367,70,13,232
S01008508,No qualifications,59,12,6,5,1,47
S01008508,Level 1,98,59,38,18,3,39
S01008508,Level 2,91,57,46,10,1,34
S01008508,Level 3,36,24,19,5,0,12
S01008508,Level 4 and above,398,298,258,32,8,100
S01008509,All people aged 16 and over,862,533,437,79,17,329
S01008509,No qualifications,88,15,9,4,2,73
S01008509,Level 1,84,45,37,4,4,39
S01008509,Level 2,122,68,58,6,4,54
S01008509,Level 3,51,37,30,6,1,14
S01008509,Level 4 and above,517,368,303,59,6,149
S01008510,All people aged 16 and over,755,474,390,67,17,281
S01008510,No qualifications,109,26,17,6,3,83
S01008510,Level 1,133,76,59,12,5,57
S01008510,Level 2,123,79,63,11,5,44
S01008510,Level 3,70,55,46,8,1,15
S01008510,Level 4 and above,320,238,205,30,3,82
S01008511,All people aged 16 and over,709,419,326,83,10,290
S01008511,No qualifications,63,16,5,9,2,47
S01008511,Level 1,105,54,38,11,5,51
S01008511,Level 2,102,57,44,11,2,45
S01008511,Level 3,65,44,38,6,0,21
S01008511,Level 4 and above,374,248,201,46,1,126
S01008512,All people aged 16 and over,410,253,191,50,12,157
S01008512,No qualifications,38,8,5,1,2,30
S01008512,Level 1,67,28,16,8,4,39
S01008512,Level 2,48,30,25,3,2,18
S01008512,Level 3,26,17,13,3,1,9
S01008512,Level 4 and above,231,170,132,35,3,61
S01008513,All people aged 16 and over,567,304,235,58,11,263
S01008513,No qualifications,66,14,9,4,1,52
S01008513,Level 1,76,28,25,2,1,48
S01008513,Level 2,74,40,31,6,3,34
S01008513,Level 3,35,26,11,12,3,9
S01008513,Level 4 and above,316,196,159,34,3,120
S01008514,All people aged 16 and over,757,412,321,77,14,345
S01008514,No qualifications,103,9,5,3,1,94
S01008514,Level 1,64,26,20,4,2,38
S01008514,Level 2,71,39,27,6,6,32
S01008514,Level 3,35,22,20,2,0,13
S01008514,Level 4 and above,484,316,249,62,5,168
S01008515,All people aged 16 and over,563,414,342,59,13,149
S01008515,No qualifications,24,12,5,6,1,12
S01008515,Level 1,51,23,19,3,1,28
S01008515,Level 2,54,37,28,4,5,17
S01008515,Level 3,41,29,20,7,2,12
S01008515,Level 4 and above,393,313,270,39,4,80
S01008516,All people aged 16 and over,827,572,496,46,30,255
S01008516,No qualifications,82,37,26,8,3,45
S01008516,Level 1,77,46,41,3,2,31
S01008516,Level 2,95,58,48,5,5,37
S01008516,Level 3,91,68,54,7,7,23
S01008516,Level 4 and above,482,363,327,23,13,119
S01008517,All people aged 16 and over,789,503,436,46,21,286
S01008517,No qualifications,48,9,8,1,0,39
S01008517,Level 1,56,22,21,0,1,34
S01008517,Level 2,118,70,55,7,8,48
S01008517,Level 3,47,34,28,4,2,13
S01008517,Level 4 and above,520,368,324,34,10,152
S01008518,All people aged 16 and over,733,478,385,76,17,255
S01008518,No qualifications,40,6,4,2,0,34
S01008518,Level 1,61,25,23,2,0,36
S01008518,Level 2,100,48,37,6,5,52
S01008518,Level 3,34,24,18,5,1,10
S01008518,Level 4 and above,498,375,303,61,11,123
S01008519,All people aged 16 and over,625,399,303,80,16,226
S01008519,No qualifications,36,7,3,4,0,29
S01008519,Level 1,50,14,8,5,1,36
S01008519,Level 2,70,37,26,8,3,33
S01008519,Level 3,30,21,17,2,2,9
S01008519,Level 4 and above,439,320,249,61,10,119
S01008520,All people aged 16 and over,868,500,377,105,18,368
S01008520,No qualifications,50,11,8,2,1,39
S01008520,Level 1,86,41,32,6,3,45
S01008520,Level 2,114,60,43,13,4,54
S01008520,Level 3,37,26,19,7,0,11
S01008520,Level 4 and above,581,362,275,77,10,219
S01008521,All people aged 16 and over,706,424,335,81,8,282
S01008521,No qualifications,48,15,11,3,1,33
S01008521,Level 1,82,36,23,12,1,46
S01008521,Level 2,91,46,38,7,1,45
S01008521,Level 3,44,28,23,2,3,16
S01008521,Level 4 and above,441,299,240,57,2,142
S01008522,All people aged 16 and over,434,258,195,52,11,176
S01008522,No qualifications,18,4,3,1,0,14
S01008522,Level 1,37,12,9,3,0,25
S01008522,Level 2,44,22,12,7,3,22
S01008522,Level 3,25,18,14,4,0,7
S01008522,Level 4 and above,310,202,157,37,8,108
S01008523,All people aged 16 and over,756,496,398,80,18,260
S01008523,No qualifications,38,10,4,6,0,28
S01008523,Level 1,84,43,34,4,5,41
S01008523,Level 2,91,51,34,8,9,40
S01008523,Level 3,33,22,18,4,0,11
S01008523,Level 4 and above,510,370,308,58,4,140
S01008524,All people aged 16 and over,714,436,350,39,47,278
S01008524,No qualifications,210,64,42,11,11,146
S01008524,Level 1,208,138,110,5,23,70
S01008524,Level 2,84,68,55,7,6,16
S01008524,Level 3,67,42,35,4,3,25
S01008524,Level 4 and above,145,124,108,12,4,21
S01008525,All people aged 16 and over,602,326,259,24,43,276
S01008525,No qualifications,175,41,26,7,8,134
S01008525,Level 1,188,107,88,5,14,81
S01008525,Level 2,77,56,43,4,9,21
S01008525,Level 3,47,34,28,1,5,13
S01008525,Level 4 and above,115,88,74,7,7,27
S01008526,All people aged 16 and over,737,454,384,39,31,283
S01008526,No qualifications,181,60,46,9,5,121
S01008526,Level 1,206,134,107,15,12,72
S01008526,Level 2,112,80,70,3,7,32
S01008526,Level 3,43,27,24,3,0,16
S01008526,Level 4 and above,195,153,137,9,7,42
S01008527,All people aged 16 and over,595,412,366,26,20,183
S01008527,No qualifications,107,36,29,4,3,71
S01008527,Level 1,198,151,136,7,8,47
S01008527,Level 2,83,57,50,4,3,26
S01008527,Level 3,67,54,47,3,4,13
S01008527,Level 4 and above,140,114,104,8,2,26
S01008528,All people aged 16 and over,540,386,316,39,31,154
S01008528,No qualifications,107,42,33,5,4,65
S01008528,Level 1,134,101,84,8,9,33
S01008528,Level 2,95,77,61,7,9,18
S01008528,Level 3,54,42,36,5,1,12
S01008528,Level 4 and above,150,124,102,14,8,26
S01008529,All people aged 16 and over,623,400,333,39,28,223
S01008529,No qualifications,166,40,32,2,6,126
S01008529,Level 1,172,121,99,12,10,51
S01008529,Level 2,101,82,67,11,4,19
S01008529,Level 3,57,48,42,2,4,9
S01008529,Level 4 and above,127,109,93,12,4,18
S01008530,All people aged 16 and over,570,347,288,25,34,223
S01008530,No qualifications,175,62,50,6,6,113
S01008530,Level 1,187,124,103,4,17,63
S01008530,Level 2,53,34,31,2,1,19
S01008530,Level 3,57,44,34,6,4,13
S01008530,Level 4 and above,98,83,70,7,6,15
S01008531,All people aged 16 and over,619,368,306,29,33,251
S01008531,No qualifications,208,77,63,5,9,131
S01008531,Level 1,185,124,99,11,14,61
S01008531,Level 2,65,52,45,5,2,13
S01008531,Level 3,53,39,35,1,3,14
S01008531,Level 4 and above,108,76,64,7,5,32
S01008532,All people aged 16 and over,369,208,166,20,22,161
S01008532,No qualifications,134,39,31,6,2,95
S01008532,Level 1,89,60,43,9,8,29
S01008532,Level 2,47,30,24,2,4,17
S01008532,Level 3,36,28,22,1,5,8
S01008532,Level 4 and above,63,51,46,2,3,12
S01008533,All people aged 16 and over,372,267,238,16,13,105
S01008533,No qualifications,48,21,17,2,2,27
S01008533,Level 1,167,122,111,3,8,45
S01008533,Level 2,48,37,34,3,0,11
S01008533,Level 3,27,24,21,2,1,3
S01008533,Level 4 and above,82,63,55,6,2,19
S01008534,All people aged 16 and over,576,413,340,47,26,163
S01008534,No qualifications,50,20,14,3,3,30
S01008534,Level 1,145,99,83,7,9,46
S01008534,Level 2,118,87,73,5,9,31
S01008534,Level 3,63,52,44,8,0,11
S01008534,Level 4 and above,200,155,126,24,5,45
S01008535,All people aged 16 and over,597,392,315,55,22,205
S01008535,No qualifications,71,20,11,7,2,51
S01008535,Level 1,124,73,57,11,5,51
S01008535,Level 2,124,85,69,8,8,39
S01008535,Level 3,51,38,34,4,0,13
S01008535,Level 4 and above,227,176,144,25,7,51
S01008536,All people aged 16 and over,484,273,227,37,9,211
S01008536,No qualifications,68,21,16,5,0,47
S01008536,Level 1,66,30,19,6,5,36
S01008536,Level 2,70,50,40,8,2,20
S01008536,Level 3,36,20,19,1,0,16
S01008536,Level 4 and above,244,152,133,17,2,92
S01008537,All people aged 16 and over,570,330,275,45,10,240
S01008537,No qualifications,47,8,7,0,1,39
S01008537,Level 1,86,38,27,10,1,48
S01008537,Level 2,87,48,41,4,3,39
S01008537,Level 3,37,31,27,3,1,6
S01008537,Level 4 and above,313,205,173,28,4,108
S01008538,All people aged 16 and over,467,239,193,39,7,228
S01008538,No qualifications,32,6,2,4,0,26
S01008538,Level 1,58,21,12,7,2,37
S01008538,Level 2,68,34,28,4,2,34
S01008538,Level 3,28,16,13,3,0,12
S01008538,Level 4 and above,281,162,138,21,3,119
S01008539,All people aged 16 and over,691,455,379,60,16,236
S01008539,No qualifications,54,15,10,5,0,39
S01008539,Level 1,83,39,28,8,3,44
S01008539,Level 2,99,69,58,7,4,30
S01008539,Level 3,56,41,34,4,3,15
S01008539,Level 4 and above,399,291,249,36,6,108
S01008540,All people aged 16 and over,728,415,322,84,9,313
S01008540,No qualifications,89,17,10,7,0,72
S01008540,Level 1,96,49,35,12,2,47
S01008540,Level 2,95,49,34,10,5,46
S01008540,Level 3,63,38,33,5,0,25
S01008540,Level 4 and above,385,262,210,50,2,123
S01008541,All people aged 16 and over,676,456,380,58,18,220
S01008541,No qualifications,57,18,11,7,0,39
S01008541,Level 1,113,65,50,11,4,48
S01008541,Level 2,114,78,64,8,6,36
S01008541,Level 3,68,47,41,4,2,21
S01008541,Level 4 and above,324,248,214,28,6,76
S01008542,All people aged 16 and over,721,498,421,58,19,223
S01008542,No qualifications,66,29,20,9,0,37
S01008542,Level 1,130,77,60,12,5,53
S01008542,Level 2,110,72,63,5,4,38
S01008542,Level 3,62,49,44,3,2,13
S01008542,Level 4 and above,353,271,234,29,8,82
S01008543,All people aged 16 and over,563,416,354,52,10,147
S01008543,No qualifications,63,26,16,9,1,37
S01008543,Level 1,108,78,60,14,4,30
S01008543,Level 2,95,72,64,6,2,23
S01008543,Level 3,46,38,33,4,1,8
S01008543,Level 4 and above,251,202,181,19,2,49
S01008544,All people aged 16 and over,479,375,307,52,16,104
S01008544,No qualifications,26,8,2,4,2,18
S01008544,Level 1,71,46,30,10,6,25
S01008544,Level 2,80,57,46,7,4,23
S01008544,Level 3,29,26,25,1,0,3
S01008544,Level 4 and above,273,238,204,30,4,35
S01008545,All people aged 16 and over,689,420,326,84,10,269
S01008545,No qualifications,59,17,11,6,0,42
S01008545,Level 1,80,40,28,10,2,40
S01008545,Level 2,108,64,50,12,2,44
S01008545,Level 3,36,26,23,3,0,10
S01008545,Level 4 and above,406,273,214,53,6,133
S01008546,All people aged 16 and over,701,412,313,77,22,289
S01008546,No qualifications,62,16,8,8,0,46
S01008546,Level 1,95,42,27,12,3,53
S01008546,Level 2,90,55,33,12,10,35
S01008546,Level 3,56,35,33,1,1,21
S01008546,Level 4 and above,398,264,212,44,8,134
S01008547,All people aged 16 and over,817,624,520,68,36,193
S01008547,No qualifications,139,73,58,12,3,66
S01008547,Level 1,187,140,105,20,15,47
S01008547,Level 2,125,105,88,13,4,20
S01008547,Level 3,75,63,53,8,2,12
S01008547,Level 4 and above,291,243,216,15,12,48
S01008548,All people aged 16 and over,653,521,432,60,29,132
S01008548,No qualifications,122,71,50,15,6,51
S01008548,Level 1,178,145,117,15,13,33
S01008548,Level 2,99,80,67,8,5,19
S01008548,Level 3,49,43,38,5,0,6
S01008548,Level 4 and above,205,182,160,17,5,23
S01008549,All people aged 16 and over,801,540,430,80,30,261
S01008549,No qualifications,199,82,61,12,9,117
S01008549,Level 1,214,153,116,29,8,61
S01008549,Level 2,130,101,83,13,5,29
S01008549,Level 3,76,62,53,7,2,14
S01008549,Level 4 and above,182,142,117,19,6,40
S01008550,All people aged 16 and over,660,443,375,53,15,217
S01008550,No qualifications,95,37,25,11,1,58
S01008550,Level 1,141,89,71,12,6,52
S01008550,Level 2,93,60,53,6,1,33
S01008550,Level 3,61,50,43,6,1,11
S01008550,Level 4 and above,270,207,183,18,6,63
S01008551,All people aged 16 and over,873,555,455,84,16,318
S01008551,No qualifications,178,57,39,13,5,121
S01008551,Level 1,230,155,120,29,6,75
S01008551,Level 2,111,85,71,11,3,26
S01008551,Level 3,73,59,53,6,0,14
S01008551,Level 4 and above,281,199,172,25,2,82
S01008552,All people aged 16 and over,745,462,379,59,24,283
S01008552,No qualifications,116,40,19,16,5,76
S01008552,Level 1,171,98,75,15,8,73
S01008552,Level 2,121,81,66,10,5,40
S01008552,Level 3,65,49,46,3,0,16
S01008552,Level 4 and above,272,194,173,15,6,78
S01008553,All people aged 16 and over,460,272,218,35,19,188
S01008553,No qualifications,130,35,24,5,6,95
S01008553,Level 1,122,79,65,9,5,43
S01008553,Level 2,59,41,31,7,3,18
S01008553,Level 3,40,29,22,5,2,11
S01008553,Level 4 and above,109,88,76,9,3,21
S01008554,All people aged 16 and over,765,464,342,40,82,301
S01008554,No qualifications,290,118,86,5,27,172
S01008554,Level 1,230,163,108,21,34,67
S01008554,Level 2,74,55,42,5,8,19
S01008554,Level 3,55,34,27,1,6,21
S01008554,Level 4 and above,116,94,79,8,7,22
S01008555,All people aged 16 and over,796,470,366,31,73,326
S01008555,No qualifications,276,100,73,4,23,176
S01008555,Level 1,234,141,102,11,28,93
S01008555,Level 2,89,68,57,2,9,21
S01008555,Level 3,50,36,25,6,5,14
S01008555,Level 4 and above,147,125,109,8,8,22
S01008556,All people aged 16 and over,590,324,256,27,41,266
S01008556,No qualifications,196,60,39,9,12,136
S01008556,Level 1,191,108,88,5,15,83
S01008556,Level 2,72,52,39,7,6,20
S01008556,Level 3,48,38,32,1,5,10
S01008556,Level 4 and above,83,66,58,5,3,17
S01008557,All people aged 16 and over,682,357,281,27,49,325
S01008557,No qualifications,270,81,55,6,20,189
S01008557,Level 1,217,130,101,12,17,87
S01008557,Level 2,44,35,31,3,1,9
S01008557,Level 3,41,29,27,1,1,12
S01008557,Level 4 and above,110,82,67,5,10,28
S01008558,All people aged 16 and over,712,400,326,38,36,312
S01008558,No qualifications,226,70,51,9,10,156
S01008558,Level 1,214,125,97,11,17,89
S01008558,Level 2,85,62,54,4,4,23
S01008558,Level 3,47,38,32,4,2,9
S01008558,Level 4 and above,140,105,92,10,3,35
S01008559,All people aged 16 and over,554,326,265,27,34,228
S01008559,No qualifications,227,83,67,6,10,144
S01008559,Level 1,170,116,93,10,13,54
S01008559,Level 2,65,50,39,6,5,15
S01008559,Level 3,30,26,22,0,4,4
S01008559,Level 4 and above,62,51,44,5,2,11
S01008560,All people aged 16 and over,550,332,275,25,32,218
S01008560,No qualifications,208,71,56,6,9,137
S01008560,Level 1,161,110,89,7,14,51
S01008560,Level 2,58,48,38,5,5,10
S01008560,Level 3,38,30,28,2,0,8
S01008560,Level 4 and above,85,73,64,5,4,12
S01008561,All people aged 16 and over,528,324,269,22,33,204
S01008561,No qualifications,175,69,54,6,9,106
S01008561,Level 1,157,111,94,7,10,46
S01008561,Level 2,65,49,40,1,8,16
S01008561,Level 3,33,28,24,2,2,5
S01008561,Level 4 and above,98,67,57,6,4,31
S01008562,All people aged 16 and over,489,247,188,20,39,242
S01008562,No qualifications,188,35,26,4,5,153
S01008562,Level 1,146,100,75,4,21,46
S01008562,Level 2,50,35,27,1,7,15
S01008562,Level 3,32,19,15,2,2,13
S01008562,Level 4 and above,73,58,45,9,4,15
S01008563,All people aged 16 and over,652,400,329,32,39,252
S01008563,No qualifications,223,91,68,8,15,132
S01008563,Level 1,184,116,97,5,14,68
S01008563,Level 2,66,48,40,4,4,18
S01008563,Level 3,41,33,32,1,0,8
S01008563,Level 4 and above,138,112,92,14,6,26
S01008564,All people aged 16 and over,527,290,244,25,21,237
S01008564,No qualifications,184,50,36,3,11,134
S01008564,Level 1,153,102,82,14,6,51
S01008564,Level 2,56,43,39,3,1,13
S01008564,Level 3,41,27,26,1,0,14
S01008564,Level 4 and above,93,68,61,4,3,25
S01008565,All people aged 16 and over,721,414,328,36,50,307
S01008565,No qualifications,256,88,61,11,16,168
S01008565,Level 1,202,130,101,9,20,72
S01008565,Level 2,90,70,59,5,6,20
S01008565,Level 3,49,33,25,2,6,16
S01008565,Level 4 and above,124,93,82,9,2,31
S01008566,All people aged 16 and over,817,497,395,55,47,320
S01008566,No qualifications,298,113,86,15,12,185
S01008566,Level 1,269,183,145,21,17,86
S01008566,Level 2,89,65,59,2,4,24
S01008566,Level 3,49,45,36,4,5,4
S01008566,Level 4 and above,112,91,69,13,9,21
S01008567,All people aged 16 and over,574,351,287,35,29,223
S01008567,No qualifications,176,57,47,6,4,119
S01008567,Level 1,171,124,95,13,16,47
S01008567,Level 2,57,45,36,6,3,12
S01008567,Level 3,42,31,26,2,3,11
S01008567,Level 4 and above,128,94,83,8,3,34
S01008568,All people aged 16 and over,627,444,372,46,26,183
S01008568,No qualifications,134,57,43,10,4,77
S01008568,Level 1,169,124,100,16,8,45
S01008568,Level 2,102,84,69,10,5,18
S01008568,Level 3,50,38,36,1,1,12
S01008568,Level 4 and above,172,141,124,9,8,31
S01008569,All people aged 16 and over,517,319,210,29,80,198
S01008569,No qualifications,186,72,42,7,23,114
S01008569,Level 1,169,117,73,11,33,52
S01008569,Level 2,41,33,22,3,8,8
S01008569,Level 3,24,19,16,0,3,5
S01008569,Level 4 and above,97,78,57,8,13,19
S01008570,All people aged 16 and over,719,420,312,45,63,299
S01008570,No qualifications,266,109,87,6,16,157
S01008570,Level 1,223,146,98,16,32,77
S01008570,Level 2,63,41,29,7,5,22
S01008570,Level 3,54,41,22,12,7,13
S01008570,Level 4 and above,113,83,76,4,3,30
S01008571,All people aged 16 and over,564,311,251,34,26,253
S01008571,No qualifications,179,48,35,12,1,131
S01008571,Level 1,172,122,98,11,13,50
S01008571,Level 2,71,48,37,5,6,23
S01008571,Level 3,47,32,29,2,1,15
S01008571,Level 4 and above,95,61,52,4,5,34
S01008572,All people aged 16 and over,735,395,317,48,30,340
S01008572,No qualifications,245,78,59,13,6,167
S01008572,Level 1,199,127,99,19,9,72
S01008572,Level 2,78,52,43,5,4,26
S01008572,Level 3,41,25,18,3,4,16
S01008572,Level 4 and above,172,113,98,8,7,59
S01008573,All people aged 16 and over,700,453,355,81,17,247
S01008573,No qualifications,157,46,32,12,2,111
S01008573,Level 1,160,111,88,17,6,49
S01008573,Level 2,88,61,54,6,1,27
S01008573,Level 3,63,49,38,10,1,14
S01008573,Level 4 and above,232,186,143,36,7,46
S01008574,All people aged 16 and over,624,447,386,44,17,177
S01008574,No qualifications,92,34,22,9,3,58
S01008574,Level 1,154,103,84,14,5,51
S01008574,Level 2,108,82,74,4,4,26
S01008574,Level 3,59,51,44,6,1,8
S01008574,Level 4 and above,211,177,162,11,4,34
S01008575,All people aged 16 and over,644,415,323,70,22,229
S01008575,No qualifications,87,33,20,12,1,54
S01008575,Level 1,119,68,45,16,7,51
S01008575,Level 2,115,71,55,7,9,44
S01008575,Level 3,49,31,25,4,2,18
S01008575,Level 4 and above,274,212,178,31,3,62
S01008576,All people aged 16 and over,725,460,383,63,14,265
S01008576,No qualifications,127,48,39,8,1,79
S01008576,Level 1,177,111,90,17,4,66
S01008576,Level 2,104,68,56,11,1,36
S01008576,Level 3,57,49,42,5,2,8
S01008576,Level 4 and above,260,184,156,22,6,76
S01008577,All people aged 16 and over,787,402,296,79,27,385
S01008577,No qualifications,184,33,19,12,2,151
S01008577,Level 1,148,66,45,15,6,82
S01008577,Level 2,97,66,49,11,6,31
S01008577,Level 3,55,43,27,10,6,12
S01008577,Level 4 and above,303,194,156,31,7,109
S01008578,All people aged 16 and over,659,371,289,70,12,288
S01008578,No qualifications,86,17,12,4,1,69
S01008578,Level 1,75,33,24,6,3,42
S01008578,Level 2,68,35,27,6,2,33
S01008578,Level 3,40,24,19,5,0,16
S01008578,Level 4 and above,390,262,207,49,6,128
S01008579,All people aged 16 and over,677,299,232,59,8,378
S01008579,No qualifications,139,25,13,11,1,114
S01008579,Level 1,103,35,26,6,3,68
S01008579,Level 2,78,40,22,15,3,38
S01008579,Level 3,42,22,20,2,0,20
S01008579,Level 4 and above,315,177,151,25,1,138
S01008580,All people aged 16 and over,466,299,250,29,20,167
S01008580,No qualifications,88,26,22,1,3,62
S01008580,Level 1,112,66,54,7,5,46
S01008580,Level 2,70,47,32,8,7,23
S01008580,Level 3,35,30,28,1,1,5
S01008580,Level 4 and above,161,130,114,12,4,31
S01008581,All people aged 16 and over,771,436,359,32,45,335
S01008581,No qualifications,269,80,57,10,13,189
S01008581,Level 1,203,136,110,8,18,67
S01008581,Level 2,90,66,54,5,7,24
S01008581,Level 3,57,40,36,2,2,17
S01008581,Level 4 and above,152,114,102,7,5,38
S01008582,All people aged 16 and over,837,504,410,48,46,333
S01008582,No qualifications,268,98,77,8,13,170
S01008582,Level 1,202,136,107,12,17,66
S01008582,Level 2,99,73,57,9,7,26
S01008582,Level 3,55,40,35,1,4,15
S01008582,Level 4 and above,213,157,134,18,5,56
S01008583,All people aged 16 and over,595,331,279,29,23,264
S01008583,No qualifications,168,42,31,10,1,126
S01008583,Level 1,131,90,74,7,9,41
S01008583,Level 2,69,40,34,2,4,29
S01008583,Level 3,42,29,25,2,2,13
S01008583,Level 4 and above,185,130,115,8,7,55
S01008584,All people aged 16 and over,685,393,320,38,35,292
S01008584,No qualifications,163,49,39,2,8,114
S01008584,Level 1,172,105,83,12,10,67
S01008584,Level 2,82,53,46,3,4,29
S01008584,Level 3,44,36,31,0,5,8
S01008584,Level 4 and above,224,150,121,21,8,74
S01008585,All people aged 16 and over,469,289,244,21,24,180
S01008585,No qualifications,131,37,29,1,7,94
S01008585,Level 1,119,81,64,7,10,38
S01008585,Level 2,52,41,37,2,2,11
S01008585,Level 3,36,28,21,6,1,8
S01008585,Level 4 and above,131,102,93,5,4,29
S01008586,All people aged 16 and over,665,366,301,29,36,299
S01008586,No qualifications,249,82,60,12,10,167
S01008586,Level 1,174,111,91,6,14,63
S01008586,Level 2,70,49,39,4,6,21
S01008586,Level 3,39,25,21,2,2,14
S01008586,Level 4 and above,133,99,90,5,4,34
S01008587,All people aged 16 and over,802,410,317,53,40,392
S01008587,No qualifications,86,21,13,5,3,65
S01008587,Level 1,100,36,24,3,9,64
S01008587,Level 2,104,61,48,8,5,43
S01008587,Level 3,36,26,19,3,4,10
S01008587,Level 4 and above,476,266,213,34,19,210
S01008588,All people aged 16 and over,621,366,298,48,20,255
S01008588,No qualifications,43,10,9,1,0,33
S01008588,Level 1,73,33,23,7,3,40
S01008588,Level 2,87,42,32,5,5,45
S01008588,Level 3,49,25,19,3,3,24
S01008588,Level 4 and above,369,256,215,32,9,113
S01008589,All people aged 16 and over,313,180,152,20,8,133
S01008589,No qualifications,67,17,14,2,1,50
S01008589,Level 1,48,17,13,3,1,31
S01008589,Level 2,30,20,19,0,1,10
S01008589,Level 3,24,20,19,0,1,4
S01008589,Level 4 and above,144,106,87,15,4,38
S01008590,All people aged 16 and over,646,316,280,29,7,330
S01008590,No qualifications,86,11,8,2,1,75
S01008590,Level 1,89,26,21,4,1,63
S01008590,Level 2,73,26,21,2,3,47
S01008590,Level 3,33,20,17,3,0,13
S01008590,Level 4 and above,365,233,213,18,2,132
S01008591,All people aged 16 and over,677,413,336,57,20,264
S01008591,No qualifications,77,25,22,2,1,52
S01008591,Level 1,80,38,33,4,1,42
S01008591,Level 2,98,47,30,10,7,51
S01008591,Level 3,44,35,24,10,1,9
S01008591,Level 4 and above,378,268,227,31,10,110
S01008592,All people aged 16 and over,612,334,282,36,16,278
S01008592,No qualifications,98,21,16,4,1,77
S01008592,Level 1,111,53,45,6,2,58
S01008592,Level 2,101,61,49,7,5,40
S01008592,Level 3,42,30,26,2,2,12
S01008592,Level 4 and above,260,169,146,17,6,91
S01008593,All people aged 16 and over,622,377,281,84,12,245
S01008593,No qualifications,45,9,4,4,1,36
S01008593,Level 1,57,32,16,12,4,25
S01008593,Level 2,62,22,17,5,0,40
S01008593,Level 3,31,25,20,5,0,6
S01008593,Level 4 and above,427,289,224,58,7,138
S01008594,All people aged 16 and over,881,516,401,92,23,365
S01008594,No qualifications,57,19,8,8,3,38
S01008594,Level 1,104,50,33,11,6,54
S01008594,Level 2,119,50,35,11,4,69
S01008594,Level 3,48,24,16,7,1,24
S01008594,Level 4 and above,553,373,309,55,9,180
S01008595,All people aged 16 and over,818,368,315,24,29,450
S01008595,No qualifications,314,55,50,3,2,259
S01008595,Level 1,144,83,65,5,13,61
S01008595,Level 2,78,53,43,3,7,25
S01008595,Level 3,61,38,35,2,1,23
S01008595,Level 4 and above,221,139,122,11,6,82
S01008596,All people aged 16 and over,746,394,317,28,49,352
S01008596,No qualifications,217,47,32,1,14,170
S01008596,Level 1,144,77,58,6,13,67
S01008596,Level 2,116,58,50,3,5,58
S01008596,Level 3,30,24,20,1,3,6
S01008596,Level 4 and above,239,188,157,17,14,51
S01008597,All people aged 16 and over,740,450,357,74,19,290
S01008597,No qualifications,144,40,27,12,1,104
S01008597,Level 1,142,69,53,11,5,73
S01008597,Level 2,93,61,45,8,8,32
S01008597,Level 3,52,44,40,3,1,8
S01008597,Level 4 and above,309,236,192,40,4,73
S01008598,All people aged 16 and over,746,381,304,40,37,365
S01008598,No qualifications,83,21,17,1,3,62
S01008598,Level 1,94,39,30,5,4,55
S01008598,Level 2,210,70,56,4,10,140
S01008598,Level 3,52,34,27,4,3,18
S01008598,Level 4 and above,307,217,174,26,17,90
S01008599,All people aged 16 and over,806,485,381,75,29,321
S01008599,No qualifications,41,14,7,6,1,27
S01008599,Level 1,70,32,24,4,4,38
S01008599,Level 2,161,58,45,5,8,103
S01008599,Level 3,42,31,21,5,5,11
S01008599,Level 4 and above,492,350,284,55,11,142
S01008600,All people aged 16 and over,665,356,241,93,22,309
S01008600,No qualifications,63,11,7,4,0,52
S01008600,Level 1,48,25,11,11,3,23
S01008600,Level 2,101,53,33,11,9,48
S01008600,Level 3,31,20,12,7,1,11
S01008600,Level 4 and above,422,247,178,60,9,175
S01008601,All people aged 16 and over,2471,693,455,45,193,1778
S01008601,No qualifications,57,16,11,4,1,41
S01008601,Level 1,327,57,31,6,20,270
S01008601,Level 2,1500,371,209,12,150,1129
S01008601,Level 3,108,28,20,7,1,80
S01008601,Level 4 and above,479,221,184,16,21,258
S01008602,All people aged 16 and over,608,336,252,44,40,272
S01008602,No qualifications,24,7,3,2,2,17
S01008602,Level 1,74,31,21,5,5,43
S01008602,Level 2,178,81,52,9,20,97
S01008602,Level 3,32,21,17,2,2,11
S01008602,Level 4 and above,300,196,159,26,11,104
S01008603,All people aged 16 and over,1069,582,472,53,57,487
S01008603,No qualifications,70,17,12,2,3,53
S01008603,Level 1,98,44,29,3,12,54
S01008603,Level 2,345,116,92,8,16,229
S01008603,Level 3,53,35,28,2,5,18
S01008603,Level 4 and above,503,370,311,38,21,133
S01008604,All people aged 16 and over,830,459,351,80,28,371
S01008604,No qualifications,48,16,10,6,0,32
S01008604,Level 1,69,31,19,8,4,38
S01008604,Level 2,151,63,48,5,10,88
S01008604,Level 3,44,30,25,2,3,14
S01008604,Level 4 and above,518,319,249,59,11,199
S01008605,All people aged 16 and over,629,401,315,58,28,228
S01008605,No qualifications,23,10,8,2,0,13
S01008605,Level 1,43,21,14,3,4,22
S01008605,Level 2,138,55,38,6,11,83
S01008605,Level 3,41,24,15,6,3,17
S01008605,Level 4 and above,384,291,240,41,10,93
S01008606,All people aged 16 and over,607,393,302,79,12,214
S01008606,No qualifications,26,3,2,1,0,23
S01008606,Level 1,50,30,19,10,1,20
S01008606,Level 2,84,37,32,3,2,47
S01008606,Level 3,32,26,24,2,0,6
S01008606,Level 4 and above,415,297,225,63,9,118
S01008607,All people aged 16 and over,513,285,194,77,14,228
S01008607,No qualifications,45,4,1,3,0,41
S01008607,Level 1,36,12,9,0,3,24
S01008607,Level 2,45,16,14,0,2,29
S01008607,Level 3,10,5,5,0,0,5
S01008607,Level 4 and above,377,248,165,74,9,129
S01008608,All people aged 16 and over,637,326,251,66,9,311
S01008608,No qualifications,59,10,7,2,1,49
S01008608,Level 1,60,20,15,3,2,40
S01008608,Level 2,71,32,25,6,1,39
S01008608,Level 3,27,11,11,0,0,16
S01008608,Level 4 and above,420,253,193,55,5,167
S01008609,All people aged 16 and over,800,403,302,89,12,397
S01008609,No qualifications,90,10,4,6,0,80
S01008609,Level 1,92,30,16,11,3,62
S01008609,Level 2,102,52,36,15,1,50
S01008609,Level 3,33,15,12,3,0,18
S01008609,Level 4 and above,483,296,234,54,8,187
S01008610,All people aged 16 and over,734,350,279,62,9,384
S01008610,No qualifications,71,4,2,2,0,67
S01008610,Level 1,60,14,10,3,1,46
S01008610,Level 2,117,42,33,5,4,75
S01008610,Level 3,38,21,18,3,0,17
S01008610,Level 4 and above,448,269,216,49,4,179
S01008611,All people aged 16 and over,1329,664,511,73,80,665
S01008611,No qualifications,54,11,10,1,0,43
S01008611,Level 1,134,42,26,7,9,92
S01008611,Level 2,398,148,109,7,32,250
S01008611,Level 3,70,34,23,3,8,36
S01008611,Level 4 and above,673,429,343,55,31,244
S01008612,All people aged 16 and over,725,409,338,40,31,316
S01008612,No qualifications,27,9,8,1,0,18
S01008612,Level 1,45,17,9,2,6,28
S01008612,Level 2,224,78,63,3,12,146
S01008612,Level 3,43,30,23,5,2,13
S01008612,Level 4 and above,386,275,235,29,11,111
S01008613,All people aged 16 and over,693,383,307,57,19,310
S01008613,No qualifications,52,10,7,1,2,42
S01008613,Level 1,46,14,12,0,2,32
S01008613,Level 2,156,58,49,5,4,98
S01008613,Level 3,31,23,18,3,2,8
S01008613,Level 4 and above,408,278,221,48,9,130
S01008614,All people aged 16 and over,643,320,263,33,24,323
S01008614,No qualifications,27,5,2,2,1,22
S01008614,Level 1,35,15,9,1,5,20
S01008614,Level 2,226,76,61,6,9,150
S01008614,Level 3,19,11,10,0,1,8
S01008614,Level 4 and above,336,213,181,24,8,123
S01008615,All people aged 16 and over,782,392,317,51,24,390
S01008615,No qualifications,39,7,4,2,1,32
S01008615,Level 1,67,20,13,4,3,47
S01008615,Level 2,259,93,75,7,11,166
S01008615,Level 3,45,29,22,4,3,16
S01008615,Level 4 and above,372,243,203,34,6,129
S01008616,All people aged 16 and over,676,342,278,41,23,334
S01008616,No qualifications,7,4,2,2,0,3
S01008616,Level 1,35,18,13,3,2,17
S01008616,Level 2,297,89,76,6,7,208
S01008616,Level 3,29,19,16,2,1,10
S01008616,Level 4 and above,308,212,171,28,13,96
S01008617,All people aged 16 and over,754,338,254,52,32,416
S01008617,No qualifications,18,4,2,0,2,14
S01008617,Level 1,51,20,15,4,1,31
S01008617,Level 2,337,87,65,6,16,250
S01008617,Level 3,40,25,18,5,2,15
S01008617,Level 4 and above,308,202,154,37,11,106
S01008618,All people aged 16 and over,681,330,270,27,33,351
S01008618,No qualifications,13,7,6,0,1,6
S01008618,Level 1,38,14,12,0,2,24
S01008618,Level 2,310,96,73,5,18,214
S01008618,Level 3,33,18,14,1,3,15
S01008618,Level 4 and above,287,195,165,21,9,92
S01008619,All people aged 16 and over,493,282,226,34,22,211
S01008619,No qualifications,17,3,2,1,0,14
S01008619,Level 1,29,16,14,1,1,13
S01008619,Level 2,166,58,42,6,10,108
S01008619,Level 3,24,18,13,1,4,6
S01008619,Level 4 and above,257,187,155,25,7,70
S01008620,All people aged 16 and over,766,398,314,47,37,368
S01008620,No qualifications,12,5,2,1,2,7
S01008620,Level 1,45,11,3,6,2,34
S01008620,Level 2,300,91,68,4,19,209
S01008620,Level 3,33,19,19,0,0,14
S01008620,Level 4 and above,376,272,222,36,14,104
S01008621,All people aged 16 and over,710,362,272,56,34,348
S01008621,No qualifications,8,1,1,0,0,7
S01008621,Level 1,47,23,16,3,4,24
S01008621,Level 2,292,96,80,9,7,196
S01008621,Level 3,27,20,14,5,1,7
S01008621,Level 4 and above,336,222,161,39,22,114
S01008622,All people aged 16 and over,468,276,219,34,23,192
S01008622,No qualifications,11,2,2,0,0,9
S01008622,Level 1,23,11,8,2,1,12
S01008622,Level 2,134,42,28,4,10,92
S01008622,Level 3,23,20,18,1,1,3
S01008622,Level 4 and above,277,201,163,27,11,76
S01008623,All people aged 16 and over,858,425,308,77,40,433
S01008623,No qualifications,40,13,5,7,1,27
S01008623,Level 1,62,15,14,0,1,47
S01008623,Level 2,230,82,59,9,14,148
S01008623,Level 3,27,15,10,4,1,12
S01008623,Level 4 and above,499,300,220,57,23,199
S01008624,All people aged 16 and over,670,278,207,64,7,392
S01008624,No qualifications,100,10,6,4,0,90
S01008624,Level 1,64,14,10,4,0,50
S01008624,Level 2,64,21,14,7,0,43
S01008624,Level 3,28,13,12,1,0,15
S01008624,Level 4 and above,414,220,165,48,7,194
S01008625,All people aged 16 and over,464,274,207,57,10,190
S01008625,No qualifications,25,9,3,4,2,16
S01008625,Level 1,32,15,11,2,2,17
S01008625,Level 2,54,25,21,4,0,29
S01008625,Level 3,14,9,5,2,2,5
S01008625,Level 4 and above,339,216,167,45,4,123
S01008626,All people aged 16 and over,744,498,410,75,13,246
S01008626,No qualifications,33,8,8,0,0,25
S01008626,Level 1,52,19,11,7,1,33
S01008626,Level 2,91,50,40,8,2,41
S01008626,Level 3,38,27,25,1,1,11
S01008626,Level 4 and above,530,394,326,59,9,136
S01008627,All people aged 16 and over,581,348,259,78,11,233
S01008627,No qualifications,42,2,1,0,1,40
S01008627,Level 1,55,29,20,6,3,26
S01008627,Level 2,60,34,26,7,1,26
S01008627,Level 3,24,13,9,3,1,11
S01008627,Level 4 and above,400,270,203,62,5,130
S01008628,All people aged 16 and over,551,348,283,51,14,203
S01008628,No qualifications,53,10,7,1,2,43
S01008628,Level 1,37,14,11,2,1,23
S01008628,Level 2,65,44,34,7,3,21
S01008628,Level 3,28,18,14,2,2,10
S01008628,Level 4 and above,368,262,217,39,6,106
S01008629,All people aged 16 and over,492,312,260,37,15,180
S01008629,No qualifications,38,13,8,4,1,25
S01008629,Level 1,57,25,17,3,5,32
S01008629,Level 2,68,32,28,2,2,36
S01008629,Level 3,28,17,15,1,1,11
S01008629,Level 4 and above,301,225,192,27,6,76
S01008630,All people aged 16 and over,503,318,261,34,23,185
S01008630,No qualifications,20,4,3,0,1,16
S01008630,Level 1,47,23,14,5,4,24
S01008630,Level 2,90,44,37,2,5,46
S01008630,Level 3,43,33,25,4,4,10
S01008630,Level 4 and above,303,214,182,23,9,89
S01008631,All people aged 16 and over,712,538,447,65,26,174
S01008631,No qualifications,44,16,14,2,0,28
S01008631,Level 1,51,31,20,7,4,20
S01008631,Level 2,97,63,50,6,7,34
S01008631,Level 3,52,43,34,8,1,9
S01008631,Level 4 and above,468,385,329,42,14,83
S01008632,All people aged 16 and over,865,495,401,59,35,370
S01008632,No qualifications,185,12,8,0,4,173
S01008632,Level 1,90,34,27,5,2,56
S01008632,Level 2,91,57,38,10,9,34
S01008632,Level 3,64,43,34,6,3,21
S01008632,Level 4 and above,435,349,294,38,17,86
S01008633,All people aged 16 and over,785,390,292,76,22,395
S01008633,No qualifications,87,13,8,3,2,74
S01008633,Level 1,55,20,10,3,7,35
S01008633,Level 2,101,49,35,9,5,52
S01008633,Level 3,34,20,17,2,1,14
S01008633,Level 4 and above,508,288,222,59,7,220
S01008634,All people aged 16 and over,612,376,282,72,22,236
S01008634,No qualifications,29,2,0,2,0,27
S01008634,Level 1,47,19,14,4,1,28
S01008634,Level 2,104,58,41,9,8,46
S01008634,Level 3,43,32,24,7,1,11
S01008634,Level 4 and above,389,265,203,50,12,124
S01008635,All people aged 16 and over,746,479,365,89,25,267
S01008635,No qualifications,39,13,5,6,2,26
S01008635,Level 1,59,21,12,6,3,38
S01008635,Level 2,119,51,37,8,6,68
S01008635,Level 3,45,27,19,5,3,18
S01008635,Level 4 and above,484,367,292,64,11,117
S01008636,All people aged 16 and over,749,452,354,76,22,297
S01008636,No qualifications,38,9,8,1,0,29
S01008636,Level 1,59,28,21,5,2,31
S01008636,Level 2,129,59,51,2,6,70
S01008636,Level 3,47,31,24,3,4,16
S01008636,Level 4 and above,476,325,250,65,10,151
S01008637,All people aged 16 and over,608,360,286,59,15,248
S01008637,No qualifications,47,11,4,7,0,36
S01008637,Level 1,37,20,15,2,3,17
S01008637,Level 2,78,30,23,4,3,48
S01008637,Level 3,45,21,18,2,1,24
S01008637,Level 4 and above,401,278,226,44,8,123
S01008638,All people aged 16 and over,775,391,321,50,20,384
S01008638,No qualifications,132,13,8,4,1,119
S01008638,Level 1,61,23,20,2,1,38
S01008638,Level 2,170,59,52,5,2,111
S01008638,Level 3,42,24,16,5,3,18
S01008638,Level 4 and above,370,272,225,34,13,98
S01008639,All people aged 16 and over,795,596,484,74,38,199
S01008639,No qualifications,46,14,5,6,3,32
S01008639,Level 1,55,29,18,8,3,26
S01008639,Level 2,112,74,55,9,10,38
S01008639,Level 3,45,33,24,5,4,12
S01008639,Level 4 and above,537,446,382,46,18,91
S01008640,All people aged 16 and over,699,484,400,57,27,215
S01008640,No qualifications,22,8,7,0,1,14
S01008640,Level 1,44,24,21,1,2,20
S01008640,Level 2,154,56,43,6,7,98
S01008640,Level 3,40,31,24,6,1,9
S01008640,Level 4 and above,439,365,305,44,16,74
S01008641,All people aged 16 and over,784,472,406,41,25,312
S01008641,No qualifications,16,6,6,0,0,10
S01008641,Level 1,45,28,21,2,5,17
S01008641,Level 2,236,66,58,3,5,170
S01008641,Level 3,55,41,29,6,6,14
S01008641,Level 4 and above,432,331,292,30,9,101
S01008642,All people aged 16 and over,830,593,493,65,35,237
S01008642,No qualifications,23,7,4,3,0,16
S01008642,Level 1,58,40,34,3,3,18
S01008642,Level 2,169,89,72,7,10,80
S01008642,Level 3,52,35,30,3,2,17
S01008642,Level 4 and above,528,422,353,49,20,106
S01008643,All people aged 16 and over,608,461,374,64,23,147
S01008643,No qualifications,25,10,7,1,2,15
S01008643,Level 1,37,18,12,3,3,19
S01008643,Level 2,106,60,45,5,10,46
S01008643,Level 3,43,31,21,8,2,12
S01008643,Level 4 and above,397,342,289,47,6,55
S01008644,All people aged 16 and over,706,445,380,40,25,261
S01008644,No qualifications,76,14,8,5,1,62
S01008644,Level 1,60,37,28,5,4,23
S01008644,Level 2,154,58,53,2,3,96
S01008644,Level 3,47,34,28,3,3,13
S01008644,Level 4 and above,369,302,263,25,14,67
S01008645,All people aged 16 and over,730,489,427,34,28,241
S01008645,No qualifications,56,17,13,3,1,39
S01008645,Level 1,71,38,32,3,3,33
S01008645,Level 2,152,83,72,3,8,69
S01008645,Level 3,53,42,35,4,3,11
S01008645,Level 4 and above,398,309,275,21,13,89
S01008646,All people aged 16 and over,739,560,482,44,34,179
S01008646,No qualifications,61,19,16,1,2,42
S01008646,Level 1,79,54,38,7,9,25
S01008646,Level 2,114,74,58,7,9,40
S01008646,Level 3,79,65,59,5,1,14
S01008646,Level 4 and above,406,348,311,24,13,58
S01008647,All people aged 16 and over,548,439,391,31,17,109
S01008647,No qualifications,32,14,9,4,1,18
S01008647,Level 1,38,32,29,1,2,6
S01008647,Level 2,85,57,51,2,4,28
S01008647,Level 3,36,32,24,5,3,4
S01008647,Level 4 and above,357,304,278,19,7,53
S01008648,All people aged 16 and over,572,419,376,19,24,153
S01008648,No qualifications,65,15,13,2,0,50
S01008648,Level 1,50,31,25,3,3,19
S01008648,Level 2,98,51,45,1,5,47
S01008648,Level 3,41,35,29,0,6,6
S01008648,Level 4 and above,318,287,264,13,10,31
S01008649,All people aged 16 and over,869,628,553,31,44,241
S01008649,No qualifications,125,26,22,1,3,99
S01008649,Level 1,96,60,45,7,8,36
S01008649,Level 2,96,75,68,1,6,21
S01008649,Level 3,66,52,48,1,3,14
S01008649,Level 4 and above,486,415,370,21,24,71
S01008650,All people aged 16 and over,703,546,483,32,31,157
S01008650,No qualifications,52,22,20,2,0,30
S01008650,Level 1,76,51,48,2,1,25
S01008650,Level 2,99,62,53,3,6,37
S01008650,Level 3,59,42,36,3,3,17
S01008650,Level 4 and above,417,369,326,22,21,48
S01008651,All people aged 16 and over,946,583,461,51,71,363
S01008651,No qualifications,80,33,23,3,7,47
S01008651,Level 1,106,62,47,4,11,44
S01008651,Level 2,249,127,87,6,34,122
S01008651,Level 3,55,37,32,3,2,18
S01008651,Level 4 and above,456,324,272,35,17,132
S01008652,All people aged 16 and over,548,423,350,31,42,125
S01008652,No qualifications,77,36,24,2,10,41
S01008652,Level 1,80,63,50,4,9,17
S01008652,Level 2,88,62,52,4,6,26
S01008652,Level 3,56,44,37,3,4,12
S01008652,Level 4 and above,247,218,187,18,13,29
S01008653,All people aged 16 and over,640,435,367,23,45,205
S01008653,No qualifications,96,39,28,0,11,57
S01008653,Level 1,95,63,48,6,9,32
S01008653,Level 2,132,80,66,5,9,52
S01008653,Level 3,56,30,23,5,2,26
S01008653,Level 4 and above,261,223,202,7,14,38
S01008654,All people aged 16 and over,887,647,547,44,56,240
S01008654,No qualifications,75,14,12,0,2,61
S01008654,Level 1,105,79,62,8,9,26
S01008654,Level 2,151,93,70,6,17,58
S01008654,Level 3,65,58,51,3,4,7
S01008654,Level 4 and above,491,403,352,27,24,88
S01008655,All people aged 16 and over,754,545,478,36,31,209
S01008655,No qualifications,61,17,13,3,1,44
S01008655,Level 1,56,36,31,5,0,20
S01008655,Level 2,129,78,66,2,10,51
S01008655,Level 3,62,50,39,3,8,12
S01008655,Level 4 and above,446,364,329,23,12,82
S01008656,All people aged 16 and over,606,427,348,35,44,179
S01008656,No qualifications,90,34,21,4,9,56
S01008656,Level 1,92,74,58,6,10,18
S01008656,Level 2,106,62,53,4,5,44
S01008656,Level 3,56,45,36,3,6,11
S01008656,Level 4 and above,262,212,180,18,14,50
S01008657,All people aged 16 and over,690,458,375,39,44,232
S01008657,No qualifications,63,19,17,0,2,44
S01008657,Level 1,107,55,47,2,6,52
S01008657,Level 2,127,80,62,5,13,47
S01008657,Level 3,54,38,29,5,4,16
S01008657,Level 4 and above,339,266,220,27,19,73
S01008658,All people aged 16 and over,1066,667,520,41,106,399
S01008658,No qualifications,131,45,29,3,13,86
S01008658,Level 1,131,73,53,3,17,58
S01008658,Level 2,222,118,90,7,21,104
S01008658,Level 3,106,73,54,5,14,33
S01008658,Level 4 and above,476,358,294,23,41,118
S01008659,All people aged 16 and over,784,521,422,37,62,263
S01008659,No qualifications,70,25,19,0,6,45
S01008659,Level 1,96,59,48,3,8,37
S01008659,Level 2,219,109,92,2,15,110
S01008659,Level 3,61,49,30,5,14,12
S01008659,Level 4 and above,338,279,233,27,19,59
S01008660,All people aged 16 and over,877,575,445,62,68,302
S01008660,No qualifications,44,23,15,1,7,21
S01008660,Level 1,81,39,35,0,4,42
S01008660,Level 2,207,94,77,4,13,113
S01008660,Level 3,61,48,37,7,4,13
S01008660,Level 4 and above,484,371,281,50,40,113
S01008661,All people aged 16 and over,948,532,415,47,70,416
S01008661,No qualifications,99,33,24,2,7,66
S01008661,Level 1,118,70,53,7,10,48
S01008661,Level 2,258,128,89,11,28,130
S01008661,Level 3,86,51,44,2,5,35
S01008661,Level 4 and above,387,250,205,25,20,137
S01008662,All people aged 16 and over,727,421,310,31,80,306
S01008662,No qualifications,37,16,9,4,3,21
S01008662,Level 1,62,34,24,2,8,28
S01008662,Level 2,273,135,97,3,35,138
S01008662,Level 3,72,48,36,1,11,24
S01008662,Level 4 and above,283,188,144,21,23,95
S01008663,All people aged 16 and over,817,466,362,58,46,351
S01008663,No qualifications,97,27,21,2,4,70
S01008663,Level 1,80,43,28,6,9,37
S01008663,Level 2,215,94,77,7,10,121
S01008663,Level 3,54,40,30,6,4,14
S01008663,Level 4 and above,371,262,206,37,19,109
S01008664,All people aged 16 and over,671,470,384,50,36,201
S01008664,No qualifications,50,13,12,1,0,37
S01008664,Level 1,52,35,26,1,8,17
S01008664,Level 2,148,77,61,7,9,71
S01008664,Level 3,40,30,28,1,1,10
S01008664,Level 4 and above,381,315,257,40,18,66
S01008665,All people aged 16 and over,1113,727,545,70,112,386
S01008665,No qualifications,80,25,18,3,4,55
S01008665,Level 1,138,72,46,8,18,66
S01008665,Level 2,270,145,88,6,51,125
S01008665,Level 3,96,69,51,9,9,27
S01008665,Level 4 and above,529,416,342,44,30,113
S01008666,All people aged 16 and over,941,483,379,56,48,458
S01008666,No qualifications,27,4,3,1,0,23
S01008666,Level 1,80,30,24,2,4,50
S01008666,Level 2,268,109,77,12,20,159
S01008666,Level 3,55,32,28,1,3,23
S01008666,Level 4 and above,511,308,247,40,21,203
S01008667,All people aged 16 and over,922,423,315,47,61,499
S01008667,No qualifications,33,7,4,3,0,26
S01008667,Level 1,99,37,28,4,5,62
S01008667,Level 2,273,93,67,6,20,180
S01008667,Level 3,40,23,14,3,6,17
S01008667,Level 4 and above,477,263,202,31,30,214
S01008668,All people aged 16 and over,593,311,247,44,20,282
S01008668,No qualifications,34,14,11,2,1,20
S01008668,Level 1,58,29,19,5,5,29
S01008668,Level 2,150,53,44,7,2,97
S01008668,Level 3,26,18,9,7,2,8
S01008668,Level 4 and above,325,197,164,23,10,128
S01008669,All people aged 16 and over,544,206,168,9,29,338
S01008669,No qualifications,12,4,2,1,1,8
S01008669,Level 1,43,14,10,0,4,29
S01008669,Level 2,312,89,70,3,16,223
S01008669,Level 3,22,16,11,2,3,6
S01008669,Level 4 and above,155,83,75,3,5,72
S01008670,All people aged 16 and over,844,342,265,31,46,502
S01008670,No qualifications,36,7,6,1,0,29
S01008670,Level 1,93,34,19,8,7,59
S01008670,Level 2,392,119,86,7,26,273
S01008670,Level 3,49,29,23,3,3,20
S01008670,Level 4 and above,274,153,131,12,10,121
S01008671,All people aged 16 and over,738,326,260,27,39,412
S01008671,No qualifications,46,13,10,2,1,33
S01008671,Level 1,57,22,16,3,3,35
S01008671,Level 2,330,100,80,6,14,230
S01008671,Level 3,31,11,7,0,4,20
S01008671,Level 4 and above,274,180,147,16,17,94
S01008672,All people aged 16 and over,654,308,259,22,27,346
S01008672,No qualifications,55,16,14,1,1,39
S01008672,Level 1,68,18,16,2,0,50
S01008672,Level 2,202,64,49,1,14,138
S01008672,Level 3,29,18,11,5,2,11
S01008672,Level 4 and above,300,192,169,13,10,108
S01008673,All people aged 16 and over,990,472,349,72,51,518
S01008673,No qualifications,57,15,11,2,2,42
S01008673,Level 1,97,47,35,6,6,50
S01008673,Level 2,268,79,54,5,20,189
S01008673,Level 3,54,29,25,4,0,25
S01008673,Level 4 and above,514,302,224,55,23,212
S01008674,All people aged 16 and over,929,448,338,52,58,481
S01008674,No qualifications,64,25,19,1,5,39
S01008674,Level 1,72,37,29,5,3,35
S01008674,Level 2,247,92,71,6,15,155
S01008674,Level 3,58,38,30,6,2,20
S01008674,Level 4 and above,488,256,189,34,33,232
S01008675,All people aged 16 and over,691,421,322,56,43,270
S01008675,No qualifications,72,21,14,1,6,51
S01008675,Level 1,75,37,26,7,4,38
S01008675,Level 2,102,54,38,6,10,48
S01008675,Level 3,49,32,26,5,1,17
S01008675,Level 4 and above,393,277,218,37,22,116
S01008676,All people aged 16 and over,739,468,359,77,32,271
S01008676,No qualifications,32,13,7,1,5,19
S01008676,Level 1,73,41,28,8,5,32
S01008676,Level 2,163,72,60,7,5,91
S01008676,Level 3,48,32,22,3,7,16
S01008676,Level 4 and above,423,310,242,58,10,113
S01008677,All people aged 16 and over,791,486,378,62,46,305
S01008677,No qualifications,66,31,25,2,4,35
S01008677,Level 1,71,45,30,5,10,26
S01008677,Level 2,173,89,71,4,14,84
S01008677,Level 3,48,38,29,5,4,10
S01008677,Level 4 and above,433,283,223,46,14,150
S01008678,All people aged 16 and over,1163,488,340,50,98,675
S01008678,No qualifications,61,15,11,1,3,46
S01008678,Level 1,130,43,30,3,10,87
S01008678,Level 2,410,166,102,13,51,244
S01008678,Level 3,64,30,26,2,2,34
S01008678,Level 4 and above,498,234,171,31,32,264
S01008679,All people aged 16 and over,1132,492,349,55,88,640
S01008679,No qualifications,136,31,23,4,4,105
S01008679,Level 1,177,72,42,9,21,105
S01008679,Level 2,365,130,90,7,33,235
S01008679,Level 3,91,46,31,6,9,45
S01008679,Level 4 and above,363,213,163,29,21,150
S01008680,All people aged 16 and over,600,302,235,23,44,298
S01008680,No qualifications,58,23,17,4,2,35
S01008680,Level 1,75,28,22,0,6,47
S01008680,Level 2,172,72,51,5,16,100
S01008680,Level 3,34,23,12,5,6,11
S01008680,Level 4 and above,261,156,133,9,14,105
S01008681,All people aged 16 and over,933,384,300,31,53,549
S01008681,No qualifications,134,23,18,2,3,111
S01008681,Level 1,114,44,29,5,10,70
S01008681,Level 2,311,74,55,2,17,237
S01008681,Level 3,42,26,21,3,2,16
S01008681,Level 4 and above,332,217,177,19,21,115
S01008682,All people aged 16 and over,717,417,331,44,42,300
S01008682,No qualifications,81,25,19,3,3,56
S01008682,Level 1,104,62,43,7,12,42
S01008682,Level 2,130,44,31,4,9,86
S01008682,Level 3,30,26,20,5,1,4
S01008682,Level 4 and above,372,260,218,25,17,112
S01008683,All people aged 16 and over,1370,510,360,49,101,860
S01008683,No qualifications,231,67,48,2,17,164
S01008683,Level 1,218,99,61,10,28,119
S01008683,Level 2,193,75,49,6,20,118
S01008683,Level 3,90,55,43,2,10,35
S01008683,Level 4 and above,638,214,159,29,26,424
S01008684,All people aged 16 and over,862,483,353,49,81,379
S01008684,No qualifications,182,75,58,3,14,107
S01008684,Level 1,165,91,60,9,22,74
S01008684,Level 2,130,71,50,3,18,59
S01008684,Level 3,62,36,31,0,5,26
S01008684,Level 4 and above,323,210,154,34,22,113
S01008685,All people aged 16 and over,975,522,390,50,82,453
S01008685,No qualifications,153,48,31,4,13,105
S01008685,Level 1,180,78,51,10,17,102
S01008685,Level 2,201,91,64,7,20,110
S01008685,Level 3,70,47,35,5,7,23
S01008685,Level 4 and above,371,258,209,24,25,113
S01008686,All people aged 16 and over,878,490,383,59,48,388
S01008686,No qualifications,219,45,31,7,7,174
S01008686,Level 1,143,82,61,8,13,61
S01008686,Level 2,130,74,61,6,7,56
S01008686,Level 3,74,56,44,10,2,18
S01008686,Level 4 and above,312,233,186,28,19,79
S01008687,All people aged 16 and over,621,473,412,36,25,148
S01008687,No qualifications,49,20,17,1,2,29
S01008687,Level 1,65,50,39,6,5,15
S01008687,Level 2,76,47,37,3,7,29
S01008687,Level 3,50,31,27,3,1,19
S01008687,Level 4 and above,381,325,292,23,10,56
S01008688,All people aged 16 and over,811,587,473,70,44,224
S01008688,No qualifications,124,29,19,4,6,95
S01008688,Level 1,90,63,46,8,9,27
S01008688,Level 2,84,61,45,7,9,23
S01008688,Level 3,73,56,45,6,5,17
S01008688,Level 4 and above,440,378,318,45,15,62
S01008689,All people aged 16 and over,805,613,511,53,49,192
S01008689,No qualifications,105,20,16,1,3,85
S01008689,Level 1,107,75,60,3,12,32
S01008689,Level 2,110,87,70,5,12,23
S01008689,Level 3,61,50,43,6,1,11
S01008689,Level 4 and above,422,381,322,38,21,41
S01008690,All people aged 16 and over,910,713,590,83,40,197
S01008690,No qualifications,113,36,28,3,5,77
S01008690,Level 1,123,93,75,13,5,30
S01008690,Level 2,77,66,53,5,8,11
S01008690,Level 3,76,64,48,11,5,12
S01008690,Level 4 and above,521,454,386,51,17,67
S01008691,All people aged 16 and over,989,789,660,79,50,200
S01008691,No qualifications,96,43,27,7,9,53
S01008691,Level 1,116,86,71,8,7,30
S01008691,Level 2,121,89,65,10,14,32
S01008691,Level 3,107,96,85,6,5,11
S01008691,Level 4 and above,549,475,412,48,15,74
S01008692,All people aged 16 and over,656,464,389,34,41,192
S01008692,No qualifications,120,31,26,2,3,89
S01008692,Level 1,115,77,59,6,12,38
S01008692,Level 2,79,67,57,2,8,12
S01008692,Level 3,38,33,29,1,3,5
S01008692,Level 4 and above,304,256,218,23,15,48
S01008693,All people aged 16 and over,422,249,200,40,9,173
S01008693,No qualifications,128,36,27,8,1,92
S01008693,Level 1,121,85,68,12,5,36
S01008693,Level 2,54,39,32,6,1,15
S01008693,Level 3,33,20,19,1,0,13
S01008693,Level 4 and above,86,69,54,13,2,17
S01008694,All people aged 16 and over,898,722,620,57,45,176
S01008694,No qualifications,107,50,40,3,7,57
S01008694,Level 1,126,97,81,8,8,29
S01008694,Level 2,97,78,66,5,7,19
S01008694,Level 3,87,80,66,4,10,7
S01008694,Level 4 and above,481,417,367,37,13,64
S01008695,All people aged 16 and over,578,436,372,34,30,142
S01008695,No qualifications,74,19,14,4,1,55
S01008695,Level 1,70,47,36,5,6,23
S01008695,Level 2,74,57,48,3,6,17
S01008695,Level 3,58,48,41,2,5,10
S01008695,Level 4 and above,302,265,233,20,12,37
S01008696,All people aged 16 and over,550,392,319,52,21,158
S01008696,No qualifications,72,23,15,6,2,49
S01008696,Level 1,99,63,45,12,6,36
S01008696,Level 2,72,47,38,5,4,25
S01008696,Level 3,58,48,41,4,3,10
S01008696,Level 4 and above,249,211,180,25,6,38
S01008697,All people aged 16 and over,907,555,461,75,19,352
S01008697,No qualifications,123,37,23,13,1,86
S01008697,Level 1,168,91,78,10,3,77
S01008697,Level 2,161,101,79,12,10,60
S01008697,Level 3,65,44,37,6,1,21
S01008697,Level 4 and above,390,282,244,34,4,108
S01008698,All people aged 16 and over,420,273,218,41,14,147
S01008698,No qualifications,52,25,18,5,2,27
S01008698,Level 1,95,56,40,13,3,39
S01008698,Level 2,71,41,34,5,2,30
S01008698,Level 3,40,30,27,1,2,10
S01008698,Level 4 and above,162,121,99,17,5,41
S01008699,All people aged 16 and over,762,433,362,36,35,329
S01008699,No qualifications,241,62,48,9,5,179
S01008699,Level 1,185,113,89,6,18,72
S01008699,Level 2,97,70,60,5,5,27
S01008699,Level 3,52,37,34,2,1,15
S01008699,Level 4 and above,187,151,131,14,6,36
S01008700,All people aged 16 and over,469,256,187,52,17,213
S01008700,No qualifications,78,21,6,11,4,57
S01008700,Level 1,78,37,32,5,0,41
S01008700,Level 2,56,28,19,5,4,28
S01008700,Level 3,31,21,18,2,1,10
S01008700,Level 4 and above,226,149,112,29,8,77
S01008701,All people aged 16 and over,304,196,147,10,39,108
S01008701,No qualifications,113,53,41,2,10,60
S01008701,Level 1,87,59,36,1,22,28
S01008701,Level 2,20,16,15,0,1,4
S01008701,Level 3,20,14,12,0,2,6
S01008701,Level 4 and above,64,54,43,7,4,10
S01008702,All people aged 16 and over,496,353,294,25,34,143
S01008702,No qualifications,83,41,20,6,15,42
S01008702,Level 1,107,73,62,3,8,34
S01008702,Level 2,84,52,45,2,5,32
S01008702,Level 3,40,39,37,1,1,1
S01008702,Level 4 and above,182,148,130,13,5,34
S01008703,All people aged 16 and over,757,426,322,37,67,331
S01008703,No qualifications,291,108,69,8,31,183
S01008703,Level 1,191,118,80,12,26,73
S01008703,Level 2,69,51,46,1,4,18
S01008703,Level 3,51,36,34,2,0,15
S01008703,Level 4 and above,155,113,93,14,6,42
S01008704,All people aged 16 and over,535,303,238,30,35,232
S01008704,No qualifications,186,60,46,8,6,126
S01008704,Level 1,141,90,63,10,17,51
S01008704,Level 2,45,28,22,3,3,17
S01008704,Level 3,36,30,26,1,3,6
S01008704,Level 4 and above,127,95,81,8,6,32
S01008705,All people aged 16 and over,395,215,178,20,17,180
S01008705,No qualifications,157,47,41,5,1,110
S01008705,Level 1,91,67,53,7,7,24
S01008705,Level 2,37,19,17,2,0,18
S01008705,Level 3,23,18,16,0,2,5
S01008705,Level 4 and above,87,64,51,6,7,23
S01008706,All people aged 16 and over,404,254,189,21,44,150
S01008706,No qualifications,153,51,34,3,14,102
S01008706,Level 1,122,89,61,8,20,33
S01008706,Level 2,34,29,23,0,6,5
S01008706,Level 3,34,30,22,5,3,4
S01008706,Level 4 and above,61,55,49,5,1,6
S01008707,All people aged 16 and over,604,325,244,27,54,279
S01008707,No qualifications,242,98,67,9,22,144
S01008707,Level 1,188,100,76,3,21,88
S01008707,Level 2,63,43,33,3,7,20
S01008707,Level 3,32,22,19,1,2,10
S01008707,Level 4 and above,79,62,49,11,2,17
S01008708,All people aged 16 and over,733,374,271,22,81,359
S01008708,No qualifications,294,101,66,8,27,193
S01008708,Level 1,222,141,109,6,26,81
S01008708,Level 2,66,35,20,1,14,31
S01008708,Level 3,55,28,18,3,7,27
S01008708,Level 4 and above,96,69,58,4,7,27
S01008709,All people aged 16 and over,546,320,261,23,36,226
S01008709,No qualifications,238,98,79,6,13,140
S01008709,Level 1,163,107,86,9,12,56
S01008709,Level 2,61,51,39,7,5,10
S01008709,Level 3,19,16,15,1,0,3
S01008709,Level 4 and above,65,48,42,0,6,17
S01008710,All people aged 16 and over,365,222,168,18,36,143
S01008710,No qualifications,114,43,32,4,7,71
S01008710,Level 1,106,77,49,7,21,29
S01008710,Level 2,42,29,25,0,4,13
S01008710,Level 3,26,16,14,1,1,10
S01008710,Level 4 and above,77,57,48,6,3,20
S01008711,All people aged 16 and over,570,305,259,18,28,265
S01008711,No qualifications,262,88,82,5,1,174
S01008711,Level 1,143,94,77,5,12,49
S01008711,Level 2,44,31,25,1,5,13
S01008711,Level 3,36,26,20,1,5,10
S01008711,Level 4 and above,85,66,55,6,5,19
S01008712,All people aged 16 and over,928,385,281,30,74,543
S01008712,No qualifications,481,132,102,8,22,349
S01008712,Level 1,224,129,85,8,36,95
S01008712,Level 2,60,28,21,1,6,32
S01008712,Level 3,59,45,36,5,4,14
S01008712,Level 4 and above,104,51,37,8,6,53
S01008713,All people aged 16 and over,470,295,223,26,46,175
S01008713,No qualifications,179,79,50,10,19,100
S01008713,Level 1,171,121,96,8,17,50
S01008713,Level 2,54,45,35,4,6,9
S01008713,Level 3,39,30,24,3,3,9
S01008713,Level 4 and above,27,20,18,1,1,7
S01008714,All people aged 16 and over,485,267,204,22,41,218
S01008714,No qualifications,177,55,43,2,10,122
S01008714,Level 1,125,77,56,7,14,48
S01008714,Level 2,61,51,38,1,12,10
S01008714,Level 3,40,28,25,1,2,12
S01008714,Level 4 and above,82,56,42,11,3,26
S01008715,All people aged 16 and over,648,346,289,27,30,302
S01008715,No qualifications,281,86,72,5,9,195
S01008715,Level 1,192,133,109,11,13,59
S01008715,Level 2,65,45,36,5,4,20
S01008715,Level 3,35,24,19,2,3,11
S01008715,Level 4 and above,75,58,53,4,1,17
S01008716,All people aged 16 and over,468,241,194,27,20,227
S01008716,No qualifications,209,51,43,5,3,158
S01008716,Level 1,110,75,59,6,10,35
S01008716,Level 2,67,48,38,8,2,19
S01008716,Level 3,23,20,17,1,2,3
S01008716,Level 4 and above,59,47,37,7,3,12
S01008717,All people aged 16 and over,339,245,204,24,17,94
S01008717,No qualifications,70,33,26,6,1,37
S01008717,Level 1,122,92,75,9,8,30
S01008717,Level 2,57,49,43,4,2,8
S01008717,Level 3,25,19,13,4,2,6
S01008717,Level 4 and above,65,52,47,1,4,13
S01008718,All people aged 16 and over,429,293,239,36,18,136
S01008718,No qualifications,116,54,40,7,7,62
S01008718,Level 1,159,115,88,19,8,44
S01008718,Level 2,46,34,32,1,1,12
S01008718,Level 3,35,28,24,4,0,7
S01008718,Level 4 and above,73,62,55,5,2,11
S01008719,All people aged 16 and over,783,547,421,88,38,236
S01008719,No qualifications,210,98,63,26,9,112
S01008719,Level 1,265,201,148,36,17,64
S01008719,Level 2,104,79,64,8,7,25
S01008719,Level 3,59,52,46,6,0,7
S01008719,Level 4 and above,145,117,100,12,5,28
S01008720,All people aged 16 and over,443,274,210,37,27,169
S01008720,No qualifications,151,59,37,13,9,92
S01008720,Level 1,115,89,71,10,8,26
S01008720,Level 2,63,40,34,2,4,23
S01008720,Level 3,27,20,17,3,0,7
S01008720,Level 4 and above,87,66,51,9,6,21
S01008721,All people aged 16 and over,641,506,426,69,11,135
S01008721,No qualifications,96,49,35,14,0,47
S01008721,Level 1,189,152,122,25,5,37
S01008721,Level 2,113,92,80,8,4,21
S01008721,Level 3,74,64,61,3,0,10
S01008721,Level 4 and above,169,149,128,19,2,20
S01008722,All people aged 16 and over,903,470,364,84,22,433
S01008722,No qualifications,216,39,30,8,1,177
S01008722,Level 1,162,80,61,14,5,82
S01008722,Level 2,139,94,66,21,7,45
S01008722,Level 3,59,38,31,5,2,21
S01008722,Level 4 and above,327,219,176,36,7,108
S01008723,All people aged 16 and over,581,392,322,54,16,189
S01008723,No qualifications,86,28,19,8,1,58
S01008723,Level 1,143,99,80,14,5,44
S01008723,Level 2,118,80,71,6,3,38
S01008723,Level 3,68,49,42,4,3,19
S01008723,Level 4 and above,166,136,110,22,4,30
S01008724,All people aged 16 and over,780,460,353,91,16,320
S01008724,No qualifications,155,35,25,6,4,120
S01008724,Level 1,119,65,47,15,3,54
S01008724,Level 2,112,71,48,21,2,41
S01008724,Level 3,54,37,28,9,0,17
S01008724,Level 4 and above,340,252,205,40,7,88
S01008725,All people aged 16 and over,614,420,321,72,27,194
S01008725,No qualifications,112,40,26,10,4,72
S01008725,Level 1,97,61,42,12,7,36
S01008725,Level 2,75,55,41,10,4,20
S01008725,Level 3,52,40,34,5,1,12
S01008725,Level 4 and above,278,224,178,35,11,54
S01008726,All people aged 16 and over,452,315,242,64,9,137
S01008726,No qualifications,30,11,5,6,0,19
S01008726,Level 1,60,31,22,9,0,29
S01008726,Level 2,61,44,36,5,3,17
S01008726,Level 3,29,22,20,2,0,7
S01008726,Level 4 and above,272,207,159,42,6,65
S01008727,All people aged 16 and over,910,538,422,95,21,372
S01008727,No qualifications,131,34,26,7,1,97
S01008727,Level 1,123,60,43,13,4,63
S01008727,Level 2,118,71,53,10,8,47
S01008727,Level 3,70,48,41,4,3,22
S01008727,Level 4 and above,468,325,259,61,5,143
S01008728,All people aged 16 and over,400,252,195,36,21,148
S01008728,No qualifications,107,31,26,1,4,76
S01008728,Level 1,93,60,46,6,8,33
S01008728,Level 2,39,25,20,5,0,14
S01008728,Level 3,29,21,14,2,5,8
S01008728,Level 4 and above,132,115,89,22,4,17
S01008729,All people aged 16 and over,551,373,283,77,13,178
S01008729,No qualifications,62,9,8,1,0,53
S01008729,Level 1,76,41,29,7,5,35
S01008729,Level 2,82,59,43,13,3,23
S01008729,Level 3,24,19,15,3,1,5
S01008729,Level 4 and above,307,245,188,53,4,62
S01008730,All people aged 16 and over,649,494,398,56,40,155
S01008730,No qualifications,99,29,18,4,7,70
S01008730,Level 1,104,79,54,9,16,25
S01008730,Level 2,69,61,50,8,3,8
S01008730,Level 3,49,40,32,5,3,9
S01008730,Level 4 and above,328,285,244,30,11,43
S01008731,All people aged 16 and over,386,199,159,21,19,187
S01008731,No qualifications,153,29,20,7,2,124
S01008731,Level 1,76,55,45,3,7,21
S01008731,Level 2,32,18,17,0,1,14
S01008731,Level 3,23,15,11,1,3,8
S01008731,Level 4 and above,102,82,66,10,6,20
S01008732,All people aged 16 and over,503,317,241,43,33,186
S01008732,No qualifications,115,29,18,6,5,86
S01008732,Level 1,122,78,56,9,13,44
S01008732,Level 2,80,56,45,5,6,24
S01008732,Level 3,42,26,20,3,3,16
S01008732,Level 4 and above,144,128,102,20,6,16
S01008733,All people aged 16 and over,716,536,470,43,23,180
S01008733,No qualifications,167,67,56,11,0,100
S01008733,Level 1,129,98,84,6,8,31
S01008733,Level 2,85,77,69,3,5,8
S01008733,Level 3,80,70,61,3,6,10
S01008733,Level 4 and above,255,224,200,20,4,31
S01008734,All people aged 16 and over,467,286,231,43,12,181
S01008734,No qualifications,89,16,13,2,1,73
S01008734,Level 1,83,48,36,10,2,35
S01008734,Level 2,75,47,41,4,2,28
S01008734,Level 3,37,30,23,4,3,7
S01008734,Level 4 and above,183,145,118,23,4,38
S01008735,All people aged 16 and over,806,469,354,94,21,337
S01008735,No qualifications,127,38,23,14,1,89
S01008735,Level 1,148,83,56,21,6,65
S01008735,Level 2,150,93,75,13,5,57
S01008735,Level 3,57,36,28,4,4,21
S01008735,Level 4 and above,324,219,172,42,5,105
S01008736,All people aged 16 and over,606,340,279,43,18,266
S01008736,No qualifications,133,34,27,2,5,99
S01008736,Level 1,144,78,58,13,7,66
S01008736,Level 2,117,69,58,10,1,48
S01008736,Level 3,39,30,26,3,1,9
S01008736,Level 4 and above,173,129,110,15,4,44
S01008737,All people aged 16 and over,674,391,322,54,15,283
S01008737,No qualifications,124,34,24,8,2,90
S01008737,Level 1,168,94,75,16,3,74
S01008737,Level 2,122,75,62,8,5,47
S01008737,Level 3,59,43,36,6,1,16
S01008737,Level 4 and above,201,145,125,16,4,56
S01008738,All people aged 16 and over,648,350,279,57,14,298
S01008738,No qualifications,124,34,19,12,3,90
S01008738,Level 1,136,61,42,14,5,75
S01008738,Level 2,117,80,67,10,3,37
S01008738,Level 3,64,38,35,2,1,26
S01008738,Level 4 and above,207,137,116,19,2,70
S01008739,All people aged 16 and over,471,303,250,39,14,168
S01008739,No qualifications,93,36,27,7,2,57
S01008739,Level 1,151,99,75,17,7,52
S01008739,Level 2,97,72,65,3,4,25
S01008739,Level 3,45,36,32,4,0,9
S01008739,Level 4 and above,85,60,51,8,1,25
S01008740,All people aged 16 and over,465,279,238,33,8,186
S01008740,No qualifications,98,36,26,10,0,62
S01008740,Level 1,148,93,80,8,5,55
S01008740,Level 2,83,52,46,4,2,31
S01008740,Level 3,41,31,26,5,0,10
S01008740,Level 4 and above,95,67,60,6,1,28
S01008741,All people aged 16 and over,792,473,390,58,25,319
S01008741,No qualifications,194,56,37,16,3,138
S01008741,Level 1,236,144,121,11,12,92
S01008741,Level 2,130,98,87,7,4,32
S01008741,Level 3,70,54,46,5,3,16
S01008741,Level 4 and above,162,121,99,19,3,41
S01008742,All people aged 16 and over,446,225,189,29,7,221
S01008742,No qualifications,138,28,22,4,2,110
S01008742,Level 1,130,71,59,10,2,59
S01008742,Level 2,46,33,29,3,1,13
S01008742,Level 3,34,22,20,2,0,12
S01008742,Level 4 and above,98,71,59,10,2,27
S01008743,All people aged 16 and over,773,481,392,41,48,292
S01008743,No qualifications,221,57,34,9,14,164
S01008743,Level 1,208,145,118,10,17,63
S01008743,Level 2,127,99,82,7,10,28
S01008743,Level 3,49,41,38,1,2,8
S01008743,Level 4 and above,168,139,120,14,5,29
S01008744,All people aged 16 and over,881,532,449,42,41,349
S01008744,No qualifications,259,72,55,6,11,187
S01008744,Level 1,229,154,125,12,17,75
S01008744,Level 2,114,82,69,8,5,32
S01008744,Level 3,84,67,59,3,5,17
S01008744,Level 4 and above,195,157,141,13,3,38
S01008745,All people aged 16 and over,402,259,218,26,15,143
S01008745,No qualifications,79,18,14,2,2,61
S01008745,Level 1,78,45,40,3,2,33
S01008745,Level 2,57,47,40,3,4,10
S01008745,Level 3,32,29,25,2,2,3
S01008745,Level 4 and above,156,120,99,16,5,36
S01008746,All people aged 16 and over,895,555,450,35,70,340
S01008746,No qualifications,259,95,73,3,19,164
S01008746,Level 1,221,128,90,14,24,93
S01008746,Level 2,96,70,61,4,5,26
S01008746,Level 3,70,50,39,5,6,20
S01008746,Level 4 and above,249,212,187,9,16,37
S01008747,All people aged 16 and over,421,246,192,44,10,175
S01008747,No qualifications,80,18,9,8,1,62
S01008747,Level 1,121,61,46,12,3,60
S01008747,Level 2,52,38,29,5,4,14
S01008747,Level 3,36,24,21,3,0,12
S01008747,Level 4 and above,132,105,87,16,2,27
S01008748,All people aged 16 and over,567,327,270,42,15,240
S01008748,No qualifications,111,31,22,5,4,80
S01008748,Level 1,159,85,65,17,3,74
S01008748,Level 2,83,55,45,5,5,28
S01008748,Level 3,50,30,28,2,0,20
S01008748,Level 4 and above,164,126,110,13,3,38
S01008749,All people aged 16 and over,841,494,390,79,25,347
S01008749,No qualifications,195,67,40,25,2,128
S01008749,Level 1,225,124,88,23,13,101
S01008749,Level 2,134,97,81,9,7,37
S01008749,Level 3,77,48,44,3,1,29
S01008749,Level 4 and above,210,158,137,19,2,52
S01008750,All people aged 16 and over,611,343,278,46,19,268
S01008750,No qualifications,137,34,22,11,1,103
S01008750,Level 1,155,95,76,11,8,60
S01008750,Level 2,112,77,62,9,6,35
S01008750,Level 3,51,31,26,4,1,20
S01008750,Level 4 and above,156,106,92,11,3,50
S01008751,All people aged 16 and over,504,289,230,36,23,215
S01008751,No qualifications,159,36,26,6,4,123
S01008751,Level 1,145,86,65,14,7,59
S01008751,Level 2,60,50,38,6,6,10
S01008751,Level 3,36,30,25,2,3,6
S01008751,Level 4 and above,104,87,76,8,3,17
S01008752,All people aged 16 and over,664,354,283,22,49,310
S01008752,No qualifications,272,73,55,2,16,199
S01008752,Level 1,177,115,81,9,25,62
S01008752,Level 2,76,52,47,3,2,24
S01008752,Level 3,42,38,30,3,5,4
S01008752,Level 4 and above,97,76,70,5,1,21
S01008753,All people aged 16 and over,458,260,212,18,30,198
S01008753,No qualifications,179,58,43,4,11,121
S01008753,Level 1,136,91,69,7,15,45
S01008753,Level 2,50,35,31,2,2,15
S01008753,Level 3,17,13,12,1,0,4
S01008753,Level 4 and above,76,63,57,4,2,13
S01008754,All people aged 16 and over,543,378,327,28,23,165
S01008754,No qualifications,144,50,43,2,5,94
S01008754,Level 1,143,101,77,14,10,42
S01008754,Level 2,64,53,47,2,4,11
S01008754,Level 3,39,37,36,1,0,2
S01008754,Level 4 and above,153,137,124,9,4,16
S01008755,All people aged 16 and over,815,563,466,42,55,252
S01008755,No qualifications,241,97,67,9,21,144
S01008755,Level 1,224,165,128,14,23,59
S01008755,Level 2,83,67,62,2,3,16
S01008755,Level 3,68,62,55,4,3,6
S01008755,Level 4 and above,199,172,154,13,5,27
S01008756,All people aged 16 and over,624,384,307,31,46,240
S01008756,No qualifications,240,82,63,3,16,158
S01008756,Level 1,148,107,82,7,18,41
S01008756,Level 2,55,42,33,5,4,13
S01008756,Level 3,47,40,32,2,6,7
S01008756,Level 4 and above,134,113,97,14,2,21
S01008757,All people aged 16 and over,539,257,190,17,50,282
S01008757,No qualifications,264,71,50,5,16,193
S01008757,Level 1,138,85,66,5,14,53
S01008757,Level 2,45,31,18,4,9,14
S01008757,Level 3,31,25,18,1,6,6
S01008757,Level 4 and above,61,45,38,2,5,16
S01008758,All people aged 16 and over,694,385,299,43,43,309
S01008758,No qualifications,265,81,57,10,14,184
S01008758,Level 1,182,125,97,16,12,57
S01008758,Level 2,70,44,35,2,7,26
S01008758,Level 3,58,40,30,5,5,18
S01008758,Level 4 and above,119,95,80,10,5,24
S01008759,All people aged 16 and over,464,256,197,21,38,208
S01008759,No qualifications,185,61,41,9,11,124
S01008759,Level 1,139,90,70,6,14,49
S01008759,Level 2,42,31,25,2,4,11
S01008759,Level 3,38,30,23,1,6,8
S01008759,Level 4 and above,60,44,38,3,3,16
S01008760,All people aged 16 and over,763,434,345,27,62,329
S01008760,No qualifications,287,116,90,6,20,171
S01008760,Level 1,237,144,110,7,27,93
S01008760,Level 2,80,54,42,4,8,26
S01008760,Level 3,56,43,36,4,3,13
S01008760,Level 4 and above,103,77,67,6,4,26
S01008761,All people aged 16 and over,599,438,368,51,19,161
S01008761,No qualifications,151,58,47,10,1,93
S01008761,Level 1,126,101,80,12,9,25
S01008761,Level 2,86,71,65,4,2,15
S01008761,Level 3,68,59,49,8,2,9
S01008761,Level 4 and above,168,149,127,17,5,19
S01008762,All people aged 16 and over,527,336,289,33,14,191
S01008762,No qualifications,166,51,43,6,2,115
S01008762,Level 1,141,104,82,14,8,37
S01008762,Level 2,72,55,50,5,0,17
S01008762,Level 3,31,23,22,0,1,8
S01008762,Level 4 and above,117,103,92,8,3,14
S01008763,All people aged 16 and over,766,606,520,63,23,160
S01008763,No qualifications,121,42,35,6,1,79
S01008763,Level 1,147,111,90,14,7,36
S01008763,Level 2,106,95,89,2,4,11
S01008763,Level 3,52,45,33,8,4,7
S01008763,Level 4 and above,340,313,273,33,7,27
S01008764,All people aged 16 and over,586,429,356,51,22,157
S01008764,No qualifications,107,32,22,6,4,75
S01008764,Level 1,125,96,72,13,11,29
S01008764,Level 2,67,49,40,9,0,18
S01008764,Level 3,44,36,27,6,3,8
S01008764,Level 4 and above,243,216,195,17,4,27
S01008765,All people aged 16 and over,688,526,421,76,29,162
S01008765,No qualifications,92,33,23,5,5,59
S01008765,Level 1,131,100,79,11,10,31
S01008765,Level 2,85,70,57,9,4,15
S01008765,Level 3,76,57,46,7,4,19
S01008765,Level 4 and above,304,266,216,44,6,38
S01008766,All people aged 16 and over,863,552,428,100,24,311
S01008766,No qualifications,195,64,42,20,2,131
S01008766,Level 1,195,115,95,15,5,80
S01008766,Level 2,136,101,78,15,8,35
S01008766,Level 3,68,51,36,12,3,17
S01008766,Level 4 and above,269,221,177,38,6,48
S01008767,All people aged 16 and over,462,306,250,35,21,156
S01008767,No qualifications,85,32,25,5,2,53
S01008767,Level 1,133,92,77,9,6,41
S01008767,Level 2,76,58,49,5,4,18
S01008767,Level 3,48,31,23,4,4,17
S01008767,Level 4 and above,120,93,76,12,5,27
S01008768,All people aged 16 and over,453,280,234,32,14,173
S01008768,No qualifications,131,34,27,4,3,97
S01008768,Level 1,81,47,40,6,1,34
S01008768,Level 2,40,30,25,2,3,10
S01008768,Level 3,56,43,40,1,2,13
S01008768,Level 4 and above,145,126,102,19,5,19
S01008769,All people aged 16 and over,621,545,456,65,24,76
S01008769,No qualifications,18,10,7,1,2,8
S01008769,Level 1,68,53,45,6,2,15
S01008769,Level 2,76,65,51,11,3,11
S01008769,Level 3,65,53,42,6,5,12
S01008769,Level 4 and above,394,364,311,41,12,30
S01008770,All people aged 16 and over,725,594,492,75,27,131
S01008770,No qualifications,38,22,13,7,2,16
S01008770,Level 1,86,65,55,6,4,21
S01008770,Level 2,110,87,70,8,9,23
S01008770,Level 3,85,75,62,8,5,10
S01008770,Level 4 and above,406,345,292,46,7,61
S01008771,All people aged 16 and over,644,479,373,76,30,165
S01008771,No qualifications,90,30,15,5,10,60
S01008771,Level 1,86,61,45,9,7,25
S01008771,Level 2,78,58,50,5,3,20
S01008771,Level 3,64,58,46,8,4,6
S01008771,Level 4 and above,326,272,217,49,6,54
S01008772,All people aged 16 and over,669,439,355,60,24,230
S01008772,No qualifications,135,32,28,2,2,103
S01008772,Level 1,115,67,51,9,7,48
S01008772,Level 2,73,53,38,10,5,20
S01008772,Level 3,54,33,27,3,3,21
S01008772,Level 4 and above,292,254,211,36,7,38
S01008773,All people aged 16 and over,908,654,557,54,43,254
S01008773,No qualifications,167,49,36,8,5,118
S01008773,Level 1,181,122,98,12,12,59
S01008773,Level 2,121,95,85,6,4,26
S01008773,Level 3,96,78,66,2,10,18
S01008773,Level 4 and above,343,310,272,26,12,33
S01008774,All people aged 16 and over,789,565,467,54,44,224
S01008774,No qualifications,139,47,32,5,10,92
S01008774,Level 1,191,124,101,8,15,67
S01008774,Level 2,112,83,69,9,5,29
S01008774,Level 3,66,63,54,5,4,3
S01008774,Level 4 and above,281,248,211,27,10,33
S01008775,All people aged 16 and over,412,299,236,46,17,113
S01008775,No qualifications,57,15,12,2,1,42
S01008775,Level 1,80,49,32,9,8,31
S01008775,Level 2,53,41,32,6,3,12
S01008775,Level 3,22,17,12,5,0,5
S01008775,Level 4 and above,200,177,148,24,5,23
S01008776,All people aged 16 and over,755,487,374,47,66,268
S01008776,No qualifications,144,32,26,3,3,112
S01008776,Level 1,149,80,53,6,21,69
S01008776,Level 2,94,63,42,7,14,31
S01008776,Level 3,69,57,47,4,6,12
S01008776,Level 4 and above,299,255,206,27,22,44
S01008777,All people aged 16 and over,949,564,443,51,70,385
S01008777,No qualifications,310,93,75,3,15,217
S01008777,Level 1,195,115,82,9,24,80
S01008777,Level 2,88,58,43,5,10,30
S01008777,Level 3,78,65,50,6,9,13
S01008777,Level 4 and above,278,233,193,28,12,45
S01008778,All people aged 16 and over,999,837,680,107,50,162
S01008778,No qualifications,84,32,24,4,4,52
S01008778,Level 1,146,110,91,10,9,36
S01008778,Level 2,128,108,85,15,8,20
S01008778,Level 3,94,82,66,9,7,12
S01008778,Level 4 and above,547,505,414,69,22,42
S01008779,All people aged 16 and over,662,578,479,71,28,84
S01008779,No qualifications,42,25,13,8,4,17
S01008779,Level 1,80,63,46,12,5,17
S01008779,Level 2,78,69,54,6,9,9
S01008779,Level 3,67,64,55,7,2,3
S01008779,Level 4 and above,395,357,311,38,8,38
S01008780,All people aged 16 and over,529,437,366,54,17,92
S01008780,No qualifications,37,13,9,3,1,24
S01008780,Level 1,77,58,47,7,4,19
S01008780,Level 2,74,56,47,6,3,18
S01008780,Level 3,64,60,51,9,0,4
S01008780,Level 4 and above,277,250,212,29,9,27
S01008781,All people aged 16 and over,787,669,573,45,51,118
S01008781,No qualifications,93,46,32,4,10,47
S01008781,Level 1,143,111,90,8,13,32
S01008781,Level 2,98,88,74,3,11,10
S01008781,Level 3,83,72,63,4,5,11
S01008781,Level 4 and above,370,352,314,26,12,18
S01008782,All people aged 16 and over,697,543,447,64,32,154
S01008782,No qualifications,103,22,17,3,2,81
S01008782,Level 1,79,63,42,11,10,16
S01008782,Level 2,81,70,60,9,1,11
S01008782,Level 3,75,60,44,7,9,15
S01008782,Level 4 and above,359,328,284,34,10,31
S01008783,All people aged 16 and over,366,317,265,43,9,49
S01008783,No qualifications,24,13,13,0,0,11
S01008783,Level 1,65,56,43,9,4,9
S01008783,Level 2,56,45,38,7,0,11
S01008783,Level 3,24,21,20,1,0,3
S01008783,Level 4 and above,197,182,151,26,5,15
S01008784,All people aged 16 and over,395,342,285,37,20,53
S01008784,No qualifications,37,20,15,2,3,17
S01008784,Level 1,69,54,41,8,5,15
S01008784,Level 2,43,38,34,2,2,5
S01008784,Level 3,35,34,31,2,1,1
S01008784,Level 4 and above,211,196,164,23,9,15
S01008785,All people aged 16 and over,732,452,350,45,57,280
S01008785,No qualifications,221,70,47,6,17,151
S01008785,Level 1,154,89,66,6,17,65
S01008785,Level 2,62,48,41,6,1,14
S01008785,Level 3,54,44,33,3,8,10
S01008785,Level 4 and above,241,201,163,24,14,40
S01008786,All people aged 16 and over,857,684,559,66,59,173
S01008786,No qualifications,97,30,16,2,12,67
S01008786,Level 1,136,97,76,5,16,39
S01008786,Level 2,89,79,65,4,10,10
S01008786,Level 3,83,68,55,8,5,15
S01008786,Level 4 and above,452,410,347,47,16,42
S01008787,All people aged 16 and over,280,151,111,12,28,129
S01008787,No qualifications,103,39,29,3,7,64
S01008787,Level 1,71,43,29,1,13,28
S01008787,Level 2,21,15,11,0,4,6
S01008787,Level 3,31,22,17,3,2,9
S01008787,Level 4 and above,54,32,25,5,2,22
S01008788,All people aged 16 and over,614,513,434,53,26,101
S01008788,No qualifications,58,25,17,4,4,33
S01008788,Level 1,91,68,62,2,4,23
S01008788,Level 2,72,62,49,4,9,10
S01008788,Level 3,56,45,40,5,0,11
S01008788,Level 4 and above,337,313,266,38,9,24
S01008789,All people aged 16 and over,582,303,254,30,19,279
S01008789,No qualifications,192,28,24,3,1,164
S01008789,Level 1,127,69,57,4,8,58
S01008789,Level 2,64,41,36,2,3,23
S01008789,Level 3,35,28,28,0,0,7
S01008789,Level 4 and above,164,137,109,21,7,27
S01008790,All people aged 16 and over,576,421,323,41,57,155
S01008790,No qualifications,108,41,24,7,10,67
S01008790,Level 1,98,67,47,6,14,31
S01008790,Level 2,75,60,49,6,5,15
S01008790,Level 3,66,53,44,6,3,13
S01008790,Level 4 and above,229,200,159,16,25,29
S01008791,All people aged 16 and over,779,608,510,57,41,171
S01008791,No qualifications,118,51,37,6,8,67
S01008791,Level 1,135,109,85,16,8,26
S01008791,Level 2,77,55,48,4,3,22
S01008791,Level 3,89,74,58,9,7,15
S01008791,Level 4 and above,360,319,282,22,15,41
S01008792,All people aged 16 and over,685,514,422,56,36,171
S01008792,No qualifications,123,38,26,5,7,85
S01008792,Level 1,120,91,72,9,10,29
S01008792,Level 2,82,66,56,5,5,16
S01008792,Level 3,60,50,40,10,0,10
S01008792,Level 4 and above,300,269,228,27,14,31
S01008793,All people aged 16 and over,388,239,172,21,46,149
S01008793,No qualifications,104,27,16,4,7,77
S01008793,Level 1,71,45,32,4,9,26
S01008793,Level 2,40,29,18,1,10,11
S01008793,Level 3,41,34,26,1,7,7
S01008793,Level 4 and above,132,104,80,11,13,28
S01008794,All people aged 16 and over,773,468,399,33,36,305
S01008794,No qualifications,248,54,40,5,9,194
S01008794,Level 1,165,103,85,7,11,62
S01008794,Level 2,63,52,46,2,4,11
S01008794,Level 3,69,53,47,3,3,16
S01008794,Level 4 and above,228,206,181,16,9,22
S01008795,All people aged 16 and over,1000,795,667,74,54,205
S01008795,No qualifications,118,42,32,6,4,76
S01008795,Level 1,158,122,92,16,14,36
S01008795,Level 2,139,111,85,14,12,28
S01008795,Level 3,97,85,80,4,1,12
S01008795,Level 4 and above,488,435,378,34,23,53
S01008796,All people aged 16 and over,950,670,568,54,48,280
S01008796,No qualifications,226,82,67,9,6,144
S01008796,Level 1,160,113,87,7,19,47
S01008796,Level 2,104,79,67,5,7,25
S01008796,Level 3,89,70,60,7,3,19
S01008796,Level 4 and above,371,326,287,26,13,45
S01008797,All people aged 16 and over,888,660,573,44,43,228
S01008797,No qualifications,153,38,29,4,5,115
S01008797,Level 1,134,93,73,6,14,41
S01008797,Level 2,117,96,87,6,3,21
S01008797,Level 3,79,69,60,5,4,10
S01008797,Level 4 and above,405,364,324,23,17,41
S01008798,All people aged 16 and over,724,509,420,43,46,215
S01008798,No qualifications,151,51,39,3,9,100
S01008798,Level 1,102,58,49,6,3,44
S01008798,Level 2,98,71,62,3,6,27
S01008798,Level 3,64,54,39,6,9,10
S01008798,Level 4 and above,309,275,231,25,19,34
S01008799,All people aged 16 and over,565,435,373,33,29,130
S01008799,No qualifications,85,31,25,5,1,54
S01008799,Level 1,121,94,75,8,11,27
S01008799,Level 2,89,66,58,0,8,23
S01008799,Level 3,63,60,52,3,5,3
S01008799,Level 4 and above,207,184,163,17,4,23
S01008800,All people aged 16 and over,970,831,704,64,63,139
S01008800,No qualifications,82,42,28,5,9,40
S01008800,Level 1,145,116,93,11,12,29
S01008800,Level 2,127,111,99,4,8,16
S01008800,Level 3,103,92,81,7,4,11
S01008800,Level 4 and above,513,470,403,37,30,43
S01008801,All people aged 16 and over,870,706,604,49,53,164
S01008801,No qualifications,120,62,49,6,7,58
S01008801,Level 1,120,96,83,6,7,24
S01008801,Level 2,103,82,72,3,7,21
S01008801,Level 3,82,74,62,6,6,8
S01008801,Level 4 and above,445,392,338,28,26,53
S01008802,All people aged 16 and over,892,666,549,60,57,226
S01008802,No qualifications,140,57,40,12,5,83
S01008802,Level 1,156,118,89,11,18,38
S01008802,Level 2,98,70,54,12,4,28
S01008802,Level 3,102,91,76,4,11,11
S01008802,Level 4 and above,396,330,290,21,19,66
S01008803,All people aged 16 and over,862,640,510,66,64,222
S01008803,No qualifications,145,61,50,1,10,84
S01008803,Level 1,163,117,75,13,29,46
S01008803,Level 2,99,75,59,7,9,24
S01008803,Level 3,90,71,55,8,8,19
S01008803,Level 4 and above,365,316,271,37,8,49
S01008804,All people aged 16 and over,608,372,317,23,32,236
S01008804,No qualifications,145,27,21,1,5,118
S01008804,Level 1,107,79,58,8,13,28
S01008804,Level 2,53,37,30,2,5,16
S01008804,Level 3,63,47,37,4,6,16
S01008804,Level 4 and above,240,182,171,8,3,58
S01008805,All people aged 16 and over,589,441,374,31,36,148
S01008805,No qualifications,42,20,15,2,3,22
S01008805,Level 1,65,40,30,3,7,25
S01008805,Level 2,77,58,54,1,3,19
S01008805,Level 3,66,53,43,8,2,13
S01008805,Level 4 and above,339,270,232,17,21,69
S01008806,All people aged 16 and over,919,751,649,67,35,168
S01008806,No qualifications,76,35,26,7,2,41
S01008806,Level 1,121,84,70,7,7,37
S01008806,Level 2,104,87,77,4,6,17
S01008806,Level 3,74,64,52,8,4,10
S01008806,Level 4 and above,544,481,424,41,16,63
S01008807,All people aged 16 and over,742,559,471,57,31,183
S01008807,No qualifications,102,36,31,2,3,66
S01008807,Level 1,98,65,56,3,6,33
S01008807,Level 2,90,64,51,4,9,26
S01008807,Level 3,70,55,47,8,0,15
S01008807,Level 4 and above,382,339,286,40,13,43
S01008808,All people aged 16 and over,614,445,344,75,26,169
S01008808,No qualifications,105,26,18,5,3,79
S01008808,Level 1,68,42,29,11,2,26
S01008808,Level 2,75,51,33,9,9,24
S01008808,Level 3,39,35,29,3,3,4
S01008808,Level 4 and above,327,291,235,47,9,36
S01008809,All people aged 16 and over,570,402,287,90,25,168
S01008809,No qualifications,42,13,10,1,2,29
S01008809,Level 1,48,35,20,6,9,13
S01008809,Level 2,88,49,32,10,7,39
S01008809,Level 3,42,37,28,8,1,5
S01008809,Level 4 and above,350,268,197,65,6,82
S01008810,All people aged 16 and over,654,515,418,68,29,139
S01008810,No qualifications,35,10,8,2,0,25
S01008810,Level 1,68,48,30,9,9,20
S01008810,Level 2,80,53,46,4,3,27
S01008810,Level 3,41,37,29,4,4,4
S01008810,Level 4 and above,430,367,305,49,13,63
S01008811,All people aged 16 and over,794,600,478,86,36,194
S01008811,No qualifications,68,31,21,6,4,37
S01008811,Level 1,99,71,57,8,6,28
S01008811,Level 2,135,76,60,8,8,59
S01008811,Level 3,51,44,36,5,3,7
S01008811,Level 4 and above,441,378,304,59,15,63
S01008812,All people aged 16 and over,436,338,272,42,24,98
S01008812,No qualifications,31,8,5,2,1,23
S01008812,Level 1,48,33,25,3,5,15
S01008812,Level 2,53,38,30,6,2,15
S01008812,Level 3,36,26,19,1,6,10
S01008812,Level 4 and above,268,233,193,30,10,35
S01008813,All people aged 16 and over,828,592,440,74,78,236
S01008813,No qualifications,176,76,55,6,15,100
S01008813,Level 1,150,107,70,9,28,43
S01008813,Level 2,98,66,41,15,10,32
S01008813,Level 3,77,61,53,4,4,16
S01008813,Level 4 and above,327,282,221,40,21,45
S01008814,All people aged 16 and over,732,567,457,62,48,165
S01008814,No qualifications,99,42,24,12,6,57
S01008814,Level 1,109,79,64,2,13,30
S01008814,Level 2,104,80,67,6,7,24
S01008814,Level 3,49,46,37,8,1,3
S01008814,Level 4 and above,371,320,265,34,21,51
S01008815,All people aged 16 and over,806,617,518,51,48,189
S01008815,No qualifications,115,52,34,6,12,63
S01008815,Level 1,125,94,71,13,10,31
S01008815,Level 2,91,69,63,3,3,22
S01008815,Level 3,91,77,72,1,4,14
S01008815,Level 4 and above,384,325,278,28,19,59
S01008816,All people aged 16 and over,473,316,264,22,30,157
S01008816,No qualifications,87,22,12,3,7,65
S01008816,Level 1,75,42,31,2,9,33
S01008816,Level 2,69,54,48,3,3,15
S01008816,Level 3,40,32,25,3,4,8
S01008816,Level 4 and above,202,166,148,11,7,36
S01008817,All people aged 16 and over,658,492,419,40,33,166
S01008817,No qualifications,114,35,26,3,6,79
S01008817,Level 1,121,82,67,8,7,39
S01008817,Level 2,79,68,60,6,2,11
S01008817,Level 3,66,56,42,5,9,10
S01008817,Level 4 and above,278,251,224,18,9,27
S01008818,All people aged 16 and over,641,514,445,50,19,127
S01008818,No qualifications,54,23,19,3,1,31
S01008818,Level 1,139,95,77,9,9,44
S01008818,Level 2,73,57,50,4,3,16
S01008818,Level 3,61,55,45,7,3,6
S01008818,Level 4 and above,314,284,254,27,3,30
S01008819,All people aged 16 and over,646,470,385,64,21,176
S01008819,No qualifications,94,13,9,2,2,81
S01008819,Level 1,100,65,57,4,4,35
S01008819,Level 2,68,48,36,9,3,20
S01008819,Level 3,38,36,28,4,4,2
S01008819,Level 4 and above,346,308,255,45,8,38
S01008820,All people aged 16 and over,962,692,542,79,71,270
S01008820,No qualifications,197,64,44,10,10,133
S01008820,Level 1,173,118,73,12,33,55
S01008820,Level 2,100,86,71,10,5,14
S01008820,Level 3,82,63,55,5,3,19
S01008820,Level 4 and above,410,361,299,42,20,49
S01008821,All people aged 16 and over,550,409,339,51,19,141
S01008821,No qualifications,49,16,10,4,2,33
S01008821,Level 1,83,50,39,4,7,33
S01008821,Level 2,68,43,33,6,4,25
S01008821,Level 3,39,27,21,4,2,12
S01008821,Level 4 and above,311,273,236,33,4,38
S01008822,All people aged 16 and over,585,396,304,70,22,189
S01008822,No qualifications,63,14,10,4,0,49
S01008822,Level 1,61,33,22,9,2,28
S01008822,Level 2,75,47,33,6,8,28
S01008822,Level 3,41,35,26,8,1,6
S01008822,Level 4 and above,345,267,213,43,11,78
S01008823,All people aged 16 and over,556,350,265,71,14,206
S01008823,No qualifications,101,18,7,8,3,83
S01008823,Level 1,70,37,21,12,4,33
S01008823,Level 2,55,41,34,6,1,14
S01008823,Level 3,31,21,17,4,0,10
S01008823,Level 4 and above,299,233,186,41,6,66
S01008824,All people aged 16 and over,833,581,482,74,25,252
S01008824,No qualifications,115,29,16,9,4,86
S01008824,Level 1,104,51,41,8,2,53
S01008824,Level 2,85,66,58,3,5,19
S01008824,Level 3,74,60,49,6,5,14
S01008824,Level 4 and above,455,375,318,48,9,80
S01008825,All people aged 16 and over,512,361,297,58,6,151
S01008825,No qualifications,62,15,12,3,0,47
S01008825,Level 1,69,39,29,9,1,30
S01008825,Level 2,55,43,40,3,0,12
S01008825,Level 3,30,26,23,3,0,4
S01008825,Level 4 and above,296,238,193,40,5,58
S01008826,All people aged 16 and over,589,427,334,63,30,162
S01008826,No qualifications,78,23,15,4,4,55
S01008826,Level 1,106,72,55,6,11,34
S01008826,Level 2,62,48,41,3,4,14
S01008826,Level 3,42,27,24,2,1,15
S01008826,Level 4 and above,301,257,199,48,10,44
S01008827,All people aged 16 and over,570,337,255,71,11,233
S01008827,No qualifications,26,5,3,2,0,21
S01008827,Level 1,62,20,12,7,1,42
S01008827,Level 2,47,30,22,5,3,17
S01008827,Level 3,37,20,16,3,1,17
S01008827,Level 4 and above,398,262,202,54,6,136
S01008828,All people aged 16 and over,751,498,393,85,20,253
S01008828,No qualifications,86,24,16,8,0,62
S01008828,Level 1,103,59,48,4,7,44
S01008828,Level 2,99,63,52,9,2,36
S01008828,Level 3,65,53,45,5,3,12
S01008828,Level 4 and above,398,299,232,59,8,99
S01008829,All people aged 16 and over,564,344,277,46,21,220
S01008829,No qualifications,111,31,25,3,3,80
S01008829,Level 1,95,58,49,5,4,37
S01008829,Level 2,62,39,29,5,5,23
S01008829,Level 3,38,28,24,1,3,10
S01008829,Level 4 and above,258,188,150,32,6,70
S01008830,All people aged 16 and over,561,358,288,59,11,203
S01008830,No qualifications,71,14,10,4,0,57
S01008830,Level 1,62,25,19,5,1,37
S01008830,Level 2,71,41,34,2,5,30
S01008830,Level 3,37,28,21,6,1,9
S01008830,Level 4 and above,320,250,204,42,4,70
S01008831,All people aged 16 and over,658,367,271,80,16,291
S01008831,No qualifications,74,15,9,6,0,59
S01008831,Level 1,96,41,28,12,1,55
S01008831,Level 2,92,38,29,5,4,54
S01008831,Level 3,60,40,31,6,3,20
S01008831,Level 4 and above,336,233,174,51,8,103
S01008832,All people aged 16 and over,655,335,242,61,32,320
S01008832,No qualifications,102,24,10,8,6,78
S01008832,Level 1,76,42,27,7,8,34
S01008832,Level 2,71,36,27,5,4,35
S01008832,Level 3,31,21,16,3,2,10
S01008832,Level 4 and above,375,212,162,38,12,163
S01008833,All people aged 16 and over,863,542,435,80,27,321
S01008833,No qualifications,94,11,8,1,2,83
S01008833,Level 1,81,40,33,4,3,41
S01008833,Level 2,110,71,55,13,3,39
S01008833,Level 3,52,34,22,3,9,18
S01008833,Level 4 and above,526,386,317,59,10,140
S01008834,All people aged 16 and over,977,608,468,118,22,369
S01008834,No qualifications,122,23,16,6,1,99
S01008834,Level 1,116,54,39,12,3,62
S01008834,Level 2,116,63,44,15,4,53
S01008834,Level 3,56,40,32,4,4,16
S01008834,Level 4 and above,567,428,337,81,10,139
S01008835,All people aged 16 and over,695,434,372,40,22,261
S01008835,No qualifications,148,37,31,4,2,111
S01008835,Level 1,126,68,50,8,10,58
S01008835,Level 2,103,76,69,4,3,27
S01008835,Level 3,45,33,32,0,1,12
S01008835,Level 4 and above,273,220,190,24,6,53
S01008836,All people aged 16 and over,606,432,359,44,29,174
S01008836,No qualifications,128,32,27,2,3,96
S01008836,Level 1,108,79,66,8,5,29
S01008836,Level 2,73,61,45,8,8,12
S01008836,Level 3,49,46,39,4,3,3
S01008836,Level 4 and above,248,214,182,22,10,34
S01008837,All people aged 16 and over,939,767,646,77,44,172
S01008837,No qualifications,85,28,19,1,8,57
S01008837,Level 1,104,75,58,8,9,29
S01008837,Level 2,110,88,69,13,6,22
S01008837,Level 3,72,65,53,7,5,7
S01008837,Level 4 and above,568,511,447,48,16,57
S01008838,All people aged 16 and over,933,716,600,81,35,217
S01008838,No qualifications,94,32,24,5,3,62
S01008838,Level 1,109,74,67,4,3,35
S01008838,Level 2,122,95,79,8,8,27
S01008838,Level 3,81,67,59,3,5,14
S01008838,Level 4 and above,527,448,371,61,16,79
S01008839,All people aged 16 and over,918,680,575,81,24,238
S01008839,No qualifications,75,21,17,3,1,54
S01008839,Level 1,118,78,64,8,6,40
S01008839,Level 2,140,93,83,9,1,47
S01008839,Level 3,77,70,57,6,7,7
S01008839,Level 4 and above,508,418,354,55,9,90
S01008840,All people aged 16 and over,934,688,569,81,38,246
S01008840,No qualifications,89,31,24,5,2,58
S01008840,Level 1,121,73,48,12,13,48
S01008840,Level 2,129,79,59,11,9,50
S01008840,Level 3,61,49,43,4,2,12
S01008840,Level 4 and above,534,456,395,49,12,78
S01008841,All people aged 16 and over,502,389,331,48,10,113
S01008841,No qualifications,54,22,17,3,2,32
S01008841,Level 1,73,42,34,7,1,31
S01008841,Level 2,51,39,32,5,2,12
S01008841,Level 3,54,49,40,8,1,5
S01008841,Level 4 and above,270,237,208,25,4,33
S01008842,All people aged 16 and over,789,648,530,70,48,141
S01008842,No qualifications,53,26,15,9,2,27
S01008842,Level 1,114,87,61,14,12,27
S01008842,Level 2,87,65,58,2,5,22
S01008842,Level 3,71,57,50,4,3,14
S01008842,Level 4 and above,464,413,346,41,26,51
S01008843,All people aged 16 and over,912,685,565,66,54,227
S01008843,No qualifications,62,15,8,6,1,47
S01008843,Level 1,101,64,52,5,7,37
S01008843,Level 2,111,83,70,5,8,28
S01008843,Level 3,77,64,47,11,6,13
S01008843,Level 4 and above,561,459,388,39,32,102
S01008844,All people aged 16 and over,617,479,400,45,34,138
S01008844,No qualifications,28,11,10,0,1,17
S01008844,Level 1,74,50,33,6,11,24
S01008844,Level 2,79,48,36,8,4,31
S01008844,Level 3,45,31,25,3,3,14
S01008844,Level 4 and above,391,339,296,28,15,52
S01008845,All people aged 16 and over,795,531,429,73,29,264
S01008845,No qualifications,31,8,3,2,3,23
S01008845,Level 1,54,22,15,6,1,32
S01008845,Level 2,168,86,70,9,7,82
S01008845,Level 3,50,37,25,8,4,13
S01008845,Level 4 and above,492,378,316,48,14,114
S01008846,All people aged 16 and over,741,508,383,100,25,233
S01008846,No qualifications,45,9,7,2,0,36
S01008846,Level 1,82,44,30,9,5,38
S01008846,Level 2,137,66,54,12,0,71
S01008846,Level 3,48,35,32,2,1,13
S01008846,Level 4 and above,429,354,260,75,19,75
S01008847,All people aged 16 and over,537,360,267,71,22,177
S01008847,No qualifications,20,8,3,5,0,12
S01008847,Level 1,44,21,17,4,0,23
S01008847,Level 2,95,38,24,6,8,57
S01008847,Level 3,34,27,18,8,1,7
S01008847,Level 4 and above,344,266,205,48,13,78
S01008848,All people aged 16 and over,711,482,353,104,25,229
S01008848,No qualifications,32,10,9,0,1,22
S01008848,Level 1,54,31,20,7,4,23
S01008848,Level 2,149,53,38,12,3,96
S01008848,Level 3,44,36,24,8,4,8
S01008848,Level 4 and above,432,352,262,77,13,80
S01008849,All people aged 16 and over,663,465,343,105,17,198
S01008849,No qualifications,11,5,1,4,0,6
S01008849,Level 1,51,30,22,4,4,21
S01008849,Level 2,110,43,33,9,1,67
S01008849,Level 3,25,19,14,4,1,6
S01008849,Level 4 and above,466,368,273,84,11,98
S01008850,All people aged 16 and over,739,442,315,109,18,297
S01008850,No qualifications,27,7,2,4,1,20
S01008850,Level 1,41,18,9,8,1,23
S01008850,Level 2,157,55,36,16,3,102
S01008850,Level 3,28,17,13,4,0,11
S01008850,Level 4 and above,486,345,255,77,13,141
S01008851,All people aged 16 and over,952,628,464,124,40,324
S01008851,No qualifications,109,31,27,4,0,78
S01008851,Level 1,93,37,25,5,7,56
S01008851,Level 2,120,64,45,9,10,56
S01008851,Level 3,63,46,29,10,7,17
S01008851,Level 4 and above,567,450,338,96,16,117
S01008852,All people aged 16 and over,884,576,389,164,23,308
S01008852,No qualifications,37,13,11,2,0,24
S01008852,Level 1,56,24,17,4,3,32
S01008852,Level 2,110,46,31,10,5,64
S01008852,Level 3,42,28,17,10,1,14
S01008852,Level 4 and above,639,465,313,138,14,174
S01008853,All people aged 16 and over,607,476,380,72,24,131
S01008853,No qualifications,5,2,2,0,0,3
S01008853,Level 1,49,35,25,8,2,14
S01008853,Level 2,95,45,39,4,2,50
S01008853,Level 3,22,17,16,0,1,5
S01008853,Level 4 and above,436,377,298,60,19,59
S01008854,All people aged 16 and over,846,577,407,137,33,269
S01008854,No qualifications,19,5,4,0,1,14
S01008854,Level 1,65,36,30,3,3,29
S01008854,Level 2,153,61,43,10,8,92
S01008854,Level 3,36,23,17,4,2,13
S01008854,Level 4 and above,573,452,313,120,19,121
S01008855,All people aged 16 and over,985,739,595,119,25,246
S01008855,No qualifications,36,7,3,4,0,29
S01008855,Level 1,61,37,27,6,4,24
S01008855,Level 2,107,53,40,10,3,54
S01008855,Level 3,58,44,30,12,2,14
S01008855,Level 4 and above,723,598,495,87,16,125
S01008856,All people aged 16 and over,507,410,338,53,19,97
S01008856,No qualifications,22,4,3,0,1,18
S01008856,Level 1,58,39,29,7,3,19
S01008856,Level 2,49,34,23,6,5,15
S01008856,Level 3,39,31,26,4,1,8
S01008856,Level 4 and above,339,302,257,36,9,37
S01008857,All people aged 16 and over,693,547,440,85,22,146
S01008857,No qualifications,38,18,13,2,3,20
S01008857,Level 1,64,39,32,5,2,25
S01008857,Level 2,76,49,41,2,6,27
S01008857,Level 3,48,44,37,6,1,4
S01008857,Level 4 and above,467,397,317,70,10,70
S01008858,All people aged 16 and over,499,367,275,82,10,132
S01008858,No qualifications,25,8,3,4,1,17
S01008858,Level 1,37,18,12,5,1,19
S01008858,Level 2,41,25,20,4,1,16
S01008858,Level 3,23,19,16,2,1,4
S01008858,Level 4 and above,373,297,224,67,6,76
S01008859,All people aged 16 and over,1041,747,590,123,34,294
S01008859,No qualifications,115,11,5,3,3,104
S01008859,Level 1,94,49,34,13,2,45
S01008859,Level 2,101,69,50,13,6,32
S01008859,Level 3,68,52,39,7,6,16
S01008859,Level 4 and above,663,566,462,87,17,97
S01008860,All people aged 16 and over,806,597,488,69,40,209
S01008860,No qualifications,71,15,10,5,0,56
S01008860,Level 1,76,52,42,1,9,24
S01008860,Level 2,88,63,49,7,7,25
S01008860,Level 3,58,44,29,4,11,14
S01008860,Level 4 and above,513,423,358,52,13,90
S01008861,All people aged 16 and over,639,430,296,123,11,209
S01008861,No qualifications,28,11,4,7,0,17
S01008861,Level 1,43,19,14,5,0,24
S01008861,Level 2,69,35,28,7,0,34
S01008861,Level 3,34,22,12,9,1,12
S01008861,Level 4 and above,465,343,238,95,10,122
S01008862,All people aged 16 and over,828,662,527,104,31,166
S01008862,No qualifications,49,9,6,2,1,40
S01008862,Level 1,78,56,36,13,7,22
S01008862,Level 2,88,69,55,11,3,19
S01008862,Level 3,45,38,30,6,2,7
S01008862,Level 4 and above,568,490,400,72,18,78
S01008863,All people aged 16 and over,641,487,401,74,12,154
S01008863,No qualifications,54,16,14,2,0,38
S01008863,Level 1,58,29,22,4,3,29
S01008863,Level 2,52,35,28,7,0,17
S01008863,Level 3,37,31,24,6,1,6
S01008863,Level 4 and above,440,376,313,55,8,64
S01008864,All people aged 16 and over,880,436,370,50,16,444
S01008864,No qualifications,78,5,2,2,1,73
S01008864,Level 1,197,21,19,1,1,176
S01008864,Level 2,137,41,36,4,1,96
S01008864,Level 3,34,28,21,4,3,6
S01008864,Level 4 and above,434,341,292,39,10,93
S01008865,All people aged 16 and over,744,528,446,59,23,216
S01008865,No qualifications,64,13,8,2,3,51
S01008865,Level 1,76,39,35,1,3,37
S01008865,Level 2,66,46,43,1,2,20
S01008865,Level 3,48,36,32,4,0,12
S01008865,Level 4 and above,490,394,328,51,15,96
S01008866,All people aged 16 and over,711,573,466,86,21,138
S01008866,No qualifications,41,14,5,7,2,27
S01008866,Level 1,34,16,10,3,3,18
S01008866,Level 2,62,42,28,11,3,20
S01008866,Level 3,51,37,28,7,2,14
S01008866,Level 4 and above,523,464,395,58,11,59
S01008867,All people aged 16 and over,697,504,389,100,15,193
S01008867,No qualifications,29,9,6,2,1,20
S01008867,Level 1,50,29,23,4,2,21
S01008867,Level 2,62,34,22,9,3,28
S01008867,Level 3,40,29,26,3,0,11
S01008867,Level 4 and above,516,403,312,82,9,113
S01008868,All people aged 16 and over,728,559,432,95,32,169
S01008868,No qualifications,17,11,7,3,1,6
S01008868,Level 1,68,49,36,7,6,19
S01008868,Level 2,90,45,35,8,2,45
S01008868,Level 3,73,52,42,9,1,21
S01008868,Level 4 and above,480,402,312,68,22,78
S01008869,All people aged 16 and over,937,653,493,130,30,284
S01008869,No qualifications,47,15,11,4,0,32
S01008869,Level 1,79,42,31,7,4,37
S01008869,Level 2,83,46,26,16,4,37
S01008869,Level 3,54,35,25,7,3,19
S01008869,Level 4 and above,674,515,400,96,19,159
S01008870,All people aged 16 and over,697,498,394,93,11,199
S01008870,No qualifications,50,15,10,5,0,35
S01008870,Level 1,60,39,30,6,3,21
S01008870,Level 2,54,35,26,8,1,19
S01008870,Level 3,46,39,31,8,0,7
S01008870,Level 4 and above,487,370,297,66,7,117
S01008871,All people aged 16 and over,973,683,524,123,36,290
S01008871,No qualifications,29,8,5,3,0,21
S01008871,Level 1,68,36,26,7,3,32
S01008871,Level 2,187,90,65,14,11,97
S01008871,Level 3,73,55,43,6,6,18
S01008871,Level 4 and above,616,494,385,93,16,122
S01008872,All people aged 16 and over,767,544,417,91,36,223
S01008872,No qualifications,45,13,9,4,0,32
S01008872,Level 1,58,41,29,10,2,17
S01008872,Level 2,167,108,78,10,20,59
S01008872,Level 3,36,27,24,1,2,9
S01008872,Level 4 and above,461,355,277,66,12,106
S01008873,All people aged 16 and over,588,418,300,106,12,170
S01008873,No qualifications,23,6,4,2,0,17
S01008873,Level 1,48,27,16,9,2,21
S01008873,Level 2,72,45,35,8,2,27
S01008873,Level 3,37,28,23,4,1,9
S01008873,Level 4 and above,408,312,222,83,7,96
S01008874,All people aged 16 and over,774,533,437,77,19,241
S01008874,No qualifications,93,19,10,8,1,74
S01008874,Level 1,83,45,34,8,3,38
S01008874,Level 2,92,69,54,9,6,23
S01008874,Level 3,52,36,32,3,1,16
S01008874,Level 4 and above,454,364,307,49,8,90
S01008875,All people aged 16 and over,756,529,443,56,30,227
S01008875,No qualifications,83,18,14,4,0,65
S01008875,Level 1,121,67,50,4,13,54
S01008875,Level 2,109,73,65,6,2,36
S01008875,Level 3,49,44,34,7,3,5
S01008875,Level 4 and above,394,327,280,35,12,67
S01008876,All people aged 16 and over,497,294,236,44,14,203
S01008876,No qualifications,84,16,10,2,4,68
S01008876,Level 1,80,39,25,12,2,41
S01008876,Level 2,72,60,47,9,4,12
S01008876,Level 3,42,32,26,3,3,10
S01008876,Level 4 and above,219,147,128,18,1,72
S01008877,All people aged 16 and over,444,306,244,51,11,138
S01008877,No qualifications,43,10,7,3,0,33
S01008877,Level 1,79,44,32,8,4,35
S01008877,Level 2,60,42,34,4,4,18
S01008877,Level 3,45,32,25,5,2,13
S01008877,Level 4 and above,217,178,146,31,1,39
S01008878,All people aged 16 and over,778,444,358,64,22,334
S01008878,No qualifications,251,61,45,10,6,190
S01008878,Level 1,152,88,71,11,6,64
S01008878,Level 2,98,74,62,9,3,24
S01008878,Level 3,60,42,32,9,1,18
S01008878,Level 4 and above,217,179,148,25,6,38
S01008879,All people aged 16 and over,696,448,385,44,19,248
S01008879,No qualifications,159,49,39,6,4,110
S01008879,Level 1,131,90,76,9,5,41
S01008879,Level 2,103,72,66,3,3,31
S01008879,Level 3,61,47,41,5,1,14
S01008879,Level 4 and above,242,190,163,21,6,52
S01008880,All people aged 16 and over,533,344,296,36,12,189
S01008880,No qualifications,85,15,11,2,2,70
S01008880,Level 1,74,42,31,7,4,32
S01008880,Level 2,72,49,44,2,3,23
S01008880,Level 3,51,42,39,2,1,9
S01008880,Level 4 and above,251,196,171,23,2,55
S01008881,All people aged 16 and over,518,266,191,57,18,252
S01008881,No qualifications,58,6,4,2,0,52
S01008881,Level 1,71,30,18,6,6,41
S01008881,Level 2,63,27,17,8,2,36
S01008881,Level 3,36,29,24,3,2,7
S01008881,Level 4 and above,290,174,128,38,8,116
S01008882,All people aged 16 and over,851,504,369,124,11,347
S01008882,No qualifications,55,10,8,1,1,45
S01008882,Level 1,87,26,23,3,0,61
S01008882,Level 2,122,60,49,8,3,62
S01008882,Level 3,32,24,19,5,0,8
S01008882,Level 4 and above,555,384,270,107,7,171
S01008883,All people aged 16 and over,790,400,279,110,11,390
S01008883,No qualifications,80,15,10,5,0,65
S01008883,Level 1,68,21,9,12,0,47
S01008883,Level 2,79,28,22,4,2,51
S01008883,Level 3,34,20,13,7,0,14
S01008883,Level 4 and above,529,316,225,82,9,213
S01008884,All people aged 16 and over,590,285,206,67,12,305
S01008884,No qualifications,32,6,3,3,0,26
S01008884,Level 1,77,19,15,2,2,58
S01008884,Level 2,73,26,22,4,0,47
S01008884,Level 3,37,15,7,7,1,22
S01008884,Level 4 and above,371,219,159,51,9,152
S01008885,All people aged 16 and over,680,425,320,87,18,255
S01008885,No qualifications,50,13,10,3,0,37
S01008885,Level 1,74,28,17,8,3,46
S01008885,Level 2,93,48,34,11,3,45
S01008885,Level 3,40,26,23,1,2,14
S01008885,Level 4 and above,423,310,236,64,10,113
S01008886,All people aged 16 and over,712,441,362,56,23,271
S01008886,No qualifications,62,15,10,4,1,47
S01008886,Level 1,87,40,31,7,2,47
S01008886,Level 2,106,59,49,3,7,47
S01008886,Level 3,52,36,27,5,4,16
S01008886,Level 4 and above,405,291,245,37,9,114
S01008887,All people aged 16 and over,643,400,323,59,18,243
S01008887,No qualifications,83,15,7,6,2,68
S01008887,Level 1,103,46,38,6,2,57
S01008887,Level 2,80,45,35,6,4,35
S01008887,Level 3,68,54,46,7,1,14
S01008887,Level 4 and above,309,240,197,34,9,69
S01008888,All people aged 16 and over,542,408,337,48,23,134
S01008888,No qualifications,24,9,5,2,2,15
S01008888,Level 1,64,44,35,6,3,20
S01008888,Level 2,72,49,42,4,3,23
S01008888,Level 3,34,22,18,3,1,12
S01008888,Level 4 and above,348,284,237,33,14,64
S01008889,All people aged 16 and over,459,322,262,49,11,137
S01008889,No qualifications,68,29,21,7,1,39
S01008889,Level 1,83,41,33,7,1,42
S01008889,Level 2,55,46,38,6,2,9
S01008889,Level 3,42,32,25,5,2,10
S01008889,Level 4 and above,211,174,145,24,5,37
S01008890,All people aged 16 and over,599,356,291,53,12,243
S01008890,No qualifications,105,23,15,7,1,82
S01008890,Level 1,97,55,42,11,2,42
S01008890,Level 2,97,64,51,7,6,33
S01008890,Level 3,48,35,26,7,2,13
S01008890,Level 4 and above,252,179,157,21,1,73
S01008891,All people aged 16 and over,628,373,301,64,8,255
S01008891,No qualifications,71,17,14,3,0,54
S01008891,Level 1,124,61,48,9,4,63
S01008891,Level 2,86,55,45,9,1,31
S01008891,Level 3,45,25,15,9,1,20
S01008891,Level 4 and above,302,215,179,34,2,87
S01008892,All people aged 16 and over,837,490,400,66,24,347
S01008892,No qualifications,115,22,17,2,3,93
S01008892,Level 1,136,74,54,12,8,62
S01008892,Level 2,92,58,49,4,5,34
S01008892,Level 3,64,34,25,8,1,30
S01008892,Level 4 and above,430,302,255,40,7,128
S01008893,All people aged 16 and over,724,456,357,84,15,268
S01008893,No qualifications,56,17,8,7,2,39
S01008893,Level 1,80,36,26,8,2,44
S01008893,Level 2,92,57,43,11,3,35
S01008893,Level 3,60,41,34,6,1,19
S01008893,Level 4 and above,436,305,246,52,7,131
S01008894,All people aged 16 and over,688,416,314,90,12,272
S01008894,No qualifications,43,13,10,3,0,30
S01008894,Level 1,89,48,34,12,2,41
S01008894,Level 2,99,56,46,9,1,43
S01008894,Level 3,50,30,23,7,0,20
S01008894,Level 4 and above,407,269,201,59,9,138
S01008895,All people aged 16 and over,632,321,255,62,4,311
S01008895,No qualifications,68,12,9,3,0,56
S01008895,Level 1,72,31,20,11,0,41
S01008895,Level 2,85,41,34,4,3,44
S01008895,Level 3,43,19,18,1,0,24
S01008895,Level 4 and above,364,218,174,43,1,146
S01008896,All people aged 16 and over,410,264,230,30,4,146
S01008896,No qualifications,33,9,7,1,1,24
S01008896,Level 1,51,25,17,8,0,26
S01008896,Level 2,58,35,32,2,1,23
S01008896,Level 3,32,25,23,2,0,7
S01008896,Level 4 and above,236,170,151,17,2,66
S01008897,All people aged 16 and over,551,326,259,49,18,225
S01008897,No qualifications,79,14,8,5,1,65
S01008897,Level 1,76,42,32,5,5,34
S01008897,Level 2,55,37,27,7,3,18
S01008897,Level 3,32,17,15,0,2,15
S01008897,Level 4 and above,309,216,177,32,7,93
S01008898,All people aged 16 and over,689,411,308,84,19,278
S01008898,No qualifications,76,25,15,9,1,51
S01008898,Level 1,109,51,33,15,3,58
S01008898,Level 2,111,68,49,11,8,43
S01008898,Level 3,52,37,28,6,3,15
S01008898,Level 4 and above,341,230,183,43,4,111
S01008899,All people aged 16 and over,669,391,297,39,55,278
S01008899,No qualifications,249,79,61,9,9,170
S01008899,Level 1,206,145,110,4,31,61
S01008899,Level 2,68,49,36,9,4,19
S01008899,Level 3,51,38,28,6,4,13
S01008899,Level 4 and above,95,80,62,11,7,15
S01008900,All people aged 16 and over,789,516,440,37,39,273
S01008900,No qualifications,250,95,75,12,8,155
S01008900,Level 1,240,169,147,7,15,71
S01008900,Level 2,98,76,60,8,8,22
S01008900,Level 3,43,36,31,2,3,7
S01008900,Level 4 and above,158,140,127,8,5,18
S01008901,All people aged 16 and over,685,407,333,41,33,278
S01008901,No qualifications,267,89,67,14,8,178
S01008901,Level 1,184,135,110,10,15,49
S01008901,Level 2,76,56,49,2,5,20
S01008901,Level 3,53,43,37,4,2,10
S01008901,Level 4 and above,105,84,70,11,3,21
S01008902,All people aged 16 and over,831,515,425,46,44,316
S01008902,No qualifications,258,88,70,4,14,170
S01008902,Level 1,251,171,135,17,19,80
S01008902,Level 2,89,75,66,4,5,14
S01008902,Level 3,65,46,35,7,4,19
S01008902,Level 4 and above,168,135,119,14,2,33
S01008903,All people aged 16 and over,811,469,405,32,32,342
S01008903,No qualifications,297,94,78,4,12,203
S01008903,Level 1,240,157,136,11,10,83
S01008903,Level 2,73,59,50,4,5,14
S01008903,Level 3,60,47,43,2,2,13
S01008903,Level 4 and above,141,112,98,11,3,29
S01008904,All people aged 16 and over,810,523,421,38,64,287
S01008904,No qualifications,204,86,71,1,14,118
S01008904,Level 1,222,135,113,6,16,87
S01008904,Level 2,68,50,45,1,4,18
S01008904,Level 3,85,60,39,8,13,25
S01008904,Level 4 and above,231,192,153,22,17,39
S01008905,All people aged 16 and over,843,505,396,25,84,338
S01008905,No qualifications,302,122,89,3,30,180
S01008905,Level 1,263,160,120,11,29,103
S01008905,Level 2,87,65,53,1,11,22
S01008905,Level 3,60,49,40,3,6,11
S01008905,Level 4 and above,131,109,94,7,8,22
S01008906,All people aged 16 and over,616,407,305,28,74,209
S01008906,No qualifications,165,77,50,6,21,88
S01008906,Level 1,185,121,86,8,27,64
S01008906,Level 2,72,50,40,2,8,22
S01008906,Level 3,63,51,38,3,10,12
S01008906,Level 4 and above,131,108,91,9,8,23
S01008907,All people aged 16 and over,437,225,171,18,36,212
S01008907,No qualifications,169,64,44,5,15,105
S01008907,Level 1,152,76,61,5,10,76
S01008907,Level 2,30,17,12,3,2,13
S01008907,Level 3,30,25,20,0,5,5
S01008907,Level 4 and above,56,43,34,5,4,13
S01008908,All people aged 16 and over,717,440,350,45,45,277
S01008908,No qualifications,229,95,67,9,19,134
S01008908,Level 1,203,122,92,12,18,81
S01008908,Level 2,67,51,44,6,1,16
S01008908,Level 3,55,39,32,4,3,16
S01008908,Level 4 and above,163,133,115,14,4,30
S01008909,All people aged 16 and over,639,438,370,34,34,201
S01008909,No qualifications,184,91,76,6,9,93
S01008909,Level 1,220,158,128,13,17,62
S01008909,Level 2,98,79,73,5,1,19
S01008909,Level 3,57,43,36,4,3,14
S01008909,Level 4 and above,80,67,57,6,4,13
S01008910,All people aged 16 and over,374,266,226,25,15,108
S01008910,No qualifications,96,42,35,4,3,54
S01008910,Level 1,119,93,78,8,7,26
S01008910,Level 2,38,29,24,3,2,9
S01008910,Level 3,39,30,27,1,2,9
S01008910,Level 4 and above,82,72,62,9,1,10
S01008911,All people aged 16 and over,787,611,505,79,27,176
S01008911,No qualifications,90,27,17,7,3,63
S01008911,Level 1,112,80,65,6,9,32
S01008911,Level 2,102,78,65,11,2,24
S01008911,Level 3,72,58,49,8,1,14
S01008911,Level 4 and above,411,368,309,47,12,43
S01008912,All people aged 16 and over,640,448,362,65,21,192
S01008912,No qualifications,119,40,30,8,2,79
S01008912,Level 1,141,98,77,16,5,43
S01008912,Level 2,101,79,61,11,7,22
S01008912,Level 3,48,43,36,5,2,5
S01008912,Level 4 and above,231,188,158,25,5,43
S01008913,All people aged 16 and over,514,404,337,40,27,110
S01008913,No qualifications,97,48,38,5,5,49
S01008913,Level 1,117,87,69,9,9,30
S01008913,Level 2,69,53,43,4,6,16
S01008913,Level 3,36,34,28,5,1,2
S01008913,Level 4 and above,195,182,159,17,6,13
S01008914,All people aged 16 and over,739,458,386,55,17,281
S01008914,No qualifications,225,63,51,10,2,162
S01008914,Level 1,188,124,99,14,11,64
S01008914,Level 2,89,70,63,6,1,19
S01008914,Level 3,51,37,33,3,1,14
S01008914,Level 4 and above,186,164,140,22,2,22
S01008915,All people aged 16 and over,463,298,236,49,13,165
S01008915,No qualifications,73,18,9,6,3,55
S01008915,Level 1,109,77,61,10,6,32
S01008915,Level 2,72,48,40,5,3,24
S01008915,Level 3,38,28,22,6,0,10
S01008915,Level 4 and above,171,127,104,22,1,44
S01008916,All people aged 16 and over,906,464,363,42,59,442
S01008916,No qualifications,395,109,84,10,15,286
S01008916,Level 1,199,121,90,7,24,78
S01008916,Level 2,106,79,65,8,6,27
S01008916,Level 3,63,48,41,4,3,15
S01008916,Level 4 and above,143,107,83,13,11,36
S01008917,All people aged 16 and over,562,333,250,29,54,229
S01008917,No qualifications,193,68,54,5,9,125
S01008917,Level 1,164,106,74,5,27,58
S01008917,Level 2,61,44,37,2,5,17
S01008917,Level 3,47,31,23,4,4,16
S01008917,Level 4 and above,97,84,62,13,9,13
S01008918,All people aged 16 and over,423,262,181,22,59,161
S01008918,No qualifications,149,66,44,3,19,83
S01008918,Level 1,116,76,57,3,16,40
S01008918,Level 2,31,26,15,2,9,5
S01008918,Level 3,45,27,20,2,5,18
S01008918,Level 4 and above,82,67,45,12,10,15
S01008919,All people aged 16 and over,404,248,176,15,57,156
S01008919,No qualifications,131,48,27,3,18,83
S01008919,Level 1,115,82,61,3,18,33
S01008919,Level 2,39,25,18,1,6,14
S01008919,Level 3,50,36,28,2,6,14
S01008919,Level 4 and above,69,57,42,6,9,12
S01008920,All people aged 16 and over,948,792,658,88,46,156
S01008920,No qualifications,81,34,23,6,5,47
S01008920,Level 1,172,136,98,23,15,36
S01008920,Level 2,128,110,95,9,6,18
S01008920,Level 3,89,77,63,10,4,12
S01008920,Level 4 and above,478,435,379,40,16,43
S01008921,All people aged 16 and over,589,334,247,21,66,255
S01008921,No qualifications,263,92,68,5,19,171
S01008921,Level 1,171,115,78,5,32,56
S01008921,Level 2,37,30,23,1,6,7
S01008921,Level 3,38,29,22,3,4,9
S01008921,Level 4 and above,80,68,56,7,5,12
S01008922,All people aged 16 and over,648,385,304,28,53,263
S01008922,No qualifications,222,78,63,8,7,144
S01008922,Level 1,218,143,110,8,25,75
S01008922,Level 2,58,41,32,2,7,17
S01008922,Level 3,52,39,30,2,7,13
S01008922,Level 4 and above,98,84,69,8,7,14
S01008923,All people aged 16 and over,611,379,306,34,39,232
S01008923,No qualifications,227,90,65,9,16,137
S01008923,Level 1,168,119,99,5,15,49
S01008923,Level 2,67,53,43,6,4,14
S01008923,Level 3,56,43,37,3,3,13
S01008923,Level 4 and above,93,74,62,11,1,19
S01008924,All people aged 16 and over,704,445,351,19,75,259
S01008924,No qualifications,262,124,98,6,20,138
S01008924,Level 1,243,168,129,7,32,75
S01008924,Level 2,65,46,34,2,10,19
S01008924,Level 3,44,37,33,1,3,7
S01008924,Level 4 and above,90,70,57,3,10,20
S01008925,All people aged 16 and over,502,387,326,29,32,115
S01008925,No qualifications,106,63,52,5,6,43
S01008925,Level 1,188,150,119,12,19,38
S01008925,Level 2,68,58,52,4,2,10
S01008925,Level 3,57,41,40,0,1,16
S01008925,Level 4 and above,83,75,63,8,4,8
S01008926,All people aged 16 and over,475,356,303,34,19,119
S01008926,No qualifications,133,65,50,10,5,68
S01008926,Level 1,164,139,117,11,11,25
S01008926,Level 2,47,43,40,2,1,4
S01008926,Level 3,26,21,19,1,1,5
S01008926,Level 4 and above,105,88,77,10,1,17
S01008927,All people aged 16 and over,657,528,465,31,32,129
S01008927,No qualifications,75,35,28,6,1,40
S01008927,Level 1,161,117,94,7,16,44
S01008927,Level 2,83,68,61,2,5,15
S01008927,Level 3,93,82,72,6,4,11
S01008927,Level 4 and above,245,226,210,10,6,19
S01008928,All people aged 16 and over,628,378,298,33,47,250
S01008928,No qualifications,211,56,41,9,6,155
S01008928,Level 1,130,82,59,7,16,48
S01008928,Level 2,87,63,46,4,13,24
S01008928,Level 3,52,46,37,1,8,6
S01008928,Level 4 and above,148,131,115,12,4,17
S01008929,All people aged 16 and over,631,345,223,11,111,286
S01008929,No qualifications,254,104,62,1,41,150
S01008929,Level 1,195,114,65,1,48,81
S01008929,Level 2,65,40,27,3,10,25
S01008929,Level 3,50,41,35,2,4,9
S01008929,Level 4 and above,67,46,34,4,8,21
S01008930,All people aged 16 and over,683,398,289,19,90,285
S01008930,No qualifications,308,119,86,8,25,189
S01008930,Level 1,213,152,101,4,47,61
S01008930,Level 2,51,42,29,3,10,9
S01008930,Level 3,38,30,27,1,2,8
S01008930,Level 4 and above,73,55,46,3,6,18
S01008931,All people aged 16 and over,594,356,296,12,48,238
S01008931,No qualifications,253,109,89,3,17,144
S01008931,Level 1,204,139,116,1,22,65
S01008931,Level 2,41,35,26,3,6,6
S01008931,Level 3,31,23,20,0,3,8
S01008931,Level 4 and above,65,50,45,5,0,15
S01008932,All people aged 16 and over,694,525,439,49,37,169
S01008932,No qualifications,143,71,51,14,6,72
S01008932,Level 1,199,147,122,12,13,52
S01008932,Level 2,82,71,59,3,9,11
S01008932,Level 3,50,41,38,3,0,9
S01008932,Level 4 and above,220,195,169,17,9,25
S01008933,All people aged 16 and over,505,350,268,17,65,155
S01008933,No qualifications,167,85,63,5,17,82
S01008933,Level 1,163,120,84,5,31,43
S01008933,Level 2,46,36,29,1,6,10
S01008933,Level 3,39,34,27,2,5,5
S01008933,Level 4 and above,90,75,65,4,6,15
S01008934,All people aged 16 and over,594,400,319,41,40,194
S01008934,No qualifications,185,82,63,8,11,103
S01008934,Level 1,168,119,93,10,16,49
S01008934,Level 2,82,63,51,6,6,19
S01008934,Level 3,36,31,25,4,2,5
S01008934,Level 4 and above,123,105,87,13,5,18
S01008935,All people aged 16 and over,732,432,363,48,21,300
S01008935,No qualifications,110,32,20,11,1,78
S01008935,Level 1,183,109,87,14,8,74
S01008935,Level 2,131,86,78,5,3,45
S01008935,Level 3,78,55,48,3,4,23
S01008935,Level 4 and above,230,150,130,15,5,80
S01008936,All people aged 16 and over,300,191,155,35,1,109
S01008936,No qualifications,36,11,7,4,0,25
S01008936,Level 1,50,27,19,8,0,23
S01008936,Level 2,39,27,22,5,0,12
S01008936,Level 3,21,14,12,2,0,7
S01008936,Level 4 and above,154,112,95,16,1,42
S01008937,All people aged 16 and over,694,423,335,58,30,271
S01008937,No qualifications,138,37,26,7,4,101
S01008937,Level 1,150,86,62,16,8,64
S01008937,Level 2,99,72,59,5,8,27
S01008937,Level 3,52,40,30,5,5,12
S01008937,Level 4 and above,255,188,158,25,5,67
S01008938,All people aged 16 and over,583,344,276,56,12,239
S01008938,No qualifications,74,21,15,6,0,53
S01008938,Level 1,132,67,54,7,6,65
S01008938,Level 2,84,54,39,10,5,30
S01008938,Level 3,53,31,24,6,1,22
S01008938,Level 4 and above,240,171,144,27,0,69
S01008939,All people aged 16 and over,659,381,308,55,18,278
S01008939,No qualifications,111,28,16,10,2,83
S01008939,Level 1,136,82,57,18,7,54
S01008939,Level 2,128,86,72,10,4,42
S01008939,Level 3,72,49,45,3,1,23
S01008939,Level 4 and above,212,136,118,14,4,76
S01008940,All people aged 16 and over,508,274,196,68,10,234
S01008940,No qualifications,43,13,7,6,0,30
S01008940,Level 1,57,25,17,5,3,32
S01008940,Level 2,61,32,26,5,1,29
S01008940,Level 3,24,14,9,5,0,10
S01008940,Level 4 and above,323,190,137,47,6,133
S01008941,All people aged 16 and over,659,386,289,88,9,273
S01008941,No qualifications,57,9,6,2,1,48
S01008941,Level 1,92,46,30,14,2,46
S01008941,Level 2,90,53,39,11,3,37
S01008941,Level 3,45,31,27,4,0,14
S01008941,Level 4 and above,375,247,187,57,3,128
S01008942,All people aged 16 and over,581,379,311,55,13,202
S01008942,No qualifications,47,19,13,6,0,28
S01008942,Level 1,109,60,48,8,4,49
S01008942,Level 2,92,65,53,11,1,27
S01008942,Level 3,52,32,24,8,0,20
S01008942,Level 4 and above,281,203,173,22,8,78
S01008943,All people aged 16 and over,672,357,249,88,20,315
S01008943,No qualifications,51,13,4,7,2,38
S01008943,Level 1,91,36,23,9,4,55
S01008943,Level 2,82,45,30,9,6,37
S01008943,Level 3,60,35,25,9,1,25
S01008943,Level 4 and above,388,228,167,54,7,160
S01008944,All people aged 16 and over,809,428,312,101,15,381
S01008944,No qualifications,73,16,9,7,0,57
S01008944,Level 1,114,53,38,14,1,61
S01008944,Level 2,119,65,47,11,7,54
S01008944,Level 3,45,21,16,5,0,24
S01008944,Level 4 and above,458,273,202,64,7,185
S01008945,All people aged 16 and over,630,402,308,86,8,228
S01008945,No qualifications,43,17,11,6,0,26
S01008945,Level 1,75,34,28,6,0,41
S01008945,Level 2,96,63,48,13,2,33
S01008945,Level 3,46,32,24,7,1,14
S01008945,Level 4 and above,370,256,197,54,5,114
S01008946,All people aged 16 and over,769,403,298,82,23,366
S01008946,No qualifications,89,23,16,5,2,66
S01008946,Level 1,123,49,31,12,6,74
S01008946,Level 2,99,59,44,8,7,40
S01008946,Level 3,56,33,25,6,2,23
S01008946,Level 4 and above,402,239,182,51,6,163
S01008947,All people aged 16 and over,870,473,369,84,20,397
S01008947,No qualifications,94,16,8,7,1,78
S01008947,Level 1,140,60,45,11,4,80
S01008947,Level 2,124,69,54,10,5,55
S01008947,Level 3,69,49,38,8,3,20
S01008947,Level 4 and above,443,279,224,48,7,164
S01008948,All people aged 16 and over,573,388,302,69,17,185
S01008948,No qualifications,63,17,10,6,1,46
S01008948,Level 1,97,66,50,9,7,31
S01008948,Level 2,108,68,57,10,1,40
S01008948,Level 3,52,46,34,10,2,6
S01008948,Level 4 and above,253,191,151,34,6,62
S01008949,All people aged 16 and over,752,467,389,47,31,285
S01008949,No qualifications,234,80,58,13,9,154
S01008949,Level 1,223,150,123,15,12,73
S01008949,Level 2,92,71,64,4,3,21
S01008949,Level 3,64,48,41,7,0,16
S01008949,Level 4 and above,139,118,103,8,7,21
S01008950,All people aged 16 and over,775,470,388,46,36,305
S01008950,No qualifications,229,56,37,10,9,173
S01008950,Level 1,198,140,111,15,14,58
S01008950,Level 2,123,95,86,3,6,28
S01008950,Level 3,64,55,47,5,3,9
S01008950,Level 4 and above,161,124,107,13,4,37
S01008951,All people aged 16 and over,708,427,365,28,34,281
S01008951,No qualifications,218,56,50,3,3,162
S01008951,Level 1,214,146,117,14,15,68
S01008951,Level 2,81,59,55,0,4,22
S01008951,Level 3,61,51,43,4,4,10
S01008951,Level 4 and above,134,115,100,7,8,19
S01008952,All people aged 16 and over,663,434,347,37,50,229
S01008952,No qualifications,199,75,58,9,8,124
S01008952,Level 1,209,151,112,14,25,58
S01008952,Level 2,86,64,53,3,8,22
S01008952,Level 3,52,42,32,6,4,10
S01008952,Level 4 and above,117,102,92,5,5,15
S01008953,All people aged 16 and over,752,444,351,51,42,308
S01008953,No qualifications,253,72,55,6,11,181
S01008953,Level 1,215,147,119,13,15,68
S01008953,Level 2,95,70,50,11,9,25
S01008953,Level 3,56,43,35,4,4,13
S01008953,Level 4 and above,133,112,92,17,3,21
S01008954,All people aged 16 and over,747,397,315,41,41,350
S01008954,No qualifications,274,62,45,9,8,212
S01008954,Level 1,174,103,74,10,19,71
S01008954,Level 2,104,76,62,6,8,28
S01008954,Level 3,57,50,43,5,2,7
S01008954,Level 4 and above,138,106,91,11,4,32
S01008955,All people aged 16 and over,527,357,299,51,7,170
S01008955,No qualifications,59,23,17,6,0,36
S01008955,Level 1,111,76,61,12,3,35
S01008955,Level 2,106,75,69,5,1,31
S01008955,Level 3,58,43,33,10,0,15
S01008955,Level 4 and above,193,140,119,18,3,53
S01008956,All people aged 16 and over,727,551,473,40,38,176
S01008956,No qualifications,94,43,34,1,8,51
S01008956,Level 1,185,139,111,11,17,46
S01008956,Level 2,132,108,91,13,4,24
S01008956,Level 3,62,52,47,3,2,10
S01008956,Level 4 and above,254,209,190,12,7,45
S01008957,All people aged 16 and over,809,509,430,49,30,300
S01008957,No qualifications,131,46,28,7,11,85
S01008957,Level 1,204,119,104,7,8,85
S01008957,Level 2,137,98,84,8,6,39
S01008957,Level 3,62,49,37,8,4,13
S01008957,Level 4 and above,275,197,177,19,1,78
S01008958,All people aged 16 and over,605,355,303,32,20,250
S01008958,No qualifications,150,27,22,2,3,123
S01008958,Level 1,148,90,73,9,8,58
S01008958,Level 2,92,65,54,7,4,27
S01008958,Level 3,46,33,28,5,0,13
S01008958,Level 4 and above,169,140,126,9,5,29
S01008959,All people aged 16 and over,719,476,414,42,20,243
S01008959,No qualifications,161,47,41,6,0,114
S01008959,Level 1,211,140,111,17,12,71
S01008959,Level 2,116,89,81,3,5,27
S01008959,Level 3,58,53,50,2,1,5
S01008959,Level 4 and above,173,147,131,14,2,26
S01008960,All people aged 16 and over,672,545,464,69,12,127
S01008960,No qualifications,50,27,18,8,1,23
S01008960,Level 1,115,84,71,10,3,31
S01008960,Level 2,89,64,54,8,2,25
S01008960,Level 3,61,51,43,6,2,10
S01008960,Level 4 and above,357,319,278,37,4,38
S01008961,All people aged 16 and over,601,401,341,39,21,200
S01008961,No qualifications,72,27,16,7,4,45
S01008961,Level 1,128,91,78,9,4,37
S01008961,Level 2,118,88,73,9,6,30
S01008961,Level 3,63,45,42,1,2,18
S01008961,Level 4 and above,220,150,132,13,5,70
S01008962,All people aged 16 and over,530,349,302,34,13,181
S01008962,No qualifications,88,25,20,5,0,63
S01008962,Level 1,96,59,45,9,5,37
S01008962,Level 2,99,75,67,7,1,24
S01008962,Level 3,48,39,34,2,3,9
S01008962,Level 4 and above,199,151,136,11,4,48
S01008963,All people aged 16 and over,670,404,340,44,20,266
S01008963,No qualifications,105,34,27,4,3,71
S01008963,Level 1,133,79,65,9,5,54
S01008963,Level 2,126,86,73,8,5,40
S01008963,Level 3,57,45,34,9,2,12
S01008963,Level 4 and above,249,160,141,14,5,89
S01008964,All people aged 16 and over,437,257,212,35,10,180
S01008964,No qualifications,59,10,7,3,0,49
S01008964,Level 1,85,45,33,8,4,40
S01008964,Level 2,74,52,43,6,3,22
S01008964,Level 3,42,31,26,4,1,11
S01008964,Level 4 and above,177,119,103,14,2,58
S01008965,All people aged 16 and over,628,329,260,64,5,299
S01008965,No qualifications,81,13,11,2,0,68
S01008965,Level 1,126,65,48,15,2,61
S01008965,Level 2,101,49,39,8,2,52
S01008965,Level 3,59,32,25,7,0,27
S01008965,Level 4 and above,261,170,137,32,1,91
S01008966,All people aged 16 and over,483,303,258,33,12,180
S01008966,No qualifications,71,19,17,1,1,52
S01008966,Level 1,100,64,50,10,4,36
S01008966,Level 2,79,54,46,5,3,25
S01008966,Level 3,42,28,21,7,0,14
S01008966,Level 4 and above,191,138,124,10,4,53
S01008967,All people aged 16 and over,848,492,417,62,13,356
S01008967,No qualifications,107,27,16,11,0,80
S01008967,Level 1,158,72,55,13,4,86
S01008967,Level 2,130,95,86,8,1,35
S01008967,Level 3,76,54,43,8,3,22
S01008967,Level 4 and above,377,244,217,22,5,133
S01008968,All people aged 16 and over,824,516,438,63,15,308
S01008968,No qualifications,91,29,20,7,2,62
S01008968,Level 1,151,86,63,16,7,65
S01008968,Level 2,151,101,88,10,3,50
S01008968,Level 3,71,54,47,6,1,17
S01008968,Level 4 and above,360,246,220,24,2,114
S01008969,All people aged 16 and over,897,557,477,57,23,340
S01008969,No qualifications,166,51,39,8,4,115
S01008969,Level 1,200,122,100,10,12,78
S01008969,Level 2,120,92,84,8,0,28
S01008969,Level 3,87,58,50,5,3,29
S01008969,Level 4 and above,324,234,204,26,4,90
S01008970,All people aged 16 and over,838,561,476,73,12,277
S01008970,No qualifications,74,20,15,3,2,54
S01008970,Level 1,117,66,51,12,3,51
S01008970,Level 2,125,88,75,11,2,37
S01008970,Level 3,64,43,36,6,1,21
S01008970,Level 4 and above,458,344,299,41,4,114
S01008971,All people aged 16 and over,568,383,318,51,14,185
S01008971,No qualifications,32,9,7,2,0,23
S01008971,Level 1,96,52,43,6,3,44
S01008971,Level 2,72,44,38,3,3,28
S01008971,Level 3,35,24,18,4,2,11
S01008971,Level 4 and above,333,254,212,36,6,79
S01008972,All people aged 16 and over,633,381,299,69,13,252
S01008972,No qualifications,55,6,4,2,0,49
S01008972,Level 1,56,27,21,4,2,29
S01008972,Level 2,83,46,34,8,4,37
S01008972,Level 3,44,28,22,5,1,16
S01008972,Level 4 and above,395,274,218,50,6,121
S01008973,All people aged 16 and over,727,408,340,59,9,319
S01008973,No qualifications,167,20,17,3,0,147
S01008973,Level 1,110,60,43,15,2,50
S01008973,Level 2,75,49,36,9,4,26
S01008973,Level 3,59,42,37,5,0,17
S01008973,Level 4 and above,316,237,207,27,3,79
S01008974,All people aged 16 and over,652,374,317,43,14,278
S01008974,No qualifications,107,17,11,4,2,90
S01008974,Level 1,117,56,46,7,3,61
S01008974,Level 2,100,70,60,8,2,30
S01008974,Level 3,50,33,26,5,2,17
S01008974,Level 4 and above,278,198,174,19,5,80
S01008975,All people aged 16 and over,657,293,252,29,12,364
S01008975,No qualifications,201,19,15,3,1,182
S01008975,Level 1,145,64,52,7,5,81
S01008975,Level 2,79,43,33,8,2,36
S01008975,Level 3,39,29,29,0,0,10
S01008975,Level 4 and above,193,138,123,11,4,55
S01008976,All people aged 16 and over,426,262,207,40,15,164
S01008976,No qualifications,45,12,6,5,1,33
S01008976,Level 1,80,43,28,9,6,37
S01008976,Level 2,68,48,41,4,3,20
S01008976,Level 3,34,25,19,4,2,9
S01008976,Level 4 and above,199,134,113,18,3,65
S01008977,All people aged 16 and over,514,324,276,35,13,190
S01008977,No qualifications,62,21,15,4,2,41
S01008977,Level 1,100,44,35,6,3,56
S01008977,Level 2,83,55,49,6,0,28
S01008977,Level 3,45,35,31,2,2,10
S01008977,Level 4 and above,224,169,146,17,6,55
S01008978,All people aged 16 and over,473,330,277,35,18,143
S01008978,No qualifications,100,39,30,8,1,61
S01008978,Level 1,142,100,88,8,4,42
S01008978,Level 2,80,69,59,5,5,11
S01008978,Level 3,36,27,24,2,1,9
S01008978,Level 4 and above,115,95,76,12,7,20
S01008979,All people aged 16 and over,573,438,369,45,24,135
S01008979,No qualifications,70,34,25,6,3,36
S01008979,Level 1,165,116,101,7,8,49
S01008979,Level 2,101,83,66,9,8,18
S01008979,Level 3,46,36,28,8,0,10
S01008979,Level 4 and above,191,169,149,15,5,22
S01008980,All people aged 16 and over,620,454,388,46,20,166
S01008980,No qualifications,108,49,40,5,4,59
S01008980,Level 1,189,127,103,14,10,62
S01008980,Level 2,110,89,81,5,3,21
S01008980,Level 3,62,48,45,1,2,14
S01008980,Level 4 and above,151,141,119,21,1,10
S01008981,All people aged 16 and over,601,332,280,44,8,269
S01008981,No qualifications,133,34,24,9,1,99
S01008981,Level 1,152,72,63,8,1,80
S01008981,Level 2,98,73,61,9,3,25
S01008981,Level 3,50,27,22,4,1,23
S01008981,Level 4 and above,168,126,110,14,2,42
S01008982,All people aged 16 and over,629,447,386,37,24,182
S01008982,No qualifications,128,48,40,6,2,80
S01008982,Level 1,209,151,125,11,15,58
S01008982,Level 2,103,87,78,6,3,16
S01008982,Level 3,44,37,33,2,2,7
S01008982,Level 4 and above,145,124,110,12,2,21
S01008983,All people aged 16 and over,529,434,384,29,21,95
S01008983,No qualifications,83,58,46,8,4,25
S01008983,Level 1,162,135,123,6,6,27
S01008983,Level 2,92,80,68,8,4,12
S01008983,Level 3,55,46,44,2,0,9
S01008983,Level 4 and above,137,115,103,5,7,22
S01008984,All people aged 16 and over,390,279,238,18,23,111
S01008984,No qualifications,83,27,19,3,5,56
S01008984,Level 1,125,93,80,8,5,32
S01008984,Level 2,53,40,32,2,6,13
S01008984,Level 3,34,33,29,0,4,1
S01008984,Level 4 and above,95,86,78,5,3,9
S01008985,All people aged 16 and over,585,420,361,34,25,165
S01008985,No qualifications,115,39,30,6,3,76
S01008985,Level 1,209,161,131,16,14,48
S01008985,Level 2,86,73,62,7,4,13
S01008985,Level 3,57,47,46,0,1,10
S01008985,Level 4 and above,118,100,92,5,3,18
S01008986,All people aged 16 and over,661,416,348,48,20,245
S01008986,No qualifications,155,53,39,10,4,102
S01008986,Level 1,190,129,108,15,6,61
S01008986,Level 2,120,79,71,4,4,41
S01008986,Level 3,52,42,35,6,1,10
S01008986,Level 4 and above,144,113,95,13,5,31
S01008987,All people aged 16 and over,710,441,370,52,19,269
S01008987,No qualifications,142,41,33,7,1,101
S01008987,Level 1,211,136,112,19,5,75
S01008987,Level 2,138,93,79,8,6,45
S01008987,Level 3,73,57,51,3,3,16
S01008987,Level 4 and above,146,114,95,15,4,32
S01008988,All people aged 16 and over,928,507,429,49,29,421
S01008988,No qualifications,247,49,40,6,3,198
S01008988,Level 1,210,114,94,9,11,96
S01008988,Level 2,120,87,69,15,3,33
S01008988,Level 3,73,57,51,2,4,16
S01008988,Level 4 and above,278,200,175,17,8,78
S01008989,All people aged 16 and over,557,460,394,39,27,97
S01008989,No qualifications,64,34,27,5,2,30
S01008989,Level 1,170,141,117,9,15,29
S01008989,Level 2,93,81,69,9,3,12
S01008989,Level 3,54,49,44,4,1,5
S01008989,Level 4 and above,176,155,137,12,6,21
S01008990,All people aged 16 and over,643,535,468,45,22,108
S01008990,No qualifications,80,52,42,7,3,28
S01008990,Level 1,160,127,110,10,7,33
S01008990,Level 2,124,115,102,7,6,9
S01008990,Level 3,79,70,61,6,3,9
S01008990,Level 4 and above,200,171,153,15,3,29
S01008991,All people aged 16 and over,758,614,528,62,24,144
S01008991,No qualifications,93,49,39,6,4,44
S01008991,Level 1,199,161,132,23,6,38
S01008991,Level 2,145,122,110,7,5,23
S01008991,Level 3,82,71,60,7,4,11
S01008991,Level 4 and above,239,211,187,19,5,28
S01008992,All people aged 16 and over,487,305,257,31,17,182
S01008992,No qualifications,116,38,31,4,3,78
S01008992,Level 1,138,91,75,9,7,47
S01008992,Level 2,63,46,42,3,1,17
S01008992,Level 3,36,30,23,4,3,6
S01008992,Level 4 and above,134,100,86,11,3,34
S01008993,All people aged 16 and over,880,597,468,104,25,283
S01008993,No qualifications,150,46,27,15,4,104
S01008993,Level 1,221,156,114,31,11,65
S01008993,Level 2,126,88,75,11,2,38
S01008993,Level 3,87,72,58,12,2,15
S01008993,Level 4 and above,296,235,194,35,6,61
S01008994,All people aged 16 and over,628,412,330,50,32,216
S01008994,No qualifications,217,104,83,12,9,113
S01008994,Level 1,184,138,108,15,15,46
S01008994,Level 2,64,49,41,5,3,15
S01008994,Level 3,40,32,25,6,1,8
S01008994,Level 4 and above,123,89,73,12,4,34
S01008995,All people aged 16 and over,699,502,424,54,24,197
S01008995,No qualifications,88,29,19,6,4,59
S01008995,Level 1,112,81,62,10,9,31
S01008995,Level 2,115,83,73,6,4,32
S01008995,Level 3,66,51,48,3,0,15
S01008995,Level 4 and above,318,258,222,29,7,60
S01008996,All people aged 16 and over,483,303,258,24,21,180
S01008996,No qualifications,171,75,60,4,11,96
S01008996,Level 1,120,84,69,10,5,36
S01008996,Level 2,72,56,51,3,2,16
S01008996,Level 3,30,19,18,1,0,11
S01008996,Level 4 and above,90,69,60,6,3,21
S01008997,All people aged 16 and over,780,575,471,75,29,205
S01008997,No qualifications,167,83,63,12,8,84
S01008997,Level 1,185,130,107,12,11,55
S01008997,Level 2,112,93,71,14,8,19
S01008997,Level 3,70,60,51,9,0,10
S01008997,Level 4 and above,246,209,179,28,2,37
S01008998,All people aged 16 and over,464,309,246,19,44,155
S01008998,No qualifications,103,54,39,4,11,49
S01008998,Level 1,183,121,93,5,23,62
S01008998,Level 2,67,50,40,4,6,17
S01008998,Level 3,44,32,26,3,3,12
S01008998,Level 4 and above,67,52,48,3,1,15
S01008999,All people aged 16 and over,708,395,334,30,31,313
S01008999,No qualifications,228,70,57,7,6,158
S01008999,Level 1,171,107,82,9,16,64
S01008999,Level 2,91,61,52,4,5,30
S01008999,Level 3,52,42,35,4,3,10
S01008999,Level 4 and above,166,115,108,6,1,51
S01009000,All people aged 16 and over,757,483,395,71,17,274
S01009000,No qualifications,140,43,33,8,2,97
S01009000,Level 1,154,106,87,13,6,48
S01009000,Level 2,140,97,82,12,3,43
S01009000,Level 3,74,45,39,5,1,29
S01009000,Level 4 and above,249,192,154,33,5,57
S01009001,All people aged 16 and over,653,423,356,56,11,230
S01009001,No qualifications,112,35,27,6,2,77
S01009001,Level 1,125,72,63,8,1,53
S01009001,Level 2,129,94,77,13,4,35
S01009001,Level 3,62,40,37,3,0,22
S01009001,Level 4 and above,225,182,152,26,4,43
S01009002,All people aged 16 and over,657,451,367,59,25,206
S01009002,No qualifications,98,30,26,3,1,68
S01009002,Level 1,135,89,68,8,13,46
S01009002,Level 2,92,71,55,10,6,21
S01009002,Level 3,58,50,41,8,1,8
S01009002,Level 4 and above,274,211,177,30,4,63
S01009003,All people aged 16 and over,751,538,429,88,21,213
S01009003,No qualifications,96,32,24,6,2,64
S01009003,Level 1,112,69,50,13,6,43
S01009003,Level 2,97,70,52,13,5,27
S01009003,Level 3,49,38,33,4,1,11
S01009003,Level 4 and above,397,329,270,52,7,68
S01009004,All people aged 16 and over,534,389,332,45,12,145
S01009004,No qualifications,100,47,38,9,0,53
S01009004,Level 1,167,123,107,11,5,44
S01009004,Level 2,94,70,61,7,2,24
S01009004,Level 3,60,56,50,4,2,4
S01009004,Level 4 and above,113,93,76,14,3,20
S01009005,All people aged 16 and over,590,404,350,35,19,186
S01009005,No qualifications,104,41,35,5,1,63
S01009005,Level 1,145,101,80,9,12,44
S01009005,Level 2,102,77,69,5,3,25
S01009005,Level 3,68,56,50,3,3,12
S01009005,Level 4 and above,171,129,116,13,0,42
S01009006,All people aged 16 and over,602,357,300,33,24,245
S01009006,No qualifications,141,37,30,4,3,104
S01009006,Level 1,182,109,91,7,11,73
S01009006,Level 2,87,59,47,5,7,28
S01009006,Level 3,51,40,35,5,0,11
S01009006,Level 4 and above,141,112,97,12,3,29
S01009007,All people aged 16 and over,552,348,293,31,24,204
S01009007,No qualifications,146,47,39,3,5,99
S01009007,Level 1,183,123,99,13,11,60
S01009007,Level 2,86,65,58,0,7,21
S01009007,Level 3,47,38,34,3,1,9
S01009007,Level 4 and above,90,75,63,12,0,15
S01009008,All people aged 16 and over,780,469,383,61,25,311
S01009008,No qualifications,124,35,29,6,0,89
S01009008,Level 1,159,100,70,13,17,59
S01009008,Level 2,107,71,61,8,2,36
S01009008,Level 3,69,44,40,2,2,25
S01009008,Level 4 and above,321,219,183,32,4,102
S01009009,All people aged 16 and over,381,221,184,18,19,160
S01009009,No qualifications,120,40,34,3,3,80
S01009009,Level 1,115,77,62,3,12,38
S01009009,Level 2,35,23,17,4,2,12
S01009009,Level 3,41,26,23,1,2,15
S01009009,Level 4 and above,70,55,48,7,0,15
S01009010,All people aged 16 and over,820,629,562,53,14,191
S01009010,No qualifications,94,43,33,7,3,51
S01009010,Level 1,210,152,135,12,5,58
S01009010,Level 2,150,118,110,6,2,32
S01009010,Level 3,64,56,48,6,2,8
S01009010,Level 4 and above,302,260,236,22,2,42
S01009011,All people aged 16 and over,692,571,496,51,24,121
S01009011,No qualifications,63,27,19,5,3,36
S01009011,Level 1,152,123,101,14,8,29
S01009011,Level 2,143,122,107,8,7,21
S01009011,Level 3,98,87,77,7,3,11
S01009011,Level 4 and above,236,212,192,17,3,24
S01009012,All people aged 16 and over,609,456,393,50,13,153
S01009012,No qualifications,67,24,17,7,0,43
S01009012,Level 1,135,102,82,12,8,33
S01009012,Level 2,98,74,65,7,2,24
S01009012,Level 3,70,57,47,8,2,13
S01009012,Level 4 and above,239,199,182,16,1,40
S01009013,All people aged 16 and over,739,547,456,57,34,192
S01009013,No qualifications,115,57,51,3,3,58
S01009013,Level 1,160,122,102,11,9,38
S01009013,Level 2,128,95,75,11,9,33
S01009013,Level 3,78,66,54,8,4,12
S01009013,Level 4 and above,258,207,174,24,9,51
S01009014,All people aged 16 and over,497,333,249,58,26,164
S01009014,No qualifications,159,70,40,17,13,89
S01009014,Level 1,119,100,79,14,7,19
S01009014,Level 2,63,52,42,8,2,11
S01009014,Level 3,43,34,26,5,3,9
S01009014,Level 4 and above,113,77,62,14,1,36
S01009015,All people aged 16 and over,511,302,231,49,22,209
S01009015,No qualifications,165,62,40,16,6,103
S01009015,Level 1,100,70,52,7,11,30
S01009015,Level 2,70,53,41,10,2,17
S01009015,Level 3,41,27,22,4,1,14
S01009015,Level 4 and above,135,90,76,12,2,45
S01009016,All people aged 16 and over,436,249,188,43,18,187
S01009016,No qualifications,149,52,36,11,5,97
S01009016,Level 1,93,69,47,15,7,24
S01009016,Level 2,49,34,29,4,1,15
S01009016,Level 3,30,24,17,4,3,6
S01009016,Level 4 and above,115,70,59,9,2,45
S01009017,All people aged 16 and over,499,308,234,46,28,191
S01009017,No qualifications,180,81,59,10,12,99
S01009017,Level 1,113,79,60,15,4,34
S01009017,Level 2,78,58,45,8,5,20
S01009017,Level 3,31,26,23,2,1,5
S01009017,Level 4 and above,97,64,47,11,6,33
S01009018,All people aged 16 and over,601,408,321,70,17,193
S01009018,No qualifications,204,107,77,24,6,97
S01009018,Level 1,130,99,79,15,5,31
S01009018,Level 2,73,56,46,9,1,17
S01009018,Level 3,36,29,24,3,2,7
S01009018,Level 4 and above,158,117,95,19,3,41
S01009019,All people aged 16 and over,421,296,244,35,17,125
S01009019,No qualifications,142,69,47,13,9,73
S01009019,Level 1,82,67,58,5,4,15
S01009019,Level 2,64,55,50,5,0,9
S01009019,Level 3,27,22,19,2,1,5
S01009019,Level 4 and above,106,83,70,10,3,23
S01009020,All people aged 16 and over,635,487,402,50,35,148
S01009020,No qualifications,134,68,48,11,9,66
S01009020,Level 1,161,126,103,10,13,35
S01009020,Level 2,96,83,74,7,2,13
S01009020,Level 3,56,51,44,4,3,5
S01009020,Level 4 and above,188,159,133,18,8,29
S01009021,All people aged 16 and over,634,394,296,82,16,240
S01009021,No qualifications,179,75,45,26,4,104
S01009021,Level 1,136,103,75,22,6,33
S01009021,Level 2,80,58,48,9,1,22
S01009021,Level 3,48,36,31,4,1,12
S01009021,Level 4 and above,191,122,97,21,4,69
S01009022,All people aged 16 and over,788,482,363,89,30,306
S01009022,No qualifications,234,86,48,27,11,148
S01009022,Level 1,165,131,107,15,9,34
S01009022,Level 2,119,93,69,20,4,26
S01009022,Level 3,58,44,39,3,2,14
S01009022,Level 4 and above,212,128,100,24,4,84
S01009023,All people aged 16 and over,810,456,292,132,32,354
S01009023,No qualifications,248,74,47,19,8,174
S01009023,Level 1,170,118,71,34,13,52
S01009023,Level 2,103,79,51,22,6,24
S01009023,Level 3,47,32,22,7,3,15
S01009023,Level 4 and above,242,153,101,50,2,89
S01009024,All people aged 16 and over,844,467,353,86,28,377
S01009024,No qualifications,326,105,68,28,9,221
S01009024,Level 1,159,113,87,14,12,46
S01009024,Level 2,108,78,60,11,7,30
S01009024,Level 3,56,46,37,9,0,10
S01009024,Level 4 and above,195,125,101,24,0,70
S01009025,All people aged 16 and over,761,488,348,93,47,273
S01009025,No qualifications,208,80,51,19,10,128
S01009025,Level 1,165,130,82,25,23,35
S01009025,Level 2,101,81,64,11,6,20
S01009025,Level 3,72,57,45,10,2,15
S01009025,Level 4 and above,215,140,106,28,6,75
S01009026,All people aged 16 and over,770,465,357,69,39,305
S01009026,No qualifications,219,72,45,18,9,147
S01009026,Level 1,151,112,79,13,20,39
S01009026,Level 2,101,72,55,13,4,29
S01009026,Level 3,82,63,53,8,2,19
S01009026,Level 4 and above,217,146,125,17,4,71
S01009027,All people aged 16 and over,670,360,251,88,21,310
S01009027,No qualifications,209,56,37,12,7,153
S01009027,Level 1,110,66,47,18,1,44
S01009027,Level 2,92,65,49,14,2,27
S01009027,Level 3,45,34,21,10,3,11
S01009027,Level 4 and above,214,139,97,34,8,75
S01009028,All people aged 16 and over,430,256,189,48,19,174
S01009028,No qualifications,123,44,27,10,7,79
S01009028,Level 1,86,58,40,9,9,28
S01009028,Level 2,58,46,36,9,1,12
S01009028,Level 3,40,32,27,4,1,8
S01009028,Level 4 and above,123,76,59,16,1,47
S01009029,All people aged 16 and over,529,315,229,58,28,214
S01009029,No qualifications,161,53,34,10,9,108
S01009029,Level 1,97,61,40,14,7,36
S01009029,Level 2,70,55,36,13,6,15
S01009029,Level 3,41,33,24,6,3,8
S01009029,Level 4 and above,160,113,95,15,3,47
S01009030,All people aged 16 and over,611,386,296,62,28,225
S01009030,No qualifications,213,85,54,22,9,128
S01009030,Level 1,122,80,63,12,5,42
S01009030,Level 2,71,57,43,9,5,14
S01009030,Level 3,58,49,41,4,4,9
S01009030,Level 4 and above,147,115,95,15,5,32
S01009031,All people aged 16 and over,656,388,316,52,20,268
S01009031,No qualifications,235,69,52,10,7,166
S01009031,Level 1,121,86,73,9,4,35
S01009031,Level 2,83,61,47,12,2,22
S01009031,Level 3,66,56,47,7,2,10
S01009031,Level 4 and above,151,116,97,14,5,35
S01009032,All people aged 16 and over,559,303,239,45,19,256
S01009032,No qualifications,211,54,35,12,7,157
S01009032,Level 1,98,72,58,11,3,26
S01009032,Level 2,81,59,50,3,6,22
S01009032,Level 3,37,26,18,6,2,11
S01009032,Level 4 and above,132,92,78,13,1,40
S01009033,All people aged 16 and over,657,371,292,59,20,286
S01009033,No qualifications,225,69,47,15,7,156
S01009033,Level 1,144,102,78,16,8,42
S01009033,Level 2,74,58,44,11,3,16
S01009033,Level 3,60,48,44,4,0,12
S01009033,Level 4 and above,154,94,79,13,2,60
S01009034,All people aged 16 and over,558,324,274,39,11,234
S01009034,No qualifications,172,42,32,7,3,130
S01009034,Level 1,107,75,65,8,2,32
S01009034,Level 2,72,63,51,11,1,9
S01009034,Level 3,51,42,36,5,1,9
S01009034,Level 4 and above,156,102,90,8,4,54
S01009035,All people aged 16 and over,760,490,398,63,29,270
S01009035,No qualifications,208,60,46,11,3,148
S01009035,Level 1,139,112,86,10,16,27
S01009035,Level 2,114,92,76,12,4,22
S01009035,Level 3,85,71,59,9,3,14
S01009035,Level 4 and above,214,155,131,21,3,59
S01009036,All people aged 16 and over,814,561,462,63,36,253
S01009036,No qualifications,186,67,48,11,8,119
S01009036,Level 1,180,136,106,16,14,44
S01009036,Level 2,124,104,80,17,7,20
S01009036,Level 3,103,91,76,12,3,12
S01009036,Level 4 and above,221,163,152,7,4,58
S01009037,All people aged 16 and over,705,498,407,59,32,207
S01009037,No qualifications,156,53,45,5,3,103
S01009037,Level 1,167,134,104,14,16,33
S01009037,Level 2,113,93,71,17,5,20
S01009037,Level 3,95,82,68,10,4,13
S01009037,Level 4 and above,174,136,119,13,4,38
S01009038,All people aged 16 and over,868,583,488,62,33,285
S01009038,No qualifications,228,82,55,19,8,146
S01009038,Level 1,205,157,131,14,12,48
S01009038,Level 2,132,105,89,8,8,27
S01009038,Level 3,93,82,73,6,3,11
S01009038,Level 4 and above,210,157,140,15,2,53
S01009039,All people aged 16 and over,535,375,294,37,44,160
S01009039,No qualifications,172,82,61,8,13,90
S01009039,Level 1,115,94,67,10,17,21
S01009039,Level 2,84,65,52,6,7,19
S01009039,Level 3,55,46,40,4,2,9
S01009039,Level 4 and above,109,88,74,9,5,21
S01009040,All people aged 16 and over,560,348,284,40,24,212
S01009040,No qualifications,185,56,45,6,5,129
S01009040,Level 1,121,96,77,10,9,25
S01009040,Level 2,81,68,50,11,7,13
S01009040,Level 3,59,48,45,3,0,11
S01009040,Level 4 and above,114,80,67,10,3,34
S01009041,All people aged 16 and over,765,469,374,65,30,296
S01009041,No qualifications,203,64,47,10,7,139
S01009041,Level 1,131,93,67,18,8,38
S01009041,Level 2,107,86,70,10,6,21
S01009041,Level 3,77,56,48,3,5,21
S01009041,Level 4 and above,247,170,142,24,4,77
S01009042,All people aged 16 and over,724,464,385,41,38,260
S01009042,No qualifications,223,90,67,13,10,133
S01009042,Level 1,167,126,97,14,15,41
S01009042,Level 2,97,76,67,3,6,21
S01009042,Level 3,78,60,56,1,3,18
S01009042,Level 4 and above,159,112,98,10,4,47
S01009043,All people aged 16 and over,547,357,296,32,29,190
S01009043,No qualifications,197,81,60,12,9,116
S01009043,Level 1,110,91,77,5,9,19
S01009043,Level 2,63,51,43,2,6,12
S01009043,Level 3,51,42,38,3,1,9
S01009043,Level 4 and above,126,92,78,10,4,34
S01009044,All people aged 16 and over,749,385,330,37,18,364
S01009044,No qualifications,273,62,53,7,2,211
S01009044,Level 1,139,93,78,11,4,46
S01009044,Level 2,84,64,57,5,2,20
S01009044,Level 3,73,54,47,4,3,19
S01009044,Level 4 and above,180,112,95,10,7,68
S01009045,All people aged 16 and over,556,340,279,44,17,216
S01009045,No qualifications,147,48,33,14,1,99
S01009045,Level 1,119,80,68,5,7,39
S01009045,Level 2,88,69,57,6,6,19
S01009045,Level 3,64,49,40,7,2,15
S01009045,Level 4 and above,138,94,81,12,1,44
S01009046,All people aged 16 and over,710,460,377,64,19,250
S01009046,No qualifications,179,56,43,11,2,123
S01009046,Level 1,153,108,87,14,7,45
S01009046,Level 2,97,81,68,10,3,16
S01009046,Level 3,79,62,49,10,3,17
S01009046,Level 4 and above,202,153,130,19,4,49
S01009047,All people aged 16 and over,648,433,369,45,19,215
S01009047,No qualifications,138,38,32,4,2,100
S01009047,Level 1,148,113,90,13,10,35
S01009047,Level 2,92,75,63,9,3,17
S01009047,Level 3,82,67,59,6,2,15
S01009047,Level 4 and above,188,140,125,13,2,48
S01009048,All people aged 16 and over,686,440,377,42,21,246
S01009048,No qualifications,180,66,54,9,3,114
S01009048,Level 1,118,82,72,5,5,36
S01009048,Level 2,97,71,58,7,6,26
S01009048,Level 3,70,63,54,6,3,7
S01009048,Level 4 and above,221,158,139,15,4,63
S01009049,All people aged 16 and over,502,307,260,36,11,195
S01009049,No qualifications,136,42,35,5,2,94
S01009049,Level 1,94,67,53,11,3,27
S01009049,Level 2,64,51,45,6,0,13
S01009049,Level 3,55,42,34,4,4,13
S01009049,Level 4 and above,153,105,93,10,2,48
S01009050,All people aged 16 and over,676,427,360,38,29,249
S01009050,No qualifications,209,62,48,12,2,147
S01009050,Level 1,168,129,107,13,9,39
S01009050,Level 2,94,77,67,1,9,17
S01009050,Level 3,64,54,49,2,3,10
S01009050,Level 4 and above,141,105,89,10,6,36
S01009051,All people aged 16 and over,564,400,328,42,30,164
S01009051,No qualifications,158,65,49,6,10,93
S01009051,Level 1,177,137,107,17,13,40
S01009051,Level 2,95,80,72,4,4,15
S01009051,Level 3,56,51,41,8,2,5
S01009051,Level 4 and above,78,67,59,7,1,11
S01009052,All people aged 16 and over,539,336,285,36,15,203
S01009052,No qualifications,159,46,36,5,5,113
S01009052,Level 1,141,103,82,16,5,38
S01009052,Level 2,90,71,60,9,2,19
S01009052,Level 3,65,54,48,5,1,11
S01009052,Level 4 and above,84,62,59,1,2,22
S01009053,All people aged 16 and over,424,251,181,11,59,173
S01009053,No qualifications,157,50,29,2,19,107
S01009053,Level 1,149,109,79,5,25,40
S01009053,Level 2,51,38,28,1,9,13
S01009053,Level 3,35,30,28,1,1,5
S01009053,Level 4 and above,32,24,17,2,5,8
S01009054,All people aged 16 and over,480,304,254,16,34,176
S01009054,No qualifications,166,73,55,6,12,93
S01009054,Level 1,154,113,90,8,15,41
S01009054,Level 2,59,46,40,1,5,13
S01009054,Level 3,34,27,26,0,1,7
S01009054,Level 4 and above,67,45,43,1,1,22
S01009055,All people aged 16 and over,693,484,378,79,27,209
S01009055,No qualifications,167,69,40,22,7,98
S01009055,Level 1,185,144,111,21,12,41
S01009055,Level 2,116,93,80,11,2,23
S01009055,Level 3,75,58,43,12,3,17
S01009055,Level 4 and above,150,120,104,13,3,30
S01009056,All people aged 16 and over,432,259,191,28,40,173
S01009056,No qualifications,168,61,43,5,13,107
S01009056,Level 1,146,108,83,10,15,38
S01009056,Level 2,59,45,34,5,6,14
S01009056,Level 3,30,23,18,3,2,7
S01009056,Level 4 and above,29,22,13,5,4,7
S01009057,All people aged 16 and over,461,284,214,23,47,177
S01009057,No qualifications,161,48,33,3,12,113
S01009057,Level 1,133,97,63,13,21,36
S01009057,Level 2,64,58,51,2,5,6
S01009057,Level 3,47,38,32,1,5,9
S01009057,Level 4 and above,56,43,35,4,4,13
S01009058,All people aged 16 and over,674,388,336,23,29,286
S01009058,No qualifications,232,47,34,7,6,185
S01009058,Level 1,182,129,109,5,15,53
S01009058,Level 2,94,75,69,5,1,19
S01009058,Level 3,70,61,54,2,5,9
S01009058,Level 4 and above,96,76,70,4,2,20
S01009059,All people aged 16 and over,700,508,417,60,31,192
S01009059,No qualifications,140,39,21,12,6,101
S01009059,Level 1,177,134,103,18,13,43
S01009059,Level 2,121,102,91,10,1,19
S01009059,Level 3,93,81,69,6,6,12
S01009059,Level 4 and above,169,152,133,14,5,17
S01009060,All people aged 16 and over,411,339,278,51,10,72
S01009060,No qualifications,57,34,20,12,2,23
S01009060,Level 1,108,89,68,18,3,19
S01009060,Level 2,70,60,48,9,3,10
S01009060,Level 3,63,55,51,3,1,8
S01009060,Level 4 and above,113,101,91,9,1,12
S01009061,All people aged 16 and over,650,473,409,27,37,177
S01009061,No qualifications,196,93,78,4,11,103
S01009061,Level 1,194,159,135,10,14,35
S01009061,Level 2,115,98,87,6,5,17
S01009061,Level 3,52,46,41,3,2,6
S01009061,Level 4 and above,93,77,68,4,5,16
S01009062,All people aged 16 and over,538,319,250,21,48,219
S01009062,No qualifications,204,74,56,5,13,130
S01009062,Level 1,152,103,75,6,22,49
S01009062,Level 2,68,58,44,6,8,10
S01009062,Level 3,53,43,40,0,3,10
S01009062,Level 4 and above,61,41,35,4,2,20
S01009063,All people aged 16 and over,614,405,358,33,14,209
S01009063,No qualifications,136,57,48,4,5,79
S01009063,Level 1,174,123,108,11,4,51
S01009063,Level 2,108,81,75,3,3,27
S01009063,Level 3,62,44,40,3,1,18
S01009063,Level 4 and above,134,100,87,12,1,34
S01009064,All people aged 16 and over,473,298,258,14,26,175
S01009064,No qualifications,157,54,46,2,6,103
S01009064,Level 1,144,105,86,5,14,39
S01009064,Level 2,63,48,40,4,4,15
S01009064,Level 3,38,33,32,0,1,5
S01009064,Level 4 and above,71,58,54,3,1,13
S01009065,All people aged 16 and over,544,324,243,25,56,220
S01009065,No qualifications,190,57,36,4,17,133
S01009065,Level 1,174,124,97,9,18,50
S01009065,Level 2,71,54,42,4,8,17
S01009065,Level 3,51,43,37,0,6,8
S01009065,Level 4 and above,58,46,31,8,7,12
S01009066,All people aged 16 and over,594,367,301,24,42,227
S01009066,No qualifications,207,73,64,3,6,134
S01009066,Level 1,183,125,97,11,17,58
S01009066,Level 2,68,55,41,4,10,13
S01009066,Level 3,59,53,46,3,4,6
S01009066,Level 4 and above,77,61,53,3,5,16
S01009067,All people aged 16 and over,649,529,445,57,27,120
S01009067,No qualifications,97,55,41,8,6,42
S01009067,Level 1,153,126,105,15,6,27
S01009067,Level 2,128,108,93,13,2,20
S01009067,Level 3,100,89,71,11,7,11
S01009067,Level 4 and above,171,151,135,10,6,20
S01009068,All people aged 16 and over,732,497,428,35,34,235
S01009068,No qualifications,197,85,66,9,10,112
S01009068,Level 1,221,170,142,12,16,51
S01009068,Level 2,111,89,83,3,3,22
S01009068,Level 3,80,64,54,7,3,16
S01009068,Level 4 and above,123,89,83,4,2,34
S01009069,All people aged 16 and over,525,392,337,44,11,133
S01009069,No qualifications,83,43,33,9,1,40
S01009069,Level 1,121,93,78,11,4,28
S01009069,Level 2,88,66,57,7,2,22
S01009069,Level 3,77,71,66,4,1,6
S01009069,Level 4 and above,156,119,103,13,3,37
S01009070,All people aged 16 and over,525,370,310,44,16,155
S01009070,No qualifications,107,45,37,5,3,62
S01009070,Level 1,142,109,87,14,8,33
S01009070,Level 2,111,89,73,12,4,22
S01009070,Level 3,57,49,43,6,0,8
S01009070,Level 4 and above,108,78,70,7,1,30
S01009071,All people aged 16 and over,413,277,218,41,18,136
S01009071,No qualifications,142,57,34,16,7,85
S01009071,Level 1,100,77,61,11,5,23
S01009071,Level 2,45,38,31,6,1,7
S01009071,Level 3,45,36,32,2,2,9
S01009071,Level 4 and above,81,69,60,6,3,12
S01009072,All people aged 16 and over,413,283,225,39,19,130
S01009072,No qualifications,109,38,22,11,5,71
S01009072,Level 1,124,95,73,14,8,29
S01009072,Level 2,55,47,40,5,2,8
S01009072,Level 3,43,36,33,3,0,7
S01009072,Level 4 and above,82,67,57,6,4,15
S01009073,All people aged 16 and over,539,290,232,26,32,249
S01009073,No qualifications,253,83,60,9,14,170
S01009073,Level 1,143,106,85,10,11,37
S01009073,Level 2,61,41,36,2,3,20
S01009073,Level 3,32,30,24,2,4,2
S01009073,Level 4 and above,50,30,27,3,0,20
S01009074,All people aged 16 and over,582,380,305,25,50,202
S01009074,No qualifications,234,106,84,10,12,128
S01009074,Level 1,161,126,96,6,24,35
S01009074,Level 2,63,51,43,4,4,12
S01009074,Level 3,64,55,47,3,5,9
S01009074,Level 4 and above,60,42,35,2,5,18
S01009075,All people aged 16 and over,453,270,212,31,27,183
S01009075,No qualifications,179,62,46,6,10,117
S01009075,Level 1,112,85,69,7,9,27
S01009075,Level 2,59,44,31,10,3,15
S01009075,Level 3,38,31,23,5,3,7
S01009075,Level 4 and above,65,48,43,3,2,17
S01009076,All people aged 16 and over,768,580,487,63,30,188
S01009076,No qualifications,155,84,64,13,7,71
S01009076,Level 1,196,159,130,16,13,37
S01009076,Level 2,140,112,97,12,3,28
S01009076,Level 3,116,94,83,10,1,22
S01009076,Level 4 and above,161,131,113,12,6,30
S01009077,All people aged 16 and over,521,346,285,32,29,175
S01009077,No qualifications,112,41,31,7,3,71
S01009077,Level 1,163,117,85,14,18,46
S01009077,Level 2,89,70,61,6,3,19
S01009077,Level 3,49,41,38,0,3,8
S01009077,Level 4 and above,108,77,70,5,2,31
S01009078,All people aged 16 and over,571,484,421,40,23,87
S01009078,No qualifications,52,30,23,5,2,22
S01009078,Level 1,139,114,91,11,12,25
S01009078,Level 2,103,92,81,7,4,11
S01009078,Level 3,73,60,56,3,1,13
S01009078,Level 4 and above,204,188,170,14,4,16
S01009079,All people aged 16 and over,757,437,344,35,58,320
S01009079,No qualifications,292,85,60,6,19,207
S01009079,Level 1,227,165,129,11,25,62
S01009079,Level 2,80,68,56,8,4,12
S01009079,Level 3,56,42,38,1,3,14
S01009079,Level 4 and above,102,77,61,9,7,25
S01009080,All people aged 16 and over,775,455,374,43,38,320
S01009080,No qualifications,290,111,94,10,7,179
S01009080,Level 1,239,150,111,19,20,89
S01009080,Level 2,84,70,56,8,6,14
S01009080,Level 3,81,63,59,2,2,18
S01009080,Level 4 and above,81,61,54,4,3,20
S01009081,All people aged 16 and over,565,349,292,40,17,216
S01009081,No qualifications,181,55,43,10,2,126
S01009081,Level 1,131,97,74,15,8,34
S01009081,Level 2,92,71,58,6,7,21
S01009081,Level 3,56,44,41,3,0,12
S01009081,Level 4 and above,105,82,76,6,0,23
S01009082,All people aged 16 and over,832,519,411,56,52,313
S01009082,No qualifications,284,106,79,14,13,178
S01009082,Level 1,282,200,146,25,29,82
S01009082,Level 2,102,76,64,6,6,26
S01009082,Level 3,58,52,47,3,2,6
S01009082,Level 4 and above,106,85,75,8,2,21
S01009083,All people aged 16 and over,625,406,344,28,34,219
S01009083,No qualifications,193,74,59,9,6,119
S01009083,Level 1,195,145,121,5,19,50
S01009083,Level 2,79,64,56,5,3,15
S01009083,Level 3,70,56,51,0,5,14
S01009083,Level 4 and above,88,67,57,9,1,21
S01009084,All people aged 16 and over,385,268,203,52,13,117
S01009084,No qualifications,110,42,28,10,4,68
S01009084,Level 1,99,76,51,19,6,23
S01009084,Level 2,55,42,33,8,1,13
S01009084,Level 3,33,28,24,3,1,5
S01009084,Level 4 and above,88,80,67,12,1,8
S01009085,All people aged 16 and over,575,514,459,39,16,61
S01009085,No qualifications,51,34,27,5,2,17
S01009085,Level 1,158,141,121,13,7,17
S01009085,Level 2,115,105,97,6,2,10
S01009085,Level 3,97,88,77,9,2,9
S01009085,Level 4 and above,154,146,137,6,3,8
S01009086,All people aged 16 and over,564,382,316,35,31,182
S01009086,No qualifications,177,67,50,7,10,110
S01009086,Level 1,139,103,88,9,6,36
S01009086,Level 2,79,69,59,6,4,10
S01009086,Level 3,68,59,46,6,7,9
S01009086,Level 4 and above,101,84,73,7,4,17
S01009087,All people aged 16 and over,474,300,254,20,26,174
S01009087,No qualifications,159,60,50,3,7,99
S01009087,Level 1,163,120,98,11,11,43
S01009087,Level 2,57,46,40,3,3,11
S01009087,Level 3,48,38,35,1,2,10
S01009087,Level 4 and above,47,36,31,2,3,11
S01009088,All people aged 16 and over,838,546,446,76,24,292
S01009088,No qualifications,164,61,41,15,5,103
S01009088,Level 1,225,154,118,24,12,71
S01009088,Level 2,141,106,85,17,4,35
S01009088,Level 3,82,63,56,5,2,19
S01009088,Level 4 and above,226,162,146,15,1,64
S01009089,All people aged 16 and over,692,544,469,61,14,148
S01009089,No qualifications,58,22,15,6,1,36
S01009089,Level 1,157,120,97,20,3,37
S01009089,Level 2,120,97,82,11,4,23
S01009089,Level 3,84,66,61,5,0,18
S01009089,Level 4 and above,273,239,214,19,6,34
S01009090,All people aged 16 and over,643,539,481,51,7,104
S01009090,No qualifications,56,10,7,3,0,46
S01009090,Level 1,115,87,64,19,4,28
S01009090,Level 2,97,84,76,8,0,13
S01009090,Level 3,89,85,81,3,1,4
S01009090,Level 4 and above,286,273,253,18,2,13
S01009091,All people aged 16 and over,476,402,352,36,14,74
S01009091,No qualifications,25,13,10,2,1,12
S01009091,Level 1,94,70,58,8,4,24
S01009091,Level 2,79,68,61,3,4,11
S01009091,Level 3,68,63,51,7,5,5
S01009091,Level 4 and above,210,188,172,16,0,22
S01009092,All people aged 16 and over,872,537,462,38,37,335
S01009092,No qualifications,209,66,52,3,11,143
S01009092,Level 1,219,136,114,8,14,83
S01009092,Level 2,122,93,81,8,4,29
S01009092,Level 3,84,68,60,4,4,16
S01009092,Level 4 and above,238,174,155,15,4,64
S01009093,All people aged 16 and over,600,417,339,36,42,183
S01009093,No qualifications,135,46,33,8,5,89
S01009093,Level 1,205,157,122,16,19,48
S01009093,Level 2,89,75,60,7,8,14
S01009093,Level 3,61,51,47,2,2,10
S01009093,Level 4 and above,110,88,77,3,8,22
S01009094,All people aged 16 and over,576,302,272,23,7,274
S01009094,No qualifications,67,16,13,1,2,51
S01009094,Level 1,112,51,44,5,2,61
S01009094,Level 2,97,61,54,4,3,36
S01009094,Level 3,61,40,34,6,0,21
S01009094,Level 4 and above,239,134,127,7,0,105
S01009095,All people aged 16 and over,664,414,332,63,19,250
S01009095,No qualifications,162,48,40,4,4,114
S01009095,Level 1,134,88,65,18,5,46
S01009095,Level 2,103,75,60,11,4,28
S01009095,Level 3,73,58,50,5,3,15
S01009095,Level 4 and above,192,145,117,25,3,47
S01009096,All people aged 16 and over,779,549,467,62,20,230
S01009096,No qualifications,149,33,22,7,4,116
S01009096,Level 1,149,101,79,14,8,48
S01009096,Level 2,132,111,99,7,5,21
S01009096,Level 3,86,73,63,7,3,13
S01009096,Level 4 and above,263,231,204,27,0,32
S01009097,All people aged 16 and over,699,515,466,32,17,184
S01009097,No qualifications,92,32,23,7,2,60
S01009097,Level 1,161,111,94,9,8,50
S01009097,Level 2,135,102,94,5,3,33
S01009097,Level 3,86,73,70,2,1,13
S01009097,Level 4 and above,225,197,185,9,3,28
S01009098,All people aged 16 and over,426,263,213,34,16,163
S01009098,No qualifications,67,19,11,5,3,48
S01009098,Level 1,69,41,33,5,3,28
S01009098,Level 2,83,54,47,4,3,29
S01009098,Level 3,43,32,27,3,2,11
S01009098,Level 4 and above,164,117,95,17,5,47
S01009099,All people aged 16 and over,662,384,339,25,20,278
S01009099,No qualifications,202,50,41,7,2,152
S01009099,Level 1,163,114,100,4,10,49
S01009099,Level 2,96,73,62,8,3,23
S01009099,Level 3,64,50,43,4,3,14
S01009099,Level 4 and above,137,97,93,2,2,40
S01009100,All people aged 16 and over,651,336,286,30,20,315
S01009100,No qualifications,260,61,47,9,5,199
S01009100,Level 1,163,107,86,11,10,56
S01009100,Level 2,73,58,50,5,3,15
S01009100,Level 3,60,50,49,0,1,10
S01009100,Level 4 and above,95,60,54,5,1,35
S01009101,All people aged 16 and over,763,507,416,36,55,256
S01009101,No qualifications,272,123,96,9,18,149
S01009101,Level 1,268,203,166,15,22,65
S01009101,Level 2,82,69,58,2,9,13
S01009101,Level 3,61,46,40,3,3,15
S01009101,Level 4 and above,80,66,56,7,3,14
S01009102,All people aged 16 and over,600,407,321,22,64,193
S01009102,No qualifications,205,114,84,11,19,91
S01009102,Level 1,229,157,125,4,28,72
S01009102,Level 2,60,52,43,2,7,8
S01009102,Level 3,42,35,27,3,5,7
S01009102,Level 4 and above,64,49,42,2,5,15
S01009103,All people aged 16 and over,487,291,258,16,17,196
S01009103,No qualifications,95,30,24,2,4,65
S01009103,Level 1,134,79,70,4,5,55
S01009103,Level 2,97,66,63,1,2,31
S01009103,Level 3,50,35,31,4,0,15
S01009103,Level 4 and above,111,81,70,5,6,30
S01009104,All people aged 16 and over,650,408,353,28,27,242
S01009104,No qualifications,164,64,54,4,6,100
S01009104,Level 1,218,142,118,10,14,76
S01009104,Level 2,92,69,63,2,4,23
S01009104,Level 3,61,49,40,7,2,12
S01009104,Level 4 and above,115,84,78,5,1,31
S01009105,All people aged 16 and over,639,439,380,39,20,200
S01009105,No qualifications,128,41,25,12,4,87
S01009105,Level 1,182,122,102,10,10,60
S01009105,Level 2,88,74,69,3,2,14
S01009105,Level 3,83,70,64,3,3,13
S01009105,Level 4 and above,158,132,120,11,1,26
S01009106,All people aged 16 and over,457,298,253,23,22,159
S01009106,No qualifications,138,47,40,2,5,91
S01009106,Level 1,109,90,75,7,8,19
S01009106,Level 2,66,53,46,4,3,13
S01009106,Level 3,44,32,25,4,3,12
S01009106,Level 4 and above,100,76,67,6,3,24
S01009107,All people aged 16 and over,672,494,438,25,31,178
S01009107,No qualifications,115,55,45,3,7,60
S01009107,Level 1,181,144,127,5,12,37
S01009107,Level 2,112,88,79,2,7,24
S01009107,Level 3,87,65,59,5,1,22
S01009107,Level 4 and above,177,142,128,10,4,35
S01009108,All people aged 16 and over,612,404,355,33,16,208
S01009108,No qualifications,110,36,33,2,1,74
S01009108,Level 1,154,112,90,14,8,42
S01009108,Level 2,89,64,59,3,2,25
S01009108,Level 3,87,70,59,8,3,17
S01009108,Level 4 and above,172,122,114,6,2,50
S01009109,All people aged 16 and over,569,393,348,30,15,176
S01009109,No qualifications,100,32,22,9,1,68
S01009109,Level 1,147,101,92,4,5,46
S01009109,Level 2,90,72,64,3,5,18
S01009109,Level 3,64,53,48,4,1,11
S01009109,Level 4 and above,168,135,122,10,3,33
S01009110,All people aged 16 and over,499,301,269,21,11,198
S01009110,No qualifications,124,36,31,4,1,88
S01009110,Level 1,157,98,88,4,6,59
S01009110,Level 2,56,45,40,5,0,11
S01009110,Level 3,44,31,27,2,2,13
S01009110,Level 4 and above,118,91,83,6,2,27
S01009111,All people aged 16 and over,698,537,467,44,26,161
S01009111,No qualifications,96,37,27,7,3,59
S01009111,Level 1,230,178,151,18,9,52
S01009111,Level 2,115,92,78,5,9,23
S01009111,Level 3,95,91,84,6,1,4
S01009111,Level 4 and above,162,139,127,8,4,23
S01009112,All people aged 16 and over,470,279,240,33,6,191
S01009112,No qualifications,76,23,12,11,0,53
S01009112,Level 1,109,69,62,4,3,40
S01009112,Level 2,66,50,42,6,2,16
S01009112,Level 3,61,42,39,3,0,19
S01009112,Level 4 and above,158,95,85,9,1,63
S01009113,All people aged 16 and over,790,481,421,44,16,309
S01009113,No qualifications,203,40,32,7,1,163
S01009113,Level 1,197,138,122,12,4,59
S01009113,Level 2,129,97,88,6,3,32
S01009113,Level 3,88,75,68,6,1,13
S01009113,Level 4 and above,173,131,111,13,7,42
S01009114,All people aged 16 and over,615,481,412,36,33,134
S01009114,No qualifications,129,67,51,8,8,62
S01009114,Level 1,178,149,121,14,14,29
S01009114,Level 2,123,101,92,3,6,22
S01009114,Level 3,73,64,60,3,1,9
S01009114,Level 4 and above,112,100,88,8,4,12
S01009115,All people aged 16 and over,474,356,310,30,16,118
S01009115,No qualifications,74,35,30,4,1,39
S01009115,Level 1,133,96,77,10,9,37
S01009115,Level 2,81,66,62,2,2,15
S01009115,Level 3,68,57,52,4,1,11
S01009115,Level 4 and above,118,102,89,10,3,16
S01009116,All people aged 16 and over,405,281,248,17,16,124
S01009116,No qualifications,71,31,26,4,1,40
S01009116,Level 1,97,73,60,8,5,24
S01009116,Level 2,88,71,63,0,8,17
S01009116,Level 3,51,40,39,0,1,11
S01009116,Level 4 and above,98,66,60,5,1,32
S01009117,All people aged 16 and over,671,490,417,37,36,181
S01009117,No qualifications,176,80,62,9,9,96
S01009117,Level 1,217,164,132,13,19,53
S01009117,Level 2,100,89,77,6,6,11
S01009117,Level 3,69,60,54,6,0,9
S01009117,Level 4 and above,109,97,92,3,2,12
S01009118,All people aged 16 and over,471,387,349,27,11,84
S01009118,No qualifications,61,27,22,2,3,34
S01009118,Level 1,118,93,82,8,3,25
S01009118,Level 2,100,87,79,7,1,13
S01009118,Level 3,81,74,69,2,3,7
S01009118,Level 4 and above,111,106,97,8,1,5
S01009119,All people aged 16 and over,600,374,306,30,38,226
S01009119,No qualifications,244,99,76,8,15,145
S01009119,Level 1,185,137,106,12,19,48
S01009119,Level 2,61,46,42,3,1,15
S01009119,Level 3,55,49,46,2,1,6
S01009119,Level 4 and above,55,43,36,5,2,12
S01009120,All people aged 16 and over,444,287,243,17,27,157
S01009120,No qualifications,162,72,58,6,8,90
S01009120,Level 1,119,83,66,5,12,36
S01009120,Level 2,68,56,50,2,4,12
S01009120,Level 3,43,36,32,2,2,7
S01009120,Level 4 and above,52,40,37,2,1,12
S01009121,All people aged 16 and over,690,450,387,34,29,240
S01009121,No qualifications,231,94,81,8,5,137
S01009121,Level 1,228,161,139,12,10,67
S01009121,Level 2,107,91,75,6,10,16
S01009121,Level 3,63,57,51,4,2,6
S01009121,Level 4 and above,61,47,41,4,2,14
S01009122,All people aged 16 and over,778,511,383,80,48,267
S01009122,No qualifications,219,94,70,16,8,125
S01009122,Level 1,202,143,103,22,18,59
S01009122,Level 2,117,88,71,6,11,29
S01009122,Level 3,92,72,55,12,5,20
S01009122,Level 4 and above,148,114,84,24,6,34
S01009123,All people aged 16 and over,446,329,265,39,25,117
S01009123,No qualifications,72,33,21,7,5,39
S01009123,Level 1,125,88,65,10,13,37
S01009123,Level 2,61,51,42,3,6,10
S01009123,Level 3,46,36,33,2,1,10
S01009123,Level 4 and above,142,121,104,17,0,21
S01009124,All people aged 16 and over,407,306,259,36,11,101
S01009124,No qualifications,90,39,34,5,0,51
S01009124,Level 1,133,110,92,12,6,23
S01009124,Level 2,58,49,44,4,1,9
S01009124,Level 3,52,48,42,5,1,4
S01009124,Level 4 and above,74,60,47,10,3,14
S01009125,All people aged 16 and over,608,328,279,20,29,280
S01009125,No qualifications,285,102,83,6,13,183
S01009125,Level 1,131,87,70,8,9,44
S01009125,Level 2,54,45,39,3,3,9
S01009125,Level 3,38,27,24,0,3,11
S01009125,Level 4 and above,100,67,63,3,1,33
S01009126,All people aged 16 and over,461,290,210,18,62,171
S01009126,No qualifications,164,66,47,3,16,98
S01009126,Level 1,169,123,80,9,34,46
S01009126,Level 2,51,39,31,2,6,12
S01009126,Level 3,40,34,29,4,1,6
S01009126,Level 4 and above,37,28,23,0,5,9
S01009127,All people aged 16 and over,463,305,232,17,56,158
S01009127,No qualifications,143,82,49,5,28,61
S01009127,Level 1,158,100,80,5,15,58
S01009127,Level 2,59,46,39,0,7,13
S01009127,Level 3,48,38,31,2,5,10
S01009127,Level 4 and above,55,39,33,5,1,16
S01009128,All people aged 16 and over,687,373,288,24,61,314
S01009128,No qualifications,299,88,58,4,26,211
S01009128,Level 1,200,141,111,10,20,59
S01009128,Level 2,62,49,36,4,9,13
S01009128,Level 3,63,49,40,5,4,14
S01009128,Level 4 and above,63,46,43,1,2,17
S01009129,All people aged 16 and over,386,246,204,7,35,140
S01009129,No qualifications,146,65,53,0,12,81
S01009129,Level 1,111,78,68,3,7,33
S01009129,Level 2,46,36,27,2,7,10
S01009129,Level 3,30,25,22,1,2,5
S01009129,Level 4 and above,53,42,34,1,7,11
S01009130,All people aged 16 and over,504,357,291,28,38,147
S01009130,No qualifications,133,57,47,4,6,76
S01009130,Level 1,154,113,82,9,22,41
S01009130,Level 2,74,58,52,1,5,16
S01009130,Level 3,54,50,42,6,2,4
S01009130,Level 4 and above,89,79,68,8,3,10
S01009131,All people aged 16 and over,413,264,221,16,27,149
S01009131,No qualifications,145,56,41,2,13,89
S01009131,Level 1,127,94,82,5,7,33
S01009131,Level 2,48,41,33,3,5,7
S01009131,Level 3,36,31,28,3,0,5
S01009131,Level 4 and above,57,42,37,3,2,15
S01009132,All people aged 16 and over,633,493,435,32,26,140
S01009132,No qualifications,96,45,32,6,7,51
S01009132,Level 1,170,124,112,4,8,46
S01009132,Level 2,113,100,87,9,4,13
S01009132,Level 3,81,79,70,4,5,2
S01009132,Level 4 and above,173,145,134,9,2,28
S01009133,All people aged 16 and over,480,306,255,22,29,174
S01009133,No qualifications,155,63,55,3,5,92
S01009133,Level 1,157,111,90,7,14,46
S01009133,Level 2,64,48,36,6,6,16
S01009133,Level 3,43,36,34,0,2,7
S01009133,Level 4 and above,61,48,40,6,2,13
S01009134,All people aged 16 and over,764,506,438,38,30,258
S01009134,No qualifications,160,50,43,3,4,110
S01009134,Level 1,221,156,127,17,12,65
S01009134,Level 2,107,83,74,5,4,24
S01009134,Level 3,91,75,68,4,3,16
S01009134,Level 4 and above,185,142,126,9,7,43
S01009135,All people aged 16 and over,447,373,319,28,26,74
S01009135,No qualifications,58,32,19,6,7,26
S01009135,Level 1,107,87,75,4,8,20
S01009135,Level 2,73,65,54,6,5,8
S01009135,Level 3,72,67,59,5,3,5
S01009135,Level 4 and above,137,122,112,7,3,15
S01009136,All people aged 16 and over,620,416,348,42,26,204
S01009136,No qualifications,150,32,21,6,5,118
S01009136,Level 1,139,102,78,13,11,37
S01009136,Level 2,95,82,67,9,6,13
S01009136,Level 3,77,67,59,6,2,10
S01009136,Level 4 and above,159,133,123,8,2,26
S01009137,All people aged 16 and over,437,395,340,46,9,42
S01009137,No qualifications,31,20,16,4,0,11
S01009137,Level 1,87,77,61,11,5,10
S01009137,Level 2,81,70,64,4,2,11
S01009137,Level 3,73,69,62,5,2,4
S01009137,Level 4 and above,165,159,137,22,0,6
S01009138,All people aged 16 and over,712,516,428,60,28,196
S01009138,No qualifications,110,43,28,10,5,67
S01009138,Level 1,179,122,100,16,6,57
S01009138,Level 2,110,88,66,12,10,22
S01009138,Level 3,84,68,60,7,1,16
S01009138,Level 4 and above,229,195,174,15,6,34
S01009139,All people aged 16 and over,350,254,197,17,40,96
S01009139,No qualifications,93,42,25,0,17,51
S01009139,Level 1,99,75,50,9,16,24
S01009139,Level 2,38,34,30,2,2,4
S01009139,Level 3,55,51,45,1,5,4
S01009139,Level 4 and above,65,52,47,5,0,13
S01009140,All people aged 16 and over,616,398,340,26,32,218
S01009140,No qualifications,172,55,45,3,7,117
S01009140,Level 1,144,96,80,3,13,48
S01009140,Level 2,105,84,69,11,4,21
S01009140,Level 3,70,57,50,3,4,13
S01009140,Level 4 and above,125,106,96,6,4,19
S01009141,All people aged 16 and over,719,434,351,33,50,285
S01009141,No qualifications,234,62,44,5,13,172
S01009141,Level 1,184,129,102,8,19,55
S01009141,Level 2,96,72,58,3,11,24
S01009141,Level 3,79,65,54,9,2,14
S01009141,Level 4 and above,126,106,93,8,5,20
S01009142,All people aged 16 and over,548,340,274,22,44,208
S01009142,No qualifications,166,71,58,5,8,95
S01009142,Level 1,155,104,83,7,14,51
S01009142,Level 2,81,62,48,4,10,19
S01009142,Level 3,47,31,24,1,6,16
S01009142,Level 4 and above,99,72,61,5,6,27
S01009143,All people aged 16 and over,501,275,224,20,31,226
S01009143,No qualifications,200,47,36,5,6,153
S01009143,Level 1,147,104,80,8,16,43
S01009143,Level 2,59,49,42,2,5,10
S01009143,Level 3,48,41,35,3,3,7
S01009143,Level 4 and above,47,34,31,2,1,13
S01009144,All people aged 16 and over,542,470,415,36,19,72
S01009144,No qualifications,62,37,30,5,2,25
S01009144,Level 1,146,119,95,14,10,27
S01009144,Level 2,100,90,80,7,3,10
S01009144,Level 3,66,61,57,3,1,5
S01009144,Level 4 and above,168,163,153,7,3,5
S01009145,All people aged 16 and over,883,494,427,32,35,389
S01009145,No qualifications,332,87,75,5,7,245
S01009145,Level 1,247,156,127,16,13,91
S01009145,Level 2,123,99,83,6,10,24
S01009145,Level 3,89,72,66,2,4,17
S01009145,Level 4 and above,92,80,76,3,1,12
S01009146,All people aged 16 and over,758,507,414,34,59,251
S01009146,No qualifications,253,103,78,10,15,150
S01009146,Level 1,235,174,136,12,26,61
S01009146,Level 2,79,63,53,2,8,16
S01009146,Level 3,87,79,68,4,7,8
S01009146,Level 4 and above,104,88,79,6,3,16
S01009147,All people aged 16 and over,648,379,310,22,47,269
S01009147,No qualifications,250,88,68,6,14,162
S01009147,Level 1,197,135,107,9,19,62
S01009147,Level 2,67,55,48,2,5,12
S01009147,Level 3,57,47,39,3,5,10
S01009147,Level 4 and above,77,54,48,2,4,23
S01009148,All people aged 16 and over,549,347,300,13,34,202
S01009148,No qualifications,203,90,74,6,10,113
S01009148,Level 1,188,135,117,1,17,53
S01009148,Level 2,65,49,45,0,4,16
S01009148,Level 3,48,36,31,2,3,12
S01009148,Level 4 and above,45,37,33,4,0,8
S01009149,All people aged 16 and over,682,439,365,49,25,243
S01009149,No qualifications,133,35,25,5,5,98
S01009149,Level 1,172,124,98,21,5,48
S01009149,Level 2,105,81,68,7,6,24
S01009149,Level 3,89,65,55,5,5,24
S01009149,Level 4 and above,183,134,119,11,4,49
S01009150,All people aged 16 and over,745,102,82,13,7,643
S01009150,No qualifications,483,41,32,4,5,442
S01009150,Level 1,148,28,21,5,2,120
S01009150,Level 2,30,11,10,1,0,19
S01009150,Level 3,29,6,5,1,0,23
S01009150,Level 4 and above,55,16,14,2,0,39
S01009151,All people aged 16 and over,766,372,302,42,28,394
S01009151,No qualifications,261,36,27,8,1,225
S01009151,Level 1,166,93,68,7,18,73
S01009151,Level 2,82,54,47,3,4,28
S01009151,Level 3,60,41,37,3,1,19
S01009151,Level 4 and above,197,148,123,21,4,49
S01009152,All people aged 16 and over,625,325,270,26,29,300
S01009152,No qualifications,216,37,30,3,4,179
S01009152,Level 1,150,97,75,9,13,53
S01009152,Level 2,77,51,48,0,3,26
S01009152,Level 3,59,44,37,5,2,15
S01009152,Level 4 and above,123,96,80,9,7,27
S01009153,All people aged 16 and over,420,298,232,46,20,122
S01009153,No qualifications,66,21,13,4,4,45
S01009153,Level 1,81,67,58,5,4,14
S01009153,Level 2,65,44,34,5,5,21
S01009153,Level 3,58,53,45,6,2,5
S01009153,Level 4 and above,150,113,82,26,5,37
S01009154,All people aged 16 and over,852,480,384,77,19,372
S01009154,No qualifications,171,26,13,12,1,145
S01009154,Level 1,172,96,75,13,8,76
S01009154,Level 2,111,72,62,8,2,39
S01009154,Level 3,102,76,61,12,3,26
S01009154,Level 4 and above,296,210,173,32,5,86
S01009155,All people aged 16 and over,450,278,234,26,18,172
S01009155,No qualifications,49,8,5,1,2,41
S01009155,Level 1,82,52,41,5,6,30
S01009155,Level 2,59,36,31,1,4,23
S01009155,Level 3,62,46,40,4,2,16
S01009155,Level 4 and above,198,136,117,15,4,62
S01009156,All people aged 16 and over,461,276,226,34,16,185
S01009156,No qualifications,60,15,6,5,4,45
S01009156,Level 1,79,42,33,4,5,37
S01009156,Level 2,77,55,45,7,3,22
S01009156,Level 3,28,17,14,3,0,11
S01009156,Level 4 and above,217,147,128,15,4,70
S01009157,All people aged 16 and over,684,431,366,36,29,253
S01009157,No qualifications,195,62,54,6,2,133
S01009157,Level 1,202,132,106,12,14,70
S01009157,Level 2,101,86,72,7,7,15
S01009157,Level 3,57,48,41,3,4,9
S01009157,Level 4 and above,129,103,93,8,2,26
S01009158,All people aged 16 and over,465,287,249,16,22,178
S01009158,No qualifications,150,40,33,1,6,110
S01009158,Level 1,131,97,83,5,9,34
S01009158,Level 2,59,50,42,4,4,9
S01009158,Level 3,40,33,30,2,1,7
S01009158,Level 4 and above,85,67,61,4,2,18
S01009159,All people aged 16 and over,399,230,179,16,35,169
S01009159,No qualifications,165,67,47,8,12,98
S01009159,Level 1,124,82,61,5,16,42
S01009159,Level 2,46,32,28,0,4,14
S01009159,Level 3,37,29,26,0,3,8
S01009159,Level 4 and above,27,20,17,3,0,7
S01009160,All people aged 16 and over,583,344,279,24,41,239
S01009160,No qualifications,223,71,54,3,14,152
S01009160,Level 1,162,118,96,9,13,44
S01009160,Level 2,69,50,44,1,5,19
S01009160,Level 3,50,42,35,4,3,8
S01009160,Level 4 and above,79,63,50,7,6,16
S01009161,All people aged 16 and over,543,306,235,13,58,237
S01009161,No qualifications,237,78,56,1,21,159
S01009161,Level 1,158,107,81,5,21,51
S01009161,Level 2,46,39,30,1,8,7
S01009161,Level 3,48,35,31,1,3,13
S01009161,Level 4 and above,54,47,37,5,5,7
S01009162,All people aged 16 and over,643,376,321,15,40,267
S01009162,No qualifications,240,66,52,3,11,174
S01009162,Level 1,203,151,126,6,19,52
S01009162,Level 2,65,55,46,3,6,10
S01009162,Level 3,54,42,40,1,1,12
S01009162,Level 4 and above,81,62,57,2,3,19
S01009163,All people aged 16 and over,440,258,208,18,32,182
S01009163,No qualifications,123,26,19,2,5,97
S01009163,Level 1,95,65,48,2,15,30
S01009163,Level 2,59,45,39,4,2,14
S01009163,Level 3,64,55,42,5,8,9
S01009163,Level 4 and above,99,67,60,5,2,32
S01009164,All people aged 16 and over,598,392,327,19,46,206
S01009164,No qualifications,200,75,64,4,7,125
S01009164,Level 1,196,143,111,6,26,53
S01009164,Level 2,76,67,56,3,8,9
S01009164,Level 3,57,52,46,4,2,5
S01009164,Level 4 and above,69,55,50,2,3,14
S01009165,All people aged 16 and over,591,364,285,15,64,227
S01009165,No qualifications,206,79,52,5,22,127
S01009165,Level 1,181,133,101,5,27,48
S01009165,Level 2,71,52,46,2,4,19
S01009165,Level 3,58,44,39,1,4,14
S01009165,Level 4 and above,75,56,47,2,7,19
S01009166,All people aged 16 and over,673,406,325,16,65,267
S01009166,No qualifications,254,97,76,4,17,157
S01009166,Level 1,222,152,110,7,35,70
S01009166,Level 2,68,57,52,0,5,11
S01009166,Level 3,67,52,44,3,5,15
S01009166,Level 4 and above,62,48,43,2,3,14
S01009167,All people aged 16 and over,410,273,217,22,34,137
S01009167,No qualifications,140,67,50,9,8,73
S01009167,Level 1,151,112,83,9,20,39
S01009167,Level 2,43,35,32,1,2,8
S01009167,Level 3,38,29,25,1,3,9
S01009167,Level 4 and above,38,30,27,2,1,8
S01009168,All people aged 16 and over,562,333,291,28,14,229
S01009168,No qualifications,114,36,29,5,2,78
S01009168,Level 1,126,77,63,8,6,49
S01009168,Level 2,91,68,58,7,3,23
S01009168,Level 3,68,49,46,1,2,19
S01009168,Level 4 and above,163,103,95,7,1,60
S01009169,All people aged 16 and over,689,278,234,22,22,411
S01009169,No qualifications,288,38,29,3,6,250
S01009169,Level 1,178,93,75,10,8,85
S01009169,Level 2,77,54,49,3,2,23
S01009169,Level 3,52,33,29,1,3,19
S01009169,Level 4 and above,94,60,52,5,3,34
S01009170,All people aged 16 and over,529,362,289,34,39,167
S01009170,No qualifications,164,71,51,8,12,93
S01009170,Level 1,198,156,125,15,16,42
S01009170,Level 2,61,51,41,2,8,10
S01009170,Level 3,40,31,28,2,1,9
S01009170,Level 4 and above,66,53,44,7,2,13
S01009171,All people aged 16 and over,529,387,306,29,52,142
S01009171,No qualifications,147,81,60,5,16,66
S01009171,Level 1,177,132,109,5,18,45
S01009171,Level 2,64,59,49,4,6,5
S01009171,Level 3,52,43,29,6,8,9
S01009171,Level 4 and above,89,72,59,9,4,17
S01009172,All people aged 16 and over,556,364,293,55,16,192
S01009172,No qualifications,50,19,12,6,1,31
S01009172,Level 1,71,33,24,7,2,38
S01009172,Level 2,87,58,44,9,5,29
S01009172,Level 3,47,32,29,3,0,15
S01009172,Level 4 and above,301,222,184,30,8,79
S01009173,All people aged 16 and over,626,438,386,44,8,188
S01009173,No qualifications,71,29,24,4,1,42
S01009173,Level 1,155,98,83,11,4,57
S01009173,Level 2,116,89,78,10,1,27
S01009173,Level 3,66,53,49,4,0,13
S01009173,Level 4 and above,218,169,152,15,2,49
S01009174,All people aged 16 and over,346,305,252,39,14,41
S01009174,No qualifications,16,11,9,1,1,5
S01009174,Level 1,79,65,50,9,6,14
S01009174,Level 2,47,39,25,11,3,8
S01009174,Level 3,51,49,42,6,1,2
S01009174,Level 4 and above,153,141,126,12,3,12
S01009175,All people aged 16 and over,637,531,469,46,16,106
S01009175,No qualifications,38,21,18,2,1,17
S01009175,Level 1,112,87,70,12,5,25
S01009175,Level 2,111,88,78,8,2,23
S01009175,Level 3,90,74,67,4,3,16
S01009175,Level 4 and above,286,261,236,20,5,25
S01009176,All people aged 16 and over,801,499,410,70,19,302
S01009176,No qualifications,115,33,23,8,2,82
S01009176,Level 1,125,69,55,11,3,56
S01009176,Level 2,126,90,70,17,3,36
S01009176,Level 3,84,56,49,5,2,28
S01009176,Level 4 and above,351,251,213,29,9,100
S01009177,All people aged 16 and over,648,449,343,44,62,199
S01009177,No qualifications,178,80,55,8,17,98
S01009177,Level 1,215,167,121,17,29,48
S01009177,Level 2,93,70,57,6,7,23
S01009177,Level 3,72,55,48,5,2,17
S01009177,Level 4 and above,90,77,62,8,7,13
S01009178,All people aged 16 and over,568,390,305,26,59,178
S01009178,No qualifications,124,53,37,3,13,71
S01009178,Level 1,201,143,100,8,35,58
S01009178,Level 2,82,67,55,7,5,15
S01009178,Level 3,65,54,51,3,0,11
S01009178,Level 4 and above,96,73,62,5,6,23
S01009179,All people aged 16 and over,539,374,306,20,48,165
S01009179,No qualifications,154,80,64,4,12,74
S01009179,Level 1,173,125,94,8,23,48
S01009179,Level 2,84,69,59,2,8,15
S01009179,Level 3,55,46,40,4,2,9
S01009179,Level 4 and above,73,54,49,2,3,19
S01009180,All people aged 16 and over,805,512,430,39,43,293
S01009180,No qualifications,291,116,95,11,10,175
S01009180,Level 1,268,191,158,12,21,77
S01009180,Level 2,91,68,58,7,3,23
S01009180,Level 3,73,62,52,3,7,11
S01009180,Level 4 and above,82,75,67,6,2,7
S01009181,All people aged 16 and over,691,452,360,49,43,239
S01009181,No qualifications,249,104,76,12,16,145
S01009181,Level 1,239,181,142,21,18,58
S01009181,Level 2,74,65,58,5,2,9
S01009181,Level 3,48,42,32,6,4,6
S01009181,Level 4 and above,81,60,52,5,3,21
S01009182,All people aged 16 and over,808,581,472,66,43,227
S01009182,No qualifications,174,64,43,15,6,110
S01009182,Level 1,242,185,137,22,26,57
S01009182,Level 2,135,114,100,9,5,21
S01009182,Level 3,95,82,75,4,3,13
S01009182,Level 4 and above,162,136,117,16,3,26
S01009183,All people aged 16 and over,598,480,424,35,21,118
S01009183,No qualifications,56,26,17,3,6,30
S01009183,Level 1,169,128,107,17,4,41
S01009183,Level 2,109,100,93,4,3,9
S01009183,Level 3,94,82,75,3,4,12
S01009183,Level 4 and above,170,144,132,8,4,26
S01009184,All people aged 16 and over,693,420,286,74,60,273
S01009184,No qualifications,255,100,60,22,18,155
S01009184,Level 1,197,138,91,23,24,59
S01009184,Level 2,73,56,37,10,9,17
S01009184,Level 3,50,35,29,2,4,15
S01009184,Level 4 and above,118,91,69,17,5,27
S01009185,All people aged 16 and over,696,447,336,64,47,249
S01009185,No qualifications,228,98,68,17,13,130
S01009185,Level 1,211,146,110,15,21,65
S01009185,Level 2,95,70,56,9,5,25
S01009185,Level 3,59,49,39,6,4,10
S01009185,Level 4 and above,103,84,63,17,4,19
S01009186,All people aged 16 and over,656,434,338,51,45,222
S01009186,No qualifications,179,75,48,16,11,104
S01009186,Level 1,190,124,100,9,15,66
S01009186,Level 2,96,76,64,9,3,20
S01009186,Level 3,90,71,55,5,11,19
S01009186,Level 4 and above,101,88,71,12,5,13
S01009187,All people aged 16 and over,418,264,191,62,11,154
S01009187,No qualifications,79,26,11,13,2,53
S01009187,Level 1,88,52,37,11,4,36
S01009187,Level 2,58,46,32,13,1,12
S01009187,Level 3,40,33,27,5,1,7
S01009187,Level 4 and above,153,107,84,20,3,46
S01009188,All people aged 16 and over,713,469,363,71,35,244
S01009188,No qualifications,208,75,56,11,8,133
S01009188,Level 1,215,154,121,22,11,61
S01009188,Level 2,101,82,64,11,7,19
S01009188,Level 3,50,43,35,5,3,7
S01009188,Level 4 and above,139,115,87,22,6,24
S01009189,All people aged 16 and over,610,381,304,27,50,229
S01009189,No qualifications,241,103,88,4,11,138
S01009189,Level 1,224,170,130,12,28,54
S01009189,Level 2,60,43,30,7,6,17
S01009189,Level 3,33,23,20,1,2,10
S01009189,Level 4 and above,52,42,36,3,3,10
S01009190,All people aged 16 and over,639,492,406,72,14,147
S01009190,No qualifications,86,31,24,4,3,55
S01009190,Level 1,165,125,103,17,5,40
S01009190,Level 2,118,104,82,20,2,14
S01009190,Level 3,93,77,63,11,3,16
S01009190,Level 4 and above,177,155,134,20,1,22
S01009191,All people aged 16 and over,499,428,372,43,13,71
S01009191,No qualifications,23,14,11,3,0,9
S01009191,Level 1,118,95,76,12,7,23
S01009191,Level 2,98,78,70,7,1,20
S01009191,Level 3,62,55,52,3,0,7
S01009191,Level 4 and above,198,186,163,18,5,12
S01009192,All people aged 16 and over,994,392,316,42,34,602
S01009192,No qualifications,330,61,46,5,10,269
S01009192,Level 1,376,117,86,16,15,259
S01009192,Level 2,103,79,67,8,4,24
S01009192,Level 3,55,42,37,4,1,13
S01009192,Level 4 and above,130,93,80,9,4,37
S01009193,All people aged 16 and over,240,208,189,11,8,32
S01009193,No qualifications,20,12,10,2,0,8
S01009193,Level 1,54,41,36,3,2,13
S01009193,Level 2,55,49,43,4,2,6
S01009193,Level 3,41,40,37,0,3,1
S01009193,Level 4 and above,70,66,63,2,1,4
S01009194,All people aged 16 and over,673,440,372,53,15,233
S01009194,No qualifications,93,32,26,5,1,61
S01009194,Level 1,166,108,80,20,8,58
S01009194,Level 2,101,77,69,5,3,24
S01009194,Level 3,90,61,49,10,2,29
S01009194,Level 4 and above,223,162,148,13,1,61
S01009195,All people aged 16 and over,679,514,450,48,16,165
S01009195,No qualifications,84,23,15,7,1,61
S01009195,Level 1,132,96,79,10,7,36
S01009195,Level 2,122,96,90,5,1,26
S01009195,Level 3,74,69,56,9,4,5
S01009195,Level 4 and above,267,230,210,17,3,37
S01009196,All people aged 16 and over,584,361,288,43,30,223
S01009196,No qualifications,154,50,37,10,3,104
S01009196,Level 1,181,120,95,11,14,61
S01009196,Level 2,77,62,46,8,8,15
S01009196,Level 3,49,33,26,4,3,16
S01009196,Level 4 and above,123,96,84,10,2,27
S01009197,All people aged 16 and over,794,575,489,58,28,219
S01009197,No qualifications,95,33,24,6,3,62
S01009197,Level 1,164,103,76,18,9,61
S01009197,Level 2,126,92,82,6,4,34
S01009197,Level 3,104,86,77,5,4,18
S01009197,Level 4 and above,305,261,230,23,8,44
S01009198,All people aged 16 and over,612,411,340,49,22,201
S01009198,No qualifications,107,38,26,10,2,69
S01009198,Level 1,122,84,64,12,8,38
S01009198,Level 2,122,91,82,5,4,31
S01009198,Level 3,71,56,46,6,4,15
S01009198,Level 4 and above,190,142,122,16,4,48
S01009199,All people aged 16 and over,486,345,292,37,16,141
S01009199,No qualifications,86,29,21,4,4,57
S01009199,Level 1,121,81,63,15,3,40
S01009199,Level 2,77,64,59,2,3,13
S01009199,Level 3,66,53,42,7,4,13
S01009199,Level 4 and above,136,118,107,9,2,18
S01009200,All people aged 16 and over,892,579,508,44,27,313
S01009200,No qualifications,163,51,39,7,5,112
S01009200,Level 1,193,115,97,8,10,78
S01009200,Level 2,132,96,81,7,8,36
S01009200,Level 3,106,84,74,8,2,22
S01009200,Level 4 and above,298,233,217,14,2,65
S01009201,All people aged 16 and over,513,366,292,32,42,147
S01009201,No qualifications,120,56,39,6,11,64
S01009201,Level 1,161,129,98,12,19,32
S01009201,Level 2,93,76,66,4,6,17
S01009201,Level 3,58,42,38,2,2,16
S01009201,Level 4 and above,81,63,51,8,4,18
S01009202,All people aged 16 and over,402,299,251,34,14,103
S01009202,No qualifications,43,15,10,5,0,28
S01009202,Level 1,114,85,68,11,6,29
S01009202,Level 2,69,56,46,7,3,13
S01009202,Level 3,46,36,33,2,1,10
S01009202,Level 4 and above,130,107,94,9,4,23
S01009203,All people aged 16 and over,485,256,197,28,31,229
S01009203,No qualifications,214,61,39,9,13,153
S01009203,Level 1,142,101,79,10,12,41
S01009203,Level 2,42,29,24,3,2,13
S01009203,Level 3,39,29,23,3,3,10
S01009203,Level 4 and above,48,36,32,3,1,12
S01009204,All people aged 16 and over,685,484,391,44,49,201
S01009204,No qualifications,185,96,74,9,13,89
S01009204,Level 1,185,130,95,12,23,55
S01009204,Level 2,114,92,73,11,8,22
S01009204,Level 3,85,73,63,6,4,12
S01009204,Level 4 and above,116,93,86,6,1,23
S01009205,All people aged 16 and over,610,474,411,42,21,136
S01009205,No qualifications,76,34,29,4,1,42
S01009205,Level 1,153,120,102,13,5,33
S01009205,Level 2,137,110,95,10,5,27
S01009205,Level 3,87,74,61,7,6,13
S01009205,Level 4 and above,157,136,124,8,4,21
S01009206,All people aged 16 and over,689,518,460,32,26,171
S01009206,No qualifications,91,39,28,4,7,52
S01009206,Level 1,153,107,94,6,7,46
S01009206,Level 2,125,108,98,4,6,17
S01009206,Level 3,95,82,72,8,2,13
S01009206,Level 4 and above,225,182,168,10,4,43
S01009207,All people aged 16 and over,686,410,363,27,20,276
S01009207,No qualifications,101,32,23,8,1,69
S01009207,Level 1,166,103,93,4,6,63
S01009207,Level 2,101,72,66,1,5,29
S01009207,Level 3,101,70,62,5,3,31
S01009207,Level 4 and above,217,133,119,9,5,84
S01009208,All people aged 16 and over,540,298,262,21,15,242
S01009208,No qualifications,126,25,20,3,2,101
S01009208,Level 1,124,74,66,4,4,50
S01009208,Level 2,82,61,54,4,3,21
S01009208,Level 3,65,49,45,3,1,16
S01009208,Level 4 and above,143,89,77,7,5,54
S01009209,All people aged 16 and over,593,305,260,30,15,288
S01009209,No qualifications,157,31,27,2,2,126
S01009209,Level 1,122,68,54,8,6,54
S01009209,Level 2,77,50,40,7,3,27
S01009209,Level 3,52,39,37,1,1,13
S01009209,Level 4 and above,185,117,102,12,3,68
S01009210,All people aged 16 and over,472,315,255,46,14,157
S01009210,No qualifications,87,26,21,3,2,61
S01009210,Level 1,116,79,64,10,5,37
S01009210,Level 2,70,54,42,11,1,16
S01009210,Level 3,57,46,36,7,3,11
S01009210,Level 4 and above,142,110,92,15,3,32
S01009211,All people aged 16 and over,502,338,282,30,26,164
S01009211,No qualifications,117,54,39,9,6,63
S01009211,Level 1,137,95,80,5,10,42
S01009211,Level 2,83,65,54,7,4,18
S01009211,Level 3,63,49,41,3,5,14
S01009211,Level 4 and above,102,75,68,6,1,27
S01009212,All people aged 16 and over,683,389,329,30,30,294
S01009212,No qualifications,255,87,72,8,7,168
S01009212,Level 1,210,142,120,9,13,68
S01009212,Level 2,87,64,53,5,6,23
S01009212,Level 3,62,52,46,4,2,10
S01009212,Level 4 and above,69,44,38,4,2,25
S01009213,All people aged 16 and over,746,451,375,36,40,295
S01009213,No qualifications,264,85,63,14,8,179
S01009213,Level 1,226,156,131,7,18,70
S01009213,Level 2,100,83,70,7,6,17
S01009213,Level 3,57,46,43,2,1,11
S01009213,Level 4 and above,99,81,68,6,7,18
S01009214,All people aged 16 and over,825,553,478,42,33,272
S01009214,No qualifications,164,44,37,4,3,120
S01009214,Level 1,214,139,113,11,15,75
S01009214,Level 2,136,115,98,7,10,21
S01009214,Level 3,94,83,76,6,1,11
S01009214,Level 4 and above,217,172,154,14,4,45
S01009215,All people aged 16 and over,761,477,393,39,45,284
S01009215,No qualifications,213,72,51,6,15,141
S01009215,Level 1,252,174,142,14,18,78
S01009215,Level 2,118,96,81,8,7,22
S01009215,Level 3,71,54,48,3,3,17
S01009215,Level 4 and above,107,81,71,8,2,26
S01009216,All people aged 16 and over,755,485,411,38,36,270
S01009216,No qualifications,251,98,85,8,5,153
S01009216,Level 1,248,183,143,15,25,65
S01009216,Level 2,113,90,83,4,3,23
S01009216,Level 3,51,41,35,4,2,10
S01009216,Level 4 and above,92,73,65,7,1,19
S01009217,All people aged 16 and over,488,301,228,25,48,187
S01009217,No qualifications,201,87,63,7,17,114
S01009217,Level 1,158,111,77,10,24,47
S01009217,Level 2,42,38,34,2,2,4
S01009217,Level 3,37,27,21,3,3,10
S01009217,Level 4 and above,50,38,33,3,2,12
S01009218,All people aged 16 and over,717,405,339,36,30,312
S01009218,No qualifications,200,53,44,6,3,147
S01009218,Level 1,208,136,109,17,10,72
S01009218,Level 2,101,75,63,5,7,26
S01009218,Level 3,67,58,51,3,4,9
S01009218,Level 4 and above,141,83,72,5,6,58
S01009219,All people aged 16 and over,548,329,267,21,41,219
S01009219,No qualifications,199,59,44,3,12,140
S01009219,Level 1,187,137,106,11,20,50
S01009219,Level 2,57,46,38,4,4,11
S01009219,Level 3,48,39,34,1,4,9
S01009219,Level 4 and above,57,48,45,2,1,9
S01009220,All people aged 16 and over,446,252,206,16,30,194
S01009220,No qualifications,159,56,44,5,7,103
S01009220,Level 1,140,88,69,4,15,52
S01009220,Level 2,54,40,37,1,2,14
S01009220,Level 3,35,28,21,2,5,7
S01009220,Level 4 and above,58,40,35,4,1,18
S01009221,All people aged 16 and over,460,288,243,16,29,172
S01009221,No qualifications,179,72,62,5,5,107
S01009221,Level 1,132,93,72,2,19,39
S01009221,Level 2,58,47,40,4,3,11
S01009221,Level 3,47,37,33,3,1,10
S01009221,Level 4 and above,44,39,36,2,1,5
S01009222,All people aged 16 and over,414,264,218,18,28,150
S01009222,No qualifications,149,53,43,1,9,96
S01009222,Level 1,132,106,89,8,9,26
S01009222,Level 2,57,45,35,3,7,12
S01009222,Level 3,33,25,21,3,1,8
S01009222,Level 4 and above,43,35,30,3,2,8
S01009223,All people aged 16 and over,463,278,244,17,17,185
S01009223,No qualifications,178,62,54,6,2,116
S01009223,Level 1,128,91,77,9,5,37
S01009223,Level 2,59,46,40,1,5,13
S01009223,Level 3,46,38,35,0,3,8
S01009223,Level 4 and above,52,41,38,1,2,11
S01009224,All people aged 16 and over,519,324,265,19,40,195
S01009224,No qualifications,192,72,57,6,9,120
S01009224,Level 1,181,128,101,5,22,53
S01009224,Level 2,69,61,49,7,5,8
S01009224,Level 3,39,34,30,1,3,5
S01009224,Level 4 and above,38,29,28,0,1,9
S01009225,All people aged 16 and over,458,278,244,15,19,180
S01009225,No qualifications,174,61,52,5,4,113
S01009225,Level 1,136,98,88,5,5,38
S01009225,Level 2,57,43,36,3,4,14
S01009225,Level 3,46,37,35,1,1,9
S01009225,Level 4 and above,45,39,33,1,5,6
S01009226,All people aged 16 and over,796,447,381,22,44,349
S01009226,No qualifications,328,90,72,5,13,238
S01009226,Level 1,228,161,134,11,16,67
S01009226,Level 2,99,80,70,4,6,19
S01009226,Level 3,61,51,46,2,3,10
S01009226,Level 4 and above,80,65,59,0,6,15
S01009227,All people aged 16 and over,529,280,242,18,20,249
S01009227,No qualifications,195,40,32,4,4,155
S01009227,Level 1,151,102,90,6,6,49
S01009227,Level 2,76,56,45,5,6,20
S01009227,Level 3,44,37,33,1,3,7
S01009227,Level 4 and above,63,45,42,2,1,18
S01009228,All people aged 16 and over,499,286,218,21,47,213
S01009228,No qualifications,196,76,56,4,16,120
S01009228,Level 1,147,99,69,9,21,48
S01009228,Level 2,71,46,40,2,4,25
S01009228,Level 3,46,36,30,3,3,10
S01009228,Level 4 and above,39,29,23,3,3,10
S01009229,All people aged 16 and over,486,299,246,30,23,187
S01009229,No qualifications,152,49,33,8,8,103
S01009229,Level 1,120,85,67,9,9,35
S01009229,Level 2,80,65,54,7,4,15
S01009229,Level 3,64,45,41,2,2,19
S01009229,Level 4 and above,70,55,51,4,0,15
S01009230,All people aged 16 and over,491,365,322,28,15,126
S01009230,No qualifications,113,43,33,6,4,70
S01009230,Level 1,127,97,83,9,5,30
S01009230,Level 2,88,76,66,6,4,12
S01009230,Level 3,85,80,75,4,1,5
S01009230,Level 4 and above,78,69,65,3,1,9
S01009231,All people aged 16 and over,810,535,439,55,41,275
S01009231,No qualifications,206,69,50,10,9,137
S01009231,Level 1,221,158,121,18,19,63
S01009231,Level 2,134,113,93,13,7,21
S01009231,Level 3,102,85,72,8,5,17
S01009231,Level 4 and above,147,110,103,6,1,37
S01009232,All people aged 16 and over,466,289,218,4,67,177
S01009232,No qualifications,152,58,44,2,12,94
S01009232,Level 1,183,130,92,0,38,53
S01009232,Level 2,47,33,25,1,7,14
S01009232,Level 3,46,40,31,0,9,6
S01009232,Level 4 and above,38,28,26,1,1,10
S01009233,All people aged 16 and over,488,267,215,17,35,221
S01009233,No qualifications,202,72,51,5,16,130
S01009233,Level 1,135,84,70,3,11,51
S01009233,Level 2,57,45,38,3,4,12
S01009233,Level 3,39,26,23,0,3,13
S01009233,Level 4 and above,55,40,33,6,1,15
S01009234,All people aged 16 and over,781,491,377,19,95,290
S01009234,No qualifications,275,118,78,4,36,157
S01009234,Level 1,274,183,136,5,42,91
S01009234,Level 2,82,67,55,2,10,15
S01009234,Level 3,72,61,52,4,5,11
S01009234,Level 4 and above,78,62,56,4,2,16
S01009235,All people aged 16 and over,759,509,399,25,85,250
S01009235,No qualifications,231,105,75,1,29,126
S01009235,Level 1,272,203,157,9,37,69
S01009235,Level 2,74,60,53,2,5,14
S01009235,Level 3,83,66,58,2,6,17
S01009235,Level 4 and above,99,75,56,11,8,24
S01009236,All people aged 16 and over,419,230,197,18,15,189
S01009236,No qualifications,103,26,19,3,4,77
S01009236,Level 1,125,73,59,9,5,52
S01009236,Level 2,54,40,33,3,4,14
S01009236,Level 3,56,44,43,1,0,12
S01009236,Level 4 and above,81,47,43,2,2,34
S01009237,All people aged 16 and over,750,463,395,46,22,287
S01009237,No qualifications,128,26,20,4,2,102
S01009237,Level 1,190,116,96,12,8,74
S01009237,Level 2,135,103,81,14,8,32
S01009237,Level 3,108,83,79,3,1,25
S01009237,Level 4 and above,189,135,119,13,3,54
S01009238,All people aged 16 and over,630,354,301,8,45,276
S01009238,No qualifications,214,69,56,3,10,145
S01009238,Level 1,216,138,115,3,20,78
S01009238,Level 2,85,66,57,1,8,19
S01009238,Level 3,49,35,33,1,1,14
S01009238,Level 4 and above,66,46,40,0,6,20
S01009239,All people aged 16 and over,702,475,423,19,33,227
S01009239,No qualifications,197,80,74,2,4,117
S01009239,Level 1,228,170,150,6,14,58
S01009239,Level 2,116,87,68,8,11,29
S01009239,Level 3,71,59,57,1,1,12
S01009239,Level 4 and above,90,79,74,2,3,11
S01009240,All people aged 16 and over,541,350,241,14,95,191
S01009240,No qualifications,180,77,52,4,21,103
S01009240,Level 1,199,149,89,5,55,50
S01009240,Level 2,64,54,44,3,7,10
S01009240,Level 3,47,33,31,0,2,14
S01009240,Level 4 and above,51,37,25,2,10,14
S01009241,All people aged 16 and over,721,434,332,24,78,287
S01009241,No qualifications,259,104,74,9,21,155
S01009241,Level 1,242,164,119,6,39,78
S01009241,Level 2,92,69,54,3,12,23
S01009241,Level 3,51,39,33,3,3,12
S01009241,Level 4 and above,77,58,52,3,3,19
S01009242,All people aged 16 and over,633,407,340,29,38,226
S01009242,No qualifications,146,53,43,3,7,93
S01009242,Level 1,194,135,109,8,18,59
S01009242,Level 2,118,91,74,9,8,27
S01009242,Level 3,77,58,51,3,4,19
S01009242,Level 4 and above,98,70,63,6,1,28
S01009243,All people aged 16 and over,770,541,461,42,38,229
S01009243,No qualifications,228,105,81,10,14,123
S01009243,Level 1,249,194,169,14,11,55
S01009243,Level 2,132,111,99,5,7,21
S01009243,Level 3,59,50,42,6,2,9
S01009243,Level 4 and above,102,81,70,7,4,21
S01009244,All people aged 16 and over,694,434,378,43,13,260
S01009244,No qualifications,152,51,40,11,0,101
S01009244,Level 1,167,108,93,9,6,59
S01009244,Level 2,117,85,77,6,2,32
S01009244,Level 3,94,73,63,7,3,21
S01009244,Level 4 and above,164,117,105,10,2,47
S01009245,All people aged 16 and over,711,467,398,37,32,244
S01009245,No qualifications,164,50,43,5,2,114
S01009245,Level 1,195,136,111,10,15,59
S01009245,Level 2,117,89,78,9,2,28
S01009245,Level 3,89,77,64,4,9,12
S01009245,Level 4 and above,146,115,102,9,4,31
S01009246,All people aged 16 and over,687,422,353,32,37,265
S01009246,No qualifications,281,111,95,8,8,170
S01009246,Level 1,195,132,101,10,21,63
S01009246,Level 2,77,67,57,6,4,10
S01009246,Level 3,61,49,45,3,1,12
S01009246,Level 4 and above,73,63,55,5,3,10
S01009247,All people aged 16 and over,822,570,495,24,51,252
S01009247,No qualifications,284,125,105,4,16,159
S01009247,Level 1,266,210,176,10,24,56
S01009247,Level 2,100,89,83,4,2,11
S01009247,Level 3,70,60,57,1,2,10
S01009247,Level 4 and above,102,86,74,5,7,16
S01009248,All people aged 16 and over,589,355,300,36,19,234
S01009248,No qualifications,168,51,43,4,4,117
S01009248,Level 1,153,116,94,10,12,37
S01009248,Level 2,96,66,56,10,0,30
S01009248,Level 3,54,40,34,6,0,14
S01009248,Level 4 and above,118,82,73,6,3,36
S01009249,All people aged 16 and over,655,415,333,46,36,240
S01009249,No qualifications,249,107,82,11,14,142
S01009249,Level 1,199,146,111,17,18,53
S01009249,Level 2,66,52,46,5,1,14
S01009249,Level 3,52,40,38,2,0,12
S01009249,Level 4 and above,89,70,56,11,3,19
S01009250,All people aged 16 and over,523,327,278,28,21,196
S01009250,No qualifications,198,72,61,9,2,126
S01009250,Level 1,152,119,100,6,13,33
S01009250,Level 2,64,52,49,1,2,12
S01009250,Level 3,51,37,29,6,2,14
S01009250,Level 4 and above,58,47,39,6,2,11
S01009251,All people aged 16 and over,462,294,238,26,30,168
S01009251,No qualifications,144,60,52,3,5,84
S01009251,Level 1,142,98,71,11,16,44
S01009251,Level 2,54,44,35,4,5,10
S01009251,Level 3,45,33,29,3,1,12
S01009251,Level 4 and above,77,59,51,5,3,18
S01009252,All people aged 16 and over,359,293,259,24,10,66
S01009252,No qualifications,48,21,15,4,2,27
S01009252,Level 1,86,75,64,5,6,11
S01009252,Level 2,78,67,60,5,2,11
S01009252,Level 3,45,38,34,4,0,7
S01009252,Level 4 and above,102,92,86,6,0,10
S01009253,All people aged 16 and over,399,188,154,17,17,211
S01009253,No qualifications,199,45,38,5,2,154
S01009253,Level 1,105,71,57,4,10,34
S01009253,Level 2,36,25,22,1,2,11
S01009253,Level 3,28,26,21,3,2,2
S01009253,Level 4 and above,31,21,16,4,1,10
S01009254,All people aged 16 and over,656,373,296,20,57,283
S01009254,No qualifications,278,96,75,5,16,182
S01009254,Level 1,188,133,102,7,24,55
S01009254,Level 2,63,44,39,0,5,19
S01009254,Level 3,42,36,30,0,6,6
S01009254,Level 4 and above,85,64,50,8,6,21
S01009255,All people aged 16 and over,549,406,334,26,46,143
S01009255,No qualifications,166,76,61,1,14,90
S01009255,Level 1,125,105,83,7,15,20
S01009255,Level 2,65,56,46,6,4,9
S01009255,Level 3,57,49,40,6,3,8
S01009255,Level 4 and above,136,120,104,6,10,16
S01009256,All people aged 16 and over,412,230,201,18,11,182
S01009256,No qualifications,127,38,30,5,3,89
S01009256,Level 1,81,51,39,6,6,30
S01009256,Level 2,57,38,35,2,1,19
S01009256,Level 3,50,36,34,1,1,14
S01009256,Level 4 and above,97,67,63,4,0,30
S01009257,All people aged 16 and over,598,371,296,47,28,227
S01009257,No qualifications,166,58,43,12,3,108
S01009257,Level 1,146,104,72,13,19,42
S01009257,Level 2,81,55,48,6,1,26
S01009257,Level 3,71,58,48,9,1,13
S01009257,Level 4 and above,134,96,85,7,4,38
S01009258,All people aged 16 and over,540,344,256,69,19,196
S01009258,No qualifications,134,44,30,9,5,90
S01009258,Level 1,103,68,55,9,4,35
S01009258,Level 2,55,42,30,10,2,13
S01009258,Level 3,61,50,34,12,4,11
S01009258,Level 4 and above,187,140,107,29,4,47
S01009259,All people aged 16 and over,763,524,443,61,20,239
S01009259,No qualifications,183,60,45,11,4,123
S01009259,Level 1,153,112,86,19,7,41
S01009259,Level 2,118,97,86,7,4,21
S01009259,Level 3,82,66,58,6,2,16
S01009259,Level 4 and above,227,189,168,18,3,38
S01009260,All people aged 16 and over,965,690,588,58,44,275
S01009260,No qualifications,263,117,99,5,13,146
S01009260,Level 1,269,208,169,22,17,61
S01009260,Level 2,139,117,104,6,7,22
S01009260,Level 3,84,75,64,10,1,9
S01009260,Level 4 and above,210,173,152,15,6,37
S01009261,All people aged 16 and over,626,349,288,29,32,277
S01009261,No qualifications,243,73,62,2,9,170
S01009261,Level 1,160,104,82,9,13,56
S01009261,Level 2,70,51,40,3,8,19
S01009261,Level 3,39,31,27,3,1,8
S01009261,Level 4 and above,114,90,77,12,1,24
S01009262,All people aged 16 and over,459,262,218,14,30,197
S01009262,No qualifications,200,73,61,5,7,127
S01009262,Level 1,129,91,73,4,14,38
S01009262,Level 2,54,40,31,1,8,14
S01009262,Level 3,34,29,28,1,0,5
S01009262,Level 4 and above,42,29,25,3,1,13
S01009263,All people aged 16 and over,649,534,460,53,21,115
S01009263,No qualifications,72,29,22,6,1,43
S01009263,Level 1,138,108,87,11,10,30
S01009263,Level 2,97,90,79,6,5,7
S01009263,Level 3,88,79,71,7,1,9
S01009263,Level 4 and above,254,228,201,23,4,26
S01009264,All people aged 16 and over,465,277,224,40,13,188
S01009264,No qualifications,106,39,28,9,2,67
S01009264,Level 1,120,72,56,9,7,48
S01009264,Level 2,71,50,40,7,3,21
S01009264,Level 3,58,46,42,4,0,12
S01009264,Level 4 and above,110,70,58,11,1,40
S01009265,All people aged 16 and over,671,427,353,25,49,244
S01009265,No qualifications,208,72,53,3,16,136
S01009265,Level 1,168,126,102,6,18,42
S01009265,Level 2,108,83,70,3,10,25
S01009265,Level 3,66,58,51,4,3,8
S01009265,Level 4 and above,121,88,77,9,2,33
S01009266,All people aged 16 and over,710,405,331,33,41,305
S01009266,No qualifications,257,78,65,6,7,179
S01009266,Level 1,177,118,92,9,17,59
S01009266,Level 2,84,60,44,7,9,24
S01009266,Level 3,86,70,63,5,2,16
S01009266,Level 4 and above,106,79,67,6,6,27
S01009267,All people aged 16 and over,715,426,353,37,36,289
S01009267,No qualifications,210,68,48,8,12,142
S01009267,Level 1,165,119,98,11,10,46
S01009267,Level 2,98,74,62,5,7,24
S01009267,Level 3,70,50,42,5,3,20
S01009267,Level 4 and above,172,115,103,8,4,57
S01009268,All people aged 16 and over,774,505,418,46,41,269
S01009268,No qualifications,230,76,55,16,5,154
S01009268,Level 1,224,182,148,13,21,42
S01009268,Level 2,106,82,69,6,7,24
S01009268,Level 3,77,60,52,3,5,17
S01009268,Level 4 and above,137,105,94,8,3,32
S01009269,All people aged 16 and over,671,433,337,18,78,238
S01009269,No qualifications,273,119,86,2,31,154
S01009269,Level 1,212,163,123,9,31,49
S01009269,Level 2,70,56,47,2,7,14
S01009269,Level 3,59,50,42,3,5,9
S01009269,Level 4 and above,57,45,39,2,4,12
S01009270,All people aged 16 and over,501,280,213,28,39,221
S01009270,No qualifications,225,73,52,8,13,152
S01009270,Level 1,142,108,86,5,17,34
S01009270,Level 2,52,45,33,8,4,7
S01009270,Level 3,35,23,19,1,3,12
S01009270,Level 4 and above,47,31,23,6,2,16
S01009271,All people aged 16 and over,744,532,443,50,39,212
S01009271,No qualifications,147,63,50,9,4,84
S01009271,Level 1,185,137,108,15,14,48
S01009271,Level 2,129,110,90,10,10,19
S01009271,Level 3,95,76,68,4,4,19
S01009271,Level 4 and above,188,146,127,12,7,42
S01009272,All people aged 16 and over,552,375,293,25,57,177
S01009272,No qualifications,211,111,83,9,19,100
S01009272,Level 1,175,133,109,4,20,42
S01009272,Level 2,59,46,34,4,8,13
S01009272,Level 3,49,41,33,3,5,8
S01009272,Level 4 and above,58,44,34,5,5,14
S01009273,All people aged 16 and over,416,252,202,31,19,164
S01009273,No qualifications,62,17,16,0,1,45
S01009273,Level 1,80,44,27,11,6,36
S01009273,Level 2,67,50,40,5,5,17
S01009273,Level 3,48,35,29,3,3,13
S01009273,Level 4 and above,159,106,90,12,4,53
S01009274,All people aged 16 and over,514,303,246,31,26,211
S01009274,No qualifications,129,44,37,3,4,85
S01009274,Level 1,119,83,65,10,8,36
S01009274,Level 2,72,47,35,4,8,25
S01009274,Level 3,51,37,26,5,6,14
S01009274,Level 4 and above,143,92,83,9,0,51
S01009275,All people aged 16 and over,563,326,239,68,19,237
S01009275,No qualifications,163,46,33,12,1,117
S01009275,Level 1,107,75,53,14,8,32
S01009275,Level 2,80,60,43,15,2,20
S01009275,Level 3,56,37,27,7,3,19
S01009275,Level 4 and above,157,108,83,20,5,49
S01009276,All people aged 16 and over,756,443,362,54,27,313
S01009276,No qualifications,179,54,43,9,2,125
S01009276,Level 1,159,93,72,11,10,66
S01009276,Level 2,102,73,59,11,3,29
S01009276,Level 3,94,69,59,5,5,25
S01009276,Level 4 and above,222,154,129,18,7,68
S01009277,All people aged 16 and over,445,300,215,76,9,145
S01009277,No qualifications,61,32,17,15,0,29
S01009277,Level 1,94,63,42,19,2,31
S01009277,Level 2,76,55,37,15,3,21
S01009277,Level 3,54,39,30,7,2,15
S01009277,Level 4 and above,160,111,89,20,2,49
S01009278,All people aged 16 and over,437,314,274,29,11,123
S01009278,No qualifications,80,23,19,4,0,57
S01009278,Level 1,85,60,46,10,4,25
S01009278,Level 2,53,47,43,2,2,6
S01009278,Level 3,42,34,29,5,0,8
S01009278,Level 4 and above,177,150,137,8,5,27
S01009279,All people aged 16 and over,500,313,241,55,17,187
S01009279,No qualifications,136,52,35,12,5,84
S01009279,Level 1,109,71,53,12,6,38
S01009279,Level 2,72,46,36,9,1,26
S01009279,Level 3,61,49,36,10,3,12
S01009279,Level 4 and above,122,95,81,12,2,27
S01009280,All people aged 16 and over,698,360,278,13,69,338
S01009280,No qualifications,354,111,84,3,24,243
S01009280,Level 1,199,146,115,5,26,53
S01009280,Level 2,54,39,32,1,6,15
S01009280,Level 3,43,33,24,1,8,10
S01009280,Level 4 and above,48,31,23,3,5,17
S01009281,All people aged 16 and over,668,338,272,16,50,330
S01009281,No qualifications,315,89,65,3,21,226
S01009281,Level 1,152,98,82,4,12,54
S01009281,Level 2,66,51,39,5,7,15
S01009281,Level 3,46,35,28,2,5,11
S01009281,Level 4 and above,89,65,58,2,5,24
S01009282,All people aged 16 and over,625,378,291,64,23,247
S01009282,No qualifications,131,44,29,9,6,87
S01009282,Level 1,122,70,55,8,7,52
S01009282,Level 2,94,69,55,9,5,25
S01009282,Level 3,62,45,32,10,3,17
S01009282,Level 4 and above,216,150,120,28,2,66
S01009283,All people aged 16 and over,356,281,227,35,19,75
S01009283,No qualifications,75,38,27,9,2,37
S01009283,Level 1,68,55,40,6,9,13
S01009283,Level 2,47,40,38,0,2,7
S01009283,Level 3,58,51,43,5,3,7
S01009283,Level 4 and above,108,97,79,15,3,11
S01009284,All people aged 16 and over,650,474,408,49,17,176
S01009284,No qualifications,83,28,19,9,0,55
S01009284,Level 1,155,113,93,16,4,42
S01009284,Level 2,102,68,58,4,6,34
S01009284,Level 3,89,77,70,6,1,12
S01009284,Level 4 and above,221,188,168,14,6,33
S01009285,All people aged 16 and over,705,512,434,46,32,193
S01009285,No qualifications,100,33,31,2,0,67
S01009285,Level 1,190,138,117,11,10,52
S01009285,Level 2,156,125,102,11,12,31
S01009285,Level 3,116,96,80,11,5,20
S01009285,Level 4 and above,143,120,104,11,5,23
S01009286,All people aged 16 and over,653,411,345,45,21,242
S01009286,No qualifications,134,41,32,6,3,93
S01009286,Level 1,158,106,87,13,6,52
S01009286,Level 2,97,66,53,8,5,31
S01009286,Level 3,97,77,67,7,3,20
S01009286,Level 4 and above,167,121,106,11,4,46
S01009287,All people aged 16 and over,627,340,256,70,14,287
S01009287,No qualifications,86,13,11,2,0,73
S01009287,Level 1,82,44,34,7,3,38
S01009287,Level 2,83,55,39,12,4,28
S01009287,Level 3,73,42,31,10,1,31
S01009287,Level 4 and above,303,186,141,39,6,117
S01009288,All people aged 16 and over,700,381,289,70,22,319
S01009288,No qualifications,113,26,16,8,2,87
S01009288,Level 1,110,57,40,13,4,53
S01009288,Level 2,94,55,39,11,5,39
S01009288,Level 3,92,62,52,7,3,30
S01009288,Level 4 and above,291,181,142,31,8,110
S01009289,All people aged 16 and over,762,450,364,65,21,312
S01009289,No qualifications,144,37,26,8,3,107
S01009289,Level 1,161,100,78,12,10,61
S01009289,Level 2,121,70,54,12,4,51
S01009289,Level 3,74,58,45,10,3,16
S01009289,Level 4 and above,262,185,161,23,1,77
S01009290,All people aged 16 and over,538,295,244,40,11,243
S01009290,No qualifications,84,18,13,5,0,66
S01009290,Level 1,83,45,34,9,2,38
S01009290,Level 2,78,50,41,7,2,28
S01009290,Level 3,77,52,46,4,2,25
S01009290,Level 4 and above,216,130,110,15,5,86
S01009291,All people aged 16 and over,810,548,463,61,24,262
S01009291,No qualifications,142,47,33,11,3,95
S01009291,Level 1,200,138,118,13,7,62
S01009291,Level 2,156,120,103,10,7,36
S01009291,Level 3,97,77,68,8,1,20
S01009291,Level 4 and above,215,166,141,19,6,49
S01009292,All people aged 16 and over,425,271,223,15,33,154
S01009292,No qualifications,152,53,44,1,8,99
S01009292,Level 1,140,117,91,8,18,23
S01009292,Level 2,50,38,31,3,4,12
S01009292,Level 3,31,24,21,2,1,7
S01009292,Level 4 and above,52,39,36,1,2,13
S01009293,All people aged 16 and over,574,403,345,46,12,171
S01009293,No qualifications,141,44,32,10,2,97
S01009293,Level 1,112,87,68,11,8,25
S01009293,Level 2,94,79,71,8,0,15
S01009293,Level 3,82,71,67,3,1,11
S01009293,Level 4 and above,145,122,107,14,1,23
S01009294,All people aged 16 and over,401,273,220,38,15,128
S01009294,No qualifications,62,24,15,6,3,38
S01009294,Level 1,68,43,34,5,4,25
S01009294,Level 2,59,43,33,7,3,16
S01009294,Level 3,62,52,42,7,3,10
S01009294,Level 4 and above,150,111,96,13,2,39
S01009295,All people aged 16 and over,530,374,322,37,15,156
S01009295,No qualifications,89,34,29,5,0,55
S01009295,Level 1,139,95,81,9,5,44
S01009295,Level 2,105,80,70,7,3,25
S01009295,Level 3,60,50,40,5,5,10
S01009295,Level 4 and above,137,115,102,11,2,22
S01009296,All people aged 16 and over,426,319,266,39,14,107
S01009296,No qualifications,88,41,29,10,2,47
S01009296,Level 1,100,78,67,4,7,22
S01009296,Level 2,74,61,56,2,3,13
S01009296,Level 3,52,42,33,8,1,10
S01009296,Level 4 and above,112,97,81,15,1,15
S01009297,All people aged 16 and over,675,508,436,53,19,167
S01009297,No qualifications,78,36,31,4,1,42
S01009297,Level 1,121,90,76,8,6,31
S01009297,Level 2,119,89,81,4,4,30
S01009297,Level 3,94,74,61,9,4,20
S01009297,Level 4 and above,263,219,187,28,4,44
S01009298,All people aged 16 and over,845,496,402,41,53,349
S01009298,No qualifications,325,86,69,5,12,239
S01009298,Level 1,185,136,103,8,25,49
S01009298,Level 2,108,84,74,6,4,24
S01009298,Level 3,85,68,53,7,8,17
S01009298,Level 4 and above,142,122,103,15,4,20
S01009299,All people aged 16 and over,811,549,445,67,37,262
S01009299,No qualifications,157,37,25,7,5,120
S01009299,Level 1,155,112,74,26,12,43
S01009299,Level 2,104,74,63,5,6,30
S01009299,Level 3,116,95,77,12,6,21
S01009299,Level 4 and above,279,231,206,17,8,48
S01009300,All people aged 16 and over,444,310,255,26,29,134
S01009300,No qualifications,104,32,23,3,6,72
S01009300,Level 1,94,61,47,7,7,33
S01009300,Level 2,70,57,45,6,6,13
S01009300,Level 3,60,59,50,4,5,1
S01009300,Level 4 and above,116,101,90,6,5,15
S01009301,All people aged 16 and over,834,525,383,45,97,309
S01009301,No qualifications,226,59,34,3,22,167
S01009301,Level 1,202,149,95,12,42,53
S01009301,Level 2,112,79,62,11,6,33
S01009301,Level 3,103,76,57,5,14,27
S01009301,Level 4 and above,191,162,135,14,13,29
S01009302,All people aged 16 and over,690,451,354,16,81,239
S01009302,No qualifications,202,69,51,4,14,133
S01009302,Level 1,221,157,117,6,34,64
S01009302,Level 2,78,69,55,1,13,9
S01009302,Level 3,79,62,45,3,14,17
S01009302,Level 4 and above,110,94,86,2,6,16
S01009303,All people aged 16 and over,666,391,332,31,28,275
S01009303,No qualifications,138,22,15,2,5,116
S01009303,Level 1,123,74,59,6,9,49
S01009303,Level 2,109,86,78,4,4,23
S01009303,Level 3,70,59,51,6,2,11
S01009303,Level 4 and above,226,150,129,13,8,76
S01009304,All people aged 16 and over,770,507,424,48,35,263
S01009304,No qualifications,195,67,48,9,10,128
S01009304,Level 1,204,146,121,13,12,58
S01009304,Level 2,108,89,73,12,4,19
S01009304,Level 3,95,77,69,4,4,18
S01009304,Level 4 and above,168,128,113,10,5,40
S01009305,All people aged 16 and over,652,415,348,20,47,237
S01009305,No qualifications,167,54,39,3,12,113
S01009305,Level 1,148,98,79,2,17,50
S01009305,Level 2,103,83,68,6,9,20
S01009305,Level 3,71,53,45,7,1,18
S01009305,Level 4 and above,163,127,117,2,8,36
S01009306,All people aged 16 and over,897,639,520,51,68,258
S01009306,No qualifications,179,65,47,5,13,114
S01009306,Level 1,189,144,105,15,24,45
S01009306,Level 2,148,119,102,7,10,29
S01009306,Level 3,127,107,82,11,14,20
S01009306,Level 4 and above,254,204,184,13,7,50
S01009307,All people aged 16 and over,900,613,487,62,64,287
S01009307,No qualifications,168,50,32,6,12,118
S01009307,Level 1,179,122,89,11,22,57
S01009307,Level 2,130,101,81,9,11,29
S01009307,Level 3,114,89,74,9,6,25
S01009307,Level 4 and above,309,251,211,27,13,58
S01009308,All people aged 16 and over,436,309,244,39,26,127
S01009308,No qualifications,64,17,9,2,6,47
S01009308,Level 1,93,71,56,11,4,22
S01009308,Level 2,82,68,53,7,8,14
S01009308,Level 3,52,42,32,7,3,10
S01009308,Level 4 and above,145,111,94,12,5,34
S01009309,All people aged 16 and over,625,469,385,54,30,156
S01009309,No qualifications,89,29,18,5,6,60
S01009309,Level 1,94,70,52,9,9,24
S01009309,Level 2,112,96,84,6,6,16
S01009309,Level 3,84,68,60,5,3,16
S01009309,Level 4 and above,246,206,171,29,6,40
S01009310,All people aged 16 and over,804,493,405,61,27,311
S01009310,No qualifications,140,29,23,3,3,111
S01009310,Level 1,174,104,81,13,10,70
S01009310,Level 2,112,81,65,11,5,31
S01009310,Level 3,87,67,54,10,3,20
S01009310,Level 4 and above,291,212,182,24,6,79
S01009311,All people aged 16 and over,570,339,273,21,45,231
S01009311,No qualifications,208,80,70,2,8,128
S01009311,Level 1,181,125,95,6,24,56
S01009311,Level 2,62,50,38,3,9,12
S01009311,Level 3,55,38,30,6,2,17
S01009311,Level 4 and above,64,46,40,4,2,18
S01009312,All people aged 16 and over,578,430,369,28,33,148
S01009312,No qualifications,98,33,24,1,8,65
S01009312,Level 1,120,88,68,10,10,32
S01009312,Level 2,89,77,67,3,7,12
S01009312,Level 3,76,66,57,7,2,10
S01009312,Level 4 and above,195,166,153,7,6,29
S01009313,All people aged 16 and over,460,267,221,27,19,193
S01009313,No qualifications,149,48,37,5,6,101
S01009313,Level 1,120,73,55,8,10,47
S01009313,Level 2,57,44,37,6,1,13
S01009313,Level 3,55,40,36,3,1,15
S01009313,Level 4 and above,79,62,56,5,1,17
S01009314,All people aged 16 and over,541,354,302,31,21,187
S01009314,No qualifications,101,35,30,4,1,66
S01009314,Level 1,121,83,68,4,11,38
S01009314,Level 2,69,44,39,2,3,25
S01009314,Level 3,77,60,50,9,1,17
S01009314,Level 4 and above,173,132,115,12,5,41
S01009315,All people aged 16 and over,542,317,260,29,28,225
S01009315,No qualifications,174,62,50,6,6,112
S01009315,Level 1,154,101,81,7,13,53
S01009315,Level 2,78,53,46,1,6,25
S01009315,Level 3,54,40,29,9,2,14
S01009315,Level 4 and above,82,61,54,6,1,21
S01009316,All people aged 16 and over,621,428,354,51,23,193
S01009316,No qualifications,75,25,21,1,3,50
S01009316,Level 1,105,57,43,4,10,48
S01009316,Level 2,93,68,62,3,3,25
S01009316,Level 3,66,57,49,5,3,9
S01009316,Level 4 and above,282,221,179,38,4,61
S01009317,All people aged 16 and over,710,465,396,46,23,245
S01009317,No qualifications,96,26,19,5,2,70
S01009317,Level 1,140,93,78,10,5,47
S01009317,Level 2,120,86,73,9,4,34
S01009317,Level 3,92,74,63,6,5,18
S01009317,Level 4 and above,262,186,163,16,7,76
S01009318,All people aged 16 and over,500,356,309,33,14,144
S01009318,No qualifications,52,16,14,2,0,36
S01009318,Level 1,71,48,38,8,2,23
S01009318,Level 2,95,78,68,5,5,17
S01009318,Level 3,55,40,34,3,3,15
S01009318,Level 4 and above,227,174,155,15,4,53
S01009319,All people aged 16 and over,776,407,354,37,16,369
S01009319,No qualifications,149,22,17,3,2,127
S01009319,Level 1,141,75,62,8,5,66
S01009319,Level 2,127,88,80,4,4,39
S01009319,Level 3,93,59,51,7,1,34
S01009319,Level 4 and above,266,163,144,15,4,103
S01009320,All people aged 16 and over,599,329,289,29,11,270
S01009320,No qualifications,210,41,34,5,2,169
S01009320,Level 1,122,79,70,7,2,43
S01009320,Level 2,79,63,57,4,2,16
S01009320,Level 3,49,39,31,6,2,10
S01009320,Level 4 and above,139,107,97,7,3,32
S01009321,All people aged 16 and over,566,327,296,21,10,239
S01009321,No qualifications,103,22,19,3,0,81
S01009321,Level 1,121,66,55,7,4,55
S01009321,Level 2,83,59,52,4,3,24
S01009321,Level 3,73,51,49,2,0,22
S01009321,Level 4 and above,186,129,121,5,3,57
S01009322,All people aged 16 and over,673,403,348,37,18,270
S01009322,No qualifications,183,55,48,6,1,128
S01009322,Level 1,144,98,81,5,12,46
S01009322,Level 2,100,79,70,8,1,21
S01009322,Level 3,90,68,60,5,3,22
S01009322,Level 4 and above,156,103,89,13,1,53
S01009323,All people aged 16 and over,557,319,261,36,22,238
S01009323,No qualifications,195,58,47,7,4,137
S01009323,Level 1,135,99,77,9,13,36
S01009323,Level 2,72,53,47,5,1,19
S01009323,Level 3,52,40,31,7,2,12
S01009323,Level 4 and above,103,69,59,8,2,34
S01009324,All people aged 16 and over,448,296,246,26,24,152
S01009324,No qualifications,140,51,43,5,3,89
S01009324,Level 1,118,85,65,9,11,33
S01009324,Level 2,72,63,56,3,4,9
S01009324,Level 3,42,34,29,2,3,8
S01009324,Level 4 and above,76,63,53,7,3,13
S01009325,All people aged 16 and over,618,438,378,42,18,180
S01009325,No qualifications,100,29,21,5,3,71
S01009325,Level 1,134,95,82,6,7,39
S01009325,Level 2,94,73,60,9,4,21
S01009325,Level 3,64,55,46,8,1,9
S01009325,Level 4 and above,226,186,169,14,3,40
S01009326,All people aged 16 and over,448,333,292,18,23,115
S01009326,No qualifications,82,18,14,2,2,64
S01009326,Level 1,109,84,68,1,15,25
S01009326,Level 2,57,54,50,1,3,3
S01009326,Level 3,66,56,49,6,1,10
S01009326,Level 4 and above,134,121,111,8,2,13
S01009327,All people aged 16 and over,486,259,219,21,19,227
S01009327,No qualifications,139,38,30,6,2,101
S01009327,Level 1,89,50,38,3,9,39
S01009327,Level 2,53,35,30,1,4,18
S01009327,Level 3,51,36,32,2,2,15
S01009327,Level 4 and above,154,100,89,9,2,54
S01009328,All people aged 16 and over,478,434,395,27,12,44
S01009328,No qualifications,26,21,18,1,2,5
S01009328,Level 1,88,76,68,6,2,12
S01009328,Level 2,71,67,62,3,2,4
S01009328,Level 3,76,69,63,4,2,7
S01009328,Level 4 and above,217,201,184,13,4,16
S01009329,All people aged 16 and over,337,296,268,16,12,41
S01009329,No qualifications,20,12,9,2,1,8
S01009329,Level 1,66,56,49,4,3,10
S01009329,Level 2,65,61,54,4,3,4
S01009329,Level 3,49,44,40,1,3,5
S01009329,Level 4 and above,137,123,116,5,2,14
S01009330,All people aged 16 and over,353,270,231,21,18,83
S01009330,No qualifications,39,17,15,0,2,22
S01009330,Level 1,100,73,61,3,9,27
S01009330,Level 2,55,43,35,5,3,12
S01009330,Level 3,54,44,37,5,2,10
S01009330,Level 4 and above,105,93,83,8,2,12
S01009331,All people aged 16 and over,399,335,290,34,11,64
S01009331,No qualifications,30,14,12,1,1,16
S01009331,Level 1,84,65,53,11,1,19
S01009331,Level 2,70,60,50,7,3,10
S01009331,Level 3,66,58,50,7,1,8
S01009331,Level 4 and above,149,138,125,8,5,11
S01009332,All people aged 16 and over,750,475,411,42,22,275
S01009332,No qualifications,131,31,21,8,2,100
S01009332,Level 1,133,79,71,5,3,54
S01009332,Level 2,107,86,75,6,5,21
S01009332,Level 3,97,76,65,5,6,21
S01009332,Level 4 and above,282,203,179,18,6,79
S01009333,All people aged 16 and over,589,398,332,31,35,191
S01009333,No qualifications,179,70,60,4,6,109
S01009333,Level 1,188,139,109,13,17,49
S01009333,Level 2,84,71,59,5,7,13
S01009333,Level 3,63,55,46,6,3,8
S01009333,Level 4 and above,75,63,58,3,2,12
S01009334,All people aged 16 and over,511,301,222,17,62,210
S01009334,No qualifications,179,61,42,2,17,118
S01009334,Level 1,147,101,72,6,23,46
S01009334,Level 2,60,47,30,5,12,13
S01009334,Level 3,57,39,34,0,5,18
S01009334,Level 4 and above,68,53,44,4,5,15
S01009335,All people aged 16 and over,634,394,326,23,45,240
S01009335,No qualifications,241,93,73,2,18,148
S01009335,Level 1,183,139,110,12,17,44
S01009335,Level 2,75,55,49,4,2,20
S01009335,Level 3,56,48,42,3,3,8
S01009335,Level 4 and above,79,59,52,2,5,20
S01009336,All people aged 16 and over,518,313,216,19,78,205
S01009336,No qualifications,169,64,40,3,21,105
S01009336,Level 1,167,115,73,4,38,52
S01009336,Level 2,60,47,34,5,8,13
S01009336,Level 3,60,48,40,3,5,12
S01009336,Level 4 and above,62,39,29,4,6,23
S01009337,All people aged 16 and over,564,339,274,18,47,225
S01009337,No qualifications,194,80,59,6,15,114
S01009337,Level 1,180,116,90,6,20,64
S01009337,Level 2,66,48,42,0,6,18
S01009337,Level 3,50,41,34,3,4,9
S01009337,Level 4 and above,74,54,49,3,2,20
S01009338,All people aged 16 and over,626,348,257,15,76,278
S01009338,No qualifications,266,83,52,6,25,183
S01009338,Level 1,187,130,88,4,38,57
S01009338,Level 2,70,60,53,3,4,10
S01009338,Level 3,42,31,27,2,2,11
S01009338,Level 4 and above,61,44,37,0,7,17
S01009339,All people aged 16 and over,638,403,293,26,84,235
S01009339,No qualifications,221,100,71,5,24,121
S01009339,Level 1,220,163,111,9,43,57
S01009339,Level 2,79,51,39,3,9,28
S01009339,Level 3,48,30,23,2,5,18
S01009339,Level 4 and above,70,59,49,7,3,11
S01009340,All people aged 16 and over,483,296,250,16,30,187
S01009340,No qualifications,192,74,61,3,10,118
S01009340,Level 1,140,104,86,4,14,36
S01009340,Level 2,51,39,36,2,1,12
S01009340,Level 3,49,37,32,1,4,12
S01009340,Level 4 and above,51,42,35,6,1,9
S01009341,All people aged 16 and over,495,307,234,25,48,188
S01009341,No qualifications,176,69,51,7,11,107
S01009341,Level 1,142,97,68,10,19,45
S01009341,Level 2,63,49,38,2,9,14
S01009341,Level 3,47,38,31,1,6,9
S01009341,Level 4 and above,67,54,46,5,3,13
S01009342,All people aged 16 and over,609,396,327,24,45,213
S01009342,No qualifications,187,70,55,3,12,117
S01009342,Level 1,191,139,114,8,17,52
S01009342,Level 2,78,59,44,6,9,19
S01009342,Level 3,71,61,53,3,5,10
S01009342,Level 4 and above,82,67,61,4,2,15
S01009343,All people aged 16 and over,453,322,283,15,24,131
S01009343,No qualifications,109,51,49,1,1,58
S01009343,Level 1,151,112,88,7,17,39
S01009343,Level 2,68,54,51,1,2,14
S01009343,Level 3,56,48,41,4,3,8
S01009343,Level 4 and above,69,57,54,2,1,12
S01009344,All people aged 16 and over,530,317,261,15,41,213
S01009344,No qualifications,206,59,42,2,15,147
S01009344,Level 1,161,127,108,5,14,34
S01009344,Level 2,61,47,35,4,8,14
S01009344,Level 3,56,46,43,1,2,10
S01009344,Level 4 and above,46,38,33,3,2,8
S01009345,All people aged 16 and over,742,521,449,28,44,221
S01009345,No qualifications,189,75,58,7,10,114
S01009345,Level 1,213,164,137,8,19,49
S01009345,Level 2,131,108,96,6,6,23
S01009345,Level 3,106,89,76,4,9,17
S01009345,Level 4 and above,103,85,82,3,0,18
S01009346,All people aged 16 and over,479,421,349,53,19,58
S01009346,No qualifications,25,14,12,2,0,11
S01009346,Level 1,80,66,46,10,10,14
S01009346,Level 2,69,62,45,14,3,7
S01009346,Level 3,75,66,63,3,0,9
S01009346,Level 4 and above,230,213,183,24,6,17
S01009347,All people aged 16 and over,462,383,324,46,13,79
S01009347,No qualifications,31,17,9,7,1,14
S01009347,Level 1,70,55,49,4,2,15
S01009347,Level 2,78,60,51,7,2,18
S01009347,Level 3,53,43,33,7,3,10
S01009347,Level 4 and above,230,208,182,21,5,22
S01009348,All people aged 16 and over,351,305,272,22,11,46
S01009348,No qualifications,27,18,13,3,2,9
S01009348,Level 1,83,71,62,5,4,12
S01009348,Level 2,61,57,51,4,2,4
S01009348,Level 3,54,47,42,4,1,7
S01009348,Level 4 and above,126,112,104,6,2,14
S01009349,All people aged 16 and over,564,481,412,49,20,83
S01009349,No qualifications,41,24,17,4,3,17
S01009349,Level 1,124,96,76,11,9,28
S01009349,Level 2,82,73,66,5,2,9
S01009349,Level 3,70,64,55,7,2,6
S01009349,Level 4 and above,247,224,198,22,4,23
S01009350,All people aged 16 and over,446,374,320,29,25,72
S01009350,No qualifications,39,21,18,3,0,18
S01009350,Level 1,128,103,83,5,15,25
S01009350,Level 2,83,74,64,5,5,9
S01009350,Level 3,60,54,49,4,1,6
S01009350,Level 4 and above,136,122,106,12,4,14
S01009351,All people aged 16 and over,391,345,308,25,12,46
S01009351,No qualifications,38,21,19,0,2,17
S01009351,Level 1,79,70,60,6,4,9
S01009351,Level 2,67,58,50,5,3,9
S01009351,Level 3,56,52,47,4,1,4
S01009351,Level 4 and above,151,144,132,10,2,7
S01009352,All people aged 16 and over,563,491,444,31,16,72
S01009352,No qualifications,22,12,10,2,0,10
S01009352,Level 1,109,82,63,12,7,27
S01009352,Level 2,81,71,61,7,3,10
S01009352,Level 3,78,73,66,5,2,5
S01009352,Level 4 and above,273,253,244,5,4,20
S01009353,All people aged 16 and over,295,247,211,25,11,48
S01009353,No qualifications,28,14,10,4,0,14
S01009353,Level 1,68,52,43,7,2,16
S01009353,Level 2,48,41,33,5,3,7
S01009353,Level 3,40,36,30,3,3,4
S01009353,Level 4 and above,111,104,95,6,3,7
S01009354,All people aged 16 and over,635,536,457,58,21,99
S01009354,No qualifications,43,24,17,6,1,19
S01009354,Level 1,144,111,89,15,7,33
S01009354,Level 2,90,69,61,4,4,21
S01009354,Level 3,100,89,75,12,2,11
S01009354,Level 4 and above,258,243,215,21,7,15
S01009355,All people aged 16 and over,734,479,426,38,15,255
S01009355,No qualifications,125,49,45,3,1,76
S01009355,Level 1,173,120,105,9,6,53
S01009355,Level 2,135,97,86,8,3,38
S01009355,Level 3,95,71,65,5,1,24
S01009355,Level 4 and above,206,142,125,13,4,64
S01009356,All people aged 16 and over,828,531,465,43,23,297
S01009356,No qualifications,161,51,38,10,3,110
S01009356,Level 1,175,119,100,10,9,56
S01009356,Level 2,146,98,86,6,6,48
S01009356,Level 3,109,87,80,7,0,22
S01009356,Level 4 and above,237,176,161,10,5,61
S01009357,All people aged 16 and over,363,295,252,33,10,68
S01009357,No qualifications,33,11,10,1,0,22
S01009357,Level 1,74,57,50,4,3,17
S01009357,Level 2,72,63,52,8,3,9
S01009357,Level 3,42,35,30,3,2,7
S01009357,Level 4 and above,142,129,110,17,2,13
S01009358,All people aged 16 and over,556,394,325,53,16,162
S01009358,No qualifications,50,16,12,4,0,34
S01009358,Level 1,100,61,51,7,3,39
S01009358,Level 2,76,47,35,7,5,29
S01009358,Level 3,75,49,40,4,5,26
S01009358,Level 4 and above,255,221,187,31,3,34
S01009359,All people aged 16 and over,577,462,391,46,25,115
S01009359,No qualifications,67,31,27,3,1,36
S01009359,Level 1,112,91,65,15,11,21
S01009359,Level 2,90,71,63,4,4,19
S01009359,Level 3,103,92,81,9,2,11
S01009359,Level 4 and above,205,177,155,15,7,28
S01009360,All people aged 16 and over,704,460,395,46,19,244
S01009360,No qualifications,132,50,41,5,4,82
S01009360,Level 1,151,95,83,8,4,56
S01009360,Level 2,118,90,78,5,7,28
S01009360,Level 3,84,66,59,5,2,18
S01009360,Level 4 and above,219,159,134,23,2,60
S01009361,All people aged 16 and over,651,420,364,32,24,231
S01009361,No qualifications,149,42,36,2,4,107
S01009361,Level 1,164,120,96,11,13,44
S01009361,Level 2,108,82,74,3,5,26
S01009361,Level 3,87,66,60,6,0,21
S01009361,Level 4 and above,143,110,98,10,2,33
S01009362,All people aged 16 and over,868,573,506,37,30,295
S01009362,No qualifications,139,45,37,7,1,94
S01009362,Level 1,224,149,130,6,13,75
S01009362,Level 2,147,111,100,5,6,36
S01009362,Level 3,134,107,97,5,5,27
S01009362,Level 4 and above,224,161,142,14,5,63
S01009363,All people aged 16 and over,686,445,378,21,46,241
S01009363,No qualifications,214,77,64,6,7,137
S01009363,Level 1,210,148,111,7,30,62
S01009363,Level 2,106,94,86,1,7,12
S01009363,Level 3,74,61,53,6,2,13
S01009363,Level 4 and above,82,65,64,1,0,17
S01009364,All people aged 16 and over,694,528,451,37,40,166
S01009364,No qualifications,149,75,61,3,11,74
S01009364,Level 1,232,182,149,16,17,50
S01009364,Level 2,111,99,84,9,6,12
S01009364,Level 3,93,79,71,5,3,14
S01009364,Level 4 and above,109,93,86,4,3,16
S01009365,All people aged 16 and over,479,311,268,19,24,168
S01009365,No qualifications,147,62,51,3,8,85
S01009365,Level 1,139,96,82,7,7,43
S01009365,Level 2,71,55,51,1,3,16
S01009365,Level 3,52,43,38,3,2,9
S01009365,Level 4 and above,70,55,46,5,4,15
S01009366,All people aged 16 and over,628,369,302,33,34,259
S01009366,No qualifications,230,68,54,9,5,162
S01009366,Level 1,170,123,95,11,17,47
S01009366,Level 2,81,64,58,3,3,17
S01009366,Level 3,66,51,41,4,6,15
S01009366,Level 4 and above,81,63,54,6,3,18
S01009367,All people aged 16 and over,513,330,284,22,24,183
S01009367,No qualifications,161,56,44,2,10,105
S01009367,Level 1,136,102,87,7,8,34
S01009367,Level 2,91,74,64,5,5,17
S01009367,Level 3,49,37,35,1,1,12
S01009367,Level 4 and above,76,61,54,7,0,15
S01009368,All people aged 16 and over,445,319,259,21,39,126
S01009368,No qualifications,136,76,60,3,13,60
S01009368,Level 1,150,112,93,4,15,38
S01009368,Level 2,68,52,43,5,4,16
S01009368,Level 3,44,40,35,2,3,4
S01009368,Level 4 and above,47,39,28,7,4,8
S01009369,All people aged 16 and over,485,324,276,24,24,161
S01009369,No qualifications,135,54,46,5,3,81
S01009369,Level 1,154,115,98,8,9,39
S01009369,Level 2,68,53,42,5,6,15
S01009369,Level 3,63,54,48,3,3,9
S01009369,Level 4 and above,65,48,42,3,3,17
S01009370,All people aged 16 and over,737,452,390,25,37,285
S01009370,No qualifications,222,70,55,7,8,152
S01009370,Level 1,200,144,122,5,17,56
S01009370,Level 2,101,76,65,5,6,25
S01009370,Level 3,84,65,60,2,3,19
S01009370,Level 4 and above,130,97,88,6,3,33
S01009371,All people aged 16 and over,438,277,253,10,14,161
S01009371,No qualifications,135,46,43,2,1,89
S01009371,Level 1,134,97,87,2,8,37
S01009371,Level 2,59,46,43,2,1,13
S01009371,Level 3,47,40,36,2,2,7
S01009371,Level 4 and above,63,48,44,2,2,15
S01009372,All people aged 16 and over,428,294,239,28,27,134
S01009372,No qualifications,121,55,43,4,8,66
S01009372,Level 1,133,105,83,9,13,28
S01009372,Level 2,65,50,42,4,4,15
S01009372,Level 3,51,37,29,7,1,14
S01009372,Level 4 and above,58,47,42,4,1,11
S01009373,All people aged 16 and over,645,413,340,20,53,232
S01009373,No qualifications,203,69,52,2,15,134
S01009373,Level 1,196,137,112,6,19,59
S01009373,Level 2,89,76,62,5,9,13
S01009373,Level 3,57,46,42,1,3,11
S01009373,Level 4 and above,100,85,72,6,7,15
S01009374,All people aged 16 and over,745,440,364,30,46,305
S01009374,No qualifications,284,98,79,6,13,186
S01009374,Level 1,210,146,120,9,17,64
S01009374,Level 2,93,70,57,5,8,23
S01009374,Level 3,78,63,52,6,5,15
S01009374,Level 4 and above,80,63,56,4,3,17
S01009375,All people aged 16 and over,631,404,335,21,48,227
S01009375,No qualifications,189,72,57,6,9,117
S01009375,Level 1,212,155,120,6,29,57
S01009375,Level 2,75,60,53,3,4,15
S01009375,Level 3,65,52,45,2,5,13
S01009375,Level 4 and above,90,65,60,4,1,25
S01009376,All people aged 16 and over,479,287,249,15,23,192
S01009376,No qualifications,185,80,67,4,9,105
S01009376,Level 1,114,83,71,5,7,31
S01009376,Level 2,74,49,48,0,1,25
S01009376,Level 3,56,39,31,4,4,17
S01009376,Level 4 and above,50,36,32,2,2,14
S01009377,All people aged 16 and over,1016,868,781,43,44,148
S01009377,No qualifications,107,58,54,4,0,49
S01009377,Level 1,366,320,295,7,18,46
S01009377,Level 2,168,150,139,6,5,18
S01009377,Level 3,109,98,85,5,8,11
S01009377,Level 4 and above,266,242,208,21,13,24
S01009378,All people aged 16 and over,741,555,459,45,51,186
S01009378,No qualifications,149,81,68,8,5,68
S01009378,Level 1,267,199,147,19,33,68
S01009378,Level 2,105,85,77,3,5,20
S01009378,Level 3,92,77,70,5,2,15
S01009378,Level 4 and above,128,113,97,10,6,15
S01009379,All people aged 16 and over,688,546,466,43,37,142
S01009379,No qualifications,92,54,41,5,8,38
S01009379,Level 1,201,155,127,13,15,46
S01009379,Level 2,107,93,82,6,5,14
S01009379,Level 3,109,93,81,8,4,16
S01009379,Level 4 and above,179,151,135,11,5,28
S01009380,All people aged 16 and over,471,340,297,18,25,131
S01009380,No qualifications,91,41,37,2,2,50
S01009380,Level 1,151,116,99,6,11,35
S01009380,Level 2,71,59,48,3,8,12
S01009380,Level 3,55,47,43,2,2,8
S01009380,Level 4 and above,103,77,70,5,2,26
S01009381,All people aged 16 and over,539,409,339,43,27,130
S01009381,No qualifications,84,34,26,6,2,50
S01009381,Level 1,146,121,99,10,12,25
S01009381,Level 2,88,67,56,7,4,21
S01009381,Level 3,61,54,46,5,3,7
S01009381,Level 4 and above,160,133,112,15,6,27
S01009382,All people aged 16 and over,678,407,335,32,40,271
S01009382,No qualifications,236,77,60,9,8,159
S01009382,Level 1,187,139,113,12,14,48
S01009382,Level 2,90,65,51,4,10,25
S01009382,Level 3,59,44,39,3,2,15
S01009382,Level 4 and above,106,82,72,4,6,24
S01009383,All people aged 16 and over,686,467,373,41,53,219
S01009383,No qualifications,195,65,45,9,11,130
S01009383,Level 1,204,167,129,11,27,37
S01009383,Level 2,90,78,66,3,9,12
S01009383,Level 3,68,58,51,5,2,10
S01009383,Level 4 and above,129,99,82,13,4,30
S01009384,All people aged 16 and over,466,305,223,66,16,161
S01009384,No qualifications,68,21,17,4,0,47
S01009384,Level 1,72,44,29,12,3,28
S01009384,Level 2,64,46,33,9,4,18
S01009384,Level 3,41,34,29,4,1,7
S01009384,Level 4 and above,221,160,115,37,8,61
S01009385,All people aged 16 and over,413,275,218,40,17,138
S01009385,No qualifications,82,29,24,5,0,53
S01009385,Level 1,82,63,41,13,9,19
S01009385,Level 2,59,46,40,3,3,13
S01009385,Level 3,55,39,34,4,1,16
S01009385,Level 4 and above,135,98,79,15,4,37
S01009386,All people aged 16 and over,535,328,276,22,30,207
S01009386,No qualifications,172,60,46,7,7,112
S01009386,Level 1,139,104,87,6,11,35
S01009386,Level 2,75,51,42,2,7,24
S01009386,Level 3,54,36,31,3,2,18
S01009386,Level 4 and above,95,77,70,4,3,18
S01009387,All people aged 16 and over,481,293,230,24,39,188
S01009387,No qualifications,138,52,48,2,2,86
S01009387,Level 1,143,88,67,9,12,55
S01009387,Level 2,71,48,37,1,10,23
S01009387,Level 3,52,43,30,2,11,9
S01009387,Level 4 and above,77,62,48,10,4,15
S01009388,All people aged 16 and over,683,436,319,30,87,247
S01009388,No qualifications,214,98,63,6,29,116
S01009388,Level 1,222,152,99,9,44,70
S01009388,Level 2,85,60,52,2,6,25
S01009388,Level 3,58,40,30,3,7,18
S01009388,Level 4 and above,104,86,75,10,1,18
S01009389,All people aged 16 and over,807,489,395,56,38,318
S01009389,No qualifications,194,57,40,8,9,137
S01009389,Level 1,173,111,88,15,8,62
S01009389,Level 2,125,86,75,3,8,39
S01009389,Level 3,88,63,50,5,8,25
S01009389,Level 4 and above,227,172,142,25,5,55
S01009390,All people aged 16 and over,558,451,394,35,22,107
S01009390,No qualifications,32,16,9,6,1,16
S01009390,Level 1,102,70,62,2,6,32
S01009390,Level 2,94,73,68,3,2,21
S01009390,Level 3,86,74,60,7,7,12
S01009390,Level 4 and above,244,218,195,17,6,26
S01009391,All people aged 16 and over,513,425,369,41,15,88
S01009391,No qualifications,36,19,15,4,0,17
S01009391,Level 1,140,113,93,15,5,27
S01009391,Level 2,87,74,66,5,3,13
S01009391,Level 3,70,65,54,8,3,5
S01009391,Level 4 and above,180,154,141,9,4,26
S01009392,All people aged 16 and over,379,308,265,38,5,71
S01009392,No qualifications,28,12,10,2,0,16
S01009392,Level 1,70,50,44,5,1,20
S01009392,Level 2,74,63,51,10,2,11
S01009392,Level 3,50,45,39,6,0,5
S01009392,Level 4 and above,157,138,121,15,2,19
S01009393,All people aged 16 and over,562,398,321,56,21,164
S01009393,No qualifications,101,37,26,7,4,64
S01009393,Level 1,144,102,82,12,8,42
S01009393,Level 2,98,81,63,13,5,17
S01009393,Level 3,68,55,43,10,2,13
S01009393,Level 4 and above,151,123,107,14,2,28
S01009394,All people aged 16 and over,792,497,426,47,24,295
S01009394,No qualifications,110,30,27,2,1,80
S01009394,Level 1,139,77,62,13,2,62
S01009394,Level 2,121,90,79,5,6,31
S01009394,Level 3,119,86,76,4,6,33
S01009394,Level 4 and above,303,214,182,23,9,89
S01009395,All people aged 16 and over,581,301,251,40,10,280
S01009395,No qualifications,97,17,15,2,0,80
S01009395,Level 1,78,39,30,8,1,39
S01009395,Level 2,89,46,37,5,4,43
S01009395,Level 3,75,56,46,6,4,19
S01009395,Level 4 and above,242,143,123,19,1,99
S01009396,All people aged 16 and over,613,346,265,65,16,267
S01009396,No qualifications,61,12,9,3,0,49
S01009396,Level 1,95,40,25,10,5,55
S01009396,Level 2,92,62,43,14,5,30
S01009396,Level 3,79,54,42,9,3,25
S01009396,Level 4 and above,286,178,146,29,3,108
S01009397,All people aged 16 and over,597,384,315,39,30,213
S01009397,No qualifications,94,23,15,4,4,71
S01009397,Level 1,127,74,56,8,10,53
S01009397,Level 2,89,72,60,4,8,17
S01009397,Level 3,55,47,37,6,4,8
S01009397,Level 4 and above,232,168,147,17,4,64
S01009398,All people aged 16 and over,561,399,335,37,27,162
S01009398,No qualifications,95,33,28,2,3,62
S01009398,Level 1,138,98,77,12,9,40
S01009398,Level 2,107,84,65,10,9,23
S01009398,Level 3,70,62,53,3,6,8
S01009398,Level 4 and above,151,122,112,10,0,29
S01009399,All people aged 16 and over,596,392,329,48,15,204
S01009399,No qualifications,106,35,30,0,5,71
S01009399,Level 1,138,100,82,13,5,38
S01009399,Level 2,88,59,55,2,2,29
S01009399,Level 3,76,52,45,5,2,24
S01009399,Level 4 and above,188,146,117,28,1,42
S01009400,All people aged 16 and over,427,277,231,22,24,150
S01009400,No qualifications,109,35,31,2,2,74
S01009400,Level 1,117,88,72,8,8,29
S01009400,Level 2,70,58,45,5,8,12
S01009400,Level 3,42,32,28,0,4,10
S01009400,Level 4 and above,89,64,55,7,2,25
S01009401,All people aged 16 and over,577,308,255,30,23,269
S01009401,No qualifications,85,19,14,4,1,66
S01009401,Level 1,122,74,57,6,11,48
S01009401,Level 2,89,59,53,2,4,30
S01009401,Level 3,71,40,33,2,5,31
S01009401,Level 4 and above,210,116,98,16,2,94
S01009402,All people aged 16 and over,781,455,354,67,34,326
S01009402,No qualifications,120,32,25,5,2,88
S01009402,Level 1,178,114,83,13,18,64
S01009402,Level 2,120,71,56,9,6,49
S01009402,Level 3,87,57,51,4,2,30
S01009402,Level 4 and above,276,181,139,36,6,95
S01009403,All people aged 16 and over,419,304,269,22,13,115
S01009403,No qualifications,68,25,23,1,1,43
S01009403,Level 1,94,67,57,7,3,27
S01009403,Level 2,82,63,54,6,3,19
S01009403,Level 3,60,53,49,1,3,7
S01009403,Level 4 and above,115,96,86,7,3,19
S01009404,All people aged 16 and over,445,271,205,29,37,174
S01009404,No qualifications,168,59,37,9,13,109
S01009404,Level 1,112,80,57,9,14,32
S01009404,Level 2,54,43,37,3,3,11
S01009404,Level 3,48,40,31,4,5,8
S01009404,Level 4 and above,63,49,43,4,2,14
S01009405,All people aged 16 and over,331,227,167,41,19,104
S01009405,No qualifications,84,32,24,6,2,52
S01009405,Level 1,94,68,46,12,10,26
S01009405,Level 2,46,35,30,4,1,11
S01009405,Level 3,37,32,21,8,3,5
S01009405,Level 4 and above,70,60,46,11,3,10
S01009406,All people aged 16 and over,822,488,408,41,39,334
S01009406,No qualifications,298,94,68,13,13,204
S01009406,Level 1,202,147,121,11,15,55
S01009406,Level 2,87,66,55,5,6,21
S01009406,Level 3,91,68,60,5,3,23
S01009406,Level 4 and above,144,113,104,7,2,31
S01009407,All people aged 16 and over,427,266,211,31,24,161
S01009407,No qualifications,127,41,28,4,9,86
S01009407,Level 1,105,67,50,9,8,38
S01009407,Level 2,67,56,47,6,3,11
S01009407,Level 3,49,41,36,4,1,8
S01009407,Level 4 and above,79,61,50,8,3,18
S01009408,All people aged 16 and over,599,441,378,46,17,158
S01009408,No qualifications,107,47,31,12,4,60
S01009408,Level 1,139,104,87,9,8,35
S01009408,Level 2,99,78,70,7,1,21
S01009408,Level 3,101,83,76,5,2,18
S01009408,Level 4 and above,153,129,114,13,2,24
S01009409,All people aged 16 and over,557,325,267,23,35,232
S01009409,No qualifications,226,74,62,3,9,152
S01009409,Level 1,159,122,99,8,15,37
S01009409,Level 2,56,44,36,3,5,12
S01009409,Level 3,57,44,37,5,2,13
S01009409,Level 4 and above,59,41,33,4,4,18
S01009410,All people aged 16 and over,698,464,372,37,55,234
S01009410,No qualifications,261,130,105,10,15,131
S01009410,Level 1,218,150,114,9,27,68
S01009410,Level 2,85,66,50,10,6,19
S01009410,Level 3,65,60,53,5,2,5
S01009410,Level 4 and above,69,58,50,3,5,11
S01009411,All people aged 16 and over,693,433,349,32,52,260
S01009411,No qualifications,277,108,92,6,10,169
S01009411,Level 1,185,134,93,14,27,51
S01009411,Level 2,99,81,70,5,6,18
S01009411,Level 3,67,54,46,3,5,13
S01009411,Level 4 and above,65,56,48,4,4,9
S01009412,All people aged 16 and over,712,441,375,21,45,271
S01009412,No qualifications,304,123,104,6,13,181
S01009412,Level 1,203,147,125,4,18,56
S01009412,Level 2,85,71,58,4,9,14
S01009412,Level 3,71,58,50,3,5,13
S01009412,Level 4 and above,49,42,38,4,0,7
S01009413,All people aged 16 and over,848,548,444,46,58,300
S01009413,No qualifications,298,115,92,12,11,183
S01009413,Level 1,222,173,131,15,27,49
S01009413,Level 2,114,86,64,7,15,28
S01009413,Level 3,93,78,70,6,2,15
S01009413,Level 4 and above,121,96,87,6,3,25
S01009414,All people aged 16 and over,559,325,273,26,26,234
S01009414,No qualifications,214,80,65,6,9,134
S01009414,Level 1,132,95,83,5,7,37
S01009414,Level 2,77,52,41,6,5,25
S01009414,Level 3,64,47,42,2,3,17
S01009414,Level 4 and above,72,51,42,7,2,21
S01009415,All people aged 16 and over,686,398,294,42,62,288
S01009415,No qualifications,230,71,43,6,22,159
S01009415,Level 1,183,127,89,17,21,56
S01009415,Level 2,100,76,61,5,10,24
S01009415,Level 3,67,52,42,4,6,15
S01009415,Level 4 and above,106,72,59,10,3,34
S01009416,All people aged 16 and over,440,308,267,31,10,132
S01009416,No qualifications,98,40,36,3,1,58
S01009416,Level 1,134,108,93,8,7,26
S01009416,Level 2,68,52,47,5,0,16
S01009416,Level 3,66,52,42,9,1,14
S01009416,Level 4 and above,74,56,49,6,1,18
S01009417,All people aged 16 and over,229,188,147,33,8,41
S01009417,No qualifications,31,13,10,2,1,18
S01009417,Level 1,55,44,33,9,2,11
S01009417,Level 2,41,38,32,4,2,3
S01009417,Level 3,41,36,24,11,1,5
S01009417,Level 4 and above,61,57,48,7,2,4
S01009418,All people aged 16 and over,935,557,467,42,48,378
S01009418,No qualifications,405,143,120,9,14,262
S01009418,Level 1,223,165,135,13,17,58
S01009418,Level 2,104,80,66,8,6,24
S01009418,Level 3,90,74,63,6,5,16
S01009418,Level 4 and above,113,95,83,6,6,18
S01009419,All people aged 16 and over,458,277,226,15,36,181
S01009419,No qualifications,161,52,43,3,6,109
S01009419,Level 1,116,84,65,3,16,32
S01009419,Level 2,77,59,52,1,6,18
S01009419,Level 3,57,45,33,7,5,12
S01009419,Level 4 and above,47,37,33,1,3,10
S01009420,All people aged 16 and over,477,273,216,14,43,204
S01009420,No qualifications,206,93,71,5,17,113
S01009420,Level 1,153,94,71,6,17,59
S01009420,Level 2,67,50,40,2,8,17
S01009420,Level 3,27,20,19,0,1,7
S01009420,Level 4 and above,24,16,15,1,0,8
S01009421,All people aged 16 and over,553,333,259,18,56,220
S01009421,No qualifications,193,78,56,5,17,115
S01009421,Level 1,166,113,81,7,25,53
S01009421,Level 2,64,46,38,1,7,18
S01009421,Level 3,57,47,38,3,6,10
S01009421,Level 4 and above,73,49,46,2,1,24
S01009422,All people aged 16 and over,675,407,345,23,39,268
S01009422,No qualifications,243,77,64,6,7,166
S01009422,Level 1,194,149,119,6,24,45
S01009422,Level 2,79,61,53,3,5,18
S01009422,Level 3,72,59,54,3,2,13
S01009422,Level 4 and above,87,61,55,5,1,26
S01009423,All people aged 16 and over,703,576,493,52,31,127
S01009423,No qualifications,74,43,32,7,4,31
S01009423,Level 1,196,157,126,20,11,39
S01009423,Level 2,139,113,98,9,6,26
S01009423,Level 3,98,86,77,6,3,12
S01009423,Level 4 and above,196,177,160,10,7,19
S01009424,All people aged 16 and over,511,295,252,28,15,216
S01009424,No qualifications,153,41,35,1,5,112
S01009424,Level 1,127,78,61,9,8,49
S01009424,Level 2,68,55,45,9,1,13
S01009424,Level 3,54,43,38,5,0,11
S01009424,Level 4 and above,109,78,73,4,1,31
S01009425,All people aged 16 and over,649,373,303,29,41,276
S01009425,No qualifications,224,72,48,8,16,152
S01009425,Level 1,154,103,83,6,14,51
S01009425,Level 2,85,65,60,1,4,20
S01009425,Level 3,81,61,52,7,2,20
S01009425,Level 4 and above,105,72,60,7,5,33
S01009426,All people aged 16 and over,655,358,291,22,45,297
S01009426,No qualifications,268,77,55,5,17,191
S01009426,Level 1,178,127,102,7,18,51
S01009426,Level 2,84,64,57,4,3,20
S01009426,Level 3,59,45,37,1,7,14
S01009426,Level 4 and above,66,45,40,5,0,21
S01009427,All people aged 16 and over,504,272,211,19,42,232
S01009427,No qualifications,221,61,42,4,15,160
S01009427,Level 1,112,77,56,5,16,35
S01009427,Level 2,76,62,48,5,9,14
S01009427,Level 3,52,44,40,2,2,8
S01009427,Level 4 and above,43,28,25,3,0,15
S01009428,All people aged 16 and over,522,270,209,24,37,252
S01009428,No qualifications,251,73,55,7,11,178
S01009428,Level 1,123,84,56,9,19,39
S01009428,Level 2,44,38,31,3,4,6
S01009428,Level 3,51,36,32,2,2,15
S01009428,Level 4 and above,53,39,35,3,1,14
S01009429,All people aged 16 and over,590,310,267,8,35,280
S01009429,No qualifications,305,100,82,1,17,205
S01009429,Level 1,134,95,82,3,10,39
S01009429,Level 2,51,41,37,0,4,10
S01009429,Level 3,49,39,33,3,3,10
S01009429,Level 4 and above,51,35,33,1,1,16
S01009430,All people aged 16 and over,604,347,274,25,48,257
S01009430,No qualifications,268,95,74,11,10,173
S01009430,Level 1,168,127,95,8,24,41
S01009430,Level 2,60,47,41,1,5,13
S01009430,Level 3,42,33,28,3,2,9
S01009430,Level 4 and above,66,45,36,2,7,21
S01009431,All people aged 16 and over,553,311,250,28,33,242
S01009431,No qualifications,221,60,42,10,8,161
S01009431,Level 1,139,101,79,8,14,38
S01009431,Level 2,62,47,41,3,3,15
S01009431,Level 3,52,43,36,2,5,9
S01009431,Level 4 and above,79,60,52,5,3,19
S01009432,All people aged 16 and over,626,368,291,16,61,258
S01009432,No qualifications,308,133,103,7,23,175
S01009432,Level 1,191,138,104,5,29,53
S01009432,Level 2,51,40,33,0,7,11
S01009432,Level 3,44,34,33,1,0,10
S01009432,Level 4 and above,32,23,18,3,2,9
S01009433,All people aged 16 and over,632,361,275,18,68,271
S01009433,No qualifications,265,99,72,4,23,166
S01009433,Level 1,195,138,96,9,33,57
S01009433,Level 2,75,51,42,2,7,24
S01009433,Level 3,56,43,38,1,4,13
S01009433,Level 4 and above,41,30,27,2,1,11
S01009434,All people aged 16 and over,444,243,190,18,35,201
S01009434,No qualifications,202,57,47,2,8,145
S01009434,Level 1,146,109,84,7,18,37
S01009434,Level 2,31,25,19,2,4,6
S01009434,Level 3,36,30,23,4,3,6
S01009434,Level 4 and above,29,22,17,3,2,7
S01009435,All people aged 16 and over,585,341,235,26,80,244
S01009435,No qualifications,266,107,69,9,29,159
S01009435,Level 1,153,113,69,10,34,40
S01009435,Level 2,59,45,33,3,9,14
S01009435,Level 3,46,32,24,3,5,14
S01009435,Level 4 and above,61,44,40,1,3,17
S01009436,All people aged 16 and over,542,343,282,21,40,199
S01009436,No qualifications,186,73,59,5,9,113
S01009436,Level 1,169,121,95,9,17,48
S01009436,Level 2,66,52,45,4,3,14
S01009436,Level 3,52,42,35,1,6,10
S01009436,Level 4 and above,69,55,48,2,5,14
S01009437,All people aged 16 and over,568,341,272,35,34,227
S01009437,No qualifications,224,57,48,3,6,167
S01009437,Level 1,165,130,94,17,19,35
S01009437,Level 2,59,48,36,8,4,11
S01009437,Level 3,64,58,50,3,5,6
S01009437,Level 4 and above,56,48,44,4,0,8
S01009438,All people aged 16 and over,721,386,303,36,47,335
S01009438,No qualifications,315,91,67,13,11,224
S01009438,Level 1,174,123,92,9,22,51
S01009438,Level 2,84,63,53,3,7,21
S01009438,Level 3,83,62,51,5,6,21
S01009438,Level 4 and above,65,47,40,6,1,18
S01009439,All people aged 16 and over,734,418,336,21,61,316
S01009439,No qualifications,311,104,77,5,22,207
S01009439,Level 1,208,152,126,4,22,56
S01009439,Level 2,86,67,54,4,9,19
S01009439,Level 3,64,52,45,2,5,12
S01009439,Level 4 and above,65,43,34,6,3,22
S01009440,All people aged 16 and over,566,299,233,22,44,267
S01009440,No qualifications,265,73,57,2,14,192
S01009440,Level 1,148,107,85,6,16,41
S01009440,Level 2,58,47,35,4,8,11
S01009440,Level 3,44,35,32,2,1,9
S01009440,Level 4 and above,51,37,24,8,5,14
S01009441,All people aged 16 and over,634,399,320,23,56,235
S01009441,No qualifications,236,89,72,6,11,147
S01009441,Level 1,230,178,139,7,32,52
S01009441,Level 2,78,59,51,3,5,19
S01009441,Level 3,54,42,31,3,8,12
S01009441,Level 4 and above,36,31,27,4,0,5
S01009442,All people aged 16 and over,433,309,233,59,17,124
S01009442,No qualifications,101,56,32,23,1,45
S01009442,Level 1,118,89,66,16,7,29
S01009442,Level 2,60,49,36,7,6,11
S01009442,Level 3,53,42,36,5,1,11
S01009442,Level 4 and above,101,73,63,8,2,28
S01009443,All people aged 16 and over,568,354,285,49,20,214
S01009443,No qualifications,186,64,46,13,5,122
S01009443,Level 1,130,99,80,11,8,31
S01009443,Level 2,77,55,45,9,1,22
S01009443,Level 3,62,48,37,7,4,14
S01009443,Level 4 and above,113,88,77,9,2,25
S01009444,All people aged 16 and over,672,477,415,40,22,195
S01009444,No qualifications,151,59,47,10,2,92
S01009444,Level 1,197,145,126,9,10,52
S01009444,Level 2,106,87,75,6,6,19
S01009444,Level 3,89,75,67,5,3,14
S01009444,Level 4 and above,129,111,100,10,1,18
S01009445,All people aged 16 and over,642,396,326,28,42,246
S01009445,No qualifications,251,97,81,5,11,154
S01009445,Level 1,190,137,104,15,18,53
S01009445,Level 2,74,60,50,3,7,14
S01009445,Level 3,71,60,54,3,3,11
S01009445,Level 4 and above,56,42,37,2,3,14
S01009446,All people aged 16 and over,751,394,305,22,67,357
S01009446,No qualifications,346,105,72,7,26,241
S01009446,Level 1,195,137,108,7,22,58
S01009446,Level 2,74,55,45,2,8,19
S01009446,Level 3,56,48,41,2,5,8
S01009446,Level 4 and above,80,49,39,4,6,31
S01009447,All people aged 16 and over,421,261,206,21,34,160
S01009447,No qualifications,163,63,49,3,11,100
S01009447,Level 1,110,78,65,5,8,32
S01009447,Level 2,56,43,31,4,8,13
S01009447,Level 3,39,36,30,2,4,3
S01009447,Level 4 and above,53,41,31,7,3,12
S01009448,All people aged 16 and over,668,454,392,34,28,214
S01009448,No qualifications,185,75,59,11,5,110
S01009448,Level 1,202,147,120,12,15,55
S01009448,Level 2,87,73,67,5,1,14
S01009448,Level 3,93,77,69,3,5,16
S01009448,Level 4 and above,101,82,77,3,2,19
S01009449,All people aged 16 and over,426,231,198,21,12,195
S01009449,No qualifications,183,50,41,6,3,133
S01009449,Level 1,101,70,54,10,6,31
S01009449,Level 2,49,38,36,1,1,11
S01009449,Level 3,42,35,33,2,0,7
S01009449,Level 4 and above,51,38,34,2,2,13
S01009450,All people aged 16 and over,479,283,221,16,46,196
S01009450,No qualifications,197,75,58,5,12,122
S01009450,Level 1,151,109,79,4,26,42
S01009450,Level 2,48,39,30,4,5,9
S01009450,Level 3,47,35,32,1,2,12
S01009450,Level 4 and above,36,25,22,2,1,11
S01009451,All people aged 16 and over,775,467,350,36,81,308
S01009451,No qualifications,311,118,86,9,23,193
S01009451,Level 1,244,172,120,16,36,72
S01009451,Level 2,92,72,57,7,8,20
S01009451,Level 3,72,57,49,2,6,15
S01009451,Level 4 and above,56,48,38,2,8,8
S01009452,All people aged 16 and over,429,238,192,12,34,191
S01009452,No qualifications,185,55,41,3,11,130
S01009452,Level 1,122,89,71,5,13,33
S01009452,Level 2,45,33,29,2,2,12
S01009452,Level 3,41,31,25,1,5,10
S01009452,Level 4 and above,36,30,26,1,3,6
S01009453,All people aged 16 and over,877,496,413,25,58,381
S01009453,No qualifications,338,94,78,4,12,244
S01009453,Level 1,251,175,138,8,29,76
S01009453,Level 2,111,91,77,4,10,20
S01009453,Level 3,88,72,65,3,4,16
S01009453,Level 4 and above,89,64,55,6,3,25
S01009454,All people aged 16 and over,716,448,355,67,26,268
S01009454,No qualifications,103,26,17,7,2,77
S01009454,Level 1,114,58,44,8,6,56
S01009454,Level 2,93,62,47,7,8,31
S01009454,Level 3,79,64,51,10,3,15
S01009454,Level 4 and above,327,238,196,35,7,89
S01009455,All people aged 16 and over,717,420,311,93,16,297
S01009455,No qualifications,73,20,15,5,0,53
S01009455,Level 1,99,51,37,12,2,48
S01009455,Level 2,96,57,39,15,3,39
S01009455,Level 3,69,49,36,10,3,20
S01009455,Level 4 and above,380,243,184,51,8,137
S01009456,All people aged 16 and over,581,342,259,48,35,239
S01009456,No qualifications,222,75,58,8,9,147
S01009456,Level 1,147,111,83,11,17,36
S01009456,Level 2,72,47,34,8,5,25
S01009456,Level 3,57,46,40,6,0,11
S01009456,Level 4 and above,83,63,44,15,4,20
S01009457,All people aged 16 and over,522,315,226,81,8,207
S01009457,No qualifications,140,31,15,15,1,109
S01009457,Level 1,112,80,53,24,3,32
S01009457,Level 2,62,47,38,7,2,15
S01009457,Level 3,64,51,40,9,2,13
S01009457,Level 4 and above,144,106,80,26,0,38
S01009458,All people aged 16 and over,568,322,258,36,28,246
S01009458,No qualifications,158,33,26,3,4,125
S01009458,Level 1,112,69,46,9,14,43
S01009458,Level 2,75,47,41,6,0,28
S01009458,Level 3,66,54,43,4,7,12
S01009458,Level 4 and above,157,119,102,14,3,38
S01009459,All people aged 16 and over,718,430,314,59,57,288
S01009459,No qualifications,222,66,43,12,11,156
S01009459,Level 1,145,103,63,16,24,42
S01009459,Level 2,99,69,52,8,9,30
S01009459,Level 3,77,61,47,8,6,16
S01009459,Level 4 and above,175,131,109,15,7,44
S01009460,All people aged 16 and over,650,416,305,19,92,234
S01009460,No qualifications,222,101,64,5,32,121
S01009460,Level 1,214,149,102,6,41,65
S01009460,Level 2,59,42,38,1,3,17
S01009460,Level 3,68,56,42,2,12,12
S01009460,Level 4 and above,87,68,59,5,4,19
S01009461,All people aged 16 and over,413,317,273,32,12,96
S01009461,No qualifications,38,17,14,3,0,21
S01009461,Level 1,68,54,45,6,3,14
S01009461,Level 2,63,50,41,5,4,13
S01009461,Level 3,57,40,36,3,1,17
S01009461,Level 4 and above,187,156,137,15,4,31
S01009462,All people aged 16 and over,555,328,268,38,22,227
S01009462,No qualifications,167,45,36,9,0,122
S01009462,Level 1,145,94,75,10,9,51
S01009462,Level 2,75,59,46,5,8,16
S01009462,Level 3,64,53,46,4,3,11
S01009462,Level 4 and above,104,77,65,10,2,27
S01009463,All people aged 16 and over,560,317,250,38,29,243
S01009463,No qualifications,134,34,28,4,2,100
S01009463,Level 1,141,95,62,16,17,46
S01009463,Level 2,72,42,35,3,4,30
S01009463,Level 3,69,55,47,6,2,14
S01009463,Level 4 and above,144,91,78,9,4,53
S01009464,All people aged 16 and over,691,457,380,50,27,234
S01009464,No qualifications,121,34,26,6,2,87
S01009464,Level 1,193,130,108,12,10,63
S01009464,Level 2,114,85,70,10,5,29
S01009464,Level 3,75,62,54,5,3,13
S01009464,Level 4 and above,188,146,122,17,7,42
S01009465,All people aged 16 and over,489,297,244,26,27,192
S01009465,No qualifications,153,43,33,3,7,110
S01009465,Level 1,143,95,77,8,10,48
S01009465,Level 2,61,48,37,7,4,13
S01009465,Level 3,50,42,36,4,2,8
S01009465,Level 4 and above,82,69,61,4,4,13
S01009466,All people aged 16 and over,493,292,228,46,18,201
S01009466,No qualifications,84,20,12,5,3,64
S01009466,Level 1,98,55,41,6,8,43
S01009466,Level 2,73,47,38,6,3,26
S01009466,Level 3,50,42,34,7,1,8
S01009466,Level 4 and above,188,128,103,22,3,60
S01009467,All people aged 16 and over,656,375,309,46,20,281
S01009467,No qualifications,107,24,17,3,4,83
S01009467,Level 1,108,56,43,9,4,52
S01009467,Level 2,83,52,41,6,5,31
S01009467,Level 3,73,52,42,7,3,21
S01009467,Level 4 and above,285,191,166,21,4,94
S01009468,All people aged 16 and over,638,363,302,30,31,275
S01009468,No qualifications,200,59,43,8,8,141
S01009468,Level 1,156,98,80,7,11,58
S01009468,Level 2,73,53,46,2,5,20
S01009468,Level 3,69,52,49,2,1,17
S01009468,Level 4 and above,140,101,84,11,6,39
S01009469,All people aged 16 and over,692,420,332,37,51,272
S01009469,No qualifications,131,38,27,4,7,93
S01009469,Level 1,144,84,57,5,22,60
S01009469,Level 2,103,74,60,5,9,29
S01009469,Level 3,75,61,48,6,7,14
S01009469,Level 4 and above,239,163,140,17,6,76
S01009470,All people aged 16 and over,399,229,186,29,14,170
S01009470,No qualifications,103,26,21,3,2,77
S01009470,Level 1,101,65,51,7,7,36
S01009470,Level 2,60,44,37,5,2,16
S01009470,Level 3,50,39,34,5,0,11
S01009470,Level 4 and above,85,55,43,9,3,30
S01009471,All people aged 16 and over,595,267,200,23,44,328
S01009471,No qualifications,270,61,44,3,14,209
S01009471,Level 1,100,58,34,8,16,42
S01009471,Level 2,64,42,37,2,3,22
S01009471,Level 3,52,36,29,4,3,16
S01009471,Level 4 and above,109,70,56,6,8,39
S01009472,All people aged 16 and over,730,452,317,45,90,278
S01009472,No qualifications,198,67,33,12,22,131
S01009472,Level 1,172,116,71,8,37,56
S01009472,Level 2,102,68,46,11,11,34
S01009472,Level 3,75,66,52,4,10,9
S01009472,Level 4 and above,183,135,115,10,10,48
S01009473,All people aged 16 and over,739,462,352,32,78,277
S01009473,No qualifications,258,86,53,8,25,172
S01009473,Level 1,197,143,106,5,32,54
S01009473,Level 2,76,63,49,6,8,13
S01009473,Level 3,73,52,47,1,4,21
S01009473,Level 4 and above,135,118,97,12,9,17
S01009474,All people aged 16 and over,685,478,340,42,96,207
S01009474,No qualifications,164,79,48,4,27,85
S01009474,Level 1,205,151,99,13,39,54
S01009474,Level 2,79,63,43,12,8,16
S01009474,Level 3,95,77,56,5,16,18
S01009474,Level 4 and above,142,108,94,8,6,34
S01009475,All people aged 16 and over,447,315,259,47,9,132
S01009475,No qualifications,72,24,13,9,2,48
S01009475,Level 1,87,54,45,8,1,33
S01009475,Level 2,58,42,31,8,3,16
S01009475,Level 3,53,45,41,3,1,8
S01009475,Level 4 and above,177,150,129,19,2,27
S01009476,All people aged 16 and over,355,282,223,46,13,73
S01009476,No qualifications,35,15,11,3,1,20
S01009476,Level 1,74,55,41,10,4,19
S01009476,Level 2,43,35,30,2,3,8
S01009476,Level 3,63,55,44,9,2,8
S01009476,Level 4 and above,140,122,97,22,3,18
S01009477,All people aged 16 and over,629,359,285,56,18,270
S01009477,No qualifications,139,23,18,4,1,116
S01009477,Level 1,101,55,35,14,6,46
S01009477,Level 2,78,50,42,8,0,28
S01009477,Level 3,76,65,58,3,4,11
S01009477,Level 4 and above,235,166,132,27,7,69
S01009478,All people aged 16 and over,736,527,417,47,63,209
S01009478,No qualifications,163,73,49,7,17,90
S01009478,Level 1,160,113,83,8,22,47
S01009478,Level 2,109,89,75,6,8,20
S01009478,Level 3,98,78,64,6,8,20
S01009478,Level 4 and above,206,174,146,20,8,32
S01009479,All people aged 16 and over,750,430,331,48,51,320
S01009479,No qualifications,182,37,26,7,4,145
S01009479,Level 1,153,98,73,7,18,55
S01009479,Level 2,89,60,41,9,10,29
S01009479,Level 3,80,67,53,4,10,13
S01009479,Level 4 and above,246,168,138,21,9,78
S01009480,All people aged 16 and over,720,418,342,57,19,302
S01009480,No qualifications,162,38,25,11,2,124
S01009480,Level 1,119,61,47,9,5,58
S01009480,Level 2,91,64,56,6,2,27
S01009480,Level 3,77,63,50,8,5,14
S01009480,Level 4 and above,271,192,164,23,5,79
S01009481,All people aged 16 and over,801,547,472,39,36,254
S01009481,No qualifications,192,65,57,3,5,127
S01009481,Level 1,168,116,92,12,12,52
S01009481,Level 2,123,94,80,9,5,29
S01009481,Level 3,114,102,91,4,7,12
S01009481,Level 4 and above,204,170,152,11,7,34
S01009482,All people aged 16 and over,566,364,308,27,29,202
S01009482,No qualifications,131,40,29,3,8,91
S01009482,Level 1,121,90,72,5,13,31
S01009482,Level 2,72,54,49,1,4,18
S01009482,Level 3,89,72,66,3,3,17
S01009482,Level 4 and above,153,108,92,15,1,45
S01009483,All people aged 16 and over,614,466,380,48,38,148
S01009483,No qualifications,85,38,19,10,9,47
S01009483,Level 1,125,98,80,11,7,27
S01009483,Level 2,94,79,59,10,10,15
S01009483,Level 3,96,77,64,7,6,19
S01009483,Level 4 and above,214,174,158,10,6,40
S01009484,All people aged 16 and over,683,352,288,24,40,331
S01009484,No qualifications,177,44,28,4,12,133
S01009484,Level 1,140,80,61,7,12,60
S01009484,Level 2,112,68,53,5,10,44
S01009484,Level 3,84,56,51,2,3,28
S01009484,Level 4 and above,170,104,95,6,3,66
S01009485,All people aged 16 and over,654,358,279,37,42,296
S01009485,No qualifications,214,76,61,4,11,138
S01009485,Level 1,144,92,69,8,15,52
S01009485,Level 2,102,76,60,7,9,26
S01009485,Level 3,77,43,32,8,3,34
S01009485,Level 4 and above,117,71,57,10,4,46
S01009486,All people aged 16 and over,569,303,252,33,18,266
S01009486,No qualifications,161,46,35,7,4,115
S01009486,Level 1,104,55,46,4,5,49
S01009486,Level 2,77,50,41,6,3,27
S01009486,Level 3,59,47,43,2,2,12
S01009486,Level 4 and above,168,105,87,14,4,63
S01009487,All people aged 16 and over,668,382,329,20,33,286
S01009487,No qualifications,243,68,60,4,4,175
S01009487,Level 1,178,136,111,6,19,42
S01009487,Level 2,72,48,44,1,3,24
S01009487,Level 3,66,53,43,6,4,13
S01009487,Level 4 and above,109,77,71,3,3,32
S01009488,All people aged 16 and over,536,357,288,31,38,179
S01009488,No qualifications,156,64,51,8,5,92
S01009488,Level 1,165,121,93,10,18,44
S01009488,Level 2,68,56,47,5,4,12
S01009488,Level 3,57,49,41,1,7,8
S01009488,Level 4 and above,90,67,56,7,4,23
S01009489,All people aged 16 and over,673,356,288,30,38,317
S01009489,No qualifications,292,86,67,5,14,206
S01009489,Level 1,159,107,80,7,20,52
S01009489,Level 2,75,54,46,6,2,21
S01009489,Level 3,56,45,36,7,2,11
S01009489,Level 4 and above,91,64,59,5,0,27
S01009490,All people aged 16 and over,655,396,304,19,73,259
S01009490,No qualifications,250,91,54,5,32,159
S01009490,Level 1,207,149,117,6,26,58
S01009490,Level 2,79,66,60,2,4,13
S01009490,Level 3,57,42,34,4,4,15
S01009490,Level 4 and above,62,48,39,2,7,14
S01009491,All people aged 16 and over,594,279,215,27,37,315
S01009491,No qualifications,276,70,54,3,13,206
S01009491,Level 1,138,87,70,6,11,51
S01009491,Level 2,75,47,35,6,6,28
S01009491,Level 3,40,32,26,3,3,8
S01009491,Level 4 and above,65,43,30,9,4,22
S01009492,All people aged 16 and over,613,380,309,31,40,233
S01009492,No qualifications,238,84,71,8,5,154
S01009492,Level 1,198,150,117,12,21,48
S01009492,Level 2,62,48,38,3,7,14
S01009492,Level 3,50,39,30,6,3,11
S01009492,Level 4 and above,65,59,53,2,4,6
S01009493,All people aged 16 and over,737,368,287,69,12,369
S01009493,No qualifications,130,29,17,11,1,101
S01009493,Level 1,83,40,33,4,3,43
S01009493,Level 2,98,58,47,9,2,40
S01009493,Level 3,75,50,43,6,1,25
S01009493,Level 4 and above,351,191,147,39,5,160
S01009494,All people aged 16 and over,743,568,459,69,40,175
S01009494,No qualifications,118,53,38,11,4,65
S01009494,Level 1,146,112,82,14,16,34
S01009494,Level 2,133,113,94,12,7,20
S01009494,Level 3,94,81,65,12,4,13
S01009494,Level 4 and above,252,209,180,20,9,43
S01009495,All people aged 16 and over,727,523,445,57,21,204
S01009495,No qualifications,105,48,35,11,2,57
S01009495,Level 1,162,107,87,12,8,55
S01009495,Level 2,122,94,80,9,5,28
S01009495,Level 3,107,85,76,7,2,22
S01009495,Level 4 and above,231,189,167,18,4,42
S01009496,All people aged 16 and over,660,395,342,31,22,265
S01009496,No qualifications,263,83,73,7,3,180
S01009496,Level 1,184,135,114,12,9,49
S01009496,Level 2,96,77,63,5,9,19
S01009496,Level 3,63,55,53,2,0,8
S01009496,Level 4 and above,54,45,39,5,1,9
S01009497,All people aged 16 and over,808,514,439,33,42,294
S01009497,No qualifications,271,87,70,10,7,184
S01009497,Level 1,205,150,116,10,24,55
S01009497,Level 2,118,95,84,6,5,23
S01009497,Level 3,86,72,70,1,1,14
S01009497,Level 4 and above,128,110,99,6,5,18
S01009498,All people aged 16 and over,554,324,277,33,14,230
S01009498,No qualifications,103,30,19,9,2,73
S01009498,Level 1,102,68,55,9,4,34
S01009498,Level 2,101,62,55,4,3,39
S01009498,Level 3,81,58,54,1,3,23
S01009498,Level 4 and above,167,106,94,10,2,61
S01009499,All people aged 16 and over,665,385,313,34,38,280
S01009499,No qualifications,187,56,44,4,8,131
S01009499,Level 1,164,115,83,12,20,49
S01009499,Level 2,83,62,53,6,3,21
S01009499,Level 3,88,64,54,6,4,24
S01009499,Level 4 and above,143,88,79,6,3,55
S01009500,All people aged 16 and over,634,362,289,25,48,272
S01009500,No qualifications,236,77,54,10,13,159
S01009500,Level 1,199,133,107,7,19,66
S01009500,Level 2,70,56,43,4,9,14
S01009500,Level 3,60,47,41,3,3,13
S01009500,Level 4 and above,69,49,44,1,4,20
S01009501,All people aged 16 and over,570,316,241,20,55,254
S01009501,No qualifications,240,84,61,4,19,156
S01009501,Level 1,145,96,68,7,21,49
S01009501,Level 2,72,50,44,1,5,22
S01009501,Level 3,61,53,41,5,7,8
S01009501,Level 4 and above,52,33,27,3,3,19
S01009502,All people aged 16 and over,668,434,349,33,52,234
S01009502,No qualifications,252,111,85,13,13,141
S01009502,Level 1,202,151,121,8,22,51
S01009502,Level 2,65,53,42,9,2,12
S01009502,Level 3,85,68,56,2,10,17
S01009502,Level 4 and above,64,51,45,1,5,13
S01009503,All people aged 16 and over,591,401,328,39,34,190
S01009503,No qualifications,210,96,75,11,10,114
S01009503,Level 1,164,133,105,15,13,31
S01009503,Level 2,67,54,47,2,5,13
S01009503,Level 3,62,52,46,5,1,10
S01009503,Level 4 and above,88,66,55,6,5,22
S01009504,All people aged 16 and over,527,323,252,23,48,204
S01009504,No qualifications,197,83,64,5,14,114
S01009504,Level 1,160,112,85,9,18,48
S01009504,Level 2,52,37,31,3,3,15
S01009504,Level 3,61,48,37,3,8,13
S01009504,Level 4 and above,57,43,35,3,5,14
S01009505,All people aged 16 and over,595,364,265,11,88,231
S01009505,No qualifications,197,69,49,2,18,128
S01009505,Level 1,226,158,112,3,43,68
S01009505,Level 2,56,44,34,1,9,12
S01009505,Level 3,61,50,37,2,11,11
S01009505,Level 4 and above,55,43,33,3,7,12
S01009506,All people aged 16 and over,570,342,274,20,48,228
S01009506,No qualifications,217,76,52,10,14,141
S01009506,Level 1,161,115,92,4,19,46
S01009506,Level 2,71,57,48,2,7,14
S01009506,Level 3,61,52,44,1,7,9
S01009506,Level 4 and above,60,42,38,3,1,18
S01009507,All people aged 16 and over,664,453,384,32,37,211
S01009507,No qualifications,155,62,50,6,6,93
S01009507,Level 1,213,155,126,13,16,58
S01009507,Level 2,99,78,63,6,9,21
S01009507,Level 3,94,72,67,2,3,22
S01009507,Level 4 and above,103,86,78,5,3,17
S01009508,All people aged 16 and over,676,415,306,23,86,261
S01009508,No qualifications,249,96,70,3,23,153
S01009508,Level 1,228,159,115,7,37,69
S01009508,Level 2,63,51,39,4,8,12
S01009508,Level 3,76,60,41,5,14,16
S01009508,Level 4 and above,60,49,41,4,4,11
S01009509,All people aged 16 and over,797,505,388,38,79,292
S01009509,No qualifications,261,101,72,6,23,160
S01009509,Level 1,230,159,115,9,35,71
S01009509,Level 2,93,73,61,5,7,20
S01009509,Level 3,99,80,65,6,9,19
S01009509,Level 4 and above,114,92,75,12,5,22
S01009510,All people aged 16 and over,602,356,305,29,22,246
S01009510,No qualifications,118,30,24,5,1,88
S01009510,Level 1,139,97,74,13,10,42
S01009510,Level 2,84,57,51,1,5,27
S01009510,Level 3,82,62,57,2,3,20
S01009510,Level 4 and above,179,110,99,8,3,69
S01009511,All people aged 16 and over,526,300,258,32,10,226
S01009511,No qualifications,121,35,26,6,3,86
S01009511,Level 1,107,65,54,9,2,42
S01009511,Level 2,79,55,48,6,1,24
S01009511,Level 3,66,56,53,3,0,10
S01009511,Level 4 and above,153,89,77,8,4,64
S01009512,All people aged 16 and over,632,411,368,30,13,221
S01009512,No qualifications,133,42,35,5,2,91
S01009512,Level 1,161,118,103,10,5,43
S01009512,Level 2,90,70,61,7,2,20
S01009512,Level 3,108,82,77,3,2,26
S01009512,Level 4 and above,140,99,92,5,2,41
S01009513,All people aged 16 and over,487,291,260,23,8,196
S01009513,No qualifications,81,28,26,2,0,53
S01009513,Level 1,108,62,53,4,5,46
S01009513,Level 2,78,58,54,4,0,20
S01009513,Level 3,76,54,45,7,2,22
S01009513,Level 4 and above,144,89,82,6,1,55
S01009514,All people aged 16 and over,584,418,374,30,14,166
S01009514,No qualifications,116,45,39,4,2,71
S01009514,Level 1,131,101,88,9,4,30
S01009514,Level 2,97,80,67,8,5,17
S01009514,Level 3,86,68,65,1,2,18
S01009514,Level 4 and above,154,124,115,8,1,30
S01009515,All people aged 16 and over,615,333,272,28,33,282
S01009515,No qualifications,273,81,69,6,6,192
S01009515,Level 1,154,116,82,16,18,38
S01009515,Level 2,62,44,38,3,3,18
S01009515,Level 3,60,44,39,0,5,16
S01009515,Level 4 and above,66,48,44,3,1,18
S01009516,All people aged 16 and over,758,388,322,35,31,370
S01009516,No qualifications,319,78,67,6,5,241
S01009516,Level 1,174,117,89,12,16,57
S01009516,Level 2,87,65,53,9,3,22
S01009516,Level 3,76,56,47,5,4,20
S01009516,Level 4 and above,102,72,66,3,3,30
S01009517,All people aged 16 and over,703,590,512,53,25,113
S01009517,No qualifications,58,35,22,5,8,23
S01009517,Level 1,175,139,111,20,8,36
S01009517,Level 2,117,101,90,7,4,16
S01009517,Level 3,118,102,93,6,3,16
S01009517,Level 4 and above,235,213,196,15,2,22
S01009518,All people aged 16 and over,661,588,510,58,20,73
S01009518,No qualifications,61,33,19,11,3,28
S01009518,Level 1,137,114,95,12,7,23
S01009518,Level 2,109,105,89,11,5,4
S01009518,Level 3,125,116,103,10,3,9
S01009518,Level 4 and above,229,220,204,14,2,9
S01009519,All people aged 16 and over,401,280,239,23,18,121
S01009519,No qualifications,105,48,37,5,6,57
S01009519,Level 1,102,78,61,9,8,24
S01009519,Level 2,60,46,43,2,1,14
S01009519,Level 3,61,48,43,4,1,13
S01009519,Level 4 and above,73,60,55,3,2,13
S01009520,All people aged 16 and over,659,454,388,43,23,205
S01009520,No qualifications,137,50,40,8,2,87
S01009520,Level 1,168,126,99,15,12,42
S01009520,Level 2,91,72,58,9,5,19
S01009520,Level 3,112,84,77,7,0,28
S01009520,Level 4 and above,151,122,114,4,4,29
S01009521,All people aged 16 and over,702,351,258,28,65,351
S01009521,No qualifications,326,106,68,11,27,220
S01009521,Level 1,195,118,84,8,26,77
S01009521,Level 2,58,41,32,4,5,17
S01009521,Level 3,51,37,29,3,5,14
S01009521,Level 4 and above,72,49,45,2,2,23
S01009522,All people aged 16 and over,758,484,375,42,67,274
S01009522,No qualifications,258,104,73,10,21,154
S01009522,Level 1,210,145,110,11,24,65
S01009522,Level 2,95,70,54,6,10,25
S01009522,Level 3,80,66,55,6,5,14
S01009522,Level 4 and above,115,99,83,9,7,16
S01009523,All people aged 16 and over,482,262,205,10,47,220
S01009523,No qualifications,181,55,41,2,12,126
S01009523,Level 1,143,93,67,2,24,50
S01009523,Level 2,37,24,20,1,3,13
S01009523,Level 3,51,39,30,2,7,12
S01009523,Level 4 and above,70,51,47,3,1,19
S01009524,All people aged 16 and over,531,305,245,21,39,226
S01009524,No qualifications,163,45,32,4,9,118
S01009524,Level 1,133,81,56,10,15,52
S01009524,Level 2,55,39,35,0,4,16
S01009524,Level 3,70,52,44,4,4,18
S01009524,Level 4 and above,110,88,78,3,7,22
S01009525,All people aged 16 and over,447,259,209,16,34,188
S01009525,No qualifications,159,56,41,6,9,103
S01009525,Level 1,133,86,69,4,13,47
S01009525,Level 2,43,28,25,0,3,15
S01009525,Level 3,50,41,35,2,4,9
S01009525,Level 4 and above,62,48,39,4,5,14
S01009526,All people aged 16 and over,576,431,359,43,29,145
S01009526,No qualifications,85,33,26,5,2,52
S01009526,Level 1,107,80,57,11,12,27
S01009526,Level 2,81,61,52,7,2,20
S01009526,Level 3,96,80,63,9,8,16
S01009526,Level 4 and above,207,177,161,11,5,30
S01009527,All people aged 16 and over,573,361,293,23,45,212
S01009527,No qualifications,164,53,39,6,8,111
S01009527,Level 1,116,74,53,2,19,42
S01009527,Level 2,83,66,51,7,8,17
S01009527,Level 3,73,55,51,3,1,18
S01009527,Level 4 and above,137,113,99,5,9,24
S01009528,All people aged 16 and over,491,194,168,17,9,297
S01009528,No qualifications,209,31,21,8,2,178
S01009528,Level 1,102,44,40,3,1,58
S01009528,Level 2,44,33,30,2,1,11
S01009528,Level 3,45,29,25,2,2,16
S01009528,Level 4 and above,91,57,52,2,3,34
S01009529,All people aged 16 and over,505,292,228,39,25,213
S01009529,No qualifications,130,33,23,6,4,97
S01009529,Level 1,85,55,43,5,7,30
S01009529,Level 2,79,60,51,5,4,19
S01009529,Level 3,57,44,35,6,3,13
S01009529,Level 4 and above,154,100,76,17,7,54
S01009530,All people aged 16 and over,497,306,262,37,7,191
S01009530,No qualifications,83,24,22,2,0,59
S01009530,Level 1,114,72,59,10,3,42
S01009530,Level 2,74,54,47,4,3,20
S01009530,Level 3,48,37,33,3,1,11
S01009530,Level 4 and above,178,119,101,18,0,59
S01009531,All people aged 16 and over,680,363,295,18,50,317
S01009531,No qualifications,318,96,68,8,20,222
S01009531,Level 1,182,116,92,3,21,66
S01009531,Level 2,53,41,37,4,0,12
S01009531,Level 3,58,51,48,0,3,7
S01009531,Level 4 and above,69,59,50,3,6,10
S01009532,All people aged 16 and over,706,307,257,17,33,399
S01009532,No qualifications,366,77,54,7,16,289
S01009532,Level 1,151,102,86,6,10,49
S01009532,Level 2,59,39,34,2,3,20
S01009532,Level 3,60,40,37,2,1,20
S01009532,Level 4 and above,70,49,46,0,3,21
S01009533,All people aged 16 and over,653,400,325,30,45,253
S01009533,No qualifications,240,83,61,7,15,157
S01009533,Level 1,163,116,89,7,20,47
S01009533,Level 2,82,64,53,4,7,18
S01009533,Level 3,69,60,57,2,1,9
S01009533,Level 4 and above,99,77,65,10,2,22
S01009534,All people aged 16 and over,651,369,254,33,82,282
S01009534,No qualifications,249,96,49,9,38,153
S01009534,Level 1,180,107,68,11,28,73
S01009534,Level 2,67,50,41,3,6,17
S01009534,Level 3,66,51,39,4,8,15
S01009534,Level 4 and above,89,65,57,6,2,24
S01009535,All people aged 16 and over,486,310,222,18,70,176
S01009535,No qualifications,172,84,50,2,32,88
S01009535,Level 1,153,100,72,8,20,53
S01009535,Level 2,57,44,32,4,8,13
S01009535,Level 3,54,42,37,1,4,12
S01009535,Level 4 and above,50,40,31,3,6,10
S01009536,All people aged 16 and over,417,254,204,21,29,163
S01009536,No qualifications,152,59,44,3,12,93
S01009536,Level 1,117,83,66,7,10,34
S01009536,Level 2,37,28,19,5,4,9
S01009536,Level 3,51,36,33,2,1,15
S01009536,Level 4 and above,60,48,42,4,2,12
S01009537,All people aged 16 and over,451,250,197,19,34,201
S01009537,No qualifications,146,25,20,2,3,121
S01009537,Level 1,102,76,55,4,17,26
S01009537,Level 2,62,44,34,5,5,18
S01009537,Level 3,46,37,32,1,4,9
S01009537,Level 4 and above,95,68,56,7,5,27
S01009538,All people aged 16 and over,671,396,299,38,59,275
S01009538,No qualifications,208,68,55,3,10,140
S01009538,Level 1,153,105,61,14,30,48
S01009538,Level 2,80,60,50,5,5,20
S01009538,Level 3,82,73,62,4,7,9
S01009538,Level 4 and above,148,90,71,12,7,58
S01009539,All people aged 16 and over,738,442,379,36,27,296
S01009539,No qualifications,250,75,60,8,7,175
S01009539,Level 1,214,160,132,16,12,54
S01009539,Level 2,77,55,51,3,1,22
S01009539,Level 3,88,66,56,4,6,22
S01009539,Level 4 and above,109,86,80,5,1,23
S01009540,All people aged 16 and over,716,435,350,24,61,281
S01009540,No qualifications,269,95,75,4,16,174
S01009540,Level 1,176,121,95,8,18,55
S01009540,Level 2,84,65,48,5,12,19
S01009540,Level 3,89,76,61,6,9,13
S01009540,Level 4 and above,98,78,71,1,6,20
S01009541,All people aged 16 and over,639,411,338,50,23,228
S01009541,No qualifications,200,74,61,8,5,126
S01009541,Level 1,141,98,75,15,8,43
S01009541,Level 2,93,72,53,12,7,21
S01009541,Level 3,74,58,54,2,2,16
S01009541,Level 4 and above,131,109,95,13,1,22
S01009542,All people aged 16 and over,586,386,269,29,88,200
S01009542,No qualifications,206,94,59,6,29,112
S01009542,Level 1,204,145,95,11,39,59
S01009542,Level 2,55,46,35,3,8,9
S01009542,Level 3,52,47,38,1,8,5
S01009542,Level 4 and above,69,54,42,8,4,15
S01009543,All people aged 16 and over,480,254,202,35,17,226
S01009543,No qualifications,183,56,42,5,9,127
S01009543,Level 1,112,69,57,9,3,43
S01009543,Level 2,52,32,24,6,2,20
S01009543,Level 3,47,39,35,3,1,8
S01009543,Level 4 and above,86,58,44,12,2,28
S01009544,All people aged 16 and over,724,443,366,48,29,281
S01009544,No qualifications,252,73,65,5,3,179
S01009544,Level 1,166,130,102,13,15,36
S01009544,Level 2,87,70,58,9,3,17
S01009544,Level 3,80,65,52,8,5,15
S01009544,Level 4 and above,139,105,89,13,3,34
S01009545,All people aged 16 and over,646,395,305,50,40,251
S01009545,No qualifications,216,80,58,14,8,136
S01009545,Level 1,187,129,94,17,18,58
S01009545,Level 2,70,54,43,5,6,16
S01009545,Level 3,75,62,53,5,4,13
S01009545,Level 4 and above,98,70,57,9,4,28
S01009546,All people aged 16 and over,792,564,469,43,52,228
S01009546,No qualifications,243,98,74,14,10,145
S01009546,Level 1,202,160,118,14,28,42
S01009546,Level 2,121,107,93,10,4,14
S01009546,Level 3,97,86,78,1,7,11
S01009546,Level 4 and above,129,113,106,4,3,16
S01009547,All people aged 16 and over,600,395,308,44,43,205
S01009547,No qualifications,193,75,61,6,8,118
S01009547,Level 1,155,110,79,11,20,45
S01009547,Level 2,79,64,50,6,8,15
S01009547,Level 3,83,73,61,9,3,10
S01009547,Level 4 and above,90,73,57,12,4,17
S01009548,All people aged 16 and over,572,350,290,27,33,222
S01009548,No qualifications,180,59,41,10,8,121
S01009548,Level 1,153,107,93,2,12,46
S01009548,Level 2,72,52,43,4,5,20
S01009548,Level 3,74,63,52,6,5,11
S01009548,Level 4 and above,93,69,61,5,3,24
S01009549,All people aged 16 and over,649,415,349,43,23,234
S01009549,No qualifications,176,55,43,8,4,121
S01009549,Level 1,176,122,98,13,11,54
S01009549,Level 2,88,64,56,6,2,24
S01009549,Level 3,91,78,65,7,6,13
S01009549,Level 4 and above,118,96,87,9,0,22
S01009550,All people aged 16 and over,415,270,236,18,16,145
S01009550,No qualifications,86,35,30,3,2,51
S01009550,Level 1,92,58,45,5,8,34
S01009550,Level 2,73,53,50,1,2,20
S01009550,Level 3,75,66,60,4,2,9
S01009550,Level 4 and above,89,58,51,5,2,31
S01009551,All people aged 16 and over,421,266,225,16,25,155
S01009551,No qualifications,94,30,25,2,3,64
S01009551,Level 1,118,87,70,6,11,31
S01009551,Level 2,61,47,40,4,3,14
S01009551,Level 3,60,45,39,3,3,15
S01009551,Level 4 and above,88,57,51,1,5,31
S01009552,All people aged 16 and over,776,463,380,54,29,313
S01009552,No qualifications,241,80,65,6,9,161
S01009552,Level 1,199,142,104,24,14,57
S01009552,Level 2,104,81,69,9,3,23
S01009552,Level 3,88,71,62,6,3,17
S01009552,Level 4 and above,144,89,80,9,0,55
S01009553,All people aged 16 and over,701,414,317,30,67,287
S01009553,No qualifications,270,101,72,3,26,169
S01009553,Level 1,185,128,95,10,23,57
S01009553,Level 2,86,65,53,5,7,21
S01009553,Level 3,75,58,48,2,8,17
S01009553,Level 4 and above,85,62,49,10,3,23
S01009554,All people aged 16 and over,554,349,249,49,51,205
S01009554,No qualifications,164,64,46,8,10,100
S01009554,Level 1,157,114,73,15,26,43
S01009554,Level 2,52,36,31,3,2,16
S01009554,Level 3,91,69,47,12,10,22
S01009554,Level 4 and above,90,66,52,11,3,24
S01009555,All people aged 16 and over,633,415,315,55,45,218
S01009555,No qualifications,178,71,50,11,10,107
S01009555,Level 1,148,106,70,16,20,42
S01009555,Level 2,100,81,63,11,7,19
S01009555,Level 3,90,70,59,4,7,20
S01009555,Level 4 and above,117,87,73,13,1,30
S01009556,All people aged 16 and over,605,406,342,20,44,199
S01009556,No qualifications,168,63,47,6,10,105
S01009556,Level 1,208,169,139,6,24,39
S01009556,Level 2,65,50,41,4,5,15
S01009556,Level 3,82,64,62,2,0,18
S01009556,Level 4 and above,82,60,53,2,5,22
S01009557,All people aged 16 and over,526,324,244,18,62,202
S01009557,No qualifications,166,54,41,6,7,112
S01009557,Level 1,169,118,81,3,34,51
S01009557,Level 2,62,47,37,2,8,15
S01009557,Level 3,63,53,40,2,11,10
S01009557,Level 4 and above,66,52,45,5,2,14
S01009558,All people aged 16 and over,513,307,237,15,55,206
S01009558,No qualifications,190,71,54,3,14,119
S01009558,Level 1,159,120,84,4,32,39
S01009558,Level 2,59,45,38,3,4,14
S01009558,Level 3,61,39,33,2,4,22
S01009558,Level 4 and above,44,32,28,3,1,12
S01009559,All people aged 16 and over,682,429,339,22,68,253
S01009559,No qualifications,226,89,73,6,10,137
S01009559,Level 1,249,178,134,9,35,71
S01009559,Level 2,59,50,39,3,8,9
S01009559,Level 3,84,63,54,3,6,21
S01009559,Level 4 and above,64,49,39,1,9,15
S01009560,All people aged 16 and over,594,346,274,21,51,248
S01009560,No qualifications,195,69,50,7,12,126
S01009560,Level 1,178,115,89,6,20,63
S01009560,Level 2,70,51,41,2,8,19
S01009560,Level 3,68,55,46,3,6,13
S01009560,Level 4 and above,83,56,48,3,5,27
S01009561,All people aged 16 and over,423,247,195,17,35,176
S01009561,No qualifications,127,38,23,2,13,89
S01009561,Level 1,142,96,76,6,14,46
S01009561,Level 2,48,35,29,4,2,13
S01009561,Level 3,56,44,38,2,4,12
S01009561,Level 4 and above,50,34,29,3,2,16
S01009562,All people aged 16 and over,612,367,315,18,34,245
S01009562,No qualifications,192,62,53,5,4,130
S01009562,Level 1,154,106,86,3,17,48
S01009562,Level 2,77,58,52,4,2,19
S01009562,Level 3,89,65,55,2,8,24
S01009562,Level 4 and above,100,76,69,4,3,24
S01009563,All people aged 16 and over,643,341,293,22,26,302
S01009563,No qualifications,229,49,45,1,3,180
S01009563,Level 1,171,124,100,9,15,47
S01009563,Level 2,68,42,38,4,0,26
S01009563,Level 3,80,62,51,5,6,18
S01009563,Level 4 and above,95,64,59,3,2,31
S01009564,All people aged 16 and over,566,294,259,19,16,272
S01009564,No qualifications,152,26,22,3,1,126
S01009564,Level 1,132,84,73,6,5,48
S01009564,Level 2,73,46,37,8,1,27
S01009564,Level 3,90,63,57,0,6,27
S01009564,Level 4 and above,119,75,70,2,3,44
S01009565,All people aged 16 and over,457,263,214,12,37,194
S01009565,No qualifications,118,43,29,5,9,75
S01009565,Level 1,153,92,68,3,21,61
S01009565,Level 2,71,53,50,1,2,18
S01009565,Level 3,52,38,34,2,2,14
S01009565,Level 4 and above,63,37,33,1,3,26
S01009566,All people aged 16 and over,816,566,492,38,36,250
S01009566,No qualifications,178,71,63,3,5,107
S01009566,Level 1,256,190,160,9,21,66
S01009566,Level 2,119,96,86,6,4,23
S01009566,Level 3,118,97,82,11,4,21
S01009566,Level 4 and above,145,112,101,9,2,33
S01009567,All people aged 16 and over,715,452,372,27,53,263
S01009567,No qualifications,198,67,51,5,11,131
S01009567,Level 1,191,137,102,10,25,54
S01009567,Level 2,100,74,66,2,6,26
S01009567,Level 3,110,100,91,5,4,10
S01009567,Level 4 and above,116,74,62,5,7,42
S01009568,All people aged 16 and over,584,334,276,29,29,250
S01009568,No qualifications,188,42,30,7,5,146
S01009568,Level 1,147,98,78,6,14,49
S01009568,Level 2,81,62,56,4,2,19
S01009568,Level 3,89,72,64,5,3,17
S01009568,Level 4 and above,79,60,48,7,5,19
S01009569,All people aged 16 and over,666,389,347,15,27,277
S01009569,No qualifications,236,67,56,4,7,169
S01009569,Level 1,184,130,113,4,13,54
S01009569,Level 2,83,64,58,3,3,19
S01009569,Level 3,83,66,61,4,1,17
S01009569,Level 4 and above,80,62,59,0,3,18
S01009570,All people aged 16 and over,449,259,216,21,22,190
S01009570,No qualifications,161,54,42,5,7,107
S01009570,Level 1,122,86,69,8,9,36
S01009570,Level 2,53,33,28,2,3,20
S01009570,Level 3,58,42,37,2,3,16
S01009570,Level 4 and above,55,44,40,4,0,11
S01009571,All people aged 16 and over,540,330,245,19,66,210
S01009571,No qualifications,193,73,49,6,18,120
S01009571,Level 1,158,109,72,6,31,49
S01009571,Level 2,70,54,45,3,6,16
S01009571,Level 3,58,44,36,2,6,14
S01009571,Level 4 and above,61,50,43,2,5,11
S01009572,All people aged 16 and over,842,494,379,34,81,348
S01009572,No qualifications,296,101,71,11,19,195
S01009572,Level 1,256,162,122,8,32,94
S01009572,Level 2,92,68,54,5,9,24
S01009572,Level 3,102,87,66,6,15,15
S01009572,Level 4 and above,96,76,66,4,6,20
S01009573,All people aged 16 and over,585,337,260,14,63,248
S01009573,No qualifications,257,96,75,3,18,161
S01009573,Level 1,169,118,87,6,25,51
S01009573,Level 2,49,33,25,2,6,16
S01009573,Level 3,51,41,29,1,11,10
S01009573,Level 4 and above,59,49,44,2,3,10
S01009574,All people aged 16 and over,860,493,406,36,51,367
S01009574,No qualifications,351,98,75,7,16,253
S01009574,Level 1,212,160,136,9,15,52
S01009574,Level 2,92,70,59,4,7,22
S01009574,Level 3,91,78,64,8,6,13
S01009574,Level 4 and above,114,87,72,8,7,27
S01009575,All people aged 16 and over,429,267,222,17,28,162
S01009575,No qualifications,119,24,15,4,5,95
S01009575,Level 1,105,79,65,7,7,26
S01009575,Level 2,70,56,47,1,8,14
S01009575,Level 3,72,64,57,2,5,8
S01009575,Level 4 and above,63,44,38,3,3,19
S01009576,All people aged 16 and over,459,297,257,31,9,162
S01009576,No qualifications,118,39,35,3,1,79
S01009576,Level 1,86,61,45,9,7,25
S01009576,Level 2,58,42,38,4,0,16
S01009576,Level 3,63,54,49,5,0,9
S01009576,Level 4 and above,134,101,90,10,1,33
S01009577,All people aged 16 and over,598,390,317,44,29,208
S01009577,No qualifications,130,32,23,9,0,98
S01009577,Level 1,127,82,63,10,9,45
S01009577,Level 2,100,76,59,5,12,24
S01009577,Level 3,77,74,63,7,4,3
S01009577,Level 4 and above,164,126,109,13,4,38
S01009578,All people aged 16 and over,613,417,346,28,43,196
S01009578,No qualifications,165,69,58,3,8,96
S01009578,Level 1,167,120,92,8,20,47
S01009578,Level 2,100,77,61,8,8,23
S01009578,Level 3,80,69,61,3,5,11
S01009578,Level 4 and above,101,82,74,6,2,19
S01009579,All people aged 16 and over,842,565,470,47,48,277
S01009579,No qualifications,180,70,47,12,11,110
S01009579,Level 1,199,140,103,14,23,59
S01009579,Level 2,134,103,90,7,6,31
S01009579,Level 3,144,113,103,7,3,31
S01009579,Level 4 and above,185,139,127,7,5,46
S01009580,All people aged 16 and over,748,570,495,56,19,178
S01009580,No qualifications,101,50,43,7,0,51
S01009580,Level 1,191,148,123,21,4,43
S01009580,Level 2,129,107,91,12,4,22
S01009580,Level 3,135,117,104,6,7,18
S01009580,Level 4 and above,192,148,134,10,4,44
S01009581,All people aged 16 and over,473,286,236,18,32,187
S01009581,No qualifications,134,38,30,2,6,96
S01009581,Level 1,146,101,78,8,15,45
S01009581,Level 2,55,37,30,2,5,18
S01009581,Level 3,67,55,48,5,2,12
S01009581,Level 4 and above,71,55,50,1,4,16
S01009582,All people aged 16 and over,414,281,231,23,27,133
S01009582,No qualifications,105,38,26,8,4,67
S01009582,Level 1,127,90,76,5,9,37
S01009582,Level 2,59,52,42,3,7,7
S01009582,Level 3,53,44,35,5,4,9
S01009582,Level 4 and above,70,57,52,2,3,13
S01009583,All people aged 16 and over,623,395,325,32,38,228
S01009583,No qualifications,173,66,48,7,11,107
S01009583,Level 1,205,145,117,14,14,60
S01009583,Level 2,79,61,52,3,6,18
S01009583,Level 3,74,51,47,1,3,23
S01009583,Level 4 and above,92,72,61,7,4,20
S01009584,All people aged 16 and over,432,253,200,40,13,179
S01009584,No qualifications,87,30,18,8,4,57
S01009584,Level 1,91,64,48,13,3,27
S01009584,Level 2,70,48,40,6,2,22
S01009584,Level 3,57,41,37,2,2,16
S01009584,Level 4 and above,127,70,57,11,2,57
S01009585,All people aged 16 and over,775,515,435,40,40,260
S01009585,No qualifications,220,93,70,11,12,127
S01009585,Level 1,253,180,151,14,15,73
S01009585,Level 2,112,90,85,2,3,22
S01009585,Level 3,100,85,73,4,8,15
S01009585,Level 4 and above,90,67,56,9,2,23
S01009586,All people aged 16 and over,589,284,240,22,22,305
S01009586,No qualifications,228,53,44,3,6,175
S01009586,Level 1,139,79,69,4,6,60
S01009586,Level 2,76,51,43,5,3,25
S01009586,Level 3,70,56,48,3,5,14
S01009586,Level 4 and above,76,45,36,7,2,31
S01009587,All people aged 16 and over,619,308,255,26,27,311
S01009587,No qualifications,227,36,27,4,5,191
S01009587,Level 1,133,79,64,6,9,54
S01009587,Level 2,74,52,46,3,3,22
S01009587,Level 3,78,64,56,1,7,14
S01009587,Level 4 and above,107,77,62,12,3,30
S01009588,All people aged 16 and over,897,492,424,29,39,405
S01009588,No qualifications,344,87,77,4,6,257
S01009588,Level 1,225,152,126,10,16,73
S01009588,Level 2,106,87,77,1,9,19
S01009588,Level 3,112,93,83,7,3,19
S01009588,Level 4 and above,110,73,61,7,5,37
S01009589,All people aged 16 and over,744,487,411,29,47,257
S01009589,No qualifications,239,91,70,8,13,148
S01009589,Level 1,211,155,125,10,20,56
S01009589,Level 2,88,76,63,4,9,12
S01009589,Level 3,115,97,91,3,3,18
S01009589,Level 4 and above,91,68,62,4,2,23
S01009590,All people aged 16 and over,582,380,327,38,15,202
S01009590,No qualifications,96,32,25,4,3,64
S01009590,Level 1,142,91,71,13,7,51
S01009590,Level 2,83,65,59,3,3,18
S01009590,Level 3,87,70,60,9,1,17
S01009590,Level 4 and above,174,122,112,9,1,52
S01009591,All people aged 16 and over,567,393,336,33,24,174
S01009591,No qualifications,85,38,31,5,2,47
S01009591,Level 1,147,102,81,12,9,45
S01009591,Level 2,89,63,55,5,3,26
S01009591,Level 3,82,72,64,2,6,10
S01009591,Level 4 and above,164,118,105,9,4,46
S01009592,All people aged 16 and over,493,270,229,36,5,223
S01009592,No qualifications,102,27,21,5,1,75
S01009592,Level 1,102,61,49,11,1,41
S01009592,Level 2,65,41,38,3,0,24
S01009592,Level 3,48,34,29,4,1,14
S01009592,Level 4 and above,176,107,92,13,2,69
S01009593,All people aged 16 and over,492,343,273,42,28,149
S01009593,No qualifications,75,28,23,2,3,47
S01009593,Level 1,107,78,55,8,15,29
S01009593,Level 2,76,62,48,8,6,14
S01009593,Level 3,74,62,55,7,0,12
S01009593,Level 4 and above,160,113,92,17,4,47
S01009594,All people aged 16 and over,543,392,341,33,18,151
S01009594,No qualifications,80,28,22,3,3,52
S01009594,Level 1,135,93,80,8,5,42
S01009594,Level 2,69,59,54,3,2,10
S01009594,Level 3,98,83,72,5,6,15
S01009594,Level 4 and above,161,129,113,14,2,32
S01009595,All people aged 16 and over,398,308,243,39,26,90
S01009595,No qualifications,52,17,10,6,1,35
S01009595,Level 1,101,82,63,11,8,19
S01009595,Level 2,64,56,40,11,5,8
S01009595,Level 3,66,57,50,2,5,9
S01009595,Level 4 and above,115,96,80,9,7,19
S01009596,All people aged 16 and over,640,431,353,31,47,209
S01009596,No qualifications,156,55,45,4,6,101
S01009596,Level 1,216,164,131,10,23,52
S01009596,Level 2,82,62,50,4,8,20
S01009596,Level 3,86,77,67,4,6,9
S01009596,Level 4 and above,100,73,60,9,4,27
S01009597,All people aged 16 and over,633,420,298,31,91,213
S01009597,No qualifications,159,74,37,12,25,85
S01009597,Level 1,199,134,94,3,37,65
S01009597,Level 2,82,61,52,2,7,21
S01009597,Level 3,112,86,65,6,15,26
S01009597,Level 4 and above,81,65,50,8,7,16
S01009598,All people aged 16 and over,518,314,230,28,56,204
S01009598,No qualifications,143,52,33,5,14,91
S01009598,Level 1,170,110,79,7,24,60
S01009598,Level 2,62,45,35,4,6,17
S01009598,Level 3,75,61,48,5,8,14
S01009598,Level 4 and above,68,46,35,7,4,22
S01009599,All people aged 16 and over,723,464,382,28,54,259
S01009599,No qualifications,226,85,66,6,13,141
S01009599,Level 1,183,132,104,7,21,51
S01009599,Level 2,94,76,64,4,8,18
S01009599,Level 3,101,80,69,6,5,21
S01009599,Level 4 and above,119,91,79,5,7,28
S01009600,All people aged 16 and over,511,284,223,18,43,227
S01009600,No qualifications,155,47,39,2,6,108
S01009600,Level 1,151,91,70,1,20,60
S01009600,Level 2,52,34,25,3,6,18
S01009600,Level 3,72,55,46,3,6,17
S01009600,Level 4 and above,81,57,43,9,5,24
S01009601,All people aged 16 and over,534,355,285,18,52,179
S01009601,No qualifications,136,59,44,2,13,77
S01009601,Level 1,156,102,76,3,23,54
S01009601,Level 2,67,55,44,3,8,12
S01009601,Level 3,86,64,57,4,3,22
S01009601,Level 4 and above,89,75,64,6,5,14
S01009602,All people aged 16 and over,614,472,411,38,23,142
S01009602,No qualifications,85,35,25,7,3,50
S01009602,Level 1,124,94,76,12,6,30
S01009602,Level 2,94,75,67,4,4,19
S01009602,Level 3,106,95,85,5,5,11
S01009602,Level 4 and above,205,173,158,10,5,32
S01009603,All people aged 16 and over,471,312,263,35,14,159
S01009603,No qualifications,70,19,11,5,3,51
S01009603,Level 1,109,62,46,9,7,47
S01009603,Level 2,86,61,55,4,2,25
S01009603,Level 3,72,64,62,2,0,8
S01009603,Level 4 and above,134,106,89,15,2,28
S01009604,All people aged 16 and over,704,454,396,35,23,250
S01009604,No qualifications,165,55,49,4,2,110
S01009604,Level 1,179,120,101,9,10,59
S01009604,Level 2,95,74,62,5,7,21
S01009604,Level 3,102,83,74,7,2,19
S01009604,Level 4 and above,163,122,110,10,2,41
S01009605,All people aged 16 and over,644,348,276,31,41,296
S01009605,No qualifications,188,39,28,7,4,149
S01009605,Level 1,174,101,75,7,19,73
S01009605,Level 2,92,64,51,4,9,28
S01009605,Level 3,83,65,56,5,4,18
S01009605,Level 4 and above,107,79,66,8,5,28
S01009606,All people aged 16 and over,468,331,298,22,11,137
S01009606,No qualifications,91,28,24,2,2,63
S01009606,Level 1,80,54,47,4,3,26
S01009606,Level 2,61,48,39,8,1,13
S01009606,Level 3,73,64,61,2,1,9
S01009606,Level 4 and above,163,137,127,6,4,26
S01009607,All people aged 16 and over,445,278,240,29,9,167
S01009607,No qualifications,78,24,15,7,2,54
S01009607,Level 1,92,63,54,5,4,29
S01009607,Level 2,58,40,38,2,0,18
S01009607,Level 3,61,44,38,5,1,17
S01009607,Level 4 and above,156,107,95,10,2,49
S01009608,All people aged 16 and over,489,316,263,23,30,173
S01009608,No qualifications,127,39,25,4,10,88
S01009608,Level 1,143,107,89,6,12,36
S01009608,Level 2,67,42,35,3,4,25
S01009608,Level 3,53,45,40,3,2,8
S01009608,Level 4 and above,99,83,74,7,2,16
S01009609,All people aged 16 and over,665,434,348,55,31,231
S01009609,No qualifications,151,50,34,12,4,101
S01009609,Level 1,146,94,65,16,13,52
S01009609,Level 2,88,68,53,11,4,20
S01009609,Level 3,112,92,81,6,5,20
S01009609,Level 4 and above,168,130,115,10,5,38
S01009610,All people aged 16 and over,835,500,425,40,35,335
S01009610,No qualifications,239,75,61,7,7,164
S01009610,Level 1,207,141,116,14,11,66
S01009610,Level 2,109,74,58,9,7,35
S01009610,Level 3,115,92,81,3,8,23
S01009610,Level 4 and above,165,118,109,7,2,47
S01009611,All people aged 16 and over,447,294,230,56,8,153
S01009611,No qualifications,91,34,21,12,1,57
S01009611,Level 1,101,67,49,15,3,34
S01009611,Level 2,60,39,25,12,2,21
S01009611,Level 3,70,52,44,6,2,18
S01009611,Level 4 and above,125,102,91,11,0,23
S01009612,All people aged 16 and over,506,329,276,35,18,177
S01009612,No qualifications,156,50,42,5,3,106
S01009612,Level 1,128,91,70,12,9,37
S01009612,Level 2,84,66,58,4,4,18
S01009612,Level 3,75,66,54,10,2,9
S01009612,Level 4 and above,63,56,52,4,0,7
S01009613,All people aged 16 and over,380,277,210,53,14,103
S01009613,No qualifications,83,37,19,18,0,46
S01009613,Level 1,85,67,45,17,5,18
S01009613,Level 2,38,32,25,4,3,6
S01009613,Level 3,53,49,42,6,1,4
S01009613,Level 4 and above,121,92,79,8,5,29
S01009614,All people aged 16 and over,434,284,221,46,17,150
S01009614,No qualifications,112,37,24,9,4,75
S01009614,Level 1,118,83,64,11,8,35
S01009614,Level 2,55,46,36,7,3,9
S01009614,Level 3,53,48,40,7,1,5
S01009614,Level 4 and above,96,70,57,12,1,26
S01009615,All people aged 16 and over,344,181,156,15,10,163
S01009615,No qualifications,129,31,26,4,1,98
S01009615,Level 1,75,51,43,5,3,24
S01009615,Level 2,41,29,27,1,1,12
S01009615,Level 3,46,32,28,1,3,14
S01009615,Level 4 and above,53,38,32,4,2,15
S01009616,All people aged 16 and over,611,406,330,40,36,205
S01009616,No qualifications,166,63,47,7,9,103
S01009616,Level 1,174,133,103,15,15,41
S01009616,Level 2,102,75,62,11,2,27
S01009616,Level 3,73,60,48,5,7,13
S01009616,Level 4 and above,96,75,70,2,3,21
S01009617,All people aged 16 and over,597,415,363,39,13,182
S01009617,No qualifications,129,57,50,4,3,72
S01009617,Level 1,166,117,101,11,5,49
S01009617,Level 2,98,71,63,4,4,27
S01009617,Level 3,74,66,61,5,0,8
S01009617,Level 4 and above,130,104,88,15,1,26
S01009618,All people aged 16 and over,569,354,293,27,34,215
S01009618,No qualifications,213,72,51,7,14,141
S01009618,Level 1,153,117,94,11,12,36
S01009618,Level 2,85,71,63,2,6,14
S01009618,Level 3,59,49,47,1,1,10
S01009618,Level 4 and above,59,45,38,6,1,14
S01009619,All people aged 16 and over,520,286,222,23,41,234
S01009619,No qualifications,197,50,34,5,11,147
S01009619,Level 1,130,96,69,9,18,34
S01009619,Level 2,70,52,46,3,3,18
S01009619,Level 3,59,41,34,3,4,18
S01009619,Level 4 and above,64,47,39,3,5,17
S01009620,All people aged 16 and over,662,348,281,22,45,314
S01009620,No qualifications,265,67,54,2,11,198
S01009620,Level 1,202,134,103,11,20,68
S01009620,Level 2,64,44,35,1,8,20
S01009620,Level 3,63,49,43,3,3,14
S01009620,Level 4 and above,68,54,46,5,3,14
S01009621,All people aged 16 and over,655,370,296,30,44,285
S01009621,No qualifications,272,101,71,11,19,171
S01009621,Level 1,145,95,78,6,11,50
S01009621,Level 2,79,59,46,4,9,20
S01009621,Level 3,74,56,50,2,4,18
S01009621,Level 4 and above,85,59,51,7,1,26
S01009622,All people aged 16 and over,587,333,251,17,65,254
S01009622,No qualifications,218,75,50,4,21,143
S01009622,Level 1,199,126,89,2,35,73
S01009622,Level 2,62,49,42,3,4,13
S01009622,Level 3,56,45,39,2,4,11
S01009622,Level 4 and above,52,38,31,6,1,14
S01009623,All people aged 16 and over,410,213,180,18,15,197
S01009623,No qualifications,154,46,35,5,6,108
S01009623,Level 1,117,63,56,4,3,54
S01009623,Level 2,45,34,29,3,2,11
S01009623,Level 3,42,33,30,2,1,9
S01009623,Level 4 and above,52,37,30,4,3,15
S01009624,All people aged 16 and over,733,414,344,24,46,319
S01009624,No qualifications,320,108,84,7,17,212
S01009624,Level 1,202,147,113,13,21,55
S01009624,Level 2,83,66,61,1,4,17
S01009624,Level 3,64,51,46,1,4,13
S01009624,Level 4 and above,64,42,40,2,0,22
S01009625,All people aged 16 and over,685,423,349,21,53,262
S01009625,No qualifications,284,126,103,3,20,158
S01009625,Level 1,227,168,133,9,26,59
S01009625,Level 2,61,41,35,3,3,20
S01009625,Level 3,51,40,37,1,2,11
S01009625,Level 4 and above,62,48,41,5,2,14
S01009626,All people aged 16 and over,452,236,172,18,46,216
S01009626,No qualifications,196,58,38,3,17,138
S01009626,Level 1,140,95,64,7,24,45
S01009626,Level 2,40,28,25,0,3,12
S01009626,Level 3,34,25,22,2,1,9
S01009626,Level 4 and above,42,30,23,6,1,12
S01009627,All people aged 16 and over,656,379,302,25,52,277
S01009627,No qualifications,284,110,87,7,16,174
S01009627,Level 1,187,123,92,6,25,64
S01009627,Level 2,75,59,50,6,3,16
S01009627,Level 3,56,47,39,2,6,9
S01009627,Level 4 and above,54,40,34,4,2,14
S01009628,All people aged 16 and over,473,173,146,10,17,300
S01009628,No qualifications,283,53,40,7,6,230
S01009628,Level 1,100,65,54,3,8,35
S01009628,Level 2,26,16,15,0,1,10
S01009628,Level 3,37,24,23,0,1,13
S01009628,Level 4 and above,27,15,14,0,1,12
S01009629,All people aged 16 and over,827,511,405,33,73,316
S01009629,No qualifications,316,117,100,1,16,199
S01009629,Level 1,241,179,130,16,33,62
S01009629,Level 2,109,79,62,5,12,30
S01009629,Level 3,87,74,64,3,7,13
S01009629,Level 4 and above,74,62,49,8,5,12
S01009630,All people aged 16 and over,632,368,273,19,76,264
S01009630,No qualifications,262,98,73,6,19,164
S01009630,Level 1,201,143,97,8,38,58
S01009630,Level 2,62,42,33,0,9,20
S01009630,Level 3,57,45,34,4,7,12
S01009630,Level 4 and above,50,40,36,1,3,10
S01009631,All people aged 16 and over,587,322,244,20,58,265
S01009631,No qualifications,277,95,65,8,22,182
S01009631,Level 1,162,112,85,5,22,50
S01009631,Level 2,55,44,36,1,7,11
S01009631,Level 3,56,49,41,3,5,7
S01009631,Level 4 and above,37,22,17,3,2,15
S01009632,All people aged 16 and over,452,228,161,14,53,224
S01009632,No qualifications,215,64,42,6,16,151
S01009632,Level 1,147,101,71,1,29,46
S01009632,Level 2,33,23,16,3,4,10
S01009632,Level 3,26,18,15,1,2,8
S01009632,Level 4 and above,31,22,17,3,2,9
S01009633,All people aged 16 and over,548,321,235,15,71,227
S01009633,No qualifications,234,94,67,7,20,140
S01009633,Level 1,161,107,78,3,26,54
S01009633,Level 2,57,46,32,1,13,11
S01009633,Level 3,40,31,24,1,6,9
S01009633,Level 4 and above,56,43,34,3,6,13
S01009634,All people aged 16 and over,469,194,157,3,34,275
S01009634,No qualifications,251,62,48,2,12,189
S01009634,Level 1,124,73,52,1,20,51
S01009634,Level 2,33,16,16,0,0,17
S01009634,Level 3,31,23,22,0,1,8
S01009634,Level 4 and above,30,20,19,0,1,10
S01009635,All people aged 16 and over,706,432,352,32,48,274
S01009635,No qualifications,238,85,66,9,10,153
S01009635,Level 1,210,157,125,6,26,53
S01009635,Level 2,82,58,46,6,6,24
S01009635,Level 3,74,59,55,1,3,15
S01009635,Level 4 and above,102,73,60,10,3,29
S01009636,All people aged 16 and over,752,427,296,33,98,325
S01009636,No qualifications,307,112,67,13,32,195
S01009636,Level 1,248,169,108,10,51,79
S01009636,Level 2,73,54,44,1,9,19
S01009636,Level 3,63,47,36,5,6,16
S01009636,Level 4 and above,61,45,41,4,0,16
S01009637,All people aged 16 and over,615,375,317,22,36,240
S01009637,No qualifications,210,62,44,7,11,148
S01009637,Level 1,184,138,121,5,12,46
S01009637,Level 2,82,67,54,5,8,15
S01009637,Level 3,65,52,45,4,3,13
S01009637,Level 4 and above,74,56,53,1,2,18
S01009638,All people aged 16 and over,555,295,210,21,64,260
S01009638,No qualifications,225,64,46,3,15,161
S01009638,Level 1,157,109,70,6,33,48
S01009638,Level 2,70,49,38,1,10,21
S01009638,Level 3,48,36,29,3,4,12
S01009638,Level 4 and above,55,37,27,8,2,18
S01009639,All people aged 16 and over,694,370,297,47,26,324
S01009639,No qualifications,162,36,23,6,7,126
S01009639,Level 1,160,94,68,16,10,66
S01009639,Level 2,87,54,43,8,3,33
S01009639,Level 3,89,61,54,6,1,28
S01009639,Level 4 and above,196,125,109,11,5,71
S01009640,All people aged 16 and over,512,241,201,14,26,271
S01009640,No qualifications,214,54,44,2,8,160
S01009640,Level 1,124,70,49,7,14,54
S01009640,Level 2,59,37,35,0,2,22
S01009640,Level 3,43,35,32,2,1,8
S01009640,Level 4 and above,72,45,41,3,1,27
S01009641,All people aged 16 and over,684,352,274,35,43,332
S01009641,No qualifications,255,63,40,9,14,192
S01009641,Level 1,164,98,81,6,11,66
S01009641,Level 2,106,79,60,10,9,27
S01009641,Level 3,55,38,31,1,6,17
S01009641,Level 4 and above,104,74,62,9,3,30
S01009642,All people aged 16 and over,782,504,415,50,39,278
S01009642,No qualifications,194,63,39,14,10,131
S01009642,Level 1,199,141,115,12,14,58
S01009642,Level 2,123,92,81,5,6,31
S01009642,Level 3,106,91,82,6,3,15
S01009642,Level 4 and above,160,117,98,13,6,43
S01009643,All people aged 16 and over,436,356,323,21,12,80
S01009643,No qualifications,68,35,30,2,3,33
S01009643,Level 1,139,111,100,7,4,28
S01009643,Level 2,69,60,57,2,1,9
S01009643,Level 3,74,69,57,8,4,5
S01009643,Level 4 and above,86,81,79,2,0,5
S01009644,All people aged 16 and over,661,389,315,30,44,272
S01009644,No qualifications,245,75,55,6,14,170
S01009644,Level 1,197,146,115,9,22,51
S01009644,Level 2,69,51,41,6,4,18
S01009644,Level 3,64,54,49,3,2,10
S01009644,Level 4 and above,86,63,55,6,2,23
S01009645,All people aged 16 and over,532,305,250,28,27,227
S01009645,No qualifications,192,43,33,4,6,149
S01009645,Level 1,143,102,84,10,8,41
S01009645,Level 2,77,64,48,8,8,13
S01009645,Level 3,62,52,43,4,5,10
S01009645,Level 4 and above,58,44,42,2,0,14
S01009646,All people aged 16 and over,471,279,220,26,33,192
S01009646,No qualifications,172,52,38,3,11,120
S01009646,Level 1,142,101,79,9,13,41
S01009646,Level 2,56,40,35,1,4,16
S01009646,Level 3,49,41,34,4,3,8
S01009646,Level 4 and above,52,45,34,9,2,7
S01009647,All people aged 16 and over,512,263,198,25,40,249
S01009647,No qualifications,199,53,39,3,11,146
S01009647,Level 1,131,80,51,9,20,51
S01009647,Level 2,64,46,38,4,4,18
S01009647,Level 3,57,41,35,4,2,16
S01009647,Level 4 and above,61,43,35,5,3,18
S01009648,All people aged 16 and over,717,421,347,30,44,296
S01009648,No qualifications,258,82,65,5,12,176
S01009648,Level 1,211,148,113,13,22,63
S01009648,Level 2,93,72,59,4,9,21
S01009648,Level 3,66,57,51,5,1,9
S01009648,Level 4 and above,89,62,59,3,0,27
S01009649,All people aged 16 and over,845,505,412,34,59,340
S01009649,No qualifications,255,70,56,3,11,185
S01009649,Level 1,226,156,117,10,29,70
S01009649,Level 2,132,101,84,5,12,31
S01009649,Level 3,91,72,59,7,6,19
S01009649,Level 4 and above,141,106,96,9,1,35
S01009650,All people aged 16 and over,692,353,298,49,6,339
S01009650,No qualifications,159,38,28,8,2,121
S01009650,Level 1,138,78,66,11,1,60
S01009650,Level 2,102,73,65,6,2,29
S01009650,Level 3,99,72,64,8,0,27
S01009650,Level 4 and above,194,92,75,16,1,102
S01009651,All people aged 16 and over,790,475,331,114,30,315
S01009651,No qualifications,173,59,33,23,3,114
S01009651,Level 1,137,85,59,17,9,52
S01009651,Level 2,112,74,50,16,8,38
S01009651,Level 3,83,63,45,16,2,20
S01009651,Level 4 and above,285,194,144,42,8,91
S01009652,All people aged 16 and over,699,326,249,65,12,373
S01009652,No qualifications,127,19,13,6,0,108
S01009652,Level 1,107,48,35,13,0,59
S01009652,Level 2,96,58,47,8,3,38
S01009652,Level 3,72,44,31,9,4,28
S01009652,Level 4 and above,297,157,123,29,5,140
S01009653,All people aged 16 and over,445,279,242,31,6,166
S01009653,No qualifications,83,15,10,4,1,68
S01009653,Level 1,79,56,44,12,0,23
S01009653,Level 2,64,44,39,5,0,20
S01009653,Level 3,54,45,39,3,3,9
S01009653,Level 4 and above,165,119,110,7,2,46
S01009654,All people aged 16 and over,475,263,198,52,13,212
S01009654,No qualifications,99,25,16,6,3,74
S01009654,Level 1,105,62,50,10,2,43
S01009654,Level 2,56,39,29,7,3,17
S01009654,Level 3,51,39,30,9,0,12
S01009654,Level 4 and above,164,98,73,20,5,66
S01009655,All people aged 16 and over,686,408,333,20,55,278
S01009655,No qualifications,325,141,109,9,23,184
S01009655,Level 1,177,128,102,7,19,49
S01009655,Level 2,75,58,47,3,8,17
S01009655,Level 3,43,32,29,0,3,11
S01009655,Level 4 and above,66,49,46,1,2,17
S01009656,All people aged 16 and over,613,278,207,21,50,335
S01009656,No qualifications,314,78,54,6,18,236
S01009656,Level 1,166,99,70,5,24,67
S01009656,Level 2,53,45,36,4,5,8
S01009656,Level 3,33,21,17,3,1,12
S01009656,Level 4 and above,47,35,30,3,2,12
S01009657,All people aged 16 and over,657,420,337,43,40,237
S01009657,No qualifications,162,54,36,9,9,108
S01009657,Level 1,186,132,94,18,20,54
S01009657,Level 2,118,89,75,8,6,29
S01009657,Level 3,86,65,61,1,3,21
S01009657,Level 4 and above,105,80,71,7,2,25
S01009658,All people aged 16 and over,567,378,322,22,34,189
S01009658,No qualifications,207,98,76,9,13,109
S01009658,Level 1,187,139,119,7,13,48
S01009658,Level 2,55,41,34,4,3,14
S01009658,Level 3,62,51,48,0,3,11
S01009658,Level 4 and above,56,49,45,2,2,7
S01009659,All people aged 16 and over,415,268,206,24,38,147
S01009659,No qualifications,111,42,21,2,19,69
S01009659,Level 1,132,96,73,10,13,36
S01009659,Level 2,50,42,35,4,3,8
S01009659,Level 3,48,34,29,2,3,14
S01009659,Level 4 and above,74,54,48,6,0,20
S01009660,All people aged 16 and over,845,519,427,41,51,326
S01009660,No qualifications,280,101,81,4,16,179
S01009660,Level 1,223,147,115,12,20,76
S01009660,Level 2,136,112,91,12,9,24
S01009660,Level 3,104,84,75,5,4,20
S01009660,Level 4 and above,102,75,65,8,2,27
S01009661,All people aged 16 and over,708,458,328,117,13,250
S01009661,No qualifications,156,59,39,19,1,97
S01009661,Level 1,122,85,55,26,4,37
S01009661,Level 2,102,68,50,13,5,34
S01009661,Level 3,82,62,49,12,1,20
S01009661,Level 4 and above,246,184,135,47,2,62
S01009662,All people aged 16 and over,588,403,302,70,31,185
S01009662,No qualifications,138,60,40,13,7,78
S01009662,Level 1,136,100,76,15,9,36
S01009662,Level 2,82,65,44,16,5,17
S01009662,Level 3,80,64,45,14,5,16
S01009662,Level 4 and above,152,114,97,12,5,38
S01009663,All people aged 16 and over,531,332,268,44,20,199
S01009663,No qualifications,92,21,17,3,1,71
S01009663,Level 1,106,71,52,12,7,35
S01009663,Level 2,80,55,46,4,5,25
S01009663,Level 3,58,41,30,7,4,17
S01009663,Level 4 and above,195,144,123,18,3,51
S01009664,All people aged 16 and over,734,503,376,93,34,231
S01009664,No qualifications,163,70,46,16,8,93
S01009664,Level 1,133,96,68,17,11,37
S01009664,Level 2,93,77,57,17,3,16
S01009664,Level 3,75,59,46,9,4,16
S01009664,Level 4 and above,270,201,159,34,8,69
S01009665,All people aged 16 and over,535,332,275,34,23,203
S01009665,No qualifications,152,48,39,5,4,104
S01009665,Level 1,121,90,72,9,9,31
S01009665,Level 2,72,57,49,5,3,15
S01009665,Level 3,49,39,34,3,2,10
S01009665,Level 4 and above,141,98,81,12,5,43
S01009666,All people aged 16 and over,640,383,303,63,17,257
S01009666,No qualifications,162,34,22,9,3,128
S01009666,Level 1,150,103,79,17,7,47
S01009666,Level 2,94,73,58,13,2,21
S01009666,Level 3,67,57,50,6,1,10
S01009666,Level 4 and above,167,116,94,18,4,51
S01009667,All people aged 16 and over,437,274,225,45,4,163
S01009667,No qualifications,70,25,15,10,0,45
S01009667,Level 1,86,55,48,5,2,31
S01009667,Level 2,62,45,36,9,0,17
S01009667,Level 3,54,37,29,7,1,17
S01009667,Level 4 and above,165,112,97,14,1,53
S01009668,All people aged 16 and over,463,326,270,39,17,137
S01009668,No qualifications,62,20,16,3,1,42
S01009668,Level 1,111,87,65,15,7,24
S01009668,Level 2,62,45,36,6,3,17
S01009668,Level 3,49,38,35,2,1,11
S01009668,Level 4 and above,179,136,118,13,5,43
S01009669,All people aged 16 and over,438,241,190,41,10,197
S01009669,No qualifications,129,30,20,9,1,99
S01009669,Level 1,77,51,37,8,6,26
S01009669,Level 2,60,37,32,4,1,23
S01009669,Level 3,51,40,30,8,2,11
S01009669,Level 4 and above,121,83,71,12,0,38
S01009670,All people aged 16 and over,651,423,336,62,25,228
S01009670,No qualifications,130,39,27,7,5,91
S01009670,Level 1,146,96,77,9,10,50
S01009670,Level 2,83,56,37,12,7,27
S01009670,Level 3,68,59,51,7,1,9
S01009670,Level 4 and above,224,173,144,27,2,51
S01009671,All people aged 16 and over,524,361,279,62,20,163
S01009671,No qualifications,86,29,20,6,3,57
S01009671,Level 1,96,63,50,7,6,33
S01009671,Level 2,70,55,47,6,2,15
S01009671,Level 3,72,57,46,8,3,15
S01009671,Level 4 and above,200,157,116,35,6,43
S01009672,All people aged 16 and over,650,416,347,35,34,234
S01009672,No qualifications,178,72,61,4,7,106
S01009672,Level 1,170,122,101,10,11,48
S01009672,Level 2,76,59,47,7,5,17
S01009672,Level 3,75,60,47,6,7,15
S01009672,Level 4 and above,151,103,91,8,4,48
S01009673,All people aged 16 and over,674,408,318,63,27,266
S01009673,No qualifications,190,61,43,12,6,129
S01009673,Level 1,143,103,78,15,10,40
S01009673,Level 2,73,55,46,7,2,18
S01009673,Level 3,64,50,44,2,4,14
S01009673,Level 4 and above,204,139,107,27,5,65
S01009674,All people aged 16 and over,728,459,344,88,27,269
S01009674,No qualifications,166,53,40,12,1,113
S01009674,Level 1,139,90,69,14,7,49
S01009674,Level 2,81,60,44,11,5,21
S01009674,Level 3,69,55,40,13,2,14
S01009674,Level 4 and above,273,201,151,38,12,72
S01009675,All people aged 16 and over,748,479,373,78,28,269
S01009675,No qualifications,188,54,33,13,8,134
S01009675,Level 1,123,82,65,14,3,41
S01009675,Level 2,90,70,55,12,3,20
S01009675,Level 3,111,93,76,11,6,18
S01009675,Level 4 and above,236,180,144,28,8,56
S01009676,All people aged 16 and over,659,434,341,75,18,225
S01009676,No qualifications,181,55,41,10,4,126
S01009676,Level 1,135,110,86,17,7,25
S01009676,Level 2,104,82,67,13,2,22
S01009676,Level 3,53,44,31,10,3,9
S01009676,Level 4 and above,186,143,116,25,2,43
S01009677,All people aged 16 and over,484,322,227,80,15,162
S01009677,No qualifications,77,29,16,11,2,48
S01009677,Level 1,90,55,33,18,4,35
S01009677,Level 2,57,42,30,8,4,15
S01009677,Level 3,55,40,27,12,1,15
S01009677,Level 4 and above,205,156,121,31,4,49
S01009678,All people aged 16 and over,509,306,250,45,11,203
S01009678,No qualifications,166,59,47,9,3,107
S01009678,Level 1,116,80,66,10,4,36
S01009678,Level 2,78,63,53,9,1,15
S01009678,Level 3,50,33,28,3,2,17
S01009678,Level 4 and above,99,71,56,14,1,28
S01009679,All people aged 16 and over,752,468,380,55,33,284
S01009679,No qualifications,241,80,65,7,8,161
S01009679,Level 1,198,142,118,10,14,56
S01009679,Level 2,82,66,49,14,3,16
S01009679,Level 3,75,56,50,5,1,19
S01009679,Level 4 and above,156,124,98,19,7,32
S01009680,All people aged 16 and over,667,437,343,61,33,230
S01009680,No qualifications,188,73,53,13,7,115
S01009680,Level 1,174,127,101,12,14,47
S01009680,Level 2,80,59,51,7,1,21
S01009680,Level 3,71,59,45,6,8,12
S01009680,Level 4 and above,154,119,93,23,3,35
S01009681,All people aged 16 and over,592,339,286,36,17,253
S01009681,No qualifications,181,50,44,3,3,131
S01009681,Level 1,130,85,70,7,8,45
S01009681,Level 2,81,51,42,8,1,30
S01009681,Level 3,40,32,26,5,1,8
S01009681,Level 4 and above,160,121,104,13,4,39
S01009682,All people aged 16 and over,505,320,284,22,14,185
S01009682,No qualifications,68,23,22,1,0,45
S01009682,Level 1,90,62,50,8,4,28
S01009682,Level 2,65,51,47,3,1,14
S01009682,Level 3,85,57,49,4,4,28
S01009682,Level 4 and above,197,127,116,6,5,70
S01009683,All people aged 16 and over,759,391,318,45,28,368
S01009683,No qualifications,146,27,24,2,1,119
S01009683,Level 1,133,63,47,9,7,70
S01009683,Level 2,106,66,52,5,9,40
S01009683,Level 3,84,53,41,3,9,31
S01009683,Level 4 and above,290,182,154,26,2,108
S01009684,All people aged 16 and over,840,589,458,105,26,251
S01009684,No qualifications,122,51,35,12,4,71
S01009684,Level 1,148,110,75,23,12,38
S01009684,Level 2,108,77,63,11,3,31
S01009684,Level 3,92,78,61,14,3,14
S01009684,Level 4 and above,370,273,224,45,4,97
S01009685,All people aged 16 and over,523,308,255,29,24,215
S01009685,No qualifications,133,41,36,3,2,92
S01009685,Level 1,115,78,61,7,10,37
S01009685,Level 2,73,51,46,2,3,22
S01009685,Level 3,66,51,38,7,6,15
S01009685,Level 4 and above,136,87,74,10,3,49
S01009686,All people aged 16 and over,923,573,484,44,45,350
S01009686,No qualifications,223,80,66,8,6,143
S01009686,Level 1,198,129,102,7,20,69
S01009686,Level 2,128,90,81,5,4,38
S01009686,Level 3,120,83,69,4,10,37
S01009686,Level 4 and above,254,191,166,20,5,63
S01009687,All people aged 16 and over,572,381,309,38,34,191
S01009687,No qualifications,119,44,32,6,6,75
S01009687,Level 1,141,110,88,7,15,31
S01009687,Level 2,103,79,66,7,6,24
S01009687,Level 3,69,53,46,5,2,16
S01009687,Level 4 and above,140,95,77,13,5,45
S01009688,All people aged 16 and over,706,418,336,23,59,288
S01009688,No qualifications,200,67,47,1,19,133
S01009688,Level 1,211,146,106,11,29,65
S01009688,Level 2,101,74,65,4,5,27
S01009688,Level 3,78,58,53,1,4,20
S01009688,Level 4 and above,116,73,65,6,2,43
S01009689,All people aged 16 and over,519,333,271,36,26,186
S01009689,No qualifications,114,29,22,5,2,85
S01009689,Level 1,93,66,49,11,6,27
S01009689,Level 2,75,56,45,4,7,19
S01009689,Level 3,58,42,31,5,6,16
S01009689,Level 4 and above,179,140,124,11,5,39
S01009690,All people aged 16 and over,593,392,320,38,34,201
S01009690,No qualifications,110,31,21,4,6,79
S01009690,Level 1,135,97,70,12,15,38
S01009690,Level 2,68,53,46,4,3,15
S01009690,Level 3,77,58,48,4,6,19
S01009690,Level 4 and above,203,153,135,14,4,50
S01009691,All people aged 16 and over,502,299,250,31,18,203
S01009691,No qualifications,91,23,19,3,1,68
S01009691,Level 1,104,71,57,9,5,33
S01009691,Level 2,67,44,33,6,5,23
S01009691,Level 3,51,37,28,4,5,14
S01009691,Level 4 and above,189,124,113,9,2,65
S01009692,All people aged 16 and over,918,486,395,58,33,432
S01009692,No qualifications,222,49,37,8,4,173
S01009692,Level 1,186,113,89,14,10,73
S01009692,Level 2,121,80,56,16,8,41
S01009692,Level 3,94,71,65,3,3,23
S01009692,Level 4 and above,295,173,148,17,8,122
S01009693,All people aged 16 and over,522,322,268,34,20,200
S01009693,No qualifications,66,21,12,5,4,45
S01009693,Level 1,111,70,57,7,6,41
S01009693,Level 2,86,63,51,8,4,23
S01009693,Level 3,71,55,50,2,3,16
S01009693,Level 4 and above,188,113,98,12,3,75
S01009694,All people aged 16 and over,874,446,393,41,12,428
S01009694,No qualifications,199,47,41,6,0,152
S01009694,Level 1,155,82,74,5,3,73
S01009694,Level 2,95,63,53,7,3,32
S01009694,Level 3,95,65,57,7,1,30
S01009694,Level 4 and above,330,189,168,16,5,141
S01009695,All people aged 16 and over,521,315,233,66,16,206
S01009695,No qualifications,99,32,24,7,1,67
S01009695,Level 1,91,57,36,15,6,34
S01009695,Level 2,58,37,29,4,4,21
S01009695,Level 3,60,53,42,10,1,7
S01009695,Level 4 and above,213,136,102,30,4,77
S01009696,All people aged 16 and over,793,490,373,94,23,303
S01009696,No qualifications,154,46,29,15,2,108
S01009696,Level 1,122,79,56,16,7,43
S01009696,Level 2,95,61,49,8,4,34
S01009696,Level 3,79,63,51,10,2,16
S01009696,Level 4 and above,343,241,188,45,8,102
S01009697,All people aged 16 and over,589,369,283,70,16,220
S01009697,No qualifications,99,31,21,8,2,68
S01009697,Level 1,95,57,45,9,3,38
S01009697,Level 2,62,43,25,15,3,19
S01009697,Level 3,71,53,41,9,3,18
S01009697,Level 4 and above,262,185,151,29,5,77
S01009698,All people aged 16 and over,486,321,222,87,12,165
S01009698,No qualifications,74,34,12,18,4,40
S01009698,Level 1,78,52,35,14,3,26
S01009698,Level 2,69,46,30,14,2,23
S01009698,Level 3,51,41,29,10,2,10
S01009698,Level 4 and above,214,148,116,31,1,66
S01009699,All people aged 16 and over,412,182,131,38,13,230
S01009699,No qualifications,83,19,13,4,2,64
S01009699,Level 1,70,41,32,6,3,29
S01009699,Level 2,58,30,20,8,2,28
S01009699,Level 3,37,21,16,3,2,16
S01009699,Level 4 and above,164,71,50,17,4,93
S01009700,All people aged 16 and over,551,330,236,72,22,221
S01009700,No qualifications,149,55,36,15,4,94
S01009700,Level 1,105,63,50,9,4,42
S01009700,Level 2,78,58,49,6,3,20
S01009700,Level 3,55,41,28,10,3,14
S01009700,Level 4 and above,164,113,73,32,8,51
S01009701,All people aged 16 and over,405,162,106,50,6,243
S01009701,No qualifications,87,15,9,4,2,72
S01009701,Level 1,73,35,20,11,4,38
S01009701,Level 2,57,26,16,10,0,31
S01009701,Level 3,24,14,12,2,0,10
S01009701,Level 4 and above,164,72,49,23,0,92
S01009702,All people aged 16 and over,518,340,227,98,15,178
S01009702,No qualifications,90,35,18,13,4,55
S01009702,Level 1,93,67,44,19,4,26
S01009702,Level 2,77,51,34,12,5,26
S01009702,Level 3,74,55,34,19,2,19
S01009702,Level 4 and above,184,132,97,35,0,52
S01009703,All people aged 16 and over,485,267,210,47,10,218
S01009703,No qualifications,141,46,30,14,2,95
S01009703,Level 1,112,75,63,12,0,37
S01009703,Level 2,61,40,33,2,5,21
S01009703,Level 3,44,29,22,6,1,15
S01009703,Level 4 and above,127,77,62,13,2,50
S01009704,All people aged 16 and over,784,469,332,119,18,315
S01009704,No qualifications,184,68,42,23,3,116
S01009704,Level 1,157,106,73,27,6,51
S01009704,Level 2,98,68,53,12,3,30
S01009704,Level 3,66,46,36,9,1,20
S01009704,Level 4 and above,279,181,128,48,5,98
S01009705,All people aged 16 and over,618,396,294,73,29,222
S01009705,No qualifications,196,85,62,18,5,111
S01009705,Level 1,155,118,89,20,9,37
S01009705,Level 2,76,61,43,12,6,15
S01009705,Level 3,65,52,41,7,4,13
S01009705,Level 4 and above,126,80,59,16,5,46
S01009706,All people aged 16 and over,509,308,212,74,22,201
S01009706,No qualifications,122,40,21,10,9,82
S01009706,Level 1,117,74,52,18,4,43
S01009706,Level 2,64,47,30,14,3,17
S01009706,Level 3,48,37,29,6,2,11
S01009706,Level 4 and above,158,110,80,26,4,48
S01009707,All people aged 16 and over,404,273,217,40,16,131
S01009707,No qualifications,75,18,15,3,0,57
S01009707,Level 1,77,60,44,9,7,17
S01009707,Level 2,59,42,34,5,3,17
S01009707,Level 3,42,36,29,5,2,6
S01009707,Level 4 and above,151,117,95,18,4,34
S01009708,All people aged 16 and over,519,283,207,61,15,236
S01009708,No qualifications,139,39,27,10,2,100
S01009708,Level 1,110,67,49,13,5,43
S01009708,Level 2,61,46,34,9,3,15
S01009708,Level 3,43,28,20,8,0,15
S01009708,Level 4 and above,166,103,77,21,5,63
S01009709,All people aged 16 and over,693,399,305,66,28,294
S01009709,No qualifications,207,78,52,17,9,129
S01009709,Level 1,140,98,69,16,13,42
S01009709,Level 2,90,66,51,12,3,24
S01009709,Level 3,69,48,39,8,1,21
S01009709,Level 4 and above,187,109,94,13,2,78
S01009710,All people aged 16 and over,442,303,227,56,20,139
S01009710,No qualifications,88,36,23,11,2,52
S01009710,Level 1,103,80,54,16,10,23
S01009710,Level 2,77,56,44,9,3,21
S01009710,Level 3,45,33,24,7,2,12
S01009710,Level 4 and above,129,98,82,13,3,31
S01009711,All people aged 16 and over,659,376,269,78,29,283
S01009711,No qualifications,224,59,31,20,8,165
S01009711,Level 1,144,106,74,19,13,38
S01009711,Level 2,81,60,48,10,2,21
S01009711,Level 3,62,51,38,11,2,11
S01009711,Level 4 and above,148,100,78,18,4,48
S01009712,All people aged 16 and over,502,289,211,58,20,213
S01009712,No qualifications,114,42,27,11,4,72
S01009712,Level 1,105,66,45,14,7,39
S01009712,Level 2,67,43,28,13,2,24
S01009712,Level 3,46,36,28,5,3,10
S01009712,Level 4 and above,170,102,83,15,4,68
S01009713,All people aged 16 and over,775,398,280,88,30,377
S01009713,No qualifications,182,48,30,15,3,134
S01009713,Level 1,148,90,66,15,9,58
S01009713,Level 2,109,63,42,12,9,46
S01009713,Level 3,61,43,26,14,3,18
S01009713,Level 4 and above,275,154,116,32,6,121
S01009714,All people aged 16 and over,802,415,301,86,28,387
S01009714,No qualifications,146,35,19,11,5,111
S01009714,Level 1,147,94,69,18,7,53
S01009714,Level 2,108,55,43,7,5,53
S01009714,Level 3,62,41,33,8,0,21
S01009714,Level 4 and above,339,190,137,42,11,149
S01009715,All people aged 16 and over,564,334,236,84,14,230
S01009715,No qualifications,86,36,19,14,3,50
S01009715,Level 1,95,68,52,15,1,27
S01009715,Level 2,67,39,23,15,1,28
S01009715,Level 3,51,33,22,8,3,18
S01009715,Level 4 and above,265,158,120,32,6,107
S01009716,All people aged 16 and over,651,304,245,43,16,347
S01009716,No qualifications,110,30,22,6,2,80
S01009716,Level 1,91,48,41,3,4,43
S01009716,Level 2,118,43,33,4,6,75
S01009716,Level 3,45,31,23,7,1,14
S01009716,Level 4 and above,287,152,126,23,3,135
S01009717,All people aged 16 and over,905,362,285,21,56,543
S01009717,No qualifications,123,35,28,2,5,88
S01009717,Level 1,170,98,76,6,16,72
S01009717,Level 2,283,85,64,1,20,198
S01009717,Level 3,66,35,25,5,5,31
S01009717,Level 4 and above,263,109,92,7,10,154
S01009718,All people aged 16 and over,626,353,295,24,34,273
S01009718,No qualifications,157,51,42,5,4,106
S01009718,Level 1,138,97,77,7,13,41
S01009718,Level 2,119,55,48,0,7,64
S01009718,Level 3,43,36,29,4,3,7
S01009718,Level 4 and above,169,114,99,8,7,55
S01009719,All people aged 16 and over,647,376,315,32,29,271
S01009719,No qualifications,207,82,65,13,4,125
S01009719,Level 1,141,103,84,6,13,38
S01009719,Level 2,117,61,49,4,8,56
S01009719,Level 3,56,45,40,4,1,11
S01009719,Level 4 and above,126,85,77,5,3,41
S01009720,All people aged 16 and over,711,360,320,21,19,351
S01009720,No qualifications,238,74,66,5,3,164
S01009720,Level 1,120,80,70,4,6,40
S01009720,Level 2,123,53,49,2,2,70
S01009720,Level 3,64,47,40,3,4,17
S01009720,Level 4 and above,166,106,95,7,4,60
S01009721,All people aged 16 and over,564,178,136,20,22,386
S01009721,No qualifications,7,3,3,0,0,4
S01009721,Level 1,75,16,11,1,4,59
S01009721,Level 2,289,75,54,7,14,214
S01009721,Level 3,29,16,12,3,1,13
S01009721,Level 4 and above,164,68,56,9,3,96
S01009722,All people aged 16 and over,1078,307,244,29,34,771
S01009722,No qualifications,49,10,8,0,2,39
S01009722,Level 1,215,44,28,7,9,171
S01009722,Level 2,444,112,88,4,20,332
S01009722,Level 3,45,18,11,6,1,27
S01009722,Level 4 and above,325,123,109,12,2,202
S01009723,All people aged 16 and over,756,233,178,22,33,523
S01009723,No qualifications,50,9,7,1,1,41
S01009723,Level 1,78,25,18,2,5,53
S01009723,Level 2,255,60,46,5,9,195
S01009723,Level 3,23,7,5,1,1,16
S01009723,Level 4 and above,350,132,102,13,17,218
S01009724,All people aged 16 and over,891,408,328,36,44,483
S01009724,No qualifications,207,55,41,8,6,152
S01009724,Level 1,160,87,69,9,9,73
S01009724,Level 2,199,70,53,4,13,129
S01009724,Level 3,53,29,21,3,5,24
S01009724,Level 4 and above,272,167,144,12,11,105
S01009725,All people aged 16 and over,659,238,188,19,31,421
S01009725,No qualifications,54,13,7,1,5,41
S01009725,Level 1,96,37,26,5,6,59
S01009725,Level 2,336,94,81,4,9,242
S01009725,Level 3,26,11,7,1,3,15
S01009725,Level 4 and above,147,83,67,8,8,64
S01009726,All people aged 16 and over,1026,292,175,46,71,734
S01009726,No qualifications,34,10,3,6,1,24
S01009726,Level 1,190,51,31,3,17,139
S01009726,Level 2,480,114,74,4,36,366
S01009726,Level 3,54,19,9,5,5,35
S01009726,Level 4 and above,268,98,58,28,12,170
S01009727,All people aged 16 and over,675,401,302,77,22,274
S01009727,No qualifications,74,29,15,8,6,45
S01009727,Level 1,126,84,72,11,1,42
S01009727,Level 2,121,47,35,7,5,74
S01009727,Level 3,62,47,35,10,2,15
S01009727,Level 4 and above,292,194,145,41,8,98
S01009728,All people aged 16 and over,640,369,308,45,16,271
S01009728,No qualifications,67,19,13,5,1,48
S01009728,Level 1,93,42,32,8,2,51
S01009728,Level 2,64,33,24,6,3,31
S01009728,Level 3,67,51,44,4,3,16
S01009728,Level 4 and above,349,224,195,22,7,125
S01009729,All people aged 16 and over,554,276,232,36,8,278
S01009729,No qualifications,69,14,8,6,0,55
S01009729,Level 1,61,25,22,2,1,36
S01009729,Level 2,61,36,31,3,2,25
S01009729,Level 3,43,25,19,6,0,18
S01009729,Level 4 and above,320,176,152,19,5,144
S01009730,All people aged 16 and over,510,278,231,28,19,232
S01009730,No qualifications,81,18,12,4,2,63
S01009730,Level 1,102,64,53,5,6,38
S01009730,Level 2,105,47,41,3,3,58
S01009730,Level 3,35,25,20,3,2,10
S01009730,Level 4 and above,187,124,105,13,6,63
S01009731,All people aged 16 and over,530,201,150,37,14,329
S01009731,No qualifications,63,8,4,4,0,55
S01009731,Level 1,68,26,16,4,6,42
S01009731,Level 2,92,26,19,3,4,66
S01009731,Level 3,30,13,7,6,0,17
S01009731,Level 4 and above,277,128,104,20,4,149
S01009732,All people aged 16 and over,745,291,217,45,29,454
S01009732,No qualifications,65,14,9,3,2,51
S01009732,Level 1,97,43,28,8,7,54
S01009732,Level 2,234,68,51,6,11,166
S01009732,Level 3,36,20,13,4,3,16
S01009732,Level 4 and above,313,146,116,24,6,167
S01009733,All people aged 16 and over,421,264,206,47,11,157
S01009733,No qualifications,97,36,27,7,2,61
S01009733,Level 1,74,49,40,5,4,25
S01009733,Level 2,49,35,27,5,3,14
S01009733,Level 3,29,22,17,5,0,7
S01009733,Level 4 and above,172,122,95,25,2,50
S01009734,All people aged 16 and over,734,465,368,79,18,269
S01009734,No qualifications,87,27,18,9,0,60
S01009734,Level 1,123,80,58,16,6,43
S01009734,Level 2,99,65,46,15,4,34
S01009734,Level 3,70,52,44,8,0,18
S01009734,Level 4 and above,355,241,202,31,8,114
S01009735,All people aged 16 and over,1133,359,233,75,51,774
S01009735,No qualifications,53,7,2,5,0,46
S01009735,Level 1,157,36,21,9,6,121
S01009735,Level 2,192,63,32,13,18,129
S01009735,Level 3,48,21,10,10,1,27
S01009735,Level 4 and above,683,232,168,38,26,451
S01009736,All people aged 16 and over,2635,491,263,41,187,2144
S01009736,No qualifications,99,8,5,3,0,91
S01009736,Level 1,501,75,26,6,43,426
S01009736,Level 2,1325,231,118,5,108,1094
S01009736,Level 3,119,18,8,4,6,101
S01009736,Level 4 and above,591,159,106,23,30,432
S01009737,All people aged 16 and over,636,451,391,30,30,185
S01009737,No qualifications,145,50,36,8,6,95
S01009737,Level 1,166,131,118,3,10,35
S01009737,Level 2,105,87,77,6,4,18
S01009737,Level 3,80,71,62,4,5,9
S01009737,Level 4 and above,140,112,98,9,5,28
S01009738,All people aged 16 and over,371,260,214,34,12,111
S01009738,No qualifications,87,32,24,5,3,55
S01009738,Level 1,91,71,55,15,1,20
S01009738,Level 2,61,51,45,4,2,10
S01009738,Level 3,39,31,26,5,0,8
S01009738,Level 4 and above,93,75,64,5,6,18
S01009739,All people aged 16 and over,572,454,400,31,23,118
S01009739,No qualifications,35,11,6,3,2,24
S01009739,Level 1,136,108,92,4,12,28
S01009739,Level 2,118,96,90,4,2,22
S01009739,Level 3,68,57,52,5,0,11
S01009739,Level 4 and above,215,182,160,15,7,33
S01009740,All people aged 16 and over,447,266,226,24,16,181
S01009740,No qualifications,124,30,22,5,3,94
S01009740,Level 1,128,86,75,3,8,42
S01009740,Level 2,61,46,38,5,3,15
S01009740,Level 3,54,46,43,1,2,8
S01009740,Level 4 and above,80,58,48,10,0,22
S01009741,All people aged 16 and over,704,600,570,10,20,104
S01009741,No qualifications,57,26,23,0,3,31
S01009741,Level 1,218,190,182,2,6,28
S01009741,Level 2,185,171,166,1,4,14
S01009741,Level 3,90,77,72,4,1,13
S01009741,Level 4 and above,154,136,127,3,6,18
S01009742,All people aged 16 and over,418,266,203,48,15,152
S01009742,No qualifications,49,23,16,6,1,26
S01009742,Level 1,74,47,32,10,5,27
S01009742,Level 2,44,28,20,5,3,16
S01009742,Level 3,46,30,26,2,2,16
S01009742,Level 4 and above,205,138,109,25,4,67
S01009743,All people aged 16 and over,795,469,372,77,20,326
S01009743,No qualifications,143,46,30,14,2,97
S01009743,Level 1,147,96,69,19,8,51
S01009743,Level 2,108,69,53,14,2,39
S01009743,Level 3,79,54,49,3,2,25
S01009743,Level 4 and above,318,204,171,27,6,114
S01009744,All people aged 16 and over,594,362,292,58,12,232
S01009744,No qualifications,86,26,16,10,0,60
S01009744,Level 1,136,83,64,16,3,53
S01009744,Level 2,85,64,53,7,4,21
S01009744,Level 3,65,46,38,5,3,19
S01009744,Level 4 and above,222,143,121,20,2,79
S01009745,All people aged 16 and over,871,566,489,60,17,305
S01009745,No qualifications,129,39,27,9,3,90
S01009745,Level 1,190,123,110,12,1,67
S01009745,Level 2,133,106,94,9,3,27
S01009745,Level 3,98,78,69,7,2,20
S01009745,Level 4 and above,321,220,189,23,8,101
S01009746,All people aged 16 and over,457,305,209,85,11,152
S01009746,No qualifications,61,28,16,12,0,33
S01009746,Level 1,81,48,30,15,3,33
S01009746,Level 2,56,33,19,12,2,23
S01009746,Level 3,53,41,29,9,3,12
S01009746,Level 4 and above,206,155,115,37,3,51
S01009747,All people aged 16 and over,558,360,305,33,22,198
S01009747,No qualifications,101,28,22,3,3,73
S01009747,Level 1,143,94,79,5,10,49
S01009747,Level 2,80,64,52,7,5,16
S01009747,Level 3,60,44,37,4,3,16
S01009747,Level 4 and above,174,130,115,14,1,44
S01009748,All people aged 16 and over,588,365,316,31,18,223
S01009748,No qualifications,114,39,31,6,2,75
S01009748,Level 1,118,73,62,6,5,45
S01009748,Level 2,77,55,45,5,5,22
S01009748,Level 3,62,47,45,1,1,15
S01009748,Level 4 and above,217,151,133,13,5,66
S01009749,All people aged 16 and over,815,512,429,54,29,303
S01009749,No qualifications,159,47,40,4,3,112
S01009749,Level 1,154,102,83,10,9,52
S01009749,Level 2,118,78,62,11,5,40
S01009749,Level 3,77,61,54,4,3,16
S01009749,Level 4 and above,307,224,190,25,9,83
S01009750,All people aged 16 and over,560,354,299,31,24,206
S01009750,No qualifications,142,42,36,5,1,100
S01009750,Level 1,140,94,76,7,11,46
S01009750,Level 2,69,53,47,3,3,16
S01009750,Level 3,62,52,43,7,2,10
S01009750,Level 4 and above,147,113,97,9,7,34
S01009751,All people aged 16 and over,680,455,389,33,33,225
S01009751,No qualifications,172,68,56,3,9,104
S01009751,Level 1,183,122,100,10,12,61
S01009751,Level 2,87,70,62,3,5,17
S01009751,Level 3,74,62,56,3,3,12
S01009751,Level 4 and above,164,133,115,14,4,31
S01009752,All people aged 16 and over,495,316,254,43,19,179
S01009752,No qualifications,46,5,3,2,0,41
S01009752,Level 1,52,19,13,3,3,33
S01009752,Level 2,64,43,33,6,4,21
S01009752,Level 3,27,17,14,1,2,10
S01009752,Level 4 and above,306,232,191,31,10,74
S01009753,All people aged 16 and over,602,313,242,55,16,289
S01009753,No qualifications,126,15,11,4,0,111
S01009753,Level 1,79,41,34,5,2,38
S01009753,Level 2,70,35,27,4,4,35
S01009753,Level 3,58,34,29,4,1,24
S01009753,Level 4 and above,269,188,141,38,9,81
S01009754,All people aged 16 and over,720,403,324,50,29,317
S01009754,No qualifications,132,22,14,4,4,110
S01009754,Level 1,121,66,49,7,10,55
S01009754,Level 2,88,58,46,8,4,30
S01009754,Level 3,63,43,30,10,3,20
S01009754,Level 4 and above,316,214,185,21,8,102
S01009755,All people aged 16 and over,547,354,277,57,20,193
S01009755,No qualifications,65,19,14,4,1,46
S01009755,Level 1,93,56,48,4,4,37
S01009755,Level 2,77,53,37,10,6,24
S01009755,Level 3,53,38,36,1,1,15
S01009755,Level 4 and above,259,188,142,38,8,71
S01009756,All people aged 16 and over,622,382,311,48,23,240
S01009756,No qualifications,81,24,18,5,1,57
S01009756,Level 1,113,66,52,6,8,47
S01009756,Level 2,69,36,27,5,4,33
S01009756,Level 3,54,46,34,8,4,8
S01009756,Level 4 and above,305,210,180,24,6,95
S01009757,All people aged 16 and over,539,329,256,59,14,210
S01009757,No qualifications,52,6,5,1,0,46
S01009757,Level 1,81,41,23,10,8,40
S01009757,Level 2,55,30,23,5,2,25
S01009757,Level 3,47,33,27,5,1,14
S01009757,Level 4 and above,304,219,178,38,3,85
S01009758,All people aged 16 and over,514,354,301,32,21,160
S01009758,No qualifications,141,58,45,9,4,83
S01009758,Level 1,122,75,57,7,11,47
S01009758,Level 2,97,90,80,7,3,7
S01009758,Level 3,51,45,41,4,0,6
S01009758,Level 4 and above,103,86,78,5,3,17
S01009759,All people aged 16 and over,683,406,302,21,83,277
S01009759,No qualifications,237,97,71,2,24,140
S01009759,Level 1,222,135,97,7,31,87
S01009759,Level 2,72,48,33,1,14,24
S01009759,Level 3,58,47,37,2,8,11
S01009759,Level 4 and above,94,79,64,9,6,15
S01009760,All people aged 16 and over,682,382,293,28,61,300
S01009760,No qualifications,297,98,78,4,16,199
S01009760,Level 1,185,137,93,13,31,48
S01009760,Level 2,60,42,38,1,3,18
S01009760,Level 3,50,40,33,4,3,10
S01009760,Level 4 and above,90,65,51,6,8,25
S01009761,All people aged 16 and over,741,506,427,39,40,235
S01009761,No qualifications,243,111,92,10,9,132
S01009761,Level 1,191,142,110,11,21,49
S01009761,Level 2,131,110,99,7,4,21
S01009761,Level 3,61,48,41,4,3,13
S01009761,Level 4 and above,115,95,85,7,3,20
S01009762,All people aged 16 and over,734,434,334,16,84,300
S01009762,No qualifications,304,121,89,4,28,183
S01009762,Level 1,180,123,92,3,28,57
S01009762,Level 2,85,63,46,1,16,22
S01009762,Level 3,74,53,49,1,3,21
S01009762,Level 4 and above,91,74,58,7,9,17
S01009763,All people aged 16 and over,587,436,332,88,16,151
S01009763,No qualifications,83,46,29,15,2,37
S01009763,Level 1,125,86,63,21,2,39
S01009763,Level 2,101,75,62,11,2,26
S01009763,Level 3,62,52,40,8,4,10
S01009763,Level 4 and above,216,177,138,33,6,39
S01009764,All people aged 16 and over,499,336,256,20,60,163
S01009764,No qualifications,188,80,61,5,14,108
S01009764,Level 1,134,109,69,6,34,25
S01009764,Level 2,58,46,38,2,6,12
S01009764,Level 3,50,43,36,3,4,7
S01009764,Level 4 and above,69,58,52,4,2,11
S01009765,All people aged 16 and over,767,488,394,48,46,279
S01009765,No qualifications,286,111,84,13,14,175
S01009765,Level 1,195,142,116,15,11,53
S01009765,Level 2,93,78,68,4,6,15
S01009765,Level 3,81,69,56,7,6,12
S01009765,Level 4 and above,112,88,70,9,9,24
S01009766,All people aged 16 and over,458,353,318,20,15,105
S01009766,No qualifications,119,70,63,3,4,49
S01009766,Level 1,119,95,85,7,3,24
S01009766,Level 2,76,65,58,2,5,11
S01009766,Level 3,58,52,51,0,1,6
S01009766,Level 4 and above,86,71,61,8,2,15
S01009767,All people aged 16 and over,470,242,187,12,43,228
S01009767,No qualifications,223,73,53,1,19,150
S01009767,Level 1,122,82,67,3,12,40
S01009767,Level 2,43,35,28,3,4,8
S01009767,Level 3,34,26,19,3,4,8
S01009767,Level 4 and above,48,26,20,2,4,22
S01009768,All people aged 16 and over,465,337,257,37,43,128
S01009768,No qualifications,149,78,55,11,12,71
S01009768,Level 1,133,102,80,6,16,31
S01009768,Level 2,53,40,30,5,5,13
S01009768,Level 3,53,45,33,8,4,8
S01009768,Level 4 and above,77,72,59,7,6,5
S01009769,All people aged 16 and over,567,399,335,39,25,168
S01009769,No qualifications,132,46,36,8,2,86
S01009769,Level 1,138,105,87,10,8,33
S01009769,Level 2,81,66,57,6,3,15
S01009769,Level 3,79,67,55,7,5,12
S01009769,Level 4 and above,137,115,100,8,7,22
S01009770,All people aged 16 and over,562,375,313,40,22,187
S01009770,No qualifications,145,64,43,16,5,81
S01009770,Level 1,150,115,96,10,9,35
S01009770,Level 2,79,49,42,3,4,30
S01009770,Level 3,68,55,50,4,1,13
S01009770,Level 4 and above,120,92,82,7,3,28
S01009771,All people aged 16 and over,671,476,376,66,34,195
S01009771,No qualifications,151,76,53,17,6,75
S01009771,Level 1,176,125,99,13,13,51
S01009771,Level 2,102,73,60,10,3,29
S01009771,Level 3,85,69,55,6,8,16
S01009771,Level 4 and above,157,133,109,20,4,24
S01009772,All people aged 16 and over,503,384,323,32,29,119
S01009772,No qualifications,130,66,56,5,5,64
S01009772,Level 1,142,119,98,9,12,23
S01009772,Level 2,79,65,52,7,6,14
S01009772,Level 3,58,50,44,2,4,8
S01009772,Level 4 and above,94,84,73,9,2,10
S01009773,All people aged 16 and over,421,300,229,52,19,121
S01009773,No qualifications,70,43,27,11,5,27
S01009773,Level 1,94,61,41,16,4,33
S01009773,Level 2,73,51,40,6,5,22
S01009773,Level 3,53,40,30,6,4,13
S01009773,Level 4 and above,131,105,91,13,1,26
S01009774,All people aged 16 and over,355,276,224,40,12,79
S01009774,No qualifications,56,28,17,8,3,28
S01009774,Level 1,76,58,44,8,6,18
S01009774,Level 2,46,34,25,7,2,12
S01009774,Level 3,43,36,31,5,0,7
S01009774,Level 4 and above,134,120,107,12,1,14
S01009775,All people aged 16 and over,682,329,265,12,52,353
S01009775,No qualifications,371,123,93,7,23,248
S01009775,Level 1,152,104,82,4,18,48
S01009775,Level 2,76,43,39,0,4,33
S01009775,Level 3,38,27,23,0,4,11
S01009775,Level 4 and above,45,32,28,1,3,13
S01009776,All people aged 16 and over,529,275,198,9,68,254
S01009776,No qualifications,259,84,63,1,20,175
S01009776,Level 1,159,108,71,4,33,51
S01009776,Level 2,55,36,27,0,9,19
S01009776,Level 3,32,31,25,3,3,1
S01009776,Level 4 and above,24,16,12,1,3,8
S01009777,All people aged 16 and over,387,246,207,12,27,141
S01009777,No qualifications,147,60,45,4,11,87
S01009777,Level 1,123,92,79,3,10,31
S01009777,Level 2,45,42,40,0,2,3
S01009777,Level 3,36,23,17,2,4,13
S01009777,Level 4 and above,36,29,26,3,0,7
S01009778,All people aged 16 and over,711,286,231,17,38,425
S01009778,No qualifications,418,94,65,8,21,324
S01009778,Level 1,155,99,84,5,10,56
S01009778,Level 2,44,27,24,0,3,17
S01009778,Level 3,45,41,35,3,3,4
S01009778,Level 4 and above,49,25,23,1,1,24
S01009779,All people aged 16 and over,449,213,159,11,43,236
S01009779,No qualifications,246,79,53,3,23,167
S01009779,Level 1,94,59,47,2,10,35
S01009779,Level 2,45,33,25,2,6,12
S01009779,Level 3,34,28,21,4,3,6
S01009779,Level 4 and above,30,14,13,0,1,16
S01009780,All people aged 16 and over,445,273,193,10,70,172
S01009780,No qualifications,220,109,76,6,27,111
S01009780,Level 1,98,64,41,0,23,34
S01009780,Level 2,52,44,33,0,11,8
S01009780,Level 3,38,33,25,2,6,5
S01009780,Level 4 and above,37,23,18,2,3,14
S01009781,All people aged 16 and over,426,228,192,7,29,198
S01009781,No qualifications,226,78,65,2,11,148
S01009781,Level 1,113,80,64,0,16,33
S01009781,Level 2,28,20,17,2,1,8
S01009781,Level 3,31,25,24,1,0,6
S01009781,Level 4 and above,28,25,22,2,1,3
S01009782,All people aged 16 and over,396,294,231,31,32,102
S01009782,No qualifications,106,48,34,7,7,58
S01009782,Level 1,114,91,68,6,17,23
S01009782,Level 2,53,46,41,4,1,7
S01009782,Level 3,51,44,34,7,3,7
S01009782,Level 4 and above,72,65,54,7,4,7
S01009783,All people aged 16 and over,566,352,292,15,45,214
S01009783,No qualifications,260,119,95,4,20,141
S01009783,Level 1,147,106,85,3,18,41
S01009783,Level 2,61,51,45,3,3,10
S01009783,Level 3,48,38,31,4,3,10
S01009783,Level 4 and above,50,38,36,1,1,12
S01009784,All people aged 16 and over,591,309,240,11,58,282
S01009784,No qualifications,273,99,73,4,22,174
S01009784,Level 1,166,107,77,1,29,59
S01009784,Level 2,58,37,32,2,3,21
S01009784,Level 3,48,34,30,2,2,14
S01009784,Level 4 and above,46,32,28,2,2,14
S01009785,All people aged 16 and over,652,342,264,23,55,310
S01009785,No qualifications,320,107,79,9,19,213
S01009785,Level 1,183,122,97,2,23,61
S01009785,Level 2,62,46,33,4,9,16
S01009785,Level 3,42,30,25,2,3,12
S01009785,Level 4 and above,45,37,30,6,1,8
S01009786,All people aged 16 and over,746,398,299,18,81,348
S01009786,No qualifications,366,121,91,4,26,245
S01009786,Level 1,194,136,92,10,34,58
S01009786,Level 2,68,51,38,3,10,17
S01009786,Level 3,60,49,40,1,8,11
S01009786,Level 4 and above,58,41,38,0,3,17
S01009787,All people aged 16 and over,700,385,290,18,77,315
S01009787,No qualifications,358,135,97,5,33,223
S01009787,Level 1,169,118,87,2,29,51
S01009787,Level 2,71,56,39,5,12,15
S01009787,Level 3,52,35,32,2,1,17
S01009787,Level 4 and above,50,41,35,4,2,9
S01009788,All people aged 16 and over,717,369,306,29,34,348
S01009788,No qualifications,362,126,102,12,12,236
S01009788,Level 1,158,106,91,7,8,52
S01009788,Level 2,79,46,40,2,4,33
S01009788,Level 3,47,36,28,2,6,11
S01009788,Level 4 and above,71,55,45,6,4,16
S01009789,All people aged 16 and over,748,386,326,22,38,362
S01009789,No qualifications,348,103,86,7,10,245
S01009789,Level 1,181,120,97,3,20,61
S01009789,Level 2,83,61,51,5,5,22
S01009789,Level 3,55,42,36,3,3,13
S01009789,Level 4 and above,81,60,56,4,0,21
S01009790,All people aged 16 and over,519,315,272,13,30,204
S01009790,No qualifications,234,91,77,3,11,143
S01009790,Level 1,139,107,87,8,12,32
S01009790,Level 2,61,45,43,0,2,16
S01009790,Level 3,39,34,31,0,3,5
S01009790,Level 4 and above,46,38,34,2,2,8
S01009791,All people aged 16 and over,531,284,201,27,56,247
S01009791,No qualifications,243,78,51,6,21,165
S01009791,Level 1,154,104,69,7,28,50
S01009791,Level 2,53,40,35,1,4,13
S01009791,Level 3,33,24,19,4,1,9
S01009791,Level 4 and above,48,38,27,9,2,10
S01009792,All people aged 16 and over,718,556,469,58,29,162
S01009792,No qualifications,119,68,50,12,6,51
S01009792,Level 1,147,106,90,9,7,41
S01009792,Level 2,125,90,75,8,7,35
S01009792,Level 3,84,74,67,4,3,10
S01009792,Level 4 and above,243,218,187,25,6,25
S01009793,All people aged 16 and over,761,471,400,44,27,290
S01009793,No qualifications,198,70,56,9,5,128
S01009793,Level 1,198,127,102,14,11,71
S01009793,Level 2,113,90,79,5,6,23
S01009793,Level 3,83,67,57,7,3,16
S01009793,Level 4 and above,169,117,106,9,2,52
S01009794,All people aged 16 and over,399,346,314,24,8,53
S01009794,No qualifications,60,35,26,7,2,25
S01009794,Level 1,103,89,81,6,2,14
S01009794,Level 2,69,65,62,2,1,4
S01009794,Level 3,52,48,40,7,1,4
S01009794,Level 4 and above,115,109,105,2,2,6
S01009795,All people aged 16 and over,645,523,444,54,25,122
S01009795,No qualifications,93,55,44,8,3,38
S01009795,Level 1,161,123,98,14,11,38
S01009795,Level 2,103,82,68,8,6,21
S01009795,Level 3,94,87,74,10,3,7
S01009795,Level 4 and above,194,176,160,14,2,18
S01009796,All people aged 16 and over,623,413,353,46,14,210
S01009796,No qualifications,179,62,46,15,1,117
S01009796,Level 1,112,87,73,11,3,25
S01009796,Level 2,106,78,70,4,4,28
S01009796,Level 3,71,58,47,8,3,13
S01009796,Level 4 and above,155,128,117,8,3,27
S01009797,All people aged 16 and over,630,460,387,43,30,170
S01009797,No qualifications,136,65,53,5,7,71
S01009797,Level 1,152,115,88,18,9,37
S01009797,Level 2,104,86,73,5,8,18
S01009797,Level 3,83,73,64,6,3,10
S01009797,Level 4 and above,155,121,109,9,3,34
S01009798,All people aged 16 and over,555,440,371,50,19,115
S01009798,No qualifications,98,62,47,9,6,36
S01009798,Level 1,127,104,85,13,6,23
S01009798,Level 2,106,84,75,6,3,22
S01009798,Level 3,85,70,61,8,1,15
S01009798,Level 4 and above,139,120,103,14,3,19
S01009799,All people aged 16 and over,676,361,283,12,66,315
S01009799,No qualifications,339,115,83,2,30,224
S01009799,Level 1,171,115,91,3,21,56
S01009799,Level 2,58,46,38,3,5,12
S01009799,Level 3,57,45,40,1,4,12
S01009799,Level 4 and above,51,40,31,3,6,11
S01009800,All people aged 16 and over,846,532,434,32,66,314
S01009800,No qualifications,305,122,95,8,19,183
S01009800,Level 1,261,184,154,3,27,77
S01009800,Level 2,112,85,66,8,11,27
S01009800,Level 3,77,63,52,6,5,14
S01009800,Level 4 and above,91,78,67,7,4,13
S01009801,All people aged 16 and over,698,393,306,15,72,305
S01009801,No qualifications,305,116,84,4,28,189
S01009801,Level 1,228,152,116,5,31,76
S01009801,Level 2,62,42,38,1,3,20
S01009801,Level 3,43,35,28,0,7,8
S01009801,Level 4 and above,60,48,40,5,3,12
S01009802,All people aged 16 and over,772,499,422,28,49,273
S01009802,No qualifications,259,107,83,6,18,152
S01009802,Level 1,244,167,138,12,17,77
S01009802,Level 2,76,62,51,4,7,14
S01009802,Level 3,79,63,58,3,2,16
S01009802,Level 4 and above,114,100,92,3,5,14
S01009803,All people aged 16 and over,636,334,261,23,50,302
S01009803,No qualifications,279,87,63,5,19,192
S01009803,Level 1,174,121,93,6,22,53
S01009803,Level 2,76,48,38,4,6,28
S01009803,Level 3,39,28,25,2,1,11
S01009803,Level 4 and above,68,50,42,6,2,18
S01009804,All people aged 16 and over,456,281,246,23,12,175
S01009804,No qualifications,130,32,23,4,5,98
S01009804,Level 1,92,56,50,5,1,36
S01009804,Level 2,41,24,19,5,0,17
S01009804,Level 3,49,40,32,3,5,9
S01009804,Level 4 and above,144,129,122,6,1,15
S01009805,All people aged 16 and over,743,422,347,18,57,321
S01009805,No qualifications,312,126,96,4,26,186
S01009805,Level 1,219,150,124,5,21,69
S01009805,Level 2,71,42,33,3,6,29
S01009805,Level 3,56,41,38,2,1,15
S01009805,Level 4 and above,85,63,56,4,3,22
S01009806,All people aged 16 and over,786,396,332,28,36,390
S01009806,No qualifications,300,80,61,8,11,220
S01009806,Level 1,178,110,96,5,9,68
S01009806,Level 2,107,66,59,1,6,41
S01009806,Level 3,81,58,47,3,8,23
S01009806,Level 4 and above,120,82,69,11,2,38
S01009807,All people aged 16 and over,795,494,408,26,60,301
S01009807,No qualifications,272,104,80,9,15,168
S01009807,Level 1,212,147,115,5,27,65
S01009807,Level 2,96,74,67,1,6,22
S01009807,Level 3,95,73,64,5,4,22
S01009807,Level 4 and above,120,96,82,6,8,24
S01009808,All people aged 16 and over,693,403,287,27,89,290
S01009808,No qualifications,240,91,65,4,22,149
S01009808,Level 1,205,129,85,7,37,76
S01009808,Level 2,80,59,42,3,14,21
S01009808,Level 3,81,65,54,4,7,16
S01009808,Level 4 and above,87,59,41,9,9,28
S01009809,All people aged 16 and over,562,369,320,20,29,193
S01009809,No qualifications,177,65,52,7,6,112
S01009809,Level 1,144,111,97,3,11,33
S01009809,Level 2,74,59,49,3,7,15
S01009809,Level 3,80,63,61,2,0,17
S01009809,Level 4 and above,87,71,61,5,5,16
S01009810,All people aged 16 and over,671,365,270,23,72,306
S01009810,No qualifications,292,91,57,5,29,201
S01009810,Level 1,162,105,80,2,23,57
S01009810,Level 2,74,51,39,5,7,23
S01009810,Level 3,50,45,35,3,7,5
S01009810,Level 4 and above,93,73,59,8,6,20
S01009811,All people aged 16 and over,908,458,376,28,54,450
S01009811,No qualifications,410,102,76,8,18,308
S01009811,Level 1,215,133,106,7,20,82
S01009811,Level 2,113,95,81,6,8,18
S01009811,Level 3,81,62,55,3,4,19
S01009811,Level 4 and above,89,66,58,4,4,23
S01009812,All people aged 16 and over,627,336,267,26,43,291
S01009812,No qualifications,256,73,55,5,13,183
S01009812,Level 1,146,95,72,8,15,51
S01009812,Level 2,76,60,46,6,8,16
S01009812,Level 3,58,49,41,5,3,9
S01009812,Level 4 and above,91,59,53,2,4,32
S01009813,All people aged 16 and over,562,284,203,19,62,278
S01009813,No qualifications,250,80,53,8,19,170
S01009813,Level 1,138,82,56,5,21,56
S01009813,Level 2,52,33,28,0,5,19
S01009813,Level 3,57,43,30,3,10,14
S01009813,Level 4 and above,65,46,36,3,7,19
S01009814,All people aged 16 and over,696,400,319,41,40,296
S01009814,No qualifications,219,78,60,9,9,141
S01009814,Level 1,130,81,67,8,6,49
S01009814,Level 2,95,67,47,6,14,28
S01009814,Level 3,81,57,48,4,5,24
S01009814,Level 4 and above,171,117,97,14,6,54
S01009815,All people aged 16 and over,590,392,339,23,30,198
S01009815,No qualifications,174,64,57,2,5,110
S01009815,Level 1,131,97,83,4,10,34
S01009815,Level 2,92,71,59,5,7,21
S01009815,Level 3,80,65,60,3,2,15
S01009815,Level 4 and above,113,95,80,9,6,18
S01009816,All people aged 16 and over,587,416,365,29,22,171
S01009816,No qualifications,158,67,62,4,1,91
S01009816,Level 1,144,109,97,7,5,35
S01009816,Level 2,94,75,64,5,6,19
S01009816,Level 3,69,57,50,4,3,12
S01009816,Level 4 and above,122,108,92,9,7,14
S01009817,All people aged 16 and over,585,318,271,18,29,267
S01009817,No qualifications,238,77,63,6,8,161
S01009817,Level 1,137,91,74,5,12,46
S01009817,Level 2,64,44,39,1,4,20
S01009817,Level 3,61,43,37,2,4,18
S01009817,Level 4 and above,85,63,58,4,1,22
S01009818,All people aged 16 and over,852,444,361,49,34,408
S01009818,No qualifications,231,54,45,8,1,177
S01009818,Level 1,166,91,68,11,12,75
S01009818,Level 2,144,91,81,6,4,53
S01009818,Level 3,77,56,41,8,7,21
S01009818,Level 4 and above,234,152,126,16,10,82
S01009819,All people aged 16 and over,566,267,213,37,17,299
S01009819,No qualifications,202,33,22,4,7,169
S01009819,Level 1,100,57,42,11,4,43
S01009819,Level 2,82,40,30,7,3,42
S01009819,Level 3,44,31,29,1,1,13
S01009819,Level 4 and above,138,106,90,14,2,32
S01009820,All people aged 16 and over,790,457,398,31,28,333
S01009820,No qualifications,236,68,55,7,6,168
S01009820,Level 1,218,138,118,10,10,80
S01009820,Level 2,109,74,61,5,8,35
S01009820,Level 3,70,60,53,3,4,10
S01009820,Level 4 and above,157,117,111,6,0,40
S01009821,All people aged 16 and over,533,354,289,34,31,179
S01009821,No qualifications,126,54,32,11,11,72
S01009821,Level 1,111,69,54,8,7,42
S01009821,Level 2,81,58,47,4,7,23
S01009821,Level 3,51,45,39,3,3,6
S01009821,Level 4 and above,164,128,117,8,3,36
S01009822,All people aged 16 and over,360,239,198,10,31,121
S01009822,No qualifications,112,38,28,3,7,74
S01009822,Level 1,100,79,64,1,14,21
S01009822,Level 2,50,43,34,3,6,7
S01009822,Level 3,35,27,25,1,1,8
S01009822,Level 4 and above,63,52,47,2,3,11
S01009823,All people aged 16 and over,600,305,247,11,47,295
S01009823,No qualifications,286,91,76,4,11,195
S01009823,Level 1,157,114,89,2,23,43
S01009823,Level 2,71,54,42,2,10,17
S01009823,Level 3,37,22,18,1,3,15
S01009823,Level 4 and above,49,24,22,2,0,25
S01009824,All people aged 16 and over,659,412,348,18,46,247
S01009824,No qualifications,281,98,86,4,8,183
S01009824,Level 1,147,115,90,5,20,32
S01009824,Level 2,88,69,62,1,6,19
S01009824,Level 3,53,47,37,4,6,6
S01009824,Level 4 and above,90,83,73,4,6,7
S01009825,All people aged 16 and over,806,488,389,27,72,318
S01009825,No qualifications,336,129,94,9,26,207
S01009825,Level 1,225,166,124,10,32,59
S01009825,Level 2,78,62,51,2,9,16
S01009825,Level 3,78,61,54,4,3,17
S01009825,Level 4 and above,89,70,66,2,2,19
S01009826,All people aged 16 and over,456,259,204,11,44,197
S01009826,No qualifications,203,71,52,0,19,132
S01009826,Level 1,138,96,73,6,17,42
S01009826,Level 2,49,41,36,1,4,8
S01009826,Level 3,30,20,18,1,1,10
S01009826,Level 4 and above,36,31,25,3,3,5
S01009827,All people aged 16 and over,695,381,315,17,49,314
S01009827,No qualifications,312,110,91,4,15,202
S01009827,Level 1,187,124,93,7,24,63
S01009827,Level 2,74,57,47,3,7,17
S01009827,Level 3,48,34,29,3,2,14
S01009827,Level 4 and above,74,56,55,0,1,18
S01009828,All people aged 16 and over,658,303,223,18,62,355
S01009828,No qualifications,331,80,60,6,14,251
S01009828,Level 1,136,89,63,4,22,47
S01009828,Level 2,65,46,34,1,11,19
S01009828,Level 3,52,33,25,2,6,19
S01009828,Level 4 and above,74,55,41,5,9,19
S01009829,All people aged 16 and over,793,512,414,31,67,281
S01009829,No qualifications,243,78,57,7,14,165
S01009829,Level 1,221,161,120,9,32,60
S01009829,Level 2,97,80,69,2,9,17
S01009829,Level 3,92,79,71,1,7,13
S01009829,Level 4 and above,140,114,97,12,5,26
S01009830,All people aged 16 and over,619,416,348,19,49,203
S01009830,No qualifications,218,107,80,8,19,111
S01009830,Level 1,193,143,113,7,23,50
S01009830,Level 2,69,57,51,2,4,12
S01009830,Level 3,65,52,51,1,0,13
S01009830,Level 4 and above,74,57,53,1,3,17
S01009831,All people aged 16 and over,594,444,392,17,35,150
S01009831,No qualifications,163,92,77,5,10,71
S01009831,Level 1,146,113,100,1,12,33
S01009831,Level 2,109,93,84,6,3,16
S01009831,Level 3,64,53,47,1,5,11
S01009831,Level 4 and above,112,93,84,4,5,19
S01009832,All people aged 16 and over,825,514,432,36,46,311
S01009832,No qualifications,244,77,66,6,5,167
S01009832,Level 1,196,136,105,8,23,60
S01009832,Level 2,103,81,66,8,7,22
S01009832,Level 3,103,89,80,3,6,14
S01009832,Level 4 and above,179,131,115,11,5,48
S01009833,All people aged 16 and over,462,322,277,23,22,140
S01009833,No qualifications,145,67,54,8,5,78
S01009833,Level 1,104,75,65,2,8,29
S01009833,Level 2,62,54,46,4,4,8
S01009833,Level 3,47,34,29,3,2,13
S01009833,Level 4 and above,104,92,83,6,3,12
S01009834,All people aged 16 and over,630,444,370,25,49,186
S01009834,No qualifications,209,108,80,5,23,101
S01009834,Level 1,174,132,110,9,13,42
S01009834,Level 2,72,57,47,5,5,15
S01009834,Level 3,72,60,55,0,5,12
S01009834,Level 4 and above,103,87,78,6,3,16
S01009835,All people aged 16 and over,417,243,203,10,30,174
S01009835,No qualifications,213,85,72,3,10,128
S01009835,Level 1,91,70,55,3,12,21
S01009835,Level 2,44,35,31,1,3,9
S01009835,Level 3,30,22,18,1,3,8
S01009835,Level 4 and above,39,31,27,2,2,8
S01009836,All people aged 16 and over,815,497,420,31,46,318
S01009836,No qualifications,341,126,103,13,10,215
S01009836,Level 1,187,148,124,9,15,39
S01009836,Level 2,92,72,59,3,10,20
S01009836,Level 3,79,67,56,3,8,12
S01009836,Level 4 and above,116,84,78,3,3,32
S01009837,All people aged 16 and over,610,303,264,13,26,307
S01009837,No qualifications,336,95,83,4,8,241
S01009837,Level 1,117,85,74,2,9,32
S01009837,Level 2,52,45,38,3,4,7
S01009837,Level 3,49,36,34,1,1,13
S01009837,Level 4 and above,56,42,35,3,4,14
S01009838,All people aged 16 and over,635,387,304,19,64,248
S01009838,No qualifications,258,85,65,4,16,173
S01009838,Level 1,135,99,69,3,27,36
S01009838,Level 2,63,50,40,3,7,13
S01009838,Level 3,55,51,38,2,11,4
S01009838,Level 4 and above,124,102,92,7,3,22
S01009839,All people aged 16 and over,818,510,397,23,90,308
S01009839,No qualifications,268,110,78,5,27,158
S01009839,Level 1,234,156,121,4,31,78
S01009839,Level 2,111,80,57,2,21,31
S01009839,Level 3,92,67,53,7,7,25
S01009839,Level 4 and above,113,97,88,5,4,16
S01009840,All people aged 16 and over,848,442,362,24,56,406
S01009840,No qualifications,427,136,111,6,19,291
S01009840,Level 1,186,127,102,8,17,59
S01009840,Level 2,82,64,46,4,14,18
S01009840,Level 3,59,47,43,2,2,12
S01009840,Level 4 and above,94,68,60,4,4,26
S01009841,All people aged 16 and over,695,411,320,20,71,284
S01009841,No qualifications,225,70,53,1,16,155
S01009841,Level 1,172,118,83,4,31,54
S01009841,Level 2,74,46,35,2,9,28
S01009841,Level 3,86,74,60,4,10,12
S01009841,Level 4 and above,138,103,89,9,5,35
S01009842,All people aged 16 and over,524,327,237,20,70,197
S01009842,No qualifications,169,65,36,2,27,104
S01009842,Level 1,160,113,81,5,27,47
S01009842,Level 2,41,21,16,0,5,20
S01009842,Level 3,53,44,39,1,4,9
S01009842,Level 4 and above,101,84,65,12,7,17
S01009843,All people aged 16 and over,496,244,179,8,57,252
S01009843,No qualifications,229,65,42,1,22,164
S01009843,Level 1,140,85,63,1,21,55
S01009843,Level 2,50,37,25,0,12,13
S01009843,Level 3,29,20,16,3,1,9
S01009843,Level 4 and above,48,37,33,3,1,11
S01009844,All people aged 16 and over,477,258,164,23,71,219
S01009844,No qualifications,206,68,38,7,23,138
S01009844,Level 1,139,92,57,5,30,47
S01009844,Level 2,39,27,20,0,7,12
S01009844,Level 3,27,22,16,0,6,5
S01009844,Level 4 and above,66,49,33,11,5,17
S01009845,All people aged 16 and over,612,412,287,24,101,200
S01009845,No qualifications,198,89,55,3,31,109
S01009845,Level 1,162,119,81,9,29,43
S01009845,Level 2,62,54,42,0,12,8
S01009845,Level 3,54,42,28,2,12,12
S01009845,Level 4 and above,136,108,81,10,17,28
S01009846,All people aged 16 and over,714,439,339,23,77,275
S01009846,No qualifications,284,121,92,6,23,163
S01009846,Level 1,177,113,77,5,31,64
S01009846,Level 2,70,54,42,3,9,16
S01009846,Level 3,66,63,53,4,6,3
S01009846,Level 4 and above,117,88,75,5,8,29
S01009847,All people aged 16 and over,469,312,261,11,40,157
S01009847,No qualifications,166,70,57,3,10,96
S01009847,Level 1,124,95,73,3,19,29
S01009847,Level 2,62,50,44,0,6,12
S01009847,Level 3,50,38,36,1,1,12
S01009847,Level 4 and above,67,59,51,4,4,8
S01009848,All people aged 16 and over,738,409,332,15,62,329
S01009848,No qualifications,354,126,98,6,22,228
S01009848,Level 1,179,128,102,2,24,51
S01009848,Level 2,65,44,38,1,5,21
S01009848,Level 3,57,43,34,2,7,14
S01009848,Level 4 and above,83,68,60,4,4,15
S01009849,All people aged 16 and over,662,326,283,17,26,336
S01009849,No qualifications,301,65,55,3,7,236
S01009849,Level 1,127,86,69,5,12,41
S01009849,Level 2,74,47,46,0,1,27
S01009849,Level 3,56,42,35,3,4,14
S01009849,Level 4 and above,104,86,78,6,2,18
S01009850,All people aged 16 and over,765,431,364,29,38,334
S01009850,No qualifications,327,102,86,8,8,225
S01009850,Level 1,165,120,99,6,15,45
S01009850,Level 2,78,56,46,5,5,22
S01009850,Level 3,75,61,49,6,6,14
S01009850,Level 4 and above,120,92,84,4,4,28
S01009851,All people aged 16 and over,739,376,307,32,37,363
S01009851,No qualifications,356,90,67,9,14,266
S01009851,Level 1,153,100,81,9,10,53
S01009851,Level 2,75,57,50,1,6,18
S01009851,Level 3,64,49,41,4,4,15
S01009851,Level 4 and above,91,80,68,9,3,11
S01009852,All people aged 16 and over,495,259,224,16,19,236
S01009852,No qualifications,193,45,37,1,7,148
S01009852,Level 1,114,70,58,5,7,44
S01009852,Level 2,48,38,33,2,3,10
S01009852,Level 3,57,43,38,4,1,14
S01009852,Level 4 and above,83,63,58,4,1,20
S01009853,All people aged 16 and over,708,381,315,24,42,327
S01009853,No qualifications,270,77,59,4,14,193
S01009853,Level 1,172,105,85,7,13,67
S01009853,Level 2,74,51,41,5,5,23
S01009853,Level 3,68,55,46,2,7,13
S01009853,Level 4 and above,124,93,84,6,3,31
S01009854,All people aged 16 and over,690,440,355,31,54,250
S01009854,No qualifications,265,107,83,6,18,158
S01009854,Level 1,171,130,107,12,11,41
S01009854,Level 2,70,53,43,2,8,17
S01009854,Level 3,62,49,39,7,3,13
S01009854,Level 4 and above,122,101,83,4,14,21
S01009855,All people aged 16 and over,490,310,266,21,23,180
S01009855,No qualifications,136,41,33,4,4,95
S01009855,Level 1,105,69,56,6,7,36
S01009855,Level 2,74,54,46,4,4,20
S01009855,Level 3,65,53,47,1,5,12
S01009855,Level 4 and above,110,93,84,6,3,17
S01009856,All people aged 16 and over,548,269,217,27,25,279
S01009856,No qualifications,202,65,50,9,6,137
S01009856,Level 1,113,50,43,3,4,63
S01009856,Level 2,78,48,35,5,8,30
S01009856,Level 3,53,35,30,2,3,18
S01009856,Level 4 and above,102,71,59,8,4,31
S01009857,All people aged 16 and over,732,412,355,28,29,320
S01009857,No qualifications,239,67,57,6,4,172
S01009857,Level 1,163,105,82,9,14,58
S01009857,Level 2,103,68,60,4,4,35
S01009857,Level 3,73,51,48,2,1,22
S01009857,Level 4 and above,154,121,108,7,6,33
S01009858,All people aged 16 and over,633,373,318,24,31,260
S01009858,No qualifications,224,69,51,11,7,155
S01009858,Level 1,158,101,85,5,11,57
S01009858,Level 2,83,66,57,4,5,17
S01009858,Level 3,71,58,54,1,3,13
S01009858,Level 4 and above,97,79,71,3,5,18
S01009859,All people aged 16 and over,884,434,317,18,99,450
S01009859,No qualifications,452,131,95,4,32,321
S01009859,Level 1,194,125,88,2,35,69
S01009859,Level 2,72,50,36,0,14,22
S01009859,Level 3,60,46,25,5,16,14
S01009859,Level 4 and above,106,82,73,7,2,24
S01009860,All people aged 16 and over,793,376,276,8,92,417
S01009860,No qualifications,406,105,81,2,22,301
S01009860,Level 1,166,104,73,3,28,62
S01009860,Level 2,79,52,39,0,13,27
S01009860,Level 3,46,37,23,1,13,9
S01009860,Level 4 and above,96,78,60,2,16,18
S01009861,All people aged 16 and over,896,468,348,32,88,428
S01009861,No qualifications,358,104,71,4,29,254
S01009861,Level 1,189,114,78,6,30,75
S01009861,Level 2,97,72,53,7,12,25
S01009861,Level 3,90,59,47,5,7,31
S01009861,Level 4 and above,162,119,99,10,10,43
S01009862,All people aged 16 and over,961,552,419,34,99,409
S01009862,No qualifications,379,137,88,9,40,242
S01009862,Level 1,181,118,84,4,30,63
S01009862,Level 2,85,58,47,2,9,27
S01009862,Level 3,98,77,66,4,7,21
S01009862,Level 4 and above,218,162,134,15,13,56
S01009863,All people aged 16 and over,686,437,337,33,67,249
S01009863,No qualifications,219,79,57,12,10,140
S01009863,Level 1,137,93,65,4,24,44
S01009863,Level 2,70,47,38,4,5,23
S01009863,Level 3,63,52,39,3,10,11
S01009863,Level 4 and above,197,166,138,10,18,31
S01009864,All people aged 16 and over,513,342,248,30,64,171
S01009864,No qualifications,131,47,27,5,15,84
S01009864,Level 1,94,60,44,2,14,34
S01009864,Level 2,64,51,38,5,8,13
S01009864,Level 3,65,55,43,4,8,10
S01009864,Level 4 and above,159,129,96,14,19,30
S01009865,All people aged 16 and over,395,255,202,24,29,140
S01009865,No qualifications,108,28,18,4,6,80
S01009865,Level 1,85,63,52,4,7,22
S01009865,Level 2,56,44,34,6,4,12
S01009865,Level 3,48,38,33,3,2,10
S01009865,Level 4 and above,98,82,65,7,10,16
S01009866,All people aged 16 and over,782,514,425,35,54,268
S01009866,No qualifications,250,85,66,9,10,165
S01009866,Level 1,178,130,101,9,20,48
S01009866,Level 2,102,88,73,3,12,14
S01009866,Level 3,68,56,49,3,4,12
S01009866,Level 4 and above,184,155,136,11,8,29
S01009867,All people aged 16 and over,948,692,580,72,40,256
S01009867,No qualifications,191,42,34,5,3,149
S01009867,Level 1,124,91,74,10,7,33
S01009867,Level 2,121,106,93,7,6,15
S01009867,Level 3,104,87,69,14,4,17
S01009867,Level 4 and above,408,366,310,36,20,42
S01009868,All people aged 16 and over,622,418,355,27,36,204
S01009868,No qualifications,138,36,29,2,5,102
S01009868,Level 1,103,75,66,2,7,28
S01009868,Level 2,79,47,31,8,8,32
S01009868,Level 3,71,53,45,3,5,18
S01009868,Level 4 and above,231,207,184,12,11,24
S01009869,All people aged 16 and over,464,339,264,30,45,125
S01009869,No qualifications,76,41,23,9,9,35
S01009869,Level 1,75,50,38,7,5,25
S01009869,Level 2,59,39,32,2,5,20
S01009869,Level 3,73,49,36,1,12,24
S01009869,Level 4 and above,181,160,135,11,14,21
S01009870,All people aged 16 and over,498,326,230,38,58,172
S01009870,No qualifications,145,56,34,9,13,89
S01009870,Level 1,122,78,48,8,22,44
S01009870,Level 2,47,32,25,0,7,15
S01009870,Level 3,49,43,35,3,5,6
S01009870,Level 4 and above,135,117,88,18,11,18
S01009871,All people aged 16 and over,853,406,305,60,41,447
S01009871,No qualifications,293,65,40,11,14,228
S01009871,Level 1,150,73,59,9,5,77
S01009871,Level 2,83,50,30,10,10,33
S01009871,Level 3,90,50,39,5,6,40
S01009871,Level 4 and above,237,168,137,25,6,69
S01009872,All people aged 16 and over,605,410,313,47,50,195
S01009872,No qualifications,135,46,34,6,6,89
S01009872,Level 1,103,66,46,8,12,37
S01009872,Level 2,85,60,50,5,5,25
S01009872,Level 3,83,65,46,10,9,18
S01009872,Level 4 and above,199,173,137,18,18,26
S01009873,All people aged 16 and over,788,435,315,78,42,353
S01009873,No qualifications,232,55,31,9,15,177
S01009873,Level 1,112,62,44,11,7,50
S01009873,Level 2,73,42,28,11,3,31
S01009873,Level 3,83,57,38,15,4,26
S01009873,Level 4 and above,288,219,174,32,13,69
S01009874,All people aged 16 and over,868,499,371,72,56,369
S01009874,No qualifications,227,70,51,9,10,157
S01009874,Level 1,158,96,68,9,19,62
S01009874,Level 2,115,70,53,9,8,45
S01009874,Level 3,87,63,51,5,7,24
S01009874,Level 4 and above,281,200,148,40,12,81
S01009875,All people aged 16 and over,517,296,199,35,62,221
S01009875,No qualifications,146,44,27,8,9,102
S01009875,Level 1,94,57,36,5,16,37
S01009875,Level 2,77,46,27,5,14,31
S01009875,Level 3,55,31,20,3,8,24
S01009875,Level 4 and above,145,118,89,14,15,27
S01009876,All people aged 16 and over,526,286,197,19,70,240
S01009876,No qualifications,149,52,42,1,9,97
S01009876,Level 1,139,82,41,7,34,57
S01009876,Level 2,67,40,26,4,10,27
S01009876,Level 3,56,39,29,2,8,17
S01009876,Level 4 and above,115,73,59,5,9,42
S01009877,All people aged 16 and over,761,443,306,111,26,318
S01009877,No qualifications,120,27,13,9,5,93
S01009877,Level 1,96,47,31,13,3,49
S01009877,Level 2,96,51,36,13,2,45
S01009877,Level 3,62,43,30,12,1,19
S01009877,Level 4 and above,387,275,196,64,15,112
S01009878,All people aged 16 and over,542,312,208,51,53,230
S01009878,No qualifications,174,63,31,17,15,111
S01009878,Level 1,94,53,33,5,15,41
S01009878,Level 2,50,28,19,3,6,22
S01009878,Level 3,45,24,17,6,1,21
S01009878,Level 4 and above,179,144,108,20,16,35
S01009879,All people aged 16 and over,733,467,319,119,29,266
S01009879,No qualifications,89,33,20,9,4,56
S01009879,Level 1,76,42,26,10,6,34
S01009879,Level 2,111,62,40,13,9,49
S01009879,Level 3,41,32,20,9,3,9
S01009879,Level 4 and above,416,298,213,78,7,118
S01009880,All people aged 16 and over,612,339,250,60,29,273
S01009880,No qualifications,127,30,18,11,1,97
S01009880,Level 1,114,59,34,15,10,55
S01009880,Level 2,73,42,31,5,6,31
S01009880,Level 3,62,42,35,4,3,20
S01009880,Level 4 and above,236,166,132,25,9,70
S01009881,All people aged 16 and over,402,257,185,38,34,145
S01009881,No qualifications,130,58,32,14,12,72
S01009881,Level 1,70,40,26,6,8,30
S01009881,Level 2,38,24,16,1,7,14
S01009881,Level 3,33,27,19,5,3,6
S01009881,Level 4 and above,131,108,92,12,4,23
S01009882,All people aged 16 and over,936,754,602,89,63,182
S01009882,No qualifications,102,43,25,10,8,59
S01009882,Level 1,121,91,62,12,17,30
S01009882,Level 2,119,100,73,20,7,19
S01009882,Level 3,109,98,80,10,8,11
S01009882,Level 4 and above,485,422,362,37,23,63
S01009883,All people aged 16 and over,602,375,266,51,58,227
S01009883,No qualifications,154,46,19,15,12,108
S01009883,Level 1,87,49,31,5,13,38
S01009883,Level 2,62,37,25,4,8,25
S01009883,Level 3,57,36,28,3,5,21
S01009883,Level 4 and above,242,207,163,24,20,35
S01009884,All people aged 16 and over,634,427,307,73,47,207
S01009884,No qualifications,149,65,42,11,12,84
S01009884,Level 1,98,47,35,4,8,51
S01009884,Level 2,53,33,18,6,9,20
S01009884,Level 3,72,55,40,9,6,17
S01009884,Level 4 and above,262,227,172,43,12,35
S01009885,All people aged 16 and over,663,389,250,78,61,274
S01009885,No qualifications,166,49,24,20,5,117
S01009885,Level 1,113,62,32,8,22,51
S01009885,Level 2,69,45,32,3,10,24
S01009885,Level 3,84,45,27,10,8,39
S01009885,Level 4 and above,231,188,135,37,16,43
S01009886,All people aged 16 and over,626,335,237,56,42,291
S01009886,No qualifications,168,41,25,10,6,127
S01009886,Level 1,106,54,35,7,12,52
S01009886,Level 2,76,41,33,5,3,35
S01009886,Level 3,74,45,31,4,10,29
S01009886,Level 4 and above,202,154,113,30,11,48
S01009887,All people aged 16 and over,774,463,333,51,79,311
S01009887,No qualifications,221,83,50,13,20,138
S01009887,Level 1,141,87,69,4,14,54
S01009887,Level 2,99,63,42,7,14,36
S01009887,Level 3,102,57,37,6,14,45
S01009887,Level 4 and above,211,173,135,21,17,38
S01009888,All people aged 16 and over,527,311,236,43,32,216
S01009888,No qualifications,168,74,43,19,12,94
S01009888,Level 1,89,43,30,5,8,46
S01009888,Level 2,50,25,22,1,2,25
S01009888,Level 3,53,32,24,5,3,21
S01009888,Level 4 and above,167,137,117,13,7,30
S01009889,All people aged 16 and over,652,371,282,51,38,281
S01009889,No qualifications,189,65,40,20,5,124
S01009889,Level 1,124,52,40,4,8,72
S01009889,Level 2,63,39,35,0,4,24
S01009889,Level 3,69,52,44,5,3,17
S01009889,Level 4 and above,207,163,123,22,18,44
S01009890,All people aged 16 and over,439,256,191,18,47,183
S01009890,No qualifications,150,54,35,1,18,96
S01009890,Level 1,95,55,36,6,13,40
S01009890,Level 2,55,43,37,4,2,12
S01009890,Level 3,38,29,18,1,10,9
S01009890,Level 4 and above,101,75,65,6,4,26
S01009891,All people aged 16 and over,635,382,291,36,55,253
S01009891,No qualifications,214,64,38,7,19,150
S01009891,Level 1,87,60,47,4,9,27
S01009891,Level 2,70,47,39,2,6,23
S01009891,Level 3,68,56,46,4,6,12
S01009891,Level 4 and above,196,155,121,19,15,41
S01009892,All people aged 16 and over,708,401,311,21,69,307
S01009892,No qualifications,266,80,60,2,18,186
S01009892,Level 1,136,91,65,5,21,45
S01009892,Level 2,56,37,29,4,4,19
S01009892,Level 3,62,40,31,1,8,22
S01009892,Level 4 and above,188,153,126,9,18,35
S01009893,All people aged 16 and over,672,458,353,43,62,214
S01009893,No qualifications,148,59,31,14,14,89
S01009893,Level 1,128,87,65,4,18,41
S01009893,Level 2,81,66,49,3,14,15
S01009893,Level 3,66,44,32,6,6,22
S01009893,Level 4 and above,249,202,176,16,10,47
S01009894,All people aged 16 and over,689,346,271,31,44,343
S01009894,No qualifications,283,75,57,5,13,208
S01009894,Level 1,124,66,48,7,11,58
S01009894,Level 2,57,35,26,5,4,22
S01009894,Level 3,77,61,50,3,8,16
S01009894,Level 4 and above,148,109,90,11,8,39
S01009895,All people aged 16 and over,620,344,265,22,57,276
S01009895,No qualifications,224,72,51,5,16,152
S01009895,Level 1,124,73,51,3,19,51
S01009895,Level 2,57,45,35,2,8,12
S01009895,Level 3,76,58,46,4,8,18
S01009895,Level 4 and above,139,96,82,8,6,43
S01009896,All people aged 16 and over,769,395,283,45,67,374
S01009896,No qualifications,330,120,73,24,23,210
S01009896,Level 1,176,91,63,7,21,85
S01009896,Level 2,67,49,37,3,9,18
S01009896,Level 3,74,45,37,2,6,29
S01009896,Level 4 and above,122,90,73,9,8,32
S01009897,All people aged 16 and over,810,462,357,51,54,348
S01009897,No qualifications,276,70,42,9,19,206
S01009897,Level 1,150,98,79,11,8,52
S01009897,Level 2,106,74,56,7,11,32
S01009897,Level 3,72,50,41,4,5,22
S01009897,Level 4 and above,206,170,139,20,11,36
S01009898,All people aged 16 and over,490,236,160,37,39,254
S01009898,No qualifications,213,59,44,5,10,154
S01009898,Level 1,122,77,48,18,11,45
S01009898,Level 2,33,22,16,0,6,11
S01009898,Level 3,53,31,16,6,9,22
S01009898,Level 4 and above,69,47,36,8,3,22
S01009899,All people aged 16 and over,684,490,419,38,33,194
S01009899,No qualifications,114,30,21,1,8,84
S01009899,Level 1,96,69,51,7,11,27
S01009899,Level 2,90,66,60,4,2,24
S01009899,Level 3,80,66,53,9,4,14
S01009899,Level 4 and above,304,259,234,17,8,45
S01009900,All people aged 16 and over,741,635,551,49,35,106
S01009900,No qualifications,73,30,21,4,5,43
S01009900,Level 1,78,61,48,3,10,17
S01009900,Level 2,102,91,78,9,4,11
S01009900,Level 3,88,75,63,7,5,13
S01009900,Level 4 and above,400,378,341,26,11,22
S01009901,All people aged 16 and over,741,617,529,53,35,124
S01009901,No qualifications,66,23,12,4,7,43
S01009901,Level 1,83,60,46,4,10,23
S01009901,Level 2,96,72,61,5,6,24
S01009901,Level 3,90,84,75,8,1,6
S01009901,Level 4 and above,406,378,335,32,11,28
S01009902,All people aged 16 and over,804,391,300,39,52,413
S01009902,No qualifications,342,65,37,13,15,277
S01009902,Level 1,128,80,60,5,15,48
S01009902,Level 2,76,52,38,5,9,24
S01009902,Level 3,67,51,43,1,7,16
S01009902,Level 4 and above,191,143,122,15,6,48
S01009903,All people aged 16 and over,652,458,344,75,39,194
S01009903,No qualifications,115,47,28,10,9,68
S01009903,Level 1,90,48,39,6,3,42
S01009903,Level 2,79,51,31,9,11,28
S01009903,Level 3,67,52,38,7,7,15
S01009903,Level 4 and above,301,260,208,43,9,41
S01009904,All people aged 16 and over,696,493,416,53,24,203
S01009904,No qualifications,150,33,24,8,1,117
S01009904,Level 1,66,44,36,5,3,22
S01009904,Level 2,84,60,46,8,6,24
S01009904,Level 3,62,48,39,4,5,14
S01009904,Level 4 and above,334,308,271,28,9,26
S01009905,All people aged 16 and over,622,432,316,51,65,190
S01009905,No qualifications,102,44,28,6,10,58
S01009905,Level 1,77,49,31,5,13,28
S01009905,Level 2,111,57,47,2,8,54
S01009905,Level 3,63,47,34,2,11,16
S01009905,Level 4 and above,269,235,176,36,23,34
S01009906,All people aged 16 and over,557,411,328,43,40,146
S01009906,No qualifications,115,50,31,7,12,65
S01009906,Level 1,72,51,41,3,7,21
S01009906,Level 2,70,54,43,3,8,16
S01009906,Level 3,65,47,41,5,1,18
S01009906,Level 4 and above,235,209,172,25,12,26
S01009907,All people aged 16 and over,730,500,372,45,83,230
S01009907,No qualifications,147,55,33,7,15,92
S01009907,Level 1,115,78,52,2,24,37
S01009907,Level 2,70,51,37,5,9,19
S01009907,Level 3,116,84,61,8,15,32
S01009907,Level 4 and above,282,232,189,23,20,50
S01009908,All people aged 16 and over,856,667,526,108,33,189
S01009908,No qualifications,113,45,34,7,4,68
S01009908,Level 1,99,67,44,12,11,32
S01009908,Level 2,112,86,70,12,4,26
S01009908,Level 3,82,69,55,8,6,13
S01009908,Level 4 and above,450,400,323,69,8,50
S01009909,All people aged 16 and over,767,589,453,86,50,178
S01009909,No qualifications,107,40,26,7,7,67
S01009909,Level 1,116,83,58,9,16,33
S01009909,Level 2,90,72,59,4,9,18
S01009909,Level 3,92,81,64,9,8,11
S01009909,Level 4 and above,362,313,246,57,10,49
S01009910,All people aged 16 and over,455,378,307,40,31,77
S01009910,No qualifications,52,26,17,5,4,26
S01009910,Level 1,49,32,21,3,8,17
S01009910,Level 2,46,41,33,2,6,5
S01009910,Level 3,53,45,40,2,3,8
S01009910,Level 4 and above,255,234,196,28,10,21
S01009911,All people aged 16 and over,840,533,432,65,36,307
S01009911,No qualifications,174,32,17,10,5,142
S01009911,Level 1,89,53,40,4,9,36
S01009911,Level 2,90,62,47,7,8,28
S01009911,Level 3,80,54,43,7,4,26
S01009911,Level 4 and above,407,332,285,37,10,75
S01009912,All people aged 16 and over,790,448,316,109,23,342
S01009912,No qualifications,145,23,11,11,1,122
S01009912,Level 1,84,39,26,11,2,45
S01009912,Level 2,96,57,37,12,8,39
S01009912,Level 3,49,39,29,7,3,10
S01009912,Level 4 and above,416,290,213,68,9,126
S01009913,All people aged 16 and over,591,376,258,99,19,215
S01009913,No qualifications,112,36,18,17,1,76
S01009913,Level 1,105,63,39,17,7,42
S01009913,Level 2,87,57,38,18,1,30
S01009913,Level 3,53,35,26,6,3,18
S01009913,Level 4 and above,234,185,137,41,7,49
S01009914,All people aged 16 and over,819,516,350,142,24,303
S01009914,No qualifications,123,52,28,22,2,71
S01009914,Level 1,107,56,34,15,7,51
S01009914,Level 2,115,74,55,16,3,41
S01009914,Level 3,60,41,33,7,1,19
S01009914,Level 4 and above,414,293,200,82,11,121
S01009915,All people aged 16 and over,752,502,383,92,27,250
S01009915,No qualifications,103,41,25,13,3,62
S01009915,Level 1,87,55,36,17,2,32
S01009915,Level 2,107,64,52,8,4,43
S01009915,Level 3,56,44,29,10,5,12
S01009915,Level 4 and above,399,298,241,44,13,101
S01009916,All people aged 16 and over,776,427,289,104,34,349
S01009916,No qualifications,204,63,29,29,5,141
S01009916,Level 1,136,57,32,14,11,79
S01009916,Level 2,94,49,30,14,5,45
S01009916,Level 3,78,55,37,14,4,23
S01009916,Level 4 and above,264,203,161,33,9,61
S01009917,All people aged 16 and over,592,405,333,55,17,187
S01009917,No qualifications,84,24,16,6,2,60
S01009917,Level 1,67,32,27,4,1,35
S01009917,Level 2,75,51,40,9,2,24
S01009917,Level 3,45,32,25,5,2,13
S01009917,Level 4 and above,321,266,225,31,10,55
S01009918,All people aged 16 and over,578,370,294,60,16,208
S01009918,No qualifications,88,21,9,8,4,67
S01009918,Level 1,62,32,19,9,4,30
S01009918,Level 2,69,38,34,4,0,31
S01009918,Level 3,38,28,22,5,1,10
S01009918,Level 4 and above,321,251,210,34,7,70
S01009919,All people aged 16 and over,948,597,457,73,67,351
S01009919,No qualifications,256,67,50,10,7,189
S01009919,Level 1,140,92,62,13,17,48
S01009919,Level 2,117,82,63,7,12,35
S01009919,Level 3,93,72,51,6,15,21
S01009919,Level 4 and above,342,284,231,37,16,58
S01009920,All people aged 16 and over,782,621,545,52,24,161
S01009920,No qualifications,98,30,23,2,5,68
S01009920,Level 1,80,53,44,4,5,27
S01009920,Level 2,80,62,49,6,7,18
S01009920,Level 3,84,76,67,6,3,8
S01009920,Level 4 and above,440,400,362,34,4,40
S01009921,All people aged 16 and over,593,493,417,41,35,100
S01009921,No qualifications,67,22,14,2,6,45
S01009921,Level 1,54,43,33,4,6,11
S01009921,Level 2,78,65,56,4,5,13
S01009921,Level 3,65,57,50,5,2,8
S01009921,Level 4 and above,329,306,264,26,16,23
S01009922,All people aged 16 and over,940,740,648,58,34,200
S01009922,No qualifications,91,26,18,5,3,65
S01009922,Level 1,101,61,49,5,7,40
S01009922,Level 2,125,99,81,8,10,26
S01009922,Level 3,106,91,75,11,5,15
S01009922,Level 4 and above,517,463,425,29,9,54
S01009923,All people aged 16 and over,788,551,453,60,38,237
S01009923,No qualifications,148,50,35,9,6,98
S01009923,Level 1,104,62,44,6,12,42
S01009923,Level 2,97,82,73,5,4,15
S01009923,Level 3,109,86,70,10,6,23
S01009923,Level 4 and above,330,271,231,30,10,59
S01009924,All people aged 16 and over,896,647,564,55,28,249
S01009924,No qualifications,148,42,33,5,4,106
S01009924,Level 1,118,75,62,7,6,43
S01009924,Level 2,105,79,72,5,2,26
S01009924,Level 3,113,85,74,4,7,28
S01009924,Level 4 and above,412,366,323,34,9,46
S01009925,All people aged 16 and over,602,500,438,31,31,102
S01009925,No qualifications,55,16,11,1,4,39
S01009925,Level 1,63,41,33,3,5,22
S01009925,Level 2,66,58,49,6,3,8
S01009925,Level 3,71,67,58,4,5,4
S01009925,Level 4 and above,347,318,287,17,14,29
S01009926,All people aged 16 and over,660,458,371,61,26,202
S01009926,No qualifications,127,34,25,6,3,93
S01009926,Level 1,84,47,33,4,10,37
S01009926,Level 2,76,47,38,6,3,29
S01009926,Level 3,68,54,41,11,2,14
S01009926,Level 4 and above,305,276,234,34,8,29
S01009927,All people aged 16 and over,443,296,226,39,31,147
S01009927,No qualifications,107,32,19,3,10,75
S01009927,Level 1,67,46,34,7,5,21
S01009927,Level 2,38,24,15,5,4,14
S01009927,Level 3,44,35,25,7,3,9
S01009927,Level 4 and above,187,159,133,17,9,28
S01009928,All people aged 16 and over,763,557,438,86,33,206
S01009928,No qualifications,81,20,9,8,3,61
S01009928,Level 1,77,37,19,13,5,40
S01009928,Level 2,74,52,47,2,3,22
S01009928,Level 3,79,66,52,7,7,13
S01009928,Level 4 and above,452,382,311,56,15,70
S01009929,All people aged 16 and over,423,287,222,43,22,136
S01009929,No qualifications,57,11,8,2,1,46
S01009929,Level 1,48,26,13,5,8,22
S01009929,Level 2,56,42,30,7,5,14
S01009929,Level 3,55,34,25,7,2,21
S01009929,Level 4 and above,207,174,146,22,6,33
S01009930,All people aged 16 and over,758,604,487,73,44,154
S01009930,No qualifications,90,34,19,6,9,56
S01009930,Level 1,101,80,65,8,7,21
S01009930,Level 2,89,70,54,8,8,19
S01009930,Level 3,97,83,60,13,10,14
S01009930,Level 4 and above,381,337,289,38,10,44
S01009931,All people aged 16 and over,692,587,506,55,26,105
S01009931,No qualifications,45,12,8,4,0,33
S01009931,Level 1,63,45,33,7,5,18
S01009931,Level 2,80,65,53,7,5,15
S01009931,Level 3,77,63,54,6,3,14
S01009931,Level 4 and above,427,402,358,31,13,25
S01009932,All people aged 16 and over,576,454,380,56,18,122
S01009932,No qualifications,89,30,24,5,1,59
S01009932,Level 1,70,42,35,3,4,28
S01009932,Level 2,67,52,45,4,3,15
S01009932,Level 3,59,56,46,9,1,3
S01009932,Level 4 and above,291,274,230,35,9,17
S01009933,All people aged 16 and over,762,480,369,28,83,282
S01009933,No qualifications,207,66,37,5,24,141
S01009933,Level 1,160,98,70,6,22,62
S01009933,Level 2,71,51,40,5,6,20
S01009933,Level 3,99,83,63,4,16,16
S01009933,Level 4 and above,225,182,159,8,15,43
S01009934,All people aged 16 and over,753,542,465,44,33,211
S01009934,No qualifications,132,60,44,10,6,72
S01009934,Level 1,113,59,45,5,9,54
S01009934,Level 2,116,91,83,4,4,25
S01009934,Level 3,66,51,45,2,4,15
S01009934,Level 4 and above,326,281,248,23,10,45
S01009935,All people aged 16 and over,502,203,165,10,28,299
S01009935,No qualifications,259,47,33,4,10,212
S01009935,Level 1,94,50,40,1,9,44
S01009935,Level 2,40,27,22,1,4,13
S01009935,Level 3,31,24,22,1,1,7
S01009935,Level 4 and above,78,55,48,3,4,23
S01009936,All people aged 16 and over,568,332,273,27,32,236
S01009936,No qualifications,181,42,33,4,5,139
S01009936,Level 1,105,65,56,4,5,40
S01009936,Level 2,76,54,41,5,8,22
S01009936,Level 3,52,41,37,0,4,11
S01009936,Level 4 and above,154,130,106,14,10,24
S01009937,All people aged 16 and over,401,184,131,9,44,217
S01009937,No qualifications,168,42,30,2,10,126
S01009937,Level 1,92,50,33,0,17,42
S01009937,Level 2,45,31,24,3,4,14
S01009937,Level 3,40,27,21,1,5,13
S01009937,Level 4 and above,56,34,23,3,8,22
S01009938,All people aged 16 and over,818,357,276,39,42,461
S01009938,No qualifications,388,71,54,3,14,317
S01009938,Level 1,150,84,64,8,12,66
S01009938,Level 2,72,42,30,7,5,30
S01009938,Level 3,65,52,41,7,4,13
S01009938,Level 4 and above,143,108,87,14,7,35
S01009939,All people aged 16 and over,687,341,196,11,134,346
S01009939,No qualifications,328,127,72,3,52,201
S01009939,Level 1,176,103,61,1,41,73
S01009939,Level 2,42,20,13,2,5,22
S01009939,Level 3,64,40,15,3,22,24
S01009939,Level 4 and above,77,51,35,2,14,26
S01009940,All people aged 16 and over,678,326,248,15,63,352
S01009940,No qualifications,369,113,88,3,22,256
S01009940,Level 1,170,104,72,5,27,66
S01009940,Level 2,51,36,32,1,3,15
S01009940,Level 3,48,42,33,2,7,6
S01009940,Level 4 and above,40,31,23,4,4,9
S01009941,All people aged 16 and over,754,523,399,63,61,231
S01009941,No qualifications,193,102,72,19,11,91
S01009941,Level 1,193,140,109,12,19,53
S01009941,Level 2,130,93,76,8,9,37
S01009941,Level 3,81,62,41,6,15,19
S01009941,Level 4 and above,157,126,101,18,7,31
S01009942,All people aged 16 and over,836,449,340,29,80,387
S01009942,No qualifications,423,140,107,9,24,283
S01009942,Level 1,216,150,111,6,33,66
S01009942,Level 2,86,74,61,6,7,12
S01009942,Level 3,47,39,27,3,9,8
S01009942,Level 4 and above,64,46,34,5,7,18
S01009943,All people aged 16 and over,671,319,245,18,56,352
S01009943,No qualifications,348,98,70,7,21,250
S01009943,Level 1,153,95,65,6,24,58
S01009943,Level 2,65,50,46,1,3,15
S01009943,Level 3,50,38,32,1,5,12
S01009943,Level 4 and above,55,38,32,3,3,17
S01009944,All people aged 16 and over,658,380,304,38,38,278
S01009944,No qualifications,224,69,49,10,10,155
S01009944,Level 1,159,102,76,11,15,57
S01009944,Level 2,92,61,56,3,2,31
S01009944,Level 3,60,44,34,5,5,16
S01009944,Level 4 and above,123,104,89,9,6,19
S01009945,All people aged 16 and over,790,433,353,30,50,357
S01009945,No qualifications,294,81,65,7,9,213
S01009945,Level 1,182,112,85,5,22,70
S01009945,Level 2,96,66,55,4,7,30
S01009945,Level 3,85,62,53,2,7,23
S01009945,Level 4 and above,133,112,95,12,5,21
S01009946,All people aged 16 and over,672,388,311,30,47,284
S01009946,No qualifications,238,84,68,5,11,154
S01009946,Level 1,144,96,69,8,19,48
S01009946,Level 2,93,66,56,5,5,27
S01009946,Level 3,69,46,34,3,9,23
S01009946,Level 4 and above,128,96,84,9,3,32
S01009947,All people aged 16 and over,470,262,208,27,27,208
S01009947,No qualifications,168,50,36,6,8,118
S01009947,Level 1,115,76,57,7,12,39
S01009947,Level 2,53,32,30,0,2,21
S01009947,Level 3,43,32,27,1,4,11
S01009947,Level 4 and above,91,72,58,13,1,19
S01009948,All people aged 16 and over,671,328,251,23,54,343
S01009948,No qualifications,278,70,46,6,18,208
S01009948,Level 1,152,85,63,4,18,67
S01009948,Level 2,67,53,45,1,7,14
S01009948,Level 3,82,53,46,2,5,29
S01009948,Level 4 and above,92,67,51,10,6,25
S01009949,All people aged 16 and over,667,390,309,27,54,277
S01009949,No qualifications,215,60,41,4,15,155
S01009949,Level 1,154,106,83,4,19,48
S01009949,Level 2,95,66,54,6,6,29
S01009949,Level 3,62,46,34,3,9,16
S01009949,Level 4 and above,141,112,97,10,5,29
S01009950,All people aged 16 and over,593,389,290,76,23,204
S01009950,No qualifications,74,21,13,5,3,53
S01009950,Level 1,70,37,23,11,3,33
S01009950,Level 2,99,64,50,9,5,35
S01009950,Level 3,34,23,18,3,2,11
S01009950,Level 4 and above,316,244,186,48,10,72
S01009951,All people aged 16 and over,615,397,260,114,23,218
S01009951,No qualifications,74,27,15,8,4,47
S01009951,Level 1,63,24,12,8,4,39
S01009951,Level 2,72,39,30,5,4,33
S01009951,Level 3,42,35,24,8,3,7
S01009951,Level 4 and above,364,272,179,85,8,92
S01009952,All people aged 16 and over,599,368,308,43,17,231
S01009952,No qualifications,104,29,25,2,2,75
S01009952,Level 1,84,41,32,5,4,43
S01009952,Level 2,82,54,41,8,5,28
S01009952,Level 3,59,39,32,6,1,20
S01009952,Level 4 and above,270,205,178,22,5,65
S01009953,All people aged 16 and over,734,469,383,61,25,265
S01009953,No qualifications,131,43,32,7,4,88
S01009953,Level 1,112,69,54,10,5,43
S01009953,Level 2,103,65,56,5,4,38
S01009953,Level 3,59,47,38,4,5,12
S01009953,Level 4 and above,329,245,203,35,7,84
S01009954,All people aged 16 and over,511,324,227,65,32,187
S01009954,No qualifications,90,33,19,12,2,57
S01009954,Level 1,92,52,34,11,7,40
S01009954,Level 2,83,52,34,10,8,31
S01009954,Level 3,45,38,26,4,8,7
S01009954,Level 4 and above,201,149,114,28,7,52
S01009955,All people aged 16 and over,854,485,393,51,41,369
S01009955,No qualifications,259,55,40,8,7,204
S01009955,Level 1,134,84,64,11,9,50
S01009955,Level 2,111,81,65,7,9,30
S01009955,Level 3,72,54,43,3,8,18
S01009955,Level 4 and above,278,211,181,22,8,67
S01009956,All people aged 16 and over,617,357,274,43,40,260
S01009956,No qualifications,170,48,36,6,6,122
S01009956,Level 1,133,82,64,4,14,51
S01009956,Level 2,85,53,39,12,2,32
S01009956,Level 3,56,45,33,6,6,11
S01009956,Level 4 and above,173,129,102,15,12,44
S01009957,All people aged 16 and over,611,400,303,86,11,211
S01009957,No qualifications,74,16,10,4,2,58
S01009957,Level 1,64,38,24,11,3,26
S01009957,Level 2,81,52,36,14,2,29
S01009957,Level 3,47,29,22,6,1,18
S01009957,Level 4 and above,345,265,211,51,3,80
S01009958,All people aged 16 and over,747,539,446,75,18,208
S01009958,No qualifications,103,34,26,8,0,69
S01009958,Level 1,109,68,51,10,7,41
S01009958,Level 2,96,73,58,10,5,23
S01009958,Level 3,64,48,40,5,3,16
S01009958,Level 4 and above,375,316,271,42,3,59
S01009959,All people aged 16 and over,556,307,224,67,16,249
S01009959,No qualifications,91,23,15,6,2,68
S01009959,Level 1,87,48,34,9,5,39
S01009959,Level 2,81,49,38,5,6,32
S01009959,Level 3,42,27,23,4,0,15
S01009959,Level 4 and above,255,160,114,43,3,95
S01009960,All people aged 16 and over,758,418,339,64,15,340
S01009960,No qualifications,161,31,16,14,1,130
S01009960,Level 1,101,38,26,11,1,63
S01009960,Level 2,111,65,58,3,4,46
S01009960,Level 3,57,44,36,5,3,13
S01009960,Level 4 and above,328,240,203,31,6,88
S01009961,All people aged 16 and over,580,339,265,47,27,241
S01009961,No qualifications,155,46,33,8,5,109
S01009961,Level 1,122,79,63,6,10,43
S01009961,Level 2,97,68,52,11,5,29
S01009961,Level 3,59,41,31,6,4,18
S01009961,Level 4 and above,147,105,86,16,3,42
S01009962,All people aged 16 and over,888,612,525,50,37,276
S01009962,No qualifications,188,67,51,6,10,121
S01009962,Level 1,152,104,84,12,8,48
S01009962,Level 2,147,118,100,12,6,29
S01009962,Level 3,113,84,75,3,6,29
S01009962,Level 4 and above,288,239,215,17,7,49
S01009963,All people aged 16 and over,665,442,373,58,11,223
S01009963,No qualifications,120,36,25,9,2,84
S01009963,Level 1,131,86,73,11,2,45
S01009963,Level 2,138,106,89,15,2,32
S01009963,Level 3,60,48,41,6,1,12
S01009963,Level 4 and above,216,166,145,17,4,50
S01009964,All people aged 16 and over,743,516,426,64,26,227
S01009964,No qualifications,116,38,27,7,4,78
S01009964,Level 1,106,68,51,10,7,38
S01009964,Level 2,121,78,61,12,5,43
S01009964,Level 3,76,60,50,6,4,16
S01009964,Level 4 and above,324,272,237,29,6,52
S01009965,All people aged 16 and over,613,401,335,39,27,212
S01009965,No qualifications,168,63,44,12,7,105
S01009965,Level 1,132,94,79,7,8,38
S01009965,Level 2,101,82,70,5,7,19
S01009965,Level 3,57,40,33,4,3,17
S01009965,Level 4 and above,155,122,109,11,2,33
S01009966,All people aged 16 and over,645,435,372,32,31,210
S01009966,No qualifications,156,65,50,10,5,91
S01009966,Level 1,172,123,95,14,14,49
S01009966,Level 2,121,99,87,4,8,22
S01009966,Level 3,69,55,50,2,3,14
S01009966,Level 4 and above,127,93,90,2,1,34
S01009967,All people aged 16 and over,700,453,373,63,17,247
S01009967,No qualifications,106,26,18,8,0,80
S01009967,Level 1,98,60,37,15,8,38
S01009967,Level 2,95,68,58,7,3,27
S01009967,Level 3,68,53,41,11,1,15
S01009967,Level 4 and above,333,246,219,22,5,87
S01009968,All people aged 16 and over,523,344,291,34,19,179
S01009968,No qualifications,152,54,39,11,4,98
S01009968,Level 1,123,88,72,9,7,35
S01009968,Level 2,91,72,64,3,5,19
S01009968,Level 3,45,41,37,2,2,4
S01009968,Level 4 and above,112,89,79,9,1,23
S01009969,All people aged 16 and over,700,408,318,66,24,292
S01009969,No qualifications,144,34,18,11,5,110
S01009969,Level 1,124,71,54,11,6,53
S01009969,Level 2,108,74,59,11,4,34
S01009969,Level 3,81,56,42,12,2,25
S01009969,Level 4 and above,243,173,145,21,7,70
S01009970,All people aged 16 and over,733,378,277,21,80,355
S01009970,No qualifications,325,87,53,7,27,238
S01009970,Level 1,207,138,98,7,33,69
S01009970,Level 2,75,57,44,1,12,18
S01009970,Level 3,71,53,45,3,5,18
S01009970,Level 4 and above,55,43,37,3,3,12
S01009971,All people aged 16 and over,860,525,398,42,85,335
S01009971,No qualifications,376,155,105,18,32,221
S01009971,Level 1,238,173,129,11,33,65
S01009971,Level 2,77,57,44,6,7,20
S01009971,Level 3,75,60,49,2,9,15
S01009971,Level 4 and above,94,80,71,5,4,14
S01009972,All people aged 16 and over,680,397,328,42,27,283
S01009972,No qualifications,243,68,51,12,5,175
S01009972,Level 1,154,109,82,15,12,45
S01009972,Level 2,85,64,57,5,2,21
S01009972,Level 3,69,51,42,6,3,18
S01009972,Level 4 and above,129,105,96,4,5,24
S01009973,All people aged 16 and over,565,391,333,26,32,174
S01009973,No qualifications,195,94,76,3,15,101
S01009973,Level 1,180,135,115,11,9,45
S01009973,Level 2,67,55,46,5,4,12
S01009973,Level 3,52,45,42,1,2,7
S01009973,Level 4 and above,71,62,54,6,2,9
S01009974,All people aged 16 and over,468,244,183,10,51,224
S01009974,No qualifications,233,73,51,4,18,160
S01009974,Level 1,130,93,71,3,19,37
S01009974,Level 2,49,37,29,0,8,12
S01009974,Level 3,41,31,25,2,4,10
S01009974,Level 4 and above,15,10,7,1,2,5
S01009975,All people aged 16 and over,629,267,195,15,57,362
S01009975,No qualifications,334,78,51,7,20,256
S01009975,Level 1,157,90,64,3,23,67
S01009975,Level 2,54,39,32,3,4,15
S01009975,Level 3,42,29,24,0,5,13
S01009975,Level 4 and above,42,31,24,2,5,11
S01009976,All people aged 16 and over,385,213,173,10,30,172
S01009976,No qualifications,184,72,51,6,15,112
S01009976,Level 1,114,83,72,3,8,31
S01009976,Level 2,27,26,21,1,4,1
S01009976,Level 3,33,21,20,0,1,12
S01009976,Level 4 and above,27,11,9,0,2,16
S01009977,All people aged 16 and over,813,325,236,11,78,488
S01009977,No qualifications,487,122,88,4,30,365
S01009977,Level 1,184,111,76,2,33,73
S01009977,Level 2,49,33,23,1,9,16
S01009977,Level 3,43,27,22,1,4,16
S01009977,Level 4 and above,50,32,27,3,2,18
S01009978,All people aged 16 and over,773,441,340,22,79,332
S01009978,No qualifications,339,139,102,6,31,200
S01009978,Level 1,217,144,111,4,29,73
S01009978,Level 2,85,57,42,4,11,28
S01009978,Level 3,66,50,41,5,4,16
S01009978,Level 4 and above,66,51,44,3,4,15
S01009979,All people aged 16 and over,516,209,160,6,43,307
S01009979,No qualifications,328,83,62,3,18,245
S01009979,Level 1,92,62,45,1,16,30
S01009979,Level 2,37,22,16,1,5,15
S01009979,Level 3,24,21,17,0,4,3
S01009979,Level 4 and above,35,21,20,1,0,14
S01009980,All people aged 16 and over,541,231,168,5,58,310
S01009980,No qualifications,261,81,59,1,21,180
S01009980,Level 1,170,94,65,3,26,76
S01009980,Level 2,53,28,21,0,7,25
S01009980,Level 3,28,16,15,0,1,12
S01009980,Level 4 and above,29,12,8,1,3,17
S01009981,All people aged 16 and over,532,301,223,12,66,231
S01009981,No qualifications,248,92,66,4,22,156
S01009981,Level 1,159,120,85,4,31,39
S01009981,Level 2,52,35,29,0,6,17
S01009981,Level 3,36,27,19,2,6,9
S01009981,Level 4 and above,37,27,24,2,1,10
S01009982,All people aged 16 and over,767,497,390,39,68,270
S01009982,No qualifications,277,115,75,14,26,162
S01009982,Level 1,242,179,138,12,29,63
S01009982,Level 2,94,79,66,5,8,15
S01009982,Level 3,62,49,45,2,2,13
S01009982,Level 4 and above,92,75,66,6,3,17
S01009983,All people aged 16 and over,426,228,156,6,66,198
S01009983,No qualifications,194,67,43,0,24,127
S01009983,Level 1,123,83,53,1,29,40
S01009983,Level 2,29,14,9,2,3,15
S01009983,Level 3,32,22,19,0,3,10
S01009983,Level 4 and above,48,42,32,3,7,6
S01009984,All people aged 16 and over,580,388,299,34,55,192
S01009984,No qualifications,214,96,65,9,22,118
S01009984,Level 1,157,117,92,11,14,40
S01009984,Level 2,74,58,49,5,4,16
S01009984,Level 3,57,52,40,6,6,5
S01009984,Level 4 and above,78,65,53,3,9,13
S01009985,All people aged 16 and over,467,268,188,14,66,199
S01009985,No qualifications,192,80,55,4,21,112
S01009985,Level 1,147,91,57,6,28,56
S01009985,Level 2,62,47,39,2,6,15
S01009985,Level 3,32,22,18,1,3,10
S01009985,Level 4 and above,34,28,19,1,8,6
S01009986,All people aged 16 and over,446,208,146,6,56,238
S01009986,No qualifications,222,67,44,4,19,155
S01009986,Level 1,116,69,45,0,24,47
S01009986,Level 2,37,25,22,0,3,12
S01009986,Level 3,36,22,15,2,5,14
S01009986,Level 4 and above,35,25,20,0,5,10
S01009987,All people aged 16 and over,747,370,290,21,59,377
S01009987,No qualifications,401,109,78,10,21,292
S01009987,Level 1,170,123,99,4,20,47
S01009987,Level 2,76,59,48,2,9,17
S01009987,Level 3,45,34,29,1,4,11
S01009987,Level 4 and above,55,45,36,4,5,10
S01009988,All people aged 16 and over,447,195,144,5,46,252
S01009988,No qualifications,247,68,49,2,17,179
S01009988,Level 1,85,52,33,1,18,33
S01009988,Level 2,45,27,23,0,4,18
S01009988,Level 3,36,21,18,0,3,15
S01009988,Level 4 and above,34,27,21,2,4,7
S01009989,All people aged 16 and over,670,434,356,27,51,236
S01009989,No qualifications,223,89,68,8,13,134
S01009989,Level 1,175,132,109,7,16,43
S01009989,Level 2,89,60,47,2,11,29
S01009989,Level 3,81,68,57,5,6,13
S01009989,Level 4 and above,102,85,75,5,5,17
S01009990,All people aged 16 and over,553,401,343,22,36,152
S01009990,No qualifications,147,65,52,5,8,82
S01009990,Level 1,161,124,106,7,11,37
S01009990,Level 2,94,84,72,2,10,10
S01009990,Level 3,73,61,49,5,7,12
S01009990,Level 4 and above,78,67,64,3,0,11
S01009991,All people aged 16 and over,625,458,387,26,45,167
S01009991,No qualifications,150,79,65,2,12,71
S01009991,Level 1,184,136,108,7,21,48
S01009991,Level 2,104,84,68,11,5,20
S01009991,Level 3,81,70,65,2,3,11
S01009991,Level 4 and above,106,89,81,4,4,17
S01009992,All people aged 16 and over,573,283,207,14,62,290
S01009992,No qualifications,303,92,59,6,27,211
S01009992,Level 1,139,86,57,3,26,53
S01009992,Level 2,57,46,35,3,8,11
S01009992,Level 3,32,26,24,1,1,6
S01009992,Level 4 and above,42,33,32,1,0,9
S01009993,All people aged 16 and over,659,492,416,44,32,167
S01009993,No qualifications,162,82,67,9,6,80
S01009993,Level 1,167,130,105,15,10,37
S01009993,Level 2,104,87,74,5,8,17
S01009993,Level 3,92,79,69,6,4,13
S01009993,Level 4 and above,134,114,101,9,4,20
S01009994,All people aged 16 and over,532,385,333,27,25,147
S01009994,No qualifications,119,53,42,7,4,66
S01009994,Level 1,144,108,94,7,7,36
S01009994,Level 2,92,74,61,6,7,18
S01009994,Level 3,58,48,46,1,1,10
S01009994,Level 4 and above,119,102,90,6,6,17
S01009995,All people aged 16 and over,535,398,340,27,31,137
S01009995,No qualifications,122,69,55,8,6,53
S01009995,Level 1,161,127,110,6,11,34
S01009995,Level 2,90,68,61,3,4,22
S01009995,Level 3,72,59,51,3,5,13
S01009995,Level 4 and above,90,75,63,7,5,15
S01009996,All people aged 16 and over,572,394,330,25,39,178
S01009996,No qualifications,149,72,55,7,10,77
S01009996,Level 1,158,115,91,6,18,43
S01009996,Level 2,84,66,56,4,6,18
S01009996,Level 3,70,55,51,3,1,15
S01009996,Level 4 and above,111,86,77,5,4,25
S01009997,All people aged 16 and over,470,340,288,21,31,130
S01009997,No qualifications,117,59,49,5,5,58
S01009997,Level 1,116,85,69,4,12,31
S01009997,Level 2,82,64,54,3,7,18
S01009997,Level 3,60,49,41,3,5,11
S01009997,Level 4 and above,95,83,75,6,2,12
S01009998,All people aged 16 and over,524,298,224,47,27,226
S01009998,No qualifications,130,38,23,11,4,92
S01009998,Level 1,95,62,44,10,8,33
S01009998,Level 2,104,66,48,12,6,38
S01009998,Level 3,46,36,28,4,4,10
S01009998,Level 4 and above,149,96,81,10,5,53
S01009999,All people aged 16 and over,597,369,310,28,31,228
S01009999,No qualifications,133,48,43,2,3,85
S01009999,Level 1,125,73,59,5,9,52
S01009999,Level 2,109,80,67,3,10,29
S01009999,Level 3,67,54,47,4,3,13
S01009999,Level 4 and above,163,114,94,14,6,49
S01010000,All people aged 16 and over,491,362,300,25,37,129
S01010000,No qualifications,120,62,48,9,5,58
S01010000,Level 1,125,95,76,4,15,30
S01010000,Level 2,74,60,50,3,7,14
S01010000,Level 3,67,58,49,4,5,9
S01010000,Level 4 and above,105,87,77,5,5,18
S01010001,All people aged 16 and over,617,406,343,29,34,211
S01010001,No qualifications,161,61,48,2,11,100
S01010001,Level 1,136,100,82,10,8,36
S01010001,Level 2,109,83,75,3,5,26
S01010001,Level 3,61,50,43,5,2,11
S01010001,Level 4 and above,150,112,95,9,8,38
S01010002,All people aged 16 and over,644,438,369,30,39,206
S01010002,No qualifications,175,79,60,9,10,96
S01010002,Level 1,178,123,102,7,14,55
S01010002,Level 2,106,81,73,2,6,25
S01010002,Level 3,72,59,48,5,6,13
S01010002,Level 4 and above,113,96,86,7,3,17
S01010003,All people aged 16 and over,571,393,335,34,24,178
S01010003,No qualifications,144,59,45,10,4,85
S01010003,Level 1,146,100,87,8,5,46
S01010003,Level 2,96,76,68,3,5,20
S01010003,Level 3,56,45,38,5,2,11
S01010003,Level 4 and above,129,113,97,8,8,16
S01010004,All people aged 16 and over,617,393,313,40,40,224
S01010004,No qualifications,109,37,24,5,8,72
S01010004,Level 1,121,72,47,11,14,49
S01010004,Level 2,120,77,63,7,7,43
S01010004,Level 3,55,43,37,3,3,12
S01010004,Level 4 and above,212,164,142,14,8,48
S01010005,All people aged 16 and over,682,479,386,31,62,203
S01010005,No qualifications,185,61,38,5,18,124
S01010005,Level 1,123,92,72,7,13,31
S01010005,Level 2,84,75,60,4,11,9
S01010005,Level 3,89,71,60,4,7,18
S01010005,Level 4 and above,201,180,156,11,13,21
S01010006,All people aged 16 and over,810,560,493,24,43,250
S01010006,No qualifications,196,41,29,1,11,155
S01010006,Level 1,126,90,74,2,14,36
S01010006,Level 2,114,91,78,5,8,23
S01010006,Level 3,94,81,75,3,3,13
S01010006,Level 4 and above,280,257,237,13,7,23
S01010007,All people aged 16 and over,805,553,473,56,24,252
S01010007,No qualifications,142,47,36,7,4,95
S01010007,Level 1,140,92,74,13,5,48
S01010007,Level 2,137,101,87,9,5,36
S01010007,Level 3,89,72,61,7,4,17
S01010007,Level 4 and above,297,241,215,20,6,56
S01010008,All people aged 16 and over,567,413,352,33,28,154
S01010008,No qualifications,99,34,22,5,7,65
S01010008,Level 1,96,67,51,7,9,29
S01010008,Level 2,77,58,51,5,2,19
S01010008,Level 3,66,53,46,5,2,13
S01010008,Level 4 and above,229,201,182,11,8,28
S01010009,All people aged 16 and over,528,423,359,29,35,105
S01010009,No qualifications,83,27,19,2,6,56
S01010009,Level 1,103,81,71,2,8,22
S01010009,Level 2,80,69,57,6,6,11
S01010009,Level 3,70,65,56,5,4,5
S01010009,Level 4 and above,192,181,156,14,11,11
S01010010,All people aged 16 and over,858,575,472,71,32,283
S01010010,No qualifications,127,43,29,9,5,84
S01010010,Level 1,139,85,66,12,7,54
S01010010,Level 2,133,100,86,10,4,33
S01010010,Level 3,82,61,52,6,3,21
S01010010,Level 4 and above,377,286,239,34,13,91
S01010011,All people aged 16 and over,703,415,352,25,38,288
S01010011,No qualifications,236,44,32,3,9,192
S01010011,Level 1,80,45,31,3,11,35
S01010011,Level 2,63,44,33,4,7,19
S01010011,Level 3,72,59,51,4,4,13
S01010011,Level 4 and above,252,223,205,11,7,29
S01010012,All people aged 16 and over,685,428,359,43,26,257
S01010012,No qualifications,183,73,54,11,8,110
S01010012,Level 1,150,90,73,8,9,60
S01010012,Level 2,108,81,68,8,5,27
S01010012,Level 3,73,57,53,3,1,16
S01010012,Level 4 and above,171,127,111,13,3,44
S01010013,All people aged 16 and over,698,518,430,41,47,180
S01010013,No qualifications,126,41,27,6,8,85
S01010013,Level 1,108,77,62,5,10,31
S01010013,Level 2,103,83,66,7,10,20
S01010013,Level 3,81,70,53,6,11,11
S01010013,Level 4 and above,280,247,222,17,8,33
S01010014,All people aged 16 and over,874,616,488,82,46,258
S01010014,No qualifications,198,53,42,7,4,145
S01010014,Level 1,101,67,48,5,14,34
S01010014,Level 2,116,91,70,13,8,25
S01010014,Level 3,101,85,67,8,10,16
S01010014,Level 4 and above,358,320,261,49,10,38
S01010015,All people aged 16 and over,711,555,445,58,52,156
S01010015,No qualifications,81,33,20,8,5,48
S01010015,Level 1,102,68,45,8,15,34
S01010015,Level 2,110,79,62,6,11,31
S01010015,Level 3,74,63,52,5,6,11
S01010015,Level 4 and above,344,312,266,31,15,32
S01010016,All people aged 16 and over,611,328,277,21,30,283
S01010016,No qualifications,258,71,51,7,13,187
S01010016,Level 1,165,108,87,9,12,57
S01010016,Level 2,82,73,65,4,4,9
S01010016,Level 3,39,25,25,0,0,14
S01010016,Level 4 and above,67,51,49,1,1,16
S01010017,All people aged 16 and over,606,347,267,17,63,259
S01010017,No qualifications,266,96,70,8,18,170
S01010017,Level 1,172,117,85,5,27,55
S01010017,Level 2,76,58,51,0,7,18
S01010017,Level 3,36,32,26,3,3,4
S01010017,Level 4 and above,56,44,35,1,8,12
S01010018,All people aged 16 and over,798,418,365,24,29,380
S01010018,No qualifications,368,95,83,3,9,273
S01010018,Level 1,175,125,109,7,9,50
S01010018,Level 2,88,64,51,9,4,24
S01010018,Level 3,72,60,53,3,4,12
S01010018,Level 4 and above,95,74,69,2,3,21
S01010019,All people aged 16 and over,586,293,224,10,59,293
S01010019,No qualifications,290,76,56,5,15,214
S01010019,Level 1,157,106,77,3,26,51
S01010019,Level 2,52,39,27,2,10,13
S01010019,Level 3,36,31,30,0,1,5
S01010019,Level 4 and above,51,41,34,0,7,10
S01010020,All people aged 16 and over,627,350,302,21,27,277
S01010020,No qualifications,293,94,75,7,12,199
S01010020,Level 1,145,104,88,7,9,41
S01010020,Level 2,76,56,53,1,2,20
S01010020,Level 3,52,43,38,2,3,9
S01010020,Level 4 and above,61,53,48,4,1,8
S01010021,All people aged 16 and over,624,305,200,23,82,319
S01010021,No qualifications,274,80,41,12,27,194
S01010021,Level 1,164,102,66,2,34,62
S01010021,Level 2,52,34,27,1,6,18
S01010021,Level 3,42,28,19,1,8,14
S01010021,Level 4 and above,92,61,47,7,7,31
S01010022,All people aged 16 and over,773,415,315,32,68,358
S01010022,No qualifications,319,81,63,6,12,238
S01010022,Level 1,175,117,76,11,30,58
S01010022,Level 2,68,48,37,2,9,20
S01010022,Level 3,85,54,43,2,9,31
S01010022,Level 4 and above,126,115,96,11,8,11
S01010023,All people aged 16 and over,536,212,154,9,49,324
S01010023,No qualifications,311,66,42,2,22,245
S01010023,Level 1,110,67,54,5,8,43
S01010023,Level 2,44,25,16,0,9,19
S01010023,Level 3,45,36,32,0,4,9
S01010023,Level 4 and above,26,18,10,2,6,8
S01010024,All people aged 16 and over,625,363,298,14,51,262
S01010024,No qualifications,244,82,63,3,16,162
S01010024,Level 1,105,60,50,2,8,45
S01010024,Level 2,66,47,34,1,12,19
S01010024,Level 3,64,50,45,1,4,14
S01010024,Level 4 and above,146,124,106,7,11,22
S01010025,All people aged 16 and over,471,231,162,22,47,240
S01010025,No qualifications,209,48,27,5,16,161
S01010025,Level 1,85,46,33,2,11,39
S01010025,Level 2,41,33,20,4,9,8
S01010025,Level 3,50,32,24,4,4,18
S01010025,Level 4 and above,86,72,58,7,7,14
S01010026,All people aged 16 and over,758,477,382,30,65,281
S01010026,No qualifications,248,76,49,4,23,172
S01010026,Level 1,144,103,76,5,22,41
S01010026,Level 2,101,62,55,2,5,39
S01010026,Level 3,82,64,53,5,6,18
S01010026,Level 4 and above,183,172,149,14,9,11
S01010027,All people aged 16 and over,761,480,396,29,55,281
S01010027,No qualifications,217,62,47,3,12,155
S01010027,Level 1,111,73,48,8,17,38
S01010027,Level 2,103,69,55,1,13,34
S01010027,Level 3,83,62,52,0,10,21
S01010027,Level 4 and above,247,214,194,17,3,33
S01010028,All people aged 16 and over,547,283,221,21,41,264
S01010028,No qualifications,239,50,36,3,11,189
S01010028,Level 1,95,61,39,5,17,34
S01010028,Level 2,37,23,22,0,1,14
S01010028,Level 3,37,31,26,2,3,6
S01010028,Level 4 and above,139,118,98,11,9,21
S01010029,All people aged 16 and over,574,217,174,11,32,357
S01010029,No qualifications,311,57,41,3,13,254
S01010029,Level 1,115,66,52,4,10,49
S01010029,Level 2,43,25,22,1,2,18
S01010029,Level 3,45,25,21,1,3,20
S01010029,Level 4 and above,60,44,38,2,4,16
S01010030,All people aged 16 and over,704,501,428,27,46,203
S01010030,No qualifications,130,33,28,1,4,97
S01010030,Level 1,119,88,72,5,11,31
S01010030,Level 2,78,53,43,1,9,25
S01010030,Level 3,88,69,58,1,10,19
S01010030,Level 4 and above,289,258,227,19,12,31
S01010031,All people aged 16 and over,730,549,438,45,66,181
S01010031,No qualifications,70,33,10,5,18,37
S01010031,Level 1,81,54,35,4,15,27
S01010031,Level 2,119,83,72,5,6,36
S01010031,Level 3,70,56,49,3,4,14
S01010031,Level 4 and above,390,323,272,28,23,67
S01010032,All people aged 16 and over,804,479,371,24,84,325
S01010032,No qualifications,99,21,11,2,8,78
S01010032,Level 1,113,49,33,3,13,64
S01010032,Level 2,124,83,65,2,16,41
S01010032,Level 3,201,115,78,9,28,86
S01010032,Level 4 and above,267,211,184,8,19,56
S01010033,All people aged 16 and over,769,463,351,33,79,306
S01010033,No qualifications,241,83,53,9,21,158
S01010033,Level 1,135,81,62,5,14,54
S01010033,Level 2,86,69,56,3,10,17
S01010033,Level 3,77,50,35,3,12,27
S01010033,Level 4 and above,230,180,145,13,22,50
S01010034,All people aged 16 and over,882,431,354,15,62,451
S01010034,No qualifications,342,69,47,2,20,273
S01010034,Level 1,146,95,75,4,16,51
S01010034,Level 2,111,72,60,3,9,39
S01010034,Level 3,121,81,71,0,10,40
S01010034,Level 4 and above,162,114,101,6,7,48
S01010035,All people aged 16 and over,573,301,213,14,74,272
S01010035,No qualifications,235,64,43,1,20,171
S01010035,Level 1,96,55,44,1,10,41
S01010035,Level 2,53,36,26,1,9,17
S01010035,Level 3,49,38,28,2,8,11
S01010035,Level 4 and above,140,108,72,9,27,32
S01010036,All people aged 16 and over,767,572,446,46,80,195
S01010036,No qualifications,39,24,15,6,3,15
S01010036,Level 1,63,43,33,1,9,20
S01010036,Level 2,160,102,78,5,19,58
S01010036,Level 3,129,101,85,9,7,28
S01010036,Level 4 and above,376,302,235,25,42,74
S01010037,All people aged 16 and over,565,234,186,10,38,331
S01010037,No qualifications,326,71,46,5,20,255
S01010037,Level 1,92,52,42,2,8,40
S01010037,Level 2,44,30,25,1,4,14
S01010037,Level 3,37,25,22,0,3,12
S01010037,Level 4 and above,66,56,51,2,3,10
S01010038,All people aged 16 and over,867,448,366,32,50,419
S01010038,No qualifications,380,101,76,12,13,279
S01010038,Level 1,149,98,84,2,12,51
S01010038,Level 2,103,70,61,6,3,33
S01010038,Level 3,89,65,52,5,8,24
S01010038,Level 4 and above,146,114,93,7,14,32
S01010039,All people aged 16 and over,931,669,558,59,52,262
S01010039,No qualifications,57,14,7,4,3,43
S01010039,Level 1,89,64,47,6,11,25
S01010039,Level 2,207,120,99,6,15,87
S01010039,Level 3,83,65,49,9,7,18
S01010039,Level 4 and above,495,406,356,34,16,89
S01010040,All people aged 16 and over,666,484,388,46,50,182
S01010040,No qualifications,137,56,42,4,10,81
S01010040,Level 1,115,80,55,7,18,35
S01010040,Level 2,104,81,71,6,4,23
S01010040,Level 3,84,71,56,7,8,13
S01010040,Level 4 and above,226,196,164,22,10,30
S01010041,All people aged 16 and over,627,401,339,33,29,226
S01010041,No qualifications,125,28,20,3,5,97
S01010041,Level 1,57,35,25,5,5,22
S01010041,Level 2,118,70,58,5,7,48
S01010041,Level 3,62,46,38,3,5,16
S01010041,Level 4 and above,265,222,198,17,7,43
S01010042,All people aged 16 and over,974,717,583,44,90,257
S01010042,No qualifications,174,67,40,6,21,107
S01010042,Level 1,184,140,103,13,24,44
S01010042,Level 2,127,100,88,6,6,27
S01010042,Level 3,137,119,95,3,21,18
S01010042,Level 4 and above,352,291,257,16,18,61
S01010043,All people aged 16 and over,656,404,305,16,83,252
S01010043,No qualifications,269,89,58,1,30,180
S01010043,Level 1,121,89,59,3,27,32
S01010043,Level 2,67,51,39,4,8,16
S01010043,Level 3,68,58,48,3,7,10
S01010043,Level 4 and above,131,117,101,5,11,14
S01010044,All people aged 16 and over,993,584,485,37,62,409
S01010044,No qualifications,388,96,67,7,22,292
S01010044,Level 1,204,142,124,6,12,62
S01010044,Level 2,89,68,58,4,6,21
S01010044,Level 3,92,82,66,8,8,10
S01010044,Level 4 and above,220,196,170,12,14,24
S01010045,All people aged 16 and over,418,179,140,7,32,239
S01010045,No qualifications,228,55,35,2,18,173
S01010045,Level 1,96,51,40,2,9,45
S01010045,Level 2,38,27,24,1,2,11
S01010045,Level 3,31,23,21,1,1,8
S01010045,Level 4 and above,25,23,20,1,2,2
S01010046,All people aged 16 and over,647,349,268,33,48,298
S01010046,No qualifications,292,86,58,15,13,206
S01010046,Level 1,177,118,92,6,20,59
S01010046,Level 2,48,36,25,4,7,12
S01010046,Level 3,44,36,31,1,4,8
S01010046,Level 4 and above,86,73,62,7,4,13
S01010047,All people aged 16 and over,694,317,239,16,62,377
S01010047,No qualifications,404,109,72,5,32,295
S01010047,Level 1,132,88,73,2,13,44
S01010047,Level 2,59,41,33,2,6,18
S01010047,Level 3,40,29,24,3,2,11
S01010047,Level 4 and above,59,50,37,4,9,9
S01010048,All people aged 16 and over,810,388,306,18,64,422
S01010048,No qualifications,422,111,82,5,24,311
S01010048,Level 1,180,124,93,2,29,56
S01010048,Level 2,84,55,45,3,7,29
S01010048,Level 3,52,40,35,1,4,12
S01010048,Level 4 and above,72,58,51,7,0,14
S01010049,All people aged 16 and over,604,317,241,11,65,287
S01010049,No qualifications,324,115,81,3,31,209
S01010049,Level 1,134,94,69,3,22,40
S01010049,Level 2,40,31,22,2,7,9
S01010049,Level 3,40,25,22,0,3,15
S01010049,Level 4 and above,66,52,47,3,2,14
S01010050,All people aged 16 and over,807,373,287,15,71,434
S01010050,No qualifications,424,107,75,2,30,317
S01010050,Level 1,164,115,85,6,24,49
S01010050,Level 2,67,42,31,3,8,25
S01010050,Level 3,54,40,36,0,4,14
S01010050,Level 4 and above,98,69,60,4,5,29
S01010051,All people aged 16 and over,606,269,209,14,46,337
S01010051,No qualifications,345,86,63,4,19,259
S01010051,Level 1,105,74,58,2,14,31
S01010051,Level 2,43,33,28,1,4,10
S01010051,Level 3,31,26,18,3,5,5
S01010051,Level 4 and above,82,50,42,4,4,32
S01010052,All people aged 16 and over,555,305,235,12,58,250
S01010052,No qualifications,266,93,64,5,24,173
S01010052,Level 1,114,70,54,0,16,44
S01010052,Level 2,47,31,24,1,6,16
S01010052,Level 3,40,36,30,0,6,4
S01010052,Level 4 and above,88,75,63,6,6,13
S01010053,All people aged 16 and over,700,400,321,22,57,300
S01010053,No qualifications,275,80,57,5,18,195
S01010053,Level 1,160,110,83,4,23,50
S01010053,Level 2,58,40,38,1,1,18
S01010053,Level 3,70,57,48,4,5,13
S01010053,Level 4 and above,137,113,95,8,10,24
S01010054,All people aged 16 and over,411,200,142,6,52,211
S01010054,No qualifications,247,89,58,3,28,158
S01010054,Level 1,99,60,39,2,19,39
S01010054,Level 2,17,14,13,0,1,3
S01010054,Level 3,21,17,14,0,3,4
S01010054,Level 4 and above,27,20,18,1,1,7
S01010055,All people aged 16 and over,961,500,384,32,84,461
S01010055,No qualifications,454,144,102,11,31,310
S01010055,Level 1,215,135,110,5,20,80
S01010055,Level 2,101,72,54,5,13,29
S01010055,Level 3,61,48,38,3,7,13
S01010055,Level 4 and above,130,101,80,8,13,29
S01010056,All people aged 16 and over,360,202,157,13,32,158
S01010056,No qualifications,178,76,56,5,15,102
S01010056,Level 1,115,75,58,5,12,40
S01010056,Level 2,23,17,13,2,2,6
S01010056,Level 3,25,19,18,0,1,6
S01010056,Level 4 and above,19,15,12,1,2,4
S01010057,All people aged 16 and over,334,197,160,11,26,137
S01010057,No qualifications,140,38,29,3,6,102
S01010057,Level 1,75,61,45,2,14,14
S01010057,Level 2,30,24,20,2,2,6
S01010057,Level 3,31,26,24,1,1,5
S01010057,Level 4 and above,58,48,42,3,3,10
S01010058,All people aged 16 and over,613,366,297,18,51,247
S01010058,No qualifications,274,121,93,4,24,153
S01010058,Level 1,154,100,78,6,16,54
S01010058,Level 2,61,49,43,1,5,12
S01010058,Level 3,46,39,35,3,1,7
S01010058,Level 4 and above,78,57,48,4,5,21
S01010059,All people aged 16 and over,548,372,304,23,45,176
S01010059,No qualifications,178,67,43,6,18,111
S01010059,Level 1,127,102,81,8,13,25
S01010059,Level 2,59,44,39,2,3,15
S01010059,Level 3,62,56,49,1,6,6
S01010059,Level 4 and above,122,103,92,6,5,19
S01010060,All people aged 16 and over,768,444,357,28,59,324
S01010060,No qualifications,345,134,101,13,20,211
S01010060,Level 1,164,108,82,7,19,56
S01010060,Level 2,91,72,63,1,8,19
S01010060,Level 3,60,45,36,2,7,15
S01010060,Level 4 and above,108,85,75,5,5,23
S01010061,All people aged 16 and over,419,295,240,24,31,124
S01010061,No qualifications,125,49,33,5,11,76
S01010061,Level 1,107,89,72,6,11,18
S01010061,Level 2,62,48,40,4,4,14
S01010061,Level 3,56,48,38,5,5,8
S01010061,Level 4 and above,69,61,57,4,0,8
S01010062,All people aged 16 and over,594,319,244,28,47,275
S01010062,No qualifications,253,75,56,6,13,178
S01010062,Level 1,155,99,76,7,16,56
S01010062,Level 2,62,54,42,4,8,8
S01010062,Level 3,59,44,37,3,4,15
S01010062,Level 4 and above,65,47,33,8,6,18
S01010063,All people aged 16 and over,854,475,361,25,89,379
S01010063,No qualifications,390,131,91,7,33,259
S01010063,Level 1,212,151,109,9,33,61
S01010063,Level 2,77,52,38,6,8,25
S01010063,Level 3,66,52,46,0,6,14
S01010063,Level 4 and above,109,89,77,3,9,20
S01010064,All people aged 16 and over,442,260,214,17,29,182
S01010064,No qualifications,174,57,42,5,10,117
S01010064,Level 1,109,79,64,6,9,30
S01010064,Level 2,63,43,37,3,3,20
S01010064,Level 3,44,38,36,1,1,6
S01010064,Level 4 and above,52,43,35,2,6,9
S01010065,All people aged 16 and over,709,372,314,21,37,337
S01010065,No qualifications,373,129,102,9,18,244
S01010065,Level 1,170,113,91,8,14,57
S01010065,Level 2,66,56,52,0,4,10
S01010065,Level 3,42,35,31,4,0,7
S01010065,Level 4 and above,58,39,38,0,1,19
S01010066,All people aged 16 and over,608,301,227,20,54,307
S01010066,No qualifications,297,91,66,8,17,206
S01010066,Level 1,161,108,79,3,26,53
S01010066,Level 2,55,40,32,3,5,15
S01010066,Level 3,45,32,27,1,4,13
S01010066,Level 4 and above,50,30,23,5,2,20
S01010067,All people aged 16 and over,468,255,170,14,71,213
S01010067,No qualifications,246,91,55,5,31,155
S01010067,Level 1,109,76,50,2,24,33
S01010067,Level 2,39,27,18,2,7,12
S01010067,Level 3,39,35,27,3,5,4
S01010067,Level 4 and above,35,26,20,2,4,9
S01010068,All people aged 16 and over,524,316,259,25,32,208
S01010068,No qualifications,189,50,31,12,7,139
S01010068,Level 1,114,82,69,6,7,32
S01010068,Level 2,67,58,52,1,5,9
S01010068,Level 3,48,45,38,2,5,3
S01010068,Level 4 and above,106,81,69,4,8,25
S01010069,All people aged 16 and over,698,511,442,47,22,187
S01010069,No qualifications,203,97,80,13,4,106
S01010069,Level 1,183,146,123,15,8,37
S01010069,Level 2,117,99,88,6,5,18
S01010069,Level 3,84,69,62,4,3,15
S01010069,Level 4 and above,111,100,89,9,2,11
S01010070,All people aged 16 and over,556,431,368,48,15,125
S01010070,No qualifications,140,82,62,19,1,58
S01010070,Level 1,174,150,129,13,8,24
S01010070,Level 2,109,94,84,6,4,15
S01010070,Level 3,55,47,42,4,1,8
S01010070,Level 4 and above,78,58,51,6,1,20
S01010071,All people aged 16 and over,680,399,320,47,32,281
S01010071,No qualifications,254,82,62,14,6,172
S01010071,Level 1,173,126,89,18,19,47
S01010071,Level 2,84,61,55,4,2,23
S01010071,Level 3,68,54,45,7,2,14
S01010071,Level 4 and above,101,76,69,4,3,25
S01010072,All people aged 16 and over,693,421,358,29,34,272
S01010072,No qualifications,296,119,100,9,10,177
S01010072,Level 1,152,110,91,7,12,42
S01010072,Level 2,105,81,68,3,10,24
S01010072,Level 3,52,43,40,1,2,9
S01010072,Level 4 and above,88,68,59,9,0,20
S01010073,All people aged 16 and over,671,383,339,33,11,288
S01010073,No qualifications,241,65,48,14,3,176
S01010073,Level 1,138,94,82,10,2,44
S01010073,Level 2,108,80,71,6,3,28
S01010073,Level 3,53,45,43,1,1,8
S01010073,Level 4 and above,131,99,95,2,2,32
S01010074,All people aged 16 and over,694,385,326,37,22,309
S01010074,No qualifications,228,69,55,12,2,159
S01010074,Level 1,153,94,78,9,7,59
S01010074,Level 2,96,74,65,5,4,22
S01010074,Level 3,69,53,47,2,4,16
S01010074,Level 4 and above,148,95,81,9,5,53
S01010075,All people aged 16 and over,541,252,215,12,25,289
S01010075,No qualifications,291,83,66,6,11,208
S01010075,Level 1,114,70,62,2,6,44
S01010075,Level 2,51,40,32,3,5,11
S01010075,Level 3,42,32,30,0,2,10
S01010075,Level 4 and above,43,27,25,1,1,16
S01010076,All people aged 16 and over,553,333,272,29,32,220
S01010076,No qualifications,226,81,62,9,10,145
S01010076,Level 1,163,118,93,7,18,45
S01010076,Level 2,66,50,43,4,3,16
S01010076,Level 3,41,36,33,3,0,5
S01010076,Level 4 and above,57,48,41,6,1,9
S01010077,All people aged 16 and over,511,260,214,24,22,251
S01010077,No qualifications,259,81,64,9,8,178
S01010077,Level 1,116,83,70,6,7,33
S01010077,Level 2,54,36,27,3,6,18
S01010077,Level 3,28,24,22,1,1,4
S01010077,Level 4 and above,54,36,31,5,0,18
S01010078,All people aged 16 and over,510,364,311,33,20,146
S01010078,No qualifications,133,61,49,9,3,72
S01010078,Level 1,138,111,95,8,8,27
S01010078,Level 2,98,77,66,5,6,21
S01010078,Level 3,45,38,33,4,1,7
S01010078,Level 4 and above,96,77,68,7,2,19
S01010079,All people aged 16 and over,793,501,397,83,21,292
S01010079,No qualifications,201,58,35,21,2,143
S01010079,Level 1,157,105,81,20,4,52
S01010079,Level 2,144,107,88,13,6,37
S01010079,Level 3,70,56,47,6,3,14
S01010079,Level 4 and above,221,175,146,23,6,46
S01010080,All people aged 16 and over,577,328,273,37,18,249
S01010080,No qualifications,175,55,38,14,3,120
S01010080,Level 1,131,82,64,11,7,49
S01010080,Level 2,75,55,49,3,3,20
S01010080,Level 3,71,50,46,3,1,21
S01010080,Level 4 and above,125,86,76,6,4,39
S01010081,All people aged 16 and over,617,349,272,63,14,268
S01010081,No qualifications,185,64,46,15,3,121
S01010081,Level 1,115,69,54,11,4,46
S01010081,Level 2,95,65,52,11,2,30
S01010081,Level 3,77,54,42,11,1,23
S01010081,Level 4 and above,145,97,78,15,4,48
S01010082,All people aged 16 and over,742,467,369,62,36,275
S01010082,No qualifications,202,58,43,8,7,144
S01010082,Level 1,188,136,106,18,12,52
S01010082,Level 2,103,78,59,8,11,25
S01010082,Level 3,82,63,45,15,3,19
S01010082,Level 4 and above,167,132,116,13,3,35
S01010083,All people aged 16 and over,609,311,247,23,41,298
S01010083,No qualifications,277,83,60,10,13,194
S01010083,Level 1,157,102,83,4,15,55
S01010083,Level 2,88,63,53,4,6,25
S01010083,Level 3,46,34,28,1,5,12
S01010083,Level 4 and above,41,29,23,4,2,12
S01010084,All people aged 16 and over,750,390,334,16,40,360
S01010084,No qualifications,337,92,75,4,13,245
S01010084,Level 1,197,130,114,5,11,67
S01010084,Level 2,87,70,61,5,4,17
S01010084,Level 3,69,57,51,0,6,12
S01010084,Level 4 and above,60,41,33,2,6,19
S01010085,All people aged 16 and over,657,415,352,35,28,242
S01010085,No qualifications,201,80,59,12,9,121
S01010085,Level 1,135,96,80,6,10,39
S01010085,Level 2,120,93,78,9,6,27
S01010085,Level 3,75,53,49,3,1,22
S01010085,Level 4 and above,126,93,86,5,2,33
S01010086,All people aged 16 and over,778,391,314,25,52,387
S01010086,No qualifications,393,129,104,7,18,264
S01010086,Level 1,217,140,108,9,23,77
S01010086,Level 2,81,59,50,5,4,22
S01010086,Level 3,51,38,33,2,3,13
S01010086,Level 4 and above,36,25,19,2,4,11
S01010087,All people aged 16 and over,506,284,228,43,13,222
S01010087,No qualifications,150,44,30,12,2,106
S01010087,Level 1,131,84,62,17,5,47
S01010087,Level 2,72,49,41,5,3,23
S01010087,Level 3,56,36,29,5,2,20
S01010087,Level 4 and above,97,71,66,4,1,26
S01010088,All people aged 16 and over,612,525,428,77,20,87
S01010088,No qualifications,95,58,39,16,3,37
S01010088,Level 1,150,121,92,20,9,29
S01010088,Level 2,76,65,55,8,2,11
S01010088,Level 3,77,74,63,9,2,3
S01010088,Level 4 and above,214,207,179,24,4,7
S01010089,All people aged 16 and over,618,336,277,26,33,282
S01010089,No qualifications,247,77,60,8,9,170
S01010089,Level 1,165,116,95,11,10,49
S01010089,Level 2,69,47,35,6,6,22
S01010089,Level 3,63,50,45,0,5,13
S01010089,Level 4 and above,74,46,42,1,3,28
S01010090,All people aged 16 and over,875,617,532,52,33,258
S01010090,No qualifications,240,91,72,9,10,149
S01010090,Level 1,211,176,148,15,13,35
S01010090,Level 2,158,124,106,14,4,34
S01010090,Level 3,95,85,80,3,2,10
S01010090,Level 4 and above,171,141,126,11,4,30
S01010091,All people aged 16 and over,674,529,429,56,44,145
S01010091,No qualifications,167,94,69,16,9,73
S01010091,Level 1,174,151,120,14,17,23
S01010091,Level 2,99,82,66,7,9,17
S01010091,Level 3,85,72,58,8,6,13
S01010091,Level 4 and above,149,130,116,11,3,19
S01010092,All people aged 16 and over,822,355,292,21,42,467
S01010092,No qualifications,420,97,72,10,15,323
S01010092,Level 1,181,104,82,4,18,77
S01010092,Level 2,75,47,39,5,3,28
S01010092,Level 3,55,41,36,0,5,14
S01010092,Level 4 and above,91,66,63,2,1,25
S01010093,All people aged 16 and over,731,475,393,41,41,256
S01010093,No qualifications,231,90,62,17,11,141
S01010093,Level 1,171,116,97,8,11,55
S01010093,Level 2,115,90,72,7,11,25
S01010093,Level 3,87,73,67,3,3,14
S01010093,Level 4 and above,127,106,95,6,5,21
S01010094,All people aged 16 and over,564,357,312,28,17,207
S01010094,No qualifications,175,59,51,6,2,116
S01010094,Level 1,141,104,88,8,8,37
S01010094,Level 2,73,57,53,1,3,16
S01010094,Level 3,62,53,47,4,2,9
S01010094,Level 4 and above,113,84,73,9,2,29
S01010095,All people aged 16 and over,594,394,332,40,22,200
S01010095,No qualifications,151,60,44,14,2,91
S01010095,Level 1,162,116,96,14,6,46
S01010095,Level 2,100,77,66,7,4,23
S01010095,Level 3,65,52,50,1,1,13
S01010095,Level 4 and above,116,89,76,4,9,27
S01010096,All people aged 16 and over,617,419,356,35,28,198
S01010096,No qualifications,138,52,44,7,1,86
S01010096,Level 1,187,136,109,16,11,51
S01010096,Level 2,116,86,73,9,4,30
S01010096,Level 3,56,45,36,1,8,11
S01010096,Level 4 and above,120,100,94,2,4,20
S01010097,All people aged 16 and over,603,387,316,35,36,216
S01010097,No qualifications,176,64,49,8,7,112
S01010097,Level 1,162,112,91,7,14,50
S01010097,Level 2,97,78,60,11,7,19
S01010097,Level 3,70,58,51,3,4,12
S01010097,Level 4 and above,98,75,65,6,4,23
S01010098,All people aged 16 and over,600,392,329,41,22,208
S01010098,No qualifications,164,63,47,11,5,101
S01010098,Level 1,159,115,99,11,5,44
S01010098,Level 2,109,87,71,7,9,22
S01010098,Level 3,59,45,39,5,1,14
S01010098,Level 4 and above,109,82,73,7,2,27
S01010099,All people aged 16 and over,592,363,306,37,20,229
S01010099,No qualifications,156,46,37,7,2,110
S01010099,Level 1,124,84,68,10,6,40
S01010099,Level 2,115,90,75,10,5,25
S01010099,Level 3,72,51,43,4,4,21
S01010099,Level 4 and above,125,92,83,6,3,33
S01010100,All people aged 16 and over,766,442,373,49,20,324
S01010100,No qualifications,277,91,69,16,6,186
S01010100,Level 1,197,138,114,16,8,59
S01010100,Level 2,109,75,67,5,3,34
S01010100,Level 3,74,51,48,2,1,23
S01010100,Level 4 and above,109,87,75,10,2,22
S01010101,All people aged 16 and over,644,402,341,37,24,242
S01010101,No qualifications,252,100,79,13,8,152
S01010101,Level 1,158,114,93,12,9,44
S01010101,Level 2,93,76,62,8,6,17
S01010101,Level 3,56,47,45,2,0,9
S01010101,Level 4 and above,85,65,62,2,1,20
S01010102,All people aged 16 and over,749,592,516,44,32,157
S01010102,No qualifications,146,90,73,9,8,56
S01010102,Level 1,193,160,136,17,7,33
S01010102,Level 2,157,121,107,7,7,36
S01010102,Level 3,72,64,58,2,4,8
S01010102,Level 4 and above,181,157,142,9,6,24
S01010103,All people aged 16 and over,774,637,518,77,42,137
S01010103,No qualifications,158,101,76,17,8,57
S01010103,Level 1,235,206,159,34,13,29
S01010103,Level 2,143,123,96,15,12,20
S01010103,Level 3,89,76,70,3,3,13
S01010103,Level 4 and above,149,131,117,8,6,18
S01010104,All people aged 16 and over,554,458,387,47,24,96
S01010104,No qualifications,102,67,51,13,3,35
S01010104,Level 1,159,130,102,15,13,29
S01010104,Level 2,99,82,71,7,4,17
S01010104,Level 3,80,74,64,8,2,6
S01010104,Level 4 and above,114,105,99,4,2,9
S01010105,All people aged 16 and over,313,205,161,7,37,108
S01010105,No qualifications,133,65,46,3,16,68
S01010105,Level 1,90,66,47,3,16,24
S01010105,Level 2,41,34,32,0,2,7
S01010105,Level 3,28,24,23,0,1,4
S01010105,Level 4 and above,21,16,13,1,2,5
S01010106,All people aged 16 and over,357,183,144,10,29,174
S01010106,No qualifications,190,76,54,6,16,114
S01010106,Level 1,97,61,49,1,11,36
S01010106,Level 2,34,20,17,1,2,14
S01010106,Level 3,14,9,9,0,0,5
S01010106,Level 4 and above,22,17,15,2,0,5
S01010107,All people aged 16 and over,647,378,301,26,51,269
S01010107,No qualifications,270,122,94,6,22,148
S01010107,Level 1,183,127,99,7,21,56
S01010107,Level 2,113,63,51,7,5,50
S01010107,Level 3,33,27,22,2,3,6
S01010107,Level 4 and above,48,39,35,4,0,9
S01010108,All people aged 16 and over,623,367,297,34,36,256
S01010108,No qualifications,340,143,117,13,13,197
S01010108,Level 1,126,89,71,7,11,37
S01010108,Level 2,55,49,39,4,6,6
S01010108,Level 3,61,52,42,6,4,9
S01010108,Level 4 and above,41,34,28,4,2,7
S01010109,All people aged 16 and over,659,404,326,27,51,255
S01010109,No qualifications,266,103,83,6,14,163
S01010109,Level 1,161,124,92,9,23,37
S01010109,Level 2,73,54,44,5,5,19
S01010109,Level 3,58,43,37,2,4,15
S01010109,Level 4 and above,101,80,70,5,5,21
S01010110,All people aged 16 and over,684,322,254,14,54,362
S01010110,No qualifications,412,136,105,6,25,276
S01010110,Level 1,144,92,68,2,22,52
S01010110,Level 2,46,32,28,2,2,14
S01010110,Level 3,48,36,31,2,3,12
S01010110,Level 4 and above,34,26,22,2,2,8
S01010111,All people aged 16 and over,754,388,276,23,89,366
S01010111,No qualifications,394,138,97,5,36,256
S01010111,Level 1,206,127,88,6,33,79
S01010111,Level 2,62,45,32,3,10,17
S01010111,Level 3,50,43,33,3,7,7
S01010111,Level 4 and above,42,35,26,6,3,7
S01010112,All people aged 16 and over,728,399,290,21,88,329
S01010112,No qualifications,344,135,97,6,32,209
S01010112,Level 1,208,137,98,7,32,71
S01010112,Level 2,73,50,37,2,11,23
S01010112,Level 3,57,46,33,1,12,11
S01010112,Level 4 and above,46,31,25,5,1,15
S01010113,All people aged 16 and over,395,225,169,10,46,170
S01010113,No qualifications,179,71,53,4,14,108
S01010113,Level 1,115,73,48,5,20,42
S01010113,Level 2,44,31,25,0,6,13
S01010113,Level 3,25,22,18,0,4,3
S01010113,Level 4 and above,32,28,25,1,2,4
S01010114,All people aged 16 and over,614,289,216,10,63,325
S01010114,No qualifications,334,114,90,3,21,220
S01010114,Level 1,164,98,64,2,32,66
S01010114,Level 2,52,31,25,2,4,21
S01010114,Level 3,31,24,18,1,5,7
S01010114,Level 4 and above,33,22,19,2,1,11
S01010115,All people aged 16 and over,486,359,293,38,28,127
S01010115,No qualifications,182,110,80,19,11,72
S01010115,Level 1,147,120,98,12,10,27
S01010115,Level 2,58,46,40,3,3,12
S01010115,Level 3,58,49,44,2,3,9
S01010115,Level 4 and above,41,34,31,2,1,7
S01010116,All people aged 16 and over,794,618,527,45,46,176
S01010116,No qualifications,204,124,97,18,9,80
S01010116,Level 1,224,182,158,6,18,42
S01010116,Level 2,121,101,88,5,8,20
S01010116,Level 3,108,97,86,6,5,11
S01010116,Level 4 and above,137,114,98,10,6,23
S01010117,All people aged 16 and over,502,397,327,44,26,105
S01010117,No qualifications,96,50,33,10,7,46
S01010117,Level 1,130,105,82,13,10,25
S01010117,Level 2,58,50,45,5,0,8
S01010117,Level 3,56,50,46,3,1,6
S01010117,Level 4 and above,162,142,121,13,8,20
S01010118,All people aged 16 and over,478,228,162,9,57,250
S01010118,No qualifications,281,98,69,3,26,183
S01010118,Level 1,108,73,46,4,23,35
S01010118,Level 2,35,21,17,0,4,14
S01010118,Level 3,29,16,13,0,3,13
S01010118,Level 4 and above,25,20,17,2,1,5
S01010119,All people aged 16 and over,389,265,196,10,59,124
S01010119,No qualifications,164,87,51,4,32,77
S01010119,Level 1,110,80,61,3,16,30
S01010119,Level 2,44,35,35,0,0,9
S01010119,Level 3,33,30,24,0,6,3
S01010119,Level 4 and above,38,33,25,3,5,5
S01010120,All people aged 16 and over,772,423,303,15,105,349
S01010120,No qualifications,411,165,114,7,44,246
S01010120,Level 1,187,130,85,7,38,57
S01010120,Level 2,71,49,41,0,8,22
S01010120,Level 3,58,46,35,1,10,12
S01010120,Level 4 and above,45,33,28,0,5,12
S01010121,All people aged 16 and over,532,291,218,15,58,241
S01010121,No qualifications,286,112,73,6,33,174
S01010121,Level 1,140,105,82,7,16,35
S01010121,Level 2,45,32,27,1,4,13
S01010121,Level 3,40,27,22,1,4,13
S01010121,Level 4 and above,21,15,14,0,1,6
S01010122,All people aged 16 and over,380,162,113,6,43,218
S01010122,No qualifications,234,63,44,1,18,171
S01010122,Level 1,74,48,29,2,17,26
S01010122,Level 2,33,25,18,2,5,8
S01010122,Level 3,20,15,12,1,2,5
S01010122,Level 4 and above,19,11,10,0,1,8
S01010123,All people aged 16 and over,535,324,260,11,53,211
S01010123,No qualifications,228,84,61,3,20,144
S01010123,Level 1,147,113,90,2,21,34
S01010123,Level 2,61,46,39,2,5,15
S01010123,Level 3,51,42,35,2,5,9
S01010123,Level 4 and above,48,39,35,2,2,9
S01010124,All people aged 16 and over,506,368,307,23,38,138
S01010124,No qualifications,138,82,65,5,12,56
S01010124,Level 1,164,124,99,8,17,40
S01010124,Level 2,77,55,49,0,6,22
S01010124,Level 3,56,49,44,4,1,7
S01010124,Level 4 and above,71,58,50,6,2,13
S01010125,All people aged 16 and over,402,253,200,19,34,149
S01010125,No qualifications,159,73,58,2,13,86
S01010125,Level 1,110,74,50,10,14,36
S01010125,Level 2,49,38,33,2,3,11
S01010125,Level 3,35,27,22,2,3,8
S01010125,Level 4 and above,49,41,37,3,1,8
S01010126,All people aged 16 and over,593,394,318,41,35,199
S01010126,No qualifications,244,104,83,10,11,140
S01010126,Level 1,177,141,112,16,13,36
S01010126,Level 2,79,65,56,6,3,14
S01010126,Level 3,53,47,37,5,5,6
S01010126,Level 4 and above,40,37,30,4,3,3
S01010127,All people aged 16 and over,526,258,203,16,39,268
S01010127,No qualifications,268,71,55,5,11,197
S01010127,Level 1,118,76,60,4,12,42
S01010127,Level 2,61,48,41,2,5,13
S01010127,Level 3,37,31,21,3,7,6
S01010127,Level 4 and above,42,32,26,2,4,10
S01010128,All people aged 16 and over,343,181,132,5,44,162
S01010128,No qualifications,157,57,34,3,20,100
S01010128,Level 1,104,65,44,1,20,39
S01010128,Level 2,30,18,16,0,2,12
S01010128,Level 3,31,22,20,1,1,9
S01010128,Level 4 and above,21,19,18,0,1,2
S01010129,All people aged 16 and over,550,294,207,8,79,256
S01010129,No qualifications,275,113,67,4,42,162
S01010129,Level 1,155,101,69,2,30,54
S01010129,Level 2,40,28,24,1,3,12
S01010129,Level 3,37,25,23,1,1,12
S01010129,Level 4 and above,43,27,24,0,3,16
S01010130,All people aged 16 and over,341,158,121,13,24,183
S01010130,No qualifications,180,48,35,3,10,132
S01010130,Level 1,88,60,43,5,12,28
S01010130,Level 2,30,22,21,0,1,8
S01010130,Level 3,23,17,16,1,0,6
S01010130,Level 4 and above,20,11,6,4,1,9
S01010131,All people aged 16 and over,840,511,414,67,30,329
S01010131,No qualifications,295,94,74,14,6,201
S01010131,Level 1,209,154,120,21,13,55
S01010131,Level 2,126,100,88,8,4,26
S01010131,Level 3,89,77,62,11,4,12
S01010131,Level 4 and above,121,86,70,13,3,35
S01010132,All people aged 16 and over,809,359,281,16,62,450
S01010132,No qualifications,425,103,76,8,19,322
S01010132,Level 1,197,118,84,3,31,79
S01010132,Level 2,70,46,40,0,6,24
S01010132,Level 3,48,39,38,0,1,9
S01010132,Level 4 and above,69,53,43,5,5,16
S01010133,All people aged 16 and over,607,270,215,15,40,337
S01010133,No qualifications,322,85,59,6,20,237
S01010133,Level 1,126,76,62,3,11,50
S01010133,Level 2,61,41,35,2,4,20
S01010133,Level 3,40,29,26,0,3,11
S01010133,Level 4 and above,58,39,33,4,2,19
S01010134,All people aged 16 and over,840,425,346,30,49,415
S01010134,No qualifications,438,129,99,7,23,309
S01010134,Level 1,194,125,95,11,19,69
S01010134,Level 2,82,62,54,5,3,20
S01010134,Level 3,50,42,39,0,3,8
S01010134,Level 4 and above,76,67,59,7,1,9
S01010135,All people aged 16 and over,639,297,251,13,33,342
S01010135,No qualifications,340,114,99,3,12,226
S01010135,Level 1,151,83,64,4,15,68
S01010135,Level 2,60,43,35,5,3,17
S01010135,Level 3,39,23,21,1,1,16
S01010135,Level 4 and above,49,34,32,0,2,15
S01010136,All people aged 16 and over,679,405,335,32,38,274
S01010136,No qualifications,260,89,67,7,15,171
S01010136,Level 1,197,139,115,10,14,58
S01010136,Level 2,78,54,48,1,5,24
S01010136,Level 3,57,51,42,8,1,6
S01010136,Level 4 and above,87,72,63,6,3,15
S01010137,All people aged 16 and over,849,400,331,21,48,449
S01010137,No qualifications,399,80,65,5,10,319
S01010137,Level 1,176,114,94,5,15,62
S01010137,Level 2,92,67,56,3,8,25
S01010137,Level 3,74,62,48,3,11,12
S01010137,Level 4 and above,108,77,68,5,4,31
S01010138,All people aged 16 and over,841,352,233,21,98,489
S01010138,No qualifications,417,95,54,7,34,322
S01010138,Level 1,195,128,84,8,36,67
S01010138,Level 2,69,36,28,2,6,33
S01010138,Level 3,59,32,25,1,6,27
S01010138,Level 4 and above,101,61,42,3,16,40
S01010139,All people aged 16 and over,897,466,375,29,62,431
S01010139,No qualifications,419,123,95,7,21,296
S01010139,Level 1,203,142,111,10,21,61
S01010139,Level 2,108,79,68,5,6,29
S01010139,Level 3,74,57,46,1,10,17
S01010139,Level 4 and above,93,65,55,6,4,28
S01010140,All people aged 16 and over,596,452,381,26,45,144
S01010140,No qualifications,159,83,64,4,15,76
S01010140,Level 1,208,170,142,10,18,38
S01010140,Level 2,70,58,50,4,4,12
S01010140,Level 3,53,43,38,4,1,10
S01010140,Level 4 and above,106,98,87,4,7,8
S01010141,All people aged 16 and over,662,333,264,20,49,329
S01010141,No qualifications,341,115,87,5,23,226
S01010141,Level 1,139,85,65,5,15,54
S01010141,Level 2,64,44,40,4,0,20
S01010141,Level 3,45,34,28,2,4,11
S01010141,Level 4 and above,73,55,44,4,7,18
S01010142,All people aged 16 and over,491,308,234,24,50,183
S01010142,No qualifications,198,85,57,8,20,113
S01010142,Level 1,122,89,66,6,17,33
S01010142,Level 2,68,54,45,4,5,14
S01010142,Level 3,53,45,38,1,6,8
S01010142,Level 4 and above,50,35,28,5,2,15
S01010143,All people aged 16 and over,632,301,250,25,26,331
S01010143,No qualifications,335,97,78,12,7,238
S01010143,Level 1,139,80,71,3,6,59
S01010143,Level 2,55,47,35,2,10,8
S01010143,Level 3,51,38,32,5,1,13
S01010143,Level 4 and above,52,39,34,3,2,13
S01010144,All people aged 16 and over,575,390,309,24,57,185
S01010144,No qualifications,179,79,51,8,20,100
S01010144,Level 1,158,112,95,6,11,46
S01010144,Level 2,71,57,48,1,8,14
S01010144,Level 3,62,51,35,4,12,11
S01010144,Level 4 and above,105,91,80,5,6,14
S01010145,All people aged 16 and over,650,379,309,27,43,271
S01010145,No qualifications,245,90,71,11,8,155
S01010145,Level 1,189,134,106,9,19,55
S01010145,Level 2,60,36,29,1,6,24
S01010145,Level 3,62,43,34,4,5,19
S01010145,Level 4 and above,94,76,69,2,5,18
S01010146,All people aged 16 and over,627,394,282,22,90,233
S01010146,No qualifications,271,112,78,7,27,159
S01010146,Level 1,176,129,88,4,37,47
S01010146,Level 2,59,49,36,4,9,10
S01010146,Level 3,58,52,43,3,6,6
S01010146,Level 4 and above,63,52,37,4,11,11
S01010147,All people aged 16 and over,746,410,287,26,97,336
S01010147,No qualifications,350,138,88,7,43,212
S01010147,Level 1,228,144,95,7,42,84
S01010147,Level 2,69,46,35,4,7,23
S01010147,Level 3,48,39,34,0,5,9
S01010147,Level 4 and above,51,43,35,8,0,8
S01010148,All people aged 16 and over,601,317,235,15,67,284
S01010148,No qualifications,322,123,86,9,28,199
S01010148,Level 1,132,86,59,1,26,46
S01010148,Level 2,43,30,26,1,3,13
S01010148,Level 3,46,34,27,2,5,12
S01010148,Level 4 and above,58,44,37,2,5,14
S01010149,All people aged 16 and over,496,296,254,29,13,200
S01010149,No qualifications,205,52,40,8,4,153
S01010149,Level 1,111,91,71,14,6,20
S01010149,Level 2,58,46,41,4,1,12
S01010149,Level 3,43,37,35,1,1,6
S01010149,Level 4 and above,79,70,67,2,1,9
S01010150,All people aged 16 and over,540,234,181,21,32,306
S01010150,No qualifications,324,83,60,10,13,241
S01010150,Level 1,103,66,50,6,10,37
S01010150,Level 2,58,38,32,3,3,20
S01010150,Level 3,26,21,15,2,4,5
S01010150,Level 4 and above,29,26,24,0,2,3
S01010151,All people aged 16 and over,550,216,167,10,39,334
S01010151,No qualifications,322,68,48,3,17,254
S01010151,Level 1,121,73,56,5,12,48
S01010151,Level 2,39,29,25,0,4,10
S01010151,Level 3,33,22,15,2,5,11
S01010151,Level 4 and above,35,24,23,0,1,11
S01010152,All people aged 16 and over,736,393,323,17,53,343
S01010152,No qualifications,353,100,80,8,12,253
S01010152,Level 1,153,117,97,1,19,36
S01010152,Level 2,93,72,58,1,13,21
S01010152,Level 3,59,43,38,2,3,16
S01010152,Level 4 and above,78,61,50,5,6,17
S01010153,All people aged 16 and over,825,386,317,26,43,439
S01010153,No qualifications,422,108,84,12,12,314
S01010153,Level 1,176,117,89,8,20,59
S01010153,Level 2,72,49,42,1,6,23
S01010153,Level 3,67,54,49,2,3,13
S01010153,Level 4 and above,88,58,53,3,2,30
S01010154,All people aged 16 and over,783,310,273,11,26,473
S01010154,No qualifications,431,93,83,4,6,338
S01010154,Level 1,164,94,80,4,10,70
S01010154,Level 2,68,35,33,0,2,33
S01010154,Level 3,49,38,32,2,4,11
S01010154,Level 4 and above,71,50,45,1,4,21
S01010155,All people aged 16 and over,664,298,245,22,31,366
S01010155,No qualifications,346,84,71,5,8,262
S01010155,Level 1,167,107,82,7,18,60
S01010155,Level 2,58,35,29,2,4,23
S01010155,Level 3,31,28,27,0,1,3
S01010155,Level 4 and above,62,44,36,8,0,18
S01010156,All people aged 16 and over,477,218,163,24,31,259
S01010156,No qualifications,259,72,47,10,15,187
S01010156,Level 1,93,56,41,6,9,37
S01010156,Level 2,48,36,30,2,4,12
S01010156,Level 3,25,16,13,2,1,9
S01010156,Level 4 and above,52,38,32,4,2,14
S01010157,All people aged 16 and over,487,228,153,10,65,259
S01010157,No qualifications,282,82,54,4,24,200
S01010157,Level 1,121,80,49,2,29,41
S01010157,Level 2,35,29,20,2,7,6
S01010157,Level 3,23,15,11,1,3,8
S01010157,Level 4 and above,26,22,19,1,2,4
S01010158,All people aged 16 and over,790,387,321,24,42,403
S01010158,No qualifications,390,95,75,7,13,295
S01010158,Level 1,184,125,109,6,10,59
S01010158,Level 2,69,54,42,6,6,15
S01010158,Level 3,62,50,41,1,8,12
S01010158,Level 4 and above,85,63,54,4,5,22
S01010159,All people aged 16 and over,628,282,232,24,26,346
S01010159,No qualifications,328,70,62,5,3,258
S01010159,Level 1,123,83,63,8,12,40
S01010159,Level 2,72,52,44,4,4,20
S01010159,Level 3,47,31,26,1,4,16
S01010159,Level 4 and above,58,46,37,6,3,12
S01010160,All people aged 16 and over,473,272,178,26,68,201
S01010160,No qualifications,187,76,40,7,29,111
S01010160,Level 1,90,64,30,7,27,26
S01010160,Level 2,39,24,17,5,2,15
S01010160,Level 3,67,36,32,2,2,31
S01010160,Level 4 and above,90,72,59,5,8,18
S01010161,All people aged 16 and over,484,332,269,27,36,152
S01010161,No qualifications,191,92,71,5,16,99
S01010161,Level 1,151,120,96,13,11,31
S01010161,Level 2,64,51,44,5,2,13
S01010161,Level 3,29,25,24,1,0,4
S01010161,Level 4 and above,49,44,34,3,7,5
S01010162,All people aged 16 and over,639,310,205,13,92,329
S01010162,No qualifications,325,97,50,6,41,228
S01010162,Level 1,173,109,74,2,33,64
S01010162,Level 2,44,32,23,1,8,12
S01010162,Level 3,50,32,25,2,5,18
S01010162,Level 4 and above,47,40,33,2,5,7
S01010163,All people aged 16 and over,465,234,176,13,45,231
S01010163,No qualifications,216,64,42,7,15,152
S01010163,Level 1,123,72,58,1,13,51
S01010163,Level 2,48,38,27,0,11,10
S01010163,Level 3,43,31,27,1,3,12
S01010163,Level 4 and above,35,29,22,4,3,6
S01010164,All people aged 16 and over,628,314,242,24,48,314
S01010164,No qualifications,324,99,70,9,20,225
S01010164,Level 1,153,105,78,8,19,48
S01010164,Level 2,66,46,40,2,4,20
S01010164,Level 3,39,32,26,4,2,7
S01010164,Level 4 and above,46,32,28,1,3,14
S01010165,All people aged 16 and over,490,256,194,7,55,234
S01010165,No qualifications,242,87,70,1,16,155
S01010165,Level 1,121,80,55,1,24,41
S01010165,Level 2,45,36,26,2,8,9
S01010165,Level 3,37,26,24,0,2,11
S01010165,Level 4 and above,45,27,19,3,5,18
S01010166,All people aged 16 and over,606,314,255,18,41,292
S01010166,No qualifications,329,108,83,7,18,221
S01010166,Level 1,135,99,75,8,16,36
S01010166,Level 2,65,49,45,1,3,16
S01010166,Level 3,40,26,23,0,3,14
S01010166,Level 4 and above,37,32,29,2,1,5
S01010167,All people aged 16 and over,692,302,231,16,55,390
S01010167,No qualifications,414,110,81,7,22,304
S01010167,Level 1,150,92,68,5,19,58
S01010167,Level 2,50,37,30,1,6,13
S01010167,Level 3,43,32,26,1,5,11
S01010167,Level 4 and above,35,31,26,2,3,4
S01010168,All people aged 16 and over,397,261,200,20,41,136
S01010168,No qualifications,163,66,41,6,19,97
S01010168,Level 1,114,91,73,8,10,23
S01010168,Level 2,52,45,35,3,7,7
S01010168,Level 3,31,25,19,2,4,6
S01010168,Level 4 and above,37,34,32,1,1,3
S01010169,All people aged 16 and over,666,412,313,28,71,254
S01010169,No qualifications,296,121,80,7,34,175
S01010169,Level 1,202,150,110,11,29,52
S01010169,Level 2,56,45,38,3,4,11
S01010169,Level 3,55,49,44,2,3,6
S01010169,Level 4 and above,57,47,41,5,1,10
S01010170,All people aged 16 and over,435,253,201,17,35,182
S01010170,No qualifications,210,84,68,6,10,126
S01010170,Level 1,120,87,60,8,19,33
S01010170,Level 2,41,35,31,1,3,6
S01010170,Level 3,34,28,28,0,0,6
S01010170,Level 4 and above,30,19,14,2,3,11
S01010171,All people aged 16 and over,783,399,278,12,109,384
S01010171,No qualifications,440,149,86,10,53,291
S01010171,Level 1,188,132,86,2,44,56
S01010171,Level 2,63,47,38,0,9,16
S01010171,Level 3,51,39,37,0,2,12
S01010171,Level 4 and above,41,32,31,0,1,9
S01010172,All people aged 16 and over,624,271,217,20,34,353
S01010172,No qualifications,341,69,50,6,13,272
S01010172,Level 1,94,58,42,4,12,36
S01010172,Level 2,58,42,37,1,4,16
S01010172,Level 3,39,30,25,1,4,9
S01010172,Level 4 and above,92,72,63,8,1,20
S01010173,All people aged 16 and over,639,333,275,27,31,306
S01010173,No qualifications,283,85,70,6,9,198
S01010173,Level 1,149,94,72,9,13,55
S01010173,Level 2,77,55,49,3,3,22
S01010173,Level 3,45,33,27,5,1,12
S01010173,Level 4 and above,85,66,57,4,5,19
S01010174,All people aged 16 and over,1309,382,298,29,55,927
S01010174,No qualifications,588,84,60,8,16,504
S01010174,Level 1,391,126,93,11,22,265
S01010174,Level 2,134,67,58,3,6,67
S01010174,Level 3,91,47,39,3,5,44
S01010174,Level 4 and above,105,58,48,4,6,47
S01010175,All people aged 16 and over,384,214,174,14,26,170
S01010175,No qualifications,169,59,47,2,10,110
S01010175,Level 1,103,72,56,6,10,31
S01010175,Level 2,37,21,18,2,1,16
S01010175,Level 3,31,28,24,2,2,3
S01010175,Level 4 and above,44,34,29,2,3,10
S01010176,All people aged 16 and over,590,279,231,20,28,311
S01010176,No qualifications,292,76,58,4,14,216
S01010176,Level 1,122,79,63,8,8,43
S01010176,Level 2,50,35,31,3,1,15
S01010176,Level 3,51,40,34,4,2,11
S01010176,Level 4 and above,75,49,45,1,3,26
S01010177,All people aged 16 and over,571,308,213,16,79,263
S01010177,No qualifications,283,113,72,6,35,170
S01010177,Level 1,173,106,71,6,29,67
S01010177,Level 2,47,29,21,2,6,18
S01010177,Level 3,32,30,24,1,5,2
S01010177,Level 4 and above,36,30,25,1,4,6
S01010178,All people aged 16 and over,739,415,303,16,96,324
S01010178,No qualifications,359,140,81,8,51,219
S01010178,Level 1,198,133,104,3,26,65
S01010178,Level 2,72,53,45,0,8,19
S01010178,Level 3,59,51,42,2,7,8
S01010178,Level 4 and above,51,38,31,3,4,13
S01010179,All people aged 16 and over,690,345,275,11,59,345
S01010179,No qualifications,412,154,124,1,29,258
S01010179,Level 1,139,93,78,2,13,46
S01010179,Level 2,48,38,32,1,5,10
S01010179,Level 3,31,27,21,2,4,4
S01010179,Level 4 and above,60,33,20,5,8,27
S01010180,All people aged 16 and over,399,294,232,24,38,105
S01010180,No qualifications,141,75,53,8,14,66
S01010180,Level 1,80,64,54,5,5,16
S01010180,Level 2,36,33,27,0,6,3
S01010180,Level 3,54,44,32,8,4,10
S01010180,Level 4 and above,88,78,66,3,9,10
S01010181,All people aged 16 and over,489,254,175,19,60,235
S01010181,No qualifications,263,95,53,11,31,168
S01010181,Level 1,122,80,54,6,20,42
S01010181,Level 2,43,36,31,0,5,7
S01010181,Level 3,26,18,17,0,1,8
S01010181,Level 4 and above,35,25,20,2,3,10
S01010182,All people aged 16 and over,580,411,342,43,26,169
S01010182,No qualifications,196,99,74,20,5,97
S01010182,Level 1,129,99,85,9,5,30
S01010182,Level 2,79,65,57,4,4,14
S01010182,Level 3,69,63,55,2,6,6
S01010182,Level 4 and above,107,85,71,8,6,22
S01010183,All people aged 16 and over,391,182,145,10,27,209
S01010183,No qualifications,215,58,43,4,11,157
S01010183,Level 1,91,63,46,5,12,28
S01010183,Level 2,33,23,22,0,1,10
S01010183,Level 3,23,19,18,0,1,4
S01010183,Level 4 and above,29,19,16,1,2,10
S01010184,All people aged 16 and over,517,280,212,11,57,237
S01010184,No qualifications,268,97,71,4,22,171
S01010184,Level 1,132,95,67,3,25,37
S01010184,Level 2,42,34,27,2,5,8
S01010184,Level 3,32,23,21,1,1,9
S01010184,Level 4 and above,43,31,26,1,4,12
S01010185,All people aged 16 and over,487,265,203,16,46,222
S01010185,No qualifications,254,85,63,5,17,169
S01010185,Level 1,138,101,72,6,23,37
S01010185,Level 2,42,34,28,2,4,8
S01010185,Level 3,29,23,20,2,1,6
S01010185,Level 4 and above,24,22,20,1,1,2
S01010186,All people aged 16 and over,523,369,308,35,26,154
S01010186,No qualifications,160,87,69,14,4,73
S01010186,Level 1,147,113,92,6,15,34
S01010186,Level 2,75,60,52,4,4,15
S01010186,Level 3,36,28,26,1,1,8
S01010186,Level 4 and above,105,81,69,10,2,24
S01010187,All people aged 16 and over,548,416,357,31,28,132
S01010187,No qualifications,158,81,68,7,6,77
S01010187,Level 1,154,130,114,9,7,24
S01010187,Level 2,95,82,69,5,8,13
S01010187,Level 3,59,54,42,5,7,5
S01010187,Level 4 and above,82,69,64,5,0,13
S01010188,All people aged 16 and over,610,426,351,50,25,184
S01010188,No qualifications,158,63,43,13,7,95
S01010188,Level 1,125,97,81,13,3,28
S01010188,Level 2,103,81,66,10,5,22
S01010188,Level 3,80,64,58,4,2,16
S01010188,Level 4 and above,144,121,103,10,8,23
S01010189,All people aged 16 and over,739,612,518,64,30,127
S01010189,No qualifications,124,81,67,10,4,43
S01010189,Level 1,196,171,139,19,13,25
S01010189,Level 2,117,93,79,7,7,24
S01010189,Level 3,104,88,76,9,3,16
S01010189,Level 4 and above,198,179,157,19,3,19
S01010190,All people aged 16 and over,581,476,379,70,27,105
S01010190,No qualifications,85,54,34,14,6,31
S01010190,Level 1,112,93,61,22,10,19
S01010190,Level 2,103,84,70,10,4,19
S01010190,Level 3,56,48,41,5,2,8
S01010190,Level 4 and above,225,197,173,19,5,28
S01010191,All people aged 16 and over,531,415,343,53,19,116
S01010191,No qualifications,119,64,50,13,1,55
S01010191,Level 1,142,116,96,13,7,26
S01010191,Level 2,80,66,55,9,2,14
S01010191,Level 3,70,59,48,9,2,11
S01010191,Level 4 and above,120,110,94,9,7,10
S01010192,All people aged 16 and over,631,507,436,44,27,124
S01010192,No qualifications,134,83,66,14,3,51
S01010192,Level 1,156,124,99,12,13,32
S01010192,Level 2,100,84,75,6,3,16
S01010192,Level 3,85,74,69,2,3,11
S01010192,Level 4 and above,156,142,127,10,5,14
S01010193,All people aged 16 and over,685,432,358,55,19,253
S01010193,No qualifications,179,68,55,8,5,111
S01010193,Level 1,158,118,97,16,5,40
S01010193,Level 2,90,68,54,12,2,22
S01010193,Level 3,79,66,58,6,2,13
S01010193,Level 4 and above,179,112,94,13,5,67
S01010194,All people aged 16 and over,548,284,226,18,40,264
S01010194,No qualifications,262,76,59,6,11,186
S01010194,Level 1,129,87,73,4,10,42
S01010194,Level 2,68,50,38,6,6,18
S01010194,Level 3,48,40,30,1,9,8
S01010194,Level 4 and above,41,31,26,1,4,10
S01010195,All people aged 16 and over,431,238,191,18,29,193
S01010195,No qualifications,200,72,58,5,9,128
S01010195,Level 1,99,68,56,5,7,31
S01010195,Level 2,63,48,38,3,7,15
S01010195,Level 3,28,20,16,1,3,8
S01010195,Level 4 and above,41,30,23,4,3,11
S01010196,All people aged 16 and over,634,318,244,9,65,316
S01010196,No qualifications,320,97,73,2,22,223
S01010196,Level 1,145,99,68,5,26,46
S01010196,Level 2,56,41,33,0,8,15
S01010196,Level 3,60,43,36,1,6,17
S01010196,Level 4 and above,53,38,34,1,3,15
S01010197,All people aged 16 and over,548,311,254,10,47,237
S01010197,No qualifications,282,117,92,4,21,165
S01010197,Level 1,113,78,59,2,17,35
S01010197,Level 2,72,50,42,0,8,22
S01010197,Level 3,42,36,32,3,1,6
S01010197,Level 4 and above,39,30,29,1,0,9
S01010198,All people aged 16 and over,850,411,316,29,66,439
S01010198,No qualifications,474,149,113,11,25,325
S01010198,Level 1,189,125,94,2,29,64
S01010198,Level 2,73,49,39,6,4,24
S01010198,Level 3,62,46,38,3,5,16
S01010198,Level 4 and above,52,42,32,7,3,10
S01010199,All people aged 16 and over,412,236,175,7,54,176
S01010199,No qualifications,213,83,60,2,21,130
S01010199,Level 1,105,76,56,2,18,29
S01010199,Level 2,41,34,26,1,7,7
S01010199,Level 3,28,21,17,0,4,7
S01010199,Level 4 and above,25,22,16,2,4,3
S01010200,All people aged 16 and over,580,290,239,20,31,290
S01010200,No qualifications,313,88,75,5,8,225
S01010200,Level 1,153,107,86,10,11,46
S01010200,Level 2,51,43,34,2,7,8
S01010200,Level 3,31,25,21,2,2,6
S01010200,Level 4 and above,32,27,23,1,3,5
S01010201,All people aged 16 and over,511,320,270,21,29,191
S01010201,No qualifications,222,92,75,7,10,130
S01010201,Level 1,160,124,100,10,14,36
S01010201,Level 2,51,43,40,1,2,8
S01010201,Level 3,50,38,33,2,3,12
S01010201,Level 4 and above,28,23,22,1,0,5
S01010202,All people aged 16 and over,535,288,189,12,87,247
S01010202,No qualifications,262,109,58,5,46,153
S01010202,Level 1,152,100,70,1,29,52
S01010202,Level 2,44,34,24,1,9,10
S01010202,Level 3,34,20,16,1,3,14
S01010202,Level 4 and above,43,25,21,4,0,18
S01010203,All people aged 16 and over,517,397,338,32,27,120
S01010203,No qualifications,146,77,61,10,6,69
S01010203,Level 1,152,127,107,8,12,25
S01010203,Level 2,83,67,56,5,6,16
S01010203,Level 3,55,48,45,2,1,7
S01010203,Level 4 and above,81,78,69,7,2,3
S01010204,All people aged 16 and over,628,314,245,8,61,314
S01010204,No qualifications,342,125,100,3,22,217
S01010204,Level 1,139,90,64,1,25,49
S01010204,Level 2,59,35,29,1,5,24
S01010204,Level 3,39,25,19,2,4,14
S01010204,Level 4 and above,49,39,33,1,5,10
S01010205,All people aged 16 and over,568,317,266,21,30,251
S01010205,No qualifications,263,93,73,7,13,170
S01010205,Level 1,130,94,76,4,14,36
S01010205,Level 2,57,43,41,2,0,14
S01010205,Level 3,39,29,22,5,2,10
S01010205,Level 4 and above,79,58,54,3,1,21
S01010206,All people aged 16 and over,341,72,40,3,29,269
S01010206,No qualifications,151,23,11,0,12,128
S01010206,Level 1,61,15,8,2,5,46
S01010206,Level 2,19,5,1,0,4,14
S01010206,Level 3,34,7,5,1,1,27
S01010206,Level 4 and above,76,22,15,0,7,54
S01010207,All people aged 16 and over,476,193,123,12,58,283
S01010207,No qualifications,203,49,33,4,12,154
S01010207,Level 1,125,64,35,4,25,61
S01010207,Level 2,33,17,10,0,7,16
S01010207,Level 3,49,26,22,2,2,23
S01010207,Level 4 and above,66,37,23,2,12,29
S01010208,All people aged 16 and over,794,521,438,33,50,273
S01010208,No qualifications,281,107,88,7,12,174
S01010208,Level 1,161,121,94,7,20,40
S01010208,Level 2,97,84,69,8,7,13
S01010208,Level 3,92,69,57,8,4,23
S01010208,Level 4 and above,163,140,130,3,7,23
S01010209,All people aged 16 and over,820,425,334,24,67,395
S01010209,No qualifications,397,116,84,5,27,281
S01010209,Level 1,177,117,86,10,21,60
S01010209,Level 2,62,50,44,1,5,12
S01010209,Level 3,57,42,32,3,7,15
S01010209,Level 4 and above,127,100,88,5,7,27
S01010210,All people aged 16 and over,753,392,327,23,42,361
S01010210,No qualifications,325,87,69,4,14,238
S01010210,Level 1,164,109,86,6,17,55
S01010210,Level 2,83,54,47,5,2,29
S01010210,Level 3,72,56,51,3,2,16
S01010210,Level 4 and above,109,86,74,5,7,23
S01010211,All people aged 16 and over,713,318,252,11,55,395
S01010211,No qualifications,393,109,83,3,23,284
S01010211,Level 1,149,87,65,2,20,62
S01010211,Level 2,66,43,36,1,6,23
S01010211,Level 3,49,37,31,2,4,12
S01010211,Level 4 and above,56,42,37,3,2,14
S01010212,All people aged 16 and over,877,427,329,15,83,450
S01010212,No qualifications,434,131,91,2,38,303
S01010212,Level 1,221,138,107,4,27,83
S01010212,Level 2,72,50,43,1,6,22
S01010212,Level 3,53,40,33,5,2,13
S01010212,Level 4 and above,97,68,55,3,10,29
S01010213,All people aged 16 and over,796,389,340,13,36,407
S01010213,No qualifications,435,136,119,4,13,299
S01010213,Level 1,188,124,109,5,10,64
S01010213,Level 2,60,42,36,1,5,18
S01010213,Level 3,54,38,35,1,2,16
S01010213,Level 4 and above,59,49,41,2,6,10
S01010214,All people aged 16 and over,800,483,412,28,43,317
S01010214,No qualifications,302,101,86,6,9,201
S01010214,Level 1,200,153,126,9,18,47
S01010214,Level 2,106,85,67,8,10,21
S01010214,Level 3,70,55,49,3,3,15
S01010214,Level 4 and above,122,89,84,2,3,33
S01010215,All people aged 16 and over,705,309,238,11,60,396
S01010215,No qualifications,376,98,70,5,23,278
S01010215,Level 1,164,97,77,1,19,67
S01010215,Level 2,45,27,21,1,5,18
S01010215,Level 3,58,39,32,1,6,19
S01010215,Level 4 and above,62,48,38,3,7,14
S01010216,All people aged 16 and over,528,254,196,19,39,274
S01010216,No qualifications,279,77,54,6,17,202
S01010216,Level 1,111,76,55,4,17,35
S01010216,Level 2,37,23,19,3,1,14
S01010216,Level 3,41,30,26,1,3,11
S01010216,Level 4 and above,60,48,42,5,1,12
S01010217,All people aged 16 and over,622,366,267,12,87,256
S01010217,No qualifications,238,103,73,1,29,135
S01010217,Level 1,165,105,67,5,33,60
S01010217,Level 2,56,40,32,1,7,16
S01010217,Level 3,49,38,28,2,8,11
S01010217,Level 4 and above,114,80,67,3,10,34
S01010218,All people aged 16 and over,839,542,419,34,89,297
S01010218,No qualifications,312,120,80,8,32,192
S01010218,Level 1,197,154,116,7,31,43
S01010218,Level 2,97,74,56,6,12,23
S01010218,Level 3,85,67,58,4,5,18
S01010218,Level 4 and above,148,127,109,9,9,21
S01010219,All people aged 16 and over,400,227,164,8,55,173
S01010219,No qualifications,137,52,34,1,17,85
S01010219,Level 1,65,36,20,1,15,29
S01010219,Level 2,30,19,8,0,11,11
S01010219,Level 3,48,31,26,1,4,17
S01010219,Level 4 and above,120,89,76,5,8,31
S01010220,All people aged 16 and over,434,352,288,51,13,82
S01010220,No qualifications,32,24,19,2,3,8
S01010220,Level 1,45,35,27,6,2,10
S01010220,Level 2,52,40,35,4,1,12
S01010220,Level 3,65,42,38,4,0,23
S01010220,Level 4 and above,240,211,169,35,7,29
S01010221,All people aged 16 and over,470,199,154,6,39,271
S01010221,No qualifications,241,62,44,1,17,179
S01010221,Level 1,96,59,44,1,14,37
S01010221,Level 2,29,20,17,0,3,9
S01010221,Level 3,31,17,16,0,1,14
S01010221,Level 4 and above,73,41,33,4,4,32
S01010222,All people aged 16 and over,437,275,223,11,41,162
S01010222,No qualifications,170,64,44,4,16,106
S01010222,Level 1,98,72,56,3,13,26
S01010222,Level 2,52,38,35,0,3,14
S01010222,Level 3,46,40,35,1,4,6
S01010222,Level 4 and above,71,61,53,3,5,10
S01010223,All people aged 16 and over,495,262,205,19,38,233
S01010223,No qualifications,231,74,53,3,18,157
S01010223,Level 1,109,65,52,8,5,44
S01010223,Level 2,43,36,27,3,6,7
S01010223,Level 3,42,36,29,2,5,6
S01010223,Level 4 and above,70,51,44,3,4,19
S01010224,All people aged 16 and over,799,406,294,24,88,393
S01010224,No qualifications,396,125,81,7,37,271
S01010224,Level 1,197,133,97,5,31,64
S01010224,Level 2,47,27,21,0,6,20
S01010224,Level 3,64,47,36,2,9,17
S01010224,Level 4 and above,95,74,59,10,5,21
S01010225,All people aged 16 and over,664,380,315,14,51,284
S01010225,No qualifications,253,86,67,5,14,167
S01010225,Level 1,163,106,85,3,18,57
S01010225,Level 2,75,52,48,1,3,23
S01010225,Level 3,58,47,34,1,12,11
S01010225,Level 4 and above,115,89,81,4,4,26
S01010226,All people aged 16 and over,589,316,207,32,77,273
S01010226,No qualifications,204,74,42,7,25,130
S01010226,Level 1,128,74,46,7,21,54
S01010226,Level 2,56,34,25,1,8,22
S01010226,Level 3,70,43,33,2,8,27
S01010226,Level 4 and above,131,91,61,15,15,40
S01010227,All people aged 16 and over,466,243,152,17,74,223
S01010227,No qualifications,184,66,35,2,29,118
S01010227,Level 1,78,33,18,2,13,45
S01010227,Level 2,46,28,20,0,8,18
S01010227,Level 3,48,38,20,1,17,10
S01010227,Level 4 and above,110,78,59,12,7,32
S01010228,All people aged 16 and over,615,258,211,10,37,357
S01010228,No qualifications,365,80,63,4,13,285
S01010228,Level 1,131,91,69,3,19,40
S01010228,Level 2,49,36,36,0,0,13
S01010228,Level 3,32,24,20,2,2,8
S01010228,Level 4 and above,38,27,23,1,3,11
S01010229,All people aged 16 and over,827,497,408,29,60,330
S01010229,No qualifications,414,173,143,8,22,241
S01010229,Level 1,197,139,109,7,23,58
S01010229,Level 2,81,67,54,5,8,14
S01010229,Level 3,62,50,46,1,3,12
S01010229,Level 4 and above,73,68,56,8,4,5
S01010230,All people aged 16 and over,834,443,314,11,118,391
S01010230,No qualifications,372,111,62,3,46,261
S01010230,Level 1,144,94,64,1,29,50
S01010230,Level 2,42,25,24,1,0,17
S01010230,Level 3,88,65,54,1,10,23
S01010230,Level 4 and above,188,148,110,5,33,40
S01010231,All people aged 16 and over,782,448,345,24,79,334
S01010231,No qualifications,363,131,97,6,28,232
S01010231,Level 1,170,126,96,3,27,44
S01010231,Level 2,64,50,40,0,10,14
S01010231,Level 3,73,59,50,4,5,14
S01010231,Level 4 and above,112,82,62,11,9,30
S01010232,All people aged 16 and over,805,509,368,24,117,296
S01010232,No qualifications,297,135,99,7,29,162
S01010232,Level 1,209,143,104,6,33,66
S01010232,Level 2,73,56,37,4,15,17
S01010232,Level 3,81,60,40,2,18,21
S01010232,Level 4 and above,145,115,88,5,22,30
S01010233,All people aged 16 and over,738,398,276,13,109,340
S01010233,No qualifications,344,126,77,6,43,218
S01010233,Level 1,163,100,69,3,28,63
S01010233,Level 2,54,33,23,0,10,21
S01010233,Level 3,66,50,37,2,11,16
S01010233,Level 4 and above,111,89,70,2,17,22
S01010234,All people aged 16 and over,868,552,459,56,37,316
S01010234,No qualifications,224,62,51,4,7,162
S01010234,Level 1,82,51,40,4,7,31
S01010234,Level 2,109,73,63,3,7,36
S01010234,Level 3,82,61,54,4,3,21
S01010234,Level 4 and above,371,305,251,41,13,66
S01010235,All people aged 16 and over,837,592,522,28,42,245
S01010235,No qualifications,122,18,15,0,3,104
S01010235,Level 1,63,45,34,4,7,18
S01010235,Level 2,148,106,94,4,8,42
S01010235,Level 3,73,65,53,5,7,8
S01010235,Level 4 and above,431,358,326,15,17,73
S01010236,All people aged 16 and over,652,452,367,44,41,200
S01010236,No qualifications,105,38,27,4,7,67
S01010236,Level 1,92,57,45,3,9,35
S01010236,Level 2,95,67,55,5,7,28
S01010236,Level 3,79,62,50,5,7,17
S01010236,Level 4 and above,281,228,190,27,11,53
S01010237,All people aged 16 and over,575,411,338,46,27,164
S01010237,No qualifications,109,40,34,2,4,69
S01010237,Level 1,75,53,39,5,9,22
S01010237,Level 2,83,57,43,9,5,26
S01010237,Level 3,51,44,36,5,3,7
S01010237,Level 4 and above,257,217,186,25,6,40
S01010238,All people aged 16 and over,744,523,430,44,49,221
S01010238,No qualifications,173,55,44,3,8,118
S01010238,Level 1,105,78,60,4,14,27
S01010238,Level 2,119,90,76,5,9,29
S01010238,Level 3,77,68,58,7,3,9
S01010238,Level 4 and above,270,232,192,25,15,38
S01010239,All people aged 16 and over,674,369,301,15,53,305
S01010239,No qualifications,301,98,67,5,26,203
S01010239,Level 1,119,78,62,3,13,41
S01010239,Level 2,70,42,34,1,7,28
S01010239,Level 3,54,43,39,1,3,11
S01010239,Level 4 and above,130,108,99,5,4,22
S01010240,All people aged 16 and over,616,396,335,23,38,220
S01010240,No qualifications,174,48,39,0,9,126
S01010240,Level 1,100,68,56,4,8,32
S01010240,Level 2,86,64,55,2,7,22
S01010240,Level 3,56,47,40,3,4,9
S01010240,Level 4 and above,200,169,145,14,10,31
S01010241,All people aged 16 and over,936,584,454,47,83,352
S01010241,No qualifications,309,82,57,5,20,227
S01010241,Level 1,131,94,67,5,22,37
S01010241,Level 2,111,93,71,7,15,18
S01010241,Level 3,98,80,58,8,14,18
S01010241,Level 4 and above,287,235,201,22,12,52
S01010242,All people aged 16 and over,656,436,345,24,67,220
S01010242,No qualifications,196,80,54,8,18,116
S01010242,Level 1,143,89,70,3,16,54
S01010242,Level 2,91,71,57,3,11,20
S01010242,Level 3,67,59,47,1,11,8
S01010242,Level 4 and above,159,137,117,9,11,22
S01010243,All people aged 16 and over,848,568,416,32,120,280
S01010243,No qualifications,262,116,83,4,29,146
S01010243,Level 1,173,126,85,8,33,47
S01010243,Level 2,145,103,76,2,25,42
S01010243,Level 3,76,62,42,3,17,14
S01010243,Level 4 and above,192,161,130,15,16,31
S01010244,All people aged 16 and over,633,325,220,19,86,308
S01010244,No qualifications,287,104,62,6,36,183
S01010244,Level 1,120,75,47,2,26,45
S01010244,Level 2,60,36,28,2,6,24
S01010244,Level 3,56,42,29,4,9,14
S01010244,Level 4 and above,110,68,54,5,9,42
S01010245,All people aged 16 and over,784,364,246,21,97,420
S01010245,No qualifications,483,164,110,8,46,319
S01010245,Level 1,167,106,68,3,35,61
S01010245,Level 2,45,24,19,2,3,21
S01010245,Level 3,41,35,27,0,8,6
S01010245,Level 4 and above,48,35,22,8,5,13
S01010246,All people aged 16 and over,678,362,286,18,58,316
S01010246,No qualifications,317,114,82,4,28,203
S01010246,Level 1,158,107,86,5,16,51
S01010246,Level 2,60,32,24,1,7,28
S01010246,Level 3,49,31,25,3,3,18
S01010246,Level 4 and above,94,78,69,5,4,16
S01010247,All people aged 16 and over,647,396,339,26,31,251
S01010247,No qualifications,292,100,82,8,10,192
S01010247,Level 1,160,134,117,8,9,26
S01010247,Level 2,65,48,35,8,5,17
S01010247,Level 3,51,45,41,2,2,6
S01010247,Level 4 and above,79,69,64,0,5,10
S01010248,All people aged 16 and over,778,565,463,53,49,213
S01010248,No qualifications,134,36,25,6,5,98
S01010248,Level 1,74,58,41,6,11,16
S01010248,Level 2,125,75,64,2,9,50
S01010248,Level 3,75,62,53,4,5,13
S01010248,Level 4 and above,370,334,280,35,19,36
S01010249,All people aged 16 and over,634,445,368,24,53,189
S01010249,No qualifications,122,41,29,1,11,81
S01010249,Level 1,97,72,57,1,14,25
S01010249,Level 2,125,85,70,2,13,40
S01010249,Level 3,61,51,42,1,8,10
S01010249,Level 4 and above,229,196,170,19,7,33
S01010250,All people aged 16 and over,700,521,430,46,45,179
S01010250,No qualifications,84,26,24,1,1,58
S01010250,Level 1,63,46,36,5,5,17
S01010250,Level 2,147,91,71,6,14,56
S01010250,Level 3,81,69,60,6,3,12
S01010250,Level 4 and above,325,289,239,28,22,36
S01010251,All people aged 16 and over,566,433,370,31,32,133
S01010251,No qualifications,35,12,6,4,2,23
S01010251,Level 1,60,48,41,5,2,12
S01010251,Level 2,112,70,56,5,9,42
S01010251,Level 3,81,69,61,1,7,12
S01010251,Level 4 and above,278,234,206,16,12,44
S01010252,All people aged 16 and over,543,375,322,32,21,168
S01010252,No qualifications,101,29,23,2,4,72
S01010252,Level 1,84,45,34,4,7,39
S01010252,Level 2,70,52,47,2,3,18
S01010252,Level 3,53,46,38,5,3,7
S01010252,Level 4 and above,235,203,180,19,4,32
S01010253,All people aged 16 and over,527,265,202,8,55,262
S01010253,No qualifications,218,66,44,2,20,152
S01010253,Level 1,102,63,47,2,14,39
S01010253,Level 2,57,43,32,0,11,14
S01010253,Level 3,44,34,31,0,3,10
S01010253,Level 4 and above,106,59,48,4,7,47
S01010254,All people aged 16 and over,933,526,452,21,53,407
S01010254,No qualifications,378,90,70,4,16,288
S01010254,Level 1,176,118,97,3,18,58
S01010254,Level 2,113,83,72,5,6,30
S01010254,Level 3,81,72,62,4,6,9
S01010254,Level 4 and above,185,163,151,5,7,22
S01010255,All people aged 16 and over,558,311,216,15,80,247
S01010255,No qualifications,235,70,42,4,24,165
S01010255,Level 1,116,77,52,3,22,39
S01010255,Level 2,49,37,24,1,12,12
S01010255,Level 3,52,37,31,1,5,15
S01010255,Level 4 and above,106,90,67,6,17,16
S01010256,All people aged 16 and over,721,410,292,37,81,311
S01010256,No qualifications,296,102,70,5,27,194
S01010256,Level 1,187,131,86,12,33,56
S01010256,Level 2,73,45,35,3,7,28
S01010256,Level 3,74,57,44,7,6,17
S01010256,Level 4 and above,91,75,57,10,8,16
S01010257,All people aged 16 and over,793,389,291,30,68,404
S01010257,No qualifications,134,34,23,3,8,100
S01010257,Level 1,99,52,33,4,15,47
S01010257,Level 2,160,78,54,6,18,82
S01010257,Level 3,79,53,36,6,11,26
S01010257,Level 4 and above,321,172,145,11,16,149
S01010258,All people aged 16 and over,1469,576,430,34,112,893
S01010258,No qualifications,31,10,7,2,1,21
S01010258,Level 1,132,35,23,3,9,97
S01010258,Level 2,428,167,114,6,47,261
S01010258,Level 3,120,51,36,5,10,69
S01010258,Level 4 and above,758,313,250,18,45,445
S01010259,All people aged 16 and over,1163,456,315,20,121,707
S01010259,No qualifications,292,81,56,4,21,211
S01010259,Level 1,205,85,56,4,25,120
S01010259,Level 2,303,136,95,4,37,167
S01010259,Level 3,96,55,35,3,17,41
S01010259,Level 4 and above,267,99,73,5,21,168
S01010260,All people aged 16 and over,1827,808,588,72,148,1019
S01010260,No qualifications,170,55,40,5,10,115
S01010260,Level 1,209,78,48,8,22,131
S01010260,Level 2,638,256,175,8,73,382
S01010260,Level 3,148,78,58,6,14,70
S01010260,Level 4 and above,662,341,267,45,29,321
S01010261,All people aged 16 and over,2469,932,598,22,312,1537
S01010261,No qualifications,327,63,45,2,16,264
S01010261,Level 1,256,97,58,3,36,159
S01010261,Level 2,1047,469,302,6,161,578
S01010261,Level 3,236,113,73,3,37,123
S01010261,Level 4 and above,603,190,120,8,62,413
S01010262,All people aged 16 and over,811,319,244,16,59,492
S01010262,No qualifications,411,94,71,1,22,317
S01010262,Level 1,113,48,34,3,11,65
S01010262,Level 2,120,83,63,6,14,37
S01010262,Level 3,35,18,14,0,4,17
S01010262,Level 4 and above,132,76,62,6,8,56
S01010263,All people aged 16 and over,721,485,402,39,44,236
S01010263,No qualifications,49,19,11,5,3,30
S01010263,Level 1,42,28,20,4,4,14
S01010263,Level 2,108,74,65,2,7,34
S01010263,Level 3,55,50,42,5,3,5
S01010263,Level 4 and above,467,314,264,23,27,153
S01010264,All people aged 16 and over,815,537,430,41,66,278
S01010264,No qualifications,121,27,17,1,9,94
S01010264,Level 1,95,51,33,2,16,44
S01010264,Level 2,142,96,77,6,13,46
S01010264,Level 3,77,61,43,8,10,16
S01010264,Level 4 and above,380,302,260,24,18,78
S01010265,All people aged 16 and over,1019,653,526,62,65,366
S01010265,No qualifications,24,8,3,5,0,16
S01010265,Level 1,69,39,29,6,4,30
S01010265,Level 2,287,145,108,7,30,142
S01010265,Level 3,78,46,33,6,7,32
S01010265,Level 4 and above,561,415,353,38,24,146
S01010266,All people aged 16 and over,490,282,217,35,30,208
S01010266,No qualifications,53,17,7,6,4,36
S01010266,Level 1,40,17,9,4,4,23
S01010266,Level 2,113,51,41,1,9,62
S01010266,Level 3,43,30,25,1,4,13
S01010266,Level 4 and above,241,167,135,23,9,74
S01010267,All people aged 16 and over,583,363,299,34,30,220
S01010267,No qualifications,20,8,8,0,0,12
S01010267,Level 1,61,40,28,8,4,21
S01010267,Level 2,186,97,78,8,11,89
S01010267,Level 3,41,31,27,0,4,10
S01010267,Level 4 and above,275,187,158,18,11,88
S01010268,All people aged 16 and over,773,466,339,51,76,307
S01010268,No qualifications,99,27,21,3,3,72
S01010268,Level 1,77,38,29,0,9,39
S01010268,Level 2,193,93,60,3,30,100
S01010268,Level 3,81,62,42,10,10,19
S01010268,Level 4 and above,323,246,187,35,24,77
S01010269,All people aged 16 and over,506,274,220,25,29,232
S01010269,No qualifications,69,25,15,5,5,44
S01010269,Level 1,46,14,11,3,0,32
S01010269,Level 2,90,45,31,5,9,45
S01010269,Level 3,48,26,21,4,1,22
S01010269,Level 4 and above,253,164,142,8,14,89
S01010270,All people aged 16 and over,1122,444,343,40,61,678
S01010270,No qualifications,480,88,54,4,30,392
S01010270,Level 1,132,59,44,4,11,73
S01010270,Level 2,136,50,39,7,4,86
S01010270,Level 3,55,35,27,5,3,20
S01010270,Level 4 and above,319,212,179,20,13,107
S01010271,All people aged 16 and over,722,377,296,35,46,345
S01010271,No qualifications,120,28,20,2,6,92
S01010271,Level 1,67,38,27,4,7,29
S01010271,Level 2,212,102,77,6,19,110
S01010271,Level 3,71,39,32,2,5,32
S01010271,Level 4 and above,252,170,140,21,9,82
S01010272,All people aged 16 and over,928,526,396,43,87,402
S01010272,No qualifications,254,63,39,6,18,191
S01010272,Level 1,123,76,48,9,19,47
S01010272,Level 2,134,82,68,5,9,52
S01010272,Level 3,83,64,49,1,14,19
S01010272,Level 4 and above,334,241,192,22,27,93
S01010273,All people aged 16 and over,643,465,400,38,27,178
S01010273,No qualifications,30,13,6,3,4,17
S01010273,Level 1,56,39,29,8,2,17
S01010273,Level 2,155,110,92,8,10,45
S01010273,Level 3,76,65,62,1,2,11
S01010273,Level 4 and above,326,238,211,18,9,88
S01010274,All people aged 16 and over,552,377,318,37,22,175
S01010274,No qualifications,47,16,10,2,4,31
S01010274,Level 1,37,26,22,3,1,11
S01010274,Level 2,108,65,59,2,4,43
S01010274,Level 3,58,39,27,8,4,19
S01010274,Level 4 and above,302,231,200,22,9,71
S01010275,All people aged 16 and over,579,424,349,46,29,155
S01010275,No qualifications,29,15,8,2,5,14
S01010275,Level 1,48,31,18,9,4,17
S01010275,Level 2,140,107,91,7,9,33
S01010275,Level 3,57,44,34,5,5,13
S01010275,Level 4 and above,305,227,198,23,6,78
S01010276,All people aged 16 and over,926,704,556,106,42,222
S01010276,No qualifications,62,37,25,10,2,25
S01010276,Level 1,94,78,59,8,11,16
S01010276,Level 2,114,65,52,10,3,49
S01010276,Level 3,109,89,71,12,6,20
S01010276,Level 4 and above,547,435,349,66,20,112
S01010277,All people aged 16 and over,521,268,212,22,34,253
S01010277,No qualifications,209,64,53,6,5,145
S01010277,Level 1,101,53,38,3,12,48
S01010277,Level 2,63,43,30,4,9,20
S01010277,Level 3,54,37,28,3,6,17
S01010277,Level 4 and above,94,71,63,6,2,23
S01010278,All people aged 16 and over,508,311,247,27,37,197
S01010278,No qualifications,158,55,44,4,7,103
S01010278,Level 1,111,77,59,6,12,34
S01010278,Level 2,58,40,32,3,5,18
S01010278,Level 3,52,37,30,2,5,15
S01010278,Level 4 and above,129,102,82,12,8,27
S01010279,All people aged 16 and over,537,320,252,27,41,217
S01010279,No qualifications,97,34,25,7,2,63
S01010279,Level 1,91,54,40,3,11,37
S01010279,Level 2,114,60,45,3,12,54
S01010279,Level 3,53,40,27,3,10,13
S01010279,Level 4 and above,182,132,115,11,6,50
S01010280,All people aged 16 and over,730,536,432,44,60,194
S01010280,No qualifications,60,24,15,3,6,36
S01010280,Level 1,75,50,37,2,11,25
S01010280,Level 2,165,97,73,10,14,68
S01010280,Level 3,76,66,56,2,8,10
S01010280,Level 4 and above,354,299,251,27,21,55
S01010281,All people aged 16 and over,731,502,415,50,37,229
S01010281,No qualifications,48,19,16,1,2,29
S01010281,Level 1,65,46,33,9,4,19
S01010281,Level 2,138,62,48,4,10,76
S01010281,Level 3,65,50,40,8,2,15
S01010281,Level 4 and above,415,325,278,28,19,90
S01010282,All people aged 16 and over,902,562,461,36,65,340
S01010282,No qualifications,186,49,37,3,9,137
S01010282,Level 1,108,66,49,1,16,42
S01010282,Level 2,128,75,54,6,15,53
S01010282,Level 3,69,58,45,5,8,11
S01010282,Level 4 and above,411,314,276,21,17,97
S01010283,All people aged 16 and over,496,383,327,29,27,113
S01010283,No qualifications,70,33,26,1,6,37
S01010283,Level 1,38,30,23,4,3,8
S01010283,Level 2,75,52,44,2,6,23
S01010283,Level 3,42,37,29,4,4,5
S01010283,Level 4 and above,271,231,205,18,8,40
S01010284,All people aged 16 and over,1354,728,579,75,74,626
S01010284,No qualifications,77,31,19,6,6,46
S01010284,Level 1,97,36,25,4,7,61
S01010284,Level 2,147,78,71,3,4,69
S01010284,Level 3,93,64,54,4,6,29
S01010284,Level 4 and above,940,519,410,58,51,421
S01010285,All people aged 16 and over,736,465,350,64,51,271
S01010285,No qualifications,79,29,18,7,4,50
S01010285,Level 1,67,35,27,3,5,32
S01010285,Level 2,210,111,85,10,16,99
S01010285,Level 3,66,51,37,4,10,15
S01010285,Level 4 and above,314,239,183,40,16,75
S01010286,All people aged 16 and over,1455,646,449,47,150,809
S01010286,No qualifications,71,24,16,1,7,47
S01010286,Level 1,165,62,45,3,14,103
S01010286,Level 2,332,129,82,3,44,203
S01010286,Level 3,130,66,49,2,15,64
S01010286,Level 4 and above,757,365,257,38,70,392
S01010287,All people aged 16 and over,827,509,392,65,52,318
S01010287,No qualifications,54,26,18,6,2,28
S01010287,Level 1,67,38,25,6,7,29
S01010287,Level 2,246,104,76,9,19,142
S01010287,Level 3,45,35,23,5,7,10
S01010287,Level 4 and above,415,306,250,39,17,109
S01010288,All people aged 16 and over,754,496,389,67,40,258
S01010288,No qualifications,36,14,9,3,2,22
S01010288,Level 1,75,29,20,2,7,46
S01010288,Level 2,200,99,77,6,16,101
S01010288,Level 3,56,42,31,8,3,14
S01010288,Level 4 and above,387,312,252,48,12,75
S01010289,All people aged 16 and over,689,526,378,124,24,163
S01010289,No qualifications,32,13,9,3,1,19
S01010289,Level 1,62,30,17,8,5,32
S01010289,Level 2,98,58,40,16,2,40
S01010289,Level 3,44,28,18,6,4,16
S01010289,Level 4 and above,453,397,294,91,12,56
S01010290,All people aged 16 and over,493,315,243,39,33,178
S01010290,No qualifications,45,16,11,3,2,29
S01010290,Level 1,51,24,19,1,4,27
S01010290,Level 2,120,74,51,9,14,46
S01010290,Level 3,38,22,16,4,2,16
S01010290,Level 4 and above,239,179,146,22,11,60
S01010291,All people aged 16 and over,997,518,379,53,86,479
S01010291,No qualifications,117,33,19,4,10,84
S01010291,Level 1,101,43,35,2,6,58
S01010291,Level 2,299,135,91,9,35,164
S01010291,Level 3,75,48,33,5,10,27
S01010291,Level 4 and above,405,259,201,33,25,146
S01010292,All people aged 16 and over,844,535,424,59,52,309
S01010292,No qualifications,51,24,18,3,3,27
S01010292,Level 1,51,30,18,4,8,21
S01010292,Level 2,235,93,74,6,13,142
S01010292,Level 3,63,50,40,4,6,13
S01010292,Level 4 and above,444,338,274,42,22,106
S01010293,All people aged 16 and over,756,457,363,35,59,299
S01010293,No qualifications,87,24,14,4,6,63
S01010293,Level 1,67,31,20,2,9,36
S01010293,Level 2,225,117,87,7,23,108
S01010293,Level 3,69,45,38,2,5,24
S01010293,Level 4 and above,308,240,204,20,16,68
S01010294,All people aged 16 and over,643,339,277,26,36,304
S01010294,No qualifications,58,17,10,4,3,41
S01010294,Level 1,39,21,14,1,6,18
S01010294,Level 2,271,106,84,5,17,165
S01010294,Level 3,44,27,21,3,3,17
S01010294,Level 4 and above,231,168,148,13,7,63
S01010295,All people aged 16 and over,892,523,409,55,59,369
S01010295,No qualifications,83,32,18,6,8,51
S01010295,Level 1,73,33,25,6,2,40
S01010295,Level 2,255,110,81,8,21,145
S01010295,Level 3,88,51,38,3,10,37
S01010295,Level 4 and above,393,297,247,32,18,96
S01010296,All people aged 16 and over,575,334,257,30,47,241
S01010296,No qualifications,91,24,22,1,1,67
S01010296,Level 1,65,42,30,3,9,23
S01010296,Level 2,149,63,48,3,12,86
S01010296,Level 3,53,39,30,3,6,14
S01010296,Level 4 and above,217,166,127,20,19,51
S01010297,All people aged 16 and over,989,501,402,32,67,488
S01010297,No qualifications,330,70,56,3,11,260
S01010297,Level 1,129,66,56,4,6,63
S01010297,Level 2,129,80,62,4,14,49
S01010297,Level 3,102,73,54,6,13,29
S01010297,Level 4 and above,299,212,174,15,23,87
S01010298,All people aged 16 and over,820,418,337,42,39,402
S01010298,No qualifications,247,40,28,7,5,207
S01010298,Level 1,91,39,26,2,11,52
S01010298,Level 2,134,77,65,5,7,57
S01010298,Level 3,59,47,39,4,4,12
S01010298,Level 4 and above,289,215,179,24,12,74
S01010299,All people aged 16 and over,456,201,146,20,35,255
S01010299,No qualifications,201,47,26,8,13,154
S01010299,Level 1,86,39,25,4,10,47
S01010299,Level 2,43,25,23,1,1,18
S01010299,Level 3,29,16,12,0,4,13
S01010299,Level 4 and above,97,74,60,7,7,23
S01010300,All people aged 16 and over,837,451,357,38,56,386
S01010300,No qualifications,230,53,41,5,7,177
S01010300,Level 1,109,54,41,3,10,55
S01010300,Level 2,130,86,68,8,10,44
S01010300,Level 3,64,38,31,1,6,26
S01010300,Level 4 and above,304,220,176,21,23,84
S01010301,All people aged 16 and over,466,305,244,22,39,161
S01010301,No qualifications,50,22,12,4,6,28
S01010301,Level 1,50,31,22,3,6,19
S01010301,Level 2,96,55,44,5,6,41
S01010301,Level 3,49,36,27,2,7,13
S01010301,Level 4 and above,221,161,139,8,14,60
S01010302,All people aged 16 and over,557,249,155,16,78,308
S01010302,No qualifications,244,54,27,2,25,190
S01010302,Level 1,117,69,40,4,25,48
S01010302,Level 2,46,23,17,0,6,23
S01010302,Level 3,47,27,16,1,10,20
S01010302,Level 4 and above,103,76,55,9,12,27
S01010303,All people aged 16 and over,398,189,129,14,46,209
S01010303,No qualifications,157,53,35,4,14,104
S01010303,Level 1,95,44,23,4,17,51
S01010303,Level 2,40,26,18,1,7,14
S01010303,Level 3,40,21,16,2,3,19
S01010303,Level 4 and above,66,45,37,3,5,21
S01010304,All people aged 16 and over,481,255,202,12,41,226
S01010304,No qualifications,157,26,17,2,7,131
S01010304,Level 1,72,48,32,2,14,24
S01010304,Level 2,67,47,39,2,6,20
S01010304,Level 3,49,41,35,2,4,8
S01010304,Level 4 and above,136,93,79,4,10,43
S01010305,All people aged 16 and over,766,430,347,38,45,336
S01010305,No qualifications,231,49,41,3,5,182
S01010305,Level 1,87,48,37,1,10,39
S01010305,Level 2,102,59,43,7,9,43
S01010305,Level 3,67,48,37,7,4,19
S01010305,Level 4 and above,279,226,189,20,17,53
S01010306,All people aged 16 and over,692,472,375,37,60,220
S01010306,No qualifications,76,34,18,3,13,42
S01010306,Level 1,66,45,29,3,13,21
S01010306,Level 2,131,73,57,1,15,58
S01010306,Level 3,63,45,36,4,5,18
S01010306,Level 4 and above,356,275,235,26,14,81
S01010307,All people aged 16 and over,754,545,440,70,35,209
S01010307,No qualifications,57,21,16,2,3,36
S01010307,Level 1,46,29,24,1,4,17
S01010307,Level 2,148,70,52,10,8,78
S01010307,Level 3,35,29,20,6,3,6
S01010307,Level 4 and above,468,396,328,51,17,72
S01010308,All people aged 16 and over,876,593,455,83,55,283
S01010308,No qualifications,56,20,11,1,8,36
S01010308,Level 1,68,45,25,10,10,23
S01010308,Level 2,138,64,46,6,12,74
S01010308,Level 3,61,43,32,5,6,18
S01010308,Level 4 and above,553,421,341,61,19,132
S01010309,All people aged 16 and over,388,193,157,6,30,195
S01010309,No qualifications,237,80,65,4,11,157
S01010309,Level 1,67,45,34,0,11,22
S01010309,Level 2,27,24,22,0,2,3
S01010309,Level 3,22,21,16,0,5,1
S01010309,Level 4 and above,35,23,20,2,1,12
S01010310,All people aged 16 and over,556,329,247,20,62,227
S01010310,No qualifications,234,96,58,4,34,138
S01010310,Level 1,139,98,80,2,16,41
S01010310,Level 2,45,33,28,2,3,12
S01010310,Level 3,50,40,35,2,3,10
S01010310,Level 4 and above,88,62,46,10,6,26
S01010311,All people aged 16 and over,582,277,207,8,62,305
S01010311,No qualifications,318,111,79,1,31,207
S01010311,Level 1,125,69,45,3,21,56
S01010311,Level 2,39,27,21,3,3,12
S01010311,Level 3,38,23,19,0,4,15
S01010311,Level 4 and above,62,47,43,1,3,15
S01010312,All people aged 16 and over,676,327,243,14,70,349
S01010312,No qualifications,368,121,85,6,30,247
S01010312,Level 1,178,115,87,3,25,63
S01010312,Level 2,51,31,26,1,4,20
S01010312,Level 3,37,28,22,2,4,9
S01010312,Level 4 and above,42,32,23,2,7,10
S01010313,All people aged 16 and over,548,271,196,14,61,277
S01010313,No qualifications,281,96,68,3,25,185
S01010313,Level 1,133,72,48,2,22,61
S01010313,Level 2,56,42,28,4,10,14
S01010313,Level 3,30,25,23,1,1,5
S01010313,Level 4 and above,48,36,29,4,3,12
S01010314,All people aged 16 and over,1112,544,404,37,103,568
S01010314,No qualifications,389,98,76,7,15,291
S01010314,Level 1,203,123,87,4,32,80
S01010314,Level 2,139,76,51,4,21,63
S01010314,Level 3,93,63,53,1,9,30
S01010314,Level 4 and above,288,184,137,21,26,104
S01010315,All people aged 16 and over,703,481,383,31,67,222
S01010315,No qualifications,198,81,60,5,16,117
S01010315,Level 1,191,145,100,11,34,46
S01010315,Level 2,76,60,51,3,6,16
S01010315,Level 3,67,57,52,1,4,10
S01010315,Level 4 and above,171,138,120,11,7,33
S01010316,All people aged 16 and over,422,250,197,13,40,172
S01010316,No qualifications,123,37,27,2,8,86
S01010316,Level 1,106,61,41,1,19,45
S01010316,Level 2,60,41,37,1,3,19
S01010316,Level 3,45,34,29,2,3,11
S01010316,Level 4 and above,88,77,63,7,7,11
S01010317,All people aged 16 and over,690,482,397,58,27,208
S01010317,No qualifications,70,9,7,1,1,61
S01010317,Level 1,41,25,18,6,1,16
S01010317,Level 2,151,76,64,5,7,75
S01010317,Level 3,53,43,32,5,6,10
S01010317,Level 4 and above,375,329,276,41,12,46
S01010318,All people aged 16 and over,1513,633,403,29,201,880
S01010318,No qualifications,127,44,29,4,11,83
S01010318,Level 1,170,83,52,5,26,87
S01010318,Level 2,873,320,191,4,125,553
S01010318,Level 3,118,63,46,4,13,55
S01010318,Level 4 and above,225,123,85,12,26,102
S01010319,All people aged 16 and over,647,443,373,33,37,204
S01010319,No qualifications,135,50,35,10,5,85
S01010319,Level 1,63,46,36,3,7,17
S01010319,Level 2,96,60,54,2,4,36
S01010319,Level 3,57,48,39,3,6,9
S01010319,Level 4 and above,296,239,209,15,15,57
S01010320,All people aged 16 and over,624,371,286,32,53,253
S01010320,No qualifications,150,38,25,2,11,112
S01010320,Level 1,70,47,32,1,14,23
S01010320,Level 2,92,47,36,5,6,45
S01010320,Level 3,54,39,27,2,10,15
S01010320,Level 4 and above,258,200,166,22,12,58
S01010321,All people aged 16 and over,784,443,361,27,55,341
S01010321,No qualifications,247,58,46,1,11,189
S01010321,Level 1,115,58,38,2,18,57
S01010321,Level 2,99,61,46,5,10,38
S01010321,Level 3,49,40,35,0,5,9
S01010321,Level 4 and above,274,226,196,19,11,48
S01010322,All people aged 16 and over,952,688,549,99,40,264
S01010322,No qualifications,77,26,17,5,4,51
S01010322,Level 1,69,46,35,3,8,23
S01010322,Level 2,152,89,72,11,6,63
S01010322,Level 3,53,45,36,5,4,8
S01010322,Level 4 and above,601,482,389,75,18,119
S01010323,All people aged 16 and over,512,237,173,5,59,275
S01010323,No qualifications,306,92,62,1,29,214
S01010323,Level 1,82,62,43,1,18,20
S01010323,Level 2,30,11,8,1,2,19
S01010323,Level 3,37,28,21,0,7,9
S01010323,Level 4 and above,57,44,39,2,3,13
S01010324,All people aged 16 and over,663,285,239,18,28,378
S01010324,No qualifications,391,110,87,11,12,281
S01010324,Level 1,140,94,84,2,8,46
S01010324,Level 2,60,43,36,2,5,17
S01010324,Level 3,43,26,23,1,2,17
S01010324,Level 4 and above,29,12,9,2,1,17
S01010325,All people aged 16 and over,824,332,265,20,47,492
S01010325,No qualifications,505,122,93,5,24,383
S01010325,Level 1,147,89,74,4,11,58
S01010325,Level 2,70,48,43,3,2,22
S01010325,Level 3,43,29,21,2,6,14
S01010325,Level 4 and above,59,44,34,6,4,15
S01010326,All people aged 16 and over,742,360,243,20,97,382
S01010326,No qualifications,398,134,81,9,44,264
S01010326,Level 1,176,105,69,3,33,71
S01010326,Level 2,59,39,28,2,9,20
S01010326,Level 3,39,27,22,2,3,12
S01010326,Level 4 and above,70,55,43,4,8,15
S01010327,All people aged 16 and over,770,442,351,33,58,328
S01010327,No qualifications,381,142,103,8,31,239
S01010327,Level 1,156,117,99,6,12,39
S01010327,Level 2,59,49,43,0,6,10
S01010327,Level 3,54,44,31,7,6,10
S01010327,Level 4 and above,120,90,75,12,3,30
S01010328,All people aged 16 and over,811,457,365,42,50,354
S01010328,No qualifications,356,120,93,13,14,236
S01010328,Level 1,201,144,109,15,20,57
S01010328,Level 2,93,62,54,3,5,31
S01010328,Level 3,71,56,49,4,3,15
S01010328,Level 4 and above,90,75,60,7,8,15
S01010329,All people aged 16 and over,495,267,213,30,24,228
S01010329,No qualifications,242,79,63,8,8,163
S01010329,Level 1,104,67,55,4,8,37
S01010329,Level 2,48,39,30,4,5,9
S01010329,Level 3,38,33,25,6,2,5
S01010329,Level 4 and above,63,49,40,8,1,14
S01010330,All people aged 16 and over,506,261,187,16,58,245
S01010330,No qualifications,263,89,57,8,24,174
S01010330,Level 1,124,84,55,5,24,40
S01010330,Level 2,42,33,30,1,2,9
S01010330,Level 3,33,24,18,0,6,9
S01010330,Level 4 and above,44,31,27,2,2,13
S01010331,All people aged 16 and over,776,363,299,16,48,413
S01010331,No qualifications,449,116,86,8,22,333
S01010331,Level 1,158,112,97,2,13,46
S01010331,Level 2,48,45,40,3,2,3
S01010331,Level 3,60,46,38,2,6,14
S01010331,Level 4 and above,61,44,38,1,5,17
S01010332,All people aged 16 and over,578,294,223,14,57,284
S01010332,No qualifications,303,110,75,7,28,193
S01010332,Level 1,150,104,84,1,19,46
S01010332,Level 2,48,32,24,3,5,16
S01010332,Level 3,33,18,15,0,3,15
S01010332,Level 4 and above,44,30,25,3,2,14
S01010333,All people aged 16 and over,793,441,353,36,52,352
S01010333,No qualifications,359,122,94,12,16,237
S01010333,Level 1,201,145,116,6,23,56
S01010333,Level 2,78,55,44,7,4,23
S01010333,Level 3,80,62,50,8,4,18
S01010333,Level 4 and above,75,57,49,3,5,18
S01010334,All people aged 16 and over,736,445,380,34,31,291
S01010334,No qualifications,324,120,100,12,8,204
S01010334,Level 1,193,144,116,14,14,49
S01010334,Level 2,80,65,55,5,5,15
S01010334,Level 3,71,61,55,3,3,10
S01010334,Level 4 and above,68,55,54,0,1,13
S01010335,All people aged 16 and over,695,316,243,22,51,379
S01010335,No qualifications,385,111,78,10,23,274
S01010335,Level 1,152,102,78,5,19,50
S01010335,Level 2,58,35,28,2,5,23
S01010335,Level 3,59,42,37,1,4,17
S01010335,Level 4 and above,41,26,22,4,0,15
S01010336,All people aged 16 and over,502,261,175,14,72,241
S01010336,No qualifications,251,97,56,6,35,154
S01010336,Level 1,142,99,66,5,28,43
S01010336,Level 2,41,24,22,1,1,17
S01010336,Level 3,33,24,17,0,7,9
S01010336,Level 4 and above,35,17,14,2,1,18
S01010337,All people aged 16 and over,529,285,238,10,37,244
S01010337,No qualifications,284,107,87,5,15,177
S01010337,Level 1,112,73,58,1,14,39
S01010337,Level 2,61,45,41,1,3,16
S01010337,Level 3,34,28,24,1,3,6
S01010337,Level 4 and above,38,32,28,2,2,6
S01010338,All people aged 16 and over,570,280,206,17,57,290
S01010338,No qualifications,293,103,61,11,31,190
S01010338,Level 1,144,87,68,1,18,57
S01010338,Level 2,52,33,25,2,6,19
S01010338,Level 3,42,32,29,1,2,10
S01010338,Level 4 and above,39,25,23,2,0,14
S01010339,All people aged 16 and over,552,270,210,16,44,282
S01010339,No qualifications,287,92,67,6,19,195
S01010339,Level 1,134,80,62,4,14,54
S01010339,Level 2,44,28,22,2,4,16
S01010339,Level 3,39,34,29,0,5,5
S01010339,Level 4 and above,48,36,30,4,2,12
S01010340,All people aged 16 and over,595,362,282,25,55,233
S01010340,No qualifications,257,106,77,10,19,151
S01010340,Level 1,168,127,91,11,25,41
S01010340,Level 2,58,44,40,0,4,14
S01010340,Level 3,56,44,38,1,5,12
S01010340,Level 4 and above,56,41,36,3,2,15
S01010341,All people aged 16 and over,468,283,238,20,25,185
S01010341,No qualifications,177,63,46,10,7,114
S01010341,Level 1,119,88,75,5,8,31
S01010341,Level 2,67,46,40,2,4,21
S01010341,Level 3,54,47,41,1,5,7
S01010341,Level 4 and above,51,39,36,2,1,12
S01010342,All people aged 16 and over,532,397,355,29,13,135
S01010342,No qualifications,151,83,70,9,4,68
S01010342,Level 1,161,126,114,8,4,35
S01010342,Level 2,86,78,70,5,3,8
S01010342,Level 3,47,43,38,4,1,4
S01010342,Level 4 and above,87,67,63,3,1,20
S01010343,All people aged 16 and over,757,603,514,51,38,154
S01010343,No qualifications,168,107,86,13,8,61
S01010343,Level 1,229,182,147,17,18,47
S01010343,Level 2,146,129,117,5,7,17
S01010343,Level 3,82,68,62,5,1,14
S01010343,Level 4 and above,132,117,102,11,4,15
S01010344,All people aged 16 and over,584,292,218,14,60,292
S01010344,No qualifications,283,92,66,4,22,191
S01010344,Level 1,170,115,82,8,25,55
S01010344,Level 2,59,40,33,2,5,19
S01010344,Level 3,40,23,16,0,7,17
S01010344,Level 4 and above,32,22,21,0,1,10
S01010345,All people aged 16 and over,350,270,218,36,16,80
S01010345,No qualifications,48,26,18,6,2,22
S01010345,Level 1,94,73,59,6,8,21
S01010345,Level 2,46,34,29,4,1,12
S01010345,Level 3,35,30,24,5,1,5
S01010345,Level 4 and above,127,107,88,15,4,20
S01010346,All people aged 16 and over,876,589,496,64,29,287
S01010346,No qualifications,276,94,77,14,3,182
S01010346,Level 1,164,122,98,12,12,42
S01010346,Level 2,107,86,75,5,6,21
S01010346,Level 3,72,61,50,8,3,11
S01010346,Level 4 and above,257,226,196,25,5,31
S01010347,All people aged 16 and over,939,470,364,35,71,469
S01010347,No qualifications,284,96,67,2,27,188
S01010347,Level 1,226,123,95,7,21,103
S01010347,Level 2,188,80,62,6,12,108
S01010347,Level 3,81,60,54,1,5,21
S01010347,Level 4 and above,160,111,86,19,6,49
S01010348,All people aged 16 and over,806,469,410,21,38,337
S01010348,No qualifications,367,126,106,6,14,241
S01010348,Level 1,197,141,125,8,8,56
S01010348,Level 2,86,72,60,3,9,14
S01010348,Level 3,53,40,38,1,1,13
S01010348,Level 4 and above,103,90,81,3,6,13
S01010349,All people aged 16 and over,745,408,343,21,44,337
S01010349,No qualifications,349,104,79,8,17,245
S01010349,Level 1,216,156,131,7,18,60
S01010349,Level 2,69,55,48,3,4,14
S01010349,Level 3,45,40,39,0,1,5
S01010349,Level 4 and above,66,53,46,3,4,13
S01010350,All people aged 16 and over,729,393,298,15,80,336
S01010350,No qualifications,344,114,71,8,35,230
S01010350,Level 1,191,133,100,5,28,58
S01010350,Level 2,64,44,37,1,6,20
S01010350,Level 3,65,54,45,1,8,11
S01010350,Level 4 and above,65,48,45,0,3,17
S01010351,All people aged 16 and over,691,446,377,31,38,245
S01010351,No qualifications,218,95,75,6,14,123
S01010351,Level 1,178,123,102,8,13,55
S01010351,Level 2,97,71,61,8,2,26
S01010351,Level 3,62,49,40,2,7,13
S01010351,Level 4 and above,136,108,99,7,2,28
S01010352,All people aged 16 and over,454,223,184,8,31,231
S01010352,No qualifications,237,75,62,1,12,162
S01010352,Level 1,101,69,49,4,16,32
S01010352,Level 2,38,23,22,0,1,15
S01010352,Level 3,32,22,21,0,1,10
S01010352,Level 4 and above,46,34,30,3,1,12
S01010353,All people aged 16 and over,764,338,231,21,86,426
S01010353,No qualifications,370,98,60,3,35,272
S01010353,Level 1,184,93,60,8,25,91
S01010353,Level 2,61,45,33,3,9,16
S01010353,Level 3,65,43,35,1,7,22
S01010353,Level 4 and above,84,59,43,6,10,25
S01010354,All people aged 16 and over,613,328,267,22,39,285
S01010354,No qualifications,247,76,57,6,13,171
S01010354,Level 1,147,84,67,5,12,63
S01010354,Level 2,55,41,33,2,6,14
S01010354,Level 3,61,47,41,2,4,14
S01010354,Level 4 and above,103,80,69,7,4,23
S01010355,All people aged 16 and over,621,361,293,26,42,260
S01010355,No qualifications,257,90,72,7,11,167
S01010355,Level 1,132,90,70,2,18,42
S01010355,Level 2,74,58,52,2,4,16
S01010355,Level 3,63,44,36,5,3,19
S01010355,Level 4 and above,95,79,63,10,6,16
S01010356,All people aged 16 and over,549,410,345,25,40,139
S01010356,No qualifications,132,84,67,7,10,48
S01010356,Level 1,128,99,78,6,15,29
S01010356,Level 2,81,62,54,3,5,19
S01010356,Level 3,62,45,40,2,3,17
S01010356,Level 4 and above,146,120,106,7,7,26
S01010357,All people aged 16 and over,503,266,206,11,49,237
S01010357,No qualifications,222,70,53,0,17,152
S01010357,Level 1,106,62,37,5,20,44
S01010357,Level 2,42,33,29,0,4,9
S01010357,Level 3,44,34,28,3,3,10
S01010357,Level 4 and above,89,67,59,3,5,22
S01010358,All people aged 16 and over,714,351,267,16,68,363
S01010358,No qualifications,348,108,70,6,32,240
S01010358,Level 1,156,95,71,3,21,61
S01010358,Level 2,61,46,38,0,8,15
S01010358,Level 3,45,33,28,1,4,12
S01010358,Level 4 and above,104,69,60,6,3,35
S01010359,All people aged 16 and over,648,307,213,25,69,341
S01010359,No qualifications,312,95,60,5,30,217
S01010359,Level 1,168,93,67,4,22,75
S01010359,Level 2,41,28,19,3,6,13
S01010359,Level 3,52,40,30,5,5,12
S01010359,Level 4 and above,75,51,37,8,6,24
S01010360,All people aged 16 and over,445,260,194,16,50,185
S01010360,No qualifications,158,55,37,2,16,103
S01010360,Level 1,99,55,39,2,14,44
S01010360,Level 2,54,36,28,1,7,18
S01010360,Level 3,33,28,20,2,6,5
S01010360,Level 4 and above,101,86,70,9,7,15
S01010361,All people aged 16 and over,518,287,173,12,102,231
S01010361,No qualifications,228,78,42,4,32,150
S01010361,Level 1,131,87,52,1,34,44
S01010361,Level 2,47,35,22,1,12,12
S01010361,Level 3,37,28,19,0,9,9
S01010361,Level 4 and above,75,59,38,6,15,16
S01010362,All people aged 16 and over,742,386,253,8,125,356
S01010362,No qualifications,339,103,69,0,34,236
S01010362,Level 1,167,110,61,1,48,57
S01010362,Level 2,80,46,27,1,18,34
S01010362,Level 3,47,39,28,1,10,8
S01010362,Level 4 and above,109,88,68,5,15,21
S01010363,All people aged 16 and over,655,453,363,53,37,202
S01010363,No qualifications,92,24,19,3,2,68
S01010363,Level 1,72,49,32,6,11,23
S01010363,Level 2,95,59,44,10,5,36
S01010363,Level 3,66,54,44,6,4,12
S01010363,Level 4 and above,330,267,224,28,15,63
S01010364,All people aged 16 and over,762,491,388,74,29,271
S01010364,No qualifications,116,45,29,9,7,71
S01010364,Level 1,82,38,29,5,4,44
S01010364,Level 2,101,59,48,6,5,42
S01010364,Level 3,75,55,40,8,7,20
S01010364,Level 4 and above,388,294,242,46,6,94
S01010365,All people aged 16 and over,869,584,434,124,26,285
S01010365,No qualifications,110,41,23,16,2,69
S01010365,Level 1,85,45,36,7,2,40
S01010365,Level 2,124,74,52,15,7,50
S01010365,Level 3,46,39,33,3,3,7
S01010365,Level 4 and above,504,385,290,83,12,119
S01010366,All people aged 16 and over,909,618,504,75,39,291
S01010366,No qualifications,96,36,23,7,6,60
S01010366,Level 1,105,59,45,8,6,46
S01010366,Level 2,130,84,64,11,9,46
S01010366,Level 3,64,54,45,6,3,10
S01010366,Level 4 and above,514,385,327,43,15,129
S01010367,All people aged 16 and over,1488,707,542,88,77,781
S01010367,No qualifications,93,25,16,7,2,68
S01010367,Level 1,150,48,32,6,10,102
S01010367,Level 2,320,130,93,13,24,190
S01010367,Level 3,104,60,45,9,6,44
S01010367,Level 4 and above,821,444,356,53,35,377
S01010368,All people aged 16 and over,639,412,298,96,18,227
S01010368,No qualifications,35,7,3,4,0,28
S01010368,Level 1,53,18,14,3,1,35
S01010368,Level 2,91,57,36,15,6,34
S01010368,Level 3,29,19,14,1,4,10
S01010368,Level 4 and above,431,311,231,73,7,120
S01010369,All people aged 16 and over,672,503,414,61,28,169
S01010369,No qualifications,85,28,14,8,6,57
S01010369,Level 1,67,44,39,4,1,23
S01010369,Level 2,78,52,43,4,5,26
S01010369,Level 3,62,51,37,7,7,11
S01010369,Level 4 and above,380,328,281,38,9,52
S01010370,All people aged 16 and over,630,468,348,85,35,162
S01010370,No qualifications,29,13,8,5,0,16
S01010370,Level 1,56,33,23,4,6,23
S01010370,Level 2,89,47,32,6,9,42
S01010370,Level 3,43,28,23,3,2,15
S01010370,Level 4 and above,413,347,262,67,18,66
S01010371,All people aged 16 and over,908,613,470,97,46,295
S01010371,No qualifications,37,12,5,3,4,25
S01010371,Level 1,61,36,21,6,9,25
S01010371,Level 2,181,83,64,9,10,98
S01010371,Level 3,76,62,43,9,10,14
S01010371,Level 4 and above,553,420,337,70,13,133
S01010372,All people aged 16 and over,454,333,265,50,18,121
S01010372,No qualifications,40,5,2,3,0,35
S01010372,Level 1,28,15,10,4,1,13
S01010372,Level 2,72,50,38,5,7,22
S01010372,Level 3,33,24,19,2,3,9
S01010372,Level 4 and above,281,239,196,36,7,42
S01010373,All people aged 16 and over,687,461,364,65,32,226
S01010373,No qualifications,76,12,8,2,2,64
S01010373,Level 1,47,24,18,5,1,23
S01010373,Level 2,97,62,41,10,11,35
S01010373,Level 3,36,29,22,5,2,7
S01010373,Level 4 and above,431,334,275,43,16,97
S01010374,All people aged 16 and over,830,562,428,97,37,268
S01010374,No qualifications,45,12,7,5,0,33
S01010374,Level 1,54,30,21,3,6,24
S01010374,Level 2,171,89,62,9,18,82
S01010374,Level 3,62,47,36,6,5,15
S01010374,Level 4 and above,498,384,302,74,8,114
S01010375,All people aged 16 and over,501,249,200,23,26,252
S01010375,No qualifications,21,6,4,2,0,15
S01010375,Level 1,29,11,6,3,2,18
S01010375,Level 2,234,78,58,4,16,156
S01010375,Level 3,27,15,9,3,3,12
S01010375,Level 4 and above,190,139,123,11,5,51
S01010376,All people aged 16 and over,667,381,310,39,32,286
S01010376,No qualifications,16,4,4,0,0,12
S01010376,Level 1,45,19,13,2,4,26
S01010376,Level 2,184,88,73,3,12,96
S01010376,Level 3,31,23,18,3,2,8
S01010376,Level 4 and above,391,247,202,31,14,144
S01010377,All people aged 16 and over,857,443,330,56,57,414
S01010377,No qualifications,59,16,11,3,2,43
S01010377,Level 1,76,40,27,3,10,36
S01010377,Level 2,310,115,83,6,26,195
S01010377,Level 3,56,37,23,5,9,19
S01010377,Level 4 and above,356,235,186,39,10,121
S01010378,All people aged 16 and over,689,350,272,26,52,339
S01010378,No qualifications,21,7,4,1,2,14
S01010378,Level 1,59,21,14,2,5,38
S01010378,Level 2,301,107,77,1,29,194
S01010378,Level 3,41,24,18,2,4,17
S01010378,Level 4 and above,267,191,159,20,12,76
S01010379,All people aged 16 and over,1076,522,404,55,63,554
S01010379,No qualifications,61,21,13,4,4,40
S01010379,Level 1,103,40,29,3,8,63
S01010379,Level 2,365,116,84,7,25,249
S01010379,Level 3,83,48,39,5,4,35
S01010379,Level 4 and above,464,297,239,36,22,167
S01010380,All people aged 16 and over,889,583,462,73,48,306
S01010380,No qualifications,77,19,12,6,1,58
S01010380,Level 1,59,31,23,1,7,28
S01010380,Level 2,167,85,63,9,13,82
S01010380,Level 3,63,41,30,7,4,22
S01010380,Level 4 and above,523,407,334,50,23,116
S01010381,All people aged 16 and over,569,373,318,30,25,196
S01010381,No qualifications,45,18,14,1,3,27
S01010381,Level 1,41,23,19,2,2,18
S01010381,Level 2,145,72,58,4,10,73
S01010381,Level 3,37,31,24,5,2,6
S01010381,Level 4 and above,301,229,203,18,8,72
S01010382,All people aged 16 and over,793,558,448,53,57,235
S01010382,No qualifications,80,21,15,1,5,59
S01010382,Level 1,65,42,30,3,9,23
S01010382,Level 2,165,96,70,4,22,69
S01010382,Level 3,64,51,41,6,4,13
S01010382,Level 4 and above,419,348,292,39,17,71
S01010383,All people aged 16 and over,595,339,256,29,54,256
S01010383,No qualifications,136,44,30,5,9,92
S01010383,Level 1,88,56,43,3,10,32
S01010383,Level 2,101,57,38,5,14,44
S01010383,Level 3,54,42,34,2,6,12
S01010383,Level 4 and above,216,140,111,14,15,76
S01010384,All people aged 16 and over,770,531,443,55,33,239
S01010384,No qualifications,79,21,16,2,3,58
S01010384,Level 1,65,38,31,2,5,27
S01010384,Level 2,130,73,60,7,6,57
S01010384,Level 3,49,36,26,5,5,13
S01010384,Level 4 and above,447,363,310,39,14,84
S01010385,All people aged 16 and over,783,493,384,60,49,290
S01010385,No qualifications,121,23,16,4,3,98
S01010385,Level 1,84,54,36,5,13,30
S01010385,Level 2,141,72,57,6,9,69
S01010385,Level 3,69,55,39,8,8,14
S01010385,Level 4 and above,368,289,236,37,16,79
S01010386,All people aged 16 and over,822,467,368,41,58,355
S01010386,No qualifications,213,49,39,4,6,164
S01010386,Level 1,116,71,54,4,13,45
S01010386,Level 2,149,92,67,7,18,57
S01010386,Level 3,71,44,34,4,6,27
S01010386,Level 4 and above,273,211,174,22,15,62
S01010387,All people aged 16 and over,972,647,542,47,58,325
S01010387,No qualifications,157,45,36,4,5,112
S01010387,Level 1,96,70,56,5,9,26
S01010387,Level 2,165,100,74,6,20,65
S01010387,Level 3,75,52,38,8,6,23
S01010387,Level 4 and above,479,380,338,24,18,99
S01010388,All people aged 16 and over,925,555,453,37,65,370
S01010388,No qualifications,259,85,65,7,13,174
S01010388,Level 1,162,112,82,6,24,50
S01010388,Level 2,117,56,48,2,6,61
S01010388,Level 3,83,60,44,3,13,23
S01010388,Level 4 and above,304,242,214,19,9,62
S01010389,All people aged 16 and over,973,746,624,73,49,227
S01010389,No qualifications,60,29,24,3,2,31
S01010389,Level 1,108,80,64,7,9,28
S01010389,Level 2,131,96,78,6,12,35
S01010389,Level 3,95,75,63,6,6,20
S01010389,Level 4 and above,579,466,395,51,20,113
S01010390,All people aged 16 and over,1002,792,664,57,71,210
S01010390,No qualifications,110,38,29,1,8,72
S01010390,Level 1,124,92,68,11,13,32
S01010390,Level 2,152,115,87,10,18,37
S01010390,Level 3,104,95,81,7,7,9
S01010390,Level 4 and above,512,452,399,28,25,60
S01010391,All people aged 16 and over,737,558,463,43,52,179
S01010391,No qualifications,104,34,26,5,3,70
S01010391,Level 1,105,88,66,5,17,17
S01010391,Level 2,96,70,56,7,7,26
S01010391,Level 3,76,61,53,3,5,15
S01010391,Level 4 and above,356,305,262,23,20,51
S01010392,All people aged 16 and over,634,508,415,75,18,126
S01010392,No qualifications,23,14,7,6,1,9
S01010392,Level 1,67,46,33,5,8,21
S01010392,Level 2,78,64,56,7,1,14
S01010392,Level 3,66,54,45,6,3,12
S01010392,Level 4 and above,400,330,274,51,5,70
S01010393,All people aged 16 and over,951,672,568,68,36,279
S01010393,No qualifications,141,39,27,5,7,102
S01010393,Level 1,92,55,46,6,3,37
S01010393,Level 2,151,97,79,10,8,54
S01010393,Level 3,78,61,53,6,2,17
S01010393,Level 4 and above,489,420,363,41,16,69
S01010394,All people aged 16 and over,731,366,272,38,56,365
S01010394,No qualifications,243,52,32,3,17,191
S01010394,Level 1,139,81,57,7,17,58
S01010394,Level 2,91,52,41,5,6,39
S01010394,Level 3,60,42,33,2,7,18
S01010394,Level 4 and above,198,139,109,21,9,59
S01010395,All people aged 16 and over,917,594,504,36,54,323
S01010395,No qualifications,175,45,34,2,9,130
S01010395,Level 1,95,59,42,9,8,36
S01010395,Level 2,136,73,59,5,9,63
S01010395,Level 3,74,63,49,6,8,11
S01010395,Level 4 and above,437,354,320,14,20,83
S01010396,All people aged 16 and over,945,589,474,59,56,356
S01010396,No qualifications,190,48,32,3,13,142
S01010396,Level 1,109,68,56,0,12,41
S01010396,Level 2,155,89,75,6,8,66
S01010396,Level 3,63,47,39,2,6,16
S01010396,Level 4 and above,428,337,272,48,17,91
S01010397,All people aged 16 and over,500,349,275,45,29,151
S01010397,No qualifications,39,8,7,0,1,31
S01010397,Level 1,25,18,10,4,4,7
S01010397,Level 2,113,62,45,3,14,51
S01010397,Level 3,35,27,18,7,2,8
S01010397,Level 4 and above,288,234,195,31,8,54
S01010398,All people aged 16 and over,1000,695,558,90,47,305
S01010398,No qualifications,103,25,13,8,4,78
S01010398,Level 1,76,51,38,7,6,25
S01010398,Level 2,165,98,71,13,14,67
S01010398,Level 3,68,48,37,4,7,20
S01010398,Level 4 and above,588,473,399,58,16,115
S01010399,All people aged 16 and over,979,766,661,74,31,213
S01010399,No qualifications,30,7,5,2,0,23
S01010399,Level 1,43,28,25,2,1,15
S01010399,Level 2,116,66,56,6,4,50
S01010399,Level 3,56,47,38,7,2,9
S01010399,Level 4 and above,734,618,537,57,24,116
S01010400,All people aged 16 and over,949,671,525,106,40,278
S01010400,No qualifications,65,16,9,2,5,49
S01010400,Level 1,67,35,28,3,4,32
S01010400,Level 2,132,84,64,8,12,48
S01010400,Level 3,59,48,36,7,5,11
S01010400,Level 4 and above,626,488,388,86,14,138
S01010401,All people aged 16 and over,669,397,304,66,27,272
S01010401,No qualifications,88,15,9,5,1,73
S01010401,Level 1,48,27,18,3,6,21
S01010401,Level 2,136,60,46,7,7,76
S01010401,Level 3,42,31,26,5,0,11
S01010401,Level 4 and above,355,264,205,46,13,91
S01010402,All people aged 16 and over,921,664,541,94,29,257
S01010402,No qualifications,57,13,9,3,1,44
S01010402,Level 1,42,19,12,7,0,23
S01010402,Level 2,133,78,55,11,12,55
S01010402,Level 3,44,35,31,4,0,9
S01010402,Level 4 and above,645,519,434,69,16,126
S01010403,All people aged 16 and over,930,611,484,94,33,319
S01010403,No qualifications,51,9,4,4,1,42
S01010403,Level 1,76,33,20,6,7,43
S01010403,Level 2,133,60,47,6,7,73
S01010403,Level 3,48,27,16,6,5,21
S01010403,Level 4 and above,622,482,397,72,13,140
S01010404,All people aged 16 and over,691,472,340,115,17,219
S01010404,No qualifications,57,20,11,8,1,37
S01010404,Level 1,65,36,23,9,4,29
S01010404,Level 2,75,41,29,11,1,34
S01010404,Level 3,39,33,27,5,1,6
S01010404,Level 4 and above,455,342,250,82,10,113
S01010405,All people aged 16 and over,689,512,397,89,26,177
S01010405,No qualifications,24,3,2,0,1,21
S01010405,Level 1,37,19,14,5,0,18
S01010405,Level 2,91,52,31,15,6,39
S01010405,Level 3,53,38,30,6,2,15
S01010405,Level 4 and above,484,400,320,63,17,84
S01010406,All people aged 16 and over,758,532,406,93,33,226
S01010406,No qualifications,45,19,9,5,5,26
S01010406,Level 1,61,31,20,5,6,30
S01010406,Level 2,164,85,63,13,9,79
S01010406,Level 3,49,38,30,5,3,11
S01010406,Level 4 and above,439,359,284,65,10,80
S01010407,All people aged 16 and over,844,464,372,52,40,380
S01010407,No qualifications,40,10,6,3,1,30
S01010407,Level 1,46,26,20,4,2,20
S01010407,Level 2,293,104,81,2,21,189
S01010407,Level 3,59,35,29,1,5,24
S01010407,Level 4 and above,406,289,236,42,11,117
S01010408,All people aged 16 and over,436,246,201,32,13,190
S01010408,No qualifications,106,20,13,5,2,86
S01010408,Level 1,66,38,33,1,4,28
S01010408,Level 2,50,32,25,7,0,18
S01010408,Level 3,39,21,16,3,2,18
S01010408,Level 4 and above,175,135,114,16,5,40
S01010409,All people aged 16 and over,541,348,276,56,16,193
S01010409,No qualifications,87,28,15,11,2,59
S01010409,Level 1,78,41,33,6,2,37
S01010409,Level 2,77,48,42,4,2,29
S01010409,Level 3,44,33,29,4,0,11
S01010409,Level 4 and above,255,198,157,31,10,57
S01010410,All people aged 16 and over,470,316,261,42,13,154
S01010410,No qualifications,34,12,7,2,3,22
S01010410,Level 1,68,33,27,6,0,35
S01010410,Level 2,69,45,34,7,4,24
S01010410,Level 3,33,23,18,5,0,10
S01010410,Level 4 and above,266,203,175,22,6,63
S01010411,All people aged 16 and over,798,537,425,88,24,261
S01010411,No qualifications,62,25,20,4,1,37
S01010411,Level 1,68,35,25,6,4,33
S01010411,Level 2,115,69,56,5,8,46
S01010411,Level 3,56,29,24,5,0,27
S01010411,Level 4 and above,497,379,300,68,11,118
S01010412,All people aged 16 and over,762,505,424,67,14,257
S01010412,No qualifications,86,10,8,0,2,76
S01010412,Level 1,59,31,26,3,2,28
S01010412,Level 2,99,49,44,5,0,50
S01010412,Level 3,55,41,33,6,2,14
S01010412,Level 4 and above,463,374,313,53,8,89
S01010413,All people aged 16 and over,612,322,242,66,14,290
S01010413,No qualifications,69,14,9,5,0,55
S01010413,Level 1,69,28,18,9,1,41
S01010413,Level 2,80,37,28,6,3,43
S01010413,Level 3,29,19,15,1,3,10
S01010413,Level 4 and above,365,224,172,45,7,141
S01010414,All people aged 16 and over,872,554,441,72,41,318
S01010414,No qualifications,127,31,20,5,6,96
S01010414,Level 1,96,50,36,8,6,46
S01010414,Level 2,123,76,60,5,11,47
S01010414,Level 3,64,51,39,8,4,13
S01010414,Level 4 and above,462,346,286,46,14,116
S01010415,All people aged 16 and over,886,491,372,65,54,395
S01010415,No qualifications,293,77,55,11,11,216
S01010415,Level 1,138,83,59,10,14,55
S01010415,Level 2,125,70,51,7,12,55
S01010415,Level 3,72,56,40,7,9,16
S01010415,Level 4 and above,258,205,167,30,8,53
S01010416,All people aged 16 and over,586,379,295,60,24,207
S01010416,No qualifications,55,15,12,1,2,40
S01010416,Level 1,71,39,29,5,5,32
S01010416,Level 2,87,49,33,11,5,38
S01010416,Level 3,35,24,16,5,3,11
S01010416,Level 4 and above,338,252,205,38,9,86
S01010417,All people aged 16 and over,488,338,288,41,9,150
S01010417,No qualifications,55,13,9,2,2,42
S01010417,Level 1,39,26,21,4,1,13
S01010417,Level 2,46,27,21,6,0,19
S01010417,Level 3,40,30,27,1,2,10
S01010417,Level 4 and above,308,242,210,28,4,66
S01010418,All people aged 16 and over,937,691,551,107,33,246
S01010418,No qualifications,77,19,13,6,0,58
S01010418,Level 1,77,40,28,7,5,37
S01010418,Level 2,86,55,39,8,8,31
S01010418,Level 3,60,46,36,5,5,14
S01010418,Level 4 and above,637,531,435,81,15,106
S01010419,All people aged 16 and over,836,579,479,80,20,257
S01010419,No qualifications,65,11,10,1,0,54
S01010419,Level 1,70,26,21,3,2,44
S01010419,Level 2,93,60,44,10,6,33
S01010419,Level 3,67,45,35,9,1,22
S01010419,Level 4 and above,541,437,369,57,11,104
S01010420,All people aged 16 and over,578,330,269,47,14,248
S01010420,No qualifications,97,12,8,3,1,85
S01010420,Level 1,68,25,18,6,1,43
S01010420,Level 2,88,54,45,3,6,34
S01010420,Level 3,62,40,30,8,2,22
S01010420,Level 4 and above,263,199,168,27,4,64
S01010421,All people aged 16 and over,704,456,361,65,30,248
S01010421,No qualifications,85,21,13,4,4,64
S01010421,Level 1,71,36,27,3,6,35
S01010421,Level 2,90,56,46,6,4,34
S01010421,Level 3,55,42,32,7,3,13
S01010421,Level 4 and above,403,301,243,45,13,102
S01010422,All people aged 16 and over,895,547,446,63,38,348
S01010422,No qualifications,162,36,22,8,6,126
S01010422,Level 1,133,65,47,6,12,68
S01010422,Level 2,112,68,46,13,9,44
S01010422,Level 3,75,55,43,7,5,20
S01010422,Level 4 and above,413,323,288,29,6,90
S01010423,All people aged 16 and over,702,430,338,21,71,272
S01010423,No qualifications,229,76,44,4,28,153
S01010423,Level 1,144,102,82,1,19,42
S01010423,Level 2,80,56,41,5,10,24
S01010423,Level 3,70,56,48,3,5,14
S01010423,Level 4 and above,179,140,123,8,9,39
S01010424,All people aged 16 and over,707,399,316,23,60,308
S01010424,No qualifications,237,70,46,5,19,167
S01010424,Level 1,152,84,63,3,18,68
S01010424,Level 2,82,54,45,1,8,28
S01010424,Level 3,72,58,45,2,11,14
S01010424,Level 4 and above,164,133,117,12,4,31
S01010425,All people aged 16 and over,875,529,425,35,69,346
S01010425,No qualifications,281,88,62,5,21,193
S01010425,Level 1,200,128,100,5,23,72
S01010425,Level 2,105,74,61,6,7,31
S01010425,Level 3,86,70,55,5,10,16
S01010425,Level 4 and above,203,169,147,14,8,34
S01010426,All people aged 16 and over,603,405,323,22,60,198
S01010426,No qualifications,153,61,37,4,20,92
S01010426,Level 1,141,87,66,3,18,54
S01010426,Level 2,70,51,41,4,6,19
S01010426,Level 3,58,48,41,2,5,10
S01010426,Level 4 and above,181,158,138,9,11,23
S01010427,All people aged 16 and over,802,407,276,38,93,395
S01010427,No qualifications,337,104,61,10,33,233
S01010427,Level 1,149,83,60,3,20,66
S01010427,Level 2,76,45,25,4,16,31
S01010427,Level 3,60,42,30,2,10,18
S01010427,Level 4 and above,180,133,100,19,14,47
S01010428,All people aged 16 and over,577,354,304,39,11,223
S01010428,No qualifications,135,24,16,4,4,111
S01010428,Level 1,77,39,31,5,3,38
S01010428,Level 2,75,52,46,5,1,23
S01010428,Level 3,43,36,31,3,2,7
S01010428,Level 4 and above,247,203,180,22,1,44
S01010429,All people aged 16 and over,772,551,471,56,24,221
S01010429,No qualifications,100,25,16,5,4,75
S01010429,Level 1,88,59,42,9,8,29
S01010429,Level 2,95,55,41,9,5,40
S01010429,Level 3,62,51,46,4,1,11
S01010429,Level 4 and above,427,361,326,29,6,66
S01010430,All people aged 16 and over,698,389,298,29,62,309
S01010430,No qualifications,255,89,69,4,16,166
S01010430,Level 1,169,113,89,5,19,56
S01010430,Level 2,71,44,27,5,12,27
S01010430,Level 3,67,45,38,4,3,22
S01010430,Level 4 and above,136,98,75,11,12,38
S01010431,All people aged 16 and over,549,379,307,52,20,170
S01010431,No qualifications,67,20,11,5,4,47
S01010431,Level 1,49,21,13,5,3,28
S01010431,Level 2,83,51,41,6,4,32
S01010431,Level 3,47,34,28,3,3,13
S01010431,Level 4 and above,303,253,214,33,6,50
S01010432,All people aged 16 and over,727,442,368,23,51,285
S01010432,No qualifications,237,95,69,7,19,142
S01010432,Level 1,185,121,102,5,14,64
S01010432,Level 2,85,52,40,5,7,33
S01010432,Level 3,88,72,62,4,6,16
S01010432,Level 4 and above,132,102,95,2,5,30
S01010433,All people aged 16 and over,546,315,185,22,108,231
S01010433,No qualifications,213,104,68,7,29,109
S01010433,Level 1,154,93,40,5,48,61
S01010433,Level 2,42,23,15,2,6,19
S01010433,Level 3,47,32,23,2,7,15
S01010433,Level 4 and above,90,63,39,6,18,27
S01010434,All people aged 16 and over,493,301,220,15,66,192
S01010434,No qualifications,182,66,45,1,20,116
S01010434,Level 1,86,60,43,1,16,26
S01010434,Level 2,72,55,41,5,9,17
S01010434,Level 3,57,43,33,2,8,14
S01010434,Level 4 and above,96,77,58,6,13,19
S01010435,All people aged 16 and over,528,310,265,16,29,218
S01010435,No qualifications,219,71,65,2,4,148
S01010435,Level 1,128,94,77,6,11,34
S01010435,Level 2,60,44,36,2,6,16
S01010435,Level 3,42,34,34,0,0,8
S01010435,Level 4 and above,79,67,53,6,8,12
S01010436,All people aged 16 and over,660,395,301,30,64,265
S01010436,No qualifications,220,66,48,7,11,154
S01010436,Level 1,150,100,70,7,23,50
S01010436,Level 2,72,49,40,2,7,23
S01010436,Level 3,68,57,38,3,16,11
S01010436,Level 4 and above,150,123,105,11,7,27
S01010437,All people aged 16 and over,467,258,207,16,35,209
S01010437,No qualifications,171,49,38,6,5,122
S01010437,Level 1,113,67,48,3,16,46
S01010437,Level 2,55,34,26,1,7,21
S01010437,Level 3,50,42,38,3,1,8
S01010437,Level 4 and above,78,66,57,3,6,12
S01010438,All people aged 16 and over,610,387,307,20,60,223
S01010438,No qualifications,195,72,51,6,15,123
S01010438,Level 1,171,114,86,7,21,57
S01010438,Level 2,72,57,45,3,9,15
S01010438,Level 3,54,42,33,2,7,12
S01010438,Level 4 and above,118,102,92,2,8,16
S01010439,All people aged 16 and over,798,556,461,23,72,242
S01010439,No qualifications,213,103,80,4,19,110
S01010439,Level 1,201,143,119,6,18,58
S01010439,Level 2,104,80,67,6,7,24
S01010439,Level 3,73,57,48,1,8,16
S01010439,Level 4 and above,207,173,147,6,20,34
S01010440,All people aged 16 and over,534,291,221,17,53,243
S01010440,No qualifications,207,63,42,3,18,144
S01010440,Level 1,143,90,65,6,19,53
S01010440,Level 2,63,44,33,3,8,19
S01010440,Level 3,49,39,29,4,6,10
S01010440,Level 4 and above,72,55,52,1,2,17
S01010441,All people aged 16 and over,694,579,508,25,46,115
S01010441,No qualifications,100,55,42,3,10,45
S01010441,Level 1,160,128,102,6,20,32
S01010441,Level 2,101,91,82,4,5,10
S01010441,Level 3,127,115,102,7,6,12
S01010441,Level 4 and above,206,190,180,5,5,16
S01010442,All people aged 16 and over,595,454,366,26,62,141
S01010442,No qualifications,158,85,60,5,20,73
S01010442,Level 1,156,125,103,6,16,31
S01010442,Level 2,92,73,67,1,5,19
S01010442,Level 3,68,62,47,4,11,6
S01010442,Level 4 and above,121,109,89,10,10,12
S01010443,All people aged 16 and over,436,262,215,25,22,174
S01010443,No qualifications,185,76,66,6,4,109
S01010443,Level 1,106,70,51,7,12,36
S01010443,Level 2,43,31,26,5,0,12
S01010443,Level 3,32,23,19,2,2,9
S01010443,Level 4 and above,70,62,53,5,4,8
S01010444,All people aged 16 and over,558,310,238,24,48,248
S01010444,No qualifications,263,84,61,7,16,179
S01010444,Level 1,116,83,65,4,14,33
S01010444,Level 2,72,58,43,5,10,14
S01010444,Level 3,42,36,29,2,5,6
S01010444,Level 4 and above,65,49,40,6,3,16
S01010445,All people aged 16 and over,785,338,278,30,30,447
S01010445,No qualifications,389,91,68,8,15,298
S01010445,Level 1,179,105,84,13,8,74
S01010445,Level 2,84,52,45,4,3,32
S01010445,Level 3,44,32,28,2,2,12
S01010445,Level 4 and above,89,58,53,3,2,31
S01010446,All people aged 16 and over,700,437,354,50,33,263
S01010446,No qualifications,234,87,69,13,5,147
S01010446,Level 1,159,106,80,17,9,53
S01010446,Level 2,109,83,64,11,8,26
S01010446,Level 3,67,54,43,4,7,13
S01010446,Level 4 and above,131,107,98,5,4,24
S01010447,All people aged 16 and over,816,415,322,28,65,401
S01010447,No qualifications,338,99,69,8,22,239
S01010447,Level 1,212,134,97,8,29,78
S01010447,Level 2,76,51,42,4,5,25
S01010447,Level 3,88,54,46,2,6,34
S01010447,Level 4 and above,102,77,68,6,3,25
S01010448,All people aged 16 and over,710,438,367,34,37,272
S01010448,No qualifications,239,82,67,6,9,157
S01010448,Level 1,171,121,95,10,16,50
S01010448,Level 2,110,74,63,6,5,36
S01010448,Level 3,65,54,49,2,3,11
S01010448,Level 4 and above,125,107,93,10,4,18
S01010449,All people aged 16 and over,654,326,275,18,33,328
S01010449,No qualifications,329,86,70,6,10,243
S01010449,Level 1,138,95,79,3,13,43
S01010449,Level 2,49,35,26,4,5,14
S01010449,Level 3,49,35,34,1,0,14
S01010449,Level 4 and above,89,75,66,4,5,14
S01010450,All people aged 16 and over,691,355,299,19,37,336
S01010450,No qualifications,297,85,76,3,6,212
S01010450,Level 1,160,102,83,5,14,58
S01010450,Level 2,80,56,43,6,7,24
S01010450,Level 3,47,28,22,1,5,19
S01010450,Level 4 and above,107,84,75,4,5,23
S01010451,All people aged 16 and over,703,358,255,26,77,345
S01010451,No qualifications,265,63,39,2,22,202
S01010451,Level 1,161,90,59,4,27,71
S01010451,Level 2,62,40,32,4,4,22
S01010451,Level 3,67,54,40,3,11,13
S01010451,Level 4 and above,148,111,85,13,13,37
S01010452,All people aged 16 and over,701,354,311,17,26,347
S01010452,No qualifications,308,77,61,5,11,231
S01010452,Level 1,139,91,75,6,10,48
S01010452,Level 2,84,58,56,1,1,26
S01010452,Level 3,60,48,44,2,2,12
S01010452,Level 4 and above,110,80,75,3,2,30
S01010453,All people aged 16 and over,539,320,211,24,85,219
S01010453,No qualifications,170,68,33,5,30,102
S01010453,Level 1,142,85,55,7,23,57
S01010453,Level 2,46,30,24,2,4,16
S01010453,Level 3,58,44,28,3,13,14
S01010453,Level 4 and above,123,93,71,7,15,30
S01010454,All people aged 16 and over,734,355,306,24,25,379
S01010454,No qualifications,335,83,62,8,13,252
S01010454,Level 1,162,97,85,5,7,65
S01010454,Level 2,87,57,55,1,1,30
S01010454,Level 3,65,54,47,4,3,11
S01010454,Level 4 and above,85,64,57,6,1,21
S01010455,All people aged 16 and over,833,359,276,26,57,474
S01010455,No qualifications,437,110,85,7,18,327
S01010455,Level 1,145,84,59,5,20,61
S01010455,Level 2,102,71,58,3,10,31
S01010455,Level 3,65,47,40,2,5,18
S01010455,Level 4 and above,84,47,34,9,4,37
S01010456,All people aged 16 and over,487,250,212,19,19,237
S01010456,No qualifications,206,46,40,2,4,160
S01010456,Level 1,94,62,55,5,2,32
S01010456,Level 2,57,39,35,4,0,18
S01010456,Level 3,46,38,30,4,4,8
S01010456,Level 4 and above,84,65,52,4,9,19
S01010457,All people aged 16 and over,535,292,211,32,49,243
S01010457,No qualifications,205,54,39,10,5,151
S01010457,Level 1,119,82,58,6,18,37
S01010457,Level 2,62,45,30,5,10,17
S01010457,Level 3,53,39,35,2,2,14
S01010457,Level 4 and above,96,72,49,9,14,24
S01010458,All people aged 16 and over,650,308,236,18,54,342
S01010458,No qualifications,279,55,42,2,11,224
S01010458,Level 1,153,82,57,5,20,71
S01010458,Level 2,71,48,37,4,7,23
S01010458,Level 3,63,52,40,3,9,11
S01010458,Level 4 and above,84,71,60,4,7,13
S01010459,All people aged 16 and over,474,215,175,22,18,259
S01010459,No qualifications,184,37,26,8,3,147
S01010459,Level 1,111,59,48,4,7,52
S01010459,Level 2,42,22,18,2,2,20
S01010459,Level 3,38,25,21,1,3,13
S01010459,Level 4 and above,99,72,62,7,3,27
S01010460,All people aged 16 and over,592,402,316,68,18,190
S01010460,No qualifications,122,40,25,14,1,82
S01010460,Level 1,72,41,33,7,1,31
S01010460,Level 2,80,53,43,7,3,27
S01010460,Level 3,55,42,35,4,3,13
S01010460,Level 4 and above,263,226,180,36,10,37
S01010461,All people aged 16 and over,616,300,226,20,54,316
S01010461,No qualifications,258,70,43,5,22,188
S01010461,Level 1,128,80,60,4,16,48
S01010461,Level 2,63,32,27,2,3,31
S01010461,Level 3,49,31,24,3,4,18
S01010461,Level 4 and above,118,87,72,6,9,31
S01010462,All people aged 16 and over,626,319,168,20,131,307
S01010462,No qualifications,262,102,51,7,44,160
S01010462,Level 1,156,84,39,5,40,72
S01010462,Level 2,42,24,14,0,10,18
S01010462,Level 3,60,43,27,2,14,17
S01010462,Level 4 and above,106,66,37,6,23,40
S01010463,All people aged 16 and over,665,391,306,47,38,274
S01010463,No qualifications,221,71,54,11,6,150
S01010463,Level 1,124,80,62,4,14,44
S01010463,Level 2,89,56,44,8,4,33
S01010463,Level 3,66,55,38,10,7,11
S01010463,Level 4 and above,165,129,108,14,7,36
S01010464,All people aged 16 and over,448,264,210,27,27,184
S01010464,No qualifications,163,44,32,2,10,119
S01010464,Level 1,85,54,41,7,6,31
S01010464,Level 2,42,34,28,3,3,8
S01010464,Level 3,55,47,38,5,4,8
S01010464,Level 4 and above,103,85,71,10,4,18
S01010465,All people aged 16 and over,798,602,534,38,30,196
S01010465,No qualifications,125,45,38,3,4,80
S01010465,Level 1,148,105,93,7,5,43
S01010465,Level 2,121,95,81,6,8,26
S01010465,Level 3,99,81,72,1,8,18
S01010465,Level 4 and above,305,276,250,21,5,29
S01010466,All people aged 16 and over,780,570,475,56,39,210
S01010466,No qualifications,83,31,23,4,4,52
S01010466,Level 1,108,74,54,10,10,34
S01010466,Level 2,104,73,59,8,6,31
S01010466,Level 3,82,72,63,5,4,10
S01010466,Level 4 and above,403,320,276,29,15,83
S01010467,All people aged 16 and over,786,379,311,46,22,407
S01010467,No qualifications,186,29,21,7,1,157
S01010467,Level 1,103,48,37,8,3,55
S01010467,Level 2,98,54,44,6,4,44
S01010467,Level 3,64,43,35,5,3,21
S01010467,Level 4 and above,335,205,174,20,11,130
S01010468,All people aged 16 and over,783,520,432,61,27,263
S01010468,No qualifications,124,41,30,7,4,83
S01010468,Level 1,82,50,38,6,6,32
S01010468,Level 2,106,68,58,4,6,38
S01010468,Level 3,85,66,54,7,5,19
S01010468,Level 4 and above,386,295,252,37,6,91
S01010469,All people aged 16 and over,520,315,259,14,42,205
S01010469,No qualifications,109,20,13,3,4,89
S01010469,Level 1,89,42,31,1,10,47
S01010469,Level 2,50,40,29,5,6,10
S01010469,Level 3,47,32,25,1,6,15
S01010469,Level 4 and above,225,181,161,4,16,44
S01010470,All people aged 16 and over,674,354,297,36,21,320
S01010470,No qualifications,270,60,47,6,7,210
S01010470,Level 1,132,84,69,9,6,48
S01010470,Level 2,72,51,45,4,2,21
S01010470,Level 3,63,50,44,4,2,13
S01010470,Level 4 and above,137,109,92,13,4,28
S01010471,All people aged 16 and over,536,294,240,16,38,242
S01010471,No qualifications,221,62,51,4,7,159
S01010471,Level 1,104,61,43,2,16,43
S01010471,Level 2,61,40,34,2,4,21
S01010471,Level 3,46,40,35,0,5,6
S01010471,Level 4 and above,104,91,77,8,6,13
S01010472,All people aged 16 and over,462,346,300,22,24,116
S01010472,No qualifications,68,26,14,6,6,42
S01010472,Level 1,60,44,36,3,5,16
S01010472,Level 2,66,44,39,2,3,22
S01010472,Level 3,43,35,29,3,3,8
S01010472,Level 4 and above,225,197,182,8,7,28
S01010473,All people aged 16 and over,668,447,382,25,40,221
S01010473,No qualifications,157,53,43,3,7,104
S01010473,Level 1,106,70,57,4,9,36
S01010473,Level 2,94,65,58,1,6,29
S01010473,Level 3,73,59,51,5,3,14
S01010473,Level 4 and above,238,200,173,12,15,38
S01010474,All people aged 16 and over,714,483,388,45,50,231
S01010474,No qualifications,134,44,30,2,12,90
S01010474,Level 1,115,78,55,10,13,37
S01010474,Level 2,110,72,61,3,8,38
S01010474,Level 3,66,47,34,5,8,19
S01010474,Level 4 and above,289,242,208,25,9,47
S01010475,All people aged 16 and over,591,449,403,32,14,142
S01010475,No qualifications,61,18,17,1,0,43
S01010475,Level 1,74,59,46,6,7,15
S01010475,Level 2,98,62,55,4,3,36
S01010475,Level 3,65,55,51,3,1,10
S01010475,Level 4 and above,293,255,234,18,3,38
S01010476,All people aged 16 and over,928,502,420,42,40,426
S01010476,No qualifications,268,44,32,6,6,224
S01010476,Level 1,144,86,68,3,15,58
S01010476,Level 2,139,78,66,8,4,61
S01010476,Level 3,90,70,57,8,5,20
S01010476,Level 4 and above,287,224,197,17,10,63
S01010477,All people aged 16 and over,628,371,313,27,31,257
S01010477,No qualifications,228,59,47,7,5,169
S01010477,Level 1,126,91,77,4,10,35
S01010477,Level 2,93,72,65,2,5,21
S01010477,Level 3,61,48,37,7,4,13
S01010477,Level 4 and above,120,101,87,7,7,19
S01010478,All people aged 16 and over,864,486,377,42,67,378
S01010478,No qualifications,319,96,68,8,20,223
S01010478,Level 1,190,133,99,10,24,57
S01010478,Level 2,105,65,54,5,6,40
S01010478,Level 3,105,86,71,5,10,19
S01010478,Level 4 and above,145,106,85,14,7,39
S01010479,All people aged 16 and over,839,472,395,23,54,367
S01010479,No qualifications,323,105,81,8,16,218
S01010479,Level 1,180,116,88,8,20,64
S01010479,Level 2,116,77,66,2,9,39
S01010479,Level 3,85,68,62,1,5,17
S01010479,Level 4 and above,135,106,98,4,4,29
S01010480,All people aged 16 and over,505,259,214,23,22,246
S01010480,No qualifications,201,41,29,2,10,160
S01010480,Level 1,123,77,64,8,5,46
S01010480,Level 2,55,41,31,5,5,14
S01010480,Level 3,50,40,37,2,1,10
S01010480,Level 4 and above,76,60,53,6,1,16
S01010481,All people aged 16 and over,476,266,188,17,61,210
S01010481,No qualifications,203,78,51,6,21,125
S01010481,Level 1,142,99,61,8,30,43
S01010481,Level 2,50,26,21,2,3,24
S01010481,Level 3,33,24,21,0,3,9
S01010481,Level 4 and above,48,39,34,1,4,9
S01010482,All people aged 16 and over,655,361,297,28,36,294
S01010482,No qualifications,265,80,55,12,13,185
S01010482,Level 1,132,77,57,8,12,55
S01010482,Level 2,96,74,66,3,5,22
S01010482,Level 3,54,42,37,1,4,12
S01010482,Level 4 and above,108,88,82,4,2,20
S01010483,All people aged 16 and over,858,479,399,44,36,379
S01010483,No qualifications,327,90,73,8,9,237
S01010483,Level 1,187,118,98,11,9,69
S01010483,Level 2,99,77,57,11,9,22
S01010483,Level 3,88,65,55,6,4,23
S01010483,Level 4 and above,157,129,116,8,5,28
S01010484,All people aged 16 and over,460,280,228,19,33,180
S01010484,No qualifications,183,67,52,5,10,116
S01010484,Level 1,113,78,59,5,14,35
S01010484,Level 2,56,38,31,2,5,18
S01010484,Level 3,42,35,29,3,3,7
S01010484,Level 4 and above,66,62,57,4,1,4
S01010485,All people aged 16 and over,794,480,390,42,48,314
S01010485,No qualifications,239,75,57,6,12,164
S01010485,Level 1,185,128,99,10,19,57
S01010485,Level 2,124,88,74,6,8,36
S01010485,Level 3,85,67,56,6,5,18
S01010485,Level 4 and above,161,122,104,14,4,39
S01010486,All people aged 16 and over,784,517,431,64,22,267
S01010486,No qualifications,179,53,39,11,3,126
S01010486,Level 1,178,138,115,15,8,40
S01010486,Level 2,143,106,86,15,5,37
S01010486,Level 3,88,74,64,9,1,14
S01010486,Level 4 and above,196,146,127,14,5,50
S01010487,All people aged 16 and over,815,480,406,31,43,335
S01010487,No qualifications,318,106,87,9,10,212
S01010487,Level 1,207,148,123,7,18,59
S01010487,Level 2,105,86,69,6,11,19
S01010487,Level 3,81,68,61,5,2,13
S01010487,Level 4 and above,104,72,66,4,2,32
S01010488,All people aged 16 and over,583,351,265,17,69,232
S01010488,No qualifications,238,83,63,3,17,155
S01010488,Level 1,180,136,96,5,35,44
S01010488,Level 2,60,51,41,4,6,9
S01010488,Level 3,50,39,32,1,6,11
S01010488,Level 4 and above,55,42,33,4,5,13
S01010489,All people aged 16 and over,877,455,361,22,72,422
S01010489,No qualifications,395,112,78,8,26,283
S01010489,Level 1,229,157,128,3,26,72
S01010489,Level 2,90,70,55,5,10,20
S01010489,Level 3,74,56,52,2,2,18
S01010489,Level 4 and above,89,60,48,4,8,29
S01010490,All people aged 16 and over,526,296,210,14,72,230
S01010490,No qualifications,202,78,46,3,29,124
S01010490,Level 1,166,103,69,4,30,63
S01010490,Level 2,49,32,26,1,5,17
S01010490,Level 3,55,38,28,3,7,17
S01010490,Level 4 and above,54,45,41,3,1,9
S01010491,All people aged 16 and over,633,368,256,17,95,265
S01010491,No qualifications,292,116,78,3,35,176
S01010491,Level 1,182,127,84,8,35,55
S01010491,Level 2,48,40,29,2,9,8
S01010491,Level 3,65,48,35,2,11,17
S01010491,Level 4 and above,46,37,30,2,5,9
S01010492,All people aged 16 and over,425,197,131,6,60,228
S01010492,No qualifications,234,80,52,1,27,154
S01010492,Level 1,113,67,39,3,25,46
S01010492,Level 2,33,19,16,1,2,14
S01010492,Level 3,28,22,16,0,6,6
S01010492,Level 4 and above,17,9,8,1,0,8
S01010493,All people aged 16 and over,487,281,181,11,89,206
S01010493,No qualifications,232,105,61,4,40,127
S01010493,Level 1,143,94,55,4,35,49
S01010493,Level 2,35,28,24,1,3,7
S01010493,Level 3,46,34,26,1,7,12
S01010493,Level 4 and above,31,20,15,1,4,11
S01010494,All people aged 16 and over,467,321,250,19,52,146
S01010494,No qualifications,172,77,60,5,12,95
S01010494,Level 1,150,116,82,8,26,34
S01010494,Level 2,50,42,30,3,9,8
S01010494,Level 3,45,40,37,2,1,5
S01010494,Level 4 and above,50,46,41,1,4,4
S01010495,All people aged 16 and over,644,359,272,9,78,285
S01010495,No qualifications,304,125,91,5,29,179
S01010495,Level 1,160,112,81,3,28,48
S01010495,Level 2,77,50,35,1,14,27
S01010495,Level 3,58,39,33,0,6,19
S01010495,Level 4 and above,45,33,32,0,1,12
S01010496,All people aged 16 and over,651,339,246,15,78,312
S01010496,No qualifications,300,91,68,1,22,209
S01010496,Level 1,215,149,98,8,43,66
S01010496,Level 2,40,26,23,0,3,14
S01010496,Level 3,47,39,31,2,6,8
S01010496,Level 4 and above,49,34,26,4,4,15
S01010497,All people aged 16 and over,552,351,254,27,70,201
S01010497,No qualifications,229,97,61,7,29,132
S01010497,Level 1,164,123,94,7,22,41
S01010497,Level 2,57,45,34,3,8,12
S01010497,Level 3,48,42,32,3,7,6
S01010497,Level 4 and above,54,44,33,7,4,10
S01010498,All people aged 16 and over,642,361,263,11,87,281
S01010498,No qualifications,337,134,94,2,38,203
S01010498,Level 1,153,104,75,2,27,49
S01010498,Level 2,58,51,39,2,10,7
S01010498,Level 3,46,36,26,2,8,10
S01010498,Level 4 and above,48,36,29,3,4,12
S01010499,All people aged 16 and over,692,282,166,9,107,410
S01010499,No qualifications,384,99,49,4,46,285
S01010499,Level 1,158,90,56,1,33,68
S01010499,Level 2,52,33,23,2,8,19
S01010499,Level 3,48,31,22,1,8,17
S01010499,Level 4 and above,50,29,16,1,12,21
S01010500,All people aged 16 and over,747,424,317,19,88,323
S01010500,No qualifications,316,114,80,3,31,202
S01010500,Level 1,221,152,111,5,36,69
S01010500,Level 2,92,68,56,2,10,24
S01010500,Level 3,63,44,33,5,6,19
S01010500,Level 4 and above,55,46,37,4,5,9
S01010501,All people aged 16 and over,728,434,347,20,67,294
S01010501,No qualifications,308,110,76,6,28,198
S01010501,Level 1,210,149,116,7,26,61
S01010501,Level 2,82,68,59,2,7,14
S01010501,Level 3,69,57,52,2,3,12
S01010501,Level 4 and above,59,50,44,3,3,9
S01010502,All people aged 16 and over,612,446,363,32,51,166
S01010502,No qualifications,223,119,90,8,21,104
S01010502,Level 1,198,161,133,15,13,37
S01010502,Level 2,78,67,58,4,5,11
S01010502,Level 3,47,38,34,1,3,9
S01010502,Level 4 and above,66,61,48,4,9,5
S01010503,All people aged 16 and over,547,276,230,10,36,271
S01010503,No qualifications,268,84,72,3,9,184
S01010503,Level 1,157,109,91,4,14,48
S01010503,Level 2,57,31,25,2,4,26
S01010503,Level 3,34,29,22,1,6,5
S01010503,Level 4 and above,31,23,20,0,3,8
S01010504,All people aged 16 and over,433,266,130,131,5,167
S01010504,No qualifications,78,25,11,13,1,53
S01010504,Level 1,80,52,31,20,1,28
S01010504,Level 2,51,38,24,14,0,13
S01010504,Level 3,38,27,11,13,3,11
S01010504,Level 4 and above,186,124,53,71,0,62
S01010505,All people aged 16 and over,453,298,184,100,14,155
S01010505,No qualifications,82,26,16,6,4,56
S01010505,Level 1,103,81,47,26,8,22
S01010505,Level 2,76,61,34,26,1,15
S01010505,Level 3,39,32,20,11,1,7
S01010505,Level 4 and above,153,98,67,31,0,55
S01010506,All people aged 16 and over,690,467,304,142,21,223
S01010506,No qualifications,157,64,39,24,1,93
S01010506,Level 1,143,109,72,31,6,34
S01010506,Level 2,101,78,47,25,6,23
S01010506,Level 3,62,50,34,15,1,12
S01010506,Level 4 and above,227,166,112,47,7,61
S01010507,All people aged 16 and over,649,457,327,90,40,192
S01010507,No qualifications,209,108,74,20,14,101
S01010507,Level 1,186,156,113,32,11,30
S01010507,Level 2,85,65,51,12,2,20
S01010507,Level 3,48,38,27,4,7,10
S01010507,Level 4 and above,121,90,62,22,6,31
S01010508,All people aged 16 and over,820,519,366,134,19,301
S01010508,No qualifications,179,82,62,17,3,97
S01010508,Level 1,203,142,89,46,7,61
S01010508,Level 2,114,79,59,16,4,35
S01010508,Level 3,68,52,39,12,1,16
S01010508,Level 4 and above,256,164,117,43,4,92
S01010509,All people aged 16 and over,793,557,417,125,15,236
S01010509,No qualifications,185,99,65,28,6,86
S01010509,Level 1,192,131,106,19,6,61
S01010509,Level 2,107,81,63,18,0,26
S01010509,Level 3,62,57,40,16,1,5
S01010509,Level 4 and above,247,189,143,44,2,58
S01010510,All people aged 16 and over,696,399,339,45,15,297
S01010510,No qualifications,247,76,61,13,2,171
S01010510,Level 1,148,99,83,12,4,49
S01010510,Level 2,92,71,61,4,6,21
S01010510,Level 3,53,44,39,5,0,9
S01010510,Level 4 and above,156,109,95,11,3,47
S01010511,All people aged 16 and over,669,462,392,34,36,207
S01010511,No qualifications,256,129,104,16,9,127
S01010511,Level 1,197,160,136,10,14,37
S01010511,Level 2,88,73,66,3,4,15
S01010511,Level 3,54,46,38,2,6,8
S01010511,Level 4 and above,74,54,48,3,3,20
S01010512,All people aged 16 and over,501,290,233,41,16,211
S01010512,No qualifications,166,56,42,11,3,110
S01010512,Level 1,128,88,72,10,6,40
S01010512,Level 2,69,56,48,6,2,13
S01010512,Level 3,33,24,20,3,1,9
S01010512,Level 4 and above,105,66,51,11,4,39
S01010513,All people aged 16 and over,618,429,347,70,12,189
S01010513,No qualifications,120,46,35,7,4,74
S01010513,Level 1,152,114,89,18,7,38
S01010513,Level 2,90,74,64,10,0,16
S01010513,Level 3,53,46,43,2,1,7
S01010513,Level 4 and above,203,149,116,33,0,54
S01010514,All people aged 16 and over,558,374,333,28,13,184
S01010514,No qualifications,218,110,96,9,5,108
S01010514,Level 1,166,124,110,8,6,42
S01010514,Level 2,73,60,56,3,1,13
S01010514,Level 3,34,31,25,5,1,3
S01010514,Level 4 and above,67,49,46,3,0,18
S01010515,All people aged 16 and over,662,441,384,27,30,221
S01010515,No qualifications,259,120,99,10,11,139
S01010515,Level 1,216,175,157,4,14,41
S01010515,Level 2,83,66,58,5,3,17
S01010515,Level 3,28,20,17,2,1,8
S01010515,Level 4 and above,76,60,53,6,1,16
S01010516,All people aged 16 and over,515,347,240,91,16,168
S01010516,No qualifications,135,60,27,26,7,75
S01010516,Level 1,107,81,54,20,7,26
S01010516,Level 2,59,47,39,8,0,12
S01010516,Level 3,52,38,24,12,2,14
S01010516,Level 4 and above,162,121,96,25,0,41
S01010517,All people aged 16 and over,685,481,375,59,47,204
S01010517,No qualifications,171,79,56,10,13,92
S01010517,Level 1,176,121,92,8,21,55
S01010517,Level 2,113,93,80,10,3,20
S01010517,Level 3,59,46,37,6,3,13
S01010517,Level 4 and above,166,142,110,25,7,24
S01010518,All people aged 16 and over,543,398,326,44,28,145
S01010518,No qualifications,117,50,33,11,6,67
S01010518,Level 1,146,117,95,11,11,29
S01010518,Level 2,93,82,66,12,4,11
S01010518,Level 3,51,46,43,1,2,5
S01010518,Level 4 and above,136,103,89,9,5,33
S01010519,All people aged 16 and over,568,410,346,30,34,158
S01010519,No qualifications,143,82,70,6,6,61
S01010519,Level 1,169,125,94,10,21,44
S01010519,Level 2,95,75,69,3,3,20
S01010519,Level 3,49,40,37,1,2,9
S01010519,Level 4 and above,112,88,76,10,2,24
S01010520,All people aged 16 and over,755,511,454,41,16,244
S01010520,No qualifications,242,78,66,7,5,164
S01010520,Level 1,204,164,144,13,7,40
S01010520,Level 2,122,108,98,7,3,14
S01010520,Level 3,48,44,40,3,1,4
S01010520,Level 4 and above,139,117,106,11,0,22
S01010521,All people aged 16 and over,608,428,341,60,27,180
S01010521,No qualifications,209,97,73,16,8,112
S01010521,Level 1,176,133,107,15,11,43
S01010521,Level 2,77,69,60,6,3,8
S01010521,Level 3,37,33,25,7,1,4
S01010521,Level 4 and above,109,96,76,16,4,13
S01010522,All people aged 16 and over,514,330,267,40,23,184
S01010522,No qualifications,171,51,32,14,5,120
S01010522,Level 1,147,119,95,11,13,28
S01010522,Level 2,73,63,59,2,2,10
S01010522,Level 3,37,31,25,5,1,6
S01010522,Level 4 and above,86,66,56,8,2,20
S01010523,All people aged 16 and over,457,305,254,25,26,152
S01010523,No qualifications,165,84,72,6,6,81
S01010523,Level 1,138,97,81,3,13,41
S01010523,Level 2,56,43,36,6,1,13
S01010523,Level 3,26,21,17,1,3,5
S01010523,Level 4 and above,72,60,48,9,3,12
S01010524,All people aged 16 and over,462,297,214,75,8,165
S01010524,No qualifications,118,45,29,16,0,73
S01010524,Level 1,71,53,34,16,3,18
S01010524,Level 2,68,51,35,12,4,17
S01010524,Level 3,45,34,29,4,1,11
S01010524,Level 4 and above,160,114,87,27,0,46
S01010525,All people aged 16 and over,545,324,232,82,10,221
S01010525,No qualifications,100,35,23,11,1,65
S01010525,Level 1,111,72,53,14,5,39
S01010525,Level 2,85,56,42,12,2,29
S01010525,Level 3,57,41,30,9,2,16
S01010525,Level 4 and above,192,120,84,36,0,72
S01010526,All people aged 16 and over,675,435,319,97,19,240
S01010526,No qualifications,167,56,36,19,1,111
S01010526,Level 1,150,104,75,24,5,46
S01010526,Level 2,98,78,63,8,7,20
S01010526,Level 3,56,47,35,11,1,9
S01010526,Level 4 and above,204,150,110,35,5,54
S01010527,All people aged 16 and over,742,467,376,43,48,275
S01010527,No qualifications,224,82,56,11,15,142
S01010527,Level 1,214,160,131,9,20,54
S01010527,Level 2,96,81,71,4,6,15
S01010527,Level 3,40,32,27,1,4,8
S01010527,Level 4 and above,168,112,91,18,3,56
S01010528,All people aged 16 and over,503,342,250,84,8,161
S01010528,No qualifications,113,53,34,18,1,60
S01010528,Level 1,102,75,57,16,2,27
S01010528,Level 2,59,47,38,9,0,12
S01010528,Level 3,52,44,31,10,3,8
S01010528,Level 4 and above,177,123,90,31,2,54
S01010529,All people aged 16 and over,584,384,295,76,13,200
S01010529,No qualifications,153,56,39,13,4,97
S01010529,Level 1,139,112,92,14,6,27
S01010529,Level 2,91,75,61,12,2,16
S01010529,Level 3,50,35,27,8,0,15
S01010529,Level 4 and above,151,106,76,29,1,45
S01010530,All people aged 16 and over,547,374,252,107,15,173
S01010530,No qualifications,140,66,40,22,4,74
S01010530,Level 1,116,93,70,20,3,23
S01010530,Level 2,81,55,36,15,4,26
S01010530,Level 3,49,36,25,9,2,13
S01010530,Level 4 and above,161,124,81,41,2,37
S01010531,All people aged 16 and over,930,615,454,139,22,315
S01010531,No qualifications,226,99,66,28,5,127
S01010531,Level 1,195,154,120,26,8,41
S01010531,Level 2,141,112,85,24,3,29
S01010531,Level 3,89,65,50,13,2,24
S01010531,Level 4 and above,279,185,133,48,4,94
S01010532,All people aged 16 and over,462,302,200,82,20,160
S01010532,No qualifications,112,53,32,13,8,59
S01010532,Level 1,97,79,57,20,2,18
S01010532,Level 2,66,46,33,11,2,20
S01010532,Level 3,51,41,29,10,2,10
S01010532,Level 4 and above,136,83,49,28,6,53
S01010533,All people aged 16 and over,518,300,223,67,10,218
S01010533,No qualifications,125,39,29,10,0,86
S01010533,Level 1,106,74,53,17,4,32
S01010533,Level 2,70,44,33,11,0,26
S01010533,Level 3,31,24,13,9,2,7
S01010533,Level 4 and above,186,119,95,20,4,67
S01010534,All people aged 16 and over,706,473,371,78,24,233
S01010534,No qualifications,158,72,54,14,4,86
S01010534,Level 1,183,140,104,25,11,43
S01010534,Level 2,114,87,69,14,4,27
S01010534,Level 3,55,41,37,4,0,14
S01010534,Level 4 and above,196,133,107,21,5,63
S01010535,All people aged 16 and over,572,378,273,89,16,194
S01010535,No qualifications,104,45,28,14,3,59
S01010535,Level 1,99,64,40,20,4,35
S01010535,Level 2,88,73,51,17,5,15
S01010535,Level 3,51,45,34,8,3,6
S01010535,Level 4 and above,230,151,120,30,1,79
S01010536,All people aged 16 and over,703,477,393,58,26,226
S01010536,No qualifications,215,91,74,13,4,124
S01010536,Level 1,183,142,114,15,13,41
S01010536,Level 2,102,85,76,4,5,17
S01010536,Level 3,53,45,38,5,2,8
S01010536,Level 4 and above,150,114,91,21,2,36
S01010537,All people aged 16 and over,672,509,431,59,19,163
S01010537,No qualifications,155,73,62,6,5,82
S01010537,Level 1,176,138,126,8,4,38
S01010537,Level 2,85,71,62,7,2,14
S01010537,Level 3,83,75,62,9,4,8
S01010537,Level 4 and above,173,152,119,29,4,21
S01010538,All people aged 16 and over,600,472,380,62,30,128
S01010538,No qualifications,82,48,29,11,8,34
S01010538,Level 1,150,122,100,13,9,28
S01010538,Level 2,99,77,66,8,3,22
S01010538,Level 3,71,62,52,9,1,9
S01010538,Level 4 and above,198,163,133,21,9,35
S01010539,All people aged 16 and over,962,750,612,110,28,212
S01010539,No qualifications,164,85,67,12,6,79
S01010539,Level 1,248,199,156,28,15,49
S01010539,Level 2,117,95,82,12,1,22
S01010539,Level 3,95,86,72,14,0,9
S01010539,Level 4 and above,338,285,235,44,6,53
S01010540,All people aged 16 and over,540,341,250,75,16,199
S01010540,No qualifications,125,58,38,19,1,67
S01010540,Level 1,115,90,74,7,9,25
S01010540,Level 2,52,35,21,12,2,17
S01010540,Level 3,47,33,22,9,2,14
S01010540,Level 4 and above,201,125,95,28,2,76
S01010541,All people aged 16 and over,706,475,357,101,17,231
S01010541,No qualifications,142,63,47,12,4,79
S01010541,Level 1,133,88,61,21,6,45
S01010541,Level 2,105,82,64,15,3,23
S01010541,Level 3,74,62,44,18,0,12
S01010541,Level 4 and above,252,180,141,35,4,72
S01010542,All people aged 16 and over,755,483,360,102,21,272
S01010542,No qualifications,150,67,39,22,6,83
S01010542,Level 1,159,100,72,22,6,59
S01010542,Level 2,100,74,58,11,5,26
S01010542,Level 3,62,42,32,10,0,20
S01010542,Level 4 and above,284,200,159,37,4,84
S01010543,All people aged 16 and over,508,351,229,117,5,157
S01010543,No qualifications,106,48,28,19,1,58
S01010543,Level 1,101,79,55,23,1,22
S01010543,Level 2,82,65,43,20,2,17
S01010543,Level 3,52,40,28,12,0,12
S01010543,Level 4 and above,167,119,75,43,1,48
S01010544,All people aged 16 and over,692,464,352,75,37,228
S01010544,No qualifications,210,104,73,22,9,106
S01010544,Level 1,182,137,103,19,15,45
S01010544,Level 2,94,76,54,13,9,18
S01010544,Level 3,55,46,37,8,1,9
S01010544,Level 4 and above,151,101,85,13,3,50
S01010545,All people aged 16 and over,586,356,259,74,23,230
S01010545,No qualifications,143,47,32,7,8,96
S01010545,Level 1,151,105,84,15,6,46
S01010545,Level 2,71,47,35,10,2,24
S01010545,Level 3,39,36,30,4,2,3
S01010545,Level 4 and above,182,121,78,38,5,61
S01010546,All people aged 16 and over,710,402,312,65,25,308
S01010546,No qualifications,226,75,65,8,2,151
S01010546,Level 1,142,94,72,14,8,48
S01010546,Level 2,90,70,56,11,3,20
S01010546,Level 3,49,32,22,8,2,17
S01010546,Level 4 and above,203,131,97,24,10,72
S01010547,All people aged 16 and over,622,397,289,93,15,225
S01010547,No qualifications,144,58,33,24,1,86
S01010547,Level 1,155,106,76,23,7,49
S01010547,Level 2,92,66,52,12,2,26
S01010547,Level 3,65,56,43,12,1,9
S01010547,Level 4 and above,166,111,85,22,4,55
S01010548,All people aged 16 and over,574,319,227,75,17,255
S01010548,No qualifications,155,49,32,14,3,106
S01010548,Level 1,132,82,60,17,5,50
S01010548,Level 2,72,58,39,15,4,14
S01010548,Level 3,57,39,32,4,3,18
S01010548,Level 4 and above,158,91,64,25,2,67
S01010549,All people aged 16 and over,710,483,428,39,16,227
S01010549,No qualifications,110,43,36,3,4,67
S01010549,Level 1,180,119,105,8,6,61
S01010549,Level 2,101,82,76,6,0,19
S01010549,Level 3,90,74,66,3,5,16
S01010549,Level 4 and above,229,165,145,19,1,64
S01010550,All people aged 16 and over,447,293,240,40,13,154
S01010550,No qualifications,116,33,25,5,3,83
S01010550,Level 1,105,77,63,9,5,28
S01010550,Level 2,72,61,48,11,2,11
S01010550,Level 3,38,30,26,2,2,8
S01010550,Level 4 and above,116,92,78,13,1,24
S01010551,All people aged 16 and over,511,356,238,101,17,155
S01010551,No qualifications,87,47,26,17,4,40
S01010551,Level 1,119,82,56,20,6,37
S01010551,Level 2,75,58,40,17,1,17
S01010551,Level 3,57,51,35,14,2,6
S01010551,Level 4 and above,173,118,81,33,4,55
S01010552,All people aged 16 and over,630,424,322,87,15,206
S01010552,No qualifications,123,63,44,14,5,60
S01010552,Level 1,123,85,70,13,2,38
S01010552,Level 2,83,67,50,15,2,16
S01010552,Level 3,57,43,29,12,2,14
S01010552,Level 4 and above,244,166,129,33,4,78
S01010553,All people aged 16 and over,514,348,231,99,18,166
S01010553,No qualifications,95,48,24,23,1,47
S01010553,Level 1,121,85,55,21,9,36
S01010553,Level 2,83,61,47,13,1,22
S01010553,Level 3,53,42,30,11,1,11
S01010553,Level 4 and above,162,112,75,31,6,50
S01010554,All people aged 16 and over,637,407,321,60,26,230
S01010554,No qualifications,158,53,38,9,6,105
S01010554,Level 1,158,122,100,12,10,36
S01010554,Level 2,79,58,50,7,1,21
S01010554,Level 3,53,44,31,9,4,9
S01010554,Level 4 and above,189,130,102,23,5,59
S01010555,All people aged 16 and over,771,523,413,66,44,248
S01010555,No qualifications,161,60,41,11,8,101
S01010555,Level 1,205,153,120,16,17,52
S01010555,Level 2,127,99,89,6,4,28
S01010555,Level 3,78,61,47,9,5,17
S01010555,Level 4 and above,200,150,116,24,10,50
S01010556,All people aged 16 and over,810,411,334,32,45,399
S01010556,No qualifications,293,66,47,9,10,227
S01010556,Level 1,246,170,133,11,26,76
S01010556,Level 2,102,69,61,2,6,33
S01010556,Level 3,58,48,41,5,2,10
S01010556,Level 4 and above,111,58,52,5,1,53
S01010557,All people aged 16 and over,510,304,263,13,28,206
S01010557,No qualifications,177,63,44,4,15,114
S01010557,Level 1,134,96,82,6,8,38
S01010557,Level 2,62,48,46,1,1,14
S01010557,Level 3,46,38,34,1,3,8
S01010557,Level 4 and above,91,59,57,1,1,32
S01010558,All people aged 16 and over,669,349,272,43,34,320
S01010558,No qualifications,218,54,36,8,10,164
S01010558,Level 1,155,105,82,8,15,50
S01010558,Level 2,103,70,56,8,6,33
S01010558,Level 3,41,35,29,5,1,6
S01010558,Level 4 and above,152,85,69,14,2,67
S01010559,All people aged 16 and over,674,307,228,63,16,367
S01010559,No qualifications,155,19,16,2,1,136
S01010559,Level 1,126,55,45,8,2,71
S01010559,Level 2,75,46,34,7,5,29
S01010559,Level 3,48,34,27,4,3,14
S01010559,Level 4 and above,270,153,106,42,5,117
S01010560,All people aged 16 and over,564,345,288,45,12,219
S01010560,No qualifications,136,35,30,4,1,101
S01010560,Level 1,107,73,60,8,5,34
S01010560,Level 2,83,68,60,5,3,15
S01010560,Level 3,53,41,26,12,3,12
S01010560,Level 4 and above,185,128,112,16,0,57
S01010561,All people aged 16 and over,604,338,278,51,9,266
S01010561,No qualifications,113,28,23,5,0,85
S01010561,Level 1,124,77,61,12,4,47
S01010561,Level 2,96,63,52,9,2,33
S01010561,Level 3,59,41,35,5,1,18
S01010561,Level 4 and above,212,129,107,20,2,83
S01010562,All people aged 16 and over,623,415,356,40,19,208
S01010562,No qualifications,133,43,36,5,2,90
S01010562,Level 1,185,143,127,9,7,42
S01010562,Level 2,109,82,72,5,5,27
S01010562,Level 3,61,52,46,4,2,9
S01010562,Level 4 and above,135,95,75,17,3,40
S01010563,All people aged 16 and over,415,293,239,26,28,122
S01010563,No qualifications,125,60,48,5,7,65
S01010563,Level 1,124,103,79,9,15,21
S01010563,Level 2,53,47,43,2,2,6
S01010563,Level 3,35,26,23,2,1,9
S01010563,Level 4 and above,78,57,46,8,3,21
S01010564,All people aged 16 and over,442,243,193,24,26,199
S01010564,No qualifications,188,62,47,7,8,126
S01010564,Level 1,118,78,62,5,11,40
S01010564,Level 2,54,45,34,5,6,9
S01010564,Level 3,31,22,17,4,1,9
S01010564,Level 4 and above,51,36,33,3,0,15
S01010565,All people aged 16 and over,543,312,265,18,29,231
S01010565,No qualifications,154,47,41,2,4,107
S01010565,Level 1,148,104,82,6,16,44
S01010565,Level 2,85,63,59,2,2,22
S01010565,Level 3,44,31,23,3,5,13
S01010565,Level 4 and above,112,67,60,5,2,45
S01010566,All people aged 16 and over,876,614,472,117,25,262
S01010566,No qualifications,138,60,47,11,2,78
S01010566,Level 1,229,175,134,34,7,54
S01010566,Level 2,115,86,63,17,6,29
S01010566,Level 3,95,85,70,12,3,10
S01010566,Level 4 and above,299,208,158,43,7,91
S01010567,All people aged 16 and over,885,595,450,123,22,290
S01010567,No qualifications,186,65,43,19,3,121
S01010567,Level 1,193,140,95,37,8,53
S01010567,Level 2,145,113,87,22,4,32
S01010567,Level 3,79,63,49,11,3,16
S01010567,Level 4 and above,282,214,176,34,4,68
S01010568,All people aged 16 and over,789,552,442,91,19,237
S01010568,No qualifications,181,91,61,25,5,90
S01010568,Level 1,201,145,113,24,8,56
S01010568,Level 2,102,82,68,10,4,20
S01010568,Level 3,61,48,42,4,2,13
S01010568,Level 4 and above,244,186,158,28,0,58
S01010569,All people aged 16 and over,722,539,423,99,17,183
S01010569,No qualifications,137,64,42,22,0,73
S01010569,Level 1,247,200,167,27,6,47
S01010569,Level 2,109,87,71,12,4,22
S01010569,Level 3,67,56,46,7,3,11
S01010569,Level 4 and above,162,132,97,31,4,30
S01010570,All people aged 16 and over,860,560,464,54,42,300
S01010570,No qualifications,285,141,117,10,14,144
S01010570,Level 1,234,159,130,10,19,75
S01010570,Level 2,115,85,73,8,4,30
S01010570,Level 3,64,51,44,5,2,13
S01010570,Level 4 and above,162,124,100,21,3,38
S01010571,All people aged 16 and over,655,515,452,41,22,140
S01010571,No qualifications,134,76,60,13,3,58
S01010571,Level 1,166,140,123,12,5,26
S01010571,Level 2,104,96,82,6,8,8
S01010571,Level 3,71,59,54,3,2,12
S01010571,Level 4 and above,180,144,133,7,4,36
S01010572,All people aged 16 and over,613,450,386,26,38,163
S01010572,No qualifications,153,76,60,4,12,77
S01010572,Level 1,191,156,130,10,16,35
S01010572,Level 2,96,78,65,5,8,18
S01010572,Level 3,55,50,46,3,1,5
S01010572,Level 4 and above,118,90,85,4,1,28
S01010573,All people aged 16 and over,426,326,292,22,12,100
S01010573,No qualifications,132,73,68,2,3,59
S01010573,Level 1,120,99,90,4,5,21
S01010573,Level 2,59,53,42,8,3,6
S01010573,Level 3,49,43,37,5,1,6
S01010573,Level 4 and above,66,58,55,3,0,8
S01010574,All people aged 16 and over,473,330,283,34,13,143
S01010574,No qualifications,104,39,30,6,3,65
S01010574,Level 1,107,77,67,8,2,30
S01010574,Level 2,87,72,63,6,3,15
S01010574,Level 3,51,40,33,5,2,11
S01010574,Level 4 and above,124,102,90,9,3,22
S01010575,All people aged 16 and over,577,373,318,32,23,204
S01010575,No qualifications,116,44,36,5,3,72
S01010575,Level 1,128,89,76,8,5,39
S01010575,Level 2,94,67,57,5,5,27
S01010575,Level 3,43,34,31,3,0,9
S01010575,Level 4 and above,196,139,118,11,10,57
S01010576,All people aged 16 and over,680,447,368,59,20,233
S01010576,No qualifications,107,41,30,6,5,66
S01010576,Level 1,141,101,82,13,6,40
S01010576,Level 2,118,84,75,7,2,34
S01010576,Level 3,65,53,44,5,4,12
S01010576,Level 4 and above,249,168,137,28,3,81
S01010577,All people aged 16 and over,691,474,394,43,37,217
S01010577,No qualifications,227,120,100,11,9,107
S01010577,Level 1,236,177,148,11,18,59
S01010577,Level 2,84,67,51,11,5,17
S01010577,Level 3,49,36,30,4,2,13
S01010577,Level 4 and above,95,74,65,6,3,21
S01010578,All people aged 16 and over,461,351,306,29,16,110
S01010578,No qualifications,117,54,51,3,0,63
S01010578,Level 1,165,140,119,11,10,25
S01010578,Level 2,67,55,44,7,4,12
S01010578,Level 3,32,31,28,3,0,1
S01010578,Level 4 and above,80,71,64,5,2,9
S01010579,All people aged 16 and over,631,443,379,53,11,188
S01010579,No qualifications,132,53,44,7,2,79
S01010579,Level 1,159,119,101,15,3,40
S01010579,Level 2,138,109,94,14,1,29
S01010579,Level 3,68,56,50,5,1,12
S01010579,Level 4 and above,134,106,90,12,4,28
S01010580,All people aged 16 and over,464,331,297,24,10,133
S01010580,No qualifications,86,34,28,4,2,52
S01010580,Level 1,103,73,66,5,2,30
S01010580,Level 2,80,63,55,5,3,17
S01010580,Level 3,58,45,42,1,2,13
S01010580,Level 4 and above,137,116,106,9,1,21
S01010581,All people aged 16 and over,423,334,289,31,14,89
S01010581,No qualifications,60,28,20,6,2,32
S01010581,Level 1,99,82,72,6,4,17
S01010581,Level 2,78,67,61,3,3,11
S01010581,Level 3,54,47,35,10,2,7
S01010581,Level 4 and above,132,110,101,6,3,22
S01010582,All people aged 16 and over,410,265,220,36,9,145
S01010582,No qualifications,91,32,24,5,3,59
S01010582,Level 1,82,56,43,10,3,26
S01010582,Level 2,61,50,41,7,2,11
S01010582,Level 3,36,32,30,2,0,4
S01010582,Level 4 and above,140,95,82,12,1,45
S01010583,All people aged 16 and over,810,584,515,49,20,226
S01010583,No qualifications,155,71,63,6,2,84
S01010583,Level 1,184,138,119,8,11,46
S01010583,Level 2,132,117,107,6,4,15
S01010583,Level 3,93,76,69,6,1,17
S01010583,Level 4 and above,246,182,157,23,2,64
S01010584,All people aged 16 and over,596,464,382,58,24,132
S01010584,No qualifications,71,30,20,6,4,41
S01010584,Level 1,158,127,95,22,10,31
S01010584,Level 2,96,78,67,7,4,18
S01010584,Level 3,85,72,60,10,2,13
S01010584,Level 4 and above,186,157,140,13,4,29
S01010585,All people aged 16 and over,599,529,455,57,17,70
S01010585,No qualifications,43,28,23,1,4,15
S01010585,Level 1,155,134,110,17,7,21
S01010585,Level 2,103,89,76,11,2,14
S01010585,Level 3,98,93,81,11,1,5
S01010585,Level 4 and above,200,185,165,17,3,15
S01010586,All people aged 16 and over,621,447,375,55,17,174
S01010586,No qualifications,78,32,24,7,1,46
S01010586,Level 1,124,95,73,15,7,29
S01010586,Level 2,98,76,62,10,4,22
S01010586,Level 3,79,61,55,4,2,18
S01010586,Level 4 and above,242,183,161,19,3,59
S01010587,All people aged 16 and over,588,385,313,56,16,203
S01010587,No qualifications,95,35,21,10,4,60
S01010587,Level 1,128,85,71,7,7,43
S01010587,Level 2,84,61,52,8,1,23
S01010587,Level 3,73,60,48,11,1,13
S01010587,Level 4 and above,208,144,121,20,3,64
S01010588,All people aged 16 and over,509,342,293,29,20,167
S01010588,No qualifications,81,29,21,6,2,52
S01010588,Level 1,112,84,67,9,8,28
S01010588,Level 2,92,67,56,6,5,25
S01010588,Level 3,48,36,30,3,3,12
S01010588,Level 4 and above,176,126,119,5,2,50
S01010589,All people aged 16 and over,504,377,339,25,13,127
S01010589,No qualifications,138,70,62,3,5,68
S01010589,Level 1,142,110,98,7,5,32
S01010589,Level 2,72,64,59,4,1,8
S01010589,Level 3,52,43,37,5,1,9
S01010589,Level 4 and above,100,90,83,6,1,10
S01010590,All people aged 16 and over,627,484,408,60,16,143
S01010590,No qualifications,77,37,24,8,5,40
S01010590,Level 1,116,95,77,16,2,21
S01010590,Level 2,93,69,65,3,1,24
S01010590,Level 3,82,67,59,6,2,15
S01010590,Level 4 and above,259,216,183,27,6,43
S01010591,All people aged 16 and over,540,466,414,30,22,74
S01010591,No qualifications,49,31,22,3,6,18
S01010591,Level 1,139,116,104,7,5,23
S01010591,Level 2,92,82,75,6,1,10
S01010591,Level 3,88,80,72,4,4,8
S01010591,Level 4 and above,172,157,141,10,6,15
S01010592,All people aged 16 and over,429,317,286,21,10,112
S01010592,No qualifications,85,32,30,2,0,53
S01010592,Level 1,118,98,84,8,6,20
S01010592,Level 2,66,54,49,3,2,12
S01010592,Level 3,56,46,42,3,1,10
S01010592,Level 4 and above,104,87,81,5,1,17
S01010593,All people aged 16 and over,512,350,298,49,3,162
S01010593,No qualifications,98,33,30,3,0,65
S01010593,Level 1,112,81,57,21,3,31
S01010593,Level 2,85,70,61,9,0,15
S01010593,Level 3,45,36,27,9,0,9
S01010593,Level 4 and above,172,130,123,7,0,42
S01010594,All people aged 16 and over,508,407,352,41,14,101
S01010594,No qualifications,73,29,25,3,1,44
S01010594,Level 1,114,93,82,11,0,21
S01010594,Level 2,90,83,72,5,6,7
S01010594,Level 3,75,69,60,7,2,6
S01010594,Level 4 and above,156,133,113,15,5,23
S01010595,All people aged 16 and over,561,477,424,35,18,84
S01010595,No qualifications,46,22,18,1,3,24
S01010595,Level 1,160,135,114,12,9,25
S01010595,Level 2,92,82,77,3,2,10
S01010595,Level 3,71,64,59,3,2,7
S01010595,Level 4 and above,192,174,156,16,2,18
S01010596,All people aged 16 and over,628,488,386,81,21,140
S01010596,No qualifications,79,32,20,11,1,47
S01010596,Level 1,141,109,85,17,7,32
S01010596,Level 2,101,89,71,14,4,12
S01010596,Level 3,73,70,54,12,4,3
S01010596,Level 4 and above,234,188,156,27,5,46
S01010597,All people aged 16 and over,485,410,344,47,19,75
S01010597,No qualifications,51,27,15,8,4,24
S01010597,Level 1,131,104,86,11,7,27
S01010597,Level 2,87,78,62,11,5,9
S01010597,Level 3,68,67,58,7,2,1
S01010597,Level 4 and above,148,134,123,10,1,14
S01010598,All people aged 16 and over,740,622,541,62,19,118
S01010598,No qualifications,58,34,24,9,1,24
S01010598,Level 1,203,162,130,17,15,41
S01010598,Level 2,124,106,99,6,1,18
S01010598,Level 3,119,109,98,9,2,10
S01010598,Level 4 and above,236,211,190,21,0,25
S01010599,All people aged 16 and over,474,348,306,25,17,126
S01010599,No qualifications,56,25,17,5,3,31
S01010599,Level 1,101,77,69,3,5,24
S01010599,Level 2,80,62,57,1,4,18
S01010599,Level 3,54,43,41,2,0,11
S01010599,Level 4 and above,183,141,122,14,5,42
S01010600,All people aged 16 and over,808,494,410,66,18,314
S01010600,No qualifications,164,48,36,8,4,116
S01010600,Level 1,187,131,104,18,9,56
S01010600,Level 2,110,90,73,14,3,20
S01010600,Level 3,97,73,65,7,1,24
S01010600,Level 4 and above,250,152,132,19,1,98
S01010601,All people aged 16 and over,603,301,263,28,10,302
S01010601,No qualifications,127,27,25,2,0,100
S01010601,Level 1,132,69,64,3,2,63
S01010601,Level 2,87,61,49,8,4,26
S01010601,Level 3,47,31,23,5,3,16
S01010601,Level 4 and above,210,113,102,10,1,97
S01010602,All people aged 16 and over,449,338,291,27,20,111
S01010602,No qualifications,76,32,27,4,1,44
S01010602,Level 1,88,78,71,4,3,10
S01010602,Level 2,83,61,51,7,3,22
S01010602,Level 3,58,46,38,4,4,12
S01010602,Level 4 and above,144,121,104,8,9,23
S01010603,All people aged 16 and over,697,452,391,42,19,245
S01010603,No qualifications,114,38,27,8,3,76
S01010603,Level 1,162,106,90,10,6,56
S01010603,Level 2,113,91,81,7,3,22
S01010603,Level 3,75,60,51,6,3,15
S01010603,Level 4 and above,233,157,142,11,4,76
S01010604,All people aged 16 and over,393,260,220,27,13,133
S01010604,No qualifications,54,17,14,3,0,37
S01010604,Level 1,67,45,37,6,2,22
S01010604,Level 2,72,54,42,8,4,18
S01010604,Level 3,31,23,19,3,1,8
S01010604,Level 4 and above,169,121,108,7,6,48
S01010605,All people aged 16 and over,765,468,388,67,13,297
S01010605,No qualifications,169,62,43,15,4,107
S01010605,Level 1,141,89,75,11,3,52
S01010605,Level 2,135,99,84,14,1,36
S01010605,Level 3,78,58,50,6,2,20
S01010605,Level 4 and above,242,160,136,21,3,82
S01010606,All people aged 16 and over,659,422,351,44,27,237
S01010606,No qualifications,211,89,71,9,9,122
S01010606,Level 1,172,131,107,16,8,41
S01010606,Level 2,92,64,53,7,4,28
S01010606,Level 3,58,46,37,6,3,12
S01010606,Level 4 and above,126,92,83,6,3,34
S01010607,All people aged 16 and over,695,468,381,68,19,227
S01010607,No qualifications,103,38,30,7,1,65
S01010607,Level 1,140,94,65,20,9,46
S01010607,Level 2,87,71,57,9,5,16
S01010607,Level 3,69,59,52,6,1,10
S01010607,Level 4 and above,296,206,177,26,3,90
S01010608,All people aged 16 and over,503,325,267,18,40,178
S01010608,No qualifications,160,69,52,3,14,91
S01010608,Level 1,167,117,99,4,14,50
S01010608,Level 2,63,53,41,7,5,10
S01010608,Level 3,43,34,28,2,4,9
S01010608,Level 4 and above,70,52,47,2,3,18
S01010609,All people aged 16 and over,452,310,270,23,17,142
S01010609,No qualifications,139,66,55,4,7,73
S01010609,Level 1,152,127,115,6,6,25
S01010609,Level 2,57,43,40,2,1,14
S01010609,Level 3,40,31,28,2,1,9
S01010609,Level 4 and above,64,43,32,9,2,21
S01010610,All people aged 16 and over,616,359,286,42,31,257
S01010610,No qualifications,108,33,23,5,5,75
S01010610,Level 1,105,63,47,7,9,42
S01010610,Level 2,97,72,54,10,8,25
S01010610,Level 3,44,33,31,1,1,11
S01010610,Level 4 and above,262,158,131,19,8,104
S01010611,All people aged 16 and over,779,551,476,40,35,228
S01010611,No qualifications,209,90,77,6,7,119
S01010611,Level 1,226,178,151,14,13,48
S01010611,Level 2,120,97,88,6,3,23
S01010611,Level 3,75,65,54,7,4,10
S01010611,Level 4 and above,149,121,106,7,8,28
S01010612,All people aged 16 and over,620,420,368,32,20,200
S01010612,No qualifications,172,70,61,5,4,102
S01010612,Level 1,158,124,106,8,10,34
S01010612,Level 2,118,92,82,7,3,26
S01010612,Level 3,56,46,40,3,3,10
S01010612,Level 4 and above,116,88,79,9,0,28
S01010613,All people aged 16 and over,602,341,305,23,13,261
S01010613,No qualifications,186,41,39,2,0,145
S01010613,Level 1,122,86,75,4,7,36
S01010613,Level 2,91,67,58,6,3,24
S01010613,Level 3,39,32,29,2,1,7
S01010613,Level 4 and above,164,115,104,9,2,49
S01010614,All people aged 16 and over,443,291,248,14,29,152
S01010614,No qualifications,177,84,73,4,7,93
S01010614,Level 1,138,109,93,4,12,29
S01010614,Level 2,48,38,35,1,2,10
S01010614,Level 3,36,27,21,1,5,9
S01010614,Level 4 and above,44,33,26,4,3,11
S01010615,All people aged 16 and over,658,518,466,31,21,140
S01010615,No qualifications,108,53,40,10,3,55
S01010615,Level 1,158,132,116,9,7,26
S01010615,Level 2,91,75,70,2,3,16
S01010615,Level 3,75,65,61,1,3,10
S01010615,Level 4 and above,226,193,179,9,5,33
S01010616,All people aged 16 and over,731,485,439,38,8,246
S01010616,No qualifications,163,52,43,8,1,111
S01010616,Level 1,164,119,106,8,5,45
S01010616,Level 2,129,103,96,6,1,26
S01010616,Level 3,75,65,58,7,0,10
S01010616,Level 4 and above,200,146,136,9,1,54
S01010617,All people aged 16 and over,737,542,481,47,14,195
S01010617,No qualifications,141,70,61,9,0,71
S01010617,Level 1,205,167,146,16,5,38
S01010617,Level 2,102,86,75,8,3,16
S01010617,Level 3,77,67,57,8,2,10
S01010617,Level 4 and above,212,152,142,6,4,60
S01010618,All people aged 16 and over,633,497,436,45,16,136
S01010618,No qualifications,119,63,52,8,3,56
S01010618,Level 1,171,144,128,12,4,27
S01010618,Level 2,118,102,87,11,4,16
S01010618,Level 3,73,64,57,4,3,9
S01010618,Level 4 and above,152,124,112,10,2,28
S01010619,All people aged 16 and over,519,409,346,26,37,110
S01010619,No qualifications,102,61,52,3,6,41
S01010619,Level 1,177,148,118,10,20,29
S01010619,Level 2,67,54,46,4,4,13
S01010619,Level 3,60,54,49,1,4,6
S01010619,Level 4 and above,113,92,81,8,3,21
S01010620,All people aged 16 and over,560,435,334,27,74,125
S01010620,No qualifications,89,45,22,3,20,44
S01010620,Level 1,169,127,84,5,38,42
S01010620,Level 2,90,78,66,4,8,12
S01010620,Level 3,61,55,48,4,3,6
S01010620,Level 4 and above,151,130,114,11,5,21
S01010621,All people aged 16 and over,803,544,430,76,38,259
S01010621,No qualifications,147,52,39,3,10,95
S01010621,Level 1,170,136,110,16,10,34
S01010621,Level 2,107,78,67,7,4,29
S01010621,Level 3,67,54,45,7,2,13
S01010621,Level 4 and above,312,224,169,43,12,88
S01010622,All people aged 16 and over,520,354,290,24,40,166
S01010622,No qualifications,165,70,52,4,14,95
S01010622,Level 1,156,119,100,7,12,37
S01010622,Level 2,60,46,40,1,5,14
S01010622,Level 3,56,47,38,3,6,9
S01010622,Level 4 and above,83,72,60,9,3,11
S01010623,All people aged 16 and over,554,425,364,26,35,129
S01010623,No qualifications,57,29,24,2,3,28
S01010623,Level 1,210,167,144,8,15,43
S01010623,Level 2,87,72,63,2,7,15
S01010623,Level 3,66,52,43,4,5,14
S01010623,Level 4 and above,134,105,90,10,5,29
S01010624,All people aged 16 and over,553,364,324,18,22,189
S01010624,No qualifications,142,66,57,3,6,76
S01010624,Level 1,118,92,84,1,7,26
S01010624,Level 2,90,58,47,6,5,32
S01010624,Level 3,31,20,17,2,1,11
S01010624,Level 4 and above,172,128,119,6,3,44
S01010625,All people aged 16 and over,687,390,314,69,7,297
S01010625,No qualifications,114,28,20,5,3,86
S01010625,Level 1,104,69,47,21,1,35
S01010625,Level 2,110,71,57,13,1,39
S01010625,Level 3,65,51,49,2,0,14
S01010625,Level 4 and above,294,171,141,28,2,123
S01010626,All people aged 16 and over,794,402,322,68,12,392
S01010626,No qualifications,194,47,36,8,3,147
S01010626,Level 1,125,73,57,14,2,52
S01010626,Level 2,88,50,36,12,2,38
S01010626,Level 3,51,31,26,3,2,20
S01010626,Level 4 and above,336,201,167,31,3,135
S01010627,All people aged 16 and over,729,492,392,73,27,237
S01010627,No qualifications,158,59,39,12,8,99
S01010627,Level 1,139,92,74,11,7,47
S01010627,Level 2,88,74,59,12,3,14
S01010627,Level 3,79,66,56,5,5,13
S01010627,Level 4 and above,265,201,164,33,4,64
S01010628,All people aged 16 and over,895,587,483,66,38,308
S01010628,No qualifications,179,58,44,8,6,121
S01010628,Level 1,185,124,95,12,17,61
S01010628,Level 2,114,89,78,5,6,25
S01010628,Level 3,93,69,57,10,2,24
S01010628,Level 4 and above,324,247,209,31,7,77
S01010629,All people aged 16 and over,812,456,357,76,23,356
S01010629,No qualifications,197,51,41,4,6,146
S01010629,Level 1,110,71,56,10,5,39
S01010629,Level 2,97,63,49,11,3,34
S01010629,Level 3,66,55,48,4,3,11
S01010629,Level 4 and above,342,216,163,47,6,126
S01010630,All people aged 16 and over,486,317,263,37,17,169
S01010630,No qualifications,134,50,35,11,4,84
S01010630,Level 1,132,89,73,9,7,43
S01010630,Level 2,66,51,44,5,2,15
S01010630,Level 3,50,46,41,2,3,4
S01010630,Level 4 and above,104,81,70,10,1,23
S01010631,All people aged 16 and over,558,372,312,37,23,186
S01010631,No qualifications,119,32,26,2,4,87
S01010631,Level 1,108,81,65,9,7,27
S01010631,Level 2,68,55,49,3,3,13
S01010631,Level 3,57,52,41,8,3,5
S01010631,Level 4 and above,206,152,131,15,6,54
S01010632,All people aged 16 and over,805,461,373,50,38,344
S01010632,No qualifications,279,72,58,5,9,207
S01010632,Level 1,194,142,105,22,15,52
S01010632,Level 2,115,86,70,9,7,29
S01010632,Level 3,70,57,52,1,4,13
S01010632,Level 4 and above,147,104,88,13,3,43
S01010633,All people aged 16 and over,814,478,405,26,47,336
S01010633,No qualifications,307,112,94,9,9,195
S01010633,Level 1,257,173,142,8,23,84
S01010633,Level 2,89,68,60,2,6,21
S01010633,Level 3,65,55,49,3,3,10
S01010633,Level 4 and above,96,70,60,4,6,26
S01010634,All people aged 16 and over,535,346,284,37,25,189
S01010634,No qualifications,219,94,79,10,5,125
S01010634,Level 1,144,110,87,13,10,34
S01010634,Level 2,67,57,50,5,2,10
S01010634,Level 3,42,36,29,5,2,6
S01010634,Level 4 and above,63,49,39,4,6,14
S01010635,All people aged 16 and over,641,396,331,34,31,245
S01010635,No qualifications,260,91,71,10,10,169
S01010635,Level 1,151,121,103,6,12,30
S01010635,Level 2,70,54,49,3,2,16
S01010635,Level 3,45,37,33,2,2,8
S01010635,Level 4 and above,115,93,75,13,5,22
S01010636,All people aged 16 and over,692,467,381,71,15,225
S01010636,No qualifications,173,71,49,18,4,102
S01010636,Level 1,141,109,93,12,4,32
S01010636,Level 2,87,62,48,11,3,25
S01010636,Level 3,65,55,47,7,1,10
S01010636,Level 4 and above,226,170,144,23,3,56
S01010637,All people aged 16 and over,509,331,268,37,26,178
S01010637,No qualifications,182,75,62,8,5,107
S01010637,Level 1,111,84,62,12,10,27
S01010637,Level 2,69,59,47,7,5,10
S01010637,Level 3,39,32,28,3,1,7
S01010637,Level 4 and above,108,81,69,7,5,27
S01010638,All people aged 16 and over,741,395,320,50,25,346
S01010638,No qualifications,308,85,68,13,4,223
S01010638,Level 1,155,110,87,10,13,45
S01010638,Level 2,80,53,39,12,2,27
S01010638,Level 3,55,44,37,5,2,11
S01010638,Level 4 and above,143,103,89,10,4,40
S01010639,All people aged 16 and over,952,627,517,45,65,325
S01010639,No qualifications,305,139,108,14,17,166
S01010639,Level 1,250,175,130,12,33,75
S01010639,Level 2,130,99,88,3,8,31
S01010639,Level 3,87,74,68,3,3,13
S01010639,Level 4 and above,180,140,123,13,4,40
S01010640,All people aged 16 and over,727,545,437,72,36,182
S01010640,No qualifications,178,84,54,19,11,94
S01010640,Level 1,144,117,89,16,12,27
S01010640,Level 2,108,90,79,6,5,18
S01010640,Level 3,88,75,65,8,2,13
S01010640,Level 4 and above,209,179,150,23,6,30
S01010641,All people aged 16 and over,782,487,389,34,64,295
S01010641,No qualifications,245,97,74,7,16,148
S01010641,Level 1,268,189,153,12,24,79
S01010641,Level 2,90,70,55,6,9,20
S01010641,Level 3,69,54,41,4,9,15
S01010641,Level 4 and above,110,77,66,5,6,33
S01010642,All people aged 16 and over,736,464,372,27,65,272
S01010642,No qualifications,293,137,107,3,27,156
S01010642,Level 1,209,141,114,7,20,68
S01010642,Level 2,74,56,37,8,11,18
S01010642,Level 3,74,61,56,2,3,13
S01010642,Level 4 and above,86,69,58,7,4,17
S01010643,All people aged 16 and over,520,354,277,19,58,166
S01010643,No qualifications,197,105,80,7,18,92
S01010643,Level 1,164,121,92,4,25,43
S01010643,Level 2,51,40,32,2,6,11
S01010643,Level 3,41,32,28,2,2,9
S01010643,Level 4 and above,67,56,45,4,7,11
S01010644,All people aged 16 and over,515,295,227,12,56,220
S01010644,No qualifications,219,87,62,5,20,132
S01010644,Level 1,168,113,87,3,23,55
S01010644,Level 2,49,37,29,1,7,12
S01010644,Level 3,33,29,23,1,5,4
S01010644,Level 4 and above,46,29,26,2,1,17
S01010645,All people aged 16 and over,476,360,318,32,10,116
S01010645,No qualifications,89,42,34,5,3,47
S01010645,Level 1,121,95,78,12,5,26
S01010645,Level 2,87,72,68,3,1,15
S01010645,Level 3,45,42,37,4,1,3
S01010645,Level 4 and above,134,109,101,8,0,25
S01010646,All people aged 16 and over,577,388,340,29,19,189
S01010646,No qualifications,119,47,40,4,3,72
S01010646,Level 1,130,92,79,9,4,38
S01010646,Level 2,106,83,71,5,7,23
S01010646,Level 3,51,41,36,3,2,10
S01010646,Level 4 and above,171,125,114,8,3,46
S01010647,All people aged 16 and over,633,407,352,38,17,226
S01010647,No qualifications,173,71,54,10,7,102
S01010647,Level 1,161,113,101,7,5,48
S01010647,Level 2,81,61,55,4,2,20
S01010647,Level 3,43,38,35,1,2,5
S01010647,Level 4 and above,175,124,107,16,1,51
S01010648,All people aged 16 and over,561,391,333,32,26,170
S01010648,No qualifications,129,52,38,6,8,77
S01010648,Level 1,147,109,89,11,9,38
S01010648,Level 2,97,79,73,2,4,18
S01010648,Level 3,61,52,48,1,3,9
S01010648,Level 4 and above,127,99,85,12,2,28
S01010649,All people aged 16 and over,519,316,275,30,11,203
S01010649,No qualifications,137,39,34,4,1,98
S01010649,Level 1,101,68,59,7,2,33
S01010649,Level 2,87,67,58,6,3,20
S01010649,Level 3,42,37,31,4,2,5
S01010649,Level 4 and above,152,105,93,9,3,47
S01010650,All people aged 16 and over,416,264,209,39,16,152
S01010650,No qualifications,105,36,24,7,5,69
S01010650,Level 1,112,80,66,10,4,32
S01010650,Level 2,71,52,41,7,4,19
S01010650,Level 3,38,31,25,6,0,7
S01010650,Level 4 and above,90,65,53,9,3,25
S01010651,All people aged 16 and over,566,379,312,39,28,187
S01010651,No qualifications,179,79,67,7,5,100
S01010651,Level 1,166,122,98,11,13,44
S01010651,Level 2,77,68,55,8,5,9
S01010651,Level 3,49,38,32,5,1,11
S01010651,Level 4 and above,95,72,60,8,4,23
S01010652,All people aged 16 and over,614,408,346,33,29,206
S01010652,No qualifications,142,52,41,7,4,90
S01010652,Level 1,145,101,81,9,11,44
S01010652,Level 2,106,81,72,5,4,25
S01010652,Level 3,62,53,44,4,5,9
S01010652,Level 4 and above,159,121,108,8,5,38
S01010653,All people aged 16 and over,534,368,322,37,9,166
S01010653,No qualifications,144,59,52,7,0,85
S01010653,Level 1,150,113,94,11,8,37
S01010653,Level 2,79,61,54,6,1,18
S01010653,Level 3,62,55,52,3,0,7
S01010653,Level 4 and above,99,80,70,10,0,19
S01010654,All people aged 16 and over,638,448,364,45,39,190
S01010654,No qualifications,184,86,61,12,13,98
S01010654,Level 1,210,159,130,13,16,51
S01010654,Level 2,105,88,71,13,4,17
S01010654,Level 3,58,47,43,2,2,11
S01010654,Level 4 and above,81,68,59,5,4,13
S01010655,All people aged 16 and over,729,494,335,139,20,235
S01010655,No qualifications,148,60,30,26,4,88
S01010655,Level 1,161,108,68,35,5,53
S01010655,Level 2,122,96,68,23,5,26
S01010655,Level 3,57,49,39,9,1,8
S01010655,Level 4 and above,241,181,130,46,5,60
S01010656,All people aged 16 and over,364,233,175,43,15,131
S01010656,No qualifications,101,34,25,7,2,67
S01010656,Level 1,89,64,51,8,5,25
S01010656,Level 2,55,43,31,9,3,12
S01010656,Level 3,29,22,17,5,0,7
S01010656,Level 4 and above,90,70,51,14,5,20
S01010657,All people aged 16 and over,534,371,266,88,17,163
S01010657,No qualifications,97,44,26,14,4,53
S01010657,Level 1,114,84,63,15,6,30
S01010657,Level 2,90,67,46,18,3,23
S01010657,Level 3,43,37,24,12,1,6
S01010657,Level 4 and above,190,139,107,29,3,51
S01010658,All people aged 16 and over,602,398,307,69,22,204
S01010658,No qualifications,121,47,33,8,6,74
S01010658,Level 1,110,71,51,14,6,39
S01010658,Level 2,95,77,58,17,2,18
S01010658,Level 3,49,42,35,5,2,7
S01010658,Level 4 and above,227,161,130,25,6,66
S01010659,All people aged 16 and over,544,354,264,70,20,190
S01010659,No qualifications,97,37,24,11,2,60
S01010659,Level 1,105,64,49,10,5,41
S01010659,Level 2,68,53,35,15,3,15
S01010659,Level 3,56,44,34,8,2,12
S01010659,Level 4 and above,218,156,122,26,8,62
S01010660,All people aged 16 and over,511,311,247,49,15,200
S01010660,No qualifications,142,53,36,14,3,89
S01010660,Level 1,125,80,63,13,4,45
S01010660,Level 2,67,50,40,6,4,17
S01010660,Level 3,53,42,38,3,1,11
S01010660,Level 4 and above,124,86,70,13,3,38
S01010661,All people aged 16 and over,518,350,287,44,19,168
S01010661,No qualifications,168,67,49,15,3,101
S01010661,Level 1,133,102,84,10,8,31
S01010661,Level 2,81,70,58,9,3,11
S01010661,Level 3,44,42,34,5,3,2
S01010661,Level 4 and above,92,69,62,5,2,23
S01010662,All people aged 16 and over,614,407,319,79,9,207
S01010662,No qualifications,123,35,22,12,1,88
S01010662,Level 1,166,118,92,23,3,48
S01010662,Level 2,89,74,58,11,5,15
S01010662,Level 3,66,53,47,6,0,13
S01010662,Level 4 and above,170,127,100,27,0,43
S01010663,All people aged 16 and over,777,501,374,110,17,276
S01010663,No qualifications,178,77,47,25,5,101
S01010663,Level 1,164,110,84,24,2,54
S01010663,Level 2,121,96,66,27,3,25
S01010663,Level 3,66,51,40,11,0,15
S01010663,Level 4 and above,248,167,137,23,7,81
S01010664,All people aged 16 and over,678,450,316,121,13,228
S01010664,No qualifications,116,40,19,17,4,76
S01010664,Level 1,130,97,67,28,2,33
S01010664,Level 2,109,76,51,23,2,33
S01010664,Level 3,60,43,31,11,1,17
S01010664,Level 4 and above,263,194,148,42,4,69
S01010665,All people aged 16 and over,774,459,320,119,20,315
S01010665,No qualifications,166,55,36,18,1,111
S01010665,Level 1,186,117,86,25,6,69
S01010665,Level 2,104,76,56,18,2,28
S01010665,Level 3,69,50,32,15,3,19
S01010665,Level 4 and above,249,161,110,43,8,88
S01010666,All people aged 16 and over,769,474,365,83,26,295
S01010666,No qualifications,167,58,45,10,3,109
S01010666,Level 1,182,129,93,23,13,53
S01010666,Level 2,124,81,67,12,2,43
S01010666,Level 3,90,74,54,15,5,16
S01010666,Level 4 and above,206,132,106,23,3,74
S01010667,All people aged 16 and over,570,397,275,112,10,173
S01010667,No qualifications,114,41,24,15,2,73
S01010667,Level 1,127,97,67,25,5,30
S01010667,Level 2,84,64,46,18,0,20
S01010667,Level 3,36,31,23,7,1,5
S01010667,Level 4 and above,209,164,115,47,2,45
S01010668,All people aged 16 and over,948,579,395,148,36,369
S01010668,No qualifications,239,91,52,32,7,148
S01010668,Level 1,233,160,117,31,12,73
S01010668,Level 2,130,88,60,26,2,42
S01010668,Level 3,80,64,41,19,4,16
S01010668,Level 4 and above,266,176,125,40,11,90
S01010669,All people aged 16 and over,489,302,209,73,20,187
S01010669,No qualifications,117,52,31,16,5,65
S01010669,Level 1,116,77,49,20,8,39
S01010669,Level 2,73,60,43,15,2,13
S01010669,Level 3,33,23,18,3,2,10
S01010669,Level 4 and above,150,90,68,19,3,60
S01010670,All people aged 16 and over,576,380,267,91,22,196
S01010670,No qualifications,122,54,38,14,2,68
S01010670,Level 1,125,87,59,23,5,38
S01010670,Level 2,96,73,50,14,9,23
S01010670,Level 3,52,41,31,7,3,11
S01010670,Level 4 and above,181,125,89,33,3,56
S01010671,All people aged 16 and over,628,390,254,108,28,238
S01010671,No qualifications,101,33,19,8,6,68
S01010671,Level 1,127,87,55,22,10,40
S01010671,Level 2,121,83,57,20,6,38
S01010671,Level 3,55,42,26,15,1,13
S01010671,Level 4 and above,224,145,97,43,5,79
S01010672,All people aged 16 and over,532,338,251,50,37,194
S01010672,No qualifications,138,49,34,8,7,89
S01010672,Level 1,152,104,77,15,12,48
S01010672,Level 2,90,72,54,10,8,18
S01010672,Level 3,50,40,28,5,7,10
S01010672,Level 4 and above,102,73,58,12,3,29
S01010673,All people aged 16 and over,772,486,318,136,32,286
S01010673,No qualifications,178,62,36,14,12,116
S01010673,Level 1,157,107,65,32,10,50
S01010673,Level 2,101,77,57,18,2,24
S01010673,Level 3,74,57,35,19,3,17
S01010673,Level 4 and above,262,183,125,53,5,79
S01010674,All people aged 16 and over,759,515,320,165,30,244
S01010674,No qualifications,147,63,32,28,3,84
S01010674,Level 1,170,125,70,41,14,45
S01010674,Level 2,133,103,69,25,9,30
S01010674,Level 3,64,54,37,17,0,10
S01010674,Level 4 and above,245,170,112,54,4,75
S01010675,All people aged 16 and over,534,325,201,105,19,209
S01010675,No qualifications,138,53,29,20,4,85
S01010675,Level 1,130,91,56,28,7,39
S01010675,Level 2,68,55,37,17,1,13
S01010675,Level 3,32,22,17,5,0,10
S01010675,Level 4 and above,166,104,62,35,7,62
S01010676,All people aged 16 and over,770,460,304,139,17,310
S01010676,No qualifications,126,43,24,17,2,83
S01010676,Level 1,132,81,44,31,6,51
S01010676,Level 2,118,70,45,21,4,48
S01010676,Level 3,71,51,36,15,0,20
S01010676,Level 4 and above,323,215,155,55,5,108
S01010677,All people aged 16 and over,420,243,173,59,11,177
S01010677,No qualifications,78,24,15,7,2,54
S01010677,Level 1,74,46,31,11,4,28
S01010677,Level 2,78,61,44,15,2,17
S01010677,Level 3,32,18,15,3,0,14
S01010677,Level 4 and above,158,94,68,23,3,64
S01010678,All people aged 16 and over,531,336,232,80,24,195
S01010678,No qualifications,154,52,30,18,4,102
S01010678,Level 1,118,91,64,19,8,27
S01010678,Level 2,69,58,42,11,5,11
S01010678,Level 3,36,29,19,6,4,7
S01010678,Level 4 and above,154,106,77,26,3,48
S01010679,All people aged 16 and over,508,314,221,64,29,194
S01010679,No qualifications,146,50,34,11,5,96
S01010679,Level 1,111,79,54,16,9,32
S01010679,Level 2,76,67,39,18,10,9
S01010679,Level 3,43,28,23,3,2,15
S01010679,Level 4 and above,132,90,71,16,3,42
S01010680,All people aged 16 and over,533,342,246,73,23,191
S01010680,No qualifications,152,53,29,19,5,99
S01010680,Level 1,127,96,72,17,7,31
S01010680,Level 2,83,65,51,10,4,18
S01010680,Level 3,49,39,31,7,1,10
S01010680,Level 4 and above,122,89,63,20,6,33
S01010681,All people aged 16 and over,831,580,437,85,58,251
S01010681,No qualifications,173,76,51,16,9,97
S01010681,Level 1,232,169,122,24,23,63
S01010681,Level 2,137,112,85,19,8,25
S01010681,Level 3,80,71,55,11,5,9
S01010681,Level 4 and above,209,152,124,15,13,57
S01010682,All people aged 16 and over,777,534,356,149,29,243
S01010682,No qualifications,172,73,45,26,2,99
S01010682,Level 1,173,139,89,38,12,34
S01010682,Level 2,132,104,74,21,9,28
S01010682,Level 3,63,52,32,19,1,11
S01010682,Level 4 and above,237,166,116,45,5,71
S01010683,All people aged 16 and over,833,489,311,148,30,344
S01010683,No qualifications,234,89,46,32,11,145
S01010683,Level 1,163,106,74,26,6,57
S01010683,Level 2,144,110,72,33,5,34
S01010683,Level 3,59,44,30,10,4,15
S01010683,Level 4 and above,233,140,89,47,4,93
S01010684,All people aged 16 and over,684,414,256,135,23,270
S01010684,No qualifications,156,53,26,26,1,103
S01010684,Level 1,145,99,54,35,10,46
S01010684,Level 2,100,71,51,14,6,29
S01010684,Level 3,53,43,24,17,2,10
S01010684,Level 4 and above,230,148,101,43,4,82
S01010685,All people aged 16 and over,532,306,168,118,20,226
S01010685,No qualifications,123,43,24,15,4,80
S01010685,Level 1,106,76,49,20,7,30
S01010685,Level 2,76,58,35,19,4,18
S01010685,Level 3,57,31,19,11,1,26
S01010685,Level 4 and above,170,98,41,53,4,72
S01010686,All people aged 16 and over,585,369,229,119,21,216
S01010686,No qualifications,124,40,28,11,1,84
S01010686,Level 1,140,94,64,22,8,46
S01010686,Level 2,80,60,37,18,5,20
S01010686,Level 3,49,39,24,14,1,10
S01010686,Level 4 and above,192,136,76,54,6,56
S01010687,All people aged 16 and over,699,410,284,106,20,289
S01010687,No qualifications,169,54,40,12,2,115
S01010687,Level 1,143,93,66,20,7,50
S01010687,Level 2,93,73,48,20,5,20
S01010687,Level 3,64,50,34,14,2,14
S01010687,Level 4 and above,230,140,96,40,4,90
S01010688,All people aged 16 and over,619,388,234,139,15,231
S01010688,No qualifications,114,46,20,22,4,68
S01010688,Level 1,129,89,62,22,5,40
S01010688,Level 2,77,59,41,16,2,18
S01010688,Level 3,47,35,20,14,1,12
S01010688,Level 4 and above,252,159,91,65,3,93
S01010689,All people aged 16 and over,669,349,220,116,13,320
S01010689,No qualifications,179,48,25,19,4,131
S01010689,Level 1,121,71,45,26,0,50
S01010689,Level 2,94,67,46,16,5,27
S01010689,Level 3,54,36,24,11,1,18
S01010689,Level 4 and above,221,127,80,44,3,94
S01010690,All people aged 16 and over,566,355,244,91,20,211
S01010690,No qualifications,159,43,29,12,2,116
S01010690,Level 1,123,97,69,19,9,26
S01010690,Level 2,81,59,38,18,3,22
S01010690,Level 3,41,35,20,12,3,6
S01010690,Level 4 and above,162,121,88,30,3,41
S01010691,All people aged 16 and over,622,409,232,161,16,213
S01010691,No qualifications,106,46,21,23,2,60
S01010691,Level 1,124,86,49,32,5,38
S01010691,Level 2,99,71,44,22,5,28
S01010691,Level 3,55,38,24,14,0,17
S01010691,Level 4 and above,238,168,94,70,4,70
S01010692,All people aged 16 and over,599,420,319,89,12,179
S01010692,No qualifications,133,62,43,15,4,71
S01010692,Level 1,175,125,97,25,3,50
S01010692,Level 2,103,87,67,19,1,16
S01010692,Level 3,45,39,31,6,2,6
S01010692,Level 4 and above,143,107,81,24,2,36
S01010693,All people aged 16 and over,397,263,162,91,10,134
S01010693,No qualifications,70,30,17,11,2,40
S01010693,Level 1,85,67,39,24,4,18
S01010693,Level 2,61,41,24,14,3,20
S01010693,Level 3,33,25,14,10,1,8
S01010693,Level 4 and above,148,100,68,32,0,48
S01010694,All people aged 16 and over,520,256,177,70,9,264
S01010694,No qualifications,120,35,19,15,1,85
S01010694,Level 1,121,75,52,19,4,46
S01010694,Level 2,77,43,29,13,1,34
S01010694,Level 3,42,27,16,10,1,15
S01010694,Level 4 and above,160,76,61,13,2,84
S01010695,All people aged 16 and over,614,410,288,99,23,204
S01010695,No qualifications,123,54,29,22,3,69
S01010695,Level 1,130,97,71,17,9,33
S01010695,Level 2,92,76,53,18,5,16
S01010695,Level 3,54,32,23,8,1,22
S01010695,Level 4 and above,215,151,112,34,5,64
S01010696,All people aged 16 and over,838,542,424,99,19,296
S01010696,No qualifications,212,75,50,21,4,137
S01010696,Level 1,200,145,121,14,10,55
S01010696,Level 2,113,87,71,15,1,26
S01010696,Level 3,81,64,54,9,1,17
S01010696,Level 4 and above,232,171,128,40,3,61
S01010697,All people aged 16 and over,921,546,414,114,18,375
S01010697,No qualifications,227,76,54,19,3,151
S01010697,Level 1,211,147,109,31,7,64
S01010697,Level 2,146,103,73,24,6,43
S01010697,Level 3,67,42,32,10,0,25
S01010697,Level 4 and above,270,178,146,30,2,92
S01010698,All people aged 16 and over,610,378,252,102,24,232
S01010698,No qualifications,167,62,43,15,4,105
S01010698,Level 1,142,101,76,16,9,41
S01010698,Level 2,77,57,36,14,7,20
S01010698,Level 3,46,34,23,11,0,12
S01010698,Level 4 and above,178,124,74,46,4,54
S01010699,All people aged 16 and over,491,351,257,79,15,140
S01010699,No qualifications,118,51,38,11,2,67
S01010699,Level 1,94,76,53,17,6,18
S01010699,Level 2,81,66,48,13,5,15
S01010699,Level 3,46,38,25,12,1,8
S01010699,Level 4 and above,152,120,93,26,1,32
S01010700,All people aged 16 and over,503,343,255,71,17,160
S01010700,No qualifications,114,44,29,11,4,70
S01010700,Level 1,82,56,43,8,5,26
S01010700,Level 2,83,63,50,11,2,20
S01010700,Level 3,70,54,40,10,4,16
S01010700,Level 4 and above,154,126,93,31,2,28
S01010701,All people aged 16 and over,841,577,478,74,25,264
S01010701,No qualifications,179,75,58,11,6,104
S01010701,Level 1,223,164,134,22,8,59
S01010701,Level 2,128,100,81,12,7,28
S01010701,Level 3,99,74,65,7,2,25
S01010701,Level 4 and above,212,164,140,22,2,48
S01010702,All people aged 16 and over,875,537,404,111,22,338
S01010702,No qualifications,205,72,45,23,4,133
S01010702,Level 1,212,147,105,33,9,65
S01010702,Level 2,116,81,64,11,6,35
S01010702,Level 3,78,66,51,14,1,12
S01010702,Level 4 and above,264,171,139,30,2,93
S01010703,All people aged 16 and over,708,469,341,112,16,239
S01010703,No qualifications,136,54,33,16,5,82
S01010703,Level 1,186,138,105,28,5,48
S01010703,Level 2,120,86,60,24,2,34
S01010703,Level 3,59,48,43,5,0,11
S01010703,Level 4 and above,207,143,100,39,4,64
S01010704,All people aged 16 and over,537,310,267,33,10,227
S01010704,No qualifications,202,60,48,7,5,142
S01010704,Level 1,151,113,96,13,4,38
S01010704,Level 2,45,38,33,4,1,7
S01010704,Level 3,40,35,35,0,0,5
S01010704,Level 4 and above,99,64,55,9,0,35
S01010705,All people aged 16 and over,897,587,470,78,39,310
S01010705,No qualifications,232,96,62,21,13,136
S01010705,Level 1,214,154,127,15,12,60
S01010705,Level 2,141,100,88,5,7,41
S01010705,Level 3,79,69,57,8,4,10
S01010705,Level 4 and above,231,168,136,29,3,63
S01010706,All people aged 16 and over,553,347,279,37,31,206
S01010706,No qualifications,157,59,42,10,7,98
S01010706,Level 1,171,126,99,13,14,45
S01010706,Level 2,63,47,41,3,3,16
S01010706,Level 3,59,46,40,5,1,13
S01010706,Level 4 and above,103,69,57,6,6,34
S01010707,All people aged 16 and over,593,390,281,100,9,203
S01010707,No qualifications,141,56,33,22,1,85
S01010707,Level 1,103,75,57,17,1,28
S01010707,Level 2,94,72,53,17,2,22
S01010707,Level 3,64,51,40,11,0,13
S01010707,Level 4 and above,191,136,98,33,5,55
S01010708,All people aged 16 and over,464,305,241,50,14,159
S01010708,No qualifications,115,40,34,3,3,75
S01010708,Level 1,132,101,82,11,8,31
S01010708,Level 2,65,52,36,15,1,13
S01010708,Level 3,38,30,23,6,1,8
S01010708,Level 4 and above,114,82,66,15,1,32
S01010709,All people aged 16 and over,591,420,351,51,18,171
S01010709,No qualifications,119,46,35,10,1,73
S01010709,Level 1,133,102,79,17,6,31
S01010709,Level 2,125,105,94,7,4,20
S01010709,Level 3,71,59,49,8,2,12
S01010709,Level 4 and above,143,108,94,9,5,35
S01010710,All people aged 16 and over,610,391,319,26,46,219
S01010710,No qualifications,220,106,88,5,13,114
S01010710,Level 1,187,136,102,11,23,51
S01010710,Level 2,83,60,49,4,7,23
S01010710,Level 3,40,31,27,3,1,9
S01010710,Level 4 and above,80,58,53,3,2,22
S01010711,All people aged 16 and over,618,394,334,51,9,224
S01010711,No qualifications,111,27,20,6,1,84
S01010711,Level 1,125,89,75,11,3,36
S01010711,Level 2,87,73,63,9,1,14
S01010711,Level 3,60,45,37,5,3,15
S01010711,Level 4 and above,235,160,139,20,1,75
S01010712,All people aged 16 and over,556,385,331,27,27,171
S01010712,No qualifications,190,101,82,7,12,89
S01010712,Level 1,176,133,119,6,8,43
S01010712,Level 2,72,58,50,5,3,14
S01010712,Level 3,43,34,31,2,1,9
S01010712,Level 4 and above,75,59,49,7,3,16
S01010713,All people aged 16 and over,633,453,394,29,30,180
S01010713,No qualifications,201,100,84,8,8,101
S01010713,Level 1,177,141,123,4,14,36
S01010713,Level 2,105,87,74,7,6,18
S01010713,Level 3,41,33,31,2,0,8
S01010713,Level 4 and above,109,92,82,8,2,17
S01010714,All people aged 16 and over,613,344,292,26,26,269
S01010714,No qualifications,255,85,68,7,10,170
S01010714,Level 1,159,118,102,4,12,41
S01010714,Level 2,47,33,26,5,2,14
S01010714,Level 3,51,36,34,2,0,15
S01010714,Level 4 and above,101,72,62,8,2,29
S01010715,All people aged 16 and over,588,373,309,35,29,215
S01010715,No qualifications,215,87,71,8,8,128
S01010715,Level 1,162,119,101,8,10,43
S01010715,Level 2,75,57,46,7,4,18
S01010715,Level 3,44,39,28,5,6,5
S01010715,Level 4 and above,92,71,63,7,1,21
S01010716,All people aged 16 and over,782,493,405,48,40,289
S01010716,No qualifications,214,70,57,3,10,144
S01010716,Level 1,192,143,113,15,15,49
S01010716,Level 2,91,70,62,3,5,21
S01010716,Level 3,61,53,46,4,3,8
S01010716,Level 4 and above,224,157,127,23,7,67
S01010717,All people aged 16 and over,539,325,282,34,9,214
S01010717,No qualifications,118,39,36,3,0,79
S01010717,Level 1,127,86,73,10,3,41
S01010717,Level 2,82,61,55,6,0,21
S01010717,Level 3,51,38,31,5,2,13
S01010717,Level 4 and above,161,101,87,10,4,60
S01010718,All people aged 16 and over,755,530,428,72,30,225
S01010718,No qualifications,146,65,49,11,5,81
S01010718,Level 1,201,152,116,23,13,49
S01010718,Level 2,125,96,77,14,5,29
S01010718,Level 3,87,73,62,7,4,14
S01010718,Level 4 and above,196,144,124,17,3,52
S01010719,All people aged 16 and over,564,332,264,55,13,232
S01010719,No qualifications,141,44,32,7,5,97
S01010719,Level 1,122,86,69,15,2,36
S01010719,Level 2,72,49,45,4,0,23
S01010719,Level 3,44,33,23,8,2,11
S01010719,Level 4 and above,185,120,95,21,4,65
S01010720,All people aged 16 and over,629,338,261,65,12,291
S01010720,No qualifications,131,34,25,8,1,97
S01010720,Level 1,114,65,54,9,2,49
S01010720,Level 2,73,55,44,9,2,18
S01010720,Level 3,67,46,37,8,1,21
S01010720,Level 4 and above,244,138,101,31,6,106
S01010721,All people aged 16 and over,546,335,242,79,14,211
S01010721,No qualifications,80,29,18,11,0,51
S01010721,Level 1,101,69,52,11,6,32
S01010721,Level 2,81,63,48,11,4,18
S01010721,Level 3,58,42,27,15,0,16
S01010721,Level 4 and above,226,132,97,31,4,94
S01010722,All people aged 16 and over,710,438,342,68,28,272
S01010722,No qualifications,175,58,40,12,6,117
S01010722,Level 1,165,107,77,19,11,58
S01010722,Level 2,82,60,52,4,4,22
S01010722,Level 3,59,48,39,7,2,11
S01010722,Level 4 and above,229,165,134,26,5,64
S01010723,All people aged 16 and over,710,504,368,118,18,206
S01010723,No qualifications,108,46,27,17,2,62
S01010723,Level 1,160,117,75,35,7,43
S01010723,Level 2,111,87,70,13,4,24
S01010723,Level 3,45,37,26,11,0,8
S01010723,Level 4 and above,286,217,170,42,5,69
S01010724,All people aged 16 and over,706,490,382,92,16,216
S01010724,No qualifications,155,59,44,12,3,96
S01010724,Level 1,162,113,88,21,4,49
S01010724,Level 2,106,86,70,12,4,20
S01010724,Level 3,61,54,38,15,1,7
S01010724,Level 4 and above,222,178,142,32,4,44
S01010725,All people aged 16 and over,600,409,276,121,12,191
S01010725,No qualifications,110,45,26,18,1,65
S01010725,Level 1,123,87,57,26,4,36
S01010725,Level 2,99,74,51,21,2,25
S01010725,Level 3,60,45,30,13,2,15
S01010725,Level 4 and above,208,158,112,43,3,50
S01010726,All people aged 16 and over,794,460,358,75,27,334
S01010726,No qualifications,186,57,41,13,3,129
S01010726,Level 1,166,107,79,18,10,59
S01010726,Level 2,117,79,61,15,3,38
S01010726,Level 3,76,62,47,9,6,14
S01010726,Level 4 and above,249,155,130,20,5,94
S01010727,All people aged 16 and over,528,326,237,71,18,202
S01010727,No qualifications,93,32,20,10,2,61
S01010727,Level 1,102,65,44,14,7,37
S01010727,Level 2,75,58,37,18,3,17
S01010727,Level 3,42,34,25,9,0,8
S01010727,Level 4 and above,216,137,111,20,6,79
S01010728,All people aged 16 and over,418,263,213,42,8,155
S01010728,No qualifications,65,15,12,3,0,50
S01010728,Level 1,84,60,51,5,4,24
S01010728,Level 2,63,45,30,12,3,18
S01010728,Level 3,34,24,22,2,0,10
S01010728,Level 4 and above,172,119,98,20,1,53
S01010729,All people aged 16 and over,590,413,317,87,9,177
S01010729,No qualifications,120,58,40,17,1,62
S01010729,Level 1,122,93,70,22,1,29
S01010729,Level 2,117,95,74,18,3,22
S01010729,Level 3,49,41,36,5,0,8
S01010729,Level 4 and above,182,126,97,25,4,56
S01010730,All people aged 16 and over,698,469,342,112,15,229
S01010730,No qualifications,127,44,22,19,3,83
S01010730,Level 1,156,118,77,37,4,38
S01010730,Level 2,115,91,72,16,3,24
S01010730,Level 3,60,44,34,9,1,16
S01010730,Level 4 and above,240,172,137,31,4,68
S01010731,All people aged 16 and over,752,488,351,94,43,264
S01010731,No qualifications,161,65,41,12,12,96
S01010731,Level 1,166,112,83,18,11,54
S01010731,Level 2,103,77,57,13,7,26
S01010731,Level 3,68,57,40,13,4,11
S01010731,Level 4 and above,254,177,130,38,9,77
S01010732,All people aged 16 and over,651,395,324,31,40,256
S01010732,No qualifications,258,113,91,8,14,145
S01010732,Level 1,213,153,124,10,19,60
S01010732,Level 2,56,37,35,1,1,19
S01010732,Level 3,47,38,33,2,3,9
S01010732,Level 4 and above,77,54,41,10,3,23
S01010733,All people aged 16 and over,437,267,215,18,34,170
S01010733,No qualifications,183,74,54,7,13,109
S01010733,Level 1,132,94,75,3,16,38
S01010733,Level 2,42,32,23,5,4,10
S01010733,Level 3,41,34,33,1,0,7
S01010733,Level 4 and above,39,33,30,2,1,6
S01010734,All people aged 16 and over,723,436,347,37,52,287
S01010734,No qualifications,256,98,77,8,13,158
S01010734,Level 1,233,166,130,11,25,67
S01010734,Level 2,89,63,52,4,7,26
S01010734,Level 3,50,37,30,4,3,13
S01010734,Level 4 and above,95,72,58,10,4,23
S01010735,All people aged 16 and over,455,296,234,19,43,159
S01010735,No qualifications,159,86,60,5,21,73
S01010735,Level 1,136,87,72,3,12,49
S01010735,Level 2,56,39,31,3,5,17
S01010735,Level 3,31,29,26,2,1,2
S01010735,Level 4 and above,73,55,45,6,4,18
S01010736,All people aged 16 and over,419,260,221,29,10,159
S01010736,No qualifications,97,26,17,6,3,71
S01010736,Level 1,112,72,61,6,5,40
S01010736,Level 2,65,53,46,7,0,12
S01010736,Level 3,57,49,47,2,0,8
S01010736,Level 4 and above,88,60,50,8,2,28
S01010737,All people aged 16 and over,889,512,426,48,38,377
S01010737,No qualifications,295,97,78,14,5,198
S01010737,Level 1,229,160,126,14,20,69
S01010737,Level 2,120,84,75,7,2,36
S01010737,Level 3,64,58,50,3,5,6
S01010737,Level 4 and above,181,113,97,10,6,68
S01010738,All people aged 16 and over,458,281,246,19,16,177
S01010738,No qualifications,170,64,58,3,3,106
S01010738,Level 1,123,94,78,8,8,29
S01010738,Level 2,60,47,42,4,1,13
S01010738,Level 3,45,37,33,1,3,8
S01010738,Level 4 and above,60,39,35,3,1,21
S01010739,All people aged 16 and over,695,457,370,45,42,238
S01010739,No qualifications,226,92,77,8,7,134
S01010739,Level 1,196,143,111,14,18,53
S01010739,Level 2,84,66,49,6,11,18
S01010739,Level 3,66,58,51,6,1,8
S01010739,Level 4 and above,123,98,82,11,5,25
S01010740,All people aged 16 and over,387,220,175,12,33,167
S01010740,No qualifications,153,53,45,1,7,100
S01010740,Level 1,133,95,69,8,18,38
S01010740,Level 2,40,32,26,2,4,8
S01010740,Level 3,15,8,7,0,1,7
S01010740,Level 4 and above,46,32,28,1,3,14
S01010741,All people aged 16 and over,513,279,220,42,17,234
S01010741,No qualifications,150,43,37,5,1,107
S01010741,Level 1,148,92,67,17,8,56
S01010741,Level 2,77,57,44,10,3,20
S01010741,Level 3,40,29,23,5,1,11
S01010741,Level 4 and above,98,58,49,5,4,40
S01010742,All people aged 16 and over,571,368,326,11,31,203
S01010742,No qualifications,195,79,63,3,13,116
S01010742,Level 1,177,141,123,5,13,36
S01010742,Level 2,90,66,62,2,2,24
S01010742,Level 3,43,37,35,0,2,6
S01010742,Level 4 and above,66,45,43,1,1,21
S01010743,All people aged 16 and over,531,318,268,13,37,213
S01010743,No qualifications,177,74,66,2,6,103
S01010743,Level 1,204,135,102,7,26,69
S01010743,Level 2,77,54,47,3,4,23
S01010743,Level 3,32,25,25,0,0,7
S01010743,Level 4 and above,41,30,28,1,1,11
S01010744,All people aged 16 and over,901,558,458,60,40,343
S01010744,No qualifications,256,95,78,10,7,161
S01010744,Level 1,256,188,157,17,14,68
S01010744,Level 2,143,101,77,16,8,42
S01010744,Level 3,78,60,48,7,5,18
S01010744,Level 4 and above,168,114,98,10,6,54
S01010745,All people aged 16 and over,529,315,249,36,30,214
S01010745,No qualifications,178,67,49,10,8,111
S01010745,Level 1,145,98,77,10,11,47
S01010745,Level 2,62,50,41,4,5,12
S01010745,Level 3,56,42,35,5,2,14
S01010745,Level 4 and above,88,58,47,7,4,30
S01010746,All people aged 16 and over,842,551,402,113,36,291
S01010746,No qualifications,202,87,57,18,12,115
S01010746,Level 1,216,148,106,26,16,68
S01010746,Level 2,131,93,69,20,4,38
S01010746,Level 3,85,63,53,8,2,22
S01010746,Level 4 and above,208,160,117,41,2,48
S01010747,All people aged 16 and over,660,414,336,44,34,246
S01010747,No qualifications,215,85,65,8,12,130
S01010747,Level 1,182,131,106,12,13,51
S01010747,Level 2,98,70,54,9,7,28
S01010747,Level 3,46,37,28,8,1,9
S01010747,Level 4 and above,119,91,83,7,1,28
S01010748,All people aged 16 and over,526,311,226,70,15,215
S01010748,No qualifications,127,47,29,15,3,80
S01010748,Level 1,132,89,59,22,8,43
S01010748,Level 2,68,49,38,9,2,19
S01010748,Level 3,57,42,38,3,1,15
S01010748,Level 4 and above,142,84,62,21,1,58
S01010749,All people aged 16 and over,504,318,237,58,23,186
S01010749,No qualifications,136,61,34,19,8,75
S01010749,Level 1,121,86,64,15,7,35
S01010749,Level 2,71,49,40,6,3,22
S01010749,Level 3,45,37,27,7,3,8
S01010749,Level 4 and above,131,85,72,11,2,46
S01010750,All people aged 16 and over,542,304,201,81,22,238
S01010750,No qualifications,156,46,28,15,3,110
S01010750,Level 1,121,73,44,22,7,48
S01010750,Level 2,59,46,32,10,4,13
S01010750,Level 3,47,35,24,7,4,12
S01010750,Level 4 and above,159,104,73,27,4,55
S01010751,All people aged 16 and over,583,328,237,45,46,255
S01010751,No qualifications,201,51,33,8,10,150
S01010751,Level 1,166,127,93,10,24,39
S01010751,Level 2,91,67,52,9,6,24
S01010751,Level 3,43,32,25,2,5,11
S01010751,Level 4 and above,82,51,34,16,1,31
S01010752,All people aged 16 and over,586,376,298,37,41,210
S01010752,No qualifications,159,62,52,5,5,97
S01010752,Level 1,170,123,91,12,20,47
S01010752,Level 2,80,63,51,4,8,17
S01010752,Level 3,76,60,44,10,6,16
S01010752,Level 4 and above,101,68,60,6,2,33
S01010753,All people aged 16 and over,799,510,370,81,59,289
S01010753,No qualifications,193,78,53,11,14,115
S01010753,Level 1,250,172,110,30,32,78
S01010753,Level 2,122,95,73,14,8,27
S01010753,Level 3,78,53,44,7,2,25
S01010753,Level 4 and above,156,112,90,19,3,44
S01010754,All people aged 16 and over,572,313,245,47,21,259
S01010754,No qualifications,183,48,37,6,5,135
S01010754,Level 1,129,86,65,10,11,43
S01010754,Level 2,74,50,45,5,0,24
S01010754,Level 3,54,41,29,8,4,13
S01010754,Level 4 and above,132,88,69,18,1,44
S01010755,All people aged 16 and over,542,322,266,40,16,220
S01010755,No qualifications,195,59,48,9,2,136
S01010755,Level 1,131,94,75,11,8,37
S01010755,Level 2,79,63,57,4,2,16
S01010755,Level 3,46,38,35,2,1,8
S01010755,Level 4 and above,91,68,51,14,3,23
S01010756,All people aged 16 and over,544,346,272,60,14,198
S01010756,No qualifications,123,38,25,12,1,85
S01010756,Level 1,152,106,82,18,6,46
S01010756,Level 2,87,68,60,6,2,19
S01010756,Level 3,42,35,27,6,2,7
S01010756,Level 4 and above,140,99,78,18,3,41
S01010757,All people aged 16 and over,659,378,270,88,20,281
S01010757,No qualifications,176,66,38,25,3,110
S01010757,Level 1,158,104,72,23,9,54
S01010757,Level 2,97,67,49,14,4,30
S01010757,Level 3,57,39,31,7,1,18
S01010757,Level 4 and above,171,102,80,19,3,69
S01010758,All people aged 16 and over,604,317,232,67,18,287
S01010758,No qualifications,165,44,33,7,4,121
S01010758,Level 1,139,93,60,25,8,46
S01010758,Level 2,93,63,49,11,3,30
S01010758,Level 3,39,26,17,8,1,13
S01010758,Level 4 and above,168,91,73,16,2,77
S01010759,All people aged 16 and over,494,307,249,43,15,187
S01010759,No qualifications,136,53,41,9,3,83
S01010759,Level 1,111,83,64,10,9,28
S01010759,Level 2,95,61,55,5,1,34
S01010759,Level 3,37,30,28,2,0,7
S01010759,Level 4 and above,115,80,61,17,2,35
S01010760,All people aged 16 and over,540,251,184,41,26,289
S01010760,No qualifications,146,24,17,5,2,122
S01010760,Level 1,111,61,39,11,11,50
S01010760,Level 2,69,43,35,4,4,26
S01010760,Level 3,49,30,21,5,4,19
S01010760,Level 4 and above,165,93,72,16,5,72
S01010761,All people aged 16 and over,443,296,214,61,21,147
S01010761,No qualifications,100,50,31,16,3,50
S01010761,Level 1,97,75,52,13,10,22
S01010761,Level 2,63,42,30,8,4,21
S01010761,Level 3,44,33,27,4,2,11
S01010761,Level 4 and above,139,96,74,20,2,43
S01010762,All people aged 16 and over,500,292,204,74,14,208
S01010762,No qualifications,121,43,24,16,3,78
S01010762,Level 1,111,61,47,12,2,50
S01010762,Level 2,83,60,41,13,6,23
S01010762,Level 3,44,36,22,12,2,8
S01010762,Level 4 and above,141,92,70,21,1,49
S01010763,All people aged 16 and over,549,334,229,82,23,215
S01010763,No qualifications,173,67,37,22,8,106
S01010763,Level 1,123,87,65,16,6,36
S01010763,Level 2,86,65,48,13,4,21
S01010763,Level 3,43,30,20,9,1,13
S01010763,Level 4 and above,124,85,59,22,4,39
S01010764,All people aged 16 and over,497,278,182,87,9,219
S01010764,No qualifications,136,49,32,17,0,87
S01010764,Level 1,117,85,55,27,3,32
S01010764,Level 2,64,47,28,15,4,17
S01010764,Level 3,37,26,19,6,1,11
S01010764,Level 4 and above,143,71,48,22,1,72
S01010765,All people aged 16 and over,855,482,348,108,26,373
S01010765,No qualifications,299,111,70,32,9,188
S01010765,Level 1,198,136,109,20,7,62
S01010765,Level 2,112,76,55,18,3,36
S01010765,Level 3,53,42,32,9,1,11
S01010765,Level 4 and above,193,117,82,29,6,76
S01010766,All people aged 16 and over,653,345,252,64,29,308
S01010766,No qualifications,181,59,39,15,5,122
S01010766,Level 1,174,102,74,19,9,72
S01010766,Level 2,83,60,44,10,6,23
S01010766,Level 3,47,37,30,4,3,10
S01010766,Level 4 and above,168,87,65,16,6,81
S01010767,All people aged 16 and over,582,324,248,39,37,258
S01010767,No qualifications,168,54,41,4,9,114
S01010767,Level 1,184,114,81,13,20,70
S01010767,Level 2,72,56,42,9,5,16
S01010767,Level 3,54,43,39,3,1,11
S01010767,Level 4 and above,104,57,45,10,2,47
S01010768,All people aged 16 and over,490,261,203,33,25,229
S01010768,No qualifications,183,52,36,10,6,131
S01010768,Level 1,129,86,64,12,10,43
S01010768,Level 2,55,40,32,3,5,15
S01010768,Level 3,43,34,29,1,4,9
S01010768,Level 4 and above,80,49,42,7,0,31
S01010769,All people aged 16 and over,424,238,161,65,12,186
S01010769,No qualifications,98,29,14,13,2,69
S01010769,Level 1,96,63,41,17,5,33
S01010769,Level 2,57,42,27,12,3,15
S01010769,Level 3,49,35,24,11,0,14
S01010769,Level 4 and above,124,69,55,12,2,55
S01010770,All people aged 16 and over,720,460,352,79,29,260
S01010770,No qualifications,207,70,48,14,8,137
S01010770,Level 1,206,153,114,26,13,53
S01010770,Level 2,103,81,65,12,4,22
S01010770,Level 3,48,38,33,5,0,10
S01010770,Level 4 and above,156,118,92,22,4,38
S01010771,All people aged 16 and over,749,379,254,89,36,370
S01010771,No qualifications,262,82,51,15,16,180
S01010771,Level 1,178,113,72,31,10,65
S01010771,Level 2,104,64,43,16,5,40
S01010771,Level 3,59,42,31,9,2,17
S01010771,Level 4 and above,146,78,57,18,3,68
S01010772,All people aged 16 and over,697,379,247,90,42,318
S01010772,No qualifications,270,92,50,30,12,178
S01010772,Level 1,146,99,66,22,11,47
S01010772,Level 2,80,58,33,13,12,22
S01010772,Level 3,58,48,39,7,2,10
S01010772,Level 4 and above,143,82,59,18,5,61
S01010773,All people aged 16 and over,651,406,304,79,23,245
S01010773,No qualifications,190,78,51,22,5,112
S01010773,Level 1,174,127,100,17,10,47
S01010773,Level 2,80,57,49,7,1,23
S01010773,Level 3,72,54,39,11,4,18
S01010773,Level 4 and above,135,90,65,22,3,45
S01010774,All people aged 16 and over,590,348,247,72,29,242
S01010774,No qualifications,192,63,30,24,9,129
S01010774,Level 1,134,91,71,12,8,43
S01010774,Level 2,78,61,46,13,2,17
S01010774,Level 3,48,36,30,3,3,12
S01010774,Level 4 and above,138,97,70,20,7,41
S01010775,All people aged 16 and over,526,391,304,76,11,135
S01010775,No qualifications,135,68,45,23,0,67
S01010775,Level 1,135,115,88,21,6,20
S01010775,Level 2,94,80,65,12,3,14
S01010775,Level 3,61,54,48,4,2,7
S01010775,Level 4 and above,101,74,58,16,0,27
S01010776,All people aged 16 and over,456,287,225,36,26,169
S01010776,No qualifications,173,58,40,10,8,115
S01010776,Level 1,103,87,67,11,9,16
S01010776,Level 2,71,58,47,5,6,13
S01010776,Level 3,35,33,25,5,3,2
S01010776,Level 4 and above,74,51,46,5,0,23
S01010777,All people aged 16 and over,449,262,206,22,34,187
S01010777,No qualifications,183,61,45,6,10,122
S01010777,Level 1,118,90,63,8,19,28
S01010777,Level 2,50,39,34,2,3,11
S01010777,Level 3,28,23,22,0,1,5
S01010777,Level 4 and above,70,49,42,6,1,21
S01010778,All people aged 16 and over,371,227,175,18,34,144
S01010778,No qualifications,152,62,41,5,16,90
S01010778,Level 1,124,92,72,7,13,32
S01010778,Level 2,37,28,26,0,2,9
S01010778,Level 3,19,14,11,2,1,5
S01010778,Level 4 and above,39,31,25,4,2,8
S01010779,All people aged 16 and over,612,359,278,26,55,253
S01010779,No qualifications,230,74,51,6,17,156
S01010779,Level 1,166,125,97,6,22,41
S01010779,Level 2,81,61,50,5,6,20
S01010779,Level 3,44,38,30,2,6,6
S01010779,Level 4 and above,91,61,50,7,4,30
S01010780,All people aged 16 and over,479,282,241,18,23,197
S01010780,No qualifications,192,81,67,5,9,111
S01010780,Level 1,108,81,69,3,9,27
S01010780,Level 2,58,45,41,2,2,13
S01010780,Level 3,33,30,27,3,0,3
S01010780,Level 4 and above,88,45,37,5,3,43
S01010781,All people aged 16 and over,646,433,349,63,21,213
S01010781,No qualifications,166,71,48,17,6,95
S01010781,Level 1,151,108,91,10,7,43
S01010781,Level 2,98,81,68,9,4,17
S01010781,Level 3,62,47,39,6,2,15
S01010781,Level 4 and above,169,126,103,21,2,43
S01010782,All people aged 16 and over,513,277,198,49,30,236
S01010782,No qualifications,187,58,35,12,11,129
S01010782,Level 1,120,78,59,7,12,42
S01010782,Level 2,91,55,36,15,4,36
S01010782,Level 3,48,40,33,5,2,8
S01010782,Level 4 and above,67,46,35,10,1,21
S01010783,All people aged 16 and over,464,269,221,22,26,195
S01010783,No qualifications,179,62,47,10,5,117
S01010783,Level 1,149,115,94,8,13,34
S01010783,Level 2,51,27,24,1,2,24
S01010783,Level 3,46,38,33,1,4,8
S01010783,Level 4 and above,39,27,23,2,2,12
S01010784,All people aged 16 and over,582,370,299,21,50,212
S01010784,No qualifications,238,96,72,6,18,142
S01010784,Level 1,187,153,124,6,23,34
S01010784,Level 2,70,54,42,5,7,16
S01010784,Level 3,40,32,29,1,2,8
S01010784,Level 4 and above,47,35,32,3,0,12
S01010785,All people aged 16 and over,580,379,321,40,18,201
S01010785,No qualifications,168,75,57,12,6,93
S01010785,Level 1,146,105,88,12,5,41
S01010785,Level 2,82,63,58,4,1,19
S01010785,Level 3,50,41,36,3,2,9
S01010785,Level 4 and above,134,95,82,9,4,39
S01010786,All people aged 16 and over,534,360,313,34,13,174
S01010786,No qualifications,169,61,49,8,4,108
S01010786,Level 1,144,116,98,11,7,28
S01010786,Level 2,68,55,50,5,0,13
S01010786,Level 3,57,52,49,2,1,5
S01010786,Level 4 and above,96,76,67,8,1,20
S01010787,All people aged 16 and over,733,475,342,110,23,258
S01010787,No qualifications,232,89,50,29,10,143
S01010787,Level 1,177,135,111,18,6,42
S01010787,Level 2,85,70,49,19,2,15
S01010787,Level 3,79,65,45,18,2,14
S01010787,Level 4 and above,160,116,87,26,3,44
S01010788,All people aged 16 and over,506,358,285,63,10,148
S01010788,No qualifications,146,70,52,17,1,76
S01010788,Level 1,130,100,75,21,4,30
S01010788,Level 2,80,64,55,8,1,16
S01010788,Level 3,49,44,37,6,1,5
S01010788,Level 4 and above,101,80,66,11,3,21
S01010789,All people aged 16 and over,590,382,265,88,29,208
S01010789,No qualifications,187,75,45,23,7,112
S01010789,Level 1,147,112,72,27,13,35
S01010789,Level 2,84,65,51,11,3,19
S01010789,Level 3,61,50,35,13,2,11
S01010789,Level 4 and above,111,80,62,14,4,31
S01010790,All people aged 16 and over,570,352,253,86,13,218
S01010790,No qualifications,190,66,41,22,3,124
S01010790,Level 1,137,95,68,21,6,42
S01010790,Level 2,78,60,44,14,2,18
S01010790,Level 3,67,56,48,7,1,11
S01010790,Level 4 and above,98,75,52,22,1,23
S01010791,All people aged 16 and over,720,424,300,98,26,296
S01010791,No qualifications,191,65,35,25,5,126
S01010791,Level 1,142,94,60,25,9,48
S01010791,Level 2,101,66,40,20,6,35
S01010791,Level 3,85,71,58,11,2,14
S01010791,Level 4 and above,201,128,107,17,4,73
S01010792,All people aged 16 and over,490,319,272,20,27,171
S01010792,No qualifications,183,82,67,6,9,101
S01010792,Level 1,136,96,78,5,13,40
S01010792,Level 2,53,41,35,2,4,12
S01010792,Level 3,43,38,38,0,0,5
S01010792,Level 4 and above,75,62,54,7,1,13
S01010793,All people aged 16 and over,530,361,269,74,18,169
S01010793,No qualifications,139,58,39,19,0,81
S01010793,Level 1,130,100,77,15,8,30
S01010793,Level 2,62,46,29,14,3,16
S01010793,Level 3,71,63,49,12,2,8
S01010793,Level 4 and above,128,94,75,14,5,34
S01010794,All people aged 16 and over,435,301,237,48,16,134
S01010794,No qualifications,87,42,23,15,4,45
S01010794,Level 1,114,82,59,14,9,32
S01010794,Level 2,58,41,32,7,2,17
S01010794,Level 3,63,53,51,2,0,10
S01010794,Level 4 and above,113,83,72,10,1,30
S01010795,All people aged 16 and over,821,496,385,63,48,325
S01010795,No qualifications,255,84,54,19,11,171
S01010795,Level 1,192,138,100,16,22,54
S01010795,Level 2,99,72,55,10,7,27
S01010795,Level 3,96,78,71,5,2,18
S01010795,Level 4 and above,179,124,105,13,6,55
S01010796,All people aged 16 and over,680,478,334,118,26,202
S01010796,No qualifications,152,71,36,34,1,81
S01010796,Level 1,161,121,82,27,12,40
S01010796,Level 2,97,72,53,15,4,25
S01010796,Level 3,82,72,56,12,4,10
S01010796,Level 4 and above,188,142,107,30,5,46
S01010797,All people aged 16 and over,633,447,366,69,12,186
S01010797,No qualifications,130,52,31,20,1,78
S01010797,Level 1,150,110,83,21,6,40
S01010797,Level 2,86,70,62,8,0,16
S01010797,Level 3,101,85,70,12,3,16
S01010797,Level 4 and above,166,130,120,8,2,36
S01010798,All people aged 16 and over,579,351,260,71,20,228
S01010798,No qualifications,151,65,32,30,3,86
S01010798,Level 1,124,90,62,21,7,34
S01010798,Level 2,78,51,40,8,3,27
S01010798,Level 3,65,41,34,2,5,24
S01010798,Level 4 and above,161,104,92,10,2,57
S01010799,All people aged 16 and over,817,456,372,52,32,361
S01010799,No qualifications,293,81,62,11,8,212
S01010799,Level 1,143,101,74,17,10,42
S01010799,Level 2,101,75,59,11,5,26
S01010799,Level 3,100,74,66,2,6,26
S01010799,Level 4 and above,180,125,111,11,3,55
S01010800,All people aged 16 and over,608,386,331,27,28,222
S01010800,No qualifications,213,85,67,7,11,128
S01010800,Level 1,191,143,125,10,8,48
S01010800,Level 2,75,61,52,5,4,14
S01010800,Level 3,71,60,55,0,5,11
S01010800,Level 4 and above,58,37,32,5,0,21
S01010801,All people aged 16 and over,603,347,301,26,20,256
S01010801,No qualifications,247,72,62,6,4,175
S01010801,Level 1,151,113,97,9,7,38
S01010801,Level 2,63,47,42,1,4,16
S01010801,Level 3,54,46,41,3,2,8
S01010801,Level 4 and above,88,69,59,7,3,19
S01010802,All people aged 16 and over,475,319,261,34,24,156
S01010802,No qualifications,108,43,32,7,4,65
S01010802,Level 1,116,87,73,5,9,29
S01010802,Level 2,73,63,55,2,6,10
S01010802,Level 3,80,63,54,7,2,17
S01010802,Level 4 and above,98,63,47,13,3,35
S01010803,All people aged 16 and over,499,287,227,28,32,212
S01010803,No qualifications,146,41,27,3,11,105
S01010803,Level 1,130,84,61,10,13,46
S01010803,Level 2,62,42,36,4,2,20
S01010803,Level 3,60,47,43,3,1,13
S01010803,Level 4 and above,101,73,60,8,5,28
S01010804,All people aged 16 and over,497,295,253,32,10,202
S01010804,No qualifications,118,30,23,7,0,88
S01010804,Level 1,140,82,69,7,6,58
S01010804,Level 2,65,51,42,8,1,14
S01010804,Level 3,61,52,49,1,2,9
S01010804,Level 4 and above,113,80,70,9,1,33
S01010805,All people aged 16 and over,705,452,385,35,32,253
S01010805,No qualifications,129,44,35,5,4,85
S01010805,Level 1,190,140,116,12,12,50
S01010805,Level 2,121,82,68,6,8,39
S01010805,Level 3,95,72,64,2,6,23
S01010805,Level 4 and above,170,114,102,10,2,56
S01010806,All people aged 16 and over,741,447,358,36,53,294
S01010806,No qualifications,242,81,61,6,14,161
S01010806,Level 1,199,140,105,14,21,59
S01010806,Level 2,96,73,64,5,4,23
S01010806,Level 3,84,60,50,2,8,24
S01010806,Level 4 and above,120,93,78,9,6,27
S01010807,All people aged 16 and over,450,291,245,31,15,159
S01010807,No qualifications,100,43,34,4,5,57
S01010807,Level 1,137,93,76,10,7,44
S01010807,Level 2,76,52,45,6,1,24
S01010807,Level 3,67,54,47,6,1,13
S01010807,Level 4 and above,70,49,43,5,1,21
S01010808,All people aged 16 and over,422,269,241,19,9,153
S01010808,No qualifications,77,33,26,5,2,44
S01010808,Level 1,105,68,60,5,3,37
S01010808,Level 2,81,61,55,4,2,20
S01010808,Level 3,54,38,36,2,0,16
S01010808,Level 4 and above,105,69,64,3,2,36
S01010809,All people aged 16 and over,675,440,378,35,27,235
S01010809,No qualifications,166,72,52,13,7,94
S01010809,Level 1,159,106,83,10,13,53
S01010809,Level 2,88,65,61,4,0,23
S01010809,Level 3,88,71,66,2,3,17
S01010809,Level 4 and above,174,126,116,6,4,48
S01010810,All people aged 16 and over,429,214,155,44,15,215
S01010810,No qualifications,129,30,18,10,2,99
S01010810,Level 1,96,52,40,8,4,44
S01010810,Level 2,67,41,31,8,2,26
S01010810,Level 3,50,36,26,7,3,14
S01010810,Level 4 and above,87,55,40,11,4,32
S01010811,All people aged 16 and over,745,467,324,111,32,278
S01010811,No qualifications,177,65,39,21,5,112
S01010811,Level 1,194,147,99,33,15,47
S01010811,Level 2,117,78,57,17,4,39
S01010811,Level 3,53,44,31,9,4,9
S01010811,Level 4 and above,204,133,98,31,4,71
S01010812,All people aged 16 and over,434,268,164,72,32,166
S01010812,No qualifications,112,39,21,15,3,73
S01010812,Level 1,128,97,59,23,15,31
S01010812,Level 2,55,40,27,6,7,15
S01010812,Level 3,24,18,11,6,1,6
S01010812,Level 4 and above,115,74,46,22,6,41
S01010813,All people aged 16 and over,454,304,188,83,33,150
S01010813,No qualifications,105,51,36,11,4,54
S01010813,Level 1,108,69,41,19,9,39
S01010813,Level 2,81,64,36,19,9,17
S01010813,Level 3,42,36,26,4,6,6
S01010813,Level 4 and above,118,84,49,30,5,34
S01010814,All people aged 16 and over,536,346,201,124,21,190
S01010814,No qualifications,114,51,25,22,4,63
S01010814,Level 1,130,91,54,30,7,39
S01010814,Level 2,73,56,32,17,7,17
S01010814,Level 3,44,33,22,10,1,11
S01010814,Level 4 and above,175,115,68,45,2,60
S01010815,All people aged 16 and over,377,251,203,42,6,126
S01010815,No qualifications,122,66,50,12,4,56
S01010815,Level 1,80,57,46,10,1,23
S01010815,Level 2,48,36,27,8,1,12
S01010815,Level 3,30,26,23,3,0,4
S01010815,Level 4 and above,97,66,57,9,0,31
S01010816,All people aged 16 and over,523,262,191,63,8,261
S01010816,No qualifications,94,11,10,1,0,83
S01010816,Level 1,58,26,20,5,1,32
S01010816,Level 2,83,48,38,7,3,35
S01010816,Level 3,43,21,13,6,2,22
S01010816,Level 4 and above,245,156,110,44,2,89
S01010817,All people aged 16 and over,712,431,310,102,19,281
S01010817,No qualifications,95,24,17,7,0,71
S01010817,Level 1,100,48,33,10,5,52
S01010817,Level 2,102,56,40,12,4,46
S01010817,Level 3,65,43,28,12,3,22
S01010817,Level 4 and above,350,260,192,61,7,90
S01010818,All people aged 16 and over,826,493,371,96,26,333
S01010818,No qualifications,128,40,27,11,2,88
S01010818,Level 1,112,54,32,11,11,58
S01010818,Level 2,104,71,54,15,2,33
S01010818,Level 3,85,57,45,11,1,28
S01010818,Level 4 and above,397,271,213,48,10,126
S01010819,All people aged 16 and over,676,381,301,59,21,295
S01010819,No qualifications,190,45,39,5,1,145
S01010819,Level 1,124,65,47,12,6,59
S01010819,Level 2,97,73,61,5,7,24
S01010819,Level 3,65,49,42,5,2,16
S01010819,Level 4 and above,200,149,112,32,5,51
S01010820,All people aged 16 and over,431,271,198,63,10,160
S01010820,No qualifications,58,23,9,12,2,35
S01010820,Level 1,65,39,31,6,2,26
S01010820,Level 2,63,40,29,8,3,23
S01010820,Level 3,53,35,27,8,0,18
S01010820,Level 4 and above,192,134,102,29,3,58
S01010821,All people aged 16 and over,499,266,205,56,5,233
S01010821,No qualifications,62,20,11,7,2,42
S01010821,Level 1,71,36,31,4,1,35
S01010821,Level 2,80,43,35,7,1,37
S01010821,Level 3,39,19,17,2,0,20
S01010821,Level 4 and above,247,148,111,36,1,99
S01010822,All people aged 16 and over,641,369,263,89,17,272
S01010822,No qualifications,138,32,22,8,2,106
S01010822,Level 1,93,38,26,9,3,55
S01010822,Level 2,85,56,38,17,1,29
S01010822,Level 3,70,52,42,8,2,18
S01010822,Level 4 and above,255,191,135,47,9,64
S01010823,All people aged 16 and over,368,248,207,29,12,120
S01010823,No qualifications,92,27,22,3,2,65
S01010823,Level 1,106,80,61,13,6,26
S01010823,Level 2,47,36,27,9,0,11
S01010823,Level 3,55,51,45,3,3,4
S01010823,Level 4 and above,68,54,52,1,1,14
S01010824,All people aged 16 and over,535,424,358,45,21,111
S01010824,No qualifications,58,24,15,6,3,34
S01010824,Level 1,125,97,76,13,8,28
S01010824,Level 2,90,68,59,6,3,22
S01010824,Level 3,96,87,74,8,5,9
S01010824,Level 4 and above,166,148,134,12,2,18
S01010825,All people aged 16 and over,259,197,171,22,4,62
S01010825,No qualifications,37,14,9,5,0,23
S01010825,Level 1,53,41,35,5,1,12
S01010825,Level 2,46,39,33,3,3,7
S01010825,Level 3,37,31,28,3,0,6
S01010825,Level 4 and above,86,72,66,6,0,14
S01010826,All people aged 16 and over,620,374,294,57,23,246
S01010826,No qualifications,107,44,31,10,3,63
S01010826,Level 1,114,60,43,9,8,54
S01010826,Level 2,101,68,58,7,3,33
S01010826,Level 3,69,53,45,6,2,16
S01010826,Level 4 and above,229,149,117,25,7,80
S01010827,All people aged 16 and over,491,357,318,25,14,134
S01010827,No qualifications,92,38,30,8,0,54
S01010827,Level 1,104,79,65,9,5,25
S01010827,Level 2,94,79,73,4,2,15
S01010827,Level 3,67,61,55,1,5,6
S01010827,Level 4 and above,134,100,95,3,2,34
S01010828,All people aged 16 and over,961,741,621,78,42,220
S01010828,No qualifications,101,48,41,4,3,53
S01010828,Level 1,212,153,120,16,17,59
S01010828,Level 2,167,132,112,11,9,35
S01010828,Level 3,152,130,108,16,6,22
S01010828,Level 4 and above,329,278,240,31,7,51
S01010829,All people aged 16 and over,809,476,387,69,20,333
S01010829,No qualifications,168,34,22,12,0,134
S01010829,Level 1,168,109,85,17,7,59
S01010829,Level 2,103,66,52,8,6,37
S01010829,Level 3,100,74,63,8,3,26
S01010829,Level 4 and above,270,193,165,24,4,77
S01010830,All people aged 16 and over,476,327,266,32,29,149
S01010830,No qualifications,95,26,19,3,4,69
S01010830,Level 1,101,74,61,4,9,27
S01010830,Level 2,84,63,50,8,5,21
S01010830,Level 3,71,56,43,6,7,15
S01010830,Level 4 and above,125,108,93,11,4,17
S01010831,All people aged 16 and over,436,365,319,34,12,71
S01010831,No qualifications,49,22,14,6,2,27
S01010831,Level 1,98,77,64,11,2,21
S01010831,Level 2,85,77,64,8,5,8
S01010831,Level 3,74,68,65,3,0,6
S01010831,Level 4 and above,130,121,112,6,3,9
S01010832,All people aged 16 and over,613,469,402,27,40,144
S01010832,No qualifications,118,66,51,7,8,52
S01010832,Level 1,170,121,102,5,14,49
S01010832,Level 2,110,94,84,6,4,16
S01010832,Level 3,99,90,73,5,12,9
S01010832,Level 4 and above,116,98,92,4,2,18
S01010833,All people aged 16 and over,739,514,439,67,8,225
S01010833,No qualifications,98,36,31,5,0,62
S01010833,Level 1,123,75,64,11,0,48
S01010833,Level 2,109,74,63,8,3,35
S01010833,Level 3,111,84,68,14,2,27
S01010833,Level 4 and above,298,245,213,29,3,53
S01010834,All people aged 16 and over,794,460,397,48,15,334
S01010834,No qualifications,125,39,33,4,2,86
S01010834,Level 1,130,69,53,10,6,61
S01010834,Level 2,132,86,79,4,3,46
S01010834,Level 3,102,66,58,7,1,36
S01010834,Level 4 and above,305,200,174,23,3,105
S01010835,All people aged 16 and over,576,328,278,38,12,248
S01010835,No qualifications,79,21,16,5,0,58
S01010835,Level 1,100,43,33,5,5,57
S01010835,Level 2,110,71,60,6,5,39
S01010835,Level 3,76,53,47,6,0,23
S01010835,Level 4 and above,211,140,122,16,2,71
S01010836,All people aged 16 and over,696,425,340,52,33,271
S01010836,No qualifications,133,36,25,10,1,97
S01010836,Level 1,104,69,51,11,7,35
S01010836,Level 2,109,77,58,10,9,32
S01010836,Level 3,75,53,48,3,2,22
S01010836,Level 4 and above,275,190,158,18,14,85
S01010837,All people aged 16 and over,560,313,261,27,25,247
S01010837,No qualifications,174,50,41,7,2,124
S01010837,Level 1,130,79,61,8,10,51
S01010837,Level 2,83,57,48,1,8,26
S01010837,Level 3,65,45,37,4,4,20
S01010837,Level 4 and above,108,82,74,7,1,26
S01010838,All people aged 16 and over,664,455,393,25,37,209
S01010838,No qualifications,165,58,52,4,2,107
S01010838,Level 1,165,117,93,9,15,48
S01010838,Level 2,109,90,74,4,12,19
S01010838,Level 3,105,89,80,3,6,16
S01010838,Level 4 and above,120,101,94,5,2,19
S01010839,All people aged 16 and over,593,340,286,26,28,253
S01010839,No qualifications,132,23,17,2,4,109
S01010839,Level 1,130,80,65,7,8,50
S01010839,Level 2,98,74,62,6,6,24
S01010839,Level 3,58,46,38,2,6,12
S01010839,Level 4 and above,175,117,104,9,4,58
S01010840,All people aged 16 and over,448,243,209,20,14,205
S01010840,No qualifications,124,28,20,5,3,96
S01010840,Level 1,74,44,36,4,4,30
S01010840,Level 2,55,39,33,2,4,16
S01010840,Level 3,50,37,33,4,0,13
S01010840,Level 4 and above,145,95,87,5,3,50
S01010841,All people aged 16 and over,657,418,348,32,38,239
S01010841,No qualifications,132,31,26,1,4,101
S01010841,Level 1,139,88,63,8,17,51
S01010841,Level 2,81,55,45,5,5,26
S01010841,Level 3,100,78,69,3,6,22
S01010841,Level 4 and above,205,166,145,15,6,39
S01010842,All people aged 16 and over,808,357,295,26,36,451
S01010842,No qualifications,349,49,30,4,15,300
S01010842,Level 1,159,95,81,8,6,64
S01010842,Level 2,83,55,46,3,6,28
S01010842,Level 3,80,57,50,4,3,23
S01010842,Level 4 and above,137,101,88,7,6,36
S01010843,All people aged 16 and over,582,302,252,22,28,280
S01010843,No qualifications,188,33,26,5,2,155
S01010843,Level 1,122,73,59,5,9,49
S01010843,Level 2,86,66,53,3,10,20
S01010843,Level 3,78,57,50,3,4,21
S01010843,Level 4 and above,108,73,64,6,3,35
S01010844,All people aged 16 and over,571,341,312,20,9,230
S01010844,No qualifications,105,29,22,5,2,76
S01010844,Level 1,94,51,46,3,2,43
S01010844,Level 2,110,77,73,2,2,33
S01010844,Level 3,78,56,51,3,2,22
S01010844,Level 4 and above,184,128,120,7,1,56
S01010845,All people aged 16 and over,528,313,269,22,22,215
S01010845,No qualifications,157,44,34,5,5,113
S01010845,Level 1,105,63,55,4,4,42
S01010845,Level 2,72,57,50,4,3,15
S01010845,Level 3,74,54,47,3,4,20
S01010845,Level 4 and above,120,95,83,6,6,25
S01010846,All people aged 16 and over,620,424,358,23,43,196
S01010846,No qualifications,174,78,59,11,8,96
S01010846,Level 1,182,137,108,7,22,45
S01010846,Level 2,106,84,78,1,5,22
S01010846,Level 3,78,59,55,2,2,19
S01010846,Level 4 and above,80,66,58,2,6,14
S01010847,All people aged 16 and over,518,388,350,19,19,130
S01010847,No qualifications,89,36,31,0,5,53
S01010847,Level 1,101,78,68,8,2,23
S01010847,Level 2,94,75,67,0,8,19
S01010847,Level 3,97,79,71,5,3,18
S01010847,Level 4 and above,137,120,113,6,1,17
S01010848,All people aged 16 and over,519,319,254,17,48,200
S01010848,No qualifications,195,73,62,5,6,122
S01010848,Level 1,158,117,89,5,23,41
S01010848,Level 2,59,46,34,1,11,13
S01010848,Level 3,48,39,33,2,4,9
S01010848,Level 4 and above,59,44,36,4,4,15
S01010849,All people aged 16 and over,732,418,340,30,48,314
S01010849,No qualifications,268,96,74,7,15,172
S01010849,Level 1,235,149,119,11,19,86
S01010849,Level 2,87,65,55,3,7,22
S01010849,Level 3,83,65,54,6,5,18
S01010849,Level 4 and above,59,43,38,3,2,16
S01010850,All people aged 16 and over,711,346,282,14,50,365
S01010850,No qualifications,366,123,103,5,15,243
S01010850,Level 1,174,114,87,4,23,60
S01010850,Level 2,66,39,29,3,7,27
S01010850,Level 3,56,44,39,1,4,12
S01010850,Level 4 and above,49,26,24,1,1,23
S01010851,All people aged 16 and over,608,383,322,10,51,225
S01010851,No qualifications,245,108,89,3,16,137
S01010851,Level 1,182,132,105,4,23,50
S01010851,Level 2,68,52,46,2,4,16
S01010851,Level 3,62,47,42,1,4,15
S01010851,Level 4 and above,51,44,40,0,4,7
S01010852,All people aged 16 and over,612,369,307,28,34,243
S01010852,No qualifications,258,104,85,5,14,154
S01010852,Level 1,171,131,109,10,12,40
S01010852,Level 2,62,43,37,4,2,19
S01010852,Level 3,59,46,38,3,5,13
S01010852,Level 4 and above,62,45,38,6,1,17
S01010853,All people aged 16 and over,726,458,390,30,38,268
S01010853,No qualifications,282,115,97,9,9,167
S01010853,Level 1,184,134,109,8,17,50
S01010853,Level 2,95,70,58,5,7,25
S01010853,Level 3,87,70,63,4,3,17
S01010853,Level 4 and above,78,69,63,4,2,9
S01010854,All people aged 16 and over,701,428,358,23,47,273
S01010854,No qualifications,253,105,89,4,12,148
S01010854,Level 1,234,159,125,9,25,75
S01010854,Level 2,57,43,37,2,4,14
S01010854,Level 3,85,67,57,4,6,18
S01010854,Level 4 and above,72,54,50,4,0,18
S01010855,All people aged 16 and over,449,270,227,16,27,179
S01010855,No qualifications,191,79,65,3,11,112
S01010855,Level 1,111,79,65,5,9,32
S01010855,Level 2,43,32,28,4,0,11
S01010855,Level 3,57,48,42,2,4,9
S01010855,Level 4 and above,47,32,27,2,3,15
S01010856,All people aged 16 and over,755,381,310,27,44,374
S01010856,No qualifications,314,86,68,7,11,228
S01010856,Level 1,200,127,99,11,17,73
S01010856,Level 2,88,60,46,4,10,28
S01010856,Level 3,68,46,45,1,0,22
S01010856,Level 4 and above,85,62,52,4,6,23
S01010857,All people aged 16 and over,644,461,404,21,36,183
S01010857,No qualifications,149,64,53,6,5,85
S01010857,Level 1,171,125,104,7,14,46
S01010857,Level 2,126,93,80,3,10,33
S01010857,Level 3,95,90,82,2,6,5
S01010857,Level 4 and above,103,89,85,3,1,14
S01010858,All people aged 16 and over,592,342,287,18,37,250
S01010858,No qualifications,236,73,59,5,9,163
S01010858,Level 1,151,107,87,7,13,44
S01010858,Level 2,81,66,55,3,8,15
S01010858,Level 3,55,47,41,0,6,8
S01010858,Level 4 and above,69,49,45,3,1,20
S01010859,All people aged 16 and over,586,319,270,17,32,267
S01010859,No qualifications,281,96,81,8,7,185
S01010859,Level 1,165,108,80,8,20,57
S01010859,Level 2,43,34,34,0,0,9
S01010859,Level 3,54,41,38,0,3,13
S01010859,Level 4 and above,43,40,37,1,2,3
S01010860,All people aged 16 and over,528,312,269,10,33,216
S01010860,No qualifications,197,78,62,2,14,119
S01010860,Level 1,157,102,84,6,12,55
S01010860,Level 2,52,42,35,1,6,10
S01010860,Level 3,63,45,43,1,1,18
S01010860,Level 4 and above,59,45,45,0,0,14
S01010861,All people aged 16 and over,533,284,232,12,40,249
S01010861,No qualifications,218,58,48,3,7,160
S01010861,Level 1,146,97,72,1,24,49
S01010861,Level 2,55,40,32,3,5,15
S01010861,Level 3,62,51,43,5,3,11
S01010861,Level 4 and above,52,38,37,0,1,14
S01010862,All people aged 16 and over,439,234,173,4,57,205
S01010862,No qualifications,172,52,40,1,11,120
S01010862,Level 1,139,87,52,1,34,52
S01010862,Level 2,53,39,30,1,8,14
S01010862,Level 3,37,29,25,0,4,8
S01010862,Level 4 and above,38,27,26,1,0,11
S01010863,All people aged 16 and over,677,369,315,32,22,308
S01010863,No qualifications,195,54,41,8,5,141
S01010863,Level 1,93,52,39,7,6,41
S01010863,Level 2,104,76,71,4,1,28
S01010863,Level 3,72,48,42,2,4,24
S01010863,Level 4 and above,213,139,122,11,6,74
S01010864,All people aged 16 and over,487,303,266,24,13,184
S01010864,No qualifications,74,23,20,2,1,51
S01010864,Level 1,77,42,35,4,3,35
S01010864,Level 2,76,53,48,1,4,23
S01010864,Level 3,61,48,40,6,2,13
S01010864,Level 4 and above,199,137,123,11,3,62
S01010865,All people aged 16 and over,643,310,264,37,9,333
S01010865,No qualifications,132,13,8,5,0,119
S01010865,Level 1,86,43,33,8,2,43
S01010865,Level 2,87,50,45,2,3,37
S01010865,Level 3,70,47,42,3,2,23
S01010865,Level 4 and above,268,157,136,19,2,111
S01010866,All people aged 16 and over,670,281,237,35,9,389
S01010866,No qualifications,222,25,18,7,0,197
S01010866,Level 1,92,40,31,7,2,52
S01010866,Level 2,92,50,43,3,4,42
S01010866,Level 3,64,48,42,5,1,16
S01010866,Level 4 and above,200,118,103,13,2,82
S01010867,All people aged 16 and over,591,313,249,51,13,278
S01010867,No qualifications,147,28,23,5,0,119
S01010867,Level 1,77,44,33,8,3,33
S01010867,Level 2,86,56,40,10,6,30
S01010867,Level 3,75,56,47,7,2,19
S01010867,Level 4 and above,206,129,106,21,2,77
S01010868,All people aged 16 and over,743,353,310,29,14,390
S01010868,No qualifications,219,22,18,4,0,197
S01010868,Level 1,101,55,49,1,5,46
S01010868,Level 2,101,78,73,1,4,23
S01010868,Level 3,78,54,46,6,2,24
S01010868,Level 4 and above,244,144,124,17,3,100
S01010869,All people aged 16 and over,632,399,331,45,23,233
S01010869,No qualifications,108,29,21,5,3,79
S01010869,Level 1,95,55,41,10,4,40
S01010869,Level 2,102,71,55,9,7,31
S01010869,Level 3,88,69,58,7,4,19
S01010869,Level 4 and above,239,175,156,14,5,64
S01010870,All people aged 16 and over,667,412,344,41,27,255
S01010870,No qualifications,153,42,29,8,5,111
S01010870,Level 1,124,83,71,2,10,41
S01010870,Level 2,90,62,47,11,4,28
S01010870,Level 3,76,61,54,3,4,15
S01010870,Level 4 and above,224,164,143,17,4,60
S01010871,All people aged 16 and over,759,462,378,49,35,297
S01010871,No qualifications,164,37,22,10,5,127
S01010871,Level 1,144,84,68,8,8,60
S01010871,Level 2,110,82,65,7,10,28
S01010871,Level 3,97,83,67,7,9,14
S01010871,Level 4 and above,244,176,156,17,3,68
S01010872,All people aged 16 and over,624,377,325,29,23,247
S01010872,No qualifications,164,41,32,6,3,123
S01010872,Level 1,133,94,80,9,5,39
S01010872,Level 2,105,72,64,4,4,33
S01010872,Level 3,77,60,52,4,4,17
S01010872,Level 4 and above,145,110,97,6,7,35
S01010873,All people aged 16 and over,497,195,166,9,20,302
S01010873,No qualifications,250,35,29,2,4,215
S01010873,Level 1,97,57,45,3,9,40
S01010873,Level 2,50,28,25,0,3,22
S01010873,Level 3,47,36,30,2,4,11
S01010873,Level 4 and above,53,39,37,2,0,14
S01010874,All people aged 16 and over,632,433,363,41,29,199
S01010874,No qualifications,98,29,21,5,3,69
S01010874,Level 1,115,77,65,5,7,38
S01010874,Level 2,121,88,71,9,8,33
S01010874,Level 3,107,88,73,8,7,19
S01010874,Level 4 and above,191,151,133,14,4,40
S01010875,All people aged 16 and over,426,295,248,25,22,131
S01010875,No qualifications,96,28,21,3,4,68
S01010875,Level 1,83,64,51,5,8,19
S01010875,Level 2,64,51,40,3,8,13
S01010875,Level 3,75,61,54,6,1,14
S01010875,Level 4 and above,108,91,82,8,1,17
S01010876,All people aged 16 and over,608,367,317,11,39,241
S01010876,No qualifications,140,28,25,2,1,112
S01010876,Level 1,173,118,94,3,21,55
S01010876,Level 2,82,55,45,2,8,27
S01010876,Level 3,86,66,61,2,3,20
S01010876,Level 4 and above,127,100,92,2,6,27
S01010877,All people aged 16 and over,792,465,394,31,40,327
S01010877,No qualifications,176,42,34,2,6,134
S01010877,Level 1,154,92,76,3,13,62
S01010877,Level 2,132,94,75,11,8,38
S01010877,Level 3,130,92,81,3,8,38
S01010877,Level 4 and above,200,145,128,12,5,55
S01010878,All people aged 16 and over,1048,471,396,30,45,577
S01010878,No qualifications,413,93,74,7,12,320
S01010878,Level 1,278,137,111,6,20,141
S01010878,Level 2,110,75,67,3,5,35
S01010878,Level 3,126,89,80,5,4,37
S01010878,Level 4 and above,121,77,64,9,4,44
S01010879,All people aged 16 and over,705,476,408,40,28,229
S01010879,No qualifications,206,80,64,11,5,126
S01010879,Level 1,160,115,94,10,11,45
S01010879,Level 2,120,95,84,7,4,25
S01010879,Level 3,105,95,84,5,6,10
S01010879,Level 4 and above,114,91,82,7,2,23
S01010880,All people aged 16 and over,444,255,208,10,37,189
S01010880,No qualifications,177,62,52,2,8,115
S01010880,Level 1,118,82,64,2,16,36
S01010880,Level 2,52,38,31,2,5,14
S01010880,Level 3,46,36,28,2,6,10
S01010880,Level 4 and above,51,37,33,2,2,14
S01010881,All people aged 16 and over,542,298,253,16,29,244
S01010881,No qualifications,216,55,46,3,6,161
S01010881,Level 1,101,69,58,2,9,32
S01010881,Level 2,84,60,50,5,5,24
S01010881,Level 3,55,45,37,2,6,10
S01010881,Level 4 and above,86,69,62,4,3,17
S01010882,All people aged 16 and over,457,331,286,12,33,126
S01010882,No qualifications,115,54,49,1,4,61
S01010882,Level 1,122,94,77,2,15,28
S01010882,Level 2,80,67,59,1,7,13
S01010882,Level 3,64,55,51,1,3,9
S01010882,Level 4 and above,76,61,50,7,4,15
S01010883,All people aged 16 and over,736,506,444,22,40,230
S01010883,No qualifications,202,76,63,4,9,126
S01010883,Level 1,161,121,97,11,13,40
S01010883,Level 2,145,111,99,1,11,34
S01010883,Level 3,92,80,73,4,3,12
S01010883,Level 4 and above,136,118,112,2,4,18
S01010884,All people aged 16 and over,582,285,222,15,48,297
S01010884,No qualifications,277,79,58,9,12,198
S01010884,Level 1,139,83,64,1,18,56
S01010884,Level 2,61,41,35,0,6,20
S01010884,Level 3,48,41,27,4,10,7
S01010884,Level 4 and above,57,41,38,1,2,16
S01010885,All people aged 16 and over,778,398,318,17,63,380
S01010885,No qualifications,313,83,64,6,13,230
S01010885,Level 1,192,119,80,3,36,73
S01010885,Level 2,90,53,44,2,7,37
S01010885,Level 3,89,68,60,2,6,21
S01010885,Level 4 and above,94,75,70,4,1,19
S01010886,All people aged 16 and over,399,247,190,19,38,152
S01010886,No qualifications,114,36,24,2,10,78
S01010886,Level 1,120,78,56,5,17,42
S01010886,Level 2,66,47,36,3,8,19
S01010886,Level 3,55,45,36,6,3,10
S01010886,Level 4 and above,44,41,38,3,0,3
S01010887,All people aged 16 and over,707,305,231,20,54,402
S01010887,No qualifications,333,69,50,7,12,264
S01010887,Level 1,176,105,77,5,23,71
S01010887,Level 2,68,37,31,2,4,31
S01010887,Level 3,66,47,36,1,10,19
S01010887,Level 4 and above,64,47,37,5,5,17
S01010888,All people aged 16 and over,682,390,324,20,46,292
S01010888,No qualifications,265,90,71,7,12,175
S01010888,Level 1,172,113,90,5,18,59
S01010888,Level 2,63,46,41,1,4,17
S01010888,Level 3,79,58,48,4,6,21
S01010888,Level 4 and above,103,83,74,3,6,20
S01010889,All people aged 16 and over,472,253,200,14,39,219
S01010889,No qualifications,208,57,44,4,9,151
S01010889,Level 1,117,82,63,1,18,35
S01010889,Level 2,43,32,25,4,3,11
S01010889,Level 3,54,41,31,4,6,13
S01010889,Level 4 and above,50,41,37,1,3,9
S01010890,All people aged 16 and over,713,263,215,14,34,450
S01010890,No qualifications,420,73,59,4,10,347
S01010890,Level 1,136,81,65,5,11,55
S01010890,Level 2,43,31,21,2,8,12
S01010890,Level 3,54,39,37,0,2,15
S01010890,Level 4 and above,60,39,33,3,3,21
S01010891,All people aged 16 and over,390,143,99,9,35,247
S01010891,No qualifications,204,33,21,3,9,171
S01010891,Level 1,76,34,25,0,9,42
S01010891,Level 2,35,22,11,0,11,13
S01010891,Level 3,38,28,20,3,5,10
S01010891,Level 4 and above,37,26,22,3,1,11
S01010892,All people aged 16 and over,758,363,297,16,50,395
S01010892,No qualifications,359,79,55,5,19,280
S01010892,Level 1,151,105,86,2,17,46
S01010892,Level 2,76,49,43,2,4,27
S01010892,Level 3,89,72,62,1,9,17
S01010892,Level 4 and above,83,58,51,6,1,25
S01010893,All people aged 16 and over,465,193,160,9,24,272
S01010893,No qualifications,215,39,32,2,5,176
S01010893,Level 1,107,60,51,3,6,47
S01010893,Level 2,59,34,27,2,5,25
S01010893,Level 3,40,32,28,1,3,8
S01010893,Level 4 and above,44,28,22,1,5,16
S01010894,All people aged 16 and over,579,325,275,17,33,254
S01010894,No qualifications,207,40,27,4,9,167
S01010894,Level 1,126,80,63,3,14,46
S01010894,Level 2,80,59,50,2,7,21
S01010894,Level 3,68,60,56,2,2,8
S01010894,Level 4 and above,98,86,79,6,1,12
S01010895,All people aged 16 and over,358,161,124,10,27,197
S01010895,No qualifications,162,34,22,3,9,128
S01010895,Level 1,89,53,37,2,14,36
S01010895,Level 2,45,28,24,1,3,17
S01010895,Level 3,27,21,19,2,0,6
S01010895,Level 4 and above,35,25,22,2,1,10
S01010896,All people aged 16 and over,568,284,224,16,44,284
S01010896,No qualifications,224,69,50,6,13,155
S01010896,Level 1,170,102,75,6,21,68
S01010896,Level 2,72,48,45,2,1,24
S01010896,Level 3,58,39,29,2,8,19
S01010896,Level 4 and above,44,26,25,0,1,18
S01010897,All people aged 16 and over,670,367,294,15,58,303
S01010897,No qualifications,295,112,87,5,20,183
S01010897,Level 1,193,126,97,4,25,67
S01010897,Level 2,76,52,42,2,8,24
S01010897,Level 3,59,43,38,1,4,16
S01010897,Level 4 and above,47,34,30,3,1,13
S01010898,All people aged 16 and over,505,284,221,23,40,221
S01010898,No qualifications,207,74,57,9,8,133
S01010898,Level 1,147,103,77,9,17,44
S01010898,Level 2,58,39,28,2,9,19
S01010898,Level 3,50,39,33,1,5,11
S01010898,Level 4 and above,43,29,26,2,1,14
S01010899,All people aged 16 and over,478,344,293,17,34,134
S01010899,No qualifications,141,63,52,4,7,78
S01010899,Level 1,143,114,95,4,15,29
S01010899,Level 2,79,64,54,4,6,15
S01010899,Level 3,60,51,44,2,5,9
S01010899,Level 4 and above,55,52,48,3,1,3
S01010900,All people aged 16 and over,508,308,248,12,48,200
S01010900,No qualifications,180,69,52,3,14,111
S01010900,Level 1,161,114,89,4,21,47
S01010900,Level 2,63,48,38,3,7,15
S01010900,Level 3,61,42,37,2,3,19
S01010900,Level 4 and above,43,35,32,0,3,8
S01010901,All people aged 16 and over,351,183,143,8,32,168
S01010901,No qualifications,167,58,45,4,9,109
S01010901,Level 1,107,73,54,1,18,34
S01010901,Level 2,34,21,17,1,3,13
S01010901,Level 3,20,14,10,2,2,6
S01010901,Level 4 and above,23,17,17,0,0,6
S01010902,All people aged 16 and over,825,463,389,22,52,362
S01010902,No qualifications,368,111,89,5,17,257
S01010902,Level 1,184,139,116,4,19,45
S01010902,Level 2,97,68,60,2,6,29
S01010902,Level 3,83,71,59,5,7,12
S01010902,Level 4 and above,93,74,65,6,3,19
S01010903,All people aged 16 and over,667,313,250,15,48,354
S01010903,No qualifications,320,84,67,7,10,236
S01010903,Level 1,158,106,78,5,23,52
S01010903,Level 2,71,40,38,0,2,31
S01010903,Level 3,67,46,39,1,6,21
S01010903,Level 4 and above,51,37,28,2,7,14
S01010904,All people aged 16 and over,446,250,195,12,43,196
S01010904,No qualifications,187,56,46,1,9,131
S01010904,Level 1,141,96,72,3,21,45
S01010904,Level 2,50,40,31,4,5,10
S01010904,Level 3,34,26,20,1,5,8
S01010904,Level 4 and above,34,32,26,3,3,2
S01010905,All people aged 16 and over,502,319,282,17,20,183
S01010905,No qualifications,137,40,30,7,3,97
S01010905,Level 1,127,83,69,5,9,44
S01010905,Level 2,81,61,56,3,2,20
S01010905,Level 3,60,51,48,1,2,9
S01010905,Level 4 and above,97,84,79,1,4,13
S01010906,All people aged 16 and over,746,496,420,24,52,250
S01010906,No qualifications,270,124,99,9,16,146
S01010906,Level 1,212,152,124,7,21,60
S01010906,Level 2,93,72,60,3,9,21
S01010906,Level 3,82,67,61,2,4,15
S01010906,Level 4 and above,89,81,76,3,2,8
S01010907,All people aged 16 and over,394,332,299,18,15,62
S01010907,No qualifications,58,28,27,0,1,30
S01010907,Level 1,90,75,64,5,6,15
S01010907,Level 2,60,52,45,3,4,8
S01010907,Level 3,69,64,59,4,1,5
S01010907,Level 4 and above,117,113,104,6,3,4
S01010908,All people aged 16 and over,512,301,259,19,23,211
S01010908,No qualifications,185,64,53,4,7,121
S01010908,Level 1,106,72,66,0,6,34
S01010908,Level 2,71,54,44,5,5,17
S01010908,Level 3,65,48,42,2,4,17
S01010908,Level 4 and above,85,63,54,8,1,22
S01010909,All people aged 16 and over,616,374,324,25,25,242
S01010909,No qualifications,188,57,44,6,7,131
S01010909,Level 1,120,75,61,7,7,45
S01010909,Level 2,98,69,64,2,3,29
S01010909,Level 3,81,65,59,4,2,16
S01010909,Level 4 and above,129,108,96,6,6,21
S01010910,All people aged 16 and over,405,227,170,9,48,178
S01010910,No qualifications,154,46,33,3,10,108
S01010910,Level 1,119,76,52,2,22,43
S01010910,Level 2,44,35,29,2,4,9
S01010910,Level 3,51,43,34,0,9,8
S01010910,Level 4 and above,37,27,22,2,3,10
S01010911,All people aged 16 and over,495,201,166,8,27,294
S01010911,No qualifications,265,47,36,4,7,218
S01010911,Level 1,95,56,48,2,6,39
S01010911,Level 2,47,36,30,2,4,11
S01010911,Level 3,24,16,12,0,4,8
S01010911,Level 4 and above,64,46,40,0,6,18
S01010912,All people aged 16 and over,593,226,179,17,30,367
S01010912,No qualifications,322,61,48,5,8,261
S01010912,Level 1,100,61,44,4,13,39
S01010912,Level 2,47,24,20,1,3,23
S01010912,Level 3,59,37,30,5,2,22
S01010912,Level 4 and above,65,43,37,2,4,22
S01010913,All people aged 16 and over,537,344,296,33,15,193
S01010913,No qualifications,139,49,41,7,1,90
S01010913,Level 1,137,95,76,9,10,42
S01010913,Level 2,83,65,54,10,1,18
S01010913,Level 3,75,56,51,2,3,19
S01010913,Level 4 and above,103,79,74,5,0,24
S01010914,All people aged 16 and over,539,404,351,26,27,135
S01010914,No qualifications,143,78,62,13,3,65
S01010914,Level 1,155,119,103,4,12,36
S01010914,Level 2,93,79,69,4,6,14
S01010914,Level 3,77,64,59,2,3,13
S01010914,Level 4 and above,71,64,58,3,3,7
S01010915,All people aged 16 and over,592,416,368,23,25,176
S01010915,No qualifications,167,82,69,7,6,85
S01010915,Level 1,179,121,102,7,12,58
S01010915,Level 2,75,64,58,2,4,11
S01010915,Level 3,90,80,73,4,3,10
S01010915,Level 4 and above,81,69,66,3,0,12
S01010916,All people aged 16 and over,486,226,167,12,47,260
S01010916,No qualifications,212,67,40,7,20,145
S01010916,Level 1,123,73,56,2,15,50
S01010916,Level 2,58,27,22,1,4,31
S01010916,Level 3,54,32,23,1,8,22
S01010916,Level 4 and above,39,27,26,1,0,12
S01010917,All people aged 16 and over,620,343,293,17,33,277
S01010917,No qualifications,244,65,50,5,10,179
S01010917,Level 1,145,102,85,4,13,43
S01010917,Level 2,73,51,43,4,4,22
S01010917,Level 3,67,57,51,1,5,10
S01010917,Level 4 and above,91,68,64,3,1,23
S01010918,All people aged 16 and over,612,306,260,17,29,306
S01010918,No qualifications,276,75,59,8,8,201
S01010918,Level 1,152,96,79,5,12,56
S01010918,Level 2,63,45,37,3,5,18
S01010918,Level 3,53,39,35,1,3,14
S01010918,Level 4 and above,68,51,50,0,1,17
S01010919,All people aged 16 and over,658,361,307,18,36,297
S01010919,No qualifications,280,87,73,6,8,193
S01010919,Level 1,171,112,85,8,19,59
S01010919,Level 2,81,64,56,1,7,17
S01010919,Level 3,61,49,45,2,2,12
S01010919,Level 4 and above,65,49,48,1,0,16
S01010920,All people aged 16 and over,452,253,174,23,56,199
S01010920,No qualifications,201,72,45,7,20,129
S01010920,Level 1,128,86,57,3,26,42
S01010920,Level 2,42,32,26,2,4,10
S01010920,Level 3,31,22,12,6,4,9
S01010920,Level 4 and above,50,41,34,5,2,9
S01010921,All people aged 16 and over,521,296,238,11,47,225
S01010921,No qualifications,242,92,74,3,15,150
S01010921,Level 1,147,98,68,5,25,49
S01010921,Level 2,45,31,27,0,4,14
S01010921,Level 3,48,39,36,0,3,9
S01010921,Level 4 and above,39,36,33,3,0,3
S01010922,All people aged 16 and over,721,350,285,16,49,371
S01010922,No qualifications,359,110,90,5,15,249
S01010922,Level 1,184,113,85,6,22,71
S01010922,Level 2,74,55,49,2,4,19
S01010922,Level 3,59,43,36,1,6,16
S01010922,Level 4 and above,45,29,25,2,2,16
S01010923,All people aged 16 and over,729,394,323,22,49,335
S01010923,No qualifications,322,88,67,8,13,234
S01010923,Level 1,204,147,114,7,26,57
S01010923,Level 2,78,63,52,4,7,15
S01010923,Level 3,62,48,44,2,2,14
S01010923,Level 4 and above,63,48,46,1,1,15
S01010924,All people aged 16 and over,512,291,256,14,21,221
S01010924,No qualifications,252,86,71,6,9,166
S01010924,Level 1,136,106,96,2,8,30
S01010924,Level 2,46,37,32,1,4,9
S01010924,Level 3,33,29,28,1,0,4
S01010924,Level 4 and above,45,33,29,4,0,12
S01010925,All people aged 16 and over,678,366,292,20,54,312
S01010925,No qualifications,304,88,68,7,13,216
S01010925,Level 1,193,132,102,5,25,61
S01010925,Level 2,61,49,42,3,4,12
S01010925,Level 3,63,53,43,2,8,10
S01010925,Level 4 and above,57,44,37,3,4,13
S01010926,All people aged 16 and over,649,364,292,21,51,285
S01010926,No qualifications,300,106,79,12,15,194
S01010926,Level 1,170,115,92,3,20,55
S01010926,Level 2,75,53,44,3,6,22
S01010926,Level 3,55,48,42,2,4,7
S01010926,Level 4 and above,49,42,35,1,6,7
S01010927,All people aged 16 and over,461,252,220,12,20,209
S01010927,No qualifications,235,78,65,2,11,157
S01010927,Level 1,118,83,69,6,8,35
S01010927,Level 2,37,31,30,1,0,6
S01010927,Level 3,35,24,23,0,1,11
S01010927,Level 4 and above,36,36,33,3,0,0
S01010928,All people aged 16 and over,561,302,236,25,41,259
S01010928,No qualifications,224,79,58,8,13,145
S01010928,Level 1,175,107,74,11,22,68
S01010928,Level 2,56,41,38,0,3,15
S01010928,Level 3,68,51,45,3,3,17
S01010928,Level 4 and above,38,24,21,3,0,14
S01010929,All people aged 16 and over,516,271,213,14,44,245
S01010929,No qualifications,240,90,75,4,11,150
S01010929,Level 1,165,105,81,2,22,60
S01010929,Level 2,41,26,19,0,7,15
S01010929,Level 3,36,26,22,4,0,10
S01010929,Level 4 and above,34,24,16,4,4,10
S01010930,All people aged 16 and over,712,549,410,115,24,163
S01010930,No qualifications,85,51,30,16,5,34
S01010930,Level 1,115,94,70,19,5,21
S01010930,Level 2,96,73,55,16,2,23
S01010930,Level 3,64,54,37,15,2,10
S01010930,Level 4 and above,352,277,218,49,10,75
S01010931,All people aged 16 and over,372,234,156,66,12,138
S01010931,No qualifications,82,30,18,10,2,52
S01010931,Level 1,76,48,35,8,5,28
S01010931,Level 2,55,39,21,14,4,16
S01010931,Level 3,35,25,17,8,0,10
S01010931,Level 4 and above,124,92,65,26,1,32
S01010932,All people aged 16 and over,468,286,234,33,19,182
S01010932,No qualifications,164,54,39,10,5,110
S01010932,Level 1,129,95,78,7,10,34
S01010932,Level 2,51,34,28,4,2,17
S01010932,Level 3,30,25,18,6,1,5
S01010932,Level 4 and above,94,78,71,6,1,16
S01010933,All people aged 16 and over,576,413,335,65,13,163
S01010933,No qualifications,99,37,23,12,2,62
S01010933,Level 1,123,89,65,19,5,34
S01010933,Level 2,84,62,51,8,3,22
S01010933,Level 3,53,44,34,9,1,9
S01010933,Level 4 and above,217,181,162,17,2,36
S01010934,All people aged 16 and over,835,574,479,73,22,261
S01010934,No qualifications,123,33,23,8,2,90
S01010934,Level 1,168,119,93,14,12,49
S01010934,Level 2,143,121,102,13,6,22
S01010934,Level 3,79,62,55,6,1,17
S01010934,Level 4 and above,322,239,206,32,1,83
S01010935,All people aged 16 and over,575,277,218,43,16,298
S01010935,No qualifications,130,25,21,4,0,105
S01010935,Level 1,131,79,55,12,12,52
S01010935,Level 2,89,48,42,6,0,41
S01010935,Level 3,35,19,17,0,2,16
S01010935,Level 4 and above,190,106,83,21,2,84
S01010936,All people aged 16 and over,627,375,310,44,21,252
S01010936,No qualifications,181,47,34,8,5,134
S01010936,Level 1,133,86,70,8,8,47
S01010936,Level 2,95,75,67,5,3,20
S01010936,Level 3,60,49,39,7,3,11
S01010936,Level 4 and above,158,118,100,16,2,40
S01010937,All people aged 16 and over,627,435,372,42,21,192
S01010937,No qualifications,138,60,48,6,6,78
S01010937,Level 1,180,133,111,11,11,47
S01010937,Level 2,117,85,77,7,1,32
S01010937,Level 3,60,50,41,8,1,10
S01010937,Level 4 and above,132,107,95,10,2,25
S01010938,All people aged 16 and over,636,390,309,21,60,246
S01010938,No qualifications,249,98,76,5,17,151
S01010938,Level 1,205,154,114,10,30,51
S01010938,Level 2,64,51,39,4,8,13
S01010938,Level 3,42,31,29,1,1,11
S01010938,Level 4 and above,76,56,51,1,4,20
S01010939,All people aged 16 and over,421,291,237,30,24,130
S01010939,No qualifications,69,28,20,8,0,41
S01010939,Level 1,120,82,60,9,13,38
S01010939,Level 2,89,66,58,6,2,23
S01010939,Level 3,40,34,27,3,4,6
S01010939,Level 4 and above,103,81,72,4,5,22
S01010940,All people aged 16 and over,587,388,340,32,16,199
S01010940,No qualifications,69,17,15,1,1,52
S01010940,Level 1,152,100,81,12,7,52
S01010940,Level 2,123,94,86,5,3,29
S01010940,Level 3,60,41,35,5,1,19
S01010940,Level 4 and above,183,136,123,9,4,47
S01010941,All people aged 16 and over,716,477,401,54,22,239
S01010941,No qualifications,101,38,32,5,1,63
S01010941,Level 1,166,109,86,18,5,57
S01010941,Level 2,133,97,80,10,7,36
S01010941,Level 3,83,62,56,4,2,21
S01010941,Level 4 and above,233,171,147,17,7,62
S01010942,All people aged 16 and over,563,345,305,31,9,218
S01010942,No qualifications,91,31,21,10,0,60
S01010942,Level 1,123,80,67,8,5,43
S01010942,Level 2,118,85,80,3,2,33
S01010942,Level 3,56,41,37,4,0,15
S01010942,Level 4 and above,175,108,100,6,2,67
S01010943,All people aged 16 and over,486,344,284,20,40,142
S01010943,No qualifications,129,57,43,3,11,72
S01010943,Level 1,154,120,95,5,20,34
S01010943,Level 2,74,60,47,7,6,14
S01010943,Level 3,51,39,36,2,1,12
S01010943,Level 4 and above,78,68,63,3,2,10
S01010944,All people aged 16 and over,525,298,254,14,30,227
S01010944,No qualifications,211,62,52,3,7,149
S01010944,Level 1,108,73,58,3,12,35
S01010944,Level 2,102,83,71,4,8,19
S01010944,Level 3,34,27,25,2,0,7
S01010944,Level 4 and above,70,53,48,2,3,17
S01010945,All people aged 16 and over,441,313,263,27,23,128
S01010945,No qualifications,175,96,77,9,10,79
S01010945,Level 1,117,99,81,11,7,18
S01010945,Level 2,51,43,37,1,5,8
S01010945,Level 3,37,28,26,2,0,9
S01010945,Level 4 and above,61,47,42,4,1,14
S01010946,All people aged 16 and over,682,443,367,40,36,239
S01010946,No qualifications,244,94,75,10,9,150
S01010946,Level 1,212,160,124,17,19,52
S01010946,Level 2,99,86,73,7,6,13
S01010946,Level 3,54,44,42,2,0,10
S01010946,Level 4 and above,73,59,53,4,2,14
S01010947,All people aged 16 and over,440,272,224,24,24,168
S01010947,No qualifications,154,64,51,5,8,90
S01010947,Level 1,135,98,76,11,11,37
S01010947,Level 2,55,40,36,2,2,15
S01010947,Level 3,33,22,19,2,1,11
S01010947,Level 4 and above,63,48,42,4,2,15
S01010948,All people aged 16 and over,553,355,295,31,29,198
S01010948,No qualifications,181,66,54,6,6,115
S01010948,Level 1,165,122,101,9,12,43
S01010948,Level 2,81,66,51,7,8,15
S01010948,Level 3,59,46,40,4,2,13
S01010948,Level 4 and above,67,55,49,5,1,12
S01010949,All people aged 16 and over,832,527,453,58,16,305
S01010949,No qualifications,179,56,42,13,1,123
S01010949,Level 1,187,122,105,12,5,65
S01010949,Level 2,170,126,117,8,1,44
S01010949,Level 3,82,63,53,9,1,19
S01010949,Level 4 and above,214,160,136,16,8,54
S01010950,All people aged 16 and over,695,417,343,39,35,278
S01010950,No qualifications,176,58,49,4,5,118
S01010950,Level 1,190,132,105,10,17,58
S01010950,Level 2,120,90,77,8,5,30
S01010950,Level 3,65,54,42,5,7,11
S01010950,Level 4 and above,144,83,70,12,1,61
S01010951,All people aged 16 and over,507,345,302,22,21,162
S01010951,No qualifications,128,58,53,3,2,70
S01010951,Level 1,166,121,104,8,9,45
S01010951,Level 2,84,63,54,4,5,21
S01010951,Level 3,41,33,30,2,1,8
S01010951,Level 4 and above,88,70,61,5,4,18
S01010952,All people aged 16 and over,410,316,273,28,15,94
S01010952,No qualifications,76,44,34,9,1,32
S01010952,Level 1,128,89,76,9,4,39
S01010952,Level 2,81,72,64,5,3,9
S01010952,Level 3,37,36,35,0,1,1
S01010952,Level 4 and above,88,75,64,5,6,13
S01010953,All people aged 16 and over,467,330,294,23,13,137
S01010953,No qualifications,107,48,43,2,3,59
S01010953,Level 1,131,95,83,6,6,36
S01010953,Level 2,93,76,70,5,1,17
S01010953,Level 3,48,43,36,6,1,5
S01010953,Level 4 and above,88,68,62,4,2,20
S01010954,All people aged 16 and over,528,404,355,39,10,124
S01010954,No qualifications,87,46,36,9,1,41
S01010954,Level 1,190,152,133,15,4,38
S01010954,Level 2,105,90,78,9,3,15
S01010954,Level 3,48,41,36,3,2,7
S01010954,Level 4 and above,98,75,72,3,0,23
S01010955,All people aged 16 and over,720,507,416,63,28,213
S01010955,No qualifications,94,45,34,7,4,49
S01010955,Level 1,198,138,118,6,14,60
S01010955,Level 2,124,100,83,12,5,24
S01010955,Level 3,72,61,55,5,1,11
S01010955,Level 4 and above,232,163,126,33,4,69
S01010956,All people aged 16 and over,575,403,281,102,20,172
S01010956,No qualifications,122,61,39,17,5,61
S01010956,Level 1,111,80,54,18,8,31
S01010956,Level 2,67,48,34,13,1,19
S01010956,Level 3,51,41,31,8,2,10
S01010956,Level 4 and above,224,173,123,46,4,51
S01010957,All people aged 16 and over,473,310,271,33,6,163
S01010957,No qualifications,91,30,27,3,0,61
S01010957,Level 1,117,81,69,10,2,36
S01010957,Level 2,73,62,57,4,1,11
S01010957,Level 3,51,40,37,3,0,11
S01010957,Level 4 and above,141,97,81,13,3,44
S01010958,All people aged 16 and over,424,244,195,38,11,180
S01010958,No qualifications,128,35,28,5,2,93
S01010958,Level 1,84,61,46,9,6,23
S01010958,Level 2,65,46,38,8,0,19
S01010958,Level 3,31,20,18,2,0,11
S01010958,Level 4 and above,116,82,65,14,3,34
S01010959,All people aged 16 and over,486,324,261,40,23,162
S01010959,No qualifications,104,31,28,0,3,73
S01010959,Level 1,106,74,53,12,9,32
S01010959,Level 2,64,51,44,3,4,13
S01010959,Level 3,46,37,31,5,1,9
S01010959,Level 4 and above,166,131,105,20,6,35
S01010960,All people aged 16 and over,876,593,462,66,65,283
S01010960,No qualifications,296,122,93,14,15,174
S01010960,Level 1,247,196,147,21,28,51
S01010960,Level 2,114,97,78,10,9,17
S01010960,Level 3,52,45,34,6,5,7
S01010960,Level 4 and above,167,133,110,15,8,34
S01010961,All people aged 16 and over,472,294,247,27,20,178
S01010961,No qualifications,168,59,48,6,5,109
S01010961,Level 1,136,100,82,8,10,36
S01010961,Level 2,56,44,39,3,2,12
S01010961,Level 3,36,25,22,2,1,11
S01010961,Level 4 and above,76,66,56,8,2,10
S01010962,All people aged 16 and over,508,276,232,32,12,232
S01010962,No qualifications,220,90,73,15,2,130
S01010962,Level 1,104,61,54,4,3,43
S01010962,Level 2,47,35,30,1,4,12
S01010962,Level 3,37,31,28,2,1,6
S01010962,Level 4 and above,100,59,47,10,2,41
S01010963,All people aged 16 and over,766,547,453,63,31,219
S01010963,No qualifications,208,83,62,15,6,125
S01010963,Level 1,233,177,147,17,13,56
S01010963,Level 2,112,99,86,8,5,13
S01010963,Level 3,51,44,32,8,4,7
S01010963,Level 4 and above,162,144,126,15,3,18
S01010964,All people aged 16 and over,444,268,231,26,11,176
S01010964,No qualifications,157,56,48,6,2,101
S01010964,Level 1,126,96,80,15,1,30
S01010964,Level 2,63,48,42,1,5,15
S01010964,Level 3,35,26,24,2,0,9
S01010964,Level 4 and above,63,42,37,2,3,21
S01010965,All people aged 16 and over,419,275,229,14,32,144
S01010965,No qualifications,169,72,57,4,11,97
S01010965,Level 1,126,98,79,5,14,28
S01010965,Level 2,53,45,41,1,3,8
S01010965,Level 3,25,22,18,3,1,3
S01010965,Level 4 and above,46,38,34,1,3,8
S01010966,All people aged 16 and over,582,369,296,37,36,213
S01010966,No qualifications,229,89,70,10,9,140
S01010966,Level 1,172,130,97,15,18,42
S01010966,Level 2,71,55,46,2,7,16
S01010966,Level 3,45,38,36,2,0,7
S01010966,Level 4 and above,65,57,47,8,2,8
S01010967,All people aged 16 and over,552,343,283,30,30,209
S01010967,No qualifications,199,73,61,6,6,126
S01010967,Level 1,158,122,94,11,17,36
S01010967,Level 2,63,50,43,4,3,13
S01010967,Level 3,57,45,39,3,3,12
S01010967,Level 4 and above,75,53,46,6,1,22
S01010968,All people aged 16 and over,603,363,305,36,22,240
S01010968,No qualifications,158,47,36,7,4,111
S01010968,Level 1,195,137,112,14,11,58
S01010968,Level 2,87,66,55,8,3,21
S01010968,Level 3,59,40,36,3,1,19
S01010968,Level 4 and above,104,73,66,4,3,31
S01010969,All people aged 16 and over,545,291,230,45,16,254
S01010969,No qualifications,156,47,31,11,5,109
S01010969,Level 1,135,89,68,13,8,46
S01010969,Level 2,69,43,35,7,1,26
S01010969,Level 3,42,25,21,4,0,17
S01010969,Level 4 and above,143,87,75,10,2,56
S01010970,All people aged 16 and over,790,511,416,64,31,279
S01010970,No qualifications,242,91,77,9,5,151
S01010970,Level 1,211,159,125,19,15,52
S01010970,Level 2,107,83,62,15,6,24
S01010970,Level 3,71,62,55,4,3,9
S01010970,Level 4 and above,159,116,97,17,2,43
S01010971,All people aged 16 and over,825,600,491,72,37,225
S01010971,No qualifications,149,73,53,16,4,76
S01010971,Level 1,235,172,128,27,17,63
S01010971,Level 2,148,122,107,8,7,26
S01010971,Level 3,88,76,71,1,4,12
S01010971,Level 4 and above,205,157,132,20,5,48
S01010972,All people aged 16 and over,643,418,349,27,42,225
S01010972,No qualifications,217,91,77,8,6,126
S01010972,Level 1,212,155,116,15,24,57
S01010972,Level 2,92,72,65,2,5,20
S01010972,Level 3,65,57,49,2,6,8
S01010972,Level 4 and above,57,43,42,0,1,14
S01010973,All people aged 16 and over,419,259,223,25,11,160
S01010973,No qualifications,115,39,31,7,1,76
S01010973,Level 1,141,101,90,6,5,40
S01010973,Level 2,70,54,52,2,0,16
S01010973,Level 3,32,23,21,2,0,9
S01010973,Level 4 and above,61,42,29,8,5,19
S01010974,All people aged 16 and over,593,369,312,31,26,224
S01010974,No qualifications,286,126,104,9,13,160
S01010974,Level 1,139,103,89,7,7,36
S01010974,Level 2,72,62,54,4,4,10
S01010974,Level 3,41,33,26,6,1,8
S01010974,Level 4 and above,55,45,39,5,1,10
S01010975,All people aged 16 and over,380,231,182,21,28,149
S01010975,No qualifications,164,67,56,8,3,97
S01010975,Level 1,99,73,55,3,15,26
S01010975,Level 2,55,42,30,4,8,13
S01010975,Level 3,27,23,18,3,2,4
S01010975,Level 4 and above,35,26,23,3,0,9
S01010976,All people aged 16 and over,477,282,247,21,14,195
S01010976,No qualifications,157,46,39,4,3,111
S01010976,Level 1,129,89,73,10,6,40
S01010976,Level 2,70,51,48,2,1,19
S01010976,Level 3,29,25,23,2,0,4
S01010976,Level 4 and above,92,71,64,3,4,21
S01010977,All people aged 16 and over,604,392,344,27,21,212
S01010977,No qualifications,201,74,59,10,5,127
S01010977,Level 1,170,123,102,11,10,47
S01010977,Level 2,84,72,63,3,6,12
S01010977,Level 3,56,42,40,2,0,14
S01010977,Level 4 and above,93,81,80,1,0,12
S01010978,All people aged 16 and over,599,372,306,31,35,227
S01010978,No qualifications,225,77,61,6,10,148
S01010978,Level 1,173,133,106,8,19,40
S01010978,Level 2,81,66,60,4,2,15
S01010978,Level 3,45,38,30,5,3,7
S01010978,Level 4 and above,75,58,49,8,1,17
S01010979,All people aged 16 and over,651,434,359,35,40,217
S01010979,No qualifications,198,83,65,8,10,115
S01010979,Level 1,224,176,147,13,16,48
S01010979,Level 2,82,63,49,8,6,19
S01010979,Level 3,59,49,45,2,2,10
S01010979,Level 4 and above,88,63,53,4,6,25
S01010980,All people aged 16 and over,601,371,306,38,27,230
S01010980,No qualifications,198,72,60,6,6,126
S01010980,Level 1,161,105,88,9,8,56
S01010980,Level 2,93,70,55,6,9,23
S01010980,Level 3,45,41,29,11,1,4
S01010980,Level 4 and above,104,83,74,6,3,21
S01010981,All people aged 16 and over,612,338,281,32,25,274
S01010981,No qualifications,229,80,60,7,13,149
S01010981,Level 1,152,90,74,10,6,62
S01010981,Level 2,75,55,46,6,3,20
S01010981,Level 3,50,37,32,2,3,13
S01010981,Level 4 and above,106,76,69,7,0,30
S01010982,All people aged 16 and over,1049,600,443,127,30,449
S01010982,No qualifications,206,63,49,9,5,143
S01010982,Level 1,225,127,92,27,8,98
S01010982,Level 2,143,88,62,18,8,55
S01010982,Level 3,85,63,48,10,5,22
S01010982,Level 4 and above,390,259,192,63,4,131
S01010983,All people aged 16 and over,665,408,342,47,19,257
S01010983,No qualifications,204,75,65,9,1,129
S01010983,Level 1,188,132,100,19,13,56
S01010983,Level 2,88,67,57,7,3,21
S01010983,Level 3,41,30,25,3,2,11
S01010983,Level 4 and above,144,104,95,9,0,40
S01010984,All people aged 16 and over,578,284,237,33,14,294
S01010984,No qualifications,163,55,46,7,2,108
S01010984,Level 1,152,72,53,12,7,80
S01010984,Level 2,90,57,49,5,3,33
S01010984,Level 3,58,33,31,1,1,25
S01010984,Level 4 and above,115,67,58,8,1,48
S01010985,All people aged 16 and over,503,326,275,27,24,177
S01010985,No qualifications,155,52,42,4,6,103
S01010985,Level 1,131,96,75,10,11,35
S01010985,Level 2,88,73,68,4,1,15
S01010985,Level 3,51,43,36,5,2,8
S01010985,Level 4 and above,78,62,54,4,4,16
S01010986,All people aged 16 and over,397,311,267,37,7,86
S01010986,No qualifications,46,19,15,3,1,27
S01010986,Level 1,104,85,72,10,3,19
S01010986,Level 2,93,79,71,7,1,14
S01010986,Level 3,47,42,33,8,1,5
S01010986,Level 4 and above,107,86,76,9,1,21
S01010987,All people aged 16 and over,453,362,295,54,13,91
S01010987,No qualifications,54,26,17,8,1,28
S01010987,Level 1,110,83,59,19,5,27
S01010987,Level 2,87,77,67,7,3,10
S01010987,Level 3,57,48,38,7,3,9
S01010987,Level 4 and above,145,128,114,13,1,17
S01010988,All people aged 16 and over,450,362,315,33,14,88
S01010988,No qualifications,62,34,26,4,4,28
S01010988,Level 1,119,99,84,13,2,20
S01010988,Level 2,101,82,74,3,5,19
S01010988,Level 3,47,38,36,2,0,9
S01010988,Level 4 and above,121,109,95,11,3,12
S01010989,All people aged 16 and over,692,636,563,62,11,56
S01010989,No qualifications,36,19,15,4,0,17
S01010989,Level 1,175,162,139,20,3,13
S01010989,Level 2,155,147,128,15,4,8
S01010989,Level 3,80,75,65,9,1,5
S01010989,Level 4 and above,246,233,216,14,3,13
S01010990,All people aged 16 and over,636,403,338,40,25,233
S01010990,No qualifications,218,76,59,13,4,142
S01010990,Level 1,179,141,117,16,8,38
S01010990,Level 2,103,80,70,6,4,23
S01010990,Level 3,45,36,32,3,1,9
S01010990,Level 4 and above,91,70,60,2,8,21
S01010991,All people aged 16 and over,435,311,257,34,20,124
S01010991,No qualifications,108,50,35,9,6,58
S01010991,Level 1,124,96,80,9,7,28
S01010991,Level 2,63,53,42,6,5,10
S01010991,Level 3,46,38,35,2,1,8
S01010991,Level 4 and above,94,74,65,8,1,20
S01010992,All people aged 16 and over,402,328,276,42,10,74
S01010992,No qualifications,39,21,11,9,1,18
S01010992,Level 1,96,80,64,10,6,16
S01010992,Level 2,48,32,25,6,1,16
S01010992,Level 3,48,40,34,5,1,8
S01010992,Level 4 and above,171,155,142,12,1,16
S01010993,All people aged 16 and over,508,352,304,32,16,156
S01010993,No qualifications,130,45,37,6,2,85
S01010993,Level 1,130,105,88,10,7,25
S01010993,Level 2,78,61,56,2,3,17
S01010993,Level 3,52,44,36,7,1,8
S01010993,Level 4 and above,118,97,87,7,3,21
S01010994,All people aged 16 and over,896,552,456,82,14,344
S01010994,No qualifications,150,28,24,3,1,122
S01010994,Level 1,155,91,73,11,7,64
S01010994,Level 2,124,75,61,13,1,49
S01010994,Level 3,79,58,49,6,3,21
S01010994,Level 4 and above,388,300,249,49,2,88
S01010995,All people aged 16 and over,608,423,367,40,16,185
S01010995,No qualifications,99,46,37,8,1,53
S01010995,Level 1,164,118,101,13,4,46
S01010995,Level 2,121,93,79,9,5,28
S01010995,Level 3,71,51,49,1,1,20
S01010995,Level 4 and above,153,115,101,9,5,38
S01010996,All people aged 16 and over,514,332,266,55,11,182
S01010996,No qualifications,115,33,24,9,0,82
S01010996,Level 1,87,50,35,11,4,37
S01010996,Level 2,91,67,53,11,3,24
S01010996,Level 3,38,31,27,3,1,7
S01010996,Level 4 and above,183,151,127,21,3,32
S01010997,All people aged 16 and over,561,303,245,46,12,258
S01010997,No qualifications,107,29,17,12,0,78
S01010997,Level 1,127,63,45,13,5,64
S01010997,Level 2,83,49,39,6,4,34
S01010997,Level 3,43,33,28,3,2,10
S01010997,Level 4 and above,201,129,116,12,1,72
S01010998,All people aged 16 and over,495,304,218,73,13,191
S01010998,No qualifications,66,10,6,3,1,56
S01010998,Level 1,69,47,32,10,5,22
S01010998,Level 2,78,54,36,13,5,24
S01010998,Level 3,33,26,22,4,0,7
S01010998,Level 4 and above,249,167,122,43,2,82
S01010999,All people aged 16 and over,746,402,337,47,18,344
S01010999,No qualifications,165,33,22,6,5,132
S01010999,Level 1,120,60,47,8,5,60
S01010999,Level 2,99,63,51,9,3,36
S01010999,Level 3,55,36,29,6,1,19
S01010999,Level 4 and above,307,210,188,18,4,97
S01011000,All people aged 16 and over,680,464,358,82,24,216
S01011000,No qualifications,172,74,46,21,7,98
S01011000,Level 1,147,104,80,13,11,43
S01011000,Level 2,105,69,55,12,2,36
S01011000,Level 3,72,65,50,11,4,7
S01011000,Level 4 and above,184,152,127,25,0,32
S01011001,All people aged 16 and over,534,337,286,31,20,197
S01011001,No qualifications,210,79,68,7,4,131
S01011001,Level 1,162,130,113,10,7,32
S01011001,Level 2,56,42,37,1,4,14
S01011001,Level 3,43,35,31,3,1,8
S01011001,Level 4 and above,63,51,37,10,4,12
S01011002,All people aged 16 and over,594,358,305,28,25,236
S01011002,No qualifications,226,77,63,9,5,149
S01011002,Level 1,180,134,117,4,13,46
S01011002,Level 2,81,64,58,1,5,17
S01011002,Level 3,35,30,26,3,1,5
S01011002,Level 4 and above,72,53,41,11,1,19
S01011003,All people aged 16 and over,553,353,289,32,32,200
S01011003,No qualifications,194,67,52,10,5,127
S01011003,Level 1,194,148,124,9,15,46
S01011003,Level 2,66,57,43,7,7,9
S01011003,Level 3,39,31,26,3,2,8
S01011003,Level 4 and above,60,50,44,3,3,10
S01011004,All people aged 16 and over,486,363,302,39,22,123
S01011004,No qualifications,110,49,36,9,4,61
S01011004,Level 1,143,109,93,10,6,34
S01011004,Level 2,68,61,51,2,8,7
S01011004,Level 3,47,40,28,10,2,7
S01011004,Level 4 and above,118,104,94,8,2,14
S01011005,All people aged 16 and over,556,322,270,25,27,234
S01011005,No qualifications,203,59,48,3,8,144
S01011005,Level 1,137,93,76,10,7,44
S01011005,Level 2,72,56,45,5,6,16
S01011005,Level 3,56,44,38,1,5,12
S01011005,Level 4 and above,88,70,63,6,1,18
S01011006,All people aged 16 and over,804,578,499,57,22,226
S01011006,No qualifications,219,79,62,11,6,140
S01011006,Level 1,238,195,160,26,9,43
S01011006,Level 2,108,96,87,5,4,12
S01011006,Level 3,64,54,49,4,1,10
S01011006,Level 4 and above,175,154,141,11,2,21
S01011007,All people aged 16 and over,542,331,281,24,26,211
S01011007,No qualifications,238,95,77,7,11,143
S01011007,Level 1,156,120,98,12,10,36
S01011007,Level 2,69,57,51,1,5,12
S01011007,Level 3,30,21,20,1,0,9
S01011007,Level 4 and above,49,38,35,3,0,11
S01011008,All people aged 16 and over,653,402,333,29,40,251
S01011008,No qualifications,252,95,73,12,10,157
S01011008,Level 1,203,147,120,8,19,56
S01011008,Level 2,83,66,59,4,3,17
S01011008,Level 3,43,38,34,0,4,5
S01011008,Level 4 and above,72,56,47,5,4,16
S01011009,All people aged 16 and over,416,305,265,16,24,111
S01011009,No qualifications,146,77,68,3,6,69
S01011009,Level 1,142,121,105,2,14,21
S01011009,Level 2,48,39,35,2,2,9
S01011009,Level 3,38,32,28,3,1,6
S01011009,Level 4 and above,42,36,29,6,1,6
S01011010,All people aged 16 and over,510,300,248,16,36,210
S01011010,No qualifications,179,49,39,3,7,130
S01011010,Level 1,133,96,76,2,18,37
S01011010,Level 2,59,48,39,2,7,11
S01011010,Level 3,31,23,19,2,2,8
S01011010,Level 4 and above,108,84,75,7,2,24
S01011011,All people aged 16 and over,663,368,300,15,53,295
S01011011,No qualifications,267,78,61,6,11,189
S01011011,Level 1,196,143,111,1,31,53
S01011011,Level 2,65,45,37,4,4,20
S01011011,Level 3,53,37,32,1,4,16
S01011011,Level 4 and above,82,65,59,3,3,17
S01011012,All people aged 16 and over,540,328,256,17,55,212
S01011012,No qualifications,200,77,66,3,8,123
S01011012,Level 1,173,124,90,4,30,49
S01011012,Level 2,68,53,42,0,11,15
S01011012,Level 3,28,23,19,1,3,5
S01011012,Level 4 and above,71,51,39,9,3,20
S01011013,All people aged 16 and over,668,396,347,22,27,272
S01011013,No qualifications,252,74,65,4,5,178
S01011013,Level 1,211,157,133,9,15,54
S01011013,Level 2,75,60,52,5,3,15
S01011013,Level 3,52,46,45,0,1,6
S01011013,Level 4 and above,78,59,52,4,3,19
S01011014,All people aged 16 and over,691,490,422,37,31,201
S01011014,No qualifications,183,87,72,8,7,96
S01011014,Level 1,204,153,128,11,14,51
S01011014,Level 2,109,89,78,5,6,20
S01011014,Level 3,77,64,58,5,1,13
S01011014,Level 4 and above,118,97,86,8,3,21
S01011015,All people aged 16 and over,380,263,213,28,22,117
S01011015,No qualifications,121,53,43,6,4,68
S01011015,Level 1,111,86,70,8,8,25
S01011015,Level 2,60,50,39,7,4,10
S01011015,Level 3,39,33,26,3,4,6
S01011015,Level 4 and above,49,41,35,4,2,8
S01011016,All people aged 16 and over,632,527,420,75,32,105
S01011016,No qualifications,72,38,30,6,2,34
S01011016,Level 1,154,126,92,27,7,28
S01011016,Level 2,116,99,75,14,10,17
S01011016,Level 3,86,82,67,9,6,4
S01011016,Level 4 and above,204,182,156,19,7,22
S01011017,All people aged 16 and over,692,459,337,102,20,233
S01011017,No qualifications,106,48,28,17,3,58
S01011017,Level 1,143,96,64,22,10,47
S01011017,Level 2,96,65,48,14,3,31
S01011017,Level 3,65,46,32,13,1,19
S01011017,Level 4 and above,282,204,165,36,3,78
S01011018,All people aged 16 and over,709,450,362,62,26,259
S01011018,No qualifications,234,80,65,9,6,154
S01011018,Level 1,185,143,115,19,9,42
S01011018,Level 2,81,60,43,10,7,21
S01011018,Level 3,56,46,38,5,3,10
S01011018,Level 4 and above,153,121,101,19,1,32
S01011019,All people aged 16 and over,794,568,430,103,35,226
S01011019,No qualifications,160,81,57,18,6,79
S01011019,Level 1,177,136,102,17,17,41
S01011019,Level 2,100,82,60,18,4,18
S01011019,Level 3,77,56,46,9,1,21
S01011019,Level 4 and above,280,213,165,41,7,67
S01011020,All people aged 16 and over,378,267,216,41,10,111
S01011020,No qualifications,65,25,17,7,1,40
S01011020,Level 1,68,46,36,5,5,22
S01011020,Level 2,60,50,40,6,4,10
S01011020,Level 3,45,36,29,7,0,9
S01011020,Level 4 and above,140,110,94,16,0,30
S01011021,All people aged 16 and over,719,438,359,36,43,281
S01011021,No qualifications,274,100,76,10,14,174
S01011021,Level 1,215,159,131,10,18,56
S01011021,Level 2,89,72,58,6,8,17
S01011021,Level 3,56,43,38,5,0,13
S01011021,Level 4 and above,85,64,56,5,3,21
S01011022,All people aged 16 and over,451,296,244,26,26,155
S01011022,No qualifications,189,93,76,9,8,96
S01011022,Level 1,151,112,94,7,11,39
S01011022,Level 2,51,39,31,5,3,12
S01011022,Level 3,16,13,10,1,2,3
S01011022,Level 4 and above,44,39,33,4,2,5
S01011023,All people aged 16 and over,665,438,365,44,29,227
S01011023,No qualifications,238,108,82,18,8,130
S01011023,Level 1,206,149,124,11,14,57
S01011023,Level 2,78,66,54,12,0,12
S01011023,Level 3,54,44,39,3,2,10
S01011023,Level 4 and above,89,71,66,0,5,18
S01011024,All people aged 16 and over,586,367,299,24,44,219
S01011024,No qualifications,194,63,52,2,9,131
S01011024,Level 1,221,154,125,9,20,67
S01011024,Level 2,63,54,43,5,6,9
S01011024,Level 3,52,47,35,5,7,5
S01011024,Level 4 and above,56,49,44,3,2,7
S01011025,All people aged 16 and over,556,401,333,19,49,155
S01011025,No qualifications,203,113,93,4,16,90
S01011025,Level 1,187,152,126,3,23,35
S01011025,Level 2,75,60,51,2,7,15
S01011025,Level 3,40,33,26,4,3,7
S01011025,Level 4 and above,51,43,37,6,0,8
S01011026,All people aged 16 and over,456,299,242,23,34,157
S01011026,No qualifications,182,86,66,7,13,96
S01011026,Level 1,148,113,88,10,15,35
S01011026,Level 2,72,51,44,5,2,21
S01011026,Level 3,25,21,19,0,2,4
S01011026,Level 4 and above,29,28,25,1,2,1
S01011027,All people aged 16 and over,706,445,357,31,57,261
S01011027,No qualifications,283,123,92,13,18,160
S01011027,Level 1,218,156,122,7,27,62
S01011027,Level 2,97,73,63,1,9,24
S01011027,Level 3,35,29,23,3,3,6
S01011027,Level 4 and above,73,64,57,7,0,9
S01011028,All people aged 16 and over,739,426,347,29,50,313
S01011028,No qualifications,281,96,75,7,14,185
S01011028,Level 1,255,182,143,11,28,73
S01011028,Level 2,75,47,41,4,2,28
S01011028,Level 3,60,45,39,3,3,15
S01011028,Level 4 and above,68,56,49,4,3,12
S01011029,All people aged 16 and over,509,322,275,22,25,187
S01011029,No qualifications,168,70,55,5,10,98
S01011029,Level 1,173,114,96,6,12,59
S01011029,Level 2,65,51,50,0,1,14
S01011029,Level 3,41,38,32,6,0,3
S01011029,Level 4 and above,62,49,42,5,2,13
S01011030,All people aged 16 and over,798,572,496,56,20,226
S01011030,No qualifications,201,98,83,13,2,103
S01011030,Level 1,263,192,158,24,10,71
S01011030,Level 2,138,111,98,10,3,27
S01011030,Level 3,71,62,59,2,1,9
S01011030,Level 4 and above,125,109,98,7,4,16
S01011031,All people aged 16 and over,576,343,291,20,32,233
S01011031,No qualifications,231,90,76,5,9,141
S01011031,Level 1,182,137,115,7,15,45
S01011031,Level 2,67,47,43,2,2,20
S01011031,Level 3,36,31,25,2,4,5
S01011031,Level 4 and above,60,38,32,4,2,22
S01011032,All people aged 16 and over,652,410,322,37,51,242
S01011032,No qualifications,241,101,73,16,12,140
S01011032,Level 1,200,147,113,6,28,53
S01011032,Level 2,93,70,56,6,8,23
S01011032,Level 3,53,41,37,4,0,12
S01011032,Level 4 and above,65,51,43,5,3,14
S01011033,All people aged 16 and over,524,376,331,30,15,148
S01011033,No qualifications,144,59,52,3,4,85
S01011033,Level 1,151,114,96,11,7,37
S01011033,Level 2,75,66,57,6,3,9
S01011033,Level 3,48,45,41,4,0,3
S01011033,Level 4 and above,106,92,85,6,1,14
S01011034,All people aged 16 and over,563,319,269,31,19,244
S01011034,No qualifications,240,57,44,4,9,183
S01011034,Level 1,117,87,69,12,6,30
S01011034,Level 2,72,57,49,6,2,15
S01011034,Level 3,38,33,30,2,1,5
S01011034,Level 4 and above,96,85,77,7,1,11
S01011035,All people aged 16 and over,517,348,279,32,37,169
S01011035,No qualifications,168,69,47,10,12,99
S01011035,Level 1,155,116,94,7,15,39
S01011035,Level 2,56,50,40,4,6,6
S01011035,Level 3,47,36,34,0,2,11
S01011035,Level 4 and above,91,77,64,11,2,14
S01011036,All people aged 16 and over,541,362,306,35,21,179
S01011036,No qualifications,150,60,46,7,7,90
S01011036,Level 1,134,101,78,14,9,33
S01011036,Level 2,98,72,67,4,1,26
S01011036,Level 3,43,35,31,3,1,8
S01011036,Level 4 and above,116,94,84,7,3,22
S01011037,All people aged 16 and over,742,470,371,44,55,272
S01011037,No qualifications,238,94,64,10,20,144
S01011037,Level 1,237,162,125,13,24,75
S01011037,Level 2,87,67,56,7,4,20
S01011037,Level 3,72,56,49,2,5,16
S01011037,Level 4 and above,108,91,77,12,2,17
S01011038,All people aged 16 and over,663,408,321,30,57,255
S01011038,No qualifications,261,109,91,6,12,152
S01011038,Level 1,221,157,112,15,30,64
S01011038,Level 2,87,72,60,4,8,15
S01011038,Level 3,53,46,35,5,6,7
S01011038,Level 4 and above,41,24,23,0,1,17
S01011039,All people aged 16 and over,676,434,358,42,34,242
S01011039,No qualifications,218,80,62,9,9,138
S01011039,Level 1,187,141,120,12,9,46
S01011039,Level 2,89,66,54,7,5,23
S01011039,Level 3,57,48,38,4,6,9
S01011039,Level 4 and above,125,99,84,10,5,26
S01011040,All people aged 16 and over,562,354,288,23,43,208
S01011040,No qualifications,195,79,63,3,13,116
S01011040,Level 1,190,131,96,11,24,59
S01011040,Level 2,83,67,58,5,4,16
S01011040,Level 3,47,43,40,1,2,4
S01011040,Level 4 and above,47,34,31,3,0,13
S01011041,All people aged 16 and over,629,314,254,24,36,315
S01011041,No qualifications,239,62,44,8,10,177
S01011041,Level 1,207,130,102,9,19,77
S01011041,Level 2,61,42,36,1,5,19
S01011041,Level 3,41,29,27,1,1,12
S01011041,Level 4 and above,81,51,45,5,1,30
S01011042,All people aged 16 and over,642,460,385,47,28,182
S01011042,No qualifications,143,67,49,11,7,76
S01011042,Level 1,181,133,111,9,13,48
S01011042,Level 2,94,75,61,10,4,19
S01011042,Level 3,64,59,53,5,1,5
S01011042,Level 4 and above,160,126,111,12,3,34
S01011043,All people aged 16 and over,561,346,278,27,41,215
S01011043,No qualifications,204,82,60,7,15,122
S01011043,Level 1,161,121,96,7,18,40
S01011043,Level 2,61,44,37,4,3,17
S01011043,Level 3,51,36,30,4,2,15
S01011043,Level 4 and above,84,63,55,5,3,21
S01011044,All people aged 16 and over,568,353,269,40,44,215
S01011044,No qualifications,185,68,53,9,6,117
S01011044,Level 1,201,148,107,14,27,53
S01011044,Level 2,67,47,36,5,6,20
S01011044,Level 3,40,32,28,2,2,8
S01011044,Level 4 and above,75,58,45,10,3,17
S01011045,All people aged 16 and over,644,426,275,113,38,218
S01011045,No qualifications,165,75,36,27,12,90
S01011045,Level 1,158,115,75,27,13,43
S01011045,Level 2,86,58,42,14,2,28
S01011045,Level 3,64,54,39,10,5,10
S01011045,Level 4 and above,171,124,83,35,6,47
S01011046,All people aged 16 and over,717,482,328,133,21,235
S01011046,No qualifications,197,96,53,38,5,101
S01011046,Level 1,179,138,109,23,6,41
S01011046,Level 2,98,78,58,17,3,20
S01011046,Level 3,63,45,30,11,4,18
S01011046,Level 4 and above,180,125,78,44,3,55
S01011047,All people aged 16 and over,789,489,382,84,23,300
S01011047,No qualifications,202,91,73,17,1,111
S01011047,Level 1,195,132,103,21,8,63
S01011047,Level 2,125,86,64,14,8,39
S01011047,Level 3,73,55,43,10,2,18
S01011047,Level 4 and above,194,125,99,22,4,69
S01011048,All people aged 16 and over,805,505,402,74,29,300
S01011048,No qualifications,285,104,75,23,6,181
S01011048,Level 1,190,146,124,10,12,44
S01011048,Level 2,121,93,78,11,4,28
S01011048,Level 3,59,53,43,7,3,6
S01011048,Level 4 and above,150,109,82,23,4,41
S01011049,All people aged 16 and over,581,367,323,30,14,214
S01011049,No qualifications,227,91,79,9,3,136
S01011049,Level 1,151,123,109,8,6,28
S01011049,Level 2,63,52,47,2,3,11
S01011049,Level 3,43,36,32,4,0,7
S01011049,Level 4 and above,97,65,56,7,2,32
S01011050,All people aged 16 and over,651,438,342,75,21,213
S01011050,No qualifications,167,69,48,19,2,98
S01011050,Level 1,142,108,85,17,6,34
S01011050,Level 2,85,60,52,3,5,25
S01011050,Level 3,71,63,51,7,5,8
S01011050,Level 4 and above,186,138,106,29,3,48
S01011051,All people aged 16 and over,780,502,399,83,20,278
S01011051,No qualifications,242,93,68,19,6,149
S01011051,Level 1,201,150,122,20,8,51
S01011051,Level 2,102,83,60,22,1,19
S01011051,Level 3,65,53,47,5,1,12
S01011051,Level 4 and above,170,123,102,17,4,47
S01011052,All people aged 16 and over,712,392,322,54,16,320
S01011052,No qualifications,247,67,50,13,4,180
S01011052,Level 1,166,114,97,10,7,52
S01011052,Level 2,78,62,51,11,0,16
S01011052,Level 3,55,41,31,8,2,14
S01011052,Level 4 and above,166,108,93,12,3,58
S01011053,All people aged 16 and over,535,314,268,27,19,221
S01011053,No qualifications,154,50,40,5,5,104
S01011053,Level 1,187,131,106,15,10,56
S01011053,Level 2,63,36,34,0,2,27
S01011053,Level 3,45,32,30,1,1,13
S01011053,Level 4 and above,86,65,58,6,1,21
S01011054,All people aged 16 and over,442,291,234,45,12,151
S01011054,No qualifications,140,57,46,9,2,83
S01011054,Level 1,102,79,64,11,4,23
S01011054,Level 2,44,37,28,7,2,7
S01011054,Level 3,36,29,26,3,0,7
S01011054,Level 4 and above,120,89,70,15,4,31
S01011055,All people aged 16 and over,453,311,235,64,12,142
S01011055,No qualifications,108,48,29,16,3,60
S01011055,Level 1,120,83,65,14,4,37
S01011055,Level 2,53,39,32,6,1,14
S01011055,Level 3,43,34,30,3,1,9
S01011055,Level 4 and above,129,107,79,25,3,22
S01011056,All people aged 16 and over,555,387,255,125,7,168
S01011056,No qualifications,140,68,27,38,3,72
S01011056,Level 1,158,127,81,42,4,31
S01011056,Level 2,63,47,39,8,0,16
S01011056,Level 3,40,34,26,8,0,6
S01011056,Level 4 and above,154,111,82,29,0,43
S01011057,All people aged 16 and over,475,327,249,68,10,148
S01011057,No qualifications,173,89,62,26,1,84
S01011057,Level 1,122,102,81,19,2,20
S01011057,Level 2,65,53,41,10,2,12
S01011057,Level 3,41,32,25,5,2,9
S01011057,Level 4 and above,74,51,40,8,3,23
S01011058,All people aged 16 and over,523,367,253,100,14,156
S01011058,No qualifications,128,67,37,28,2,61
S01011058,Level 1,124,83,51,27,5,41
S01011058,Level 2,72,58,43,13,2,14
S01011058,Level 3,56,49,38,9,2,7
S01011058,Level 4 and above,143,110,84,23,3,33
S01011059,All people aged 16 and over,510,350,249,79,22,160
S01011059,No qualifications,144,77,41,30,6,67
S01011059,Level 1,132,104,79,17,8,28
S01011059,Level 2,77,56,43,8,5,21
S01011059,Level 3,39,27,21,5,1,12
S01011059,Level 4 and above,118,86,65,19,2,32
S01011060,All people aged 16 and over,780,410,340,55,15,370
S01011060,No qualifications,267,61,51,8,2,206
S01011060,Level 1,195,128,108,13,7,67
S01011060,Level 2,115,88,77,10,1,27
S01011060,Level 3,53,43,38,4,1,10
S01011060,Level 4 and above,150,90,66,20,4,60
S01011061,All people aged 16 and over,699,459,393,32,34,240
S01011061,No qualifications,289,132,114,8,10,157
S01011061,Level 1,214,172,142,12,18,42
S01011061,Level 2,79,63,55,5,3,16
S01011061,Level 3,63,51,47,3,1,12
S01011061,Level 4 and above,54,41,35,4,2,13
S01011062,All people aged 16 and over,755,507,429,62,16,248
S01011062,No qualifications,262,108,88,17,3,154
S01011062,Level 1,217,162,131,22,9,55
S01011062,Level 2,118,107,97,9,1,11
S01011062,Level 3,55,49,44,4,1,6
S01011062,Level 4 and above,103,81,69,10,2,22
S01011063,All people aged 16 and over,855,504,425,40,39,351
S01011063,No qualifications,340,118,94,9,15,222
S01011063,Level 1,261,203,165,18,20,58
S01011063,Level 2,88,68,62,5,1,20
S01011063,Level 3,63,53,50,1,2,10
S01011063,Level 4 and above,103,62,54,7,1,41
S01011064,All people aged 16 and over,860,544,456,67,21,316
S01011064,No qualifications,310,119,99,16,4,191
S01011064,Level 1,222,183,146,25,12,39
S01011064,Level 2,120,93,76,13,4,27
S01011064,Level 3,59,46,42,4,0,13
S01011064,Level 4 and above,149,103,93,9,1,46
S01011065,All people aged 16 and over,592,350,256,72,22,242
S01011065,No qualifications,162,62,48,10,4,100
S01011065,Level 1,155,97,63,25,9,58
S01011065,Level 2,64,46,33,12,1,18
S01011065,Level 3,62,51,37,10,4,11
S01011065,Level 4 and above,149,94,75,15,4,55
S01011066,All people aged 16 and over,427,246,177,57,12,181
S01011066,No qualifications,111,36,21,14,1,75
S01011066,Level 1,122,83,60,17,6,39
S01011066,Level 2,52,37,28,9,0,15
S01011066,Level 3,38,31,25,6,0,7
S01011066,Level 4 and above,104,59,43,11,5,45
S01011067,All people aged 16 and over,478,257,187,51,19,221
S01011067,No qualifications,144,32,22,8,2,112
S01011067,Level 1,132,91,63,17,11,41
S01011067,Level 2,54,36,27,7,2,18
S01011067,Level 3,39,27,26,0,1,12
S01011067,Level 4 and above,109,71,49,19,3,38
S01011068,All people aged 16 and over,421,255,189,53,13,166
S01011068,No qualifications,124,38,30,7,1,86
S01011068,Level 1,142,105,78,23,4,37
S01011068,Level 2,51,36,30,2,4,15
S01011068,Level 3,35,27,19,7,1,8
S01011068,Level 4 and above,69,49,32,14,3,20
S01011069,All people aged 16 and over,467,257,212,32,13,210
S01011069,No qualifications,142,47,41,5,1,95
S01011069,Level 1,113,74,59,7,8,39
S01011069,Level 2,69,49,40,8,1,20
S01011069,Level 3,39,25,23,1,1,14
S01011069,Level 4 and above,104,62,49,11,2,42
S01011070,All people aged 16 and over,510,321,272,39,10,189
S01011070,No qualifications,159,55,38,12,5,104
S01011070,Level 1,130,99,85,11,3,31
S01011070,Level 2,70,59,52,6,1,11
S01011070,Level 3,46,38,34,3,1,8
S01011070,Level 4 and above,105,70,63,7,0,35
S01011071,All people aged 16 and over,726,420,324,66,30,306
S01011071,No qualifications,191,58,46,8,4,133
S01011071,Level 1,191,121,87,22,12,70
S01011071,Level 2,106,85,73,8,4,21
S01011071,Level 3,74,57,46,6,5,17
S01011071,Level 4 and above,164,99,72,22,5,65
S01011072,All people aged 16 and over,801,548,435,84,29,253
S01011072,No qualifications,226,95,66,25,4,131
S01011072,Level 1,214,165,131,25,9,49
S01011072,Level 2,130,107,85,14,8,23
S01011072,Level 3,76,68,60,6,2,8
S01011072,Level 4 and above,155,113,93,14,6,42
S01011073,All people aged 16 and over,596,371,312,47,12,225
S01011073,No qualifications,170,67,48,17,2,103
S01011073,Level 1,174,121,108,9,4,53
S01011073,Level 2,86,70,58,9,3,16
S01011073,Level 3,51,38,37,0,1,13
S01011073,Level 4 and above,115,75,61,12,2,40
S01011074,All people aged 16 and over,509,336,282,39,15,173
S01011074,No qualifications,157,55,46,7,2,102
S01011074,Level 1,150,116,91,16,9,34
S01011074,Level 2,65,50,44,5,1,15
S01011074,Level 3,54,50,42,7,1,4
S01011074,Level 4 and above,83,65,59,4,2,18
S01011075,All people aged 16 and over,570,346,285,30,31,224
S01011075,No qualifications,258,114,96,9,9,144
S01011075,Level 1,176,126,104,9,13,50
S01011075,Level 2,71,60,48,4,8,11
S01011075,Level 3,30,26,20,5,1,4
S01011075,Level 4 and above,35,20,17,3,0,15
S01011076,All people aged 16 and over,605,360,299,32,29,245
S01011076,No qualifications,219,74,50,12,12,145
S01011076,Level 1,171,131,110,11,10,40
S01011076,Level 2,87,67,62,3,2,20
S01011076,Level 3,44,42,38,1,3,2
S01011076,Level 4 and above,84,46,39,5,2,38
S01011077,All people aged 16 and over,586,347,288,12,47,239
S01011077,No qualifications,239,89,69,3,17,150
S01011077,Level 1,187,148,120,6,22,39
S01011077,Level 2,62,43,39,2,2,19
S01011077,Level 3,43,36,35,0,1,7
S01011077,Level 4 and above,55,31,25,1,5,24
S01011078,All people aged 16 and over,941,557,457,83,17,384
S01011078,No qualifications,258,83,62,18,3,175
S01011078,Level 1,267,210,174,26,10,57
S01011078,Level 2,140,89,80,7,2,51
S01011078,Level 3,86,67,58,9,0,19
S01011078,Level 4 and above,190,108,83,23,2,82
S01011079,All people aged 16 and over,888,582,487,56,39,306
S01011079,No qualifications,273,109,82,17,10,164
S01011079,Level 1,245,200,165,18,17,45
S01011079,Level 2,115,85,78,7,0,30
S01011079,Level 3,100,83,76,3,4,17
S01011079,Level 4 and above,155,105,86,11,8,50
S01011080,All people aged 16 and over,838,509,433,38,38,329
S01011080,No qualifications,315,108,88,9,11,207
S01011080,Level 1,218,177,147,11,19,41
S01011080,Level 2,94,75,67,6,2,19
S01011080,Level 3,72,58,51,3,4,14
S01011080,Level 4 and above,139,91,80,9,2,48
S01011081,All people aged 16 and over,662,412,351,30,31,250
S01011081,No qualifications,221,92,72,14,6,129
S01011081,Level 1,223,161,135,9,17,62
S01011081,Level 2,80,56,51,2,3,24
S01011081,Level 3,59,47,43,2,2,12
S01011081,Level 4 and above,79,56,50,3,3,23
S01011082,All people aged 16 and over,474,237,202,11,24,237
S01011082,No qualifications,224,55,48,1,6,169
S01011082,Level 1,137,102,84,4,14,35
S01011082,Level 2,39,34,30,2,2,5
S01011082,Level 3,18,15,14,1,0,3
S01011082,Level 4 and above,56,31,26,3,2,25
S01011083,All people aged 16 and over,648,402,333,39,30,246
S01011083,No qualifications,200,71,54,9,8,129
S01011083,Level 1,170,120,99,9,12,50
S01011083,Level 2,69,57,49,6,2,12
S01011083,Level 3,68,56,48,5,3,12
S01011083,Level 4 and above,141,98,83,10,5,43
S01011084,All people aged 16 and over,654,393,300,73,20,261
S01011084,No qualifications,151,48,33,13,2,103
S01011084,Level 1,149,107,82,16,9,42
S01011084,Level 2,92,63,51,11,1,29
S01011084,Level 3,70,60,42,14,4,10
S01011084,Level 4 and above,192,115,92,19,4,77
S01011085,All people aged 16 and over,744,461,387,58,16,283
S01011085,No qualifications,183,58,44,11,3,125
S01011085,Level 1,149,95,83,10,2,54
S01011085,Level 2,95,67,56,8,3,28
S01011085,Level 3,77,61,47,11,3,16
S01011085,Level 4 and above,240,180,157,18,5,60
S01011086,All people aged 16 and over,546,321,272,41,8,225
S01011086,No qualifications,142,42,33,8,1,100
S01011086,Level 1,128,90,79,8,3,38
S01011086,Level 2,94,75,63,9,3,19
S01011086,Level 3,56,45,32,12,1,11
S01011086,Level 4 and above,126,69,65,4,0,57
S01011087,All people aged 16 and over,479,303,256,30,17,176
S01011087,No qualifications,141,45,39,5,1,96
S01011087,Level 1,151,109,93,7,9,42
S01011087,Level 2,65,53,44,6,3,12
S01011087,Level 3,44,42,37,3,2,2
S01011087,Level 4 and above,78,54,43,9,2,24
S01011088,All people aged 16 and over,803,479,400,60,19,324
S01011088,No qualifications,171,48,38,10,0,123
S01011088,Level 1,186,130,105,16,9,56
S01011088,Level 2,113,81,69,8,4,32
S01011088,Level 3,71,49,41,7,1,22
S01011088,Level 4 and above,262,171,147,19,5,91
S01011089,All people aged 16 and over,542,311,249,29,33,231
S01011089,No qualifications,172,60,44,6,10,112
S01011089,Level 1,129,89,66,8,15,40
S01011089,Level 2,79,64,56,4,4,15
S01011089,Level 3,48,35,26,7,2,13
S01011089,Level 4 and above,114,63,57,4,2,51
S01011090,All people aged 16 and over,612,385,297,78,10,227
S01011090,No qualifications,168,73,46,25,2,95
S01011090,Level 1,130,93,71,21,1,37
S01011090,Level 2,78,63,54,8,1,15
S01011090,Level 3,68,52,42,8,2,16
S01011090,Level 4 and above,168,104,84,16,4,64
S01011091,All people aged 16 and over,526,384,285,78,21,142
S01011091,No qualifications,122,61,35,24,2,61
S01011091,Level 1,116,94,72,15,7,22
S01011091,Level 2,87,77,58,11,8,10
S01011091,Level 3,51,48,44,4,0,3
S01011091,Level 4 and above,150,104,76,24,4,46
S01011092,All people aged 16 and over,320,215,168,18,29,105
S01011092,No qualifications,81,39,28,7,4,42
S01011092,Level 1,107,74,53,5,16,33
S01011092,Level 2,45,33,30,0,3,12
S01011092,Level 3,41,32,27,2,3,9
S01011092,Level 4 and above,46,37,30,4,3,9
S01011093,All people aged 16 and over,502,348,267,71,10,154
S01011093,No qualifications,86,27,18,9,0,59
S01011093,Level 1,126,94,71,19,4,32
S01011093,Level 2,75,66,56,7,3,9
S01011093,Level 3,49,41,33,7,1,8
S01011093,Level 4 and above,166,120,89,29,2,46
S01011094,All people aged 16 and over,447,290,210,69,11,157
S01011094,No qualifications,97,25,12,12,1,72
S01011094,Level 1,99,71,55,13,3,28
S01011094,Level 2,57,41,28,11,2,16
S01011094,Level 3,39,36,32,4,0,3
S01011094,Level 4 and above,155,117,83,29,5,38
S01011095,All people aged 16 and over,651,458,346,96,16,193
S01011095,No qualifications,114,49,28,17,4,65
S01011095,Level 1,147,101,76,19,6,46
S01011095,Level 2,101,80,68,11,1,21
S01011095,Level 3,83,71,54,13,4,12
S01011095,Level 4 and above,206,157,120,36,1,49
S01011096,All people aged 16 and over,479,332,268,51,13,147
S01011096,No qualifications,108,30,20,6,4,78
S01011096,Level 1,100,73,57,10,6,27
S01011096,Level 2,81,70,59,9,2,11
S01011096,Level 3,58,52,44,7,1,6
S01011096,Level 4 and above,132,107,88,19,0,25
S01011097,All people aged 16 and over,559,393,304,74,15,166
S01011097,No qualifications,105,49,33,14,2,56
S01011097,Level 1,123,97,77,17,3,26
S01011097,Level 2,101,78,62,14,2,23
S01011097,Level 3,59,45,33,6,6,14
S01011097,Level 4 and above,171,124,99,23,2,47
S01011098,All people aged 16 and over,635,425,366,36,23,210
S01011098,No qualifications,137,43,36,6,1,94
S01011098,Level 1,174,138,117,7,14,36
S01011098,Level 2,96,75,63,10,2,21
S01011098,Level 3,71,58,52,3,3,13
S01011098,Level 4 and above,157,111,98,10,3,46
S01011099,All people aged 16 and over,651,457,378,33,46,194
S01011099,No qualifications,189,107,92,6,9,82
S01011099,Level 1,229,167,131,12,24,62
S01011099,Level 2,79,65,52,6,7,14
S01011099,Level 3,61,48,41,4,3,13
S01011099,Level 4 and above,93,70,62,5,3,23
S01011100,All people aged 16 and over,392,223,186,23,14,169
S01011100,No qualifications,140,44,35,4,5,96
S01011100,Level 1,98,72,58,10,4,26
S01011100,Level 2,47,38,34,3,1,9
S01011100,Level 3,36,25,20,3,2,11
S01011100,Level 4 and above,71,44,39,3,2,27
S01011101,All people aged 16 and over,482,305,262,10,33,177
S01011101,No qualifications,177,83,67,3,13,94
S01011101,Level 1,176,122,105,4,13,54
S01011101,Level 2,46,32,28,2,2,14
S01011101,Level 3,33,30,27,0,3,3
S01011101,Level 4 and above,50,38,35,1,2,12
S01011102,All people aged 16 and over,534,342,285,16,41,192
S01011102,No qualifications,183,58,47,2,9,125
S01011102,Level 1,176,129,98,7,24,47
S01011102,Level 2,57,50,48,0,2,7
S01011102,Level 3,44,38,35,2,1,6
S01011102,Level 4 and above,74,67,57,5,5,7
S01011103,All people aged 16 and over,503,305,255,21,29,198
S01011103,No qualifications,169,43,33,8,2,126
S01011103,Level 1,135,107,84,8,15,28
S01011103,Level 2,55,48,43,0,5,7
S01011103,Level 3,36,24,19,2,3,12
S01011103,Level 4 and above,108,83,76,3,4,25
S01011104,All people aged 16 and over,628,297,246,36,15,331
S01011104,No qualifications,214,40,29,6,5,174
S01011104,Level 1,118,56,46,4,6,62
S01011104,Level 2,77,50,39,8,3,27
S01011104,Level 3,58,41,38,3,0,17
S01011104,Level 4 and above,161,110,94,15,1,51
S01011105,All people aged 16 and over,682,434,369,39,26,248
S01011105,No qualifications,218,74,59,8,7,144
S01011105,Level 1,197,150,129,13,8,47
S01011105,Level 2,98,79,72,4,3,19
S01011105,Level 3,65,47,39,5,3,18
S01011105,Level 4 and above,104,84,70,9,5,20
S01011106,All people aged 16 and over,644,498,425,26,47,146
S01011106,No qualifications,78,44,39,1,4,34
S01011106,Level 1,232,179,147,6,26,53
S01011106,Level 2,151,125,111,5,9,26
S01011106,Level 3,81,64,51,8,5,17
S01011106,Level 4 and above,102,86,77,6,3,16
S01011107,All people aged 16 and over,636,526,463,26,37,110
S01011107,No qualifications,76,47,39,2,6,29
S01011107,Level 1,210,172,145,8,19,38
S01011107,Level 2,106,90,81,4,5,16
S01011107,Level 3,105,89,80,7,2,16
S01011107,Level 4 and above,139,128,118,5,5,11
S01011108,All people aged 16 and over,447,322,273,26,23,125
S01011108,No qualifications,110,44,32,6,6,66
S01011108,Level 1,162,127,106,7,14,35
S01011108,Level 2,56,50,46,2,2,6
S01011108,Level 3,53,45,38,6,1,8
S01011108,Level 4 and above,66,56,51,5,0,10
S01011109,All people aged 16 and over,690,449,392,42,15,241
S01011109,No qualifications,191,73,62,8,3,118
S01011109,Level 1,193,144,125,12,7,49
S01011109,Level 2,106,85,77,5,3,21
S01011109,Level 3,87,68,59,9,0,19
S01011109,Level 4 and above,113,79,69,8,2,34
S01011110,All people aged 16 and over,568,397,352,18,27,171
S01011110,No qualifications,164,74,59,5,10,90
S01011110,Level 1,168,128,114,6,8,40
S01011110,Level 2,98,86,79,3,4,12
S01011110,Level 3,58,41,37,1,3,17
S01011110,Level 4 and above,80,68,63,3,2,12
S01011111,All people aged 16 and over,699,457,393,30,34,242
S01011111,No qualifications,275,120,104,9,7,155
S01011111,Level 1,217,172,145,9,18,45
S01011111,Level 2,93,79,69,6,4,14
S01011111,Level 3,48,36,32,1,3,12
S01011111,Level 4 and above,66,50,43,5,2,16
S01011112,All people aged 16 and over,648,534,468,46,20,114
S01011112,No qualifications,94,48,39,5,4,46
S01011112,Level 1,173,144,126,11,7,29
S01011112,Level 2,116,106,99,2,5,10
S01011112,Level 3,97,87,72,12,3,10
S01011112,Level 4 and above,168,149,132,16,1,19
S01011113,All people aged 16 and over,821,511,455,33,23,310
S01011113,No qualifications,314,111,94,11,6,203
S01011113,Level 1,210,162,143,11,8,48
S01011113,Level 2,94,74,68,5,1,20
S01011113,Level 3,87,77,70,2,5,10
S01011113,Level 4 and above,116,87,80,4,3,29
S01011114,All people aged 16 and over,615,426,366,42,18,189
S01011114,No qualifications,149,62,50,9,3,87
S01011114,Level 1,178,131,103,17,11,47
S01011114,Level 2,104,84,75,8,1,20
S01011114,Level 3,66,55,52,2,1,11
S01011114,Level 4 and above,118,94,86,6,2,24
S01011115,All people aged 16 and over,751,503,423,40,40,248
S01011115,No qualifications,252,115,98,9,8,137
S01011115,Level 1,236,183,149,17,17,53
S01011115,Level 2,104,83,71,4,8,21
S01011115,Level 3,60,50,44,4,2,10
S01011115,Level 4 and above,99,72,61,6,5,27
S01011116,All people aged 16 and over,544,357,313,22,22,187
S01011116,No qualifications,161,63,57,3,3,98
S01011116,Level 1,154,105,91,5,9,49
S01011116,Level 2,84,74,62,6,6,10
S01011116,Level 3,59,48,43,4,1,11
S01011116,Level 4 and above,86,67,60,4,3,19
S01011117,All people aged 16 and over,635,389,317,58,14,246
S01011117,No qualifications,127,42,28,13,1,85
S01011117,Level 1,136,84,70,10,4,52
S01011117,Level 2,90,65,52,10,3,25
S01011117,Level 3,73,58,47,9,2,15
S01011117,Level 4 and above,209,140,120,16,4,69
S01011118,All people aged 16 and over,724,437,363,52,22,287
S01011118,No qualifications,142,41,24,12,5,101
S01011118,Level 1,132,91,76,7,8,41
S01011118,Level 2,84,56,48,4,4,28
S01011118,Level 3,73,51,43,7,1,22
S01011118,Level 4 and above,293,198,172,22,4,95
S01011119,All people aged 16 and over,789,439,376,54,9,350
S01011119,No qualifications,184,54,46,7,1,130
S01011119,Level 1,140,85,78,7,0,55
S01011119,Level 2,107,75,59,13,3,32
S01011119,Level 3,78,53,48,5,0,25
S01011119,Level 4 and above,280,172,145,22,5,108
S01011120,All people aged 16 and over,608,311,263,40,8,297
S01011120,No qualifications,117,29,17,11,1,88
S01011120,Level 1,100,57,48,7,2,43
S01011120,Level 2,78,44,43,0,1,34
S01011120,Level 3,77,44,41,3,0,33
S01011120,Level 4 and above,236,137,114,19,4,99
S01011121,All people aged 16 and over,473,317,272,19,26,156
S01011121,No qualifications,134,46,40,2,4,88
S01011121,Level 1,137,105,89,3,13,32
S01011121,Level 2,62,56,47,7,2,6
S01011121,Level 3,43,35,32,3,0,8
S01011121,Level 4 and above,97,75,64,4,7,22
S01011122,All people aged 16 and over,541,356,304,33,19,185
S01011122,No qualifications,164,59,51,8,0,105
S01011122,Level 1,137,99,85,7,7,38
S01011122,Level 2,58,52,39,6,7,6
S01011122,Level 3,60,52,50,1,1,8
S01011122,Level 4 and above,122,94,79,11,4,28
S01011123,All people aged 16 and over,916,601,525,42,34,315
S01011123,No qualifications,321,119,97,11,11,202
S01011123,Level 1,265,217,190,9,18,48
S01011123,Level 2,131,108,100,7,1,23
S01011123,Level 3,74,58,51,5,2,16
S01011123,Level 4 and above,125,99,87,10,2,26
S01011124,All people aged 16 and over,505,363,320,27,16,142
S01011124,No qualifications,128,53,50,3,0,75
S01011124,Level 1,128,96,82,10,4,32
S01011124,Level 2,99,81,68,9,4,18
S01011124,Level 3,57,52,45,3,4,5
S01011124,Level 4 and above,93,81,75,2,4,12
S01011125,All people aged 16 and over,392,288,252,16,20,104
S01011125,No qualifications,100,49,43,0,6,51
S01011125,Level 1,136,109,93,7,9,27
S01011125,Level 2,50,39,33,4,2,11
S01011125,Level 3,43,41,37,1,3,2
S01011125,Level 4 and above,63,50,46,4,0,13
S01011126,All people aged 16 and over,379,269,232,18,19,110
S01011126,No qualifications,102,34,25,5,4,68
S01011126,Level 1,114,93,78,6,9,21
S01011126,Level 2,66,58,53,3,2,8
S01011126,Level 3,33,30,26,2,2,3
S01011126,Level 4 and above,64,54,50,2,2,10
S01011127,All people aged 16 and over,327,251,233,8,10,76
S01011127,No qualifications,18,8,6,2,0,10
S01011127,Level 1,119,82,75,1,6,37
S01011127,Level 2,71,60,56,1,3,11
S01011127,Level 3,48,40,39,1,0,8
S01011127,Level 4 and above,71,61,57,3,1,10
S01011128,All people aged 16 and over,600,390,332,31,27,210
S01011128,No qualifications,171,64,50,4,10,107
S01011128,Level 1,166,115,99,8,8,51
S01011128,Level 2,108,87,79,6,2,21
S01011128,Level 3,58,46,40,5,1,12
S01011128,Level 4 and above,97,78,64,8,6,19
S01011129,All people aged 16 and over,771,514,440,51,23,257
S01011129,No qualifications,130,38,22,13,3,92
S01011129,Level 1,150,106,92,7,7,44
S01011129,Level 2,105,80,70,4,6,25
S01011129,Level 3,97,77,66,10,1,20
S01011129,Level 4 and above,289,213,190,17,6,76
S01011130,All people aged 16 and over,498,294,253,22,19,204
S01011130,No qualifications,165,44,34,5,5,121
S01011130,Level 1,131,95,78,8,9,36
S01011130,Level 2,70,55,53,1,1,15
S01011130,Level 3,51,39,33,4,2,12
S01011130,Level 4 and above,81,61,55,4,2,20
S01011131,All people aged 16 and over,565,382,325,28,29,183
S01011131,No qualifications,130,43,33,4,6,87
S01011131,Level 1,121,91,71,12,8,30
S01011131,Level 2,88,69,59,2,8,19
S01011131,Level 3,64,52,49,1,2,12
S01011131,Level 4 and above,162,127,113,9,5,35
S01011132,All people aged 16 and over,745,490,412,55,23,255
S01011132,No qualifications,123,27,21,4,2,96
S01011132,Level 1,169,119,91,19,9,50
S01011132,Level 2,115,94,82,9,3,21
S01011132,Level 3,110,92,80,7,5,18
S01011132,Level 4 and above,228,158,138,16,4,70
S01011133,All people aged 16 and over,375,238,194,25,19,137
S01011133,No qualifications,127,44,36,5,3,83
S01011133,Level 1,100,77,66,4,7,23
S01011133,Level 2,53,42,39,2,1,11
S01011133,Level 3,32,27,19,5,3,5
S01011133,Level 4 and above,63,48,34,9,5,15
S01011134,All people aged 16 and over,665,417,351,50,16,248
S01011134,No qualifications,190,49,39,8,2,141
S01011134,Level 1,160,120,100,13,7,40
S01011134,Level 2,92,79,67,9,3,13
S01011134,Level 3,87,77,68,8,1,10
S01011134,Level 4 and above,136,92,77,12,3,44
S01011135,All people aged 16 and over,633,415,343,37,35,218
S01011135,No qualifications,210,86,72,9,5,124
S01011135,Level 1,192,153,124,15,14,39
S01011135,Level 2,78,62,57,3,2,16
S01011135,Level 3,63,47,38,4,5,16
S01011135,Level 4 and above,90,67,52,6,9,23
S01011136,All people aged 16 and over,563,351,300,29,22,212
S01011136,No qualifications,151,48,39,6,3,103
S01011136,Level 1,130,91,78,5,8,39
S01011136,Level 2,98,83,71,5,7,15
S01011136,Level 3,42,34,29,4,1,8
S01011136,Level 4 and above,142,95,83,9,3,47
S01011137,All people aged 16 and over,369,266,210,31,25,103
S01011137,No qualifications,67,34,24,4,6,33
S01011137,Level 1,99,79,63,9,7,20
S01011137,Level 2,62,50,41,4,5,12
S01011137,Level 3,39,35,26,4,5,4
S01011137,Level 4 and above,102,68,56,10,2,34
S01011138,All people aged 16 and over,482,365,308,28,29,117
S01011138,No qualifications,126,59,46,7,6,67
S01011138,Level 1,157,130,114,8,8,27
S01011138,Level 2,75,66,52,5,9,9
S01011138,Level 3,70,64,56,4,4,6
S01011138,Level 4 and above,54,46,40,4,2,8
S01011139,All people aged 16 and over,1117,1011,954,27,30,106
S01011139,No qualifications,54,30,26,2,2,24
S01011139,Level 1,340,301,276,9,16,39
S01011139,Level 2,351,332,323,5,4,19
S01011139,Level 3,113,104,94,6,4,9
S01011139,Level 4 and above,259,244,235,5,4,15
S01011140,All people aged 16 and over,428,303,256,22,25,125
S01011140,No qualifications,111,49,38,7,4,62
S01011140,Level 1,124,96,73,9,14,28
S01011140,Level 2,66,55,50,2,3,11
S01011140,Level 3,56,52,47,1,4,4
S01011140,Level 4 and above,71,51,48,3,0,20
S01011141,All people aged 16 and over,435,316,266,14,36,119
S01011141,No qualifications,109,43,37,3,3,66
S01011141,Level 1,148,127,98,6,23,21
S01011141,Level 2,61,51,46,1,4,10
S01011141,Level 3,51,45,39,1,5,6
S01011141,Level 4 and above,66,50,46,3,1,16
S01011142,All people aged 16 and over,932,476,376,65,35,456
S01011142,No qualifications,134,44,26,11,7,90
S01011142,Level 1,248,88,66,11,11,160
S01011142,Level 2,185,81,67,8,6,104
S01011142,Level 3,99,75,61,10,4,24
S01011142,Level 4 and above,266,188,156,25,7,78
S01011143,All people aged 16 and over,780,478,410,50,18,302
S01011143,No qualifications,149,36,30,5,1,113
S01011143,Level 1,197,132,116,10,6,65
S01011143,Level 2,124,83,74,7,2,41
S01011143,Level 3,72,57,47,7,3,15
S01011143,Level 4 and above,238,170,143,21,6,68
S01011144,All people aged 16 and over,597,386,327,43,16,211
S01011144,No qualifications,146,47,38,5,4,99
S01011144,Level 1,141,89,75,9,5,52
S01011144,Level 2,74,61,49,8,4,13
S01011144,Level 3,66,54,47,7,0,12
S01011144,Level 4 and above,170,135,118,14,3,35
S01011145,All people aged 16 and over,541,359,291,47,21,182
S01011145,No qualifications,108,41,33,6,2,67
S01011145,Level 1,102,72,57,7,8,30
S01011145,Level 2,65,52,47,3,2,13
S01011145,Level 3,59,46,39,6,1,13
S01011145,Level 4 and above,207,148,115,25,8,59
S01011146,All people aged 16 and over,586,379,308,38,33,207
S01011146,No qualifications,133,48,36,6,6,85
S01011146,Level 1,161,121,100,8,13,40
S01011146,Level 2,82,53,43,5,5,29
S01011146,Level 3,77,53,43,6,4,24
S01011146,Level 4 and above,133,104,86,13,5,29
S01011147,All people aged 16 and over,841,573,477,54,42,268
S01011147,No qualifications,186,67,50,9,8,119
S01011147,Level 1,212,162,139,9,14,50
S01011147,Level 2,137,111,91,12,8,26
S01011147,Level 3,102,80,68,8,4,22
S01011147,Level 4 and above,204,153,129,16,8,51
S01011148,All people aged 16 and over,652,446,323,104,19,206
S01011148,No qualifications,142,55,34,16,5,87
S01011148,Level 1,143,105,73,24,8,38
S01011148,Level 2,87,67,53,12,2,20
S01011148,Level 3,57,45,29,14,2,12
S01011148,Level 4 and above,223,174,134,38,2,49
S01011149,All people aged 16 and over,701,558,457,89,12,143
S01011149,No qualifications,63,31,23,7,1,32
S01011149,Level 1,166,128,106,16,6,38
S01011149,Level 2,141,126,112,14,0,15
S01011149,Level 3,66,55,49,6,0,11
S01011149,Level 4 and above,265,218,167,46,5,47
S01011150,All people aged 16 and over,319,263,238,9,16,56
S01011150,No qualifications,19,10,7,0,3,9
S01011150,Level 1,100,77,68,3,6,23
S01011150,Level 2,45,37,34,1,2,8
S01011150,Level 3,54,50,49,1,0,4
S01011150,Level 4 and above,101,89,80,4,5,12
S01011151,All people aged 16 and over,429,312,248,28,36,117
S01011151,No qualifications,65,29,15,7,7,36
S01011151,Level 1,109,74,59,4,11,35
S01011151,Level 2,93,76,65,3,8,17
S01011151,Level 3,51,41,36,1,4,10
S01011151,Level 4 and above,111,92,73,13,6,19
S01011152,All people aged 16 and over,589,353,242,91,20,236
S01011152,No qualifications,88,19,15,1,3,69
S01011152,Level 1,103,70,56,9,5,33
S01011152,Level 2,74,53,39,12,2,21
S01011152,Level 3,64,45,32,10,3,19
S01011152,Level 4 and above,260,166,100,59,7,94
S01011153,All people aged 16 and over,748,430,324,62,44,318
S01011153,No qualifications,191,57,40,6,11,134
S01011153,Level 1,182,132,99,15,18,50
S01011153,Level 2,107,70,57,7,6,37
S01011153,Level 3,57,41,28,8,5,16
S01011153,Level 4 and above,211,130,100,26,4,81
S01011154,All people aged 16 and over,495,282,210,38,34,213
S01011154,No qualifications,186,54,41,4,9,132
S01011154,Level 1,107,81,54,10,17,26
S01011154,Level 2,72,55,43,9,3,17
S01011154,Level 3,33,25,18,4,3,8
S01011154,Level 4 and above,97,67,54,11,2,30
S01011155,All people aged 16 and over,556,306,239,35,32,250
S01011155,No qualifications,174,46,36,4,6,128
S01011155,Level 1,125,91,68,12,11,34
S01011155,Level 2,80,56,45,5,6,24
S01011155,Level 3,35,26,19,3,4,9
S01011155,Level 4 and above,142,87,71,11,5,55
S01011156,All people aged 16 and over,488,324,280,27,17,164
S01011156,No qualifications,88,30,20,6,4,58
S01011156,Level 1,134,90,77,9,4,44
S01011156,Level 2,72,54,47,5,2,18
S01011156,Level 3,76,64,59,2,3,12
S01011156,Level 4 and above,118,86,77,5,4,32
S01011157,All people aged 16 and over,514,318,275,30,13,196
S01011157,No qualifications,107,27,20,4,3,80
S01011157,Level 1,124,91,81,6,4,33
S01011157,Level 2,84,68,56,8,4,16
S01011157,Level 3,61,43,38,4,1,18
S01011157,Level 4 and above,138,89,80,8,1,49
S01011158,All people aged 16 and over,446,242,189,39,14,204
S01011158,No qualifications,83,18,11,5,2,65
S01011158,Level 1,72,47,34,7,6,25
S01011158,Level 2,50,29,24,2,3,21
S01011158,Level 3,39,27,22,2,3,12
S01011158,Level 4 and above,202,121,98,23,0,81
S01011159,All people aged 16 and over,471,241,209,14,18,230
S01011159,No qualifications,182,50,43,2,5,132
S01011159,Level 1,115,66,61,1,4,49
S01011159,Level 2,64,49,43,2,4,15
S01011159,Level 3,35,28,24,1,3,7
S01011159,Level 4 and above,75,48,38,8,2,27
S01011160,All people aged 16 and over,746,517,436,44,37,229
S01011160,No qualifications,179,78,59,12,7,101
S01011160,Level 1,195,139,118,7,14,56
S01011160,Level 2,134,108,97,4,7,26
S01011160,Level 3,90,77,65,9,3,13
S01011160,Level 4 and above,148,115,97,12,6,33
S01011161,All people aged 16 and over,496,335,275,28,32,161
S01011161,No qualifications,136,51,46,1,4,85
S01011161,Level 1,180,144,107,15,22,36
S01011161,Level 2,63,46,42,3,1,17
S01011161,Level 3,47,41,35,3,3,6
S01011161,Level 4 and above,70,53,45,6,2,17
S01011162,All people aged 16 and over,366,221,185,16,20,145
S01011162,No qualifications,76,22,15,1,6,54
S01011162,Level 1,128,77,70,3,4,51
S01011162,Level 2,45,35,27,1,7,10
S01011162,Level 3,29,24,22,1,1,5
S01011162,Level 4 and above,88,63,51,10,2,25
S01011163,All people aged 16 and over,671,449,382,24,43,222
S01011163,No qualifications,237,117,94,7,16,120
S01011163,Level 1,193,148,123,7,18,45
S01011163,Level 2,97,74,67,1,6,23
S01011163,Level 3,62,49,45,2,2,13
S01011163,Level 4 and above,82,61,53,7,1,21
S01011164,All people aged 16 and over,590,368,312,31,25,222
S01011164,No qualifications,115,32,22,6,4,83
S01011164,Level 1,179,111,99,7,5,68
S01011164,Level 2,85,59,49,5,5,26
S01011164,Level 3,69,55,45,4,6,14
S01011164,Level 4 and above,142,111,97,9,5,31
S01011165,All people aged 16 and over,624,363,282,32,49,261
S01011165,No qualifications,236,84,66,4,14,152
S01011165,Level 1,185,138,102,11,25,47
S01011165,Level 2,67,46,36,6,4,21
S01011165,Level 3,56,37,30,4,3,19
S01011165,Level 4 and above,80,58,48,7,3,22
S01011166,All people aged 16 and over,434,245,202,33,10,189
S01011166,No qualifications,100,25,18,6,1,75
S01011166,Level 1,84,50,42,6,2,34
S01011166,Level 2,59,46,39,5,2,13
S01011166,Level 3,43,26,23,3,0,17
S01011166,Level 4 and above,148,98,80,13,5,50
S01011167,All people aged 16 and over,641,372,276,87,9,269
S01011167,No qualifications,138,42,20,20,2,96
S01011167,Level 1,119,67,50,14,3,52
S01011167,Level 2,78,60,45,13,2,18
S01011167,Level 3,35,27,20,6,1,8
S01011167,Level 4 and above,271,176,141,34,1,95
S01011168,All people aged 16 and over,707,458,297,135,26,249
S01011168,No qualifications,142,68,37,29,2,74
S01011168,Level 1,175,121,83,29,9,54
S01011168,Level 2,105,64,40,19,5,41
S01011168,Level 3,71,52,37,14,1,19
S01011168,Level 4 and above,214,153,100,44,9,61
S01011169,All people aged 16 and over,706,551,476,47,28,155
S01011169,No qualifications,74,32,20,6,6,42
S01011169,Level 1,188,141,116,11,14,47
S01011169,Level 2,144,125,113,8,4,19
S01011169,Level 3,95,85,77,6,2,10
S01011169,Level 4 and above,205,168,150,16,2,37
S01011170,All people aged 16 and over,756,471,358,76,37,285
S01011170,No qualifications,153,50,35,7,8,103
S01011170,Level 1,161,107,81,16,10,54
S01011170,Level 2,107,80,60,12,8,27
S01011170,Level 3,89,66,43,18,5,23
S01011170,Level 4 and above,246,168,139,23,6,78
S01011171,All people aged 16 and over,789,496,333,134,29,293
S01011171,No qualifications,155,56,31,19,6,99
S01011171,Level 1,152,115,79,25,11,37
S01011171,Level 2,129,96,70,25,1,33
S01011171,Level 3,69,54,35,14,5,15
S01011171,Level 4 and above,284,175,118,51,6,109
S01011172,All people aged 16 and over,647,379,238,118,23,268
S01011172,No qualifications,127,51,28,21,2,76
S01011172,Level 1,119,80,53,20,7,39
S01011172,Level 2,99,67,42,17,8,32
S01011172,Level 3,64,48,35,13,0,16
S01011172,Level 4 and above,238,133,80,47,6,105
S01011173,All people aged 16 and over,507,250,155,84,11,257
S01011173,No qualifications,93,23,14,8,1,70
S01011173,Level 1,94,50,30,16,4,44
S01011173,Level 2,69,42,26,13,3,27
S01011173,Level 3,44,33,21,12,0,11
S01011173,Level 4 and above,207,102,64,35,3,105
S01011174,All people aged 16 and over,408,200,128,62,10,208
S01011174,No qualifications,97,26,13,12,1,71
S01011174,Level 1,66,39,27,10,2,27
S01011174,Level 2,55,36,23,12,1,19
S01011174,Level 3,39,29,18,8,3,10
S01011174,Level 4 and above,151,70,47,20,3,81
S01011175,All people aged 16 and over,439,239,181,38,20,200
S01011175,No qualifications,129,38,30,4,4,91
S01011175,Level 1,112,70,48,9,13,42
S01011175,Level 2,66,49,36,11,2,17
S01011175,Level 3,37,26,23,3,0,11
S01011175,Level 4 and above,95,56,44,11,1,39
S01011176,All people aged 16 and over,496,236,159,68,9,260
S01011176,No qualifications,103,31,21,9,1,72
S01011176,Level 1,94,46,32,12,2,48
S01011176,Level 2,84,54,35,15,4,30
S01011176,Level 3,46,35,24,10,1,11
S01011176,Level 4 and above,169,70,47,22,1,99
S01011177,All people aged 16 and over,741,446,334,96,16,295
S01011177,No qualifications,145,46,34,10,2,99
S01011177,Level 1,163,108,85,20,3,55
S01011177,Level 2,101,72,57,12,3,29
S01011177,Level 3,86,73,55,16,2,13
S01011177,Level 4 and above,246,147,103,38,6,99
S01011178,All people aged 16 and over,394,251,193,28,30,143
S01011178,No qualifications,109,42,29,7,6,67
S01011178,Level 1,108,75,53,7,15,33
S01011178,Level 2,56,44,33,6,5,12
S01011178,Level 3,44,37,32,4,1,7
S01011178,Level 4 and above,77,53,46,4,3,24
S01011179,All people aged 16 and over,509,316,253,28,35,193
S01011179,No qualifications,223,100,73,9,18,123
S01011179,Level 1,127,93,75,11,7,34
S01011179,Level 2,53,43,31,6,6,10
S01011179,Level 3,62,51,46,1,4,11
S01011179,Level 4 and above,44,29,28,1,0,15
S01011180,All people aged 16 and over,540,282,203,19,60,258
S01011180,No qualifications,258,92,74,4,14,166
S01011180,Level 1,150,108,70,5,33,42
S01011180,Level 2,55,37,30,2,5,18
S01011180,Level 3,33,20,12,2,6,13
S01011180,Level 4 and above,44,25,17,6,2,19
S01011181,All people aged 16 and over,401,263,166,90,7,138
S01011181,No qualifications,112,49,24,25,0,63
S01011181,Level 1,90,61,32,26,3,29
S01011181,Level 2,52,40,21,17,2,12
S01011181,Level 3,38,32,26,5,1,6
S01011181,Level 4 and above,109,81,63,17,1,28
S01011182,All people aged 16 and over,349,232,165,56,11,117
S01011182,No qualifications,105,45,22,21,2,60
S01011182,Level 1,69,49,35,13,1,20
S01011182,Level 2,57,40,34,4,2,17
S01011182,Level 3,37,33,24,5,4,4
S01011182,Level 4 and above,81,65,50,13,2,16
S01011183,All people aged 16 and over,475,296,223,42,31,179
S01011183,No qualifications,156,60,29,16,15,96
S01011183,Level 1,99,66,48,9,9,33
S01011183,Level 2,57,38,33,4,1,19
S01011183,Level 3,69,56,50,4,2,13
S01011183,Level 4 and above,94,76,63,9,4,18
S01011184,All people aged 16 and over,650,451,382,46,23,199
S01011184,No qualifications,102,43,31,10,2,59
S01011184,Level 1,140,96,75,11,10,44
S01011184,Level 2,112,83,68,9,6,29
S01011184,Level 3,87,78,70,7,1,9
S01011184,Level 4 and above,209,151,138,9,4,58
S01011185,All people aged 16 and over,600,341,291,30,20,259
S01011185,No qualifications,167,43,34,8,1,124
S01011185,Level 1,153,97,81,6,10,56
S01011185,Level 2,83,62,58,1,3,21
S01011185,Level 3,64,43,39,2,2,21
S01011185,Level 4 and above,133,96,79,13,4,37
S01011186,All people aged 16 and over,790,417,351,37,29,373
S01011186,No qualifications,312,71,57,10,4,241
S01011186,Level 1,173,120,94,13,13,53
S01011186,Level 2,93,66,56,6,4,27
S01011186,Level 3,82,64,59,1,4,18
S01011186,Level 4 and above,130,96,85,7,4,34
S01011187,All people aged 16 and over,599,371,325,21,25,228
S01011187,No qualifications,132,36,26,6,4,96
S01011187,Level 1,144,97,81,7,9,47
S01011187,Level 2,112,86,76,5,5,26
S01011187,Level 3,75,54,49,1,4,21
S01011187,Level 4 and above,136,98,93,2,3,38
S01011188,All people aged 16 and over,785,464,390,33,41,321
S01011188,No qualifications,254,89,71,9,9,165
S01011188,Level 1,232,159,127,13,19,73
S01011188,Level 2,95,62,59,1,2,33
S01011188,Level 3,97,74,64,5,5,23
S01011188,Level 4 and above,107,80,69,5,6,27
S01011189,All people aged 16 and over,706,441,364,37,40,265
S01011189,No qualifications,225,59,44,7,8,166
S01011189,Level 1,181,136,111,13,12,45
S01011189,Level 2,77,62,50,5,7,15
S01011189,Level 3,94,77,68,2,7,17
S01011189,Level 4 and above,129,107,91,10,6,22
S01011190,All people aged 16 and over,525,293,227,37,29,232
S01011190,No qualifications,193,58,39,13,6,135
S01011190,Level 1,156,102,76,11,15,54
S01011190,Level 2,57,36,27,6,3,21
S01011190,Level 3,54,45,40,3,2,9
S01011190,Level 4 and above,65,52,45,4,3,13
S01011191,All people aged 16 and over,436,267,222,19,26,169
S01011191,No qualifications,180,63,51,6,6,117
S01011191,Level 1,110,84,72,5,7,26
S01011191,Level 2,59,49,43,3,3,10
S01011191,Level 3,41,37,29,1,7,4
S01011191,Level 4 and above,46,34,27,4,3,12
S01011192,All people aged 16 and over,554,378,317,19,42,176
S01011192,No qualifications,177,94,84,2,8,83
S01011192,Level 1,170,129,101,8,20,41
S01011192,Level 2,77,54,48,2,4,23
S01011192,Level 3,56,47,35,6,6,9
S01011192,Level 4 and above,74,54,49,1,4,20
S01011193,All people aged 16 and over,540,333,274,13,46,207
S01011193,No qualifications,172,74,61,5,8,98
S01011193,Level 1,181,112,91,3,18,69
S01011193,Level 2,67,48,41,2,5,19
S01011193,Level 3,57,47,37,1,9,10
S01011193,Level 4 and above,63,52,44,2,6,11
S01011194,All people aged 16 and over,553,352,255,20,77,201
S01011194,No qualifications,177,92,56,8,28,85
S01011194,Level 1,177,114,77,4,33,63
S01011194,Level 2,80,54,48,1,5,26
S01011194,Level 3,65,50,39,3,8,15
S01011194,Level 4 and above,54,42,35,4,3,12
S01011195,All people aged 16 and over,588,403,336,16,51,185
S01011195,No qualifications,174,80,67,7,6,94
S01011195,Level 1,192,151,119,2,30,41
S01011195,Level 2,72,53,47,1,5,19
S01011195,Level 3,82,60,50,2,8,22
S01011195,Level 4 and above,68,59,53,4,2,9
S01011196,All people aged 16 and over,704,416,329,29,58,288
S01011196,No qualifications,257,97,79,4,14,160
S01011196,Level 1,207,142,104,11,27,65
S01011196,Level 2,79,61,48,4,9,18
S01011196,Level 3,69,53,42,5,6,16
S01011196,Level 4 and above,92,63,56,5,2,29
S01011197,All people aged 16 and over,657,371,282,32,57,286
S01011197,No qualifications,225,84,58,9,17,141
S01011197,Level 1,222,139,100,16,23,83
S01011197,Level 2,65,46,39,1,6,19
S01011197,Level 3,69,49,41,3,5,20
S01011197,Level 4 and above,76,53,44,3,6,23
S01011198,All people aged 16 and over,486,305,233,31,41,181
S01011198,No qualifications,163,71,53,6,12,92
S01011198,Level 1,160,105,74,10,21,55
S01011198,Level 2,52,38,32,4,2,14
S01011198,Level 3,56,50,41,5,4,6
S01011198,Level 4 and above,55,41,33,6,2,14
S01011199,All people aged 16 and over,639,415,333,34,48,224
S01011199,No qualifications,194,78,59,7,12,116
S01011199,Level 1,171,119,90,14,15,52
S01011199,Level 2,85,65,59,2,4,20
S01011199,Level 3,97,81,65,7,9,16
S01011199,Level 4 and above,92,72,60,4,8,20
S01011200,All people aged 16 and over,620,389,326,30,33,231
S01011200,No qualifications,206,77,62,9,6,129
S01011200,Level 1,156,114,87,13,14,42
S01011200,Level 2,79,61,53,4,4,18
S01011200,Level 3,89,67,59,3,5,22
S01011200,Level 4 and above,90,70,65,1,4,20
S01011201,All people aged 16 and over,508,324,272,26,26,184
S01011201,No qualifications,157,41,36,3,2,116
S01011201,Level 1,136,102,80,9,13,34
S01011201,Level 2,83,64,51,7,6,19
S01011201,Level 3,57,50,42,5,3,7
S01011201,Level 4 and above,75,67,63,2,2,8
S01011202,All people aged 16 and over,689,429,350,28,51,260
S01011202,No qualifications,250,81,61,9,11,169
S01011202,Level 1,170,124,97,5,22,46
S01011202,Level 2,86,68,55,4,9,18
S01011202,Level 3,88,75,62,7,6,13
S01011202,Level 4 and above,95,81,75,3,3,14
S01011203,All people aged 16 and over,664,423,360,24,39,241
S01011203,No qualifications,209,60,50,5,5,149
S01011203,Level 1,180,131,111,4,16,49
S01011203,Level 2,84,75,66,4,5,9
S01011203,Level 3,82,65,53,4,8,17
S01011203,Level 4 and above,109,92,80,7,5,17
S01011204,All people aged 16 and over,474,312,269,27,16,162
S01011204,No qualifications,92,27,21,3,3,65
S01011204,Level 1,116,88,70,12,6,28
S01011204,Level 2,75,55,50,3,2,20
S01011204,Level 3,56,46,41,2,3,10
S01011204,Level 4 and above,135,96,87,7,2,39
S01011205,All people aged 16 and over,496,419,359,33,27,77
S01011205,No qualifications,61,44,31,8,5,17
S01011205,Level 1,123,95,77,9,9,28
S01011205,Level 2,82,71,64,4,3,11
S01011205,Level 3,82,76,67,4,5,6
S01011205,Level 4 and above,148,133,120,8,5,15
S01011206,All people aged 16 and over,567,441,357,41,43,126
S01011206,No qualifications,102,51,33,13,5,51
S01011206,Level 1,137,108,80,11,17,29
S01011206,Level 2,93,82,63,8,11,11
S01011206,Level 3,80,64,58,1,5,16
S01011206,Level 4 and above,155,136,123,8,5,19
S01011207,All people aged 16 and over,622,378,325,30,23,244
S01011207,No qualifications,176,48,34,8,6,128
S01011207,Level 1,150,96,82,5,9,54
S01011207,Level 2,94,66,61,3,2,28
S01011207,Level 3,65,58,47,7,4,7
S01011207,Level 4 and above,137,110,101,7,2,27
S01011208,All people aged 16 and over,728,556,479,46,31,172
S01011208,No qualifications,137,63,49,11,3,74
S01011208,Level 1,175,135,112,13,10,40
S01011208,Level 2,121,102,87,7,8,19
S01011208,Level 3,120,107,95,7,5,13
S01011208,Level 4 and above,175,149,136,8,5,26
S01011209,All people aged 16 and over,514,316,256,20,40,198
S01011209,No qualifications,156,49,42,1,6,107
S01011209,Level 1,139,100,78,7,15,39
S01011209,Level 2,79,62,48,5,9,17
S01011209,Level 3,56,45,40,1,4,11
S01011209,Level 4 and above,84,60,48,6,6,24
S01011210,All people aged 16 and over,602,390,300,68,22,212
S01011210,No qualifications,103,43,27,14,2,60
S01011210,Level 1,141,82,62,14,6,59
S01011210,Level 2,92,65,49,10,6,27
S01011210,Level 3,74,57,43,10,4,17
S01011210,Level 4 and above,192,143,119,20,4,49
S01011211,All people aged 16 and over,547,411,349,31,31,136
S01011211,No qualifications,121,61,47,6,8,60
S01011211,Level 1,136,98,74,7,17,38
S01011211,Level 2,84,72,65,7,0,12
S01011211,Level 3,68,62,53,6,3,6
S01011211,Level 4 and above,138,118,110,5,3,20
S01011212,All people aged 16 and over,419,251,205,21,25,168
S01011212,No qualifications,178,67,56,7,4,111
S01011212,Level 1,118,83,63,6,14,35
S01011212,Level 2,51,46,37,3,6,5
S01011212,Level 3,40,32,30,2,0,8
S01011212,Level 4 and above,32,23,19,3,1,9
S01011213,All people aged 16 and over,815,497,394,23,80,318
S01011213,No qualifications,297,119,90,7,22,178
S01011213,Level 1,233,162,117,8,37,71
S01011213,Level 2,98,68,62,2,4,30
S01011213,Level 3,85,70,59,2,9,15
S01011213,Level 4 and above,102,78,66,4,8,24
S01011214,All people aged 16 and over,729,375,289,24,62,354
S01011214,No qualifications,295,96,70,4,22,199
S01011214,Level 1,195,111,82,7,22,84
S01011214,Level 2,82,53,43,2,8,29
S01011214,Level 3,81,62,53,4,5,19
S01011214,Level 4 and above,76,53,41,7,5,23
S01011215,All people aged 16 and over,459,260,187,14,59,199
S01011215,No qualifications,175,54,36,4,14,121
S01011215,Level 1,145,102,68,2,32,43
S01011215,Level 2,53,35,25,2,8,18
S01011215,Level 3,49,38,30,5,3,11
S01011215,Level 4 and above,37,31,28,1,2,6
S01011216,All people aged 16 and over,376,235,168,16,51,141
S01011216,No qualifications,124,43,26,3,14,81
S01011216,Level 1,134,102,71,6,25,32
S01011216,Level 2,37,30,24,3,3,7
S01011216,Level 3,49,37,26,3,8,12
S01011216,Level 4 and above,32,23,21,1,1,9
S01011217,All people aged 16 and over,643,384,271,26,87,259
S01011217,No qualifications,234,87,58,7,22,147
S01011217,Level 1,188,132,80,4,48,56
S01011217,Level 2,79,60,48,5,7,19
S01011217,Level 3,60,46,38,4,4,14
S01011217,Level 4 and above,82,59,47,6,6,23
S01011218,All people aged 16 and over,504,281,198,16,67,223
S01011218,No qualifications,208,63,39,3,21,145
S01011218,Level 1,160,112,72,3,37,48
S01011218,Level 2,50,40,31,5,4,10
S01011218,Level 3,47,36,31,1,4,11
S01011218,Level 4 and above,39,30,25,4,1,9
S01011219,All people aged 16 and over,644,376,289,28,59,268
S01011219,No qualifications,266,97,67,7,23,169
S01011219,Level 1,214,155,116,12,27,59
S01011219,Level 2,61,44,38,4,2,17
S01011219,Level 3,57,41,35,3,3,16
S01011219,Level 4 and above,46,39,33,2,4,7
S01011220,All people aged 16 and over,737,421,336,29,56,316
S01011220,No qualifications,293,89,65,8,16,204
S01011220,Level 1,194,136,107,6,23,58
S01011220,Level 2,81,61,52,2,7,20
S01011220,Level 3,86,65,51,6,8,21
S01011220,Level 4 and above,83,70,61,7,2,13
S01011221,All people aged 16 and over,767,485,399,31,55,282
S01011221,No qualifications,272,100,79,9,12,172
S01011221,Level 1,209,155,126,8,21,54
S01011221,Level 2,111,85,73,3,9,26
S01011221,Level 3,87,76,63,3,10,11
S01011221,Level 4 and above,88,69,58,8,3,19
S01011222,All people aged 16 and over,555,318,257,19,42,237
S01011222,No qualifications,229,78,62,7,9,151
S01011222,Level 1,138,98,76,3,19,40
S01011222,Level 2,62,45,37,3,5,17
S01011222,Level 3,58,50,41,2,7,8
S01011222,Level 4 and above,68,47,41,4,2,21
S01011223,All people aged 16 and over,646,407,331,36,40,239
S01011223,No qualifications,210,62,42,10,10,148
S01011223,Level 1,187,147,118,9,20,40
S01011223,Level 2,87,70,60,6,4,17
S01011223,Level 3,61,53,49,3,1,8
S01011223,Level 4 and above,101,75,62,8,5,26
S01011224,All people aged 16 and over,598,308,240,28,40,290
S01011224,No qualifications,278,86,65,10,11,192
S01011224,Level 1,133,87,66,5,16,46
S01011224,Level 2,65,46,36,4,6,19
S01011224,Level 3,53,39,34,3,2,14
S01011224,Level 4 and above,69,50,39,6,5,19
S01011225,All people aged 16 and over,564,317,235,21,61,247
S01011225,No qualifications,227,80,54,11,15,147
S01011225,Level 1,148,98,72,4,22,50
S01011225,Level 2,59,40,33,0,7,19
S01011225,Level 3,56,44,34,3,7,12
S01011225,Level 4 and above,74,55,42,3,10,19
S01011226,All people aged 16 and over,858,452,367,46,39,406
S01011226,No qualifications,282,68,50,12,6,214
S01011226,Level 1,181,111,82,13,16,70
S01011226,Level 2,131,95,79,8,8,36
S01011226,Level 3,91,67,58,3,6,24
S01011226,Level 4 and above,173,111,98,10,3,62
S01011227,All people aged 16 and over,603,366,282,39,45,237
S01011227,No qualifications,187,72,47,12,13,115
S01011227,Level 1,123,78,58,6,14,45
S01011227,Level 2,79,60,46,4,10,19
S01011227,Level 3,63,43,33,5,5,20
S01011227,Level 4 and above,151,113,98,12,3,38
S01011228,All people aged 16 and over,674,357,289,20,48,317
S01011228,No qualifications,242,56,47,3,6,186
S01011228,Level 1,172,117,88,6,23,55
S01011228,Level 2,85,56,48,4,4,29
S01011228,Level 3,72,60,50,3,7,12
S01011228,Level 4 and above,103,68,56,4,8,35
S01011229,All people aged 16 and over,445,212,149,18,45,233
S01011229,No qualifications,190,44,29,1,14,146
S01011229,Level 1,106,61,36,4,21,45
S01011229,Level 2,44,28,23,1,4,16
S01011229,Level 3,42,33,24,5,4,9
S01011229,Level 4 and above,63,46,37,7,2,17
S01011230,All people aged 16 and over,825,365,235,26,104,460
S01011230,No qualifications,430,115,73,6,36,315
S01011230,Level 1,206,119,77,4,38,87
S01011230,Level 2,70,46,31,5,10,24
S01011230,Level 3,63,50,34,7,9,13
S01011230,Level 4 and above,56,35,20,4,11,21
S01011231,All people aged 16 and over,503,243,196,13,34,260
S01011231,No qualifications,240,57,45,2,10,183
S01011231,Level 1,120,80,58,6,16,40
S01011231,Level 2,47,34,28,1,5,13
S01011231,Level 3,49,36,33,1,2,13
S01011231,Level 4 and above,47,36,32,3,1,11
S01011232,All people aged 16 and over,821,515,389,60,66,306
S01011232,No qualifications,268,89,58,13,18,179
S01011232,Level 1,188,124,87,13,24,64
S01011232,Level 2,86,60,42,7,11,26
S01011232,Level 3,118,108,89,11,8,10
S01011232,Level 4 and above,161,134,113,16,5,27
S01011233,All people aged 16 and over,311,144,107,12,25,167
S01011233,No qualifications,101,19,13,3,3,82
S01011233,Level 1,89,45,31,1,13,44
S01011233,Level 2,45,25,22,1,2,20
S01011233,Level 3,31,25,17,2,6,6
S01011233,Level 4 and above,45,30,24,5,1,15
S01011234,All people aged 16 and over,788,450,339,25,86,338
S01011234,No qualifications,278,101,71,9,21,177
S01011234,Level 1,233,143,97,4,42,90
S01011234,Level 2,89,62,55,2,5,27
S01011234,Level 3,92,69,52,7,10,23
S01011234,Level 4 and above,96,75,64,3,8,21
S01011235,All people aged 16 and over,311,151,107,14,30,160
S01011235,No qualifications,138,37,20,3,14,101
S01011235,Level 1,71,45,31,5,9,26
S01011235,Level 2,36,25,18,3,4,11
S01011235,Level 3,28,19,15,1,3,9
S01011235,Level 4 and above,38,25,23,2,0,13
S01011236,All people aged 16 and over,476,275,219,19,37,201
S01011236,No qualifications,180,51,38,5,8,129
S01011236,Level 1,129,86,65,7,14,43
S01011236,Level 2,53,40,30,0,10,13
S01011236,Level 3,34,32,28,2,2,2
S01011236,Level 4 and above,80,66,58,5,3,14
S01011237,All people aged 16 and over,596,347,257,20,70,249
S01011237,No qualifications,212,54,41,6,7,158
S01011237,Level 1,174,125,76,5,44,49
S01011237,Level 2,70,53,38,5,10,17
S01011237,Level 3,69,57,53,1,3,12
S01011237,Level 4 and above,71,58,49,3,6,13
S01011238,All people aged 16 and over,516,298,195,21,82,218
S01011238,No qualifications,206,66,34,6,26,140
S01011238,Level 1,148,106,66,7,33,42
S01011238,Level 2,49,36,22,4,10,13
S01011238,Level 3,50,39,30,1,8,11
S01011238,Level 4 and above,63,51,43,3,5,12
S01011239,All people aged 16 and over,628,324,228,28,68,304
S01011239,No qualifications,271,67,41,6,20,204
S01011239,Level 1,156,112,78,7,27,44
S01011239,Level 2,71,56,42,4,10,15
S01011239,Level 3,61,49,39,5,5,12
S01011239,Level 4 and above,69,40,28,6,6,29
S01011240,All people aged 16 and over,633,333,224,26,83,300
S01011240,No qualifications,255,69,34,6,29,186
S01011240,Level 1,147,100,58,6,36,47
S01011240,Level 2,74,51,38,4,9,23
S01011240,Level 3,62,45,34,6,5,17
S01011240,Level 4 and above,95,68,60,4,4,27
S01011241,All people aged 16 and over,914,473,349,59,65,441
S01011241,No qualifications,345,82,48,16,18,263
S01011241,Level 1,196,127,94,11,22,69
S01011241,Level 2,111,65,56,5,4,46
S01011241,Level 3,94,74,54,8,12,20
S01011241,Level 4 and above,168,125,97,19,9,43
S01011242,All people aged 16 and over,681,334,265,33,36,347
S01011242,No qualifications,235,50,34,7,9,185
S01011242,Level 1,149,80,58,8,14,69
S01011242,Level 2,94,64,54,4,6,30
S01011242,Level 3,82,64,51,9,4,18
S01011242,Level 4 and above,121,76,68,5,3,45
S01011243,All people aged 16 and over,757,391,259,24,108,366
S01011243,No qualifications,307,90,51,5,34,217
S01011243,Level 1,197,129,76,6,47,68
S01011243,Level 2,74,52,41,4,7,22
S01011243,Level 3,80,63,48,1,14,17
S01011243,Level 4 and above,99,57,43,8,6,42
S01011244,All people aged 16 and over,576,337,231,15,91,239
S01011244,No qualifications,209,64,39,3,22,145
S01011244,Level 1,149,103,65,1,37,46
S01011244,Level 2,76,53,39,3,11,23
S01011244,Level 3,69,58,42,5,11,11
S01011244,Level 4 and above,73,59,46,3,10,14
S01011245,All people aged 16 and over,720,386,275,30,81,334
S01011245,No qualifications,296,87,59,7,21,209
S01011245,Level 1,193,121,77,8,36,72
S01011245,Level 2,69,49,38,3,8,20
S01011245,Level 3,80,68,53,5,10,12
S01011245,Level 4 and above,82,61,48,7,6,21
S01011246,All people aged 16 and over,747,471,351,65,55,276
S01011246,No qualifications,193,56,36,14,6,137
S01011246,Level 1,157,107,76,15,16,50
S01011246,Level 2,95,76,50,10,16,19
S01011246,Level 3,101,82,67,8,7,19
S01011246,Level 4 and above,201,150,122,18,10,51
S01011247,All people aged 16 and over,721,365,307,36,22,356
S01011247,No qualifications,201,44,34,8,2,157
S01011247,Level 1,148,81,59,10,12,67
S01011247,Level 2,89,56,51,1,4,33
S01011247,Level 3,84,56,50,4,2,28
S01011247,Level 4 and above,199,128,113,13,2,71
S01011248,All people aged 16 and over,630,404,359,28,17,226
S01011248,No qualifications,184,60,50,5,5,124
S01011248,Level 1,152,111,93,10,8,41
S01011248,Level 2,91,69,66,3,0,22
S01011248,Level 3,76,57,56,1,0,19
S01011248,Level 4 and above,127,107,94,9,4,20
S01011249,All people aged 16 and over,617,404,346,24,34,213
S01011249,No qualifications,138,43,29,6,8,95
S01011249,Level 1,141,99,76,6,17,42
S01011249,Level 2,107,84,75,4,5,23
S01011249,Level 3,94,69,64,3,2,25
S01011249,Level 4 and above,137,109,102,5,2,28
S01011250,All people aged 16 and over,800,520,387,35,98,280
S01011250,No qualifications,261,110,72,9,29,151
S01011250,Level 1,244,172,123,12,37,72
S01011250,Level 2,105,82,62,3,17,23
S01011250,Level 3,97,80,68,5,7,17
S01011250,Level 4 and above,93,76,62,6,8,17
S01011251,All people aged 16 and over,700,429,335,32,62,271
S01011251,No qualifications,241,89,72,5,12,152
S01011251,Level 1,200,140,106,7,27,60
S01011251,Level 2,109,79,63,8,8,30
S01011251,Level 3,79,63,47,8,8,16
S01011251,Level 4 and above,71,58,47,4,7,13
S01011252,All people aged 16 and over,632,382,294,13,75,250
S01011252,No qualifications,239,93,74,1,18,146
S01011252,Level 1,199,134,91,6,37,65
S01011252,Level 2,65,50,43,2,5,15
S01011252,Level 3,82,70,55,4,11,12
S01011252,Level 4 and above,47,35,31,0,4,12
S01011253,All people aged 16 and over,692,386,307,18,61,306
S01011253,No qualifications,288,94,74,5,15,194
S01011253,Level 1,207,150,111,6,33,57
S01011253,Level 2,67,46,39,0,7,21
S01011253,Level 3,73,52,42,6,4,21
S01011253,Level 4 and above,57,44,41,1,2,13
S01011254,All people aged 16 and over,791,566,495,33,38,225
S01011254,No qualifications,183,66,46,12,8,117
S01011254,Level 1,181,140,122,5,13,41
S01011254,Level 2,142,116,107,4,5,26
S01011254,Level 3,107,97,86,6,5,10
S01011254,Level 4 and above,178,147,134,6,7,31
S01011255,All people aged 16 and over,576,451,392,31,28,125
S01011255,No qualifications,76,33,24,3,6,43
S01011255,Level 1,121,98,74,14,10,23
S01011255,Level 2,102,85,77,3,5,17
S01011255,Level 3,98,81,72,3,6,17
S01011255,Level 4 and above,179,154,145,8,1,25
S01011256,All people aged 16 and over,336,263,225,25,13,73
S01011256,No qualifications,45,18,12,4,2,27
S01011256,Level 1,98,77,64,8,5,21
S01011256,Level 2,54,46,38,5,3,8
S01011256,Level 3,56,49,43,3,3,7
S01011256,Level 4 and above,83,73,68,5,0,10
S01011257,All people aged 16 and over,372,175,139,23,13,197
S01011257,No qualifications,96,17,12,4,1,79
S01011257,Level 1,65,34,28,4,2,31
S01011257,Level 2,53,31,26,4,1,22
S01011257,Level 3,41,24,18,2,4,17
S01011257,Level 4 and above,117,69,55,9,5,48
S01011258,All people aged 16 and over,480,287,235,32,20,193
S01011258,No qualifications,103,25,16,7,2,78
S01011258,Level 1,94,59,45,6,8,35
S01011258,Level 2,82,59,56,1,2,23
S01011258,Level 3,56,43,36,3,4,13
S01011258,Level 4 and above,145,101,82,15,4,44
S01011259,All people aged 16 and over,664,365,275,40,50,299
S01011259,No qualifications,250,65,47,6,12,185
S01011259,Level 1,118,89,62,12,15,29
S01011259,Level 2,93,64,51,5,8,29
S01011259,Level 3,82,68,52,5,11,14
S01011259,Level 4 and above,121,79,63,12,4,42
S01011260,All people aged 16 and over,633,337,272,32,33,296
S01011260,No qualifications,167,37,24,8,5,130
S01011260,Level 1,128,87,62,8,17,41
S01011260,Level 2,96,52,42,5,5,44
S01011260,Level 3,89,65,56,4,5,24
S01011260,Level 4 and above,153,96,88,7,1,57
S01011261,All people aged 16 and over,614,357,247,21,89,257
S01011261,No qualifications,246,100,62,3,35,146
S01011261,Level 1,172,118,80,5,33,54
S01011261,Level 2,64,45,30,8,7,19
S01011261,Level 3,64,48,35,2,11,16
S01011261,Level 4 and above,68,46,40,3,3,22
S01011262,All people aged 16 and over,403,232,187,18,27,171
S01011262,No qualifications,127,44,27,6,11,83
S01011262,Level 1,93,61,47,6,8,32
S01011262,Level 2,66,44,38,2,4,22
S01011262,Level 3,61,46,40,3,3,15
S01011262,Level 4 and above,56,37,35,1,1,19
S01011263,All people aged 16 and over,918,577,492,32,53,341
S01011263,No qualifications,282,72,63,2,7,210
S01011263,Level 1,233,172,127,15,30,61
S01011263,Level 2,114,88,79,5,4,26
S01011263,Level 3,120,110,99,5,6,10
S01011263,Level 4 and above,169,135,124,5,6,34
S01011264,All people aged 16 and over,510,331,248,19,64,179
S01011264,No qualifications,177,78,57,6,15,99
S01011264,Level 1,166,117,79,5,33,49
S01011264,Level 2,57,47,36,1,10,10
S01011264,Level 3,51,42,36,1,5,9
S01011264,Level 4 and above,59,47,40,6,1,12
S01011265,All people aged 16 and over,799,496,337,39,120,303
S01011265,No qualifications,286,113,71,12,30,173
S01011265,Level 1,257,180,119,10,51,77
S01011265,Level 2,90,70,51,5,14,20
S01011265,Level 3,95,76,51,10,15,19
S01011265,Level 4 and above,71,57,45,2,10,14
S01011266,All people aged 16 and over,745,417,356,23,38,328
S01011266,No qualifications,291,82,65,10,7,209
S01011266,Level 1,192,141,120,4,17,51
S01011266,Level 2,94,63,54,4,5,31
S01011266,Level 3,77,59,52,1,6,18
S01011266,Level 4 and above,91,72,65,4,3,19
S01011267,All people aged 16 and over,500,270,232,14,24,230
S01011267,No qualifications,135,25,20,2,3,110
S01011267,Level 1,102,73,60,3,10,29
S01011267,Level 2,71,36,31,2,3,35
S01011267,Level 3,66,50,42,5,3,16
S01011267,Level 4 and above,126,86,79,2,5,40
S01011268,All people aged 16 and over,333,182,143,17,22,151
S01011268,No qualifications,122,35,23,8,4,87
S01011268,Level 1,55,37,27,3,7,18
S01011268,Level 2,45,35,30,2,3,10
S01011268,Level 3,28,20,16,0,4,8
S01011268,Level 4 and above,83,55,47,4,4,28
S01011269,All people aged 16 and over,441,218,173,14,31,223
S01011269,No qualifications,187,45,29,5,11,142
S01011269,Level 1,92,59,48,4,7,33
S01011269,Level 2,71,51,40,3,8,20
S01011269,Level 3,31,21,17,1,3,10
S01011269,Level 4 and above,60,42,39,1,2,18
S01011270,All people aged 16 and over,569,344,258,27,59,225
S01011270,No qualifications,198,59,38,9,12,139
S01011270,Level 1,160,118,85,7,26,42
S01011270,Level 2,78,59,49,2,8,19
S01011270,Level 3,68,56,43,3,10,12
S01011270,Level 4 and above,65,52,43,6,3,13
S01011271,All people aged 16 and over,714,347,284,13,50,367
S01011271,No qualifications,299,75,57,5,13,224
S01011271,Level 1,165,91,69,2,20,74
S01011271,Level 2,87,59,55,2,2,28
S01011271,Level 3,73,60,49,1,10,13
S01011271,Level 4 and above,90,62,54,3,5,28
S01011272,All people aged 16 and over,628,362,271,18,73,266
S01011272,No qualifications,263,86,57,3,26,177
S01011272,Level 1,159,114,77,7,30,45
S01011272,Level 2,65,55,45,3,7,10
S01011272,Level 3,67,53,46,3,4,14
S01011272,Level 4 and above,74,54,46,2,6,20
S01011273,All people aged 16 and over,648,395,300,19,76,253
S01011273,No qualifications,221,75,49,6,20,146
S01011273,Level 1,209,146,104,8,34,63
S01011273,Level 2,79,56,51,1,4,23
S01011273,Level 3,88,76,58,2,16,12
S01011273,Level 4 and above,51,42,38,2,2,9
S01011274,All people aged 16 and over,676,418,324,28,66,258
S01011274,No qualifications,221,73,48,8,17,148
S01011274,Level 1,212,146,114,6,26,66
S01011274,Level 2,84,68,59,3,6,16
S01011274,Level 3,84,68,55,5,8,16
S01011274,Level 4 and above,75,63,48,6,9,12
S01011275,All people aged 16 and over,514,288,219,13,56,226
S01011275,No qualifications,168,55,42,3,10,113
S01011275,Level 1,168,107,76,5,26,61
S01011275,Level 2,76,51,42,3,6,25
S01011275,Level 3,55,42,33,1,8,13
S01011275,Level 4 and above,47,33,26,1,6,14
S01011276,All people aged 16 and over,769,461,347,24,90,308
S01011276,No qualifications,296,113,74,7,32,183
S01011276,Level 1,231,163,124,7,32,68
S01011276,Level 2,88,70,56,5,9,18
S01011276,Level 3,89,71,55,2,14,18
S01011276,Level 4 and above,65,44,38,3,3,21
S01011277,All people aged 16 and over,579,397,336,37,24,182
S01011277,No qualifications,119,49,36,10,3,70
S01011277,Level 1,153,109,92,10,7,44
S01011277,Level 2,93,65,56,4,5,28
S01011277,Level 3,72,61,55,4,2,11
S01011277,Level 4 and above,142,113,97,9,7,29
S01011278,All people aged 16 and over,417,326,291,18,17,91
S01011278,No qualifications,85,38,28,5,5,47
S01011278,Level 1,103,91,82,2,7,12
S01011278,Level 2,76,67,58,6,3,9
S01011278,Level 3,64,58,56,2,0,6
S01011278,Level 4 and above,89,72,67,3,2,17
S01011279,All people aged 16 and over,561,344,304,18,22,217
S01011279,No qualifications,155,48,44,3,1,107
S01011279,Level 1,120,74,61,4,9,46
S01011279,Level 2,98,73,65,5,3,25
S01011279,Level 3,74,61,54,3,4,13
S01011279,Level 4 and above,114,88,80,3,5,26
S01011280,All people aged 16 and over,517,302,256,29,17,215
S01011280,No qualifications,79,21,15,4,2,58
S01011280,Level 1,124,83,59,16,8,41
S01011280,Level 2,83,54,48,5,1,29
S01011280,Level 3,61,45,37,3,5,16
S01011280,Level 4 and above,170,99,97,1,1,71
S01011281,All people aged 16 and over,519,377,314,32,31,142
S01011281,No qualifications,87,32,25,7,0,55
S01011281,Level 1,102,71,52,8,11,31
S01011281,Level 2,91,75,64,3,8,16
S01011281,Level 3,95,84,68,8,8,11
S01011281,Level 4 and above,144,115,105,6,4,29
S01011282,All people aged 16 and over,695,529,453,43,33,166
S01011282,No qualifications,130,54,41,10,3,76
S01011282,Level 1,164,132,104,12,16,32
S01011282,Level 2,113,91,80,4,7,22
S01011282,Level 3,109,95,82,11,2,14
S01011282,Level 4 and above,179,157,146,6,5,22
S01011283,All people aged 16 and over,549,450,385,41,24,99
S01011283,No qualifications,72,37,28,9,0,35
S01011283,Level 1,125,97,76,14,7,28
S01011283,Level 2,79,67,53,4,10,12
S01011283,Level 3,97,83,74,6,3,14
S01011283,Level 4 and above,176,166,154,8,4,10
S01011284,All people aged 16 and over,410,360,314,34,12,50
S01011284,No qualifications,32,15,13,2,0,17
S01011284,Level 1,66,55,47,5,3,11
S01011284,Level 2,78,71,62,4,5,7
S01011284,Level 3,83,74,61,11,2,9
S01011284,Level 4 and above,151,145,131,12,2,6
S01011285,All people aged 16 and over,549,367,280,27,60,182
S01011285,No qualifications,176,71,49,6,16,105
S01011285,Level 1,151,118,85,7,26,33
S01011285,Level 2,85,65,52,5,8,20
S01011285,Level 3,63,54,40,4,10,9
S01011285,Level 4 and above,74,59,54,5,0,15
S01011286,All people aged 16 and over,551,344,265,26,53,207
S01011286,No qualifications,189,74,52,9,13,115
S01011286,Level 1,171,123,87,10,26,48
S01011286,Level 2,67,47,41,1,5,20
S01011286,Level 3,56,45,37,3,5,11
S01011286,Level 4 and above,68,55,48,3,4,13
S01011287,All people aged 16 and over,633,396,308,22,66,237
S01011287,No qualifications,208,71,51,6,14,137
S01011287,Level 1,199,144,100,9,35,55
S01011287,Level 2,88,73,63,6,4,15
S01011287,Level 3,62,45,38,0,7,17
S01011287,Level 4 and above,76,63,56,1,6,13
S01011288,All people aged 16 and over,595,368,299,24,45,227
S01011288,No qualifications,203,77,52,12,13,126
S01011288,Level 1,179,128,105,5,18,51
S01011288,Level 2,68,48,42,2,4,20
S01011288,Level 3,85,66,58,3,5,19
S01011288,Level 4 and above,60,49,42,2,5,11
S01011289,All people aged 16 and over,753,434,347,31,56,319
S01011289,No qualifications,302,100,75,9,16,202
S01011289,Level 1,201,140,107,10,23,61
S01011289,Level 2,97,70,58,2,10,27
S01011289,Level 3,80,62,54,6,2,18
S01011289,Level 4 and above,73,62,53,4,5,11
S01011290,All people aged 16 and over,998,514,390,54,70,484
S01011290,No qualifications,407,122,88,11,23,285
S01011290,Level 1,218,145,100,18,27,73
S01011290,Level 2,133,76,64,7,5,57
S01011290,Level 3,104,79,64,6,9,25
S01011290,Level 4 and above,136,92,74,12,6,44
S01011291,All people aged 16 and over,673,383,310,19,54,290
S01011291,No qualifications,260,71,55,3,13,189
S01011291,Level 1,158,115,91,7,17,43
S01011291,Level 2,83,61,55,2,4,22
S01011291,Level 3,73,55,44,2,9,18
S01011291,Level 4 and above,99,81,65,5,11,18
S01011292,All people aged 16 and over,572,323,222,20,81,249
S01011292,No qualifications,259,100,73,6,21,159
S01011292,Level 1,160,103,59,4,40,57
S01011292,Level 2,64,47,37,1,9,17
S01011292,Level 3,44,38,23,4,11,6
S01011292,Level 4 and above,45,35,30,5,0,10
S01011293,All people aged 16 and over,591,348,280,15,53,243
S01011293,No qualifications,273,104,82,7,15,169
S01011293,Level 1,151,112,84,5,23,39
S01011293,Level 2,55,41,39,0,2,14
S01011293,Level 3,58,47,37,1,9,11
S01011293,Level 4 and above,54,44,38,2,4,10
S01011294,All people aged 16 and over,748,347,248,29,70,401
S01011294,No qualifications,352,74,43,8,23,278
S01011294,Level 1,145,92,62,4,26,53
S01011294,Level 2,73,55,40,6,9,18
S01011294,Level 3,71,56,46,3,7,15
S01011294,Level 4 and above,107,70,57,8,5,37
S01011295,All people aged 16 and over,821,470,387,49,34,351
S01011295,No qualifications,157,48,28,9,11,109
S01011295,Level 1,164,99,86,7,6,65
S01011295,Level 2,130,91,70,12,9,39
S01011295,Level 3,95,63,53,5,5,32
S01011295,Level 4 and above,275,169,150,16,3,106
S01011296,All people aged 16 and over,492,264,190,31,43,228
S01011296,No qualifications,185,56,36,8,12,129
S01011296,Level 1,106,72,47,6,19,34
S01011296,Level 2,60,42,27,7,8,18
S01011296,Level 3,52,39,32,5,2,13
S01011296,Level 4 and above,89,55,48,5,2,34
S01011297,All people aged 16 and over,650,421,328,35,58,229
S01011297,No qualifications,235,91,68,7,16,144
S01011297,Level 1,197,153,112,15,26,44
S01011297,Level 2,94,74,62,4,8,20
S01011297,Level 3,66,55,47,5,3,11
S01011297,Level 4 and above,58,48,39,4,5,10
S01011298,All people aged 16 and over,480,301,213,17,71,179
S01011298,No qualifications,183,78,54,5,19,105
S01011298,Level 1,155,108,70,4,34,47
S01011298,Level 2,36,24,18,2,4,12
S01011298,Level 3,57,46,38,1,7,11
S01011298,Level 4 and above,49,45,33,5,7,4
S01011299,All people aged 16 and over,415,276,177,92,7,139
S01011299,No qualifications,120,65,27,35,3,55
S01011299,Level 1,70,46,29,17,0,24
S01011299,Level 2,68,47,35,10,2,21
S01011299,Level 3,42,36,27,9,0,6
S01011299,Level 4 and above,115,82,59,21,2,33
S01011300,All people aged 16 and over,767,431,332,28,71,336
S01011300,No qualifications,328,108,82,5,21,220
S01011300,Level 1,196,137,104,7,26,59
S01011300,Level 2,87,66,45,7,14,21
S01011300,Level 3,77,58,47,4,7,19
S01011300,Level 4 and above,79,62,54,5,3,17
S01011301,All people aged 16 and over,594,352,288,41,23,242
S01011301,No qualifications,141,43,33,5,5,98
S01011301,Level 1,121,74,56,10,8,47
S01011301,Level 2,95,58,45,7,6,37
S01011301,Level 3,82,67,59,5,3,15
S01011301,Level 4 and above,155,110,95,14,1,45
S01011302,All people aged 16 and over,765,358,272,23,63,407
S01011302,No qualifications,360,85,58,9,18,275
S01011302,Level 1,165,107,83,4,20,58
S01011302,Level 2,90,57,44,4,9,33
S01011302,Level 3,63,52,42,2,8,11
S01011302,Level 4 and above,87,57,45,4,8,30
S01011303,All people aged 16 and over,847,547,462,63,22,300
S01011303,No qualifications,196,63,49,13,1,133
S01011303,Level 1,196,137,106,20,11,59
S01011303,Level 2,128,93,82,6,5,35
S01011303,Level 3,108,87,80,4,3,21
S01011303,Level 4 and above,219,167,145,20,2,52
S01011304,All people aged 16 and over,540,323,261,21,41,217
S01011304,No qualifications,229,96,71,7,18,133
S01011304,Level 1,121,83,68,3,12,38
S01011304,Level 2,69,53,44,3,6,16
S01011304,Level 3,54,41,36,3,2,13
S01011304,Level 4 and above,67,50,42,5,3,17
S01011305,All people aged 16 and over,641,431,325,41,65,210
S01011305,No qualifications,178,70,48,7,15,108
S01011305,Level 1,174,118,72,15,31,56
S01011305,Level 2,94,75,62,8,5,19
S01011305,Level 3,86,69,54,4,11,17
S01011305,Level 4 and above,109,99,89,7,3,10
S01011306,All people aged 16 and over,474,251,191,10,50,223
S01011306,No qualifications,162,54,39,2,13,108
S01011306,Level 1,141,82,48,3,31,59
S01011306,Level 2,60,42,39,1,2,18
S01011306,Level 3,42,26,24,1,1,16
S01011306,Level 4 and above,69,47,41,3,3,22
S01011307,All people aged 16 and over,382,236,155,69,12,146
S01011307,No qualifications,96,43,18,23,2,53
S01011307,Level 1,92,54,33,16,5,38
S01011307,Level 2,47,32,19,12,1,15
S01011307,Level 3,45,38,29,7,2,7
S01011307,Level 4 and above,102,69,56,11,2,33
S01011308,All people aged 16 and over,374,237,145,77,15,137
S01011308,No qualifications,77,27,11,14,2,50
S01011308,Level 1,71,48,23,16,9,23
S01011308,Level 2,48,28,19,7,2,20
S01011308,Level 3,32,23,11,12,0,9
S01011308,Level 4 and above,146,111,81,28,2,35
S01011309,All people aged 16 and over,618,327,247,68,12,291
S01011309,No qualifications,111,30,22,7,1,81
S01011309,Level 1,98,44,30,12,2,54
S01011309,Level 2,76,42,27,13,2,34
S01011309,Level 3,73,50,37,9,4,23
S01011309,Level 4 and above,260,161,131,27,3,99
S01011310,All people aged 16 and over,591,330,242,58,30,261
S01011310,No qualifications,139,41,19,15,7,98
S01011310,Level 1,108,64,47,11,6,44
S01011310,Level 2,85,58,43,12,3,27
S01011310,Level 3,65,51,41,5,5,14
S01011310,Level 4 and above,194,116,92,15,9,78
S01011311,All people aged 16 and over,606,349,249,87,13,257
S01011311,No qualifications,96,35,24,9,2,61
S01011311,Level 1,90,52,37,12,3,38
S01011311,Level 2,87,59,48,10,1,28
S01011311,Level 3,85,53,38,14,1,32
S01011311,Level 4 and above,248,150,102,42,6,98
S01011312,All people aged 16 and over,955,511,363,117,31,444
S01011312,No qualifications,141,38,19,15,4,103
S01011312,Level 1,129,77,56,13,8,52
S01011312,Level 2,143,83,62,15,6,60
S01011312,Level 3,99,66,51,13,2,33
S01011312,Level 4 and above,443,247,175,61,11,196
S01011313,All people aged 16 and over,614,353,266,62,25,261
S01011313,No qualifications,117,21,14,5,2,96
S01011313,Level 1,117,74,55,12,7,43
S01011313,Level 2,104,76,56,13,7,28
S01011313,Level 3,73,51,38,8,5,22
S01011313,Level 4 and above,203,131,103,24,4,72
S01011314,All people aged 16 and over,876,554,436,80,38,322
S01011314,No qualifications,158,44,31,5,8,114
S01011314,Level 1,165,105,80,19,6,60
S01011314,Level 2,148,109,88,15,6,39
S01011314,Level 3,96,66,53,7,6,30
S01011314,Level 4 and above,309,230,184,34,12,79
S01011315,All people aged 16 and over,320,192,145,25,22,128
S01011315,No qualifications,103,31,23,4,4,72
S01011315,Level 1,70,50,34,3,13,20
S01011315,Level 2,40,30,23,5,2,10
S01011315,Level 3,44,32,26,5,1,12
S01011315,Level 4 and above,63,49,39,8,2,14
S01011316,All people aged 16 and over,574,330,255,35,40,244
S01011316,No qualifications,181,55,40,7,8,126
S01011316,Level 1,135,92,63,10,19,43
S01011316,Level 2,78,57,50,3,4,21
S01011316,Level 3,66,46,41,2,3,20
S01011316,Level 4 and above,114,80,61,13,6,34
S01011317,All people aged 16 and over,744,292,198,67,27,452
S01011317,No qualifications,211,26,13,10,3,185
S01011317,Level 1,130,61,36,17,8,69
S01011317,Level 2,99,47,32,12,3,52
S01011317,Level 3,79,40,30,4,6,39
S01011317,Level 4 and above,225,118,87,24,7,107
S01011318,All people aged 16 and over,871,380,289,71,20,491
S01011318,No qualifications,240,47,31,13,3,193
S01011318,Level 1,160,73,47,17,9,87
S01011318,Level 2,117,57,46,10,1,60
S01011318,Level 3,78,50,39,10,1,28
S01011318,Level 4 and above,276,153,126,21,6,123
S01011319,All people aged 16 and over,758,338,270,49,19,420
S01011319,No qualifications,181,21,13,6,2,160
S01011319,Level 1,112,52,41,6,5,60
S01011319,Level 2,113,67,54,5,8,46
S01011319,Level 3,87,56,46,8,2,31
S01011319,Level 4 and above,265,142,116,24,2,123
S01011320,All people aged 16 and over,466,230,190,23,17,236
S01011320,No qualifications,145,26,22,3,1,119
S01011320,Level 1,91,52,36,9,7,39
S01011320,Level 2,81,50,45,3,2,31
S01011320,Level 3,58,46,41,2,3,12
S01011320,Level 4 and above,91,56,46,6,4,35
S01011321,All people aged 16 and over,487,348,294,32,22,139
S01011321,No qualifications,108,34,28,5,1,74
S01011321,Level 1,107,89,66,14,9,18
S01011321,Level 2,89,69,57,4,8,20
S01011321,Level 3,62,58,54,2,2,4
S01011321,Level 4 and above,121,98,89,7,2,23
S01011322,All people aged 16 and over,494,319,268,28,23,175
S01011322,No qualifications,100,26,21,4,1,74
S01011322,Level 1,116,82,64,8,10,34
S01011322,Level 2,73,51,42,5,4,22
S01011322,Level 3,79,60,50,5,5,19
S01011322,Level 4 and above,126,100,91,6,3,26
S01011323,All people aged 16 and over,737,467,366,46,55,270
S01011323,No qualifications,205,77,55,7,15,128
S01011323,Level 1,184,131,100,11,20,53
S01011323,Level 2,105,84,68,7,9,21
S01011323,Level 3,92,73,59,7,7,19
S01011323,Level 4 and above,151,102,84,14,4,49
S01011324,All people aged 16 and over,363,210,162,25,23,153
S01011324,No qualifications,87,22,15,2,5,65
S01011324,Level 1,60,41,32,5,4,19
S01011324,Level 2,63,41,29,4,8,22
S01011324,Level 3,38,29,23,3,3,9
S01011324,Level 4 and above,115,77,63,11,3,38
S01011325,All people aged 16 and over,652,342,254,40,48,310
S01011325,No qualifications,237,63,44,5,14,174
S01011325,Level 1,125,84,54,13,17,41
S01011325,Level 2,93,61,51,6,4,32
S01011325,Level 3,92,65,52,7,6,27
S01011325,Level 4 and above,105,69,53,9,7,36
S01011326,All people aged 16 and over,686,323,233,43,47,363
S01011326,No qualifications,246,62,39,12,11,184
S01011326,Level 1,153,86,57,12,17,67
S01011326,Level 2,81,47,34,7,6,34
S01011326,Level 3,67,46,34,3,9,21
S01011326,Level 4 and above,139,82,69,9,4,57
S01011327,All people aged 16 and over,624,268,192,46,30,356
S01011327,No qualifications,240,52,32,12,8,188
S01011327,Level 1,121,66,45,10,11,55
S01011327,Level 2,74,44,27,11,6,30
S01011327,Level 3,64,37,31,5,1,27
S01011327,Level 4 and above,125,69,57,8,4,56
S01011328,All people aged 16 and over,595,293,204,73,16,302
S01011328,No qualifications,185,49,30,14,5,136
S01011328,Level 1,129,67,47,15,5,62
S01011328,Level 2,76,52,36,13,3,24
S01011328,Level 3,63,40,27,11,2,23
S01011328,Level 4 and above,142,85,64,20,1,57
S01011329,All people aged 16 and over,796,369,294,47,28,427
S01011329,No qualifications,180,36,25,9,2,144
S01011329,Level 1,169,81,55,13,13,88
S01011329,Level 2,121,65,54,5,6,56
S01011329,Level 3,96,54,46,7,1,42
S01011329,Level 4 and above,230,133,114,13,6,97
S01011330,All people aged 16 and over,616,331,273,40,18,285
S01011330,No qualifications,110,31,22,6,3,79
S01011330,Level 1,110,65,44,13,8,45
S01011330,Level 2,102,57,52,5,0,45
S01011330,Level 3,81,54,46,5,3,27
S01011330,Level 4 and above,213,124,109,11,4,89
S01011331,All people aged 16 and over,636,278,238,29,11,358
S01011331,No qualifications,135,20,12,7,1,115
S01011331,Level 1,107,40,31,7,2,67
S01011331,Level 2,92,41,33,3,5,51
S01011331,Level 3,76,48,38,8,2,28
S01011331,Level 4 and above,226,129,124,4,1,97
S01011332,All people aged 16 and over,791,397,311,65,21,394
S01011332,No qualifications,154,33,23,9,1,121
S01011332,Level 1,118,60,42,13,5,58
S01011332,Level 2,127,76,59,9,8,51
S01011332,Level 3,120,75,61,11,3,45
S01011332,Level 4 and above,272,153,126,23,4,119
S01011333,All people aged 16 and over,672,277,214,53,10,395
S01011333,No qualifications,152,21,14,6,1,131
S01011333,Level 1,108,41,27,10,4,67
S01011333,Level 2,91,40,31,5,4,51
S01011333,Level 3,73,40,33,6,1,33
S01011333,Level 4 and above,248,135,109,26,0,113
S01011334,All people aged 16 and over,591,412,271,117,24,179
S01011334,No qualifications,145,59,24,30,5,86
S01011334,Level 1,102,73,44,23,6,29
S01011334,Level 2,97,75,48,22,5,22
S01011334,Level 3,56,48,31,12,5,8
S01011334,Level 4 and above,191,157,124,30,3,34
S01011335,All people aged 16 and over,826,410,319,69,22,416
S01011335,No qualifications,167,50,31,12,7,117
S01011335,Level 1,119,55,41,9,5,64
S01011335,Level 2,128,71,54,12,5,57
S01011335,Level 3,94,50,38,10,2,44
S01011335,Level 4 and above,318,184,155,26,3,134
S01011336,All people aged 16 and over,482,287,235,28,24,195
S01011336,No qualifications,150,42,31,5,6,108
S01011336,Level 1,108,71,51,8,12,37
S01011336,Level 2,50,36,33,2,1,14
S01011336,Level 3,61,54,49,2,3,7
S01011336,Level 4 and above,113,84,71,11,2,29
S01011337,All people aged 16 and over,588,336,247,69,20,252
S01011337,No qualifications,78,20,14,5,1,58
S01011337,Level 1,88,49,29,15,5,39
S01011337,Level 2,70,47,35,8,4,23
S01011337,Level 3,81,48,38,8,2,33
S01011337,Level 4 and above,271,172,131,33,8,99
S01011338,All people aged 16 and over,510,347,271,24,52,163
S01011338,No qualifications,152,74,60,1,13,78
S01011338,Level 1,135,98,63,8,27,37
S01011338,Level 2,67,52,45,3,4,15
S01011338,Level 3,53,40,32,5,3,13
S01011338,Level 4 and above,103,83,71,7,5,20
S01011339,All people aged 16 and over,454,262,215,15,32,192
S01011339,No qualifications,145,49,36,7,6,96
S01011339,Level 1,146,103,83,4,16,43
S01011339,Level 2,63,45,38,2,5,18
S01011339,Level 3,34,26,24,0,2,8
S01011339,Level 4 and above,66,39,34,2,3,27
S01011340,All people aged 16 and over,553,317,246,28,43,236
S01011340,No qualifications,233,93,62,12,19,140
S01011340,Level 1,130,82,64,4,14,48
S01011340,Level 2,81,58,48,5,5,23
S01011340,Level 3,61,52,48,2,2,9
S01011340,Level 4 and above,48,32,24,5,3,16
S01011341,All people aged 16 and over,595,385,311,21,53,210
S01011341,No qualifications,156,48,31,3,14,108
S01011341,Level 1,158,116,91,5,20,42
S01011341,Level 2,103,77,62,5,10,26
S01011341,Level 3,69,50,40,3,7,19
S01011341,Level 4 and above,109,94,87,5,2,15
S01011342,All people aged 16 and over,583,359,302,31,26,224
S01011342,No qualifications,145,36,25,7,4,109
S01011342,Level 1,147,98,79,6,13,49
S01011342,Level 2,95,74,63,8,3,21
S01011342,Level 3,71,56,49,2,5,15
S01011342,Level 4 and above,125,95,86,8,1,30
S01011343,All people aged 16 and over,698,397,303,25,69,301
S01011343,No qualifications,304,97,70,2,25,207
S01011343,Level 1,188,133,100,6,27,55
S01011343,Level 2,72,56,45,6,5,16
S01011343,Level 3,66,60,51,5,4,6
S01011343,Level 4 and above,68,51,37,6,8,17
S01011344,All people aged 16 and over,696,407,299,24,84,289
S01011344,No qualifications,304,115,81,6,28,189
S01011344,Level 1,208,145,99,9,37,63
S01011344,Level 2,77,60,48,3,9,17
S01011344,Level 3,57,44,36,3,5,13
S01011344,Level 4 and above,50,43,35,3,5,7
S01011345,All people aged 16 and over,598,383,291,18,74,215
S01011345,No qualifications,230,104,80,4,20,126
S01011345,Level 1,187,130,87,7,36,57
S01011345,Level 2,68,58,46,2,10,10
S01011345,Level 3,57,48,36,5,7,9
S01011345,Level 4 and above,56,43,42,0,1,13
S01011346,All people aged 16 and over,569,333,261,31,41,236
S01011346,No qualifications,262,93,77,7,9,169
S01011346,Level 1,132,106,79,13,14,26
S01011346,Level 2,67,52,37,6,9,15
S01011346,Level 3,48,36,29,2,5,12
S01011346,Level 4 and above,60,46,39,3,4,14
S01011347,All people aged 16 and over,886,498,385,48,65,388
S01011347,No qualifications,305,95,76,11,8,210
S01011347,Level 1,217,145,109,10,26,72
S01011347,Level 2,111,82,67,2,13,29
S01011347,Level 3,105,81,58,11,12,24
S01011347,Level 4 and above,148,95,75,14,6,53
S01011348,All people aged 16 and over,738,445,344,30,71,293
S01011348,No qualifications,275,107,68,10,29,168
S01011348,Level 1,174,111,84,8,19,63
S01011348,Level 2,109,82,62,5,15,27
S01011348,Level 3,70,57,49,4,4,13
S01011348,Level 4 and above,110,88,81,3,4,22
S01011349,All people aged 16 and over,741,585,501,54,30,156
S01011349,No qualifications,130,77,59,10,8,53
S01011349,Level 1,177,139,113,16,10,38
S01011349,Level 2,139,114,101,8,5,25
S01011349,Level 3,101,84,72,8,4,17
S01011349,Level 4 and above,194,171,156,12,3,23
S01011350,All people aged 16 and over,571,333,261,57,15,238
S01011350,No qualifications,116,31,20,10,1,85
S01011350,Level 1,130,77,57,13,7,53
S01011350,Level 2,101,64,56,6,2,37
S01011350,Level 3,66,44,35,7,2,22
S01011350,Level 4 and above,158,117,93,21,3,41
S01011351,All people aged 16 and over,576,316,247,18,51,260
S01011351,No qualifications,233,83,59,6,18,150
S01011351,Level 1,155,111,87,7,17,44
S01011351,Level 2,55,35,31,1,3,20
S01011351,Level 3,71,48,39,1,8,23
S01011351,Level 4 and above,62,39,31,3,5,23
S01011352,All people aged 16 and over,552,345,267,34,44,207
S01011352,No qualifications,195,56,38,3,15,139
S01011352,Level 1,116,91,63,8,20,25
S01011352,Level 2,72,56,47,5,4,16
S01011352,Level 3,66,57,50,3,4,9
S01011352,Level 4 and above,103,85,69,15,1,18
S01011353,All people aged 16 and over,556,324,265,32,27,232
S01011353,No qualifications,226,86,70,6,10,140
S01011353,Level 1,132,89,74,10,5,43
S01011353,Level 2,56,40,30,3,7,16
S01011353,Level 3,53,44,37,3,4,9
S01011353,Level 4 and above,89,65,54,10,1,24
S01011354,All people aged 16 and over,608,363,294,45,24,245
S01011354,No qualifications,141,50,37,8,5,91
S01011354,Level 1,141,86,69,12,5,55
S01011354,Level 2,87,62,51,6,5,25
S01011354,Level 3,67,50,44,5,1,17
S01011354,Level 4 and above,172,115,93,14,8,57
S01011355,All people aged 16 and over,805,470,398,42,30,335
S01011355,No qualifications,247,68,56,3,9,179
S01011355,Level 1,202,135,112,13,10,67
S01011355,Level 2,111,80,69,9,2,31
S01011355,Level 3,95,76,64,5,7,19
S01011355,Level 4 and above,150,111,97,12,2,39
S01011356,All people aged 16 and over,791,548,373,152,23,243
S01011356,No qualifications,197,82,39,41,2,115
S01011356,Level 1,156,116,65,39,12,40
S01011356,Level 2,101,77,55,20,2,24
S01011356,Level 3,90,74,53,17,4,16
S01011356,Level 4 and above,247,199,161,35,3,48
S01011357,All people aged 16 and over,711,408,345,41,22,303
S01011357,No qualifications,244,66,52,11,3,178
S01011357,Level 1,163,116,100,12,4,47
S01011357,Level 2,108,79,65,7,7,29
S01011357,Level 3,69,52,44,4,4,17
S01011357,Level 4 and above,127,95,84,7,4,32
S01011358,All people aged 16 and over,434,353,318,15,20,81
S01011358,No qualifications,53,33,23,2,8,20
S01011358,Level 1,107,76,67,6,3,31
S01011358,Level 2,93,78,69,3,6,15
S01011358,Level 3,53,48,46,0,2,5
S01011358,Level 4 and above,128,118,113,4,1,10
S01011359,All people aged 16 and over,646,340,266,32,42,306
S01011359,No qualifications,289,82,61,7,14,207
S01011359,Level 1,121,88,65,5,18,33
S01011359,Level 2,76,51,39,7,5,25
S01011359,Level 3,64,47,39,5,3,17
S01011359,Level 4 and above,96,72,62,8,2,24
S01011360,All people aged 16 and over,573,394,302,16,76,179
S01011360,No qualifications,188,95,66,4,25,93
S01011360,Level 1,186,136,97,4,35,50
S01011360,Level 2,54,44,37,3,4,10
S01011360,Level 3,67,53,46,4,3,14
S01011360,Level 4 and above,78,66,56,1,9,12
S01011361,All people aged 16 and over,464,281,178,15,88,183
S01011361,No qualifications,190,71,43,3,25,119
S01011361,Level 1,139,104,61,4,39,35
S01011361,Level 2,37,27,14,2,11,10
S01011361,Level 3,41,31,20,4,7,10
S01011361,Level 4 and above,57,48,40,2,6,9
S01011362,All people aged 16 and over,428,334,271,54,9,94
S01011362,No qualifications,80,41,19,22,0,39
S01011362,Level 1,95,74,62,9,3,21
S01011362,Level 2,70,57,47,10,0,13
S01011362,Level 3,56,52,45,5,2,4
S01011362,Level 4 and above,127,110,98,8,4,17
S01011363,All people aged 16 and over,764,400,316,43,41,364
S01011363,No qualifications,285,69,56,3,10,216
S01011363,Level 1,183,115,83,13,19,68
S01011363,Level 2,98,72,57,11,4,26
S01011363,Level 3,64,47,36,6,5,17
S01011363,Level 4 and above,134,97,84,10,3,37
S01011364,All people aged 16 and over,521,349,304,22,23,172
S01011364,No qualifications,152,56,48,4,4,96
S01011364,Level 1,131,101,79,9,13,30
S01011364,Level 2,71,60,54,3,3,11
S01011364,Level 3,65,51,48,1,2,14
S01011364,Level 4 and above,102,81,75,5,1,21
S01011365,All people aged 16 and over,449,364,320,23,21,85
S01011365,No qualifications,80,43,33,3,7,37
S01011365,Level 1,106,88,69,11,8,18
S01011365,Level 2,75,70,63,4,3,5
S01011365,Level 3,61,52,47,3,2,9
S01011365,Level 4 and above,127,111,108,2,1,16
S01011366,All people aged 16 and over,454,205,178,12,15,249
S01011366,No qualifications,228,40,36,2,2,188
S01011366,Level 1,98,70,57,5,8,28
S01011366,Level 2,36,26,21,2,3,10
S01011366,Level 3,33,28,26,0,2,5
S01011366,Level 4 and above,59,41,38,3,0,18
S01011367,All people aged 16 and over,688,406,341,23,42,282
S01011367,No qualifications,254,79,64,4,11,175
S01011367,Level 1,200,145,119,8,18,55
S01011367,Level 2,79,66,57,5,4,13
S01011367,Level 3,76,61,49,5,7,15
S01011367,Level 4 and above,79,55,52,1,2,24
S01011368,All people aged 16 and over,628,544,480,48,16,84
S01011368,No qualifications,64,36,27,9,0,28
S01011368,Level 1,153,135,114,17,4,18
S01011368,Level 2,105,86,69,10,7,19
S01011368,Level 3,93,85,81,4,0,8
S01011368,Level 4 and above,213,202,189,8,5,11
S01011369,All people aged 16 and over,677,407,326,31,50,270
S01011369,No qualifications,223,65,48,8,9,158
S01011369,Level 1,205,141,113,8,20,64
S01011369,Level 2,84,72,56,4,12,12
S01011369,Level 3,62,46,40,2,4,16
S01011369,Level 4 and above,103,83,69,9,5,20
S01011370,All people aged 16 and over,631,494,444,22,28,137
S01011370,No qualifications,126,52,43,3,6,74
S01011370,Level 1,135,105,88,8,9,30
S01011370,Level 2,107,97,89,2,6,10
S01011370,Level 3,84,77,70,3,4,7
S01011370,Level 4 and above,179,163,154,6,3,16
S01011371,All people aged 16 and over,763,493,373,27,93,270
S01011371,No qualifications,265,95,72,6,17,170
S01011371,Level 1,212,165,117,4,44,47
S01011371,Level 2,87,66,52,3,11,21
S01011371,Level 3,91,73,62,4,7,18
S01011371,Level 4 and above,108,94,70,10,14,14
S01011372,All people aged 16 and over,574,334,244,13,77,240
S01011372,No qualifications,245,79,59,4,16,166
S01011372,Level 1,165,127,81,1,45,38
S01011372,Level 2,59,47,40,1,6,12
S01011372,Level 3,53,45,35,5,5,8
S01011372,Level 4 and above,52,36,29,2,5,16
S01011373,All people aged 16 and over,554,321,232,21,68,233
S01011373,No qualifications,181,68,46,6,16,113
S01011373,Level 1,182,115,74,7,34,67
S01011373,Level 2,61,44,31,4,9,17
S01011373,Level 3,60,41,31,3,7,19
S01011373,Level 4 and above,70,53,50,1,2,17
S01011374,All people aged 16 and over,537,423,371,21,31,114
S01011374,No qualifications,94,48,42,5,1,46
S01011374,Level 1,130,106,95,4,7,24
S01011374,Level 2,127,108,91,7,10,19
S01011374,Level 3,78,61,52,3,6,17
S01011374,Level 4 and above,108,100,91,2,7,8
S01011375,All people aged 16 and over,535,357,287,24,46,178
S01011375,No qualifications,122,40,33,2,5,82
S01011375,Level 1,146,110,79,8,23,36
S01011375,Level 2,93,69,54,5,10,24
S01011375,Level 3,52,40,31,3,6,12
S01011375,Level 4 and above,122,98,90,6,2,24
S01011376,All people aged 16 and over,431,229,188,17,24,202
S01011376,No qualifications,182,42,32,4,6,140
S01011376,Level 1,110,78,61,7,10,32
S01011376,Level 2,49,41,37,1,3,8
S01011376,Level 3,40,31,26,1,4,9
S01011376,Level 4 and above,50,37,32,4,1,13
S01011377,All people aged 16 and over,506,338,275,42,21,168
S01011377,No qualifications,74,20,15,5,0,54
S01011377,Level 1,93,69,52,11,6,24
S01011377,Level 2,81,52,43,4,5,29
S01011377,Level 3,64,51,45,3,3,13
S01011377,Level 4 and above,194,146,120,19,7,48
S01011378,All people aged 16 and over,676,381,318,37,26,295
S01011378,No qualifications,223,51,37,9,5,172
S01011378,Level 1,137,91,71,11,9,46
S01011378,Level 2,106,79,69,6,4,27
S01011378,Level 3,68,49,43,3,3,19
S01011378,Level 4 and above,142,111,98,8,5,31
S01011379,All people aged 16 and over,740,549,471,56,22,191
S01011379,No qualifications,109,45,29,11,5,64
S01011379,Level 1,143,105,86,14,5,38
S01011379,Level 2,151,108,94,7,7,43
S01011379,Level 3,108,94,79,11,4,14
S01011379,Level 4 and above,229,197,183,13,1,32
S01011380,All people aged 16 and over,583,372,315,26,31,211
S01011380,No qualifications,158,53,39,9,5,105
S01011380,Level 1,131,82,68,5,9,49
S01011380,Level 2,87,66,59,2,5,21
S01011380,Level 3,81,67,57,4,6,14
S01011380,Level 4 and above,126,104,92,6,6,22
S01011381,All people aged 16 and over,528,333,276,34,23,195
S01011381,No qualifications,158,58,40,13,5,100
S01011381,Level 1,102,73,57,7,9,29
S01011381,Level 2,80,60,52,2,6,20
S01011381,Level 3,67,48,44,3,1,19
S01011381,Level 4 and above,121,94,83,9,2,27
S01011382,All people aged 16 and over,437,302,239,31,32,135
S01011382,No qualifications,140,60,42,8,10,80
S01011382,Level 1,111,84,61,12,11,27
S01011382,Level 2,63,53,46,3,4,10
S01011382,Level 3,54,45,38,2,5,9
S01011382,Level 4 and above,69,60,52,6,2,9
S01011383,All people aged 16 and over,568,284,225,7,52,284
S01011383,No qualifications,286,86,64,0,22,200
S01011383,Level 1,136,90,70,4,16,46
S01011383,Level 2,56,43,37,2,4,13
S01011383,Level 3,49,39,31,0,8,10
S01011383,Level 4 and above,41,26,23,1,2,15
S01011384,All people aged 16 and over,522,295,187,19,89,227
S01011384,No qualifications,254,101,61,4,36,153
S01011384,Level 1,158,114,68,6,40,44
S01011384,Level 2,43,31,21,5,5,12
S01011384,Level 3,32,21,15,2,4,11
S01011384,Level 4 and above,35,28,22,2,4,7
S01011385,All people aged 16 and over,770,426,332,25,69,344
S01011385,No qualifications,353,127,97,3,27,226
S01011385,Level 1,224,162,122,7,33,62
S01011385,Level 2,66,45,36,6,3,21
S01011385,Level 3,62,46,34,6,6,16
S01011385,Level 4 and above,65,46,43,3,0,19
S01011386,All people aged 16 and over,468,271,195,13,63,197
S01011386,No qualifications,246,101,64,4,33,145
S01011386,Level 1,136,104,75,6,23,32
S01011386,Level 2,30,25,19,0,6,5
S01011386,Level 3,27,20,18,1,1,7
S01011386,Level 4 and above,29,21,19,2,0,8
S01011387,All people aged 16 and over,657,374,290,14,70,283
S01011387,No qualifications,283,84,59,3,22,199
S01011387,Level 1,169,122,89,4,29,47
S01011387,Level 2,81,64,51,2,11,17
S01011387,Level 3,44,35,28,3,4,9
S01011387,Level 4 and above,80,69,63,2,4,11
S01011388,All people aged 16 and over,816,641,563,42,36,175
S01011388,No qualifications,124,52,42,4,6,72
S01011388,Level 1,230,180,153,13,14,50
S01011388,Level 2,135,108,96,6,6,27
S01011388,Level 3,107,94,82,8,4,13
S01011388,Level 4 and above,220,207,190,11,6,13
S01011389,All people aged 16 and over,667,430,326,29,75,237
S01011389,No qualifications,236,83,58,9,16,153
S01011389,Level 1,153,119,83,7,29,34
S01011389,Level 2,77,64,51,3,10,13
S01011389,Level 3,88,80,56,7,17,8
S01011389,Level 4 and above,113,84,78,3,3,29
S01011390,All people aged 16 and over,666,381,312,17,52,285
S01011390,No qualifications,298,94,74,7,13,204
S01011390,Level 1,147,111,87,2,22,36
S01011390,Level 2,76,63,54,3,6,13
S01011390,Level 3,71,56,46,1,9,15
S01011390,Level 4 and above,74,57,51,4,2,17
S01011391,All people aged 16 and over,509,321,265,19,37,188
S01011391,No qualifications,206,84,71,4,9,122
S01011391,Level 1,156,116,95,6,15,40
S01011391,Level 2,52,43,34,5,4,9
S01011391,Level 3,49,42,34,1,7,7
S01011391,Level 4 and above,46,36,31,3,2,10
S01011392,All people aged 16 and over,542,348,260,22,66,194
S01011392,No qualifications,233,110,82,7,21,123
S01011392,Level 1,168,124,85,6,33,44
S01011392,Level 2,51,43,34,4,5,8
S01011392,Level 3,48,36,29,2,5,12
S01011392,Level 4 and above,42,35,30,3,2,7
S01011393,All people aged 16 and over,713,408,312,44,52,305
S01011393,No qualifications,306,92,65,13,14,214
S01011393,Level 1,171,123,88,16,19,48
S01011393,Level 2,88,70,52,6,12,18
S01011393,Level 3,60,51,45,4,2,9
S01011393,Level 4 and above,88,72,62,5,5,16
S01011394,All people aged 16 and over,419,333,297,23,13,86
S01011394,No qualifications,63,22,15,6,1,41
S01011394,Level 1,95,78,64,5,9,17
S01011394,Level 2,86,72,66,5,1,14
S01011394,Level 3,57,53,48,3,2,4
S01011394,Level 4 and above,118,108,104,4,0,10
S01011395,All people aged 16 and over,646,363,292,33,38,283
S01011395,No qualifications,266,70,52,7,11,196
S01011395,Level 1,133,104,75,12,17,29
S01011395,Level 2,69,53,47,3,3,16
S01011395,Level 3,77,59,54,3,2,18
S01011395,Level 4 and above,101,77,64,8,5,24
S01011396,All people aged 16 and over,663,352,289,27,36,311
S01011396,No qualifications,264,50,40,4,6,214
S01011396,Level 1,135,98,75,8,15,37
S01011396,Level 2,86,71,56,7,8,15
S01011396,Level 3,59,45,39,3,3,14
S01011396,Level 4 and above,119,88,79,5,4,31
S01011397,All people aged 16 and over,689,359,288,20,51,330
S01011397,No qualifications,295,59,43,6,10,236
S01011397,Level 1,159,119,86,5,28,40
S01011397,Level 2,71,60,52,3,5,11
S01011397,Level 3,73,51,43,2,6,22
S01011397,Level 4 and above,91,70,64,4,2,21
S01011398,All people aged 16 and over,591,350,261,19,70,241
S01011398,No qualifications,247,85,57,6,22,162
S01011398,Level 1,169,124,84,6,34,45
S01011398,Level 2,64,53,48,0,5,11
S01011398,Level 3,44,37,26,2,9,7
S01011398,Level 4 and above,67,51,46,5,0,16
S01011399,All people aged 16 and over,423,255,204,14,37,168
S01011399,No qualifications,176,66,44,4,18,110
S01011399,Level 1,113,82,67,3,12,31
S01011399,Level 2,60,46,40,1,5,14
S01011399,Level 3,32,22,19,2,1,10
S01011399,Level 4 and above,42,39,34,4,1,3
S01011400,All people aged 16 and over,581,387,334,28,25,194
S01011400,No qualifications,155,50,35,5,10,105
S01011400,Level 1,126,90,76,4,10,36
S01011400,Level 2,64,49,42,5,2,15
S01011400,Level 3,74,63,60,2,1,11
S01011400,Level 4 and above,162,135,121,12,2,27
S01011401,All people aged 16 and over,552,305,263,23,19,247
S01011401,No qualifications,206,46,40,3,3,160
S01011401,Level 1,116,81,62,9,10,35
S01011401,Level 2,68,52,44,3,5,16
S01011401,Level 3,56,44,40,3,1,12
S01011401,Level 4 and above,106,82,77,5,0,24
S01011402,All people aged 16 and over,840,405,330,33,42,435
S01011402,No qualifications,345,71,51,11,9,274
S01011402,Level 1,150,91,73,7,11,59
S01011402,Level 2,106,75,66,3,6,31
S01011402,Level 3,71,59,45,3,11,12
S01011402,Level 4 and above,168,109,95,9,5,59
S01011403,All people aged 16 and over,424,302,266,15,21,122
S01011403,No qualifications,123,60,48,2,10,63
S01011403,Level 1,119,89,79,5,5,30
S01011403,Level 2,66,53,46,3,4,13
S01011403,Level 3,47,40,37,2,1,7
S01011403,Level 4 and above,69,60,56,3,1,9
S01011404,All people aged 16 and over,797,440,359,27,54,357
S01011404,No qualifications,299,83,62,6,15,216
S01011404,Level 1,189,128,98,8,22,61
S01011404,Level 2,111,82,69,8,5,29
S01011404,Level 3,67,51,47,1,3,16
S01011404,Level 4 and above,131,96,83,4,9,35
S01011405,All people aged 16 and over,525,307,244,31,32,218
S01011405,No qualifications,142,41,27,6,8,101
S01011405,Level 1,133,96,76,6,14,37
S01011405,Level 2,60,39,35,2,2,21
S01011405,Level 3,63,49,41,5,3,14
S01011405,Level 4 and above,127,82,65,12,5,45
S01011406,All people aged 16 and over,551,337,275,27,35,214
S01011406,No qualifications,207,78,58,9,11,129
S01011406,Level 1,132,97,80,3,14,35
S01011406,Level 2,67,52,43,5,4,15
S01011406,Level 3,57,45,41,4,0,12
S01011406,Level 4 and above,88,65,53,6,6,23
S01011407,All people aged 16 and over,936,566,471,49,46,370
S01011407,No qualifications,294,100,82,9,9,194
S01011407,Level 1,251,173,142,17,14,78
S01011407,Level 2,132,103,89,6,8,29
S01011407,Level 3,97,75,58,7,10,22
S01011407,Level 4 and above,162,115,100,10,5,47
S01011408,All people aged 16 and over,691,414,342,24,48,277
S01011408,No qualifications,270,101,83,7,11,169
S01011408,Level 1,194,138,111,8,19,56
S01011408,Level 2,88,68,53,1,14,20
S01011408,Level 3,64,51,44,5,2,13
S01011408,Level 4 and above,75,56,51,3,2,19
S01011409,All people aged 16 and over,631,408,317,28,63,223
S01011409,No qualifications,212,88,62,8,18,124
S01011409,Level 1,190,138,106,2,30,52
S01011409,Level 2,81,63,48,4,11,18
S01011409,Level 3,67,54,44,8,2,13
S01011409,Level 4 and above,81,65,57,6,2,16
S01011410,All people aged 16 and over,540,329,283,17,29,211
S01011410,No qualifications,211,67,53,1,13,144
S01011410,Level 1,149,109,97,5,7,40
S01011410,Level 2,63,55,44,5,6,8
S01011410,Level 3,50,45,39,4,2,5
S01011410,Level 4 and above,67,53,50,2,1,14
S01011411,All people aged 16 and over,555,351,281,27,43,204
S01011411,No qualifications,208,79,65,5,9,129
S01011411,Level 1,152,120,89,8,23,32
S01011411,Level 2,78,66,50,8,8,12
S01011411,Level 3,45,35,28,5,2,10
S01011411,Level 4 and above,72,51,49,1,1,21
S01011412,All people aged 16 and over,751,459,385,54,20,292
S01011412,No qualifications,174,52,35,11,6,122
S01011412,Level 1,153,110,88,17,5,43
S01011412,Level 2,130,96,84,11,1,34
S01011412,Level 3,83,68,57,8,3,15
S01011412,Level 4 and above,211,133,121,7,5,78
S01011413,All people aged 16 and over,459,352,309,24,19,107
S01011413,No qualifications,81,36,28,5,3,45
S01011413,Level 1,114,93,80,4,9,21
S01011413,Level 2,103,82,76,4,2,21
S01011413,Level 3,65,58,51,4,3,7
S01011413,Level 4 and above,96,83,74,7,2,13
S01011414,All people aged 16 and over,668,400,322,29,49,268
S01011414,No qualifications,219,67,46,6,15,152
S01011414,Level 1,178,131,105,6,20,47
S01011414,Level 2,104,76,61,3,12,28
S01011414,Level 3,67,54,49,5,0,13
S01011414,Level 4 and above,100,72,61,9,2,28
S01011415,All people aged 16 and over,728,484,413,32,39,244
S01011415,No qualifications,229,83,59,10,14,146
S01011415,Level 1,184,141,123,6,12,43
S01011415,Level 2,108,87,75,8,4,21
S01011415,Level 3,77,65,53,5,7,12
S01011415,Level 4 and above,130,108,103,3,2,22
S01011416,All people aged 16 and over,530,371,323,33,15,159
S01011416,No qualifications,96,39,27,9,3,57
S01011416,Level 1,115,82,68,9,5,33
S01011416,Level 2,140,114,106,5,3,26
S01011416,Level 3,64,54,47,5,2,10
S01011416,Level 4 and above,115,82,75,5,2,33
S01011417,All people aged 16 and over,686,382,315,38,29,304
S01011417,No qualifications,268,78,57,13,8,190
S01011417,Level 1,154,112,94,5,13,42
S01011417,Level 2,95,74,63,6,5,21
S01011417,Level 3,69,46,41,3,2,23
S01011417,Level 4 and above,100,72,60,11,1,28
S01011418,All people aged 16 and over,463,257,218,11,28,206
S01011418,No qualifications,214,73,63,4,6,141
S01011418,Level 1,122,86,64,6,16,36
S01011418,Level 2,47,37,35,0,2,10
S01011418,Level 3,39,34,29,1,4,5
S01011418,Level 4 and above,41,27,27,0,0,14
S01011419,All people aged 16 and over,471,283,236,20,27,188
S01011419,No qualifications,183,61,48,4,9,122
S01011419,Level 1,133,95,76,7,12,38
S01011419,Level 2,59,48,45,0,3,11
S01011419,Level 3,42,38,36,1,1,4
S01011419,Level 4 and above,54,41,31,8,2,13
S01011420,All people aged 16 and over,405,224,167,16,41,181
S01011420,No qualifications,167,57,39,7,11,110
S01011420,Level 1,115,80,55,4,21,35
S01011420,Level 2,53,40,35,2,3,13
S01011420,Level 3,26,15,10,0,5,11
S01011420,Level 4 and above,44,32,28,3,1,12
S01011421,All people aged 16 and over,445,346,299,19,28,99
S01011421,No qualifications,62,32,23,2,7,30
S01011421,Level 1,127,92,73,5,14,35
S01011421,Level 2,73,60,55,4,1,13
S01011421,Level 3,70,64,57,4,3,6
S01011421,Level 4 and above,113,98,91,4,3,15
S01011422,All people aged 16 and over,540,315,250,19,46,225
S01011422,No qualifications,274,106,84,3,19,168
S01011422,Level 1,121,96,72,8,16,25
S01011422,Level 2,47,33,23,3,7,14
S01011422,Level 3,40,33,29,1,3,7
S01011422,Level 4 and above,58,47,42,4,1,11
S01011423,All people aged 16 and over,416,220,162,10,48,196
S01011423,No qualifications,198,69,41,4,24,129
S01011423,Level 1,102,63,46,3,14,39
S01011423,Level 2,28,18,15,1,2,10
S01011423,Level 3,37,33,26,2,5,4
S01011423,Level 4 and above,51,37,34,0,3,14
S01011424,All people aged 16 and over,466,286,246,18,22,180
S01011424,No qualifications,205,80,62,7,11,125
S01011424,Level 1,122,85,73,4,8,37
S01011424,Level 2,54,45,41,2,2,9
S01011424,Level 3,34,32,30,2,0,2
S01011424,Level 4 and above,51,44,40,3,1,7
S01011425,All people aged 16 and over,691,414,299,40,75,277
S01011425,No qualifications,241,87,55,15,17,154
S01011425,Level 1,189,130,94,10,26,59
S01011425,Level 2,82,59,44,3,12,23
S01011425,Level 3,51,40,27,1,12,11
S01011425,Level 4 and above,128,98,79,11,8,30
S01011426,All people aged 16 and over,805,558,459,81,18,247
S01011426,No qualifications,204,64,41,19,4,140
S01011426,Level 1,161,121,93,20,8,40
S01011426,Level 2,117,93,76,14,3,24
S01011426,Level 3,89,77,65,11,1,12
S01011426,Level 4 and above,234,203,184,17,2,31
S01011427,All people aged 16 and over,562,335,261,33,41,227
S01011427,No qualifications,205,68,54,6,8,137
S01011427,Level 1,151,109,75,11,23,42
S01011427,Level 2,67,55,46,4,5,12
S01011427,Level 3,49,40,30,8,2,9
S01011427,Level 4 and above,90,63,56,4,3,27
S01011428,All people aged 16 and over,433,255,218,19,18,178
S01011428,No qualifications,178,57,43,6,8,121
S01011428,Level 1,85,64,55,4,5,21
S01011428,Level 2,62,51,45,4,2,11
S01011428,Level 3,48,36,33,2,1,12
S01011428,Level 4 and above,60,47,42,3,2,13
S01011429,All people aged 16 and over,1048,494,398,76,20,554
S01011429,No qualifications,292,77,57,17,3,215
S01011429,Level 1,295,137,108,18,11,158
S01011429,Level 2,151,81,69,9,3,70
S01011429,Level 3,119,67,55,11,1,52
S01011429,Level 4 and above,191,132,109,21,2,59
S01011430,All people aged 16 and over,762,519,433,46,40,243
S01011430,No qualifications,224,86,68,12,6,138
S01011430,Level 1,183,145,110,13,22,38
S01011430,Level 2,109,89,78,6,5,20
S01011430,Level 3,88,74,66,5,3,14
S01011430,Level 4 and above,158,125,111,10,4,33
S01011431,All people aged 16 and over,911,519,433,40,46,392
S01011431,No qualifications,411,139,115,9,15,272
S01011431,Level 1,233,179,147,13,19,54
S01011431,Level 2,94,70,60,6,4,24
S01011431,Level 3,67,57,48,5,4,10
S01011431,Level 4 and above,106,74,63,7,4,32
S01011432,All people aged 16 and over,872,545,453,30,62,327
S01011432,No qualifications,370,142,115,8,19,228
S01011432,Level 1,240,191,158,6,27,49
S01011432,Level 2,98,83,68,7,8,15
S01011432,Level 3,79,65,56,1,8,14
S01011432,Level 4 and above,85,64,56,8,0,21
S01011433,All people aged 16 and over,666,429,329,21,79,237
S01011433,No qualifications,290,139,100,8,31,151
S01011433,Level 1,213,160,121,7,32,53
S01011433,Level 2,66,52,45,1,6,14
S01011433,Level 3,47,40,31,2,7,7
S01011433,Level 4 and above,50,38,32,3,3,12
S01011434,All people aged 16 and over,484,299,249,24,26,185
S01011434,No qualifications,174,64,49,7,8,110
S01011434,Level 1,121,99,83,7,9,22
S01011434,Level 2,63,51,45,2,4,12
S01011434,Level 3,47,40,35,3,2,7
S01011434,Level 4 and above,79,45,37,5,3,34
S01011435,All people aged 16 and over,765,541,463,39,39,224
S01011435,No qualifications,197,75,65,4,6,122
S01011435,Level 1,189,150,119,13,18,39
S01011435,Level 2,91,78,63,7,8,13
S01011435,Level 3,88,75,64,7,4,13
S01011435,Level 4 and above,200,163,152,8,3,37
S01011436,All people aged 16 and over,604,383,290,28,65,221
S01011436,No qualifications,230,87,58,8,21,143
S01011436,Level 1,187,145,106,9,30,42
S01011436,Level 2,61,52,41,5,6,9
S01011436,Level 3,52,42,34,3,5,10
S01011436,Level 4 and above,74,57,51,3,3,17
S01011437,All people aged 16 and over,610,354,285,26,43,256
S01011437,No qualifications,263,93,65,4,24,170
S01011437,Level 1,168,123,93,15,15,45
S01011437,Level 2,72,57,56,1,0,15
S01011437,Level 3,44,38,33,2,3,6
S01011437,Level 4 and above,63,43,38,4,1,20
S01011438,All people aged 16 and over,427,271,201,8,62,156
S01011438,No qualifications,188,86,65,2,19,102
S01011438,Level 1,137,108,75,4,29,29
S01011438,Level 2,43,35,30,0,5,8
S01011438,Level 3,35,27,19,1,7,8
S01011438,Level 4 and above,24,15,12,1,2,9
S01011439,All people aged 16 and over,739,457,356,44,57,282
S01011439,No qualifications,333,154,111,12,31,179
S01011439,Level 1,203,154,123,15,16,49
S01011439,Level 2,60,42,34,4,4,18
S01011439,Level 3,47,38,26,7,5,9
S01011439,Level 4 and above,96,69,62,6,1,27
S01011440,All people aged 16 and over,485,287,244,16,27,198
S01011440,No qualifications,230,86,74,4,8,144
S01011440,Level 1,135,109,91,6,12,26
S01011440,Level 2,43,32,28,0,4,11
S01011440,Level 3,34,27,22,4,1,7
S01011440,Level 4 and above,43,33,29,2,2,10
S01011441,All people aged 16 and over,640,419,332,24,63,221
S01011441,No qualifications,268,118,82,12,24,150
S01011441,Level 1,189,148,114,4,30,41
S01011441,Level 2,72,62,52,5,5,10
S01011441,Level 3,49,41,36,3,2,8
S01011441,Level 4 and above,62,50,48,0,2,12
S01011442,All people aged 16 and over,567,312,256,24,32,255
S01011442,No qualifications,248,84,69,8,7,164
S01011442,Level 1,161,113,87,8,18,48
S01011442,Level 2,62,41,33,4,4,21
S01011442,Level 3,45,35,33,1,1,10
S01011442,Level 4 and above,51,39,34,3,2,12
S01011443,All people aged 16 and over,513,284,233,21,30,229
S01011443,No qualifications,239,87,65,9,13,152
S01011443,Level 1,137,92,79,5,8,45
S01011443,Level 2,49,37,33,1,3,12
S01011443,Level 3,44,35,30,4,1,9
S01011443,Level 4 and above,44,33,26,2,5,11
S01011444,All people aged 16 and over,611,344,268,21,55,267
S01011444,No qualifications,277,90,67,8,15,187
S01011444,Level 1,175,126,97,4,25,49
S01011444,Level 2,68,56,43,5,8,12
S01011444,Level 3,47,37,29,4,4,10
S01011444,Level 4 and above,44,35,32,0,3,9
S01011445,All people aged 16 and over,431,282,229,24,29,149
S01011445,No qualifications,149,51,35,7,9,98
S01011445,Level 1,108,80,61,9,10,28
S01011445,Level 2,49,40,34,2,4,9
S01011445,Level 3,49,41,37,1,3,8
S01011445,Level 4 and above,76,70,62,5,3,6
S01011446,All people aged 16 and over,425,273,201,54,18,152
S01011446,No qualifications,145,59,31,19,9,86
S01011446,Level 1,109,82,59,16,7,27
S01011446,Level 2,76,63,53,8,2,13
S01011446,Level 3,29,19,16,3,0,10
S01011446,Level 4 and above,66,50,42,8,0,16
S01011447,All people aged 16 and over,682,433,348,39,46,249
S01011447,No qualifications,232,89,67,10,12,143
S01011447,Level 1,216,156,121,14,21,60
S01011447,Level 2,93,76,63,6,7,17
S01011447,Level 3,73,57,51,2,4,16
S01011447,Level 4 and above,68,55,46,7,2,13
S01011448,All people aged 16 and over,760,513,426,50,37,247
S01011448,No qualifications,218,84,61,13,10,134
S01011448,Level 1,189,149,121,17,11,40
S01011448,Level 2,128,97,80,9,8,31
S01011448,Level 3,77,67,61,2,4,10
S01011448,Level 4 and above,148,116,103,9,4,32
S01011449,All people aged 16 and over,451,256,206,19,31,195
S01011449,No qualifications,205,68,51,7,10,137
S01011449,Level 1,106,78,60,4,14,28
S01011449,Level 2,45,37,33,2,2,8
S01011449,Level 3,37,33,27,2,4,4
S01011449,Level 4 and above,58,40,35,4,1,18
S01011450,All people aged 16 and over,493,338,273,43,22,155
S01011450,No qualifications,125,40,33,4,3,85
S01011450,Level 1,122,92,64,13,15,30
S01011450,Level 2,69,61,46,12,3,8
S01011450,Level 3,38,31,26,5,0,7
S01011450,Level 4 and above,139,114,104,9,1,25
S01011451,All people aged 16 and over,548,418,300,87,31,130
S01011451,No qualifications,84,45,29,16,0,39
S01011451,Level 1,124,93,64,17,12,31
S01011451,Level 2,104,78,61,8,9,26
S01011451,Level 3,75,65,42,17,6,10
S01011451,Level 4 and above,161,137,104,29,4,24
S01011452,All people aged 16 and over,778,549,464,54,31,229
S01011452,No qualifications,181,86,67,15,4,95
S01011452,Level 1,205,152,118,19,15,53
S01011452,Level 2,144,112,99,7,6,32
S01011452,Level 3,81,65,58,2,5,16
S01011452,Level 4 and above,167,134,122,11,1,33
S01011453,All people aged 16 and over,585,347,294,26,27,238
S01011453,No qualifications,205,71,54,9,8,134
S01011453,Level 1,148,97,85,5,7,51
S01011453,Level 2,90,65,55,4,6,25
S01011453,Level 3,44,33,28,2,3,11
S01011453,Level 4 and above,98,81,72,6,3,17
S01011454,All people aged 16 and over,634,384,320,23,41,250
S01011454,No qualifications,233,80,66,6,8,153
S01011454,Level 1,178,140,115,7,18,38
S01011454,Level 2,66,53,39,4,10,13
S01011454,Level 3,73,54,48,2,4,19
S01011454,Level 4 and above,84,57,52,4,1,27
S01011455,All people aged 16 and over,623,356,279,23,54,267
S01011455,No qualifications,260,97,59,11,27,163
S01011455,Level 1,170,120,94,6,20,50
S01011455,Level 2,82,62,57,1,4,20
S01011455,Level 3,49,34,30,2,2,15
S01011455,Level 4 and above,62,43,39,3,1,19
S01011456,All people aged 16 and over,690,388,306,37,45,302
S01011456,No qualifications,294,109,85,15,9,185
S01011456,Level 1,174,121,90,9,22,53
S01011456,Level 2,86,59,47,6,6,27
S01011456,Level 3,54,40,34,2,4,14
S01011456,Level 4 and above,82,59,50,5,4,23
S01011457,All people aged 16 and over,731,470,386,25,59,261
S01011457,No qualifications,299,128,98,9,21,171
S01011457,Level 1,197,151,126,5,20,46
S01011457,Level 2,92,78,66,3,9,14
S01011457,Level 3,61,49,42,2,5,12
S01011457,Level 4 and above,82,64,54,6,4,18
S01011458,All people aged 16 and over,873,690,605,53,32,183
S01011458,No qualifications,165,79,66,9,4,86
S01011458,Level 1,203,162,134,13,15,41
S01011458,Level 2,191,170,152,16,2,21
S01011458,Level 3,126,110,99,5,6,16
S01011458,Level 4 and above,188,169,154,10,5,19
S01011459,All people aged 16 and over,787,601,512,49,40,186
S01011459,No qualifications,157,64,49,7,8,93
S01011459,Level 1,202,158,131,10,17,44
S01011459,Level 2,150,131,112,13,6,19
S01011459,Level 3,96,89,77,8,4,7
S01011459,Level 4 and above,182,159,143,11,5,23
S01011460,All people aged 16 and over,554,388,312,29,47,166
S01011460,No qualifications,171,72,50,9,13,99
S01011460,Level 1,134,105,77,8,20,29
S01011460,Level 2,98,77,66,3,8,21
S01011460,Level 3,57,52,42,6,4,5
S01011460,Level 4 and above,94,82,77,3,2,12
S01011461,All people aged 16 and over,580,391,319,23,49,189
S01011461,No qualifications,210,103,83,11,9,107
S01011461,Level 1,171,131,96,7,28,40
S01011461,Level 2,74,56,49,4,3,18
S01011461,Level 3,65,54,49,1,4,11
S01011461,Level 4 and above,60,47,42,0,5,13
S01011462,All people aged 16 and over,760,504,423,42,39,256
S01011462,No qualifications,228,82,59,13,10,146
S01011462,Level 1,162,112,94,7,11,50
S01011462,Level 2,126,103,88,5,10,23
S01011462,Level 3,92,77,70,5,2,15
S01011462,Level 4 and above,152,130,112,12,6,22
S01011463,All people aged 16 and over,556,358,301,39,18,198
S01011463,No qualifications,178,55,42,9,4,123
S01011463,Level 1,140,98,83,9,6,42
S01011463,Level 2,91,75,61,9,5,16
S01011463,Level 3,69,62,54,6,2,7
S01011463,Level 4 and above,78,68,61,6,1,10
S01011464,All people aged 16 and over,436,359,311,33,15,77
S01011464,No qualifications,56,33,25,6,2,23
S01011464,Level 1,102,80,63,13,4,22
S01011464,Level 2,74,57,47,3,7,17
S01011464,Level 3,60,54,51,3,0,6
S01011464,Level 4 and above,144,135,125,8,2,9
S01011465,All people aged 16 and over,406,233,179,19,35,173
S01011465,No qualifications,178,67,47,6,14,111
S01011465,Level 1,104,67,53,6,8,37
S01011465,Level 2,36,29,21,2,6,7
S01011465,Level 3,38,34,29,2,3,4
S01011465,Level 4 and above,50,36,29,3,4,14
S01011466,All people aged 16 and over,494,272,222,16,34,222
S01011466,No qualifications,211,53,43,1,9,158
S01011466,Level 1,112,83,68,5,10,29
S01011466,Level 2,61,48,41,4,3,13
S01011466,Level 3,53,42,33,3,6,11
S01011466,Level 4 and above,57,46,37,3,6,11
S01011467,All people aged 16 and over,418,291,244,17,30,127
S01011467,No qualifications,121,52,38,6,8,69
S01011467,Level 1,104,76,60,3,13,28
S01011467,Level 2,66,51,45,4,2,15
S01011467,Level 3,51,43,37,2,4,8
S01011467,Level 4 and above,76,69,64,2,3,7
S01011468,All people aged 16 and over,623,541,472,47,22,82
S01011468,No qualifications,83,53,36,14,3,30
S01011468,Level 1,162,137,119,11,7,25
S01011468,Level 2,101,85,72,7,6,16
S01011468,Level 3,93,87,84,3,0,6
S01011468,Level 4 and above,184,179,161,12,6,5
S01011469,All people aged 16 and over,639,428,331,24,73,211
S01011469,No qualifications,211,105,74,7,24,106
S01011469,Level 1,189,136,96,5,35,53
S01011469,Level 2,82,62,53,2,7,20
S01011469,Level 3,61,42,35,3,4,19
S01011469,Level 4 and above,96,83,73,7,3,13
S01011470,All people aged 16 and over,928,536,455,44,37,392
S01011470,No qualifications,334,111,83,16,12,223
S01011470,Level 1,205,129,112,9,8,76
S01011470,Level 2,143,108,95,7,6,35
S01011470,Level 3,97,68,57,5,6,29
S01011470,Level 4 and above,149,120,108,7,5,29
S01011471,All people aged 16 and over,776,419,360,33,26,357
S01011471,No qualifications,270,58,49,7,2,212
S01011471,Level 1,147,103,88,7,8,44
S01011471,Level 2,131,87,75,7,5,44
S01011471,Level 3,68,58,48,5,5,10
S01011471,Level 4 and above,160,113,100,7,6,47
S01011472,All people aged 16 and over,768,416,318,24,74,352
S01011472,No qualifications,290,93,64,5,24,197
S01011472,Level 1,196,135,90,13,32,61
S01011472,Level 2,107,62,53,1,8,45
S01011472,Level 3,69,54,44,3,7,15
S01011472,Level 4 and above,106,72,67,2,3,34
S01011473,All people aged 16 and over,613,261,210,11,40,352
S01011473,No qualifications,327,83,64,5,14,244
S01011473,Level 1,126,77,59,3,15,49
S01011473,Level 2,60,38,33,0,5,22
S01011473,Level 3,50,30,28,0,2,20
S01011473,Level 4 and above,50,33,26,3,4,17
S01011474,All people aged 16 and over,690,341,269,15,57,349
S01011474,No qualifications,301,65,46,5,14,236
S01011474,Level 1,151,110,90,2,18,41
S01011474,Level 2,71,52,39,0,13,19
S01011474,Level 3,59,39,31,1,7,20
S01011474,Level 4 and above,108,75,63,7,5,33
S01011475,All people aged 16 and over,520,238,185,9,44,282
S01011475,No qualifications,247,62,37,7,18,185
S01011475,Level 1,117,73,58,0,15,44
S01011475,Level 2,42,33,27,1,5,9
S01011475,Level 3,44,31,27,0,4,13
S01011475,Level 4 and above,70,39,36,1,2,31
S01011476,All people aged 16 and over,413,284,259,16,9,129
S01011476,No qualifications,73,29,28,1,0,44
S01011476,Level 1,76,52,47,4,1,24
S01011476,Level 2,82,71,65,4,2,11
S01011476,Level 3,53,41,35,2,4,12
S01011476,Level 4 and above,129,91,84,5,2,38
S01011477,All people aged 16 and over,710,437,382,42,13,273
S01011477,No qualifications,136,50,38,10,2,86
S01011477,Level 1,137,72,59,9,4,65
S01011477,Level 2,140,100,91,4,5,40
S01011477,Level 3,86,58,55,3,0,28
S01011477,Level 4 and above,211,157,139,16,2,54
S01011478,All people aged 16 and over,861,594,503,67,24,267
S01011478,No qualifications,136,38,25,11,2,98
S01011478,Level 1,142,99,81,11,7,43
S01011478,Level 2,157,117,97,14,6,40
S01011478,Level 3,104,82,72,9,1,22
S01011478,Level 4 and above,322,258,228,22,8,64
S01011479,All people aged 16 and over,693,425,362,43,20,268
S01011479,No qualifications,157,46,38,6,2,111
S01011479,Level 1,118,66,53,6,7,52
S01011479,Level 2,121,87,74,8,5,34
S01011479,Level 3,76,59,53,5,1,17
S01011479,Level 4 and above,221,167,144,18,5,54
S01011480,All people aged 16 and over,856,547,471,68,8,309
S01011480,No qualifications,161,46,34,12,0,115
S01011480,Level 1,115,68,56,10,2,47
S01011480,Level 2,130,93,80,13,0,37
S01011480,Level 3,104,70,57,11,2,34
S01011480,Level 4 and above,346,270,244,22,4,76
S01011481,All people aged 16 and over,637,475,405,42,28,162
S01011481,No qualifications,172,84,71,7,6,88
S01011481,Level 1,146,116,88,16,12,30
S01011481,Level 2,100,83,70,7,6,17
S01011481,Level 3,76,62,56,6,0,14
S01011481,Level 4 and above,143,130,120,6,4,13
S01011482,All people aged 16 and over,747,417,344,24,49,330
S01011482,No qualifications,278,69,53,6,10,209
S01011482,Level 1,177,128,100,6,22,49
S01011482,Level 2,99,76,62,4,10,23
S01011482,Level 3,75,61,53,3,5,14
S01011482,Level 4 and above,118,83,76,5,2,35
S01011483,All people aged 16 and over,438,309,260,31,18,129
S01011483,No qualifications,84,30,22,6,2,54
S01011483,Level 1,77,57,46,4,7,20
S01011483,Level 2,82,65,55,10,0,17
S01011483,Level 3,51,40,35,2,3,11
S01011483,Level 4 and above,144,117,102,9,6,27
S01011484,All people aged 16 and over,710,407,333,21,53,303
S01011484,No qualifications,310,120,96,5,19,190
S01011484,Level 1,193,128,99,5,24,65
S01011484,Level 2,82,66,53,6,7,16
S01011484,Level 3,57,39,36,2,1,18
S01011484,Level 4 and above,68,54,49,3,2,14
S01011485,All people aged 16 and over,754,420,329,14,77,334
S01011485,No qualifications,352,131,100,3,28,221
S01011485,Level 1,191,124,91,5,28,67
S01011485,Level 2,88,67,53,2,12,21
S01011485,Level 3,59,46,37,1,8,13
S01011485,Level 4 and above,64,52,48,3,1,12
S01011486,All people aged 16 and over,437,211,170,11,30,226
S01011486,No qualifications,208,57,45,2,10,151
S01011486,Level 1,104,67,52,5,10,37
S01011486,Level 2,56,44,33,4,7,12
S01011486,Level 3,32,18,15,0,3,14
S01011486,Level 4 and above,37,25,25,0,0,12
S01011487,All people aged 16 and over,877,547,452,36,59,330
S01011487,No qualifications,335,114,87,9,18,221
S01011487,Level 1,268,211,166,18,27,57
S01011487,Level 2,93,73,67,1,5,20
S01011487,Level 3,79,63,57,1,5,16
S01011487,Level 4 and above,102,86,75,7,4,16
S01011488,All people aged 16 and over,519,288,223,16,49,231
S01011488,No qualifications,238,85,61,3,21,153
S01011488,Level 1,151,104,80,3,21,47
S01011488,Level 2,60,43,35,3,5,17
S01011488,Level 3,27,20,15,4,1,7
S01011488,Level 4 and above,43,36,32,3,1,7
S01011489,All people aged 16 and over,543,464,385,40,39,79
S01011489,No qualifications,81,53,38,8,7,28
S01011489,Level 1,165,136,111,11,14,29
S01011489,Level 2,107,91,77,7,7,16
S01011489,Level 3,82,79,66,7,6,3
S01011489,Level 4 and above,108,105,93,7,5,3
S01011490,All people aged 16 and over,864,526,446,34,46,338
S01011490,No qualifications,351,106,86,11,9,245
S01011490,Level 1,190,151,120,9,22,39
S01011490,Level 2,108,91,81,3,7,17
S01011490,Level 3,86,67,61,2,4,19
S01011490,Level 4 and above,129,111,98,9,4,18
S01011491,All people aged 16 and over,415,259,201,9,49,156
S01011491,No qualifications,187,73,50,3,20,114
S01011491,Level 1,100,78,57,2,19,22
S01011491,Level 2,39,32,28,0,4,7
S01011491,Level 3,40,34,31,2,1,6
S01011491,Level 4 and above,49,42,35,2,5,7
S01011492,All people aged 16 and over,597,389,311,24,54,208
S01011492,No qualifications,191,77,54,6,17,114
S01011492,Level 1,158,119,96,2,21,39
S01011492,Level 2,69,49,47,0,2,20
S01011492,Level 3,63,52,37,7,8,11
S01011492,Level 4 and above,116,92,77,9,6,24
S01011493,All people aged 16 and over,398,344,302,27,15,54
S01011493,No qualifications,46,31,26,3,2,15
S01011493,Level 1,85,70,58,8,4,15
S01011493,Level 2,89,77,67,4,6,12
S01011493,Level 3,53,48,41,6,1,5
S01011493,Level 4 and above,125,118,110,6,2,7
S01011494,All people aged 16 and over,617,370,319,20,31,247
S01011494,No qualifications,266,99,80,6,13,167
S01011494,Level 1,153,108,91,7,10,45
S01011494,Level 2,76,60,53,3,4,16
S01011494,Level 3,51,41,37,2,2,10
S01011494,Level 4 and above,71,62,58,2,2,9
S01011495,All people aged 16 and over,664,389,315,16,58,275
S01011495,No qualifications,266,92,71,5,16,174
S01011495,Level 1,179,133,105,7,21,46
S01011495,Level 2,85,62,50,2,10,23
S01011495,Level 3,60,46,43,1,2,14
S01011495,Level 4 and above,74,56,46,1,9,18
S01011496,All people aged 16 and over,494,298,246,13,39,196
S01011496,No qualifications,215,93,77,6,10,122
S01011496,Level 1,137,90,74,0,16,47
S01011496,Level 2,51,38,29,1,8,13
S01011496,Level 3,38,32,28,2,2,6
S01011496,Level 4 and above,53,45,38,4,3,8
S01011497,All people aged 16 and over,492,387,328,30,29,105
S01011497,No qualifications,93,48,36,8,4,45
S01011497,Level 1,156,124,100,9,15,32
S01011497,Level 2,88,74,66,6,2,14
S01011497,Level 3,63,60,52,2,6,3
S01011497,Level 4 and above,92,81,74,5,2,11
S01011498,All people aged 16 and over,539,446,386,36,24,93
S01011498,No qualifications,90,58,46,9,3,32
S01011498,Level 1,161,137,113,13,11,24
S01011498,Level 2,108,93,82,6,5,15
S01011498,Level 3,69,64,55,5,4,5
S01011498,Level 4 and above,111,94,90,3,1,17
S01011499,All people aged 16 and over,676,488,416,38,34,188
S01011499,No qualifications,200,80,63,10,7,120
S01011499,Level 1,186,157,127,14,16,29
S01011499,Level 2,89,75,65,7,3,14
S01011499,Level 3,80,71,64,3,4,9
S01011499,Level 4 and above,121,105,97,4,4,16
S01011500,All people aged 16 and over,424,284,240,20,24,140
S01011500,No qualifications,141,61,43,7,11,80
S01011500,Level 1,119,88,75,4,9,31
S01011500,Level 2,73,59,53,5,1,14
S01011500,Level 3,38,32,28,2,2,6
S01011500,Level 4 and above,53,44,41,2,1,9
S01011501,All people aged 16 and over,537,329,245,22,62,208
S01011501,No qualifications,265,114,81,7,26,151
S01011501,Level 1,140,106,76,2,28,34
S01011501,Level 2,68,59,49,6,4,9
S01011501,Level 3,33,25,19,2,4,8
S01011501,Level 4 and above,31,25,20,5,0,6
S01011502,All people aged 16 and over,610,402,328,25,49,208
S01011502,No qualifications,257,118,92,7,19,139
S01011502,Level 1,166,133,107,11,15,33
S01011502,Level 2,73,57,47,3,7,16
S01011502,Level 3,61,55,49,0,6,6
S01011502,Level 4 and above,53,39,33,4,2,14
S01011503,All people aged 16 and over,508,316,257,27,32,192
S01011503,No qualifications,187,67,57,3,7,120
S01011503,Level 1,156,117,93,6,18,39
S01011503,Level 2,62,50,42,6,2,12
S01011503,Level 3,45,37,30,5,2,8
S01011503,Level 4 and above,58,45,35,7,3,13
S01011504,All people aged 16 and over,483,286,229,27,30,197
S01011504,No qualifications,186,61,45,10,6,125
S01011504,Level 1,128,99,75,7,17,29
S01011504,Level 2,65,45,37,4,4,20
S01011504,Level 3,41,30,24,4,2,11
S01011504,Level 4 and above,63,51,48,2,1,12
S01011505,All people aged 16 and over,552,352,281,19,52,200
S01011505,No qualifications,185,81,60,5,16,104
S01011505,Level 1,170,110,80,8,22,60
S01011505,Level 2,77,67,61,2,4,10
S01011505,Level 3,59,46,37,2,7,13
S01011505,Level 4 and above,61,48,43,2,3,13
S01011506,All people aged 16 and over,432,238,204,17,17,194
S01011506,No qualifications,173,51,42,5,4,122
S01011506,Level 1,97,66,51,5,10,31
S01011506,Level 2,54,36,34,0,2,18
S01011506,Level 3,42,33,26,6,1,9
S01011506,Level 4 and above,66,52,51,1,0,14
S01011507,All people aged 16 and over,514,306,259,20,27,208
S01011507,No qualifications,215,83,70,5,8,132
S01011507,Level 1,134,97,76,8,13,37
S01011507,Level 2,59,44,40,2,2,15
S01011507,Level 3,40,33,32,1,0,7
S01011507,Level 4 and above,66,49,41,4,4,17
S01011508,All people aged 16 and over,788,589,498,32,59,199
S01011508,No qualifications,214,105,72,10,23,109
S01011508,Level 1,220,182,143,11,28,38
S01011508,Level 2,111,93,86,6,1,18
S01011508,Level 3,100,85,79,1,5,15
S01011508,Level 4 and above,143,124,118,4,2,19
S01011509,All people aged 16 and over,521,351,294,27,30,170
S01011509,No qualifications,162,71,57,4,10,91
S01011509,Level 1,163,116,94,8,14,47
S01011509,Level 2,66,52,46,4,2,14
S01011509,Level 3,60,55,50,4,1,5
S01011509,Level 4 and above,70,57,47,7,3,13
S01011510,All people aged 16 and over,840,528,411,23,94,312
S01011510,No qualifications,311,120,92,5,23,191
S01011510,Level 1,261,198,138,9,51,63
S01011510,Level 2,116,90,70,4,16,26
S01011510,Level 3,68,51,44,3,4,17
S01011510,Level 4 and above,84,69,67,2,0,15
S01011511,All people aged 16 and over,435,269,200,13,56,166
S01011511,No qualifications,202,83,60,2,21,119
S01011511,Level 1,129,101,71,6,24,28
S01011511,Level 2,37,29,24,1,4,8
S01011511,Level 3,32,24,17,4,3,8
S01011511,Level 4 and above,35,32,28,0,4,3
S01011512,All people aged 16 and over,693,395,292,19,84,298
S01011512,No qualifications,279,102,73,4,25,177
S01011512,Level 1,238,165,118,5,42,73
S01011512,Level 2,64,45,35,1,9,19
S01011512,Level 3,67,48,41,1,6,19
S01011512,Level 4 and above,45,35,25,8,2,10
S01011513,All people aged 16 and over,609,370,292,13,65,239
S01011513,No qualifications,278,120,83,9,28,158
S01011513,Level 1,162,109,86,1,22,53
S01011513,Level 2,58,42,36,0,6,16
S01011513,Level 3,58,53,49,1,3,5
S01011513,Level 4 and above,53,46,38,2,6,7
S01011514,All people aged 16 and over,732,459,370,28,61,273
S01011514,No qualifications,335,160,122,12,26,175
S01011514,Level 1,204,155,122,5,28,49
S01011514,Level 2,60,41,35,2,4,19
S01011514,Level 3,67,54,46,5,3,13
S01011514,Level 4 and above,66,49,45,4,0,17
S01011515,All people aged 16 and over,451,340,287,25,28,111
S01011515,No qualifications,120,58,50,2,6,62
S01011515,Level 1,132,109,90,8,11,23
S01011515,Level 2,64,53,40,5,8,11
S01011515,Level 3,60,54,49,3,2,6
S01011515,Level 4 and above,75,66,58,7,1,9
S01011516,All people aged 16 and over,718,560,481,51,28,158
S01011516,No qualifications,135,72,54,12,6,63
S01011516,Level 1,179,141,117,15,9,38
S01011516,Level 2,124,104,89,10,5,20
S01011516,Level 3,113,99,90,6,3,14
S01011516,Level 4 and above,167,144,131,8,5,23
S01011517,All people aged 16 and over,453,282,241,21,20,171
S01011517,No qualifications,185,77,57,10,10,108
S01011517,Level 1,131,92,81,8,3,39
S01011517,Level 2,51,42,36,2,4,9
S01011517,Level 3,46,36,35,0,1,10
S01011517,Level 4 and above,40,35,32,1,2,5
S01011518,All people aged 16 and over,552,276,217,25,34,276
S01011518,No qualifications,291,91,62,12,17,200
S01011518,Level 1,127,85,70,5,10,42
S01011518,Level 2,48,33,27,5,1,15
S01011518,Level 3,45,34,30,1,3,11
S01011518,Level 4 and above,41,33,28,2,3,8
S01011519,All people aged 16 and over,642,399,332,15,52,243
S01011519,No qualifications,290,125,105,5,15,165
S01011519,Level 1,173,131,102,5,24,42
S01011519,Level 2,69,55,44,4,7,14
S01011519,Level 3,54,45,42,1,2,9
S01011519,Level 4 and above,56,43,39,0,4,13
S01011520,All people aged 16 and over,470,260,206,12,42,210
S01011520,No qualifications,249,89,62,5,22,160
S01011520,Level 1,113,86,68,3,15,27
S01011520,Level 2,36,30,27,0,3,6
S01011520,Level 3,32,24,21,2,1,8
S01011520,Level 4 and above,40,31,28,2,1,9
S01011521,All people aged 16 and over,753,461,365,23,73,292
S01011521,No qualifications,274,105,75,3,27,169
S01011521,Level 1,214,149,117,5,27,65
S01011521,Level 2,91,71,62,2,7,20
S01011521,Level 3,72,56,46,3,7,16
S01011521,Level 4 and above,102,80,65,10,5,22
S01011522,All people aged 16 and over,744,456,378,25,53,288
S01011522,No qualifications,281,93,77,6,10,188
S01011522,Level 1,196,153,118,7,28,43
S01011522,Level 2,91,69,58,2,9,22
S01011522,Level 3,82,70,62,4,4,12
S01011522,Level 4 and above,94,71,63,6,2,23
S01011523,All people aged 16 and over,611,419,339,29,51,192
S01011523,No qualifications,261,131,96,13,22,130
S01011523,Level 1,160,129,110,6,13,31
S01011523,Level 2,67,53,44,6,3,14
S01011523,Level 3,61,52,37,2,13,9
S01011523,Level 4 and above,62,54,52,2,0,8
S01011524,All people aged 16 and over,762,561,483,46,32,201
S01011524,No qualifications,212,101,77,16,8,111
S01011524,Level 1,218,172,150,10,12,46
S01011524,Level 2,126,106,96,5,5,20
S01011524,Level 3,91,84,79,4,1,7
S01011524,Level 4 and above,115,98,81,11,6,17
S01011525,All people aged 16 and over,783,497,447,41,9,286
S01011525,No qualifications,284,105,90,14,1,179
S01011525,Level 1,194,139,122,13,4,55
S01011525,Level 2,94,77,72,4,1,17
S01011525,Level 3,75,67,61,3,3,8
S01011525,Level 4 and above,136,109,102,7,0,27
S01011526,All people aged 16 and over,814,532,457,32,43,282
S01011526,No qualifications,258,102,81,8,13,156
S01011526,Level 1,252,187,160,9,18,65
S01011526,Level 2,110,85,77,3,5,25
S01011526,Level 3,75,61,55,3,3,14
S01011526,Level 4 and above,119,97,84,9,4,22
S01011527,All people aged 16 and over,610,367,302,37,28,243
S01011527,No qualifications,198,74,60,7,7,124
S01011527,Level 1,153,103,79,14,10,50
S01011527,Level 2,90,70,62,5,3,20
S01011527,Level 3,49,39,32,0,7,10
S01011527,Level 4 and above,120,81,69,11,1,39
S01011528,All people aged 16 and over,830,470,390,26,54,360
S01011528,No qualifications,342,113,90,7,16,229
S01011528,Level 1,212,143,115,7,21,69
S01011528,Level 2,86,66,54,5,7,20
S01011528,Level 3,84,69,64,4,1,15
S01011528,Level 4 and above,106,79,67,3,9,27
S01011529,All people aged 16 and over,422,242,183,15,44,180
S01011529,No qualifications,189,65,47,2,16,124
S01011529,Level 1,120,87,67,4,16,33
S01011529,Level 2,35,24,21,1,2,11
S01011529,Level 3,39,36,27,3,6,3
S01011529,Level 4 and above,39,30,21,5,4,9
S01011530,All people aged 16 and over,810,493,410,26,57,317
S01011530,No qualifications,342,120,101,7,12,222
S01011530,Level 1,220,177,133,11,33,43
S01011530,Level 2,78,60,51,3,6,18
S01011530,Level 3,81,63,58,2,3,18
S01011530,Level 4 and above,89,73,67,3,3,16
S01011531,All people aged 16 and over,910,603,505,68,30,307
S01011531,No qualifications,263,81,58,18,5,182
S01011531,Level 1,197,138,98,28,12,59
S01011531,Level 2,137,107,95,6,6,30
S01011531,Level 3,95,81,69,7,5,14
S01011531,Level 4 and above,218,196,185,9,2,22
S01011532,All people aged 16 and over,475,372,300,53,19,103
S01011532,No qualifications,86,48,33,12,3,38
S01011532,Level 1,114,88,67,13,8,26
S01011532,Level 2,79,65,53,11,1,14
S01011532,Level 3,68,57,48,7,2,11
S01011532,Level 4 and above,128,114,99,10,5,14
S01011533,All people aged 16 and over,570,289,218,21,50,281
S01011533,No qualifications,282,84,59,8,17,198
S01011533,Level 1,118,78,59,0,19,40
S01011533,Level 2,59,41,30,5,6,18
S01011533,Level 3,48,39,30,4,5,9
S01011533,Level 4 and above,63,47,40,4,3,16
S01011534,All people aged 16 and over,596,364,307,30,27,232
S01011534,No qualifications,224,76,53,9,14,148
S01011534,Level 1,146,105,83,12,10,41
S01011534,Level 2,80,62,59,2,1,18
S01011534,Level 3,54,45,43,2,0,9
S01011534,Level 4 and above,92,76,69,5,2,16
S01011535,All people aged 16 and over,765,362,262,25,75,403
S01011535,No qualifications,382,109,72,3,34,273
S01011535,Level 1,196,124,83,7,34,72
S01011535,Level 2,74,51,43,6,2,23
S01011535,Level 3,44,32,25,3,4,12
S01011535,Level 4 and above,69,46,39,6,1,23
S01011536,All people aged 16 and over,573,425,351,47,27,148
S01011536,No qualifications,119,51,39,7,5,68
S01011536,Level 1,112,85,69,11,5,27
S01011536,Level 2,92,75,61,7,7,17
S01011536,Level 3,68,63,52,8,3,5
S01011536,Level 4 and above,182,151,130,14,7,31
S01011537,All people aged 16 and over,445,359,317,21,21,86
S01011537,No qualifications,71,34,28,1,5,37
S01011537,Level 1,95,79,65,6,8,16
S01011537,Level 2,80,71,66,5,0,9
S01011537,Level 3,62,56,47,5,4,6
S01011537,Level 4 and above,137,119,111,4,4,18
S01011538,All people aged 16 and over,559,385,337,31,17,174
S01011538,No qualifications,110,40,35,5,0,70
S01011538,Level 1,105,76,60,7,9,29
S01011538,Level 2,97,71,63,6,2,26
S01011538,Level 3,60,46,43,3,0,14
S01011538,Level 4 and above,187,152,136,10,6,35
S01011539,All people aged 16 and over,619,363,287,24,52,256
S01011539,No qualifications,285,113,88,8,17,172
S01011539,Level 1,151,109,76,7,26,42
S01011539,Level 2,60,46,39,3,4,14
S01011539,Level 3,55,40,37,0,3,15
S01011539,Level 4 and above,68,55,47,6,2,13
S01011540,All people aged 16 and over,849,551,470,47,34,298
S01011540,No qualifications,339,135,109,14,12,204
S01011540,Level 1,244,192,159,15,18,52
S01011540,Level 2,103,87,81,5,1,16
S01011540,Level 3,76,64,55,7,2,12
S01011540,Level 4 and above,87,73,66,6,1,14
S01011541,All people aged 16 and over,716,466,371,36,59,250
S01011541,No qualifications,302,146,113,16,17,156
S01011541,Level 1,225,169,130,11,28,56
S01011541,Level 2,68,52,41,5,6,16
S01011541,Level 3,64,52,43,1,8,12
S01011541,Level 4 and above,57,47,44,3,0,10
S01011542,All people aged 16 and over,735,464,387,27,50,271
S01011542,No qualifications,332,150,123,12,15,182
S01011542,Level 1,199,149,113,11,25,50
S01011542,Level 2,88,76,68,1,7,12
S01011542,Level 3,61,45,44,1,0,16
S01011542,Level 4 and above,55,44,39,2,3,11
S01011543,All people aged 16 and over,611,392,308,20,64,219
S01011543,No qualifications,276,133,105,5,23,143
S01011543,Level 1,201,154,108,11,35,47
S01011543,Level 2,64,49,45,2,2,15
S01011543,Level 3,35,26,22,2,2,9
S01011543,Level 4 and above,35,30,28,0,2,5
S01011544,All people aged 16 and over,550,316,263,20,33,234
S01011544,No qualifications,280,120,93,13,14,160
S01011544,Level 1,148,106,87,5,14,42
S01011544,Level 2,43,31,28,1,2,12
S01011544,Level 3,32,22,19,0,3,10
S01011544,Level 4 and above,47,37,36,1,0,10
S01011545,All people aged 16 and over,488,287,249,15,23,201
S01011545,No qualifications,238,91,76,7,8,147
S01011545,Level 1,119,91,76,6,9,28
S01011545,Level 2,51,41,37,0,4,10
S01011545,Level 3,36,29,28,1,0,7
S01011545,Level 4 and above,44,35,32,1,2,9
S01011546,All people aged 16 and over,550,459,376,61,22,91
S01011546,No qualifications,82,57,40,14,3,25
S01011546,Level 1,135,113,85,18,10,22
S01011546,Level 2,116,95,78,14,3,21
S01011546,Level 3,64,60,52,5,3,4
S01011546,Level 4 and above,153,134,121,10,3,19
S01011547,All people aged 16 and over,434,358,301,34,23,76
S01011547,No qualifications,58,32,27,4,1,26
S01011547,Level 1,123,107,81,13,13,16
S01011547,Level 2,68,56,47,6,3,12
S01011547,Level 3,56,46,41,2,3,10
S01011547,Level 4 and above,129,117,105,9,3,12
S01011548,All people aged 16 and over,614,366,308,31,27,248
S01011548,No qualifications,232,79,62,12,5,153
S01011548,Level 1,144,108,91,8,9,36
S01011548,Level 2,83,64,52,4,8,19
S01011548,Level 3,70,51,45,3,3,19
S01011548,Level 4 and above,85,64,58,4,2,21
S01011549,All people aged 16 and over,678,442,370,36,36,236
S01011549,No qualifications,214,85,69,8,8,129
S01011549,Level 1,138,106,78,9,19,32
S01011549,Level 2,103,76,68,4,4,27
S01011549,Level 3,71,54,43,7,4,17
S01011549,Level 4 and above,152,121,112,8,1,31
S01011550,All people aged 16 and over,607,402,338,44,20,205
S01011550,No qualifications,113,40,27,10,3,73
S01011550,Level 1,119,76,62,7,7,43
S01011550,Level 2,131,93,82,7,4,38
S01011550,Level 3,66,54,46,5,3,12
S01011550,Level 4 and above,178,139,121,15,3,39
S01011551,All people aged 16 and over,450,278,231,29,18,172
S01011551,No qualifications,142,56,42,8,6,86
S01011551,Level 1,111,72,62,6,4,39
S01011551,Level 2,63,45,35,6,4,18
S01011551,Level 3,45,37,35,2,0,8
S01011551,Level 4 and above,89,68,57,7,4,21
S01011552,All people aged 16 and over,602,422,355,38,29,180
S01011552,No qualifications,145,60,51,3,6,85
S01011552,Level 1,158,118,91,15,12,40
S01011552,Level 2,115,89,77,6,6,26
S01011552,Level 3,67,59,47,7,5,8
S01011552,Level 4 and above,117,96,89,7,0,21
S01011553,All people aged 16 and over,618,506,407,68,31,112
S01011553,No qualifications,81,51,32,14,5,30
S01011553,Level 1,114,84,53,22,9,30
S01011553,Level 2,123,98,81,12,5,25
S01011553,Level 3,80,68,56,6,6,12
S01011553,Level 4 and above,220,205,185,14,6,15
S01011554,All people aged 16 and over,733,423,357,31,35,310
S01011554,No qualifications,333,107,95,6,6,226
S01011554,Level 1,198,150,123,10,17,48
S01011554,Level 2,69,53,44,4,5,16
S01011554,Level 3,51,47,40,3,4,4
S01011554,Level 4 and above,82,66,55,8,3,16
S01011555,All people aged 16 and over,458,303,254,15,34,155
S01011555,No qualifications,179,71,56,4,11,108
S01011555,Level 1,145,119,95,7,17,26
S01011555,Level 2,69,58,54,2,2,11
S01011555,Level 3,31,28,22,2,4,3
S01011555,Level 4 and above,34,27,27,0,0,7
S01011556,All people aged 16 and over,402,246,187,25,34,156
S01011556,No qualifications,170,74,54,7,13,96
S01011556,Level 1,112,75,55,9,11,37
S01011556,Level 2,46,36,30,2,4,10
S01011556,Level 3,30,23,16,1,6,7
S01011556,Level 4 and above,44,38,32,6,0,6
S01011557,All people aged 16 and over,594,383,326,24,33,211
S01011557,No qualifications,261,103,83,8,12,158
S01011557,Level 1,167,140,115,9,16,27
S01011557,Level 2,69,58,53,2,3,11
S01011557,Level 3,56,48,42,4,2,8
S01011557,Level 4 and above,41,34,33,1,0,7
S01011558,All people aged 16 and over,457,305,249,24,32,152
S01011558,No qualifications,182,91,75,8,8,91
S01011558,Level 1,146,112,88,8,16,34
S01011558,Level 2,55,44,37,3,4,11
S01011558,Level 3,41,35,33,2,0,6
S01011558,Level 4 and above,33,23,16,3,4,10
S01011559,All people aged 16 and over,494,303,236,16,51,191
S01011559,No qualifications,229,93,71,7,15,136
S01011559,Level 1,146,114,83,4,27,32
S01011559,Level 2,46,40,37,1,2,6
S01011559,Level 3,32,24,20,1,3,8
S01011559,Level 4 and above,41,32,25,3,4,9
S01011560,All people aged 16 and over,618,381,328,16,37,237
S01011560,No qualifications,299,122,99,9,14,177
S01011560,Level 1,156,124,104,4,16,32
S01011560,Level 2,60,50,47,1,2,10
S01011560,Level 3,48,41,41,0,0,7
S01011560,Level 4 and above,55,44,37,2,5,11
S01011561,All people aged 16 and over,646,390,313,13,64,256
S01011561,No qualifications,284,103,79,5,19,181
S01011561,Level 1,170,138,110,5,23,32
S01011561,Level 2,68,51,41,1,9,17
S01011561,Level 3,65,54,44,0,10,11
S01011561,Level 4 and above,59,44,39,2,3,15
S01011562,All people aged 16 and over,485,307,244,20,43,178
S01011562,No qualifications,192,83,59,4,20,109
S01011562,Level 1,152,112,90,9,13,40
S01011562,Level 2,64,46,37,4,5,18
S01011562,Level 3,32,25,22,1,2,7
S01011562,Level 4 and above,45,41,36,2,3,4
S01011563,All people aged 16 and over,585,353,283,25,45,232
S01011563,No qualifications,256,95,66,9,20,161
S01011563,Level 1,159,115,88,10,17,44
S01011563,Level 2,60,53,49,2,2,7
S01011563,Level 3,50,40,34,2,4,10
S01011563,Level 4 and above,60,50,46,2,2,10
S01011564,All people aged 16 and over,771,532,446,38,48,239
S01011564,No qualifications,272,116,100,7,9,156
S01011564,Level 1,217,173,122,23,28,44
S01011564,Level 2,109,93,85,2,6,16
S01011564,Level 3,83,73,67,2,4,10
S01011564,Level 4 and above,90,77,72,4,1,13
S01011565,All people aged 16 and over,743,523,441,29,53,220
S01011565,No qualifications,305,158,117,15,26,147
S01011565,Level 1,185,140,119,6,15,45
S01011565,Level 2,91,78,72,2,4,13
S01011565,Level 3,85,80,72,4,4,5
S01011565,Level 4 and above,77,67,61,2,4,10
S01011566,All people aged 16 and over,695,453,357,27,69,242
S01011566,No qualifications,274,130,94,9,27,144
S01011566,Level 1,206,145,117,6,22,61
S01011566,Level 2,78,62,50,2,10,16
S01011566,Level 3,73,62,51,6,5,11
S01011566,Level 4 and above,64,54,45,4,5,10
S01011567,All people aged 16 and over,831,452,371,34,47,379
S01011567,No qualifications,411,138,111,12,15,273
S01011567,Level 1,195,141,112,13,16,54
S01011567,Level 2,84,65,51,6,8,19
S01011567,Level 3,60,44,36,3,5,16
S01011567,Level 4 and above,81,64,61,0,3,17
S01011568,All people aged 16 and over,652,445,370,33,42,207
S01011568,No qualifications,229,92,67,12,13,137
S01011568,Level 1,174,138,117,4,17,36
S01011568,Level 2,91,77,64,7,6,14
S01011568,Level 3,55,46,41,3,2,9
S01011568,Level 4 and above,103,92,81,7,4,11
S01011569,All people aged 16 and over,804,488,419,28,41,316
S01011569,No qualifications,287,86,72,7,7,201
S01011569,Level 1,198,143,122,9,12,55
S01011569,Level 2,114,86,72,4,10,28
S01011569,Level 3,91,81,70,4,7,10
S01011569,Level 4 and above,114,92,83,4,5,22
S01011570,All people aged 16 and over,606,332,291,18,23,274
S01011570,No qualifications,275,83,67,8,8,192
S01011570,Level 1,156,118,102,5,11,38
S01011570,Level 2,68,44,40,2,2,24
S01011570,Level 3,50,45,42,2,1,5
S01011570,Level 4 and above,57,42,40,1,1,15
S01011571,All people aged 16 and over,572,324,267,18,39,248
S01011571,No qualifications,262,88,73,4,11,174
S01011571,Level 1,137,102,82,5,15,35
S01011571,Level 2,44,33,26,4,3,11
S01011571,Level 3,56,46,38,3,5,10
S01011571,Level 4 and above,73,55,48,2,5,18
S01011572,All people aged 16 and over,486,307,247,26,34,179
S01011572,No qualifications,180,61,46,7,8,119
S01011572,Level 1,120,93,75,6,12,27
S01011572,Level 2,64,52,44,4,4,12
S01011572,Level 3,45,41,32,4,5,4
S01011572,Level 4 and above,77,60,50,5,5,17
S01011573,All people aged 16 and over,842,594,500,57,37,248
S01011573,No qualifications,241,84,63,11,10,157
S01011573,Level 1,225,175,141,21,13,50
S01011573,Level 2,128,112,94,12,6,16
S01011573,Level 3,95,83,74,6,3,12
S01011573,Level 4 and above,153,140,128,7,5,13
S01011574,All people aged 16 and over,606,432,363,40,29,174
S01011574,No qualifications,194,77,58,8,11,117
S01011574,Level 1,172,150,117,23,10,22
S01011574,Level 2,94,79,72,3,4,15
S01011574,Level 3,69,57,51,3,3,12
S01011574,Level 4 and above,77,69,65,3,1,8
S01011575,All people aged 16 and over,408,256,201,17,38,152
S01011575,No qualifications,153,58,41,5,12,95
S01011575,Level 1,108,77,56,4,17,31
S01011575,Level 2,45,37,29,3,5,8
S01011575,Level 3,45,31,27,2,2,14
S01011575,Level 4 and above,57,53,48,3,2,4
S01011576,All people aged 16 and over,737,331,248,15,68,406
S01011576,No qualifications,390,104,76,8,20,286
S01011576,Level 1,188,112,80,6,26,76
S01011576,Level 2,50,38,31,0,7,12
S01011576,Level 3,56,38,31,1,6,18
S01011576,Level 4 and above,53,39,30,0,9,14
S01011577,All people aged 16 and over,572,393,321,30,42,179
S01011577,No qualifications,163,67,47,6,14,96
S01011577,Level 1,147,108,90,9,9,39
S01011577,Level 2,84,66,51,4,11,18
S01011577,Level 3,63,57,50,3,4,6
S01011577,Level 4 and above,115,95,83,8,4,20
S01011578,All people aged 16 and over,676,445,360,20,65,231
S01011578,No qualifications,206,85,68,5,12,121
S01011578,Level 1,219,164,121,6,37,55
S01011578,Level 2,99,78,61,6,11,21
S01011578,Level 3,64,49,47,0,2,15
S01011578,Level 4 and above,88,69,63,3,3,19
S01011579,All people aged 16 and over,906,592,481,79,32,314
S01011579,No qualifications,159,42,31,10,1,117
S01011579,Level 1,185,122,91,23,8,63
S01011579,Level 2,165,122,106,7,9,43
S01011579,Level 3,104,78,64,10,4,26
S01011579,Level 4 and above,293,228,189,29,10,65
S01011580,All people aged 16 and over,557,366,301,31,34,191
S01011580,No qualifications,154,54,33,10,11,100
S01011580,Level 1,169,117,90,11,16,52
S01011580,Level 2,72,60,54,3,3,12
S01011580,Level 3,62,48,42,3,3,14
S01011580,Level 4 and above,100,87,82,4,1,13
S01011581,All people aged 16 and over,693,330,264,24,42,363
S01011581,No qualifications,366,89,67,7,15,277
S01011581,Level 1,140,97,76,5,16,43
S01011581,Level 2,66,47,36,3,8,19
S01011581,Level 3,52,41,35,3,3,11
S01011581,Level 4 and above,69,56,50,6,0,13
S01011582,All people aged 16 and over,957,639,546,68,25,318
S01011582,No qualifications,209,68,52,15,1,141
S01011582,Level 1,147,113,93,13,7,34
S01011582,Level 2,161,117,96,14,7,44
S01011582,Level 3,111,85,76,7,2,26
S01011582,Level 4 and above,329,256,229,19,8,73
S01011583,All people aged 16 and over,559,374,317,19,38,185
S01011583,No qualifications,165,66,46,8,12,99
S01011583,Level 1,157,113,94,3,16,44
S01011583,Level 2,71,57,50,4,3,14
S01011583,Level 3,60,49,45,1,3,11
S01011583,Level 4 and above,106,89,82,3,4,17
S01011584,All people aged 16 and over,591,361,314,11,36,230
S01011584,No qualifications,258,103,83,4,16,155
S01011584,Level 1,151,114,99,2,13,37
S01011584,Level 2,77,58,53,2,3,19
S01011584,Level 3,53,47,43,1,3,6
S01011584,Level 4 and above,52,39,36,2,1,13
S01011585,All people aged 16 and over,585,350,300,24,26,235
S01011585,No qualifications,212,70,55,8,7,142
S01011585,Level 1,167,123,105,12,6,44
S01011585,Level 2,83,57,48,2,7,26
S01011585,Level 3,53,43,38,1,4,10
S01011585,Level 4 and above,70,57,54,1,2,13
S01011586,All people aged 16 and over,482,299,246,11,42,183
S01011586,No qualifications,205,80,60,4,16,125
S01011586,Level 1,120,88,70,2,16,32
S01011586,Level 2,58,47,41,2,4,11
S01011586,Level 3,58,52,47,1,4,6
S01011586,Level 4 and above,41,32,28,2,2,9
S01011587,All people aged 16 and over,451,277,237,11,29,174
S01011587,No qualifications,169,71,53,7,11,98
S01011587,Level 1,137,98,84,3,11,39
S01011587,Level 2,52,37,34,0,3,15
S01011587,Level 3,48,36,34,1,1,12
S01011587,Level 4 and above,45,35,32,0,3,10
S01011588,All people aged 16 and over,609,372,299,31,42,237
S01011588,No qualifications,232,92,64,14,14,140
S01011588,Level 1,190,132,110,6,16,58
S01011588,Level 2,74,56,44,4,8,18
S01011588,Level 3,53,42,35,5,2,11
S01011588,Level 4 and above,60,50,46,2,2,10
S01011589,All people aged 16 and over,707,419,364,26,29,288
S01011589,No qualifications,263,79,67,4,8,184
S01011589,Level 1,183,142,120,14,8,41
S01011589,Level 2,94,76,67,3,6,18
S01011589,Level 3,76,54,51,2,1,22
S01011589,Level 4 and above,91,68,59,3,6,23
S01011590,All people aged 16 and over,552,339,279,17,43,213
S01011590,No qualifications,213,76,64,2,10,137
S01011590,Level 1,154,123,87,10,26,31
S01011590,Level 2,69,50,44,2,4,19
S01011590,Level 3,53,45,42,2,1,8
S01011590,Level 4 and above,63,45,42,1,2,18
S01011591,All people aged 16 and over,501,301,227,20,54,200
S01011591,No qualifications,212,86,60,10,16,126
S01011591,Level 1,143,107,78,5,24,36
S01011591,Level 2,70,54,44,3,7,16
S01011591,Level 3,37,24,20,1,3,13
S01011591,Level 4 and above,39,30,25,1,4,9
S01011592,All people aged 16 and over,563,329,261,19,49,234
S01011592,No qualifications,273,105,75,7,23,168
S01011592,Level 1,128,96,75,3,18,32
S01011592,Level 2,58,40,35,3,2,18
S01011592,Level 3,54,46,42,3,1,8
S01011592,Level 4 and above,50,42,34,3,5,8
S01011593,All people aged 16 and over,601,367,312,28,27,234
S01011593,No qualifications,211,69,58,5,6,142
S01011593,Level 1,148,107,90,7,10,41
S01011593,Level 2,74,60,49,7,4,14
S01011593,Level 3,58,44,39,3,2,14
S01011593,Level 4 and above,110,87,76,6,5,23
S01011594,All people aged 16 and over,385,227,192,20,15,158
S01011594,No qualifications,141,38,30,7,1,103
S01011594,Level 1,101,75,59,9,7,26
S01011594,Level 2,48,39,34,2,3,9
S01011594,Level 3,30,27,25,0,2,3
S01011594,Level 4 and above,65,48,44,2,2,17
S01011595,All people aged 16 and over,513,373,302,44,27,140
S01011595,No qualifications,99,46,35,8,3,53
S01011595,Level 1,96,68,49,9,10,28
S01011595,Level 2,95,82,70,6,6,13
S01011595,Level 3,50,47,34,10,3,3
S01011595,Level 4 and above,173,130,114,11,5,43
S01011596,All people aged 16 and over,865,568,479,36,53,297
S01011596,No qualifications,241,83,63,8,12,158
S01011596,Level 1,170,117,97,5,15,53
S01011596,Level 2,124,98,83,4,11,26
S01011596,Level 3,98,82,69,7,6,16
S01011596,Level 4 and above,232,188,167,12,9,44
S01011597,All people aged 16 and over,537,349,301,23,25,188
S01011597,No qualifications,168,58,46,8,4,110
S01011597,Level 1,117,81,63,6,12,36
S01011597,Level 2,82,72,66,2,4,10
S01011597,Level 3,62,56,50,3,3,6
S01011597,Level 4 and above,108,82,76,4,2,26
S01011598,All people aged 16 and over,682,400,244,21,135,282
S01011598,No qualifications,296,126,71,7,48,170
S01011598,Level 1,201,134,82,6,46,67
S01011598,Level 2,53,37,17,1,19,16
S01011598,Level 3,68,56,40,1,15,12
S01011598,Level 4 and above,64,47,34,6,7,17
S01011599,All people aged 16 and over,662,408,342,20,46,254
S01011599,No qualifications,256,96,76,4,16,160
S01011599,Level 1,175,134,109,9,16,41
S01011599,Level 2,65,49,37,3,9,16
S01011599,Level 3,73,59,54,1,4,14
S01011599,Level 4 and above,93,70,66,3,1,23
S01011600,All people aged 16 and over,644,369,311,23,35,275
S01011600,No qualifications,252,84,65,9,10,168
S01011600,Level 1,146,101,79,8,14,45
S01011600,Level 2,88,74,69,1,4,14
S01011600,Level 3,69,51,45,2,4,18
S01011600,Level 4 and above,89,59,53,3,3,30
S01011601,All people aged 16 and over,656,522,454,41,27,134
S01011601,No qualifications,132,71,57,7,7,61
S01011601,Level 1,185,155,128,16,11,30
S01011601,Level 2,106,89,79,4,6,17
S01011601,Level 3,93,84,78,5,1,9
S01011601,Level 4 and above,140,123,112,9,2,17
S01011602,All people aged 16 and over,495,310,242,21,47,185
S01011602,No qualifications,210,86,60,6,20,124
S01011602,Level 1,122,95,71,9,15,27
S01011602,Level 2,52,36,29,1,6,16
S01011602,Level 3,37,31,25,3,3,6
S01011602,Level 4 and above,74,62,57,2,3,12
S01011603,All people aged 16 and over,673,332,265,21,46,341
S01011603,No qualifications,330,93,73,6,14,237
S01011603,Level 1,147,98,72,6,20,49
S01011603,Level 2,85,59,47,6,6,26
S01011603,Level 3,58,39,32,1,6,19
S01011603,Level 4 and above,53,43,41,2,0,10
S01011604,All people aged 16 and over,528,317,247,17,53,211
S01011604,No qualifications,206,81,61,7,13,125
S01011604,Level 1,152,102,75,2,25,50
S01011604,Level 2,66,54,47,4,3,12
S01011604,Level 3,58,49,38,3,8,9
S01011604,Level 4 and above,46,31,26,1,4,15
S01011605,All people aged 16 and over,715,425,333,41,51,290
S01011605,No qualifications,312,110,81,13,16,202
S01011605,Level 1,161,122,90,12,20,39
S01011605,Level 2,98,75,62,4,9,23
S01011605,Level 3,66,50,40,4,6,16
S01011605,Level 4 and above,78,68,60,8,0,10
S01011606,All people aged 16 and over,730,620,558,44,18,110
S01011606,No qualifications,98,55,38,13,4,43
S01011606,Level 1,207,177,156,16,5,30
S01011606,Level 2,131,118,106,6,6,13
S01011606,Level 3,103,89,85,2,2,14
S01011606,Level 4 and above,191,181,173,7,1,10
S01011607,All people aged 16 and over,477,366,308,29,29,111
S01011607,No qualifications,105,60,49,8,3,45
S01011607,Level 1,120,94,78,8,8,26
S01011607,Level 2,92,74,62,7,5,18
S01011607,Level 3,73,67,60,2,5,6
S01011607,Level 4 and above,87,71,59,4,8,16
S01011608,All people aged 16 and over,741,600,507,61,32,141
S01011608,No qualifications,142,80,63,14,3,62
S01011608,Level 1,212,177,136,26,15,35
S01011608,Level 2,126,108,95,6,7,18
S01011608,Level 3,116,107,92,10,5,9
S01011608,Level 4 and above,145,128,121,5,2,17
S01011609,All people aged 16 and over,762,445,331,26,88,317
S01011609,No qualifications,365,134,89,6,39,231
S01011609,Level 1,208,158,118,8,32,50
S01011609,Level 2,59,42,34,1,7,17
S01011609,Level 3,66,54,42,6,6,12
S01011609,Level 4 and above,64,57,48,5,4,7
S01011610,All people aged 16 and over,653,406,319,21,66,247
S01011610,No qualifications,281,110,81,4,25,171
S01011610,Level 1,175,133,99,10,24,42
S01011610,Level 2,66,58,51,1,6,8
S01011610,Level 3,59,53,43,3,7,6
S01011610,Level 4 and above,72,52,45,3,4,20
S01011611,All people aged 16 and over,587,386,328,29,29,201
S01011611,No qualifications,169,61,43,11,7,108
S01011611,Level 1,167,120,102,8,10,47
S01011611,Level 2,83,66,52,6,8,17
S01011611,Level 3,59,49,45,1,3,10
S01011611,Level 4 and above,109,90,86,3,1,19
S01011612,All people aged 16 and over,453,408,350,43,15,45
S01011612,No qualifications,33,21,14,4,3,12
S01011612,Level 1,92,76,54,16,6,16
S01011612,Level 2,99,94,80,10,4,5
S01011612,Level 3,72,66,57,7,2,6
S01011612,Level 4 and above,157,151,145,6,0,6
S01011613,All people aged 16 and over,798,512,426,62,24,286
S01011613,No qualifications,181,68,47,17,4,113
S01011613,Level 1,179,122,93,19,10,57
S01011613,Level 2,148,108,101,6,1,40
S01011613,Level 3,101,78,67,7,4,23
S01011613,Level 4 and above,189,136,118,13,5,53
S01011614,All people aged 16 and over,379,260,217,22,21,119
S01011614,No qualifications,119,38,32,4,2,81
S01011614,Level 1,89,72,54,9,9,17
S01011614,Level 2,60,55,44,4,7,5
S01011614,Level 3,45,38,36,1,1,7
S01011614,Level 4 and above,66,57,51,4,2,9
S01011615,All people aged 16 and over,559,336,265,27,44,223
S01011615,No qualifications,211,73,55,6,12,138
S01011615,Level 1,158,116,91,5,20,42
S01011615,Level 2,58,44,32,6,6,14
S01011615,Level 3,78,63,54,4,5,15
S01011615,Level 4 and above,54,40,33,6,1,14
S01011616,All people aged 16 and over,343,182,135,14,33,161
S01011616,No qualifications,168,52,35,3,14,116
S01011616,Level 1,75,53,35,4,14,22
S01011616,Level 2,41,31,25,3,3,10
S01011616,Level 3,25,20,17,1,2,5
S01011616,Level 4 and above,34,26,23,3,0,8
S01011617,All people aged 16 and over,711,419,341,27,51,292
S01011617,No qualifications,359,139,107,11,21,220
S01011617,Level 1,180,147,117,8,22,33
S01011617,Level 2,72,53,46,3,4,19
S01011617,Level 3,44,37,33,2,2,7
S01011617,Level 4 and above,56,43,38,3,2,13
S01011618,All people aged 16 and over,491,291,247,14,30,200
S01011618,No qualifications,214,86,71,6,9,128
S01011618,Level 1,144,105,86,5,14,39
S01011618,Level 2,53,43,37,1,5,10
S01011618,Level 3,33,25,23,0,2,8
S01011618,Level 4 and above,47,32,30,2,0,15
S01011619,All people aged 16 and over,813,638,562,39,37,175
S01011619,No qualifications,158,85,72,10,3,73
S01011619,Level 1,230,191,154,16,21,39
S01011619,Level 2,149,125,115,5,5,24
S01011619,Level 3,99,80,75,2,3,19
S01011619,Level 4 and above,177,157,146,6,5,20
S01011620,All people aged 16 and over,806,690,603,63,24,116
S01011620,No qualifications,98,67,49,15,3,31
S01011620,Level 1,219,185,160,17,8,34
S01011620,Level 2,132,114,103,9,2,18
S01011620,Level 3,134,120,102,11,7,14
S01011620,Level 4 and above,223,204,189,11,4,19
S01011621,All people aged 16 and over,591,411,350,29,32,180
S01011621,No qualifications,171,77,63,8,6,94
S01011621,Level 1,175,133,114,7,12,42
S01011621,Level 2,102,80,67,3,10,22
S01011621,Level 3,46,37,34,1,2,9
S01011621,Level 4 and above,97,84,72,10,2,13
S01011622,All people aged 16 and over,482,392,308,55,29,90
S01011622,No qualifications,77,42,25,13,4,35
S01011622,Level 1,132,111,83,17,11,21
S01011622,Level 2,83,74,60,6,8,9
S01011622,Level 3,53,50,40,6,4,3
S01011622,Level 4 and above,137,115,100,13,2,22
S01011623,All people aged 16 and over,563,328,265,33,30,235
S01011623,No qualifications,221,65,48,6,11,156
S01011623,Level 1,161,120,100,9,11,41
S01011623,Level 2,64,51,38,10,3,13
S01011623,Level 3,50,40,31,6,3,10
S01011623,Level 4 and above,67,52,48,2,2,15
S01011624,All people aged 16 and over,550,412,340,38,34,138
S01011624,No qualifications,139,68,48,10,10,71
S01011624,Level 1,162,127,103,10,14,35
S01011624,Level 2,79,69,58,6,5,10
S01011624,Level 3,76,65,57,6,2,11
S01011624,Level 4 and above,94,83,74,6,3,11
S01011625,All people aged 16 and over,443,299,250,17,32,144
S01011625,No qualifications,157,78,66,3,9,79
S01011625,Level 1,117,82,61,7,14,35
S01011625,Level 2,60,53,47,3,3,7
S01011625,Level 3,48,43,37,0,6,5
S01011625,Level 4 and above,61,43,39,4,0,18
S01011626,All people aged 16 and over,634,511,434,51,26,123
S01011626,No qualifications,80,48,35,9,4,32
S01011626,Level 1,168,131,109,14,8,37
S01011626,Level 2,135,107,95,9,3,28
S01011626,Level 3,91,82,71,6,5,9
S01011626,Level 4 and above,160,143,124,13,6,17
S01011627,All people aged 16 and over,532,441,395,35,11,91
S01011627,No qualifications,82,46,35,10,1,36
S01011627,Level 1,132,110,92,10,8,22
S01011627,Level 2,90,77,70,5,2,13
S01011627,Level 3,101,89,85,4,0,12
S01011627,Level 4 and above,127,119,113,6,0,8
S01011628,All people aged 16 and over,889,593,507,49,37,296
S01011628,No qualifications,248,90,73,13,4,158
S01011628,Level 1,206,154,127,16,11,52
S01011628,Level 2,138,108,88,9,11,30
S01011628,Level 3,110,87,78,5,4,23
S01011628,Level 4 and above,187,154,141,6,7,33
S01011629,All people aged 16 and over,490,292,234,18,40,198
S01011629,No qualifications,223,87,65,5,17,136
S01011629,Level 1,132,97,76,6,15,35
S01011629,Level 2,43,35,29,1,5,8
S01011629,Level 3,51,43,38,3,2,8
S01011629,Level 4 and above,41,30,26,3,1,11
S01011630,All people aged 16 and over,506,317,252,25,40,189
S01011630,No qualifications,196,76,58,6,12,120
S01011630,Level 1,127,94,68,7,19,33
S01011630,Level 2,59,45,38,6,1,14
S01011630,Level 3,60,47,40,2,5,13
S01011630,Level 4 and above,64,55,48,4,3,9
S01011631,All people aged 16 and over,455,270,213,13,44,185
S01011631,No qualifications,190,89,74,6,9,101
S01011631,Level 1,139,94,70,3,21,45
S01011631,Level 2,45,33,27,2,4,12
S01011631,Level 3,36,23,17,0,6,13
S01011631,Level 4 and above,45,31,25,2,4,14
S01011632,All people aged 16 and over,580,379,302,31,46,201
S01011632,No qualifications,250,115,87,12,16,135
S01011632,Level 1,174,141,111,8,22,33
S01011632,Level 2,48,37,32,4,1,11
S01011632,Level 3,52,38,32,4,2,14
S01011632,Level 4 and above,56,48,40,3,5,8
S01011633,All people aged 16 and over,592,333,262,19,52,259
S01011633,No qualifications,242,72,63,4,5,170
S01011633,Level 1,181,131,88,11,32,50
S01011633,Level 2,61,48,38,1,9,13
S01011633,Level 3,45,39,32,3,4,6
S01011633,Level 4 and above,63,43,41,0,2,20
S01011634,All people aged 16 and over,435,243,201,11,31,192
S01011634,No qualifications,188,66,53,3,10,122
S01011634,Level 1,108,74,61,4,9,34
S01011634,Level 2,53,42,34,3,5,11
S01011634,Level 3,44,35,30,0,5,9
S01011634,Level 4 and above,42,26,23,1,2,16
S01011635,All people aged 16 and over,523,318,263,19,36,205
S01011635,No qualifications,194,60,43,5,12,134
S01011635,Level 1,150,106,84,8,14,44
S01011635,Level 2,66,55,48,3,4,11
S01011635,Level 3,52,44,40,1,3,8
S01011635,Level 4 and above,61,53,48,2,3,8
S01011636,All people aged 16 and over,550,323,263,18,42,227
S01011636,No qualifications,224,82,61,6,15,142
S01011636,Level 1,180,132,105,10,17,48
S01011636,Level 2,47,35,32,0,3,12
S01011636,Level 3,51,40,37,1,2,11
S01011636,Level 4 and above,48,34,28,1,5,14
S01011637,All people aged 16 and over,560,345,268,24,53,215
S01011637,No qualifications,228,97,72,7,18,131
S01011637,Level 1,131,91,65,5,21,40
S01011637,Level 2,73,51,42,4,5,22
S01011637,Level 3,64,52,45,3,4,12
S01011637,Level 4 and above,64,54,44,5,5,10
S01011638,All people aged 16 and over,429,247,208,15,24,182
S01011638,No qualifications,176,50,40,5,5,126
S01011638,Level 1,100,71,55,3,13,29
S01011638,Level 2,55,47,42,3,2,8
S01011638,Level 3,29,24,20,2,2,5
S01011638,Level 4 and above,69,55,51,2,2,14
S01011639,All people aged 16 and over,455,266,221,6,39,189
S01011639,No qualifications,192,68,49,4,15,124
S01011639,Level 1,130,92,77,1,14,38
S01011639,Level 2,51,37,34,0,3,14
S01011639,Level 3,37,32,26,0,6,5
S01011639,Level 4 and above,45,37,35,1,1,8
S01011640,All people aged 16 and over,535,329,272,16,41,206
S01011640,No qualifications,218,100,80,4,16,118
S01011640,Level 1,126,81,66,3,12,45
S01011640,Level 2,79,61,50,4,7,18
S01011640,Level 3,59,45,38,3,4,14
S01011640,Level 4 and above,53,42,38,2,2,11
S01011641,All people aged 16 and over,406,255,224,25,6,151
S01011641,No qualifications,104,27,19,6,2,77
S01011641,Level 1,89,63,54,7,2,26
S01011641,Level 2,59,41,38,2,1,18
S01011641,Level 3,50,42,39,2,1,8
S01011641,Level 4 and above,104,82,74,8,0,22
S01011642,All people aged 16 and over,668,451,364,41,46,217
S01011642,No qualifications,175,87,63,11,13,88
S01011642,Level 1,159,115,89,7,19,44
S01011642,Level 2,114,89,75,10,4,25
S01011642,Level 3,82,62,53,4,5,20
S01011642,Level 4 and above,138,98,84,9,5,40
S01011643,All people aged 16 and over,464,326,265,43,18,138
S01011643,No qualifications,131,49,40,6,3,82
S01011643,Level 1,101,79,61,11,7,22
S01011643,Level 2,73,63,55,5,3,10
S01011643,Level 3,44,32,26,3,3,12
S01011643,Level 4 and above,115,103,83,18,2,12
S01011644,All people aged 16 and over,602,337,288,31,18,265
S01011644,No qualifications,208,47,38,6,3,161
S01011644,Level 1,139,97,83,10,4,42
S01011644,Level 2,78,62,53,5,4,16
S01011644,Level 3,59,46,41,3,2,13
S01011644,Level 4 and above,118,85,73,7,5,33
S01011645,All people aged 16 and over,452,240,207,22,11,212
S01011645,No qualifications,173,37,28,6,3,136
S01011645,Level 1,103,77,68,5,4,26
S01011645,Level 2,55,37,33,3,1,18
S01011645,Level 3,48,40,33,4,3,8
S01011645,Level 4 and above,73,49,45,4,0,24
S01011646,All people aged 16 and over,589,376,318,36,22,213
S01011646,No qualifications,141,51,39,8,4,90
S01011646,Level 1,117,77,63,7,7,40
S01011646,Level 2,101,69,58,6,5,32
S01011646,Level 3,66,48,43,4,1,18
S01011646,Level 4 and above,164,131,115,11,5,33
S01011647,All people aged 16 and over,701,528,467,32,29,173
S01011647,No qualifications,118,55,45,4,6,63
S01011647,Level 1,166,119,99,14,6,47
S01011647,Level 2,133,105,86,6,13,28
S01011647,Level 3,94,83,75,6,2,11
S01011647,Level 4 and above,190,166,162,2,2,24
S01011648,All people aged 16 and over,514,393,334,31,28,121
S01011648,No qualifications,104,40,33,5,2,64
S01011648,Level 1,132,101,77,11,13,31
S01011648,Level 2,77,66,54,7,5,11
S01011648,Level 3,56,47,44,2,1,9
S01011648,Level 4 and above,145,139,126,6,7,6
S01011649,All people aged 16 and over,395,255,222,15,18,140
S01011649,No qualifications,126,41,33,2,6,85
S01011649,Level 1,88,64,53,5,6,24
S01011649,Level 2,54,44,41,2,1,10
S01011649,Level 3,46,38,34,4,0,8
S01011649,Level 4 and above,81,68,61,2,5,13
S01011650,All people aged 16 and over,583,360,294,40,26,223
S01011650,No qualifications,153,47,35,6,6,106
S01011650,Level 1,112,80,62,9,9,32
S01011650,Level 2,74,46,39,4,3,28
S01011650,Level 3,74,58,48,6,4,16
S01011650,Level 4 and above,170,129,110,15,4,41
S01011651,All people aged 16 and over,772,478,409,33,36,294
S01011651,No qualifications,277,96,73,11,12,181
S01011651,Level 1,170,125,102,7,16,45
S01011651,Level 2,110,75,70,4,1,35
S01011651,Level 3,83,71,62,5,4,12
S01011651,Level 4 and above,132,111,102,6,3,21
S01011652,All people aged 16 and over,642,452,386,34,32,190
S01011652,No qualifications,150,68,53,5,10,82
S01011652,Level 1,141,103,88,6,9,38
S01011652,Level 2,114,88,75,6,7,26
S01011652,Level 3,62,50,43,5,2,12
S01011652,Level 4 and above,175,143,127,12,4,32
S01011653,All people aged 16 and over,719,441,346,28,67,278
S01011653,No qualifications,292,121,90,13,18,171
S01011653,Level 1,184,143,102,8,33,41
S01011653,Level 2,106,77,70,1,6,29
S01011653,Level 3,65,48,42,4,2,17
S01011653,Level 4 and above,72,52,42,2,8,20
S01011654,All people aged 16 and over,827,476,350,53,73,351
S01011654,No qualifications,330,107,60,13,34,223
S01011654,Level 1,144,87,61,10,16,57
S01011654,Level 2,99,75,58,9,8,24
S01011654,Level 3,80,69,55,4,10,11
S01011654,Level 4 and above,174,138,116,17,5,36
S01011655,All people aged 16 and over,718,421,318,24,79,297
S01011655,No qualifications,327,118,77,11,30,209
S01011655,Level 1,196,153,111,6,36,43
S01011655,Level 2,85,66,56,3,7,19
S01011655,Level 3,44,34,29,2,3,10
S01011655,Level 4 and above,66,50,45,2,3,16
S01011656,All people aged 16 and over,492,295,221,12,62,197
S01011656,No qualifications,214,85,52,4,29,129
S01011656,Level 1,153,108,83,4,21,45
S01011656,Level 2,48,43,35,1,7,5
S01011656,Level 3,39,29,23,3,3,10
S01011656,Level 4 and above,38,30,28,0,2,8
S01011657,All people aged 16 and over,426,259,188,16,55,167
S01011657,No qualifications,161,56,33,5,18,105
S01011657,Level 1,121,94,63,5,26,27
S01011657,Level 2,48,36,31,1,4,12
S01011657,Level 3,46,31,23,3,5,15
S01011657,Level 4 and above,50,42,38,2,2,8
S01011658,All people aged 16 and over,552,345,264,34,47,207
S01011658,No qualifications,252,93,66,14,13,159
S01011658,Level 1,150,128,101,11,16,22
S01011658,Level 2,68,54,44,2,8,14
S01011658,Level 3,48,41,32,5,4,7
S01011658,Level 4 and above,34,29,21,2,6,5
S01011659,All people aged 16 and over,660,375,294,27,54,285
S01011659,No qualifications,281,93,75,5,13,188
S01011659,Level 1,170,125,94,7,24,45
S01011659,Level 2,71,55,43,5,7,16
S01011659,Level 3,56,40,34,2,4,16
S01011659,Level 4 and above,82,62,48,8,6,20
S01011660,All people aged 16 and over,790,519,443,41,35,271
S01011660,No qualifications,245,104,87,9,8,141
S01011660,Level 1,172,124,101,11,12,48
S01011660,Level 2,147,110,100,5,5,37
S01011660,Level 3,88,71,64,4,3,17
S01011660,Level 4 and above,138,110,91,12,7,28
S01011661,All people aged 16 and over,434,267,210,27,30,167
S01011661,No qualifications,199,83,65,8,10,116
S01011661,Level 1,106,83,61,12,10,23
S01011661,Level 2,52,38,33,3,2,14
S01011661,Level 3,33,27,23,1,3,6
S01011661,Level 4 and above,44,36,28,3,5,8
S01011662,All people aged 16 and over,487,382,335,35,12,105
S01011662,No qualifications,96,44,28,15,1,52
S01011662,Level 1,134,108,97,7,4,26
S01011662,Level 2,82,72,60,7,5,10
S01011662,Level 3,59,54,51,2,1,5
S01011662,Level 4 and above,116,104,99,4,1,12
S01011663,All people aged 16 and over,753,508,379,26,103,245
S01011663,No qualifications,275,124,91,5,28,151
S01011663,Level 1,221,168,114,11,43,53
S01011663,Level 2,76,59,44,2,13,17
S01011663,Level 3,68,57,45,3,9,11
S01011663,Level 4 and above,113,100,85,5,10,13
S01011664,All people aged 16 and over,834,438,348,32,58,396
S01011664,No qualifications,437,150,113,16,21,287
S01011664,Level 1,201,140,115,5,20,61
S01011664,Level 2,66,46,39,4,3,20
S01011664,Level 3,54,45,32,4,9,9
S01011664,Level 4 and above,76,57,49,3,5,19
S01011665,All people aged 16 and over,718,399,336,20,43,319
S01011665,No qualifications,301,106,80,9,17,195
S01011665,Level 1,153,89,75,4,10,64
S01011665,Level 2,71,52,45,3,4,19
S01011665,Level 3,74,56,49,2,5,18
S01011665,Level 4 and above,119,96,87,2,7,23
S01011666,All people aged 16 and over,736,389,297,19,73,347
S01011666,No qualifications,359,121,86,7,28,238
S01011666,Level 1,158,110,82,7,21,48
S01011666,Level 2,81,60,43,2,15,21
S01011666,Level 3,52,38,30,2,6,14
S01011666,Level 4 and above,86,60,56,1,3,26
S01011667,All people aged 16 and over,681,364,289,39,36,317
S01011667,No qualifications,311,82,63,14,5,229
S01011667,Level 1,147,101,73,10,18,46
S01011667,Level 2,84,61,49,7,5,23
S01011667,Level 3,44,38,35,1,2,6
S01011667,Level 4 and above,95,82,69,7,6,13
S01011668,All people aged 16 and over,782,481,392,14,75,301
S01011668,No qualifications,351,167,135,1,31,184
S01011668,Level 1,224,155,121,6,28,69
S01011668,Level 2,59,46,37,3,6,13
S01011668,Level 3,62,45,39,4,2,17
S01011668,Level 4 and above,86,68,60,0,8,18
S01011669,All people aged 16 and over,560,314,245,42,27,246
S01011669,No qualifications,166,48,36,9,3,118
S01011669,Level 1,112,76,59,8,9,36
S01011669,Level 2,76,53,41,4,8,23
S01011669,Level 3,51,32,27,2,3,19
S01011669,Level 4 and above,155,105,82,19,4,50
S01011670,All people aged 16 and over,406,276,222,18,36,130
S01011670,No qualifications,156,78,62,8,8,78
S01011670,Level 1,134,99,74,4,21,35
S01011670,Level 2,31,28,22,2,4,3
S01011670,Level 3,39,32,28,2,2,7
S01011670,Level 4 and above,46,39,36,2,1,7
S01011671,All people aged 16 and over,589,337,273,39,25,252
S01011671,No qualifications,200,58,44,9,5,142
S01011671,Level 1,132,89,70,11,8,43
S01011671,Level 2,70,49,39,7,3,21
S01011671,Level 3,65,47,41,3,3,18
S01011671,Level 4 and above,122,94,79,9,6,28
S01011672,All people aged 16 and over,498,275,216,19,40,223
S01011672,No qualifications,182,60,40,6,14,122
S01011672,Level 1,120,80,57,6,17,40
S01011672,Level 2,60,36,29,3,4,24
S01011672,Level 3,48,37,32,2,3,11
S01011672,Level 4 and above,88,62,58,2,2,26
S01011673,All people aged 16 and over,537,333,271,27,35,204
S01011673,No qualifications,237,103,84,8,11,134
S01011673,Level 1,123,88,72,2,14,35
S01011673,Level 2,65,51,39,7,5,14
S01011673,Level 3,41,37,31,2,4,4
S01011673,Level 4 and above,71,54,45,8,1,17
S01011674,All people aged 16 and over,825,550,473,25,52,275
S01011674,No qualifications,266,88,69,7,12,178
S01011674,Level 1,222,178,144,11,23,44
S01011674,Level 2,94,80,75,1,4,14
S01011674,Level 3,97,75,66,3,6,22
S01011674,Level 4 and above,146,129,119,3,7,17
S01011675,All people aged 16 and over,750,439,358,31,50,311
S01011675,No qualifications,354,135,106,8,21,219
S01011675,Level 1,175,125,101,8,16,50
S01011675,Level 2,84,71,55,6,10,13
S01011675,Level 3,63,53,46,4,3,10
S01011675,Level 4 and above,74,55,50,5,0,19
S01011676,All people aged 16 and over,567,328,257,16,55,239
S01011676,No qualifications,257,96,68,4,24,161
S01011676,Level 1,147,113,87,5,21,34
S01011676,Level 2,61,41,33,3,5,20
S01011676,Level 3,56,40,35,2,3,16
S01011676,Level 4 and above,46,38,34,2,2,8
S01011677,All people aged 16 and over,463,354,275,31,48,109
S01011677,No qualifications,106,53,33,8,12,53
S01011677,Level 1,136,116,86,7,23,20
S01011677,Level 2,64,55,41,7,7,9
S01011677,Level 3,65,48,40,5,3,17
S01011677,Level 4 and above,92,82,75,4,3,10
S01011678,All people aged 16 and over,380,203,148,20,35,177
S01011678,No qualifications,182,71,46,9,16,111
S01011678,Level 1,92,58,39,7,12,34
S01011678,Level 2,37,23,19,0,4,14
S01011678,Level 3,22,15,12,1,2,7
S01011678,Level 4 and above,47,36,32,3,1,11
S01011679,All people aged 16 and over,417,338,300,24,14,79
S01011679,No qualifications,71,41,34,5,2,30
S01011679,Level 1,122,96,82,7,7,26
S01011679,Level 2,75,65,61,2,2,10
S01011679,Level 3,57,52,47,4,1,5
S01011679,Level 4 and above,92,84,76,6,2,8
S01011680,All people aged 16 and over,864,479,379,36,64,385
S01011680,No qualifications,391,130,98,8,24,261
S01011680,Level 1,246,177,139,8,30,69
S01011680,Level 2,66,50,37,8,5,16
S01011680,Level 3,85,65,55,6,4,20
S01011680,Level 4 and above,76,57,50,6,1,19
S01011681,All people aged 16 and over,667,427,361,32,34,240
S01011681,No qualifications,276,122,100,10,12,154
S01011681,Level 1,158,125,103,7,15,33
S01011681,Level 2,71,52,46,3,3,19
S01011681,Level 3,61,47,41,4,2,14
S01011681,Level 4 and above,101,81,71,8,2,20
S01011682,All people aged 16 and over,429,238,165,58,15,191
S01011682,No qualifications,174,52,32,14,6,122
S01011682,Level 1,91,59,37,17,5,32
S01011682,Level 2,45,38,28,9,1,7
S01011682,Level 3,45,34,24,9,1,11
S01011682,Level 4 and above,74,55,44,9,2,19
S01011683,All people aged 16 and over,613,406,303,56,47,207
S01011683,No qualifications,230,100,71,12,17,130
S01011683,Level 1,150,111,80,16,15,39
S01011683,Level 2,97,77,63,7,7,20
S01011683,Level 3,60,55,45,5,5,5
S01011683,Level 4 and above,76,63,44,16,3,13
S01011684,All people aged 16 and over,437,261,212,29,20,176
S01011684,No qualifications,176,62,46,10,6,114
S01011684,Level 1,105,76,69,3,4,29
S01011684,Level 2,48,39,34,3,2,9
S01011684,Level 3,43,34,25,4,5,9
S01011684,Level 4 and above,65,50,38,9,3,15
S01011685,All people aged 16 and over,602,497,410,63,24,105
S01011685,No qualifications,118,70,46,19,5,48
S01011685,Level 1,157,128,99,16,13,29
S01011685,Level 2,112,97,81,13,3,15
S01011685,Level 3,80,73,63,8,2,7
S01011685,Level 4 and above,135,129,121,7,1,6
S01011686,All people aged 16 and over,703,495,422,54,19,208
S01011686,No qualifications,140,55,44,11,0,85
S01011686,Level 1,180,142,116,17,9,38
S01011686,Level 2,120,90,78,8,4,30
S01011686,Level 3,78,66,55,9,2,12
S01011686,Level 4 and above,185,142,129,9,4,43
S01011687,All people aged 16 and over,702,432,354,29,49,270
S01011687,No qualifications,266,95,69,8,18,171
S01011687,Level 1,189,137,117,5,15,52
S01011687,Level 2,90,69,53,5,11,21
S01011687,Level 3,65,55,48,5,2,10
S01011687,Level 4 and above,92,76,67,6,3,16
S01011688,All people aged 16 and over,631,453,352,73,28,178
S01011688,No qualifications,156,64,46,15,3,92
S01011688,Level 1,168,128,92,22,14,40
S01011688,Level 2,97,82,62,13,7,15
S01011688,Level 3,80,70,57,12,1,10
S01011688,Level 4 and above,130,109,95,11,3,21
S01011689,All people aged 16 and over,538,395,317,59,19,143
S01011689,No qualifications,121,51,25,22,4,70
S01011689,Level 1,124,94,72,13,9,30
S01011689,Level 2,94,74,62,9,3,20
S01011689,Level 3,59,53,44,8,1,6
S01011689,Level 4 and above,140,123,114,7,2,17
S01011690,All people aged 16 and over,747,562,452,71,39,185
S01011690,No qualifications,185,90,62,16,12,95
S01011690,Level 1,195,157,123,22,12,38
S01011690,Level 2,122,104,82,13,9,18
S01011690,Level 3,89,71,60,6,5,18
S01011690,Level 4 and above,156,140,125,14,1,16
S01011691,All people aged 16 and over,456,331,287,28,16,125
S01011691,No qualifications,102,46,42,4,0,56
S01011691,Level 1,128,100,85,8,7,28
S01011691,Level 2,84,66,53,6,7,18
S01011691,Level 3,48,39,34,4,1,9
S01011691,Level 4 and above,94,80,73,6,1,14
S01011692,All people aged 16 and over,860,499,418,25,56,361
S01011692,No qualifications,374,130,117,2,11,244
S01011692,Level 1,211,163,122,14,27,48
S01011692,Level 2,113,85,73,5,7,28
S01011692,Level 3,84,68,60,1,7,16
S01011692,Level 4 and above,78,53,46,3,4,25
S01011693,All people aged 16 and over,664,472,398,45,29,192
S01011693,No qualifications,170,68,51,9,8,102
S01011693,Level 1,134,101,79,11,11,33
S01011693,Level 2,95,86,75,8,3,9
S01011693,Level 3,76,60,49,6,5,16
S01011693,Level 4 and above,189,157,144,11,2,32
S01011694,All people aged 16 and over,383,318,271,29,18,65
S01011694,No qualifications,72,35,22,4,9,37
S01011694,Level 1,91,78,65,10,3,13
S01011694,Level 2,54,49,46,3,0,5
S01011694,Level 3,49,47,37,7,3,2
S01011694,Level 4 and above,117,109,101,5,3,8
S01011695,All people aged 16 and over,689,545,458,71,16,144
S01011695,No qualifications,137,76,54,19,3,61
S01011695,Level 1,162,135,108,19,8,27
S01011695,Level 2,100,81,74,7,0,19
S01011695,Level 3,98,86,75,9,2,12
S01011695,Level 4 and above,192,167,147,17,3,25
S01011696,All people aged 16 and over,728,624,527,80,17,104
S01011696,No qualifications,66,45,30,13,2,21
S01011696,Level 1,147,114,91,18,5,33
S01011696,Level 2,105,91,81,9,1,14
S01011696,Level 3,95,80,67,10,3,15
S01011696,Level 4 and above,315,294,258,30,6,21
S01011697,All people aged 16 and over,757,568,479,59,30,189
S01011697,No qualifications,158,61,47,10,4,97
S01011697,Level 1,169,129,107,12,10,40
S01011697,Level 2,113,97,79,10,8,16
S01011697,Level 3,102,90,71,15,4,12
S01011697,Level 4 and above,215,191,175,12,4,24
S01011698,All people aged 16 and over,537,340,273,30,37,197
S01011698,No qualifications,206,75,50,11,14,131
S01011698,Level 1,136,102,78,10,14,34
S01011698,Level 2,74,60,53,2,5,14
S01011698,Level 3,52,44,39,1,4,8
S01011698,Level 4 and above,69,59,53,6,0,10
S01011699,All people aged 16 and over,764,508,425,57,26,256
S01011699,No qualifications,208,91,65,21,5,117
S01011699,Level 1,173,118,96,12,10,55
S01011699,Level 2,136,109,94,7,8,27
S01011699,Level 3,76,56,48,6,2,20
S01011699,Level 4 and above,171,134,122,11,1,37
S01011700,All people aged 16 and over,661,385,319,36,30,276
S01011700,No qualifications,218,67,51,13,3,151
S01011700,Level 1,131,86,66,10,10,45
S01011700,Level 2,111,83,70,6,7,28
S01011700,Level 3,79,57,50,4,3,22
S01011700,Level 4 and above,122,92,82,3,7,30
S01011701,All people aged 16 and over,822,570,466,84,20,252
S01011701,No qualifications,157,55,39,13,3,102
S01011701,Level 1,171,111,91,17,3,60
S01011701,Level 2,131,104,87,13,4,27
S01011701,Level 3,98,85,69,10,6,13
S01011701,Level 4 and above,265,215,180,31,4,50
S01011702,All people aged 16 and over,626,368,298,44,26,258
S01011702,No qualifications,184,62,47,9,6,122
S01011702,Level 1,131,78,61,11,6,53
S01011702,Level 2,80,52,42,5,5,28
S01011702,Level 3,67,55,42,7,6,12
S01011702,Level 4 and above,164,121,106,12,3,43
S01011703,All people aged 16 and over,502,346,259,65,22,156
S01011703,No qualifications,109,43,25,16,2,66
S01011703,Level 1,82,61,41,11,9,21
S01011703,Level 2,76,61,46,11,4,15
S01011703,Level 3,52,39,28,9,2,13
S01011703,Level 4 and above,183,142,119,18,5,41
S01011704,All people aged 16 and over,555,414,358,42,14,141
S01011704,No qualifications,97,37,30,5,2,60
S01011704,Level 1,122,95,80,9,6,27
S01011704,Level 2,83,66,59,3,4,17
S01011704,Level 3,71,58,49,7,2,13
S01011704,Level 4 and above,182,158,140,18,0,24
S01011705,All people aged 16 and over,602,390,305,40,45,212
S01011705,No qualifications,182,67,45,9,13,115
S01011705,Level 1,177,128,98,11,19,49
S01011705,Level 2,74,54,41,6,7,20
S01011705,Level 3,52,46,38,5,3,6
S01011705,Level 4 and above,117,95,83,9,3,22
S01011706,All people aged 16 and over,883,508,417,50,41,375
S01011706,No qualifications,328,99,75,13,11,229
S01011706,Level 1,164,112,82,13,17,52
S01011706,Level 2,135,104,87,11,6,31
S01011706,Level 3,84,62,54,3,5,22
S01011706,Level 4 and above,172,131,119,10,2,41
S01011707,All people aged 16 and over,584,369,305,43,21,215
S01011707,No qualifications,127,47,39,7,1,80
S01011707,Level 1,128,92,67,17,8,36
S01011707,Level 2,96,61,54,4,3,35
S01011707,Level 3,76,56,47,5,4,20
S01011707,Level 4 and above,157,113,98,10,5,44
S01011708,All people aged 16 and over,797,464,380,37,47,333
S01011708,No qualifications,291,105,85,12,8,186
S01011708,Level 1,171,112,87,7,18,59
S01011708,Level 2,120,88,69,6,13,32
S01011708,Level 3,81,64,52,7,5,17
S01011708,Level 4 and above,134,95,87,5,3,39
S01011709,All people aged 16 and over,782,498,401,55,42,284
S01011709,No qualifications,244,92,66,19,7,152
S01011709,Level 1,203,140,103,18,19,63
S01011709,Level 2,102,80,71,4,5,22
S01011709,Level 3,88,72,62,4,6,16
S01011709,Level 4 and above,145,114,99,10,5,31
S01011710,All people aged 16 and over,477,320,245,18,57,157
S01011710,No qualifications,191,86,67,3,16,105
S01011710,Level 1,161,124,92,5,27,37
S01011710,Level 2,51,44,33,7,4,7
S01011710,Level 3,39,35,26,2,7,4
S01011710,Level 4 and above,35,31,27,1,3,4
S01011711,All people aged 16 and over,551,309,246,21,42,242
S01011711,No qualifications,222,65,50,4,11,157
S01011711,Level 1,184,136,102,12,22,48
S01011711,Level 2,52,41,34,1,6,11
S01011711,Level 3,46,36,33,2,1,10
S01011711,Level 4 and above,47,31,27,2,2,16
S01011712,All people aged 16 and over,461,314,264,17,33,147
S01011712,No qualifications,153,63,44,6,13,90
S01011712,Level 1,122,95,73,8,14,27
S01011712,Level 2,63,56,54,1,1,7
S01011712,Level 3,39,30,28,0,2,9
S01011712,Level 4 and above,84,70,65,2,3,14
S01011713,All people aged 16 and over,759,483,413,44,26,276
S01011713,No qualifications,280,112,86,17,9,168
S01011713,Level 1,170,121,103,10,8,49
S01011713,Level 2,120,99,87,6,6,21
S01011713,Level 3,68,53,46,4,3,15
S01011713,Level 4 and above,121,98,91,7,0,23
S01011714,All people aged 16 and over,396,349,296,36,17,47
S01011714,No qualifications,64,45,34,10,1,19
S01011714,Level 1,106,96,83,6,7,10
S01011714,Level 2,75,65,53,7,5,10
S01011714,Level 3,56,51,43,7,1,5
S01011714,Level 4 and above,95,92,83,6,3,3
S01011715,All people aged 16 and over,493,286,245,15,26,207
S01011715,No qualifications,197,66,53,7,6,131
S01011715,Level 1,138,97,79,5,13,41
S01011715,Level 2,56,45,42,2,1,11
S01011715,Level 3,53,38,32,0,6,15
S01011715,Level 4 and above,49,40,39,1,0,9
S01011716,All people aged 16 and over,701,550,459,55,36,151
S01011716,No qualifications,124,57,40,9,8,67
S01011716,Level 1,201,172,134,23,15,29
S01011716,Level 2,127,104,92,8,4,23
S01011716,Level 3,82,72,64,3,5,10
S01011716,Level 4 and above,167,145,129,12,4,22
S01011717,All people aged 16 and over,615,408,346,38,24,207
S01011717,No qualifications,180,70,56,12,2,110
S01011717,Level 1,155,119,100,13,6,36
S01011717,Level 2,90,69,58,5,6,21
S01011717,Level 3,70,52,44,2,6,18
S01011717,Level 4 and above,120,98,88,6,4,22
S01011718,All people aged 16 and over,577,495,420,54,21,82
S01011718,No qualifications,75,42,29,12,1,33
S01011718,Level 1,134,114,86,17,11,20
S01011718,Level 2,104,88,68,13,7,16
S01011718,Level 3,77,73,65,8,0,4
S01011718,Level 4 and above,187,178,172,4,2,9
S01011719,All people aged 16 and over,529,444,381,50,13,85
S01011719,No qualifications,68,46,35,11,0,22
S01011719,Level 1,136,112,89,17,6,24
S01011719,Level 2,105,87,82,2,3,18
S01011719,Level 3,71,61,52,7,2,10
S01011719,Level 4 and above,149,138,123,13,2,11
S01011720,All people aged 16 and over,465,309,269,30,10,156
S01011720,No qualifications,95,31,25,5,1,64
S01011720,Level 1,106,74,61,9,4,32
S01011720,Level 2,83,65,53,8,4,18
S01011720,Level 3,70,56,51,5,0,14
S01011720,Level 4 and above,111,83,79,3,1,28
S01011721,All people aged 16 and over,586,357,307,17,33,229
S01011721,No qualifications,228,84,70,4,10,144
S01011721,Level 1,148,110,87,7,16,38
S01011721,Level 2,80,60,52,4,4,20
S01011721,Level 3,59,53,50,1,2,6
S01011721,Level 4 and above,71,50,48,1,1,21
S01011722,All people aged 16 and over,589,327,262,27,38,262
S01011722,No qualifications,217,69,55,5,9,148
S01011722,Level 1,153,93,72,8,13,60
S01011722,Level 2,79,65,47,10,8,14
S01011722,Level 3,55,40,33,0,7,15
S01011722,Level 4 and above,85,60,55,4,1,25
S01011723,All people aged 16 and over,767,487,411,41,35,280
S01011723,No qualifications,258,107,82,13,12,151
S01011723,Level 1,197,134,107,10,17,63
S01011723,Level 2,114,90,81,7,2,24
S01011723,Level 3,69,53,47,4,2,16
S01011723,Level 4 and above,129,103,94,7,2,26
S01011724,All people aged 16 and over,525,422,355,39,28,103
S01011724,No qualifications,79,46,37,5,4,33
S01011724,Level 1,159,120,93,12,15,39
S01011724,Level 2,93,82,71,6,5,11
S01011724,Level 3,78,68,61,5,2,10
S01011724,Level 4 and above,116,106,93,11,2,10
S01011725,All people aged 16 and over,498,419,355,49,15,79
S01011725,No qualifications,60,37,27,9,1,23
S01011725,Level 1,129,106,85,14,7,23
S01011725,Level 2,118,102,89,10,3,16
S01011725,Level 3,78,71,60,8,3,7
S01011725,Level 4 and above,113,103,94,8,1,10
S01011726,All people aged 16 and over,424,338,297,31,10,86
S01011726,No qualifications,69,32,27,4,1,37
S01011726,Level 1,105,85,75,8,2,20
S01011726,Level 2,74,61,54,4,3,13
S01011726,Level 3,72,64,57,6,1,8
S01011726,Level 4 and above,104,96,84,9,3,8
S01011727,All people aged 16 and over,558,472,382,74,16,86
S01011727,No qualifications,59,31,19,11,1,28
S01011727,Level 1,126,104,77,18,9,22
S01011727,Level 2,104,87,74,11,2,17
S01011727,Level 3,77,71,60,9,2,6
S01011727,Level 4 and above,192,179,152,25,2,13
S01011728,All people aged 16 and over,767,522,446,49,27,245
S01011728,No qualifications,231,84,58,19,7,147
S01011728,Level 1,220,172,143,17,12,48
S01011728,Level 2,116,97,87,6,4,19
S01011728,Level 3,92,78,72,4,2,14
S01011728,Level 4 and above,108,91,86,3,2,17
S01011729,All people aged 16 and over,562,335,261,24,50,227
S01011729,No qualifications,208,79,51,12,16,129
S01011729,Level 1,146,106,83,7,16,40
S01011729,Level 2,71,44,31,2,11,27
S01011729,Level 3,59,45,37,1,7,14
S01011729,Level 4 and above,78,61,59,2,0,17
S01011730,All people aged 16 and over,782,478,410,50,18,304
S01011730,No qualifications,237,82,64,15,3,155
S01011730,Level 1,173,112,95,9,8,61
S01011730,Level 2,118,91,78,10,3,27
S01011730,Level 3,88,71,62,7,2,17
S01011730,Level 4 and above,166,122,111,9,2,44
S01011731,All people aged 16 and over,720,442,369,36,37,278
S01011731,No qualifications,273,96,76,15,5,177
S01011731,Level 1,164,129,108,10,11,35
S01011731,Level 2,106,86,71,3,12,20
S01011731,Level 3,84,52,43,4,5,32
S01011731,Level 4 and above,93,79,71,4,4,14
S01011732,All people aged 16 and over,680,476,406,49,21,204
S01011732,No qualifications,118,49,38,9,2,69
S01011732,Level 1,165,118,97,13,8,47
S01011732,Level 2,124,101,82,11,8,23
S01011732,Level 3,82,65,58,5,2,17
S01011732,Level 4 and above,191,143,131,11,1,48
S01011733,All people aged 16 and over,705,445,370,39,36,260
S01011733,No qualifications,215,86,59,12,15,129
S01011733,Level 1,196,125,105,10,10,71
S01011733,Level 2,97,73,65,4,4,24
S01011733,Level 3,79,69,63,3,3,10
S01011733,Level 4 and above,118,92,78,10,4,26
S01011734,All people aged 16 and over,646,406,340,42,24,240
S01011734,No qualifications,175,60,47,10,3,115
S01011734,Level 1,139,94,75,8,11,45
S01011734,Level 2,116,83,70,7,6,33
S01011734,Level 3,71,60,51,8,1,11
S01011734,Level 4 and above,145,109,97,9,3,36
S01011735,All people aged 16 and over,621,380,310,49,21,241
S01011735,No qualifications,108,37,23,13,1,71
S01011735,Level 1,158,103,77,17,9,55
S01011735,Level 2,112,73,62,7,4,39
S01011735,Level 3,76,57,50,4,3,19
S01011735,Level 4 and above,167,110,98,8,4,57
S01011736,All people aged 16 and over,578,406,341,28,37,172
S01011736,No qualifications,130,51,39,6,6,79
S01011736,Level 1,194,147,119,10,18,47
S01011736,Level 2,81,65,52,7,6,16
S01011736,Level 3,75,58,53,2,3,17
S01011736,Level 4 and above,98,85,78,3,4,13
S01011737,All people aged 16 and over,552,333,257,27,49,219
S01011737,No qualifications,169,57,41,10,6,112
S01011737,Level 1,154,108,78,7,23,46
S01011737,Level 2,81,63,52,4,7,18
S01011737,Level 3,56,40,30,2,8,16
S01011737,Level 4 and above,92,65,56,4,5,27
S01011738,All people aged 16 and over,851,547,427,55,65,304
S01011738,No qualifications,238,82,59,12,11,156
S01011738,Level 1,222,159,117,18,24,63
S01011738,Level 2,133,95,74,8,13,38
S01011738,Level 3,95,81,61,7,13,14
S01011738,Level 4 and above,163,130,116,10,4,33
S01011739,All people aged 16 and over,430,279,225,13,41,151
S01011739,No qualifications,158,68,56,1,11,90
S01011739,Level 1,124,99,74,7,18,25
S01011739,Level 2,59,45,39,0,6,14
S01011739,Level 3,37,31,21,5,5,6
S01011739,Level 4 and above,52,36,35,0,1,16
S01011740,All people aged 16 and over,602,349,266,17,66,253
S01011740,No qualifications,198,62,44,2,16,136
S01011740,Level 1,184,124,86,5,33,60
S01011740,Level 2,72,52,40,2,10,20
S01011740,Level 3,65,53,46,5,2,12
S01011740,Level 4 and above,83,58,50,3,5,25
S01011741,All people aged 16 and over,536,338,277,17,44,198
S01011741,No qualifications,175,68,53,3,12,107
S01011741,Level 1,163,120,94,6,20,43
S01011741,Level 2,79,60,54,3,3,19
S01011741,Level 3,68,49,42,1,6,19
S01011741,Level 4 and above,51,41,34,4,3,10
S01011742,All people aged 16 and over,614,385,319,28,38,229
S01011742,No qualifications,185,79,64,3,12,106
S01011742,Level 1,181,125,94,12,19,56
S01011742,Level 2,82,58,51,3,4,24
S01011742,Level 3,72,52,44,6,2,20
S01011742,Level 4 and above,94,71,66,4,1,23
S01011743,All people aged 16 and over,657,423,373,24,26,234
S01011743,No qualifications,162,51,43,3,5,111
S01011743,Level 1,203,134,114,12,8,69
S01011743,Level 2,99,82,73,3,6,17
S01011743,Level 3,79,63,55,3,5,16
S01011743,Level 4 and above,114,93,88,3,2,21
S01011744,All people aged 16 and over,715,406,332,32,42,309
S01011744,No qualifications,243,73,63,3,7,170
S01011744,Level 1,191,127,98,8,21,64
S01011744,Level 2,102,78,61,8,9,24
S01011744,Level 3,80,61,53,4,4,19
S01011744,Level 4 and above,99,67,57,9,1,32
S01011745,All people aged 16 and over,633,301,252,18,31,332
S01011745,No qualifications,295,55,44,4,7,240
S01011745,Level 1,137,99,82,2,15,38
S01011745,Level 2,69,50,42,5,3,19
S01011745,Level 3,55,44,40,2,2,11
S01011745,Level 4 and above,77,53,44,5,4,24
S01011746,All people aged 16 and over,412,273,217,13,43,139
S01011746,No qualifications,147,72,52,3,17,75
S01011746,Level 1,134,100,80,4,16,34
S01011746,Level 2,75,59,49,2,8,16
S01011746,Level 3,24,20,17,1,2,4
S01011746,Level 4 and above,32,22,19,3,0,10
S01011747,All people aged 16 and over,754,466,351,23,92,288
S01011747,No qualifications,274,118,78,7,33,156
S01011747,Level 1,231,158,120,4,34,73
S01011747,Level 2,101,80,58,4,18,21
S01011747,Level 3,76,57,52,1,4,19
S01011747,Level 4 and above,72,53,43,7,3,19
S01011748,All people aged 16 and over,647,422,352,19,51,225
S01011748,No qualifications,201,88,74,3,11,113
S01011748,Level 1,200,150,115,7,28,50
S01011748,Level 2,92,64,56,3,5,28
S01011748,Level 3,84,67,61,3,3,17
S01011748,Level 4 and above,70,53,46,3,4,17
S01011749,All people aged 16 and over,560,372,279,17,76,188
S01011749,No qualifications,158,77,48,2,27,81
S01011749,Level 1,198,143,101,10,32,55
S01011749,Level 2,78,59,53,2,4,19
S01011749,Level 3,59,34,28,1,5,25
S01011749,Level 4 and above,67,59,49,2,8,8
S01011750,All people aged 16 and over,709,417,339,34,44,292
S01011750,No qualifications,232,70,58,6,6,162
S01011750,Level 1,203,141,110,13,18,62
S01011750,Level 2,97,71,55,6,10,26
S01011750,Level 3,85,63,55,4,4,22
S01011750,Level 4 and above,92,72,61,5,6,20
S01011751,All people aged 16 and over,780,533,431,23,79,247
S01011751,No qualifications,215,110,85,8,17,105
S01011751,Level 1,259,185,145,8,32,74
S01011751,Level 2,108,80,65,4,11,28
S01011751,Level 3,98,83,70,1,12,15
S01011751,Level 4 and above,100,75,66,2,7,25
S01011752,All people aged 16 and over,750,532,455,31,46,218
S01011752,No qualifications,199,78,64,3,11,121
S01011752,Level 1,205,162,137,8,17,43
S01011752,Level 2,129,107,89,8,10,22
S01011752,Level 3,98,89,77,7,5,9
S01011752,Level 4 and above,119,96,88,5,3,23
S01011753,All people aged 16 and over,660,413,340,32,41,247
S01011753,No qualifications,114,53,32,9,12,61
S01011753,Level 1,158,111,89,9,13,47
S01011753,Level 2,96,63,52,5,6,33
S01011753,Level 3,82,64,58,4,2,18
S01011753,Level 4 and above,210,122,109,5,8,88
S01011754,All people aged 16 and over,619,369,306,24,39,250
S01011754,No qualifications,192,65,48,7,10,127
S01011754,Level 1,146,107,93,4,10,39
S01011754,Level 2,107,77,65,4,8,30
S01011754,Level 3,86,64,55,5,4,22
S01011754,Level 4 and above,88,56,45,4,7,32
S01011755,All people aged 16 and over,761,531,450,33,48,230
S01011755,No qualifications,161,79,67,8,4,82
S01011755,Level 1,232,165,136,12,17,67
S01011755,Level 2,139,105,88,5,12,34
S01011755,Level 3,118,99,83,5,11,19
S01011755,Level 4 and above,111,83,76,3,4,28
S01011756,All people aged 16 and over,783,527,437,30,60,256
S01011756,No qualifications,187,76,58,4,14,111
S01011756,Level 1,234,171,135,9,27,63
S01011756,Level 2,145,107,93,6,8,38
S01011756,Level 3,112,86,76,3,7,26
S01011756,Level 4 and above,105,87,75,8,4,18
S01011757,All people aged 16 and over,573,343,291,24,28,230
S01011757,No qualifications,187,66,50,7,9,121
S01011757,Level 1,163,107,93,6,8,56
S01011757,Level 2,95,80,72,4,4,15
S01011757,Level 3,72,52,39,6,7,20
S01011757,Level 4 and above,56,38,37,1,0,18
S01011758,All people aged 16 and over,498,343,294,19,30,155
S01011758,No qualifications,143,68,62,4,2,75
S01011758,Level 1,153,120,98,7,15,33
S01011758,Level 2,74,57,54,0,3,17
S01011758,Level 3,57,46,37,2,7,11
S01011758,Level 4 and above,71,52,43,6,3,19
S01011759,All people aged 16 and over,670,404,342,27,35,266
S01011759,No qualifications,243,78,62,5,11,165
S01011759,Level 1,175,123,105,9,9,52
S01011759,Level 2,96,78,69,3,6,18
S01011759,Level 3,86,68,55,6,7,18
S01011759,Level 4 and above,70,57,51,4,2,13
S01011760,All people aged 16 and over,729,474,397,31,46,255
S01011760,No qualifications,196,69,59,8,2,127
S01011760,Level 1,224,159,124,11,24,65
S01011760,Level 2,113,91,78,5,8,22
S01011760,Level 3,97,76,67,4,5,21
S01011760,Level 4 and above,99,79,69,3,7,20
S01011761,All people aged 16 and over,507,348,292,26,30,159
S01011761,No qualifications,123,64,49,3,12,59
S01011761,Level 1,147,95,79,7,9,52
S01011761,Level 2,79,63,53,8,2,16
S01011761,Level 3,64,47,43,1,3,17
S01011761,Level 4 and above,94,79,68,7,4,15
S01011762,All people aged 16 and over,532,332,273,24,35,200
S01011762,No qualifications,145,58,45,4,9,87
S01011762,Level 1,176,122,91,11,20,54
S01011762,Level 2,86,52,47,2,3,34
S01011762,Level 3,60,52,48,3,1,8
S01011762,Level 4 and above,65,48,42,4,2,17
S01011763,All people aged 16 and over,653,415,354,33,28,238
S01011763,No qualifications,196,64,52,7,5,132
S01011763,Level 1,201,147,129,9,9,54
S01011763,Level 2,79,62,53,5,4,17
S01011763,Level 3,86,73,60,7,6,13
S01011763,Level 4 and above,91,69,60,5,4,22
S01011764,All people aged 16 and over,332,225,194,14,17,107
S01011764,No qualifications,82,30,25,1,4,52
S01011764,Level 1,113,83,71,5,7,30
S01011764,Level 2,58,49,43,2,4,9
S01011764,Level 3,40,33,28,3,2,7
S01011764,Level 4 and above,39,30,27,3,0,9
S01011765,All people aged 16 and over,818,632,543,54,35,186
S01011765,No qualifications,116,64,53,10,1,52
S01011765,Level 1,222,168,136,20,12,54
S01011765,Level 2,176,142,116,11,15,34
S01011765,Level 3,101,88,84,2,2,13
S01011765,Level 4 and above,203,170,154,11,5,33
S01011766,All people aged 16 and over,416,293,248,35,10,123
S01011766,No qualifications,98,50,38,10,2,48
S01011766,Level 1,106,82,67,12,3,24
S01011766,Level 2,63,49,44,3,2,14
S01011766,Level 3,61,49,41,6,2,12
S01011766,Level 4 and above,88,63,58,4,1,25
S01011767,All people aged 16 and over,744,446,350,41,55,298
S01011767,No qualifications,261,84,61,14,9,177
S01011767,Level 1,200,143,109,8,26,57
S01011767,Level 2,98,65,50,7,8,33
S01011767,Level 3,74,63,49,7,7,11
S01011767,Level 4 and above,111,91,81,5,5,20
S01011768,All people aged 16 and over,591,378,316,18,44,213
S01011768,No qualifications,184,61,35,5,21,123
S01011768,Level 1,179,139,121,3,15,40
S01011768,Level 2,59,45,37,6,2,14
S01011768,Level 3,85,67,61,1,5,18
S01011768,Level 4 and above,84,66,62,3,1,18
S01011769,All people aged 16 and over,554,294,240,28,26,260
S01011769,No qualifications,201,56,47,5,4,145
S01011769,Level 1,166,106,84,10,12,60
S01011769,Level 2,58,45,36,3,6,13
S01011769,Level 3,55,41,34,6,1,14
S01011769,Level 4 and above,74,46,39,4,3,28
S01011770,All people aged 16 and over,680,414,332,25,57,266
S01011770,No qualifications,219,69,51,4,14,150
S01011770,Level 1,189,148,121,6,21,41
S01011770,Level 2,88,61,45,5,11,27
S01011770,Level 3,71,58,48,3,7,13
S01011770,Level 4 and above,113,78,67,7,4,35
S01011771,All people aged 16 and over,531,418,358,43,17,113
S01011771,No qualifications,71,33,21,10,2,38
S01011771,Level 1,134,109,87,16,6,25
S01011771,Level 2,107,87,77,4,6,20
S01011771,Level 3,70,59,51,8,0,11
S01011771,Level 4 and above,149,130,122,5,3,19
S01011772,All people aged 16 and over,886,620,481,108,31,266
S01011772,No qualifications,149,60,33,22,5,89
S01011772,Level 1,152,110,83,19,8,42
S01011772,Level 2,171,121,94,19,8,50
S01011772,Level 3,117,90,76,9,5,27
S01011772,Level 4 and above,297,239,195,39,5,58
S01011773,All people aged 16 and over,447,383,336,35,12,64
S01011773,No qualifications,41,18,12,6,0,23
S01011773,Level 1,113,93,79,12,2,20
S01011773,Level 2,98,88,84,3,1,10
S01011773,Level 3,57,54,48,3,3,3
S01011773,Level 4 and above,138,130,113,11,6,8
S01011774,All people aged 16 and over,692,525,435,57,33,167
S01011774,No qualifications,104,46,31,11,4,58
S01011774,Level 1,180,134,108,11,15,46
S01011774,Level 2,124,101,80,11,10,23
S01011774,Level 3,99,78,69,6,3,21
S01011774,Level 4 and above,185,166,147,18,1,19
S01011775,All people aged 16 and over,480,401,337,48,16,79
S01011775,No qualifications,46,19,16,3,0,27
S01011775,Level 1,119,104,83,16,5,15
S01011775,Level 2,97,74,59,6,9,23
S01011775,Level 3,55,52,45,6,1,3
S01011775,Level 4 and above,163,152,134,17,1,11
S01011776,All people aged 16 and over,789,613,502,87,24,176
S01011776,No qualifications,129,47,34,11,2,82
S01011776,Level 1,160,124,99,21,4,36
S01011776,Level 2,125,102,75,20,7,23
S01011776,Level 3,84,75,63,7,5,9
S01011776,Level 4 and above,291,265,231,28,6,26
S01011777,All people aged 16 and over,477,361,317,32,12,116
S01011777,No qualifications,76,32,27,3,2,44
S01011777,Level 1,95,69,61,7,1,26
S01011777,Level 2,74,62,54,5,3,12
S01011777,Level 3,66,59,52,6,1,7
S01011777,Level 4 and above,166,139,123,11,5,27
S01011778,All people aged 16 and over,493,382,322,42,18,111
S01011778,No qualifications,68,23,13,8,2,45
S01011778,Level 1,97,70,58,9,3,27
S01011778,Level 2,117,95,79,10,6,22
S01011778,Level 3,68,61,47,8,6,7
S01011778,Level 4 and above,143,133,125,7,1,10
S01011779,All people aged 16 and over,640,438,374,44,20,202
S01011779,No qualifications,123,37,24,10,3,86
S01011779,Level 1,134,98,79,13,6,36
S01011779,Level 2,96,71,60,7,4,25
S01011779,Level 3,94,74,68,4,2,20
S01011779,Level 4 and above,193,158,143,10,5,35
S01011780,All people aged 16 and over,728,539,440,82,17,189
S01011780,No qualifications,126,59,44,13,2,67
S01011780,Level 1,130,90,75,13,2,40
S01011780,Level 2,134,109,87,18,4,25
S01011780,Level 3,91,73,60,8,5,18
S01011780,Level 4 and above,247,208,174,30,4,39
S01011781,All people aged 16 and over,459,323,276,33,14,136
S01011781,No qualifications,78,26,21,5,0,52
S01011781,Level 1,120,83,60,12,11,37
S01011781,Level 2,87,61,56,3,2,26
S01011781,Level 3,59,52,50,1,1,7
S01011781,Level 4 and above,115,101,89,12,0,14
S01011782,All people aged 16 and over,582,397,337,45,15,185
S01011782,No qualifications,106,43,36,5,2,63
S01011782,Level 1,125,93,71,15,7,32
S01011782,Level 2,97,75,64,9,2,22
S01011782,Level 3,81,64,57,6,1,17
S01011782,Level 4 and above,173,122,109,10,3,51
S01011783,All people aged 16 and over,486,341,282,40,19,145
S01011783,No qualifications,91,28,20,6,2,63
S01011783,Level 1,109,82,67,7,8,27
S01011783,Level 2,88,67,59,6,2,21
S01011783,Level 3,54,47,38,6,3,7
S01011783,Level 4 and above,144,117,98,15,4,27
S01011784,All people aged 16 and over,660,415,352,29,34,245
S01011784,No qualifications,218,87,74,9,4,131
S01011784,Level 1,180,117,96,5,16,63
S01011784,Level 2,103,76,66,5,5,27
S01011784,Level 3,78,64,55,5,4,14
S01011784,Level 4 and above,81,71,61,5,5,10
S01011785,All people aged 16 and over,711,452,383,41,28,259
S01011785,No qualifications,236,87,73,6,8,149
S01011785,Level 1,168,119,98,10,11,49
S01011785,Level 2,110,92,80,8,4,18
S01011785,Level 3,90,71,62,7,2,19
S01011785,Level 4 and above,107,83,70,10,3,24
S01011786,All people aged 16 and over,296,241,203,27,11,55
S01011786,No qualifications,38,19,16,1,2,19
S01011786,Level 1,66,47,33,9,5,19
S01011786,Level 2,49,41,34,5,2,8
S01011786,Level 3,37,32,27,3,2,5
S01011786,Level 4 and above,106,102,93,9,0,4
S01011787,All people aged 16 and over,822,477,350,45,82,345
S01011787,No qualifications,333,114,78,13,23,219
S01011787,Level 1,214,151,100,17,34,63
S01011787,Level 2,109,76,56,11,9,33
S01011787,Level 3,80,62,48,4,10,18
S01011787,Level 4 and above,86,74,68,0,6,12
S01011788,All people aged 16 and over,513,379,263,98,18,134
S01011788,No qualifications,54,30,19,9,2,24
S01011788,Level 1,92,60,36,20,4,32
S01011788,Level 2,82,55,36,17,2,27
S01011788,Level 3,57,48,27,17,4,9
S01011788,Level 4 and above,228,186,145,35,6,42
S01011789,All people aged 16 and over,550,335,260,59,16,215
S01011789,No qualifications,158,58,42,15,1,100
S01011789,Level 1,134,90,73,11,6,44
S01011789,Level 2,78,53,39,9,5,25
S01011789,Level 3,56,46,39,6,1,10
S01011789,Level 4 and above,124,88,67,18,3,36
S01011790,All people aged 16 and over,778,500,372,74,54,278
S01011790,No qualifications,233,92,64,15,13,141
S01011790,Level 1,243,171,120,27,24,72
S01011790,Level 2,96,75,58,12,5,21
S01011790,Level 3,80,62,44,10,8,18
S01011790,Level 4 and above,126,100,86,10,4,26
S01011791,All people aged 16 and over,610,351,285,36,30,259
S01011791,No qualifications,219,57,48,7,2,162
S01011791,Level 1,174,123,98,13,12,51
S01011791,Level 2,77,62,50,4,8,15
S01011791,Level 3,62,50,39,7,4,12
S01011791,Level 4 and above,78,59,50,5,4,19
S01011792,All people aged 16 and over,784,389,313,44,32,395
S01011792,No qualifications,314,63,45,9,9,251
S01011792,Level 1,176,115,94,12,9,61
S01011792,Level 2,67,44,37,2,5,23
S01011792,Level 3,71,53,42,7,4,18
S01011792,Level 4 and above,156,114,95,14,5,42
S01011793,All people aged 16 and over,611,358,287,49,22,253
S01011793,No qualifications,178,44,30,10,4,134
S01011793,Level 1,148,92,75,10,7,56
S01011793,Level 2,73,59,48,5,6,14
S01011793,Level 3,62,53,41,11,1,9
S01011793,Level 4 and above,150,110,93,13,4,40
S01011794,All people aged 16 and over,709,418,341,41,36,291
S01011794,No qualifications,228,76,54,11,11,152
S01011794,Level 1,249,162,132,18,12,87
S01011794,Level 2,80,70,57,6,7,10
S01011794,Level 3,64,48,42,3,3,16
S01011794,Level 4 and above,88,62,56,3,3,26
S01011795,All people aged 16 and over,515,301,241,29,31,214
S01011795,No qualifications,195,76,60,5,11,119
S01011795,Level 1,148,98,74,11,13,50
S01011795,Level 2,58,44,36,5,3,14
S01011795,Level 3,50,37,30,4,3,13
S01011795,Level 4 and above,64,46,41,4,1,18
S01011796,All people aged 16 and over,599,375,293,28,54,224
S01011796,No qualifications,213,80,52,9,19,133
S01011796,Level 1,176,126,96,6,24,50
S01011796,Level 2,70,56,50,3,3,14
S01011796,Level 3,58,46,39,1,6,12
S01011796,Level 4 and above,82,67,56,9,2,15
S01011797,All people aged 16 and over,865,602,507,70,25,263
S01011797,No qualifications,160,66,47,14,5,94
S01011797,Level 1,225,165,138,17,10,60
S01011797,Level 2,180,132,110,16,6,48
S01011797,Level 3,106,86,75,10,1,20
S01011797,Level 4 and above,194,153,137,13,3,41
S01011798,All people aged 16 and over,453,269,214,27,28,184
S01011798,No qualifications,165,48,37,6,5,117
S01011798,Level 1,134,97,68,13,16,37
S01011798,Level 2,53,45,39,2,4,8
S01011798,Level 3,42,33,26,4,3,9
S01011798,Level 4 and above,59,46,44,2,0,13
S01011799,All people aged 16 and over,757,473,398,46,29,284
S01011799,No qualifications,198,83,68,7,8,115
S01011799,Level 1,217,137,107,22,8,80
S01011799,Level 2,102,77,68,2,7,25
S01011799,Level 3,86,64,56,6,2,22
S01011799,Level 4 and above,154,112,99,9,4,42
S01011800,All people aged 16 and over,425,268,226,28,14,157
S01011800,No qualifications,152,55,45,7,3,97
S01011800,Level 1,135,100,84,11,5,35
S01011800,Level 2,52,44,37,5,2,8
S01011800,Level 3,40,33,30,2,1,7
S01011800,Level 4 and above,46,36,30,3,3,10
S01011801,All people aged 16 and over,456,273,214,13,46,183
S01011801,No qualifications,147,49,38,4,7,98
S01011801,Level 1,145,105,72,5,28,40
S01011801,Level 2,57,37,32,1,4,20
S01011801,Level 3,49,38,34,1,3,11
S01011801,Level 4 and above,58,44,38,2,4,14
S01011802,All people aged 16 and over,582,330,260,30,40,252
S01011802,No qualifications,222,67,49,9,9,155
S01011802,Level 1,170,120,90,9,21,50
S01011802,Level 2,79,57,48,5,4,22
S01011802,Level 3,50,37,31,3,3,13
S01011802,Level 4 and above,61,49,42,4,3,12
S01011803,All people aged 16 and over,465,298,231,30,37,167
S01011803,No qualifications,169,88,68,9,11,81
S01011803,Level 1,125,84,63,8,13,41
S01011803,Level 2,51,39,32,2,5,12
S01011803,Level 3,49,33,24,5,4,16
S01011803,Level 4 and above,71,54,44,6,4,17
S01011804,All people aged 16 and over,631,399,316,66,17,232
S01011804,No qualifications,207,81,65,10,6,126
S01011804,Level 1,120,90,76,10,4,30
S01011804,Level 2,77,64,57,5,2,13
S01011804,Level 3,49,45,32,12,1,4
S01011804,Level 4 and above,178,119,86,29,4,59
S01011805,All people aged 16 and over,469,297,216,66,15,172
S01011805,No qualifications,109,31,24,4,3,78
S01011805,Level 1,82,59,39,12,8,23
S01011805,Level 2,64,51,38,10,3,13
S01011805,Level 3,42,34,30,4,0,8
S01011805,Level 4 and above,172,122,85,36,1,50
S01011806,All people aged 16 and over,627,389,309,68,12,238
S01011806,No qualifications,169,63,42,17,4,106
S01011806,Level 1,128,93,73,17,3,35
S01011806,Level 2,105,77,68,7,2,28
S01011806,Level 3,54,44,37,7,0,10
S01011806,Level 4 and above,171,112,89,20,3,59
S01011807,All people aged 16 and over,914,628,424,195,9,286
S01011807,No qualifications,255,125,48,76,1,130
S01011807,Level 1,206,156,110,42,4,50
S01011807,Level 2,120,103,68,33,2,17
S01011807,Level 3,47,44,35,9,0,3
S01011807,Level 4 and above,286,200,163,35,2,86
S01011808,All people aged 16 and over,521,352,286,50,16,169
S01011808,No qualifications,134,42,29,10,3,92
S01011808,Level 1,122,93,74,12,7,29
S01011808,Level 2,93,76,64,8,4,17
S01011808,Level 3,32,31,25,6,0,1
S01011808,Level 4 and above,140,110,94,14,2,30
S01011809,All people aged 16 and over,595,416,313,97,6,179
S01011809,No qualifications,148,69,41,26,2,79
S01011809,Level 1,123,95,78,15,2,28
S01011809,Level 2,86,67,47,20,0,19
S01011809,Level 3,41,33,25,8,0,8
S01011809,Level 4 and above,197,152,122,28,2,45
S01011810,All people aged 16 and over,785,520,382,118,20,265
S01011810,No qualifications,241,111,65,42,4,130
S01011810,Level 1,176,127,95,28,4,49
S01011810,Level 2,108,89,64,21,4,19
S01011810,Level 3,65,55,44,7,4,10
S01011810,Level 4 and above,195,138,114,20,4,57
S01011811,All people aged 16 and over,851,576,404,154,18,275
S01011811,No qualifications,224,80,33,46,1,144
S01011811,Level 1,189,150,105,40,5,39
S01011811,Level 2,136,117,91,23,3,19
S01011811,Level 3,76,66,54,11,1,10
S01011811,Level 4 and above,226,163,121,34,8,63
S01011812,All people aged 16 and over,545,365,247,108,10,180
S01011812,No qualifications,113,48,19,28,1,65
S01011812,Level 1,123,90,62,26,2,33
S01011812,Level 2,74,57,45,11,1,17
S01011812,Level 3,40,31,24,7,0,9
S01011812,Level 4 and above,195,139,97,36,6,56
S01011813,All people aged 16 and over,625,444,332,98,14,181
S01011813,No qualifications,158,57,34,23,0,101
S01011813,Level 1,152,127,99,23,5,25
S01011813,Level 2,106,90,69,17,4,16
S01011813,Level 3,61,55,40,14,1,6
S01011813,Level 4 and above,148,115,90,21,4,33
S01011814,All people aged 16 and over,575,419,302,105,12,156
S01011814,No qualifications,137,56,26,29,1,81
S01011814,Level 1,118,95,70,20,5,23
S01011814,Level 2,79,69,52,17,0,10
S01011814,Level 3,56,46,36,7,3,10
S01011814,Level 4 and above,185,153,118,32,3,32
S01011815,All people aged 16 and over,614,459,365,79,15,155
S01011815,No qualifications,134,67,31,33,3,67
S01011815,Level 1,147,122,101,13,8,25
S01011815,Level 2,99,89,76,12,1,10
S01011815,Level 3,62,55,50,4,1,7
S01011815,Level 4 and above,172,126,107,17,2,46
S01011816,All people aged 16 and over,530,361,293,62,6,169
S01011816,No qualifications,110,41,26,13,2,69
S01011816,Level 1,99,73,57,14,2,26
S01011816,Level 2,92,75,61,12,2,17
S01011816,Level 3,55,45,40,5,0,10
S01011816,Level 4 and above,174,127,109,18,0,47
S01011817,All people aged 16 and over,592,442,345,85,12,150
S01011817,No qualifications,133,53,35,17,1,80
S01011817,Level 1,152,118,90,23,5,34
S01011817,Level 2,109,103,82,19,2,6
S01011817,Level 3,47,45,40,4,1,2
S01011817,Level 4 and above,151,123,98,22,3,28
S01011818,All people aged 16 and over,894,626,547,62,17,268
S01011818,No qualifications,234,85,69,14,2,149
S01011818,Level 1,240,201,169,23,9,39
S01011818,Level 2,148,124,112,11,1,24
S01011818,Level 3,72,58,54,1,3,14
S01011818,Level 4 and above,200,158,143,13,2,42
S01011819,All people aged 16 and over,729,486,424,42,20,243
S01011819,No qualifications,257,88,74,8,6,169
S01011819,Level 1,181,147,128,11,8,34
S01011819,Level 2,115,104,89,11,4,11
S01011819,Level 3,53,46,43,2,1,7
S01011819,Level 4 and above,123,101,90,10,1,22
S01011820,All people aged 16 and over,640,390,320,55,15,250
S01011820,No qualifications,186,36,25,9,2,150
S01011820,Level 1,137,98,76,14,8,39
S01011820,Level 2,99,86,77,7,2,13
S01011820,Level 3,52,44,40,3,1,8
S01011820,Level 4 and above,166,126,102,22,2,40
S01011821,All people aged 16 and over,354,242,200,20,22,112
S01011821,No qualifications,85,26,18,4,4,59
S01011821,Level 1,110,89,69,7,13,21
S01011821,Level 2,57,49,45,2,2,8
S01011821,Level 3,28,24,21,1,2,4
S01011821,Level 4 and above,74,54,47,6,1,20
S01011822,All people aged 16 and over,615,430,353,51,26,185
S01011822,No qualifications,176,72,52,14,6,104
S01011822,Level 1,153,126,101,15,10,27
S01011822,Level 2,95,81,67,9,5,14
S01011822,Level 3,54,49,42,5,2,5
S01011822,Level 4 and above,137,102,91,8,3,35
S01011823,All people aged 16 and over,506,335,291,35,9,171
S01011823,No qualifications,148,44,34,8,2,104
S01011823,Level 1,112,90,80,7,3,22
S01011823,Level 2,85,70,58,10,2,15
S01011823,Level 3,46,39,36,1,2,7
S01011823,Level 4 and above,115,92,83,9,0,23
S01011824,All people aged 16 and over,553,404,344,36,24,149
S01011824,No qualifications,165,77,59,9,9,88
S01011824,Level 1,180,150,127,13,10,30
S01011824,Level 2,83,72,67,4,1,11
S01011824,Level 3,43,40,34,4,2,3
S01011824,Level 4 and above,82,65,57,6,2,17
S01011825,All people aged 16 and over,462,294,248,37,9,168
S01011825,No qualifications,139,46,38,7,1,93
S01011825,Level 1,105,77,65,8,4,28
S01011825,Level 2,70,54,44,10,0,16
S01011825,Level 3,44,37,32,5,0,7
S01011825,Level 4 and above,104,80,69,7,4,24
S01011826,All people aged 16 and over,550,388,328,44,16,162
S01011826,No qualifications,118,35,30,5,0,83
S01011826,Level 1,122,98,77,13,8,24
S01011826,Level 2,90,70,55,12,3,20
S01011826,Level 3,62,55,47,6,2,7
S01011826,Level 4 and above,158,130,119,8,3,28
S01011827,All people aged 16 and over,472,238,155,68,15,234
S01011827,No qualifications,182,53,25,24,4,129
S01011827,Level 1,73,46,33,9,4,27
S01011827,Level 2,51,34,28,5,1,17
S01011827,Level 3,38,32,19,12,1,6
S01011827,Level 4 and above,128,73,50,18,5,55
S01011828,All people aged 16 and over,764,507,327,162,18,257
S01011828,No qualifications,220,92,46,42,4,128
S01011828,Level 1,161,117,79,35,3,44
S01011828,Level 2,105,85,56,24,5,20
S01011828,Level 3,68,60,41,15,4,8
S01011828,Level 4 and above,210,153,105,46,2,57
S01011829,All people aged 16 and over,357,251,184,60,7,106
S01011829,No qualifications,100,47,32,14,1,53
S01011829,Level 1,63,47,34,11,2,16
S01011829,Level 2,47,38,29,7,2,9
S01011829,Level 3,38,32,24,6,2,6
S01011829,Level 4 and above,109,87,65,22,0,22
S01011830,All people aged 16 and over,480,305,159,130,16,175
S01011830,No qualifications,148,60,17,40,3,88
S01011830,Level 1,95,64,37,23,4,31
S01011830,Level 2,53,43,17,20,6,10
S01011830,Level 3,37,29,21,7,1,8
S01011830,Level 4 and above,147,109,67,40,2,38
S01011831,All people aged 16 and over,754,422,226,173,23,332
S01011831,No qualifications,280,110,49,54,7,170
S01011831,Level 1,154,108,54,47,7,46
S01011831,Level 2,78,56,30,23,3,22
S01011831,Level 3,41,29,20,9,0,12
S01011831,Level 4 and above,201,119,73,40,6,82
S01011832,All people aged 16 and over,719,458,274,175,9,261
S01011832,No qualifications,287,126,47,77,2,161
S01011832,Level 1,159,130,95,31,4,29
S01011832,Level 2,81,68,45,22,1,13
S01011832,Level 3,32,26,17,8,1,6
S01011832,Level 4 and above,160,108,70,37,1,52
S01011833,All people aged 16 and over,805,493,364,103,26,312
S01011833,No qualifications,126,29,21,6,2,97
S01011833,Level 1,127,77,46,22,9,50
S01011833,Level 2,133,85,64,20,1,48
S01011833,Level 3,88,63,52,10,1,25
S01011833,Level 4 and above,331,239,181,45,13,92
S01011834,All people aged 16 and over,376,261,206,48,7,115
S01011834,No qualifications,50,18,11,5,2,32
S01011834,Level 1,56,31,28,2,1,25
S01011834,Level 2,44,32,22,7,3,12
S01011834,Level 3,30,21,15,5,1,9
S01011834,Level 4 and above,196,159,130,29,0,37
S01011835,All people aged 16 and over,549,403,297,85,21,146
S01011835,No qualifications,71,25,14,9,2,46
S01011835,Level 1,101,66,39,21,6,35
S01011835,Level 2,70,52,38,12,2,18
S01011835,Level 3,55,47,29,14,4,8
S01011835,Level 4 and above,252,213,177,29,7,39
S01011836,All people aged 16 and over,661,400,301,79,20,261
S01011836,No qualifications,116,37,21,14,2,79
S01011836,Level 1,115,73,57,10,6,42
S01011836,Level 2,94,60,49,10,1,34
S01011836,Level 3,57,45,33,9,3,12
S01011836,Level 4 and above,279,185,141,36,8,94
S01011837,All people aged 16 and over,566,339,247,82,10,227
S01011837,No qualifications,96,28,19,7,2,68
S01011837,Level 1,100,52,35,15,2,48
S01011837,Level 2,82,59,39,17,3,23
S01011837,Level 3,59,43,33,9,1,16
S01011837,Level 4 and above,229,157,121,34,2,72
S01011838,All people aged 16 and over,693,429,349,65,15,264
S01011838,No qualifications,89,18,15,3,0,71
S01011838,Level 1,117,65,47,13,5,52
S01011838,Level 2,98,72,62,9,1,26
S01011838,Level 3,78,51,44,4,3,27
S01011838,Level 4 and above,311,223,181,36,6,88
S01011839,All people aged 16 and over,825,519,431,67,21,306
S01011839,No qualifications,137,37,29,8,0,100
S01011839,Level 1,174,110,79,21,10,64
S01011839,Level 2,135,105,90,11,4,30
S01011839,Level 3,89,65,54,10,1,24
S01011839,Level 4 and above,290,202,179,17,6,88
S01011840,All people aged 16 and over,788,548,446,72,30,240
S01011840,No qualifications,161,69,57,8,4,92
S01011840,Level 1,177,122,99,16,7,55
S01011840,Level 2,112,93,71,13,9,19
S01011840,Level 3,92,75,65,5,5,17
S01011840,Level 4 and above,246,189,154,30,5,57
S01011841,All people aged 16 and over,745,483,384,69,30,262
S01011841,No qualifications,176,66,51,7,8,110
S01011841,Level 1,171,107,82,17,8,64
S01011841,Level 2,69,55,39,12,4,14
S01011841,Level 3,81,64,51,10,3,17
S01011841,Level 4 and above,248,191,161,23,7,57
S01011842,All people aged 16 and over,791,490,403,45,42,301
S01011842,No qualifications,274,119,94,9,16,155
S01011842,Level 1,173,119,98,10,11,54
S01011842,Level 2,88,63,53,7,3,25
S01011842,Level 3,68,55,47,4,4,13
S01011842,Level 4 and above,188,134,111,15,8,54
S01011843,All people aged 16 and over,812,539,336,180,23,273
S01011843,No qualifications,138,58,22,34,2,80
S01011843,Level 1,166,112,66,39,7,54
S01011843,Level 2,99,62,43,14,5,37
S01011843,Level 3,69,51,38,11,2,18
S01011843,Level 4 and above,340,256,167,82,7,84
S01011844,All people aged 16 and over,611,361,274,77,10,250
S01011844,No qualifications,94,23,15,7,1,71
S01011844,Level 1,79,47,35,6,6,32
S01011844,Level 2,90,54,42,10,2,36
S01011844,Level 3,69,51,44,6,1,18
S01011844,Level 4 and above,279,186,138,48,0,93
S01011845,All people aged 16 and over,674,438,351,64,23,236
S01011845,No qualifications,160,50,39,7,4,110
S01011845,Level 1,135,103,79,14,10,32
S01011845,Level 2,107,79,62,13,4,28
S01011845,Level 3,72,63,52,8,3,9
S01011845,Level 4 and above,200,143,119,22,2,57
S01011846,All people aged 16 and over,724,480,365,99,16,244
S01011846,No qualifications,123,52,39,12,1,71
S01011846,Level 1,121,79,55,17,7,42
S01011846,Level 2,102,76,57,15,4,26
S01011846,Level 3,75,60,50,10,0,15
S01011846,Level 4 and above,303,213,164,45,4,90
S01011847,All people aged 16 and over,343,229,162,63,4,114
S01011847,No qualifications,41,20,11,9,0,21
S01011847,Level 1,57,38,26,12,0,19
S01011847,Level 2,54,36,28,7,1,18
S01011847,Level 3,25,20,16,4,0,5
S01011847,Level 4 and above,166,115,81,31,3,51
S01011848,All people aged 16 and over,588,399,286,103,10,189
S01011848,No qualifications,103,46,28,14,4,57
S01011848,Level 1,117,86,63,20,3,31
S01011848,Level 2,81,60,45,14,1,21
S01011848,Level 3,49,37,26,10,1,12
S01011848,Level 4 and above,238,170,124,45,1,68
S01011849,All people aged 16 and over,650,468,376,73,19,182
S01011849,No qualifications,148,67,51,10,6,81
S01011849,Level 1,139,115,99,12,4,24
S01011849,Level 2,92,76,57,16,3,16
S01011849,Level 3,63,53,41,11,1,10
S01011849,Level 4 and above,208,157,128,24,5,51
S01011850,All people aged 16 and over,583,381,277,90,14,202
S01011850,No qualifications,79,31,20,10,1,48
S01011850,Level 1,108,80,55,19,6,28
S01011850,Level 2,105,70,50,19,1,35
S01011850,Level 3,52,42,31,11,0,10
S01011850,Level 4 and above,239,158,121,31,6,81
S01011851,All people aged 16 and over,735,484,345,101,38,251
S01011851,No qualifications,158,69,49,9,11,89
S01011851,Level 1,172,117,85,26,6,55
S01011851,Level 2,111,93,65,17,11,18
S01011851,Level 3,65,48,32,14,2,17
S01011851,Level 4 and above,229,157,114,35,8,72
S01011852,All people aged 16 and over,847,519,404,86,29,328
S01011852,No qualifications,230,67,45,13,9,163
S01011852,Level 1,211,150,117,24,9,61
S01011852,Level 2,120,96,71,19,6,24
S01011852,Level 3,75,55,44,10,1,20
S01011852,Level 4 and above,211,151,127,20,4,60
S01011853,All people aged 16 and over,571,407,318,62,27,164
S01011853,No qualifications,91,40,21,11,8,51
S01011853,Level 1,142,104,84,15,5,38
S01011853,Level 2,89,73,56,11,6,16
S01011853,Level 3,69,54,47,5,2,15
S01011853,Level 4 and above,180,136,110,20,6,44
S01011854,All people aged 16 and over,712,397,320,62,15,315
S01011854,No qualifications,174,50,39,10,1,124
S01011854,Level 1,127,88,69,12,7,39
S01011854,Level 2,99,69,58,7,4,30
S01011854,Level 3,66,46,39,6,1,20
S01011854,Level 4 and above,246,144,115,27,2,102
S01011855,All people aged 16 and over,706,442,371,50,21,264
S01011855,No qualifications,226,82,68,10,4,144
S01011855,Level 1,180,133,111,12,10,47
S01011855,Level 2,111,81,69,8,4,30
S01011855,Level 3,54,39,32,5,2,15
S01011855,Level 4 and above,135,107,91,15,1,28
S01011856,All people aged 16 and over,597,298,210,75,13,299
S01011856,No qualifications,75,16,5,11,0,59
S01011856,Level 1,100,47,36,9,2,53
S01011856,Level 2,101,57,41,10,6,44
S01011856,Level 3,55,40,28,10,2,15
S01011856,Level 4 and above,266,138,100,35,3,128
S01011857,All people aged 16 and over,572,361,250,101,10,211
S01011857,No qualifications,129,49,34,13,2,80
S01011857,Level 1,123,82,52,26,4,41
S01011857,Level 2,83,56,45,10,1,27
S01011857,Level 3,49,39,27,12,0,10
S01011857,Level 4 and above,188,135,92,40,3,53
S01011858,All people aged 16 and over,753,351,247,93,11,402
S01011858,No qualifications,127,35,29,5,1,92
S01011858,Level 1,131,68,51,14,3,63
S01011858,Level 2,102,58,40,14,4,44
S01011858,Level 3,70,50,42,8,0,20
S01011858,Level 4 and above,323,140,85,52,3,183
S01011859,All people aged 16 and over,752,340,251,73,16,412
S01011859,No qualifications,218,44,31,8,5,174
S01011859,Level 1,177,103,81,18,4,74
S01011859,Level 2,72,44,38,4,2,28
S01011859,Level 3,58,41,31,9,1,17
S01011859,Level 4 and above,227,108,70,34,4,119
S01011860,All people aged 16 and over,529,417,315,81,21,112
S01011860,No qualifications,75,40,29,8,3,35
S01011860,Level 1,112,87,73,9,5,25
S01011860,Level 2,87,74,62,12,0,13
S01011860,Level 3,53,47,31,14,2,6
S01011860,Level 4 and above,202,169,120,38,11,33
S01011861,All people aged 16 and over,636,397,259,120,18,239
S01011861,No qualifications,123,49,27,21,1,74
S01011861,Level 1,137,96,69,24,3,41
S01011861,Level 2,83,56,37,14,5,27
S01011861,Level 3,48,36,22,14,0,12
S01011861,Level 4 and above,245,160,104,47,9,85
S01011862,All people aged 16 and over,827,425,339,67,19,402
S01011862,No qualifications,127,31,22,7,2,96
S01011862,Level 1,148,73,59,9,5,75
S01011862,Level 2,108,67,57,10,0,41
S01011862,Level 3,75,45,40,2,3,30
S01011862,Level 4 and above,369,209,161,39,9,160
S01011863,All people aged 16 and over,722,374,277,70,27,348
S01011863,No qualifications,124,29,14,11,4,95
S01011863,Level 1,146,75,54,12,9,71
S01011863,Level 2,93,53,43,3,7,40
S01011863,Level 3,55,35,27,7,1,20
S01011863,Level 4 and above,304,182,139,37,6,122
S01011864,All people aged 16 and over,612,349,265,73,11,263
S01011864,No qualifications,102,29,19,8,2,73
S01011864,Level 1,121,78,57,19,2,43
S01011864,Level 2,102,73,57,12,4,29
S01011864,Level 3,48,32,25,7,0,16
S01011864,Level 4 and above,239,137,107,27,3,102
S01011865,All people aged 16 and over,516,297,227,49,21,219
S01011865,No qualifications,122,33,27,3,3,89
S01011865,Level 1,138,87,69,11,7,51
S01011865,Level 2,78,56,39,11,6,22
S01011865,Level 3,47,30,25,4,1,17
S01011865,Level 4 and above,131,91,67,20,4,40
S01011866,All people aged 16 and over,636,407,317,69,21,229
S01011866,No qualifications,160,77,50,20,7,83
S01011866,Level 1,170,127,96,22,9,43
S01011866,Level 2,84,62,52,7,3,22
S01011866,Level 3,46,31,28,3,0,15
S01011866,Level 4 and above,176,110,91,17,2,66
S01011867,All people aged 16 and over,766,490,418,53,19,276
S01011867,No qualifications,239,87,67,10,10,152
S01011867,Level 1,202,143,128,13,2,59
S01011867,Level 2,127,102,81,15,6,25
S01011867,Level 3,62,56,51,4,1,6
S01011867,Level 4 and above,136,102,91,11,0,34
S01011868,All people aged 16 and over,717,451,353,74,24,266
S01011868,No qualifications,167,60,42,11,7,107
S01011868,Level 1,153,107,94,10,3,46
S01011868,Level 2,107,73,54,16,3,34
S01011868,Level 3,68,56,47,5,4,12
S01011868,Level 4 and above,222,155,116,32,7,67
S01011869,All people aged 16 and over,679,455,351,81,23,224
S01011869,No qualifications,144,53,35,11,7,91
S01011869,Level 1,172,114,92,16,6,58
S01011869,Level 2,84,64,49,12,3,20
S01011869,Level 3,72,57,48,7,2,15
S01011869,Level 4 and above,207,167,127,35,5,40
S01011870,All people aged 16 and over,565,343,273,45,25,222
S01011870,No qualifications,145,57,46,8,3,88
S01011870,Level 1,161,104,82,12,10,57
S01011870,Level 2,93,62,49,6,7,31
S01011870,Level 3,58,46,41,3,2,12
S01011870,Level 4 and above,108,74,55,16,3,34
S01011871,All people aged 16 and over,866,606,425,149,32,260
S01011871,No qualifications,155,65,37,23,5,90
S01011871,Level 1,180,131,90,28,13,49
S01011871,Level 2,147,113,87,23,3,34
S01011871,Level 3,91,77,52,20,5,14
S01011871,Level 4 and above,293,220,159,55,6,73
S01011872,All people aged 16 and over,723,499,344,136,19,224
S01011872,No qualifications,91,41,28,13,0,50
S01011872,Level 1,141,96,59,30,7,45
S01011872,Level 2,122,90,61,26,3,32
S01011872,Level 3,78,60,39,19,2,18
S01011872,Level 4 and above,291,212,157,48,7,79
S01011873,All people aged 16 and over,646,463,373,72,18,183
S01011873,No qualifications,99,42,26,12,4,57
S01011873,Level 1,137,97,80,11,6,40
S01011873,Level 2,97,79,65,12,2,18
S01011873,Level 3,91,73,61,11,1,18
S01011873,Level 4 and above,222,172,141,26,5,50
S01011874,All people aged 16 and over,542,379,310,58,11,163
S01011874,No qualifications,111,43,32,9,2,68
S01011874,Level 1,129,96,76,17,3,33
S01011874,Level 2,101,85,75,8,2,16
S01011874,Level 3,63,52,39,11,2,11
S01011874,Level 4 and above,138,103,88,13,2,35
S01011875,All people aged 16 and over,571,317,262,37,18,254
S01011875,No qualifications,165,41,35,3,3,124
S01011875,Level 1,131,81,69,5,7,50
S01011875,Level 2,82,62,55,3,4,20
S01011875,Level 3,59,44,39,3,2,15
S01011875,Level 4 and above,134,89,64,23,2,45
S01011876,All people aged 16 and over,770,517,386,112,19,253
S01011876,No qualifications,161,65,45,18,2,96
S01011876,Level 1,143,100,65,26,9,43
S01011876,Level 2,109,86,67,15,4,23
S01011876,Level 3,72,56,36,20,0,16
S01011876,Level 4 and above,285,210,173,33,4,75
S01011877,All people aged 16 and over,469,293,232,52,9,176
S01011877,No qualifications,124,38,29,8,1,86
S01011877,Level 1,104,75,59,13,3,29
S01011877,Level 2,75,56,46,8,2,19
S01011877,Level 3,44,36,29,6,1,8
S01011877,Level 4 and above,122,88,69,17,2,34
S01011878,All people aged 16 and over,976,543,419,103,21,433
S01011878,No qualifications,162,62,41,19,2,100
S01011878,Level 1,234,97,83,13,1,137
S01011878,Level 2,167,69,52,12,5,98
S01011878,Level 3,79,63,47,11,5,16
S01011878,Level 4 and above,334,252,196,48,8,82
S01011879,All people aged 16 and over,444,294,217,57,20,150
S01011879,No qualifications,54,18,10,7,1,36
S01011879,Level 1,93,62,47,8,7,31
S01011879,Level 2,72,53,39,8,6,19
S01011879,Level 3,49,29,23,6,0,20
S01011879,Level 4 and above,176,132,98,28,6,44
S01011880,All people aged 16 and over,482,313,234,68,11,169
S01011880,No qualifications,90,38,26,10,2,52
S01011880,Level 1,83,50,34,13,3,33
S01011880,Level 2,68,53,38,13,2,15
S01011880,Level 3,52,45,35,9,1,7
S01011880,Level 4 and above,189,127,101,23,3,62
S01011881,All people aged 16 and over,664,435,365,54,16,229
S01011881,No qualifications,150,50,40,6,4,100
S01011881,Level 1,142,102,81,15,6,40
S01011881,Level 2,118,94,77,13,4,24
S01011881,Level 3,62,51,48,3,0,11
S01011881,Level 4 and above,192,138,119,17,2,54
S01011882,All people aged 16 and over,810,480,407,45,28,330
S01011882,No qualifications,266,74,56,13,5,192
S01011882,Level 1,193,134,115,9,10,59
S01011882,Level 2,129,108,93,10,5,21
S01011882,Level 3,60,55,45,6,4,5
S01011882,Level 4 and above,162,109,98,7,4,53
S01011883,All people aged 16 and over,916,580,478,84,18,336
S01011883,No qualifications,118,40,29,9,2,78
S01011883,Level 1,191,112,95,14,3,79
S01011883,Level 2,156,100,88,10,2,56
S01011883,Level 3,85,60,50,5,5,25
S01011883,Level 4 and above,366,268,216,46,6,98
S01011884,All people aged 16 and over,347,244,177,59,8,103
S01011884,No qualifications,61,27,20,7,0,34
S01011884,Level 1,77,63,45,13,5,14
S01011884,Level 2,47,37,26,10,1,10
S01011884,Level 3,38,30,19,10,1,8
S01011884,Level 4 and above,124,87,67,19,1,37
S01011885,All people aged 16 and over,527,386,303,79,4,141
S01011885,No qualifications,71,25,13,12,0,46
S01011885,Level 1,94,72,56,16,0,22
S01011885,Level 2,82,67,50,15,2,15
S01011885,Level 3,53,46,40,5,1,7
S01011885,Level 4 and above,227,176,144,31,1,51
S01011886,All people aged 16 and over,703,459,375,63,21,244
S01011886,No qualifications,147,60,49,9,2,87
S01011886,Level 1,150,98,79,13,6,52
S01011886,Level 2,90,63,48,11,4,27
S01011886,Level 3,74,55,45,6,4,19
S01011886,Level 4 and above,242,183,154,24,5,59
S01011887,All people aged 16 and over,468,306,247,43,16,162
S01011887,No qualifications,128,52,41,9,2,76
S01011887,Level 1,118,85,66,13,6,33
S01011887,Level 2,60,46,35,8,3,14
S01011887,Level 3,66,49,40,7,2,17
S01011887,Level 4 and above,96,74,65,6,3,22
S01011888,All people aged 16 and over,669,461,385,39,37,208
S01011888,No qualifications,224,102,80,10,12,122
S01011888,Level 1,178,139,125,5,9,39
S01011888,Level 2,90,78,65,7,6,12
S01011888,Level 3,58,46,38,4,4,12
S01011888,Level 4 and above,119,96,77,13,6,23
S01011889,All people aged 16 and over,779,426,353,57,16,353
S01011889,No qualifications,209,39,32,5,2,170
S01011889,Level 1,145,92,72,13,7,53
S01011889,Level 2,102,65,54,8,3,37
S01011889,Level 3,62,52,45,5,2,10
S01011889,Level 4 and above,261,178,150,26,2,83
S01011890,All people aged 16 and over,570,396,336,41,19,174
S01011890,No qualifications,128,38,31,5,2,90
S01011890,Level 1,110,77,62,10,5,33
S01011890,Level 2,78,68,59,6,3,10
S01011890,Level 3,64,59,55,2,2,5
S01011890,Level 4 and above,190,154,129,18,7,36
S01011891,All people aged 16 and over,1121,410,345,28,37,711
S01011891,No qualifications,407,81,61,6,14,326
S01011891,Level 1,343,130,107,7,16,213
S01011891,Level 2,136,67,56,8,3,69
S01011891,Level 3,98,58,52,4,2,40
S01011891,Level 4 and above,137,74,69,3,2,63
S01011892,All people aged 16 and over,817,649,563,59,27,168
S01011892,No qualifications,103,44,33,5,6,59
S01011892,Level 1,173,140,119,13,8,33
S01011892,Level 2,123,105,93,8,4,18
S01011892,Level 3,106,93,76,11,6,13
S01011892,Level 4 and above,312,267,242,22,3,45
S01011893,All people aged 16 and over,798,542,466,43,33,256
S01011893,No qualifications,162,48,37,6,5,114
S01011893,Level 1,160,116,101,3,12,44
S01011893,Level 2,143,118,106,7,5,25
S01011893,Level 3,95,77,67,3,7,18
S01011893,Level 4 and above,238,183,155,24,4,55
S01011894,All people aged 16 and over,531,368,318,31,19,163
S01011894,No qualifications,137,51,42,5,4,86
S01011894,Level 1,150,114,95,10,9,36
S01011894,Level 2,61,49,43,4,2,12
S01011894,Level 3,56,48,45,1,2,8
S01011894,Level 4 and above,127,106,93,11,2,21
S01011895,All people aged 16 and over,579,291,215,62,14,288
S01011895,No qualifications,101,13,3,10,0,88
S01011895,Level 1,87,43,30,10,3,44
S01011895,Level 2,95,64,45,11,8,31
S01011895,Level 3,58,36,26,8,2,22
S01011895,Level 4 and above,238,135,111,23,1,103
S01011896,All people aged 16 and over,727,451,384,49,18,276
S01011896,No qualifications,155,32,25,6,1,123
S01011896,Level 1,145,86,66,14,6,59
S01011896,Level 2,95,72,65,6,1,23
S01011896,Level 3,80,62,53,5,4,18
S01011896,Level 4 and above,252,199,175,18,6,53
S01011897,All people aged 16 and over,826,510,420,64,26,316
S01011897,No qualifications,149,55,41,10,4,94
S01011897,Level 1,175,112,89,17,6,63
S01011897,Level 2,105,75,65,4,6,30
S01011897,Level 3,66,49,40,4,5,17
S01011897,Level 4 and above,331,219,185,29,5,112
S01011898,All people aged 16 and over,520,368,300,58,10,152
S01011898,No qualifications,42,16,13,2,1,26
S01011898,Level 1,90,57,48,6,3,33
S01011898,Level 2,83,64,48,14,2,19
S01011898,Level 3,42,36,26,9,1,6
S01011898,Level 4 and above,263,195,165,27,3,68
S01011899,All people aged 16 and over,662,389,351,29,9,273
S01011899,No qualifications,143,39,35,3,1,104
S01011899,Level 1,154,92,80,9,3,62
S01011899,Level 2,104,73,66,4,3,31
S01011899,Level 3,73,59,54,4,1,14
S01011899,Level 4 and above,188,126,116,9,1,62
S01011900,All people aged 16 and over,602,403,349,41,13,199
S01011900,No qualifications,101,31,21,9,1,70
S01011900,Level 1,106,68,55,9,4,38
S01011900,Level 2,94,81,73,5,3,13
S01011900,Level 3,60,46,41,4,1,14
S01011900,Level 4 and above,241,177,159,14,4,64
S01011901,All people aged 16 and over,729,474,377,70,27,255
S01011901,No qualifications,91,26,16,9,1,65
S01011901,Level 1,161,104,76,16,12,57
S01011901,Level 2,110,82,70,7,5,28
S01011901,Level 3,78,63,51,9,3,15
S01011901,Level 4 and above,289,199,164,29,6,90
S01011902,All people aged 16 and over,907,529,452,67,10,378
S01011902,No qualifications,180,57,41,14,2,123
S01011902,Level 1,172,110,96,11,3,62
S01011902,Level 2,129,90,78,8,4,39
S01011902,Level 3,83,56,50,6,0,27
S01011902,Level 4 and above,343,216,187,28,1,127
S01011903,All people aged 16 and over,678,388,324,49,15,290
S01011903,No qualifications,109,24,15,7,2,85
S01011903,Level 1,144,85,69,15,1,59
S01011903,Level 2,93,64,51,9,4,29
S01011903,Level 3,76,56,48,4,4,20
S01011903,Level 4 and above,256,159,141,14,4,97
S01011904,All people aged 16 and over,698,396,345,44,7,302
S01011904,No qualifications,176,37,32,5,0,139
S01011904,Level 1,131,90,79,7,4,41
S01011904,Level 2,102,71,61,9,1,31
S01011904,Level 3,73,57,52,5,0,16
S01011904,Level 4 and above,216,141,121,18,2,75
S01011905,All people aged 16 and over,641,434,364,59,11,207
S01011905,No qualifications,109,32,22,9,1,77
S01011905,Level 1,122,79,61,14,4,43
S01011905,Level 2,104,78,70,5,3,26
S01011905,Level 3,69,55,44,10,1,14
S01011905,Level 4 and above,237,190,167,21,2,47
S01011906,All people aged 16 and over,370,241,207,23,11,129
S01011906,No qualifications,69,28,26,0,2,41
S01011906,Level 1,94,65,52,9,4,29
S01011906,Level 2,53,37,32,4,1,16
S01011906,Level 3,45,35,30,3,2,10
S01011906,Level 4 and above,109,76,67,7,2,33
S01011907,All people aged 16 and over,632,463,412,35,16,169
S01011907,No qualifications,110,45,35,5,5,65
S01011907,Level 1,166,123,103,14,6,43
S01011907,Level 2,96,73,64,6,3,23
S01011907,Level 3,79,65,63,1,1,14
S01011907,Level 4 and above,181,157,147,9,1,24
S01011908,All people aged 16 and over,294,234,218,9,7,60
S01011908,No qualifications,46,24,19,2,3,22
S01011908,Level 1,80,62,55,4,3,18
S01011908,Level 2,51,45,42,2,1,6
S01011908,Level 3,39,35,35,0,0,4
S01011908,Level 4 and above,78,68,67,1,0,10
S01011909,All people aged 16 and over,783,702,632,50,20,81
S01011909,No qualifications,76,50,42,6,2,26
S01011909,Level 1,224,204,174,25,5,20
S01011909,Level 2,135,123,118,1,4,12
S01011909,Level 3,133,124,111,8,5,9
S01011909,Level 4 and above,215,201,187,10,4,14
S01011910,All people aged 16 and over,720,457,374,30,53,263
S01011910,No qualifications,272,114,95,6,13,158
S01011910,Level 1,224,163,125,10,28,61
S01011910,Level 2,89,74,63,3,8,15
S01011910,Level 3,58,47,39,8,0,11
S01011910,Level 4 and above,77,59,52,3,4,18
S01011911,All people aged 16 and over,538,342,300,22,20,196
S01011911,No qualifications,198,78,65,5,8,120
S01011911,Level 1,139,98,85,7,6,41
S01011911,Level 2,69,58,51,4,3,11
S01011911,Level 3,49,41,40,1,0,8
S01011911,Level 4 and above,83,67,59,5,3,16
S01011912,All people aged 16 and over,578,387,341,27,19,191
S01011912,No qualifications,199,84,70,7,7,115
S01011912,Level 1,159,129,111,11,7,30
S01011912,Level 2,82,66,58,4,4,16
S01011912,Level 3,61,50,47,3,0,11
S01011912,Level 4 and above,77,58,55,2,1,19
S01011913,All people aged 16 and over,581,383,323,25,35,198
S01011913,No qualifications,199,86,71,7,8,113
S01011913,Level 1,195,146,119,8,19,49
S01011913,Level 2,63,54,46,2,6,9
S01011913,Level 3,58,47,44,1,2,11
S01011913,Level 4 and above,66,50,43,7,0,16
S01011914,All people aged 16 and over,621,432,335,42,55,189
S01011914,No qualifications,194,107,86,5,16,87
S01011914,Level 1,214,148,108,16,24,66
S01011914,Level 2,76,68,55,6,7,8
S01011914,Level 3,66,57,48,7,2,9
S01011914,Level 4 and above,71,52,38,8,6,19
S01011915,All people aged 16 and over,643,419,361,28,30,224
S01011915,No qualifications,228,93,81,5,7,135
S01011915,Level 1,181,135,112,11,12,46
S01011915,Level 2,76,63,57,2,4,13
S01011915,Level 3,59,51,45,2,4,8
S01011915,Level 4 and above,99,77,66,8,3,22
S01011916,All people aged 16 and over,459,300,252,20,28,159
S01011916,No qualifications,183,79,66,7,6,104
S01011916,Level 1,119,89,65,8,16,30
S01011916,Level 2,52,46,42,2,2,6
S01011916,Level 3,40,36,34,0,2,4
S01011916,Level 4 and above,65,50,45,3,2,15
S01011917,All people aged 16 and over,421,270,231,17,22,151
S01011917,No qualifications,158,62,49,8,5,96
S01011917,Level 1,107,79,66,1,12,28
S01011917,Level 2,56,45,42,1,2,11
S01011917,Level 3,37,29,24,3,2,8
S01011917,Level 4 and above,63,55,50,4,1,8
S01011918,All people aged 16 and over,582,379,286,31,62,203
S01011918,No qualifications,232,121,82,11,28,111
S01011918,Level 1,159,105,77,9,19,54
S01011918,Level 2,70,53,40,3,10,17
S01011918,Level 3,35,28,24,2,2,7
S01011918,Level 4 and above,86,72,63,6,3,14
S01011919,All people aged 16 and over,758,543,443,32,68,215
S01011919,No qualifications,177,79,62,10,7,98
S01011919,Level 1,202,158,123,8,27,44
S01011919,Level 2,145,113,93,3,17,32
S01011919,Level 3,92,83,71,3,9,9
S01011919,Level 4 and above,142,110,94,8,8,32
S01011920,All people aged 16 and over,521,359,304,24,31,162
S01011920,No qualifications,200,87,66,9,12,113
S01011920,Level 1,143,120,100,6,14,23
S01011920,Level 2,56,49,45,3,1,7
S01011920,Level 3,48,42,39,2,1,6
S01011920,Level 4 and above,74,61,54,4,3,13
S01011921,All people aged 16 and over,465,303,254,22,27,162
S01011921,No qualifications,164,65,52,3,10,99
S01011921,Level 1,151,112,93,9,10,39
S01011921,Level 2,46,42,37,3,2,4
S01011921,Level 3,39,36,30,4,2,3
S01011921,Level 4 and above,65,48,42,3,3,17
S01011922,All people aged 16 and over,620,424,362,21,41,196
S01011922,No qualifications,231,114,99,6,9,117
S01011922,Level 1,211,165,137,3,25,46
S01011922,Level 2,67,56,48,4,4,11
S01011922,Level 3,54,47,41,4,2,7
S01011922,Level 4 and above,57,42,37,4,1,15
S01011923,All people aged 16 and over,730,457,380,28,49,273
S01011923,No qualifications,263,100,79,8,13,163
S01011923,Level 1,227,155,131,3,21,72
S01011923,Level 2,76,62,50,4,8,14
S01011923,Level 3,72,63,56,3,4,9
S01011923,Level 4 and above,92,77,64,10,3,15
S01011924,All people aged 16 and over,354,235,200,17,18,119
S01011924,No qualifications,119,47,40,3,4,72
S01011924,Level 1,111,83,68,6,9,28
S01011924,Level 2,47,38,36,1,1,9
S01011924,Level 3,30,24,22,1,1,6
S01011924,Level 4 and above,47,43,34,6,3,4
S01011925,All people aged 16 and over,551,462,387,58,17,89
S01011925,No qualifications,77,47,32,13,2,30
S01011925,Level 1,151,127,103,17,7,24
S01011925,Level 2,108,99,90,6,3,9
S01011925,Level 3,61,49,42,4,3,12
S01011925,Level 4 and above,154,140,120,18,2,14
S01011926,All people aged 16 and over,523,355,301,27,27,168
S01011926,No qualifications,184,81,71,2,8,103
S01011926,Level 1,140,108,88,6,14,32
S01011926,Level 2,75,63,52,8,3,12
S01011926,Level 3,60,53,48,4,1,7
S01011926,Level 4 and above,64,50,42,7,1,14
S01011927,All people aged 16 and over,502,320,272,21,27,182
S01011927,No qualifications,194,79,63,5,11,115
S01011927,Level 1,152,118,102,8,8,34
S01011927,Level 2,59,44,39,2,3,15
S01011927,Level 3,43,35,31,1,3,8
S01011927,Level 4 and above,54,44,37,5,2,10
S01011928,All people aged 16 and over,605,387,328,34,25,218
S01011928,No qualifications,215,90,73,14,3,125
S01011928,Level 1,175,121,99,11,11,54
S01011928,Level 2,83,69,63,3,3,14
S01011928,Level 3,41,38,34,0,4,3
S01011928,Level 4 and above,91,69,59,6,4,22
S01011929,All people aged 16 and over,588,378,342,12,24,210
S01011929,No qualifications,221,87,76,4,7,134
S01011929,Level 1,177,138,124,3,11,39
S01011929,Level 2,65,53,49,2,2,12
S01011929,Level 3,54,45,43,1,1,9
S01011929,Level 4 and above,71,55,50,2,3,16
S01011930,All people aged 16 and over,508,338,295,24,19,170
S01011930,No qualifications,175,74,61,7,6,101
S01011930,Level 1,138,109,93,6,10,29
S01011930,Level 2,83,67,63,3,1,16
S01011930,Level 3,51,41,36,4,1,10
S01011930,Level 4 and above,61,47,42,4,1,14
S01011931,All people aged 16 and over,474,317,251,23,43,157
S01011931,No qualifications,176,79,62,2,15,97
S01011931,Level 1,129,98,77,7,14,31
S01011931,Level 2,60,50,41,3,6,10
S01011931,Level 3,43,35,28,4,3,8
S01011931,Level 4 and above,66,55,43,7,5,11
S01011932,All people aged 16 and over,512,391,355,18,18,121
S01011932,No qualifications,97,37,34,0,3,60
S01011932,Level 1,133,116,101,7,8,17
S01011932,Level 2,88,76,72,3,1,12
S01011932,Level 3,62,54,51,2,1,8
S01011932,Level 4 and above,132,108,97,6,5,24
S01011933,All people aged 16 and over,561,395,341,28,26,166
S01011933,No qualifications,174,69,57,6,6,105
S01011933,Level 1,105,82,65,7,10,23
S01011933,Level 2,70,61,54,3,4,9
S01011933,Level 3,67,57,53,1,3,10
S01011933,Level 4 and above,145,126,112,11,3,19
S01011934,All people aged 16 and over,941,589,477,60,52,352
S01011934,No qualifications,248,83,57,19,7,165
S01011934,Level 1,218,141,116,14,11,77
S01011934,Level 2,123,100,81,5,14,23
S01011934,Level 3,113,90,75,5,10,23
S01011934,Level 4 and above,239,175,148,17,10,64
S01011935,All people aged 16 and over,751,549,441,64,44,202
S01011935,No qualifications,201,92,72,7,13,109
S01011935,Level 1,186,143,115,16,12,43
S01011935,Level 2,76,62,50,8,4,14
S01011935,Level 3,91,81,62,9,10,10
S01011935,Level 4 and above,197,171,142,24,5,26
S01011936,All people aged 16 and over,684,441,352,47,42,243
S01011936,No qualifications,158,50,34,5,11,108
S01011936,Level 1,122,88,64,7,17,34
S01011936,Level 2,76,53,43,7,3,23
S01011936,Level 3,77,61,51,5,5,16
S01011936,Level 4 and above,251,189,160,23,6,62
S01011937,All people aged 16 and over,615,424,361,34,29,191
S01011937,No qualifications,147,57,51,2,4,90
S01011937,Level 1,134,95,74,10,11,39
S01011937,Level 2,85,65,54,7,4,20
S01011937,Level 3,84,71,58,5,8,13
S01011937,Level 4 and above,165,136,124,10,2,29
S01011938,All people aged 16 and over,611,406,327,59,20,205
S01011938,No qualifications,118,29,18,6,5,89
S01011938,Level 1,144,92,67,15,10,52
S01011938,Level 2,78,61,53,5,3,17
S01011938,Level 3,54,47,33,13,1,7
S01011938,Level 4 and above,217,177,156,20,1,40
S01011939,All people aged 16 and over,666,470,387,31,52,196
S01011939,No qualifications,143,67,49,6,12,76
S01011939,Level 1,165,125,102,6,17,40
S01011939,Level 2,100,77,65,4,8,23
S01011939,Level 3,84,61,47,6,8,23
S01011939,Level 4 and above,174,140,124,9,7,34
S01011940,All people aged 16 and over,381,265,225,16,24,116
S01011940,No qualifications,96,35,29,4,2,61
S01011940,Level 1,92,66,50,2,14,26
S01011940,Level 2,39,34,31,1,2,5
S01011940,Level 3,67,57,48,7,2,10
S01011940,Level 4 and above,87,73,67,2,4,14
S01011941,All people aged 16 and over,650,524,437,35,52,126
S01011941,No qualifications,99,47,26,10,11,52
S01011941,Level 1,162,135,112,4,19,27
S01011941,Level 2,90,75,68,0,7,15
S01011941,Level 3,88,82,70,4,8,6
S01011941,Level 4 and above,211,185,161,17,7,26
S01011942,All people aged 16 and over,784,513,436,36,41,271
S01011942,No qualifications,193,70,59,2,9,123
S01011942,Level 1,202,137,114,9,14,65
S01011942,Level 2,102,82,64,5,13,20
S01011942,Level 3,107,88,82,3,3,19
S01011942,Level 4 and above,180,136,117,17,2,44
S01011943,All people aged 16 and over,1055,691,533,44,114,364
S01011943,No qualifications,299,103,77,10,16,196
S01011943,Level 1,258,181,121,13,47,77
S01011943,Level 2,140,113,90,4,19,27
S01011943,Level 3,125,107,80,7,20,18
S01011943,Level 4 and above,233,187,165,10,12,46
S01011944,All people aged 16 and over,384,223,154,57,12,161
S01011944,No qualifications,66,26,14,11,1,40
S01011944,Level 1,61,27,16,9,2,34
S01011944,Level 2,60,38,30,5,3,22
S01011944,Level 3,30,21,16,4,1,9
S01011944,Level 4 and above,167,111,78,28,5,56
S01011945,All people aged 16 and over,699,355,273,76,6,344
S01011945,No qualifications,91,22,12,9,1,69
S01011945,Level 1,103,45,29,16,0,58
S01011945,Level 2,85,44,32,9,3,41
S01011945,Level 3,54,26,21,4,1,28
S01011945,Level 4 and above,366,218,179,38,1,148
S01011946,All people aged 16 and over,671,369,283,46,40,302
S01011946,No qualifications,188,63,40,8,15,125
S01011946,Level 1,151,92,71,5,16,59
S01011946,Level 2,76,53,43,5,5,23
S01011946,Level 3,52,37,34,2,1,15
S01011946,Level 4 and above,204,124,95,26,3,80
S01011947,All people aged 16 and over,415,228,203,18,7,187
S01011947,No qualifications,107,26,26,0,0,81
S01011947,Level 1,123,77,64,8,5,46
S01011947,Level 2,56,37,32,4,1,19
S01011947,Level 3,30,22,22,0,0,8
S01011947,Level 4 and above,99,66,59,6,1,33
S01011948,All people aged 16 and over,996,520,393,97,30,476
S01011948,No qualifications,263,46,33,6,7,217
S01011948,Level 1,157,94,64,19,11,63
S01011948,Level 2,120,87,67,16,4,33
S01011948,Level 3,72,50,43,6,1,22
S01011948,Level 4 and above,384,243,186,50,7,141
S01011949,All people aged 16 and over,713,318,258,47,13,395
S01011949,No qualifications,135,31,22,9,0,104
S01011949,Level 1,128,55,42,8,5,73
S01011949,Level 2,105,65,55,9,1,40
S01011949,Level 3,72,41,30,9,2,31
S01011949,Level 4 and above,273,126,109,12,5,147
S01011950,All people aged 16 and over,669,321,272,37,12,348
S01011950,No qualifications,207,39,31,6,2,168
S01011950,Level 1,138,73,61,6,6,65
S01011950,Level 2,81,57,48,8,1,24
S01011950,Level 3,64,43,37,5,1,21
S01011950,Level 4 and above,179,109,95,12,2,70
S01011951,All people aged 16 and over,563,341,274,52,15,222
S01011951,No qualifications,141,38,26,11,1,103
S01011951,Level 1,148,106,82,16,8,42
S01011951,Level 2,85,66,56,8,2,19
S01011951,Level 3,50,39,30,6,3,11
S01011951,Level 4 and above,139,92,80,11,1,47
S01011952,All people aged 16 and over,393,240,203,31,6,153
S01011952,No qualifications,54,7,6,1,0,47
S01011952,Level 1,74,49,39,7,3,25
S01011952,Level 2,73,56,45,10,1,17
S01011952,Level 3,39,31,27,3,1,8
S01011952,Level 4 and above,153,97,86,10,1,56
S01011953,All people aged 16 and over,609,372,304,56,12,237
S01011953,No qualifications,98,35,24,10,1,63
S01011953,Level 1,125,84,68,12,4,41
S01011953,Level 2,92,62,50,10,2,30
S01011953,Level 3,55,43,36,5,2,12
S01011953,Level 4 and above,239,148,126,19,3,91
S01011954,All people aged 16 and over,402,252,215,17,20,150
S01011954,No qualifications,117,48,33,8,7,69
S01011954,Level 1,104,71,64,4,3,33
S01011954,Level 2,53,40,38,1,1,13
S01011954,Level 3,40,31,26,1,4,9
S01011954,Level 4 and above,88,62,54,3,5,26
S01011955,All people aged 16 and over,836,490,391,70,29,346
S01011955,No qualifications,260,67,53,11,3,193
S01011955,Level 1,187,127,97,20,10,60
S01011955,Level 2,93,81,67,10,4,12
S01011955,Level 3,92,66,54,7,5,26
S01011955,Level 4 and above,204,149,120,22,7,55
S01011956,All people aged 16 and over,783,545,463,68,14,238
S01011956,No qualifications,144,47,34,12,1,97
S01011956,Level 1,145,100,82,14,4,45
S01011956,Level 2,118,89,73,13,3,29
S01011956,Level 3,98,88,84,3,1,10
S01011956,Level 4 and above,278,221,190,26,5,57
S01011957,All people aged 16 and over,765,526,419,84,23,239
S01011957,No qualifications,152,65,45,13,7,87
S01011957,Level 1,163,120,95,17,8,43
S01011957,Level 2,122,90,71,17,2,32
S01011957,Level 3,71,56,43,12,1,15
S01011957,Level 4 and above,257,195,165,25,5,62
S01011958,All people aged 16 and over,903,565,414,136,15,338
S01011958,No qualifications,198,70,46,19,5,128
S01011958,Level 1,205,144,103,37,4,61
S01011958,Level 2,130,99,72,26,1,31
S01011958,Level 3,90,72,54,16,2,18
S01011958,Level 4 and above,280,180,139,38,3,100
S01011959,All people aged 16 and over,750,445,344,88,13,305
S01011959,No qualifications,184,49,34,13,2,135
S01011959,Level 1,165,117,90,25,2,48
S01011959,Level 2,101,73,56,14,3,28
S01011959,Level 3,66,50,43,5,2,16
S01011959,Level 4 and above,234,156,121,31,4,78
S01011960,All people aged 16 and over,637,477,400,69,8,160
S01011960,No qualifications,101,37,21,15,1,64
S01011960,Level 1,102,69,56,9,4,33
S01011960,Level 2,102,78,64,12,2,24
S01011960,Level 3,80,69,65,4,0,11
S01011960,Level 4 and above,252,224,194,29,1,28
S01011961,All people aged 16 and over,573,424,372,38,14,149
S01011961,No qualifications,118,45,35,6,4,73
S01011961,Level 1,121,98,89,4,5,23
S01011961,Level 2,82,71,61,9,1,11
S01011961,Level 3,62,57,50,6,1,5
S01011961,Level 4 and above,190,153,137,13,3,37
S01011962,All people aged 16 and over,541,378,298,71,9,163
S01011962,No qualifications,73,25,12,12,1,48
S01011962,Level 1,101,70,48,18,4,31
S01011962,Level 2,75,55,47,7,1,20
S01011962,Level 3,63,50,37,11,2,13
S01011962,Level 4 and above,229,178,154,23,1,51
S01011963,All people aged 16 and over,414,261,222,25,14,153
S01011963,No qualifications,111,27,21,4,2,84
S01011963,Level 1,73,50,44,2,4,23
S01011963,Level 2,53,36,27,6,3,17
S01011963,Level 3,41,32,25,6,1,9
S01011963,Level 4 and above,136,116,105,7,4,20
S01011964,All people aged 16 and over,827,552,470,52,30,275
S01011964,No qualifications,161,59,52,6,1,102
S01011964,Level 1,190,129,109,10,10,61
S01011964,Level 2,102,73,59,10,4,29
S01011964,Level 3,92,73,56,8,9,19
S01011964,Level 4 and above,282,218,194,18,6,64
S01011965,All people aged 16 and over,678,343,293,36,14,335
S01011965,No qualifications,175,32,25,4,3,143
S01011965,Level 1,109,64,52,7,5,45
S01011965,Level 2,84,56,50,5,1,28
S01011965,Level 3,42,31,26,4,1,11
S01011965,Level 4 and above,268,160,140,16,4,108
S01011966,All people aged 16 and over,675,413,336,55,22,262
S01011966,No qualifications,147,47,31,11,5,100
S01011966,Level 1,137,85,66,11,8,52
S01011966,Level 2,73,61,52,7,2,12
S01011966,Level 3,55,40,35,4,1,15
S01011966,Level 4 and above,263,180,152,22,6,83
S01011967,All people aged 16 and over,963,576,432,133,11,387
S01011967,No qualifications,175,39,22,15,2,136
S01011967,Level 1,207,116,84,26,6,91
S01011967,Level 2,117,81,63,15,3,36
S01011967,Level 3,87,59,45,14,0,28
S01011967,Level 4 and above,377,281,218,63,0,96
S01011968,All people aged 16 and over,832,550,452,59,39,282
S01011968,No qualifications,157,52,41,11,0,105
S01011968,Level 1,196,132,96,19,17,64
S01011968,Level 2,105,79,63,8,8,26
S01011968,Level 3,78,55,49,5,1,23
S01011968,Level 4 and above,296,232,203,16,13,64
S01011969,All people aged 16 and over,873,521,451,47,23,352
S01011969,No qualifications,304,117,100,15,2,187
S01011969,Level 1,217,161,137,13,11,56
S01011969,Level 2,94,66,57,4,5,28
S01011969,Level 3,69,50,40,7,3,19
S01011969,Level 4 and above,189,127,117,8,2,62
S01011970,All people aged 16 and over,761,535,441,52,42,226
S01011970,No qualifications,268,129,101,13,15,139
S01011970,Level 1,224,178,141,22,15,46
S01011970,Level 2,78,68,57,4,7,10
S01011970,Level 3,61,54,51,2,1,7
S01011970,Level 4 and above,130,106,91,11,4,24
S01011971,All people aged 16 and over,445,294,220,58,16,151
S01011971,No qualifications,95,26,19,6,1,69
S01011971,Level 1,99,68,54,9,5,31
S01011971,Level 2,79,70,48,18,4,9
S01011971,Level 3,38,36,28,6,2,2
S01011971,Level 4 and above,134,94,71,19,4,40
S01011972,All people aged 16 and over,978,624,437,159,28,354
S01011972,No qualifications,233,100,67,27,6,133
S01011972,Level 1,220,152,100,43,9,68
S01011972,Level 2,146,112,73,35,4,34
S01011972,Level 3,91,70,49,19,2,21
S01011972,Level 4 and above,288,190,148,35,7,98
S01011973,All people aged 16 and over,547,345,262,66,17,202
S01011973,No qualifications,133,44,28,13,3,89
S01011973,Level 1,109,72,54,16,2,37
S01011973,Level 2,70,56,45,7,4,14
S01011973,Level 3,73,59,49,9,1,14
S01011973,Level 4 and above,162,114,86,21,7,48
S01011974,All people aged 16 and over,649,427,335,81,11,222
S01011974,No qualifications,147,57,38,17,2,90
S01011974,Level 1,128,97,76,18,3,31
S01011974,Level 2,92,70,56,13,1,22
S01011974,Level 3,60,52,38,14,0,8
S01011974,Level 4 and above,222,151,127,19,5,71
S01011975,All people aged 16 and over,393,238,179,47,12,155
S01011975,No qualifications,104,44,29,11,4,60
S01011975,Level 1,80,50,37,9,4,30
S01011975,Level 2,49,33,28,5,0,16
S01011975,Level 3,34,24,20,3,1,10
S01011975,Level 4 and above,126,87,65,19,3,39
S01011976,All people aged 16 and over,645,394,300,71,23,251
S01011976,No qualifications,155,54,35,15,4,101
S01011976,Level 1,150,100,73,14,13,50
S01011976,Level 2,92,75,58,14,3,17
S01011976,Level 3,57,43,31,11,1,14
S01011976,Level 4 and above,191,122,103,17,2,69
S01011977,All people aged 16 and over,965,588,438,113,37,377
S01011977,No qualifications,247,88,59,22,7,159
S01011977,Level 1,215,130,98,20,12,85
S01011977,Level 2,140,106,74,24,8,34
S01011977,Level 3,98,73,54,14,5,25
S01011977,Level 4 and above,265,191,153,33,5,74
S01011978,All people aged 16 and over,587,304,246,36,22,283
S01011978,No qualifications,226,65,50,13,2,161
S01011978,Level 1,126,78,60,8,10,48
S01011978,Level 2,61,46,37,5,4,15
S01011978,Level 3,59,45,38,5,2,14
S01011978,Level 4 and above,115,70,61,5,4,45
S01011979,All people aged 16 and over,835,536,415,111,10,299
S01011979,No qualifications,184,59,34,23,2,125
S01011979,Level 1,183,120,92,26,2,63
S01011979,Level 2,117,98,82,13,3,19
S01011979,Level 3,63,53,43,10,0,10
S01011979,Level 4 and above,288,206,164,39,3,82
S01011980,All people aged 16 and over,342,217,146,60,11,125
S01011980,No qualifications,60,25,14,9,2,35
S01011980,Level 1,85,61,44,14,3,24
S01011980,Level 2,44,33,23,8,2,11
S01011980,Level 3,44,34,23,11,0,10
S01011980,Level 4 and above,109,64,42,18,4,45
S01011981,All people aged 16 and over,789,542,371,153,18,247
S01011981,No qualifications,193,95,71,21,3,98
S01011981,Level 1,168,125,94,25,6,43
S01011981,Level 2,118,83,52,25,6,35
S01011981,Level 3,79,65,51,13,1,14
S01011981,Level 4 and above,231,174,103,69,2,57
S01011982,All people aged 16 and over,786,539,367,150,22,247
S01011982,No qualifications,165,87,56,30,1,78
S01011982,Level 1,145,118,81,28,9,27
S01011982,Level 2,127,98,57,35,6,29
S01011982,Level 3,71,52,38,11,3,19
S01011982,Level 4 and above,278,184,135,46,3,94
S01011983,All people aged 16 and over,657,393,266,105,22,264
S01011983,No qualifications,152,55,37,16,2,97
S01011983,Level 1,157,104,72,23,9,53
S01011983,Level 2,60,43,29,12,2,17
S01011983,Level 3,52,44,26,16,2,8
S01011983,Level 4 and above,236,147,102,38,7,89
S01011984,All people aged 16 and over,539,320,261,36,23,219
S01011984,No qualifications,220,78,65,6,7,142
S01011984,Level 1,125,100,74,14,12,25
S01011984,Level 2,59,43,34,7,2,16
S01011984,Level 3,33,22,19,3,0,11
S01011984,Level 4 and above,102,77,69,6,2,25
S01011985,All people aged 16 and over,623,388,286,85,17,235
S01011985,No qualifications,164,54,33,19,2,110
S01011985,Level 1,164,118,86,21,11,46
S01011985,Level 2,88,63,53,9,1,25
S01011985,Level 3,47,38,31,5,2,9
S01011985,Level 4 and above,160,115,83,31,1,45
S01011986,All people aged 16 and over,530,319,235,45,39,211
S01011986,No qualifications,214,91,66,10,15,123
S01011986,Level 1,132,87,64,7,16,45
S01011986,Level 2,73,50,39,7,4,23
S01011986,Level 3,31,25,19,3,3,6
S01011986,Level 4 and above,80,66,47,18,1,14
S01011987,All people aged 16 and over,771,471,385,56,30,300
S01011987,No qualifications,217,72,62,9,1,145
S01011987,Level 1,217,168,132,16,20,49
S01011987,Level 2,99,72,64,4,4,27
S01011987,Level 3,65,51,38,11,2,14
S01011987,Level 4 and above,173,108,89,16,3,65
S01011988,All people aged 16 and over,602,296,232,56,8,306
S01011988,No qualifications,181,33,26,6,1,148
S01011988,Level 1,107,65,50,12,3,42
S01011988,Level 2,76,51,41,7,3,25
S01011988,Level 3,51,34,29,5,0,17
S01011988,Level 4 and above,187,113,86,26,1,74
S01011989,All people aged 16 and over,719,440,354,68,18,279
S01011989,No qualifications,186,62,45,12,5,124
S01011989,Level 1,171,119,95,16,8,52
S01011989,Level 2,118,91,77,14,0,27
S01011989,Level 3,79,60,47,11,2,19
S01011989,Level 4 and above,165,108,90,15,3,57
S01011990,All people aged 16 and over,654,335,259,54,22,319
S01011990,No qualifications,171,39,24,9,6,132
S01011990,Level 1,151,90,68,13,9,61
S01011990,Level 2,76,59,55,2,2,17
S01011990,Level 3,53,40,33,5,2,13
S01011990,Level 4 and above,203,107,79,25,3,96
S01011991,All people aged 16 and over,594,372,305,51,16,222
S01011991,No qualifications,171,61,49,10,2,110
S01011991,Level 1,140,105,83,16,6,35
S01011991,Level 2,97,69,58,8,3,28
S01011991,Level 3,46,36,28,3,5,10
S01011991,Level 4 and above,140,101,87,14,0,39
S01011992,All people aged 16 and over,856,460,352,84,24,396
S01011992,No qualifications,201,60,39,15,6,141
S01011992,Level 1,151,92,71,16,5,59
S01011992,Level 2,113,73,55,16,2,40
S01011992,Level 3,73,53,42,8,3,20
S01011992,Level 4 and above,318,182,145,29,8,136
S01011993,All people aged 16 and over,715,446,385,31,30,269
S01011993,No qualifications,239,81,64,3,14,158
S01011993,Level 1,197,148,130,10,8,49
S01011993,Level 2,78,68,61,3,4,10
S01011993,Level 3,58,41,37,3,1,17
S01011993,Level 4 and above,143,108,93,12,3,35
S01011994,All people aged 16 and over,655,272,188,71,13,383
S01011994,No qualifications,119,14,8,5,1,105
S01011994,Level 1,113,55,33,19,3,58
S01011994,Level 2,80,42,28,10,4,38
S01011994,Level 3,42,25,21,2,2,17
S01011994,Level 4 and above,301,136,98,35,3,165
S01011995,All people aged 16 and over,664,470,346,110,14,194
S01011995,No qualifications,121,47,33,13,1,74
S01011995,Level 1,168,129,83,39,7,39
S01011995,Level 2,100,72,57,12,3,28
S01011995,Level 3,63,56,47,9,0,7
S01011995,Level 4 and above,212,166,126,37,3,46
S01011996,All people aged 16 and over,462,289,234,36,19,173
S01011996,No qualifications,162,58,42,13,3,104
S01011996,Level 1,119,89,70,7,12,30
S01011996,Level 2,67,55,46,5,4,12
S01011996,Level 3,35,27,26,1,0,8
S01011996,Level 4 and above,79,60,50,10,0,19
S01011997,All people aged 16 and over,745,499,405,65,29,246
S01011997,No qualifications,187,72,51,17,4,115
S01011997,Level 1,179,134,114,7,13,45
S01011997,Level 2,125,106,85,17,4,19
S01011997,Level 3,58,46,40,4,2,12
S01011997,Level 4 and above,196,141,115,20,6,55
S01011998,All people aged 16 and over,426,256,192,55,9,170
S01011998,No qualifications,61,22,13,7,2,39
S01011998,Level 1,82,50,33,14,3,32
S01011998,Level 2,72,49,44,5,0,23
S01011998,Level 3,46,35,27,7,1,11
S01011998,Level 4 and above,165,100,75,22,3,65
S01011999,All people aged 16 and over,527,376,286,79,11,151
S01011999,No qualifications,125,48,38,8,2,77
S01011999,Level 1,118,98,71,22,5,20
S01011999,Level 2,75,63,46,16,1,12
S01011999,Level 3,57,51,41,9,1,6
S01011999,Level 4 and above,152,116,90,24,2,36
S01012000,All people aged 16 and over,375,257,214,39,4,118
S01012000,No qualifications,74,23,21,2,0,51
S01012000,Level 1,103,82,69,11,2,21
S01012000,Level 2,66,51,41,10,0,15
S01012000,Level 3,39,32,28,3,1,7
S01012000,Level 4 and above,93,69,55,13,1,24
S01012001,All people aged 16 and over,522,352,282,55,15,170
S01012001,No qualifications,146,56,41,13,2,90
S01012001,Level 1,137,106,87,14,5,31
S01012001,Level 2,69,60,52,7,1,9
S01012001,Level 3,46,40,31,6,3,6
S01012001,Level 4 and above,124,90,71,15,4,34
S01012002,All people aged 16 and over,484,259,214,36,9,225
S01012002,No qualifications,164,46,37,8,1,118
S01012002,Level 1,120,68,50,12,6,52
S01012002,Level 2,67,55,46,8,1,12
S01012002,Level 3,42,34,29,4,1,8
S01012002,Level 4 and above,91,56,52,4,0,35
S01012003,All people aged 16 and over,457,310,255,32,23,147
S01012003,No qualifications,131,47,32,7,8,84
S01012003,Level 1,97,68,57,7,4,29
S01012003,Level 2,89,80,63,7,10,9
S01012003,Level 3,46,43,36,6,1,3
S01012003,Level 4 and above,94,72,67,5,0,22
S01012004,All people aged 16 and over,755,448,369,64,15,307
S01012004,No qualifications,221,63,41,18,4,158
S01012004,Level 1,162,113,97,11,5,49
S01012004,Level 2,107,81,71,9,1,26
S01012004,Level 3,77,62,56,4,2,15
S01012004,Level 4 and above,188,129,104,22,3,59
S01012005,All people aged 16 and over,675,500,420,54,26,175
S01012005,No qualifications,124,48,37,7,4,76
S01012005,Level 1,153,127,104,12,11,26
S01012005,Level 2,123,99,84,12,3,24
S01012005,Level 3,88,77,64,9,4,11
S01012005,Level 4 and above,187,149,131,14,4,38
S01012006,All people aged 16 and over,745,419,305,96,18,326
S01012006,No qualifications,102,40,18,20,2,62
S01012006,Level 1,197,89,59,23,7,108
S01012006,Level 2,153,61,44,14,3,92
S01012006,Level 3,47,37,27,9,1,10
S01012006,Level 4 and above,246,192,157,30,5,54
S01012007,All people aged 16 and over,704,412,313,81,18,292
S01012007,No qualifications,151,46,34,9,3,105
S01012007,Level 1,121,84,69,9,6,37
S01012007,Level 2,103,77,55,20,2,26
S01012007,Level 3,62,51,41,6,4,11
S01012007,Level 4 and above,267,154,114,37,3,113
S01012008,All people aged 16 and over,804,542,395,125,22,262
S01012008,No qualifications,164,65,45,18,2,99
S01012008,Level 1,154,112,81,24,7,42
S01012008,Level 2,106,80,59,20,1,26
S01012008,Level 3,64,55,38,15,2,9
S01012008,Level 4 and above,316,230,172,48,10,86
S01012009,All people aged 16 and over,618,444,335,97,12,174
S01012009,No qualifications,139,68,54,11,3,71
S01012009,Level 1,146,115,88,21,6,31
S01012009,Level 2,102,86,67,18,1,16
S01012009,Level 3,50,41,31,10,0,9
S01012009,Level 4 and above,181,134,95,37,2,47
S01012010,All people aged 16 and over,1080,627,486,127,14,453
S01012010,No qualifications,177,54,36,16,2,123
S01012010,Level 1,229,156,122,30,4,73
S01012010,Level 2,140,93,77,13,3,47
S01012010,Level 3,96,69,56,13,0,27
S01012010,Level 4 and above,438,255,195,55,5,183
S01012011,All people aged 16 and over,960,619,479,115,25,341
S01012011,No qualifications,221,88,66,18,4,133
S01012011,Level 1,256,193,153,27,13,63
S01012011,Level 2,110,79,63,14,2,31
S01012011,Level 3,110,88,68,20,0,22
S01012011,Level 4 and above,263,171,129,36,6,92
S01012012,All people aged 16 and over,588,306,213,78,15,282
S01012012,No qualifications,147,39,16,20,3,108
S01012012,Level 1,125,73,54,14,5,52
S01012012,Level 2,70,58,42,15,1,12
S01012012,Level 3,57,35,24,8,3,22
S01012012,Level 4 and above,189,101,77,21,3,88
S01012013,All people aged 16 and over,649,416,275,128,13,233
S01012013,No qualifications,139,58,38,16,4,81
S01012013,Level 1,139,103,67,32,4,36
S01012013,Level 2,89,67,44,21,2,22
S01012013,Level 3,45,36,31,5,0,9
S01012013,Level 4 and above,237,152,95,54,3,85
S01012014,All people aged 16 and over,715,464,353,85,26,251
S01012014,No qualifications,201,79,60,11,8,122
S01012014,Level 1,167,117,94,16,7,50
S01012014,Level 2,80,63,51,11,1,17
S01012014,Level 3,60,54,42,8,4,6
S01012014,Level 4 and above,207,151,106,39,6,56
S01012015,All people aged 16 and over,780,486,370,91,25,294
S01012015,No qualifications,177,62,44,13,5,115
S01012015,Level 1,201,144,114,20,10,57
S01012015,Level 2,119,85,74,11,0,34
S01012015,Level 3,64,45,37,6,2,19
S01012015,Level 4 and above,219,150,101,41,8,69
S01012016,All people aged 16 and over,740,510,369,119,22,230
S01012016,No qualifications,149,72,52,18,2,77
S01012016,Level 1,161,124,90,28,6,37
S01012016,Level 2,103,81,57,20,4,22
S01012016,Level 3,73,65,48,11,6,8
S01012016,Level 4 and above,254,168,122,42,4,86
S01012017,All people aged 16 and over,432,268,137,118,13,164
S01012017,No qualifications,79,35,16,16,3,44
S01012017,Level 1,71,46,25,16,5,25
S01012017,Level 2,52,44,22,19,3,8
S01012017,Level 3,36,29,16,12,1,7
S01012017,Level 4 and above,194,114,58,55,1,80
S01012018,All people aged 16 and over,725,478,327,130,21,247
S01012018,No qualifications,122,52,24,23,5,70
S01012018,Level 1,168,123,89,25,9,45
S01012018,Level 2,98,70,58,11,1,28
S01012018,Level 3,74,63,39,22,2,11
S01012018,Level 4 and above,263,170,117,49,4,93
S01012019,All people aged 16 and over,661,466,385,49,32,195
S01012019,No qualifications,96,26,17,5,4,70
S01012019,Level 1,123,84,59,11,14,39
S01012019,Level 2,105,79,68,5,6,26
S01012019,Level 3,85,72,60,10,2,13
S01012019,Level 4 and above,252,205,181,18,6,47
S01012020,All people aged 16 and over,586,320,272,29,19,266
S01012020,No qualifications,178,33,24,6,3,145
S01012020,Level 1,96,56,43,7,6,40
S01012020,Level 2,69,50,41,5,4,19
S01012020,Level 3,48,36,33,1,2,12
S01012020,Level 4 and above,195,145,131,10,4,50
S01012021,All people aged 16 and over,472,310,246,39,25,162
S01012021,No qualifications,93,40,35,1,4,53
S01012021,Level 1,92,54,42,4,8,38
S01012021,Level 2,73,47,36,9,2,26
S01012021,Level 3,54,47,36,5,6,7
S01012021,Level 4 and above,160,122,97,20,5,38
S01012022,All people aged 16 and over,529,359,297,46,16,170
S01012022,No qualifications,153,68,50,14,4,85
S01012022,Level 1,105,76,68,6,2,29
S01012022,Level 2,65,51,43,6,2,14
S01012022,Level 3,57,47,37,5,5,10
S01012022,Level 4 and above,149,117,99,15,3,32
S01012023,All people aged 16 and over,449,309,198,96,15,140
S01012023,No qualifications,69,25,7,18,0,44
S01012023,Level 1,67,41,26,11,4,26
S01012023,Level 2,72,58,41,15,2,14
S01012023,Level 3,52,41,22,16,3,11
S01012023,Level 4 and above,189,144,102,36,6,45
S01012024,All people aged 16 and over,690,495,402,61,32,195
S01012024,No qualifications,109,44,34,7,3,65
S01012024,Level 1,140,99,78,12,9,41
S01012024,Level 2,116,89,71,13,5,27
S01012024,Level 3,88,72,59,7,6,16
S01012024,Level 4 and above,237,191,160,22,9,46
S01012025,All people aged 16 and over,563,379,322,37,20,184
S01012025,No qualifications,149,56,44,9,3,93
S01012025,Level 1,125,94,75,10,9,31
S01012025,Level 2,77,58,50,7,1,19
S01012025,Level 3,75,61,53,2,6,14
S01012025,Level 4 and above,137,110,100,9,1,27
S01012026,All people aged 16 and over,465,364,309,47,8,101
S01012026,No qualifications,43,14,9,5,0,29
S01012026,Level 1,103,74,56,14,4,29
S01012026,Level 2,81,63,53,9,1,18
S01012026,Level 3,67,55,49,4,2,12
S01012026,Level 4 and above,171,158,142,15,1,13
S01012027,All people aged 16 and over,841,467,370,77,20,374
S01012027,No qualifications,257,41,24,14,3,216
S01012027,Level 1,119,66,50,11,5,53
S01012027,Level 2,112,95,74,15,6,17
S01012027,Level 3,94,70,55,13,2,24
S01012027,Level 4 and above,259,195,167,24,4,64
S01012028,All people aged 16 and over,780,489,395,67,27,291
S01012028,No qualifications,75,27,20,6,1,48
S01012028,Level 1,108,65,43,15,7,43
S01012028,Level 2,134,91,74,13,4,43
S01012028,Level 3,100,72,58,7,7,28
S01012028,Level 4 and above,363,234,200,26,8,129
S01012029,All people aged 16 and over,1078,586,464,89,33,492
S01012029,No qualifications,349,93,66,23,4,256
S01012029,Level 1,210,126,100,14,12,84
S01012029,Level 2,131,87,72,9,6,44
S01012029,Level 3,118,90,77,9,4,28
S01012029,Level 4 and above,270,190,149,34,7,80
S01012030,All people aged 16 and over,534,392,290,86,16,142
S01012030,No qualifications,97,45,23,22,0,52
S01012030,Level 1,117,85,59,20,6,32
S01012030,Level 2,78,59,46,10,3,19
S01012030,Level 3,52,45,39,6,0,7
S01012030,Level 4 and above,190,158,123,28,7,32
S01012031,All people aged 16 and over,461,266,207,49,10,195
S01012031,No qualifications,53,17,12,5,0,36
S01012031,Level 1,65,36,30,5,1,29
S01012031,Level 2,61,39,31,7,1,22
S01012031,Level 3,42,26,15,6,5,16
S01012031,Level 4 and above,240,148,119,26,3,92
S01012032,All people aged 16 and over,301,200,145,48,7,101
S01012032,No qualifications,51,15,5,9,1,36
S01012032,Level 1,52,36,24,11,1,16
S01012032,Level 2,39,27,21,5,1,12
S01012032,Level 3,34,25,13,8,4,9
S01012032,Level 4 and above,125,97,82,15,0,28
S01012033,All people aged 16 and over,696,415,353,36,26,281
S01012033,No qualifications,183,60,48,4,8,123
S01012033,Level 1,138,90,69,7,14,48
S01012033,Level 2,114,80,70,8,2,34
S01012033,Level 3,79,59,50,8,1,20
S01012033,Level 4 and above,182,126,116,9,1,56
S01012034,All people aged 16 and over,658,411,330,53,28,247
S01012034,No qualifications,176,55,46,6,3,121
S01012034,Level 1,125,84,55,10,19,41
S01012034,Level 2,95,64,54,7,3,31
S01012034,Level 3,62,54,44,9,1,8
S01012034,Level 4 and above,200,154,131,21,2,46
S01012035,All people aged 16 and over,772,469,367,63,39,303
S01012035,No qualifications,169,42,26,6,10,127
S01012035,Level 1,141,86,60,16,10,55
S01012035,Level 2,126,95,81,9,5,31
S01012035,Level 3,77,59,47,10,2,18
S01012035,Level 4 and above,259,187,153,22,12,72
S01012036,All people aged 16 and over,735,431,360,43,28,304
S01012036,No qualifications,113,24,15,5,4,89
S01012036,Level 1,160,88,68,7,13,72
S01012036,Level 2,125,94,80,9,5,31
S01012036,Level 3,92,63,54,6,3,29
S01012036,Level 4 and above,245,162,143,16,3,83
S01012037,All people aged 16 and over,762,445,358,20,67,317
S01012037,No qualifications,278,84,68,6,10,194
S01012037,Level 1,222,157,113,9,35,65
S01012037,Level 2,89,68,54,1,13,21
S01012037,Level 3,72,57,53,2,2,15
S01012037,Level 4 and above,101,79,70,2,7,22
S01012038,All people aged 16 and over,630,360,263,22,75,270
S01012038,No qualifications,233,100,67,3,30,133
S01012038,Level 1,232,146,106,10,30,86
S01012038,Level 2,72,48,36,4,8,24
S01012038,Level 3,42,30,23,2,5,12
S01012038,Level 4 and above,51,36,31,3,2,15
S01012039,All people aged 16 and over,801,447,359,32,56,354
S01012039,No qualifications,342,124,100,13,11,218
S01012039,Level 1,234,150,113,7,30,84
S01012039,Level 2,88,68,58,5,5,20
S01012039,Level 3,62,51,43,3,5,11
S01012039,Level 4 and above,75,54,45,4,5,21
S01012040,All people aged 16 and over,558,385,330,34,21,173
S01012040,No qualifications,127,51,37,11,3,76
S01012040,Level 1,155,109,93,7,9,46
S01012040,Level 2,91,71,67,1,3,20
S01012040,Level 3,68,59,52,5,2,9
S01012040,Level 4 and above,117,95,81,10,4,22
S01012041,All people aged 16 and over,721,431,366,31,34,290
S01012041,No qualifications,220,65,59,3,3,155
S01012041,Level 1,207,139,111,10,18,68
S01012041,Level 2,101,77,67,5,5,24
S01012041,Level 3,83,62,52,5,5,21
S01012041,Level 4 and above,110,88,77,8,3,22
S01012042,All people aged 16 and over,754,451,376,41,34,303
S01012042,No qualifications,283,103,79,13,11,180
S01012042,Level 1,193,142,116,13,13,51
S01012042,Level 2,89,69,62,3,4,20
S01012042,Level 3,72,57,49,4,4,15
S01012042,Level 4 and above,117,80,70,8,2,37
S01012043,All people aged 16 and over,687,424,338,28,58,263
S01012043,No qualifications,288,122,91,2,29,166
S01012043,Level 1,163,119,96,6,17,44
S01012043,Level 2,68,53,45,4,4,15
S01012043,Level 3,59,48,38,6,4,11
S01012043,Level 4 and above,109,82,68,10,4,27
S01012044,All people aged 16 and over,756,357,282,23,52,399
S01012044,No qualifications,369,94,67,6,21,275
S01012044,Level 1,172,100,72,6,22,72
S01012044,Level 2,71,54,45,4,5,17
S01012044,Level 3,51,35,32,2,1,16
S01012044,Level 4 and above,93,74,66,5,3,19
S01012045,All people aged 16 and over,903,559,454,37,68,344
S01012045,No qualifications,281,95,76,5,14,186
S01012045,Level 1,201,127,93,9,25,74
S01012045,Level 2,140,106,90,8,8,34
S01012045,Level 3,118,100,82,6,12,18
S01012045,Level 4 and above,163,131,113,9,9,32
S01012046,All people aged 16 and over,571,289,230,15,44,282
S01012046,No qualifications,240,61,46,4,11,179
S01012046,Level 1,161,99,74,7,18,62
S01012046,Level 2,64,50,43,2,5,14
S01012046,Level 3,41,32,28,0,4,9
S01012046,Level 4 and above,65,47,39,2,6,18
S01012047,All people aged 16 and over,805,405,324,29,52,400
S01012047,No qualifications,357,94,73,8,13,263
S01012047,Level 1,216,128,94,10,24,88
S01012047,Level 2,76,60,49,5,6,16
S01012047,Level 3,69,51,45,1,5,18
S01012047,Level 4 and above,87,72,63,5,4,15
S01012048,All people aged 16 and over,615,308,251,17,40,307
S01012048,No qualifications,263,50,33,7,10,213
S01012048,Level 1,128,90,72,3,15,38
S01012048,Level 2,78,64,54,4,6,14
S01012048,Level 3,64,42,35,1,6,22
S01012048,Level 4 and above,82,62,57,2,3,20
S01012049,All people aged 16 and over,575,360,306,28,26,215
S01012049,No qualifications,167,48,38,3,7,119
S01012049,Level 1,143,97,76,11,10,46
S01012049,Level 2,92,69,63,3,3,23
S01012049,Level 3,66,57,53,3,1,9
S01012049,Level 4 and above,107,89,76,8,5,18
S01012050,All people aged 16 and over,801,583,502,40,41,218
S01012050,No qualifications,180,69,57,5,7,111
S01012050,Level 1,228,182,148,17,17,46
S01012050,Level 2,128,104,92,5,7,24
S01012050,Level 3,112,92,81,7,4,20
S01012050,Level 4 and above,153,136,124,6,6,17
S01012051,All people aged 16 and over,427,250,199,29,22,177
S01012051,No qualifications,126,27,21,3,3,99
S01012051,Level 1,93,68,44,11,13,25
S01012051,Level 2,60,47,42,2,3,13
S01012051,Level 3,44,31,26,3,2,13
S01012051,Level 4 and above,104,77,66,10,1,27
S01012052,All people aged 16 and over,763,459,401,25,33,304
S01012052,No qualifications,261,78,66,10,2,183
S01012052,Level 1,191,130,104,10,16,61
S01012052,Level 2,86,65,56,3,6,21
S01012052,Level 3,82,71,68,1,2,11
S01012052,Level 4 and above,143,115,107,1,7,28
S01012053,All people aged 16 and over,750,428,352,19,57,322
S01012053,No qualifications,286,98,72,7,19,188
S01012053,Level 1,205,130,100,3,27,75
S01012053,Level 2,111,88,76,5,7,23
S01012053,Level 3,68,52,50,1,1,16
S01012053,Level 4 and above,80,60,54,3,3,20
S01012054,All people aged 16 and over,650,422,305,23,94,228
S01012054,No qualifications,206,91,61,2,28,115
S01012054,Level 1,205,140,97,8,35,65
S01012054,Level 2,90,74,55,4,15,16
S01012054,Level 3,68,50,40,4,6,18
S01012054,Level 4 and above,81,67,52,5,10,14
S01012055,All people aged 16 and over,735,405,336,24,45,330
S01012055,No qualifications,305,97,75,7,15,208
S01012055,Level 1,202,131,108,10,13,71
S01012055,Level 2,92,74,57,4,13,18
S01012055,Level 3,54,42,39,1,2,12
S01012055,Level 4 and above,82,61,57,2,2,21
S01012056,All people aged 16 and over,671,388,323,42,23,283
S01012056,No qualifications,170,37,27,6,4,133
S01012056,Level 1,159,94,82,7,5,65
S01012056,Level 2,116,84,68,11,5,32
S01012056,Level 3,60,45,38,4,3,15
S01012056,Level 4 and above,166,128,108,14,6,38
S01012057,All people aged 16 and over,669,407,359,31,17,262
S01012057,No qualifications,122,42,32,7,3,80
S01012057,Level 1,140,81,65,12,4,59
S01012057,Level 2,146,106,98,4,4,40
S01012057,Level 3,78,55,49,2,4,23
S01012057,Level 4 and above,183,123,115,6,2,60
S01012058,All people aged 16 and over,633,381,313,48,20,252
S01012058,No qualifications,134,40,25,11,4,94
S01012058,Level 1,124,80,63,12,5,44
S01012058,Level 2,112,89,75,8,6,23
S01012058,Level 3,72,51,43,8,0,21
S01012058,Level 4 and above,191,121,107,9,5,70
S01012059,All people aged 16 and over,706,401,327,38,36,305
S01012059,No qualifications,279,93,73,10,10,186
S01012059,Level 1,189,136,107,11,18,53
S01012059,Level 2,88,65,53,7,5,23
S01012059,Level 3,66,47,41,4,2,19
S01012059,Level 4 and above,84,60,53,6,1,24
S01012060,All people aged 16 and over,713,411,332,33,46,302
S01012060,No qualifications,281,80,57,11,12,201
S01012060,Level 1,145,104,76,10,18,41
S01012060,Level 2,94,74,67,2,5,20
S01012060,Level 3,74,62,50,4,8,12
S01012060,Level 4 and above,119,91,82,6,3,28
S01012061,All people aged 16 and over,830,514,440,41,33,316
S01012061,No qualifications,183,55,35,8,12,128
S01012061,Level 1,157,97,81,8,8,60
S01012061,Level 2,109,80,72,4,4,29
S01012061,Level 3,94,78,68,7,3,16
S01012061,Level 4 and above,287,204,184,14,6,83
S01012062,All people aged 16 and over,692,510,434,53,23,182
S01012062,No qualifications,132,62,50,8,4,70
S01012062,Level 1,163,128,108,15,5,35
S01012062,Level 2,139,109,94,6,9,30
S01012062,Level 3,93,83,75,7,1,10
S01012062,Level 4 and above,165,128,107,17,4,37
S01012063,All people aged 16 and over,406,312,259,30,23,94
S01012063,No qualifications,95,57,44,5,8,38
S01012063,Level 1,109,83,69,5,9,26
S01012063,Level 2,65,55,43,8,4,10
S01012063,Level 3,58,49,42,6,1,9
S01012063,Level 4 and above,79,68,61,6,1,11
S01012064,All people aged 16 and over,473,278,185,9,84,195
S01012064,No qualifications,176,72,41,1,30,104
S01012064,Level 1,155,99,59,5,35,56
S01012064,Level 2,41,30,22,0,8,11
S01012064,Level 3,43,28,16,2,10,15
S01012064,Level 4 and above,58,49,47,1,1,9
S01012065,All people aged 16 and over,416,216,149,10,57,200
S01012065,No qualifications,184,59,38,1,20,125
S01012065,Level 1,130,82,53,3,26,48
S01012065,Level 2,37,21,19,1,1,16
S01012065,Level 3,33,27,17,3,7,6
S01012065,Level 4 and above,32,27,22,2,3,5
S01012066,All people aged 16 and over,635,412,340,21,51,223
S01012066,No qualifications,244,116,91,9,16,128
S01012066,Level 1,190,134,106,4,24,56
S01012066,Level 2,72,50,44,2,4,22
S01012066,Level 3,49,44,37,2,5,5
S01012066,Level 4 and above,80,68,62,4,2,12
S01012067,All people aged 16 and over,419,241,171,9,61,178
S01012067,No qualifications,224,109,80,1,28,115
S01012067,Level 1,94,60,35,2,23,34
S01012067,Level 2,39,27,23,2,2,12
S01012067,Level 3,31,24,20,0,4,7
S01012067,Level 4 and above,31,21,13,4,4,10
S01012068,All people aged 16 and over,433,183,121,6,56,250
S01012068,No qualifications,240,69,38,1,30,171
S01012068,Level 1,107,60,42,2,16,47
S01012068,Level 2,33,19,17,0,2,14
S01012068,Level 3,32,20,11,3,6,12
S01012068,Level 4 and above,21,15,13,0,2,6
S01012069,All people aged 16 and over,403,230,164,15,51,173
S01012069,No qualifications,181,60,34,4,22,121
S01012069,Level 1,89,64,44,3,17,25
S01012069,Level 2,40,31,27,2,2,9
S01012069,Level 3,45,36,28,4,4,9
S01012069,Level 4 and above,48,39,31,2,6,9
S01012070,All people aged 16 and over,615,323,234,16,73,292
S01012070,No qualifications,257,84,55,5,24,173
S01012070,Level 1,152,99,69,3,27,53
S01012070,Level 2,42,31,22,2,7,11
S01012070,Level 3,78,48,41,1,6,30
S01012070,Level 4 and above,86,61,47,5,9,25
S01012071,All people aged 16 and over,915,518,390,36,92,397
S01012071,No qualifications,292,75,46,4,25,217
S01012071,Level 1,196,127,91,3,33,69
S01012071,Level 2,145,95,68,12,15,50
S01012071,Level 3,103,85,68,6,11,18
S01012071,Level 4 and above,179,136,117,11,8,43
S01012072,All people aged 16 and over,971,538,403,34,101,433
S01012072,No qualifications,360,101,66,4,31,259
S01012072,Level 1,190,120,77,8,35,70
S01012072,Level 2,133,101,77,4,20,32
S01012072,Level 3,94,74,62,5,7,20
S01012072,Level 4 and above,194,142,121,13,8,52
S01012073,All people aged 16 and over,564,411,352,28,31,153
S01012073,No qualifications,110,38,30,4,4,72
S01012073,Level 1,138,98,76,7,15,40
S01012073,Level 2,86,71,63,5,3,15
S01012073,Level 3,82,72,64,6,2,10
S01012073,Level 4 and above,148,132,119,6,7,16
S01012074,All people aged 16 and over,588,444,378,38,28,144
S01012074,No qualifications,95,30,22,7,1,65
S01012074,Level 1,134,103,76,13,14,31
S01012074,Level 2,114,97,87,6,4,17
S01012074,Level 3,65,53,45,3,5,12
S01012074,Level 4 and above,180,161,148,9,4,19
S01012075,All people aged 16 and over,582,484,400,47,37,98
S01012075,No qualifications,75,41,31,5,5,34
S01012075,Level 1,155,132,100,18,14,23
S01012075,Level 2,125,110,94,5,11,15
S01012075,Level 3,71,65,56,6,3,6
S01012075,Level 4 and above,156,136,119,13,4,20
S01012076,All people aged 16 and over,615,386,332,31,23,229
S01012076,No qualifications,182,36,29,5,2,146
S01012076,Level 1,146,109,84,12,13,37
S01012076,Level 2,97,85,77,4,4,12
S01012076,Level 3,61,49,41,5,3,12
S01012076,Level 4 and above,129,107,101,5,1,22
S01012077,All people aged 16 and over,587,389,325,17,47,198
S01012077,No qualifications,171,73,60,4,9,98
S01012077,Level 1,182,120,94,2,24,62
S01012077,Level 2,65,54,42,5,7,11
S01012077,Level 3,77,62,56,3,3,15
S01012077,Level 4 and above,92,80,73,3,4,12
S01012078,All people aged 16 and over,783,515,439,34,42,268
S01012078,No qualifications,202,63,47,7,9,139
S01012078,Level 1,196,145,112,13,20,51
S01012078,Level 2,109,89,77,6,6,20
S01012078,Level 3,94,74,68,4,2,20
S01012078,Level 4 and above,182,144,135,4,5,38
S01012079,All people aged 16 and over,763,446,353,32,61,317
S01012079,No qualifications,321,112,85,9,18,209
S01012079,Level 1,204,154,119,9,26,50
S01012079,Level 2,71,54,47,2,5,17
S01012079,Level 3,69,53,39,6,8,16
S01012079,Level 4 and above,98,73,63,6,4,25
S01012080,All people aged 16 and over,564,368,294,18,56,196
S01012080,No qualifications,156,67,46,6,15,89
S01012080,Level 1,182,131,104,5,22,51
S01012080,Level 2,66,50,44,2,4,16
S01012080,Level 3,76,54,44,3,7,22
S01012080,Level 4 and above,84,66,56,2,8,18
S01012081,All people aged 16 and over,581,356,266,21,69,225
S01012081,No qualifications,234,93,58,6,29,141
S01012081,Level 1,161,123,92,6,25,38
S01012081,Level 2,71,54,43,6,5,17
S01012081,Level 3,56,45,39,1,5,11
S01012081,Level 4 and above,59,41,34,2,5,18
S01012082,All people aged 16 and over,512,289,229,14,46,223
S01012082,No qualifications,215,74,54,8,12,141
S01012082,Level 1,151,105,79,3,23,46
S01012082,Level 2,56,39,37,0,2,17
S01012082,Level 3,48,41,32,1,8,7
S01012082,Level 4 and above,42,30,27,2,1,12
S01012083,All people aged 16 and over,643,319,254,16,49,324
S01012083,No qualifications,295,67,53,3,11,228
S01012083,Level 1,163,110,82,5,23,53
S01012083,Level 2,76,50,42,2,6,26
S01012083,Level 3,54,45,36,2,7,9
S01012083,Level 4 and above,55,47,41,4,2,8
S01012084,All people aged 16 and over,487,331,286,26,19,156
S01012084,No qualifications,135,50,42,5,3,85
S01012084,Level 1,123,101,86,8,7,22
S01012084,Level 2,76,59,49,4,6,17
S01012084,Level 3,67,58,50,6,2,9
S01012084,Level 4 and above,86,63,59,3,1,23
S01012085,All people aged 16 and over,588,386,343,22,21,202
S01012085,No qualifications,166,53,42,5,6,113
S01012085,Level 1,142,104,90,7,7,38
S01012085,Level 2,111,96,89,3,4,15
S01012085,Level 3,70,56,50,3,3,14
S01012085,Level 4 and above,99,77,72,4,1,22
S01012086,All people aged 16 and over,750,451,371,15,65,299
S01012086,No qualifications,273,73,55,2,16,200
S01012086,Level 1,238,183,151,10,22,55
S01012086,Level 2,106,83,64,1,18,23
S01012086,Level 3,63,56,48,1,7,7
S01012086,Level 4 and above,70,56,53,1,2,14
S01012087,All people aged 16 and over,608,350,296,15,39,258
S01012087,No qualifications,215,59,51,2,6,156
S01012087,Level 1,173,124,92,6,26,49
S01012087,Level 2,74,56,51,2,3,18
S01012087,Level 3,73,61,55,3,3,12
S01012087,Level 4 and above,73,50,47,2,1,23
S01012088,All people aged 16 and over,555,423,356,33,34,132
S01012088,No qualifications,96,49,34,6,9,47
S01012088,Level 1,143,107,88,5,14,36
S01012088,Level 2,87,69,55,9,5,18
S01012088,Level 3,71,62,55,3,4,9
S01012088,Level 4 and above,158,136,124,10,2,22
S01012089,All people aged 16 and over,692,476,407,43,26,216
S01012089,No qualifications,109,34,22,11,1,75
S01012089,Level 1,134,91,81,5,5,43
S01012089,Level 2,119,93,73,8,12,26
S01012089,Level 3,102,77,62,13,2,25
S01012089,Level 4 and above,228,181,169,6,6,47
S01012090,All people aged 16 and over,770,468,379,67,22,302
S01012090,No qualifications,123,36,27,8,1,87
S01012090,Level 1,114,75,58,12,5,39
S01012090,Level 2,120,83,69,10,4,37
S01012090,Level 3,103,74,60,7,7,29
S01012090,Level 4 and above,310,200,165,30,5,110
S01012091,All people aged 16 and over,465,328,294,19,15,137
S01012091,No qualifications,98,44,36,6,2,54
S01012091,Level 1,110,81,72,4,5,29
S01012091,Level 2,89,71,62,4,5,18
S01012091,Level 3,57,45,39,4,2,12
S01012091,Level 4 and above,111,87,85,1,1,24
S01012092,All people aged 16 and over,433,301,263,28,10,132
S01012092,No qualifications,90,37,30,5,2,53
S01012092,Level 1,98,70,60,9,1,28
S01012092,Level 2,79,66,57,5,4,13
S01012092,Level 3,59,47,42,4,1,12
S01012092,Level 4 and above,107,81,74,5,2,26
S01012093,All people aged 16 and over,478,294,254,28,12,184
S01012093,No qualifications,103,34,23,8,3,69
S01012093,Level 1,91,53,49,3,1,38
S01012093,Level 2,72,52,46,5,1,20
S01012093,Level 3,68,57,54,2,1,11
S01012093,Level 4 and above,144,98,82,10,6,46
S01012094,All people aged 16 and over,683,421,342,60,19,262
S01012094,No qualifications,148,44,27,14,3,104
S01012094,Level 1,107,69,53,13,3,38
S01012094,Level 2,112,88,73,10,5,24
S01012094,Level 3,59,39,33,4,2,20
S01012094,Level 4 and above,257,181,156,19,6,76
S01012095,All people aged 16 and over,874,615,520,43,52,259
S01012095,No qualifications,218,94,77,8,9,124
S01012095,Level 1,223,165,126,13,26,58
S01012095,Level 2,162,131,113,9,9,31
S01012095,Level 3,84,64,59,4,1,20
S01012095,Level 4 and above,187,161,145,9,7,26
S01012096,All people aged 16 and over,725,422,340,29,53,303
S01012096,No qualifications,287,98,79,8,11,189
S01012096,Level 1,208,147,115,10,22,61
S01012096,Level 2,88,69,52,6,11,19
S01012096,Level 3,68,54,46,2,6,14
S01012096,Level 4 and above,74,54,48,3,3,20
S01012097,All people aged 16 and over,537,338,283,17,38,199
S01012097,No qualifications,200,80,64,4,12,120
S01012097,Level 1,157,114,91,7,16,43
S01012097,Level 2,61,48,41,2,5,13
S01012097,Level 3,50,44,38,3,3,6
S01012097,Level 4 and above,69,52,49,1,2,17
S01012098,All people aged 16 and over,509,313,272,14,27,196
S01012098,No qualifications,190,83,70,3,10,107
S01012098,Level 1,151,94,82,4,8,57
S01012098,Level 2,63,51,44,2,5,12
S01012098,Level 3,42,35,31,1,3,7
S01012098,Level 4 and above,63,50,45,4,1,13
S01012099,All people aged 16 and over,737,378,315,9,54,359
S01012099,No qualifications,317,102,85,2,15,215
S01012099,Level 1,194,122,95,2,25,72
S01012099,Level 2,76,49,43,1,5,27
S01012099,Level 3,66,44,40,1,3,22
S01012099,Level 4 and above,84,61,52,3,6,23
S01012100,All people aged 16 and over,876,512,420,39,53,364
S01012100,No qualifications,366,111,88,13,10,255
S01012100,Level 1,209,161,128,10,23,48
S01012100,Level 2,111,93,81,4,8,18
S01012100,Level 3,68,57,46,3,8,11
S01012100,Level 4 and above,122,90,77,9,4,32
S01012101,All people aged 16 and over,662,438,367,43,28,224
S01012101,No qualifications,116,39,31,4,4,77
S01012101,Level 1,119,84,64,9,11,35
S01012101,Level 2,109,84,75,4,5,25
S01012101,Level 3,71,57,44,9,4,14
S01012101,Level 4 and above,247,174,153,17,4,73
S01012102,All people aged 16 and over,501,315,258,13,44,186
S01012102,No qualifications,153,71,52,4,15,82
S01012102,Level 1,154,99,76,5,18,55
S01012102,Level 2,61,47,43,2,2,14
S01012102,Level 3,64,45,38,0,7,19
S01012102,Level 4 and above,69,53,49,2,2,16
S01012103,All people aged 16 and over,763,568,473,45,50,195
S01012103,No qualifications,167,75,59,5,11,92
S01012103,Level 1,195,154,117,17,20,41
S01012103,Level 2,134,111,97,6,8,23
S01012103,Level 3,94,77,64,5,8,17
S01012103,Level 4 and above,173,151,136,12,3,22
S01012104,All people aged 16 and over,700,530,453,58,19,170
S01012104,No qualifications,71,25,18,5,2,46
S01012104,Level 1,158,112,90,16,6,46
S01012104,Level 2,124,101,87,11,3,23
S01012104,Level 3,95,76,66,9,1,19
S01012104,Level 4 and above,252,216,192,17,7,36
S01012105,All people aged 16 and over,928,635,535,65,35,293
S01012105,No qualifications,165,54,40,11,3,111
S01012105,Level 1,170,124,104,13,7,46
S01012105,Level 2,159,118,98,8,12,41
S01012105,Level 3,115,96,75,14,7,19
S01012105,Level 4 and above,319,243,218,19,6,76
S01012106,All people aged 16 and over,897,647,548,70,29,250
S01012106,No qualifications,120,51,40,8,3,69
S01012106,Level 1,172,120,85,21,14,52
S01012106,Level 2,168,137,119,11,7,31
S01012106,Level 3,99,78,71,7,0,21
S01012106,Level 4 and above,338,261,233,23,5,77
S01012107,All people aged 16 and over,587,348,275,47,26,239
S01012107,No qualifications,120,35,26,6,3,85
S01012107,Level 1,100,66,43,10,13,34
S01012107,Level 2,72,41,38,2,1,31
S01012107,Level 3,59,45,30,13,2,14
S01012107,Level 4 and above,236,161,138,16,7,75
S01012108,All people aged 16 and over,852,363,296,24,43,489
S01012108,No qualifications,444,69,54,7,8,375
S01012108,Level 1,152,88,70,7,11,64
S01012108,Level 2,84,62,43,5,14,22
S01012108,Level 3,50,45,39,1,5,5
S01012108,Level 4 and above,122,99,90,4,5,23
S01012109,All people aged 16 and over,766,500,399,28,73,266
S01012109,No qualifications,224,73,56,6,11,151
S01012109,Level 1,184,127,88,9,30,57
S01012109,Level 2,102,87,71,3,13,15
S01012109,Level 3,92,74,62,5,7,18
S01012109,Level 4 and above,164,139,122,5,12,25
S01012110,All people aged 16 and over,635,357,295,19,43,278
S01012110,No qualifications,242,60,40,7,13,182
S01012110,Level 1,122,87,69,8,10,35
S01012110,Level 2,70,54,48,2,4,16
S01012110,Level 3,67,50,43,0,7,17
S01012110,Level 4 and above,134,106,95,2,9,28
S01012111,All people aged 16 and over,461,279,219,18,42,182
S01012111,No qualifications,135,35,24,2,9,100
S01012111,Level 1,126,92,73,6,13,34
S01012111,Level 2,64,54,38,6,10,10
S01012111,Level 3,50,34,27,2,5,16
S01012111,Level 4 and above,86,64,57,2,5,22
S01012112,All people aged 16 and over,666,336,282,25,29,330
S01012112,No qualifications,254,55,42,8,5,199
S01012112,Level 1,109,66,56,2,8,43
S01012112,Level 2,70,48,39,6,3,22
S01012112,Level 3,72,58,53,2,3,14
S01012112,Level 4 and above,161,109,92,7,10,52
S01012113,All people aged 16 and over,866,476,409,38,29,390
S01012113,No qualifications,304,86,75,8,3,218
S01012113,Level 1,188,119,92,10,17,69
S01012113,Level 2,123,84,73,8,3,39
S01012113,Level 3,79,55,50,2,3,24
S01012113,Level 4 and above,172,132,119,10,3,40
S01012114,All people aged 16 and over,834,463,365,60,38,371
S01012114,No qualifications,108,27,22,4,1,81
S01012114,Level 1,131,65,55,5,5,66
S01012114,Level 2,149,102,65,17,20,47
S01012114,Level 3,96,57,51,5,1,39
S01012114,Level 4 and above,350,212,172,29,11,138
S01012115,All people aged 16 and over,429,243,230,5,8,186
S01012115,No qualifications,183,59,55,2,2,124
S01012115,Level 1,106,79,74,1,4,27
S01012115,Level 2,36,28,25,2,1,8
S01012115,Level 3,41,30,29,0,1,11
S01012115,Level 4 and above,63,47,47,0,0,16
S01012116,All people aged 16 and over,498,295,254,22,19,203
S01012116,No qualifications,204,70,60,6,4,134
S01012116,Level 1,120,90,76,6,8,30
S01012116,Level 2,69,55,47,5,3,14
S01012116,Level 3,38,28,25,1,2,10
S01012116,Level 4 and above,67,52,46,4,2,15
S01012117,All people aged 16 and over,575,485,431,41,13,90
S01012117,No qualifications,65,38,32,6,0,27
S01012117,Level 1,108,91,76,7,8,17
S01012117,Level 2,108,96,84,10,2,12
S01012117,Level 3,93,83,71,11,1,10
S01012117,Level 4 and above,201,177,168,7,2,24
S01012118,All people aged 16 and over,494,391,346,34,11,103
S01012118,No qualifications,55,29,25,2,2,26
S01012118,Level 1,130,102,87,11,4,28
S01012118,Level 2,102,83,67,12,4,19
S01012118,Level 3,56,50,46,3,1,6
S01012118,Level 4 and above,151,127,121,6,0,24
S01012119,All people aged 16 and over,741,476,411,44,21,265
S01012119,No qualifications,154,52,40,11,1,102
S01012119,Level 1,195,136,112,15,9,59
S01012119,Level 2,125,92,82,6,4,33
S01012119,Level 3,80,58,55,2,1,22
S01012119,Level 4 and above,187,138,122,10,6,49
S01012120,All people aged 16 and over,468,293,242,15,36,175
S01012120,No qualifications,155,62,53,2,7,93
S01012120,Level 1,129,92,71,3,18,37
S01012120,Level 2,53,43,33,4,6,10
S01012120,Level 3,61,43,38,3,2,18
S01012120,Level 4 and above,70,53,47,3,3,17
S01012121,All people aged 16 and over,787,423,350,21,52,364
S01012121,No qualifications,343,90,74,2,14,253
S01012121,Level 1,208,148,115,10,23,60
S01012121,Level 2,76,63,56,2,5,13
S01012121,Level 3,65,51,42,2,7,14
S01012121,Level 4 and above,95,71,63,5,3,24
S01012122,All people aged 16 and over,671,413,350,20,43,258
S01012122,No qualifications,267,91,79,6,6,176
S01012122,Level 1,166,130,104,7,19,36
S01012122,Level 2,72,61,51,1,9,11
S01012122,Level 3,64,55,47,2,6,9
S01012122,Level 4 and above,102,76,69,4,3,26
S01012123,All people aged 16 and over,429,299,238,32,29,130
S01012123,No qualifications,107,44,36,4,4,63
S01012123,Level 1,84,62,46,7,9,22
S01012123,Level 2,69,53,43,5,5,16
S01012123,Level 3,55,49,37,6,6,6
S01012123,Level 4 and above,114,91,76,10,5,23
S01012124,All people aged 16 and over,447,318,283,20,15,129
S01012124,No qualifications,94,39,34,3,2,55
S01012124,Level 1,98,74,63,7,4,24
S01012124,Level 2,86,67,62,2,3,19
S01012124,Level 3,69,56,47,4,5,13
S01012124,Level 4 and above,100,82,77,4,1,18
S01012125,All people aged 16 and over,665,400,305,22,73,265
S01012125,No qualifications,224,74,53,5,16,150
S01012125,Level 1,153,106,72,5,29,47
S01012125,Level 2,78,57,49,3,5,21
S01012125,Level 3,98,75,57,6,12,23
S01012125,Level 4 and above,112,88,74,3,11,24
S01012126,All people aged 16 and over,673,505,425,47,33,168
S01012126,No qualifications,123,46,33,6,7,77
S01012126,Level 1,131,96,81,5,10,35
S01012126,Level 2,119,102,86,9,7,17
S01012126,Level 3,82,65,57,3,5,17
S01012126,Level 4 and above,218,196,168,24,4,22
S01012127,All people aged 16 and over,745,512,386,38,88,233
S01012127,No qualifications,157,66,38,7,21,91
S01012127,Level 1,176,129,84,8,37,47
S01012127,Level 2,111,72,58,6,8,39
S01012127,Level 3,104,82,64,7,11,22
S01012127,Level 4 and above,197,163,142,10,11,34
S01012128,All people aged 16 and over,421,317,262,15,40,104
S01012128,No qualifications,67,29,17,3,9,38
S01012128,Level 1,93,63,52,2,9,30
S01012128,Level 2,75,57,46,3,8,18
S01012128,Level 3,53,51,46,3,2,2
S01012128,Level 4 and above,133,117,101,4,12,16
S01012129,All people aged 16 and over,607,393,319,27,47,214
S01012129,No qualifications,166,59,44,7,8,107
S01012129,Level 1,144,96,73,5,18,48
S01012129,Level 2,87,68,52,6,10,19
S01012129,Level 3,63,54,45,4,5,9
S01012129,Level 4 and above,147,116,105,5,6,31
S01012130,All people aged 16 and over,982,484,408,30,46,498
S01012130,No qualifications,405,72,61,0,11,333
S01012130,Level 1,190,116,88,11,17,74
S01012130,Level 2,105,85,72,7,6,20
S01012130,Level 3,83,65,56,2,7,18
S01012130,Level 4 and above,199,146,131,10,5,53
S01012131,All people aged 16 and over,997,585,455,24,106,412
S01012131,No qualifications,274,84,57,2,25,190
S01012131,Level 1,229,148,115,7,26,81
S01012131,Level 2,128,99,77,4,18,29
S01012131,Level 3,106,78,68,4,6,28
S01012131,Level 4 and above,260,176,138,7,31,84
S01012132,All people aged 16 and over,592,375,285,27,63,217
S01012132,No qualifications,165,56,42,5,9,109
S01012132,Level 1,108,75,50,4,21,33
S01012132,Level 2,76,56,40,3,13,20
S01012132,Level 3,71,54,42,3,9,17
S01012132,Level 4 and above,172,134,111,12,11,38
S01012133,All people aged 16 and over,788,494,385,31,78,294
S01012133,No qualifications,107,45,25,5,15,62
S01012133,Level 1,178,111,79,7,25,67
S01012133,Level 2,122,93,68,5,20,29
S01012133,Level 3,97,59,49,2,8,38
S01012133,Level 4 and above,284,186,164,12,10,98
S01012134,All people aged 16 and over,1060,602,502,57,43,458
S01012134,No qualifications,244,47,39,3,5,197
S01012134,Level 1,178,105,76,13,16,73
S01012134,Level 2,155,105,90,6,9,50
S01012134,Level 3,118,82,66,10,6,36
S01012134,Level 4 and above,365,263,231,25,7,102
S01012135,All people aged 16 and over,744,433,338,19,76,311
S01012135,No qualifications,254,73,49,3,21,181
S01012135,Level 1,189,142,105,7,30,47
S01012135,Level 2,86,60,46,5,9,26
S01012135,Level 3,88,58,50,0,8,30
S01012135,Level 4 and above,127,100,88,4,8,27
S01012136,All people aged 16 and over,715,466,375,19,72,249
S01012136,No qualifications,159,56,41,2,13,103
S01012136,Level 1,167,114,80,3,31,53
S01012136,Level 2,97,84,69,2,13,13
S01012136,Level 3,102,68,58,4,6,34
S01012136,Level 4 and above,190,144,127,8,9,46
S01012137,All people aged 16 and over,608,307,249,19,39,301
S01012137,No qualifications,198,42,34,4,4,156
S01012137,Level 1,155,90,67,8,15,65
S01012137,Level 2,80,62,52,2,8,18
S01012137,Level 3,49,34,29,1,4,15
S01012137,Level 4 and above,126,79,67,4,8,47
S01012138,All people aged 16 and over,785,485,410,41,34,300
S01012138,No qualifications,193,53,41,7,5,140
S01012138,Level 1,123,79,67,4,8,44
S01012138,Level 2,125,91,76,6,9,34
S01012138,Level 3,96,64,55,4,5,32
S01012138,Level 4 and above,248,198,171,20,7,50
S01012139,All people aged 16 and over,783,456,390,38,28,327
S01012139,No qualifications,246,67,61,4,2,179
S01012139,Level 1,178,117,91,11,15,61
S01012139,Level 2,102,78,69,7,2,24
S01012139,Level 3,89,65,54,7,4,24
S01012139,Level 4 and above,168,129,115,9,5,39
S01012140,All people aged 16 and over,441,289,248,26,15,152
S01012140,No qualifications,77,26,17,8,1,51
S01012140,Level 1,62,36,26,6,4,26
S01012140,Level 2,71,53,45,3,5,18
S01012140,Level 3,61,44,39,3,2,17
S01012140,Level 4 and above,170,130,121,6,3,40
S01012141,All people aged 16 and over,829,515,441,46,28,314
S01012141,No qualifications,157,49,39,9,1,108
S01012141,Level 1,149,82,64,10,8,67
S01012141,Level 2,165,115,99,9,7,50
S01012141,Level 3,104,78,70,3,5,26
S01012141,Level 4 and above,254,191,169,15,7,63
S01012142,All people aged 16 and over,800,459,384,55,20,341
S01012142,No qualifications,167,55,43,10,2,112
S01012142,Level 1,152,84,65,14,5,68
S01012142,Level 2,125,84,69,8,7,41
S01012142,Level 3,100,70,57,9,4,30
S01012142,Level 4 and above,256,166,150,14,2,90
S01012143,All people aged 16 and over,766,429,353,56,20,337
S01012143,No qualifications,149,37,24,11,2,112
S01012143,Level 1,128,71,53,14,4,57
S01012143,Level 2,138,86,75,6,5,52
S01012143,Level 3,73,48,40,6,2,25
S01012143,Level 4 and above,278,187,161,19,7,91
S01012144,All people aged 16 and over,874,522,443,54,25,352
S01012144,No qualifications,199,47,30,15,2,152
S01012144,Level 1,156,99,80,11,8,57
S01012144,Level 2,129,97,83,9,5,32
S01012144,Level 3,115,83,74,5,4,32
S01012144,Level 4 and above,275,196,176,14,6,79
S01012145,All people aged 16 and over,836,506,442,49,15,330
S01012145,No qualifications,132,37,25,12,0,95
S01012145,Level 1,117,64,54,4,6,53
S01012145,Level 2,133,87,79,5,3,46
S01012145,Level 3,91,67,55,10,2,24
S01012145,Level 4 and above,363,251,229,18,4,112
S01012146,All people aged 16 and over,819,438,367,28,43,381
S01012146,No qualifications,312,72,65,4,3,240
S01012146,Level 1,181,122,96,4,22,59
S01012146,Level 2,86,62,50,6,6,24
S01012146,Level 3,96,63,53,4,6,33
S01012146,Level 4 and above,144,119,103,10,6,25
S01012147,All people aged 16 and over,622,336,263,19,54,286
S01012147,No qualifications,245,73,58,4,11,172
S01012147,Level 1,162,100,73,7,20,62
S01012147,Level 2,69,49,37,3,9,20
S01012147,Level 3,68,50,41,3,6,18
S01012147,Level 4 and above,78,64,54,2,8,14
S01012148,All people aged 16 and over,574,318,254,11,53,256
S01012148,No qualifications,213,66,44,6,16,147
S01012148,Level 1,175,103,86,3,14,72
S01012148,Level 2,58,50,39,1,10,8
S01012148,Level 3,68,51,38,1,12,17
S01012148,Level 4 and above,60,48,47,0,1,12
S01012149,All people aged 16 and over,693,422,349,45,28,271
S01012149,No qualifications,170,48,34,11,3,122
S01012149,Level 1,168,119,95,14,10,49
S01012149,Level 2,108,80,74,3,3,28
S01012149,Level 3,91,61,49,7,5,30
S01012149,Level 4 and above,156,114,97,10,7,42
S01012150,All people aged 16 and over,623,333,273,17,43,290
S01012150,No qualifications,280,85,66,5,14,195
S01012150,Level 1,157,97,74,4,19,60
S01012150,Level 2,62,49,41,4,4,13
S01012150,Level 3,50,41,34,3,4,9
S01012150,Level 4 and above,74,61,58,1,2,13
S01012151,All people aged 16 and over,626,331,283,12,36,295
S01012151,No qualifications,265,74,63,2,9,191
S01012151,Level 1,156,105,85,2,18,51
S01012151,Level 2,72,52,44,5,3,20
S01012151,Level 3,56,44,40,2,2,12
S01012151,Level 4 and above,77,56,51,1,4,21
S01012152,All people aged 16 and over,601,336,267,19,50,265
S01012152,No qualifications,245,99,72,6,21,146
S01012152,Level 1,181,108,82,2,24,73
S01012152,Level 2,60,47,43,2,2,13
S01012152,Level 3,59,45,39,5,1,14
S01012152,Level 4 and above,56,37,31,4,2,19
S01012153,All people aged 16 and over,447,285,230,15,40,162
S01012153,No qualifications,125,39,28,1,10,86
S01012153,Level 1,119,84,66,6,12,35
S01012153,Level 2,65,53,43,2,8,12
S01012153,Level 3,53,45,37,3,5,8
S01012153,Level 4 and above,85,64,56,3,5,21
S01012154,All people aged 16 and over,688,404,320,18,66,284
S01012154,No qualifications,224,64,45,1,18,160
S01012154,Level 1,182,113,88,6,19,69
S01012154,Level 2,73,63,53,2,8,10
S01012154,Level 3,95,73,56,5,12,22
S01012154,Level 4 and above,114,91,78,4,9,23
S01012155,All people aged 16 and over,497,312,245,14,53,185
S01012155,No qualifications,169,59,39,5,15,110
S01012155,Level 1,128,95,73,4,18,33
S01012155,Level 2,52,40,34,0,6,12
S01012155,Level 3,60,52,41,2,9,8
S01012155,Level 4 and above,88,66,58,3,5,22
S01012156,All people aged 16 and over,529,289,222,20,47,240
S01012156,No qualifications,228,76,58,2,16,152
S01012156,Level 1,131,79,56,6,17,52
S01012156,Level 2,58,45,32,4,9,13
S01012156,Level 3,48,41,34,3,4,7
S01012156,Level 4 and above,64,48,42,5,1,16
S01012157,All people aged 16 and over,802,548,466,30,52,254
S01012157,No qualifications,271,108,84,7,17,163
S01012157,Level 1,193,152,121,13,18,41
S01012157,Level 2,106,86,77,3,6,20
S01012157,Level 3,91,73,65,1,7,18
S01012157,Level 4 and above,141,129,119,6,4,12
S01012158,All people aged 16 and over,877,666,553,61,52,211
S01012158,No qualifications,169,76,51,15,10,93
S01012158,Level 1,204,170,138,10,22,34
S01012158,Level 2,116,89,68,14,7,27
S01012158,Level 3,140,117,99,12,6,23
S01012158,Level 4 and above,248,214,197,10,7,34
S01012159,All people aged 16 and over,454,272,235,19,18,182
S01012159,No qualifications,131,41,35,4,2,90
S01012159,Level 1,103,72,59,7,6,31
S01012159,Level 2,71,50,42,5,3,21
S01012159,Level 3,63,48,39,2,7,15
S01012159,Level 4 and above,86,61,60,1,0,25
S01012160,All people aged 16 and over,569,383,330,30,23,186
S01012160,No qualifications,152,51,46,3,2,101
S01012160,Level 1,133,95,82,8,5,38
S01012160,Level 2,88,76,63,6,7,12
S01012160,Level 3,76,65,57,8,0,11
S01012160,Level 4 and above,120,96,82,5,9,24
S01012161,All people aged 16 and over,343,210,178,10,22,133
S01012161,No qualifications,130,46,35,2,9,84
S01012161,Level 1,102,69,59,5,5,33
S01012161,Level 2,32,27,24,0,3,5
S01012161,Level 3,34,32,28,0,4,2
S01012161,Level 4 and above,45,36,32,3,1,9
S01012162,All people aged 16 and over,731,463,386,25,52,268
S01012162,No qualifications,232,78,58,6,14,154
S01012162,Level 1,189,135,108,5,22,54
S01012162,Level 2,93,71,63,3,5,22
S01012162,Level 3,86,67,59,4,4,19
S01012162,Level 4 and above,131,112,98,7,7,19
S01012163,All people aged 16 and over,586,386,323,28,35,200
S01012163,No qualifications,157,48,35,4,9,109
S01012163,Level 1,152,115,94,8,13,37
S01012163,Level 2,72,60,52,4,4,12
S01012163,Level 3,72,57,49,3,5,15
S01012163,Level 4 and above,133,106,93,9,4,27
S01012164,All people aged 16 and over,804,678,613,44,21,126
S01012164,No qualifications,96,58,45,12,1,38
S01012164,Level 1,206,177,153,15,9,29
S01012164,Level 2,170,153,137,8,8,17
S01012164,Level 3,115,100,94,4,2,15
S01012164,Level 4 and above,217,190,184,5,1,27
S01012165,All people aged 16 and over,712,447,346,24,77,265
S01012165,No qualifications,263,107,80,6,21,156
S01012165,Level 1,204,146,108,5,33,58
S01012165,Level 2,92,76,60,7,9,16
S01012165,Level 3,70,54,47,2,5,16
S01012165,Level 4 and above,83,64,51,4,9,19
S01012166,All people aged 16 and over,490,338,296,18,24,152
S01012166,No qualifications,150,75,63,3,9,75
S01012166,Level 1,147,104,89,8,7,43
S01012166,Level 2,57,49,45,2,2,8
S01012166,Level 3,68,53,49,2,2,15
S01012166,Level 4 and above,68,57,50,3,4,11
S01012167,All people aged 16 and over,690,444,375,32,37,246
S01012167,No qualifications,248,100,74,11,15,148
S01012167,Level 1,172,129,106,7,16,43
S01012167,Level 2,91,74,66,6,2,17
S01012167,Level 3,75,53,47,3,3,22
S01012167,Level 4 and above,104,88,82,5,1,16
S01012168,All people aged 16 and over,714,432,368,33,31,282
S01012168,No qualifications,180,43,32,6,5,137
S01012168,Level 1,163,121,100,9,12,42
S01012168,Level 2,124,84,71,3,10,40
S01012168,Level 3,80,61,53,6,2,19
S01012168,Level 4 and above,167,123,112,9,2,44
S01012169,All people aged 16 and over,725,394,351,19,24,331
S01012169,No qualifications,266,65,58,2,5,201
S01012169,Level 1,162,102,86,7,9,60
S01012169,Level 2,91,67,59,3,5,24
S01012169,Level 3,96,76,71,2,3,20
S01012169,Level 4 and above,110,84,77,5,2,26
S01012170,All people aged 16 and over,849,448,397,25,26,401
S01012170,No qualifications,349,84,77,4,3,265
S01012170,Level 1,192,123,102,10,11,69
S01012170,Level 2,91,74,67,4,3,17
S01012170,Level 3,103,80,72,2,6,23
S01012170,Level 4 and above,114,87,79,5,3,27
S01012171,All people aged 16 and over,832,505,467,12,26,327
S01012171,No qualifications,317,103,96,1,6,214
S01012171,Level 1,215,163,148,4,11,52
S01012171,Level 2,109,83,76,1,6,26
S01012171,Level 3,111,89,84,3,2,22
S01012171,Level 4 and above,80,67,63,3,1,13
S01012172,All people aged 16 and over,611,343,303,15,25,268
S01012172,No qualifications,244,72,65,4,3,172
S01012172,Level 1,144,101,83,5,13,43
S01012172,Level 2,79,51,43,0,8,28
S01012172,Level 3,74,61,57,3,1,13
S01012172,Level 4 and above,70,58,55,3,0,12
S01012173,All people aged 16 and over,633,309,276,26,7,324
S01012173,No qualifications,193,39,32,7,0,154
S01012173,Level 1,121,66,57,5,4,55
S01012173,Level 2,94,65,57,7,1,29
S01012173,Level 3,60,40,38,1,1,20
S01012173,Level 4 and above,165,99,92,6,1,66
S01012174,All people aged 16 and over,665,554,490,49,15,111
S01012174,No qualifications,89,53,44,5,4,36
S01012174,Level 1,181,146,122,22,2,35
S01012174,Level 2,132,116,108,4,4,16
S01012174,Level 3,82,75,66,6,3,7
S01012174,Level 4 and above,181,164,150,12,2,17
S01012175,All people aged 16 and over,686,503,449,25,29,183
S01012175,No qualifications,166,82,60,7,15,84
S01012175,Level 1,133,102,91,6,5,31
S01012175,Level 2,127,103,97,3,3,24
S01012175,Level 3,76,65,61,2,2,11
S01012175,Level 4 and above,184,151,140,7,4,33
S01012176,All people aged 16 and over,727,512,446,35,31,215
S01012176,No qualifications,176,77,62,12,3,99
S01012176,Level 1,177,132,108,11,13,45
S01012176,Level 2,122,97,86,5,6,25
S01012176,Level 3,108,93,87,2,4,15
S01012176,Level 4 and above,144,113,103,5,5,31
S01012177,All people aged 16 and over,523,342,291,36,15,181
S01012177,No qualifications,133,59,46,8,5,74
S01012177,Level 1,128,81,62,12,7,47
S01012177,Level 2,85,65,60,4,1,20
S01012177,Level 3,66,52,48,4,0,14
S01012177,Level 4 and above,111,85,75,8,2,26
S01012178,All people aged 16 and over,451,302,266,25,11,149
S01012178,No qualifications,114,48,42,5,1,66
S01012178,Level 1,114,87,73,10,4,27
S01012178,Level 2,80,59,54,5,0,21
S01012178,Level 3,43,31,28,0,3,12
S01012178,Level 4 and above,100,77,69,5,3,23
S01012179,All people aged 16 and over,520,283,237,27,19,237
S01012179,No qualifications,194,53,38,6,9,141
S01012179,Level 1,107,70,59,8,3,37
S01012179,Level 2,70,56,50,4,2,14
S01012179,Level 3,55,40,32,4,4,15
S01012179,Level 4 and above,94,64,58,5,1,30
S01012180,All people aged 16 and over,480,239,203,22,14,241
S01012180,No qualifications,172,36,30,4,2,136
S01012180,Level 1,96,58,44,8,6,38
S01012180,Level 2,60,46,41,2,3,14
S01012180,Level 3,55,36,31,2,3,19
S01012180,Level 4 and above,97,63,57,6,0,34
S01012181,All people aged 16 and over,648,365,300,33,32,283
S01012181,No qualifications,233,61,50,5,6,172
S01012181,Level 1,132,80,59,13,8,52
S01012181,Level 2,82,66,51,7,8,16
S01012181,Level 3,65,55,44,5,6,10
S01012181,Level 4 and above,136,103,96,3,4,33
S01012182,All people aged 16 and over,853,677,603,52,22,176
S01012182,No qualifications,144,77,63,12,2,67
S01012182,Level 1,197,154,131,11,12,43
S01012182,Level 2,143,122,113,7,2,21
S01012182,Level 3,122,107,93,11,3,15
S01012182,Level 4 and above,247,217,203,11,3,30
S01012183,All people aged 16 and over,616,402,339,25,38,214
S01012183,No qualifications,182,63,49,6,8,119
S01012183,Level 1,160,112,92,9,11,48
S01012183,Level 2,83,67,56,2,9,16
S01012183,Level 3,77,63,55,3,5,14
S01012183,Level 4 and above,114,97,87,5,5,17
S01012184,All people aged 16 and over,447,360,308,24,28,87
S01012184,No qualifications,49,17,12,4,1,32
S01012184,Level 1,95,80,63,9,8,15
S01012184,Level 2,65,51,42,0,9,14
S01012184,Level 3,68,60,52,3,5,8
S01012184,Level 4 and above,170,152,139,8,5,18
S01012185,All people aged 16 and over,626,429,334,26,69,197
S01012185,No qualifications,193,85,53,6,26,108
S01012185,Level 1,154,111,82,7,22,43
S01012185,Level 2,79,66,54,6,6,13
S01012185,Level 3,58,53,49,2,2,5
S01012185,Level 4 and above,142,114,96,5,13,28
S01012186,All people aged 16 and over,593,310,257,18,35,283
S01012186,No qualifications,233,56,45,6,5,177
S01012186,Level 1,142,89,70,5,14,53
S01012186,Level 2,72,54,44,4,6,18
S01012186,Level 3,64,49,44,0,5,15
S01012186,Level 4 and above,82,62,54,3,5,20
S01012187,All people aged 16 and over,584,344,285,11,48,240
S01012187,No qualifications,230,81,63,3,15,149
S01012187,Level 1,158,105,80,4,21,53
S01012187,Level 2,67,50,47,3,0,17
S01012187,Level 3,65,59,52,1,6,6
S01012187,Level 4 and above,64,49,43,0,6,15
S01012188,All people aged 16 and over,506,283,244,21,18,223
S01012188,No qualifications,163,45,35,6,4,118
S01012188,Level 1,118,78,70,4,4,40
S01012188,Level 2,68,53,46,4,3,15
S01012188,Level 3,49,35,31,2,2,14
S01012188,Level 4 and above,108,72,62,5,5,36
S01012189,All people aged 16 and over,469,323,291,20,12,146
S01012189,No qualifications,119,38,29,4,5,81
S01012189,Level 1,111,79,71,6,2,32
S01012189,Level 2,73,62,58,2,2,11
S01012189,Level 3,60,51,45,5,1,9
S01012189,Level 4 and above,106,93,88,3,2,13
S01012190,All people aged 16 and over,402,330,300,23,7,72
S01012190,No qualifications,61,29,24,4,1,32
S01012190,Level 1,79,63,54,8,1,16
S01012190,Level 2,65,60,55,3,2,5
S01012190,Level 3,47,43,36,5,2,4
S01012190,Level 4 and above,150,135,131,3,1,15
S01012191,All people aged 16 and over,718,505,440,42,23,213
S01012191,No qualifications,128,50,39,8,3,78
S01012191,Level 1,153,113,96,12,5,40
S01012191,Level 2,137,115,96,9,10,22
S01012191,Level 3,91,77,69,6,2,14
S01012191,Level 4 and above,209,150,140,7,3,59
S01012192,All people aged 16 and over,426,279,236,30,13,147
S01012192,No qualifications,81,27,23,4,0,54
S01012192,Level 1,105,70,57,9,4,35
S01012192,Level 2,77,53,44,5,4,24
S01012192,Level 3,49,43,37,4,2,6
S01012192,Level 4 and above,114,86,75,8,3,28
S01012193,All people aged 16 and over,427,371,323,31,17,56
S01012193,No qualifications,46,26,24,2,0,20
S01012193,Level 1,97,81,63,9,9,16
S01012193,Level 2,92,83,71,6,6,9
S01012193,Level 3,62,58,50,7,1,4
S01012193,Level 4 and above,130,123,115,7,1,7
S01012194,All people aged 16 and over,427,344,311,14,19,83
S01012194,No qualifications,28,16,14,1,1,12
S01012194,Level 1,112,87,77,5,5,25
S01012194,Level 2,117,91,82,4,5,26
S01012194,Level 3,56,44,40,1,3,12
S01012194,Level 4 and above,114,106,98,3,5,8
S01012195,All people aged 16 and over,899,648,576,38,34,251
S01012195,No qualifications,161,49,39,7,3,112
S01012195,Level 1,222,168,146,11,11,54
S01012195,Level 2,160,132,119,6,7,28
S01012195,Level 3,113,92,77,9,6,21
S01012195,Level 4 and above,243,207,195,5,7,36
S01012196,All people aged 16 and over,438,350,305,33,12,88
S01012196,No qualifications,68,30,24,6,0,38
S01012196,Level 1,99,72,60,6,6,27
S01012196,Level 2,82,72,67,5,0,10
S01012196,Level 3,56,50,40,6,4,6
S01012196,Level 4 and above,133,126,114,10,2,7
S01012197,All people aged 16 and over,579,346,295,19,32,233
S01012197,No qualifications,184,40,33,2,5,144
S01012197,Level 1,153,115,98,6,11,38
S01012197,Level 2,88,68,60,1,7,20
S01012197,Level 3,63,47,44,1,2,16
S01012197,Level 4 and above,91,76,60,9,7,15
S01012198,All people aged 16 and over,770,461,409,33,19,309
S01012198,No qualifications,255,64,59,5,0,191
S01012198,Level 1,159,110,91,8,11,49
S01012198,Level 2,122,93,85,6,2,29
S01012198,Level 3,89,72,65,5,2,17
S01012198,Level 4 and above,145,122,109,9,4,23
S01012199,All people aged 16 and over,602,389,340,14,35,213
S01012199,No qualifications,199,77,67,4,6,122
S01012199,Level 1,170,118,101,3,14,52
S01012199,Level 2,93,79,65,3,11,14
S01012199,Level 3,55,40,38,1,1,15
S01012199,Level 4 and above,85,75,69,3,3,10
S01012200,All people aged 16 and over,516,323,270,23,30,193
S01012200,No qualifications,164,54,42,4,8,110
S01012200,Level 1,124,79,58,9,12,45
S01012200,Level 2,73,58,50,3,5,15
S01012200,Level 3,57,49,41,4,4,8
S01012200,Level 4 and above,98,83,79,3,1,15
S01012201,All people aged 16 and over,610,378,338,23,17,232
S01012201,No qualifications,186,59,49,7,3,127
S01012201,Level 1,172,118,106,4,8,54
S01012201,Level 2,107,84,76,7,1,23
S01012201,Level 3,55,48,43,1,4,7
S01012201,Level 4 and above,90,69,64,4,1,21
S01012202,All people aged 16 and over,473,310,282,16,12,163
S01012202,No qualifications,118,40,37,2,1,78
S01012202,Level 1,138,96,86,5,5,42
S01012202,Level 2,59,43,39,2,2,16
S01012202,Level 3,55,42,37,5,0,13
S01012202,Level 4 and above,103,89,83,2,4,14
S01012203,All people aged 16 and over,676,439,380,36,23,237
S01012203,No qualifications,177,57,42,11,4,120
S01012203,Level 1,133,91,72,9,10,42
S01012203,Level 2,108,85,71,7,7,23
S01012203,Level 3,81,60,56,3,1,21
S01012203,Level 4 and above,177,146,139,6,1,31
S01012204,All people aged 16 and over,662,511,444,42,25,151
S01012204,No qualifications,98,48,38,5,5,50
S01012204,Level 1,160,123,101,14,8,37
S01012204,Level 2,140,107,98,5,4,33
S01012204,Level 3,75,71,62,7,2,4
S01012204,Level 4 and above,189,162,145,11,6,27
S01012205,All people aged 16 and over,572,418,351,52,15,154
S01012205,No qualifications,91,35,25,10,0,56
S01012205,Level 1,131,98,81,13,4,33
S01012205,Level 2,100,81,68,7,6,19
S01012205,Level 3,66,59,50,7,2,7
S01012205,Level 4 and above,184,145,127,15,3,39
S01012206,All people aged 16 and over,682,528,467,36,25,154
S01012206,No qualifications,138,60,50,5,5,78
S01012206,Level 1,174,139,121,7,11,35
S01012206,Level 2,138,119,107,8,4,19
S01012206,Level 3,91,85,69,12,4,6
S01012206,Level 4 and above,141,125,120,4,1,16
S01012207,All people aged 16 and over,724,425,374,27,24,299
S01012207,No qualifications,220,60,53,4,3,160
S01012207,Level 1,214,146,127,6,13,68
S01012207,Level 2,106,86,72,8,6,20
S01012207,Level 3,87,63,59,3,1,24
S01012207,Level 4 and above,97,70,63,6,1,27
S01012208,All people aged 16 and over,830,500,425,42,33,330
S01012208,No qualifications,257,80,65,10,5,177
S01012208,Level 1,213,149,127,10,12,64
S01012208,Level 2,119,87,69,12,6,32
S01012208,Level 3,113,84,76,3,5,29
S01012208,Level 4 and above,128,100,88,7,5,28
S01012209,All people aged 16 and over,588,376,304,32,40,212
S01012209,No qualifications,183,61,39,14,8,122
S01012209,Level 1,146,102,75,4,23,44
S01012209,Level 2,94,77,73,1,3,17
S01012209,Level 3,80,72,64,4,4,8
S01012209,Level 4 and above,85,64,53,9,2,21
S01012210,All people aged 16 and over,647,346,307,16,23,301
S01012210,No qualifications,233,45,39,2,4,188
S01012210,Level 1,158,105,85,7,13,53
S01012210,Level 2,85,64,59,3,2,21
S01012210,Level 3,88,69,64,2,3,19
S01012210,Level 4 and above,83,63,60,2,1,20
S01012211,All people aged 16 and over,739,477,397,42,38,262
S01012211,No qualifications,181,49,38,7,4,132
S01012211,Level 1,158,117,89,8,20,41
S01012211,Level 2,110,81,66,10,5,29
S01012211,Level 3,95,76,64,6,6,19
S01012211,Level 4 and above,195,154,140,11,3,41
S01012212,All people aged 16 and over,665,406,357,24,25,259
S01012212,No qualifications,109,27,21,3,3,82
S01012212,Level 1,135,84,69,9,6,51
S01012212,Level 2,111,77,66,4,7,34
S01012212,Level 3,81,59,52,0,7,22
S01012212,Level 4 and above,229,159,149,8,2,70
S01012213,All people aged 16 and over,707,454,402,34,18,253
S01012213,No qualifications,113,42,35,5,2,71
S01012213,Level 1,141,95,82,9,4,46
S01012213,Level 2,118,85,76,3,6,33
S01012213,Level 3,106,79,70,6,3,27
S01012213,Level 4 and above,229,153,139,11,3,76
S01012214,All people aged 16 and over,567,341,280,49,12,226
S01012214,No qualifications,87,32,29,3,0,55
S01012214,Level 1,95,53,41,9,3,42
S01012214,Level 2,98,74,59,12,3,24
S01012214,Level 3,70,38,31,5,2,32
S01012214,Level 4 and above,217,144,120,20,4,73
S01012215,All people aged 16 and over,722,505,452,33,20,217
S01012215,No qualifications,97,35,24,7,4,62
S01012215,Level 1,159,98,86,6,6,61
S01012215,Level 2,131,99,97,0,2,32
S01012215,Level 3,93,71,60,7,4,22
S01012215,Level 4 and above,242,202,185,13,4,40
S01012216,All people aged 16 and over,586,405,351,40,14,181
S01012216,No qualifications,80,29,24,4,1,51
S01012216,Level 1,107,72,56,9,7,35
S01012216,Level 2,115,87,77,9,1,28
S01012216,Level 3,77,58,53,4,1,19
S01012216,Level 4 and above,207,159,141,14,4,48
S01012217,All people aged 16 and over,440,270,214,13,43,170
S01012217,No qualifications,152,52,36,3,13,100
S01012217,Level 1,125,89,67,3,19,36
S01012217,Level 2,46,40,33,2,5,6
S01012217,Level 3,67,52,45,4,3,15
S01012217,Level 4 and above,50,37,33,1,3,13
S01012218,All people aged 16 and over,354,232,169,8,55,122
S01012218,No qualifications,124,60,41,0,19,64
S01012218,Level 1,121,83,62,4,17,38
S01012218,Level 2,41,33,25,2,6,8
S01012218,Level 3,31,26,23,0,3,5
S01012218,Level 4 and above,37,30,18,2,10,7
S01012219,All people aged 16 and over,721,354,296,17,41,367
S01012219,No qualifications,345,81,66,4,11,264
S01012219,Level 1,171,121,99,5,17,50
S01012219,Level 2,92,68,61,2,5,24
S01012219,Level 3,52,40,32,2,6,12
S01012219,Level 4 and above,61,44,38,4,2,17
S01012220,All people aged 16 and over,544,275,218,17,40,269
S01012220,No qualifications,255,70,51,4,15,185
S01012220,Level 1,137,87,62,5,20,50
S01012220,Level 2,46,40,38,0,2,6
S01012220,Level 3,42,30,29,1,0,12
S01012220,Level 4 and above,64,48,38,7,3,16
S01012221,All people aged 16 and over,546,282,238,17,27,264
S01012221,No qualifications,252,64,55,4,5,188
S01012221,Level 1,129,93,73,6,14,36
S01012221,Level 2,70,52,44,4,4,18
S01012221,Level 3,40,33,28,1,4,7
S01012221,Level 4 and above,55,40,38,2,0,15
S01012222,All people aged 16 and over,685,366,326,20,20,319
S01012222,No qualifications,306,87,74,4,9,219
S01012222,Level 1,161,115,102,4,9,46
S01012222,Level 2,67,51,46,5,0,16
S01012222,Level 3,76,61,57,2,2,15
S01012222,Level 4 and above,75,52,47,5,0,23
S01012223,All people aged 16 and over,584,320,268,16,36,264
S01012223,No qualifications,253,75,56,9,10,178
S01012223,Level 1,167,112,91,3,18,55
S01012223,Level 2,52,44,40,0,4,8
S01012223,Level 3,54,47,45,0,2,7
S01012223,Level 4 and above,58,42,36,4,2,16
S01012224,All people aged 16 and over,589,386,336,22,28,203
S01012224,No qualifications,201,71,61,5,5,130
S01012224,Level 1,164,126,105,7,14,38
S01012224,Level 2,77,65,57,4,4,12
S01012224,Level 3,70,58,52,3,3,12
S01012224,Level 4 and above,77,66,61,3,2,11
S01012225,All people aged 16 and over,817,514,431,32,51,303
S01012225,No qualifications,273,92,77,5,10,181
S01012225,Level 1,246,184,149,13,22,62
S01012225,Level 2,105,86,69,5,12,19
S01012225,Level 3,78,61,54,4,3,17
S01012225,Level 4 and above,115,91,82,5,4,24
S01012226,All people aged 16 and over,580,383,325,27,31,197
S01012226,No qualifications,165,57,47,9,1,108
S01012226,Level 1,179,140,116,7,17,39
S01012226,Level 2,90,76,63,5,8,14
S01012226,Level 3,56,43,39,2,2,13
S01012226,Level 4 and above,90,67,60,4,3,23
S01012227,All people aged 16 and over,527,343,304,13,26,184
S01012227,No qualifications,149,58,54,3,1,91
S01012227,Level 1,145,108,90,4,14,37
S01012227,Level 2,86,66,59,1,6,20
S01012227,Level 3,81,63,58,3,2,18
S01012227,Level 4 and above,66,48,43,2,3,18
S01012228,All people aged 16 and over,542,361,324,17,20,181
S01012228,No qualifications,139,60,54,1,5,79
S01012228,Level 1,164,118,103,8,7,46
S01012228,Level 2,104,75,66,3,6,29
S01012228,Level 3,53,45,42,2,1,8
S01012228,Level 4 and above,82,63,59,3,1,19
S01012229,All people aged 16 and over,580,430,363,37,30,150
S01012229,No qualifications,104,42,31,6,5,62
S01012229,Level 1,117,85,74,2,9,32
S01012229,Level 2,96,74,58,7,9,22
S01012229,Level 3,60,53,43,7,3,7
S01012229,Level 4 and above,203,176,157,15,4,27
S01012230,All people aged 16 and over,735,514,447,47,20,221
S01012230,No qualifications,120,34,29,3,2,86
S01012230,Level 1,130,100,82,13,5,30
S01012230,Level 2,147,101,85,9,7,46
S01012230,Level 3,86,71,66,3,2,15
S01012230,Level 4 and above,252,208,185,19,4,44
S01012231,All people aged 16 and over,645,457,372,65,20,188
S01012231,No qualifications,61,22,18,4,0,39
S01012231,Level 1,112,76,55,15,6,36
S01012231,Level 2,136,95,78,10,7,41
S01012231,Level 3,66,53,47,4,2,13
S01012231,Level 4 and above,270,211,174,32,5,59
S01012232,All people aged 16 and over,674,473,405,47,21,201
S01012232,No qualifications,70,26,20,5,1,44
S01012232,Level 1,130,73,55,12,6,57
S01012232,Level 2,124,88,77,4,7,36
S01012232,Level 3,77,64,55,5,4,13
S01012232,Level 4 and above,273,222,198,21,3,51
S01012233,All people aged 16 and over,753,501,424,55,22,252
S01012233,No qualifications,71,31,25,6,0,40
S01012233,Level 1,126,81,64,11,6,45
S01012233,Level 2,129,88,82,3,3,41
S01012233,Level 3,94,71,60,8,3,23
S01012233,Level 4 and above,333,230,193,27,10,103
S01012234,All people aged 16 and over,843,614,506,74,34,229
S01012234,No qualifications,91,26,19,6,1,65
S01012234,Level 1,158,97,68,16,13,61
S01012234,Level 2,148,112,92,12,8,36
S01012234,Level 3,102,88,74,11,3,14
S01012234,Level 4 and above,344,291,253,29,9,53
S01012235,All people aged 16 and over,407,210,174,33,3,197
S01012235,No qualifications,67,14,11,3,0,53
S01012235,Level 1,72,37,32,5,0,35
S01012235,Level 2,76,49,40,7,2,27
S01012235,Level 3,42,23,22,1,0,19
S01012235,Level 4 and above,150,87,69,17,1,63
S01012236,All people aged 16 and over,500,310,255,36,19,190
S01012236,No qualifications,137,37,28,5,4,100
S01012236,Level 1,108,67,54,7,6,41
S01012236,Level 2,76,60,51,4,5,16
S01012236,Level 3,39,33,30,3,0,6
S01012236,Level 4 and above,140,113,92,17,4,27
S01012237,All people aged 16 and over,635,390,300,66,24,245
S01012237,No qualifications,67,21,10,8,3,46
S01012237,Level 1,78,43,28,7,8,35
S01012237,Level 2,103,65,51,10,4,38
S01012237,Level 3,64,42,34,5,3,22
S01012237,Level 4 and above,323,219,177,36,6,104
S01012238,All people aged 16 and over,509,308,247,34,27,201
S01012238,No qualifications,142,39,27,6,6,103
S01012238,Level 1,115,73,53,8,12,42
S01012238,Level 2,69,46,41,1,4,23
S01012238,Level 3,59,44,36,6,2,15
S01012238,Level 4 and above,124,106,90,13,3,18
S01012239,All people aged 16 and over,485,288,226,25,37,197
S01012239,No qualifications,147,48,41,2,5,99
S01012239,Level 1,130,88,61,7,20,42
S01012239,Level 2,68,45,36,3,6,23
S01012239,Level 3,53,43,37,4,2,10
S01012239,Level 4 and above,87,64,51,9,4,23
S01012240,All people aged 16 and over,701,383,317,36,30,318
S01012240,No qualifications,219,57,49,2,6,162
S01012240,Level 1,145,85,60,10,15,60
S01012240,Level 2,108,76,66,8,2,32
S01012240,Level 3,58,43,34,5,4,15
S01012240,Level 4 and above,171,122,108,11,3,49
S01012241,All people aged 16 and over,444,268,202,55,11,176
S01012241,No qualifications,46,14,7,6,1,32
S01012241,Level 1,44,17,13,1,3,27
S01012241,Level 2,58,30,22,7,1,28
S01012241,Level 3,43,31,17,12,2,12
S01012241,Level 4 and above,253,176,143,29,4,77
S01012242,All people aged 16 and over,639,399,318,63,18,240
S01012242,No qualifications,58,20,12,8,0,38
S01012242,Level 1,96,54,43,5,6,42
S01012242,Level 2,108,66,57,6,3,42
S01012242,Level 3,71,51,41,9,1,20
S01012242,Level 4 and above,306,208,165,35,8,98
S01012243,All people aged 16 and over,485,309,249,44,16,176
S01012243,No qualifications,64,26,19,4,3,38
S01012243,Level 1,89,53,43,5,5,36
S01012243,Level 2,75,54,48,4,2,21
S01012243,Level 3,58,37,29,6,2,21
S01012243,Level 4 and above,199,139,110,25,4,60
S01012244,All people aged 16 and over,749,519,364,139,16,230
S01012244,No qualifications,104,32,18,11,3,72
S01012244,Level 1,105,76,49,22,5,29
S01012244,Level 2,74,55,36,18,1,19
S01012244,Level 3,62,49,39,8,2,13
S01012244,Level 4 and above,404,307,222,80,5,97
S01012245,All people aged 16 and over,587,350,269,65,16,237
S01012245,No qualifications,108,37,25,7,5,71
S01012245,Level 1,75,42,29,9,4,33
S01012245,Level 2,77,52,41,9,2,25
S01012245,Level 3,43,26,20,5,1,17
S01012245,Level 4 and above,284,193,154,35,4,91
S01012246,All people aged 16 and over,581,408,310,84,14,173
S01012246,No qualifications,59,24,16,6,2,35
S01012246,Level 1,86,60,38,17,5,26
S01012246,Level 2,75,47,32,13,2,28
S01012246,Level 3,43,33,26,5,2,10
S01012246,Level 4 and above,318,244,198,43,3,74
S01012247,All people aged 16 and over,613,413,323,79,11,200
S01012247,No qualifications,93,26,17,8,1,67
S01012247,Level 1,95,62,48,12,2,33
S01012247,Level 2,80,55,42,12,1,25
S01012247,Level 3,57,48,37,9,2,9
S01012247,Level 4 and above,288,222,179,38,5,66
S01012248,All people aged 16 and over,656,470,313,136,21,186
S01012248,No qualifications,121,63,33,24,6,58
S01012248,Level 1,136,95,58,28,9,41
S01012248,Level 2,99,67,48,17,2,32
S01012248,Level 3,59,46,27,17,2,13
S01012248,Level 4 and above,241,199,147,50,2,42
S01012249,All people aged 16 and over,694,488,317,148,23,206
S01012249,No qualifications,116,51,28,21,2,65
S01012249,Level 1,126,90,58,24,8,36
S01012249,Level 2,119,91,58,27,6,28
S01012249,Level 3,49,41,32,9,0,8
S01012249,Level 4 and above,284,215,141,67,7,69
S01012250,All people aged 16 and over,563,397,276,108,13,166
S01012250,No qualifications,100,42,21,18,3,58
S01012250,Level 1,90,67,48,17,2,23
S01012250,Level 2,89,63,40,21,2,26
S01012250,Level 3,66,60,37,23,0,6
S01012250,Level 4 and above,218,165,130,29,6,53
S01012251,All people aged 16 and over,780,499,393,58,48,281
S01012251,No qualifications,262,101,64,10,27,161
S01012251,Level 1,186,138,100,24,14,48
S01012251,Level 2,114,91,77,9,5,23
S01012251,Level 3,51,44,41,3,0,7
S01012251,Level 4 and above,167,125,111,12,2,42
S01012252,All people aged 16 and over,566,389,302,55,32,177
S01012252,No qualifications,151,67,46,6,15,84
S01012252,Level 1,121,85,61,13,11,36
S01012252,Level 2,103,84,64,17,3,19
S01012252,Level 3,52,37,31,5,1,15
S01012252,Level 4 and above,139,116,100,14,2,23
S01012253,All people aged 16 and over,789,469,373,70,26,320
S01012253,No qualifications,235,75,54,16,5,160
S01012253,Level 1,166,116,90,15,11,50
S01012253,Level 2,104,83,66,10,7,21
S01012253,Level 3,53,39,36,3,0,14
S01012253,Level 4 and above,231,156,127,26,3,75
S01012254,All people aged 16 and over,700,460,365,69,26,240
S01012254,No qualifications,158,53,34,14,5,105
S01012254,Level 1,139,98,74,16,8,41
S01012254,Level 2,89,65,53,8,4,24
S01012254,Level 3,75,59,49,7,3,16
S01012254,Level 4 and above,239,185,155,24,6,54
S01012255,All people aged 16 and over,815,436,337,74,25,379
S01012255,No qualifications,147,41,30,6,5,106
S01012255,Level 1,161,98,71,20,7,63
S01012255,Level 2,108,67,55,10,2,41
S01012255,Level 3,67,40,28,8,4,27
S01012255,Level 4 and above,332,190,153,30,7,142
S01012256,All people aged 16 and over,671,454,370,65,19,217
S01012256,No qualifications,90,31,26,5,0,59
S01012256,Level 1,140,93,73,10,10,47
S01012256,Level 2,132,102,84,12,6,30
S01012256,Level 3,57,38,30,7,1,19
S01012256,Level 4 and above,252,190,157,31,2,62
S01012257,All people aged 16 and over,764,503,422,50,31,261
S01012257,No qualifications,219,106,87,12,7,113
S01012257,Level 1,156,111,85,12,14,45
S01012257,Level 2,88,73,64,5,4,15
S01012257,Level 3,60,48,39,7,2,12
S01012257,Level 4 and above,241,165,147,14,4,76
S01012258,All people aged 16 and over,585,331,268,51,12,254
S01012258,No qualifications,70,22,16,6,0,48
S01012258,Level 1,85,37,29,7,1,48
S01012258,Level 2,74,43,34,7,2,31
S01012258,Level 3,47,27,23,4,0,20
S01012258,Level 4 and above,309,202,166,27,9,107
S01012259,All people aged 16 and over,518,273,205,55,13,245
S01012259,No qualifications,61,23,11,8,4,38
S01012259,Level 1,79,35,28,6,1,44
S01012259,Level 2,77,52,39,10,3,25
S01012259,Level 3,29,13,10,3,0,16
S01012259,Level 4 and above,272,150,117,28,5,122
S01012260,All people aged 16 and over,713,392,305,67,20,321
S01012260,No qualifications,197,58,44,9,5,139
S01012260,Level 1,152,96,73,16,7,56
S01012260,Level 2,90,65,48,15,2,25
S01012260,Level 3,35,25,22,3,0,10
S01012260,Level 4 and above,239,148,118,24,6,91
S01012261,All people aged 16 and over,632,455,377,63,15,177
S01012261,No qualifications,44,19,15,2,2,25
S01012261,Level 1,124,77,63,7,7,47
S01012261,Level 2,96,73,59,12,2,23
S01012261,Level 3,64,51,44,6,1,13
S01012261,Level 4 and above,304,235,196,36,3,69
S01012262,All people aged 16 and over,653,449,303,130,16,204
S01012262,No qualifications,103,43,25,17,1,60
S01012262,Level 1,141,96,59,36,1,45
S01012262,Level 2,79,61,41,15,5,18
S01012262,Level 3,69,59,47,10,2,10
S01012262,Level 4 and above,261,190,131,52,7,71
S01012263,All people aged 16 and over,596,407,294,74,39,189
S01012263,No qualifications,186,91,59,19,13,95
S01012263,Level 1,142,115,81,24,10,27
S01012263,Level 2,84,67,51,8,8,17
S01012263,Level 3,56,43,33,7,3,13
S01012263,Level 4 and above,128,91,70,16,5,37
S01012264,All people aged 16 and over,385,221,174,34,13,164
S01012264,No qualifications,92,31,25,3,3,61
S01012264,Level 1,75,45,30,8,7,30
S01012264,Level 2,54,35,25,8,2,19
S01012264,Level 3,24,15,15,0,0,9
S01012264,Level 4 and above,140,95,79,15,1,45
S01012265,All people aged 16 and over,638,396,320,45,31,242
S01012265,No qualifications,256,93,69,15,9,163
S01012265,Level 1,188,148,123,10,15,40
S01012265,Level 2,65,48,39,8,1,17
S01012265,Level 3,50,41,37,3,1,9
S01012265,Level 4 and above,79,66,52,9,5,13
S01012266,All people aged 16 and over,904,512,413,76,23,392
S01012266,No qualifications,270,44,33,8,3,226
S01012266,Level 1,188,119,92,18,9,69
S01012266,Level 2,127,100,85,13,2,27
S01012266,Level 3,74,58,51,7,0,16
S01012266,Level 4 and above,245,191,152,30,9,54
S01012267,All people aged 16 and over,596,370,278,80,12,226
S01012267,No qualifications,113,33,24,8,1,80
S01012267,Level 1,100,73,55,13,5,27
S01012267,Level 2,97,69,44,23,2,28
S01012267,Level 3,43,30,26,4,0,13
S01012267,Level 4 and above,243,165,129,32,4,78
S01012268,All people aged 16 and over,504,357,239,105,13,147
S01012268,No qualifications,92,37,21,14,2,55
S01012268,Level 1,95,62,38,21,3,33
S01012268,Level 2,78,63,44,16,3,15
S01012268,Level 3,55,48,29,17,2,7
S01012268,Level 4 and above,184,147,107,37,3,37
S01012269,All people aged 16 and over,830,519,409,88,22,311
S01012269,No qualifications,244,86,60,18,8,158
S01012269,Level 1,168,120,89,28,3,48
S01012269,Level 2,114,91,71,14,6,23
S01012269,Level 3,87,71,60,11,0,16
S01012269,Level 4 and above,217,151,129,17,5,66
S01012270,All people aged 16 and over,626,397,320,53,24,229
S01012270,No qualifications,206,63,49,9,5,143
S01012270,Level 1,160,124,98,16,10,36
S01012270,Level 2,87,67,54,7,6,20
S01012270,Level 3,39,34,29,5,0,5
S01012270,Level 4 and above,134,109,90,16,3,25
S01012271,All people aged 16 and over,817,603,409,167,27,214
S01012271,No qualifications,136,70,34,31,5,66
S01012271,Level 1,164,126,81,37,8,38
S01012271,Level 2,115,89,58,26,5,26
S01012271,Level 3,72,63,41,21,1,9
S01012271,Level 4 and above,330,255,195,52,8,75
S01012272,All people aged 16 and over,569,384,296,69,19,185
S01012272,No qualifications,106,38,27,9,2,68
S01012272,Level 1,95,59,44,9,6,36
S01012272,Level 2,100,73,53,17,3,27
S01012272,Level 3,50,39,37,1,1,11
S01012272,Level 4 and above,218,175,135,33,7,43
S01012273,All people aged 16 and over,592,381,302,60,19,211
S01012273,No qualifications,114,36,25,11,0,78
S01012273,Level 1,114,77,59,8,10,37
S01012273,Level 2,85,68,52,14,2,17
S01012273,Level 3,73,57,43,10,4,16
S01012273,Level 4 and above,206,143,123,17,3,63
S01012274,All people aged 16 and over,763,551,446,67,38,212
S01012274,No qualifications,166,80,66,10,4,86
S01012274,Level 1,194,144,112,18,14,50
S01012274,Level 2,105,88,68,12,8,17
S01012274,Level 3,81,64,55,6,3,17
S01012274,Level 4 and above,217,175,145,21,9,42
S01012275,All people aged 16 and over,724,517,422,42,53,207
S01012275,No qualifications,150,64,44,10,10,86
S01012275,Level 1,165,129,103,5,21,36
S01012275,Level 2,148,119,101,8,10,29
S01012275,Level 3,99,76,64,5,7,23
S01012275,Level 4 and above,162,129,110,14,5,33
S01012276,All people aged 16 and over,807,524,433,55,36,283
S01012276,No qualifications,210,63,38,13,12,147
S01012276,Level 1,180,136,113,14,9,44
S01012276,Level 2,117,102,89,8,5,15
S01012276,Level 3,78,62,53,7,2,16
S01012276,Level 4 and above,222,161,140,13,8,61
S01012277,All people aged 16 and over,842,595,474,73,48,247
S01012277,No qualifications,200,81,59,11,11,119
S01012277,Level 1,237,182,137,22,23,55
S01012277,Level 2,142,124,99,18,7,18
S01012277,Level 3,79,70,59,7,4,9
S01012277,Level 4 and above,184,138,120,15,3,46
S01012278,All people aged 16 and over,649,376,302,35,39,273
S01012278,No qualifications,184,45,38,1,6,139
S01012278,Level 1,134,94,70,13,11,40
S01012278,Level 2,81,60,46,4,10,21
S01012278,Level 3,70,55,47,2,6,15
S01012278,Level 4 and above,180,122,101,15,6,58
S01012279,All people aged 16 and over,639,428,368,26,34,211
S01012279,No qualifications,154,52,39,6,7,102
S01012279,Level 1,163,121,96,10,15,42
S01012279,Level 2,80,65,59,4,2,15
S01012279,Level 3,87,63,57,2,4,24
S01012279,Level 4 and above,155,127,117,4,6,28
S01012280,All people aged 16 and over,764,526,426,44,56,238
S01012280,No qualifications,237,106,79,6,21,131
S01012280,Level 1,226,170,137,16,17,56
S01012280,Level 2,114,94,74,7,13,20
S01012280,Level 3,85,71,63,6,2,14
S01012280,Level 4 and above,102,85,73,9,3,17
S01012281,All people aged 16 and over,617,420,357,40,23,197
S01012281,No qualifications,169,51,40,6,5,118
S01012281,Level 1,154,131,112,8,11,23
S01012281,Level 2,90,74,56,13,5,16
S01012281,Level 3,63,57,54,3,0,6
S01012281,Level 4 and above,141,107,95,10,2,34
S01012282,All people aged 16 and over,978,504,391,65,48,474
S01012282,No qualifications,242,55,39,12,4,187
S01012282,Level 1,178,102,78,19,5,76
S01012282,Level 2,203,123,83,13,27,80
S01012282,Level 3,95,65,52,7,6,30
S01012282,Level 4 and above,260,159,139,14,6,101
S01012283,All people aged 16 and over,713,469,367,71,31,244
S01012283,No qualifications,148,50,31,12,7,98
S01012283,Level 1,147,105,77,13,15,42
S01012283,Level 2,121,88,67,16,5,33
S01012283,Level 3,68,58,47,10,1,10
S01012283,Level 4 and above,229,168,145,20,3,61
S01012284,All people aged 16 and over,669,403,305,40,58,266
S01012284,No qualifications,236,76,55,9,12,160
S01012284,Level 1,162,114,76,13,25,48
S01012284,Level 2,78,62,52,6,4,16
S01012284,Level 3,69,53,44,4,5,16
S01012284,Level 4 and above,124,98,78,8,12,26
S01012285,All people aged 16 and over,487,272,226,32,14,215
S01012285,No qualifications,136,44,35,5,4,92
S01012285,Level 1,91,55,43,7,5,36
S01012285,Level 2,65,42,37,4,1,23
S01012285,Level 3,46,40,32,6,2,6
S01012285,Level 4 and above,149,91,79,10,2,58
S01012286,All people aged 16 and over,879,518,411,49,58,361
S01012286,No qualifications,280,108,87,9,12,172
S01012286,Level 1,262,183,138,15,30,79
S01012286,Level 2,117,82,72,4,6,35
S01012286,Level 3,67,46,39,3,4,21
S01012286,Level 4 and above,153,99,75,18,6,54
S01012287,All people aged 16 and over,764,452,336,37,79,312
S01012287,No qualifications,279,97,60,9,28,182
S01012287,Level 1,227,160,121,12,27,67
S01012287,Level 2,75,56,47,2,7,19
S01012287,Level 3,64,52,39,5,8,12
S01012287,Level 4 and above,119,87,69,9,9,32
S01012288,All people aged 16 and over,623,402,287,29,86,221
S01012288,No qualifications,264,134,95,9,30,130
S01012288,Level 1,174,137,81,11,45,37
S01012288,Level 2,70,56,46,3,7,14
S01012288,Level 3,43,33,29,2,2,10
S01012288,Level 4 and above,72,42,36,4,2,30
S01012289,All people aged 16 and over,740,371,268,91,12,369
S01012289,No qualifications,148,30,22,6,2,118
S01012289,Level 1,85,50,37,12,1,35
S01012289,Level 2,86,51,33,15,3,35
S01012289,Level 3,57,34,26,4,4,23
S01012289,Level 4 and above,364,206,150,54,2,158
S01012290,All people aged 16 and over,475,276,216,38,22,199
S01012290,No qualifications,116,32,24,6,2,84
S01012290,Level 1,103,73,54,9,10,30
S01012290,Level 2,62,40,29,8,3,22
S01012290,Level 3,32,27,22,5,0,5
S01012290,Level 4 and above,162,104,87,10,7,58
S01012291,All people aged 16 and over,734,505,412,67,26,229
S01012291,No qualifications,111,32,23,6,3,79
S01012291,Level 1,140,98,79,11,8,42
S01012291,Level 2,95,69,57,8,4,26
S01012291,Level 3,66,59,53,4,2,7
S01012291,Level 4 and above,322,247,200,38,9,75
S01012292,All people aged 16 and over,625,305,214,85,6,320
S01012292,No qualifications,133,24,13,11,0,109
S01012292,Level 1,81,44,29,14,1,37
S01012292,Level 2,70,42,29,12,1,28
S01012292,Level 3,41,29,20,8,1,12
S01012292,Level 4 and above,300,166,123,40,3,134
S01012293,All people aged 16 and over,380,241,205,26,10,139
S01012293,No qualifications,72,28,20,5,3,44
S01012293,Level 1,104,67,57,7,3,37
S01012293,Level 2,55,32,25,7,0,23
S01012293,Level 3,34,28,25,2,1,6
S01012293,Level 4 and above,115,86,78,5,3,29
S01012294,All people aged 16 and over,704,481,415,41,25,223
S01012294,No qualifications,182,71,60,8,3,111
S01012294,Level 1,177,141,118,13,10,36
S01012294,Level 2,109,82,68,8,6,27
S01012294,Level 3,93,80,75,3,2,13
S01012294,Level 4 and above,143,107,94,9,4,36
S01012295,All people aged 16 and over,569,423,345,55,23,146
S01012295,No qualifications,94,32,23,5,4,62
S01012295,Level 1,149,111,80,17,14,38
S01012295,Level 2,100,81,64,15,2,19
S01012295,Level 3,58,54,46,7,1,4
S01012295,Level 4 and above,168,145,132,11,2,23
S01012296,All people aged 16 and over,631,488,394,83,11,143
S01012296,No qualifications,96,44,32,12,0,52
S01012296,Level 1,119,96,74,19,3,23
S01012296,Level 2,98,84,65,16,3,14
S01012296,Level 3,69,58,48,10,0,11
S01012296,Level 4 and above,249,206,175,26,5,43
S01012297,All people aged 16 and over,476,337,201,126,10,139
S01012297,No qualifications,88,32,12,20,0,56
S01012297,Level 1,94,72,40,27,5,22
S01012297,Level 2,71,52,29,23,0,19
S01012297,Level 3,45,41,20,17,4,4
S01012297,Level 4 and above,178,140,100,39,1,38
S01012298,All people aged 16 and over,679,434,335,82,17,245
S01012298,No qualifications,166,50,34,14,2,116
S01012298,Level 1,126,90,61,26,3,36
S01012298,Level 2,103,78,66,11,1,25
S01012298,Level 3,75,56,39,11,6,19
S01012298,Level 4 and above,209,160,135,20,5,49
S01012299,All people aged 16 and over,506,364,262,91,11,142
S01012299,No qualifications,108,47,27,19,1,61
S01012299,Level 1,108,76,55,14,7,32
S01012299,Level 2,73,60,43,15,2,13
S01012299,Level 3,41,35,24,11,0,6
S01012299,Level 4 and above,176,146,113,32,1,30
S01012300,All people aged 16 and over,538,321,235,68,18,217
S01012300,No qualifications,195,83,59,17,7,112
S01012300,Level 1,122,84,58,19,7,38
S01012300,Level 2,69,47,38,7,2,22
S01012300,Level 3,41,28,23,5,0,13
S01012300,Level 4 and above,111,79,57,20,2,32
S01012301,All people aged 16 and over,788,508,349,134,25,280
S01012301,No qualifications,177,80,45,27,8,97
S01012301,Level 1,178,121,87,26,8,57
S01012301,Level 2,118,87,57,27,3,31
S01012301,Level 3,60,47,31,13,3,13
S01012301,Level 4 and above,255,173,129,41,3,82
S01012302,All people aged 16 and over,483,310,197,94,19,173
S01012302,No qualifications,89,30,19,8,3,59
S01012302,Level 1,129,80,58,18,4,49
S01012302,Level 2,62,42,25,14,3,20
S01012302,Level 3,54,42,27,12,3,12
S01012302,Level 4 and above,149,116,68,42,6,33
S01012303,All people aged 16 and over,720,494,318,154,22,226
S01012303,No qualifications,142,76,48,25,3,66
S01012303,Level 1,134,95,63,27,5,39
S01012303,Level 2,98,67,38,23,6,31
S01012303,Level 3,70,54,36,17,1,16
S01012303,Level 4 and above,276,202,133,62,7,74
S01012304,All people aged 16 and over,789,513,365,125,23,276
S01012304,No qualifications,208,96,62,31,3,112
S01012304,Level 1,181,126,94,20,12,55
S01012304,Level 2,92,70,46,23,1,22
S01012304,Level 3,74,61,42,17,2,13
S01012304,Level 4 and above,234,160,121,34,5,74
S01012305,All people aged 16 and over,592,328,246,62,20,264
S01012305,No qualifications,167,51,37,11,3,116
S01012305,Level 1,144,101,74,20,7,43
S01012305,Level 2,78,47,33,9,5,31
S01012305,Level 3,44,29,21,8,0,15
S01012305,Level 4 and above,159,100,81,14,5,59
S01012306,All people aged 16 and over,486,258,215,32,11,228
S01012306,No qualifications,188,52,45,5,2,136
S01012306,Level 1,124,91,84,6,1,33
S01012306,Level 2,49,39,25,9,5,10
S01012306,Level 3,34,22,15,5,2,12
S01012306,Level 4 and above,91,54,46,7,1,37
S01012307,All people aged 16 and over,533,313,252,41,20,220
S01012307,No qualifications,182,72,61,7,4,110
S01012307,Level 1,122,88,72,8,8,34
S01012307,Level 2,63,42,33,4,5,21
S01012307,Level 3,43,31,28,1,2,12
S01012307,Level 4 and above,123,80,58,21,1,43
S01012308,All people aged 16 and over,677,449,390,44,15,228
S01012308,No qualifications,210,91,80,8,3,119
S01012308,Level 1,161,123,104,15,4,38
S01012308,Level 2,124,96,82,10,4,28
S01012308,Level 3,58,47,43,4,0,11
S01012308,Level 4 and above,124,92,81,7,4,32
S01012309,All people aged 16 and over,465,264,202,53,9,201
S01012309,No qualifications,133,38,25,12,1,95
S01012309,Level 1,126,98,74,19,5,28
S01012309,Level 2,46,29,24,3,2,17
S01012309,Level 3,31,25,20,4,1,6
S01012309,Level 4 and above,129,74,59,15,0,55
S01012310,All people aged 16 and over,778,475,300,156,19,303
S01012310,No qualifications,197,71,39,31,1,126
S01012310,Level 1,196,142,87,45,10,54
S01012310,Level 2,104,76,51,25,0,28
S01012310,Level 3,46,33,23,7,3,13
S01012310,Level 4 and above,235,153,100,48,5,82
S01012311,All people aged 16 and over,494,246,187,43,16,248
S01012311,No qualifications,131,32,20,11,1,99
S01012311,Level 1,107,66,52,6,8,41
S01012311,Level 2,67,53,43,7,3,14
S01012311,Level 3,34,19,15,4,0,15
S01012311,Level 4 and above,155,76,57,15,4,79
S01012312,All people aged 16 and over,870,543,351,171,21,327
S01012312,No qualifications,216,88,62,21,5,128
S01012312,Level 1,242,160,99,51,10,82
S01012312,Level 2,112,79,49,27,3,33
S01012312,Level 3,72,54,33,20,1,18
S01012312,Level 4 and above,228,162,108,52,2,66
S01012313,All people aged 16 and over,643,423,309,91,23,220
S01012313,No qualifications,160,65,45,17,3,95
S01012313,Level 1,140,97,67,23,7,43
S01012313,Level 2,102,78,62,12,4,24
S01012313,Level 3,66,50,32,14,4,16
S01012313,Level 4 and above,175,133,103,25,5,42
S01012314,All people aged 16 and over,673,406,328,51,27,267
S01012314,No qualifications,260,101,79,13,9,159
S01012314,Level 1,188,135,106,14,15,53
S01012314,Level 2,90,73,60,11,2,17
S01012314,Level 3,43,37,30,7,0,6
S01012314,Level 4 and above,92,60,53,6,1,32
S01012315,All people aged 16 and over,663,335,237,64,34,328
S01012315,No qualifications,269,73,46,18,9,196
S01012315,Level 1,161,111,84,16,11,50
S01012315,Level 2,73,46,31,9,6,27
S01012315,Level 3,37,29,21,6,2,8
S01012315,Level 4 and above,123,76,55,15,6,47
S01012316,All people aged 16 and over,517,290,235,29,26,227
S01012316,No qualifications,215,79,62,13,4,136
S01012316,Level 1,135,97,73,11,13,38
S01012316,Level 2,60,46,40,2,4,14
S01012316,Level 3,31,23,20,0,3,8
S01012316,Level 4 and above,76,45,40,3,2,31
S01012317,All people aged 16 and over,406,256,199,40,17,150
S01012317,No qualifications,93,34,22,5,7,59
S01012317,Level 1,121,81,59,18,4,40
S01012317,Level 2,50,35,30,3,2,15
S01012317,Level 3,34,29,27,2,0,5
S01012317,Level 4 and above,108,77,61,12,4,31
S01012318,All people aged 16 and over,646,411,344,39,28,235
S01012318,No qualifications,204,86,69,14,3,118
S01012318,Level 1,219,158,130,13,15,61
S01012318,Level 2,90,72,58,6,8,18
S01012318,Level 3,40,32,31,0,1,8
S01012318,Level 4 and above,93,63,56,6,1,30
S01012319,All people aged 16 and over,642,434,309,111,14,208
S01012319,No qualifications,134,61,45,13,3,73
S01012319,Level 1,162,107,90,16,1,55
S01012319,Level 2,97,75,41,27,7,22
S01012319,Level 3,56,45,29,16,0,11
S01012319,Level 4 and above,193,146,104,39,3,47
S01012320,All people aged 16 and over,554,349,281,44,24,205
S01012320,No qualifications,228,98,79,12,7,130
S01012320,Level 1,153,111,86,14,11,42
S01012320,Level 2,54,42,36,5,1,12
S01012320,Level 3,41,38,32,4,2,3
S01012320,Level 4 and above,78,60,48,9,3,18
S01012321,All people aged 16 and over,623,354,260,57,37,269
S01012321,No qualifications,182,53,34,13,6,129
S01012321,Level 1,178,118,89,13,16,60
S01012321,Level 2,82,55,44,9,2,27
S01012321,Level 3,47,38,25,7,6,9
S01012321,Level 4 and above,134,90,68,15,7,44
S01012322,All people aged 16 and over,833,512,330,159,23,321
S01012322,No qualifications,194,69,49,18,2,125
S01012322,Level 1,186,127,81,35,11,59
S01012322,Level 2,98,71,46,21,4,27
S01012322,Level 3,66,48,29,18,1,18
S01012322,Level 4 and above,289,197,125,67,5,92
S01012323,All people aged 16 and over,763,435,282,132,21,328
S01012323,No qualifications,199,67,39,28,0,132
S01012323,Level 1,159,94,59,29,6,65
S01012323,Level 2,86,66,45,17,4,20
S01012323,Level 3,53,41,21,16,4,12
S01012323,Level 4 and above,266,167,118,42,7,99
S01012324,All people aged 16 and over,692,402,253,129,20,290
S01012324,No qualifications,201,74,45,24,5,127
S01012324,Level 1,163,99,62,35,2,64
S01012324,Level 2,81,56,40,13,3,25
S01012324,Level 3,50,37,19,15,3,13
S01012324,Level 4 and above,197,136,87,42,7,61
S01012325,All people aged 16 and over,533,213,175,22,16,320
S01012325,No qualifications,223,54,45,4,5,169
S01012325,Level 1,107,58,44,8,6,49
S01012325,Level 2,55,32,27,3,2,23
S01012325,Level 3,34,20,17,1,2,14
S01012325,Level 4 and above,114,49,42,6,1,65
S01012326,All people aged 16 and over,489,263,190,42,31,226
S01012326,No qualifications,155,48,29,10,9,107
S01012326,Level 1,137,92,75,8,9,45
S01012326,Level 2,62,46,32,9,5,16
S01012326,Level 3,33,19,13,2,4,14
S01012326,Level 4 and above,102,58,41,13,4,44
S01012327,All people aged 16 and over,659,389,306,55,28,270
S01012327,No qualifications,230,95,67,20,8,135
S01012327,Level 1,174,125,96,16,13,49
S01012327,Level 2,84,61,51,7,3,23
S01012327,Level 3,50,38,33,3,2,12
S01012327,Level 4 and above,121,70,59,9,2,51
S01012328,All people aged 16 and over,489,225,160,51,14,264
S01012328,No qualifications,136,36,26,7,3,100
S01012328,Level 1,97,55,43,7,5,42
S01012328,Level 2,51,36,22,12,2,15
S01012328,Level 3,42,26,16,8,2,16
S01012328,Level 4 and above,163,72,53,17,2,91
S01012329,All people aged 16 and over,694,412,259,133,20,282
S01012329,No qualifications,166,65,43,20,2,101
S01012329,Level 1,150,93,49,36,8,57
S01012329,Level 2,102,73,52,17,4,29
S01012329,Level 3,55,44,19,23,2,11
S01012329,Level 4 and above,221,137,96,37,4,84
S01012330,All people aged 16 and over,508,284,219,51,14,224
S01012330,No qualifications,139,55,40,12,3,84
S01012330,Level 1,110,76,54,15,7,34
S01012330,Level 2,53,32,24,7,1,21
S01012330,Level 3,48,30,23,5,2,18
S01012330,Level 4 and above,158,91,78,12,1,67
S01012331,All people aged 16 and over,492,353,297,45,11,139
S01012331,No qualifications,102,46,34,9,3,56
S01012331,Level 1,106,80,65,13,2,26
S01012331,Level 2,71,62,52,9,1,9
S01012331,Level 3,58,43,35,7,1,15
S01012331,Level 4 and above,155,122,111,7,4,33
S01012332,All people aged 16 and over,830,563,379,159,25,267
S01012332,No qualifications,166,75,49,22,4,91
S01012332,Level 1,185,133,95,31,7,52
S01012332,Level 2,134,101,69,27,5,33
S01012332,Level 3,74,64,43,18,3,10
S01012332,Level 4 and above,271,190,123,61,6,81
S01012333,All people aged 16 and over,817,501,334,138,29,316
S01012333,No qualifications,207,76,50,20,6,131
S01012333,Level 1,157,104,68,29,7,53
S01012333,Level 2,111,79,57,20,2,32
S01012333,Level 3,82,62,45,16,1,20
S01012333,Level 4 and above,260,180,114,53,13,80
S01012334,All people aged 16 and over,711,403,320,55,28,308
S01012334,No qualifications,303,107,88,12,7,196
S01012334,Level 1,186,121,92,18,11,65
S01012334,Level 2,84,67,49,10,8,17
S01012334,Level 3,44,40,34,6,0,4
S01012334,Level 4 and above,94,68,57,9,2,26
S01012335,All people aged 16 and over,799,590,516,49,25,209
S01012335,No qualifications,225,112,99,9,4,113
S01012335,Level 1,235,185,166,12,7,50
S01012335,Level 2,119,104,88,11,5,15
S01012335,Level 3,81,69,57,9,3,12
S01012335,Level 4 and above,139,120,106,8,6,19
S01012336,All people aged 16 and over,512,298,260,30,8,214
S01012336,No qualifications,240,81,72,8,1,159
S01012336,Level 1,119,91,81,7,3,28
S01012336,Level 2,61,44,37,7,0,17
S01012336,Level 3,36,34,29,3,2,2
S01012336,Level 4 and above,56,48,41,5,2,8
S01012337,All people aged 16 and over,748,405,315,44,46,343
S01012337,No qualifications,314,99,68,12,19,215
S01012337,Level 1,174,116,88,9,19,58
S01012337,Level 2,86,65,53,9,3,21
S01012337,Level 3,45,34,30,3,1,11
S01012337,Level 4 and above,129,91,76,11,4,38
S01012338,All people aged 16 and over,631,350,273,55,22,281
S01012338,No qualifications,212,61,43,12,6,151
S01012338,Level 1,117,68,50,8,10,49
S01012338,Level 2,93,70,60,9,1,23
S01012338,Level 3,44,35,24,9,2,9
S01012338,Level 4 and above,165,116,96,17,3,49
S01012339,All people aged 16 and over,525,305,236,37,32,220
S01012339,No qualifications,142,30,18,5,7,112
S01012339,Level 1,103,72,56,7,9,31
S01012339,Level 2,79,59,48,6,5,20
S01012339,Level 3,53,44,34,4,6,9
S01012339,Level 4 and above,148,100,80,15,5,48
S01012340,All people aged 16 and over,830,482,378,74,30,348
S01012340,No qualifications,213,87,62,18,7,126
S01012340,Level 1,195,132,105,18,9,63
S01012340,Level 2,134,97,83,8,6,37
S01012340,Level 3,66,47,36,7,4,19
S01012340,Level 4 and above,222,119,92,23,4,103
S01012341,All people aged 16 and over,796,570,343,203,24,226
S01012341,No qualifications,138,70,43,24,3,68
S01012341,Level 1,205,156,91,57,8,49
S01012341,Level 2,121,99,62,30,7,22
S01012341,Level 3,97,78,42,32,4,19
S01012341,Level 4 and above,235,167,105,60,2,68
S01012342,All people aged 16 and over,786,464,335,112,17,322
S01012342,No qualifications,215,56,34,16,6,159
S01012342,Level 1,174,124,93,25,6,50
S01012342,Level 2,100,76,51,24,1,24
S01012342,Level 3,76,64,51,11,2,12
S01012342,Level 4 and above,221,144,106,36,2,77
S01012343,All people aged 16 and over,821,543,357,158,28,278
S01012343,No qualifications,175,78,51,23,4,97
S01012343,Level 1,191,133,93,30,10,58
S01012343,Level 2,124,98,59,31,8,26
S01012343,Level 3,71,62,41,17,4,9
S01012343,Level 4 and above,260,172,113,57,2,88
S01012344,All people aged 16 and over,483,335,264,37,34,148
S01012344,No qualifications,145,58,39,10,9,87
S01012344,Level 1,117,97,73,8,16,20
S01012344,Level 2,69,56,47,3,6,13
S01012344,Level 3,46,40,34,6,0,6
S01012344,Level 4 and above,106,84,71,10,3,22
S01012345,All people aged 16 and over,586,381,307,56,18,205
S01012345,No qualifications,174,63,47,15,1,111
S01012345,Level 1,140,110,88,12,10,30
S01012345,Level 2,94,70,54,13,3,24
S01012345,Level 3,55,43,38,4,1,12
S01012345,Level 4 and above,123,95,80,12,3,28
S01012346,All people aged 16 and over,708,425,287,125,13,283
S01012346,No qualifications,141,45,31,14,0,96
S01012346,Level 1,136,87,52,30,5,49
S01012346,Level 2,107,77,48,26,3,30
S01012346,Level 3,74,60,43,16,1,14
S01012346,Level 4 and above,250,156,113,39,4,94
S01012347,All people aged 16 and over,639,391,309,56,26,248
S01012347,No qualifications,187,59,51,5,3,128
S01012347,Level 1,147,112,83,15,14,35
S01012347,Level 2,84,66,50,13,3,18
S01012347,Level 3,53,43,35,6,2,10
S01012347,Level 4 and above,168,111,90,17,4,57
S01012348,All people aged 16 and over,587,333,256,63,14,254
S01012348,No qualifications,129,39,25,8,6,90
S01012348,Level 1,111,68,53,9,6,43
S01012348,Level 2,67,52,42,10,0,15
S01012348,Level 3,48,35,30,5,0,13
S01012348,Level 4 and above,232,139,106,31,2,93
S01012349,All people aged 16 and over,746,463,384,47,32,283
S01012349,No qualifications,302,120,99,14,7,182
S01012349,Level 1,203,151,124,15,12,52
S01012349,Level 2,100,80,73,5,2,20
S01012349,Level 3,61,51,41,4,6,10
S01012349,Level 4 and above,80,61,47,9,5,19
S01012350,All people aged 16 and over,625,352,279,57,16,273
S01012350,No qualifications,187,58,41,13,4,129
S01012350,Level 1,185,127,109,14,4,58
S01012350,Level 2,70,46,32,13,1,24
S01012350,Level 3,60,44,37,5,2,16
S01012350,Level 4 and above,123,77,60,12,5,46
S01012351,All people aged 16 and over,674,433,357,48,28,241
S01012351,No qualifications,226,80,67,10,3,146
S01012351,Level 1,207,155,125,14,16,52
S01012351,Level 2,88,73,64,8,1,15
S01012351,Level 3,56,45,37,6,2,11
S01012351,Level 4 and above,97,80,64,10,6,17
S01012352,All people aged 16 and over,630,361,275,67,19,269
S01012352,No qualifications,212,55,36,15,4,157
S01012352,Level 1,173,128,96,23,9,45
S01012352,Level 2,83,60,43,12,5,23
S01012352,Level 3,52,44,36,7,1,8
S01012352,Level 4 and above,110,74,64,10,0,36
S01012353,All people aged 16 and over,670,407,312,55,40,263
S01012353,No qualifications,211,73,51,9,13,138
S01012353,Level 1,160,111,79,18,14,49
S01012353,Level 2,94,68,56,10,2,26
S01012353,Level 3,60,51,44,3,4,9
S01012353,Level 4 and above,145,104,82,15,7,41
S01012354,All people aged 16 and over,668,354,260,77,17,314
S01012354,No qualifications,268,81,55,23,3,187
S01012354,Level 1,158,114,76,28,10,44
S01012354,Level 2,63,52,42,9,1,11
S01012354,Level 3,32,22,19,2,1,10
S01012354,Level 4 and above,147,85,68,15,2,62
S01012355,All people aged 16 and over,768,505,305,187,13,263
S01012355,No qualifications,183,85,44,39,2,98
S01012355,Level 1,187,126,72,52,2,61
S01012355,Level 2,115,86,50,34,2,29
S01012355,Level 3,61,47,32,15,0,14
S01012355,Level 4 and above,222,161,107,47,7,61
S01012356,All people aged 16 and over,555,306,231,66,9,249
S01012356,No qualifications,164,55,33,18,4,109
S01012356,Level 1,122,83,60,22,1,39
S01012356,Level 2,77,55,46,8,1,22
S01012356,Level 3,43,29,23,4,2,14
S01012356,Level 4 and above,149,84,69,14,1,65
S01012357,All people aged 16 and over,740,467,291,160,16,273
S01012357,No qualifications,168,69,37,30,2,99
S01012357,Level 1,146,89,42,43,4,57
S01012357,Level 2,108,87,51,33,3,21
S01012357,Level 3,72,59,40,15,4,13
S01012357,Level 4 and above,246,163,121,39,3,83
S01012358,All people aged 16 and over,680,409,234,161,14,271
S01012358,No qualifications,174,68,39,24,5,106
S01012358,Level 1,152,87,43,40,4,65
S01012358,Level 2,107,86,52,32,2,21
S01012358,Level 3,51,40,22,18,0,11
S01012358,Level 4 and above,196,128,78,47,3,68
S01012359,All people aged 16 and over,619,357,287,27,43,262
S01012359,No qualifications,294,119,93,9,17,175
S01012359,Level 1,168,117,89,11,17,51
S01012359,Level 2,56,45,41,1,3,11
S01012359,Level 3,37,32,28,1,3,5
S01012359,Level 4 and above,64,44,36,5,3,20
S01012360,All people aged 16 and over,590,375,286,30,59,215
S01012360,No qualifications,228,103,81,8,14,125
S01012360,Level 1,182,135,95,11,29,47
S01012360,Level 2,65,53,47,2,4,12
S01012360,Level 3,46,34,29,1,4,12
S01012360,Level 4 and above,69,50,34,8,8,19
S01012361,All people aged 16 and over,487,290,210,29,51,197
S01012361,No qualifications,207,83,55,10,18,124
S01012361,Level 1,145,99,72,6,21,46
S01012361,Level 2,52,45,36,4,5,7
S01012361,Level 3,37,29,22,3,4,8
S01012361,Level 4 and above,46,34,25,6,3,12
S01012362,All people aged 16 and over,579,357,277,32,48,222
S01012362,No qualifications,221,105,76,10,19,116
S01012362,Level 1,179,119,88,12,19,60
S01012362,Level 2,66,48,41,4,3,18
S01012362,Level 3,52,40,33,4,3,12
S01012362,Level 4 and above,61,45,39,2,4,16
S01012363,All people aged 16 and over,845,466,345,57,64,379
S01012363,No qualifications,310,88,61,15,12,222
S01012363,Level 1,195,142,103,12,27,53
S01012363,Level 2,116,92,76,9,7,24
S01012363,Level 3,78,55,39,7,9,23
S01012363,Level 4 and above,146,89,66,14,9,57
S01012364,All people aged 16 and over,595,352,283,36,33,243
S01012364,No qualifications,236,81,63,8,10,155
S01012364,Level 1,122,88,67,9,12,34
S01012364,Level 2,95,72,60,10,2,23
S01012364,Level 3,43,32,29,2,1,11
S01012364,Level 4 and above,99,79,64,7,8,20
S01012365,All people aged 16 and over,792,510,433,61,16,282
S01012365,No qualifications,263,77,67,9,1,186
S01012365,Level 1,183,140,110,23,7,43
S01012365,Level 2,140,122,104,15,3,18
S01012365,Level 3,61,51,46,4,1,10
S01012365,Level 4 and above,145,120,106,10,4,25
S01012366,All people aged 16 and over,783,468,380,54,34,315
S01012366,No qualifications,309,100,81,13,6,209
S01012366,Level 1,164,128,101,10,17,36
S01012366,Level 2,112,91,78,11,2,21
S01012366,Level 3,60,48,41,4,3,12
S01012366,Level 4 and above,138,101,79,16,6,37
S01012367,All people aged 16 and over,787,466,400,44,22,321
S01012367,No qualifications,291,96,85,5,6,195
S01012367,Level 1,179,125,106,13,6,54
S01012367,Level 2,117,87,75,9,3,30
S01012367,Level 3,68,57,49,4,4,11
S01012367,Level 4 and above,132,101,85,13,3,31
S01012368,All people aged 16 and over,531,295,233,45,17,236
S01012368,No qualifications,177,42,32,7,3,135
S01012368,Level 1,103,71,59,10,2,32
S01012368,Level 2,68,54,42,8,4,14
S01012368,Level 3,51,39,30,7,2,12
S01012368,Level 4 and above,132,89,70,13,6,43
S01012369,All people aged 16 and over,726,438,343,75,20,288
S01012369,No qualifications,250,82,59,19,4,168
S01012369,Level 1,168,115,91,21,3,53
S01012369,Level 2,116,94,78,12,4,22
S01012369,Level 3,45,38,27,7,4,7
S01012369,Level 4 and above,147,109,88,16,5,38
S01012370,All people aged 16 and over,818,476,386,61,29,342
S01012370,No qualifications,357,120,95,14,11,237
S01012370,Level 1,178,128,100,16,12,50
S01012370,Level 2,112,96,80,14,2,16
S01012370,Level 3,58,47,38,7,2,11
S01012370,Level 4 and above,113,85,73,10,2,28
S01012371,All people aged 16 and over,813,447,366,45,36,366
S01012371,No qualifications,331,81,67,7,7,250
S01012371,Level 1,192,138,101,17,20,54
S01012371,Level 2,91,74,66,7,1,17
S01012371,Level 3,89,69,61,3,5,20
S01012371,Level 4 and above,110,85,71,11,3,25
S01012372,All people aged 16 and over,657,380,295,50,35,277
S01012372,No qualifications,287,96,73,13,10,191
S01012372,Level 1,154,109,90,10,9,45
S01012372,Level 2,81,65,50,9,6,16
S01012372,Level 3,62,53,43,4,6,9
S01012372,Level 4 and above,73,57,39,14,4,16
S01012373,All people aged 16 and over,848,503,408,54,41,345
S01012373,No qualifications,309,119,95,13,11,190
S01012373,Level 1,204,134,110,9,15,70
S01012373,Level 2,111,93,70,15,8,18
S01012373,Level 3,71,59,50,6,3,12
S01012373,Level 4 and above,153,98,83,11,4,55
S01012374,All people aged 16 and over,742,499,410,59,30,243
S01012374,No qualifications,274,120,94,17,9,154
S01012374,Level 1,203,163,130,20,13,40
S01012374,Level 2,85,68,63,3,2,17
S01012374,Level 3,76,65,57,5,3,11
S01012374,Level 4 and above,104,83,66,14,3,21
S01012375,All people aged 16 and over,755,485,399,36,50,270
S01012375,No qualifications,303,119,98,10,11,184
S01012375,Level 1,216,163,133,9,21,53
S01012375,Level 2,89,75,62,7,6,14
S01012375,Level 3,71,63,55,2,6,8
S01012375,Level 4 and above,76,65,51,8,6,11
S01012376,All people aged 16 and over,790,530,350,154,26,260
S01012376,No qualifications,146,64,38,22,4,82
S01012376,Level 1,134,105,63,39,3,29
S01012376,Level 2,125,90,69,13,8,35
S01012376,Level 3,80,55,30,24,1,25
S01012376,Level 4 and above,305,216,150,56,10,89
S01012377,All people aged 16 and over,608,379,258,117,4,229
S01012377,No qualifications,98,42,28,13,1,56
S01012377,Level 1,122,82,53,29,0,40
S01012377,Level 2,75,52,36,15,1,23
S01012377,Level 3,52,38,29,8,1,14
S01012377,Level 4 and above,261,165,112,52,1,96
S01012378,All people aged 16 and over,494,308,202,96,10,186
S01012378,No qualifications,117,55,32,19,4,62
S01012378,Level 1,90,66,47,17,2,24
S01012378,Level 2,62,42,24,18,0,20
S01012378,Level 3,56,44,29,13,2,12
S01012378,Level 4 and above,169,101,70,29,2,68
S01012379,All people aged 16 and over,427,254,171,71,12,173
S01012379,No qualifications,76,25,14,11,0,51
S01012379,Level 1,91,57,40,14,3,34
S01012379,Level 2,55,36,22,12,2,19
S01012379,Level 3,38,29,20,9,0,9
S01012379,Level 4 and above,167,107,75,25,7,60
S01012380,All people aged 16 and over,731,486,401,54,31,245
S01012380,No qualifications,207,73,58,9,6,134
S01012380,Level 1,196,140,116,10,14,56
S01012380,Level 2,108,85,69,10,6,23
S01012380,Level 3,82,71,59,9,3,11
S01012380,Level 4 and above,138,117,99,16,2,21
S01012381,All people aged 16 and over,713,374,306,46,22,339
S01012381,No qualifications,298,85,66,12,7,213
S01012381,Level 1,146,96,81,8,7,50
S01012381,Level 2,92,65,59,5,1,27
S01012381,Level 3,65,47,32,11,4,18
S01012381,Level 4 and above,112,81,68,10,3,31
S01012382,All people aged 16 and over,811,522,416,90,16,289
S01012382,No qualifications,191,55,38,15,2,136
S01012382,Level 1,160,113,87,19,7,47
S01012382,Level 2,156,124,101,20,3,32
S01012382,Level 3,75,62,52,9,1,13
S01012382,Level 4 and above,229,168,138,27,3,61
S01012383,All people aged 16 and over,734,406,340,52,14,328
S01012383,No qualifications,268,72,57,7,8,196
S01012383,Level 1,128,94,84,8,2,34
S01012383,Level 2,108,81,63,15,3,27
S01012383,Level 3,63,54,48,5,1,9
S01012383,Level 4 and above,167,105,88,17,0,62
S01012384,All people aged 16 and over,433,269,210,40,19,164
S01012384,No qualifications,118,31,23,7,1,87
S01012384,Level 1,77,61,44,7,10,16
S01012384,Level 2,77,58,43,14,1,19
S01012384,Level 3,44,35,26,4,5,9
S01012384,Level 4 and above,117,84,74,8,2,33
S01012385,All people aged 16 and over,595,422,326,72,24,173
S01012385,No qualifications,123,56,34,16,6,67
S01012385,Level 1,136,97,80,10,7,39
S01012385,Level 2,84,66,53,10,3,18
S01012385,Level 3,59,53,38,10,5,6
S01012385,Level 4 and above,193,150,121,26,3,43
S01012386,All people aged 16 and over,806,497,387,48,62,309
S01012386,No qualifications,284,94,69,10,15,190
S01012386,Level 1,237,183,137,13,33,54
S01012386,Level 2,93,74,59,12,3,19
S01012386,Level 3,59,47,39,4,4,12
S01012386,Level 4 and above,133,99,83,9,7,34
S01012387,All people aged 16 and over,755,543,452,79,12,212
S01012387,No qualifications,154,63,47,16,0,91
S01012387,Level 1,207,169,138,21,10,38
S01012387,Level 2,103,94,80,12,2,9
S01012387,Level 3,65,50,45,5,0,15
S01012387,Level 4 and above,226,167,142,25,0,59
S01012388,All people aged 16 and over,579,410,348,61,1,169
S01012388,No qualifications,135,47,37,10,0,88
S01012388,Level 1,111,87,73,14,0,24
S01012388,Level 2,72,59,52,7,0,13
S01012388,Level 3,49,42,38,4,0,7
S01012388,Level 4 and above,212,175,148,26,1,37
S01012389,All people aged 16 and over,661,501,433,56,12,160
S01012389,No qualifications,145,70,54,12,4,75
S01012389,Level 1,171,136,114,17,5,35
S01012389,Level 2,93,80,73,7,0,13
S01012389,Level 3,62,54,48,6,0,8
S01012389,Level 4 and above,190,161,144,14,3,29
S01012390,All people aged 16 and over,620,452,407,40,5,168
S01012390,No qualifications,105,38,31,7,0,67
S01012390,Level 1,178,141,126,14,1,37
S01012390,Level 2,110,85,79,4,2,25
S01012390,Level 3,57,50,47,3,0,7
S01012390,Level 4 and above,170,138,124,12,2,32
S01012391,All people aged 16 and over,785,614,539,59,16,171
S01012391,No qualifications,99,42,29,11,2,57
S01012391,Level 1,199,152,136,12,4,47
S01012391,Level 2,131,111,90,17,4,20
S01012391,Level 3,85,76,70,4,2,9
S01012391,Level 4 and above,271,233,214,15,4,38
S01012392,All people aged 16 and over,606,446,402,30,14,160
S01012392,No qualifications,117,49,40,5,4,68
S01012392,Level 1,148,115,102,8,5,33
S01012392,Level 2,115,95,85,9,1,20
S01012392,Level 3,58,55,53,1,1,3
S01012392,Level 4 and above,168,132,122,7,3,36
S01012393,All people aged 16 and over,728,537,467,65,5,191
S01012393,No qualifications,143,61,50,11,0,82
S01012393,Level 1,205,160,139,19,2,45
S01012393,Level 2,103,90,77,11,2,13
S01012393,Level 3,66,58,53,5,0,8
S01012393,Level 4 and above,211,168,148,19,1,43
S01012394,All people aged 16 and over,531,363,315,27,21,168
S01012394,No qualifications,138,55,42,11,2,83
S01012394,Level 1,188,138,119,8,11,50
S01012394,Level 2,65,54,50,1,3,11
S01012394,Level 3,44,40,37,1,2,4
S01012394,Level 4 and above,96,76,67,6,3,20
S01012395,All people aged 16 and over,514,357,310,38,9,157
S01012395,No qualifications,137,50,43,5,2,87
S01012395,Level 1,116,92,74,14,4,24
S01012395,Level 2,67,62,56,6,0,5
S01012395,Level 3,47,40,34,4,2,7
S01012395,Level 4 and above,147,113,103,9,1,34
S01012396,All people aged 16 and over,533,354,307,32,15,179
S01012396,No qualifications,135,40,35,3,2,95
S01012396,Level 1,140,98,84,7,7,42
S01012396,Level 2,71,58,48,7,3,13
S01012396,Level 3,44,41,36,4,1,3
S01012396,Level 4 and above,143,117,104,11,2,26
S01012397,All people aged 16 and over,730,481,400,60,21,249
S01012397,No qualifications,174,63,52,7,4,111
S01012397,Level 1,176,139,110,19,10,37
S01012397,Level 2,85,67,54,10,3,18
S01012397,Level 3,61,49,44,4,1,12
S01012397,Level 4 and above,234,163,140,20,3,71
S01012398,All people aged 16 and over,768,555,506,37,12,213
S01012398,No qualifications,164,58,50,7,1,106
S01012398,Level 1,187,150,137,8,5,37
S01012398,Level 2,117,104,94,6,4,13
S01012398,Level 3,67,54,51,2,1,13
S01012398,Level 4 and above,233,189,174,14,1,44
S01012399,All people aged 16 and over,505,348,330,14,4,157
S01012399,No qualifications,146,57,54,2,1,89
S01012399,Level 1,131,101,92,7,2,30
S01012399,Level 2,63,53,51,2,0,10
S01012399,Level 3,54,44,43,1,0,10
S01012399,Level 4 and above,111,93,90,2,1,18
S01012400,All people aged 16 and over,487,375,326,34,15,112
S01012400,No qualifications,135,66,56,8,2,69
S01012400,Level 1,139,116,103,8,5,23
S01012400,Level 2,88,83,73,5,5,5
S01012400,Level 3,36,32,29,3,0,4
S01012400,Level 4 and above,89,78,65,10,3,11
S01012401,All people aged 16 and over,662,499,443,28,28,163
S01012401,No qualifications,200,101,82,9,10,99
S01012401,Level 1,198,164,141,11,12,34
S01012401,Level 2,75,67,63,1,3,8
S01012401,Level 3,76,69,66,3,0,7
S01012401,Level 4 and above,113,98,91,4,3,15
S01012402,All people aged 16 and over,352,284,243,36,5,68
S01012402,No qualifications,71,40,30,9,1,31
S01012402,Level 1,104,89,75,12,2,15
S01012402,Level 2,58,50,44,6,0,8
S01012402,Level 3,34,30,29,1,0,4
S01012402,Level 4 and above,85,75,65,8,2,10
S01012403,All people aged 16 and over,860,663,546,106,11,197
S01012403,No qualifications,203,95,74,19,2,108
S01012403,Level 1,202,173,140,29,4,29
S01012403,Level 2,121,114,96,16,2,7
S01012403,Level 3,71,58,51,6,1,13
S01012403,Level 4 and above,263,223,185,36,2,40
S01012404,All people aged 16 and over,826,587,505,59,23,239
S01012404,No qualifications,209,93,70,18,5,116
S01012404,Level 1,194,141,116,20,5,53
S01012404,Level 2,115,102,91,7,4,13
S01012404,Level 3,84,75,69,2,4,9
S01012404,Level 4 and above,224,176,159,12,5,48
S01012405,All people aged 16 and over,554,432,368,60,4,122
S01012405,No qualifications,84,44,35,8,1,40
S01012405,Level 1,155,122,98,24,0,33
S01012405,Level 2,90,75,64,9,2,15
S01012405,Level 3,55,50,46,4,0,5
S01012405,Level 4 and above,170,141,125,15,1,29
S01012406,All people aged 16 and over,500,345,290,48,7,155
S01012406,No qualifications,123,46,28,17,1,77
S01012406,Level 1,128,103,84,16,3,25
S01012406,Level 2,73,59,56,3,0,14
S01012406,Level 3,54,42,39,3,0,12
S01012406,Level 4 and above,122,95,83,9,3,27
S01012407,All people aged 16 and over,639,475,398,62,15,164
S01012407,No qualifications,141,65,50,13,2,76
S01012407,Level 1,181,140,113,19,8,41
S01012407,Level 2,105,87,73,12,2,18
S01012407,Level 3,49,46,40,5,1,3
S01012407,Level 4 and above,163,137,122,13,2,26
S01012408,All people aged 16 and over,502,359,288,66,5,143
S01012408,No qualifications,103,42,27,14,1,61
S01012408,Level 1,145,114,93,20,1,31
S01012408,Level 2,87,68,58,9,1,19
S01012408,Level 3,48,40,34,6,0,8
S01012408,Level 4 and above,119,95,76,17,2,24
S01012409,All people aged 16 and over,563,390,312,66,12,173
S01012409,No qualifications,136,43,24,16,3,93
S01012409,Level 1,130,107,93,10,4,23
S01012409,Level 2,98,78,64,12,2,20
S01012409,Level 3,43,40,35,5,0,3
S01012409,Level 4 and above,156,122,96,23,3,34
S01012410,All people aged 16 and over,843,646,576,56,14,197
S01012410,No qualifications,178,89,73,14,2,89
S01012410,Level 1,229,192,164,21,7,37
S01012410,Level 2,148,131,121,8,2,17
S01012410,Level 3,63,56,55,1,0,7
S01012410,Level 4 and above,225,178,163,12,3,47
S01012411,All people aged 16 and over,763,569,500,45,24,194
S01012411,No qualifications,163,79,66,11,2,84
S01012411,Level 1,246,201,178,13,10,45
S01012411,Level 2,132,107,97,6,4,25
S01012411,Level 3,81,67,61,3,3,14
S01012411,Level 4 and above,141,115,98,12,5,26
S01012412,All people aged 16 and over,540,379,301,68,10,161
S01012412,No qualifications,173,69,43,23,3,104
S01012412,Level 1,122,98,86,11,1,24
S01012412,Level 2,71,61,50,8,3,10
S01012412,Level 3,51,47,37,10,0,4
S01012412,Level 4 and above,123,104,85,16,3,19
S01012413,All people aged 16 and over,794,494,432,55,7,300
S01012413,No qualifications,236,68,54,13,1,168
S01012413,Level 1,207,163,143,18,2,44
S01012413,Level 2,85,67,59,6,2,18
S01012413,Level 3,51,43,38,4,1,8
S01012413,Level 4 and above,215,153,138,14,1,62
S01012414,All people aged 16 and over,589,370,288,59,23,219
S01012414,No qualifications,176,64,40,19,5,112
S01012414,Level 1,155,115,84,18,13,40
S01012414,Level 2,64,52,45,5,2,12
S01012414,Level 3,42,36,27,7,2,6
S01012414,Level 4 and above,152,103,92,10,1,49
S01012415,All people aged 16 and over,451,284,207,68,9,167
S01012415,No qualifications,150,45,25,16,4,105
S01012415,Level 1,121,96,76,18,2,25
S01012415,Level 2,47,35,29,5,1,12
S01012415,Level 3,39,33,25,7,1,6
S01012415,Level 4 and above,94,75,52,22,1,19
S01012416,All people aged 16 and over,456,288,217,66,5,168
S01012416,No qualifications,167,55,35,20,0,112
S01012416,Level 1,105,88,62,22,4,17
S01012416,Level 2,33,28,24,3,1,5
S01012416,Level 3,38,30,24,6,0,8
S01012416,Level 4 and above,113,87,72,15,0,26
S01012417,All people aged 16 and over,544,277,200,64,13,267
S01012417,No qualifications,190,58,30,27,1,132
S01012417,Level 1,125,82,63,15,4,43
S01012417,Level 2,67,45,37,4,4,22
S01012417,Level 3,54,32,25,6,1,22
S01012417,Level 4 and above,108,60,45,12,3,48
S01012418,All people aged 16 and over,680,413,236,146,31,267
S01012418,No qualifications,234,110,51,48,11,124
S01012418,Level 1,160,112,74,25,13,48
S01012418,Level 2,69,47,24,20,3,22
S01012418,Level 3,60,44,32,12,0,16
S01012418,Level 4 and above,157,100,55,41,4,57
S01012419,All people aged 16 and over,678,372,215,129,28,306
S01012419,No qualifications,242,81,35,43,3,161
S01012419,Level 1,157,103,58,32,13,54
S01012419,Level 2,73,50,27,17,6,23
S01012419,Level 3,54,40,25,13,2,14
S01012419,Level 4 and above,152,98,70,24,4,54
S01012420,All people aged 16 and over,694,418,332,52,34,276
S01012420,No qualifications,261,92,81,7,4,169
S01012420,Level 1,211,162,122,20,20,49
S01012420,Level 2,87,62,56,3,3,25
S01012420,Level 3,54,48,36,8,4,6
S01012420,Level 4 and above,81,54,37,14,3,27
S01012421,All people aged 16 and over,629,382,278,79,25,247
S01012421,No qualifications,206,83,62,18,3,123
S01012421,Level 1,143,108,72,22,14,35
S01012421,Level 2,74,47,32,12,3,27
S01012421,Level 3,64,49,42,5,2,15
S01012421,Level 4 and above,142,95,70,22,3,47
S01012422,All people aged 16 and over,725,443,316,94,33,282
S01012422,No qualifications,226,104,63,32,9,122
S01012422,Level 1,179,126,97,18,11,53
S01012422,Level 2,88,65,46,16,3,23
S01012422,Level 3,52,35,26,3,6,17
S01012422,Level 4 and above,180,113,84,25,4,67
S01012423,All people aged 16 and over,696,423,310,85,28,273
S01012423,No qualifications,195,65,37,21,7,130
S01012423,Level 1,143,92,68,20,4,51
S01012423,Level 2,121,95,71,16,8,26
S01012423,Level 3,71,57,41,11,5,14
S01012423,Level 4 and above,166,114,93,17,4,52
S01012424,All people aged 16 and over,752,473,383,40,50,279
S01012424,No qualifications,280,102,86,9,7,178
S01012424,Level 1,214,160,120,13,27,54
S01012424,Level 2,104,85,69,4,12,19
S01012424,Level 3,60,53,51,2,0,7
S01012424,Level 4 and above,94,73,57,12,4,21
S01012425,All people aged 16 and over,497,210,176,16,18,287
S01012425,No qualifications,240,52,40,6,6,188
S01012425,Level 1,134,83,71,4,8,51
S01012425,Level 2,44,29,25,3,1,15
S01012425,Level 3,41,24,22,1,1,17
S01012425,Level 4 and above,38,22,18,2,2,16
S01012426,All people aged 16 and over,383,206,154,15,37,177
S01012426,No qualifications,142,44,31,0,13,98
S01012426,Level 1,135,92,72,6,14,43
S01012426,Level 2,44,29,21,4,4,15
S01012426,Level 3,31,22,14,3,5,9
S01012426,Level 4 and above,31,19,16,2,1,12
S01012427,All people aged 16 and over,523,289,234,16,39,234
S01012427,No qualifications,220,68,54,3,11,152
S01012427,Level 1,176,133,101,8,24,43
S01012427,Level 2,55,37,33,1,3,18
S01012427,Level 3,29,23,22,1,0,6
S01012427,Level 4 and above,43,28,24,3,1,15
S01012428,All people aged 16 and over,539,316,267,26,23,223
S01012428,No qualifications,177,66,53,10,3,111
S01012428,Level 1,161,121,105,5,11,40
S01012428,Level 2,72,50,41,4,5,22
S01012428,Level 3,41,26,25,1,0,15
S01012428,Level 4 and above,88,53,43,6,4,35
S01012429,All people aged 16 and over,466,228,184,22,22,238
S01012429,No qualifications,160,32,24,3,5,128
S01012429,Level 1,110,70,52,8,10,40
S01012429,Level 2,72,44,36,5,3,28
S01012429,Level 3,50,36,32,3,1,14
S01012429,Level 4 and above,74,46,40,3,3,28
S01012430,All people aged 16 and over,475,267,223,29,15,208
S01012430,No qualifications,160,47,37,7,3,113
S01012430,Level 1,98,65,58,3,4,33
S01012430,Level 2,65,47,41,3,3,18
S01012430,Level 3,44,38,30,6,2,6
S01012430,Level 4 and above,108,70,57,10,3,38
S01012431,All people aged 16 and over,790,413,290,93,30,377
S01012431,No qualifications,281,74,49,22,3,207
S01012431,Level 1,160,102,76,15,11,58
S01012431,Level 2,96,70,49,13,8,26
S01012431,Level 3,66,50,35,13,2,16
S01012431,Level 4 and above,187,117,81,30,6,70
S01012432,All people aged 16 and over,622,281,224,30,27,341
S01012432,No qualifications,225,48,35,7,6,177
S01012432,Level 1,152,95,72,7,16,57
S01012432,Level 2,67,40,36,4,0,27
S01012432,Level 3,49,32,29,3,0,17
S01012432,Level 4 and above,129,66,52,9,5,63
S01012433,All people aged 16 and over,440,253,206,29,18,187
S01012433,No qualifications,169,46,39,4,3,123
S01012433,Level 1,111,84,69,7,8,27
S01012433,Level 2,56,42,34,5,3,14
S01012433,Level 3,41,34,27,4,3,7
S01012433,Level 4 and above,63,47,37,9,1,16
S01012434,All people aged 16 and over,578,349,282,29,38,229
S01012434,No qualifications,219,68,57,4,7,151
S01012434,Level 1,174,126,97,9,20,48
S01012434,Level 2,63,54,42,6,6,9
S01012434,Level 3,48,35,30,3,2,13
S01012434,Level 4 and above,74,66,56,7,3,8
S01012435,All people aged 16 and over,527,328,253,32,43,199
S01012435,No qualifications,206,81,59,7,15,125
S01012435,Level 1,151,106,81,10,15,45
S01012435,Level 2,65,54,43,4,7,11
S01012435,Level 3,52,44,35,7,2,8
S01012435,Level 4 and above,53,43,35,4,4,10
S01012436,All people aged 16 and over,595,349,270,29,50,246
S01012436,No qualifications,243,100,77,8,15,143
S01012436,Level 1,155,102,70,6,26,53
S01012436,Level 2,75,57,48,5,4,18
S01012436,Level 3,44,37,30,4,3,7
S01012436,Level 4 and above,78,53,45,6,2,25
S01012437,All people aged 16 and over,616,370,301,34,35,246
S01012437,No qualifications,245,92,74,10,8,153
S01012437,Level 1,133,100,78,11,11,33
S01012437,Level 2,92,69,57,3,9,23
S01012437,Level 3,62,50,43,6,1,12
S01012437,Level 4 and above,84,59,49,4,6,25
S01012438,All people aged 16 and over,534,351,263,47,41,183
S01012438,No qualifications,160,57,38,7,12,103
S01012438,Level 1,159,127,90,22,15,32
S01012438,Level 2,71,58,48,3,7,13
S01012438,Level 3,54,39,30,4,5,15
S01012438,Level 4 and above,90,70,57,11,2,20
S01012439,All people aged 16 and over,645,341,266,33,42,304
S01012439,No qualifications,204,53,32,11,10,151
S01012439,Level 1,170,107,84,6,17,63
S01012439,Level 2,87,62,51,5,6,25
S01012439,Level 3,54,40,35,2,3,14
S01012439,Level 4 and above,130,79,64,9,6,51
S01012440,All people aged 16 and over,444,285,221,47,17,159
S01012440,No qualifications,105,40,24,13,3,65
S01012440,Level 1,114,80,61,12,7,34
S01012440,Level 2,79,65,54,7,4,14
S01012440,Level 3,43,33,29,2,2,10
S01012440,Level 4 and above,103,67,53,13,1,36
S01012441,All people aged 16 and over,764,482,340,120,22,282
S01012441,No qualifications,191,90,55,31,4,101
S01012441,Level 1,154,103,67,32,4,51
S01012441,Level 2,115,79,51,20,8,36
S01012441,Level 3,79,59,43,13,3,20
S01012441,Level 4 and above,225,151,124,24,3,74
S01012442,All people aged 16 and over,808,515,386,100,29,293
S01012442,No qualifications,166,58,31,20,7,108
S01012442,Level 1,172,117,77,30,10,55
S01012442,Level 2,99,75,58,14,3,24
S01012442,Level 3,84,71,58,7,6,13
S01012442,Level 4 and above,287,194,162,29,3,93
S01012443,All people aged 16 and over,616,423,319,81,23,193
S01012443,No qualifications,136,56,32,19,5,80
S01012443,Level 1,152,121,92,19,10,31
S01012443,Level 2,88,68,54,10,4,20
S01012443,Level 3,72,58,40,17,1,14
S01012443,Level 4 and above,168,120,101,16,3,48
S01012444,All people aged 16 and over,712,350,274,57,19,362
S01012444,No qualifications,184,30,15,11,4,154
S01012444,Level 1,121,64,43,15,6,57
S01012444,Level 2,95,53,45,5,3,42
S01012444,Level 3,78,53,45,4,4,25
S01012444,Level 4 and above,234,150,126,22,2,84
S01012445,All people aged 16 and over,403,280,208,54,18,123
S01012445,No qualifications,56,20,9,7,4,36
S01012445,Level 1,57,37,31,2,4,20
S01012445,Level 2,54,37,28,7,2,17
S01012445,Level 3,37,31,29,2,0,6
S01012445,Level 4 and above,199,155,111,36,8,44
S01012446,All people aged 16 and over,430,258,212,21,25,172
S01012446,No qualifications,143,33,25,6,2,110
S01012446,Level 1,105,78,57,8,13,27
S01012446,Level 2,52,41,33,2,6,11
S01012446,Level 3,52,43,37,3,3,9
S01012446,Level 4 and above,78,63,60,2,1,15
S01012447,All people aged 16 and over,725,470,389,59,22,255
S01012447,No qualifications,167,65,42,17,6,102
S01012447,Level 1,147,97,84,8,5,50
S01012447,Level 2,117,86,68,12,6,31
S01012447,Level 3,96,82,72,8,2,14
S01012447,Level 4 and above,198,140,123,14,3,58
S01012448,All people aged 16 and over,712,470,368,73,29,242
S01012448,No qualifications,138,45,31,8,6,93
S01012448,Level 1,138,92,62,21,9,46
S01012448,Level 2,132,101,81,14,6,31
S01012448,Level 3,79,63,52,7,4,16
S01012448,Level 4 and above,225,169,142,23,4,56
S01012449,All people aged 16 and over,482,329,276,34,19,153
S01012449,No qualifications,145,50,39,5,6,95
S01012449,Level 1,105,76,60,7,9,29
S01012449,Level 2,73,63,54,7,2,10
S01012449,Level 3,69,62,54,6,2,7
S01012449,Level 4 and above,90,78,69,9,0,12
S01012450,All people aged 16 and over,700,447,331,98,18,253
S01012450,No qualifications,167,65,37,26,2,102
S01012450,Level 1,144,103,72,25,6,41
S01012450,Level 2,115,79,59,14,6,36
S01012450,Level 3,80,62,52,9,1,18
S01012450,Level 4 and above,194,138,111,24,3,56
S01012451,All people aged 16 and over,787,330,250,64,16,457
S01012451,No qualifications,136,19,13,5,1,117
S01012451,Level 1,124,55,39,11,5,69
S01012451,Level 2,107,59,44,12,3,48
S01012451,Level 3,73,34,27,7,0,39
S01012451,Level 4 and above,347,163,127,29,7,184
S01012452,All people aged 16 and over,505,265,221,36,8,240
S01012452,No qualifications,110,26,20,4,2,84
S01012452,Level 1,91,51,42,8,1,40
S01012452,Level 2,83,48,43,5,0,35
S01012452,Level 3,54,37,30,5,2,17
S01012452,Level 4 and above,167,103,86,14,3,64
S01012453,All people aged 16 and over,699,392,299,75,18,307
S01012453,No qualifications,98,16,9,7,0,82
S01012453,Level 1,92,52,33,15,4,40
S01012453,Level 2,89,55,42,8,5,34
S01012453,Level 3,71,50,40,9,1,21
S01012453,Level 4 and above,349,219,175,36,8,130
S01012454,All people aged 16 and over,578,293,233,40,20,285
S01012454,No qualifications,102,21,18,2,1,81
S01012454,Level 1,99,50,37,9,4,49
S01012454,Level 2,99,52,38,5,9,47
S01012454,Level 3,63,37,33,3,1,26
S01012454,Level 4 and above,215,133,107,21,5,82
S01012455,All people aged 16 and over,498,256,180,65,11,242
S01012455,No qualifications,78,27,12,14,1,51
S01012455,Level 1,75,35,23,9,3,40
S01012455,Level 2,64,34,24,8,2,30
S01012455,Level 3,51,31,21,9,1,20
S01012455,Level 4 and above,230,129,100,25,4,101
S01012456,All people aged 16 and over,649,318,250,49,19,331
S01012456,No qualifications,82,15,8,5,2,67
S01012456,Level 1,110,45,38,4,3,65
S01012456,Level 2,77,44,31,9,4,33
S01012456,Level 3,56,36,31,4,1,20
S01012456,Level 4 and above,324,178,142,27,9,146
S01012457,All people aged 16 and over,757,338,261,60,17,419
S01012457,No qualifications,110,18,10,8,0,92
S01012457,Level 1,94,41,26,12,3,53
S01012457,Level 2,131,61,48,9,4,70
S01012457,Level 3,61,34,25,7,2,27
S01012457,Level 4 and above,361,184,152,24,8,177
S01012458,All people aged 16 and over,669,353,265,69,19,316
S01012458,No qualifications,77,13,6,6,1,64
S01012458,Level 1,107,47,32,9,6,60
S01012458,Level 2,95,61,45,13,3,34
S01012458,Level 3,44,36,27,7,2,8
S01012458,Level 4 and above,346,196,155,34,7,150
S01012459,All people aged 16 and over,584,405,346,41,18,179
S01012459,No qualifications,107,39,28,8,3,68
S01012459,Level 1,142,101,83,12,6,41
S01012459,Level 2,95,73,62,6,5,22
S01012459,Level 3,56,45,41,2,2,11
S01012459,Level 4 and above,184,147,132,13,2,37
S01012460,All people aged 16 and over,473,251,200,34,17,222
S01012460,No qualifications,102,32,23,8,1,70
S01012460,Level 1,82,38,29,7,2,44
S01012460,Level 2,57,33,23,5,5,24
S01012460,Level 3,62,44,34,3,7,18
S01012460,Level 4 and above,170,104,91,11,2,66
S01012461,All people aged 16 and over,450,283,238,26,19,167
S01012461,No qualifications,164,55,39,11,5,109
S01012461,Level 1,102,69,60,5,4,33
S01012461,Level 2,57,49,40,4,5,8
S01012461,Level 3,34,30,26,0,4,4
S01012461,Level 4 and above,93,80,73,6,1,13
S01012462,All people aged 16 and over,653,373,293,24,56,280
S01012462,No qualifications,237,67,51,8,8,170
S01012462,Level 1,192,133,98,8,27,59
S01012462,Level 2,65,49,33,5,11,16
S01012462,Level 3,54,44,40,0,4,10
S01012462,Level 4 and above,105,80,71,3,6,25
S01012463,All people aged 16 and over,480,291,225,30,36,189
S01012463,No qualifications,171,65,50,5,10,106
S01012463,Level 1,130,87,64,9,14,43
S01012463,Level 2,66,51,38,7,6,15
S01012463,Level 3,43,35,29,3,3,8
S01012463,Level 4 and above,70,53,44,6,3,17
S01012464,All people aged 16 and over,491,345,266,24,55,146
S01012464,No qualifications,158,81,67,4,10,77
S01012464,Level 1,138,104,78,7,19,34
S01012464,Level 2,79,65,45,6,14,14
S01012464,Level 3,56,47,37,2,8,9
S01012464,Level 4 and above,60,48,39,5,4,12
S01012465,All people aged 16 and over,566,350,288,26,36,216
S01012465,No qualifications,192,89,71,9,9,103
S01012465,Level 1,166,109,86,7,16,57
S01012465,Level 2,67,45,41,2,2,22
S01012465,Level 3,58,52,42,3,7,6
S01012465,Level 4 and above,83,55,48,5,2,28
S01012466,All people aged 16 and over,673,374,278,57,39,299
S01012466,No qualifications,208,60,44,10,6,148
S01012466,Level 1,134,90,58,21,11,44
S01012466,Level 2,94,71,49,11,11,23
S01012466,Level 3,60,42,35,3,4,18
S01012466,Level 4 and above,177,111,92,12,7,66
S01012467,All people aged 16 and over,562,333,267,38,28,229
S01012467,No qualifications,181,56,47,3,6,125
S01012467,Level 1,150,98,72,13,13,52
S01012467,Level 2,64,43,33,7,3,21
S01012467,Level 3,74,62,50,8,4,12
S01012467,Level 4 and above,93,74,65,7,2,19
S01012468,All people aged 16 and over,618,377,309,40,28,241
S01012468,No qualifications,181,54,45,2,7,127
S01012468,Level 1,150,101,79,12,10,49
S01012468,Level 2,94,71,58,6,7,23
S01012468,Level 3,60,52,42,8,2,8
S01012468,Level 4 and above,133,99,85,12,2,34
S01012469,All people aged 16 and over,676,362,281,65,16,314
S01012469,No qualifications,116,16,10,6,0,100
S01012469,Level 1,88,41,33,7,1,47
S01012469,Level 2,95,60,48,10,2,35
S01012469,Level 3,60,42,33,6,3,18
S01012469,Level 4 and above,317,203,157,36,10,114
S01012470,All people aged 16 and over,827,443,366,41,36,384
S01012470,No qualifications,277,66,51,7,8,211
S01012470,Level 1,176,120,94,14,12,56
S01012470,Level 2,110,75,71,1,3,35
S01012470,Level 3,81,67,57,2,8,14
S01012470,Level 4 and above,183,115,93,17,5,68
S01012471,All people aged 16 and over,732,390,283,95,12,342
S01012471,No qualifications,123,27,16,10,1,96
S01012471,Level 1,119,66,41,19,6,53
S01012471,Level 2,95,62,44,17,1,33
S01012471,Level 3,61,44,35,8,1,17
S01012471,Level 4 and above,334,191,147,41,3,143
S01012472,All people aged 16 and over,614,296,243,39,14,318
S01012472,No qualifications,123,28,23,2,3,95
S01012472,Level 1,114,63,51,10,2,51
S01012472,Level 2,68,33,27,4,2,35
S01012472,Level 3,55,36,26,6,4,19
S01012472,Level 4 and above,254,136,116,17,3,118
S01012473,All people aged 16 and over,470,284,241,31,12,186
S01012473,No qualifications,91,26,21,5,0,65
S01012473,Level 1,89,55,44,7,4,34
S01012473,Level 2,75,50,42,4,4,25
S01012473,Level 3,46,36,32,4,0,10
S01012473,Level 4 and above,169,117,102,11,4,52
S01012474,All people aged 16 and over,629,323,266,34,23,306
S01012474,No qualifications,204,46,34,8,4,158
S01012474,Level 1,104,59,48,2,9,45
S01012474,Level 2,82,51,40,8,3,31
S01012474,Level 3,66,47,40,4,3,19
S01012474,Level 4 and above,173,120,104,12,4,53
S01012475,All people aged 16 and over,558,286,244,26,16,272
S01012475,No qualifications,143,26,19,5,2,117
S01012475,Level 1,117,69,56,5,8,48
S01012475,Level 2,56,35,30,3,2,21
S01012475,Level 3,66,46,39,4,3,20
S01012475,Level 4 and above,176,110,100,9,1,66
S01012476,All people aged 16 and over,770,448,373,33,42,322
S01012476,No qualifications,271,79,58,8,13,192
S01012476,Level 1,203,147,119,12,16,56
S01012476,Level 2,90,69,64,1,4,21
S01012476,Level 3,88,71,56,7,8,17
S01012476,Level 4 and above,118,82,76,5,1,36
S01012477,All people aged 16 and over,571,370,326,27,17,201
S01012477,No qualifications,89,30,22,7,1,59
S01012477,Level 1,123,81,70,5,6,42
S01012477,Level 2,103,77,63,8,6,26
S01012477,Level 3,82,57,54,1,2,25
S01012477,Level 4 and above,174,125,117,6,2,49
S01012478,All people aged 16 and over,690,440,368,43,29,250
S01012478,No qualifications,227,77,63,9,5,150
S01012478,Level 1,156,111,93,7,11,45
S01012478,Level 2,103,79,62,10,7,24
S01012478,Level 3,82,74,63,8,3,8
S01012478,Level 4 and above,122,99,87,9,3,23
S01012479,All people aged 16 and over,554,409,339,53,17,145
S01012479,No qualifications,80,39,28,9,2,41
S01012479,Level 1,119,83,67,14,2,36
S01012479,Level 2,101,79,67,8,4,22
S01012479,Level 3,88,71,59,8,4,17
S01012479,Level 4 and above,166,137,118,14,5,29
S01012480,All people aged 16 and over,480,306,250,34,22,174
S01012480,No qualifications,100,33,25,4,4,67
S01012480,Level 1,93,66,52,6,8,27
S01012480,Level 2,64,40,36,3,1,24
S01012480,Level 3,58,42,33,4,5,16
S01012480,Level 4 and above,165,125,104,17,4,40
S01012481,All people aged 16 and over,714,471,362,49,60,243
S01012481,No qualifications,162,56,36,7,13,106
S01012481,Level 1,139,87,65,7,15,52
S01012481,Level 2,114,86,59,9,18,28
S01012481,Level 3,91,70,53,8,9,21
S01012481,Level 4 and above,208,172,149,18,5,36
S01012482,All people aged 16 and over,741,359,251,62,46,382
S01012482,No qualifications,198,39,14,7,18,159
S01012482,Level 1,119,55,31,10,14,64
S01012482,Level 2,92,63,45,10,8,29
S01012482,Level 3,67,50,43,6,1,17
S01012482,Level 4 and above,265,152,118,29,5,113
S01012483,All people aged 16 and over,811,434,338,40,56,377
S01012483,No qualifications,259,61,43,8,10,198
S01012483,Level 1,157,102,73,5,24,55
S01012483,Level 2,106,74,60,6,8,32
S01012483,Level 3,104,86,75,5,6,18
S01012483,Level 4 and above,185,111,87,16,8,74
S01012484,All people aged 16 and over,674,373,278,70,25,301
S01012484,No qualifications,115,21,12,7,2,94
S01012484,Level 1,101,50,35,9,6,51
S01012484,Level 2,90,55,43,6,6,35
S01012484,Level 3,70,50,39,9,2,20
S01012484,Level 4 and above,298,197,149,39,9,101
S01012485,All people aged 16 and over,743,381,283,81,17,362
S01012485,No qualifications,132,19,13,5,1,113
S01012485,Level 1,87,44,30,8,6,43
S01012485,Level 2,118,69,48,17,4,49
S01012485,Level 3,57,41,33,8,0,16
S01012485,Level 4 and above,349,208,159,43,6,141
S01012486,All people aged 16 and over,587,206,151,47,8,381
S01012486,No qualifications,180,15,9,6,0,165
S01012486,Level 1,77,27,20,6,1,50
S01012486,Level 2,58,29,23,4,2,29
S01012486,Level 3,49,29,21,7,1,20
S01012486,Level 4 and above,223,106,78,24,4,117
S01012487,All people aged 16 and over,529,336,267,37,32,193
S01012487,No qualifications,180,65,45,7,13,115
S01012487,Level 1,134,99,71,14,14,35
S01012487,Level 2,69,50,43,4,3,19
S01012487,Level 3,57,50,40,9,1,7
S01012487,Level 4 and above,89,72,68,3,1,17
S01012488,All people aged 16 and over,807,471,399,36,36,336
S01012488,No qualifications,287,76,61,8,7,211
S01012488,Level 1,176,125,106,8,11,51
S01012488,Level 2,125,91,80,8,3,34
S01012488,Level 3,87,72,62,2,8,15
S01012488,Level 4 and above,132,107,90,10,7,25
S01012489,All people aged 16 and over,845,516,386,32,98,329
S01012489,No qualifications,293,117,73,10,34,176
S01012489,Level 1,251,159,116,9,34,92
S01012489,Level 2,120,90,72,3,15,30
S01012489,Level 3,72,57,51,2,4,15
S01012489,Level 4 and above,109,93,74,8,11,16
S01012490,All people aged 16 and over,860,505,387,32,86,355
S01012490,No qualifications,316,83,59,3,21,233
S01012490,Level 1,197,140,100,11,29,57
S01012490,Level 2,112,90,69,7,14,22
S01012490,Level 3,81,70,55,4,11,11
S01012490,Level 4 and above,154,122,104,7,11,32
S01012491,All people aged 16 and over,359,233,161,9,63,126
S01012491,No qualifications,127,53,34,3,16,74
S01012491,Level 1,118,87,57,0,30,31
S01012491,Level 2,51,43,31,2,10,8
S01012491,Level 3,30,26,21,0,5,4
S01012491,Level 4 and above,33,24,18,4,2,9
S01012492,All people aged 16 and over,699,341,231,23,87,358
S01012492,No qualifications,291,70,42,3,25,221
S01012492,Level 1,163,101,58,9,34,62
S01012492,Level 2,91,58,39,3,16,33
S01012492,Level 3,67,52,42,4,6,15
S01012492,Level 4 and above,87,60,50,4,6,27
S01012493,All people aged 16 and over,606,230,194,18,18,376
S01012493,No qualifications,271,34,23,6,5,237
S01012493,Level 1,99,40,32,5,3,59
S01012493,Level 2,51,34,29,1,4,17
S01012493,Level 3,48,35,32,1,2,13
S01012493,Level 4 and above,137,87,78,5,4,50
S01012494,All people aged 16 and over,802,464,377,33,54,338
S01012494,No qualifications,300,102,83,12,7,198
S01012494,Level 1,201,135,111,8,16,66
S01012494,Level 2,128,100,76,6,18,28
S01012494,Level 3,72,54,41,3,10,18
S01012494,Level 4 and above,101,73,66,4,3,28
S01012495,All people aged 16 and over,862,498,401,29,68,364
S01012495,No qualifications,338,115,90,5,20,223
S01012495,Level 1,232,169,133,8,28,63
S01012495,Level 2,117,86,71,8,7,31
S01012495,Level 3,76,65,55,4,6,11
S01012495,Level 4 and above,99,63,52,4,7,36
S01012496,All people aged 16 and over,639,369,300,22,47,270
S01012496,No qualifications,290,110,87,7,16,180
S01012496,Level 1,174,124,100,6,18,50
S01012496,Level 2,73,59,51,1,7,14
S01012496,Level 3,36,30,22,4,4,6
S01012496,Level 4 and above,66,46,40,4,2,20
S01012497,All people aged 16 and over,426,229,179,12,38,197
S01012497,No qualifications,214,71,53,4,14,143
S01012497,Level 1,117,84,64,6,14,33
S01012497,Level 2,36,27,26,1,0,9
S01012497,Level 3,30,24,20,0,4,6
S01012497,Level 4 and above,29,23,16,1,6,6
S01012498,All people aged 16 and over,637,352,265,14,73,285
S01012498,No qualifications,317,128,91,6,31,189
S01012498,Level 1,179,114,80,2,32,65
S01012498,Level 2,65,52,46,2,4,13
S01012498,Level 3,33,25,19,3,3,8
S01012498,Level 4 and above,43,33,29,1,3,10
S01012499,All people aged 16 and over,589,334,257,21,56,255
S01012499,No qualifications,264,85,64,5,16,179
S01012499,Level 1,134,95,67,6,22,39
S01012499,Level 2,69,59,48,2,9,10
S01012499,Level 3,55,45,36,4,5,10
S01012499,Level 4 and above,67,50,42,4,4,17
S01012500,All people aged 16 and over,377,227,172,11,44,150
S01012500,No qualifications,153,61,42,4,15,92
S01012500,Level 1,117,83,63,3,17,34
S01012500,Level 2,43,37,27,2,8,6
S01012500,Level 3,34,26,23,1,2,8
S01012500,Level 4 and above,30,20,17,1,2,10
S01012501,All people aged 16 and over,449,243,199,1,43,206
S01012501,No qualifications,207,82,64,0,18,125
S01012501,Level 1,133,75,58,0,17,58
S01012501,Level 2,50,44,39,0,5,6
S01012501,Level 3,33,25,23,0,2,8
S01012501,Level 4 and above,26,17,15,1,1,9
S01012502,All people aged 16 and over,602,351,235,24,92,251
S01012502,No qualifications,240,95,65,7,23,145
S01012502,Level 1,200,135,77,9,49,65
S01012502,Level 2,70,51,36,3,12,19
S01012502,Level 3,56,43,33,3,7,13
S01012502,Level 4 and above,36,27,24,2,1,9
S01012503,All people aged 16 and over,523,282,221,19,42,241
S01012503,No qualifications,252,95,75,7,13,157
S01012503,Level 1,121,81,61,5,15,40
S01012503,Level 2,60,36,28,1,7,24
S01012503,Level 3,41,34,25,4,5,7
S01012503,Level 4 and above,49,36,32,2,2,13
S01012504,All people aged 16 and over,489,295,226,17,52,194
S01012504,No qualifications,198,85,56,6,23,113
S01012504,Level 1,131,87,68,5,14,44
S01012504,Level 2,54,37,31,0,6,17
S01012504,Level 3,62,54,46,3,5,8
S01012504,Level 4 and above,44,32,25,3,4,12
S01012505,All people aged 16 and over,869,502,389,43,70,367
S01012505,No qualifications,343,104,73,10,21,239
S01012505,Level 1,224,155,120,12,23,69
S01012505,Level 2,118,95,80,5,10,23
S01012505,Level 3,70,62,46,6,10,8
S01012505,Level 4 and above,114,86,70,10,6,28
S01012506,All people aged 16 and over,434,231,189,27,15,203
S01012506,No qualifications,128,33,21,9,3,95
S01012506,Level 1,94,61,50,5,6,33
S01012506,Level 2,70,44,38,1,5,26
S01012506,Level 3,31,21,19,2,0,10
S01012506,Level 4 and above,111,72,61,10,1,39
S01012507,All people aged 16 and over,815,465,388,36,41,350
S01012507,No qualifications,272,76,58,10,8,196
S01012507,Level 1,203,141,120,7,14,62
S01012507,Level 2,110,75,59,7,9,35
S01012507,Level 3,78,61,53,3,5,17
S01012507,Level 4 and above,152,112,98,9,5,40
S01012508,All people aged 16 and over,653,407,341,31,35,246
S01012508,No qualifications,226,67,53,7,7,159
S01012508,Level 1,142,108,83,6,19,34
S01012508,Level 2,83,67,56,9,2,16
S01012508,Level 3,73,62,56,4,2,11
S01012508,Level 4 and above,129,103,93,5,5,26
S01012509,All people aged 16 and over,459,286,236,35,15,173
S01012509,No qualifications,140,40,35,4,1,100
S01012509,Level 1,88,65,49,10,6,23
S01012509,Level 2,72,56,43,9,4,16
S01012509,Level 3,57,45,38,5,2,12
S01012509,Level 4 and above,102,80,71,7,2,22
S01012510,All people aged 16 and over,710,486,424,31,31,224
S01012510,No qualifications,196,70,53,9,8,126
S01012510,Level 1,173,124,109,4,11,49
S01012510,Level 2,93,85,78,6,1,8
S01012510,Level 3,86,75,65,5,5,11
S01012510,Level 4 and above,162,132,119,7,6,30
S01012511,All people aged 16 and over,552,359,331,13,15,193
S01012511,No qualifications,163,52,45,3,4,111
S01012511,Level 1,117,89,80,1,8,28
S01012511,Level 2,91,67,63,3,1,24
S01012511,Level 3,61,54,50,4,0,7
S01012511,Level 4 and above,120,97,93,2,2,23
S01012512,All people aged 16 and over,515,326,250,36,40,189
S01012512,No qualifications,151,52,34,5,13,99
S01012512,Level 1,132,92,68,7,17,40
S01012512,Level 2,75,57,41,9,7,18
S01012512,Level 3,49,37,30,5,2,12
S01012512,Level 4 and above,108,88,77,10,1,20
S01012513,All people aged 16 and over,446,324,291,22,11,122
S01012513,No qualifications,79,34,28,5,1,45
S01012513,Level 1,91,73,65,3,5,18
S01012513,Level 2,63,43,37,2,4,20
S01012513,Level 3,62,51,45,5,1,11
S01012513,Level 4 and above,151,123,116,7,0,28
S01012514,All people aged 16 and over,738,616,535,56,25,122
S01012514,No qualifications,89,49,43,3,3,40
S01012514,Level 1,170,133,113,13,7,37
S01012514,Level 2,132,114,96,12,6,18
S01012514,Level 3,117,107,97,8,2,10
S01012514,Level 4 and above,230,213,186,20,7,17
S01012515,All people aged 16 and over,529,281,230,21,30,248
S01012515,No qualifications,215,55,42,8,5,160
S01012515,Level 1,118,82,63,5,14,36
S01012515,Level 2,73,59,45,5,9,14
S01012515,Level 3,43,33,30,2,1,10
S01012515,Level 4 and above,80,52,50,1,1,28
S01012516,All people aged 16 and over,536,298,246,24,28,238
S01012516,No qualifications,177,47,36,3,8,130
S01012516,Level 1,123,78,64,10,4,45
S01012516,Level 2,75,52,44,2,6,23
S01012516,Level 3,50,38,31,3,4,12
S01012516,Level 4 and above,111,83,71,6,6,28
S01012517,All people aged 16 and over,694,455,377,36,42,239
S01012517,No qualifications,206,67,52,5,10,139
S01012517,Level 1,169,122,94,8,20,47
S01012517,Level 2,115,98,86,7,5,17
S01012517,Level 3,75,65,57,4,4,10
S01012517,Level 4 and above,129,103,88,12,3,26
S01012518,All people aged 16 and over,488,288,227,41,20,200
S01012518,No qualifications,95,27,23,4,0,68
S01012518,Level 1,98,59,46,9,4,39
S01012518,Level 2,75,52,37,6,9,23
S01012518,Level 3,49,32,28,4,0,17
S01012518,Level 4 and above,171,118,93,18,7,53
S01012519,All people aged 16 and over,460,261,199,44,18,199
S01012519,No qualifications,118,23,12,6,5,95
S01012519,Level 1,89,60,44,9,7,29
S01012519,Level 2,77,57,46,9,2,20
S01012519,Level 3,53,37,28,7,2,16
S01012519,Level 4 and above,123,84,69,13,2,39
S01012520,All people aged 16 and over,715,386,319,48,19,329
S01012520,No qualifications,169,22,13,8,1,147
S01012520,Level 1,109,62,50,6,6,47
S01012520,Level 2,92,62,49,5,8,30
S01012520,Level 3,68,49,44,4,1,19
S01012520,Level 4 and above,277,191,163,25,3,86
S01012521,All people aged 16 and over,437,264,208,39,17,173
S01012521,No qualifications,85,18,12,4,2,67
S01012521,Level 1,83,53,33,12,8,30
S01012521,Level 2,73,51,41,6,4,22
S01012521,Level 3,50,43,33,7,3,7
S01012521,Level 4 and above,146,99,89,10,0,47
S01012522,All people aged 16 and over,737,425,321,82,22,312
S01012522,No qualifications,131,43,29,11,3,88
S01012522,Level 1,126,68,45,16,7,58
S01012522,Level 2,136,94,74,16,4,42
S01012522,Level 3,82,58,42,15,1,24
S01012522,Level 4 and above,262,162,131,24,7,100
S01012523,All people aged 16 and over,750,452,381,43,28,298
S01012523,No qualifications,145,37,30,3,4,108
S01012523,Level 1,150,94,77,7,10,56
S01012523,Level 2,138,97,78,11,8,41
S01012523,Level 3,106,82,70,8,4,24
S01012523,Level 4 and above,211,142,126,14,2,69
S01012524,All people aged 16 and over,785,402,334,49,19,383
S01012524,No qualifications,203,49,33,12,4,154
S01012524,Level 1,131,67,57,7,3,64
S01012524,Level 2,114,76,60,10,6,38
S01012524,Level 3,106,69,59,6,4,37
S01012524,Level 4 and above,231,141,125,14,2,90
S01012525,All people aged 16 and over,632,399,341,42,16,233
S01012525,No qualifications,125,36,27,8,1,89
S01012525,Level 1,138,95,79,10,6,43
S01012525,Level 2,103,73,63,8,2,30
S01012525,Level 3,80,64,59,4,1,16
S01012525,Level 4 and above,186,131,113,12,6,55
S01012526,All people aged 16 and over,665,369,304,50,15,296
S01012526,No qualifications,102,19,14,5,0,83
S01012526,Level 1,102,58,43,12,3,44
S01012526,Level 2,113,70,62,4,4,43
S01012526,Level 3,77,52,43,7,2,25
S01012526,Level 4 and above,271,170,142,22,6,101
S01012527,All people aged 16 and over,539,295,243,37,15,244
S01012527,No qualifications,164,52,43,6,3,112
S01012527,Level 1,103,61,46,7,8,42
S01012527,Level 2,70,49,36,11,2,21
S01012527,Level 3,58,38,33,4,1,20
S01012527,Level 4 and above,144,95,85,9,1,49
S01012528,All people aged 16 and over,660,430,374,32,24,230
S01012528,No qualifications,242,97,82,7,8,145
S01012528,Level 1,155,116,98,8,10,39
S01012528,Level 2,89,65,57,5,3,24
S01012528,Level 3,66,54,49,4,1,12
S01012528,Level 4 and above,108,98,88,8,2,10
S01012529,All people aged 16 and over,621,372,310,33,29,249
S01012529,No qualifications,182,65,47,6,12,117
S01012529,Level 1,148,93,79,9,5,55
S01012529,Level 2,83,65,58,3,4,18
S01012529,Level 3,68,51,40,6,5,17
S01012529,Level 4 and above,140,98,86,9,3,42
S01012530,All people aged 16 and over,759,412,354,33,25,347
S01012530,No qualifications,171,44,38,4,2,127
S01012530,Level 1,164,96,78,10,8,68
S01012530,Level 2,117,75,65,4,6,42
S01012530,Level 3,97,72,61,6,5,25
S01012530,Level 4 and above,210,125,112,9,4,85
S01012531,All people aged 16 and over,621,408,325,55,28,213
S01012531,No qualifications,139,45,35,5,5,94
S01012531,Level 1,125,86,62,14,10,39
S01012531,Level 2,91,66,52,8,6,25
S01012531,Level 3,89,70,57,9,4,19
S01012531,Level 4 and above,177,141,119,19,3,36
S01012532,All people aged 16 and over,660,409,318,66,25,251
S01012532,No qualifications,191,72,52,17,3,119
S01012532,Level 1,143,88,63,15,10,55
S01012532,Level 2,102,75,61,9,5,27
S01012532,Level 3,76,62,51,8,3,14
S01012532,Level 4 and above,148,112,91,17,4,36
S01012533,All people aged 16 and over,467,291,248,27,16,176
S01012533,No qualifications,118,38,30,4,4,80
S01012533,Level 1,119,82,64,11,7,37
S01012533,Level 2,60,40,34,3,3,20
S01012533,Level 3,54,43,41,2,0,11
S01012533,Level 4 and above,116,88,79,7,2,28
S01012534,All people aged 16 and over,537,285,245,21,19,252
S01012534,No qualifications,185,39,27,7,5,146
S01012534,Level 1,131,87,74,5,8,44
S01012534,Level 2,66,55,51,2,2,11
S01012534,Level 3,53,39,37,1,1,14
S01012534,Level 4 and above,102,65,56,6,3,37
S01012535,All people aged 16 and over,685,440,366,36,38,245
S01012535,No qualifications,253,87,70,10,7,166
S01012535,Level 1,175,132,109,8,15,43
S01012535,Level 2,104,86,71,7,8,18
S01012535,Level 3,74,66,57,4,5,8
S01012535,Level 4 and above,79,69,59,7,3,10
S01012536,All people aged 16 and over,623,400,312,48,40,223
S01012536,No qualifications,211,95,74,9,12,116
S01012536,Level 1,191,144,115,11,18,47
S01012536,Level 2,81,61,44,11,6,20
S01012536,Level 3,56,38,29,9,0,18
S01012536,Level 4 and above,84,62,50,8,4,22
S01012537,All people aged 16 and over,674,391,299,35,57,283
S01012537,No qualifications,282,100,76,12,12,182
S01012537,Level 1,136,108,84,10,14,28
S01012537,Level 2,106,78,60,4,14,28
S01012537,Level 3,79,57,42,4,11,22
S01012537,Level 4 and above,71,48,37,5,6,23
S01012538,All people aged 16 and over,909,526,422,47,57,383
S01012538,No qualifications,341,103,84,6,13,238
S01012538,Level 1,240,167,123,14,30,73
S01012538,Level 2,112,91,70,13,8,21
S01012538,Level 3,84,66,57,3,6,18
S01012538,Level 4 and above,132,99,88,11,0,33
S01012539,All people aged 16 and over,584,367,267,75,25,217
S01012539,No qualifications,182,64,42,16,6,118
S01012539,Level 1,170,121,82,33,6,49
S01012539,Level 2,87,75,59,8,8,12
S01012539,Level 3,56,45,35,9,1,11
S01012539,Level 4 and above,89,62,49,9,4,27
S01012540,All people aged 16 and over,568,332,254,32,46,236
S01012540,No qualifications,227,81,57,9,15,146
S01012540,Level 1,175,122,84,13,25,53
S01012540,Level 2,66,52,45,6,1,14
S01012540,Level 3,54,42,39,1,2,12
S01012540,Level 4 and above,46,35,29,3,3,11
S01012541,All people aged 16 and over,859,598,418,144,36,261
S01012541,No qualifications,272,133,81,40,12,139
S01012541,Level 1,206,151,103,36,12,55
S01012541,Level 2,105,84,61,20,3,21
S01012541,Level 3,91,81,59,18,4,10
S01012541,Level 4 and above,185,149,114,30,5,36
S01012542,All people aged 16 and over,797,421,336,55,30,376
S01012542,No qualifications,245,54,39,7,8,191
S01012542,Level 1,150,90,70,6,14,60
S01012542,Level 2,110,75,58,12,5,35
S01012542,Level 3,71,46,35,11,0,25
S01012542,Level 4 and above,221,156,134,19,3,65
S01012543,All people aged 16 and over,549,376,282,74,20,173
S01012543,No qualifications,102,45,25,18,2,57
S01012543,Level 1,132,101,75,16,10,31
S01012543,Level 2,82,58,43,13,2,24
S01012543,Level 3,60,39,31,7,1,21
S01012543,Level 4 and above,173,133,108,20,5,40
S01012544,All people aged 16 and over,670,397,318,57,22,273
S01012544,No qualifications,182,54,41,9,4,128
S01012544,Level 1,143,97,77,12,8,46
S01012544,Level 2,81,57,48,6,3,24
S01012544,Level 3,85,65,55,7,3,20
S01012544,Level 4 and above,179,124,97,23,4,55
S01012545,All people aged 16 and over,377,239,187,26,26,138
S01012545,No qualifications,136,39,33,2,4,97
S01012545,Level 1,98,79,57,10,12,19
S01012545,Level 2,37,34,26,6,2,3
S01012545,Level 3,37,32,25,3,4,5
S01012545,Level 4 and above,69,55,46,5,4,14
S01012546,All people aged 16 and over,648,419,319,59,41,229
S01012546,No qualifications,162,60,42,10,8,102
S01012546,Level 1,147,101,77,13,11,46
S01012546,Level 2,123,92,70,10,12,31
S01012546,Level 3,80,69,55,8,6,11
S01012546,Level 4 and above,136,97,75,18,4,39
S01012547,All people aged 16 and over,627,322,255,46,21,305
S01012547,No qualifications,141,30,21,5,4,111
S01012547,Level 1,122,74,54,11,9,48
S01012547,Level 2,95,57,48,5,4,38
S01012547,Level 3,69,37,34,2,1,32
S01012547,Level 4 and above,200,124,98,23,3,76
S01012548,All people aged 16 and over,712,397,322,50,25,315
S01012548,No qualifications,171,45,28,10,7,126
S01012548,Level 1,142,86,71,12,3,56
S01012548,Level 2,110,76,60,10,6,34
S01012548,Level 3,70,47,42,2,3,23
S01012548,Level 4 and above,219,143,121,16,6,76
S01012549,All people aged 16 and over,438,275,226,17,32,163
S01012549,No qualifications,143,45,40,0,5,98
S01012549,Level 1,108,81,59,6,16,27
S01012549,Level 2,59,47,42,2,3,12
S01012549,Level 3,61,46,35,4,7,15
S01012549,Level 4 and above,67,56,50,5,1,11
S01012550,All people aged 16 and over,670,418,332,46,40,252
S01012550,No qualifications,174,64,50,8,6,110
S01012550,Level 1,154,99,70,11,18,55
S01012550,Level 2,109,73,60,9,4,36
S01012550,Level 3,74,60,48,6,6,14
S01012550,Level 4 and above,159,122,104,12,6,37
S01012551,All people aged 16 and over,677,467,401,52,14,210
S01012551,No qualifications,115,38,29,7,2,77
S01012551,Level 1,145,97,81,14,2,48
S01012551,Level 2,129,100,90,5,5,29
S01012551,Level 3,86,73,62,10,1,13
S01012551,Level 4 and above,202,159,139,16,4,43
S01012552,All people aged 16 and over,761,482,397,66,19,279
S01012552,No qualifications,108,27,19,8,0,81
S01012552,Level 1,147,85,71,8,6,62
S01012552,Level 2,128,87,67,12,8,41
S01012552,Level 3,100,76,63,12,1,24
S01012552,Level 4 and above,278,207,177,26,4,71
S01012553,All people aged 16 and over,652,487,415,49,23,165
S01012553,No qualifications,78,26,18,7,1,52
S01012553,Level 1,149,106,86,13,7,43
S01012553,Level 2,122,97,85,5,7,25
S01012553,Level 3,89,74,62,8,4,15
S01012553,Level 4 and above,214,184,164,16,4,30
S01012554,All people aged 16 and over,387,247,210,26,11,140
S01012554,No qualifications,67,22,18,3,1,45
S01012554,Level 1,74,46,40,2,4,28
S01012554,Level 2,79,57,49,5,3,22
S01012554,Level 3,49,38,33,3,2,11
S01012554,Level 4 and above,118,84,70,13,1,34
S01012555,All people aged 16 and over,437,286,252,26,8,151
S01012555,No qualifications,58,23,20,3,0,35
S01012555,Level 1,94,59,52,5,2,35
S01012555,Level 2,81,53,46,4,3,28
S01012555,Level 3,59,42,40,1,1,17
S01012555,Level 4 and above,145,109,94,13,2,36
S01012556,All people aged 16 and over,486,294,242,38,14,192
S01012556,No qualifications,58,21,16,2,3,37
S01012556,Level 1,88,42,32,8,2,46
S01012556,Level 2,92,57,43,9,5,35
S01012556,Level 3,57,37,32,4,1,20
S01012556,Level 4 and above,191,137,119,15,3,54
S01012557,All people aged 16 and over,533,288,224,40,24,245
S01012557,No qualifications,80,21,12,6,3,59
S01012557,Level 1,95,59,43,8,8,36
S01012557,Level 2,73,42,38,1,3,31
S01012557,Level 3,63,34,31,1,2,29
S01012557,Level 4 and above,222,132,100,24,8,90
S01012558,All people aged 16 and over,489,314,257,20,37,175
S01012558,No qualifications,136,50,36,6,8,86
S01012558,Level 1,133,97,76,5,16,36
S01012558,Level 2,70,49,43,2,4,21
S01012558,Level 3,52,41,35,4,2,11
S01012558,Level 4 and above,98,77,67,3,7,21
S01012559,All people aged 16 and over,661,335,257,36,42,326
S01012559,No qualifications,231,50,37,5,8,181
S01012559,Level 1,149,89,64,8,17,60
S01012559,Level 2,84,58,46,7,5,26
S01012559,Level 3,88,62,50,6,6,26
S01012559,Level 4 and above,109,76,60,10,6,33
S01012560,All people aged 16 and over,446,230,195,19,16,216
S01012560,No qualifications,150,31,22,4,5,119
S01012560,Level 1,92,58,52,4,2,34
S01012560,Level 2,62,47,41,1,5,15
S01012560,Level 3,48,34,30,2,2,14
S01012560,Level 4 and above,94,60,50,8,2,34
S01012561,All people aged 16 and over,626,341,295,24,22,285
S01012561,No qualifications,180,39,28,4,7,141
S01012561,Level 1,142,89,81,4,4,53
S01012561,Level 2,92,63,54,2,7,29
S01012561,Level 3,65,46,39,5,2,19
S01012561,Level 4 and above,147,104,93,9,2,43
S01012562,All people aged 16 and over,641,377,304,32,41,264
S01012562,No qualifications,174,43,37,2,4,131
S01012562,Level 1,143,95,72,8,15,48
S01012562,Level 2,91,64,52,4,8,27
S01012562,Level 3,90,66,50,7,9,24
S01012562,Level 4 and above,143,109,93,11,5,34
S01012563,All people aged 16 and over,560,260,206,43,11,300
S01012563,No qualifications,77,16,10,6,0,61
S01012563,Level 1,65,22,18,2,2,43
S01012563,Level 2,75,40,32,5,3,35
S01012563,Level 3,59,32,24,7,1,27
S01012563,Level 4 and above,284,150,122,23,5,134
S01012564,All people aged 16 and over,703,371,283,73,15,332
S01012564,No qualifications,134,30,17,13,0,104
S01012564,Level 1,104,61,43,14,4,43
S01012564,Level 2,109,63,47,11,5,46
S01012564,Level 3,70,38,32,5,1,32
S01012564,Level 4 and above,286,179,144,30,5,107
S01012565,All people aged 16 and over,663,331,264,57,10,332
S01012565,No qualifications,132,25,14,10,1,107
S01012565,Level 1,111,46,30,11,5,65
S01012565,Level 2,97,61,55,4,2,36
S01012565,Level 3,59,35,32,3,0,24
S01012565,Level 4 and above,264,164,133,29,2,100
S01012566,All people aged 16 and over,642,379,294,58,27,263
S01012566,No qualifications,144,33,24,8,1,111
S01012566,Level 1,130,93,72,6,15,37
S01012566,Level 2,79,51,40,8,3,28
S01012566,Level 3,77,58,45,9,4,19
S01012566,Level 4 and above,212,144,113,27,4,68
S01012567,All people aged 16 and over,897,525,410,64,51,372
S01012567,No qualifications,224,76,55,13,8,148
S01012567,Level 1,205,119,85,10,24,86
S01012567,Level 2,121,91,68,12,11,30
S01012567,Level 3,106,73,61,9,3,33
S01012567,Level 4 and above,241,166,141,20,5,75
S01012568,All people aged 16 and over,519,252,183,50,19,267
S01012568,No qualifications,67,10,4,4,2,57
S01012568,Level 1,68,24,13,4,7,44
S01012568,Level 2,76,44,30,10,4,32
S01012568,Level 3,41,27,17,9,1,14
S01012568,Level 4 and above,267,147,119,23,5,120
S01012569,All people aged 16 and over,709,339,237,89,13,370
S01012569,No qualifications,133,20,11,8,1,113
S01012569,Level 1,91,40,29,11,0,51
S01012569,Level 2,108,69,48,17,4,39
S01012569,Level 3,46,30,18,10,2,16
S01012569,Level 4 and above,331,180,131,43,6,151
S01012570,All people aged 16 and over,392,254,192,49,13,138
S01012570,No qualifications,121,51,36,11,4,70
S01012570,Level 1,90,64,49,9,6,26
S01012570,Level 2,48,34,24,8,2,14
S01012570,Level 3,45,40,34,6,0,5
S01012570,Level 4 and above,88,65,49,15,1,23
S01012571,All people aged 16 and over,672,440,302,102,36,232
S01012571,No qualifications,211,84,59,15,10,127
S01012571,Level 1,132,103,72,20,11,29
S01012571,Level 2,112,85,58,18,9,27
S01012571,Level 3,65,48,33,12,3,17
S01012571,Level 4 and above,152,120,80,37,3,32
S01012572,All people aged 16 and over,435,287,204,61,22,148
S01012572,No qualifications,135,70,46,19,5,65
S01012572,Level 1,106,70,52,12,6,36
S01012572,Level 2,59,48,40,5,3,11
S01012572,Level 3,38,29,18,9,2,9
S01012572,Level 4 and above,97,70,48,16,6,27
S01012573,All people aged 16 and over,677,453,335,111,7,224
S01012573,No qualifications,164,71,37,32,2,93
S01012573,Level 1,137,100,70,28,2,37
S01012573,Level 2,80,59,41,17,1,21
S01012573,Level 3,64,52,39,12,1,12
S01012573,Level 4 and above,232,171,148,22,1,61
S01012574,All people aged 16 and over,715,469,355,94,20,246
S01012574,No qualifications,152,59,39,18,2,93
S01012574,Level 1,121,87,61,21,5,34
S01012574,Level 2,120,92,65,21,6,28
S01012574,Level 3,71,53,42,8,3,18
S01012574,Level 4 and above,251,178,148,26,4,73
S01012575,All people aged 16 and over,542,356,267,66,23,186
S01012575,No qualifications,109,44,32,8,4,65
S01012575,Level 1,101,76,62,8,6,25
S01012575,Level 2,91,66,46,14,6,25
S01012575,Level 3,61,43,30,10,3,18
S01012575,Level 4 and above,180,127,97,26,4,53
S01012576,All people aged 16 and over,646,400,308,78,14,246
S01012576,No qualifications,135,40,29,11,0,95
S01012576,Level 1,120,74,56,13,5,46
S01012576,Level 2,102,79,63,13,3,23
S01012576,Level 3,59,46,38,5,3,13
S01012576,Level 4 and above,230,161,122,36,3,69
S01012577,All people aged 16 and over,618,425,320,88,17,193
S01012577,No qualifications,177,83,59,19,5,94
S01012577,Level 1,113,82,69,9,4,31
S01012577,Level 2,81,64,39,22,3,17
S01012577,Level 3,57,50,38,12,0,7
S01012577,Level 4 and above,190,146,115,26,5,44
S01012578,All people aged 16 and over,851,438,339,80,19,413
S01012578,No qualifications,282,67,47,14,6,215
S01012578,Level 1,146,91,63,21,7,55
S01012578,Level 2,101,71,60,9,2,30
S01012578,Level 3,68,45,36,8,1,23
S01012578,Level 4 and above,254,164,133,28,3,90
S01012579,All people aged 16 and over,547,369,275,67,27,178
S01012579,No qualifications,115,55,42,9,4,60
S01012579,Level 1,135,97,68,18,11,38
S01012579,Level 2,79,57,40,13,4,22
S01012579,Level 3,55,45,28,12,5,10
S01012579,Level 4 and above,163,115,97,15,3,48
S01012580,All people aged 16 and over,620,442,304,116,22,178
S01012580,No qualifications,122,58,35,19,4,64
S01012580,Level 1,125,90,63,19,8,35
S01012580,Level 2,83,60,33,20,7,23
S01012580,Level 3,56,49,33,14,2,7
S01012580,Level 4 and above,234,185,140,44,1,49
S01012581,All people aged 16 and over,577,381,288,34,59,196
S01012581,No qualifications,212,95,71,6,18,117
S01012581,Level 1,166,130,96,4,30,36
S01012581,Level 2,74,63,48,9,6,11
S01012581,Level 3,56,47,38,7,2,9
S01012581,Level 4 and above,69,46,35,8,3,23
S01012582,All people aged 16 and over,732,523,405,91,27,209
S01012582,No qualifications,133,47,31,13,3,86
S01012582,Level 1,162,123,93,20,10,39
S01012582,Level 2,119,100,74,18,8,19
S01012582,Level 3,79,63,45,16,2,16
S01012582,Level 4 and above,239,190,162,24,4,49
S01012583,All people aged 16 and over,584,388,323,26,39,196
S01012583,No qualifications,185,85,66,8,11,100
S01012583,Level 1,146,107,89,4,14,39
S01012583,Level 2,77,61,50,8,3,16
S01012583,Level 3,62,50,42,3,5,12
S01012583,Level 4 and above,114,85,76,3,6,29
S01012584,All people aged 16 and over,621,394,302,69,23,227
S01012584,No qualifications,163,62,46,13,3,101
S01012584,Level 1,137,101,76,16,9,36
S01012584,Level 2,98,75,55,16,4,23
S01012584,Level 3,53,39,29,5,5,14
S01012584,Level 4 and above,170,117,96,19,2,53
S01012585,All people aged 16 and over,676,435,346,44,45,241
S01012585,No qualifications,247,113,82,14,17,134
S01012585,Level 1,169,131,102,11,18,38
S01012585,Level 2,93,67,54,9,4,26
S01012585,Level 3,58,48,43,2,3,10
S01012585,Level 4 and above,109,76,65,8,3,33
S01012586,All people aged 16 and over,790,480,373,86,21,310
S01012586,No qualifications,222,68,53,12,3,154
S01012586,Level 1,171,105,77,20,8,66
S01012586,Level 2,126,97,76,19,2,29
S01012586,Level 3,84,66,47,14,5,18
S01012586,Level 4 and above,187,144,120,21,3,43
S01012587,All people aged 16 and over,708,485,363,101,21,223
S01012587,No qualifications,162,65,35,25,5,97
S01012587,Level 1,156,111,71,34,6,45
S01012587,Level 2,110,89,69,14,6,21
S01012587,Level 3,79,65,57,6,2,14
S01012587,Level 4 and above,201,155,131,22,2,46
S01012588,All people aged 16 and over,520,354,270,70,14,166
S01012588,No qualifications,127,53,37,15,1,74
S01012588,Level 1,116,84,63,16,5,32
S01012588,Level 2,74,55,39,12,4,19
S01012588,Level 3,60,48,39,8,1,12
S01012588,Level 4 and above,143,114,92,19,3,29
S01012589,All people aged 16 and over,565,364,315,24,25,201
S01012589,No qualifications,203,83,68,6,9,120
S01012589,Level 1,166,128,109,8,11,38
S01012589,Level 2,71,60,54,3,3,11
S01012589,Level 3,39,30,29,1,0,9
S01012589,Level 4 and above,86,63,55,6,2,23
S01012590,All people aged 16 and over,653,392,311,32,49,261
S01012590,No qualifications,243,88,71,7,10,155
S01012590,Level 1,178,130,99,5,26,48
S01012590,Level 2,72,53,39,5,9,19
S01012590,Level 3,58,44,39,4,1,14
S01012590,Level 4 and above,102,77,63,11,3,25
S01012591,All people aged 16 and over,653,312,259,15,38,341
S01012591,No qualifications,345,99,72,4,23,246
S01012591,Level 1,157,103,90,4,9,54
S01012591,Level 2,64,50,43,3,4,14
S01012591,Level 3,39,31,28,2,1,8
S01012591,Level 4 and above,48,29,26,2,1,19
S01012592,All people aged 16 and over,455,311,248,53,10,144
S01012592,No qualifications,94,33,20,11,2,61
S01012592,Level 1,83,59,44,14,1,24
S01012592,Level 2,72,54,42,9,3,18
S01012592,Level 3,55,45,38,4,3,10
S01012592,Level 4 and above,151,120,104,15,1,31
S01012593,All people aged 16 and over,676,494,437,34,23,182
S01012593,No qualifications,111,46,35,5,6,65
S01012593,Level 1,174,127,108,12,7,47
S01012593,Level 2,97,82,72,6,4,15
S01012593,Level 3,81,64,60,2,2,17
S01012593,Level 4 and above,213,175,162,9,4,38
S01012594,All people aged 16 and over,395,224,199,13,12,171
S01012594,No qualifications,112,36,32,1,3,76
S01012594,Level 1,98,62,53,1,8,36
S01012594,Level 2,53,30,27,3,0,23
S01012594,Level 3,40,29,28,1,0,11
S01012594,Level 4 and above,92,67,59,7,1,25
S01012595,All people aged 16 and over,532,323,266,31,26,209
S01012595,No qualifications,187,58,47,7,4,129
S01012595,Level 1,123,95,75,5,15,28
S01012595,Level 2,65,50,44,5,1,15
S01012595,Level 3,56,45,39,4,2,11
S01012595,Level 4 and above,101,75,61,10,4,26
S01012596,All people aged 16 and over,614,385,309,28,48,229
S01012596,No qualifications,263,108,85,6,17,155
S01012596,Level 1,140,109,83,13,13,31
S01012596,Level 2,58,43,34,3,6,15
S01012596,Level 3,59,49,41,3,5,10
S01012596,Level 4 and above,94,76,66,3,7,18
S01012597,All people aged 16 and over,351,276,231,20,25,75
S01012597,No qualifications,64,26,18,3,5,38
S01012597,Level 1,87,75,52,8,15,12
S01012597,Level 2,57,50,42,4,4,7
S01012597,Level 3,44,34,32,1,1,10
S01012597,Level 4 and above,99,91,87,4,0,8
S01012598,All people aged 16 and over,585,401,355,34,12,184
S01012598,No qualifications,96,23,16,5,2,73
S01012598,Level 1,108,76,67,5,4,32
S01012598,Level 2,87,71,60,9,2,16
S01012598,Level 3,73,59,52,6,1,14
S01012598,Level 4 and above,221,172,160,9,3,49
S01012599,All people aged 16 and over,565,335,282,38,15,230
S01012599,No qualifications,144,38,30,5,3,106
S01012599,Level 1,109,77,63,6,8,32
S01012599,Level 2,88,62,55,5,2,26
S01012599,Level 3,61,45,36,8,1,16
S01012599,Level 4 and above,163,113,98,14,1,50
S01012600,All people aged 16 and over,595,425,365,34,26,170
S01012600,No qualifications,90,37,29,4,4,53
S01012600,Level 1,109,75,61,7,7,34
S01012600,Level 2,114,94,82,9,3,20
S01012600,Level 3,76,56,48,4,4,20
S01012600,Level 4 and above,206,163,145,10,8,43
S01012601,All people aged 16 and over,724,538,472,50,16,186
S01012601,No qualifications,108,45,36,7,2,63
S01012601,Level 1,166,114,95,15,4,52
S01012601,Level 2,148,128,113,9,6,20
S01012601,Level 3,84,75,65,8,2,9
S01012601,Level 4 and above,218,176,163,11,2,42
S01012602,All people aged 16 and over,537,271,231,13,27,266
S01012602,No qualifications,206,29,21,0,8,177
S01012602,Level 1,101,68,53,4,11,33
S01012602,Level 2,87,72,67,3,2,15
S01012602,Level 3,40,28,22,4,2,12
S01012602,Level 4 and above,103,74,68,2,4,29
S01012603,All people aged 16 and over,588,338,273,28,37,250
S01012603,No qualifications,232,83,63,9,11,149
S01012603,Level 1,132,94,73,10,11,38
S01012603,Level 2,64,50,42,2,6,14
S01012603,Level 3,69,46,37,3,6,23
S01012603,Level 4 and above,91,65,58,4,3,26
S01012604,All people aged 16 and over,561,336,282,17,37,225
S01012604,No qualifications,173,63,57,3,3,110
S01012604,Level 1,159,108,85,3,20,51
S01012604,Level 2,81,60,51,2,7,21
S01012604,Level 3,49,37,30,3,4,12
S01012604,Level 4 and above,99,68,59,6,3,31
S01012605,All people aged 16 and over,436,228,197,15,16,208
S01012605,No qualifications,146,44,38,2,4,102
S01012605,Level 1,90,62,50,5,7,28
S01012605,Level 2,54,32,28,3,1,22
S01012605,Level 3,40,31,27,2,2,9
S01012605,Level 4 and above,106,59,54,3,2,47
S01012606,All people aged 16 and over,550,499,454,32,13,51
S01012606,No qualifications,28,14,12,2,0,14
S01012606,Level 1,116,100,85,6,9,16
S01012606,Level 2,100,91,84,5,2,9
S01012606,Level 3,82,78,72,4,2,4
S01012606,Level 4 and above,224,216,201,15,0,8
S01012607,All people aged 16 and over,624,420,341,46,33,204
S01012607,No qualifications,154,57,39,11,7,97
S01012607,Level 1,148,116,88,14,14,32
S01012607,Level 2,94,69,56,8,5,25
S01012607,Level 3,65,53,45,5,3,12
S01012607,Level 4 and above,163,125,113,8,4,38
S01012608,All people aged 16 and over,674,435,359,32,44,239
S01012608,No qualifications,237,93,74,6,13,144
S01012608,Level 1,161,122,96,7,19,39
S01012608,Level 2,103,85,72,7,6,18
S01012608,Level 3,55,45,36,5,4,10
S01012608,Level 4 and above,118,90,81,7,2,28
S01012609,All people aged 16 and over,680,405,337,24,44,275
S01012609,No qualifications,267,103,83,8,12,164
S01012609,Level 1,193,134,107,8,19,59
S01012609,Level 2,102,76,65,3,8,26
S01012609,Level 3,47,33,29,3,1,14
S01012609,Level 4 and above,71,59,53,2,4,12
S01012610,All people aged 16 and over,748,438,358,27,53,310
S01012610,No qualifications,251,83,61,6,16,168
S01012610,Level 1,202,135,105,9,21,67
S01012610,Level 2,95,74,61,4,9,21
S01012610,Level 3,74,58,52,2,4,16
S01012610,Level 4 and above,126,88,79,6,3,38
S01012611,All people aged 16 and over,697,435,366,42,27,262
S01012611,No qualifications,169,58,43,12,3,111
S01012611,Level 1,139,87,71,7,9,52
S01012611,Level 2,116,89,75,6,8,27
S01012611,Level 3,85,67,57,8,2,18
S01012611,Level 4 and above,188,134,120,9,5,54
S01012612,All people aged 16 and over,606,338,271,25,42,268
S01012612,No qualifications,187,67,48,8,11,120
S01012612,Level 1,164,95,72,7,16,69
S01012612,Level 2,93,70,59,3,8,23
S01012612,Level 3,57,43,34,5,4,14
S01012612,Level 4 and above,105,63,58,2,3,42
S01012613,All people aged 16 and over,549,365,301,21,43,184
S01012613,No qualifications,139,66,53,5,8,73
S01012613,Level 1,173,131,98,6,27,42
S01012613,Level 2,75,54,47,1,6,21
S01012613,Level 3,52,34,30,4,0,18
S01012613,Level 4 and above,110,80,73,5,2,30
S01012614,All people aged 16 and over,884,539,458,38,43,345
S01012614,No qualifications,223,56,39,8,9,167
S01012614,Level 1,172,117,95,9,13,55
S01012614,Level 2,162,119,101,10,8,43
S01012614,Level 3,98,77,69,4,4,21
S01012614,Level 4 and above,229,170,154,7,9,59
S01012615,All people aged 16 and over,572,357,266,68,23,215
S01012615,No qualifications,130,46,31,10,5,84
S01012615,Level 1,116,71,53,13,5,45
S01012615,Level 2,89,68,52,5,11,21
S01012615,Level 3,56,43,32,11,0,13
S01012615,Level 4 and above,181,129,98,29,2,52
S01012616,All people aged 16 and over,789,481,364,90,27,308
S01012616,No qualifications,214,75,51,22,2,139
S01012616,Level 1,146,106,82,19,5,40
S01012616,Level 2,121,75,59,10,6,46
S01012616,Level 3,82,61,44,12,5,21
S01012616,Level 4 and above,226,164,128,27,9,62
S01012617,All people aged 16 and over,354,236,185,43,8,118
S01012617,No qualifications,80,21,10,11,0,59
S01012617,Level 1,67,47,37,7,3,20
S01012617,Level 2,57,50,41,7,2,7
S01012617,Level 3,47,38,30,7,1,9
S01012617,Level 4 and above,103,80,67,11,2,23
S01012618,All people aged 16 and over,443,311,253,39,19,132
S01012618,No qualifications,103,52,43,4,5,51
S01012618,Level 1,115,79,64,9,6,36
S01012618,Level 2,64,50,41,4,5,14
S01012618,Level 3,36,27,23,2,2,9
S01012618,Level 4 and above,125,103,82,20,1,22
S01012619,All people aged 16 and over,490,257,199,26,32,233
S01012619,No qualifications,184,50,34,7,9,134
S01012619,Level 1,94,59,43,6,10,35
S01012619,Level 2,67,44,34,3,7,23
S01012619,Level 3,52,39,33,2,4,13
S01012619,Level 4 and above,93,65,55,8,2,28
S01012620,All people aged 16 and over,646,388,310,62,16,258
S01012620,No qualifications,122,36,25,10,1,86
S01012620,Level 1,94,56,43,8,5,38
S01012620,Level 2,117,84,72,7,5,33
S01012620,Level 3,62,42,29,11,2,20
S01012620,Level 4 and above,251,170,141,26,3,81
S01012621,All people aged 16 and over,512,277,225,33,19,235
S01012621,No qualifications,130,23,16,3,4,107
S01012621,Level 1,78,46,37,6,3,32
S01012621,Level 2,82,59,46,7,6,23
S01012621,Level 3,46,39,35,2,2,7
S01012621,Level 4 and above,176,110,91,15,4,66
S01012622,All people aged 16 and over,600,376,304,41,31,224
S01012622,No qualifications,177,57,35,13,9,120
S01012622,Level 1,140,105,85,11,9,35
S01012622,Level 2,83,61,53,0,8,22
S01012622,Level 3,73,61,51,6,4,12
S01012622,Level 4 and above,127,92,80,11,1,35
S01012623,All people aged 16 and over,555,324,274,27,23,231
S01012623,No qualifications,206,77,62,8,7,129
S01012623,Level 1,122,80,67,7,6,42
S01012623,Level 2,86,66,56,5,5,20
S01012623,Level 3,44,33,29,2,2,11
S01012623,Level 4 and above,97,68,60,5,3,29
S01012624,All people aged 16 and over,588,367,302,30,35,221
S01012624,No qualifications,205,65,50,7,8,140
S01012624,Level 1,154,113,87,12,14,41
S01012624,Level 2,68,56,46,3,7,12
S01012624,Level 3,66,58,48,7,3,8
S01012624,Level 4 and above,95,75,71,1,3,20
S01012625,All people aged 16 and over,455,286,238,21,27,169
S01012625,No qualifications,179,60,44,5,11,119
S01012625,Level 1,98,77,64,4,9,21
S01012625,Level 2,69,54,44,5,5,15
S01012625,Level 3,40,38,32,5,1,2
S01012625,Level 4 and above,69,57,54,2,1,12
S01012626,All people aged 16 and over,412,267,226,24,17,145
S01012626,No qualifications,81,39,32,6,1,42
S01012626,Level 1,96,56,46,5,5,40
S01012626,Level 2,66,56,50,3,3,10
S01012626,Level 3,41,33,28,0,5,8
S01012626,Level 4 and above,128,83,70,10,3,45
S01012627,All people aged 16 and over,431,277,208,30,39,154
S01012627,No qualifications,111,48,33,4,11,63
S01012627,Level 1,91,64,47,5,12,27
S01012627,Level 2,70,52,44,4,4,18
S01012627,Level 3,44,33,21,5,7,11
S01012627,Level 4 and above,115,80,63,12,5,35
S01012628,All people aged 16 and over,795,510,417,69,24,285
S01012628,No qualifications,171,41,32,5,4,130
S01012628,Level 1,128,96,78,11,7,32
S01012628,Level 2,126,89,71,12,6,37
S01012628,Level 3,69,57,43,12,2,12
S01012628,Level 4 and above,301,227,193,29,5,74
S01012629,All people aged 16 and over,401,268,215,39,14,133
S01012629,No qualifications,73,19,11,6,2,54
S01012629,Level 1,60,31,25,2,4,29
S01012629,Level 2,55,42,30,7,5,13
S01012629,Level 3,38,30,25,4,1,8
S01012629,Level 4 and above,175,146,124,20,2,29
S01012630,All people aged 16 and over,769,402,307,56,39,367
S01012630,No qualifications,239,55,35,10,10,184
S01012630,Level 1,160,92,72,11,9,68
S01012630,Level 2,105,75,61,7,7,30
S01012630,Level 3,72,55,42,7,6,17
S01012630,Level 4 and above,193,125,97,21,7,68
S01012631,All people aged 16 and over,727,484,393,34,57,243
S01012631,No qualifications,231,85,58,10,17,146
S01012631,Level 1,190,140,108,12,20,50
S01012631,Level 2,117,102,83,5,14,15
S01012631,Level 3,67,60,53,2,5,7
S01012631,Level 4 and above,122,97,91,5,1,25
S01012632,All people aged 16 and over,590,394,284,97,13,196
S01012632,No qualifications,148,71,39,29,3,77
S01012632,Level 1,135,87,59,24,4,48
S01012632,Level 2,93,70,49,17,4,23
S01012632,Level 3,69,56,45,11,0,13
S01012632,Level 4 and above,145,110,92,16,2,35
S01012633,All people aged 16 and over,568,365,243,96,26,203
S01012633,No qualifications,128,47,23,21,3,81
S01012633,Level 1,114,80,51,19,10,34
S01012633,Level 2,92,68,50,13,5,24
S01012633,Level 3,74,59,35,19,5,15
S01012633,Level 4 and above,160,111,84,24,3,49
S01012634,All people aged 16 and over,574,332,257,42,33,242
S01012634,No qualifications,223,86,56,16,14,137
S01012634,Level 1,148,103,81,11,11,45
S01012634,Level 2,80,58,50,6,2,22
S01012634,Level 3,35,28,22,4,2,7
S01012634,Level 4 and above,88,57,48,5,4,31
S01012635,All people aged 16 and over,878,573,453,85,35,305
S01012635,No qualifications,199,69,48,14,7,130
S01012635,Level 1,193,134,103,20,11,59
S01012635,Level 2,130,105,88,10,7,25
S01012635,Level 3,87,76,61,11,4,11
S01012635,Level 4 and above,269,189,153,30,6,80
S01012636,All people aged 16 and over,502,358,262,86,10,144
S01012636,No qualifications,124,56,41,15,0,68
S01012636,Level 1,116,92,73,11,8,24
S01012636,Level 2,69,54,40,14,0,15
S01012636,Level 3,46,39,25,14,0,7
S01012636,Level 4 and above,147,117,83,32,2,30
S01012637,All people aged 16 and over,664,392,318,22,52,272
S01012637,No qualifications,285,113,81,12,20,172
S01012637,Level 1,192,139,111,6,22,53
S01012637,Level 2,71,53,47,1,5,18
S01012637,Level 3,49,41,37,0,4,8
S01012637,Level 4 and above,67,46,42,3,1,21
S01012638,All people aged 16 and over,723,413,329,46,38,310
S01012638,No qualifications,298,91,66,12,13,207
S01012638,Level 1,179,133,106,13,14,46
S01012638,Level 2,93,72,58,9,5,21
S01012638,Level 3,37,30,27,2,1,7
S01012638,Level 4 and above,116,87,72,10,5,29
S01012639,All people aged 16 and over,683,427,345,41,41,256
S01012639,No qualifications,280,102,74,18,10,178
S01012639,Level 1,186,151,121,7,23,35
S01012639,Level 2,89,73,65,5,3,16
S01012639,Level 3,59,47,42,2,3,12
S01012639,Level 4 and above,69,54,43,9,2,15
S01012640,All people aged 16 and over,775,427,279,53,95,348
S01012640,No qualifications,339,129,73,14,42,210
S01012640,Level 1,219,152,93,19,40,67
S01012640,Level 2,85,60,42,7,11,25
S01012640,Level 3,63,42,35,6,1,21
S01012640,Level 4 and above,69,44,36,7,1,25
S01012641,All people aged 16 and over,944,460,364,44,52,484
S01012641,No qualifications,388,102,78,6,18,286
S01012641,Level 1,214,157,115,23,19,57
S01012641,Level 2,102,73,62,6,5,29
S01012641,Level 3,67,46,37,3,6,21
S01012641,Level 4 and above,173,82,72,6,4,91
S01012642,All people aged 16 and over,653,361,277,19,65,292
S01012642,No qualifications,297,104,71,8,25,193
S01012642,Level 1,207,150,115,7,28,57
S01012642,Level 2,65,49,37,2,10,16
S01012642,Level 3,32,21,20,0,1,11
S01012642,Level 4 and above,52,37,34,2,1,15
S01012643,All people aged 16 and over,375,229,190,14,25,146
S01012643,No qualifications,153,57,47,2,8,96
S01012643,Level 1,105,80,69,3,8,25
S01012643,Level 2,49,42,28,6,8,7
S01012643,Level 3,32,25,22,2,1,7
S01012643,Level 4 and above,36,25,24,1,0,11
S01012644,All people aged 16 and over,536,322,267,25,30,214
S01012644,No qualifications,211,70,56,5,9,141
S01012644,Level 1,142,103,87,5,11,39
S01012644,Level 2,60,48,40,3,5,12
S01012644,Level 3,46,40,30,6,4,6
S01012644,Level 4 and above,77,61,54,6,1,16
S01012645,All people aged 16 and over,684,414,326,58,30,270
S01012645,No qualifications,246,78,51,17,10,168
S01012645,Level 1,156,113,82,19,12,43
S01012645,Level 2,70,51,41,5,5,19
S01012645,Level 3,61,51,46,3,2,10
S01012645,Level 4 and above,151,121,106,14,1,30
S01012646,All people aged 16 and over,764,517,428,70,19,247
S01012646,No qualifications,187,71,51,15,5,116
S01012646,Level 1,211,152,123,21,8,59
S01012646,Level 2,111,86,72,10,4,25
S01012646,Level 3,85,68,61,7,0,17
S01012646,Level 4 and above,170,140,121,17,2,30
S01012647,All people aged 16 and over,529,444,390,32,22,85
S01012647,No qualifications,62,34,29,3,2,28
S01012647,Level 1,115,96,73,12,11,19
S01012647,Level 2,94,79,71,4,4,15
S01012647,Level 3,78,73,65,8,0,5
S01012647,Level 4 and above,180,162,152,5,5,18
S01012648,All people aged 16 and over,438,265,215,17,33,173
S01012648,No qualifications,174,67,48,8,11,107
S01012648,Level 1,139,100,79,3,18,39
S01012648,Level 2,50,38,31,3,4,12
S01012648,Level 3,31,25,24,1,0,6
S01012648,Level 4 and above,44,35,33,2,0,9
S01012649,All people aged 16 and over,550,340,274,34,32,210
S01012649,No qualifications,195,72,54,9,9,123
S01012649,Level 1,121,90,67,12,11,31
S01012649,Level 2,68,52,42,6,4,16
S01012649,Level 3,51,41,36,3,2,10
S01012649,Level 4 and above,115,85,75,4,6,30
S01012650,All people aged 16 and over,497,320,259,44,17,177
S01012650,No qualifications,134,43,31,9,3,91
S01012650,Level 1,126,97,80,8,9,29
S01012650,Level 2,64,48,34,13,1,16
S01012650,Level 3,57,45,39,4,2,12
S01012650,Level 4 and above,116,87,75,10,2,29
S01012651,All people aged 16 and over,523,308,251,13,44,215
S01012651,No qualifications,261,104,84,3,17,157
S01012651,Level 1,130,105,81,6,18,25
S01012651,Level 2,39,27,22,1,4,12
S01012651,Level 3,43,32,29,0,3,11
S01012651,Level 4 and above,50,40,35,3,2,10
S01012652,All people aged 16 and over,883,615,522,55,38,268
S01012652,No qualifications,176,75,60,10,5,101
S01012652,Level 1,173,132,109,14,9,41
S01012652,Level 2,178,140,118,11,11,38
S01012652,Level 3,127,103,92,5,6,24
S01012652,Level 4 and above,229,165,143,15,7,64
S01012653,All people aged 16 and over,704,469,354,55,60,235
S01012653,No qualifications,269,122,82,15,25,147
S01012653,Level 1,181,144,102,16,26,37
S01012653,Level 2,93,75,63,7,5,18
S01012653,Level 3,58,49,41,6,2,9
S01012653,Level 4 and above,103,79,66,11,2,24
S01012654,All people aged 16 and over,614,434,334,73,27,180
S01012654,No qualifications,139,71,46,16,9,68
S01012654,Level 1,131,97,75,14,8,34
S01012654,Level 2,105,76,59,12,5,29
S01012654,Level 3,70,57,45,12,0,13
S01012654,Level 4 and above,169,133,109,19,5,36
S01012655,All people aged 16 and over,964,541,431,65,45,423
S01012655,No qualifications,414,124,86,16,22,290
S01012655,Level 1,234,171,135,25,11,63
S01012655,Level 2,112,97,87,5,5,15
S01012655,Level 3,75,56,45,6,5,19
S01012655,Level 4 and above,129,93,78,13,2,36
S01012656,All people aged 16 and over,673,386,316,30,40,287
S01012656,No qualifications,263,77,58,10,9,186
S01012656,Level 1,174,131,106,11,14,43
S01012656,Level 2,68,54,48,2,4,14
S01012656,Level 3,85,69,58,2,9,16
S01012656,Level 4 and above,83,55,46,5,4,28
S01012657,All people aged 16 and over,455,252,219,17,16,203
S01012657,No qualifications,185,54,43,4,7,131
S01012657,Level 1,114,77,66,6,5,37
S01012657,Level 2,53,38,31,3,4,15
S01012657,Level 3,49,40,39,1,0,9
S01012657,Level 4 and above,54,43,40,3,0,11
S01012658,All people aged 16 and over,818,508,432,55,21,310
S01012658,No qualifications,229,67,52,13,2,162
S01012658,Level 1,194,135,115,14,6,59
S01012658,Level 2,134,97,80,13,4,37
S01012658,Level 3,99,76,65,6,5,23
S01012658,Level 4 and above,162,133,120,9,4,29
S01012659,All people aged 16 and over,771,611,539,54,18,160
S01012659,No qualifications,122,58,45,10,3,64
S01012659,Level 1,164,130,115,9,6,34
S01012659,Level 2,151,120,110,7,3,31
S01012659,Level 3,88,79,70,8,1,9
S01012659,Level 4 and above,246,224,199,20,5,22
S01012660,All people aged 16 and over,591,356,299,32,25,235
S01012660,No qualifications,211,60,46,3,11,151
S01012660,Level 1,127,105,89,10,6,22
S01012660,Level 2,74,49,42,5,2,25
S01012660,Level 3,65,53,49,3,1,12
S01012660,Level 4 and above,114,89,73,11,5,25
S01012661,All people aged 16 and over,645,435,351,59,25,210
S01012661,No qualifications,168,59,46,8,5,109
S01012661,Level 1,153,109,79,18,12,44
S01012661,Level 2,112,98,83,12,3,14
S01012661,Level 3,74,60,53,6,1,14
S01012661,Level 4 and above,138,109,90,15,4,29
S01012662,All people aged 16 and over,633,346,281,31,34,287
S01012662,No qualifications,246,76,59,8,9,170
S01012662,Level 1,164,102,77,9,16,62
S01012662,Level 2,90,68,54,9,5,22
S01012662,Level 3,59,48,41,5,2,11
S01012662,Level 4 and above,74,52,50,0,2,22
S01012663,All people aged 16 and over,597,360,295,43,22,237
S01012663,No qualifications,184,65,49,10,6,119
S01012663,Level 1,129,98,77,10,11,31
S01012663,Level 2,96,66,54,9,3,30
S01012663,Level 3,75,60,55,5,0,15
S01012663,Level 4 and above,113,71,60,9,2,42
S01012664,All people aged 16 and over,815,519,404,71,44,296
S01012664,No qualifications,304,98,79,13,6,206
S01012664,Level 1,161,125,86,18,21,36
S01012664,Level 2,119,101,81,17,3,18
S01012664,Level 3,89,84,67,8,9,5
S01012664,Level 4 and above,142,111,91,15,5,31
S01012665,All people aged 16 and over,565,309,237,26,46,256
S01012665,No qualifications,270,85,61,5,19,185
S01012665,Level 1,132,102,76,9,17,30
S01012665,Level 2,74,56,46,4,6,18
S01012665,Level 3,37,29,22,6,1,8
S01012665,Level 4 and above,52,37,32,2,3,15
S01012666,All people aged 16 and over,553,295,227,26,42,258
S01012666,No qualifications,279,92,66,6,20,187
S01012666,Level 1,136,91,68,6,17,45
S01012666,Level 2,51,43,35,6,2,8
S01012666,Level 3,42,33,30,1,2,9
S01012666,Level 4 and above,45,36,28,7,1,9
S01012667,All people aged 16 and over,482,268,197,26,45,214
S01012667,No qualifications,201,68,48,7,13,133
S01012667,Level 1,150,98,65,5,28,52
S01012667,Level 2,61,47,40,6,1,14
S01012667,Level 3,28,22,18,3,1,6
S01012667,Level 4 and above,42,33,26,5,2,9
S01012668,All people aged 16 and over,597,368,281,35,52,229
S01012668,No qualifications,239,92,58,14,20,147
S01012668,Level 1,167,118,93,8,17,49
S01012668,Level 2,79,65,56,3,6,14
S01012668,Level 3,50,45,37,2,6,5
S01012668,Level 4 and above,62,48,37,8,3,14
S01012669,All people aged 16 and over,618,379,353,11,15,239
S01012669,No qualifications,140,44,38,4,2,96
S01012669,Level 1,131,93,86,3,4,38
S01012669,Level 2,120,83,80,0,3,37
S01012669,Level 3,86,62,56,2,4,24
S01012669,Level 4 and above,141,97,93,2,2,44
S01012670,All people aged 16 and over,613,355,309,35,11,258
S01012670,No qualifications,140,31,26,5,0,109
S01012670,Level 1,144,99,79,13,7,45
S01012670,Level 2,114,80,73,6,1,34
S01012670,Level 3,57,43,40,2,1,14
S01012670,Level 4 and above,158,102,91,9,2,56
S01012671,All people aged 16 and over,762,475,397,43,35,287
S01012671,No qualifications,376,168,141,12,15,208
S01012671,Level 1,167,135,119,10,6,32
S01012671,Level 2,90,67,53,9,5,23
S01012671,Level 3,61,47,39,2,6,14
S01012671,Level 4 and above,68,58,45,10,3,10
S01012672,All people aged 16 and over,588,292,227,20,45,296
S01012672,No qualifications,302,93,72,5,16,209
S01012672,Level 1,157,110,87,6,17,47
S01012672,Level 2,47,30,20,4,6,17
S01012672,Level 3,30,23,19,1,3,7
S01012672,Level 4 and above,52,36,29,4,3,16
S01012673,All people aged 16 and over,478,287,235,13,39,191
S01012673,No qualifications,222,97,75,6,16,125
S01012673,Level 1,131,92,70,5,17,39
S01012673,Level 2,54,40,36,2,2,14
S01012673,Level 3,37,32,29,0,3,5
S01012673,Level 4 and above,34,26,25,0,1,8
S01012674,All people aged 16 and over,441,253,179,12,62,188
S01012674,No qualifications,209,79,50,3,26,130
S01012674,Level 1,115,85,55,4,26,30
S01012674,Level 2,53,45,37,2,6,8
S01012674,Level 3,26,16,12,2,2,10
S01012674,Level 4 and above,38,28,25,1,2,10
S01012675,All people aged 16 and over,641,381,299,32,50,260
S01012675,No qualifications,285,99,72,12,15,186
S01012675,Level 1,184,140,101,11,28,44
S01012675,Level 2,64,52,48,0,4,12
S01012675,Level 3,38,31,28,2,1,7
S01012675,Level 4 and above,70,59,50,7,2,11
S01012676,All people aged 16 and over,634,448,358,37,53,186
S01012676,No qualifications,193,97,73,8,16,96
S01012676,Level 1,196,152,118,11,23,44
S01012676,Level 2,97,76,64,5,7,21
S01012676,Level 3,62,48,39,6,3,14
S01012676,Level 4 and above,86,75,64,7,4,11
S01012677,All people aged 16 and over,476,280,220,24,36,196
S01012677,No qualifications,203,73,60,5,8,130
S01012677,Level 1,126,103,74,9,20,23
S01012677,Level 2,56,40,35,3,2,16
S01012677,Level 3,39,31,23,5,3,8
S01012677,Level 4 and above,52,33,28,2,3,19
S01012678,All people aged 16 and over,575,440,376,40,24,135
S01012678,No qualifications,119,59,44,8,7,60
S01012678,Level 1,153,123,105,10,8,30
S01012678,Level 2,108,94,78,10,6,14
S01012678,Level 3,62,53,49,4,0,9
S01012678,Level 4 and above,133,111,100,8,3,22
S01012679,All people aged 16 and over,668,395,330,42,23,273
S01012679,No qualifications,211,58,42,9,7,153
S01012679,Level 1,173,125,102,12,11,48
S01012679,Level 2,90,63,55,6,2,27
S01012679,Level 3,70,54,48,5,1,16
S01012679,Level 4 and above,124,95,83,10,2,29
S01012680,All people aged 16 and over,437,320,278,32,10,117
S01012680,No qualifications,99,40,33,5,2,59
S01012680,Level 1,101,75,58,12,5,26
S01012680,Level 2,60,53,45,6,2,7
S01012680,Level 3,52,44,40,3,1,8
S01012680,Level 4 and above,125,108,102,6,0,17
S01012681,All people aged 16 and over,568,366,271,61,34,202
S01012681,No qualifications,170,65,36,18,11,105
S01012681,Level 1,136,90,65,14,11,46
S01012681,Level 2,94,73,53,13,7,21
S01012681,Level 3,57,49,35,11,3,8
S01012681,Level 4 and above,111,89,82,5,2,22
S01012682,All people aged 16 and over,665,353,291,46,16,312
S01012682,No qualifications,248,51,42,6,3,197
S01012682,Level 1,128,90,76,12,2,38
S01012682,Level 2,82,60,53,5,2,22
S01012682,Level 3,61,46,36,7,3,15
S01012682,Level 4 and above,146,106,84,16,6,40
S01012683,All people aged 16 and over,604,415,327,29,59,189
S01012683,No qualifications,179,72,56,6,10,107
S01012683,Level 1,176,137,94,11,32,39
S01012683,Level 2,82,68,53,6,9,14
S01012683,Level 3,64,59,52,2,5,5
S01012683,Level 4 and above,103,79,72,4,3,24
S01012684,All people aged 16 and over,441,284,233,37,14,157
S01012684,No qualifications,121,36,24,10,2,85
S01012684,Level 1,93,68,50,12,6,25
S01012684,Level 2,51,38,28,7,3,13
S01012684,Level 3,62,53,49,4,0,9
S01012684,Level 4 and above,114,89,82,4,3,25
S01012685,All people aged 16 and over,623,415,333,38,44,208
S01012685,No qualifications,218,96,76,10,10,122
S01012685,Level 1,155,115,89,10,16,40
S01012685,Level 2,85,70,58,3,9,15
S01012685,Level 3,64,53,44,5,4,11
S01012685,Level 4 and above,101,81,66,10,5,20
S01012686,All people aged 16 and over,794,529,419,82,28,265
S01012686,No qualifications,138,34,20,11,3,104
S01012686,Level 1,133,95,70,14,11,38
S01012686,Level 2,137,100,76,14,10,37
S01012686,Level 3,90,76,62,12,2,14
S01012686,Level 4 and above,296,224,191,31,2,72
S01012687,All people aged 16 and over,456,218,167,45,6,238
S01012687,No qualifications,73,16,10,6,0,57
S01012687,Level 1,56,32,26,5,1,24
S01012687,Level 2,79,44,32,10,2,35
S01012687,Level 3,42,22,17,4,1,20
S01012687,Level 4 and above,206,104,82,20,2,102
S01012688,All people aged 16 and over,692,408,328,46,34,284
S01012688,No qualifications,164,40,29,5,6,124
S01012688,Level 1,132,81,62,6,13,51
S01012688,Level 2,90,56,45,4,7,34
S01012688,Level 3,77,62,50,10,2,15
S01012688,Level 4 and above,229,169,142,21,6,60
S01012689,All people aged 16 and over,392,243,195,39,9,149
S01012689,No qualifications,57,22,16,5,1,35
S01012689,Level 1,62,40,31,8,1,22
S01012689,Level 2,63,42,35,4,3,21
S01012689,Level 3,48,33,28,2,3,15
S01012689,Level 4 and above,162,106,85,20,1,56
S01012690,All people aged 16 and over,424,277,234,32,11,147
S01012690,No qualifications,84,29,22,7,0,55
S01012690,Level 1,82,52,46,3,3,30
S01012690,Level 2,71,53,42,7,4,18
S01012690,Level 3,53,43,36,6,1,10
S01012690,Level 4 and above,134,100,88,9,3,34
S01012691,All people aged 16 and over,595,389,312,49,28,206
S01012691,No qualifications,63,17,7,3,7,46
S01012691,Level 1,95,56,45,5,6,39
S01012691,Level 2,100,71,56,8,7,29
S01012691,Level 3,47,33,28,5,0,14
S01012691,Level 4 and above,290,212,176,28,8,78
S01012692,All people aged 16 and over,625,357,296,43,18,268
S01012692,No qualifications,178,38,31,3,4,140
S01012692,Level 1,115,80,61,13,6,35
S01012692,Level 2,95,70,54,11,5,25
S01012692,Level 3,61,46,40,6,0,15
S01012692,Level 4 and above,176,123,110,10,3,53
S01012693,All people aged 16 and over,701,498,405,68,25,203
S01012693,No qualifications,69,21,11,5,5,48
S01012693,Level 1,107,72,58,9,5,35
S01012693,Level 2,121,93,78,6,9,28
S01012693,Level 3,91,70,56,12,2,21
S01012693,Level 4 and above,313,242,202,36,4,71
S01012694,All people aged 16 and over,363,238,210,20,8,125
S01012694,No qualifications,113,33,27,5,1,80
S01012694,Level 1,74,59,50,3,6,15
S01012694,Level 2,51,39,37,2,0,12
S01012694,Level 3,42,38,32,6,0,4
S01012694,Level 4 and above,83,69,64,4,1,14
S01012695,All people aged 16 and over,651,445,301,119,25,206
S01012695,No qualifications,186,92,49,40,3,94
S01012695,Level 1,148,106,74,23,9,42
S01012695,Level 2,88,64,47,13,4,24
S01012695,Level 3,69,56,43,11,2,13
S01012695,Level 4 and above,160,127,88,32,7,33
S01012696,All people aged 16 and over,734,440,294,127,19,294
S01012696,No qualifications,184,74,30,42,2,110
S01012696,Level 1,148,90,60,28,2,58
S01012696,Level 2,102,69,52,11,6,33
S01012696,Level 3,66,43,23,17,3,23
S01012696,Level 4 and above,234,164,129,29,6,70
S01012697,All people aged 16 and over,405,269,189,76,4,136
S01012697,No qualifications,90,41,23,18,0,49
S01012697,Level 1,66,47,27,18,2,19
S01012697,Level 2,66,36,26,9,1,30
S01012697,Level 3,35,30,23,7,0,5
S01012697,Level 4 and above,148,115,90,24,1,33
S01012698,All people aged 16 and over,653,425,320,83,22,228
S01012698,No qualifications,124,55,32,19,4,69
S01012698,Level 1,144,97,69,19,9,47
S01012698,Level 2,119,82,64,15,3,37
S01012698,Level 3,81,60,44,14,2,21
S01012698,Level 4 and above,185,131,111,16,4,54
S01012699,All people aged 16 and over,847,581,424,127,30,266
S01012699,No qualifications,222,89,51,31,7,133
S01012699,Level 1,167,125,83,30,12,42
S01012699,Level 2,129,96,73,19,4,33
S01012699,Level 3,78,69,54,10,5,9
S01012699,Level 4 and above,251,202,163,37,2,49
S01012700,All people aged 16 and over,671,428,331,73,24,243
S01012700,No qualifications,152,49,29,15,5,103
S01012700,Level 1,162,114,89,17,8,48
S01012700,Level 2,105,77,56,14,7,28
S01012700,Level 3,70,50,40,8,2,20
S01012700,Level 4 and above,182,138,117,19,2,44
S01012701,All people aged 16 and over,467,277,232,34,11,190
S01012701,No qualifications,109,37,26,9,2,72
S01012701,Level 1,88,60,53,6,1,28
S01012701,Level 2,76,49,35,9,5,27
S01012701,Level 3,46,29,25,3,1,17
S01012701,Level 4 and above,148,102,93,7,2,46
S01012702,All people aged 16 and over,483,340,274,43,23,143
S01012702,No qualifications,108,34,22,10,2,74
S01012702,Level 1,90,71,52,10,9,19
S01012702,Level 2,54,42,34,3,5,12
S01012702,Level 3,52,44,36,6,2,8
S01012702,Level 4 and above,179,149,130,14,5,30
S01012703,All people aged 16 and over,464,382,327,34,21,82
S01012703,No qualifications,98,55,43,10,2,43
S01012703,Level 1,106,90,70,11,9,16
S01012703,Level 2,83,77,72,1,4,6
S01012703,Level 3,69,64,59,3,2,5
S01012703,Level 4 and above,108,96,83,9,4,12
S01012704,All people aged 16 and over,597,391,309,30,52,206
S01012704,No qualifications,247,111,83,8,20,136
S01012704,Level 1,171,129,102,11,16,42
S01012704,Level 2,72,58,43,5,10,14
S01012704,Level 3,49,45,37,4,4,4
S01012704,Level 4 and above,58,48,44,2,2,10
S01012705,All people aged 16 and over,584,470,412,47,11,114
S01012705,No qualifications,74,42,30,11,1,32
S01012705,Level 1,150,117,94,16,7,33
S01012705,Level 2,119,94,88,4,2,25
S01012705,Level 3,63,58,50,8,0,5
S01012705,Level 4 and above,178,159,150,8,1,19
S01012706,All people aged 16 and over,557,349,284,25,40,208
S01012706,No qualifications,247,106,83,8,15,141
S01012706,Level 1,144,118,94,7,17,26
S01012706,Level 2,65,45,39,2,4,20
S01012706,Level 3,34,25,22,2,1,9
S01012706,Level 4 and above,67,55,46,6,3,12
S01012707,All people aged 16 and over,728,531,458,57,16,197
S01012707,No qualifications,98,39,29,7,3,59
S01012707,Level 1,134,99,77,20,2,35
S01012707,Level 2,140,113,100,7,6,27
S01012707,Level 3,93,73,66,7,0,20
S01012707,Level 4 and above,263,207,186,16,5,56
S01012708,All people aged 16 and over,595,354,275,25,54,241
S01012708,No qualifications,255,90,63,7,20,165
S01012708,Level 1,144,103,71,7,25,41
S01012708,Level 2,72,54,45,4,5,18
S01012708,Level 3,47,40,36,2,2,7
S01012708,Level 4 and above,77,67,60,5,2,10
S01012709,All people aged 16 and over,430,238,202,15,21,192
S01012709,No qualifications,146,44,33,4,7,102
S01012709,Level 1,104,73,61,4,8,31
S01012709,Level 2,49,28,24,1,3,21
S01012709,Level 3,50,37,33,2,2,13
S01012709,Level 4 and above,81,56,51,4,1,25
S01012710,All people aged 16 and over,605,367,305,33,29,238
S01012710,No qualifications,235,83,53,17,13,152
S01012710,Level 1,127,90,81,4,5,37
S01012710,Level 2,87,62,52,4,6,25
S01012710,Level 3,58,51,45,3,3,7
S01012710,Level 4 and above,98,81,74,5,2,17
S01012711,All people aged 16 and over,716,396,308,25,63,320
S01012711,No qualifications,326,99,71,8,20,227
S01012711,Level 1,150,104,80,5,19,46
S01012711,Level 2,72,58,48,2,8,14
S01012711,Level 3,50,39,28,3,8,11
S01012711,Level 4 and above,118,96,81,7,8,22
S01012712,All people aged 16 and over,695,394,328,39,27,301
S01012712,No qualifications,123,27,21,3,3,96
S01012712,Level 1,119,63,47,7,9,56
S01012712,Level 2,117,77,61,7,9,40
S01012712,Level 3,84,58,49,8,1,26
S01012712,Level 4 and above,252,169,150,14,5,83
S01012713,All people aged 16 and over,614,347,294,36,17,267
S01012713,No qualifications,140,32,18,12,2,108
S01012713,Level 1,111,63,49,8,6,48
S01012713,Level 2,91,66,61,3,2,25
S01012713,Level 3,77,58,51,5,2,19
S01012713,Level 4 and above,195,128,115,8,5,67
S01012714,All people aged 16 and over,516,278,235,33,10,238
S01012714,No qualifications,81,28,22,4,2,53
S01012714,Level 1,84,42,36,5,1,42
S01012714,Level 2,94,60,50,5,5,34
S01012714,Level 3,78,51,45,5,1,27
S01012714,Level 4 and above,179,97,82,14,1,82
S01012715,All people aged 16 and over,624,370,306,27,37,254
S01012715,No qualifications,192,60,45,5,10,132
S01012715,Level 1,116,67,50,8,9,49
S01012715,Level 2,87,65,55,4,6,22
S01012715,Level 3,69,48,43,3,2,21
S01012715,Level 4 and above,160,130,113,7,10,30
S01012716,All people aged 16 and over,739,394,301,73,20,345
S01012716,No qualifications,159,29,20,7,2,130
S01012716,Level 1,111,65,41,20,4,46
S01012716,Level 2,96,57,50,5,2,39
S01012716,Level 3,76,48,38,9,1,28
S01012716,Level 4 and above,297,195,152,32,11,102
S01012717,All people aged 16 and over,869,483,387,47,49,386
S01012717,No qualifications,293,72,53,10,9,221
S01012717,Level 1,158,110,80,8,22,48
S01012717,Level 2,114,77,69,5,3,37
S01012717,Level 3,82,58,49,6,3,24
S01012717,Level 4 and above,222,166,136,18,12,56
S01012718,All people aged 16 and over,868,509,410,60,39,359
S01012718,No qualifications,238,56,37,12,7,182
S01012718,Level 1,124,78,63,6,9,46
S01012718,Level 2,113,83,65,11,7,30
S01012718,Level 3,98,78,63,8,7,20
S01012718,Level 4 and above,295,214,182,23,9,81
S01012719,All people aged 16 and over,695,452,365,46,41,243
S01012719,No qualifications,175,51,33,9,9,124
S01012719,Level 1,139,98,66,13,19,41
S01012719,Level 2,92,69,61,5,3,23
S01012719,Level 3,71,54,48,3,3,17
S01012719,Level 4 and above,218,180,157,16,7,38
S01012720,All people aged 16 and over,464,347,283,35,29,117
S01012720,No qualifications,89,39,25,3,11,50
S01012720,Level 1,79,58,42,8,8,21
S01012720,Level 2,75,62,52,6,4,13
S01012720,Level 3,64,54,48,4,2,10
S01012720,Level 4 and above,157,134,116,14,4,23
S01012721,All people aged 16 and over,538,323,279,28,16,215
S01012721,No qualifications,189,53,43,7,3,136
S01012721,Level 1,121,92,74,14,4,29
S01012721,Level 2,70,58,50,4,4,12
S01012721,Level 3,63,52,47,2,3,11
S01012721,Level 4 and above,95,68,65,1,2,27
S01012722,All people aged 16 and over,631,327,257,19,51,304
S01012722,No qualifications,292,80,59,1,20,212
S01012722,Level 1,139,92,72,7,13,47
S01012722,Level 2,71,51,40,2,9,20
S01012722,Level 3,57,47,41,2,4,10
S01012722,Level 4 and above,72,57,45,7,5,15
S01012723,All people aged 16 and over,572,329,250,41,38,243
S01012723,No qualifications,247,84,58,15,11,163
S01012723,Level 1,141,100,73,10,17,41
S01012723,Level 2,66,54,40,8,6,12
S01012723,Level 3,54,41,38,2,1,13
S01012723,Level 4 and above,64,50,41,6,3,14
S01012724,All people aged 16 and over,631,384,319,43,22,247
S01012724,No qualifications,200,56,40,11,5,144
S01012724,Level 1,147,105,86,10,9,42
S01012724,Level 2,61,46,40,3,3,15
S01012724,Level 3,78,62,56,4,2,16
S01012724,Level 4 and above,145,115,97,15,3,30
S01012725,All people aged 16 and over,767,513,428,46,39,254
S01012725,No qualifications,157,49,41,3,5,108
S01012725,Level 1,160,111,84,9,18,49
S01012725,Level 2,112,82,67,7,8,30
S01012725,Level 3,95,76,64,7,5,19
S01012725,Level 4 and above,243,195,172,20,3,48
S01012726,All people aged 16 and over,519,283,225,26,32,236
S01012726,No qualifications,211,71,53,8,10,140
S01012726,Level 1,132,89,71,7,11,43
S01012726,Level 2,55,36,31,2,3,19
S01012726,Level 3,44,30,26,0,4,14
S01012726,Level 4 and above,77,57,44,9,4,20
S01012727,All people aged 16 and over,566,335,247,25,63,231
S01012727,No qualifications,267,101,67,8,26,166
S01012727,Level 1,130,95,71,5,19,35
S01012727,Level 2,70,53,40,7,6,17
S01012727,Level 3,37,34,28,2,4,3
S01012727,Level 4 and above,62,52,41,3,8,10
S01012728,All people aged 16 and over,572,346,264,22,60,226
S01012728,No qualifications,251,115,78,7,30,136
S01012728,Level 1,153,103,80,6,17,50
S01012728,Level 2,48,37,27,3,7,11
S01012728,Level 3,57,45,40,3,2,12
S01012728,Level 4 and above,63,46,39,3,4,17
S01012729,All people aged 16 and over,671,463,391,42,30,208
S01012729,No qualifications,192,87,68,14,5,105
S01012729,Level 1,156,115,94,8,13,41
S01012729,Level 2,101,75,64,4,7,26
S01012729,Level 3,77,66,59,7,0,11
S01012729,Level 4 and above,145,120,106,9,5,25
S01012730,All people aged 16 and over,451,291,239,17,35,160
S01012730,No qualifications,192,82,67,7,8,110
S01012730,Level 1,120,95,77,5,13,25
S01012730,Level 2,57,45,37,2,6,12
S01012730,Level 3,43,38,33,1,4,5
S01012730,Level 4 and above,39,31,25,2,4,8
S01012731,All people aged 16 and over,626,381,325,24,32,245
S01012731,No qualifications,227,87,71,8,8,140
S01012731,Level 1,189,136,112,11,13,53
S01012731,Level 2,77,61,51,4,6,16
S01012731,Level 3,55,38,36,0,2,17
S01012731,Level 4 and above,78,59,55,1,3,19
S01012732,All people aged 16 and over,550,349,289,21,39,201
S01012732,No qualifications,215,85,66,6,13,130
S01012732,Level 1,152,121,103,6,12,31
S01012732,Level 2,61,47,39,4,4,14
S01012732,Level 3,48,33,30,2,1,15
S01012732,Level 4 and above,74,63,51,3,9,11
S01012733,All people aged 16 and over,764,657,547,86,24,107
S01012733,No qualifications,88,52,32,18,2,36
S01012733,Level 1,171,147,112,24,11,24
S01012733,Level 2,133,115,95,14,6,18
S01012733,Level 3,125,113,98,14,1,12
S01012733,Level 4 and above,247,230,210,16,4,17
S01012734,All people aged 16 and over,425,358,303,40,15,67
S01012734,No qualifications,33,19,17,2,0,14
S01012734,Level 1,88,67,56,4,7,21
S01012734,Level 2,77,58,40,13,5,19
S01012734,Level 3,61,58,50,7,1,3
S01012734,Level 4 and above,166,156,140,14,2,10
S01012735,All people aged 16 and over,401,231,198,10,23,170
S01012735,No qualifications,160,57,49,3,5,103
S01012735,Level 1,123,83,69,4,10,40
S01012735,Level 2,47,33,28,0,5,14
S01012735,Level 3,26,19,16,2,1,7
S01012735,Level 4 and above,45,39,36,1,2,6
S01012736,All people aged 16 and over,739,521,454,31,36,218
S01012736,No qualifications,196,84,69,9,6,112
S01012736,Level 1,216,163,136,7,20,53
S01012736,Level 2,95,83,75,5,3,12
S01012736,Level 3,94,74,64,5,5,20
S01012736,Level 4 and above,138,117,110,5,2,21
S01012737,All people aged 16 and over,634,466,403,46,17,168
S01012737,No qualifications,145,56,41,11,4,89
S01012737,Level 1,167,129,107,17,5,38
S01012737,Level 2,102,81,73,4,4,21
S01012737,Level 3,71,61,55,4,2,10
S01012737,Level 4 and above,149,139,127,10,2,10
S01012738,All people aged 16 and over,506,320,270,29,21,186
S01012738,No qualifications,196,81,59,13,9,115
S01012738,Level 1,134,102,85,7,10,32
S01012738,Level 2,64,48,46,1,1,16
S01012738,Level 3,40,30,26,3,1,10
S01012738,Level 4 and above,72,59,54,5,0,13
S01012739,All people aged 16 and over,614,527,429,72,26,87
S01012739,No qualifications,49,27,15,10,2,22
S01012739,Level 1,127,94,68,21,5,33
S01012739,Level 2,113,102,85,8,9,11
S01012739,Level 3,90,85,72,8,5,5
S01012739,Level 4 and above,235,219,189,25,5,16
S01012740,All people aged 16 and over,624,524,430,71,23,100
S01012740,No qualifications,88,48,32,14,2,40
S01012740,Level 1,150,126,98,18,10,24
S01012740,Level 2,109,93,76,12,5,16
S01012740,Level 3,63,58,47,10,1,5
S01012740,Level 4 and above,214,199,177,17,5,15
S01012741,All people aged 16 and over,489,385,335,37,13,104
S01012741,No qualifications,88,46,36,8,2,42
S01012741,Level 1,102,85,73,7,5,17
S01012741,Level 2,87,73,63,9,1,14
S01012741,Level 3,85,74,70,4,0,11
S01012741,Level 4 and above,127,107,93,9,5,20
S01012742,All people aged 16 and over,593,398,347,41,10,195
S01012742,No qualifications,109,42,26,11,5,67
S01012742,Level 1,100,69,60,8,1,31
S01012742,Level 2,95,72,63,8,1,23
S01012742,Level 3,80,57,55,2,0,23
S01012742,Level 4 and above,209,158,143,12,3,51
S01012743,All people aged 16 and over,506,334,291,32,11,172
S01012743,No qualifications,75,24,18,6,0,51
S01012743,Level 1,106,79,66,10,3,27
S01012743,Level 2,100,71,59,7,5,29
S01012743,Level 3,69,54,52,2,0,15
S01012743,Level 4 and above,156,106,96,7,3,50
S01012744,All people aged 16 and over,575,441,393,35,13,134
S01012744,No qualifications,95,42,33,7,2,53
S01012744,Level 1,104,84,75,8,1,20
S01012744,Level 2,129,105,91,8,6,24
S01012744,Level 3,93,83,76,3,4,10
S01012744,Level 4 and above,154,127,118,9,0,27
S01012745,All people aged 16 and over,602,373,319,37,17,229
S01012745,No qualifications,141,39,32,6,1,102
S01012745,Level 1,129,83,68,12,3,46
S01012745,Level 2,73,56,48,5,3,17
S01012745,Level 3,68,47,43,3,1,21
S01012745,Level 4 and above,191,148,128,11,9,43
S01012746,All people aged 16 and over,630,474,406,44,24,156
S01012746,No qualifications,126,56,45,7,4,70
S01012746,Level 1,172,138,112,20,6,34
S01012746,Level 2,102,89,81,6,2,13
S01012746,Level 3,84,72,59,5,8,12
S01012746,Level 4 and above,146,119,109,6,4,27
S01012747,All people aged 16 and over,684,432,347,33,52,252
S01012747,No qualifications,185,73,49,6,18,112
S01012747,Level 1,181,126,100,11,15,55
S01012747,Level 2,106,73,60,7,6,33
S01012747,Level 3,83,69,55,6,8,14
S01012747,Level 4 and above,129,91,83,3,5,38
S01012748,All people aged 16 and over,648,372,283,30,59,276
S01012748,No qualifications,309,124,94,8,22,185
S01012748,Level 1,177,125,97,9,19,52
S01012748,Level 2,63,42,29,6,7,21
S01012748,Level 3,45,38,26,5,7,7
S01012748,Level 4 and above,54,43,37,2,4,11
S01012749,All people aged 16 and over,685,428,307,39,82,257
S01012749,No qualifications,266,116,78,9,29,150
S01012749,Level 1,215,159,108,17,34,56
S01012749,Level 2,63,49,40,4,5,14
S01012749,Level 3,68,52,40,1,11,16
S01012749,Level 4 and above,73,52,41,8,3,21
S01012750,All people aged 16 and over,615,402,315,23,64,213
S01012750,No qualifications,237,110,77,8,25,127
S01012750,Level 1,205,144,111,11,22,61
S01012750,Level 2,64,55,50,0,5,9
S01012750,Level 3,52,47,39,3,5,5
S01012750,Level 4 and above,57,46,38,1,7,11
S01012751,All people aged 16 and over,706,379,307,28,44,327
S01012751,No qualifications,327,87,65,9,13,240
S01012751,Level 1,190,144,116,8,20,46
S01012751,Level 2,67,53,46,1,6,14
S01012751,Level 3,51,42,33,5,4,9
S01012751,Level 4 and above,71,53,47,5,1,18
S01012752,All people aged 16 and over,670,451,367,37,47,219
S01012752,No qualifications,233,91,69,11,11,142
S01012752,Level 1,171,137,104,10,23,34
S01012752,Level 2,84,67,52,6,9,17
S01012752,Level 3,57,47,44,2,1,10
S01012752,Level 4 and above,125,109,98,8,3,16
S01012753,All people aged 16 and over,386,227,182,15,30,159
S01012753,No qualifications,167,65,54,2,9,102
S01012753,Level 1,106,73,56,7,10,33
S01012753,Level 2,51,39,28,4,7,12
S01012753,Level 3,28,23,21,0,2,5
S01012753,Level 4 and above,34,27,23,2,2,7
S01012754,All people aged 16 and over,476,280,220,24,36,196
S01012754,No qualifications,179,59,42,8,9,120
S01012754,Level 1,115,80,64,5,11,35
S01012754,Level 2,60,48,33,5,10,12
S01012754,Level 3,52,38,34,0,4,14
S01012754,Level 4 and above,70,55,47,6,2,15
S01012755,All people aged 16 and over,442,217,165,9,43,225
S01012755,No qualifications,208,51,33,1,17,157
S01012755,Level 1,115,74,54,2,18,41
S01012755,Level 2,36,27,22,2,3,9
S01012755,Level 3,28,21,20,1,0,7
S01012755,Level 4 and above,55,44,36,3,5,11
S01012756,All people aged 16 and over,460,220,183,22,15,240
S01012756,No qualifications,211,41,34,5,2,170
S01012756,Level 1,101,67,56,3,8,34
S01012756,Level 2,53,40,31,7,2,13
S01012756,Level 3,38,31,29,0,2,7
S01012756,Level 4 and above,57,41,33,7,1,16
S01012757,All people aged 16 and over,400,229,193,17,19,171
S01012757,No qualifications,196,64,50,7,7,132
S01012757,Level 1,99,78,67,5,6,21
S01012757,Level 2,36,28,23,4,1,8
S01012757,Level 3,36,33,29,0,4,3
S01012757,Level 4 and above,33,26,24,1,1,7
S01012758,All people aged 16 and over,499,296,237,28,31,203
S01012758,No qualifications,178,57,36,11,10,121
S01012758,Level 1,123,88,67,6,15,35
S01012758,Level 2,75,59,49,6,4,16
S01012758,Level 3,54,43,39,2,2,11
S01012758,Level 4 and above,69,49,46,3,0,20
S01012759,All people aged 16 and over,585,345,278,24,43,240
S01012759,No qualifications,247,84,66,6,12,163
S01012759,Level 1,169,130,100,8,22,39
S01012759,Level 2,58,46,35,6,5,12
S01012759,Level 3,56,46,42,1,3,10
S01012759,Level 4 and above,55,39,35,3,1,16
S01012760,All people aged 16 and over,784,438,342,25,71,346
S01012760,No qualifications,301,88,68,4,16,213
S01012760,Level 1,209,145,111,7,27,64
S01012760,Level 2,97,70,56,3,11,27
S01012760,Level 3,77,61,44,4,13,16
S01012760,Level 4 and above,100,74,63,7,4,26
S01012761,All people aged 16 and over,654,418,341,34,43,236
S01012761,No qualifications,250,86,60,14,12,164
S01012761,Level 1,173,135,109,10,16,38
S01012761,Level 2,84,67,58,2,7,17
S01012761,Level 3,64,53,44,3,6,11
S01012761,Level 4 and above,83,77,70,5,2,6
S01012762,All people aged 16 and over,609,372,325,28,19,237
S01012762,No qualifications,218,74,57,9,8,144
S01012762,Level 1,162,120,108,6,6,42
S01012762,Level 2,83,66,62,2,2,17
S01012762,Level 3,67,54,46,6,2,13
S01012762,Level 4 and above,79,58,52,5,1,21
S01012763,All people aged 16 and over,349,210,183,11,16,139
S01012763,No qualifications,156,63,54,5,4,93
S01012763,Level 1,79,62,50,3,9,17
S01012763,Level 2,54,41,40,0,1,13
S01012763,Level 3,30,24,20,3,1,6
S01012763,Level 4 and above,30,20,19,0,1,10
S01012764,All people aged 16 and over,623,372,305,26,41,251
S01012764,No qualifications,227,80,63,5,12,147
S01012764,Level 1,173,123,97,8,18,50
S01012764,Level 2,91,69,63,1,5,22
S01012764,Level 3,63,49,41,4,4,14
S01012764,Level 4 and above,69,51,41,8,2,18
S01012765,All people aged 16 and over,586,379,319,27,33,207
S01012765,No qualifications,199,69,51,5,13,130
S01012765,Level 1,141,112,92,7,13,29
S01012765,Level 2,89,76,67,7,2,13
S01012765,Level 3,67,49,46,0,3,18
S01012765,Level 4 and above,90,73,63,8,2,17
S01012766,All people aged 16 and over,693,470,393,37,40,223
S01012766,No qualifications,223,93,70,9,14,130
S01012766,Level 1,206,154,129,7,18,52
S01012766,Level 2,106,88,76,10,2,18
S01012766,Level 3,71,57,50,3,4,14
S01012766,Level 4 and above,87,78,68,8,2,9
S01012767,All people aged 16 and over,483,323,279,30,14,160
S01012767,No qualifications,113,47,36,10,1,66
S01012767,Level 1,137,99,86,9,4,38
S01012767,Level 2,77,57,51,2,4,20
S01012767,Level 3,71,56,45,7,4,15
S01012767,Level 4 and above,85,64,61,2,1,21
S01012768,All people aged 16 and over,616,433,384,33,16,183
S01012768,No qualifications,163,75,61,10,4,88
S01012768,Level 1,144,115,102,6,7,29
S01012768,Level 2,116,94,83,9,2,22
S01012768,Level 3,68,58,53,3,2,10
S01012768,Level 4 and above,125,91,85,5,1,34
S01012769,All people aged 16 and over,358,251,209,36,6,107
S01012769,No qualifications,67,22,19,2,1,45
S01012769,Level 1,91,63,53,10,0,28
S01012769,Level 2,71,55,42,9,4,16
S01012769,Level 3,41,31,28,2,1,10
S01012769,Level 4 and above,88,80,67,13,0,8
S01012770,All people aged 16 and over,698,431,354,39,38,267
S01012770,No qualifications,235,69,51,9,9,166
S01012770,Level 1,179,131,99,15,17,48
S01012770,Level 2,97,75,70,2,3,22
S01012770,Level 3,76,60,50,5,5,16
S01012770,Level 4 and above,111,96,84,8,4,15
S01012771,All people aged 16 and over,602,372,305,30,37,230
S01012771,No qualifications,212,70,52,8,10,142
S01012771,Level 1,139,95,80,6,9,44
S01012771,Level 2,88,69,53,9,7,19
S01012771,Level 3,56,49,38,4,7,7
S01012771,Level 4 and above,107,89,82,3,4,18
S01012772,All people aged 16 and over,544,333,270,23,40,211
S01012772,No qualifications,254,100,72,12,16,154
S01012772,Level 1,138,109,93,3,13,29
S01012772,Level 2,65,50,41,3,6,15
S01012772,Level 3,50,43,37,3,3,7
S01012772,Level 4 and above,37,31,27,2,2,6
S01012773,All people aged 16 and over,731,437,358,36,43,294
S01012773,No qualifications,280,89,69,9,11,191
S01012773,Level 1,181,126,94,12,20,55
S01012773,Level 2,93,76,67,7,2,17
S01012773,Level 3,71,56,46,4,6,15
S01012773,Level 4 and above,106,90,82,4,4,16
S01012774,All people aged 16 and over,745,516,427,33,56,229
S01012774,No qualifications,275,117,83,12,22,158
S01012774,Level 1,180,151,124,6,21,29
S01012774,Level 2,80,75,68,4,3,5
S01012774,Level 3,74,65,58,2,5,9
S01012774,Level 4 and above,136,108,94,9,5,28
S01012775,All people aged 16 and over,369,227,179,24,24,142
S01012775,No qualifications,126,40,25,7,8,86
S01012775,Level 1,94,68,53,11,4,26
S01012775,Level 2,50,36,28,3,5,14
S01012775,Level 3,34,28,23,1,4,6
S01012775,Level 4 and above,65,55,50,2,3,10
S01012776,All people aged 16 and over,637,391,325,23,43,246
S01012776,No qualifications,277,111,92,2,17,166
S01012776,Level 1,171,126,102,11,13,45
S01012776,Level 2,80,62,55,5,2,18
S01012776,Level 3,57,48,38,3,7,9
S01012776,Level 4 and above,52,44,38,2,4,8
S01012777,All people aged 16 and over,710,566,485,51,30,144
S01012777,No qualifications,139,67,49,13,5,72
S01012777,Level 1,210,174,142,16,16,36
S01012777,Level 2,127,106,94,6,6,21
S01012777,Level 3,108,100,89,10,1,8
S01012777,Level 4 and above,126,119,111,6,2,7
S01012778,All people aged 16 and over,543,385,311,24,50,158
S01012778,No qualifications,144,62,42,5,15,82
S01012778,Level 1,168,124,94,9,21,44
S01012778,Level 2,68,57,52,2,3,11
S01012778,Level 3,67,59,52,3,4,8
S01012778,Level 4 and above,96,83,71,5,7,13
S01012779,All people aged 16 and over,340,244,189,21,34,96
S01012779,No qualifications,123,69,50,7,12,54
S01012779,Level 1,113,86,61,6,19,27
S01012779,Level 2,43,34,29,3,2,9
S01012779,Level 3,29,27,24,2,1,2
S01012779,Level 4 and above,32,28,25,3,0,4
S01012780,All people aged 16 and over,567,335,268,19,48,232
S01012780,No qualifications,228,73,59,3,11,155
S01012780,Level 1,177,132,97,7,28,45
S01012780,Level 2,55,42,37,3,2,13
S01012780,Level 3,50,42,36,3,3,8
S01012780,Level 4 and above,57,46,39,3,4,11
S01012781,All people aged 16 and over,554,360,300,39,21,194
S01012781,No qualifications,146,50,36,11,3,96
S01012781,Level 1,132,97,76,10,11,35
S01012781,Level 2,75,54,45,6,3,21
S01012781,Level 3,70,56,50,5,1,14
S01012781,Level 4 and above,131,103,93,7,3,28
S01012782,All people aged 16 and over,509,291,231,16,44,218
S01012782,No qualifications,249,102,70,8,24,147
S01012782,Level 1,134,86,67,4,15,48
S01012782,Level 2,46,36,30,3,3,10
S01012782,Level 3,44,38,36,0,2,6
S01012782,Level 4 and above,36,29,28,1,0,7
S01012783,All people aged 16 and over,558,351,269,22,60,207
S01012783,No qualifications,230,97,68,8,21,133
S01012783,Level 1,170,129,98,6,25,41
S01012783,Level 2,53,41,34,1,6,12
S01012783,Level 3,45,36,26,5,5,9
S01012783,Level 4 and above,60,48,43,2,3,12
S01012784,All people aged 16 and over,629,408,344,17,47,221
S01012784,No qualifications,234,89,64,8,17,145
S01012784,Level 1,161,119,99,6,14,42
S01012784,Level 2,82,68,65,0,3,14
S01012784,Level 3,67,63,57,0,6,4
S01012784,Level 4 and above,85,69,59,3,7,16
S01012785,All people aged 16 and over,617,341,260,20,61,276
S01012785,No qualifications,301,102,70,8,24,199
S01012785,Level 1,159,113,87,7,19,46
S01012785,Level 2,66,54,46,1,7,12
S01012785,Level 3,41,35,26,1,8,6
S01012785,Level 4 and above,50,37,31,3,3,13
S01012786,All people aged 16 and over,589,347,242,15,90,242
S01012786,No qualifications,250,95,58,5,32,155
S01012786,Level 1,150,117,79,9,29,33
S01012786,Level 2,70,39,24,0,15,31
S01012786,Level 3,55,43,33,0,10,12
S01012786,Level 4 and above,64,53,48,1,4,11
S01012787,All people aged 16 and over,447,332,293,24,15,115
S01012787,No qualifications,105,42,30,7,5,63
S01012787,Level 1,118,87,73,6,8,31
S01012787,Level 2,61,50,47,3,0,11
S01012787,Level 3,47,43,39,3,1,4
S01012787,Level 4 and above,116,110,104,5,1,6
S01012788,All people aged 16 and over,495,300,227,20,53,195
S01012788,No qualifications,224,87,57,7,23,137
S01012788,Level 1,138,104,81,5,18,34
S01012788,Level 2,51,41,36,0,5,10
S01012788,Level 3,28,23,18,3,2,5
S01012788,Level 4 and above,54,45,35,5,5,9
S01012789,All people aged 16 and over,619,389,317,40,32,230
S01012789,No qualifications,175,67,46,10,11,108
S01012789,Level 1,142,96,79,7,10,46
S01012789,Level 2,88,70,60,5,5,18
S01012789,Level 3,65,55,47,5,3,10
S01012789,Level 4 and above,149,101,85,13,3,48
S01012790,All people aged 16 and over,507,368,319,37,12,139
S01012790,No qualifications,93,23,17,6,0,70
S01012790,Level 1,85,58,50,5,3,27
S01012790,Level 2,70,62,56,3,3,8
S01012790,Level 3,50,41,37,2,2,9
S01012790,Level 4 and above,209,184,159,21,4,25
S01012791,All people aged 16 and over,607,332,284,36,12,275
S01012791,No qualifications,128,25,18,5,2,103
S01012791,Level 1,107,60,53,6,1,47
S01012791,Level 2,94,59,49,7,3,35
S01012791,Level 3,76,58,51,6,1,18
S01012791,Level 4 and above,202,130,113,12,5,72
S01012792,All people aged 16 and over,872,465,387,37,41,407
S01012792,No qualifications,343,70,49,13,8,273
S01012792,Level 1,177,131,107,9,15,46
S01012792,Level 2,107,74,66,4,4,33
S01012792,Level 3,77,61,50,6,5,16
S01012792,Level 4 and above,168,129,115,5,9,39
S01012793,All people aged 16 and over,690,356,264,23,69,334
S01012793,No qualifications,271,80,61,9,10,191
S01012793,Level 1,149,101,70,7,24,48
S01012793,Level 2,110,59,38,1,20,51
S01012793,Level 3,62,39,27,0,12,23
S01012793,Level 4 and above,98,77,68,6,3,21
S01012794,All people aged 16 and over,551,361,301,39,21,190
S01012794,No qualifications,125,42,35,2,5,83
S01012794,Level 1,114,81,60,13,8,33
S01012794,Level 2,71,58,48,7,3,13
S01012794,Level 3,60,51,45,6,0,9
S01012794,Level 4 and above,181,129,113,11,5,52
S01012795,All people aged 16 and over,868,494,377,41,76,374
S01012795,No qualifications,408,154,115,9,30,254
S01012795,Level 1,214,161,122,11,28,53
S01012795,Level 2,83,63,47,7,9,20
S01012795,Level 3,72,53,43,5,5,19
S01012795,Level 4 and above,91,63,50,9,4,28
S01012796,All people aged 16 and over,611,449,365,37,47,162
S01012796,No qualifications,184,80,61,11,8,104
S01012796,Level 1,178,154,124,8,22,24
S01012796,Level 2,76,66,54,3,9,10
S01012796,Level 3,63,55,43,11,1,8
S01012796,Level 4 and above,110,94,83,4,7,16
S01012797,All people aged 16 and over,548,389,317,18,54,159
S01012797,No qualifications,215,115,71,10,34,100
S01012797,Level 1,132,100,84,4,12,32
S01012797,Level 2,61,52,45,2,5,9
S01012797,Level 3,53,45,42,1,2,8
S01012797,Level 4 and above,87,77,75,1,1,10
S01012798,All people aged 16 and over,593,359,275,67,17,234
S01012798,No qualifications,112,37,26,8,3,75
S01012798,Level 1,92,62,42,14,6,30
S01012798,Level 2,79,43,39,3,1,36
S01012798,Level 3,55,38,27,10,1,17
S01012798,Level 4 and above,255,179,141,32,6,76
S01012799,All people aged 16 and over,666,388,294,83,11,278
S01012799,No qualifications,136,32,20,11,1,104
S01012799,Level 1,83,49,36,10,3,34
S01012799,Level 2,87,51,42,7,2,36
S01012799,Level 3,59,46,34,10,2,13
S01012799,Level 4 and above,301,210,162,45,3,91
S01012800,All people aged 16 and over,734,474,350,100,24,260
S01012800,No qualifications,115,45,32,13,0,70
S01012800,Level 1,119,74,53,16,5,45
S01012800,Level 2,118,75,56,13,6,43
S01012800,Level 3,87,64,41,17,6,23
S01012800,Level 4 and above,295,216,168,41,7,79
S01012801,All people aged 16 and over,390,202,150,40,12,188
S01012801,No qualifications,94,27,18,6,3,67
S01012801,Level 1,60,30,24,3,3,30
S01012801,Level 2,53,30,24,4,2,23
S01012801,Level 3,32,15,12,3,0,17
S01012801,Level 4 and above,151,100,72,24,4,51
S01012802,All people aged 16 and over,486,331,241,74,16,155
S01012802,No qualifications,55,26,13,12,1,29
S01012802,Level 1,71,43,28,12,3,28
S01012802,Level 2,91,65,45,13,7,26
S01012802,Level 3,55,41,37,4,0,14
S01012802,Level 4 and above,214,156,118,33,5,58
S01012803,All people aged 16 and over,573,383,333,33,17,190
S01012803,No qualifications,79,34,27,6,1,45
S01012803,Level 1,120,70,63,2,5,50
S01012803,Level 2,111,81,69,7,5,30
S01012803,Level 3,59,46,37,4,5,13
S01012803,Level 4 and above,204,152,137,14,1,52
S01012804,All people aged 16 and over,624,392,309,46,37,232
S01012804,No qualifications,185,68,55,7,6,117
S01012804,Level 1,146,111,80,12,19,35
S01012804,Level 2,89,66,53,8,5,23
S01012804,Level 3,46,32,27,3,2,14
S01012804,Level 4 and above,158,115,94,16,5,43
S01012805,All people aged 16 and over,742,479,395,32,52,263
S01012805,No qualifications,253,107,89,8,10,146
S01012805,Level 1,191,140,108,13,19,51
S01012805,Level 2,93,68,58,4,6,25
S01012805,Level 3,68,56,48,1,7,12
S01012805,Level 4 and above,137,108,92,6,10,29
S01012806,All people aged 16 and over,583,385,309,40,36,198
S01012806,No qualifications,148,52,39,10,3,96
S01012806,Level 1,135,93,68,8,17,42
S01012806,Level 2,81,55,46,4,5,26
S01012806,Level 3,67,54,46,5,3,13
S01012806,Level 4 and above,152,131,110,13,8,21
S01012807,All people aged 16 and over,474,329,254,68,7,145
S01012807,No qualifications,59,21,10,10,1,38
S01012807,Level 1,79,58,40,17,1,21
S01012807,Level 2,87,51,39,9,3,36
S01012807,Level 3,51,38,35,3,0,13
S01012807,Level 4 and above,198,161,130,29,2,37
S01012808,All people aged 16 and over,873,545,425,85,35,328
S01012808,No qualifications,223,57,39,12,6,166
S01012808,Level 1,168,111,82,17,12,57
S01012808,Level 2,129,93,72,13,8,36
S01012808,Level 3,75,61,53,7,1,14
S01012808,Level 4 and above,278,223,179,36,8,55
S01012809,All people aged 16 and over,531,351,292,31,28,180
S01012809,No qualifications,91,39,30,6,3,52
S01012809,Level 1,115,72,49,10,13,43
S01012809,Level 2,63,44,37,3,4,19
S01012809,Level 3,55,36,33,2,1,19
S01012809,Level 4 and above,207,160,143,10,7,47
S01012810,All people aged 16 and over,786,425,337,38,50,361
S01012810,No qualifications,269,76,58,8,10,193
S01012810,Level 1,195,135,102,13,20,60
S01012810,Level 2,111,76,65,3,8,35
S01012810,Level 3,65,47,37,4,6,18
S01012810,Level 4 and above,146,91,75,10,6,55
S01012811,All people aged 16 and over,663,388,318,37,33,275
S01012811,No qualifications,207,59,48,6,5,148
S01012811,Level 1,139,94,75,6,13,45
S01012811,Level 2,92,66,51,7,8,26
S01012811,Level 3,46,34,30,3,1,12
S01012811,Level 4 and above,179,135,114,15,6,44
S01012812,All people aged 16 and over,557,400,342,41,17,157
S01012812,No qualifications,119,56,41,10,5,63
S01012812,Level 1,130,98,83,10,5,32
S01012812,Level 2,79,60,53,5,2,19
S01012812,Level 3,66,56,50,3,3,10
S01012812,Level 4 and above,163,130,115,13,2,33
S01012813,All people aged 16 and over,768,455,378,63,14,313
S01012813,No qualifications,126,40,27,13,0,86
S01012813,Level 1,119,71,56,10,5,48
S01012813,Level 2,105,72,63,6,3,33
S01012813,Level 3,89,56,51,4,1,33
S01012813,Level 4 and above,329,216,181,30,5,113
S01012814,All people aged 16 and over,640,513,437,50,26,127
S01012814,No qualifications,106,62,46,9,7,44
S01012814,Level 1,181,142,121,8,13,39
S01012814,Level 2,113,88,75,11,2,25
S01012814,Level 3,74,72,66,5,1,2
S01012814,Level 4 and above,166,149,129,17,3,17
S01012815,All people aged 16 and over,625,539,467,48,24,86
S01012815,No qualifications,90,59,45,11,3,31
S01012815,Level 1,155,135,115,12,8,20
S01012815,Level 2,93,85,79,2,4,8
S01012815,Level 3,90,82,68,9,5,8
S01012815,Level 4 and above,197,178,160,14,4,19
S01012816,All people aged 16 and over,434,336,274,41,21,98
S01012816,No qualifications,90,42,29,7,6,48
S01012816,Level 1,107,92,69,14,9,15
S01012816,Level 2,77,60,54,4,2,17
S01012816,Level 3,58,52,42,8,2,6
S01012816,Level 4 and above,102,90,80,8,2,12
S01012817,All people aged 16 and over,383,334,290,34,10,49
S01012817,No qualifications,25,17,12,5,0,8
S01012817,Level 1,121,101,86,10,5,20
S01012817,Level 2,61,49,41,6,2,12
S01012817,Level 3,48,43,38,2,3,5
S01012817,Level 4 and above,128,124,113,11,0,4
S01012818,All people aged 16 and over,627,471,401,45,25,156
S01012818,No qualifications,111,49,40,6,3,62
S01012818,Level 1,170,131,109,10,12,39
S01012818,Level 2,117,89,74,10,5,28
S01012818,Level 3,78,70,61,8,1,8
S01012818,Level 4 and above,151,132,117,11,4,19
S01012819,All people aged 16 and over,606,327,258,16,53,279
S01012819,No qualifications,277,91,67,6,18,186
S01012819,Level 1,150,90,66,5,19,60
S01012819,Level 2,68,52,45,1,6,16
S01012819,Level 3,59,48,40,3,5,11
S01012819,Level 4 and above,52,46,40,1,5,6
S01012820,All people aged 16 and over,778,660,549,71,40,118
S01012820,No qualifications,124,88,63,20,5,36
S01012820,Level 1,227,181,135,32,14,46
S01012820,Level 2,145,124,110,5,9,21
S01012820,Level 3,95,90,77,7,6,5
S01012820,Level 4 and above,187,177,164,7,6,10
S01012821,All people aged 16 and over,553,455,367,56,32,98
S01012821,No qualifications,93,58,39,12,7,35
S01012821,Level 1,163,128,96,20,12,35
S01012821,Level 2,76,65,55,9,1,11
S01012821,Level 3,66,62,48,6,8,4
S01012821,Level 4 and above,155,142,129,9,4,13
S01012822,All people aged 16 and over,365,218,158,13,47,147
S01012822,No qualifications,151,59,43,3,13,92
S01012822,Level 1,107,72,45,7,20,35
S01012822,Level 2,41,33,27,1,5,8
S01012822,Level 3,32,29,20,1,8,3
S01012822,Level 4 and above,34,25,23,1,1,9
S01012823,All people aged 16 and over,635,525,447,46,32,110
S01012823,No qualifications,131,76,54,16,6,55
S01012823,Level 1,195,165,139,13,13,30
S01012823,Level 2,105,93,85,4,4,12
S01012823,Level 3,67,61,54,2,5,6
S01012823,Level 4 and above,137,130,115,11,4,7
S01012824,All people aged 16 and over,521,372,317,30,25,149
S01012824,No qualifications,139,48,35,7,6,91
S01012824,Level 1,127,103,84,10,9,24
S01012824,Level 2,76,57,51,2,4,19
S01012824,Level 3,79,74,63,8,3,5
S01012824,Level 4 and above,100,90,84,3,3,10
S01012825,All people aged 16 and over,420,240,204,10,26,180
S01012825,No qualifications,183,61,46,4,11,122
S01012825,Level 1,91,66,55,2,9,25
S01012825,Level 2,44,38,35,2,1,6
S01012825,Level 3,47,38,33,2,3,9
S01012825,Level 4 and above,55,37,35,0,2,18
S01012826,All people aged 16 and over,439,285,206,16,63,154
S01012826,No qualifications,162,71,42,9,20,91
S01012826,Level 1,150,115,82,3,30,35
S01012826,Level 2,52,42,35,0,7,10
S01012826,Level 3,29,21,15,2,4,8
S01012826,Level 4 and above,46,36,32,2,2,10
S01012827,All people aged 16 and over,478,403,349,37,17,75
S01012827,No qualifications,71,49,39,7,3,22
S01012827,Level 1,120,98,81,10,7,22
S01012827,Level 2,86,70,58,8,4,16
S01012827,Level 3,67,61,55,4,2,6
S01012827,Level 4 and above,134,125,116,8,1,9
S01012828,All people aged 16 and over,462,402,354,34,14,60
S01012828,No qualifications,64,37,30,4,3,27
S01012828,Level 1,108,95,79,10,6,13
S01012828,Level 2,84,74,68,6,0,10
S01012828,Level 3,80,76,65,8,3,4
S01012828,Level 4 and above,126,120,112,6,2,6
S01012829,All people aged 16 and over,653,397,306,31,60,256
S01012829,No qualifications,303,133,101,13,19,170
S01012829,Level 1,188,133,100,7,26,55
S01012829,Level 2,62,53,42,3,8,9
S01012829,Level 3,47,33,25,4,4,14
S01012829,Level 4 and above,53,45,38,4,3,8
S01012830,All people aged 16 and over,565,327,261,40,26,238
S01012830,No qualifications,236,81,59,13,9,155
S01012830,Level 1,115,85,71,9,5,30
S01012830,Level 2,87,65,49,8,8,22
S01012830,Level 3,50,39,35,3,1,11
S01012830,Level 4 and above,77,57,47,7,3,20
S01012831,All people aged 16 and over,560,263,212,23,28,297
S01012831,No qualifications,266,60,47,7,6,206
S01012831,Level 1,110,66,48,7,11,44
S01012831,Level 2,69,50,42,2,6,19
S01012831,Level 3,50,39,33,3,3,11
S01012831,Level 4 and above,65,48,42,4,2,17
S01012832,All people aged 16 and over,436,288,228,32,28,148
S01012832,No qualifications,149,63,44,10,9,86
S01012832,Level 1,105,82,65,6,11,23
S01012832,Level 2,61,46,35,7,4,15
S01012832,Level 3,45,34,30,2,2,11
S01012832,Level 4 and above,76,63,54,7,2,13
S01012833,All people aged 16 and over,572,306,247,13,46,266
S01012833,No qualifications,265,87,68,4,15,178
S01012833,Level 1,168,113,87,5,21,55
S01012833,Level 2,40,29,23,1,5,11
S01012833,Level 3,43,36,31,1,4,7
S01012833,Level 4 and above,56,41,38,2,1,15
S01012834,All people aged 16 and over,561,335,249,39,47,226
S01012834,No qualifications,241,90,61,16,13,151
S01012834,Level 1,130,96,64,10,22,34
S01012834,Level 2,59,46,36,5,5,13
S01012834,Level 3,48,37,31,1,5,11
S01012834,Level 4 and above,83,66,57,7,2,17
S01012835,All people aged 16 and over,771,429,355,39,35,342
S01012835,No qualifications,253,66,52,7,7,187
S01012835,Level 1,191,110,94,4,12,81
S01012835,Level 2,88,68,56,6,6,20
S01012835,Level 3,68,55,43,6,6,13
S01012835,Level 4 and above,171,130,110,16,4,41
S01012836,All people aged 16 and over,527,405,339,54,12,122
S01012836,No qualifications,83,31,20,10,1,52
S01012836,Level 1,108,82,62,14,6,26
S01012836,Level 2,112,93,81,10,2,19
S01012836,Level 3,71,63,55,6,2,8
S01012836,Level 4 and above,153,136,121,14,1,17
S01012837,All people aged 16 and over,579,355,236,20,99,224
S01012837,No qualifications,216,89,53,5,31,127
S01012837,Level 1,197,138,92,7,39,59
S01012837,Level 2,73,55,40,3,12,18
S01012837,Level 3,58,40,30,1,9,18
S01012837,Level 4 and above,35,33,21,4,8,2
S01012838,All people aged 16 and over,708,425,284,17,124,283
S01012838,No qualifications,278,121,70,6,45,157
S01012838,Level 1,214,148,94,5,49,66
S01012838,Level 2,67,49,35,2,12,18
S01012838,Level 3,69,50,40,1,9,19
S01012838,Level 4 and above,80,57,45,3,9,23
S01012839,All people aged 16 and over,578,424,359,49,16,154
S01012839,No qualifications,133,55,43,9,3,78
S01012839,Level 1,158,128,102,22,4,30
S01012839,Level 2,103,86,74,8,4,17
S01012839,Level 3,60,51,47,3,1,9
S01012839,Level 4 and above,124,104,93,7,4,20
S01012840,All people aged 16 and over,584,476,409,52,15,108
S01012840,No qualifications,71,39,29,4,6,32
S01012840,Level 1,127,101,77,22,2,26
S01012840,Level 2,101,83,72,8,3,18
S01012840,Level 3,93,81,76,4,1,12
S01012840,Level 4 and above,192,172,155,14,3,20
S01012841,All people aged 16 and over,497,358,299,39,20,139
S01012841,No qualifications,108,36,27,9,0,72
S01012841,Level 1,103,83,69,8,6,20
S01012841,Level 2,87,76,62,9,5,11
S01012841,Level 3,56,47,42,2,3,9
S01012841,Level 4 and above,143,116,99,11,6,27
S01012842,All people aged 16 and over,407,309,271,29,9,98
S01012842,No qualifications,103,62,56,4,2,41
S01012842,Level 1,93,70,64,4,2,23
S01012842,Level 2,58,49,47,1,1,9
S01012842,Level 3,38,33,28,4,1,5
S01012842,Level 4 and above,115,95,76,16,3,20
S01012843,All people aged 16 and over,774,511,419,72,20,263
S01012843,No qualifications,121,37,17,19,1,84
S01012843,Level 1,118,76,59,13,4,42
S01012843,Level 2,119,85,75,5,5,34
S01012843,Level 3,72,51,44,5,2,21
S01012843,Level 4 and above,344,262,224,30,8,82
S01012844,All people aged 16 and over,561,387,301,70,16,174
S01012844,No qualifications,66,27,15,11,1,39
S01012844,Level 1,73,46,33,10,3,27
S01012844,Level 2,97,66,54,9,3,31
S01012844,Level 3,50,37,30,4,3,13
S01012844,Level 4 and above,275,211,169,36,6,64
S01012845,All people aged 16 and over,554,348,269,62,17,206
S01012845,No qualifications,96,34,21,9,4,62
S01012845,Level 1,88,57,37,15,5,31
S01012845,Level 2,92,54,44,7,3,38
S01012845,Level 3,55,40,28,10,2,15
S01012845,Level 4 and above,223,163,139,21,3,60
S01012846,All people aged 16 and over,807,406,323,36,47,401
S01012846,No qualifications,347,75,55,7,13,272
S01012846,Level 1,181,111,84,8,19,70
S01012846,Level 2,86,72,60,2,10,14
S01012846,Level 3,82,64,48,12,4,18
S01012846,Level 4 and above,111,84,76,7,1,27
S01012847,All people aged 16 and over,456,288,232,34,22,168
S01012847,No qualifications,148,46,32,10,4,102
S01012847,Level 1,113,78,56,10,12,35
S01012847,Level 2,81,61,51,7,3,20
S01012847,Level 3,47,42,36,4,2,5
S01012847,Level 4 and above,67,61,57,3,1,6
S01012848,All people aged 16 and over,582,404,333,50,21,178
S01012848,No qualifications,112,35,28,5,2,77
S01012848,Level 1,152,113,89,16,8,39
S01012848,Level 2,82,65,56,5,4,17
S01012848,Level 3,68,52,42,7,3,16
S01012848,Level 4 and above,168,139,118,17,4,29
S01012849,All people aged 16 and over,564,388,333,18,37,176
S01012849,No qualifications,145,44,32,6,6,101
S01012849,Level 1,153,116,90,5,21,37
S01012849,Level 2,67,58,53,3,2,9
S01012849,Level 3,83,72,69,2,1,11
S01012849,Level 4 and above,116,98,89,2,7,18
S01012850,All people aged 16 and over,623,332,282,23,27,291
S01012850,No qualifications,279,86,76,4,6,193
S01012850,Level 1,154,113,92,7,14,41
S01012850,Level 2,78,60,48,7,5,18
S01012850,Level 3,55,36,32,4,0,19
S01012850,Level 4 and above,57,37,34,1,2,20
S01012851,All people aged 16 and over,698,398,331,39,28,300
S01012851,No qualifications,244,82,67,10,5,162
S01012851,Level 1,153,88,69,11,8,65
S01012851,Level 2,78,61,50,4,7,17
S01012851,Level 3,63,45,36,6,3,18
S01012851,Level 4 and above,160,122,109,8,5,38
S01012852,All people aged 16 and over,592,382,322,39,21,210
S01012852,No qualifications,100,26,16,9,1,74
S01012852,Level 1,107,68,53,9,6,39
S01012852,Level 2,103,84,70,6,8,19
S01012852,Level 3,77,55,47,4,4,22
S01012852,Level 4 and above,205,149,136,11,2,56
S01012853,All people aged 16 and over,688,404,337,45,22,284
S01012853,No qualifications,207,62,49,11,2,145
S01012853,Level 1,143,85,75,7,3,58
S01012853,Level 2,83,62,52,4,6,21
S01012853,Level 3,90,71,59,8,4,19
S01012853,Level 4 and above,165,124,102,15,7,41
S01012854,All people aged 16 and over,695,512,441,48,23,183
S01012854,No qualifications,111,49,39,7,3,62
S01012854,Level 1,139,92,75,12,5,47
S01012854,Level 2,124,94,81,9,4,30
S01012854,Level 3,85,72,59,6,7,13
S01012854,Level 4 and above,236,205,187,14,4,31
S01012855,All people aged 16 and over,539,425,360,38,27,114
S01012855,No qualifications,79,31,22,4,5,48
S01012855,Level 1,113,83,65,10,8,30
S01012855,Level 2,106,94,83,6,5,12
S01012855,Level 3,51,45,39,3,3,6
S01012855,Level 4 and above,190,172,151,15,6,18
S01012856,All people aged 16 and over,608,326,273,26,27,282
S01012856,No qualifications,237,54,39,5,10,183
S01012856,Level 1,152,105,88,6,11,47
S01012856,Level 2,75,54,45,8,1,21
S01012856,Level 3,57,40,35,4,1,17
S01012856,Level 4 and above,87,73,66,3,4,14
S01012857,All people aged 16 and over,765,345,293,18,34,420
S01012857,No qualifications,366,74,62,5,7,292
S01012857,Level 1,166,107,82,7,18,59
S01012857,Level 2,85,63,56,4,3,22
S01012857,Level 3,58,37,31,2,4,21
S01012857,Level 4 and above,90,64,62,0,2,26
S01012858,All people aged 16 and over,621,370,309,26,35,251
S01012858,No qualifications,234,66,53,5,8,168
S01012858,Level 1,142,101,82,7,12,41
S01012858,Level 2,60,50,41,5,4,10
S01012858,Level 3,74,54,42,4,8,20
S01012858,Level 4 and above,111,99,91,5,3,12
S01012859,All people aged 16 and over,845,565,444,58,63,280
S01012859,No qualifications,270,106,77,17,12,164
S01012859,Level 1,217,170,128,12,30,47
S01012859,Level 2,107,82,70,6,6,25
S01012859,Level 3,102,77,56,9,12,25
S01012859,Level 4 and above,149,130,113,14,3,19
S01012860,All people aged 16 and over,948,403,332,52,19,545
S01012860,No qualifications,375,51,41,6,4,324
S01012860,Level 1,192,101,80,14,7,91
S01012860,Level 2,111,73,58,11,4,38
S01012860,Level 3,77,43,36,5,2,34
S01012860,Level 4 and above,193,135,117,16,2,58
S01012861,All people aged 16 and over,592,400,327,48,25,192
S01012861,No qualifications,145,50,35,10,5,95
S01012861,Level 1,113,81,60,13,8,32
S01012861,Level 2,84,62,51,7,4,22
S01012861,Level 3,71,56,48,6,2,15
S01012861,Level 4 and above,179,151,133,12,6,28
S01012862,All people aged 16 and over,519,284,227,16,41,235
S01012862,No qualifications,219,65,46,4,15,154
S01012862,Level 1,137,99,79,6,14,38
S01012862,Level 2,44,27,21,2,4,17
S01012862,Level 3,61,42,38,1,3,19
S01012862,Level 4 and above,58,51,43,3,5,7
S01012863,All people aged 16 and over,556,357,280,11,66,199
S01012863,No qualifications,202,72,49,3,20,130
S01012863,Level 1,153,113,91,4,18,40
S01012863,Level 2,66,53,40,2,11,13
S01012863,Level 3,53,45,37,0,8,8
S01012863,Level 4 and above,82,74,63,2,9,8
S01012864,All people aged 16 and over,660,417,319,28,70,243
S01012864,No qualifications,230,82,53,8,21,148
S01012864,Level 1,178,135,96,10,29,43
S01012864,Level 2,83,60,48,5,7,23
S01012864,Level 3,78,68,61,2,5,10
S01012864,Level 4 and above,91,72,61,3,8,19
S01012865,All people aged 16 and over,670,344,290,35,19,326
S01012865,No qualifications,292,78,64,9,5,214
S01012865,Level 1,145,89,73,9,7,56
S01012865,Level 2,67,53,46,3,4,14
S01012865,Level 3,67,49,39,8,2,18
S01012865,Level 4 and above,99,75,68,6,1,24
S01012866,All people aged 16 and over,638,413,340,28,45,225
S01012866,No qualifications,227,92,78,4,10,135
S01012866,Level 1,177,131,100,10,21,46
S01012866,Level 2,87,68,52,8,8,19
S01012866,Level 3,53,38,33,2,3,15
S01012866,Level 4 and above,94,84,77,4,3,10
S01012867,All people aged 16 and over,645,299,245,15,39,346
S01012867,No qualifications,352,101,85,5,11,251
S01012867,Level 1,152,103,83,6,14,49
S01012867,Level 2,59,40,31,1,8,19
S01012867,Level 3,39,25,22,0,3,14
S01012867,Level 4 and above,43,30,24,3,3,13
S01012868,All people aged 16 and over,501,298,234,19,45,203
S01012868,No qualifications,234,96,69,6,21,138
S01012868,Level 1,122,80,62,5,13,42
S01012868,Level 2,55,42,34,0,8,13
S01012868,Level 3,42,38,35,2,1,4
S01012868,Level 4 and above,48,42,34,6,2,6
S01012869,All people aged 16 and over,424,258,185,10,63,166
S01012869,No qualifications,197,92,63,1,28,105
S01012869,Level 1,134,98,71,2,25,36
S01012869,Level 2,35,26,19,4,3,9
S01012869,Level 3,30,19,15,0,4,11
S01012869,Level 4 and above,28,23,17,3,3,5
S01012870,All people aged 16 and over,806,469,397,48,24,337
S01012870,No qualifications,262,86,69,12,5,176
S01012870,Level 1,214,149,122,18,9,65
S01012870,Level 2,124,77,63,9,5,47
S01012870,Level 3,80,63,57,2,4,17
S01012870,Level 4 and above,126,94,86,7,1,32
S01012871,All people aged 16 and over,699,424,353,42,29,275
S01012871,No qualifications,185,61,39,15,7,124
S01012871,Level 1,171,114,99,4,11,57
S01012871,Level 2,92,70,56,5,9,22
S01012871,Level 3,82,52,46,5,1,30
S01012871,Level 4 and above,169,127,113,13,1,42
S01012872,All people aged 16 and over,577,414,353,27,34,163
S01012872,No qualifications,122,56,42,9,5,66
S01012872,Level 1,159,118,98,7,13,41
S01012872,Level 2,91,73,62,4,7,18
S01012872,Level 3,85,63,55,5,3,22
S01012872,Level 4 and above,120,104,96,2,6,16
S01012873,All people aged 16 and over,655,465,398,36,31,190
S01012873,No qualifications,177,93,75,8,10,84
S01012873,Level 1,183,134,107,13,14,49
S01012873,Level 2,109,85,77,5,3,24
S01012873,Level 3,61,45,42,2,1,16
S01012873,Level 4 and above,125,108,97,8,3,17
S01012874,All people aged 16 and over,638,373,297,30,46,265
S01012874,No qualifications,239,86,64,8,14,153
S01012874,Level 1,155,109,82,9,18,46
S01012874,Level 2,89,58,48,4,6,31
S01012874,Level 3,56,45,39,2,4,11
S01012874,Level 4 and above,99,75,64,7,4,24
S01012875,All people aged 16 and over,486,311,245,26,40,175
S01012875,No qualifications,169,68,55,6,7,101
S01012875,Level 1,121,86,57,11,18,35
S01012875,Level 2,71,53,43,4,6,18
S01012875,Level 3,53,43,36,2,5,10
S01012875,Level 4 and above,72,61,54,3,4,11
S01012876,All people aged 16 and over,665,348,295,21,32,317
S01012876,No qualifications,295,81,68,8,5,214
S01012876,Level 1,184,134,108,7,19,50
S01012876,Level 2,68,44,36,5,3,24
S01012876,Level 3,60,45,42,0,3,15
S01012876,Level 4 and above,58,44,41,1,2,14
S01012877,All people aged 16 and over,631,345,295,23,27,286
S01012877,No qualifications,300,98,81,9,8,202
S01012877,Level 1,157,109,91,7,11,48
S01012877,Level 2,74,60,50,4,6,14
S01012877,Level 3,56,49,47,2,0,7
S01012877,Level 4 and above,44,29,26,1,2,15
S01012878,All people aged 16 and over,774,548,459,64,25,226
S01012878,No qualifications,121,41,32,7,2,80
S01012878,Level 1,163,121,99,13,9,42
S01012878,Level 2,175,142,119,18,5,33
S01012878,Level 3,84,65,53,7,5,19
S01012878,Level 4 and above,231,179,156,19,4,52
S01012879,All people aged 16 and over,609,381,318,37,26,228
S01012879,No qualifications,111,36,24,6,6,75
S01012879,Level 1,114,65,48,9,8,49
S01012879,Level 2,122,84,71,4,9,38
S01012879,Level 3,74,53,48,4,1,21
S01012879,Level 4 and above,188,143,127,14,2,45
S01012880,All people aged 16 and over,759,463,385,60,18,296
S01012880,No qualifications,122,28,22,4,2,94
S01012880,Level 1,110,64,49,10,5,46
S01012880,Level 2,131,93,79,12,2,38
S01012880,Level 3,83,63,56,3,4,20
S01012880,Level 4 and above,313,215,179,31,5,98
S01012881,All people aged 16 and over,774,401,323,57,21,373
S01012881,No qualifications,195,32,24,6,2,163
S01012881,Level 1,133,75,56,13,6,58
S01012881,Level 2,105,67,53,8,6,38
S01012881,Level 3,73,50,39,8,3,23
S01012881,Level 4 and above,268,177,151,22,4,91
S01012882,All people aged 16 and over,494,291,230,22,39,203
S01012882,No qualifications,200,85,60,5,20,115
S01012882,Level 1,137,84,62,5,17,53
S01012882,Level 2,62,48,43,3,2,14
S01012882,Level 3,42,33,30,3,0,9
S01012882,Level 4 and above,53,41,35,6,0,12
S01012883,All people aged 16 and over,529,247,166,21,60,282
S01012883,No qualifications,251,64,35,9,20,187
S01012883,Level 1,153,91,58,8,25,62
S01012883,Level 2,46,34,26,1,7,12
S01012883,Level 3,29,20,14,2,4,9
S01012883,Level 4 and above,50,38,33,1,4,12
S01012884,All people aged 16 and over,451,224,173,27,24,227
S01012884,No qualifications,166,33,19,6,8,133
S01012884,Level 1,80,48,35,4,9,32
S01012884,Level 2,38,25,15,6,4,13
S01012884,Level 3,41,30,25,3,2,11
S01012884,Level 4 and above,126,88,79,8,1,38
S01012885,All people aged 16 and over,391,232,179,18,35,159
S01012885,No qualifications,186,62,43,7,12,124
S01012885,Level 1,118,97,79,3,15,21
S01012885,Level 2,28,23,17,4,2,5
S01012885,Level 3,30,24,22,1,1,6
S01012885,Level 4 and above,29,26,18,3,5,3
S01012886,All people aged 16 and over,651,410,345,45,20,241
S01012886,No qualifications,125,38,30,5,3,87
S01012886,Level 1,134,86,69,8,9,48
S01012886,Level 2,88,55,48,7,0,33
S01012886,Level 3,75,58,49,8,1,17
S01012886,Level 4 and above,229,173,149,17,7,56
S01012887,All people aged 16 and over,631,372,323,38,11,259
S01012887,No qualifications,127,31,21,6,4,96
S01012887,Level 1,109,57,51,4,2,52
S01012887,Level 2,105,82,72,9,1,23
S01012887,Level 3,59,41,38,3,0,18
S01012887,Level 4 and above,231,161,141,16,4,70
S01012888,All people aged 16 and over,694,396,317,60,19,298
S01012888,No qualifications,114,23,20,3,0,91
S01012888,Level 1,99,58,44,8,6,41
S01012888,Level 2,107,66,53,9,4,41
S01012888,Level 3,78,52,34,13,5,26
S01012888,Level 4 and above,296,197,166,27,4,99
S01012889,All people aged 16 and over,661,507,430,57,20,154
S01012889,No qualifications,132,54,40,10,4,78
S01012889,Level 1,160,130,102,21,7,30
S01012889,Level 2,106,92,81,9,2,14
S01012889,Level 3,70,59,49,6,4,11
S01012889,Level 4 and above,193,172,158,11,3,21
S01012890,All people aged 16 and over,549,322,254,24,44,227
S01012890,No qualifications,197,73,54,8,11,124
S01012890,Level 1,161,98,75,3,20,63
S01012890,Level 2,65,46,34,5,7,19
S01012890,Level 3,53,43,35,4,4,10
S01012890,Level 4 and above,73,62,56,4,2,11
S01012891,All people aged 16 and over,456,265,210,33,22,191
S01012891,No qualifications,190,63,53,5,5,127
S01012891,Level 1,109,77,58,9,10,32
S01012891,Level 2,51,40,32,5,3,11
S01012891,Level 3,36,29,24,5,0,7
S01012891,Level 4 and above,70,56,43,9,4,14
S01012892,All people aged 16 and over,930,521,410,31,80,409
S01012892,No qualifications,402,130,95,10,25,272
S01012892,Level 1,278,199,152,8,39,79
S01012892,Level 2,90,69,53,6,10,21
S01012892,Level 3,71,55,50,3,2,16
S01012892,Level 4 and above,89,68,60,4,4,21
S01012893,All people aged 16 and over,598,336,275,14,47,262
S01012893,No qualifications,274,100,78,7,15,174
S01012893,Level 1,178,128,105,3,20,50
S01012893,Level 2,66,53,47,2,4,13
S01012893,Level 3,40,34,28,0,6,6
S01012893,Level 4 and above,40,21,17,2,2,19
S01012894,All people aged 16 and over,606,446,365,56,25,160
S01012894,No qualifications,117,40,32,6,2,77
S01012894,Level 1,141,109,90,11,8,32
S01012894,Level 2,109,85,71,10,4,24
S01012894,Level 3,71,60,53,5,2,11
S01012894,Level 4 and above,168,152,119,24,9,16
S01012895,All people aged 16 and over,411,322,256,52,14,89
S01012895,No qualifications,65,36,20,13,3,29
S01012895,Level 1,95,77,59,15,3,18
S01012895,Level 2,76,61,50,8,3,15
S01012895,Level 3,54,44,38,5,1,10
S01012895,Level 4 and above,121,104,89,11,4,17
S01012896,All people aged 16 and over,761,416,333,35,48,345
S01012896,No qualifications,279,86,63,11,12,193
S01012896,Level 1,177,109,86,7,16,68
S01012896,Level 2,101,73,59,5,9,28
S01012896,Level 3,76,61,54,1,6,15
S01012896,Level 4 and above,128,87,71,11,5,41
S01012897,All people aged 16 and over,473,355,299,40,16,118
S01012897,No qualifications,93,35,26,5,4,58
S01012897,Level 1,105,80,66,10,4,25
S01012897,Level 2,66,49,41,6,2,17
S01012897,Level 3,68,63,54,5,4,5
S01012897,Level 4 and above,141,128,112,14,2,13
S01012898,All people aged 16 and over,401,345,295,38,12,56
S01012898,No qualifications,35,18,15,1,2,17
S01012898,Level 1,93,73,56,14,3,20
S01012898,Level 2,81,72,64,4,4,9
S01012898,Level 3,50,47,42,3,2,3
S01012898,Level 4 and above,142,135,118,16,1,7
S01012899,All people aged 16 and over,477,280,224,18,38,197
S01012899,No qualifications,186,65,54,4,7,121
S01012899,Level 1,126,91,71,4,16,35
S01012899,Level 2,62,42,37,3,2,20
S01012899,Level 3,44,35,27,1,7,9
S01012899,Level 4 and above,59,47,35,6,6,12
S01012900,All people aged 16 and over,618,320,251,54,15,298
S01012900,No qualifications,196,39,34,3,2,157
S01012900,Level 1,129,82,55,19,8,47
S01012900,Level 2,83,61,52,8,1,22
S01012900,Level 3,42,35,27,7,1,7
S01012900,Level 4 and above,168,103,83,17,3,65
S01012901,All people aged 16 and over,569,381,309,34,38,188
S01012901,No qualifications,138,46,30,7,9,92
S01012901,Level 1,146,101,77,11,13,45
S01012901,Level 2,112,92,77,5,10,20
S01012901,Level 3,72,61,53,4,4,11
S01012901,Level 4 and above,101,81,72,7,2,20
S01012902,All people aged 16 and over,629,426,345,35,46,203
S01012902,No qualifications,129,39,30,7,2,90
S01012902,Level 1,189,131,101,13,17,58
S01012902,Level 2,102,73,64,3,6,29
S01012902,Level 3,79,74,61,3,10,5
S01012902,Level 4 and above,130,109,89,9,11,21
S01012903,All people aged 16 and over,683,443,369,32,42,240
S01012903,No qualifications,176,62,45,10,7,114
S01012903,Level 1,184,119,92,11,16,65
S01012903,Level 2,138,105,97,4,4,33
S01012903,Level 3,74,68,60,1,7,6
S01012903,Level 4 and above,111,89,75,6,8,22
S01012904,All people aged 16 and over,633,414,337,36,41,219
S01012904,No qualifications,148,54,37,9,8,94
S01012904,Level 1,185,127,102,6,19,58
S01012904,Level 2,108,82,68,5,9,26
S01012904,Level 3,75,59,53,5,1,16
S01012904,Level 4 and above,117,92,77,11,4,25
S01012905,All people aged 16 and over,490,331,267,24,40,159
S01012905,No qualifications,106,40,31,3,6,66
S01012905,Level 1,158,121,89,8,24,37
S01012905,Level 2,83,63,54,3,6,20
S01012905,Level 3,81,63,53,7,3,18
S01012905,Level 4 and above,62,44,40,3,1,18
S01012906,All people aged 16 and over,783,537,459,40,38,246
S01012906,No qualifications,171,53,41,10,2,118
S01012906,Level 1,181,134,110,9,15,47
S01012906,Level 2,145,119,103,8,8,26
S01012906,Level 3,106,89,73,8,8,17
S01012906,Level 4 and above,180,142,132,5,5,38
S01012907,All people aged 16 and over,736,430,363,33,34,306
S01012907,No qualifications,240,45,33,5,7,195
S01012907,Level 1,199,156,127,15,14,43
S01012907,Level 2,99,72,59,5,8,27
S01012907,Level 3,73,62,57,3,2,11
S01012907,Level 4 and above,125,95,87,5,3,30
S01012908,All people aged 16 and over,603,338,278,20,40,265
S01012908,No qualifications,212,51,37,4,10,161
S01012908,Level 1,170,118,94,6,18,52
S01012908,Level 2,85,62,50,6,6,23
S01012908,Level 3,58,39,36,1,2,19
S01012908,Level 4 and above,78,68,61,3,4,10
S01012909,All people aged 16 and over,512,293,250,16,27,219
S01012909,No qualifications,176,41,29,3,9,135
S01012909,Level 1,118,81,66,7,8,37
S01012909,Level 2,80,59,54,3,2,21
S01012909,Level 3,58,49,43,1,5,9
S01012909,Level 4 and above,80,63,58,2,3,17
S01012910,All people aged 16 and over,774,420,325,40,55,354
S01012910,No qualifications,290,67,46,12,9,223
S01012910,Level 1,190,140,110,9,21,50
S01012910,Level 2,112,74,62,4,8,38
S01012910,Level 3,72,52,40,4,8,20
S01012910,Level 4 and above,110,87,67,11,9,23
S01012911,All people aged 16 and over,631,365,315,27,23,266
S01012911,No qualifications,157,40,35,4,1,117
S01012911,Level 1,154,99,80,12,7,55
S01012911,Level 2,109,81,67,3,11,28
S01012911,Level 3,89,63,57,3,3,26
S01012911,Level 4 and above,122,82,76,5,1,40
S01012912,All people aged 16 and over,580,319,264,25,30,261
S01012912,No qualifications,200,42,31,7,4,158
S01012912,Level 1,139,95,76,8,11,44
S01012912,Level 2,82,59,47,4,8,23
S01012912,Level 3,74,59,49,6,4,15
S01012912,Level 4 and above,85,64,61,0,3,21
S01012913,All people aged 16 and over,732,437,378,29,30,295
S01012913,No qualifications,206,47,38,5,4,159
S01012913,Level 1,190,140,112,12,16,50
S01012913,Level 2,122,86,78,3,5,36
S01012913,Level 3,78,57,51,3,3,21
S01012913,Level 4 and above,136,107,99,6,2,29
S01012914,All people aged 16 and over,711,457,380,40,37,254
S01012914,No qualifications,182,58,48,2,8,124
S01012914,Level 1,187,123,90,17,16,64
S01012914,Level 2,87,64,55,5,4,23
S01012914,Level 3,84,72,66,4,2,12
S01012914,Level 4 and above,171,140,121,12,7,31
S01012915,All people aged 16 and over,810,600,508,49,43,210
S01012915,No qualifications,172,65,46,11,8,107
S01012915,Level 1,196,146,119,10,17,50
S01012915,Level 2,133,115,98,12,5,18
S01012915,Level 3,103,89,77,5,7,14
S01012915,Level 4 and above,206,185,168,11,6,21
S01012916,All people aged 16 and over,572,325,278,22,25,247
S01012916,No qualifications,136,34,25,5,4,102
S01012916,Level 1,119,70,59,5,6,49
S01012916,Level 2,109,74,60,5,9,35
S01012916,Level 3,63,44,38,4,2,19
S01012916,Level 4 and above,145,103,96,3,4,42
S01012917,All people aged 16 and over,587,386,327,47,12,201
S01012917,No qualifications,83,25,21,3,1,58
S01012917,Level 1,129,88,75,9,4,41
S01012917,Level 2,134,103,88,12,3,31
S01012917,Level 3,69,53,47,5,1,16
S01012917,Level 4 and above,172,117,96,18,3,55
S01012918,All people aged 16 and over,417,278,242,18,18,139
S01012918,No qualifications,99,29,27,1,1,70
S01012918,Level 1,108,78,63,3,12,30
S01012918,Level 2,80,69,60,6,3,11
S01012918,Level 3,48,37,34,2,1,11
S01012918,Level 4 and above,82,65,58,6,1,17
S01012919,All people aged 16 and over,397,225,189,15,21,172
S01012919,No qualifications,114,27,23,1,3,87
S01012919,Level 1,107,85,67,3,15,22
S01012919,Level 2,53,35,30,4,1,18
S01012919,Level 3,39,20,19,0,1,19
S01012919,Level 4 and above,84,58,50,7,1,26
S01012920,All people aged 16 and over,506,283,220,44,19,223
S01012920,No qualifications,79,18,11,6,1,61
S01012920,Level 1,100,51,36,9,6,49
S01012920,Level 2,98,68,52,9,7,30
S01012920,Level 3,50,34,30,3,1,16
S01012920,Level 4 and above,179,112,91,17,4,67
S01012921,All people aged 16 and over,594,370,318,20,32,224
S01012921,No qualifications,193,54,47,3,4,139
S01012921,Level 1,162,125,101,7,17,37
S01012921,Level 2,96,78,68,5,5,18
S01012921,Level 3,56,46,42,3,1,10
S01012921,Level 4 and above,87,67,60,2,5,20
S01012922,All people aged 16 and over,784,545,468,32,45,239
S01012922,No qualifications,164,50,42,0,8,114
S01012922,Level 1,190,140,112,15,13,50
S01012922,Level 2,133,104,92,5,7,29
S01012922,Level 3,117,99,87,4,8,18
S01012922,Level 4 and above,180,152,135,8,9,28
S01012923,All people aged 16 and over,578,395,335,33,27,183
S01012923,No qualifications,119,42,32,6,4,77
S01012923,Level 1,145,97,75,9,13,48
S01012923,Level 2,111,87,76,7,4,24
S01012923,Level 3,79,63,53,4,6,16
S01012923,Level 4 and above,124,106,99,7,0,18
S01012924,All people aged 16 and over,422,286,237,32,17,136
S01012924,No qualifications,105,45,32,9,4,60
S01012924,Level 1,103,72,55,11,6,31
S01012924,Level 2,67,50,42,4,4,17
S01012924,Level 3,66,57,51,5,1,9
S01012924,Level 4 and above,81,62,57,3,2,19
S01012925,All people aged 16 and over,413,271,235,23,13,142
S01012925,No qualifications,57,18,11,6,1,39
S01012925,Level 1,100,67,58,5,4,33
S01012925,Level 2,68,48,39,5,4,20
S01012925,Level 3,53,38,34,1,3,15
S01012925,Level 4 and above,135,100,93,6,1,35
S01012926,All people aged 16 and over,593,411,343,46,22,182
S01012926,No qualifications,99,42,28,9,5,57
S01012926,Level 1,173,124,100,15,9,49
S01012926,Level 2,114,91,79,9,3,23
S01012926,Level 3,75,56,47,7,2,19
S01012926,Level 4 and above,132,98,89,6,3,34
S01012927,All people aged 16 and over,628,408,340,36,32,220
S01012927,No qualifications,141,33,28,2,3,108
S01012927,Level 1,167,111,92,9,10,56
S01012927,Level 2,123,98,81,7,10,25
S01012927,Level 3,78,63,51,6,6,15
S01012927,Level 4 and above,119,103,88,12,3,16
S01012928,All people aged 16 and over,675,433,371,37,25,242
S01012928,No qualifications,130,47,39,5,3,83
S01012928,Level 1,147,95,82,7,6,52
S01012928,Level 2,135,103,86,10,7,32
S01012928,Level 3,69,56,52,2,2,13
S01012928,Level 4 and above,194,132,112,13,7,62
S01012929,All people aged 16 and over,641,370,325,23,22,271
S01012929,No qualifications,158,38,32,3,3,120
S01012929,Level 1,141,88,75,6,7,53
S01012929,Level 2,130,91,79,5,7,39
S01012929,Level 3,73,58,52,4,2,15
S01012929,Level 4 and above,139,95,87,5,3,44
S01012930,All people aged 16 and over,779,410,333,44,33,369
S01012930,No qualifications,247,42,26,8,8,205
S01012930,Level 1,135,84,66,11,7,51
S01012930,Level 2,99,75,60,10,5,24
S01012930,Level 3,90,68,61,3,4,22
S01012930,Level 4 and above,208,141,120,12,9,67
S01012931,All people aged 16 and over,730,445,380,36,29,285
S01012931,No qualifications,224,64,47,9,8,160
S01012931,Level 1,147,92,81,4,7,55
S01012931,Level 2,121,99,86,7,6,22
S01012931,Level 3,83,67,56,6,5,16
S01012931,Level 4 and above,155,123,110,10,3,32
S01012932,All people aged 16 and over,423,281,218,46,17,142
S01012932,No qualifications,87,37,28,8,1,50
S01012932,Level 1,99,58,44,11,3,41
S01012932,Level 2,73,48,37,7,4,25
S01012932,Level 3,40,31,23,5,3,9
S01012932,Level 4 and above,124,107,86,15,6,17
S01012933,All people aged 16 and over,675,429,364,34,31,246
S01012933,No qualifications,204,67,56,6,5,137
S01012933,Level 1,164,117,89,10,18,47
S01012933,Level 2,101,82,70,8,4,19
S01012933,Level 3,69,57,50,4,3,12
S01012933,Level 4 and above,137,106,99,6,1,31
S01012934,All people aged 16 and over,605,317,260,35,22,288
S01012934,No qualifications,216,54,35,9,10,162
S01012934,Level 1,131,82,70,9,3,49
S01012934,Level 2,77,57,48,8,1,20
S01012934,Level 3,61,50,43,4,3,11
S01012934,Level 4 and above,120,74,64,5,5,46
S01012935,All people aged 16 and over,717,466,394,31,41,251
S01012935,No qualifications,185,50,40,0,10,135
S01012935,Level 1,203,148,121,16,11,55
S01012935,Level 2,116,92,77,7,8,24
S01012935,Level 3,73,60,51,4,5,13
S01012935,Level 4 and above,140,116,105,4,7,24
S01012936,All people aged 16 and over,619,382,318,38,26,237
S01012936,No qualifications,163,53,43,4,6,110
S01012936,Level 1,144,92,76,9,7,52
S01012936,Level 2,93,71,61,8,2,22
S01012936,Level 3,77,62,50,8,4,15
S01012936,Level 4 and above,142,104,88,9,7,38
S01012937,All people aged 16 and over,581,397,323,23,51,184
S01012937,No qualifications,147,64,48,9,7,83
S01012937,Level 1,136,103,84,2,17,33
S01012937,Level 2,89,60,48,1,11,29
S01012937,Level 3,76,62,51,5,6,14
S01012937,Level 4 and above,133,108,92,6,10,25
S01012938,All people aged 16 and over,600,348,276,44,28,252
S01012938,No qualifications,141,28,16,10,2,113
S01012938,Level 1,110,64,50,8,6,46
S01012938,Level 2,91,65,48,6,11,26
S01012938,Level 3,51,40,35,1,4,11
S01012938,Level 4 and above,207,151,127,19,5,56
S01012939,All people aged 16 and over,500,360,305,37,18,140
S01012939,No qualifications,72,30,24,6,0,42
S01012939,Level 1,93,65,51,5,9,28
S01012939,Level 2,116,94,82,9,3,22
S01012939,Level 3,68,49,40,6,3,19
S01012939,Level 4 and above,151,122,108,11,3,29
S01012940,All people aged 16 and over,579,432,360,61,11,147
S01012940,No qualifications,85,38,29,8,1,47
S01012940,Level 1,118,84,63,15,6,34
S01012940,Level 2,109,83,71,9,3,26
S01012940,Level 3,63,51,47,4,0,12
S01012940,Level 4 and above,204,176,150,25,1,28
S01012941,All people aged 16 and over,600,461,382,58,21,139
S01012941,No qualifications,50,27,17,10,0,23
S01012941,Level 1,117,82,64,10,8,35
S01012941,Level 2,134,99,82,8,9,35
S01012941,Level 3,61,52,46,5,1,9
S01012941,Level 4 and above,238,201,173,25,3,37
S01012942,All people aged 16 and over,624,392,325,22,45,232
S01012942,No qualifications,177,61,51,2,8,116
S01012942,Level 1,185,127,99,7,21,58
S01012942,Level 2,80,55,46,4,5,25
S01012942,Level 3,72,57,49,3,5,15
S01012942,Level 4 and above,110,92,80,6,6,18
S01012943,All people aged 16 and over,575,411,359,33,19,164
S01012943,No qualifications,98,41,31,8,2,57
S01012943,Level 1,138,89,75,9,5,49
S01012943,Level 2,94,71,65,2,4,23
S01012943,Level 3,91,74,70,3,1,17
S01012943,Level 4 and above,154,136,118,11,7,18
S01012944,All people aged 16 and over,418,263,224,28,11,155
S01012944,No qualifications,68,16,10,6,0,52
S01012944,Level 1,80,53,48,2,3,27
S01012944,Level 2,94,60,54,3,3,34
S01012944,Level 3,41,32,31,1,0,9
S01012944,Level 4 and above,135,102,81,16,5,33
S01012945,All people aged 16 and over,568,420,346,56,18,148
S01012945,No qualifications,67,22,16,6,0,45
S01012945,Level 1,98,65,53,8,4,33
S01012945,Level 2,120,93,73,14,6,27
S01012945,Level 3,58,48,38,9,1,10
S01012945,Level 4 and above,225,192,166,19,7,33
S01012946,All people aged 16 and over,691,522,450,51,21,169
S01012946,No qualifications,103,47,37,9,1,56
S01012946,Level 1,136,101,81,13,7,35
S01012946,Level 2,154,118,104,8,6,36
S01012946,Level 3,87,75,61,12,2,12
S01012946,Level 4 and above,211,181,167,9,5,30
S01012947,All people aged 16 and over,372,273,212,49,12,99
S01012947,No qualifications,40,19,14,3,2,21
S01012947,Level 1,85,54,37,15,2,31
S01012947,Level 2,88,67,52,8,7,21
S01012947,Level 3,42,35,32,3,0,7
S01012947,Level 4 and above,117,98,77,20,1,19
S01012948,All people aged 16 and over,572,422,352,50,20,150
S01012948,No qualifications,96,44,33,10,1,52
S01012948,Level 1,135,98,78,11,9,37
S01012948,Level 2,112,91,79,9,3,21
S01012948,Level 3,77,64,56,5,3,13
S01012948,Level 4 and above,152,125,106,15,4,27
S01012949,All people aged 16 and over,595,424,361,47,16,171
S01012949,No qualifications,110,38,30,8,0,72
S01012949,Level 1,115,87,73,10,4,28
S01012949,Level 2,135,106,88,10,8,29
S01012949,Level 3,65,57,51,5,1,8
S01012949,Level 4 and above,170,136,119,14,3,34
S01012950,All people aged 16 and over,678,542,460,57,25,136
S01012950,No qualifications,56,27,21,5,1,29
S01012950,Level 1,166,129,101,15,13,37
S01012950,Level 2,162,130,118,7,5,32
S01012950,Level 3,74,62,51,7,4,12
S01012950,Level 4 and above,220,194,169,23,2,26
S01012951,All people aged 16 and over,649,563,471,72,20,86
S01012951,No qualifications,34,23,17,3,3,11
S01012951,Level 1,110,83,60,17,6,27
S01012951,Level 2,119,100,83,12,5,19
S01012951,Level 3,100,92,82,9,1,8
S01012951,Level 4 and above,286,265,229,31,5,21
S01012952,All people aged 16 and over,525,297,188,106,3,228
S01012952,No qualifications,72,33,20,13,0,39
S01012952,Level 1,99,56,35,20,1,43
S01012952,Level 2,96,58,39,18,1,38
S01012952,Level 3,42,24,13,10,1,18
S01012952,Level 4 and above,216,126,81,45,0,90
S01012953,All people aged 16 and over,568,417,367,34,16,151
S01012953,No qualifications,84,31,21,9,1,53
S01012953,Level 1,139,107,96,6,5,32
S01012953,Level 2,120,96,84,7,5,24
S01012953,Level 3,72,62,58,3,1,10
S01012953,Level 4 and above,153,121,108,9,4,32
S01012954,All people aged 16 and over,392,307,259,26,22,85
S01012954,No qualifications,58,28,22,4,2,30
S01012954,Level 1,107,83,65,9,9,24
S01012954,Level 2,75,65,54,5,6,10
S01012954,Level 3,54,45,38,5,2,9
S01012954,Level 4 and above,98,86,80,3,3,12
S01012955,All people aged 16 and over,763,528,456,48,24,235
S01012955,No qualifications,128,49,34,10,5,79
S01012955,Level 1,131,86,73,8,5,45
S01012955,Level 2,131,99,82,12,5,32
S01012955,Level 3,74,52,45,3,4,22
S01012955,Level 4 and above,299,242,222,15,5,57
S01012956,All people aged 16 and over,851,432,357,35,40,419
S01012956,No qualifications,294,60,47,6,7,234
S01012956,Level 1,200,120,93,8,19,80
S01012956,Level 2,117,94,79,9,6,23
S01012956,Level 3,86,67,57,5,5,19
S01012956,Level 4 and above,154,91,81,7,3,63
S01012957,All people aged 16 and over,540,338,278,30,30,202
S01012957,No qualifications,163,60,45,10,5,103
S01012957,Level 1,146,103,83,9,11,43
S01012957,Level 2,84,67,58,3,6,17
S01012957,Level 3,49,35,30,2,3,14
S01012957,Level 4 and above,98,73,62,6,5,25
S01012958,All people aged 16 and over,435,315,263,31,21,120
S01012958,No qualifications,103,44,31,9,4,59
S01012958,Level 1,125,95,78,6,11,30
S01012958,Level 2,62,51,41,6,4,11
S01012958,Level 3,57,45,42,1,2,12
S01012958,Level 4 and above,88,80,71,9,0,8
S01012959,All people aged 16 and over,466,373,320,33,20,93
S01012959,No qualifications,59,32,24,5,3,27
S01012959,Level 1,137,102,80,15,7,35
S01012959,Level 2,92,79,66,6,7,13
S01012959,Level 3,61,54,52,2,0,7
S01012959,Level 4 and above,117,106,98,5,3,11
S01012960,All people aged 16 and over,502,350,285,27,38,152
S01012960,No qualifications,88,36,27,4,5,52
S01012960,Level 1,136,99,78,8,13,37
S01012960,Level 2,91,69,53,3,13,22
S01012960,Level 3,67,51,46,1,4,16
S01012960,Level 4 and above,120,95,81,11,3,25
S01012961,All people aged 16 and over,416,311,260,40,11,105
S01012961,No qualifications,66,27,19,7,1,39
S01012961,Level 1,99,74,60,9,5,25
S01012961,Level 2,95,79,68,8,3,16
S01012961,Level 3,52,49,40,8,1,3
S01012961,Level 4 and above,104,82,73,8,1,22
S01012962,All people aged 16 and over,555,395,340,36,19,160
S01012962,No qualifications,90,31,23,6,2,59
S01012962,Level 1,118,89,76,6,7,29
S01012962,Level 2,125,93,81,8,4,32
S01012962,Level 3,74,63,53,6,4,11
S01012962,Level 4 and above,148,119,107,10,2,29
S01012963,All people aged 16 and over,616,488,417,48,23,128
S01012963,No qualifications,75,40,31,6,3,35
S01012963,Level 1,144,115,88,16,11,29
S01012963,Level 2,122,92,82,6,4,30
S01012963,Level 3,78,65,61,3,1,13
S01012963,Level 4 and above,197,176,155,17,4,21
S01012964,All people aged 16 and over,449,380,322,43,15,69
S01012964,No qualifications,34,19,14,5,0,15
S01012964,Level 1,106,80,65,12,3,26
S01012964,Level 2,87,74,64,7,3,13
S01012964,Level 3,70,64,50,7,7,6
S01012964,Level 4 and above,152,143,129,12,2,9
S01012965,All people aged 16 and over,563,350,295,29,26,213
S01012965,No qualifications,123,30,24,4,2,93
S01012965,Level 1,138,98,77,9,12,40
S01012965,Level 2,110,72,58,8,6,38
S01012965,Level 3,68,52,48,1,3,16
S01012965,Level 4 and above,124,98,88,7,3,26
S01012966,All people aged 16 and over,593,420,351,45,24,173
S01012966,No qualifications,116,44,40,2,2,72
S01012966,Level 1,194,124,101,14,9,70
S01012966,Level 2,87,78,65,9,4,9
S01012966,Level 3,77,68,54,10,4,9
S01012966,Level 4 and above,119,106,91,10,5,13
S01012967,All people aged 16 and over,397,285,241,22,22,112
S01012967,No qualifications,98,57,48,4,5,41
S01012967,Level 1,126,99,84,6,9,27
S01012967,Level 2,56,40,36,1,3,16
S01012967,Level 3,56,39,33,4,2,17
S01012967,Level 4 and above,61,50,40,7,3,11
S01012968,All people aged 16 and over,517,365,301,31,33,152
S01012968,No qualifications,133,71,57,9,5,62
S01012968,Level 1,173,121,99,8,14,52
S01012968,Level 2,78,64,50,8,6,14
S01012968,Level 3,61,50,42,4,4,11
S01012968,Level 4 and above,72,59,53,2,4,13
S01012969,All people aged 16 and over,570,355,296,26,33,215
S01012969,No qualifications,199,78,62,8,8,121
S01012969,Level 1,143,102,83,5,14,41
S01012969,Level 2,73,58,51,1,6,15
S01012969,Level 3,70,54,48,3,3,16
S01012969,Level 4 and above,85,63,52,9,2,22
S01012970,All people aged 16 and over,489,337,280,30,27,152
S01012970,No qualifications,161,67,53,8,6,94
S01012970,Level 1,139,114,95,8,11,25
S01012970,Level 2,76,60,47,8,5,16
S01012970,Level 3,52,47,41,4,2,5
S01012970,Level 4 and above,61,49,44,2,3,12
S01012971,All people aged 16 and over,638,433,348,28,57,205
S01012971,No qualifications,171,73,56,7,10,98
S01012971,Level 1,218,155,117,6,32,63
S01012971,Level 2,93,78,70,3,5,15
S01012971,Level 3,69,54,43,4,7,15
S01012971,Level 4 and above,87,73,62,8,3,14
S01012972,All people aged 16 and over,612,398,334,33,31,214
S01012972,No qualifications,192,65,52,9,4,127
S01012972,Level 1,198,155,123,13,19,43
S01012972,Level 2,85,70,61,6,3,15
S01012972,Level 3,65,56,50,4,2,9
S01012972,Level 4 and above,72,52,48,1,3,20
S01012973,All people aged 16 and over,647,419,364,25,30,228
S01012973,No qualifications,215,72,59,7,6,143
S01012973,Level 1,179,141,118,10,13,38
S01012973,Level 2,89,76,70,3,3,13
S01012973,Level 3,83,69,62,2,5,14
S01012973,Level 4 and above,81,61,55,3,3,20
S01012974,All people aged 16 and over,884,458,367,38,53,426
S01012974,No qualifications,353,83,60,10,13,270
S01012974,Level 1,208,134,105,15,14,74
S01012974,Level 2,101,76,62,4,10,25
S01012974,Level 3,101,82,65,7,10,19
S01012974,Level 4 and above,121,83,75,2,6,38
S01012975,All people aged 16 and over,491,294,255,15,24,197
S01012975,No qualifications,188,58,54,1,3,130
S01012975,Level 1,141,115,99,5,11,26
S01012975,Level 2,62,49,41,4,4,13
S01012975,Level 3,44,30,27,1,2,14
S01012975,Level 4 and above,56,42,34,4,4,14
S01012976,All people aged 16 and over,427,266,222,16,28,161
S01012976,No qualifications,137,42,34,3,5,95
S01012976,Level 1,127,99,79,6,14,28
S01012976,Level 2,53,42,36,2,4,11
S01012976,Level 3,49,39,32,2,5,10
S01012976,Level 4 and above,61,44,41,3,0,17
S01012977,All people aged 16 and over,559,395,322,28,45,164
S01012977,No qualifications,124,63,51,9,3,61
S01012977,Level 1,207,149,113,10,26,58
S01012977,Level 2,90,70,56,4,10,20
S01012977,Level 3,69,52,47,2,3,17
S01012977,Level 4 and above,69,61,55,3,3,8
S01012978,All people aged 16 and over,647,427,339,33,55,220
S01012978,No qualifications,218,99,83,9,7,119
S01012978,Level 1,201,147,109,13,25,54
S01012978,Level 2,82,68,48,2,18,14
S01012978,Level 3,76,57,48,4,5,19
S01012978,Level 4 and above,70,56,51,5,0,14
S01012979,All people aged 16 and over,516,349,302,30,17,167
S01012979,No qualifications,147,59,47,7,5,88
S01012979,Level 1,146,110,97,7,6,36
S01012979,Level 2,73,55,48,4,3,18
S01012979,Level 3,54,50,45,4,1,4
S01012979,Level 4 and above,96,75,65,8,2,21
S01012980,All people aged 16 and over,527,373,307,23,43,154
S01012980,No qualifications,138,64,47,7,10,74
S01012980,Level 1,183,132,106,7,19,51
S01012980,Level 2,74,63,50,5,8,11
S01012980,Level 3,62,56,50,3,3,6
S01012980,Level 4 and above,70,58,54,1,3,12
S01012981,All people aged 16 and over,622,445,378,29,38,177
S01012981,No qualifications,133,56,51,3,2,77
S01012981,Level 1,185,144,113,11,20,41
S01012981,Level 2,131,98,87,4,7,33
S01012981,Level 3,73,64,58,3,3,9
S01012981,Level 4 and above,100,83,69,8,6,17
S01012982,All people aged 16 and over,662,460,401,20,39,202
S01012982,No qualifications,174,70,62,4,4,104
S01012982,Level 1,203,158,129,7,22,45
S01012982,Level 2,98,76,71,2,3,22
S01012982,Level 3,79,68,59,2,7,11
S01012982,Level 4 and above,108,88,80,5,3,20
S01012983,All people aged 16 and over,633,396,334,33,29,237
S01012983,No qualifications,119,42,37,2,3,77
S01012983,Level 1,169,110,86,10,14,59
S01012983,Level 2,97,70,59,7,4,27
S01012983,Level 3,89,71,62,4,5,18
S01012983,Level 4 and above,159,103,90,10,3,56
S01012984,All people aged 16 and over,530,368,316,26,26,162
S01012984,No qualifications,142,52,42,4,6,90
S01012984,Level 1,148,114,94,8,12,34
S01012984,Level 2,92,73,66,5,2,19
S01012984,Level 3,63,53,44,5,4,10
S01012984,Level 4 and above,85,76,70,4,2,9
S01012985,All people aged 16 and over,659,427,362,34,31,232
S01012985,No qualifications,182,68,57,8,3,114
S01012985,Level 1,185,129,106,8,15,56
S01012985,Level 2,101,81,67,7,7,20
S01012985,Level 3,69,56,48,5,3,13
S01012985,Level 4 and above,122,93,84,6,3,29
S01012986,All people aged 16 and over,626,396,344,25,27,230
S01012986,No qualifications,186,56,47,5,4,130
S01012986,Level 1,158,117,105,4,8,41
S01012986,Level 2,91,71,58,7,6,20
S01012986,Level 3,82,65,57,4,4,17
S01012986,Level 4 and above,109,87,77,5,5,22
S01012987,All people aged 16 and over,632,385,314,38,33,247
S01012987,No qualifications,220,55,43,5,7,165
S01012987,Level 1,144,112,90,12,10,32
S01012987,Level 2,97,78,61,10,7,19
S01012987,Level 3,66,56,50,4,2,10
S01012987,Level 4 and above,105,84,70,7,7,21
S01012988,All people aged 16 and over,744,421,357,31,33,323
S01012988,No qualifications,253,61,46,7,8,192
S01012988,Level 1,193,130,113,7,10,63
S01012988,Level 2,110,77,62,7,8,33
S01012988,Level 3,82,70,65,2,3,12
S01012988,Level 4 and above,106,83,71,8,4,23
S01012989,All people aged 16 and over,809,493,415,31,47,316
S01012989,No qualifications,231,54,43,6,5,177
S01012989,Level 1,210,152,119,9,24,58
S01012989,Level 2,137,112,97,7,8,25
S01012989,Level 3,94,80,73,3,4,14
S01012989,Level 4 and above,137,95,83,6,6,42
S01012990,All people aged 16 and over,516,302,262,17,23,214
S01012990,No qualifications,177,52,43,4,5,125
S01012990,Level 1,135,94,78,5,11,41
S01012990,Level 2,73,54,52,1,1,19
S01012990,Level 3,62,49,43,3,3,13
S01012990,Level 4 and above,69,53,46,4,3,16
S01012991,All people aged 16 and over,669,410,331,37,42,259
S01012991,No qualifications,192,47,36,6,5,145
S01012991,Level 1,170,121,90,10,21,49
S01012991,Level 2,96,77,65,5,7,19
S01012991,Level 3,88,71,61,6,4,17
S01012991,Level 4 and above,123,94,79,10,5,29
S01012992,All people aged 16 and over,659,394,332,26,36,265
S01012992,No qualifications,191,41,27,7,7,150
S01012992,Level 1,183,115,98,5,12,68
S01012992,Level 2,103,82,77,1,4,21
S01012992,Level 3,77,67,50,9,8,10
S01012992,Level 4 and above,105,89,80,4,5,16
S01012993,All people aged 16 and over,585,335,284,20,31,250
S01012993,No qualifications,178,48,39,2,7,130
S01012993,Level 1,157,106,87,6,13,51
S01012993,Level 2,88,61,52,4,5,27
S01012993,Level 3,65,52,47,3,2,13
S01012993,Level 4 and above,97,68,59,5,4,29
S01012994,All people aged 16 and over,760,477,381,37,59,283
S01012994,No qualifications,214,72,61,3,8,142
S01012994,Level 1,207,141,112,6,23,66
S01012994,Level 2,105,75,64,3,8,30
S01012994,Level 3,108,95,73,11,11,13
S01012994,Level 4 and above,126,94,71,14,9,32
S01012995,All people aged 16 and over,662,504,438,34,32,158
S01012995,No qualifications,128,49,38,7,4,79
S01012995,Level 1,173,132,109,9,14,41
S01012995,Level 2,128,114,104,4,6,14
S01012995,Level 3,95,84,73,6,5,11
S01012995,Level 4 and above,138,125,114,8,3,13
S01012996,All people aged 16 and over,550,422,352,36,34,128
S01012996,No qualifications,122,71,48,11,12,51
S01012996,Level 1,161,135,113,11,11,26
S01012996,Level 2,92,74,66,6,2,18
S01012996,Level 3,77,65,59,2,4,12
S01012996,Level 4 and above,98,77,66,6,5,21
S01012997,All people aged 16 and over,392,229,201,8,20,163
S01012997,No qualifications,112,31,23,2,6,81
S01012997,Level 1,114,80,67,3,10,34
S01012997,Level 2,50,31,27,1,3,19
S01012997,Level 3,47,35,34,0,1,12
S01012997,Level 4 and above,69,52,50,2,0,17
S01012998,All people aged 16 and over,837,597,509,54,34,240
S01012998,No qualifications,195,76,61,12,3,119
S01012998,Level 1,210,149,123,14,12,61
S01012998,Level 2,157,129,109,8,12,28
S01012998,Level 3,102,87,76,9,2,15
S01012998,Level 4 and above,173,156,140,11,5,17
S01012999,All people aged 16 and over,397,255,220,18,17,142
S01012999,No qualifications,106,39,31,5,3,67
S01012999,Level 1,114,83,71,4,8,31
S01012999,Level 2,60,45,43,2,0,15
S01012999,Level 3,50,39,30,4,5,11
S01012999,Level 4 and above,67,49,45,3,1,18
S01013000,All people aged 16 and over,549,345,290,25,30,204
S01013000,No qualifications,174,54,44,6,4,120
S01013000,Level 1,146,109,90,10,9,37
S01013000,Level 2,86,69,57,5,7,17
S01013000,Level 3,55,46,40,2,4,9
S01013000,Level 4 and above,88,67,59,2,6,21
S01013001,All people aged 16 and over,321,214,134,67,13,107
S01013001,No qualifications,52,29,14,14,1,23
S01013001,Level 1,54,37,26,7,4,17
S01013001,Level 2,38,25,18,7,0,13
S01013001,Level 3,26,17,10,7,0,9
S01013001,Level 4 and above,151,106,66,32,8,45
S01013002,All people aged 16 and over,405,261,178,75,8,144
S01013002,No qualifications,70,30,15,11,4,40
S01013002,Level 1,53,32,19,13,0,21
S01013002,Level 2,70,48,32,14,2,22
S01013002,Level 3,34,28,22,6,0,6
S01013002,Level 4 and above,178,123,90,31,2,55
S01013003,All people aged 16 and over,522,302,237,55,10,220
S01013003,No qualifications,39,17,10,6,1,22
S01013003,Level 1,61,29,22,6,1,32
S01013003,Level 2,71,46,37,7,2,25
S01013003,Level 3,58,39,33,3,3,19
S01013003,Level 4 and above,293,171,135,33,3,122
S01013004,All people aged 16 and over,533,338,252,72,14,195
S01013004,No qualifications,84,21,13,8,0,63
S01013004,Level 1,92,52,40,8,4,40
S01013004,Level 2,68,50,29,17,4,18
S01013004,Level 3,50,36,28,6,2,14
S01013004,Level 4 and above,239,179,142,33,4,60
S01013005,All people aged 16 and over,575,355,245,95,15,220
S01013005,No qualifications,71,27,17,10,0,44
S01013005,Level 1,82,48,27,16,5,34
S01013005,Level 2,90,52,39,11,2,38
S01013005,Level 3,50,38,25,11,2,12
S01013005,Level 4 and above,282,190,137,47,6,92
S01013006,All people aged 16 and over,503,327,235,78,14,176
S01013006,No qualifications,56,29,20,8,1,27
S01013006,Level 1,81,50,35,12,3,31
S01013006,Level 2,74,46,33,7,6,28
S01013006,Level 3,32,26,19,5,2,6
S01013006,Level 4 and above,260,176,128,46,2,84
S01013007,All people aged 16 and over,798,428,332,73,23,370
S01013007,No qualifications,100,25,12,7,6,75
S01013007,Level 1,115,58,43,12,3,57
S01013007,Level 2,123,67,47,17,3,56
S01013007,Level 3,65,37,32,4,1,28
S01013007,Level 4 and above,395,241,198,33,10,154
S01013008,All people aged 16 and over,616,367,272,71,24,249
S01013008,No qualifications,105,30,23,4,3,75
S01013008,Level 1,94,56,33,14,9,38
S01013008,Level 2,93,61,45,12,4,32
S01013008,Level 3,44,32,24,7,1,12
S01013008,Level 4 and above,280,188,147,34,7,92
S01013009,All people aged 16 and over,526,291,228,46,17,235
S01013009,No qualifications,98,21,14,5,2,77
S01013009,Level 1,103,67,48,10,9,36
S01013009,Level 2,90,66,55,8,3,24
S01013009,Level 3,62,40,33,7,0,22
S01013009,Level 4 and above,173,97,78,16,3,76
S01013010,All people aged 16 and over,481,329,210,105,14,152
S01013010,No qualifications,64,27,17,10,0,37
S01013010,Level 1,67,47,30,15,2,20
S01013010,Level 2,80,51,31,15,5,29
S01013010,Level 3,51,37,23,13,1,14
S01013010,Level 4 and above,219,167,109,52,6,52
S01013011,All people aged 16 and over,512,364,268,77,19,148
S01013011,No qualifications,63,34,22,9,3,29
S01013011,Level 1,94,56,38,13,5,38
S01013011,Level 2,90,63,43,15,5,27
S01013011,Level 3,59,46,36,9,1,13
S01013011,Level 4 and above,206,165,129,31,5,41
S01013012,All people aged 16 and over,540,321,259,48,14,219
S01013012,No qualifications,124,37,28,7,2,87
S01013012,Level 1,108,59,48,10,1,49
S01013012,Level 2,74,56,47,3,6,18
S01013012,Level 3,72,59,49,6,4,13
S01013012,Level 4 and above,162,110,87,22,1,52
S01013013,All people aged 16 and over,566,379,275,86,18,187
S01013013,No qualifications,88,27,16,11,0,61
S01013013,Level 1,103,75,50,21,4,28
S01013013,Level 2,82,59,43,8,8,23
S01013013,Level 3,67,50,36,12,2,17
S01013013,Level 4 and above,226,168,130,34,4,58
S01013014,All people aged 16 and over,607,362,251,88,23,245
S01013014,No qualifications,147,59,37,20,2,88
S01013014,Level 1,125,87,54,23,10,38
S01013014,Level 2,82,58,42,12,4,24
S01013014,Level 3,46,33,29,4,0,13
S01013014,Level 4 and above,207,125,89,29,7,82
S01013015,All people aged 16 and over,608,417,285,113,19,191
S01013015,No qualifications,103,57,28,24,5,46
S01013015,Level 1,102,67,38,24,5,35
S01013015,Level 2,99,76,56,18,2,23
S01013015,Level 3,49,42,30,9,3,7
S01013015,Level 4 and above,255,175,133,38,4,80
S01013016,All people aged 16 and over,497,340,217,111,12,157
S01013016,No qualifications,64,31,10,18,3,33
S01013016,Level 1,75,50,29,19,2,25
S01013016,Level 2,72,48,30,16,2,24
S01013016,Level 3,44,34,22,12,0,10
S01013016,Level 4 and above,242,177,126,46,5,65
S01013017,All people aged 16 and over,659,396,303,78,15,263
S01013017,No qualifications,128,35,26,6,3,93
S01013017,Level 1,135,82,60,18,4,53
S01013017,Level 2,88,50,39,9,2,38
S01013017,Level 3,55,40,35,5,0,15
S01013017,Level 4 and above,253,189,143,40,6,64
S01013018,All people aged 16 and over,770,499,360,113,26,271
S01013018,No qualifications,114,38,20,14,4,76
S01013018,Level 1,132,82,60,18,4,50
S01013018,Level 2,126,93,68,18,7,33
S01013018,Level 3,64,46,27,15,4,18
S01013018,Level 4 and above,334,240,185,48,7,94
S01013019,All people aged 16 and over,687,483,385,76,22,204
S01013019,No qualifications,69,25,11,13,1,44
S01013019,Level 1,117,75,58,9,8,42
S01013019,Level 2,98,75,59,10,6,23
S01013019,Level 3,57,48,35,10,3,9
S01013019,Level 4 and above,346,260,222,34,4,86
S01013020,All people aged 16 and over,405,254,221,21,12,151
S01013020,No qualifications,147,50,41,7,2,97
S01013020,Level 1,89,65,56,3,6,24
S01013020,Level 2,54,43,39,3,1,11
S01013020,Level 3,32,25,21,2,2,7
S01013020,Level 4 and above,83,71,64,6,1,12
S01013021,All people aged 16 and over,376,257,217,26,14,119
S01013021,No qualifications,96,34,30,2,2,62
S01013021,Level 1,111,84,63,12,9,27
S01013021,Level 2,69,57,50,7,0,12
S01013021,Level 3,30,21,18,2,1,9
S01013021,Level 4 and above,70,61,56,3,2,9
S01013022,All people aged 16 and over,324,231,192,19,20,93
S01013022,No qualifications,56,26,17,6,3,30
S01013022,Level 1,67,41,32,3,6,26
S01013022,Level 2,62,47,41,3,3,15
S01013022,Level 3,34,27,23,1,3,7
S01013022,Level 4 and above,105,90,79,6,5,15
S01013023,All people aged 16 and over,709,414,348,54,12,295
S01013023,No qualifications,93,22,13,5,4,71
S01013023,Level 1,113,58,45,10,3,55
S01013023,Level 2,86,60,54,5,1,26
S01013023,Level 3,64,40,35,3,2,24
S01013023,Level 4 and above,353,234,201,31,2,119
S01013024,All people aged 16 and over,422,255,206,36,13,167
S01013024,No qualifications,61,13,9,4,0,48
S01013024,Level 1,78,39,30,3,6,39
S01013024,Level 2,59,45,35,5,5,14
S01013024,Level 3,39,28,19,8,1,11
S01013024,Level 4 and above,185,130,113,16,1,55
S01013025,All people aged 16 and over,478,302,182,109,11,176
S01013025,No qualifications,115,39,16,22,1,76
S01013025,Level 1,102,71,40,26,5,31
S01013025,Level 2,60,46,31,12,3,14
S01013025,Level 3,47,39,21,16,2,8
S01013025,Level 4 and above,154,107,74,33,0,47
S01013026,All people aged 16 and over,812,545,472,38,35,267
S01013026,No qualifications,253,104,81,8,15,149
S01013026,Level 1,197,140,112,13,15,57
S01013026,Level 2,117,95,84,8,3,22
S01013026,Level 3,72,64,60,3,1,8
S01013026,Level 4 and above,173,142,135,6,1,31
S01013027,All people aged 16 and over,794,464,365,28,71,330
S01013027,No qualifications,340,141,105,9,27,199
S01013027,Level 1,231,157,123,5,29,74
S01013027,Level 2,95,75,67,4,4,20
S01013027,Level 3,49,38,30,2,6,11
S01013027,Level 4 and above,79,53,40,8,5,26
S01013028,All people aged 16 and over,393,287,218,52,17,106
S01013028,No qualifications,108,59,42,14,3,49
S01013028,Level 1,115,84,63,15,6,31
S01013028,Level 2,49,37,33,2,2,12
S01013028,Level 3,38,34,26,7,1,4
S01013028,Level 4 and above,83,73,54,14,5,10
S01013029,All people aged 16 and over,490,269,241,11,17,221
S01013029,No qualifications,228,75,66,3,6,153
S01013029,Level 1,141,100,90,4,6,41
S01013029,Level 2,58,48,44,1,3,10
S01013029,Level 3,21,18,16,0,2,3
S01013029,Level 4 and above,42,28,25,3,0,14
S01013030,All people aged 16 and over,481,315,247,27,41,166
S01013030,No qualifications,203,97,79,9,9,106
S01013030,Level 1,142,112,77,9,26,30
S01013030,Level 2,54,43,39,1,3,11
S01013030,Level 3,34,25,22,2,1,9
S01013030,Level 4 and above,48,38,30,6,2,10
S01013031,All people aged 16 and over,505,337,283,19,35,168
S01013031,No qualifications,223,106,90,8,8,117
S01013031,Level 1,153,123,97,7,19,30
S01013031,Level 2,55,47,43,1,3,8
S01013031,Level 3,31,27,24,2,1,4
S01013031,Level 4 and above,43,34,29,1,4,9
S01013032,All people aged 16 and over,571,478,409,52,17,93
S01013032,No qualifications,95,56,43,11,2,39
S01013032,Level 1,177,145,123,16,6,32
S01013032,Level 2,95,89,75,10,4,6
S01013032,Level 3,66,61,54,4,3,5
S01013032,Level 4 and above,138,127,114,11,2,11
S01013033,All people aged 16 and over,512,395,340,33,22,117
S01013033,No qualifications,115,60,52,4,4,55
S01013033,Level 1,180,145,120,14,11,35
S01013033,Level 2,73,64,50,9,5,9
S01013033,Level 3,56,51,47,3,1,5
S01013033,Level 4 and above,88,75,71,3,1,13
S01013034,All people aged 16 and over,576,365,316,19,30,211
S01013034,No qualifications,259,107,91,6,10,152
S01013034,Level 1,158,128,109,4,15,30
S01013034,Level 2,59,50,46,2,2,9
S01013034,Level 3,42,36,32,3,1,6
S01013034,Level 4 and above,58,44,38,4,2,14
S01013035,All people aged 16 and over,548,336,277,16,43,212
S01013035,No qualifications,238,102,88,1,13,136
S01013035,Level 1,184,143,114,5,24,41
S01013035,Level 2,58,44,34,5,5,14
S01013035,Level 3,29,20,17,2,1,9
S01013035,Level 4 and above,39,27,24,3,0,12
S01013036,All people aged 16 and over,605,413,317,27,69,192
S01013036,No qualifications,247,137,105,11,21,110
S01013036,Level 1,212,163,124,7,32,49
S01013036,Level 2,52,40,29,2,9,12
S01013036,Level 3,46,40,34,4,2,6
S01013036,Level 4 and above,48,33,25,3,5,15
S01013037,All people aged 16 and over,654,424,353,44,27,230
S01013037,No qualifications,155,34,27,4,3,121
S01013037,Level 1,167,120,94,17,9,47
S01013037,Level 2,110,89,74,6,9,21
S01013037,Level 3,62,53,47,3,3,9
S01013037,Level 4 and above,160,128,111,14,3,32
S01013038,All people aged 16 and over,811,512,427,36,49,299
S01013038,No qualifications,261,89,68,9,12,172
S01013038,Level 1,230,159,132,10,17,71
S01013038,Level 2,116,93,79,5,9,23
S01013038,Level 3,61,54,45,3,6,7
S01013038,Level 4 and above,143,117,103,9,5,26
S01013039,All people aged 16 and over,427,340,299,25,16,87
S01013039,No qualifications,45,20,19,1,0,25
S01013039,Level 1,119,85,71,11,3,34
S01013039,Level 2,93,86,76,6,4,7
S01013039,Level 3,41,36,32,1,3,5
S01013039,Level 4 and above,129,113,101,6,6,16
S01013040,All people aged 16 and over,544,305,255,32,18,239
S01013040,No qualifications,181,53,42,6,5,128
S01013040,Level 1,149,96,82,10,4,53
S01013040,Level 2,70,51,39,9,3,19
S01013040,Level 3,60,41,37,1,3,19
S01013040,Level 4 and above,84,64,55,6,3,20
S01013041,All people aged 16 and over,485,350,297,29,24,135
S01013041,No qualifications,143,63,51,5,7,80
S01013041,Level 1,126,102,81,10,11,24
S01013041,Level 2,68,60,54,4,2,8
S01013041,Level 3,45,41,36,2,3,4
S01013041,Level 4 and above,103,84,75,8,1,19
S01013042,All people aged 16 and over,650,475,391,57,27,175
S01013042,No qualifications,154,63,41,15,7,91
S01013042,Level 1,159,125,104,11,10,34
S01013042,Level 2,115,95,78,12,5,20
S01013042,Level 3,71,55,46,6,3,16
S01013042,Level 4 and above,151,137,122,13,2,14
S01013043,All people aged 16 and over,558,342,270,27,45,216
S01013043,No qualifications,219,82,59,7,16,137
S01013043,Level 1,167,124,99,8,17,43
S01013043,Level 2,62,53,44,4,5,9
S01013043,Level 3,49,40,32,4,4,9
S01013043,Level 4 and above,61,43,36,4,3,18
S01013044,All people aged 16 and over,649,405,336,27,42,244
S01013044,No qualifications,230,95,68,15,12,135
S01013044,Level 1,208,142,121,5,16,66
S01013044,Level 2,86,65,56,2,7,21
S01013044,Level 3,56,52,44,3,5,4
S01013044,Level 4 and above,69,51,47,2,2,18
S01013045,All people aged 16 and over,541,374,318,32,24,167
S01013045,No qualifications,149,62,52,5,5,87
S01013045,Level 1,142,97,79,9,9,45
S01013045,Level 2,72,56,45,8,3,16
S01013045,Level 3,55,48,43,2,3,7
S01013045,Level 4 and above,123,111,99,8,4,12
S01013046,All people aged 16 and over,421,250,220,14,16,171
S01013046,No qualifications,157,59,56,1,2,98
S01013046,Level 1,126,86,71,7,8,40
S01013046,Level 2,47,32,29,1,2,15
S01013046,Level 3,38,33,26,4,3,5
S01013046,Level 4 and above,53,40,38,1,1,13
S01013047,All people aged 16 and over,703,557,485,54,18,146
S01013047,No qualifications,89,41,30,10,1,48
S01013047,Level 1,167,126,106,12,8,41
S01013047,Level 2,129,109,92,12,5,20
S01013047,Level 3,105,98,91,6,1,7
S01013047,Level 4 and above,213,183,166,14,3,30
S01013048,All people aged 16 and over,684,539,486,26,27,145
S01013048,No qualifications,124,53,48,4,1,71
S01013048,Level 1,172,142,122,5,15,30
S01013048,Level 2,130,114,102,8,4,16
S01013048,Level 3,67,61,58,2,1,6
S01013048,Level 4 and above,191,169,156,7,6,22
S01013049,All people aged 16 and over,685,465,400,41,24,220
S01013049,No qualifications,105,35,26,8,1,70
S01013049,Level 1,173,122,103,9,10,51
S01013049,Level 2,108,78,62,10,6,30
S01013049,Level 3,72,53,50,2,1,19
S01013049,Level 4 and above,227,177,159,12,6,50
S01013050,All people aged 16 and over,649,364,293,35,36,285
S01013050,No qualifications,188,54,34,10,10,134
S01013050,Level 1,169,95,71,10,14,74
S01013050,Level 2,89,65,58,3,4,24
S01013050,Level 3,71,57,49,3,5,14
S01013050,Level 4 and above,132,93,81,9,3,39
S01013051,All people aged 16 and over,763,462,386,33,43,301
S01013051,No qualifications,249,77,58,6,13,172
S01013051,Level 1,240,179,145,17,17,61
S01013051,Level 2,94,75,67,2,6,19
S01013051,Level 3,63,47,44,2,1,16
S01013051,Level 4 and above,117,84,72,6,6,33
S01013052,All people aged 16 and over,637,348,298,23,27,289
S01013052,No qualifications,232,65,52,7,6,167
S01013052,Level 1,164,108,86,8,14,56
S01013052,Level 2,79,62,58,2,2,17
S01013052,Level 3,51,37,31,2,4,14
S01013052,Level 4 and above,111,76,71,4,1,35
S01013053,All people aged 16 and over,526,296,232,31,33,230
S01013053,No qualifications,202,61,45,10,6,141
S01013053,Level 1,153,97,73,10,14,56
S01013053,Level 2,47,37,30,1,6,10
S01013053,Level 3,41,36,30,2,4,5
S01013053,Level 4 and above,83,65,54,8,3,18
S01013054,All people aged 16 and over,577,358,300,32,26,219
S01013054,No qualifications,165,64,49,8,7,101
S01013054,Level 1,155,109,92,6,11,46
S01013054,Level 2,70,49,41,4,4,21
S01013054,Level 3,51,40,37,2,1,11
S01013054,Level 4 and above,136,96,81,12,3,40
S01013055,All people aged 16 and over,581,337,269,38,30,244
S01013055,No qualifications,190,67,52,8,7,123
S01013055,Level 1,171,111,83,14,14,60
S01013055,Level 2,71,52,42,5,5,19
S01013055,Level 3,42,33,28,2,3,9
S01013055,Level 4 and above,107,74,64,9,1,33
S01013056,All people aged 16 and over,774,461,371,54,36,313
S01013056,No qualifications,293,103,83,10,10,190
S01013056,Level 1,215,155,123,17,15,60
S01013056,Level 2,86,67,54,8,5,19
S01013056,Level 3,71,52,45,5,2,19
S01013056,Level 4 and above,109,84,66,14,4,25
S01013057,All people aged 16 and over,641,387,282,32,73,254
S01013057,No qualifications,227,87,54,7,26,140
S01013057,Level 1,205,135,95,9,31,70
S01013057,Level 2,66,52,43,3,6,14
S01013057,Level 3,48,38,34,0,4,10
S01013057,Level 4 and above,95,75,56,13,6,20
S01013058,All people aged 16 and over,420,355,305,33,17,65
S01013058,No qualifications,33,18,16,2,0,15
S01013058,Level 1,75,62,50,5,7,13
S01013058,Level 2,80,67,52,10,5,13
S01013058,Level 3,49,41,37,2,2,8
S01013058,Level 4 and above,183,167,150,14,3,16
S01013059,All people aged 16 and over,669,327,267,43,17,342
S01013059,No qualifications,129,26,18,8,0,103
S01013059,Level 1,110,50,35,9,6,60
S01013059,Level 2,86,49,35,9,5,37
S01013059,Level 3,58,36,33,2,1,22
S01013059,Level 4 and above,286,166,146,15,5,120
S01013060,All people aged 16 and over,449,251,196,41,14,198
S01013060,No qualifications,70,19,13,4,2,51
S01013060,Level 1,72,31,18,7,6,41
S01013060,Level 2,52,37,34,2,1,15
S01013060,Level 3,38,22,17,4,1,16
S01013060,Level 4 and above,217,142,114,24,4,75
S01013061,All people aged 16 and over,683,351,303,40,8,332
S01013061,No qualifications,79,18,10,8,0,61
S01013061,Level 1,93,38,32,5,1,55
S01013061,Level 2,94,62,58,3,1,32
S01013061,Level 3,64,40,35,5,0,24
S01013061,Level 4 and above,353,193,168,19,6,160
S01013062,All people aged 16 and over,746,388,297,79,12,358
S01013062,No qualifications,83,14,11,2,1,69
S01013062,Level 1,106,46,32,14,0,60
S01013062,Level 2,78,42,28,11,3,36
S01013062,Level 3,53,36,25,8,3,17
S01013062,Level 4 and above,426,250,201,44,5,176
S01013063,All people aged 16 and over,678,391,293,77,21,287
S01013063,No qualifications,73,18,5,12,1,55
S01013063,Level 1,70,35,25,6,4,35
S01013063,Level 2,88,52,38,6,8,36
S01013063,Level 3,49,29,23,4,2,20
S01013063,Level 4 and above,398,257,202,49,6,141
S01013064,All people aged 16 and over,714,412,340,39,33,302
S01013064,No qualifications,255,66,56,5,5,189
S01013064,Level 1,188,136,105,13,18,52
S01013064,Level 2,104,83,72,5,6,21
S01013064,Level 3,55,42,35,6,1,13
S01013064,Level 4 and above,112,85,72,10,3,27
S01013065,All people aged 16 and over,731,430,359,33,38,301
S01013065,No qualifications,207,49,42,1,6,158
S01013065,Level 1,189,127,98,12,17,62
S01013065,Level 2,112,78,66,5,7,34
S01013065,Level 3,72,53,46,5,2,19
S01013065,Level 4 and above,151,123,107,10,6,28
S01013066,All people aged 16 and over,614,411,323,43,45,203
S01013066,No qualifications,181,65,43,8,14,116
S01013066,Level 1,136,99,72,13,14,37
S01013066,Level 2,80,56,40,6,10,24
S01013066,Level 3,63,53,46,2,5,10
S01013066,Level 4 and above,154,138,122,14,2,16
S01013067,All people aged 16 and over,774,498,392,32,74,276
S01013067,No qualifications,44,19,7,4,8,25
S01013067,Level 1,97,60,47,5,8,37
S01013067,Level 2,262,183,143,7,33,79
S01013067,Level 3,77,54,44,4,6,23
S01013067,Level 4 and above,294,182,151,12,19,112
S01013068,All people aged 16 and over,659,418,311,29,78,241
S01013068,No qualifications,116,38,24,2,12,78
S01013068,Level 1,125,79,50,2,27,46
S01013068,Level 2,134,86,62,7,17,48
S01013068,Level 3,68,47,38,2,7,21
S01013068,Level 4 and above,216,168,137,16,15,48
S01013069,All people aged 16 and over,670,426,329,28,69,244
S01013069,No qualifications,85,34,26,2,6,51
S01013069,Level 1,108,78,53,4,21,30
S01013069,Level 2,200,123,98,2,23,77
S01013069,Level 3,43,34,26,4,4,9
S01013069,Level 4 and above,234,157,126,16,15,77
S01013070,All people aged 16 and over,561,312,249,16,47,249
S01013070,No qualifications,93,43,31,6,6,50
S01013070,Level 1,88,52,38,3,11,36
S01013070,Level 2,132,82,66,3,13,50
S01013070,Level 3,70,41,36,2,3,29
S01013070,Level 4 and above,178,94,78,2,14,84
S01013071,All people aged 16 and over,924,569,446,22,101,355
S01013071,No qualifications,52,22,13,3,6,30
S01013071,Level 1,121,77,51,4,22,44
S01013071,Level 2,366,235,172,7,56,131
S01013071,Level 3,71,48,44,0,4,23
S01013071,Level 4 and above,314,187,166,8,13,127
S01013072,All people aged 16 and over,433,237,195,9,33,196
S01013072,No qualifications,240,103,83,3,17,137
S01013072,Level 1,106,71,56,2,13,35
S01013072,Level 2,34,26,23,1,2,8
S01013072,Level 3,17,13,12,1,0,4
S01013072,Level 4 and above,36,24,21,2,1,12
S01013073,All people aged 16 and over,639,400,328,18,54,239
S01013073,No qualifications,227,85,59,6,20,142
S01013073,Level 1,153,100,81,3,16,53
S01013073,Level 2,75,58,52,0,6,17
S01013073,Level 3,37,29,26,1,2,8
S01013073,Level 4 and above,147,128,110,8,10,19
S01013074,All people aged 16 and over,526,307,216,33,58,219
S01013074,No qualifications,243,116,79,6,31,127
S01013074,Level 1,144,99,70,10,19,45
S01013074,Level 2,58,38,30,4,4,20
S01013074,Level 3,34,29,19,6,4,5
S01013074,Level 4 and above,47,25,18,7,0,22
S01013075,All people aged 16 and over,750,362,261,35,66,388
S01013075,No qualifications,358,120,84,10,26,238
S01013075,Level 1,173,100,64,12,24,73
S01013075,Level 2,79,49,39,4,6,30
S01013075,Level 3,48,29,21,1,7,19
S01013075,Level 4 and above,92,64,53,8,3,28
S01013076,All people aged 16 and over,652,381,281,40,60,271
S01013076,No qualifications,60,27,19,2,6,33
S01013076,Level 1,111,65,39,12,14,46
S01013076,Level 2,192,127,93,10,24,65
S01013076,Level 3,44,29,25,3,1,15
S01013076,Level 4 and above,245,133,105,13,15,112
S01013077,All people aged 16 and over,544,305,249,11,45,239
S01013077,No qualifications,215,82,65,2,15,133
S01013077,Level 1,161,101,80,4,17,60
S01013077,Level 2,45,32,28,1,3,13
S01013077,Level 3,45,33,31,1,1,12
S01013077,Level 4 and above,78,57,45,3,9,21
S01013078,All people aged 16 and over,436,264,203,18,43,172
S01013078,No qualifications,154,74,56,4,14,80
S01013078,Level 1,142,103,80,5,18,39
S01013078,Level 2,37,22,18,2,2,15
S01013078,Level 3,37,26,19,2,5,11
S01013078,Level 4 and above,66,39,30,5,4,27
S01013079,All people aged 16 and over,1086,644,524,75,45,442
S01013079,No qualifications,249,48,33,6,9,201
S01013079,Level 1,230,120,93,15,12,110
S01013079,Level 2,169,118,84,16,18,51
S01013079,Level 3,86,72,66,5,1,14
S01013079,Level 4 and above,352,286,248,33,5,66
S01013080,All people aged 16 and over,738,436,345,65,26,302
S01013080,No qualifications,131,36,25,9,2,95
S01013080,Level 1,109,64,47,14,3,45
S01013080,Level 2,119,69,50,9,10,50
S01013080,Level 3,70,47,38,8,1,23
S01013080,Level 4 and above,309,220,185,25,10,89
S01013081,All people aged 16 and over,548,346,282,46,18,202
S01013081,No qualifications,78,22,15,4,3,56
S01013081,Level 1,95,54,37,12,5,41
S01013081,Level 2,84,63,55,5,3,21
S01013081,Level 3,69,54,42,9,3,15
S01013081,Level 4 and above,222,153,133,16,4,69
S01013082,All people aged 16 and over,736,449,392,45,12,287
S01013082,No qualifications,125,33,22,7,4,92
S01013082,Level 1,151,89,80,7,2,62
S01013082,Level 2,123,88,83,5,0,35
S01013082,Level 3,99,70,61,6,3,29
S01013082,Level 4 and above,238,169,146,20,3,69
S01013083,All people aged 16 and over,2207,1093,686,40,367,1114
S01013083,No qualifications,81,21,13,4,4,60
S01013083,Level 1,246,85,54,8,23,161
S01013083,Level 2,1315,685,397,13,275,630
S01013083,Level 3,198,109,69,5,35,89
S01013083,Level 4 and above,367,193,153,10,30,174
S01013084,All people aged 16 and over,624,369,298,56,15,255
S01013084,No qualifications,80,24,20,4,0,56
S01013084,Level 1,86,47,34,7,6,39
S01013084,Level 2,101,77,68,5,4,24
S01013084,Level 3,64,48,41,7,0,16
S01013084,Level 4 and above,293,173,135,33,5,120
S01013085,All people aged 16 and over,596,233,177,28,28,363
S01013085,No qualifications,169,26,21,3,2,143
S01013085,Level 1,97,50,38,7,5,47
S01013085,Level 2,50,33,27,6,0,17
S01013085,Level 3,31,25,22,0,3,6
S01013085,Level 4 and above,249,99,69,12,18,150
S01013086,All people aged 16 and over,760,474,381,64,29,286
S01013086,No qualifications,95,32,22,6,4,63
S01013086,Level 1,81,59,43,12,4,22
S01013086,Level 2,124,84,63,11,10,40
S01013086,Level 3,63,40,34,3,3,23
S01013086,Level 4 and above,397,259,219,32,8,138
S01013087,All people aged 16 and over,689,374,260,92,22,315
S01013087,No qualifications,68,14,7,6,1,54
S01013087,Level 1,65,26,18,4,4,39
S01013087,Level 2,85,48,30,13,5,37
S01013087,Level 3,39,23,13,9,1,16
S01013087,Level 4 and above,432,263,192,60,11,169
S01013088,All people aged 16 and over,773,446,326,102,18,327
S01013088,No qualifications,73,25,13,11,1,48
S01013088,Level 1,87,42,27,13,2,45
S01013088,Level 2,104,62,43,15,4,42
S01013088,Level 3,67,39,28,9,2,28
S01013088,Level 4 and above,442,278,215,54,9,164
S01013089,All people aged 16 and over,633,364,307,33,24,269
S01013089,No qualifications,151,46,39,3,4,105
S01013089,Level 1,123,83,63,12,8,40
S01013089,Level 2,89,55,44,8,3,34
S01013089,Level 3,48,37,35,1,1,11
S01013089,Level 4 and above,222,143,126,9,8,79
S01013090,All people aged 16 and over,688,460,376,51,33,228
S01013090,No qualifications,78,30,19,9,2,48
S01013090,Level 1,94,53,38,7,8,41
S01013090,Level 2,134,88,79,3,6,46
S01013090,Level 3,44,32,27,2,3,12
S01013090,Level 4 and above,338,257,213,30,14,81
S01013091,All people aged 16 and over,462,302,263,22,17,160
S01013091,No qualifications,26,5,4,0,1,21
S01013091,Level 1,63,39,34,4,1,24
S01013091,Level 2,107,66,53,5,8,41
S01013091,Level 3,38,27,23,2,2,11
S01013091,Level 4 and above,228,165,149,11,5,63
S01013092,All people aged 16 and over,741,480,391,52,37,261
S01013092,No qualifications,124,36,28,4,4,88
S01013092,Level 1,148,95,79,10,6,53
S01013092,Level 2,132,94,71,11,12,38
S01013092,Level 3,61,43,33,6,4,18
S01013092,Level 4 and above,276,212,180,21,11,64
S01013093,All people aged 16 and over,410,240,168,65,7,170
S01013093,No qualifications,50,14,10,4,0,36
S01013093,Level 1,84,44,28,15,1,40
S01013093,Level 2,58,40,29,8,3,18
S01013093,Level 3,31,20,16,4,0,11
S01013093,Level 4 and above,187,122,85,34,3,65
S01013094,All people aged 16 and over,477,287,237,38,12,190
S01013094,No qualifications,23,7,5,1,1,16
S01013094,Level 1,78,33,19,11,3,45
S01013094,Level 2,65,40,40,0,0,25
S01013094,Level 3,43,29,25,1,3,14
S01013094,Level 4 and above,268,178,148,25,5,90
S01013095,All people aged 16 and over,632,422,358,57,7,210
S01013095,No qualifications,33,13,10,3,0,20
S01013095,Level 1,67,26,17,7,2,41
S01013095,Level 2,88,60,54,4,2,28
S01013095,Level 3,38,28,24,4,0,10
S01013095,Level 4 and above,406,295,253,39,3,111
S01013096,All people aged 16 and over,448,256,219,21,16,192
S01013096,No qualifications,103,41,33,7,1,62
S01013096,Level 1,122,59,48,5,6,63
S01013096,Level 2,84,47,36,5,6,37
S01013096,Level 3,34,25,23,1,1,9
S01013096,Level 4 and above,105,84,79,3,2,21
S01013097,All people aged 16 and over,494,358,261,88,9,136
S01013097,No qualifications,56,27,16,11,0,29
S01013097,Level 1,63,38,23,12,3,25
S01013097,Level 2,73,56,40,13,3,17
S01013097,Level 3,40,28,20,7,1,12
S01013097,Level 4 and above,262,209,162,45,2,53
S01013098,All people aged 16 and over,421,330,281,42,7,91
S01013098,No qualifications,11,5,3,2,0,6
S01013098,Level 1,53,29,23,5,1,24
S01013098,Level 2,38,25,22,2,1,13
S01013098,Level 3,44,39,34,5,0,5
S01013098,Level 4 and above,275,232,199,28,5,43
S01013099,All people aged 16 and over,791,446,349,72,25,345
S01013099,No qualifications,132,25,16,7,2,107
S01013099,Level 1,118,62,41,12,9,56
S01013099,Level 2,84,59,49,8,2,25
S01013099,Level 3,66,49,35,11,3,17
S01013099,Level 4 and above,391,251,208,34,9,140
S01013100,All people aged 16 and over,495,243,182,54,7,252
S01013100,No qualifications,57,12,7,4,1,45
S01013100,Level 1,49,13,8,5,0,36
S01013100,Level 2,45,21,16,2,3,24
S01013100,Level 3,30,14,4,8,2,16
S01013100,Level 4 and above,314,183,147,35,1,131
S01013101,All people aged 16 and over,835,482,377,55,50,353
S01013101,No qualifications,259,75,50,15,10,184
S01013101,Level 1,170,119,87,13,19,51
S01013101,Level 2,109,79,63,7,9,30
S01013101,Level 3,73,55,45,5,5,18
S01013101,Level 4 and above,224,154,132,15,7,70
S01013102,All people aged 16 and over,501,265,228,27,10,236
S01013102,No qualifications,93,13,11,2,0,80
S01013102,Level 1,67,30,25,3,2,37
S01013102,Level 2,59,44,39,2,3,15
S01013102,Level 3,42,26,23,2,1,16
S01013102,Level 4 and above,240,152,130,18,4,88
S01013103,All people aged 16 and over,619,458,376,58,24,161
S01013103,No qualifications,37,15,10,5,0,22
S01013103,Level 1,100,70,47,15,8,30
S01013103,Level 2,98,72,58,9,5,26
S01013103,Level 3,64,50,43,4,3,14
S01013103,Level 4 and above,320,251,218,25,8,69
S01013104,All people aged 16 and over,795,503,400,77,26,292
S01013104,No qualifications,90,30,22,7,1,60
S01013104,Level 1,127,79,60,12,7,48
S01013104,Level 2,128,91,70,14,7,37
S01013104,Level 3,69,51,45,5,1,18
S01013104,Level 4 and above,381,252,203,39,10,129
S01013105,All people aged 16 and over,732,438,344,76,18,294
S01013105,No qualifications,82,16,12,4,0,66
S01013105,Level 1,103,51,38,6,7,52
S01013105,Level 2,107,63,50,8,5,44
S01013105,Level 3,59,44,34,9,1,15
S01013105,Level 4 and above,381,264,210,49,5,117
S01013106,All people aged 16 and over,659,427,333,75,19,232
S01013106,No qualifications,145,40,27,10,3,105
S01013106,Level 1,146,105,79,19,7,41
S01013106,Level 2,88,72,53,17,2,16
S01013106,Level 3,68,50,40,9,1,18
S01013106,Level 4 and above,212,160,134,20,6,52
S01013107,All people aged 16 and over,556,352,263,80,9,204
S01013107,No qualifications,75,38,20,17,1,37
S01013107,Level 1,92,49,36,11,2,43
S01013107,Level 2,77,49,36,10,3,28
S01013107,Level 3,60,41,30,11,0,19
S01013107,Level 4 and above,252,175,141,31,3,77
S01013108,All people aged 16 and over,478,280,214,46,20,198
S01013108,No qualifications,101,45,34,5,6,56
S01013108,Level 1,96,50,38,4,8,46
S01013108,Level 2,68,45,37,7,1,23
S01013108,Level 3,60,41,32,6,3,19
S01013108,Level 4 and above,153,99,73,24,2,54
S01013109,All people aged 16 and over,888,600,425,152,23,288
S01013109,No qualifications,199,86,54,27,5,113
S01013109,Level 1,161,107,75,29,3,54
S01013109,Level 2,117,83,50,30,3,34
S01013109,Level 3,63,51,35,13,3,12
S01013109,Level 4 and above,348,273,211,53,9,75
S01013110,All people aged 16 and over,488,316,197,109,10,172
S01013110,No qualifications,103,50,26,23,1,53
S01013110,Level 1,78,48,29,16,3,30
S01013110,Level 2,72,54,36,18,0,18
S01013110,Level 3,47,36,21,13,2,11
S01013110,Level 4 and above,188,128,85,39,4,60
S01013111,All people aged 16 and over,376,236,155,75,6,140
S01013111,No qualifications,63,28,19,9,0,35
S01013111,Level 1,55,24,11,10,3,31
S01013111,Level 2,51,27,15,12,0,24
S01013111,Level 3,28,23,13,8,2,5
S01013111,Level 4 and above,179,134,97,36,1,45
S01013112,All people aged 16 and over,489,330,265,46,19,159
S01013112,No qualifications,90,36,24,6,6,54
S01013112,Level 1,115,75,56,12,7,40
S01013112,Level 2,74,58,47,9,2,16
S01013112,Level 3,57,45,39,5,1,12
S01013112,Level 4 and above,153,116,99,14,3,37
S01013113,All people aged 16 and over,680,380,295,60,25,300
S01013113,No qualifications,238,78,58,14,6,160
S01013113,Level 1,187,124,96,22,6,63
S01013113,Level 2,80,56,43,9,4,24
S01013113,Level 3,42,34,29,1,4,8
S01013113,Level 4 and above,133,88,69,14,5,45
S01013114,All people aged 16 and over,676,442,320,101,21,234
S01013114,No qualifications,129,42,21,15,6,87
S01013114,Level 1,159,119,96,19,4,40
S01013114,Level 2,92,67,47,16,4,25
S01013114,Level 3,58,47,31,14,2,11
S01013114,Level 4 and above,238,167,125,37,5,71
S01013115,All people aged 16 and over,574,327,241,66,20,247
S01013115,No qualifications,141,39,32,6,1,102
S01013115,Level 1,125,87,60,15,12,38
S01013115,Level 2,92,66,51,12,3,26
S01013115,Level 3,47,36,24,11,1,11
S01013115,Level 4 and above,169,99,74,22,3,70
S01013116,All people aged 16 and over,682,354,261,81,12,328
S01013116,No qualifications,107,30,19,10,1,77
S01013116,Level 1,102,52,38,10,4,50
S01013116,Level 2,97,53,40,12,1,44
S01013116,Level 3,72,47,36,9,2,25
S01013116,Level 4 and above,304,172,128,40,4,132
S01013117,All people aged 16 and over,510,373,297,63,13,137
S01013117,No qualifications,107,53,41,11,1,54
S01013117,Level 1,117,94,69,18,7,23
S01013117,Level 2,88,65,54,10,1,23
S01013117,Level 3,38,32,27,5,0,6
S01013117,Level 4 and above,160,129,106,19,4,31
S01013118,All people aged 16 and over,454,326,240,74,12,128
S01013118,No qualifications,59,20,9,10,1,39
S01013118,Level 1,102,87,70,12,5,15
S01013118,Level 2,66,46,35,11,0,20
S01013118,Level 3,34,29,22,6,1,5
S01013118,Level 4 and above,193,144,104,35,5,49
S01013119,All people aged 16 and over,668,413,249,150,14,255
S01013119,No qualifications,143,70,40,28,2,73
S01013119,Level 1,131,81,53,24,4,50
S01013119,Level 2,78,51,30,16,5,27
S01013119,Level 3,54,35,18,17,0,19
S01013119,Level 4 and above,262,176,108,65,3,86
S01013120,All people aged 16 and over,832,556,389,146,21,276
S01013120,No qualifications,209,95,68,23,4,114
S01013120,Level 1,165,116,82,27,7,49
S01013120,Level 2,119,93,71,15,7,26
S01013120,Level 3,89,60,45,14,1,29
S01013120,Level 4 and above,250,192,123,67,2,58
S01013121,All people aged 16 and over,332,250,162,66,22,82
S01013121,No qualifications,84,46,33,8,5,38
S01013121,Level 1,84,72,43,21,8,12
S01013121,Level 2,45,40,28,9,3,5
S01013121,Level 3,25,24,17,4,3,1
S01013121,Level 4 and above,94,68,41,24,3,26
S01013122,All people aged 16 and over,481,286,206,12,68,195
S01013122,No qualifications,206,78,48,4,26,128
S01013122,Level 1,118,85,61,1,23,33
S01013122,Level 2,50,35,22,2,11,15
S01013122,Level 3,42,37,29,2,6,5
S01013122,Level 4 and above,65,51,46,3,2,14
S01013123,All people aged 16 and over,614,389,314,17,58,225
S01013123,No qualifications,197,71,48,3,20,126
S01013123,Level 1,150,108,81,3,24,42
S01013123,Level 2,104,83,70,4,9,21
S01013123,Level 3,67,53,47,1,5,14
S01013123,Level 4 and above,96,74,68,6,0,22
S01013124,All people aged 16 and over,597,360,316,17,27,237
S01013124,No qualifications,220,67,60,3,4,153
S01013124,Level 1,149,113,90,6,17,36
S01013124,Level 2,80,56,49,3,4,24
S01013124,Level 3,64,55,50,3,2,9
S01013124,Level 4 and above,84,69,67,2,0,15
S01013125,All people aged 16 and over,688,360,283,41,36,328
S01013125,No qualifications,236,57,42,10,5,179
S01013125,Level 1,162,115,91,9,15,47
S01013125,Level 2,94,62,49,4,9,32
S01013125,Level 3,80,59,44,10,5,21
S01013125,Level 4 and above,116,67,57,8,2,49
S01013126,All people aged 16 and over,580,340,247,17,76,240
S01013126,No qualifications,229,78,61,2,15,151
S01013126,Level 1,172,118,77,7,34,54
S01013126,Level 2,71,51,39,1,11,20
S01013126,Level 3,59,55,42,4,9,4
S01013126,Level 4 and above,49,38,28,3,7,11
S01013127,All people aged 16 and over,625,345,253,19,73,280
S01013127,No qualifications,264,96,66,6,24,168
S01013127,Level 1,180,116,83,2,31,64
S01013127,Level 2,61,44,38,1,5,17
S01013127,Level 3,60,42,29,5,8,18
S01013127,Level 4 and above,60,47,37,5,5,13
S01013128,All people aged 16 and over,559,375,313,9,53,184
S01013128,No qualifications,174,67,54,1,12,107
S01013128,Level 1,156,113,90,1,22,43
S01013128,Level 2,80,64,52,3,9,16
S01013128,Level 3,70,61,51,4,6,9
S01013128,Level 4 and above,79,70,66,0,4,9
S01013129,All people aged 16 and over,972,576,483,32,61,396
S01013129,No qualifications,320,84,63,11,10,236
S01013129,Level 1,223,159,125,7,27,64
S01013129,Level 2,133,105,91,6,8,28
S01013129,Level 3,134,97,86,3,8,37
S01013129,Level 4 and above,162,131,118,5,8,31
S01013130,All people aged 16 and over,541,339,248,21,70,202
S01013130,No qualifications,184,61,40,2,19,123
S01013130,Level 1,160,107,67,7,33,53
S01013130,Level 2,61,48,35,4,9,13
S01013130,Level 3,63,59,48,5,6,4
S01013130,Level 4 and above,73,64,58,3,3,9
S01013131,All people aged 16 and over,507,350,290,14,46,157
S01013131,No qualifications,139,55,41,3,11,84
S01013131,Level 1,175,143,115,4,24,32
S01013131,Level 2,69,51,45,1,5,18
S01013131,Level 3,53,45,38,2,5,8
S01013131,Level 4 and above,71,56,51,4,1,15
S01013132,All people aged 16 and over,481,289,218,21,50,192
S01013132,No qualifications,165,58,38,5,15,107
S01013132,Level 1,139,90,64,7,19,49
S01013132,Level 2,64,46,35,2,9,18
S01013132,Level 3,46,39,35,0,4,7
S01013132,Level 4 and above,67,56,46,7,3,11
S01013133,All people aged 16 and over,774,380,310,19,51,394
S01013133,No qualifications,358,75,55,5,15,283
S01013133,Level 1,158,111,87,7,17,47
S01013133,Level 2,97,72,61,1,10,25
S01013133,Level 3,79,65,54,4,7,14
S01013133,Level 4 and above,82,57,53,2,2,25
S01013134,All people aged 16 and over,669,410,339,43,28,259
S01013134,No qualifications,220,74,53,13,8,146
S01013134,Level 1,156,115,90,14,11,41
S01013134,Level 2,94,76,67,6,3,18
S01013134,Level 3,64,51,44,2,5,13
S01013134,Level 4 and above,135,94,85,8,1,41
S01013135,All people aged 16 and over,604,348,269,20,59,256
S01013135,No qualifications,243,94,68,5,21,149
S01013135,Level 1,181,117,86,9,22,64
S01013135,Level 2,68,53,42,3,8,15
S01013135,Level 3,66,50,42,1,7,16
S01013135,Level 4 and above,46,34,31,2,1,12
S01013136,All people aged 16 and over,787,435,368,22,45,352
S01013136,No qualifications,332,98,82,5,11,234
S01013136,Level 1,217,160,133,8,19,57
S01013136,Level 2,92,62,51,4,7,30
S01013136,Level 3,72,59,51,1,7,13
S01013136,Level 4 and above,74,56,51,4,1,18
S01013137,All people aged 16 and over,627,340,280,24,36,287
S01013137,No qualifications,273,94,73,9,12,179
S01013137,Level 1,164,102,81,6,15,62
S01013137,Level 2,75,61,55,3,3,14
S01013137,Level 3,62,41,36,2,3,21
S01013137,Level 4 and above,53,42,35,4,3,11
S01013138,All people aged 16 and over,517,320,233,17,70,197
S01013138,No qualifications,203,93,64,5,24,110
S01013138,Level 1,152,103,71,4,28,49
S01013138,Level 2,62,48,36,2,10,14
S01013138,Level 3,47,34,26,3,5,13
S01013138,Level 4 and above,53,42,36,3,3,11
S01013139,All people aged 16 and over,710,370,279,22,69,340
S01013139,No qualifications,295,87,59,5,23,208
S01013139,Level 1,176,118,80,11,27,58
S01013139,Level 2,80,55,46,1,8,25
S01013139,Level 3,68,53,45,2,6,15
S01013139,Level 4 and above,91,57,49,3,5,34
S01013140,All people aged 16 and over,672,350,278,24,48,322
S01013140,No qualifications,298,88,69,3,16,210
S01013140,Level 1,185,121,93,7,21,64
S01013140,Level 2,75,57,46,5,6,18
S01013140,Level 3,53,37,31,2,4,16
S01013140,Level 4 and above,61,47,39,7,1,14
S01013141,All people aged 16 and over,539,294,233,17,44,245
S01013141,No qualifications,214,62,43,3,16,152
S01013141,Level 1,134,93,69,8,16,41
S01013141,Level 2,63,46,35,4,7,17
S01013141,Level 3,47,36,34,1,1,11
S01013141,Level 4 and above,81,57,52,1,4,24
S01013142,All people aged 16 and over,750,311,236,21,54,439
S01013142,No qualifications,382,80,58,6,16,302
S01013142,Level 1,181,114,84,7,23,67
S01013142,Level 2,59,38,28,3,7,21
S01013142,Level 3,58,37,30,3,4,21
S01013142,Level 4 and above,70,42,36,2,4,28
S01013143,All people aged 16 and over,728,423,358,27,38,305
S01013143,No qualifications,269,79,68,5,6,190
S01013143,Level 1,182,136,112,9,15,46
S01013143,Level 2,95,72,58,4,10,23
S01013143,Level 3,88,64,57,3,4,24
S01013143,Level 4 and above,94,72,63,6,3,22
S01013144,All people aged 16 and over,782,423,354,25,44,359
S01013144,No qualifications,308,85,75,3,7,223
S01013144,Level 1,182,123,92,7,24,59
S01013144,Level 2,107,74,68,4,2,33
S01013144,Level 3,69,56,48,3,5,13
S01013144,Level 4 and above,116,85,71,8,6,31
S01013145,All people aged 16 and over,608,326,275,22,29,282
S01013145,No qualifications,229,59,48,9,2,170
S01013145,Level 1,129,81,65,4,12,48
S01013145,Level 2,97,59,50,2,7,38
S01013145,Level 3,59,50,44,1,5,9
S01013145,Level 4 and above,94,77,68,6,3,17
S01013146,All people aged 16 and over,369,211,170,22,19,158
S01013146,No qualifications,141,33,23,5,5,108
S01013146,Level 1,93,68,49,12,7,25
S01013146,Level 2,54,43,36,2,5,11
S01013146,Level 3,39,31,28,1,2,8
S01013146,Level 4 and above,42,36,34,2,0,6
S01013147,All people aged 16 and over,595,360,304,37,19,235
S01013147,No qualifications,173,47,37,9,1,126
S01013147,Level 1,153,106,84,13,9,47
S01013147,Level 2,93,62,51,5,6,31
S01013147,Level 3,67,56,51,3,2,11
S01013147,Level 4 and above,109,89,81,7,1,20
S01013148,All people aged 16 and over,649,410,359,26,25,239
S01013148,No qualifications,201,58,50,4,4,143
S01013148,Level 1,129,99,84,8,7,30
S01013148,Level 2,114,82,71,6,5,32
S01013148,Level 3,88,77,71,1,5,11
S01013148,Level 4 and above,117,94,83,7,4,23
S01013149,All people aged 16 and over,692,445,394,20,31,247
S01013149,No qualifications,210,77,66,3,8,133
S01013149,Level 1,186,121,104,6,11,65
S01013149,Level 2,101,82,71,4,7,19
S01013149,Level 3,73,60,54,4,2,13
S01013149,Level 4 and above,122,105,99,3,3,17
S01013150,All people aged 16 and over,729,408,351,26,31,321
S01013150,No qualifications,252,67,58,5,4,185
S01013150,Level 1,176,109,90,7,12,67
S01013150,Level 2,87,65,57,4,4,22
S01013150,Level 3,100,77,69,5,3,23
S01013150,Level 4 and above,114,90,77,5,8,24
S01013151,All people aged 16 and over,476,314,268,31,15,162
S01013151,No qualifications,102,27,22,5,0,75
S01013151,Level 1,120,84,63,15,6,36
S01013151,Level 2,86,60,55,2,3,26
S01013151,Level 3,65,54,45,4,5,11
S01013151,Level 4 and above,103,89,83,5,1,14
S01013152,All people aged 16 and over,736,462,385,41,36,274
S01013152,No qualifications,250,90,67,10,13,160
S01013152,Level 1,152,113,94,8,11,39
S01013152,Level 2,134,104,89,7,8,30
S01013152,Level 3,73,61,52,6,3,12
S01013152,Level 4 and above,127,94,83,10,1,33
S01013153,All people aged 16 and over,677,375,289,22,64,302
S01013153,No qualifications,247,80,59,7,14,167
S01013153,Level 1,226,152,110,5,37,74
S01013153,Level 2,76,48,41,3,4,28
S01013153,Level 3,70,51,44,2,5,19
S01013153,Level 4 and above,58,44,35,5,4,14
S01013154,All people aged 16 and over,783,508,408,20,80,275
S01013154,No qualifications,279,107,78,6,23,172
S01013154,Level 1,207,152,118,7,27,55
S01013154,Level 2,105,80,73,1,6,25
S01013154,Level 3,95,83,63,1,19,12
S01013154,Level 4 and above,97,86,76,5,5,11
S01013155,All people aged 16 and over,666,438,340,22,76,228
S01013155,No qualifications,215,101,70,6,25,114
S01013155,Level 1,200,139,98,7,34,61
S01013155,Level 2,99,66,57,2,7,33
S01013155,Level 3,73,59,52,1,6,14
S01013155,Level 4 and above,79,73,63,6,4,6
S01013156,All people aged 16 and over,647,401,323,13,65,246
S01013156,No qualifications,207,85,63,4,18,122
S01013156,Level 1,218,143,112,3,28,75
S01013156,Level 2,88,70,60,2,8,18
S01013156,Level 3,69,52,43,0,9,17
S01013156,Level 4 and above,65,51,45,4,2,14
S01013157,All people aged 16 and over,740,451,353,19,79,289
S01013157,No qualifications,264,103,66,8,29,161
S01013157,Level 1,231,161,128,4,29,70
S01013157,Level 2,91,64,58,2,4,27
S01013157,Level 3,66,54,47,0,7,12
S01013157,Level 4 and above,88,69,54,5,10,19
S01013158,All people aged 16 and over,495,310,253,42,15,185
S01013158,No qualifications,132,40,26,12,2,92
S01013158,Level 1,105,72,57,10,5,33
S01013158,Level 2,91,70,57,10,3,21
S01013158,Level 3,62,50,42,6,2,12
S01013158,Level 4 and above,105,78,71,4,3,27
S01013159,All people aged 16 and over,604,388,331,37,20,216
S01013159,No qualifications,162,57,40,12,5,105
S01013159,Level 1,139,99,81,12,6,40
S01013159,Level 2,89,67,58,6,3,22
S01013159,Level 3,71,63,59,2,2,8
S01013159,Level 4 and above,143,102,93,5,4,41
S01013160,All people aged 16 and over,581,412,350,46,16,169
S01013160,No qualifications,96,45,32,12,1,51
S01013160,Level 1,160,114,90,16,8,46
S01013160,Level 2,111,87,77,8,2,24
S01013160,Level 3,89,67,56,7,4,22
S01013160,Level 4 and above,125,99,95,3,1,26
S01013161,All people aged 16 and over,836,548,469,37,42,288
S01013161,No qualifications,249,84,61,9,14,165
S01013161,Level 1,228,165,141,12,12,63
S01013161,Level 2,142,112,97,9,6,30
S01013161,Level 3,102,91,80,5,6,11
S01013161,Level 4 and above,115,96,90,2,4,19
S01013162,All people aged 16 and over,704,385,308,32,45,319
S01013162,No qualifications,291,84,56,9,19,207
S01013162,Level 1,176,115,91,10,14,61
S01013162,Level 2,80,61,51,4,6,19
S01013162,Level 3,61,49,45,1,3,12
S01013162,Level 4 and above,96,76,65,8,3,20
S01013163,All people aged 16 and over,577,425,377,26,22,152
S01013163,No qualifications,122,62,54,6,2,60
S01013163,Level 1,156,112,97,8,7,44
S01013163,Level 2,127,108,96,5,7,19
S01013163,Level 3,49,42,39,1,2,7
S01013163,Level 4 and above,123,101,91,6,4,22
S01013164,All people aged 16 and over,858,504,390,62,52,354
S01013164,No qualifications,254,83,57,12,14,171
S01013164,Level 1,195,121,94,16,11,74
S01013164,Level 2,133,95,72,9,14,38
S01013164,Level 3,102,76,64,7,5,26
S01013164,Level 4 and above,174,129,103,18,8,45
S01013165,All people aged 16 and over,772,437,361,45,31,335
S01013165,No qualifications,255,71,55,8,8,184
S01013165,Level 1,169,116,87,17,12,53
S01013165,Level 2,119,87,76,5,6,32
S01013165,Level 3,73,55,52,3,0,18
S01013165,Level 4 and above,156,108,91,12,5,48
S01013166,All people aged 16 and over,531,309,230,17,62,222
S01013166,No qualifications,194,78,59,5,14,116
S01013166,Level 1,173,118,76,9,33,55
S01013166,Level 2,76,54,44,2,8,22
S01013166,Level 3,51,31,27,0,4,20
S01013166,Level 4 and above,37,28,24,1,3,9
S01013167,All people aged 16 and over,529,351,234,19,98,178
S01013167,No qualifications,162,78,40,2,36,84
S01013167,Level 1,165,117,78,4,35,48
S01013167,Level 2,76,54,39,5,10,22
S01013167,Level 3,63,50,37,4,9,13
S01013167,Level 4 and above,63,52,40,4,8,11
S01013168,All people aged 16 and over,760,403,323,21,59,357
S01013168,No qualifications,318,105,75,11,19,213
S01013168,Level 1,212,134,106,7,21,78
S01013168,Level 2,88,60,52,1,7,28
S01013168,Level 3,71,54,45,1,8,17
S01013168,Level 4 and above,71,50,45,1,4,21
S01013169,All people aged 16 and over,723,358,291,31,36,365
S01013169,No qualifications,341,95,70,9,16,246
S01013169,Level 1,149,105,85,9,11,44
S01013169,Level 2,82,47,38,4,5,35
S01013169,Level 3,67,48,39,5,4,19
S01013169,Level 4 and above,84,63,59,4,0,21
S01013170,All people aged 16 and over,437,252,185,15,52,185
S01013170,No qualifications,184,56,41,4,11,128
S01013170,Level 1,132,99,65,5,29,33
S01013170,Level 2,48,39,35,2,2,9
S01013170,Level 3,38,33,22,4,7,5
S01013170,Level 4 and above,35,25,22,0,3,10
S01013171,All people aged 16 and over,523,366,306,30,30,157
S01013171,No qualifications,107,39,30,7,2,68
S01013171,Level 1,164,119,95,6,18,45
S01013171,Level 2,83,65,53,7,5,18
S01013171,Level 3,60,53,49,2,2,7
S01013171,Level 4 and above,109,90,79,8,3,19
S01013172,All people aged 16 and over,613,388,332,17,39,225
S01013172,No qualifications,205,70,52,5,13,135
S01013172,Level 1,159,118,102,4,12,41
S01013172,Level 2,83,64,56,4,4,19
S01013172,Level 3,74,63,54,2,7,11
S01013172,Level 4 and above,92,73,68,2,3,19
S01013173,All people aged 16 and over,658,466,411,25,30,192
S01013173,No qualifications,163,65,51,10,4,98
S01013173,Level 1,188,141,121,7,13,47
S01013173,Level 2,103,88,79,2,7,15
S01013173,Level 3,77,65,62,2,1,12
S01013173,Level 4 and above,127,107,98,4,5,20
S01013174,All people aged 16 and over,625,491,420,40,31,134
S01013174,No qualifications,83,45,38,5,2,38
S01013174,Level 1,161,127,102,12,13,34
S01013174,Level 2,122,96,80,7,9,26
S01013174,Level 3,89,78,70,4,4,11
S01013174,Level 4 and above,170,145,130,12,3,25
S01013175,All people aged 16 and over,659,475,420,34,21,184
S01013175,No qualifications,127,35,30,3,2,92
S01013175,Level 1,148,110,96,6,8,38
S01013175,Level 2,106,84,68,10,6,22
S01013175,Level 3,90,77,69,4,4,13
S01013175,Level 4 and above,188,169,157,11,1,19
S01013176,All people aged 16 and over,702,405,342,33,30,297
S01013176,No qualifications,222,56,45,4,7,166
S01013176,Level 1,146,99,75,9,15,47
S01013176,Level 2,101,75,72,2,1,26
S01013176,Level 3,77,64,58,2,4,13
S01013176,Level 4 and above,156,111,92,16,3,45
S01013177,All people aged 16 and over,532,357,316,23,18,175
S01013177,No qualifications,123,35,29,6,0,88
S01013177,Level 1,126,89,75,7,7,37
S01013177,Level 2,75,55,48,2,5,20
S01013177,Level 3,73,64,55,4,5,9
S01013177,Level 4 and above,135,114,109,4,1,21
S01013178,All people aged 16 and over,623,402,351,29,22,221
S01013178,No qualifications,129,36,28,5,3,93
S01013178,Level 1,163,101,83,8,10,62
S01013178,Level 2,102,75,69,5,1,27
S01013178,Level 3,89,74,68,3,3,15
S01013178,Level 4 and above,140,116,103,8,5,24
S01013179,All people aged 16 and over,706,439,362,48,29,267
S01013179,No qualifications,171,65,51,9,5,106
S01013179,Level 1,185,120,98,8,14,65
S01013179,Level 2,119,85,72,10,3,34
S01013179,Level 3,83,64,52,8,4,19
S01013179,Level 4 and above,148,105,89,13,3,43
S01013180,All people aged 16 and over,360,273,233,20,20,87
S01013180,No qualifications,59,27,20,1,6,32
S01013180,Level 1,79,65,52,9,4,14
S01013180,Level 2,75,61,54,1,6,14
S01013180,Level 3,64,53,48,3,2,11
S01013180,Level 4 and above,83,67,59,6,2,16
S01013181,All people aged 16 and over,611,384,339,24,21,227
S01013181,No qualifications,186,54,47,6,1,132
S01013181,Level 1,123,90,77,4,9,33
S01013181,Level 2,113,89,78,8,3,24
S01013181,Level 3,82,68,63,2,3,14
S01013181,Level 4 and above,107,83,74,4,5,24
S01013182,All people aged 16 and over,633,341,296,17,28,292
S01013182,No qualifications,266,68,55,6,7,198
S01013182,Level 1,131,98,80,7,11,33
S01013182,Level 2,84,64,55,2,7,20
S01013182,Level 3,63,45,43,1,1,18
S01013182,Level 4 and above,89,66,63,1,2,23
S01013183,All people aged 16 and over,706,483,428,31,24,223
S01013183,No qualifications,160,60,47,5,8,100
S01013183,Level 1,135,93,80,8,5,42
S01013183,Level 2,123,99,90,5,4,24
S01013183,Level 3,96,83,77,3,3,13
S01013183,Level 4 and above,192,148,134,10,4,44
S01013184,All people aged 16 and over,439,270,201,12,57,169
S01013184,No qualifications,163,73,50,4,19,90
S01013184,Level 1,152,107,83,2,22,45
S01013184,Level 2,54,35,24,2,9,19
S01013184,Level 3,39,33,30,2,1,6
S01013184,Level 4 and above,31,22,14,2,6,9
S01013185,All people aged 16 and over,618,386,309,15,62,232
S01013185,No qualifications,226,77,58,6,13,149
S01013185,Level 1,180,129,98,6,25,51
S01013185,Level 2,93,81,64,2,15,12
S01013185,Level 3,64,50,44,0,6,14
S01013185,Level 4 and above,55,49,45,1,3,6
S01013186,All people aged 16 and over,522,354,276,17,61,168
S01013186,No qualifications,180,91,69,4,18,89
S01013186,Level 1,175,131,103,7,21,44
S01013186,Level 2,74,60,44,5,11,14
S01013186,Level 3,54,42,34,0,8,12
S01013186,Level 4 and above,39,30,26,1,3,9
S01013187,All people aged 16 and over,659,411,332,20,59,248
S01013187,No qualifications,201,63,47,4,12,138
S01013187,Level 1,214,153,115,8,30,61
S01013187,Level 2,83,63,55,1,7,20
S01013187,Level 3,56,49,44,0,5,7
S01013187,Level 4 and above,105,83,71,7,5,22
S01013188,All people aged 16 and over,733,500,445,25,30,233
S01013188,No qualifications,190,70,56,9,5,120
S01013188,Level 1,178,142,121,5,16,36
S01013188,Level 2,134,96,91,0,5,38
S01013188,Level 3,90,79,73,5,1,11
S01013188,Level 4 and above,141,113,104,6,3,28
S01013189,All people aged 16 and over,524,340,296,26,18,184
S01013189,No qualifications,135,48,39,5,4,87
S01013189,Level 1,107,75,63,7,5,32
S01013189,Level 2,85,65,59,3,3,20
S01013189,Level 3,62,50,46,2,2,12
S01013189,Level 4 and above,135,102,89,9,4,33
S01013190,All people aged 16 and over,652,408,355,25,28,244
S01013190,No qualifications,197,59,48,2,9,138
S01013190,Level 1,150,115,96,9,10,35
S01013190,Level 2,101,73,64,7,2,28
S01013190,Level 3,62,50,45,4,1,12
S01013190,Level 4 and above,142,111,102,3,6,31
S01013191,All people aged 16 and over,834,619,542,46,31,215
S01013191,No qualifications,127,47,38,8,1,80
S01013191,Level 1,185,140,117,15,8,45
S01013191,Level 2,179,135,119,3,13,44
S01013191,Level 3,116,97,86,7,4,19
S01013191,Level 4 and above,227,200,182,13,5,27
S01013192,All people aged 16 and over,819,477,414,34,29,342
S01013192,No qualifications,213,32,28,1,3,181
S01013192,Level 1,158,108,96,8,4,50
S01013192,Level 2,147,117,95,10,12,30
S01013192,Level 3,83,62,54,3,5,21
S01013192,Level 4 and above,218,158,141,12,5,60
S01013193,All people aged 16 and over,557,389,335,29,25,168
S01013193,No qualifications,146,57,47,7,3,89
S01013193,Level 1,136,100,83,7,10,36
S01013193,Level 2,86,68,57,6,5,18
S01013193,Level 3,74,64,58,4,2,10
S01013193,Level 4 and above,115,100,90,5,5,15
S01013194,All people aged 16 and over,495,355,301,27,27,140
S01013194,No qualifications,116,46,36,5,5,70
S01013194,Level 1,107,89,70,8,11,18
S01013194,Level 2,92,69,62,3,4,23
S01013194,Level 3,84,73,63,6,4,11
S01013194,Level 4 and above,96,78,70,5,3,18
S01013195,All people aged 16 and over,891,569,489,38,42,322
S01013195,No qualifications,272,67,51,4,12,205
S01013195,Level 1,181,128,108,12,8,53
S01013195,Level 2,133,112,98,6,8,21
S01013195,Level 3,125,105,93,5,7,20
S01013195,Level 4 and above,180,157,139,11,7,23
S01013196,All people aged 16 and over,563,415,362,29,24,148
S01013196,No qualifications,138,55,39,10,6,83
S01013196,Level 1,117,91,76,7,8,26
S01013196,Level 2,89,80,70,4,6,9
S01013196,Level 3,75,68,61,6,1,7
S01013196,Level 4 and above,144,121,116,2,3,23
S01013197,All people aged 16 and over,502,270,231,24,15,232
S01013197,No qualifications,141,30,23,4,3,111
S01013197,Level 1,93,54,46,5,3,39
S01013197,Level 2,71,51,46,4,1,20
S01013197,Level 3,58,47,41,5,1,11
S01013197,Level 4 and above,139,88,75,6,7,51
S01013198,All people aged 16 and over,701,383,299,41,43,318
S01013198,No qualifications,277,64,45,11,8,213
S01013198,Level 1,148,115,89,9,17,33
S01013198,Level 2,86,62,50,4,8,24
S01013198,Level 3,72,56,40,13,3,16
S01013198,Level 4 and above,118,86,75,4,7,32
S01013199,All people aged 16 and over,816,442,346,65,31,374
S01013199,No qualifications,290,70,49,16,5,220
S01013199,Level 1,123,74,51,14,9,49
S01013199,Level 2,104,72,59,6,7,32
S01013199,Level 3,74,57,50,5,2,17
S01013199,Level 4 and above,225,169,137,24,8,56
S01013200,All people aged 16 and over,597,342,278,28,36,255
S01013200,No qualifications,199,55,40,8,7,144
S01013200,Level 1,106,63,46,2,15,43
S01013200,Level 2,89,66,53,5,8,23
S01013200,Level 3,74,59,51,4,4,15
S01013200,Level 4 and above,129,99,88,9,2,30
S01013201,All people aged 16 and over,600,337,247,16,74,263
S01013201,No qualifications,287,104,68,5,31,183
S01013201,Level 1,151,100,69,5,26,51
S01013201,Level 2,57,42,34,0,8,15
S01013201,Level 3,50,41,31,4,6,9
S01013201,Level 4 and above,55,50,45,2,3,5
S01013202,All people aged 16 and over,466,269,193,12,64,197
S01013202,No qualifications,152,65,41,4,20,87
S01013202,Level 1,128,83,51,4,28,45
S01013202,Level 2,70,47,41,1,5,23
S01013202,Level 3,46,31,22,1,8,15
S01013202,Level 4 and above,70,43,38,2,3,27
S01013203,All people aged 16 and over,576,353,283,16,54,223
S01013203,No qualifications,221,80,59,3,18,141
S01013203,Level 1,158,115,83,7,25,43
S01013203,Level 2,72,50,43,2,5,22
S01013203,Level 3,48,42,36,1,5,6
S01013203,Level 4 and above,77,66,62,3,1,11
S01013204,All people aged 16 and over,633,467,404,19,44,166
S01013204,No qualifications,170,77,65,4,8,93
S01013204,Level 1,148,114,95,4,15,34
S01013204,Level 2,93,78,70,1,7,15
S01013204,Level 3,91,82,72,4,6,9
S01013204,Level 4 and above,131,116,102,6,8,15
S01013205,All people aged 16 and over,463,278,204,12,62,185
S01013205,No qualifications,211,93,65,4,24,118
S01013205,Level 1,132,95,64,3,28,37
S01013205,Level 2,48,32,27,0,5,16
S01013205,Level 3,34,26,22,2,2,8
S01013205,Level 4 and above,38,32,26,3,3,6
S01013206,All people aged 16 and over,519,300,242,13,45,219
S01013206,No qualifications,207,73,56,5,12,134
S01013206,Level 1,142,97,75,2,20,45
S01013206,Level 2,63,45,39,3,3,18
S01013206,Level 3,50,38,31,1,6,12
S01013206,Level 4 and above,57,47,41,2,4,10
S01013207,All people aged 16 and over,664,392,305,48,39,272
S01013207,No qualifications,253,89,64,14,11,164
S01013207,Level 1,164,110,76,16,18,54
S01013207,Level 2,81,66,56,6,4,15
S01013207,Level 3,62,55,47,6,2,7
S01013207,Level 4 and above,104,72,62,6,4,32
S01013208,All people aged 16 and over,741,447,364,27,56,294
S01013208,No qualifications,290,109,76,9,24,181
S01013208,Level 1,200,145,117,9,19,55
S01013208,Level 2,86,61,53,1,7,25
S01013208,Level 3,75,60,54,4,2,15
S01013208,Level 4 and above,90,72,64,4,4,18
S01013209,All people aged 16 and over,708,421,351,36,34,287
S01013209,No qualifications,266,76,58,9,9,190
S01013209,Level 1,135,98,77,12,9,37
S01013209,Level 2,107,85,74,5,6,22
S01013209,Level 3,80,73,65,4,4,7
S01013209,Level 4 and above,120,89,77,6,6,31
S01013210,All people aged 16 and over,512,339,279,38,22,173
S01013210,No qualifications,103,36,27,6,3,67
S01013210,Level 1,111,88,70,11,7,23
S01013210,Level 2,101,81,67,8,6,20
S01013210,Level 3,57,41,33,6,2,16
S01013210,Level 4 and above,140,93,82,7,4,47
S01013211,All people aged 16 and over,733,497,433,29,35,236
S01013211,No qualifications,213,82,67,8,7,131
S01013211,Level 1,193,148,125,7,16,45
S01013211,Level 2,114,87,77,3,7,27
S01013211,Level 3,95,80,74,5,1,15
S01013211,Level 4 and above,118,100,90,6,4,18
S01013212,All people aged 16 and over,473,397,349,31,17,76
S01013212,No qualifications,72,53,40,11,2,19
S01013212,Level 1,125,103,84,10,9,22
S01013212,Level 2,92,74,69,3,2,18
S01013212,Level 3,67,64,59,4,1,3
S01013212,Level 4 and above,117,103,97,3,3,14
S01013213,All people aged 16 and over,459,359,295,44,20,100
S01013213,No qualifications,68,39,30,7,2,29
S01013213,Level 1,128,95,67,15,13,33
S01013213,Level 2,91,79,69,8,2,12
S01013213,Level 3,71,60,52,6,2,11
S01013213,Level 4 and above,101,86,77,8,1,15
S01013214,All people aged 16 and over,348,284,251,23,10,64
S01013214,No qualifications,60,31,24,4,3,29
S01013214,Level 1,99,83,73,7,3,16
S01013214,Level 2,65,53,49,3,1,12
S01013214,Level 3,45,42,37,4,1,3
S01013214,Level 4 and above,79,75,68,5,2,4
S01013215,All people aged 16 and over,650,481,413,26,42,169
S01013215,No qualifications,170,89,72,9,8,81
S01013215,Level 1,185,138,113,9,16,47
S01013215,Level 2,107,90,76,1,13,17
S01013215,Level 3,83,72,65,4,3,11
S01013215,Level 4 and above,105,92,87,3,2,13
S01013216,All people aged 16 and over,451,305,249,16,40,146
S01013216,No qualifications,154,72,55,6,11,82
S01013216,Level 1,148,110,85,7,18,38
S01013216,Level 2,54,36,33,1,2,18
S01013216,Level 3,49,47,41,2,4,2
S01013216,Level 4 and above,46,40,35,0,5,6
S01013217,All people aged 16 and over,542,365,315,18,32,177
S01013217,No qualifications,176,84,66,8,10,92
S01013217,Level 1,176,124,104,3,17,52
S01013217,Level 2,68,57,53,2,2,11
S01013217,Level 3,65,58,51,4,3,7
S01013217,Level 4 and above,57,42,41,1,0,15
S01013218,All people aged 16 and over,455,281,221,18,42,174
S01013218,No qualifications,165,62,50,2,10,103
S01013218,Level 1,162,117,91,7,19,45
S01013218,Level 2,48,33,26,3,4,15
S01013218,Level 3,41,36,30,1,5,5
S01013218,Level 4 and above,39,33,24,5,4,6
S01013219,All people aged 16 and over,424,275,219,12,44,149
S01013219,No qualifications,156,75,60,2,13,81
S01013219,Level 1,117,90,67,4,19,27
S01013219,Level 2,56,34,28,2,4,22
S01013219,Level 3,45,37,31,0,6,8
S01013219,Level 4 and above,50,39,33,4,2,11
S01013220,All people aged 16 and over,524,297,230,18,49,227
S01013220,No qualifications,200,47,35,2,10,153
S01013220,Level 1,146,98,73,2,23,48
S01013220,Level 2,70,62,51,7,4,8
S01013220,Level 3,52,44,37,4,3,8
S01013220,Level 4 and above,56,46,34,3,9,10
S01013221,All people aged 16 and over,721,447,351,46,50,274
S01013221,No qualifications,268,107,83,15,9,161
S01013221,Level 1,195,147,104,17,26,48
S01013221,Level 2,96,72,60,6,6,24
S01013221,Level 3,85,64,56,3,5,21
S01013221,Level 4 and above,77,57,48,5,4,20
S01013222,All people aged 16 and over,477,249,198,18,33,228
S01013222,No qualifications,203,51,36,3,12,152
S01013222,Level 1,127,84,67,5,12,43
S01013222,Level 2,49,37,34,1,2,12
S01013222,Level 3,44,31,23,3,5,13
S01013222,Level 4 and above,54,46,38,6,2,8
S01013223,All people aged 16 and over,938,519,399,46,74,419
S01013223,No qualifications,360,69,40,11,18,291
S01013223,Level 1,207,148,99,14,35,59
S01013223,Level 2,132,109,89,8,12,23
S01013223,Level 3,96,75,67,3,5,21
S01013223,Level 4 and above,143,118,104,10,4,25
S01013224,All people aged 16 and over,674,458,382,33,43,216
S01013224,No qualifications,202,75,59,3,13,127
S01013224,Level 1,172,136,112,9,15,36
S01013224,Level 2,107,89,77,6,6,18
S01013224,Level 3,80,71,56,10,5,9
S01013224,Level 4 and above,113,87,78,5,4,26
S01013225,All people aged 16 and over,620,382,310,20,52,238
S01013225,No qualifications,267,116,86,9,21,151
S01013225,Level 1,153,103,81,2,20,50
S01013225,Level 2,68,48,42,2,4,20
S01013225,Level 3,64,53,47,0,6,11
S01013225,Level 4 and above,68,62,54,7,1,6
S01013226,All people aged 16 and over,402,312,265,22,25,90
S01013226,No qualifications,76,42,34,7,1,34
S01013226,Level 1,100,77,59,8,10,23
S01013226,Level 2,69,54,46,2,6,15
S01013226,Level 3,56,51,47,1,3,5
S01013226,Level 4 and above,101,88,79,4,5,13
S01013227,All people aged 16 and over,564,293,241,17,35,271
S01013227,No qualifications,209,52,44,4,4,157
S01013227,Level 1,165,103,75,5,23,62
S01013227,Level 2,68,49,44,2,3,19
S01013227,Level 3,59,43,36,4,3,16
S01013227,Level 4 and above,63,46,42,2,2,17
S01013228,All people aged 16 and over,606,409,318,39,52,197
S01013228,No qualifications,209,82,53,10,19,127
S01013228,Level 1,140,99,76,3,20,41
S01013228,Level 2,75,68,54,10,4,7
S01013228,Level 3,69,58,47,7,4,11
S01013228,Level 4 and above,113,102,88,9,5,11
S01013229,All people aged 16 and over,620,381,322,15,44,239
S01013229,No qualifications,230,79,67,6,6,151
S01013229,Level 1,160,118,94,2,22,42
S01013229,Level 2,85,65,57,1,7,20
S01013229,Level 3,79,66,53,5,8,13
S01013229,Level 4 and above,66,53,51,1,1,13
S01013230,All people aged 16 and over,563,297,269,14,14,266
S01013230,No qualifications,213,56,48,5,3,157
S01013230,Level 1,130,82,70,6,6,48
S01013230,Level 2,76,53,50,2,1,23
S01013230,Level 3,55,49,48,0,1,6
S01013230,Level 4 and above,89,57,53,1,3,32
S01013231,All people aged 16 and over,622,374,331,20,23,248
S01013231,No qualifications,232,72,56,9,7,160
S01013231,Level 1,159,107,94,4,9,52
S01013231,Level 2,82,70,61,4,5,12
S01013231,Level 3,57,47,43,3,1,10
S01013231,Level 4 and above,92,78,77,0,1,14
S01013232,All people aged 16 and over,603,320,275,20,25,283
S01013232,No qualifications,248,65,56,5,4,183
S01013232,Level 1,150,103,83,7,13,47
S01013232,Level 2,68,52,47,1,4,16
S01013232,Level 3,68,55,49,3,3,13
S01013232,Level 4 and above,69,45,40,4,1,24
S01013233,All people aged 16 and over,510,308,267,25,16,202
S01013233,No qualifications,163,54,44,10,0,109
S01013233,Level 1,120,78,64,5,9,42
S01013233,Level 2,70,54,52,1,1,16
S01013233,Level 3,51,41,39,0,2,10
S01013233,Level 4 and above,106,81,68,9,4,25
S01013234,All people aged 16 and over,311,241,208,28,5,70
S01013234,No qualifications,37,19,8,11,0,18
S01013234,Level 1,67,53,46,6,1,14
S01013234,Level 2,61,49,41,4,4,12
S01013234,Level 3,36,27,26,1,0,9
S01013234,Level 4 and above,110,93,87,6,0,17
S01013235,All people aged 16 and over,681,421,359,38,24,260
S01013235,No qualifications,211,65,52,9,4,146
S01013235,Level 1,163,116,95,9,12,47
S01013235,Level 2,106,85,77,5,3,21
S01013235,Level 3,84,68,58,6,4,16
S01013235,Level 4 and above,117,87,77,9,1,30
S01013236,All people aged 16 and over,763,425,334,65,26,338
S01013236,No qualifications,188,57,42,11,4,131
S01013236,Level 1,161,103,76,16,11,58
S01013236,Level 2,125,85,66,13,6,40
S01013236,Level 3,103,69,57,10,2,34
S01013236,Level 4 and above,186,111,93,15,3,75
S01013237,All people aged 16 and over,648,460,391,41,28,188
S01013237,No qualifications,147,59,46,6,7,88
S01013237,Level 1,141,107,89,11,7,34
S01013237,Level 2,117,98,86,8,4,19
S01013237,Level 3,93,68,60,4,4,25
S01013237,Level 4 and above,150,128,110,12,6,22
S01013238,All people aged 16 and over,627,329,244,18,67,298
S01013238,No qualifications,264,75,50,5,20,189
S01013238,Level 1,176,114,80,4,30,62
S01013238,Level 2,71,52,44,3,5,19
S01013238,Level 3,49,37,25,2,10,12
S01013238,Level 4 and above,67,51,45,4,2,16
S01013239,All people aged 16 and over,709,403,322,16,65,306
S01013239,No qualifications,268,89,70,5,14,179
S01013239,Level 1,199,132,101,5,26,67
S01013239,Level 2,107,75,59,3,13,32
S01013239,Level 3,60,48,42,0,6,12
S01013239,Level 4 and above,75,59,50,3,6,16
S01013240,All people aged 16 and over,433,249,189,15,45,184
S01013240,No qualifications,175,66,50,3,13,109
S01013240,Level 1,125,83,58,3,22,42
S01013240,Level 2,41,33,23,3,7,8
S01013240,Level 3,32,25,22,2,1,7
S01013240,Level 4 and above,60,42,36,4,2,18
S01013241,All people aged 16 and over,727,473,409,50,14,254
S01013241,No qualifications,149,50,41,9,0,99
S01013241,Level 1,148,98,81,12,5,50
S01013241,Level 2,127,92,82,6,4,35
S01013241,Level 3,92,73,62,9,2,19
S01013241,Level 4 and above,211,160,143,14,3,51
S01013242,All people aged 16 and over,509,321,216,92,13,188
S01013242,No qualifications,115,53,26,26,1,62
S01013242,Level 1,97,69,48,18,3,28
S01013242,Level 2,81,54,37,11,6,27
S01013242,Level 3,52,38,27,10,1,14
S01013242,Level 4 and above,164,107,78,27,2,57
S01013243,All people aged 16 and over,600,380,297,33,50,220
S01013243,No qualifications,229,98,79,7,12,131
S01013243,Level 1,180,129,93,13,23,51
S01013243,Level 2,75,58,51,1,6,17
S01013243,Level 3,47,39,27,4,8,8
S01013243,Level 4 and above,69,56,47,8,1,13
S01013244,All people aged 16 and over,617,319,255,29,35,298
S01013244,No qualifications,287,89,67,8,14,198
S01013244,Level 1,146,100,76,8,16,46
S01013244,Level 2,76,52,46,3,3,24
S01013244,Level 3,49,36,30,4,2,13
S01013244,Level 4 and above,59,42,36,6,0,17
S01013245,All people aged 16 and over,797,547,451,57,39,250
S01013245,No qualifications,243,88,67,14,7,155
S01013245,Level 1,246,193,159,15,19,53
S01013245,Level 2,102,84,72,6,6,18
S01013245,Level 3,82,72,63,6,3,10
S01013245,Level 4 and above,124,110,90,16,4,14
S01013246,All people aged 16 and over,366,252,212,30,10,114
S01013246,No qualifications,122,47,36,9,2,75
S01013246,Level 1,107,84,73,8,3,23
S01013246,Level 2,57,50,44,3,3,7
S01013246,Level 3,32,30,24,5,1,2
S01013246,Level 4 and above,48,41,35,5,1,7
S01013247,All people aged 16 and over,629,372,292,28,52,257
S01013247,No qualifications,254,81,66,3,12,173
S01013247,Level 1,189,141,104,14,23,48
S01013247,Level 2,73,55,43,5,7,18
S01013247,Level 3,58,50,41,3,6,8
S01013247,Level 4 and above,55,45,38,3,4,10
S01013248,All people aged 16 and over,511,314,249,16,49,197
S01013248,No qualifications,225,98,75,2,21,127
S01013248,Level 1,150,109,82,7,20,41
S01013248,Level 2,63,51,44,4,3,12
S01013248,Level 3,38,32,26,3,3,6
S01013248,Level 4 and above,35,24,22,0,2,11
S01013249,All people aged 16 and over,375,244,209,17,18,131
S01013249,No qualifications,162,69,59,2,8,93
S01013249,Level 1,109,85,71,7,7,24
S01013249,Level 2,42,32,27,4,1,10
S01013249,Level 3,24,23,18,3,2,1
S01013249,Level 4 and above,38,35,34,1,0,3
S01013250,All people aged 16 and over,705,503,359,113,31,202
S01013250,No qualifications,176,77,48,19,10,99
S01013250,Level 1,179,137,97,27,13,42
S01013250,Level 2,95,73,54,15,4,22
S01013250,Level 3,56,47,34,11,2,9
S01013250,Level 4 and above,199,169,126,41,2,30
S01013251,All people aged 16 and over,558,335,272,19,44,223
S01013251,No qualifications,198,67,56,2,9,131
S01013251,Level 1,180,131,106,3,22,49
S01013251,Level 2,65,45,33,4,8,20
S01013251,Level 3,46,36,30,4,2,10
S01013251,Level 4 and above,69,56,47,6,3,13
S01013252,All people aged 16 and over,546,349,277,37,35,197
S01013252,No qualifications,175,72,56,8,8,103
S01013252,Level 1,174,119,96,13,10,55
S01013252,Level 2,79,66,50,6,10,13
S01013252,Level 3,44,38,32,4,2,6
S01013252,Level 4 and above,74,54,43,6,5,20
S01013253,All people aged 16 and over,585,376,316,28,32,209
S01013253,No qualifications,204,82,64,4,14,122
S01013253,Level 1,160,117,99,9,9,43
S01013253,Level 2,81,69,60,5,4,12
S01013253,Level 3,53,41,34,4,3,12
S01013253,Level 4 and above,87,67,59,6,2,20
S01013254,All people aged 16 and over,499,295,237,26,32,204
S01013254,No qualifications,214,75,62,5,8,139
S01013254,Level 1,159,122,100,8,14,37
S01013254,Level 2,54,40,26,7,7,14
S01013254,Level 3,29,25,21,3,1,4
S01013254,Level 4 and above,43,33,28,3,2,10
S01013255,All people aged 16 and over,1200,497,403,51,43,703
S01013255,No qualifications,462,98,75,14,9,364
S01013255,Level 1,393,170,141,11,18,223
S01013255,Level 2,125,72,57,10,5,53
S01013255,Level 3,84,64,52,6,6,20
S01013255,Level 4 and above,136,93,78,10,5,43
S01013256,All people aged 16 and over,604,374,306,47,21,230
S01013256,No qualifications,197,56,39,14,3,141
S01013256,Level 1,143,111,91,11,9,32
S01013256,Level 2,81,64,50,8,6,17
S01013256,Level 3,48,40,35,4,1,8
S01013256,Level 4 and above,135,103,91,10,2,32
S01013257,All people aged 16 and over,696,392,324,41,27,304
S01013257,No qualifications,212,38,28,5,5,174
S01013257,Level 1,182,122,99,15,8,60
S01013257,Level 2,105,76,63,7,6,29
S01013257,Level 3,65,50,46,3,1,15
S01013257,Level 4 and above,132,106,88,11,7,26
S01013258,All people aged 16 and over,638,408,350,43,15,230
S01013258,No qualifications,140,42,29,9,4,98
S01013258,Level 1,158,111,94,12,5,47
S01013258,Level 2,97,78,67,8,3,19
S01013258,Level 3,73,56,50,6,0,17
S01013258,Level 4 and above,170,121,110,8,3,49
S01013259,All people aged 16 and over,678,444,365,35,44,234
S01013259,No qualifications,206,80,58,12,10,126
S01013259,Level 1,228,164,139,7,18,64
S01013259,Level 2,97,82,73,2,7,15
S01013259,Level 3,55,39,30,6,3,16
S01013259,Level 4 and above,92,79,65,8,6,13
S01013260,All people aged 16 and over,677,442,371,17,54,235
S01013260,No qualifications,252,103,82,6,15,149
S01013260,Level 1,224,171,143,4,24,53
S01013260,Level 2,80,69,60,4,5,11
S01013260,Level 3,52,43,37,0,6,9
S01013260,Level 4 and above,69,56,49,3,4,13
S01013261,All people aged 16 and over,622,399,331,25,43,223
S01013261,No qualifications,248,113,90,9,14,135
S01013261,Level 1,197,141,115,6,20,56
S01013261,Level 2,89,76,66,5,5,13
S01013261,Level 3,44,37,30,4,3,7
S01013261,Level 4 and above,44,32,30,1,1,12
S01013262,All people aged 16 and over,529,324,257,33,34,205
S01013262,No qualifications,200,76,61,8,7,124
S01013262,Level 1,164,124,91,11,22,40
S01013262,Level 2,64,50,43,6,1,14
S01013262,Level 3,45,34,29,3,2,11
S01013262,Level 4 and above,56,40,33,5,2,16
S01013263,All people aged 16 and over,407,293,243,40,10,114
S01013263,No qualifications,47,15,10,5,0,32
S01013263,Level 1,79,55,46,6,3,24
S01013263,Level 2,77,51,34,13,4,26
S01013263,Level 3,41,32,28,3,1,9
S01013263,Level 4 and above,163,140,125,13,2,23
S01013264,All people aged 16 and over,381,304,263,30,11,77
S01013264,No qualifications,34,17,11,4,2,17
S01013264,Level 1,92,67,54,9,4,25
S01013264,Level 2,80,71,64,5,2,9
S01013264,Level 3,39,31,29,2,0,8
S01013264,Level 4 and above,136,118,105,10,3,18
S01013265,All people aged 16 and over,485,399,326,55,18,86
S01013265,No qualifications,37,17,8,9,0,20
S01013265,Level 1,87,64,50,7,7,23
S01013265,Level 2,98,74,67,3,4,24
S01013265,Level 3,60,56,47,8,1,4
S01013265,Level 4 and above,203,188,154,28,6,15
S01013266,All people aged 16 and over,425,349,298,35,16,76
S01013266,No qualifications,47,24,17,4,3,23
S01013266,Level 1,98,75,65,6,4,23
S01013266,Level 2,76,69,61,4,4,7
S01013266,Level 3,54,48,42,4,2,6
S01013266,Level 4 and above,150,133,113,17,3,17
S01013267,All people aged 16 and over,462,277,222,24,31,185
S01013267,No qualifications,148,43,31,4,8,105
S01013267,Level 1,128,92,69,8,15,36
S01013267,Level 2,65,50,39,8,3,15
S01013267,Level 3,45,37,32,2,3,8
S01013267,Level 4 and above,76,55,51,2,2,21
S01013268,All people aged 16 and over,657,455,389,34,32,202
S01013268,No qualifications,153,61,49,7,5,92
S01013268,Level 1,213,158,134,6,18,55
S01013268,Level 2,90,73,63,6,4,17
S01013268,Level 3,85,70,61,7,2,15
S01013268,Level 4 and above,116,93,82,8,3,23
S01013269,All people aged 16 and over,748,598,511,60,27,150
S01013269,No qualifications,98,49,39,9,1,49
S01013269,Level 1,172,135,106,20,9,37
S01013269,Level 2,130,109,88,12,9,21
S01013269,Level 3,94,86,78,6,2,8
S01013269,Level 4 and above,254,219,200,13,6,35
S01013270,All people aged 16 and over,611,483,411,57,15,128
S01013270,No qualifications,52,26,16,9,1,26
S01013270,Level 1,144,100,86,10,4,44
S01013270,Level 2,116,95,80,10,5,21
S01013270,Level 3,57,50,45,4,1,7
S01013270,Level 4 and above,242,212,184,24,4,30
S01013271,All people aged 16 and over,501,308,246,50,12,193
S01013271,No qualifications,55,11,8,3,0,44
S01013271,Level 1,86,50,36,9,5,36
S01013271,Level 2,65,46,36,7,3,19
S01013271,Level 3,54,36,28,7,1,18
S01013271,Level 4 and above,241,165,138,24,3,76
S01013272,All people aged 16 and over,565,442,375,46,21,123
S01013272,No qualifications,45,20,15,4,1,25
S01013272,Level 1,103,70,56,7,7,33
S01013272,Level 2,88,63,51,7,5,25
S01013272,Level 3,80,69,59,6,4,11
S01013272,Level 4 and above,249,220,194,22,4,29
S01013273,All people aged 16 and over,641,553,462,76,15,88
S01013273,No qualifications,49,30,19,10,1,19
S01013273,Level 1,142,115,96,13,6,27
S01013273,Level 2,102,89,81,6,2,13
S01013273,Level 3,73,67,55,9,3,6
S01013273,Level 4 and above,275,252,211,38,3,23
S01013274,All people aged 16 and over,686,474,409,41,24,212
S01013274,No qualifications,119,48,36,10,2,71
S01013274,Level 1,167,112,96,5,11,55
S01013274,Level 2,130,103,88,8,7,27
S01013274,Level 3,93,74,68,4,2,19
S01013274,Level 4 and above,177,137,121,14,2,40
S01013275,All people aged 16 and over,569,382,309,60,13,187
S01013275,No qualifications,121,48,28,18,2,73
S01013275,Level 1,160,116,99,13,4,44
S01013275,Level 2,80,57,50,6,1,23
S01013275,Level 3,52,43,30,10,3,9
S01013275,Level 4 and above,156,118,102,13,3,38
S01013276,All people aged 16 and over,501,403,348,31,24,98
S01013276,No qualifications,83,58,47,8,3,25
S01013276,Level 1,156,125,105,8,12,31
S01013276,Level 2,94,79,67,7,5,15
S01013276,Level 3,64,53,48,2,3,11
S01013276,Level 4 and above,104,88,81,6,1,16
S01013277,All people aged 16 and over,719,477,425,26,26,242
S01013277,No qualifications,213,91,81,5,5,122
S01013277,Level 1,239,171,154,6,11,68
S01013277,Level 2,97,82,76,5,1,15
S01013277,Level 3,65,51,43,5,3,14
S01013277,Level 4 and above,105,82,71,5,6,23
S01013278,All people aged 16 and over,704,416,324,29,63,288
S01013278,No qualifications,252,95,71,6,18,157
S01013278,Level 1,217,159,121,11,27,58
S01013278,Level 2,78,58,44,6,8,20
S01013278,Level 3,65,50,41,2,7,15
S01013278,Level 4 and above,92,54,47,4,3,38
S01013279,All people aged 16 and over,550,352,294,17,41,198
S01013279,No qualifications,159,65,54,5,6,94
S01013279,Level 1,208,143,116,5,22,65
S01013279,Level 2,68,47,40,3,4,21
S01013279,Level 3,54,49,44,0,5,5
S01013279,Level 4 and above,61,48,40,4,4,13
S01013280,All people aged 16 and over,456,295,251,21,23,161
S01013280,No qualifications,109,34,27,4,3,75
S01013280,Level 1,142,110,93,6,11,32
S01013280,Level 2,69,46,39,2,5,23
S01013280,Level 3,47,36,34,1,1,11
S01013280,Level 4 and above,89,69,58,8,3,20
S01013281,All people aged 16 and over,741,471,383,34,54,270
S01013281,No qualifications,251,98,78,7,13,153
S01013281,Level 1,229,161,125,14,22,68
S01013281,Level 2,82,65,50,4,11,17
S01013281,Level 3,73,57,49,3,5,16
S01013281,Level 4 and above,106,90,81,6,3,16
S01013282,All people aged 16 and over,629,449,367,17,65,180
S01013282,No qualifications,168,80,66,4,10,88
S01013282,Level 1,251,193,145,3,45,58
S01013282,Level 2,74,61,56,3,2,13
S01013282,Level 3,69,59,52,1,6,10
S01013282,Level 4 and above,67,56,48,6,2,11
S01013283,All people aged 16 and over,535,413,364,23,26,122
S01013283,No qualifications,106,51,41,5,5,55
S01013283,Level 1,152,120,100,9,11,32
S01013283,Level 2,53,43,39,0,4,10
S01013283,Level 3,74,67,62,5,0,7
S01013283,Level 4 and above,150,132,122,4,6,18
S01013284,All people aged 16 and over,538,429,387,33,9,109
S01013284,No qualifications,82,39,36,2,1,43
S01013284,Level 1,153,126,117,6,3,27
S01013284,Level 2,99,86,78,5,3,13
S01013284,Level 3,64,58,48,10,0,6
S01013284,Level 4 and above,140,120,108,10,2,20
S01013285,All people aged 16 and over,542,409,377,18,14,133
S01013285,No qualifications,86,43,39,2,2,43
S01013285,Level 1,139,99,90,6,3,40
S01013285,Level 2,113,88,83,2,3,25
S01013285,Level 3,72,63,55,5,3,9
S01013285,Level 4 and above,132,116,110,3,3,16
S01013286,All people aged 16 and over,556,419,373,35,11,137
S01013286,No qualifications,91,45,37,7,1,46
S01013286,Level 1,155,113,94,15,4,42
S01013286,Level 2,99,81,71,6,4,18
S01013286,Level 3,63,55,54,1,0,8
S01013286,Level 4 and above,148,125,117,6,2,23
S01013287,All people aged 16 and over,634,504,442,51,11,130
S01013287,No qualifications,66,35,27,8,0,31
S01013287,Level 1,123,91,76,11,4,32
S01013287,Level 2,140,115,100,10,5,25
S01013287,Level 3,99,87,79,7,1,12
S01013287,Level 4 and above,206,176,160,15,1,30
S01013288,All people aged 16 and over,544,338,275,38,25,206
S01013288,No qualifications,141,45,35,6,4,96
S01013288,Level 1,135,87,67,7,13,48
S01013288,Level 2,70,54,45,6,3,16
S01013288,Level 3,56,40,33,4,3,16
S01013288,Level 4 and above,142,112,95,15,2,30
S01013289,All people aged 16 and over,594,412,313,84,15,182
S01013289,No qualifications,86,38,28,9,1,48
S01013289,Level 1,138,90,67,19,4,48
S01013289,Level 2,99,66,53,11,2,33
S01013289,Level 3,49,38,29,7,2,11
S01013289,Level 4 and above,222,180,136,38,6,42
S01013290,All people aged 16 and over,692,525,447,44,34,167
S01013290,No qualifications,144,68,55,7,6,76
S01013290,Level 1,214,168,140,12,16,46
S01013290,Level 2,94,75,61,9,5,19
S01013290,Level 3,70,66,60,6,0,4
S01013290,Level 4 and above,170,148,131,10,7,22
S01013291,All people aged 16 and over,527,441,372,47,22,86
S01013291,No qualifications,109,73,66,4,3,36
S01013291,Level 1,171,141,116,13,12,30
S01013291,Level 2,84,74,65,6,3,10
S01013291,Level 3,52,48,36,9,3,4
S01013291,Level 4 and above,111,105,89,15,1,6
S01013292,All people aged 16 and over,620,475,402,37,36,145
S01013292,No qualifications,115,62,48,9,5,53
S01013292,Level 1,187,144,118,10,16,43
S01013292,Level 2,128,112,94,11,7,16
S01013292,Level 3,63,52,46,2,4,11
S01013292,Level 4 and above,127,105,96,5,4,22
S01013293,All people aged 16 and over,582,429,361,51,17,153
S01013293,No qualifications,89,45,36,7,2,44
S01013293,Level 1,154,109,88,15,6,45
S01013293,Level 2,124,100,83,9,8,24
S01013293,Level 3,58,48,42,5,1,10
S01013293,Level 4 and above,157,127,112,15,0,30
S01013294,All people aged 16 and over,599,444,383,36,25,155
S01013294,No qualifications,118,51,39,9,3,67
S01013294,Level 1,164,133,110,14,9,31
S01013294,Level 2,101,79,69,4,6,22
S01013294,Level 3,74,64,60,2,2,10
S01013294,Level 4 and above,142,117,105,7,5,25
S01013295,All people aged 16 and over,627,482,419,42,21,145
S01013295,No qualifications,100,50,40,8,2,50
S01013295,Level 1,193,151,125,16,10,42
S01013295,Level 2,120,90,85,3,2,30
S01013295,Level 3,70,66,55,6,5,4
S01013295,Level 4 and above,144,125,114,9,2,19
S01013296,All people aged 16 and over,597,362,294,28,40,235
S01013296,No qualifications,233,90,76,4,10,143
S01013296,Level 1,167,110,82,8,20,57
S01013296,Level 2,71,61,54,3,4,10
S01013296,Level 3,43,37,30,5,2,6
S01013296,Level 4 and above,83,64,52,8,4,19
S01013297,All people aged 16 and over,575,375,313,35,27,200
S01013297,No qualifications,158,61,45,8,8,97
S01013297,Level 1,196,136,116,11,9,60
S01013297,Level 2,83,65,56,6,3,18
S01013297,Level 3,44,35,29,2,4,9
S01013297,Level 4 and above,94,78,67,8,3,16
S01013298,All people aged 16 and over,581,347,273,51,23,234
S01013298,No qualifications,207,58,44,10,4,149
S01013298,Level 1,131,93,76,9,8,38
S01013298,Level 2,93,69,50,14,5,24
S01013298,Level 3,36,30,26,2,2,6
S01013298,Level 4 and above,114,97,77,16,4,17
S01013299,All people aged 16 and over,822,569,485,38,46,253
S01013299,No qualifications,238,91,81,4,6,147
S01013299,Level 1,228,180,141,15,24,48
S01013299,Level 2,126,100,91,4,5,26
S01013299,Level 3,85,75,66,3,6,10
S01013299,Level 4 and above,145,123,106,12,5,22
S01013300,All people aged 16 and over,485,297,244,27,26,188
S01013300,No qualifications,167,52,45,3,4,115
S01013300,Level 1,139,105,84,6,15,34
S01013300,Level 2,65,50,41,7,2,15
S01013300,Level 3,41,34,28,3,3,7
S01013300,Level 4 and above,73,56,46,8,2,17
S01013301,All people aged 16 and over,409,263,213,22,28,146
S01013301,No qualifications,150,54,44,5,5,96
S01013301,Level 1,130,105,84,4,17,25
S01013301,Level 2,44,35,31,3,1,9
S01013301,Level 3,33,26,23,2,1,7
S01013301,Level 4 and above,52,43,31,8,4,9
S01013302,All people aged 16 and over,515,353,284,49,20,162
S01013302,No qualifications,120,50,34,13,3,70
S01013302,Level 1,139,96,76,14,6,43
S01013302,Level 2,82,67,51,11,5,15
S01013302,Level 3,56,41,38,1,2,15
S01013302,Level 4 and above,118,99,85,10,4,19
S01013303,All people aged 16 and over,761,459,393,37,29,302
S01013303,No qualifications,206,65,55,8,2,141
S01013303,Level 1,236,163,137,12,14,73
S01013303,Level 2,93,70,59,5,6,23
S01013303,Level 3,67,49,42,5,2,18
S01013303,Level 4 and above,159,112,100,7,5,47
S01013304,All people aged 16 and over,747,502,413,21,68,245
S01013304,No qualifications,221,98,79,2,17,123
S01013304,Level 1,251,195,155,6,34,56
S01013304,Level 2,109,84,68,8,8,25
S01013304,Level 3,67,50,44,1,5,17
S01013304,Level 4 and above,99,75,67,4,4,24
S01013305,All people aged 16 and over,790,511,450,24,37,279
S01013305,No qualifications,302,112,100,3,9,190
S01013305,Level 1,214,164,141,7,16,50
S01013305,Level 2,85,76,67,5,4,9
S01013305,Level 3,81,71,64,3,4,10
S01013305,Level 4 and above,108,88,78,6,4,20
S01013306,All people aged 16 and over,756,473,357,20,96,283
S01013306,No qualifications,267,114,87,5,22,153
S01013306,Level 1,287,205,144,9,52,82
S01013306,Level 2,94,69,57,1,11,25
S01013306,Level 3,50,42,33,3,6,8
S01013306,Level 4 and above,58,43,36,2,5,15
S01013307,All people aged 16 and over,815,554,435,27,92,261
S01013307,No qualifications,284,148,118,8,22,136
S01013307,Level 1,288,216,151,7,58,72
S01013307,Level 2,69,47,37,6,4,22
S01013307,Level 3,80,69,62,2,5,11
S01013307,Level 4 and above,94,74,67,4,3,20
S01013308,All people aged 16 and over,709,460,347,20,93,249
S01013308,No qualifications,231,88,68,3,17,143
S01013308,Level 1,254,199,142,6,51,55
S01013308,Level 2,87,63,47,4,12,24
S01013308,Level 3,69,57,45,2,10,12
S01013308,Level 4 and above,68,53,45,5,3,15
S01013309,All people aged 16 and over,493,369,319,31,19,124
S01013309,No qualifications,92,39,30,7,2,53
S01013309,Level 1,135,102,83,10,9,33
S01013309,Level 2,80,69,60,2,7,11
S01013309,Level 3,49,41,36,5,0,8
S01013309,Level 4 and above,137,118,110,7,1,19
S01013310,All people aged 16 and over,506,356,302,17,37,150
S01013310,No qualifications,137,67,60,4,3,70
S01013310,Level 1,171,132,99,6,27,39
S01013310,Level 2,62,51,48,1,2,11
S01013310,Level 3,61,50,45,3,2,11
S01013310,Level 4 and above,75,56,50,3,3,19
S01013311,All people aged 16 and over,619,419,343,29,47,200
S01013311,No qualifications,193,96,76,6,14,97
S01013311,Level 1,216,163,129,12,22,53
S01013311,Level 2,67,52,44,3,5,15
S01013311,Level 3,56,44,38,1,5,12
S01013311,Level 4 and above,87,64,56,7,1,23
S01013312,All people aged 16 and over,833,531,432,40,59,302
S01013312,No qualifications,232,93,72,9,12,139
S01013312,Level 1,284,196,158,14,24,88
S01013312,Level 2,109,89,71,6,12,20
S01013312,Level 3,100,76,64,8,4,24
S01013312,Level 4 and above,108,77,67,3,7,31
S01013313,All people aged 16 and over,538,343,287,20,36,195
S01013313,No qualifications,159,64,54,3,7,95
S01013313,Level 1,166,127,100,8,19,39
S01013313,Level 2,76,51,44,3,4,25
S01013313,Level 3,66,58,50,2,6,8
S01013313,Level 4 and above,71,43,39,4,0,28
S01013314,All people aged 16 and over,537,328,287,21,20,209
S01013314,No qualifications,165,48,43,5,0,117
S01013314,Level 1,152,104,85,6,13,48
S01013314,Level 2,72,55,49,3,3,17
S01013314,Level 3,59,49,45,2,2,10
S01013314,Level 4 and above,89,72,65,5,2,17
S01013315,All people aged 16 and over,382,319,270,39,10,63
S01013315,No qualifications,32,15,11,4,0,17
S01013315,Level 1,81,62,50,8,4,19
S01013315,Level 2,80,72,64,5,3,8
S01013315,Level 3,44,39,32,6,1,5
S01013315,Level 4 and above,145,131,113,16,2,14
S01013316,All people aged 16 and over,548,331,279,40,12,217
S01013316,No qualifications,94,29,26,1,2,65
S01013316,Level 1,126,70,56,11,3,56
S01013316,Level 2,95,67,57,6,4,28
S01013316,Level 3,51,34,27,5,2,17
S01013316,Level 4 and above,182,131,113,17,1,51
S01013317,All people aged 16 and over,459,311,273,25,13,148
S01013317,No qualifications,112,41,34,5,2,71
S01013317,Level 1,98,70,60,5,5,28
S01013317,Level 2,79,69,65,2,2,10
S01013317,Level 3,62,47,44,2,1,15
S01013317,Level 4 and above,108,84,70,11,3,24
S01013318,All people aged 16 and over,480,375,334,22,19,105
S01013318,No qualifications,80,41,36,3,2,39
S01013318,Level 1,125,94,81,7,6,31
S01013318,Level 2,68,59,50,1,8,9
S01013318,Level 3,53,46,44,1,1,7
S01013318,Level 4 and above,154,135,123,10,2,19
S01013319,All people aged 16 and over,430,330,281,29,20,100
S01013319,No qualifications,73,29,23,4,2,44
S01013319,Level 1,127,101,80,9,12,26
S01013319,Level 2,66,53,46,4,3,13
S01013319,Level 3,56,50,45,5,0,6
S01013319,Level 4 and above,108,97,87,7,3,11
S01013320,All people aged 16 and over,733,632,551,53,28,101
S01013320,No qualifications,80,52,47,2,3,28
S01013320,Level 1,170,137,110,18,9,33
S01013320,Level 2,146,126,109,9,8,20
S01013320,Level 3,97,89,76,9,4,8
S01013320,Level 4 and above,240,228,209,15,4,12
S01013321,All people aged 16 and over,368,231,193,10,28,137
S01013321,No qualifications,119,31,24,1,6,88
S01013321,Level 1,105,77,61,4,12,28
S01013321,Level 2,41,37,31,3,3,4
S01013321,Level 3,49,41,38,0,3,8
S01013321,Level 4 and above,54,45,39,2,4,9
S01013322,All people aged 16 and over,642,412,362,26,24,230
S01013322,No qualifications,199,67,60,5,2,132
S01013322,Level 1,184,140,122,9,9,44
S01013322,Level 2,84,64,53,5,6,20
S01013322,Level 3,65,59,52,3,4,6
S01013322,Level 4 and above,110,82,75,4,3,28
S01013323,All people aged 16 and over,770,516,426,31,59,254
S01013323,No qualifications,224,82,66,8,8,142
S01013323,Level 1,266,206,170,9,27,60
S01013323,Level 2,101,77,64,4,9,24
S01013323,Level 3,89,71,54,4,13,18
S01013323,Level 4 and above,90,80,72,6,2,10
S01013324,All people aged 16 and over,500,332,263,17,52,168
S01013324,No qualifications,160,83,64,5,14,77
S01013324,Level 1,172,114,86,4,24,58
S01013324,Level 2,55,42,35,1,6,13
S01013324,Level 3,46,39,32,2,5,7
S01013324,Level 4 and above,67,54,46,5,3,13
S01013325,All people aged 16 and over,662,399,321,24,54,263
S01013325,No qualifications,210,69,56,3,10,141
S01013325,Level 1,216,146,111,6,29,70
S01013325,Level 2,72,53,43,3,7,19
S01013325,Level 3,78,62,52,6,4,16
S01013325,Level 4 and above,86,69,59,6,4,17
S01013326,All people aged 16 and over,429,281,223,17,41,148
S01013326,No qualifications,142,69,51,6,12,73
S01013326,Level 1,152,109,83,6,20,43
S01013326,Level 2,50,37,31,2,4,13
S01013326,Level 3,37,31,28,1,2,6
S01013326,Level 4 and above,48,35,30,2,3,13
S01013327,All people aged 16 and over,542,382,300,30,52,160
S01013327,No qualifications,167,83,64,3,16,84
S01013327,Level 1,188,156,124,8,24,32
S01013327,Level 2,63,50,41,5,4,13
S01013327,Level 3,59,43,35,5,3,16
S01013327,Level 4 and above,65,50,36,9,5,15
S01013328,All people aged 16 and over,480,319,269,18,32,161
S01013328,No qualifications,149,73,54,5,14,76
S01013328,Level 1,186,134,112,8,14,52
S01013328,Level 2,54,38,37,0,1,16
S01013328,Level 3,43,34,30,2,2,9
S01013328,Level 4 and above,48,40,36,3,1,8
S01013329,All people aged 16 and over,435,268,230,14,24,167
S01013329,No qualifications,143,56,49,2,5,87
S01013329,Level 1,154,113,90,7,16,41
S01013329,Level 2,43,30,28,2,0,13
S01013329,Level 3,39,32,29,1,2,7
S01013329,Level 4 and above,56,37,34,2,1,19
S01013330,All people aged 16 and over,819,688,621,44,23,131
S01013330,No qualifications,101,63,49,11,3,38
S01013330,Level 1,208,172,155,9,8,36
S01013330,Level 2,138,116,106,6,4,22
S01013330,Level 3,104,98,94,3,1,6
S01013330,Level 4 and above,268,239,217,15,7,29
S01013331,All people aged 16 and over,481,403,340,34,29,78
S01013331,No qualifications,54,28,21,2,5,26
S01013331,Level 1,143,119,97,13,9,24
S01013331,Level 2,83,77,68,4,5,6
S01013331,Level 3,54,50,42,4,4,4
S01013331,Level 4 and above,147,129,112,11,6,18
S01013332,All people aged 16 and over,536,364,302,27,35,172
S01013332,No qualifications,155,59,52,4,3,96
S01013332,Level 1,172,126,101,11,14,46
S01013332,Level 2,81,68,57,2,9,13
S01013332,Level 3,52,47,40,3,4,5
S01013332,Level 4 and above,76,64,52,7,5,12
S01013333,All people aged 16 and over,643,472,410,36,26,171
S01013333,No qualifications,122,51,43,6,2,71
S01013333,Level 1,186,142,121,9,12,44
S01013333,Level 2,101,84,78,3,3,17
S01013333,Level 3,102,82,68,7,7,20
S01013333,Level 4 and above,132,113,100,11,2,19
S01013334,All people aged 16 and over,570,397,324,26,47,173
S01013334,No qualifications,176,83,62,10,11,93
S01013334,Level 1,206,148,113,2,33,58
S01013334,Level 2,53,46,41,5,0,7
S01013334,Level 3,60,55,52,1,2,5
S01013334,Level 4 and above,75,65,56,8,1,10
S01013335,All people aged 16 and over,571,383,294,25,64,188
S01013335,No qualifications,176,92,67,6,19,84
S01013335,Level 1,214,153,111,11,31,61
S01013335,Level 2,70,51,40,4,7,19
S01013335,Level 3,49,40,33,4,3,9
S01013335,Level 4 and above,62,47,43,0,4,15
S01013336,All people aged 16 and over,660,435,342,30,63,225
S01013336,No qualifications,220,104,78,9,17,116
S01013336,Level 1,224,164,121,12,31,60
S01013336,Level 2,78,57,49,5,3,21
S01013336,Level 3,43,32,24,2,6,11
S01013336,Level 4 and above,95,78,70,2,6,17
S01013337,All people aged 16 and over,784,527,447,49,31,257
S01013337,No qualifications,170,63,50,7,6,107
S01013337,Level 1,212,163,134,16,13,49
S01013337,Level 2,123,94,81,7,6,29
S01013337,Level 3,87,69,61,6,2,18
S01013337,Level 4 and above,192,138,121,13,4,54
S01013338,All people aged 16 and over,388,313,262,36,15,75
S01013338,No qualifications,30,19,12,5,2,11
S01013338,Level 1,104,78,63,12,3,26
S01013338,Level 2,72,58,51,3,4,14
S01013338,Level 3,44,38,30,5,3,6
S01013338,Level 4 and above,138,120,106,11,3,18
S01013339,All people aged 16 and over,473,347,302,30,15,126
S01013339,No qualifications,75,31,24,4,3,44
S01013339,Level 1,117,90,68,13,9,27
S01013339,Level 2,80,61,60,1,0,19
S01013339,Level 3,59,51,47,3,1,8
S01013339,Level 4 and above,142,114,103,9,2,28
S01013340,All people aged 16 and over,695,471,400,53,18,224
S01013340,No qualifications,119,58,49,7,2,61
S01013340,Level 1,172,115,93,13,9,57
S01013340,Level 2,112,83,68,11,4,29
S01013340,Level 3,93,68,60,6,2,25
S01013340,Level 4 and above,199,147,130,16,1,52
S01013341,All people aged 16 and over,726,549,449,67,33,177
S01013341,No qualifications,99,51,28,17,6,48
S01013341,Level 1,169,120,99,11,10,49
S01013341,Level 2,79,58,45,7,6,21
S01013341,Level 3,76,63,50,11,2,13
S01013341,Level 4 and above,303,257,227,21,9,46
S01013342,All people aged 16 and over,516,330,281,13,36,186
S01013342,No qualifications,182,64,54,3,7,118
S01013342,Level 1,162,121,91,7,23,41
S01013342,Level 2,69,59,55,0,4,10
S01013342,Level 3,43,39,39,0,0,4
S01013342,Level 4 and above,60,47,42,3,2,13
S01013343,All people aged 16 and over,526,375,326,23,26,151
S01013343,No qualifications,136,59,50,5,4,77
S01013343,Level 1,168,125,110,6,9,43
S01013343,Level 2,84,75,63,3,9,9
S01013343,Level 3,66,59,54,3,2,7
S01013343,Level 4 and above,72,57,49,6,2,15
S01013344,All people aged 16 and over,654,336,289,22,25,318
S01013344,No qualifications,249,70,61,3,6,179
S01013344,Level 1,216,131,108,11,12,85
S01013344,Level 2,77,60,50,6,4,17
S01013344,Level 3,52,33,32,0,1,19
S01013344,Level 4 and above,60,42,38,2,2,18
S01013345,All people aged 16 and over,575,399,348,18,33,176
S01013345,No qualifications,176,92,79,3,10,84
S01013345,Level 1,187,139,125,4,10,48
S01013345,Level 2,75,58,49,4,5,17
S01013345,Level 3,60,47,41,3,3,13
S01013345,Level 4 and above,77,63,54,4,5,14
S01013346,All people aged 16 and over,621,501,440,31,30,120
S01013346,No qualifications,67,33,27,2,4,34
S01013346,Level 1,161,123,108,6,9,38
S01013346,Level 2,111,94,84,3,7,17
S01013346,Level 3,87,79,65,8,6,8
S01013346,Level 4 and above,195,172,156,12,4,23
S01013347,All people aged 16 and over,575,451,390,31,30,124
S01013347,No qualifications,104,55,46,4,5,49
S01013347,Level 1,143,120,93,11,16,23
S01013347,Level 2,106,88,78,7,3,18
S01013347,Level 3,75,61,59,1,1,14
S01013347,Level 4 and above,147,127,114,8,5,20
S01013348,All people aged 16 and over,343,282,241,33,8,61
S01013348,No qualifications,31,12,7,4,1,19
S01013348,Level 1,97,85,70,12,3,12
S01013348,Level 2,62,51,45,6,0,11
S01013348,Level 3,49,44,38,4,2,5
S01013348,Level 4 and above,104,90,81,7,2,14
S01013349,All people aged 16 and over,615,509,450,25,34,106
S01013349,No qualifications,75,48,44,4,0,27
S01013349,Level 1,164,121,99,8,14,43
S01013349,Level 2,82,73,66,4,3,9
S01013349,Level 3,71,66,60,2,4,5
S01013349,Level 4 and above,223,201,181,7,13,22
S01013350,All people aged 16 and over,551,395,329,28,38,156
S01013350,No qualifications,152,69,56,5,8,83
S01013350,Level 1,220,180,146,11,23,40
S01013350,Level 2,65,56,50,2,4,9
S01013350,Level 3,50,40,35,4,1,10
S01013350,Level 4 and above,64,50,42,6,2,14
S01013351,All people aged 16 and over,631,439,391,24,24,192
S01013351,No qualifications,126,46,37,6,3,80
S01013351,Level 1,183,137,118,8,11,46
S01013351,Level 2,101,79,72,2,5,22
S01013351,Level 3,73,60,56,3,1,13
S01013351,Level 4 and above,148,117,108,5,4,31
S01013352,All people aged 16 and over,715,496,432,35,29,219
S01013352,No qualifications,199,102,87,7,8,97
S01013352,Level 1,230,166,144,11,11,64
S01013352,Level 2,117,90,79,6,5,27
S01013352,Level 3,72,62,53,6,3,10
S01013352,Level 4 and above,97,76,69,5,2,21
S01013353,All people aged 16 and over,510,341,281,30,30,169
S01013353,No qualifications,155,69,56,7,6,86
S01013353,Level 1,179,126,105,5,16,53
S01013353,Level 2,67,53,41,10,2,14
S01013353,Level 3,51,45,36,4,5,6
S01013353,Level 4 and above,58,48,43,4,1,10
S01013354,All people aged 16 and over,589,419,366,36,17,170
S01013354,No qualifications,166,74,58,13,3,92
S01013354,Level 1,178,134,117,10,7,44
S01013354,Level 2,67,57,52,1,4,10
S01013354,Level 3,71,60,55,5,0,11
S01013354,Level 4 and above,107,94,84,7,3,13
S01013355,All people aged 16 and over,522,345,285,35,25,177
S01013355,No qualifications,167,67,51,10,6,100
S01013355,Level 1,162,121,97,12,12,41
S01013355,Level 2,51,36,28,6,2,15
S01013355,Level 3,48,41,36,2,3,7
S01013355,Level 4 and above,94,80,73,5,2,14
S01013356,All people aged 16 and over,583,393,295,32,66,190
S01013356,No qualifications,212,95,76,6,13,117
S01013356,Level 1,193,158,112,12,34,35
S01013356,Level 2,68,51,30,6,15,17
S01013356,Level 3,43,35,31,4,0,8
S01013356,Level 4 and above,67,54,46,4,4,13
S01013357,All people aged 16 and over,658,455,389,38,28,203
S01013357,No qualifications,151,54,40,7,7,97
S01013357,Level 1,212,167,136,13,18,45
S01013357,Level 2,96,76,71,3,2,20
S01013357,Level 3,58,41,36,5,0,17
S01013357,Level 4 and above,141,117,106,10,1,24
S01013358,All people aged 16 and over,677,428,360,39,29,249
S01013358,No qualifications,259,83,63,11,9,176
S01013358,Level 1,195,149,123,11,15,46
S01013358,Level 2,76,65,55,8,2,11
S01013358,Level 3,61,56,51,3,2,5
S01013358,Level 4 and above,86,75,68,6,1,11
S01013359,All people aged 16 and over,503,294,241,26,27,209
S01013359,No qualifications,216,85,68,10,7,131
S01013359,Level 1,145,103,82,3,18,42
S01013359,Level 2,61,46,40,6,0,15
S01013359,Level 3,35,28,24,2,2,7
S01013359,Level 4 and above,46,32,27,5,0,14
S01013360,All people aged 16 and over,573,341,272,23,46,232
S01013360,No qualifications,241,83,63,4,16,158
S01013360,Level 1,186,141,110,8,23,45
S01013360,Level 2,54,40,32,5,3,14
S01013360,Level 3,49,40,36,2,2,9
S01013360,Level 4 and above,43,37,31,4,2,6
S01013361,All people aged 16 and over,482,287,245,10,32,195
S01013361,No qualifications,199,58,49,2,7,141
S01013361,Level 1,135,106,87,4,15,29
S01013361,Level 2,59,47,45,0,2,12
S01013361,Level 3,44,36,31,2,3,8
S01013361,Level 4 and above,45,40,33,2,5,5
S01013362,All people aged 16 and over,389,221,185,15,21,168
S01013362,No qualifications,164,53,45,3,5,111
S01013362,Level 1,132,95,79,3,13,37
S01013362,Level 2,27,21,18,1,2,6
S01013362,Level 3,37,29,23,5,1,8
S01013362,Level 4 and above,29,23,20,3,0,6
S01013363,All people aged 16 and over,610,362,279,20,63,248
S01013363,No qualifications,236,86,65,7,14,150
S01013363,Level 1,216,162,113,8,41,54
S01013363,Level 2,72,49,43,3,3,23
S01013363,Level 3,49,42,36,1,5,7
S01013363,Level 4 and above,37,23,22,1,0,14
S01013364,All people aged 16 and over,719,487,424,37,26,232
S01013364,No qualifications,236,97,81,8,8,139
S01013364,Level 1,198,153,131,11,11,45
S01013364,Level 2,96,83,74,5,4,13
S01013364,Level 3,73,59,52,4,3,14
S01013364,Level 4 and above,116,95,86,9,0,21
S01013365,All people aged 16 and over,668,480,392,58,30,188
S01013365,No qualifications,155,71,49,15,7,84
S01013365,Level 1,159,122,98,14,10,37
S01013365,Level 2,132,102,79,13,10,30
S01013365,Level 3,75,60,56,3,1,15
S01013365,Level 4 and above,147,125,110,13,2,22
S01013366,All people aged 16 and over,699,530,463,45,22,169
S01013366,No qualifications,134,53,39,7,7,81
S01013366,Level 1,205,158,139,16,3,47
S01013366,Level 2,139,120,106,6,8,19
S01013366,Level 3,92,84,73,8,3,8
S01013366,Level 4 and above,129,115,106,8,1,14
S01013367,All people aged 16 and over,470,362,305,43,14,108
S01013367,No qualifications,91,38,28,10,0,53
S01013367,Level 1,131,101,81,13,7,30
S01013367,Level 2,80,69,58,9,2,11
S01013367,Level 3,62,61,56,3,2,1
S01013367,Level 4 and above,106,93,82,8,3,13
S01013368,All people aged 16 and over,639,402,317,52,33,237
S01013368,No qualifications,226,73,55,11,7,153
S01013368,Level 1,179,135,99,23,13,44
S01013368,Level 2,87,68,54,5,9,19
S01013368,Level 3,61,53,43,7,3,8
S01013368,Level 4 and above,86,73,66,6,1,13
S01013369,All people aged 16 and over,711,392,326,21,45,319
S01013369,No qualifications,279,90,72,5,13,189
S01013369,Level 1,235,153,128,6,19,82
S01013369,Level 2,72,47,40,3,4,25
S01013369,Level 3,60,46,42,1,3,14
S01013369,Level 4 and above,65,56,44,6,6,9
S01013370,All people aged 16 and over,499,276,221,13,42,223
S01013370,No qualifications,205,69,52,5,12,136
S01013370,Level 1,154,103,79,4,20,51
S01013370,Level 2,54,39,30,3,6,15
S01013370,Level 3,47,38,34,1,3,9
S01013370,Level 4 and above,39,27,26,0,1,12
S01013371,All people aged 16 and over,558,265,228,19,18,293
S01013371,No qualifications,241,68,60,6,2,173
S01013371,Level 1,149,92,78,4,10,57
S01013371,Level 2,50,34,29,2,3,16
S01013371,Level 3,48,36,31,2,3,12
S01013371,Level 4 and above,70,35,30,5,0,35
S01013372,All people aged 16 and over,843,520,396,23,101,323
S01013372,No qualifications,329,131,96,5,30,198
S01013372,Level 1,303,223,158,9,56,80
S01013372,Level 2,85,66,56,3,7,19
S01013372,Level 3,54,42,33,5,4,12
S01013372,Level 4 and above,72,58,53,1,4,14
S01013373,All people aged 16 and over,757,436,352,30,54,321
S01013373,No qualifications,320,116,90,10,16,204
S01013373,Level 1,222,146,113,10,23,76
S01013373,Level 2,76,65,52,5,8,11
S01013373,Level 3,60,47,42,1,4,13
S01013373,Level 4 and above,79,62,55,4,3,17
S01013374,All people aged 16 and over,747,415,308,24,83,332
S01013374,No qualifications,339,116,81,5,30,223
S01013374,Level 1,240,177,131,10,36,63
S01013374,Level 2,68,53,41,2,10,15
S01013374,Level 3,50,39,32,1,6,11
S01013374,Level 4 and above,50,30,23,6,1,20
S01013375,All people aged 16 and over,467,297,249,15,33,170
S01013375,No qualifications,183,77,65,4,8,106
S01013375,Level 1,135,103,79,5,19,32
S01013375,Level 2,52,45,36,6,3,7
S01013375,Level 3,46,37,36,0,1,9
S01013375,Level 4 and above,51,35,33,0,2,16
S01013376,All people aged 16 and over,480,279,228,20,31,201
S01013376,No qualifications,205,82,72,5,5,123
S01013376,Level 1,144,94,69,7,18,50
S01013376,Level 2,51,42,33,7,2,9
S01013376,Level 3,33,26,21,1,4,7
S01013376,Level 4 and above,47,35,33,0,2,12
S01013377,All people aged 16 and over,654,358,292,17,49,296
S01013377,No qualifications,278,86,68,5,13,192
S01013377,Level 1,182,128,97,4,27,54
S01013377,Level 2,69,53,44,5,4,16
S01013377,Level 3,60,44,38,2,4,16
S01013377,Level 4 and above,65,47,45,1,1,18
S01013378,All people aged 16 and over,788,540,428,34,78,248
S01013378,No qualifications,242,120,89,11,20,122
S01013378,Level 1,251,185,140,9,36,66
S01013378,Level 2,107,85,72,3,10,22
S01013378,Level 3,71,60,49,4,7,11
S01013378,Level 4 and above,117,90,78,7,5,27
S01013379,All people aged 16 and over,705,467,401,34,32,238
S01013379,No qualifications,223,100,77,13,10,123
S01013379,Level 1,217,155,133,10,12,62
S01013379,Level 2,91,72,64,3,5,19
S01013379,Level 3,58,43,38,2,3,15
S01013379,Level 4 and above,116,97,89,6,2,19
S01013380,All people aged 16 and over,126,54,38,15,1,72
S01013380,No qualifications,51,6,2,4,0,45
S01013380,Level 1,33,17,12,4,1,16
S01013380,Level 2,15,12,10,2,0,3
S01013380,Level 3,9,6,5,1,0,3
S01013380,Level 4 and above,18,13,9,4,0,5
S01013381,All people aged 16 and over,403,257,197,30,30,146
S01013381,No qualifications,171,75,60,7,8,96
S01013381,Level 1,120,86,66,10,10,34
S01013381,Level 2,35,33,23,5,5,2
S01013381,Level 3,33,28,26,1,1,5
S01013381,Level 4 and above,44,35,22,7,6,9
S01013382,All people aged 16 and over,446,320,273,31,16,126
S01013382,No qualifications,148,70,57,7,6,78
S01013382,Level 1,140,115,100,7,8,25
S01013382,Level 2,56,48,44,4,0,8
S01013382,Level 3,45,39,33,5,1,6
S01013382,Level 4 and above,57,48,39,8,1,9
S01013383,All people aged 16 and over,581,318,266,17,35,263
S01013383,No qualifications,238,68,57,5,6,170
S01013383,Level 1,183,137,106,6,25,46
S01013383,Level 2,62,44,41,1,2,18
S01013383,Level 3,43,30,28,2,0,13
S01013383,Level 4 and above,55,39,34,3,2,16
S01013384,All people aged 16 and over,619,355,300,30,25,264
S01013384,No qualifications,216,58,45,5,8,158
S01013384,Level 1,194,142,124,8,10,52
S01013384,Level 2,71,52,41,9,2,19
S01013384,Level 3,51,44,39,2,3,7
S01013384,Level 4 and above,87,59,51,6,2,28
S01013385,All people aged 16 and over,407,277,241,20,16,130
S01013385,No qualifications,104,34,26,3,5,70
S01013385,Level 1,108,87,76,7,4,21
S01013385,Level 2,61,53,46,4,3,8
S01013385,Level 3,58,48,42,4,2,10
S01013385,Level 4 and above,76,55,51,2,2,21
S01013386,All people aged 16 and over,689,481,422,42,17,208
S01013386,No qualifications,145,63,51,9,3,82
S01013386,Level 1,206,151,134,10,7,55
S01013386,Level 2,107,90,82,5,3,17
S01013386,Level 3,91,72,68,4,0,19
S01013386,Level 4 and above,140,105,87,14,4,35
S01013387,All people aged 16 and over,471,270,221,13,36,201
S01013387,No qualifications,178,62,46,4,12,116
S01013387,Level 1,161,110,90,5,15,51
S01013387,Level 2,55,35,30,3,2,20
S01013387,Level 3,35,29,27,0,2,6
S01013387,Level 4 and above,42,34,28,1,5,8
S01013388,All people aged 16 and over,639,348,284,37,27,291
S01013388,No qualifications,262,74,57,10,7,188
S01013388,Level 1,175,126,99,14,13,49
S01013388,Level 2,68,52,47,4,1,16
S01013388,Level 3,58,37,30,4,3,21
S01013388,Level 4 and above,76,59,51,5,3,17
S01013389,All people aged 16 and over,623,443,385,27,31,180
S01013389,No qualifications,177,81,72,4,5,96
S01013389,Level 1,203,164,136,11,17,39
S01013389,Level 2,98,83,74,4,5,15
S01013389,Level 3,62,48,41,5,2,14
S01013389,Level 4 and above,83,67,62,3,2,16
S01013390,All people aged 16 and over,382,251,210,19,22,131
S01013390,No qualifications,151,62,52,4,6,89
S01013390,Level 1,127,104,86,7,11,23
S01013390,Level 2,39,33,26,4,3,6
S01013390,Level 3,29,22,20,0,2,7
S01013390,Level 4 and above,36,30,26,4,0,6
S01013391,All people aged 16 and over,356,231,179,33,19,125
S01013391,No qualifications,113,40,32,3,5,73
S01013391,Level 1,98,75,63,10,2,23
S01013391,Level 2,49,42,30,7,5,7
S01013391,Level 3,33,30,20,7,3,3
S01013391,Level 4 and above,63,44,34,6,4,19
S01013392,All people aged 16 and over,549,490,425,50,15,59
S01013392,No qualifications,54,34,22,9,3,20
S01013392,Level 1,168,146,125,17,4,22
S01013392,Level 2,88,81,69,9,3,7
S01013392,Level 3,68,64,54,8,2,4
S01013392,Level 4 and above,171,165,155,7,3,6
S01013393,All people aged 16 and over,563,343,276,33,34,220
S01013393,No qualifications,183,54,41,3,10,129
S01013393,Level 1,194,142,107,16,19,52
S01013393,Level 2,72,57,46,8,3,15
S01013393,Level 3,44,38,33,3,2,6
S01013393,Level 4 and above,70,52,49,3,0,18
S01013394,All people aged 16 and over,534,313,255,23,35,221
S01013394,No qualifications,186,67,55,3,9,119
S01013394,Level 1,162,113,82,10,21,49
S01013394,Level 2,64,48,42,6,0,16
S01013394,Level 3,51,32,27,1,4,19
S01013394,Level 4 and above,71,53,49,3,1,18
S01013395,All people aged 16 and over,518,309,221,17,71,209
S01013395,No qualifications,192,65,47,2,16,127
S01013395,Level 1,205,147,98,4,45,58
S01013395,Level 2,58,44,35,4,5,14
S01013395,Level 3,27,21,16,2,3,6
S01013395,Level 4 and above,36,32,25,5,2,4
S01013396,All people aged 16 and over,501,455,386,53,16,46
S01013396,No qualifications,43,29,20,7,2,14
S01013396,Level 1,147,134,112,15,7,13
S01013396,Level 2,89,84,72,9,3,5
S01013396,Level 3,73,69,59,10,0,4
S01013396,Level 4 and above,149,139,123,12,4,10
S01013397,All people aged 16 and over,705,481,399,47,35,224
S01013397,No qualifications,223,92,70,10,12,131
S01013397,Level 1,219,167,136,14,17,52
S01013397,Level 2,72,66,56,6,4,6
S01013397,Level 3,68,59,52,6,1,9
S01013397,Level 4 and above,123,97,85,11,1,26
S01013398,All people aged 16 and over,446,372,326,24,22,74
S01013398,No qualifications,54,33,26,3,4,21
S01013398,Level 1,132,106,92,6,8,26
S01013398,Level 2,76,64,56,3,5,12
S01013398,Level 3,60,52,42,8,2,8
S01013398,Level 4 and above,124,117,110,4,3,7
S01013399,All people aged 16 and over,839,622,560,39,23,217
S01013399,No qualifications,192,70,59,4,7,122
S01013399,Level 1,221,180,158,17,5,41
S01013399,Level 2,122,106,96,7,3,16
S01013399,Level 3,116,96,85,7,4,20
S01013399,Level 4 and above,188,170,162,4,4,18
S01013400,All people aged 16 and over,537,379,319,27,33,158
S01013400,No qualifications,136,51,41,3,7,85
S01013400,Level 1,156,124,103,5,16,32
S01013400,Level 2,98,80,66,8,6,18
S01013400,Level 3,58,47,42,4,1,11
S01013400,Level 4 and above,89,77,67,7,3,12
S01013401,All people aged 16 and over,616,530,455,49,26,86
S01013401,No qualifications,51,29,19,5,5,22
S01013401,Level 1,164,137,116,14,7,27
S01013401,Level 2,104,87,73,10,4,17
S01013401,Level 3,81,74,62,5,7,7
S01013401,Level 4 and above,216,203,185,15,3,13
S01013402,All people aged 16 and over,769,688,625,43,20,81
S01013402,No qualifications,51,29,22,4,3,22
S01013402,Level 1,145,125,107,12,6,20
S01013402,Level 2,121,106,98,4,4,15
S01013402,Level 3,115,110,102,6,2,5
S01013402,Level 4 and above,337,318,296,17,5,19
S01013403,All people aged 16 and over,622,544,490,35,19,78
S01013403,No qualifications,47,33,29,4,0,14
S01013403,Level 1,158,132,111,8,13,26
S01013403,Level 2,110,95,83,8,4,15
S01013403,Level 3,85,74,70,4,0,11
S01013403,Level 4 and above,222,210,197,11,2,12
S01013404,All people aged 16 and over,422,337,297,20,20,85
S01013404,No qualifications,53,27,23,2,2,26
S01013404,Level 1,104,74,61,2,11,30
S01013404,Level 2,71,61,53,4,4,10
S01013404,Level 3,61,54,51,1,2,7
S01013404,Level 4 and above,133,121,109,11,1,12
S01013405,All people aged 16 and over,571,341,278,26,37,230
S01013405,No qualifications,167,52,37,3,12,115
S01013405,Level 1,170,123,104,8,11,47
S01013405,Level 2,57,45,34,7,4,12
S01013405,Level 3,57,45,40,2,3,12
S01013405,Level 4 and above,120,76,63,6,7,44
S01013406,All people aged 16 and over,505,313,254,13,46,192
S01013406,No qualifications,193,78,68,5,5,115
S01013406,Level 1,167,115,88,2,25,52
S01013406,Level 2,40,31,23,1,7,9
S01013406,Level 3,51,41,37,2,2,10
S01013406,Level 4 and above,54,48,38,3,7,6
S01013407,All people aged 16 and over,436,265,226,15,24,171
S01013407,No qualifications,154,58,43,2,13,96
S01013407,Level 1,142,95,84,5,6,47
S01013407,Level 2,39,25,20,3,2,14
S01013407,Level 3,38,33,30,1,2,5
S01013407,Level 4 and above,63,54,49,4,1,9
S01013408,All people aged 16 and over,519,310,241,18,51,209
S01013408,No qualifications,183,69,53,4,12,114
S01013408,Level 1,178,124,91,6,27,54
S01013408,Level 2,46,35,26,4,5,11
S01013408,Level 3,43,27,26,0,1,16
S01013408,Level 4 and above,69,55,45,4,6,14
S01013409,All people aged 16 and over,834,605,490,64,51,229
S01013409,No qualifications,180,93,72,10,11,87
S01013409,Level 1,254,195,144,24,27,59
S01013409,Level 2,125,92,79,7,6,33
S01013409,Level 3,81,73,63,8,2,8
S01013409,Level 4 and above,194,152,132,15,5,42
S01013410,All people aged 16 and over,486,336,260,15,61,150
S01013410,No qualifications,137,66,43,5,18,71
S01013410,Level 1,188,142,113,4,25,46
S01013410,Level 2,58,42,32,1,9,16
S01013410,Level 3,48,37,29,3,5,11
S01013410,Level 4 and above,55,49,43,2,4,6
S01013411,All people aged 16 and over,604,420,354,39,27,184
S01013411,No qualifications,129,50,43,5,2,79
S01013411,Level 1,174,130,104,10,16,44
S01013411,Level 2,84,63,58,3,2,21
S01013411,Level 3,60,51,44,4,3,9
S01013411,Level 4 and above,157,126,105,17,4,31
S01013412,All people aged 16 and over,661,445,368,29,48,216
S01013412,No qualifications,133,40,34,3,3,93
S01013412,Level 1,194,132,97,7,28,62
S01013412,Level 2,113,91,79,5,7,22
S01013412,Level 3,79,66,56,6,4,13
S01013412,Level 4 and above,142,116,102,8,6,26
S01013413,All people aged 16 and over,636,408,358,34,16,228
S01013413,No qualifications,122,27,22,2,3,95
S01013413,Level 1,107,77,64,7,6,30
S01013413,Level 2,100,74,66,5,3,26
S01013413,Level 3,82,63,57,5,1,19
S01013413,Level 4 and above,225,167,149,15,3,58
S01013414,All people aged 16 and over,766,415,343,33,39,351
S01013414,No qualifications,276,51,39,8,4,225
S01013414,Level 1,191,133,107,12,14,58
S01013414,Level 2,79,59,51,2,6,20
S01013414,Level 3,66,55,48,0,7,11
S01013414,Level 4 and above,154,117,98,11,8,37
S01013415,All people aged 16 and over,566,289,223,25,41,277
S01013415,No qualifications,243,70,48,5,17,173
S01013415,Level 1,146,98,76,9,13,48
S01013415,Level 2,68,47,38,3,6,21
S01013415,Level 3,44,34,28,2,4,10
S01013415,Level 4 and above,65,40,33,6,1,25
S01013416,All people aged 16 and over,491,306,247,22,37,185
S01013416,No qualifications,173,68,57,6,5,105
S01013416,Level 1,132,89,60,6,23,43
S01013416,Level 2,63,52,44,3,5,11
S01013416,Level 3,64,52,45,3,4,12
S01013416,Level 4 and above,59,45,41,4,0,14
S01013417,All people aged 16 and over,730,479,406,26,47,251
S01013417,No qualifications,187,72,53,7,12,115
S01013417,Level 1,195,139,115,6,18,56
S01013417,Level 2,110,89,74,5,10,21
S01013417,Level 3,77,59,53,3,3,18
S01013417,Level 4 and above,161,120,111,5,4,41
S01013418,All people aged 16 and over,510,343,276,37,30,167
S01013418,No qualifications,149,64,45,9,10,85
S01013418,Level 1,108,74,55,5,14,34
S01013418,Level 2,79,60,54,3,3,19
S01013418,Level 3,57,51,45,4,2,6
S01013418,Level 4 and above,117,94,77,16,1,23
S01013419,All people aged 16 and over,387,272,230,27,15,115
S01013419,No qualifications,49,21,15,6,0,28
S01013419,Level 1,99,74,65,7,2,25
S01013419,Level 2,77,57,44,3,10,20
S01013419,Level 3,47,37,32,4,1,10
S01013419,Level 4 and above,115,83,74,7,2,32
S01013420,All people aged 16 and over,468,331,296,15,20,137
S01013420,No qualifications,106,32,26,3,3,74
S01013420,Level 1,133,97,83,4,10,36
S01013420,Level 2,86,77,70,5,2,9
S01013420,Level 3,63,55,50,2,3,8
S01013420,Level 4 and above,80,70,67,1,2,10
S01013421,All people aged 16 and over,565,484,427,38,19,81
S01013421,No qualifications,79,44,37,5,2,35
S01013421,Level 1,150,128,103,13,12,22
S01013421,Level 2,96,83,76,6,1,13
S01013421,Level 3,74,70,65,5,0,4
S01013421,Level 4 and above,166,159,146,9,4,7
S01013422,All people aged 16 and over,591,395,339,30,26,196
S01013422,No qualifications,168,59,51,4,4,109
S01013422,Level 1,177,131,113,6,12,46
S01013422,Level 2,87,78,69,6,3,9
S01013422,Level 3,76,62,53,4,5,14
S01013422,Level 4 and above,83,65,53,10,2,18
S01013423,All people aged 16 and over,668,449,384,38,27,219
S01013423,No qualifications,158,61,51,3,7,97
S01013423,Level 1,190,137,112,12,13,53
S01013423,Level 2,116,89,79,6,4,27
S01013423,Level 3,68,50,43,5,2,18
S01013423,Level 4 and above,136,112,99,12,1,24
S01013424,All people aged 16 and over,386,283,248,26,9,103
S01013424,No qualifications,63,19,15,4,0,44
S01013424,Level 1,122,96,81,11,4,26
S01013424,Level 2,53,48,42,3,3,5
S01013424,Level 3,36,27,24,2,1,9
S01013424,Level 4 and above,112,93,86,6,1,19
S01013425,All people aged 16 and over,358,235,196,22,17,123
S01013425,No qualifications,80,33,24,5,4,47
S01013425,Level 1,78,51,41,2,8,27
S01013425,Level 2,57,47,38,8,1,10
S01013425,Level 3,68,48,40,4,4,20
S01013425,Level 4 and above,75,56,53,3,0,19
S01013426,All people aged 16 and over,671,409,332,33,44,262
S01013426,No qualifications,243,86,71,4,11,157
S01013426,Level 1,180,123,93,13,17,57
S01013426,Level 2,75,61,51,4,6,14
S01013426,Level 3,87,71,61,3,7,16
S01013426,Level 4 and above,86,68,56,9,3,18
S01013427,All people aged 16 and over,348,284,234,40,10,64
S01013427,No qualifications,41,21,11,9,1,20
S01013427,Level 1,66,49,39,6,4,17
S01013427,Level 2,62,58,51,5,2,4
S01013427,Level 3,40,35,29,5,1,5
S01013427,Level 4 and above,139,121,104,15,2,18
S01013428,All people aged 16 and over,739,491,389,39,63,248
S01013428,No qualifications,216,93,64,10,19,123
S01013428,Level 1,237,169,135,6,28,68
S01013428,Level 2,87,68,54,5,9,19
S01013428,Level 3,86,70,57,8,5,16
S01013428,Level 4 and above,113,91,79,10,2,22
S01013429,All people aged 16 and over,549,384,316,35,33,165
S01013429,No qualifications,157,58,45,8,5,99
S01013429,Level 1,169,142,115,11,16,27
S01013429,Level 2,79,68,60,5,3,11
S01013429,Level 3,56,45,34,6,5,11
S01013429,Level 4 and above,88,71,62,5,4,17
S01013430,All people aged 16 and over,552,401,329,41,31,151
S01013430,No qualifications,161,76,57,12,7,85
S01013430,Level 1,175,144,115,15,14,31
S01013430,Level 2,62,53,42,5,6,9
S01013430,Level 3,63,54,48,4,2,9
S01013430,Level 4 and above,91,74,67,5,2,17
S01013431,All people aged 16 and over,563,356,272,44,40,207
S01013431,No qualifications,213,78,59,9,10,135
S01013431,Level 1,151,119,88,10,21,32
S01013431,Level 2,74,57,44,7,6,17
S01013431,Level 3,52,44,35,7,2,8
S01013431,Level 4 and above,73,58,46,11,1,15
S01013432,All people aged 16 and over,591,392,306,59,27,199
S01013432,No qualifications,172,66,47,15,4,106
S01013432,Level 1,147,109,87,11,11,38
S01013432,Level 2,74,59,44,8,7,15
S01013432,Level 3,60,53,41,9,3,7
S01013432,Level 4 and above,138,105,87,16,2,33
S01013433,All people aged 16 and over,601,391,319,56,16,210
S01013433,No qualifications,107,33,27,5,1,74
S01013433,Level 1,133,93,75,11,7,40
S01013433,Level 2,79,55,44,8,3,24
S01013433,Level 3,53,40,31,7,2,13
S01013433,Level 4 and above,229,170,142,25,3,59
S01013434,All people aged 16 and over,421,311,213,89,9,110
S01013434,No qualifications,49,20,10,10,0,29
S01013434,Level 1,81,49,25,21,3,32
S01013434,Level 2,53,40,28,10,2,13
S01013434,Level 3,45,42,29,13,0,3
S01013434,Level 4 and above,193,160,121,35,4,33
S01013435,All people aged 16 and over,488,373,316,52,5,115
S01013435,No qualifications,24,5,4,1,0,19
S01013435,Level 1,54,34,25,7,2,20
S01013435,Level 2,77,53,46,6,1,24
S01013435,Level 3,46,39,29,9,1,7
S01013435,Level 4 and above,287,242,212,29,1,45
S01013436,All people aged 16 and over,662,458,392,41,25,204
S01013436,No qualifications,171,69,59,3,7,102
S01013436,Level 1,172,128,105,13,10,44
S01013436,Level 2,82,58,51,6,1,24
S01013436,Level 3,61,49,44,3,2,12
S01013436,Level 4 and above,176,154,133,16,5,22
S01013437,All people aged 16 and over,561,392,343,31,18,169
S01013437,No qualifications,110,35,29,4,2,75
S01013437,Level 1,134,98,80,11,7,36
S01013437,Level 2,85,64,61,1,2,21
S01013437,Level 3,60,52,47,2,3,8
S01013437,Level 4 and above,172,143,126,13,4,29
S01013438,All people aged 16 and over,469,287,225,36,26,182
S01013438,No qualifications,106,33,29,3,1,73
S01013438,Level 1,124,90,73,4,13,34
S01013438,Level 2,54,35,24,8,3,19
S01013438,Level 3,54,39,33,3,3,15
S01013438,Level 4 and above,131,90,66,18,6,41
S01013439,All people aged 16 and over,738,436,363,53,20,302
S01013439,No qualifications,50,15,11,4,0,35
S01013439,Level 1,112,57,43,9,5,55
S01013439,Level 2,94,61,54,2,5,33
S01013439,Level 3,74,41,32,6,3,33
S01013439,Level 4 and above,408,262,223,32,7,146
S01013440,All people aged 16 and over,827,502,427,61,14,325
S01013440,No qualifications,60,16,10,5,1,44
S01013440,Level 1,110,53,41,10,2,57
S01013440,Level 2,111,65,55,6,4,46
S01013440,Level 3,65,36,32,4,0,29
S01013440,Level 4 and above,481,332,289,36,7,149
S01013441,All people aged 16 and over,639,402,331,60,11,237
S01013441,No qualifications,74,21,10,5,6,53
S01013441,Level 1,94,47,41,5,1,47
S01013441,Level 2,69,40,33,5,2,29
S01013441,Level 3,44,35,29,6,0,9
S01013441,Level 4 and above,358,259,218,39,2,99
S01013442,All people aged 16 and over,633,450,392,46,12,183
S01013442,No qualifications,87,35,30,4,1,52
S01013442,Level 1,127,83,69,7,7,44
S01013442,Level 2,112,86,77,8,1,26
S01013442,Level 3,67,57,49,7,1,10
S01013442,Level 4 and above,240,189,167,20,2,51
S01013443,All people aged 16 and over,509,339,283,42,14,170
S01013443,No qualifications,80,20,15,5,0,60
S01013443,Level 1,103,65,52,10,3,38
S01013443,Level 2,52,35,28,6,1,17
S01013443,Level 3,45,36,28,5,3,9
S01013443,Level 4 and above,229,183,160,16,7,46
S01013444,All people aged 16 and over,814,510,402,69,39,304
S01013444,No qualifications,195,42,30,2,10,153
S01013444,Level 1,160,106,81,11,14,54
S01013444,Level 2,80,57,42,8,7,23
S01013444,Level 3,76,65,51,9,5,11
S01013444,Level 4 and above,303,240,198,39,3,63
S01013445,All people aged 16 and over,580,298,247,44,7,282
S01013445,No qualifications,128,12,7,5,0,116
S01013445,Level 1,77,41,33,6,2,36
S01013445,Level 2,72,46,40,6,0,26
S01013445,Level 3,66,28,25,2,1,38
S01013445,Level 4 and above,237,171,142,25,4,66
S01013446,All people aged 16 and over,578,363,304,28,31,215
S01013446,No qualifications,186,72,59,6,7,114
S01013446,Level 1,165,121,96,11,14,44
S01013446,Level 2,68,52,46,3,3,16
S01013446,Level 3,53,43,36,3,4,10
S01013446,Level 4 and above,106,75,67,5,3,31
S01013447,All people aged 16 and over,421,351,302,38,11,70
S01013447,No qualifications,11,4,2,2,0,7
S01013447,Level 1,54,33,26,5,2,21
S01013447,Level 2,53,42,40,1,1,11
S01013447,Level 3,43,40,36,3,1,3
S01013447,Level 4 and above,260,232,198,27,7,28
S01013448,All people aged 16 and over,688,389,321,50,18,299
S01013448,No qualifications,83,16,11,2,3,67
S01013448,Level 1,113,58,45,8,5,55
S01013448,Level 2,100,57,41,11,5,43
S01013448,Level 3,62,43,39,4,0,19
S01013448,Level 4 and above,330,215,185,25,5,115
S01013449,All people aged 16 and over,524,380,334,39,7,144
S01013449,No qualifications,52,20,15,4,1,32
S01013449,Level 1,102,67,58,5,4,35
S01013449,Level 2,81,60,52,7,1,21
S01013449,Level 3,67,53,49,4,0,14
S01013449,Level 4 and above,222,180,160,19,1,42
S01013450,All people aged 16 and over,470,356,324,23,9,114
S01013450,No qualifications,39,18,15,2,1,21
S01013450,Level 1,92,62,56,3,3,30
S01013450,Level 2,67,51,48,2,1,16
S01013450,Level 3,66,55,45,9,1,11
S01013450,Level 4 and above,206,170,160,7,3,36
S01013451,All people aged 16 and over,668,522,446,53,23,146
S01013451,No qualifications,46,22,18,3,1,24
S01013451,Level 1,101,67,53,8,6,34
S01013451,Level 2,135,98,84,7,7,37
S01013451,Level 3,66,57,52,4,1,9
S01013451,Level 4 and above,320,278,239,31,8,42
S01013452,All people aged 16 and over,606,436,360,59,17,170
S01013452,No qualifications,48,18,12,3,3,30
S01013452,Level 1,100,72,59,5,8,28
S01013452,Level 2,108,77,64,11,2,31
S01013452,Level 3,57,43,34,8,1,14
S01013452,Level 4 and above,293,226,191,32,3,67
S01013453,All people aged 16 and over,599,368,295,24,49,231
S01013453,No qualifications,224,90,74,2,14,134
S01013453,Level 1,188,131,95,10,26,57
S01013453,Level 2,66,57,51,2,4,9
S01013453,Level 3,36,26,23,1,2,10
S01013453,Level 4 and above,85,64,52,9,3,21
S01013454,All people aged 16 and over,600,425,350,60,15,175
S01013454,No qualifications,112,48,34,9,5,64
S01013454,Level 1,142,101,88,10,3,41
S01013454,Level 2,80,61,48,10,3,19
S01013454,Level 3,61,46,36,9,1,15
S01013454,Level 4 and above,205,169,144,22,3,36
S01013455,All people aged 16 and over,467,308,244,44,20,159
S01013455,No qualifications,96,36,28,7,1,60
S01013455,Level 1,113,81,61,7,13,32
S01013455,Level 2,69,53,45,7,1,16
S01013455,Level 3,39,28,18,8,2,11
S01013455,Level 4 and above,150,110,92,15,3,40
S01013456,All people aged 16 and over,649,406,336,29,41,243
S01013456,No qualifications,213,64,52,4,8,149
S01013456,Level 1,163,124,94,8,22,39
S01013456,Level 2,99,76,64,6,6,23
S01013456,Level 3,58,44,39,1,4,14
S01013456,Level 4 and above,116,98,87,10,1,18
S01013457,All people aged 16 and over,728,448,380,25,43,280
S01013457,No qualifications,282,121,101,9,11,161
S01013457,Level 1,238,168,140,6,22,70
S01013457,Level 2,86,59,54,2,3,27
S01013457,Level 3,52,40,38,2,0,12
S01013457,Level 4 and above,70,60,47,6,7,10
S01013458,All people aged 16 and over,588,418,335,45,38,170
S01013458,No qualifications,125,68,54,4,10,57
S01013458,Level 1,185,138,105,14,19,47
S01013458,Level 2,85,70,62,5,3,15
S01013458,Level 3,64,49,40,5,4,15
S01013458,Level 4 and above,129,93,74,17,2,36
S01013459,All people aged 16 and over,723,422,359,35,28,301
S01013459,No qualifications,272,82,60,13,9,190
S01013459,Level 1,187,133,117,6,10,54
S01013459,Level 2,83,63,58,3,2,20
S01013459,Level 3,60,45,38,7,0,15
S01013459,Level 4 and above,121,99,86,6,7,22
S01013460,All people aged 16 and over,653,413,342,33,38,240
S01013460,No qualifications,242,101,86,5,10,141
S01013460,Level 1,188,129,103,10,16,59
S01013460,Level 2,79,61,49,6,6,18
S01013460,Level 3,59,53,42,8,3,6
S01013460,Level 4 and above,85,69,62,4,3,16
S01013461,All people aged 16 and over,829,620,534,41,45,209
S01013461,No qualifications,186,89,75,6,8,97
S01013461,Level 1,267,205,169,17,19,62
S01013461,Level 2,120,100,90,2,8,20
S01013461,Level 3,85,74,66,6,2,11
S01013461,Level 4 and above,171,152,134,10,8,19
S01013462,All people aged 16 and over,681,539,474,42,23,142
S01013462,No qualifications,123,56,43,10,3,67
S01013462,Level 1,190,154,132,13,9,36
S01013462,Level 2,124,108,100,3,5,16
S01013462,Level 3,82,77,69,6,2,5
S01013462,Level 4 and above,162,144,130,10,4,18
S01013463,All people aged 16 and over,404,308,253,20,35,96
S01013463,No qualifications,83,45,36,6,3,38
S01013463,Level 1,141,113,89,5,19,28
S01013463,Level 2,43,33,27,1,5,10
S01013463,Level 3,53,43,37,4,2,10
S01013463,Level 4 and above,84,74,64,4,6,10
S01013464,All people aged 16 and over,620,374,326,37,11,246
S01013464,No qualifications,147,37,30,5,2,110
S01013464,Level 1,168,127,110,9,8,41
S01013464,Level 2,84,59,56,3,0,25
S01013464,Level 3,52,44,39,4,1,8
S01013464,Level 4 and above,169,107,91,16,0,62
S01013465,All people aged 16 and over,587,335,290,28,17,252
S01013465,No qualifications,158,40,35,3,2,118
S01013465,Level 1,168,106,91,8,7,62
S01013465,Level 2,92,69,62,5,2,23
S01013465,Level 3,47,39,30,6,3,8
S01013465,Level 4 and above,122,81,72,6,3,41
S01013466,All people aged 16 and over,401,203,140,35,28,198
S01013466,No qualifications,49,22,9,8,5,27
S01013466,Level 1,136,62,41,7,14,74
S01013466,Level 2,70,32,21,6,5,38
S01013466,Level 3,51,27,20,4,3,24
S01013466,Level 4 and above,95,60,49,10,1,35
S01013467,All people aged 16 and over,721,519,462,44,13,202
S01013467,No qualifications,125,49,39,9,1,76
S01013467,Level 1,187,130,116,11,3,57
S01013467,Level 2,98,79,70,5,4,19
S01013467,Level 3,86,67,56,9,2,19
S01013467,Level 4 and above,225,194,181,10,3,31
S01013468,All people aged 16 and over,586,334,274,35,25,252
S01013468,No qualifications,192,43,29,9,5,149
S01013468,Level 1,121,79,60,10,9,42
S01013468,Level 2,89,73,65,5,3,16
S01013468,Level 3,46,32,23,4,5,14
S01013468,Level 4 and above,138,107,97,7,3,31
S01013469,All people aged 16 and over,645,400,340,47,13,245
S01013469,No qualifications,151,51,43,7,1,100
S01013469,Level 1,173,110,92,10,8,63
S01013469,Level 2,100,71,61,9,1,29
S01013469,Level 3,74,55,49,5,1,19
S01013469,Level 4 and above,147,113,95,16,2,34
S01013470,All people aged 16 and over,577,381,318,26,37,196
S01013470,No qualifications,195,86,66,9,11,109
S01013470,Level 1,193,149,127,7,15,44
S01013470,Level 2,66,57,44,5,8,9
S01013470,Level 3,41,34,31,2,1,7
S01013470,Level 4 and above,82,55,50,3,2,27
S01013471,All people aged 16 and over,743,502,424,33,45,241
S01013471,No qualifications,207,87,66,9,12,120
S01013471,Level 1,243,188,161,9,18,55
S01013471,Level 2,105,80,69,6,5,25
S01013471,Level 3,79,67,58,3,6,12
S01013471,Level 4 and above,109,80,70,6,4,29
S01013472,All people aged 16 and over,469,374,313,43,18,95
S01013472,No qualifications,67,30,22,5,3,37
S01013472,Level 1,135,108,83,20,5,27
S01013472,Level 2,75,61,51,4,6,14
S01013472,Level 3,48,41,39,1,1,7
S01013472,Level 4 and above,144,134,118,13,3,10
S01013473,All people aged 16 and over,469,395,343,38,14,74
S01013473,No qualifications,43,20,13,7,0,23
S01013473,Level 1,106,89,69,13,7,17
S01013473,Level 2,81,67,58,6,3,14
S01013473,Level 3,55,50,43,6,1,5
S01013473,Level 4 and above,184,169,160,6,3,15
S01013474,All people aged 16 and over,465,362,314,35,13,103
S01013474,No qualifications,80,38,34,4,0,42
S01013474,Level 1,119,94,72,16,6,25
S01013474,Level 2,80,64,56,8,0,16
S01013474,Level 3,52,47,40,3,4,5
S01013474,Level 4 and above,134,119,112,4,3,15
S01013475,All people aged 16 and over,511,348,286,37,25,163
S01013475,No qualifications,118,51,40,8,3,67
S01013475,Level 1,155,102,83,9,10,53
S01013475,Level 2,85,73,61,7,5,12
S01013475,Level 3,52,44,37,6,1,8
S01013475,Level 4 and above,101,78,65,7,6,23
S01013476,All people aged 16 and over,538,341,295,24,22,197
S01013476,No qualifications,141,52,45,5,2,89
S01013476,Level 1,163,110,91,8,11,53
S01013476,Level 2,94,77,69,2,6,17
S01013476,Level 3,33,23,20,2,1,10
S01013476,Level 4 and above,107,79,70,7,2,28
S01013477,All people aged 16 and over,512,316,257,31,28,196
S01013477,No qualifications,174,60,46,4,10,114
S01013477,Level 1,121,91,70,8,13,30
S01013477,Level 2,77,59,49,7,3,18
S01013477,Level 3,52,40,35,4,1,12
S01013477,Level 4 and above,88,66,57,8,1,22
S01013478,All people aged 16 and over,671,502,414,47,41,169
S01013478,No qualifications,137,59,48,6,5,78
S01013478,Level 1,208,163,121,20,22,45
S01013478,Level 2,118,96,84,5,7,22
S01013478,Level 3,59,53,48,2,3,6
S01013478,Level 4 and above,149,131,113,14,4,18
S01013479,All people aged 16 and over,683,407,341,27,39,276
S01013479,No qualifications,272,90,72,3,15,182
S01013479,Level 1,179,130,111,7,12,49
S01013479,Level 2,82,70,59,7,4,12
S01013479,Level 3,54,45,36,4,5,9
S01013479,Level 4 and above,96,72,63,6,3,24
S01013480,All people aged 16 and over,566,322,274,21,27,244
S01013480,No qualifications,245,86,71,7,8,159
S01013480,Level 1,157,118,98,9,11,39
S01013480,Level 2,64,41,37,1,3,23
S01013480,Level 3,36,28,23,2,3,8
S01013480,Level 4 and above,64,49,45,2,2,15
S01013481,All people aged 16 and over,393,242,196,30,16,151
S01013481,No qualifications,98,36,27,4,5,62
S01013481,Level 1,108,74,59,9,6,34
S01013481,Level 2,58,34,26,6,2,24
S01013481,Level 3,49,38,32,4,2,11
S01013481,Level 4 and above,80,60,52,7,1,20
